county,administered_date,total_doses,cumulative_total_doses,pfizer_doses,cumulative_pfizer_doses,moderna_doses,cumulative_moderna_doses,jj_doses,cumulative_jj_doses,partially_vaccinated,total_partially_vaccinated,fully_vaccinated,cumulative_fully_vaccinated,at_least_one_dose,cumulative_at_least_one_dose,california_flag
All CA Counties,2020-12-15,1128,1128,1128,1128,0,0,0,0,1128,1128,0,0,1128,1128,
All CA Counties,2020-12-16,8238,9366,8238,9366,0,0,0,0,8238,9366,0,0,8238,9366,
All CA Counties,2020-12-17,25721,35087,25721,35087,0,0,0,0,25756,35122,0,0,25756,35122,
All CA Counties,2020-12-18,43861,78948,43782,78869,79,79,0,0,43911,79032,1,1,43911,79033,
All CA Counties,2020-12-19,25315,104263,25294,104163,21,100,0,0,25314,104345,1,2,25314,104347,
All CA Counties,2020-12-20,18961,123224,18932,123095,29,129,0,0,18960,123304,1,3,18960,123307,
All CA Counties,2020-12-21,49626,172850,49543,172638,83,212,0,0,49666,172969,1,4,49666,172973,
All CA Counties,2020-12-22,49936,222786,47793,220431,2143,2355,0,0,49934,222902,1,5,49934,222907,
All CA Counties,2020-12-23,50257,273043,41572,262003,8685,11040,0,0,50253,273155,0,5,50253,273160,
All CA Counties,2020-12-24,23984,297027,16305,278308,7679,18719,0,0,23981,297135,1,6,23981,297141,
All CA Counties,2020-12-25,2326,299353,2007,280315,319,19038,0,0,2325,299459,1,7,2325,299466,
All CA Counties,2020-12-26,14588,313941,9424,289739,5164,24202,0,0,14586,314044,1,8,14586,314052,
All CA Counties,2020-12-27,9374,323315,5558,295297,3816,28018,0,0,9373,323416,1,9,9373,323425,
All CA Counties,2020-12-28,45595,368910,29243,324540,16352,44370,0,0,45592,369005,3,12,45592,369017,
All CA Counties,2020-12-29,51028,419938,28565,353105,22463,66833,0,0,51024,420026,3,15,51024,420041,
All CA Counties,2020-12-30,62878,482816,35635,388740,27243,94076,0,0,62870,482893,3,18,62870,482911,
All CA Counties,2020-12-31,29171,511987,10743,399483,18428,112504,0,0,29163,512051,5,23,29163,512074,
All CA Counties,2021-01-01,3707,515694,1626,401109,2081,114585,0,0,3704,515754,1,24,3704,515778,
All CA Counties,2021-01-02,18363,534057,10194,411303,8169,122754,0,0,18362,534116,0,24,18362,534140,
All CA Counties,2021-01-03,6093,540150,3455,414758,2638,125392,0,0,6065,540169,12,36,6065,540205,
All CA Counties,2021-01-04,43221,583371,21871,436629,21350,146742,0,0,43144,583270,43,79,43144,583349,
All CA Counties,2021-01-05,56165,639536,29610,466239,26555,173297,0,0,50659,628574,5438,5517,50742,634091,
All CA Counties,2021-01-06,72881,712417,40353,506592,32528,205825,0,0,57555,671020,15137,20654,57583,691674,
All CA Counties,2021-01-07,91579,803996,52137,558729,39442,245267,0,0,61133,701908,30285,50939,61173,752847,
All CA Counties,2021-01-08,106113,910109,64086,622815,42027,287294,0,0,64985,725950,40996,91935,65038,817885,
All CA Counties,2021-01-09,43521,953630,25006,647821,18515,305809,0,0,27448,737366,16053,107988,27469,845354,
All CA Counties,2021-01-10,24168,977798,14791,662612,9377,315186,0,0,12964,739157,11188,119176,12979,858333,
All CA Counties,2021-01-11,103906,1081704,69186,731798,34720,349906,0,0,60256,755896,43612,162788,60351,918684,
All CA Counties,2021-01-12,112361,1194065,66357,798155,46004,395910,0,0,71444,786694,40841,203629,71639,990323,
All CA Counties,2021-01-13,118249,1312314,61260,859415,56989,452899,0,0,84687,837978,33472,237101,84756,1075079,
All CA Counties,2021-01-14,122729,1435043,49244,908659,73485,526384,0,0,103252,921993,19365,256466,103380,1178459,
All CA Counties,2021-01-15,141290,1576333,51973,960632,89317,615701,0,0,126316,1033606,14869,271335,126482,1304941,
All CA Counties,2021-01-16,80324,1656657,27331,987963,52993,668694,0,0,72822,1098998,7477,278812,72869,1377810,
All CA Counties,2021-01-17,47989,1704646,16733,1004696,31256,699950,0,0,44381,1139817,3604,282416,44423,1422233,
All CA Counties,2021-01-18,87563,1792209,45532,1050228,42031,741981,0,0,68467,1189411,19020,301436,68614,1490847,
All CA Counties,2021-01-19,140693,1932902,73242,1123470,67451,809432,0,0,109668,1268457,30933,332369,109979,1600826,
All CA Counties,2021-01-20,157662,2090564,79972,1203442,77690,887122,0,0,124606,1360411,32882,365251,124836,1725662,
All CA Counties,2021-01-21,171709,2262273,75993,1279435,95716,982838,0,0,152925,1495051,18587,383838,153227,1878889,
All CA Counties,2021-01-22,168323,2430596,68620,1348055,99703,1082541,0,0,154198,1635398,14001,397839,154348,2033237,
All CA Counties,2021-01-23,110775,2541371,49287,1397342,61488,1144029,0,0,98325,1721435,12397,410236,98434,2131671,
All CA Counties,2021-01-24,60560,2601931,29257,1426599,31303,1175332,0,0,55983,1772916,4552,414788,56033,2187704,
All CA Counties,2021-01-25,143315,2745246,64648,1491247,78667,1253999,0,0,108790,1847615,34426,449214,109125,2296829,
All CA Counties,2021-01-26,166544,2911790,81663,1572910,84881,1338880,0,0,129643,1940760,36760,485974,129905,2426734,
All CA Counties,2021-01-27,177682,3089472,86852,1659762,90830,1429710,0,0,139011,2041670,38283,524257,139193,2565927,
All CA Counties,2021-01-28,185563,3275035,85159,1744921,100404,1530114,0,0,151939,2160456,33333,557590,152119,2718046,
All CA Counties,2021-01-29,181854,3456889,87474,1832395,94380,1624494,0,0,147670,2274644,33623,591213,147811,2865857,
All CA Counties,2021-01-30,122456,3579345,54750,1887145,67706,1692200,0,0,107603,2367679,14696,605909,107731,2973588,
All CA Counties,2021-01-31,68715,3648060,38479,1925624,30236,1722436,0,0,63735,2426516,4937,610846,63774,3037362,
All CA Counties,2021-02-01,157019,3805079,72042,1997666,84977,1807413,0,0,119145,2508035,37746,648592,119265,3156627,
All CA Counties,2021-02-02,183721,3988800,78558,2076224,105163,1912576,0,0,138224,2601313,45158,693750,138436,3295063,
All CA Counties,2021-02-03,208457,4197257,93808,2170032,114649,2027225,0,0,155098,2703737,52896,746646,155320,3450383,
All CA Counties,2021-02-04,225742,4422999,98857,2268889,126885,2154110,0,0,165587,2810025,59633,806279,165921,3616304,
All CA Counties,2021-02-05,244377,4667376,105823,2374712,138554,2292664,0,0,166414,2899774,77217,883496,166966,3783270,
All CA Counties,2021-02-06,154021,4821397,74343,2449055,79678,2372342,0,0,119534,2985475,34324,917820,120025,3903295,
All CA Counties,2021-02-07,65591,4886988,42256,2491311,23335,2395677,0,0,49286,3018983,16221,934041,49729,3953024,
All CA Counties,2021-02-08,178775,5065763,87568,2578879,91207,2486884,0,0,118052,3077465,60292,994333,118774,4071798,
All CA Counties,2021-02-09,208669,5274432,100879,2679758,107790,2594674,0,0,125071,3120458,83216,1077549,126209,4198007,
All CA Counties,2021-02-10,246153,5520585,118860,2798618,127293,2721967,0,0,137167,3150856,108215,1185764,138613,4336620,
All CA Counties,2021-02-11,260333,5780918,128835,2927453,131498,2853465,0,0,142760,3178775,116606,1302370,144525,4481145,
All CA Counties,2021-02-12,269615,6050533,117961,3045414,151654,3005119,0,0,145931,3204049,122981,1425351,148255,4629400,
All CA Counties,2021-02-13,165146,6215679,76033,3121447,89113,3094232,0,0,91215,3223682,73537,1498888,93170,4722570,
All CA Counties,2021-02-14,94290,6309969,46709,3168156,47581,3141813,0,0,51024,3233112,43134,1542022,52564,4775134,
All CA Counties,2021-02-15,140653,6450622,61758,3229914,78895,3220708,0,0,78117,3252122,62213,1604235,81223,4856357,
All CA Counties,2021-02-16,245554,6696176,116739,3346653,128815,3349523,0,0,131888,3273790,113344,1717579,135012,4991369,
All CA Counties,2021-02-17,254914,6951090,126736,3473389,128178,3477701,0,0,127711,3278008,126746,1844325,130964,5122333,
All CA Counties,2021-02-18,268147,7219237,139722,3613111,128425,3606126,0,0,130518,3275810,136960,1981285,134762,5257095,
All CA Counties,2021-02-19,249216,7468453,144789,3757900,104427,3710553,0,0,129817,3288760,118986,2100271,131936,5389031,
All CA Counties,2021-02-20,150019,7618472,96502,3854402,53517,3764070,0,0,83082,3307098,66734,2167005,85072,5474103,
All CA Counties,2021-02-21,70186,7688658,56532,3910934,13654,3777724,0,0,35035,3308459,34977,2201982,36338,5510441,
All CA Counties,2021-02-22,161990,7850648,108977,4019911,53013,3830737,0,0,82391,3313273,79327,2281309,84141,5594582,
All CA Counties,2021-02-23,219415,8070063,115751,4135662,103664,3934401,0,0,103063,3306430,115871,2397180,109028,5703610,
All CA Counties,2021-02-24,279368,8349431,140981,4276643,138387,4072788,0,0,135120,3305402,143707,2540887,142679,5846289,
All CA Counties,2021-02-25,313471,8662902,153938,4430581,159533,4232321,0,0,165338,3331791,147523,2688410,173912,6020201,
All CA Counties,2021-02-26,347705,9010607,162352,4592933,185353,4417674,0,0,195119,3382288,151808,2840218,202305,6222506,
All CA Counties,2021-02-27,245091,9255698,116774,4709707,128304,4545978,13,13,139096,3420288,105497,2945715,143497,6366003,
All CA Counties,2021-02-28,128470,9384168,76472,4786179,51997,4597975,1,14,76249,3447530,51934,2997649,79176,6445179,
All CA Counties,2021-03-01,234147,9618315,123906,4910085,110221,4708196,20,34,136119,3490185,97504,3095153,140159,6585338,
All CA Counties,2021-03-02,264346,9882661,129064,5039149,135272,4843468,10,44,160407,3554156,103539,3198692,167510,6752848,
All CA Counties,2021-03-03,320128,10202789,157914,5197063,162187,5005655,27,71,183607,3609213,135944,3334636,191001,6943849,
All CA Counties,2021-03-04,334111,10536900,167731,5364794,166305,5171960,75,146,197658,3678066,135879,3470515,204732,7148581,
All CA Counties,2021-03-05,323969,10860869,157508,5522302,165377,5337337,1084,1230,201990,3767147,121284,3591799,210365,7358946,
All CA Counties,2021-03-06,245599,11106468,126003,5648305,111989,5449326,7607,8837,154021,3842299,91265,3683064,166417,7525363,
All CA Counties,2021-03-07,122804,11229272,74674,5722979,44153,5493479,3977,12814,77987,3883386,44682,3727746,85769,7611132,
All CA Counties,2021-03-08,209335,11438607,100785,5823764,98455,5591934,10095,22909,136692,3962744,72363,3800109,151721,7762853,
All CA Counties,2021-03-09,258404,11697011,111328,5935092,131470,5723404,15606,38515,141906,4008304,116117,3916226,161677,7924530,
All CA Counties,2021-03-10,307122,12004133,150114,6085206,133796,5857200,23212,61727,168230,4065622,138410,4054636,195728,8120258,
All CA Counties,2021-03-11,363618,12367751,175832,6261038,156595,6013795,31191,92918,189906,4118092,172968,4227604,225438,8345696,
All CA Counties,2021-03-12,382693,12750444,170583,6431621,166914,6180709,45196,138114,187262,4159824,194810,4422414,236542,8582238,
All CA Counties,2021-03-13,273194,13023638,120124,6551745,122650,6303359,30420,168534,147839,4217386,125010,4547424,182572,8764810,
All CA Counties,2021-03-14,150689,13174327,80931,6632676,55027,6358386,14731,183265,81256,4246475,69221,4616645,98310,8863120,
All CA Counties,2021-03-15,285051,13459378,135674,6768350,129132,6487518,20245,203510,157450,4300611,127038,4743683,181174,9044294,
All CA Counties,2021-03-16,363724,13823102,171071,6939421,175669,6663187,16984,220494,215157,4388078,147969,4891652,235436,9279730,
All CA Counties,2021-03-17,374546,14197648,186763,7126184,169932,6833119,17851,238345,233114,4500878,140820,5032472,253620,9533350,
All CA Counties,2021-03-18,387569,14585217,198730,7324914,171281,7004400,17558,255903,234968,4603945,151718,5184190,254785,9788135,
All CA Counties,2021-03-19,398283,14983500,208927,7533841,168189,7172589,21167,277070,234209,4698170,163289,5347479,257514,10045649,
All CA Counties,2021-03-20,286754,15270254,150482,7684323,121077,7293666,15195,292265,185321,4799273,100888,5448367,201991,10247640,
All CA Counties,2021-03-21,140545,15410799,96816,7781139,36361,7330027,7368,299633,91735,4851238,48584,5496951,100549,10348189,
All CA Counties,2021-03-22,266105,15676904,155553,7936692,99766,7429793,10786,310419,178262,4956066,87299,5584250,192127,10540316,
All CA Counties,2021-03-23,348257,16025161,191680,8128372,146062,7575855,10515,320934,228642,5078974,118903,5703153,241811,10782127,
All CA Counties,2021-03-24,377438,16402599,217381,8345753,148363,7724218,11694,332628,226905,5170127,149645,5852798,240798,11022925,
All CA Counties,2021-03-25,401979,16804578,221912,8567665,166588,7890806,13479,346107,234763,5254405,166189,6018987,250467,11273392,
All CA Counties,2021-03-26,420032,17224610,224056,8791721,180378,8071184,15598,361705,234771,5323630,184301,6203288,253526,11526918,
All CA Counties,2021-03-27,301847,17526457,160106,8951827,130685,8201869,11056,372761,155263,5346279,145948,6349236,168597,11695515,
All CA Counties,2021-03-28,164933,17691390,105572,9057399,55739,8257608,3622,376383,90669,5368484,73984,6423220,96189,11791704,
All CA Counties,2021-03-29,300343,17991733,162681,9220080,129393,8387001,8269,384652,174864,5429354,124892,6548112,185762,11977466,
All CA Counties,2021-03-30,387602,18379335,196466,9416546,174876,8561877,16260,400912,240989,5542420,146053,6694165,259119,12236585,
All CA Counties,2021-03-31,412766,18792101,225464,9642010,166898,8728775,20404,421316,241071,5634033,170958,6865123,262571,12499156,
All CA Counties,2021-04-01,469995,19262096,240078,9882088,192399,8921174,37518,458834,266912,5737579,202268,7067391,305814,12804970,
All CA Counties,2021-04-02,451346,19713442,220075,10102163,190959,9112133,40312,499146,250864,5831003,199498,7266889,292922,13097892,
All CA Counties,2021-04-03,315505,20028947,158967,10261130,117566,9229699,38972,538118,161817,5879836,153194,7420083,202027,13299919,
All CA Counties,2021-04-04,127117,20156064,65892,10327022,43598,9273297,17627,555745,56330,5883342,70618,7490701,74124,13374043,
All CA Counties,2021-04-05,337036,20493100,173612,10500634,125902,9399199,37522,593267,170157,5927116,166423,7657124,210197,13584240,
All CA Counties,2021-04-06,438342,20931442,223038,10723672,153312,9552511,61992,655259,216031,5985606,221585,7878709,280075,13864315,
All CA Counties,2021-04-07,447133,21378575,231888,10955560,150129,9702640,65116,720375,220800,6047074,225592,8104301,287060,14151375,
All CA Counties,2021-04-08,457274,21835849,233473,11189033,148399,9851039,75402,795777,219346,6106809,237086,8341387,296821,14448196,
All CA Counties,2021-04-09,340931,22176780,165292,11354325,130244,9981283,45395,841172,162286,6139451,178047,8519434,210689,14658885,
All CA Counties,2021-04-10,159167,22335947,58842,11413167,70377,10051660,29948,871120,70185,6150959,88745,8608179,100253,14759138,
All CA and Non-CA Counties,2020-12-15,1135,1135,1135,1135,0,0,0,0,1135,1135,0,0,1135,1135,
All CA and Non-CA Counties,2020-12-16,8370,9505,8370,9505,0,0,0,0,8370,9505,0,0,8370,9505,
All CA and Non-CA Counties,2020-12-17,27288,36793,27288,36793,0,0,0,0,27288,36793,0,0,27288,36793,
All CA and Non-CA Counties,2020-12-18,46278,83071,46195,82988,83,83,0,0,46277,83069,1,1,46277,83070,
All CA and Non-CA Counties,2020-12-19,26296,109367,26274,109262,22,105,0,0,26295,109363,1,2,26295,109365,
All CA and Non-CA Counties,2020-12-20,19603,128970,19573,128835,30,135,0,0,19602,128964,1,3,19602,128967,
All CA and Non-CA Counties,2020-12-21,51732,180702,51648,180483,84,219,0,0,51730,180693,1,4,51730,180697,
All CA and Non-CA Counties,2020-12-22,51861,232563,49684,230167,2177,2396,0,0,51859,232551,1,5,51859,232556,
All CA and Non-CA Counties,2020-12-23,51680,284243,42878,273045,8802,11198,0,0,51676,284227,0,5,51676,284232,
All CA and Non-CA Counties,2020-12-24,24786,309029,16915,289960,7871,19069,0,0,24783,309009,1,6,24783,309015,
All CA and Non-CA Counties,2020-12-25,2358,311387,2035,291995,323,19392,0,0,2357,311365,1,7,2357,311372,
All CA and Non-CA Counties,2020-12-26,14896,326283,9628,301623,5268,24660,0,0,14894,326258,1,8,14894,326266,
All CA and Non-CA Counties,2020-12-27,9560,335843,5629,307252,3931,28591,0,0,9559,335816,1,9,9559,335825,
All CA and Non-CA Counties,2020-12-28,46990,382833,30124,337376,16866,45457,0,0,46987,382800,3,12,46987,382812,
All CA and Non-CA Counties,2020-12-29,52482,435315,29494,366870,22988,68445,0,0,52478,435275,3,15,52478,435290,
All CA and Non-CA Counties,2020-12-30,64782,500097,36885,403755,27897,96342,0,0,64775,500047,3,18,64775,500065,
All CA and Non-CA Counties,2020-12-31,30240,530337,11328,415083,18912,115254,0,0,30231,530273,5,23,30231,530296,
All CA and Non-CA Counties,2021-01-01,3817,534154,1648,416731,2169,117423,0,0,3814,534086,1,24,3814,534110,
All CA and Non-CA Counties,2021-01-02,18603,552757,10326,427057,8277,125700,0,0,18601,552686,1,25,18601,552711,
All CA and Non-CA Counties,2021-01-03,6265,559022,3547,430604,2718,128418,0,0,6237,558911,12,37,6237,558948,
All CA and Non-CA Counties,2021-01-04,44348,603370,22377,452981,21971,150389,0,0,44265,603133,43,80,44265,603213,
All CA and Non-CA Counties,2021-01-05,57606,660976,30360,483341,27246,177635,0,0,51964,649608,5572,5652,52047,655260,
All CA and Non-CA Counties,2021-01-06,75464,736440,41880,525221,33584,211219,0,0,59468,693291,15813,21465,59496,714756,
All CA and Non-CA Counties,2021-01-07,95734,832174,54710,579931,41024,252243,0,0,63661,725083,31911,53376,63703,778459,
All CA and Non-CA Counties,2021-01-08,110382,942556,66785,646716,43597,295840,0,0,67517,749932,42724,96100,67573,846032,
All CA and Non-CA Counties,2021-01-09,44851,987407,25539,672255,19312,315152,0,0,28450,762025,16380,112480,28473,874505,
All CA and Non-CA Counties,2021-01-10,24469,1011876,14969,687224,9500,324652,0,0,13146,763879,11307,123787,13161,887666,
All CA and Non-CA Counties,2021-01-11,107159,1119035,71167,758391,35992,360644,0,0,62190,781233,44931,168718,62285,949951,
All CA and Non-CA Counties,2021-01-12,116135,1235170,68615,827006,47520,408164,0,0,73737,812851,42316,211034,73934,1023885,
All CA and Non-CA Counties,2021-01-13,121760,1356930,62994,890000,58766,466930,0,0,87107,865458,34570,245604,87177,1111062,
All CA and Non-CA Counties,2021-01-14,126367,1483297,50490,940490,75877,542807,0,0,106276,951885,19977,265581,106404,1217466,
All CA and Non-CA Counties,2021-01-15,145288,1628585,52892,993382,92396,635203,0,0,129882,1066636,15298,280879,130049,1347515,
All CA and Non-CA Counties,2021-01-16,82860,1711445,27691,1021073,55169,690372,0,0,75184,1134219,7648,288527,75231,1422746,
All CA and Non-CA Counties,2021-01-17,48438,1759883,16880,1037953,31558,721930,0,0,44780,1175388,3653,292180,44822,1467568,
All CA and Non-CA Counties,2021-01-18,88703,1848586,46321,1084274,42382,764312,0,0,69150,1225210,19476,311656,69298,1536866,
All CA and Non-CA Counties,2021-01-19,144680,1993266,74559,1158833,70121,834433,0,0,112810,1306555,31778,343434,113123,1649989,
All CA and Non-CA Counties,2021-01-20,162025,2155291,81387,1240220,80638,915071,0,0,128040,1401018,33808,377242,128271,1778260,
All CA and Non-CA Counties,2021-01-21,175691,2330982,77033,1317253,98658,1013729,0,0,156392,1538623,19089,396331,156694,1934954,
All CA and Non-CA Counties,2021-01-22,172743,2503725,69648,1386901,103095,1116824,0,0,158223,1682607,14390,410721,158374,2093328,
All CA and Non-CA Counties,2021-01-23,112996,2616721,49623,1436524,63373,1180197,0,0,100379,1770533,12562,423283,100488,2193816,
All CA and Non-CA Counties,2021-01-24,61256,2677977,29596,1466120,31660,1211857,0,0,56601,1822553,4631,427914,56651,2250467,
All CA and Non-CA Counties,2021-01-25,147663,2825640,66585,1532705,81078,1292935,0,0,112303,1899917,35275,463189,112639,2363106,
All CA and Non-CA Counties,2021-01-26,172752,2998392,84877,1617582,87875,1380810,0,0,135064,1997682,37569,500758,135334,2498440,
All CA and Non-CA Counties,2021-01-27,182648,3181040,89814,1707396,92834,1473644,0,0,143435,2102454,38846,539604,143618,2642058,
All CA and Non-CA Counties,2021-01-28,190880,3371920,88264,1795660,102616,1576260,0,0,156776,2225578,33832,573436,156956,2799014,
All CA and Non-CA Counties,2021-01-29,186610,3558530,90553,1886213,96057,1672317,0,0,151721,2343101,34340,607776,151863,2950877,
All CA and Non-CA Counties,2021-01-30,126734,3685264,57249,1943462,69485,1741802,0,0,111664,2439975,14918,622694,111792,3062669,
All CA and Non-CA Counties,2021-01-31,72249,3757513,41605,1985067,30644,1772446,0,0,67217,2502242,4989,627683,67256,3129925,
All CA and Non-CA Counties,2021-02-01,162846,3920359,75000,2060067,87846,1860292,0,0,124318,2588277,38403,666086,124438,3254363,
All CA and Non-CA Counties,2021-02-02,191074,4111433,81333,2141400,109741,1970033,0,0,144878,2687518,45849,711935,145090,3399453,
All CA and Non-CA Counties,2021-02-03,216532,4327965,96622,2238022,119910,2089943,0,0,162356,2796394,53703,765638,162579,3562032,
All CA and Non-CA Counties,2021-02-04,233205,4561170,101650,2339672,131555,2221498,0,0,172103,2908264,60567,826205,172437,3734469,
All CA and Non-CA Counties,2021-02-05,251097,4812267,107975,2447647,143122,2364620,0,0,172150,3002758,78208,904413,172702,3907171,
All CA and Non-CA Counties,2021-02-06,158526,4970793,76662,2524309,81864,2446484,0,0,123607,3092111,34750,939163,124103,4031274,
All CA and Non-CA Counties,2021-02-07,68551,5039344,44667,2568976,23884,2470368,0,0,52167,3128423,16300,955463,52612,4083886,
All CA and Non-CA Counties,2021-02-08,184575,5223919,91344,2660320,93231,2563599,0,0,122784,3190585,61344,1016807,123506,4207392,
All CA and Non-CA Counties,2021-02-09,213434,5437353,103173,2763493,110261,2673860,0,0,128527,3235756,84510,1101317,129681,4337073,
All CA and Non-CA Counties,2021-02-10,252049,5689402,121052,2884545,130997,2804857,0,0,140693,3267362,110577,1211894,142183,4479256,
All CA and Non-CA Counties,2021-02-11,265177,5954579,130979,3015524,134198,2939055,0,0,146448,3297839,117754,1329648,148231,4627487,
All CA and Non-CA Counties,2021-02-12,274301,6228880,119615,3135139,154686,3093741,0,0,148999,3324569,124597,1454245,151327,4778814,
All CA and Non-CA Counties,2021-02-13,167379,6396259,76648,3211787,90731,3184472,0,0,93017,3345582,73969,1528214,94982,4873796,
All CA and Non-CA Counties,2021-02-14,95713,6491972,47172,3258959,48541,3233013,0,0,52175,3355928,43401,1571615,53747,4927543,
All CA and Non-CA Counties,2021-02-15,143161,6635133,63312,3322271,79849,3312862,0,0,79283,3374816,63537,1635152,82425,5009968,
All CA and Non-CA Counties,2021-02-16,251885,6887018,119665,3441936,132220,3445082,0,0,134423,3395244,117132,1752284,137560,5147528,
All CA and Non-CA Counties,2021-02-17,260572,7147590,129534,3571470,131038,3576120,0,0,129384,3397164,130724,1883008,132644,5280172,
All CA and Non-CA Counties,2021-02-18,274220,7421810,143298,3714768,130922,3707042,0,0,132346,3392563,141194,2024202,136593,5416765,
All CA and Non-CA Counties,2021-02-19,254391,7676201,148419,3863187,105972,3813014,0,0,131747,3404203,122227,2146429,133867,5550632,
All CA and Non-CA Counties,2021-02-20,153137,7829338,99120,3962307,54017,3867031,0,0,84179,3421624,68750,2215179,86171,5636803,
All CA and Non-CA Counties,2021-02-21,71998,7901336,58138,4020445,13860,3880891,0,0,35655,3422417,36165,2251344,36958,5673761,
All CA and Non-CA Counties,2021-02-22,164706,8066042,110875,4131320,53831,3934722,0,0,83351,3426440,81082,2332426,85105,5758866,
All CA and Non-CA Counties,2021-02-23,224467,8290509,118295,4249615,106172,4040894,0,0,104631,3417694,119350,2451776,110604,5869470,
All CA and Non-CA Counties,2021-02-24,284560,8575069,143540,4393155,141020,4181914,0,0,136597,3414437,147417,2599193,144160,6013630,
All CA and Non-CA Counties,2021-02-25,319245,8894314,156488,4549643,162757,4344671,0,0,167433,3439267,151182,2750375,176012,6189642,
All CA and Non-CA Counties,2021-02-26,353589,9247903,165298,4714941,188291,4532962,0,0,197529,3488782,155201,2905576,204716,6394358,
All CA and Non-CA Counties,2021-02-27,249582,9497485,119018,4833959,130550,4663512,14,14,140322,3524756,108752,3014328,144726,6539084,
All CA and Non-CA Counties,2021-02-28,131099,9628584,78487,4912446,52611,4716123,1,15,77255,3551386,53553,3067881,80183,6619267,
All CA and Non-CA Counties,2021-03-01,238631,9867215,126867,5039313,111744,4827867,20,35,137253,3591845,100847,3168728,141306,6760573,
All CA and Non-CA Counties,2021-03-02,270266,10137481,131001,5170314,139255,4967122,10,45,162042,3653253,107827,3276555,169235,6929808,
All CA and Non-CA Counties,2021-03-03,326940,10464421,160136,5330450,166776,5133898,28,73,185406,3705101,140963,3417518,192811,7122619,
All CA and Non-CA Counties,2021-03-04,340076,10804497,170029,5500479,169971,5303869,76,149,199459,3771645,140007,3557525,206551,7329170,
All CA and Non-CA Counties,2021-03-05,328172,11132669,159299,5659778,167778,5471647,1095,1244,204065,3860675,123429,3680954,212459,7541629,
All CA and Non-CA Counties,2021-03-06,249588,11382257,127666,5787444,114163,5585810,7759,9003,155901,3935837,93363,3774317,168525,7710154,
All CA and Non-CA Counties,2021-03-07,124333,11506590,75659,5863103,44644,5630454,4030,13033,78880,3977253,45316,3819633,86732,7796886,
All CA and Non-CA Counties,2021-03-08,211975,11718565,102328,5965431,99303,5729757,10344,23377,138548,4057964,73116,3892749,153827,7950713,
All CA and Non-CA Counties,2021-03-09,262283,11980848,113164,6078595,133199,5862956,15920,39297,144075,4104318,117825,4010574,164179,8114892,
All CA and Non-CA Counties,2021-03-10,310623,12291471,151509,6230104,135413,5998369,23701,62998,170211,4162606,139917,4150491,198205,8313097,
All CA and Non-CA Counties,2021-03-11,369103,12660574,178497,6408601,158735,6157104,31871,94869,192776,4216017,175582,4326073,228993,8542090,
All CA and Non-CA Counties,2021-03-12,388002,13048576,173481,6582082,168622,6325726,45899,140768,190164,4258957,197208,4523281,240148,8782238,
All CA and Non-CA Counties,2021-03-13,276564,13325140,121985,6704067,123691,6449417,30888,171656,150084,4318115,126128,4649409,185286,8967524,
All CA and Non-CA Counties,2021-03-14,152580,13477720,81848,6785915,55668,6505085,15064,186720,82383,4347907,69985,4719394,99777,9067301,
All CA and Non-CA Counties,2021-03-15,288197,13765917,137041,6922956,130523,6635608,20633,207353,159307,4403006,128325,4847719,183424,9250725,
All CA and Non-CA Counties,2021-03-16,369847,14135764,174169,7097125,178350,6813958,17328,224681,218695,4491772,150551,4998270,239317,9490042,
All CA and Non-CA Counties,2021-03-17,380935,14516699,190265,7287390,172473,6986431,18197,242878,237024,4606352,143298,5141568,257878,9747920,
All CA and Non-CA Counties,2021-03-18,394226,14910925,202410,7489800,173745,7160176,18071,260949,239091,4711568,154242,5295810,259458,10007378,
All CA and Non-CA Counties,2021-03-19,403993,15314918,212133,7701933,170161,7330337,21699,282648,237757,4807716,165450,5461260,261598,10268976,
All CA and Non-CA Counties,2021-03-20,290487,15605405,153013,7854946,122201,7452538,15273,297921,188350,4911227,101587,5562847,205098,10474074,
All CA and Non-CA Counties,2021-03-21,142276,15747681,98007,7952953,36812,7489350,7457,305378,93078,4964238,48971,5611818,101982,10576056,
All CA and Non-CA Counties,2021-03-22,268791,16016472,157039,8109992,100893,7590243,10859,316237,180037,5070009,88204,5700022,193975,10770031,
All CA and Non-CA Counties,2021-03-23,353768,16370240,194345,8304337,148640,7738883,10783,327020,232500,5195401,120545,5820567,245937,11015968,
All CA and Non-CA Counties,2021-03-24,383734,16753974,220342,8524679,151283,7890166,12109,339129,231700,5290266,151140,5971707,246005,11261973,
All CA and Non-CA Counties,2021-03-25,409157,17163131,224924,8749603,170274,8060440,13959,353088,240315,5378961,167805,6139512,256500,11518473,
All CA and Non-CA Counties,2021-03-26,426011,17589142,227152,8976755,183088,8243528,15771,368859,239013,5450876,186026,6325538,257941,11776414,
All CA and Non-CA Counties,2021-03-27,306040,17895182,162566,9139321,132378,8375906,11096,379955,158210,5475271,147186,6472724,171581,11947995,
All CA and Non-CA Counties,2021-03-28,167455,18062637,106828,9246149,56931,8432837,3696,383651,92326,5498348,74843,6547567,97920,12045915,
All CA and Non-CA Counties,2021-03-29,304776,18367413,164611,9410760,131641,8564478,8524,392175,177618,5560551,126569,6674136,188772,12234687,
All CA and Non-CA Counties,2021-03-30,393611,18761024,199502,9610262,177322,8741800,16787,408962,244752,5675681,148288,6822424,263418,12498105,
All CA and Non-CA Counties,2021-03-31,418045,19179069,228445,9838707,168470,8910270,21130,430092,244242,5769085,173063,6995487,266467,12764572,
All CA and Non-CA Counties,2021-04-01,476117,19655186,243496,10082203,194480,9104750,38141,468233,270562,5874436,204735,7200222,310086,13074658,
All CA and Non-CA Counties,2021-04-02,458619,20113805,224016,10306219,193337,9298087,41266,509499,254908,5969636,202722,7402944,297922,13372580,
All CA and Non-CA Counties,2021-04-03,321203,20435008,162285,10468504,118792,9416879,40126,549625,164828,6019953,155875,7558819,206192,13578772,
All CA and Non-CA Counties,2021-04-04,128715,20563723,66696,10535200,44166,9461045,17853,567478,57209,6023847,71335,7630154,75229,13654001,
All CA and Non-CA Counties,2021-04-05,340714,20904437,175505,10710705,127143,9588188,38066,605544,172004,6068186,168250,7798404,212589,13866590,
All CA and Non-CA Counties,2021-04-06,444840,21349277,226263,10936968,155099,9743287,63478,669022,218835,6127279,225266,8023670,284359,14150949,
All CA and Non-CA Counties,2021-04-07,454956,21804233,235899,11172867,152093,9895380,66964,735986,224257,6189689,229946,8253616,292356,14443305,
All CA and Non-CA Counties,2021-04-08,465212,22269445,237479,11410346,150315,10045695,77418,813404,222889,6250592,241469,8495085,302372,14745677,
All CA and Non-CA Counties,2021-04-09,346356,22615801,167912,11578258,131556,10177251,46888,860292,164530,6283798,181224,8676309,214430,14960107,
All CA and Non-CA Counties,2021-04-10,162092,22777893,60020,11638278,70953,10248204,31119,891411,70838,6294860,91012,8767321,102074,15062181,
Outside California,2020-12-15,7,7,7,7,0,0,0,0,7,7,0,0,7,7,Not in California
Outside California,2020-12-16,132,139,132,139,0,0,0,0,132,139,0,0,132,139,Not in California
Outside California,2020-12-17,1531,1670,1531,1670,0,0,0,0,1531,1670,0,0,1531,1670,Not in California
Outside California,2020-12-18,2365,4035,2361,4031,4,4,0,0,2364,4034,0,0,2364,4034,Not in California
Outside California,2020-12-19,981,5016,980,5011,1,5,0,0,981,5015,0,0,981,5015,Not in California
Outside California,2020-12-20,642,5658,641,5652,1,6,0,0,642,5657,0,0,642,5657,Not in California
Outside California,2020-12-21,2065,7723,2064,7716,1,7,0,0,2064,7721,0,0,2064,7721,Not in California
Outside California,2020-12-22,1925,9648,1891,9607,34,41,0,0,1925,9646,0,0,1925,9646,Not in California
Outside California,2020-12-23,1423,11071,1306,10913,117,158,0,0,1423,11069,0,0,1423,11069,Not in California
Outside California,2020-12-24,802,11873,610,11523,192,350,0,0,802,11871,0,0,802,11871,Not in California
Outside California,2020-12-25,32,11905,28,11551,4,354,0,0,32,11903,0,0,32,11903,Not in California
Outside California,2020-12-26,307,12212,203,11754,104,458,0,0,307,12210,0,0,307,12210,Not in California
Outside California,2020-12-27,186,12398,71,11825,115,573,0,0,186,12396,0,0,186,12396,Not in California
Outside California,2020-12-28,1391,13789,877,12702,514,1087,0,0,1391,13787,0,0,1391,13787,Not in California
Outside California,2020-12-29,1451,15240,926,13628,525,1612,0,0,1451,15238,0,0,1451,15238,Not in California
Outside California,2020-12-30,1849,17089,1195,14823,654,2266,0,0,1850,17088,0,0,1850,17088,Not in California
Outside California,2020-12-31,1067,18156,585,15408,482,2748,0,0,1068,18156,0,0,1068,18156,Not in California
Outside California,2021-01-01,110,18266,22,15430,88,2836,0,0,110,18266,0,0,110,18266,Not in California
Outside California,2021-01-02,239,18505,132,15562,107,2943,0,0,238,18503,1,1,238,18504,Not in California
Outside California,2021-01-03,172,18677,92,15654,80,3023,0,0,172,18675,0,1,172,18676,Not in California
Outside California,2021-01-04,1124,19801,503,16157,621,3644,0,0,1119,19794,0,1,1119,19795,Not in California
Outside California,2021-01-05,1439,21240,750,16907,689,4333,0,0,1303,20963,134,135,1303,21098,Not in California
Outside California,2021-01-06,2578,23818,1523,18430,1055,5388,0,0,1909,22196,676,811,1909,23007,Not in California
Outside California,2021-01-07,4085,27903,2504,20934,1581,6969,0,0,2458,23030,1626,2437,2460,25467,Not in California
Outside California,2021-01-08,4269,32172,2699,23633,1570,8539,0,0,2531,23836,1728,4165,2534,28001,Not in California
Outside California,2021-01-09,1328,33500,531,24164,797,9336,0,0,999,24510,327,4492,1001,29002,Not in California
Outside California,2021-01-10,301,33801,178,24342,123,9459,0,0,182,24573,119,4611,182,29184,Not in California
Outside California,2021-01-11,3234,37035,1962,26304,1272,10731,0,0,1916,25170,1319,5930,1916,31100,Not in California
Outside California,2021-01-12,3764,40799,2249,28553,1515,12246,0,0,2285,25982,1474,7404,2286,33386,Not in California
Outside California,2021-01-13,3500,44299,1723,30276,1777,14023,0,0,2407,27292,1098,8502,2408,35794,Not in California
Outside California,2021-01-14,3635,47934,1243,31519,2392,16415,0,0,3021,29701,612,9114,3021,38815,Not in California
Outside California,2021-01-15,3994,51928,916,32435,3078,19493,0,0,3561,32834,429,9543,3562,42377,Not in California
Outside California,2021-01-16,2529,54457,353,32788,2176,21669,0,0,2356,35020,170,9713,2356,44733,Not in California
Outside California,2021-01-17,446,54903,144,32932,302,21971,0,0,396,35367,49,9762,396,45129,Not in California
Outside California,2021-01-18,1083,55986,732,33664,351,22322,0,0,628,35542,454,10216,629,45758,Not in California
Outside California,2021-01-19,3962,59948,1292,34956,2670,24992,0,0,3119,37819,844,11060,3121,48879,Not in California
Outside California,2021-01-20,4284,64232,1336,36292,2948,27940,0,0,3407,40353,874,11934,3408,52287,Not in California
Outside California,2021-01-21,3922,68154,982,37274,2940,30880,0,0,3405,43256,502,12436,3405,55692,Not in California
Outside California,2021-01-22,4379,72533,993,38267,3386,34266,0,0,3985,46853,389,12825,3986,59678,Not in California
Outside California,2021-01-23,2208,74741,329,38596,1879,36145,0,0,2042,48730,165,12990,2042,61720,Not in California
Outside California,2021-01-24,694,75435,337,38933,357,36502,0,0,615,49266,79,13069,615,62335,Not in California
Outside California,2021-01-25,4328,79763,1919,40852,2409,38911,0,0,3496,51917,846,13915,3497,65832,Not in California
Outside California,2021-01-26,6113,85876,3119,43971,2994,41905,0,0,5323,56439,809,14724,5331,71163,Not in California
Outside California,2021-01-27,4949,90825,2945,46916,2004,43909,0,0,4408,60286,562,15286,4409,75572,Not in California
Outside California,2021-01-28,5163,95988,2953,49869,2210,46119,0,0,4739,64585,440,15726,4739,80311,Not in California
Outside California,2021-01-29,4608,100596,2931,52800,1677,47796,0,0,3898,67768,716,16442,3899,84210,Not in California
Outside California,2021-01-30,4268,104864,2491,55291,1777,49573,0,0,4048,71595,221,16663,4048,88258,Not in California
Outside California,2021-01-31,3517,108381,3109,58400,408,49981,0,0,3465,75009,51,16714,3465,91723,Not in California
Outside California,2021-02-01,5790,114171,2923,61323,2867,52848,0,0,5151,79520,640,17354,5151,96874,Not in California
Outside California,2021-02-02,7283,121454,2707,64030,4576,57424,0,0,6591,85426,685,18039,6591,103465,Not in California
Outside California,2021-02-03,8027,129481,2767,66797,5260,62684,0,0,7222,91853,796,18835,7223,110688,Not in California
Outside California,2021-02-04,7402,136883,2736,69533,4666,67350,0,0,6459,97382,930,19765,6459,117147,Not in California
Outside California,2021-02-05,6704,143587,2141,71674,4563,71913,0,0,5722,102118,986,20751,5722,122869,Not in California
Outside California,2021-02-06,4488,148075,2305,73979,2183,74096,0,0,4059,105760,420,21171,4062,126931,Not in California
Outside California,2021-02-07,2952,151027,2403,76382,549,74645,0,0,2875,108560,77,21248,2877,129808,Not in California
Outside California,2021-02-08,5745,156772,3724,80106,2021,76666,0,0,4719,112269,1010,22258,4719,134527,Not in California
Outside California,2021-02-09,4743,161515,2272,82378,2471,79137,0,0,3451,114459,1277,23535,3467,137994,Not in California
Outside California,2021-02-10,5859,167374,2160,84538,3699,82836,0,0,3515,115682,2336,25871,3559,141553,Not in California
Outside California,2021-02-11,4751,172125,2052,86590,2699,85535,0,0,3645,118248,1097,26968,3663,145216,Not in California
Outside California,2021-02-12,4639,176764,1616,88206,3023,88558,0,0,3049,119718,1583,28551,3053,148269,Not in California
Outside California,2021-02-13,2219,178983,612,88818,1607,90165,0,0,1786,121083,431,28982,1796,150065,Not in California
Outside California,2021-02-14,1415,180398,462,89280,953,91118,0,0,1145,121994,266,29248,1177,151242,Not in California
Outside California,2021-02-15,2466,182864,1518,90798,948,92066,0,0,1137,121854,1313,30561,1173,152415,Not in California
Outside California,2021-02-16,6226,189090,2830,93628,3396,95462,0,0,2504,120657,3714,34275,2517,154932,Not in California
Outside California,2021-02-17,5648,194738,2790,96418,2858,98320,0,0,1667,118358,3973,38248,1674,156606,Not in California
Outside California,2021-02-18,5967,200705,3475,99893,2492,100812,0,0,1809,116023,4147,42395,1812,158418,Not in California
Outside California,2021-02-19,4976,205681,3436,103329,1540,102352,0,0,1871,114793,3102,45497,1872,160290,Not in California
Outside California,2021-02-20,3106,208787,2613,105942,493,102845,0,0,1092,113876,2011,47508,1094,161384,Not in California
Outside California,2021-02-21,1789,210576,1583,107525,206,103051,0,0,612,113315,1173,48681,612,161996,Not in California
Outside California,2021-02-22,2704,213280,1886,109411,818,103869,0,0,953,112522,1750,50431,957,162953,Not in California
Outside California,2021-02-23,4990,218270,2494,111905,2496,106365,0,0,1553,110651,3432,53863,1561,164514,Not in California
Outside California,2021-02-24,5148,223418,2523,114428,2625,108990,0,0,1463,108438,3680,57543,1467,165981,Not in California
Outside California,2021-02-25,5700,229118,2490,116918,3210,112200,0,0,2069,106901,3611,61154,2074,168055,Not in California
Outside California,2021-02-26,5842,234960,2920,119838,2922,115122,0,0,2383,105905,3380,64534,2384,170439,Not in California
Outside California,2021-02-27,4464,239424,2231,122069,2232,117354,1,1,1206,103867,3247,67781,1209,171648,Not in California
Outside California,2021-02-28,2612,242036,2002,124071,610,117964,0,1,996,103250,1614,69395,997,172645,Not in California
Outside California,2021-03-01,4441,246477,2936,127007,1505,119469,0,1,1110,101049,3324,72719,1123,173768,Not in California
Outside California,2021-03-02,5903,252380,1931,128938,3972,123441,0,1,1626,98483,4282,77001,1716,175484,Not in California
Outside California,2021-03-03,6794,259174,2213,131151,4580,128021,1,2,1786,95266,5014,82015,1797,177281,Not in California
Outside California,2021-03-04,5910,265084,2247,133398,3662,131683,1,3,1777,92964,4097,86112,1795,179076,Not in California
Outside California,2021-03-05,4175,269259,1778,135176,2386,134069,11,14,2041,92885,2139,88251,2060,181136,Not in California
Outside California,2021-03-06,3958,273217,1653,136829,2155,136224,150,164,1858,92880,2089,90340,2084,183220,Not in California
Outside California,2021-03-07,1520,274737,984,137813,483,136707,53,217,888,93207,631,90971,958,184178,Not in California
Outside California,2021-03-08,2606,277343,1519,139332,840,137547,247,464,1847,94575,727,91698,2095,186273,Not in California
Outside California,2021-03-09,3840,281183,1804,141136,1726,139273,310,774,2157,95383,1678,93376,2486,188759,Not in California
Outside California,2021-03-10,3492,284675,1389,142525,1616,140889,487,1261,1976,96351,1502,94878,2470,191229,Not in California
Outside California,2021-03-11,5445,290120,2652,145177,2130,143019,663,1924,2853,97282,2590,97468,3521,194750,Not in California
Outside California,2021-03-12,5212,295332,2842,148019,1683,144702,687,2611,2875,98517,2328,99796,3563,198313,Not in California
Outside California,2021-03-13,3323,298655,1857,149876,1006,145708,460,3071,2219,100098,1099,100895,2680,200993,Not in California
Outside California,2021-03-14,1828,300483,898,150774,602,146310,328,3399,1082,100769,746,101641,1417,202410,Not in California
Outside California,2021-03-15,3116,303599,1355,152129,1375,147685,386,3785,1838,101724,1274,102915,2229,204639,Not in California
Outside California,2021-03-16,6063,309662,3077,155206,2645,150330,341,4126,3497,102997,2564,105479,3837,208476,Not in California
Outside California,2021-03-17,6344,316006,3490,158696,2509,152839,345,4471,3868,104738,2474,107953,4215,212691,Not in California
Outside California,2021-03-18,6612,322618,3658,162354,2441,155280,513,4984,4093,106870,2511,110464,4643,217334,Not in California
Outside California,2021-03-19,5681,328299,3185,165539,1964,157244,532,5516,3529,108785,2150,112614,4065,221399,Not in California
Outside California,2021-03-20,3705,332004,2518,168057,1109,158353,78,5594,3012,111187,688,113302,3090,224489,Not in California
Outside California,2021-03-21,1710,333714,1175,169232,446,158799,89,5683,1325,112218,384,113686,1415,225904,Not in California
Outside California,2021-03-22,2657,336371,1470,170702,1115,159914,72,5755,1758,113155,893,114579,1830,227734,Not in California
Outside California,2021-03-23,5486,341857,2655,173357,2568,162482,263,6018,3844,115631,1631,116210,4107,231841,Not in California
Outside California,2021-03-24,6272,348129,2954,176311,2903,165385,415,6433,4776,119329,1490,117700,5188,237029,Not in California
Outside California,2021-03-25,7134,355263,2982,179293,3672,169057,480,6913,5521,123728,1603,119303,6002,243031,Not in California
Outside California,2021-03-26,5943,361206,3079,182372,2696,171753,168,7081,4222,126409,1709,121012,4390,247421,Not in California
Outside California,2021-03-27,4158,365364,2450,184822,1668,173421,40,7121,2930,128156,1220,122232,2967,250388,Not in California
Outside California,2021-03-28,2506,367870,1248,186070,1184,174605,74,7195,1645,129020,855,123087,1719,252107,Not in California
Outside California,2021-03-29,4383,372253,1900,187970,2228,176833,255,7450,2717,130329,1664,124751,2973,255080,Not in California
Outside California,2021-03-30,5964,378217,3006,190976,2431,179264,527,7977,3730,132372,2223,126974,4266,259346,Not in California
Outside California,2021-03-31,5232,383449,2948,193924,1558,180822,726,8703,3134,134136,2095,129069,3859,263205,Not in California
Outside California,2021-04-01,6091,389540,3398,197322,2070,182892,623,9326,3624,135920,2462,131531,4246,267451,Not in California
Outside California,2021-04-02,7214,396754,3923,201245,2341,185233,950,10276,4013,137689,3196,134727,4965,272416,Not in California
Outside California,2021-04-03,5679,402433,3308,204553,1217,186450,1154,11430,3002,139174,2671,137398,4156,276572,Not in California
Outside California,2021-04-04,1582,404015,799,205352,557,187007,226,11656,869,139557,712,138110,1095,277667,Not in California
Outside California,2021-04-05,3493,407508,1745,207097,1228,188235,520,12176,1701,139991,1789,139899,2223,279890,Not in California
Outside California,2021-04-06,6099,413607,2994,210091,1655,189890,1450,13626,2464,140276,3623,143522,3908,283798,Not in California
Outside California,2021-04-07,7389,420996,3740,213831,1848,191738,1801,15427,3085,140860,4293,147815,4877,288675,Not in California
Outside California,2021-04-08,7525,428521,3753,217584,1811,193549,1961,17388,3202,141704,4311,152126,5155,293830,Not in California
Outside California,2021-04-09,5080,433601,2397,219981,1227,194776,1456,18844,1945,141978,3131,155257,3405,297235,Not in California
Outside California,2021-04-10,2925,436526,1178,221159,576,195352,1171,20015,653,141532,2267,157524,1821,299056,Not in California
Unknown,2020-12-17,36,36,36,36,0,0,0,0,1,1,0,0,1,1,Not in California
Unknown,2020-12-18,52,88,52,88,0,0,0,0,2,3,0,0,2,3,Not in California
Unknown,2020-12-21,41,129,41,129,0,0,0,0,0,3,0,0,0,3,Not in California
Unknown,2020-12-26,1,130,1,130,0,0,0,0,1,4,0,0,1,4,Not in California
Unknown,2020-12-28,4,134,4,134,0,0,0,0,4,8,0,0,4,8,Not in California
Unknown,2020-12-29,3,137,3,137,0,0,0,0,3,11,0,0,3,11,Not in California
Unknown,2020-12-30,55,192,55,192,0,0,0,0,55,66,0,0,55,66,Not in California
Unknown,2020-12-31,2,194,0,192,2,2,0,0,0,66,0,0,0,66,Not in California
Unknown,2021-01-02,1,195,0,192,1,3,0,0,1,67,0,0,1,67,Not in California
Unknown,2021-01-04,3,198,3,195,0,3,0,0,2,69,0,0,2,69,Not in California
Unknown,2021-01-05,2,200,0,195,2,5,0,0,2,71,0,0,2,71,Not in California
Unknown,2021-01-06,5,205,4,199,1,6,0,0,4,75,0,0,4,75,Not in California
Unknown,2021-01-07,70,275,69,268,1,7,0,0,70,145,0,0,70,145,Not in California
Unknown,2021-01-09,2,277,2,270,0,7,0,0,3,148,0,0,3,148,Not in California
Unknown,2021-01-11,19,296,19,289,0,7,0,0,18,166,0,0,18,166,Not in California
Unknown,2021-01-12,10,306,9,298,1,8,0,0,8,174,1,1,9,175,Not in California
Unknown,2021-01-13,11,317,11,309,0,8,0,0,13,187,0,1,13,188,Not in California
Unknown,2021-01-14,3,320,3,312,0,8,0,0,3,190,0,1,3,191,Not in California
Unknown,2021-01-15,4,324,3,315,1,9,0,0,5,195,0,1,5,196,Not in California
Unknown,2021-01-16,7,331,7,322,0,9,0,0,6,200,1,2,6,202,Not in California
Unknown,2021-01-17,3,334,3,325,0,9,0,0,3,203,0,2,3,205,Not in California
Unknown,2021-01-18,57,391,57,382,0,9,0,0,55,256,2,4,55,260,Not in California
Unknown,2021-01-19,25,416,25,407,0,9,0,0,23,278,1,5,23,283,Not in California
Unknown,2021-01-20,79,495,79,486,0,9,0,0,27,253,52,57,27,310,Not in California
Unknown,2021-01-21,60,555,58,544,2,11,0,0,62,315,0,57,62,372,Not in California
Unknown,2021-01-22,41,596,35,579,6,17,0,0,40,355,0,57,40,412,Not in California
Unknown,2021-01-23,13,609,7,586,6,23,0,0,12,367,0,57,12,424,Not in California
Unknown,2021-01-24,2,611,2,588,0,23,0,0,3,370,0,57,3,427,Not in California
Unknown,2021-01-25,20,631,18,606,2,25,0,0,17,384,3,60,17,444,Not in California
Unknown,2021-01-26,95,726,95,701,0,25,0,0,98,482,0,60,98,542,Not in California
Unknown,2021-01-27,17,743,17,718,0,25,0,0,16,497,1,61,16,558,Not in California
Unknown,2021-01-28,154,897,152,870,2,27,0,0,98,536,59,120,98,656,Not in California
Unknown,2021-01-29,148,1045,148,1018,0,27,0,0,153,688,1,121,153,809,Not in California
Unknown,2021-01-30,10,1055,8,1026,2,29,0,0,13,700,1,122,13,822,Not in California
Unknown,2021-01-31,17,1072,17,1043,0,29,0,0,17,716,1,123,17,839,Not in California
Unknown,2021-02-01,37,1109,35,1078,2,31,0,0,22,721,17,140,22,861,Not in California
Unknown,2021-02-02,70,1179,68,1146,2,33,0,0,63,778,6,146,63,924,Not in California
Unknown,2021-02-03,48,1227,47,1193,1,34,0,0,36,803,11,157,36,960,Not in California
Unknown,2021-02-04,61,1288,57,1250,4,38,0,0,57,856,4,161,57,1017,Not in California
Unknown,2021-02-05,16,1304,11,1261,5,43,0,0,14,865,5,166,14,1031,Not in California
Unknown,2021-02-06,17,1321,14,1275,3,46,0,0,14,875,6,172,16,1047,Not in California
Unknown,2021-02-07,8,1329,8,1283,0,46,0,0,6,879,2,174,6,1053,Not in California
Unknown,2021-02-08,55,1384,52,1335,3,49,0,0,13,850,42,216,13,1066,Not in California
Unknown,2021-02-09,22,1406,22,1357,0,49,0,0,5,838,17,233,5,1071,Not in California
Unknown,2021-02-10,37,1443,32,1389,5,54,0,0,11,823,26,259,11,1082,Not in California
Unknown,2021-02-11,93,1536,92,1481,1,55,0,0,43,815,51,310,43,1125,Not in California
Unknown,2021-02-12,47,1583,38,1519,9,64,0,0,19,801,33,343,19,1144,Not in California
Unknown,2021-02-13,14,1597,3,1522,11,75,0,0,16,816,1,344,16,1160,Not in California
Unknown,2021-02-14,8,1605,1,1523,7,82,0,0,6,821,1,345,6,1166,Not in California
Unknown,2021-02-15,42,1647,36,1559,6,88,0,0,29,839,11,356,29,1195,Not in California
Unknown,2021-02-16,105,1752,96,1655,9,97,0,0,31,796,74,430,31,1226,Not in California
Unknown,2021-02-17,10,1762,8,1663,2,99,0,0,6,797,5,435,6,1232,Not in California
Unknown,2021-02-18,106,1868,101,1764,5,104,0,0,19,729,87,522,19,1251,Not in California
Unknown,2021-02-19,199,2067,194,1958,5,109,0,0,59,649,139,661,59,1310,Not in California
Unknown,2021-02-20,12,2079,5,1963,7,116,0,0,5,649,5,666,5,1315,Not in California
Unknown,2021-02-21,23,2102,23,1986,0,116,0,0,8,642,15,681,8,1323,Not in California
Unknown,2021-02-22,12,2114,12,1998,0,116,0,0,7,644,5,686,7,1330,Not in California
Unknown,2021-02-23,62,2176,50,2048,12,128,0,0,15,612,47,733,15,1345,Not in California
Unknown,2021-02-24,44,2220,36,2084,8,136,0,0,14,596,30,763,14,1359,Not in California
Unknown,2021-02-25,74,2294,60,2144,14,150,0,0,26,574,48,811,26,1385,Not in California
Unknown,2021-02-26,42,2336,26,2170,16,166,0,0,27,588,13,824,27,1412,Not in California
Unknown,2021-02-27,27,2363,13,2183,14,180,0,0,20,600,8,832,20,1432,Not in California
Unknown,2021-02-28,17,2380,13,2196,4,184,0,0,10,605,5,837,10,1442,Not in California
Unknown,2021-03-01,43,2423,25,2221,18,202,0,0,24,610,19,856,24,1466,Not in California
Unknown,2021-03-02,17,2440,6,2227,11,213,0,0,9,613,6,862,9,1475,Not in California
Unknown,2021-03-03,18,2458,9,2236,9,222,0,0,13,621,5,867,13,1488,Not in California
Unknown,2021-03-04,55,2513,51,2287,4,226,0,0,24,614,31,898,24,1512,Not in California
Unknown,2021-03-05,28,2541,13,2300,15,241,0,0,34,642,6,904,34,1546,Not in California
Unknown,2021-03-06,31,2572,10,2310,19,260,2,2,22,657,9,913,24,1570,Not in California
Unknown,2021-03-07,9,2581,1,2311,8,268,0,2,5,659,3,916,5,1575,Not in California
Unknown,2021-03-08,34,2615,24,2335,8,276,2,4,9,644,26,942,11,1586,Not in California
Unknown,2021-03-09,39,2654,32,2367,3,279,4,8,12,630,30,972,16,1602,Not in California
Unknown,2021-03-10,9,2663,6,2373,1,280,2,10,5,632,5,977,7,1609,Not in California
Unknown,2021-03-11,40,2703,13,2386,10,290,17,27,17,642,24,1001,34,1643,Not in California
Unknown,2021-03-12,97,2800,56,2442,25,315,16,43,27,615,70,1071,43,1686,Not in California
Unknown,2021-03-13,47,2847,4,2446,35,350,8,51,26,630,19,1090,34,1720,Not in California
Unknown,2021-03-14,63,2910,19,2465,39,389,5,56,45,662,18,1108,50,1770,Not in California
Unknown,2021-03-15,30,2940,12,2477,16,405,2,58,19,670,13,1121,21,1791,Not in California
Unknown,2021-03-16,60,3000,21,2498,36,441,3,61,41,696,18,1139,44,1835,Not in California
Unknown,2021-03-17,45,3045,12,2510,32,473,1,62,42,735,4,1143,43,1878,Not in California
Unknown,2021-03-18,45,3090,22,2532,23,496,0,62,30,752,13,1156,30,1908,Not in California
Unknown,2021-03-19,29,3119,21,2553,8,504,0,62,19,760,11,1167,19,1927,Not in California
Unknown,2021-03-20,28,3147,13,2566,15,519,0,62,17,766,11,1178,17,1944,Not in California
Unknown,2021-03-21,21,3168,16,2582,5,524,0,62,18,781,3,1181,18,1962,Not in California
Unknown,2021-03-22,29,3197,16,2598,12,536,1,63,17,787,12,1193,18,1980,Not in California
Unknown,2021-03-23,25,3222,10,2608,10,546,5,68,14,795,11,1204,19,1999,Not in California
Unknown,2021-03-24,24,3246,7,2615,17,563,0,68,19,809,5,1209,19,2018,Not in California
Unknown,2021-03-25,44,3290,30,2645,14,577,0,68,31,827,13,1222,31,2049,Not in California
Unknown,2021-03-26,36,3326,17,2662,14,591,5,73,20,836,16,1238,25,2074,Not in California
Unknown,2021-03-27,35,3361,10,2672,25,616,0,73,17,835,18,1256,17,2091,Not in California
Unknown,2021-03-28,16,3377,8,2680,8,624,0,73,12,843,4,1260,12,2103,Not in California
Unknown,2021-03-29,50,3427,30,2710,20,644,0,73,37,867,13,1273,37,2140,Not in California
Unknown,2021-03-30,45,3472,30,2740,15,659,0,73,33,888,12,1285,33,2173,Not in California
Unknown,2021-03-31,47,3519,33,2773,14,673,0,73,37,915,10,1295,37,2210,Not in California
Unknown,2021-04-01,31,3550,20,2793,11,684,0,73,26,936,5,1300,26,2236,Not in California
Unknown,2021-04-02,59,3609,18,2811,37,721,4,77,31,943,28,1328,35,2271,Not in California
Unknown,2021-04-03,19,3628,10,2821,9,730,0,77,9,942,10,1338,9,2280,Not in California
Unknown,2021-04-04,16,3644,5,2826,11,741,0,77,10,947,5,1343,10,2290,Not in California
Unknown,2021-04-05,185,3829,148,2974,13,754,24,101,146,1078,38,1381,169,2459,Not in California
Unknown,2021-04-06,399,4228,231,3205,132,886,36,137,340,1396,58,1439,376,2835,Not in California
Unknown,2021-04-07,434,4662,271,3476,116,1002,47,184,372,1754,61,1500,419,3254,Not in California
Unknown,2021-04-08,413,5075,253,3729,105,1107,55,239,341,2078,72,1572,396,3650,Not in California
Unknown,2021-04-09,345,5420,223,3952,85,1192,37,276,299,2368,46,1618,336,3986,Not in California
Alameda,2020-12-15,36,36,36,36,0,0,0,0,36,36,0,0,36,36,California
Alameda,2020-12-16,201,237,201,237,0,0,0,0,201,237,0,0,201,237,California
Alameda,2020-12-17,396,633,396,633,0,0,0,0,396,633,0,0,396,633,California
Alameda,2020-12-18,1776,2409,1775,2408,1,1,0,0,1776,2409,0,0,1776,2409,California
Alameda,2020-12-19,1440,3849,1440,3848,0,1,0,0,1440,3849,0,0,1440,3849,California
Alameda,2020-12-20,1181,5030,1180,5028,1,2,0,0,1180,5028,1,1,1180,5029,California
Alameda,2020-12-21,1855,6885,1854,6882,1,3,0,0,1854,6882,0,1,1854,6883,California
Alameda,2020-12-22,2094,8979,2043,8925,51,54,0,0,2094,8976,0,1,2094,8977,California
Alameda,2020-12-23,1925,10904,1670,10595,255,309,0,0,1925,10901,0,1,1925,10902,California
Alameda,2020-12-24,1218,12122,759,11354,459,768,0,0,1218,12119,0,1,1218,12120,California
Alameda,2020-12-25,166,12288,129,11483,37,805,0,0,166,12285,0,1,166,12286,California
Alameda,2020-12-26,867,13155,323,11806,544,1349,0,0,867,13152,0,1,867,13153,California
Alameda,2020-12-27,500,13655,256,12062,244,1593,0,0,500,13652,0,1,500,13653,California
Alameda,2020-12-28,1875,15530,949,13011,926,2519,0,0,1875,15527,0,1,1875,15528,California
Alameda,2020-12-29,2419,17949,1019,14030,1400,3919,0,0,2418,17945,0,1,2418,17946,California
Alameda,2020-12-30,3126,21075,1360,15390,1766,5685,0,0,3126,21071,0,1,3126,21072,California
Alameda,2020-12-31,1785,22860,439,15829,1346,7031,0,0,1784,22854,1,2,1784,22856,California
Alameda,2021-01-01,166,23026,66,15895,100,7131,0,0,166,23020,0,2,166,23022,California
Alameda,2021-01-02,717,23743,520,16415,197,7328,0,0,716,23736,0,2,716,23738,California
Alameda,2021-01-03,340,24083,219,16634,121,7449,0,0,337,24070,3,5,337,24075,California
Alameda,2021-01-04,1650,25733,946,17580,704,8153,0,0,1638,25697,11,16,1638,25713,California
Alameda,2021-01-05,2198,27931,1263,18843,935,9088,0,0,1961,27424,234,250,1961,27674,California
Alameda,2021-01-06,3251,31182,1788,20631,1463,10551,0,0,2415,29008,833,1083,2417,30091,California
Alameda,2021-01-07,3784,34966,2139,22770,1645,12196,0,0,2657,30551,1118,2201,2661,32752,California
Alameda,2021-01-08,4746,39712,2716,25486,2030,14226,0,0,3105,32024,1636,3837,3109,35861,California
Alameda,2021-01-09,2033,41745,1390,26876,643,14869,0,0,1169,32329,864,4701,1169,37030,California
Alameda,2021-01-10,1057,42802,839,27715,218,15087,0,0,422,32115,636,5337,422,37452,California
Alameda,2021-01-11,4627,47429,3499,31214,1128,16215,0,0,2840,33174,1787,7124,2846,40298,California
Alameda,2021-01-12,4813,52242,3239,34453,1574,17789,0,0,3425,35214,1387,8511,3427,43725,California
Alameda,2021-01-13,5012,57254,2650,37103,2362,20151,0,0,3835,37877,1173,9684,3836,47561,California
Alameda,2021-01-14,5603,62857,2738,39841,2865,23016,0,0,4716,41717,878,10562,4718,52279,California
Alameda,2021-01-15,5818,68675,2308,42149,3510,26526,0,0,5056,46021,755,11317,5059,57338,California
Alameda,2021-01-16,3009,71684,1413,43562,1596,28122,0,0,2738,48489,271,11588,2739,60077,California
Alameda,2021-01-17,1862,73546,1079,44641,783,28905,0,0,1659,49946,203,11791,1660,61737,California
Alameda,2021-01-18,3187,76733,2047,46688,1140,30045,0,0,2599,51966,584,12375,2604,64341,California
Alameda,2021-01-19,5511,82244,3326,50014,2185,32230,0,0,4327,55113,1182,13557,4329,68670,California
Alameda,2021-01-20,6615,88859,4022,54036,2593,34823,0,0,5322,59158,1281,14838,5326,73996,California
Alameda,2021-01-21,7727,96586,3382,57418,4345,39168,0,0,6901,65242,820,15658,6904,80900,California
Alameda,2021-01-22,6898,103484,2029,59447,4869,44037,0,0,5760,69873,1131,16789,5762,86662,California
Alameda,2021-01-23,3277,106761,941,60388,2336,46373,0,0,2727,72051,551,17340,2729,89391,California
Alameda,2021-01-24,2050,108811,657,61045,1393,47766,0,0,1773,73551,273,17613,1773,91164,California
Alameda,2021-01-25,5205,114016,1987,63032,3218,50984,0,0,3624,75602,1573,19186,3624,94788,California
Alameda,2021-01-26,7213,121229,2266,65298,4947,55931,0,0,5365,79127,1841,21027,5366,100154,California
Alameda,2021-01-27,6664,127893,2078,67376,4586,60517,0,0,4825,82124,1828,22855,4825,104979,California
Alameda,2021-01-28,7811,135704,2494,69870,5317,65834,0,0,5610,85549,2186,25041,5611,110590,California
Alameda,2021-01-29,7890,143594,3174,73044,4716,70550,0,0,6070,89808,1811,26852,6070,116660,California
Alameda,2021-01-30,3403,146997,1662,74706,1741,72291,0,0,2704,91818,694,27546,2704,119364,California
Alameda,2021-01-31,1904,148901,965,75671,939,73230,0,0,1663,93242,239,27785,1663,121027,California
Alameda,2021-02-01,5941,154842,3347,79018,2594,75824,0,0,4309,95926,1626,29411,4310,125337,California
Alameda,2021-02-02,7442,162284,4238,83256,3204,79028,0,0,4658,97812,2773,32184,4659,129996,California
Alameda,2021-02-03,7072,169356,3727,86983,3345,82373,0,0,4406,99564,2660,34844,4412,134408,California
Alameda,2021-02-04,9476,178832,4130,91113,5346,87719,0,0,6436,102982,3023,37867,6441,140849,California
Alameda,2021-02-05,10311,189143,5384,96497,4927,92646,0,0,6449,105582,3856,41723,6456,147305,California
Alameda,2021-02-06,6995,196138,4435,100932,2560,95206,0,0,5875,110338,1120,42843,5876,153181,California
Alameda,2021-02-07,3584,199722,2897,103829,687,95893,0,0,2648,112055,933,43776,2650,155831,California
Alameda,2021-02-08,8079,207801,5778,109607,2301,98194,0,0,5541,115070,2528,46304,5543,161374,California
Alameda,2021-02-09,9692,217493,5851,115458,3841,102035,0,0,6048,117483,3637,49941,6050,167424,California
Alameda,2021-02-10,11439,228932,6769,122227,4670,106705,0,0,6635,119339,4787,54728,6643,174067,California
Alameda,2021-02-11,13825,242757,7903,130130,5922,112627,0,0,8367,122266,5444,60172,8371,182438,California
Alameda,2021-02-12,12490,255247,5682,135812,6808,119435,0,0,7740,125273,4735,64907,7742,190180,California
Alameda,2021-02-13,7791,263038,4060,139872,3731,123166,0,0,5834,129156,1953,66860,5836,196016,California
Alameda,2021-02-14,4019,267057,2536,142408,1483,124649,0,0,2862,130866,1154,68014,2864,198880,California
Alameda,2021-02-15,5699,272756,3218,145626,2481,127130,0,0,3694,132564,2003,70017,3701,202581,California
Alameda,2021-02-16,12500,285256,6942,152568,5558,132688,0,0,9307,138692,3184,73201,9312,211893,California
Alameda,2021-02-17,14086,299342,8343,160911,5743,138431,0,0,10479,145584,3589,76790,10481,222374,California
Alameda,2021-02-18,15823,315165,10047,170958,5776,144207,0,0,11505,152776,4315,81105,11507,233881,California
Alameda,2021-02-19,17603,332768,11421,182379,6182,150389,0,0,11677,158549,5905,87010,11678,245559,California
Alameda,2021-02-20,11838,344606,9596,191975,2242,152631,0,0,9141,165000,2695,89705,9146,254705,California
Alameda,2021-02-21,6153,350759,5226,197201,927,153558,0,0,3701,166260,2443,92148,3703,258408,California
Alameda,2021-02-22,10667,361426,7897,205098,2770,156328,0,0,6721,169058,3933,96081,6731,265139,California
Alameda,2021-02-23,12681,374107,7704,212802,4977,161305,0,0,7897,172186,4775,100856,7903,273042,California
Alameda,2021-02-24,14631,388738,8193,220995,6438,167743,0,0,9489,176595,5085,105941,9494,282536,California
Alameda,2021-02-25,15585,404323,9124,230119,6461,174204,0,0,9937,180921,5617,111558,9943,292479,California
Alameda,2021-02-26,18045,422368,10611,240730,7434,181638,0,0,11690,186301,6313,117871,11693,304172,California
Alameda,2021-02-27,14680,437048,10801,251531,3877,185515,2,2,9094,189835,5563,123434,9097,313269,California
Alameda,2021-02-28,9148,446196,7710,259241,1438,186953,0,2,6082,192871,3047,126481,6083,319352,California
Alameda,2021-03-01,13186,459382,9173,268414,4013,190966,0,2,8192,196113,4955,131436,8197,327549,California
Alameda,2021-03-02,13693,473075,9528,277942,4165,195131,0,2,8806,200060,4868,136304,8815,336364,California
Alameda,2021-03-03,15089,488164,9799,287741,5290,200421,0,2,10268,205534,4796,141100,10270,346634,California
Alameda,2021-03-04,17211,505375,11017,298758,6193,206614,1,3,10841,210040,6336,147436,10842,357476,California
Alameda,2021-03-05,15768,521143,10190,308948,5571,212185,7,10,10578,215480,5150,152586,10590,368066,California
Alameda,2021-03-06,14173,535316,9925,318873,3989,216174,259,269,9311,220233,4818,157404,9571,377637,California
Alameda,2021-03-07,9239,544555,8041,326914,1118,217292,80,349,6524,224149,2690,160094,6606,384243,California
Alameda,2021-03-08,11539,556094,7128,334042,4064,221356,347,696,8618,230245,2869,162963,8965,393208,California
Alameda,2021-03-09,11239,567333,6941,340983,3871,225227,427,1123,6227,231921,4981,167944,6657,399865,California
Alameda,2021-03-10,16560,583893,11271,352254,4742,229969,547,1670,7499,230926,9039,176983,8044,407909,California
Alameda,2021-03-11,19658,603551,11505,363759,6470,236439,1683,3353,6718,226411,12916,189899,8401,416310,California
Alameda,2021-03-12,20893,624444,12179,375938,7098,243537,1616,4969,7390,221926,13484,203383,8999,425309,California
Alameda,2021-03-13,15688,640132,10054,385992,4669,248206,965,5934,5049,217331,10606,213989,6011,431320,California
Alameda,2021-03-14,10650,650782,7792,393784,2077,250283,781,6715,4671,216814,5964,219953,5447,436767,California
Alameda,2021-03-15,14235,665017,9305,403089,4418,254701,512,7227,6324,215764,7883,227836,6833,443600,California
Alameda,2021-03-16,17015,682032,11058,414147,5438,260139,519,7746,7477,214269,9492,237328,7997,451597,California
Alameda,2021-03-17,17245,699277,9719,423866,6836,266975,690,8436,8081,213904,9137,246465,8772,460369,California
Alameda,2021-03-18,18927,718204,10286,434152,7767,274742,874,9310,8681,213242,10219,256684,9557,469926,California
Alameda,2021-03-19,18942,737146,10257,444409,6896,281638,1789,11099,7560,211246,11339,268023,9343,479269,California
Alameda,2021-03-20,15516,752662,10142,454551,4561,286199,813,11912,6482,209531,9009,277032,7294,486563,California
Alameda,2021-03-21,8992,761654,7059,461610,1404,287603,529,12441,3733,208544,5250,282282,4263,490826,California
Alameda,2021-03-22,14790,776444,9960,471570,3855,291458,975,13416,7144,209033,7630,289912,8119,498945,California
Alameda,2021-03-23,18955,795399,11407,482977,6756,298214,792,14208,10659,212230,8259,298171,11456,510401,California
Alameda,2021-03-24,18814,814213,11313,494290,6527,304741,974,15182,8555,211545,10207,308378,9522,519923,California
Alameda,2021-03-25,20153,834366,11123,505413,7683,312424,1347,16529,9487,211764,10606,318984,10825,530748,California
Alameda,2021-03-26,20537,854903,12299,517712,6713,319137,1525,18054,8800,210386,11696,330680,10318,541066,California
Alameda,2021-03-27,18070,872973,12270,529982,4846,323983,954,19008,7790,208878,10238,340918,8730,549796,California
Alameda,2021-03-28,10405,883378,8433,538415,1771,325754,201,19209,3837,206362,6560,347478,4044,553840,California
Alameda,2021-03-29,14507,897885,9247,547662,4284,330038,976,20185,6257,205370,8223,355701,7231,561071,California
Alameda,2021-03-30,18290,916175,9621,557283,7029,337067,1640,21825,10801,210344,7465,363166,12439,573510,California
Alameda,2021-03-31,19055,935230,10011,567294,7008,344075,2036,23861,9545,212438,9484,372650,11578,585088,California
Alameda,2021-04-01,22696,957926,9892,577186,7403,351478,5401,29262,10894,216955,11778,384428,16295,601383,California
Alameda,2021-04-02,23379,981305,9754,586940,8194,359672,5431,34693,11509,222041,11845,396273,16931,618314,California
Alameda,2021-04-03,19961,1001266,9656,596596,5641,365313,4664,39357,10236,227235,9708,405981,14902,633216,California
Alameda,2021-04-04,9591,1010857,3843,600439,2273,367586,3475,42832,3425,227972,6160,412141,6897,640113,California
Alameda,2021-04-05,17373,1028230,7170,607609,5494,373080,4709,47541,6989,229300,10369,422510,11697,651810,California
Alameda,2021-04-06,21915,1050145,10503,618112,5647,378727,5765,53306,9998,233176,11886,434396,15762,667572,California
Alameda,2021-04-07,22189,1072334,11283,629395,5428,384155,5478,58784,11246,238982,10915,445311,16721,684293,California
Alameda,2021-04-08,24476,1096810,10961,640356,5777,389932,7738,66522,10381,243070,14032,459343,18120,702413,California
Alameda,2021-04-09,17171,1113981,8502,648858,6856,396788,1813,68335,10531,248799,6623,465966,12352,714765,California
Alameda,2021-04-10,9771,1123752,3263,652121,4419,401207,2089,70424,4934,250998,4828,470794,7027,721792,California
Alpine,2020-12-18,2,2,2,2,0,0,0,0,2,2,0,0,2,2,California
Alpine,2020-12-19,2,4,2,4,0,0,0,0,2,4,0,0,2,4,California
Alpine,2020-12-21,2,6,2,6,0,0,0,0,2,6,0,0,2,6,California
Alpine,2020-12-30,15,21,0,6,15,15,0,0,15,21,0,0,15,21,California
Alpine,2020-12-31,1,22,0,6,1,16,0,0,1,22,0,0,1,22,California
Alpine,2021-01-01,1,23,0,6,1,17,0,0,1,23,0,0,1,23,California
Alpine,2021-01-02,1,24,1,7,0,17,0,0,1,24,0,0,1,24,California
Alpine,2021-01-04,10,34,0,7,10,27,0,0,10,34,0,0,10,34,California
Alpine,2021-01-05,9,43,1,8,8,35,0,0,9,43,0,0,9,43,California
Alpine,2021-01-06,31,74,0,8,31,66,0,0,31,74,0,0,31,74,California
Alpine,2021-01-07,8,82,0,8,8,74,0,0,8,82,0,0,8,82,California
Alpine,2021-01-08,4,86,2,10,2,76,0,0,2,82,2,2,2,84,California
Alpine,2021-01-09,2,88,2,12,0,76,0,0,0,80,2,4,0,84,California
Alpine,2021-01-11,32,120,1,13,31,107,0,0,31,110,1,5,31,115,California
Alpine,2021-01-13,35,155,0,13,35,142,0,0,35,145,0,5,35,150,California
Alpine,2021-01-14,2,157,0,13,2,144,0,0,2,147,0,5,2,152,California
Alpine,2021-01-15,1,158,0,13,1,145,0,0,1,148,0,5,1,153,California
Alpine,2021-01-20,21,179,0,13,21,166,0,0,21,169,0,5,21,174,California
Alpine,2021-01-21,1,180,0,13,1,167,0,0,1,170,0,5,1,175,California
Alpine,2021-01-22,32,212,0,13,32,199,0,0,32,202,0,5,32,207,California
Alpine,2021-01-23,1,213,1,14,0,199,0,0,0,201,1,6,0,207,California
Alpine,2021-01-25,16,229,0,14,16,215,0,0,16,217,0,6,16,223,California
Alpine,2021-01-27,1,230,1,15,0,215,0,0,0,216,1,7,0,223,California
Alpine,2021-01-28,12,242,0,15,12,227,0,0,11,226,1,8,11,234,California
Alpine,2021-01-29,1,243,0,15,1,228,0,0,1,227,0,8,1,235,California
Alpine,2021-02-01,26,269,0,15,26,254,0,0,7,215,19,27,7,242,California
Alpine,2021-02-03,34,303,0,15,34,288,0,0,10,201,24,51,10,252,California
Alpine,2021-02-04,9,312,0,15,9,297,0,0,4,200,5,56,4,256,California
Alpine,2021-02-05,31,343,0,15,31,328,0,0,12,193,19,75,12,268,California
Alpine,2021-02-06,1,344,1,16,0,328,0,0,1,194,0,75,1,269,California
Alpine,2021-02-07,1,345,1,17,0,328,0,0,1,195,0,75,1,270,California
Alpine,2021-02-08,32,377,0,17,32,360,0,0,4,171,28,103,4,274,California
Alpine,2021-02-10,34,411,0,17,34,394,0,0,0,137,34,137,0,274,California
Alpine,2021-02-11,6,417,0,17,6,400,0,0,3,137,3,140,3,277,California
Alpine,2021-02-12,1,418,0,17,1,401,0,0,0,136,1,141,0,277,California
Alpine,2021-02-17,23,441,0,17,23,424,0,0,3,119,20,161,3,280,California
Alpine,2021-02-18,2,443,0,17,2,426,0,0,1,119,1,162,1,281,California
Alpine,2021-02-19,34,477,1,18,33,459,0,0,2,89,32,194,2,283,California
Alpine,2021-02-22,28,505,0,18,28,487,0,0,9,79,19,213,9,292,California
Alpine,2021-02-24,1,506,1,19,0,487,0,0,1,80,0,213,1,293,California
Alpine,2021-02-25,17,523,1,20,16,503,0,0,6,75,11,224,6,299,California
Alpine,2021-02-26,29,552,1,21,28,531,0,0,28,102,1,225,28,327,California
Alpine,2021-03-01,35,587,0,21,35,566,0,0,25,117,10,235,25,352,California
Alpine,2021-03-02,1,588,1,22,0,566,0,0,0,116,1,236,0,352,California
Alpine,2021-03-03,29,617,1,23,28,594,0,0,17,121,12,248,17,369,California
Alpine,2021-03-04,13,630,1,24,12,606,0,0,12,132,1,249,12,381,California
Alpine,2021-03-05,30,660,0,24,30,636,0,0,22,146,8,257,22,403,California
Alpine,2021-03-08,31,691,0,24,31,667,0,0,29,173,2,259,29,432,California
Alpine,2021-03-10,75,766,0,24,75,742,0,0,75,248,0,259,75,507,California
Alpine,2021-03-11,36,802,0,24,36,778,0,0,32,276,4,263,32,539,California
Alpine,2021-03-12,21,823,0,24,21,799,0,0,19,293,2,265,19,558,California
Alpine,2021-03-15,21,844,1,25,20,819,0,0,20,312,1,266,20,578,California
Alpine,2021-03-17,22,866,0,25,21,840,1,1,18,327,4,270,19,597,California
Alpine,2021-03-18,40,906,3,28,37,877,0,1,37,361,3,273,37,634,California
Alpine,2021-03-19,2,908,1,29,1,878,0,1,1,361,1,274,1,635,California
Alpine,2021-03-22,25,933,0,29,25,903,0,1,15,366,10,284,15,650,California
Alpine,2021-03-24,19,952,0,29,19,922,0,1,9,365,10,294,9,659,California
Alpine,2021-03-25,38,990,1,30,36,958,1,2,31,390,7,301,32,691,California
Alpine,2021-03-28,1,991,1,31,0,958,0,2,1,391,0,301,1,692,California
Alpine,2021-03-29,20,1011,0,31,19,977,1,3,3,378,17,318,4,696,California
Alpine,2021-04-01,18,1029,0,31,18,995,0,3,8,376,10,328,8,704,California
Alpine,2021-04-02,101,1130,1,32,100,1095,0,3,48,372,52,380,48,752,California
Alpine,2021-04-05,4,1134,1,33,3,1098,0,3,0,368,4,384,0,752,California
Alpine,2021-04-06,3,1137,2,35,1,1099,0,3,2,369,1,385,2,754,California
Alpine,2021-04-07,42,1179,0,35,41,1140,1,4,20,370,21,406,22,776,California
Alpine,2021-04-08,42,1221,0,35,42,1182,0,4,15,358,27,433,15,791,California
Alpine,2021-04-09,1,1222,0,35,1,1183,0,4,0,357,1,434,0,791,California
Amador,2020-12-16,2,2,2,2,0,0,0,0,2,2,0,0,2,2,California
Amador,2020-12-17,5,7,5,7,0,0,0,0,5,7,0,0,5,7,California
Amador,2020-12-18,44,51,44,51,0,0,0,0,44,51,0,0,44,51,California
Amador,2020-12-19,17,68,17,68,0,0,0,0,17,68,0,0,17,68,California
Amador,2020-12-20,4,72,4,72,0,0,0,0,4,72,0,0,4,72,California
Amador,2020-12-21,33,105,33,105,0,0,0,0,33,105,0,0,33,105,California
Amador,2020-12-22,35,140,34,139,1,1,0,0,35,140,0,0,35,140,California
Amador,2020-12-23,39,179,38,177,1,2,0,0,39,179,0,0,39,179,California
Amador,2020-12-24,5,184,3,180,2,4,0,0,5,184,0,0,5,184,California
Amador,2020-12-26,6,190,5,185,1,5,0,0,6,190,0,0,6,190,California
Amador,2020-12-27,1,191,0,185,1,6,0,0,1,191,0,0,1,191,California
Amador,2020-12-28,31,222,27,212,4,10,0,0,31,222,0,0,31,222,California
Amador,2020-12-29,26,248,19,231,7,17,0,0,26,248,0,0,26,248,California
Amador,2020-12-30,123,371,77,308,46,63,0,0,123,371,0,0,123,371,California
Amador,2020-12-31,193,564,168,476,25,88,0,0,193,564,0,0,193,564,California
Amador,2021-01-01,1,565,0,476,1,89,0,0,1,565,0,0,1,565,California
Amador,2021-01-02,56,621,56,532,0,89,0,0,56,621,0,0,56,621,California
Amador,2021-01-03,65,686,17,549,48,137,0,0,65,686,0,0,65,686,California
Amador,2021-01-04,125,811,1,550,124,261,0,0,124,809,1,1,124,810,California
Amador,2021-01-05,33,844,3,553,30,291,0,0,31,839,2,3,32,842,California
Amador,2021-01-06,40,884,10,563,30,321,0,0,36,871,4,7,36,878,California
Amador,2021-01-07,227,1111,68,631,159,480,0,0,215,1074,12,19,215,1093,California
Amador,2021-01-08,84,1195,70,701,14,494,0,0,40,1071,44,63,41,1134,California
Amador,2021-01-09,11,1206,11,712,0,494,0,0,2,1064,9,72,2,1136,California
Amador,2021-01-10,7,1213,5,717,2,496,0,0,3,1063,4,76,3,1139,California
Amador,2021-01-11,124,1337,44,761,80,576,0,0,89,1117,35,111,89,1228,California
Amador,2021-01-12,62,1399,48,809,14,590,0,0,39,1133,23,134,39,1267,California
Amador,2021-01-13,39,1438,24,833,15,605,0,0,26,1146,13,147,26,1293,California
Amador,2021-01-14,146,1584,20,853,126,731,0,0,136,1272,10,157,136,1429,California
Amador,2021-01-15,54,1638,23,876,31,762,0,0,47,1312,7,164,47,1476,California
Amador,2021-01-16,19,1657,12,888,7,769,0,0,13,1320,6,170,14,1490,California
Amador,2021-01-17,25,1682,5,893,20,789,0,0,25,1345,0,170,25,1515,California
Amador,2021-01-18,31,1713,27,920,4,793,0,0,9,1332,22,192,9,1524,California
Amador,2021-01-19,120,1833,97,1017,23,816,0,0,76,1364,44,236,76,1600,California
Amador,2021-01-20,182,2015,33,1050,149,965,0,0,166,1515,15,251,166,1766,California
Amador,2021-01-21,253,2268,222,1272,31,996,0,0,144,1550,109,360,144,1910,California
Amador,2021-01-22,132,2400,71,1343,61,1057,0,0,126,1670,6,366,126,2036,California
Amador,2021-01-23,52,2452,32,1375,20,1077,0,0,50,1718,2,368,50,2086,California
Amador,2021-01-24,28,2480,12,1387,16,1093,0,0,25,1740,3,371,25,2111,California
Amador,2021-01-25,58,2538,28,1415,30,1123,0,0,41,1764,17,388,41,2152,California
Amador,2021-01-26,243,2781,16,1431,227,1350,0,0,233,1987,10,398,233,2385,California
Amador,2021-01-27,295,3076,29,1460,266,1616,0,0,248,2191,45,443,249,2634,California
Amador,2021-01-28,345,3421,76,1536,269,1885,0,0,284,2415,61,504,285,2919,California
Amador,2021-01-29,94,3515,30,1566,64,1949,0,0,79,2479,15,519,79,2998,California
Amador,2021-01-30,166,3681,32,1598,134,2083,0,0,161,2635,5,524,161,3159,California
Amador,2021-01-31,32,3713,28,1626,4,2087,0,0,31,2665,1,525,31,3190,California
Amador,2021-02-01,63,3776,23,1649,40,2127,0,0,36,2674,27,552,36,3226,California
Amador,2021-02-02,215,3991,65,1714,150,2277,0,0,127,2717,84,636,127,3353,California
Amador,2021-02-03,141,4132,38,1752,103,2380,0,0,90,2757,50,686,90,3443,California
Amador,2021-02-04,247,4379,71,1823,176,2556,0,0,162,2836,85,771,164,3607,California
Amador,2021-02-05,328,4707,61,1884,267,2823,0,0,313,3134,15,786,313,3920,California
Amador,2021-02-06,98,4805,79,1963,19,2842,0,0,94,3224,4,790,94,4014,California
Amador,2021-02-07,38,4843,35,1998,3,2845,0,0,35,3256,3,793,35,4049,California
Amador,2021-02-08,91,4934,63,2061,28,2873,0,0,73,3311,18,811,73,4122,California
Amador,2021-02-09,171,5105,82,2143,89,2962,0,0,108,3356,63,874,108,4230,California
Amador,2021-02-10,713,5818,78,2221,635,3597,0,0,680,4003,33,907,680,4910,California
Amador,2021-02-11,303,6121,118,2339,185,3782,0,0,198,4097,104,1011,198,5108,California
Amador,2021-02-12,321,6442,117,2456,204,3986,0,0,250,4276,71,1082,250,5358,California
Amador,2021-02-13,164,6606,81,2537,83,4069,0,0,138,4388,26,1108,138,5496,California
Amador,2021-02-14,123,6729,54,2591,69,4138,0,0,106,4477,17,1125,106,5602,California
Amador,2021-02-15,186,6915,59,2650,127,4265,0,0,169,4630,16,1141,169,5771,California
Amador,2021-02-16,408,7323,51,2701,357,4622,0,0,371,4965,37,1178,372,6143,California
Amador,2021-02-17,258,7581,80,2781,178,4800,0,0,163,5033,95,1273,163,6306,California
Amador,2021-02-18,398,7979,98,2879,300,5100,0,0,336,5308,62,1335,337,6643,California
Amador,2021-02-19,191,8170,76,2955,115,5215,0,0,110,5337,81,1416,110,6753,California
Amador,2021-02-20,91,8261,29,2984,62,5277,0,0,64,5374,27,1443,64,6817,California
Amador,2021-02-21,45,8306,34,3018,11,5288,0,0,15,5359,30,1473,15,6832,California
Amador,2021-02-22,63,8369,24,3042,39,5327,0,0,32,5361,30,1503,32,6864,California
Amador,2021-02-23,317,8686,55,3097,262,5589,0,0,138,5321,179,1682,139,7003,California
Amador,2021-02-24,396,9082,55,3152,341,5930,0,0,268,5465,124,1806,268,7271,California
Amador,2021-02-25,517,9599,110,3262,407,6337,0,0,280,5509,236,2042,280,7551,California
Amador,2021-02-26,607,10206,75,3337,532,6869,0,0,504,5911,103,2145,505,8056,California
Amador,2021-02-27,288,10494,90,3427,198,7067,0,0,102,5830,185,2330,104,8160,California
Amador,2021-02-28,100,10594,51,3478,49,7116,0,0,55,5843,45,2375,58,8218,California
Amador,2021-03-01,193,10787,66,3544,127,7243,0,0,124,5899,69,2444,125,8343,California
Amador,2021-03-02,385,11172,61,3605,324,7567,0,0,335,6185,50,2494,336,8679,California
Amador,2021-03-03,243,11415,78,3683,165,7732,0,0,168,6280,74,2568,169,8848,California
Amador,2021-03-04,499,11914,117,3800,382,8114,0,0,397,6575,102,2670,397,9245,California
Amador,2021-03-05,514,12428,75,3875,439,8553,0,0,298,6660,215,2885,300,9545,California
Amador,2021-03-06,97,12525,43,3918,53,8606,1,1,54,6672,43,2928,55,9600,California
Amador,2021-03-07,61,12586,42,3960,19,8625,0,1,18,6647,43,2971,18,9618,California
Amador,2021-03-08,154,12740,70,4030,83,8708,1,2,93,6680,61,3032,94,9712,California
Amador,2021-03-09,371,13111,47,4077,324,9032,0,2,312,6936,56,3088,312,10024,California
Amador,2021-03-10,509,13620,74,4151,434,9466,1,3,246,6922,263,3351,249,10273,California
Amador,2021-03-11,473,14093,113,4264,349,9815,11,14,330,7123,143,3494,344,10617,California
Amador,2021-03-12,563,14656,64,4328,491,10306,8,22,350,7274,212,3706,363,10980,California
Amador,2021-03-13,103,14759,17,4345,79,10385,7,29,68,7318,35,3741,79,11059,California
Amador,2021-03-14,88,14847,18,4363,67,10452,3,32,20,7273,68,3809,23,11082,California
Amador,2021-03-15,186,15033,23,4386,150,10602,13,45,56,7214,130,3939,71,11153,California
Amador,2021-03-16,455,15488,55,4441,390,10992,10,55,193,7157,260,4199,203,11356,California
Amador,2021-03-17,192,15680,40,4481,149,11141,3,58,120,7209,72,4271,124,11480,California
Amador,2021-03-18,473,16153,97,4578,372,11513,4,62,253,7249,219,4490,259,11739,California
Amador,2021-03-19,544,16697,57,4635,470,11983,17,79,396,7519,146,4636,416,12155,California
Amador,2021-03-20,110,16807,47,4682,62,12045,1,80,46,7505,63,4699,49,12204,California
Amador,2021-03-21,48,16855,34,4716,13,12058,1,81,31,7523,16,4715,34,12238,California
Amador,2021-03-22,114,16969,34,4750,51,12109,29,110,49,7536,65,4780,78,12316,California
Amador,2021-03-23,440,17409,47,4797,385,12494,8,118,283,7672,155,4935,291,12607,California
Amador,2021-03-24,347,17756,37,4834,57,12551,253,371,39,7657,307,5242,292,12899,California
Amador,2021-03-25,600,18356,79,4913,515,13066,6,377,391,7846,208,5450,397,13296,California
Amador,2021-03-26,738,19094,40,4953,693,13759,5,382,290,7697,447,5897,298,13594,California
Amador,2021-03-27,90,19184,14,4967,74,13833,2,384,27,7665,63,5960,31,13625,California
Amador,2021-03-28,68,19252,15,4982,51,13884,2,386,14,7627,54,6014,16,13641,California
Amador,2021-03-29,184,19436,27,5009,156,14040,1,387,82,7614,100,6114,87,13728,California
Amador,2021-03-30,536,19972,26,5035,509,14549,1,388,301,7682,234,6348,302,14030,California
Amador,2021-03-31,211,20183,59,5094,147,14696,5,393,48,7572,163,6511,53,14083,California
Amador,2021-04-01,613,20796,85,5179,528,15224,0,393,268,7499,343,6854,270,14353,California
Amador,2021-04-02,607,21403,32,5211,563,15787,12,405,383,7673,222,7076,396,14749,California
Amador,2021-04-03,80,21483,17,5228,43,15830,20,425,21,7656,59,7135,42,14791,California
Amador,2021-04-04,38,21521,2,5230,30,15860,6,431,16,7656,22,7157,22,14813,California
Amador,2021-04-05,140,21661,43,5273,80,15940,17,448,44,7622,96,7253,62,14875,California
Amador,2021-04-06,505,22166,37,5310,449,16389,19,467,224,7586,279,7532,243,15118,California
Amador,2021-04-07,101,22267,33,5343,49,16438,19,486,45,7595,55,7587,64,15182,California
Amador,2021-04-08,442,22709,41,5384,380,16818,21,507,188,7551,254,7841,210,15392,California
Amador,2021-04-09,475,23184,19,5403,443,17261,13,520,215,7518,260,8101,227,15619,California
Amador,2021-04-10,22,23206,5,5408,9,17270,8,528,3,7510,19,8120,11,15630,California
Butte,2020-12-16,3,3,3,3,0,0,0,0,3,3,0,0,3,3,California
Butte,2020-12-17,21,24,21,24,0,0,0,0,21,24,0,0,21,24,California
Butte,2020-12-18,50,74,50,74,0,0,0,0,50,74,0,0,50,74,California
Butte,2020-12-19,7,81,7,81,0,0,0,0,7,81,0,0,7,81,California
Butte,2020-12-20,10,91,10,91,0,0,0,0,10,91,0,0,10,91,California
Butte,2020-12-21,634,725,634,725,0,0,0,0,634,725,0,0,634,725,California
Butte,2020-12-22,618,1343,616,1341,2,2,0,0,618,1343,0,0,618,1343,California
Butte,2020-12-23,870,2213,854,2195,16,18,0,0,870,2213,0,0,870,2213,California
Butte,2020-12-24,160,2373,157,2352,3,21,0,0,160,2373,0,0,160,2373,California
Butte,2020-12-26,93,2466,91,2443,2,23,0,0,93,2466,0,0,93,2466,California
Butte,2020-12-27,35,2501,34,2477,1,24,0,0,35,2501,0,0,35,2501,California
Butte,2020-12-28,279,2780,273,2750,6,30,0,0,279,2780,0,0,279,2780,California
Butte,2020-12-29,206,2986,182,2932,24,54,0,0,206,2986,0,0,206,2986,California
Butte,2020-12-30,501,3487,290,3222,211,265,0,0,501,3487,0,0,501,3487,California
Butte,2020-12-31,212,3699,18,3240,194,459,0,0,212,3699,0,0,212,3699,California
Butte,2021-01-01,8,3707,1,3241,7,466,0,0,8,3707,0,0,8,3707,California
Butte,2021-01-02,37,3744,36,3277,1,467,0,0,37,3744,0,0,37,3744,California
Butte,2021-01-03,4,3748,1,3278,3,470,0,0,4,3748,0,0,4,3748,California
Butte,2021-01-04,208,3956,174,3452,34,504,0,0,208,3956,0,0,208,3956,California
Butte,2021-01-05,194,4150,150,3602,44,548,0,0,193,4148,1,1,193,4149,California
Butte,2021-01-06,623,4773,396,3998,227,775,0,0,618,4762,5,6,619,4768,California
Butte,2021-01-07,759,5532,369,4367,390,1165,0,0,739,5481,20,26,739,5507,California
Butte,2021-01-08,570,6102,529,4896,41,1206,0,0,524,5959,46,72,524,6031,California
Butte,2021-01-09,12,6114,7,4903,5,1211,0,0,7,5961,5,77,7,6038,California
Butte,2021-01-10,19,6133,5,4908,14,1225,0,0,14,5970,5,82,14,6052,California
Butte,2021-01-11,987,7120,951,5859,36,1261,0,0,358,5702,629,711,361,6413,California
Butte,2021-01-12,696,7816,651,6510,45,1306,0,0,273,5552,423,1134,273,6686,California
Butte,2021-01-13,1451,9267,956,7466,495,1801,0,0,616,5335,835,1969,618,7304,California
Butte,2021-01-14,1637,10904,896,8362,741,2542,0,0,1440,6579,196,2165,1440,8744,California
Butte,2021-01-15,1170,12074,926,9288,244,2786,0,0,1060,7528,111,2276,1060,9804,California
Butte,2021-01-16,585,12659,300,9588,285,3071,0,0,540,8023,45,2321,540,10344,California
Butte,2021-01-17,239,12898,64,9652,175,3246,0,0,202,8188,37,2358,202,10546,California
Butte,2021-01-18,343,13241,303,9955,40,3286,0,0,274,8394,68,2426,274,10820,California
Butte,2021-01-19,491,13732,428,10383,63,3349,0,0,217,8337,274,2700,217,11037,California
Butte,2021-01-20,1346,15078,664,11047,682,4031,0,0,1045,9081,301,3001,1045,12082,California
Butte,2021-01-21,1473,16551,865,11912,608,4639,0,0,1367,10343,105,3106,1367,13449,California
Butte,2021-01-22,990,17541,333,12245,657,5296,0,0,937,11227,53,3159,937,14386,California
Butte,2021-01-23,125,17666,82,12327,43,5339,0,0,100,11302,25,3184,100,14486,California
Butte,2021-01-24,8,17674,6,12333,2,5341,0,0,8,11310,0,3184,8,14494,California
Butte,2021-01-25,651,18325,335,12668,316,5657,0,0,488,11635,163,3347,488,14982,California
Butte,2021-01-26,1460,19785,376,13044,1084,6741,0,0,1324,12823,136,3483,1324,16306,California
Butte,2021-01-27,2079,21864,705,13749,1374,8115,0,0,1363,13471,715,4198,1363,17669,California
Butte,2021-01-28,2258,24122,258,14007,2000,10115,0,0,1948,15110,309,4507,1948,19617,California
Butte,2021-01-29,1673,25795,487,14494,1186,11301,0,0,1294,16026,378,4885,1294,20911,California
Butte,2021-01-30,31,25826,9,14503,22,11323,0,0,28,16051,3,4888,28,20939,California
Butte,2021-01-31,17,25843,15,14518,2,11325,0,0,16,16066,1,4889,16,20955,California
Butte,2021-02-01,1745,27588,406,14924,1339,12664,0,0,1358,17039,385,5274,1358,22313,California
Butte,2021-02-02,1931,29519,362,15286,1569,14233,0,0,1627,18361,305,5579,1627,23940,California
Butte,2021-02-03,2733,32252,772,16058,1961,16194,0,0,1844,19318,887,6466,1844,25784,California
Butte,2021-02-04,2955,35207,325,16383,2630,18824,0,0,2400,21165,553,7019,2400,28184,California
Butte,2021-02-05,1164,36371,661,17044,503,19327,0,0,536,21074,628,7647,537,28721,California
Butte,2021-02-06,144,36515,102,17146,42,19369,0,0,62,21054,82,7729,62,28783,California
Butte,2021-02-07,38,36553,34,17180,4,19373,0,0,14,21044,24,7753,14,28797,California
Butte,2021-02-08,690,37243,541,17721,149,19522,0,0,239,20832,451,8204,239,29036,California
Butte,2021-02-09,948,38191,455,18176,493,20015,0,0,722,21328,226,8430,722,29758,California
Butte,2021-02-10,1706,39897,1189,19365,517,20532,0,0,697,21017,1008,9438,697,30455,California
Butte,2021-02-11,2197,42094,1347,20712,850,21382,0,0,1003,20826,1194,10632,1003,31458,California
Butte,2021-02-12,864,42958,299,21011,565,21947,0,0,317,20597,546,11178,317,31775,California
Butte,2021-02-13,250,43208,45,21056,205,22152,0,0,148,20643,102,11280,148,31923,California
Butte,2021-02-14,160,43368,9,21065,151,22303,0,0,155,20793,5,11285,155,32078,California
Butte,2021-02-15,261,43629,48,21113,213,22516,0,0,199,20930,62,11347,199,32277,California
Butte,2021-02-16,731,44360,428,21541,303,22819,0,0,274,20747,457,11804,274,32551,California
Butte,2021-02-17,1513,45873,846,22387,667,23486,0,0,840,20916,671,12475,840,33391,California
Butte,2021-02-18,1550,47423,759,23146,791,24277,0,0,746,20858,804,13279,746,34137,California
Butte,2021-02-19,1164,48587,387,23533,777,25054,0,0,400,20499,759,14038,400,34537,California
Butte,2021-02-20,473,49060,28,23561,445,25499,0,0,120,20267,352,14390,120,34657,California
Butte,2021-02-21,15,49075,13,23574,2,25501,0,0,11,20274,4,14394,11,34668,California
Butte,2021-02-22,1492,50567,296,23870,1196,26697,0,0,385,19553,1106,15500,385,35053,California
Butte,2021-02-23,1632,52199,298,24168,1334,28031,0,0,462,18850,1165,16665,462,35515,California
Butte,2021-02-24,2128,54327,595,24763,1533,29564,0,0,729,18188,1391,18056,729,36244,California
Butte,2021-02-25,2074,56401,577,25340,1497,31061,0,0,656,17430,1415,19471,657,36901,California
Butte,2021-02-26,920,57321,312,25652,608,31669,0,0,399,17311,518,19989,399,37300,California
Butte,2021-02-27,233,57554,47,25699,186,31855,0,0,186,17452,45,20034,186,37486,California
Butte,2021-02-28,142,57696,19,25718,123,31978,0,0,133,17576,9,20043,133,37619,California
Butte,2021-03-01,1620,59316,177,25895,1442,33420,1,1,327,16612,1292,21335,328,37947,California
Butte,2021-03-02,1731,61047,191,26086,1540,34960,0,1,302,15488,1426,22761,302,38249,California
Butte,2021-03-03,2755,63802,832,26918,1923,36883,0,1,471,13676,2283,25044,471,38720,California
Butte,2021-03-04,3116,66918,658,27576,2458,39341,0,1,609,11779,2506,27550,609,39329,California
Butte,2021-03-05,1324,68242,601,28177,722,40063,1,2,719,11897,602,28152,720,40049,California
Butte,2021-03-06,244,68486,27,28204,194,40257,23,25,184,12045,59,28211,207,40256,California
Butte,2021-03-07,56,68542,3,28207,36,40293,17,42,30,12066,26,28237,47,40303,California
Butte,2021-03-08,1262,69804,127,28334,1058,41351,77,119,1099,13081,161,28398,1176,41479,California
Butte,2021-03-09,1892,71696,276,28610,1513,42864,103,222,1408,14109,483,28881,1511,42990,California
Butte,2021-03-10,2317,74013,965,29575,1252,44116,100,322,1581,15058,731,29612,1680,44670,California
Butte,2021-03-11,2797,76810,1308,30883,1365,45481,124,446,1977,16349,810,30422,2101,46771,California
Butte,2021-03-12,1127,77937,323,31206,458,45939,346,792,354,16282,767,31189,700,47471,California
Butte,2021-03-13,242,78179,69,31275,126,46065,47,839,63,16213,179,31368,110,47581,California
Butte,2021-03-14,159,78338,15,31290,102,46167,42,881,21,16139,137,31505,63,47644,California
Butte,2021-03-15,1714,80052,359,31649,1061,47228,294,1175,1124,16968,589,32094,1418,49062,California
Butte,2021-03-16,1626,81678,415,32064,1133,48361,78,1253,1084,17590,539,32633,1161,50223,California
Butte,2021-03-17,1938,83616,1351,33415,506,48867,81,1334,1121,17980,811,33444,1201,51424,California
Butte,2021-03-18,1795,85411,1451,34866,213,49080,131,1465,1051,18422,739,34183,1181,52605,California
Butte,2021-03-19,691,86102,311,35177,296,49376,84,1549,341,18503,344,34527,425,53030,California
Butte,2021-03-20,205,86307,33,35210,156,49532,16,1565,94,18502,111,34638,110,53140,California
Butte,2021-03-21,57,86364,25,35235,3,49535,29,1594,15,18504,42,34680,44,53184,California
Butte,2021-03-22,1458,87822,352,35587,1012,50547,94,1688,1194,19531,261,34941,1288,54472,California
Butte,2021-03-23,1794,89616,487,36074,1193,51740,114,1802,1453,20758,340,35281,1567,56039,California
Butte,2021-03-24,2236,91852,1255,37329,855,52595,126,1928,1693,22038,538,35819,1818,57857,California
Butte,2021-03-25,1457,93309,1178,38507,190,52785,89,2017,997,22667,457,36276,1086,58943,California
Butte,2021-03-26,1198,94507,434,38941,518,53303,246,2263,559,22840,632,36908,805,59748,California
Butte,2021-03-27,300,94807,84,39025,192,53495,24,2287,133,22832,164,37072,156,59904,California
Butte,2021-03-28,223,95030,43,39068,172,53667,8,2295,99,22817,121,37193,106,60010,California
Butte,2021-03-29,1718,96748,379,39447,1269,54936,70,2365,1307,23786,408,37601,1377,61387,California
Butte,2021-03-30,1030,97778,465,39912,473,55409,92,2457,492,23836,534,38135,584,61971,California
Butte,2021-03-31,1770,99548,1300,41212,404,55813,66,2523,1091,24318,675,38810,1157,63128,California
Butte,2021-04-01,3269,102817,2654,43866,488,56301,127,2650,2203,25588,1061,39871,2331,65459,California
Butte,2021-04-02,994,103811,413,44279,463,56764,118,2768,566,25852,419,40290,683,66142,California
Butte,2021-04-03,342,104153,46,44325,222,56986,74,2842,164,25912,178,40468,238,66380,California
Butte,2021-04-04,185,104338,22,44347,140,57126,23,2865,108,25967,76,40544,131,66511,California
Butte,2021-04-05,1937,106275,412,44759,1368,58494,157,3022,600,25392,1331,41875,756,67267,California
Butte,2021-04-06,2149,108424,607,45366,1139,59633,403,3425,772,25195,1370,43245,1173,68440,California
Butte,2021-04-07,2926,111350,1260,46626,1289,60922,377,3802,650,23949,2273,45518,1027,69467,California
Butte,2021-04-08,2653,114003,1160,47786,1241,62163,252,4054,400,22355,2246,47764,652,70119,California
Butte,2021-04-09,889,114892,297,48083,428,62591,164,4218,261,22154,625,48389,424,70543,California
Butte,2021-04-10,55,114947,7,48090,22,62613,26,4244,15,22156,38,48427,40,70583,California
Calaveras,2020-12-16,5,5,5,5,0,0,0,0,5,5,0,0,5,5,California
Calaveras,2020-12-17,3,8,3,8,0,0,0,0,3,8,0,0,3,8,California
Calaveras,2020-12-18,38,46,38,46,0,0,0,0,38,46,0,0,38,46,California
Calaveras,2020-12-19,3,49,3,49,0,0,0,0,3,49,0,0,3,49,California
Calaveras,2020-12-20,3,52,3,52,0,0,0,0,3,52,0,0,3,52,California
Calaveras,2020-12-21,55,107,48,100,7,7,0,0,55,107,0,0,55,107,California
Calaveras,2020-12-22,80,187,76,176,4,11,0,0,81,188,0,0,81,188,California
Calaveras,2020-12-23,76,263,74,250,2,13,0,0,85,273,0,0,85,273,California
Calaveras,2020-12-24,2,265,2,252,0,13,0,0,2,275,0,0,2,275,California
Calaveras,2020-12-26,3,268,3,255,0,13,0,0,3,278,0,0,3,278,California
Calaveras,2020-12-28,22,290,18,273,4,17,0,0,21,298,1,1,21,299,California
Calaveras,2020-12-29,166,456,147,420,19,36,0,0,166,464,0,1,166,465,California
Calaveras,2020-12-30,94,550,82,502,12,48,0,0,94,558,0,1,94,559,California
Calaveras,2020-12-31,35,585,25,527,10,58,0,0,35,593,0,1,35,594,California
Calaveras,2021-01-02,11,596,11,538,0,58,0,0,11,604,0,1,11,605,California
Calaveras,2021-01-03,8,604,3,541,5,63,0,0,8,612,0,1,8,613,California
Calaveras,2021-01-04,33,637,5,546,28,91,0,0,33,645,0,1,33,646,California
Calaveras,2021-01-05,41,678,10,556,31,122,0,0,35,677,8,9,40,686,California
Calaveras,2021-01-06,109,787,30,586,79,201,0,0,99,766,10,19,99,785,California
Calaveras,2021-01-07,106,893,27,613,79,280,0,0,94,850,11,30,95,880,California
Calaveras,2021-01-08,69,962,38,651,31,311,0,0,46,874,23,53,47,927,California
Calaveras,2021-01-09,5,967,5,656,0,311,0,0,2,873,3,56,2,929,California
Calaveras,2021-01-10,2,969,0,656,2,313,0,0,2,875,0,56,2,931,California
Calaveras,2021-01-11,65,1034,59,715,6,319,0,0,28,868,36,92,29,960,California
Calaveras,2021-01-12,86,1120,53,768,33,352,0,0,54,890,32,124,54,1014,California
Calaveras,2021-01-13,107,1227,43,811,64,416,0,0,74,932,33,157,75,1089,California
Calaveras,2021-01-14,135,1362,40,851,95,511,0,0,102,1002,32,189,102,1191,California
Calaveras,2021-01-15,113,1475,51,902,62,573,0,0,87,1063,26,215,87,1278,California
Calaveras,2021-01-16,12,1487,2,904,10,583,0,0,11,1073,1,216,11,1289,California
Calaveras,2021-01-17,10,1497,1,905,9,592,0,0,10,1083,0,216,10,1299,California
Calaveras,2021-01-18,132,1629,20,925,112,704,0,0,119,1192,13,229,122,1421,California
Calaveras,2021-01-19,202,1831,172,1097,30,734,0,0,62,1116,138,367,62,1483,California
Calaveras,2021-01-20,392,2223,79,1176,313,1047,0,0,308,1349,83,450,316,1799,California
Calaveras,2021-01-21,462,2685,39,1215,423,1470,0,0,435,1763,27,477,441,2240,California
Calaveras,2021-01-22,430,3115,22,1237,408,1878,0,0,420,2180,10,487,427,2667,California
Calaveras,2021-01-23,22,3137,10,1247,12,1890,0,0,18,2194,4,491,18,2685,California
Calaveras,2021-01-24,14,3151,8,1255,6,1896,0,0,12,2204,2,493,12,2697,California
Calaveras,2021-01-25,121,3272,7,1262,114,2010,0,0,116,2315,5,498,116,2813,California
Calaveras,2021-01-26,49,3321,18,1280,31,2041,0,0,38,2342,11,509,38,2851,California
Calaveras,2021-01-27,161,3482,44,1324,117,2158,0,0,134,2450,26,535,134,2985,California
Calaveras,2021-01-28,164,3646,22,1346,142,2300,0,0,140,2569,24,559,143,3128,California
Calaveras,2021-01-29,441,4087,33,1379,408,2708,0,0,421,2977,20,579,428,3556,California
Calaveras,2021-01-30,28,4115,10,1389,18,2726,0,0,26,3003,0,579,26,3582,California
Calaveras,2021-01-31,4,4119,2,1391,2,2728,0,0,3,3005,1,580,3,3585,California
Calaveras,2021-02-01,53,4172,41,1432,12,2740,0,0,34,3020,19,599,34,3619,California
Calaveras,2021-02-02,110,4282,24,1456,86,2826,0,0,72,3059,34,633,73,3692,California
Calaveras,2021-02-03,440,4722,44,1500,396,3222,0,0,356,3333,83,716,357,4049,California
Calaveras,2021-02-04,376,5098,23,1523,353,3575,0,0,295,3547,81,797,295,4344,California
Calaveras,2021-02-05,80,5178,23,1546,57,3632,0,0,41,3550,39,836,42,4386,California
Calaveras,2021-02-06,22,5200,13,1559,9,3641,0,0,22,3572,0,836,22,4408,California
Calaveras,2021-02-07,4,5204,1,1560,3,3644,0,0,2,3572,2,838,2,4410,California
Calaveras,2021-02-08,39,5243,18,1578,21,3665,0,0,31,3597,6,844,31,4441,California
Calaveras,2021-02-09,208,5451,92,1670,116,3781,0,0,147,3688,56,900,147,4588,California
Calaveras,2021-02-10,506,5957,28,1698,478,4259,0,0,440,4063,66,966,441,5029,California
Calaveras,2021-02-11,578,6535,75,1773,503,4762,0,0,471,4430,105,1071,472,5501,California
Calaveras,2021-02-12,565,7100,323,2096,242,5004,0,0,492,4851,72,1143,493,5994,California
Calaveras,2021-02-13,192,7292,37,2133,155,5159,0,0,177,5013,15,1158,177,6171,California
Calaveras,2021-02-14,216,7508,72,2205,144,5303,0,0,202,5201,14,1172,202,6373,California
Calaveras,2021-02-15,378,7886,21,2226,357,5660,0,0,261,5348,114,1286,261,6634,California
Calaveras,2021-02-16,299,8185,173,2399,126,5786,0,0,242,5533,57,1343,242,6876,California
Calaveras,2021-02-17,524,8709,35,2434,489,6275,0,0,210,5437,307,1650,211,7087,California
Calaveras,2021-02-18,496,9205,89,2523,407,6682,0,0,98,5146,389,2039,98,7185,California
Calaveras,2021-02-19,437,9642,43,2566,394,7076,0,0,96,4910,332,2371,96,7281,California
Calaveras,2021-02-20,58,9700,14,2580,44,7120,0,0,47,4946,11,2382,47,7328,California
Calaveras,2021-02-21,20,9720,12,2592,8,7128,0,0,18,4962,2,2384,18,7346,California
Calaveras,2021-02-22,64,9784,40,2632,24,7152,0,0,34,4966,30,2414,34,7380,California
Calaveras,2021-02-23,150,9934,68,2700,82,7234,0,0,101,5019,49,2463,102,7482,California
Calaveras,2021-02-24,96,10030,46,2746,50,7284,0,0,66,5055,30,2493,66,7548,California
Calaveras,2021-02-25,550,10580,97,2843,453,7737,0,0,360,5228,187,2680,360,7908,California
Calaveras,2021-02-26,697,11277,45,2888,652,8389,0,0,372,5290,312,2992,374,8282,California
Calaveras,2021-02-27,202,11479,21,2909,181,8570,0,0,178,5444,24,3016,178,8460,California
Calaveras,2021-02-28,95,11574,15,2924,80,8650,0,0,91,5531,4,3020,91,8551,California
Calaveras,2021-03-01,274,11848,59,2983,215,8865,0,0,147,5553,126,3146,148,8699,California
Calaveras,2021-03-02,240,12088,90,3073,150,9015,0,0,200,5715,39,3185,201,8900,California
Calaveras,2021-03-03,499,12587,101,3174,398,9413,0,0,206,5630,291,3476,206,9106,California
Calaveras,2021-03-04,758,13345,60,3234,698,10111,0,0,344,5566,410,3886,346,9452,California
Calaveras,2021-03-05,457,13802,269,3503,183,10294,5,5,143,5402,312,4198,148,9600,California
Calaveras,2021-03-06,155,13957,43,3546,106,10400,6,11,121,5495,34,4232,127,9727,California
Calaveras,2021-03-07,76,14033,32,3578,36,10436,8,19,34,5496,42,4274,43,9770,California
Calaveras,2021-03-08,156,14189,24,3602,125,10561,7,26,124,5595,32,4306,131,9901,California
Calaveras,2021-03-09,374,14563,150,3752,218,10779,6,32,38,5306,333,4639,44,9945,California
Calaveras,2021-03-10,412,14975,24,3776,385,11164,3,35,54,5007,356,4995,57,10002,California
Calaveras,2021-03-11,838,15813,411,4187,414,11578,13,48,424,5032,412,5407,437,10439,California
Calaveras,2021-03-12,384,16197,210,4397,164,11742,10,58,318,5297,66,5473,331,10770,California
Calaveras,2021-03-13,164,16361,16,4413,140,11882,8,66,133,5409,31,5504,143,10913,California
Calaveras,2021-03-14,151,16512,10,4423,140,12022,1,67,18,5302,133,5637,26,10939,California
Calaveras,2021-03-15,328,16840,47,4470,255,12277,26,93,51,5106,277,5914,81,11020,California
Calaveras,2021-03-16,707,17547,570,5040,117,12394,20,113,553,5526,153,6067,573,11593,California
Calaveras,2021-03-17,274,17821,51,5091,211,12605,12,125,49,5364,224,6291,62,11655,California
Calaveras,2021-03-18,663,18484,568,5659,80,12685,15,140,547,5811,116,6407,563,12218,California
Calaveras,2021-03-19,228,18712,47,5706,108,12793,73,213,55,5769,170,6577,128,12346,California
Calaveras,2021-03-20,81,18793,21,5727,59,12852,1,214,26,5742,55,6632,28,12374,California
Calaveras,2021-03-21,48,18841,31,5758,6,12858,11,225,13,5731,35,6667,24,12398,California
Calaveras,2021-03-22,79,18920,36,5794,22,12880,21,246,27,5727,52,6719,48,12446,California
Calaveras,2021-03-23,302,19222,218,6012,74,12954,10,256,124,5689,172,6891,134,12580,California
Calaveras,2021-03-24,132,19354,49,6061,73,13027,10,266,47,5661,85,6976,57,12637,California
Calaveras,2021-03-25,734,20088,100,6161,632,13659,2,268,444,5820,288,7264,447,13084,California
Calaveras,2021-03-26,422,20510,25,6186,391,14050,6,274,88,5584,332,7596,96,13180,California
Calaveras,2021-03-27,210,20720,18,6204,188,14238,4,278,37,5458,170,7766,44,13224,California
Calaveras,2021-03-28,108,20828,11,6215,95,14333,2,280,8,5370,99,7865,11,13235,California
Calaveras,2021-03-29,175,21003,22,6237,151,14484,2,282,59,5318,115,7980,63,13298,California
Calaveras,2021-03-30,528,21531,31,6268,481,14965,16,298,365,5537,163,8143,382,13680,California
Calaveras,2021-03-31,323,21854,143,6411,170,15135,10,308,162,5548,161,8304,172,13852,California
Calaveras,2021-04-01,675,22529,437,6848,237,15372,1,309,188,5253,486,8790,191,14043,California
Calaveras,2021-04-02,392,22921,230,7078,154,15526,8,317,115,5102,275,9065,124,14167,California
Calaveras,2021-04-03,139,23060,29,7107,107,15633,3,320,38,5042,101,9166,41,14208,California
Calaveras,2021-04-04,78,23138,25,7132,53,15686,0,320,50,5064,28,9194,50,14258,California
Calaveras,2021-04-05,213,23351,87,7219,119,15805,7,327,99,5057,114,9308,107,14365,California
Calaveras,2021-04-06,632,23983,560,7779,60,15865,12,339,93,4626,536,9844,105,14470,California
Calaveras,2021-04-07,736,24719,643,8422,60,15925,33,372,609,5142,127,9971,643,15113,California
Calaveras,2021-04-08,905,25624,824,9246,61,15986,20,392,415,5090,489,10460,437,15550,California
Calaveras,2021-04-09,123,25747,38,9284,46,16032,39,431,42,5090,81,10541,81,15631,California
Calaveras,2021-04-10,33,25780,8,9292,14,16046,11,442,9,5086,24,10565,20,15651,California
Colusa,2020-12-18,1,1,1,1,0,0,0,0,1,1,0,0,1,1,California
Colusa,2020-12-21,2,3,2,3,0,0,0,0,2,3,0,0,2,3,California
Colusa,2020-12-22,10,13,10,13,0,0,0,0,10,13,0,0,10,13,California
Colusa,2020-12-23,10,23,10,23,0,0,0,0,10,23,0,0,10,23,California
Colusa,2020-12-24,2,25,1,24,1,1,0,0,2,25,0,0,2,25,California
Colusa,2020-12-27,1,26,1,25,0,1,0,0,1,26,0,0,1,26,California
Colusa,2020-12-28,7,33,3,28,4,5,0,0,7,33,0,0,7,33,California
Colusa,2020-12-29,10,43,7,35,3,8,0,0,10,43,0,0,10,43,California
Colusa,2020-12-30,50,93,13,48,37,45,0,0,50,93,0,0,50,93,California
Colusa,2020-12-31,18,111,1,49,17,62,0,0,18,111,0,0,18,111,California
Colusa,2021-01-04,4,115,0,49,4,66,0,0,4,115,0,0,4,115,California
Colusa,2021-01-05,67,182,1,50,66,132,0,0,67,182,0,0,67,182,California
Colusa,2021-01-06,15,197,9,59,6,138,0,0,15,197,0,0,15,197,California
Colusa,2021-01-07,38,235,4,63,34,172,0,0,37,233,1,1,37,234,California
Colusa,2021-01-08,9,244,7,70,2,174,0,0,8,240,1,2,8,242,California
Colusa,2021-01-09,2,246,1,71,1,175,0,0,2,242,0,2,2,244,California
Colusa,2021-01-10,1,247,0,71,1,176,0,0,1,243,0,2,1,245,California
Colusa,2021-01-11,12,259,6,77,6,182,0,0,7,245,5,7,7,252,California
Colusa,2021-01-12,11,270,9,86,2,184,0,0,6,246,5,12,6,258,California
Colusa,2021-01-13,21,291,13,99,8,192,0,0,13,251,8,20,13,271,California
Colusa,2021-01-14,35,326,28,127,7,199,0,0,33,282,2,22,33,304,California
Colusa,2021-01-15,41,367,5,132,36,235,0,0,39,319,2,24,39,343,California
Colusa,2021-01-16,12,379,1,133,11,246,0,0,11,329,1,25,11,354,California
Colusa,2021-01-17,3,382,2,135,1,247,0,0,2,330,1,26,2,356,California
Colusa,2021-01-18,4,386,0,135,4,251,0,0,4,334,0,26,4,360,California
Colusa,2021-01-19,9,395,8,143,1,252,0,0,5,335,4,30,5,365,California
Colusa,2021-01-20,115,510,101,244,14,266,0,0,102,424,13,43,102,467,California
Colusa,2021-01-21,56,566,41,285,15,281,0,0,55,478,1,44,55,522,California
Colusa,2021-01-22,40,606,17,302,23,304,0,0,35,508,5,49,35,557,California
Colusa,2021-01-23,35,641,6,308,29,333,0,0,35,543,0,49,35,592,California
Colusa,2021-01-25,7,648,0,308,7,340,0,0,7,550,0,49,7,599,California
Colusa,2021-01-26,8,656,5,313,3,343,0,0,5,552,3,52,5,604,California
Colusa,2021-01-27,107,763,31,344,76,419,0,0,105,655,2,54,105,709,California
Colusa,2021-01-28,78,841,45,389,33,452,0,0,72,721,6,60,72,781,California
Colusa,2021-01-29,40,881,7,396,33,485,0,0,39,759,1,61,39,820,California
Colusa,2021-01-30,27,908,4,400,23,508,0,0,27,786,0,61,27,847,California
Colusa,2021-01-31,7,915,7,407,0,508,0,0,7,793,0,61,7,854,California
Colusa,2021-02-01,27,942,10,417,17,525,0,0,22,810,5,66,22,876,California
Colusa,2021-02-02,42,984,8,425,34,559,0,0,36,840,6,72,36,912,California
Colusa,2021-02-03,69,1053,10,435,59,618,0,0,59,889,10,82,59,971,California
Colusa,2021-02-04,143,1196,81,516,62,680,0,0,115,976,28,110,115,1086,California
Colusa,2021-02-05,32,1228,8,524,24,704,0,0,29,1002,3,113,29,1115,California
Colusa,2021-02-06,284,1512,8,532,276,980,0,0,273,1264,11,124,273,1388,California
Colusa,2021-02-07,2,1514,1,533,1,981,0,0,0,1262,2,126,0,1388,California
Colusa,2021-02-08,40,1554,5,538,35,1016,0,0,37,1296,3,129,37,1425,California
Colusa,2021-02-09,231,1785,14,552,217,1233,0,0,176,1417,55,184,176,1601,California
Colusa,2021-02-10,116,1901,41,593,75,1308,0,0,73,1447,43,227,73,1674,California
Colusa,2021-02-11,97,1998,36,629,61,1369,0,0,72,1494,25,252,72,1746,California
Colusa,2021-02-12,118,2116,9,638,109,1478,0,0,80,1535,39,291,80,1826,California
Colusa,2021-02-13,60,2176,8,646,52,1530,0,0,52,1579,8,299,52,1878,California
Colusa,2021-02-14,20,2196,8,654,12,1542,0,0,14,1587,6,305,14,1892,California
Colusa,2021-02-15,45,2241,10,664,35,1577,0,0,38,1618,7,312,38,1930,California
Colusa,2021-02-16,67,2308,4,668,63,1640,0,0,66,1683,1,313,66,1996,California
Colusa,2021-02-17,206,2514,143,811,63,1703,0,0,60,1597,146,459,60,2056,California
Colusa,2021-02-18,135,2649,35,846,100,1803,0,0,112,1686,23,482,112,2168,California
Colusa,2021-02-19,155,2804,19,865,136,1939,0,0,129,1789,26,508,129,2297,California
Colusa,2021-02-20,28,2832,6,871,22,1961,0,0,12,1785,16,524,12,2309,California
Colusa,2021-02-21,1,2833,1,872,0,1961,0,0,0,1784,1,525,0,2309,California
Colusa,2021-02-22,43,2876,26,898,17,1978,0,0,29,1799,14,539,29,2338,California
Colusa,2021-02-23,21,2897,5,903,16,1994,0,0,17,1812,4,543,17,2355,California
Colusa,2021-02-24,300,3197,54,957,246,2240,0,0,158,1828,142,685,158,2513,California
Colusa,2021-02-25,100,3297,54,1011,46,2286,0,0,65,1858,35,720,65,2578,California
Colusa,2021-02-26,96,3393,12,1023,84,2370,0,0,58,1878,38,758,58,2636,California
Colusa,2021-02-27,55,3448,4,1027,51,2421,0,0,40,1903,15,773,40,2676,California
Colusa,2021-02-28,26,3474,14,1041,12,2433,0,0,17,1911,9,782,17,2693,California
Colusa,2021-03-01,46,3520,15,1056,31,2464,0,0,29,1923,17,799,29,2722,California
Colusa,2021-03-02,47,3567,13,1069,34,2498,0,0,24,1924,23,822,24,2746,California
Colusa,2021-03-03,237,3804,38,1107,199,2697,0,0,180,2047,57,879,180,2926,California
Colusa,2021-03-04,136,3940,58,1165,78,2775,0,0,80,2071,56,935,80,3006,California
Colusa,2021-03-05,97,4037,24,1189,64,2839,9,9,52,2087,45,980,61,3067,California
Colusa,2021-03-06,274,4311,9,1198,265,3104,0,9,37,1887,237,1217,37,3104,California
Colusa,2021-03-07,8,4319,5,1203,3,3107,0,9,6,1891,2,1219,6,3110,California
Colusa,2021-03-08,88,4407,20,1223,33,3140,35,44,44,1926,44,1263,79,3189,California
Colusa,2021-03-09,272,4679,70,1293,179,3319,23,67,83,1843,189,1452,106,3295,California
Colusa,2021-03-10,286,4965,35,1328,215,3534,36,103,200,1993,86,1538,236,3531,California
Colusa,2021-03-11,414,5379,58,1386,335,3869,21,124,332,2263,82,1620,352,3883,California
Colusa,2021-03-12,106,5485,18,1404,75,3944,13,137,20,2210,86,1706,33,3916,California
Colusa,2021-03-13,59,5544,15,1419,35,3979,9,146,17,2194,42,1748,26,3942,California
Colusa,2021-03-14,21,5565,0,1419,19,3998,2,148,7,2190,13,1761,9,3951,California
Colusa,2021-03-15,68,5633,26,1445,34,4032,8,156,13,2156,55,1816,21,3972,California
Colusa,2021-03-16,273,5906,14,1459,213,4245,46,202,166,2261,107,1923,212,4184,California
Colusa,2021-03-17,171,6077,48,1507,123,4368,0,202,88,2266,83,2006,88,4272,California
Colusa,2021-03-18,319,6396,33,1540,215,4583,71,273,196,2410,123,2129,267,4539,California
Colusa,2021-03-19,74,6470,17,1557,55,4638,2,275,51,2440,23,2152,53,4592,California
Colusa,2021-03-20,48,6518,7,1564,40,4678,1,276,35,2463,13,2165,36,4628,California
Colusa,2021-03-21,6,6524,4,1568,2,4680,0,276,4,2465,2,2167,4,4632,California
Colusa,2021-03-22,63,6587,10,1578,44,4724,9,285,41,2493,22,2189,50,4682,California
Colusa,2021-03-23,80,6667,16,1594,62,4786,2,287,53,2521,27,2216,55,4737,California
Colusa,2021-03-24,334,7001,56,1650,272,5058,6,293,69,2330,265,2481,74,4811,California
Colusa,2021-03-25,107,7108,59,1709,43,5101,5,298,50,2328,57,2538,55,4866,California
Colusa,2021-03-26,298,7406,47,1756,247,5348,4,302,245,2524,53,2591,249,5115,California
Colusa,2021-03-27,62,7468,5,1761,57,5405,0,302,24,2510,38,2629,24,5139,California
Colusa,2021-03-28,15,7483,6,1767,9,5414,0,302,7,2509,8,2637,7,5146,California
Colusa,2021-03-29,68,7551,19,1786,44,5458,5,307,30,2506,38,2675,35,5181,California
Colusa,2021-03-30,145,7696,77,1863,66,5524,2,309,76,2515,69,2744,78,5259,California
Colusa,2021-03-31,226,7922,35,1898,191,5715,0,309,72,2434,153,2897,72,5331,California
Colusa,2021-04-01,421,8343,64,1962,302,6017,55,364,300,2669,120,3017,355,5686,California
Colusa,2021-04-02,81,8424,14,1976,54,6071,13,377,40,2681,41,3058,53,5739,California
Colusa,2021-04-03,59,8483,7,1983,29,6100,23,400,13,2671,46,3104,36,5775,California
Colusa,2021-04-04,18,8501,0,1983,8,6108,10,410,3,2669,15,3119,13,5788,California
Colusa,2021-04-05,97,8598,25,2008,57,6165,15,425,40,2667,57,3176,55,5843,California
Colusa,2021-04-06,123,8721,34,2042,41,6206,48,473,40,2672,83,3259,88,5931,California
Colusa,2021-04-07,225,8946,40,2082,165,6371,20,493,100,2669,125,3384,122,6053,California
Colusa,2021-04-08,402,9348,34,2116,345,6716,23,516,118,2528,283,3667,142,6195,California
Colusa,2021-04-09,58,9406,13,2129,29,6745,16,532,23,2532,35,3702,39,6234,California
Colusa,2021-04-10,22,9428,2,2131,11,6756,9,541,8,2535,14,3716,17,6251,California
Contra Costa,2020-12-15,19,19,19,19,0,0,0,0,19,19,0,0,19,19,California
Contra Costa,2020-12-16,523,542,523,542,0,0,0,0,523,542,0,0,523,542,California
Contra Costa,2020-12-17,908,1450,908,1450,0,0,0,0,908,1450,0,0,908,1450,California
Contra Costa,2020-12-18,1590,3040,1589,3039,1,1,0,0,1590,3040,0,0,1590,3040,California
Contra Costa,2020-12-19,1100,4140,1099,4138,1,2,0,0,1100,4140,0,0,1100,4140,California
Contra Costa,2020-12-20,582,4722,581,4719,1,3,0,0,582,4722,0,0,582,4722,California
Contra Costa,2020-12-21,1651,6373,1649,6368,2,5,0,0,1651,6373,0,0,1651,6373,California
Contra Costa,2020-12-22,1669,8042,1564,7932,105,110,0,0,1669,8042,0,0,1669,8042,California
Contra Costa,2020-12-23,1575,9617,1329,9261,246,356,0,0,1575,9617,0,0,1575,9617,California
Contra Costa,2020-12-24,652,10269,335,9596,317,673,0,0,652,10269,0,0,652,10269,California
Contra Costa,2020-12-25,38,10307,16,9612,22,695,0,0,38,10307,0,0,38,10307,California
Contra Costa,2020-12-26,639,10946,130,9742,509,1204,0,0,639,10946,0,0,639,10946,California
Contra Costa,2020-12-27,240,11186,86,9828,154,1358,0,0,240,11186,0,0,240,11186,California
Contra Costa,2020-12-28,1826,13012,860,10688,966,2324,0,0,1826,13012,0,0,1826,13012,California
Contra Costa,2020-12-29,1823,14835,823,11511,1000,3324,0,0,1823,14835,0,0,1823,14835,California
Contra Costa,2020-12-30,2384,17219,1208,12719,1176,4500,0,0,2383,17218,0,0,2383,17218,California
Contra Costa,2020-12-31,911,18130,307,13026,604,5104,0,0,910,18128,0,0,910,18128,California
Contra Costa,2021-01-01,57,18187,23,13049,34,5138,0,0,57,18185,0,0,57,18185,California
Contra Costa,2021-01-02,332,18519,172,13221,160,5298,0,0,332,18517,0,0,332,18517,California
Contra Costa,2021-01-03,174,18693,116,13337,58,5356,0,0,173,18690,0,0,173,18690,California
Contra Costa,2021-01-04,1894,20587,1245,14582,649,6005,0,0,1873,20544,19,19,1873,20563,California
Contra Costa,2021-01-05,2095,22682,1255,15837,840,6845,0,0,1836,22123,258,277,1837,22400,California
Contra Costa,2021-01-06,3264,25946,2240,18077,1024,7869,0,0,2506,23879,753,1030,2509,24909,California
Contra Costa,2021-01-07,3089,29035,2057,20134,1032,8901,0,0,1879,24551,1207,2237,1879,26788,California
Contra Costa,2021-01-08,3364,32399,2377,22511,987,9888,0,0,1805,24806,1553,3790,1808,28596,California
Contra Costa,2021-01-09,1581,33980,1130,23641,451,10339,0,0,747,24721,833,4623,748,29344,California
Contra Costa,2021-01-10,361,34341,288,23929,73,10412,0,0,150,24660,211,4834,150,29494,California
Contra Costa,2021-01-11,3833,38174,3118,27047,715,11127,0,0,2230,25289,1603,6437,2232,31726,California
Contra Costa,2021-01-12,3904,42078,2929,29976,975,12102,0,0,2580,26547,1324,7761,2582,34308,California
Contra Costa,2021-01-13,4664,46742,2880,32856,1784,13886,0,0,3733,29353,927,8688,3733,38041,California
Contra Costa,2021-01-14,4294,51036,1552,34408,2742,16628,0,0,3912,32883,382,9070,3912,41953,California
Contra Costa,2021-01-15,5315,56351,2451,36859,2864,19492,0,0,4993,37560,321,9391,4998,46951,California
Contra Costa,2021-01-16,1703,58054,545,37404,1158,20650,0,0,1629,39115,74,9465,1629,48580,California
Contra Costa,2021-01-17,1631,59685,971,38375,660,21310,0,0,1509,40505,122,9587,1512,50092,California
Contra Costa,2021-01-18,3180,62865,1249,39624,1931,23241,0,0,2558,42448,616,10203,2559,52651,California
Contra Costa,2021-01-19,7050,69915,3150,42774,3900,27141,0,0,6048,47503,999,11202,6054,58705,California
Contra Costa,2021-01-20,6587,76502,4035,46809,2552,29693,0,0,5362,51648,1221,12423,5366,64071,California
Contra Costa,2021-01-21,6946,83448,3084,49893,3862,33555,0,0,6226,57166,715,13138,6233,70304,California
Contra Costa,2021-01-22,6354,89802,2696,52589,3658,37213,0,0,5498,61821,846,13984,5501,75805,California
Contra Costa,2021-01-23,2023,91825,358,52947,1665,38878,0,0,1766,63334,255,14239,1768,77573,California
Contra Costa,2021-01-24,1575,93400,214,53161,1361,40239,0,0,1431,64625,144,14383,1435,79008,California
Contra Costa,2021-01-25,6606,100006,3008,56169,3598,43837,0,0,5051,68125,1554,15937,5054,84062,California
Contra Costa,2021-01-26,8041,108047,4661,60830,3380,47217,0,0,6215,72523,1819,17756,6217,90279,California
Contra Costa,2021-01-27,8214,116261,5486,66316,2728,49945,0,0,6323,77046,1804,19560,6327,96606,California
Contra Costa,2021-01-28,7374,123635,4049,70365,3325,53270,0,0,5786,81254,1582,21142,5790,102396,California
Contra Costa,2021-01-29,7416,131051,3877,74242,3539,56809,0,0,6114,86072,1299,22441,6117,108513,California
Contra Costa,2021-01-30,2080,133131,596,74838,1484,58293,0,0,1715,87429,358,22799,1715,110228,California
Contra Costa,2021-01-31,701,133832,482,75320,219,58512,0,0,575,87881,123,22922,575,110803,California
Contra Costa,2021-02-01,5507,139339,3758,79078,1749,60261,0,0,3882,90146,1620,24542,3885,114688,California
Contra Costa,2021-02-02,7745,147084,5276,84354,2469,62730,0,0,5897,94198,1846,26388,5898,120586,California
Contra Costa,2021-02-03,8265,155349,5459,89813,2806,65536,0,0,5634,97212,2621,29009,5635,126221,California
Contra Costa,2021-02-04,7440,162789,3531,93344,3909,69445,0,0,5725,101227,1712,30721,5727,131948,California
Contra Costa,2021-02-05,8421,171210,4822,98166,3599,73044,0,0,5724,104261,2691,33412,5725,137673,California
Contra Costa,2021-02-06,3460,174670,2149,100315,1311,74355,0,0,2813,106429,646,34058,2814,140487,California
Contra Costa,2021-02-07,975,175645,704,101019,271,74626,0,0,602,106659,372,34430,602,141089,California
Contra Costa,2021-02-08,5787,181432,3430,104449,2357,76983,0,0,4315,109508,1467,35897,4316,145405,California
Contra Costa,2021-02-09,8622,190054,4751,109200,3871,80854,0,0,5751,112395,2866,38763,5753,151158,California
Contra Costa,2021-02-10,8591,198645,4635,113835,3956,84810,0,0,5399,114620,3178,41941,5403,156561,California
Contra Costa,2021-02-11,9206,207851,4190,118025,5016,89826,0,0,5247,115918,3953,45894,5251,161812,California
Contra Costa,2021-02-12,10055,217906,4605,122630,5450,95276,0,0,5458,116789,4590,50484,5461,167273,California
Contra Costa,2021-02-13,4860,222766,1356,123986,3504,98780,0,0,3398,118729,1459,51943,3399,170672,California
Contra Costa,2021-02-14,2078,224844,862,124848,1216,99996,0,0,1220,119092,857,52800,1220,171892,California
Contra Costa,2021-02-15,4429,229273,2458,127306,1971,101967,0,0,2345,119361,2078,54878,2347,174239,California
Contra Costa,2021-02-16,10389,239662,4894,132200,5495,107462,0,0,4633,118249,5749,60627,4637,178876,California
Contra Costa,2021-02-17,12253,251915,6112,138312,6141,113603,0,0,5618,117246,6621,67248,5618,184494,California
Contra Costa,2021-02-18,11429,263344,5943,144255,5486,119089,0,0,5306,116442,6112,73360,5308,189802,California
Contra Costa,2021-02-19,11381,274725,7096,151351,4285,123374,0,0,5167,115411,6200,79560,5169,194971,California
Contra Costa,2021-02-20,6434,281159,2885,154236,3549,126923,0,0,4565,118125,1853,81413,4567,199538,California
Contra Costa,2021-02-21,1789,282948,1243,155479,546,127469,0,0,1082,118501,706,82119,1082,200620,California
Contra Costa,2021-02-22,7521,290469,5092,160571,2429,129898,0,0,3476,117940,4038,86157,3477,204097,California
Contra Costa,2021-02-23,11853,302322,7225,167796,4628,134526,0,0,5904,117912,5936,92093,5908,210005,California
Contra Costa,2021-02-24,10449,312771,7666,175462,2783,137309,0,0,5041,117563,5392,97485,5043,215048,California
Contra Costa,2021-02-25,11421,324192,7192,182654,4229,141538,0,0,5183,116531,6219,103704,5187,220235,California
Contra Costa,2021-02-26,10674,334866,6732,189386,3942,145480,0,0,5291,116454,5369,109073,5292,225527,California
Contra Costa,2021-02-27,6595,341461,4192,193578,2403,147883,0,0,4096,118058,2493,111566,4097,229624,California
Contra Costa,2021-02-28,3785,345246,3121,196699,664,148547,0,0,3193,120662,590,112156,3194,232818,California
Contra Costa,2021-03-01,8068,353314,6070,202769,1998,150545,0,0,4961,122529,3096,115252,4963,237781,California
Contra Costa,2021-03-02,10015,363329,6261,209030,3753,154298,1,1,5177,122884,4824,120076,5179,242960,California
Contra Costa,2021-03-03,10923,374252,6841,215871,4081,158379,1,2,6042,124062,4866,124942,6044,249004,California
Contra Costa,2021-03-04,11840,386092,7058,222929,4782,163161,0,2,6131,124502,5691,130633,6131,255135,California
Contra Costa,2021-03-05,11171,397263,6632,229561,4535,167696,4,6,6348,126044,4810,135443,6352,261487,California
Contra Costa,2021-03-06,7245,404508,3981,233542,2957,170653,307,313,4682,128479,2553,137996,4988,266475,California
Contra Costa,2021-03-07,3595,408103,2250,235792,1286,171939,59,372,2924,130792,670,138666,2983,269458,California
Contra Costa,2021-03-08,8029,416132,3751,239543,3975,175914,303,675,5359,133799,2659,141325,5666,275124,California
Contra Costa,2021-03-09,10136,426268,4973,244516,4869,180783,294,969,5017,133997,5113,146438,5311,280435,California
Contra Costa,2021-03-10,12068,438336,5937,250453,4646,185429,1485,2454,5452,134322,6609,153047,6934,287369,California
Contra Costa,2021-03-11,12396,450732,6523,256976,5323,190752,550,3004,6329,135155,6048,159095,6881,294250,California
Contra Costa,2021-03-12,12435,463167,5087,262063,6823,197575,525,3529,6231,135721,6190,165285,6756,301006,California
Contra Costa,2021-03-13,7661,470828,3033,265096,4218,201793,410,3939,3037,134555,4608,169893,3442,304448,California
Contra Costa,2021-03-14,4319,475147,2529,267625,1311,203104,479,4418,2066,134852,2248,172141,2545,306993,California
Contra Costa,2021-03-15,9361,484508,5042,272667,3567,206671,752,5170,4748,135755,4598,176739,5501,312494,California
Contra Costa,2021-03-16,14227,498735,8452,281119,5381,212052,394,5564,7272,136483,6938,183677,7666,320160,California
Contra Costa,2021-03-17,14941,513676,10331,291450,4401,216453,209,5773,8556,138887,6366,190043,8770,328930,California
Contra Costa,2021-03-18,15328,529004,8521,299971,6329,222782,478,6251,8783,141627,6520,196563,9260,338190,California
Contra Costa,2021-03-19,15457,544461,8861,308832,5206,227988,1390,7641,8288,144150,7157,203720,9680,347870,California
Contra Costa,2021-03-20,10568,555029,6313,315145,3955,231943,300,7941,5211,144319,5341,209061,5510,353380,California
Contra Costa,2021-03-21,4437,559466,3882,319027,470,232413,85,8026,2093,144157,2340,211401,2178,355558,California
Contra Costa,2021-03-22,11486,570952,8653,327680,2585,234998,248,8274,7072,147073,4405,215806,7321,362879,California
Contra Costa,2021-03-23,15568,586520,10727,338407,4674,239672,167,8441,9540,150779,6004,221810,9710,372589,California
Contra Costa,2021-03-24,14880,601400,11622,350029,3047,242719,211,8652,9191,154518,5665,227475,9404,381993,California
Contra Costa,2021-03-25,15136,616536,11802,361831,3063,245782,271,8923,9360,158409,5740,233215,9631,391624,California
Contra Costa,2021-03-26,14869,631405,10668,372499,3806,249588,395,9318,8799,161549,6051,239266,9191,400815,California
Contra Costa,2021-03-27,10392,641797,6727,379226,3158,252746,507,9825,5771,163211,4613,243879,6275,407090,California
Contra Costa,2021-03-28,4106,645903,2912,382138,1141,253887,53,9878,1772,162710,2326,246205,1825,408915,California
Contra Costa,2021-03-29,10817,656720,8456,390594,2247,256134,114,9992,7097,166215,3707,249912,7212,416127,California
Contra Costa,2021-03-30,16693,673413,9111,399705,6251,262385,1331,11323,11100,173067,5578,255490,12430,428557,California
Contra Costa,2021-03-31,17891,691304,12543,412248,3912,266297,1436,12759,11612,179869,6249,261739,13051,441608,California
Contra Costa,2021-04-01,17375,708679,12191,424439,3825,270122,1359,14118,11366,186602,5994,267733,12727,454335,California
Contra Costa,2021-04-02,17293,725972,12800,437239,3499,273621,994,15112,11587,193489,5696,273429,12583,466918,California
Contra Costa,2021-04-03,10719,736691,6386,443625,2809,276430,1524,16636,6181,196668,4526,277955,7705,474623,California
Contra Costa,2021-04-04,3202,739893,1226,444851,1416,277846,560,17196,829,195688,2369,280324,1389,476012,California
Contra Costa,2021-04-05,11938,751831,7816,452667,3206,281052,916,18112,6563,197803,5365,285689,7480,483492,California
Contra Costa,2021-04-06,16778,768609,11610,464277,2981,284033,2187,20299,9391,202012,7371,293060,11580,495072,California
Contra Costa,2021-04-07,17250,785859,11517,475794,3138,287171,2595,22894,9574,206558,7662,300722,12208,507280,California
Contra Costa,2021-04-08,17354,803213,11430,487224,3208,290379,2716,25610,9077,210083,8261,308983,11786,519066,California
Contra Costa,2021-04-09,15848,819061,10230,497454,3909,294288,1709,27319,8617,213194,7213,316196,10324,529390,California
Contra Costa,2021-04-10,6214,825275,1807,499261,1512,295800,2895,30214,1892,213667,4312,320508,4785,534175,California
Del Norte,2020-12-21,23,23,23,23,0,0,0,0,23,23,0,0,23,23,California
Del Norte,2020-12-22,46,69,46,69,0,0,0,0,46,69,0,0,46,69,California
Del Norte,2020-12-23,58,127,48,117,10,10,0,0,57,126,0,0,57,126,California
Del Norte,2020-12-28,34,161,34,151,0,10,0,0,34,160,0,0,34,160,California
Del Norte,2020-12-29,4,165,4,155,0,10,0,0,4,164,0,0,4,164,California
Del Norte,2020-12-30,67,232,55,210,12,22,0,0,68,232,0,0,68,232,California
Del Norte,2020-12-31,16,248,13,223,3,25,0,0,16,248,0,0,16,248,California
Del Norte,2021-01-04,102,350,49,272,53,78,0,0,102,350,0,0,102,350,California
Del Norte,2021-01-05,33,383,0,272,33,111,0,0,33,383,0,0,33,383,California
Del Norte,2021-01-06,77,460,18,290,59,170,0,0,77,460,0,0,77,460,California
Del Norte,2021-01-07,21,481,1,291,20,190,0,0,21,481,0,0,21,481,California
Del Norte,2021-01-08,77,558,7,298,70,260,0,0,77,558,0,0,77,558,California
Del Norte,2021-01-11,40,598,21,319,19,279,0,0,18,555,22,22,19,577,California
Del Norte,2021-01-12,50,648,32,351,18,297,0,0,29,563,21,43,29,606,California
Del Norte,2021-01-13,85,733,40,391,45,342,0,0,52,582,33,76,52,658,California
Del Norte,2021-01-14,52,785,14,405,38,380,0,0,46,622,6,82,46,704,California
Del Norte,2021-01-15,107,892,18,423,89,469,0,0,95,705,12,94,95,799,California
Del Norte,2021-01-17,1,893,1,424,0,469,0,0,1,706,0,94,1,800,California
Del Norte,2021-01-18,2,895,0,424,2,471,0,0,2,708,0,94,2,802,California
Del Norte,2021-01-19,119,1014,56,480,63,534,0,0,77,743,42,136,77,879,California
Del Norte,2021-01-20,158,1172,84,564,74,608,0,0,96,777,62,198,96,975,California
Del Norte,2021-01-21,43,1215,40,604,3,611,0,0,32,798,11,209,32,1007,California
Del Norte,2021-01-22,19,1234,16,620,3,614,0,0,12,803,7,216,12,1019,California
Del Norte,2021-01-23,1,1235,0,620,1,615,0,0,1,804,0,216,1,1020,California
Del Norte,2021-01-24,1,1236,0,620,1,616,0,0,1,805,0,216,1,1021,California
Del Norte,2021-01-25,97,1333,79,699,18,634,0,0,53,814,44,260,53,1074,California
Del Norte,2021-01-26,18,1351,11,710,7,641,0,0,7,810,11,271,7,1081,California
Del Norte,2021-01-27,64,1415,21,731,43,684,0,0,61,868,3,274,61,1142,California
Del Norte,2021-01-28,291,1706,20,751,271,955,0,0,287,1151,4,278,287,1429,California
Del Norte,2021-01-29,51,1757,19,770,32,987,0,0,41,1182,10,288,41,1470,California
Del Norte,2021-01-30,8,1765,1,771,7,994,0,0,8,1190,0,288,8,1478,California
Del Norte,2021-02-01,41,1806,1,772,40,1034,0,0,26,1201,15,303,26,1504,California
Del Norte,2021-02-02,142,1948,34,806,108,1142,0,0,73,1206,68,371,73,1577,California
Del Norte,2021-02-03,125,2073,40,846,85,1227,0,0,71,1223,54,425,71,1648,California
Del Norte,2021-02-04,71,2144,29,875,42,1269,0,0,41,1234,30,455,41,1689,California
Del Norte,2021-02-05,181,2325,22,897,159,1428,0,0,118,1290,62,517,118,1807,California
Del Norte,2021-02-06,310,2635,6,903,304,1732,0,0,310,1600,0,517,310,2117,California
Del Norte,2021-02-07,2,2637,1,904,1,1733,0,0,2,1602,0,517,2,2119,California
Del Norte,2021-02-08,36,2673,1,905,35,1768,0,0,32,1630,4,521,32,2151,California
Del Norte,2021-02-09,8,2681,5,910,3,1771,0,0,2,1626,6,527,2,2153,California
Del Norte,2021-02-10,143,2824,20,930,123,1894,0,0,86,1656,56,583,86,2239,California
Del Norte,2021-02-11,175,2999,58,988,117,2011,0,0,63,1607,112,695,63,2302,California
Del Norte,2021-02-12,120,3119,14,1002,106,2117,0,0,66,1619,54,749,66,2368,California
Del Norte,2021-02-13,2,3121,1,1003,1,2118,0,0,2,1621,0,749,2,2370,California
Del Norte,2021-02-14,3,3124,1,1004,2,2120,0,0,2,1622,1,750,2,2372,California
Del Norte,2021-02-15,4,3128,0,1004,4,2124,0,0,2,1622,2,752,2,2374,California
Del Norte,2021-02-16,132,3260,1,1005,131,2255,0,0,13,1516,119,871,13,2387,California
Del Norte,2021-02-17,91,3351,20,1025,71,2326,0,0,24,1473,67,938,24,2411,California
Del Norte,2021-02-18,77,3428,24,1049,53,2379,0,0,51,1498,26,964,51,2462,California
Del Norte,2021-02-19,43,3471,17,1066,26,2405,0,0,33,1521,10,974,33,2495,California
Del Norte,2021-02-20,9,3480,6,1072,3,2408,0,0,7,1526,2,976,7,2502,California
Del Norte,2021-02-22,2,3482,0,1072,2,2410,0,0,2,1528,0,976,2,2504,California
Del Norte,2021-02-23,102,3584,84,1156,18,2428,0,0,31,1488,71,1047,31,2535,California
Del Norte,2021-02-24,152,3736,98,1254,54,2482,0,0,79,1494,73,1120,79,2614,California
Del Norte,2021-02-25,473,4209,130,1384,343,2825,0,0,210,1442,262,1382,210,2824,California
Del Norte,2021-02-26,211,4420,175,1559,36,2861,0,0,165,1561,46,1428,165,2989,California
Del Norte,2021-02-27,150,4570,145,1704,5,2866,0,0,141,1693,9,1437,141,3130,California
Del Norte,2021-02-28,4,4574,1,1705,3,2869,0,0,3,1695,1,1438,3,3133,California
Del Norte,2021-03-01,27,4601,2,1707,25,2894,0,0,4,1676,23,1461,4,3137,California
Del Norte,2021-03-02,218,4819,140,1847,78,2972,0,0,185,1828,33,1494,185,3322,California
Del Norte,2021-03-03,158,4977,90,1937,68,3040,0,0,117,1904,41,1535,117,3439,California
Del Norte,2021-03-04,120,5097,83,2020,37,3077,0,0,91,1967,28,1563,91,3530,California
Del Norte,2021-03-05,92,5189,9,2029,83,3160,0,0,44,1963,48,1611,44,3574,California
Del Norte,2021-03-06,434,5623,74,2103,310,3470,50,50,154,1844,280,1891,161,3735,California
Del Norte,2021-03-07,2,5625,1,2104,1,3471,0,50,1,1844,1,1892,1,3736,California
Del Norte,2021-03-08,28,5653,1,2105,25,3496,2,52,5,1828,23,1915,7,3743,California
Del Norte,2021-03-09,193,5846,112,2217,78,3574,3,55,182,2002,11,1926,185,3928,California
Del Norte,2021-03-10,218,6064,97,2314,93,3667,28,83,132,2076,86,2012,160,4088,California
Del Norte,2021-03-11,146,6210,55,2369,91,3758,0,83,102,2135,43,2055,102,4190,California
Del Norte,2021-03-12,178,6388,91,2460,87,3845,0,83,126,2209,52,2107,126,4316,California
Del Norte,2021-03-13,95,6483,94,2554,1,3846,0,83,91,2296,4,2111,91,4407,California
Del Norte,2021-03-14,1,6484,0,2554,1,3847,0,83,0,2295,1,2112,0,4407,California
Del Norte,2021-03-15,39,6523,0,2554,38,3885,1,84,34,2325,5,2117,35,4442,California
Del Norte,2021-03-16,276,6799,135,2689,141,4026,0,84,255,2559,21,2138,255,4697,California
Del Norte,2021-03-17,284,7083,97,2786,185,4211,2,86,170,2617,114,2252,172,4869,California
Del Norte,2021-03-18,287,7370,109,2895,175,4386,3,89,151,2636,135,2387,154,5023,California
Del Norte,2021-03-19,264,7634,158,3053,100,4486,6,95,90,2558,174,2561,96,5119,California
Del Norte,2021-03-20,158,7792,156,3209,2,4488,0,95,16,2432,142,2703,16,5135,California
Del Norte,2021-03-21,4,7796,2,3211,2,4490,0,95,2,2432,2,2705,2,5137,California
Del Norte,2021-03-22,41,7837,2,3213,38,4528,1,96,38,2468,3,2708,39,5176,California
Del Norte,2021-03-23,329,8166,162,3375,149,4677,18,114,160,2479,167,2875,178,5354,California
Del Norte,2021-03-24,392,8558,107,3482,244,4921,41,155,238,2604,154,3029,279,5633,California
Del Norte,2021-03-25,194,8752,90,3572,104,5025,0,155,87,2585,106,3135,87,5720,California
Del Norte,2021-03-26,227,8979,108,3680,119,5144,0,155,194,2746,33,3168,194,5914,California
Del Norte,2021-03-27,108,9087,87,3767,4,5148,17,172,19,2693,89,3257,36,5950,California
Del Norte,2021-03-28,4,9091,2,3769,2,5150,0,172,1,2691,3,3260,1,5951,California
Del Norte,2021-03-29,56,9147,6,3775,33,5183,17,189,31,2714,25,3285,48,5999,California
Del Norte,2021-03-30,334,9481,118,3893,205,5388,11,200,128,2647,206,3491,139,6138,California
Del Norte,2021-03-31,346,9827,100,3993,229,5617,17,217,190,2700,154,3645,207,6345,California
Del Norte,2021-04-01,165,9992,60,4053,71,5688,34,251,70,2710,94,3739,104,6449,California
Del Norte,2021-04-02,232,10224,80,4133,104,5792,48,299,76,2679,156,3895,125,6574,California
Del Norte,2021-04-03,103,10327,82,4215,2,5794,19,318,4,2604,98,3993,23,6597,California
Del Norte,2021-04-04,4,10331,0,4215,0,5794,4,322,0,2604,4,3997,4,6601,California
Del Norte,2021-04-05,53,10384,5,4220,44,5838,4,326,46,2647,7,4004,50,6651,California
Del Norte,2021-04-06,376,10760,122,4342,220,6058,34,360,147,2606,223,4227,182,6833,California
Del Norte,2021-04-07,329,11089,107,4449,171,6229,51,411,218,2764,111,4338,269,7102,California
Del Norte,2021-04-08,189,11278,53,4502,111,6340,25,436,109,2818,80,4418,134,7236,California
Del Norte,2021-04-09,175,11453,32,4534,72,6412,71,507,85,2883,90,4508,155,7391,California
Del Norte,2021-04-10,11,11464,2,4536,1,6413,8,515,2,2884,9,4517,10,7401,California
El Dorado,2020-12-15,12,12,12,12,0,0,0,0,12,12,0,0,12,12,California
El Dorado,2020-12-16,40,52,40,52,0,0,0,0,40,52,0,0,40,52,California
El Dorado,2020-12-17,30,82,30,82,0,0,0,0,30,82,0,0,30,82,California
El Dorado,2020-12-18,236,318,236,318,0,0,0,0,236,318,0,0,236,318,California
El Dorado,2020-12-19,116,434,116,434,0,0,0,0,116,434,0,0,116,434,California
El Dorado,2020-12-20,84,518,84,518,0,0,0,0,84,518,0,0,84,518,California
El Dorado,2020-12-21,306,824,305,823,1,1,0,0,306,824,0,0,306,824,California
El Dorado,2020-12-22,239,1063,215,1038,24,25,0,0,239,1063,0,0,239,1063,California
El Dorado,2020-12-23,189,1252,139,1177,50,75,0,0,189,1252,0,0,189,1252,California
El Dorado,2020-12-24,86,1338,65,1242,21,96,0,0,86,1338,0,0,86,1338,California
El Dorado,2020-12-25,8,1346,8,1250,0,96,0,0,8,1346,0,0,8,1346,California
El Dorado,2020-12-26,43,1389,25,1275,18,114,0,0,43,1389,0,0,43,1389,California
El Dorado,2020-12-27,37,1426,33,1308,4,118,0,0,37,1426,0,0,37,1426,California
El Dorado,2020-12-28,216,1642,170,1478,46,164,0,0,216,1642,0,0,216,1642,California
El Dorado,2020-12-29,454,2096,140,1618,314,478,0,0,454,2096,0,0,454,2096,California
El Dorado,2020-12-30,504,2600,136,1754,368,846,0,0,504,2600,0,0,504,2600,California
El Dorado,2020-12-31,108,2708,68,1822,40,886,0,0,108,2708,0,0,108,2708,California
El Dorado,2021-01-01,6,2714,4,1826,2,888,0,0,6,2714,0,0,6,2714,California
El Dorado,2021-01-02,150,2864,139,1965,11,899,0,0,150,2864,0,0,150,2864,California
El Dorado,2021-01-03,90,2954,16,1981,74,973,0,0,90,2954,0,0,90,2954,California
El Dorado,2021-01-04,190,3144,63,2044,127,1100,0,0,190,3144,0,0,190,3144,California
El Dorado,2021-01-05,202,3346,48,2092,154,1254,0,0,186,3314,16,16,186,3330,California
El Dorado,2021-01-06,261,3607,188,2280,73,1327,0,0,198,3449,63,79,198,3528,California
El Dorado,2021-01-07,326,3933,134,2414,192,1519,0,0,256,3635,70,149,256,3784,California
El Dorado,2021-01-08,970,4903,500,2914,470,1989,0,0,767,4200,203,352,768,4552,California
El Dorado,2021-01-09,192,5095,156,3070,36,2025,0,0,124,4256,68,420,124,4676,California
El Dorado,2021-01-10,180,5275,129,3199,51,2076,0,0,111,4298,69,489,111,4787,California
El Dorado,2021-01-11,657,5932,292,3491,365,2441,0,0,459,4560,197,686,459,5246,California
El Dorado,2021-01-12,689,6621,418,3909,271,2712,0,0,441,4753,248,934,441,5687,California
El Dorado,2021-01-13,694,7315,295,4204,399,3111,0,0,535,5129,159,1093,535,6222,California
El Dorado,2021-01-14,677,7992,217,4421,460,3571,0,0,582,5616,95,1188,582,6804,California
El Dorado,2021-01-15,674,8666,184,4605,490,4061,0,0,602,6146,72,1260,602,7406,California
El Dorado,2021-01-16,170,8836,103,4708,67,4128,0,0,143,6262,27,1287,143,7549,California
El Dorado,2021-01-17,98,8934,46,4754,52,4180,0,0,81,6326,17,1304,81,7630,California
El Dorado,2021-01-18,418,9352,138,4892,280,4460,0,0,350,6608,68,1372,350,7980,California
El Dorado,2021-01-19,636,9988,351,5243,285,4745,0,0,487,6947,149,1521,488,8468,California
El Dorado,2021-01-20,1010,10998,685,5928,325,5070,0,0,898,7734,111,1632,898,9366,California
El Dorado,2021-01-21,1151,12149,569,6497,582,5652,0,0,945,8514,165,1797,945,10311,California
El Dorado,2021-01-22,1090,13239,703,7200,387,6039,0,0,1039,9503,50,1847,1039,11350,California
El Dorado,2021-01-23,736,13975,617,7817,119,6158,0,0,625,10017,111,1958,625,11975,California
El Dorado,2021-01-24,126,14101,76,7893,50,6208,0,0,107,10105,19,1977,107,12082,California
El Dorado,2021-01-25,609,14710,203,8096,406,6614,0,0,520,10536,89,2066,520,12602,California
El Dorado,2021-01-26,669,15379,361,8457,308,6922,0,0,567,11002,102,2168,568,13170,California
El Dorado,2021-01-27,925,16304,331,8788,594,7516,0,0,591,11258,335,2503,591,13761,California
El Dorado,2021-01-28,1096,17400,448,9236,648,8164,0,0,739,11640,357,2860,739,14500,California
El Dorado,2021-01-29,965,18365,487,9723,478,8642,0,0,736,12149,228,3088,737,15237,California
El Dorado,2021-01-30,612,18977,361,10084,251,8893,0,0,451,12439,161,3249,451,15688,California
El Dorado,2021-01-31,207,19184,186,10270,21,8914,0,0,178,12588,29,3278,178,15866,California
El Dorado,2021-02-01,785,19969,368,10638,417,9331,0,0,642,13088,142,3420,642,16508,California
El Dorado,2021-02-02,822,20791,363,11001,459,9790,0,0,665,13596,157,3577,665,17173,California
El Dorado,2021-02-03,896,21687,474,11475,422,10212,0,0,685,14070,211,3788,685,17858,California
El Dorado,2021-02-04,1263,22950,720,12195,543,10755,0,0,870,14547,393,4181,870,18728,California
El Dorado,2021-02-05,1474,24424,595,12790,879,11634,0,0,865,14837,575,4756,865,19593,California
El Dorado,2021-02-06,638,25062,334,13124,304,11938,0,0,530,15260,108,4864,531,20124,California
El Dorado,2021-02-07,255,25317,176,13300,79,12017,0,0,191,15387,64,4928,191,20315,California
El Dorado,2021-02-08,878,26195,416,13716,462,12479,0,0,605,15719,273,5201,605,20920,California
El Dorado,2021-02-09,903,27098,488,14204,415,12894,0,0,482,15780,421,5622,482,21402,California
El Dorado,2021-02-10,1237,28335,727,14931,510,13404,0,0,646,15836,590,6212,646,22048,California
El Dorado,2021-02-11,2124,30459,879,15810,1245,14649,0,0,953,15620,1170,7382,954,23002,California
El Dorado,2021-02-12,1557,32016,822,16632,735,15384,0,0,677,15418,880,8262,678,23680,California
El Dorado,2021-02-13,973,32989,668,17300,305,15689,0,0,430,15308,540,8802,430,24110,California
El Dorado,2021-02-14,480,33469,153,17453,327,16016,0,0,397,15622,83,8885,397,24507,California
El Dorado,2021-02-15,1180,34649,386,17839,794,16810,0,0,826,16097,354,9239,829,25336,California
El Dorado,2021-02-16,1171,35820,527,18366,644,17454,0,0,666,16260,504,9743,667,26003,California
El Dorado,2021-02-17,899,36719,371,18737,528,17982,0,0,421,16205,478,10221,423,26426,California
El Dorado,2021-02-18,2074,38793,1005,19742,1069,19051,0,0,1350,16832,723,10944,1350,27776,California
El Dorado,2021-02-19,1155,39948,599,20341,556,19607,0,0,645,16969,510,11454,647,28423,California
El Dorado,2021-02-20,912,40860,434,20775,478,20085,0,0,664,17391,242,11696,664,29087,California
El Dorado,2021-02-21,280,41140,224,20999,56,20141,0,0,100,17312,179,11875,100,29187,California
El Dorado,2021-02-22,861,42001,436,21435,425,20566,0,0,278,17008,582,12457,278,29465,California
El Dorado,2021-02-23,812,42813,470,21905,342,20908,0,0,331,16858,481,12938,331,29796,California
El Dorado,2021-02-24,992,43805,439,22344,553,21461,0,0,400,16667,592,13530,401,30197,California
El Dorado,2021-02-25,1593,45398,878,23222,715,22176,0,0,692,16465,895,14425,693,30890,California
El Dorado,2021-02-26,2324,47722,1483,24705,841,23017,0,0,1569,17281,753,15178,1569,32459,California
El Dorado,2021-02-27,1644,49366,436,25141,1208,24225,0,0,1204,18048,437,15615,1204,33663,California
El Dorado,2021-02-28,568,49934,204,25345,364,24589,0,0,417,18315,151,15766,418,34081,California
El Dorado,2021-03-01,1094,51028,450,25795,644,25233,0,0,601,18424,492,16258,601,34682,California
El Dorado,2021-03-02,876,51904,262,26057,614,25847,0,0,451,18452,423,16681,451,35133,California
El Dorado,2021-03-03,1617,53521,445,26502,1172,27019,0,0,1099,19042,511,17192,1101,36234,California
El Dorado,2021-03-04,2461,55982,1531,28033,930,27949,0,0,1193,18970,1265,18457,1193,37427,California
El Dorado,2021-03-05,1552,57534,420,28453,1127,29076,5,5,1025,19477,523,18980,1030,38457,California
El Dorado,2021-03-06,719,58253,201,28654,485,29561,33,38,376,19543,343,19323,409,38866,California
El Dorado,2021-03-07,395,58648,197,28851,180,29741,18,56,233,19634,160,19483,251,39117,California
El Dorado,2021-03-08,1314,59962,364,29215,879,30620,71,127,843,20080,468,19951,914,40031,California
El Dorado,2021-03-09,943,60905,225,29440,651,31271,67,194,557,20328,376,20327,624,40655,California
El Dorado,2021-03-10,915,61820,342,29782,518,31789,55,249,528,20528,383,20710,583,41238,California
El Dorado,2021-03-11,2978,64798,1827,31609,971,32760,180,429,1367,20476,1598,22308,1546,42784,California
El Dorado,2021-03-12,1733,66531,619,32228,871,33631,243,672,720,20440,999,23307,963,43747,California
El Dorado,2021-03-13,1028,67559,341,32569,408,34039,279,951,356,20403,670,23977,633,44380,California
El Dorado,2021-03-14,776,68335,209,32778,454,34493,113,1064,261,20262,515,24492,374,44754,California
El Dorado,2021-03-15,1350,69685,297,33075,926,35419,127,1191,564,20171,782,25274,691,45445,California
El Dorado,2021-03-16,1177,70862,401,33476,632,36051,144,1335,539,20222,632,25906,683,46128,California
El Dorado,2021-03-17,1053,71915,351,33827,607,36658,95,1430,678,20618,375,26281,771,46899,California
El Dorado,2021-03-18,2900,74815,1743,35570,1113,37771,44,1474,1919,21607,975,27256,1964,48863,California
El Dorado,2021-03-19,1061,75876,354,35924,563,38334,144,1618,590,21871,471,27727,735,49598,California
El Dorado,2021-03-20,923,76799,261,36185,645,38979,17,1635,351,21678,561,28288,368,49966,California
El Dorado,2021-03-21,1020,77819,414,36599,601,39580,5,1640,934,22532,85,28373,939,50905,California
El Dorado,2021-03-22,1469,79288,486,37085,902,40482,81,1721,1173,23494,292,28665,1254,52159,California
El Dorado,2021-03-23,1084,80372,451,37536,542,41024,91,1812,699,23907,377,29042,790,52949,California
El Dorado,2021-03-24,1398,81770,625,38161,579,41603,194,2006,673,24060,714,29756,867,53816,California
El Dorado,2021-03-25,2411,84181,1659,39820,650,42253,102,2108,1355,24465,1052,30808,1457,55273,California
El Dorado,2021-03-26,1714,85895,680,40500,925,43178,109,2217,915,24704,785,31593,1024,56297,California
El Dorado,2021-03-27,1285,87180,183,40683,1098,44276,4,2221,320,24069,959,32552,324,56621,California
El Dorado,2021-03-28,612,87792,183,40866,419,44695,10,2231,196,23862,413,32965,206,56827,California
El Dorado,2021-03-29,1297,89089,432,41298,851,45546,14,2245,830,24242,464,33429,844,57671,California
El Dorado,2021-03-30,1323,90412,411,41709,822,46368,90,2335,688,24389,630,34059,777,58448,California
El Dorado,2021-03-31,1515,91927,576,42285,876,47244,63,2398,713,24365,799,34858,775,59223,California
El Dorado,2021-04-01,3168,95095,1745,44030,1340,48584,83,2481,1515,24314,1651,36509,1600,60823,California
El Dorado,2021-04-02,1812,96907,554,44584,1166,49750,92,2573,718,24033,1091,37600,810,61633,California
El Dorado,2021-04-03,719,97626,276,44860,328,50078,115,2688,212,23853,507,38107,327,61960,California
El Dorado,2021-04-04,257,97883,77,44937,134,50212,46,2734,90,23823,166,38273,136,62096,California
El Dorado,2021-04-05,1360,99243,415,45352,861,51073,84,2818,566,23682,791,39064,650,62746,California
El Dorado,2021-04-06,1362,100605,493,45845,659,51732,210,3028,430,23391,930,39994,639,63385,California
El Dorado,2021-04-07,1453,102058,541,46386,493,52225,419,3447,515,23388,936,40930,933,64318,California
El Dorado,2021-04-08,2473,104531,1635,48021,604,52829,234,3681,977,23108,1491,42421,1211,65529,California
El Dorado,2021-04-09,1011,105542,345,48366,487,53316,179,3860,387,23050,623,43044,565,66094,California
El Dorado,2021-04-10,331,105873,56,48422,250,53566,25,3885,190,23124,141,43185,215,66309,California
Fresno,2020-12-15,2,2,2,2,0,0,0,0,2,2,0,0,2,2,California
Fresno,2020-12-16,121,123,121,123,0,0,0,0,121,123,0,0,121,123,California
Fresno,2020-12-17,120,243,120,243,0,0,0,0,120,243,0,0,120,243,California
Fresno,2020-12-18,345,588,345,588,0,0,0,0,345,588,0,0,345,588,California
Fresno,2020-12-19,157,745,157,745,0,0,0,0,157,745,0,0,157,745,California
Fresno,2020-12-20,255,1000,253,998,2,2,0,0,255,1000,0,0,255,1000,California
Fresno,2020-12-21,924,1924,923,1921,1,3,0,0,956,1956,0,0,956,1956,California
Fresno,2020-12-22,901,2825,872,2793,29,32,0,0,905,2861,0,0,905,2861,California
Fresno,2020-12-23,1083,3908,1049,3842,34,66,0,0,1084,3945,0,0,1084,3945,California
Fresno,2020-12-24,579,4487,562,4404,17,83,0,0,579,4524,0,0,579,4524,California
Fresno,2020-12-25,2,4489,1,4405,1,84,0,0,2,4526,0,0,2,4526,California
Fresno,2020-12-26,720,5209,712,5117,8,92,0,0,720,5246,0,0,720,5246,California
Fresno,2020-12-27,298,5507,204,5321,94,186,0,0,298,5544,0,0,298,5544,California
Fresno,2020-12-28,1060,6567,774,6095,286,472,0,0,1060,6604,0,0,1060,6604,California
Fresno,2020-12-29,1769,8336,1040,7135,729,1201,0,0,1767,8370,1,1,1767,8371,California
Fresno,2020-12-30,978,9314,477,7612,501,1702,0,0,978,9348,0,1,978,9349,California
Fresno,2020-12-31,893,10207,310,7922,583,2285,0,0,892,10240,0,1,892,10241,California
Fresno,2021-01-01,9,10216,3,7925,6,2291,0,0,9,10249,0,1,9,10250,California
Fresno,2021-01-02,1029,11245,717,8642,312,2603,0,0,1029,11278,0,1,1029,11279,California
Fresno,2021-01-03,154,11399,129,8771,25,2628,0,0,154,11432,0,1,154,11433,California
Fresno,2021-01-04,606,12005,373,9144,233,2861,0,0,606,12038,0,1,606,12039,California
Fresno,2021-01-05,776,12781,311,9455,465,3326,0,0,702,12666,74,75,702,12741,California
Fresno,2021-01-06,970,13751,345,9800,625,3951,0,0,798,13292,172,247,798,13539,California
Fresno,2021-01-07,1881,15632,914,10714,967,4918,0,0,1628,14670,253,500,1631,15170,California
Fresno,2021-01-08,1777,17409,616,11330,1161,6079,0,0,1411,15717,364,864,1411,16581,California
Fresno,2021-01-09,628,18037,387,11717,241,6320,0,0,354,15797,274,1138,354,16935,California
Fresno,2021-01-10,515,18552,485,12202,30,6350,0,0,202,15686,313,1451,202,17137,California
Fresno,2021-01-11,2144,20696,1740,13942,404,6754,0,0,1451,16447,693,2144,1454,18591,California
Fresno,2021-01-12,2506,23202,1813,15755,693,7447,0,0,1659,17259,849,2993,1661,20252,California
Fresno,2021-01-13,3522,26724,2412,18167,1110,8557,0,0,2667,19073,855,3848,2669,22921,California
Fresno,2021-01-14,4135,30859,2199,20366,1936,10493,0,0,3664,22267,470,4318,3664,26585,California
Fresno,2021-01-15,3625,34484,2519,22885,1106,11599,0,0,3269,25183,356,4674,3272,29857,California
Fresno,2021-01-16,3135,37619,2293,25178,842,12441,0,0,2672,27394,462,5136,2673,32530,California
Fresno,2021-01-17,975,38594,553,25731,422,12863,0,0,777,27973,198,5334,777,33307,California
Fresno,2021-01-18,3074,41668,2366,28097,708,13571,0,0,2411,29725,661,5995,2413,35720,California
Fresno,2021-01-19,4316,45984,2547,30644,1769,15340,0,0,3669,32750,647,6642,3672,39392,California
Fresno,2021-01-20,2990,48974,1183,31827,1807,17147,0,0,2693,35148,298,6940,2696,42088,California
Fresno,2021-01-21,4344,53318,2001,33828,2343,19490,0,0,3998,38823,328,7268,4003,46091,California
Fresno,2021-01-22,3303,56621,1343,35171,1960,21450,0,0,2916,41370,370,7638,2917,49008,California
Fresno,2021-01-23,3029,59650,1958,37129,1071,22521,0,0,2307,42963,722,8360,2315,51323,California
Fresno,2021-01-24,548,60198,372,37501,176,22697,0,0,345,43108,203,8563,348,51671,California
Fresno,2021-01-25,2333,62531,861,38362,1472,24169,0,0,1848,44475,485,9048,1852,53523,California
Fresno,2021-01-26,2007,64538,581,38943,1426,25595,0,0,1307,45085,698,9746,1308,54831,California
Fresno,2021-01-27,2246,66784,1162,40105,1084,26679,0,0,1727,46297,518,10264,1730,56561,California
Fresno,2021-01-28,4452,71236,3027,43132,1425,28104,0,0,3449,48750,999,11263,3452,60013,California
Fresno,2021-01-29,1697,72933,984,44116,713,28817,0,0,1399,49855,295,11558,1400,61413,California
Fresno,2021-01-30,1432,74365,541,44657,891,29708,0,0,1020,50463,412,11970,1020,62433,California
Fresno,2021-01-31,226,74591,217,44874,9,29717,0,0,72,50381,154,12124,72,62505,California
Fresno,2021-02-01,3315,77906,1656,46530,1659,31376,0,0,1807,50699,1507,13631,1825,64330,California
Fresno,2021-02-02,2720,80626,553,47083,2167,33543,0,0,1596,51198,1110,14741,1609,65939,California
Fresno,2021-02-03,3475,84101,2040,49123,1435,34978,0,0,1517,50772,1944,16685,1518,67457,California
Fresno,2021-02-04,4198,88299,1901,51024,2297,37275,0,0,1930,50469,2238,18923,1935,69392,California
Fresno,2021-02-05,5198,93497,2598,53622,2600,39875,0,0,2184,49647,3008,21931,2186,71578,California
Fresno,2021-02-06,2929,96426,2043,55665,886,40761,0,0,973,48670,1952,23883,975,72553,California
Fresno,2021-02-07,465,96891,285,55950,180,40941,0,0,272,48750,192,24075,272,72825,California
Fresno,2021-02-08,4275,101166,2297,58247,1978,42919,0,0,1812,48132,2439,26514,1821,74646,California
Fresno,2021-02-09,5325,106491,2083,60330,3242,46161,0,0,3116,49122,2134,28648,3124,77770,California
Fresno,2021-02-10,3862,110353,1234,61564,2628,48789,0,0,1981,49286,1827,30475,1991,79761,California
Fresno,2021-02-11,6443,116796,2090,63654,4353,53142,0,0,3391,49643,3038,33513,3395,83156,California
Fresno,2021-02-12,5368,122164,1380,65034,3988,57130,0,0,2749,49796,2602,36115,2755,85911,California
Fresno,2021-02-13,3722,125886,1544,66578,2178,59308,0,0,2074,50239,1636,37751,2079,87990,California
Fresno,2021-02-14,1558,127444,281,66859,1277,60585,0,0,848,50379,709,38460,849,88839,California
Fresno,2021-02-15,2879,130323,270,67129,2609,63194,0,0,1775,51058,1100,39560,1779,90618,California
Fresno,2021-02-16,6672,136995,2398,69527,4274,67468,0,0,4245,52898,2411,41971,4251,94869,California
Fresno,2021-02-17,5318,142313,2446,71973,2872,70340,0,0,2975,53578,2299,44270,2979,97848,California
Fresno,2021-02-18,6848,149161,2901,74874,3947,74287,0,0,2574,51937,4226,48496,2585,100433,California
Fresno,2021-02-19,3827,152988,1095,75969,2732,77019,0,0,1829,51781,1988,50484,1832,102265,California
Fresno,2021-02-20,4532,157520,2497,78466,2035,79054,0,0,3064,53388,1462,51946,3069,105334,California
Fresno,2021-02-21,186,157706,170,78636,16,79070,0,0,127,53469,46,51992,127,105461,California
Fresno,2021-02-22,2221,159927,999,79635,1222,80292,0,0,1225,53711,990,52982,1232,106693,California
Fresno,2021-02-23,3853,163780,1452,81087,2401,82693,0,0,3000,55867,846,53828,3002,109695,California
Fresno,2021-02-24,4161,167941,1490,82577,2671,85364,0,0,3421,58562,730,54558,3425,113120,California
Fresno,2021-02-25,7440,175381,2490,85067,4950,90314,0,0,5994,63180,1381,55939,5999,119119,California
Fresno,2021-02-26,8263,183644,3001,88068,5262,95576,0,0,6991,68925,1251,57190,6996,126115,California
Fresno,2021-02-27,6269,189913,2186,90254,4083,99659,0,0,5588,73847,672,57862,5594,131709,California
Fresno,2021-02-28,1627,191540,528,90782,1099,100758,0,0,1544,75319,72,57934,1544,133253,California
Fresno,2021-03-01,4855,196395,1280,92062,3575,104333,0,0,3583,77648,1262,59196,3591,136844,California
Fresno,2021-03-02,8354,204749,2285,94347,6069,110402,0,0,7014,83369,1317,60513,7038,143882,California
Fresno,2021-03-03,6549,211298,1567,95914,4981,115383,1,1,5533,88013,1004,61517,5648,149530,California
Fresno,2021-03-04,8378,219676,2497,98411,5881,121264,0,1,6880,93428,1473,62990,6888,156418,California
Fresno,2021-03-05,7786,227462,2643,101054,5141,126405,2,3,6782,99415,872,63862,6859,163277,California
Fresno,2021-03-06,6416,233878,3521,104575,2778,129183,117,120,5482,104089,929,64791,5603,168880,California
Fresno,2021-03-07,1363,235241,569,105144,761,129944,33,153,1141,105042,221,65012,1174,170054,California
Fresno,2021-03-08,4815,240056,1792,106936,2870,132814,153,306,3648,107693,1160,66172,3811,173865,California
Fresno,2021-03-09,6760,246816,2292,109228,4201,137015,267,573,3863,108979,2880,69052,4166,178031,California
Fresno,2021-03-10,6525,253341,2665,111893,3474,140489,386,959,5142,113144,1372,70424,5537,183568,California
Fresno,2021-03-11,11178,264519,4495,116388,6122,146611,561,1520,6184,115001,4963,75387,6820,190388,California
Fresno,2021-03-12,11353,275872,4879,121267,6033,152644,441,1961,8425,121093,2913,78300,9005,199393,California
Fresno,2021-03-13,8031,283903,3881,125148,3138,155782,1012,2973,3861,121890,4152,82452,4949,204342,California
Fresno,2021-03-14,1726,285629,461,125609,986,156768,279,3252,648,121744,1072,83524,926,205268,California
Fresno,2021-03-15,6800,292429,2917,128526,3713,160481,170,3422,4651,124612,2137,85661,5005,210273,California
Fresno,2021-03-16,9987,302416,4392,132918,5205,165686,390,3812,6128,127393,3836,89497,6617,216890,California
Fresno,2021-03-17,8393,310809,3857,136775,3843,169529,693,4505,5632,131354,2745,92242,6706,223596,California
Fresno,2021-03-18,12109,322918,6541,143316,4938,174467,630,5135,7940,136214,4132,96374,8992,232588,California
Fresno,2021-03-19,10799,333717,5582,148898,4603,179070,614,5749,7380,141107,3394,99768,8287,240875,California
Fresno,2021-03-20,7309,341026,4379,153277,2619,181689,311,6060,4486,143365,2809,102577,5067,245942,California
Fresno,2021-03-21,1766,342792,1196,154473,198,181887,372,6432,959,143897,803,103380,1335,247277,California
Fresno,2021-03-22,5581,348373,2874,157347,2113,184000,594,7026,3792,146711,1771,105151,4585,251862,California
Fresno,2021-03-23,10561,358934,5224,162571,4846,188846,491,7517,6138,149364,4403,109554,7056,258918,California
Fresno,2021-03-24,8572,367506,3625,166196,4119,192965,828,8345,4745,151194,3796,113350,5626,264544,California
Fresno,2021-03-25,11887,379393,5548,171744,5644,198609,695,9040,6157,152430,5699,119049,6935,271479,California
Fresno,2021-03-26,11831,391224,5298,177042,5892,204501,641,9681,5266,151840,6520,125569,5930,277409,California
Fresno,2021-03-27,9341,400565,4117,181159,4140,208641,1084,10765,2940,149501,6369,131938,4030,281439,California
Fresno,2021-03-28,3248,403813,1186,182345,1391,210032,671,11436,1345,149881,1895,133833,2275,283714,California
Fresno,2021-03-29,5993,409806,1979,184324,3473,213505,541,11977,2929,150319,3045,136878,3483,287197,California
Fresno,2021-03-30,10586,420392,4131,188455,5586,219091,869,12846,4450,149527,6114,142992,5322,292519,California
Fresno,2021-03-31,8914,429306,3280,191735,4659,223750,975,13821,3825,149278,5052,148044,4803,297322,California
Fresno,2021-04-01,11037,440343,4011,195746,6182,229932,844,14665,3844,146803,7121,155165,4646,301968,California
Fresno,2021-04-02,10668,451011,4381,200127,5524,235456,763,15428,4161,145376,6359,161524,4932,306900,California
Fresno,2021-04-03,6091,457102,3340,203467,2506,237962,245,15673,2215,144011,3862,165386,2497,309397,California
Fresno,2021-04-04,1480,458582,527,203994,911,238873,42,15715,561,143701,913,166299,603,310000,California
Fresno,2021-04-05,7393,465975,3747,207741,2899,241772,747,16462,2379,141894,5004,171303,3197,313197,California
Fresno,2021-04-06,8943,474918,3577,211318,4249,246021,1117,17579,3444,140999,5471,176774,4576,317773,California
Fresno,2021-04-07,9635,484553,4920,216238,3622,249643,1093,18672,3385,139289,6220,182994,4510,322283,California
Fresno,2021-04-08,9665,494218,4652,220890,3919,253562,1094,19766,3229,137257,6400,189394,4368,326651,California
Fresno,2021-04-09,6839,501057,2364,223254,3497,257059,978,20744,1979,135417,4823,194217,2983,329634,California
Fresno,2021-04-10,1518,502575,780,224034,588,257647,150,20894,723,135496,793,195010,872,330506,California
Glenn,2020-12-17,1,1,1,1,0,0,0,0,1,1,0,0,1,1,California
Glenn,2020-12-19,1,2,1,2,0,0,0,0,1,2,0,0,1,2,California
Glenn,2020-12-20,1,3,1,3,0,0,0,0,1,3,0,0,1,3,California
Glenn,2020-12-21,11,14,11,14,0,0,0,0,11,14,0,0,11,14,California
Glenn,2020-12-22,59,73,59,73,0,0,0,0,59,73,0,0,59,73,California
Glenn,2020-12-23,26,99,26,99,0,0,0,0,26,99,0,0,26,99,California
Glenn,2020-12-24,9,108,9,108,0,0,0,0,9,108,0,0,9,108,California
Glenn,2020-12-26,2,110,2,110,0,0,0,0,2,110,0,0,2,110,California
Glenn,2020-12-27,4,114,4,114,0,0,0,0,4,114,0,0,4,114,California
Glenn,2020-12-28,21,135,21,135,0,0,0,0,21,135,0,0,21,135,California
Glenn,2020-12-29,82,217,82,217,0,0,0,0,82,217,0,0,82,217,California
Glenn,2020-12-30,128,345,106,323,22,22,0,0,128,345,0,0,128,345,California
Glenn,2020-12-31,38,383,9,332,29,51,0,0,38,383,0,0,38,383,California
Glenn,2021-01-02,2,385,2,334,0,51,0,0,2,385,0,0,2,385,California
Glenn,2021-01-04,7,392,5,339,2,53,0,0,7,392,0,0,7,392,California
Glenn,2021-01-05,9,401,8,347,1,54,0,0,9,401,0,0,9,401,California
Glenn,2021-01-06,61,462,9,356,52,106,0,0,61,462,0,0,61,462,California
Glenn,2021-01-07,66,528,12,368,54,160,0,0,64,524,2,2,64,526,California
Glenn,2021-01-08,11,539,9,377,2,162,0,0,11,535,0,2,11,537,California
Glenn,2021-01-10,1,540,1,378,0,162,0,0,0,534,1,3,0,537,California
Glenn,2021-01-11,30,570,30,408,0,162,0,0,12,528,18,21,12,549,California
Glenn,2021-01-12,42,612,37,445,5,167,0,0,14,514,28,49,14,563,California
Glenn,2021-01-13,152,764,87,532,65,232,0,0,109,580,43,92,109,672,California
Glenn,2021-01-14,184,948,96,628,88,320,0,0,174,744,10,102,174,846,California
Glenn,2021-01-15,42,990,34,662,8,328,0,0,37,776,5,107,37,883,California
Glenn,2021-01-16,34,1024,14,676,20,348,0,0,24,790,10,117,24,907,California
Glenn,2021-01-17,4,1028,2,678,2,350,0,0,2,790,2,119,2,909,California
Glenn,2021-01-18,17,1045,16,694,1,351,0,0,9,791,8,127,9,918,California
Glenn,2021-01-19,30,1075,20,714,10,361,0,0,13,787,17,144,13,931,California
Glenn,2021-01-20,163,1238,94,808,69,430,0,0,82,788,81,225,82,1013,California
Glenn,2021-01-21,124,1362,98,906,26,456,0,0,30,724,94,319,30,1043,California
Glenn,2021-01-22,337,1699,63,969,274,730,0,0,330,1047,7,326,330,1373,California
Glenn,2021-01-23,14,1713,7,976,7,737,0,0,12,1057,2,328,12,1385,California
Glenn,2021-01-24,2,1715,2,978,0,737,0,0,2,1059,0,328,2,1387,California
Glenn,2021-01-25,27,1742,9,987,18,755,0,0,24,1080,3,331,24,1411,California
Glenn,2021-01-26,29,1771,13,1000,16,771,0,0,23,1097,6,337,23,1434,California
Glenn,2021-01-27,188,1959,14,1014,174,945,0,0,166,1241,22,359,166,1600,California
Glenn,2021-01-28,146,2105,8,1022,138,1083,0,0,116,1327,30,389,116,1716,California
Glenn,2021-01-29,297,2402,12,1034,285,1368,0,0,283,1596,14,403,283,1999,California
Glenn,2021-01-30,5,2407,0,1034,5,1373,0,0,5,1601,0,403,5,2004,California
Glenn,2021-01-31,1,2408,0,1034,1,1374,0,0,1,1602,0,403,1,2005,California
Glenn,2021-02-01,28,2436,10,1044,18,1392,0,0,16,1606,12,415,16,2021,California
Glenn,2021-02-02,28,2464,13,1057,15,1407,0,0,19,1616,9,424,19,2040,California
Glenn,2021-02-03,207,2671,58,1115,149,1556,0,0,112,1633,95,519,112,2152,California
Glenn,2021-02-04,149,2820,84,1199,65,1621,0,0,45,1574,104,623,45,2197,California
Glenn,2021-02-05,320,3140,24,1223,296,1917,0,0,301,1856,19,642,301,2498,California
Glenn,2021-02-06,14,3154,2,1225,12,1929,0,0,13,1868,1,643,13,2511,California
Glenn,2021-02-07,2,3156,2,1227,0,1929,0,0,2,1870,0,643,2,2513,California
Glenn,2021-02-08,21,3177,17,1244,4,1933,0,0,4,1857,17,660,4,2517,California
Glenn,2021-02-09,49,3226,20,1264,29,1962,0,0,36,1880,13,673,36,2553,California
Glenn,2021-02-10,138,3364,19,1283,119,2081,0,0,64,1870,74,747,64,2617,California
Glenn,2021-02-11,231,3595,132,1415,99,2180,0,0,149,1937,82,829,149,2766,California
Glenn,2021-02-12,420,4015,99,1514,321,2501,0,0,356,2229,64,893,356,3122,California
Glenn,2021-02-13,34,4049,7,1521,27,2528,0,0,16,2227,18,911,16,3138,California
Glenn,2021-02-14,1,4050,0,1521,1,2529,0,0,1,2228,0,911,1,3139,California
Glenn,2021-02-15,8,4058,0,1521,8,2537,0,0,8,2236,0,911,8,3147,California
Glenn,2021-02-16,39,4097,9,1530,30,2567,0,0,21,2239,18,929,21,3168,California
Glenn,2021-02-17,379,4476,15,1545,364,2931,0,0,301,2462,78,1007,301,3469,California
Glenn,2021-02-18,134,4610,99,1644,35,2966,0,0,110,2548,24,1031,110,3579,California
Glenn,2021-02-19,304,4914,17,1661,287,3253,0,0,30,2304,274,1305,30,3609,California
Glenn,2021-02-20,8,4922,0,1661,8,3261,0,0,0,2296,8,1313,0,3609,California
Glenn,2021-02-22,33,4955,14,1675,19,3280,0,0,17,2297,16,1329,17,3626,California
Glenn,2021-02-23,40,4995,10,1685,30,3310,0,0,28,2313,12,1341,28,3654,California
Glenn,2021-02-24,222,5217,16,1701,206,3516,0,0,48,2187,174,1515,48,3702,California
Glenn,2021-02-25,260,5477,146,1847,114,3630,0,0,116,2159,144,1659,116,3818,California
Glenn,2021-02-26,305,5782,24,1871,281,3911,0,0,20,1895,284,1943,20,3838,California
Glenn,2021-02-27,15,5797,5,1876,10,3921,0,0,5,1891,9,1952,5,3843,California
Glenn,2021-02-28,6,5803,3,1879,3,3924,0,0,3,1892,2,1954,3,3846,California
Glenn,2021-03-01,28,5831,6,1885,22,3946,0,0,12,1888,16,1970,12,3858,California
Glenn,2021-03-02,35,5866,7,1892,28,3974,0,0,17,1887,18,1988,17,3875,California
Glenn,2021-03-03,190,6056,34,1926,156,4130,0,0,98,1894,91,2079,98,3973,California
Glenn,2021-03-04,520,6576,175,2101,345,4475,0,0,376,2126,144,2223,376,4349,California
Glenn,2021-03-05,353,6929,44,2145,309,4784,0,0,34,1841,319,2542,34,4383,California
Glenn,2021-03-06,26,6955,3,2148,22,4806,1,1,9,1834,17,2559,10,4393,California
Glenn,2021-03-07,5,6960,0,2148,5,4811,0,1,3,1836,1,2560,3,4396,California
Glenn,2021-03-08,20,6980,2,2150,17,4828,1,2,18,1853,2,2562,19,4415,California
Glenn,2021-03-09,74,7054,11,2161,60,4888,3,5,50,1881,24,2586,52,4467,California
Glenn,2021-03-10,171,7225,68,2229,101,4989,2,7,95,1902,76,2662,97,4564,California
Glenn,2021-03-11,584,7809,169,2398,391,5380,24,31,454,2250,130,2792,478,5042,California
Glenn,2021-03-12,415,8224,14,2412,340,5720,61,92,39,1974,376,3168,100,5142,California
Glenn,2021-03-13,11,8235,2,2414,1,5721,8,100,1,1973,10,3178,9,5151,California
Glenn,2021-03-14,3,8238,1,2415,2,5723,0,100,2,1974,1,3179,2,5153,California
Glenn,2021-03-15,75,8313,15,2430,55,5778,5,105,60,2024,15,3194,65,5218,California
Glenn,2021-03-16,104,8417,32,2462,61,5839,11,116,63,2057,41,3235,74,5292,California
Glenn,2021-03-17,412,8829,97,2559,308,6147,7,123,110,1871,302,3537,116,5408,California
Glenn,2021-03-18,518,9347,214,2773,49,6196,255,378,145,1898,373,3910,400,5808,California
Glenn,2021-03-19,91,9438,16,2789,69,6265,6,384,70,1954,20,3930,76,5884,California
Glenn,2021-03-20,120,9558,1,2790,118,6383,1,385,118,2071,2,3932,119,6003,California
Glenn,2021-03-21,6,9564,5,2795,0,6383,1,386,3,2073,2,3934,4,6007,California
Glenn,2021-03-22,116,9680,53,2848,55,6438,8,394,96,2159,18,3952,104,6111,California
Glenn,2021-03-23,168,9848,67,2915,50,6488,51,445,95,2233,72,4024,146,6257,California
Glenn,2021-03-24,204,10052,99,3014,100,6588,5,450,133,2301,70,4094,138,6395,California
Glenn,2021-03-25,455,10507,230,3244,131,6719,94,544,326,2593,128,4222,420,6815,California
Glenn,2021-03-26,225,10732,34,3278,155,6874,36,580,175,2754,50,4272,211,7026,California
Glenn,2021-03-27,152,10884,21,3299,126,7000,5,585,142,2891,10,4282,147,7173,California
Glenn,2021-03-28,15,10899,10,3309,5,7005,0,585,10,2896,5,4287,10,7183,California
Glenn,2021-03-29,58,10957,19,3328,36,7041,3,588,44,2929,14,4301,47,7230,California
Glenn,2021-03-30,73,11030,41,3369,31,7072,1,589,43,2944,29,4330,44,7274,California
Glenn,2021-03-31,125,11155,36,3405,88,7160,1,590,55,2930,70,4400,56,7330,California
Glenn,2021-04-01,641,11796,186,3591,446,7606,9,599,231,2761,409,4809,240,7570,California
Glenn,2021-04-02,156,11952,25,3616,119,7725,12,611,122,2861,34,4843,134,7704,California
Glenn,2021-04-03,90,12042,4,3620,79,7804,7,618,79,2936,11,4854,86,7790,California
Glenn,2021-04-04,8,12050,3,3623,3,7807,2,620,4,2938,4,4858,6,7796,California
Glenn,2021-04-05,62,12112,23,3646,27,7834,12,632,26,2940,36,4894,38,7834,California
Glenn,2021-04-06,137,12249,49,3695,48,7882,40,672,35,2913,102,4996,75,7909,California
Glenn,2021-04-07,152,12401,45,3740,52,7934,55,727,72,2960,80,5076,127,8036,California
Glenn,2021-04-08,612,13013,191,3931,391,8325,30,757,139,2657,472,5548,169,8205,California
Glenn,2021-04-09,85,13098,42,3973,29,8354,14,771,47,2680,38,5586,61,8266,California
Glenn,2021-04-10,1,13099,0,3973,0,8354,1,772,0,2680,1,5587,1,8267,California
Humboldt,2020-12-15,2,2,2,2,0,0,0,0,2,2,0,0,2,2,California
Humboldt,2020-12-16,15,17,15,17,0,0,0,0,15,17,0,0,15,17,California
Humboldt,2020-12-17,116,133,116,133,0,0,0,0,116,133,0,0,116,133,California
Humboldt,2020-12-18,175,308,175,308,0,0,0,0,175,308,0,0,175,308,California
Humboldt,2020-12-19,10,318,10,318,0,0,0,0,10,318,0,0,10,318,California
Humboldt,2020-12-20,28,346,28,346,0,0,0,0,28,346,0,0,28,346,California
Humboldt,2020-12-21,165,511,165,511,0,0,0,0,165,511,0,0,165,511,California
Humboldt,2020-12-22,290,801,290,801,0,0,0,0,290,801,0,0,290,801,California
Humboldt,2020-12-23,309,1110,261,1062,48,48,0,0,310,1111,0,0,310,1111,California
Humboldt,2020-12-24,25,1135,2,1064,23,71,0,0,25,1136,0,0,25,1136,California
Humboldt,2020-12-25,2,1137,2,1066,0,71,0,0,2,1138,0,0,2,1138,California
Humboldt,2020-12-26,6,1143,5,1071,1,72,0,0,6,1144,0,0,6,1144,California
Humboldt,2020-12-28,153,1296,144,1215,9,81,0,0,153,1297,0,0,153,1297,California
Humboldt,2020-12-29,165,1461,122,1337,43,124,0,0,165,1462,0,0,165,1462,California
Humboldt,2020-12-30,223,1684,124,1461,99,223,0,0,223,1685,0,0,223,1685,California
Humboldt,2020-12-31,241,1925,79,1540,162,385,0,0,241,1926,0,0,241,1926,California
Humboldt,2021-01-01,2,1927,1,1541,1,386,0,0,2,1928,0,0,2,1928,California
Humboldt,2021-01-02,39,1966,1,1542,38,424,0,0,39,1967,0,0,39,1967,California
Humboldt,2021-01-04,213,2179,140,1682,73,497,0,0,214,2181,0,0,214,2181,California
Humboldt,2021-01-05,126,2305,18,1700,108,605,0,0,125,2305,1,1,125,2306,California
Humboldt,2021-01-06,301,2606,203,1903,98,703,0,0,229,2473,61,62,229,2535,California
Humboldt,2021-01-07,419,3025,306,2209,113,816,0,0,307,2683,97,159,307,2842,California
Humboldt,2021-01-08,417,3442,279,2488,138,954,0,0,283,2836,130,289,283,3125,California
Humboldt,2021-01-09,69,3511,45,2533,24,978,0,0,66,2900,3,292,67,3192,California
Humboldt,2021-01-10,84,3595,84,2617,0,978,0,0,4,2824,80,372,4,3196,California
Humboldt,2021-01-11,288,3883,277,2894,11,989,0,0,74,2688,210,582,74,3270,California
Humboldt,2021-01-12,479,4362,316,3210,163,1152,0,0,298,2827,159,741,298,3568,California
Humboldt,2021-01-13,476,4838,273,3483,203,1355,0,0,300,2955,173,914,301,3869,California
Humboldt,2021-01-14,517,5355,161,3644,356,1711,0,0,461,3361,56,970,462,4331,California
Humboldt,2021-01-15,374,5729,40,3684,334,2045,0,0,356,3700,17,987,356,4687,California
Humboldt,2021-01-16,169,5898,6,3690,163,2208,0,0,168,3867,1,988,168,4855,California
Humboldt,2021-01-17,6,5904,4,3694,2,2210,0,0,6,3873,0,988,6,4861,California
Humboldt,2021-01-18,291,6195,256,3950,35,2245,0,0,142,3866,149,1137,142,5003,California
Humboldt,2021-01-19,616,6811,371,4321,245,2490,0,0,490,4236,120,1257,490,5493,California
Humboldt,2021-01-20,909,7720,399,4720,510,3000,0,0,762,4862,138,1395,764,6257,California
Humboldt,2021-01-21,954,8674,260,4980,694,3694,0,0,913,5734,41,1436,913,7170,California
Humboldt,2021-01-22,673,9347,374,5354,299,3993,0,0,665,6391,8,1444,665,7835,California
Humboldt,2021-01-23,796,10143,268,5622,528,4521,0,0,788,7172,8,1452,789,8624,California
Humboldt,2021-01-24,224,10367,1,5623,223,4744,0,0,224,7396,0,1452,224,8848,California
Humboldt,2021-01-25,302,10669,232,5855,70,4814,0,0,148,7390,154,1606,148,8996,California
Humboldt,2021-01-26,523,11192,141,5996,382,5196,0,0,476,7819,47,1653,476,9472,California
Humboldt,2021-01-27,1253,12445,585,6581,668,5864,0,0,1189,8951,57,1710,1189,10661,California
Humboldt,2021-01-28,1444,13889,626,7207,818,6682,0,0,1308,10128,133,1843,1310,11971,California
Humboldt,2021-01-29,1125,15014,541,7748,584,7266,0,0,709,10422,416,2259,710,12681,California
Humboldt,2021-01-30,970,15984,458,8206,512,7778,0,0,959,11371,11,2270,960,13641,California
Humboldt,2021-01-31,308,16292,307,8513,1,7779,0,0,307,11677,1,2271,307,13948,California
Humboldt,2021-02-01,329,16621,189,8702,140,7919,0,0,187,11723,141,2412,187,14135,California
Humboldt,2021-02-02,439,17060,73,8775,366,8285,0,0,337,11962,100,2512,339,14474,California
Humboldt,2021-02-03,645,17705,258,9033,387,8672,0,0,497,12311,148,2660,497,14971,California
Humboldt,2021-02-04,638,18343,261,9294,377,9049,0,0,442,12560,193,2853,442,15413,California
Humboldt,2021-02-05,807,19150,95,9389,712,9761,0,0,624,13001,183,3036,624,16037,California
Humboldt,2021-02-06,1053,20203,442,9831,611,10372,0,0,1012,13974,40,3076,1013,17050,California
Humboldt,2021-02-07,377,20580,7,9838,370,10742,0,0,373,14344,4,3080,374,17424,California
Humboldt,2021-02-08,321,20901,140,9978,181,10923,0,0,181,14386,139,3219,181,17605,California
Humboldt,2021-02-09,491,21392,217,10195,274,11197,0,0,177,14249,314,3533,177,17782,California
Humboldt,2021-02-10,561,21953,369,10564,192,11389,0,0,233,14159,323,3856,233,18015,California
Humboldt,2021-02-11,1289,23242,391,10955,898,12287,0,0,510,13893,776,4632,510,18525,California
Humboldt,2021-02-12,1141,24383,731,11686,410,12697,0,0,704,14160,437,5069,704,19229,California
Humboldt,2021-02-13,1488,25871,544,12230,944,13641,0,0,903,14480,583,5652,903,20132,California
Humboldt,2021-02-14,113,25984,5,12235,108,13749,0,0,110,14588,2,5654,110,20242,California
Humboldt,2021-02-15,291,26275,77,12312,214,13963,0,0,194,14685,97,5751,194,20436,California
Humboldt,2021-02-16,532,26807,117,12429,415,14378,0,0,250,14654,282,6033,251,20687,California
Humboldt,2021-02-17,448,27255,279,12708,169,14547,0,0,136,14478,312,6345,136,20823,California
Humboldt,2021-02-18,965,28220,595,13303,370,14917,0,0,229,13972,735,7080,229,21052,California
Humboldt,2021-02-19,476,28696,435,13738,41,14958,0,0,90,13679,383,7463,90,21142,California
Humboldt,2021-02-20,1570,30266,965,14703,605,15563,0,0,465,13044,1102,8565,467,21609,California
Humboldt,2021-02-21,477,30743,469,15172,8,15571,0,0,186,12941,290,8855,187,21796,California
Humboldt,2021-02-22,124,30867,90,15262,34,15605,0,0,26,12871,96,8951,26,21822,California
Humboldt,2021-02-23,169,31036,69,15331,100,15705,0,0,39,12782,128,9079,39,21861,California
Humboldt,2021-02-24,1143,32179,685,16016,458,16163,0,0,567,12774,575,9654,567,22428,California
Humboldt,2021-02-25,827,33006,315,16331,512,16675,0,0,226,12401,599,10253,226,22654,California
Humboldt,2021-02-26,2138,35144,106,16437,2032,18707,0,0,454,11176,1679,11932,454,23108,California
Humboldt,2021-02-27,1686,36830,1071,17508,615,19322,0,0,868,11232,816,12748,872,23980,California
Humboldt,2021-02-28,122,36952,12,17520,110,19432,0,0,116,11342,6,12754,116,24096,California
Humboldt,2021-03-01,254,37206,46,17566,208,19640,0,0,178,11444,76,12830,178,24274,California
Humboldt,2021-03-02,283,37489,49,17615,233,19873,1,1,153,11468,130,12960,154,24428,California
Humboldt,2021-03-03,1605,39094,1076,18691,529,20402,0,1,1186,12242,413,13373,1187,25615,California
Humboldt,2021-03-04,879,39973,108,18799,771,21173,0,1,264,11893,615,13988,266,25881,California
Humboldt,2021-03-05,918,40891,177,18976,730,21903,11,12,370,11730,544,14532,381,26262,California
Humboldt,2021-03-06,1676,42567,832,19808,798,22701,46,58,706,11513,969,15501,752,27014,California
Humboldt,2021-03-07,362,42929,295,20103,49,22750,18,76,156,11481,206,15707,174,27188,California
Humboldt,2021-03-08,253,43182,7,20110,169,22919,77,153,161,11627,92,15799,238,27426,California
Humboldt,2021-03-09,451,43633,200,20310,107,23026,144,297,210,11742,239,16038,354,27780,California
Humboldt,2021-03-10,681,44314,464,20774,64,23090,153,450,412,12037,268,16306,563,28343,California
Humboldt,2021-03-11,1323,45637,459,21233,763,23853,101,551,508,11831,814,17120,608,28951,California
Humboldt,2021-03-12,1716,47353,1083,22316,419,24272,214,765,1041,12421,667,17787,1257,30208,California
Humboldt,2021-03-13,1560,48913,1021,23337,488,24760,51,816,686,12290,868,18655,737,30945,California
Humboldt,2021-03-14,139,49052,18,23355,111,24871,10,826,25,12211,114,18769,35,30980,California
Humboldt,2021-03-15,265,49317,50,23405,195,25066,20,846,49,12064,216,18985,69,31049,California
Humboldt,2021-03-16,631,49948,201,23606,170,25236,260,1106,257,12207,373,19358,516,31565,California
Humboldt,2021-03-17,725,50673,396,24002,221,25457,108,1214,332,12255,392,19750,440,32005,California
Humboldt,2021-03-18,1716,52389,1163,25165,511,25968,42,1256,1035,12656,676,20426,1077,33082,California
Humboldt,2021-03-19,1071,53460,58,25223,699,26667,314,1570,439,12781,628,21054,753,33835,California
Humboldt,2021-03-20,1373,54833,752,25975,608,27275,13,1583,429,12282,942,21996,443,34278,California
Humboldt,2021-03-21,243,55076,31,26006,184,27459,28,1611,197,12461,46,22042,225,34503,California
Humboldt,2021-03-22,110,55186,16,26022,45,27504,49,1660,55,12511,54,22096,104,34607,California
Humboldt,2021-03-23,403,55589,39,26061,321,27825,43,1703,314,12781,87,22183,357,34964,California
Humboldt,2021-03-24,1381,56970,358,26419,976,28801,47,1750,1035,13522,339,22522,1080,36044,California
Humboldt,2021-03-25,1769,58739,1169,27588,537,29338,63,1813,891,13600,876,23398,954,36998,California
Humboldt,2021-03-26,2021,60760,424,28012,1541,30879,56,1869,1581,14803,434,23832,1637,38635,California
Humboldt,2021-03-27,1902,62662,1418,29430,316,31195,168,2037,1044,15160,855,24687,1212,39847,California
Humboldt,2021-03-28,261,62923,78,29508,112,31307,71,2108,83,15136,178,24865,154,40001,California
Humboldt,2021-03-29,464,63387,123,29631,246,31553,95,2203,198,15163,265,25130,292,40293,California
Humboldt,2021-03-30,930,64317,300,29931,517,32070,113,2316,561,15471,366,25496,674,40967,California
Humboldt,2021-03-31,1838,66155,509,30440,1235,33305,94,2410,1404,16538,432,25928,1499,42466,California
Humboldt,2021-04-01,2068,68223,680,31120,1300,34605,88,2498,1469,17502,593,26521,1557,44023,California
Humboldt,2021-04-02,1675,69898,1092,32212,481,35086,102,2600,596,17127,1073,27594,698,44721,California
Humboldt,2021-04-03,1639,71537,1487,33699,136,35222,16,2616,665,16844,964,28558,681,45402,California
Humboldt,2021-04-04,468,72005,359,34058,100,35322,9,2625,397,17179,71,28629,406,45808,California
Humboldt,2021-04-05,650,72655,416,34474,213,35535,21,2646,370,17290,280,28909,391,46199,California
Humboldt,2021-04-06,695,73350,257,34731,351,35886,87,2733,509,17702,183,29092,595,46794,California
Humboldt,2021-04-07,1253,74603,919,35650,229,36115,105,2838,803,18162,448,29540,908,47702,California
Humboldt,2021-04-08,1256,75859,822,36472,357,36472,77,2915,517,18019,737,30277,594,48296,California
Humboldt,2021-04-09,616,76475,296,36768,267,36739,53,2968,467,18390,148,30425,519,48815,California
Humboldt,2021-04-10,69,76544,4,36772,4,36743,61,3029,6,18393,63,30488,66,48881,California
Imperial,2020-12-16,1,1,1,1,0,0,0,0,1,1,0,0,1,1,California
Imperial,2020-12-17,4,5,4,5,0,0,0,0,4,5,0,0,4,5,California
Imperial,2020-12-18,11,16,11,16,0,0,0,0,11,16,0,0,11,16,California
Imperial,2020-12-20,2,18,2,18,0,0,0,0,2,18,0,0,2,18,California
Imperial,2020-12-21,186,204,186,204,0,0,0,0,186,204,0,0,186,204,California
Imperial,2020-12-22,241,445,239,443,2,2,0,0,241,445,0,0,241,445,California
Imperial,2020-12-23,211,656,210,653,1,3,0,0,210,655,0,0,210,655,California
Imperial,2020-12-24,5,661,5,658,0,3,0,0,5,660,0,0,5,660,California
Imperial,2020-12-26,1,662,0,658,1,4,0,0,1,661,0,0,1,661,California
Imperial,2020-12-27,62,724,0,658,62,66,0,0,62,723,0,0,62,723,California
Imperial,2020-12-28,214,938,114,772,100,166,0,0,214,937,0,0,214,937,California
Imperial,2020-12-29,189,1127,36,808,153,319,0,0,189,1126,0,0,189,1126,California
Imperial,2020-12-30,366,1493,50,858,316,635,0,0,366,1492,0,0,366,1492,California
Imperial,2020-12-31,197,1690,26,884,171,806,0,0,197,1689,0,0,197,1689,California
Imperial,2021-01-01,46,1736,5,889,41,847,0,0,46,1735,0,0,46,1735,California
Imperial,2021-01-02,4,1740,0,889,4,851,0,0,4,1739,0,0,4,1739,California
Imperial,2021-01-03,90,1830,0,889,90,941,0,0,90,1829,0,0,90,1829,California
Imperial,2021-01-04,85,1915,5,894,80,1021,0,0,85,1914,0,0,85,1914,California
Imperial,2021-01-05,172,2087,13,907,159,1180,0,0,172,2086,0,0,172,2086,California
Imperial,2021-01-06,190,2277,25,932,165,1345,0,0,189,2274,1,1,189,2275,California
Imperial,2021-01-07,319,2596,9,941,310,1655,0,0,316,2587,3,4,316,2591,California
Imperial,2021-01-08,190,2786,50,991,140,1795,0,0,181,2759,9,13,181,2772,California
Imperial,2021-01-09,24,2810,21,1012,3,1798,0,0,24,2783,0,13,24,2796,California
Imperial,2021-01-10,1,2811,0,1012,1,1799,0,0,1,2784,0,13,1,2797,California
Imperial,2021-01-11,402,3213,244,1256,158,1957,0,0,174,2730,228,241,174,2971,California
Imperial,2021-01-12,404,3617,301,1557,103,2060,0,0,142,2611,261,502,142,3113,California
Imperial,2021-01-13,379,3996,131,1688,248,2308,0,0,280,2792,99,601,280,3393,California
Imperial,2021-01-14,259,4255,151,1839,108,2416,0,0,253,3040,5,606,253,3646,California
Imperial,2021-01-15,239,4494,182,2021,57,2473,0,0,232,3265,7,613,232,3878,California
Imperial,2021-01-16,76,4570,72,2093,4,2477,0,0,75,3339,1,614,75,3953,California
Imperial,2021-01-17,8,4578,2,2095,6,2483,0,0,8,3347,0,614,8,3961,California
Imperial,2021-01-18,1057,5635,402,2497,655,3138,0,0,958,4207,99,713,959,4920,California
Imperial,2021-01-19,164,5799,128,2625,36,3174,0,0,117,4277,47,760,117,5037,California
Imperial,2021-01-20,290,6089,194,2819,96,3270,0,0,252,4491,38,798,252,5289,California
Imperial,2021-01-21,414,6503,183,3002,231,3501,0,0,394,4865,20,818,394,5683,California
Imperial,2021-01-22,456,6959,189,3191,267,3768,0,0,447,5303,9,827,447,6130,California
Imperial,2021-01-23,1041,8000,290,3481,751,4519,0,0,1040,6342,1,828,1040,7170,California
Imperial,2021-01-24,10,8010,3,3484,7,4526,0,0,10,6352,0,828,10,7180,California
Imperial,2021-01-25,213,8223,5,3489,208,4734,0,0,34,6208,178,1006,34,7214,California
Imperial,2021-01-26,359,8582,184,3673,175,4909,0,0,216,6281,143,1149,216,7430,California
Imperial,2021-01-27,571,9153,163,3836,408,5317,0,0,238,6186,333,1482,238,7668,California
Imperial,2021-01-28,632,9785,159,3995,473,5790,0,0,525,6604,107,1589,525,8193,California
Imperial,2021-01-29,421,10206,295,4290,126,5916,0,0,371,6925,50,1639,371,8564,California
Imperial,2021-01-30,55,10261,30,4320,25,5941,0,0,38,6946,17,1656,38,8602,California
Imperial,2021-01-31,16,10277,6,4326,10,5951,0,0,15,6960,1,1657,15,8617,California
Imperial,2021-02-01,419,10696,54,4380,365,6316,0,0,209,6960,209,1866,209,8826,California
Imperial,2021-02-02,677,11373,54,4434,623,6939,0,0,496,7275,181,2047,496,9322,California
Imperial,2021-02-03,459,11832,50,4484,409,7348,0,0,266,7349,192,2239,266,9588,California
Imperial,2021-02-04,1718,13550,1199,5683,519,7867,0,0,1405,8442,312,2551,1405,10993,California
Imperial,2021-02-05,389,13939,241,5924,148,8015,0,0,153,8361,234,2785,153,11146,California
Imperial,2021-02-06,862,14801,839,6763,23,8038,0,0,825,9150,36,2821,825,11971,California
Imperial,2021-02-07,23,14824,11,6774,12,8050,0,0,22,9171,1,2822,22,11993,California
Imperial,2021-02-08,251,15075,42,6816,209,8259,0,0,183,9286,68,2890,183,12176,California
Imperial,2021-02-09,463,15538,146,6962,317,8576,0,0,306,9435,157,3047,306,12482,California
Imperial,2021-02-10,382,15920,53,7015,329,8905,0,0,94,9242,288,3335,95,12577,California
Imperial,2021-02-11,458,16378,257,7272,201,9106,0,0,89,8962,369,3704,89,12666,California
Imperial,2021-02-12,2116,18494,1406,8678,710,9816,0,0,1764,10375,351,4055,1764,14430,California
Imperial,2021-02-13,41,18535,18,8696,23,9839,0,0,34,10403,7,4062,35,14465,California
Imperial,2021-02-14,23,18558,12,8708,11,9850,0,0,21,10422,2,4064,21,14486,California
Imperial,2021-02-15,30,18588,11,8719,19,9869,0,0,23,10438,7,4071,23,14509,California
Imperial,2021-02-16,515,19103,268,8987,247,10116,0,0,295,10513,220,4291,295,14804,California
Imperial,2021-02-17,441,19544,287,9274,154,10270,0,0,86,10244,355,4646,86,14890,California
Imperial,2021-02-18,649,20193,313,9587,336,10606,0,0,145,9886,503,5149,145,15035,California
Imperial,2021-02-19,764,20957,381,9968,383,10989,0,0,191,9505,572,5721,191,15226,California
Imperial,2021-02-20,1044,22001,196,10164,848,11837,0,0,330,9124,713,6434,332,15558,California
Imperial,2021-02-21,590,22591,556,10720,34,11871,0,0,579,9693,10,6444,579,16137,California
Imperial,2021-02-22,809,23400,569,11289,240,12111,0,0,759,10402,50,6494,759,16896,California
Imperial,2021-02-23,941,24341,378,11667,563,12674,0,0,891,11243,50,6544,891,17787,California
Imperial,2021-02-24,708,25049,293,11960,415,13089,0,0,611,11758,96,6640,611,18398,California
Imperial,2021-02-25,816,25865,340,12300,476,13565,0,0,451,11850,364,7004,456,18854,California
Imperial,2021-02-26,1764,27629,1373,13673,391,13956,0,0,1591,13270,171,7175,1591,20445,California
Imperial,2021-02-27,917,28546,869,14542,48,14004,0,0,179,12712,738,7913,180,20625,California
Imperial,2021-02-28,76,28622,66,14608,10,14014,0,0,67,12770,9,7922,67,20692,California
Imperial,2021-03-01,511,29133,313,14921,198,14212,0,0,448,13158,61,7983,449,21141,California
Imperial,2021-03-02,689,29822,264,15185,425,14637,0,0,401,13274,288,8271,404,21545,California
Imperial,2021-03-03,923,30745,47,15232,875,15512,1,1,554,13474,366,8637,566,22111,California
Imperial,2021-03-04,761,31506,93,15325,668,16180,0,1,501,13746,258,8895,530,22641,California
Imperial,2021-03-05,2573,34079,1944,17269,629,16809,0,1,1250,13678,1320,10215,1252,23893,California
Imperial,2021-03-06,688,34767,238,17507,450,17259,0,1,645,14288,40,10255,650,24543,California
Imperial,2021-03-07,75,34842,43,17550,32,17291,0,1,55,14324,20,10275,56,24599,California
Imperial,2021-03-08,414,35256,333,17883,48,17339,33,34,364,14671,50,10325,397,24996,California
Imperial,2021-03-09,686,35942,316,18199,122,17461,248,282,401,15035,285,10610,649,25645,California
Imperial,2021-03-10,678,36620,311,18510,263,17724,104,386,313,15089,364,10974,418,26063,California
Imperial,2021-03-11,1785,38405,480,18990,1112,18836,193,579,1188,15882,598,11572,1391,27454,California
Imperial,2021-03-12,3696,42101,2538,21528,974,19810,184,763,2107,16590,1584,13156,2292,29746,California
Imperial,2021-03-13,1133,43234,90,21618,819,20629,224,987,849,17384,282,13438,1076,30822,California
Imperial,2021-03-14,172,43406,32,21650,128,20757,12,999,141,17507,31,13469,154,30976,California
Imperial,2021-03-15,672,44078,216,21866,197,20954,259,1258,377,17849,294,13763,636,31612,California
Imperial,2021-03-16,1064,45142,274,22140,337,21291,453,1711,528,18295,535,14298,981,32593,California
Imperial,2021-03-17,1547,46689,664,22804,747,22038,136,1847,971,18830,573,14871,1108,33701,California
Imperial,2021-03-18,1775,48464,1174,23978,541,22579,60,1907,1246,19612,527,15398,1309,35010,California
Imperial,2021-03-19,3338,51802,2444,26422,890,23469,4,1911,1502,19290,1829,17227,1507,36517,California
Imperial,2021-03-20,860,52662,551,26973,304,23773,5,1916,417,19278,440,17667,428,36945,California
Imperial,2021-03-21,215,52877,33,27006,178,23951,4,1920,157,19384,58,17725,164,37109,California
Imperial,2021-03-22,1022,53899,316,27322,699,24650,7,1927,603,19577,418,18143,611,37720,California
Imperial,2021-03-23,1377,55276,405,27727,967,25617,5,1932,883,19975,492,18635,890,38610,California
Imperial,2021-03-24,1866,57142,540,28267,900,26517,426,2358,896,20331,969,19604,1325,39935,California
Imperial,2021-03-25,2674,59816,496,28763,870,27387,1308,3666,995,20955,1678,21282,2302,42237,California
Imperial,2021-03-26,2356,62172,779,29542,707,28094,870,4536,750,20976,1600,22882,1621,43858,California
Imperial,2021-03-27,571,62743,261,29803,259,28353,51,4587,414,21287,154,23036,465,44323,California
Imperial,2021-03-28,206,62949,50,29853,154,28507,2,4589,170,21423,36,23072,172,44495,California
Imperial,2021-03-29,1129,64078,345,30198,389,28896,395,4984,312,21316,815,23887,708,45203,California
Imperial,2021-03-30,1402,65480,678,30876,588,29484,136,5120,673,21398,729,24616,811,46014,California
Imperial,2021-03-31,1513,66993,711,31587,796,30280,6,5126,1007,21906,505,25121,1013,47027,California
Imperial,2021-04-01,1692,68685,387,31974,1064,31344,241,5367,774,22007,914,26035,1015,48042,California
Imperial,2021-04-02,1230,69915,444,32418,714,32058,72,5439,720,22290,508,26543,791,48833,California
Imperial,2021-04-03,1453,71368,404,32822,1004,33062,45,5484,684,22254,765,27308,729,49562,California
Imperial,2021-04-04,82,71450,39,32861,27,33089,16,5500,24,22236,58,27366,40,49602,California
Imperial,2021-04-05,1682,73132,913,33774,715,33804,54,5554,332,21279,1343,28709,386,49988,California
Imperial,2021-04-06,1209,74341,513,34287,543,34347,153,5707,656,21540,550,29259,811,50799,California
Imperial,2021-04-07,2014,76355,538,34825,1131,35478,345,6052,1461,22798,549,29808,1807,52606,California
Imperial,2021-04-08,1928,78283,1060,35885,613,36091,255,6307,930,22989,995,30803,1186,53792,California
Imperial,2021-04-09,1116,79399,280,36165,461,36552,375,6682,475,23199,639,31442,849,54641,California
Imperial,2021-04-10,680,80079,108,36273,522,37074,50,6732,78,22727,600,32042,128,54769,California
Inyo,2020-12-19,85,85,85,85,0,0,0,0,85,85,0,0,85,85,California
Inyo,2020-12-20,58,143,58,143,0,0,0,0,58,143,0,0,58,143,California
Inyo,2020-12-21,88,231,85,228,3,3,0,0,88,231,0,0,88,231,California
Inyo,2020-12-22,105,336,105,333,0,3,0,0,105,336,0,0,105,336,California
Inyo,2020-12-23,70,406,67,400,3,6,0,0,70,406,0,0,70,406,California
Inyo,2020-12-24,16,422,16,416,0,6,0,0,16,422,0,0,16,422,California
Inyo,2020-12-25,1,423,0,416,1,7,0,0,1,423,0,0,1,423,California
Inyo,2020-12-26,74,497,74,490,0,7,0,0,74,497,0,0,74,497,California
Inyo,2020-12-28,48,545,36,526,12,19,0,0,48,545,0,0,48,545,California
Inyo,2020-12-29,20,565,20,546,0,19,0,0,20,565,0,0,20,565,California
Inyo,2020-12-30,56,621,54,600,2,21,0,0,56,621,0,0,56,621,California
Inyo,2020-12-31,29,650,0,600,29,50,0,0,29,650,0,0,29,650,California
Inyo,2021-01-01,1,651,0,600,1,51,0,0,1,651,0,0,1,651,California
Inyo,2021-01-03,1,652,0,600,1,52,0,0,1,652,0,0,1,652,California
Inyo,2021-01-04,1,653,1,601,0,52,0,0,1,653,0,0,1,653,California
Inyo,2021-01-05,34,687,0,601,34,86,0,0,34,687,0,0,34,687,California
Inyo,2021-01-06,68,755,0,601,68,154,0,0,68,755,0,0,68,755,California
Inyo,2021-01-07,31,786,1,602,30,184,0,0,31,786,0,0,31,786,California
Inyo,2021-01-08,9,795,8,610,1,185,0,0,4,786,5,5,5,791,California
Inyo,2021-01-09,87,882,86,696,1,186,0,0,1,701,86,91,1,792,California
Inyo,2021-01-10,52,934,52,748,0,186,0,0,0,649,52,143,0,792,California
Inyo,2021-01-11,97,1031,82,830,15,201,0,0,16,584,81,224,16,808,California
Inyo,2021-01-12,139,1170,118,948,21,222,0,0,28,501,111,335,28,836,California
Inyo,2021-01-13,86,1256,68,1016,18,240,0,0,21,458,65,400,22,858,California
Inyo,2021-01-14,59,1315,13,1029,46,286,0,0,49,497,10,410,49,907,California
Inyo,2021-01-15,162,1477,28,1057,134,420,0,0,162,659,0,410,162,1069,California
Inyo,2021-01-16,74,1551,73,1130,1,421,0,0,1,587,73,483,1,1070,California
Inyo,2021-01-18,58,1609,36,1166,22,443,0,0,19,567,39,522,19,1089,California
Inyo,2021-01-19,116,1725,73,1239,43,486,0,0,100,651,16,538,100,1189,California
Inyo,2021-01-20,144,1869,69,1308,75,561,0,0,90,687,54,592,90,1279,California
Inyo,2021-01-21,120,1989,57,1365,63,624,0,0,119,805,1,593,119,1398,California
Inyo,2021-01-22,62,2051,0,1365,62,686,0,0,61,865,1,594,61,1459,California
Inyo,2021-01-23,52,2103,52,1417,0,686,0,0,52,917,0,594,52,1511,California
Inyo,2021-01-25,49,2152,6,1423,43,729,0,0,37,942,12,606,37,1548,California
Inyo,2021-01-26,133,2285,51,1474,82,811,0,0,127,1063,6,612,127,1675,California
Inyo,2021-01-27,23,2308,2,1476,21,832,0,0,22,1084,1,613,22,1697,California
Inyo,2021-01-28,92,2400,2,1478,90,922,0,0,63,1118,29,642,63,1760,California
Inyo,2021-01-29,25,2425,3,1481,22,944,0,0,23,1139,2,644,23,1783,California
Inyo,2021-01-30,11,2436,1,1482,10,954,0,0,11,1150,0,644,11,1794,California
Inyo,2021-01-31,32,2468,4,1486,28,982,0,0,4,1126,28,672,4,1798,California
Inyo,2021-02-01,11,2479,9,1495,2,984,0,0,1,1117,10,682,1,1799,California
Inyo,2021-02-02,130,2609,15,1510,115,1099,0,0,104,1195,26,708,104,1903,California
Inyo,2021-02-03,116,2725,0,1510,116,1215,0,0,74,1227,42,750,74,1977,California
Inyo,2021-02-04,149,2874,31,1541,118,1333,0,0,90,1258,59,809,90,2067,California
Inyo,2021-02-05,118,2992,62,1603,56,1389,0,0,116,1372,2,811,116,2183,California
Inyo,2021-02-06,4,2996,2,1605,2,1391,0,0,3,1374,1,812,3,2186,California
Inyo,2021-02-07,4,3000,2,1607,2,1393,0,0,4,1378,0,812,4,2190,California
Inyo,2021-02-08,117,3117,7,1614,110,1503,0,0,97,1455,20,832,97,2287,California
Inyo,2021-02-09,193,3310,51,1665,142,1645,0,0,122,1506,71,903,122,2409,California
Inyo,2021-02-10,143,3453,17,1682,126,1771,0,0,109,1581,34,937,109,2518,California
Inyo,2021-02-11,219,3672,56,1738,163,1934,0,0,125,1612,94,1031,125,2643,California
Inyo,2021-02-12,299,3971,52,1790,247,2181,0,0,168,1649,131,1162,168,2811,California
Inyo,2021-02-13,60,4031,55,1845,5,2186,0,0,8,1605,52,1214,8,2819,California
Inyo,2021-02-14,1,4032,0,1845,1,2187,0,0,1,1606,0,1214,1,2820,California
Inyo,2021-02-15,29,4061,9,1854,20,2207,0,0,5,1587,24,1238,5,2825,California
Inyo,2021-02-16,180,4241,49,1903,131,2338,0,0,93,1593,87,1325,93,2918,California
Inyo,2021-02-17,37,4278,4,1907,33,2371,0,0,7,1570,30,1355,7,2925,California
Inyo,2021-02-18,121,4399,5,1912,116,2487,0,0,78,1605,43,1398,78,3003,California
Inyo,2021-02-19,52,4451,4,1916,48,2535,0,0,9,1571,43,1441,9,3012,California
Inyo,2021-02-20,503,4954,499,2415,4,2539,0,0,501,2070,2,1443,501,3513,California
Inyo,2021-02-21,267,5221,267,2682,0,2539,0,0,267,2337,0,1443,267,3780,California
Inyo,2021-02-22,61,5282,19,2701,42,2581,0,0,27,2330,34,1477,27,3807,California
Inyo,2021-02-23,197,5479,20,2721,177,2758,0,0,94,2322,102,1579,94,3901,California
Inyo,2021-02-24,116,5595,0,2721,116,2874,0,0,57,2320,59,1638,57,3958,California
Inyo,2021-02-25,131,5726,3,2724,128,3002,0,0,63,2315,68,1706,63,4021,California
Inyo,2021-02-26,104,5830,61,2785,43,3045,0,0,19,2249,85,1791,19,4040,California
Inyo,2021-02-27,15,5845,4,2789,11,3056,0,0,3,2240,12,1803,3,4043,California
Inyo,2021-02-28,3,5848,1,2790,2,3058,0,0,2,2241,1,1804,2,4045,California
Inyo,2021-03-01,20,5868,2,2792,18,3076,0,0,17,2255,3,1807,17,4062,California
Inyo,2021-03-02,191,6059,1,2793,190,3266,0,0,108,2280,83,1890,108,4170,California
Inyo,2021-03-03,84,6143,3,2796,81,3347,0,0,41,2278,43,1933,41,4211,California
Inyo,2021-03-04,127,6270,4,2800,123,3470,0,0,46,2243,81,2014,46,4257,California
Inyo,2021-03-05,142,6412,57,2857,85,3555,0,0,38,2177,104,2118,38,4295,California
Inyo,2021-03-06,31,6443,1,2858,30,3585,0,0,30,2206,1,2119,30,4325,California
Inyo,2021-03-07,7,6450,4,2862,3,3588,0,0,5,2209,2,2121,5,4330,California
Inyo,2021-03-08,181,6631,5,2867,176,3764,0,0,91,2210,90,2211,91,4421,California
Inyo,2021-03-09,185,6816,2,2869,183,3947,0,0,70,2165,115,2326,70,4491,California
Inyo,2021-03-10,69,6885,8,2877,60,4007,1,1,30,2157,39,2365,31,4522,California
Inyo,2021-03-11,203,7088,1,2878,197,4204,5,6,73,2106,129,2494,78,4600,California
Inyo,2021-03-12,173,7261,4,2882,164,4368,5,11,75,2088,98,2592,80,4680,California
Inyo,2021-03-13,575,7836,540,3422,25,4393,10,21,77,1678,497,3089,87,4767,California
Inyo,2021-03-14,431,8267,429,3851,2,4395,0,21,168,1584,262,3351,168,4935,California
Inyo,2021-03-15,51,8318,15,3866,34,4429,2,23,30,1595,21,3372,32,4967,California
Inyo,2021-03-16,163,8481,3,3869,154,4583,6,29,62,1563,100,3472,68,5035,California
Inyo,2021-03-17,107,8588,3,3872,97,4680,7,36,92,1647,15,3487,99,5134,California
Inyo,2021-03-18,182,8770,14,3886,161,4841,7,43,102,1676,80,3567,109,5243,California
Inyo,2021-03-19,45,8815,3,3889,38,4879,4,47,35,1705,10,3577,39,5282,California
Inyo,2021-03-20,21,8836,1,3890,11,4890,9,56,2,1697,19,3596,11,5293,California
Inyo,2021-03-22,60,8896,2,3892,53,4943,5,61,40,1722,20,3616,45,5338,California
Inyo,2021-03-23,193,9089,4,3896,185,5128,4,65,103,1739,90,3706,107,5445,California
Inyo,2021-03-24,139,9228,3,3899,132,5260,4,69,86,1776,53,3759,90,5535,California
Inyo,2021-03-25,324,9552,104,4003,216,5476,4,73,259,1974,65,3824,263,5798,California
Inyo,2021-03-26,90,9642,2,4005,84,5560,4,77,70,2028,20,3844,74,5872,California
Inyo,2021-03-27,51,9693,44,4049,4,5564,3,80,45,2070,6,3850,48,5920,California
Inyo,2021-03-28,4,9697,1,4050,2,5566,1,81,1,2069,3,3853,2,5922,California
Inyo,2021-03-29,109,9806,2,4052,102,5668,5,86,82,2130,26,3879,87,6009,California
Inyo,2021-03-30,209,10015,3,4055,201,5869,5,91,102,2130,107,3986,107,6116,California
Inyo,2021-03-31,145,10160,4,4059,136,6005,5,96,104,2198,41,4027,109,6225,California
Inyo,2021-04-01,159,10319,5,4064,153,6158,1,97,110,2260,49,4076,111,6336,California
Inyo,2021-04-02,81,10400,1,4065,78,6236,2,99,52,2285,29,4105,54,6390,California
Inyo,2021-04-03,94,10494,46,4111,34,6270,14,113,6,2218,86,4191,19,6409,California
Inyo,2021-04-04,5,10499,4,4115,0,6270,1,114,1,2216,4,4195,2,6411,California
Inyo,2021-04-05,117,10616,1,4116,112,6382,4,118,29,2161,88,4283,33,6444,California
Inyo,2021-04-06,226,10842,4,4120,158,6540,64,182,95,2189,131,4414,159,6603,California
Inyo,2021-04-07,195,11037,2,4122,68,6608,125,307,40,2199,155,4569,165,6768,California
Inyo,2021-04-08,172,11209,16,4138,141,6749,15,322,78,2198,94,4663,93,6861,California
Inyo,2021-04-09,91,11300,5,4143,65,6814,21,343,29,2186,62,4725,50,6911,California
Inyo,2021-04-10,23,11323,1,4144,22,6836,0,343,1,2165,22,4747,1,6912,California
Kern,2020-12-15,1,1,1,1,0,0,0,0,1,1,0,0,1,1,California
Kern,2020-12-16,19,20,19,20,0,0,0,0,19,20,0,0,19,20,California
Kern,2020-12-17,164,184,164,184,0,0,0,0,164,184,0,0,164,184,California
Kern,2020-12-18,319,503,319,503,0,0,0,0,319,503,0,0,319,503,California
Kern,2020-12-19,98,601,98,601,0,0,0,0,99,602,0,0,99,602,California
Kern,2020-12-20,61,662,61,662,0,0,0,0,61,663,0,0,61,663,California
Kern,2020-12-21,669,1331,669,1331,0,0,0,0,669,1332,0,0,669,1332,California
Kern,2020-12-22,530,1861,527,1858,3,3,0,0,530,1862,0,0,530,1862,California
Kern,2020-12-23,557,2418,418,2276,139,142,0,0,557,2419,0,0,557,2419,California
Kern,2020-12-24,122,2540,43,2319,79,221,0,0,122,2541,0,0,122,2541,California
Kern,2020-12-25,1,2541,1,2320,0,221,0,0,1,2542,0,0,1,2542,California
Kern,2020-12-26,33,2574,1,2321,32,253,0,0,33,2575,0,0,33,2575,California
Kern,2020-12-27,35,2609,3,2324,32,285,0,0,35,2610,0,0,35,2610,California
Kern,2020-12-28,824,3433,660,2984,164,449,0,0,824,3434,0,0,824,3434,California
Kern,2020-12-29,745,4178,452,3436,293,742,0,0,745,4179,0,0,745,4179,California
Kern,2020-12-30,1199,5377,908,4344,291,1033,0,0,1199,5378,0,0,1199,5378,California
Kern,2020-12-31,277,5654,98,4442,179,1212,0,0,277,5655,0,0,277,5655,California
Kern,2021-01-01,10,5664,6,4448,4,1216,0,0,10,5665,0,0,10,5665,California
Kern,2021-01-02,77,5741,18,4466,59,1275,0,0,77,5742,0,0,77,5742,California
Kern,2021-01-03,23,5764,4,4470,19,1294,0,0,23,5765,0,0,23,5765,California
Kern,2021-01-04,552,6316,359,4829,193,1487,0,0,552,6317,0,0,552,6317,California
Kern,2021-01-05,1128,7444,735,5564,393,1880,0,0,1116,7421,12,12,1116,7433,California
Kern,2021-01-06,1167,8611,455,6019,712,2592,0,0,1136,8526,31,43,1136,8569,California
Kern,2021-01-07,1403,10014,493,6512,910,3502,0,0,1234,9592,168,211,1234,9803,California
Kern,2021-01-08,1627,11641,766,7278,861,4363,0,0,1331,10626,298,509,1332,11135,California
Kern,2021-01-09,225,11866,76,7354,149,4512,0,0,191,10783,34,543,191,11326,California
Kern,2021-01-10,192,12058,146,7500,46,4558,0,0,151,10893,41,584,151,11477,California
Kern,2021-01-11,1550,13608,981,8481,569,5127,0,0,998,11339,552,1136,998,12475,California
Kern,2021-01-12,1870,15478,810,9291,1060,6187,0,0,1360,12189,510,1646,1360,13835,California
Kern,2021-01-13,1856,17334,867,10158,989,7176,0,0,1434,13201,422,2068,1434,15269,California
Kern,2021-01-14,2179,19513,645,10803,1534,8710,0,0,2134,15289,46,2114,2134,17403,California
Kern,2021-01-15,2702,22215,858,11661,1844,10554,0,0,2604,17799,95,2209,2605,20008,California
Kern,2021-01-16,669,22884,212,11873,457,11011,0,0,635,18400,34,2243,635,20643,California
Kern,2021-01-17,72,22956,7,11880,65,11076,0,0,70,18468,2,2245,70,20713,California
Kern,2021-01-18,1641,24597,658,12538,983,12059,0,0,1472,19771,169,2414,1472,22185,California
Kern,2021-01-19,1847,26444,1027,13565,820,12879,0,0,1380,20684,467,2881,1380,23565,California
Kern,2021-01-20,2442,28886,1509,15074,933,13812,0,0,1817,21883,620,3501,1819,25384,California
Kern,2021-01-21,2161,31047,917,15991,1244,15056,0,0,1967,23657,193,3694,1967,27351,California
Kern,2021-01-22,2709,33756,1291,17282,1418,16474,0,0,2433,25816,274,3968,2433,29784,California
Kern,2021-01-23,1246,35002,534,17816,712,17186,0,0,1200,26970,46,4014,1200,30984,California
Kern,2021-01-24,159,35161,19,17835,140,17326,0,0,154,27119,5,4019,154,31138,California
Kern,2021-01-25,2376,37537,1080,18915,1296,18622,0,0,1894,28533,481,4500,1895,33033,California
Kern,2021-01-26,2749,40286,1114,20029,1635,20257,0,0,1898,29581,850,5350,1898,34931,California
Kern,2021-01-27,3550,43836,1896,21925,1654,21911,0,0,2853,31739,695,6045,2853,37784,California
Kern,2021-01-28,2855,46691,1347,23272,1508,23419,0,0,2425,33741,426,6471,2428,40212,California
Kern,2021-01-29,3767,50458,1799,25071,1968,25387,0,0,3228,36433,536,7007,3228,43440,California
Kern,2021-01-30,1321,51779,496,25567,825,26212,0,0,1274,37662,45,7052,1274,44714,California
Kern,2021-01-31,404,52183,277,25844,127,26339,0,0,270,37798,134,7186,270,44984,California
Kern,2021-02-01,2403,54586,813,26657,1590,27929,0,0,1855,39108,546,7732,1856,46840,California
Kern,2021-02-02,2918,57504,972,27629,1946,29875,0,0,2057,40305,861,8593,2058,48898,California
Kern,2021-02-03,3653,61157,1548,29177,2105,31980,0,0,2687,42033,959,9552,2687,51585,California
Kern,2021-02-04,3795,64952,1448,30625,2347,34327,0,0,2583,43415,1201,10753,2583,54168,California
Kern,2021-02-05,4846,69798,1989,32614,2857,37184,0,0,3089,44766,1738,12491,3089,57257,California
Kern,2021-02-06,1734,71532,765,33379,969,38153,0,0,1511,46057,220,12711,1511,58768,California
Kern,2021-02-07,284,71816,151,33530,133,38286,0,0,268,46311,14,12725,268,59036,California
Kern,2021-02-08,2559,74375,788,34318,1771,40057,0,0,1257,46284,1284,14009,1257,60293,California
Kern,2021-02-09,3022,77397,982,35300,2040,42097,0,0,1465,46200,1550,15559,1466,61759,California
Kern,2021-02-10,3780,81177,1653,36953,2127,44224,0,0,1894,46225,1870,17429,1895,63654,California
Kern,2021-02-11,4251,85428,1538,38491,2713,46937,0,0,2231,46449,2007,19436,2231,65885,California
Kern,2021-02-12,4950,90378,1893,40384,3057,49994,0,0,2482,46477,2454,21890,2482,68367,California
Kern,2021-02-13,2006,92384,725,41109,1281,51275,0,0,1165,46803,839,22729,1165,69532,California
Kern,2021-02-14,350,92734,13,41122,337,51612,0,0,269,46992,80,22809,269,69801,California
Kern,2021-02-15,2731,95465,885,42007,1846,53458,0,0,1207,46684,1516,24325,1208,71009,California
Kern,2021-02-16,2946,98411,719,42726,2227,55685,0,0,1661,47071,1275,25600,1662,72671,California
Kern,2021-02-17,4056,102467,2071,44797,1985,57670,0,0,1929,46880,2121,27721,1930,74601,California
Kern,2021-02-18,3745,106212,1470,46267,2275,59945,0,0,1619,46386,2113,29834,1619,76220,California
Kern,2021-02-19,4191,110403,1916,48183,2275,62220,0,0,1737,45677,2447,32281,1738,77958,California
Kern,2021-02-20,2571,112974,969,49152,1602,63822,0,0,1339,45787,1229,33510,1339,79297,California
Kern,2021-02-21,246,113220,140,49292,106,63928,0,0,85,45714,159,33669,86,79383,California
Kern,2021-02-22,2654,115874,1147,50439,1507,65435,0,0,1429,45923,1220,34889,1429,80812,California
Kern,2021-02-23,3530,119404,1116,51555,2414,67849,0,0,1973,46341,1555,36444,1973,82785,California
Kern,2021-02-24,5153,124557,2265,53820,2888,70737,0,0,3073,47338,2076,38520,3073,85858,California
Kern,2021-02-25,5345,129902,2443,56263,2902,73639,0,0,3170,48351,2157,40677,3170,89028,California
Kern,2021-02-26,6879,136781,3517,59780,3362,77001,0,0,4356,50190,2518,43195,4357,93385,California
Kern,2021-02-27,3847,140628,1888,61668,1959,78960,0,0,2513,51377,1326,44521,2513,95898,California
Kern,2021-02-28,907,141535,498,62166,409,79369,0,0,691,51854,214,44735,691,96589,California
Kern,2021-03-01,3970,145505,1801,63967,2169,81538,0,0,2684,53257,1281,46016,2684,99273,California
Kern,2021-03-02,4351,149856,1367,65334,2983,84521,1,1,2853,54621,1489,47505,2853,102126,California
Kern,2021-03-03,5730,155586,2666,68000,3064,87585,0,1,3653,56213,2062,49567,3654,105780,California
Kern,2021-03-04,5502,161088,2119,70119,3381,90966,2,3,3514,57753,1975,51542,3515,109295,California
Kern,2021-03-05,6432,167520,2648,72767,3767,94733,17,20,4019,59384,2405,53947,4036,113331,California
Kern,2021-03-06,4634,172154,1879,74646,2660,97393,95,115,3379,61613,1246,55193,3475,116806,California
Kern,2021-03-07,2035,174189,1583,76229,407,97800,45,160,1848,63320,186,55379,1893,118699,California
Kern,2021-03-08,2790,176979,851,77080,1727,99527,212,372,1446,63635,1341,56720,1656,120355,California
Kern,2021-03-09,3516,180495,756,77836,2427,101954,333,705,2174,64803,1338,58058,2506,122861,California
Kern,2021-03-10,6010,186505,2459,80295,2481,104435,1070,1775,3495,66864,2504,60562,4565,127426,California
Kern,2021-03-11,6252,192757,2393,82688,2844,107279,1015,2790,3720,69075,2522,63084,4733,132159,California
Kern,2021-03-12,7598,200355,2894,85582,3360,110639,1344,4134,4120,71063,3468,66552,5456,137615,California
Kern,2021-03-13,4379,204734,2293,87875,1749,112388,337,4471,2977,72976,1397,67949,3310,140925,California
Kern,2021-03-14,2260,206994,1408,89283,609,112997,243,4714,1738,74437,520,68469,1981,142906,California
Kern,2021-03-15,4209,211203,1066,90349,2433,115430,710,5424,2154,75253,2046,70515,2862,145768,California
Kern,2021-03-16,4302,215505,997,91346,2776,118206,529,5953,2310,76107,1982,72497,2836,148604,California
Kern,2021-03-17,7174,222679,3781,95127,2853,121059,540,6493,4263,78009,2899,75396,4801,153405,California
Kern,2021-03-18,6917,229596,3355,98482,2987,124046,575,7068,4101,79886,2798,78194,4675,158080,California
Kern,2021-03-19,8579,238175,4651,103133,3280,127326,648,7716,4425,80816,4141,82335,5071,163151,California
Kern,2021-03-20,5849,244024,3516,106649,2159,129485,174,7890,3786,82724,2053,84388,3961,167112,California
Kern,2021-03-21,2856,246880,1738,108387,241,129726,877,8767,1686,84124,1164,85552,2564,169676,California
Kern,2021-03-22,3901,250781,1519,109906,2025,131751,357,9124,1892,84370,2003,87555,2249,171925,California
Kern,2021-03-23,4602,255383,1636,111542,2786,134537,180,9304,2443,84863,2129,89684,2622,174547,California
Kern,2021-03-24,6942,262325,3493,115035,2980,137517,469,9773,3644,85691,3284,92968,4112,178659,California
Kern,2021-03-25,6570,268895,2862,117897,3387,140904,321,10094,3287,86029,3270,96238,3608,182267,California
Kern,2021-03-26,9378,278273,4131,122028,3998,144902,1249,11343,4657,87236,4700,100938,5907,188174,California
Kern,2021-03-27,5419,283692,3725,125753,1573,146475,121,11464,3326,88598,2085,103023,3447,191621,California
Kern,2021-03-28,4202,287894,3719,129472,469,146944,14,11478,2660,89737,1535,104558,2674,194295,California
Kern,2021-03-29,4163,292057,1621,131093,2262,149206,280,11758,2604,91074,1546,106104,2883,197178,California
Kern,2021-03-30,5413,297470,1800,132893,3307,152513,306,12064,3081,92134,2325,108429,3385,200563,California
Kern,2021-03-31,7979,305449,4156,137049,3178,155691,645,12709,4215,93244,3750,112179,4860,205423,California
Kern,2021-04-01,7523,312972,3595,140644,3632,159323,296,13005,4058,94147,3448,115627,4351,209774,California
Kern,2021-04-02,8091,321063,4175,144819,3309,162632,607,13612,4081,94837,3994,119621,4684,214458,California
Kern,2021-04-03,5641,326704,3357,148176,2104,164736,180,13792,2595,94576,3035,122656,2774,217232,California
Kern,2021-04-04,1220,327924,764,148940,372,165108,84,13876,447,94335,772,123428,531,217763,California
Kern,2021-04-05,5205,333129,2164,151104,2285,167393,756,14632,2799,95492,2396,125824,3553,221316,California
Kern,2021-04-06,6369,339498,2353,153457,2886,170279,1130,15762,3470,97207,2885,128709,4600,225916,California
Kern,2021-04-07,9105,348603,5344,158801,2822,173101,939,16701,4579,98216,4509,133218,5518,231434,California
Kern,2021-04-08,8185,356788,4688,163489,2664,175765,833,17534,3828,98539,4335,137553,4658,236092,California
Kern,2021-04-09,4734,361522,1635,165124,2356,178121,743,18277,1874,98305,2849,140402,2615,238707,California
Kern,2021-04-10,590,362112,190,165314,351,178472,49,18326,234,98233,354,140756,282,238989,California
Kings,2020-12-16,1,1,1,1,0,0,0,0,1,1,0,0,1,1,California
Kings,2020-12-17,8,9,8,9,0,0,0,0,8,9,0,0,8,9,California
Kings,2020-12-18,12,21,12,21,0,0,0,0,12,21,0,0,12,21,California
Kings,2020-12-19,11,32,11,32,0,0,0,0,11,32,0,0,11,32,California
Kings,2020-12-20,13,45,13,45,0,0,0,0,13,45,0,0,13,45,California
Kings,2020-12-21,155,200,155,200,0,0,0,0,271,316,0,0,271,316,California
Kings,2020-12-22,143,343,143,343,0,0,0,0,140,456,0,0,140,456,California
Kings,2020-12-23,134,477,122,465,12,12,0,0,135,591,0,0,135,591,California
Kings,2020-12-24,11,488,9,474,2,14,0,0,11,602,0,0,11,602,California
Kings,2020-12-26,7,495,4,478,3,17,0,0,7,609,0,0,7,609,California
Kings,2020-12-27,4,499,4,482,0,17,0,0,4,613,0,0,4,613,California
Kings,2020-12-28,131,630,103,585,28,45,0,0,132,745,0,0,132,745,California
Kings,2020-12-29,78,708,51,636,27,72,0,0,79,824,0,0,79,824,California
Kings,2020-12-30,147,855,108,744,39,111,0,0,147,971,0,0,147,971,California
Kings,2020-12-31,43,898,6,750,37,148,0,0,43,1014,0,0,43,1014,California
Kings,2021-01-01,1,899,0,750,1,149,0,0,1,1015,0,0,1,1015,California
Kings,2021-01-02,10,909,9,759,1,150,0,0,10,1025,0,0,10,1025,California
Kings,2021-01-04,113,1022,42,801,71,221,0,0,113,1138,0,0,113,1138,California
Kings,2021-01-05,197,1219,39,840,158,379,0,0,197,1335,0,0,197,1335,California
Kings,2021-01-06,276,1495,177,1017,99,478,0,0,273,1605,3,3,273,1608,California
Kings,2021-01-07,178,1673,81,1098,97,575,0,0,170,1767,8,11,170,1778,California
Kings,2021-01-08,247,1920,54,1152,193,768,0,0,228,1976,19,30,228,2006,California
Kings,2021-01-09,63,1983,9,1161,54,822,0,0,55,2023,8,38,55,2061,California
Kings,2021-01-10,15,1998,3,1164,12,834,0,0,12,2032,3,41,12,2073,California
Kings,2021-01-11,518,2516,356,1520,162,996,0,0,274,2063,244,285,275,2348,California
Kings,2021-01-12,349,2865,252,1772,97,1093,0,0,215,2147,131,416,215,2563,California
Kings,2021-01-13,414,3279,267,2039,147,1240,0,0,323,2379,91,507,323,2886,California
Kings,2021-01-14,208,3487,31,2070,177,1417,0,0,198,2557,21,528,199,3085,California
Kings,2021-01-15,414,3901,28,2098,386,1803,0,0,402,2947,12,540,402,3487,California
Kings,2021-01-16,31,3932,12,2110,19,1822,0,0,30,2976,1,541,30,3517,California
Kings,2021-01-17,8,3940,5,2115,3,1825,0,0,6,2980,2,543,6,3523,California
Kings,2021-01-18,172,4112,40,2155,132,1957,0,0,146,3100,26,569,146,3669,California
Kings,2021-01-19,376,4488,158,2313,218,2175,0,0,248,3220,128,697,248,3917,California
Kings,2021-01-20,225,4713,135,2448,90,2265,0,0,120,3239,101,798,120,4037,California
Kings,2021-01-21,186,4899,32,2480,154,2419,0,0,172,3395,16,814,172,4209,California
Kings,2021-01-22,125,5024,38,2518,87,2506,0,0,125,3515,5,819,125,4334,California
Kings,2021-01-23,26,5050,14,2532,12,2518,0,0,20,3529,6,825,20,4354,California
Kings,2021-01-24,4,5054,4,2536,0,2518,0,0,2,3529,2,827,2,4356,California
Kings,2021-01-25,124,5178,26,2562,98,2616,0,0,90,3585,34,861,90,4446,California
Kings,2021-01-26,153,5331,34,2596,119,2735,0,0,114,3660,39,900,114,4560,California
Kings,2021-01-27,318,5649,34,2630,284,3019,0,0,248,3839,69,969,248,4808,California
Kings,2021-01-28,324,5973,46,2676,278,3297,0,0,271,4057,53,1022,271,5079,California
Kings,2021-01-29,86,6059,26,2702,60,3357,0,0,69,4109,17,1039,69,5148,California
Kings,2021-01-30,1556,7615,31,2733,1525,4882,0,0,1553,5661,3,1042,1555,6703,California
Kings,2021-02-01,199,7814,64,2797,135,5017,0,0,71,5606,126,1168,71,6774,California
Kings,2021-02-02,226,8040,14,2811,212,5229,0,0,81,5543,144,1312,81,6855,California
Kings,2021-02-03,356,8396,192,3003,164,5393,0,0,202,5592,153,1465,202,7057,California
Kings,2021-02-04,392,8788,97,3100,295,5688,0,0,197,5595,194,1659,197,7254,California
Kings,2021-02-05,254,9042,12,3112,242,5930,0,0,100,5543,152,1811,100,7354,California
Kings,2021-02-06,60,9102,10,3122,50,5980,0,0,27,5537,33,1844,27,7381,California
Kings,2021-02-07,5,9107,3,3125,2,5982,0,0,3,5538,2,1846,3,7384,California
Kings,2021-02-08,169,9276,29,3154,140,6122,0,0,68,5505,101,1947,68,7452,California
Kings,2021-02-09,252,9528,57,3211,195,6317,0,0,109,5473,141,2088,109,7561,California
Kings,2021-02-10,286,9814,112,3323,174,6491,0,0,173,5533,113,2201,173,7734,California
Kings,2021-02-11,429,10243,65,3388,364,6855,0,0,318,5741,110,2311,318,8052,California
Kings,2021-02-12,610,10853,36,3424,574,7429,0,0,341,5813,269,2580,341,8393,California
Kings,2021-02-13,102,10955,6,3430,96,7525,0,0,77,5865,25,2605,77,8470,California
Kings,2021-02-14,103,11058,5,3435,98,7623,0,0,95,5952,8,2613,95,8565,California
Kings,2021-02-15,246,11304,5,3440,241,7864,0,0,137,5981,108,2721,137,8702,California
Kings,2021-02-16,483,11787,32,3472,451,8315,0,0,250,5999,232,2953,250,8952,California
Kings,2021-02-17,378,12165,22,3494,356,8671,0,0,241,6104,137,3090,242,9194,California
Kings,2021-02-18,153,12318,23,3517,130,8801,0,0,99,6149,54,3144,99,9293,California
Kings,2021-02-19,157,12475,22,3539,135,8936,0,0,101,6197,53,3197,101,9394,California
Kings,2021-02-20,171,12646,40,3579,131,9067,0,0,134,6294,37,3234,134,9528,California
Kings,2021-02-21,2,12648,1,3580,1,9068,0,0,2,6296,0,3234,2,9530,California
Kings,2021-02-22,110,12758,19,3599,91,9159,0,0,51,6288,59,3293,51,9581,California
Kings,2021-02-23,290,13048,69,3668,221,9380,0,0,173,6344,117,3410,173,9754,California
Kings,2021-02-24,590,13638,152,3820,438,9818,0,0,378,6510,212,3622,378,10132,California
Kings,2021-02-25,662,14300,113,3933,549,10367,0,0,443,6736,217,3839,443,10575,California
Kings,2021-02-26,655,14955,130,4063,525,10892,0,0,592,7266,62,3901,592,11167,California
Kings,2021-02-27,1498,16453,62,4125,1436,12328,0,0,565,6899,932,4833,565,11732,California
Kings,2021-02-28,1169,17622,594,4719,575,12903,0,0,671,7075,495,5328,671,12403,California
Kings,2021-03-01,256,17878,77,4796,179,13082,0,0,212,7243,44,5372,212,12615,California
Kings,2021-03-02,466,18344,204,5000,262,13344,0,0,417,7612,49,5421,418,13033,California
Kings,2021-03-03,607,18951,293,5293,314,13658,0,0,422,7850,184,5605,422,13455,California
Kings,2021-03-04,709,19660,341,5634,368,14026,0,0,615,8372,94,5699,616,14071,California
Kings,2021-03-05,1000,20660,348,5982,643,14669,9,9,884,9150,116,5815,894,14965,California
Kings,2021-03-06,508,21168,183,6165,312,14981,13,22,479,9613,29,5844,492,15457,California
Kings,2021-03-07,359,21527,218,6383,137,15118,4,26,351,9960,8,5852,355,15812,California
Kings,2021-03-08,348,21875,95,6478,200,15318,53,79,239,10142,109,5961,291,16103,California
Kings,2021-03-09,454,22329,179,6657,220,15538,55,134,349,10442,105,6066,405,16508,California
Kings,2021-03-10,495,22824,120,6777,284,15822,91,225,314,10666,180,6246,404,16912,California
Kings,2021-03-11,1007,23831,307,7084,590,16412,110,335,603,10977,402,6648,713,17625,California
Kings,2021-03-12,1256,25087,383,7467,780,17192,93,428,873,11563,382,7030,968,18593,California
Kings,2021-03-13,660,25747,331,7798,285,17477,44,472,541,12030,119,7149,586,19179,California
Kings,2021-03-14,667,26414,102,7900,183,17660,382,854,200,12145,467,7616,582,19761,California
Kings,2021-03-15,605,27019,174,8074,316,17976,115,969,369,12396,235,7851,486,20247,California
Kings,2021-03-16,1040,28059,438,8512,541,18517,61,1030,706,12829,334,8185,767,21014,California
Kings,2021-03-17,1083,29142,417,8929,605,19122,61,1091,769,13352,314,8499,837,21851,California
Kings,2021-03-18,1085,30227,465,9394,400,19522,220,1311,756,14003,328,8827,979,22830,California
Kings,2021-03-19,926,31153,467,9861,374,19896,85,1396,709,14593,217,9044,807,23637,California
Kings,2021-03-20,622,31775,253,10114,339,20235,30,1426,450,14910,170,9214,487,24124,California
Kings,2021-03-21,1389,33164,1088,11202,290,20525,11,1437,836,15204,553,9767,847,24971,California
Kings,2021-03-22,446,33610,201,11403,162,20687,83,1520,275,15395,171,9938,362,25333,California
Kings,2021-03-23,881,34491,488,11891,334,21021,59,1579,569,15716,310,10248,631,25964,California
Kings,2021-03-24,904,35395,466,12357,415,21436,23,1602,501,15841,401,10649,526,26490,California
Kings,2021-03-25,875,36270,442,12799,408,21844,25,1627,439,15871,434,11083,464,26954,California
Kings,2021-03-26,1280,37550,375,13174,820,22664,85,1712,529,15739,746,11829,614,27568,California
Kings,2021-03-27,616,38166,246,13420,358,23022,12,1724,172,15481,442,12271,184,27752,California
Kings,2021-03-28,539,38705,468,13888,64,23086,7,1731,340,15637,199,12470,355,28107,California
Kings,2021-03-29,451,39156,196,14084,195,23281,60,1791,246,15739,203,12673,305,28412,California
Kings,2021-03-30,816,39972,445,14529,333,23614,38,1829,467,15896,348,13021,505,28917,California
Kings,2021-03-31,707,40679,366,14895,276,23890,65,1894,413,16085,289,13310,478,29395,California
Kings,2021-04-01,745,41424,371,15266,294,24184,80,1974,339,16104,400,13710,419,29814,California
Kings,2021-04-02,946,42370,418,15684,407,24591,121,2095,428,16138,514,14224,548,30362,California
Kings,2021-04-03,451,42821,309,15993,136,24727,6,2101,157,16015,288,14512,165,30527,California
Kings,2021-04-04,156,42977,82,16075,68,24795,6,2107,44,15954,111,14623,50,30577,California
Kings,2021-04-05,1033,44010,317,16392,466,25261,250,2357,254,15680,778,15401,504,31081,California
Kings,2021-04-06,1146,45156,424,16816,418,25679,304,2661,278,15396,865,16266,581,31662,California
Kings,2021-04-07,1335,46491,639,17455,511,26190,185,2846,413,15074,920,17186,598,32260,California
Kings,2021-04-08,1550,48041,604,18059,704,26894,242,3088,363,14500,1179,18365,605,32865,California
Kings,2021-04-09,686,48727,324,18383,232,27126,130,3218,127,14198,558,18923,256,33121,California
Kings,2021-04-10,77,48804,20,18403,51,27177,6,3224,8,14143,69,18992,14,33135,California
Lake,2020-12-17,4,4,4,4,0,0,0,0,4,4,0,0,4,4,California
Lake,2020-12-18,51,55,51,55,0,0,0,0,51,55,0,0,51,55,California
Lake,2020-12-19,3,58,3,58,0,0,0,0,3,58,0,0,3,58,California
Lake,2020-12-20,6,64,6,64,0,0,0,0,6,64,0,0,6,64,California
Lake,2020-12-21,86,150,86,150,0,0,0,0,86,150,0,0,86,150,California
Lake,2020-12-22,63,213,60,210,3,3,0,0,63,213,0,0,63,213,California
Lake,2020-12-23,123,336,114,324,9,12,0,0,123,336,0,0,123,336,California
Lake,2020-12-24,2,338,0,324,2,14,0,0,2,338,0,0,2,338,California
Lake,2020-12-26,2,340,2,326,0,14,0,0,2,340,0,0,2,340,California
Lake,2020-12-27,2,342,2,328,0,14,0,0,2,342,0,0,2,342,California
Lake,2020-12-28,52,394,43,371,9,23,0,0,52,394,0,0,52,394,California
Lake,2020-12-29,49,443,44,415,5,28,0,0,49,443,0,0,49,443,California
Lake,2020-12-30,123,566,116,531,7,35,0,0,123,566,0,0,123,566,California
Lake,2020-12-31,67,633,64,595,3,38,0,0,67,633,0,0,67,633,California
Lake,2021-01-01,1,634,0,595,1,39,0,0,1,634,0,0,1,634,California
Lake,2021-01-02,2,636,1,596,1,40,0,0,2,636,0,0,2,636,California
Lake,2021-01-04,86,722,21,617,65,105,0,0,86,722,0,0,86,722,California
Lake,2021-01-05,119,841,59,676,60,165,0,0,117,837,2,2,117,839,California
Lake,2021-01-06,105,946,65,741,40,205,0,0,103,938,2,4,103,942,California
Lake,2021-01-07,103,1049,82,823,21,226,0,0,94,1023,9,13,94,1036,California
Lake,2021-01-08,152,1201,124,947,28,254,0,0,100,1071,52,65,100,1136,California
Lake,2021-01-09,62,1263,60,1007,2,256,0,0,58,1125,4,69,58,1194,California
Lake,2021-01-10,3,1266,3,1010,0,256,0,0,0,1122,3,72,0,1194,California
Lake,2021-01-11,193,1459,152,1162,41,297,0,0,113,1155,80,152,113,1307,California
Lake,2021-01-12,80,1539,48,1210,32,329,0,0,56,1187,24,176,56,1363,California
Lake,2021-01-13,164,1703,112,1322,52,381,0,0,107,1237,57,233,107,1470,California
Lake,2021-01-14,146,1849,46,1368,100,481,0,0,124,1339,22,255,124,1594,California
Lake,2021-01-15,216,2065,92,1460,124,605,0,0,189,1501,27,282,189,1783,California
Lake,2021-01-16,137,2202,83,1543,54,659,0,0,135,1634,2,284,135,1918,California
Lake,2021-01-17,18,2220,6,1549,12,671,0,0,12,1640,6,290,12,1930,California
Lake,2021-01-18,245,2465,224,1773,21,692,0,0,127,1649,118,408,127,2057,California
Lake,2021-01-19,311,2776,117,1890,194,886,0,0,266,1871,45,453,267,2324,California
Lake,2021-01-20,419,3195,79,1969,340,1226,0,0,356,2165,62,515,356,2680,California
Lake,2021-01-21,432,3627,49,2018,383,1609,0,0,397,2527,35,550,397,3077,California
Lake,2021-01-22,315,3942,45,2063,270,1879,0,0,279,2770,36,586,279,3356,California
Lake,2021-01-23,122,4064,5,2068,117,1996,0,0,121,2890,1,587,121,3477,California
Lake,2021-01-24,4,4068,1,2069,3,1999,0,0,4,2894,0,587,4,3481,California
Lake,2021-01-25,256,4324,95,2164,161,2160,0,0,175,2988,81,668,175,3656,California
Lake,2021-01-26,427,4751,35,2199,392,2552,0,0,404,3369,23,691,404,4060,California
Lake,2021-01-27,355,5106,39,2238,316,2868,0,0,328,3671,27,718,329,4389,California
Lake,2021-01-28,499,5605,160,2398,339,3207,0,0,371,3914,128,846,371,4760,California
Lake,2021-01-29,636,6241,83,2481,553,3760,0,0,576,4430,60,906,576,5336,California
Lake,2021-01-30,557,6798,45,2526,512,4272,0,0,550,4974,6,912,550,5886,California
Lake,2021-01-31,13,6811,8,2534,5,4277,0,0,12,4985,1,913,12,5898,California
Lake,2021-02-01,179,6990,18,2552,161,4438,0,0,166,5138,13,926,166,6064,California
Lake,2021-02-02,564,7554,154,2706,410,4848,0,0,398,5370,166,1092,398,6462,California
Lake,2021-02-03,443,7997,33,2739,410,5258,0,0,339,5605,104,1196,339,6801,California
Lake,2021-02-04,118,8115,68,2807,50,5308,0,0,72,5631,46,1242,72,6873,California
Lake,2021-02-05,377,8492,68,2875,309,5617,0,0,288,5832,87,1329,288,7161,California
Lake,2021-02-06,279,8771,42,2917,237,5854,0,0,267,6087,12,1341,267,7428,California
Lake,2021-02-07,2,8773,1,2918,1,5855,0,0,2,6089,0,1341,2,7430,California
Lake,2021-02-08,279,9052,206,3124,73,5928,0,0,160,6130,119,1460,160,7590,California
Lake,2021-02-09,346,9398,25,3149,321,6249,0,0,302,6389,43,1503,302,7892,California
Lake,2021-02-10,352,9750,54,3203,298,6547,0,0,276,6589,76,1579,276,8168,California
Lake,2021-02-11,166,9916,17,3220,149,6696,0,0,55,6533,111,1690,55,8223,California
Lake,2021-02-12,373,10289,28,3248,345,7041,0,0,287,6734,86,1776,287,8510,California
Lake,2021-02-13,248,10537,9,3257,239,7280,0,0,237,6960,11,1787,237,8747,California
Lake,2021-02-14,19,10556,4,3261,15,7295,0,0,6,6953,13,1800,6,8753,California
Lake,2021-02-15,171,10727,13,3274,158,7453,0,0,8,6799,162,1962,8,8761,California
Lake,2021-02-16,418,11145,20,3294,398,7851,0,0,173,6727,245,2207,173,8934,California
Lake,2021-02-17,349,11494,51,3345,298,8149,0,0,69,6517,279,2486,69,9003,California
Lake,2021-02-18,456,11950,69,3414,387,8536,0,0,114,6290,342,2828,115,9118,California
Lake,2021-02-19,413,12363,25,3439,388,8924,0,0,89,6055,324,3152,89,9207,California
Lake,2021-02-20,295,12658,60,3499,235,9159,0,0,252,6265,42,3194,252,9459,California
Lake,2021-02-21,6,12664,6,3505,0,9159,0,0,0,6259,6,3200,0,9459,California
Lake,2021-02-22,138,12802,23,3528,115,9274,0,0,43,6207,95,3295,43,9502,California
Lake,2021-02-23,212,13014,15,3543,197,9471,0,0,26,6047,186,3481,26,9528,California
Lake,2021-02-24,955,13969,378,3921,577,10048,0,0,418,5929,536,4017,418,9946,California
Lake,2021-02-25,731,14700,462,4383,269,10317,0,0,472,6144,257,4274,472,10418,California
Lake,2021-02-26,990,15690,302,4685,688,11005,0,0,345,5847,642,4916,345,10763,California
Lake,2021-02-27,409,16099,97,4782,312,11317,0,0,326,6090,83,4999,326,11089,California
Lake,2021-02-28,19,16118,13,4795,6,11323,0,0,10,6091,9,5008,10,11099,California
Lake,2021-03-01,594,16712,52,4847,542,11865,0,0,442,6381,152,5160,442,11541,California
Lake,2021-03-02,744,17456,18,4865,726,12591,0,0,290,6217,454,5614,290,11831,California
Lake,2021-03-03,357,17813,196,5061,161,12752,0,0,133,6126,224,5838,133,11964,California
Lake,2021-03-04,576,18389,508,5569,68,12820,0,0,562,6674,14,5852,562,12526,California
Lake,2021-03-05,1037,19426,38,5607,999,13819,0,0,174,5989,859,6711,174,12700,California
Lake,2021-03-06,36,19462,11,5618,24,13843,1,1,21,5996,15,6726,22,12722,California
Lake,2021-03-07,7,19469,5,5623,2,13845,0,1,4,5997,3,6729,4,12726,California
Lake,2021-03-08,339,19808,268,5891,62,13907,9,10,299,6265,40,6769,308,13034,California
Lake,2021-03-09,917,20725,27,5918,873,14780,17,27,394,6154,522,7291,411,13445,California
Lake,2021-03-10,202,20927,58,5976,131,14911,13,40,135,6235,67,7358,148,13593,California
Lake,2021-03-11,588,21515,47,6023,65,14976,476,516,52,6227,536,7894,528,14121,California
Lake,2021-03-12,856,22371,205,6228,627,15603,24,540,366,6128,489,8383,390,14511,California
Lake,2021-03-13,276,22647,22,6250,17,15620,237,777,16,6121,259,8642,252,14763,California
Lake,2021-03-14,12,22659,2,6252,10,15630,0,777,7,6123,5,8647,7,14770,California
Lake,2021-03-15,641,23300,14,6266,610,16240,17,794,483,6465,158,8805,500,15270,California
Lake,2021-03-16,1105,24405,829,7095,259,16499,17,811,448,6276,653,9458,464,15734,California
Lake,2021-03-17,245,24650,119,7214,104,16603,22,833,88,6229,157,9615,110,15844,California
Lake,2021-03-18,748,25398,368,7582,343,16946,37,870,374,6266,373,9988,410,16254,California
Lake,2021-03-19,587,25985,321,7903,246,17192,20,890,486,6672,100,10088,506,16760,California
Lake,2021-03-20,249,26234,8,7911,238,17430,3,893,30,6488,217,10305,33,16793,California
Lake,2021-03-21,17,26251,11,7922,5,17435,1,894,12,6496,5,10310,13,16806,California
Lake,2021-03-22,318,26569,239,8161,65,17500,14,908,233,6658,85,10395,247,17053,California
Lake,2021-03-23,412,26981,18,8179,381,17881,13,921,351,6962,60,10455,364,17417,California
Lake,2021-03-24,412,27393,60,8239,344,18225,8,929,316,7192,95,10550,325,17742,California
Lake,2021-03-25,657,28050,469,8708,182,18407,6,935,174,6889,483,11033,180,17922,California
Lake,2021-03-26,70,28120,33,8741,36,18443,1,936,48,6916,22,11055,49,17971,California
Lake,2021-03-27,309,28429,7,8748,299,18742,3,939,18,6648,289,11344,21,17992,California
Lake,2021-03-28,14,28443,5,8753,9,18751,0,939,8,6650,6,11350,8,18000,California
Lake,2021-03-29,899,29342,269,9022,628,19379,2,941,193,6141,704,12054,195,18195,California
Lake,2021-03-30,449,29791,303,9325,144,19523,2,943,364,6422,85,12139,366,18561,California
Lake,2021-03-31,569,30360,61,9386,508,20031,0,943,408,6677,153,12292,408,18969,California
Lake,2021-04-01,426,30786,224,9610,190,20221,12,955,178,6622,245,12537,190,19159,California
Lake,2021-04-02,224,31010,42,9652,154,20375,28,983,102,6630,122,12659,130,19289,California
Lake,2021-04-03,31,31041,8,9660,20,20395,3,986,11,6624,20,12679,14,19303,California
Lake,2021-04-04,19,31060,10,9670,7,20402,2,988,14,6635,5,12684,16,19319,California
Lake,2021-04-05,635,31695,68,9738,546,20948,21,1009,395,6813,237,12921,415,19734,California
Lake,2021-04-06,472,32167,21,9759,424,21372,27,1036,302,6974,168,13089,329,20063,California
Lake,2021-04-07,497,32664,54,9813,403,21775,40,1076,341,7200,155,13244,381,20444,California
Lake,2021-04-08,574,33238,471,10284,46,21821,57,1133,94,6873,478,13722,151,20595,California
Lake,2021-04-09,252,33490,38,10322,160,21981,54,1187,41,6759,209,13931,95,20690,California
Lake,2021-04-10,204,33694,5,10327,7,21988,192,1379,6,6759,198,14129,198,20888,California
Lassen,2020-12-16,8,8,8,8,0,0,0,0,8,8,0,0,8,8,California
Lassen,2020-12-17,6,14,6,14,0,0,0,0,6,14,0,0,6,14,California
Lassen,2020-12-18,1,15,1,15,0,0,0,0,1,15,0,0,1,15,California
Lassen,2020-12-19,5,20,5,20,0,0,0,0,5,20,0,0,5,20,California
Lassen,2020-12-20,2,22,2,22,0,0,0,0,2,22,0,0,2,22,California
Lassen,2020-12-21,11,33,11,33,0,0,0,0,11,33,0,0,11,33,California
Lassen,2020-12-22,23,56,23,56,0,0,0,0,23,56,0,0,23,56,California
Lassen,2020-12-23,6,62,6,62,0,0,0,0,6,62,0,0,6,62,California
Lassen,2020-12-24,11,73,11,73,0,0,0,0,11,73,0,0,11,73,California
Lassen,2020-12-28,3,76,2,75,1,1,0,0,3,76,0,0,3,76,California
Lassen,2020-12-29,35,111,35,110,0,1,0,0,35,111,0,0,35,111,California
Lassen,2020-12-30,37,148,36,146,1,2,0,0,37,148,0,0,37,148,California
Lassen,2020-12-31,49,197,42,188,7,9,0,0,49,197,0,0,49,197,California
Lassen,2021-01-02,1,198,0,188,1,10,0,0,1,198,0,0,1,198,California
Lassen,2021-01-04,15,213,1,189,14,24,0,0,15,213,0,0,15,213,California
Lassen,2021-01-05,194,407,53,242,141,165,0,0,194,407,0,0,194,407,California
Lassen,2021-01-06,95,502,43,285,52,217,0,0,87,487,8,8,88,495,California
Lassen,2021-01-07,43,545,7,292,36,253,0,0,37,518,6,14,37,532,California
Lassen,2021-01-08,50,595,2,294,48,301,0,0,50,568,0,14,50,582,California
Lassen,2021-01-09,12,607,6,300,6,307,0,0,12,580,0,14,12,594,California
Lassen,2021-01-11,27,634,5,305,22,329,0,0,27,607,0,14,27,621,California
Lassen,2021-01-12,49,683,29,334,20,349,0,0,30,618,19,33,30,651,California
Lassen,2021-01-13,161,844,18,352,143,492,0,0,146,749,15,48,146,797,California
Lassen,2021-01-14,163,1007,18,370,145,637,0,0,151,888,12,60,151,948,California
Lassen,2021-01-15,33,1040,6,376,27,664,0,0,33,921,0,60,33,981,California
Lassen,2021-01-16,34,1074,33,409,1,665,0,0,34,955,0,60,34,1015,California
Lassen,2021-01-17,1,1075,0,409,1,666,0,0,1,956,0,60,1,1016,California
Lassen,2021-01-18,5,1080,2,411,3,669,0,0,4,959,1,61,4,1020,California
Lassen,2021-01-19,185,1265,36,447,149,818,0,0,157,1088,28,89,157,1177,California
Lassen,2021-01-20,188,1453,100,547,88,906,0,0,104,1123,69,158,104,1281,California
Lassen,2021-01-21,145,1598,94,641,51,957,0,0,120,1224,19,177,120,1401,California
Lassen,2021-01-22,31,1629,18,659,13,970,0,0,21,1235,10,187,21,1422,California
Lassen,2021-01-23,1,1630,0,659,1,971,0,0,1,1236,0,187,1,1423,California
Lassen,2021-01-24,1,1631,0,659,1,972,0,0,1,1237,0,187,1,1424,California
Lassen,2021-01-25,11,1642,0,659,11,983,0,0,11,1248,0,187,11,1435,California
Lassen,2021-01-26,126,1768,12,671,114,1097,0,0,123,1367,4,191,123,1558,California
Lassen,2021-01-27,82,1850,30,701,52,1149,0,0,67,1419,15,206,67,1625,California
Lassen,2021-01-28,85,1935,14,715,71,1220,0,0,84,1502,1,207,84,1709,California
Lassen,2021-01-29,23,1958,7,722,16,1236,0,0,22,1523,1,208,22,1731,California
Lassen,2021-02-01,62,2020,4,726,58,1294,0,0,36,1533,26,234,36,1767,California
Lassen,2021-02-02,177,2197,11,737,166,1460,0,0,43,1442,134,368,43,1810,California
Lassen,2021-02-03,96,2293,21,758,75,1535,0,0,51,1448,45,413,51,1861,California
Lassen,2021-02-04,112,2405,15,773,97,1632,0,0,63,1462,49,462,63,1924,California
Lassen,2021-02-05,65,2470,12,785,53,1685,0,0,23,1443,42,504,23,1947,California
Lassen,2021-02-06,69,2539,34,819,35,1720,0,0,36,1447,32,536,36,1983,California
Lassen,2021-02-07,1,2540,1,820,0,1720,0,0,1,1448,0,536,1,1984,California
Lassen,2021-02-08,43,2583,4,824,39,1759,0,0,18,1441,25,561,18,2002,California
Lassen,2021-02-09,128,2711,8,832,120,1879,0,0,49,1411,79,640,49,2051,California
Lassen,2021-02-10,182,2893,20,852,162,2041,0,0,75,1379,107,747,75,2126,California
Lassen,2021-02-11,183,3076,16,868,167,2208,0,0,79,1355,103,850,79,2205,California
Lassen,2021-02-12,43,3119,12,880,31,2239,0,0,15,1342,28,878,15,2220,California
Lassen,2021-02-13,11,3130,3,883,8,2247,0,0,9,1349,2,880,9,2229,California
Lassen,2021-02-14,13,3143,0,883,13,2260,0,0,12,1360,1,881,12,2241,California
Lassen,2021-02-15,20,3163,1,884,19,2279,0,0,16,1372,4,885,16,2257,California
Lassen,2021-02-16,193,3356,4,888,189,2468,0,0,32,1245,159,1044,32,2289,California
Lassen,2021-02-17,184,3540,94,982,90,2558,0,0,11,1083,173,1217,11,2300,California
Lassen,2021-02-18,79,3619,22,1004,57,2615,0,0,20,1044,59,1276,20,2320,California
Lassen,2021-02-19,82,3701,62,1066,20,2635,0,0,18,998,64,1340,18,2338,California
Lassen,2021-02-20,7,3708,0,1066,7,2642,0,0,5,1001,2,1342,5,2343,California
Lassen,2021-02-21,22,3730,2,1068,20,2662,0,0,18,1015,4,1346,18,2361,California
Lassen,2021-02-22,23,3753,8,1076,15,2677,0,0,5,1002,18,1364,5,2366,California
Lassen,2021-02-23,151,3904,8,1084,143,2820,0,0,40,931,111,1475,40,2406,California
Lassen,2021-02-24,165,4069,16,1100,149,2969,0,0,107,981,57,1532,107,2513,California
Lassen,2021-02-25,156,4225,19,1119,137,3106,0,0,100,1025,56,1588,100,2613,California
Lassen,2021-02-26,73,4298,16,1135,57,3163,0,0,36,1024,37,1625,36,2649,California
Lassen,2021-02-27,7,4305,7,1142,0,3163,0,0,3,1023,4,1629,3,2652,California
Lassen,2021-02-28,6,4311,1,1143,5,3168,0,0,3,1023,3,1632,3,2655,California
Lassen,2021-03-01,40,4351,4,1147,36,3204,0,0,7,997,33,1665,7,2662,California
Lassen,2021-03-02,103,4454,6,1153,97,3301,0,0,78,1050,25,1690,78,2740,California
Lassen,2021-03-03,168,4622,12,1165,156,3457,0,0,111,1104,57,1747,111,2851,California
Lassen,2021-03-04,147,4769,14,1179,133,3590,0,0,98,1154,48,1795,98,2949,California
Lassen,2021-03-05,47,4816,7,1186,17,3607,23,23,11,1152,36,1831,34,2983,California
Lassen,2021-03-06,51,4867,4,1190,28,3635,19,42,4,1128,47,1878,23,3006,California
Lassen,2021-03-07,56,4923,1,1191,0,3635,55,97,1,1129,55,1933,56,3062,California
Lassen,2021-03-08,89,5012,1,1192,8,3643,80,177,3,1127,85,2018,83,3145,California
Lassen,2021-03-09,136,5148,11,1203,108,3751,17,194,89,1186,47,2065,106,3251,California
Lassen,2021-03-10,172,5320,10,1213,161,3912,1,195,79,1173,93,2158,80,3331,California
Lassen,2021-03-11,185,5505,16,1229,162,4074,7,202,113,1224,69,2227,120,3451,California
Lassen,2021-03-12,34,5539,18,1247,12,4086,4,206,12,1218,22,2249,16,3467,California
Lassen,2021-03-13,49,5588,0,1247,3,4089,46,252,1,1216,48,2297,46,3513,California
Lassen,2021-03-14,14,5602,2,1249,11,4100,1,253,2,1207,12,2309,3,3516,California
Lassen,2021-03-15,31,5633,0,1249,31,4131,0,253,15,1206,16,2325,15,3531,California
Lassen,2021-03-16,91,5724,2,1251,83,4214,6,259,73,1267,18,2343,79,3610,California
Lassen,2021-03-17,1080,6804,8,1259,1067,5281,5,264,1061,2315,18,2361,1066,4676,California
Lassen,2021-03-18,96,6900,10,1269,85,5366,1,265,82,2384,14,2375,83,4759,California
Lassen,2021-03-19,17,6917,11,1280,2,5368,4,269,7,2385,10,2385,11,4770,California
Lassen,2021-03-20,29,6946,3,1283,23,5391,3,272,23,2405,6,2391,26,4796,California
Lassen,2021-03-21,34,6980,0,1283,34,5425,0,272,14,2400,19,2410,14,4810,California
Lassen,2021-03-22,55,7035,0,1283,55,5480,0,272,52,2449,3,2413,52,4862,California
Lassen,2021-03-23,118,7153,8,1291,109,5589,1,273,69,2470,49,2462,70,4932,California
Lassen,2021-03-24,210,7363,12,1303,198,5787,0,273,106,2473,103,2565,106,5038,California
Lassen,2021-03-25,150,7513,21,1324,129,5916,0,273,68,2459,82,2647,68,5106,California
Lassen,2021-03-26,74,7587,12,1336,23,5939,39,312,15,2454,59,2706,54,5160,California
Lassen,2021-03-27,19,7606,3,1339,1,5940,15,327,3,2456,16,2722,18,5178,California
Lassen,2021-03-28,18,7624,3,1342,5,5945,10,337,4,2456,14,2736,14,5192,California
Lassen,2021-03-29,52,7676,1,1343,26,5971,25,362,21,2471,31,2767,46,5238,California
Lassen,2021-03-30,197,7873,9,1352,163,6134,25,387,50,2399,147,2914,75,5313,California
Lassen,2021-03-31,146,8019,12,1364,112,6246,22,409,62,2399,84,2998,84,5397,California
Lassen,2021-04-01,156,8175,16,1380,121,6367,19,428,49,2361,106,3104,68,5465,California
Lassen,2021-04-02,27,8202,3,1383,3,6370,21,449,1,2357,26,3130,22,5487,California
Lassen,2021-04-03,12,8214,0,1383,2,6372,10,459,0,2355,12,3142,10,5497,California
Lassen,2021-04-04,7,8221,2,1385,0,6372,5,464,1,2355,6,3148,6,5503,California
Lassen,2021-04-05,24,8245,5,1390,12,6384,7,471,12,2363,11,3159,19,5522,California
Lassen,2021-04-06,179,8424,7,1397,142,6526,30,501,49,2312,130,3289,79,5601,California
Lassen,2021-04-07,135,8559,7,1404,92,6618,36,537,35,2283,100,3389,71,5672,California
Lassen,2021-04-08,121,8680,8,1412,63,6681,50,587,25,2265,93,3482,75,5747,California
Lassen,2021-04-09,38,8718,2,1414,8,6689,28,615,2,2258,35,3517,28,5775,California
Lassen,2021-04-10,1,8719,0,1414,0,6689,1,616,0,2258,1,3518,1,5776,California
Los Angeles,2020-12-15,391,391,391,391,0,0,0,0,391,391,0,0,391,391,California
Los Angeles,2020-12-16,3360,3751,3360,3751,0,0,0,0,3360,3751,0,0,3360,3751,California
Los Angeles,2020-12-17,10227,13978,10227,13978,0,0,0,0,10228,13979,0,0,10228,13979,California
Los Angeles,2020-12-18,14498,28476,14477,28455,21,21,0,0,14498,28477,0,0,14498,28477,California
Los Angeles,2020-12-19,7213,35689,7206,35661,7,28,0,0,7214,35691,0,0,7214,35691,California
Los Angeles,2020-12-20,4574,40263,4567,40228,7,35,0,0,4576,40267,0,0,4576,40267,California
Los Angeles,2020-12-21,13664,53927,13652,53880,12,47,0,0,13665,53931,1,1,13665,53932,California
Los Angeles,2020-12-22,11494,65421,11115,64995,379,426,0,0,11495,65425,1,2,11495,65427,California
Los Angeles,2020-12-23,11865,77286,10110,75105,1755,2181,0,0,11866,77291,0,2,11866,77293,California
Los Angeles,2020-12-24,7004,84290,4238,79343,2766,4947,0,0,7007,84298,0,2,7007,84300,California
Los Angeles,2020-12-25,521,84811,416,79759,105,5052,0,0,521,84819,0,2,521,84821,California
Los Angeles,2020-12-26,2523,87334,2178,81937,345,5397,0,0,2523,87341,1,3,2523,87344,California
Los Angeles,2020-12-27,1751,89085,1021,82958,730,6127,0,0,1751,89092,0,3,1751,89095,California
Los Angeles,2020-12-28,10248,99333,6353,89311,3895,10022,0,0,10246,99337,1,4,10246,99341,California
Los Angeles,2020-12-29,11568,110901,6055,95366,5513,15535,0,0,11570,110907,0,4,11570,110911,California
Los Angeles,2020-12-30,14836,125737,8075,103441,6761,22296,0,0,14835,125742,0,4,14835,125746,California
Los Angeles,2020-12-31,7890,133627,2741,106182,5149,27445,0,0,7888,133629,1,5,7888,133634,California
Los Angeles,2021-01-01,937,134564,246,106428,691,28136,0,0,937,134566,0,5,937,134571,California
Los Angeles,2021-01-02,4432,138996,1648,108076,2784,30920,0,0,4432,138998,0,5,4432,139003,California
Los Angeles,2021-01-03,917,139913,203,108279,714,31634,0,0,916,139913,1,6,916,139919,California
Los Angeles,2021-01-04,12636,152549,4836,113115,7800,39434,0,0,12622,152532,3,9,12622,152541,California
Los Angeles,2021-01-05,15972,168521,7059,120174,8913,48347,0,0,14066,164726,1873,1882,14067,166608,California
Los Angeles,2021-01-06,22459,190980,12033,132207,10426,58773,0,0,16882,176107,5508,7390,16889,183497,California
Los Angeles,2021-01-07,29301,220281,15778,147985,13523,72296,0,0,18821,184504,10434,17824,18831,202328,California
Los Angeles,2021-01-08,32986,253267,17852,165837,15134,87430,0,0,20798,193147,12163,29987,20806,223134,California
Los Angeles,2021-01-09,12321,265588,7048,172885,5273,92703,0,0,7465,195763,4855,34842,7471,230605,California
Los Angeles,2021-01-10,4643,270231,3626,176511,1017,93720,0,0,1917,194955,2726,37568,1918,232523,California
Los Angeles,2021-01-11,25713,295944,16205,192716,9508,103228,0,0,14800,198858,10903,48471,14806,247329,California
Los Angeles,2021-01-12,29112,325056,16022,208738,13090,116318,0,0,19011,207794,10083,58554,19019,266348,California
Los Angeles,2021-01-13,29179,354235,15586,224324,13593,129911,0,0,20255,219148,8906,67460,20260,286608,California
Los Angeles,2021-01-14,29188,383423,12690,237014,16498,146409,0,0,23698,237383,5472,72932,23707,310315,California
Los Angeles,2021-01-15,33666,417089,12316,249330,21350,167759,0,0,30110,263971,3531,76463,30119,340434,California
Los Angeles,2021-01-16,17497,434586,4952,254282,12545,180304,0,0,15721,277929,1768,78231,15726,356160,California
Los Angeles,2021-01-17,5168,439754,2290,256572,2878,183182,0,0,4924,282612,243,78474,4926,361086,California
Los Angeles,2021-01-18,15544,455298,10040,266612,5504,188686,0,0,10847,288775,4685,83159,10848,371934,California
Los Angeles,2021-01-19,38361,493659,20513,287125,17848,206534,0,0,30599,311661,7721,90880,30607,402541,California
Los Angeles,2021-01-20,45471,539130,23686,310811,21785,228319,0,0,37994,342216,7447,98327,38002,440543,California
Los Angeles,2021-01-21,48429,587559,22316,333127,26113,254432,0,0,44195,382251,4172,102499,44207,484750,California
Los Angeles,2021-01-22,47546,635105,22170,355297,25376,279808,0,0,44154,423061,3350,105849,44160,528910,California
Los Angeles,2021-01-23,33825,668930,15657,370954,18168,297976,0,0,31809,452892,1987,107836,31818,560728,California
Los Angeles,2021-01-24,15664,684594,12156,383110,3508,301484,0,0,15120,467475,538,108374,15121,575849,California
Los Angeles,2021-01-25,38500,723094,16332,399442,22168,323652,0,0,30079,489185,8392,116766,30102,605951,California
Los Angeles,2021-01-26,48949,772043,24279,423721,24670,348322,0,0,40837,521963,8080,124846,40858,646809,California
Los Angeles,2021-01-27,48135,820178,25663,449384,22472,370794,0,0,39014,552007,8987,133833,39031,685840,California
Los Angeles,2021-01-28,48287,868465,22983,472367,25304,396098,0,0,39969,583786,8204,142037,39983,725823,California
Los Angeles,2021-01-29,49019,917484,25273,497640,23746,419844,0,0,39039,613208,9629,151666,39051,764874,California
Los Angeles,2021-01-30,29883,947367,15342,512982,14541,434385,0,0,25780,634962,4029,155695,25783,790657,California
Los Angeles,2021-01-31,12957,960324,10337,523319,2620,437005,0,0,12047,646113,899,156594,12050,802707,California
Los Angeles,2021-02-01,37806,998130,16069,539388,21737,458742,0,0,27609,663563,10168,166762,27618,830325,California
Los Angeles,2021-02-02,44031,1042161,17816,557204,26215,484957,0,0,31906,683385,12088,178850,31910,862235,California
Los Angeles,2021-02-03,51904,1094065,19419,576623,32485,517442,0,0,37277,706274,14394,193244,37283,899518,California
Los Angeles,2021-02-04,57013,1151078,20622,597245,36391,553833,0,0,39019,727615,17689,210933,39030,938548,California
Los Angeles,2021-02-05,60899,1211977,20939,618184,39960,593793,0,0,39142,745430,21345,232278,39160,977708,California
Los Angeles,2021-02-06,35374,1247351,13242,631426,22132,615925,0,0,26992,764133,8310,240588,27013,1004721,California
Los Angeles,2021-02-07,10761,1258112,8351,639777,2410,618335,0,0,8395,770183,2351,242939,8401,1013122,California
Los Angeles,2021-02-08,46566,1304678,21408,661185,25158,643493,0,0,30486,784720,15952,258891,30489,1043611,California
Los Angeles,2021-02-09,55610,1360288,24538,685723,31072,674565,0,0,28354,785893,27199,286090,28372,1071983,California
Los Angeles,2021-02-10,66698,1426986,29314,715037,37384,711949,0,0,30932,781445,35398,321488,30950,1102933,California
Los Angeles,2021-02-11,57754,1484740,30761,745798,26993,738942,0,0,27929,779990,29396,350884,27941,1130874,California
Los Angeles,2021-02-12,59325,1544065,29732,775530,29593,768535,0,0,25927,772865,33069,383953,25944,1156818,California
Los Angeles,2021-02-13,33722,1577787,19573,795103,14149,782684,0,0,15470,770206,18174,402127,15515,1172333,California
Los Angeles,2021-02-14,21853,1599640,14959,810062,6894,789578,0,0,8783,765980,13013,415140,8787,1181120,California
Los Angeles,2021-02-15,32286,1631926,15783,825845,16503,806081,0,0,17748,769256,14482,429622,17758,1198878,California
Los Angeles,2021-02-16,63752,1695678,32414,858259,31338,837419,0,0,29872,765335,33804,463426,29883,1228761,California
Los Angeles,2021-02-17,63755,1759433,34136,892395,29619,867038,0,0,26332,754411,37262,500688,26338,1255099,California
Los Angeles,2021-02-18,67930,1827363,34574,926969,33356,900394,0,0,28583,743899,39105,539793,28593,1283692,California
Los Angeles,2021-02-19,56796,1884159,34902,961871,21894,922288,0,0,28304,743817,28403,568196,28321,1312013,California
Los Angeles,2021-02-20,31925,1916084,23732,985603,8193,930481,0,0,15598,743130,16294,584490,15607,1327620,California
Los Angeles,2021-02-21,16394,1932478,14767,1000370,1627,932108,0,0,8412,743592,7958,592448,8420,1336040,California
Los Angeles,2021-02-22,33989,1966467,24822,1025192,9167,941275,0,0,17627,744934,16297,608745,17639,1353679,California
Los Angeles,2021-02-23,53142,2019609,22606,1047798,30536,971811,0,0,21040,733990,32009,640754,21065,1374744,California
Los Angeles,2021-02-24,63576,2083185,27920,1075718,35656,1007467,0,0,27966,726515,35458,676212,27983,1402727,California
Los Angeles,2021-02-25,72823,2156008,33403,1109121,39420,1046887,0,0,38308,730463,34370,710582,38318,1441045,California
Los Angeles,2021-02-26,82248,2238256,38341,1147462,43907,1090794,0,0,47169,742785,34869,745451,47191,1488236,California
Los Angeles,2021-02-27,58357,2296613,24809,1172271,33546,1124340,2,2,29877,744336,28350,773801,29901,1518137,California
Los Angeles,2021-02-28,26722,2323335,18467,1190738,8255,1132595,0,2,18882,755446,7776,781577,18886,1537023,California
Los Angeles,2021-03-01,55081,2378416,30760,1221498,24312,1156907,9,11,33390,767301,21560,803137,33415,1570438,California
Los Angeles,2021-03-02,70032,2448448,30988,1252486,39043,1195950,1,12,42838,783062,27087,830224,42848,1613286,California
Los Angeles,2021-03-03,80583,2529031,40304,1292790,40274,1236224,5,17,50502,803652,29940,860164,50530,1663816,California
Los Angeles,2021-03-04,88156,2617187,45482,1338272,42666,1278890,8,25,55595,826862,32406,892570,55616,1719432,California
Los Angeles,2021-03-05,86522,2703709,42065,1380337,44437,1323327,20,45,57733,856015,28630,921200,57783,1777215,California
Los Angeles,2021-03-06,64987,2768696,32517,1412854,30671,1353998,1799,1844,41845,876654,23019,944219,43658,1820873,California
Los Angeles,2021-03-07,25438,2794134,19189,1432043,5469,1359467,780,2624,19629,891272,5793,950012,20411,1841284,California
Los Angeles,2021-03-08,50907,2845041,26436,1458479,22538,1382005,1933,4557,38313,919009,12511,962523,40248,1881532,California
Los Angeles,2021-03-09,67845,2912886,25573,1484052,39008,1421013,3264,7821,40610,935776,27107,989630,43874,1925406,California
Los Angeles,2021-03-10,78175,2991061,36876,1520928,36682,1457695,4617,12438,49127,960574,28920,1018550,53718,1979124,California
Los Angeles,2021-03-11,90619,3081680,44099,1565027,40316,1498011,6204,18642,53297,982870,37182,1055732,59478,2038602,California
Los Angeles,2021-03-12,95352,3177032,42368,1607395,39416,1537427,13568,32210,55543,1012291,39661,1095393,69082,2107684,California
Los Angeles,2021-03-13,72075,3249107,33371,1640766,26877,1564304,11827,44037,43001,1038119,28983,1124376,54811,2162495,California
Los Angeles,2021-03-14,37742,3286849,25249,1666015,10087,1574391,2406,46443,25345,1053512,12348,1136724,27741,2190236,California
Los Angeles,2021-03-15,72657,3359506,34971,1700986,32384,1606775,5302,51745,44478,1075254,28035,1164759,49777,2240013,California
Los Angeles,2021-03-16,97222,3456728,41849,1742835,49665,1656440,5708,57453,63390,1110663,33674,1198433,69083,2309096,California
Los Angeles,2021-03-17,93024,3549752,42107,1784942,42987,1699427,7930,65383,62401,1150500,30472,1228905,70309,2379405,California
Los Angeles,2021-03-18,97038,3646790,46096,1831038,45810,1745237,5132,70515,61680,1182180,35124,1264029,66804,2446209,California
Los Angeles,2021-03-19,104218,3751008,54244,1885282,45405,1790642,4569,75084,64775,1212310,39218,1303247,69348,2515557,California
Los Angeles,2021-03-20,73789,3824797,35913,1921195,33633,1824275,4243,79327,51346,1245595,22299,1325546,55584,2571141,California
Los Angeles,2021-03-21,33353,3858150,24645,1945840,7868,1832143,840,80167,21700,1256553,11581,1337127,22539,2593680,California
Los Angeles,2021-03-22,67314,3925464,39956,1985796,25408,1857551,1950,82117,48046,1287467,19083,1356210,49997,2643677,California
Los Angeles,2021-03-23,92355,4017819,49982,2035778,39470,1897021,2903,85020,61698,1321607,30459,1386669,64599,2708276,California
Los Angeles,2021-03-24,100906,4118725,53762,2089540,44301,1941322,2843,87863,60019,1343823,40641,1427310,62857,2771133,California
Los Angeles,2021-03-25,105264,4223989,56524,2146064,45222,1986544,3518,91381,60482,1363258,44558,1471868,63993,2835126,California
Los Angeles,2021-03-26,110464,4334453,60378,2206442,46035,2032579,4051,95432,63238,1383505,47036,1518904,67283,2902409,California
Los Angeles,2021-03-27,79572,4414025,41661,2248103,35826,2068405,2085,97517,41564,1389350,37807,1556711,43652,2946061,California
Los Angeles,2021-03-28,40535,4454560,27142,2275245,12811,2081216,582,98099,20651,1390764,19819,1576530,21233,2967294,California
Los Angeles,2021-03-29,80482,4535042,45486,2320731,33426,2114642,1570,99669,46318,1404630,34021,1610551,47887,3015181,California
Los Angeles,2021-03-30,105457,4640499,49409,2370140,50383,2165025,5665,105334,65211,1435411,40085,1650636,70866,3086047,California
Los Angeles,2021-03-31,117114,4757613,59102,2429242,49835,2214860,8177,113511,69801,1466256,47112,1697748,77957,3164004,California
Los Angeles,2021-04-01,125995,4883608,57314,2486556,54183,2269043,14498,128009,70283,1495506,55503,1753251,84753,3248757,California
Los Angeles,2021-04-02,124952,5008560,54366,2540922,55918,2324961,14668,142677,68119,1521719,56581,1809832,82794,3331551,California
Los Angeles,2021-04-03,92848,5101408,41102,2582024,38857,2363818,12889,155566,46863,1535596,45852,1855684,59729,3391280,California
Los Angeles,2021-04-04,37516,5138924,19566,2601590,11963,2375781,5987,161553,16148,1536400,21318,1877002,22122,3413402,California
Los Angeles,2021-04-05,89197,5228121,43116,2644706,36369,2412150,9712,171265,43869,1544788,45188,1922190,53576,3466978,California
Los Angeles,2021-04-06,117754,5345875,55545,2700251,42635,2454785,19574,190839,54849,1556482,62671,1984861,74365,3541343,California
Los Angeles,2021-04-07,116610,5462485,53488,2753739,43520,2498305,19602,210441,54301,1568227,62107,2046968,73852,3615195,California
Los Angeles,2021-04-08,122570,5585055,55927,2809666,45455,2543760,21188,231629,56570,1580128,65791,2112759,77692,3692887,California
Los Angeles,2021-04-09,79732,5664787,31870,2841536,37517,2581277,10345,241974,35308,1581476,44262,2157021,45610,3738497,California
Los Angeles,2021-04-10,33177,5697964,8986,2850522,17512,2598789,6679,248653,11843,1578707,21272,2178293,18503,3757000,California
Madera,2020-12-16,22,22,22,22,0,0,0,0,22,22,0,0,22,22,California
Madera,2020-12-17,13,35,13,35,0,0,0,0,13,35,0,0,13,35,California
Madera,2020-12-18,61,96,61,96,0,0,0,0,61,96,0,0,61,96,California
Madera,2020-12-19,6,102,6,102,0,0,0,0,6,102,0,0,6,102,California
Madera,2020-12-20,14,116,14,116,0,0,0,0,14,116,0,0,14,116,California
Madera,2020-12-21,60,176,60,176,0,0,0,0,60,176,0,0,60,176,California
Madera,2020-12-22,98,274,96,272,2,2,0,0,98,274,0,0,98,274,California
Madera,2020-12-23,69,343,69,341,0,2,0,0,69,343,0,0,69,343,California
Madera,2020-12-24,44,387,39,380,5,7,0,0,44,387,0,0,44,387,California
Madera,2020-12-26,28,415,26,406,2,9,0,0,28,415,0,0,28,415,California
Madera,2020-12-27,30,445,12,418,18,27,0,0,30,445,0,0,30,445,California
Madera,2020-12-28,105,550,36,454,69,96,0,0,105,550,0,0,105,550,California
Madera,2020-12-29,173,723,40,494,133,229,0,0,173,723,0,0,173,723,California
Madera,2020-12-30,217,940,86,580,131,360,0,0,217,940,0,0,217,940,California
Madera,2020-12-31,202,1142,80,660,122,482,0,0,202,1142,0,0,202,1142,California
Madera,2021-01-02,85,1227,30,690,55,537,0,0,85,1227,0,0,85,1227,California
Madera,2021-01-03,5,1232,5,695,0,537,0,0,5,1232,0,0,5,1232,California
Madera,2021-01-04,128,1360,64,759,64,601,0,0,128,1360,0,0,128,1360,California
Madera,2021-01-05,279,1639,143,902,136,737,0,0,274,1629,5,5,274,1634,California
Madera,2021-01-06,183,1822,27,929,156,893,0,0,163,1772,20,25,163,1797,California
Madera,2021-01-07,375,2197,93,1022,282,1175,0,0,353,2103,22,47,353,2150,California
Madera,2021-01-08,417,2614,72,1094,345,1520,0,0,362,2412,54,101,363,2513,California
Madera,2021-01-09,37,2651,14,1108,23,1543,0,0,28,2431,9,110,28,2541,California
Madera,2021-01-10,17,2668,14,1122,3,1546,0,0,5,2424,12,122,5,2546,California
Madera,2021-01-11,230,2898,182,1304,48,1594,0,0,187,2568,43,165,187,2733,California
Madera,2021-01-12,392,3290,159,1463,233,1827,0,0,285,2746,107,272,285,3018,California
Madera,2021-01-13,186,3476,92,1555,94,1921,0,0,129,2819,57,329,130,3148,California
Madera,2021-01-14,555,4031,82,1637,473,2394,0,0,521,3306,34,363,521,3669,California
Madera,2021-01-15,595,4626,158,1795,437,2831,0,0,575,3861,20,383,575,4244,California
Madera,2021-01-16,378,5004,47,1842,331,3162,0,0,349,4181,29,412,349,4593,California
Madera,2021-01-17,334,5338,14,1856,320,3482,0,0,330,4507,4,416,330,4923,California
Madera,2021-01-18,75,5413,59,1915,16,3498,0,0,56,4545,18,434,56,4979,California
Madera,2021-01-19,565,5978,130,2045,435,3933,0,0,538,5057,27,461,539,5518,California
Madera,2021-01-20,234,6212,80,2125,154,4087,0,0,206,5236,27,488,206,5724,California
Madera,2021-01-21,236,6448,129,2254,107,4194,0,0,203,5408,31,519,203,5927,California
Madera,2021-01-22,255,6703,83,2337,172,4366,0,0,242,5637,13,532,242,6169,California
Madera,2021-01-23,100,6803,52,2389,48,4414,0,0,76,5689,24,556,76,6245,California
Madera,2021-01-24,101,6904,82,2471,19,4433,0,0,78,5744,23,579,78,6323,California
Madera,2021-01-25,252,7156,121,2592,131,4564,0,0,140,5772,112,691,140,6463,California
Madera,2021-01-26,480,7636,188,2780,292,4856,0,0,292,5879,187,878,294,6757,California
Madera,2021-01-27,735,8371,63,2843,672,5528,0,0,600,6345,135,1013,601,7358,California
Madera,2021-01-28,534,8905,102,2945,432,5960,0,0,430,6671,104,1117,430,7788,California
Madera,2021-01-29,466,9371,95,3040,371,6331,0,0,410,7025,56,1173,410,8198,California
Madera,2021-01-30,503,9874,15,3055,488,6819,0,0,449,7420,54,1227,449,8647,California
Madera,2021-01-31,9,9883,6,3061,3,6822,0,0,8,7427,1,1228,8,8655,California
Madera,2021-02-01,256,10139,72,3133,184,7006,0,0,199,7569,57,1285,199,8854,California
Madera,2021-02-02,249,10388,86,3219,163,7169,0,0,160,7641,88,1373,160,9014,California
Madera,2021-02-03,587,10975,454,3673,133,7302,0,0,472,8001,113,1486,473,9487,California
Madera,2021-02-04,384,11359,120,3793,264,7566,0,0,110,7839,273,1759,111,9598,California
Madera,2021-02-05,966,12325,293,4086,673,8239,0,0,361,7601,600,2359,362,9960,California
Madera,2021-02-06,358,12683,323,4409,35,8274,0,0,319,7882,38,2397,319,10279,California
Madera,2021-02-07,35,12718,7,4416,28,8302,0,0,30,7907,5,2402,30,10309,California
Madera,2021-02-08,382,13100,306,4722,76,8378,0,0,269,8064,112,2514,269,10578,California
Madera,2021-02-09,474,13574,115,4837,359,8737,0,0,194,7982,277,2791,195,10773,California
Madera,2021-02-10,429,14003,149,4986,280,9017,0,0,323,8199,106,2897,323,11096,California
Madera,2021-02-11,930,14933,302,5288,628,9645,0,0,402,8075,527,3424,403,11499,California
Madera,2021-02-12,838,15771,118,5406,720,10365,0,0,306,7858,526,3950,309,11808,California
Madera,2021-02-13,483,16254,44,5450,439,10804,0,0,140,7658,342,4292,142,11950,California
Madera,2021-02-14,397,16651,75,5525,322,11126,0,0,135,7532,262,4554,136,12086,California
Madera,2021-02-15,239,16890,96,5621,143,11269,0,0,174,7642,64,4618,174,12260,California
Madera,2021-02-16,773,17663,183,5804,590,11859,0,0,229,7331,541,5159,230,12490,California
Madera,2021-02-17,607,18270,271,6075,336,12195,0,0,337,7405,265,5424,339,12829,California
Madera,2021-02-18,1290,19560,535,6610,755,12950,0,0,1116,8349,174,5598,1118,13947,California
Madera,2021-02-19,861,20421,546,7156,315,13265,0,0,719,8928,142,5740,721,14668,California
Madera,2021-02-20,1074,21495,983,8139,91,13356,0,0,1003,9862,70,5810,1004,15672,California
Madera,2021-02-21,960,22455,817,8956,143,13499,0,0,954,10810,6,5816,954,16626,California
Madera,2021-02-22,905,23360,829,9785,76,13575,0,0,851,11607,54,5870,851,17477,California
Madera,2021-02-23,768,24128,496,10281,272,13847,0,0,550,11940,217,6087,550,18027,California
Madera,2021-02-24,906,25034,301,10582,605,14452,0,0,378,11790,528,6615,378,18405,California
Madera,2021-02-25,1017,26051,306,10888,711,15163,0,0,589,11954,425,7040,589,18994,California
Madera,2021-02-26,1068,27119,186,11074,882,16045,0,0,695,12277,372,7412,695,19689,California
Madera,2021-02-27,868,27987,244,11318,624,16669,0,0,448,12311,417,7829,451,20140,California
Madera,2021-02-28,187,28174,29,11347,158,16827,0,0,181,12486,6,7835,181,20321,California
Madera,2021-03-01,367,28541,118,11465,249,17076,0,0,191,12501,176,8011,191,20512,California
Madera,2021-03-02,645,29186,267,11732,378,17454,0,0,534,12925,111,8122,535,21047,California
Madera,2021-03-03,1289,30475,690,12422,599,18053,0,0,892,13446,394,8516,915,21962,California
Madera,2021-03-04,1158,31633,502,12924,656,18709,0,0,917,14124,242,8758,920,22882,California
Madera,2021-03-05,1316,32949,401,13325,903,19612,12,12,1057,14947,257,9015,1080,23962,California
Madera,2021-03-06,802,33751,623,13948,148,19760,31,43,484,15145,318,9333,516,24478,California
Madera,2021-03-07,153,33904,27,13975,104,19864,22,65,103,15220,50,9383,125,24603,California
Madera,2021-03-08,577,34481,320,14295,199,20063,58,123,288,15279,289,9672,348,24951,California
Madera,2021-03-09,435,34916,157,14452,245,20308,33,156,272,15431,161,9833,313,25264,California
Madera,2021-03-10,1124,36040,502,14954,545,20853,77,233,700,15789,420,10253,778,26042,California
Madera,2021-03-11,1647,37687,838,15792,478,21331,331,564,752,15989,894,11147,1094,27136,California
Madera,2021-03-12,1513,39200,776,16568,585,21916,152,716,749,16153,763,11910,927,28063,California
Madera,2021-03-13,1798,40998,1270,17838,330,22246,198,914,739,16050,1057,12967,954,29017,California
Madera,2021-03-14,580,41578,447,18285,101,22347,32,946,294,16092,284,13251,326,29343,California
Madera,2021-03-15,717,42295,210,18495,462,22809,45,991,497,16442,218,13469,568,29911,California
Madera,2021-03-16,816,43111,422,18917,347,23156,47,1038,638,16969,176,13645,703,30614,California
Madera,2021-03-17,1407,44518,930,19847,416,23572,61,1099,854,17430,544,14189,1005,31619,California
Madera,2021-03-18,1860,46378,643,20490,1157,24729,60,1159,907,17533,948,15137,1051,32670,California
Madera,2021-03-19,1493,47871,586,21076,823,25552,84,1243,965,18121,525,15662,1113,33783,California
Madera,2021-03-20,1119,48990,762,21838,308,25860,49,1292,574,18246,544,16206,669,34452,California
Madera,2021-03-21,1064,50054,865,22703,154,26014,45,1337,353,17937,708,16914,399,34851,California
Madera,2021-03-22,1350,51404,850,23553,432,26446,68,1405,679,18058,668,17582,789,35640,California
Madera,2021-03-23,1395,52799,841,24394,463,26909,91,1496,739,18316,654,18236,912,36552,California
Madera,2021-03-24,893,53692,463,24857,399,27308,31,1527,594,18646,298,18534,628,37180,California
Madera,2021-03-25,1110,54802,488,25345,602,27910,20,1547,640,18859,460,18994,673,37853,California
Madera,2021-03-26,1425,56227,508,25853,786,28696,131,1678,673,18917,749,19743,807,38660,California
Madera,2021-03-27,825,57052,526,26379,278,28974,21,1699,373,18863,448,20191,394,39054,California
Madera,2021-03-28,418,57470,136,26515,222,29196,60,1759,230,19018,187,20378,342,39396,California
Madera,2021-03-29,680,58150,179,26694,474,29670,27,1786,493,19358,184,20562,524,39920,California
Madera,2021-03-30,1011,59161,556,27250,423,30093,32,1818,556,19494,454,21016,590,40510,California
Madera,2021-03-31,1259,60420,458,27708,687,30780,114,1932,430,19214,825,21841,545,41055,California
Madera,2021-04-01,1208,61628,527,28235,632,31412,49,1981,428,18915,775,22616,476,41531,California
Madera,2021-04-02,1484,63112,408,28643,1021,32433,55,2036,456,18408,1019,23635,512,42043,California
Madera,2021-04-03,868,63980,677,29320,170,32603,21,2057,376,18322,491,24126,405,42448,California
Madera,2021-04-04,183,64163,64,29384,117,32720,2,2059,85,18311,98,24224,87,42535,California
Madera,2021-04-05,703,64866,226,29610,420,33140,57,2116,329,18338,373,24597,400,42935,California
Madera,2021-04-06,1654,66520,857,30467,456,33596,341,2457,628,18284,1024,25621,970,43905,California
Madera,2021-04-07,1153,67673,361,30828,653,34249,139,2596,463,18204,686,26307,606,44511,California
Madera,2021-04-08,1660,69333,654,31482,756,35005,250,2846,571,17949,1083,27390,828,45339,California
Madera,2021-04-09,690,70023,152,31634,418,35423,120,2966,276,17937,410,27800,398,45737,California
Madera,2021-04-10,128,70151,50,31684,52,35475,26,2992,62,17960,66,27866,89,45826,California
Marin,2020-12-15,2,2,2,2,0,0,0,0,2,2,0,0,2,2,California
Marin,2020-12-16,107,109,107,109,0,0,0,0,107,109,0,0,107,109,California
Marin,2020-12-17,260,369,260,369,0,0,0,0,260,369,0,0,260,369,California
Marin,2020-12-18,370,739,370,739,0,0,0,0,370,739,0,0,370,739,California
Marin,2020-12-19,348,1087,347,1086,1,1,0,0,348,1087,0,0,348,1087,California
Marin,2020-12-20,167,1254,166,1252,1,2,0,0,167,1254,0,0,167,1254,California
Marin,2020-12-21,238,1492,235,1487,3,5,0,0,238,1492,0,0,238,1492,California
Marin,2020-12-22,521,2013,318,1805,203,208,0,0,521,2013,0,0,521,2013,California
Marin,2020-12-23,732,2745,324,2129,408,616,0,0,732,2745,0,0,732,2745,California
Marin,2020-12-24,357,3102,160,2289,197,813,0,0,357,3102,0,0,357,3102,California
Marin,2020-12-25,27,3129,0,2289,27,840,0,0,27,3129,0,0,27,3129,California
Marin,2020-12-26,142,3271,93,2382,49,889,0,0,142,3271,0,0,142,3271,California
Marin,2020-12-27,93,3364,56,2438,37,926,0,0,93,3364,0,0,93,3364,California
Marin,2020-12-28,408,3772,99,2537,309,1235,0,0,408,3772,0,0,408,3772,California
Marin,2020-12-29,400,4172,88,2625,312,1547,0,0,400,4172,0,0,400,4172,California
Marin,2020-12-30,624,4796,388,3013,236,1783,0,0,624,4796,0,0,624,4796,California
Marin,2020-12-31,198,4994,33,3046,165,1948,0,0,198,4994,0,0,198,4994,California
Marin,2021-01-01,11,5005,5,3051,6,1954,0,0,11,5005,0,0,11,5005,California
Marin,2021-01-02,103,5108,97,3148,6,1960,0,0,103,5108,0,0,103,5108,California
Marin,2021-01-03,54,5162,36,3184,18,1978,0,0,51,5159,0,0,51,5159,California
Marin,2021-01-04,291,5453,188,3372,103,2081,0,0,290,5448,1,1,290,5449,California
Marin,2021-01-05,366,5819,223,3595,143,2224,0,0,323,5728,43,44,323,5772,California
Marin,2021-01-06,819,6638,317,3912,502,2726,0,0,643,6195,176,220,643,6415,California
Marin,2021-01-07,893,7531,503,4415,390,3116,0,0,545,6392,348,568,545,6960,California
Marin,2021-01-08,969,8500,513,4928,456,3572,0,0,594,6612,374,942,594,7554,California
Marin,2021-01-09,618,9118,222,5150,396,3968,0,0,487,6968,131,1073,487,8041,California
Marin,2021-01-10,128,9246,99,5249,29,3997,0,0,54,6948,74,1147,54,8095,California
Marin,2021-01-11,467,9713,326,5575,141,4138,0,0,250,6982,217,1364,251,8346,California
Marin,2021-01-12,939,10652,541,6116,398,4536,0,0,567,7180,369,1733,567,8913,California
Marin,2021-01-13,1177,11829,501,6617,676,5212,0,0,938,7879,239,1972,938,9851,California
Marin,2021-01-14,1067,12896,319,6936,748,5960,0,0,917,8648,148,2120,917,10768,California
Marin,2021-01-15,1153,14049,354,7290,799,6759,0,0,1023,9543,129,2249,1024,11792,California
Marin,2021-01-16,1109,15158,907,8197,202,6961,0,0,1034,10502,75,2324,1034,12826,California
Marin,2021-01-17,1235,16393,1116,9313,119,7080,0,0,1207,11685,27,2351,1210,14036,California
Marin,2021-01-18,361,16754,159,9472,202,7282,0,0,310,11944,51,2402,310,14346,California
Marin,2021-01-19,1154,17908,913,10385,241,7523,0,0,982,12756,171,2573,983,15329,California
Marin,2021-01-20,1781,19689,1203,11588,578,8101,0,0,1052,13090,718,3291,1052,16381,California
Marin,2021-01-21,1682,21371,1062,12650,620,8721,0,0,1330,14073,349,3640,1332,17713,California
Marin,2021-01-22,1694,23065,1085,13735,609,9330,0,0,1529,15437,165,3805,1529,19242,California
Marin,2021-01-23,1842,24907,1341,15076,501,9831,0,0,1758,17112,83,3888,1758,21000,California
Marin,2021-01-24,611,25518,164,15240,447,10278,0,0,579,17659,32,3920,579,21579,California
Marin,2021-01-25,1119,26637,225,15465,894,11172,0,0,687,17916,431,4351,688,22267,California
Marin,2021-01-26,1498,28135,779,16244,719,11891,0,0,1122,18663,375,4726,1122,23389,California
Marin,2021-01-27,1695,29830,868,17112,827,12718,0,0,1344,19659,349,5075,1345,24734,California
Marin,2021-01-28,2068,31898,1062,18174,1006,13724,0,0,1802,21197,265,5340,1803,26537,California
Marin,2021-01-29,2181,34079,1434,19608,747,14471,0,0,1980,22988,190,5530,1981,28518,California
Marin,2021-01-30,1714,35793,899,20507,815,15286,0,0,1636,24547,78,5608,1637,30155,California
Marin,2021-01-31,451,36244,314,20821,137,15423,0,0,426,24948,25,5633,426,30581,California
Marin,2021-02-01,1087,37331,418,21239,669,16092,0,0,887,25636,200,5833,888,31469,California
Marin,2021-02-02,1355,38686,465,21704,890,16982,0,0,727,25745,618,6451,727,32196,California
Marin,2021-02-03,1778,40464,427,22131,1351,18333,0,0,1252,26473,524,6975,1252,33448,California
Marin,2021-02-04,1538,42002,515,22646,1023,19356,0,0,935,26808,600,7575,935,34383,California
Marin,2021-02-05,2172,44174,679,23325,1493,20849,0,0,1333,27306,835,8410,1333,35716,California
Marin,2021-02-06,1426,45600,851,24176,575,21424,0,0,603,27088,822,9232,604,36320,California
Marin,2021-02-07,1287,46887,1005,25181,282,21706,0,0,487,26776,799,10031,487,36807,California
Marin,2021-02-08,1516,48403,754,25935,762,22468,0,0,724,26711,790,10821,725,37532,California
Marin,2021-02-09,1780,50183,1122,27057,658,23126,0,0,834,26599,946,11767,834,38366,California
Marin,2021-02-10,2334,52517,1488,28545,846,23972,0,0,1220,26708,1112,12879,1221,39587,California
Marin,2021-02-11,2860,55377,1643,30188,1217,25189,0,0,1450,26755,1405,14284,1452,41039,California
Marin,2021-02-12,3057,58434,1537,31725,1520,26709,0,0,1563,26826,1492,15776,1563,42602,California
Marin,2021-02-13,2333,60767,1242,32967,1091,27800,0,0,1129,26753,1202,16978,1129,43731,California
Marin,2021-02-14,811,61578,302,33269,509,28309,0,0,719,27381,92,17070,720,44451,California
Marin,2021-02-15,1207,62785,352,33621,855,29164,0,0,831,27837,375,17445,831,45282,California
Marin,2021-02-16,2460,65245,1055,34676,1405,30569,0,0,1502,28382,957,18402,1502,46784,California
Marin,2021-02-17,2084,67329,930,35606,1154,31723,0,0,1084,28468,999,19401,1085,47869,California
Marin,2021-02-18,2410,69739,1575,37181,835,32558,0,0,1060,28179,1349,20750,1060,48929,California
Marin,2021-02-19,2747,72486,2148,39329,599,33157,0,0,1215,27874,1521,22271,1216,50145,California
Marin,2021-02-20,2563,75049,2109,41438,454,33611,0,0,1215,27745,1344,23615,1215,51360,California
Marin,2021-02-21,1281,76330,1089,42527,192,33803,0,0,907,28282,370,23985,907,52267,California
Marin,2021-02-22,1817,78147,1402,43929,415,34218,0,0,1211,28888,605,24590,1211,53478,California
Marin,2021-02-23,2827,80974,1613,45542,1214,35432,0,0,1905,29880,914,25504,1906,55384,California
Marin,2021-02-24,3498,84472,1600,47142,1898,37330,0,0,2248,30886,1243,26747,2249,57633,California
Marin,2021-02-25,3924,88396,1811,48953,2113,39443,0,0,2768,32506,1149,27896,2769,60402,California
Marin,2021-02-26,3476,91872,1876,50829,1600,41043,0,0,2529,34099,936,28832,2529,62931,California
Marin,2021-02-27,2608,94480,1494,52323,1114,42157,0,0,1776,35048,829,29661,1778,64709,California
Marin,2021-02-28,1380,95860,920,53243,460,42617,0,0,1046,35762,332,29993,1046,65755,California
Marin,2021-03-01,2466,98326,1530,54773,936,43553,0,0,1655,36611,806,30799,1655,67410,California
Marin,2021-03-02,2426,100752,1593,56366,832,44385,1,1,1683,37555,740,31539,1684,69094,California
Marin,2021-03-03,4251,105003,2371,58737,1880,46265,0,1,2745,38799,1501,33040,2745,71839,California
Marin,2021-03-04,3327,108330,1638,60375,1689,47954,0,1,2324,40130,996,34036,2327,74166,California
Marin,2021-03-05,3011,111341,1120,61495,1879,49833,12,13,1769,40671,1240,35276,1781,75947,California
Marin,2021-03-06,3213,114554,2312,63807,822,50655,79,92,2642,42825,566,35842,2720,78667,California
Marin,2021-03-07,1368,115922,1153,64960,192,50847,23,115,982,43447,383,36225,1005,79672,California
Marin,2021-03-08,1851,117773,1365,66325,385,51232,101,216,1403,44506,445,36670,1504,81176,California
Marin,2021-03-09,2097,119870,1214,67539,777,52009,106,322,1428,45372,668,37338,1534,82710,California
Marin,2021-03-10,4402,124272,2458,69997,1662,53671,282,604,3180,47615,1219,38557,3462,86172,California
Marin,2021-03-11,4543,128815,1860,71857,2553,56224,130,734,3264,49737,1272,39829,3394,89566,California
Marin,2021-03-12,3926,132741,1526,73383,2050,58274,350,1084,1544,49257,2373,42202,1893,91459,California
Marin,2021-03-13,4048,136789,2847,76230,1133,59407,68,1152,2401,50077,1644,43846,2464,93923,California
Marin,2021-03-14,2272,139061,1095,77325,1061,60468,116,1268,729,49379,1543,45389,845,94768,California
Marin,2021-03-15,3207,142268,1757,79082,1403,61871,47,1315,1203,48633,1995,47384,1249,96017,California
Marin,2021-03-16,4298,146566,2313,81395,1621,63492,364,1679,1523,47748,2772,50156,1887,97904,California
Marin,2021-03-17,4112,150678,2245,83640,1823,65315,44,1723,1999,47688,2103,52259,2043,99947,California
Marin,2021-03-18,4448,155126,2239,85879,2138,67453,71,1794,2219,47761,2216,54475,2289,102236,California
Marin,2021-03-19,4423,159549,2268,88147,1938,69391,217,2011,2406,48374,2010,56485,2623,104859,California
Marin,2021-03-20,3574,163123,1978,90125,1481,70872,115,2126,2034,48990,1534,58019,2150,107009,California
Marin,2021-03-21,1524,164647,1122,91247,377,71249,25,2151,791,49075,731,58750,816,107825,California
Marin,2021-03-22,2461,167108,2126,93373,170,71419,165,2316,990,48763,1467,60217,1155,108980,California
Marin,2021-03-23,4224,171332,2184,95557,1911,73330,129,2445,1940,48554,2278,62495,2069,111049,California
Marin,2021-03-24,4396,175728,2884,98441,1408,74738,104,2549,1790,47851,2596,65091,1893,112942,California
Marin,2021-03-25,4609,180337,2813,101254,1727,76465,69,2618,2253,47828,2343,67434,2320,115262,California
Marin,2021-03-26,4267,184604,2312,103566,1741,78206,214,2832,2408,48606,1844,69278,2622,117884,California
Marin,2021-03-27,3677,188281,2642,106208,1018,79224,17,2849,1142,47240,2525,71803,1159,119043,California
Marin,2021-03-28,2372,190653,1720,107928,646,79870,6,2855,1101,47080,1267,73070,1107,120150,California
Marin,2021-03-29,2673,193326,2082,110010,567,80437,24,2879,1180,46794,1490,74560,1204,121354,California
Marin,2021-03-30,4645,197971,3646,113656,966,81403,33,2912,3063,48310,1580,76140,3096,124450,California
Marin,2021-03-31,5758,203729,4086,117742,1623,83026,49,2961,2585,47778,3166,79306,2634,127084,California
Marin,2021-04-01,4358,208087,2257,119999,1863,84889,238,3199,2105,47874,2247,81553,2343,129427,California
Marin,2021-04-02,3657,211744,1812,121811,1486,86375,359,3558,1955,48493,1695,83248,2314,131741,California
Marin,2021-04-03,3815,215559,2509,124320,944,87319,362,3920,1470,47990,2335,85583,1832,133573,California
Marin,2021-04-04,1620,217179,1221,125541,202,87521,197,4117,1187,48942,432,86015,1384,134957,California
Marin,2021-04-05,2169,219348,1509,127050,293,87814,367,4484,1251,49642,917,86932,1617,136574,California
Marin,2021-04-06,3892,223240,2062,129112,1288,89102,542,5026,2167,50629,1720,88652,2707,139281,California
Marin,2021-04-07,3903,227143,1986,131098,1299,90401,618,5644,1438,50227,2458,91110,2056,141337,California
Marin,2021-04-08,4897,232040,1931,133029,2383,92784,583,6227,2218,50355,2669,93779,2797,144134,California
Marin,2021-04-09,3050,235090,1042,134071,1500,94284,508,6735,1025,49869,2018,95797,1532,145666,California
Marin,2021-04-10,1093,236183,163,134234,738,95022,192,6927,330,49630,760,96557,521,146187,California
Mariposa,2020-12-17,3,3,3,3,0,0,0,0,38,38,0,0,38,38,California
Mariposa,2020-12-18,5,8,5,8,0,0,0,0,56,94,0,0,56,94,California
Mariposa,2020-12-20,2,10,2,10,0,0,0,0,2,96,0,0,2,96,California
Mariposa,2020-12-21,3,13,3,13,0,0,0,0,45,141,0,0,45,141,California
Mariposa,2020-12-22,2,15,2,15,0,0,0,0,2,143,0,0,2,143,California
Mariposa,2020-12-23,10,25,10,25,0,0,0,0,1,144,0,0,1,144,California
Mariposa,2020-12-24,1,26,0,25,1,1,0,0,0,144,0,0,0,144,California
Mariposa,2020-12-26,1,27,1,26,0,1,0,0,1,145,0,0,1,145,California
Mariposa,2020-12-27,1,28,0,26,1,2,0,0,1,146,0,0,1,146,California
Mariposa,2020-12-28,3,31,1,27,2,4,0,0,3,149,0,0,3,149,California
Mariposa,2020-12-29,33,64,1,28,32,36,0,0,33,182,0,0,33,182,California
Mariposa,2020-12-30,21,85,0,28,21,57,0,0,20,202,0,0,20,202,California
Mariposa,2020-12-31,22,107,0,28,22,79,0,0,22,224,0,0,22,224,California
Mariposa,2021-01-04,9,116,1,29,8,87,0,0,9,233,0,0,9,233,California
Mariposa,2021-01-05,24,140,14,43,10,97,0,0,12,235,10,10,12,245,California
Mariposa,2021-01-06,5,145,3,46,2,99,0,0,2,234,3,13,2,247,California
Mariposa,2021-01-07,49,194,47,93,2,101,0,0,2,189,47,60,2,249,California
Mariposa,2021-01-08,109,303,81,174,28,129,0,0,33,146,76,136,33,282,California
Mariposa,2021-01-09,1,304,0,174,1,130,0,0,1,147,0,136,1,283,California
Mariposa,2021-01-11,24,328,3,177,21,151,0,0,22,167,2,138,22,305,California
Mariposa,2021-01-12,21,349,3,180,18,169,0,0,18,182,3,141,18,323,California
Mariposa,2021-01-13,22,371,1,181,21,190,0,0,21,202,1,142,21,344,California
Mariposa,2021-01-14,94,465,1,182,93,283,0,0,94,296,0,142,94,438,California
Mariposa,2021-01-15,46,511,1,183,45,328,0,0,45,340,1,143,45,483,California
Mariposa,2021-01-16,19,530,2,185,17,345,0,0,18,357,1,144,18,501,California
Mariposa,2021-01-17,2,532,0,185,2,347,0,0,2,359,0,144,2,503,California
Mariposa,2021-01-18,2,534,2,187,0,347,0,0,1,359,1,145,1,504,California
Mariposa,2021-01-19,1,535,0,187,1,348,0,0,1,360,0,145,1,505,California
Mariposa,2021-01-20,26,561,0,187,26,374,0,0,26,386,0,145,26,531,California
Mariposa,2021-01-21,87,648,1,188,86,460,0,0,87,473,0,145,87,618,California
Mariposa,2021-01-22,77,725,1,189,76,536,0,0,77,550,0,145,77,695,California
Mariposa,2021-01-23,125,850,0,189,125,661,0,0,123,673,0,145,123,818,California
Mariposa,2021-01-25,3,853,1,190,2,663,0,0,0,670,3,148,0,818,California
Mariposa,2021-01-26,32,885,2,192,30,693,0,0,3,648,29,177,7,825,California
Mariposa,2021-01-27,34,919,1,193,33,726,0,0,26,666,8,185,26,851,California
Mariposa,2021-01-28,149,1068,2,195,147,873,0,0,135,788,13,198,135,986,California
Mariposa,2021-01-29,58,1126,0,195,58,931,0,0,58,846,0,198,58,1044,California
Mariposa,2021-01-30,3,1129,1,196,2,933,0,0,2,847,1,199,2,1046,California
Mariposa,2021-01-31,1,1130,0,196,1,934,0,0,1,848,0,199,1,1047,California
Mariposa,2021-02-01,55,1185,0,196,55,989,0,0,48,889,7,206,48,1095,California
Mariposa,2021-02-02,8,1193,0,196,8,997,0,0,2,885,6,212,2,1097,California
Mariposa,2021-02-03,26,1219,1,197,25,1022,0,0,22,903,4,216,22,1119,California
Mariposa,2021-02-04,115,1334,7,204,108,1130,0,0,108,1008,4,220,109,1228,California
Mariposa,2021-02-05,239,1573,4,208,235,1365,0,0,217,1203,22,242,217,1445,California
Mariposa,2021-02-06,2,1575,1,209,1,1366,0,0,1,1203,1,243,1,1446,California
Mariposa,2021-02-08,39,1614,1,210,38,1404,0,0,20,1204,19,262,20,1466,California
Mariposa,2021-02-09,11,1625,3,213,8,1412,0,0,6,1205,5,267,6,1472,California
Mariposa,2021-02-10,17,1642,1,214,16,1428,0,0,9,1212,8,275,15,1487,California
Mariposa,2021-02-11,378,2020,4,218,374,1802,0,0,367,1572,9,284,369,1856,California
Mariposa,2021-02-12,173,2193,1,219,172,1974,0,0,129,1657,44,328,129,1985,California
Mariposa,2021-02-13,5,2198,3,222,2,1976,0,0,4,1660,1,329,4,1989,California
Mariposa,2021-02-14,5,2203,2,224,3,1979,0,0,4,1663,1,330,4,1993,California
Mariposa,2021-02-15,8,2211,2,226,6,1985,0,0,7,1669,1,331,7,2000,California
Mariposa,2021-02-16,20,2231,2,228,18,2003,0,0,19,1687,1,332,19,2019,California
Mariposa,2021-02-17,19,2250,1,229,18,2021,0,0,15,1699,3,335,15,2034,California
Mariposa,2021-02-18,55,2305,2,231,53,2074,0,0,12,1668,43,378,12,2046,California
Mariposa,2021-02-19,75,2380,0,231,75,2149,0,0,74,1741,1,379,74,2120,California
Mariposa,2021-02-20,253,2633,4,235,249,2398,0,0,221,1931,31,410,221,2341,California
Mariposa,2021-02-21,231,2864,2,237,229,2627,0,0,230,2160,1,411,230,2571,California
Mariposa,2021-02-22,14,2878,2,239,12,2639,0,0,14,2174,0,411,14,2585,California
Mariposa,2021-02-23,5,2883,2,241,3,2642,0,0,4,2177,1,412,4,2589,California
Mariposa,2021-02-24,18,2901,1,242,17,2659,0,0,2,2163,16,428,2,2591,California
Mariposa,2021-02-25,5,2906,3,245,2,2661,0,0,2,2162,3,431,2,2593,California
Mariposa,2021-02-26,409,3315,3,248,406,3067,0,0,353,2459,56,487,353,2946,California
Mariposa,2021-02-27,154,3469,3,251,151,3218,0,0,151,2607,3,490,151,3097,California
Mariposa,2021-02-28,2,3471,1,252,1,3219,0,0,0,2605,2,492,0,3097,California
Mariposa,2021-03-01,54,3525,1,253,53,3272,0,0,6,2563,48,540,6,3103,California
Mariposa,2021-03-02,6,3531,5,258,1,3273,0,0,3,2563,3,543,3,3106,California
Mariposa,2021-03-03,68,3599,1,259,67,3340,0,0,66,2627,2,545,66,3172,California
Mariposa,2021-03-04,15,3614,5,264,10,3350,0,0,8,2628,7,552,8,3180,California
Mariposa,2021-03-05,40,3654,6,270,34,3384,0,0,33,2658,7,559,37,3217,California
Mariposa,2021-03-06,4,3658,2,272,2,3386,0,0,4,2662,0,559,4,3221,California
Mariposa,2021-03-08,35,3693,3,275,21,3407,11,11,6,2650,29,588,17,3238,California
Mariposa,2021-03-09,24,3717,2,277,12,3419,10,21,9,2654,15,603,19,3257,California
Mariposa,2021-03-10,14,3731,1,278,3,3422,10,31,2,2654,12,615,12,3269,California
Mariposa,2021-03-11,456,4187,6,284,432,3854,18,49,221,2662,234,849,242,3511,California
Mariposa,2021-03-12,242,4429,3,287,210,4064,29,78,108,2665,134,983,137,3648,California
Mariposa,2021-03-13,26,4455,3,290,8,4072,15,93,7,2668,19,1002,22,3670,California
Mariposa,2021-03-14,16,4471,1,291,4,4076,11,104,2,2667,14,1016,13,3683,California
Mariposa,2021-03-15,75,4546,6,297,31,4107,38,142,31,2692,44,1060,69,3752,California
Mariposa,2021-03-16,42,4588,4,301,4,4111,34,176,5,2694,37,1097,39,3791,California
Mariposa,2021-03-17,53,4641,4,305,43,4154,6,182,45,2738,8,1105,52,3843,California
Mariposa,2021-03-18,45,4686,5,310,31,4185,9,191,33,2768,12,1117,42,3885,California
Mariposa,2021-03-19,331,5017,4,314,318,4503,9,200,297,3040,34,1151,306,4191,California
Mariposa,2021-03-20,419,5436,4,318,414,4917,1,201,46,2716,373,1524,49,4240,California
Mariposa,2021-03-21,8,5444,7,325,0,4917,1,202,5,2719,3,1527,6,4246,California
Mariposa,2021-03-22,33,5477,3,328,19,4936,11,213,21,2740,12,1539,33,4279,California
Mariposa,2021-03-23,21,5498,3,331,4,4940,14,227,3,2739,18,1557,17,4296,California
Mariposa,2021-03-24,49,5547,1,332,46,4986,2,229,47,2786,2,1559,49,4345,California
Mariposa,2021-03-25,58,5605,7,339,43,5029,8,237,46,2828,12,1571,54,4399,California
Mariposa,2021-03-26,471,6076,7,346,462,5491,2,239,243,2845,228,1799,245,4644,California
Mariposa,2021-03-27,214,6290,3,349,211,5702,0,239,85,2802,129,1928,86,4730,California
Mariposa,2021-03-28,4,6294,0,349,1,5703,3,242,0,2801,4,1932,3,4733,California
Mariposa,2021-03-29,12,6306,2,351,10,5713,0,242,7,2803,5,1937,7,4740,California
Mariposa,2021-03-30,19,6325,1,352,2,5715,16,258,1,2802,18,1955,17,4757,California
Mariposa,2021-03-31,71,6396,5,357,65,5780,1,259,61,2854,10,1965,62,4819,California
Mariposa,2021-04-01,6,6402,2,359,3,5783,1,260,2,2853,4,1969,3,4822,California
Mariposa,2021-04-02,32,6434,4,363,27,5810,1,261,9,2840,23,1992,10,4832,California
Mariposa,2021-04-03,5,6439,3,366,2,5812,0,261,3,2841,2,1994,3,4835,California
Mariposa,2021-04-04,2,6441,1,367,0,5812,1,262,0,2840,2,1996,1,4836,California
Mariposa,2021-04-05,12,6453,8,375,2,5814,2,264,6,2842,6,2002,8,4844,California
Mariposa,2021-04-06,23,6476,8,383,1,5815,14,278,1,2836,21,2023,15,4859,California
Mariposa,2021-04-07,25,6501,3,386,6,5821,16,294,1,2829,24,2047,17,4876,California
Mariposa,2021-04-08,34,6535,8,394,7,5828,19,313,9,2832,25,2072,28,4904,California
Mariposa,2021-04-09,24,6559,7,401,5,5833,12,325,5,2830,19,2091,17,4921,California
Mariposa,2021-04-10,3,6562,1,402,1,5834,1,326,1,2829,2,2093,1,4922,California
Mendocino,2020-12-17,70,70,70,70,0,0,0,0,70,70,0,0,70,70,California
Mendocino,2020-12-18,85,155,84,154,1,1,0,0,84,154,0,0,84,154,California
Mendocino,2020-12-19,4,159,4,158,0,1,0,0,4,158,0,0,4,158,California
Mendocino,2020-12-20,7,166,7,165,0,1,0,0,7,165,0,0,7,165,California
Mendocino,2020-12-21,245,411,245,410,0,1,0,0,77,242,0,0,77,242,California
Mendocino,2020-12-22,250,661,189,599,61,62,0,0,250,492,0,0,250,492,California
Mendocino,2020-12-23,270,931,47,646,223,285,0,0,269,761,0,0,269,761,California
Mendocino,2020-12-24,49,980,8,654,41,326,0,0,49,810,0,0,49,810,California
Mendocino,2020-12-25,1,981,0,654,1,327,0,0,1,811,0,0,1,811,California
Mendocino,2020-12-26,2,983,2,656,0,327,0,0,2,813,0,0,2,813,California
Mendocino,2020-12-27,1,984,0,656,1,328,0,0,1,814,0,0,1,814,California
Mendocino,2020-12-28,73,1057,8,664,65,393,0,0,73,887,0,0,73,887,California
Mendocino,2020-12-29,121,1178,61,725,60,453,0,0,121,1008,0,0,121,1008,California
Mendocino,2020-12-30,123,1301,68,793,55,508,0,0,123,1131,0,0,123,1131,California
Mendocino,2020-12-31,130,1431,95,888,35,543,0,0,130,1261,0,0,130,1261,California
Mendocino,2021-01-01,4,1435,2,890,2,545,0,0,4,1265,0,0,4,1265,California
Mendocino,2021-01-02,1,1436,1,891,0,545,0,0,1,1266,0,0,1,1266,California
Mendocino,2021-01-04,841,2277,19,910,822,1367,0,0,841,2107,0,0,841,2107,California
Mendocino,2021-01-05,71,2348,35,945,36,1403,0,0,58,2152,13,13,58,2165,California
Mendocino,2021-01-06,151,2499,129,1074,22,1425,0,0,141,2283,10,23,141,2306,California
Mendocino,2021-01-07,358,2857,237,1311,121,1546,0,0,295,2515,63,86,295,2601,California
Mendocino,2021-01-08,95,2952,82,1393,13,1559,0,0,41,2503,54,140,42,2643,California
Mendocino,2021-01-09,10,2962,6,1399,4,1563,0,0,8,2509,2,142,8,2651,California
Mendocino,2021-01-10,8,2970,8,1407,0,1563,0,0,1,2503,7,149,1,2652,California
Mendocino,2021-01-11,101,3071,92,1499,9,1572,0,0,43,2489,57,206,43,2695,California
Mendocino,2021-01-12,386,3457,376,1875,10,1582,0,0,270,2643,116,322,270,2965,California
Mendocino,2021-01-13,480,3937,144,2019,336,1918,0,0,440,3046,38,360,441,3406,California
Mendocino,2021-01-14,634,4571,20,2039,614,2532,0,0,625,3662,9,369,625,4031,California
Mendocino,2021-01-15,1857,6428,859,2898,998,3530,0,0,1853,5511,4,373,1853,5884,California
Mendocino,2021-01-16,791,7219,50,2948,741,4271,0,0,789,6298,2,375,789,6673,California
Mendocino,2021-01-17,554,7773,1,2949,553,4824,0,0,553,6850,1,376,553,7226,California
Mendocino,2021-01-18,488,8261,463,3412,25,4849,0,0,476,7314,12,388,476,7702,California
Mendocino,2021-01-19,331,8592,146,3558,185,5034,0,0,155,7293,176,564,155,7857,California
Mendocino,2021-01-20,552,9144,405,3963,147,5181,0,0,446,7636,104,668,447,8304,California
Mendocino,2021-01-21,533,9677,221,4184,312,5493,0,0,349,7802,183,851,349,8653,California
Mendocino,2021-01-22,149,9826,58,4242,91,5584,0,0,110,7873,39,890,110,8763,California
Mendocino,2021-01-23,155,9981,83,4325,72,5656,0,0,149,8016,6,896,149,8912,California
Mendocino,2021-01-24,5,9986,3,4328,2,5658,0,0,5,8021,0,896,5,8917,California
Mendocino,2021-01-25,191,10177,18,4346,173,5831,0,0,121,8072,70,966,121,9038,California
Mendocino,2021-01-26,155,10332,57,4403,98,5929,0,0,95,8107,60,1026,95,9133,California
Mendocino,2021-01-27,433,10765,363,4766,70,5999,0,0,173,8027,253,1279,173,9306,California
Mendocino,2021-01-28,584,11349,520,5286,64,6063,0,0,491,8425,93,1372,491,9797,California
Mendocino,2021-01-29,388,11737,348,5634,40,6103,0,0,359,8756,29,1401,360,10157,California
Mendocino,2021-01-30,48,11785,30,5664,18,6121,0,0,41,8790,7,1408,41,10198,California
Mendocino,2021-01-31,274,12059,2,5666,272,6393,0,0,3,8522,271,1679,3,10201,California
Mendocino,2021-02-01,377,12436,50,5716,327,6720,0,0,55,8255,322,2001,55,10256,California
Mendocino,2021-02-02,720,13156,501,6217,219,6939,0,0,362,8259,358,2359,362,10618,California
Mendocino,2021-02-03,391,13547,205,6422,186,7125,0,0,221,8312,168,2527,221,10839,California
Mendocino,2021-02-04,626,14173,530,6952,96,7221,0,0,502,8690,124,2651,502,11341,California
Mendocino,2021-02-05,1300,15473,1212,8164,88,7309,0,0,585,8561,714,3365,585,11926,California
Mendocino,2021-02-06,557,16030,157,8321,400,7709,0,0,542,9088,15,3380,542,12468,California
Mendocino,2021-02-07,31,16061,27,8348,4,7713,0,0,31,9119,0,3380,31,12499,California
Mendocino,2021-02-08,745,16806,714,9062,31,7744,0,0,284,8942,461,3841,284,12783,California
Mendocino,2021-02-09,141,16947,58,9120,83,7827,0,0,89,8979,52,3893,89,12872,California
Mendocino,2021-02-10,1479,18426,921,10041,558,8385,0,0,742,8993,731,4624,745,13617,California
Mendocino,2021-02-11,1132,19558,209,10250,923,9308,0,0,286,8433,846,5470,286,13903,California
Mendocino,2021-02-12,1399,20957,157,10407,1242,10550,0,0,634,8303,764,6234,634,14537,California
Mendocino,2021-02-13,495,21452,12,10419,483,11033,0,0,102,8017,393,6627,107,14644,California
Mendocino,2021-02-14,697,22149,3,10422,694,11727,0,0,136,7592,561,7188,136,14780,California
Mendocino,2021-02-15,327,22476,43,10465,284,12011,0,0,172,7609,155,7343,172,14952,California
Mendocino,2021-02-16,199,22675,50,10515,149,12160,0,0,131,7672,68,7411,131,15083,California
Mendocino,2021-02-17,1349,24024,1187,11702,162,12322,0,0,877,8079,470,7881,877,15960,California
Mendocino,2021-02-18,1778,25802,637,12339,1141,13463,0,0,1213,8727,565,8446,1213,17173,California
Mendocino,2021-02-19,747,26549,145,12484,602,14065,0,0,608,9196,139,8585,608,17781,California
Mendocino,2021-02-20,572,27121,546,13030,26,14091,0,0,542,9710,28,8613,542,18323,California
Mendocino,2021-02-21,326,27447,5,13035,321,14412,0,0,314,10013,11,8624,314,18637,California
Mendocino,2021-02-22,162,27609,30,13065,132,14544,0,0,71,9994,90,8714,71,18708,California
Mendocino,2021-02-23,668,28277,656,13721,12,14556,0,0,610,10547,57,8771,610,19318,California
Mendocino,2021-02-24,1837,30114,1758,15479,79,14635,0,0,1429,11573,405,9176,1431,20749,California
Mendocino,2021-02-25,1703,31817,532,16011,1171,15806,0,0,1285,12441,417,9593,1285,22034,California
Mendocino,2021-02-26,1399,33216,746,16757,653,16459,0,0,1038,13120,359,9952,1038,23072,California
Mendocino,2021-02-27,197,33413,150,16907,47,16506,0,0,76,13076,120,10072,76,23148,California
Mendocino,2021-02-28,35,33448,13,16920,22,16528,0,0,25,13091,10,10082,25,23173,California
Mendocino,2021-03-01,577,34025,534,17454,43,16571,0,0,540,13594,37,10119,540,23713,California
Mendocino,2021-03-02,70,34095,24,17478,46,16617,0,0,41,13607,28,10147,41,23754,California
Mendocino,2021-03-03,1689,35784,1322,18800,367,16984,0,0,1059,14037,629,10776,1059,24813,California
Mendocino,2021-03-04,1764,37548,146,18946,1618,18602,0,0,1547,15370,215,10991,1548,26361,California
Mendocino,2021-03-05,205,37753,142,19088,54,18656,9,9,114,15404,89,11080,123,26484,California
Mendocino,2021-03-06,239,37992,20,19108,196,18852,23,32,201,15591,37,11117,224,26708,California
Mendocino,2021-03-07,502,38494,6,19114,476,19328,20,52,116,15341,385,11502,135,26843,California
Mendocino,2021-03-08,124,38618,29,19143,59,19387,36,88,64,15383,58,11560,100,26943,California
Mendocino,2021-03-09,441,39059,224,19367,176,19563,41,129,346,15675,95,11655,387,27330,California
Mendocino,2021-03-10,1108,40167,980,20347,62,19625,66,195,267,15172,839,12494,336,27666,California
Mendocino,2021-03-11,819,40986,609,20956,157,19782,53,248,398,15204,419,12913,451,28117,California
Mendocino,2021-03-12,1998,42984,1026,21982,878,20660,94,342,1210,15726,782,13695,1304,29421,California
Mendocino,2021-03-13,648,43632,524,22506,67,20727,57,399,97,15333,547,14242,154,29575,California
Mendocino,2021-03-14,104,43736,2,22508,95,20822,7,406,11,15260,91,14333,18,29593,California
Mendocino,2021-03-15,595,44331,51,22559,487,21309,57,463,209,15141,385,14718,266,29859,California
Mendocino,2021-03-16,572,44903,374,22933,153,21462,45,508,141,14898,429,15147,186,30045,California
Mendocino,2021-03-17,1559,46462,1357,24290,55,21517,147,655,213,13921,1344,16491,367,30412,California
Mendocino,2021-03-18,1303,47765,246,24536,1019,22536,38,693,283,13229,1012,17503,320,30732,California
Mendocino,2021-03-19,1756,49521,857,25393,838,23374,61,754,336,12212,1416,18919,399,31131,California
Mendocino,2021-03-20,71,49592,12,25405,38,23412,21,775,15,12192,56,18975,36,31167,California
Mendocino,2021-03-21,9,49601,1,25406,3,23415,5,780,4,12196,5,18980,9,31176,California
Mendocino,2021-03-22,627,50228,583,25989,15,23430,29,809,148,11896,476,19456,176,31352,California
Mendocino,2021-03-23,167,50395,34,26023,103,23533,30,839,117,11993,50,19506,147,31499,California
Mendocino,2021-03-24,898,51293,826,26849,25,23558,47,886,114,11372,782,20288,161,31660,California
Mendocino,2021-03-25,1973,53266,51,26900,1903,25461,19,905,165,9749,1806,22094,183,31843,California
Mendocino,2021-03-26,506,53772,359,27259,123,25584,24,929,330,9927,176,22270,354,32197,California
Mendocino,2021-03-27,141,53913,12,27271,118,25702,11,940,83,9963,57,22327,93,32290,California
Mendocino,2021-03-28,26,53939,5,27276,17,25719,4,944,4,9949,22,22349,8,32298,California
Mendocino,2021-03-29,187,54126,98,27374,47,25766,42,986,96,9996,91,22440,138,32436,California
Mendocino,2021-03-30,683,54809,598,27972,48,25814,37,1023,420,10191,262,22702,457,32893,California
Mendocino,2021-03-31,848,55657,270,28242,519,26333,59,1082,408,10220,438,23140,467,33360,California
Mendocino,2021-04-01,1643,57300,395,28637,1185,27518,63,1145,378,9402,1258,24398,440,33800,California
Mendocino,2021-04-02,1280,58580,1053,29690,154,27672,73,1218,224,8646,1053,25451,297,34097,California
Mendocino,2021-04-03,706,59286,7,29697,678,28350,21,1239,88,8141,614,26065,109,34206,California
Mendocino,2021-04-04,68,59354,33,29730,29,28379,6,1245,53,8185,15,26080,59,34265,California
Mendocino,2021-04-05,195,59549,132,29862,41,28420,22,1267,123,8256,72,26152,143,34408,California
Mendocino,2021-04-06,337,59886,120,29982,140,28560,77,1344,103,8202,234,26386,180,34588,California
Mendocino,2021-04-07,408,60294,131,30113,69,28629,208,1552,112,8227,295,26681,320,34908,California
Mendocino,2021-04-08,1407,61701,883,30996,422,29051,102,1654,972,8873,429,27110,1075,35983,California
Mendocino,2021-04-09,596,62297,351,31347,104,29155,141,1795,317,9052,279,27389,458,36441,California
Mendocino,2021-04-10,12,62309,2,31349,3,29158,7,1802,4,9055,8,27397,11,36452,California
Merced,2020-12-16,3,3,3,3,0,0,0,0,3,3,0,0,3,3,California
Merced,2020-12-17,5,8,5,8,0,0,0,0,5,8,0,0,5,8,California
Merced,2020-12-18,144,152,144,152,0,0,0,0,144,152,0,0,144,152,California
Merced,2020-12-19,38,190,38,190,0,0,0,0,38,190,0,0,38,190,California
Merced,2020-12-20,17,207,17,207,0,0,0,0,17,207,0,0,17,207,California
Merced,2020-12-21,129,336,126,333,3,3,0,0,129,336,0,0,129,336,California
Merced,2020-12-22,162,498,162,495,0,3,0,0,162,498,0,0,162,498,California
Merced,2020-12-23,304,802,289,784,15,18,0,0,304,802,0,0,304,802,California
Merced,2020-12-24,71,873,71,855,0,18,0,0,71,873,0,0,71,873,California
Merced,2020-12-25,5,878,5,860,0,18,0,0,5,878,0,0,5,878,California
Merced,2020-12-26,7,885,4,864,3,21,0,0,7,885,0,0,7,885,California
Merced,2020-12-27,12,897,11,875,1,22,0,0,12,897,0,0,12,897,California
Merced,2020-12-28,124,1021,100,975,24,46,0,0,124,1021,0,0,124,1021,California
Merced,2020-12-29,189,1210,135,1110,54,100,0,0,189,1210,0,0,189,1210,California
Merced,2020-12-30,239,1449,93,1203,146,246,0,0,238,1448,0,0,238,1448,California
Merced,2020-12-31,126,1575,39,1242,87,333,0,0,123,1571,0,0,123,1571,California
Merced,2021-01-01,1,1576,0,1242,1,334,0,0,1,1572,0,0,1,1572,California
Merced,2021-01-02,128,1704,117,1359,11,345,0,0,129,1701,0,0,129,1701,California
Merced,2021-01-03,9,1713,5,1364,4,349,0,0,9,1710,0,0,9,1710,California
Merced,2021-01-04,84,1797,41,1405,43,392,0,0,84,1794,0,0,84,1794,California
Merced,2021-01-05,320,2117,231,1636,89,481,0,0,321,2111,6,6,323,2117,California
Merced,2021-01-06,271,2388,97,1733,174,655,0,0,266,2371,6,12,266,2383,California
Merced,2021-01-07,191,2579,79,1812,112,767,0,0,191,2551,11,23,191,2574,California
Merced,2021-01-08,541,3120,399,2211,142,909,0,0,398,2800,149,172,398,2972,California
Merced,2021-01-09,23,3143,10,2221,13,922,0,0,17,2811,6,178,17,2989,California
Merced,2021-01-10,10,3153,6,2227,4,926,0,0,6,2813,4,182,6,2995,California
Merced,2021-01-11,245,3398,169,2396,76,1002,0,0,118,2806,126,308,119,3114,California
Merced,2021-01-12,311,3709,161,2557,150,1152,0,0,258,3008,56,364,258,3372,California
Merced,2021-01-13,450,4159,232,2789,218,1370,0,0,237,3040,207,571,239,3611,California
Merced,2021-01-14,353,4512,213,3002,140,1510,0,0,182,3054,170,741,184,3795,California
Merced,2021-01-15,684,5196,149,3151,535,2045,0,0,661,3678,39,780,663,4458,California
Merced,2021-01-16,243,5439,152,3303,91,2136,0,0,238,3911,5,785,238,4696,California
Merced,2021-01-17,48,5487,11,3314,37,2173,0,0,47,3957,1,786,47,4743,California
Merced,2021-01-18,329,5816,155,3469,174,2347,0,0,307,4245,22,808,310,5053,California
Merced,2021-01-19,732,6548,583,4052,149,2496,0,0,550,4617,182,990,554,5607,California
Merced,2021-01-20,592,7140,484,4536,108,2604,0,0,528,5083,64,1054,530,6137,California
Merced,2021-01-21,1057,8197,687,5223,370,2974,0,0,955,5938,103,1157,958,7095,California
Merced,2021-01-22,1392,9589,711,5934,681,3655,0,0,1368,7292,26,1183,1380,8475,California
Merced,2021-01-23,306,9895,184,6118,122,3777,0,0,203,7390,105,1288,203,8678,California
Merced,2021-01-24,32,9927,15,6133,17,3794,0,0,23,7405,8,1296,23,8701,California
Merced,2021-01-25,780,10707,270,6403,510,4304,0,0,703,8049,59,1355,703,9404,California
Merced,2021-01-26,944,11651,480,6883,464,4768,0,0,688,8529,209,1564,689,10093,California
Merced,2021-01-27,1029,12680,583,7466,446,5214,0,0,840,9207,162,1726,840,10933,California
Merced,2021-01-28,1202,13882,586,8052,616,5830,0,0,1044,10118,134,1860,1045,11978,California
Merced,2021-01-29,907,14789,339,8391,568,6398,0,0,650,10527,244,2104,653,12631,California
Merced,2021-01-30,286,15075,27,8418,259,6657,0,0,270,10781,16,2120,270,12901,California
Merced,2021-01-31,47,15122,10,8428,37,6694,0,0,46,10826,1,2121,46,12947,California
Merced,2021-02-01,373,15495,51,8479,322,7016,0,0,322,11098,50,2171,322,13269,California
Merced,2021-02-02,291,15786,180,8659,111,7127,0,0,172,11154,117,2288,173,13442,California
Merced,2021-02-03,395,16181,71,8730,324,7451,0,0,200,11159,195,2483,200,13642,California
Merced,2021-02-04,429,16610,158,8888,271,7722,0,0,273,11280,153,2636,274,13916,California
Merced,2021-02-05,623,17233,215,9103,408,8130,0,0,321,11314,289,2925,323,14239,California
Merced,2021-02-06,443,17676,248,9351,195,8325,0,0,270,11413,171,3096,270,14509,California
Merced,2021-02-07,20,17696,12,9363,8,8333,0,0,13,11419,7,3103,13,14522,California
Merced,2021-02-08,320,18016,218,9581,102,8435,0,0,180,11463,137,3240,181,14703,California
Merced,2021-02-09,1277,19293,963,10544,314,8749,0,0,804,11812,456,3696,805,15508,California
Merced,2021-02-10,1920,21213,1434,11978,486,9235,0,0,1335,12569,578,4274,1335,16843,California
Merced,2021-02-11,2609,23822,2042,14020,567,9802,0,0,1856,13678,747,5021,1856,18699,California
Merced,2021-02-12,1890,25712,1060,15080,830,10632,0,0,837,13474,1041,6062,837,19536,California
Merced,2021-02-13,363,26075,202,15282,161,10793,0,0,267,13647,96,6158,269,19805,California
Merced,2021-02-14,117,26192,27,15309,90,10883,0,0,95,13721,22,6180,96,19901,California
Merced,2021-02-15,273,26465,41,15350,232,11115,0,0,169,13792,99,6279,170,20071,California
Merced,2021-02-16,1288,27753,863,16213,425,11540,0,0,862,14251,406,6685,865,20936,California
Merced,2021-02-17,1945,29698,1676,17889,269,11809,0,0,1369,15058,564,7249,1371,22307,California
Merced,2021-02-18,1312,31010,853,18742,459,12268,0,0,456,14685,829,8078,456,22763,California
Merced,2021-02-19,1322,32332,439,19181,883,13151,0,0,574,14519,742,8820,576,23339,California
Merced,2021-02-20,274,32606,32,19213,242,13393,0,0,142,14530,131,8951,142,23481,California
Merced,2021-02-21,72,32678,57,19270,15,13408,0,0,28,14514,44,8995,28,23509,California
Merced,2021-02-22,921,33599,373,19643,548,13956,0,0,576,14746,344,9339,576,24085,California
Merced,2021-02-23,1181,34780,487,20130,694,14650,0,0,734,15037,443,9782,734,24819,California
Merced,2021-02-24,849,35629,301,20431,548,15198,0,0,465,15127,375,10157,465,25284,California
Merced,2021-02-25,1914,37543,955,21386,959,16157,0,0,1438,16104,462,10619,1439,26723,California
Merced,2021-02-26,2349,39892,1503,22889,846,17003,0,0,1923,17600,428,11047,1924,28647,California
Merced,2021-02-27,2757,42649,1171,24060,1586,18589,0,0,2447,19741,306,11353,2447,31094,California
Merced,2021-02-28,331,42980,70,24130,261,18850,0,0,286,19983,44,11397,286,31380,California
Merced,2021-03-01,1183,44163,276,24406,907,19757,0,0,855,20513,325,11722,855,32235,California
Merced,2021-03-02,1805,45968,916,25322,889,20646,0,0,1403,21530,386,12108,1403,33638,California
Merced,2021-03-03,2360,48328,1822,27144,537,21183,1,1,1566,22337,761,12869,1568,35206,California
Merced,2021-03-04,3099,51427,2435,29579,662,21845,2,3,2208,23575,972,13841,2210,37416,California
Merced,2021-03-05,2483,53910,1537,31116,923,22768,23,26,1871,24885,585,14426,1895,39311,California
Merced,2021-03-06,1250,55160,715,31831,514,23282,21,47,976,25605,277,14703,997,40308,California
Merced,2021-03-07,279,55439,61,31892,193,23475,25,72,250,25851,29,14732,275,40583,California
Merced,2021-03-08,1255,56694,623,32515,567,24042,65,137,1045,26750,210,14942,1109,41692,California
Merced,2021-03-09,1714,58408,1038,33553,563,24605,113,250,1151,27455,560,15502,1265,42957,California
Merced,2021-03-10,2905,61313,2018,35571,673,25278,214,464,1822,28416,1080,16582,2041,44998,California
Merced,2021-03-11,1945,63258,653,36224,1089,26367,203,667,1387,29480,551,17133,1615,46613,California
Merced,2021-03-12,2482,65740,1130,37354,1087,27454,265,932,1722,30718,760,17893,1998,48611,California
Merced,2021-03-13,752,66492,365,37719,145,27599,242,1174,446,31107,300,18193,689,49300,California
Merced,2021-03-14,246,66738,136,37855,80,27679,30,1204,148,31189,97,18290,179,49479,California
Merced,2021-03-15,1562,68300,526,38381,771,28450,265,1469,1035,31967,521,18811,1299,50778,California
Merced,2021-03-16,1556,69856,790,39171,543,28993,223,1692,1065,32773,482,19293,1288,52066,California
Merced,2021-03-17,2230,72086,1285,40456,764,29757,181,1873,1768,34270,454,19747,1951,54017,California
Merced,2021-03-18,2085,74171,1181,41637,747,30504,157,2030,1433,35228,644,20391,1602,55619,California
Merced,2021-03-19,3134,77305,1863,43500,1078,31582,193,2223,1729,35760,1394,21785,1926,57545,California
Merced,2021-03-20,2401,79706,1529,45029,533,32115,339,2562,1171,36048,1225,23010,1513,59058,California
Merced,2021-03-21,672,80378,340,45369,319,32434,13,2575,555,36502,117,23127,571,59629,California
Merced,2021-03-22,1117,81495,481,45850,552,32986,84,2659,729,36936,380,23507,814,60443,California
Merced,2021-03-23,1930,83425,1170,47020,696,33682,64,2723,1465,38003,463,23970,1530,61973,California
Merced,2021-03-24,1405,84830,840,47860,521,34203,44,2767,1050,38750,346,24316,1093,63066,California
Merced,2021-03-25,3476,88306,2446,50306,1008,35211,22,2789,2077,39459,1393,25709,2102,65168,California
Merced,2021-03-26,2138,90444,1281,51587,828,36039,29,2818,914,39187,1215,26924,943,66111,California
Merced,2021-03-27,2661,93105,1250,52837,1344,37383,67,2885,945,38492,1707,28631,1012,67123,California
Merced,2021-03-28,574,93679,206,53043,361,37744,7,2892,253,38433,321,28952,262,67385,California
Merced,2021-03-29,1639,95318,454,53497,938,38682,247,3139,652,38354,982,29934,903,68288,California
Merced,2021-03-30,2291,97609,856,54353,1377,40059,58,3197,1043,38212,1243,31177,1101,69389,California
Merced,2021-03-31,2390,99999,1650,56003,708,40767,32,3229,1047,37962,1330,32507,1080,70469,California
Merced,2021-04-01,2206,102205,1083,57086,1017,41784,106,3335,789,37447,1412,33919,897,71366,California
Merced,2021-04-02,2373,104578,739,57825,1436,43220,198,3533,949,37188,1409,35328,1150,72516,California
Merced,2021-04-03,895,105473,402,58227,483,43703,10,3543,458,37221,436,35764,469,72985,California
Merced,2021-04-04,455,105928,139,58366,313,44016,3,3546,195,37162,259,36023,200,73185,California
Merced,2021-04-05,1292,107220,517,58883,487,44503,288,3834,405,36969,886,36909,693,73878,California
Merced,2021-04-06,1911,109131,645,59528,729,45232,537,4371,700,36998,1210,38119,1239,75117,California
Merced,2021-04-07,1189,110320,386,59914,673,45905,130,4501,464,36878,719,38838,599,75716,California
Merced,2021-04-08,1222,111542,492,60406,566,46471,164,4665,552,36951,646,39484,719,76435,California
Merced,2021-04-09,1148,112690,455,60861,530,47001,163,4828,458,36897,677,40161,623,77058,California
Merced,2021-04-10,479,113169,262,61123,87,47088,130,4958,76,36702,402,40563,207,77265,California
Modoc,2020-12-16,1,1,1,1,0,0,0,0,1,1,0,0,1,1,California
Modoc,2020-12-21,100,101,100,101,0,0,0,0,100,101,0,0,100,101,California
Modoc,2020-12-22,14,115,14,115,0,0,0,0,14,115,0,0,14,115,California
Modoc,2020-12-23,4,119,4,119,0,0,0,0,4,119,0,0,4,119,California
Modoc,2020-12-24,1,120,1,120,0,0,0,0,1,120,0,0,1,120,California
Modoc,2020-12-28,2,122,2,122,0,0,0,0,2,122,0,0,2,122,California
Modoc,2020-12-29,10,132,1,123,9,9,0,0,10,132,0,0,10,132,California
Modoc,2020-12-30,7,139,0,123,7,16,0,0,7,139,0,0,7,139,California
Modoc,2021-01-02,2,141,0,123,2,18,0,0,2,141,0,0,2,141,California
Modoc,2021-01-04,8,149,0,123,8,26,0,0,8,149,0,0,8,149,California
Modoc,2021-01-05,2,151,1,124,1,27,0,0,2,151,0,0,2,151,California
Modoc,2021-01-06,3,154,2,126,1,28,0,0,2,152,1,1,2,153,California
Modoc,2021-01-07,72,226,0,126,72,100,0,0,72,224,0,1,72,225,California
Modoc,2021-01-08,105,331,0,126,105,205,0,0,105,329,0,1,105,330,California
Modoc,2021-01-10,1,332,1,127,0,205,0,0,0,328,1,2,0,330,California
Modoc,2021-01-11,92,424,83,210,9,214,0,0,19,274,73,75,19,349,California
Modoc,2021-01-12,94,518,25,235,69,283,0,0,68,316,26,101,68,417,California
Modoc,2021-01-13,24,542,4,239,20,303,0,0,22,336,2,103,22,439,California
Modoc,2021-01-14,129,671,6,245,123,426,0,0,124,455,5,108,124,563,California
Modoc,2021-01-15,6,677,1,246,5,431,0,0,6,461,0,108,6,569,California
Modoc,2021-01-16,1,678,1,247,0,431,0,0,1,462,0,108,1,570,California
Modoc,2021-01-18,1,679,1,248,0,431,0,0,1,463,0,108,1,571,California
Modoc,2021-01-19,5,684,3,251,2,433,0,0,3,464,2,110,3,574,California
Modoc,2021-01-20,11,695,1,252,10,443,0,0,11,475,0,110,11,585,California
Modoc,2021-01-21,158,853,2,254,156,599,0,0,158,633,0,110,158,743,California
Modoc,2021-01-22,2,855,0,254,2,601,0,0,2,635,0,110,2,745,California
Modoc,2021-01-25,11,866,0,254,11,612,0,0,11,646,0,110,11,756,California
Modoc,2021-01-26,65,931,1,255,64,676,0,0,65,711,0,110,65,821,California
Modoc,2021-01-27,41,972,2,257,39,715,0,0,25,720,16,126,25,846,California
Modoc,2021-01-28,144,1116,1,258,143,858,0,0,144,864,0,126,144,990,California
Modoc,2021-01-29,3,1119,1,259,2,860,0,0,3,867,0,126,3,993,California
Modoc,2021-02-01,25,1144,12,271,13,873,0,0,11,864,14,140,11,1004,California
Modoc,2021-02-02,170,1314,2,273,168,1041,0,0,167,1028,3,143,167,1171,California
Modoc,2021-02-03,18,1332,13,286,5,1046,0,0,11,1032,7,150,11,1182,California
Modoc,2021-02-04,155,1487,4,290,151,1197,0,0,27,931,128,278,27,1209,California
Modoc,2021-02-05,4,1491,3,293,1,1198,0,0,3,933,1,279,3,1212,California
Modoc,2021-02-08,9,1500,2,295,7,1205,0,0,8,940,1,280,8,1220,California
Modoc,2021-02-09,197,1697,13,308,184,1389,0,0,66,875,131,411,66,1286,California
Modoc,2021-02-10,5,1702,2,310,3,1392,0,0,4,878,1,412,4,1290,California
Modoc,2021-02-11,200,1902,3,313,197,1589,0,0,82,842,118,530,82,1372,California
Modoc,2021-02-12,5,1907,1,314,4,1593,0,0,3,843,2,532,3,1375,California
Modoc,2021-02-13,1,1908,0,314,1,1594,0,0,1,844,0,532,1,1376,California
Modoc,2021-02-16,147,2055,6,320,141,1735,0,0,143,983,4,536,143,1519,California
Modoc,2021-02-17,24,2079,1,321,23,1758,0,0,12,983,12,548,12,1531,California
Modoc,2021-02-18,189,2268,2,323,187,1945,0,0,25,846,163,711,26,1557,California
Modoc,2021-02-19,2,2270,2,325,0,1945,0,0,2,848,0,711,2,1559,California
Modoc,2021-02-20,1,2271,1,326,0,1945,0,0,1,849,0,711,1,1560,California
Modoc,2021-02-22,16,2287,8,334,8,1953,0,0,3,839,13,724,3,1563,California
Modoc,2021-02-23,21,2308,3,337,18,1971,0,0,1,820,20,744,1,1564,California
Modoc,2021-02-24,90,2398,1,338,89,2060,0,0,30,790,60,804,30,1594,California
Modoc,2021-02-25,168,2566,0,338,168,2228,0,0,12,646,156,960,12,1606,California
Modoc,2021-02-26,3,2569,0,338,3,2231,0,0,1,645,2,962,1,1607,California
Modoc,2021-02-27,5,2574,5,343,0,2231,0,0,2,644,3,965,2,1609,California
Modoc,2021-03-01,4,2578,0,343,4,2235,0,0,0,640,4,969,0,1609,California
Modoc,2021-03-02,193,2771,12,355,181,2416,0,0,26,499,167,1136,26,1635,California
Modoc,2021-03-03,12,2783,6,361,6,2422,0,0,2,491,10,1146,2,1637,California
Modoc,2021-03-04,175,2958,2,363,173,2595,0,0,148,612,27,1173,148,1785,California
Modoc,2021-03-05,4,2962,3,366,1,2596,0,0,2,612,2,1175,2,1787,California
Modoc,2021-03-06,10,2972,0,366,0,2596,10,10,0,612,10,1185,10,1797,California
Modoc,2021-03-07,6,2978,1,367,0,2596,5,15,1,613,5,1190,6,1803,California
Modoc,2021-03-08,7,2985,1,368,2,2598,4,19,1,612,6,1196,5,1808,California
Modoc,2021-03-09,127,3112,10,378,109,2707,8,27,61,615,66,1262,69,1877,California
Modoc,2021-03-10,9,3121,3,381,2,2709,4,31,4,618,5,1267,8,1885,California
Modoc,2021-03-11,205,3326,0,381,98,2807,107,138,22,564,183,1450,129,2014,California
Modoc,2021-03-12,10,3336,1,382,4,2811,5,143,4,567,6,1456,9,2023,California
Modoc,2021-03-13,4,3340,0,382,1,2812,3,146,1,568,3,1459,4,2027,California
Modoc,2021-03-15,12,3352,1,383,10,2822,1,147,10,577,2,1461,11,2038,California
Modoc,2021-03-16,173,3525,1,384,168,2990,4,151,42,491,131,1592,45,2083,California
Modoc,2021-03-17,10,3535,1,385,4,2994,5,156,2,490,8,1600,7,2090,California
Modoc,2021-03-18,66,3601,1,386,58,3052,7,163,34,499,32,1632,41,2131,California
Modoc,2021-03-19,5,3606,0,386,0,3052,5,168,0,499,5,1637,5,2136,California
Modoc,2021-03-20,6,3612,2,388,1,3053,3,171,1,498,5,1642,4,2140,California
Modoc,2021-03-21,4,3616,1,389,1,3054,2,173,2,500,2,1644,4,2144,California
Modoc,2021-03-22,18,3634,1,390,11,3065,6,179,12,512,6,1650,18,2162,California
Modoc,2021-03-23,32,3666,4,394,25,3090,3,182,24,531,8,1658,27,2189,California
Modoc,2021-03-24,29,3695,1,395,18,3108,10,192,2,516,27,1685,12,2201,California
Modoc,2021-03-25,64,3759,1,396,61,3169,2,194,32,518,32,1717,34,2235,California
Modoc,2021-03-26,7,3766,2,398,2,3171,3,197,2,518,5,1722,5,2240,California
Modoc,2021-03-27,2,3768,0,398,1,3172,1,198,1,519,1,1723,2,2242,California
Modoc,2021-03-28,2,3770,1,399,0,3172,1,199,0,518,2,1725,1,2243,California
Modoc,2021-03-29,14,3784,1,400,5,3177,8,207,5,522,9,1734,13,2256,California
Modoc,2021-03-30,56,3840,11,411,39,3216,6,213,23,518,33,1767,29,2285,California
Modoc,2021-03-31,9,3849,3,414,2,3218,4,217,3,519,6,1773,7,2292,California
Modoc,2021-04-01,170,4019,3,417,162,3380,5,222,35,424,135,1908,40,2332,California
Modoc,2021-04-02,5,4024,0,417,2,3382,3,225,1,425,3,1911,4,2336,California
Modoc,2021-04-03,4,4028,2,419,0,3382,2,227,2,427,2,1913,4,2340,California
Modoc,2021-04-05,9,4037,0,419,9,3391,0,227,9,436,0,1913,9,2349,California
Modoc,2021-04-06,22,4059,5,424,7,3398,10,237,4,432,18,1931,14,2363,California
Modoc,2021-04-07,11,4070,1,425,3,3401,7,244,2,432,9,1940,9,2372,California
Modoc,2021-04-08,96,4166,1,426,93,3494,2,246,26,390,70,2010,28,2400,California
Modoc,2021-04-09,10,4176,1,427,7,3501,2,248,3,387,7,2017,4,2404,California
Modoc,2021-04-10,1,4177,0,427,0,3501,1,249,0,387,1,2018,1,2405,California
Mono,2020-12-18,1,1,1,1,0,0,0,0,1,1,0,0,1,1,California
Mono,2020-12-19,5,6,5,6,0,0,0,0,5,6,0,0,5,6,California
Mono,2020-12-20,7,13,7,13,0,0,0,0,7,13,0,0,7,13,California
Mono,2020-12-21,24,37,17,30,7,7,0,0,24,37,0,0,24,37,California
Mono,2020-12-22,65,102,64,94,1,8,0,0,65,102,0,0,65,102,California
Mono,2020-12-23,70,172,42,136,28,36,0,0,70,172,0,0,70,172,California
Mono,2020-12-24,3,175,1,137,2,38,0,0,3,175,0,0,3,175,California
Mono,2020-12-26,3,178,3,140,0,38,0,0,3,178,0,0,3,178,California
Mono,2020-12-28,94,272,63,203,31,69,0,0,94,272,0,0,94,272,California
Mono,2020-12-29,29,301,29,232,0,69,0,0,29,301,0,0,29,301,California
Mono,2020-12-30,76,377,35,267,41,110,0,0,76,377,0,0,76,377,California
Mono,2020-12-31,4,381,1,268,3,113,0,0,4,381,0,0,4,381,California
Mono,2021-01-01,4,385,4,272,0,113,0,0,4,385,0,0,4,385,California
Mono,2021-01-02,1,386,1,273,0,113,0,0,1,386,0,0,1,386,California
Mono,2021-01-04,1,387,0,273,1,114,0,0,1,387,0,0,1,387,California
Mono,2021-01-05,45,432,2,275,43,157,0,0,44,430,1,1,44,431,California
Mono,2021-01-06,44,476,0,275,44,201,0,0,44,474,0,1,44,475,California
Mono,2021-01-07,55,531,3,278,52,253,0,0,54,527,1,2,54,529,California
Mono,2021-01-08,2,533,1,279,1,254,0,0,1,527,1,3,1,530,California
Mono,2021-01-09,4,537,4,283,0,254,0,0,0,523,4,7,0,530,California
Mono,2021-01-10,5,542,5,288,0,254,0,0,0,518,5,12,0,530,California
Mono,2021-01-11,7,549,4,292,3,257,0,0,3,517,4,16,3,533,California
Mono,2021-01-12,283,832,75,367,208,465,0,0,219,673,63,79,219,752,California
Mono,2021-01-13,233,1065,73,440,160,625,0,0,178,796,55,134,178,930,California
Mono,2021-01-14,73,1138,71,511,2,627,0,0,73,869,0,134,73,1003,California
Mono,2021-01-15,60,1198,2,513,58,685,0,0,60,929,0,134,60,1063,California
Mono,2021-01-16,4,1202,3,516,1,686,0,0,1,927,3,137,1,1064,California
Mono,2021-01-18,63,1265,54,570,9,695,0,0,2,868,61,198,2,1066,California
Mono,2021-01-19,209,1474,207,777,2,697,0,0,171,1002,38,236,172,1238,California
Mono,2021-01-20,231,1705,200,977,31,728,0,0,170,1111,61,297,170,1408,California
Mono,2021-01-21,3,1708,3,980,0,728,0,0,3,1114,0,297,3,1411,California
Mono,2021-01-22,4,1712,0,980,4,732,0,0,4,1118,0,297,4,1415,California
Mono,2021-01-23,598,2310,598,1578,0,732,0,0,598,1716,0,297,598,2013,California
Mono,2021-01-25,205,2515,167,1745,38,770,0,0,166,1843,39,336,166,2179,California
Mono,2021-01-26,504,3019,502,2247,2,772,0,0,499,2337,5,341,499,2678,California
Mono,2021-01-27,5,3024,1,2248,4,776,0,0,5,2342,0,341,5,2683,California
Mono,2021-01-28,7,3031,3,2251,4,780,0,0,3,2341,4,345,3,2686,California
Mono,2021-01-30,201,3232,199,2450,2,782,0,0,201,2542,0,345,201,2887,California
Mono,2021-01-31,243,3475,138,2588,105,887,0,0,139,2577,104,449,139,3026,California
Mono,2021-02-01,27,3502,27,2615,0,887,0,0,0,2550,27,476,0,3026,California
Mono,2021-02-02,5,3507,0,2615,5,892,0,0,2,2549,3,479,2,3028,California
Mono,2021-02-03,3,3510,1,2616,2,894,0,0,1,2548,2,481,1,3029,California
Mono,2021-02-04,211,3721,158,2774,53,947,0,0,90,2517,121,602,90,3119,California
Mono,2021-02-05,623,4344,617,3391,6,953,0,0,620,3134,3,605,620,3739,California
Mono,2021-02-06,140,4484,139,3530,1,954,0,0,138,3270,2,607,138,3877,California
Mono,2021-02-07,2,4486,0,3530,2,956,0,0,2,3272,0,607,2,3879,California
Mono,2021-02-08,172,4658,172,3702,0,956,0,0,15,3131,156,763,15,3894,California
Mono,2021-02-09,226,4884,5,3707,221,1177,0,0,14,2933,212,975,14,3908,California
Mono,2021-02-10,535,5419,184,3891,351,1528,0,0,196,2790,339,1314,196,4104,California
Mono,2021-02-11,6,5425,4,3895,2,1530,0,0,1,2786,5,1319,1,4105,California
Mono,2021-02-12,84,5509,20,3915,64,1594,0,0,26,2754,58,1377,26,4131,California
Mono,2021-02-13,589,6098,589,4504,0,1594,0,0,25,2215,564,1941,25,4156,California
Mono,2021-02-15,169,6267,167,4671,2,1596,0,0,4,2056,163,2104,4,4160,California
Mono,2021-02-16,520,6787,517,5188,3,1599,0,0,44,1626,474,2578,44,4204,California
Mono,2021-02-17,5,6792,1,5189,4,1603,0,0,1,1623,4,2582,1,4205,California
Mono,2021-02-18,2,6794,2,5191,0,1603,0,0,1,1623,1,2583,1,4206,California
Mono,2021-02-19,54,6848,53,5244,1,1604,0,0,54,1677,0,2583,54,4260,California
Mono,2021-02-20,4,6852,4,5248,0,1604,0,0,4,1681,0,2583,4,4264,California
Mono,2021-02-21,3,6855,3,5251,0,1604,0,0,3,1684,0,2583,3,4267,California
Mono,2021-02-22,285,7140,284,5535,1,1605,0,0,24,1448,260,2843,24,4291,California
Mono,2021-02-23,135,7275,115,5650,20,1625,0,0,22,1357,113,2956,22,4313,California
Mono,2021-02-24,7,7282,2,5652,5,1630,0,0,2,1354,5,2961,2,4315,California
Mono,2021-02-25,6,7288,3,5655,3,1633,0,0,3,1356,1,2962,3,4318,California
Mono,2021-02-26,603,7891,602,6257,1,1634,0,0,20,794,582,3544,20,4338,California
Mono,2021-02-27,142,8033,138,6395,4,1638,0,0,4,663,135,3679,4,4342,California
Mono,2021-02-28,1,8034,1,6396,0,1638,0,0,1,664,0,3679,1,4343,California
Mono,2021-03-01,2,8036,2,6398,0,1638,0,0,1,665,0,3679,1,4344,California
Mono,2021-03-02,5,8041,3,6401,2,1640,0,0,3,666,2,3681,3,4347,California
Mono,2021-03-03,81,8122,2,6403,79,1719,0,0,78,742,2,3683,78,4425,California
Mono,2021-03-04,4,8126,0,6403,4,1723,0,0,2,742,2,3685,2,4427,California
Mono,2021-03-05,37,8163,27,6430,10,1733,0,0,14,733,23,3708,14,4441,California
Mono,2021-03-06,510,8673,16,6446,494,2227,0,0,504,1232,5,3713,504,4945,California
Mono,2021-03-07,1,8674,0,6446,1,2228,0,0,0,1231,1,3714,0,4945,California
Mono,2021-03-08,544,9218,11,6457,530,2758,3,3,535,1760,9,3723,538,5483,California
Mono,2021-03-09,7,9225,2,6459,4,2762,1,4,4,1763,2,3725,5,5488,California
Mono,2021-03-10,286,9511,91,6550,192,2954,3,7,10,1501,275,4000,13,5501,California
Mono,2021-03-11,10,9521,0,6550,1,2955,9,16,0,1500,10,4010,9,5510,California
Mono,2021-03-12,6,9527,1,6551,1,2956,4,20,0,1498,6,4016,4,5514,California
Mono,2021-03-13,828,10355,392,6943,436,3392,0,20,820,2310,8,4024,820,6334,California
Mono,2021-03-14,4,10359,4,6947,0,3392,0,20,1,2308,3,4027,1,6335,California
Mono,2021-03-15,29,10388,23,6970,1,3393,5,25,13,2310,16,4043,18,6353,California
Mono,2021-03-16,16,10404,6,6976,4,3397,6,31,8,2316,8,4051,14,6367,California
Mono,2021-03-17,33,10437,4,6980,21,3418,8,39,22,2335,11,4062,30,6397,California
Mono,2021-03-18,19,10456,2,6982,9,3427,8,47,8,2340,11,4073,16,6413,California
Mono,2021-03-19,22,10478,1,6983,18,3445,3,50,18,2358,3,4076,21,6434,California
Mono,2021-03-20,5,10483,4,6987,0,3445,1,51,4,2362,1,4077,5,6439,California
Mono,2021-03-21,1,10484,1,6988,0,3445,0,51,1,2363,0,4077,1,6440,California
Mono,2021-03-22,11,10495,0,6988,6,3451,5,56,5,2367,6,4083,10,6450,California
Mono,2021-03-23,42,10537,5,6993,32,3483,5,61,19,2368,23,4106,24,6474,California
Mono,2021-03-24,12,10549,1,6994,6,3489,5,66,6,2373,6,4112,11,6485,California
Mono,2021-03-25,18,10567,2,6996,12,3501,4,70,12,2383,6,4118,16,6501,California
Mono,2021-03-26,21,10588,3,6999,13,3514,5,75,12,2392,8,4126,17,6518,California
Mono,2021-03-27,354,10942,351,7350,3,3517,0,75,329,2696,25,4151,329,6847,California
Mono,2021-03-28,1,10943,1,7351,0,3517,0,75,1,2697,0,4151,1,6848,California
Mono,2021-03-29,10,10953,3,7354,6,3523,1,76,9,2706,1,4152,10,6858,California
Mono,2021-03-30,15,10968,0,7354,11,3534,4,80,10,2715,5,4157,14,6872,California
Mono,2021-03-31,121,11089,7,7361,113,3647,1,81,45,2686,75,4232,46,6918,California
Mono,2021-04-01,7,11096,0,7361,6,3653,1,82,2,2684,5,4237,3,6921,California
Mono,2021-04-02,17,11113,2,7363,15,3668,0,82,6,2679,11,4248,6,6927,California
Mono,2021-04-03,850,11963,367,7730,483,4151,0,82,35,1900,814,5062,35,6962,California
Mono,2021-04-05,535,12498,17,7747,517,4668,1,83,32,1432,501,5563,33,6995,California
Mono,2021-04-06,25,12523,4,7751,9,4677,12,95,7,1433,18,5581,19,7014,California
Mono,2021-04-07,23,12546,9,7760,3,4680,11,106,10,1441,13,5594,21,7035,California
Mono,2021-04-08,21,12567,4,7764,1,4681,16,122,4,1444,17,5611,20,7055,California
Mono,2021-04-09,20,12587,3,7767,1,4682,16,138,1,1442,19,5630,17,7072,California
Mono,2021-04-10,432,13019,1,7768,430,5112,1,139,24,1059,408,6038,25,7097,California
Monterey,2020-12-16,4,4,4,4,0,0,0,0,4,4,0,0,4,4,California
Monterey,2020-12-17,82,86,82,86,0,0,0,0,82,86,0,0,82,86,California
Monterey,2020-12-18,481,567,481,567,0,0,0,0,481,567,0,0,481,567,California
Monterey,2020-12-19,579,1146,579,1146,0,0,0,0,579,1146,0,0,579,1146,California
Monterey,2020-12-20,422,1568,422,1568,0,0,0,0,422,1568,0,0,422,1568,California
Monterey,2020-12-21,720,2288,720,2288,0,0,0,0,720,2288,0,0,720,2288,California
Monterey,2020-12-22,533,2821,520,2808,13,13,0,0,533,2821,0,0,533,2821,California
Monterey,2020-12-23,435,3256,259,3067,176,189,0,0,435,3256,0,0,435,3256,California
Monterey,2020-12-24,84,3340,10,3077,74,263,0,0,84,3340,0,0,84,3340,California
Monterey,2020-12-25,6,3346,0,3077,6,269,0,0,6,3346,0,0,6,3346,California
Monterey,2020-12-26,92,3438,5,3082,87,356,0,0,92,3438,0,0,92,3438,California
Monterey,2020-12-27,7,3445,4,3086,3,359,0,0,7,3445,0,0,7,3445,California
Monterey,2020-12-28,477,3922,25,3111,452,811,0,0,477,3922,0,0,477,3922,California
Monterey,2020-12-29,899,4821,167,3278,732,1543,0,0,899,4821,0,0,899,4821,California
Monterey,2020-12-30,568,5389,98,3376,470,2013,0,0,568,5389,0,0,568,5389,California
Monterey,2020-12-31,35,5424,11,3387,24,2037,0,0,35,5424,0,0,35,5424,California
Monterey,2021-01-01,11,5435,2,3389,9,2046,0,0,11,5435,0,0,11,5435,California
Monterey,2021-01-02,137,5572,134,3523,3,2049,0,0,137,5572,0,0,137,5572,California
Monterey,2021-01-03,30,5602,29,3552,1,2050,0,0,30,5602,0,0,30,5602,California
Monterey,2021-01-04,410,6012,18,3570,392,2442,0,0,410,6012,0,0,410,6012,California
Monterey,2021-01-05,750,6762,326,3896,424,2866,0,0,736,6734,14,14,736,6748,California
Monterey,2021-01-06,655,7417,172,4068,483,3349,0,0,633,7345,22,36,633,7381,California
Monterey,2021-01-07,743,8160,570,4638,173,3522,0,0,420,7444,321,357,420,7801,California
Monterey,2021-01-08,1085,9245,733,5371,352,3874,0,0,393,7145,692,1049,393,8194,California
Monterey,2021-01-09,963,10208,935,6306,28,3902,0,0,313,6808,650,1699,313,8507,California
Monterey,2021-01-10,272,10480,269,6575,3,3905,0,0,7,6550,265,1964,7,8514,California
Monterey,2021-01-11,1064,11544,984,7559,80,3985,0,0,361,6208,703,2667,361,8875,California
Monterey,2021-01-12,463,12007,387,7946,76,4061,0,0,202,6149,261,2928,202,9077,California
Monterey,2021-01-13,1217,13224,590,8536,627,4688,0,0,1173,7278,44,2972,1173,10250,California
Monterey,2021-01-14,1046,14270,93,8629,953,5641,0,0,1028,8291,18,2990,1031,11281,California
Monterey,2021-01-15,1037,15307,43,8672,994,6635,0,0,1024,9302,13,3003,1024,12305,California
Monterey,2021-01-16,359,15666,296,8968,63,6698,0,0,354,9651,5,3008,354,12659,California
Monterey,2021-01-17,312,15978,290,9258,22,6720,0,0,299,9937,13,3021,299,12958,California
Monterey,2021-01-18,401,16379,50,9308,351,7071,0,0,380,10296,21,3042,380,13338,California
Monterey,2021-01-19,574,16953,394,9702,180,7251,0,0,416,10556,156,3198,416,13754,California
Monterey,2021-01-20,530,17483,268,9970,262,7513,0,0,324,10674,206,3404,324,14078,California
Monterey,2021-01-21,839,18322,92,10062,747,8260,0,0,729,11297,110,3514,733,14811,California
Monterey,2021-01-22,1046,19368,191,10253,855,9115,0,0,1007,12265,39,3553,1007,15818,California
Monterey,2021-01-23,240,19608,174,10427,66,9181,0,0,117,12261,122,3675,118,15936,California
Monterey,2021-01-24,56,19664,38,10465,18,9199,0,0,22,12249,34,3709,22,15958,California
Monterey,2021-01-25,781,20445,173,10638,608,9807,0,0,154,11783,620,4329,154,16112,California
Monterey,2021-01-26,923,21368,221,10859,702,10509,0,0,233,11326,690,5019,233,16345,California
Monterey,2021-01-27,858,22226,307,11166,551,11060,0,0,376,11220,482,5501,376,16721,California
Monterey,2021-01-28,2004,24230,734,11900,1270,12330,0,0,1663,12544,341,5842,1665,18386,California
Monterey,2021-01-29,1224,25454,704,12604,520,12850,0,0,1109,13540,114,5956,1110,19496,California
Monterey,2021-01-30,432,25886,285,12889,147,12997,0,0,181,13470,251,6207,181,19677,California
Monterey,2021-01-31,491,26377,69,12958,422,13419,0,0,482,13944,9,6216,483,20160,California
Monterey,2021-02-01,1658,28035,1146,14104,512,13931,0,0,1097,14481,560,6776,1097,21257,California
Monterey,2021-02-02,2144,30179,454,14558,1690,15621,0,0,1538,15413,606,7382,1538,22795,California
Monterey,2021-02-03,2328,32507,1046,15604,1282,16903,0,0,1553,16195,771,8153,1553,24348,California
Monterey,2021-02-04,2700,35207,2021,17625,679,17582,0,0,2439,18375,259,8412,2439,26787,California
Monterey,2021-02-05,3636,38843,2819,20444,817,18399,0,0,3206,21156,425,8837,3206,29993,California
Monterey,2021-02-06,1096,39939,379,20823,717,19116,0,0,755,21572,339,9176,755,30748,California
Monterey,2021-02-07,316,40255,272,21095,44,19160,0,0,95,21446,221,9397,95,30843,California
Monterey,2021-02-08,514,40769,289,21384,225,19385,0,0,429,21790,85,9482,429,31272,California
Monterey,2021-02-09,856,41625,673,22057,183,19568,0,0,546,22028,310,9792,548,31820,California
Monterey,2021-02-10,2009,43634,1041,23098,968,20536,0,0,1160,22339,849,10641,1160,32980,California
Monterey,2021-02-11,2490,46124,964,24062,1526,22062,0,0,1538,22929,950,11591,1540,34520,California
Monterey,2021-02-12,2582,48706,426,24488,2156,24218,0,0,1522,23392,1059,12650,1522,36042,California
Monterey,2021-02-13,1070,49776,49,24537,1021,25239,0,0,979,24280,91,12741,979,37021,California
Monterey,2021-02-14,585,50361,73,24610,512,25751,0,0,511,24717,74,12815,511,37532,California
Monterey,2021-02-15,1344,51705,138,24748,1206,26957,0,0,974,25323,369,13184,975,38507,California
Monterey,2021-02-16,1086,52791,241,24989,845,27802,0,0,866,25969,220,13404,866,39373,California
Monterey,2021-02-17,1932,54723,1160,26149,772,28574,0,0,1634,27310,296,13700,1637,41010,California
Monterey,2021-02-18,2218,56941,1174,27323,1044,29618,0,0,904,26913,1304,15004,907,41917,California
Monterey,2021-02-19,2928,59869,1529,28852,1399,31017,0,0,1340,26665,1588,16592,1340,43257,California
Monterey,2021-02-20,999,60868,601,29453,398,31415,0,0,947,27561,51,16643,947,44204,California
Monterey,2021-02-21,1236,62104,1208,30661,28,31443,0,0,1170,28666,65,16708,1170,45374,California
Monterey,2021-02-22,971,63075,841,31502,130,31573,0,0,639,28974,331,17039,639,46013,California
Monterey,2021-02-23,948,64023,616,32118,332,31905,0,0,300,28628,647,17686,301,46314,California
Monterey,2021-02-24,2450,66473,1308,33426,1142,33047,0,0,1844,29871,602,18288,1845,48159,California
Monterey,2021-02-25,4337,70810,2393,35819,1944,34991,0,0,1445,28432,2885,21173,1446,49605,California
Monterey,2021-02-26,5242,76052,3082,38901,2160,37151,0,0,2621,28437,2617,23790,2622,52227,California
Monterey,2021-02-27,991,77043,181,39082,810,37961,0,0,803,29056,184,23974,803,53030,California
Monterey,2021-02-28,1525,78568,82,39164,1443,39404,0,0,1066,29667,455,24429,1066,54096,California
Monterey,2021-03-01,1271,79839,137,39301,1131,40535,3,3,741,29883,528,24957,744,54840,California
Monterey,2021-03-02,2716,82555,1713,41014,1003,41538,0,3,1872,30915,840,25797,1872,56712,California
Monterey,2021-03-03,3148,85703,1228,42242,1920,43458,0,3,1260,30290,1886,27683,1261,57973,California
Monterey,2021-03-04,4536,90239,1463,43705,3073,46531,0,3,2975,31708,1557,29240,2975,60948,California
Monterey,2021-03-05,3245,93484,1417,45122,1555,48086,273,276,2621,33979,623,29863,2894,63842,California
Monterey,2021-03-06,4911,98395,1063,46185,3596,51682,252,528,4057,37437,852,30715,4310,68152,California
Monterey,2021-03-07,516,98911,106,46291,164,51846,246,774,227,37620,289,31004,472,68624,California
Monterey,2021-03-08,1606,100517,324,46615,936,52782,346,1120,1109,38577,497,31501,1454,70078,California
Monterey,2021-03-09,1896,102413,673,47288,948,53730,275,1395,1411,39778,483,31984,1684,71762,California
Monterey,2021-03-10,2907,105320,869,48157,1554,55284,484,1879,1358,40076,1544,33528,1842,73604,California
Monterey,2021-03-11,4089,109409,1402,49559,2324,57608,363,2242,2338,41033,1744,35272,2701,76305,California
Monterey,2021-03-12,4208,113617,2006,51565,2096,59704,106,2348,2595,42121,1612,36884,2700,79005,California
Monterey,2021-03-13,5019,118636,958,52523,3715,63419,346,2694,3750,44948,1269,38153,4096,83101,California
Monterey,2021-03-14,2132,120768,1325,53848,783,64202,24,2718,576,44002,1546,39699,600,83701,California
Monterey,2021-03-15,3927,124695,1262,55110,2375,66577,290,3008,2243,44855,1679,41378,2532,86233,California
Monterey,2021-03-16,3452,128147,566,55676,2514,69091,372,3380,2054,45884,1397,42775,2426,88659,California
Monterey,2021-03-17,5642,133789,2305,57981,3088,72179,249,3629,4071,48647,1563,44338,4326,92985,California
Monterey,2021-03-18,4304,138093,2144,60125,1992,74171,168,3797,2986,50528,1313,45651,3194,96179,California
Monterey,2021-03-19,5319,143412,2542,62667,2635,76806,142,3939,4073,53502,1241,46892,4215,100394,California
Monterey,2021-03-20,3115,146527,418,63085,2003,78809,694,4633,2039,55165,1070,47962,2733,103127,California
Monterey,2021-03-21,618,147145,198,63283,413,79222,7,4640,553,55661,64,48026,560,103687,California
Monterey,2021-03-22,2434,149579,1421,64704,952,80174,61,4701,2241,57772,190,48216,2301,105988,California
Monterey,2021-03-23,3961,153540,2345,67049,1574,81748,42,4743,2508,58874,1448,49664,2550,108538,California
Monterey,2021-03-24,4915,158455,2059,69108,2547,84295,309,5052,3607,61486,1304,50968,3916,112454,California
Monterey,2021-03-25,5129,163584,1202,70310,3570,87865,357,5409,2583,61890,2537,53505,2941,115395,California
Monterey,2021-03-26,5280,168864,2596,72906,2618,90483,66,5475,2845,62377,2426,55931,2913,118308,California
Monterey,2021-03-27,4628,173492,1411,74317,2961,93444,256,5731,2923,63856,1700,57631,3179,121487,California
Monterey,2021-03-28,1102,174594,337,74654,757,94201,8,5739,626,64019,471,58102,634,122121,California
Monterey,2021-03-29,3189,177783,1429,76083,1746,95947,14,5753,1976,64806,1206,59308,1993,124114,California
Monterey,2021-03-30,4427,182210,2130,78213,2260,98207,37,5790,2747,65925,1669,60977,2788,126902,California
Monterey,2021-03-31,5260,187470,2365,80578,2103,100310,792,6582,3332,68126,1924,62901,4125,131027,California
Monterey,2021-04-01,6015,193485,2069,82647,3543,103853,403,6985,3031,68589,2970,65871,3433,134460,California
Monterey,2021-04-02,4669,198154,2254,84901,2357,106210,58,7043,3304,70591,1362,67233,3364,137824,California
Monterey,2021-04-03,5184,203338,1113,86014,3507,109717,564,7607,1211,68404,3962,71195,1775,139599,California
Monterey,2021-04-04,757,204095,162,86176,583,110300,12,7619,493,68647,264,71459,507,140106,California
Monterey,2021-04-05,4010,208105,2504,88680,1278,111578,228,7847,1536,67943,2469,73928,1765,141871,California
Monterey,2021-04-06,2998,211103,1316,89996,1277,112855,405,8252,1104,67563,1887,75815,1507,143378,California
Monterey,2021-04-07,4924,216027,1399,91395,3159,116014,366,8618,2534,68084,2379,78194,2900,146278,California
Monterey,2021-04-08,5993,222020,3366,94761,2062,118076,565,9183,3080,68823,2906,81100,3645,149923,California
Monterey,2021-04-09,4506,226526,3049,97810,1194,119270,263,9446,1926,68437,2575,83675,2189,152112,California
Monterey,2021-04-10,5237,231763,3646,101456,663,119933,928,10374,3688,71505,1548,85223,4616,156728,California
Napa,2020-12-16,12,12,12,12,0,0,0,0,12,12,0,0,12,12,California
Napa,2020-12-17,44,56,44,56,0,0,0,0,44,56,0,0,44,56,California
Napa,2020-12-18,102,158,102,158,0,0,0,0,102,158,0,0,102,158,California
Napa,2020-12-19,221,379,221,379,0,0,0,0,221,379,0,0,221,379,California
Napa,2020-12-20,189,568,189,568,0,0,0,0,189,568,0,0,189,568,California
Napa,2020-12-21,309,877,309,877,0,0,0,0,310,878,0,0,310,878,California
Napa,2020-12-22,338,1215,329,1206,9,9,0,0,338,1216,0,0,338,1216,California
Napa,2020-12-23,429,1644,320,1526,109,118,0,0,429,1645,0,0,429,1645,California
Napa,2020-12-24,138,1782,77,1603,61,179,0,0,138,1783,0,0,138,1783,California
Napa,2020-12-25,1,1783,1,1604,0,179,0,0,1,1784,0,0,1,1784,California
Napa,2020-12-26,39,1822,11,1615,28,207,0,0,39,1823,0,0,39,1823,California
Napa,2020-12-27,32,1854,16,1631,16,223,0,0,32,1855,0,0,32,1855,California
Napa,2020-12-28,249,2103,184,1815,65,288,0,0,277,2132,0,0,277,2132,California
Napa,2020-12-29,275,2378,216,2031,59,347,0,0,309,2441,0,0,309,2441,California
Napa,2020-12-30,630,3008,486,2517,144,491,0,0,638,3079,0,0,638,3079,California
Napa,2020-12-31,461,3469,373,2890,88,579,0,0,461,3540,0,0,461,3540,California
Napa,2021-01-01,1,3470,1,2891,0,579,0,0,1,3541,0,0,1,3541,California
Napa,2021-01-02,97,3567,92,2983,5,584,0,0,97,3638,0,0,97,3638,California
Napa,2021-01-03,12,3579,10,2993,2,586,0,0,9,3647,0,0,9,3647,California
Napa,2021-01-04,107,3686,64,3057,43,629,0,0,107,3754,0,0,107,3754,California
Napa,2021-01-05,155,3841,85,3142,70,699,0,0,138,3868,24,24,138,3892,California
Napa,2021-01-06,456,4297,114,3256,342,1041,0,0,392,4198,62,86,392,4284,California
Napa,2021-01-07,485,4782,222,3478,263,1304,0,0,385,4484,99,185,385,4669,California
Napa,2021-01-08,442,5224,227,3705,215,1519,0,0,262,4567,179,364,262,4931,California
Napa,2021-01-09,325,5549,299,4004,26,1545,0,0,188,4618,137,501,188,5119,California
Napa,2021-01-10,184,5733,101,4105,83,1628,0,0,109,4652,75,576,109,5228,California
Napa,2021-01-11,878,6611,422,4527,456,2084,0,0,506,4787,373,949,508,5736,California
Napa,2021-01-12,1309,7920,370,4897,939,3023,0,0,994,5466,315,1264,994,6730,California
Napa,2021-01-13,1310,9230,264,5161,1046,4069,0,0,1148,6454,161,1425,1149,7879,California
Napa,2021-01-14,1048,10278,171,5332,877,4946,0,0,932,7272,114,1539,932,8811,California
Napa,2021-01-15,1449,11727,382,5714,1067,6013,0,0,1301,8418,156,1695,1302,10113,California
Napa,2021-01-16,354,12081,133,5847,221,6234,0,0,336,8736,18,1713,336,10449,California
Napa,2021-01-17,339,12420,175,6022,164,6398,0,0,329,9055,10,1723,329,10778,California
Napa,2021-01-18,1081,13501,196,6218,885,7283,0,0,990,9954,91,1814,990,11768,California
Napa,2021-01-19,1009,14510,406,6624,603,7886,0,0,766,10478,242,2056,766,12534,California
Napa,2021-01-20,825,15335,185,6809,640,8526,0,0,643,10941,180,2236,643,13177,California
Napa,2021-01-21,1332,16667,373,7182,959,9485,0,0,1077,11765,254,2490,1078,14255,California
Napa,2021-01-22,1538,18205,411,7593,1127,10612,0,0,1211,12651,326,2816,1212,15467,California
Napa,2021-01-23,396,18601,316,7909,80,10692,0,0,335,12925,61,2877,335,15802,California
Napa,2021-01-24,265,18866,189,8098,76,10768,0,0,207,13074,58,2935,207,16009,California
Napa,2021-01-25,1520,20386,231,8329,1289,12057,0,0,1430,14414,90,3025,1430,17439,California
Napa,2021-01-26,877,21263,283,8612,594,12651,0,0,783,15104,94,3119,784,18223,California
Napa,2021-01-27,623,21886,219,8831,404,13055,0,0,468,15417,155,3274,468,18691,California
Napa,2021-01-28,378,22264,166,8997,212,13267,0,0,199,15438,178,3452,199,18890,California
Napa,2021-01-29,252,22516,64,9061,188,13455,0,0,157,15500,95,3547,157,19047,California
Napa,2021-01-30,804,23320,695,9756,109,13564,0,0,640,15976,164,3711,640,19687,California
Napa,2021-01-31,656,23976,626,10382,30,13594,0,0,630,16580,26,3737,630,20317,California
Napa,2021-02-01,312,24288,108,10490,204,13798,0,0,160,16588,152,3889,160,20477,California
Napa,2021-02-02,589,24877,280,10770,309,14107,0,0,288,16577,299,4188,288,20765,California
Napa,2021-02-03,736,25613,310,11080,426,14533,0,0,425,16691,311,4499,425,21190,California
Napa,2021-02-04,790,26403,374,11454,416,14949,0,0,442,16787,346,4845,442,21632,California
Napa,2021-02-05,703,27106,312,11766,391,15340,0,0,337,16758,366,5211,337,21969,California
Napa,2021-02-06,429,27535,143,11909,286,15626,0,0,325,16979,104,5315,325,22294,California
Napa,2021-02-07,173,27708,160,12069,13,15639,0,0,70,16946,103,5418,70,22364,California
Napa,2021-02-08,830,28538,190,12259,640,16279,0,0,269,16657,558,5976,269,22633,California
Napa,2021-02-09,1072,29610,440,12699,632,16911,0,0,432,16449,640,6616,432,23065,California
Napa,2021-02-10,1713,31323,189,12888,1524,18435,0,0,447,15634,1263,7879,448,23513,California
Napa,2021-02-11,1494,32817,194,13082,1300,19735,0,0,410,14973,1072,8951,411,23924,California
Napa,2021-02-12,2152,34969,834,13916,1318,21053,0,0,718,14260,1431,10382,718,24642,California
Napa,2021-02-13,492,35461,51,13967,441,21494,0,0,311,14391,181,10563,312,24954,California
Napa,2021-02-14,356,35817,91,14058,265,21759,0,0,195,14427,161,10724,197,25151,California
Napa,2021-02-15,876,36693,185,14243,691,22450,0,0,223,14000,650,11374,223,25374,California
Napa,2021-02-16,1287,37980,600,14843,687,23137,0,0,614,13942,672,12046,614,25988,California
Napa,2021-02-17,1047,39027,531,15374,516,23653,0,0,481,13858,565,12611,481,26469,California
Napa,2021-02-18,1896,40923,484,15858,1412,25065,0,0,660,13285,1233,13844,660,27129,California
Napa,2021-02-19,1479,42402,586,16444,893,25958,0,0,679,13165,799,14643,679,27808,California
Napa,2021-02-20,817,43219,593,17037,224,26182,0,0,270,12888,547,15190,270,28078,California
Napa,2021-02-21,797,44016,736,17773,61,26243,0,0,195,12481,602,15792,195,28273,California
Napa,2021-02-22,440,44456,185,17958,255,26498,0,0,138,12317,302,16094,138,28411,California
Napa,2021-02-23,1124,45580,301,18259,823,27321,0,0,307,11807,817,16911,307,28718,California
Napa,2021-02-24,1160,46740,641,18900,519,27840,0,0,573,11796,585,17496,574,29292,California
Napa,2021-02-25,2538,49278,1211,20111,1327,29167,0,0,1824,12908,712,18208,1824,31116,California
Napa,2021-02-26,1497,50775,521,20632,976,30143,0,0,585,12583,910,19118,585,31701,California
Napa,2021-02-27,1098,51873,361,20993,737,30880,0,0,846,13179,250,19368,846,32547,California
Napa,2021-02-28,560,52433,459,21452,101,30981,0,0,461,13543,97,19465,461,33008,California
Napa,2021-03-01,1097,53530,815,22267,282,31263,0,0,831,14109,265,19730,831,33839,California
Napa,2021-03-02,1478,55008,1023,23290,455,31718,0,0,1145,14922,332,20062,1145,34984,California
Napa,2021-03-03,1520,56528,679,23969,841,32559,0,0,1344,16091,175,20237,1344,36328,California
Napa,2021-03-04,1701,58229,777,24746,924,33483,0,0,1464,17321,234,20471,1464,37792,California
Napa,2021-03-05,1885,60114,778,25524,1103,34586,4,4,1472,18386,411,20882,1476,39268,California
Napa,2021-03-06,624,60738,279,25803,315,34901,30,34,516,18826,106,20988,546,39814,California
Napa,2021-03-07,517,61255,320,26123,182,35083,15,49,366,19056,151,21139,381,40195,California
Napa,2021-03-08,690,61945,319,26442,319,35402,52,101,516,19452,172,21311,568,40763,California
Napa,2021-03-09,1633,63578,571,27013,1016,36418,46,147,1204,20276,426,21737,1250,42013,California
Napa,2021-03-10,1468,65046,913,27926,463,36881,92,239,774,20450,692,22429,866,42879,California
Napa,2021-03-11,1814,66860,1037,28963,651,37532,126,365,921,20606,891,23320,1047,43926,California
Napa,2021-03-12,1486,68346,904,29867,488,38020,94,459,791,20796,694,24014,884,44810,California
Napa,2021-03-13,1149,69495,299,30166,826,38846,24,483,822,21317,325,24339,846,45656,California
Napa,2021-03-14,608,70103,329,30495,130,38976,149,632,226,21311,381,24720,375,46031,California
Napa,2021-03-15,941,71044,402,30897,471,39447,68,700,476,21392,463,25183,544,46575,California
Napa,2021-03-16,1808,72852,389,31286,1293,40740,126,826,1348,22411,456,25639,1475,48050,California
Napa,2021-03-17,2465,75317,1841,33127,445,41185,179,1005,1564,23253,901,26540,1743,49793,California
Napa,2021-03-18,2100,77417,913,34040,1177,42362,10,1015,1290,23745,808,27348,1300,51093,California
Napa,2021-03-19,1427,78844,856,34896,544,42906,27,1042,710,23768,714,28062,737,51830,California
Napa,2021-03-20,994,79838,530,35426,311,43217,153,1195,422,23772,571,28633,575,52405,California
Napa,2021-03-21,704,80542,682,36108,20,43237,2,1197,354,23779,349,28982,356,52761,California
Napa,2021-03-22,1078,81620,900,37008,167,43404,11,1208,476,23666,600,29582,487,53248,California
Napa,2021-03-23,1500,83120,813,37821,670,44074,17,1225,998,24181,500,30082,1015,54263,California
Napa,2021-03-24,1685,84805,932,38753,745,44819,8,1233,812,24129,872,30954,820,55083,California
Napa,2021-03-25,1592,86397,1043,39796,495,45314,54,1287,736,24064,855,31809,790,55873,California
Napa,2021-03-26,1239,87636,805,40601,428,45742,6,1293,546,23926,690,32499,552,56425,California
Napa,2021-03-27,945,88581,434,41035,484,46226,27,1320,315,23638,630,33129,342,56767,California
Napa,2021-03-28,481,89062,372,41407,103,46329,6,1326,182,23528,299,33428,189,56956,California
Napa,2021-03-29,1158,90220,856,42263,297,46626,5,1331,710,23796,447,33875,715,57671,California
Napa,2021-03-30,2329,92549,927,43190,1399,48025,3,1334,1551,24572,778,34653,1554,59225,California
Napa,2021-03-31,1954,94503,955,44145,930,48955,69,1403,819,24325,1133,35786,886,60111,California
Napa,2021-04-01,1696,96199,810,44955,771,49726,115,1518,465,23679,1227,37013,581,60692,California
Napa,2021-04-02,1780,97979,809,45764,829,50555,142,1660,452,22949,1324,38337,594,61286,California
Napa,2021-04-03,623,98602,361,46125,203,50758,59,1719,214,22813,409,38746,273,61559,California
Napa,2021-04-04,347,98949,139,46264,150,50908,58,1777,119,22762,228,38974,177,61736,California
Napa,2021-04-05,1261,100210,757,47021,285,51193,219,1996,570,22861,690,39664,789,62525,California
Napa,2021-04-06,1592,101802,558,47579,780,51973,254,2250,519,22564,1070,40734,773,63298,California
Napa,2021-04-07,1690,103492,669,48248,793,52766,228,2478,500,22105,1186,41920,727,64025,California
Napa,2021-04-08,1651,105143,991,49239,300,53066,360,2838,867,22551,780,42700,1226,65251,California
Napa,2021-04-09,1110,106253,737,49976,177,53243,196,3034,527,22693,580,43280,722,65973,California
Napa,2021-04-10,480,106733,157,50133,301,53544,22,3056,114,22464,365,43645,136,66109,California
Nevada,2020-12-16,3,3,3,3,0,0,0,0,3,3,0,0,3,3,California
Nevada,2020-12-17,6,9,6,9,0,0,0,0,6,9,0,0,6,9,California
Nevada,2020-12-18,51,60,51,60,0,0,0,0,51,60,0,0,51,60,California
Nevada,2020-12-19,55,115,55,115,0,0,0,0,55,115,0,0,55,115,California
Nevada,2020-12-20,12,127,12,127,0,0,0,0,12,127,0,0,12,127,California
Nevada,2020-12-21,69,196,69,196,0,0,0,0,69,196,0,0,69,196,California
Nevada,2020-12-22,91,287,89,285,2,2,0,0,91,287,0,0,91,287,California
Nevada,2020-12-23,234,521,202,487,32,34,0,0,234,521,0,0,234,521,California
Nevada,2020-12-24,13,534,11,498,2,36,0,0,13,534,0,0,13,534,California
Nevada,2020-12-25,2,536,2,500,0,36,0,0,2,536,0,0,2,536,California
Nevada,2020-12-26,6,542,4,504,2,38,0,0,6,542,0,0,6,542,California
Nevada,2020-12-27,88,630,88,592,0,38,0,0,88,630,0,0,88,630,California
Nevada,2020-12-28,170,800,93,685,77,115,0,0,170,800,0,0,170,800,California
Nevada,2020-12-29,100,900,74,759,26,141,0,0,100,900,0,0,100,900,California
Nevada,2020-12-30,85,985,66,825,19,160,0,0,85,985,0,0,85,985,California
Nevada,2020-12-31,39,1024,9,834,30,190,0,0,39,1024,0,0,39,1024,California
Nevada,2021-01-01,1,1025,0,834,1,191,0,0,1,1025,0,0,1,1025,California
Nevada,2021-01-02,1,1026,1,835,0,191,0,0,1,1026,0,0,1,1026,California
Nevada,2021-01-03,129,1155,126,961,3,194,0,0,129,1155,0,0,129,1155,California
Nevada,2021-01-04,71,1226,47,1008,24,218,0,0,71,1226,0,0,71,1226,California
Nevada,2021-01-05,272,1498,130,1138,142,360,0,0,271,1496,1,1,271,1497,California
Nevada,2021-01-06,91,1589,43,1181,48,408,0,0,83,1571,8,9,83,1580,California
Nevada,2021-01-07,215,1804,43,1224,172,580,0,0,208,1774,6,15,209,1789,California
Nevada,2021-01-08,220,2024,126,1350,94,674,0,0,169,1892,51,66,169,1958,California
Nevada,2021-01-09,63,2087,56,1406,7,681,0,0,15,1859,48,114,15,1973,California
Nevada,2021-01-10,17,2104,9,1415,8,689,0,0,9,1860,8,122,9,1982,California
Nevada,2021-01-11,185,2289,131,1546,54,743,0,0,57,1789,128,250,57,2039,California
Nevada,2021-01-12,599,2888,453,1999,146,889,0,0,533,2256,66,316,533,2572,California
Nevada,2021-01-13,259,3147,146,2145,113,1002,0,0,124,2245,135,451,124,2696,California
Nevada,2021-01-14,232,3379,124,2269,108,1110,0,0,214,2442,17,468,214,2910,California
Nevada,2021-01-15,392,3771,168,2437,224,1334,0,0,294,2638,98,566,294,3204,California
Nevada,2021-01-16,295,4066,15,2452,280,1614,0,0,291,2925,4,570,291,3495,California
Nevada,2021-01-17,35,4101,31,2483,4,1618,0,0,33,2956,2,572,33,3528,California
Nevada,2021-01-18,148,4249,40,2523,108,1726,0,0,139,3086,9,581,139,3667,California
Nevada,2021-01-19,234,4483,85,2608,149,1875,0,0,215,3282,19,600,215,3882,California
Nevada,2021-01-20,258,4741,153,2761,105,1980,0,0,245,3514,13,613,245,4127,California
Nevada,2021-01-21,336,5077,207,2968,129,2109,0,0,323,3824,13,626,323,4450,California
Nevada,2021-01-22,342,5419,209,3177,133,2242,0,0,311,4104,31,657,311,4761,California
Nevada,2021-01-23,176,5595,104,3281,72,2314,0,0,176,4280,0,657,176,4937,California
Nevada,2021-01-24,105,5700,98,3379,7,2321,0,0,66,4307,39,696,66,5003,California
Nevada,2021-01-25,264,5964,136,3515,128,2449,0,0,203,4449,61,757,203,5206,California
Nevada,2021-01-26,398,6362,141,3656,257,2706,0,0,297,4645,101,858,297,5503,California
Nevada,2021-01-27,409,6771,242,3898,167,2873,0,0,385,5006,24,882,385,5888,California
Nevada,2021-01-28,459,7230,312,4210,147,3020,0,0,417,5382,41,923,417,6305,California
Nevada,2021-01-29,593,7823,388,4598,205,3225,0,0,570,5930,23,946,571,6876,California
Nevada,2021-01-30,230,8053,103,4701,127,3352,0,0,227,6154,3,949,227,7103,California
Nevada,2021-01-31,103,8156,87,4788,16,3368,0,0,103,6257,0,949,103,7206,California
Nevada,2021-02-01,290,8446,70,4858,220,3588,0,0,276,6519,14,963,276,7482,California
Nevada,2021-02-02,508,8954,171,5029,337,3925,0,0,319,6649,189,1152,319,7801,California
Nevada,2021-02-03,805,9759,569,5598,236,4161,0,0,755,7355,49,1201,755,8556,California
Nevada,2021-02-04,742,10501,393,5991,349,4510,0,0,494,7602,247,1448,494,9050,California
Nevada,2021-02-05,641,11142,362,6353,279,4789,0,0,454,7871,185,1633,454,9504,California
Nevada,2021-02-06,270,11412,84,6437,186,4975,0,0,243,8087,27,1660,243,9747,California
Nevada,2021-02-07,244,11656,191,6628,53,5028,0,0,190,8223,54,1714,190,9937,California
Nevada,2021-02-08,650,12306,407,7035,243,5271,0,0,551,8675,99,1813,551,10488,California
Nevada,2021-02-09,604,12910,338,7373,266,5537,0,0,466,9003,138,1951,466,10954,California
Nevada,2021-02-10,647,13557,323,7696,324,5861,0,0,418,9193,229,2180,419,11373,California
Nevada,2021-02-11,867,14424,501,8197,366,6227,0,0,539,9405,327,2507,539,11912,California
Nevada,2021-02-12,925,15349,433,8630,492,6719,0,0,611,9703,313,2820,611,12523,California
Nevada,2021-02-13,592,15941,233,8863,359,7078,0,0,386,9888,202,3022,387,12910,California
Nevada,2021-02-14,228,16169,119,8982,109,7187,0,0,200,10060,28,3050,200,13110,California
Nevada,2021-02-15,702,16871,437,9419,265,7452,0,0,534,10426,168,3218,534,13644,California
Nevada,2021-02-16,612,17483,198,9617,414,7866,0,0,453,10721,158,3376,453,14097,California
Nevada,2021-02-17,1177,18660,761,10378,416,8282,0,0,860,11264,317,3693,860,14957,California
Nevada,2021-02-18,995,19655,544,10922,451,8733,0,0,599,11468,395,4088,599,15556,California
Nevada,2021-02-19,1002,20657,627,11549,375,9108,0,0,651,11769,351,4439,652,16208,California
Nevada,2021-02-20,294,20951,103,11652,191,9299,0,0,172,11820,121,4560,172,16380,California
Nevada,2021-02-21,89,21040,84,11736,5,9304,0,0,9,11749,80,4640,9,16389,California
Nevada,2021-02-22,491,21531,326,12062,165,9469,0,0,347,11953,143,4783,347,16736,California
Nevada,2021-02-23,458,21989,211,12273,247,9716,0,0,206,11910,249,5032,206,16942,California
Nevada,2021-02-24,473,22462,236,12509,237,9953,0,0,251,11941,222,5254,253,17195,California
Nevada,2021-02-25,856,23318,465,12974,391,10344,0,0,429,11945,425,5679,429,17624,California
Nevada,2021-02-26,1231,24549,881,13855,350,10694,0,0,409,11535,819,6498,409,18033,California
Nevada,2021-02-27,349,24898,109,13964,240,10934,0,0,179,11544,170,6668,179,18212,California
Nevada,2021-02-28,263,25161,152,14116,111,11045,0,0,122,11525,141,6809,122,18334,California
Nevada,2021-03-01,813,25974,419,14535,394,11439,0,0,348,11409,464,7273,348,18682,California
Nevada,2021-03-02,697,26671,259,14794,438,11877,0,0,477,11670,216,7489,477,19159,California
Nevada,2021-03-03,934,27605,481,15275,453,12330,0,0,470,11677,463,7952,470,19629,California
Nevada,2021-03-04,1092,28697,612,15887,480,12810,0,0,459,11506,630,8582,459,20088,California
Nevada,2021-03-05,808,29505,449,16336,349,13159,10,10,353,11416,453,9035,363,20451,California
Nevada,2021-03-06,344,29849,113,16449,208,13367,23,33,136,11367,208,9243,159,20610,California
Nevada,2021-03-07,208,30057,110,16559,78,13445,20,53,66,11310,142,9385,85,20695,California
Nevada,2021-03-08,799,30856,538,17097,218,13663,43,96,355,11266,443,9828,399,21094,California
Nevada,2021-03-09,652,31508,310,17407,292,13955,50,146,357,11378,294,10122,406,21500,California
Nevada,2021-03-10,951,32459,602,18009,292,14247,57,203,317,11121,631,10753,374,21874,California
Nevada,2021-03-11,1083,33542,712,18721,346,14593,25,228,534,11137,543,11296,559,22433,California
Nevada,2021-03-12,1179,34721,724,19445,424,15017,31,259,506,11001,672,11968,536,22969,California
Nevada,2021-03-13,254,34975,50,19495,199,15216,5,264,90,10932,163,12131,94,23063,California
Nevada,2021-03-14,153,35128,22,19517,126,15342,5,269,31,10846,122,12253,36,23099,California
Nevada,2021-03-15,837,35965,451,19968,374,15716,12,281,355,10733,480,12733,367,23466,California
Nevada,2021-03-16,993,36958,464,20432,468,16184,61,342,645,11092,347,13080,706,24172,California
Nevada,2021-03-17,1005,37963,444,20876,551,16735,10,352,578,11256,424,13504,588,24760,California
Nevada,2021-03-18,963,38926,526,21402,414,17149,23,375,475,11270,484,13988,498,25258,California
Nevada,2021-03-19,743,39669,436,21838,276,17425,31,406,349,11257,393,14381,380,25638,California
Nevada,2021-03-20,816,40485,92,21930,303,17728,421,827,233,11331,577,14958,651,26289,California
Nevada,2021-03-21,58,40543,31,21961,26,17754,1,828,41,11356,17,14975,42,26331,California
Nevada,2021-03-22,800,41343,515,22476,280,18034,5,833,544,11651,254,15229,549,26880,California
Nevada,2021-03-23,850,42193,384,22860,440,18474,26,859,642,12114,205,15434,668,27548,California
Nevada,2021-03-24,1011,43204,536,23396,468,18942,7,866,645,12404,362,15796,652,28200,California
Nevada,2021-03-25,885,44089,447,23843,412,19354,26,892,487,12517,398,16194,511,28711,California
Nevada,2021-03-26,1137,45226,431,24274,670,20024,36,928,828,13075,306,16500,864,29575,California
Nevada,2021-03-27,558,45784,69,24343,473,20497,16,944,387,13307,171,16671,403,29978,California
Nevada,2021-03-28,169,45953,49,24392,107,20604,13,957,38,13228,130,16801,51,30029,California
Nevada,2021-03-29,819,46772,503,24895,294,20898,22,979,393,13219,424,17225,415,30444,California
Nevada,2021-03-30,1038,47810,472,25367,532,21430,34,1013,540,13301,492,17717,574,31018,California
Nevada,2021-03-31,1163,48973,658,26025,488,21918,17,1030,710,13584,444,18161,727,31745,California
Nevada,2021-04-01,1224,50197,716,26741,455,22373,53,1083,554,13524,667,18828,607,32352,California
Nevada,2021-04-02,1271,51468,648,27389,587,22960,36,1119,763,13818,505,19333,799,33151,California
Nevada,2021-04-03,272,51740,75,27464,159,23119,38,1157,79,13742,193,19526,117,33268,California
Nevada,2021-04-04,126,51866,41,27505,78,23197,7,1164,77,13777,49,19575,84,33352,California
Nevada,2021-04-05,908,52774,587,28092,300,23497,21,1185,600,14093,305,19880,621,33973,California
Nevada,2021-04-06,1056,53830,663,28755,255,23752,138,1323,467,14114,584,20464,605,34578,California
Nevada,2021-04-07,1104,54934,790,29545,237,23989,77,1400,578,14249,519,20983,654,35232,California
Nevada,2021-04-08,1157,56091,806,30351,281,24270,70,1470,645,14455,509,21492,715,35947,California
Nevada,2021-04-09,810,56901,509,30860,255,24525,46,1516,573,14837,237,21729,619,36566,California
Nevada,2021-04-10,98,56999,16,30876,72,24597,10,1526,60,14869,38,21767,70,36636,California
Orange,2020-12-15,16,16,16,16,0,0,0,0,16,16,0,0,16,16,California
Orange,2020-12-16,367,383,367,383,0,0,0,0,367,383,0,0,367,383,California
Orange,2020-12-17,3715,4098,3715,4098,0,0,0,0,3714,4097,0,0,3714,4097,California
Orange,2020-12-18,5030,9128,5023,9121,7,7,0,0,5029,9126,0,0,5029,9126,California
Orange,2020-12-19,2224,11352,2217,11338,7,14,0,0,2223,11349,0,0,2223,11349,California
Orange,2020-12-20,1970,13322,1968,13306,2,16,0,0,1971,13320,0,0,1971,13320,California
Orange,2020-12-21,4238,17560,4232,17538,6,22,0,0,4238,17558,0,0,4238,17558,California
Orange,2020-12-22,3972,21532,3939,21477,33,55,0,0,3972,21530,0,0,3972,21530,California
Orange,2020-12-23,3548,25080,3195,24672,353,408,0,0,3550,25080,0,0,3550,25080,California
Orange,2020-12-24,1371,26451,1075,25747,296,704,0,0,1371,26451,0,0,1371,26451,California
Orange,2020-12-25,16,26467,11,25758,5,709,0,0,16,26467,0,0,16,26467,California
Orange,2020-12-26,1016,27483,421,26179,595,1304,0,0,1016,27483,0,0,1016,27483,California
Orange,2020-12-27,580,28063,274,26453,306,1610,0,0,580,28063,0,0,580,28063,California
Orange,2020-12-28,3529,31592,2561,29014,968,2578,0,0,3529,31592,0,0,3529,31592,California
Orange,2020-12-29,3561,35153,2564,31578,997,3575,0,0,3560,35151,1,1,3560,35152,California
Orange,2020-12-30,5115,40268,3552,35130,1563,5138,0,0,5115,40266,0,1,5115,40267,California
Orange,2020-12-31,1454,41722,757,35887,697,5835,0,0,1454,41720,0,1,1454,41721,California
Orange,2021-01-01,439,42161,244,36131,195,6030,0,0,438,42157,1,2,438,42159,California
Orange,2021-01-02,1395,43556,893,37024,502,6532,0,0,1395,43552,0,2,1395,43554,California
Orange,2021-01-03,563,44119,312,37336,251,6783,0,0,563,44115,0,2,563,44117,California
Orange,2021-01-04,2708,46827,1556,38892,1152,7935,0,0,2709,46823,1,3,2709,46826,California
Orange,2021-01-05,3499,50326,2285,41177,1214,9149,0,0,3087,49508,405,408,3090,49916,California
Orange,2021-01-06,4971,55297,3456,44633,1515,10664,0,0,3602,51754,1356,1764,3602,53518,California
Orange,2021-01-07,9224,64521,5141,49774,4083,14747,0,0,5667,53880,3544,5308,5670,59188,California
Orange,2021-01-08,9365,73886,5227,55001,4138,18885,0,0,5631,55789,3724,9032,5633,64821,California
Orange,2021-01-09,4979,78865,1729,56730,3250,22135,0,0,3703,58216,1276,10308,3703,68524,California
Orange,2021-01-10,4227,83092,1039,57769,3188,25323,0,0,3348,60690,878,11186,3352,71876,California
Orange,2021-01-11,9405,92497,4875,62644,4530,29853,0,0,5803,62889,3605,14791,5804,77680,California
Orange,2021-01-12,8768,101265,4707,67351,4061,33914,0,0,5314,64751,3452,18243,5314,82994,California
Orange,2021-01-13,10202,111467,4880,72231,5322,39236,0,0,7013,68586,3185,21428,7020,90014,California
Orange,2021-01-14,9933,121400,3760,75991,6173,45409,0,0,8351,75362,1580,23008,8356,98370,California
Orange,2021-01-15,10127,131527,2610,78601,7517,52926,0,0,9256,83745,878,23886,9261,107631,California
Orange,2021-01-16,8691,140218,2090,80691,6601,59527,0,0,8306,91670,385,24271,8310,115941,California
Orange,2021-01-17,8147,148365,1486,82177,6661,66188,0,0,8003,99538,144,24415,8012,123953,California
Orange,2021-01-18,9738,158103,4452,86629,5286,71474,0,0,7499,104797,2242,26657,7501,131454,California
Orange,2021-01-19,7457,165560,5406,92035,2051,73525,0,0,4833,107007,2624,29281,4834,136288,California
Orange,2021-01-20,8239,173799,5796,97831,2443,75968,0,0,5193,109159,3047,32328,5199,141487,California
Orange,2021-01-21,10823,184622,4800,102631,6023,81991,0,0,10036,118417,786,33114,10044,151531,California
Orange,2021-01-22,13551,198173,5068,107699,8483,90474,0,0,12727,130336,816,33930,12735,164266,California
Orange,2021-01-23,13093,211266,6165,113864,6928,97402,0,0,12127,141507,964,34894,12135,176401,California
Orange,2021-01-24,9797,221063,4281,118145,5516,102918,0,0,9483,150681,312,35206,9486,185887,California
Orange,2021-01-25,10397,231460,5836,123981,4561,107479,0,0,7692,155678,2700,37906,7697,193584,California
Orange,2021-01-26,11822,243282,7679,131660,4143,111622,0,0,9692,163246,2127,40033,9695,203279,California
Orange,2021-01-27,13352,256634,7979,139639,5373,116995,0,0,10689,171286,2652,42685,10692,213971,California
Orange,2021-01-28,12963,269597,7157,146796,5806,122801,0,0,11123,180587,1829,44514,11130,225101,California
Orange,2021-01-29,13539,283136,8388,155184,5151,127952,0,0,10698,188461,2829,47343,10703,235804,California
Orange,2021-01-30,12903,296039,4438,159622,8465,136417,0,0,12184,199942,705,48048,12186,247990,California
Orange,2021-01-31,13713,309752,4950,164572,8763,145180,0,0,13286,212810,422,48470,13290,261280,California
Orange,2021-02-01,13945,323697,5731,170303,8214,153394,0,0,11980,222845,1949,50419,11984,273264,California
Orange,2021-02-02,15365,339062,8358,178661,7007,160401,0,0,12632,232857,2623,53042,12635,285899,California
Orange,2021-02-03,16685,355747,12543,191204,4142,164543,0,0,13695,243643,2914,55956,13700,299599,California
Orange,2021-02-04,19719,375466,12882,204086,6837,171380,0,0,14657,253277,5030,60986,14664,314263,California
Orange,2021-02-05,20692,396158,11971,216057,8721,180101,0,0,14443,261512,6211,67197,14446,328709,California
Orange,2021-02-06,16296,412454,10769,226826,5527,185628,0,0,11052,267554,5228,72425,11270,339979,California
Orange,2021-02-07,11517,423971,8089,234915,3428,189056,0,0,7547,271317,3955,76380,7718,347697,California
Orange,2021-02-08,14784,438755,8453,243368,6331,195387,0,0,8822,274205,5936,82316,8824,356521,California
Orange,2021-02-09,17602,456357,11992,255360,5610,200997,0,0,10735,278149,6795,89111,10739,367260,California
Orange,2021-02-10,20868,477225,11142,266502,9726,210723,0,0,12676,282733,8099,97210,12683,379943,California
Orange,2021-02-11,21950,499175,11364,277866,10586,221309,0,0,12364,285656,9460,106670,12383,392326,California
Orange,2021-02-12,24695,523870,11877,289743,12818,234127,0,0,14606,290231,10036,116706,14611,406937,California
Orange,2021-02-13,21643,545513,11567,301310,10076,244203,0,0,11096,291624,10347,127053,11740,418677,California
Orange,2021-02-14,16169,561682,6580,307890,9589,253792,0,0,9554,294590,6590,133643,9556,428233,California
Orange,2021-02-15,17131,578813,7394,315284,9737,263529,0,0,8890,295289,8201,141844,8900,437133,California
Orange,2021-02-16,19886,598699,8970,324254,10916,274445,0,0,10730,296927,9119,150963,10757,447890,California
Orange,2021-02-17,17643,616342,9201,333455,8442,282887,0,0,9167,297689,8437,159400,9199,457089,California
Orange,2021-02-18,14587,630929,9576,343031,5011,287898,0,0,6762,296680,7780,167180,6771,463860,California
Orange,2021-02-19,17651,648580,10714,353745,6937,294835,0,0,6878,292840,10729,177909,6889,470749,California
Orange,2021-02-20,7364,655944,5556,359301,1808,296643,0,0,3730,292962,3617,181526,3739,474488,California
Orange,2021-02-21,4302,660246,3627,362928,675,297318,0,0,769,290233,3503,185029,774,475262,California
Orange,2021-02-22,9557,669803,7817,370745,1740,299058,0,0,3882,288477,5652,190681,3896,479158,California
Orange,2021-02-23,13104,682907,7122,377867,5982,305040,0,0,3526,282493,9526,200207,3542,482700,California
Orange,2021-02-24,20872,703779,12592,390459,8280,313320,0,0,5363,272419,15456,215663,5382,488082,California
Orange,2021-02-25,22406,726185,12100,402559,10306,323626,0,0,8023,266133,14325,229988,8039,496121,California
Orange,2021-02-26,27515,753700,13929,416488,13586,337212,0,0,11141,261025,16274,246262,11166,507287,California
Orange,2021-02-27,24879,778579,10039,426527,14838,352050,2,2,7278,250806,17513,263775,7294,514581,California
Orange,2021-02-28,18918,797497,7297,433824,11621,363671,0,2,4839,241665,13996,277771,4855,519436,California
Orange,2021-03-01,18224,815721,8319,442143,9903,373574,2,4,7049,237610,11118,288889,7063,526499,California
Orange,2021-03-02,14730,830451,7155,449298,7574,381148,1,5,8663,240263,6036,294925,8689,535188,California
Orange,2021-03-03,19615,850066,9133,458431,10480,391628,2,7,10391,241515,9161,304086,10413,545601,California
Orange,2021-03-04,20871,870937,12060,470491,8799,400427,12,19,11006,242725,9832,313918,11042,556643,California
Orange,2021-03-05,19257,890194,9924,480415,9290,409717,43,62,11944,247483,7282,321200,12040,568683,California
Orange,2021-03-06,19098,909292,10359,490774,7883,417600,856,918,10116,249516,8962,330162,10995,579678,California
Orange,2021-03-07,14680,923972,8267,499041,6041,423641,372,1290,8562,252382,6088,336250,8954,588632,California
Orange,2021-03-08,16014,939986,7352,506393,7407,431048,1255,2545,10320,258331,5659,341909,11608,600240,California
Orange,2021-03-09,19482,959468,8472,514865,8590,439638,2420,4965,11207,263726,8241,350150,13636,613876,California
Orange,2021-03-10,23715,983183,11635,526500,8943,448581,3137,8102,11989,267171,11682,361832,15127,629003,California
Orange,2021-03-11,28509,1011692,15554,542054,8925,457506,4030,12132,13266,269300,15169,377001,17298,646301,California
Orange,2021-03-12,28746,1040438,14079,556133,10913,468419,3754,15886,14485,273363,14199,391200,18262,664563,California
Orange,2021-03-13,27191,1067629,10030,566163,13268,481687,3893,19779,13730,277567,13423,404623,17627,682190,California
Orange,2021-03-14,18658,1086287,8118,574281,8025,489712,2515,22294,11790,285030,6842,411465,14305,696495,California
Orange,2021-03-15,22540,1108827,9819,584100,11971,501683,750,23044,14195,291677,8295,419760,14942,711437,California
Orange,2021-03-16,26117,1134944,11028,595128,14870,516553,219,23263,16987,299825,9066,428826,17214,728651,California
Orange,2021-03-17,26953,1161897,13440,608568,13044,529597,469,23732,19265,311929,7634,436460,19738,748389,California
Orange,2021-03-18,27449,1189346,13820,622388,13362,542959,267,23999,21429,327662,5968,442428,21701,770090,California
Orange,2021-03-19,32890,1222236,18088,640476,14380,557339,422,24421,24611,344519,8190,450618,25047,795137,California
Orange,2021-03-20,25467,1247703,13411,653887,11853,569192,203,24624,21810,362931,3600,454218,22012,817149,California
Orange,2021-03-21,18216,1265919,10573,664460,6917,576109,726,25350,15494,376451,2700,456918,16220,833369,California
Orange,2021-03-22,22456,1288375,11599,676059,10537,586646,320,25670,19039,392457,3360,460278,19366,852735,California
Orange,2021-03-23,25659,1314034,13323,689382,11710,598356,626,26296,20660,408809,4937,465215,21289,874024,California
Orange,2021-03-24,28738,1342772,16048,705430,11810,610166,880,27176,21935,424878,6745,471960,22814,896838,California
Orange,2021-03-25,31253,1374025,16464,721894,14136,624302,653,27829,23957,442257,7233,479193,24612,921450,California
Orange,2021-03-26,34087,1408112,17564,739458,15680,639982,843,28672,24755,458605,9250,488443,25598,947048,California
Orange,2021-03-27,28149,1436261,13419,752877,14416,654398,314,28986,20262,471356,7827,496270,20578,967626,California
Orange,2021-03-28,24498,1460759,12662,765539,11769,666167,67,29053,18540,484052,5914,502184,18610,986236,California
Orange,2021-03-29,26177,1486936,11974,777513,13658,679825,545,29598,17860,494209,8251,510435,18408,1004644,California
Orange,2021-03-30,30265,1517201,13745,791258,16140,695965,380,29978,21504,507381,8713,519148,21885,1026529,California
Orange,2021-03-31,36276,1553477,19017,810275,16696,712661,563,30541,24101,519944,12106,531254,24669,1051198,California
Orange,2021-04-01,38375,1591852,20101,830376,16792,729453,1482,32023,25728,534563,12588,543842,27207,1078405,California
Orange,2021-04-02,38152,1630004,18986,849362,17548,747001,1618,33641,22493,543099,15585,559427,24121,1102526,California
Orange,2021-04-03,29022,1659026,14979,864341,12499,759500,1544,35185,15483,546643,13483,572910,17027,1119553,California
Orange,2021-04-04,17778,1676804,10540,874881,6626,766126,612,35797,7885,545279,9860,582770,8496,1128049,California
Orange,2021-04-05,28884,1705688,13590,888471,12148,778274,3146,38943,13617,546818,15221,597991,16760,1144809,California
Orange,2021-04-06,32557,1738245,15090,903561,14196,792470,3271,42214,14156,545898,18338,616329,17418,1162227,California
Orange,2021-04-07,34685,1772930,19248,922809,11148,803618,4289,46503,15425,546402,19191,635520,19695,1181922,California
Orange,2021-04-08,36563,1809493,20015,942824,11372,814990,5176,51679,17680,550412,18822,654342,22832,1204754,California
Orange,2021-04-09,31623,1841116,17776,960600,10072,825062,3775,55454,13508,549621,18065,672407,17274,1222028,California
Orange,2021-04-10,18367,1859483,8876,969476,7478,832540,2013,57467,7071,547433,11264,683671,9076,1231104,California
Placer,2020-12-15,29,29,29,29,0,0,0,0,29,29,0,0,29,29,California
Placer,2020-12-16,53,82,53,82,0,0,0,0,53,82,0,0,53,82,California
Placer,2020-12-17,139,221,139,221,0,0,0,0,139,221,0,0,139,221,California
Placer,2020-12-18,330,551,330,551,0,0,0,0,330,551,0,0,330,551,California
Placer,2020-12-19,251,802,251,802,0,0,0,0,251,802,0,0,251,802,California
Placer,2020-12-20,234,1036,234,1036,0,0,0,0,234,1036,0,0,234,1036,California
Placer,2020-12-21,493,1529,492,1528,1,1,0,0,493,1529,0,0,493,1529,California
Placer,2020-12-22,676,2205,669,2197,7,8,0,0,676,2205,0,0,676,2205,California
Placer,2020-12-23,742,2947,657,2854,85,93,0,0,742,2947,0,0,742,2947,California
Placer,2020-12-24,398,3345,346,3200,52,145,0,0,398,3345,0,0,398,3345,California
Placer,2020-12-26,158,3503,113,3313,45,190,0,0,158,3503,0,0,158,3503,California
Placer,2020-12-27,186,3689,163,3476,23,213,0,0,186,3689,0,0,186,3689,California
Placer,2020-12-28,665,4354,538,4014,127,340,0,0,665,4354,0,0,665,4354,California
Placer,2020-12-29,760,5114,512,4526,248,588,0,0,760,5114,0,0,760,5114,California
Placer,2020-12-30,730,5844,454,4980,276,864,0,0,728,5842,0,0,728,5842,California
Placer,2020-12-31,527,6371,343,5323,184,1048,0,0,527,6369,0,0,527,6369,California
Placer,2021-01-01,14,6385,10,5333,4,1052,0,0,14,6383,0,0,14,6383,California
Placer,2021-01-02,184,6569,152,5485,32,1084,0,0,184,6567,0,0,184,6567,California
Placer,2021-01-03,155,6724,79,5564,76,1160,0,0,155,6722,0,0,155,6722,California
Placer,2021-01-04,618,7342,178,5742,440,1600,0,0,618,7340,0,0,618,7340,California
Placer,2021-01-05,722,8064,159,5901,563,2163,0,0,639,7898,82,82,640,7980,California
Placer,2021-01-06,756,8820,243,6144,513,2676,0,0,615,8372,141,223,615,8595,California
Placer,2021-01-07,981,9801,366,6510,615,3291,0,0,776,8943,205,428,776,9371,California
Placer,2021-01-08,1181,10982,527,7037,654,3945,0,0,855,9475,323,751,855,10226,California
Placer,2021-01-09,448,11430,320,7357,128,4073,0,0,232,9492,215,966,232,10458,California
Placer,2021-01-10,329,11759,186,7543,143,4216,0,0,164,9491,165,1131,164,10622,California
Placer,2021-01-11,1423,13182,807,8350,616,4832,0,0,835,9739,588,1719,836,11458,California
Placer,2021-01-12,1642,14824,870,9220,772,5604,0,0,1039,10175,603,2322,1039,12497,California
Placer,2021-01-13,1625,16449,817,10037,808,6412,0,0,1206,10966,417,2739,1208,13705,California
Placer,2021-01-14,1736,18185,653,10690,1083,7495,0,0,1380,11994,353,3092,1381,15086,California
Placer,2021-01-15,1905,20090,721,11411,1184,8679,0,0,1553,13197,351,3443,1554,16640,California
Placer,2021-01-16,1468,21558,718,12129,750,9429,0,0,1347,14424,121,3564,1348,17988,California
Placer,2021-01-17,559,22117,394,12523,165,9594,0,0,427,14719,132,3696,427,18415,California
Placer,2021-01-18,975,23092,538,13061,437,10031,0,0,746,15237,229,3925,747,19162,California
Placer,2021-01-19,2557,25649,1946,15007,611,10642,0,0,2106,16892,451,4376,2106,21268,California
Placer,2021-01-20,2236,27885,1688,16695,548,11190,0,0,1908,18473,328,4704,1909,23177,California
Placer,2021-01-21,2526,30411,1111,17806,1415,12605,0,0,2132,20213,393,5097,2133,25310,California
Placer,2021-01-22,2275,32686,589,18395,1686,14291,0,0,2102,22145,171,5268,2103,27413,California
Placer,2021-01-23,1189,33875,380,18775,809,15100,0,0,1034,23024,155,5423,1034,28447,California
Placer,2021-01-24,508,34383,265,19040,243,15343,0,0,433,23383,75,5498,434,28881,California
Placer,2021-01-25,1646,36029,798,19838,848,16191,0,0,1361,24460,285,5783,1362,30243,California
Placer,2021-01-26,1824,37853,1022,20860,802,16993,0,0,1561,25758,263,6046,1561,31804,California
Placer,2021-01-27,1814,39667,1156,22016,658,17651,0,0,1572,27091,240,6286,1573,33377,California
Placer,2021-01-28,1776,41443,1106,23122,670,18321,0,0,1530,28377,244,6530,1530,34907,California
Placer,2021-01-29,1854,43297,1164,24286,690,19011,0,0,1663,29852,190,6720,1665,36572,California
Placer,2021-01-30,1723,45020,970,25256,753,19764,0,0,1604,31338,118,6838,1604,38176,California
Placer,2021-01-31,778,45798,621,25877,157,19921,0,0,709,31979,69,6907,710,38886,California
Placer,2021-02-01,2065,47863,1087,26964,978,20899,0,0,1749,33412,316,7223,1749,40635,California
Placer,2021-02-02,2365,50228,1536,28500,829,21728,0,0,1883,34816,479,7702,1883,42518,California
Placer,2021-02-03,2906,53134,1871,30371,1035,22763,0,0,2289,36492,613,8315,2289,44807,California
Placer,2021-02-04,2752,55886,1185,31556,1567,24330,0,0,1933,37610,816,9131,1934,46741,California
Placer,2021-02-05,2725,58611,1201,32757,1524,25854,0,0,1398,37686,1322,10453,1398,48139,California
Placer,2021-02-06,1934,60545,1298,34055,636,26490,0,0,1387,38526,547,11000,1387,49526,California
Placer,2021-02-07,1216,61761,906,34961,310,26800,0,0,939,39189,276,11276,939,50465,California
Placer,2021-02-08,3297,65058,1766,36727,1531,28331,0,0,1979,39859,1310,12586,1980,52445,California
Placer,2021-02-09,3531,68589,2162,38889,1369,29700,0,0,1629,39588,1900,14486,1629,54074,California
Placer,2021-02-10,3740,72329,2187,41076,1553,31253,0,0,1746,39345,1991,16477,1748,55822,California
Placer,2021-02-11,3620,75949,1894,42970,1726,32979,0,0,1584,38902,2028,18505,1585,57407,California
Placer,2021-02-12,2753,78702,1316,44286,1437,34416,0,0,1665,39497,1071,19576,1666,59073,California
Placer,2021-02-13,2530,81232,1487,45773,1043,35459,0,0,1879,40725,651,20227,1879,60952,California
Placer,2021-02-14,1074,82306,675,46448,399,35858,0,0,734,41122,337,20564,734,61686,California
Placer,2021-02-15,2173,84479,1041,47489,1132,36990,0,0,1520,41989,654,21218,1521,63207,California
Placer,2021-02-16,3509,87988,1779,49268,1730,38720,0,0,1577,41644,1923,23141,1578,64785,California
Placer,2021-02-17,3487,91475,1959,51227,1528,40248,0,0,1490,41141,1993,25134,1490,66275,California
Placer,2021-02-18,3641,95116,1972,53199,1669,41917,0,0,1539,40592,2092,27226,1543,67818,California
Placer,2021-02-19,3530,98646,1902,55101,1628,43545,0,0,1310,39687,2216,29442,1311,69129,California
Placer,2021-02-20,1961,100607,1221,56322,740,44285,0,0,879,39492,1077,30519,882,70011,California
Placer,2021-02-21,950,101557,725,57047,225,44510,0,0,261,39068,686,31205,262,70273,California
Placer,2021-02-22,2486,104043,1764,58811,722,45232,0,0,601,37786,1883,33088,601,70874,California
Placer,2021-02-23,2500,106543,1559,60370,941,46173,0,0,867,37021,1632,34720,867,71741,California
Placer,2021-02-24,3227,109770,1170,61540,2057,48230,0,0,1779,37364,1438,36158,1781,73522,California
Placer,2021-02-25,3438,113208,1417,62957,2021,50251,0,0,1827,37587,1605,37763,1828,75350,California
Placer,2021-02-26,4051,117259,2371,65328,1680,51931,0,0,2333,38207,1713,39476,2333,77683,California
Placer,2021-02-27,2806,120065,1484,66812,1322,53253,0,0,1450,38310,1350,40826,1453,79136,California
Placer,2021-02-28,1385,121450,794,67606,591,53844,0,0,576,38082,804,41630,576,79712,California
Placer,2021-03-01,2973,124423,1985,69591,988,54832,0,0,1527,38168,1441,43071,1527,81239,California
Placer,2021-03-02,2820,127243,1757,71348,1063,55895,0,0,1852,39058,963,44034,1853,83092,California
Placer,2021-03-03,3220,130463,1383,72731,1837,57732,0,0,1750,39345,1464,45498,1751,84843,California
Placer,2021-03-04,3524,133987,1420,74151,2104,59836,0,0,1840,39514,1672,47170,1841,86684,California
Placer,2021-03-05,2947,136934,1007,75158,1918,61754,22,22,1781,40153,1164,48334,1803,88487,California
Placer,2021-03-06,2333,139267,1445,76603,812,62566,76,98,881,39665,1445,49779,957,89444,California
Placer,2021-03-07,1289,140556,751,77354,499,63065,39,137,522,39461,764,50543,560,90004,California
Placer,2021-03-08,2874,143430,1827,79181,936,64001,111,248,1643,39985,1230,51773,1754,91758,California
Placer,2021-03-09,3115,146545,1674,80855,1352,65353,89,337,1771,40504,1341,53114,1860,93618,California
Placer,2021-03-10,3243,149788,1308,82163,1829,67182,106,443,1693,40757,1545,54659,1798,95416,California
Placer,2021-03-11,3500,153288,1561,83724,1814,68996,125,568,1683,40756,1811,56470,1810,97226,California
Placer,2021-03-12,3599,156887,1474,85198,1351,70347,774,1342,1208,40351,2388,58858,1983,99209,California
Placer,2021-03-13,2058,158945,729,85927,1216,71563,113,1455,1119,40648,936,59794,1233,100442,California
Placer,2021-03-14,1618,160563,669,86596,801,72364,148,1603,877,40931,741,60535,1024,101466,California
Placer,2021-03-15,3146,163709,1520,88116,1495,73859,131,1734,1740,41401,1403,61938,1873,103339,California
Placer,2021-03-16,3523,167232,1898,90014,1492,75351,133,1867,2261,42542,1254,63192,2395,105734,California
Placer,2021-03-17,3389,170621,1727,91741,1562,76913,100,1967,2201,43661,1184,64376,2303,108037,California
Placer,2021-03-18,3938,174559,2202,93943,1699,78612,37,2004,2827,45420,1106,65482,2865,110902,California
Placer,2021-03-19,3404,177963,2070,96013,1073,79685,261,2265,2177,46639,1218,66700,2437,113339,California
Placer,2021-03-20,2127,180090,893,96906,1136,80821,98,2363,1302,47217,821,67521,1399,114738,California
Placer,2021-03-21,1241,181331,567,97473,665,81486,9,2372,951,47890,287,67808,960,115698,California
Placer,2021-03-22,3250,184581,2084,99557,1079,82565,87,2459,2185,49102,1061,68869,2273,117971,California
Placer,2021-03-23,3478,188059,2077,101634,1310,83875,91,2550,2498,50717,975,69844,2590,120561,California
Placer,2021-03-24,3739,191798,1990,103624,1652,85527,97,2647,1956,50999,1771,71615,2053,122614,California
Placer,2021-03-25,3741,195539,1790,105414,1854,87381,97,2744,1725,50812,2008,73623,1821,124435,California
Placer,2021-03-26,3698,199237,1647,107061,1820,89201,231,2975,1572,50499,2116,75739,1803,126238,California
Placer,2021-03-27,1585,200822,468,107529,1097,90298,20,2995,664,50268,915,76654,684,126922,California
Placer,2021-03-28,1071,201893,508,108037,553,90851,10,3005,364,49940,702,77356,374,127296,California
Placer,2021-03-29,3544,205437,1989,110026,1523,92374,32,3037,1734,49908,1799,79155,1767,129063,California
Placer,2021-03-30,3954,209391,2087,112113,1824,94198,43,3080,2107,50222,1835,80990,2149,131212,California
Placer,2021-03-31,4036,213427,1821,113934,2142,96340,73,3153,1709,49682,2321,83311,1781,132993,California
Placer,2021-04-01,2837,216264,1355,115289,1438,97778,44,3197,1586,50064,1248,84559,1630,134623,California
Placer,2021-04-02,2743,219007,1431,116720,1250,99028,62,3259,1546,50481,1191,85750,1608,136231,California
Placer,2021-04-03,1786,220793,929,117649,729,99757,128,3387,857,50542,923,86673,984,137215,California
Placer,2021-04-04,660,221453,314,117963,293,100050,53,3440,242,50420,417,87090,295,137510,California
Placer,2021-04-05,2845,224298,1788,119751,900,100950,157,3597,1644,51023,1198,88288,1801,139311,California
Placer,2021-04-06,4111,228409,2365,122116,1477,102427,269,3866,1465,50116,2641,90929,1734,141045,California
Placer,2021-04-07,4195,232604,2477,124593,1313,103740,405,4271,1862,50053,2329,93258,2266,143311,California
Placer,2021-04-08,4275,236879,2392,126985,1370,105110,513,4784,1391,49081,2874,96132,1902,145213,California
Placer,2021-04-09,3221,240100,1873,128858,857,105967,491,5275,863,48080,2355,98487,1354,146567,California
Placer,2021-04-10,943,241043,372,129230,508,106475,63,5338,400,48002,541,99028,463,147030,California
Plumas,2020-12-18,4,4,4,4,0,0,0,0,4,4,0,0,4,4,California
Plumas,2020-12-19,1,5,1,5,0,0,0,0,1,5,0,0,1,5,California
Plumas,2020-12-21,45,50,45,50,0,0,0,0,45,50,0,0,45,50,California
Plumas,2020-12-22,92,142,92,142,0,0,0,0,92,142,0,0,92,142,California
Plumas,2020-12-23,50,192,50,192,0,0,0,0,50,192,0,0,50,192,California
Plumas,2020-12-24,6,198,6,198,0,0,0,0,6,198,0,0,6,198,California
Plumas,2020-12-28,8,206,0,198,8,8,0,0,8,206,0,0,8,206,California
Plumas,2020-12-29,32,238,22,220,10,18,0,0,32,238,0,0,32,238,California
Plumas,2020-12-30,22,260,1,221,21,39,0,0,22,260,0,0,22,260,California
Plumas,2020-12-31,4,264,1,222,3,42,0,0,4,264,0,0,4,264,California
Plumas,2021-01-04,9,273,3,225,6,48,0,0,9,273,0,0,9,273,California
Plumas,2021-01-05,22,295,2,227,20,68,0,0,22,295,0,0,22,295,California
Plumas,2021-01-06,125,420,6,233,119,187,0,0,125,420,0,0,125,420,California
Plumas,2021-01-07,54,474,2,235,52,239,0,0,53,472,1,1,53,473,California
Plumas,2021-01-08,12,486,5,240,7,246,0,0,8,476,4,5,8,481,California
Plumas,2021-01-09,2,488,2,242,0,246,0,0,1,476,1,6,1,482,California
Plumas,2021-01-11,59,547,50,292,9,255,0,0,12,441,47,53,12,494,California
Plumas,2021-01-12,154,701,86,378,68,323,0,0,70,427,84,137,70,564,California
Plumas,2021-01-13,55,756,50,428,5,328,0,0,9,390,46,183,9,573,California
Plumas,2021-01-14,96,852,14,442,82,410,0,0,91,476,5,188,91,664,California
Plumas,2021-01-15,62,914,7,449,55,465,0,0,60,534,2,190,60,724,California
Plumas,2021-01-16,58,972,1,450,57,522,0,0,58,592,0,190,58,782,California
Plumas,2021-01-18,2,974,1,451,1,523,0,0,2,594,0,190,2,784,California
Plumas,2021-01-19,36,1010,5,456,31,554,0,0,32,622,4,194,32,816,California
Plumas,2021-01-20,121,1131,3,459,118,672,0,0,119,739,2,196,119,935,California
Plumas,2021-01-21,113,1244,2,461,111,783,0,0,113,852,0,196,113,1048,California
Plumas,2021-01-22,3,1247,0,461,3,786,0,0,3,855,0,196,3,1051,California
Plumas,2021-01-23,92,1339,1,462,91,877,0,0,92,947,0,196,92,1143,California
Plumas,2021-01-24,1,1340,1,463,0,877,0,0,1,948,0,196,1,1144,California
Plumas,2021-01-25,8,1348,5,468,3,880,0,0,5,950,3,199,5,1149,California
Plumas,2021-01-26,60,1408,2,470,58,938,0,0,51,993,8,207,51,1200,California
Plumas,2021-01-27,25,1433,20,490,5,943,0,0,5,978,20,227,5,1205,California
Plumas,2021-01-28,23,1456,0,490,23,966,0,0,21,997,2,229,21,1226,California
Plumas,2021-01-29,7,1463,2,492,5,971,0,0,6,1002,1,230,6,1232,California
Plumas,2021-01-30,8,1471,4,496,4,975,0,0,7,1008,1,231,7,1239,California
Plumas,2021-01-31,3,1474,3,499,0,975,0,0,3,1011,0,231,3,1242,California
Plumas,2021-02-01,15,1489,2,501,13,988,0,0,7,1010,8,239,7,1249,California
Plumas,2021-02-02,20,1509,1,502,19,1007,0,0,1,992,19,258,1,1250,California
Plumas,2021-02-03,126,1635,6,508,120,1127,0,0,12,891,113,371,12,1262,California
Plumas,2021-02-04,102,1737,8,516,94,1221,0,0,23,835,79,450,23,1285,California
Plumas,2021-02-05,24,1761,11,527,13,1234,0,0,9,829,15,465,9,1294,California
Plumas,2021-02-06,7,1768,0,527,7,1241,0,0,7,836,0,465,7,1301,California
Plumas,2021-02-08,16,1784,8,535,8,1249,0,0,4,828,12,477,4,1305,California
Plumas,2021-02-09,170,1954,1,536,169,1418,0,0,111,880,59,536,111,1416,California
Plumas,2021-02-10,90,2044,9,545,81,1499,0,0,82,954,8,544,82,1498,California
Plumas,2021-02-11,321,2365,7,552,314,1813,0,0,262,1157,59,603,262,1760,California
Plumas,2021-02-12,123,2488,3,555,120,1933,0,0,119,1272,4,607,119,1879,California
Plumas,2021-02-13,71,2559,3,558,68,2001,0,0,12,1225,59,666,12,1891,California
Plumas,2021-02-14,7,2566,4,562,3,2004,0,0,7,1232,0,666,7,1898,California
Plumas,2021-02-15,26,2592,3,565,23,2027,0,0,25,1256,1,667,25,1923,California
Plumas,2021-02-16,75,2667,4,569,71,2098,0,0,14,1209,61,728,14,1937,California
Plumas,2021-02-17,136,2803,5,574,131,2229,0,0,11,1095,125,853,11,1948,California
Plumas,2021-02-18,126,2929,6,580,120,2349,0,0,17,1003,109,962,17,1965,California
Plumas,2021-02-19,40,2969,4,584,36,2385,0,0,6,975,34,996,6,1971,California
Plumas,2021-02-20,103,3072,6,590,97,2482,0,0,11,894,92,1088,11,1982,California
Plumas,2021-02-21,6,3078,5,595,1,2483,0,0,2,892,4,1092,2,1984,California
Plumas,2021-02-22,3,3081,1,596,2,2485,0,0,0,889,3,1095,0,1984,California
Plumas,2021-02-23,21,3102,4,600,17,2502,0,0,13,894,8,1103,13,1997,California
Plumas,2021-02-24,455,3557,6,606,449,2951,0,0,444,1327,11,1114,444,2441,California
Plumas,2021-02-25,226,3783,9,615,217,3168,0,0,166,1433,60,1174,166,2607,California
Plumas,2021-02-26,258,4041,7,622,251,3419,0,0,253,1682,5,1179,254,2861,California
Plumas,2021-02-27,40,4081,4,626,36,3455,0,0,33,1708,7,1186,33,2894,California
Plumas,2021-03-01,9,4090,3,629,6,3461,0,0,5,1709,4,1190,5,2899,California
Plumas,2021-03-02,9,4099,0,629,9,3470,0,0,6,1712,3,1193,6,2905,California
Plumas,2021-03-03,151,4250,10,639,141,3611,0,0,135,1831,16,1209,135,3040,California
Plumas,2021-03-04,245,4495,10,649,235,3846,0,0,224,2034,21,1230,224,3264,California
Plumas,2021-03-05,396,4891,6,655,385,4231,5,5,385,2413,11,1241,390,3654,California
Plumas,2021-03-06,16,4907,1,656,7,4238,8,13,3,2411,13,1254,11,3665,California
Plumas,2021-03-07,13,4920,2,658,2,4240,9,22,3,2413,10,1264,12,3677,California
Plumas,2021-03-08,29,4949,3,661,2,4242,24,46,3,2414,26,1290,27,3704,California
Plumas,2021-03-09,132,5081,1,662,116,4358,15,61,17,2331,115,1405,32,3736,California
Plumas,2021-03-10,254,5335,3,665,237,4595,14,75,106,2303,148,1553,120,3856,California
Plumas,2021-03-11,176,5511,8,673,163,4758,5,80,142,2416,34,1587,147,4003,California
Plumas,2021-03-12,594,6105,2,675,305,5063,287,367,23,2155,571,2158,310,4313,California
Plumas,2021-03-13,22,6127,4,679,7,5070,11,378,4,2152,18,2176,15,4328,California
Plumas,2021-03-14,10,6137,2,681,3,5073,5,383,1,2149,9,2185,6,4334,California
Plumas,2021-03-15,31,6168,1,682,25,5098,5,388,6,2135,25,2210,11,4345,California
Plumas,2021-03-16,57,6225,2,684,54,5152,1,389,47,2173,10,2220,48,4393,California
Plumas,2021-03-17,74,6299,10,694,63,5215,1,390,60,2220,14,2234,61,4454,California
Plumas,2021-03-18,53,6352,6,700,30,5245,17,407,6,2196,47,2281,23,4477,California
Plumas,2021-03-19,162,6514,5,705,155,5400,2,409,153,2344,8,2289,156,4633,California
Plumas,2021-03-20,669,7183,4,709,664,6064,1,410,650,2978,17,2306,651,5284,California
Plumas,2021-03-21,1,7184,1,710,0,6064,0,410,1,2979,0,2306,1,5285,California
Plumas,2021-03-22,179,7363,1,711,178,6242,0,410,173,3146,6,2312,173,5458,California
Plumas,2021-03-23,25,7388,2,713,23,6265,0,410,13,3147,12,2324,13,5471,California
Plumas,2021-03-24,640,8028,7,720,632,6897,1,411,210,2928,430,2754,211,5682,California
Plumas,2021-03-25,188,8216,5,725,181,7078,2,413,51,2842,137,2891,51,5733,California
Plumas,2021-03-26,308,8524,9,734,299,7377,0,413,47,2629,260,3151,47,5780,California
Plumas,2021-03-27,11,8535,1,735,9,7386,1,414,2,2623,9,3160,3,5783,California
Plumas,2021-03-28,5,8540,3,738,1,7387,1,415,3,2625,2,3162,4,5787,California
Plumas,2021-03-29,13,8553,4,742,8,7395,1,416,5,2623,8,3170,6,5793,California
Plumas,2021-03-30,150,8703,3,745,146,7541,1,417,24,2522,126,3296,25,5818,California
Plumas,2021-03-31,274,8977,2,747,271,7812,1,418,255,2759,19,3315,256,6074,California
Plumas,2021-04-01,288,9265,12,759,276,8088,0,418,59,2589,229,3544,59,6133,California
Plumas,2021-04-02,371,9636,4,763,366,8454,1,419,26,2283,333,3877,27,6160,California
Plumas,2021-04-03,12,9648,0,763,4,8458,8,427,1,2281,11,3888,9,6169,California
Plumas,2021-04-04,3,9651,1,764,1,8459,1,428,0,2279,3,3891,1,6170,California
Plumas,2021-04-05,14,9665,3,767,10,8469,1,429,7,2280,7,3898,8,6178,California
Plumas,2021-04-06,116,9781,5,772,83,8552,28,457,12,2212,103,4001,35,6213,California
Plumas,2021-04-07,280,10061,10,782,99,8651,171,628,29,2161,251,4252,200,6413,California
Plumas,2021-04-08,147,10208,1,783,130,8781,16,644,33,2096,113,4365,48,6461,California
Plumas,2021-04-09,37,10245,5,788,23,8804,9,653,16,2100,21,4386,25,6486,California
Plumas,2021-04-10,5,10250,1,789,3,8807,1,654,2,2100,3,4389,3,6489,California
Riverside,2020-12-15,4,4,4,4,0,0,0,0,4,4,0,0,4,4,California
Riverside,2020-12-16,63,67,63,67,0,0,0,0,63,67,0,0,63,67,California
Riverside,2020-12-17,805,872,805,872,0,0,0,0,805,872,0,0,805,872,California
Riverside,2020-12-18,1723,2595,1721,2593,2,2,0,0,1723,2595,0,0,1723,2595,California
Riverside,2020-12-19,1022,3617,1020,3613,2,4,0,0,1020,3614,1,1,1020,3615,California
Riverside,2020-12-20,1084,4701,1083,4696,1,5,0,0,1084,4698,0,1,1084,4699,California
Riverside,2020-12-21,2271,6972,2269,6965,2,7,0,0,2271,6969,0,1,2271,6970,California
Riverside,2020-12-22,2248,9220,2209,9174,39,46,0,0,2247,9216,0,1,2247,9217,California
Riverside,2020-12-23,2122,11342,1786,10960,336,382,0,0,2123,11339,0,1,2123,11340,California
Riverside,2020-12-24,826,12168,624,11584,202,584,0,0,826,12165,0,1,826,12166,California
Riverside,2020-12-25,28,12196,5,11589,23,607,0,0,28,12193,0,1,28,12194,California
Riverside,2020-12-26,400,12596,257,11846,143,750,0,0,400,12593,0,1,400,12594,California
Riverside,2020-12-27,361,12957,243,12089,118,868,0,0,361,12954,0,1,361,12955,California
Riverside,2020-12-28,1619,14576,1122,13211,497,1365,0,0,1619,14573,0,1,1619,14574,California
Riverside,2020-12-29,1738,16314,972,14183,766,2131,0,0,1738,16311,0,1,1738,16312,California
Riverside,2020-12-30,2569,18883,1681,15864,888,3019,0,0,2568,18879,0,1,2568,18880,California
Riverside,2020-12-31,1020,19903,394,16258,626,3645,0,0,1022,19901,0,1,1022,19902,California
Riverside,2021-01-01,104,20007,40,16298,64,3709,0,0,104,20005,0,1,104,20006,California
Riverside,2021-01-02,829,20836,691,16989,138,3847,0,0,829,20834,0,1,829,20835,California
Riverside,2021-01-03,346,21182,299,17288,47,3894,0,0,345,21179,0,1,345,21180,California
Riverside,2021-01-04,1257,22439,793,18081,464,4358,0,0,1257,22436,0,1,1257,22437,California
Riverside,2021-01-05,1981,24420,1365,19446,616,4974,0,0,1883,24228,91,92,1883,24320,California
Riverside,2021-01-06,2470,26890,1100,20546,1370,6344,0,0,2165,26092,301,393,2165,26485,California
Riverside,2021-01-07,2762,29652,1811,22357,951,7295,0,0,1701,26738,1057,1450,1703,28188,California
Riverside,2021-01-08,4034,33686,2931,25288,1103,8398,0,0,2228,27164,1802,3252,2228,30416,California
Riverside,2021-01-09,2070,35756,844,26132,1226,9624,0,0,1725,28545,344,3596,1725,32141,California
Riverside,2021-01-10,1660,37416,731,26863,929,10553,0,0,1058,29001,602,4198,1058,33199,California
Riverside,2021-01-11,4510,41926,3088,29951,1422,11975,0,0,2782,30058,1726,5924,2783,35982,California
Riverside,2021-01-12,3393,45319,2723,32674,670,12645,0,0,1709,30088,1679,7603,1709,37691,California
Riverside,2021-01-13,4379,49698,2867,35541,1512,14157,0,0,2777,31266,1599,9202,2777,40468,California
Riverside,2021-01-14,5449,55147,1861,37402,3588,17745,0,0,4864,35545,585,9787,4864,45332,California
Riverside,2021-01-15,6116,61263,2089,39491,4027,21772,0,0,5830,41090,285,10072,5830,51162,California
Riverside,2021-01-16,3603,64866,1015,40506,2588,24360,0,0,3358,44204,245,10317,3359,54521,California
Riverside,2021-01-17,3594,68460,582,41088,3012,27372,0,0,3399,47409,194,10511,3399,57920,California
Riverside,2021-01-18,3711,72171,2014,43102,1697,29069,0,0,2706,49110,1005,11516,2706,60626,California
Riverside,2021-01-19,7395,79566,2636,45738,4759,33828,0,0,6276,54269,1119,12635,6278,66904,California
Riverside,2021-01-20,7951,87517,2865,48603,5086,38914,0,0,6472,59274,1470,14105,6475,73379,California
Riverside,2021-01-21,8190,95707,3361,51964,4829,43743,0,0,7576,66235,615,14720,7576,80955,California
Riverside,2021-01-22,8694,104401,2962,54926,5732,49475,0,0,8268,74078,425,15145,8268,89223,California
Riverside,2021-01-23,5923,110324,2396,57322,3527,53002,0,0,5195,78546,728,15873,5196,94419,California
Riverside,2021-01-24,3035,113359,1435,58757,1600,54602,0,0,2822,81159,210,16083,2823,97242,California
Riverside,2021-01-25,7873,121232,4538,63295,3335,57937,0,0,6751,86791,1120,17203,6752,103994,California
Riverside,2021-01-26,9093,130325,5721,69016,3372,61309,0,0,7586,92875,1505,18708,7589,111583,California
Riverside,2021-01-27,10491,140816,6171,75187,4320,65629,0,0,8982,100354,1506,20214,8985,120568,California
Riverside,2021-01-28,11383,152199,6696,81883,4687,70316,0,0,10232,109444,1143,21357,10233,130801,California
Riverside,2021-01-29,11832,164031,7222,89105,4610,74926,0,0,10465,118573,1340,22697,10469,141270,California
Riverside,2021-01-30,9040,173071,4601,93706,4439,79365,0,0,8581,126699,456,23153,8582,149852,California
Riverside,2021-01-31,5151,178222,4249,97955,902,80267,0,0,5024,131600,126,23279,5027,154879,California
Riverside,2021-02-01,10824,189046,6683,104638,4141,84408,0,0,9050,138884,1768,25047,9052,163931,California
Riverside,2021-02-02,9385,198431,4780,109418,4605,89013,0,0,7909,145326,1469,26516,7911,171842,California
Riverside,2021-02-03,12005,210436,4984,114402,7021,96034,0,0,9777,152886,2217,28733,9777,181619,California
Riverside,2021-02-04,13558,223994,6062,120464,7496,103530,0,0,11473,162283,2078,30811,11475,193094,California
Riverside,2021-02-05,14319,238313,5395,125859,8924,112454,0,0,11284,170546,3027,33838,11290,204384,California
Riverside,2021-02-06,7256,245569,4285,130144,2971,115425,0,0,5623,174546,1626,35464,5626,210010,California
Riverside,2021-02-07,2187,247756,806,130950,1381,116806,0,0,1873,176107,313,35777,1874,211884,California
Riverside,2021-02-08,12447,260203,5533,136483,6914,123720,0,0,10166,184015,2263,38040,10171,222055,California
Riverside,2021-02-09,9655,269858,4530,141013,5125,128845,0,0,7745,189864,1902,39942,7751,229806,California
Riverside,2021-02-10,12034,281892,6996,148009,5038,133883,0,0,8931,195712,3091,43033,8939,238745,California
Riverside,2021-02-11,16492,298384,8986,156995,7506,141389,0,0,12126,203509,4344,47377,12141,250886,California
Riverside,2021-02-12,17640,316024,10802,167797,6838,148227,0,0,12807,211535,4791,52168,12817,263703,California
Riverside,2021-02-13,6299,322323,2109,169906,4190,152417,0,0,3077,211435,3204,55372,3104,266807,California
Riverside,2021-02-14,4943,327266,1141,171047,3802,156219,0,0,2191,210880,2748,58120,2193,269000,California
Riverside,2021-02-15,9838,337104,5029,176076,4809,161028,0,0,5436,211928,4395,62515,5443,274443,California
Riverside,2021-02-16,16158,353262,10164,186240,5994,167022,0,0,9306,214396,6846,69361,9314,283757,California
Riverside,2021-02-17,15024,368286,8224,194464,6800,173822,0,0,7598,214590,7414,76775,7608,291365,California
Riverside,2021-02-18,15451,383737,8926,203390,6525,180347,0,0,8057,215282,7377,84152,8069,299434,California
Riverside,2021-02-19,15223,398960,8208,211598,7015,187362,0,0,7213,214513,7990,92142,7221,306655,California
Riverside,2021-02-20,8054,407014,4254,215852,3800,191162,0,0,2094,210664,5946,98088,2097,308752,California
Riverside,2021-02-21,3391,410405,2881,218733,510,191672,0,0,1024,209333,2357,100445,1026,309778,California
Riverside,2021-02-22,12289,422694,7715,226448,4574,196246,0,0,5102,207267,7173,107618,5107,314885,California
Riverside,2021-02-23,11057,433751,7546,233994,3511,199757,0,0,5426,207091,5607,113225,5431,320316,California
Riverside,2021-02-24,14706,448457,8034,242028,6672,206429,0,0,6421,205281,8247,121472,6437,326753,California
Riverside,2021-02-25,17150,465607,7311,249339,9839,216268,0,0,8021,204217,9108,130580,8044,334797,California
Riverside,2021-02-26,18254,483861,6708,256047,11546,227814,0,0,9134,204315,9065,139645,9163,343960,California
Riverside,2021-02-27,11349,495210,4921,260968,6428,234242,0,0,5690,204404,5627,145272,5716,349676,California
Riverside,2021-02-28,4657,499867,2994,263962,1663,235905,0,0,2431,204626,2217,147489,2439,352115,California
Riverside,2021-03-01,14262,514129,6088,270050,8173,244078,1,1,8430,207282,5804,153293,8460,360575,California
Riverside,2021-03-02,14834,528963,7250,277300,7583,251661,1,2,8809,210118,6005,159298,8841,369416,California
Riverside,2021-03-03,16541,545504,8152,285452,8389,260050,0,2,7068,207885,9426,168724,7193,376609,California
Riverside,2021-03-04,16406,561910,5981,291433,10421,270471,4,6,7966,207603,8396,177120,8114,384723,California
Riverside,2021-03-05,17414,579324,6857,298290,10514,280985,43,49,8747,208047,8619,185739,9063,393786,California
Riverside,2021-03-06,8989,588313,4679,302969,3853,284838,457,506,4587,208732,4389,190128,5074,398860,California
Riverside,2021-03-07,4163,592476,2701,305670,1077,285915,385,891,1962,208892,2193,192321,2353,401213,California
Riverside,2021-03-08,10262,602738,4662,310332,5202,291117,398,1289,4373,207820,5873,198194,4801,406014,California
Riverside,2021-03-09,12784,615522,6019,316351,6312,297429,453,1742,5217,206057,7552,205746,5789,411803,California
Riverside,2021-03-10,13359,628881,6679,323030,5869,303298,811,2553,5535,204757,7794,213540,6494,418297,California
Riverside,2021-03-11,17148,646029,8494,331524,6967,310265,1687,4240,6838,203209,10281,223821,8733,427030,California
Riverside,2021-03-12,20885,666914,7830,339354,8397,318662,4658,8898,7011,201365,13845,237666,12001,439031,California
Riverside,2021-03-13,8027,674941,2448,341802,4432,323094,1147,10045,4194,202965,3821,241487,5421,444452,California
Riverside,2021-03-14,4518,679459,1578,343380,1658,324752,1282,11327,2012,203759,2497,243984,3291,447743,California
Riverside,2021-03-15,18509,697968,7809,351189,9031,333783,1669,12996,9060,205178,9413,253397,10832,458575,California
Riverside,2021-03-16,20809,718777,10084,361273,9911,343694,814,13810,11329,207974,9444,262841,12240,470815,California
Riverside,2021-03-17,21120,739897,10823,372096,9251,352945,1046,14856,12666,213325,8422,271263,13773,484588,California
Riverside,2021-03-18,22449,762346,11667,383763,9132,362077,1650,16506,12461,217499,9946,281209,14120,498708,California
Riverside,2021-03-19,23874,786220,12524,396287,10406,372483,944,17450,13935,222849,9891,291100,15241,513949,California
Riverside,2021-03-20,10503,796723,6803,403090,2544,375027,1156,18606,6747,227022,3732,294832,7905,521854,California
Riverside,2021-03-21,3647,800370,2848,405938,547,375574,252,18858,2501,228643,1134,295966,2755,524609,California
Riverside,2021-03-22,16555,816925,9873,415811,6126,381700,556,19414,10565,233812,5952,301918,11121,535730,California
Riverside,2021-03-23,18480,835405,10458,426269,7601,389301,421,19835,11992,239799,6442,308360,12429,548159,California
Riverside,2021-03-24,18529,853934,10334,436603,8078,397379,117,19952,12824,247083,5665,314025,12949,561108,California
Riverside,2021-03-25,20962,874896,11599,448202,9187,406566,176,20128,14251,254864,6650,320675,14431,575539,California
Riverside,2021-03-26,23916,898812,11794,459996,11959,418525,163,20291,15031,261263,8800,329475,15199,590738,California
Riverside,2021-03-27,8960,907772,4599,464595,3308,421833,1053,21344,4523,262419,4421,333896,5577,596315,California
Riverside,2021-03-28,4705,912477,3101,467696,1514,423347,90,21434,2836,263484,1862,335758,2927,599242,California
Riverside,2021-03-29,15554,928031,7897,475593,7543,430890,114,21548,10037,268153,5492,341250,10161,609403,California
Riverside,2021-03-30,18173,946204,9497,485090,8475,439365,201,21749,11886,273986,6258,347508,12091,621494,California
Riverside,2021-03-31,17881,964085,8339,493429,9240,448605,302,22051,11648,279758,6187,353695,11959,633453,California
Riverside,2021-04-01,25055,989140,12267,505696,12059,460664,729,22780,16721,288925,8285,361980,17452,650905,California
Riverside,2021-04-02,25701,1014841,13833,519529,10944,471608,924,23704,16350,297125,9303,371283,17503,668408,California
Riverside,2021-04-03,8938,1023779,5646,525175,2765,474373,527,24231,5833,300391,3093,374376,6359,674767,California
Riverside,2021-04-04,3252,1027031,1978,527153,1072,475445,202,24433,1694,300733,1554,375930,1896,676663,California
Riverside,2021-04-05,17748,1044779,9116,536269,6868,482313,1764,26197,10352,305480,7371,383301,12118,688781,California
Riverside,2021-04-06,22703,1067482,11732,548001,8985,491298,1986,28183,12696,310196,9962,393263,14678,703459,California
Riverside,2021-04-07,23039,1090521,12354,560355,8425,499723,2260,30443,13209,315878,9789,403052,15471,718930,California
Riverside,2021-04-08,25091,1115612,13623,573978,8785,508508,2683,33126,15551,324612,9490,412542,18224,737154,California
Riverside,2021-04-09,20648,1136260,12598,586576,6460,514968,1590,34716,12767,331148,7842,420384,14378,751532,California
Riverside,2021-04-10,5049,1141309,3057,589633,1278,516246,714,35430,1980,330794,3047,423431,2693,754225,California
Sacramento,2020-12-15,314,314,314,314,0,0,0,0,314,314,0,0,314,314,California
Sacramento,2020-12-16,645,959,645,959,0,0,0,0,645,959,0,0,645,959,California
Sacramento,2020-12-17,645,1604,645,1604,0,0,0,0,645,1604,0,0,645,1604,California
Sacramento,2020-12-18,972,2576,969,2573,3,3,0,0,972,2576,0,0,972,2576,California
Sacramento,2020-12-19,613,3189,613,3186,0,3,0,0,613,3189,0,0,613,3189,California
Sacramento,2020-12-20,633,3822,633,3819,0,3,0,0,633,3822,0,0,633,3822,California
Sacramento,2020-12-21,1677,5499,1676,5495,1,4,0,0,1678,5500,0,0,1678,5500,California
Sacramento,2020-12-22,2092,7591,2062,7557,30,34,0,0,2092,7592,0,0,2092,7592,California
Sacramento,2020-12-23,2245,9836,2080,9637,165,199,0,0,2245,9837,0,0,2245,9837,California
Sacramento,2020-12-24,1045,10881,834,10471,211,410,0,0,1045,10882,0,0,1045,10882,California
Sacramento,2020-12-25,1,10882,0,10471,1,411,0,0,1,10883,0,0,1,10883,California
Sacramento,2020-12-26,508,11390,291,10762,217,628,0,0,508,11391,0,0,508,11391,California
Sacramento,2020-12-27,350,11740,247,11009,103,731,0,0,350,11741,0,0,350,11741,California
Sacramento,2020-12-28,1899,13639,1320,12329,579,1310,0,0,1898,13638,1,1,1898,13639,California
Sacramento,2020-12-29,1950,15589,1187,13516,763,2073,0,0,1950,15588,0,1,1950,15589,California
Sacramento,2020-12-30,2565,18154,1464,14980,1101,3174,0,0,2566,18154,0,1,2566,18155,California
Sacramento,2020-12-31,1225,19379,694,15674,531,3705,0,0,1225,19379,0,1,1225,19380,California
Sacramento,2021-01-01,69,19448,60,15734,9,3714,0,0,69,19448,0,1,69,19449,California
Sacramento,2021-01-02,565,20013,363,16097,202,3916,0,0,565,20013,0,1,565,20014,California
Sacramento,2021-01-03,410,20423,221,16318,189,4105,0,0,410,20423,0,1,410,20424,California
Sacramento,2021-01-04,1960,22383,846,17164,1114,5219,0,0,1958,22380,1,2,1958,22382,California
Sacramento,2021-01-05,2209,24592,984,18148,1225,6444,0,0,1855,23888,354,356,1862,24244,California
Sacramento,2021-01-06,2729,27321,1624,19772,1105,7549,0,0,1953,25068,773,1129,1953,26197,California
Sacramento,2021-01-07,2832,30153,1507,21279,1325,8874,0,0,1973,26185,856,1985,1973,28170,California
Sacramento,2021-01-08,3285,33438,2089,23368,1196,10070,0,0,2248,27401,1033,3018,2249,30419,California
Sacramento,2021-01-09,1288,34726,797,24165,491,10561,0,0,898,27911,388,3406,898,31317,California
Sacramento,2021-01-10,1245,35971,712,24877,533,11094,0,0,772,28212,472,3878,773,32090,California
Sacramento,2021-01-11,4339,40310,2947,27824,1392,12486,0,0,2412,28700,1926,5804,2414,34504,California
Sacramento,2021-01-12,4414,44724,3032,30856,1382,13868,0,0,2450,29190,1963,7767,2453,36957,California
Sacramento,2021-01-13,3765,48489,2160,33016,1605,15473,0,0,2355,30138,1409,9176,2357,39314,California
Sacramento,2021-01-14,4589,53078,2359,35375,2230,17703,0,0,3666,32885,919,10095,3666,42980,California
Sacramento,2021-01-15,4397,57475,2259,37634,2138,19841,0,0,3676,35842,720,10815,3677,46657,California
Sacramento,2021-01-16,2091,59566,1291,38925,800,20641,0,0,1874,37499,217,11032,1874,48531,California
Sacramento,2021-01-17,1633,61199,951,39876,682,21323,0,0,1456,38780,177,11209,1458,49989,California
Sacramento,2021-01-18,2854,64053,1763,41639,1091,22414,0,0,2331,40589,523,11732,2332,52321,California
Sacramento,2021-01-19,4613,68666,3053,44692,1560,23974,0,0,3349,42675,1264,12996,3350,55671,California
Sacramento,2021-01-20,4759,73425,2817,47509,1942,25916,0,0,3547,45013,1214,14210,3552,59223,California
Sacramento,2021-01-21,5172,78597,2980,50489,2192,28108,0,0,4211,48270,955,15165,4212,63435,California
Sacramento,2021-01-22,4967,83564,2646,53135,2321,30429,0,0,4662,52629,304,15469,4663,68098,California
Sacramento,2021-01-23,3724,87288,1559,54694,2165,32594,0,0,3269,55443,455,15924,3269,71367,California
Sacramento,2021-01-24,1561,88849,979,55673,582,33176,0,0,1323,56529,238,16162,1324,72691,California
Sacramento,2021-01-25,4343,93192,2108,57781,2235,35411,0,0,2928,58044,1415,17577,2930,75621,California
Sacramento,2021-01-26,4692,97884,2128,59909,2564,37975,0,0,3493,60343,1197,18774,3496,79117,California
Sacramento,2021-01-27,5785,103669,3044,62953,2741,40716,0,0,4183,62929,1599,20373,4185,83302,California
Sacramento,2021-01-28,5343,109012,2707,65660,2636,43352,0,0,4247,66082,1095,21468,4248,87550,California
Sacramento,2021-01-29,5376,114388,2926,68586,2450,45802,0,0,4359,69433,1008,22476,4359,91909,California
Sacramento,2021-01-30,4498,118886,2196,70782,2302,48104,0,0,4064,73065,432,22908,4064,95973,California
Sacramento,2021-01-31,2287,121173,1995,72777,292,48396,0,0,2015,74812,270,23178,2017,97990,California
Sacramento,2021-02-01,5897,127070,3009,75786,2888,51284,0,0,4242,77401,1653,24831,4242,102232,California
Sacramento,2021-02-02,6843,133913,3753,79539,3090,54374,0,0,4768,80112,2059,26890,4770,107002,California
Sacramento,2021-02-03,7075,140988,3544,83083,3531,57905,0,0,5221,83490,1845,28735,5223,112225,California
Sacramento,2021-02-04,7685,148673,3621,86704,4064,61969,0,0,5481,86776,2195,30930,5481,117706,California
Sacramento,2021-02-05,7707,156380,4361,91065,3346,65315,0,0,4805,88705,2879,33809,4808,122514,California
Sacramento,2021-02-06,8407,164787,3436,94501,4971,70286,0,0,7075,94454,1328,35137,7077,129591,California
Sacramento,2021-02-07,4025,168812,2143,96644,1882,72168,0,0,2808,96054,1209,36346,2809,132400,California
Sacramento,2021-02-08,6182,174994,3194,99838,2988,75156,0,0,3872,97622,2305,38651,3873,136273,California
Sacramento,2021-02-09,6705,181699,3500,103338,3205,78361,0,0,3920,98767,2777,41428,3922,140195,California
Sacramento,2021-02-10,7641,189340,4176,107514,3465,81826,0,0,4533,100207,3095,44523,4535,144730,California
Sacramento,2021-02-11,8761,198101,4970,112484,3791,85617,0,0,4791,101042,3958,48481,4793,149523,California
Sacramento,2021-02-12,10540,208641,4129,116613,6411,92028,0,0,6362,103268,4139,52620,6365,155888,California
Sacramento,2021-02-13,7585,216226,2985,119598,4600,96628,0,0,6006,107696,1578,54198,6006,161894,California
Sacramento,2021-02-14,3087,219313,1916,121514,1171,97799,0,0,2058,108732,1027,55225,2063,163957,California
Sacramento,2021-02-15,5936,225249,2033,123547,3903,101702,0,0,4145,111094,1785,57010,4147,168104,California
Sacramento,2021-02-16,8839,234088,4193,127740,4646,106348,0,0,5266,112799,3566,60576,5271,173375,California
Sacramento,2021-02-17,8787,242875,4968,132708,3819,110167,0,0,5119,114263,3656,64232,5120,178495,California
Sacramento,2021-02-18,8798,251673,5033,137741,3765,113932,0,0,5062,115599,3730,67962,5066,183561,California
Sacramento,2021-02-19,9970,261643,6119,143860,3851,117783,0,0,5896,117438,4061,72023,5900,189461,California
Sacramento,2021-02-20,7331,268974,5350,149210,1981,119764,0,0,4290,118695,3034,75057,4291,193752,California
Sacramento,2021-02-21,2860,271834,2281,151491,579,120343,0,0,990,117822,1864,76921,991,194743,California
Sacramento,2021-02-22,6141,277975,3720,155211,2421,122764,0,0,2663,117020,3470,80391,2668,197411,California
Sacramento,2021-02-23,7083,285058,4404,159615,2679,125443,0,0,3462,116879,3606,83997,3465,200876,California
Sacramento,2021-02-24,9555,294613,5269,164884,4286,129729,0,0,5236,117815,4305,88302,5241,206117,California
Sacramento,2021-02-25,9960,304573,5372,170256,4588,134317,0,0,5500,118869,4446,92748,5500,211617,California
Sacramento,2021-02-26,13831,318404,6443,176699,7388,141705,0,0,9512,124096,4289,97037,9516,221133,California
Sacramento,2021-02-27,10764,329168,6700,183399,4061,145766,3,3,7920,129193,2827,99864,7924,229057,California
Sacramento,2021-02-28,5530,334698,2173,185572,3357,149123,0,3,2561,128800,2955,102819,2562,231619,California
Sacramento,2021-03-01,7935,342633,3417,188989,4518,153641,0,3,4269,129426,3645,106464,4271,235890,California
Sacramento,2021-03-02,8765,351398,3985,192974,4779,158420,1,4,5475,131628,3276,109740,5478,241368,California
Sacramento,2021-03-03,10600,361998,4882,197856,5716,164136,2,6,6230,133509,4353,114093,6234,247602,California
Sacramento,2021-03-04,12231,374229,5075,202931,7152,171288,4,10,7051,135421,5150,119243,7062,254664,California
Sacramento,2021-03-05,10465,384694,4846,207777,5590,176878,29,39,6944,138893,3502,122745,6974,261638,California
Sacramento,2021-03-06,7959,392653,3057,210834,4779,181657,123,162,3994,139063,3948,126693,4118,265756,California
Sacramento,2021-03-07,7531,400184,2180,213014,5268,186925,83,245,3695,139007,3833,130526,3777,269533,California
Sacramento,2021-03-08,9046,409230,4217,217231,4605,191530,224,469,5929,142052,3106,133632,6151,275684,California
Sacramento,2021-03-09,9438,418668,4500,221731,4670,196200,268,737,5416,143732,4005,137637,5685,281369,California
Sacramento,2021-03-10,11550,430218,7459,229190,3765,199965,326,1063,6742,146021,4781,142418,7070,288439,California
Sacramento,2021-03-11,13736,443954,8815,238005,4149,204114,772,1835,8157,149410,5539,147957,8928,297367,California
Sacramento,2021-03-12,17055,461009,8241,246246,7994,212108,820,2655,8057,149350,8947,156904,8887,306254,California
Sacramento,2021-03-13,12708,473717,3540,249786,8754,220862,414,3069,8005,153080,4691,161595,8421,314675,California
Sacramento,2021-03-14,8207,481924,3436,253222,4145,225007,626,3695,4356,154233,3828,165423,4981,319656,California
Sacramento,2021-03-15,11909,493833,4787,258009,6486,231493,636,4331,6873,156726,5017,170440,7510,327166,California
Sacramento,2021-03-16,13754,507587,6178,264187,6938,238431,638,4969,8457,160557,5262,175702,9093,336259,California
Sacramento,2021-03-17,13335,520922,6530,270717,6197,244628,608,5577,8602,165058,4708,180410,9209,345468,California
Sacramento,2021-03-18,13678,534600,6506,277223,6612,251240,560,6137,9004,169974,4646,185056,9562,355030,California
Sacramento,2021-03-19,14667,549267,7392,284615,5916,257156,1359,7496,7309,171303,7339,192395,8668,363698,California
Sacramento,2021-03-20,12656,561923,7517,292132,4799,261955,340,7836,7964,174939,4669,197064,8305,372003,California
Sacramento,2021-03-21,5529,567452,2748,294880,2742,264697,39,7875,4893,179248,625,197689,4934,376937,California
Sacramento,2021-03-22,9175,576627,4749,299629,3660,268357,766,8641,6197,183262,2951,200640,6965,383902,California
Sacramento,2021-03-23,11104,587731,6690,306319,3606,271963,808,9449,7141,187285,3926,204566,7949,391851,California
Sacramento,2021-03-24,11526,599257,7196,313515,3702,275665,628,10077,6676,189773,4819,209385,7307,399158,California
Sacramento,2021-03-25,12147,611404,6720,320235,4623,280288,804,10881,7033,192526,5083,214468,7836,406994,California
Sacramento,2021-03-26,17157,628561,8246,328481,8429,288717,482,11363,8359,192629,8741,223209,8844,415838,California
Sacramento,2021-03-27,9472,638033,3521,332002,5670,294387,281,11644,5129,193722,4317,227526,5410,421248,California
Sacramento,2021-03-28,6388,644421,3203,335205,2938,297325,247,11891,3050,193694,3329,230855,3301,424549,California
Sacramento,2021-03-29,10666,655087,5869,341074,4602,301927,195,12086,5129,193509,5512,236367,5327,429876,California
Sacramento,2021-03-30,11470,666557,6032,347106,5125,307052,313,12399,5989,194349,5461,241828,6301,436177,California
Sacramento,2021-03-31,13109,679666,7794,354900,4923,311975,392,12791,5691,193036,7393,249221,6080,442257,California
Sacramento,2021-04-01,15202,694868,8626,363526,6363,318338,213,13004,5733,189546,9443,258664,5953,448210,California
Sacramento,2021-04-02,15599,710467,8588,372114,6324,324662,687,13691,7775,190216,7795,266459,8465,456675,California
Sacramento,2021-04-03,10230,720697,6086,378200,3597,328259,547,14238,6346,193246,3860,270319,6890,463565,California
Sacramento,2021-04-04,3543,724240,1438,379638,1923,330182,182,14420,1365,192616,2174,272493,1544,465109,California
Sacramento,2021-04-05,11575,735815,7265,386903,3504,333686,806,15226,5138,192142,6414,278907,5940,471049,California
Sacramento,2021-04-06,15108,750923,8568,395471,5283,338969,1257,16483,6656,191634,8422,287329,7914,478963,California
Sacramento,2021-04-07,14085,765008,7538,403009,5043,344012,1504,17987,6756,192595,7292,294621,8253,487216,California
Sacramento,2021-04-08,13786,778794,6057,409066,4912,348924,2817,20804,5306,192261,8453,303074,8119,495335,California
Sacramento,2021-04-09,12738,791532,5985,415051,4876,353800,1877,22681,4400,190220,8313,311387,6272,501607,California
Sacramento,2021-04-10,6597,798129,1126,416177,4681,358481,790,23471,2643,189708,3941,315328,3429,505036,California
San Benito,2020-12-16,2,2,2,2,0,0,0,0,2,2,0,0,2,2,California
San Benito,2020-12-17,8,10,8,10,0,0,0,0,8,10,0,0,8,10,California
San Benito,2020-12-18,32,42,32,42,0,0,0,0,32,42,0,0,32,42,California
San Benito,2020-12-19,47,89,47,89,0,0,0,0,47,89,0,0,47,89,California
San Benito,2020-12-20,22,111,21,110,1,1,0,0,22,111,0,0,22,111,California
San Benito,2020-12-21,48,159,48,158,0,1,0,0,48,159,0,0,48,159,California
San Benito,2020-12-22,63,222,63,221,0,1,0,0,63,222,0,0,63,222,California
San Benito,2020-12-23,48,270,36,257,12,13,0,0,48,270,0,0,48,270,California
San Benito,2020-12-24,12,282,4,261,8,21,0,0,12,282,0,0,12,282,California
San Benito,2020-12-25,4,286,4,265,0,21,0,0,4,286,0,0,4,286,California
San Benito,2020-12-26,13,299,4,269,9,30,0,0,13,299,0,0,13,299,California
San Benito,2020-12-27,8,307,7,276,1,31,0,0,8,307,0,0,8,307,California
San Benito,2020-12-28,63,370,36,312,27,58,0,0,63,370,0,0,63,370,California
San Benito,2020-12-29,49,419,20,332,29,87,0,0,49,419,0,0,49,419,California
San Benito,2020-12-30,60,479,37,369,23,110,0,0,60,479,0,0,60,479,California
San Benito,2020-12-31,19,498,2,371,17,127,0,0,19,498,0,0,19,498,California
San Benito,2021-01-02,24,522,23,394,1,128,0,0,24,522,0,0,24,522,California
San Benito,2021-01-03,3,525,1,395,2,130,0,0,3,525,0,0,3,525,California
San Benito,2021-01-04,62,587,23,418,39,169,0,0,62,587,0,0,62,587,California
San Benito,2021-01-05,118,705,36,454,82,251,0,0,115,699,3,3,115,702,California
San Benito,2021-01-06,97,802,42,496,55,306,0,0,83,768,14,17,83,785,California
San Benito,2021-01-07,79,881,43,539,36,342,0,0,51,791,28,45,51,836,California
San Benito,2021-01-08,130,1011,67,606,63,405,0,0,87,835,43,88,87,923,California
San Benito,2021-01-09,44,1055,31,637,13,418,0,0,30,851,14,102,30,953,California
San Benito,2021-01-10,15,1070,13,650,2,420,0,0,5,846,10,112,5,958,California
San Benito,2021-01-11,101,1171,58,708,43,463,0,0,49,843,52,164,49,1007,California
San Benito,2021-01-12,154,1325,51,759,103,566,0,0,119,927,35,199,119,1126,California
San Benito,2021-01-13,190,1515,35,794,155,721,0,0,163,1063,27,226,163,1289,California
San Benito,2021-01-14,113,1628,23,817,90,811,0,0,96,1142,17,243,96,1385,California
San Benito,2021-01-15,213,1841,21,838,192,1003,0,0,199,1327,14,257,199,1584,California
San Benito,2021-01-16,27,1868,9,847,18,1021,0,0,21,1342,6,263,21,1605,California
San Benito,2021-01-17,10,1878,5,852,5,1026,0,0,7,1346,3,266,7,1612,California
San Benito,2021-01-18,36,1914,23,875,13,1039,0,0,21,1352,15,281,21,1633,California
San Benito,2021-01-19,150,2064,63,938,87,1126,0,0,124,1450,26,307,124,1757,California
San Benito,2021-01-20,260,2324,80,1018,180,1306,0,0,214,1619,45,352,214,1971,California
San Benito,2021-01-21,124,2448,31,1049,93,1399,0,0,100,1695,24,376,100,2071,California
San Benito,2021-01-22,231,2679,19,1068,212,1611,0,0,221,1906,10,386,221,2292,California
San Benito,2021-01-23,30,2709,16,1084,14,1625,0,0,13,1902,17,403,13,2305,California
San Benito,2021-01-24,11,2720,3,1087,8,1633,0,0,7,1905,4,407,7,2312,California
San Benito,2021-01-25,67,2787,25,1112,42,1675,0,0,22,1882,45,452,22,2334,California
San Benito,2021-01-26,134,2921,41,1153,93,1768,0,0,81,1910,53,505,81,2415,California
San Benito,2021-01-27,231,3152,69,1222,162,1930,0,0,190,2059,41,546,190,2605,California
San Benito,2021-01-28,156,3308,32,1254,124,2054,0,0,124,2152,31,577,124,2729,California
San Benito,2021-01-29,285,3593,32,1286,253,2307,0,0,261,2390,23,600,261,2990,California
San Benito,2021-01-30,49,3642,31,1317,18,2325,0,0,27,2395,22,622,27,3017,California
San Benito,2021-01-31,17,3659,5,1322,12,2337,0,0,12,2402,5,627,12,3029,California
San Benito,2021-02-01,133,3792,28,1350,105,2442,0,0,89,2447,44,671,89,3118,California
San Benito,2021-02-02,224,4016,48,1398,176,2618,0,0,134,2491,90,761,134,3252,California
San Benito,2021-02-03,336,4352,41,1439,295,2913,0,0,272,2699,64,825,272,3524,California
San Benito,2021-02-04,159,4511,24,1463,135,3048,0,0,116,2772,43,868,116,3640,California
San Benito,2021-02-05,289,4800,40,1503,249,3297,0,0,227,2937,62,930,227,3867,California
San Benito,2021-02-06,49,4849,9,1512,40,3337,0,0,32,2952,17,947,32,3899,California
San Benito,2021-02-07,15,4864,7,1519,8,3345,0,0,14,2965,1,948,14,3913,California
San Benito,2021-02-08,137,5001,15,1534,122,3467,0,0,91,3010,46,994,91,4004,California
San Benito,2021-02-09,326,5327,64,1598,262,3729,0,0,195,3074,131,1125,195,4199,California
San Benito,2021-02-10,318,5645,88,1686,230,3959,0,0,124,3004,194,1319,124,4323,California
San Benito,2021-02-11,292,5937,31,1717,261,4220,0,0,195,3102,97,1416,195,4518,California
San Benito,2021-02-12,412,6349,31,1748,381,4601,0,0,208,3107,203,1619,208,4726,California
San Benito,2021-02-13,57,6406,8,1756,49,4650,0,0,43,3136,14,1633,43,4769,California
San Benito,2021-02-14,40,6446,5,1761,35,4685,0,0,30,3156,10,1643,30,4799,California
San Benito,2021-02-15,106,6552,9,1770,97,4782,0,0,95,3240,11,1654,95,4894,California
San Benito,2021-02-16,203,6755,11,1781,192,4974,0,0,103,3243,100,1754,103,4997,California
San Benito,2021-02-17,325,7080,30,1811,295,5269,0,0,277,3472,48,1802,277,5274,California
San Benito,2021-02-18,291,7371,38,1849,253,5522,0,0,70,3321,221,2023,70,5344,California
San Benito,2021-02-19,325,7696,45,1894,280,5802,0,0,158,3312,167,2190,158,5502,California
San Benito,2021-02-20,45,7741,26,1920,19,5821,0,0,36,3339,9,2199,36,5538,California
San Benito,2021-02-21,23,7764,8,1928,15,5836,0,0,14,3344,9,2208,14,5552,California
San Benito,2021-02-22,131,7895,36,1964,95,5931,0,0,97,3408,33,2241,97,5649,California
San Benito,2021-02-23,375,8270,93,2057,282,6213,0,0,264,3561,111,2352,264,5913,California
San Benito,2021-02-24,372,8642,62,2119,310,6523,0,0,235,3659,137,2489,235,6148,California
San Benito,2021-02-25,391,9033,63,2182,328,6851,0,0,270,3806,123,2612,270,6418,California
San Benito,2021-02-26,640,9673,73,2255,567,7418,0,0,398,3962,242,2854,398,6816,California
San Benito,2021-02-27,98,9771,36,2291,62,7480,0,0,83,4030,15,2869,83,6899,California
San Benito,2021-02-28,244,10015,23,2314,221,7701,0,0,235,4256,9,2878,235,7134,California
San Benito,2021-03-01,225,10240,60,2374,165,7866,0,0,156,4342,70,2948,156,7290,California
San Benito,2021-03-02,255,10495,74,2448,181,8047,0,0,187,4461,68,3016,187,7477,California
San Benito,2021-03-03,381,10876,54,2502,327,8374,0,0,207,4496,172,3188,207,7684,California
San Benito,2021-03-04,600,11476,122,2624,464,8838,14,14,422,4744,178,3366,426,8110,California
San Benito,2021-03-05,582,12058,305,2929,264,9102,13,27,373,4922,208,3574,386,8496,California
San Benito,2021-03-06,188,12246,64,2993,110,9212,14,41,137,5022,51,3625,151,8647,California
San Benito,2021-03-07,646,12892,602,3595,22,9234,22,63,614,5626,32,3657,636,9283,California
San Benito,2021-03-08,267,13159,65,3660,174,9408,28,91,165,5717,102,3759,193,9476,California
San Benito,2021-03-09,419,13578,85,3745,235,9643,99,190,135,5642,281,4040,206,9682,California
San Benito,2021-03-10,401,13979,114,3859,193,9836,94,284,232,5799,169,4209,326,10008,California
San Benito,2021-03-11,431,14410,120,3979,197,10033,114,398,210,5902,221,4430,324,10332,California
San Benito,2021-03-12,505,14915,116,4095,296,10329,93,491,228,5949,275,4705,322,10654,California
San Benito,2021-03-13,200,15115,100,4195,82,10411,18,509,128,6025,70,4775,146,10800,California
San Benito,2021-03-14,230,15345,40,4235,170,10581,20,529,178,6172,51,4826,198,10998,California
San Benito,2021-03-15,323,15668,99,4334,205,10786,19,548,189,6246,134,4960,208,11206,California
San Benito,2021-03-16,478,16146,216,4550,231,11017,31,579,338,6474,140,5100,368,11574,California
San Benito,2021-03-17,683,16829,473,5023,197,11214,13,592,553,6914,126,5226,566,12140,California
San Benito,2021-03-18,691,17520,522,5545,123,11337,46,638,564,7399,125,5351,610,12750,California
San Benito,2021-03-19,743,18263,402,5947,318,11655,23,661,567,7813,176,5527,590,13340,California
San Benito,2021-03-20,235,18498,146,6093,77,11732,12,673,179,7948,56,5583,191,13531,California
San Benito,2021-03-21,104,18602,53,6146,46,11778,5,678,77,8003,27,5610,82,13613,California
San Benito,2021-03-22,328,18930,170,6316,133,11911,25,703,226,8152,102,5712,251,13864,California
San Benito,2021-03-23,473,19403,197,6513,266,12177,10,713,222,8132,251,5963,231,14095,California
San Benito,2021-03-24,548,19951,306,6819,236,12413,6,719,359,8307,189,6152,364,14459,California
San Benito,2021-03-25,702,20653,412,7231,287,12700,3,722,412,8433,289,6441,415,14874,California
San Benito,2021-03-26,992,21645,515,7746,474,13174,3,725,327,8099,664,7105,330,15204,California
San Benito,2021-03-27,320,21965,179,7925,109,13283,32,757,206,8224,113,7218,238,15442,California
San Benito,2021-03-28,690,22655,571,8496,114,13397,5,762,127,7793,563,7781,132,15574,California
San Benito,2021-03-29,344,22999,110,8606,214,13611,20,782,150,7768,194,7975,169,15743,California
San Benito,2021-03-30,559,23558,260,8866,208,13819,91,873,280,7860,279,8254,371,16114,California
San Benito,2021-03-31,565,24123,345,9211,196,14015,24,897,322,7965,241,8495,346,16460,California
San Benito,2021-04-01,925,25048,371,9582,517,14532,37,934,557,8191,367,8862,593,17053,California
San Benito,2021-04-02,537,25585,261,9843,141,14673,135,1069,265,8319,272,9134,400,17453,California
San Benito,2021-04-03,244,25829,89,9932,104,14777,51,1120,78,8282,166,9300,129,17582,California
San Benito,2021-04-04,142,25971,107,10039,30,14807,5,1125,107,8359,35,9335,112,17694,California
San Benito,2021-04-05,347,26318,166,10205,140,14947,41,1166,140,8332,207,9542,180,17874,California
San Benito,2021-04-06,332,26650,156,10361,123,15070,53,1219,164,8381,168,9710,217,18091,California
San Benito,2021-04-07,794,27444,513,10874,217,15287,64,1283,258,8168,535,10245,322,18413,California
San Benito,2021-04-08,662,28106,410,11284,174,15461,78,1361,206,7997,455,10700,284,18697,California
San Benito,2021-04-09,694,28800,409,11693,216,15677,69,1430,222,7816,472,11172,291,18988,California
San Benito,2021-04-10,107,28907,61,11754,31,15708,15,1445,67,7858,39,11211,81,19069,California
San Bernardino,2020-12-15,13,13,13,13,0,0,0,0,13,13,0,0,13,13,California
San Bernardino,2020-12-16,107,120,107,120,0,0,0,0,107,120,0,0,107,120,California
San Bernardino,2020-12-17,2347,2467,2347,2467,0,0,0,0,2347,2467,0,0,2347,2467,California
San Bernardino,2020-12-18,3142,5609,3139,5606,3,3,0,0,3143,5610,0,0,3143,5610,California
San Bernardino,2020-12-19,1066,6675,1065,6671,1,4,0,0,1067,6677,0,0,1067,6677,California
San Bernardino,2020-12-20,1172,7847,1171,7842,1,5,0,0,1172,7849,0,0,1172,7849,California
San Bernardino,2020-12-21,2454,10301,2449,10291,5,10,0,0,2454,10303,0,0,2454,10303,California
San Bernardino,2020-12-22,2268,12569,2143,12434,125,135,0,0,2269,12572,0,0,2269,12572,California
San Bernardino,2020-12-23,2644,15213,1453,13887,1191,1326,0,0,2643,15215,0,0,2643,15215,California
San Bernardino,2020-12-24,1159,16372,585,14472,574,1900,0,0,1161,16376,0,0,1161,16376,California
San Bernardino,2020-12-25,74,16446,14,14486,60,1960,0,0,74,16450,0,0,74,16450,California
San Bernardino,2020-12-26,461,16907,253,14739,208,2168,0,0,461,16911,0,0,461,16911,California
San Bernardino,2020-12-27,343,17250,160,14899,183,2351,0,0,343,17254,0,0,343,17254,California
San Bernardino,2020-12-28,1560,18810,710,15609,850,3201,0,0,1561,18815,0,0,1561,18815,California
San Bernardino,2020-12-29,2206,21016,1041,16650,1165,4366,0,0,2205,21019,1,1,2205,21020,California
San Bernardino,2020-12-30,2888,23904,1459,18109,1429,5795,0,0,2889,23908,0,1,2889,23909,California
San Bernardino,2020-12-31,1352,25256,439,18548,913,6708,0,0,1350,25258,0,1,1350,25259,California
San Bernardino,2021-01-01,275,25531,148,18696,127,6835,0,0,274,25532,0,1,274,25533,California
San Bernardino,2021-01-02,476,26007,339,19035,137,6972,0,0,476,26008,0,1,476,26009,California
San Bernardino,2021-01-03,135,26142,85,19120,50,7022,0,0,135,26143,0,1,135,26144,California
San Bernardino,2021-01-04,2115,28257,1286,20406,829,7851,0,0,2114,28257,0,1,2114,28258,California
San Bernardino,2021-01-05,2329,30586,1459,21865,870,8721,0,0,2215,30362,110,111,2215,30473,California
San Bernardino,2021-01-06,3423,34009,2352,24217,1071,9792,0,0,2932,32810,485,596,2933,33406,California
San Bernardino,2021-01-07,5397,39406,4491,28708,906,10698,0,0,2472,32376,2906,3502,2472,35878,California
San Bernardino,2021-01-08,5353,44759,4440,33148,913,11611,0,0,2280,31590,3067,6569,2281,38159,California
San Bernardino,2021-01-09,1398,46157,1100,34248,298,11909,0,0,902,31996,496,7065,902,39061,California
San Bernardino,2021-01-10,1020,47177,598,34846,422,12331,0,0,573,32122,447,7512,573,39634,California
San Bernardino,2021-01-11,4983,52160,4081,38927,902,13233,0,0,2768,32678,2212,9724,2768,42402,California
San Bernardino,2021-01-12,4228,56388,3222,42149,1006,14239,0,0,2514,33479,1713,11437,2514,44916,California
San Bernardino,2021-01-13,4552,60940,2847,44996,1705,15944,0,0,3329,35599,1210,12647,3330,48246,California
San Bernardino,2021-01-14,4743,65683,2774,47770,1969,17913,0,0,4161,39182,578,13225,4161,52407,California
San Bernardino,2021-01-15,5963,71646,2971,50741,2992,20905,0,0,5568,44368,385,13610,5571,57978,California
San Bernardino,2021-01-16,2254,73900,1288,52029,966,21871,0,0,2113,46340,141,13751,2113,60091,California
San Bernardino,2021-01-17,1186,75086,515,52544,671,22542,0,0,1096,47349,89,13840,1098,61189,California
San Bernardino,2021-01-18,4264,79350,2636,55180,1628,24170,0,0,3646,50380,617,14457,3648,64837,California
San Bernardino,2021-01-19,6294,85644,3705,58885,2589,26759,0,0,5205,54502,1087,15544,5209,70046,California
San Bernardino,2021-01-20,6794,92438,3726,62611,3068,29827,0,0,4867,57452,1919,17463,4869,74915,California
San Bernardino,2021-01-21,5982,98420,3075,65686,2907,32734,0,0,4869,61219,1104,18567,4871,79786,California
San Bernardino,2021-01-22,6496,104916,3037,68723,3459,36193,0,0,5775,66276,719,19286,5776,85562,California
San Bernardino,2021-01-23,3097,108013,1886,70609,1211,37404,0,0,2711,68602,385,19671,2711,88273,California
San Bernardino,2021-01-24,1193,109206,461,71070,732,38136,0,0,1094,69597,99,19770,1094,89367,California
San Bernardino,2021-01-25,6858,116064,3396,74466,3462,41598,0,0,5017,72778,1839,21609,5020,94387,California
San Bernardino,2021-01-26,7087,123151,3562,78028,3525,45123,0,0,5002,75701,2085,23694,5008,99395,California
San Bernardino,2021-01-27,8224,131375,4103,82131,4121,49244,0,0,5538,78563,2676,26370,5538,104933,California
San Bernardino,2021-01-28,8531,139906,4044,86175,4487,53731,0,0,6229,82494,2298,28668,6229,111162,California
San Bernardino,2021-01-29,8127,148033,3732,89907,4395,58126,0,0,6180,86741,1934,30602,6181,117343,California
San Bernardino,2021-01-30,3080,151113,1896,91803,1184,59310,0,0,2797,89256,282,30884,2797,120140,California
San Bernardino,2021-01-31,925,152038,496,92299,429,59739,0,0,871,90074,53,30937,871,121011,California
San Bernardino,2021-02-01,7521,159559,4224,96523,3297,63036,0,0,4903,92362,2615,33552,4903,125914,California
San Bernardino,2021-02-02,10369,169928,3650,100173,6719,69755,0,0,8319,98635,2047,35599,8320,134234,California
San Bernardino,2021-02-03,8957,178885,4142,104315,4815,74570,0,0,6479,102645,2470,38069,6480,140714,California
San Bernardino,2021-02-04,10503,189388,5200,109515,5303,79873,0,0,7441,107035,3051,41120,7441,148155,California
San Bernardino,2021-02-05,10943,200331,5901,115416,5042,84915,0,0,7430,110965,3502,44622,7432,155587,California
San Bernardino,2021-02-06,5245,205576,2206,117622,3039,87954,0,0,3615,112978,1605,46227,3618,159205,California
San Bernardino,2021-02-07,852,206428,498,118120,354,88308,0,0,475,113080,374,46601,476,159681,California
San Bernardino,2021-02-08,7261,213689,3868,121988,3393,91701,0,0,5599,117021,1658,48259,5599,165280,California
San Bernardino,2021-02-09,9897,223586,5821,127809,4076,95777,0,0,6679,120490,3215,51474,6684,171964,California
San Bernardino,2021-02-10,11987,235573,6529,134338,5458,101235,0,0,7831,124177,4145,55619,7832,179796,California
San Bernardino,2021-02-11,12249,247822,7048,141386,5201,106436,0,0,7819,127592,4408,60027,7823,187619,California
San Bernardino,2021-02-12,10322,258144,5919,147305,4403,110839,0,0,5672,128630,4636,64663,5674,193293,California
San Bernardino,2021-02-13,5995,264139,3982,151287,2013,112852,0,0,3765,130187,2215,66878,3772,197065,California
San Bernardino,2021-02-14,1544,265683,650,151937,894,113746,0,0,868,130387,668,67546,868,197933,California
San Bernardino,2021-02-15,5452,271135,2994,154931,2458,116204,0,0,3055,131060,2383,69929,3056,200989,California
San Bernardino,2021-02-16,12579,283714,7373,162304,5206,121410,0,0,7972,134440,4594,74523,7974,208963,California
San Bernardino,2021-02-17,11775,295489,6455,168759,5320,126730,0,0,7165,137011,4595,79118,7166,216129,California
San Bernardino,2021-02-18,12448,307937,7583,176342,4865,131595,0,0,7714,140013,4718,83836,7720,223849,California
San Bernardino,2021-02-19,11455,319392,5895,182237,5560,137155,0,0,6780,142137,4656,88492,6780,230629,California
San Bernardino,2021-02-20,4493,323885,3457,185694,1036,138191,0,0,2045,141737,2446,90938,2046,232675,California
San Bernardino,2021-02-21,1019,324904,560,186254,459,138650,0,0,319,141358,698,91636,319,232994,California
San Bernardino,2021-02-22,8483,333387,5194,191448,3289,141939,0,0,4028,140941,4446,96082,4029,237023,California
San Bernardino,2021-02-23,8793,342180,5180,196628,3613,145552,0,0,4521,141219,4243,100325,4521,241544,California
San Bernardino,2021-02-24,11972,354152,6843,203471,5129,150681,0,0,6082,141436,5866,106191,6083,247627,California
San Bernardino,2021-02-25,12888,367040,6254,209725,6634,157315,0,0,7518,143604,5354,111545,7522,255149,California
San Bernardino,2021-02-26,13325,380365,6382,216107,6943,164258,0,0,7510,145360,5755,117300,7511,262660,California
San Bernardino,2021-02-27,6575,386940,3651,219758,2924,167182,0,0,4766,148325,1801,119101,4766,267426,California
San Bernardino,2021-02-28,1745,388685,721,220479,1024,168206,0,0,1134,148856,605,119706,1136,268562,California
San Bernardino,2021-03-01,8374,397059,4318,224797,4055,172261,1,1,3838,148188,4515,124221,3847,272409,California
San Bernardino,2021-03-02,13484,410543,5322,230119,8162,180423,0,1,6413,147560,7044,131265,6416,278825,California
San Bernardino,2021-03-03,12403,422946,6289,236408,6113,186536,1,2,5720,146618,6667,137932,5725,284550,California
San Bernardino,2021-03-04,12735,435681,6486,242894,6248,192784,1,3,5772,145448,6945,144877,5775,290325,California
San Bernardino,2021-03-05,13317,448998,6692,249586,6624,199408,1,4,6770,145716,6520,151397,6788,297113,California
San Bernardino,2021-03-06,9448,458446,5260,254846,3973,203381,215,219,4406,145307,5029,156426,4620,301733,California
San Bernardino,2021-03-07,1523,459969,925,255771,543,203924,55,274,981,145803,540,156966,1036,302769,California
San Bernardino,2021-03-08,7212,467181,3103,258874,3948,207872,161,435,3455,145669,3753,160719,3619,306388,California
San Bernardino,2021-03-09,11894,479075,6541,265415,5116,212988,237,672,4775,143575,7107,167826,5013,311401,California
San Bernardino,2021-03-10,13285,492360,7248,272663,5645,218633,392,1064,6136,142985,7124,174950,6534,317935,California
San Bernardino,2021-03-11,13637,505997,6441,279104,6410,225043,786,1850,7153,144462,6464,181414,7941,325876,California
San Bernardino,2021-03-12,15082,521079,6733,285837,6354,231397,1995,3845,7235,145920,7821,189235,9279,335155,California
San Bernardino,2021-03-13,8111,529190,4460,290297,3158,234555,493,4338,4824,147956,3282,192517,5318,340473,California
San Bernardino,2021-03-14,3159,532349,1586,291883,1010,235565,563,4901,1804,148972,1350,193867,2366,342839,California
San Bernardino,2021-03-15,11200,543549,5300,297183,3901,239466,1999,6900,5476,150731,5714,199581,7473,350312,California
San Bernardino,2021-03-16,15944,559493,7894,305077,7108,246574,942,7842,9724,155199,6197,205778,10665,360977,California
San Bernardino,2021-03-17,16653,576146,8431,313508,7477,254051,745,8587,9975,159258,6662,212440,10721,371698,California
San Bernardino,2021-03-18,16212,592358,8046,321554,7783,261834,383,8970,9527,162511,6658,219098,9911,381609,California
San Bernardino,2021-03-19,16573,608931,8172,329726,7818,269652,583,9553,9489,165577,7060,226158,10126,391735,California
San Bernardino,2021-03-20,9349,618280,5903,335629,2864,272516,582,10135,5561,167957,3762,229920,6142,397877,California
San Bernardino,2021-03-21,2731,621011,2228,337857,456,272972,47,10182,2215,169713,506,230426,2262,400139,California
San Bernardino,2021-03-22,9520,630531,4482,342339,4605,277577,433,10615,6924,174491,2580,233006,7358,407497,California
San Bernardino,2021-03-23,15216,645747,8637,350976,5960,283537,619,11234,9512,178934,5686,238692,10129,417626,California
San Bernardino,2021-03-24,14801,660548,7699,358675,6804,290341,298,11532,9905,184271,4867,243559,10204,427830,California
San Bernardino,2021-03-25,16554,677102,8164,366839,8102,298443,288,11820,10524,189089,5991,249550,10809,438639,California
San Bernardino,2021-03-26,17766,694868,8539,375378,8471,306914,756,12576,10848,193807,6889,256439,11607,450246,California
San Bernardino,2021-03-27,10648,705516,6859,382237,3043,309957,746,13322,6110,196139,4524,260963,6856,457102,California
San Bernardino,2021-03-28,3501,709017,2463,384700,928,310885,110,13432,2470,197693,1026,261989,2580,459682,California
San Bernardino,2021-03-29,11236,720253,5939,390639,4900,315785,397,13829,7626,202117,3599,265588,8023,467705,California
San Bernardino,2021-03-30,16697,736950,9384,400023,6607,322392,706,14535,10787,207726,5881,271469,11490,479195,California
San Bernardino,2021-03-31,15881,752831,8933,408956,6354,328746,594,15129,10764,213984,5098,276567,11356,490551,California
San Bernardino,2021-04-01,19250,772081,10221,419177,7707,336453,1322,16451,12608,221297,6614,283181,13927,504478,California
San Bernardino,2021-04-02,18104,790185,8994,428171,7863,344316,1247,17698,11007,226518,7073,290254,12294,516772,California
San Bernardino,2021-04-03,10674,800859,6617,434788,2946,347262,1111,18809,5835,228634,4827,295081,6943,523715,California
San Bernardino,2021-04-04,2369,803228,1414,436202,714,347976,241,19050,1200,228908,1167,296248,1441,525156,California
San Bernardino,2021-04-05,11181,814409,4988,441190,4641,352617,1552,20602,5806,230905,5357,301605,7354,532510,California
San Bernardino,2021-04-06,18800,833209,10494,451684,6411,359028,1895,22497,10079,234182,8693,310298,11970,544480,California
San Bernardino,2021-04-07,19716,852925,10358,462042,7039,366067,2319,24816,10742,238287,8948,319246,13053,557533,California
San Bernardino,2021-04-08,20451,873376,10321,472363,7678,373745,2452,27268,11241,242795,9182,328428,13690,571223,California
San Bernardino,2021-04-09,14551,887927,6853,479216,6142,379887,1556,28824,7634,245086,6897,335325,9188,580411,California
San Bernardino,2021-04-10,6781,894708,2665,481881,1668,381555,2448,31272,2642,246041,4134,339459,5089,585500,California
San Diego,2020-12-15,119,119,119,119,0,0,0,0,119,119,0,0,119,119,California
San Diego,2020-12-16,1101,1220,1101,1220,0,0,0,0,1101,1220,0,0,1101,1220,California
San Diego,2020-12-17,2348,3568,2348,3568,0,0,0,0,2348,3568,0,0,2348,3568,California
San Diego,2020-12-18,3672,7240,3671,7239,1,1,0,0,3672,7240,0,0,3672,7240,California
San Diego,2020-12-19,2311,9551,2311,9550,0,1,0,0,2311,9551,0,0,2311,9551,California
San Diego,2020-12-20,1184,10735,1182,10732,2,3,0,0,1184,10735,0,0,1184,10735,California
San Diego,2020-12-21,3520,14255,3519,14251,1,4,0,0,3520,14255,0,0,3520,14255,California
San Diego,2020-12-22,4056,18311,3413,17664,643,647,0,0,4056,18311,0,0,4056,18311,California
San Diego,2020-12-23,3176,21487,1974,19638,1202,1849,0,0,3176,21487,0,0,3176,21487,California
San Diego,2020-12-24,2733,24220,2217,21855,516,2365,0,0,2733,24220,0,0,2733,24220,California
San Diego,2020-12-25,875,25095,874,22729,1,2366,0,0,874,25093,1,1,874,25094,California
San Diego,2020-12-26,3294,28389,2144,24873,1150,3516,0,0,3293,28386,0,1,3293,28387,California
San Diego,2020-12-27,2508,30897,1618,26491,890,4406,0,0,2507,30892,1,2,2507,30894,California
San Diego,2020-12-28,5899,36796,4212,30703,1687,6093,0,0,5899,36791,0,2,5899,36793,California
San Diego,2020-12-29,5588,42384,3014,33717,2574,8667,0,0,5588,42379,0,2,5588,42381,California
San Diego,2020-12-30,5942,48326,3100,36817,2842,11509,0,0,5942,48321,0,2,5942,48323,California
San Diego,2020-12-31,2984,51310,1005,37822,1979,13488,0,0,2983,51303,1,3,2983,51306,California
San Diego,2021-01-01,1006,52316,452,38274,554,14042,0,0,1005,52308,0,3,1005,52311,California
San Diego,2021-01-02,3762,56078,1321,39595,2441,16483,0,0,3762,56070,0,3,3762,56073,California
San Diego,2021-01-03,859,56937,632,40227,227,16710,0,0,858,56928,0,3,858,56931,California
San Diego,2021-01-04,3699,60636,2051,42278,1648,18358,0,0,3692,60620,0,3,3692,60623,California
San Diego,2021-01-05,4307,64943,2122,44400,2185,20543,0,0,3690,63710,613,616,3703,64326,California
San Diego,2021-01-06,4945,69888,2299,46699,2646,23189,0,0,3710,66212,1212,1828,3714,68040,California
San Diego,2021-01-07,5610,75498,2984,49683,2626,25815,0,0,3455,67525,2148,3976,3461,71501,California
San Diego,2021-01-08,7722,83220,4961,54644,2761,28576,0,0,3934,67703,3771,7747,3949,75450,California
San Diego,2021-01-09,2956,86176,1554,56198,1402,29978,0,0,1788,68342,1157,8904,1796,77246,California
San Diego,2021-01-10,1881,88057,1292,57490,589,30567,0,0,780,68041,1089,9993,788,78034,California
San Diego,2021-01-11,10324,98381,5859,63349,4465,35032,0,0,6799,71336,3518,13511,6813,84847,California
San Diego,2021-01-12,11198,109579,5316,68665,5882,40914,0,0,7826,75913,3363,16874,7940,92787,California
San Diego,2021-01-13,11474,121053,5023,73688,6451,47365,0,0,8930,82335,2531,19405,8953,101740,California
San Diego,2021-01-14,12360,133413,4750,78438,7610,54975,0,0,10194,90406,2157,21562,10228,111968,California
San Diego,2021-01-15,15114,148527,5353,83791,9761,64736,0,0,12470,100304,2624,24186,12522,124490,California
San Diego,2021-01-16,10764,159291,3595,87386,7169,71905,0,0,9319,108214,1440,25626,9350,133840,California
San Diego,2021-01-17,8681,167972,2500,89886,6181,78086,0,0,7843,115237,838,26464,7861,141701,California
San Diego,2021-01-18,12496,180468,5943,95829,6553,84639,0,0,9665,122163,2792,29256,9718,151419,California
San Diego,2021-01-19,14743,195211,5820,101649,8923,93562,0,0,11618,130928,3111,32367,11876,163295,California
San Diego,2021-01-20,18321,213532,6384,108033,11937,105499,0,0,15032,142859,3270,35637,15201,178496,California
San Diego,2021-01-21,17402,230934,5899,113932,11503,117002,0,0,16013,157638,1378,37015,16157,194653,California
San Diego,2021-01-22,17676,248610,4754,118686,12922,129924,0,0,15623,171317,2040,39055,15719,210372,California
San Diego,2021-01-23,14470,263080,5268,123954,9202,139126,0,0,12109,181133,2348,41403,12164,222536,California
San Diego,2021-01-24,11807,274887,3256,127210,8551,147677,0,0,10853,191065,954,42357,10886,233422,California
San Diego,2021-01-25,12167,287054,5705,132915,6462,154139,0,0,9155,197365,3004,45361,9304,242726,California
San Diego,2021-01-26,14601,301655,7314,140229,7287,161426,0,0,11329,205610,3267,48628,11512,254238,California
San Diego,2021-01-27,20298,321953,7669,147898,12629,174055,0,0,17217,219892,3067,51695,17349,271587,California
San Diego,2021-01-28,20903,342856,7261,155159,13642,187697,0,0,18645,236365,2248,53943,18721,290308,California
San Diego,2021-01-29,19546,362402,6307,161466,13239,200936,0,0,17127,251123,2409,56352,17167,307475,California
San Diego,2021-01-30,15691,378093,3465,164931,12226,213162,0,0,13019,261573,2663,59015,13113,320588,California
San Diego,2021-01-31,14430,392523,5401,170332,9029,222191,0,0,14078,275325,348,59363,14100,334688,California
San Diego,2021-02-01,20015,412538,6735,177067,13280,235471,0,0,16828,289054,3173,62536,16902,351590,California
San Diego,2021-02-02,22475,435013,7989,185056,14486,249957,0,0,18945,304645,3520,66056,19111,370701,California
San Diego,2021-02-03,26443,461456,10697,195753,15746,265703,0,0,22273,322946,4152,70208,22453,393154,California
San Diego,2021-02-04,23471,484927,9256,205009,14215,279918,0,0,18774,337320,4679,74887,19053,412207,California
San Diego,2021-02-05,24762,509689,8861,213870,15901,295819,0,0,18219,349506,6519,81406,18705,430912,California
San Diego,2021-02-06,20514,530203,8365,222235,12149,307968,0,0,17317,363852,3191,84597,17537,448449,California
San Diego,2021-02-07,11234,541437,4680,226915,6554,314522,0,0,9368,371626,1846,86443,9620,458069,California
San Diego,2021-02-08,19396,560833,7980,234895,11416,325938,0,0,11985,376905,7393,93836,12672,470741,California
San Diego,2021-02-09,19671,580504,7762,242657,11909,337847,0,0,12476,383273,7176,101012,13544,484285,California
San Diego,2021-02-10,22265,602769,8913,251570,13352,351199,0,0,13168,388726,9070,110082,14523,498808,California
San Diego,2021-02-11,22991,625760,9825,261395,13166,364365,0,0,11953,391339,11012,121094,13625,512433,California
San Diego,2021-02-12,23299,649059,6941,268336,16358,380723,0,0,11395,393102,11885,132979,13648,526081,California
San Diego,2021-02-13,19421,668480,8413,276749,11008,391731,0,0,10297,395477,9116,142095,11491,537572,California
San Diego,2021-02-14,10490,678970,6734,283483,3756,395487,0,0,5813,398127,4675,146770,7325,544897,California
San Diego,2021-02-15,14869,693839,7365,290848,7504,402991,0,0,7628,401575,7223,153993,10671,555568,California
San Diego,2021-02-16,18505,712344,10608,301456,7897,410888,0,0,8811,403729,9679,163672,11833,567401,California
San Diego,2021-02-17,22447,734791,10040,311496,12407,423295,0,0,7662,399772,14776,178448,10819,578220,California
San Diego,2021-02-18,22926,757717,11640,323136,11286,434581,0,0,7521,396046,15398,193846,11672,589892,California
San Diego,2021-02-19,15851,773568,10865,334001,4986,439567,0,0,6671,395598,9160,203006,8712,598604,California
San Diego,2021-02-20,9931,783499,6284,340285,3647,443214,0,0,5700,399012,4228,207234,7642,606246,California
San Diego,2021-02-21,10303,793802,9060,349345,1243,444457,0,0,4958,399915,5321,212555,6224,612470,California
San Diego,2021-02-22,12252,806054,10403,359748,1849,446306,0,0,6363,402071,5884,218439,8040,620510,California
San Diego,2021-02-23,25047,831101,13873,373621,11174,457480,0,0,9909,402730,15132,233571,15791,636301,California
San Diego,2021-02-24,28585,859686,12438,386059,16147,473627,0,0,7713,397060,20851,254422,15181,651482,California
San Diego,2021-02-25,32623,892309,14323,400382,18300,491927,0,0,10598,394124,22006,276428,19070,670552,California
San Diego,2021-02-26,33168,925477,12114,412496,21054,512981,0,0,12034,392115,21106,297534,19097,689649,California
San Diego,2021-02-27,20851,946328,9280,421776,11571,524552,0,0,11274,398079,9575,307109,15539,705188,California
San Diego,2021-02-28,14512,960840,9216,430992,5296,529848,0,0,9728,405906,4784,311893,12611,717799,California
San Diego,2021-03-01,23604,984444,13684,444676,9919,539767,1,1,15058,416394,8471,320364,18959,736758,California
San Diego,2021-03-02,25138,1009582,13410,458086,11728,551495,0,1,12679,423533,12453,332817,19592,756350,California
San Diego,2021-03-03,33518,1043100,15469,473555,18046,569541,3,4,14554,426159,18951,351768,21577,777927,California
San Diego,2021-03-04,27724,1070824,13764,487319,13960,583501,0,4,12735,430679,14972,366740,19492,797419,California
San Diego,2021-03-05,28500,1099324,14468,501787,13950,597451,82,86,13955,436979,14532,381272,20832,818251,California
San Diego,2021-03-06,22827,1122151,9330,511117,12794,610245,703,789,10631,440889,12188,393460,16098,834349,California
San Diego,2021-03-07,17887,1140038,9023,520140,8299,618544,565,1354,8371,444101,9512,402972,12724,847073,California
San Diego,2021-03-08,22156,1162194,10378,530518,10894,629438,884,2238,10685,449067,11458,414430,16424,863497,California
San Diego,2021-03-09,25208,1187402,11545,542063,11925,641363,1738,3976,11681,452995,13515,427945,17443,880940,California
San Diego,2021-03-10,24616,1212018,10186,552249,12064,653427,2366,6342,11116,457132,13492,441437,17629,898569,California
San Diego,2021-03-11,28451,1240469,10883,563132,13985,667412,3583,9925,11516,459339,16920,458357,19127,917696,California
San Diego,2021-03-12,26925,1267394,9411,572543,14401,681813,3113,13038,9927,458921,16985,475342,16567,934263,California
San Diego,2021-03-13,25692,1293086,7163,579706,16930,698743,1599,14637,9930,458856,15755,491097,15690,949953,California
San Diego,2021-03-14,13666,1306752,5335,585041,7598,706341,733,15370,4869,457999,8791,499888,7934,957887,California
San Diego,2021-03-15,21867,1328619,10133,595174,10969,717310,765,16135,10887,461831,10967,510855,14799,972686,California
San Diego,2021-03-16,29753,1358372,15700,610874,13665,730975,388,16523,17989,471551,11747,522602,21467,994153,California
San Diego,2021-03-17,26109,1384481,12168,623042,13238,744213,703,17226,17383,483008,8716,531318,20173,1014326,California
San Diego,2021-03-18,31150,1415631,17663,640705,12592,756805,895,18121,20347,495150,10785,542103,22927,1037253,California
San Diego,2021-03-19,30074,1445705,14272,654977,14824,771629,978,19099,19886,507122,10172,552275,22144,1059397,California
San Diego,2021-03-20,27660,1473365,8337,663314,17533,789162,1790,20889,22046,526481,5606,557881,24965,1084362,California
San Diego,2021-03-21,16452,1489817,11980,675294,3756,792918,716,21605,10492,533131,5952,563833,12602,1096964,California
San Diego,2021-03-22,22335,1512152,13083,688377,9013,801931,239,21844,16114,546082,6212,570045,19163,1116127,California
San Diego,2021-03-23,25753,1537905,13571,701948,11921,813852,261,22105,19585,561869,6157,576202,21944,1138071,California
San Diego,2021-03-24,29407,1567312,19655,721603,9390,823242,362,22467,20072,575113,9327,585529,22571,1160642,California
San Diego,2021-03-25,29957,1597269,18071,739674,11228,834470,658,23125,19736,587434,10212,595741,22533,1183175,California
San Diego,2021-03-26,31712,1628981,17706,757380,13474,847944,532,23657,19131,597646,12555,608296,22767,1205942,California
San Diego,2021-03-27,24892,1653873,10953,768333,13545,861489,394,24051,15214,605848,9663,617959,17865,1223807,California
San Diego,2021-03-28,14820,1668693,9156,777489,5608,867097,56,24107,9129,610801,5684,623643,10637,1234444,California
San Diego,2021-03-29,26342,1695035,12645,790134,13100,880197,597,24704,18542,624699,7794,631437,21692,1256136,California
San Diego,2021-03-30,32992,1728027,17771,807905,14439,894636,782,25486,23301,640949,9678,641115,25928,1282064,California
San Diego,2021-03-31,29981,1758008,18580,826485,10766,905402,635,26121,20440,653573,9522,650637,22146,1304210,California
San Diego,2021-04-01,33791,1791799,19883,846368,12561,917963,1347,27468,24419,671359,9350,659987,27136,1331346,California
San Diego,2021-04-02,35253,1827052,20557,866925,12176,930139,2520,29988,24127,688295,11107,671094,28043,1359389,California
San Diego,2021-04-03,30308,1857360,14115,881040,11746,941885,4447,34435,19849,703330,10446,681540,25481,1384870,California
San Diego,2021-04-04,8802,1866162,4986,886026,2926,944811,890,35325,4633,704859,4164,685704,5693,1390563,California
San Diego,2021-04-05,29092,1895254,14976,901002,11668,956479,2448,37773,19118,718907,9960,695664,24008,1414571,California
San Diego,2021-04-06,38249,1933503,20053,921055,12407,968886,5789,43562,22114,732779,16124,711788,29996,1444567,California
San Diego,2021-04-07,34430,1967933,21117,942172,8922,977808,4391,47953,19786,743518,14603,726391,25342,1469909,California
San Diego,2021-04-08,33265,2001198,19923,962095,9587,987395,3755,51708,20661,757527,12578,738969,26587,1496496,California
San Diego,2021-04-09,33278,2034476,19933,982028,9262,996657,4083,55791,18736,768834,14519,753488,25826,1522322,California
San Diego,2021-04-10,14880,2049356,4314,986342,8390,1005047,2176,57967,10283,776866,4594,758082,12626,1534948,California
San Francisco,2020-12-15,7,7,7,7,0,0,0,0,7,7,0,0,7,7,California
San Francisco,2020-12-16,229,236,229,236,0,0,0,0,229,236,0,0,229,236,California
San Francisco,2020-12-17,395,631,395,631,0,0,0,0,395,631,0,0,395,631,California
San Francisco,2020-12-18,878,1509,877,1508,1,1,0,0,878,1509,0,0,878,1509,California
San Francisco,2020-12-19,601,2110,601,2109,0,1,0,0,601,2110,0,0,601,2110,California
San Francisco,2020-12-20,484,2594,484,2593,0,1,0,0,484,2594,0,0,484,2594,California
San Francisco,2020-12-21,1163,3757,1163,3756,0,1,0,0,1163,3757,0,0,1163,3757,California
San Francisco,2020-12-22,1400,5157,1366,5122,34,35,0,0,1400,5157,0,0,1400,5157,California
San Francisco,2020-12-23,1328,6485,1040,6162,288,323,0,0,1328,6485,0,0,1328,6485,California
San Francisco,2020-12-24,838,7323,502,6664,336,659,0,0,838,7323,0,0,838,7323,California
San Francisco,2020-12-25,33,7356,28,6692,5,664,0,0,33,7356,0,0,33,7356,California
San Francisco,2020-12-26,245,7601,151,6843,94,758,0,0,245,7601,0,0,245,7601,California
San Francisco,2020-12-27,273,7874,60,6903,213,971,0,0,273,7874,0,0,273,7874,California
San Francisco,2020-12-28,1269,9143,686,7589,583,1554,0,0,1269,9143,0,0,1269,9143,California
San Francisco,2020-12-29,1245,10388,622,8211,623,2177,0,0,1245,10388,0,0,1245,10388,California
San Francisco,2020-12-30,1481,11869,777,8988,704,2881,0,0,1481,11869,0,0,1481,11869,California
San Francisco,2020-12-31,962,12831,410,9398,552,3433,0,0,961,12830,0,0,961,12830,California
San Francisco,2021-01-01,67,12898,59,9457,8,3441,0,0,67,12897,0,0,67,12897,California
San Francisco,2021-01-02,333,13231,302,9759,31,3472,0,0,333,13230,0,0,333,13230,California
San Francisco,2021-01-03,293,13524,101,9860,192,3664,0,0,292,13521,1,1,292,13522,California
San Francisco,2021-01-04,1834,15358,1354,11214,480,4144,0,0,1831,15349,3,4,1831,15353,California
San Francisco,2021-01-05,2231,17589,1414,12628,817,4961,0,0,2196,17512,35,39,2198,17551,California
San Francisco,2021-01-06,1872,19461,1165,13793,707,5668,0,0,1607,18857,263,302,1608,19159,California
San Francisco,2021-01-07,2063,21524,1202,14995,861,6529,0,0,1608,20013,452,754,1608,20767,California
San Francisco,2021-01-08,2328,23852,1634,16629,694,7223,0,0,1490,20670,833,1587,1490,22257,California
San Francisco,2021-01-09,1387,25239,892,17521,495,7718,0,0,884,21053,503,2090,886,23143,California
San Francisco,2021-01-10,920,26159,542,18063,378,8096,0,0,460,21054,459,2549,460,23603,California
San Francisco,2021-01-11,2504,28663,1873,19936,631,8727,0,0,1403,21355,1102,3651,1403,25006,California
San Francisco,2021-01-12,3084,31747,2056,21992,1028,9755,0,0,1891,22054,1193,4844,1892,26898,California
San Francisco,2021-01-13,2813,34560,1598,23590,1215,10970,0,0,1986,23213,827,5671,1986,28884,California
San Francisco,2021-01-14,2428,36988,1093,24683,1335,12305,0,0,1869,24524,559,6230,1870,30754,California
San Francisco,2021-01-15,2737,39725,1144,25827,1593,13898,0,0,2346,26483,389,6619,2348,33102,California
San Francisco,2021-01-16,2245,41970,964,26791,1281,15179,0,0,2081,28400,164,6783,2081,35183,California
San Francisco,2021-01-17,1918,43888,532,27323,1386,16565,0,0,1703,29888,215,6998,1703,36886,California
San Francisco,2021-01-18,1374,45262,590,27913,784,17349,0,0,1110,30737,263,7261,1112,37998,California
San Francisco,2021-01-19,2567,47829,1471,29384,1096,18445,0,0,1824,31818,743,8004,1824,39822,California
San Francisco,2021-01-20,2698,50527,1083,30467,1615,20060,0,0,1953,33030,742,8746,1954,41776,California
San Francisco,2021-01-21,3288,53815,928,31395,2360,22420,0,0,2467,34678,819,9565,2467,44243,California
San Francisco,2021-01-22,3164,56979,629,32024,2535,24955,0,0,2724,36964,438,10003,2724,46967,California
San Francisco,2021-01-23,3089,60068,608,32632,2481,27436,0,0,2722,39321,366,10369,2723,49690,California
San Francisco,2021-01-24,2423,62491,359,32991,2064,29500,0,0,2196,41293,224,10593,2196,51886,California
San Francisco,2021-01-25,4563,67054,1772,34763,2791,32291,0,0,3023,42779,1538,12131,3024,54910,California
San Francisco,2021-01-26,4647,71701,2125,36888,2522,34813,0,0,3060,44257,1584,13715,3062,57972,California
San Francisco,2021-01-27,4421,76122,2081,38969,2340,37153,0,0,3072,45984,1345,15060,3072,61044,California
San Francisco,2021-01-28,3746,79868,1550,40519,2196,39349,0,0,2582,47407,1159,16219,2582,63626,California
San Francisco,2021-01-29,4709,84577,1677,42196,3032,42381,0,0,3441,49587,1261,17480,3441,67067,California
San Francisco,2021-01-30,3765,88342,1837,44033,1928,44309,0,0,3322,52470,442,17922,3325,70392,California
San Francisco,2021-01-31,2347,90689,821,44854,1526,45835,0,0,2196,54517,150,18072,2197,72589,California
San Francisco,2021-02-01,3772,94461,1513,46367,2259,48094,0,0,2875,56496,897,18969,2876,75465,California
San Francisco,2021-02-02,4639,99100,1958,48325,2681,50775,0,0,2875,57613,1758,20727,2875,78340,California
San Francisco,2021-02-03,5044,104144,2360,50685,2684,53459,0,0,3749,60070,1293,22020,3750,82090,California
San Francisco,2021-02-04,5015,109159,2432,53117,2583,56042,0,0,3853,62763,1160,23180,3853,85943,California
San Francisco,2021-02-05,5916,115075,3193,56310,2723,58765,0,0,4586,66023,1327,24507,4587,90530,California
San Francisco,2021-02-06,5458,120533,3643,59953,1815,60580,0,0,4559,69688,897,25404,4562,95092,California
San Francisco,2021-02-07,4322,124855,3174,63127,1148,61728,0,0,3747,72864,574,25978,3750,98842,California
San Francisco,2021-02-08,6682,131537,4601,67728,2081,63809,0,0,5477,77155,1188,27166,5479,104321,California
San Francisco,2021-02-09,5914,137451,3984,71712,1930,65739,0,0,4361,79967,1550,28716,4362,108683,California
San Francisco,2021-02-10,6828,144279,4168,75880,2660,68399,0,0,5066,83282,1754,30470,5069,113752,California
San Francisco,2021-02-11,6674,150953,3954,79834,2720,71119,0,0,4867,86345,1805,32275,4868,118620,California
San Francisco,2021-02-12,5298,156251,2660,82494,2638,73757,0,0,3474,87996,1823,34098,3474,122094,California
San Francisco,2021-02-13,4352,160603,2550,85044,1802,75559,0,0,3030,89706,1322,35420,3032,125126,California
San Francisco,2021-02-14,3411,164014,2236,87280,1175,76734,0,0,2291,90879,1119,36539,2292,127418,California
San Francisco,2021-02-15,2764,166778,1501,88781,1263,77997,0,0,1673,91463,1089,37628,1673,129091,California
San Francisco,2021-02-16,4974,171752,2722,91503,2252,80249,0,0,2955,92411,2013,39641,2961,132052,California
San Francisco,2021-02-17,5391,177143,2678,94181,2713,82962,0,0,2954,92939,2428,42069,2956,135008,California
San Francisco,2021-02-18,5363,182506,2623,96804,2740,85702,0,0,2808,93196,2554,44623,2811,137819,California
San Francisco,2021-02-19,5616,188122,2638,99442,2978,88680,0,0,2924,93436,2686,47309,2926,140745,California
San Francisco,2021-02-20,4509,192631,2170,101612,2339,91019,0,0,1700,92336,2801,50110,1701,142446,California
San Francisco,2021-02-21,2728,195359,1359,102971,1369,92388,0,0,1135,91883,1589,51699,1136,143582,California
San Francisco,2021-02-22,5082,200441,3165,106136,1917,94305,0,0,2552,91916,2522,54221,2555,146137,California
San Francisco,2021-02-23,5427,205868,3070,109206,2357,96662,0,0,2758,92010,2664,56885,2758,148895,California
San Francisco,2021-02-24,8942,214810,5062,114268,3880,100542,0,0,4772,92622,4161,61046,4773,153668,California
San Francisco,2021-02-25,9726,224536,6846,121114,2880,103422,0,0,6284,95466,3442,64488,6286,159954,California
San Francisco,2021-02-26,11876,236412,7717,128831,4159,107581,0,0,7040,97668,4839,69327,7041,166995,California
San Francisco,2021-02-27,8858,245270,5633,134464,3224,110805,1,1,4495,97813,4352,73679,4497,171492,California
San Francisco,2021-02-28,7696,252966,5524,139988,2172,112977,0,1,3833,97785,3862,77541,3834,175326,California
San Francisco,2021-03-01,10613,263579,7124,147112,3489,116466,0,1,5134,97459,5463,83004,5137,180463,California
San Francisco,2021-03-02,8787,272366,5603,152715,3184,119650,0,1,5101,98881,3680,86684,5102,185565,California
San Francisco,2021-03-03,10761,283127,6153,158868,4607,124257,1,2,5798,99729,4954,91638,5802,191367,California
San Francisco,2021-03-04,8575,291702,5398,164266,3177,127434,0,2,4839,100837,3731,95369,4839,196206,California
San Francisco,2021-03-05,8567,300269,5074,169340,3491,130925,2,4,5378,103039,3179,98548,5381,201587,California
San Francisco,2021-03-06,6827,307096,4400,173740,2220,133145,207,211,4188,104780,2652,101200,4393,205980,California
San Francisco,2021-03-07,5088,312184,3956,177696,1076,134221,56,267,2857,105449,2245,103445,2914,208894,California
San Francisco,2021-03-08,7082,319266,5138,182834,1762,135983,182,449,5548,109613,1567,105012,5731,214625,California
San Francisco,2021-03-09,6643,325909,3887,186721,2384,138367,372,821,4540,112411,2110,107122,4908,219533,California
San Francisco,2021-03-10,10259,336168,5850,192571,3921,142288,488,1309,6283,115227,3956,111078,6772,226305,California
San Francisco,2021-03-11,9910,346078,6318,198889,2644,144932,948,2257,6502,119279,3393,114471,7445,233750,California
San Francisco,2021-03-12,10612,356690,6211,205100,3104,148036,1297,3554,5916,121819,4671,119142,7211,240961,California
San Francisco,2021-03-13,6487,363177,3814,208914,1656,149692,1017,4571,4053,124460,2427,121569,5068,246029,California
San Francisco,2021-03-14,7467,370644,4838,213752,2395,152087,234,4805,4036,125310,3420,124989,4270,250299,California
San Francisco,2021-03-15,11889,382533,9061,222813,1896,153983,932,5737,8239,130837,3637,128626,9164,259463,California
San Francisco,2021-03-16,11960,394493,8154,230967,3351,157334,455,6192,8697,136738,3249,131875,9150,268613,California
San Francisco,2021-03-17,13100,407593,8112,239079,4448,161782,540,6732,9500,143201,3573,135448,10036,278649,California
San Francisco,2021-03-18,9849,417442,6719,245798,2543,164325,587,7319,5620,145203,4203,139651,6205,284854,California
San Francisco,2021-03-19,11937,429379,8694,254492,2779,167104,464,7783,6366,146482,5550,145201,6829,291683,California
San Francisco,2021-03-20,8551,437930,6386,260878,1808,168912,357,8140,5152,148622,3371,148572,5511,297194,California
San Francisco,2021-03-21,6434,444364,5885,266763,415,169327,134,8274,3681,149694,2743,151315,3815,301009,California
San Francisco,2021-03-22,9644,454008,6809,273572,1994,171321,841,9115,5081,151073,4542,155857,5921,306930,California
San Francisco,2021-03-23,11051,465059,7341,280913,3063,174384,647,9762,6710,154114,4313,160170,7354,314284,California
San Francisco,2021-03-24,12210,477269,9367,290280,2309,176693,534,10296,6350,155169,5827,165997,6882,321166,California
San Francisco,2021-03-25,11704,488973,8615,298895,2545,179238,544,10840,5897,155860,5748,171745,6439,327605,California
San Francisco,2021-03-26,11734,500707,8163,307058,3345,182583,226,11066,6097,156572,5608,177353,6320,333925,California
San Francisco,2021-03-27,8458,509165,5727,312785,2502,185085,229,11295,3890,156139,4552,181905,4119,338044,California
San Francisco,2021-03-28,6537,515702,5219,318004,1277,186362,41,11336,3153,155965,3366,185271,3192,341236,California
San Francisco,2021-03-29,11343,527045,7871,325875,3295,189657,177,11513,5159,155140,6161,191432,5336,346572,California
San Francisco,2021-03-30,11404,538449,7150,333025,3972,193629,282,11795,6869,157779,4512,195944,7151,353723,California
San Francisco,2021-03-31,12039,550488,7993,341018,3762,197391,284,12079,5687,157422,6323,202267,5966,359689,California
San Francisco,2021-04-01,13548,564036,7227,348245,4705,202096,1616,13695,5901,157321,7616,209883,7515,367204,California
San Francisco,2021-04-02,14495,578531,6404,354649,6299,208395,1792,15487,6881,158398,7595,217478,8672,375876,California
San Francisco,2021-04-03,10144,588675,4688,359337,3686,212081,1770,17257,4650,159334,5482,222960,6418,382294,California
San Francisco,2021-04-04,8810,597485,4627,363964,2579,214660,1604,18861,3486,159112,5314,228274,5092,387386,California
San Francisco,2021-04-05,15568,613053,9525,373489,4203,218863,1840,20701,6203,157812,9340,237614,8040,395426,California
San Francisco,2021-04-06,15898,628951,9377,382866,4418,223281,2103,22804,6257,156548,9621,247235,8357,403783,California
San Francisco,2021-04-07,16468,645419,9891,392757,4315,227596,2262,25066,6883,156118,9563,256798,9133,412916,California
San Francisco,2021-04-08,13990,659409,6664,399421,2927,230523,4399,29465,4657,155850,9307,266105,9039,421955,California
San Francisco,2021-04-09,11242,670651,4742,404163,4403,234926,2097,31562,5927,158572,5293,271398,8015,429970,California
San Francisco,2021-04-10,7020,677671,1751,405914,4932,239858,337,31899,5279,162461,1726,273124,5615,435585,California
San Joaquin,2020-12-15,12,12,12,12,0,0,0,0,12,12,0,0,12,12,California
San Joaquin,2020-12-16,437,449,437,449,0,0,0,0,437,449,0,0,437,449,California
San Joaquin,2020-12-17,385,834,385,834,0,0,0,0,385,834,0,0,385,834,California
San Joaquin,2020-12-18,572,1406,546,1380,26,26,0,0,572,1406,0,0,572,1406,California
San Joaquin,2020-12-19,199,1605,199,1579,0,26,0,0,199,1605,0,0,199,1605,California
San Joaquin,2020-12-20,113,1718,112,1691,1,27,0,0,113,1718,0,0,113,1718,California
San Joaquin,2020-12-21,554,2272,550,2241,4,31,0,0,554,2272,0,0,554,2272,California
San Joaquin,2020-12-22,1055,3327,896,3137,159,190,0,0,1054,3326,0,0,1054,3326,California
San Joaquin,2020-12-23,1025,4352,958,4095,67,257,0,0,1023,4349,0,0,1023,4349,California
San Joaquin,2020-12-24,221,4573,193,4288,28,285,0,0,220,4569,0,0,220,4569,California
San Joaquin,2020-12-25,14,4587,14,4302,0,285,0,0,14,4583,0,0,14,4583,California
San Joaquin,2020-12-26,101,4688,29,4331,72,357,0,0,101,4684,0,0,101,4684,California
San Joaquin,2020-12-27,40,4728,29,4360,11,368,0,0,40,4724,0,0,40,4724,California
San Joaquin,2020-12-28,649,5377,443,4803,206,574,0,0,649,5373,0,0,649,5373,California
San Joaquin,2020-12-29,877,6254,740,5543,137,711,0,0,877,6250,0,0,877,6250,California
San Joaquin,2020-12-30,1054,7308,747,6290,307,1018,0,0,1053,7303,0,0,1053,7303,California
San Joaquin,2020-12-31,449,7757,200,6490,249,1267,0,0,450,7753,0,0,450,7753,California
San Joaquin,2021-01-01,17,7774,10,6500,7,1274,0,0,17,7770,0,0,17,7770,California
San Joaquin,2021-01-02,254,8028,233,6733,21,1295,0,0,253,8023,0,0,253,8023,California
San Joaquin,2021-01-03,36,8064,19,6752,17,1312,0,0,35,8057,1,1,35,8058,California
San Joaquin,2021-01-04,483,8547,341,7093,142,1454,0,0,480,8537,0,1,480,8538,California
San Joaquin,2021-01-05,1041,9588,710,7803,331,1785,0,0,820,9171,222,223,856,9394,California
San Joaquin,2021-01-06,1307,10895,787,8590,520,2305,0,0,941,9756,359,582,944,10338,California
San Joaquin,2021-01-07,1132,12027,723,9313,409,2714,0,0,808,10245,320,902,809,11147,California
San Joaquin,2021-01-08,1334,13361,944,10257,390,3104,0,0,802,10520,528,1430,803,11950,California
San Joaquin,2021-01-09,378,13739,301,10558,77,3181,0,0,248,10638,130,1560,248,12198,California
San Joaquin,2021-01-10,220,13959,114,10672,106,3287,0,0,168,10754,52,1612,168,12366,California
San Joaquin,2021-01-11,1582,15541,1377,12049,205,3492,0,0,902,11004,679,2291,929,13295,California
San Joaquin,2021-01-12,1506,17047,1072,13121,434,3926,0,0,710,10972,793,3084,761,14056,California
San Joaquin,2021-01-13,1513,18560,850,13971,663,4589,0,0,985,11432,529,3613,989,15045,California
San Joaquin,2021-01-14,1607,20167,905,14876,702,5291,0,0,1247,12356,329,3942,1253,16298,California
San Joaquin,2021-01-15,1597,21764,668,15544,929,6220,0,0,1355,13491,222,4164,1357,17655,California
San Joaquin,2021-01-16,1172,22936,191,15735,981,7201,0,0,1148,14615,24,4188,1148,18803,California
San Joaquin,2021-01-17,1650,24586,129,15864,1521,8722,0,0,1616,16199,34,4222,1618,20421,California
San Joaquin,2021-01-18,762,25348,234,16098,528,9250,0,0,645,16731,113,4335,645,21066,California
San Joaquin,2021-01-19,1899,27247,892,16990,1007,10257,0,0,1195,17231,700,5035,1200,22266,California
San Joaquin,2021-01-20,2147,29394,1319,18309,828,11085,0,0,1465,18021,680,5715,1470,23736,California
San Joaquin,2021-01-21,2047,31441,940,19249,1107,12192,0,0,1624,19233,417,6132,1629,25365,California
San Joaquin,2021-01-22,2031,33472,966,20215,1065,13257,0,0,1889,20986,139,6271,1892,27257,California
San Joaquin,2021-01-23,931,34403,401,20616,530,13787,0,0,654,21366,276,6547,656,27913,California
San Joaquin,2021-01-24,333,34736,131,20747,202,13989,0,0,314,21663,17,6564,314,28227,California
San Joaquin,2021-01-25,2039,36775,1174,21921,865,14854,0,0,1462,22554,575,7139,1466,29693,California
San Joaquin,2021-01-26,2218,38993,1164,23085,1054,15908,0,0,1577,23497,638,7777,1581,31274,California
San Joaquin,2021-01-27,1811,40804,823,23908,988,16896,0,0,1298,24291,510,8287,1304,32578,California
San Joaquin,2021-01-28,2146,42950,859,24767,1287,18183,0,0,1459,25068,685,8972,1462,34040,California
San Joaquin,2021-01-29,2255,45205,1138,25905,1117,19300,0,0,1883,26591,367,9339,1890,35930,California
San Joaquin,2021-01-30,2397,47602,344,26249,2053,21353,0,0,2207,28629,171,9510,2209,38139,California
San Joaquin,2021-01-31,1570,49172,176,26425,1394,22747,0,0,1501,30077,54,9564,1502,39641,California
San Joaquin,2021-02-01,2618,51790,1412,27837,1206,23953,0,0,1849,31161,767,10331,1851,41492,California
San Joaquin,2021-02-02,2684,54474,1239,29076,1445,25398,0,0,2054,32646,573,10904,2058,43550,California
San Joaquin,2021-02-03,3177,57651,1308,30384,1869,27267,0,0,2288,34053,885,11789,2292,45842,California
San Joaquin,2021-02-04,3541,61192,1805,32189,1736,29003,0,0,2731,35978,808,12597,2733,48575,California
San Joaquin,2021-02-05,3358,64550,1959,34148,1399,30402,0,0,2491,37608,864,13461,2494,51069,California
San Joaquin,2021-02-06,1138,65688,791,34939,347,30749,0,0,965,38404,171,13632,967,52036,California
San Joaquin,2021-02-07,608,66296,483,35422,125,30874,0,0,412,38627,189,13821,412,52448,California
San Joaquin,2021-02-08,1821,68117,1061,36483,760,31634,0,0,1495,39818,308,14129,1499,53947,California
San Joaquin,2021-02-09,2128,70245,1172,37655,956,32590,0,0,1630,40996,453,14582,1631,55578,California
San Joaquin,2021-02-10,2656,72901,1300,38955,1356,33946,0,0,1385,41137,1244,15826,1385,56963,California
San Joaquin,2021-02-11,2945,75846,1559,40514,1386,35332,0,0,1791,41795,1138,16964,1796,58759,California
San Joaquin,2021-02-12,2850,78696,1196,41710,1654,36986,0,0,1688,42328,1159,18123,1692,60451,California
San Joaquin,2021-02-13,2122,80818,398,42108,1724,38710,0,0,849,41919,1264,19387,855,61306,California
San Joaquin,2021-02-14,1890,82708,258,42366,1632,40342,0,0,682,41409,1193,20580,683,61989,California
San Joaquin,2021-02-15,1969,84677,828,43194,1141,41483,0,0,1198,41862,749,21329,1202,63191,California
San Joaquin,2021-02-16,3189,87866,1454,44648,1735,43218,0,0,1738,42165,1441,22770,1744,64935,California
San Joaquin,2021-02-17,3402,91268,1366,46014,2036,45254,0,0,1938,42656,1451,24221,1942,66877,California
San Joaquin,2021-02-18,3516,94784,1494,47508,2022,47276,0,0,2012,43194,1481,25702,2019,68896,California
San Joaquin,2021-02-19,4692,99476,2778,50286,1914,49190,0,0,2818,44173,1840,27542,2819,71715,California
San Joaquin,2021-02-20,1662,101138,643,50929,1019,50209,0,0,1155,44822,506,28048,1155,72870,California
San Joaquin,2021-02-21,625,101763,469,51398,156,50365,0,0,401,44999,225,28273,402,73272,California
San Joaquin,2021-02-22,4122,105885,3048,54446,1074,51439,0,0,3077,47064,1017,29290,3082,76354,California
San Joaquin,2021-02-23,4884,110769,3277,57723,1607,53046,0,0,3282,48773,1579,30869,3288,79642,California
San Joaquin,2021-02-24,6697,117466,4291,62014,2406,55452,0,0,5012,52122,1667,32536,5016,84658,California
San Joaquin,2021-02-25,7157,124623,4777,66791,2380,57832,0,0,4878,54757,2253,34789,4888,89546,California
San Joaquin,2021-02-26,6004,130627,3370,70161,2634,60466,0,0,4242,57273,1734,36523,4250,93796,California
San Joaquin,2021-02-27,5594,136221,1609,71770,3985,64451,0,0,2642,57014,2916,39439,2657,96453,California
San Joaquin,2021-02-28,3027,139248,1087,72857,1940,66391,0,0,1997,57996,1018,40457,2000,98453,California
San Joaquin,2021-03-01,4127,143375,1808,74665,2319,68710,0,0,2322,58536,1791,42248,2331,100784,California
San Joaquin,2021-03-02,4187,147562,1679,76344,2508,71218,0,0,2607,59636,1567,43815,2667,103451,California
San Joaquin,2021-03-03,6229,153791,3923,80267,2304,73522,2,2,4596,62616,1616,45431,4596,108047,California
San Joaquin,2021-03-04,5292,159083,2464,82731,2827,76349,1,3,3217,63855,1986,47417,3225,111272,California
San Joaquin,2021-03-05,4499,163582,1955,84686,2542,78891,2,5,3071,65512,1419,48836,3076,114348,California
San Joaquin,2021-03-06,3582,167164,2458,87144,995,79886,129,134,2996,68054,586,49422,3128,117476,California
San Joaquin,2021-03-07,1218,168382,548,87692,627,80513,43,177,946,68772,257,49679,975,118451,California
San Joaquin,2021-03-08,3127,171509,1246,88938,1760,82273,121,298,2114,69999,1007,50686,2234,120685,California
San Joaquin,2021-03-09,4127,175636,1863,90801,2137,84410,127,425,2723,71456,1394,52080,2851,123536,California
San Joaquin,2021-03-10,4919,180555,2666,93467,2115,86525,138,563,3651,73987,1258,53338,3789,127325,California
San Joaquin,2021-03-11,5054,185609,2429,95896,2035,88560,590,1153,2944,75423,2102,55440,3538,130863,California
San Joaquin,2021-03-12,6657,192266,3538,99434,2797,91357,322,1475,4236,77575,2407,57847,4559,135422,California
San Joaquin,2021-03-13,3139,195405,1571,101005,1444,92801,124,1599,2396,79363,737,58584,2525,137947,California
San Joaquin,2021-03-14,2138,197543,666,101671,1172,93973,300,1899,1036,79603,1100,59684,1340,139287,California
San Joaquin,2021-03-15,6635,204178,4087,105758,2152,96125,396,2295,3313,80021,3307,62991,3725,143012,California
San Joaquin,2021-03-16,7678,211856,4720,110478,2710,98835,248,2543,4306,81224,3361,66352,4564,147576,California
San Joaquin,2021-03-17,8888,220744,5812,116290,3002,101837,74,2617,4700,81839,4170,70522,4785,152361,California
San Joaquin,2021-03-18,8542,229286,5411,121701,2625,104462,506,3123,3897,81633,4613,75135,4407,156768,California
San Joaquin,2021-03-19,8476,237762,5092,126793,2844,107306,540,3663,4886,83527,3578,78713,5472,162240,California
San Joaquin,2021-03-20,3779,241541,2108,128901,1431,108737,240,3903,1873,83760,1892,80605,2125,164365,California
San Joaquin,2021-03-21,2312,243853,1679,130580,427,109164,206,4109,1412,84526,896,81501,1662,166027,California
San Joaquin,2021-03-22,4300,248153,2349,132929,1537,110701,414,4523,2694,86045,1596,83097,3115,169142,California
San Joaquin,2021-03-23,5593,253746,2865,135794,2563,113264,165,4688,3967,88566,1614,84711,4135,173277,California
San Joaquin,2021-03-24,7419,261165,4780,140574,2553,115817,86,4774,3232,87718,4174,88885,3326,176603,California
San Joaquin,2021-03-25,5823,266988,3549,144123,2237,118054,37,4811,3582,89120,2223,91108,3625,180228,California
San Joaquin,2021-03-26,6312,273300,2639,146762,3527,121581,146,4957,3357,89718,2926,94034,3524,183752,California
San Joaquin,2021-03-27,5061,278361,2890,149652,2130,123711,41,4998,2057,88842,2987,97021,2111,185863,California
San Joaquin,2021-03-28,2986,281347,2082,151734,879,124590,25,5023,1596,89173,1377,98398,1708,187571,California
San Joaquin,2021-03-29,4137,285484,2295,154029,1820,126410,22,5045,2178,89452,1948,100346,2227,189798,California
San Joaquin,2021-03-30,6386,291870,3388,157417,2964,129374,34,5079,3753,90646,2620,102966,3814,193612,California
San Joaquin,2021-03-31,6796,298666,4325,161742,2414,131788,57,5136,3549,91042,3237,106203,3633,197245,California
San Joaquin,2021-04-01,6583,305249,3196,164938,3313,135101,74,5210,3681,91968,2895,109098,3821,201066,California
San Joaquin,2021-04-02,5979,311228,2556,167494,2946,138047,477,5687,2474,91474,3487,112585,2993,204059,California
San Joaquin,2021-04-03,3981,315209,2192,169686,1482,139529,307,5994,1840,91501,2131,114716,2158,206217,California
San Joaquin,2021-04-04,1691,316900,790,170476,717,140246,184,6178,1024,92047,664,115380,1210,207427,California
San Joaquin,2021-04-05,3930,320830,2337,172813,1454,141700,139,6317,2189,92652,1737,117117,2342,209769,California
San Joaquin,2021-04-06,6414,327244,4189,177002,1992,143692,233,6550,3340,93175,3064,120181,3587,213356,California
San Joaquin,2021-04-07,6899,334143,3241,180243,2272,145964,1386,7936,2909,93510,3980,124161,4315,217671,California
San Joaquin,2021-04-08,6630,340773,2781,183024,1891,147855,1958,9894,2491,93837,4130,128291,4457,222128,California
San Joaquin,2021-04-09,5609,346382,1450,184474,2892,150747,1267,11161,2308,94137,3294,131585,3594,225722,California
San Joaquin,2021-04-10,3867,350249,872,185346,1417,152164,1578,12739,1094,94040,2772,134357,2675,228397,California
San Luis Obispo,2020-12-16,4,4,4,4,0,0,0,0,4,4,0,0,4,4,California
San Luis Obispo,2020-12-17,196,200,196,200,0,0,0,0,196,200,0,0,196,200,California
San Luis Obispo,2020-12-18,224,424,224,424,0,0,0,0,224,424,0,0,224,424,California
San Luis Obispo,2020-12-19,162,586,162,586,0,0,0,0,162,586,0,0,162,586,California
San Luis Obispo,2020-12-20,215,801,215,801,0,0,0,0,215,801,0,0,215,801,California
San Luis Obispo,2020-12-21,550,1351,550,1351,0,0,0,0,550,1351,0,0,550,1351,California
San Luis Obispo,2020-12-22,307,1658,303,1654,4,4,0,0,307,1658,0,0,307,1658,California
San Luis Obispo,2020-12-23,681,2339,368,2022,313,317,0,0,681,2339,0,0,681,2339,California
San Luis Obispo,2020-12-24,195,2534,19,2041,176,493,0,0,195,2534,0,0,195,2534,California
San Luis Obispo,2020-12-25,2,2536,1,2042,1,494,0,0,2,2536,0,0,2,2536,California
San Luis Obispo,2020-12-26,90,2626,12,2054,78,572,0,0,90,2626,0,0,90,2626,California
San Luis Obispo,2020-12-27,76,2702,0,2054,76,648,0,0,76,2702,0,0,76,2702,California
San Luis Obispo,2020-12-28,879,3581,430,2484,449,1097,0,0,879,3581,0,0,879,3581,California
San Luis Obispo,2020-12-29,903,4484,502,2986,401,1498,0,0,903,4484,0,0,903,4484,California
San Luis Obispo,2020-12-30,1174,5658,681,3667,493,1991,0,0,1174,5658,0,0,1174,5658,California
San Luis Obispo,2020-12-31,106,5764,4,3671,102,2093,0,0,106,5764,0,0,106,5764,California
San Luis Obispo,2021-01-01,11,5775,7,3678,4,2097,0,0,11,5775,0,0,11,5775,California
San Luis Obispo,2021-01-02,33,5808,8,3686,25,2122,0,0,33,5808,0,0,33,5808,California
San Luis Obispo,2021-01-03,16,5824,6,3692,10,2132,0,0,16,5824,0,0,16,5824,California
San Luis Obispo,2021-01-04,676,6500,524,4216,152,2284,0,0,676,6500,0,0,676,6500,California
San Luis Obispo,2021-01-05,976,7476,758,4974,218,2502,0,0,974,7472,2,2,974,7474,California
San Luis Obispo,2021-01-06,727,8203,482,5456,245,2747,0,0,719,8184,7,9,719,8193,California
San Luis Obispo,2021-01-07,1128,9331,950,6406,178,2925,0,0,686,8428,442,451,686,8879,California
San Luis Obispo,2021-01-08,881,10212,805,7211,76,3001,0,0,512,8572,368,819,512,9391,California
San Luis Obispo,2021-01-09,205,10417,196,7407,9,3010,0,0,28,8423,177,996,28,9419,California
San Luis Obispo,2021-01-10,12,10429,8,7415,4,3014,0,0,8,8427,4,1000,8,9427,California
San Luis Obispo,2021-01-11,524,10953,474,7889,50,3064,0,0,263,8430,260,1260,263,9690,California
San Luis Obispo,2021-01-12,598,11551,380,8269,218,3282,0,0,320,8472,278,1538,320,10010,California
San Luis Obispo,2021-01-13,880,12431,253,8522,627,3909,0,0,642,8878,236,1774,642,10652,California
San Luis Obispo,2021-01-14,729,13160,243,8765,486,4395,0,0,604,9370,112,1886,604,11256,California
San Luis Obispo,2021-01-15,730,13890,288,9053,442,4837,0,0,554,9753,171,2057,554,11810,California
San Luis Obispo,2021-01-16,99,13989,81,9134,18,4855,0,0,94,9842,5,2062,94,11904,California
San Luis Obispo,2021-01-17,66,14055,60,9194,6,4861,0,0,66,9908,0,2062,66,11970,California
San Luis Obispo,2021-01-18,1372,15427,389,9583,983,5844,0,0,1110,10756,262,2324,1110,13080,California
San Luis Obispo,2021-01-19,1584,17011,418,10001,1166,7010,0,0,1177,11526,407,2731,1177,14257,California
San Luis Obispo,2021-01-20,1880,18891,595,10596,1285,8295,0,0,1290,12229,588,3319,1291,15548,California
San Luis Obispo,2021-01-21,1571,20462,466,11062,1105,9400,0,0,1197,13057,370,3689,1198,16746,California
San Luis Obispo,2021-01-22,1520,21982,508,11570,1012,10412,0,0,1205,13949,313,4002,1205,17951,California
San Luis Obispo,2021-01-23,310,22292,292,11862,18,10430,0,0,294,14227,16,4018,294,18245,California
San Luis Obispo,2021-01-24,243,22535,236,12098,7,10437,0,0,237,14458,6,4024,237,18482,California
San Luis Obispo,2021-01-25,2072,24607,607,12705,1465,11902,0,0,1245,14876,827,4851,1245,19727,California
San Luis Obispo,2021-01-26,2004,26611,703,13408,1301,13203,0,0,1137,15147,866,5717,1137,20864,California
San Luis Obispo,2021-01-27,1612,28223,282,13690,1330,14533,0,0,1150,15835,462,6179,1150,22014,California
San Luis Obispo,2021-01-28,1477,29700,334,14024,1143,15676,0,0,1216,16791,260,6439,1216,23230,California
San Luis Obispo,2021-01-29,1730,31430,677,14701,1053,16729,0,0,1446,17953,284,6723,1446,24676,California
San Luis Obispo,2021-01-30,37,31467,18,14719,19,16748,0,0,26,17969,10,6733,26,24702,California
San Luis Obispo,2021-01-31,26,31493,20,14739,6,16754,0,0,23,17989,3,6736,23,24725,California
San Luis Obispo,2021-02-01,1662,33155,703,15442,959,17713,0,0,1393,19114,268,7004,1393,26118,California
San Luis Obispo,2021-02-02,1893,35048,675,16117,1218,18931,0,0,1519,20259,374,7378,1519,27637,California
San Luis Obispo,2021-02-03,1700,36748,727,16844,973,19904,0,0,1288,21135,412,7790,1288,28925,California
San Luis Obispo,2021-02-04,1654,38402,799,17643,855,20759,0,0,1088,21657,566,8356,1088,30013,California
San Luis Obispo,2021-02-05,1596,39998,718,18361,878,21637,0,0,1053,22167,544,8900,1054,31067,California
San Luis Obispo,2021-02-06,160,40158,93,18454,67,21704,0,0,94,22195,66,8966,94,31161,California
San Luis Obispo,2021-02-07,143,40301,98,18552,45,21749,0,0,73,22199,70,9036,74,31235,California
San Luis Obispo,2021-02-08,854,41155,469,19021,385,22134,0,0,496,22338,357,9393,496,31731,California
San Luis Obispo,2021-02-09,1123,42278,447,19468,676,22810,0,0,541,22310,576,9969,548,32279,California
San Luis Obispo,2021-02-10,1423,43701,485,19953,938,23748,0,0,520,21933,900,10869,523,32802,California
San Luis Obispo,2021-02-11,1329,45030,843,20796,486,24234,0,0,655,21917,671,11540,655,33457,California
San Luis Obispo,2021-02-12,777,45807,362,21158,415,24649,0,0,413,21965,365,11905,413,33870,California
San Luis Obispo,2021-02-13,386,46193,124,21282,262,24911,0,0,280,22140,105,12010,280,34150,California
San Luis Obispo,2021-02-14,316,46509,42,21324,274,25185,0,0,279,22383,37,12047,280,34430,California
San Luis Obispo,2021-02-15,710,47219,137,21461,573,25758,0,0,458,22592,249,12296,458,34888,California
San Luis Obispo,2021-02-16,2961,50180,1194,22655,1767,27525,0,0,1359,22355,1596,13892,1359,36247,California
San Luis Obispo,2021-02-17,2770,52950,1237,23892,1533,29058,0,0,1028,21648,1735,15627,1028,37275,California
San Luis Obispo,2021-02-18,2810,55760,1446,25338,1364,30422,0,0,1121,21089,1681,17308,1122,38397,California
San Luis Obispo,2021-02-19,1450,57210,1332,26670,118,30540,0,0,1129,21898,320,17628,1129,39526,California
San Luis Obispo,2021-02-20,247,57457,79,26749,168,30708,0,0,212,22075,35,17663,212,39738,California
San Luis Obispo,2021-02-21,48,57505,45,26794,3,30711,0,0,29,22085,19,17682,29,39767,California
San Luis Obispo,2021-02-22,2402,59907,1858,28652,544,31255,0,0,1461,22606,941,18623,1462,41229,California
San Luis Obispo,2021-02-23,1854,61761,1741,30393,113,31368,0,0,1366,23485,487,19110,1366,42595,California
San Luis Obispo,2021-02-24,2641,64402,1297,31690,1344,32712,0,0,834,22514,1805,20915,834,43429,California
San Luis Obispo,2021-02-25,2120,66522,1237,32927,883,33595,0,0,1202,22806,911,21826,1203,44632,California
San Luis Obispo,2021-02-26,2611,69133,1132,34059,1479,35074,0,0,1307,22813,1300,23126,1307,45939,California
San Luis Obispo,2021-02-27,567,69700,344,34403,223,35297,0,0,520,23286,47,23173,520,46459,California
San Luis Obispo,2021-02-28,197,69897,74,34477,123,35420,0,0,164,23421,29,23202,164,46623,California
San Luis Obispo,2021-03-01,2951,72848,1838,36315,1112,36532,1,1,2034,24540,917,24119,2036,48659,California
San Luis Obispo,2021-03-02,2943,75791,1855,38170,1088,37620,0,1,1827,25254,1114,25233,1828,50487,California
San Luis Obispo,2021-03-03,2237,78028,325,38495,1912,39532,0,1,796,24617,1436,26669,799,51286,California
San Luis Obispo,2021-03-04,2158,80186,1140,39635,1018,40550,0,1,1161,24785,995,27664,1163,52449,California
San Luis Obispo,2021-03-05,2286,82472,1013,40648,1203,41753,70,71,1283,25149,989,28653,1353,53802,California
San Luis Obispo,2021-03-06,806,83278,296,40944,415,42168,95,166,600,25632,206,28859,689,54491,California
San Luis Obispo,2021-03-07,198,83476,31,40975,83,42251,84,250,69,25658,128,28987,154,54645,California
San Luis Obispo,2021-03-08,2721,86197,752,41727,1655,43906,314,564,1538,26329,1181,30168,1852,56497,California
San Luis Obispo,2021-03-09,2907,89104,953,42680,1718,45624,236,800,1506,26675,1397,31565,1743,58240,California
San Luis Obispo,2021-03-10,3155,92259,1240,43920,1646,47270,269,1069,1796,27383,1357,32922,2065,60305,California
San Luis Obispo,2021-03-11,3042,95301,1265,45185,1476,48746,301,1370,1665,27976,1372,34294,1965,62270,California
San Luis Obispo,2021-03-12,3085,98386,1277,46462,1465,50211,343,1713,1501,28246,1577,35871,1847,64117,California
San Luis Obispo,2021-03-13,751,99137,254,46716,389,50600,108,1821,421,28444,330,36201,528,64645,California
San Luis Obispo,2021-03-14,510,99647,54,46770,345,50945,111,1932,137,28319,373,36574,248,64893,California
San Luis Obispo,2021-03-15,3045,102692,1096,47866,1852,52797,97,2029,1528,28430,1514,38088,1625,66518,California
San Luis Obispo,2021-03-16,2817,105509,1500,49366,1218,54015,99,2128,1437,28590,1375,39463,1535,68053,California
San Luis Obispo,2021-03-17,3393,108902,1450,50816,1683,55698,260,2388,1955,29372,1433,40896,2215,70268,California
San Luis Obispo,2021-03-18,2694,111596,1438,52254,1062,56760,194,2582,1249,29372,1443,42339,1443,71711,California
San Luis Obispo,2021-03-19,2557,114153,1562,53816,673,57433,322,2904,939,29020,1615,43954,1263,72974,California
San Luis Obispo,2021-03-20,825,114978,494,54310,295,57728,36,2940,378,28988,446,44400,414,73388,California
San Luis Obispo,2021-03-21,180,115158,42,54352,135,57863,3,2943,152,29115,28,44428,155,73543,California
San Luis Obispo,2021-03-22,2674,117832,1170,55522,1457,59320,47,2990,1861,30212,811,45239,1908,75451,California
San Luis Obispo,2021-03-23,3355,121187,2213,57735,1124,60444,18,3008,2263,31405,1088,46327,2281,77732,California
San Luis Obispo,2021-03-24,3397,124584,2082,59817,1245,61689,70,3078,2557,33196,836,47163,2627,80359,California
San Luis Obispo,2021-03-25,3574,128158,2279,62096,1284,62973,11,3089,2566,34766,1007,48170,2577,82936,California
San Luis Obispo,2021-03-26,3097,131255,1743,63839,932,63905,422,3511,1731,35556,1362,49532,2152,85088,California
San Luis Obispo,2021-03-27,984,132239,503,64342,385,64290,96,3607,454,35577,529,50061,550,85638,California
San Luis Obispo,2021-03-28,442,132681,152,64494,234,64524,56,3663,244,35679,198,50259,300,85938,California
San Luis Obispo,2021-03-29,2576,135257,1274,65768,1168,65692,134,3797,1657,36562,908,51167,1791,87729,California
San Luis Obispo,2021-03-30,3493,138750,1907,67675,1443,67135,143,3940,2349,37911,1141,52308,2490,90219,California
San Luis Obispo,2021-03-31,3801,142551,2444,70119,1214,68349,143,4083,2462,39186,1330,53638,2605,92824,California
San Luis Obispo,2021-04-01,3776,146327,2412,72531,1280,69629,84,4167,2681,40862,1088,54726,2764,95588,California
San Luis Obispo,2021-04-02,1697,148024,678,73209,717,70346,302,4469,915,41297,782,55508,1217,96805,California
San Luis Obispo,2021-04-03,1076,149100,551,73760,407,70753,118,4587,475,41294,596,56104,593,97398,California
San Luis Obispo,2021-04-04,377,149477,130,73890,208,70961,39,4626,231,41418,146,56250,270,97668,California
San Luis Obispo,2021-04-05,3566,153043,1945,75835,1520,72481,101,4727,2048,42049,1517,57767,2148,99816,California
San Luis Obispo,2021-04-06,3980,157023,2147,77982,1544,74025,289,5016,1954,42275,2018,59785,2244,102060,California
San Luis Obispo,2021-04-07,4059,161082,2202,80184,1585,75610,272,5288,2379,43255,1669,61454,2649,104709,California
San Luis Obispo,2021-04-08,3049,164131,1537,81721,1175,76785,337,5625,1538,43626,1504,62958,1875,106584,California
San Luis Obispo,2021-04-09,1031,165162,613,82334,203,76988,215,5840,482,43777,548,63506,699,107283,California
San Luis Obispo,2021-04-10,589,165751,22,82356,220,77208,347,6187,96,43727,493,63999,443,107726,California
San Mateo,2020-12-15,25,25,25,25,0,0,0,0,25,25,0,0,25,25,California
San Mateo,2020-12-16,108,133,108,133,0,0,0,0,108,133,0,0,108,133,California
San Mateo,2020-12-17,161,294,161,294,0,0,0,0,161,294,0,0,161,294,California
San Mateo,2020-12-18,741,1035,739,1033,2,2,0,0,740,1033,1,1,740,1034,California
San Mateo,2020-12-19,508,1543,508,1541,0,2,0,0,508,1541,0,1,508,1542,California
San Mateo,2020-12-20,508,2051,507,2048,1,3,0,0,508,2049,0,1,508,2050,California
San Mateo,2020-12-21,1151,3202,1151,3199,0,3,0,0,1151,3200,0,1,1151,3201,California
San Mateo,2020-12-22,1513,4715,1506,4705,7,10,0,0,1513,4713,0,1,1513,4714,California
San Mateo,2020-12-23,1573,6288,1387,6092,186,196,0,0,1573,6286,0,1,1573,6287,California
San Mateo,2020-12-24,867,7155,610,6702,257,453,0,0,867,7153,0,1,867,7154,California
San Mateo,2020-12-25,114,7269,110,6812,4,457,0,0,114,7267,0,1,114,7268,California
San Mateo,2020-12-26,560,7829,417,7229,143,600,0,0,560,7827,0,1,560,7828,California
San Mateo,2020-12-27,305,8134,175,7404,130,730,0,0,305,8132,0,1,305,8133,California
San Mateo,2020-12-28,1048,9182,702,8106,346,1076,0,0,1048,9180,0,1,1048,9181,California
San Mateo,2020-12-29,1125,10307,704,8810,421,1497,0,0,1125,10305,0,1,1125,10306,California
San Mateo,2020-12-30,1264,11571,763,9573,501,1998,0,0,1264,11569,0,1,1264,11570,California
San Mateo,2020-12-31,718,12289,233,9806,485,2483,0,0,717,12285,1,2,717,12287,California
San Mateo,2021-01-01,35,12324,30,9836,5,2488,0,0,35,12320,0,2,35,12322,California
San Mateo,2021-01-02,397,12721,268,10104,129,2617,0,0,397,12717,0,2,397,12719,California
San Mateo,2021-01-03,283,13004,208,10312,75,2692,0,0,280,12994,3,5,280,12999,California
San Mateo,2021-01-04,1054,14058,681,10993,373,3065,0,0,1054,14048,0,5,1054,14053,California
San Mateo,2021-01-05,1194,15252,703,11696,491,3556,0,0,1166,15187,28,33,1167,15220,California
San Mateo,2021-01-06,1443,16695,947,12643,496,4052,0,0,1265,16278,175,208,1266,16486,California
San Mateo,2021-01-07,1448,18143,804,13447,644,4696,0,0,1162,17162,279,487,1163,17649,California
San Mateo,2021-01-08,1834,19977,1188,14635,646,5342,0,0,1136,17608,691,1178,1137,18786,California
San Mateo,2021-01-09,1174,21151,773,15408,401,5743,0,0,720,17874,454,1632,720,19506,California
San Mateo,2021-01-10,697,21848,569,15977,128,5871,0,0,262,17701,435,2067,262,19768,California
San Mateo,2021-01-11,2580,24428,1477,17454,1103,6974,0,0,1522,18165,1059,3126,1523,21291,California
San Mateo,2021-01-12,3276,27704,1771,19225,1505,8479,0,0,2095,19083,1179,4305,2097,23388,California
San Mateo,2021-01-13,3465,31169,1747,20972,1718,10197,0,0,2433,20487,1032,5337,2436,25824,California
San Mateo,2021-01-14,3772,34941,1579,22551,2193,12390,0,0,3087,22895,685,6022,3093,28917,California
San Mateo,2021-01-15,4326,39267,1709,24260,2617,15007,0,0,3799,26170,525,6547,3800,32717,California
San Mateo,2021-01-16,3071,42338,774,25034,2297,17304,0,0,2752,28603,319,6866,2752,35469,California
San Mateo,2021-01-17,1309,43647,309,25343,1000,18304,0,0,1101,29496,208,7074,1101,36570,California
San Mateo,2021-01-18,1361,45008,530,25873,831,19135,0,0,988,30118,370,7444,992,37562,California
San Mateo,2021-01-19,2796,47804,1781,27654,1015,20150,0,0,2007,31338,787,8231,2007,39569,California
San Mateo,2021-01-20,2654,50458,1403,29057,1251,21401,0,0,1807,32302,844,9075,1808,41377,California
San Mateo,2021-01-21,2820,53278,1280,30337,1540,22941,0,0,2239,33964,580,9655,2242,43619,California
San Mateo,2021-01-22,2794,56072,1130,31467,1664,24605,0,0,2495,36163,297,9952,2496,46115,California
San Mateo,2021-01-23,2879,58951,1686,33153,1193,25798,0,0,2518,38321,361,10313,2519,48634,California
San Mateo,2021-01-24,1522,60473,375,33528,1147,26945,0,0,1212,39224,309,10622,1212,49846,California
San Mateo,2021-01-25,4425,64898,3146,36674,1279,28224,0,0,3533,41869,890,11512,3535,53381,California
San Mateo,2021-01-26,4284,69182,2980,39654,1304,29528,0,0,3385,44356,898,12410,3385,56766,California
San Mateo,2021-01-27,2772,71954,1457,41111,1315,30843,0,0,1782,45155,984,13394,1783,58549,California
San Mateo,2021-01-28,2780,74734,1342,42453,1438,32281,0,0,1936,46262,829,14223,1936,60485,California
San Mateo,2021-01-29,2967,77701,1327,43780,1640,33921,0,0,2138,47577,826,15049,2141,62626,California
San Mateo,2021-01-30,3370,81071,1472,45252,1898,35819,0,0,2914,50037,455,15504,2915,65541,California
San Mateo,2021-01-31,1684,82755,898,46150,786,36605,0,0,1522,51399,160,15664,1522,67063,California
San Mateo,2021-02-01,2915,85670,1338,47488,1577,38182,0,0,2209,52906,703,16367,2210,69273,California
San Mateo,2021-02-02,3158,88828,1725,49213,1433,39615,0,0,2149,54049,1006,17373,2149,71422,California
San Mateo,2021-02-03,4869,93697,1941,51154,2928,42543,0,0,3821,56826,1045,18418,3822,75244,California
San Mateo,2021-02-04,6270,99967,2579,53733,3691,46234,0,0,4918,60401,1346,19764,4921,80165,California
San Mateo,2021-02-05,6778,106745,2549,56282,4229,50463,0,0,4953,63547,1808,21572,4954,85119,California
San Mateo,2021-02-06,3281,110026,1919,58201,1362,51825,0,0,2619,65510,661,22233,2624,87743,California
San Mateo,2021-02-07,1895,111921,1342,59543,553,52378,0,0,1708,67032,187,22420,1709,89452,California
San Mateo,2021-02-08,5272,117193,2242,61785,3030,55408,0,0,3101,68025,2108,24528,3101,92553,California
San Mateo,2021-02-09,6163,123356,3215,65000,2948,58356,0,0,3331,68528,2828,27356,3331,95884,California
San Mateo,2021-02-10,6485,129841,3271,68271,3214,61570,0,0,3536,69124,2940,30296,3536,99420,California
San Mateo,2021-02-11,7017,136858,3563,71834,3454,65024,0,0,3807,69732,3202,33498,3810,103230,California
San Mateo,2021-02-12,6607,143465,2947,74781,3660,68684,0,0,4702,72536,1901,35399,4705,107935,California
San Mateo,2021-02-13,6078,149543,3988,78769,2090,70774,0,0,2636,71734,3438,38837,2636,110571,California
San Mateo,2021-02-14,4628,154171,3015,81784,1613,72387,0,0,1977,71064,2648,41485,1978,112549,California
San Mateo,2021-02-15,3158,157329,1456,83240,1702,74089,0,0,1786,71483,1369,42854,1788,114337,California
San Mateo,2021-02-16,7139,164468,1868,85108,5271,79360,0,0,5275,74899,1863,44717,5279,119616,California
San Mateo,2021-02-17,7045,171513,1930,87038,5115,84475,0,0,5062,77985,1978,46695,5064,124680,California
San Mateo,2021-02-18,6670,178183,4618,91656,2052,86527,0,0,4436,80192,2231,48926,4438,129118,California
San Mateo,2021-02-19,7807,185990,5605,97261,2202,88729,0,0,5822,84036,1979,50905,5823,134941,California
San Mateo,2021-02-20,3727,189717,2410,99671,1317,90046,0,0,2308,84931,1413,52318,2308,137249,California
San Mateo,2021-02-21,2288,192005,1448,101119,840,90886,0,0,1246,85138,1040,53358,1247,138496,California
San Mateo,2021-02-22,4407,196412,3185,104304,1222,92108,0,0,2782,86302,1619,54977,2783,141279,California
San Mateo,2021-02-23,4278,200690,3039,107343,1239,93347,0,0,2482,86993,1791,56768,2482,143761,California
San Mateo,2021-02-24,7270,207960,3248,110591,4022,97369,0,0,4853,89434,2412,59180,4853,148614,California
San Mateo,2021-02-25,9043,217003,4001,114592,5042,102411,0,0,6002,92410,3026,62206,6002,154616,California
San Mateo,2021-02-26,9729,226732,3699,118291,6030,108441,0,0,6815,96324,2902,65108,6816,161432,California
San Mateo,2021-02-27,6678,233410,3412,121703,3265,111706,1,1,3632,96922,3041,68149,3639,165071,California
San Mateo,2021-02-28,4122,237532,2501,124204,1621,113327,0,1,2557,97918,1562,69711,2558,167629,California
San Mateo,2021-03-01,5621,243153,3514,127718,2107,115434,0,1,2783,97872,2829,72540,2783,170412,California
San Mateo,2021-03-02,5720,248873,3942,131660,1777,117211,1,2,3290,98746,2418,74958,3292,173704,California
San Mateo,2021-03-03,8157,257030,3828,135488,4328,121539,1,3,3481,97561,4667,79625,3482,177186,California
San Mateo,2021-03-04,8327,265357,3919,139407,4406,125945,2,5,3776,96805,4537,84162,3781,180967,California
San Mateo,2021-03-05,9026,274383,5956,145363,3067,129012,3,8,6380,100566,2626,86788,6387,187354,California
San Mateo,2021-03-06,7790,282173,5397,150760,2217,131229,176,184,5691,104340,2092,88880,5866,193220,California
San Mateo,2021-03-07,3417,285590,2264,153024,1086,132315,67,251,1958,104909,1456,90336,2025,195245,California
San Mateo,2021-03-08,4346,289936,2418,155442,1731,134046,197,448,3150,107067,1190,91526,3348,198593,California
San Mateo,2021-03-09,4500,294436,2100,157542,2129,136175,271,719,2970,108785,1523,93049,3241,201834,California
San Mateo,2021-03-10,6925,301361,2628,160170,4014,140189,283,1002,4591,111337,2322,95371,4874,206708,California
San Mateo,2021-03-11,9104,310465,5704,165874,3021,143210,379,1381,3722,110081,5357,100728,4101,210809,California
San Mateo,2021-03-12,10397,320862,6574,172448,3459,146669,364,1745,3468,106996,6918,107646,3833,214642,California
San Mateo,2021-03-13,8006,328868,3395,175843,2989,149658,1622,3367,3869,108353,4130,111776,5487,220129,California
San Mateo,2021-03-14,4905,333773,3294,179137,1505,151163,106,3473,2906,109371,1994,113770,3012,223141,California
San Mateo,2021-03-15,7085,340858,4558,183695,2353,153516,174,3647,3746,109957,3334,117104,3920,227061,California
San Mateo,2021-03-16,11833,352691,4332,188027,7379,160895,122,3769,4809,107884,7007,124111,4934,231995,California
San Mateo,2021-03-17,10714,363405,4344,192371,6246,167141,124,3893,4827,106973,5867,129978,4956,236951,California
San Mateo,2021-03-18,7155,370560,3997,196368,2975,170116,183,4076,4248,108501,2904,132882,4432,241383,California
San Mateo,2021-03-19,7309,377869,4696,201064,1949,172065,664,4740,3578,109020,3724,136606,4243,245626,California
San Mateo,2021-03-20,8201,386070,6402,207466,1474,173539,325,5065,5345,111848,2842,139448,5670,251296,California
San Mateo,2021-03-21,4121,390191,3117,210583,773,174312,231,5296,2329,112620,1783,141231,2555,253851,California
San Mateo,2021-03-22,5167,395358,3517,214100,1231,175543,419,5715,2820,113524,2335,143566,3239,257090,California
San Mateo,2021-03-23,9715,405073,4412,218512,5109,180652,194,5909,4636,113298,5057,148623,4831,261921,California
San Mateo,2021-03-24,9383,414456,5405,223917,3839,184491,139,6048,4119,112339,5215,153838,4256,266177,California
San Mateo,2021-03-25,9850,424306,4818,228735,4781,189272,251,6299,4330,111501,5421,159259,4583,270760,California
San Mateo,2021-03-26,11049,435355,7625,236360,3262,192534,162,6461,4407,109463,6607,165866,4569,275329,California
San Mateo,2021-03-27,10333,445688,7901,244261,2331,194865,101,6562,4637,108522,5676,171542,4735,280064,California
San Mateo,2021-03-28,4185,449873,2699,246960,1375,196240,111,6673,2088,108633,2089,173631,2200,282264,California
San Mateo,2021-03-29,5966,455839,3721,250681,1995,198235,250,6923,2824,108581,3126,176757,3074,285338,California
San Mateo,2021-03-30,6995,462834,3962,254643,2889,201124,144,7067,4455,110653,2528,179285,4600,289938,California
San Mateo,2021-03-31,7122,469956,4514,259157,2471,203595,137,7204,4079,111838,3031,182316,4216,294154,California
San Mateo,2021-04-01,10266,480222,5035,264192,4067,207662,1164,8368,5531,113830,4702,187018,6694,300848,California
San Mateo,2021-04-02,10529,490751,5025,269217,3945,211607,1559,9927,5547,115972,4964,191982,7106,307954,California
San Mateo,2021-04-03,9525,500276,5392,274609,2414,214021,1719,11646,4785,117746,4732,196714,6506,314460,California
San Mateo,2021-04-04,5260,505536,2519,277128,1539,215560,1202,12848,1639,116976,3611,200325,2841,317301,California
San Mateo,2021-04-05,8648,514184,4514,281642,2415,217975,1719,14567,3645,117346,4994,205319,5364,322665,California
San Mateo,2021-04-06,12669,526853,7763,289405,3041,221016,1865,16432,7078,120712,5580,210899,8946,331611,California
San Mateo,2021-04-07,11311,538164,5187,294592,4442,225458,1682,18114,4816,120727,6479,217378,6494,338105,California
San Mateo,2021-04-08,9642,547806,4746,299338,2362,227820,2534,20648,4232,122092,5396,222774,6761,344866,California
San Mateo,2021-04-09,7048,554854,3405,302743,2730,230550,913,21561,3743,123457,3291,226065,4656,349522,California
San Mateo,2021-04-10,6154,561008,2879,305622,2930,233480,345,21906,2680,123019,3466,229531,3028,352550,California
Santa Barbara,2020-12-15,2,2,2,2,0,0,0,0,2,2,0,0,2,2,California
Santa Barbara,2020-12-16,2,4,2,4,0,0,0,0,2,4,0,0,2,4,California
Santa Barbara,2020-12-17,53,57,53,57,0,0,0,0,53,57,0,0,53,57,California
Santa Barbara,2020-12-18,378,435,377,434,1,1,0,0,378,435,0,0,378,435,California
Santa Barbara,2020-12-19,325,760,325,759,0,1,0,0,325,760,0,0,325,760,California
Santa Barbara,2020-12-20,235,995,235,994,0,1,0,0,235,995,0,0,235,995,California
Santa Barbara,2020-12-21,651,1646,649,1643,2,3,0,0,651,1646,0,0,651,1646,California
Santa Barbara,2020-12-22,243,1889,241,1884,2,5,0,0,243,1889,0,0,243,1889,California
Santa Barbara,2020-12-23,320,2209,202,2086,118,123,0,0,320,2209,0,0,320,2209,California
Santa Barbara,2020-12-24,87,2296,40,2126,47,170,0,0,87,2296,0,0,87,2296,California
Santa Barbara,2020-12-26,326,2622,66,2192,260,430,0,0,326,2622,0,0,326,2622,California
Santa Barbara,2020-12-27,62,2684,1,2193,61,491,0,0,62,2684,0,0,62,2684,California
Santa Barbara,2020-12-28,353,3037,220,2413,133,624,0,0,353,3037,0,0,353,3037,California
Santa Barbara,2020-12-29,552,3589,360,2773,192,816,0,0,552,3589,0,0,552,3589,California
Santa Barbara,2020-12-30,584,4173,404,3177,180,996,0,0,584,4173,0,0,584,4173,California
Santa Barbara,2020-12-31,238,4411,112,3289,126,1122,0,0,238,4411,0,0,238,4411,California
Santa Barbara,2021-01-01,107,4518,106,3395,1,1123,0,0,107,4518,0,0,107,4518,California
Santa Barbara,2021-01-02,586,5104,223,3618,363,1486,0,0,586,5104,0,0,586,5104,California
Santa Barbara,2021-01-03,23,5127,15,3633,8,1494,0,0,23,5127,0,0,23,5127,California
Santa Barbara,2021-01-04,307,5434,244,3877,63,1557,0,0,306,5433,0,0,306,5433,California
Santa Barbara,2021-01-05,751,6185,378,4255,373,1930,0,0,724,6130,27,27,724,6157,California
Santa Barbara,2021-01-06,654,6839,274,4529,380,2310,0,0,595,6667,58,85,595,6752,California
Santa Barbara,2021-01-07,1029,7868,706,5235,323,2633,0,0,524,6690,501,586,524,7276,California
Santa Barbara,2021-01-08,1202,9070,839,6074,363,2996,0,0,708,6904,494,1080,708,7984,California
Santa Barbara,2021-01-09,567,9637,293,6367,274,3270,0,0,321,6979,246,1326,321,8305,California
Santa Barbara,2021-01-10,62,9699,50,6417,12,3282,0,0,46,7009,16,1342,46,8351,California
Santa Barbara,2021-01-11,837,10536,668,7085,169,3451,0,0,614,7401,222,1564,614,8965,California
Santa Barbara,2021-01-12,1427,11963,634,7719,793,4244,0,0,1271,8516,156,1720,1271,10236,California
Santa Barbara,2021-01-13,1226,13189,280,7999,946,5190,0,0,1100,9490,126,1846,1100,11336,California
Santa Barbara,2021-01-14,1247,14436,134,8133,1113,6303,0,0,1193,10631,53,1899,1194,12530,California
Santa Barbara,2021-01-15,1798,16234,418,8551,1380,7683,0,0,1718,12270,79,1978,1718,14248,California
Santa Barbara,2021-01-16,1273,17507,202,8753,1071,8754,0,0,1234,13466,38,2016,1234,15482,California
Santa Barbara,2021-01-17,123,17630,20,8773,103,8857,0,0,120,13583,3,2019,120,15602,California
Santa Barbara,2021-01-18,1147,18777,417,9190,730,9587,0,0,962,14360,185,2204,962,16564,California
Santa Barbara,2021-01-19,1635,20412,566,9756,1069,10656,0,0,1356,15438,278,2482,1356,17920,California
Santa Barbara,2021-01-20,1986,22398,444,10200,1542,12198,0,0,1694,16841,291,2773,1694,19614,California
Santa Barbara,2021-01-21,3085,25483,1817,12017,1268,13466,0,0,2931,19619,154,2927,2932,22546,California
Santa Barbara,2021-01-22,2998,28481,1850,13867,1148,14614,0,0,2853,22330,142,3069,2853,25399,California
Santa Barbara,2021-01-23,1735,30216,1107,14974,628,15242,0,0,1226,23048,508,3577,1226,26625,California
Santa Barbara,2021-01-24,844,31060,753,15727,91,15333,0,0,836,23876,8,3585,836,27461,California
Santa Barbara,2021-01-25,1234,32294,495,16222,739,16072,0,0,998,24638,236,3821,998,28459,California
Santa Barbara,2021-01-26,2034,34328,460,16682,1574,17646,0,0,1650,25906,382,4203,1650,30109,California
Santa Barbara,2021-01-27,1153,35481,398,17080,755,18401,0,0,898,26551,254,4457,899,31008,California
Santa Barbara,2021-01-28,887,36368,292,17372,595,18996,0,0,677,27021,207,4664,677,31685,California
Santa Barbara,2021-01-29,1333,37701,539,17911,794,19790,0,0,980,27653,350,5014,982,32667,California
Santa Barbara,2021-01-30,1889,39590,1418,19329,471,20261,0,0,1485,28738,401,5415,1486,34153,California
Santa Barbara,2021-01-31,1459,41049,1221,20550,238,20499,0,0,1420,30119,39,5454,1420,35573,California
Santa Barbara,2021-02-01,932,41981,517,21067,415,20914,0,0,545,30277,387,5841,545,36118,California
Santa Barbara,2021-02-02,1814,43795,698,21765,1116,22030,0,0,1039,30543,773,6614,1039,37157,California
Santa Barbara,2021-02-03,1942,45737,1077,22842,865,22895,0,0,1501,31613,431,7045,1501,38658,California
Santa Barbara,2021-02-04,2775,48512,1860,24702,915,23810,0,0,2480,33803,290,7335,2480,41138,California
Santa Barbara,2021-02-05,2905,51417,2059,26761,846,24656,0,0,2261,35421,643,7978,2261,43399,California
Santa Barbara,2021-02-06,1208,52625,339,27100,869,25525,0,0,797,35807,411,8389,797,44196,California
Santa Barbara,2021-02-07,298,52923,262,27362,36,25561,0,0,264,36038,33,8422,264,44460,California
Santa Barbara,2021-02-08,956,53879,312,27674,644,26205,0,0,670,36422,286,8708,670,45130,California
Santa Barbara,2021-02-09,2443,56322,315,27989,2128,28333,0,0,1123,36234,1311,10019,1123,46253,California
Santa Barbara,2021-02-10,2757,59079,1494,29483,1263,29596,0,0,802,35088,1948,11967,802,47055,California
Santa Barbara,2021-02-11,4173,63252,2802,32285,1371,30967,0,0,617,32154,3551,15518,617,47672,California
Santa Barbara,2021-02-12,3303,66555,947,33232,2356,33323,0,0,769,30394,2529,18047,769,48441,California
Santa Barbara,2021-02-13,1238,67793,341,33573,897,34220,0,0,563,30285,672,18719,563,49004,California
Santa Barbara,2021-02-14,330,68123,34,33607,296,34516,0,0,284,30523,46,18765,284,49288,California
Santa Barbara,2021-02-15,956,69079,335,33942,621,35137,0,0,489,30549,463,19228,489,49777,California
Santa Barbara,2021-02-16,2110,71189,395,34337,1715,36852,0,0,720,29883,1386,20614,720,50497,California
Santa Barbara,2021-02-17,1431,72620,317,34654,1114,37966,0,0,516,29486,913,21527,516,51013,California
Santa Barbara,2021-02-18,3251,75871,2647,37301,604,38570,0,0,1522,29313,1695,23222,1522,52535,California
Santa Barbara,2021-02-19,3603,79474,2649,39950,954,39524,0,0,2334,30381,1266,24488,2334,54869,California
Santa Barbara,2021-02-20,2223,81697,1436,41386,787,40311,0,0,1671,31509,543,25031,1671,56540,California
Santa Barbara,2021-02-21,126,81823,99,41485,27,40338,0,0,58,31499,68,25099,58,56598,California
Santa Barbara,2021-02-22,935,82758,243,41728,692,41030,0,0,261,31093,667,25766,261,56859,California
Santa Barbara,2021-02-23,3179,85937,1044,42772,2135,43165,0,0,424,28765,2753,28519,425,57284,California
Santa Barbara,2021-02-24,3189,89126,1089,43861,2100,45265,0,0,720,27025,2460,30979,720,58004,California
Santa Barbara,2021-02-25,3449,92575,1915,45776,1534,46799,0,0,985,25553,2458,33437,986,58990,California
Santa Barbara,2021-02-26,3656,96231,2173,47949,1483,48282,0,0,1977,25857,1673,35110,1977,60967,California
Santa Barbara,2021-02-27,1527,97758,562,48511,965,49247,0,0,848,26033,674,35784,850,61817,California
Santa Barbara,2021-02-28,1076,98834,216,48727,860,50107,0,0,886,26734,186,35970,887,62704,California
Santa Barbara,2021-03-01,1614,100448,459,49186,1155,51262,0,0,1079,27282,532,36502,1080,63784,California
Santa Barbara,2021-03-02,2515,102963,399,49585,2116,53378,0,0,2030,28838,475,36977,2031,65815,California
Santa Barbara,2021-03-03,4591,107554,2090,51675,2499,55877,2,2,4000,32261,581,37558,4004,69819,California
Santa Barbara,2021-03-04,3391,110945,2271,53946,1120,56997,0,2,2844,34564,541,38099,2844,72663,California
Santa Barbara,2021-03-05,3792,114737,2142,56088,1591,58588,59,61,3079,36995,707,38806,3138,75801,California
Santa Barbara,2021-03-06,2407,117144,709,56797,1491,60079,207,268,1657,38110,748,39554,1863,77664,California
Santa Barbara,2021-03-07,560,117704,123,56920,308,60387,129,397,383,38447,176,39730,513,78177,California
Santa Barbara,2021-03-08,1566,119270,369,57289,855,61242,342,739,788,38803,773,40503,1129,79306,California
Santa Barbara,2021-03-09,2766,122036,323,57612,1674,62916,769,1508,720,38245,2044,42547,1486,80792,California
Santa Barbara,2021-03-10,2744,124780,538,58150,1159,64075,1047,2555,1030,38612,1710,44257,2077,82869,California
Santa Barbara,2021-03-11,5547,130327,3027,61177,1418,65493,1102,3657,2265,38705,3272,47529,3365,86234,California
Santa Barbara,2021-03-12,3600,133927,2083,63260,1101,66594,416,4073,2167,39861,1427,48956,2583,88817,California
Santa Barbara,2021-03-13,3432,137359,1908,65168,1319,67913,205,4278,2687,42011,743,49699,2893,91710,California
Santa Barbara,2021-03-14,759,138118,357,65525,345,68258,57,4335,444,42197,315,50014,501,92211,California
Santa Barbara,2021-03-15,2089,140207,688,66213,1112,69370,289,4624,1255,42908,831,50845,1542,93753,California
Santa Barbara,2021-03-16,3714,143921,1165,67378,2208,71578,341,4965,2731,45000,980,51825,3072,96825,California
Santa Barbara,2021-03-17,3270,147191,965,68343,1905,73483,400,5365,2285,46701,983,52808,2684,99509,California
Santa Barbara,2021-03-18,4317,151508,2780,71123,1337,74820,200,5565,3119,48832,1188,53996,3319,102828,California
Santa Barbara,2021-03-19,4415,155923,2755,73878,1329,76149,331,5896,3023,50801,1386,55382,3355,106183,California
Santa Barbara,2021-03-20,2146,158069,819,74697,1318,77467,9,5905,1312,51290,832,56214,1321,107504,California
Santa Barbara,2021-03-21,1143,159212,375,75072,739,78206,29,5934,821,51820,320,56534,850,108354,California
Santa Barbara,2021-03-22,2761,161973,1902,76974,816,79022,43,5977,2213,53534,542,57076,2256,110610,California
Santa Barbara,2021-03-23,4443,166416,2236,79210,2112,81134,95,6072,3689,56572,745,57821,3783,114393,California
Santa Barbara,2021-03-24,5361,171777,3138,82348,1490,82624,733,6805,2939,57840,2403,60224,3671,118064,California
Santa Barbara,2021-03-25,5477,177254,3259,85607,2037,84661,181,6986,2729,58015,2735,62959,2910,120974,California
Santa Barbara,2021-03-26,5058,182312,3215,88822,1546,86207,297,7283,2224,57718,2818,65777,2521,123495,California
Santa Barbara,2021-03-27,2924,185236,1219,90041,1663,87870,42,7325,1608,58056,1311,67088,1649,125144,California
Santa Barbara,2021-03-28,2762,187998,1649,91690,1085,88955,28,7353,1883,59091,876,67964,1911,127055,California
Santa Barbara,2021-03-29,4039,192037,2088,93778,1882,90837,69,7422,3236,61598,798,68762,3305,130360,California
Santa Barbara,2021-03-30,6774,198811,3501,97279,3126,93963,147,7569,4556,64096,2204,70966,4702,135062,California
Santa Barbara,2021-03-31,8613,207424,5486,102765,3063,97026,64,7633,5083,65728,3516,74482,5148,140210,California
Santa Barbara,2021-04-01,6872,214296,5077,107842,1547,98573,248,7881,4050,67215,2809,77291,4296,144506,California
Santa Barbara,2021-04-02,6568,220864,4531,112373,1466,100039,571,8452,3390,68004,3171,80462,3960,148466,California
Santa Barbara,2021-04-03,3773,224637,2098,114471,1606,101645,69,8521,2491,69285,1278,81740,2559,151025,California
Santa Barbara,2021-04-04,891,225528,440,114911,413,102058,38,8559,493,69421,395,82135,531,151556,California
Santa Barbara,2021-04-05,3421,228949,2262,117173,909,102967,250,8809,2145,70544,1272,83407,2395,153951,California
Santa Barbara,2021-04-06,5136,234085,2744,119917,1888,104855,504,9313,3135,72192,1987,85394,3635,157586,California
Santa Barbara,2021-04-07,5657,239742,3083,123000,2054,106909,520,9833,3813,74676,1834,87228,4318,161904,California
Santa Barbara,2021-04-08,6995,246737,4779,127779,623,107532,1593,11426,3164,75604,3827,91055,4755,166659,California
Santa Barbara,2021-04-09,4466,251203,2968,130747,728,108260,770,12196,1332,74576,3128,94183,2100,168759,California
Santa Barbara,2021-04-10,2192,253395,1402,132149,522,108782,268,12464,1412,75478,778,94961,1680,170439,California
Santa Clara,2020-12-15,64,64,64,64,0,0,0,0,64,64,0,0,64,64,California
Santa Clara,2020-12-16,135,199,135,199,0,0,0,0,135,199,0,0,135,199,California
Santa Clara,2020-12-17,388,587,388,587,0,0,0,0,388,587,0,0,388,587,California
Santa Clara,2020-12-18,1669,2256,1669,2256,0,0,0,0,1669,2256,0,0,1669,2256,California
Santa Clara,2020-12-19,2073,4329,2073,4329,0,0,0,0,2072,4328,0,0,2072,4328,California
Santa Clara,2020-12-20,1898,6227,1892,6221,6,6,0,0,1895,6223,0,0,1895,6223,California
Santa Clara,2020-12-21,2669,8896,2669,8890,0,6,0,0,2667,8890,0,0,2667,8890,California
Santa Clara,2020-12-22,3126,12022,3117,12007,9,15,0,0,3123,12013,0,0,3123,12013,California
Santa Clara,2020-12-23,3256,15278,3071,15078,185,200,0,0,3254,15267,0,0,3254,15267,California
Santa Clara,2020-12-24,1898,17176,1711,16789,187,387,0,0,1892,17158,1,1,1892,17159,California
Santa Clara,2020-12-25,343,17519,342,17131,1,388,0,0,343,17501,0,1,343,17502,California
Santa Clara,2020-12-26,1263,18782,1031,18162,232,620,0,0,1262,18763,0,1,1262,18764,California
Santa Clara,2020-12-27,646,19428,507,18669,139,759,0,0,646,19409,0,1,646,19410,California
Santa Clara,2020-12-28,2333,21761,1730,20399,603,1362,0,0,2333,21742,0,1,2333,21743,California
Santa Clara,2020-12-29,2325,24086,1464,21863,861,2223,0,0,2323,24065,0,1,2323,24066,California
Santa Clara,2020-12-30,2988,27074,1898,23761,1090,3313,0,0,2986,27049,2,3,2986,27052,California
Santa Clara,2020-12-31,1207,28281,389,24150,818,4131,0,0,1206,28254,1,4,1206,28258,California
Santa Clara,2021-01-01,135,28416,6,24156,129,4260,0,0,135,28389,0,4,135,28393,California
Santa Clara,2021-01-02,1081,29497,813,24969,268,4528,0,0,1081,29470,0,4,1081,29474,California
Santa Clara,2021-01-03,585,30082,370,25339,215,4743,0,0,580,30047,3,7,580,30054,California
Santa Clara,2021-01-04,2465,32547,1664,27003,801,5544,0,0,2463,32510,0,7,2463,32517,California
Santa Clara,2021-01-05,3057,35604,2002,29005,1055,6599,0,0,2870,35198,186,193,2874,35391,California
Santa Clara,2021-01-06,3314,38918,1953,30958,1361,7960,0,0,2740,37369,570,763,2741,38132,California
Santa Clara,2021-01-07,4215,43133,2553,33511,1662,9622,0,0,3152,39473,1053,1816,3157,41289,California
Santa Clara,2021-01-08,5841,48974,3821,37332,2020,11642,0,0,3789,41214,2048,3864,3789,45078,California
Santa Clara,2021-01-09,2965,51939,1859,39191,1106,12748,0,0,1685,41621,1280,5144,1687,46765,California
Santa Clara,2021-01-10,1951,53890,1506,40697,445,13193,0,0,741,41153,1209,6353,741,47506,California
Santa Clara,2021-01-11,5933,59823,3730,44427,2203,15396,0,0,3373,41972,2559,8912,3378,50884,California
Santa Clara,2021-01-12,6792,66615,3394,47821,3398,18794,0,0,4552,44287,2238,11150,4553,55437,California
Santa Clara,2021-01-13,7357,73972,3034,50855,4323,23117,0,0,5191,47316,2163,13313,5192,60629,California
Santa Clara,2021-01-14,8226,82198,2790,53645,5436,28553,0,0,6487,52070,1734,15047,6488,67117,California
Santa Clara,2021-01-15,9438,91636,2682,56327,6756,35309,0,0,8125,58889,1310,16357,8129,75246,California
Santa Clara,2021-01-16,4281,95917,1214,57541,3067,38376,0,0,3449,61511,827,17184,3449,78695,California
Santa Clara,2021-01-17,3210,99127,600,58141,2610,40986,0,0,2714,63729,496,17680,2714,81409,California
Santa Clara,2021-01-18,5090,104217,1150,59291,3940,44926,0,0,4537,67714,553,18233,4538,85947,California
Santa Clara,2021-01-19,8446,112663,2649,61940,5797,50723,0,0,6773,72824,1670,19903,6780,92727,California
Santa Clara,2021-01-20,7986,120649,4014,65954,3972,54695,0,0,6450,77743,1531,21434,6450,99177,California
Santa Clara,2021-01-21,8538,129187,3629,69583,4909,59604,0,0,7389,83987,1147,22581,7391,106568,California
Santa Clara,2021-01-22,8574,137761,3201,72784,5373,64977,0,0,8009,91434,564,23145,8011,114579,California
Santa Clara,2021-01-23,3778,141539,1684,74468,2094,67071,0,0,2821,93299,957,24102,2822,117401,California
Santa Clara,2021-01-24,2822,144361,1421,75889,1401,68472,0,0,2335,95149,485,24587,2335,119736,California
Santa Clara,2021-01-25,8352,152713,3774,79663,4578,73050,0,0,6298,99404,2047,26634,6302,126038,California
Santa Clara,2021-01-26,8202,160915,3738,83401,4464,77514,0,0,6098,103411,2094,28728,6101,132139,California
Santa Clara,2021-01-27,8654,169569,3793,87194,4861,82375,0,0,6744,108267,1889,30617,6745,138884,California
Santa Clara,2021-01-28,9405,178974,3762,90956,5643,88018,0,0,7458,113802,1927,32544,7462,146346,California
Santa Clara,2021-01-29,9470,188444,3919,94875,5551,93569,0,0,7311,118963,2151,34695,7312,153658,California
Santa Clara,2021-01-30,4159,192603,2057,96932,2102,95671,0,0,2958,120725,1197,35892,2959,156617,California
Santa Clara,2021-01-31,2165,194768,1301,98233,864,96535,0,0,1576,121715,586,36478,1576,158193,California
Santa Clara,2021-02-01,7826,202594,3479,101712,4347,100882,0,0,6140,126176,1680,38158,6141,164334,California
Santa Clara,2021-02-02,8068,210662,2867,104579,5201,106083,0,0,6084,130283,1980,40138,6087,170421,California
Santa Clara,2021-02-03,9190,219852,3481,108060,5709,111792,0,0,6926,134956,2259,42397,6932,177353,California
Santa Clara,2021-02-04,10553,230405,4108,112168,6445,118237,0,0,8277,140969,2267,44664,8280,185633,California
Santa Clara,2021-02-05,11893,242298,4334,116502,7559,125796,0,0,8438,145972,3440,48104,8443,194076,California
Santa Clara,2021-02-06,5163,247461,2801,119303,2362,128158,0,0,4008,148830,1152,49256,4010,198086,California
Santa Clara,2021-02-07,3473,250934,2348,121651,1125,129283,0,0,3023,151406,448,49704,3024,201110,California
Santa Clara,2021-02-08,9998,260932,3474,125125,6524,135807,0,0,7289,156001,2695,52399,7290,208400,California
Santa Clara,2021-02-09,10766,271698,3802,128927,6964,142771,0,0,7298,159844,3458,55857,7301,215701,California
Santa Clara,2021-02-10,12621,284319,4891,133818,7730,150501,0,0,6904,161046,5705,61562,6907,222608,California
Santa Clara,2021-02-11,13157,297476,4632,138450,8525,159026,0,0,7424,162751,5720,67282,7425,230033,California
Santa Clara,2021-02-12,14516,311992,4473,142923,10043,169069,0,0,7011,162278,7488,74770,7015,237048,California
Santa Clara,2021-02-13,6065,318057,1445,144368,4620,173689,0,0,2213,160646,3847,78617,2215,239263,California
Santa Clara,2021-02-14,4615,322672,1140,145508,3475,177164,0,0,1477,158988,3137,81754,1479,240742,California
Santa Clara,2021-02-15,6228,328900,2779,148287,3449,180613,0,0,2697,158160,3525,85279,2697,243439,California
Santa Clara,2021-02-16,13566,342466,3983,152270,9583,190196,0,0,6741,158097,6809,92088,6746,250185,California
Santa Clara,2021-02-17,14047,356513,5485,157755,8562,198758,0,0,7040,158153,6991,99079,7047,257232,California
Santa Clara,2021-02-18,13682,370195,8341,166096,5341,204099,0,0,7010,158515,6651,105730,7013,264245,California
Santa Clara,2021-02-19,14666,384861,9512,175608,5154,209253,0,0,8494,160856,6158,111888,8499,272744,California
Santa Clara,2021-02-20,6805,391666,5093,180701,1712,210965,0,0,3673,161405,3124,115012,3673,276417,California
Santa Clara,2021-02-21,3233,394899,2419,183120,814,211779,0,0,1161,160503,2065,117077,1163,277580,California
Santa Clara,2021-02-22,10125,405024,6068,189188,4057,215836,0,0,4735,159862,5380,122457,4739,282319,California
Santa Clara,2021-02-23,11816,416840,7685,196873,4131,219967,0,0,6697,161456,5108,127565,6702,289021,California
Santa Clara,2021-02-24,14088,430928,9083,205956,5005,224972,0,0,8727,164837,5346,132911,8727,297748,California
Santa Clara,2021-02-25,14072,445000,9226,215182,4846,229818,0,0,7661,166111,6392,139303,7666,305414,California
Santa Clara,2021-02-26,14523,459523,8420,223602,6103,235921,0,0,7999,167614,6498,145801,8001,313415,California
Santa Clara,2021-02-27,8035,467558,5489,229091,2545,238466,1,1,4447,168491,3578,149379,4455,317870,California
Santa Clara,2021-02-28,4714,472272,3068,232159,1646,240112,0,1,2212,168209,2494,151873,2212,320082,California
Santa Clara,2021-03-01,14030,486302,7960,240119,6069,246181,1,2,8682,171561,5331,157204,8683,328765,California
Santa Clara,2021-03-02,13697,499999,8203,248322,5494,251675,0,2,9155,176195,4523,161727,9157,337922,California
Santa Clara,2021-03-03,17908,517907,8848,257170,9059,260734,1,3,10996,180323,6875,168602,11003,348925,California
Santa Clara,2021-03-04,15680,533587,8892,266062,6785,267519,3,6,9221,183126,6422,175024,9225,358150,California
Santa Clara,2021-03-05,16153,549740,9097,275159,6931,274450,125,131,8859,184837,7276,182300,8987,367137,California
Santa Clara,2021-03-06,9311,559051,6253,281412,2624,277074,434,565,7032,190034,2267,184567,7464,374601,California
Santa Clara,2021-03-07,6685,565736,4380,285792,2076,279150,229,794,5328,194243,1349,185916,5558,380159,California
Santa Clara,2021-03-08,12781,578517,6665,292457,5596,284746,520,1314,8212,198423,4554,190470,8734,388893,California
Santa Clara,2021-03-09,14262,592779,6200,298657,6733,291479,1329,2643,6243,197993,8002,198472,7572,396465,California
Santa Clara,2021-03-10,14767,607546,6455,305112,6393,297872,1919,4562,6064,197287,8680,207152,7974,404439,California
Santa Clara,2021-03-11,16389,623935,7699,312811,7219,305091,1471,6033,5671,193731,10694,217846,7138,411577,California
Santa Clara,2021-03-12,17425,641360,8990,321801,6896,311987,1539,7572,5870,189620,11518,229364,7407,418984,California
Santa Clara,2021-03-13,10475,651835,6072,327873,2933,314920,1470,9042,4612,189855,5841,235205,6076,425060,California
Santa Clara,2021-03-14,6457,658292,3330,331203,1826,316746,1301,10343,3183,191074,3261,238466,4480,429540,California
Santa Clara,2021-03-15,12662,670954,6437,337640,5960,322706,265,10608,5902,190502,6740,245206,6168,435708,California
Santa Clara,2021-03-16,17280,688234,10229,347869,6846,329552,205,10813,8292,190032,8965,254171,8495,444203,California
Santa Clara,2021-03-17,19555,707789,11192,359061,8202,337754,161,10974,10081,190845,9429,263600,10242,454445,California
Santa Clara,2021-03-18,18062,725851,8840,367901,8066,345820,1156,12130,8367,190720,9647,273247,9522,463967,California
Santa Clara,2021-03-19,18626,744477,9761,377662,7868,353688,997,13127,9620,192379,8952,282199,10611,474578,California
Santa Clara,2021-03-20,11411,755888,6256,383918,4326,358014,829,13956,6703,195228,4680,286879,7529,482107,California
Santa Clara,2021-03-21,8219,764107,3698,387616,3121,361135,1400,15356,5504,199425,2705,289584,6902,489009,California
Santa Clara,2021-03-22,15942,780049,9008,396624,6591,367726,343,15699,9122,202093,6797,296381,9465,498474,California
Santa Clara,2021-03-23,18951,799000,12108,408732,6383,374109,460,16159,11431,206506,7478,303859,11891,510365,California
Santa Clara,2021-03-24,21674,820674,14376,423108,7151,381260,147,16306,14319,213659,7316,311175,14469,524834,California
Santa Clara,2021-03-25,22037,842711,12901,436009,8346,389606,790,17096,14364,221196,7614,318789,15151,539985,California
Santa Clara,2021-03-26,21427,864138,13804,449813,7239,396845,384,17480,13203,226585,8193,326982,13582,553567,California
Santa Clara,2021-03-27,14928,879066,9957,459770,4211,401056,760,18240,7783,228013,7115,334097,8543,562110,California
Santa Clara,2021-03-28,11940,891006,8251,468021,2973,404029,716,18956,6467,229743,5453,339550,7183,569293,California
Santa Clara,2021-03-29,20058,911064,12457,480478,6877,410906,724,19680,10933,232309,9089,348639,11655,580948,California
Santa Clara,2021-03-30,24954,936018,15123,495601,8181,419087,1650,21330,16458,241955,8461,357100,18107,599055,California
Santa Clara,2021-03-31,19620,955638,11715,507316,6894,425981,1011,22341,12481,248330,7112,364212,13487,612542,California
Santa Clara,2021-04-01,30411,986049,19507,526823,8220,434201,2684,25025,19554,259760,10803,375015,22233,634775,California
Santa Clara,2021-04-02,24588,1010637,14031,540854,8465,442666,2092,27117,16295,269883,8260,383275,18383,653158,California
Santa Clara,2021-04-03,14836,1025473,8988,549842,3434,446100,2414,29531,8244,273966,6572,389847,10655,663813,California
Santa Clara,2021-04-04,7405,1032878,3887,553729,2404,448504,1114,30645,3825,275333,3571,393418,4938,668751,California
Santa Clara,2021-04-05,21045,1053923,13935,567664,4703,453207,2407,33052,13661,284041,7358,400776,16066,684817,California
Santa Clara,2021-04-06,27774,1081697,15465,583129,7283,460490,5026,38078,16800,294921,10937,411713,21817,706634,California
Santa Clara,2021-04-07,28951,1110648,15129,598258,7840,468330,5982,44060,17592,307170,11316,423029,23565,730199,California
Santa Clara,2021-04-08,26577,1137225,15362,613620,5485,473815,5730,49790,15376,317123,11140,434169,21093,751292,California
Santa Clara,2021-04-09,22868,1160093,11196,624816,6399,480214,5273,55063,12443,324449,10384,444553,17710,769002,California
Santa Clara,2021-04-10,10367,1170460,5800,630616,2607,482821,1960,57023,6343,328734,4010,448563,8295,777297,California
Santa Cruz,2020-12-15,2,2,2,2,0,0,0,0,2,2,0,0,2,2,California
Santa Cruz,2020-12-16,57,59,57,59,0,0,0,0,57,59,0,0,57,59,California
Santa Cruz,2020-12-17,389,448,389,448,0,0,0,0,389,448,0,0,389,448,California
Santa Cruz,2020-12-18,465,913,465,913,0,0,0,0,465,913,0,0,465,913,California
Santa Cruz,2020-12-19,178,1091,177,1090,1,1,0,0,178,1091,0,0,178,1091,California
Santa Cruz,2020-12-20,95,1186,95,1185,0,1,0,0,95,1186,0,0,95,1186,California
Santa Cruz,2020-12-21,433,1619,433,1618,0,1,0,0,433,1619,0,0,433,1619,California
Santa Cruz,2020-12-22,424,2043,423,2041,1,2,0,0,424,2043,0,0,424,2043,California
Santa Cruz,2020-12-23,370,2413,328,2369,42,44,0,0,370,2413,0,0,370,2413,California
Santa Cruz,2020-12-24,125,2538,50,2419,75,119,0,0,125,2538,0,0,125,2538,California
Santa Cruz,2020-12-25,11,2549,11,2430,0,119,0,0,11,2549,0,0,11,2549,California
Santa Cruz,2020-12-26,64,2613,45,2475,19,138,0,0,64,2613,0,0,64,2613,California
Santa Cruz,2020-12-27,32,2645,27,2502,5,143,0,0,32,2645,0,0,32,2645,California
Santa Cruz,2020-12-28,483,3128,108,2610,375,518,0,0,483,3128,0,0,483,3128,California
Santa Cruz,2020-12-29,796,3924,370,2980,426,944,0,0,796,3924,0,0,796,3924,California
Santa Cruz,2020-12-30,356,4280,164,3144,192,1136,0,0,356,4280,0,0,356,4280,California
Santa Cruz,2020-12-31,312,4592,11,3155,301,1437,0,0,312,4592,0,0,312,4592,California
Santa Cruz,2021-01-01,32,4624,0,3155,32,1469,0,0,32,4624,0,0,32,4624,California
Santa Cruz,2021-01-02,71,4695,57,3212,14,1483,0,0,71,4695,0,0,71,4695,California
Santa Cruz,2021-01-03,15,4710,7,3219,8,1491,0,0,15,4710,0,0,15,4710,California
Santa Cruz,2021-01-04,281,4991,123,3342,158,1649,0,0,279,4989,0,0,279,4989,California
Santa Cruz,2021-01-05,566,5557,428,3770,138,1787,0,0,264,4951,302,302,264,5253,California
Santa Cruz,2021-01-06,803,6360,670,4440,133,1920,0,0,465,5079,337,639,465,5718,California
Santa Cruz,2021-01-07,539,6899,212,4652,327,2247,0,0,386,5313,153,792,387,6105,California
Santa Cruz,2021-01-08,935,7834,561,5213,374,2621,0,0,487,5353,448,1240,488,6593,California
Santa Cruz,2021-01-09,463,8297,123,5336,340,2961,0,0,409,5708,54,1294,409,7002,California
Santa Cruz,2021-01-10,80,8377,70,5406,10,2971,0,0,21,5670,59,1353,21,7023,California
Santa Cruz,2021-01-11,722,9099,587,5993,135,3106,0,0,192,5332,530,1883,192,7215,California
Santa Cruz,2021-01-12,736,9835,532,6525,204,3310,0,0,493,5582,243,2126,493,7708,California
Santa Cruz,2021-01-13,521,10356,228,6753,293,3603,0,0,437,5938,81,2207,437,8145,California
Santa Cruz,2021-01-14,553,10909,101,6854,452,4055,0,0,487,6359,66,2273,487,8632,California
Santa Cruz,2021-01-15,1456,12365,77,6931,1379,5434,0,0,1392,7689,63,2336,1393,10025,California
Santa Cruz,2021-01-16,427,12792,54,6985,373,5807,0,0,408,8078,19,2355,408,10433,California
Santa Cruz,2021-01-17,297,13089,41,7026,256,6063,0,0,272,8325,25,2380,272,10705,California
Santa Cruz,2021-01-18,1016,14105,105,7131,911,6974,0,0,954,9217,62,2442,954,11659,California
Santa Cruz,2021-01-19,1623,15728,524,7655,1099,8073,0,0,1270,10137,351,2793,1271,12930,California
Santa Cruz,2021-01-20,1235,16963,184,7839,1051,9124,0,0,1038,10981,194,2987,1038,13968,California
Santa Cruz,2021-01-21,1707,18670,200,8039,1507,10631,0,0,1602,12478,106,3093,1603,15571,California
Santa Cruz,2021-01-22,1795,20465,531,8570,1264,11895,0,0,1695,14077,97,3190,1696,17267,California
Santa Cruz,2021-01-23,401,20866,146,8716,255,12150,0,0,341,14359,59,3249,341,17608,California
Santa Cruz,2021-01-24,115,20981,20,8736,95,12245,0,0,97,14438,18,3267,97,17705,California
Santa Cruz,2021-01-25,1057,22038,359,9095,698,12943,0,0,548,14477,509,3776,548,18253,California
Santa Cruz,2021-01-26,1687,23725,245,9340,1442,14385,0,0,1177,15144,510,4286,1177,19430,California
Santa Cruz,2021-01-27,1648,25373,446,9786,1202,15587,0,0,1265,16028,381,4667,1265,20695,California
Santa Cruz,2021-01-28,1745,27118,292,10078,1453,17040,0,0,1469,17222,276,4943,1470,22165,California
Santa Cruz,2021-01-29,1736,28854,490,10568,1246,18286,0,0,1606,18699,129,5072,1606,23771,California
Santa Cruz,2021-01-30,1060,29914,308,10876,752,19038,0,0,927,19493,133,5205,927,24698,California
Santa Cruz,2021-01-31,217,30131,111,10987,106,19144,0,0,203,19682,14,5219,203,24901,California
Santa Cruz,2021-02-01,1232,31363,759,11746,473,19617,0,0,826,20102,406,5625,826,25727,California
Santa Cruz,2021-02-02,1007,32370,130,11876,877,20494,0,0,852,20800,154,5779,852,26579,California
Santa Cruz,2021-02-03,2220,34590,946,12822,1274,21768,0,0,1908,22400,308,6087,1908,28487,California
Santa Cruz,2021-02-04,1834,36424,771,13593,1063,22831,0,0,1497,23561,336,6423,1497,29984,California
Santa Cruz,2021-02-05,3172,39596,794,14387,2378,25209,0,0,2852,26094,319,6742,2852,32836,California
Santa Cruz,2021-02-06,2584,42180,164,14551,2420,27629,0,0,2236,27982,348,7090,2236,35072,California
Santa Cruz,2021-02-07,907,43087,121,14672,786,28415,0,0,889,28853,18,7108,889,35961,California
Santa Cruz,2021-02-08,717,43804,204,14876,513,28928,0,0,517,29171,199,7307,517,36478,California
Santa Cruz,2021-02-09,2375,46179,1057,15933,1318,30246,0,0,2110,31020,261,7568,2110,38588,California
Santa Cruz,2021-02-10,2199,48378,580,16513,1619,31865,0,0,1499,31830,690,8258,1500,40088,California
Santa Cruz,2021-02-11,1853,50231,316,16829,1537,33402,0,0,1328,32635,523,8781,1328,41416,California
Santa Cruz,2021-02-12,3214,53445,421,17250,2793,36195,0,0,1809,33049,1397,10178,1811,43227,California
Santa Cruz,2021-02-13,1709,55154,123,17373,1586,37781,0,0,1296,33932,413,10591,1296,44523,California
Santa Cruz,2021-02-14,1400,56554,70,17443,1330,39111,0,0,1137,34806,263,10854,1137,45660,California
Santa Cruz,2021-02-15,1583,58137,279,17722,1304,40415,0,0,566,34356,1017,11871,567,46227,California
Santa Cruz,2021-02-16,1692,59829,202,17924,1490,41905,0,0,535,33755,1136,13007,535,46762,California
Santa Cruz,2021-02-17,2918,62747,974,18898,1944,43849,0,0,1221,33295,1684,14691,1224,47986,California
Santa Cruz,2021-02-18,2880,65627,638,19536,2242,46091,0,0,1231,32880,1646,16337,1231,49217,California
Santa Cruz,2021-02-19,3265,68892,1145,20681,2120,48211,0,0,2010,33636,1254,17591,2010,51227,California
Santa Cruz,2021-02-20,2381,71273,1496,22177,885,49096,0,0,1888,35031,493,18084,1888,53115,California
Santa Cruz,2021-02-21,823,72096,357,22534,466,49562,0,0,699,35608,122,18206,699,53814,California
Santa Cruz,2021-02-22,1250,73346,968,23502,282,49844,0,0,535,35430,713,18919,535,54349,California
Santa Cruz,2021-02-23,2095,75441,938,24440,1157,51001,0,0,710,34756,1384,20303,710,55059,California
Santa Cruz,2021-02-24,3179,78620,1660,26100,1519,52520,0,0,1210,34001,1965,22268,1210,56269,California
Santa Cruz,2021-02-25,3237,81857,1433,27533,1804,54324,0,0,1783,34337,1447,23715,1783,58052,California
Santa Cruz,2021-02-26,2718,84575,760,28293,1958,56282,0,0,1546,34717,1168,24883,1548,59600,California
Santa Cruz,2021-02-27,2638,87213,931,29224,1707,57989,0,0,1838,35756,799,25682,1838,61438,California
Santa Cruz,2021-02-28,1296,88509,360,29584,936,58925,0,0,1086,36635,207,25889,1086,62524,California
Santa Cruz,2021-03-01,1828,90337,1253,30837,575,59500,0,0,687,36184,1138,27027,687,63211,California
Santa Cruz,2021-03-02,1508,91845,340,31177,1168,60668,0,0,838,36357,668,27695,841,64052,California
Santa Cruz,2021-03-03,2316,94161,598,31775,1718,62386,0,0,1250,36544,1063,28758,1250,65302,California
Santa Cruz,2021-03-04,2998,97159,1403,33178,1594,63980,1,1,2031,37619,958,29716,2033,67335,California
Santa Cruz,2021-03-05,2600,99759,477,33655,2105,66085,18,19,1123,37286,1474,31190,1141,68476,California
Santa Cruz,2021-03-06,3864,103623,1346,35001,2415,68500,103,122,2160,37844,1704,32894,2262,70738,California
Santa Cruz,2021-03-07,1341,104964,127,35128,1139,69639,75,197,550,37679,790,33684,625,71363,California
Santa Cruz,2021-03-08,1051,106015,221,35349,730,70369,100,297,653,38035,397,34081,753,72116,California
Santa Cruz,2021-03-09,1763,107778,235,35584,1381,71750,147,444,697,37816,1063,35144,844,72960,California
Santa Cruz,2021-03-10,3845,111623,2082,37666,1615,73365,148,592,1987,38098,1856,37000,2138,75098,California
Santa Cruz,2021-03-11,2788,114411,1212,38878,1410,74775,166,758,1543,38565,1244,38244,1711,76809,California
Santa Cruz,2021-03-12,2736,117147,887,39765,1562,76337,287,1045,903,37925,1830,40074,1190,77999,California
Santa Cruz,2021-03-13,2272,119419,1321,41086,906,77243,45,1090,1154,38008,1117,41191,1200,79199,California
Santa Cruz,2021-03-14,894,120313,214,41300,666,77909,14,1104,438,38006,453,41644,451,79650,California
Santa Cruz,2021-03-15,1342,121655,474,41774,833,78742,35,1139,573,37848,767,42411,609,80259,California
Santa Cruz,2021-03-16,2311,123966,1088,42862,1183,79925,40,1179,1337,38253,971,43382,1376,81635,California
Santa Cruz,2021-03-17,3857,127823,2232,45094,1615,81540,10,1189,2513,39438,1340,44722,2525,84160,California
Santa Cruz,2021-03-18,3856,131679,2094,47188,1645,83185,117,1306,2068,39838,1785,46507,2185,86345,California
Santa Cruz,2021-03-19,3275,134954,1323,48511,1727,84912,225,1531,1653,40099,1617,48124,1878,88223,California
Santa Cruz,2021-03-20,2166,137120,1617,50128,514,85426,35,1566,1097,40165,1066,49190,1132,89355,California
Santa Cruz,2021-03-21,822,137942,436,50564,265,85691,121,1687,441,40349,379,49569,563,89918,California
Santa Cruz,2021-03-22,1359,139301,844,51408,493,86184,22,1709,938,40892,418,49987,961,90879,California
Santa Cruz,2021-03-23,2554,141855,1436,52844,1069,87253,49,1758,1719,41827,833,50820,1768,92647,California
Santa Cruz,2021-03-24,2995,144850,2007,54851,967,88220,21,1779,1984,42825,1006,51826,2004,94651,California
Santa Cruz,2021-03-25,2606,147456,1327,56178,1247,89467,32,1811,1353,42966,1244,53070,1385,96036,California
Santa Cruz,2021-03-26,3033,150489,1821,57999,1185,90652,27,1838,2061,44089,965,54035,2088,98124,California
Santa Cruz,2021-03-27,3212,153701,2010,60009,1177,91829,25,1863,1508,43929,1694,55729,1534,99658,California
Santa Cruz,2021-03-28,921,154622,567,60576,341,92170,13,1876,488,44003,428,56157,502,100160,California
Santa Cruz,2021-03-29,1948,156570,873,61449,1007,93177,68,1944,1247,44624,694,56851,1315,101475,California
Santa Cruz,2021-03-30,2698,159268,819,62268,1721,94898,158,2102,1738,45561,959,57810,1896,103371,California
Santa Cruz,2021-03-31,4019,163287,2697,64965,1280,96178,42,2144,2075,45738,1940,59750,2117,105488,California
Santa Cruz,2021-04-01,4012,167299,2149,67114,1760,97938,103,2247,2028,45889,1979,61729,2130,107618,California
Santa Cruz,2021-04-02,3151,170450,1434,68548,1537,99475,180,2427,1761,46445,1385,63114,1941,109559,California
Santa Cruz,2021-04-03,2238,172688,1233,69781,890,100365,115,2542,892,46108,1343,64457,1006,110565,California
Santa Cruz,2021-04-04,938,173626,492,70273,391,100756,55,2597,555,46335,383,64840,610,111175,California
Santa Cruz,2021-04-05,2241,175867,798,71071,1291,102047,152,2749,1398,47043,842,65682,1550,112725,California
Santa Cruz,2021-04-06,3367,179234,1673,72744,1344,103391,350,3099,2011,48055,1348,67030,2360,115085,California
Santa Cruz,2021-04-07,4071,183305,1622,74366,2123,105514,326,3425,1865,48042,2204,69234,2191,117276,California
Santa Cruz,2021-04-08,3999,187304,2319,76685,1378,106892,302,3727,2471,49296,1519,70753,2773,120049,California
Santa Cruz,2021-04-09,2965,190269,1260,77945,1542,108434,163,3890,1730,49959,1231,71984,1894,121943,California
Santa Cruz,2021-04-10,1212,191481,528,78473,644,109078,40,3930,637,50062,573,72557,676,122619,California
Shasta,2020-12-16,131,131,131,131,0,0,0,0,131,131,0,0,131,131,California
Shasta,2020-12-17,417,548,417,548,0,0,0,0,417,548,0,0,417,548,California
Shasta,2020-12-18,166,714,166,714,0,0,0,0,166,714,0,0,166,714,California
Shasta,2020-12-19,1,715,1,715,0,0,0,0,1,715,0,0,1,715,California
Shasta,2020-12-21,80,795,80,795,0,0,0,0,80,795,0,0,80,795,California
Shasta,2020-12-22,191,986,186,981,5,5,0,0,191,986,0,0,191,986,California
Shasta,2020-12-23,174,1160,170,1151,4,9,0,0,174,1160,0,0,174,1160,California
Shasta,2020-12-24,18,1178,18,1169,0,9,0,0,18,1178,0,0,18,1178,California
Shasta,2020-12-26,4,1182,1,1170,3,12,0,0,4,1182,0,0,4,1182,California
Shasta,2020-12-27,1,1183,0,1170,1,13,0,0,1,1183,0,0,1,1183,California
Shasta,2020-12-28,40,1223,31,1201,9,22,0,0,40,1223,0,0,40,1223,California
Shasta,2020-12-29,186,1409,185,1386,1,23,0,0,186,1409,0,0,186,1409,California
Shasta,2020-12-30,178,1587,168,1554,10,33,0,0,178,1587,0,0,178,1587,California
Shasta,2020-12-31,83,1670,2,1556,81,114,0,0,83,1670,0,0,83,1670,California
Shasta,2021-01-02,2,1672,0,1556,2,116,0,0,2,1672,0,0,2,1672,California
Shasta,2021-01-03,1,1673,1,1557,0,116,0,0,1,1673,0,0,1,1673,California
Shasta,2021-01-04,346,2019,306,1863,40,156,0,0,347,2020,0,0,347,2020,California
Shasta,2021-01-05,335,2354,314,2177,21,177,0,0,254,2193,81,81,254,2274,California
Shasta,2021-01-06,437,2791,395,2572,42,219,0,0,175,2107,261,342,175,2449,California
Shasta,2021-01-07,116,2907,35,2607,81,300,0,0,95,2181,21,363,95,2544,California
Shasta,2021-01-08,507,3414,447,3054,60,360,0,0,299,2272,208,571,299,2843,California
Shasta,2021-01-09,72,3486,63,3117,9,369,0,0,70,2340,2,573,70,2913,California
Shasta,2021-01-10,5,3491,0,3117,5,374,0,0,4,2344,1,574,5,2918,California
Shasta,2021-01-11,352,3843,185,3302,167,541,0,0,316,2624,36,610,316,3234,California
Shasta,2021-01-12,452,4295,327,3629,125,666,0,0,278,2728,174,784,278,3512,California
Shasta,2021-01-13,541,4836,268,3897,273,939,0,0,371,2929,170,954,371,3883,California
Shasta,2021-01-14,447,5283,51,3948,396,1335,0,0,429,3340,18,972,429,4312,California
Shasta,2021-01-15,634,5917,136,4084,498,1833,0,0,632,3970,2,974,632,4944,California
Shasta,2021-01-16,899,6816,55,4139,844,2677,0,0,896,4863,3,977,896,5840,California
Shasta,2021-01-17,27,6843,6,4145,21,2698,0,0,23,4882,4,981,23,5863,California
Shasta,2021-01-18,600,7443,130,4275,470,3168,0,0,592,5466,8,989,592,6455,California
Shasta,2021-01-19,1018,8461,397,4672,621,3789,0,0,870,6188,148,1137,870,7325,California
Shasta,2021-01-20,676,9137,408,5080,268,4057,0,0,493,6502,179,1316,493,7818,California
Shasta,2021-01-21,629,9766,277,5357,352,4409,0,0,606,7085,23,1339,606,8424,California
Shasta,2021-01-22,445,10211,171,5528,274,4683,0,0,439,7518,6,1345,439,8863,California
Shasta,2021-01-23,68,10279,5,5533,63,4746,0,0,67,7584,1,1346,67,8930,California
Shasta,2021-01-24,25,10304,2,5535,23,4769,0,0,24,7607,1,1347,24,8954,California
Shasta,2021-01-25,749,11053,491,6026,258,5027,0,0,463,7785,285,1632,463,9417,California
Shasta,2021-01-26,707,11760,331,6357,376,5403,0,0,474,8028,231,1863,474,9891,California
Shasta,2021-01-27,458,12218,179,6536,279,5682,0,0,409,8388,49,1912,409,10300,California
Shasta,2021-01-28,854,13072,576,7112,278,5960,0,0,632,8798,222,2134,632,10932,California
Shasta,2021-01-29,831,13903,331,7443,500,6460,0,0,641,9250,190,2324,642,11574,California
Shasta,2021-01-30,618,14521,14,7457,604,7064,0,0,609,9850,9,2333,609,12183,California
Shasta,2021-01-31,28,14549,4,7461,24,7088,0,0,26,9874,2,2335,26,12209,California
Shasta,2021-02-01,502,15051,141,7602,361,7449,0,0,383,10138,119,2454,383,12592,California
Shasta,2021-02-02,936,15987,493,8095,443,7892,0,0,846,10895,89,2543,846,13438,California
Shasta,2021-02-03,675,16662,210,8305,465,8357,0,0,479,11178,196,2739,479,13917,California
Shasta,2021-02-04,1067,17729,662,8967,405,8762,0,0,876,11864,190,2929,876,14793,California
Shasta,2021-02-05,1212,18941,163,9130,1049,9811,0,0,1023,12699,188,3117,1023,15816,California
Shasta,2021-02-06,1729,20670,42,9172,1687,11498,0,0,1704,14379,24,3141,1704,17520,California
Shasta,2021-02-07,25,20695,2,9174,23,11521,0,0,23,14400,2,3143,23,17543,California
Shasta,2021-02-08,541,21236,168,9342,373,11894,0,0,303,14465,238,3381,303,17846,California
Shasta,2021-02-09,1026,22262,651,9993,375,12269,0,0,676,14791,350,3731,676,18522,California
Shasta,2021-02-10,1083,23345,782,10775,301,12570,0,0,593,14894,491,4222,594,19116,California
Shasta,2021-02-11,785,24130,187,10962,598,13168,0,0,304,14722,476,4698,304,19420,California
Shasta,2021-02-12,1663,25793,1144,12106,519,13687,0,0,1170,15399,493,5191,1170,20590,California
Shasta,2021-02-13,1384,27177,368,12474,1016,14703,0,0,572,15158,813,6004,572,21162,California
Shasta,2021-02-14,148,27325,4,12478,144,14847,0,0,124,15258,24,6028,124,21286,California
Shasta,2021-02-15,381,27706,91,12569,290,15137,0,0,212,15301,169,6197,212,21498,California
Shasta,2021-02-16,1084,28790,512,13081,572,15709,0,0,319,14856,764,6961,319,21817,California
Shasta,2021-02-17,994,29784,438,13519,556,16265,0,0,376,14614,618,7579,376,22193,California
Shasta,2021-02-18,874,30658,441,13960,433,16698,0,0,427,14594,447,8026,427,22620,California
Shasta,2021-02-19,1326,31984,934,14894,392,17090,0,0,859,14986,467,8493,859,23479,California
Shasta,2021-02-20,799,32783,87,14981,712,17802,0,0,300,14787,499,8992,300,23779,California
Shasta,2021-02-21,31,32814,2,14983,29,17831,0,0,9,14774,22,9014,9,23788,California
Shasta,2021-02-22,348,33162,74,15057,274,18105,0,0,102,14630,246,9260,102,23890,California
Shasta,2021-02-23,802,33964,467,15524,335,18440,0,0,218,14264,584,9844,218,24108,California
Shasta,2021-02-24,882,34846,504,16028,378,18818,0,0,269,13921,612,10456,269,24377,California
Shasta,2021-02-25,477,35323,157,16185,320,19138,0,0,157,13759,319,10775,157,24534,California
Shasta,2021-02-26,787,36110,90,16275,697,19835,0,0,326,13626,459,11234,326,24860,California
Shasta,2021-02-27,826,36936,29,16304,797,20632,0,0,187,13176,637,11871,187,25047,California
Shasta,2021-02-28,177,37113,4,16308,173,20805,0,0,127,13253,50,11921,127,25174,California
Shasta,2021-03-01,559,37672,61,16369,498,21303,0,0,267,13230,290,12211,267,25441,California
Shasta,2021-03-02,929,38601,465,16834,464,21767,0,0,266,12835,661,12872,266,25707,California
Shasta,2021-03-03,629,39230,145,16979,484,22251,0,0,223,12652,406,13278,223,25930,California
Shasta,2021-03-04,1051,40281,504,17483,547,22798,0,0,646,12895,404,13682,647,26577,California
Shasta,2021-03-05,977,41258,160,17643,788,23586,29,29,321,12588,657,14339,350,26927,California
Shasta,2021-03-06,838,42096,387,18030,404,23990,47,76,203,12203,635,14974,250,27177,California
Shasta,2021-03-07,90,42186,3,18033,55,24045,32,108,36,12217,54,15028,68,27245,California
Shasta,2021-03-08,558,42744,46,18079,373,24418,139,247,145,12090,411,15439,284,27529,California
Shasta,2021-03-09,605,43349,45,18124,382,24800,178,425,232,12127,373,15812,410,27939,California
Shasta,2021-03-10,797,44146,259,18383,335,25135,203,628,134,11800,662,16474,335,28274,California
Shasta,2021-03-11,1043,45189,175,18558,624,25759,244,872,644,12289,399,16873,888,29162,California
Shasta,2021-03-12,809,45998,160,18718,406,26165,243,1115,293,12308,515,17388,534,29696,California
Shasta,2021-03-13,742,46740,423,19141,219,26384,100,1215,474,12614,267,17655,573,30269,California
Shasta,2021-03-14,364,47104,8,19149,334,26718,22,1237,227,12726,137,17792,249,30518,California
Shasta,2021-03-15,493,47597,34,19183,359,27077,100,1337,206,12745,286,18078,305,30823,California
Shasta,2021-03-16,1077,48674,144,19327,866,27943,67,1404,798,13331,279,18357,865,31688,California
Shasta,2021-03-17,692,49366,195,19522,439,28382,58,1462,393,13489,293,18650,451,32139,California
Shasta,2021-03-18,1071,50437,236,19758,732,29114,103,1565,798,14121,269,18919,901,33040,California
Shasta,2021-03-19,624,51061,191,19949,377,29491,56,1621,396,14346,227,19146,452,33492,California
Shasta,2021-03-20,745,51806,488,20437,243,29734,14,1635,598,14811,147,19293,612,34104,California
Shasta,2021-03-21,312,52118,296,20733,4,29738,12,1647,286,15083,26,19319,298,34402,California
Shasta,2021-03-22,341,52459,36,20769,275,30013,30,1677,200,15173,140,19459,230,34632,California
Shasta,2021-03-23,817,53276,156,20925,603,30616,58,1735,626,15671,186,19645,684,35316,California
Shasta,2021-03-24,512,53788,155,21080,320,30936,37,1772,363,15923,148,19793,400,35716,California
Shasta,2021-03-25,758,54546,186,21266,555,31491,17,1789,618,16420,138,19931,635,36351,California
Shasta,2021-03-26,683,55229,257,21523,396,31887,30,1819,331,16430,352,20283,362,36713,California
Shasta,2021-03-27,1556,56785,404,21927,315,32202,837,2656,571,16852,983,21266,1405,38118,California
Shasta,2021-03-28,405,57190,299,22226,96,32298,10,2666,302,17063,101,21367,312,38430,California
Shasta,2021-03-29,413,57603,41,22267,360,32658,12,2678,160,16983,252,21619,172,38602,California
Shasta,2021-03-30,526,58129,185,22452,334,32992,7,2685,321,17109,202,21821,328,38930,California
Shasta,2021-03-31,620,58749,206,22658,409,33401,5,2690,392,17283,223,22044,397,39327,California
Shasta,2021-04-01,773,59522,246,22904,521,33922,6,2696,548,17613,225,22269,555,39882,California
Shasta,2021-04-02,745,60267,202,23106,492,34414,51,2747,413,17747,330,22599,464,40346,California
Shasta,2021-04-03,520,60787,368,23474,133,34547,19,2766,397,18040,123,22722,416,40762,California
Shasta,2021-04-04,281,61068,177,23651,84,34631,20,2786,217,18213,64,22786,237,40999,California
Shasta,2021-04-05,415,61483,50,23701,304,34935,61,2847,248,18355,167,22953,309,41308,California
Shasta,2021-04-06,701,62184,174,23875,365,35300,162,3009,287,18390,414,23367,449,41757,California
Shasta,2021-04-07,577,62761,220,24095,215,35515,142,3151,223,18404,350,23717,364,42121,California
Shasta,2021-04-08,626,63387,261,24356,219,35734,146,3297,197,18319,427,24144,342,42463,California
Shasta,2021-04-09,730,64117,446,24802,164,35898,120,3417,396,18501,333,24477,515,42978,California
Shasta,2021-04-10,146,64263,3,24805,124,36022,19,3436,38,18450,108,24585,57,43035,California
Sierra,2020-12-18,1,1,1,1,0,0,0,0,1,1,0,0,1,1,California
Sierra,2020-12-21,2,3,2,3,0,0,0,0,2,3,0,0,2,3,California
Sierra,2020-12-22,12,15,12,15,0,0,0,0,12,15,0,0,12,15,California
Sierra,2020-12-23,4,19,4,19,0,0,0,0,4,19,0,0,4,19,California
Sierra,2020-12-28,1,20,0,19,1,1,0,0,1,20,0,0,1,20,California
Sierra,2020-12-29,49,69,7,26,42,43,0,0,49,69,0,0,49,69,California
Sierra,2020-12-30,2,71,0,26,2,45,0,0,2,71,0,0,2,71,California
Sierra,2020-12-31,12,83,0,26,12,57,0,0,12,83,0,0,12,83,California
Sierra,2021-01-05,65,148,3,29,62,119,0,0,65,148,0,0,65,148,California
Sierra,2021-01-06,1,149,1,30,0,119,0,0,1,149,0,0,1,149,California
Sierra,2021-01-07,20,169,1,31,19,138,0,0,19,167,1,1,19,168,California
Sierra,2021-01-08,1,170,1,32,0,138,0,0,1,168,0,1,1,169,California
Sierra,2021-01-11,3,173,3,35,0,138,0,0,0,165,3,4,0,169,California
Sierra,2021-01-12,39,212,12,47,27,165,0,0,27,180,12,16,27,196,California
Sierra,2021-01-13,4,216,3,50,1,166,0,0,1,178,3,19,1,197,California
Sierra,2021-01-14,35,251,2,52,33,199,0,0,35,213,0,19,35,232,California
Sierra,2021-01-15,2,253,1,53,1,200,0,0,2,215,0,19,2,234,California
Sierra,2021-01-18,2,255,0,53,2,202,0,0,2,217,0,19,2,236,California
Sierra,2021-01-19,32,287,0,53,32,234,0,0,32,249,0,19,32,268,California
Sierra,2021-01-20,1,288,1,54,0,234,0,0,1,250,0,19,1,269,California
Sierra,2021-01-21,54,342,0,54,54,288,0,0,54,304,0,19,54,323,California
Sierra,2021-01-22,1,343,0,54,1,289,0,0,1,305,0,19,1,324,California
Sierra,2021-01-23,2,345,0,54,2,291,0,0,2,307,0,19,2,326,California
Sierra,2021-01-26,62,407,0,54,62,353,0,0,24,293,38,57,24,350,California
Sierra,2021-01-27,4,411,4,58,0,353,0,0,0,289,4,61,0,350,California
Sierra,2021-01-28,53,464,0,58,53,406,0,0,44,324,9,70,44,394,California
Sierra,2021-01-29,1,465,0,58,1,407,0,0,1,325,0,70,1,395,California
Sierra,2021-01-30,3,468,3,61,0,407,0,0,2,326,1,71,2,397,California
Sierra,2021-02-01,1,469,0,61,1,408,0,0,0,325,1,72,0,397,California
Sierra,2021-02-02,57,526,0,61,57,465,0,0,18,304,39,111,18,415,California
Sierra,2021-02-03,6,532,5,66,1,466,0,0,5,308,1,112,5,420,California
Sierra,2021-02-04,105,637,6,72,99,565,0,0,57,317,48,160,57,477,California
Sierra,2021-02-05,6,643,4,76,2,567,0,0,5,321,1,161,5,482,California
Sierra,2021-02-09,51,694,0,76,51,618,0,0,49,368,2,163,49,531,California
Sierra,2021-02-10,5,699,2,78,3,621,0,0,4,371,1,164,4,535,California
Sierra,2021-02-11,196,895,1,79,195,816,0,0,134,443,62,226,134,669,California
Sierra,2021-02-12,20,915,0,79,20,836,0,0,20,463,0,226,20,689,California
Sierra,2021-02-13,1,916,1,80,0,836,0,0,1,464,0,226,1,690,California
Sierra,2021-02-14,1,917,0,80,1,837,0,0,1,465,0,226,1,691,California
Sierra,2021-02-15,1,918,1,81,0,837,0,0,0,464,1,227,0,691,California
Sierra,2021-02-16,43,961,0,81,43,880,0,0,10,441,33,260,10,701,California
Sierra,2021-02-17,3,964,0,81,3,883,0,0,1,440,2,262,1,702,California
Sierra,2021-02-18,143,1107,0,81,143,1026,0,0,92,481,51,313,92,794,California
Sierra,2021-02-19,1,1108,1,82,0,1026,0,0,1,482,0,313,1,795,California
Sierra,2021-02-20,2,1110,2,84,0,1026,0,0,0,480,2,315,0,795,California
Sierra,2021-02-22,1,1111,1,85,0,1026,0,0,1,481,0,315,1,796,California
Sierra,2021-02-23,4,1115,0,85,4,1030,0,0,4,485,0,315,4,800,California
Sierra,2021-02-24,5,1120,3,88,2,1032,0,0,4,488,1,316,4,804,California
Sierra,2021-02-25,124,1244,1,89,123,1155,0,0,58,480,66,382,58,862,California
Sierra,2021-02-26,9,1253,6,95,3,1158,0,0,4,479,5,387,4,866,California
Sierra,2021-02-27,2,1255,2,97,0,1158,0,0,0,477,2,389,0,866,California
Sierra,2021-03-01,2,1257,2,99,0,1158,0,0,0,475,2,391,0,866,California
Sierra,2021-03-02,56,1313,0,99,56,1214,0,0,38,495,18,409,38,904,California
Sierra,2021-03-03,2,1315,2,101,0,1214,0,0,1,495,1,410,1,905,California
Sierra,2021-03-04,108,1423,0,101,108,1322,0,0,57,501,51,461,57,962,California
Sierra,2021-03-05,13,1436,1,102,12,1334,0,0,11,510,2,463,11,973,California
Sierra,2021-03-07,1,1437,1,103,0,1334,0,0,0,509,1,464,0,973,California
Sierra,2021-03-08,2,1439,2,105,0,1334,0,0,2,511,0,464,2,975,California
Sierra,2021-03-09,56,1495,0,105,56,1390,0,0,11,477,45,509,11,986,California
Sierra,2021-03-10,6,1501,0,105,6,1396,0,0,4,479,2,511,4,990,California
Sierra,2021-03-11,176,1677,0,105,176,1572,0,0,44,391,132,643,44,1034,California
Sierra,2021-03-12,20,1697,1,106,19,1591,0,0,0,371,20,663,0,1034,California
Sierra,2021-03-13,28,1725,0,106,28,1619,0,0,28,399,0,663,28,1062,California
Sierra,2021-03-14,1,1726,0,106,0,1619,1,1,0,399,1,664,1,1063,California
Sierra,2021-03-15,2,1728,1,107,1,1620,0,1,0,397,2,666,0,1063,California
Sierra,2021-03-16,37,1765,0,107,36,1656,1,2,24,409,13,679,25,1088,California
Sierra,2021-03-17,4,1769,3,110,1,1657,0,2,1,407,3,682,1,1089,California
Sierra,2021-03-18,160,1929,0,110,160,1817,0,2,66,379,94,776,66,1155,California
Sierra,2021-03-19,4,1933,2,112,2,1819,0,2,1,377,3,779,1,1156,California
Sierra,2021-03-20,1,1934,0,112,1,1820,0,2,1,378,0,779,1,1157,California
Sierra,2021-03-23,24,1958,0,112,24,1844,0,2,15,384,9,788,15,1172,California
Sierra,2021-03-24,2,1960,1,113,1,1845,0,2,0,382,2,790,0,1172,California
Sierra,2021-03-25,90,2050,0,113,90,1935,0,2,46,384,44,834,46,1218,California
Sierra,2021-03-26,13,2063,1,114,12,1947,0,2,10,391,3,837,10,1228,California
Sierra,2021-03-27,2,2065,1,115,1,1948,0,2,0,389,2,839,0,1228,California
Sierra,2021-03-29,1,2066,1,116,0,1948,0,2,0,388,1,840,0,1228,California
Sierra,2021-03-30,54,2120,0,116,54,2002,0,2,21,376,33,873,21,1249,California
Sierra,2021-03-31,8,2128,0,116,8,2010,0,2,8,384,0,873,8,1257,California
Sierra,2021-04-01,60,2188,2,118,58,2068,0,2,6,336,54,927,6,1263,California
Sierra,2021-04-02,3,2191,2,120,1,2069,0,2,2,337,1,928,2,1265,California
Sierra,2021-04-05,1,2192,1,121,0,2069,0,2,0,336,1,929,0,1265,California
Sierra,2021-04-06,10,2202,0,121,10,2079,0,2,0,326,10,939,0,1265,California
Sierra,2021-04-07,11,2213,0,121,5,2084,6,8,1,323,10,949,7,1272,California
Sierra,2021-04-08,53,2266,1,122,52,2136,0,8,16,302,37,986,16,1288,California
Sierra,2021-04-09,2,2268,2,124,0,2136,0,8,1,302,1,987,1,1289,California
Sierra,2021-04-10,27,2295,0,124,27,2163,0,8,0,275,27,1014,0,1289,California
Siskiyou,2020-12-16,2,2,2,2,0,0,0,0,2,2,0,0,2,2,California
Siskiyou,2020-12-17,4,6,4,6,0,0,0,0,4,6,0,0,4,6,California
Siskiyou,2020-12-18,2,8,2,8,0,0,0,0,2,8,0,0,2,8,California
Siskiyou,2020-12-19,4,12,4,12,0,0,0,0,4,12,0,0,4,12,California
Siskiyou,2020-12-20,1,13,1,13,0,0,0,0,1,13,0,0,1,13,California
Siskiyou,2020-12-21,132,145,132,145,0,0,0,0,132,145,0,0,132,145,California
Siskiyou,2020-12-22,159,304,159,304,0,0,0,0,159,304,0,0,159,304,California
Siskiyou,2020-12-23,142,446,142,446,0,0,0,0,142,446,0,0,142,446,California
Siskiyou,2020-12-24,5,451,5,451,0,0,0,0,5,451,0,0,5,451,California
Siskiyou,2020-12-26,2,453,0,451,2,2,0,0,2,453,0,0,2,453,California
Siskiyou,2020-12-27,2,455,0,451,2,4,0,0,2,455,0,0,2,455,California
Siskiyou,2020-12-28,3,458,1,452,2,6,0,0,3,458,0,0,3,458,California
Siskiyou,2020-12-29,6,464,2,454,4,10,0,0,6,464,0,0,6,464,California
Siskiyou,2020-12-30,98,562,3,457,95,105,0,0,98,562,0,0,98,562,California
Siskiyou,2020-12-31,12,574,0,457,12,117,0,0,12,574,0,0,12,574,California
Siskiyou,2021-01-02,1,575,1,458,0,117,0,0,1,575,0,0,1,575,California
Siskiyou,2021-01-03,1,576,0,458,1,118,0,0,1,576,0,0,1,576,California
Siskiyou,2021-01-04,130,706,3,461,127,245,0,0,130,706,0,0,130,706,California
Siskiyou,2021-01-05,117,823,4,465,113,358,0,0,116,821,1,1,116,822,California
Siskiyou,2021-01-06,60,883,6,471,54,412,0,0,56,873,4,5,56,878,California
Siskiyou,2021-01-07,175,1058,3,474,172,584,0,0,174,1046,1,6,174,1052,California
Siskiyou,2021-01-08,41,1099,3,477,38,622,0,0,39,1083,2,8,39,1091,California
Siskiyou,2021-01-09,2,1101,2,479,0,622,0,0,0,1081,2,10,0,1091,California
Siskiyou,2021-01-11,226,1327,65,544,161,783,0,0,163,1181,63,73,163,1254,California
Siskiyou,2021-01-12,320,1647,273,817,47,830,0,0,87,1035,233,306,87,1341,California
Siskiyou,2021-01-13,157,1804,137,954,20,850,0,0,23,924,134,440,23,1364,California
Siskiyou,2021-01-14,26,1830,1,955,25,875,0,0,25,948,1,441,25,1389,California
Siskiyou,2021-01-15,35,1865,3,958,32,907,0,0,35,983,0,441,35,1424,California
Siskiyou,2021-01-16,7,1872,2,960,5,912,0,0,7,990,0,441,7,1431,California
Siskiyou,2021-01-17,1,1873,1,961,0,912,0,0,0,989,1,442,0,1431,California
Siskiyou,2021-01-18,75,1948,4,965,71,983,0,0,73,1060,2,444,73,1504,California
Siskiyou,2021-01-19,21,1969,1,966,20,1003,0,0,20,1079,1,445,20,1524,California
Siskiyou,2021-01-20,47,2016,35,1001,12,1015,0,0,43,1118,4,449,43,1567,California
Siskiyou,2021-01-21,42,2058,1,1002,41,1056,0,0,42,1160,0,449,42,1609,California
Siskiyou,2021-01-22,1331,3389,1179,2181,152,1208,0,0,1331,2491,0,449,1331,2940,California
Siskiyou,2021-01-23,5,3394,1,2182,4,1212,0,0,2,2490,3,452,2,2942,California
Siskiyou,2021-01-25,182,3576,8,2190,174,1386,0,0,178,2664,4,456,178,3120,California
Siskiyou,2021-01-26,149,3725,4,2194,145,1531,0,0,141,2797,8,464,141,3261,California
Siskiyou,2021-01-27,179,3904,0,2194,179,1710,0,0,125,2868,54,518,125,3386,California
Siskiyou,2021-01-28,232,4136,118,2312,114,1824,0,0,226,3088,6,524,226,3612,California
Siskiyou,2021-01-29,248,4384,2,2314,246,2070,0,0,246,3332,2,526,246,3858,California
Siskiyou,2021-01-30,3,4387,2,2316,1,2071,0,0,3,3335,0,526,3,3861,California
Siskiyou,2021-02-01,194,4581,3,2319,191,2262,0,0,104,3349,90,616,104,3965,California
Siskiyou,2021-02-02,289,4870,45,2364,244,2506,0,0,148,3356,141,757,148,4113,California
Siskiyou,2021-02-03,313,5183,1,2365,312,2818,0,0,264,3571,49,806,264,4377,California
Siskiyou,2021-02-04,318,5501,7,2372,311,3129,0,0,199,3651,119,925,199,4576,California
Siskiyou,2021-02-05,511,6012,4,2376,507,3636,0,0,346,3832,165,1090,346,4922,California
Siskiyou,2021-02-06,15,6027,0,2376,15,3651,0,0,15,3847,0,1090,15,4937,California
Siskiyou,2021-02-07,3,6030,2,2378,1,3652,0,0,3,3850,0,1090,3,4940,California
Siskiyou,2021-02-08,221,6251,5,2383,216,3868,0,0,216,4061,5,1095,216,5156,California
Siskiyou,2021-02-09,194,6445,3,2386,191,4059,0,0,161,4189,33,1128,161,5317,California
Siskiyou,2021-02-10,370,6815,40,2426,330,4389,0,0,316,4452,53,1181,316,5633,California
Siskiyou,2021-02-11,191,7006,1,2427,190,4579,0,0,175,4611,16,1197,175,5808,California
Siskiyou,2021-02-12,1694,8700,1202,3629,492,5071,0,0,501,3919,1193,2390,501,6309,California
Siskiyou,2021-02-13,36,8736,2,3631,34,5105,0,0,32,3947,4,2394,32,6341,California
Siskiyou,2021-02-14,5,8741,1,3632,4,5109,0,0,5,3952,0,2394,5,6346,California
Siskiyou,2021-02-15,108,8849,10,3642,98,5207,0,0,106,4056,2,2396,106,6452,California
Siskiyou,2021-02-16,114,8963,2,3644,112,5319,0,0,99,4140,15,2411,99,6551,California
Siskiyou,2021-02-17,182,9145,15,3659,167,5486,0,0,168,4294,14,2425,168,6719,California
Siskiyou,2021-02-18,221,9366,89,3748,132,5618,0,0,98,4269,123,2548,98,6817,California
Siskiyou,2021-02-19,70,9436,33,3781,37,5655,0,0,34,4267,36,2584,34,6851,California
Siskiyou,2021-02-20,21,9457,3,3784,18,5673,0,0,17,4280,4,2588,17,6868,California
Siskiyou,2021-02-21,2,9459,2,3786,0,5673,0,0,2,4282,0,2588,2,6870,California
Siskiyou,2021-02-22,124,9583,1,3787,123,5796,0,0,18,4194,106,2694,18,6888,California
Siskiyou,2021-02-23,195,9778,15,3802,180,5976,0,0,51,4101,144,2838,51,6939,California
Siskiyou,2021-02-24,146,9924,4,3806,142,6118,0,0,34,4023,112,2950,34,6973,California
Siskiyou,2021-02-25,300,10224,24,3830,276,6394,0,0,154,4031,146,3096,154,7127,California
Siskiyou,2021-02-26,667,10891,9,3839,658,7052,0,0,366,4096,301,3397,366,7493,California
Siskiyou,2021-02-27,32,10923,5,3844,27,7079,0,0,27,4118,5,3402,27,7520,California
Siskiyou,2021-02-28,4,10927,4,3848,0,7079,0,0,3,4120,1,3403,3,7523,California
Siskiyou,2021-03-01,281,11208,7,3855,274,7353,0,0,51,3941,230,3633,51,7574,California
Siskiyou,2021-03-02,190,11398,1,3856,189,7542,0,0,71,3893,119,3752,71,7645,California
Siskiyou,2021-03-03,343,11741,7,3863,336,7878,0,0,153,3856,190,3942,153,7798,California
Siskiyou,2021-03-04,771,12512,600,4463,171,8049,0,0,620,4325,151,4093,620,8418,California
Siskiyou,2021-03-05,322,12834,7,4470,304,8353,11,11,103,4223,216,4309,114,8532,California
Siskiyou,2021-03-06,34,12868,2,4472,27,8380,5,16,26,4246,8,4317,31,8563,California
Siskiyou,2021-03-07,12,12880,4,4476,0,8380,8,24,3,4248,9,4326,11,8574,California
Siskiyou,2021-03-08,359,13239,31,4507,293,8673,35,59,57,4038,302,4628,92,8666,California
Siskiyou,2021-03-09,161,13400,0,4507,108,8781,53,112,56,4042,105,4733,109,8775,California
Siskiyou,2021-03-10,221,13621,7,4514,183,8964,31,143,32,3915,189,4922,62,8837,California
Siskiyou,2021-03-11,467,14088,201,4715,219,9183,47,190,268,4032,198,5120,315,9152,California
Siskiyou,2021-03-12,627,14715,127,4842,461,9644,39,229,178,3802,447,5567,217,9369,California
Siskiyou,2021-03-13,423,15138,379,5221,21,9665,23,252,380,4162,43,5610,403,9772,California
Siskiyou,2021-03-14,23,15161,2,5223,5,9670,16,268,3,4161,20,5630,19,9791,California
Siskiyou,2021-03-15,452,15613,256,5479,177,9847,19,287,320,4368,132,5762,339,10130,California
Siskiyou,2021-03-16,260,15873,37,5516,206,10053,17,304,145,4416,114,5876,162,10292,California
Siskiyou,2021-03-17,196,16069,6,5522,182,10235,8,312,31,4290,165,6041,39,10331,California
Siskiyou,2021-03-18,926,16995,789,6311,125,10360,12,324,810,4996,116,6157,822,11153,California
Siskiyou,2021-03-19,66,17061,9,6320,44,10404,13,337,20,4983,46,6203,33,11186,California
Siskiyou,2021-03-20,30,17091,7,6327,18,10422,5,342,6,4970,24,6227,11,11197,California
Siskiyou,2021-03-21,9,17100,3,6330,1,10423,5,347,3,4972,6,6233,8,11205,California
Siskiyou,2021-03-22,205,17305,19,6349,164,10587,22,369,142,5076,60,6293,164,11369,California
Siskiyou,2021-03-23,190,17495,19,6368,161,10748,10,379,136,5168,54,6347,146,11515,California
Siskiyou,2021-03-24,143,17638,51,6419,92,10840,0,379,119,5263,24,6371,119,11634,California
Siskiyou,2021-03-25,542,18180,292,6711,247,11087,3,382,372,5468,170,6541,375,12009,California
Siskiyou,2021-03-26,294,18474,27,6738,267,11354,0,382,95,5365,198,6739,95,12104,California
Siskiyou,2021-03-27,37,18511,4,6742,28,11382,5,387,9,5351,28,6767,14,12118,California
Siskiyou,2021-03-28,6,18517,6,6748,0,11382,0,387,4,5353,2,6769,4,12122,California
Siskiyou,2021-03-29,105,18622,11,6759,92,11474,2,389,47,5353,49,6818,49,12171,California
Siskiyou,2021-03-30,99,18721,3,6762,95,11569,1,390,38,5331,61,6879,39,12210,California
Siskiyou,2021-03-31,188,18909,22,6784,164,11733,2,392,50,5247,137,7016,53,12263,California
Siskiyou,2021-04-01,817,19726,670,7454,147,11880,0,392,209,4848,608,7624,209,12472,California
Siskiyou,2021-04-02,342,20068,196,7650,142,12022,4,396,64,4640,276,7900,68,12540,California
Siskiyou,2021-04-03,25,20093,4,7654,14,12036,7,403,5,4632,20,7920,12,12552,California
Siskiyou,2021-04-04,2,20095,2,7656,0,12036,0,403,1,4632,1,7921,1,12553,California
Siskiyou,2021-04-05,431,20526,326,7982,79,12115,26,429,27,4281,404,8325,53,12606,California
Siskiyou,2021-04-06,206,20732,36,8018,127,12242,43,472,121,4360,85,8410,164,12770,California
Siskiyou,2021-04-07,103,20835,11,8029,57,12299,35,507,63,4418,40,8450,98,12868,California
Siskiyou,2021-04-08,311,21146,184,8213,84,12383,43,550,52,4254,259,8709,95,12963,California
Siskiyou,2021-04-09,511,21657,363,8576,119,12502,29,579,67,3909,442,9151,97,13060,California
Siskiyou,2021-04-10,3,21660,1,8577,0,12502,2,581,0,3908,3,9154,2,13062,California
Solano,2020-12-15,4,4,4,4,0,0,0,0,4,4,0,0,4,4,California
Solano,2020-12-16,71,75,71,75,0,0,0,0,71,75,0,0,71,75,California
Solano,2020-12-17,151,226,151,226,0,0,0,0,151,226,0,0,151,226,California
Solano,2020-12-18,448,674,447,673,1,1,0,0,448,674,0,0,448,674,California
Solano,2020-12-19,516,1190,516,1189,0,1,0,0,516,1190,0,0,516,1190,California
Solano,2020-12-20,353,1543,352,1541,1,2,0,0,353,1543,0,0,353,1543,California
Solano,2020-12-21,572,2115,570,2111,2,4,0,0,572,2115,0,0,572,2115,California
Solano,2020-12-22,662,2777,629,2740,33,37,0,0,662,2777,0,0,662,2777,California
Solano,2020-12-23,856,3633,771,3511,85,122,0,0,855,3632,0,0,855,3632,California
Solano,2020-12-24,420,4053,169,3680,251,373,0,0,420,4052,0,0,420,4052,California
Solano,2020-12-25,10,4063,2,3682,8,381,0,0,10,4062,0,0,10,4062,California
Solano,2020-12-26,175,4238,48,3730,127,508,0,0,175,4237,0,0,175,4237,California
Solano,2020-12-27,103,4341,29,3759,74,582,0,0,103,4340,0,0,103,4340,California
Solano,2020-12-28,860,5201,421,4180,439,1021,0,0,860,5200,0,0,860,5200,California
Solano,2020-12-29,889,6090,374,4554,515,1536,0,0,889,6089,0,0,889,6089,California
Solano,2020-12-30,1207,7297,598,5152,609,2145,0,0,1207,7296,0,0,1207,7296,California
Solano,2020-12-31,533,7830,135,5287,398,2543,0,0,533,7829,0,0,533,7829,California
Solano,2021-01-01,13,7843,12,5299,1,2544,0,0,13,7842,0,0,13,7842,California
Solano,2021-01-02,212,8055,164,5463,48,2592,0,0,212,8054,0,0,212,8054,California
Solano,2021-01-03,57,8112,40,5503,17,2609,0,0,52,8106,0,0,52,8106,California
Solano,2021-01-04,451,8563,246,5749,205,2814,0,0,441,8544,3,3,441,8547,California
Solano,2021-01-05,693,9256,376,6125,317,3131,0,0,539,8934,149,152,539,9086,California
Solano,2021-01-06,822,10078,436,6561,386,3517,0,0,560,9234,260,412,560,9646,California
Solano,2021-01-07,1047,11125,696,7257,351,3868,0,0,591,9372,454,866,592,10238,California
Solano,2021-01-08,1116,12241,774,8031,342,4210,0,0,523,9322,575,1441,525,10763,California
Solano,2021-01-09,885,13126,763,8794,122,4332,0,0,428,9296,454,1895,428,11191,California
Solano,2021-01-10,253,13379,193,8987,60,4392,0,0,152,9347,101,1996,152,11343,California
Solano,2021-01-11,1322,14701,1109,10096,213,4605,0,0,807,9639,515,2511,807,12150,California
Solano,2021-01-12,1556,16257,1160,11256,396,5001,0,0,1009,10103,546,3057,1010,13160,California
Solano,2021-01-13,1426,17683,1000,12256,426,5427,0,0,1166,11011,258,3315,1166,14326,California
Solano,2021-01-14,1849,19532,795,13051,1054,6481,0,0,1536,12234,313,3628,1536,15862,California
Solano,2021-01-15,1684,21216,1057,14108,627,7108,0,0,1386,13322,298,3926,1386,17248,California
Solano,2021-01-16,1290,22506,905,15013,385,7493,0,0,1115,14262,175,4101,1115,18363,California
Solano,2021-01-17,1041,23547,760,15773,281,7774,0,0,1024,15269,17,4118,1024,19387,California
Solano,2021-01-18,1405,24952,856,16629,549,8323,0,0,1287,16441,118,4236,1290,20677,California
Solano,2021-01-19,1641,26593,1337,17966,304,8627,0,0,1370,17541,270,4506,1370,22047,California
Solano,2021-01-20,2027,28620,1420,19386,607,9234,0,0,1545,18607,479,4985,1545,23592,California
Solano,2021-01-21,3103,31723,999,20385,2104,11338,0,0,2760,21025,343,5328,2761,26353,California
Solano,2021-01-22,1749,33472,842,21227,907,12245,0,0,1559,22394,190,5518,1559,27912,California
Solano,2021-01-23,729,34201,236,21463,493,12738,0,0,526,22717,204,5722,527,28439,California
Solano,2021-01-24,376,34577,60,21523,316,13054,0,0,311,22963,65,5787,311,28750,California
Solano,2021-01-25,1615,36192,620,22143,995,14049,0,0,1068,23485,547,6334,1069,29819,California
Solano,2021-01-26,1674,37866,737,22880,937,14986,0,0,1046,23905,627,6961,1047,30866,California
Solano,2021-01-27,1762,39628,727,23607,1035,16021,0,0,1174,24504,575,7536,1174,32040,California
Solano,2021-01-28,1841,41469,715,24322,1126,17147,0,0,1238,25141,602,8138,1239,33279,California
Solano,2021-01-29,1646,43115,781,25103,865,18012,0,0,1294,26085,350,8488,1294,34573,California
Solano,2021-01-30,712,43827,222,25325,490,18502,0,0,551,26475,161,8649,551,35124,California
Solano,2021-01-31,485,44312,393,25718,92,18594,0,0,230,26451,255,8904,231,35355,California
Solano,2021-02-01,1470,45782,971,26689,499,19093,0,0,739,26460,730,9634,739,36094,California
Solano,2021-02-02,3293,49075,1103,27792,2190,21283,0,0,2502,28175,787,10421,2502,38596,California
Solano,2021-02-03,2223,51298,1300,29092,923,22206,0,0,1149,28254,1070,11491,1149,39745,California
Solano,2021-02-04,1754,53052,904,29996,850,23056,0,0,1043,28591,706,12197,1043,40788,California
Solano,2021-02-05,3047,56099,1407,31403,1640,24696,0,0,2056,29665,982,13179,2056,42844,California
Solano,2021-02-06,3019,59118,1169,32572,1850,26546,0,0,2207,31064,809,13988,2208,45052,California
Solano,2021-02-07,849,59967,787,33359,62,26608,0,0,231,30677,618,14606,231,45283,California
Solano,2021-02-08,1705,61672,1232,34591,473,27081,0,0,676,30326,1027,15633,676,45959,California
Solano,2021-02-09,1891,63563,1467,36058,424,27505,0,0,672,29781,1218,16851,673,46632,California
Solano,2021-02-10,2246,65809,1497,37555,749,28254,0,0,826,29187,1420,18271,826,47458,California
Solano,2021-02-11,2389,68198,1439,38994,950,29204,0,0,1120,29048,1259,19530,1120,48578,California
Solano,2021-02-12,4041,72239,1550,40544,2491,31695,0,0,2733,30480,1301,20831,2733,51311,California
Solano,2021-02-13,2813,75052,240,40784,2573,34268,0,0,2432,32534,378,21209,2432,53743,California
Solano,2021-02-14,688,75740,201,40985,487,34755,0,0,412,32672,274,21483,412,54155,California
Solano,2021-02-15,1291,77031,322,41307,969,35724,0,0,670,32723,619,22102,670,54825,California
Solano,2021-02-16,2386,79417,1225,42532,1161,36885,0,0,1622,33582,763,22865,1622,56447,California
Solano,2021-02-17,2693,82110,1218,43750,1475,38360,0,0,1904,34701,786,23651,1905,58352,California
Solano,2021-02-18,2565,84675,697,44447,1868,40228,0,0,806,33756,1752,25403,807,59159,California
Solano,2021-02-19,2200,86875,1259,45706,941,41169,0,0,1122,33806,1074,26477,1124,60283,California
Solano,2021-02-20,2542,89417,381,46087,2161,43330,0,0,2074,35411,469,26946,2074,62357,California
Solano,2021-02-21,2139,91556,1859,47946,280,43610,0,0,1856,36987,280,27226,1856,64213,California
Solano,2021-02-22,1576,93132,912,48858,664,44274,0,0,816,37046,758,27984,817,65030,California
Solano,2021-02-23,2482,95614,968,49826,1514,45788,0,0,1636,37839,843,28827,1636,66666,California
Solano,2021-02-24,2326,97940,1130,50956,1196,46984,0,0,1299,38113,1025,29852,1299,67965,California
Solano,2021-02-25,2281,100221,1346,52302,935,47919,0,0,1257,38352,1018,30870,1257,69222,California
Solano,2021-02-26,2624,102845,1520,53822,1104,49023,0,0,1375,38482,1245,32115,1375,70597,California
Solano,2021-02-27,3636,106481,1371,55193,2265,51288,0,0,2947,40746,683,32798,2947,73544,California
Solano,2021-02-28,1354,107835,1039,56232,315,51603,0,0,1082,41559,269,33067,1082,74626,California
Solano,2021-03-01,2200,110035,1058,57290,1142,52745,0,0,1594,42553,601,33668,1595,76221,California
Solano,2021-03-02,1922,111957,1225,58515,697,53442,0,0,1200,43031,722,34390,1200,77421,California
Solano,2021-03-03,2092,114049,1182,59697,910,54352,0,0,1291,43529,793,35183,1291,78712,California
Solano,2021-03-04,4200,118249,3278,62975,920,55272,2,2,3117,45573,1078,36261,3122,81834,California
Solano,2021-03-05,4679,122928,1602,64577,3074,58346,3,5,3772,48451,897,37158,3775,85609,California
Solano,2021-03-06,3740,126668,822,65399,2879,61225,39,44,2575,49909,1156,38314,2614,88223,California
Solano,2021-03-07,3470,130138,735,66134,2725,63950,10,54,1926,50312,1534,39848,1937,90160,California
Solano,2021-03-08,1589,131727,813,66947,505,64455,271,325,1087,51169,500,40348,1357,91517,California
Solano,2021-03-09,2893,134620,1333,68280,1508,65963,52,377,2071,52467,822,41170,2120,93637,California
Solano,2021-03-10,2186,136806,1553,69833,549,66512,84,461,1093,52553,1090,42260,1176,94813,California
Solano,2021-03-11,5509,142315,1400,71233,3854,70366,255,716,4524,56348,984,43244,4779,99592,California
Solano,2021-03-12,5721,148036,1383,72616,4173,74539,165,881,3004,56803,2713,45957,3168,102760,California
Solano,2021-03-13,4547,152583,799,73415,3666,78205,82,963,2227,56802,2314,48271,2313,105073,California
Solano,2021-03-14,3984,156567,3106,76521,425,78630,453,1416,1659,56590,2321,50592,2109,107182,California
Solano,2021-03-15,3754,160321,2235,78756,1203,79833,316,1732,2399,57957,1348,51940,2715,109897,California
Solano,2021-03-16,2848,163169,1134,79890,1479,81312,235,1967,1434,58216,1409,53349,1668,111565,California
Solano,2021-03-17,5919,169088,1474,81364,4355,85667,90,2057,4580,61551,1335,54684,4670,116235,California
Solano,2021-03-18,4999,174087,1676,83040,3286,88953,37,2094,3696,63989,1295,55979,3733,119968,California
Solano,2021-03-19,2449,176536,1638,84678,738,89691,73,2167,1303,64224,1142,57121,1377,121345,California
Solano,2021-03-20,5451,181987,1668,86346,3730,93421,53,2220,2797,64430,2644,59765,2850,124195,California
Solano,2021-03-21,1661,183648,1568,87914,70,93491,23,2243,851,64493,809,60574,872,125067,California
Solano,2021-03-22,2387,186035,1776,89690,562,94053,49,2292,1449,65058,933,61507,1498,126565,California
Solano,2021-03-23,3017,189052,1493,91183,1482,95535,42,2334,1353,64793,1660,63167,1395,127960,California
Solano,2021-03-24,2650,191702,1635,92818,981,96516,34,2368,1265,64713,1379,64546,1299,129259,California
Solano,2021-03-25,4530,196232,3665,96483,830,97346,35,2403,2018,64260,2507,67053,2054,131313,California
Solano,2021-03-26,2759,198991,1662,98145,1061,98407,36,2439,1494,64532,1258,68311,1530,132843,California
Solano,2021-03-27,4167,203158,1152,99297,2981,101388,34,2473,1796,63997,2365,70676,1830,134673,California
Solano,2021-03-28,1347,204505,1101,100398,228,101616,18,2491,552,63778,790,71466,571,135244,California
Solano,2021-03-29,2750,207255,1491,101889,1243,102859,16,2507,1546,64141,1199,72665,1562,136806,California
Solano,2021-03-30,2772,210027,1824,103713,862,103721,86,2593,1738,64933,1032,73697,1824,138630,California
Solano,2021-03-31,2852,212879,1919,105632,781,104502,152,2745,1655,65544,1194,74891,1805,140435,California
Solano,2021-04-01,5042,217921,1671,107303,3225,107727,146,2891,3387,67434,1643,76534,3533,143968,California
Solano,2021-04-02,5276,223197,1665,108968,3450,111177,161,3052,2369,67069,2895,79429,2530,146498,California
Solano,2021-04-03,1496,224693,953,109921,399,111576,144,3196,565,66849,929,80358,709,147207,California
Solano,2021-04-04,770,225463,284,110205,186,111762,300,3496,235,66852,532,80890,535,147742,California
Solano,2021-04-05,2782,228245,1881,112086,708,112470,193,3689,1396,67055,1385,82275,1588,149330,California
Solano,2021-04-06,5014,233259,1387,113473,3148,115618,479,4168,1490,65504,3519,85794,1968,151298,California
Solano,2021-04-07,4893,238152,3575,117048,918,116536,400,4568,2830,66680,2057,87851,3233,154531,California
Solano,2021-04-08,5322,243474,1528,118576,2942,119478,852,5420,1565,65351,3741,91592,2412,156943,California
Solano,2021-04-09,3619,247093,1268,119844,1839,121317,512,5932,993,64235,2620,94212,1504,158447,California
Solano,2021-04-10,950,248043,647,120491,210,121527,93,6025,458,64294,492,94704,551,158998,California
Sonoma,2020-12-15,4,4,4,4,0,0,0,0,4,4,0,0,4,4,California
Sonoma,2020-12-16,27,31,27,31,0,0,0,0,27,31,0,0,27,31,California
Sonoma,2020-12-17,102,133,102,133,0,0,0,0,102,133,0,0,102,133,California
Sonoma,2020-12-18,421,554,421,554,0,0,0,0,421,554,0,0,421,554,California
Sonoma,2020-12-19,111,665,110,664,1,1,0,0,111,665,0,0,111,665,California
Sonoma,2020-12-20,174,839,174,838,0,1,0,0,174,839,0,0,174,839,California
Sonoma,2020-12-21,911,1750,909,1747,2,3,0,0,910,1749,0,0,910,1749,California
Sonoma,2020-12-22,1357,3107,1265,3012,92,95,0,0,1357,3106,0,0,1357,3106,California
Sonoma,2020-12-23,1602,4709,1228,4240,374,469,0,0,1603,4709,0,0,1603,4709,California
Sonoma,2020-12-24,305,5014,101,4341,204,673,0,0,305,5014,0,0,305,5014,California
Sonoma,2020-12-25,8,5022,2,4343,6,679,0,0,8,5022,0,0,8,5022,California
Sonoma,2020-12-26,266,5288,255,4598,11,690,0,0,266,5288,0,0,266,5288,California
Sonoma,2020-12-27,93,5381,80,4678,13,703,0,0,93,5381,0,0,93,5381,California
Sonoma,2020-12-28,991,6372,554,5232,437,1140,0,0,963,6344,0,0,963,6344,California
Sonoma,2020-12-29,1129,7501,776,6008,353,1493,0,0,1095,7439,0,0,1095,7439,California
Sonoma,2020-12-30,1091,8592,478,6486,613,2106,0,0,1083,8522,0,0,1083,8522,California
Sonoma,2020-12-31,517,9109,71,6557,446,2552,0,0,518,9040,0,0,518,9040,California
Sonoma,2021-01-01,10,9119,5,6562,5,2557,0,0,10,9050,0,0,10,9050,California
Sonoma,2021-01-02,132,9251,126,6688,6,2563,0,0,132,9182,0,0,132,9182,California
Sonoma,2021-01-03,25,9276,11,6699,14,2577,0,0,25,9207,0,0,25,9207,California
Sonoma,2021-01-04,341,9617,105,6804,236,2813,0,0,340,9547,0,0,340,9547,California
Sonoma,2021-01-05,439,10056,102,6906,337,3150,0,0,415,9947,15,15,415,9962,California
Sonoma,2021-01-06,946,11002,431,7337,515,3665,0,0,833,10675,105,120,833,10795,California
Sonoma,2021-01-07,1022,12024,530,7867,492,4157,0,0,852,11358,169,289,852,11647,California
Sonoma,2021-01-08,1783,13807,1227,9094,556,4713,0,0,1313,12203,468,757,1313,12960,California
Sonoma,2021-01-09,637,14444,401,9495,236,4949,0,0,589,12744,48,805,589,13549,California
Sonoma,2021-01-10,473,14917,462,9957,11,4960,0,0,280,12831,193,998,280,13829,California
Sonoma,2021-01-11,1381,16298,1235,11192,146,5106,0,0,412,12278,965,1963,412,14241,California
Sonoma,2021-01-12,1546,17844,1293,12485,253,5359,0,0,395,11524,1149,3112,395,14636,California
Sonoma,2021-01-13,2065,19909,1423,13908,642,6001,0,0,1202,11866,860,3972,1202,15838,California
Sonoma,2021-01-14,1529,21438,808,14716,721,6722,0,0,1299,12935,230,4202,1299,17137,California
Sonoma,2021-01-15,1562,23000,634,15350,928,7650,0,0,1342,14067,211,4413,1343,18480,California
Sonoma,2021-01-16,1142,24142,613,15963,529,8179,0,0,897,14723,241,4654,897,19377,California
Sonoma,2021-01-17,667,24809,548,16511,119,8298,0,0,586,15228,81,4735,586,19963,California
Sonoma,2021-01-18,1105,25914,932,17443,173,8471,0,0,614,15352,491,5226,615,20578,California
Sonoma,2021-01-19,2094,28008,1006,18449,1088,9559,0,0,1384,16029,708,5934,1385,21963,California
Sonoma,2021-01-20,2073,30081,623,19072,1450,11009,0,0,1415,16796,649,6583,1416,23379,California
Sonoma,2021-01-21,2227,32308,618,19690,1609,12618,0,0,2008,18588,217,6800,2009,25388,California
Sonoma,2021-01-22,2725,35033,1033,20723,1692,14310,0,0,2577,21018,147,6947,2577,27965,California
Sonoma,2021-01-23,764,35797,593,21316,171,14481,0,0,657,21569,106,7053,657,28622,California
Sonoma,2021-01-24,828,36625,694,22010,134,14615,0,0,813,22367,15,7068,813,29435,California
Sonoma,2021-01-25,2169,38794,519,22529,1650,16265,0,0,1682,23562,487,7555,1682,31117,California
Sonoma,2021-01-26,2000,40794,295,22824,1705,17970,0,0,1544,24651,455,8010,1544,32661,California
Sonoma,2021-01-27,3685,44479,1273,24097,2412,20382,0,0,3114,27199,569,8579,3117,35778,California
Sonoma,2021-01-28,4088,48567,1820,25917,2268,22650,0,0,3426,29967,659,9238,3427,39205,California
Sonoma,2021-01-29,2956,51523,1403,27320,1553,24203,0,0,2128,31270,826,10064,2129,41334,California
Sonoma,2021-01-30,2566,54089,2380,29700,186,24389,0,0,2232,33169,334,10398,2233,43567,California
Sonoma,2021-01-31,775,54864,663,30363,112,24501,0,0,578,33551,196,10594,578,44145,California
Sonoma,2021-02-01,2485,57349,866,31229,1619,26120,0,0,2088,35244,395,10989,2088,46233,California
Sonoma,2021-02-02,3441,60790,1362,32591,2079,28199,0,0,2875,37555,564,11553,2875,49108,California
Sonoma,2021-02-03,4022,64812,1318,33909,2704,30903,0,0,3099,39733,921,12474,3099,52207,California
Sonoma,2021-02-04,4184,68996,1704,35613,2480,33383,0,0,3409,42369,773,13247,3409,55616,California
Sonoma,2021-02-05,4793,73789,1732,37345,3061,36444,0,0,3781,45143,1008,14255,3782,59398,California
Sonoma,2021-02-06,2646,76435,2288,39633,358,36802,0,0,2089,46677,556,14811,2090,61488,California
Sonoma,2021-02-07,1525,77960,1391,41024,134,36936,0,0,1277,47706,248,15059,1277,62765,California
Sonoma,2021-02-08,3246,81206,1029,42053,2217,39153,0,0,2667,49795,578,15637,2667,65432,California
Sonoma,2021-02-09,3546,84752,1694,43747,1852,41005,0,0,3068,52387,476,16113,3068,68500,California
Sonoma,2021-02-10,4397,89149,2357,46104,2040,43045,0,0,3365,54727,1026,17139,3366,71866,California
Sonoma,2021-02-11,5327,94476,2786,48890,2541,45586,0,0,4157,57716,1168,18307,4157,76023,California
Sonoma,2021-02-12,5628,100104,2971,51861,2657,48243,0,0,4215,60523,1410,19717,4217,80240,California
Sonoma,2021-02-13,1982,102086,1153,53014,829,49072,0,0,1205,60955,774,20491,1206,81446,California
Sonoma,2021-02-14,2304,104390,1808,54822,496,49568,0,0,1583,61818,720,21211,1583,83029,California
Sonoma,2021-02-15,2132,106522,786,55608,1346,50914,0,0,1607,62901,524,21735,1607,84636,California
Sonoma,2021-02-16,4609,111131,2047,57655,2562,53476,0,0,3361,65018,1244,22979,3361,87997,California
Sonoma,2021-02-17,5311,116442,2878,60533,2433,55909,0,0,3328,66374,1973,24952,3329,91326,California
Sonoma,2021-02-18,6754,123196,2984,63517,3770,59679,0,0,3868,67364,2878,27830,3868,95194,California
Sonoma,2021-02-19,5350,128546,1650,65167,3700,63379,0,0,3262,68544,2083,29913,3263,98457,California
Sonoma,2021-02-20,3096,131642,2819,67986,277,63656,0,0,1218,67890,1872,31785,1218,99675,California
Sonoma,2021-02-21,514,132156,410,68396,104,63760,0,0,129,67637,382,32167,129,99804,California
Sonoma,2021-02-22,2703,134859,1348,69744,1355,65115,0,0,1041,67021,1657,33824,1041,100845,California
Sonoma,2021-02-23,3076,137935,2051,71795,1025,66140,0,0,1353,66655,1719,35543,1353,102198,California
Sonoma,2021-02-24,5449,143384,2531,74326,2918,69058,0,0,2733,66678,2712,38255,2735,104933,California
Sonoma,2021-02-25,5636,149020,2220,76546,3416,72474,0,0,2967,66997,2648,40903,2967,107900,California
Sonoma,2021-02-26,5994,155014,2729,79275,3265,75739,0,0,3728,68464,2261,43164,3728,111628,California
Sonoma,2021-02-27,3997,159011,1903,81178,2094,77833,0,0,2667,69803,1328,44492,2667,114295,California
Sonoma,2021-02-28,2325,161336,1843,83021,482,78315,0,0,613,68710,1706,46198,613,114908,California
Sonoma,2021-03-01,3654,164990,1122,84143,2532,80847,0,0,1811,68687,1835,48033,1812,116720,California
Sonoma,2021-03-02,4200,169190,1453,85596,2747,83594,0,0,2477,69449,1715,49748,2477,119197,California
Sonoma,2021-03-03,4766,173956,2496,88092,2270,85864,0,0,2187,69064,2572,52320,2187,121384,California
Sonoma,2021-03-04,5668,179624,2433,90525,3235,89099,0,0,2559,68527,3096,55416,2559,123943,California
Sonoma,2021-03-05,6134,185758,2538,93063,3581,92680,15,15,2702,67825,3420,58836,2718,126661,California
Sonoma,2021-03-06,2741,188499,1203,94266,1410,94090,128,143,1890,68996,846,59682,2017,128678,California
Sonoma,2021-03-07,1671,190170,1388,95654,250,94340,33,176,355,68070,1314,60996,388,129066,California
Sonoma,2021-03-08,3878,194048,651,96305,3053,97393,174,350,2219,68812,1649,62645,2391,131457,California
Sonoma,2021-03-09,5392,199440,2994,99299,2158,99551,240,590,2654,68974,2732,65377,2894,134351,California
Sonoma,2021-03-10,5924,205364,3162,102461,2438,101989,324,914,2393,68174,3517,68894,2717,137068,California
Sonoma,2021-03-11,7452,212816,2969,105430,3675,105664,808,1722,2631,66800,4813,73707,3439,140507,California
Sonoma,2021-03-12,7338,220154,2248,107678,3740,109404,1350,3072,2092,65009,5229,78936,3438,143945,California
Sonoma,2021-03-13,3182,223336,1538,109216,1413,110817,231,3303,1815,65687,1366,80302,2044,145989,California
Sonoma,2021-03-14,1372,224708,382,109598,849,111666,141,3444,845,66148,524,80826,985,146974,California
Sonoma,2021-03-15,5202,229910,1486,111084,3331,114997,385,3829,2189,65716,3005,83831,2573,149547,California
Sonoma,2021-03-16,6243,236153,2217,113301,3794,118791,232,4061,3158,66024,3081,86912,3389,152936,California
Sonoma,2021-03-17,6723,242876,3513,116814,3031,121822,179,4240,3540,66570,3174,90086,3720,156656,California
Sonoma,2021-03-18,7061,249937,2917,119731,3534,125356,610,4850,3154,66429,3902,93988,3761,160417,California
Sonoma,2021-03-19,7440,257377,3210,122941,3999,129355,231,5081,3305,65852,4117,98105,3540,163957,California
Sonoma,2021-03-20,3620,260997,1736,124677,1054,130409,830,5911,1964,66997,1649,99754,2794,166751,California
Sonoma,2021-03-21,1372,262369,603,125280,736,131145,33,5944,1207,68075,162,99916,1240,167991,California
Sonoma,2021-03-22,4474,266843,3078,128358,1296,132441,100,6044,3533,70771,938,100854,3634,171625,California
Sonoma,2021-03-23,5762,272605,3580,131938,2107,134548,75,6119,4644,74381,1110,101964,4720,176345,California
Sonoma,2021-03-24,6572,279177,4257,136195,2250,136798,65,6184,4152,76193,2404,104368,4216,180561,California
Sonoma,2021-03-25,6874,286051,4131,140326,2640,139438,103,6287,4274,77991,2579,106947,4377,184938,California
Sonoma,2021-03-26,7205,293256,3413,143739,3705,143143,87,6374,3983,78852,3209,110156,4070,189008,California
Sonoma,2021-03-27,3771,297027,1491,145230,1918,145061,362,6736,1125,77697,2641,112797,1486,190494,California
Sonoma,2021-03-28,1497,298524,943,146173,527,145588,27,6763,944,78116,552,113349,971,191465,California
Sonoma,2021-03-29,2820,301344,1084,147257,1703,147291,33,6796,1614,78564,1199,114548,1647,193112,California
Sonoma,2021-03-30,5627,306971,3111,150368,2455,149746,61,6857,3042,79089,2579,117127,3104,196216,California
Sonoma,2021-03-31,5464,312435,3326,153694,1927,151673,211,7068,3300,80446,2154,119281,3511,199727,California
Sonoma,2021-04-01,6646,319081,3959,157653,2358,154031,329,7397,3580,81298,3053,122334,3905,203632,California
Sonoma,2021-04-02,5884,324965,3532,161185,2244,156275,108,7505,3563,82653,2317,124651,3672,207304,California
Sonoma,2021-04-03,3353,328318,1639,162824,1496,157771,218,7723,1479,82486,1864,126515,1697,209001,California
Sonoma,2021-04-04,1050,329368,681,163505,279,158050,90,7813,666,82859,383,126898,756,209757,California
Sonoma,2021-04-05,4325,333693,575,164080,3429,161479,321,8134,1789,82439,2530,129428,2110,211867,California
Sonoma,2021-04-06,6732,340425,3434,167514,2916,164395,382,8516,3933,83966,2787,132215,4314,216181,California
Sonoma,2021-04-07,6662,347087,3801,171315,2076,166471,785,9301,3253,84597,3403,135618,4034,220215,California
Sonoma,2021-04-08,7254,354341,4075,175390,2519,168990,660,9961,3995,86001,3249,138867,4653,224868,California
Sonoma,2021-04-09,5168,359509,2766,178156,1798,170788,604,10565,2388,86218,2770,141637,2987,227855,California
Sonoma,2021-04-10,1563,361072,471,178627,1028,171816,64,10629,294,85308,1267,142904,357,228212,California
Stanislaus,2020-12-15,2,2,2,2,0,0,0,0,2,2,0,0,2,2,California
Stanislaus,2020-12-16,37,39,37,39,0,0,0,0,37,39,0,0,37,39,California
Stanislaus,2020-12-17,73,112,73,112,0,0,0,0,73,112,0,0,73,112,California
Stanislaus,2020-12-18,428,540,421,533,7,7,0,0,428,540,0,0,428,540,California
Stanislaus,2020-12-19,191,731,191,724,0,7,0,0,191,731,0,0,191,731,California
Stanislaus,2020-12-20,125,856,125,849,0,7,0,0,125,856,0,0,125,856,California
Stanislaus,2020-12-21,1124,1980,1121,1970,3,10,0,0,1123,1979,0,0,1123,1979,California
Stanislaus,2020-12-22,849,2829,837,2807,12,22,0,0,849,2828,0,0,849,2828,California
Stanislaus,2020-12-23,460,3289,443,3250,17,39,0,0,459,3287,0,0,459,3287,California
Stanislaus,2020-12-24,97,3386,88,3338,9,48,0,0,97,3384,0,0,97,3384,California
Stanislaus,2020-12-26,50,3436,8,3346,42,90,0,0,50,3434,0,0,50,3434,California
Stanislaus,2020-12-27,10,3446,5,3351,5,95,0,0,10,3444,0,0,10,3444,California
Stanislaus,2020-12-28,501,3947,405,3756,96,191,0,0,501,3945,0,0,501,3945,California
Stanislaus,2020-12-29,504,4451,429,4185,75,266,0,0,504,4449,0,0,504,4449,California
Stanislaus,2020-12-30,539,4990,283,4468,256,522,0,0,539,4987,1,1,539,4988,California
Stanislaus,2020-12-31,314,5304,171,4639,143,665,0,0,316,5303,0,1,316,5304,California
Stanislaus,2021-01-01,8,5312,1,4640,7,672,0,0,8,5311,0,1,8,5312,California
Stanislaus,2021-01-02,31,5343,24,4664,7,679,0,0,31,5342,0,1,31,5343,California
Stanislaus,2021-01-03,88,5431,85,4749,3,682,0,0,88,5430,0,1,88,5431,California
Stanislaus,2021-01-04,117,5548,33,4782,84,766,0,0,120,5550,0,1,120,5551,California
Stanislaus,2021-01-05,853,6401,336,5118,517,1283,0,0,822,6355,23,24,828,6379,California
Stanislaus,2021-01-06,976,7377,546,5664,430,1713,0,0,901,7193,64,88,902,7281,California
Stanislaus,2021-01-07,1103,8480,712,6376,391,2104,0,0,977,8058,113,201,978,8259,California
Stanislaus,2021-01-08,1319,9799,754,7130,565,2669,0,0,947,8643,366,567,951,9210,California
Stanislaus,2021-01-09,284,10083,141,7271,143,2812,0,0,194,8747,90,657,194,9404,California
Stanislaus,2021-01-10,48,10131,21,7292,27,2839,0,0,29,8757,19,676,29,9433,California
Stanislaus,2021-01-11,1549,11680,1263,8555,286,3125,0,0,604,8435,940,1616,618,10051,California
Stanislaus,2021-01-12,1492,13172,889,9444,603,3728,0,0,833,8618,655,2271,838,10889,California
Stanislaus,2021-01-13,1442,14614,677,10121,765,4493,0,0,1116,9415,325,2596,1122,12011,California
Stanislaus,2021-01-14,2213,16827,280,10401,1933,6426,0,0,2062,11382,149,2745,2116,14127,California
Stanislaus,2021-01-15,2881,19708,1142,11543,1739,8165,0,0,2726,14041,133,2878,2792,16919,California
Stanislaus,2021-01-16,564,20272,49,11592,515,8680,0,0,549,14578,14,2892,551,17470,California
Stanislaus,2021-01-17,241,20513,200,11792,41,8721,0,0,236,14809,5,2897,236,17706,California
Stanislaus,2021-01-18,2176,22689,1018,12810,1158,9879,0,0,1806,16308,367,3264,1866,19572,California
Stanislaus,2021-01-19,1270,23959,737,13547,533,10412,0,0,810,16662,457,3721,811,20383,California
Stanislaus,2021-01-20,994,24953,480,14027,514,10926,0,0,702,17073,291,4012,702,21085,California
Stanislaus,2021-01-21,3672,28625,2957,16984,715,11641,0,0,3355,20200,315,4327,3442,24527,California
Stanislaus,2021-01-22,1091,29716,307,17291,784,12425,0,0,1048,21213,39,4366,1052,25579,California
Stanislaus,2021-01-23,342,30058,38,17329,304,12729,0,0,288,21451,54,4420,292,25871,California
Stanislaus,2021-01-24,288,30346,99,17428,189,12918,0,0,222,21609,66,4486,224,26095,California
Stanislaus,2021-01-25,3140,33486,218,17646,2922,15840,0,0,2838,24273,303,4789,2967,29062,California
Stanislaus,2021-01-26,1730,35216,737,18383,993,16833,0,0,1312,25186,414,5203,1327,30389,California
Stanislaus,2021-01-27,1824,37040,970,19353,854,17687,0,0,1169,25708,648,5851,1170,31559,California
Stanislaus,2021-01-28,2248,39288,1496,20849,752,18439,0,0,1759,27038,478,6329,1808,33367,California
Stanislaus,2021-01-29,2476,41764,1199,22048,1277,19716,0,0,1946,28544,482,6811,1988,35355,California
Stanislaus,2021-01-30,297,42061,121,22169,176,19892,0,0,247,28739,52,6863,247,35602,California
Stanislaus,2021-01-31,364,42425,311,22480,53,19945,0,0,363,29092,10,6873,363,35965,California
Stanislaus,2021-02-01,1258,43683,539,23019,719,20664,0,0,919,29685,326,7199,919,36884,California
Stanislaus,2021-02-02,1244,44927,371,23390,873,21537,0,0,790,30035,444,7643,794,37678,California
Stanislaus,2021-02-03,2489,47416,1070,24460,1419,22956,0,0,1814,31183,671,8314,1819,39497,California
Stanislaus,2021-02-04,2094,49510,715,25175,1379,24335,0,0,1585,32268,504,8818,1589,41086,California
Stanislaus,2021-02-05,2843,52353,1449,26624,1394,25729,0,0,1607,32691,1188,10006,1611,42697,California
Stanislaus,2021-02-06,1009,53362,287,26911,722,26451,0,0,821,33326,187,10193,822,43519,California
Stanislaus,2021-02-07,211,53573,187,27098,24,26475,0,0,41,33199,169,10362,42,43561,California
Stanislaus,2021-02-08,2016,55589,1307,28405,709,27184,0,0,1115,33441,875,11237,1117,44678,California
Stanislaus,2021-02-09,1864,57453,787,29192,1077,28261,0,0,1095,33771,768,12005,1098,45776,California
Stanislaus,2021-02-10,1973,59426,563,29755,1410,29671,0,0,1060,33937,896,12901,1062,46838,California
Stanislaus,2021-02-11,5525,64951,3407,33162,2118,31789,0,0,1405,31386,3960,16861,1409,48247,California
Stanislaus,2021-02-12,3525,68476,1101,34263,2424,34213,0,0,1661,31232,1816,18677,1662,49909,California
Stanislaus,2021-02-13,1531,70007,744,35007,787,35000,0,0,1084,31875,446,19123,1089,50998,California
Stanislaus,2021-02-14,421,70428,170,35177,251,35251,0,0,356,32166,65,19188,356,51354,California
Stanislaus,2021-02-15,1839,72267,254,35431,1585,36836,0,0,630,31689,1112,20300,635,51989,California
Stanislaus,2021-02-16,1383,73650,412,35843,971,37807,0,0,611,31535,767,21067,613,52602,California
Stanislaus,2021-02-17,2739,76389,1659,37502,1080,38887,0,0,1971,32742,771,21838,1978,54580,California
Stanislaus,2021-02-18,3384,79773,1873,39375,1511,40398,0,0,1835,33104,1481,23319,1843,56423,California
Stanislaus,2021-02-19,2778,82551,1044,40419,1734,42132,0,0,1568,33497,1184,24503,1577,58000,California
Stanislaus,2021-02-20,753,83304,369,40788,384,42516,0,0,497,33748,247,24750,498,58498,California
Stanislaus,2021-02-21,864,84168,653,41441,211,42727,0,0,525,33958,326,25076,536,59034,California
Stanislaus,2021-02-22,2366,86534,1674,43115,692,43419,0,0,1660,34936,684,25760,1662,60696,California
Stanislaus,2021-02-23,3696,90230,676,43791,3020,46439,0,0,1753,34878,1815,27575,1757,62453,California
Stanislaus,2021-02-24,4194,94424,2852,46643,1342,47781,0,0,3195,37090,986,28561,3198,65651,California
Stanislaus,2021-02-25,3920,98344,2641,49284,1279,49060,0,0,3122,39430,785,29346,3125,68776,California
Stanislaus,2021-02-26,4231,102575,1212,50496,3019,52079,0,0,2871,40987,1323,30669,2880,71656,California
Stanislaus,2021-02-27,2205,104780,689,51185,1515,53594,1,1,1953,42711,230,30899,1954,73610,California
Stanislaus,2021-02-28,815,105595,265,51450,550,54144,0,1,766,43434,44,30943,767,74377,California
Stanislaus,2021-03-01,2776,108371,1593,53043,1183,55327,0,1,1648,43972,1114,32057,1652,76029,California
Stanislaus,2021-03-02,2399,110770,1421,54464,978,56305,0,1,1665,44907,730,32787,1665,77694,California
Stanislaus,2021-03-03,3757,114527,2254,56718,1500,57805,3,4,2908,46975,840,33627,2908,80602,California
Stanislaus,2021-03-04,5577,120104,3224,59942,2335,60140,18,22,4241,49910,1318,34945,4253,84855,California
Stanislaus,2021-03-05,4267,124371,1306,61248,2944,63084,17,39,3143,51958,1111,36056,3159,88014,California
Stanislaus,2021-03-06,3760,128131,2263,63511,1404,64488,93,132,2739,53770,1021,37077,2833,90847,California
Stanislaus,2021-03-07,842,128973,385,63896,420,64908,37,169,652,54274,184,37261,688,91535,California
Stanislaus,2021-03-08,2053,131026,921,64817,1044,65952,88,257,1323,54963,722,37983,1411,92946,California
Stanislaus,2021-03-09,2260,133286,944,65761,1223,67175,93,350,1700,56206,552,38535,1795,94741,California
Stanislaus,2021-03-10,5084,138370,2504,68265,2359,69534,221,571,3763,58895,1308,39843,3997,98738,California
Stanislaus,2021-03-11,5813,144183,3155,71420,2177,71711,481,1052,4229,62179,1428,41271,4712,103450,California
Stanislaus,2021-03-12,5774,149957,1222,72642,2619,74330,1933,2985,2924,64197,2840,44111,4858,108308,California
Stanislaus,2021-03-13,3441,153398,2143,74785,1231,75561,67,3052,2773,66378,664,44775,2845,111153,California
Stanislaus,2021-03-14,971,154369,579,75364,340,75901,52,3104,487,66437,483,45258,542,111695,California
Stanislaus,2021-03-15,3736,158105,1969,77333,1391,77292,376,3480,1642,66459,2004,47262,2026,113721,California
Stanislaus,2021-03-16,4961,163066,2431,79764,2088,79380,442,3922,3547,69047,1400,48662,3988,117709,California
Stanislaus,2021-03-17,4927,167993,2994,82758,1752,81132,181,4103,3083,70486,1831,50493,3270,120979,California
Stanislaus,2021-03-18,5718,173711,3536,86294,2115,83247,67,4170,3265,71509,2314,52807,3337,124316,California
Stanislaus,2021-03-19,6363,180074,1741,88035,3093,86340,1529,5699,3473,73652,2860,55667,5003,129319,California
Stanislaus,2021-03-20,3976,184050,2936,90971,970,87310,70,5769,3515,76781,456,56123,3585,132904,California
Stanislaus,2021-03-21,985,185035,886,91857,34,87344,65,5834,751,77362,233,56356,814,133718,California
Stanislaus,2021-03-22,2843,187878,1331,93188,786,88130,726,6560,1253,77764,1578,57934,1980,135698,California
Stanislaus,2021-03-23,3945,191823,1999,95187,1684,89814,262,6822,2815,79736,1119,59053,3091,138789,California
Stanislaus,2021-03-24,4540,196363,3190,98377,1282,91096,68,6890,2653,80610,1849,60902,2723,141512,California
Stanislaus,2021-03-25,4423,200786,3026,101403,1380,92476,17,6907,1975,80228,2375,63277,1993,143505,California
Stanislaus,2021-03-26,4787,205573,1384,102787,3328,95804,75,6982,2430,80415,2330,65607,2517,146022,California
Stanislaus,2021-03-27,4394,209967,2697,105484,1674,97478,23,7005,1357,78787,3022,68629,1394,147416,California
Stanislaus,2021-03-28,1181,211148,443,105927,551,98029,187,7192,349,78510,827,69456,550,147966,California
Stanislaus,2021-03-29,3019,214167,1806,107733,1175,99204,38,7230,2024,79590,989,70445,2069,150035,California
Stanislaus,2021-03-30,3674,217841,2069,109802,1576,100780,29,7259,2250,80459,1419,71864,2288,152323,California
Stanislaus,2021-03-31,5467,223308,3845,113647,1487,102267,135,7394,2783,80720,2672,74536,2933,155256,California
Stanislaus,2021-04-01,5781,229089,3803,117450,1890,104157,88,7482,2661,80383,3112,77648,2775,158031,California
Stanislaus,2021-04-02,5022,234111,1260,118710,3630,107787,132,7614,2275,80139,2669,80317,2425,160456,California
Stanislaus,2021-04-03,4479,238590,3207,121917,1235,109022,37,7651,2185,80101,2287,82604,2249,162705,California
Stanislaus,2021-04-04,1308,239898,481,122398,805,109827,22,7673,656,80140,649,83253,688,163393,California
Stanislaus,2021-04-05,3679,243577,2499,124897,873,110700,307,7980,2356,81489,1320,84573,2669,166062,California
Stanislaus,2021-04-06,5637,249214,4083,128980,1289,111989,265,8245,2994,82132,2636,87209,3279,169341,California
Stanislaus,2021-04-07,5791,255005,3132,132112,2260,114249,399,8644,2412,81590,3370,90579,2828,172169,California
Stanislaus,2021-04-08,5249,260254,2994,135106,1798,116047,457,9101,2527,81871,2714,93293,2995,175164,California
Stanislaus,2021-04-09,4177,264431,1721,136827,2116,118163,340,9441,1842,81748,2324,95617,2201,177365,California
Stanislaus,2021-04-10,5005,269436,2897,139724,822,118985,1286,10727,1394,80824,3603,99220,2679,180044,California
Sutter,2020-12-15,1,1,1,1,0,0,0,0,1,1,0,0,1,1,California
Sutter,2020-12-16,4,5,4,5,0,0,0,0,4,5,0,0,4,5,California
Sutter,2020-12-17,2,7,2,7,0,0,0,0,2,7,0,0,2,7,California
Sutter,2020-12-18,20,27,20,27,0,0,0,0,20,27,0,0,20,27,California
Sutter,2020-12-19,44,71,44,71,0,0,0,0,44,71,0,0,44,71,California
Sutter,2020-12-20,42,113,42,113,0,0,0,0,42,113,0,0,42,113,California
Sutter,2020-12-21,100,213,100,213,0,0,0,0,100,213,0,0,100,213,California
Sutter,2020-12-22,172,385,172,385,0,0,0,0,172,385,0,0,172,385,California
Sutter,2020-12-23,114,499,110,495,4,4,0,0,114,499,0,0,114,499,California
Sutter,2020-12-24,17,516,11,506,6,10,0,0,17,516,0,0,17,516,California
Sutter,2020-12-26,39,555,35,541,4,14,0,0,39,555,0,0,39,555,California
Sutter,2020-12-27,24,579,23,564,1,15,0,0,24,579,0,0,24,579,California
Sutter,2020-12-28,83,662,55,619,28,43,0,0,83,662,0,0,83,662,California
Sutter,2020-12-29,100,762,14,633,86,129,0,0,100,762,0,0,100,762,California
Sutter,2020-12-30,136,898,34,667,102,231,0,0,136,898,0,0,136,898,California
Sutter,2020-12-31,70,968,6,673,64,295,0,0,70,968,0,0,70,968,California
Sutter,2021-01-01,3,971,3,676,0,295,0,0,3,971,0,0,3,971,California
Sutter,2021-01-02,133,1104,131,807,2,297,0,0,133,1104,0,0,133,1104,California
Sutter,2021-01-03,1,1105,0,807,1,298,0,0,1,1105,0,0,1,1105,California
Sutter,2021-01-04,249,1354,140,947,109,407,0,0,249,1354,0,0,249,1354,California
Sutter,2021-01-05,99,1453,56,1003,43,450,0,0,97,1449,2,2,97,1451,California
Sutter,2021-01-06,205,1658,51,1054,154,604,0,0,200,1644,5,7,200,1651,California
Sutter,2021-01-07,253,1911,151,1205,102,706,0,0,244,1880,8,15,244,1895,California
Sutter,2021-01-08,146,2057,40,1245,106,812,0,0,129,1992,17,32,129,2024,California
Sutter,2021-01-09,44,2101,43,1288,1,813,0,0,3,1954,41,73,3,2027,California
Sutter,2021-01-10,397,2498,37,1325,360,1173,0,0,359,2276,37,110,359,2386,California
Sutter,2021-01-11,132,2630,114,1439,18,1191,0,0,26,2196,106,216,26,2412,California
Sutter,2021-01-12,200,2830,163,1602,37,1228,0,0,57,2110,143,359,57,2469,California
Sutter,2021-01-13,160,2990,98,1700,62,1290,0,0,72,2094,88,447,72,2541,California
Sutter,2021-01-14,144,3134,49,1749,95,1385,0,0,125,2200,19,466,125,2666,California
Sutter,2021-01-15,432,3566,130,1879,302,1687,0,0,417,2602,15,481,417,3083,California
Sutter,2021-01-16,387,3953,42,1921,345,2032,0,0,355,2926,31,512,355,3438,California
Sutter,2021-01-17,25,3978,23,1944,2,2034,0,0,9,2919,16,528,9,3447,California
Sutter,2021-01-18,116,4094,61,2005,55,2089,0,0,69,2941,47,575,69,3516,California
Sutter,2021-01-19,102,4196,42,2047,60,2149,0,0,77,2993,25,600,77,3593,California
Sutter,2021-01-20,255,4451,191,2238,64,2213,0,0,235,3208,20,620,235,3828,California
Sutter,2021-01-21,435,4886,266,2504,169,2382,0,0,416,3605,19,639,416,4244,California
Sutter,2021-01-22,269,5155,82,2586,187,2569,0,0,260,3856,9,648,260,4504,California
Sutter,2021-01-23,396,5551,40,2626,356,2925,0,0,370,4200,26,674,370,4874,California
Sutter,2021-01-24,17,5568,14,2640,3,2928,0,0,15,4213,2,676,15,4889,California
Sutter,2021-01-25,301,5869,195,2835,106,3034,0,0,148,4209,152,828,148,5037,California
Sutter,2021-01-26,244,6113,103,2938,141,3175,0,0,146,4258,97,925,146,5183,California
Sutter,2021-01-27,384,6497,254,3192,130,3305,0,0,319,4512,65,990,319,5502,California
Sutter,2021-01-28,521,7018,299,3491,222,3527,0,0,392,4775,129,1119,392,5894,California
Sutter,2021-01-29,416,7434,144,3635,272,3799,0,0,252,4863,164,1283,252,6146,California
Sutter,2021-01-30,775,8209,38,3673,737,4536,0,0,764,5616,11,1294,764,6910,California
Sutter,2021-01-31,27,8236,27,3700,0,4536,0,0,27,5643,0,1294,27,6937,California
Sutter,2021-02-01,162,8398,47,3747,115,4651,0,0,131,5743,31,1325,131,7068,California
Sutter,2021-02-02,241,8639,26,3773,215,4866,0,0,211,5924,30,1355,211,7279,California
Sutter,2021-02-03,444,9083,38,3811,406,5272,0,0,209,5898,235,1590,209,7488,California
Sutter,2021-02-04,668,9751,365,4176,303,5575,0,0,618,6466,50,1640,618,8106,California
Sutter,2021-02-05,284,10035,31,4207,253,5828,0,0,134,6450,150,1790,134,8240,California
Sutter,2021-02-06,735,10770,27,4234,708,6536,0,0,716,7147,19,1809,716,8956,California
Sutter,2021-02-07,22,10792,19,4253,3,6539,0,0,19,7163,3,1812,19,8975,California
Sutter,2021-02-08,133,10925,28,4281,105,6644,0,0,97,7224,36,1848,97,9072,California
Sutter,2021-02-09,246,11171,45,4326,201,6845,0,0,185,7348,61,1909,185,9257,California
Sutter,2021-02-10,801,11972,380,4706,421,7266,0,0,175,6898,625,2534,175,9432,California
Sutter,2021-02-11,602,12574,273,4979,329,7595,0,0,374,7044,228,2762,374,9806,California
Sutter,2021-02-12,625,13199,67,5046,558,8153,0,0,309,7037,316,3078,309,10115,California
Sutter,2021-02-13,898,14097,49,5095,849,9002,0,0,782,7703,116,3194,782,10897,California
Sutter,2021-02-14,90,14187,24,5119,66,9068,0,0,80,7773,10,3204,80,10977,California
Sutter,2021-02-15,195,14382,69,5188,126,9194,0,0,121,7820,74,3278,121,11098,California
Sutter,2021-02-16,287,14669,44,5232,243,9437,0,0,204,7942,82,3360,204,11302,California
Sutter,2021-02-17,827,15496,432,5664,395,9832,0,0,127,7369,700,4060,127,11429,California
Sutter,2021-02-18,695,16191,50,5714,645,10477,0,0,485,7645,209,4269,485,11914,California
Sutter,2021-02-19,661,16852,377,6091,284,10761,0,0,461,7908,198,4467,461,12375,California
Sutter,2021-02-20,615,17467,52,6143,563,11324,0,0,513,8319,102,4569,513,12888,California
Sutter,2021-02-21,29,17496,26,6169,3,11327,0,0,6,8302,23,4592,6,12894,California
Sutter,2021-02-22,207,17703,123,6292,84,11411,0,0,87,8269,120,4712,87,12981,California
Sutter,2021-02-23,220,17923,32,6324,188,11599,0,0,97,8243,123,4835,97,13078,California
Sutter,2021-02-24,955,18878,348,6672,607,12206,0,0,188,7665,766,5601,188,13266,California
Sutter,2021-02-25,768,19646,487,7159,281,12487,0,0,591,8082,174,5775,591,13857,California
Sutter,2021-02-26,365,20011,59,7218,306,12793,0,0,151,8021,212,5987,151,14008,California
Sutter,2021-02-27,863,20874,42,7260,821,13614,0,0,707,8571,157,6144,707,14715,California
Sutter,2021-02-28,82,20956,37,7297,45,13659,0,0,65,8619,17,6161,65,14780,California
Sutter,2021-03-01,246,21202,61,7358,185,13844,0,0,150,8673,96,6257,150,14930,California
Sutter,2021-03-02,333,21535,56,7414,277,14121,0,0,160,8661,172,6429,160,15090,California
Sutter,2021-03-03,1371,22906,502,7916,869,14990,0,0,634,8564,731,7160,634,15724,California
Sutter,2021-03-04,1249,24155,860,8776,389,15379,0,0,952,9223,293,7453,952,16676,California
Sutter,2021-03-05,328,24483,71,8847,256,15635,1,1,194,9285,133,7586,195,16871,California
Sutter,2021-03-06,1016,25499,42,8889,969,16604,5,6,855,9984,161,7747,860,17731,California
Sutter,2021-03-07,62,25561,23,8912,38,16642,1,7,42,10007,20,7767,43,17774,California
Sutter,2021-03-08,224,25785,76,8988,135,16777,13,20,157,10110,67,7834,170,17944,California
Sutter,2021-03-09,382,26167,134,9122,235,17012,13,33,179,10100,202,8036,192,18136,California
Sutter,2021-03-10,1564,27731,680,9802,823,17835,61,94,520,9640,1041,9077,581,18717,California
Sutter,2021-03-11,891,28622,437,10239,435,18270,19,113,646,10062,243,9320,665,19382,California
Sutter,2021-03-12,658,29280,108,10347,368,18638,182,295,192,9971,464,9784,373,19755,California
Sutter,2021-03-13,975,30255,749,11096,209,18847,17,312,781,10577,192,9976,798,20553,California
Sutter,2021-03-14,127,30382,20,11116,96,18943,11,323,41,10543,86,10062,52,20605,California
Sutter,2021-03-15,318,30700,68,11184,201,19144,49,372,150,10575,167,10229,199,20804,California
Sutter,2021-03-16,384,31084,86,11270,252,19396,46,418,207,10651,177,10406,253,21057,California
Sutter,2021-03-17,1478,32562,554,11824,905,20301,19,437,304,9808,1166,11572,323,21380,California
Sutter,2021-03-18,957,33519,165,11989,594,20895,198,635,572,10193,384,11956,769,22149,California
Sutter,2021-03-19,446,33965,149,12138,268,21163,29,664,270,10319,173,12129,299,22448,California
Sutter,2021-03-20,945,34910,114,12252,820,21983,11,675,859,11103,86,12215,870,23318,California
Sutter,2021-03-21,63,34973,45,12297,15,21998,3,678,34,11111,29,12244,37,23355,California
Sutter,2021-03-22,286,35259,119,12416,141,22139,26,704,210,11271,76,12320,236,23591,California
Sutter,2021-03-23,349,35608,117,12533,200,22339,32,736,236,11426,113,12433,268,23859,California
Sutter,2021-03-24,1625,37233,719,13252,837,23176,69,805,312,10506,1301,13734,381,24240,California
Sutter,2021-03-25,1013,38246,671,13923,301,23477,41,846,351,10238,660,14394,392,24632,California
Sutter,2021-03-26,478,38724,169,14092,292,23769,17,863,290,10360,185,14579,307,24939,California
Sutter,2021-03-27,930,39654,64,14156,864,24633,2,865,822,11080,104,14683,824,25763,California
Sutter,2021-03-28,125,39779,71,14227,54,24687,0,865,79,11114,45,14728,79,25842,California
Sutter,2021-03-29,419,40198,140,14367,224,24911,55,920,223,11197,195,14923,278,26120,California
Sutter,2021-03-30,474,40672,159,14526,306,25217,9,929,319,11370,155,15078,328,26448,California
Sutter,2021-03-31,1233,41905,173,14699,1043,26260,17,946,456,11074,768,15846,472,26920,California
Sutter,2021-04-01,1362,43267,723,15422,452,26712,187,1133,407,10720,949,16795,595,27515,California
Sutter,2021-04-02,489,43756,94,15516,293,27005,102,1235,205,10741,283,17078,304,27819,California
Sutter,2021-04-03,895,44651,56,15572,209,27214,630,1865,109,10695,785,17863,739,28558,California
Sutter,2021-04-04,116,44767,21,15593,89,27303,6,1871,56,10697,60,17923,62,28620,California
Sutter,2021-04-05,359,45126,139,15732,185,27488,35,1906,169,10714,187,18110,204,28824,California
Sutter,2021-04-06,474,45600,184,15916,232,27720,58,1964,244,10787,229,18339,302,29126,California
Sutter,2021-04-07,1387,46987,844,16760,478,28198,65,2029,560,10589,823,19162,625,29751,California
Sutter,2021-04-08,996,47983,554,17314,332,28530,110,2139,534,10776,455,19617,642,30393,California
Sutter,2021-04-09,445,48428,209,17523,184,28714,52,2191,181,10747,262,19879,233,30626,California
Sutter,2021-04-10,661,49089,46,17569,71,28785,544,2735,60,10750,600,20479,603,31229,California
Tehama,2020-12-15,1,1,1,1,0,0,0,0,1,1,0,0,1,1,California
Tehama,2020-12-16,2,3,2,3,0,0,0,0,2,3,0,0,2,3,California
Tehama,2020-12-17,12,15,12,15,0,0,0,0,12,15,0,0,12,15,California
Tehama,2020-12-18,2,17,2,17,0,0,0,0,3,18,0,0,3,18,California
Tehama,2020-12-21,33,50,33,50,0,0,0,0,33,51,0,0,33,51,California
Tehama,2020-12-22,68,118,62,112,6,6,0,0,68,119,0,0,68,119,California
Tehama,2020-12-23,48,166,40,152,8,14,0,0,48,167,0,0,48,167,California
Tehama,2020-12-24,5,171,3,155,2,16,0,0,5,172,0,0,5,172,California
Tehama,2020-12-26,3,174,2,157,1,17,0,0,3,175,0,0,3,175,California
Tehama,2020-12-27,2,176,2,159,0,17,0,0,2,177,0,0,2,177,California
Tehama,2020-12-28,56,232,43,202,13,30,0,0,56,233,0,0,56,233,California
Tehama,2020-12-29,31,263,31,233,0,30,0,0,31,264,0,0,31,264,California
Tehama,2020-12-30,54,317,38,271,16,46,0,0,53,317,0,0,53,317,California
Tehama,2020-12-31,14,331,4,275,10,56,0,0,14,331,0,0,14,331,California
Tehama,2021-01-01,2,333,0,275,2,58,0,0,2,333,0,0,2,333,California
Tehama,2021-01-04,31,364,8,283,23,81,0,0,31,364,0,0,31,364,California
Tehama,2021-01-05,71,435,44,327,27,108,0,0,68,429,3,3,68,432,California
Tehama,2021-01-06,71,506,21,348,50,158,0,0,62,483,8,11,62,494,California
Tehama,2021-01-07,56,562,7,355,49,207,0,0,55,537,1,12,55,549,California
Tehama,2021-01-08,30,592,24,379,6,213,0,0,25,557,5,17,25,574,California
Tehama,2021-01-09,7,599,5,384,2,215,0,0,5,560,2,19,5,579,California
Tehama,2021-01-10,1,600,0,384,1,216,0,0,1,561,0,19,1,580,California
Tehama,2021-01-11,47,647,46,430,1,217,0,0,14,542,33,52,14,594,California
Tehama,2021-01-12,115,762,95,525,20,237,0,0,70,567,45,97,70,664,California
Tehama,2021-01-13,72,834,55,580,17,254,0,0,26,547,46,143,26,690,California
Tehama,2021-01-14,224,1058,50,630,174,428,0,0,222,767,2,145,222,912,California
Tehama,2021-01-15,246,1304,74,704,172,600,0,0,242,1005,4,149,242,1154,California
Tehama,2021-01-16,274,1578,27,731,247,847,0,0,271,1273,3,152,271,1425,California
Tehama,2021-01-17,13,1591,9,740,4,851,0,0,11,1282,2,154,11,1436,California
Tehama,2021-01-18,10,1601,6,746,4,855,0,0,5,1282,5,159,5,1441,California
Tehama,2021-01-19,287,1888,61,807,226,1081,0,0,232,1459,55,214,232,1673,California
Tehama,2021-01-20,302,2190,87,894,215,1296,0,0,252,1662,49,263,252,1925,California
Tehama,2021-01-21,214,2404,11,905,203,1499,0,0,204,1856,10,273,204,2129,California
Tehama,2021-01-22,214,2618,12,917,202,1701,0,0,211,2064,3,276,211,2340,California
Tehama,2021-01-23,263,2881,10,927,253,1954,0,0,262,2325,1,277,262,2602,California
Tehama,2021-01-25,30,2911,13,940,17,1971,0,0,13,2321,17,294,13,2615,California
Tehama,2021-01-26,324,3235,42,982,282,2253,0,0,287,2571,37,331,287,2902,California
Tehama,2021-01-27,299,3534,21,1003,278,2531,0,0,279,2830,20,351,279,3181,California
Tehama,2021-01-28,340,3874,29,1032,311,2842,0,0,325,3140,15,366,325,3506,California
Tehama,2021-01-29,321,4195,19,1051,302,3144,0,0,304,3427,17,383,304,3810,California
Tehama,2021-01-30,103,4298,2,1053,101,3245,0,0,102,3528,1,384,102,3912,California
Tehama,2021-01-31,1,4299,0,1053,1,3246,0,0,1,3529,0,384,1,3913,California
Tehama,2021-02-01,77,4376,22,1075,55,3301,0,0,36,3524,41,425,36,3949,California
Tehama,2021-02-02,337,4713,63,1138,274,3575,0,0,240,3670,94,519,240,4189,California
Tehama,2021-02-03,369,5082,12,1150,357,3932,0,0,325,3951,44,563,325,4514,California
Tehama,2021-02-04,457,5539,99,1249,358,4290,0,0,378,4251,79,642,379,4893,California
Tehama,2021-02-05,161,5700,73,1322,88,4378,0,0,102,4294,59,701,102,4995,California
Tehama,2021-02-06,28,5728,13,1335,15,4393,0,0,16,4298,12,713,16,5011,California
Tehama,2021-02-07,5,5733,4,1339,1,4394,0,0,2,4297,3,716,2,5013,California
Tehama,2021-02-08,35,5768,14,1353,21,4415,0,0,27,4316,8,724,27,5040,California
Tehama,2021-02-09,76,5844,33,1386,43,4458,0,0,42,4324,34,758,42,5082,California
Tehama,2021-02-10,232,6076,61,1447,171,4629,0,0,158,4408,74,832,158,5240,California
Tehama,2021-02-11,219,6295,16,1463,203,4832,0,0,80,4351,137,969,80,5320,California
Tehama,2021-02-12,354,6649,57,1520,297,5129,0,0,173,4343,181,1150,173,5493,California
Tehama,2021-02-13,388,7037,13,1533,375,5504,0,0,147,4249,241,1391,147,5640,California
Tehama,2021-02-14,34,7071,0,1533,34,5538,0,0,33,4281,1,1392,33,5673,California
Tehama,2021-02-15,51,7122,9,1542,42,5580,0,0,45,4320,6,1398,45,5718,California
Tehama,2021-02-16,240,7362,16,1558,224,5804,0,0,58,4196,182,1580,58,5776,California
Tehama,2021-02-17,279,7641,11,1569,268,6072,0,0,53,4023,226,1806,53,5829,California
Tehama,2021-02-18,370,8011,33,1602,337,6409,0,0,146,3945,224,2030,146,5975,California
Tehama,2021-02-19,214,8225,19,1621,195,6604,0,0,43,3817,171,2201,43,6018,California
Tehama,2021-02-20,273,8498,6,1627,267,6871,0,0,26,3596,247,2448,26,6044,California
Tehama,2021-02-22,36,8534,13,1640,23,6894,0,0,24,3608,12,2460,24,6068,California
Tehama,2021-02-23,46,8580,19,1659,27,6921,0,0,26,3614,20,2480,26,6094,California
Tehama,2021-02-24,299,8879,12,1671,287,7208,0,0,26,3367,273,2753,26,6120,California
Tehama,2021-02-25,377,9256,61,1732,316,7524,0,0,37,3064,340,3093,37,6157,California
Tehama,2021-02-26,455,9711,19,1751,436,7960,0,0,70,2749,385,3478,70,6227,California
Tehama,2021-02-27,294,10005,5,1756,289,8249,0,0,34,2523,260,3738,34,6261,California
Tehama,2021-02-28,23,10028,2,1758,21,8270,0,0,20,2540,3,3741,20,6281,California
Tehama,2021-03-01,62,10090,8,1766,54,8324,0,0,28,2534,34,3775,28,6309,California
Tehama,2021-03-02,112,10202,18,1784,94,8418,0,0,29,2480,83,3858,29,6338,California
Tehama,2021-03-03,118,10320,34,1818,84,8502,0,0,47,2456,71,3929,47,6385,California
Tehama,2021-03-04,578,10898,22,1840,556,9058,0,0,218,2320,354,4283,218,6603,California
Tehama,2021-03-05,383,11281,18,1858,365,9423,0,0,214,2366,168,4451,214,6817,California
Tehama,2021-03-06,295,11576,17,1875,278,9701,0,0,80,2233,214,4665,81,6898,California
Tehama,2021-03-07,5,11581,1,1876,4,9705,0,0,3,2235,1,4666,3,6901,California
Tehama,2021-03-08,56,11637,12,1888,29,9734,15,15,25,2245,30,4696,40,6941,California
Tehama,2021-03-09,312,11949,5,1893,288,10022,19,34,257,2466,55,4751,276,7217,California
Tehama,2021-03-10,348,12297,11,1904,316,10338,21,55,67,2274,280,5031,88,7305,California
Tehama,2021-03-11,481,12778,16,1920,419,10757,46,101,338,2515,143,5174,384,7689,California
Tehama,2021-03-12,283,13061,16,1936,202,10959,65,166,165,2627,118,5292,230,7919,California
Tehama,2021-03-13,43,13104,8,1944,29,10988,6,172,6,2602,37,5329,12,7931,California
Tehama,2021-03-14,44,13148,3,1947,30,11018,11,183,2,2573,42,5371,13,7944,California
Tehama,2021-03-15,154,13302,21,1968,113,11131,20,203,87,2613,67,5438,107,8051,California
Tehama,2021-03-16,397,13699,14,1982,345,11476,38,241,298,2851,98,5536,336,8387,California
Tehama,2021-03-17,416,14115,23,2005,361,11837,32,273,331,3131,83,5619,363,8750,California
Tehama,2021-03-18,478,14593,24,2029,430,12267,24,297,300,3279,176,5795,324,9074,California
Tehama,2021-03-19,301,14894,23,2052,265,12532,13,310,259,3509,42,5837,272,9346,California
Tehama,2021-03-20,40,14934,8,2060,30,12562,2,312,28,3527,12,5849,30,9376,California
Tehama,2021-03-21,12,14946,5,2065,7,12569,0,312,12,3539,0,5849,12,9388,California
Tehama,2021-03-22,90,15036,7,2072,66,12635,17,329,49,3564,41,5890,66,9454,California
Tehama,2021-03-23,84,15120,23,2095,54,12689,7,336,65,3617,19,5909,72,9526,California
Tehama,2021-03-24,82,15202,15,2110,64,12753,3,339,53,3644,29,5938,56,9582,California
Tehama,2021-03-25,501,15703,340,2450,148,12901,13,352,454,4065,47,5985,468,10050,California
Tehama,2021-03-26,460,16163,352,2802,96,12997,12,364,385,4387,75,6060,397,10447,California
Tehama,2021-03-27,436,16599,347,3149,68,13065,21,385,373,4719,62,6122,394,10841,California
Tehama,2021-03-28,34,16633,13,3162,21,13086,0,385,22,4729,12,6134,22,10863,California
Tehama,2021-03-29,120,16753,30,3192,90,13176,0,385,76,4762,43,6177,76,10939,California
Tehama,2021-03-30,354,17107,206,3398,146,13322,2,387,240,4890,114,6291,242,11181,California
Tehama,2021-03-31,371,17478,270,3668,98,13420,3,390,298,5119,72,6363,301,11482,California
Tehama,2021-04-01,512,17990,237,3905,269,13689,6,396,382,5377,130,6493,388,11870,California
Tehama,2021-04-02,442,18432,204,4109,232,13921,6,402,257,5455,185,6678,263,12133,California
Tehama,2021-04-03,61,18493,3,4112,53,13974,5,407,30,5459,31,6709,35,12168,California
Tehama,2021-04-04,33,18526,6,4118,26,14000,1,408,22,5471,11,6720,23,12191,California
Tehama,2021-04-05,113,18639,19,4137,68,14068,26,434,58,5500,55,6775,84,12275,California
Tehama,2021-04-06,466,19105,100,4237,316,14384,50,484,163,5410,303,7078,213,12488,California
Tehama,2021-04-07,408,19513,280,4517,87,14471,41,525,301,5647,105,7183,342,12830,California
Tehama,2021-04-08,580,20093,171,4688,375,14846,34,559,225,5552,354,7537,259,13089,California
Tehama,2021-04-09,106,20199,38,4726,59,14905,9,568,41,5539,63,7600,50,13139,California
Tehama,2021-04-10,15,20214,1,4727,4,14909,10,578,4,5542,11,7611,14,13153,California
Trinity,2020-12-17,4,4,4,4,0,0,0,0,4,4,0,0,4,4,California
Trinity,2020-12-18,2,6,2,6,0,0,0,0,2,6,0,0,2,6,California
Trinity,2020-12-21,38,44,38,44,0,0,0,0,38,44,0,0,38,44,California
Trinity,2020-12-22,5,49,5,49,0,0,0,0,5,49,0,0,5,49,California
Trinity,2020-12-23,5,54,5,54,0,0,0,0,5,54,0,0,5,54,California
Trinity,2020-12-28,30,84,30,84,0,0,0,0,30,84,0,0,30,84,California
Trinity,2020-12-29,8,92,7,91,1,1,0,0,8,92,0,0,8,92,California
Trinity,2020-12-30,10,102,8,99,2,3,0,0,10,102,0,0,10,102,California
Trinity,2020-12-31,2,104,1,100,1,4,0,0,2,104,0,0,2,104,California
Trinity,2021-01-04,27,131,1,101,26,30,0,0,26,130,0,0,26,130,California
Trinity,2021-01-05,2,133,1,102,1,31,0,0,2,132,0,0,2,132,California
Trinity,2021-01-06,23,156,4,106,19,50,0,0,19,147,4,4,19,151,California
Trinity,2021-01-08,49,205,2,108,47,97,0,0,48,193,2,6,48,199,California
Trinity,2021-01-11,39,244,38,146,1,98,0,0,2,158,37,43,2,201,California
Trinity,2021-01-12,9,253,7,153,2,100,0,0,4,157,5,48,4,205,California
Trinity,2021-01-13,7,260,4,157,3,103,0,0,4,158,3,51,4,209,California
Trinity,2021-01-14,4,264,1,158,3,106,0,0,4,162,0,51,4,213,California
Trinity,2021-01-16,4,268,0,158,4,110,0,0,4,166,0,51,4,217,California
Trinity,2021-01-18,31,299,31,189,0,110,0,0,1,137,30,81,1,218,California
Trinity,2021-01-19,31,330,14,203,17,127,0,0,17,140,14,95,17,235,California
Trinity,2021-01-20,20,350,4,207,16,143,0,0,17,155,2,97,17,252,California
Trinity,2021-01-21,17,367,7,214,10,153,0,0,17,172,0,97,17,269,California
Trinity,2021-01-22,5,372,1,215,4,157,0,0,5,177,0,97,5,274,California
Trinity,2021-01-23,7,379,3,218,4,161,0,0,7,184,0,97,7,281,California
Trinity,2021-01-25,14,393,1,219,13,174,0,0,13,196,1,98,13,294,California
Trinity,2021-01-26,10,403,1,220,9,183,0,0,9,204,1,99,9,303,California
Trinity,2021-01-27,12,415,0,220,12,195,0,0,12,216,0,99,12,315,California
Trinity,2021-01-28,13,428,3,223,10,205,0,0,10,223,3,102,10,325,California
Trinity,2021-01-29,3,431,1,224,2,207,0,0,2,224,1,103,2,327,California
Trinity,2021-01-30,12,443,11,235,1,208,0,0,12,236,0,103,12,339,California
Trinity,2021-01-31,1,444,1,236,0,208,0,0,1,237,0,103,1,340,California
Trinity,2021-02-01,2,446,1,237,1,209,0,0,1,237,1,104,1,341,California
Trinity,2021-02-02,13,459,3,240,10,219,0,0,12,248,1,105,12,353,California
Trinity,2021-02-03,6,465,1,241,5,224,0,0,3,248,3,108,3,356,California
Trinity,2021-02-04,36,501,32,273,4,228,0,0,34,280,2,110,34,390,California
Trinity,2021-02-05,348,849,0,273,348,576,0,0,318,568,30,140,318,708,California
Trinity,2021-02-06,209,1058,5,278,204,780,0,0,202,763,7,147,202,910,California
Trinity,2021-02-07,1,1059,0,278,1,781,0,0,1,764,0,147,1,911,California
Trinity,2021-02-08,23,1082,0,278,23,804,0,0,15,771,8,155,15,926,California
Trinity,2021-02-09,21,1103,2,280,19,823,0,0,6,762,15,170,6,932,California
Trinity,2021-02-10,123,1226,10,290,113,936,0,0,103,845,20,190,103,1035,California
Trinity,2021-02-11,334,1560,2,292,332,1268,0,0,328,1167,6,196,328,1363,California
Trinity,2021-02-12,9,1569,6,298,3,1271,0,0,9,1176,0,196,9,1372,California
Trinity,2021-02-13,12,1581,5,303,7,1278,0,0,5,1174,7,203,5,1377,California
Trinity,2021-02-14,2,1583,2,305,0,1278,0,0,2,1176,0,203,2,1379,California
Trinity,2021-02-15,46,1629,0,305,46,1324,0,0,46,1222,0,203,46,1425,California
Trinity,2021-02-16,7,1636,2,307,5,1329,0,0,4,1223,3,206,4,1429,California
Trinity,2021-02-17,94,1730,2,309,92,1421,0,0,84,1297,10,216,84,1513,California
Trinity,2021-02-18,5,1735,0,309,5,1426,0,0,1,1295,3,219,1,1514,California
Trinity,2021-02-19,211,1946,3,312,208,1634,0,0,198,1480,13,232,198,1712,California
Trinity,2021-02-20,143,2089,14,326,129,1763,0,0,115,1567,28,260,115,1827,California
Trinity,2021-02-22,3,2092,0,326,3,1766,0,0,0,1564,3,263,0,1827,California
Trinity,2021-02-23,8,2100,4,330,4,1770,0,0,3,1562,5,268,3,1830,California
Trinity,2021-02-24,30,2130,8,338,22,1792,0,0,7,1546,23,291,7,1837,California
Trinity,2021-02-25,36,2166,23,361,13,1805,0,0,5,1520,31,322,5,1842,California
Trinity,2021-02-26,11,2177,1,362,10,1815,0,0,5,1519,6,328,5,1847,California
Trinity,2021-02-27,9,2186,7,369,2,1817,0,0,4,1518,5,333,4,1851,California
Trinity,2021-03-01,8,2194,0,369,8,1825,0,0,5,1520,3,336,5,1856,California
Trinity,2021-03-02,8,2202,3,372,5,1830,0,0,1,1514,7,343,1,1857,California
Trinity,2021-03-03,5,2207,0,372,5,1835,0,0,4,1517,1,344,4,1861,California
Trinity,2021-03-04,15,2222,10,382,5,1840,0,0,13,1528,2,346,13,1874,California
Trinity,2021-03-05,284,2506,1,383,283,2123,0,0,32,1313,247,593,32,1906,California
Trinity,2021-03-06,185,2691,6,389,179,2302,0,0,20,1168,165,758,20,1926,California
Trinity,2021-03-07,3,2694,3,392,0,2302,0,0,2,1169,1,759,2,1928,California
Trinity,2021-03-08,3,2697,0,392,2,2304,1,1,1,1169,2,761,2,1930,California
Trinity,2021-03-09,93,2790,0,392,91,2395,2,3,89,1256,4,765,91,2021,California
Trinity,2021-03-10,127,2917,3,395,121,2516,3,6,38,1208,89,854,41,2062,California
Trinity,2021-03-11,7,2924,3,398,2,2518,2,8,3,1209,4,858,5,2067,California
Trinity,2021-03-12,334,3258,3,401,326,2844,5,13,45,970,289,1147,50,2117,California
Trinity,2021-03-13,12,3270,7,408,3,2847,2,15,7,974,5,1152,9,2126,California
Trinity,2021-03-15,67,3337,0,408,66,2913,1,16,15,938,52,1204,16,2142,California
Trinity,2021-03-16,114,3451,6,414,108,3021,0,16,100,1024,14,1218,100,2242,California
Trinity,2021-03-17,100,3551,3,417,97,3118,0,16,26,976,74,1292,26,2268,California
Trinity,2021-03-18,10,3561,2,419,5,3123,3,19,5,979,5,1297,8,2276,California
Trinity,2021-03-19,359,3920,6,425,246,3369,107,126,29,785,330,1627,136,2412,California
Trinity,2021-03-20,104,4024,6,431,98,3467,0,126,67,815,37,1664,67,2479,California
Trinity,2021-03-21,4,4028,0,431,2,3469,2,128,2,817,2,1666,4,2483,California
Trinity,2021-03-22,2,4030,0,431,2,3471,0,128,2,819,0,1666,2,2485,California
Trinity,2021-03-23,96,4126,1,432,95,3566,0,128,79,881,17,1683,79,2564,California
Trinity,2021-03-24,9,4135,1,433,8,3574,0,128,9,890,0,1683,9,2573,California
Trinity,2021-03-25,105,4240,6,439,93,3667,6,134,82,955,23,1706,88,2661,California
Trinity,2021-03-26,14,4254,1,440,13,3680,0,134,8,957,6,1712,8,2669,California
Trinity,2021-03-27,15,4269,3,443,3,3683,9,143,5,961,10,1722,14,2683,California
Trinity,2021-03-28,6,4275,4,447,2,3685,0,143,1,957,5,1727,1,2684,California
Trinity,2021-03-29,4,4279,0,447,4,3689,0,143,1,955,3,1730,1,2685,California
Trinity,2021-03-30,75,4354,4,451,71,3760,0,143,67,1014,8,1738,67,2752,California
Trinity,2021-03-31,52,4406,5,456,19,3779,28,171,21,1031,31,1769,48,2800,California
Trinity,2021-04-01,38,4444,11,467,16,3795,11,182,19,1042,19,1788,30,2830,California
Trinity,2021-04-02,164,4608,6,473,84,3879,74,256,71,1095,92,1880,145,2975,California
Trinity,2021-04-03,19,4627,14,487,5,3884,0,256,9,1094,10,1890,9,2984,California
Trinity,2021-04-04,10,4637,8,495,2,3886,0,256,10,1104,0,1890,10,2994,California
Trinity,2021-04-05,59,4696,7,502,51,3937,1,257,55,1156,4,1894,56,3050,California
Trinity,2021-04-06,106,4802,10,512,93,4030,3,260,19,1091,87,1981,22,3072,California
Trinity,2021-04-07,16,4818,9,521,3,4033,4,264,11,1101,5,1986,15,3087,California
Trinity,2021-04-08,89,4907,11,532,76,4109,2,266,52,1119,36,2022,54,3141,California
Trinity,2021-04-09,21,4928,12,544,7,4116,2,268,13,1126,8,2030,15,3156,California
Trinity,2021-04-10,2,4930,0,544,2,4118,0,268,1,1126,1,2031,1,3157,California
Tulare,2020-12-16,3,3,3,3,0,0,0,0,3,3,0,0,3,3,California
Tulare,2020-12-17,110,113,110,113,0,0,0,0,110,113,0,0,110,113,California
Tulare,2020-12-18,290,403,290,403,0,0,0,0,290,403,0,0,290,403,California
Tulare,2020-12-19,327,730,327,730,0,0,0,0,327,730,0,0,327,730,California
Tulare,2020-12-20,167,897,166,896,1,1,0,0,167,897,0,0,167,897,California
Tulare,2020-12-21,422,1319,422,1318,0,1,0,0,442,1339,0,0,442,1339,California
Tulare,2020-12-22,470,1789,468,1786,2,3,0,0,469,1808,0,0,469,1808,California
Tulare,2020-12-23,328,2117,320,2106,8,11,0,0,326,2134,0,0,326,2134,California
Tulare,2020-12-24,18,2135,16,2122,2,13,0,0,18,2152,0,0,18,2152,California
Tulare,2020-12-26,8,2143,7,2129,1,14,0,0,8,2160,0,0,8,2160,California
Tulare,2020-12-27,16,2159,12,2141,4,18,0,0,16,2176,0,0,16,2176,California
Tulare,2020-12-28,484,2643,472,2613,12,30,0,0,483,2659,0,0,483,2659,California
Tulare,2020-12-29,544,3187,477,3090,67,97,0,0,544,3203,0,0,544,3203,California
Tulare,2020-12-30,473,3660,434,3524,39,136,0,0,473,3676,0,0,473,3676,California
Tulare,2020-12-31,94,3754,22,3546,72,208,0,0,94,3770,0,0,94,3770,California
Tulare,2021-01-01,1,3755,0,3546,1,209,0,0,1,3771,0,0,1,3771,California
Tulare,2021-01-02,28,3783,18,3564,10,219,0,0,28,3799,0,0,28,3799,California
Tulare,2021-01-03,22,3805,9,3573,13,232,0,0,22,3821,0,0,22,3821,California
Tulare,2021-01-04,91,3896,16,3589,75,307,0,0,91,3912,0,0,91,3912,California
Tulare,2021-01-05,460,4356,278,3867,182,489,0,0,458,4368,2,2,458,4370,California
Tulare,2021-01-06,865,5221,636,4503,229,718,0,0,855,5213,10,12,855,5225,California
Tulare,2021-01-07,783,6004,585,5088,198,916,0,0,677,5784,106,118,677,5902,California
Tulare,2021-01-08,1263,7267,574,5662,689,1605,0,0,925,6372,337,455,925,6827,California
Tulare,2021-01-09,741,8008,203,5865,538,2143,0,0,554,6739,187,642,554,7381,California
Tulare,2021-01-10,49,8057,43,5908,6,2149,0,0,10,6710,39,681,10,7391,California
Tulare,2021-01-11,1202,9259,765,6673,437,2586,0,0,767,7042,435,1116,767,8158,California
Tulare,2021-01-12,1400,10659,487,7160,913,3499,0,0,993,7629,407,1523,994,9152,California
Tulare,2021-01-13,457,11116,227,7387,230,3729,0,0,383,7938,74,1597,383,9535,California
Tulare,2021-01-14,491,11607,141,7528,350,4079,0,0,465,8388,15,1612,465,10000,California
Tulare,2021-01-15,1617,13224,149,7677,1468,5547,0,0,1608,9987,9,1621,1608,11608,California
Tulare,2021-01-16,1899,15123,114,7791,1785,7332,0,0,1885,11858,14,1635,1885,13493,California
Tulare,2021-01-17,140,15263,121,7912,19,7351,0,0,130,11978,10,1645,130,13623,California
Tulare,2021-01-18,695,15958,662,8574,33,7384,0,0,295,11873,400,2045,295,13918,California
Tulare,2021-01-19,1005,16963,682,9256,323,7707,0,0,578,12024,427,2472,578,14496,California
Tulare,2021-01-20,2375,19338,563,9819,1812,9519,0,0,1990,13629,385,2857,1990,16486,California
Tulare,2021-01-21,1507,20845,150,9969,1357,10876,0,0,1481,15089,21,2878,1481,17967,California
Tulare,2021-01-22,1053,21898,186,10155,867,11743,0,0,1029,16095,23,2901,1029,18996,California
Tulare,2021-01-23,437,22335,156,10311,281,12024,0,0,416,16490,21,2922,416,19412,California
Tulare,2021-01-24,30,22365,27,10338,3,12027,0,0,28,16516,2,2924,28,19440,California
Tulare,2021-01-25,1324,23689,979,11317,345,12372,0,0,1295,17782,29,2953,1295,20735,California
Tulare,2021-01-26,1496,25185,1098,12415,398,12770,0,0,1173,18633,322,3275,1173,21908,California
Tulare,2021-01-27,1456,26641,1070,13485,386,13156,0,0,878,18933,578,3853,878,22786,California
Tulare,2021-01-28,1197,27838,768,14253,429,13585,0,0,801,19338,396,4249,801,23587,California
Tulare,2021-01-29,1127,28965,718,14971,409,13994,0,0,817,19845,310,4559,817,24404,California
Tulare,2021-01-30,1672,30637,1579,16550,93,14087,0,0,1648,21470,24,4583,1649,26053,California
Tulare,2021-01-31,51,30688,47,16597,4,14091,0,0,48,21515,3,4586,48,26101,California
Tulare,2021-02-01,1165,31853,901,17498,264,14355,0,0,816,21983,348,4934,816,26917,California
Tulare,2021-02-02,674,32527,327,17825,347,14702,0,0,443,22198,229,5163,444,27361,California
Tulare,2021-02-03,609,33136,284,18109,325,15027,0,0,335,22261,272,5435,335,27696,California
Tulare,2021-02-04,551,33687,165,18274,386,15413,0,0,266,22243,285,5720,267,27963,California
Tulare,2021-02-05,1227,34914,230,18504,997,16410,0,0,415,21848,810,6530,415,28378,California
Tulare,2021-02-06,834,35748,155,18659,679,17089,0,0,269,21555,563,7093,270,28648,California
Tulare,2021-02-07,78,35826,65,18724,13,17102,0,0,24,21525,54,7147,24,28672,California
Tulare,2021-02-08,947,36773,334,19058,613,17715,0,0,307,21195,637,7784,307,28979,California
Tulare,2021-02-09,1403,38176,325,19383,1078,18793,0,0,359,20515,1039,8823,359,29338,California
Tulare,2021-02-10,2471,40647,1987,21370,484,19277,0,0,2072,22191,396,9219,2072,31410,California
Tulare,2021-02-11,1321,41968,376,21746,945,20222,0,0,937,22744,384,9603,937,32347,California
Tulare,2021-02-12,2779,44747,578,22324,2201,22423,0,0,1218,22408,1554,11157,1218,33565,California
Tulare,2021-02-13,2478,47225,158,22482,2320,24743,0,0,667,21267,1808,12965,667,34232,California
Tulare,2021-02-14,329,47554,36,22518,293,25036,0,0,296,21530,33,12998,296,34528,California
Tulare,2021-02-15,913,48467,291,22809,622,25658,0,0,656,21930,256,13254,656,35184,California
Tulare,2021-02-16,2831,51298,1597,24406,1234,26892,0,0,1082,21263,1749,15003,1082,36266,California
Tulare,2021-02-17,2696,53994,509,24915,2187,29079,0,0,462,19496,2229,17232,462,36728,California
Tulare,2021-02-18,2302,56296,457,25372,1845,30924,0,0,640,18482,1654,18886,640,37368,California
Tulare,2021-02-19,2295,58591,855,26227,1440,32364,0,0,946,18081,1347,20233,946,38314,California
Tulare,2021-02-20,2988,61579,1891,28118,1097,33461,0,0,1267,17632,1716,21949,1267,39581,California
Tulare,2021-02-21,87,61666,83,28201,4,33465,0,0,52,17649,35,21984,52,39633,California
Tulare,2021-02-22,1106,62772,702,28903,404,33869,0,0,223,16990,882,22866,223,39856,California
Tulare,2021-02-23,1942,64714,939,29842,1003,34872,0,0,1458,17965,483,23349,1458,41314,California
Tulare,2021-02-24,2471,67185,1545,31387,926,35798,0,0,2091,19678,379,23728,2092,43406,California
Tulare,2021-02-25,3485,70670,1948,33335,1537,37335,0,0,3070,22337,411,24139,3070,46476,California
Tulare,2021-02-26,3835,74505,1877,35212,1958,39293,0,0,3377,25258,456,24595,3377,49853,California
Tulare,2021-02-27,2891,77396,1385,36597,1506,40799,0,0,2761,27900,119,24714,2761,52614,California
Tulare,2021-02-28,1307,78703,1035,37632,272,41071,0,0,1287,29170,17,24731,1287,53901,California
Tulare,2021-03-01,1733,80436,771,38403,962,42033,0,0,1553,30545,178,24909,1553,55454,California
Tulare,2021-03-02,2666,83102,1186,39589,1480,43513,0,0,2503,32889,160,25069,2504,57958,California
Tulare,2021-03-03,3768,86870,2476,42065,1292,44805,0,0,1825,32774,1942,27011,1827,59785,California
Tulare,2021-03-04,2854,89724,1289,43354,1565,46370,0,0,2543,35009,308,27319,2543,62328,California
Tulare,2021-03-05,3259,92983,1675,45029,1571,47941,13,13,2758,37285,497,27816,2773,65101,California
Tulare,2021-03-06,3043,96026,1421,46450,1563,49504,59,72,2795,39892,245,28061,2852,67953,California
Tulare,2021-03-07,1079,97105,676,47126,383,49887,20,92,1040,40913,39,28100,1060,69013,California
Tulare,2021-03-08,1664,98769,981,48107,515,50402,168,260,1353,42124,309,28409,1520,70533,California
Tulare,2021-03-09,2563,101332,1579,49686,838,51240,146,406,2199,44105,363,28772,2344,72877,California
Tulare,2021-03-10,2776,104108,1379,51065,1222,52462,175,581,2398,46307,369,29141,2571,75448,California
Tulare,2021-03-11,4092,108200,1939,53004,1853,54315,300,881,3157,48834,930,30071,3457,78905,California
Tulare,2021-03-12,4250,112450,2326,55330,1580,55895,344,1225,3006,50953,1233,31304,3352,82257,California
Tulare,2021-03-13,3961,116411,1828,57158,2027,57922,106,1331,3062,53226,894,32198,3167,85424,California
Tulare,2021-03-14,1796,118207,972,58130,605,58527,219,1550,1272,54193,523,32721,1490,86914,California
Tulare,2021-03-15,2680,120887,1568,59698,997,59524,115,1665,1911,55452,768,33489,2027,88941,California
Tulare,2021-03-16,3393,124280,2102,61800,1214,60738,77,1742,1852,55846,1538,35027,1932,90873,California
Tulare,2021-03-17,3903,128183,2549,64349,1277,62015,77,1819,2175,56383,1722,36749,2259,93132,California
Tulare,2021-03-18,4439,132622,3254,67603,1114,63129,71,1890,2340,56703,2093,38842,2413,95545,California
Tulare,2021-03-19,4929,137551,3202,70805,1531,64660,196,2086,2639,57264,2277,41119,2838,98383,California
Tulare,2021-03-20,4264,141815,2611,73416,1282,65942,371,2457,1983,57346,2275,43394,2357,100740,California
Tulare,2021-03-21,1858,143673,1588,75004,244,66186,26,2483,954,57425,901,44295,980,101720,California
Tulare,2021-03-22,2455,146128,1681,76685,663,66849,111,2594,1638,58366,810,45105,1751,103471,California
Tulare,2021-03-23,3635,149763,2057,78742,1528,68377,50,2644,2016,58829,1609,46714,2072,105543,California
Tulare,2021-03-24,3087,152850,1897,80639,1148,69525,42,2686,1819,59428,1262,47976,1861,107404,California
Tulare,2021-03-25,3359,156209,1729,82368,1468,70993,162,2848,1648,59535,1705,49681,1812,109216,California
Tulare,2021-03-26,5071,161280,2999,85367,1962,72955,110,2958,2471,59534,2582,52263,2581,111797,California
Tulare,2021-03-27,3399,164679,1727,87094,1576,74531,96,3054,932,58101,2460,54723,1027,112824,California
Tulare,2021-03-28,1415,166094,1022,88116,362,74893,31,3085,659,58042,755,55478,696,113520,California
Tulare,2021-03-29,2837,168931,1619,89735,1106,75999,112,3197,1210,57743,1623,57101,1324,114844,California
Tulare,2021-03-30,4503,173434,2575,92310,1698,77697,230,3427,1908,57288,2589,59690,2134,116978,California
Tulare,2021-03-31,3665,177099,2130,94440,1425,79122,110,3537,1504,56751,2153,61843,1616,118594,California
Tulare,2021-04-01,4283,181382,2317,96757,1903,81025,63,3600,1502,55541,2776,64619,1566,120160,California
Tulare,2021-04-02,5098,186480,2916,99673,2064,83089,118,3718,1657,53892,3425,68044,1776,121936,California
Tulare,2021-04-03,3415,189895,1992,101665,1112,84201,311,4029,853,52533,2523,70567,1164,123100,California
Tulare,2021-04-04,1576,191471,1115,102780,454,84655,7,4036,381,51728,1193,71760,388,123488,California
Tulare,2021-04-05,3261,194732,2295,105075,710,85365,256,4292,865,50464,2385,74145,1121,124609,California
Tulare,2021-04-06,3160,197892,1461,106536,1222,86587,477,4769,923,49636,2232,76377,1404,126013,California
Tulare,2021-04-07,3478,201370,1791,108327,1290,87877,397,5166,1149,48856,2324,78701,1544,127557,California
Tulare,2021-04-08,4326,205696,2533,110860,1424,89301,369,5535,1498,47900,2822,81523,1866,129423,California
Tulare,2021-04-09,2532,208228,1498,112358,717,90018,317,5852,907,47505,1620,83143,1225,130648,California
Tulare,2021-04-10,1415,209643,578,112936,813,90831,24,5876,253,46620,1161,84304,276,130924,California
Tuolumne,2020-12-16,46,46,46,46,0,0,0,0,46,46,0,0,46,46,California
Tuolumne,2020-12-17,22,68,22,68,0,0,0,0,22,68,0,0,22,68,California
Tuolumne,2020-12-18,174,242,173,241,1,1,0,0,174,242,0,0,174,242,California
Tuolumne,2020-12-19,7,249,7,248,0,1,0,0,7,249,0,0,7,249,California
Tuolumne,2020-12-20,1,250,1,249,0,1,0,0,1,250,0,0,1,250,California
Tuolumne,2020-12-21,116,366,102,351,14,15,0,0,116,366,0,0,116,366,California
Tuolumne,2020-12-22,169,535,169,520,0,15,0,0,169,535,0,0,169,535,California
Tuolumne,2020-12-23,193,728,191,711,2,17,0,0,193,728,0,0,193,728,California
Tuolumne,2020-12-26,3,731,3,714,0,17,0,0,3,731,0,0,3,731,California
Tuolumne,2020-12-28,78,809,77,791,1,18,0,0,78,809,0,0,78,809,California
Tuolumne,2020-12-29,111,920,40,831,71,89,0,0,111,920,0,0,111,920,California
Tuolumne,2020-12-30,82,1002,22,853,60,149,0,0,82,1002,0,0,82,1002,California
Tuolumne,2020-12-31,27,1029,20,873,7,156,0,0,27,1029,0,0,27,1029,California
Tuolumne,2021-01-01,6,1035,5,878,1,157,0,0,6,1035,0,0,6,1035,California
Tuolumne,2021-01-02,118,1153,115,993,3,160,0,0,118,1153,0,0,118,1153,California
Tuolumne,2021-01-03,3,1156,2,995,1,161,0,0,3,1156,0,0,3,1156,California
Tuolumne,2021-01-04,70,1226,27,1022,43,204,0,0,70,1226,0,0,70,1226,California
Tuolumne,2021-01-05,95,1321,26,1048,69,273,0,0,93,1317,2,2,93,1319,California
Tuolumne,2021-01-06,112,1433,52,1100,60,333,0,0,68,1341,44,46,68,1387,California
Tuolumne,2021-01-07,119,1552,61,1161,58,391,0,0,65,1352,54,100,65,1452,California
Tuolumne,2021-01-08,178,1730,153,1314,25,416,0,0,27,1231,150,250,29,1481,California
Tuolumne,2021-01-09,2,1732,1,1315,1,417,0,0,1,1232,1,251,2,1483,California
Tuolumne,2021-01-10,3,1735,1,1316,2,419,0,0,3,1235,0,251,3,1486,California
Tuolumne,2021-01-11,116,1851,90,1406,26,445,0,0,33,1185,83,334,33,1519,California
Tuolumne,2021-01-12,103,1954,87,1493,16,461,0,0,17,1117,86,420,18,1537,California
Tuolumne,2021-01-13,239,2193,129,1622,110,571,0,0,185,1249,54,474,186,1723,California
Tuolumne,2021-01-14,128,2321,91,1713,37,608,0,0,41,1204,86,560,41,1764,California
Tuolumne,2021-01-15,475,2796,72,1785,403,1011,0,0,412,1555,62,622,413,2177,California
Tuolumne,2021-01-16,7,2803,3,1788,4,1015,0,0,6,1560,1,623,6,2183,California
Tuolumne,2021-01-17,5,2808,2,1790,3,1018,0,0,5,1565,0,623,5,2188,California
Tuolumne,2021-01-18,46,2854,38,1828,8,1026,0,0,8,1536,37,660,8,2196,California
Tuolumne,2021-01-19,474,3328,72,1900,402,1428,0,0,430,1922,44,704,430,2626,California
Tuolumne,2021-01-20,77,3405,60,1960,17,1445,0,0,24,1893,53,757,24,2650,California
Tuolumne,2021-01-21,56,3461,22,1982,34,1479,0,0,41,1919,15,772,41,2691,California
Tuolumne,2021-01-22,181,3642,13,1995,168,1647,0,0,175,2088,6,778,175,2866,California
Tuolumne,2021-01-23,664,4306,146,2141,518,2165,0,0,551,2536,113,891,561,3427,California
Tuolumne,2021-01-24,523,4829,1,2142,522,2687,0,0,519,3053,3,894,520,3947,California
Tuolumne,2021-01-25,48,4877,27,2169,21,2708,0,0,22,3050,26,920,23,3970,California
Tuolumne,2021-01-26,80,4957,68,2237,12,2720,0,0,40,3051,40,960,41,4011,California
Tuolumne,2021-01-27,61,5018,4,2241,57,2777,0,0,7,3005,53,1013,7,4018,California
Tuolumne,2021-01-28,27,5045,7,2248,20,2797,0,0,18,3014,9,1022,18,4036,California
Tuolumne,2021-01-29,70,5115,6,2254,64,2861,0,0,32,3008,38,1060,32,4068,California
Tuolumne,2021-01-30,708,5823,552,2806,156,3017,0,0,689,3691,19,1079,702,4770,California
Tuolumne,2021-01-31,8,5831,2,2808,6,3023,0,0,5,3693,3,1082,5,4775,California
Tuolumne,2021-02-01,24,5855,6,2814,18,3041,0,0,21,3711,3,1085,21,4796,California
Tuolumne,2021-02-02,648,6503,36,2850,612,3653,0,0,638,4340,9,1094,638,5434,California
Tuolumne,2021-02-03,239,6742,108,2958,131,3784,0,0,85,4271,154,1248,85,5519,California
Tuolumne,2021-02-04,126,6868,14,2972,112,3896,0,0,65,4273,63,1311,65,5584,California
Tuolumne,2021-02-05,99,6967,12,2984,87,3983,0,0,35,4245,63,1374,35,5619,California
Tuolumne,2021-02-06,854,7821,582,3566,272,4255,0,0,851,5093,3,1377,851,6470,California
Tuolumne,2021-02-07,7,7828,4,3570,3,4258,0,0,3,5092,4,1381,3,6473,California
Tuolumne,2021-02-08,90,7918,39,3609,51,4309,0,0,67,5136,23,1404,67,6540,California
Tuolumne,2021-02-09,866,8784,48,3657,818,5127,0,0,829,5928,37,1441,829,7369,California
Tuolumne,2021-02-10,88,8872,14,3671,74,5201,0,0,26,5894,60,1501,26,7395,California
Tuolumne,2021-02-11,138,9010,65,3736,73,5274,0,0,75,5906,63,1564,75,7470,California
Tuolumne,2021-02-12,640,9650,13,3749,627,5901,0,0,201,5670,438,2002,202,7672,California
Tuolumne,2021-02-13,146,9796,41,3790,105,6006,0,0,115,5760,25,2027,115,7787,California
Tuolumne,2021-02-14,148,9944,12,3802,136,6142,0,0,147,5906,1,2028,147,7934,California
Tuolumne,2021-02-15,184,10128,10,3812,174,6316,0,0,175,6072,9,2037,175,8109,California
Tuolumne,2021-02-16,525,10653,17,3829,508,6824,0,0,122,5795,401,2438,124,8233,California
Tuolumne,2021-02-17,109,10762,63,3892,46,6870,0,0,63,5813,45,2483,63,8296,California
Tuolumne,2021-02-18,680,11442,22,3914,658,7528,0,0,632,6397,48,2531,632,8928,California
Tuolumne,2021-02-19,131,11573,20,3934,111,7639,0,0,42,6350,89,2620,42,8970,California
Tuolumne,2021-02-20,903,12476,341,4275,562,8201,0,0,385,6230,506,3126,386,9356,California
Tuolumne,2021-02-21,974,13450,32,4307,942,9143,0,0,472,6203,499,3625,472,9828,California
Tuolumne,2021-02-22,79,13529,57,4364,22,9165,0,0,48,6221,30,3655,48,9876,California
Tuolumne,2021-02-23,46,13575,23,4387,23,9188,0,0,25,6226,20,3675,25,9901,California
Tuolumne,2021-02-24,89,13664,58,4445,31,9219,0,0,42,6222,46,3721,42,9943,California
Tuolumne,2021-02-25,1054,14718,31,4476,1023,10242,0,0,1023,7214,31,3752,1023,10966,California
Tuolumne,2021-02-26,140,14858,9,4485,131,10373,0,0,120,7314,20,3772,120,11086,California
Tuolumne,2021-02-27,948,15806,574,5059,374,10747,0,0,247,6873,688,4460,247,11333,California
Tuolumne,2021-02-28,55,15861,4,5063,51,10798,0,0,52,6923,2,4462,52,11385,California
Tuolumne,2021-03-01,106,15967,19,5082,87,10885,0,0,72,6963,33,4495,73,11458,California
Tuolumne,2021-03-02,708,16675,73,5155,635,11520,0,0,107,6469,601,5096,107,11565,California
Tuolumne,2021-03-03,87,16762,19,5174,68,11588,0,0,64,6510,23,5119,64,11629,California
Tuolumne,2021-03-04,1167,17929,68,5242,1099,12687,0,0,1104,7551,63,5182,1104,12733,California
Tuolumne,2021-03-05,81,18010,9,5251,72,12759,0,0,47,7566,33,5215,48,12781,California
Tuolumne,2021-03-06,1052,19062,604,5855,446,13205,2,2,204,6925,847,6062,206,12987,California
Tuolumne,2021-03-07,39,19101,12,5867,13,13218,14,16,17,6934,22,6084,31,13018,California
Tuolumne,2021-03-08,211,19312,88,5955,116,13334,7,23,156,7041,56,6140,163,13181,California
Tuolumne,2021-03-09,861,20173,11,5966,839,14173,11,34,76,6344,784,6924,87,13268,California
Tuolumne,2021-03-10,85,20258,13,5979,61,14234,11,45,61,6392,24,6948,72,13340,California
Tuolumne,2021-03-11,1264,21522,31,6010,1229,15463,4,49,1241,7616,23,6971,1247,14587,California
Tuolumne,2021-03-12,294,21816,29,6039,250,15713,15,64,190,7722,102,7073,208,14795,California
Tuolumne,2021-03-13,96,21912,11,6050,85,15798,0,64,80,7787,16,7089,81,14876,California
Tuolumne,2021-03-14,140,22052,8,6058,123,15921,9,73,8,7677,132,7221,22,14898,California
Tuolumne,2021-03-15,306,22358,79,6137,225,16146,2,75,113,7606,193,7414,122,15020,California
Tuolumne,2021-03-16,810,23168,40,6177,759,16905,11,86,675,8157,136,7550,687,15707,California
Tuolumne,2021-03-17,157,23325,30,6207,112,17017,15,101,82,8179,74,7624,96,15803,California
Tuolumne,2021-03-18,961,24286,23,6230,922,17939,16,117,328,7891,633,8257,345,16148,California
Tuolumne,2021-03-19,140,24426,13,6243,94,18033,33,150,78,7941,60,8317,110,16258,California
Tuolumne,2021-03-20,87,24513,6,6249,72,18105,9,159,36,7935,50,8367,44,16302,California
Tuolumne,2021-03-21,834,25347,389,6638,436,18541,9,168,42,7196,790,9157,51,16353,California
Tuolumne,2021-03-22,172,25519,71,6709,82,18623,19,187,106,7255,66,9223,125,16478,California
Tuolumne,2021-03-23,722,26241,636,7345,72,18695,14,201,685,7916,37,9260,698,17176,California
Tuolumne,2021-03-24,117,26358,17,7362,82,18777,18,219,86,7990,30,9290,104,17280,California
Tuolumne,2021-03-25,1291,27649,17,7379,1271,20048,3,222,321,7345,969,10259,324,17604,California
Tuolumne,2021-03-26,285,27934,11,7390,251,20299,23,245,131,7364,135,10394,154,17758,California
Tuolumne,2021-03-27,578,28512,52,7442,526,20825,0,245,317,7421,261,10655,318,18076,California
Tuolumne,2021-03-28,50,28562,7,7449,43,20868,0,245,10,7395,38,10693,12,18088,California
Tuolumne,2021-03-29,219,28781,70,7519,149,21017,0,245,120,7434,81,10774,120,18208,California
Tuolumne,2021-03-30,168,28949,12,7531,155,21172,1,246,125,7518,42,10816,126,18334,California
Tuolumne,2021-03-31,96,29045,13,7544,81,21253,2,248,40,7507,55,10871,44,18378,California
Tuolumne,2021-04-01,1248,30293,22,7566,1226,22479,0,248,233,6727,1014,11885,234,18612,California
Tuolumne,2021-04-02,174,30467,10,7576,139,22618,25,273,104,6786,70,11955,129,18741,California
Tuolumne,2021-04-03,414,30881,32,7608,382,23000,0,273,231,6836,183,12138,233,18974,California
Tuolumne,2021-04-04,31,30912,0,7608,31,23031,0,273,21,6848,9,12147,21,18995,California
Tuolumne,2021-04-05,144,31056,18,7626,120,23151,6,279,62,6834,82,12229,68,19063,California
Tuolumne,2021-04-06,638,31694,488,8114,125,23276,25,304,504,7230,134,12363,530,19593,California
Tuolumne,2021-04-07,129,31823,35,8149,77,23353,17,321,47,7212,82,12445,64,19657,California
Tuolumne,2021-04-08,991,32814,21,8170,956,24309,14,335,164,6565,825,13270,178,19835,California
Tuolumne,2021-04-09,236,33050,28,8198,171,24480,37,372,119,6607,115,13385,157,19992,California
Tuolumne,2021-04-10,24,33074,2,8200,16,24496,6,378,13,6616,10,13395,19,20011,California
Ventura,2020-12-15,5,5,5,5,0,0,0,0,5,5,0,0,5,5,California
Ventura,2020-12-16,72,77,72,77,0,0,0,0,72,77,0,0,72,77,California
Ventura,2020-12-17,249,326,249,326,0,0,0,0,249,326,0,0,249,326,California
Ventura,2020-12-18,1409,1735,1409,1735,0,0,0,0,1409,1735,0,0,1409,1735,California
Ventura,2020-12-19,911,2646,911,2646,0,0,0,0,911,2646,0,0,911,2646,California
Ventura,2020-12-20,430,3076,430,3076,0,0,0,0,430,3076,0,0,430,3076,California
Ventura,2020-12-21,1469,4545,1469,4545,0,0,0,0,1469,4545,0,0,1469,4545,California
Ventura,2020-12-22,1105,5650,1100,5645,5,5,0,0,1105,5650,0,0,1105,5650,California
Ventura,2020-12-23,1026,6676,979,6624,47,52,0,0,1026,6676,0,0,1026,6676,California
Ventura,2020-12-24,477,7153,379,7003,98,150,0,0,477,7153,0,0,477,7153,California
Ventura,2020-12-25,11,7164,7,7010,4,154,0,0,11,7164,0,0,11,7164,California
Ventura,2020-12-26,110,7274,89,7099,21,175,0,0,110,7274,0,0,110,7274,California
Ventura,2020-12-27,58,7332,27,7126,31,206,0,0,58,7332,0,0,58,7332,California
Ventura,2020-12-28,1066,8398,928,8054,138,344,0,0,1066,8398,0,0,1066,8398,California
Ventura,2020-12-29,1167,9565,761,8815,406,750,0,0,1167,9565,0,0,1167,9565,California
Ventura,2020-12-30,1984,11549,1517,10332,467,1217,0,0,1984,11549,0,0,1984,11549,California
Ventura,2020-12-31,477,12026,162,10494,315,1532,0,0,477,12026,0,0,477,12026,California
Ventura,2021-01-01,18,12044,4,10498,14,1546,0,0,18,12044,0,0,18,12044,California
Ventura,2021-01-02,170,12214,78,10576,92,1638,0,0,170,12214,0,0,170,12214,California
Ventura,2021-01-03,15,12229,8,10584,7,1645,0,0,15,12229,0,0,15,12229,California
Ventura,2021-01-04,1077,13306,547,11131,530,2175,0,0,1076,13305,0,0,1076,13305,California
Ventura,2021-01-05,1372,14678,777,11908,595,2770,0,0,1332,14597,40,40,1332,14637,California
Ventura,2021-01-06,2054,16732,1178,13086,876,3646,0,0,1623,15800,422,462,1625,16262,California
Ventura,2021-01-07,2070,18802,1329,14415,741,4387,0,0,1185,16102,883,1345,1185,17447,California
Ventura,2021-01-08,2198,21000,1475,15890,723,5110,0,0,906,15719,1290,2635,907,18354,California
Ventura,2021-01-09,722,21722,501,16391,221,5331,0,0,319,15635,403,3038,319,18673,California
Ventura,2021-01-10,336,22058,324,16715,12,5343,0,0,122,15543,214,3252,122,18795,California
Ventura,2021-01-11,2447,24505,1490,18205,957,6300,0,0,1494,16086,953,4205,1496,20291,California
Ventura,2021-01-12,3032,27537,1602,19807,1430,7730,0,0,2010,17074,1022,5227,2010,22301,California
Ventura,2021-01-13,2926,30463,1421,21228,1505,9235,0,0,2043,18237,881,6108,2044,24345,California
Ventura,2021-01-14,2725,33188,1057,22285,1668,10903,0,0,2280,20074,444,6552,2281,26626,California
Ventura,2021-01-15,2870,36058,963,23248,1907,12810,0,0,2658,22521,212,6764,2659,29285,California
Ventura,2021-01-16,484,36542,186,23434,298,13108,0,0,403,22843,81,6845,403,29688,California
Ventura,2021-01-17,260,36802,137,23571,123,13231,0,0,254,23091,6,6851,254,29942,California
Ventura,2021-01-18,2217,39019,1671,25242,546,13777,0,0,1667,24210,549,7400,1668,31610,California
Ventura,2021-01-19,3030,42049,2114,27356,916,14693,0,0,2138,25458,892,8292,2140,33750,California
Ventura,2021-01-20,4053,46102,3103,30459,950,15643,0,0,3018,27445,1032,9324,3019,36769,California
Ventura,2021-01-21,3827,49929,2664,33123,1163,16806,0,0,3159,29940,665,9989,3160,39929,California
Ventura,2021-01-22,3600,53529,2481,35604,1119,17925,0,0,3439,33218,161,10150,3439,43368,California
Ventura,2021-01-23,1183,54712,649,36253,534,18459,0,0,1082,34202,100,10250,1084,44452,California
Ventura,2021-01-24,449,55161,134,36387,315,18774,0,0,436,34625,13,10263,436,44888,California
Ventura,2021-01-25,3144,58305,2025,38412,1119,19893,0,0,2595,36672,548,10811,2595,47483,California
Ventura,2021-01-26,3687,61992,2186,40598,1501,21394,0,0,2693,38376,993,11804,2697,50180,California
Ventura,2021-01-27,3439,65431,1546,42144,1893,23287,0,0,2701,40342,735,12539,2701,52881,California
Ventura,2021-01-28,3850,69281,1978,44122,1872,25159,0,0,3237,42984,596,13135,3238,56119,California
Ventura,2021-01-29,4233,73514,2505,46627,1728,26887,0,0,3740,46243,481,13616,3740,59859,California
Ventura,2021-01-30,3028,76542,1958,48585,1070,27957,0,0,2859,48937,166,13782,2860,62719,California
Ventura,2021-01-31,834,77376,448,49033,386,28343,0,0,750,49603,84,13866,750,63469,California
Ventura,2021-02-01,3918,81294,2100,51133,1818,30161,0,0,3155,51998,761,14627,3156,66625,California
Ventura,2021-02-02,4400,85694,2370,53503,2030,32191,0,0,3380,54363,1016,15643,3381,70006,California
Ventura,2021-02-03,4452,90146,2089,55592,2363,34554,0,0,3444,56805,1003,16646,3445,73451,California
Ventura,2021-02-04,4754,94900,2275,57867,2479,37033,0,0,3507,59074,1240,17886,3509,76960,California
Ventura,2021-02-05,4828,99728,2311,60178,2517,39550,0,0,3336,60933,1479,19365,3338,80298,California
Ventura,2021-02-06,2830,102558,1513,61691,1317,40867,0,0,2430,62963,400,19765,2430,82728,California
Ventura,2021-02-07,708,103266,241,61932,467,41334,0,0,583,63422,125,19890,584,83312,California
Ventura,2021-02-08,3498,106764,1623,63555,1875,43209,0,0,2430,64789,1063,20953,2430,85742,California
Ventura,2021-02-09,4711,111475,1968,65523,2743,45952,0,0,2466,65013,2244,23197,2468,88210,California
Ventura,2021-02-10,4700,116175,2230,67753,2470,48422,0,0,2397,65118,2293,25490,2398,90608,California
Ventura,2021-02-11,4648,120823,1855,69608,2793,51215,0,0,2441,65363,2200,27690,2445,93053,California
Ventura,2021-02-12,6284,127107,2647,72255,3637,54852,0,0,3212,65505,3070,30760,3212,96265,California
Ventura,2021-02-13,3290,130397,1826,74081,1464,56316,0,0,1840,65901,1446,32206,1842,98107,California
Ventura,2021-02-14,1225,131622,123,74204,1102,57418,0,0,1010,66697,215,32421,1011,99118,California
Ventura,2021-02-15,3984,135606,1794,75998,2190,59608,0,0,2115,66946,1866,34287,2115,101233,California
Ventura,2021-02-16,5528,141134,2701,78699,2827,62435,0,0,3017,67458,2505,36792,3017,104250,California
Ventura,2021-02-17,5225,146359,1917,80616,3308,65743,0,0,3266,68773,1951,38743,3266,107516,California
Ventura,2021-02-18,5764,152123,1826,82442,3938,69681,0,0,3628,70275,2126,40869,3628,111144,California
Ventura,2021-02-19,6434,158557,3763,86205,2671,72352,0,0,3003,69855,3424,44293,3004,114148,California
Ventura,2021-02-20,4912,163469,3156,89361,1756,74108,0,0,2761,70471,2147,46440,2763,116911,California
Ventura,2021-02-21,1037,164506,751,90112,286,74394,0,0,426,70290,607,47047,426,117337,California
Ventura,2021-02-22,5361,169867,2407,92519,2954,77348,0,0,3451,71840,1901,48948,3451,120788,California
Ventura,2021-02-23,5925,175792,2967,95486,2958,80306,0,0,3424,72781,2485,51433,3426,124214,California
Ventura,2021-02-24,6978,182770,2603,98089,4375,84681,0,0,4239,74296,2725,54158,4240,128454,California
Ventura,2021-02-25,7468,190238,2566,100655,4902,89583,0,0,4574,75989,2882,57040,4575,133029,California
Ventura,2021-02-26,9326,199564,2762,103417,6564,96147,0,0,6166,79020,3138,60178,6169,139198,California
Ventura,2021-02-27,9977,209541,5265,108682,4712,100859,0,0,7367,83798,2595,62773,7373,146571,California
Ventura,2021-02-28,2559,212100,1634,110316,924,101783,1,1,2098,85439,457,63230,2098,148669,California
Ventura,2021-03-01,6917,219017,2799,113115,4118,105901,0,1,4611,87765,2299,65529,4625,153294,California
Ventura,2021-03-02,7359,226376,3924,117039,3434,109335,1,2,5142,90698,2209,67738,5142,158436,California
Ventura,2021-03-03,8452,234828,3881,120920,4571,113906,0,2,6027,94315,2413,70151,6030,164466,California
Ventura,2021-03-04,8031,242859,3867,124787,4164,118070,0,2,5423,97142,2597,72748,5424,169890,California
Ventura,2021-03-05,9958,252817,4794,129581,5154,123224,10,12,7087,101388,2858,75606,7104,176994,California
Ventura,2021-03-06,7210,260027,4393,133974,2663,125887,154,166,5312,104959,1896,77502,5467,182461,California
Ventura,2021-03-07,1650,261677,604,134578,945,126832,101,267,1234,105878,416,77918,1335,183796,California
Ventura,2021-03-08,6723,268400,3414,137992,3157,129989,152,419,4627,108567,2093,80011,4782,188578,California
Ventura,2021-03-09,6500,274900,2809,140801,3495,133484,196,615,3648,109572,2841,82852,3846,192424,California
Ventura,2021-03-10,6747,281647,2963,143764,3546,137030,238,853,4463,111997,2276,85128,4701,197125,California
Ventura,2021-03-11,6235,287882,2874,146638,3153,140183,208,1061,3405,112789,2821,87949,3613,200738,California
Ventura,2021-03-12,8411,296293,3015,149653,4562,144745,834,1895,4061,113352,4334,92283,4897,205635,California
Ventura,2021-03-13,6576,302869,2470,152123,3269,148014,837,2732,3716,115049,2855,95138,4552,210187,California
Ventura,2021-03-14,2111,304980,467,152590,1150,149164,494,3226,720,114875,1390,96528,1216,211403,California
Ventura,2021-03-15,6894,311874,2040,154630,3507,152671,1347,4573,2963,115273,3912,100440,4310,215713,California
Ventura,2021-03-16,7830,319704,2437,157067,4283,156954,1110,5683,3931,116429,3883,104323,5039,220752,California
Ventura,2021-03-17,7319,327023,2736,159803,4238,161192,345,6028,4379,118228,2925,107248,4724,225476,California
Ventura,2021-03-18,7151,334174,3253,163056,3746,164938,152,6180,4654,120546,2486,109734,4804,230280,California
Ventura,2021-03-19,8256,342430,3744,166800,4402,169340,110,6290,4918,122250,3322,113056,5026,235306,California
Ventura,2021-03-20,8097,350527,5224,172024,2853,172193,20,6310,3870,121934,4207,117263,3891,239197,California
Ventura,2021-03-21,2755,353282,1503,173527,883,173076,369,6679,1307,122168,1442,118705,1676,240873,California
Ventura,2021-03-22,7260,360542,3657,177184,3501,176577,102,6781,4793,124609,2454,121159,4895,245768,California
Ventura,2021-03-23,8059,368601,3858,181042,4156,180733,45,6826,4620,125853,3420,124579,4664,250432,California
Ventura,2021-03-24,8768,377369,3386,184428,5308,186041,74,6900,4365,125918,4375,128954,4440,254872,California
Ventura,2021-03-25,8675,386044,3885,188313,4725,190766,65,6965,4399,126122,4260,133214,4464,259336,California
Ventura,2021-03-26,9617,395661,3312,191625,5654,196420,651,7616,3741,124658,5855,139069,4391,263727,California
Ventura,2021-03-27,8074,403735,3893,195518,4142,200562,39,7655,2379,121399,5679,144748,2420,266147,California
Ventura,2021-03-28,2488,406223,1384,196902,1095,201657,9,7664,1361,121643,1126,145874,1370,267517,California
Ventura,2021-03-29,8403,414626,4252,201154,4106,205763,45,7709,4200,121710,4178,150052,4245,271762,California
Ventura,2021-03-30,8849,423475,4379,205533,4347,210110,123,7832,4567,122127,4272,154324,4689,276451,California
Ventura,2021-03-31,10525,434000,4774,210307,5142,215252,609,8441,4586,121401,5921,160245,5195,281646,California
Ventura,2021-04-01,10527,444527,5158,215465,4517,219769,852,9293,5359,122455,5153,165398,6207,287853,California
Ventura,2021-04-02,11173,455700,4557,220022,5431,225200,1185,10478,5275,123046,5874,171272,6465,294318,California
Ventura,2021-04-03,7933,463633,3909,223931,2927,228127,1097,11575,3344,122908,4579,175851,4441,298759,California
Ventura,2021-04-04,1693,465326,947,224878,619,228746,127,11702,1145,123635,545,176396,1272,300031,California
Ventura,2021-04-05,9030,474356,4803,229681,3274,232020,953,12655,4617,124797,4406,180802,5568,305599,California
Ventura,2021-04-06,10678,485034,5503,235184,3796,235816,1379,14034,5523,126561,5138,185940,6902,312501,California
Ventura,2021-04-07,11024,496058,5329,240513,4313,240129,1382,15416,5035,127000,5973,191913,6412,318913,California
Ventura,2021-04-08,9844,505902,5280,245793,3766,243895,798,16214,4975,127911,4857,196770,5768,324681,California
Ventura,2021-04-09,7242,513144,2388,248181,4163,248058,691,16905,2813,126996,4417,201187,3502,328183,California
Ventura,2021-04-10,3254,516398,764,248945,1809,249867,681,17586,386,125198,2863,204050,1065,329248,California
Yolo,2020-12-15,39,39,39,39,0,0,0,0,39,39,0,0,39,39,California
Yolo,2020-12-16,78,117,78,117,0,0,0,0,78,117,0,0,78,117,California
Yolo,2020-12-17,101,218,101,218,0,0,0,0,101,218,0,0,101,218,California
Yolo,2020-12-18,209,427,209,427,0,0,0,0,209,427,0,0,209,427,California
Yolo,2020-12-19,86,513,86,513,0,0,0,0,86,513,0,0,86,513,California
Yolo,2020-12-20,100,613,100,613,0,0,0,0,100,613,0,0,100,613,California
Yolo,2020-12-21,253,866,253,866,0,0,0,0,253,866,0,0,253,866,California
Yolo,2020-12-22,382,1248,381,1247,1,1,0,0,382,1248,0,0,382,1248,California
Yolo,2020-12-23,431,1679,412,1659,19,20,0,0,431,1679,0,0,431,1679,California
Yolo,2020-12-24,151,1830,94,1753,57,77,0,0,151,1830,0,0,151,1830,California
Yolo,2020-12-25,1,1831,1,1754,0,77,0,0,1,1831,0,0,1,1831,California
Yolo,2020-12-26,75,1906,25,1779,50,127,0,0,75,1906,0,0,75,1906,California
Yolo,2020-12-27,46,1952,19,1798,27,154,0,0,46,1952,0,0,46,1952,California
Yolo,2020-12-28,346,2298,178,1976,168,322,0,0,346,2298,0,0,346,2298,California
Yolo,2020-12-29,483,2781,268,2244,215,537,0,0,483,2781,0,0,483,2781,California
Yolo,2020-12-30,621,3402,254,2498,367,904,0,0,621,3402,0,0,621,3402,California
Yolo,2020-12-31,183,3585,94,2592,89,993,0,0,183,3585,0,0,183,3585,California
Yolo,2021-01-01,56,3641,55,2647,1,994,0,0,56,3641,0,0,56,3641,California
Yolo,2021-01-02,68,3709,25,2672,43,1037,0,0,68,3709,0,0,68,3709,California
Yolo,2021-01-03,43,3752,19,2691,24,1061,0,0,43,3752,0,0,43,3752,California
Yolo,2021-01-04,193,3945,43,2734,150,1211,0,0,193,3945,0,0,193,3945,California
Yolo,2021-01-05,610,4555,236,2970,374,1585,0,0,549,4433,61,61,549,4494,California
Yolo,2021-01-06,480,5035,183,3153,297,1882,0,0,349,4651,131,192,349,4843,California
Yolo,2021-01-07,710,5745,234,3387,476,2358,0,0,521,4984,188,380,521,5364,California
Yolo,2021-01-08,628,6373,308,3695,320,2678,0,0,413,5183,214,594,413,5777,California
Yolo,2021-01-09,409,6782,67,3762,342,3020,0,0,364,5502,45,639,364,6141,California
Yolo,2021-01-10,392,7174,80,3842,312,3332,0,0,322,5754,70,709,322,6463,California
Yolo,2021-01-11,559,7733,323,4165,236,3568,0,0,291,5777,268,977,291,6754,California
Yolo,2021-01-12,480,8213,362,4527,118,3686,0,0,173,5644,307,1284,174,6928,California
Yolo,2021-01-13,763,8976,309,4836,454,4140,0,0,514,5909,249,1533,514,7442,California
Yolo,2021-01-14,374,9350,181,5017,193,4333,0,0,270,6075,104,1637,270,7712,California
Yolo,2021-01-15,622,9972,321,5338,301,4634,0,0,544,6541,78,1715,544,8256,California
Yolo,2021-01-16,739,10711,95,5433,644,5278,0,0,708,7218,31,1746,708,8964,California
Yolo,2021-01-17,185,10896,117,5550,68,5346,0,0,178,7389,7,1753,178,9142,California
Yolo,2021-01-18,477,11373,303,5853,174,5520,0,0,379,7670,98,1851,379,9521,California
Yolo,2021-01-19,539,11912,370,6223,169,5689,0,0,365,7861,174,2025,365,9886,California
Yolo,2021-01-20,656,12568,379,6602,277,5966,0,0,472,8150,183,2208,472,10358,California
Yolo,2021-01-21,642,13210,380,6982,262,6228,0,0,455,8418,187,2395,455,10813,California
Yolo,2021-01-22,746,13956,250,7232,496,6724,0,0,628,8930,116,2511,628,11441,California
Yolo,2021-01-23,613,14569,124,7356,489,7213,0,0,566,9449,47,2558,566,12007,California
Yolo,2021-01-24,207,14776,124,7480,83,7296,0,0,166,9574,41,2599,166,12173,California
Yolo,2021-01-25,728,15504,152,7632,576,7872,0,0,514,9874,214,2813,514,12687,California
Yolo,2021-01-26,811,16315,326,7958,485,8357,0,0,426,9915,385,3198,426,13113,California
Yolo,2021-01-27,553,16868,222,8180,331,8688,0,0,380,10122,173,3371,380,13493,California
Yolo,2021-01-28,1046,17914,565,8745,481,9169,0,0,923,10923,122,3493,923,14416,California
Yolo,2021-01-29,863,18777,260,9005,603,9772,0,0,782,11625,80,3573,782,15198,California
Yolo,2021-01-30,1515,20292,917,9922,598,10370,0,0,1408,12932,101,3674,1408,16606,California
Yolo,2021-01-31,248,20540,210,10132,38,10408,0,0,213,13111,34,3708,213,16819,California
Yolo,2021-02-01,838,21378,358,10490,480,10888,0,0,610,13496,225,3933,610,17429,California
Yolo,2021-02-02,1318,22696,745,11235,573,11461,0,0,928,14035,390,4323,929,18358,California
Yolo,2021-02-03,1513,24209,395,11630,1118,12579,0,0,1185,14895,325,4648,1185,19543,California
Yolo,2021-02-04,1790,25999,280,11910,1510,14089,0,0,1241,15599,538,5186,1242,20785,California
Yolo,2021-02-05,1590,27589,896,12806,694,14783,0,0,1192,16394,398,5584,1193,21978,California
Yolo,2021-02-06,1915,29504,1245,14051,670,15453,0,0,1554,17588,361,5945,1555,23533,California
Yolo,2021-02-07,516,30020,248,14299,268,15721,0,0,169,17411,346,6291,169,23702,California
Yolo,2021-02-08,954,30974,331,14630,623,16344,0,0,611,17682,340,6631,611,24313,California
Yolo,2021-02-09,852,31826,382,15012,470,16814,0,0,572,17974,280,6911,572,24885,California
Yolo,2021-02-10,1448,33274,472,15484,976,17790,0,0,815,18158,632,7543,816,25701,California
Yolo,2021-02-11,1537,34811,775,16259,762,18552,0,0,1162,18945,375,7918,1162,26863,California
Yolo,2021-02-12,1898,36709,747,17006,1151,19703,0,0,1435,19920,460,8378,1435,28298,California
Yolo,2021-02-13,2051,38760,710,17716,1341,21044,0,0,1387,20643,664,9042,1387,29685,California
Yolo,2021-02-14,569,39329,152,17868,417,21461,0,0,445,20965,123,9165,445,30130,California
Yolo,2021-02-15,524,39853,187,18055,337,21798,0,0,262,20966,262,9427,263,30393,California
Yolo,2021-02-16,1114,40967,426,18481,688,22486,0,0,809,21470,305,9732,809,31202,California
Yolo,2021-02-17,1378,42345,696,19177,682,23168,0,0,987,22066,391,10123,987,32189,California
Yolo,2021-02-18,2436,44781,757,19934,1679,24847,0,0,1675,22980,761,10884,1675,33864,California
Yolo,2021-02-19,1735,46516,743,20677,992,25839,0,0,1121,23489,612,11496,1121,34985,California
Yolo,2021-02-20,2429,48945,939,21616,1490,27329,0,0,1358,23781,1066,12562,1358,36343,California
Yolo,2021-02-21,280,49225,225,21841,55,27384,0,0,73,23648,206,12768,73,36416,California
Yolo,2021-02-22,1362,50587,600,22441,762,28146,0,0,693,23674,668,13436,694,37110,California
Yolo,2021-02-23,1118,51705,838,23279,280,28426,0,0,438,23434,678,14114,438,37548,California
Yolo,2021-02-24,2095,53800,592,23871,1503,29929,0,0,1388,24117,705,14819,1388,38936,California
Yolo,2021-02-25,1339,55139,441,24312,898,30827,0,0,875,24529,463,15282,875,39811,California
Yolo,2021-02-26,2550,57689,977,25289,1573,32400,0,0,1356,24694,1191,16473,1356,41167,California
Yolo,2021-02-27,1644,59333,765,26054,879,33279,0,0,1195,25440,449,16922,1195,42362,California
Yolo,2021-02-28,1776,61109,1491,27545,285,33564,0,0,685,25036,1089,18011,685,43047,California
Yolo,2021-03-01,1076,62185,352,27897,724,34288,0,0,650,25262,424,18435,650,43697,California
Yolo,2021-03-02,1426,63611,679,28576,747,35035,0,0,905,25646,521,18956,905,44602,California
Yolo,2021-03-03,1799,65410,598,29174,1201,36236,0,0,796,25441,1001,19957,796,45398,California
Yolo,2021-03-04,2842,68252,1398,30572,1444,37680,0,0,1536,25673,1304,21261,1536,46934,California
Yolo,2021-03-05,2321,70573,1378,31950,932,38612,11,11,1456,26276,864,22125,1467,48401,California
Yolo,2021-03-06,1459,72032,1120,33070,310,38922,29,40,830,26508,627,22752,859,49260,California
Yolo,2021-03-07,901,72933,670,33740,217,39139,14,54,768,27157,133,22885,782,50042,California
Yolo,2021-03-08,1078,74011,477,34217,559,39698,42,96,747,27616,330,23215,789,50831,California
Yolo,2021-03-09,1239,75250,667,34884,512,40210,60,156,754,27947,483,23698,814,51645,California
Yolo,2021-03-10,1775,77025,1037,35921,448,40658,290,446,741,27940,1033,24731,1026,52671,California
Yolo,2021-03-11,2267,79292,1535,37456,669,41327,63,509,1564,28866,702,25433,1628,54299,California
Yolo,2021-03-12,2877,82169,1340,38796,1460,42787,77,586,1371,28813,1500,26933,1447,55746,California
Yolo,2021-03-13,1832,84001,730,39526,926,43713,176,762,1006,29172,823,27756,1182,56928,California
Yolo,2021-03-14,1005,85006,208,39734,648,44361,149,911,519,29355,485,28241,668,57596,California
Yolo,2021-03-15,1317,86323,772,40506,370,44731,175,1086,702,29619,613,28854,877,58473,California
Yolo,2021-03-16,1864,88187,718,41224,1073,45804,73,1159,1101,30030,763,29617,1174,59647,California
Yolo,2021-03-17,2469,90656,962,42186,1435,47239,72,1231,1723,31082,743,30360,1795,61442,California
Yolo,2021-03-18,2874,93530,886,43072,1764,49003,224,1455,1163,30759,1710,32070,1387,62829,California
Yolo,2021-03-19,2016,95546,801,43873,1147,50150,68,1523,1060,30937,950,33020,1128,63957,California
Yolo,2021-03-20,2744,98290,814,44687,1889,52039,41,1564,1117,30476,1621,34641,1160,65117,California
Yolo,2021-03-21,316,98606,218,44905,90,52129,8,1572,227,30623,88,34729,235,65352,California
Yolo,2021-03-22,1379,99985,479,45384,848,52977,52,1624,906,31109,471,35200,957,66309,California
Yolo,2021-03-23,1722,101707,927,46311,739,53716,56,1680,1063,31569,659,35859,1119,67428,California
Yolo,2021-03-24,2836,104543,1403,47714,1384,55100,49,1729,1425,31642,1401,37260,1474,68902,California
Yolo,2021-03-25,2391,106934,1272,48986,1092,56192,27,1756,1145,31577,1237,38497,1172,70074,California
Yolo,2021-03-26,2355,109289,1225,50211,1111,57303,19,1775,1011,31270,1336,39833,1029,71103,California
Yolo,2021-03-27,1620,110909,450,50661,1154,58457,16,1791,753,31173,866,40699,769,71872,California
Yolo,2021-03-28,1097,112006,858,51519,221,58678,18,1809,269,30636,824,41523,287,72159,California
Yolo,2021-03-29,1977,113983,810,52329,1153,59831,14,1823,984,30645,989,42512,998,73157,California
Yolo,2021-03-30,2268,116251,1067,53396,1176,61007,25,1848,1199,30805,1064,43576,1224,74381,California
Yolo,2021-03-31,2324,118575,1203,54599,1086,62093,35,1883,1217,30951,1106,44682,1252,75633,California
Yolo,2021-04-01,3736,122311,1760,56359,1504,63597,472,2355,1571,30832,2162,46844,2043,77676,California
Yolo,2021-04-02,3089,125400,1476,57835,1552,65149,61,2416,2036,31882,1047,47891,2097,79773,California
Yolo,2021-04-03,1767,127167,1064,58899,489,65638,214,2630,788,31906,978,48869,1002,80775,California
Yolo,2021-04-04,378,127545,146,59045,170,65808,62,2692,139,31868,239,49108,201,80976,California
Yolo,2021-04-05,1887,129432,715,59760,1076,66884,96,2788,1014,32109,869,49977,1110,82086,California
Yolo,2021-04-06,2508,131940,1290,61050,1054,67938,164,2952,1279,32333,1220,51197,1444,83530,California
Yolo,2021-04-07,2669,134609,1391,62441,1040,68978,238,3190,1763,33434,899,52096,2000,85530,California
Yolo,2021-04-08,2115,136724,933,63374,859,69837,323,3513,907,33458,1205,53301,1229,86759,California
Yolo,2021-04-09,1891,138615,702,64076,913,70750,276,3789,650,33144,1239,54540,925,87684,California
Yolo,2021-04-10,708,139323,131,64207,449,71199,128,3917,314,33193,392,54932,441,88125,California
Yuba,2020-12-16,4,4,4,4,0,0,0,0,4,4,0,0,4,4,California
Yuba,2020-12-17,4,8,4,8,0,0,0,0,4,8,0,0,4,8,California
Yuba,2020-12-18,8,16,8,16,0,0,0,0,8,16,0,0,8,16,California
Yuba,2020-12-19,12,28,12,28,0,0,0,0,12,28,0,0,12,28,California
Yuba,2020-12-20,20,48,20,48,0,0,0,0,20,48,0,0,20,48,California
Yuba,2020-12-21,40,88,40,88,0,0,0,0,40,88,0,0,40,88,California
Yuba,2020-12-22,86,174,86,174,0,0,0,0,86,174,0,0,86,174,California
Yuba,2020-12-23,63,237,61,235,2,2,0,0,63,237,0,0,63,237,California
Yuba,2020-12-24,20,257,10,245,10,12,0,0,20,257,0,0,20,257,California
Yuba,2020-12-26,15,272,13,258,2,14,0,0,15,272,0,0,15,272,California
Yuba,2020-12-27,15,287,15,273,0,14,0,0,15,287,0,0,15,287,California
Yuba,2020-12-28,51,338,35,308,16,30,0,0,51,338,0,0,51,338,California
Yuba,2020-12-29,77,415,10,318,67,97,0,0,77,415,0,0,77,415,California
Yuba,2020-12-30,64,479,21,339,43,140,0,0,64,479,0,0,64,479,California
Yuba,2020-12-31,36,515,6,345,30,170,0,0,36,515,0,0,36,515,California
Yuba,2021-01-02,23,538,22,367,1,171,0,0,23,538,0,0,23,538,California
Yuba,2021-01-03,10,548,6,373,4,175,0,0,10,548,0,0,10,548,California
Yuba,2021-01-04,90,638,21,394,69,244,0,0,90,638,0,0,90,638,California
Yuba,2021-01-05,68,706,36,430,32,276,0,0,67,704,1,1,67,705,California
Yuba,2021-01-06,152,858,75,505,77,353,0,0,146,844,6,7,146,851,California
Yuba,2021-01-07,74,932,19,524,55,408,0,0,71,911,4,11,71,922,California
Yuba,2021-01-08,73,1005,25,549,48,456,0,0,66,970,7,18,66,988,California
Yuba,2021-01-09,19,1024,16,565,3,459,0,0,11,973,8,26,11,999,California
Yuba,2021-01-10,117,1141,22,587,95,554,0,0,95,1046,22,48,95,1094,California
Yuba,2021-01-11,73,1214,50,637,23,577,0,0,33,1039,40,88,33,1127,California
Yuba,2021-01-12,109,1323,79,716,30,607,0,0,44,1018,65,153,44,1171,California
Yuba,2021-01-13,118,1441,71,787,47,654,0,0,54,1009,63,216,54,1225,California
Yuba,2021-01-14,109,1550,43,830,66,720,0,0,97,1094,12,228,97,1322,California
Yuba,2021-01-15,206,1756,88,918,118,838,0,0,195,1278,11,239,195,1517,California
Yuba,2021-01-16,185,1941,21,939,164,1002,0,0,173,1438,13,252,173,1690,California
Yuba,2021-01-17,13,1954,9,948,4,1006,0,0,7,1439,6,258,7,1697,California
Yuba,2021-01-18,60,2014,32,980,28,1034,0,0,35,1449,25,283,35,1732,California
Yuba,2021-01-19,80,2094,29,1009,51,1085,0,0,65,1499,15,298,65,1797,California
Yuba,2021-01-20,132,2226,87,1096,45,1130,0,0,109,1585,23,321,109,1906,California
Yuba,2021-01-21,212,2438,96,1192,116,1246,0,0,203,1779,9,330,203,2109,California
Yuba,2021-01-22,103,2541,6,1198,97,1343,0,0,94,1864,9,339,94,2203,California
Yuba,2021-01-23,199,2740,7,1205,192,1535,0,0,196,2057,3,342,196,2399,California
Yuba,2021-01-24,9,2749,6,1211,3,1538,0,0,7,2062,2,344,7,2406,California
Yuba,2021-01-25,83,2832,27,1238,56,1594,0,0,52,2084,30,374,52,2458,California
Yuba,2021-01-26,149,2981,39,1277,110,1704,0,0,93,2121,56,430,93,2551,California
Yuba,2021-01-27,182,3163,128,1405,54,1758,0,0,115,2169,67,497,115,2666,California
Yuba,2021-01-28,215,3378,79,1484,136,1894,0,0,174,2302,41,538,174,2840,California
Yuba,2021-01-29,158,3536,55,1539,103,1997,0,0,111,2366,47,585,111,2951,California
Yuba,2021-01-30,409,3945,23,1562,386,2383,0,0,398,2753,11,596,398,3349,California
Yuba,2021-01-31,17,3962,12,1574,5,2388,0,0,15,2766,2,598,15,3364,California
Yuba,2021-02-01,152,4114,73,1647,79,2467,0,0,129,2874,22,620,130,3494,California
Yuba,2021-02-02,123,4237,23,1670,100,2567,0,0,101,2953,22,642,101,3595,California
Yuba,2021-02-03,226,4463,29,1699,197,2764,0,0,114,2956,111,753,114,3709,California
Yuba,2021-02-04,295,4758,121,1820,174,2938,0,0,253,3167,42,795,253,3962,California
Yuba,2021-02-05,147,4905,32,1852,115,3053,0,0,71,3162,76,871,71,4033,California
Yuba,2021-02-06,447,5352,26,1878,421,3474,0,0,439,3593,8,879,439,4472,California
Yuba,2021-02-07,18,5370,11,1889,7,3481,0,0,15,3605,3,882,15,4487,California
Yuba,2021-02-08,96,5466,35,1924,61,3542,0,0,66,3641,30,912,66,4553,California
Yuba,2021-02-09,153,5619,55,1979,98,3640,0,0,84,3656,69,981,84,4637,California
Yuba,2021-02-10,347,5966,172,2151,175,3815,0,0,113,3536,233,1214,113,4750,California
Yuba,2021-02-11,397,6363,63,2214,334,4149,0,0,301,3743,94,1308,301,5051,California
Yuba,2021-02-12,265,6628,27,2241,238,4387,0,0,152,3782,113,1421,152,5203,California
Yuba,2021-02-13,436,7064,35,2276,401,4788,0,0,388,4122,48,1469,388,5591,California
Yuba,2021-02-14,53,7117,10,2286,43,4831,0,0,49,4167,4,1473,49,5640,California
Yuba,2021-02-15,87,7204,36,2322,51,4882,0,0,68,4216,19,1492,68,5708,California
Yuba,2021-02-16,199,7403,53,2375,146,5028,0,0,141,4300,57,1549,141,5849,California
Yuba,2021-02-17,369,7772,155,2530,214,5242,0,0,98,4127,271,1820,98,5947,California
Yuba,2021-02-18,305,8077,33,2563,272,5514,0,0,181,4184,124,1944,181,6128,California
Yuba,2021-02-19,224,8301,84,2647,140,5654,0,0,141,4242,83,2027,141,6269,California
Yuba,2021-02-20,387,8688,29,2676,358,6012,0,0,334,4523,53,2080,334,6603,California
Yuba,2021-02-21,16,8704,14,2690,2,6014,0,0,6,4519,10,2090,6,6609,California
Yuba,2021-02-22,128,8832,79,2769,49,6063,0,0,39,4470,88,2178,39,6648,California
Yuba,2021-02-23,114,8946,25,2794,89,6152,0,0,46,4449,67,2245,46,6694,California
Yuba,2021-02-24,477,9423,136,2930,341,6493,0,0,105,4182,372,2617,105,6799,California
Yuba,2021-02-25,331,9754,132,3062,199,6692,0,0,203,4257,128,2745,203,7002,California
Yuba,2021-02-26,253,10007,67,3129,186,6878,0,0,140,4286,111,2856,140,7142,California
Yuba,2021-02-27,472,10479,47,3176,425,7303,0,0,384,4583,87,2943,384,7526,California
Yuba,2021-02-28,65,10544,21,3197,44,7347,0,0,44,4606,21,2964,44,7570,California
Yuba,2021-03-01,151,10695,38,3235,113,7460,0,0,75,4606,75,3039,75,7645,California
Yuba,2021-03-02,151,10846,35,3270,116,7576,0,0,75,4605,76,3115,75,7720,California
Yuba,2021-03-03,613,11459,156,3426,457,8033,0,0,192,4377,420,3535,192,7912,California
Yuba,2021-03-04,463,11922,269,3695,194,8227,0,0,323,4561,139,3674,323,8235,California
Yuba,2021-03-05,313,12235,58,3753,254,8481,1,1,248,4745,65,3739,249,8484,California
Yuba,2021-03-06,480,12715,34,3787,442,8923,4,5,374,5017,106,3845,378,8862,California
Yuba,2021-03-07,51,12766,27,3814,23,8946,1,6,34,5035,17,3862,35,8897,California
Yuba,2021-03-08,158,12924,49,3863,93,9039,16,22,99,5091,59,3921,115,9012,California
Yuba,2021-03-09,177,13101,47,3910,111,9150,19,41,85,5103,92,4013,104,9116,California
Yuba,2021-03-10,733,13834,231,4141,472,9622,30,71,229,4859,503,4516,259,9375,California
Yuba,2021-03-11,428,14262,184,4325,232,9854,12,83,295,5033,133,4649,307,9682,California
Yuba,2021-03-12,455,14717,85,4410,317,10171,53,136,148,4927,307,4956,201,9883,California
Yuba,2021-03-13,450,15167,332,4742,103,10274,15,151,361,5215,88,5044,376,10259,California
Yuba,2021-03-14,109,15276,21,4763,78,10352,10,161,48,5213,60,5104,58,10317,California
Yuba,2021-03-15,194,15470,49,4812,128,10480,17,178,99,5234,95,5199,116,10433,California
Yuba,2021-03-16,287,15757,71,4883,191,10671,25,203,173,5319,113,5312,198,10631,California
Yuba,2021-03-17,724,16481,159,5042,536,11207,29,232,184,4994,538,5850,213,10844,California
Yuba,2021-03-18,560,17041,147,5189,300,11507,113,345,337,5221,223,6073,450,11294,California
Yuba,2021-03-19,321,17362,117,5306,155,11662,49,394,183,5316,137,6210,232,11526,California
Yuba,2021-03-20,555,17917,80,5386,457,12119,18,412,474,5728,80,6290,492,12018,California
Yuba,2021-03-21,59,17976,36,5422,23,12142,0,412,47,5763,12,6302,47,12065,California
Yuba,2021-03-22,189,18165,70,5492,112,12254,7,419,147,5875,42,6344,154,12219,California
Yuba,2021-03-23,241,18406,79,5571,135,12389,27,446,162,5986,78,6422,189,12408,California
Yuba,2021-03-24,747,19153,239,5810,427,12816,81,527,185,5692,560,6982,266,12674,California
Yuba,2021-03-25,483,19636,263,6073,198,13014,22,549,239,5709,244,7226,261,12935,California
Yuba,2021-03-26,382,20018,142,6215,214,13228,26,575,221,5796,160,7386,247,13182,California
Yuba,2021-03-27,457,20475,26,6241,429,13657,2,577,405,6151,52,7438,407,13589,California
Yuba,2021-03-28,98,20573,40,6281,54,13711,4,581,37,6131,61,7499,41,13630,California
Yuba,2021-03-29,290,20863,84,6365,175,13886,31,612,178,6228,112,7611,209,13839,California
Yuba,2021-03-30,270,21133,67,6432,195,14081,8,620,191,6348,79,7690,199,14038,California
Yuba,2021-03-31,668,21801,112,6544,544,14625,12,632,248,6189,419,8109,260,14298,California
Yuba,2021-04-01,604,22405,281,6825,294,14919,29,661,275,6164,329,8438,304,14602,California
Yuba,2021-04-02,469,22874,88,6913,300,15219,81,742,178,6133,290,8728,259,14861,California
Yuba,2021-04-03,647,23521,51,6964,115,15334,481,1223,83,6134,563,9291,564,15425,California
Yuba,2021-04-04,56,23577,10,6974,40,15374,6,1229,31,6146,25,9316,37,15462,California
Yuba,2021-04-05,238,23815,75,7049,143,15517,20,1249,117,6163,119,9435,136,15598,California
Yuba,2021-04-06,315,24130,111,7160,151,15668,53,1302,150,6202,164,9599,203,15801,California
Yuba,2021-04-07,733,24863,385,7545,294,15962,54,1356,319,6162,412,10011,372,16173,California
Yuba,2021-04-08,689,25552,284,7829,155,16117,250,1606,244,6212,444,10455,494,16667,California
Yuba,2021-04-09,328,25880,147,7976,135,16252,46,1652,143,6216,185,10640,189,16856,California
Yuba,2021-04-10,502,26382,33,8009,51,16303,418,2070,30,6194,470,11110,448,17304,California
