county,administered_date,total_doses,cumulative_total_doses,pfizer_doses,cumulative_pfizer_doses,moderna_doses,cumulative_moderna_doses,jj_doses,cumulative_jj_doses,partially_vaccinated,total_partially_vaccinated,fully_vaccinated,cumulative_fully_vaccinated,at_least_one_dose,cumulative_at_least_one_dose,california_flag
All CA Counties,2020-12-15,1126,1126,1126,1126,0,0,0,0,1126,1126,0,0,1126,1126,
All CA Counties,2020-12-16,8227,9353,8227,9353,0,0,0,0,8227,9353,0,0,8227,9353,
All CA Counties,2020-12-17,25815,35168,25815,35168,0,0,0,0,25851,35204,0,0,25851,35204,
All CA Counties,2020-12-18,43915,79083,43837,79005,78,78,0,0,43965,79168,1,1,43965,79169,
All CA Counties,2020-12-19,25363,104446,25343,104348,20,98,0,0,25361,104527,2,3,25361,104530,
All CA Counties,2020-12-20,18921,123367,18896,123244,25,123,0,0,18920,123446,1,4,18920,123450,
All CA Counties,2020-12-21,49496,172863,49413,172657,83,206,0,0,49535,172979,2,6,49535,172985,
All CA Counties,2020-12-22,49850,222713,47711,220368,2139,2345,0,0,49850,222829,0,6,49850,222835,
All CA Counties,2020-12-23,50072,272785,41394,261762,8678,11023,0,0,50068,272897,0,6,50068,272903,
All CA Counties,2020-12-24,23833,296618,16265,278027,7568,18591,0,0,23829,296724,2,8,23829,296732,
All CA Counties,2020-12-25,2302,298920,1984,280011,318,18909,0,0,2301,299024,1,9,2301,299033,
All CA Counties,2020-12-26,14557,313477,9394,289405,5163,24072,0,0,14555,313578,1,10,14555,313588,
All CA Counties,2020-12-27,9320,322797,5536,294941,3784,27856,0,0,9319,322897,0,10,9319,322907,
All CA Counties,2020-12-28,45452,368249,29135,324076,16317,44173,0,0,45449,368344,2,12,45449,368356,
All CA Counties,2020-12-29,50828,419077,28444,352520,22384,66557,0,0,50823,419164,3,15,50823,419179,
All CA Counties,2020-12-30,62645,481722,35493,388013,27152,93709,0,0,62638,481800,2,17,62638,481817,
All CA Counties,2020-12-31,29045,510767,10710,398723,18335,112044,0,0,29039,510835,4,21,29039,510856,
All CA Counties,2021-01-01,3555,514322,1574,400297,1981,114025,0,0,3552,514386,1,22,3552,514408,
All CA Counties,2021-01-02,18287,532609,10136,410433,8151,122176,0,0,18286,532672,0,22,18286,532694,
All CA Counties,2021-01-03,6046,538655,3422,413855,2624,124800,0,0,6020,538680,12,34,6020,538714,
All CA Counties,2021-01-04,43124,581779,21807,435662,21317,146117,0,0,43042,581674,48,82,43042,581756,
All CA Counties,2021-01-05,55966,637745,29526,465188,26440,172557,0,0,50543,626891,5357,5439,50574,632330,
All CA Counties,2021-01-06,72635,710380,40261,505449,32374,204931,0,0,57348,669167,15101,20540,57377,689707,
All CA Counties,2021-01-07,91091,801471,51748,557197,39343,244274,0,0,60792,699871,30153,50693,60857,750564,
All CA Counties,2021-01-08,105900,907371,63993,621190,41907,286181,0,0,64836,723842,40935,91628,64906,815470,
All CA Counties,2021-01-09,43474,950845,25017,646207,18457,304638,0,0,27418,735254,16035,107663,27447,842917,
All CA Counties,2021-01-10,23984,974829,14641,660848,9343,313981,0,0,12901,737105,11067,118730,12918,855835,
All CA Counties,2021-01-11,102872,1077701,68287,729135,34585,348566,0,0,59893,754125,42945,161675,59965,915800,
All CA Counties,2021-01-12,111838,1189539,66094,795229,45744,394310,0,0,71119,784748,40652,202327,71275,987075,
All CA Counties,2021-01-13,117930,1307469,61149,856378,56781,451091,0,0,84465,835925,33377,235704,84554,1071629,
All CA Counties,2021-01-14,122187,1429656,49014,905392,73173,524264,0,0,102864,919702,19214,254918,102991,1174620,
All CA Counties,2021-01-15,141080,1570736,52341,957733,88739,613003,0,0,125840,1030576,15134,270052,126008,1300628,
All CA Counties,2021-01-16,80164,1650900,27545,985278,52619,665622,0,0,72503,1095483,7638,277690,72545,1373173,
All CA Counties,2021-01-17,48014,1698914,16688,1001966,31326,696948,0,0,44419,1136346,3589,281279,44452,1417625,
All CA Counties,2021-01-18,87590,1786504,45594,1047560,41996,738944,0,0,68354,1185667,19162,300441,68483,1486108,
All CA Counties,2021-01-19,140331,1926835,72987,1120547,67344,806288,0,0,109451,1264666,30792,331233,109791,1595899,
All CA Counties,2021-01-20,157179,2084014,79685,1200232,77494,883782,0,0,124305,1356478,32709,363942,124521,1720420,
All CA Counties,2021-01-21,170751,2254765,75900,1276132,94851,978633,0,0,151990,1490193,18563,382505,152278,1872698,
All CA Counties,2021-01-22,168119,2422884,68718,1344850,99401,1078034,0,0,153834,1629986,14164,396669,153957,2026655,
All CA Counties,2021-01-23,110558,2533442,49215,1394065,61343,1139377,0,0,98172,1715907,12331,409000,98252,2124907,
All CA Counties,2021-01-24,60671,2594113,29276,1423341,31395,1170772,0,0,56018,1767337,4625,413625,56055,2180962,
All CA Counties,2021-01-25,142792,2736905,64349,1487690,78443,1249215,0,0,108468,1842019,34221,447846,108903,2289865,
All CA Counties,2021-01-26,165826,2902731,81379,1569069,84447,1333662,0,0,128955,1934507,36727,484573,129215,2419080,
All CA Counties,2021-01-27,177120,3079851,86461,1655530,90659,1424321,0,0,138664,2035230,38076,522649,138799,2557879,
All CA Counties,2021-01-28,184478,3264329,84603,1740133,99875,1524196,0,0,151029,2153271,33150,555799,151191,2709070,
All CA Counties,2021-01-29,181245,3445574,86974,1827107,94271,1618467,0,0,147313,2267343,33377,589176,147449,2856519,
All CA Counties,2021-01-30,121546,3567120,53942,1881049,67604,1686071,0,0,107417,2360911,13983,603159,107551,2964070,
All CA Counties,2021-01-31,69629,3636749,39415,1920464,30214,1716285,0,0,63649,2418694,5910,609069,63693,3027763,
All CA Counties,2021-02-01,156653,3793402,71799,1992263,84854,1801139,0,0,118819,2500035,37701,646770,119042,3146805,
All CA Counties,2021-02-02,182493,3975895,78269,2070532,104224,1905363,0,0,137120,2592309,45113,691883,137387,3284192,
All CA Counties,2021-02-03,207959,4183854,93596,2164128,114363,2019726,0,0,154778,2694580,52727,744610,154998,3439190,
All CA Counties,2021-02-04,225414,4409268,98744,2262872,126670,2146396,0,0,165461,2800919,59429,804039,165768,3604958,
All CA Counties,2021-02-05,243782,4653050,105658,2368530,138124,2284520,0,0,166044,2890519,76992,881031,166592,3771550,
All CA Counties,2021-02-06,153521,4806571,74046,2442576,79475,2363995,0,0,119218,2976050,34143,915174,119674,3891224,
All CA Counties,2021-02-07,65509,4872080,42170,2484746,23339,2387334,0,0,49238,3009557,16192,931366,49699,3940923,
All CA Counties,2021-02-08,178485,5050565,87482,2572228,91003,2478337,0,0,117944,3068067,60134,991500,118644,4059567,
All CA Counties,2021-02-09,208167,5258732,100731,2672959,107436,2585773,0,0,124887,3111110,82960,1074460,126003,4185570,
All CA Counties,2021-02-10,245388,5504120,118706,2791665,126682,2712455,0,0,136995,3141868,107645,1182105,138403,4323973,
All CA Counties,2021-02-11,259309,5763429,128647,2920312,130662,2843117,0,0,142178,3169670,116149,1298254,143951,4467924,
All CA Counties,2021-02-12,268570,6031999,117826,3038138,150744,2993861,0,0,145195,3194481,122696,1420950,147507,4615431,
All CA Counties,2021-02-13,164720,6196719,75826,3113964,88894,3082755,0,0,91203,3214510,73134,1494084,93163,4708594,
All CA Counties,2021-02-14,94052,6290771,46632,3160596,47420,3130175,0,0,50887,3223961,43038,1537122,52489,4761083,
All CA Counties,2021-02-15,139597,6430368,61424,3222020,78173,3208348,0,0,77401,3242591,61893,1599015,80523,4841606,
All CA Counties,2021-02-16,244759,6675127,116381,3338401,128378,3336726,0,0,131535,3264450,112922,1711937,134781,4976387,
All CA Counties,2021-02-17,253683,6928810,126375,3464776,127308,3464034,0,0,127139,3268781,126107,1838044,130438,5106825,
All CA Counties,2021-02-18,266016,7194826,138803,3603579,127213,3591247,0,0,129270,3266262,136117,1974161,133598,5240423,
All CA Counties,2021-02-19,247632,7442458,143832,3747411,103800,3695047,0,0,128973,3279320,118259,2092420,131317,5371740,
All CA Counties,2021-02-20,148894,7591352,95659,3843070,53235,3748282,0,0,82297,3297262,66399,2158819,84341,5456081,
All CA Counties,2021-02-21,67773,7659125,54507,3897577,13266,3761548,0,0,33854,3298733,33768,2192587,35239,5491320,
All CA Counties,2021-02-22,160466,7819591,107635,4005212,52831,3814379,0,0,81836,3303961,78366,2270953,83594,5574914,
All CA Counties,2021-02-23,217716,8037307,115104,4120316,102612,3916991,0,0,102289,3297346,114977,2385930,108362,5683276,
All CA Counties,2021-02-24,277777,8315084,140294,4260610,137483,4054474,0,0,134204,3296233,143085,2529015,141972,5825248,
All CA Counties,2021-02-25,310056,8625140,152671,4413281,157385,4211859,0,0,163180,3321855,146347,2675362,171969,5997217,
All CA Counties,2021-02-26,345026,8970166,161443,4574724,183583,4395442,0,0,193100,3371315,151174,2826536,200634,6197851,
All CA Counties,2021-02-27,242692,9212858,115233,4689957,127454,4522896,5,5,137426,3408609,104793,2931329,142087,6339938,
All CA Counties,2021-02-28,127604,9340462,75981,4765938,51622,4574518,1,6,75773,3435758,51578,2982907,78727,6418665,
All CA Counties,2021-03-01,231646,9572108,122756,4888694,108880,4683398,10,16,134299,3477371,96839,3079746,138452,6557117,
All CA Counties,2021-03-02,260708,9832816,127414,5016108,133285,4816683,9,25,158191,3540625,102105,3181851,165359,6722476,
All CA Counties,2021-03-03,305719,10138535,151540,5167648,154161,4970844,18,43,172808,3588507,132341,3314192,180223,6902699,
All CA Counties,2021-03-04,310071,10448606,156997,5324645,153015,5123859,59,102,182346,3650833,127139,3441331,189465,7092164,
All CA Counties,2021-03-05,291547,10740153,144099,5468744,146404,5270263,1044,1146,181395,3731121,109514,3550845,189802,7281966,
All CA Counties,2021-03-06,225165,10965318,116826,5585570,100946,5371209,7393,8539,141123,3800797,83718,3634563,153394,7435360,
All CA Counties,2021-03-07,119148,11084466,73270,5658840,41988,5413197,3890,12429,75882,3841261,43131,3677694,83595,7518955,
All CA Counties,2021-03-08,199427,11283893,95731,5754571,94404,5507601,9292,21721,130044,3916507,69132,3746826,144378,7663333,
All CA Counties,2021-03-09,249191,11533084,107235,5861806,126789,5634390,15167,36888,136549,3960173,112308,3859134,155974,7819307,
All CA Counties,2021-03-10,291475,11824559,144968,6006774,125342,5759732,21165,58053,157637,4010018,133361,3992495,183206,8002513,
All CA Counties,2021-03-11,342991,12167550,163952,6170726,150314,5910046,28725,86778,176738,4054511,165574,4158069,210067,8212580,
All CA Counties,2021-03-12,338649,12506199,152125,6322851,146724,6056770,39800,126578,164408,4089434,173686,4331755,208609,8421189,
All CA Counties,2021-03-13,237260,12743459,108244,6431095,101368,6158138,27648,154226,126602,4137953,110363,4442118,158882,8580071,
All CA Counties,2021-03-14,132548,12876007,74588,6505683,43685,6201823,14275,168501,72546,4167307,59817,4501935,89171,8669242,
All CA Counties,2021-03-15,280522,13156529,133488,6639171,127124,6328947,19910,188411,154252,4219368,125740,4627675,177801,8847043,
All CA Counties,2021-03-16,356037,13512566,169318,6808489,170162,6499109,16557,204968,210039,4303911,145405,4773080,229948,9076991,
All CA Counties,2021-03-17,357993,13870559,180755,6989244,160587,6659696,16651,221619,221708,4409382,135696,4908776,241167,9318158,
All CA Counties,2021-03-18,327400,14197959,169772,7159016,142296,6801992,15332,236951,195418,4491152,131235,5040011,213005,9531163,
All CA Counties,2021-03-19,338797,14536756,179749,7338765,141559,6943551,17489,254440,198918,4570346,139222,5179233,218416,9749579,
All CA Counties,2021-03-20,219607,14756363,109958,7448723,97991,7041542,11658,266098,145829,4655925,73360,5252593,158939,9908518,
All CA Counties,2021-03-21,137485,14893848,94315,7543038,35912,7077454,7258,273356,90008,4707417,47284,5299877,98776,10007294,
All CA Counties,2021-03-22,262021,15155869,152644,7695682,98844,7176298,10533,283889,175209,4810214,86296,5386173,189093,10196387,
All CA Counties,2021-03-23,340572,15496441,188355,7884037,142292,7318590,9925,293814,223659,4930665,116214,5502387,236665,10433052,
All CA Counties,2021-03-24,368098,15864539,212438,8096475,144351,7462941,11309,305123,221953,5022807,145312,5647699,237454,10670506,
All CA Counties,2021-03-25,385793,16250332,212247,8308722,161155,7624096,12391,317514,226084,5109450,158745,5806444,245388,10915894,
All CA Counties,2021-03-26,397022,16647354,211465,8520187,172481,7796577,13076,330590,223446,5182643,172701,5979145,245894,11161788,
All CA Counties,2021-03-27,281661,16929015,148362,8668549,124103,7920680,9196,339786,143799,5205447,137285,6116430,160089,11321877,
All CA Counties,2021-03-28,157011,17086026,100771,8769320,53728,7974408,2512,342298,86337,5226351,70448,6186878,91352,11413229,
All CA Counties,2021-03-29,178844,17264870,104150,8873470,69211,8043619,5483,347781,100605,5255601,77956,6264834,107206,11520435,
All CA and Non-CA Counties,2020-12-15,1133,1133,1133,1133,0,0,0,0,1133,1133,0,0,1133,1133,
All CA and Non-CA Counties,2020-12-16,8360,9493,8360,9493,0,0,0,0,8360,9493,0,0,8360,9493,
All CA and Non-CA Counties,2020-12-17,27384,36877,27384,36877,0,0,0,0,27384,36877,0,0,27384,36877,
All CA and Non-CA Counties,2020-12-18,46364,83241,46282,83159,82,82,0,0,46363,83239,1,1,46363,83240,
All CA and Non-CA Counties,2020-12-19,26369,109610,26348,109507,21,103,0,0,26367,109604,2,3,26367,109607,
All CA and Non-CA Counties,2020-12-20,19571,129181,19545,129052,26,129,0,0,19570,129173,1,4,19570,129177,
All CA and Non-CA Counties,2020-12-21,51633,180814,51550,180602,83,212,0,0,51630,180801,2,6,51630,180807,
All CA and Non-CA Counties,2020-12-22,51808,232622,49636,230238,2172,2384,0,0,51808,232609,0,6,51808,232615,
All CA and Non-CA Counties,2020-12-23,51498,284120,42707,272945,8791,11175,0,0,51494,284103,0,6,51494,284109,
All CA and Non-CA Counties,2020-12-24,24642,308762,16880,289825,7762,18937,0,0,24638,308739,2,8,24638,308747,
All CA and Non-CA Counties,2020-12-25,2335,311097,2013,291838,322,19259,0,0,2334,311072,1,9,2334,311081,
All CA and Non-CA Counties,2020-12-26,14867,325964,9599,301437,5268,24527,0,0,14865,325936,1,10,14865,325946,
All CA and Non-CA Counties,2020-12-27,9510,335474,5608,307045,3902,28429,0,0,9509,335445,0,10,9509,335455,
All CA and Non-CA Counties,2020-12-28,46855,382329,30021,337066,16834,45263,0,0,46852,382295,2,12,46852,382307,
All CA and Non-CA Counties,2020-12-29,52293,434622,29385,366451,22908,68171,0,0,52288,434580,3,15,52288,434595,
All CA and Non-CA Counties,2020-12-30,64558,499180,36745,403196,27813,95984,0,0,64552,499130,2,17,64552,499147,
All CA and Non-CA Counties,2020-12-31,30116,529296,11300,414496,18816,114800,0,0,30109,529235,4,21,30109,529256,
All CA and Non-CA Counties,2021-01-01,3660,532956,1595,416091,2065,116865,0,0,3657,532891,1,22,3657,532913,
All CA and Non-CA Counties,2021-01-02,18530,551486,10272,426363,8258,125123,0,0,18528,551418,1,23,18528,551441,
All CA and Non-CA Counties,2021-01-03,6225,557711,3520,429883,2705,127828,0,0,6199,557605,12,35,6199,557640,
All CA and Non-CA Counties,2021-01-04,44255,601966,22313,452196,21942,149770,0,0,44167,601723,49,84,44167,601807,
All CA and Non-CA Counties,2021-01-05,57418,659384,30287,482483,27131,176901,0,0,51857,648118,5493,5577,51888,653695,
All CA and Non-CA Counties,2021-01-06,75211,734595,41796,524279,33415,210316,0,0,59248,691612,15784,21361,59278,712973,
All CA and Non-CA Counties,2021-01-07,95262,829857,54336,578615,40926,251242,0,0,63325,723222,31790,53151,63400,776373,
All CA and Non-CA Counties,2021-01-08,110187,940044,66703,645318,43484,294726,0,0,67377,748005,42672,95823,67455,843828,
All CA and Non-CA Counties,2021-01-09,44819,984863,25561,670879,19258,313984,0,0,28434,760107,16363,112186,28465,872293,
All CA and Non-CA Counties,2021-01-10,24279,1009142,14820,685699,9459,323443,0,0,13075,762011,11188,123374,13092,885385,
All CA and Non-CA Counties,2021-01-11,106139,1115281,70261,755960,35878,359321,0,0,61842,779663,44263,167637,61915,947300,
All CA and Non-CA Counties,2021-01-12,115623,1230904,68370,824330,47253,406574,0,0,73413,811098,42137,209774,73572,1020872,
All CA and Non-CA Counties,2021-01-13,121447,1352351,62911,887241,58536,465110,0,0,86859,863545,34506,244280,86953,1107825,
All CA and Non-CA Counties,2021-01-14,125870,1478221,50257,937498,75613,540723,0,0,105934,949786,19825,264105,106066,1213891,
All CA and Non-CA Counties,2021-01-15,145164,1623385,53279,990777,91885,632608,0,0,129480,1063864,15576,279681,129654,1343545,
All CA and Non-CA Counties,2021-01-16,82591,1705976,27896,1018673,54695,687303,0,0,74768,1130877,7797,287478,74810,1418355,
All CA and Non-CA Counties,2021-01-17,48471,1754447,16834,1035507,31637,718940,0,0,44820,1172086,3644,291122,44853,1463208,
All CA and Non-CA Counties,2021-01-18,88731,1843178,46400,1081907,42331,761271,0,0,69021,1221602,19635,310757,69151,1532359,
All CA and Non-CA Counties,2021-01-19,144347,1987525,74299,1156206,70048,831319,0,0,112621,1302927,31637,342394,112962,1645321,
All CA and Non-CA Counties,2021-01-20,161569,2149094,81096,1237302,80473,911792,0,0,127776,1397296,33625,376019,127994,1773315,
All CA and Non-CA Counties,2021-01-21,174813,2323907,76936,1314238,97877,1009669,0,0,155535,1534055,19067,395086,155826,1929141,
All CA and Non-CA Counties,2021-01-22,172720,2496627,69761,1383999,102959,1112628,0,0,158030,1677647,14563,409649,158155,2087296,
All CA and Non-CA Counties,2021-01-23,112815,2609442,49546,1433545,63269,1175897,0,0,100260,1765488,12499,422148,100340,2187636,
All CA and Non-CA Counties,2021-01-24,61382,2670824,29616,1463161,31766,1207663,0,0,56647,1817464,4708,426856,56684,2244320,
All CA and Non-CA Counties,2021-01-25,147246,2818070,66305,1529466,80941,1288604,0,0,112089,1894929,35066,461922,112531,2356851,
All CA and Non-CA Counties,2021-01-26,172068,2990138,84632,1614098,87436,1376040,0,0,134400,1992054,37546,499468,134671,2491522,
All CA and Non-CA Counties,2021-01-27,182103,3172241,89447,1703545,92656,1468696,0,0,143104,2096655,38640,538108,143241,2634763,
All CA and Non-CA Counties,2021-01-28,189746,3361987,87733,1791278,102013,1570709,0,0,155812,2218973,33656,571764,155974,2790737,
All CA and Non-CA Counties,2021-01-29,186008,3547995,90077,1881355,95931,1666640,0,0,151375,2336396,34088,605852,151511,2942248,
All CA and Non-CA Counties,2021-01-30,125738,3673733,56455,1937810,69283,1735923,0,0,111397,2433727,14200,620052,111531,3053779,
All CA and Non-CA Counties,2021-01-31,73092,3746825,42591,1980401,30501,1766424,0,0,67034,2494820,5988,626040,67081,3120860,
All CA and Non-CA Counties,2021-02-01,162495,3909320,74755,2055156,87740,1854164,0,0,124005,2580693,38357,664397,124230,3245090,
All CA and Non-CA Counties,2021-02-02,189832,4099152,81065,2136221,108767,1962931,0,0,143758,2678916,45803,710200,144026,3389116,
All CA and Non-CA Counties,2021-02-03,215895,4315047,96436,2232657,119459,2082390,0,0,161901,2787508,53530,763730,162122,3551238,
All CA and Non-CA Counties,2021-02-04,232643,4547690,101528,2334185,131115,2213505,0,0,171754,2899217,60354,824084,172063,3723301,
All CA and Non-CA Counties,2021-02-05,250373,4798063,107825,2442010,142548,2356053,0,0,171648,2993426,77987,902071,172196,3895497,
All CA and Non-CA Counties,2021-02-06,157834,4955897,76207,2518217,81627,2437680,0,0,123102,3082420,34566,936637,123560,4019057,
All CA and Non-CA Counties,2021-02-07,68380,5024277,44589,2562806,23791,2461471,0,0,52029,3118641,16272,952909,52493,4071550,
All CA and Non-CA Counties,2021-02-08,184340,5208617,91296,2654102,93044,2554515,0,0,122692,3180808,61226,1014135,123393,4194943,
All CA and Non-CA Counties,2021-02-09,212944,5421561,103037,2757139,109907,2664422,0,0,128347,3226023,84262,1098397,129477,4324420,
All CA and Non-CA Counties,2021-02-10,251317,5672878,120918,2878057,130399,2794821,0,0,140560,3258037,110001,1208398,142015,4466435,
All CA and Non-CA Counties,2021-02-11,264184,5937062,130814,3008871,133370,2928191,0,0,145852,3288338,117343,1325741,147644,4614079,
All CA and Non-CA Counties,2021-02-12,273211,6210273,119465,3128336,153746,3081937,0,0,148178,3314485,124350,1450091,150497,4764576,
All CA and Non-CA Counties,2021-02-13,166977,6377250,76456,3204792,90521,3172458,0,0,93007,3335881,73582,1523673,94978,4859554,
All CA and Non-CA Counties,2021-02-14,95516,6472766,47097,3251889,48419,3220877,0,0,52073,3346281,43311,1566984,53711,4913265,
All CA and Non-CA Counties,2021-02-15,142150,6614916,63017,3314906,79133,3300010,0,0,78587,3364785,63242,1630226,81746,4995011,
All CA and Non-CA Counties,2021-02-16,251174,6866090,119338,3434244,131836,3431846,0,0,134087,3385355,116778,1747004,137348,5132359,
All CA and Non-CA Counties,2021-02-17,259442,7125532,129240,3563484,130202,3562048,0,0,128863,3387389,130134,1877138,132168,5264527,
All CA and Non-CA Counties,2021-02-18,271962,7397494,142223,3705707,129739,3691787,0,0,130892,3382189,140427,2017565,135227,5399754,
All CA and Non-CA Counties,2021-02-19,252785,7650279,147370,3853077,105415,3797202,0,0,130760,3393672,121625,2139190,133108,5532862,
All CA and Non-CA Counties,2021-02-20,152048,7802327,98316,3951393,53732,3850934,0,0,83396,3410664,68450,2207640,85442,5618304,
All CA and Non-CA Counties,2021-02-21,69581,7871908,56108,4007501,13473,3864407,0,0,34466,3411552,34963,2242603,35851,5654155,
All CA and Non-CA Counties,2021-02-22,163158,8035066,109512,4117013,53646,3918053,0,0,82774,3415970,80121,2322724,84539,5738694,
All CA and Non-CA Counties,2021-02-23,222842,8257908,117670,4234683,105172,4023225,0,0,103876,3407416,118513,2441237,109959,5848653,
All CA and Non-CA Counties,2021-02-24,283110,8541018,142949,4377632,140161,4163386,0,0,135758,3404087,146861,2588098,143532,5992185,
All CA and Non-CA Counties,2021-02-25,315909,8856927,155274,4532906,160635,4324021,0,0,165315,3428154,150046,2738144,174113,6166298,
All CA and Non-CA Counties,2021-02-26,351137,9208064,164528,4697434,186609,4510630,0,0,195674,3476733,154634,2892778,203213,6369511,
All CA and Non-CA Counties,2021-02-27,247296,9455360,117537,4814971,129753,4640383,6,6,138723,3512034,108087,3000865,143388,6512899,
All CA and Non-CA Counties,2021-02-28,130338,9585698,78065,4893036,52272,4692655,1,7,76874,3538658,53207,3054072,79831,6592730,
All CA and Non-CA Counties,2021-03-01,236282,9821980,125833,5018869,110439,4803094,10,17,135553,3578165,100211,3154283,139718,6732448,
All CA and Non-CA Counties,2021-03-02,266832,10088812,129471,5148340,137352,4940446,9,26,159976,3638961,106439,3260722,167235,6899683,
All CA and Non-CA Counties,2021-03-03,312624,10401436,153867,5302207,158739,5099185,18,44,174659,3683648,137396,3398118,182083,7081766,
All CA and Non-CA Counties,2021-03-04,316218,10717654,159367,5461574,156791,5255976,60,104,184279,3743733,131334,3529452,191419,7273185,
All CA and Non-CA Counties,2021-03-05,296020,11013674,146020,5607594,148940,5404916,1060,1164,183691,3824171,111690,3641142,192128,7465313,
All CA and Non-CA Counties,2021-03-06,229481,11243155,118660,5726254,103256,5508172,7565,8729,143290,3894122,85862,3727004,155813,7621126,
All CA and Non-CA Counties,2021-03-07,120824,11363979,74329,5800583,42539,5550711,3956,12685,76918,3935073,43771,3770775,84722,7705848,
All CA and Non-CA Counties,2021-03-08,202176,11566155,97271,5897854,95353,5646064,9552,22237,132001,4011775,69894,3840669,146596,7852444,
All CA and Non-CA Counties,2021-03-09,252890,11819045,108747,6006601,128637,5774701,15506,37743,138549,4056108,114002,3954671,158335,8010779,
All CA and Non-CA Counties,2021-03-10,295392,12114437,146654,6153255,127046,5901747,21692,59435,159909,4107169,134999,4089670,186060,8196839,
All CA and Non-CA Counties,2021-03-11,348735,12463172,166683,6319938,152568,6054315,29484,88919,179717,4152679,168337,4258007,213847,8410686,
All CA and Non-CA Counties,2021-03-12,343933,12807105,154926,6474864,148408,6202723,40599,129518,167291,4188989,176081,4434088,212391,8623077,
All CA and Non-CA Counties,2021-03-13,240449,13047554,109997,6584861,102216,6304939,28236,157754,128664,4239041,111485,4545573,161537,8784614,
All CA and Non-CA Counties,2021-03-14,134429,13181983,75611,6660472,44172,6349111,14646,172400,73732,4269267,60512,4606085,90738,8875352,
All CA and Non-CA Counties,2021-03-15,284381,13466364,135196,6795668,128843,6477954,20342,192742,156664,4322785,127181,4733266,180699,9056051,
All CA and Non-CA Counties,2021-03-16,362872,13829236,172702,6968370,173211,6651165,16959,209701,214179,4409221,148097,4881363,234533,9290584,
All CA and Non-CA Counties,2021-03-17,365077,14194313,184581,7152951,163420,6814585,17076,226777,226139,4516917,138345,5019708,246041,9536625,
All CA and Non-CA Counties,2021-03-18,334004,14528317,173322,7326273,144818,6959403,15864,242641,199613,4601068,133634,5153342,217785,9754410,
All CA and Non-CA Counties,2021-03-19,344698,14873015,182959,7509232,143708,7103111,18031,260672,202643,4682444,141392,5294734,222768,9977178,
All CA and Non-CA Counties,2021-03-20,223085,15096100,112171,7621403,99153,7202264,11761,272433,148711,4770425,73946,5368680,161927,10139105,
All CA and Non-CA Counties,2021-03-21,139483,15235583,95669,7717072,36445,7238709,7369,279802,91573,4823164,47716,5416396,100455,10239560,
All CA and Non-CA Counties,2021-03-22,265242,15500825,154390,7871462,100201,7338910,10651,290453,177382,4927214,87339,5503735,191389,10430949,
All CA and Non-CA Counties,2021-03-23,346890,15847715,191507,8062969,145194,7484104,10189,300642,228196,5050702,117983,5621718,241471,10672420,
All CA and Non-CA Counties,2021-03-24,375267,16222982,215880,8278849,147636,7631740,11751,312393,227469,5147166,146954,5768672,243418,10915838,
All CA and Non-CA Counties,2021-03-25,393919,16616901,215790,8494639,165193,7796933,12936,325329,232305,5238701,160636,5929308,252171,11168009,
All CA and Non-CA Counties,2021-03-26,403788,17020689,214996,8709635,175535,7972468,13257,338586,228305,5315073,174590,6103898,250962,11418971,
All CA and Non-CA Counties,2021-03-27,286457,17307146,151130,8860765,126068,8098536,9259,347845,147156,5339897,138716,6242614,163540,11582511,
All CA and Non-CA Counties,2021-03-28,159891,17467037,102278,8963043,55029,8153565,2584,350429,88272,5361881,71386,6314000,93370,11675881,
All CA and Non-CA Counties,2021-03-29,181978,17649015,105542,9068585,70704,8224269,5732,356161,102505,5392061,79187,6393187,109367,11785248,
Outside California,2020-12-15,7,7,7,7,0,0,0,0,7,7,0,0,7,7,Not in California
Outside California,2020-12-16,133,140,133,140,0,0,0,0,133,140,0,0,133,140,Not in California
Outside California,2020-12-17,1532,1672,1532,1672,0,0,0,0,1532,1672,0,0,1532,1672,Not in California
Outside California,2020-12-18,2397,4069,2393,4065,4,4,0,0,2396,4068,0,0,2396,4068,Not in California
Outside California,2020-12-19,1006,5075,1005,5070,1,5,0,0,1006,5074,0,0,1006,5074,Not in California
Outside California,2020-12-20,650,5725,649,5719,1,6,0,0,650,5724,0,0,650,5724,Not in California
Outside California,2020-12-21,2096,7821,2096,7815,0,6,0,0,2095,7819,0,0,2095,7819,Not in California
Outside California,2020-12-22,1958,9779,1925,9740,33,39,0,0,1958,9777,0,0,1958,9777,Not in California
Outside California,2020-12-23,1426,11205,1313,11053,113,152,0,0,1426,11203,0,0,1426,11203,Not in California
Outside California,2020-12-24,809,12014,615,11668,194,346,0,0,809,12012,0,0,809,12012,Not in California
Outside California,2020-12-25,33,12047,29,11697,4,350,0,0,33,12045,0,0,33,12045,Not in California
Outside California,2020-12-26,309,12356,204,11901,105,455,0,0,309,12354,0,0,309,12354,Not in California
Outside California,2020-12-27,190,12546,72,11973,118,573,0,0,190,12544,0,0,190,12544,Not in California
Outside California,2020-12-28,1400,13946,883,12856,517,1090,0,0,1400,13944,0,0,1400,13944,Not in California
Outside California,2020-12-29,1462,15408,938,13794,524,1614,0,0,1462,15406,0,0,1462,15406,Not in California
Outside California,2020-12-30,1858,17266,1197,14991,661,2275,0,0,1859,17265,0,0,1859,17265,Not in California
Outside California,2020-12-31,1069,18335,590,15581,479,2754,0,0,1070,18335,0,0,1070,18335,Not in California
Outside California,2021-01-01,105,18440,21,15602,84,2838,0,0,105,18440,0,0,105,18440,Not in California
Outside California,2021-01-02,241,18681,136,15738,105,2943,0,0,240,18679,1,1,240,18680,Not in California
Outside California,2021-01-03,178,18859,98,15836,80,3023,0,0,178,18857,0,1,178,18858,Not in California
Outside California,2021-01-04,1128,19987,504,16340,624,3647,0,0,1122,19978,1,2,1122,19980,Not in California
Outside California,2021-01-05,1448,21435,761,17101,687,4334,0,0,1310,21152,136,138,1310,21290,Not in California
Outside California,2021-01-06,2570,24005,1533,18634,1037,5371,0,0,1894,22364,683,821,1895,23185,Not in California
Outside California,2021-01-07,4101,28106,2520,21154,1581,6952,0,0,2463,23200,1637,2458,2473,25658,Not in California
Outside California,2021-01-08,4287,32393,2710,23864,1577,8529,0,0,2540,24011,1737,4195,2548,28206,Not in California
Outside California,2021-01-09,1341,33734,542,24406,799,9328,0,0,1011,24696,328,4523,1013,29219,Not in California
Outside California,2021-01-10,294,34028,179,24585,115,9443,0,0,173,24748,121,4644,173,29392,Not in California
Outside California,2021-01-11,3248,37276,1955,26540,1293,10736,0,0,1931,25362,1318,5962,1932,31324,Not in California
Outside California,2021-01-12,3776,41052,2268,28808,1508,12244,0,0,2287,26167,1484,7446,2289,33613,Not in California
Outside California,2021-01-13,3506,44558,1751,30559,1755,13999,0,0,2382,27425,1129,8575,2387,36000,Not in California
Outside California,2021-01-14,3681,48239,1241,31800,2440,16439,0,0,3068,29887,611,9186,3073,39073,Not in California
Outside California,2021-01-15,4080,52319,935,32735,3145,19584,0,0,3635,33086,442,9628,3641,42714,Not in California
Outside California,2021-01-16,2419,54738,343,33078,2076,21660,0,0,2258,35186,158,9786,2258,44972,Not in California
Outside California,2021-01-17,454,55192,143,33221,311,21971,0,0,398,35529,55,9841,398,45370,Not in California
Outside California,2021-01-18,1083,56275,748,33969,335,22306,0,0,611,35670,471,10312,612,45982,Not in California
Outside California,2021-01-19,3991,60266,1287,35256,2704,25010,0,0,3147,37974,844,11156,3148,49130,Not in California
Outside California,2021-01-20,4310,64576,1331,36587,2979,27989,0,0,3443,40555,864,12020,3445,52575,Not in California
Outside California,2021-01-21,4001,68577,978,37565,3023,31012,0,0,3482,43536,504,12524,3485,56060,Not in California
Outside California,2021-01-22,4558,73135,1006,38571,3552,34564,0,0,4154,47293,399,12923,4156,60216,Not in California
Outside California,2021-01-23,2244,75379,324,38895,1920,36484,0,0,2075,49200,168,13091,2075,62291,Not in California
Outside California,2021-01-24,709,76088,338,39233,371,36855,0,0,626,49743,83,13174,626,62917,Not in California
Outside California,2021-01-25,4434,80522,1938,41171,2496,39351,0,0,3603,52510,843,14017,3610,66527,Not in California
Outside California,2021-01-26,6146,86668,3157,44328,2989,42340,0,0,5347,57049,818,14835,5357,71884,Not in California
Outside California,2021-01-27,4964,91632,2967,47295,1997,44337,0,0,4422,60910,563,15398,4424,76308,Not in California
Outside California,2021-01-28,5102,96734,2967,50262,2135,46472,0,0,4672,65136,446,15844,4672,80980,Not in California
Outside California,2021-01-29,4600,101334,2941,53203,1659,48131,0,0,3895,68322,709,16553,3895,84875,Not in California
Outside California,2021-01-30,4179,105513,2504,55707,1675,49806,0,0,3965,72072,215,16768,3965,88840,Not in California
Outside California,2021-01-31,3443,108956,3157,58864,286,50092,0,0,3366,75365,76,16844,3369,92209,Not in California
Outside California,2021-02-01,5805,114761,2920,61784,2885,52977,0,0,5164,79892,639,17483,5166,97375,Not in California
Outside California,2021-02-02,7264,122025,2722,64506,4542,57519,0,0,6570,85779,684,18167,6571,103946,Not in California
Outside California,2021-02-03,7882,129907,2789,67295,5093,62612,0,0,7080,92069,791,18958,7081,111027,Not in California
Outside California,2021-02-04,7160,137067,2722,70017,4438,67050,0,0,6227,97380,918,19876,6229,117256,Not in California
Outside California,2021-02-05,6576,143643,2158,72175,4418,71468,0,0,5590,101981,989,20865,5590,122846,Not in California
Outside California,2021-02-06,4295,147938,2147,74322,2148,73616,0,0,3869,105435,417,21282,3871,126717,Not in California
Outside California,2021-02-07,2859,150797,2409,76731,450,74066,0,0,2783,108145,76,21358,2786,129503,Not in California
Outside California,2021-02-08,5795,156592,3757,80488,2038,76104,0,0,4728,111825,1049,22407,4729,134232,Not in California
Outside California,2021-02-09,4756,161348,2286,82774,2470,78574,0,0,3455,114008,1286,23693,3469,137701,Not in California
Outside California,2021-02-10,5890,167238,2178,84952,3712,82286,0,0,3552,115277,2330,26023,3599,141300,Not in California
Outside California,2021-02-11,4775,172013,2070,87022,2705,84991,0,0,3624,117778,1142,27165,3643,144943,Not in California
Outside California,2021-02-12,4591,176604,1599,88621,2992,87983,0,0,2962,119127,1620,28785,2969,147912,Not in California
Outside California,2021-02-13,2245,178849,626,89247,1619,89602,0,0,1789,120480,447,29232,1800,149712,Not in California
Outside California,2021-02-14,1456,180305,464,89711,992,90594,0,0,1180,121424,272,29504,1216,150928,Not in California
Outside California,2021-02-15,2507,182812,1554,91265,953,91547,0,0,1153,121277,1337,30841,1190,152118,Not in California
Outside California,2021-02-16,6297,189109,2848,94113,3449,94996,0,0,2509,120020,3781,34622,2524,154642,Not in California
Outside California,2021-02-17,5746,194855,2854,96967,2892,97888,0,0,1716,117720,4022,38644,1722,156364,Not in California
Outside California,2021-02-18,5828,200683,3308,100275,2520,100408,0,0,1598,115108,4217,42861,1605,157969,Not in California
Outside California,2021-02-19,4937,205620,3327,103602,1610,102018,0,0,1720,113618,3214,46075,1724,159693,Not in California
Outside California,2021-02-20,3137,208757,2651,106253,486,102504,0,0,1088,112661,2047,48122,1090,160783,Not in California
Outside California,2021-02-21,1788,210545,1581,107834,207,102711,0,0,603,112082,1182,49304,603,161386,Not in California
Outside California,2021-02-22,2682,213227,1867,109701,815,103526,0,0,930,111267,1752,51056,937,162323,Not in California
Outside California,2021-02-23,5055,218282,2507,112208,2548,106074,0,0,1566,109358,3485,54541,1576,163899,Not in California
Outside California,2021-02-24,5278,223560,2608,114816,2670,108744,0,0,1528,107148,3744,58285,1534,165433,Not in California
Outside California,2021-02-25,5770,229330,2534,117350,3236,111980,0,0,2103,105612,3648,61933,2112,167545,Not in California
Outside California,2021-02-26,6067,235397,3062,120412,3005,114985,0,0,2542,104712,3447,65380,2547,170092,Not in California
Outside California,2021-02-27,4578,239975,2291,122703,2286,117271,1,1,1277,102707,3286,68666,1281,171373,Not in California
Outside California,2021-02-28,2695,242670,2062,124765,633,117904,0,1,1069,102153,1625,70291,1071,172444,Not in California
Outside California,2021-03-01,4583,247253,3044,127809,1539,119443,0,1,1220,100032,3353,73644,1232,173676,Not in California
Outside California,2021-03-02,6103,253356,2051,129860,4052,123495,0,1,1768,97563,4328,77972,1859,175535,Not in California
Outside California,2021-03-03,6886,260242,2317,132177,4569,128064,0,1,1827,94347,5052,83024,1836,177371,Not in California
Outside California,2021-03-04,6090,266332,2316,134493,3773,131837,1,2,1908,92113,4163,87187,1929,179300,Not in California
Outside California,2021-03-05,4294,270626,1859,136352,2419,134256,16,18,2122,92096,2169,89356,2152,181452,Not in California
Outside California,2021-03-06,4113,274739,1790,138142,2190,136446,133,151,2014,92227,2095,91451,2226,183678,Not in California
Outside California,2021-03-07,1603,276342,1028,139170,523,136969,52,203,980,92661,623,92074,1057,184735,Not in California
Outside California,2021-03-08,2523,278865,1443,140613,869,137838,211,414,1809,93998,685,92759,2022,186757,Not in California
Outside California,2021-03-09,3520,282385,1397,142010,1839,139677,284,698,1911,94610,1605,94364,2217,188974,Not in California
Outside California,2021-03-10,3742,286127,1568,143578,1700,141377,474,1172,2157,95717,1578,95942,2685,191659,Not in California
Outside California,2021-03-11,5591,291718,2655,146233,2242,143619,694,1866,2900,96663,2690,98632,3636,195295,Not in California
Outside California,2021-03-12,5165,296883,2735,148968,1661,145280,769,2635,2832,98035,2327,100959,3699,198994,Not in California
Outside California,2021-03-13,3083,299966,1722,150690,825,146105,536,3171,2017,99531,1062,102021,2558,201552,Not in California
Outside California,2021-03-14,1761,301727,963,151653,452,146557,346,3517,1104,100334,657,102678,1460,203012,Not in California
Outside California,2021-03-15,3595,305322,1555,153208,1628,148185,412,3929,2186,101583,1403,104081,2652,205664,Not in California
Outside California,2021-03-16,6525,311847,3186,156394,2941,151126,398,4327,3860,103222,2662,106743,4301,209965,Not in California
Outside California,2021-03-17,6833,318680,3671,160065,2740,153866,422,4749,4193,105219,2636,109379,4633,214598,Not in California
Outside California,2021-03-18,6426,325106,3473,163538,2423,156289,530,5279,4032,107449,2385,111764,4615,219213,Not in California
Outside California,2021-03-19,5751,330857,3124,166662,2086,158375,541,5820,3582,109493,2164,113928,4208,223421,Not in California
Outside California,2021-03-20,3326,334183,2137,168799,1086,159461,103,5923,2745,111772,572,114500,2851,226272,Not in California
Outside California,2021-03-21,1828,336011,1260,170059,469,159930,99,6022,1413,112873,414,114914,1515,227787,Not in California
Outside California,2021-03-22,2996,339007,1608,171667,1277,161207,111,6133,1973,113941,1018,115932,2086,229873,Not in California
Outside California,2021-03-23,6092,345099,3000,174667,2829,164036,263,6396,4322,116773,1758,117690,4590,234463,Not in California
Outside California,2021-03-24,6883,351982,3257,177924,3187,167223,439,6835,5251,120848,1621,119311,5696,240159,Not in California
Outside California,2021-03-25,7826,359808,3366,181290,3922,171145,538,7373,5943,125476,1869,121180,6497,246656,Not in California
Outside California,2021-03-26,6450,366258,3340,184630,2930,174075,180,7553,4597,128445,1836,123016,4805,251461,Not in California
Outside California,2021-03-27,4527,370785,2624,187254,1843,175918,60,7613,3128,130271,1391,124407,3217,254678,Not in California
Outside California,2021-03-28,2561,373346,1313,188567,1181,177099,67,7680,1658,131110,897,125304,1736,256414,Not in California
Outside California,2021-03-29,3131,376477,1392,189959,1490,178589,249,7929,1898,132039,1230,126534,2159,258573,Not in California
Unknown,2020-12-17,37,37,37,37,0,0,0,0,1,1,0,0,1,1,Not in California
Unknown,2020-12-18,52,89,52,89,0,0,0,0,2,3,0,0,2,3,Not in California
Unknown,2020-12-21,41,130,41,130,0,0,0,0,0,3,0,0,0,3,Not in California
Unknown,2020-12-26,1,131,1,131,0,0,0,0,1,4,0,0,1,4,Not in California
Unknown,2020-12-28,3,134,3,134,0,0,0,0,3,7,0,0,3,7,Not in California
Unknown,2020-12-29,3,137,3,137,0,0,0,0,3,10,0,0,3,10,Not in California
Unknown,2020-12-30,55,192,55,192,0,0,0,0,55,65,0,0,55,65,Not in California
Unknown,2020-12-31,2,194,0,192,2,2,0,0,0,65,0,0,0,65,Not in California
Unknown,2021-01-02,2,196,0,192,2,4,0,0,2,67,0,0,2,67,Not in California
Unknown,2021-01-03,1,197,0,192,1,5,0,0,1,68,0,0,1,68,Not in California
Unknown,2021-01-04,3,200,2,194,1,6,0,0,3,71,0,0,3,71,Not in California
Unknown,2021-01-05,4,204,0,194,4,10,0,0,4,75,0,0,4,75,Not in California
Unknown,2021-01-06,6,210,2,196,4,14,0,0,6,81,0,0,6,81,Not in California
Unknown,2021-01-07,70,280,68,264,2,16,0,0,70,151,0,0,70,151,Not in California
Unknown,2021-01-09,4,284,2,266,2,18,0,0,5,156,0,0,5,156,Not in California
Unknown,2021-01-10,1,285,0,266,1,19,0,0,1,157,0,0,1,157,Not in California
Unknown,2021-01-11,19,304,19,285,0,19,0,0,18,175,0,0,18,175,Not in California
Unknown,2021-01-12,9,313,8,293,1,20,0,0,7,182,1,1,8,183,Not in California
Unknown,2021-01-13,11,324,11,304,0,20,0,0,12,194,0,1,12,195,Not in California
Unknown,2021-01-14,2,326,2,306,0,20,0,0,2,196,0,1,2,197,Not in California
Unknown,2021-01-15,4,330,3,309,1,21,0,0,5,201,0,1,5,202,Not in California
Unknown,2021-01-16,8,338,8,317,0,21,0,0,7,207,1,2,7,209,Not in California
Unknown,2021-01-17,3,341,3,320,0,21,0,0,3,210,0,2,3,212,Not in California
Unknown,2021-01-18,58,399,58,378,0,21,0,0,56,264,2,4,56,268,Not in California
Unknown,2021-01-19,25,424,25,403,0,21,0,0,23,286,1,5,23,291,Not in California
Unknown,2021-01-20,80,504,80,483,0,21,0,0,28,262,52,57,28,319,Not in California
Unknown,2021-01-21,61,565,58,541,3,24,0,0,63,325,0,57,63,382,Not in California
Unknown,2021-01-22,43,608,37,578,6,30,0,0,42,367,0,57,42,424,Not in California
Unknown,2021-01-23,13,621,7,585,6,36,0,0,13,380,0,57,13,437,Not in California
Unknown,2021-01-24,2,623,2,587,0,36,0,0,3,383,0,57,3,440,Not in California
Unknown,2021-01-25,20,643,18,605,2,38,0,0,18,399,2,59,18,458,Not in California
Unknown,2021-01-26,96,739,96,701,0,38,0,0,98,497,1,60,99,557,Not in California
Unknown,2021-01-27,19,758,19,720,0,38,0,0,18,514,1,61,18,575,Not in California
Unknown,2021-01-28,166,924,163,883,3,41,0,0,111,565,60,121,111,686,Not in California
Unknown,2021-01-29,163,1087,162,1045,1,42,0,0,167,730,2,123,167,853,Not in California
Unknown,2021-01-30,13,1100,9,1054,4,46,0,0,15,743,2,125,15,868,Not in California
Unknown,2021-01-31,20,1120,19,1073,1,47,0,0,19,760,2,127,19,887,Not in California
Unknown,2021-02-01,37,1157,36,1109,1,48,0,0,22,765,17,144,22,909,Not in California
Unknown,2021-02-02,75,1232,74,1183,1,49,0,0,68,827,6,150,68,977,Not in California
Unknown,2021-02-03,54,1286,51,1234,3,52,0,0,43,858,12,162,43,1020,Not in California
Unknown,2021-02-04,69,1355,62,1296,7,59,0,0,66,917,7,169,66,1086,Not in California
Unknown,2021-02-05,15,1370,9,1305,6,65,0,0,14,925,6,175,14,1100,Not in California
Unknown,2021-02-06,18,1388,14,1319,4,69,0,0,15,934,6,181,15,1115,Not in California
Unknown,2021-02-07,12,1400,10,1329,2,71,0,0,8,938,4,185,8,1123,Not in California
Unknown,2021-02-08,60,1460,57,1386,3,74,0,0,20,915,43,228,20,1143,Not in California
Unknown,2021-02-09,21,1481,20,1406,1,75,0,0,5,904,16,244,5,1148,Not in California
Unknown,2021-02-10,39,1520,34,1440,5,80,0,0,13,891,26,270,13,1161,Not in California
Unknown,2021-02-11,100,1620,97,1537,3,83,0,0,50,889,52,322,50,1211,Not in California
Unknown,2021-02-12,50,1670,40,1577,10,93,0,0,21,876,34,356,21,1232,Not in California
Unknown,2021-02-13,12,1682,4,1581,8,101,0,0,15,890,1,357,15,1247,Not in California
Unknown,2021-02-14,8,1690,1,1582,7,108,0,0,6,895,1,358,6,1253,Not in California
Unknown,2021-02-15,46,1736,39,1621,7,115,0,0,33,916,12,370,33,1286,Not in California
Unknown,2021-02-16,118,1854,109,1730,9,124,0,0,43,884,75,445,43,1329,Not in California
Unknown,2021-02-17,13,1867,11,1741,2,126,0,0,8,887,5,450,8,1337,Not in California
Unknown,2021-02-18,118,1985,112,1853,6,132,0,0,24,818,93,543,24,1361,Not in California
Unknown,2021-02-19,216,2201,211,2064,5,137,0,0,67,733,152,695,67,1428,Not in California
Unknown,2021-02-20,17,2218,6,2070,11,148,0,0,11,740,4,699,11,1439,Not in California
Unknown,2021-02-21,20,2238,20,2090,0,148,0,0,9,736,13,712,9,1448,Not in California
Unknown,2021-02-22,10,2248,10,2100,0,148,0,0,8,741,3,715,8,1456,Not in California
Unknown,2021-02-23,71,2319,59,2159,12,160,0,0,21,711,51,766,21,1477,Not in California
Unknown,2021-02-24,55,2374,47,2206,8,168,0,0,26,705,32,798,26,1503,Not in California
Unknown,2021-02-25,83,2457,69,2275,14,182,0,0,32,686,51,849,32,1535,Not in California
Unknown,2021-02-26,44,2501,23,2298,21,203,0,0,32,705,13,862,32,1567,Not in California
Unknown,2021-02-27,26,2527,13,2311,13,216,0,0,20,717,8,870,20,1587,Not in California
Unknown,2021-02-28,39,2566,22,2333,17,233,0,0,32,746,4,874,33,1620,Not in California
Unknown,2021-03-01,53,2619,33,2366,20,253,0,0,34,761,19,893,34,1654,Not in California
Unknown,2021-03-02,21,2640,6,2372,15,268,0,0,17,772,6,899,17,1671,Not in California
Unknown,2021-03-03,19,2659,10,2382,9,277,0,0,24,793,3,902,24,1695,Not in California
Unknown,2021-03-04,57,2716,54,2436,3,280,0,0,25,786,32,934,25,1720,Not in California
Unknown,2021-03-05,179,2895,62,2498,117,397,0,0,174,953,7,941,174,1894,Not in California
Unknown,2021-03-06,203,3098,44,2542,120,517,39,39,153,1097,49,990,193,2087,Not in California
Unknown,2021-03-07,73,3171,31,2573,28,545,14,53,56,1150,17,1007,70,2157,Not in California
Unknown,2021-03-08,226,3397,97,2670,80,625,49,102,148,1269,77,1084,196,2353,Not in California
Unknown,2021-03-09,179,3576,115,2785,9,634,55,157,89,1324,89,1173,144,2497,Not in California
Unknown,2021-03-10,175,3751,118,2903,4,638,53,210,115,1433,60,1233,169,2666,Not in California
Unknown,2021-03-11,153,3904,76,2979,12,650,65,275,79,1504,73,1306,144,2810,Not in California
Unknown,2021-03-12,119,4023,66,3045,23,673,30,305,51,1519,68,1374,83,2893,Not in California
Unknown,2021-03-13,106,4129,31,3076,23,696,52,357,45,1556,60,1434,97,2990,Not in California
Unknown,2021-03-14,120,4249,60,3136,35,731,25,382,82,1625,38,1472,107,3097,Not in California
Unknown,2021-03-15,264,4513,153,3289,91,822,20,402,226,1833,38,1510,246,3343,Not in California
Unknown,2021-03-16,310,4823,198,3487,108,930,4,406,280,2087,30,1540,284,3627,Not in California
Unknown,2021-03-17,251,5074,155,3642,93,1023,3,409,238,2315,13,1553,241,3868,Not in California
Unknown,2021-03-18,178,5252,77,3719,99,1122,2,411,163,2466,14,1567,165,4033,Not in California
Unknown,2021-03-19,150,5402,86,3805,63,1185,1,412,143,2604,6,1573,144,4177,Not in California
Unknown,2021-03-20,152,5554,76,3881,76,1261,0,412,137,2727,14,1587,137,4314,Not in California
Unknown,2021-03-21,170,5724,94,3975,64,1325,12,424,152,2873,18,1605,164,4478,Not in California
Unknown,2021-03-22,225,5949,138,4113,80,1405,7,431,200,3058,25,1630,210,4688,Not in California
Unknown,2021-03-23,226,6175,152,4265,73,1478,1,432,215,3263,11,1641,216,4904,Not in California
Unknown,2021-03-24,286,6461,185,4450,98,1576,3,435,265,3510,21,1662,268,5172,Not in California
Unknown,2021-03-25,300,6761,177,4627,116,1692,7,442,278,3774,22,1684,286,5458,Not in California
Unknown,2021-03-26,316,7077,191,4818,124,1816,1,443,262,3984,53,1737,263,5721,Not in California
Unknown,2021-03-27,269,7346,144,4962,122,1938,3,446,229,4178,40,1777,234,5955,Not in California
Unknown,2021-03-28,319,7665,194,5156,120,2058,5,451,277,4419,41,1818,282,6237,Not in California
Unknown,2021-03-29,3,7668,0,5156,3,2061,0,451,2,4420,1,1819,2,6239,Not in California
Alameda,2020-12-15,36,36,36,36,0,0,0,0,36,36,0,0,36,36,California
Alameda,2020-12-16,201,237,201,237,0,0,0,0,201,237,0,0,201,237,California
Alameda,2020-12-17,445,682,445,682,0,0,0,0,445,682,0,0,445,682,California
Alameda,2020-12-18,1790,2472,1789,2471,1,1,0,0,1790,2472,0,0,1790,2472,California
Alameda,2020-12-19,1462,3934,1462,3933,0,1,0,0,1463,3935,0,0,1463,3935,California
Alameda,2020-12-20,1179,5113,1178,5111,1,2,0,0,1178,5112,1,1,1178,5113,California
Alameda,2020-12-21,1846,6959,1845,6956,1,3,0,0,1845,6957,0,1,1845,6958,California
Alameda,2020-12-22,2082,9041,2031,8987,51,54,0,0,2082,9039,0,1,2082,9040,California
Alameda,2020-12-23,1892,10933,1636,10623,256,310,0,0,1892,10931,0,1,1892,10932,California
Alameda,2020-12-24,1213,12146,757,11380,456,766,0,0,1213,12144,0,1,1213,12145,California
Alameda,2020-12-25,160,12306,124,11504,36,802,0,0,160,12304,0,1,160,12305,California
Alameda,2020-12-26,853,13159,312,11816,541,1343,0,0,853,13157,0,1,853,13158,California
Alameda,2020-12-27,499,13658,256,12072,243,1586,0,0,499,13656,0,1,499,13657,California
Alameda,2020-12-28,1855,15513,929,13001,926,2512,0,0,1855,15511,0,1,1855,15512,California
Alameda,2020-12-29,2421,17934,1022,14023,1399,3911,0,0,2420,17931,0,1,2420,17932,California
Alameda,2020-12-30,3101,21035,1338,15361,1763,5674,0,0,3101,21032,0,1,3101,21033,California
Alameda,2020-12-31,1780,22815,436,15797,1344,7018,0,0,1780,22812,0,1,1780,22813,California
Alameda,2021-01-01,167,22982,68,15865,99,7117,0,0,167,22979,0,1,167,22980,California
Alameda,2021-01-02,712,23694,518,16383,194,7311,0,0,711,23690,0,1,711,23691,California
Alameda,2021-01-03,338,24032,217,16600,121,7432,0,0,335,24022,3,4,335,24026,California
Alameda,2021-01-04,1644,25676,942,17542,702,8134,0,0,1632,25643,11,15,1632,25658,California
Alameda,2021-01-05,2192,27868,1257,18799,935,9069,0,0,1954,27361,236,251,1954,27612,California
Alameda,2021-01-06,3245,31113,1782,20581,1463,10532,0,0,2416,28951,827,1078,2417,30029,California
Alameda,2021-01-07,3750,34863,2109,22690,1641,12173,0,0,2628,30473,1113,2191,2635,32664,California
Alameda,2021-01-08,4729,39592,2701,25391,2028,14201,0,0,3098,31948,1626,3817,3101,35765,California
Alameda,2021-01-09,2030,41622,1389,26780,641,14842,0,0,1172,32262,859,4676,1173,36938,California
Alameda,2021-01-10,1033,42655,815,27595,218,15060,0,0,422,32072,612,5288,422,37360,California
Alameda,2021-01-11,4462,47117,3331,30926,1131,16191,0,0,2778,33172,1684,6972,2784,40144,California
Alameda,2021-01-12,4750,51867,3188,34114,1562,17753,0,0,3391,35208,1359,8331,3395,43539,California
Alameda,2021-01-13,5002,56869,2646,36760,2356,20109,0,0,3831,37878,1167,9498,3837,47376,California
Alameda,2021-01-14,5585,62454,2724,39484,2861,22970,0,0,4713,41731,863,10361,4716,52092,California
Alameda,2021-01-15,5812,68266,2407,41891,3405,26375,0,0,4997,45924,808,11169,5001,57093,California
Alameda,2021-01-16,3119,71385,1477,43368,1642,28017,0,0,2814,48433,305,11474,2814,59907,California
Alameda,2021-01-17,1869,73254,1075,44443,794,28811,0,0,1664,49892,205,11679,1664,61571,California
Alameda,2021-01-18,3234,76488,2090,46533,1144,29955,0,0,2616,51899,614,12293,2621,64192,California
Alameda,2021-01-19,5506,81994,3335,49868,2171,32126,0,0,4317,55035,1187,13480,4323,68515,California
Alameda,2021-01-20,6585,88579,4022,53890,2563,34689,0,0,5295,59056,1278,14758,5299,73814,California
Alameda,2021-01-21,7668,96247,3373,57263,4295,38984,0,0,6858,65112,804,15562,6860,80674,California
Alameda,2021-01-22,6899,103146,2045,59308,4854,43838,0,0,5741,69704,1151,16713,5743,86417,California
Alameda,2021-01-23,3268,106414,939,60247,2329,46167,0,0,2718,71875,549,17262,2720,89137,California
Alameda,2021-01-24,2079,108493,678,60925,1401,47568,0,0,1784,73368,291,17553,1784,90921,California
Alameda,2021-01-25,5159,113652,1958,62883,3201,50769,0,0,3605,75431,1548,19101,3611,94532,California
Alameda,2021-01-26,7202,120854,2267,65150,4935,55704,0,0,5339,78917,1853,20954,5339,99871,California
Alameda,2021-01-27,6636,127490,2050,67200,4586,60290,0,0,4813,81917,1813,22767,4813,104684,California
Alameda,2021-01-28,7788,135278,2479,69679,5309,65599,0,0,5598,85344,2172,24939,5599,110283,California
Alameda,2021-01-29,7808,143086,3097,72776,4711,70310,0,0,6044,89635,1753,26692,6044,116327,California
Alameda,2021-01-30,3238,146324,1500,74276,1738,72048,0,0,2698,91797,537,27229,2699,119026,California
Alameda,2021-01-31,2138,148462,1196,75472,942,72990,0,0,1665,93006,457,27686,1666,120692,California
Alameda,2021-02-01,5910,154372,3331,78803,2579,75569,0,0,4292,95688,1611,29297,4293,124985,California
Alameda,2021-02-02,7413,161785,4220,83023,3193,78762,0,0,4642,97567,2763,32060,4642,129627,California
Alameda,2021-02-03,7056,168841,3732,86755,3324,82086,0,0,4387,99292,2665,34725,4390,134017,California
Alameda,2021-02-04,9450,178291,4123,90878,5327,87413,0,0,6426,102713,3008,37733,6429,140446,California
Alameda,2021-02-05,10302,188593,5375,96253,4927,92340,0,0,6448,105319,3846,41579,6452,146898,California
Alameda,2021-02-06,6998,195591,4425,100678,2573,94913,0,0,5883,110086,1117,42696,5884,152782,California
Alameda,2021-02-07,3574,199165,2887,103565,687,95600,0,0,2645,111806,926,43622,2646,155428,California
Alameda,2021-02-08,8070,207235,5768,109333,2302,97902,0,0,5542,114832,2517,46139,5543,160971,California
Alameda,2021-02-09,9668,216903,5844,115177,3824,101726,0,0,6041,117253,3621,49760,6042,167013,California
Alameda,2021-02-10,11415,228318,6769,121946,4646,106372,0,0,6613,119086,4786,54546,6619,173632,California
Alameda,2021-02-11,13795,242113,7872,129818,5923,112295,0,0,8370,122048,5412,59958,8374,182006,California
Alameda,2021-02-12,12441,254554,5660,135478,6781,119076,0,0,7701,125019,4731,64689,7702,189708,California
Alameda,2021-02-13,7770,262324,4044,139522,3726,122802,0,0,5825,128903,1943,66632,5827,195535,California
Alameda,2021-02-14,4029,266353,2540,142062,1489,124291,0,0,2871,130621,1155,67787,2873,198408,California
Alameda,2021-02-15,5679,272032,3212,145274,2467,126758,0,0,3686,132317,1991,69778,3687,202095,California
Alameda,2021-02-16,12442,284474,6903,152177,5539,132297,0,0,9281,138448,3153,72931,9284,211379,California
Alameda,2021-02-17,14029,298503,8295,160472,5734,138031,0,0,10437,145310,3576,76507,10438,221817,California
Alameda,2021-02-18,15724,314227,9969,170441,5755,143786,0,0,11439,152467,4283,80790,11440,233257,California
Alameda,2021-02-19,17426,331653,11324,181765,6102,149888,0,0,11596,158246,5817,86607,11596,244853,California
Alameda,2021-02-20,11740,343393,9499,191264,2241,152129,0,0,9052,164614,2686,89293,9054,253907,California
Alameda,2021-02-21,6100,349493,5175,196439,925,153054,0,0,3670,165861,2423,91716,3670,257577,California
Alameda,2021-02-22,10600,360093,7822,204261,2778,155832,0,0,6720,168725,3865,95581,6729,264306,California
Alameda,2021-02-23,12626,372719,7660,211921,4966,160798,0,0,7870,171852,4750,100331,7877,272183,California
Alameda,2021-02-24,14525,387244,8137,220058,6388,167186,0,0,9441,176236,5063,105394,9447,281630,California
Alameda,2021-02-25,15440,402684,9040,229098,6400,173586,0,0,9823,180482,5588,110982,9834,291464,California
Alameda,2021-02-26,17965,420649,10569,239667,7396,180982,0,0,11630,185824,6293,117275,11635,303099,California
Alameda,2021-02-27,14605,435254,10744,250411,3861,184843,0,0,9054,189350,5531,122806,9057,312156,California
Alameda,2021-02-28,9126,444380,7699,258110,1427,186270,0,0,6075,192394,3033,125839,6077,318233,California
Alameda,2021-03-01,13122,457502,9128,267238,3994,190264,0,0,8145,195602,4940,130779,8148,326381,California
Alameda,2021-03-02,13541,471043,9446,276684,4095,194359,0,0,8725,199535,4800,135579,8733,335114,California
Alameda,2021-03-03,13942,484985,9068,285752,4874,199233,0,0,9419,204458,4497,140076,9420,344534,California
Alameda,2021-03-04,15410,500395,9675,295427,5735,204968,0,0,9499,208090,5879,145955,9511,354045,California
Alameda,2021-03-05,13951,514346,8739,304166,5208,210176,4,4,9371,212927,4547,150502,9384,363429,California
Alameda,2021-03-06,13343,527689,9619,313785,3473,213649,251,255,8813,217506,4497,154999,9076,372505,California
Alameda,2021-03-07,9269,536958,8053,321838,1139,214788,77,332,6567,221473,2679,157678,6646,379151,California
Alameda,2021-03-08,11307,548265,7009,328847,3999,218787,299,631,8517,227554,2744,160422,8825,387976,California
Alameda,2021-03-09,11058,559323,6746,335593,3879,222666,433,1064,6235,229417,4811,165233,6674,394650,California
Alameda,2021-03-10,16115,575438,10941,346534,4646,227312,528,1592,7261,228369,8837,174070,7789,402439,California
Alameda,2021-03-11,18925,594363,10966,357500,6500,233812,1459,3051,6506,223944,12395,186465,7970,410409,California
Alameda,2021-03-12,18890,613253,11103,368603,6521,240333,1266,4317,6644,219636,12226,198691,7918,418327,California
Alameda,2021-03-13,13717,626970,8779,377382,3997,244330,941,5258,4534,215963,9150,207841,5477,423804,California
Alameda,2021-03-14,10149,637119,7619,385001,1753,246083,777,6035,4515,215629,5622,213463,5288,429092,California
Alameda,2021-03-15,14369,651488,9325,394326,4520,250603,524,6559,6481,214771,7862,221325,7004,436096,California
Alameda,2021-03-16,17248,668736,11119,405445,5582,256185,547,7106,7708,213544,9486,230811,8259,444355,California
Alameda,2021-03-17,16985,685721,9631,415076,6694,262879,660,7766,7996,213241,8964,239775,8661,453016,California
Alameda,2021-03-18,15791,701512,8662,423738,6330,269209,799,8565,7100,212477,8669,248444,7905,460921,California
Alameda,2021-03-19,16409,717921,9034,432772,5980,275189,1395,9960,6596,210696,9782,258226,8001,468922,California
Alameda,2021-03-20,10793,728714,7187,439959,2953,278142,653,10613,4653,209884,6121,264347,5309,474231,California
Alameda,2021-03-21,8768,737482,6794,446753,1439,279581,535,11148,3713,209086,5047,269394,4249,478480,California
Alameda,2021-03-22,15016,752498,10068,456821,3970,283551,978,12126,7393,209867,7603,276997,8384,486864,California
Alameda,2021-03-23,18917,771415,11444,468265,6691,290242,782,12908,10677,213147,8206,285203,11486,498350,California
Alameda,2021-03-24,18731,790146,11342,479607,6433,296675,956,13864,8612,212929,10069,295272,9851,508201,California
Alameda,2021-03-25,19869,810015,11100,490707,7524,304199,1245,15109,9470,214009,10346,305618,11426,519627,California
Alameda,2021-03-26,20196,830211,12147,502854,6566,310765,1483,16592,8673,213549,11491,317109,11031,530658,California
Alameda,2021-03-27,17801,848012,12009,514863,4866,315631,926,17518,7583,212294,10175,327284,8920,539578,California
Alameda,2021-03-28,10256,858268,8262,523125,1791,317422,203,17721,3728,209770,6518,333802,3994,543572,California
Alameda,2021-03-29,11150,869418,7516,530641,2859,320281,775,18496,4466,208398,6667,340469,5295,548867,California
Alpine,2020-12-18,2,2,2,2,0,0,0,0,2,2,0,0,2,2,California
Alpine,2020-12-19,2,4,2,4,0,0,0,0,2,4,0,0,2,4,California
Alpine,2020-12-21,2,6,2,6,0,0,0,0,2,6,0,0,2,6,California
Alpine,2020-12-30,15,21,0,6,15,15,0,0,15,21,0,0,15,21,California
Alpine,2020-12-31,1,22,0,6,1,16,0,0,1,22,0,0,1,22,California
Alpine,2021-01-02,1,23,1,7,0,16,0,0,1,23,0,0,1,23,California
Alpine,2021-01-04,10,33,0,7,10,26,0,0,10,33,0,0,10,33,California
Alpine,2021-01-05,9,42,1,8,8,34,0,0,9,42,0,0,9,42,California
Alpine,2021-01-06,31,73,0,8,31,65,0,0,31,73,0,0,31,73,California
Alpine,2021-01-07,8,81,0,8,8,73,0,0,8,81,0,0,8,81,California
Alpine,2021-01-08,4,85,2,10,2,75,0,0,2,81,2,2,2,83,California
Alpine,2021-01-09,2,87,2,12,0,75,0,0,0,79,2,4,0,83,California
Alpine,2021-01-11,32,119,1,13,31,106,0,0,31,109,1,5,31,114,California
Alpine,2021-01-13,35,154,0,13,35,141,0,0,35,144,0,5,35,149,California
Alpine,2021-01-14,2,156,0,13,2,143,0,0,2,146,0,5,2,151,California
Alpine,2021-01-15,1,157,0,13,1,144,0,0,1,147,0,5,1,152,California
Alpine,2021-01-20,21,178,0,13,21,165,0,0,21,168,0,5,21,173,California
Alpine,2021-01-21,3,181,0,13,3,168,0,0,3,171,0,5,3,176,California
Alpine,2021-01-22,32,213,0,13,32,200,0,0,32,203,0,5,32,208,California
Alpine,2021-01-23,1,214,1,14,0,200,0,0,0,202,1,6,0,208,California
Alpine,2021-01-25,16,230,0,14,16,216,0,0,16,218,0,6,16,224,California
Alpine,2021-01-27,1,231,1,15,0,216,0,0,0,217,1,7,0,224,California
Alpine,2021-01-28,12,243,0,15,12,228,0,0,11,227,1,8,11,235,California
Alpine,2021-01-29,1,244,0,15,1,229,0,0,1,228,0,8,1,236,California
Alpine,2021-02-01,24,268,0,15,24,253,0,0,6,216,18,26,6,242,California
Alpine,2021-02-03,34,302,0,15,34,287,0,0,10,202,24,50,10,252,California
Alpine,2021-02-04,9,311,0,15,9,296,0,0,4,201,5,55,4,256,California
Alpine,2021-02-05,31,342,0,15,31,327,0,0,12,194,19,74,12,268,California
Alpine,2021-02-06,1,343,1,16,0,327,0,0,1,195,0,74,1,269,California
Alpine,2021-02-07,1,344,1,17,0,327,0,0,1,196,0,74,1,270,California
Alpine,2021-02-08,32,376,0,17,32,359,0,0,4,172,28,102,4,274,California
Alpine,2021-02-10,34,410,0,17,34,393,0,0,0,138,34,136,0,274,California
Alpine,2021-02-11,8,418,0,17,8,401,0,0,5,140,3,139,5,279,California
Alpine,2021-02-12,1,419,0,17,1,402,0,0,0,139,1,140,0,279,California
Alpine,2021-02-17,24,443,1,18,23,425,0,0,4,123,20,160,4,283,California
Alpine,2021-02-18,4,447,0,18,4,429,0,0,1,121,3,163,1,284,California
Alpine,2021-02-19,34,481,1,19,33,462,0,0,2,91,32,195,2,286,California
Alpine,2021-02-22,28,509,0,19,28,490,0,0,9,81,19,214,9,295,California
Alpine,2021-02-25,17,526,1,20,16,506,0,0,6,76,11,225,6,301,California
Alpine,2021-02-26,29,555,1,21,28,534,0,0,28,103,1,226,28,329,California
Alpine,2021-03-01,33,588,0,21,33,567,0,0,24,118,9,235,24,353,California
Alpine,2021-03-02,1,589,1,22,0,567,0,0,0,117,1,236,0,353,California
Alpine,2021-03-03,30,619,1,23,29,596,0,0,18,123,12,248,18,371,California
Alpine,2021-03-04,13,632,1,24,12,608,0,0,12,134,1,249,12,383,California
Alpine,2021-03-05,30,662,0,24,30,638,0,0,22,148,8,257,22,405,California
Alpine,2021-03-08,28,690,0,24,28,666,0,0,26,172,2,259,26,431,California
Alpine,2021-03-09,1,691,0,24,1,667,0,0,1,173,0,259,1,432,California
Alpine,2021-03-10,76,767,1,25,75,742,0,0,75,247,1,260,75,507,California
Alpine,2021-03-11,37,804,0,25,37,779,0,0,32,275,4,264,32,539,California
Alpine,2021-03-12,22,826,0,25,22,801,0,0,19,291,3,267,19,558,California
Alpine,2021-03-15,20,846,0,25,20,821,0,0,19,309,1,268,19,577,California
Alpine,2021-03-17,22,868,0,25,21,842,1,1,18,324,4,272,19,596,California
Alpine,2021-03-18,38,906,1,26,37,879,0,1,36,358,2,274,36,632,California
Alpine,2021-03-19,3,909,2,28,1,880,0,1,2,359,1,275,2,634,California
Alpine,2021-03-22,25,934,0,28,25,905,0,1,15,364,10,285,15,649,California
Alpine,2021-03-24,19,953,0,28,19,924,0,1,9,363,10,295,9,658,California
Alpine,2021-03-25,39,992,1,29,37,961,1,2,32,389,7,302,33,691,California
Amador,2020-12-16,2,2,2,2,0,0,0,0,2,2,0,0,2,2,California
Amador,2020-12-17,5,7,5,7,0,0,0,0,5,7,0,0,5,7,California
Amador,2020-12-18,44,51,44,51,0,0,0,0,44,51,0,0,44,51,California
Amador,2020-12-19,17,68,17,68,0,0,0,0,17,68,0,0,17,68,California
Amador,2020-12-20,4,72,4,72,0,0,0,0,4,72,0,0,4,72,California
Amador,2020-12-21,33,105,33,105,0,0,0,0,33,105,0,0,33,105,California
Amador,2020-12-22,35,140,34,139,1,1,0,0,35,140,0,0,35,140,California
Amador,2020-12-23,39,179,38,177,1,2,0,0,39,179,0,0,39,179,California
Amador,2020-12-24,5,184,3,180,2,4,0,0,5,184,0,0,5,184,California
Amador,2020-12-26,6,190,5,185,1,5,0,0,6,190,0,0,6,190,California
Amador,2020-12-27,1,191,0,185,1,6,0,0,1,191,0,0,1,191,California
Amador,2020-12-28,31,222,27,212,4,10,0,0,31,222,0,0,31,222,California
Amador,2020-12-29,26,248,19,231,7,17,0,0,26,248,0,0,26,248,California
Amador,2020-12-30,121,369,75,306,46,63,0,0,121,369,0,0,121,369,California
Amador,2020-12-31,192,561,167,473,25,88,0,0,192,561,0,0,192,561,California
Amador,2021-01-01,1,562,0,473,1,89,0,0,1,562,0,0,1,562,California
Amador,2021-01-02,56,618,56,529,0,89,0,0,56,618,0,0,56,618,California
Amador,2021-01-03,64,682,16,545,48,137,0,0,64,682,0,0,64,682,California
Amador,2021-01-04,125,807,1,546,124,261,0,0,124,805,1,1,124,806,California
Amador,2021-01-05,33,840,3,549,30,291,0,0,32,836,1,2,32,838,California
Amador,2021-01-06,38,878,10,559,28,319,0,0,34,866,4,6,34,872,California
Amador,2021-01-07,226,1104,68,627,158,477,0,0,214,1068,12,18,214,1086,California
Amador,2021-01-08,84,1188,70,697,14,491,0,0,40,1065,44,62,41,1127,California
Amador,2021-01-09,11,1199,11,708,0,491,0,0,2,1058,9,71,2,1129,California
Amador,2021-01-10,7,1206,5,713,2,493,0,0,3,1057,4,75,3,1132,California
Amador,2021-01-11,124,1330,44,757,80,573,0,0,89,1111,35,110,89,1221,California
Amador,2021-01-12,62,1392,48,805,14,587,0,0,39,1127,23,133,39,1260,California
Amador,2021-01-13,39,1431,25,830,14,601,0,0,26,1140,13,146,26,1286,California
Amador,2021-01-14,146,1577,20,850,126,727,0,0,136,1266,10,156,136,1422,California
Amador,2021-01-15,56,1633,23,873,33,760,0,0,49,1308,7,163,49,1471,California
Amador,2021-01-16,18,1651,12,885,6,766,0,0,12,1315,6,169,13,1484,California
Amador,2021-01-17,25,1676,5,890,20,786,0,0,25,1340,0,169,25,1509,California
Amador,2021-01-18,31,1707,27,917,4,790,0,0,9,1327,22,191,9,1518,California
Amador,2021-01-19,120,1827,96,1013,24,814,0,0,77,1361,43,234,77,1595,California
Amador,2021-01-20,181,2008,32,1045,149,963,0,0,166,1513,14,248,166,1761,California
Amador,2021-01-21,252,2260,221,1266,31,994,0,0,144,1549,108,356,144,1905,California
Amador,2021-01-22,133,2393,71,1337,62,1056,0,0,127,1670,6,362,127,2032,California
Amador,2021-01-23,52,2445,32,1369,20,1076,0,0,50,1718,2,364,50,2082,California
Amador,2021-01-24,28,2473,12,1381,16,1092,0,0,25,1740,3,367,25,2107,California
Amador,2021-01-25,56,2529,28,1409,28,1120,0,0,39,1762,17,384,39,2146,California
Amador,2021-01-26,241,2770,16,1425,225,1345,0,0,231,1983,10,394,231,2377,California
Amador,2021-01-27,296,3066,29,1454,267,1612,0,0,249,2188,45,439,250,2627,California
Amador,2021-01-28,343,3409,73,1527,270,1882,0,0,282,2410,61,500,283,2910,California
Amador,2021-01-29,95,3504,30,1557,65,1947,0,0,80,2475,15,515,80,2990,California
Amador,2021-01-30,166,3670,32,1589,134,2081,0,0,161,2631,5,520,161,3151,California
Amador,2021-01-31,32,3702,28,1617,4,2085,0,0,31,2661,1,521,31,3182,California
Amador,2021-02-01,62,3764,23,1640,39,2124,0,0,35,2669,27,548,35,3217,California
Amador,2021-02-02,216,3980,65,1705,151,2275,0,0,128,2712,85,633,128,3345,California
Amador,2021-02-03,140,4120,37,1742,103,2378,0,0,91,2755,48,681,91,3436,California
Amador,2021-02-04,247,4367,70,1812,177,2555,0,0,163,2836,84,765,165,3601,California
Amador,2021-02-05,326,4693,60,1872,266,2821,0,0,311,3132,15,780,311,3912,California
Amador,2021-02-06,101,4794,81,1953,20,2841,0,0,97,3225,4,784,97,4009,California
Amador,2021-02-07,38,4832,35,1988,3,2844,0,0,35,3257,3,787,35,4044,California
Amador,2021-02-08,91,4923,63,2051,28,2872,0,0,73,3312,18,805,73,4117,California
Amador,2021-02-09,171,5094,82,2133,89,2961,0,0,108,3357,63,868,108,4225,California
Amador,2021-02-10,717,5811,77,2210,640,3601,0,0,685,4010,32,900,685,4910,California
Amador,2021-02-11,307,6118,120,2330,187,3788,0,0,202,4108,104,1004,202,5112,California
Amador,2021-02-12,325,6443,118,2448,207,3995,0,0,252,4287,73,1077,252,5364,California
Amador,2021-02-13,163,6606,78,2526,85,4080,0,0,137,4398,26,1103,137,5501,California
Amador,2021-02-14,123,6729,54,2580,69,4149,0,0,106,4487,17,1120,106,5607,California
Amador,2021-02-15,183,6912,60,2640,123,4272,0,0,166,4637,16,1136,166,5773,California
Amador,2021-02-16,407,7319,50,2690,357,4629,0,0,368,4967,39,1175,369,6142,California
Amador,2021-02-17,263,7582,83,2773,180,4809,0,0,167,5038,96,1271,167,6309,California
Amador,2021-02-18,399,7981,99,2872,300,5109,0,0,338,5316,61,1332,339,6648,California
Amador,2021-02-19,190,8171,73,2945,117,5226,0,0,108,5343,82,1414,109,6757,California
Amador,2021-02-20,91,8262,27,2972,64,5290,0,0,63,5378,28,1442,63,6820,California
Amador,2021-02-21,46,8308,35,3007,11,5301,0,0,17,5366,29,1471,17,6837,California
Amador,2021-02-22,64,8372,25,3032,39,5340,0,0,33,5369,30,1501,33,6870,California
Amador,2021-02-23,315,8687,57,3089,258,5598,0,0,140,5337,175,1676,143,7013,California
Amador,2021-02-24,394,9081,53,3142,341,5939,0,0,266,5479,124,1800,266,7279,California
Amador,2021-02-25,509,9590,108,3250,401,6340,0,0,280,5532,227,2027,280,7559,California
Amador,2021-02-26,599,10189,75,3325,524,6864,0,0,501,5937,97,2124,502,8061,California
Amador,2021-02-27,287,10476,91,3416,196,7060,0,0,99,5854,187,2311,104,8165,California
Amador,2021-02-28,101,10577,52,3468,49,7109,0,0,56,5868,45,2356,59,8224,California
Amador,2021-03-01,191,10768,70,3538,121,7230,0,0,126,5931,64,2420,127,8351,California
Amador,2021-03-02,384,11152,62,3600,322,7552,0,0,332,6213,52,2472,334,8685,California
Amador,2021-03-03,236,11388,78,3678,158,7710,0,0,162,6302,74,2546,163,8848,California
Amador,2021-03-04,483,11871,114,3792,369,8079,0,0,381,6583,102,2648,383,9231,California
Amador,2021-03-05,488,12359,63,3855,425,8504,0,0,279,6656,208,2856,281,9512,California
Amador,2021-03-06,89,12448,39,3894,49,8553,1,1,48,6664,41,2897,49,9561,California
Amador,2021-03-07,61,12509,44,3938,17,8570,0,1,18,6639,43,2940,18,9579,California
Amador,2021-03-08,146,12655,71,4009,74,8644,1,2,85,6665,61,3001,87,9666,California
Amador,2021-03-09,379,13034,46,4055,333,8977,0,2,320,6929,56,3057,320,9986,California
Amador,2021-03-10,512,13546,77,4132,434,9411,1,3,244,6907,268,3325,246,10232,California
Amador,2021-03-11,476,14022,115,4247,352,9763,9,12,330,7107,142,3467,342,10574,California
Amador,2021-03-12,550,14572,67,4314,477,10240,6,18,310,7214,239,3706,346,10920,California
Amador,2021-03-13,84,14656,13,4327,64,10304,7,25,28,7215,56,3762,57,10977,California
Amador,2021-03-14,64,14720,20,4347,42,10346,2,27,21,7196,43,3805,24,11001,California
Amador,2021-03-15,186,14906,22,4369,151,10497,13,40,56,7139,130,3935,73,11074,California
Amador,2021-03-16,460,15366,57,4426,395,10892,8,48,194,7078,263,4198,202,11276,California
Amador,2021-03-17,187,15553,38,4464,146,11038,3,51,115,7126,72,4270,120,11396,California
Amador,2021-03-18,449,16002,85,4549,361,11399,3,54,235,7156,213,4483,243,11639,California
Amador,2021-03-19,531,16533,47,4596,468,11867,16,70,391,7429,138,4621,411,12050,California
Amador,2021-03-20,76,16609,37,4633,39,11906,0,70,29,7412,47,4668,30,12080,California
Amador,2021-03-21,45,16654,35,4668,9,11915,1,71,27,7425,17,4685,30,12110,California
Amador,2021-03-22,117,16771,35,4703,53,11968,29,100,49,7436,67,4752,78,12188,California
Amador,2021-03-23,438,17209,49,4752,381,12349,8,108,280,7568,156,4908,288,12476,California
Amador,2021-03-24,340,17549,33,4785,54,12403,253,361,34,7548,305,5213,285,12761,California
Amador,2021-03-25,602,18151,84,4869,513,12916,5,366,390,7737,209,5422,398,13159,California
Amador,2021-03-26,733,18884,38,4907,689,13605,6,372,287,7597,445,5867,305,13464,California
Amador,2021-03-27,82,18966,13,4920,68,13673,1,373,24,7567,57,5924,27,13491,California
Amador,2021-03-28,67,19033,14,4934,51,13724,2,375,11,7524,56,5980,13,13504,California
Amador,2021-03-29,81,19114,26,4960,54,13778,1,376,37,7519,43,6023,38,13542,California
Butte,2020-12-16,3,3,3,3,0,0,0,0,3,3,0,0,3,3,California
Butte,2020-12-17,20,23,20,23,0,0,0,0,20,23,0,0,20,23,California
Butte,2020-12-18,50,73,50,73,0,0,0,0,50,73,0,0,50,73,California
Butte,2020-12-19,7,80,7,80,0,0,0,0,7,80,0,0,7,80,California
Butte,2020-12-20,10,90,10,90,0,0,0,0,10,90,0,0,10,90,California
Butte,2020-12-21,633,723,633,723,0,0,0,0,633,723,0,0,633,723,California
Butte,2020-12-22,618,1341,616,1339,2,2,0,0,618,1341,0,0,618,1341,California
Butte,2020-12-23,870,2211,854,2193,16,18,0,0,870,2211,0,0,870,2211,California
Butte,2020-12-24,160,2371,157,2350,3,21,0,0,160,2371,0,0,160,2371,California
Butte,2020-12-26,93,2464,91,2441,2,23,0,0,93,2464,0,0,93,2464,California
Butte,2020-12-27,35,2499,34,2475,1,24,0,0,35,2499,0,0,35,2499,California
Butte,2020-12-28,280,2779,274,2749,6,30,0,0,280,2779,0,0,280,2779,California
Butte,2020-12-29,204,2983,180,2929,24,54,0,0,204,2983,0,0,204,2983,California
Butte,2020-12-30,498,3481,289,3218,209,263,0,0,498,3481,0,0,498,3481,California
Butte,2020-12-31,210,3691,18,3236,192,455,0,0,210,3691,0,0,210,3691,California
Butte,2021-01-01,7,3698,1,3237,6,461,0,0,7,3698,0,0,7,3698,California
Butte,2021-01-02,37,3735,36,3273,1,462,0,0,37,3735,0,0,37,3735,California
Butte,2021-01-03,4,3739,1,3274,3,465,0,0,4,3739,0,0,4,3739,California
Butte,2021-01-04,206,3945,173,3447,33,498,0,0,206,3945,0,0,206,3945,California
Butte,2021-01-05,194,4139,151,3598,43,541,0,0,193,4137,1,1,193,4138,California
Butte,2021-01-06,623,4762,396,3994,227,768,0,0,619,4752,4,5,619,4757,California
Butte,2021-01-07,761,5523,369,4363,392,1160,0,0,742,5475,19,24,742,5499,California
Butte,2021-01-08,570,6093,529,4892,41,1201,0,0,524,5953,46,70,524,6023,California
Butte,2021-01-09,12,6105,7,4899,5,1206,0,0,7,5955,5,75,7,6030,California
Butte,2021-01-10,19,6124,5,4904,14,1220,0,0,14,5964,5,80,14,6044,California
Butte,2021-01-11,987,7111,951,5855,36,1256,0,0,358,5696,629,709,361,6405,California
Butte,2021-01-12,697,7808,652,6507,45,1301,0,0,274,5547,423,1132,274,6679,California
Butte,2021-01-13,1446,9254,955,7462,491,1792,0,0,611,5325,835,1967,613,7292,California
Butte,2021-01-14,1637,10891,898,8360,739,2531,0,0,1440,6569,196,2163,1440,8732,California
Butte,2021-01-15,1169,12060,926,9286,243,2774,0,0,1059,7517,111,2274,1059,9791,California
Butte,2021-01-16,583,12643,300,9586,283,3057,0,0,538,8010,45,2319,538,10329,California
Butte,2021-01-17,239,12882,64,9650,175,3232,0,0,202,8175,37,2356,202,10531,California
Butte,2021-01-18,342,13224,301,9951,41,3273,0,0,274,8382,67,2423,274,10805,California
Butte,2021-01-19,489,13713,426,10377,63,3336,0,0,216,8328,273,2696,219,11024,California
Butte,2021-01-20,1344,15057,664,11041,680,4016,0,0,1044,9072,300,2996,1044,12068,California
Butte,2021-01-21,1474,16531,867,11908,607,4623,0,0,1368,10335,105,3101,1368,13436,California
Butte,2021-01-22,988,17519,333,12241,655,5278,0,0,935,11217,53,3154,935,14371,California
Butte,2021-01-23,123,17642,82,12323,41,5319,0,0,98,11290,25,3179,98,14469,California
Butte,2021-01-24,8,17650,6,12329,2,5321,0,0,8,11298,0,3179,8,14477,California
Butte,2021-01-25,650,18300,334,12663,316,5637,0,0,488,11624,162,3341,488,14965,California
Butte,2021-01-26,1459,19759,376,13039,1083,6720,0,0,1322,12810,137,3478,1323,16288,California
Butte,2021-01-27,2073,21832,704,13743,1369,8089,0,0,1358,13453,715,4193,1358,17646,California
Butte,2021-01-28,2255,24087,259,14002,1996,10085,0,0,1947,15093,307,4500,1947,19593,California
Butte,2021-01-29,1671,25758,487,14489,1184,11269,0,0,1292,16007,378,4878,1292,20885,California
Butte,2021-01-30,32,25790,10,14499,22,11291,0,0,29,16033,3,4881,29,20914,California
Butte,2021-01-31,16,25806,14,14513,2,11293,0,0,15,16047,1,4882,15,20929,California
Butte,2021-02-01,1738,27544,404,14917,1334,12627,0,0,1353,17018,383,5265,1354,22283,California
Butte,2021-02-02,1929,29473,362,15279,1567,14194,0,0,1626,18341,303,5568,1626,23909,California
Butte,2021-02-03,2730,32203,772,16051,1958,16152,0,0,1839,19291,889,6457,1839,25748,California
Butte,2021-02-04,2955,35158,325,16376,2630,18782,0,0,2399,21136,554,7011,2399,28147,California
Butte,2021-02-05,1167,36325,661,17037,506,19288,0,0,540,21049,627,7638,540,28687,California
Butte,2021-02-06,142,36467,102,17139,40,19328,0,0,60,21027,82,7720,60,28747,California
Butte,2021-02-07,39,36506,35,17174,4,19332,0,0,15,21018,24,7744,15,28762,California
Butte,2021-02-08,691,37197,540,17714,151,19483,0,0,241,20809,450,8194,241,29003,California
Butte,2021-02-09,950,38147,456,18170,494,19977,0,0,723,21305,227,8421,723,29726,California
Butte,2021-02-10,1706,39853,1190,19360,516,20493,0,0,697,20994,1008,9429,697,30423,California
Butte,2021-02-11,2199,42052,1351,20711,848,21341,0,0,1006,20808,1193,10622,1007,31430,California
Butte,2021-02-12,859,42911,298,21009,561,21902,0,0,312,20574,546,11168,312,31742,California
Butte,2021-02-13,246,43157,45,21054,201,22103,0,0,144,20616,102,11270,144,31886,California
Butte,2021-02-14,160,43317,11,21065,149,22252,0,0,155,20766,5,11275,155,32041,California
Butte,2021-02-15,258,43575,47,21112,211,22463,0,0,196,20900,62,11337,196,32237,California
Butte,2021-02-16,734,44309,433,21545,301,22764,0,0,278,20722,456,11793,278,32515,California
Butte,2021-02-17,1506,45815,843,22388,663,23427,0,0,833,20883,672,12465,833,33348,California
Butte,2021-02-18,1547,47362,754,23142,793,24220,0,0,744,20824,803,13268,744,34092,California
Butte,2021-02-19,1167,48529,389,23531,778,24998,0,0,404,20470,758,14026,404,34496,California
Butte,2021-02-20,477,49006,33,23564,444,25442,0,0,122,20238,354,14380,122,34618,California
Butte,2021-02-21,14,49020,12,23576,2,25444,0,0,10,20244,4,14384,10,34628,California
Butte,2021-02-22,1488,50508,293,23869,1195,26639,0,0,389,19535,1098,15482,389,35017,California
Butte,2021-02-23,1626,52134,300,24169,1326,27965,0,0,465,18844,1156,16638,465,35482,California
Butte,2021-02-24,2113,54247,594,24763,1519,29484,0,0,729,18196,1377,18015,729,36211,California
Butte,2021-02-25,2069,56316,578,25341,1491,30975,0,0,666,17463,1400,19415,667,36878,California
Butte,2021-02-26,915,57231,311,25652,604,31579,0,0,397,17345,515,19930,397,37275,California
Butte,2021-02-27,230,57461,42,25694,188,31767,0,0,183,17483,45,19975,183,37458,California
Butte,2021-02-28,140,57601,18,25712,122,31889,0,0,130,17603,10,19985,130,37588,California
Butte,2021-03-01,1524,59125,174,25886,1350,33239,0,0,321,16723,1202,21187,322,37910,California
Butte,2021-03-02,1634,60759,191,26077,1443,34682,0,0,273,15638,1358,22545,273,38183,California
Butte,2021-03-03,2600,63359,813,26890,1787,36469,0,0,442,13924,2157,24702,443,38626,California
Butte,2021-03-04,3000,66359,660,27550,2340,38809,0,0,601,12127,2398,27100,601,39227,California
Butte,2021-03-05,1298,67657,599,28149,698,39507,1,1,698,12227,599,27699,699,39926,California
Butte,2021-03-06,198,67855,30,28179,147,39654,21,22,144,12339,53,27752,165,40091,California
Butte,2021-03-07,61,67916,9,28188,35,39689,17,39,32,12359,29,27781,49,40140,California
Butte,2021-03-08,1227,69143,130,28318,1029,40718,68,107,1077,13357,148,27929,1146,41286,California
Butte,2021-03-09,1868,71011,278,28596,1487,42205,103,210,1381,14355,486,28415,1484,42770,California
Butte,2021-03-10,2213,73224,931,29527,1234,43439,48,258,1539,15273,669,29084,1587,44357,California
Butte,2021-03-11,2691,75915,1270,30797,1314,44753,107,365,1897,16494,784,29868,2005,46362,California
Butte,2021-03-12,952,76867,285,31082,398,45151,269,634,329,16473,618,30486,597,46959,California
Butte,2021-03-13,189,77056,54,31136,90,45241,45,679,59,16447,130,30616,104,47063,California
Butte,2021-03-14,120,77176,14,31150,65,45306,41,720,20,16408,100,30716,61,47124,California
Butte,2021-03-15,1672,78848,348,31498,1052,46358,272,992,1107,17225,562,31278,1379,48503,California
Butte,2021-03-16,1606,80454,410,31908,1124,47482,72,1064,1070,17833,534,31812,1142,49645,California
Butte,2021-03-17,1873,82327,1332,33240,466,47948,75,1139,1082,18204,786,32598,1157,50802,California
Butte,2021-03-18,1518,83845,1205,34445,199,48147,114,1253,880,18563,635,33233,994,51796,California
Butte,2021-03-19,540,84385,242,34687,228,48375,70,1323,255,18609,280,33513,326,52122,California
Butte,2021-03-20,158,84543,29,34716,114,48489,15,1338,76,18619,81,33594,91,52213,California
Butte,2021-03-21,64,84607,29,34745,6,48495,29,1367,22,18628,42,33636,51,52264,California
Butte,2021-03-22,1431,86038,335,35080,1007,49502,89,1456,1175,19640,253,33889,1265,53529,California
Butte,2021-03-23,1740,87778,447,35527,1187,50689,106,1562,1409,20826,328,34217,1514,55043,California
Butte,2021-03-24,2088,89866,1126,36653,849,51538,113,1675,1572,22000,512,34729,1686,56729,California
Butte,2021-03-25,1391,91257,1110,37763,191,51729,90,1765,929,22560,460,35189,1020,57749,California
Butte,2021-03-26,1141,92398,394,38157,520,52249,227,1992,514,22687,620,35809,747,58496,California
Butte,2021-03-27,287,92685,74,38231,207,52456,6,1998,131,22673,154,35963,140,58636,California
Butte,2021-03-28,208,92893,33,38264,169,52625,6,2004,86,22645,119,36082,91,58727,California
Butte,2021-03-29,1357,94250,320,38584,1000,53625,37,2041,1129,23587,224,36306,1166,59893,California
Calaveras,2020-12-16,5,5,5,5,0,0,0,0,5,5,0,0,5,5,California
Calaveras,2020-12-17,3,8,3,8,0,0,0,0,3,8,0,0,3,8,California
Calaveras,2020-12-18,38,46,38,46,0,0,0,0,38,46,0,0,38,46,California
Calaveras,2020-12-19,3,49,3,49,0,0,0,0,3,49,0,0,3,49,California
Calaveras,2020-12-20,3,52,3,52,0,0,0,0,3,52,0,0,3,52,California
Calaveras,2020-12-21,55,107,48,100,7,7,0,0,55,107,0,0,55,107,California
Calaveras,2020-12-22,81,188,77,177,4,11,0,0,82,189,0,0,82,189,California
Calaveras,2020-12-23,77,265,75,252,2,13,0,0,86,275,0,0,86,275,California
Calaveras,2020-12-24,2,267,2,254,0,13,0,0,2,277,0,0,2,277,California
Calaveras,2020-12-26,3,270,3,257,0,13,0,0,3,280,0,0,3,280,California
Calaveras,2020-12-28,22,292,18,275,4,17,0,0,21,300,1,1,21,301,California
Calaveras,2020-12-29,166,458,147,422,19,36,0,0,166,466,0,1,166,467,California
Calaveras,2020-12-30,94,552,82,504,12,48,0,0,94,560,0,1,94,561,California
Calaveras,2020-12-31,36,588,26,530,10,58,0,0,36,596,0,1,36,597,California
Calaveras,2021-01-02,11,599,11,541,0,58,0,0,11,607,0,1,11,608,California
Calaveras,2021-01-03,8,607,3,544,5,63,0,0,8,615,0,1,8,616,California
Calaveras,2021-01-04,33,640,5,549,28,91,0,0,33,648,0,1,33,649,California
Calaveras,2021-01-05,39,679,9,558,30,121,0,0,38,683,3,4,38,687,California
Calaveras,2021-01-06,109,788,30,588,79,200,0,0,99,772,10,14,99,786,California
Calaveras,2021-01-07,108,896,27,615,81,281,0,0,95,856,12,26,96,882,California
Calaveras,2021-01-08,68,964,37,652,31,312,0,0,46,881,22,48,47,929,California
Calaveras,2021-01-09,6,970,6,658,0,312,0,0,2,879,4,52,2,931,California
Calaveras,2021-01-10,2,972,0,658,2,314,0,0,2,881,0,52,2,933,California
Calaveras,2021-01-11,62,1034,58,716,4,318,0,0,27,874,34,86,27,960,California
Calaveras,2021-01-12,87,1121,54,770,33,351,0,0,54,895,33,119,54,1014,California
Calaveras,2021-01-13,107,1228,43,813,64,415,0,0,74,937,33,152,75,1089,California
Calaveras,2021-01-14,137,1365,41,854,96,511,0,0,102,1005,34,186,102,1191,California
Calaveras,2021-01-15,112,1477,51,905,61,572,0,0,86,1066,26,212,87,1278,California
Calaveras,2021-01-16,13,1490,2,907,11,583,0,0,12,1077,1,213,12,1290,California
Calaveras,2021-01-17,10,1500,1,908,9,592,0,0,10,1087,0,213,10,1300,California
Calaveras,2021-01-18,132,1632,20,928,112,704,0,0,119,1196,13,226,122,1422,California
Calaveras,2021-01-19,200,1832,172,1100,28,732,0,0,60,1118,138,364,60,1482,California
Calaveras,2021-01-20,393,2225,79,1179,314,1046,0,0,310,1353,82,446,317,1799,California
Calaveras,2021-01-21,462,2687,40,1219,422,1468,0,0,435,1767,27,473,441,2240,California
Calaveras,2021-01-22,433,3120,23,1242,410,1878,0,0,423,2187,10,483,430,2670,California
Calaveras,2021-01-23,23,3143,10,1252,13,1891,0,0,19,2202,4,487,19,2689,California
Calaveras,2021-01-24,15,3158,9,1261,6,1897,0,0,13,2213,2,489,13,2702,California
Calaveras,2021-01-25,122,3280,7,1268,115,2012,0,0,117,2325,5,494,117,2819,California
Calaveras,2021-01-26,47,3327,17,1285,30,2042,0,0,37,2352,10,504,37,2856,California
Calaveras,2021-01-27,160,3487,44,1329,116,2158,0,0,133,2459,26,530,133,2989,California
Calaveras,2021-01-28,164,3651,21,1350,143,2301,0,0,140,2578,24,554,143,3132,California
Calaveras,2021-01-29,443,4094,34,1384,409,2710,0,0,423,2988,20,574,430,3562,California
Calaveras,2021-01-30,27,4121,10,1394,17,2727,0,0,26,3014,0,574,26,3588,California
Calaveras,2021-01-31,5,4126,2,1396,3,2730,0,0,4,3017,1,575,4,3592,California
Calaveras,2021-02-01,55,4181,41,1437,14,2744,0,0,36,3034,19,594,36,3628,California
Calaveras,2021-02-02,110,4291,25,1462,85,2829,0,0,71,3067,39,633,72,3700,California
Calaveras,2021-02-03,442,4733,43,1505,399,3228,0,0,358,3343,83,716,359,4059,California
Calaveras,2021-02-04,380,5113,24,1529,356,3584,0,0,296,3557,82,798,296,4355,California
Calaveras,2021-02-05,80,5193,22,1551,58,3642,0,0,41,3561,39,837,43,4398,California
Calaveras,2021-02-06,22,5215,13,1564,9,3651,0,0,22,3583,0,837,22,4420,California
Calaveras,2021-02-07,4,5219,1,1565,3,3654,0,0,2,3583,2,839,2,4422,California
Calaveras,2021-02-08,35,5254,18,1583,17,3671,0,0,27,3604,7,846,28,4450,California
Calaveras,2021-02-09,210,5464,93,1676,117,3788,0,0,147,3694,57,903,147,4597,California
Calaveras,2021-02-10,507,5971,28,1704,479,4267,0,0,441,4070,66,969,442,5039,California
Calaveras,2021-02-11,579,6550,75,1779,504,4771,0,0,473,4440,104,1073,474,5513,California
Calaveras,2021-02-12,564,7114,322,2101,242,5013,0,0,491,4859,73,1146,492,6005,California
Calaveras,2021-02-13,192,7306,37,2138,155,5168,0,0,177,5021,15,1161,177,6182,California
Calaveras,2021-02-14,215,7521,73,2211,142,5310,0,0,201,5208,14,1175,201,6383,California
Calaveras,2021-02-15,375,7896,20,2231,355,5665,0,0,257,5351,115,1290,258,6641,California
Calaveras,2021-02-16,296,8192,172,2403,124,5789,0,0,242,5539,54,1344,242,6883,California
Calaveras,2021-02-17,502,8694,35,2438,467,6256,0,0,206,5456,290,1634,207,7090,California
Calaveras,2021-02-18,491,9185,87,2525,404,6660,0,0,96,5166,386,2020,96,7186,California
Calaveras,2021-02-19,439,9624,43,2568,396,7056,0,0,98,4932,332,2352,98,7284,California
Calaveras,2021-02-20,60,9684,15,2583,45,7101,0,0,48,4968,12,2364,48,7332,California
Calaveras,2021-02-21,21,9705,12,2595,9,7110,0,0,18,4983,3,2367,18,7350,California
Calaveras,2021-02-22,64,9769,39,2634,25,7135,0,0,34,4987,30,2397,34,7384,California
Calaveras,2021-02-23,149,9918,67,2701,82,7217,0,0,100,5040,49,2446,102,7486,California
Calaveras,2021-02-24,90,10008,45,2746,45,7262,0,0,63,5076,27,2473,63,7549,California
Calaveras,2021-02-25,473,10481,99,2845,374,7636,0,0,320,5246,150,2623,320,7869,California
Calaveras,2021-02-26,667,11148,44,2889,623,8259,0,0,364,5321,290,2913,365,8234,California
Calaveras,2021-02-27,206,11354,21,2910,185,8444,0,0,182,5479,24,2937,182,8416,California
Calaveras,2021-02-28,99,11453,14,2924,85,8529,0,0,93,5567,6,2943,94,8510,California
Calaveras,2021-03-01,190,11643,58,2982,132,8661,0,0,144,5666,45,2988,144,8654,California
Calaveras,2021-03-02,242,11885,92,3074,150,8811,0,0,199,5825,41,3029,200,8854,California
Calaveras,2021-03-03,480,12365,96,3170,384,9195,0,0,187,5723,290,3319,188,9042,California
Calaveras,2021-03-04,654,13019,60,3230,594,9789,0,0,330,5737,320,3639,334,9376,California
Calaveras,2021-03-05,444,13463,269,3499,170,9959,5,5,123,5553,319,3958,135,9511,California
Calaveras,2021-03-06,135,13598,42,3541,87,10046,6,11,100,5625,35,3993,107,9618,California
Calaveras,2021-03-07,75,13673,32,3573,35,10081,8,19,30,5621,44,4037,40,9658,California
Calaveras,2021-03-08,122,13795,20,3593,95,10176,7,26,91,5691,31,4068,101,9759,California
Calaveras,2021-03-09,381,14176,151,3744,225,10401,5,31,38,5393,341,4409,43,9802,California
Calaveras,2021-03-10,406,14582,28,3772,376,10777,2,33,41,5073,363,4772,43,9845,California
Calaveras,2021-03-11,834,15416,406,4178,416,11193,12,45,406,5065,426,5198,418,10263,California
Calaveras,2021-03-12,350,15766,216,4394,125,11318,9,54,225,5222,124,5322,281,10544,California
Calaveras,2021-03-13,87,15853,17,4411,65,11383,5,59,25,5221,62,5384,61,10605,California
Calaveras,2021-03-14,87,15940,10,4421,76,11459,1,60,8,5159,79,5463,17,10622,California
Calaveras,2021-03-15,326,16266,45,4466,255,11714,26,86,48,4965,276,5739,82,10704,California
Calaveras,2021-03-16,711,16977,577,5043,119,11833,15,101,564,5400,145,5884,580,11284,California
Calaveras,2021-03-17,270,17247,45,5088,214,12047,11,112,47,5237,222,6106,59,11343,California
Calaveras,2021-03-18,648,17895,564,5652,69,12116,15,127,543,5691,105,6211,559,11902,California
Calaveras,2021-03-19,226,18121,44,5696,110,12226,72,199,54,5648,168,6379,125,12027,California
Calaveras,2021-03-20,62,18183,17,5713,45,12271,0,199,19,5625,43,6422,20,12047,California
Calaveras,2021-03-21,47,18230,30,5743,6,12277,11,210,12,5614,35,6457,24,12071,California
Calaveras,2021-03-22,80,18310,35,5778,24,12301,21,231,25,5605,55,6512,46,12117,California
Calaveras,2021-03-23,302,18612,218,5996,74,12375,10,241,127,5573,169,6681,137,12254,California
Calaveras,2021-03-24,127,18739,42,6038,75,12450,10,251,47,5550,80,6761,57,12311,California
Calaveras,2021-03-25,733,19472,99,6137,632,13082,2,253,446,5716,283,7044,449,12760,California
Calaveras,2021-03-26,418,19890,24,6161,388,13470,6,259,118,5548,297,7341,129,12889,California
Calaveras,2021-03-27,208,20098,18,6179,186,13656,4,263,32,5414,173,7514,39,12928,California
Calaveras,2021-03-28,107,20205,7,6186,98,13754,2,265,5,5322,100,7614,8,12936,California
Calaveras,2021-03-29,43,20248,13,6199,28,13782,2,267,36,5353,7,7621,38,12974,California
Colusa,2020-12-18,1,1,1,1,0,0,0,0,1,1,0,0,1,1,California
Colusa,2020-12-21,2,3,2,3,0,0,0,0,2,3,0,0,2,3,California
Colusa,2020-12-22,10,13,10,13,0,0,0,0,10,13,0,0,10,13,California
Colusa,2020-12-23,10,23,10,23,0,0,0,0,10,23,0,0,10,23,California
Colusa,2020-12-24,2,25,1,24,1,1,0,0,2,25,0,0,2,25,California
Colusa,2020-12-27,1,26,1,25,0,1,0,0,1,26,0,0,1,26,California
Colusa,2020-12-28,7,33,3,28,4,5,0,0,7,33,0,0,7,33,California
Colusa,2020-12-29,11,44,7,35,4,9,0,0,11,44,0,0,11,44,California
Colusa,2020-12-30,50,94,13,48,37,46,0,0,50,94,0,0,50,94,California
Colusa,2020-12-31,18,112,1,49,17,63,0,0,18,112,0,0,18,112,California
Colusa,2021-01-04,5,117,0,49,5,68,0,0,5,117,0,0,5,117,California
Colusa,2021-01-05,68,185,1,50,67,135,0,0,68,185,0,0,68,185,California
Colusa,2021-01-06,15,200,9,59,6,141,0,0,15,200,0,0,15,200,California
Colusa,2021-01-07,37,237,4,63,33,174,0,0,36,235,1,1,36,236,California
Colusa,2021-01-08,9,246,7,70,2,176,0,0,8,242,1,2,8,244,California
Colusa,2021-01-09,3,249,1,71,2,178,0,0,3,245,0,2,3,247,California
Colusa,2021-01-10,1,250,0,71,1,179,0,0,1,246,0,2,1,248,California
Colusa,2021-01-11,12,262,6,77,6,185,0,0,7,248,5,7,7,255,California
Colusa,2021-01-12,11,273,9,86,2,187,0,0,6,249,5,12,6,261,California
Colusa,2021-01-13,21,294,13,99,8,195,0,0,13,254,8,20,13,274,California
Colusa,2021-01-14,35,329,28,127,7,202,0,0,33,285,2,22,33,307,California
Colusa,2021-01-15,43,372,5,132,38,240,0,0,41,324,2,24,41,348,California
Colusa,2021-01-16,12,384,1,133,11,251,0,0,11,334,1,25,11,359,California
Colusa,2021-01-17,3,387,2,135,1,252,0,0,2,335,1,26,2,361,California
Colusa,2021-01-18,4,391,0,135,4,256,0,0,4,339,0,26,4,365,California
Colusa,2021-01-19,9,400,8,143,1,257,0,0,5,340,4,30,5,370,California
Colusa,2021-01-20,114,514,101,244,13,270,0,0,101,428,13,43,101,471,California
Colusa,2021-01-21,56,570,41,285,15,285,0,0,55,482,1,44,55,526,California
Colusa,2021-01-22,39,609,17,302,22,307,0,0,34,511,5,49,34,560,California
Colusa,2021-01-23,36,645,6,308,30,337,0,0,36,547,0,49,36,596,California
Colusa,2021-01-25,7,652,0,308,7,344,0,0,7,554,0,49,7,603,California
Colusa,2021-01-26,9,661,5,313,4,348,0,0,5,555,4,53,5,608,California
Colusa,2021-01-27,107,768,31,344,76,424,0,0,105,658,2,55,105,713,California
Colusa,2021-01-28,78,846,45,389,33,457,0,0,72,724,6,61,72,785,California
Colusa,2021-01-29,40,886,6,395,34,491,0,0,39,762,1,62,39,824,California
Colusa,2021-01-30,27,913,4,399,23,514,0,0,27,789,0,62,27,851,California
Colusa,2021-01-31,7,920,7,406,0,514,0,0,7,796,0,62,7,858,California
Colusa,2021-02-01,27,947,10,416,17,531,0,0,22,813,5,67,22,880,California
Colusa,2021-02-02,42,989,8,424,34,565,0,0,36,843,6,73,36,916,California
Colusa,2021-02-03,70,1059,10,434,60,625,0,0,59,891,11,84,59,975,California
Colusa,2021-02-04,143,1202,81,515,62,687,0,0,116,980,27,111,116,1091,California
Colusa,2021-02-05,33,1235,8,523,25,712,0,0,30,1007,3,114,30,1121,California
Colusa,2021-02-06,287,1522,8,531,279,991,0,0,275,1271,11,125,275,1396,California
Colusa,2021-02-07,2,1524,1,532,1,992,0,0,0,1269,2,127,0,1396,California
Colusa,2021-02-08,40,1564,5,537,35,1027,0,0,37,1303,3,130,37,1433,California
Colusa,2021-02-09,232,1796,14,551,218,1245,0,0,176,1423,56,186,176,1609,California
Colusa,2021-02-10,115,1911,41,592,74,1319,0,0,71,1451,44,230,72,1681,California
Colusa,2021-02-11,97,2008,36,628,61,1380,0,0,72,1498,25,255,72,1753,California
Colusa,2021-02-12,119,2127,9,637,110,1490,0,0,79,1536,41,296,79,1832,California
Colusa,2021-02-13,60,2187,9,646,51,1541,0,0,52,1580,8,304,52,1884,California
Colusa,2021-02-14,20,2207,8,654,12,1553,0,0,14,1589,5,309,14,1898,California
Colusa,2021-02-15,46,2253,10,664,36,1589,0,0,39,1621,7,316,39,1937,California
Colusa,2021-02-16,67,2320,4,668,63,1652,0,0,66,1686,1,317,66,2003,California
Colusa,2021-02-17,206,2526,143,811,63,1715,0,0,60,1600,146,463,60,2063,California
Colusa,2021-02-18,138,2664,36,847,102,1817,0,0,114,1690,24,487,114,2177,California
Colusa,2021-02-19,155,2819,19,866,136,1953,0,0,129,1793,26,513,129,2306,California
Colusa,2021-02-20,26,2845,5,871,21,1974,0,0,9,1786,17,530,10,2316,California
Colusa,2021-02-21,1,2846,1,872,0,1974,0,0,0,1785,1,531,0,2316,California
Colusa,2021-02-22,42,2888,25,897,17,1991,0,0,28,1799,14,545,28,2344,California
Colusa,2021-02-23,19,2907,4,901,15,2006,0,0,16,1812,3,548,16,2360,California
Colusa,2021-02-24,299,3206,54,955,245,2251,0,0,157,1827,142,690,157,2517,California
Colusa,2021-02-25,98,3304,53,1008,45,2296,0,0,63,1855,35,725,63,2580,California
Colusa,2021-02-26,97,3401,13,1021,84,2380,0,0,58,1874,39,764,58,2638,California
Colusa,2021-02-27,55,3456,4,1025,51,2431,0,0,40,1899,15,779,40,2678,California
Colusa,2021-02-28,26,3482,14,1039,12,2443,0,0,17,1907,9,788,17,2695,California
Colusa,2021-03-01,45,3527,15,1054,30,2473,0,0,28,1918,17,805,28,2723,California
Colusa,2021-03-02,47,3574,13,1067,34,2507,0,0,23,1918,23,828,23,2746,California
Colusa,2021-03-03,218,3792,37,1104,181,2688,0,0,162,2024,56,884,162,2908,California
Colusa,2021-03-04,135,3927,57,1161,78,2766,0,0,78,2045,57,941,78,2986,California
Colusa,2021-03-05,91,4018,19,1180,63,2829,9,9,45,2053,46,987,54,3040,California
Colusa,2021-03-06,246,4264,10,1190,236,3065,0,9,32,1871,214,1201,32,3072,California
Colusa,2021-03-07,8,4272,5,1195,3,3068,0,9,6,1875,2,1203,6,3078,California
Colusa,2021-03-08,84,4356,17,1212,30,3098,37,46,37,1901,47,1250,73,3151,California
Colusa,2021-03-09,262,4618,63,1275,180,3278,19,65,78,1814,184,1434,97,3248,California
Colusa,2021-03-10,241,4859,34,1309,193,3471,14,79,179,1946,61,1495,193,3441,California
Colusa,2021-03-11,400,5259,54,1363,324,3795,22,101,316,2200,84,1579,338,3779,California
Colusa,2021-03-12,91,5350,14,1377,65,3860,12,113,17,2156,74,1653,30,3809,California
Colusa,2021-03-13,55,5405,14,1391,34,3894,7,120,17,2142,38,1691,24,3833,California
Colusa,2021-03-14,11,5416,0,1391,9,3903,2,122,4,2141,7,1698,6,3839,California
Colusa,2021-03-15,69,5485,27,1418,35,3938,7,129,16,2111,53,1751,23,3862,California
Colusa,2021-03-16,267,5752,15,1433,205,4143,47,176,158,2207,109,1860,205,4067,California
Colusa,2021-03-17,165,5917,45,1478,120,4263,0,176,81,2204,84,1944,81,4148,California
Colusa,2021-03-18,284,6201,28,1506,188,4451,68,244,169,2326,115,2059,237,4385,California
Colusa,2021-03-19,57,6258,14,1520,42,4493,1,245,43,2356,14,2073,44,4429,California
Colusa,2021-03-20,36,6294,6,1526,29,4522,1,246,27,2375,9,2082,28,4457,California
Colusa,2021-03-21,6,6300,5,1531,1,4523,0,246,4,2377,2,2084,4,4461,California
Colusa,2021-03-22,58,6358,9,1540,41,4564,8,254,38,2403,20,2104,46,4507,California
Colusa,2021-03-23,74,6432,16,1556,56,4620,2,256,48,2428,25,2129,50,4557,California
Colusa,2021-03-24,330,6762,55,1611,272,4892,3,259,72,2245,257,2386,74,4631,California
Colusa,2021-03-25,102,6864,54,1665,43,4935,5,264,48,2244,54,2440,53,4684,California
Colusa,2021-03-26,120,6984,43,1708,75,5010,2,266,76,2282,44,2484,82,4766,California
Colusa,2021-03-27,63,7047,5,1713,58,5068,0,266,25,2269,38,2522,25,4791,California
Colusa,2021-03-28,16,7063,7,1720,9,5077,0,266,8,2269,8,2530,8,4799,California
Colusa,2021-03-29,42,7105,5,1725,35,5112,2,268,20,2269,22,2552,22,4821,California
Contra Costa,2020-12-15,19,19,19,19,0,0,0,0,19,19,0,0,19,19,California
Contra Costa,2020-12-16,522,541,522,541,0,0,0,0,522,541,0,0,522,541,California
Contra Costa,2020-12-17,904,1445,904,1445,0,0,0,0,904,1445,0,0,904,1445,California
Contra Costa,2020-12-18,1590,3035,1589,3034,1,1,0,0,1590,3035,0,0,1590,3035,California
Contra Costa,2020-12-19,1105,4140,1104,4138,1,2,0,0,1105,4140,0,0,1105,4140,California
Contra Costa,2020-12-20,582,4722,581,4719,1,3,0,0,582,4722,0,0,582,4722,California
Contra Costa,2020-12-21,1656,6378,1654,6373,2,5,0,0,1656,6378,0,0,1656,6378,California
Contra Costa,2020-12-22,1665,8043,1558,7931,107,112,0,0,1665,8043,0,0,1665,8043,California
Contra Costa,2020-12-23,1563,9606,1318,9249,245,357,0,0,1563,9606,0,0,1563,9606,California
Contra Costa,2020-12-24,648,10254,332,9581,316,673,0,0,648,10254,0,0,648,10254,California
Contra Costa,2020-12-25,38,10292,16,9597,22,695,0,0,38,10292,0,0,38,10292,California
Contra Costa,2020-12-26,642,10934,133,9730,509,1204,0,0,642,10934,0,0,642,10934,California
Contra Costa,2020-12-27,238,11172,84,9814,154,1358,0,0,238,11172,0,0,238,11172,California
Contra Costa,2020-12-28,1817,12989,854,10668,963,2321,0,0,1817,12989,0,0,1817,12989,California
Contra Costa,2020-12-29,1827,14816,823,11491,1004,3325,0,0,1827,14816,0,0,1827,14816,California
Contra Costa,2020-12-30,2392,17208,1211,12702,1181,4506,0,0,2391,17207,0,0,2391,17207,California
Contra Costa,2020-12-31,909,18117,306,13008,603,5109,0,0,908,18115,0,0,908,18115,California
Contra Costa,2021-01-01,57,18174,23,13031,34,5143,0,0,57,18172,0,0,57,18172,California
Contra Costa,2021-01-02,332,18506,170,13201,162,5305,0,0,332,18504,0,0,332,18504,California
Contra Costa,2021-01-03,173,18679,115,13316,58,5363,0,0,172,18676,0,0,172,18676,California
Contra Costa,2021-01-04,1906,20585,1247,14563,659,6022,0,0,1886,20544,18,18,1886,20562,California
Contra Costa,2021-01-05,2094,22679,1253,15816,841,6863,0,0,1837,22126,256,274,1838,22400,California
Contra Costa,2021-01-06,3263,25942,2240,18056,1023,7886,0,0,2504,23879,753,1027,2506,24906,California
Contra Costa,2021-01-07,3084,29026,2053,20109,1031,8917,0,0,1874,24549,1207,2234,1877,26783,California
Contra Costa,2021-01-08,3357,32383,2375,22484,982,9899,0,0,1803,24807,1548,3782,1806,28589,California
Contra Costa,2021-01-09,1578,33961,1128,23612,450,10349,0,0,750,24731,827,4609,751,29340,California
Contra Costa,2021-01-10,361,34322,286,23898,75,10424,0,0,152,24674,209,4818,152,29492,California
Contra Costa,2021-01-11,3812,38134,3099,26997,713,11137,0,0,2219,25302,1593,6411,2221,31713,California
Contra Costa,2021-01-12,3890,42024,2920,29917,970,12107,0,0,2573,26558,1318,7729,2574,34287,California
Contra Costa,2021-01-13,4655,46679,2873,32790,1782,13889,0,0,3734,29377,917,8646,3736,38023,California
Contra Costa,2021-01-14,4266,50945,1545,34335,2721,16610,0,0,3880,32871,386,9032,3880,41903,California
Contra Costa,2021-01-15,5324,56269,2471,36806,2853,19463,0,0,4999,37550,324,9356,5003,46906,California
Contra Costa,2021-01-16,1710,57979,554,37360,1156,20619,0,0,1634,39108,76,9432,1634,48540,California
Contra Costa,2021-01-17,1645,59624,983,38343,662,21281,0,0,1519,40503,126,9558,1521,50061,California
Contra Costa,2021-01-18,3203,62827,1257,39600,1946,23227,0,0,2574,42456,623,10181,2576,52637,California
Contra Costa,2021-01-19,7057,69884,3155,42755,3902,27129,0,0,6059,47526,995,11176,6065,58702,California
Contra Costa,2021-01-20,6572,76456,4025,46780,2547,29676,0,0,5346,51657,1221,12397,5352,64054,California
Contra Costa,2021-01-21,6939,83395,3083,49863,3856,33532,0,0,6220,57167,714,13111,6224,70278,California
Contra Costa,2021-01-22,6337,89732,2690,52553,3647,37179,0,0,5479,61799,849,13960,5481,75759,California
Contra Costa,2021-01-23,2010,91742,356,52909,1654,38833,0,0,1758,63309,250,14210,1760,77519,California
Contra Costa,2021-01-24,1576,93318,213,53122,1363,40196,0,0,1431,64599,145,14355,1435,78954,California
Contra Costa,2021-01-25,6603,99921,2997,56119,3606,43802,0,0,5045,68092,1557,15912,5050,84004,California
Contra Costa,2021-01-26,7902,107823,4544,60663,3358,47160,0,0,6092,72384,1803,17715,6095,90099,California
Contra Costa,2021-01-27,8181,116004,5459,66122,2722,49882,0,0,6300,76895,1791,19506,6302,96401,California
Contra Costa,2021-01-28,6737,122741,3729,69851,3008,52890,0,0,5210,80586,1521,21027,5212,101613,California
Contra Costa,2021-01-29,7411,130152,3865,73716,3546,56436,0,0,6114,85408,1294,22321,6116,107729,California
Contra Costa,2021-01-30,2035,132187,558,74274,1477,57913,0,0,1711,86802,317,22638,1711,109440,California
Contra Costa,2021-01-31,744,132931,526,74800,218,58131,0,0,570,87204,168,22806,570,110010,California
Contra Costa,2021-02-01,5508,138439,3755,78555,1753,59884,0,0,3880,89467,1622,24428,3885,113895,California
Contra Costa,2021-02-02,7729,146168,5267,83822,2462,62346,0,0,5888,93517,1839,26267,5889,119784,California
Contra Costa,2021-02-03,8251,154419,5460,89282,2791,65137,0,0,5629,96533,2614,28881,5630,125414,California
Contra Costa,2021-02-04,7422,161841,3520,92802,3902,69039,0,0,5722,100560,1697,30578,5724,131138,California
Contra Costa,2021-02-05,8394,170235,4814,97616,3580,72619,0,0,5713,103597,2676,33254,5713,136851,California
Contra Costa,2021-02-06,3452,173687,2144,99760,1308,73927,0,0,2806,105759,645,33899,2807,139658,California
Contra Costa,2021-02-07,979,174666,711,100471,268,74195,0,0,603,105987,375,34274,603,140261,California
Contra Costa,2021-02-08,5795,180461,3437,103908,2358,76553,0,0,4318,108834,1472,35746,4319,144580,California
Contra Costa,2021-02-09,8604,189065,4758,108666,3846,80399,0,0,5747,111729,2852,38598,5747,150327,California
Contra Costa,2021-02-10,8550,197615,4609,113275,3941,84340,0,0,5387,113968,3151,41749,5390,155717,California
Contra Costa,2021-02-11,9024,206639,4143,117418,4881,89221,0,0,5145,115241,3873,45622,5146,160863,California
Contra Costa,2021-02-12,10017,216656,4599,122017,5418,94639,0,0,5448,116127,4565,50187,5451,166314,California
Contra Costa,2021-02-13,4815,221471,1345,123362,3470,98109,0,0,3366,118047,1446,51633,3366,169680,California
Contra Costa,2021-02-14,2067,223538,855,124217,1212,99321,0,0,1212,118405,854,52487,1212,170892,California
Contra Costa,2021-02-15,4410,227948,2450,126667,1960,101281,0,0,2328,118660,2076,54563,2331,173223,California
Contra Costa,2021-02-16,10359,238307,4877,131544,5482,106763,0,0,4659,117631,5693,60256,4664,177887,California
Contra Costa,2021-02-17,12183,250490,6090,137634,6093,112856,0,0,5593,116650,6576,66832,5595,183482,California
Contra Costa,2021-02-18,11396,261886,5951,143585,5445,118301,0,0,5479,116223,5908,72740,5481,188963,California
Contra Costa,2021-02-19,11362,273248,7087,150672,4275,122576,0,0,5204,115285,6143,78883,5205,194168,California
Contra Costa,2021-02-20,6452,279700,2908,153580,3544,126120,0,0,4581,118010,1856,80739,4581,198749,California
Contra Costa,2021-02-21,1747,281447,1202,154782,545,126665,0,0,1053,118371,693,81432,1054,199803,California
Contra Costa,2021-02-22,7381,288828,4997,159779,2384,129049,0,0,3446,117891,3927,85359,3447,203250,California
Contra Costa,2021-02-23,11357,300185,6988,166767,4369,133418,0,0,5713,117975,5632,90991,5716,208966,California
Contra Costa,2021-02-24,10303,310488,7565,174332,2738,136156,0,0,5026,117742,5261,96252,5028,213994,California
Contra Costa,2021-02-25,10849,321337,6836,181168,4013,140169,0,0,5220,117358,5609,101861,5225,219219,California
Contra Costa,2021-02-26,10512,331849,6676,187844,3836,144005,0,0,5251,117369,5247,107108,5258,224477,California
Contra Costa,2021-02-27,6492,338341,4174,192018,2318,146323,0,0,4088,119061,2398,109506,4090,228567,California
Contra Costa,2021-02-28,3772,342113,3120,195138,652,146975,0,0,3180,121653,590,110096,3182,231749,California
Contra Costa,2021-03-01,7946,350059,5976,201114,1970,148945,0,0,4903,123527,3031,113127,4905,236654,California
Contra Costa,2021-03-02,9661,359720,6103,207217,3556,152501,2,2,5049,123979,4601,117728,5053,241707,California
Contra Costa,2021-03-03,9970,369690,6252,213469,3718,156219,0,2,5352,124730,4602,122330,5353,247060,California
Contra Costa,2021-03-04,10591,380281,6162,219631,4429,160648,0,2,5228,124615,5345,127675,5230,252290,California
Contra Costa,2021-03-05,9629,389910,5657,225288,3967,164615,5,7,5219,125445,4397,132072,5227,257517,California
Contra Costa,2021-03-06,6855,396765,3908,229196,2655,167270,292,299,4431,127755,2414,134486,4724,262241,California
Contra Costa,2021-03-07,3549,400314,2233,231429,1259,168529,57,356,2889,130044,658,135144,2947,265188,California
Contra Costa,2021-03-08,7872,408186,3674,235103,3925,172454,273,629,5265,132995,2594,137738,5545,270733,California
Contra Costa,2021-03-09,9303,417489,4593,239696,4409,176863,301,930,4756,133512,4543,142281,5060,275793,California
Contra Costa,2021-03-10,11036,428525,5657,245353,4139,181002,1240,2170,5152,134031,5877,148158,6396,282189,California
Contra Costa,2021-03-11,11811,440336,6200,251553,5165,186167,446,2616,6111,134906,5686,153844,6561,288750,California
Contra Costa,2021-03-12,11042,451378,4576,256129,6146,192313,320,2936,5723,135646,5308,159152,6048,294798,California
Contra Costa,2021-03-13,6899,458277,2753,258882,3786,196099,360,3296,2778,134676,4107,163259,3137,297935,California
Contra Costa,2021-03-14,4004,462281,2407,261289,1138,197237,459,3755,1951,135038,2047,165306,2409,300344,California
Contra Costa,2021-03-15,9259,471540,5009,266298,3509,200746,741,4496,4681,135898,4566,169872,5426,305770,California
Contra Costa,2021-03-16,14111,485651,8356,274654,5358,206104,397,4893,7172,136550,6920,176792,7572,313342,California
Contra Costa,2021-03-17,14328,499979,9798,284452,4331,210435,199,5092,8132,138717,6177,182969,8344,321686,California
Contra Costa,2021-03-18,13300,513279,7297,291749,5601,216036,402,5494,7529,140908,5751,188720,7942,329628,California
Contra Costa,2021-03-19,12247,525526,7265,299014,3918,219954,1064,6558,6332,142418,5903,194623,7413,337041,California
Contra Costa,2021-03-20,6864,532390,4030,303044,2605,222559,229,6787,3508,142816,3344,197967,3742,340783,California
Contra Costa,2021-03-21,4330,536720,3756,306800,481,223040,93,6880,2069,142722,2258,200225,2164,342947,California
Contra Costa,2021-03-22,11272,547992,8469,315269,2569,225609,234,7114,6928,145567,4335,204560,7180,350127,California
Contra Costa,2021-03-23,15148,563140,10343,325612,4638,230247,167,7281,9240,149115,5889,210449,9437,359564,California
Contra Costa,2021-03-24,14586,577726,11323,336935,3058,233305,205,7486,9071,153145,5493,215942,9523,369087,California
Contra Costa,2021-03-25,14814,592540,11508,348443,3060,236365,246,7732,9201,157580,5582,221524,10017,379104,California
Contra Costa,2021-03-26,14500,607040,10351,358794,3762,240127,387,8119,8550,161182,5930,227454,9532,388636,California
Contra Costa,2021-03-27,9996,617036,6492,365286,3086,243213,418,8537,5517,162753,4468,231922,6039,394675,California
Contra Costa,2021-03-28,4011,621047,2823,368109,1130,244343,58,8595,1691,162203,2313,234235,1763,396438,California
Contra Costa,2021-03-29,8537,629584,7303,375412,1146,245489,88,8683,5883,165545,2647,236882,5989,402427,California
Del Norte,2020-12-19,1,1,1,1,0,0,0,0,1,1,0,0,1,1,California
Del Norte,2020-12-21,23,24,23,24,0,0,0,0,23,24,0,0,23,24,California
Del Norte,2020-12-22,46,70,46,70,0,0,0,0,46,70,0,0,46,70,California
Del Norte,2020-12-23,58,128,48,118,10,10,0,0,57,127,0,0,57,127,California
Del Norte,2020-12-28,34,162,34,152,0,10,0,0,34,161,0,0,34,161,California
Del Norte,2020-12-29,4,166,4,156,0,10,0,0,4,165,0,0,4,165,California
Del Norte,2020-12-30,67,233,55,211,12,22,0,0,68,233,0,0,68,233,California
Del Norte,2020-12-31,16,249,13,224,3,25,0,0,16,249,0,0,16,249,California
Del Norte,2021-01-04,102,351,49,273,53,78,0,0,102,351,0,0,102,351,California
Del Norte,2021-01-05,33,384,0,273,33,111,0,0,33,384,0,0,33,384,California
Del Norte,2021-01-06,78,462,18,291,60,171,0,0,78,462,0,0,78,462,California
Del Norte,2021-01-07,21,483,1,292,20,191,0,0,21,483,0,0,21,483,California
Del Norte,2021-01-08,77,560,7,299,70,261,0,0,77,560,0,0,77,560,California
Del Norte,2021-01-09,1,561,1,300,0,261,0,0,0,559,1,1,0,560,California
Del Norte,2021-01-11,40,601,21,321,19,280,0,0,18,556,22,23,19,579,California
Del Norte,2021-01-12,50,651,32,353,18,298,0,0,29,564,21,44,29,608,California
Del Norte,2021-01-13,85,736,40,393,45,343,0,0,52,583,33,77,52,660,California
Del Norte,2021-01-14,52,788,14,407,38,381,0,0,46,623,6,83,46,706,California
Del Norte,2021-01-15,107,895,18,425,89,470,0,0,95,706,12,95,95,801,California
Del Norte,2021-01-17,1,896,1,426,0,470,0,0,1,707,0,95,1,802,California
Del Norte,2021-01-18,2,898,0,426,2,472,0,0,2,709,0,95,2,804,California
Del Norte,2021-01-19,119,1017,56,482,63,535,0,0,77,744,42,137,77,881,California
Del Norte,2021-01-20,157,1174,83,565,74,609,0,0,96,779,61,198,96,977,California
Del Norte,2021-01-21,43,1217,40,605,3,612,0,0,32,800,11,209,32,1009,California
Del Norte,2021-01-22,19,1236,16,621,3,615,0,0,12,805,7,216,12,1021,California
Del Norte,2021-01-23,1,1237,0,621,1,616,0,0,1,806,0,216,1,1022,California
Del Norte,2021-01-24,1,1238,0,621,1,617,0,0,1,807,0,216,1,1023,California
Del Norte,2021-01-25,97,1335,79,700,18,635,0,0,53,816,44,260,53,1076,California
Del Norte,2021-01-26,18,1353,11,711,7,642,0,0,7,812,11,271,7,1083,California
Del Norte,2021-01-27,62,1415,21,732,41,683,0,0,59,868,3,274,59,1142,California
Del Norte,2021-01-28,291,1706,20,752,271,954,0,0,287,1151,4,278,287,1429,California
Del Norte,2021-01-29,50,1756,19,771,31,985,0,0,41,1183,9,287,41,1470,California
Del Norte,2021-01-30,8,1764,1,772,7,992,0,0,8,1191,0,287,8,1478,California
Del Norte,2021-02-01,41,1805,1,773,40,1032,0,0,26,1202,15,302,26,1504,California
Del Norte,2021-02-02,142,1947,34,807,108,1140,0,0,73,1207,68,370,73,1577,California
Del Norte,2021-02-03,126,2073,40,847,86,1226,0,0,71,1223,55,425,71,1648,California
Del Norte,2021-02-04,71,2144,29,876,42,1268,0,0,42,1236,29,454,42,1690,California
Del Norte,2021-02-05,134,2278,22,898,112,1380,0,0,103,1309,30,484,103,1793,California
Del Norte,2021-02-06,305,2583,7,905,298,1678,0,0,305,1614,0,484,305,2098,California
Del Norte,2021-02-07,4,2587,3,908,1,1679,0,0,4,1618,0,484,4,2102,California
Del Norte,2021-02-08,36,2623,1,909,35,1714,0,0,32,1646,4,488,32,2134,California
Del Norte,2021-02-09,8,2631,5,914,3,1717,0,0,2,1642,6,494,2,2136,California
Del Norte,2021-02-10,143,2774,20,934,123,1840,0,0,86,1672,56,550,86,2222,California
Del Norte,2021-02-11,175,2949,58,992,117,1957,0,0,63,1623,112,662,63,2285,California
Del Norte,2021-02-12,120,3069,14,1006,106,2063,0,0,66,1635,54,716,66,2351,California
Del Norte,2021-02-13,2,3071,1,1007,1,2064,0,0,2,1637,0,716,2,2353,California
Del Norte,2021-02-14,3,3074,1,1008,2,2066,0,0,2,1638,1,717,2,2355,California
Del Norte,2021-02-15,4,3078,0,1008,4,2070,0,0,2,1638,2,719,2,2357,California
Del Norte,2021-02-16,132,3210,1,1009,131,2201,0,0,13,1532,119,838,13,2370,California
Del Norte,2021-02-17,90,3300,19,1028,71,2272,0,0,23,1488,67,905,23,2393,California
Del Norte,2021-02-18,76,3376,24,1052,52,2324,0,0,50,1512,26,931,50,2443,California
Del Norte,2021-02-19,45,3421,18,1070,27,2351,0,0,35,1537,10,941,35,2478,California
Del Norte,2021-02-20,8,3429,5,1075,3,2354,0,0,6,1541,2,943,6,2484,California
Del Norte,2021-02-22,2,3431,0,1075,2,2356,0,0,2,1543,0,943,2,2486,California
Del Norte,2021-02-23,101,3532,83,1158,18,2374,0,0,30,1502,71,1014,30,2516,California
Del Norte,2021-02-24,152,3684,98,1256,54,2428,0,0,79,1508,73,1087,79,2595,California
Del Norte,2021-02-25,465,4149,129,1385,336,2764,0,0,207,1457,258,1345,207,2802,California
Del Norte,2021-02-26,201,4350,165,1550,36,2800,0,0,155,1566,46,1391,155,2957,California
Del Norte,2021-02-27,154,4504,146,1696,8,2808,0,0,144,1700,10,1401,144,3101,California
Del Norte,2021-02-28,6,4510,3,1699,3,2811,0,0,3,1700,3,1404,3,3104,California
Del Norte,2021-03-01,28,4538,2,1701,26,2837,0,0,5,1682,23,1427,5,3109,California
Del Norte,2021-03-02,210,4748,140,1841,70,2907,0,0,178,1828,32,1459,178,3287,California
Del Norte,2021-03-03,152,4900,90,1931,62,2969,0,0,112,1900,40,1499,112,3399,California
Del Norte,2021-03-04,120,5020,83,2014,37,3006,0,0,90,1961,29,1528,90,3489,California
Del Norte,2021-03-05,90,5110,8,2022,82,3088,0,0,42,1955,48,1576,42,3531,California
Del Norte,2021-03-06,427,5537,80,2102,297,3385,50,50,154,1843,273,1849,161,3692,California
Del Norte,2021-03-07,3,5540,2,2104,1,3386,0,50,2,1844,1,1850,2,3694,California
Del Norte,2021-03-08,27,5567,1,2105,24,3410,2,52,4,1827,23,1873,6,3700,California
Del Norte,2021-03-09,171,5738,95,2200,72,3482,4,56,160,1980,11,1884,164,3864,California
Del Norte,2021-03-10,129,5867,11,2211,92,3574,26,82,46,1969,83,1967,72,3936,California
Del Norte,2021-03-11,142,6009,49,2260,91,3665,2,84,97,2023,45,2012,99,4035,California
Del Norte,2021-03-12,160,6169,90,2350,70,3735,0,84,115,2093,45,2057,115,4150,California
Del Norte,2021-03-13,93,6262,91,2441,2,3737,0,84,89,2178,4,2061,89,4239,California
Del Norte,2021-03-14,1,6263,0,2441,0,3737,1,85,0,2178,1,2062,1,4240,California
Del Norte,2021-03-15,40,6303,0,2441,39,3776,1,86,35,2209,5,2067,36,4276,California
Del Norte,2021-03-16,260,6563,129,2570,129,3905,2,88,238,2427,22,2089,240,4516,California
Del Norte,2021-03-17,269,6832,88,2658,180,4085,1,89,166,2491,103,2192,167,4683,California
Del Norte,2021-03-18,258,7090,107,2765,148,4233,3,92,133,2503,124,2316,136,4819,California
Del Norte,2021-03-19,185,7275,111,2876,68,4301,6,98,62,2448,123,2439,68,4887,California
Del Norte,2021-03-20,150,7425,148,3024,2,4303,0,98,11,2320,139,2578,11,4898,California
Del Norte,2021-03-21,4,7429,1,3025,3,4306,0,98,2,2320,2,2580,2,4900,California
Del Norte,2021-03-22,46,7475,6,3031,39,4345,1,99,43,2361,3,2583,44,4944,California
Del Norte,2021-03-23,323,7798,163,3194,142,4487,18,117,155,2368,166,2749,173,5117,California
Del Norte,2021-03-24,312,8110,110,3304,200,4687,2,119,197,2453,115,2864,200,5317,California
Del Norte,2021-03-25,191,8301,89,3393,102,4789,0,119,87,2437,103,2967,87,5404,California
Del Norte,2021-03-26,214,8515,110,3503,104,4893,0,119,181,2585,33,3000,181,5585,California
Del Norte,2021-03-27,105,8620,85,3588,6,4899,14,133,18,2530,87,3087,32,5617,California
Del Norte,2021-03-28,5,8625,2,3590,3,4902,0,133,1,2527,4,3091,1,5618,California
Del Norte,2021-03-29,37,8662,5,3595,32,4934,0,133,30,2550,7,3098,30,5648,California
El Dorado,2020-12-15,12,12,12,12,0,0,0,0,12,12,0,0,12,12,California
El Dorado,2020-12-16,40,52,40,52,0,0,0,0,40,52,0,0,40,52,California
El Dorado,2020-12-17,31,83,31,83,0,0,0,0,31,83,0,0,31,83,California
El Dorado,2020-12-18,235,318,235,318,0,0,0,0,235,318,0,0,235,318,California
El Dorado,2020-12-19,116,434,116,434,0,0,0,0,116,434,0,0,116,434,California
El Dorado,2020-12-20,84,518,84,518,0,0,0,0,84,518,0,0,84,518,California
El Dorado,2020-12-21,304,822,303,821,1,1,0,0,304,822,0,0,304,822,California
El Dorado,2020-12-22,239,1061,215,1036,24,25,0,0,239,1061,0,0,239,1061,California
El Dorado,2020-12-23,189,1250,139,1175,50,75,0,0,189,1250,0,0,189,1250,California
El Dorado,2020-12-24,87,1337,65,1240,22,97,0,0,87,1337,0,0,87,1337,California
El Dorado,2020-12-25,8,1345,8,1248,0,97,0,0,8,1345,0,0,8,1345,California
El Dorado,2020-12-26,43,1388,25,1273,18,115,0,0,43,1388,0,0,43,1388,California
El Dorado,2020-12-27,37,1425,33,1306,4,119,0,0,37,1425,0,0,37,1425,California
El Dorado,2020-12-28,215,1640,170,1476,45,164,0,0,215,1640,0,0,215,1640,California
El Dorado,2020-12-29,452,2092,138,1614,314,478,0,0,452,2092,0,0,452,2092,California
El Dorado,2020-12-30,504,2596,135,1749,369,847,0,0,504,2596,0,0,504,2596,California
El Dorado,2020-12-31,108,2704,68,1817,40,887,0,0,108,2704,0,0,108,2704,California
El Dorado,2021-01-01,7,2711,4,1821,3,890,0,0,7,2711,0,0,7,2711,California
El Dorado,2021-01-02,148,2859,137,1958,11,901,0,0,148,2859,0,0,148,2859,California
El Dorado,2021-01-03,89,2948,16,1974,73,974,0,0,89,2948,0,0,89,2948,California
El Dorado,2021-01-04,190,3138,62,2036,128,1102,0,0,190,3138,0,0,190,3138,California
El Dorado,2021-01-05,200,3338,46,2082,154,1256,0,0,184,3306,16,16,184,3322,California
El Dorado,2021-01-06,259,3597,187,2269,72,1328,0,0,196,3439,63,79,196,3518,California
El Dorado,2021-01-07,326,3923,134,2403,192,1520,0,0,255,3623,71,150,255,3773,California
El Dorado,2021-01-08,971,4894,500,2903,471,1991,0,0,769,4191,202,352,770,4543,California
El Dorado,2021-01-09,191,5085,155,3058,36,2027,0,0,123,4246,68,420,123,4666,California
El Dorado,2021-01-10,180,5265,129,3187,51,2078,0,0,111,4288,69,489,111,4777,California
El Dorado,2021-01-11,653,5918,290,3477,363,2441,0,0,458,4552,194,683,458,5235,California
El Dorado,2021-01-12,693,6611,419,3896,274,2715,0,0,445,4749,248,931,445,5680,California
El Dorado,2021-01-13,692,7303,295,4191,397,3112,0,0,533,5124,159,1090,534,6214,California
El Dorado,2021-01-14,673,7976,218,4409,455,3567,0,0,577,5605,96,1186,577,6791,California
El Dorado,2021-01-15,666,8642,180,4589,486,4053,0,0,594,6127,72,1258,594,7385,California
El Dorado,2021-01-16,171,8813,104,4693,67,4120,0,0,144,6244,27,1285,144,7529,California
El Dorado,2021-01-17,96,8909,44,4737,52,4172,0,0,80,6308,16,1301,80,7609,California
El Dorado,2021-01-18,416,9325,138,4875,278,4450,0,0,348,6588,68,1369,348,7957,California
El Dorado,2021-01-19,632,9957,345,5220,287,4737,0,0,484,6924,148,1517,484,8441,California
El Dorado,2021-01-20,1006,10963,684,5904,322,5059,0,0,894,7707,111,1628,894,9335,California
El Dorado,2021-01-21,1140,12103,562,6466,578,5637,0,0,934,8478,163,1791,934,10269,California
El Dorado,2021-01-22,1091,13194,704,7170,387,6024,0,0,1040,9468,50,1841,1040,11309,California
El Dorado,2021-01-23,737,13931,618,7788,119,6143,0,0,627,9985,110,1951,627,11936,California
El Dorado,2021-01-24,125,14056,75,7863,50,6193,0,0,107,10074,18,1969,107,12043,California
El Dorado,2021-01-25,603,14659,199,8062,404,6597,0,0,516,10503,87,2056,516,12559,California
El Dorado,2021-01-26,666,15325,357,8419,309,6906,0,0,566,10970,100,2156,567,13126,California
El Dorado,2021-01-27,921,16246,327,8746,594,7500,0,0,588,11224,334,2490,588,13714,California
El Dorado,2021-01-28,1096,17342,449,9195,647,8147,0,0,737,11602,359,2849,737,14451,California
El Dorado,2021-01-29,964,18306,489,9684,475,8622,0,0,735,12109,228,3077,735,15186,California
El Dorado,2021-01-30,610,18916,359,10043,251,8873,0,0,451,12401,159,3236,451,15637,California
El Dorado,2021-01-31,206,19122,185,10228,21,8894,0,0,176,12547,30,3266,176,15813,California
El Dorado,2021-02-01,787,19909,367,10595,420,9314,0,0,642,13045,144,3410,642,16455,California
El Dorado,2021-02-02,816,20725,361,10956,455,9769,0,0,660,13550,155,3565,660,17115,California
El Dorado,2021-02-03,890,21615,476,11432,414,10183,0,0,680,14020,210,3775,680,17795,California
El Dorado,2021-02-04,1265,22880,722,12154,543,10726,0,0,873,14501,392,4167,873,18668,California
El Dorado,2021-02-05,1476,24356,596,12750,880,11606,0,0,868,14794,575,4742,868,19536,California
El Dorado,2021-02-06,639,24995,334,13084,305,11911,0,0,532,15220,107,4849,533,20069,California
El Dorado,2021-02-07,255,25250,176,13260,79,11990,0,0,190,15345,65,4914,190,20259,California
El Dorado,2021-02-08,874,26124,415,13675,459,12449,0,0,603,15677,271,5185,603,20862,California
El Dorado,2021-02-09,886,27010,484,14159,402,12851,0,0,468,15727,418,5603,468,21330,California
El Dorado,2021-02-10,1212,28222,725,14884,487,13338,0,0,624,15764,587,6190,624,21954,California
El Dorado,2021-02-11,2046,30268,872,15756,1174,14512,0,0,903,15526,1142,7332,904,22858,California
El Dorado,2021-02-12,1482,31750,824,16580,658,15170,0,0,657,15358,825,8157,657,23515,California
El Dorado,2021-02-13,964,32714,670,17250,294,15464,0,0,421,15239,540,8697,421,23936,California
El Dorado,2021-02-14,472,33186,151,17401,321,15785,0,0,390,15547,82,8779,390,24326,California
El Dorado,2021-02-15,1124,34310,385,17786,739,16524,0,0,779,15984,345,9124,782,25108,California
El Dorado,2021-02-16,1148,35458,524,18310,624,17148,0,0,644,16125,504,9628,645,25753,California
El Dorado,2021-02-17,847,36305,374,18684,473,17621,0,0,394,16069,453,10081,397,26150,California
El Dorado,2021-02-18,2062,38367,1007,19691,1055,18676,0,0,1343,16695,718,10799,1344,27494,California
El Dorado,2021-02-19,1153,39520,600,20291,553,19229,0,0,645,16833,508,11307,646,28140,California
El Dorado,2021-02-20,919,40439,431,20722,488,19717,0,0,672,17263,242,11549,672,28812,California
El Dorado,2021-02-21,276,40715,222,20944,54,19771,0,0,96,17179,180,11729,96,28908,California
El Dorado,2021-02-22,855,41570,436,21380,419,20190,0,0,274,16873,580,12309,274,29182,California
El Dorado,2021-02-23,739,42309,465,21845,274,20464,0,0,316,16766,423,12732,316,29498,California
El Dorado,2021-02-24,905,43214,439,22284,466,20930,0,0,367,16596,538,13270,368,29866,California
El Dorado,2021-02-25,1488,44702,857,23141,631,21561,0,0,623,16363,858,14128,625,30491,California
El Dorado,2021-02-26,2223,46925,1458,24599,765,22326,0,0,1528,17196,695,14823,1528,32019,California
El Dorado,2021-02-27,1608,48533,411,25010,1197,23523,0,0,1172,17935,433,15256,1172,33191,California
El Dorado,2021-02-28,555,49088,199,25209,356,23879,0,0,406,18192,149,15405,406,33597,California
El Dorado,2021-03-01,1053,50141,439,25648,614,24493,0,0,564,18269,487,15892,564,34161,California
El Dorado,2021-03-02,850,50991,264,25912,586,25079,0,0,433,18288,415,16307,434,34595,California
El Dorado,2021-03-03,1443,52434,409,26321,1034,26113,0,0,996,18844,442,16749,998,35593,California
El Dorado,2021-03-04,2178,54612,1374,27695,804,26917,0,0,964,18597,1212,17961,965,36558,California
El Dorado,2021-03-05,1218,55830,258,27953,955,27872,5,5,755,18899,459,18420,761,37319,California
El Dorado,2021-03-06,606,56436,191,28144,385,28257,30,35,316,18955,290,18710,346,37665,California
El Dorado,2021-03-07,400,56836,198,28342,181,28438,21,56,240,19058,158,18868,261,37926,California
El Dorado,2021-03-08,1242,58078,363,28705,812,29250,67,123,786,19458,455,19323,855,38781,California
El Dorado,2021-03-09,892,58970,225,28930,604,29854,63,186,546,19724,344,19667,610,39391,California
El Dorado,2021-03-10,772,59742,330,29260,420,30274,22,208,466,19908,304,19971,488,39879,California
El Dorado,2021-03-11,2769,62511,1779,31039,821,31095,169,377,1230,19774,1532,21503,1398,41277,California
El Dorado,2021-03-12,1457,63968,604,31643,622,31717,231,608,543,19644,910,22413,780,42057,California
El Dorado,2021-03-13,925,64893,344,31987,325,32042,256,864,336,19646,588,23001,590,42647,California
El Dorado,2021-03-14,661,65554,201,32188,355,32397,105,969,240,19571,421,23422,346,42993,California
El Dorado,2021-03-15,1272,66826,300,32488,849,33246,123,1092,515,19455,755,24177,639,43632,California
El Dorado,2021-03-16,1124,67950,385,32873,600,33846,139,1231,500,19474,620,24797,639,44271,California
El Dorado,2021-03-17,963,68913,315,33188,555,34401,93,1324,600,19805,363,25160,694,44965,California
El Dorado,2021-03-18,1922,70835,973,34161,908,35309,41,1365,1184,20298,733,25893,1226,46191,California
El Dorado,2021-03-19,828,71663,269,34430,436,35745,123,1488,430,20453,398,26291,553,46744,California
El Dorado,2021-03-20,742,72405,178,34608,551,36296,13,1501,259,20253,472,26763,272,47016,California
El Dorado,2021-03-21,929,73334,379,34987,543,36839,7,1508,839,21011,89,26852,847,47863,California
El Dorado,2021-03-22,1388,74722,444,35431,863,37702,81,1589,1097,21902,289,27141,1180,49043,California
El Dorado,2021-03-23,1023,75745,435,35866,498,38200,90,1679,646,22271,368,27509,737,49780,California
El Dorado,2021-03-24,1256,77001,587,36453,477,38677,192,1871,567,22357,682,28191,768,50548,California
El Dorado,2021-03-25,2252,79253,1569,38022,580,39257,103,1974,1252,22814,997,29188,1454,52002,California
El Dorado,2021-03-26,1611,80864,642,38664,863,40120,106,2080,826,23106,774,29962,1066,53068,California
El Dorado,2021-03-27,1219,82083,157,38821,1058,41178,4,2084,287,22481,926,30888,301,53369,California
El Dorado,2021-03-28,505,82588,165,38986,329,41507,11,2095,120,22230,383,31271,132,53501,California
El Dorado,2021-03-29,650,83238,372,39358,275,41782,3,2098,456,22498,193,31464,461,53962,California
Fresno,2020-12-15,1,1,1,1,0,0,0,0,1,1,0,0,1,1,California
Fresno,2020-12-16,120,121,120,121,0,0,0,0,120,121,0,0,120,121,California
Fresno,2020-12-17,119,240,119,240,0,0,0,0,119,240,0,0,119,240,California
Fresno,2020-12-18,344,584,344,584,0,0,0,0,344,584,0,0,344,584,California
Fresno,2020-12-19,157,741,157,741,0,0,0,0,157,741,0,0,157,741,California
Fresno,2020-12-20,255,996,254,995,1,1,0,0,255,996,0,0,255,996,California
Fresno,2020-12-21,925,1921,924,1919,1,2,0,0,957,1953,0,0,957,1953,California
Fresno,2020-12-22,900,2821,872,2791,28,30,0,0,904,2857,0,0,904,2857,California
Fresno,2020-12-23,1080,3901,1051,3842,29,59,0,0,1081,3938,0,0,1081,3938,California
Fresno,2020-12-24,578,4479,563,4405,15,74,0,0,578,4516,0,0,578,4516,California
Fresno,2020-12-25,3,4482,2,4407,1,75,0,0,3,4519,0,0,3,4519,California
Fresno,2020-12-26,720,5202,712,5119,8,83,0,0,720,5239,0,0,720,5239,California
Fresno,2020-12-27,299,5501,204,5323,95,178,0,0,299,5538,0,0,299,5538,California
Fresno,2020-12-28,1055,6556,772,6095,283,461,0,0,1055,6593,0,0,1055,6593,California
Fresno,2020-12-29,1775,8331,1038,7133,737,1198,0,0,1773,8365,1,1,1773,8366,California
Fresno,2020-12-30,970,9301,473,7606,497,1695,0,0,970,9335,0,1,970,9336,California
Fresno,2020-12-31,892,10193,311,7917,581,2276,0,0,891,10226,0,1,891,10227,California
Fresno,2021-01-01,9,10202,3,7920,6,2282,0,0,9,10235,0,1,9,10236,California
Fresno,2021-01-02,1028,11230,716,8636,312,2594,0,0,1028,11263,0,1,1028,11264,California
Fresno,2021-01-03,152,11382,128,8764,24,2618,0,0,152,11415,0,1,152,11416,California
Fresno,2021-01-04,606,11988,372,9136,234,2852,0,0,606,12021,0,1,606,12022,California
Fresno,2021-01-05,774,12762,311,9447,463,3315,0,0,700,12647,74,75,700,12722,California
Fresno,2021-01-06,965,13727,342,9789,623,3938,0,0,793,13268,172,247,793,13515,California
Fresno,2021-01-07,1872,15599,913,10702,959,4897,0,0,1620,14637,252,499,1621,15136,California
Fresno,2021-01-08,1765,17364,614,11316,1151,6048,0,0,1400,15675,363,862,1401,16537,California
Fresno,2021-01-09,627,17991,386,11702,241,6289,0,0,353,15754,274,1136,353,16890,California
Fresno,2021-01-10,512,18503,484,12186,28,6317,0,0,198,15638,314,1450,198,17088,California
Fresno,2021-01-11,2132,20635,1729,13915,403,6720,0,0,1440,16389,692,2142,1443,18531,California
Fresno,2021-01-12,2499,23134,1809,15724,690,7410,0,0,1654,17198,847,2989,1656,20187,California
Fresno,2021-01-13,3526,26660,2422,18146,1104,8514,0,0,2667,19008,859,3848,2669,22856,California
Fresno,2021-01-14,4127,30787,2205,20351,1922,10436,0,0,3654,22189,473,4321,3654,26510,California
Fresno,2021-01-15,3616,34403,2522,22873,1094,11530,0,0,3259,25093,357,4678,3261,29771,California
Fresno,2021-01-16,3133,37536,2293,25166,840,12370,0,0,2672,27305,461,5139,2673,32444,California
Fresno,2021-01-17,977,38513,554,25720,423,12793,0,0,777,27882,200,5339,777,33221,California
Fresno,2021-01-18,3070,41583,2362,28082,708,13501,0,0,2410,29636,658,5997,2412,35633,California
Fresno,2021-01-19,4286,45869,2528,30610,1758,15259,0,0,3646,32650,640,6637,3654,39287,California
Fresno,2021-01-20,2978,48847,1184,31794,1794,17053,0,0,2691,35055,288,6925,2693,41980,California
Fresno,2021-01-21,4321,53168,2000,33794,2321,19374,0,0,3976,38708,328,7253,3981,45961,California
Fresno,2021-01-22,3291,56459,1340,35134,1951,21325,0,0,2906,41246,369,7622,2907,48868,California
Fresno,2021-01-23,3031,59490,1957,37091,1074,22399,0,0,2308,42840,723,8345,2317,51185,California
Fresno,2021-01-24,550,60040,373,37464,177,22576,0,0,347,42987,203,8548,350,51535,California
Fresno,2021-01-25,2321,62361,857,38321,1464,24040,0,0,1837,44347,484,9032,1844,53379,California
Fresno,2021-01-26,2003,64364,577,38898,1426,25466,0,0,1296,44940,705,9737,1298,54677,California
Fresno,2021-01-27,2231,66595,1154,40052,1077,26543,0,0,1719,46149,512,10249,1721,56398,California
Fresno,2021-01-28,4444,71039,3019,43071,1425,27968,0,0,3440,48591,1001,11250,3443,59841,California
Fresno,2021-01-29,1689,72728,983,44054,706,28674,0,0,1392,49691,293,11543,1393,61234,California
Fresno,2021-01-30,1413,74141,527,44581,886,29560,0,0,1003,50284,410,11953,1003,62237,California
Fresno,2021-01-31,228,74369,219,44800,9,29569,0,0,74,50204,154,12107,74,62311,California
Fresno,2021-02-01,3316,77685,1654,46454,1662,31231,0,0,1724,50439,1591,13698,1826,64137,California
Fresno,2021-02-02,2709,80394,544,46998,2165,33396,0,0,1542,50893,1154,14852,1608,65745,California
Fresno,2021-02-03,3483,83877,2040,49038,1443,34839,0,0,1526,50482,1938,16790,1527,67272,California
Fresno,2021-02-04,4190,88067,1900,50938,2290,37129,0,0,1926,50179,2234,19024,1931,69203,California
Fresno,2021-02-05,5118,93185,2599,53537,2519,39648,0,0,2109,49288,3002,22026,2111,71314,California
Fresno,2021-02-06,2920,96105,2037,55574,883,40531,0,0,961,48296,1955,23981,963,72277,California
Fresno,2021-02-07,459,96564,285,55859,174,40705,0,0,271,48380,187,24168,271,72548,California
Fresno,2021-02-08,4273,100837,2300,58159,1973,42678,0,0,1813,47765,2437,26605,1822,74370,California
Fresno,2021-02-09,5328,106165,2088,60247,3240,45918,0,0,3129,48777,2125,28730,3137,77507,California
Fresno,2021-02-10,3662,109827,1227,61474,2435,48353,0,0,1965,49104,1644,30374,1971,79478,California
Fresno,2021-02-11,6339,116166,2085,63559,4254,52607,0,0,3364,49509,2963,33337,3368,82846,California
Fresno,2021-02-12,5346,121512,1373,64932,3973,56580,0,0,2750,49685,2580,35917,2756,85602,California
Fresno,2021-02-13,3714,125226,1543,66475,2171,58751,0,0,2069,50124,1633,37550,2072,87674,California
Fresno,2021-02-14,1555,126781,282,66757,1273,60024,0,0,845,50261,709,38259,846,88520,California
Fresno,2021-02-15,2860,129641,269,67026,2591,62615,0,0,1759,50926,1097,39356,1762,90282,California
Fresno,2021-02-16,6610,136251,2387,69413,4223,66838,0,0,4213,52762,2382,41738,4218,94500,California
Fresno,2021-02-17,5291,141542,2435,71848,2856,69694,0,0,2963,53454,2283,44021,2975,97475,California
Fresno,2021-02-18,6795,148337,2905,74753,3890,73584,0,0,2572,51865,4173,48194,2584,100059,California
Fresno,2021-02-19,3798,152135,1102,75855,2696,76280,0,0,1833,51748,1953,50147,1836,101895,California
Fresno,2021-02-20,4524,156659,2491,78346,2033,78313,0,0,3066,53367,1452,51599,3071,104966,California
Fresno,2021-02-21,179,156838,163,78509,16,78329,0,0,127,53453,41,51640,127,105093,California
Fresno,2021-02-22,2161,158999,955,79464,1206,79535,0,0,1193,53693,960,52600,1200,106293,California
Fresno,2021-02-23,3796,162795,1428,80892,2368,81903,0,0,2948,55805,842,53442,2954,109247,California
Fresno,2021-02-24,4086,166881,1490,82382,2596,84499,0,0,3351,58432,727,54169,3354,112601,California
Fresno,2021-02-25,7359,174240,2451,84833,4908,89407,0,0,5975,63038,1374,55543,5980,118581,California
Fresno,2021-02-26,8105,182345,2971,87804,5134,94541,0,0,6852,68662,1232,56775,6856,125437,California
Fresno,2021-02-27,6221,188566,2161,89965,4060,98601,0,0,5546,73549,667,57442,5554,130991,California
Fresno,2021-02-28,1622,190188,523,90488,1099,99700,0,0,1528,75004,86,57528,1541,132532,California
Fresno,2021-03-01,4677,194865,1236,91724,3441,103141,0,0,3423,77191,1243,58771,3430,135962,California
Fresno,2021-03-02,8118,202983,2235,93959,5883,109024,0,0,6802,82728,1290,60061,6827,142789,California
Fresno,2021-03-03,5865,208848,1369,95328,4496,113520,0,0,4898,86766,954,61015,4992,147781,California
Fresno,2021-03-04,7980,216828,2256,97584,5724,119244,0,0,6501,91822,1455,62470,6511,154292,California
Fresno,2021-03-05,7022,223850,2577,100161,4444,123688,1,1,6088,97142,806,63276,6126,160418,California
Fresno,2021-03-06,5946,229796,3187,103348,2647,126335,112,113,5032,101381,910,64186,5149,165567,California
Fresno,2021-03-07,1309,231105,535,103883,740,127075,34,147,1088,102283,221,64407,1123,166690,California
Fresno,2021-03-08,4534,235639,1692,105575,2710,129785,132,279,3410,104720,1120,65527,3557,170247,California
Fresno,2021-03-09,6561,242200,2196,107771,4101,133886,264,543,3715,105904,2836,68363,4020,174267,California
Fresno,2021-03-10,5911,248111,2350,110121,3201,137087,360,903,4559,109491,1342,69705,4929,179196,California
Fresno,2021-03-11,10263,258374,3967,114088,5781,142868,515,1418,5576,111000,4658,74363,6167,185363,California
Fresno,2021-03-12,9823,268197,4194,118282,5248,148116,381,1799,7346,116411,2466,76829,7877,193240,California
Fresno,2021-03-13,6757,274954,3587,121869,2271,150387,899,2698,3167,116986,3575,80404,4150,197390,California
Fresno,2021-03-14,1218,276172,383,122252,566,150953,269,2967,491,117025,722,81126,761,198151,California
Fresno,2021-03-15,6615,282787,2824,125076,3629,154582,162,3129,4518,119817,2089,83215,4881,203032,California
Fresno,2021-03-16,9804,292591,4314,129390,5131,159713,359,3488,6029,122552,3756,86971,6491,209523,California
Fresno,2021-03-17,7697,300288,3579,132969,3586,163299,532,4020,5162,126113,2517,89488,6078,215601,California
Fresno,2021-03-18,10189,310477,5651,138620,3993,167292,545,4565,6594,130045,3567,93055,7499,223100,California
Fresno,2021-03-19,8988,319465,4658,143278,3889,171181,441,5006,5978,133746,2988,96043,6689,229789,California
Fresno,2021-03-20,5154,324619,2947,146225,2010,173191,197,5203,3053,135094,2096,98139,3444,233233,California
Fresno,2021-03-21,1723,326342,1173,147398,188,173379,362,5565,935,135612,784,98923,1302,234535,California
Fresno,2021-03-22,5412,331754,2730,150128,2092,175471,590,6155,3608,138274,1776,100699,4438,238973,California
Fresno,2021-03-23,10205,341959,5089,155217,4693,180164,423,6578,5931,140860,4241,104940,6827,245800,California
Fresno,2021-03-24,8196,350155,3438,158655,3974,184138,784,7362,4573,142790,3598,108538,5528,251328,California
Fresno,2021-03-25,10730,360885,5150,163805,4958,189096,622,7984,5746,144494,4956,113494,6660,257988,California
Fresno,2021-03-26,10367,371252,5025,168830,4817,193913,525,8509,4773,144300,5548,119042,5354,263342,California
Fresno,2021-03-27,9092,380344,4014,172844,4093,198006,985,9494,2855,142041,6209,125251,3950,267292,California
Fresno,2021-03-28,2532,382876,1152,173996,1377,199383,3,9497,1312,142406,1216,126467,1581,268873,California
Fresno,2021-03-29,2045,384921,572,174568,1321,200704,152,9649,1202,142941,838,127305,1373,270246,California
Glenn,2020-12-17,1,1,1,1,0,0,0,0,1,1,0,0,1,1,California
Glenn,2020-12-19,1,2,1,2,0,0,0,0,1,2,0,0,1,2,California
Glenn,2020-12-20,1,3,1,3,0,0,0,0,1,3,0,0,1,3,California
Glenn,2020-12-21,11,14,11,14,0,0,0,0,11,14,0,0,11,14,California
Glenn,2020-12-22,59,73,59,73,0,0,0,0,59,73,0,0,59,73,California
Glenn,2020-12-23,26,99,26,99,0,0,0,0,26,99,0,0,26,99,California
Glenn,2020-12-24,9,108,9,108,0,0,0,0,9,108,0,0,9,108,California
Glenn,2020-12-26,2,110,2,110,0,0,0,0,2,110,0,0,2,110,California
Glenn,2020-12-27,4,114,4,114,0,0,0,0,4,114,0,0,4,114,California
Glenn,2020-12-28,20,134,20,134,0,0,0,0,20,134,0,0,20,134,California
Glenn,2020-12-29,82,216,82,216,0,0,0,0,82,216,0,0,82,216,California
Glenn,2020-12-30,129,345,107,323,22,22,0,0,129,345,0,0,129,345,California
Glenn,2020-12-31,38,383,9,332,29,51,0,0,38,383,0,0,38,383,California
Glenn,2021-01-02,2,385,2,334,0,51,0,0,2,385,0,0,2,385,California
Glenn,2021-01-04,7,392,5,339,2,53,0,0,7,392,0,0,7,392,California
Glenn,2021-01-05,9,401,8,347,1,54,0,0,9,401,0,0,9,401,California
Glenn,2021-01-06,61,462,9,356,52,106,0,0,61,462,0,0,61,462,California
Glenn,2021-01-07,66,528,12,368,54,160,0,0,64,524,2,2,64,526,California
Glenn,2021-01-08,11,539,9,377,2,162,0,0,11,535,0,2,11,537,California
Glenn,2021-01-10,1,540,1,378,0,162,0,0,0,534,1,3,0,537,California
Glenn,2021-01-11,30,570,30,408,0,162,0,0,12,528,18,21,12,549,California
Glenn,2021-01-12,42,612,37,445,5,167,0,0,14,514,28,49,14,563,California
Glenn,2021-01-13,153,765,88,533,65,232,0,0,110,581,43,92,110,673,California
Glenn,2021-01-14,183,948,95,628,88,320,0,0,173,744,10,102,173,846,California
Glenn,2021-01-15,42,990,34,662,8,328,0,0,37,776,5,107,37,883,California
Glenn,2021-01-16,34,1024,14,676,20,348,0,0,24,790,10,117,24,907,California
Glenn,2021-01-17,4,1028,2,678,2,350,0,0,2,790,2,119,2,909,California
Glenn,2021-01-18,17,1045,16,694,1,351,0,0,9,791,8,127,9,918,California
Glenn,2021-01-19,28,1073,18,712,10,361,0,0,12,787,16,143,12,930,California
Glenn,2021-01-20,162,1235,93,805,69,430,0,0,81,787,81,224,81,1011,California
Glenn,2021-01-21,124,1359,98,903,26,456,0,0,29,721,95,319,29,1040,California
Glenn,2021-01-22,336,1695,63,966,273,729,0,0,329,1043,7,326,329,1369,California
Glenn,2021-01-23,14,1709,7,973,7,736,0,0,12,1053,2,328,12,1381,California
Glenn,2021-01-24,1,1710,1,974,0,736,0,0,1,1054,0,328,1,1382,California
Glenn,2021-01-25,27,1737,9,983,18,754,0,0,24,1075,3,331,24,1406,California
Glenn,2021-01-26,29,1766,13,996,16,770,0,0,23,1092,6,337,23,1429,California
Glenn,2021-01-27,188,1954,14,1010,174,944,0,0,166,1236,22,359,166,1595,California
Glenn,2021-01-28,145,2099,8,1018,137,1081,0,0,115,1321,30,389,115,1710,California
Glenn,2021-01-29,296,2395,11,1029,285,1366,0,0,282,1589,14,403,282,1992,California
Glenn,2021-01-30,4,2399,0,1029,4,1370,0,0,4,1593,0,403,4,1996,California
Glenn,2021-01-31,1,2400,0,1029,1,1371,0,0,1,1594,0,403,1,1997,California
Glenn,2021-02-01,29,2429,10,1039,19,1390,0,0,17,1599,12,415,17,2014,California
Glenn,2021-02-02,27,2456,12,1051,15,1405,0,0,18,1608,9,424,18,2032,California
Glenn,2021-02-03,206,2662,58,1109,148,1553,0,0,111,1624,95,519,111,2143,California
Glenn,2021-02-04,149,2811,84,1193,65,1618,0,0,45,1565,104,623,45,2188,California
Glenn,2021-02-05,320,3131,24,1217,296,1914,0,0,301,1847,19,642,301,2489,California
Glenn,2021-02-06,15,3146,2,1219,13,1927,0,0,14,1860,1,643,14,2503,California
Glenn,2021-02-07,1,3147,1,1220,0,1927,0,0,1,1861,0,643,1,2504,California
Glenn,2021-02-08,21,3168,17,1237,4,1931,0,0,4,1848,17,660,4,2508,California
Glenn,2021-02-09,48,3216,19,1256,29,1960,0,0,36,1872,12,672,36,2544,California
Glenn,2021-02-10,138,3354,19,1275,119,2079,0,0,64,1862,74,746,64,2608,California
Glenn,2021-02-11,233,3587,134,1409,99,2178,0,0,151,1931,82,828,151,2759,California
Glenn,2021-02-12,422,4009,100,1509,322,2500,0,0,358,2225,64,892,358,3117,California
Glenn,2021-02-13,33,4042,7,1516,26,2526,0,0,15,2222,18,910,15,3132,California
Glenn,2021-02-14,1,4043,0,1516,1,2527,0,0,1,2223,0,910,1,3133,California
Glenn,2021-02-15,8,4051,0,1516,8,2535,0,0,8,2231,0,910,8,3141,California
Glenn,2021-02-16,38,4089,9,1525,29,2564,0,0,20,2233,18,928,20,3161,California
Glenn,2021-02-17,381,4470,15,1540,366,2930,0,0,303,2458,78,1006,303,3464,California
Glenn,2021-02-18,137,4607,102,1642,35,2965,0,0,113,2547,24,1030,113,3577,California
Glenn,2021-02-19,302,4909,16,1658,286,3251,0,0,29,2303,273,1303,29,3606,California
Glenn,2021-02-20,8,4917,0,1658,8,3259,0,0,0,2295,8,1311,0,3606,California
Glenn,2021-02-22,31,4948,12,1670,19,3278,0,0,15,2294,16,1327,15,3621,California
Glenn,2021-02-23,40,4988,10,1680,30,3308,0,0,28,2310,12,1339,28,3649,California
Glenn,2021-02-24,223,5211,16,1696,207,3515,0,0,49,2185,174,1513,49,3698,California
Glenn,2021-02-25,262,5473,147,1843,115,3630,0,0,119,2161,143,1656,119,3817,California
Glenn,2021-02-26,304,5777,24,1867,280,3910,0,0,20,1898,283,1939,20,3837,California
Glenn,2021-02-27,14,5791,5,1872,9,3919,0,0,5,1895,8,1947,5,3842,California
Glenn,2021-02-28,5,5796,2,1874,3,3922,0,0,3,1897,1,1948,3,3845,California
Glenn,2021-03-01,29,5825,6,1880,23,3945,0,0,12,1892,17,1965,12,3857,California
Glenn,2021-03-02,34,5859,7,1887,27,3972,0,0,15,1888,19,1984,15,3872,California
Glenn,2021-03-03,180,6039,25,1912,155,4127,0,0,88,1886,90,2074,88,3960,California
Glenn,2021-03-04,479,6518,179,2091,300,4427,0,0,334,2075,145,2219,334,4294,California
Glenn,2021-03-05,330,6848,45,2136,285,4712,0,0,33,1811,297,2516,33,4327,California
Glenn,2021-03-06,28,6876,4,2140,23,4735,1,1,11,1806,17,2533,12,4339,California
Glenn,2021-03-07,5,6881,0,2140,5,4740,0,1,3,1808,1,2534,3,4342,California
Glenn,2021-03-08,21,6902,2,2142,18,4758,1,2,19,1826,2,2536,20,4362,California
Glenn,2021-03-09,70,6972,10,2152,57,4815,3,5,46,1851,24,2560,49,4411,California
Glenn,2021-03-10,165,7137,68,2220,95,4910,2,7,91,1870,74,2634,93,4504,California
Glenn,2021-03-11,504,7641,168,2388,322,5232,14,21,382,2144,122,2756,396,4900,California
Glenn,2021-03-12,398,8039,12,2400,336,5568,50,71,35,1866,363,3119,85,4985,California
Glenn,2021-03-13,10,8049,1,2401,1,5569,8,79,0,1864,10,3129,8,4993,California
Glenn,2021-03-14,3,8052,1,2402,2,5571,0,79,2,1865,1,3130,2,4995,California
Glenn,2021-03-15,71,8123,16,2418,51,5622,4,83,57,1912,14,3144,61,5056,California
Glenn,2021-03-16,100,8223,30,2448,60,5682,10,93,59,1940,41,3185,69,5125,California
Glenn,2021-03-17,415,8638,98,2546,311,5993,6,99,113,1756,302,3487,118,5243,California
Glenn,2021-03-18,457,9095,192,2738,42,6035,223,322,122,1766,335,3822,345,5588,California
Glenn,2021-03-19,81,9176,14,2752,63,6098,4,326,63,1816,17,3839,67,5655,California
Glenn,2021-03-20,74,9250,2,2754,72,6170,0,326,73,1888,1,3840,73,5728,California
Glenn,2021-03-21,7,9257,6,2760,0,6170,1,327,4,1891,2,3842,5,5733,California
Glenn,2021-03-22,116,9373,52,2812,55,6225,9,336,95,1976,19,3861,104,5837,California
Glenn,2021-03-23,153,9526,66,2878,49,6274,38,374,94,2050,58,3919,132,5969,California
Glenn,2021-03-24,194,9720,90,2968,99,6373,5,379,132,2126,61,3980,137,6106,California
Glenn,2021-03-25,458,10178,230,3198,135,6508,93,472,328,2418,129,4109,421,6527,California
Glenn,2021-03-26,209,10387,34,3232,138,6646,37,509,157,2562,52,4161,196,6723,California
Glenn,2021-03-27,145,10532,21,3253,124,6770,0,509,139,2695,6,4167,139,6862,California
Glenn,2021-03-28,14,10546,9,3262,5,6775,0,509,10,2701,4,4171,10,6872,California
Glenn,2021-03-29,39,10585,11,3273,27,6802,1,510,32,2727,7,4178,33,6905,California
Humboldt,2020-12-15,2,2,2,2,0,0,0,0,2,2,0,0,2,2,California
Humboldt,2020-12-16,15,17,15,17,0,0,0,0,15,17,0,0,15,17,California
Humboldt,2020-12-17,115,132,115,132,0,0,0,0,115,132,0,0,115,132,California
Humboldt,2020-12-18,171,303,171,303,0,0,0,0,171,303,0,0,171,303,California
Humboldt,2020-12-19,10,313,10,313,0,0,0,0,10,313,0,0,10,313,California
Humboldt,2020-12-20,28,341,28,341,0,0,0,0,28,341,0,0,28,341,California
Humboldt,2020-12-21,165,506,165,506,0,0,0,0,165,506,0,0,165,506,California
Humboldt,2020-12-22,287,793,287,793,0,0,0,0,287,793,0,0,287,793,California
Humboldt,2020-12-23,301,1094,253,1046,48,48,0,0,302,1095,0,0,302,1095,California
Humboldt,2020-12-24,25,1119,2,1048,23,71,0,0,25,1120,0,0,25,1120,California
Humboldt,2020-12-25,2,1121,2,1050,0,71,0,0,2,1122,0,0,2,1122,California
Humboldt,2020-12-26,7,1128,6,1056,1,72,0,0,7,1129,0,0,7,1129,California
Humboldt,2020-12-27,1,1129,0,1056,1,73,0,0,1,1130,0,0,1,1130,California
Humboldt,2020-12-28,152,1281,143,1199,9,82,0,0,152,1282,0,0,152,1282,California
Humboldt,2020-12-29,163,1444,121,1320,42,124,0,0,163,1445,0,0,163,1445,California
Humboldt,2020-12-30,221,1665,122,1442,99,223,0,0,221,1666,0,0,221,1666,California
Humboldt,2020-12-31,242,1907,80,1522,162,385,0,0,242,1908,0,0,242,1908,California
Humboldt,2021-01-01,1,1908,1,1523,0,385,0,0,1,1909,0,0,1,1909,California
Humboldt,2021-01-02,38,1946,1,1524,37,422,0,0,38,1947,0,0,38,1947,California
Humboldt,2021-01-04,214,2160,141,1665,73,495,0,0,215,2162,0,0,215,2162,California
Humboldt,2021-01-05,125,2285,17,1682,108,603,0,0,125,2287,0,0,125,2287,California
Humboldt,2021-01-06,298,2583,201,1883,97,700,0,0,227,2454,60,60,227,2514,California
Humboldt,2021-01-07,385,2968,272,2155,113,813,0,0,302,2675,81,141,302,2816,California
Humboldt,2021-01-08,417,3385,279,2434,138,951,0,0,285,2832,128,269,285,3101,California
Humboldt,2021-01-09,69,3454,45,2479,24,975,0,0,66,2896,3,272,67,3168,California
Humboldt,2021-01-10,84,3538,84,2563,0,975,0,0,4,2820,80,352,4,3172,California
Humboldt,2021-01-11,285,3823,274,2837,11,986,0,0,76,2691,205,557,76,3248,California
Humboldt,2021-01-12,478,4301,315,3152,163,1149,0,0,301,2837,155,712,301,3549,California
Humboldt,2021-01-13,473,4774,271,3423,202,1351,0,0,297,2962,173,885,298,3847,California
Humboldt,2021-01-14,516,5290,161,3584,355,1706,0,0,460,3367,56,941,461,4308,California
Humboldt,2021-01-15,372,5662,40,3624,332,2038,0,0,354,3704,17,958,354,4662,California
Humboldt,2021-01-16,169,5831,6,3630,163,2201,0,0,168,3871,1,959,168,4830,California
Humboldt,2021-01-17,4,5835,3,3633,1,2202,0,0,4,3875,0,959,4,4834,California
Humboldt,2021-01-18,272,6107,237,3870,35,2237,0,0,125,3853,147,1106,125,4959,California
Humboldt,2021-01-19,617,6724,371,4241,246,2483,0,0,491,4224,120,1226,491,5450,California
Humboldt,2021-01-20,828,7552,317,4558,511,2994,0,0,717,4832,110,1336,718,6168,California
Humboldt,2021-01-21,957,8509,261,4819,696,3690,0,0,917,5708,41,1377,917,7085,California
Humboldt,2021-01-22,676,9185,377,5196,299,3989,0,0,668,6368,8,1385,668,7753,California
Humboldt,2021-01-23,702,9887,250,5446,452,4441,0,0,696,7059,6,1391,697,8450,California
Humboldt,2021-01-24,224,10111,1,5447,223,4664,0,0,224,7283,0,1391,224,8674,California
Humboldt,2021-01-25,297,10408,227,5674,70,4734,0,0,144,7274,153,1544,144,8818,California
Humboldt,2021-01-26,514,10922,132,5806,382,5116,0,0,471,7702,43,1587,471,9289,California
Humboldt,2021-01-27,1251,12173,585,6391,666,5782,0,0,1187,8832,57,1644,1187,10476,California
Humboldt,2021-01-28,1438,13611,622,7013,816,6598,0,0,1304,10007,131,1775,1306,11782,California
Humboldt,2021-01-29,1123,14734,539,7552,584,7182,0,0,709,10302,414,2189,709,12491,California
Humboldt,2021-01-30,965,15699,455,8007,510,7692,0,0,957,11251,8,2197,957,13448,California
Humboldt,2021-01-31,306,16005,305,8312,1,7693,0,0,304,11553,2,2199,304,13752,California
Humboldt,2021-02-01,320,16325,180,8492,140,7833,0,0,184,11602,135,2334,184,13936,California
Humboldt,2021-02-02,427,16752,60,8552,367,8200,0,0,332,11841,95,2429,334,14270,California
Humboldt,2021-02-03,641,17393,257,8809,384,8584,0,0,493,12186,148,2577,493,14763,California
Humboldt,2021-02-04,634,18027,260,9069,374,8958,0,0,439,12432,193,2770,439,15202,California
Humboldt,2021-02-05,810,18837,96,9165,714,9672,0,0,629,12880,181,2951,629,15831,California
Humboldt,2021-02-06,963,19800,353,9518,610,10282,0,0,944,13807,17,2968,944,16775,California
Humboldt,2021-02-07,378,20178,7,9525,371,10653,0,0,375,14179,3,2971,375,17150,California
Humboldt,2021-02-08,294,20472,113,9638,181,10834,0,0,173,14232,120,3091,173,17323,California
Humboldt,2021-02-09,466,20938,192,9830,274,11108,0,0,173,14112,293,3384,173,17496,California
Humboldt,2021-02-10,511,21449,322,10152,189,11297,0,0,230,14066,276,3660,230,17726,California
Humboldt,2021-02-11,1284,22733,389,10541,895,12192,0,0,504,13793,777,4437,504,18230,California
Humboldt,2021-02-12,1135,23868,731,11272,404,12596,0,0,700,14058,435,4872,700,18930,California
Humboldt,2021-02-13,1426,25294,483,11755,943,13539,0,0,858,14352,565,5437,859,19789,California
Humboldt,2021-02-14,115,25409,6,11761,109,13648,0,0,112,14462,2,5439,112,19901,California
Humboldt,2021-02-15,288,25697,74,11835,214,13862,0,0,195,14565,93,5532,196,20097,California
Humboldt,2021-02-16,520,26217,108,11943,412,14274,0,0,246,14538,274,5806,247,20344,California
Humboldt,2021-02-17,439,26656,271,12214,168,14442,0,0,137,14373,302,6108,137,20481,California
Humboldt,2021-02-18,966,27622,600,12814,366,14808,0,0,227,13862,738,6846,227,20708,California
Humboldt,2021-02-19,479,28101,437,13251,42,14850,0,0,93,13572,383,7229,93,20801,California
Humboldt,2021-02-20,1485,29586,887,14138,598,15448,0,0,403,12897,1080,8309,405,21206,California
Humboldt,2021-02-21,476,30062,468,14606,8,15456,0,0,191,12803,285,8594,191,21397,California
Humboldt,2021-02-22,111,30173,79,14685,32,15488,0,0,26,12746,83,8677,26,21423,California
Humboldt,2021-02-23,163,30336,63,14748,100,15588,0,0,41,12667,120,8797,41,21464,California
Humboldt,2021-02-24,1142,31478,685,15433,457,16045,0,0,570,12666,571,9368,570,22034,California
Humboldt,2021-02-25,831,32309,323,15756,508,16553,0,0,231,12299,598,9966,231,22265,California
Humboldt,2021-02-26,2134,34443,107,15863,2027,18580,0,0,454,11078,1675,11641,454,22719,California
Humboldt,2021-02-27,1422,35865,882,16745,540,19120,0,0,831,11322,589,12230,833,23552,California
Humboldt,2021-02-28,125,35990,13,16758,112,19232,0,0,118,11433,7,12237,118,23670,California
Humboldt,2021-03-01,245,36235,45,16803,200,19432,0,0,172,11532,73,12310,172,23842,California
Humboldt,2021-03-02,268,36503,41,16844,227,19659,0,0,151,11566,117,12427,151,23993,California
Humboldt,2021-03-03,1465,37968,988,17832,477,20136,0,0,1059,12226,400,12827,1060,25053,California
Humboldt,2021-03-04,861,38829,99,17931,762,20898,0,0,256,11878,605,13432,257,25310,California
Humboldt,2021-03-05,909,39738,169,18100,730,21628,10,10,356,11695,549,13981,366,25676,California
Humboldt,2021-03-06,1578,41316,732,18832,797,22425,49,59,696,11561,881,14862,747,26423,California
Humboldt,2021-03-07,357,41673,297,19129,44,22469,16,75,153,11527,203,15065,169,26592,California
Humboldt,2021-03-08,221,41894,18,19147,132,22601,71,146,134,11645,87,15152,205,26797,California
Humboldt,2021-03-09,427,42321,194,19341,108,22709,125,271,208,11760,218,15370,333,27130,California
Humboldt,2021-03-10,602,42923,425,19766,67,22776,110,381,378,12026,223,15593,489,27619,California
Humboldt,2021-03-11,1262,44185,403,20169,763,23539,96,477,483,11828,776,16369,578,28197,California
Humboldt,2021-03-12,1556,45741,1003,21172,353,23892,200,677,976,12433,573,16942,1178,29375,California
Humboldt,2021-03-13,1370,47111,930,22102,396,24288,44,721,640,12392,725,17667,684,30059,California
Humboldt,2021-03-14,92,47203,14,22116,71,24359,7,728,19,12345,73,17740,26,30085,California
Humboldt,2021-03-15,274,47477,49,22165,204,24563,21,749,59,12210,215,17955,80,30165,California
Humboldt,2021-03-16,623,48100,204,22369,170,24733,249,998,268,12371,355,18310,516,30681,California
Humboldt,2021-03-17,682,48782,359,22728,223,24956,100,1098,322,12434,359,18669,422,31103,California
Humboldt,2021-03-18,1258,50040,821,23549,406,25362,31,1129,724,12659,530,19199,755,31858,California
Humboldt,2021-03-19,922,50962,56,23605,561,25923,305,1434,348,12740,572,19771,653,32511,California
Humboldt,2021-03-20,945,51907,564,24169,370,26293,11,1445,266,12343,678,20449,281,32792,California
Humboldt,2021-03-21,99,52006,34,24203,38,26331,27,1472,53,12377,46,20495,80,32872,California
Humboldt,2021-03-22,119,52125,24,24227,50,26381,45,1517,68,12440,50,20545,113,32985,California
Humboldt,2021-03-23,406,52531,53,24280,313,26694,40,1557,320,12715,85,20630,360,33345,California
Humboldt,2021-03-24,1263,53794,284,24564,935,27629,44,1601,991,13502,268,20898,1055,34400,California
Humboldt,2021-03-25,1706,55500,1140,25704,505,28134,61,1662,846,13555,856,21754,909,35309,California
Humboldt,2021-03-26,1831,57331,347,26051,1430,29564,54,1716,1426,14637,404,22158,1486,36795,California
Humboldt,2021-03-27,886,58217,551,26602,271,29835,64,1780,250,14317,636,22794,316,37111,California
Humboldt,2021-03-28,253,58470,73,26675,113,29948,67,1847,77,14285,176,22970,144,37255,California
Humboldt,2021-03-29,40,58510,19,26694,12,29960,9,1856,20,14294,20,22990,29,37284,California
Imperial,2020-12-16,1,1,1,1,0,0,0,0,1,1,0,0,1,1,California
Imperial,2020-12-17,4,5,4,5,0,0,0,0,4,5,0,0,4,5,California
Imperial,2020-12-18,11,16,11,16,0,0,0,0,11,16,0,0,11,16,California
Imperial,2020-12-20,2,18,2,18,0,0,0,0,2,18,0,0,2,18,California
Imperial,2020-12-21,186,204,186,204,0,0,0,0,186,204,0,0,186,204,California
Imperial,2020-12-22,242,446,240,444,2,2,0,0,242,446,0,0,242,446,California
Imperial,2020-12-23,212,658,211,655,1,3,0,0,211,657,0,0,211,657,California
Imperial,2020-12-24,5,663,5,660,0,3,0,0,5,662,0,0,5,662,California
Imperial,2020-12-26,1,664,0,660,1,4,0,0,1,663,0,0,1,663,California
Imperial,2020-12-27,62,726,0,660,62,66,0,0,62,725,0,0,62,725,California
Imperial,2020-12-28,215,941,114,774,101,167,0,0,215,940,0,0,215,940,California
Imperial,2020-12-29,188,1129,35,809,153,320,0,0,188,1128,0,0,188,1128,California
Imperial,2020-12-30,366,1495,49,858,317,637,0,0,366,1494,0,0,366,1494,California
Imperial,2020-12-31,200,1695,26,884,174,811,0,0,200,1694,0,0,200,1694,California
Imperial,2021-01-01,5,1700,5,889,0,811,0,0,5,1699,0,0,5,1699,California
Imperial,2021-01-02,4,1704,0,889,4,815,0,0,4,1703,0,0,4,1703,California
Imperial,2021-01-03,90,1794,0,889,90,905,0,0,90,1793,0,0,90,1793,California
Imperial,2021-01-04,84,1878,4,893,80,985,0,0,84,1877,0,0,84,1877,California
Imperial,2021-01-05,172,2050,13,906,159,1144,0,0,172,2049,0,0,172,2049,California
Imperial,2021-01-06,190,2240,25,931,165,1309,0,0,189,2237,1,1,189,2238,California
Imperial,2021-01-07,319,2559,9,940,310,1619,0,0,316,2550,3,4,316,2554,California
Imperial,2021-01-08,190,2749,50,990,140,1759,0,0,181,2722,9,13,181,2735,California
Imperial,2021-01-09,24,2773,21,1011,3,1762,0,0,24,2746,0,13,24,2759,California
Imperial,2021-01-10,1,2774,0,1011,1,1763,0,0,1,2747,0,13,1,2760,California
Imperial,2021-01-11,401,3175,243,1254,158,1921,0,0,172,2690,229,242,172,2932,California
Imperial,2021-01-12,404,3579,301,1555,103,2024,0,0,142,2571,261,503,142,3074,California
Imperial,2021-01-13,382,3961,132,1687,250,2274,0,0,283,2755,99,602,283,3357,California
Imperial,2021-01-14,260,4221,152,1839,108,2382,0,0,253,3002,6,608,253,3610,California
Imperial,2021-01-15,240,4461,182,2021,58,2440,0,0,233,3228,7,615,233,3843,California
Imperial,2021-01-16,77,4538,71,2092,6,2446,0,0,77,3305,0,615,77,3920,California
Imperial,2021-01-17,9,4547,2,2094,7,2453,0,0,9,3314,0,615,9,3929,California
Imperial,2021-01-18,1060,5607,402,2496,658,3111,0,0,962,4179,98,713,963,4892,California
Imperial,2021-01-19,165,5772,128,2624,37,3148,0,0,118,4250,47,760,118,5010,California
Imperial,2021-01-20,291,6063,193,2817,98,3246,0,0,254,4467,37,797,254,5264,California
Imperial,2021-01-21,415,6478,183,3000,232,3478,0,0,395,4842,20,817,395,5659,California
Imperial,2021-01-22,460,6938,189,3189,271,3749,0,0,451,5284,9,826,451,6110,California
Imperial,2021-01-23,1042,7980,290,3479,752,4501,0,0,1041,6324,1,827,1041,7151,California
Imperial,2021-01-24,11,7991,3,3482,8,4509,0,0,11,6335,0,827,11,7162,California
Imperial,2021-01-25,216,8207,6,3488,210,4719,0,0,36,6192,179,1006,36,7198,California
Imperial,2021-01-26,357,8564,182,3670,175,4894,0,0,215,6265,142,1148,215,7413,California
Imperial,2021-01-27,573,9137,163,3833,410,5304,0,0,239,6170,334,1482,239,7652,California
Imperial,2021-01-28,632,9769,158,3991,474,5778,0,0,524,6586,108,1590,524,8176,California
Imperial,2021-01-29,420,10189,294,4285,126,5904,0,0,370,6906,50,1640,370,8546,California
Imperial,2021-01-30,51,10240,26,4311,25,5929,0,0,34,6923,17,1657,34,8580,California
Imperial,2021-01-31,14,10254,6,4317,8,5937,0,0,13,6935,1,1658,13,8593,California
Imperial,2021-02-01,421,10675,55,4372,366,6303,0,0,211,6937,209,1867,211,8804,California
Imperial,2021-02-02,681,11356,54,4426,627,6930,0,0,500,7256,181,2048,500,9304,California
Imperial,2021-02-03,458,11814,48,4474,410,7340,0,0,266,7331,191,2239,266,9570,California
Imperial,2021-02-04,1730,13544,1205,5679,525,7865,0,0,1415,8433,314,2553,1416,10986,California
Imperial,2021-02-05,389,13933,241,5920,148,8013,0,0,155,8356,232,2785,155,11141,California
Imperial,2021-02-06,863,14796,839,6759,24,8037,0,0,826,9146,36,2821,826,11967,California
Imperial,2021-02-07,25,14821,12,6771,13,8050,0,0,24,9169,1,2822,24,11991,California
Imperial,2021-02-08,252,15073,43,6814,209,8259,0,0,184,9285,68,2890,184,12175,California
Imperial,2021-02-09,464,15537,144,6958,320,8579,0,0,307,9435,157,3047,307,12482,California
Imperial,2021-02-10,383,15920,51,7009,332,8911,0,0,95,9242,288,3335,95,12577,California
Imperial,2021-02-11,461,16381,261,7270,200,9111,0,0,92,8965,369,3704,92,12669,California
Imperial,2021-02-12,2118,18499,1404,8674,714,9825,0,0,1764,10377,353,4057,1765,14434,California
Imperial,2021-02-13,45,18544,18,8692,27,9852,0,0,36,10405,9,4066,37,14471,California
Imperial,2021-02-14,24,18568,12,8704,12,9864,0,0,22,10425,2,4068,22,14493,California
Imperial,2021-02-15,33,18601,11,8715,22,9886,0,0,24,10440,9,4077,24,14517,California
Imperial,2021-02-16,518,19119,271,8986,247,10133,0,0,299,10520,219,4296,299,14816,California
Imperial,2021-02-17,440,19559,286,9272,154,10287,0,0,85,10250,355,4651,85,14901,California
Imperial,2021-02-18,652,20211,312,9584,340,10627,0,0,147,9893,504,5155,147,15048,California
Imperial,2021-02-19,768,20979,381,9965,387,11014,0,0,196,9518,571,5726,196,15244,California
Imperial,2021-02-20,1044,22023,196,10161,848,11862,0,0,330,9137,713,6439,332,15576,California
Imperial,2021-02-21,580,22603,546,10707,34,11896,0,0,572,9701,8,6447,572,16148,California
Imperial,2021-02-22,805,23408,565,11272,240,12136,0,0,755,10406,50,6497,755,16903,California
Imperial,2021-02-23,936,24344,380,11652,556,12692,0,0,880,11231,56,6553,881,17784,California
Imperial,2021-02-24,700,25044,292,11944,408,13100,0,0,601,11735,98,6651,602,18386,California
Imperial,2021-02-25,817,25861,344,12288,473,13573,0,0,451,11826,365,7016,456,18842,California
Imperial,2021-02-26,1739,27600,1373,13661,366,13939,0,0,1568,13225,169,7185,1568,20410,California
Imperial,2021-02-27,915,28515,866,14527,49,13988,0,0,176,12662,739,7924,176,20586,California
Imperial,2021-02-28,78,28593,69,14596,9,13997,0,0,68,12720,10,7934,68,20654,California
Imperial,2021-03-01,512,29105,310,14906,202,14199,0,0,450,13111,61,7995,452,21106,California
Imperial,2021-03-02,686,29791,264,15170,422,14621,0,0,399,13227,287,8282,403,21509,California
Imperial,2021-03-03,917,30708,48,15218,868,15489,1,1,547,13419,367,8649,559,22068,California
Imperial,2021-03-04,744,31452,93,15311,651,16140,0,1,483,13672,259,8908,512,22580,California
Imperial,2021-03-05,2535,33987,1927,17238,608,16748,0,1,1249,13639,1283,10191,1250,23830,California
Imperial,2021-03-06,679,34666,232,17470,447,17195,0,1,639,14247,36,10227,644,24474,California
Imperial,2021-03-07,76,34742,43,17513,32,17227,1,2,55,14283,21,10248,57,24531,California
Imperial,2021-03-08,394,35136,322,17835,44,17271,28,30,350,14617,44,10292,378,24909,California
Imperial,2021-03-09,678,35814,309,18144,132,17403,237,267,399,14978,279,10571,640,25549,California
Imperial,2021-03-10,662,36476,306,18450,253,17656,103,370,300,15023,362,10933,407,25956,California
Imperial,2021-03-11,1700,38176,435,18885,1075,18731,190,560,1098,15722,602,11535,1301,27257,California
Imperial,2021-03-12,3552,41728,2434,21319,934,19665,184,744,1967,16292,1582,13117,2152,29409,California
Imperial,2021-03-13,991,42719,90,21409,683,20348,218,962,718,16961,271,13388,940,30349,California
Imperial,2021-03-14,124,42843,29,21438,84,20432,11,973,98,17045,26,13414,110,30459,California
Imperial,2021-03-15,670,43513,219,21657,196,20628,255,1228,377,17386,292,13706,633,31092,California
Imperial,2021-03-16,1053,44566,275,21932,337,20965,441,1669,527,17830,525,14231,969,32061,California
Imperial,2021-03-17,1519,46085,658,22590,726,21691,135,1804,939,18331,576,14807,1077,33138,California
Imperial,2021-03-18,1511,47596,1013,23603,439,22130,59,1863,1070,19023,440,15247,1132,34270,California
Imperial,2021-03-19,2879,50475,2173,25776,702,22832,4,1867,1218,18590,1657,16904,1224,35494,California
Imperial,2021-03-20,635,51110,377,26153,253,23085,5,1872,336,18642,297,17201,349,35843,California
Imperial,2021-03-21,219,51329,36,26189,180,23265,3,1875,160,18750,59,17260,167,36010,California
Imperial,2021-03-22,1023,52352,316,26505,700,23965,7,1882,609,18965,413,17673,628,36638,California
Imperial,2021-03-23,1395,53747,407,26912,982,24947,6,1888,883,19354,510,18183,899,37537,California
Imperial,2021-03-24,1888,55635,537,27449,942,25889,409,2297,946,19788,940,19123,1374,38911,California
Imperial,2021-03-25,2094,57729,498,27947,631,26520,965,3262,756,20174,1337,20460,1723,40634,California
Imperial,2021-03-26,1753,59482,736,28683,576,27096,441,3703,689,20252,1060,21520,1138,41772,California
Imperial,2021-03-27,506,59988,245,28928,213,27309,48,3751,367,20531,136,21656,415,42187,California
Imperial,2021-03-28,204,60192,47,28975,153,27462,4,3755,170,20670,34,21690,173,42360,California
Imperial,2021-03-29,366,60558,256,29231,104,27566,6,3761,71,20455,294,21984,79,42439,California
Inyo,2020-12-19,85,85,85,85,0,0,0,0,85,85,0,0,85,85,California
Inyo,2020-12-20,58,143,58,143,0,0,0,0,58,143,0,0,58,143,California
Inyo,2020-12-21,88,231,85,228,3,3,0,0,88,231,0,0,88,231,California
Inyo,2020-12-22,104,335,104,332,0,3,0,0,104,335,0,0,104,335,California
Inyo,2020-12-23,71,406,68,400,3,6,0,0,71,406,0,0,71,406,California
Inyo,2020-12-24,16,422,16,416,0,6,0,0,16,422,0,0,16,422,California
Inyo,2020-12-25,1,423,0,416,1,7,0,0,1,423,0,0,1,423,California
Inyo,2020-12-26,74,497,74,490,0,7,0,0,74,497,0,0,74,497,California
Inyo,2020-12-28,48,545,36,526,12,19,0,0,48,545,0,0,48,545,California
Inyo,2020-12-29,20,565,20,546,0,19,0,0,20,565,0,0,20,565,California
Inyo,2020-12-30,56,621,54,600,2,21,0,0,56,621,0,0,56,621,California
Inyo,2020-12-31,29,650,0,600,29,50,0,0,29,650,0,0,29,650,California
Inyo,2021-01-01,1,651,0,600,1,51,0,0,1,651,0,0,1,651,California
Inyo,2021-01-03,1,652,0,600,1,52,0,0,1,652,0,0,1,652,California
Inyo,2021-01-04,1,653,1,601,0,52,0,0,1,653,0,0,1,653,California
Inyo,2021-01-05,34,687,0,601,34,86,0,0,34,687,0,0,34,687,California
Inyo,2021-01-06,68,755,0,601,68,154,0,0,68,755,0,0,68,755,California
Inyo,2021-01-07,31,786,1,602,30,184,0,0,31,786,0,0,31,786,California
Inyo,2021-01-08,9,795,8,610,1,185,0,0,4,786,5,5,5,791,California
Inyo,2021-01-09,87,882,86,696,1,186,0,0,1,701,86,91,1,792,California
Inyo,2021-01-10,52,934,52,748,0,186,0,0,0,649,52,143,0,792,California
Inyo,2021-01-11,97,1031,82,830,15,201,0,0,16,584,81,224,16,808,California
Inyo,2021-01-12,139,1170,117,947,22,223,0,0,29,503,110,334,29,837,California
Inyo,2021-01-13,87,1257,69,1016,18,241,0,0,21,459,66,400,22,859,California
Inyo,2021-01-14,59,1316,13,1029,46,287,0,0,49,498,10,410,49,908,California
Inyo,2021-01-15,162,1478,28,1057,134,421,0,0,162,660,0,410,162,1070,California
Inyo,2021-01-16,74,1552,73,1130,1,422,0,0,1,588,73,483,1,1071,California
Inyo,2021-01-18,58,1610,36,1166,22,444,0,0,19,568,39,522,19,1090,California
Inyo,2021-01-19,116,1726,73,1239,43,487,0,0,100,652,16,538,100,1190,California
Inyo,2021-01-20,141,1867,66,1305,75,562,0,0,88,687,53,591,88,1278,California
Inyo,2021-01-21,120,1987,57,1362,63,625,0,0,119,805,1,592,119,1397,California
Inyo,2021-01-22,62,2049,0,1362,62,687,0,0,61,865,1,593,61,1458,California
Inyo,2021-01-23,53,2102,53,1415,0,687,0,0,53,918,0,593,53,1511,California
Inyo,2021-01-25,49,2151,6,1421,43,730,0,0,37,943,12,605,37,1548,California
Inyo,2021-01-26,133,2284,51,1472,82,812,0,0,127,1064,6,611,127,1675,California
Inyo,2021-01-27,23,2307,2,1474,21,833,0,0,22,1085,1,612,22,1697,California
Inyo,2021-01-28,93,2400,2,1476,91,924,0,0,64,1120,29,641,64,1761,California
Inyo,2021-01-29,24,2424,3,1479,21,945,0,0,22,1140,2,643,22,1783,California
Inyo,2021-01-30,11,2435,1,1480,10,955,0,0,11,1151,0,643,11,1794,California
Inyo,2021-01-31,32,2467,4,1484,28,983,0,0,4,1127,28,671,4,1798,California
Inyo,2021-02-01,12,2479,9,1493,3,986,0,0,2,1119,10,681,2,1800,California
Inyo,2021-02-02,130,2609,14,1507,116,1102,0,0,104,1197,26,707,104,1904,California
Inyo,2021-02-03,115,2724,0,1507,115,1217,0,0,73,1228,42,749,73,1977,California
Inyo,2021-02-04,149,2873,31,1538,118,1335,0,0,90,1259,59,808,90,2067,California
Inyo,2021-02-05,118,2991,62,1600,56,1391,0,0,116,1373,2,810,116,2183,California
Inyo,2021-02-06,3,2994,1,1601,2,1393,0,0,2,1374,1,811,2,2185,California
Inyo,2021-02-07,3,2997,1,1602,2,1395,0,0,3,1377,0,811,3,2188,California
Inyo,2021-02-08,117,3114,7,1609,110,1505,0,0,97,1454,20,831,97,2285,California
Inyo,2021-02-09,193,3307,51,1660,142,1647,0,0,122,1505,71,902,122,2407,California
Inyo,2021-02-10,147,3454,16,1676,131,1778,0,0,115,1588,32,934,115,2522,California
Inyo,2021-02-11,218,3672,55,1731,163,1941,0,0,125,1620,93,1027,125,2647,California
Inyo,2021-02-12,302,3974,56,1787,246,2187,0,0,171,1660,131,1158,171,2818,California
Inyo,2021-02-13,60,4034,56,1843,4,2191,0,0,7,1614,53,1211,7,2825,California
Inyo,2021-02-14,1,4035,0,1843,1,2192,0,0,1,1615,0,1211,1,2826,California
Inyo,2021-02-15,29,4064,9,1852,20,2212,0,0,5,1596,24,1235,5,2831,California
Inyo,2021-02-16,180,4244,50,1902,130,2342,0,0,94,1604,86,1321,94,2925,California
Inyo,2021-02-17,37,4281,4,1906,33,2375,0,0,7,1581,30,1351,7,2932,California
Inyo,2021-02-18,119,4400,5,1911,114,2489,0,0,76,1614,43,1394,76,3008,California
Inyo,2021-02-19,52,4452,4,1915,48,2537,0,0,9,1580,43,1437,9,3017,California
Inyo,2021-02-20,502,4954,498,2413,4,2541,0,0,501,2080,1,1438,501,3518,California
Inyo,2021-02-21,267,5221,267,2680,0,2541,0,0,267,2347,0,1438,267,3785,California
Inyo,2021-02-22,60,5281,18,2698,42,2583,0,0,26,2339,34,1472,26,3811,California
Inyo,2021-02-23,196,5477,19,2717,177,2760,0,0,93,2330,102,1574,93,3904,California
Inyo,2021-02-24,116,5593,1,2718,115,2875,0,0,58,2330,58,1632,58,3962,California
Inyo,2021-02-25,130,5723,3,2721,127,3002,0,0,62,2324,68,1700,62,4024,California
Inyo,2021-02-26,104,5827,61,2782,43,3045,0,0,20,2260,84,1784,20,4044,California
Inyo,2021-02-27,14,5841,3,2785,11,3056,0,0,3,2252,11,1795,3,4047,California
Inyo,2021-02-28,2,5843,1,2786,1,3057,0,0,1,2252,1,1796,1,4048,California
Inyo,2021-03-01,23,5866,3,2789,20,3077,0,0,20,2269,3,1799,20,4068,California
Inyo,2021-03-02,185,6051,0,2789,185,3262,0,0,103,2290,82,1881,103,4171,California
Inyo,2021-03-03,82,6133,3,2792,79,3341,0,0,39,2286,43,1924,39,4210,California
Inyo,2021-03-04,121,6254,4,2796,117,3458,0,0,40,2245,81,2005,40,4250,California
Inyo,2021-03-05,148,6402,62,2858,86,3544,0,0,43,2184,104,2109,43,4293,California
Inyo,2021-03-06,29,6431,2,2860,27,3571,0,0,27,2209,2,2111,27,4320,California
Inyo,2021-03-07,7,6438,4,2864,3,3574,0,0,5,2212,2,2113,5,4325,California
Inyo,2021-03-08,173,6611,5,2869,168,3742,0,0,83,2205,90,2203,83,4408,California
Inyo,2021-03-09,179,6790,3,2872,176,3918,0,0,63,2152,116,2319,63,4471,California
Inyo,2021-03-10,67,6857,9,2881,57,3975,1,1,24,2134,43,2362,25,4496,California
Inyo,2021-03-11,181,7038,2,2883,173,4148,6,7,64,2087,116,2478,69,4565,California
Inyo,2021-03-12,100,7138,4,2887,91,4239,5,12,28,2048,72,2550,33,4598,California
Inyo,2021-03-13,562,7700,530,3417,23,4262,9,21,73,1641,489,3039,82,4680,California
Inyo,2021-03-14,431,8131,429,3846,2,4264,0,21,168,1547,262,3301,168,4848,California
Inyo,2021-03-15,51,8182,15,3861,34,4298,2,23,29,1556,22,3323,31,4879,California
Inyo,2021-03-16,157,8339,4,3865,148,4446,5,28,58,1520,99,3422,63,4942,California
Inyo,2021-03-17,92,8431,3,3868,82,4528,7,35,78,1591,14,3436,85,5027,California
Inyo,2021-03-18,165,8596,16,3884,143,4671,6,41,93,1618,72,3508,99,5126,California
Inyo,2021-03-19,27,8623,5,3889,18,4689,4,45,17,1629,10,3518,21,5147,California
Inyo,2021-03-20,22,8645,1,3890,12,4701,9,54,3,1622,19,3537,12,5159,California
Inyo,2021-03-22,50,8695,3,3893,42,4743,5,59,29,1635,21,3558,34,5193,California
Inyo,2021-03-23,189,8884,7,3900,178,4921,4,63,101,1652,88,3646,105,5298,California
Inyo,2021-03-24,134,9018,5,3905,125,5046,4,67,82,1686,52,3698,86,5384,California
Inyo,2021-03-25,330,9348,106,4011,221,5267,3,70,267,1894,63,3761,271,5655,California
Inyo,2021-03-26,92,9440,5,4016,83,5350,4,74,71,1949,20,3781,75,5730,California
Inyo,2021-03-27,53,9493,42,4058,8,5358,3,77,47,1993,6,3787,50,5780,California
Inyo,2021-03-28,3,9496,2,4060,1,5359,0,77,2,1994,1,3788,2,5782,California
Inyo,2021-03-29,30,9526,2,4062,27,5386,1,78,12,1989,18,3806,13,5795,California
Kern,2020-12-15,1,1,1,1,0,0,0,0,1,1,0,0,1,1,California
Kern,2020-12-16,18,19,18,19,0,0,0,0,18,19,0,0,18,19,California
Kern,2020-12-17,164,183,164,183,0,0,0,0,164,183,0,0,164,183,California
Kern,2020-12-18,317,500,317,500,0,0,0,0,317,500,0,0,317,500,California
Kern,2020-12-19,100,600,100,600,0,0,0,0,100,600,0,0,100,600,California
Kern,2020-12-20,61,661,61,661,0,0,0,0,61,661,0,0,61,661,California
Kern,2020-12-21,670,1331,670,1331,0,0,0,0,670,1331,0,0,670,1331,California
Kern,2020-12-22,531,1862,528,1859,3,3,0,0,531,1862,0,0,531,1862,California
Kern,2020-12-23,556,2418,417,2276,139,142,0,0,556,2418,0,0,556,2418,California
Kern,2020-12-24,122,2540,43,2319,79,221,0,0,122,2540,0,0,122,2540,California
Kern,2020-12-25,1,2541,1,2320,0,221,0,0,1,2541,0,0,1,2541,California
Kern,2020-12-26,35,2576,1,2321,34,255,0,0,35,2576,0,0,35,2576,California
Kern,2020-12-27,35,2611,3,2324,32,287,0,0,35,2611,0,0,35,2611,California
Kern,2020-12-28,826,3437,662,2986,164,451,0,0,826,3437,0,0,826,3437,California
Kern,2020-12-29,745,4182,452,3438,293,744,0,0,745,4182,0,0,745,4182,California
Kern,2020-12-30,1200,5382,909,4347,291,1035,0,0,1200,5382,0,0,1200,5382,California
Kern,2020-12-31,277,5659,98,4445,179,1214,0,0,277,5659,0,0,277,5659,California
Kern,2021-01-01,9,5668,6,4451,3,1217,0,0,9,5668,0,0,9,5668,California
Kern,2021-01-02,76,5744,17,4468,59,1276,0,0,76,5744,0,0,76,5744,California
Kern,2021-01-03,23,5767,4,4472,19,1295,0,0,23,5767,0,0,23,5767,California
Kern,2021-01-04,554,6321,360,4832,194,1489,0,0,554,6321,0,0,554,6321,California
Kern,2021-01-05,1129,7450,735,5567,394,1883,0,0,1117,7426,12,12,1117,7438,California
Kern,2021-01-06,1163,8613,452,6019,711,2594,0,0,1133,8529,30,42,1133,8571,California
Kern,2021-01-07,1402,10015,494,6513,908,3502,0,0,1233,9594,168,210,1233,9804,California
Kern,2021-01-08,1626,11641,766,7279,860,4362,0,0,1330,10627,298,508,1331,11135,California
Kern,2021-01-09,226,11867,76,7355,150,4512,0,0,192,10785,34,542,192,11327,California
Kern,2021-01-10,190,12057,145,7500,45,4557,0,0,149,10893,41,583,149,11476,California
Kern,2021-01-11,1549,13606,981,8481,568,5125,0,0,997,11338,552,1135,997,12473,California
Kern,2021-01-12,1869,15475,811,9292,1058,6183,0,0,1358,12185,511,1646,1358,13831,California
Kern,2021-01-13,1854,17329,867,10159,987,7170,0,0,1431,13193,423,2069,1431,15262,California
Kern,2021-01-14,2177,19506,643,10802,1534,8704,0,0,2131,15278,47,2116,2132,17394,California
Kern,2021-01-15,2700,22206,858,11660,1842,10546,0,0,2603,17787,95,2211,2604,19998,California
Kern,2021-01-16,665,22871,210,11870,455,11001,0,0,631,18384,34,2245,631,20629,California
Kern,2021-01-17,73,22944,7,11877,66,11067,0,0,71,18453,2,2247,71,20700,California
Kern,2021-01-18,1646,24590,659,12536,987,12054,0,0,1476,19759,170,2417,1476,22176,California
Kern,2021-01-19,1846,26436,1029,13565,817,12871,0,0,1379,20672,467,2884,1380,23556,California
Kern,2021-01-20,2439,28875,1505,15070,934,13805,0,0,1815,21870,619,3503,1817,25373,California
Kern,2021-01-21,2153,31028,918,15988,1235,15040,0,0,1960,23638,192,3695,1960,27333,California
Kern,2021-01-22,2699,33727,1289,17277,1410,16450,0,0,2424,25788,274,3969,2424,29757,California
Kern,2021-01-23,1245,34972,531,17808,714,17164,0,0,1199,26941,46,4015,1199,30956,California
Kern,2021-01-24,160,35132,19,17827,141,17305,0,0,155,27091,5,4020,155,31111,California
Kern,2021-01-25,2376,37508,1081,18908,1295,18600,0,0,1892,28502,483,4503,1894,33005,California
Kern,2021-01-26,2731,40239,1108,20016,1623,20223,0,0,1882,29536,848,5351,1882,34887,California
Kern,2021-01-27,3548,43787,1894,21910,1654,21877,0,0,2850,31689,697,6048,2850,37737,California
Kern,2021-01-28,2837,46624,1343,23253,1494,23371,0,0,2410,33676,424,6472,2411,40148,California
Kern,2021-01-29,3747,50371,1788,25041,1959,25330,0,0,3208,36348,536,7008,3208,43356,California
Kern,2021-01-30,1322,51693,494,25535,828,26158,0,0,1275,37578,45,7053,1275,44631,California
Kern,2021-01-31,400,52093,274,25809,126,26284,0,0,267,37712,133,7186,267,44898,California
Kern,2021-02-01,2405,54498,817,26626,1588,27872,0,0,1855,39021,547,7733,1856,46754,California
Kern,2021-02-02,2910,57408,975,27601,1935,29807,0,0,2053,40218,857,8590,2054,48808,California
Kern,2021-02-03,3655,61063,1549,29150,2106,31913,0,0,2687,41946,960,9550,2688,51496,California
Kern,2021-02-04,3785,64848,1444,30594,2341,34254,0,0,2572,43317,1202,10752,2573,54069,California
Kern,2021-02-05,4840,69688,1990,32584,2850,37104,0,0,3083,44663,1738,12490,3084,57153,California
Kern,2021-02-06,1732,71420,762,33346,970,38074,0,0,1512,45958,217,12707,1512,58665,California
Kern,2021-02-07,281,71701,149,33495,132,38206,0,0,267,46213,12,12719,267,58932,California
Kern,2021-02-08,2564,74265,788,34283,1776,39982,0,0,1261,46189,1285,14004,1261,60193,California
Kern,2021-02-09,3019,77284,985,35268,2034,42016,0,0,1465,46107,1547,15551,1465,61658,California
Kern,2021-02-10,3733,81017,1649,36917,2084,44100,0,0,1892,46176,1824,17375,1893,63551,California
Kern,2021-02-11,4262,85279,1538,38455,2724,46824,0,0,2229,46385,2020,19395,2229,65780,California
Kern,2021-02-12,4941,90220,1868,40323,3073,49897,0,0,2467,46393,2459,21854,2467,68247,California
Kern,2021-02-13,1984,92204,700,41023,1284,51181,0,0,1157,46725,825,22679,1157,69404,California
Kern,2021-02-14,352,92556,13,41036,339,51520,0,0,271,46916,80,22759,271,69675,California
Kern,2021-02-15,2716,95272,882,41918,1834,53354,0,0,1197,46602,1511,24270,1197,70872,California
Kern,2021-02-16,2939,98211,717,42635,2222,55576,0,0,1658,46989,1271,25541,1658,72530,California
Kern,2021-02-17,4055,102266,2069,44704,1986,57562,0,0,1932,46804,2118,27659,1933,74463,California
Kern,2021-02-18,3727,105993,1468,46172,2259,59821,0,0,1610,46309,2105,29764,1610,76073,California
Kern,2021-02-19,4172,110165,1902,48074,2270,62091,0,0,1734,45610,2433,32197,1734,77807,California
Kern,2021-02-20,2535,112700,954,49028,1581,63672,0,0,1305,45690,1226,33423,1306,79113,California
Kern,2021-02-21,223,112923,118,49146,105,63777,0,0,77,45623,144,33567,77,79190,California
Kern,2021-02-22,2637,115560,1135,50281,1502,65279,0,0,1431,45853,1201,34768,1431,80621,California
Kern,2021-02-23,3510,119070,1109,51390,2401,67680,0,0,1970,46285,1538,36306,1970,82591,California
Kern,2021-02-24,5110,124180,2264,53654,2846,70526,0,0,3031,47241,2075,38381,3031,85622,California
Kern,2021-02-25,5299,129479,2441,56095,2858,73384,0,0,3141,48243,2139,40520,3141,88763,California
Kern,2021-02-26,6754,136233,3471,59566,3283,76667,0,0,4301,50097,2447,42967,4301,93064,California
Kern,2021-02-27,3801,140034,1855,61421,1946,78613,0,0,2495,51296,1299,44266,2498,95562,California
Kern,2021-02-28,908,140942,500,61921,408,79021,0,0,691,51772,215,44481,691,96253,California
Kern,2021-03-01,3887,144829,1795,63716,2092,81113,0,0,2623,53137,1259,45740,2624,98877,California
Kern,2021-03-02,4262,149091,1347,65063,2914,84027,1,1,2775,54435,1477,47217,2775,101652,California
Kern,2021-03-03,5540,154631,2637,67700,2902,86929,1,2,3490,55889,2037,49254,3491,105143,California
Kern,2021-03-04,5019,159650,1978,69678,3039,89968,2,4,3352,57589,1655,50909,3355,108498,California
Kern,2021-03-05,5998,165648,2627,72305,3354,93322,17,21,3827,59271,2162,53071,3844,112342,California
Kern,2021-03-06,4265,169913,1862,74167,2309,95631,94,115,3167,61445,1092,54163,3266,115608,California
Kern,2021-03-07,2017,171930,1576,75743,393,96024,48,163,1829,63135,187,54350,1877,117485,California
Kern,2021-03-08,2651,174581,824,76567,1624,97648,203,366,1367,63422,1281,55631,1568,119053,California
Kern,2021-03-09,3344,177925,718,77285,2302,99950,324,690,2028,64460,1313,56944,2351,121404,California
Kern,2021-03-10,5566,183491,2375,79660,2278,102228,913,1603,3216,66251,2339,59283,4130,125534,California
Kern,2021-03-11,5654,189145,2147,81807,2716,104944,791,2394,3394,68184,2252,61535,4185,129719,California
Kern,2021-03-12,6392,195537,2550,84357,3008,107952,834,3228,3709,70050,2675,64210,4541,134260,California
Kern,2021-03-13,3977,199514,2126,86483,1527,109479,324,3552,2715,71830,1259,65469,3039,137299,California
Kern,2021-03-14,2074,201588,1377,87860,465,109944,232,3784,1646,73281,426,65895,1877,139176,California
Kern,2021-03-15,4022,205610,1008,88868,2358,112302,656,4440,2064,74054,1948,67843,2721,141897,California
Kern,2021-03-16,4188,209798,968,89836,2712,115014,508,4948,2232,74847,1945,69788,2738,144635,California
Kern,2021-03-17,6781,216579,3598,93434,2726,117740,457,5405,4093,76721,2676,72464,4550,149185,California
Kern,2021-03-18,6242,222821,3145,96579,2572,120312,525,5930,3708,78439,2515,74979,4233,153418,California
Kern,2021-03-19,7497,230318,4331,100910,2636,122948,530,6460,3903,79296,3578,78557,4435,157853,California
Kern,2021-03-20,3832,234150,2356,103266,1358,124306,118,6578,2505,80603,1321,79878,2628,160481,California
Kern,2021-03-21,2822,236972,1689,104955,262,124568,871,7449,1648,81953,1170,81048,2520,163001,California
Kern,2021-03-22,3791,240763,1504,106459,1979,126547,308,7757,1880,82238,1905,82953,2190,165191,California
Kern,2021-03-23,4366,245129,1484,107943,2715,129262,167,7924,2388,82864,1948,84901,2574,167765,California
Kern,2021-03-24,6863,251992,3483,111426,2933,132195,447,8371,3620,83720,3228,88129,4084,171849,California
Kern,2021-03-25,6350,258342,2762,114188,3279,135474,309,8680,3182,84068,3154,91283,3502,175351,California
Kern,2021-03-26,8066,266408,4092,118280,3536,139010,438,9118,4274,85024,3772,95055,4728,180079,California
Kern,2021-03-27,5278,271686,3607,121887,1554,140564,117,9235,3231,86347,2037,97092,3360,183439,California
Kern,2021-03-28,4086,275772,3623,125510,459,141023,4,9239,2564,87408,1517,98609,2578,186017,California
Kern,2021-03-29,2744,278516,1186,126696,1339,142362,219,9458,1698,88302,1036,99645,1930,187947,California
Kings,2020-12-16,1,1,1,1,0,0,0,0,1,1,0,0,1,1,California
Kings,2020-12-17,8,9,8,9,0,0,0,0,8,9,0,0,8,9,California
Kings,2020-12-18,12,21,12,21,0,0,0,0,12,21,0,0,12,21,California
Kings,2020-12-19,11,32,11,32,0,0,0,0,11,32,0,0,11,32,California
Kings,2020-12-20,13,45,13,45,0,0,0,0,13,45,0,0,13,45,California
Kings,2020-12-21,154,199,154,199,0,0,0,0,271,316,0,0,271,316,California
Kings,2020-12-22,143,342,143,342,0,0,0,0,140,456,0,0,140,456,California
Kings,2020-12-23,134,476,122,464,12,12,0,0,135,591,0,0,135,591,California
Kings,2020-12-24,11,487,9,473,2,14,0,0,11,602,0,0,11,602,California
Kings,2020-12-26,7,494,4,477,3,17,0,0,7,609,0,0,7,609,California
Kings,2020-12-27,4,498,4,481,0,17,0,0,4,613,0,0,4,613,California
Kings,2020-12-28,131,629,103,584,28,45,0,0,132,745,0,0,132,745,California
Kings,2020-12-29,78,707,51,635,27,72,0,0,79,824,0,0,79,824,California
Kings,2020-12-30,147,854,108,743,39,111,0,0,147,971,0,0,147,971,California
Kings,2020-12-31,43,897,6,749,37,148,0,0,43,1014,0,0,43,1014,California
Kings,2021-01-01,1,898,0,749,1,149,0,0,1,1015,0,0,1,1015,California
Kings,2021-01-02,10,908,9,758,1,150,0,0,10,1025,0,0,10,1025,California
Kings,2021-01-04,112,1020,41,799,71,221,0,0,112,1137,0,0,112,1137,California
Kings,2021-01-05,197,1217,39,838,158,379,0,0,197,1334,0,0,197,1334,California
Kings,2021-01-06,275,1492,178,1016,97,476,0,0,272,1603,3,3,272,1606,California
Kings,2021-01-07,179,1671,82,1098,97,573,0,0,171,1766,8,11,171,1777,California
Kings,2021-01-08,247,1918,54,1152,193,766,0,0,228,1975,19,30,228,2005,California
Kings,2021-01-09,63,1981,9,1161,54,820,0,0,55,2022,8,38,55,2060,California
Kings,2021-01-10,15,1996,3,1164,12,832,0,0,12,2031,3,41,12,2072,California
Kings,2021-01-11,517,2513,355,1519,162,994,0,0,273,2061,244,285,274,2346,California
Kings,2021-01-12,352,2865,255,1774,97,1091,0,0,218,2148,131,416,218,2564,California
Kings,2021-01-13,413,3278,266,2040,147,1238,0,0,322,2379,91,507,322,2886,California
Kings,2021-01-14,210,3488,31,2071,179,1417,0,0,200,2559,21,528,201,3087,California
Kings,2021-01-15,415,3903,28,2099,387,1804,0,0,403,2950,12,540,403,3490,California
Kings,2021-01-16,31,3934,12,2111,19,1823,0,0,30,2979,1,541,30,3520,California
Kings,2021-01-17,8,3942,5,2116,3,1826,0,0,6,2983,2,543,6,3526,California
Kings,2021-01-18,172,4114,40,2156,132,1958,0,0,146,3103,26,569,146,3672,California
Kings,2021-01-19,376,4490,158,2314,218,2176,0,0,248,3223,128,697,248,3920,California
Kings,2021-01-20,224,4714,135,2449,89,2265,0,0,119,3241,101,798,119,4039,California
Kings,2021-01-21,185,4899,32,2481,153,2418,0,0,171,3396,16,814,171,4210,California
Kings,2021-01-22,126,5025,39,2520,87,2505,0,0,125,3516,5,819,125,4335,California
Kings,2021-01-23,26,5051,14,2534,12,2517,0,0,20,3530,6,825,20,4355,California
Kings,2021-01-24,3,5054,3,2537,0,2517,0,0,1,3529,2,827,1,4356,California
Kings,2021-01-25,123,5177,25,2562,98,2615,0,0,90,3586,33,860,90,4446,California
Kings,2021-01-26,153,5330,34,2596,119,2734,0,0,114,3661,39,899,114,4560,California
Kings,2021-01-27,316,5646,34,2630,282,3016,0,0,246,3838,69,968,246,4806,California
Kings,2021-01-28,323,5969,47,2677,276,3292,0,0,269,4053,54,1022,269,5075,California
Kings,2021-01-29,85,6054,26,2703,59,3351,0,0,68,4104,17,1039,68,5143,California
Kings,2021-01-30,1539,7593,31,2734,1508,4859,0,0,1537,5640,2,1041,1538,6681,California
Kings,2021-02-01,197,7790,63,2797,134,4993,0,0,70,5585,125,1166,70,6751,California
Kings,2021-02-02,223,8013,13,2810,210,5203,0,0,80,5523,142,1308,80,6831,California
Kings,2021-02-03,352,8365,193,3003,159,5362,0,0,198,5568,153,1461,198,7029,California
Kings,2021-02-04,391,8756,97,3100,294,5656,0,0,196,5569,195,1656,196,7225,California
Kings,2021-02-05,254,9010,12,3112,242,5898,0,0,101,5518,152,1808,101,7326,California
Kings,2021-02-06,58,9068,10,3122,48,5946,0,0,26,5512,32,1840,26,7352,California
Kings,2021-02-07,5,9073,3,3125,2,5948,0,0,3,5513,2,1842,3,7355,California
Kings,2021-02-08,170,9243,28,3153,142,6090,0,0,69,5481,101,1943,69,7424,California
Kings,2021-02-09,252,9495,57,3210,195,6285,0,0,109,5449,141,2084,109,7533,California
Kings,2021-02-10,286,9781,113,3323,173,6458,0,0,175,5513,111,2195,175,7708,California
Kings,2021-02-11,416,10197,64,3387,352,6810,0,0,304,5706,111,2306,304,8012,California
Kings,2021-02-12,608,10805,36,3423,572,7382,0,0,344,5786,264,2570,344,8356,California
Kings,2021-02-13,102,10907,6,3429,96,7478,0,0,77,5838,25,2595,77,8433,California
Kings,2021-02-14,102,11009,5,3434,97,7575,0,0,95,5926,7,2602,95,8528,California
Kings,2021-02-15,229,11238,4,3438,225,7800,0,0,121,5940,107,2709,121,8649,California
Kings,2021-02-16,482,11720,32,3470,450,8250,0,0,249,5957,232,2941,249,8898,California
Kings,2021-02-17,368,12088,22,3492,346,8596,0,0,232,6053,136,3077,232,9130,California
Kings,2021-02-18,147,12235,22,3514,125,8721,0,0,93,6092,54,3131,93,9223,California
Kings,2021-02-19,156,12391,22,3536,134,8855,0,0,102,6141,53,3184,102,9325,California
Kings,2021-02-20,170,12561,41,3577,129,8984,0,0,133,6237,37,3221,133,9458,California
Kings,2021-02-21,1,12562,0,3577,1,8985,0,0,1,6238,0,3221,1,9459,California
Kings,2021-02-22,100,12662,17,3594,83,9068,0,0,41,6220,59,3280,41,9500,California
Kings,2021-02-23,285,12947,71,3665,214,9282,0,0,168,6271,117,3397,168,9668,California
Kings,2021-02-24,583,13530,153,3818,430,9712,0,0,373,6434,210,3607,373,10041,California
Kings,2021-02-25,654,14184,110,3928,544,10256,0,0,439,6660,213,3820,439,10480,California
Kings,2021-02-26,645,14829,130,4058,515,10771,0,0,584,7184,60,3880,584,11064,California
Kings,2021-02-27,1495,16324,60,4118,1435,12206,0,0,568,6828,926,4806,570,11634,California
Kings,2021-02-28,1163,17487,590,4708,573,12779,0,0,667,7000,495,5301,667,12301,California
Kings,2021-03-01,255,17742,78,4786,177,12956,0,0,211,7167,44,5345,211,12512,California
Kings,2021-03-02,457,18199,202,4988,255,13211,0,0,409,7528,48,5393,409,12921,California
Kings,2021-03-03,568,18767,283,5271,285,13496,0,0,394,7749,173,5566,394,13315,California
Kings,2021-03-04,657,19424,319,5590,338,13834,0,0,565,8222,92,5658,565,13880,California
Kings,2021-03-05,917,20341,322,5912,586,14420,9,9,801,8917,116,5774,811,14691,California
Kings,2021-03-06,502,20843,186,6098,303,14723,13,22,472,9373,30,5804,486,15177,California
Kings,2021-03-07,296,21139,159,6257,133,14856,4,26,288,9657,8,5812,292,15469,California
Kings,2021-03-08,312,21451,80,6337,183,15039,49,75,210,9813,102,5914,258,15727,California
Kings,2021-03-09,402,21853,131,6468,218,15257,53,128,300,10065,102,6016,354,16081,California
Kings,2021-03-10,403,22256,106,6574,253,15510,44,172,281,10269,120,6136,324,16405,California
Kings,2021-03-11,909,23165,267,6841,536,16046,106,278,550,10572,356,6492,659,17064,California
Kings,2021-03-12,1050,24215,238,7079,727,16773,85,363,693,10996,356,6848,780,17844,California
Kings,2021-03-13,372,24587,102,7181,228,17001,42,405,287,11242,85,6933,331,18175,California
Kings,2021-03-14,587,25174,77,7258,136,17137,374,779,168,11366,419,7352,543,18718,California
Kings,2021-03-15,576,25750,171,7429,291,17428,114,893,353,11612,223,7575,469,19187,California
Kings,2021-03-16,1030,26780,434,7863,533,17961,63,956,691,12031,336,7911,755,19942,California
Kings,2021-03-17,1009,27789,370,8233,580,18541,59,1015,720,12529,289,8200,787,20729,California
Kings,2021-03-18,930,28719,406,8639,343,18884,181,1196,663,13108,267,8467,846,21575,California
Kings,2021-03-19,803,29522,402,9041,336,19220,65,1261,634,13647,169,8636,708,22283,California
Kings,2021-03-20,491,30013,212,9253,254,19474,25,1286,361,13912,127,8763,392,22675,California
Kings,2021-03-21,1365,31378,1084,10337,269,19743,12,1298,812,14184,553,9316,825,23500,California
Kings,2021-03-22,441,31819,204,10541,157,19900,80,1378,274,14375,167,9483,358,23858,California
Kings,2021-03-23,860,32679,476,11017,327,20227,57,1435,557,14691,301,9784,617,24475,California
Kings,2021-03-24,886,33565,457,11474,405,20632,24,1459,495,14823,390,10174,522,24997,California
Kings,2021-03-25,843,34408,415,11889,403,21035,25,1484,423,14853,418,10592,448,25445,California
Kings,2021-03-26,1206,35614,376,12265,757,21792,73,1557,482,14691,719,11311,557,26002,California
Kings,2021-03-27,617,36231,246,12511,357,22149,14,1571,170,14432,446,11757,187,26189,California
Kings,2021-03-28,446,36677,382,12893,63,22212,1,1572,310,14615,136,11893,319,26508,California
Kings,2021-03-29,217,36894,78,12971,99,22311,40,1612,130,14699,87,11980,171,26679,California
Lake,2020-12-17,4,4,4,4,0,0,0,0,4,4,0,0,4,4,California
Lake,2020-12-18,51,55,51,55,0,0,0,0,51,55,0,0,51,55,California
Lake,2020-12-19,3,58,3,58,0,0,0,0,3,58,0,0,3,58,California
Lake,2020-12-20,6,64,6,64,0,0,0,0,6,64,0,0,6,64,California
Lake,2020-12-21,50,114,50,114,0,0,0,0,50,114,0,0,50,114,California
Lake,2020-12-22,63,177,60,174,3,3,0,0,63,177,0,0,63,177,California
Lake,2020-12-23,91,268,83,257,8,11,0,0,91,268,0,0,91,268,California
Lake,2020-12-24,2,270,0,257,2,13,0,0,2,270,0,0,2,270,California
Lake,2020-12-26,2,272,2,259,0,13,0,0,2,272,0,0,2,272,California
Lake,2020-12-27,2,274,2,261,0,13,0,0,2,274,0,0,2,274,California
Lake,2020-12-28,52,326,43,304,9,22,0,0,52,326,0,0,52,326,California
Lake,2020-12-29,14,340,9,313,5,27,0,0,14,340,0,0,14,340,California
Lake,2020-12-30,89,429,82,395,7,34,0,0,89,429,0,0,89,429,California
Lake,2020-12-31,67,496,64,459,3,37,0,0,67,496,0,0,67,496,California
Lake,2021-01-01,1,497,0,459,1,38,0,0,1,497,0,0,1,497,California
Lake,2021-01-02,2,499,1,460,1,39,0,0,2,499,0,0,2,499,California
Lake,2021-01-04,65,564,1,461,64,103,0,0,65,564,0,0,65,564,California
Lake,2021-01-05,80,644,59,520,21,124,0,0,78,640,2,2,78,642,California
Lake,2021-01-06,83,727,65,585,18,142,0,0,81,719,2,4,81,723,California
Lake,2021-01-07,69,796,49,634,20,162,0,0,65,780,4,8,65,788,California
Lake,2021-01-08,143,939,124,758,19,181,0,0,91,819,52,60,91,879,California
Lake,2021-01-09,62,1001,60,818,2,183,0,0,58,873,4,64,58,937,California
Lake,2021-01-10,3,1004,3,821,0,183,0,0,0,870,3,67,0,937,California
Lake,2021-01-11,161,1165,119,940,42,225,0,0,113,935,48,115,113,1050,California
Lake,2021-01-12,79,1244,48,988,31,256,0,0,55,966,24,139,55,1105,California
Lake,2021-01-13,125,1369,73,1061,52,308,0,0,96,1033,29,168,96,1201,California
Lake,2021-01-14,136,1505,35,1096,101,409,0,0,115,1127,21,189,115,1316,California
Lake,2021-01-15,216,1721,93,1189,123,532,0,0,189,1289,27,216,189,1505,California
Lake,2021-01-16,135,1856,83,1272,52,584,0,0,133,1420,2,218,133,1638,California
Lake,2021-01-17,18,1874,6,1278,12,596,0,0,12,1426,6,224,12,1650,California
Lake,2021-01-18,244,2118,224,1502,20,616,0,0,126,1434,118,342,126,1776,California
Lake,2021-01-19,277,2395,84,1586,193,809,0,0,263,1684,14,356,264,2040,California
Lake,2021-01-20,385,2780,44,1630,341,1150,0,0,356,2011,29,385,356,2396,California
Lake,2021-01-21,316,3096,48,1678,268,1418,0,0,283,2261,33,418,283,2679,California
Lake,2021-01-22,318,3414,45,1723,273,1691,0,0,282,2507,36,454,282,2961,California
Lake,2021-01-23,122,3536,5,1728,117,1808,0,0,121,2627,1,455,121,3082,California
Lake,2021-01-24,4,3540,1,1729,3,1811,0,0,4,2631,0,455,4,3086,California
Lake,2021-01-25,235,3775,73,1802,162,1973,0,0,177,2750,58,513,177,3263,California
Lake,2021-01-26,424,4199,35,1837,389,2362,0,0,401,3128,23,536,401,3664,California
Lake,2021-01-27,357,4556,39,1876,318,2680,0,0,331,3433,26,562,331,3995,California
Lake,2021-01-28,467,5023,130,2006,337,3017,0,0,366,3698,101,663,366,4361,California
Lake,2021-01-29,635,5658,82,2088,553,3570,0,0,575,4213,60,723,575,4936,California
Lake,2021-01-30,557,6215,45,2133,512,4082,0,0,550,4757,7,730,551,5487,California
Lake,2021-01-31,13,6228,8,2141,5,4087,0,0,12,4768,1,731,12,5499,California
Lake,2021-02-01,176,6404,17,2158,159,4246,0,0,165,4922,11,742,165,5664,California
Lake,2021-02-02,538,6942,154,2312,384,4630,0,0,401,5186,137,879,401,6065,California
Lake,2021-02-03,421,7363,25,2337,396,5026,0,0,347,5459,74,953,347,6412,California
Lake,2021-02-04,100,7463,55,2392,45,5071,0,0,71,5501,29,982,71,6483,California
Lake,2021-02-05,368,7831,68,2460,300,5371,0,0,288,5711,78,1060,288,6771,California
Lake,2021-02-06,282,8113,43,2503,239,5610,0,0,270,5969,12,1072,270,7041,California
Lake,2021-02-07,2,8115,1,2504,1,5611,0,0,2,5971,0,1072,2,7043,California
Lake,2021-02-08,275,8390,206,2710,69,5680,0,0,157,6010,118,1190,157,7200,California
Lake,2021-02-09,339,8729,21,2731,318,5998,0,0,300,6271,39,1229,300,7500,California
Lake,2021-02-10,351,9080,53,2784,298,6296,0,0,274,6468,77,1306,274,7774,California
Lake,2021-02-11,172,9252,19,2803,153,6449,0,0,60,6416,112,1418,60,7834,California
Lake,2021-02-12,371,9623,29,2832,342,6791,0,0,284,6613,87,1505,284,8118,California
Lake,2021-02-13,253,9876,8,2840,245,7036,0,0,242,6844,11,1516,242,8360,California
Lake,2021-02-14,21,9897,4,2844,17,7053,0,0,8,6839,13,1529,8,8368,California
Lake,2021-02-15,171,10068,12,2856,159,7212,0,0,7,6683,163,1692,7,8375,California
Lake,2021-02-16,411,10479,18,2874,393,7605,0,0,170,6612,241,1933,170,8545,California
Lake,2021-02-17,351,10830,54,2928,297,7902,0,0,73,6408,277,2210,73,8618,California
Lake,2021-02-18,450,11280,68,2996,382,8284,0,0,116,6190,334,2544,116,8734,California
Lake,2021-02-19,414,11694,26,3022,388,8672,0,0,92,5960,322,2866,92,8826,California
Lake,2021-02-20,289,11983,58,3080,231,8903,0,0,247,6165,42,2908,247,9073,California
Lake,2021-02-21,6,11989,6,3086,0,8903,0,0,0,6159,6,2914,0,9073,California
Lake,2021-02-22,136,12125,22,3108,114,9017,0,0,41,6105,95,3009,41,9114,California
Lake,2021-02-23,210,12335,13,3121,197,9214,0,0,25,5945,185,3194,25,9139,California
Lake,2021-02-24,953,13288,376,3497,577,9791,0,0,418,5828,535,3729,418,9557,California
Lake,2021-02-25,722,14010,457,3954,265,10056,0,0,471,6050,249,3978,471,10028,California
Lake,2021-02-26,994,15004,307,4261,687,10743,0,0,347,5754,643,4621,347,10375,California
Lake,2021-02-27,339,15343,36,4297,303,11046,0,0,313,6041,26,4647,313,10688,California
Lake,2021-02-28,17,15360,12,4309,5,11051,0,0,9,6042,8,4655,9,10697,California
Lake,2021-03-01,593,15953,53,4362,540,11591,0,0,441,6331,152,4807,441,11138,California
Lake,2021-03-02,753,16706,17,4379,736,12327,0,0,289,6156,464,5271,289,11427,California
Lake,2021-03-03,350,17056,192,4571,158,12485,0,0,128,6062,222,5493,128,11555,California
Lake,2021-03-04,543,17599,474,5045,69,12554,0,0,530,6579,13,5506,530,12085,California
Lake,2021-03-05,816,18415,29,5074,787,13341,0,0,117,6000,696,6202,117,12202,California
Lake,2021-03-06,38,18453,10,5084,27,13368,1,1,23,6009,15,6217,24,12226,California
Lake,2021-03-07,7,18460,5,5089,2,13370,0,1,3,6008,4,6221,3,12229,California
Lake,2021-03-08,310,18770,243,5332,58,13428,9,10,272,6251,38,6259,281,12510,California
Lake,2021-03-09,892,19662,29,5361,850,14278,13,23,376,6125,515,6774,389,12899,California
Lake,2021-03-10,198,19860,60,5421,131,14409,7,30,137,6208,61,6835,144,13043,California
Lake,2021-03-11,554,20414,50,5471,62,14471,442,472,52,6200,502,7337,494,13537,California
Lake,2021-03-12,828,21242,183,5654,621,15092,24,496,336,6070,490,7827,360,13897,California
Lake,2021-03-13,188,21430,19,5673,17,15109,152,648,17,6069,169,7996,168,14065,California
Lake,2021-03-14,14,21444,3,5676,10,15119,1,649,8,6072,6,8002,9,14074,California
Lake,2021-03-15,586,22030,12,5688,554,15673,20,669,427,6360,159,8161,447,14521,California
Lake,2021-03-16,1072,23102,813,6501,242,15915,17,686,424,6156,645,8806,441,14962,California
Lake,2021-03-17,233,23335,117,6618,100,16015,16,702,81,6101,152,8958,97,15059,California
Lake,2021-03-18,658,23993,338,6956,287,16302,33,735,297,6070,360,9318,329,15388,California
Lake,2021-03-19,395,24388,172,7128,212,16514,11,746,311,6309,83,9401,322,15710,California
Lake,2021-03-20,73,24461,11,7139,60,16574,2,748,21,6281,51,9452,23,15733,California
Lake,2021-03-21,19,24480,14,7153,4,16578,1,749,12,6287,7,9459,13,15746,California
Lake,2021-03-22,309,24789,230,7383,65,16643,14,763,224,6440,85,9544,238,15984,California
Lake,2021-03-23,407,25196,20,7403,373,17016,14,777,346,6740,60,9604,360,16344,California
Lake,2021-03-24,422,25618,68,7471,347,17363,7,784,326,6981,94,9698,335,16679,California
Lake,2021-03-25,613,26231,440,7911,168,17531,5,789,167,6709,445,10143,173,16852,California
Lake,2021-03-26,77,26308,39,7950,37,17568,1,790,54,6741,23,10166,55,16907,California
Lake,2021-03-27,298,26606,10,7960,286,17854,2,792,22,6492,274,10440,25,16932,California
Lake,2021-03-28,14,26620,5,7965,8,17862,1,793,6,6491,8,10448,7,16939,California
Lake,2021-03-29,827,27447,226,8191,599,18461,2,795,166,6002,659,11107,170,17109,California
Lassen,2020-12-16,8,8,8,8,0,0,0,0,8,8,0,0,8,8,California
Lassen,2020-12-17,6,14,6,14,0,0,0,0,6,14,0,0,6,14,California
Lassen,2020-12-18,1,15,1,15,0,0,0,0,1,15,0,0,1,15,California
Lassen,2020-12-19,5,20,5,20,0,0,0,0,5,20,0,0,5,20,California
Lassen,2020-12-20,2,22,2,22,0,0,0,0,2,22,0,0,2,22,California
Lassen,2020-12-21,11,33,11,33,0,0,0,0,11,33,0,0,11,33,California
Lassen,2020-12-22,23,56,23,56,0,0,0,0,23,56,0,0,23,56,California
Lassen,2020-12-23,6,62,6,62,0,0,0,0,6,62,0,0,6,62,California
Lassen,2020-12-24,11,73,11,73,0,0,0,0,11,73,0,0,11,73,California
Lassen,2020-12-28,3,76,2,75,1,1,0,0,3,76,0,0,3,76,California
Lassen,2020-12-29,35,111,35,110,0,1,0,0,35,111,0,0,35,111,California
Lassen,2020-12-30,37,148,36,146,1,2,0,0,37,148,0,0,37,148,California
Lassen,2020-12-31,51,199,42,188,9,11,0,0,51,199,0,0,51,199,California
Lassen,2021-01-02,1,200,0,188,1,12,0,0,1,200,0,0,1,200,California
Lassen,2021-01-04,15,215,1,189,14,26,0,0,15,215,0,0,15,215,California
Lassen,2021-01-05,194,409,53,242,141,167,0,0,194,409,0,0,194,409,California
Lassen,2021-01-06,94,503,42,284,52,219,0,0,86,488,8,8,87,496,California
Lassen,2021-01-07,43,546,7,291,36,255,0,0,37,519,6,14,37,533,California
Lassen,2021-01-08,50,596,2,293,48,303,0,0,50,569,0,14,50,583,California
Lassen,2021-01-09,12,608,6,299,6,309,0,0,12,581,0,14,12,595,California
Lassen,2021-01-11,27,635,5,304,22,331,0,0,27,608,0,14,27,622,California
Lassen,2021-01-12,50,685,30,334,20,351,0,0,31,620,19,33,31,653,California
Lassen,2021-01-13,161,846,18,352,143,494,0,0,146,751,15,48,146,799,California
Lassen,2021-01-14,161,1007,18,370,143,637,0,0,149,888,12,60,149,948,California
Lassen,2021-01-15,33,1040,6,376,27,664,0,0,33,921,0,60,33,981,California
Lassen,2021-01-16,34,1074,33,409,1,665,0,0,34,955,0,60,34,1015,California
Lassen,2021-01-17,1,1075,0,409,1,666,0,0,1,956,0,60,1,1016,California
Lassen,2021-01-18,5,1080,2,411,3,669,0,0,4,959,1,61,4,1020,California
Lassen,2021-01-19,186,1266,36,447,150,819,0,0,158,1089,28,89,158,1178,California
Lassen,2021-01-20,186,1452,100,547,86,905,0,0,102,1122,69,158,102,1280,California
Lassen,2021-01-21,145,1597,94,641,51,956,0,0,120,1224,18,176,120,1400,California
Lassen,2021-01-22,32,1629,19,660,13,969,0,0,22,1236,10,186,22,1422,California
Lassen,2021-01-23,1,1630,0,660,1,970,0,0,1,1237,0,186,1,1423,California
Lassen,2021-01-24,1,1631,0,660,1,971,0,0,1,1238,0,186,1,1424,California
Lassen,2021-01-25,11,1642,0,660,11,982,0,0,11,1249,0,186,11,1435,California
Lassen,2021-01-26,126,1768,12,672,114,1096,0,0,122,1367,4,190,122,1557,California
Lassen,2021-01-27,79,1847,28,700,51,1147,0,0,63,1414,16,206,63,1620,California
Lassen,2021-01-28,85,1932,14,714,71,1218,0,0,84,1497,1,207,84,1704,California
Lassen,2021-01-29,23,1955,7,721,16,1234,0,0,22,1518,1,208,22,1726,California
Lassen,2021-02-01,62,2017,4,725,58,1292,0,0,36,1528,26,234,36,1762,California
Lassen,2021-02-02,175,2192,11,736,164,1456,0,0,43,1439,132,366,43,1805,California
Lassen,2021-02-03,99,2291,22,758,77,1533,0,0,54,1448,45,411,54,1859,California
Lassen,2021-02-04,112,2403,15,773,97,1630,0,0,63,1462,49,460,63,1922,California
Lassen,2021-02-05,65,2468,12,785,53,1683,0,0,23,1443,42,502,23,1945,California
Lassen,2021-02-06,70,2538,35,820,35,1718,0,0,37,1448,32,534,37,1982,California
Lassen,2021-02-07,1,2539,1,821,0,1718,0,0,1,1449,0,534,1,1983,California
Lassen,2021-02-08,45,2584,6,827,39,1757,0,0,20,1444,25,559,20,2003,California
Lassen,2021-02-09,128,2712,8,835,120,1877,0,0,49,1414,79,638,49,2052,California
Lassen,2021-02-10,181,2893,20,855,161,2038,0,0,74,1382,106,744,74,2126,California
Lassen,2021-02-11,175,3068,16,871,159,2197,0,0,77,1362,97,841,77,2203,California
Lassen,2021-02-12,45,3113,13,884,32,2229,0,0,16,1349,29,870,16,2219,California
Lassen,2021-02-13,13,3126,5,889,8,2237,0,0,11,1358,2,872,11,2230,California
Lassen,2021-02-14,13,3139,0,889,13,2250,0,0,12,1369,1,873,12,2242,California
Lassen,2021-02-15,22,3161,3,892,19,2269,0,0,18,1383,4,877,18,2260,California
Lassen,2021-02-16,193,3354,4,896,189,2458,0,0,31,1254,160,1037,31,2291,California
Lassen,2021-02-17,185,3539,95,991,90,2548,0,0,12,1093,173,1210,12,2303,California
Lassen,2021-02-18,81,3620,23,1014,58,2606,0,0,23,1058,58,1268,23,2326,California
Lassen,2021-02-19,82,3702,61,1075,21,2627,0,0,18,1012,64,1332,18,2344,California
Lassen,2021-02-20,7,3709,0,1075,7,2634,0,0,5,1015,2,1334,5,2349,California
Lassen,2021-02-21,18,3727,1,1076,17,2651,0,0,15,1027,3,1337,15,2364,California
Lassen,2021-02-22,23,3750,8,1084,15,2666,0,0,5,1014,18,1355,5,2369,California
Lassen,2021-02-23,152,3902,9,1093,143,2809,0,0,40,942,112,1467,40,2409,California
Lassen,2021-02-24,165,4067,16,1109,149,2958,0,0,107,992,57,1524,107,2516,California
Lassen,2021-02-25,158,4225,21,1130,137,3095,0,0,102,1038,56,1580,102,2618,California
Lassen,2021-02-26,70,4295,13,1143,57,3152,0,0,33,1034,37,1617,33,2651,California
Lassen,2021-02-27,8,4303,7,1150,1,3153,0,0,4,1034,4,1621,4,2655,California
Lassen,2021-02-28,6,4309,1,1151,5,3158,0,0,3,1034,3,1624,3,2658,California
Lassen,2021-03-01,40,4349,5,1156,35,3193,0,0,7,1008,33,1657,7,2665,California
Lassen,2021-03-02,104,4453,6,1162,98,3291,0,0,79,1062,25,1682,79,2744,California
Lassen,2021-03-03,160,4613,13,1175,147,3438,0,0,102,1106,58,1740,102,2846,California
Lassen,2021-03-04,142,4755,15,1190,127,3565,0,0,93,1151,48,1788,93,2939,California
Lassen,2021-03-05,45,4800,6,1196,19,3584,20,20,12,1150,33,1821,32,2971,California
Lassen,2021-03-06,50,4850,5,1201,27,3611,18,38,4,1126,46,1867,22,2993,California
Lassen,2021-03-07,55,4905,1,1202,0,3611,54,92,0,1125,55,1922,54,3047,California
Lassen,2021-03-08,87,4992,2,1204,8,3619,77,169,3,1122,83,2005,80,3127,California
Lassen,2021-03-09,126,5118,11,1215,98,3717,17,186,78,1169,48,2053,95,3222,California
Lassen,2021-03-10,149,5267,8,1223,140,3857,1,187,66,1154,83,2136,68,3290,California
Lassen,2021-03-11,168,5435,16,1239,143,4000,9,196,98,1194,67,2203,107,3397,California
Lassen,2021-03-12,33,5468,15,1254,11,4011,7,203,11,1190,22,2225,18,3415,California
Lassen,2021-03-13,45,5513,0,1254,2,4013,43,246,2,1191,43,2268,44,3459,California
Lassen,2021-03-14,7,5520,1,1255,5,4018,1,247,0,1185,7,2275,1,3460,California
Lassen,2021-03-15,36,5556,2,1257,31,4049,3,250,17,1186,18,2293,19,3479,California
Lassen,2021-03-16,87,5643,3,1260,78,4127,6,256,70,1245,17,2310,76,3555,California
Lassen,2021-03-17,918,6561,9,1269,904,5031,5,261,899,2131,18,2328,904,4459,California
Lassen,2021-03-18,80,6641,9,1278,70,5101,1,262,66,2184,14,2342,67,4526,California
Lassen,2021-03-19,15,6656,8,1286,3,5104,4,266,8,2189,7,2349,12,4538,California
Lassen,2021-03-20,8,6664,1,1287,4,5108,3,269,3,2190,5,2354,6,4544,California
Lassen,2021-03-21,33,6697,3,1290,29,5137,1,270,15,2189,17,2371,16,4560,California
Lassen,2021-03-22,49,6746,0,1290,48,5185,1,271,45,2231,4,2375,46,4606,California
Lassen,2021-03-23,94,6840,5,1295,88,5273,1,272,52,2242,42,2417,53,4659,California
Lassen,2021-03-24,200,7040,11,1306,189,5462,0,272,100,2243,100,2517,101,4760,California
Lassen,2021-03-25,130,7170,21,1327,109,5571,0,272,67,2247,63,2580,67,4827,California
Lassen,2021-03-26,73,7243,11,1338,24,5595,38,310,14,2241,58,2638,52,4879,California
Lassen,2021-03-27,17,7260,1,1339,2,5597,14,324,2,2242,15,2653,16,4895,California
Lassen,2021-03-28,16,7276,4,1343,6,5603,6,330,7,2246,9,2662,13,4908,California
Lassen,2021-03-29,22,7298,0,1343,22,5625,0,330,16,2256,6,2668,16,4924,California
Los Angeles,2020-12-15,391,391,391,391,0,0,0,0,391,391,0,0,391,391,California
Los Angeles,2020-12-16,3358,3749,3358,3749,0,0,0,0,3358,3749,0,0,3358,3749,California
Los Angeles,2020-12-17,10219,13968,10219,13968,0,0,0,0,10220,13969,0,0,10220,13969,California
Los Angeles,2020-12-18,14483,28451,14461,28429,22,22,0,0,14484,28453,0,0,14484,28453,California
Los Angeles,2020-12-19,7213,35664,7207,35636,6,28,0,0,7214,35667,0,0,7214,35667,California
Los Angeles,2020-12-20,4572,40236,4564,40200,8,36,0,0,4574,40241,0,0,4574,40241,California
Los Angeles,2020-12-21,13647,53883,13636,53836,11,47,0,0,13648,53888,1,1,13648,53889,California
Los Angeles,2020-12-22,11479,65362,11102,64938,377,424,0,0,11481,65369,0,1,11481,65370,California
Los Angeles,2020-12-23,11854,77216,10097,75035,1757,2181,0,0,11855,77224,0,1,11855,77225,California
Los Angeles,2020-12-24,6923,84139,4240,79275,2683,4864,0,0,6926,84150,0,1,6926,84151,California
Los Angeles,2020-12-25,521,84660,416,79691,105,4969,0,0,521,84671,0,1,521,84672,California
Los Angeles,2020-12-26,2521,87181,2178,81869,343,5312,0,0,2521,87191,1,2,2521,87193,California
Los Angeles,2020-12-27,1748,88929,1022,82891,726,6038,0,0,1748,88939,0,2,1748,88941,California
Los Angeles,2020-12-28,10236,99165,6344,89235,3892,9930,0,0,10234,99173,0,2,10234,99175,California
Los Angeles,2020-12-29,11497,110662,6046,95281,5451,15381,0,0,11499,110672,0,2,11499,110674,California
Los Angeles,2020-12-30,14803,125465,8073,103354,6730,22111,0,0,14802,125474,0,2,14802,125476,California
Los Angeles,2020-12-31,7849,133314,2739,106093,5110,27221,0,0,7847,133320,1,3,7847,133323,California
Los Angeles,2021-01-01,896,134210,230,106323,666,27887,0,0,896,134216,0,3,896,134219,California
Los Angeles,2021-01-02,4407,138617,1638,107961,2769,30656,0,0,4407,138623,0,3,4407,138626,California
Los Angeles,2021-01-03,910,139527,200,108161,710,31366,0,0,909,139531,1,4,909,139535,California
Los Angeles,2021-01-04,12613,152140,4827,112988,7786,39152,0,0,12598,152126,3,7,12598,152133,California
Los Angeles,2021-01-05,15937,168077,7042,120030,8895,48047,0,0,14034,164293,1870,1877,14037,166170,California
Los Angeles,2021-01-06,22378,190455,12016,132046,10362,58409,0,0,16807,175608,5501,7378,16816,182986,California
Los Angeles,2021-01-07,29296,219751,15754,147800,13542,71951,0,0,18829,184033,10422,17800,18847,201833,California
Los Angeles,2021-01-08,32950,252701,17834,165634,15116,87067,0,0,20776,192681,12149,29949,20797,222630,California
Los Angeles,2021-01-09,12311,265012,7039,172673,5272,92339,0,0,7451,195281,4859,34808,7459,230089,California
Los Angeles,2021-01-10,4640,269652,3628,176301,1012,93351,0,0,1909,194463,2731,37539,1913,232002,California
Los Angeles,2021-01-11,25635,295287,16167,192468,9468,102819,0,0,14735,198315,10892,48431,14744,246746,California
Los Angeles,2021-01-12,28951,324238,15998,208466,12953,115772,0,0,18880,207144,10055,58486,18884,265630,California
Los Angeles,2021-01-13,29050,353288,15574,224040,13476,129248,0,0,20129,218376,8904,67390,20136,285766,California
Los Angeles,2021-01-14,29045,382333,12669,236709,16376,145624,0,0,23568,236493,5461,72851,23578,309344,California
Los Angeles,2021-01-15,33536,415869,12278,248987,21258,166882,0,0,29991,262974,3520,76371,30001,339345,California
Los Angeles,2021-01-16,17111,432980,4942,253929,12169,179051,0,0,15336,276547,1766,78137,15339,354684,California
Los Angeles,2021-01-17,5162,438142,2279,256208,2883,181934,0,0,4918,281223,244,78381,4920,359604,California
Los Angeles,2021-01-18,15474,453616,9991,266199,5483,187417,0,0,10776,287315,4687,83068,10779,370383,California
Los Angeles,2021-01-19,38292,491908,20453,286652,17839,205256,0,0,30543,310171,7709,90777,30565,400948,California
Los Angeles,2021-01-20,45406,537314,23662,310314,21744,227000,0,0,37935,340673,7441,98218,37943,438891,California
Los Angeles,2021-01-21,48346,585660,22287,332601,26059,253059,0,0,44101,380599,4185,102403,44111,483002,California
Los Angeles,2021-01-22,47532,633192,22204,354805,25328,278387,0,0,44127,421368,3364,105767,44133,527135,California
Los Angeles,2021-01-23,33729,666921,15626,370431,18103,296490,0,0,31723,451120,1977,107744,31729,558864,California
Los Angeles,2021-01-24,15659,682580,12157,382588,3502,299992,0,0,15113,465698,539,108283,15117,573981,California
Los Angeles,2021-01-25,38366,720946,16282,398870,22084,322076,0,0,29959,487329,8371,116654,30002,603983,California
Los Angeles,2021-01-26,48789,769735,24209,423079,24580,346656,0,0,40707,520010,8052,124706,40733,644716,California
Los Angeles,2021-01-27,48012,817747,25602,448681,22410,369066,0,0,38929,549999,8951,133657,38940,683656,California
Los Angeles,2021-01-28,48142,865889,22899,471580,25243,394309,0,0,39861,581696,8170,141827,39867,723523,California
Los Angeles,2021-01-29,48903,914792,25217,496797,23686,417995,0,0,38945,611045,9608,151435,38957,762480,California
Los Angeles,2021-01-30,29802,944594,15286,512083,14516,432511,0,0,25718,632759,4011,155446,25725,788205,California
Los Angeles,2021-01-31,12915,957509,10307,522390,2608,435119,0,0,12004,643866,900,156346,12007,800212,California
Los Angeles,2021-02-01,37643,995152,15969,538359,21674,456793,0,0,27467,661196,10149,166495,27479,827691,California
Los Angeles,2021-02-02,43896,1039048,17757,556116,26139,482932,0,0,31801,680940,12060,178555,31804,859495,California
Los Angeles,2021-02-03,51731,1090779,19358,575474,32373,515305,0,0,37136,703713,14368,192923,37141,896636,California
Los Angeles,2021-02-04,56985,1147764,20585,596059,36400,551705,0,0,38985,725010,17693,210616,38990,935626,California
Los Angeles,2021-02-05,60702,1208466,20838,616897,39864,591569,0,0,38994,742711,21296,231912,38997,974623,California
Los Angeles,2021-02-06,35207,1243673,13138,630035,22069,613638,0,0,26858,761309,8278,240190,26876,1001499,California
Los Angeles,2021-02-07,10729,1254402,8319,638354,2410,616048,0,0,8379,767358,2335,242525,8384,1009883,California
Los Angeles,2021-02-08,46510,1300912,21364,659718,25146,641194,0,0,30482,781940,15903,258428,30485,1040368,California
Los Angeles,2021-02-09,55487,1356399,24503,684221,30984,672178,0,0,28322,783156,27113,285541,28329,1068697,California
Los Angeles,2021-02-10,66680,1423079,29311,713532,37369,709547,0,0,30968,778775,35354,320895,30973,1099670,California
Los Angeles,2021-02-11,57727,1480806,30753,744285,26974,736521,0,0,27911,777307,29383,350278,27915,1127585,California
Los Angeles,2021-02-12,59314,1540120,29692,773977,29622,766143,0,0,25879,770093,33108,383386,25894,1153479,California
Los Angeles,2021-02-13,33676,1573796,19554,793531,14122,780265,0,0,15715,767954,17889,401275,15750,1169229,California
Los Angeles,2021-02-14,21843,1595639,14969,808500,6874,787139,0,0,8796,763765,12993,414268,8804,1178033,California
Los Angeles,2021-02-15,32170,1627809,15751,824251,16419,803558,0,0,17669,766983,14455,428723,17673,1195706,California
Los Angeles,2021-02-16,63560,1691369,32285,856536,31275,834833,0,0,29845,763202,33641,462364,29860,1225566,California
Los Angeles,2021-02-17,63561,1754930,34054,890590,29507,864340,0,0,26363,752531,37041,499405,26370,1251936,California
Los Angeles,2021-02-18,67354,1822284,34101,924691,33253,897593,0,0,28162,741728,38974,538379,28171,1280107,California
Los Angeles,2021-02-19,56353,1878637,34566,959257,21787,919380,0,0,28143,741781,28115,566494,28168,1308275,California
Los Angeles,2021-02-20,31578,1910215,23505,982762,8073,927453,0,0,15381,741000,16167,582661,15386,1323661,California
Los Angeles,2021-02-21,15497,1925712,13886,996648,1611,929064,0,0,8099,741718,7382,590043,8100,1331761,California
Los Angeles,2021-02-22,33677,1959389,24509,1021157,9168,938232,0,0,17536,743197,16078,606121,17557,1349318,California
Los Angeles,2021-02-23,53072,2012461,22568,1043725,30504,968736,0,0,21030,732298,31952,638073,21053,1370371,California
Los Angeles,2021-02-24,63527,2075988,27827,1071552,35700,1004436,0,0,28137,725197,35254,673327,28153,1398524,California
Los Angeles,2021-02-25,72358,2148346,33244,1104796,39114,1043550,0,0,38092,729173,34134,707461,38110,1436634,California
Los Angeles,2021-02-26,81958,2230304,38165,1142961,43793,1087343,0,0,47025,741487,34731,742192,47045,1483679,California
Los Angeles,2021-02-27,58102,2288406,24664,1167625,33437,1120780,1,1,29823,743176,28156,770348,29845,1513524,California
Los Angeles,2021-02-28,26525,2314931,18351,1185976,8174,1128954,0,1,18758,754227,7713,778061,18764,1532288,California
Los Angeles,2021-03-01,54463,2369394,30439,1216415,24019,1152973,5,6,33022,765949,21324,799385,33046,1565334,California
Los Angeles,2021-03-02,69133,2438527,30523,1246938,38609,1191582,1,7,42274,781489,26748,826133,42288,1607622,California
Los Angeles,2021-03-03,78121,2516648,39162,1286100,38958,1230540,1,8,48518,800602,29450,855583,48563,1656185,California
Los Angeles,2021-03-04,82572,2599220,43586,1329686,38981,1269521,5,13,52768,823758,29634,885217,52790,1708975,California
Los Angeles,2021-03-05,76766,2675986,38010,1367696,38736,1308257,20,33,52435,852074,24174,909391,52490,1761465,California
Los Angeles,2021-03-06,58312,2734298,30131,1397827,26426,1334683,1755,1788,38340,872339,19852,929243,40117,1801582,California
Los Angeles,2021-03-07,23741,2758039,18698,1416525,4281,1338964,762,2550,18832,887046,4894,934137,19601,1821183,California
Los Angeles,2021-03-08,48156,2806195,25236,1441761,21170,1360134,1750,4300,36310,913338,11780,945917,38072,1859255,California
Los Angeles,2021-03-09,65182,2871377,24661,1466422,37264,1397398,3257,7557,38731,928996,26344,972261,42002,1901257,California
Los Angeles,2021-03-10,73955,2945332,35904,1502326,33554,1430952,4497,12054,45820,951310,28010,1000271,50324,1951581,California
Los Angeles,2021-03-11,84152,3029484,40620,1542946,37650,1468602,5882,17936,48503,970188,35515,1035786,54393,2005974,California
Los Angeles,2021-03-12,82849,3112333,37935,1580881,32241,1500843,12673,30609,47610,995361,35114,1070900,60287,2066261,California
Los Angeles,2021-03-13,61643,3173976,30494,1611375,19982,1520825,11167,41776,35723,1016410,25852,1096752,46901,2113162,California
Los Angeles,2021-03-14,32542,3206518,23066,1634441,7149,1527974,2327,44103,22485,1031211,10018,1106770,24819,2137981,California
Los Angeles,2021-03-15,71564,3278082,34532,1668973,31789,1559763,5243,49346,43691,1052421,27735,1134505,48945,2186926,California
Los Angeles,2021-03-16,93367,3371449,41426,1710399,46538,1606301,5403,54749,60406,1085432,32810,1167315,65821,2252747,California
Los Angeles,2021-03-17,87750,3459199,40742,1751141,39578,1645879,7430,62179,58653,1122565,28950,1196265,66083,2318830,California
Los Angeles,2021-03-18,80747,3539946,39567,1790708,36563,1682442,4617,66796,50084,1146798,30483,1226748,54716,2373546,California
Los Angeles,2021-03-19,89019,3628965,46825,1837533,38759,1721201,3435,70231,55461,1172336,33382,1260130,58920,2432466,California
Los Angeles,2021-03-20,56139,3685104,23792,1861325,29094,1750295,3253,73484,40308,1200168,15722,1275852,43554,2476020,California
Los Angeles,2021-03-21,32163,3717267,23570,1884895,7794,1758089,799,74283,21183,1211226,10926,1286778,21984,2498004,California
Los Angeles,2021-03-22,66568,3783835,39462,1924357,25199,1783288,1907,76190,47508,1241790,18898,1305676,49462,2547466,California
Los Angeles,2021-03-23,90613,3874448,49213,1973570,38537,1821825,2863,79053,60374,1275099,30048,1335724,63357,2610823,California
Los Angeles,2021-03-24,97770,3972218,52699,2026269,42280,1864105,2791,81844,58526,1297583,39019,1374743,61503,2672326,California
Los Angeles,2021-03-25,101376,4073594,53454,2079723,44542,1908647,3380,85224,58631,1317511,42535,1417278,62463,2734789,California
Los Angeles,2021-03-26,105166,4178760,56158,2135881,45031,1953678,3977,89201,60624,1339135,44363,1461641,65987,2800776,California
Los Angeles,2021-03-27,74653,4253413,37919,2173800,34639,1988317,2095,91296,38713,1345361,35769,1497410,41995,2842771,California
Los Angeles,2021-03-28,40217,4293630,26949,2200749,12690,2001007,578,91874,20500,1346908,19673,1517083,21220,2863991,California
Los Angeles,2021-03-29,45264,4338894,30154,2230903,13837,2014844,1273,93147,23312,1349808,21907,1538990,24807,2888798,California
Madera,2020-12-16,22,22,22,22,0,0,0,0,22,22,0,0,22,22,California
Madera,2020-12-17,12,34,12,34,0,0,0,0,12,34,0,0,12,34,California
Madera,2020-12-18,61,95,61,95,0,0,0,0,61,95,0,0,61,95,California
Madera,2020-12-19,6,101,6,101,0,0,0,0,6,101,0,0,6,101,California
Madera,2020-12-20,14,115,14,115,0,0,0,0,14,115,0,0,14,115,California
Madera,2020-12-21,61,176,61,176,0,0,0,0,61,176,0,0,61,176,California
Madera,2020-12-22,98,274,96,272,2,2,0,0,98,274,0,0,98,274,California
Madera,2020-12-23,68,342,68,340,0,2,0,0,68,342,0,0,68,342,California
Madera,2020-12-24,44,386,39,379,5,7,0,0,44,386,0,0,44,386,California
Madera,2020-12-26,28,414,26,405,2,9,0,0,28,414,0,0,28,414,California
Madera,2020-12-27,31,445,12,417,19,28,0,0,31,445,0,0,31,445,California
Madera,2020-12-28,107,552,36,453,71,99,0,0,107,552,0,0,107,552,California
Madera,2020-12-29,170,722,36,489,134,233,0,0,170,722,0,0,170,722,California
Madera,2020-12-30,216,938,85,574,131,364,0,0,216,938,0,0,216,938,California
Madera,2020-12-31,203,1141,80,654,123,487,0,0,203,1141,0,0,203,1141,California
Madera,2021-01-02,76,1217,21,675,55,542,0,0,76,1217,0,0,76,1217,California
Madera,2021-01-03,5,1222,5,680,0,542,0,0,5,1222,0,0,5,1222,California
Madera,2021-01-04,129,1351,64,744,65,607,0,0,129,1351,0,0,129,1351,California
Madera,2021-01-05,274,1625,138,882,136,743,0,0,269,1615,5,5,269,1620,California
Madera,2021-01-06,185,1810,27,909,158,901,0,0,165,1760,20,25,165,1785,California
Madera,2021-01-07,340,2150,56,965,284,1185,0,0,319,2058,21,46,319,2104,California
Madera,2021-01-08,413,2563,70,1035,343,1528,0,0,358,2363,54,100,359,2463,California
Madera,2021-01-09,37,2600,14,1049,23,1551,0,0,28,2382,9,109,28,2491,California
Madera,2021-01-10,18,2618,15,1064,3,1554,0,0,5,2374,13,122,5,2496,California
Madera,2021-01-11,225,2843,177,1241,48,1602,0,0,183,2515,42,164,183,2679,California
Madera,2021-01-12,394,3237,160,1401,234,1836,0,0,286,2693,108,272,286,2965,California
Madera,2021-01-13,181,3418,90,1491,91,1927,0,0,125,2762,56,328,125,3090,California
Madera,2021-01-14,555,3973,80,1571,475,2402,0,0,522,3251,33,361,522,3612,California
Madera,2021-01-15,593,4566,159,1730,434,2836,0,0,573,3804,20,381,573,4185,California
Madera,2021-01-16,374,4940,46,1776,328,3164,0,0,345,4120,29,410,345,4530,California
Madera,2021-01-17,327,5267,7,1783,320,3484,0,0,322,4438,5,415,323,4853,California
Madera,2021-01-18,73,5340,57,1840,16,3500,0,0,54,4474,18,433,54,4907,California
Madera,2021-01-19,558,5898,128,1968,430,3930,0,0,531,4979,27,460,532,5439,California
Madera,2021-01-20,234,6132,78,2046,156,4086,0,0,207,5160,26,486,207,5646,California
Madera,2021-01-21,236,6368,125,2171,111,4197,0,0,202,5330,32,518,202,5848,California
Madera,2021-01-22,255,6623,83,2254,172,4369,0,0,242,5559,13,531,242,6090,California
Madera,2021-01-23,101,6724,52,2306,49,4418,0,0,77,5613,24,555,78,6168,California
Madera,2021-01-24,100,6824,81,2387,19,4437,0,0,76,5665,24,579,76,6244,California
Madera,2021-01-25,253,7077,121,2508,132,4569,0,0,141,5694,112,691,141,6385,California
Madera,2021-01-26,479,7556,188,2696,291,4860,0,0,292,5802,186,877,294,6679,California
Madera,2021-01-27,734,8290,62,2758,672,5532,0,0,598,6265,136,1013,599,7278,California
Madera,2021-01-28,537,8827,101,2859,436,5968,0,0,433,6594,104,1117,433,7711,California
Madera,2021-01-29,467,9294,95,2954,372,6340,0,0,410,6947,57,1174,410,8121,California
Madera,2021-01-30,507,9801,15,2969,492,6832,0,0,453,7346,54,1228,453,8574,California
Madera,2021-01-31,9,9810,6,2975,3,6835,0,0,8,7353,1,1229,8,8582,California
Madera,2021-02-01,257,10067,71,3046,186,7021,0,0,199,7495,58,1287,200,8782,California
Madera,2021-02-02,247,10314,84,3130,163,7184,0,0,159,7567,87,1374,159,8941,California
Madera,2021-02-03,588,10902,453,3583,135,7319,0,0,474,7930,112,1486,475,9416,California
Madera,2021-02-04,386,11288,121,3704,265,7584,0,0,112,7770,273,1759,113,9529,California
Madera,2021-02-05,967,12255,295,3999,672,8256,0,0,361,7531,601,2360,362,9891,California
Madera,2021-02-06,355,12610,322,4321,33,8289,0,0,318,7813,36,2396,318,10209,California
Madera,2021-02-07,36,12646,7,4328,29,8318,0,0,31,7839,5,2401,31,10240,California
Madera,2021-02-08,378,13024,304,4632,74,8392,0,0,267,7996,110,2511,267,10507,California
Madera,2021-02-09,475,13499,116,4748,359,8751,0,0,195,7915,277,2788,196,10703,California
Madera,2021-02-10,423,13922,151,4899,272,9023,0,0,323,8138,100,2888,323,11026,California
Madera,2021-02-11,924,14846,299,5198,625,9648,0,0,397,8012,525,3413,399,11425,California
Madera,2021-02-12,840,15686,119,5317,721,10369,0,0,303,7790,531,3944,309,11734,California
Madera,2021-02-13,477,16163,45,5362,432,10801,0,0,137,7590,339,4283,139,11873,California
Madera,2021-02-14,398,16561,75,5437,323,11124,0,0,102,7432,295,4578,137,12010,California
Madera,2021-02-15,230,16791,92,5529,138,11262,0,0,148,7517,82,4660,167,12177,California
Madera,2021-02-16,771,17562,184,5713,587,11849,0,0,227,7205,542,5202,230,12407,California
Madera,2021-02-17,603,18165,267,5980,336,12185,0,0,333,7275,265,5467,335,12742,California
Madera,2021-02-18,1281,19446,527,6507,754,12939,0,0,1110,8215,171,5638,1111,13853,California
Madera,2021-02-19,860,20306,547,7054,313,13252,0,0,712,8786,148,5786,719,14572,California
Madera,2021-02-20,1071,21377,977,8031,94,13346,0,0,998,9714,71,5857,999,15571,California
Madera,2021-02-21,952,22329,816,8847,136,13482,0,0,946,10654,6,5863,946,16517,California
Madera,2021-02-22,905,23234,831,9678,74,13556,0,0,851,11451,54,5917,851,17368,California
Madera,2021-02-23,728,23962,461,10139,267,13823,0,0,517,11759,210,6127,518,17886,California
Madera,2021-02-24,902,24864,301,10440,601,14424,0,0,372,11601,530,6657,372,18258,California
Madera,2021-02-25,1018,25882,308,10748,710,15134,0,0,587,11758,430,7087,587,18845,California
Madera,2021-02-26,1067,26949,188,10936,879,16013,0,0,690,12077,375,7462,694,19539,California
Madera,2021-02-27,863,27812,242,11178,621,16634,0,0,412,12076,448,7910,447,19986,California
Madera,2021-02-28,188,28000,30,11208,158,16792,0,0,182,12252,6,7916,182,20168,California
Madera,2021-03-01,362,28362,113,11321,249,17041,0,0,186,12265,174,8090,187,20355,California
Madera,2021-03-02,627,28989,265,11586,362,17403,0,0,515,12671,111,8201,517,20872,California
Madera,2021-03-03,1182,30171,666,12252,516,17919,0,0,791,13093,388,8589,810,21682,California
Madera,2021-03-04,1105,31276,467,12719,638,18557,0,0,860,13718,244,8833,869,22551,California
Madera,2021-03-05,1204,32480,388,13107,804,19361,12,12,950,14434,252,9085,968,23519,California
Madera,2021-03-06,673,33153,499,13606,144,19505,30,42,452,14696,221,9306,483,24002,California
Madera,2021-03-07,153,33306,26,13632,105,19610,22,64,103,14771,50,9356,125,24127,California
Madera,2021-03-08,564,33870,315,13947,195,19805,54,118,284,14831,280,9636,340,24467,California
Madera,2021-03-09,423,34293,153,14100,234,20039,36,154,259,14970,163,9799,302,24769,California
Madera,2021-03-10,1059,35352,490,14590,519,20558,50,204,669,15303,387,10186,720,25489,California
Madera,2021-03-11,1545,36897,771,15361,462,21020,312,516,679,15441,865,11051,1003,26492,California
Madera,2021-03-12,1386,38283,727,16088,520,21540,139,655,666,15556,717,11768,832,27324,California
Madera,2021-03-13,1691,39974,1234,17322,269,21809,188,843,668,15410,1021,12789,875,28199,California
Madera,2021-03-14,526,40500,440,17762,53,21862,33,876,274,15467,251,13040,308,28507,California
Madera,2021-03-15,718,41218,214,17976,460,22322,44,920,499,15825,218,13258,576,29083,California
Madera,2021-03-16,786,42004,417,18393,322,22644,47,967,612,16330,172,13430,677,29760,California
Madera,2021-03-17,1350,43354,900,19293,405,23049,45,1012,824,16773,517,13947,960,30720,California
Madera,2021-03-18,1547,44901,556,19849,941,23990,50,1062,740,16829,805,14752,861,31581,California
Madera,2021-03-19,1275,46176,510,20359,703,24693,62,1124,811,17297,463,15215,931,32512,California
Madera,2021-03-20,858,47034,625,20984,203,24896,30,1154,408,17328,449,15664,480,32992,California
Madera,2021-03-21,1039,48073,855,21839,139,25035,45,1199,344,17026,692,16356,390,33382,California
Madera,2021-03-22,1307,49380,838,22677,403,25438,66,1265,631,17101,668,17024,743,34125,California
Madera,2021-03-23,1361,50741,822,23499,439,25877,100,1365,704,17334,655,17679,888,35013,California
Madera,2021-03-24,871,51612,466,23965,376,26253,29,1394,575,17664,295,17974,625,35638,California
Madera,2021-03-25,1050,52662,466,24431,565,26818,19,1413,603,17889,438,18412,663,36301,California
Madera,2021-03-26,1357,54019,501,24932,727,27545,129,1542,653,17975,702,19114,788,37089,California
Madera,2021-03-27,825,54844,522,25454,281,27826,22,1564,376,17943,443,19557,411,37500,California
Madera,2021-03-28,355,55199,132,25586,217,28043,6,1570,223,18094,131,19688,282,37782,California
Madera,2021-03-29,412,55611,61,25647,330,28373,21,1591,326,18361,84,19772,351,38133,California
Marin,2020-12-15,2,2,2,2,0,0,0,0,2,2,0,0,2,2,California
Marin,2020-12-16,107,109,107,109,0,0,0,0,107,109,0,0,107,109,California
Marin,2020-12-17,259,368,259,368,0,0,0,0,259,368,0,0,259,368,California
Marin,2020-12-18,372,740,372,740,0,0,0,0,372,740,0,0,372,740,California
Marin,2020-12-19,348,1088,347,1087,1,1,0,0,348,1088,0,0,348,1088,California
Marin,2020-12-20,167,1255,166,1253,1,2,0,0,167,1255,0,0,167,1255,California
Marin,2020-12-21,239,1494,236,1489,3,5,0,0,239,1494,0,0,239,1494,California
Marin,2020-12-22,520,2014,317,1806,203,208,0,0,520,2014,0,0,520,2014,California
Marin,2020-12-23,731,2745,323,2129,408,616,0,0,731,2745,0,0,731,2745,California
Marin,2020-12-24,356,3101,160,2289,196,812,0,0,356,3101,0,0,356,3101,California
Marin,2020-12-25,27,3128,0,2289,27,839,0,0,27,3128,0,0,27,3128,California
Marin,2020-12-26,140,3268,92,2381,48,887,0,0,140,3268,0,0,140,3268,California
Marin,2020-12-27,93,3361,56,2437,37,924,0,0,93,3361,0,0,93,3361,California
Marin,2020-12-28,408,3769,99,2536,309,1233,0,0,408,3769,0,0,408,3769,California
Marin,2020-12-29,397,4166,86,2622,311,1544,0,0,397,4166,0,0,397,4166,California
Marin,2020-12-30,624,4790,387,3009,237,1781,0,0,624,4790,0,0,624,4790,California
Marin,2020-12-31,200,4990,33,3042,167,1948,0,0,200,4990,0,0,200,4990,California
Marin,2021-01-01,7,4997,4,3046,3,1951,0,0,7,4997,0,0,7,4997,California
Marin,2021-01-02,104,5101,98,3144,6,1957,0,0,104,5101,0,0,104,5101,California
Marin,2021-01-03,55,5156,37,3181,18,1975,0,0,52,5153,0,0,52,5153,California
Marin,2021-01-04,286,5442,185,3366,101,2076,0,0,285,5437,1,1,285,5438,California
Marin,2021-01-05,366,5808,223,3589,143,2219,0,0,323,5717,43,44,323,5761,California
Marin,2021-01-06,822,6630,316,3905,506,2725,0,0,645,6186,176,220,645,6406,California
Marin,2021-01-07,892,7522,502,4407,390,3115,0,0,544,6382,348,568,544,6950,California
Marin,2021-01-08,966,8488,509,4916,457,3572,0,0,593,6603,372,940,593,7543,California
Marin,2021-01-09,617,9105,221,5137,396,3968,0,0,488,6962,129,1069,488,8031,California
Marin,2021-01-10,126,9231,97,5234,29,3997,0,0,51,6938,75,1144,51,8082,California
Marin,2021-01-11,466,9697,325,5559,141,4138,0,0,251,6974,215,1359,251,8333,California
Marin,2021-01-12,940,10637,541,6100,399,4537,0,0,567,7171,370,1729,567,8900,California
Marin,2021-01-13,1175,11812,496,6596,679,5216,0,0,936,7868,239,1968,936,9836,California
Marin,2021-01-14,1071,12883,325,6921,746,5962,0,0,918,8635,151,2119,918,10754,California
Marin,2021-01-15,1150,14033,354,7275,796,6758,0,0,1020,9527,129,2248,1021,11775,California
Marin,2021-01-16,1110,15143,907,8182,203,6961,0,0,1036,10489,74,2322,1036,12811,California
Marin,2021-01-17,1237,16380,1117,9299,120,7081,0,0,1209,11674,27,2349,1212,14023,California
Marin,2021-01-18,360,16740,160,9459,200,7281,0,0,309,11932,51,2400,309,14332,California
Marin,2021-01-19,1145,17885,907,10366,238,7519,0,0,977,12742,167,2567,977,15309,California
Marin,2021-01-20,1780,19665,1207,11573,573,8092,0,0,1051,13076,718,3285,1052,16361,California
Marin,2021-01-21,1681,21346,1065,12638,616,8708,0,0,1329,14059,349,3634,1332,17693,California
Marin,2021-01-22,1687,23033,1079,13717,608,9316,0,0,1522,15416,165,3799,1522,19215,California
Marin,2021-01-23,1850,24883,1348,15065,502,9818,0,0,1766,17098,84,3883,1766,20981,California
Marin,2021-01-24,611,25494,163,15228,448,10266,0,0,579,17645,32,3915,579,21560,California
Marin,2021-01-25,1114,26608,224,15452,890,11156,0,0,684,17902,430,4345,687,22247,California
Marin,2021-01-26,1496,28104,776,16228,720,11876,0,0,1120,18647,375,4720,1120,23367,California
Marin,2021-01-27,1685,29789,863,17091,822,12698,0,0,1334,19634,348,5068,1335,24702,California
Marin,2021-01-28,2048,31837,1042,18133,1006,13704,0,0,1781,21150,266,5334,1782,26484,California
Marin,2021-01-29,2182,34019,1432,19565,750,14454,0,0,1988,22956,183,5517,1989,28473,California
Marin,2021-01-30,1713,35732,894,20459,819,15273,0,0,1636,24516,77,5594,1637,30110,California
Marin,2021-01-31,452,36184,316,20775,136,15409,0,0,427,24918,25,5619,427,30537,California
Marin,2021-02-01,1082,37266,416,21191,666,16075,0,0,884,25604,198,5817,884,31421,California
Marin,2021-02-02,1346,38612,457,21648,889,16964,0,0,721,25710,615,6432,721,32142,California
Marin,2021-02-03,1760,40372,415,22063,1345,18309,0,0,1238,26427,521,6953,1238,33380,California
Marin,2021-02-04,1532,41904,509,22572,1023,19332,0,0,931,26760,598,7551,931,34311,California
Marin,2021-02-05,2159,44063,671,23243,1488,20820,0,0,1321,27248,834,8385,1322,35633,California
Marin,2021-02-06,1423,45486,852,24095,571,21391,0,0,599,27024,823,9208,599,36232,California
Marin,2021-02-07,1289,46775,1005,25100,284,21675,0,0,487,26710,801,10009,487,36719,California
Marin,2021-02-08,1521,48296,754,25854,767,22442,0,0,728,26647,791,10800,728,37447,California
Marin,2021-02-09,1770,50066,1116,26970,654,23096,0,0,823,26524,946,11746,823,38270,California
Marin,2021-02-10,2329,52395,1490,28460,839,23935,0,0,1216,26630,1111,12857,1217,39487,California
Marin,2021-02-11,2854,55249,1638,30098,1216,25151,0,0,1446,26675,1403,14260,1448,40935,California
Marin,2021-02-12,3050,58299,1539,31637,1511,26662,0,0,1555,26737,1493,15753,1555,42490,California
Marin,2021-02-13,2342,60641,1242,32879,1100,27762,0,0,1132,26661,1208,16961,1132,43622,California
Marin,2021-02-14,805,61446,298,33177,507,28269,0,0,716,27288,89,17050,716,44338,California
Marin,2021-02-15,1208,62654,355,33532,853,29122,0,0,831,27742,377,17427,831,45169,California
Marin,2021-02-16,2458,65112,1053,34585,1405,30527,0,0,1500,28285,957,18384,1500,46669,California
Marin,2021-02-17,2077,67189,926,35511,1151,31678,0,0,1087,28384,989,19373,1088,47757,California
Marin,2021-02-18,2386,69575,1547,37058,839,32517,0,0,1059,28118,1326,20699,1060,48817,California
Marin,2021-02-19,2740,72315,2148,39206,592,33109,0,0,1213,27816,1516,22215,1214,50031,California
Marin,2021-02-20,2566,74881,2111,41317,455,33564,0,0,1224,27701,1339,23554,1224,51255,California
Marin,2021-02-21,1251,76132,1061,42378,190,33754,0,0,891,28235,357,23911,891,52146,California
Marin,2021-02-22,1788,77920,1377,43755,411,34165,0,0,1201,28850,586,24497,1201,53347,California
Marin,2021-02-23,2821,80741,1606,45361,1215,35380,0,0,1901,29840,911,25408,1901,55248,California
Marin,2021-02-24,3460,84201,1586,46947,1874,37254,0,0,2225,30837,1228,26636,2225,57473,California
Marin,2021-02-25,3888,88089,1795,48742,2093,39347,0,0,2731,32420,1149,27785,2732,60205,California
Marin,2021-02-26,3464,91553,1870,50612,1594,40941,0,0,2525,34016,929,28714,2525,62730,California
Marin,2021-02-27,2609,94162,1495,52107,1114,42055,0,0,1774,34958,833,29547,1775,64505,California
Marin,2021-02-28,1376,95538,917,53024,459,42514,0,0,1043,35670,331,29878,1043,65548,California
Marin,2021-03-01,2421,97959,1491,54515,930,43444,0,0,1622,36499,793,30671,1622,67170,California
Marin,2021-03-02,2394,100353,1570,56085,823,44267,1,1,1661,37431,731,31402,1663,68833,California
Marin,2021-03-03,3917,104270,2153,58238,1764,46031,0,1,2516,38552,1397,32799,2518,71351,California
Marin,2021-03-04,2886,107156,1363,59601,1523,47554,0,1,2075,39828,805,33604,2081,73432,California
Marin,2021-03-05,2550,109706,813,60414,1725,49279,12,13,1496,40288,1053,34657,1513,74945,California
Marin,2021-03-06,2448,112154,1684,62098,688,49967,76,89,1968,41861,471,35128,2044,76989,California
Marin,2021-03-07,1361,113515,1150,63248,188,50155,23,112,978,42481,381,35509,1001,77990,California
Marin,2021-03-08,1469,114984,1004,64252,370,50525,95,207,1028,43169,439,35948,1127,79117,California
Marin,2021-03-09,2036,117020,1192,65444,735,51260,109,316,1385,44012,651,36599,1494,80611,California
Marin,2021-03-10,4205,121225,2381,67825,1532,52792,292,608,2989,46080,1214,37813,3282,83893,California
Marin,2021-03-11,4328,125553,1734,69559,2461,55253,133,741,3077,48045,1244,39057,3209,87102,California
Marin,2021-03-12,3695,129248,1435,70994,1923,57176,337,1078,1440,47574,2245,41302,1774,88876,California
Marin,2021-03-13,3865,133113,2751,73745,1056,58232,58,1136,2308,48389,1549,42851,2364,91240,California
Marin,2021-03-14,2109,135222,1061,74806,940,59172,108,1244,698,47787,1410,44261,808,92048,California
Marin,2021-03-15,3226,138448,1760,76566,1415,60587,51,1295,1227,47070,1994,46255,1277,93325,California
Marin,2021-03-16,4270,142718,2288,78854,1618,62205,364,1659,1508,46182,2759,49014,1871,95196,California
Marin,2021-03-17,3948,146666,2159,81013,1747,63952,42,1701,1897,46081,2041,51055,1940,97136,California
Marin,2021-03-18,3669,150335,1824,82837,1798,65750,47,1748,1887,46244,1770,52825,1933,99069,California
Marin,2021-03-19,3105,153440,1698,84535,1292,67042,115,1863,1696,46653,1402,54227,1811,100880,California
Marin,2021-03-20,2658,156098,1380,85915,1208,68250,70,1933,1627,47327,1023,55250,1697,102577,California
Marin,2021-03-21,1495,157593,1102,87017,368,68618,25,1958,772,47403,721,55971,797,103374,California
Marin,2021-03-22,2428,160021,2080,89097,177,68795,171,2129,986,47131,1437,57408,1165,104539,California
Marin,2021-03-23,4156,164177,2141,91238,1892,70687,123,2252,1884,46894,2267,59675,2030,106569,California
Marin,2021-03-24,4363,168540,2851,94089,1408,72095,104,2356,1804,46384,2552,62227,2042,108611,California
Marin,2021-03-25,4514,173054,2737,96826,1709,73804,68,2424,2212,46556,2289,64516,2461,111072,California
Marin,2021-03-26,4163,177217,2246,99072,1706,75510,211,2635,2360,47561,1785,66301,2790,113862,California
Marin,2021-03-27,3582,180799,2557,101629,1010,76520,15,2650,1119,46746,2457,68758,1642,115504,California
Marin,2021-03-28,2325,183124,1678,103307,641,77161,6,2656,1071,46577,1249,70007,1080,116584,California
Marin,2021-03-29,2018,185142,1719,105026,288,77449,11,2667,1156,46889,861,70868,1173,117757,California
Mariposa,2020-12-17,2,2,2,2,0,0,0,0,38,38,0,0,38,38,California
Mariposa,2020-12-18,5,7,5,7,0,0,0,0,56,94,0,0,56,94,California
Mariposa,2020-12-20,2,9,2,9,0,0,0,0,2,96,0,0,2,96,California
Mariposa,2020-12-21,3,12,3,12,0,0,0,0,45,141,0,0,45,141,California
Mariposa,2020-12-22,2,14,2,14,0,0,0,0,2,143,0,0,2,143,California
Mariposa,2020-12-23,10,24,10,24,0,0,0,0,1,144,0,0,1,144,California
Mariposa,2020-12-24,1,25,0,24,1,1,0,0,0,144,0,0,0,144,California
Mariposa,2020-12-26,1,26,1,25,0,1,0,0,1,145,0,0,1,145,California
Mariposa,2020-12-27,1,27,0,25,1,2,0,0,1,146,0,0,1,146,California
Mariposa,2020-12-28,3,30,1,26,2,4,0,0,3,149,0,0,3,149,California
Mariposa,2020-12-29,33,63,1,27,32,36,0,0,33,182,0,0,33,182,California
Mariposa,2020-12-30,21,84,0,27,21,57,0,0,21,203,0,0,21,203,California
Mariposa,2020-12-31,22,106,0,27,22,79,0,0,22,225,0,0,22,225,California
Mariposa,2021-01-04,9,115,1,28,8,87,0,0,9,234,0,0,9,234,California
Mariposa,2021-01-05,24,139,14,42,10,97,0,0,12,236,10,10,12,246,California
Mariposa,2021-01-06,5,144,3,45,2,99,0,0,2,235,3,13,2,248,California
Mariposa,2021-01-07,49,193,47,92,2,101,0,0,2,190,47,60,2,250,California
Mariposa,2021-01-08,109,302,81,173,28,129,0,0,33,147,76,136,33,283,California
Mariposa,2021-01-09,1,303,0,173,1,130,0,0,1,148,0,136,1,284,California
Mariposa,2021-01-11,24,327,3,176,21,151,0,0,22,168,2,138,22,306,California
Mariposa,2021-01-12,21,348,3,179,18,169,0,0,18,183,3,141,18,324,California
Mariposa,2021-01-13,22,370,1,180,21,190,0,0,21,203,1,142,21,345,California
Mariposa,2021-01-14,94,464,1,181,93,283,0,0,94,297,0,142,94,439,California
Mariposa,2021-01-15,46,510,1,182,45,328,0,0,45,341,1,143,45,484,California
Mariposa,2021-01-16,19,529,2,184,17,345,0,0,18,358,1,144,18,502,California
Mariposa,2021-01-17,2,531,0,184,2,347,0,0,2,360,0,144,2,504,California
Mariposa,2021-01-18,2,533,2,186,0,347,0,0,1,360,1,145,1,505,California
Mariposa,2021-01-19,1,534,0,186,1,348,0,0,1,361,0,145,1,506,California
Mariposa,2021-01-20,26,560,0,186,26,374,0,0,25,386,0,145,25,531,California
Mariposa,2021-01-21,87,647,1,187,86,460,0,0,87,473,0,145,87,618,California
Mariposa,2021-01-22,77,724,1,188,76,536,0,0,77,550,0,145,77,695,California
Mariposa,2021-01-23,125,849,0,188,125,661,0,0,124,674,0,145,124,819,California
Mariposa,2021-01-25,3,852,1,189,2,663,0,0,0,671,3,148,0,819,California
Mariposa,2021-01-26,32,884,2,191,30,693,0,0,3,649,29,177,7,826,California
Mariposa,2021-01-27,34,918,1,192,33,726,0,0,26,667,8,185,26,852,California
Mariposa,2021-01-28,147,1065,2,194,145,871,0,0,133,786,14,199,133,985,California
Mariposa,2021-01-29,58,1123,0,194,58,929,0,0,58,844,0,199,58,1043,California
Mariposa,2021-01-30,3,1126,1,195,2,931,0,0,2,845,1,200,2,1045,California
Mariposa,2021-01-31,1,1127,0,195,1,932,0,0,1,846,0,200,1,1046,California
Mariposa,2021-02-01,55,1182,0,195,55,987,0,0,48,887,7,207,48,1094,California
Mariposa,2021-02-02,8,1190,0,195,8,995,0,0,2,883,6,213,2,1096,California
Mariposa,2021-02-03,26,1216,1,196,25,1020,0,0,22,901,4,217,22,1118,California
Mariposa,2021-02-04,115,1331,7,203,108,1128,0,0,108,1006,4,221,109,1227,California
Mariposa,2021-02-05,239,1570,4,207,235,1363,0,0,217,1201,22,243,217,1444,California
Mariposa,2021-02-06,2,1572,1,208,1,1364,0,0,1,1201,1,244,1,1445,California
Mariposa,2021-02-08,39,1611,1,209,38,1402,0,0,20,1202,19,263,20,1465,California
Mariposa,2021-02-09,10,1621,3,212,7,1409,0,0,5,1202,5,268,5,1470,California
Mariposa,2021-02-10,17,1638,1,213,16,1425,0,0,9,1209,8,276,15,1485,California
Mariposa,2021-02-11,378,2016,4,217,374,1799,0,0,334,1536,42,318,369,1854,California
Mariposa,2021-02-12,177,2193,1,218,176,1975,0,0,115,1607,62,380,133,1987,California
Mariposa,2021-02-13,5,2198,3,221,2,1977,0,0,4,1610,1,381,4,1991,California
Mariposa,2021-02-14,5,2203,2,223,3,1980,0,0,3,1612,2,383,4,1995,California
Mariposa,2021-02-15,8,2211,2,225,6,1986,0,0,7,1618,1,384,7,2002,California
Mariposa,2021-02-16,19,2230,2,227,17,2003,0,0,8,1625,11,395,18,2020,California
Mariposa,2021-02-17,20,2250,2,229,18,2021,0,0,9,1631,10,405,16,2036,California
Mariposa,2021-02-18,56,2306,3,232,53,2074,0,0,13,1601,43,448,13,2049,California
Mariposa,2021-02-19,74,2380,0,232,74,2148,0,0,33,1633,41,489,73,2122,California
Mariposa,2021-02-20,254,2634,4,236,250,2398,0,0,169,1770,85,574,222,2344,California
Mariposa,2021-02-21,230,2864,2,238,228,2626,0,0,229,1998,1,575,229,2573,California
Mariposa,2021-02-22,15,2879,2,240,13,2639,0,0,15,2013,0,575,15,2588,California
Mariposa,2021-02-23,5,2884,2,242,3,2642,0,0,3,2015,2,577,4,2592,California
Mariposa,2021-02-24,18,2902,1,243,17,2659,0,0,2,2001,16,593,2,2594,California
Mariposa,2021-02-25,6,2908,3,246,3,2662,0,0,3,2001,3,596,3,2597,California
Mariposa,2021-02-26,410,3318,3,249,407,3069,0,0,251,2197,159,755,355,2952,California
Mariposa,2021-02-27,153,3471,3,252,150,3219,0,0,149,2343,4,759,150,3102,California
Mariposa,2021-02-28,2,3473,1,253,1,3220,0,0,0,2341,2,761,0,3102,California
Mariposa,2021-03-01,55,3528,2,255,53,3273,0,0,7,2300,48,809,7,3109,California
Mariposa,2021-03-02,6,3534,5,260,1,3274,0,0,3,2300,3,812,3,3112,California
Mariposa,2021-03-03,65,3599,1,261,64,3338,0,0,63,2361,2,814,63,3175,California
Mariposa,2021-03-04,15,3614,5,266,10,3348,0,0,5,2359,10,824,8,3183,California
Mariposa,2021-03-05,38,3652,6,272,32,3380,0,0,27,2383,11,835,35,3218,California
Mariposa,2021-03-06,4,3656,1,273,3,3383,0,0,4,2387,0,835,4,3222,California
Mariposa,2021-03-08,36,3692,2,275,23,3406,11,11,7,2376,29,864,18,3240,California
Mariposa,2021-03-09,24,3716,2,277,11,3417,11,22,9,2381,15,879,20,3260,California
Mariposa,2021-03-10,15,3731,3,280,3,3420,9,31,3,2381,12,891,12,3272,California
Mariposa,2021-03-11,455,4186,5,285,432,3852,18,49,172,2339,282,1173,240,3512,California
Mariposa,2021-03-12,241,4427,2,287,211,4063,28,77,96,2327,145,1318,133,3645,California
Mariposa,2021-03-13,23,4450,3,290,5,4068,15,92,4,2328,19,1337,20,3665,California
Mariposa,2021-03-14,14,4464,0,290,3,4071,11,103,2,2329,12,1349,13,3678,California
Mariposa,2021-03-15,72,4536,5,295,29,4100,38,141,28,2351,44,1393,66,3744,California
Mariposa,2021-03-16,44,4580,5,300,5,4105,34,175,7,2355,37,1430,41,3785,California
Mariposa,2021-03-17,51,4631,4,304,42,4147,5,180,43,2397,8,1438,50,3835,California
Mariposa,2021-03-18,44,4675,4,308,31,4178,9,189,32,2426,12,1450,41,3876,California
Mariposa,2021-03-19,327,5002,3,311,314,4492,10,199,294,2697,33,1483,304,4180,California
Mariposa,2021-03-20,418,5420,3,314,414,4906,1,200,45,2372,373,1856,48,4228,California
Mariposa,2021-03-21,8,5428,7,321,0,4906,1,201,5,2375,3,1859,6,4234,California
Mariposa,2021-03-22,35,5463,5,326,19,4925,11,212,21,2395,14,1873,34,4268,California
Mariposa,2021-03-23,19,5482,4,330,2,4927,13,225,2,2393,17,1890,15,4283,California
Mariposa,2021-03-24,9,5491,1,331,6,4933,2,227,7,2400,2,1892,9,4292,California
Mariposa,2021-03-25,6,5497,4,335,2,4935,0,227,2,2398,4,1896,2,4294,California
Mariposa,2021-03-26,41,5538,9,344,30,4965,2,229,26,2411,15,1911,28,4322,California
Mariposa,2021-03-27,7,5545,3,347,4,4969,0,229,2,2409,5,1916,3,4325,California
Mariposa,2021-03-28,2,5547,0,347,1,4970,1,230,0,2408,2,1918,1,4326,California
Mariposa,2021-03-29,11,5558,1,348,10,4980,0,230,5,2407,6,1924,5,4331,California
Mendocino,2020-12-17,70,70,70,70,0,0,0,0,70,70,0,0,70,70,California
Mendocino,2020-12-18,86,156,85,155,1,1,0,0,85,155,0,0,85,155,California
Mendocino,2020-12-19,3,159,3,158,0,1,0,0,3,158,0,0,3,158,California
Mendocino,2020-12-20,7,166,7,165,0,1,0,0,7,165,0,0,7,165,California
Mendocino,2020-12-21,245,411,245,410,0,1,0,0,76,241,0,0,76,241,California
Mendocino,2020-12-22,248,659,188,598,60,61,0,0,248,489,0,0,248,489,California
Mendocino,2020-12-23,272,931,48,646,224,285,0,0,271,760,0,0,271,760,California
Mendocino,2020-12-24,49,980,8,654,41,326,0,0,49,809,0,0,49,809,California
Mendocino,2020-12-25,1,981,0,654,1,327,0,0,1,810,0,0,1,810,California
Mendocino,2020-12-26,2,983,2,656,0,327,0,0,2,812,0,0,2,812,California
Mendocino,2020-12-27,1,984,0,656,1,328,0,0,1,813,0,0,1,813,California
Mendocino,2020-12-28,73,1057,8,664,65,393,0,0,73,886,0,0,73,886,California
Mendocino,2020-12-29,120,1177,60,724,60,453,0,0,120,1006,0,0,120,1006,California
Mendocino,2020-12-30,120,1297,66,790,54,507,0,0,120,1126,0,0,120,1126,California
Mendocino,2020-12-31,129,1426,94,884,35,542,0,0,129,1255,0,0,129,1255,California
Mendocino,2021-01-01,4,1430,2,886,2,544,0,0,4,1259,0,0,4,1259,California
Mendocino,2021-01-02,1,1431,1,887,0,544,0,0,1,1260,0,0,1,1260,California
Mendocino,2021-01-04,837,2268,15,902,822,1366,0,0,837,2097,0,0,837,2097,California
Mendocino,2021-01-05,71,2339,35,937,36,1402,0,0,58,2142,13,13,58,2155,California
Mendocino,2021-01-06,150,2489,129,1066,21,1423,0,0,140,2272,10,23,140,2295,California
Mendocino,2021-01-07,356,2845,237,1303,119,1542,0,0,293,2502,63,86,293,2588,California
Mendocino,2021-01-08,95,2940,82,1385,13,1555,0,0,41,2490,54,140,42,2630,California
Mendocino,2021-01-09,8,2948,4,1389,4,1559,0,0,6,2494,2,142,6,2636,California
Mendocino,2021-01-10,8,2956,8,1397,0,1559,0,0,1,2488,7,149,1,2637,California
Mendocino,2021-01-11,99,3055,90,1487,9,1568,0,0,41,2472,57,206,41,2678,California
Mendocino,2021-01-12,387,3442,376,1863,11,1579,0,0,272,2629,115,321,272,2950,California
Mendocino,2021-01-13,479,3921,144,2007,335,1914,0,0,439,3031,38,359,440,3390,California
Mendocino,2021-01-14,627,4548,20,2027,607,2521,0,0,618,3640,9,368,618,4008,California
Mendocino,2021-01-15,1852,6400,859,2886,993,3514,0,0,1847,5483,5,373,1848,5856,California
Mendocino,2021-01-16,784,7184,51,2937,733,4247,0,0,782,6263,2,375,782,6638,California
Mendocino,2021-01-17,553,7737,1,2938,552,4799,0,0,552,6814,1,376,552,7190,California
Mendocino,2021-01-18,488,8225,463,3401,25,4824,0,0,476,7278,12,388,476,7666,California
Mendocino,2021-01-19,327,8552,146,3547,181,5005,0,0,152,7255,175,563,152,7818,California
Mendocino,2021-01-20,549,9101,402,3949,147,5152,0,0,445,7598,102,665,445,8263,California
Mendocino,2021-01-21,525,9626,219,4168,306,5458,0,0,343,7760,181,846,343,8606,California
Mendocino,2021-01-22,147,9773,58,4226,89,5547,0,0,108,7829,39,885,108,8714,California
Mendocino,2021-01-23,155,9928,83,4309,72,5619,0,0,149,7972,6,891,149,8863,California
Mendocino,2021-01-24,5,9933,3,4312,2,5621,0,0,5,7977,0,891,5,8868,California
Mendocino,2021-01-25,189,10122,15,4327,174,5795,0,0,121,8030,68,959,121,8989,California
Mendocino,2021-01-26,155,10277,57,4384,98,5893,0,0,95,8065,60,1019,95,9084,California
Mendocino,2021-01-27,426,10703,358,4742,68,5961,0,0,172,7987,250,1269,172,9256,California
Mendocino,2021-01-28,547,11250,512,5254,35,5996,0,0,459,8358,88,1357,459,9715,California
Mendocino,2021-01-29,388,11638,348,5602,40,6036,0,0,359,8689,29,1386,360,10075,California
Mendocino,2021-01-30,45,11683,27,5629,18,6054,0,0,41,8726,4,1390,41,10116,California
Mendocino,2021-01-31,275,11958,2,5631,273,6327,0,0,3,8457,272,1662,3,10119,California
Mendocino,2021-02-01,371,12329,47,5678,324,6651,0,0,52,8190,319,1981,52,10171,California
Mendocino,2021-02-02,683,13012,500,6178,183,6834,0,0,325,8157,358,2339,325,10496,California
Mendocino,2021-02-03,386,13398,203,6381,183,7017,0,0,219,8211,165,2504,219,10715,California
Mendocino,2021-02-04,586,13984,528,6909,58,7075,0,0,463,8551,123,2627,463,11178,California
Mendocino,2021-02-05,1306,15290,1216,8125,90,7165,0,0,590,8427,714,3341,590,11768,California
Mendocino,2021-02-06,557,15847,157,8282,400,7565,0,0,542,8954,15,3356,542,12310,California
Mendocino,2021-02-07,29,15876,25,8307,4,7569,0,0,29,8983,0,3356,29,12339,California
Mendocino,2021-02-08,744,16620,714,9021,30,7599,0,0,282,8803,462,3818,282,12621,California
Mendocino,2021-02-09,102,16722,58,9079,44,7643,0,0,50,8801,52,3870,50,12671,California
Mendocino,2021-02-10,1474,18196,922,10001,552,8195,0,0,742,8817,726,4596,742,13413,California
Mendocino,2021-02-11,1069,19265,206,10207,863,9058,0,0,233,8214,836,5432,233,13646,California
Mendocino,2021-02-12,989,20254,155,10362,834,9892,0,0,227,7681,761,6193,228,13874,California
Mendocino,2021-02-13,492,20746,12,10374,480,10372,0,0,99,7392,393,6586,104,13978,California
Mendocino,2021-02-14,695,21441,1,10375,694,11066,0,0,135,6967,560,7146,135,14113,California
Mendocino,2021-02-15,204,21645,40,10415,164,11230,0,0,167,7097,37,7183,167,14280,California
Mendocino,2021-02-16,195,21840,49,10464,146,11376,0,0,128,7158,67,7250,128,14408,California
Mendocino,2021-02-17,1347,23187,1186,11650,161,11537,0,0,874,7562,471,7721,875,15283,California
Mendocino,2021-02-18,1074,24261,640,12290,434,11971,0,0,544,7576,530,8251,544,15827,California
Mendocino,2021-02-19,701,24962,146,12436,555,12526,0,0,562,7999,139,8390,562,16389,California
Mendocino,2021-02-20,567,25529,541,12977,26,12552,0,0,538,8510,27,8417,538,16927,California
Mendocino,2021-02-21,22,25551,4,12981,18,12570,0,0,11,8510,11,8428,11,16938,California
Mendocino,2021-02-22,161,25712,30,13011,131,12701,0,0,71,8491,90,8518,71,17009,California
Mendocino,2021-02-23,660,26372,646,13657,14,12715,0,0,610,9052,49,8567,610,17619,California
Mendocino,2021-02-24,1812,28184,1730,15387,82,12797,0,0,1407,10057,402,8969,1407,19026,California
Mendocino,2021-02-25,1235,29419,535,15922,700,13497,0,0,876,10574,359,9328,876,19902,California
Mendocino,2021-02-26,1387,30806,745,16667,642,14139,0,0,1024,11237,361,9689,1024,20926,California
Mendocino,2021-02-27,194,31000,149,16816,45,14184,0,0,73,11191,119,9808,73,20999,California
Mendocino,2021-02-28,38,31038,16,16832,22,14206,0,0,26,11205,12,9820,26,21025,California
Mendocino,2021-03-01,568,31606,524,17356,44,14250,0,0,531,11699,37,9857,531,21556,California
Mendocino,2021-03-02,68,31674,24,17380,44,14294,0,0,39,11710,28,9885,39,21595,California
Mendocino,2021-03-03,1601,33275,1250,18630,351,14645,0,0,981,12073,618,10503,981,22576,California
Mendocino,2021-03-04,1282,34557,146,18776,1136,15781,0,0,1143,13080,137,10640,1144,23720,California
Mendocino,2021-03-05,175,34732,115,18891,51,15832,9,9,100,13116,73,10713,109,23829,California
Mendocino,2021-03-06,240,34972,18,18909,199,16031,23,32,203,13305,37,10750,226,24055,California
Mendocino,2021-03-07,485,35457,6,18915,459,16490,20,52,103,13046,381,11131,122,24177,California
Mendocino,2021-03-08,128,35585,33,18948,59,16549,36,88,69,13093,58,11189,105,24282,California
Mendocino,2021-03-09,423,36008,214,19162,178,16727,31,119,339,13379,84,11273,370,24652,California
Mendocino,2021-03-10,1002,37010,929,20091,66,16793,7,126,270,12929,729,12002,279,24931,California
Mendocino,2021-03-11,770,37780,562,20653,154,16947,54,180,356,12929,410,12412,410,25341,California
Mendocino,2021-03-12,1240,39020,976,21629,170,17117,94,274,987,13758,252,12664,1081,26422,California
Mendocino,2021-03-13,569,39589,491,22120,28,17145,50,324,81,13405,484,13148,131,26553,California
Mendocino,2021-03-14,63,39652,3,22123,53,17198,7,331,6,13361,57,13205,13,26566,California
Mendocino,2021-03-15,600,40252,55,22178,489,17687,56,387,214,13247,384,13589,270,26836,California
Mendocino,2021-03-16,558,40810,364,22542,152,17839,42,429,134,13001,423,14012,177,27013,California
Mendocino,2021-03-17,1384,42194,1286,23828,53,17892,45,474,200,12077,1183,15195,259,27272,California
Mendocino,2021-03-18,411,42605,175,24003,200,18092,36,510,154,12014,254,15449,191,27463,California
Mendocino,2021-03-19,1658,44263,832,24835,778,18870,48,558,325,11064,1328,16777,378,27841,California
Mendocino,2021-03-20,62,44325,10,24845,32,18902,20,578,16,11054,46,16823,36,27877,California
Mendocino,2021-03-21,10,44335,2,24847,3,18905,5,583,2,11054,8,16831,8,27885,California
Mendocino,2021-03-22,614,44949,572,25419,15,18920,27,610,146,10762,466,17297,174,28059,California
Mendocino,2021-03-23,168,45117,34,25453,104,19024,30,640,117,10858,51,17348,147,28206,California
Mendocino,2021-03-24,902,46019,824,26277,32,19056,46,686,120,10305,781,18129,228,28434,California
Mendocino,2021-03-25,1257,47276,58,26335,1182,20238,17,703,165,9402,1091,19220,188,28622,California
Mendocino,2021-03-26,505,47781,367,26702,118,20356,20,723,337,9594,166,19386,358,28980,California
Mendocino,2021-03-27,142,47923,12,26714,120,20476,10,733,88,9640,53,19439,99,29079,California
Mendocino,2021-03-28,31,47954,9,26723,18,20494,4,737,8,9630,22,19461,12,29091,California
Mendocino,2021-03-29,55,48009,11,26734,11,20505,33,770,9,9626,46,19507,42,29133,California
Merced,2020-12-16,3,3,3,3,0,0,0,0,3,3,0,0,3,3,California
Merced,2020-12-17,6,9,6,9,0,0,0,0,6,9,0,0,6,9,California
Merced,2020-12-18,145,154,145,154,0,0,0,0,145,154,0,0,145,154,California
Merced,2020-12-19,38,192,38,192,0,0,0,0,38,192,0,0,38,192,California
Merced,2020-12-20,18,210,17,209,1,1,0,0,18,210,0,0,18,210,California
Merced,2020-12-21,129,339,126,335,3,4,0,0,129,339,0,0,129,339,California
Merced,2020-12-22,162,501,162,497,0,4,0,0,162,501,0,0,162,501,California
Merced,2020-12-23,304,805,289,786,15,19,0,0,304,805,0,0,304,805,California
Merced,2020-12-24,70,875,70,856,0,19,0,0,70,875,0,0,70,875,California
Merced,2020-12-25,5,880,5,861,0,19,0,0,5,880,0,0,5,880,California
Merced,2020-12-26,7,887,4,865,3,22,0,0,7,887,0,0,7,887,California
Merced,2020-12-27,12,899,11,876,1,23,0,0,12,899,0,0,12,899,California
Merced,2020-12-28,125,1024,100,976,25,48,0,0,125,1024,0,0,125,1024,California
Merced,2020-12-29,188,1212,134,1110,54,102,0,0,188,1212,0,0,188,1212,California
Merced,2020-12-30,239,1451,93,1203,146,248,0,0,237,1449,0,0,237,1449,California
Merced,2020-12-31,127,1578,39,1242,88,336,0,0,124,1573,0,0,124,1573,California
Merced,2021-01-02,127,1705,116,1358,11,347,0,0,128,1701,0,0,128,1701,California
Merced,2021-01-03,9,1714,5,1363,4,351,0,0,9,1710,0,0,9,1710,California
Merced,2021-01-04,83,1797,40,1403,43,394,0,0,83,1793,0,0,83,1793,California
Merced,2021-01-05,319,2116,230,1633,89,483,0,0,321,2110,5,5,322,2115,California
Merced,2021-01-06,273,2389,98,1731,175,658,0,0,267,2371,6,11,267,2382,California
Merced,2021-01-07,192,2581,80,1811,112,770,0,0,191,2550,12,23,191,2573,California
Merced,2021-01-08,543,3124,400,2211,143,913,0,0,398,2798,150,173,398,2971,California
Merced,2021-01-09,24,3148,11,2222,13,926,0,0,18,2810,6,179,18,2989,California
Merced,2021-01-10,10,3158,6,2228,4,930,0,0,6,2812,4,183,6,2995,California
Merced,2021-01-11,244,3402,171,2399,73,1003,0,0,117,2805,125,308,118,3113,California
Merced,2021-01-12,312,3714,163,2562,149,1152,0,0,258,3006,57,365,258,3371,California
Merced,2021-01-13,451,4165,233,2795,218,1370,0,0,237,3037,208,573,239,3610,California
Merced,2021-01-14,355,4520,214,3009,141,1511,0,0,184,3053,170,743,186,3796,California
Merced,2021-01-15,684,5204,147,3156,537,2048,0,0,661,3677,39,782,663,4459,California
Merced,2021-01-16,240,5444,153,3309,87,2135,0,0,235,3907,5,787,235,4694,California
Merced,2021-01-17,48,5492,11,3320,37,2172,0,0,47,3953,1,788,47,4741,California
Merced,2021-01-18,333,5825,156,3476,177,2349,0,0,311,4245,22,810,314,5055,California
Merced,2021-01-19,737,6562,585,4061,152,2501,0,0,555,4622,182,992,559,5614,California
Merced,2021-01-20,596,7158,489,4550,107,2608,0,0,532,5092,64,1056,534,6148,California
Merced,2021-01-21,1058,8216,688,5238,370,2978,0,0,959,5954,100,1156,962,7110,California
Merced,2021-01-22,1394,9610,713,5951,681,3659,0,0,1371,7311,25,1181,1382,8492,California
Merced,2021-01-23,309,9919,184,6135,125,3784,0,0,205,7411,105,1286,205,8697,California
Merced,2021-01-24,34,9953,16,6151,18,3802,0,0,24,7426,9,1295,24,8721,California
Merced,2021-01-25,781,10734,269,6420,512,4314,0,0,705,8072,59,1354,705,9426,California
Merced,2021-01-26,944,11678,480,6900,464,4778,0,0,688,8553,209,1563,690,10116,California
Merced,2021-01-27,1031,12709,584,7484,447,5225,0,0,842,9234,162,1725,843,10959,California
Merced,2021-01-28,1204,13913,587,8071,617,5842,0,0,1046,10146,134,1859,1046,12005,California
Merced,2021-01-29,912,14825,338,8409,574,6416,0,0,656,10562,243,2102,659,12664,California
Merced,2021-01-30,286,15111,25,8434,261,6677,0,0,271,10818,15,2117,271,12935,California
Merced,2021-01-31,48,15159,12,8446,36,6713,0,0,45,10860,3,2120,45,12980,California
Merced,2021-02-01,373,15532,51,8497,322,7035,0,0,324,11135,49,2169,324,13304,California
Merced,2021-02-02,302,15834,184,8681,118,7153,0,0,182,11200,118,2287,183,13487,California
Merced,2021-02-03,403,16237,73,8754,330,7483,0,0,206,11209,197,2484,206,13693,California
Merced,2021-02-04,433,16670,158,8912,275,7758,0,0,279,11338,151,2635,280,13973,California
Merced,2021-02-05,629,17299,216,9128,413,8171,0,0,326,11375,290,2925,327,14300,California
Merced,2021-02-06,442,17741,248,9376,194,8365,0,0,271,11477,169,3094,271,14571,California
Merced,2021-02-07,19,17760,12,9388,7,8372,0,0,12,11482,7,3101,12,14583,California
Merced,2021-02-08,328,18088,223,9611,105,8477,0,0,187,11532,138,3239,188,14771,California
Merced,2021-02-09,1278,19366,962,10573,316,8793,0,0,805,11880,457,3696,805,15576,California
Merced,2021-02-10,1927,21293,1444,12017,483,9276,0,0,1340,12640,580,4276,1340,16916,California
Merced,2021-02-11,2622,23915,2052,14069,570,9846,0,0,1866,13756,750,5026,1866,18782,California
Merced,2021-02-12,1892,25807,1063,15132,829,10675,0,0,836,13549,1043,6069,836,19618,California
Merced,2021-02-13,367,26174,206,15338,161,10836,0,0,273,13729,94,6163,274,19892,California
Merced,2021-02-14,117,26291,27,15365,90,10926,0,0,92,13799,25,6188,95,19987,California
Merced,2021-02-15,272,26563,39,15404,233,11159,0,0,167,13867,100,6288,168,20155,California
Merced,2021-02-16,1291,27854,865,16269,426,11585,0,0,782,14243,491,6779,867,21022,California
Merced,2021-02-17,1948,29802,1680,17949,268,11853,0,0,1353,15033,583,7362,1373,22395,California
Merced,2021-02-18,1317,31119,851,18800,466,12319,0,0,444,14642,849,8211,458,22853,California
Merced,2021-02-19,1309,32428,427,19227,882,13201,0,0,555,14462,748,8959,568,23421,California
Merced,2021-02-20,275,32703,31,19258,244,13445,0,0,141,14472,131,9090,141,23562,California
Merced,2021-02-21,75,32778,60,19318,15,13460,0,0,26,14453,49,9139,30,23592,California
Merced,2021-02-22,919,33697,368,19686,551,14011,0,0,570,14675,348,9487,570,24162,California
Merced,2021-02-23,1183,34880,488,20174,695,14706,0,0,692,14924,487,9974,736,24898,California
Merced,2021-02-24,849,35729,297,20471,552,15258,0,0,461,15010,380,10354,466,25364,California
Merced,2021-02-25,1814,37543,853,21324,961,16219,0,0,1335,15885,464,10818,1339,26703,California
Merced,2021-02-26,2352,39895,1505,22829,847,17066,0,0,1912,17362,440,11258,1917,28620,California
Merced,2021-02-27,2546,42441,981,23810,1564,18630,1,1,2237,19291,311,11569,2240,30860,California
Merced,2021-02-28,321,42762,66,23876,255,18885,0,1,274,19520,45,11614,274,31134,California
Merced,2021-03-01,1200,43962,285,24161,915,19800,0,1,854,20033,341,11955,854,31988,California
Merced,2021-03-02,1770,45732,911,25072,859,20659,0,1,1381,21028,386,12341,1381,33369,California
Merced,2021-03-03,2315,48047,1799,26871,515,21174,1,2,1544,21810,764,13105,1546,34915,California
Merced,2021-03-04,3080,51127,2435,29306,644,21818,1,3,2151,22986,975,14080,2151,37066,California
Merced,2021-03-05,2409,53536,1509,30815,877,22695,23,26,1808,24240,594,14674,1848,38914,California
Merced,2021-03-06,1013,54549,491,31306,502,23197,20,46,737,24724,274,14948,758,39672,California
Merced,2021-03-07,251,54800,55,31361,172,23369,24,70,222,24941,29,14977,246,39918,California
Merced,2021-03-08,1214,56014,600,31961,550,23919,64,134,1008,25808,205,15182,1072,40990,California
Merced,2021-03-09,1658,57672,956,32917,590,24509,112,246,1042,26355,610,15792,1157,42147,California
Merced,2021-03-10,2914,60586,2017,34934,683,25192,214,460,1791,27250,1112,16904,2007,44154,California
Merced,2021-03-11,1924,62510,640,35574,1084,26276,200,660,1352,28243,566,17470,1559,45713,California
Merced,2021-03-12,2399,64909,1071,36645,1076,27352,252,912,1626,29375,769,18239,1901,47614,California
Merced,2021-03-13,673,65582,318,36963,118,27470,237,1149,355,29663,316,18555,604,48218,California
Merced,2021-03-14,171,65753,99,37062,42,27512,30,1179,100,29723,71,18626,131,48349,California
Merced,2021-03-15,1547,67300,512,37574,769,28281,266,1445,1010,30479,526,19152,1282,49631,California
Merced,2021-03-16,1537,68837,780,38354,534,28815,223,1668,1044,31262,483,19635,1266,50897,California
Merced,2021-03-17,2206,71043,1268,39622,759,29574,179,1847,1741,32725,459,20094,1922,52819,California
Merced,2021-03-18,1957,73000,1098,40720,704,30278,155,2002,1324,33593,623,20717,1491,54310,California
Merced,2021-03-19,2941,75941,1676,42396,1070,31348,195,2197,1550,33962,1379,22096,1748,56058,California
Merced,2021-03-20,1772,77713,1163,43559,516,31864,93,2290,1144,34578,623,22719,1239,57297,California
Merced,2021-03-21,674,78387,341,43900,318,32182,15,2305,555,35031,118,22837,571,57868,California
Merced,2021-03-22,1096,79483,479,44379,535,32717,82,2387,712,35452,375,23212,796,58664,California
Merced,2021-03-23,1759,81242,1159,45538,544,33261,56,2443,1308,36368,450,23662,1366,60030,California
Merced,2021-03-24,1252,82494,838,46376,381,33642,33,2476,922,37003,322,23984,957,60987,California
Merced,2021-03-25,3003,85497,2077,48453,916,34558,10,2486,1962,37943,1035,25019,1975,62962,California
Merced,2021-03-26,1434,86931,800,49253,623,35181,11,2497,728,37987,698,25717,742,63704,California
Merced,2021-03-27,1709,88640,981,50234,666,35847,62,2559,720,37789,982,26699,784,64488,California
Merced,2021-03-28,438,89078,202,50436,230,36077,6,2565,202,37765,236,26935,212,64700,California
Merced,2021-03-29,871,89949,95,50531,547,36624,229,2794,271,37669,598,27533,502,65202,California
Modoc,2020-12-16,1,1,1,1,0,0,0,0,1,1,0,0,1,1,California
Modoc,2020-12-21,100,101,100,101,0,0,0,0,100,101,0,0,100,101,California
Modoc,2020-12-22,14,115,14,115,0,0,0,0,14,115,0,0,14,115,California
Modoc,2020-12-23,4,119,4,119,0,0,0,0,4,119,0,0,4,119,California
Modoc,2020-12-24,1,120,1,120,0,0,0,0,1,120,0,0,1,120,California
Modoc,2020-12-28,2,122,2,122,0,0,0,0,2,122,0,0,2,122,California
Modoc,2020-12-29,10,132,1,123,9,9,0,0,10,132,0,0,10,132,California
Modoc,2020-12-30,7,139,0,123,7,16,0,0,7,139,0,0,7,139,California
Modoc,2021-01-02,2,141,0,123,2,18,0,0,2,141,0,0,2,141,California
Modoc,2021-01-04,8,149,0,123,8,26,0,0,8,149,0,0,8,149,California
Modoc,2021-01-05,2,151,1,124,1,27,0,0,2,151,0,0,2,151,California
Modoc,2021-01-06,3,154,2,126,1,28,0,0,2,152,1,1,2,153,California
Modoc,2021-01-07,72,226,0,126,72,100,0,0,72,224,0,1,72,225,California
Modoc,2021-01-08,105,331,0,126,105,205,0,0,105,329,0,1,105,330,California
Modoc,2021-01-10,1,332,1,127,0,205,0,0,0,328,1,2,0,330,California
Modoc,2021-01-11,92,424,82,209,10,215,0,0,19,274,73,75,19,349,California
Modoc,2021-01-12,94,518,25,234,69,284,0,0,68,316,26,101,68,417,California
Modoc,2021-01-13,24,542,4,238,20,304,0,0,22,336,2,103,22,439,California
Modoc,2021-01-14,129,671,6,244,123,427,0,0,124,455,5,108,124,563,California
Modoc,2021-01-15,6,677,1,245,5,432,0,0,6,461,0,108,6,569,California
Modoc,2021-01-16,1,678,1,246,0,432,0,0,1,462,0,108,1,570,California
Modoc,2021-01-18,1,679,1,247,0,432,0,0,1,463,0,108,1,571,California
Modoc,2021-01-19,5,684,3,250,2,434,0,0,3,464,2,110,3,574,California
Modoc,2021-01-20,11,695,1,251,10,444,0,0,11,475,0,110,11,585,California
Modoc,2021-01-21,158,853,2,253,156,600,0,0,158,633,0,110,158,743,California
Modoc,2021-01-22,2,855,0,253,2,602,0,0,2,635,0,110,2,745,California
Modoc,2021-01-25,12,867,1,254,11,613,0,0,12,647,0,110,12,757,California
Modoc,2021-01-26,65,932,1,255,64,677,0,0,65,712,0,110,65,822,California
Modoc,2021-01-27,41,973,2,257,39,716,0,0,25,721,16,126,25,847,California
Modoc,2021-01-28,144,1117,1,258,143,859,0,0,144,865,0,126,144,991,California
Modoc,2021-01-29,3,1120,1,259,2,861,0,0,3,868,0,126,3,994,California
Modoc,2021-02-01,24,1144,11,270,13,874,0,0,11,866,13,139,11,1005,California
Modoc,2021-02-02,170,1314,2,272,168,1042,0,0,167,1030,3,142,167,1172,California
Modoc,2021-02-03,19,1333,13,285,6,1048,0,0,12,1035,7,149,12,1184,California
Modoc,2021-02-04,155,1488,4,289,151,1199,0,0,27,934,128,277,27,1211,California
Modoc,2021-02-05,4,1492,3,292,1,1200,0,0,3,936,1,278,3,1214,California
Modoc,2021-02-08,9,1501,2,294,7,1207,0,0,8,943,1,279,8,1222,California
Modoc,2021-02-09,197,1698,12,306,185,1392,0,0,65,876,132,411,65,1287,California
Modoc,2021-02-10,5,1703,2,308,3,1395,0,0,4,879,1,412,4,1291,California
Modoc,2021-02-11,201,1904,3,311,198,1593,0,0,83,844,118,530,83,1374,California
Modoc,2021-02-12,5,1909,1,312,4,1597,0,0,3,845,2,532,3,1377,California
Modoc,2021-02-13,1,1910,0,312,1,1598,0,0,1,846,0,532,1,1378,California
Modoc,2021-02-16,148,2058,6,318,142,1740,0,0,144,986,4,536,144,1522,California
Modoc,2021-02-17,23,2081,1,319,22,1762,0,0,11,985,12,548,11,1533,California
Modoc,2021-02-18,189,2270,2,321,187,1949,0,0,26,849,162,710,26,1559,California
Modoc,2021-02-19,3,2273,2,323,1,1950,0,0,2,850,1,711,2,1561,California
Modoc,2021-02-20,1,2274,1,324,0,1950,0,0,1,851,0,711,1,1562,California
Modoc,2021-02-22,16,2290,8,332,8,1958,0,0,3,841,13,724,3,1565,California
Modoc,2021-02-23,23,2313,4,336,19,1977,0,0,3,824,20,744,3,1568,California
Modoc,2021-02-24,90,2403,1,337,89,2066,0,0,30,794,60,804,30,1598,California
Modoc,2021-02-25,169,2572,1,338,168,2234,0,0,13,651,156,960,13,1611,California
Modoc,2021-02-26,3,2575,0,338,3,2237,0,0,1,650,2,962,1,1612,California
Modoc,2021-02-27,5,2580,5,343,0,2237,0,0,2,649,3,965,2,1614,California
Modoc,2021-03-01,4,2584,0,343,4,2241,0,0,0,645,4,969,0,1614,California
Modoc,2021-03-02,187,2771,11,354,176,2417,0,0,22,502,165,1134,22,1636,California
Modoc,2021-03-03,12,2783,6,360,6,2423,0,0,2,494,10,1144,2,1638,California
Modoc,2021-03-04,155,2938,2,362,153,2576,0,0,130,599,25,1169,130,1768,California
Modoc,2021-03-05,3,2941,2,364,1,2577,0,0,1,598,2,1171,1,1769,California
Modoc,2021-03-06,10,2951,0,364,0,2577,10,10,0,598,10,1181,10,1779,California
Modoc,2021-03-07,6,2957,1,365,0,2577,5,15,1,599,5,1186,6,1785,California
Modoc,2021-03-08,6,2963,0,365,2,2579,4,19,0,597,6,1192,4,1789,California
Modoc,2021-03-09,120,3083,8,373,104,2683,8,27,56,597,64,1256,64,1853,California
Modoc,2021-03-10,6,3089,3,376,2,2685,1,28,4,600,2,1258,5,1858,California
Modoc,2021-03-11,164,3253,0,376,79,2764,85,113,15,551,149,1407,100,1958,California
Modoc,2021-03-12,7,3260,0,376,4,2768,3,116,4,555,3,1410,7,1965,California
Modoc,2021-03-13,5,3265,0,376,2,2770,3,119,2,557,3,1413,5,1970,California
Modoc,2021-03-14,1,3266,0,376,0,2770,1,120,0,557,1,1414,1,1971,California
Modoc,2021-03-15,11,3277,1,377,9,2779,1,121,10,567,1,1415,11,1982,California
Modoc,2021-03-16,148,3425,1,378,145,2924,2,123,33,487,115,1530,35,2017,California
Modoc,2021-03-17,13,3438,2,380,4,2928,7,130,2,485,11,1541,9,2026,California
Modoc,2021-03-18,58,3496,3,383,50,2978,5,135,28,488,30,1571,33,2059,California
Modoc,2021-03-19,3,3499,0,383,2,2980,1,136,0,486,3,1574,1,2060,California
Modoc,2021-03-20,4,3503,1,384,0,2980,3,139,0,485,4,1578,3,2063,California
Modoc,2021-03-21,4,3507,1,385,1,2981,2,141,2,487,2,1580,4,2067,California
Modoc,2021-03-22,16,3523,1,386,9,2990,6,147,10,497,6,1586,16,2083,California
Modoc,2021-03-23,32,3555,3,389,27,3017,2,149,25,517,7,1593,27,2110,California
Modoc,2021-03-24,28,3583,1,390,18,3035,9,158,2,502,26,1619,11,2121,California
Modoc,2021-03-25,61,3644,2,392,57,3092,2,160,29,501,32,1651,31,2152,California
Modoc,2021-03-26,6,3650,2,394,1,3093,3,163,1,500,5,1656,4,2156,California
Modoc,2021-03-27,2,3652,0,394,1,3094,1,164,1,501,1,1657,2,2158,California
Modoc,2021-03-29,4,3656,0,394,4,3098,0,164,4,505,0,1657,4,2162,California
Mono,2020-12-18,1,1,1,1,0,0,0,0,1,1,0,0,1,1,California
Mono,2020-12-19,5,6,5,6,0,0,0,0,5,6,0,0,5,6,California
Mono,2020-12-20,7,13,7,13,0,0,0,0,7,13,0,0,7,13,California
Mono,2020-12-21,23,36,16,29,7,7,0,0,23,36,0,0,23,36,California
Mono,2020-12-22,66,102,65,94,1,8,0,0,66,102,0,0,66,102,California
Mono,2020-12-23,70,172,42,136,28,36,0,0,70,172,0,0,70,172,California
Mono,2020-12-24,3,175,1,137,2,38,0,0,3,175,0,0,3,175,California
Mono,2020-12-26,3,178,3,140,0,38,0,0,3,178,0,0,3,178,California
Mono,2020-12-28,94,272,63,203,31,69,0,0,94,272,0,0,94,272,California
Mono,2020-12-29,29,301,29,232,0,69,0,0,29,301,0,0,29,301,California
Mono,2020-12-30,76,377,35,267,41,110,0,0,76,377,0,0,76,377,California
Mono,2020-12-31,4,381,1,268,3,113,0,0,4,381,0,0,4,381,California
Mono,2021-01-01,1,382,1,269,0,113,0,0,1,382,0,0,1,382,California
Mono,2021-01-04,1,383,0,269,1,114,0,0,1,383,0,0,1,383,California
Mono,2021-01-05,45,428,2,271,43,157,0,0,44,426,1,1,44,427,California
Mono,2021-01-06,44,472,0,271,44,201,0,0,44,470,0,1,44,471,California
Mono,2021-01-07,56,528,4,275,52,253,0,0,55,524,1,2,55,526,California
Mono,2021-01-08,2,530,1,276,1,254,0,0,1,524,1,3,1,527,California
Mono,2021-01-09,4,534,4,280,0,254,0,0,0,520,4,7,0,527,California
Mono,2021-01-10,5,539,5,285,0,254,0,0,0,515,5,12,0,527,California
Mono,2021-01-11,7,546,4,289,3,257,0,0,4,516,3,15,4,531,California
Mono,2021-01-12,283,829,76,365,207,464,0,0,218,670,64,79,218,749,California
Mono,2021-01-13,235,1064,74,439,161,625,0,0,180,795,55,134,180,929,California
Mono,2021-01-14,74,1138,72,511,2,627,0,0,74,869,0,134,74,1003,California
Mono,2021-01-15,60,1198,2,513,58,685,0,0,60,929,0,134,60,1063,California
Mono,2021-01-16,4,1202,3,516,1,686,0,0,1,927,3,137,1,1064,California
Mono,2021-01-18,63,1265,54,570,9,695,0,0,2,868,61,198,2,1066,California
Mono,2021-01-19,209,1474,207,777,2,697,0,0,172,1003,37,235,172,1238,California
Mono,2021-01-20,233,1707,203,980,30,727,0,0,172,1114,61,296,172,1410,California
Mono,2021-01-21,3,1710,3,983,0,727,0,0,3,1117,0,296,3,1413,California
Mono,2021-01-22,4,1714,0,983,4,731,0,0,4,1121,0,296,4,1417,California
Mono,2021-01-23,601,2315,601,1584,0,731,0,0,601,1722,0,296,601,2018,California
Mono,2021-01-25,207,2522,170,1754,37,768,0,0,169,1855,38,334,171,2189,California
Mono,2021-01-26,512,3034,510,2264,2,770,0,0,508,2359,4,338,508,2697,California
Mono,2021-01-27,5,3039,1,2265,4,774,0,0,5,2364,0,338,5,2702,California
Mono,2021-01-28,6,3045,2,2267,4,778,0,0,2,2362,4,342,2,2704,California
Mono,2021-01-30,201,3246,199,2466,2,780,0,0,201,2563,0,342,201,2905,California
Mono,2021-01-31,242,3488,137,2603,105,885,0,0,138,2599,104,446,140,3045,California
Mono,2021-02-01,29,3517,28,2631,1,886,0,0,0,2571,28,474,0,3045,California
Mono,2021-02-02,5,3522,0,2631,5,891,0,0,2,2570,3,477,2,3047,California
Mono,2021-02-03,4,3526,1,2632,3,894,0,0,2,2570,2,479,2,3049,California
Mono,2021-02-04,213,3739,160,2792,53,947,0,0,91,2539,122,601,91,3140,California
Mono,2021-02-05,625,4364,619,3411,6,953,0,0,622,3158,3,604,622,3762,California
Mono,2021-02-06,140,4504,139,3550,1,954,0,0,139,3296,1,605,139,3901,California
Mono,2021-02-07,2,4506,0,3550,2,956,0,0,2,3298,0,605,2,3903,California
Mono,2021-02-08,172,4678,172,3722,0,956,0,0,16,3158,156,761,16,3919,California
Mono,2021-02-09,227,4905,5,3727,222,1178,0,0,15,2961,212,973,15,3934,California
Mono,2021-02-10,533,5438,187,3914,346,1524,0,0,191,2810,342,1315,191,4125,California
Mono,2021-02-11,6,5444,4,3918,2,1526,0,0,1,2806,5,1320,1,4126,California
Mono,2021-02-12,82,5526,17,3935,65,1591,0,0,24,2772,58,1378,24,4150,California
Mono,2021-02-13,593,6119,593,4528,0,1591,0,0,26,2231,567,1945,26,4176,California
Mono,2021-02-15,171,6290,169,4697,2,1593,0,0,4,2068,167,2112,4,4180,California
Mono,2021-02-16,531,6821,528,5225,3,1596,0,0,47,1632,483,2595,47,4227,California
Mono,2021-02-17,5,6826,2,5227,3,1599,0,0,2,1631,3,2598,2,4229,California
Mono,2021-02-18,1,6827,1,5228,0,1599,0,0,1,1632,0,2598,1,4230,California
Mono,2021-02-19,53,6880,52,5280,1,1600,0,0,53,1685,0,2598,53,4283,California
Mono,2021-02-20,4,6884,4,5284,0,1600,0,0,4,1689,0,2598,4,4287,California
Mono,2021-02-21,3,6887,3,5287,0,1600,0,0,3,1692,0,2598,3,4290,California
Mono,2021-02-22,283,7170,283,5570,0,1600,0,0,23,1456,259,2857,23,4313,California
Mono,2021-02-23,134,7304,115,5685,19,1619,0,0,21,1364,113,2970,21,4334,California
Mono,2021-02-24,6,7310,1,5686,5,1624,0,0,1,1360,5,2975,1,4335,California
Mono,2021-02-25,6,7316,3,5689,3,1627,0,0,3,1362,1,2976,3,4338,California
Mono,2021-02-26,603,7919,603,6292,0,1627,0,0,20,799,583,3559,20,4358,California
Mono,2021-02-27,142,8061,138,6430,4,1631,0,0,4,667,136,3695,4,4362,California
Mono,2021-02-28,1,8062,1,6431,0,1631,0,0,1,668,0,3695,1,4363,California
Mono,2021-03-02,6,8068,4,6435,2,1633,0,0,4,670,2,3697,4,4367,California
Mono,2021-03-03,82,8150,2,6437,80,1713,0,0,79,747,2,3699,79,4446,California
Mono,2021-03-04,6,8156,0,6437,6,1719,0,0,4,749,2,3701,4,4450,California
Mono,2021-03-05,30,8186,25,6462,5,1724,0,0,10,739,20,3721,10,4460,California
Mono,2021-03-06,321,8507,13,6475,308,2032,0,0,317,1053,3,3724,317,4777,California
Mono,2021-03-07,1,8508,0,6475,1,2033,0,0,0,1052,1,3725,0,4777,California
Mono,2021-03-08,453,8961,15,6490,435,2468,3,3,444,1490,9,3734,447,5224,California
Mono,2021-03-09,8,8969,3,6493,4,2472,1,4,5,1494,2,3736,6,5230,California
Mono,2021-03-10,285,9254,93,6586,191,2663,1,5,12,1234,273,4009,13,5243,California
Mono,2021-03-11,12,9266,0,6586,3,2666,9,14,2,1235,10,4019,11,5254,California
Mono,2021-03-12,9,9275,2,6588,2,2668,5,19,0,1231,9,4028,5,5259,California
Mono,2021-03-13,706,9981,335,6923,370,3038,1,20,697,1920,9,4037,698,5957,California
Mono,2021-03-14,4,9985,4,6927,0,3038,0,20,1,1918,3,4040,1,5958,California
Mono,2021-03-15,25,10010,20,6947,2,3040,3,23,12,1920,13,4053,15,5973,California
Mono,2021-03-16,17,10027,7,6954,4,3044,6,29,9,1927,8,4061,15,5988,California
Mono,2021-03-17,21,10048,4,6958,14,3058,3,32,16,1941,5,4066,19,6007,California
Mono,2021-03-18,18,10066,3,6961,8,3066,7,39,8,1946,10,4076,15,6022,California
Mono,2021-03-19,16,10082,1,6962,12,3078,3,42,13,1959,3,4079,16,6038,California
Mono,2021-03-20,3,10085,2,6964,0,3078,1,43,2,1961,1,4080,3,6041,California
Mono,2021-03-21,1,10086,1,6965,0,3078,0,43,1,1962,0,4080,1,6042,California
Mono,2021-03-22,13,10099,1,6966,6,3084,6,49,6,1967,7,4087,12,6054,California
Mono,2021-03-23,40,10139,5,6971,29,3113,6,55,17,1967,23,4110,23,6077,California
Mono,2021-03-24,13,10152,3,6974,6,3119,4,59,8,1974,5,4115,12,6089,California
Mono,2021-03-25,15,10167,1,6975,10,3129,4,63,9,1981,6,4121,13,6102,California
Mono,2021-03-26,19,10186,6,6981,8,3137,5,68,12,1991,7,4128,17,6119,California
Mono,2021-03-27,319,10505,314,7295,5,3142,0,68,296,2265,23,4151,297,6416,California
Mono,2021-03-28,3,10508,2,7297,1,3143,0,68,3,2268,0,4151,3,6419,California
Mono,2021-03-29,3,10511,2,7299,1,3144,0,68,3,2271,0,4151,3,6422,California
Monterey,2020-12-16,4,4,4,4,0,0,0,0,4,4,0,0,4,4,California
Monterey,2020-12-17,81,85,81,85,0,0,0,0,81,85,0,0,81,85,California
Monterey,2020-12-18,481,566,481,566,0,0,0,0,481,566,0,0,481,566,California
Monterey,2020-12-19,579,1145,579,1145,0,0,0,0,579,1145,0,0,579,1145,California
Monterey,2020-12-20,422,1567,422,1567,0,0,0,0,422,1567,0,0,422,1567,California
Monterey,2020-12-21,721,2288,721,2288,0,0,0,0,721,2288,0,0,721,2288,California
Monterey,2020-12-22,537,2825,524,2812,13,13,0,0,537,2825,0,0,537,2825,California
Monterey,2020-12-23,433,3258,257,3069,176,189,0,0,433,3258,0,0,433,3258,California
Monterey,2020-12-24,82,3340,9,3078,73,262,0,0,82,3340,0,0,82,3340,California
Monterey,2020-12-25,6,3346,0,3078,6,268,0,0,6,3346,0,0,6,3346,California
Monterey,2020-12-26,92,3438,5,3083,87,355,0,0,92,3438,0,0,92,3438,California
Monterey,2020-12-27,6,3444,3,3086,3,358,0,0,6,3444,0,0,6,3444,California
Monterey,2020-12-28,478,3922,26,3112,452,810,0,0,478,3922,0,0,478,3922,California
Monterey,2020-12-29,901,4823,168,3280,733,1543,0,0,901,4823,0,0,901,4823,California
Monterey,2020-12-30,567,5390,97,3377,470,2013,0,0,567,5390,0,0,567,5390,California
Monterey,2020-12-31,34,5424,10,3387,24,2037,0,0,34,5424,0,0,34,5424,California
Monterey,2021-01-01,11,5435,2,3389,9,2046,0,0,11,5435,0,0,11,5435,California
Monterey,2021-01-02,136,5571,133,3522,3,2049,0,0,136,5571,0,0,136,5571,California
Monterey,2021-01-03,30,5601,29,3551,1,2050,0,0,30,5601,0,0,30,5601,California
Monterey,2021-01-04,412,6013,18,3569,394,2444,0,0,412,6013,0,0,412,6013,California
Monterey,2021-01-05,752,6765,326,3895,426,2870,0,0,738,6737,14,14,738,6751,California
Monterey,2021-01-06,654,7419,172,4067,482,3352,0,0,632,7347,22,36,632,7383,California
Monterey,2021-01-07,740,8159,569,4636,171,3523,0,0,418,7445,320,356,418,7801,California
Monterey,2021-01-08,1089,9248,736,5372,353,3876,0,0,395,7146,694,1050,395,8196,California
Monterey,2021-01-09,963,10211,935,6307,28,3904,0,0,313,6809,650,1700,313,8509,California
Monterey,2021-01-10,273,10484,270,6577,3,3907,0,0,7,6550,266,1966,7,8516,California
Monterey,2021-01-11,1061,11545,983,7560,78,3985,0,0,360,6209,701,2667,360,8876,California
Monterey,2021-01-12,462,12007,387,7947,75,4060,0,0,202,6151,260,2927,202,9078,California
Monterey,2021-01-13,1221,13228,592,8539,629,4689,0,0,1176,7282,45,2972,1176,10254,California
Monterey,2021-01-14,1045,14273,92,8631,953,5642,0,0,1027,8294,18,2990,1030,11284,California
Monterey,2021-01-15,1029,15302,39,8670,990,6632,0,0,1018,9301,11,3001,1018,12302,California
Monterey,2021-01-16,366,15668,300,8970,66,6698,0,0,360,9655,6,3007,360,12662,California
Monterey,2021-01-17,313,15981,291,9261,22,6720,0,0,300,9942,13,3020,300,12962,California
Monterey,2021-01-18,402,16383,50,9311,352,7072,0,0,380,10300,22,3042,380,13342,California
Monterey,2021-01-19,572,16955,394,9705,178,7250,0,0,415,10560,155,3197,415,13757,California
Monterey,2021-01-20,528,17483,266,9971,262,7512,0,0,325,10682,203,3400,325,14082,California
Monterey,2021-01-21,840,18323,92,10063,748,8260,0,0,731,11308,109,3509,735,14817,California
Monterey,2021-01-22,1039,19362,190,10253,849,9109,0,0,1000,12269,39,3548,1000,15817,California
Monterey,2021-01-23,236,19598,171,10424,65,9174,0,0,114,12262,121,3669,114,15931,California
Monterey,2021-01-24,58,19656,38,10462,20,9194,0,0,23,12250,35,3704,23,15954,California
Monterey,2021-01-25,779,20435,172,10634,607,9801,0,0,152,11784,620,4324,154,16108,California
Monterey,2021-01-26,918,21353,219,10853,699,10500,0,0,228,11322,690,5014,228,16336,California
Monterey,2021-01-27,856,22209,305,11158,551,11051,0,0,375,11216,481,5495,375,16711,California
Monterey,2021-01-28,2005,24214,736,11894,1269,12320,0,0,1666,12543,339,5834,1666,18377,California
Monterey,2021-01-29,1220,25434,700,12594,520,12840,0,0,1107,13539,112,5946,1108,19485,California
Monterey,2021-01-30,428,25862,281,12875,147,12987,0,0,180,13471,248,6194,180,19665,California
Monterey,2021-01-31,497,26359,74,12949,423,13410,0,0,484,13943,13,6207,485,20150,California
Monterey,2021-02-01,1655,28014,1144,14093,511,13921,0,0,1092,14473,562,6769,1092,21242,California
Monterey,2021-02-02,2141,30155,451,14544,1690,15611,0,0,1537,15406,604,7373,1537,22779,California
Monterey,2021-02-03,2324,32479,1047,15591,1277,16888,0,0,1551,16187,771,8144,1552,24331,California
Monterey,2021-02-04,2696,35175,2017,17608,679,17567,0,0,2437,18367,257,8401,2437,26768,California
Monterey,2021-02-05,3638,38813,2823,20431,815,18382,0,0,3208,21150,425,8826,3208,29976,California
Monterey,2021-02-06,1093,39906,380,20811,713,19095,0,0,750,21558,342,9168,750,30726,California
Monterey,2021-02-07,314,40220,271,21082,43,19138,0,0,94,21432,220,9388,94,30820,California
Monterey,2021-02-08,513,40733,287,21369,226,19364,0,0,430,21779,83,9471,430,31250,California
Monterey,2021-02-09,860,41593,681,22050,179,19543,0,0,550,22021,310,9781,552,31802,California
Monterey,2021-02-10,2009,43602,1040,23090,969,20512,0,0,1157,22326,852,10633,1157,32959,California
Monterey,2021-02-11,2478,46080,963,24053,1515,22027,0,0,1535,22922,941,11574,1537,34496,California
Monterey,2021-02-12,2580,48660,422,24475,2158,24185,0,0,1519,23382,1060,12634,1520,36016,California
Monterey,2021-02-13,1058,49718,44,24519,1014,25199,0,0,970,24264,88,12722,970,36986,California
Monterey,2021-02-14,585,50303,72,24591,513,25712,0,0,512,24703,73,12795,512,37498,California
Monterey,2021-02-15,1344,51647,139,24730,1205,26917,0,0,974,25308,369,13164,974,38472,California
Monterey,2021-02-16,1089,52736,245,24975,844,27761,0,0,868,25956,221,13385,869,39341,California
Monterey,2021-02-17,1902,54638,1139,26114,763,28524,0,0,1612,27281,288,13673,1613,40954,California
Monterey,2021-02-18,2187,56825,1154,27268,1033,29557,0,0,888,26883,1289,14962,891,41845,California
Monterey,2021-02-19,2918,59743,1533,28801,1385,30942,0,0,1340,26646,1577,16539,1340,43185,California
Monterey,2021-02-20,1000,60743,609,29410,391,31333,0,0,948,27543,51,16590,948,44133,California
Monterey,2021-02-21,1213,61956,1185,30595,28,31361,0,0,1162,28655,50,16640,1162,45295,California
Monterey,2021-02-22,935,62891,805,31400,130,31491,0,0,633,28987,301,16941,633,45928,California
Monterey,2021-02-23,947,63838,619,32019,328,31819,0,0,303,28646,644,17585,303,46231,California
Monterey,2021-02-24,2394,66232,1252,33271,1142,32961,0,0,1788,29833,603,18188,1790,48021,California
Monterey,2021-02-25,4279,70511,2358,35629,1921,34882,0,0,1412,28382,2863,21051,1412,49433,California
Monterey,2021-02-26,5211,75722,3079,38708,2132,37014,0,0,2594,28365,2613,23664,2596,52029,California
Monterey,2021-02-27,979,76701,170,38878,809,37823,0,0,792,28974,183,23847,792,52821,California
Monterey,2021-02-28,1520,78221,79,38957,1441,39264,0,0,1060,29578,456,24303,1060,53881,California
Monterey,2021-03-01,1267,79488,137,39094,1130,40394,0,0,738,29789,527,24830,738,54619,California
Monterey,2021-03-02,2696,82184,1707,40801,989,41383,0,0,1857,30812,834,25664,1857,56476,California
Monterey,2021-03-03,2981,85165,1184,41985,1797,43180,0,0,1128,30114,1850,27514,1152,57628,California
Monterey,2021-03-04,4418,89583,1405,43390,3013,46193,0,0,2930,31568,1484,28998,2938,60566,California
Monterey,2021-03-05,3050,92633,1312,44702,1481,47674,257,257,2453,33684,596,29594,2712,63278,California
Monterey,2021-03-06,3965,96598,621,45323,3106,50780,238,495,3134,36228,829,30423,3373,66651,California
Monterey,2021-03-07,496,97094,110,45433,161,50941,225,720,229,36415,267,30690,454,67105,California
Monterey,2021-03-08,1531,98625,316,45749,890,51831,325,1045,1053,37319,478,31168,1382,68487,California
Monterey,2021-03-09,1877,100502,684,46433,930,52761,263,1308,1401,38508,476,31644,1665,70152,California
Monterey,2021-03-10,2764,103266,859,47292,1490,54251,415,1723,1301,38773,1459,33103,1724,71876,California
Monterey,2021-03-11,3975,107241,1388,48680,2238,56489,349,2072,2258,39671,1711,34814,2609,74485,California
Monterey,2021-03-12,3741,110982,1814,50494,1833,58322,94,2166,2291,40607,1448,36262,2384,76869,California
Monterey,2021-03-13,3324,114306,940,51434,2043,60365,341,2507,2297,42222,1027,37289,2642,79511,California
Monterey,2021-03-14,1727,116033,1292,52726,411,60776,24,2531,381,41290,1338,38627,406,79917,California
Monterey,2021-03-15,3876,119909,1258,53984,2334,63110,284,2815,2204,42110,1669,40296,2489,82406,California
Monterey,2021-03-16,3384,123293,557,54541,2470,65580,357,3172,1998,43080,1385,41681,2355,84761,California
Monterey,2021-03-17,5500,128793,2244,56785,3011,68591,245,3417,3991,45819,1503,43184,4242,89003,California
Monterey,2021-03-18,3596,132389,1815,58600,1646,70237,135,3552,2466,47336,1125,44309,2642,91645,California
Monterey,2021-03-19,4339,136728,2203,60803,2017,72254,119,3671,3257,49636,1077,45386,3377,95022,California
Monterey,2021-03-20,2167,138895,353,61156,1394,73648,420,4091,1481,50856,681,46067,1901,96923,California
Monterey,2021-03-21,591,139486,191,61347,383,74031,17,4108,523,51329,67,46134,540,97463,California
Monterey,2021-03-22,2381,141867,1403,62750,919,74950,59,4167,2200,53412,176,46310,2259,99722,California
Monterey,2021-03-23,3852,145719,2291,65041,1518,76468,43,4210,2431,54473,1413,47723,2474,102196,California
Monterey,2021-03-24,4821,150540,2025,67066,2501,78969,295,4505,3532,57019,1282,49005,3828,106024,California
Monterey,2021-03-25,5041,155581,1200,68266,3489,82458,352,4857,2544,57435,2487,51492,2903,108927,California
Monterey,2021-03-26,5100,160681,2457,70723,2584,85042,59,4916,2783,58048,2310,53802,2923,111850,California
Monterey,2021-03-27,3681,164362,1354,72077,2177,87219,150,5066,2185,59270,1494,55296,2716,114566,California
Monterey,2021-03-28,1034,165396,331,72408,696,87915,7,5073,604,59455,427,55723,612,115178,California
Monterey,2021-03-29,1947,167343,1097,73505,840,88755,10,5083,1145,59816,798,56521,1159,116337,California
Napa,2020-12-16,12,12,12,12,0,0,0,0,12,12,0,0,12,12,California
Napa,2020-12-17,44,56,44,56,0,0,0,0,44,56,0,0,44,56,California
Napa,2020-12-18,103,159,103,159,0,0,0,0,103,159,0,0,103,159,California
Napa,2020-12-19,221,380,221,380,0,0,0,0,221,380,0,0,221,380,California
Napa,2020-12-20,190,570,190,570,0,0,0,0,190,570,0,0,190,570,California
Napa,2020-12-21,307,877,307,877,0,0,0,0,308,878,0,0,308,878,California
Napa,2020-12-22,336,1213,327,1204,9,9,0,0,336,1214,0,0,336,1214,California
Napa,2020-12-23,428,1641,319,1523,109,118,0,0,428,1642,0,0,428,1642,California
Napa,2020-12-24,138,1779,77,1600,61,179,0,0,138,1780,0,0,138,1780,California
Napa,2020-12-25,1,1780,1,1601,0,179,0,0,1,1781,0,0,1,1781,California
Napa,2020-12-26,39,1819,11,1612,28,207,0,0,39,1820,0,0,39,1820,California
Napa,2020-12-27,32,1851,16,1628,16,223,0,0,32,1852,0,0,32,1852,California
Napa,2020-12-28,249,2100,184,1812,65,288,0,0,277,2129,0,0,277,2129,California
Napa,2020-12-29,271,2371,213,2025,58,346,0,0,305,2434,0,0,305,2434,California
Napa,2020-12-30,635,3006,490,2515,145,491,0,0,643,3077,0,0,643,3077,California
Napa,2020-12-31,466,3472,378,2893,88,579,0,0,466,3543,0,0,466,3543,California
Napa,2021-01-01,1,3473,1,2894,0,579,0,0,1,3544,0,0,1,3544,California
Napa,2021-01-02,100,3573,95,2989,5,584,0,0,100,3644,0,0,100,3644,California
Napa,2021-01-03,12,3585,10,2999,2,586,0,0,9,3653,0,0,9,3653,California
Napa,2021-01-04,105,3690,62,3061,43,629,0,0,105,3758,0,0,105,3758,California
Napa,2021-01-05,152,3842,85,3146,67,696,0,0,135,3869,24,24,135,3893,California
Napa,2021-01-06,455,4297,114,3260,341,1037,0,0,391,4198,62,86,391,4284,California
Napa,2021-01-07,484,4781,223,3483,261,1298,0,0,384,4483,99,185,384,4668,California
Napa,2021-01-08,441,5222,226,3709,215,1513,0,0,263,4568,178,363,263,4931,California
Napa,2021-01-09,305,5527,279,3988,26,1539,0,0,167,4597,138,501,167,5098,California
Napa,2021-01-10,185,5712,101,4089,84,1623,0,0,110,4632,75,576,110,5208,California
Napa,2021-01-11,875,6587,417,4506,458,2081,0,0,508,4772,368,944,508,5716,California
Napa,2021-01-12,1301,7888,371,4877,930,3011,0,0,986,5443,315,1259,986,6702,California
Napa,2021-01-13,1299,9187,260,5137,1039,4050,0,0,1140,6426,158,1417,1141,7843,California
Napa,2021-01-14,1050,10237,174,5311,876,4926,0,0,932,7242,116,1533,932,8775,California
Napa,2021-01-15,1448,11685,381,5692,1067,5993,0,0,1298,8383,158,1691,1299,10074,California
Napa,2021-01-16,353,12038,137,5829,216,6209,0,0,335,8700,18,1709,335,10409,California
Napa,2021-01-17,339,12377,176,6005,163,6372,0,0,330,9021,9,1718,330,10739,California
Napa,2021-01-18,1074,13451,194,6199,880,7252,0,0,982,9911,92,1810,982,11721,California
Napa,2021-01-19,1009,14460,404,6603,605,7857,0,0,769,10442,239,2049,770,12491,California
Napa,2021-01-20,820,15280,183,6786,637,8494,0,0,640,10904,178,2227,640,13131,California
Napa,2021-01-21,1336,16616,381,7167,955,9449,0,0,1076,11721,259,2486,1076,14207,California
Napa,2021-01-22,1500,18116,416,7583,1084,10533,0,0,1168,12559,331,2817,1169,15376,California
Napa,2021-01-23,395,18511,315,7898,80,10613,0,0,334,12832,61,2878,334,15710,California
Napa,2021-01-24,274,18785,198,8096,76,10689,0,0,216,12990,58,2936,216,15926,California
Napa,2021-01-25,1517,20302,230,8326,1287,11976,0,0,1428,14329,89,3025,1428,17354,California
Napa,2021-01-26,866,21168,277,8603,589,12565,0,0,772,15008,94,3119,773,18127,California
Napa,2021-01-27,621,21789,218,8821,403,12968,0,0,465,15318,155,3274,465,18592,California
Napa,2021-01-28,374,22163,163,8984,211,13179,0,0,195,15335,178,3452,195,18787,California
Napa,2021-01-29,252,22415,64,9048,188,13367,0,0,157,15397,95,3547,157,18944,California
Napa,2021-01-30,789,23204,680,9728,109,13476,0,0,646,15900,143,3690,646,19590,California
Napa,2021-01-31,653,23857,623,10351,30,13506,0,0,627,16501,26,3716,627,20217,California
Napa,2021-02-01,313,24170,110,10461,203,13709,0,0,160,16509,152,3868,160,20377,California
Napa,2021-02-02,584,24754,276,10737,308,14017,0,0,286,16499,296,4164,286,20663,California
Napa,2021-02-03,729,25483,309,11046,420,14437,0,0,424,16618,305,4469,424,21087,California
Napa,2021-02-04,786,26269,371,11417,415,14852,0,0,441,16717,342,4811,441,21528,California
Napa,2021-02-05,704,26973,314,11731,390,15242,0,0,337,16687,367,5178,337,21865,California
Napa,2021-02-06,430,27403,142,11873,288,15530,0,0,325,16907,105,5283,325,22190,California
Napa,2021-02-07,179,27582,166,12039,13,15543,0,0,75,16878,104,5387,75,22265,California
Napa,2021-02-08,835,28417,188,12227,647,16190,0,0,270,16586,563,5950,271,22536,California
Napa,2021-02-09,1073,29490,439,12666,634,16824,0,0,434,16381,639,6589,434,22970,California
Napa,2021-02-10,1676,31166,190,12856,1486,18310,0,0,448,15604,1225,7814,448,23418,California
Napa,2021-02-11,1496,32662,194,13050,1302,19612,0,0,414,14946,1073,8887,415,23833,California
Napa,2021-02-12,2156,34818,840,13890,1316,20928,0,0,723,14239,1430,10317,723,24556,California
Napa,2021-02-13,490,35308,51,13941,439,21367,0,0,313,14375,177,10494,313,24869,California
Napa,2021-02-14,321,35629,58,13999,263,21630,0,0,161,14376,160,10654,161,25030,California
Napa,2021-02-15,881,36510,188,14187,693,22323,0,0,225,13947,654,11308,225,25255,California
Napa,2021-02-16,1291,37801,598,14785,693,23016,0,0,617,13891,673,11981,617,25872,California
Napa,2021-02-17,1038,38839,525,15310,513,23529,0,0,469,13793,568,12549,470,26342,California
Napa,2021-02-18,1893,40732,481,15791,1412,24941,0,0,665,13232,1226,13775,665,27007,California
Napa,2021-02-19,1425,42157,583,16374,842,25783,0,0,673,13154,751,14526,673,27680,California
Napa,2021-02-20,820,42977,588,16962,232,26015,0,0,278,12890,542,15068,278,27958,California
Napa,2021-02-21,795,43772,734,17696,61,26076,0,0,196,12487,599,15667,196,28154,California
Napa,2021-02-22,438,44210,184,17880,254,26330,0,0,137,12323,301,15968,137,28291,California
Napa,2021-02-23,1094,45304,295,18175,799,27129,0,0,304,11837,790,16758,304,28595,California
Napa,2021-02-24,1150,46454,627,18802,523,27652,0,0,568,11826,580,17338,569,29164,California
Napa,2021-02-25,2497,48951,1204,20006,1293,28945,0,0,1790,12912,705,18043,1791,30955,California
Napa,2021-02-26,1482,50433,514,20520,968,29913,0,0,577,12586,903,18946,577,31532,California
Napa,2021-02-27,1046,51479,356,20876,690,30603,0,0,796,13135,247,19193,796,32328,California
Napa,2021-02-28,561,52040,459,21335,102,30705,0,0,458,13493,100,19293,458,32786,California
Napa,2021-03-01,1091,53131,810,22145,281,30986,0,0,829,14061,261,19554,829,33615,California
Napa,2021-03-02,1455,54586,1010,23155,445,31431,0,0,1124,14856,330,19884,1125,34740,California
Napa,2021-03-03,1384,55970,637,23792,747,32178,0,0,1218,15910,165,20049,1219,35959,California
Napa,2021-03-04,1530,57500,646,24438,884,33062,0,0,1316,17015,212,20261,1317,37276,California
Napa,2021-03-05,1749,59249,691,25129,1053,34115,5,5,1359,17992,388,20649,1365,38641,California
Napa,2021-03-06,582,59831,251,25380,302,34417,29,34,481,18402,100,20749,510,39151,California
Napa,2021-03-07,473,60304,275,25655,182,34599,16,50,363,18672,109,20858,379,39530,California
Napa,2021-03-08,671,60975,313,25968,318,34917,40,90,509,19061,160,21018,549,40079,California
Napa,2021-03-09,1560,62535,570,26538,947,35864,43,133,1144,19836,413,21431,1188,41267,California
Napa,2021-03-10,1424,63959,892,27430,436,36300,96,229,723,19958,698,22129,820,42087,California
Napa,2021-03-11,1780,65739,1035,28465,633,36933,112,341,896,20083,883,23012,1008,43095,California
Napa,2021-03-12,1384,67123,851,29316,451,37384,82,423,740,20264,643,23655,824,43919,California
Napa,2021-03-13,1048,68171,280,29596,744,38128,24,447,784,20809,264,23919,809,44728,California
Napa,2021-03-14,542,68713,310,29906,92,38220,140,587,206,20820,335,24254,346,45074,California
Napa,2021-03-15,929,69642,390,30296,470,38690,69,656,465,20892,462,24716,534,45608,California
Napa,2021-03-16,1716,71358,388,30684,1203,39893,125,781,1259,21823,454,25170,1385,46993,California
Napa,2021-03-17,2214,73572,1637,32321,437,40330,140,921,1402,22553,812,25982,1542,48535,California
Napa,2021-03-18,1584,75156,691,33012,883,41213,10,931,960,22901,622,26604,970,49505,California
Napa,2021-03-19,1117,76273,646,33658,452,41665,19,950,572,22949,543,27147,591,50096,California
Napa,2021-03-20,751,77024,345,34003,262,41927,144,1094,323,22988,428,27575,467,50563,California
Napa,2021-03-21,693,77717,667,34670,24,41951,2,1096,347,22993,344,27919,349,50912,California
Napa,2021-03-22,1041,78758,864,35534,166,42117,11,1107,453,22875,586,28505,468,51380,California
Napa,2021-03-23,1459,80217,812,36346,634,42751,13,1120,975,23383,483,28988,991,52371,California
Napa,2021-03-24,1673,81890,926,37272,739,43490,8,1128,806,23365,865,29853,847,53218,California
Napa,2021-03-25,1523,83413,1045,38317,470,43960,8,1136,726,23419,797,30650,851,54069,California
Napa,2021-03-26,1216,84629,787,39104,424,44384,5,1141,534,23344,678,31328,603,54672,California
Napa,2021-03-27,833,85462,421,39525,388,44772,24,1165,277,23121,556,31884,333,55005,California
Napa,2021-03-28,466,85928,360,39885,100,44872,6,1171,168,22998,298,32182,175,55180,California
Napa,2021-03-29,726,86654,578,40463,143,45015,5,1176,441,23163,284,32466,449,55629,California
Nevada,2020-12-16,3,3,3,3,0,0,0,0,3,3,0,0,3,3,California
Nevada,2020-12-17,6,9,6,9,0,0,0,0,6,9,0,0,6,9,California
Nevada,2020-12-18,51,60,51,60,0,0,0,0,51,60,0,0,51,60,California
Nevada,2020-12-19,55,115,55,115,0,0,0,0,55,115,0,0,55,115,California
Nevada,2020-12-20,12,127,12,127,0,0,0,0,12,127,0,0,12,127,California
Nevada,2020-12-21,69,196,69,196,0,0,0,0,69,196,0,0,69,196,California
Nevada,2020-12-22,91,287,89,285,2,2,0,0,91,287,0,0,91,287,California
Nevada,2020-12-23,234,521,202,487,32,34,0,0,234,521,0,0,234,521,California
Nevada,2020-12-24,15,536,12,499,3,37,0,0,15,536,0,0,15,536,California
Nevada,2020-12-25,2,538,2,501,0,37,0,0,2,538,0,0,2,538,California
Nevada,2020-12-26,5,543,3,504,2,39,0,0,5,543,0,0,5,543,California
Nevada,2020-12-27,88,631,88,592,0,39,0,0,88,631,0,0,88,631,California
Nevada,2020-12-28,170,801,93,685,77,116,0,0,170,801,0,0,170,801,California
Nevada,2020-12-29,101,902,75,760,26,142,0,0,101,902,0,0,101,902,California
Nevada,2020-12-30,85,987,66,826,19,161,0,0,85,987,0,0,85,987,California
Nevada,2020-12-31,39,1026,9,835,30,191,0,0,39,1026,0,0,39,1026,California
Nevada,2021-01-01,1,1027,0,835,1,192,0,0,1,1027,0,0,1,1027,California
Nevada,2021-01-02,1,1028,1,836,0,192,0,0,1,1028,0,0,1,1028,California
Nevada,2021-01-03,128,1156,126,962,2,194,0,0,128,1156,0,0,128,1156,California
Nevada,2021-01-04,71,1227,47,1009,24,218,0,0,71,1227,0,0,71,1227,California
Nevada,2021-01-05,272,1499,130,1139,142,360,0,0,271,1497,1,1,271,1498,California
Nevada,2021-01-06,93,1592,44,1183,49,409,0,0,85,1574,8,9,85,1583,California
Nevada,2021-01-07,217,1809,43,1226,174,583,0,0,209,1778,6,15,210,1793,California
Nevada,2021-01-08,220,2029,127,1353,93,676,0,0,169,1896,51,66,169,1962,California
Nevada,2021-01-09,63,2092,56,1409,7,683,0,0,15,1863,48,114,15,1977,California
Nevada,2021-01-10,17,2109,9,1418,8,691,0,0,9,1864,8,122,9,1986,California
Nevada,2021-01-11,183,2292,130,1548,53,744,0,0,56,1793,127,249,56,2042,California
Nevada,2021-01-12,606,2898,458,2006,148,892,0,0,538,2263,68,317,538,2580,California
Nevada,2021-01-13,257,3155,144,2150,113,1005,0,0,122,2250,135,452,122,2702,California
Nevada,2021-01-14,229,3384,123,2273,106,1111,0,0,211,2444,17,469,211,2913,California
Nevada,2021-01-15,394,3778,170,2443,224,1335,0,0,296,2642,98,567,296,3209,California
Nevada,2021-01-16,292,4070,13,2456,279,1614,0,0,289,2928,3,570,289,3498,California
Nevada,2021-01-17,36,4106,32,2488,4,1618,0,0,33,2958,3,573,33,3531,California
Nevada,2021-01-18,148,4254,40,2528,108,1726,0,0,138,3086,10,583,138,3669,California
Nevada,2021-01-19,231,4485,82,2610,149,1875,0,0,213,3281,18,601,213,3882,California
Nevada,2021-01-20,258,4743,152,2762,106,1981,0,0,245,3513,13,614,245,4127,California
Nevada,2021-01-21,336,5079,207,2969,129,2110,0,0,323,3823,13,627,323,4450,California
Nevada,2021-01-22,341,5420,209,3178,132,2242,0,0,310,4102,31,658,310,4760,California
Nevada,2021-01-23,172,5592,104,3282,68,2310,0,0,172,4274,0,658,172,4932,California
Nevada,2021-01-24,105,5697,98,3380,7,2317,0,0,66,4301,39,697,66,4998,California
Nevada,2021-01-25,264,5961,136,3516,128,2445,0,0,203,4443,61,758,203,5201,California
Nevada,2021-01-26,397,6358,141,3657,256,2701,0,0,295,4636,102,860,295,5496,California
Nevada,2021-01-27,405,6763,240,3897,165,2866,0,0,381,4993,24,884,381,5877,California
Nevada,2021-01-28,457,7220,311,4208,146,3012,0,0,416,5368,41,925,416,6293,California
Nevada,2021-01-29,592,7812,390,4598,202,3214,0,0,570,5917,22,947,571,6864,California
Nevada,2021-01-30,231,8043,103,4701,128,3342,0,0,228,6142,3,950,228,7092,California
Nevada,2021-01-31,101,8144,85,4786,16,3358,0,0,101,6243,0,950,101,7193,California
Nevada,2021-02-01,291,8435,71,4857,220,3578,0,0,277,6506,14,964,277,7470,California
Nevada,2021-02-02,515,8950,171,5028,344,3922,0,0,321,6633,194,1158,321,7791,California
Nevada,2021-02-03,805,9755,566,5594,239,4161,0,0,752,7333,52,1210,752,8543,California
Nevada,2021-02-04,748,10503,400,5994,348,4509,0,0,500,7586,247,1457,500,9043,California
Nevada,2021-02-05,643,11146,363,6357,280,4789,0,0,455,7855,186,1643,455,9498,California
Nevada,2021-02-06,273,11419,85,6442,188,4977,0,0,246,8074,27,1670,246,9744,California
Nevada,2021-02-07,245,11664,189,6631,56,5033,0,0,191,8211,54,1724,191,9935,California
Nevada,2021-02-08,647,12311,408,7039,239,5272,0,0,549,8662,98,1822,549,10484,California
Nevada,2021-02-09,603,12914,339,7378,264,5536,0,0,466,8991,137,1959,466,10950,California
Nevada,2021-02-10,642,13556,321,7699,321,5857,0,0,414,9178,228,2187,415,11365,California
Nevada,2021-02-11,866,14422,505,8204,361,6218,0,0,538,9389,327,2514,538,11903,California
Nevada,2021-02-12,920,15342,431,8635,489,6707,0,0,608,9686,311,2825,608,12511,California
Nevada,2021-02-13,587,15929,232,8867,355,7062,0,0,385,9874,198,3023,386,12897,California
Nevada,2021-02-14,224,16153,117,8984,107,7169,0,0,194,10039,30,3053,195,13092,California
Nevada,2021-02-15,711,16864,444,9428,267,7436,0,0,544,10416,167,3220,544,13636,California
Nevada,2021-02-16,614,17478,199,9627,415,7851,0,0,455,10713,158,3378,455,14091,California
Nevada,2021-02-17,1178,18656,761,10388,417,8268,0,0,866,11267,312,3690,866,14957,California
Nevada,2021-02-18,997,19653,550,10938,447,8715,0,0,600,11472,395,4085,600,15557,California
Nevada,2021-02-19,983,20636,630,11568,353,9068,0,0,632,11753,351,4436,632,16189,California
Nevada,2021-02-20,290,20926,101,11669,189,9257,0,0,170,11804,119,4555,170,16359,California
Nevada,2021-02-21,86,21012,81,11750,5,9262,0,0,11,11740,75,4630,11,16370,California
Nevada,2021-02-22,491,21503,326,12076,165,9427,0,0,347,11944,143,4773,347,16717,California
Nevada,2021-02-23,445,21948,200,12276,245,9672,0,0,205,11912,237,5010,205,16922,California
Nevada,2021-02-24,475,22423,239,12515,236,9908,0,0,251,11941,224,5234,253,17175,California
Nevada,2021-02-25,845,23268,462,12977,383,10291,0,0,416,11930,427,5661,416,17591,California
Nevada,2021-02-26,1226,24494,885,13862,341,10632,0,0,410,11526,814,6475,410,18001,California
Nevada,2021-02-27,344,24838,109,13971,235,10867,0,0,172,11527,172,6647,173,18174,California
Nevada,2021-02-28,255,25093,143,14114,112,10979,0,0,119,11510,136,6783,119,18293,California
Nevada,2021-03-01,805,25898,421,14535,384,11363,0,0,341,11388,463,7246,341,18634,California
Nevada,2021-03-02,682,26580,254,14789,428,11791,0,0,469,11647,210,7456,469,19103,California
Nevada,2021-03-03,897,27477,478,15267,419,12210,0,0,436,11623,460,7916,436,19539,California
Nevada,2021-03-04,1077,28554,605,15872,472,12682,0,0,445,11439,629,8545,445,19984,California
Nevada,2021-03-05,748,29302,406,16278,332,13014,10,10,330,11363,416,8961,340,20324,California
Nevada,2021-03-06,332,29634,113,16391,193,13207,26,36,122,11301,210,9171,148,20472,California
Nevada,2021-03-07,204,29838,108,16499,76,13283,20,56,62,11241,141,9312,81,20553,California
Nevada,2021-03-08,785,30623,531,17030,211,13494,43,99,343,11187,441,9753,387,20940,California
Nevada,2021-03-09,638,31261,302,17332,290,13784,46,145,350,11295,287,10040,395,21335,California
Nevada,2021-03-10,894,32155,581,17913,276,14060,37,182,286,11014,605,10645,324,21659,California
Nevada,2021-03-11,1034,33189,663,18576,344,14404,27,209,497,11005,533,11178,524,22183,California
Nevada,2021-03-12,1024,34213,661,19237,329,14733,34,243,415,10847,608,11786,450,22633,California
Nevada,2021-03-13,220,34433,54,19291,159,14892,7,250,96,10828,123,11909,104,22737,California
Nevada,2021-03-14,99,34532,19,19310,77,14969,3,253,23,10778,76,11985,26,22763,California
Nevada,2021-03-15,818,35350,439,19749,369,15338,10,263,332,10636,484,12469,342,23105,California
Nevada,2021-03-16,943,36293,434,20183,455,15793,54,317,604,10956,338,12807,658,23763,California
Nevada,2021-03-17,983,37276,424,20607,549,16342,10,327,553,11092,427,13234,563,24326,California
Nevada,2021-03-18,822,38098,453,21060,348,16690,21,348,396,11088,422,13656,418,24744,California
Nevada,2021-03-19,564,38662,333,21393,201,16891,30,378,250,11054,314,13970,280,25024,California
Nevada,2021-03-20,528,39190,82,21475,172,17063,274,652,143,11089,380,14350,415,25439,California
Nevada,2021-03-21,65,39255,33,21508,31,17094,1,653,46,11118,18,14368,47,25486,California
Nevada,2021-03-22,765,40020,488,21996,273,17367,4,657,513,11385,250,14618,517,26003,California
Nevada,2021-03-23,825,40845,381,22377,419,17786,25,682,622,11833,200,14818,648,26651,California
Nevada,2021-03-24,963,41808,520,22897,435,18221,8,690,603,12087,357,15175,611,27262,California
Nevada,2021-03-25,859,42667,430,23327,407,18628,22,712,473,12198,386,15561,497,27759,California
Nevada,2021-03-26,1059,43726,402,23729,628,19256,29,741,768,12712,289,15850,803,28562,California
Nevada,2021-03-27,537,44263,66,23795,458,19714,13,754,373,12938,163,16013,389,28951,California
Nevada,2021-03-28,165,44428,46,23841,108,19822,11,765,38,12861,126,16139,49,29000,California
Nevada,2021-03-29,412,44840,257,24098,149,19971,6,771,190,12836,221,16360,196,29196,California
Orange,2020-12-15,16,16,16,16,0,0,0,0,16,16,0,0,16,16,California
Orange,2020-12-16,365,381,365,381,0,0,0,0,365,381,0,0,365,381,California
Orange,2020-12-17,3695,4076,3695,4076,0,0,0,0,3694,4075,0,0,3694,4075,California
Orange,2020-12-18,4998,9074,4991,9067,7,7,0,0,4996,9071,0,0,4996,9071,California
Orange,2020-12-19,2190,11264,2183,11250,7,14,0,0,2189,11260,0,0,2189,11260,California
Orange,2020-12-20,1956,13220,1956,13206,0,14,0,0,1957,13217,0,0,1957,13217,California
Orange,2020-12-21,4204,17424,4198,17404,6,20,0,0,4204,17421,0,0,4204,17421,California
Orange,2020-12-22,3948,21372,3915,21319,33,53,0,0,3948,21369,0,0,3948,21369,California
Orange,2020-12-23,3519,24891,3170,24489,349,402,0,0,3521,24890,0,0,3521,24890,California
Orange,2020-12-24,1349,26240,1066,25555,283,685,0,0,1349,26239,0,0,1349,26239,California
Orange,2020-12-25,14,26254,10,25565,4,689,0,0,14,26253,0,0,14,26253,California
Orange,2020-12-26,1052,27306,422,25987,630,1319,0,0,1052,27305,0,0,1052,27305,California
Orange,2020-12-27,581,27887,274,26261,307,1626,0,0,581,27886,0,0,581,27886,California
Orange,2020-12-28,3523,31410,2562,28823,961,2587,0,0,3523,31409,0,0,3523,31409,California
Orange,2020-12-29,3545,34955,2559,31382,986,3573,0,0,3545,34954,0,0,3545,34954,California
Orange,2020-12-30,5097,40052,3548,34930,1549,5122,0,0,5097,40051,0,0,5097,40051,California
Orange,2020-12-31,1451,41503,757,35687,694,5816,0,0,1451,41502,0,0,1451,41502,California
Orange,2021-01-01,413,41916,231,35918,182,5998,0,0,412,41913,1,1,412,41914,California
Orange,2021-01-02,1399,43315,895,36813,504,6502,0,0,1399,43312,0,1,1399,43313,California
Orange,2021-01-03,554,43869,305,37118,249,6751,0,0,554,43866,0,1,554,43867,California
Orange,2021-01-04,2680,46549,1551,38669,1129,7880,0,0,2681,46546,1,2,2681,46548,California
Orange,2021-01-05,3486,50035,2283,40952,1203,9083,0,0,3075,49220,404,406,3078,49626,California
Orange,2021-01-06,4944,54979,3437,44389,1507,10590,0,0,3586,51461,1345,1751,3586,53212,California
Orange,2021-01-07,9179,64158,5111,49500,4068,14658,0,0,5641,53581,3525,5276,5645,58857,California
Orange,2021-01-08,9329,73487,5209,54709,4120,18778,0,0,5610,55484,3709,8985,5612,64469,California
Orange,2021-01-09,4963,78450,1725,56434,3238,22016,0,0,3689,57901,1273,10258,3690,68159,California
Orange,2021-01-10,4222,82672,1033,57467,3189,25205,0,0,3347,60378,874,11132,3351,71510,California
Orange,2021-01-11,9330,92002,4856,62323,4474,29679,0,0,5735,62516,3598,14730,5736,77246,California
Orange,2021-01-12,8693,100695,4671,66994,4022,33701,0,0,5262,64349,3429,18159,5262,82508,California
Orange,2021-01-13,10119,110814,4835,71829,5284,38985,0,0,6960,68161,3156,21315,6968,89476,California
Orange,2021-01-14,9856,120670,3745,75574,6111,45096,0,0,8284,74880,1570,22885,8289,97765,California
Orange,2021-01-15,10039,130709,2590,78164,7449,52545,0,0,9167,83173,879,23764,9172,106937,California
Orange,2021-01-16,8603,139312,2079,80243,6524,59069,0,0,8223,91020,380,24144,8227,115164,California
Orange,2021-01-17,8136,147448,1488,81731,6648,65717,0,0,7993,98878,142,24286,8000,123164,California
Orange,2021-01-18,9716,157164,4445,86176,5271,70988,0,0,7483,104127,2236,26522,7485,130649,California
Orange,2021-01-19,7416,164580,5377,91553,2039,73027,0,0,4801,106316,2616,29138,4805,135454,California
Orange,2021-01-20,8199,172779,5767,97320,2432,75459,0,0,5150,108423,3049,32187,5156,140610,California
Orange,2021-01-21,10792,183571,4784,102104,6008,81467,0,0,10005,117651,786,32973,10014,150624,California
Orange,2021-01-22,13501,197072,5059,107163,8442,89909,0,0,12683,129531,810,33783,12690,163314,California
Orange,2021-01-23,13081,210153,6166,113329,6915,96824,0,0,12122,140701,957,34740,12127,175441,California
Orange,2021-01-24,9786,219939,4274,117603,5512,102336,0,0,9472,149868,312,35052,9479,184920,California
Orange,2021-01-25,10368,230307,5814,123417,4554,106890,0,0,7676,154913,2685,37737,7730,192650,California
Orange,2021-01-26,11710,242017,7656,131073,4054,110944,0,0,9589,162385,2118,39855,9590,202240,California
Orange,2021-01-27,13308,255325,7945,139018,5363,116307,0,0,10663,170417,2634,42489,10666,212906,California
Orange,2021-01-28,12948,268273,7143,146161,5805,122112,0,0,11117,179723,1817,44306,11123,224029,California
Orange,2021-01-29,13505,281778,8369,154530,5136,127248,0,0,10686,187604,2809,47115,10690,234719,California
Orange,2021-01-30,12869,294647,4425,158955,8444,135692,0,0,12151,199051,705,47820,12152,246871,California
Orange,2021-01-31,13704,308351,4946,163901,8758,144450,0,0,13292,211936,409,48229,13294,260165,California
Orange,2021-02-01,13870,322221,5693,169594,8177,152627,0,0,11934,221954,1920,50149,11938,272103,California
Orange,2021-02-02,15297,337518,8332,177926,6965,159592,0,0,12592,231954,2595,52744,12595,284698,California
Orange,2021-02-03,16644,354162,12525,190451,4119,163711,0,0,13668,242726,2900,55644,13672,298370,California
Orange,2021-02-04,19647,373809,12820,203271,6827,170538,0,0,14612,252338,5004,60648,14616,312986,California
Orange,2021-02-05,20635,394444,11952,215223,8683,179221,0,0,14448,260639,6150,66798,14451,327437,California
Orange,2021-02-06,16272,410716,10762,225985,5510,184731,0,0,11044,266688,5213,72011,11262,338699,California
Orange,2021-02-07,11495,422211,8074,234059,3421,188152,0,0,7529,270433,3953,75964,7698,346397,California
Orange,2021-02-08,14753,436964,8471,242530,6282,194434,0,0,8825,273359,5901,81865,8827,355224,California
Orange,2021-02-09,17500,454464,11941,254471,5559,199993,0,0,10698,277330,6731,88596,10702,365926,California
Orange,2021-02-10,20803,475267,11104,265575,9699,209692,0,0,12694,282015,8016,96612,12701,378627,California
Orange,2021-02-11,21867,497134,11313,276888,10554,220246,0,0,12355,285020,9372,105984,12377,391004,California
Orange,2021-02-12,24637,521771,11872,288760,12765,233011,0,0,14605,289650,9983,115967,14613,405617,California
Orange,2021-02-13,21614,543385,11577,300337,10037,243048,0,0,11130,291144,10283,126250,11777,417394,California
Orange,2021-02-14,16126,559511,6564,306901,9562,252610,0,0,9528,294098,6577,132827,9531,426925,California
Orange,2021-02-15,17065,576576,7361,314262,9704,262314,0,0,8868,294816,8159,140986,8877,435802,California
Orange,2021-02-16,19839,596415,8929,323191,10910,273224,0,0,10744,296522,9062,150048,10768,446570,California
Orange,2021-02-17,17570,613985,9160,332351,8410,281634,0,0,9155,297331,8378,158426,9187,455757,California
Orange,2021-02-18,14517,628502,9510,341861,5007,286641,0,0,6712,296286,7767,166193,6722,462479,California
Orange,2021-02-19,17526,646028,10633,352494,6893,293534,0,0,6858,292526,10627,176820,6867,469346,California
Orange,2021-02-20,7153,653181,5370,357864,1783,295317,0,0,3546,292491,3591,180411,3556,472902,California
Orange,2021-02-21,4114,657295,3446,361310,668,295985,0,0,729,289857,3364,183775,730,473632,California
Orange,2021-02-22,9393,666688,7679,368989,1714,297699,0,0,3822,288151,5549,189324,3843,477475,California
Orange,2021-02-23,13072,679760,7106,376095,5966,303665,0,0,3572,282281,9456,198780,3586,481061,California
Orange,2021-02-24,20774,700534,12541,388636,8233,311898,0,0,5335,272247,15390,214170,5356,486417,California
Orange,2021-02-25,22306,722840,12032,400668,10274,322172,0,0,7998,266011,14258,228428,8022,494439,California
Orange,2021-02-26,27420,750260,13907,414575,13513,335685,0,0,11116,260939,16216,244644,11144,505583,California
Orange,2021-02-27,24793,775053,10017,424592,14775,350460,1,1,7261,250768,17450,262094,7279,512862,California
Orange,2021-02-28,18843,793896,7259,431851,11584,362044,0,1,4800,241618,13971,276065,4821,517683,California
Orange,2021-03-01,18069,811965,8259,440110,9808,371852,2,3,6967,237569,11051,287116,7002,524685,California
Orange,2021-03-02,14370,826335,7025,447135,7344,379196,1,4,8483,240228,5859,292975,8518,533203,California
Orange,2021-03-03,18555,844890,8758,455893,9797,388993,0,4,9548,240848,8949,301924,9569,542772,California
Orange,2021-03-04,19590,864480,11807,467700,7780,396773,3,7,10193,241702,9367,311291,10221,552993,California
Orange,2021-03-05,17500,881980,9410,477110,8049,404822,41,48,10782,245886,6696,317987,10880,563873,California
Orange,2021-03-06,18135,900115,10157,487267,7161,411983,817,865,9531,247685,8577,326564,10376,574249,California
Orange,2021-03-07,14041,914156,8042,495309,5638,417621,361,1226,8193,250447,5816,332380,8578,582827,California
Orange,2021-03-08,15406,929562,7085,502394,7152,424773,1169,2395,10008,256287,5367,337747,11207,594034,California
Orange,2021-03-09,19245,948807,8286,510680,8569,433342,2390,4785,11058,261595,8154,345901,13462,607496,California
Orange,2021-03-10,21186,969993,10486,521166,7782,441124,2918,7703,10694,264763,10455,356356,13623,621119,California
Orange,2021-03-11,27149,997142,14533,535699,8806,449930,3810,11513,12434,266470,14667,371023,16374,637493,California
Orange,2021-03-12,24900,1022042,12058,547757,9600,459530,3242,14755,12353,269590,12499,383522,15619,653112,California
Orange,2021-03-13,19368,1041410,7265,555022,9405,468935,2698,17453,9525,272014,9820,393342,12244,665356,California
Orange,2021-03-14,16286,1057696,7275,562297,6571,475506,2440,19893,10372,278953,5890,399232,12829,678185,California
Orange,2021-03-15,22605,1080301,9749,572046,12082,487588,774,20667,14291,285749,8285,407517,15081,693266,California
Orange,2021-03-16,26036,1106337,10862,582908,14918,502506,256,20923,16897,293840,9083,416600,17174,710440,California
Orange,2021-03-17,26425,1132762,13161,596069,12797,515303,467,21390,18838,305617,7545,424145,19322,729762,California
Orange,2021-03-18,21866,1154628,10855,606924,10857,526160,154,21544,16971,317901,4855,429000,17139,746901,California
Orange,2021-03-19,28117,1182745,15324,622248,12440,538600,353,21897,20963,332162,7079,436079,21340,768241,California
Orange,2021-03-20,20664,1203409,10969,633217,9533,548133,162,22059,17889,347488,2734,438813,18060,786301,California
Orange,2021-03-21,18073,1221482,10460,643677,6886,555019,727,22786,15409,360983,2648,441461,16143,802444,California
Orange,2021-03-22,22258,1243740,11458,655135,10491,565510,309,23095,18884,376875,3320,444781,19212,821656,California
Orange,2021-03-23,25446,1269186,13183,668318,11635,577145,628,23723,20477,393083,4912,449693,21120,842776,California
Orange,2021-03-24,28334,1297520,15787,684105,11684,588829,863,24586,21818,409321,6460,456153,22698,865474,California
Orange,2021-03-25,30590,1328110,15813,699918,14140,602969,637,25223,23766,426993,6770,462923,24442,889916,California
Orange,2021-03-26,33153,1361263,16802,716720,15544,618513,807,26030,24274,443342,8808,471731,25157,915073,California
Orange,2021-03-27,27009,1388272,12856,729576,13854,632367,299,26329,19543,455839,7408,479139,19905,934978,California
Orange,2021-03-28,23633,1411905,12465,742041,11105,643472,63,26392,17829,467996,5769,484908,17926,952904,California
Orange,2021-03-29,14137,1426042,5819,747860,7851,651323,467,26859,9896,474161,4219,489127,10384,963288,California
Placer,2020-12-15,29,29,29,29,0,0,0,0,29,29,0,0,29,29,California
Placer,2020-12-16,52,81,52,81,0,0,0,0,52,81,0,0,52,81,California
Placer,2020-12-17,141,222,141,222,0,0,0,0,141,222,0,0,141,222,California
Placer,2020-12-18,331,553,331,553,0,0,0,0,331,553,0,0,331,553,California
Placer,2020-12-19,248,801,248,801,0,0,0,0,248,801,0,0,248,801,California
Placer,2020-12-20,233,1034,233,1034,0,0,0,0,233,1034,0,0,233,1034,California
Placer,2020-12-21,495,1529,494,1528,1,1,0,0,495,1529,0,0,495,1529,California
Placer,2020-12-22,676,2205,670,2198,6,7,0,0,676,2205,0,0,676,2205,California
Placer,2020-12-23,741,2946,656,2854,85,92,0,0,741,2946,0,0,741,2946,California
Placer,2020-12-24,396,3342,345,3199,51,143,0,0,396,3342,0,0,396,3342,California
Placer,2020-12-26,159,3501,114,3313,45,188,0,0,159,3501,0,0,159,3501,California
Placer,2020-12-27,187,3688,163,3476,24,212,0,0,187,3688,0,0,187,3688,California
Placer,2020-12-28,665,4353,539,4015,126,338,0,0,665,4353,0,0,665,4353,California
Placer,2020-12-29,762,5115,514,4529,248,586,0,0,762,5115,0,0,762,5115,California
Placer,2020-12-30,727,5842,450,4979,277,863,0,0,725,5840,0,0,725,5840,California
Placer,2020-12-31,530,6372,344,5323,186,1049,0,0,530,6370,0,0,530,6370,California
Placer,2021-01-01,14,6386,10,5333,4,1053,0,0,14,6384,0,0,14,6384,California
Placer,2021-01-02,184,6570,152,5485,32,1085,0,0,184,6568,0,0,184,6568,California
Placer,2021-01-03,153,6723,78,5563,75,1160,0,0,153,6721,0,0,153,6721,California
Placer,2021-01-04,615,7338,176,5739,439,1599,0,0,615,7336,0,0,615,7336,California
Placer,2021-01-05,713,8051,156,5895,557,2156,0,0,631,7886,81,81,631,7967,California
Placer,2021-01-06,754,8805,242,6137,512,2668,0,0,614,8360,140,221,614,8581,California
Placer,2021-01-07,979,9784,364,6501,615,3283,0,0,776,8935,203,424,778,9359,California
Placer,2021-01-08,1180,10964,525,7026,655,3938,0,0,853,9464,324,748,853,10212,California
Placer,2021-01-09,446,11410,318,7344,128,4066,0,0,231,9481,214,962,231,10443,California
Placer,2021-01-10,326,11736,184,7528,142,4208,0,0,162,9479,164,1126,162,10605,California
Placer,2021-01-11,1423,13159,807,8335,616,4824,0,0,834,9725,589,1715,835,11440,California
Placer,2021-01-12,1636,14795,867,9202,769,5593,0,0,1031,10152,605,2320,1032,12472,California
Placer,2021-01-13,1625,16420,818,10020,807,6400,0,0,1209,10950,414,2734,1212,13684,California
Placer,2021-01-14,1732,18152,649,10669,1083,7483,0,0,1376,11974,353,3087,1377,15061,California
Placer,2021-01-15,1899,20051,715,11384,1184,8667,0,0,1546,13172,352,3439,1550,16611,California
Placer,2021-01-16,1471,21522,722,12106,749,9416,0,0,1349,14400,122,3561,1350,17961,California
Placer,2021-01-17,561,22083,395,12501,166,9582,0,0,429,14697,132,3693,429,18390,California
Placer,2021-01-18,977,23060,540,13041,437,10019,0,0,748,15217,229,3922,749,19139,California
Placer,2021-01-19,2554,25614,1948,14989,606,10625,0,0,2105,16874,449,4371,2106,21245,California
Placer,2021-01-20,2240,27854,1690,16679,550,11175,0,0,1912,18459,328,4699,1913,23158,California
Placer,2021-01-21,2520,30374,1112,17791,1408,12583,0,0,2125,20191,394,5093,2126,25284,California
Placer,2021-01-22,2269,32643,588,18379,1681,14264,0,0,2093,22113,174,5267,2096,27380,California
Placer,2021-01-23,1186,33829,378,18757,808,15072,0,0,1031,22989,155,5422,1031,28411,California
Placer,2021-01-24,506,34335,266,19023,240,15312,0,0,431,23346,75,5497,432,28843,California
Placer,2021-01-25,1641,35976,794,19817,847,16159,0,0,1360,24426,281,5778,1361,30204,California
Placer,2021-01-26,1827,37803,1026,20843,801,16960,0,0,1565,25729,262,6040,1565,31769,California
Placer,2021-01-27,1814,39617,1158,22001,656,17616,0,0,1573,27063,239,6279,1573,33342,California
Placer,2021-01-28,1771,41388,1105,23106,666,18282,0,0,1529,28350,242,6521,1529,34871,California
Placer,2021-01-29,1840,43228,1156,24262,684,18966,0,0,1653,29819,186,6707,1655,36526,California
Placer,2021-01-30,1717,44945,967,25229,750,19716,0,0,1600,31303,116,6823,1600,38126,California
Placer,2021-01-31,780,45725,623,25852,157,19873,0,0,709,31943,70,6893,710,38836,California
Placer,2021-02-01,2055,47780,1085,26937,970,20843,0,0,1747,33384,306,7199,1747,40583,California
Placer,2021-02-02,2361,50141,1540,28477,821,21664,0,0,1882,34789,477,7676,1882,42465,California
Placer,2021-02-03,2898,53039,1869,30346,1029,22693,0,0,2285,36465,609,8285,2285,44750,California
Placer,2021-02-04,2746,55785,1175,31521,1571,24264,0,0,1927,37576,817,9102,1928,46678,California
Placer,2021-02-05,2719,58504,1203,32724,1516,25780,0,0,1390,37643,1323,10425,1390,48068,California
Placer,2021-02-06,1921,60425,1287,34011,634,26414,0,0,1375,38472,546,10971,1375,49443,California
Placer,2021-02-07,1215,61640,906,34917,309,26723,0,0,937,39133,277,11248,938,50381,California
Placer,2021-02-08,3291,64931,1761,36678,1530,28253,0,0,1975,39800,1308,12556,1975,52356,California
Placer,2021-02-09,3527,68458,2163,38841,1364,29617,0,0,1622,39518,1904,14460,1622,53978,California
Placer,2021-02-10,3730,72188,2183,41024,1547,31164,0,0,1743,39279,1984,16444,1745,55723,California
Placer,2021-02-11,3604,75792,1889,42913,1715,32879,0,0,1575,38834,2021,18465,1576,57299,California
Placer,2021-02-12,2735,78527,1312,44225,1423,34302,0,0,1658,39431,1061,19526,1658,58957,California
Placer,2021-02-13,2532,81059,1493,45718,1039,35341,0,0,1880,40659,652,20178,1880,60837,California
Placer,2021-02-14,1071,82130,679,46397,392,35733,0,0,731,41053,337,20515,731,61568,California
Placer,2021-02-15,2134,84264,1028,47425,1106,36839,0,0,1489,41898,645,21160,1490,63058,California
Placer,2021-02-16,3520,87784,1787,49212,1733,38572,0,0,1582,41553,1929,23089,1584,64642,California
Placer,2021-02-17,3441,91225,1958,51170,1483,40055,0,0,1450,41015,1988,25077,1450,66092,California
Placer,2021-02-18,3592,94817,1948,53118,1644,41699,0,0,1504,40440,2079,27156,1504,67596,California
Placer,2021-02-19,3521,98338,1890,55008,1631,43330,0,0,1309,39541,2209,29365,1310,68906,California
Placer,2021-02-20,1943,100281,1210,56218,733,44063,0,0,860,39326,1078,30443,863,69769,California
Placer,2021-02-21,947,101228,725,56943,222,44285,0,0,260,38903,684,31127,261,70030,California
Placer,2021-02-22,2455,103683,1732,58675,723,45008,0,0,582,37614,1871,32998,582,70612,California
Placer,2021-02-23,2475,106158,1547,60222,928,45936,0,0,866,36874,1606,34604,866,71478,California
Placer,2021-02-24,3180,109338,1150,61372,2030,47966,0,0,1749,37202,1423,36027,1751,73229,California
Placer,2021-02-25,3372,112710,1380,62752,1992,49958,0,0,1771,37383,1595,37622,1776,75005,California
Placer,2021-02-26,4004,116714,2368,65120,1636,51594,0,0,2307,37999,1692,39314,2308,77313,California
Placer,2021-02-27,2761,119475,1450,66570,1311,52905,0,0,1428,38101,1327,40641,1429,78742,California
Placer,2021-02-28,1378,120853,792,67362,586,53491,0,0,572,37873,800,41441,572,79314,California
Placer,2021-03-01,2933,123786,1969,69331,964,54455,0,0,1495,37936,1433,42874,1496,80810,California
Placer,2021-03-02,2786,126572,1751,71082,1035,55490,0,0,1830,38821,949,43823,1834,82644,California
Placer,2021-03-03,2968,129540,1289,72371,1679,57169,0,0,1572,39002,1391,45214,1572,84216,California
Placer,2021-03-04,3154,132694,1198,73569,1956,59125,0,0,1616,39092,1526,46740,1616,85832,California
Placer,2021-03-05,2570,135264,801,74370,1748,60873,21,21,1492,39533,1073,47813,1514,87346,California
Placer,2021-03-06,2214,137478,1383,75753,760,61633,71,92,788,38973,1421,49234,861,88207,California
Placer,2021-03-07,1257,138735,744,76497,479,62112,34,126,501,38754,754,49988,535,88742,California
Placer,2021-03-08,2694,141429,1711,78208,880,62992,103,229,1491,39148,1201,51189,1595,90337,California
Placer,2021-03-09,2991,144420,1598,79806,1300,64292,93,322,1671,39596,1317,52506,1765,92102,California
Placer,2021-03-10,3003,147423,1218,81024,1704,65996,81,403,1493,39664,1505,54011,1573,93675,California
Placer,2021-03-11,3280,150703,1463,82487,1699,67695,118,521,1512,39535,1762,55773,1633,95308,California
Placer,2021-03-12,3241,153944,1367,83854,1165,68860,709,1230,1052,39113,2185,57958,1763,97071,California
Placer,2021-03-13,1878,155822,700,84554,1068,69928,110,1340,1053,39454,822,58780,1163,98234,California
Placer,2021-03-14,1472,157294,661,85215,681,70609,130,1470,837,39788,633,59413,967,99201,California
Placer,2021-03-15,3018,160312,1453,86668,1437,72046,128,1598,1629,40166,1381,60794,1759,100960,California
Placer,2021-03-16,3401,163713,1807,88475,1458,73504,136,1734,2150,41211,1241,62035,2286,103246,California
Placer,2021-03-17,3153,166866,1598,90073,1462,74966,93,1827,2005,42167,1144,63179,2100,105346,California
Placer,2021-03-18,2981,169847,1671,91744,1275,76241,35,1862,2121,43466,857,64036,2156,107502,California
Placer,2021-03-19,2772,172619,1692,93436,859,77100,221,2083,1708,44337,1058,65094,1929,109431,California
Placer,2021-03-20,1442,174061,641,94077,745,77845,56,2139,867,44688,573,65667,924,110355,California
Placer,2021-03-21,1200,175261,570,94647,623,78468,7,2146,918,45333,280,65947,925,111280,California
Placer,2021-03-22,3076,178337,1980,96627,996,79464,100,2246,2016,46397,1058,67005,2122,113402,California
Placer,2021-03-23,3295,181632,1969,98596,1239,80703,87,2333,2337,47867,954,67959,2424,115826,California
Placer,2021-03-24,3553,185185,1897,100493,1560,82263,96,2429,1825,48113,1715,69674,1961,117787,California
Placer,2021-03-25,3615,188800,1729,102222,1794,84057,92,2521,1635,47946,1971,71645,1804,119591,California
Placer,2021-03-26,3536,192336,1607,103829,1742,85799,187,2708,1520,47773,2007,73652,1834,121425,California
Placer,2021-03-27,1525,193861,427,104256,1078,86877,20,2728,644,47582,877,74529,686,122111,California
Placer,2021-03-28,983,194844,448,104704,524,87401,11,2739,330,47272,651,75180,341,122452,California
Placer,2021-03-29,2608,197452,1612,106316,987,88388,9,2748,1190,47074,1409,76589,1211,123663,California
Plumas,2020-12-18,4,4,4,4,0,0,0,0,4,4,0,0,4,4,California
Plumas,2020-12-19,1,5,1,5,0,0,0,0,1,5,0,0,1,5,California
Plumas,2020-12-21,45,50,45,50,0,0,0,0,45,50,0,0,45,50,California
Plumas,2020-12-22,92,142,92,142,0,0,0,0,92,142,0,0,92,142,California
Plumas,2020-12-23,50,192,50,192,0,0,0,0,50,192,0,0,50,192,California
Plumas,2020-12-24,6,198,6,198,0,0,0,0,6,198,0,0,6,198,California
Plumas,2020-12-28,8,206,0,198,8,8,0,0,8,206,0,0,8,206,California
Plumas,2020-12-29,32,238,22,220,10,18,0,0,32,238,0,0,32,238,California
Plumas,2020-12-30,22,260,1,221,21,39,0,0,22,260,0,0,22,260,California
Plumas,2020-12-31,4,264,1,222,3,42,0,0,4,264,0,0,4,264,California
Plumas,2021-01-04,9,273,3,225,6,48,0,0,9,273,0,0,9,273,California
Plumas,2021-01-05,23,296,2,227,21,69,0,0,22,295,0,0,22,295,California
Plumas,2021-01-06,125,421,6,233,119,188,0,0,125,420,0,0,125,420,California
Plumas,2021-01-07,55,476,2,235,53,241,0,0,54,473,1,1,54,474,California
Plumas,2021-01-08,12,488,5,240,7,248,0,0,8,477,4,5,8,482,California
Plumas,2021-01-09,2,490,2,242,0,248,0,0,1,477,1,6,1,483,California
Plumas,2021-01-11,59,549,50,292,9,257,0,0,12,442,47,53,12,495,California
Plumas,2021-01-12,154,703,86,378,68,325,0,0,70,428,84,137,70,565,California
Plumas,2021-01-13,55,758,50,428,5,330,0,0,9,391,46,183,9,574,California
Plumas,2021-01-14,96,854,14,442,82,412,0,0,91,477,5,188,91,665,California
Plumas,2021-01-15,62,916,7,449,55,467,0,0,60,535,2,190,60,725,California
Plumas,2021-01-16,58,974,1,450,57,524,0,0,58,593,0,190,58,783,California
Plumas,2021-01-18,3,977,2,452,1,525,0,0,3,596,0,190,3,786,California
Plumas,2021-01-19,37,1014,6,458,31,556,0,0,33,625,4,194,33,819,California
Plumas,2021-01-20,121,1135,3,461,118,674,0,0,119,742,2,196,119,938,California
Plumas,2021-01-21,112,1247,2,463,110,784,0,0,112,854,0,196,112,1050,California
Plumas,2021-01-22,3,1250,0,463,3,787,0,0,3,857,0,196,3,1053,California
Plumas,2021-01-23,92,1342,1,464,91,878,0,0,92,949,0,196,92,1145,California
Plumas,2021-01-24,1,1343,1,465,0,878,0,0,1,950,0,196,1,1146,California
Plumas,2021-01-25,8,1351,5,470,3,881,0,0,5,952,3,199,5,1151,California
Plumas,2021-01-26,60,1411,2,472,58,939,0,0,52,996,8,207,52,1203,California
Plumas,2021-01-27,25,1436,20,492,5,944,0,0,5,981,20,227,5,1208,California
Plumas,2021-01-28,23,1459,0,492,23,967,0,0,21,1000,2,229,21,1229,California
Plumas,2021-01-29,7,1466,2,494,5,972,0,0,6,1005,1,230,6,1235,California
Plumas,2021-01-30,7,1473,4,498,3,975,0,0,6,1010,1,231,6,1241,California
Plumas,2021-01-31,3,1476,3,501,0,975,0,0,3,1013,0,231,3,1244,California
Plumas,2021-02-01,15,1491,2,503,13,988,0,0,7,1012,8,239,7,1251,California
Plumas,2021-02-02,20,1511,1,504,19,1007,0,0,1,994,19,258,1,1252,California
Plumas,2021-02-03,126,1637,5,509,121,1128,0,0,12,893,113,371,12,1264,California
Plumas,2021-02-04,102,1739,8,517,94,1222,0,0,23,837,79,450,23,1287,California
Plumas,2021-02-05,25,1764,11,528,14,1236,0,0,9,830,16,466,9,1296,California
Plumas,2021-02-06,8,1772,1,529,7,1243,0,0,8,838,0,466,8,1304,California
Plumas,2021-02-08,17,1789,9,538,8,1251,0,0,4,829,13,479,4,1308,California
Plumas,2021-02-09,170,1959,1,539,169,1420,0,0,111,881,59,538,111,1419,California
Plumas,2021-02-10,91,2050,8,547,83,1503,0,0,83,956,8,546,83,1502,California
Plumas,2021-02-11,321,2371,6,553,315,1818,0,0,262,1159,59,605,262,1764,California
Plumas,2021-02-12,121,2492,3,556,118,1936,0,0,117,1272,4,609,117,1881,California
Plumas,2021-02-13,72,2564,3,559,69,2005,0,0,13,1226,59,668,13,1894,California
Plumas,2021-02-14,7,2571,4,563,3,2008,0,0,7,1233,0,668,7,1901,California
Plumas,2021-02-15,25,2596,3,566,22,2030,0,0,24,1256,1,669,24,1925,California
Plumas,2021-02-16,74,2670,4,570,70,2100,0,0,13,1208,61,730,13,1938,California
Plumas,2021-02-17,136,2806,5,575,131,2231,0,0,11,1094,125,855,11,1949,California
Plumas,2021-02-18,126,2932,6,581,120,2351,0,0,18,1004,108,963,18,1967,California
Plumas,2021-02-19,39,2971,3,584,36,2387,0,0,5,975,34,997,5,1972,California
Plumas,2021-02-20,103,3074,6,590,97,2484,0,0,11,894,92,1089,11,1983,California
Plumas,2021-02-21,6,3080,5,595,1,2485,0,0,2,892,4,1093,2,1985,California
Plumas,2021-02-22,3,3083,1,596,2,2487,0,0,0,889,3,1096,0,1985,California
Plumas,2021-02-23,20,3103,3,599,17,2504,0,0,13,895,7,1103,13,1998,California
Plumas,2021-02-24,452,3555,5,604,447,2951,0,0,442,1327,10,1113,442,2440,California
Plumas,2021-02-25,225,3780,6,610,219,3170,0,0,166,1434,59,1172,166,2606,California
Plumas,2021-02-26,259,4039,5,615,254,3424,0,0,255,1685,4,1176,255,2861,California
Plumas,2021-02-27,42,4081,6,621,36,3460,0,0,34,1711,8,1184,34,2895,California
Plumas,2021-02-28,1,4082,0,621,1,3461,0,0,1,1712,0,1184,1,2896,California
Plumas,2021-03-01,11,4093,4,625,7,3468,0,0,7,1715,4,1188,7,2903,California
Plumas,2021-03-02,9,4102,0,625,9,3477,0,0,6,1718,3,1191,6,2909,California
Plumas,2021-03-03,137,4239,8,633,129,3606,0,0,124,1829,13,1204,124,3033,California
Plumas,2021-03-04,212,4451,8,641,204,3810,0,0,192,2001,20,1224,192,3225,California
Plumas,2021-03-05,370,4821,5,646,359,4169,6,6,360,2357,10,1234,366,3591,California
Plumas,2021-03-06,16,4837,1,647,7,4176,8,14,3,2355,13,1247,11,3602,California
Plumas,2021-03-07,10,4847,1,648,1,4177,8,22,1,2355,9,1256,9,3611,California
Plumas,2021-03-08,33,4880,6,654,3,4180,24,46,6,2358,27,1283,30,3641,California
Plumas,2021-03-09,130,5010,2,656,115,4295,13,59,17,2275,113,1396,30,3671,California
Plumas,2021-03-10,199,5209,2,658,195,4490,2,61,75,2228,124,1520,77,3748,California
Plumas,2021-03-11,157,5366,5,663,147,4637,5,66,122,2320,35,1555,127,3875,California
Plumas,2021-03-12,526,5892,3,666,276,4913,247,313,17,2075,509,2064,264,4139,California
Plumas,2021-03-13,21,5913,5,671,4,4917,12,325,3,2073,18,2082,16,4155,California
Plumas,2021-03-14,11,5924,2,673,4,4921,5,330,2,2071,9,2091,7,4162,California
Plumas,2021-03-15,30,5954,1,674,23,4944,6,336,5,2057,25,2116,11,4173,California
Plumas,2021-03-16,28,5982,3,677,24,4968,1,337,18,2066,10,2126,19,4192,California
Plumas,2021-03-17,80,6062,13,690,66,5034,1,338,67,2121,13,2139,68,4260,California
Plumas,2021-03-18,50,6112,5,695,30,5064,15,353,7,2100,43,2182,22,4282,California
Plumas,2021-03-19,126,6238,1,696,124,5188,1,354,120,2217,5,2187,122,4404,California
Plumas,2021-03-20,16,6254,4,700,11,5199,1,355,10,2222,6,2193,11,4415,California
Plumas,2021-03-21,2,6256,2,702,0,5199,0,355,2,2224,0,2193,2,4417,California
Plumas,2021-03-22,160,6416,4,706,156,5355,0,355,153,2370,7,2200,153,4570,California
Plumas,2021-03-23,25,6441,1,707,24,5379,0,355,13,2371,12,2212,13,4583,California
Plumas,2021-03-24,600,7041,7,714,592,5971,1,356,180,2132,420,2632,181,4764,California
Plumas,2021-03-25,185,7226,6,720,177,6148,2,358,46,2039,139,2771,46,4810,California
Plumas,2021-03-26,312,7538,8,728,303,6451,1,359,46,1821,266,3037,48,4858,California
Plumas,2021-03-27,12,7550,1,729,10,6461,1,360,4,1818,8,3045,5,4863,California
Plumas,2021-03-28,2,7552,0,729,1,6462,1,361,0,1817,2,3047,1,4864,California
Plumas,2021-03-29,10,7562,5,734,5,6467,0,361,4,1815,6,3053,4,4868,California
Riverside,2020-12-15,4,4,4,4,0,0,0,0,4,4,0,0,4,4,California
Riverside,2020-12-16,65,69,65,69,0,0,0,0,65,69,0,0,65,69,California
Riverside,2020-12-17,803,872,803,872,0,0,0,0,803,872,0,0,803,872,California
Riverside,2020-12-18,1723,2595,1721,2593,2,2,0,0,1723,2595,0,0,1723,2595,California
Riverside,2020-12-19,1021,3616,1019,3612,2,4,0,0,1019,3613,1,1,1019,3614,California
Riverside,2020-12-20,1078,4694,1078,4690,0,4,0,0,1078,4691,0,1,1078,4692,California
Riverside,2020-12-21,2269,6963,2267,6957,2,6,0,0,2269,6960,0,1,2269,6961,California
Riverside,2020-12-22,2245,9208,2206,9163,39,45,0,0,2244,9204,0,1,2244,9205,California
Riverside,2020-12-23,2119,11327,1783,10946,336,381,0,0,2120,11324,0,1,2120,11325,California
Riverside,2020-12-24,824,12151,623,11569,201,582,0,0,824,12148,0,1,824,12149,California
Riverside,2020-12-25,28,12179,5,11574,23,605,0,0,28,12176,0,1,28,12177,California
Riverside,2020-12-26,402,12581,258,11832,144,749,0,0,402,12578,0,1,402,12579,California
Riverside,2020-12-27,362,12943,244,12076,118,867,0,0,362,12940,0,1,362,12941,California
Riverside,2020-12-28,1618,14561,1122,13198,496,1363,0,0,1618,14558,0,1,1618,14559,California
Riverside,2020-12-29,1735,16296,970,14168,765,2128,0,0,1735,16293,0,1,1735,16294,California
Riverside,2020-12-30,2563,18859,1678,15846,885,3013,0,0,2562,18855,0,1,2562,18856,California
Riverside,2020-12-31,1019,19878,395,16241,624,3637,0,0,1021,19876,0,1,1021,19877,California
Riverside,2021-01-01,96,19974,35,16276,61,3698,0,0,96,19972,0,1,96,19973,California
Riverside,2021-01-02,824,20798,689,16965,135,3833,0,0,824,20796,0,1,824,20797,California
Riverside,2021-01-03,342,21140,296,17261,46,3879,0,0,341,21137,0,1,341,21138,California
Riverside,2021-01-04,1252,22392,792,18053,460,4339,0,0,1252,22389,0,1,1252,22390,California
Riverside,2021-01-05,1979,24371,1361,19414,618,4957,0,0,1882,24180,91,92,1882,24272,California
Riverside,2021-01-06,2459,26830,1095,20509,1364,6321,0,0,2154,26034,301,393,2155,26427,California
Riverside,2021-01-07,2751,29581,1809,22318,942,7263,0,0,1692,26677,1055,1448,1698,28125,California
Riverside,2021-01-08,4009,33590,2925,25243,1084,8347,0,0,2207,27087,1798,3246,2208,30333,California
Riverside,2021-01-09,2068,35658,840,26083,1228,9575,0,0,1723,28467,343,3589,1723,32056,California
Riverside,2021-01-10,1660,37318,732,26815,928,10503,0,0,1057,28921,603,4192,1057,33113,California
Riverside,2021-01-11,4492,41810,3089,29904,1403,11906,0,0,2767,29967,1723,5915,2769,35882,California
Riverside,2021-01-12,3387,45197,2715,32619,672,12578,0,0,1706,29998,1676,7591,1707,37589,California
Riverside,2021-01-13,4372,49569,2865,35484,1507,14085,0,0,2775,31179,1594,9185,2775,40364,California
Riverside,2021-01-14,5428,54997,1857,37341,3571,17656,0,0,4844,35439,584,9769,4844,45208,California
Riverside,2021-01-15,6125,61122,2091,39432,4034,21690,0,0,5836,40988,288,10057,5837,51045,California
Riverside,2021-01-16,3613,64735,1015,40447,2598,24288,0,0,3367,44110,246,10303,3368,54413,California
Riverside,2021-01-17,3600,68335,579,41026,3021,27309,0,0,3405,47321,194,10497,3405,57818,California
Riverside,2021-01-18,3698,72033,2002,43028,1696,29005,0,0,2695,49013,1003,11500,2695,60513,California
Riverside,2021-01-19,7382,79415,2631,45659,4751,33756,0,0,6267,54168,1115,12615,6270,66783,California
Riverside,2021-01-20,7941,87356,2857,48516,5084,38840,0,0,6464,59166,1468,14083,6466,73249,California
Riverside,2021-01-21,8201,95557,3363,51879,4838,43678,0,0,7588,66139,615,14698,7588,80837,California
Riverside,2021-01-22,8671,104228,2964,54843,5707,49385,0,0,8242,73954,428,15126,8243,89080,California
Riverside,2021-01-23,5926,110154,2394,57237,3532,52917,0,0,5200,78429,726,15852,5201,94281,California
Riverside,2021-01-24,3039,113193,1431,58668,1608,54525,0,0,2828,81049,209,16061,2829,97110,California
Riverside,2021-01-25,7854,121047,4531,63199,3323,57848,0,0,6733,86669,1119,17180,6739,103849,California
Riverside,2021-01-26,9068,130115,5718,68917,3350,61198,0,0,7561,92731,1505,18685,7567,111416,California
Riverside,2021-01-27,10494,140609,6180,75097,4314,65512,0,0,8994,100230,1497,20182,8996,120412,California
Riverside,2021-01-28,11380,151989,6707,81804,4673,70185,0,0,10229,109318,1143,21325,10231,130643,California
Riverside,2021-01-29,11833,163822,7224,89028,4609,74794,0,0,10469,118455,1337,22662,10474,141117,California
Riverside,2021-01-30,9029,172851,4598,93626,4431,79225,0,0,8581,126592,446,23108,8583,149700,California
Riverside,2021-01-31,5162,178013,4261,97887,901,80126,0,0,5036,131508,123,23231,5039,154739,California
Riverside,2021-02-01,10808,188821,6681,104568,4127,84253,0,0,9039,138787,1764,24995,9043,163782,California
Riverside,2021-02-02,9393,198214,4773,109341,4620,88873,0,0,7921,145246,1465,26460,7924,171706,California
Riverside,2021-02-03,12017,210231,4984,114325,7033,95906,0,0,9792,152824,2214,28674,9792,181498,California
Riverside,2021-02-04,13541,223772,6066,120391,7475,103381,0,0,11456,162211,2078,30752,11465,192963,California
Riverside,2021-02-05,14308,238080,5398,125789,8910,112291,0,0,11289,170495,3012,33764,11296,204259,California
Riverside,2021-02-06,7251,245331,4279,130068,2972,115263,0,0,5625,174503,1620,35384,5628,209887,California
Riverside,2021-02-07,2203,247534,812,130880,1391,116654,0,0,1893,176087,310,35694,1894,211781,California
Riverside,2021-02-08,12459,259993,5533,136413,6926,123580,0,0,10186,184022,2255,37949,10190,221971,California
Riverside,2021-02-09,9648,269641,4515,140928,5133,128713,0,0,7743,189874,1897,39846,7749,229720,California
Riverside,2021-02-10,12017,281658,6995,147923,5022,133735,0,0,8925,195724,3083,42929,8933,238653,California
Riverside,2021-02-11,16491,298149,9025,156948,7466,141201,0,0,12147,203561,4324,47253,12161,250814,California
Riverside,2021-02-12,17638,315787,10818,167766,6820,148021,0,0,12807,211588,4792,52045,12819,263633,California
Riverside,2021-02-13,6306,322093,2113,169879,4193,152214,0,0,3073,211467,3217,55262,3096,266729,California
Riverside,2021-02-14,4947,327040,1146,171025,3801,156015,0,0,2195,210915,2748,58010,2196,268925,California
Riverside,2021-02-15,9792,336832,4985,176010,4807,160822,0,0,5400,211936,4386,62396,5407,274332,California
Riverside,2021-02-16,16141,352973,10156,186166,5985,166807,0,0,9304,214428,6829,69225,9321,283653,California
Riverside,2021-02-17,14962,367935,8178,194344,6784,173591,0,0,7548,214580,7403,76628,7555,291208,California
Riverside,2021-02-18,15392,383327,8873,203217,6519,180110,0,0,7992,215200,7383,84011,8003,299211,California
Riverside,2021-02-19,15187,398514,8166,211383,7021,187131,0,0,7174,214393,7995,92006,7188,306399,California
Riverside,2021-02-20,7910,406424,4125,215508,3785,190916,0,0,2049,210598,5847,97853,2052,308451,California
Riverside,2021-02-21,3315,409739,2813,218321,502,191418,0,0,1028,209348,2278,100131,1028,309479,California
Riverside,2021-02-22,12195,421934,7614,225935,4581,195999,0,0,5045,207258,7140,107271,5050,314529,California
Riverside,2021-02-23,11045,432979,7538,233473,3507,199506,0,0,5421,207085,5601,112872,5428,319957,California
Riverside,2021-02-24,14677,447656,8024,241497,6653,206159,0,0,6384,205251,8252,121124,6418,326375,California
Riverside,2021-02-25,17047,464703,7260,248757,9787,215946,0,0,7926,204112,9101,130225,7962,334337,California
Riverside,2021-02-26,18162,482865,6677,255434,11485,227431,0,0,9063,204165,9046,139271,9099,343436,California
Riverside,2021-02-27,11259,494124,4890,260324,6369,233800,0,0,5638,204247,5589,144860,5671,349107,California
Riverside,2021-02-28,4624,498748,3003,263327,1621,235421,0,0,2415,204471,2200,147060,2424,351531,California
Riverside,2021-03-01,14066,512814,6013,269340,8052,243473,1,1,8297,207086,5743,152803,8358,359889,California
Riverside,2021-03-02,14660,527474,7211,276551,7448,250921,1,2,8683,209860,5948,158751,8722,368611,California
Riverside,2021-03-03,16106,543580,7886,284437,8220,259141,0,2,6770,207471,9293,168044,6904,375515,California
Riverside,2021-03-04,15152,558732,5590,290027,9558,268699,4,6,7356,207217,7756,175800,7502,383017,California
Riverside,2021-03-05,14920,573652,6187,296214,8700,277399,33,39,7650,207945,7230,183030,7958,390975,California
Riverside,2021-03-06,8090,581742,4187,300401,3470,280869,433,472,4153,208638,3925,186955,4618,395593,California
Riverside,2021-03-07,3874,585616,2588,302989,914,281783,372,844,1824,208803,2042,188997,2207,397800,California
Riverside,2021-03-08,8824,594440,3476,306465,4984,286767,364,1208,3855,208105,4957,193954,4259,402059,California
Riverside,2021-03-09,12346,606786,5748,312213,6150,292917,448,1656,4970,206276,7362,201316,5533,407592,California
Riverside,2021-03-10,12615,619401,6375,318588,5450,298367,790,2446,5003,204621,7579,208895,5924,413516,California
Riverside,2021-03-11,16091,635492,7914,326502,6718,305085,1459,3905,6267,202728,9794,218689,7901,421417,California
Riverside,2021-03-12,17441,652933,6629,333131,6810,311895,4002,7907,5700,200974,11718,230407,9964,431381,California
Riverside,2021-03-13,6740,659673,1931,335062,3735,315630,1074,8981,3577,202563,3149,233556,4738,436119,California
Riverside,2021-03-14,3641,663314,1238,336300,1159,316789,1244,10225,1613,203400,2021,235577,2858,438977,California
Riverside,2021-03-15,17900,681214,7595,343895,8693,325482,1612,11837,8594,204425,9274,244851,10299,449276,California
Riverside,2021-03-16,20238,701452,9699,353594,9702,335184,837,12674,10813,206775,9373,254224,11723,460999,California
Riverside,2021-03-17,20003,721455,10367,363961,8622,343806,1014,13688,11718,211313,8258,262482,12796,473795,California
Riverside,2021-03-18,18381,739836,9646,373607,7282,351088,1453,15141,9924,214284,8419,270901,11390,485185,California
Riverside,2021-03-19,19996,759832,10871,384478,8226,359314,899,16040,11602,218585,8357,279258,12658,497843,California
Riverside,2021-03-20,7901,767733,4851,389329,2078,361392,972,17012,4980,221639,2901,282159,5955,503798,California
Riverside,2021-03-21,3493,771226,2727,392056,532,361924,234,17246,2374,223143,1109,283268,2613,506411,California
Riverside,2021-03-22,15884,787110,9422,401478,5928,367852,534,17780,10013,227862,5834,289102,10553,516964,California
Riverside,2021-03-23,17775,804885,9981,411459,7388,375240,406,18186,11397,233373,6326,295428,11837,528801,California
Riverside,2021-03-24,17769,822654,9783,421242,7856,383096,130,18316,12247,240287,5488,300916,12402,541203,California
Riverside,2021-03-25,19946,842600,10950,432192,8819,391915,177,18493,13497,247696,6395,307311,13804,555007,California
Riverside,2021-03-26,22769,865369,11085,443277,11577,403492,107,18600,14189,253632,8499,315810,14435,569442,California
Riverside,2021-03-27,8287,873656,4185,447462,3081,406573,1021,19621,4060,254552,4211,320021,5131,574573,California
Riverside,2021-03-28,4441,878097,2861,450323,1494,408067,86,19707,2678,255592,1756,321777,2796,577369,California
Riverside,2021-03-29,9521,887618,4410,454733,5047,413114,64,19771,6424,259040,3077,324854,6525,583894,California
Sacramento,2020-12-15,314,314,314,314,0,0,0,0,314,314,0,0,314,314,California
Sacramento,2020-12-16,645,959,645,959,0,0,0,0,645,959,0,0,645,959,California
Sacramento,2020-12-17,647,1606,647,1606,0,0,0,0,647,1606,0,0,647,1606,California
Sacramento,2020-12-18,971,2577,968,2574,3,3,0,0,971,2577,0,0,971,2577,California
Sacramento,2020-12-19,615,3192,615,3189,0,3,0,0,615,3192,0,0,615,3192,California
Sacramento,2020-12-20,633,3825,633,3822,0,3,0,0,633,3825,0,0,633,3825,California
Sacramento,2020-12-21,1672,5497,1671,5493,1,4,0,0,1673,5498,0,0,1673,5498,California
Sacramento,2020-12-22,2095,7592,2064,7557,31,35,0,0,2095,7593,0,0,2095,7593,California
Sacramento,2020-12-23,2238,9830,2075,9632,163,198,0,0,2238,9831,0,0,2238,9831,California
Sacramento,2020-12-24,1043,10873,832,10464,211,409,0,0,1042,10872,1,1,1042,10873,California
Sacramento,2020-12-25,1,10874,0,10464,1,410,0,0,1,10873,0,1,1,10874,California
Sacramento,2020-12-26,508,11382,291,10755,217,627,0,0,508,11381,0,1,508,11382,California
Sacramento,2020-12-27,349,11731,247,11002,102,729,0,0,349,11730,0,1,349,11731,California
Sacramento,2020-12-28,1897,13628,1319,12321,578,1307,0,0,1896,13625,1,2,1896,13627,California
Sacramento,2020-12-29,1942,15570,1184,13505,758,2065,0,0,1942,15567,0,2,1942,15569,California
Sacramento,2020-12-30,2554,18124,1461,14966,1093,3158,0,0,2555,18122,0,2,2555,18124,California
Sacramento,2020-12-31,1215,19339,690,15656,525,3683,0,0,1215,19337,0,2,1215,19339,California
Sacramento,2021-01-01,69,19408,60,15716,9,3692,0,0,69,19406,0,2,69,19408,California
Sacramento,2021-01-02,565,19973,361,16077,204,3896,0,0,565,19971,0,2,565,19973,California
Sacramento,2021-01-03,406,20379,218,16295,188,4084,0,0,406,20377,0,2,406,20379,California
Sacramento,2021-01-04,1964,22343,848,17143,1116,5200,0,0,1960,22334,3,5,1960,22339,California
Sacramento,2021-01-05,2197,24540,988,18131,1209,6409,0,0,1850,23836,348,353,1850,24189,California
Sacramento,2021-01-06,2728,27268,1630,19761,1098,7507,0,0,1952,25015,773,1126,1952,26141,California
Sacramento,2021-01-07,2820,30088,1506,21267,1314,8821,0,0,1957,26112,861,1987,1958,28099,California
Sacramento,2021-01-08,3278,33366,2087,23354,1191,10012,0,0,2245,27328,1030,3017,2246,30345,California
Sacramento,2021-01-09,1287,34653,800,24154,487,10499,0,0,897,27837,388,3405,897,31242,California
Sacramento,2021-01-10,1242,35895,711,24865,531,11030,0,0,771,28139,470,3875,772,32014,California
Sacramento,2021-01-11,4324,40219,2939,27804,1385,12415,0,0,2405,28627,1918,5793,2406,34420,California
Sacramento,2021-01-12,4395,44614,3020,30824,1375,13790,0,0,2437,29107,1957,7750,2437,36857,California
Sacramento,2021-01-13,3764,48378,2160,32984,1604,15394,0,0,2352,30049,1411,9161,2353,39210,California
Sacramento,2021-01-14,4567,52945,2345,35329,2222,17616,0,0,3650,32786,913,10074,3650,42860,California
Sacramento,2021-01-15,4390,57335,2269,37598,2121,19737,0,0,3663,35727,725,10799,3666,46526,California
Sacramento,2021-01-16,2091,59426,1293,38891,798,20535,0,0,1874,37384,217,11016,1874,48400,California
Sacramento,2021-01-17,1630,61056,951,39842,679,21214,0,0,1453,38662,177,11193,1455,49855,California
Sacramento,2021-01-18,2846,63902,1762,41604,1084,22298,0,0,2324,40465,522,11715,2325,52180,California
Sacramento,2021-01-19,4595,68497,3050,44654,1545,23843,0,0,3334,42544,1261,12976,3340,55520,California
Sacramento,2021-01-20,4748,73245,2811,47465,1937,25780,0,0,3545,44887,1205,14181,3548,59068,California
Sacramento,2021-01-21,5163,78408,2981,50446,2182,27962,0,0,4201,48133,956,15137,4202,63270,California
Sacramento,2021-01-22,4955,83363,2636,53082,2319,30281,0,0,4651,52482,302,15439,4651,67921,California
Sacramento,2021-01-23,3720,87083,1556,54638,2164,32445,0,0,3266,55294,454,15893,3266,71187,California
Sacramento,2021-01-24,1547,88630,971,55609,576,33021,0,0,1310,56367,237,16130,1310,72497,California
Sacramento,2021-01-25,4332,92962,2108,57717,2224,35245,0,0,2916,57872,1416,17546,2921,75418,California
Sacramento,2021-01-26,4668,97630,2125,59842,2543,37788,0,0,3467,60144,1199,18745,3471,78889,California
Sacramento,2021-01-27,5779,103409,3041,62883,2738,40526,0,0,4179,62729,1596,20341,4181,83070,California
Sacramento,2021-01-28,5325,108734,2698,65581,2627,43153,0,0,4242,65890,1082,21423,4243,87313,California
Sacramento,2021-01-29,5352,114086,2927,68508,2425,45578,0,0,4335,69218,1010,22433,4338,91651,California
Sacramento,2021-01-30,4478,118564,2184,70692,2294,47872,0,0,4049,72838,429,22862,4049,95700,California
Sacramento,2021-01-31,2276,120840,1989,72681,287,48159,0,0,1996,74558,277,23139,1997,97697,California
Sacramento,2021-02-01,5878,126718,2998,75679,2880,51039,0,0,4228,77139,1648,24787,4229,101926,California
Sacramento,2021-02-02,6802,133520,3734,79413,3068,54107,0,0,4746,79837,2049,26836,4747,106673,California
Sacramento,2021-02-03,7035,140555,3538,82951,3497,57604,0,0,5186,83185,1840,28676,5188,111861,California
Sacramento,2021-02-04,7661,148216,3618,86569,4043,61647,0,0,5466,86466,2185,30861,5466,117327,California
Sacramento,2021-02-05,7691,155907,4351,90920,3340,64987,0,0,4794,88386,2876,33737,4796,122123,California
Sacramento,2021-02-06,8375,164282,3422,94342,4953,69940,0,0,7050,94114,1323,35060,7051,129174,California
Sacramento,2021-02-07,3993,168275,2115,96457,1878,71818,0,0,2776,95681,1210,36270,2777,131951,California
Sacramento,2021-02-08,6144,174419,3186,99643,2958,74776,0,0,3861,97264,2279,38549,3862,135813,California
Sacramento,2021-02-09,6702,181121,3508,103151,3194,77970,0,0,3917,98401,2780,41329,3917,139730,California
Sacramento,2021-02-10,7560,188681,4171,107322,3389,81359,0,0,4474,99803,3074,44403,4476,144206,California
Sacramento,2021-02-11,8568,197249,4935,112257,3633,84992,0,0,4660,100567,3897,48300,4661,148867,California
Sacramento,2021-02-12,10289,207538,4122,116379,6167,91159,0,0,6236,102785,4020,52320,6238,155105,California
Sacramento,2021-02-13,7512,215050,2970,119349,4542,95701,0,0,5941,107157,1569,53889,5941,161046,California
Sacramento,2021-02-14,3000,218050,1891,121240,1109,96810,0,0,1988,108141,1009,54898,1993,163039,California
Sacramento,2021-02-15,5658,223708,2019,123259,3639,100449,0,0,3899,110293,1752,56650,3904,166943,California
Sacramento,2021-02-16,8804,232512,4185,127444,4619,105068,0,0,5255,112011,3542,60192,5260,172203,California
Sacramento,2021-02-17,8634,241146,4964,132408,3670,108738,0,0,5029,113450,3595,63787,5034,177237,California
Sacramento,2021-02-18,8708,249854,4988,137396,3720,112458,0,0,4984,114720,3717,67504,4987,182224,California
Sacramento,2021-02-19,9963,259817,6114,143510,3849,116307,0,0,5886,116546,4064,71568,5890,188114,California
Sacramento,2021-02-20,7260,267077,5317,148827,1943,118250,0,0,4229,117752,3024,74592,4230,192344,California
Sacramento,2021-02-21,2742,269819,2180,151007,562,118812,0,0,930,116877,1807,76399,932,193276,California
Sacramento,2021-02-22,6097,275916,3698,154705,2399,121211,0,0,2631,116055,3459,79858,2637,195913,California
Sacramento,2021-02-23,6842,282758,4371,159076,2471,123682,0,0,3407,116042,3422,83280,3409,199322,California
Sacramento,2021-02-24,9213,291971,5213,164289,4000,127682,0,0,5031,116914,4164,87444,5036,204358,California
Sacramento,2021-02-25,9564,301535,5266,169555,4298,131980,0,0,5223,117807,4331,91775,5224,209582,California
Sacramento,2021-02-26,13331,314866,6378,175933,6953,138933,0,0,9182,122872,4120,95895,9185,218767,California
Sacramento,2021-02-27,10097,324963,6109,182042,3988,142921,0,0,7323,127438,2760,98655,7326,226093,California
Sacramento,2021-02-28,5385,330348,2089,184131,3296,146217,0,0,2490,127048,2885,101540,2495,228588,California
Sacramento,2021-03-01,7692,338040,3367,187498,4325,150542,0,0,4062,127503,3611,105151,4066,232654,California
Sacramento,2021-03-02,8577,346617,3920,191418,4656,155198,1,1,5323,129590,3241,108392,5328,237982,California
Sacramento,2021-03-03,9366,355983,4575,195993,4789,159987,2,3,5435,131113,3914,112306,5437,243419,California
Sacramento,2021-03-04,10029,366012,4354,200347,5672,165659,3,6,5473,132063,4532,116838,5482,248901,California
Sacramento,2021-03-05,8212,374224,3671,204018,4513,170172,28,34,5018,133935,3174,120012,5046,253947,California
Sacramento,2021-03-06,7064,381288,2770,206788,4174,174346,120,154,3579,134172,3466,123478,3703,257650,California
Sacramento,2021-03-07,7381,388669,2127,208915,5171,179517,83,237,3571,134019,3806,127284,3653,261303,California
Sacramento,2021-03-08,8285,396954,3839,212754,4242,183759,204,441,5268,136488,3006,130290,5475,266778,California
Sacramento,2021-03-09,9131,406085,4343,217097,4531,188290,257,698,5202,138031,3916,134206,5459,272237,California
Sacramento,2021-03-10,10693,416778,7241,224338,3167,191457,285,983,6047,139737,4628,138834,6334,278571,California
Sacramento,2021-03-11,12777,429555,8248,232586,3818,195275,711,1694,7446,142583,5310,144144,8156,286727,California
Sacramento,2021-03-12,15514,445069,7437,240023,7320,202595,757,2451,7042,141959,8445,152589,7821,294548,California
Sacramento,2021-03-13,12066,457135,3468,243491,8200,210795,398,2849,7654,145626,4403,156992,8070,302618,California
Sacramento,2021-03-14,7505,464640,3252,246743,3633,214428,620,3469,4092,146941,3396,160388,4711,307329,California
Sacramento,2021-03-15,11300,475940,4746,251489,5897,220325,657,4126,6506,149334,4777,165165,7170,314499,California
Sacramento,2021-03-16,13446,489386,6067,257556,6749,227074,630,4756,8206,152955,5216,170381,8837,323336,California
Sacramento,2021-03-17,12413,501799,6186,263742,5648,232722,579,5335,7909,156969,4478,174859,8492,331828,California
Sacramento,2021-03-18,10661,512460,5111,268853,5097,237819,453,5788,6878,160545,3757,178616,7333,339161,California
Sacramento,2021-03-19,11749,524209,6037,274890,4648,242467,1064,6852,5557,161000,6171,184787,6626,345787,California
Sacramento,2021-03-20,8466,532675,5234,280124,3035,245502,197,7049,5533,163816,2916,187703,5732,351519,California
Sacramento,2021-03-21,5463,538138,2688,282812,2735,248237,40,7089,4834,168076,622,188325,4882,356401,California
Sacramento,2021-03-22,8861,546999,4563,287375,3553,251790,745,7834,5954,171892,2891,191216,6707,363108,California
Sacramento,2021-03-23,10717,557716,6482,293857,3466,255256,769,8603,6856,175712,3823,195039,7643,370751,California
Sacramento,2021-03-24,11036,568752,6986,300843,3467,258723,583,9186,6354,178062,4653,199692,7003,377754,California
Sacramento,2021-03-25,11627,580379,6377,307220,4470,263193,780,9966,6698,180823,4904,204596,7665,385419,California
Sacramento,2021-03-26,16375,596754,7720,314940,8184,271377,471,10437,7843,181565,8489,213085,9231,394650,California
Sacramento,2021-03-27,8561,605315,2750,317690,5541,276918,270,10707,4413,182349,4122,217207,4906,399556,California
Sacramento,2021-03-28,5261,610576,2104,319794,2916,279834,241,10948,2023,181407,3235,220442,2293,401849,California
Sacramento,2021-03-29,7623,618199,4133,323927,3326,283160,164,11112,3929,181867,3683,224125,4143,405992,California
San Benito,2020-12-16,2,2,2,2,0,0,0,0,2,2,0,0,2,2,California
San Benito,2020-12-17,9,11,9,11,0,0,0,0,9,11,0,0,9,11,California
San Benito,2020-12-18,34,45,34,45,0,0,0,0,34,45,0,0,34,45,California
San Benito,2020-12-19,48,93,48,93,0,0,0,0,48,93,0,0,48,93,California
San Benito,2020-12-20,22,115,21,114,1,1,0,0,22,115,0,0,22,115,California
San Benito,2020-12-21,47,162,47,161,0,1,0,0,47,162,0,0,47,162,California
San Benito,2020-12-22,59,221,59,220,0,1,0,0,59,221,0,0,59,221,California
San Benito,2020-12-23,48,269,36,256,12,13,0,0,48,269,0,0,48,269,California
San Benito,2020-12-24,12,281,4,260,8,21,0,0,12,281,0,0,12,281,California
San Benito,2020-12-25,4,285,4,264,0,21,0,0,4,285,0,0,4,285,California
San Benito,2020-12-26,13,298,4,268,9,30,0,0,13,298,0,0,13,298,California
San Benito,2020-12-27,8,306,7,275,1,31,0,0,8,306,0,0,8,306,California
San Benito,2020-12-28,63,369,36,311,27,58,0,0,63,369,0,0,63,369,California
San Benito,2020-12-29,49,418,20,331,29,87,0,0,49,418,0,0,49,418,California
San Benito,2020-12-30,59,477,36,367,23,110,0,0,59,477,0,0,59,477,California
San Benito,2020-12-31,19,496,2,369,17,127,0,0,19,496,0,0,19,496,California
San Benito,2021-01-02,25,521,24,393,1,128,0,0,25,521,0,0,25,521,California
San Benito,2021-01-03,3,524,1,394,2,130,0,0,3,524,0,0,3,524,California
San Benito,2021-01-04,62,586,23,417,39,169,0,0,62,586,0,0,62,586,California
San Benito,2021-01-05,118,704,36,453,82,251,0,0,115,698,3,3,115,701,California
San Benito,2021-01-06,95,799,40,493,55,306,0,0,81,765,14,17,81,782,California
San Benito,2021-01-07,78,877,42,535,36,342,0,0,51,789,27,44,51,833,California
San Benito,2021-01-08,129,1006,66,601,63,405,0,0,87,834,42,86,87,920,California
San Benito,2021-01-09,44,1050,32,633,12,417,0,0,29,848,15,101,29,949,California
San Benito,2021-01-10,16,1066,14,647,2,419,0,0,5,842,11,112,5,954,California
San Benito,2021-01-11,97,1163,54,701,43,462,0,0,49,843,48,160,49,1003,California
San Benito,2021-01-12,154,1317,51,752,103,565,0,0,119,927,35,195,119,1122,California
San Benito,2021-01-13,187,1504,33,785,154,719,0,0,162,1064,25,220,162,1284,California
San Benito,2021-01-14,116,1620,27,812,89,808,0,0,97,1142,19,239,97,1381,California
San Benito,2021-01-15,213,1833,21,833,192,1000,0,0,199,1327,14,253,199,1580,California
San Benito,2021-01-16,29,1862,10,843,19,1019,0,0,23,1344,6,259,23,1603,California
San Benito,2021-01-17,10,1872,5,848,5,1024,0,0,7,1348,3,262,7,1610,California
San Benito,2021-01-18,38,1910,24,872,14,1038,0,0,22,1354,16,278,22,1632,California
San Benito,2021-01-19,150,2060,63,935,87,1125,0,0,124,1452,26,304,124,1756,California
San Benito,2021-01-20,260,2320,80,1015,180,1305,0,0,215,1623,44,348,215,1971,California
San Benito,2021-01-21,123,2443,30,1045,93,1398,0,0,99,1698,24,372,99,2070,California
San Benito,2021-01-22,232,2675,20,1065,212,1610,0,0,221,1908,11,383,221,2291,California
San Benito,2021-01-23,32,2707,18,1083,14,1624,0,0,14,1904,18,401,14,2305,California
San Benito,2021-01-24,11,2718,3,1086,8,1632,0,0,7,1907,4,405,7,2312,California
San Benito,2021-01-25,67,2785,25,1111,42,1674,0,0,22,1884,45,450,22,2334,California
San Benito,2021-01-26,135,2920,41,1152,94,1768,0,0,82,1913,53,503,82,2416,California
San Benito,2021-01-27,231,3151,69,1221,162,1930,0,0,190,2062,41,544,190,2606,California
San Benito,2021-01-28,152,3303,30,1251,122,2052,0,0,121,2153,30,574,121,2727,California
San Benito,2021-01-29,286,3589,32,1283,254,2306,0,0,262,2392,23,597,262,2989,California
San Benito,2021-01-30,45,3634,27,1310,18,2324,0,0,26,2399,19,616,26,3015,California
San Benito,2021-01-31,22,3656,10,1320,12,2336,0,0,12,2402,9,625,12,3027,California
San Benito,2021-02-01,133,3789,29,1349,104,2440,0,0,87,2443,46,671,87,3114,California
San Benito,2021-02-02,223,4012,48,1397,175,2615,0,0,133,2486,90,761,133,3247,California
San Benito,2021-02-03,332,4344,41,1438,291,2906,0,0,268,2690,64,825,268,3515,California
San Benito,2021-02-04,159,4503,24,1462,135,3041,0,0,116,2763,43,868,116,3631,California
San Benito,2021-02-05,291,4794,40,1502,251,3292,0,0,229,2930,62,930,229,3860,California
San Benito,2021-02-06,50,4844,10,1512,40,3332,0,0,34,2948,16,946,34,3894,California
San Benito,2021-02-07,14,4858,6,1518,8,3340,0,0,13,2960,1,947,13,3907,California
San Benito,2021-02-08,132,4990,15,1533,117,3457,0,0,87,3002,45,992,87,3994,California
San Benito,2021-02-09,324,5314,63,1596,261,3718,0,0,193,3064,131,1123,193,4187,California
San Benito,2021-02-10,320,5634,89,1685,231,3949,0,0,124,2993,195,1318,124,4311,California
San Benito,2021-02-11,286,5920,29,1714,257,4206,0,0,191,3089,95,1413,191,4502,California
San Benito,2021-02-12,412,6332,30,1744,382,4588,0,0,208,3094,203,1616,208,4710,California
San Benito,2021-02-13,60,6392,9,1753,51,4639,0,0,45,3124,15,1631,45,4755,California
San Benito,2021-02-14,40,6432,5,1758,35,4674,0,0,30,3144,10,1641,30,4785,California
San Benito,2021-02-15,106,6538,9,1767,97,4771,0,0,95,3228,11,1652,95,4880,California
San Benito,2021-02-16,206,6744,12,1779,194,4965,0,0,107,3235,100,1752,107,4987,California
San Benito,2021-02-17,319,7063,30,1809,289,5254,0,0,271,3458,48,1800,271,5258,California
San Benito,2021-02-18,293,7356,38,1847,255,5509,0,0,71,3307,222,2022,71,5329,California
San Benito,2021-02-19,317,7673,40,1887,277,5786,0,0,151,3292,166,2188,151,5480,California
San Benito,2021-02-20,44,7717,26,1913,18,5804,0,0,35,3318,9,2197,35,5515,California
San Benito,2021-02-21,26,7743,11,1924,15,5819,0,0,16,3325,9,2206,16,5531,California
San Benito,2021-02-22,126,7869,33,1957,93,5912,0,0,94,3387,32,2238,94,5625,California
San Benito,2021-02-23,368,8237,90,2047,278,6190,0,0,236,3512,132,2370,257,5882,California
San Benito,2021-02-24,368,8605,61,2108,307,6497,0,0,231,3606,137,2507,231,6113,California
San Benito,2021-02-25,390,8995,63,2171,327,6824,0,0,268,3751,123,2630,268,6381,California
San Benito,2021-02-26,623,9618,70,2241,553,7377,0,0,382,3892,241,2871,382,6763,California
San Benito,2021-02-27,96,9714,34,2275,62,7439,0,0,81,3958,15,2886,81,6844,California
San Benito,2021-02-28,229,9943,19,2294,210,7649,0,0,221,4171,8,2894,221,7065,California
San Benito,2021-03-01,221,10164,58,2352,163,7812,0,0,152,4254,69,2963,152,7217,California
San Benito,2021-03-02,250,10414,73,2425,177,7989,0,0,184,4372,66,3029,184,7401,California
San Benito,2021-03-03,370,10784,48,2473,322,8311,0,0,198,4400,170,3199,198,7599,California
San Benito,2021-03-04,538,11322,113,2586,410,8721,15,15,361,4593,177,3376,370,7969,California
San Benito,2021-03-05,545,11867,287,2873,243,8964,15,30,340,4744,204,3580,355,8324,California
San Benito,2021-03-06,170,12037,62,2935,95,9059,13,43,124,4835,46,3626,137,8461,California
San Benito,2021-03-07,612,12649,571,3506,18,9077,23,66,578,5402,34,3660,601,9062,California
San Benito,2021-03-08,260,12909,63,3569,171,9248,26,92,158,5485,102,3762,185,9247,California
San Benito,2021-03-09,254,13163,77,3646,113,9361,64,156,123,5543,130,3892,188,9435,California
San Benito,2021-03-10,370,13533,102,3748,178,9539,90,246,207,5676,163,4055,296,9731,California
San Benito,2021-03-11,397,13930,100,3848,194,9733,103,349,186,5754,211,4266,289,10020,California
San Benito,2021-03-12,461,14391,118,3966,276,10009,67,416,219,5801,240,4506,287,10307,California
San Benito,2021-03-13,173,14564,96,4062,62,10071,15,431,108,5862,62,4568,123,10430,California
San Benito,2021-03-14,205,14769,40,4102,145,10216,20,451,166,6010,38,4606,186,10616,California
San Benito,2021-03-15,310,15079,95,4197,196,10412,19,470,182,6083,128,4734,201,10817,California
San Benito,2021-03-16,457,15536,203,4400,223,10635,31,501,313,6284,144,4878,345,11162,California
San Benito,2021-03-17,649,16185,455,4855,181,10816,13,514,523,6697,123,5001,536,11698,California
San Benito,2021-03-18,582,16767,446,5301,98,10914,38,552,472,7098,109,5110,510,12208,California
San Benito,2021-03-19,650,17417,353,5654,276,11190,21,573,496,7461,154,5264,517,12725,California
San Benito,2021-03-20,192,17609,129,5783,53,11243,10,583,150,7579,42,5306,160,12885,California
San Benito,2021-03-21,105,17714,53,5836,47,11290,5,588,78,7635,27,5333,83,12968,California
San Benito,2021-03-22,306,18020,166,6002,115,11405,25,613,222,7798,84,5417,247,13215,California
San Benito,2021-03-23,432,18452,194,6196,235,11640,3,616,214,7799,218,5635,219,13434,California
San Benito,2021-03-24,526,18978,286,6482,233,11873,7,623,342,7965,184,5819,350,13784,California
San Benito,2021-03-25,685,19663,401,6883,280,12153,4,627,400,8090,283,6102,408,14192,California
San Benito,2021-03-26,783,20446,319,7202,462,12615,2,629,298,7912,484,6586,306,14498,California
San Benito,2021-03-27,263,20709,175,7377,86,12701,2,631,178,8009,84,6670,181,14679,California
San Benito,2021-03-28,634,21343,564,7941,67,12768,3,634,118,7637,516,7186,144,14823,California
San Benito,2021-03-29,225,21568,70,8011,138,12906,17,651,79,7591,146,7332,100,14923,California
San Bernardino,2020-12-15,12,12,12,12,0,0,0,0,12,12,0,0,12,12,California
San Bernardino,2020-12-16,108,120,108,120,0,0,0,0,108,120,0,0,108,120,California
San Bernardino,2020-12-17,2343,2463,2343,2463,0,0,0,0,2343,2463,0,0,2343,2463,California
San Bernardino,2020-12-18,3140,5603,3137,5600,3,3,0,0,3141,5604,0,0,3141,5604,California
San Bernardino,2020-12-19,1068,6671,1067,6667,1,4,0,0,1069,6673,0,0,1069,6673,California
San Bernardino,2020-12-20,1171,7842,1170,7837,1,5,0,0,1171,7844,0,0,1171,7844,California
San Bernardino,2020-12-21,2455,10297,2450,10287,5,10,0,0,2455,10299,0,0,2455,10299,California
San Bernardino,2020-12-22,2270,12567,2147,12434,123,133,0,0,2271,12570,0,0,2271,12570,California
San Bernardino,2020-12-23,2644,15211,1450,13884,1194,1327,0,0,2643,15213,0,0,2643,15213,California
San Bernardino,2020-12-24,1158,16369,586,14470,572,1899,0,0,1160,16373,0,0,1160,16373,California
San Bernardino,2020-12-25,75,16444,14,14484,61,1960,0,0,75,16448,0,0,75,16448,California
San Bernardino,2020-12-26,461,16905,253,14737,208,2168,0,0,461,16909,0,0,461,16909,California
San Bernardino,2020-12-27,344,17249,161,14898,183,2351,0,0,344,17253,0,0,344,17253,California
San Bernardino,2020-12-28,1557,18806,708,15606,849,3200,0,0,1558,18811,0,0,1558,18811,California
San Bernardino,2020-12-29,2208,21014,1042,16648,1166,4366,0,0,2206,21015,2,2,2206,21017,California
San Bernardino,2020-12-30,2889,23903,1459,18107,1430,5796,0,0,2890,23905,0,2,2890,23907,California
San Bernardino,2020-12-31,1352,25255,440,18547,912,6708,0,0,1350,25255,0,2,1350,25257,California
San Bernardino,2021-01-01,272,25527,148,18695,124,6832,0,0,271,25526,0,2,271,25528,California
San Bernardino,2021-01-02,475,26002,339,19034,136,6968,0,0,475,26001,0,2,475,26003,California
San Bernardino,2021-01-03,135,26137,86,19120,49,7017,0,0,135,26136,0,2,135,26138,California
San Bernardino,2021-01-04,2115,28252,1288,20408,827,7844,0,0,2114,28250,0,2,2114,28252,California
San Bernardino,2021-01-05,2329,30581,1459,21867,870,8714,0,0,2215,30356,109,111,2215,30467,California
San Bernardino,2021-01-06,3414,33995,2347,24214,1067,9781,0,0,2926,32803,482,593,2929,33396,California
San Bernardino,2021-01-07,5375,39370,4483,28697,892,10673,0,0,2456,32361,2900,3493,2458,35854,California
San Bernardino,2021-01-08,5349,44719,4437,33134,912,11585,0,0,2274,31567,3070,6563,2276,38130,California
San Bernardino,2021-01-09,1395,46114,1098,34232,297,11882,0,0,900,31972,495,7058,900,39030,California
San Bernardino,2021-01-10,1022,47136,600,34832,422,12304,0,0,574,32098,448,7506,574,39604,California
San Bernardino,2021-01-11,4979,52115,4084,38916,895,13199,0,0,2761,32644,2215,9721,2761,42365,California
San Bernardino,2021-01-12,4222,56337,3223,42139,999,14198,0,0,2507,33437,1714,11435,2507,44872,California
San Bernardino,2021-01-13,4539,60876,2843,44982,1696,15894,0,0,3313,35539,1213,12648,3315,48187,California
San Bernardino,2021-01-14,4736,65612,2776,47758,1960,17854,0,0,4158,39123,574,13222,4158,52345,California
San Bernardino,2021-01-15,5945,71557,2962,50720,2983,20837,0,0,5550,44290,385,13607,5552,57897,California
San Bernardino,2021-01-16,2253,73810,1292,52012,961,21798,0,0,2112,46261,141,13748,2112,60009,California
San Bernardino,2021-01-17,1187,74997,514,52526,673,22471,0,0,1099,47274,87,13835,1100,61109,California
San Bernardino,2021-01-18,4268,79265,2638,55164,1630,24101,0,0,3649,50306,618,14453,3650,64759,California
San Bernardino,2021-01-19,6288,85553,3703,58867,2585,26686,0,0,5198,54419,1088,15541,5201,69960,California
San Bernardino,2021-01-20,6798,92351,3728,62595,3070,29756,0,0,4870,57370,1921,17462,4872,74832,California
San Bernardino,2021-01-21,5991,98342,3087,65682,2904,32660,0,0,4868,61126,1113,18575,4869,79701,California
San Bernardino,2021-01-22,6503,104845,3038,68720,3465,36125,0,0,5776,66179,726,19301,5779,85480,California
San Bernardino,2021-01-23,3097,107942,1886,70606,1211,37336,0,0,2708,68499,388,19689,2708,88188,California
San Bernardino,2021-01-24,1187,109129,460,71066,727,38063,0,0,1088,69488,99,19788,1088,89276,California
San Bernardino,2021-01-25,6859,115988,3394,74460,3465,41528,0,0,5017,72673,1840,21628,5025,94301,California
San Bernardino,2021-01-26,7076,123064,3554,78014,3522,45050,0,0,5001,75600,2075,23703,5002,99303,California
San Bernardino,2021-01-27,8228,131292,4099,82113,4129,49179,0,0,5538,78458,2680,26383,5538,104841,California
San Bernardino,2021-01-28,8531,139823,4051,86164,4480,53659,0,0,6229,82389,2298,28681,6229,111070,California
San Bernardino,2021-01-29,8113,147936,3732,89896,4381,58040,0,0,6174,86638,1926,30607,6175,117245,California
San Bernardino,2021-01-30,3066,151002,1894,91790,1172,59212,0,0,2787,89147,278,30885,2787,120032,California
San Bernardino,2021-01-31,917,151919,488,92278,429,59641,0,0,863,89957,53,30938,863,120895,California
San Bernardino,2021-02-01,7502,159421,4214,96492,3288,62929,0,0,4889,92240,2610,33548,4893,125788,California
San Bernardino,2021-02-02,10347,169768,3644,100136,6703,69632,0,0,8303,98504,2040,35588,8304,134092,California
San Bernardino,2021-02-03,8947,178715,4144,104280,4803,74435,0,0,6480,102525,2460,38048,6481,140573,California
San Bernardino,2021-02-04,10564,189279,5289,109569,5275,79710,0,0,7504,106980,3050,41098,7505,148078,California
San Bernardino,2021-02-05,10927,200206,5909,115478,5018,84728,0,0,7416,110896,3501,44599,7417,155495,California
San Bernardino,2021-02-06,5248,205454,2213,117691,3035,87763,0,0,3612,112901,1611,46210,3616,159111,California
San Bernardino,2021-02-07,846,206300,496,118187,350,88113,0,0,475,113009,368,46578,476,159587,California
San Bernardino,2021-02-08,7253,213553,3865,122052,3388,91501,0,0,5606,116969,1646,48224,5606,165193,California
San Bernardino,2021-02-09,9870,223423,5814,127866,4056,95557,0,0,6662,120428,3205,51429,6664,171857,California
San Bernardino,2021-02-10,11984,235407,6532,134398,5452,101009,0,0,7826,124107,4148,55577,7827,179684,California
San Bernardino,2021-02-11,12184,247591,7042,141440,5142,106151,0,0,7787,127522,4374,59951,7789,187473,California
San Bernardino,2021-02-12,10320,257911,5924,147364,4396,110547,0,0,5673,128560,4635,64586,5673,193146,California
San Bernardino,2021-02-13,5993,263904,3979,151343,2014,112561,0,0,3768,130123,2210,66796,3773,196919,California
San Bernardino,2021-02-14,1539,265443,642,151985,897,113458,0,0,867,130327,664,67460,868,197787,California
San Bernardino,2021-02-15,5468,270911,3011,154996,2457,115915,0,0,3070,131014,2383,69843,3070,200857,California
San Bernardino,2021-02-16,12559,283470,7389,162385,5170,121085,0,0,7960,134386,4588,74431,7960,208817,California
San Bernardino,2021-02-17,11740,295210,6461,168846,5279,126364,0,0,7132,136926,4594,79025,7134,215951,California
San Bernardino,2021-02-18,12368,307578,7563,176409,4805,131169,0,0,7646,139866,4707,83732,7647,223598,California
San Bernardino,2021-02-19,11440,319018,5909,182318,5531,136700,0,0,6762,141969,4660,88392,6763,230361,California
San Bernardino,2021-02-20,4489,323507,3443,185761,1046,137746,0,0,2050,141581,2438,90830,2050,232411,California
San Bernardino,2021-02-21,904,324411,444,186205,460,138206,0,0,272,141223,630,91460,272,232683,California
San Bernardino,2021-02-22,8452,332863,5164,191369,3288,141494,0,0,4029,140838,4415,95875,4030,236713,California
San Bernardino,2021-02-23,8762,341625,5187,196556,3575,145069,0,0,4526,141156,4208,100083,4526,241239,California
San Bernardino,2021-02-24,11960,353585,6848,203404,5112,150181,0,0,6074,141373,5862,105945,6079,247318,California
San Bernardino,2021-02-25,12784,366369,6240,209644,6544,156725,0,0,7385,143382,5381,111326,7390,254708,California
San Bernardino,2021-02-26,13150,379519,6302,215946,6848,163573,0,0,7437,145159,5661,116987,7438,262146,California
San Bernardino,2021-02-27,6551,386070,3653,219599,2898,166471,0,0,4756,148129,1786,118773,4756,266902,California
San Bernardino,2021-02-28,1733,387803,722,220321,1011,167482,0,0,1140,148682,588,119361,1141,268043,California
San Bernardino,2021-03-01,8170,395973,4149,224470,4021,171503,0,0,3815,148168,4338,123699,3824,271867,California
San Bernardino,2021-03-02,13381,409354,5307,229777,8074,179577,0,0,6364,147542,6992,130691,6366,278233,California
San Bernardino,2021-03-03,12119,421473,6130,235907,5987,185564,2,2,5554,146554,6547,137238,5559,283792,California
San Bernardino,2021-03-04,11757,433230,6135,242042,5622,191186,0,2,5387,145592,6352,143590,5390,289182,California
San Bernardino,2021-03-05,11797,445027,5976,248018,5820,197006,1,3,6109,146070,5661,149251,6139,295321,California
San Bernardino,2021-03-06,7635,452662,4156,252174,3274,200280,205,208,3634,145924,3987,153238,3841,299162,California
San Bernardino,2021-03-07,1477,454139,910,253084,510,200790,57,265,946,146398,529,153767,1003,300165,California
San Bernardino,2021-03-08,6862,461001,2941,256025,3786,204576,135,400,3309,146296,3549,157316,3447,303612,California
San Bernardino,2021-03-09,11714,472715,6416,262441,5073,209649,225,625,4626,144074,7081,164397,4859,308471,California
San Bernardino,2021-03-10,12405,485120,7064,269505,4972,214621,369,994,5690,143453,6689,171086,6068,314539,California
San Bernardino,2021-03-11,12883,498003,6023,275528,6115,220736,745,1739,6547,144433,6317,177403,7297,321836,California
San Bernardino,2021-03-12,13159,511162,6019,281547,5343,226079,1797,3536,6249,145631,6892,184295,8090,329926,California
San Bernardino,2021-03-13,7323,518485,4087,285634,2776,228855,460,3996,4345,147463,2973,187268,4805,334731,California
San Bernardino,2021-03-14,2641,521126,1369,287003,731,229586,541,4537,1565,148497,1070,188338,2104,336835,California
San Bernardino,2021-03-15,11061,532187,5237,292240,3910,233496,1914,6451,5422,150204,5632,193970,7339,344174,California
San Bernardino,2021-03-16,15682,547869,7739,299979,7048,240544,895,7346,9526,154498,6132,200102,10426,354600,California
San Bernardino,2021-03-17,15982,563851,8208,308187,7077,247621,697,8043,9561,158362,6409,206511,10273,364873,California
San Bernardino,2021-03-18,12840,576691,6042,314229,6475,254096,323,8366,7386,160641,5432,211943,7711,372584,California
San Bernardino,2021-03-19,14248,590939,7325,321554,6412,260508,511,8877,7958,162884,6271,218214,8514,381098,California
San Bernardino,2021-03-20,7151,598090,4488,326042,2157,262665,506,9383,4119,164501,3008,221222,4625,385723,California
San Bernardino,2021-03-21,2673,600763,2177,328219,451,263116,45,9428,2157,166200,504,221726,2203,387926,California
San Bernardino,2021-03-22,9310,610073,4350,332569,4560,267676,400,9828,6748,170805,2549,224275,7154,395080,California
San Bernardino,2021-03-23,14855,624928,8409,340978,5874,273550,572,10400,9244,175036,5596,229871,9827,404907,California
San Bernardino,2021-03-24,14324,639252,7410,348388,6661,280211,253,10653,9627,180278,4666,234537,9908,414815,California
San Bernardino,2021-03-25,16098,655350,7952,356340,7882,288093,264,10917,10203,184994,5849,240386,10565,425380,California
San Bernardino,2021-03-26,16528,671878,8039,364379,8240,296333,249,11166,10374,189656,6131,246517,10793,436173,California
San Bernardino,2021-03-27,9665,681543,5915,370294,3001,299334,749,11915,5491,192052,4163,250680,6559,442732,California
San Bernardino,2021-03-28,3395,684938,2391,372685,896,300230,108,12023,2384,193546,1005,251685,2499,445231,California
San Bernardino,2021-03-29,6322,691260,2718,375403,3278,303508,326,12349,3989,195539,2328,254013,4321,449552,California
San Diego,2020-12-15,119,119,119,119,0,0,0,0,119,119,0,0,119,119,California
San Diego,2020-12-16,1101,1220,1101,1220,0,0,0,0,1101,1220,0,0,1101,1220,California
San Diego,2020-12-17,2346,3566,2346,3566,0,0,0,0,2346,3566,0,0,2346,3566,California
San Diego,2020-12-18,3673,7239,3672,7238,1,1,0,0,3673,7239,0,0,3673,7239,California
San Diego,2020-12-19,2311,9550,2311,9549,0,1,0,0,2311,9550,0,0,2311,9550,California
San Diego,2020-12-20,1187,10737,1185,10734,2,3,0,0,1187,10737,0,0,1187,10737,California
San Diego,2020-12-21,3518,14255,3517,14251,1,4,0,0,3518,14255,0,0,3518,14255,California
San Diego,2020-12-22,4051,18306,3408,17659,643,647,0,0,4051,18306,0,0,4051,18306,California
San Diego,2020-12-23,3176,21482,1976,19635,1200,1847,0,0,3176,21482,0,0,3176,21482,California
San Diego,2020-12-24,2723,24205,2208,21843,515,2362,0,0,2723,24205,0,0,2723,24205,California
San Diego,2020-12-25,868,25073,867,22710,1,2363,0,0,867,25071,1,1,867,25072,California
San Diego,2020-12-26,3256,28329,2139,24849,1117,3480,0,0,3255,28326,0,1,3255,28327,California
San Diego,2020-12-27,2476,30805,1612,26461,864,4344,0,0,2475,30801,0,1,2475,30802,California
San Diego,2020-12-28,5855,36660,4183,30644,1672,6016,0,0,5855,36656,0,1,5855,36657,California
San Diego,2020-12-29,5536,42196,2972,33616,2564,8580,0,0,5535,42191,0,1,5535,42192,California
San Diego,2020-12-30,5892,48088,3073,36689,2819,11399,0,0,5892,48083,0,1,5892,48084,California
San Diego,2020-12-31,2936,51024,995,37684,1941,13340,0,0,2935,51017,1,2,2935,51019,California
San Diego,2021-01-01,993,52017,439,38123,554,13894,0,0,992,52009,0,2,992,52011,California
San Diego,2021-01-02,3746,55763,1309,39432,2437,16331,0,0,3746,55755,0,2,3746,55757,California
San Diego,2021-01-03,855,56618,631,40063,224,16555,0,0,854,56609,0,2,854,56611,California
San Diego,2021-01-04,3685,60303,2036,42099,1649,18204,0,0,3677,60285,1,3,3677,60288,California
San Diego,2021-01-05,4280,64583,2094,44193,2186,20390,0,0,3662,63347,614,617,3676,63964,California
San Diego,2021-01-06,4910,69493,2286,46479,2624,23014,0,0,3677,65817,1211,1828,3681,67645,California
San Diego,2021-01-07,5545,75038,2974,49453,2571,25585,0,0,3393,67070,2145,3973,3398,71043,California
San Diego,2021-01-08,7686,82724,4958,54411,2728,28313,0,0,3895,67207,3774,7747,3911,74954,California
San Diego,2021-01-09,2919,85643,1549,55960,1370,29683,0,0,1751,67810,1157,8904,1760,76714,California
San Diego,2021-01-10,1854,87497,1295,57255,559,30242,0,0,751,67477,1091,9995,758,77472,California
San Diego,2021-01-11,10320,97817,5850,63105,4470,34712,0,0,6797,70771,3516,13511,6810,84282,California
San Diego,2021-01-12,11170,108987,5307,68412,5863,40575,0,0,7801,75325,3360,16871,7914,92196,California
San Diego,2021-01-13,11494,120481,5016,73428,6478,47053,0,0,8950,81763,2531,19402,8969,101165,California
San Diego,2021-01-14,12342,132823,4733,78161,7609,54662,0,0,10184,89822,2149,21551,10208,111373,California
San Diego,2021-01-15,15031,147854,5274,83435,9757,64419,0,0,12416,99669,2596,24147,12443,123816,California
San Diego,2021-01-16,10781,158635,3579,87014,7202,71621,0,0,9340,107597,1436,25583,9364,133180,California
San Diego,2021-01-17,8699,167334,2483,89497,6216,77837,0,0,7866,114643,833,26416,7879,141059,California
San Diego,2021-01-18,12469,179803,5900,95397,6569,84406,0,0,9665,121572,2765,29181,9694,150753,California
San Diego,2021-01-19,14738,194541,5777,101174,8961,93367,0,0,11629,130349,3094,32275,11871,162624,California
San Diego,2021-01-20,18341,212882,6367,107541,11974,105341,0,0,15064,142313,3258,35533,15222,177846,California
San Diego,2021-01-21,17427,230309,5883,113424,11544,116885,0,0,16047,157127,1369,36902,16183,194029,California
San Diego,2021-01-22,17630,247939,4727,118151,12903,129788,0,0,15605,170788,2011,38913,15672,209701,California
San Diego,2021-01-23,14460,262399,5257,123408,9203,138991,0,0,12127,180626,2320,41233,12158,221859,California
San Diego,2021-01-24,11845,274244,3257,126665,8588,147579,0,0,10902,190600,942,42175,10916,232775,California
San Diego,2021-01-25,12125,286369,5691,132356,6434,154013,0,0,9133,196877,2984,45159,9261,242036,California
San Diego,2021-01-26,14559,300928,7296,139652,7263,161276,0,0,11295,205084,3259,48418,11466,253502,California
San Diego,2021-01-27,20260,321188,7629,147281,12631,173907,0,0,17212,219362,3034,51452,17312,270814,California
San Diego,2021-01-28,20874,342062,7188,154469,13686,187593,0,0,18615,235803,2249,53701,18690,289504,California
San Diego,2021-01-29,19407,361469,6133,160602,13274,200867,0,0,16990,250424,2407,56108,17028,306532,California
San Diego,2021-01-30,15688,377157,3458,164060,12230,213097,0,0,13012,260866,2667,58775,13109,319641,California
San Diego,2021-01-31,14453,391610,5396,169456,9057,222154,0,0,14100,274640,350,59125,14124,333765,California
San Diego,2021-02-01,20062,411672,6728,176184,13334,235488,0,0,16878,288419,3171,62296,16950,350715,California
San Diego,2021-02-02,22502,434174,7980,184164,14522,250010,0,0,18964,304027,3526,65822,19134,369849,California
San Diego,2021-02-03,26462,460636,10686,194850,15776,265786,0,0,22298,322354,4146,69968,22473,392322,California
San Diego,2021-02-04,23492,484128,9248,204098,14244,280030,0,0,18820,336777,4654,74622,19077,411399,California
San Diego,2021-02-05,24717,508845,8847,212945,15870,295900,0,0,18171,348922,6522,81144,18667,430066,California
San Diego,2021-02-06,20503,529348,8352,221297,12151,308051,0,0,17320,363270,3174,84318,17522,447588,California
San Diego,2021-02-07,11260,540608,4675,225972,6585,314636,0,0,9371,371049,1870,86188,9649,457237,California
San Diego,2021-02-08,19391,559999,7975,233947,11416,326052,0,0,11979,376304,7391,93579,12646,469883,California
San Diego,2021-02-09,19721,579720,7767,241714,11954,338006,0,0,12514,382697,7187,100766,13580,483463,California
San Diego,2021-02-10,22242,601962,8906,250620,13336,351342,0,0,13126,388077,9088,109854,14468,497931,California
San Diego,2021-02-11,22995,624957,9823,260443,13172,364514,0,0,11938,390643,11031,120885,13597,511528,California
San Diego,2021-02-12,23292,648249,6943,267386,16349,380863,0,0,11392,392376,11880,132765,13613,525141,California
San Diego,2021-02-13,19452,667701,8410,275796,11042,391905,0,0,10274,394699,9166,141931,11489,536630,California
San Diego,2021-02-14,10490,678191,6729,282525,3761,395666,0,0,5790,397328,4697,146628,7326,543956,California
San Diego,2021-02-15,14823,693014,7317,289842,7506,403172,0,0,7603,400769,7202,153830,10643,554599,California
San Diego,2021-02-16,18422,711436,10531,300373,7891,411063,0,0,8803,402996,9606,163436,11833,566432,California
San Diego,2021-02-17,22452,733888,10003,310376,12449,423512,0,0,7649,399007,14792,178228,10803,577235,California
San Diego,2021-02-18,22942,756830,11604,321980,11338,434850,0,0,7492,395245,15441,193669,11679,588914,California
San Diego,2021-02-19,15834,772664,10853,332833,4981,439831,0,0,6670,394970,9145,202814,8870,597784,California
San Diego,2021-02-20,9915,782579,6270,339103,3645,443476,0,0,5679,398363,4234,207048,7627,605411,California
San Diego,2021-02-21,10228,792807,8984,348087,1244,444720,0,0,4935,399292,5269,212317,6198,611609,California
San Diego,2021-02-22,12172,804979,10325,358412,1847,446567,0,0,6343,401483,5824,218141,8015,619624,California
San Diego,2021-02-23,25053,830032,13830,372242,11223,457790,0,0,9892,402097,15154,233295,15768,635392,California
San Diego,2021-02-24,28615,858647,12410,384652,16205,473995,0,0,7710,396375,20888,254183,15166,650558,California
San Diego,2021-02-25,32675,891322,14302,398954,18373,492368,0,0,10595,393375,22058,276241,19058,669616,California
San Diego,2021-02-26,33197,924519,12087,411041,21110,513478,0,0,12000,391277,21169,297410,19071,688687,California
San Diego,2021-02-27,20830,945349,9262,420303,11568,525046,0,0,11223,397209,9602,307012,15534,704221,California
San Diego,2021-02-28,14481,959830,9188,429491,5293,530339,0,0,9717,405032,4764,311776,12587,716808,California
San Diego,2021-03-01,23572,983402,13670,443161,9902,540241,0,0,14967,415428,8527,320303,18923,735731,California
San Diego,2021-03-02,25432,1008834,13388,456549,12044,552285,0,0,12967,422868,12456,332759,19896,755627,California
San Diego,2021-03-03,33387,1042221,15389,471938,17995,570280,3,3,14468,425439,18907,351666,21478,777105,California
San Diego,2021-03-04,27911,1070132,13740,485678,14170,584450,1,4,12933,430169,14959,366625,19689,796794,California
San Diego,2021-03-05,28369,1098501,14416,500094,13871,598321,82,86,13833,436358,14523,381148,20712,817506,California
San Diego,2021-03-06,22917,1121418,9309,509403,12905,611226,703,789,10732,440388,12177,393325,16207,833713,California
San Diego,2021-03-07,17850,1139268,9004,518407,8279,619505,567,1356,8352,443595,9492,402817,12699,846412,California
San Diego,2021-03-08,22019,1161287,10294,528701,10879,630384,846,2202,10606,448513,11401,414218,16319,862731,California
San Diego,2021-03-09,25531,1186818,11862,540563,11939,642323,1730,3932,12017,452783,13500,427718,17770,880501,California
San Diego,2021-03-10,25134,1211952,10703,551266,12073,654396,2358,6290,11557,457321,13568,441286,18106,898607,California
San Diego,2021-03-11,28242,1240194,10824,562090,13925,668321,3493,9783,11398,459458,16830,458116,18967,917574,California
San Diego,2021-03-12,25616,1265810,8771,570861,13863,682184,2982,12765,9274,458892,16303,474419,15737,933311,California
San Diego,2021-03-13,24289,1290099,6647,577508,16101,698285,1541,14306,9159,458633,15120,489539,14861,948172,California
San Diego,2021-03-14,11973,1302072,4554,582062,6717,705002,702,15008,3893,457446,8071,497610,6884,955056,California
San Diego,2021-03-15,21818,1323890,10104,592166,10944,715946,770,15778,10828,461197,10977,508587,14728,969784,California
San Diego,2021-03-16,29736,1353626,15689,607855,13657,729603,390,16168,17948,470848,11770,520357,21421,991205,California
San Diego,2021-03-17,25985,1379611,12079,619934,13228,742831,678,16846,17209,482080,8763,529120,19995,1011200,California
San Diego,2021-03-18,30757,1410368,17483,637417,12465,755296,809,17655,20032,493879,10708,539828,22507,1033707,California
San Diego,2021-03-19,29763,1440131,14114,651531,14680,769976,969,18624,19637,505677,10107,549935,21905,1055612,California
San Diego,2021-03-20,27286,1467417,8097,659628,17399,787375,1790,20414,21721,524761,5550,555485,24634,1080246,California
San Diego,2021-03-21,16426,1483843,11973,671601,3739,791114,714,21128,10442,531334,5974,561459,12547,1092793,California
San Diego,2021-03-22,22227,1506070,12943,684544,9043,800157,241,21369,16010,544185,6207,567666,19058,1111851,California
San Diego,2021-03-23,25600,1531670,13414,697958,11927,812084,259,21628,19482,559875,6104,573770,21794,1133645,California
San Diego,2021-03-24,29030,1560700,19353,717311,9328,821412,349,21977,19838,572995,9181,582951,22301,1155946,California
San Diego,2021-03-25,29427,1590127,17670,734981,11123,832535,634,22611,19323,584991,10090,593041,22086,1178032,California
San Diego,2021-03-26,30329,1620456,17170,752151,12661,845196,498,23109,18073,594399,12230,605271,21638,1199670,California
San Diego,2021-03-27,24208,1644664,10735,762886,13081,858277,392,23501,14783,602414,9411,614682,17426,1217096,California
San Diego,2021-03-28,14638,1659302,9069,771955,5513,863790,56,23557,8976,607244,5655,620337,10485,1227581,California
San Diego,2021-03-29,9032,1668334,4712,776667,4082,867872,238,23795,7545,613859,1483,621820,8098,1235679,California
San Francisco,2020-12-15,8,8,8,8,0,0,0,0,8,8,0,0,8,8,California
San Francisco,2020-12-16,230,238,230,238,0,0,0,0,230,238,0,0,230,238,California
San Francisco,2020-12-17,397,635,397,635,0,0,0,0,397,635,0,0,397,635,California
San Francisco,2020-12-18,884,1519,884,1519,0,0,0,0,884,1519,0,0,884,1519,California
San Francisco,2020-12-19,600,2119,600,2119,0,0,0,0,600,2119,0,0,600,2119,California
San Francisco,2020-12-20,484,2603,484,2603,0,0,0,0,484,2603,0,0,484,2603,California
San Francisco,2020-12-21,1161,3764,1161,3764,0,0,0,0,1161,3764,0,0,1161,3764,California
San Francisco,2020-12-22,1401,5165,1367,5131,34,34,0,0,1401,5165,0,0,1401,5165,California
San Francisco,2020-12-23,1317,6482,1029,6160,288,322,0,0,1317,6482,0,0,1317,6482,California
San Francisco,2020-12-24,837,7319,503,6663,334,656,0,0,837,7319,0,0,837,7319,California
San Francisco,2020-12-25,30,7349,25,6688,5,661,0,0,30,7349,0,0,30,7349,California
San Francisco,2020-12-26,241,7590,148,6836,93,754,0,0,241,7590,0,0,241,7590,California
San Francisco,2020-12-27,274,7864,61,6897,213,967,0,0,274,7864,0,0,274,7864,California
San Francisco,2020-12-28,1264,9128,680,7577,584,1551,0,0,1264,9128,0,0,1264,9128,California
San Francisco,2020-12-29,1247,10375,621,8198,626,2177,0,0,1247,10375,0,0,1247,10375,California
San Francisco,2020-12-30,1471,11846,769,8967,702,2879,0,0,1471,11846,0,0,1471,11846,California
San Francisco,2020-12-31,960,12806,409,9376,551,3430,0,0,960,12806,0,0,960,12806,California
San Francisco,2021-01-01,66,12872,58,9434,8,3438,0,0,66,12872,0,0,66,12872,California
San Francisco,2021-01-02,329,13201,297,9731,32,3470,0,0,329,13201,0,0,329,13201,California
San Francisco,2021-01-03,293,13494,100,9831,193,3663,0,0,292,13492,1,1,292,13493,California
San Francisco,2021-01-04,1834,15328,1355,11186,479,4142,0,0,1831,15320,3,4,1831,15324,California
San Francisco,2021-01-05,2231,17559,1414,12600,817,4959,0,0,2197,17484,34,38,2198,17522,California
San Francisco,2021-01-06,1870,19429,1164,13764,706,5665,0,0,1606,18829,262,300,1607,19129,California
San Francisco,2021-01-07,2048,21477,1187,14951,861,6526,0,0,1601,19986,444,744,1601,20730,California
San Francisco,2021-01-08,2318,23795,1626,16577,692,7218,0,0,1486,20645,827,1571,1486,22216,California
San Francisco,2021-01-09,1395,25190,899,17476,496,7714,0,0,885,21023,510,2081,888,23104,California
San Francisco,2021-01-10,919,26109,540,18016,379,8093,0,0,465,21035,453,2534,465,23569,California
San Francisco,2021-01-11,2465,28574,1833,19849,632,8725,0,0,1399,21367,1067,3601,1399,24968,California
San Francisco,2021-01-12,3087,31661,2058,21907,1029,9754,0,0,1892,22065,1195,4796,1893,26861,California
San Francisco,2021-01-13,2818,34479,1607,23514,1211,10965,0,0,1998,23243,820,5616,1998,28859,California
San Francisco,2021-01-14,2398,36877,1067,24581,1331,12296,0,0,1859,24564,539,6155,1860,30719,California
San Francisco,2021-01-15,2751,39628,1172,25753,1579,13875,0,0,2337,26492,412,6567,2340,33059,California
San Francisco,2021-01-16,2262,41890,982,26735,1280,15155,0,0,2082,28394,180,6747,2082,35141,California
San Francisco,2021-01-17,1918,43808,527,27262,1391,16546,0,0,1706,29888,212,6959,1706,36847,California
San Francisco,2021-01-18,1383,45191,600,27862,783,17329,0,0,1109,30728,273,7232,1113,37960,California
San Francisco,2021-01-19,2556,47747,1464,29326,1092,18421,0,0,1821,31817,735,7967,1824,39784,California
San Francisco,2021-01-20,2673,50420,1069,30395,1604,20025,0,0,1940,33027,730,8697,1940,41724,California
San Francisco,2021-01-21,3269,53689,923,31318,2346,22371,0,0,2447,34654,820,9517,2447,44171,California
San Francisco,2021-01-22,3167,56856,631,31949,2536,24907,0,0,2719,36927,446,9963,2719,46890,California
San Francisco,2021-01-23,3090,59946,606,32555,2484,27391,0,0,2726,39291,363,10326,2727,49617,California
San Francisco,2021-01-24,2420,62366,359,32914,2061,29452,0,0,2190,41256,225,10551,2190,51807,California
San Francisco,2021-01-25,4561,66927,1770,34684,2791,32243,0,0,3022,42748,1537,12088,3029,54836,California
San Francisco,2021-01-26,4622,71549,2105,36789,2517,34760,0,0,3050,44231,1570,13658,3053,57889,California
San Francisco,2021-01-27,4422,75971,2081,38870,2341,37101,0,0,3070,45954,1347,15005,3070,60959,California
San Francisco,2021-01-28,3744,79715,1550,40420,2194,39295,0,0,2574,47364,1164,16169,2574,63533,California
San Francisco,2021-01-29,4688,84403,1660,42080,3028,42323,0,0,3433,49548,1249,17418,3433,66966,California
San Francisco,2021-01-30,3721,88124,1794,43874,1927,44250,0,0,3320,52469,400,17818,3321,70287,California
San Francisco,2021-01-31,2393,90517,869,44743,1524,45774,0,0,2185,54450,206,18024,2187,72474,California
San Francisco,2021-02-01,3752,94269,1501,46244,2251,48025,0,0,2861,56423,891,18915,2864,75338,California
San Francisco,2021-02-02,4633,98902,1955,48199,2678,50703,0,0,2869,57534,1758,20673,2869,78207,California
San Francisco,2021-02-03,5048,103950,2362,50561,2686,53389,0,0,3751,59990,1295,21968,3751,81958,California
San Francisco,2021-02-04,5009,108959,2428,52989,2581,55970,0,0,3854,62691,1153,23121,3854,85812,California
San Francisco,2021-02-05,5905,114864,3185,56174,2720,58690,0,0,4582,65955,1320,24441,4584,90396,California
San Francisco,2021-02-06,5445,120309,3644,59818,1801,60491,0,0,4545,69604,896,25337,4545,94941,California
San Francisco,2021-02-07,4301,124610,3171,62989,1130,61621,0,0,3732,72770,568,25905,3734,98675,California
San Francisco,2021-02-08,6678,131288,4601,67590,2077,63698,0,0,5476,77062,1184,27089,5476,104151,California
San Francisco,2021-02-09,5904,137192,3984,71574,1920,65618,0,0,4358,79877,1543,28632,4358,108509,California
San Francisco,2021-02-10,6799,143991,4154,75728,2645,68263,0,0,5055,83197,1736,30368,5056,113565,California
San Francisco,2021-02-11,6648,150639,3936,79664,2712,70975,0,0,4846,86244,1800,32168,4847,118412,California
San Francisco,2021-02-12,5291,155930,2655,82319,2636,73611,0,0,3475,87904,1815,33983,3475,121887,California
San Francisco,2021-02-13,4270,160200,2484,84803,1786,75397,0,0,2948,89534,1320,35303,2950,124837,California
San Francisco,2021-02-14,3416,163616,2240,87043,1176,76573,0,0,2300,90720,1115,36418,2301,127138,California
San Francisco,2021-02-15,2750,166366,1490,88533,1260,77833,0,0,1667,91307,1082,37500,1669,128807,California
San Francisco,2021-02-16,4972,171338,2729,91262,2243,80076,0,0,2969,92286,1996,39496,2975,131782,California
San Francisco,2021-02-17,5407,176745,2700,93962,2707,82783,0,0,2983,92852,2417,41913,2983,134765,California
San Francisco,2021-02-18,5366,182111,2633,96595,2733,85516,0,0,2835,93157,2531,44444,2836,137601,California
San Francisco,2021-02-19,5612,187723,2635,99230,2977,88493,0,0,2920,93392,2685,47129,2920,140521,California
San Francisco,2021-02-20,4503,192226,2169,101399,2334,90827,0,0,1701,92301,2793,49922,1702,142223,California
San Francisco,2021-02-21,2697,194923,1338,102737,1359,92186,0,0,1124,91856,1569,51491,1124,143347,California
San Francisco,2021-02-22,5059,199982,3148,105885,1911,94097,0,0,2536,91877,2517,54008,2538,145885,California
San Francisco,2021-02-23,5419,205401,3075,108960,2344,96441,0,0,2770,92004,2644,56652,2771,148656,California
San Francisco,2021-02-24,8946,214347,5070,114030,3876,100317,0,0,4777,92623,4159,60811,4778,153434,California
San Francisco,2021-02-25,9730,224077,6850,120880,2880,103197,0,0,6290,95474,3440,64251,6291,159725,California
San Francisco,2021-02-26,11800,235877,7715,128595,4085,107282,0,0,6982,97641,4816,69067,6983,166708,California
San Francisco,2021-02-27,8802,244679,5619,134214,3182,110464,1,1,4445,97742,4348,73415,4449,171157,California
San Francisco,2021-02-28,7657,252336,5489,139703,2168,112632,0,1,3824,97736,3831,77246,3825,174982,California
San Francisco,2021-03-01,10479,262815,7083,146786,3396,116028,0,1,5084,97445,5377,82623,5086,180068,California
San Francisco,2021-03-02,8694,271509,5542,152328,3152,119180,0,1,5049,98856,3639,86262,5050,185118,California
San Francisco,2021-03-03,10273,281782,5983,158311,4290,123470,0,1,5430,99451,4835,91097,5430,190548,California
San Francisco,2021-03-04,7840,289622,5158,163469,2682,126152,0,1,4354,100325,3480,94577,4354,194902,California
San Francisco,2021-03-05,7754,297376,4812,168281,2939,129091,3,4,4842,102273,2900,97477,4848,199750,California
San Francisco,2021-03-06,6774,304150,4369,172650,2196,131287,209,213,4238,104172,2547,100024,4446,204196,California
San Francisco,2021-03-07,5071,309221,3940,176590,1070,132357,61,274,2841,104832,2243,102267,2903,207099,California
San Francisco,2021-03-08,6974,316195,5057,181647,1755,134112,162,436,5465,108920,1541,103808,5629,212728,California
San Francisco,2021-03-09,6598,322793,3811,185458,2409,136521,378,814,4482,111673,2106,105914,4859,217587,California
San Francisco,2021-03-10,10066,332859,5719,191177,3867,140388,480,1294,6170,114445,3881,109795,6653,224240,California
San Francisco,2021-03-11,9274,342133,5758,196935,2693,143081,823,2117,6094,118192,3168,112963,6915,231155,California
San Francisco,2021-03-12,9343,351476,5435,202370,2874,145955,1034,3151,5294,120499,4024,116987,6331,237486,California
San Francisco,2021-03-13,5923,357399,3554,205924,1412,147367,957,4108,3725,122988,2194,119181,4683,242169,California
San Francisco,2021-03-14,7242,364641,4711,210635,2298,149665,233,4341,3925,123837,3309,122490,4158,246327,California
San Francisco,2021-03-15,11908,376549,9009,219644,1966,151631,933,5274,8262,129396,3636,126126,9195,255522,California
San Francisco,2021-03-16,12003,388552,8176,227820,3371,155002,456,5730,8761,135381,3229,129355,9214,264736,California
San Francisco,2021-03-17,12805,401357,8015,235835,4253,159255,537,6267,9249,141632,3537,132892,9788,274524,California
San Francisco,2021-03-18,8710,410067,5976,241811,2218,161473,516,6783,4896,143247,3797,136689,5412,279936,California
San Francisco,2021-03-19,10451,420518,7761,249572,2329,163802,361,7144,5618,144411,4817,141506,5981,285917,California
San Francisco,2021-03-20,5836,426354,4288,253860,1294,165096,254,7398,3628,146104,2193,143699,3886,289803,California
San Francisco,2021-03-21,6205,432559,5636,259496,437,165533,132,7530,3551,147140,2648,146347,3684,293487,California
San Francisco,2021-03-22,9627,442186,6781,266277,2027,167560,819,8349,5100,148553,4505,150852,5918,299405,California
San Francisco,2021-03-23,11157,453343,7360,273637,3158,170718,639,8988,6818,151707,4313,155165,7467,306872,California
San Francisco,2021-03-24,12086,465429,9162,282799,2393,173111,531,9519,6347,152924,5709,160874,6926,313798,California
San Francisco,2021-03-25,11567,476996,8404,291203,2647,175758,516,10035,5909,153787,5604,166478,6467,320265,California
San Francisco,2021-03-26,11546,488542,7994,299197,3335,179093,217,10252,6102,154772,5419,171897,6404,326669,California
San Francisco,2021-03-27,7975,496517,5595,304792,2246,181339,134,10386,3619,154249,4343,176240,3820,330489,California
San Francisco,2021-03-28,6335,502852,5023,309815,1272,182611,40,10426,3037,154053,3281,179521,3085,333574,California
San Francisco,2021-03-29,8954,511806,6335,316150,2461,185072,158,10584,3894,153074,5048,184569,4069,337643,California
San Joaquin,2020-12-15,12,12,12,12,0,0,0,0,12,12,0,0,12,12,California
San Joaquin,2020-12-16,436,448,436,448,0,0,0,0,436,448,0,0,436,448,California
San Joaquin,2020-12-17,385,833,385,833,0,0,0,0,385,833,0,0,385,833,California
San Joaquin,2020-12-18,574,1407,549,1382,25,25,0,0,574,1407,0,0,574,1407,California
San Joaquin,2020-12-19,201,1608,201,1583,0,25,0,0,201,1608,0,0,201,1608,California
San Joaquin,2020-12-20,112,1720,112,1695,0,25,0,0,112,1720,0,0,112,1720,California
San Joaquin,2020-12-21,556,2276,551,2246,5,30,0,0,556,2276,0,0,556,2276,California
San Joaquin,2020-12-22,1054,3330,895,3141,159,189,0,0,1053,3329,0,0,1053,3329,California
San Joaquin,2020-12-23,1022,4352,955,4096,67,256,0,0,1020,4349,0,0,1020,4349,California
San Joaquin,2020-12-24,221,4573,193,4289,28,284,0,0,220,4569,0,0,220,4569,California
San Joaquin,2020-12-25,14,4587,14,4303,0,284,0,0,14,4583,0,0,14,4583,California
San Joaquin,2020-12-26,100,4687,28,4331,72,356,0,0,100,4683,0,0,100,4683,California
San Joaquin,2020-12-27,40,4727,29,4360,11,367,0,0,40,4723,0,0,40,4723,California
San Joaquin,2020-12-28,646,5373,440,4800,206,573,0,0,646,5369,0,0,646,5369,California
San Joaquin,2020-12-29,874,6247,738,5538,136,709,0,0,874,6243,0,0,874,6243,California
San Joaquin,2020-12-30,1047,7294,742,6280,305,1014,0,0,1046,7289,0,0,1046,7289,California
San Joaquin,2020-12-31,449,7743,200,6480,249,1263,0,0,450,7739,0,0,450,7739,California
San Joaquin,2021-01-01,16,7759,10,6490,6,1269,0,0,16,7755,0,0,16,7755,California
San Joaquin,2021-01-02,248,8007,226,6716,22,1291,0,0,247,8002,0,0,247,8002,California
San Joaquin,2021-01-03,34,8041,17,6733,17,1308,0,0,33,8034,1,1,33,8035,California
San Joaquin,2021-01-04,484,8525,341,7074,143,1451,0,0,481,8515,0,1,481,8516,California
San Joaquin,2021-01-05,1019,9544,711,7785,308,1759,0,0,848,9194,172,173,851,9367,California
San Joaquin,2021-01-06,1302,10846,784,8569,518,2277,0,0,937,9775,360,533,941,10308,California
San Joaquin,2021-01-07,1127,11973,716,9285,411,2688,0,0,805,10262,319,852,806,11114,California
San Joaquin,2021-01-08,1337,13310,947,10232,390,3078,0,0,806,10542,527,1379,807,11921,California
San Joaquin,2021-01-09,372,13682,298,10530,74,3152,0,0,244,10658,128,1507,244,12165,California
San Joaquin,2021-01-10,217,13899,111,10641,106,3258,0,0,167,10775,50,1557,167,12332,California
San Joaquin,2021-01-11,1566,15465,1358,11999,208,3466,0,0,921,11057,644,2201,926,13258,California
San Joaquin,2021-01-12,1520,16985,1082,13081,438,3904,0,0,759,11066,759,2960,768,14026,California
San Joaquin,2021-01-13,1480,18465,843,13924,637,4541,0,0,959,11506,522,3482,962,14988,California
San Joaquin,2021-01-14,1583,20048,903,14827,680,5221,0,0,1218,12396,334,3816,1224,16212,California
San Joaquin,2021-01-15,1572,21620,681,15508,891,6112,0,0,1324,13495,227,4043,1326,17538,California
San Joaquin,2021-01-16,1173,22793,193,15701,980,7092,0,0,1148,14618,25,4068,1148,18686,California
San Joaquin,2021-01-17,1648,24441,125,15826,1523,8615,0,0,1619,16210,29,4097,1621,20307,California
San Joaquin,2021-01-18,719,25160,239,16065,480,9095,0,0,597,16689,118,4215,597,20904,California
San Joaquin,2021-01-19,1887,27047,897,16962,990,10085,0,0,1180,17170,704,4919,1185,22089,California
San Joaquin,2021-01-20,2138,29185,1315,18277,823,10908,0,0,1460,17959,677,5596,1466,23555,California
San Joaquin,2021-01-21,2000,31185,937,19214,1063,11971,0,0,1578,19126,417,6013,1584,25139,California
San Joaquin,2021-01-22,1982,33167,967,20181,1015,12986,0,0,1836,20823,143,6156,1840,26979,California
San Joaquin,2021-01-23,932,34099,400,20581,532,13518,0,0,661,21217,269,6425,663,27642,California
San Joaquin,2021-01-24,338,34437,129,20710,209,13727,0,0,317,21515,19,6444,317,27959,California
San Joaquin,2021-01-25,2009,36446,1172,21882,837,14564,0,0,1434,22379,574,7018,1438,29397,California
San Joaquin,2021-01-26,2197,38643,1160,23042,1037,15601,0,0,1557,23303,637,7655,1561,30958,California
San Joaquin,2021-01-27,1814,40457,819,23861,995,16596,0,0,1305,24107,506,8161,1310,32268,California
San Joaquin,2021-01-28,2141,42598,849,24710,1292,17888,0,0,1461,24893,678,8839,1464,33732,California
San Joaquin,2021-01-29,2269,44867,1143,25853,1126,19014,0,0,1891,26417,373,9212,1897,35629,California
San Joaquin,2021-01-30,2385,47252,332,26185,2053,21067,0,0,2205,28463,161,9373,2207,37836,California
San Joaquin,2021-01-31,1573,48825,181,26366,1392,22459,0,0,1496,29898,62,9435,1497,39333,California
San Joaquin,2021-02-01,2638,51463,1416,27782,1222,23681,0,0,1864,30994,769,10204,1865,41198,California
San Joaquin,2021-02-02,2706,54169,1244,29026,1462,25143,0,0,2076,32452,622,10826,2080,43278,California
San Joaquin,2021-02-03,3189,57358,1308,30334,1881,27024,0,0,2301,33875,883,11709,2306,45584,California
San Joaquin,2021-02-04,3558,60916,1810,32144,1748,28772,0,0,2744,35814,808,12517,2747,48331,California
San Joaquin,2021-02-05,3366,64282,1961,34105,1405,30177,0,0,2498,37449,866,13383,2501,50832,California
San Joaquin,2021-02-06,1130,65412,788,34893,342,30519,0,0,959,38241,169,13552,961,51793,California
San Joaquin,2021-02-07,613,66025,486,35379,127,30646,0,0,418,38471,188,13740,418,52211,California
San Joaquin,2021-02-08,1769,67794,1079,36458,690,31336,0,0,1467,39637,305,14045,1471,53682,California
San Joaquin,2021-02-09,2094,69888,1181,37639,913,32249,0,0,1638,40825,453,14498,1641,55323,California
San Joaquin,2021-02-10,2663,72551,1309,38948,1354,33603,0,0,1404,40997,1232,15730,1404,56727,California
San Joaquin,2021-02-11,2957,75508,1565,40513,1392,34995,0,0,1799,41663,1138,16868,1804,58531,California
San Joaquin,2021-02-12,2850,78358,1202,41715,1648,36643,0,0,1695,42214,1148,18016,1699,60230,California
San Joaquin,2021-02-13,2129,80487,404,42119,1725,38368,0,0,853,41808,1267,19283,861,61091,California
San Joaquin,2021-02-14,1887,82374,257,42376,1630,39998,0,0,682,41299,1192,20475,683,61774,California
San Joaquin,2021-02-15,1955,84329,822,43198,1133,41131,0,0,1183,41737,750,21225,1188,62962,California
San Joaquin,2021-02-16,3177,87506,1445,44643,1732,42863,0,0,1724,42025,1443,22668,1731,64693,California
San Joaquin,2021-02-17,3392,90898,1366,46009,2026,44889,0,0,1930,42511,1448,24116,1934,66627,California
San Joaquin,2021-02-18,3514,94412,1497,47506,2017,46906,0,0,2013,43053,1479,25595,2021,68648,California
San Joaquin,2021-02-19,4678,99090,2774,50280,1904,48810,0,0,2813,44038,1829,27424,2814,71462,California
San Joaquin,2021-02-20,1654,100744,637,50917,1017,49827,0,0,1146,44679,505,27929,1146,72608,California
San Joaquin,2021-02-21,608,101352,448,51365,160,49987,0,0,393,44858,215,28144,394,73002,California
San Joaquin,2021-02-22,4090,105442,3013,54378,1077,51064,0,0,3059,46917,1005,29149,3064,76066,California
San Joaquin,2021-02-23,4877,110319,3272,57650,1605,52669,0,0,3276,48632,1578,30727,3293,79359,California
San Joaquin,2021-02-24,6718,117037,4294,61944,2424,55093,0,0,5010,51970,1686,32413,5024,84383,California
San Joaquin,2021-02-25,7173,124210,4788,66732,2385,57478,0,0,4879,54596,2268,34681,4894,89277,California
San Joaquin,2021-02-26,6024,130234,3375,70107,2649,60127,0,0,4251,57118,1741,36422,4263,93540,California
San Joaquin,2021-02-27,5588,135822,1604,71711,3984,64111,0,0,2636,56853,2916,39338,2651,96191,California
San Joaquin,2021-02-28,3018,138840,1091,72802,1927,66038,0,0,1984,57822,1022,40360,1991,98182,California
San Joaquin,2021-03-01,4183,143023,1823,74625,2360,68398,0,0,2267,58197,1901,42261,2276,100458,California
San Joaquin,2021-03-02,4168,147191,1680,76305,2488,70886,0,0,2560,59235,1594,43855,2632,103090,California
San Joaquin,2021-03-03,6058,153249,3860,80165,2196,73082,2,2,4428,62061,1610,45465,4436,107526,California
San Joaquin,2021-03-04,5180,158429,2407,82572,2772,75854,1,3,3137,63239,1969,47434,3147,110673,California
San Joaquin,2021-03-05,4267,162696,1906,84478,2359,78213,2,5,2923,64840,1331,48765,2932,113605,California
San Joaquin,2021-03-06,3428,166124,2343,86821,963,79176,122,127,2848,67249,574,49339,2983,116588,California
San Joaquin,2021-03-07,1209,167333,545,87366,623,79799,41,168,939,67961,254,49593,966,117554,California
San Joaquin,2021-03-08,2958,170291,1195,88561,1660,81459,103,271,1998,69118,953,50546,2110,119664,California
San Joaquin,2021-03-09,4252,174543,1881,90442,2250,83709,121,392,2710,70429,1525,52071,2836,122500,California
San Joaquin,2021-03-10,5032,179575,2638,93080,2269,85978,125,517,3567,72673,1448,53519,3692,126192,California
San Joaquin,2021-03-11,5213,184788,2483,95563,2151,88129,579,1096,2884,73828,2314,55833,3469,129661,California
San Joaquin,2021-03-12,6615,191403,3491,99054,2847,90976,277,1373,3911,75438,2684,58517,4294,133955,California
San Joaquin,2021-03-13,3013,194416,1531,100585,1362,92338,120,1493,2127,76884,879,59396,2325,136280,California
San Joaquin,2021-03-14,1825,196241,584,101169,947,93285,294,1787,936,77234,885,60281,1235,137515,California
San Joaquin,2021-03-15,6586,202827,4032,105201,2157,95442,397,2184,3252,77591,3318,63599,3675,141190,California
San Joaquin,2021-03-16,7682,210509,4708,109909,2728,98170,246,2430,4310,78798,3363,66962,4570,145760,California
San Joaquin,2021-03-17,8911,219420,5793,115702,3053,101223,65,2495,4681,79345,4211,71173,4758,150518,California
San Joaquin,2021-03-18,8416,227836,5338,121040,2591,103814,487,2982,3879,79206,4506,75679,4367,154885,California
San Joaquin,2021-03-19,8320,236156,5007,126047,2781,106595,532,3514,4799,81078,3504,79183,5376,160261,California
San Joaquin,2021-03-20,3463,239619,1902,127949,1341,107936,220,3734,1697,81268,1749,80932,1939,162200,California
San Joaquin,2021-03-21,2279,241898,1638,129587,429,108365,212,3946,1357,81988,918,81850,1638,163838,California
San Joaquin,2021-03-22,4273,246171,2278,131865,1584,109949,411,4357,2680,83505,1583,83433,3100,166938,California
San Joaquin,2021-03-23,5375,251546,2750,134615,2465,112414,160,4517,3748,85809,1612,85045,3916,170854,California
San Joaquin,2021-03-24,7079,258625,4470,139085,2524,114938,85,4602,2982,84817,4080,89125,3088,173942,California
San Joaquin,2021-03-25,4951,263576,2639,141724,2275,117213,37,4639,2848,85640,2086,91211,2909,176851,California
San Joaquin,2021-03-26,5088,268664,1562,143286,3476,120689,50,4689,2292,85273,2764,93975,2397,179248,California
San Joaquin,2021-03-27,3709,272373,1738,145024,1933,122622,38,4727,1281,84218,2411,96386,1356,180604,California
San Joaquin,2021-03-28,2370,274743,1442,146466,901,123523,27,4754,1086,84156,1272,97658,1210,181814,California
San Joaquin,2021-03-29,2182,276925,1372,147838,785,124308,25,4779,1272,84570,900,98558,1314,183128,California
San Luis Obispo,2020-12-16,4,4,4,4,0,0,0,0,4,4,0,0,4,4,California
San Luis Obispo,2020-12-17,196,200,196,200,0,0,0,0,196,200,0,0,196,200,California
San Luis Obispo,2020-12-18,223,423,223,423,0,0,0,0,223,423,0,0,223,423,California
San Luis Obispo,2020-12-19,164,587,164,587,0,0,0,0,164,587,0,0,164,587,California
San Luis Obispo,2020-12-20,215,802,215,802,0,0,0,0,215,802,0,0,215,802,California
San Luis Obispo,2020-12-21,552,1354,552,1354,0,0,0,0,552,1354,0,0,552,1354,California
San Luis Obispo,2020-12-22,307,1661,303,1657,4,4,0,0,307,1661,0,0,307,1661,California
San Luis Obispo,2020-12-23,683,2344,370,2027,313,317,0,0,683,2344,0,0,683,2344,California
San Luis Obispo,2020-12-24,195,2539,19,2046,176,493,0,0,195,2539,0,0,195,2539,California
San Luis Obispo,2020-12-25,2,2541,1,2047,1,494,0,0,2,2541,0,0,2,2541,California
San Luis Obispo,2020-12-26,90,2631,12,2059,78,572,0,0,90,2631,0,0,90,2631,California
San Luis Obispo,2020-12-27,75,2706,0,2059,75,647,0,0,75,2706,0,0,75,2706,California
San Luis Obispo,2020-12-28,878,3584,431,2490,447,1094,0,0,878,3584,0,0,878,3584,California
San Luis Obispo,2020-12-29,903,4487,502,2992,401,1495,0,0,903,4487,0,0,903,4487,California
San Luis Obispo,2020-12-30,1175,5662,682,3674,493,1988,0,0,1175,5662,0,0,1175,5662,California
San Luis Obispo,2020-12-31,106,5768,4,3678,102,2090,0,0,106,5768,0,0,106,5768,California
San Luis Obispo,2021-01-01,11,5779,7,3685,4,2094,0,0,11,5779,0,0,11,5779,California
San Luis Obispo,2021-01-02,31,5810,7,3692,24,2118,0,0,31,5810,0,0,31,5810,California
San Luis Obispo,2021-01-03,16,5826,6,3698,10,2128,0,0,16,5826,0,0,16,5826,California
San Luis Obispo,2021-01-04,674,6500,524,4222,150,2278,0,0,674,6500,0,0,674,6500,California
San Luis Obispo,2021-01-05,978,7478,760,4982,218,2496,0,0,976,7474,2,2,976,7476,California
San Luis Obispo,2021-01-06,727,8205,482,5464,245,2741,0,0,719,8186,7,9,719,8195,California
San Luis Obispo,2021-01-07,1129,9334,950,6414,179,2920,0,0,687,8431,442,451,687,8882,California
San Luis Obispo,2021-01-08,881,10215,805,7219,76,2996,0,0,511,8574,369,820,512,9394,California
San Luis Obispo,2021-01-09,206,10421,198,7417,8,3004,0,0,28,8424,178,998,28,9422,California
San Luis Obispo,2021-01-10,11,10432,7,7424,4,3008,0,0,7,8427,4,1002,7,9429,California
San Luis Obispo,2021-01-11,526,10958,476,7900,50,3058,0,0,264,8430,261,1263,264,9693,California
San Luis Obispo,2021-01-12,598,11556,380,8280,218,3276,0,0,320,8472,278,1541,320,10013,California
San Luis Obispo,2021-01-13,881,12437,254,8534,627,3903,0,0,642,8877,237,1778,642,10655,California
San Luis Obispo,2021-01-14,729,13166,241,8775,488,4391,0,0,604,9369,112,1890,604,11259,California
San Luis Obispo,2021-01-15,735,13901,292,9067,443,4834,0,0,557,9753,173,2063,557,11816,California
San Luis Obispo,2021-01-16,99,14000,81,9148,18,4852,0,0,94,9842,5,2068,94,11910,California
San Luis Obispo,2021-01-17,66,14066,60,9208,6,4858,0,0,66,9908,0,2068,66,11976,California
San Luis Obispo,2021-01-18,1372,15438,389,9597,983,5841,0,0,1110,10756,262,2330,1110,13086,California
San Luis Obispo,2021-01-19,1583,17021,418,10015,1165,7006,0,0,1175,11523,408,2738,1175,14261,California
San Luis Obispo,2021-01-20,1882,18903,598,10613,1284,8290,0,0,1292,12228,588,3326,1293,15554,California
San Luis Obispo,2021-01-21,1568,20471,466,11079,1102,9392,0,0,1196,13055,369,3695,1196,16750,California
San Luis Obispo,2021-01-22,1516,21987,508,11587,1008,10400,0,0,1201,13943,313,4008,1201,17951,California
San Luis Obispo,2021-01-23,309,22296,292,11879,17,10417,0,0,294,14222,15,4023,294,18245,California
San Luis Obispo,2021-01-24,243,22539,238,12117,5,10422,0,0,238,14454,6,4029,238,18483,California
San Luis Obispo,2021-01-25,2069,24608,605,12722,1464,11886,0,0,1241,14869,828,4857,1243,19726,California
San Luis Obispo,2021-01-26,1998,26606,702,13424,1296,13182,0,0,1131,15135,865,5722,1131,20857,California
San Luis Obispo,2021-01-27,1609,28215,277,13701,1332,14514,0,0,1146,15818,463,6185,1146,22003,California
San Luis Obispo,2021-01-28,1475,29690,336,14037,1139,15653,0,0,1213,16770,261,6446,1213,23216,California
San Luis Obispo,2021-01-29,1724,31414,676,14713,1048,16701,0,0,1442,17930,282,6728,1442,24658,California
San Luis Obispo,2021-01-30,35,31449,16,14729,19,16720,0,0,25,17946,9,6737,25,24683,California
San Luis Obispo,2021-01-31,25,31474,20,14749,5,16725,0,0,22,17965,3,6740,22,24705,California
San Luis Obispo,2021-02-01,1648,33122,699,15448,949,17674,0,0,1380,19077,268,7008,1380,26085,California
San Luis Obispo,2021-02-02,1888,35010,672,16120,1216,18890,0,0,1511,20212,376,7384,1511,27596,California
San Luis Obispo,2021-02-03,1697,36707,726,16846,971,19861,0,0,1286,21087,411,7795,1286,28882,California
San Luis Obispo,2021-02-04,1654,38361,800,17646,854,20715,0,0,1088,21610,565,8360,1088,29970,California
San Luis Obispo,2021-02-05,1591,39952,719,18365,872,21587,0,0,1046,22112,545,8905,1047,31017,California
San Luis Obispo,2021-02-06,158,40110,92,18457,66,21653,0,0,94,22142,64,8969,94,31111,California
San Luis Obispo,2021-02-07,142,40252,97,18554,45,21698,0,0,73,22146,69,9038,73,31184,California
San Luis Obispo,2021-02-08,849,41101,463,19017,386,22084,0,0,490,22278,358,9396,490,31674,California
San Luis Obispo,2021-02-09,1118,42219,445,19462,673,22757,0,0,537,22246,576,9972,544,32218,California
San Luis Obispo,2021-02-10,1424,43643,487,19949,937,23694,0,0,520,21868,901,10873,523,32741,California
San Luis Obispo,2021-02-11,1326,44969,839,20788,487,24181,0,0,653,21851,670,11543,653,33394,California
San Luis Obispo,2021-02-12,776,45745,357,21145,419,24600,0,0,410,21895,366,11909,410,33804,California
San Luis Obispo,2021-02-13,385,46130,124,21269,261,24861,0,0,278,22067,106,12015,278,34082,California
San Luis Obispo,2021-02-14,308,46438,42,21311,266,25127,0,0,271,22301,37,12052,271,34353,California
San Luis Obispo,2021-02-15,708,47146,133,21444,575,25702,0,0,455,22506,250,12302,455,34808,California
San Luis Obispo,2021-02-16,2955,50101,1189,22633,1766,27468,0,0,1350,22260,1596,13898,1350,36158,California
San Luis Obispo,2021-02-17,2758,52859,1223,23856,1535,29003,0,0,1023,21555,1728,15626,1023,37181,California
San Luis Obispo,2021-02-18,2808,55667,1442,25298,1366,30369,0,0,1124,21002,1677,17303,1124,38305,California
San Luis Obispo,2021-02-19,1436,57103,1318,26616,118,30487,0,0,1114,21796,321,17624,1115,39420,California
San Luis Obispo,2021-02-20,252,57355,84,26700,168,30655,0,0,216,21976,36,17660,216,39636,California
San Luis Obispo,2021-02-21,44,57399,41,26741,3,30658,0,0,28,21988,16,17676,28,39664,California
San Luis Obispo,2021-02-22,2397,59796,1850,28591,547,31205,0,0,1463,22517,934,18610,1463,41127,California
San Luis Obispo,2021-02-23,1852,61648,1739,30330,113,31318,0,0,1366,23399,484,19094,1366,42493,California
San Luis Obispo,2021-02-24,2635,64283,1294,31624,1341,32659,0,0,832,22430,1801,20895,832,43325,California
San Luis Obispo,2021-02-25,2118,66401,1238,32862,880,33539,0,0,1200,22718,913,21808,1201,44526,California
San Luis Obispo,2021-02-26,2606,69007,1128,33990,1478,35017,0,0,1310,22737,1291,23099,1310,45836,California
San Luis Obispo,2021-02-27,568,69575,344,34334,224,35241,0,0,521,23211,47,23146,521,46357,California
San Luis Obispo,2021-02-28,196,69771,73,34407,123,35364,0,0,165,23349,27,23173,165,46522,California
San Luis Obispo,2021-03-01,2885,72656,1784,36191,1100,36464,1,1,1979,24425,906,24079,1982,48504,California
San Luis Obispo,2021-03-02,2736,75392,1686,37877,1050,37514,0,1,1653,24998,1081,25160,1654,50158,California
San Luis Obispo,2021-03-03,2063,77455,291,38168,1772,39286,0,1,689,24317,1371,26531,690,50848,California
San Luis Obispo,2021-03-04,1968,79423,1004,39172,964,40250,0,1,1020,24394,946,27477,1023,51871,California
San Luis Obispo,2021-03-05,2096,81519,887,40059,1140,41390,69,70,1149,24672,940,28417,1218,53089,California
San Luis Obispo,2021-03-06,804,82323,303,40362,405,41795,96,166,601,25160,203,28620,691,53780,California
San Luis Obispo,2021-03-07,205,82528,35,40397,91,41886,79,245,81,25198,123,28743,161,53941,California
San Luis Obispo,2021-03-08,2496,85024,724,41121,1472,43358,300,545,1346,25699,1149,29892,1650,55591,California
San Luis Obispo,2021-03-09,2713,87737,893,42014,1577,44935,243,788,1348,25928,1362,31254,1591,57182,California
San Luis Obispo,2021-03-10,2601,90338,985,42999,1437,46372,179,967,1387,26281,1213,32467,1566,58748,California
San Luis Obispo,2021-03-11,2633,92971,1108,44107,1246,47618,279,1246,1417,26764,1212,33679,1695,60443,California
San Luis Obispo,2021-03-12,2657,95628,1172,45279,1227,48845,258,1504,1299,26969,1354,35033,1559,62002,California
San Luis Obispo,2021-03-13,558,96186,227,45506,220,49065,111,1615,342,27205,216,35249,452,62454,California
San Luis Obispo,2021-03-14,318,96504,40,45546,171,49236,107,1722,77,27149,240,35489,184,62638,California
San Luis Obispo,2021-03-15,2753,99257,1047,46593,1615,50851,91,1813,1284,27059,1466,36955,1376,64014,California
San Luis Obispo,2021-03-16,2590,101847,1436,48029,1055,51906,99,1912,1252,27077,1333,38288,1351,65365,California
San Luis Obispo,2021-03-17,2999,104846,1345,49374,1422,53328,232,2144,1653,27620,1342,39630,1885,67250,California
San Luis Obispo,2021-03-18,2274,107120,1255,50629,842,54170,177,2321,962,27449,1311,40941,1140,68390,California
San Luis Obispo,2021-03-19,2189,109309,1360,51989,523,54693,306,2627,710,26991,1478,42419,1020,69410,California
San Luis Obispo,2021-03-20,713,110022,463,52452,216,54909,34,2661,312,26937,400,42819,346,69756,California
San Luis Obispo,2021-03-21,184,110206,49,52501,132,55041,3,2664,157,27070,27,42846,160,69916,California
San Luis Obispo,2021-03-22,2518,112724,1145,53646,1336,56377,37,2701,1717,28056,800,43646,1786,71702,California
San Luis Obispo,2021-03-23,3264,115988,2165,55811,1086,57463,13,2714,2175,29215,1086,44732,2245,73947,California
San Luis Obispo,2021-03-24,3314,119302,2039,57850,1204,58667,71,2785,2475,30975,835,45567,2595,76542,California
San Luis Obispo,2021-03-25,3528,122830,2257,60107,1261,59928,10,2795,2523,32581,1005,46572,2611,79153,California
San Luis Obispo,2021-03-26,2840,125670,1594,61701,895,60823,351,3146,1664,33474,1174,47746,2067,81220,California
San Luis Obispo,2021-03-27,965,126635,500,62201,387,61210,78,3224,450,33490,515,48261,531,81751,California
San Luis Obispo,2021-03-28,443,127078,152,62353,237,61447,54,3278,241,33584,202,48463,296,82047,California
San Luis Obispo,2021-03-29,814,127892,304,62657,505,61952,5,3283,526,33842,287,48750,545,82592,California
San Mateo,2020-12-15,25,25,25,25,0,0,0,0,25,25,0,0,25,25,California
San Mateo,2020-12-16,105,130,105,130,0,0,0,0,105,130,0,0,105,130,California
San Mateo,2020-12-17,178,308,178,308,0,0,0,0,178,308,0,0,178,308,California
San Mateo,2020-12-18,768,1076,766,1074,2,2,0,0,767,1074,1,1,767,1075,California
San Mateo,2020-12-19,525,1601,525,1599,0,2,0,0,525,1599,0,1,525,1600,California
San Mateo,2020-12-20,513,2114,512,2111,1,3,0,0,513,2112,0,1,513,2113,California
San Mateo,2020-12-21,1155,3269,1155,3266,0,3,0,0,1155,3267,0,1,1155,3268,California
San Mateo,2020-12-22,1508,4777,1501,4767,7,10,0,0,1508,4775,0,1,1508,4776,California
San Mateo,2020-12-23,1561,6338,1375,6142,186,196,0,0,1561,6336,0,1,1561,6337,California
San Mateo,2020-12-24,858,7196,603,6745,255,451,0,0,858,7194,0,1,858,7195,California
San Mateo,2020-12-25,112,7308,108,6853,4,455,0,0,112,7306,0,1,112,7307,California
San Mateo,2020-12-26,554,7862,411,7264,143,598,0,0,554,7860,0,1,554,7861,California
San Mateo,2020-12-27,297,8159,168,7432,129,727,0,0,297,8157,0,1,297,8158,California
San Mateo,2020-12-28,1038,9197,693,8125,345,1072,0,0,1038,9195,0,1,1038,9196,California
San Mateo,2020-12-29,1120,10317,703,8828,417,1489,0,0,1120,10315,0,1,1120,10316,California
San Mateo,2020-12-30,1259,11576,757,9585,502,1991,0,0,1258,11572,1,2,1258,11574,California
San Mateo,2020-12-31,705,12281,222,9807,483,2474,0,0,704,12275,1,3,704,12278,California
San Mateo,2021-01-01,34,12315,29,9836,5,2479,0,0,34,12309,0,3,34,12312,California
San Mateo,2021-01-02,395,12710,266,10102,129,2608,0,0,395,12704,0,3,395,12707,California
San Mateo,2021-01-03,280,12990,206,10308,74,2682,0,0,276,12976,4,7,276,12983,California
San Mateo,2021-01-04,1049,14039,676,10984,373,3055,0,0,1048,14023,1,8,1048,14031,California
San Mateo,2021-01-05,1182,15221,694,11678,488,3543,0,0,1154,15150,28,36,1155,15186,California
San Mateo,2021-01-06,1439,16660,947,12625,492,4035,0,0,1258,16230,178,214,1258,16444,California
San Mateo,2021-01-07,1419,18079,773,13398,646,4681,0,0,1142,17104,270,484,1144,17588,California
San Mateo,2021-01-08,1814,19893,1169,14567,645,5326,0,0,1130,17555,680,1164,1131,18719,California
San Mateo,2021-01-09,1188,21081,787,15354,401,5727,0,0,740,17847,448,1612,740,19459,California
San Mateo,2021-01-10,679,21760,551,15905,128,5855,0,0,256,17680,423,2035,256,19715,California
San Mateo,2021-01-11,2410,24170,1305,17210,1105,6960,0,0,1501,18273,910,2945,1503,21218,California
San Mateo,2021-01-12,3274,27444,1762,18972,1512,8472,0,0,2090,19183,1184,4129,2094,23312,California
San Mateo,2021-01-13,3461,30905,1745,20717,1716,10188,0,0,2435,20594,1026,5155,2437,25749,California
San Mateo,2021-01-14,3758,34663,1566,22283,2192,12380,0,0,3085,23012,672,5827,3090,28839,California
San Mateo,2021-01-15,4375,39038,1805,24088,2570,14950,0,0,3792,26228,581,6408,3797,32636,California
San Mateo,2021-01-16,3128,42166,820,24908,2308,17258,0,0,2773,28647,355,6763,2774,35410,California
San Mateo,2021-01-17,1316,43482,308,25216,1008,18266,0,0,1112,29555,204,6967,1112,36522,California
San Mateo,2021-01-18,1394,44876,556,25772,838,19104,0,0,990,30149,402,7369,996,37518,California
San Mateo,2021-01-19,2775,47651,1766,27538,1009,20113,0,0,1998,31376,776,8145,2003,39521,California
San Mateo,2021-01-20,2636,50287,1390,28928,1246,21359,0,0,1803,32352,828,8973,1804,41325,California
San Mateo,2021-01-21,2801,53088,1279,30207,1522,22881,0,0,2223,34003,577,9550,2228,43553,California
San Mateo,2021-01-22,2836,55924,1179,31386,1657,24538,0,0,2491,36151,343,9893,2491,46044,California
San Mateo,2021-01-23,2884,58808,1689,33075,1195,25733,0,0,2524,38316,360,10253,2525,48569,California
San Mateo,2021-01-24,1580,60388,396,33471,1184,26917,0,0,1252,39243,325,10578,1252,49821,California
San Mateo,2021-01-25,4390,64778,3113,36584,1277,28194,0,0,3530,41919,857,11435,3533,53354,California
San Mateo,2021-01-26,4277,69055,2978,39562,1299,29493,0,0,3361,44365,915,12350,3361,56715,California
San Mateo,2021-01-27,2746,71801,1432,40994,1314,30807,0,0,1777,45177,965,13315,1777,58492,California
San Mateo,2021-01-28,2786,74587,1356,42350,1430,32237,0,0,1932,46274,835,14150,1932,60424,California
San Mateo,2021-01-29,2899,77486,1268,43618,1631,33868,0,0,2129,47636,767,14917,2129,62553,California
San Mateo,2021-01-30,3229,80715,1334,44952,1895,35763,0,0,2912,50233,316,15233,2913,65466,California
San Mateo,2021-01-31,1908,82623,1125,46077,783,36546,0,0,1519,51369,384,15617,1520,66986,California
San Mateo,2021-02-01,2906,85529,1333,47410,1573,38119,0,0,2206,52882,696,16313,2209,69195,California
San Mateo,2021-02-02,3142,88671,1721,49131,1421,39540,0,0,2137,54015,1004,17317,2137,71332,California
San Mateo,2021-02-03,4863,93534,1937,51068,2926,42466,0,0,3816,56788,1044,18361,3817,75149,California
San Mateo,2021-02-04,6271,99805,2583,53651,3688,46154,0,0,4918,60360,1347,19708,4919,80068,California
San Mateo,2021-02-05,6764,106569,2544,56195,4220,50374,0,0,4947,63509,1799,21507,4948,85016,California
San Mateo,2021-02-06,3282,109851,1918,58113,1364,51738,0,0,2629,65486,653,22160,2630,87646,California
San Mateo,2021-02-07,1889,111740,1332,59445,557,52295,0,0,1704,67005,185,22345,1704,89350,California
San Mateo,2021-02-08,5259,116999,2234,61679,3025,55320,0,0,3084,67977,2112,24457,3084,92434,California
San Mateo,2021-02-09,6154,123153,3207,64886,2947,58267,0,0,3318,68463,2832,27289,3318,95752,California
San Mateo,2021-02-10,6497,129650,3281,68167,3216,61483,0,0,3544,69062,2945,30234,3544,99296,California
San Mateo,2021-02-11,6994,136644,3562,71729,3432,64915,0,0,3786,69650,3200,33434,3788,103084,California
San Mateo,2021-02-12,6572,143216,2948,74677,3624,68539,0,0,4676,72436,1891,35325,4677,107761,California
San Mateo,2021-02-13,6070,149286,3980,78657,2090,70629,0,0,2633,71634,3435,38760,2633,110394,California
San Mateo,2021-02-14,4618,153904,3012,81669,1606,72235,0,0,1964,70948,2651,41411,1965,112359,California
San Mateo,2021-02-15,3139,157043,1446,83115,1693,73928,0,0,1774,71362,1362,42773,1776,114135,California
San Mateo,2021-02-16,7115,164158,1855,84970,5260,79188,0,0,5272,74791,1843,44616,5272,119407,California
San Mateo,2021-02-17,7013,171171,1913,86883,5100,84288,0,0,5034,77852,1974,46590,5035,124442,California
San Mateo,2021-02-18,6647,177818,4616,91499,2031,86319,0,0,4420,80051,2222,48812,4421,128863,California
San Mateo,2021-02-19,7763,185581,5580,97079,2183,88502,0,0,5788,83867,1972,50784,5788,134651,California
San Mateo,2021-02-20,3708,189289,2394,99473,1314,89816,0,0,2290,84745,1412,52196,2290,136941,California
San Mateo,2021-02-21,2231,191520,1384,100857,847,90663,0,0,1223,84963,1005,53201,1223,138164,California
San Mateo,2021-02-22,4353,195873,3146,104003,1207,91870,0,0,2736,86091,1611,54812,2739,140903,California
San Mateo,2021-02-23,4206,200079,2979,106982,1227,93097,0,0,2419,86728,1784,56596,2421,143324,California
San Mateo,2021-02-24,7263,207342,3267,110249,3996,97093,0,0,4835,89143,2422,59018,4837,148161,California
San Mateo,2021-02-25,8925,216267,3975,114224,4950,102043,0,0,5894,92019,3019,62037,5895,154056,California
San Mateo,2021-02-26,9589,225856,3663,117887,5926,107969,0,0,6693,95827,2886,64923,6694,160750,California
San Mateo,2021-02-27,6599,232455,3384,121271,3215,111184,0,0,3567,96372,3028,67951,3573,164323,California
San Mateo,2021-02-28,4076,236531,2469,123740,1607,112791,0,0,2529,97358,1545,69496,2531,166854,California
San Mateo,2021-03-01,5578,242109,3504,127244,2074,114865,0,0,2768,97323,2803,72299,2768,169622,California
San Mateo,2021-03-02,5571,247680,3864,131108,1707,116572,0,0,3200,98162,2361,74660,3200,172822,California
San Mateo,2021-03-03,7628,255308,3552,134660,4076,120648,0,0,3120,96783,4500,79160,3121,175943,California
San Mateo,2021-03-04,7492,262800,3571,138231,3920,124568,1,1,3280,95869,4201,83361,3287,179230,California
San Mateo,2021-03-05,8086,270886,5576,143807,2508,127076,2,3,5837,99480,2235,85596,5846,185076,California
San Mateo,2021-03-06,7583,278469,5298,149105,2121,129197,164,167,5584,103239,1991,87587,5750,190826,California
San Mateo,2021-03-07,3421,281890,2275,151380,1074,130271,72,239,1961,103815,1457,89044,2033,192859,California
San Mateo,2021-03-08,4282,286172,2404,153784,1704,131975,174,413,3139,105993,1139,90183,3317,196176,California
San Mateo,2021-03-09,4445,290617,2069,155853,2097,134072,279,692,2909,107655,1526,91709,3188,199364,California
San Mateo,2021-03-10,6651,297268,2551,158404,3827,137899,273,965,4313,109918,2327,94036,4590,203954,California
San Mateo,2021-03-11,7296,304564,4096,162500,2862,140761,338,1303,3397,109766,3890,97926,3738,207692,California
San Mateo,2021-03-12,8179,312743,4685,167185,3218,143979,276,1579,3184,108247,4983,102909,3464,211156,California
San Mateo,2021-03-13,7326,320069,3148,170333,2638,146617,1540,3119,3615,109689,3710,106619,5152,216308,California
San Mateo,2021-03-14,4645,324714,3232,173565,1315,147932,98,3217,2849,110844,1792,108411,2947,219255,California
San Mateo,2021-03-15,7030,331744,4519,178084,2343,150275,168,3385,3788,111565,3235,111646,3956,223211,California
San Mateo,2021-03-16,10851,342595,4358,182442,6363,156638,130,3515,4824,110507,6015,117661,4957,228168,California
San Mateo,2021-03-17,9667,352262,4242,186684,5306,161944,119,3634,4710,110407,4937,122598,4837,233005,California
San Mateo,2021-03-18,6180,358442,3469,190153,2540,164484,171,3805,3567,111537,2611,125209,3741,236746,California
San Mateo,2021-03-19,6121,364563,4138,194291,1509,165993,474,4279,3020,111939,3095,128304,3497,240243,California
San Mateo,2021-03-20,6135,370698,4867,199158,1039,167032,229,4508,4251,114548,1873,130177,4482,244725,California
San Mateo,2021-03-21,4025,374723,3025,202183,769,167801,231,4739,2297,115353,1720,131897,2525,247250,California
San Mateo,2021-03-22,5206,379929,3505,205688,1282,169083,419,5158,2891,116363,2303,134200,3313,250563,California
San Mateo,2021-03-23,9722,389651,4433,210121,5094,174177,195,5353,4721,116321,4978,139178,4936,255499,California
San Mateo,2021-03-24,9292,398943,5260,215381,3888,178065,144,5497,4107,115568,5137,144315,4384,259883,California
San Mateo,2021-03-25,9420,408363,4360,219741,4808,182873,252,5749,4006,114559,5325,149640,4316,264199,California
San Mateo,2021-03-26,10022,418385,7440,227181,2415,185288,167,5916,4148,113090,5849,155489,4380,268579,California
San Mateo,2021-03-27,9406,427791,7048,234229,2269,187557,89,6005,3767,111407,5621,161110,3938,272517,California
San Mateo,2021-03-28,3998,431789,2652,236881,1235,188792,111,6116,1938,111416,2054,163164,2063,274580,California
San Mateo,2021-03-29,4295,436084,2739,239620,1317,190109,239,6355,1948,111274,2338,165502,2196,276776,California
Santa Barbara,2020-12-15,2,2,2,2,0,0,0,0,2,2,0,0,2,2,California
Santa Barbara,2020-12-16,2,4,2,4,0,0,0,0,2,4,0,0,2,4,California
Santa Barbara,2020-12-17,51,55,51,55,0,0,0,0,51,55,0,0,51,55,California
Santa Barbara,2020-12-18,377,432,376,431,1,1,0,0,377,432,0,0,377,432,California
Santa Barbara,2020-12-19,325,757,325,756,0,1,0,0,325,757,0,0,325,757,California
Santa Barbara,2020-12-20,234,991,234,990,0,1,0,0,234,991,0,0,234,991,California
Santa Barbara,2020-12-21,649,1640,647,1637,2,3,0,0,649,1640,0,0,649,1640,California
Santa Barbara,2020-12-22,243,1883,241,1878,2,5,0,0,243,1883,0,0,243,1883,California
Santa Barbara,2020-12-23,320,2203,202,2080,118,123,0,0,320,2203,0,0,320,2203,California
Santa Barbara,2020-12-24,87,2290,40,2120,47,170,0,0,87,2290,0,0,87,2290,California
Santa Barbara,2020-12-26,328,2618,67,2187,261,431,0,0,328,2618,0,0,328,2618,California
Santa Barbara,2020-12-27,62,2680,1,2188,61,492,0,0,62,2680,0,0,62,2680,California
Santa Barbara,2020-12-28,352,3032,218,2406,134,626,0,0,352,3032,0,0,352,3032,California
Santa Barbara,2020-12-29,550,3582,358,2764,192,818,0,0,550,3582,0,0,550,3582,California
Santa Barbara,2020-12-30,581,4163,401,3165,180,998,0,0,581,4163,0,0,581,4163,California
Santa Barbara,2020-12-31,238,4401,112,3277,126,1124,0,0,238,4401,0,0,238,4401,California
Santa Barbara,2021-01-01,107,4508,106,3383,1,1125,0,0,107,4508,0,0,107,4508,California
Santa Barbara,2021-01-02,587,5095,224,3607,363,1488,0,0,587,5095,0,0,587,5095,California
Santa Barbara,2021-01-03,23,5118,15,3622,8,1496,0,0,23,5118,0,0,23,5118,California
Santa Barbara,2021-01-04,304,5422,243,3865,61,1557,0,0,303,5421,0,0,303,5421,California
Santa Barbara,2021-01-05,748,6170,376,4241,372,1929,0,0,722,6117,26,26,722,6143,California
Santa Barbara,2021-01-06,656,6826,273,4514,383,2312,0,0,598,6658,57,83,598,6741,California
Santa Barbara,2021-01-07,1027,7853,705,5219,322,2634,0,0,523,6681,500,583,523,7264,California
Santa Barbara,2021-01-08,1201,9054,839,6058,362,2996,0,0,708,6896,493,1076,708,7972,California
Santa Barbara,2021-01-09,568,9622,293,6351,275,3271,0,0,323,6974,245,1321,323,8295,California
Santa Barbara,2021-01-10,65,9687,51,6402,14,3285,0,0,49,7007,16,1337,49,8344,California
Santa Barbara,2021-01-11,839,10526,668,7070,171,3456,0,0,615,7399,223,1560,615,8959,California
Santa Barbara,2021-01-12,1428,11954,634,7704,794,4250,0,0,1271,8513,157,1717,1271,10230,California
Santa Barbara,2021-01-13,1229,13183,280,7984,949,5199,0,0,1104,9492,125,1842,1104,11334,California
Santa Barbara,2021-01-14,1244,14427,133,8117,1111,6310,0,0,1190,10629,53,1895,1190,12524,California
Santa Barbara,2021-01-15,1791,16218,413,8530,1378,7688,0,0,1712,12263,78,1973,1712,14236,California
Santa Barbara,2021-01-16,1269,17487,199,8729,1070,8758,0,0,1231,13457,37,2010,1231,15467,California
Santa Barbara,2021-01-17,125,17612,21,8750,104,8862,0,0,122,13576,3,2013,122,15589,California
Santa Barbara,2021-01-18,1150,18762,416,9166,734,9596,0,0,966,14359,183,2196,966,16555,California
Santa Barbara,2021-01-19,1637,20399,565,9731,1072,10668,0,0,1359,15441,277,2473,1359,17914,California
Santa Barbara,2021-01-20,1984,22383,441,10172,1543,12211,0,0,1695,16848,288,2761,1695,19609,California
Santa Barbara,2021-01-21,3081,25464,1812,11984,1269,13480,0,0,2930,19628,151,2912,2931,22540,California
Santa Barbara,2021-01-22,2989,28453,1848,13832,1141,14621,0,0,2844,22330,142,3054,2844,25384,California
Santa Barbara,2021-01-23,1732,30185,1107,14939,625,15246,0,0,1222,23043,509,3563,1222,26606,California
Santa Barbara,2021-01-24,845,31030,754,15693,91,15337,0,0,837,23872,8,3571,837,27443,California
Santa Barbara,2021-01-25,1231,32261,491,16184,740,16077,0,0,995,24631,236,3807,995,28438,California
Santa Barbara,2021-01-26,2033,34294,458,16642,1575,17652,0,0,1649,25899,382,4189,1650,30088,California
Santa Barbara,2021-01-27,1154,35448,399,17041,755,18407,0,0,899,26544,254,4443,899,30987,California
Santa Barbara,2021-01-28,890,36338,293,17334,597,19004,0,0,680,27017,207,4650,680,31667,California
Santa Barbara,2021-01-29,1327,37665,533,17867,794,19798,0,0,975,27644,350,5000,977,32644,California
Santa Barbara,2021-01-30,1894,39559,1422,19289,472,20270,0,0,1491,28735,400,5400,1491,34135,California
Santa Barbara,2021-01-31,1458,41017,1221,20510,237,20507,0,0,1418,30113,40,5440,1418,35553,California
Santa Barbara,2021-02-01,930,41947,516,21026,414,20921,0,0,543,30270,386,5826,543,36096,California
Santa Barbara,2021-02-02,1807,43754,692,21718,1115,22036,0,0,1035,30536,769,6595,1035,37131,California
Santa Barbara,2021-02-03,1943,45697,1077,22795,866,22902,0,0,1500,31602,434,7029,1500,38631,California
Santa Barbara,2021-02-04,2775,48472,1859,24654,916,23818,0,0,2481,33794,289,7318,2481,41112,California
Santa Barbara,2021-02-05,2900,51372,2057,26711,843,24661,0,0,2259,35413,640,7958,2259,43371,California
Santa Barbara,2021-02-06,1200,52572,337,27048,863,25524,0,0,794,35801,406,8364,794,44165,California
Santa Barbara,2021-02-07,300,52872,262,27310,38,25562,0,0,265,36031,35,8399,265,44430,California
Santa Barbara,2021-02-08,952,53824,307,27617,645,26207,0,0,666,36411,286,8685,666,45096,California
Santa Barbara,2021-02-09,2432,56256,312,27929,2120,28327,0,0,1119,36226,1304,9989,1119,46215,California
Santa Barbara,2021-02-10,2753,59009,1495,29424,1258,29585,0,0,798,35075,1949,11938,798,47013,California
Santa Barbara,2021-02-11,4169,63178,2799,32223,1370,30955,0,0,617,32145,3547,15485,617,47630,California
Santa Barbara,2021-02-12,3298,66476,945,33168,2353,33308,0,0,769,30390,2524,18009,769,48399,California
Santa Barbara,2021-02-13,1233,67709,337,33505,896,34204,0,0,561,30282,669,18678,561,48960,California
Santa Barbara,2021-02-14,331,68040,33,33538,298,34502,0,0,285,30521,46,18724,285,49245,California
Santa Barbara,2021-02-15,951,68991,335,33873,616,35118,0,0,485,30544,462,19186,485,49730,California
Santa Barbara,2021-02-16,2112,71103,396,34269,1716,36834,0,0,721,29876,1389,20575,721,50451,California
Santa Barbara,2021-02-17,1425,72528,317,34586,1108,37942,0,0,512,29477,911,21486,512,50963,California
Santa Barbara,2021-02-18,3248,75776,2645,37231,603,38545,0,0,1516,29295,1698,23184,1516,52479,California
Santa Barbara,2021-02-19,3600,79376,2649,39880,951,39496,0,0,2333,30363,1265,24449,2333,54812,California
Santa Barbara,2021-02-20,2219,81595,1428,41308,791,40287,0,0,1669,31492,541,24990,1670,56482,California
Santa Barbara,2021-02-21,101,81696,76,41384,25,40312,0,0,50,31491,51,25041,50,56532,California
Santa Barbara,2021-02-22,906,82602,229,41613,677,40989,0,0,252,31096,647,25688,252,56784,California
Santa Barbara,2021-02-23,3178,85780,1042,42655,2136,43125,0,0,422,28764,2754,28442,422,57206,California
Santa Barbara,2021-02-24,3156,88936,1080,43735,2076,45201,0,0,710,27036,2438,30880,710,57916,California
Santa Barbara,2021-02-25,3449,92385,1917,45652,1532,46733,0,0,984,25562,2458,33338,984,58900,California
Santa Barbara,2021-02-26,3630,96015,2167,47819,1463,48196,0,0,1977,25892,1648,34986,1978,60878,California
Santa Barbara,2021-02-27,1515,97530,560,48379,955,49151,0,0,840,26064,671,35657,843,61721,California
Santa Barbara,2021-02-28,1070,98600,215,48594,855,50006,0,0,883,26763,185,35842,884,62605,California
Santa Barbara,2021-03-01,1577,100177,458,49052,1119,51125,0,0,1065,27321,509,36351,1067,63672,California
Santa Barbara,2021-03-02,2479,102656,388,49440,2091,53216,0,0,2011,28874,458,36809,2011,65683,California
Santa Barbara,2021-03-03,4446,107102,2066,51506,2379,55595,1,1,3881,32205,555,37364,3886,69569,California
Santa Barbara,2021-03-04,3345,110447,2247,53753,1098,56693,0,1,2809,34485,530,37894,2810,72379,California
Santa Barbara,2021-03-05,3738,114185,2152,55905,1530,58223,56,57,3042,36893,691,38585,3099,75478,California
Santa Barbara,2021-03-06,2367,116552,703,56608,1465,59688,199,256,1627,37980,738,39323,1825,77303,California
Santa Barbara,2021-03-07,544,117096,123,56731,305,59993,116,372,381,38315,163,39486,498,77801,California
Santa Barbara,2021-03-08,1513,118609,366,57097,835,60828,312,684,768,38654,741,40227,1080,78881,California
Santa Barbara,2021-03-09,2666,121275,325,57422,1630,62458,711,1395,682,38066,1980,42207,1392,80273,California
Santa Barbara,2021-03-10,2425,123700,414,57836,1108,63566,903,2298,863,38276,1556,43763,1766,82039,California
Santa Barbara,2021-03-11,5287,128987,2934,60770,1328,64894,1025,3323,2133,38287,3147,46910,3158,85197,California
Santa Barbara,2021-03-12,2963,131950,1792,62562,827,65721,344,3667,1821,39314,1139,48049,2166,87363,California
Santa Barbara,2021-03-13,2704,134654,1492,64054,1069,66790,143,3810,2180,41117,522,48571,2325,89688,California
Santa Barbara,2021-03-14,491,135145,241,64295,196,66986,54,3864,285,41250,206,48777,339,90027,California
Santa Barbara,2021-03-15,2036,137181,667,64962,1107,68093,262,4126,1232,41945,800,49577,1495,91522,California
Santa Barbara,2021-03-16,3538,140719,1132,66094,2070,70163,336,4462,2562,43871,972,50549,2898,94420,California
Santa Barbara,2021-03-17,3109,143828,881,66975,1830,71993,398,4860,2164,45491,943,51492,2563,96983,California
Santa Barbara,2021-03-18,3532,147360,2203,69178,1173,73166,156,5016,2494,47114,1029,52521,2652,99635,California
Santa Barbara,2021-03-19,3347,150707,1997,71175,1034,74200,316,5332,2168,48424,1176,53697,2486,102121,California
Santa Barbara,2021-03-20,1550,152257,672,71847,872,75072,6,5338,973,48827,576,54273,979,103100,California
Santa Barbara,2021-03-21,1132,153389,368,72215,734,75806,30,5368,812,49353,317,54590,843,103943,California
Santa Barbara,2021-03-22,2714,156103,1856,74071,812,76618,46,5414,2167,51029,541,55131,2217,106160,California
Santa Barbara,2021-03-23,4293,160396,2203,76274,1996,78614,94,5508,3545,53927,742,55873,3640,109800,California
Santa Barbara,2021-03-24,5210,165606,3035,79309,1458,80072,717,6225,2813,55076,2380,58253,3529,113329,California
Santa Barbara,2021-03-25,5372,170978,3208,82517,2011,82083,153,6378,2672,55216,2688,60941,2828,116157,California
Santa Barbara,2021-03-26,4941,175919,3163,85680,1527,83610,251,6629,2183,54908,2744,63685,2436,118593,California
Santa Barbara,2021-03-27,2862,178781,1204,86884,1619,85229,39,6668,1573,55244,1283,64968,1619,120212,California
Santa Barbara,2021-03-28,2628,181409,1557,88441,1043,86272,28,6696,1773,56195,852,65820,1803,122015,California
Santa Barbara,2021-03-29,1062,182471,215,88656,839,87111,8,6704,876,56900,185,66005,890,122905,California
Santa Clara,2020-12-15,63,63,63,63,0,0,0,0,63,63,0,0,63,63,California
Santa Clara,2020-12-16,132,195,132,195,0,0,0,0,132,195,0,0,132,195,California
Santa Clara,2020-12-17,453,648,453,648,0,0,0,0,453,648,0,0,453,648,California
Santa Clara,2020-12-18,1720,2368,1720,2368,0,0,0,0,1720,2368,0,0,1720,2368,California
Santa Clara,2020-12-19,2110,4478,2110,4478,0,0,0,0,2108,4475,1,1,2108,4476,California
Santa Clara,2020-12-20,1874,6352,1868,6346,6,6,0,0,1871,6346,0,1,1871,6347,California
Santa Clara,2020-12-21,2646,8998,2646,8992,0,6,0,0,2643,8988,1,2,2643,8990,California
Santa Clara,2020-12-22,3102,12100,3093,12085,9,15,0,0,3100,12088,0,2,3100,12090,California
Santa Clara,2020-12-23,3232,15332,3047,15132,185,200,0,0,3230,15318,0,2,3230,15320,California
Santa Clara,2020-12-24,1887,17219,1698,16830,189,389,0,0,1881,17198,1,3,1881,17201,California
Santa Clara,2020-12-25,337,17556,336,17166,1,390,0,0,337,17535,0,3,337,17538,California
Santa Clara,2020-12-26,1257,18813,1026,18192,231,621,0,0,1256,18791,0,3,1256,18794,California
Santa Clara,2020-12-27,635,19448,498,18690,137,758,0,0,635,19426,0,3,635,19429,California
Santa Clara,2020-12-28,2322,21770,1720,20410,602,1360,0,0,2322,21748,0,3,2322,21751,California
Santa Clara,2020-12-29,2320,24090,1457,21867,863,2223,0,0,2318,24066,0,3,2318,24069,California
Santa Clara,2020-12-30,2969,27059,1882,23749,1087,3310,0,0,2969,27035,0,3,2969,27038,California
Santa Clara,2020-12-31,1200,28259,385,24134,815,4125,0,0,1199,28233,1,4,1199,28237,California
Santa Clara,2021-01-01,132,28391,5,24139,127,4252,0,0,132,28365,0,4,132,28369,California
Santa Clara,2021-01-02,1081,29472,811,24950,270,4522,0,0,1081,29446,0,4,1081,29450,California
Santa Clara,2021-01-03,583,30055,367,25317,216,4738,0,0,581,30025,2,6,581,30031,California
Santa Clara,2021-01-04,2473,32528,1669,26986,804,5542,0,0,2470,32494,1,7,2470,32501,California
Santa Clara,2021-01-05,3051,35579,1995,28981,1056,6598,0,0,2866,35179,184,191,2869,35370,California
Santa Clara,2021-01-06,3299,38878,1941,30922,1358,7956,0,0,2732,37347,564,755,2732,38102,California
Santa Clara,2021-01-07,4127,43005,2468,33390,1659,9615,0,0,3102,39441,1015,1770,3109,41211,California
Santa Clara,2021-01-08,5847,48852,3824,37214,2023,11638,0,0,3788,41175,2054,3824,3788,44999,California
Santa Clara,2021-01-09,2983,51835,1877,39091,1106,12744,0,0,1708,41613,1275,5099,1713,46712,California
Santa Clara,2021-01-10,1865,53700,1423,40514,442,13186,0,0,727,41203,1137,6236,727,47439,California
Santa Clara,2021-01-11,5593,59293,3402,43916,2191,15377,0,0,3277,42169,2316,8552,3282,50721,California
Santa Clara,2021-01-12,6666,65959,3277,47193,3389,18766,0,0,4491,44493,2175,10727,4499,55220,California
Santa Clara,2021-01-13,7387,73346,3056,50249,4331,23097,0,0,5216,47554,2168,12895,5229,60449,California
Santa Clara,2021-01-14,8145,81491,2705,52954,5440,28537,0,0,6487,52395,1655,14550,6496,66945,California
Santa Clara,2021-01-15,9567,91058,2929,55883,6638,35175,0,0,8107,59063,1456,16006,8124,75069,California
Santa Clara,2021-01-16,4439,95497,1307,57190,3132,38307,0,0,3541,61713,895,16901,3545,78614,California
Santa Clara,2021-01-17,3232,98729,612,57802,2620,40927,0,0,2729,63941,501,17402,2729,81343,California
Santa Clara,2021-01-18,5207,103936,1251,59053,3956,44883,0,0,4562,67860,645,18047,4564,85907,California
Santa Clara,2021-01-19,8396,112332,2619,61672,5777,50660,0,0,6751,72976,1643,19690,6759,92666,California
Santa Clara,2021-01-20,7946,120278,3999,65671,3947,54607,0,0,6426,77886,1517,21207,6427,99093,California
Santa Clara,2021-01-21,8468,128746,3625,69296,4843,59450,0,0,7324,84070,1141,22348,7325,106418,California
Santa Clara,2021-01-22,8657,137403,3276,72572,5381,64831,0,0,8012,91440,644,22992,8014,114432,California
Santa Clara,2021-01-23,3778,141181,1683,74255,2095,66926,0,0,2823,93308,955,23947,2823,117255,California
Santa Clara,2021-01-24,2886,144067,1469,75724,1417,68343,0,0,2353,95129,532,24479,2353,119608,California
Santa Clara,2021-01-25,8300,152367,3726,79450,4574,72917,0,0,6291,99434,2003,26482,6308,125916,California
Santa Clara,2021-01-26,8165,160532,3759,83209,4406,77323,0,0,6025,103337,2129,28611,6032,131948,California
Santa Clara,2021-01-27,8527,169059,3744,86953,4783,82106,0,0,6672,108173,1837,30448,6673,138621,California
Santa Clara,2021-01-28,9372,178431,3783,90736,5589,87695,0,0,7407,113643,1941,32389,7411,146032,California
Santa Clara,2021-01-29,9440,187871,3881,94617,5559,93254,0,0,7327,118867,2103,34492,7327,153359,California
Santa Clara,2021-01-30,3898,191769,1797,96414,2101,95355,0,0,2954,120880,942,35434,2955,156314,California
Santa Clara,2021-01-31,2565,194334,1699,98113,866,96221,0,0,1575,121473,983,36417,1576,157890,California
Santa Clara,2021-02-01,7788,202122,3455,101568,4333,100554,0,0,6118,125930,1663,38080,6120,164010,California
Santa Clara,2021-02-02,7983,210105,2849,104417,5134,105688,0,0,6006,129966,1973,40053,6009,170019,California
Santa Clara,2021-02-03,9119,219224,3469,107886,5650,111338,0,0,6865,134587,2249,42302,6870,176889,California
Santa Clara,2021-02-04,10491,229715,4114,112000,6377,117715,0,0,8257,140620,2227,44529,8260,185149,California
Santa Clara,2021-02-05,11871,241586,4324,116324,7547,125262,0,0,8427,145620,3428,47957,8428,193577,California
Santa Clara,2021-02-06,5101,246687,2792,119116,2309,127571,0,0,3989,148500,1109,49066,3989,197566,California
Santa Clara,2021-02-07,3466,250153,2348,121464,1118,128689,0,0,3022,151080,442,49508,3022,200588,California
Santa Clara,2021-02-08,9985,260138,3478,124942,6507,135196,0,0,7264,155640,2706,52214,7266,207854,California
Santa Clara,2021-02-09,10718,270856,3793,128735,6925,142121,0,0,7262,159457,3447,55661,7264,215118,California
Santa Clara,2021-02-10,12611,283467,4894,133629,7717,149838,0,0,6894,160649,5705,61366,6897,222015,California
Santa Clara,2021-02-11,13144,296611,4627,138256,8517,158355,0,0,7421,162360,5711,67077,7422,229437,California
Santa Clara,2021-02-12,14538,311149,4472,142728,10066,168421,0,0,7039,161917,7483,74560,7040,236477,California
Santa Clara,2021-02-13,6073,317222,1441,144169,4632,173053,0,0,2217,160283,3852,78412,2218,238695,California
Santa Clara,2021-02-14,4628,321850,1141,145310,3487,176540,0,0,1494,158644,3133,81545,1494,240189,California
Santa Clara,2021-02-15,6217,328067,2774,148084,3443,179983,0,0,2675,157787,3536,85081,2679,242868,California
Santa Clara,2021-02-16,13540,341607,3989,152073,9551,189534,0,0,6724,157712,6799,91880,6724,249592,California
Santa Clara,2021-02-17,13999,355606,5487,157560,8512,198046,0,0,7024,157780,6961,98841,7029,256621,California
Santa Clara,2021-02-18,13614,369220,8333,165893,5281,203327,0,0,6986,158159,6608,105449,6987,263608,California
Santa Clara,2021-02-19,14685,383905,9527,175420,5158,208485,0,0,8526,160545,6141,111590,8527,272135,California
Santa Clara,2021-02-20,6814,390719,5097,180517,1717,210202,0,0,3689,161118,3116,114706,3689,275824,California
Santa Clara,2021-02-21,3224,393943,2410,182927,814,211016,0,0,1166,160235,2051,116757,1168,276992,California
Santa Clara,2021-02-22,10085,404028,6040,188967,4045,215061,0,0,4751,159664,5323,122080,4752,281744,California
Santa Clara,2021-02-23,11724,415752,7673,196640,4051,219112,0,0,6664,161293,5050,127130,6679,288423,California
Santa Clara,2021-02-24,13983,429735,9069,205709,4914,224026,0,0,8696,164722,5270,132400,8699,297122,California
Santa Clara,2021-02-25,13945,443680,9189,214898,4756,228782,0,0,7615,166026,6313,138713,7617,304739,California
Santa Clara,2021-02-26,14467,458147,8368,223266,6099,234881,0,0,7952,167495,6491,145204,7960,312699,California
Santa Clara,2021-02-27,8040,466187,5500,228766,2540,237421,0,0,4462,168395,3570,148774,4470,317169,California
Santa Clara,2021-02-28,4682,470869,3063,231829,1619,239040,0,0,2185,168091,2489,151263,2185,319354,California
Santa Clara,2021-03-01,13984,484853,7943,239772,6040,245080,1,1,8662,171449,5307,156570,8665,328019,California
Santa Clara,2021-03-02,13550,498403,8170,247942,5380,250460,0,1,9116,176160,4409,160979,9120,337139,California
Santa Clara,2021-03-03,16880,515283,8302,256244,8577,259037,1,2,10222,179770,6619,167598,10229,347368,California
Santa Clara,2021-03-04,14130,529413,7841,264085,6287,265324,2,4,8024,181725,6072,173670,8027,355395,California
Santa Clara,2021-03-05,14470,543883,8415,272500,5932,271256,123,127,7613,182642,6834,180504,7751,363146,California
Santa Clara,2021-03-06,8887,552770,5977,278477,2463,273719,447,574,6660,187540,2211,182715,7109,370255,California
Santa Clara,2021-03-07,6423,559193,4153,282630,2047,275766,223,797,5108,191566,1308,184023,5334,375589,California
Santa Clara,2021-03-08,12439,571632,6459,289089,5510,281276,470,1267,7954,195530,4464,188487,8428,384017,California
Santa Clara,2021-03-09,11954,583586,5228,294317,5589,286865,1137,2404,5675,196079,6266,194753,6815,390832,California
Santa Clara,2021-03-10,14391,597977,6253,300570,6365,293230,1773,4177,5871,195225,8498,203251,7644,398476,California
Santa Clara,2021-03-11,15490,613467,7231,307801,7037,300267,1222,5399,5268,191515,10200,213451,6490,404966,California
Santa Clara,2021-03-12,15500,628967,7996,315797,6348,306615,1156,6555,5285,187781,10184,223635,6450,411416,California
Santa Clara,2021-03-13,9633,638600,5623,321420,2623,309238,1387,7942,4292,188137,5322,228957,5678,417094,California
Santa Clara,2021-03-14,6057,644657,3230,324650,1567,310805,1260,9202,2957,189264,3089,232046,4216,421310,California
Santa Clara,2021-03-15,12727,657384,6456,331106,5997,316802,274,9476,5961,188763,6739,238785,6238,427548,California
Santa Clara,2021-03-16,17288,674672,10234,341340,6843,323645,211,9687,8368,188451,8893,247678,8581,436129,California
Santa Clara,2021-03-17,18740,693412,10683,352023,7886,331531,171,9858,9497,188926,9196,256874,9671,445800,California
Santa Clara,2021-03-18,15006,708418,7318,359341,6791,338322,897,10755,6854,188566,8112,264986,7752,453552,California
Santa Clara,2021-03-19,14230,722648,7427,366768,6019,344341,784,11539,7574,190306,6619,271605,8359,461911,California
Santa Clara,2021-03-20,8301,730949,4618,371386,3176,347517,507,12046,5108,192744,3177,274782,5615,467526,California
Santa Clara,2021-03-21,8137,739086,3701,375087,3083,350600,1353,13399,5485,196942,2642,277424,6840,474366,California
Santa Clara,2021-03-22,15993,755079,9083,384170,6556,357156,354,13753,9224,199781,6752,284176,9591,483957,California
Santa Clara,2021-03-23,18325,773404,12087,396257,6019,363175,219,13972,11238,204190,7057,291233,11466,495423,California
Santa Clara,2021-03-24,21379,794783,14133,410390,7093,370268,153,14125,14100,211382,7245,298478,14437,509860,California
Santa Clara,2021-03-25,20463,815246,12443,422833,7274,377542,746,14871,12927,218100,7490,305968,14208,524068,California
Santa Clara,2021-03-26,20021,835267,12591,435424,7042,384584,388,15259,12529,224002,7466,313434,13368,537436,California
Santa Clara,2021-03-27,14183,849450,9538,444962,4148,388732,497,15756,7716,226101,6443,319877,8542,545978,California
Santa Clara,2021-03-28,10829,860279,7831,452793,2580,391312,418,16174,6214,228315,4596,324473,6810,552788,California
Santa Clara,2021-03-29,15778,876057,9802,462595,5351,396663,625,16799,7926,229130,7826,332299,8641,561429,California
Santa Cruz,2020-12-15,2,2,2,2,0,0,0,0,2,2,0,0,2,2,California
Santa Cruz,2020-12-16,57,59,57,59,0,0,0,0,57,59,0,0,57,59,California
Santa Cruz,2020-12-17,390,449,390,449,0,0,0,0,390,449,0,0,390,449,California
Santa Cruz,2020-12-18,466,915,466,915,0,0,0,0,466,915,0,0,466,915,California
Santa Cruz,2020-12-19,176,1091,175,1090,1,1,0,0,176,1091,0,0,176,1091,California
Santa Cruz,2020-12-20,95,1186,95,1185,0,1,0,0,95,1186,0,0,95,1186,California
Santa Cruz,2020-12-21,429,1615,429,1614,0,1,0,0,429,1615,0,0,429,1615,California
Santa Cruz,2020-12-22,423,2038,422,2036,1,2,0,0,423,2038,0,0,423,2038,California
Santa Cruz,2020-12-23,372,2410,330,2366,42,44,0,0,372,2410,0,0,372,2410,California
Santa Cruz,2020-12-24,126,2536,51,2417,75,119,0,0,126,2536,0,0,126,2536,California
Santa Cruz,2020-12-25,11,2547,11,2428,0,119,0,0,11,2547,0,0,11,2547,California
Santa Cruz,2020-12-26,64,2611,45,2473,19,138,0,0,64,2611,0,0,64,2611,California
Santa Cruz,2020-12-27,32,2643,27,2500,5,143,0,0,32,2643,0,0,32,2643,California
Santa Cruz,2020-12-28,482,3125,107,2607,375,518,0,0,482,3125,0,0,482,3125,California
Santa Cruz,2020-12-29,794,3919,367,2974,427,945,0,0,794,3919,0,0,794,3919,California
Santa Cruz,2020-12-30,357,4276,165,3139,192,1137,0,0,357,4276,0,0,357,4276,California
Santa Cruz,2020-12-31,314,4590,11,3150,303,1440,0,0,314,4590,0,0,314,4590,California
Santa Cruz,2021-01-01,32,4622,0,3150,32,1472,0,0,32,4622,0,0,32,4622,California
Santa Cruz,2021-01-02,70,4692,56,3206,14,1486,0,0,70,4692,0,0,70,4692,California
Santa Cruz,2021-01-03,15,4707,7,3213,8,1494,0,0,15,4707,0,0,15,4707,California
Santa Cruz,2021-01-04,280,4987,123,3336,157,1651,0,0,278,4984,1,1,278,4985,California
Santa Cruz,2021-01-05,565,5552,428,3764,137,1788,0,0,263,4945,302,303,263,5248,California
Santa Cruz,2021-01-06,804,6356,670,4434,134,1922,0,0,466,5074,337,640,466,5714,California
Santa Cruz,2021-01-07,538,6894,210,4644,328,2250,0,0,387,5311,151,791,388,6102,California
Santa Cruz,2021-01-08,934,7828,562,5206,372,2622,0,0,485,5349,448,1239,486,6588,California
Santa Cruz,2021-01-09,462,8290,121,5327,341,2963,0,0,410,5707,52,1291,410,6998,California
Santa Cruz,2021-01-10,72,8362,62,5389,10,2973,0,0,18,5671,54,1345,18,7016,California
Santa Cruz,2021-01-11,716,9078,582,5971,134,3107,0,0,192,5339,524,1869,192,7208,California
Santa Cruz,2021-01-12,733,9811,529,6500,204,3311,0,0,491,5588,242,2111,491,7699,California
Santa Cruz,2021-01-13,521,10332,227,6727,294,3605,0,0,436,5943,82,2193,437,8136,California
Santa Cruz,2021-01-14,542,10874,92,6819,450,4055,0,0,483,6367,59,2252,483,8619,California
Santa Cruz,2021-01-15,1467,12341,91,6910,1376,5431,0,0,1392,7686,74,2326,1393,10012,California
Santa Cruz,2021-01-16,435,12776,63,6973,372,5803,0,0,408,8067,27,2353,408,10420,California
Santa Cruz,2021-01-17,284,13060,31,7004,253,6056,0,0,266,8315,18,2371,266,10686,California
Santa Cruz,2021-01-18,1025,14085,113,7117,912,6968,0,0,956,9202,69,2440,956,11642,California
Santa Cruz,2021-01-19,1622,15707,522,7639,1100,8068,0,0,1270,10123,350,2790,1271,12913,California
Santa Cruz,2021-01-20,1231,16938,182,7821,1049,9117,0,0,1036,10967,192,2982,1036,13949,California
Santa Cruz,2021-01-21,1698,18636,197,8018,1501,10618,0,0,1593,12456,105,3087,1594,15543,California
Santa Cruz,2021-01-22,1796,20432,534,8552,1262,11880,0,0,1692,14048,101,3188,1693,17236,California
Santa Cruz,2021-01-23,401,20833,144,8696,257,12137,0,0,342,14332,58,3246,342,17578,California
Santa Cruz,2021-01-24,115,20948,21,8717,94,12231,0,0,96,14409,19,3265,96,17674,California
Santa Cruz,2021-01-25,1057,22005,359,9076,698,12929,0,0,549,14452,508,3773,551,18225,California
Santa Cruz,2021-01-26,1676,23681,247,9323,1429,14358,0,0,1164,15105,512,4285,1165,19390,California
Santa Cruz,2021-01-27,1639,25320,445,9768,1194,15552,0,0,1256,15979,382,4667,1256,20646,California
Santa Cruz,2021-01-28,1741,27061,289,10057,1452,17004,0,0,1468,17176,272,4939,1469,22115,California
Santa Cruz,2021-01-29,1731,28792,486,10543,1245,18249,0,0,1602,18650,128,5067,1602,23717,California
Santa Cruz,2021-01-30,1053,29845,301,10844,752,19001,0,0,926,19449,127,5194,926,24643,California
Santa Cruz,2021-01-31,228,30073,123,10967,105,19106,0,0,203,19627,25,5219,203,24846,California
Santa Cruz,2021-02-01,1226,31299,757,11724,469,19575,0,0,819,20040,407,5626,820,25666,California
Santa Cruz,2021-02-02,1008,32307,130,11854,878,20453,0,0,854,20741,153,5779,854,26520,California
Santa Cruz,2021-02-03,2194,34501,941,12795,1253,21706,0,0,1886,22323,304,6083,1886,28406,California
Santa Cruz,2021-02-04,1823,36324,772,13567,1051,22757,0,0,1487,23475,335,6418,1487,29893,California
Santa Cruz,2021-02-05,3163,39487,791,14358,2372,25129,0,0,2843,26000,318,6736,2843,32736,California
Santa Cruz,2021-02-06,2579,42066,164,14522,2415,27544,0,0,2231,27883,348,7084,2231,34967,California
Santa Cruz,2021-02-07,908,42974,121,14643,787,28331,0,0,891,28757,17,7101,891,35858,California
Santa Cruz,2021-02-08,715,43689,201,14844,514,28845,0,0,516,29075,198,7299,516,36374,California
Santa Cruz,2021-02-09,2374,46063,1051,15895,1323,30168,0,0,2111,30927,259,7558,2111,38485,California
Santa Cruz,2021-02-10,2189,48252,577,16472,1612,31780,0,0,1497,31737,689,8247,1499,39984,California
Santa Cruz,2021-02-11,1835,50087,310,16782,1525,33305,0,0,1317,32537,517,8764,1317,41301,California
Santa Cruz,2021-02-12,3197,53284,424,17206,2773,36078,0,0,1792,32934,1397,10161,1794,43095,California
Santa Cruz,2021-02-13,1702,54986,121,17327,1581,37659,0,0,1289,33810,413,10574,1289,44384,California
Santa Cruz,2021-02-14,1388,56374,72,17399,1316,38975,0,0,1125,34672,263,10837,1125,45509,California
Santa Cruz,2021-02-15,1577,57951,274,17673,1303,40278,0,0,562,34220,1015,11852,563,46072,California
Santa Cruz,2021-02-16,1688,59639,199,17872,1489,41767,0,0,534,33620,1134,12986,534,46606,California
Santa Cruz,2021-02-17,2928,62567,979,18851,1949,43716,0,0,1235,33178,1680,14666,1238,47844,California
Santa Cruz,2021-02-18,2878,65445,638,19489,2240,45956,0,0,1232,32767,1643,16309,1232,49076,California
Santa Cruz,2021-02-19,3260,68705,1148,20637,2112,48068,0,0,2010,33528,1249,17558,2010,51086,California
Santa Cruz,2021-02-20,2375,71080,1497,22134,878,48946,0,0,1885,34923,490,18048,1885,52971,California
Santa Cruz,2021-02-21,792,71872,329,22463,463,49409,0,0,692,35517,98,18146,692,53663,California
Santa Cruz,2021-02-22,1242,73114,959,23422,283,49692,0,0,536,35349,704,18850,536,54199,California
Santa Cruz,2021-02-23,2102,75216,940,24362,1162,50854,0,0,720,34691,1381,20231,723,54922,California
Santa Cruz,2021-02-24,3170,78386,1649,26011,1521,52375,0,0,1217,33961,1949,22180,1219,56141,California
Santa Cruz,2021-02-25,3224,81610,1427,27438,1797,54172,0,0,1772,34291,1445,23625,1775,57916,California
Santa Cruz,2021-02-26,2698,84308,761,28199,1937,56109,0,0,1537,34670,1158,24783,1537,59453,California
Santa Cruz,2021-02-27,2640,86948,934,29133,1706,57815,0,0,1842,35717,797,25580,1844,61297,California
Santa Cruz,2021-02-28,1293,88241,360,29493,933,58748,0,0,1083,36593,207,25787,1083,62380,California
Santa Cruz,2021-03-01,1806,90047,1247,30740,559,59307,0,0,675,36140,1128,26915,675,63055,California
Santa Cruz,2021-03-02,1481,91528,335,31075,1146,60453,0,0,817,36298,662,27577,820,63875,California
Santa Cruz,2021-03-03,2209,93737,582,31657,1627,62080,0,0,1172,36436,1034,28611,1172,65047,California
Santa Cruz,2021-03-04,2754,96491,1359,33016,1394,63474,1,1,1825,37342,920,29531,1826,66873,California
Santa Cruz,2021-03-05,2403,98894,463,33479,1922,65396,18,19,939,36842,1462,30993,962,67835,California
Santa Cruz,2021-03-06,3725,102619,1295,34774,2330,67726,100,119,2026,37273,1699,32692,2130,69965,California
Santa Cruz,2021-03-07,1346,103965,134,34908,1136,68862,76,195,559,37123,786,33478,636,70601,California
Santa Cruz,2021-03-08,998,104963,227,35135,685,69547,86,281,616,37453,381,33859,711,71312,California
Santa Cruz,2021-03-09,1647,106610,207,35342,1292,70839,148,429,643,37245,999,34858,791,72103,California
Santa Cruz,2021-03-10,3698,110308,1993,37335,1576,72415,129,558,1843,37371,1851,36709,1977,74080,California
Santa Cruz,2021-03-11,2585,112893,1092,38427,1344,73759,149,707,1383,37705,1199,37908,1533,75613,California
Santa Cruz,2021-03-12,2512,115405,842,39269,1420,75179,250,957,828,37102,1682,39590,1079,76692,California
Santa Cruz,2021-03-13,2019,117424,1275,40544,701,75880,43,1000,1002,37131,1017,40607,1046,77738,California
Santa Cruz,2021-03-14,722,118146,156,40700,552,76432,14,1014,351,37127,369,40976,365,78103,California
Santa Cruz,2021-03-15,1336,119482,477,41177,823,77255,36,1050,572,36974,762,41738,609,78712,California
Santa Cruz,2021-03-16,2315,121797,1087,42264,1185,78440,43,1093,1338,37382,974,42712,1382,80094,California
Santa Cruz,2021-03-17,3762,125559,2165,44429,1585,80025,12,1105,2415,38470,1342,44054,2430,82524,California
Santa Cruz,2021-03-18,3166,128725,1723,46152,1340,81365,103,1208,1596,38601,1569,45623,1700,84224,California
Santa Cruz,2021-03-19,2442,131167,1090,47242,1139,82504,213,1421,1288,38952,1150,46773,1501,85725,California
Santa Cruz,2021-03-20,1467,132634,1080,48322,356,82860,31,1452,750,39019,714,47487,781,86506,California
Santa Cruz,2021-03-21,816,133450,432,48754,268,83128,116,1568,436,39193,379,47866,553,87059,California
Santa Cruz,2021-03-22,1381,134831,856,49610,504,83632,21,1589,958,39753,419,48285,979,88038,California
Santa Cruz,2021-03-23,2553,137384,1427,51037,1081,84713,45,1634,1728,40703,823,49108,1773,89811,California
Santa Cruz,2021-03-24,2953,140337,1950,52987,982,85695,21,1655,1947,41670,1002,50110,1969,91780,California
Santa Cruz,2021-03-25,2556,142893,1278,54265,1243,86938,35,1690,1325,41815,1222,51332,1367,93147,California
Santa Cruz,2021-03-26,2918,145811,1766,56031,1123,88061,29,1719,1991,42921,923,52255,2029,95176,California
Santa Cruz,2021-03-27,2964,148775,1906,57937,1047,89108,11,1730,1344,42682,1612,53867,1373,96549,California
Santa Cruz,2021-03-28,865,149640,563,58500,289,89397,13,1743,462,42761,400,54267,479,97028,California
Santa Cruz,2021-03-29,1253,150893,543,59043,676,90073,34,1777,781,43110,469,54736,818,97846,California
Shasta,2020-12-16,131,131,131,131,0,0,0,0,131,131,0,0,131,131,California
Shasta,2020-12-17,418,549,418,549,0,0,0,0,418,549,0,0,418,549,California
Shasta,2020-12-18,168,717,168,717,0,0,0,0,168,717,0,0,168,717,California
Shasta,2020-12-19,1,718,1,718,0,0,0,0,1,718,0,0,1,718,California
Shasta,2020-12-21,78,796,78,796,0,0,0,0,78,796,0,0,78,796,California
Shasta,2020-12-22,191,987,186,982,5,5,0,0,191,987,0,0,191,987,California
Shasta,2020-12-23,174,1161,170,1152,4,9,0,0,174,1161,0,0,174,1161,California
Shasta,2020-12-24,18,1179,18,1170,0,9,0,0,18,1179,0,0,18,1179,California
Shasta,2020-12-26,4,1183,1,1171,3,12,0,0,4,1183,0,0,4,1183,California
Shasta,2020-12-27,1,1184,0,1171,1,13,0,0,1,1184,0,0,1,1184,California
Shasta,2020-12-28,40,1224,31,1202,9,22,0,0,40,1224,0,0,40,1224,California
Shasta,2020-12-29,186,1410,185,1387,1,23,0,0,186,1410,0,0,186,1410,California
Shasta,2020-12-30,177,1587,167,1554,10,33,0,0,177,1587,0,0,177,1587,California
Shasta,2020-12-31,82,1669,2,1556,80,113,0,0,82,1669,0,0,82,1669,California
Shasta,2021-01-02,2,1671,0,1556,2,115,0,0,2,1671,0,0,2,1671,California
Shasta,2021-01-03,1,1672,1,1557,0,115,0,0,1,1672,0,0,1,1672,California
Shasta,2021-01-04,347,2019,306,1863,41,156,0,0,348,2020,0,0,348,2020,California
Shasta,2021-01-05,335,2354,314,2177,21,177,0,0,254,2193,81,81,254,2274,California
Shasta,2021-01-06,438,2792,396,2573,42,219,0,0,175,2106,262,343,175,2449,California
Shasta,2021-01-07,116,2908,35,2608,81,300,0,0,95,2180,21,364,95,2544,California
Shasta,2021-01-08,506,3414,446,3054,60,360,0,0,297,2268,209,573,297,2841,California
Shasta,2021-01-09,72,3486,63,3117,9,369,0,0,70,2336,2,575,70,2911,California
Shasta,2021-01-10,5,3491,0,3117,5,374,0,0,4,2340,1,576,5,2916,California
Shasta,2021-01-11,352,3843,185,3302,167,541,0,0,317,2622,35,611,317,3233,California
Shasta,2021-01-12,451,4294,327,3629,124,665,0,0,277,2725,174,785,277,3510,California
Shasta,2021-01-13,541,4835,268,3897,273,938,0,0,371,2926,170,955,371,3881,California
Shasta,2021-01-14,444,5279,48,3945,396,1334,0,0,427,3336,17,972,427,4308,California
Shasta,2021-01-15,635,5914,135,4080,500,1834,0,0,633,3967,2,974,633,4941,California
Shasta,2021-01-16,900,6814,56,4136,844,2678,0,0,897,4861,3,977,897,5838,California
Shasta,2021-01-17,26,6840,6,4142,20,2698,0,0,22,4879,4,981,22,5860,California
Shasta,2021-01-18,599,7439,130,4272,469,3167,0,0,591,5462,8,989,591,6451,California
Shasta,2021-01-19,1019,8458,397,4669,622,3789,0,0,871,6185,148,1137,871,7322,California
Shasta,2021-01-20,668,9126,407,5076,261,4050,0,0,486,6493,178,1315,486,7808,California
Shasta,2021-01-21,630,9756,278,5354,352,4402,0,0,607,7077,23,1338,607,8415,California
Shasta,2021-01-22,445,10201,170,5524,275,4677,0,0,439,7510,6,1344,439,8854,California
Shasta,2021-01-23,69,10270,5,5529,64,4741,0,0,68,7577,1,1345,68,8922,California
Shasta,2021-01-24,26,10296,2,5531,24,4765,0,0,25,7601,1,1346,25,8947,California
Shasta,2021-01-25,752,11048,492,6023,260,5025,0,0,466,7782,285,1631,466,9413,California
Shasta,2021-01-26,709,11757,333,6356,376,5401,0,0,476,8027,231,1862,476,9889,California
Shasta,2021-01-27,460,12217,181,6537,279,5680,0,0,411,8389,49,1911,411,10300,California
Shasta,2021-01-28,853,13070,577,7114,276,5956,0,0,631,8798,222,2133,631,10931,California
Shasta,2021-01-29,829,13899,329,7443,500,6456,0,0,640,9250,189,2322,641,11572,California
Shasta,2021-01-30,614,14513,15,7458,599,7055,0,0,605,9846,9,2331,605,12177,California
Shasta,2021-01-31,28,14541,4,7462,24,7079,0,0,26,9870,2,2333,26,12203,California
Shasta,2021-02-01,502,15043,142,7604,360,7439,0,0,382,10132,120,2453,382,12585,California
Shasta,2021-02-02,952,15995,494,8098,458,7897,0,0,862,10905,89,2542,862,13447,California
Shasta,2021-02-03,657,16652,209,8307,448,8345,0,0,462,11172,195,2737,462,13909,California
Shasta,2021-02-04,1054,17706,657,8964,397,8742,0,0,865,11848,189,2926,865,14774,California
Shasta,2021-02-05,1212,18918,163,9127,1049,9791,0,0,1023,12683,188,3114,1023,15797,California
Shasta,2021-02-06,1725,20643,43,9170,1682,11473,0,0,1701,14360,24,3138,1701,17498,California
Shasta,2021-02-07,25,20668,2,9172,23,11496,0,0,23,14381,2,3140,23,17521,California
Shasta,2021-02-08,543,21211,169,9341,374,11870,0,0,305,14448,238,3378,305,17826,California
Shasta,2021-02-09,1026,22237,649,9990,377,12247,0,0,676,14774,350,3728,676,18502,California
Shasta,2021-02-10,1082,23319,781,10771,301,12548,0,0,591,14875,491,4219,592,19094,California
Shasta,2021-02-11,787,24106,189,10960,598,13146,0,0,306,14705,476,4695,306,19400,California
Shasta,2021-02-12,1657,25763,1138,12098,519,13665,0,0,1166,15380,491,5186,1166,20566,California
Shasta,2021-02-13,1382,27145,368,12466,1014,14679,0,0,569,15137,814,6000,571,21137,California
Shasta,2021-02-14,149,27294,4,12470,145,14824,0,0,124,15236,25,6025,124,21261,California
Shasta,2021-02-15,385,27679,94,12564,291,15115,0,0,217,15285,168,6193,217,21478,California
Shasta,2021-02-16,1082,28761,512,13076,570,15685,0,0,316,14836,765,6958,316,21794,California
Shasta,2021-02-17,981,29742,435,13511,546,16231,0,0,369,14593,612,7570,369,22163,California
Shasta,2021-02-18,870,30612,439,13950,431,16662,0,0,418,14559,452,8022,418,22581,California
Shasta,2021-02-19,1051,31663,660,14610,391,17053,0,0,610,14728,441,8463,610,23191,California
Shasta,2021-02-20,757,32420,88,14698,669,17722,0,0,295,14561,462,8925,295,23486,California
Shasta,2021-02-21,34,32454,4,14702,30,17752,0,0,10,14548,23,8948,10,23496,California
Shasta,2021-02-22,343,32797,68,14770,275,18027,0,0,100,14405,243,9191,100,23596,California
Shasta,2021-02-23,801,33598,466,15236,335,18362,0,0,216,14036,585,9776,216,23812,California
Shasta,2021-02-24,879,34477,499,15735,380,18742,0,0,268,13695,609,10385,268,24080,California
Shasta,2021-02-25,467,34944,155,15890,312,19054,0,0,154,13538,311,10696,154,24234,California
Shasta,2021-02-26,783,35727,88,15978,695,19749,0,0,323,13403,458,11154,323,24557,California
Shasta,2021-02-27,813,36540,32,16010,781,20530,0,0,187,12967,624,11778,188,24745,California
Shasta,2021-02-28,181,36721,5,16015,176,20706,0,0,132,13050,49,11827,132,24877,California
Shasta,2021-03-01,564,37285,64,16079,500,21206,0,0,272,13032,290,12117,272,25149,California
Shasta,2021-03-02,926,38211,466,16545,460,21666,0,0,261,12630,663,12780,261,25410,California
Shasta,2021-03-03,559,38770,122,16667,437,22103,0,0,170,12411,389,13169,170,25580,California
Shasta,2021-03-04,1028,39798,499,17166,529,22632,0,0,638,12660,389,13558,638,26218,California
Shasta,2021-03-05,943,40741,154,17320,762,23394,27,27,299,12344,642,14200,326,26544,California
Shasta,2021-03-06,809,41550,382,17702,383,23777,44,71,185,11950,623,14823,229,26773,California
Shasta,2021-03-07,92,41642,5,17707,57,23834,30,101,40,11968,52,14875,70,26843,California
Shasta,2021-03-08,550,42192,53,17760,359,24193,138,239,140,11839,407,15282,278,27121,California
Shasta,2021-03-09,552,42744,49,17809,342,24535,161,400,207,11862,345,15627,368,27489,California
Shasta,2021-03-10,657,43401,243,18052,330,24865,84,484,133,11555,523,16150,216,27705,California
Shasta,2021-03-11,937,44338,157,18209,579,25444,201,685,597,12013,340,16490,798,28503,California
Shasta,2021-03-12,615,44953,116,18325,317,25761,182,867,245,12071,369,16859,427,28930,California
Shasta,2021-03-13,665,45618,410,18735,164,25925,91,958,473,12443,192,17051,564,29494,California
Shasta,2021-03-14,278,45896,12,18747,243,26168,23,981,196,12580,82,17133,219,29713,California
Shasta,2021-03-15,483,46379,37,18784,346,26514,100,1081,199,12596,282,17415,298,30011,California
Shasta,2021-03-16,966,47345,144,18928,758,27272,64,1145,695,13084,271,17686,759,30770,California
Shasta,2021-03-17,645,47990,181,19109,415,27687,49,1194,366,13229,270,17956,415,31185,California
Shasta,2021-03-18,866,48856,208,19317,564,28251,94,1288,624,13711,239,18195,721,31906,California
Shasta,2021-03-19,506,49362,148,19465,310,28561,48,1336,323,13901,182,18377,372,32278,California
Shasta,2021-03-20,601,49963,446,19911,144,28705,11,1347,512,14335,89,18466,523,32801,California
Shasta,2021-03-21,293,50256,281,20192,3,28708,9,1356,270,14592,23,18489,280,33081,California
Shasta,2021-03-22,322,50578,47,20239,246,28954,29,1385,178,14657,142,18631,207,33288,California
Shasta,2021-03-23,772,51350,156,20395,557,29511,59,1444,587,15123,180,18811,646,33934,California
Shasta,2021-03-24,507,51857,158,20553,314,29825,35,1479,373,15398,133,18944,408,34342,California
Shasta,2021-03-25,719,52576,167,20720,541,30366,11,1490,586,15867,131,19075,600,34942,California
Shasta,2021-03-26,668,53244,248,20968,389,30755,31,1521,323,15882,344,19419,359,35301,California
Shasta,2021-03-27,692,53936,386,21354,302,31057,4,1525,549,16294,142,19561,554,35855,California
Shasta,2021-03-28,316,54252,217,21571,93,31150,6,1531,218,16421,97,19658,224,36079,California
Shasta,2021-03-29,166,54418,12,21583,153,31303,1,1532,85,16427,81,19739,87,36166,California
Sierra,2020-12-18,1,1,1,1,0,0,0,0,1,1,0,0,1,1,California
Sierra,2020-12-21,2,3,2,3,0,0,0,0,2,3,0,0,2,3,California
Sierra,2020-12-22,12,15,12,15,0,0,0,0,12,15,0,0,12,15,California
Sierra,2020-12-23,4,19,4,19,0,0,0,0,4,19,0,0,4,19,California
Sierra,2020-12-28,1,20,0,19,1,1,0,0,1,20,0,0,1,20,California
Sierra,2020-12-29,49,69,7,26,42,43,0,0,49,69,0,0,49,69,California
Sierra,2020-12-30,2,71,0,26,2,45,0,0,2,71,0,0,2,71,California
Sierra,2020-12-31,12,83,0,26,12,57,0,0,12,83,0,0,12,83,California
Sierra,2021-01-05,67,150,3,29,64,121,0,0,67,150,0,0,67,150,California
Sierra,2021-01-06,1,151,1,30,0,121,0,0,1,151,0,0,1,151,California
Sierra,2021-01-07,20,171,1,31,19,140,0,0,19,169,1,1,19,170,California
Sierra,2021-01-08,1,172,1,32,0,140,0,0,1,170,0,1,1,171,California
Sierra,2021-01-11,3,175,3,35,0,140,0,0,0,167,3,4,0,171,California
Sierra,2021-01-12,40,215,12,47,28,168,0,0,28,183,12,16,28,199,California
Sierra,2021-01-13,4,219,3,50,1,169,0,0,1,181,3,19,1,200,California
Sierra,2021-01-14,35,254,2,52,33,202,0,0,35,216,0,19,35,235,California
Sierra,2021-01-15,2,256,1,53,1,203,0,0,2,218,0,19,2,237,California
Sierra,2021-01-18,2,258,0,53,2,205,0,0,2,220,0,19,2,239,California
Sierra,2021-01-19,32,290,0,53,32,237,0,0,32,252,0,19,32,271,California
Sierra,2021-01-20,1,291,1,54,0,237,0,0,1,253,0,19,1,272,California
Sierra,2021-01-21,55,346,0,54,55,292,0,0,55,308,0,19,55,327,California
Sierra,2021-01-22,1,347,0,54,1,293,0,0,1,309,0,19,1,328,California
Sierra,2021-01-23,2,349,0,54,2,295,0,0,2,311,0,19,2,330,California
Sierra,2021-01-26,64,413,1,55,63,358,0,0,26,299,38,57,26,356,California
Sierra,2021-01-27,4,417,4,59,0,358,0,0,0,295,4,61,0,356,California
Sierra,2021-01-28,53,470,0,59,53,411,0,0,44,330,9,70,44,400,California
Sierra,2021-01-29,1,471,0,59,1,412,0,0,1,331,0,70,1,401,California
Sierra,2021-01-30,3,474,3,62,0,412,0,0,2,332,1,71,2,403,California
Sierra,2021-02-01,1,475,0,62,1,413,0,0,0,331,1,72,0,403,California
Sierra,2021-02-02,58,533,0,62,58,471,0,0,18,309,40,112,18,421,California
Sierra,2021-02-03,6,539,5,67,1,472,0,0,5,313,1,113,5,426,California
Sierra,2021-02-04,106,645,6,73,100,572,0,0,57,321,49,162,57,483,California
Sierra,2021-02-05,5,650,3,76,2,574,0,0,4,324,1,163,4,487,California
Sierra,2021-02-09,54,704,1,77,53,627,0,0,52,374,2,165,52,539,California
Sierra,2021-02-10,5,709,2,79,3,630,0,0,4,377,1,166,4,543,California
Sierra,2021-02-11,198,907,1,80,197,827,0,0,135,449,63,229,135,678,California
Sierra,2021-02-12,20,927,0,80,20,847,0,0,20,469,0,229,20,698,California
Sierra,2021-02-14,1,928,0,80,1,848,0,0,1,470,0,229,1,699,California
Sierra,2021-02-15,1,929,1,81,0,848,0,0,0,469,1,230,0,699,California
Sierra,2021-02-16,43,972,0,81,43,891,0,0,10,446,33,263,10,709,California
Sierra,2021-02-17,3,975,0,81,3,894,0,0,1,445,2,265,1,710,California
Sierra,2021-02-18,146,1121,0,81,146,1040,0,0,94,487,52,317,94,804,California
Sierra,2021-02-19,1,1122,1,82,0,1040,0,0,1,488,0,317,1,805,California
Sierra,2021-02-20,2,1124,2,84,0,1040,0,0,0,486,2,319,0,805,California
Sierra,2021-02-22,2,1126,2,86,0,1040,0,0,1,486,1,320,1,806,California
Sierra,2021-02-23,4,1130,0,86,4,1044,0,0,4,490,0,320,4,810,California
Sierra,2021-02-24,2,1132,1,87,1,1045,0,0,1,490,1,321,1,811,California
Sierra,2021-02-25,126,1258,1,88,125,1170,0,0,59,482,67,388,59,870,California
Sierra,2021-02-26,9,1267,6,94,3,1173,0,0,4,481,5,393,4,874,California
Sierra,2021-02-27,2,1269,2,96,0,1173,0,0,0,479,2,395,0,874,California
Sierra,2021-03-01,2,1271,1,97,1,1174,0,0,1,479,1,396,1,875,California
Sierra,2021-03-02,51,1322,0,97,51,1225,0,0,32,492,19,415,32,907,California
Sierra,2021-03-03,2,1324,2,99,0,1225,0,0,1,492,1,416,1,908,California
Sierra,2021-03-04,100,1424,2,101,98,1323,0,0,49,490,51,467,49,957,California
Sierra,2021-03-05,12,1436,0,101,12,1335,0,0,10,498,2,469,10,967,California
Sierra,2021-03-08,3,1439,2,103,0,1335,1,1,2,500,1,470,3,970,California
Sierra,2021-03-09,54,1493,1,104,53,1388,0,1,11,468,43,513,11,981,California
Sierra,2021-03-10,5,1498,0,104,5,1393,0,1,3,469,2,515,3,984,California
Sierra,2021-03-11,148,1646,0,104,148,1541,0,1,27,375,121,636,27,1011,California
Sierra,2021-03-12,20,1666,1,105,19,1560,0,1,0,355,20,656,0,1011,California
Sierra,2021-03-13,13,1679,0,105,13,1573,0,1,13,368,0,656,13,1024,California
Sierra,2021-03-14,2,1681,1,106,0,1573,1,2,0,367,2,658,1,1025,California
Sierra,2021-03-15,2,1683,1,107,1,1574,0,2,1,367,1,659,1,1026,California
Sierra,2021-03-16,22,1705,1,108,20,1594,1,3,10,366,12,671,11,1037,California
Sierra,2021-03-17,2,1707,0,108,2,1596,0,3,0,364,2,673,0,1037,California
Sierra,2021-03-18,122,1829,0,108,121,1717,1,4,35,314,86,759,36,1073,California
Sierra,2021-03-19,1,1830,1,109,0,1717,0,4,1,315,0,759,1,1074,California
Sierra,2021-03-23,14,1844,0,109,14,1731,0,4,5,311,9,768,5,1079,California
Sierra,2021-03-24,4,1848,1,110,3,1734,0,4,2,311,2,770,2,1081,California
Sierra,2021-03-25,80,1928,2,112,78,1812,0,4,34,299,46,816,34,1115,California
Sierra,2021-03-26,12,1940,1,113,11,1823,0,4,9,305,3,819,9,1124,California
Sierra,2021-03-27,1,1941,0,113,1,1824,0,4,0,304,1,820,0,1124,California
Sierra,2021-03-29,2,1943,1,114,1,1825,0,4,0,302,2,822,0,1124,California
Siskiyou,2020-12-16,2,2,2,2,0,0,0,0,2,2,0,0,2,2,California
Siskiyou,2020-12-17,4,6,4,6,0,0,0,0,4,6,0,0,4,6,California
Siskiyou,2020-12-18,3,9,3,9,0,0,0,0,3,9,0,0,3,9,California
Siskiyou,2020-12-19,4,13,4,13,0,0,0,0,4,13,0,0,4,13,California
Siskiyou,2020-12-20,1,14,1,14,0,0,0,0,1,14,0,0,1,14,California
Siskiyou,2020-12-21,132,146,132,146,0,0,0,0,132,146,0,0,132,146,California
Siskiyou,2020-12-22,159,305,159,305,0,0,0,0,159,305,0,0,159,305,California
Siskiyou,2020-12-23,142,447,142,447,0,0,0,0,142,447,0,0,142,447,California
Siskiyou,2020-12-24,5,452,5,452,0,0,0,0,5,452,0,0,5,452,California
Siskiyou,2020-12-26,2,454,0,452,2,2,0,0,2,454,0,0,2,454,California
Siskiyou,2020-12-27,2,456,0,452,2,4,0,0,2,456,0,0,2,456,California
Siskiyou,2020-12-28,2,458,0,452,2,6,0,0,2,458,0,0,2,458,California
Siskiyou,2020-12-29,6,464,2,454,4,10,0,0,6,464,0,0,6,464,California
Siskiyou,2020-12-30,98,562,3,457,95,105,0,0,98,562,0,0,98,562,California
Siskiyou,2020-12-31,12,574,0,457,12,117,0,0,12,574,0,0,12,574,California
Siskiyou,2021-01-02,1,575,1,458,0,117,0,0,1,575,0,0,1,575,California
Siskiyou,2021-01-03,1,576,0,458,1,118,0,0,1,576,0,0,1,576,California
Siskiyou,2021-01-04,130,706,3,461,127,245,0,0,130,706,0,0,130,706,California
Siskiyou,2021-01-05,117,823,4,465,113,358,0,0,116,821,1,1,116,822,California
Siskiyou,2021-01-06,59,882,6,471,53,411,0,0,55,872,4,5,55,877,California
Siskiyou,2021-01-07,174,1056,2,473,172,583,0,0,173,1044,1,6,173,1050,California
Siskiyou,2021-01-08,42,1098,4,477,38,621,0,0,39,1080,3,9,39,1089,California
Siskiyou,2021-01-09,2,1100,2,479,0,621,0,0,0,1078,2,11,0,1089,California
Siskiyou,2021-01-11,226,1326,65,544,161,782,0,0,163,1178,63,74,163,1252,California
Siskiyou,2021-01-12,320,1646,273,817,47,829,0,0,87,1032,233,307,87,1339,California
Siskiyou,2021-01-13,157,1803,137,954,20,849,0,0,23,921,134,441,23,1362,California
Siskiyou,2021-01-14,26,1829,1,955,25,874,0,0,25,945,1,442,25,1387,California
Siskiyou,2021-01-15,35,1864,3,958,32,906,0,0,35,980,0,442,35,1422,California
Siskiyou,2021-01-16,7,1871,2,960,5,911,0,0,7,987,0,442,7,1429,California
Siskiyou,2021-01-18,75,1946,4,964,71,982,0,0,73,1058,2,444,73,1502,California
Siskiyou,2021-01-19,21,1967,1,965,20,1002,0,0,20,1077,1,445,20,1522,California
Siskiyou,2021-01-20,46,2013,34,999,12,1014,0,0,42,1115,4,449,42,1564,California
Siskiyou,2021-01-21,42,2055,0,999,42,1056,0,0,42,1157,0,449,42,1606,California
Siskiyou,2021-01-22,1333,3388,1181,2180,152,1208,0,0,1333,2490,0,449,1333,2939,California
Siskiyou,2021-01-23,7,3395,2,2182,5,1213,0,0,4,2491,3,452,4,2943,California
Siskiyou,2021-01-25,183,3578,8,2190,175,1388,0,0,179,2666,4,456,179,3122,California
Siskiyou,2021-01-26,150,3728,5,2195,145,1533,0,0,142,2800,8,464,142,3264,California
Siskiyou,2021-01-27,181,3909,0,2195,181,1714,0,0,127,2873,54,518,127,3391,California
Siskiyou,2021-01-28,231,4140,117,2312,114,1828,0,0,225,3092,6,524,225,3616,California
Siskiyou,2021-01-29,246,4386,1,2313,245,2073,0,0,244,3334,2,526,244,3860,California
Siskiyou,2021-01-30,3,4389,2,2315,1,2074,0,0,3,3337,0,526,3,3863,California
Siskiyou,2021-02-01,194,4583,3,2318,191,2265,0,0,104,3351,90,616,104,3967,California
Siskiyou,2021-02-02,288,4871,45,2363,243,2508,0,0,147,3357,141,757,147,4114,California
Siskiyou,2021-02-03,312,5183,1,2364,311,2819,0,0,263,3571,49,806,263,4377,California
Siskiyou,2021-02-04,319,5502,7,2371,312,3131,0,0,199,3650,120,926,199,4576,California
Siskiyou,2021-02-05,509,6011,4,2375,505,3636,0,0,345,3831,164,1090,345,4921,California
Siskiyou,2021-02-06,15,6026,0,2375,15,3651,0,0,15,3846,0,1090,15,4936,California
Siskiyou,2021-02-07,3,6029,2,2377,1,3652,0,0,3,3849,0,1090,3,4939,California
Siskiyou,2021-02-08,221,6250,5,2382,216,3868,0,0,216,4060,5,1095,216,5155,California
Siskiyou,2021-02-09,190,6440,2,2384,188,4056,0,0,157,4184,33,1128,157,5312,California
Siskiyou,2021-02-10,369,6809,39,2423,330,4386,0,0,317,4449,52,1180,317,5629,California
Siskiyou,2021-02-11,189,6998,0,2423,189,4575,0,0,174,4608,15,1195,174,5803,California
Siskiyou,2021-02-12,1695,8693,1205,3628,490,5065,0,0,500,3913,1195,2390,500,6303,California
Siskiyou,2021-02-13,36,8729,3,3631,33,5098,0,0,31,3939,5,2395,31,6334,California
Siskiyou,2021-02-14,5,8734,1,3632,4,5102,0,0,5,3944,0,2395,5,6339,California
Siskiyou,2021-02-15,105,8839,7,3639,98,5200,0,0,102,4043,3,2398,102,6441,California
Siskiyou,2021-02-16,113,8952,3,3642,110,5310,0,0,97,4124,16,2414,97,6538,California
Siskiyou,2021-02-17,188,9140,19,3661,169,5479,0,0,175,4286,13,2427,175,6713,California
Siskiyou,2021-02-18,221,9361,89,3750,132,5611,0,0,97,4259,124,2551,97,6810,California
Siskiyou,2021-02-19,65,9426,29,3779,36,5647,0,0,30,4254,35,2586,30,6840,California
Siskiyou,2021-02-20,23,9449,4,3783,19,5666,0,0,18,4267,5,2591,18,6858,California
Siskiyou,2021-02-21,2,9451,2,3785,0,5666,0,0,2,4269,0,2591,2,6860,California
Siskiyou,2021-02-22,125,9576,1,3786,124,5790,0,0,18,4180,107,2698,18,6878,California
Siskiyou,2021-02-23,194,9770,15,3801,179,5969,0,0,50,4086,144,2842,50,6928,California
Siskiyou,2021-02-24,146,9916,4,3805,142,6111,0,0,33,4006,113,2955,33,6961,California
Siskiyou,2021-02-25,296,10212,22,3827,274,6385,0,0,149,4008,147,3102,149,7110,California
Siskiyou,2021-02-26,668,10880,13,3840,655,7040,0,0,368,4076,300,3402,368,7478,California
Siskiyou,2021-02-27,31,10911,3,3843,28,7068,0,0,27,4099,4,3406,27,7505,California
Siskiyou,2021-02-28,4,10915,4,3847,0,7068,0,0,3,4101,1,3407,3,7508,California
Siskiyou,2021-03-01,275,11190,6,3853,269,7337,0,0,44,3914,231,3638,44,7552,California
Siskiyou,2021-03-02,188,11378,2,3855,186,7523,0,0,71,3868,117,3755,71,7623,California
Siskiyou,2021-03-03,332,11710,4,3859,328,7851,0,0,145,3827,186,3941,145,7768,California
Siskiyou,2021-03-04,663,12373,494,4353,169,8020,0,0,513,4190,150,4091,513,8281,California
Siskiyou,2021-03-05,275,12648,7,4360,257,8277,11,11,73,4072,202,4293,84,8365,California
Siskiyou,2021-03-06,35,12683,2,4362,29,8306,4,15,28,4097,7,4300,32,8397,California
Siskiyou,2021-03-07,10,12693,3,4365,0,8306,7,22,2,4098,8,4308,9,8406,California
Siskiyou,2021-03-08,347,13040,25,4390,289,8595,33,55,53,3890,294,4602,86,8492,California
Siskiyou,2021-03-09,134,13174,0,4390,95,8690,39,94,50,3895,84,4686,89,8581,California
Siskiyou,2021-03-10,194,13368,11,4401,177,8867,6,100,27,3761,167,4853,33,8614,California
Siskiyou,2021-03-11,440,13808,190,4591,209,9076,41,141,250,3865,187,5040,291,8905,California
Siskiyou,2021-03-12,527,14335,112,4703,380,9456,35,176,154,3683,371,5411,189,9094,California
Siskiyou,2021-03-13,347,14682,317,5020,8,9464,22,198,316,3990,31,5442,338,9432,California
Siskiyou,2021-03-14,21,14703,3,5023,3,9467,15,213,4,3992,17,5459,19,9451,California
Siskiyou,2021-03-15,438,15141,246,5269,175,9642,17,230,308,4187,130,5589,325,9776,California
Siskiyou,2021-03-16,260,15401,41,5310,202,9844,17,247,147,4238,113,5702,164,9940,California
Siskiyou,2021-03-17,197,15598,4,5314,184,10028,9,256,31,4112,166,5868,40,9980,California
Siskiyou,2021-03-18,746,16344,649,5963,85,10113,12,268,663,4704,83,5951,675,10655,California
Siskiyou,2021-03-19,46,16390,12,5975,22,10135,12,280,14,4698,32,5983,26,10681,California
Siskiyou,2021-03-20,29,16419,7,5982,18,10153,4,284,7,4688,21,6004,11,10692,California
Siskiyou,2021-03-21,8,16427,3,5985,0,10153,5,289,2,4689,6,6010,7,10699,California
Siskiyou,2021-03-22,191,16618,20,6005,149,10302,22,311,130,4783,58,6068,152,10851,California
Siskiyou,2021-03-23,166,16784,21,6026,136,10438,9,320,114,4854,52,6120,123,10974,California
Siskiyou,2021-03-24,130,16914,55,6081,75,10513,0,320,118,4960,12,6132,118,11092,California
Siskiyou,2021-03-25,485,17399,288,6369,195,10708,2,322,360,5199,125,6257,364,11456,California
Siskiyou,2021-03-26,289,17688,28,6397,260,10968,1,323,95,5101,194,6451,96,11552,California
Siskiyou,2021-03-27,29,17717,2,6399,27,10995,0,323,7,5086,22,6473,7,11559,California
Siskiyou,2021-03-28,3,17720,3,6402,0,10995,0,323,1,5085,2,6475,1,11560,California
Siskiyou,2021-03-29,70,17790,9,6411,60,11055,1,324,33,5091,28,6503,34,11594,California
Solano,2020-12-15,4,4,4,4,0,0,0,0,4,4,0,0,4,4,California
Solano,2020-12-16,71,75,71,75,0,0,0,0,71,75,0,0,71,75,California
Solano,2020-12-17,152,227,152,227,0,0,0,0,152,227,0,0,152,227,California
Solano,2020-12-18,450,677,449,676,1,1,0,0,450,677,0,0,450,677,California
Solano,2020-12-19,512,1189,512,1188,0,1,0,0,512,1189,0,0,512,1189,California
Solano,2020-12-20,354,1543,353,1541,1,2,0,0,354,1543,0,0,354,1543,California
Solano,2020-12-21,570,2113,568,2109,2,4,0,0,570,2113,0,0,570,2113,California
Solano,2020-12-22,663,2776,629,2738,34,38,0,0,663,2776,0,0,663,2776,California
Solano,2020-12-23,855,3631,769,3507,86,124,0,0,854,3630,0,0,854,3630,California
Solano,2020-12-24,420,4051,169,3676,251,375,0,0,420,4050,0,0,420,4050,California
Solano,2020-12-25,10,4061,2,3678,8,383,0,0,10,4060,0,0,10,4060,California
Solano,2020-12-26,175,4236,48,3726,127,510,0,0,175,4235,0,0,175,4235,California
Solano,2020-12-27,101,4337,28,3754,73,583,0,0,101,4336,0,0,101,4336,California
Solano,2020-12-28,856,5193,416,4170,440,1023,0,0,856,5192,0,0,856,5192,California
Solano,2020-12-29,885,6078,373,4543,512,1535,0,0,885,6077,0,0,885,6077,California
Solano,2020-12-30,1197,7275,595,5138,602,2137,0,0,1197,7274,0,0,1197,7274,California
Solano,2020-12-31,530,7805,130,5268,400,2537,0,0,530,7804,0,0,530,7804,California
Solano,2021-01-01,14,7819,12,5280,2,2539,0,0,14,7818,0,0,14,7818,California
Solano,2021-01-02,211,8030,163,5443,48,2587,0,0,211,8029,0,0,211,8029,California
Solano,2021-01-03,56,8086,39,5482,17,2604,0,0,51,8080,0,0,51,8080,California
Solano,2021-01-04,450,8536,247,5729,203,2807,0,0,440,8517,3,3,440,8520,California
Solano,2021-01-05,695,9231,376,6105,319,3126,0,0,541,8909,149,152,541,9061,California
Solano,2021-01-06,819,10050,434,6539,385,3511,0,0,558,9208,259,411,558,9619,California
Solano,2021-01-07,1050,11100,697,7236,353,3864,0,0,593,9347,455,866,594,10213,California
Solano,2021-01-08,1129,12229,776,8012,353,4217,0,0,536,9310,575,1441,538,10751,California
Solano,2021-01-09,884,13113,762,8774,122,4339,0,0,428,9285,453,1894,428,11179,California
Solano,2021-01-10,250,13363,191,8965,59,4398,0,0,150,9335,100,1994,150,11329,California
Solano,2021-01-11,1315,14678,1103,10068,212,4610,0,0,803,9627,512,2506,804,12133,California
Solano,2021-01-12,1541,16219,1158,11226,383,4993,0,0,995,10078,545,3051,996,13129,California
Solano,2021-01-13,1414,17633,994,12220,420,5413,0,0,1159,10984,253,3304,1159,14288,California
Solano,2021-01-14,1830,19463,792,13012,1038,6451,0,0,1516,12187,313,3617,1516,15804,California
Solano,2021-01-15,1674,21137,1059,14071,615,7066,0,0,1379,13271,295,3912,1379,17183,California
Solano,2021-01-16,1264,22401,906,14977,358,7424,0,0,1085,14177,179,4091,1085,18268,California
Solano,2021-01-17,1025,23426,747,15724,278,7702,0,0,1008,15168,17,4108,1008,19276,California
Solano,2021-01-18,1410,24836,859,16583,551,8253,0,0,1297,16353,113,4221,1298,20574,California
Solano,2021-01-19,1631,26467,1331,17914,300,8553,0,0,1359,17441,271,4492,1359,21933,California
Solano,2021-01-20,1976,28443,1413,19327,563,9116,0,0,1495,18458,478,4970,1495,23428,California
Solano,2021-01-21,2644,31087,988,20315,1656,10772,0,0,2309,20433,334,5304,2309,25737,California
Solano,2021-01-22,1736,32823,834,21149,902,11674,0,0,1547,21791,189,5493,1547,27284,California
Solano,2021-01-23,727,33550,236,21385,491,12165,0,0,524,22112,204,5697,525,27809,California
Solano,2021-01-24,374,33924,59,21444,315,12480,0,0,310,22358,64,5761,310,28119,California
Solano,2021-01-25,1604,35528,622,22066,982,13462,0,0,1055,22867,549,6310,1058,29177,California
Solano,2021-01-26,1671,37199,738,22804,933,14395,0,0,1045,23289,625,6935,1047,30224,California
Solano,2021-01-27,1756,38955,727,23531,1029,15424,0,0,1173,23892,570,7505,1173,31397,California
Solano,2021-01-28,1825,40780,710,24241,1115,16539,0,0,1228,24526,595,8100,1229,32626,California
Solano,2021-01-29,1633,42413,781,25022,852,17391,0,0,1276,25450,355,8455,1279,33905,California
Solano,2021-01-30,707,43120,217,25239,490,17881,0,0,552,25847,155,8610,552,34457,California
Solano,2021-01-31,477,43597,397,25636,80,17961,0,0,216,25803,261,8871,217,34674,California
Solano,2021-02-01,1469,45066,970,26606,499,18460,0,0,738,25813,728,9599,738,35412,California
Solano,2021-02-02,2549,47615,1036,27642,1513,19973,0,0,1762,26790,785,10384,1762,37174,California
Solano,2021-02-03,2214,49829,1295,28937,919,20892,0,0,1147,26877,1064,11448,1151,38325,California
Solano,2021-02-04,1754,51583,902,29839,852,21744,0,0,1041,27211,707,12155,1041,39366,California
Solano,2021-02-05,3043,54626,1406,31245,1637,23381,0,0,2043,28268,992,13147,2049,41415,California
Solano,2021-02-06,3000,57626,1162,32407,1838,25219,0,0,2195,29662,801,13948,2195,43610,California
Solano,2021-02-07,851,58477,789,33196,62,25281,0,0,237,29285,614,14562,237,43847,California
Solano,2021-02-08,1693,60170,1227,34423,466,25747,0,0,658,28911,1032,15594,658,44505,California
Solano,2021-02-09,1875,62045,1465,35888,410,26157,0,0,661,28359,1213,16807,661,45166,California
Solano,2021-02-10,2235,64280,1492,37380,743,26900,0,0,819,27766,1412,18219,819,45985,California
Solano,2021-02-11,2372,66652,1440,38820,932,27832,0,0,1113,27632,1247,19466,1113,47098,California
Solano,2021-02-12,4011,70663,1541,40361,2470,30302,0,0,2710,29050,1294,20760,2712,49810,California
Solano,2021-02-13,2795,73458,233,40594,2562,32864,0,0,2421,31100,371,21131,2421,52231,California
Solano,2021-02-14,684,74142,201,40795,483,33347,0,0,410,31238,272,21403,410,52641,California
Solano,2021-02-15,1195,75337,242,41037,953,34300,0,0,610,31263,585,21988,610,53251,California
Solano,2021-02-16,2286,77623,1204,42241,1082,35382,0,0,1528,32034,757,22745,1528,54779,California
Solano,2021-02-17,2476,80099,1210,43451,1266,36648,0,0,1689,32940,784,23529,1690,56469,California
Solano,2021-02-18,2525,82624,686,44137,1839,38487,0,0,1043,32510,1473,25002,1043,57512,California
Solano,2021-02-19,2055,84679,1244,45381,811,39298,0,0,980,32420,1072,26074,982,58494,California
Solano,2021-02-20,2521,87200,375,45756,2146,41444,0,0,2063,34023,460,26534,2063,60557,California
Solano,2021-02-21,2089,89289,1817,47573,272,41716,0,0,1812,35561,275,26809,1813,62370,California
Solano,2021-02-22,1547,90836,898,48471,649,42365,0,0,803,35623,742,27551,804,63174,California
Solano,2021-02-23,2257,93093,982,49453,1275,43640,0,0,1416,36199,840,28391,1416,64590,California
Solano,2021-02-24,2298,95391,1119,50572,1179,44819,0,0,1287,36476,1010,29401,1287,65877,California
Solano,2021-02-25,2240,97631,1332,51904,908,45727,0,0,1228,36701,1004,30405,1229,67106,California
Solano,2021-02-26,2411,100042,1348,53252,1063,46790,0,0,1193,36679,1215,31620,1193,68299,California
Solano,2021-02-27,3604,103646,1363,54615,2241,49031,0,0,2920,38924,677,32297,2922,71221,California
Solano,2021-02-28,1348,104994,1038,55653,310,49341,0,0,1084,39747,261,32558,1084,72305,California
Solano,2021-03-01,2065,107059,1026,56679,1039,50380,0,0,1475,40637,586,33144,1476,73781,California
Solano,2021-03-02,1861,108920,1194,57873,667,51047,0,0,1181,41138,680,33824,1181,74962,California
Solano,2021-03-03,1819,110739,1003,58876,816,51863,0,0,1075,41476,737,34561,1075,76037,California
Solano,2021-03-04,3023,113762,2194,61070,827,52690,2,2,2104,42667,916,35477,2107,78144,California
Solano,2021-03-05,3631,117393,1189,62259,2439,55129,3,5,2875,44791,756,36233,2880,81024,California
Solano,2021-03-06,3456,120849,697,62956,2719,57848,40,45,2369,46120,1080,37313,2409,83433,California
Solano,2021-03-07,3448,124297,727,63683,2709,60557,12,57,1908,46511,1530,38843,1921,85354,California
Solano,2021-03-08,1553,125850,789,64472,497,61054,267,324,1072,47371,480,39323,1340,86694,California
Solano,2021-03-09,2544,128394,1301,65773,1190,62244,53,377,1750,48378,794,40117,1801,88495,California
Solano,2021-03-10,2123,130517,1528,67301,506,62750,89,466,1051,48450,1068,41185,1140,89635,California
Solano,2021-03-11,5191,135708,1367,68668,3587,66337,237,703,4299,52096,890,42075,4536,94171,California
Solano,2021-03-12,5326,141034,1313,69981,3930,70267,83,786,2839,52538,2482,44557,2924,97095,California
Solano,2021-03-13,3963,144997,754,70735,3129,73396,80,866,1972,52609,1985,46542,2056,99151,California
Solano,2021-03-14,3585,148582,2815,73550,324,73720,446,1312,1514,52509,2068,48610,1968,101119,California
Solano,2021-03-15,3069,151651,1576,75126,1176,74896,317,1629,1743,53246,1323,49933,2060,103179,California
Solano,2021-03-16,2802,154453,1121,76247,1452,76348,229,1858,1422,53518,1378,51311,1650,104829,California
Solano,2021-03-17,5315,159768,1417,77664,3810,80158,88,1946,4060,56416,1250,52561,4148,108977,California
Solano,2021-03-18,3971,163739,1377,79041,2559,82717,35,1981,2922,58334,1041,53602,2959,111936,California
Solano,2021-03-19,1836,165575,1234,80275,545,83262,57,2038,997,58557,834,54436,1057,112993,California
Solano,2021-03-20,4096,169671,1086,81361,2969,86231,41,2079,2161,58838,1930,56366,2211,115204,California
Solano,2021-03-21,1626,171297,1538,82899,71,86302,17,2096,839,58908,785,57151,855,116059,California
Solano,2021-03-22,1852,173149,1307,84206,497,86799,48,2144,942,59005,905,58056,1002,117061,California
Solano,2021-03-23,2273,175422,1493,85699,734,87533,46,2190,1062,58918,1208,59264,1121,118182,California
Solano,2021-03-24,2482,177904,1616,87315,830,88363,36,2226,1207,58974,1272,60536,1328,119510,California
Solano,2021-03-25,4324,182228,3553,90868,739,89102,32,2258,1958,59414,2362,62898,2802,122312,California
Solano,2021-03-26,2656,184884,1650,92518,970,90072,36,2294,1432,59932,1218,64116,1736,124048,California
Solano,2021-03-27,3268,188152,1134,93652,2102,92174,32,2326,1307,59477,1953,66069,1498,125546,California
Solano,2021-03-28,1304,189456,1059,94711,227,92401,18,2344,538,59281,763,66832,567,126113,California
Solano,2021-03-29,1981,191437,1190,95901,778,93179,13,2357,1153,59650,825,67657,1194,127307,California
Sonoma,2020-12-15,4,4,4,4,0,0,0,0,4,4,0,0,4,4,California
Sonoma,2020-12-16,29,33,29,33,0,0,0,0,29,33,0,0,29,33,California
Sonoma,2020-12-17,101,134,101,134,0,0,0,0,101,134,0,0,101,134,California
Sonoma,2020-12-18,419,553,419,553,0,0,0,0,419,553,0,0,419,553,California
Sonoma,2020-12-19,110,663,109,662,1,1,0,0,110,663,0,0,110,663,California
Sonoma,2020-12-20,175,838,175,837,0,1,0,0,175,838,0,0,175,838,California
Sonoma,2020-12-21,912,1750,910,1747,2,3,0,0,911,1749,0,0,911,1749,California
Sonoma,2020-12-22,1365,3115,1273,3020,92,95,0,0,1365,3114,0,0,1365,3114,California
Sonoma,2020-12-23,1602,4717,1226,4246,376,471,0,0,1603,4717,0,0,1603,4717,California
Sonoma,2020-12-24,304,5021,101,4347,203,674,0,0,304,5021,0,0,304,5021,California
Sonoma,2020-12-25,8,5029,2,4349,6,680,0,0,8,5029,0,0,8,5029,California
Sonoma,2020-12-26,266,5295,255,4604,11,691,0,0,266,5295,0,0,266,5295,California
Sonoma,2020-12-27,93,5388,80,4684,13,704,0,0,93,5388,0,0,93,5388,California
Sonoma,2020-12-28,989,6377,553,5237,436,1140,0,0,961,6349,0,0,961,6349,California
Sonoma,2020-12-29,1132,7509,778,6015,354,1494,0,0,1098,7447,0,0,1098,7447,California
Sonoma,2020-12-30,1094,8603,479,6494,615,2109,0,0,1086,8533,0,0,1086,8533,California
Sonoma,2020-12-31,514,9117,70,6564,444,2553,0,0,515,9048,0,0,515,9048,California
Sonoma,2021-01-01,10,9127,6,6570,4,2557,0,0,10,9058,0,0,10,9058,California
Sonoma,2021-01-02,132,9259,125,6695,7,2564,0,0,132,9190,0,0,132,9190,California
Sonoma,2021-01-03,22,9281,8,6703,14,2578,0,0,22,9212,0,0,22,9212,California
Sonoma,2021-01-04,341,9622,104,6807,237,2815,0,0,340,9552,0,0,340,9552,California
Sonoma,2021-01-05,438,10060,102,6909,336,3151,0,0,414,9951,15,15,414,9966,California
Sonoma,2021-01-06,949,11009,434,7343,515,3666,0,0,835,10679,107,122,835,10801,California
Sonoma,2021-01-07,1014,12023,523,7866,491,4157,0,0,845,11356,168,290,845,11646,California
Sonoma,2021-01-08,1781,13804,1228,9094,553,4710,0,0,1311,12199,468,758,1311,12957,California
Sonoma,2021-01-09,654,14458,420,9514,234,4944,0,0,606,12757,48,806,606,13563,California
Sonoma,2021-01-10,470,14928,459,9973,11,4955,0,0,278,12843,192,998,278,13841,California
Sonoma,2021-01-11,1381,16309,1236,11209,145,5100,0,0,411,12288,966,1964,411,14252,California
Sonoma,2021-01-12,1547,17856,1295,12504,252,5352,0,0,393,11529,1152,3116,393,14645,California
Sonoma,2021-01-13,2062,19918,1421,13925,641,5993,0,0,1199,11868,860,3976,1199,15844,California
Sonoma,2021-01-14,1524,21442,804,14729,720,6713,0,0,1293,12930,231,4207,1293,17137,California
Sonoma,2021-01-15,1560,23002,633,15362,927,7640,0,0,1340,14060,211,4418,1341,18478,California
Sonoma,2021-01-16,1132,24134,604,15966,528,8168,0,0,884,14700,244,4662,884,19362,California
Sonoma,2021-01-17,664,24798,549,16515,115,8283,0,0,585,15206,79,4741,585,19947,California
Sonoma,2021-01-18,1100,25898,931,17446,169,8452,0,0,610,15327,490,5231,611,20558,California
Sonoma,2021-01-19,2091,27989,1007,18453,1084,9536,0,0,1383,16005,706,5937,1384,21942,California
Sonoma,2021-01-20,2055,30044,618,19071,1437,10973,0,0,1399,16758,647,6584,1400,23342,California
Sonoma,2021-01-21,2207,32251,611,19682,1596,12569,0,0,1984,18523,220,6804,1985,25327,California
Sonoma,2021-01-22,2704,34955,1028,20710,1676,14245,0,0,2555,20930,148,6952,2555,27882,California
Sonoma,2021-01-23,759,35714,592,21302,167,14412,0,0,653,21478,105,7057,653,28535,California
Sonoma,2021-01-24,769,36483,637,21939,132,14544,0,0,754,22217,15,7072,754,29289,California
Sonoma,2021-01-25,2157,38640,516,22455,1641,16185,0,0,1670,23400,487,7559,1670,30959,California
Sonoma,2021-01-26,1988,40628,294,22749,1694,17879,0,0,1536,24485,451,8010,1536,32495,California
Sonoma,2021-01-27,3607,44235,1194,23943,2413,20292,0,0,3038,26958,567,8577,3040,35535,California
Sonoma,2021-01-28,4095,48330,1834,25777,2261,22553,0,0,3437,29742,655,9232,3439,38974,California
Sonoma,2021-01-29,2947,51277,1394,27171,1553,24106,0,0,2121,31040,824,10056,2122,41096,California
Sonoma,2021-01-30,2575,53852,2391,29562,184,24290,0,0,2222,32912,353,10409,2225,43321,California
Sonoma,2021-01-31,774,54626,664,30226,110,24400,0,0,578,33295,195,10604,578,43899,California
Sonoma,2021-02-01,2488,57114,868,31094,1620,26020,0,0,2091,34994,394,10998,2093,45992,California
Sonoma,2021-02-02,3428,60542,1362,32456,2066,28086,0,0,2861,37290,565,11563,2861,48853,California
Sonoma,2021-02-03,3953,64495,1252,33708,2701,30787,0,0,3067,39473,884,12447,3067,51920,California
Sonoma,2021-02-04,4120,68615,1649,35357,2471,33258,0,0,3378,42110,741,13188,3378,55298,California
Sonoma,2021-02-05,4792,73407,1732,37089,3060,36318,0,0,3783,44889,1005,14193,3784,59082,California
Sonoma,2021-02-06,2629,76036,2270,39359,359,36677,0,0,2079,46419,549,14742,2079,61161,California
Sonoma,2021-02-07,1533,77569,1397,40756,136,36813,0,0,1285,47457,247,14989,1285,62446,California
Sonoma,2021-02-08,3232,80801,1022,41778,2210,39023,0,0,2661,49549,569,15558,2661,65107,California
Sonoma,2021-02-09,3537,84338,1690,43468,1847,40870,0,0,3062,52139,473,16031,3063,68170,California
Sonoma,2021-02-10,4395,88733,2353,45821,2042,42912,0,0,3373,54496,1017,17048,3374,71544,California
Sonoma,2021-02-11,5314,94047,2789,48610,2525,45437,0,0,4147,57479,1164,18212,4147,75691,California
Sonoma,2021-02-12,5627,99674,2961,51571,2666,48103,0,0,4223,60301,1402,19614,4224,79915,California
Sonoma,2021-02-13,1975,101649,1153,52724,822,48925,0,0,1205,60739,767,20381,1205,81120,California
Sonoma,2021-02-14,2297,103946,1808,54532,489,49414,0,0,1659,61761,637,21018,1659,82779,California
Sonoma,2021-02-15,2097,106043,760,55292,1337,50751,0,0,1590,62844,507,21525,1590,84369,California
Sonoma,2021-02-16,4588,110631,2031,57323,2557,53308,0,0,3347,64952,1239,22764,3347,87716,California
Sonoma,2021-02-17,5249,115880,2828,60151,2421,55729,0,0,3360,66434,1880,24644,3362,91078,California
Sonoma,2021-02-18,6712,122592,2946,63097,3766,59495,0,0,3847,67422,2859,27503,3847,94925,California
Sonoma,2021-02-19,5375,127967,1655,64752,3720,63215,0,0,3311,68674,2059,29562,3311,98236,California
Sonoma,2021-02-20,3090,131057,2822,67574,268,63483,0,0,1219,68027,1866,31428,1219,99455,California
Sonoma,2021-02-21,442,131499,343,67917,99,63582,0,0,120,67829,318,31746,120,99575,California
Sonoma,2021-02-22,2684,134183,1330,69247,1354,64936,0,0,1040,67229,1640,33386,1040,100615,California
Sonoma,2021-02-23,3041,137224,2025,71272,1016,65952,0,0,1354,66899,1685,35071,1355,101970,California
Sonoma,2021-02-24,5414,142638,2500,73772,2914,68866,0,0,2724,66940,2685,37756,2726,104696,California
Sonoma,2021-02-25,5590,148228,2211,75983,3379,72245,0,0,2964,67298,2606,40362,2964,107660,California
Sonoma,2021-02-26,5962,154190,2738,78721,3224,75469,0,0,3702,68746,2254,42616,3702,111362,California
Sonoma,2021-02-27,4007,158197,1885,80606,2122,77591,0,0,2684,70110,1321,43937,2685,114047,California
Sonoma,2021-02-28,2213,160410,1732,82338,481,78072,0,0,595,69091,1614,45551,595,114642,California
Sonoma,2021-03-01,3609,164019,1099,83437,2510,80582,0,0,1766,69022,1836,47387,1767,116409,California
Sonoma,2021-03-02,4163,168182,1444,84881,2719,83301,0,0,2456,69779,1699,49086,2456,118865,California
Sonoma,2021-03-03,4264,172446,2229,87110,2035,85336,0,0,1856,69235,2400,51486,1856,120721,California
Sonoma,2021-03-04,4884,177330,2240,89350,2644,87980,0,0,1992,68347,2880,54366,1992,122713,California
Sonoma,2021-03-05,5145,182475,2198,91548,2932,90912,15,15,2051,67337,3081,57447,2071,124784,California
Sonoma,2021-03-06,2557,185032,1129,92677,1308,92220,120,135,1728,68359,825,58272,1847,126631,California
Sonoma,2021-03-07,1675,186707,1395,94072,248,92468,32,167,346,67409,1328,59600,378,127009,California
Sonoma,2021-03-08,3803,190510,628,94700,3008,95476,167,334,2160,68102,1634,61234,2327,129336,California
Sonoma,2021-03-09,5351,195861,2956,97656,2147,97623,248,582,2640,68283,2708,63942,2889,132225,California
Sonoma,2021-03-10,5793,201654,3112,100768,2378,100001,303,885,2339,67486,3439,67381,2642,134867,California
Sonoma,2021-03-11,7210,208864,2868,103636,3563,103564,779,1664,2557,66180,4644,72025,3338,138205,California
Sonoma,2021-03-12,6945,215809,2131,105767,3547,107111,1267,2931,1987,64492,4942,76967,3254,141459,California
Sonoma,2021-03-13,2948,218757,1451,107218,1273,108384,224,3155,1699,65166,1247,78214,1921,143380,California
Sonoma,2021-03-14,1162,219919,288,107506,734,109118,140,3295,752,65650,407,78621,891,144271,California
Sonoma,2021-03-15,5137,225056,1452,108958,3313,112431,372,3667,2170,65233,2959,81580,2542,146813,California
Sonoma,2021-03-16,6213,231269,2222,111180,3769,116200,222,3889,3149,65543,3061,84641,3371,150184,California
Sonoma,2021-03-17,6384,237653,3379,114559,2840,119040,165,4054,3270,65873,3105,87746,3435,153619,California
Sonoma,2021-03-18,5759,243412,2406,116965,2855,121895,498,4552,2660,65935,3094,90840,3156,156775,California
Sonoma,2021-03-19,5363,248775,2300,119265,2877,124772,186,4738,2424,65625,2922,93762,2612,159387,California
Sonoma,2021-03-20,2740,251515,1341,120606,741,125513,658,5396,1481,66507,1257,95019,2139,161526,California
Sonoma,2021-03-21,1348,252863,587,121193,727,126240,34,5430,1185,67565,162,95181,1220,162746,California
Sonoma,2021-03-22,4406,257269,3001,124194,1304,127544,101,5531,3474,70224,931,96112,3590,166336,California
Sonoma,2021-03-23,5606,262875,3471,127665,2061,129605,74,5605,4510,73722,1093,97205,4591,170927,California
Sonoma,2021-03-24,6459,269334,4137,131802,2248,131853,74,5679,4060,75601,2382,99587,4261,175188,California
Sonoma,2021-03-25,6734,276068,4035,135837,2597,134450,102,5781,4168,77419,2547,102134,4365,179553,California
Sonoma,2021-03-26,6956,283024,3271,139108,3601,138051,84,5865,3774,78337,3168,105302,4086,183639,California
Sonoma,2021-03-27,3788,286812,1480,140588,1958,140009,350,6215,1098,77184,2682,107984,1529,185168,California
Sonoma,2021-03-28,1442,288254,883,141471,534,140543,25,6240,904,77576,537,108521,929,186097,California
Sonoma,2021-03-29,1889,290143,683,142154,1204,141747,2,6242,1137,77978,748,109269,1150,187247,California
Stanislaus,2020-12-15,2,2,2,2,0,0,0,0,2,2,0,0,2,2,California
Stanislaus,2020-12-16,37,39,37,39,0,0,0,0,37,39,0,0,37,39,California
Stanislaus,2020-12-17,73,112,73,112,0,0,0,0,73,112,0,0,73,112,California
Stanislaus,2020-12-18,431,543,424,536,7,7,0,0,431,543,0,0,431,543,California
Stanislaus,2020-12-19,192,735,192,728,0,7,0,0,192,735,0,0,192,735,California
Stanislaus,2020-12-20,125,860,125,853,0,7,0,0,125,860,0,0,125,860,California
Stanislaus,2020-12-21,1125,1985,1122,1975,3,10,0,0,1124,1984,0,0,1124,1984,California
Stanislaus,2020-12-22,846,2831,834,2809,12,22,0,0,846,2830,0,0,846,2830,California
Stanislaus,2020-12-23,461,3292,444,3253,17,39,0,0,460,3290,0,0,460,3290,California
Stanislaus,2020-12-24,99,3391,90,3343,9,48,0,0,99,3389,0,0,99,3389,California
Stanislaus,2020-12-26,48,3439,6,3349,42,90,0,0,48,3437,0,0,48,3437,California
Stanislaus,2020-12-27,10,3449,5,3354,5,95,0,0,10,3447,0,0,10,3447,California
Stanislaus,2020-12-28,499,3948,403,3757,96,191,0,0,499,3946,0,0,499,3946,California
Stanislaus,2020-12-29,504,4452,429,4186,75,266,0,0,504,4450,0,0,504,4450,California
Stanislaus,2020-12-30,539,4991,283,4469,256,522,0,0,539,4988,1,1,539,4989,California
Stanislaus,2020-12-31,315,5306,172,4641,143,665,0,0,317,5305,0,1,317,5306,California
Stanislaus,2021-01-01,8,5314,1,4642,7,672,0,0,8,5313,0,1,8,5314,California
Stanislaus,2021-01-02,30,5344,23,4665,7,679,0,0,30,5343,0,1,30,5344,California
Stanislaus,2021-01-03,88,5432,85,4750,3,682,0,0,88,5431,0,1,88,5432,California
Stanislaus,2021-01-04,113,5545,31,4781,82,764,0,0,116,5547,0,1,116,5548,California
Stanislaus,2021-01-05,849,6394,334,5115,515,1279,0,0,826,6358,16,17,827,6375,California
Stanislaus,2021-01-06,976,7370,545,5660,431,1710,0,0,902,7197,64,81,903,7278,California
Stanislaus,2021-01-07,1085,8455,694,6354,391,2101,0,0,960,8046,112,193,961,8239,California
Stanislaus,2021-01-08,1316,9771,754,7108,562,2663,0,0,946,8631,365,558,950,9189,California
Stanislaus,2021-01-09,288,10059,144,7252,144,2807,0,0,196,8735,92,650,196,9385,California
Stanislaus,2021-01-10,46,10105,19,7271,27,2834,0,0,29,8747,17,667,29,9414,California
Stanislaus,2021-01-11,1544,11649,1260,8531,284,3118,0,0,601,8421,940,1607,614,10028,California
Stanislaus,2021-01-12,1485,13134,888,9419,597,3715,0,0,830,8604,651,2258,834,10862,California
Stanislaus,2021-01-13,1438,14572,675,10094,763,4478,0,0,1113,9401,324,2582,1121,11983,California
Stanislaus,2021-01-14,2211,16783,279,10373,1932,6410,0,0,2061,11368,148,2730,2115,14098,California
Stanislaus,2021-01-15,2881,19664,1149,11522,1732,8142,0,0,2724,14024,135,2865,2791,16889,California
Stanislaus,2021-01-16,571,20235,51,11573,520,8662,0,0,555,14566,15,2880,557,17446,California
Stanislaus,2021-01-17,244,20479,201,11774,43,8705,0,0,238,14798,6,2886,238,17684,California
Stanislaus,2021-01-18,2172,22651,1020,12794,1152,9857,0,0,1802,16294,367,3253,1863,19547,California
Stanislaus,2021-01-19,1266,23917,740,13534,526,10383,0,0,805,16642,458,3711,806,20353,California
Stanislaus,2021-01-20,995,24912,480,14014,515,10898,0,0,704,17056,290,4001,704,21057,California
Stanislaus,2021-01-21,3673,28585,2958,16972,715,11613,0,0,3355,20182,316,4317,3442,24499,California
Stanislaus,2021-01-22,1090,29675,303,17275,787,12400,0,0,1044,21187,43,4360,1048,25547,California
Stanislaus,2021-01-23,350,30025,38,17313,312,12712,0,0,296,21433,54,4414,300,25847,California
Stanislaus,2021-01-24,288,30313,99,17412,189,12901,0,0,222,21591,66,4480,224,26071,California
Stanislaus,2021-01-25,3136,33449,217,17629,2919,15820,0,0,2845,24266,292,4772,2967,29038,California
Stanislaus,2021-01-26,1729,35178,738,18367,991,16811,0,0,1311,25178,413,5185,1325,30363,California
Stanislaus,2021-01-27,1827,37005,964,19331,863,17674,0,0,1171,25701,649,5834,1172,31535,California
Stanislaus,2021-01-28,2243,39248,1493,20824,750,18424,0,0,1762,27040,469,6303,1808,33343,California
Stanislaus,2021-01-29,2484,41732,1196,22020,1288,19712,0,0,1955,28553,482,6785,1995,35338,California
Stanislaus,2021-01-30,296,42028,116,22136,180,19892,0,0,246,28747,52,6837,246,35584,California
Stanislaus,2021-01-31,366,42394,314,22450,52,19944,0,0,363,29098,12,6849,363,35947,California
Stanislaus,2021-02-01,1268,43662,539,22989,729,20673,0,0,933,29705,327,7176,934,36881,California
Stanislaus,2021-02-02,1255,44917,368,23357,887,21560,0,0,802,30059,453,7629,807,37688,California
Stanislaus,2021-02-03,2521,47438,1075,24432,1446,23006,0,0,1842,31232,675,8304,1848,39536,California
Stanislaus,2021-02-04,2105,49543,721,25153,1384,24390,0,0,1592,32321,508,8812,1597,41133,California
Stanislaus,2021-02-05,2850,52393,1455,26608,1395,25785,0,0,1615,32751,1189,10001,1619,42752,California
Stanislaus,2021-02-06,1011,53404,290,26898,721,26506,0,0,821,33384,189,10190,822,43574,California
Stanislaus,2021-02-07,210,53614,186,27084,24,26530,0,0,40,33256,169,10359,41,43615,California
Stanislaus,2021-02-08,2021,55635,1309,28393,712,27242,0,0,1117,33498,878,11237,1120,44735,California
Stanislaus,2021-02-09,1863,57498,787,29180,1076,28318,0,0,1100,33833,768,12005,1103,45838,California
Stanislaus,2021-02-10,1980,59478,564,29744,1416,29734,0,0,1071,34012,894,12899,1073,46911,California
Stanislaus,2021-02-11,5539,65017,3411,33155,2128,31862,0,0,1419,31475,3961,16860,1424,48335,California
Stanislaus,2021-02-12,3533,68550,1097,34252,2436,34298,0,0,1669,31330,1817,18677,1672,50007,California
Stanislaus,2021-02-13,1545,70095,756,35008,789,35087,0,0,1101,31985,450,19127,1105,51112,California
Stanislaus,2021-02-14,423,70518,170,35178,253,35340,0,0,357,32278,65,19192,358,51470,California
Stanislaus,2021-02-15,1838,72356,251,35429,1587,36927,0,0,629,31803,1112,20304,637,52107,California
Stanislaus,2021-02-16,1386,73742,419,35848,967,37894,0,0,597,31636,784,21088,617,52724,California
Stanislaus,2021-02-17,2746,76488,1666,37514,1080,38974,0,0,1969,32846,781,21869,1991,54715,California
Stanislaus,2021-02-18,3390,79878,1883,39397,1507,40481,0,0,1791,33165,1532,23401,1851,56566,California
Stanislaus,2021-02-19,2765,82643,1032,40429,1733,42214,0,0,1567,33566,1174,24575,1575,58141,California
Stanislaus,2021-02-20,754,83397,366,40795,388,42602,0,0,496,33816,249,24824,499,58640,California
Stanislaus,2021-02-21,798,84195,589,41384,209,42811,0,0,360,33860,424,25248,468,59108,California
Stanislaus,2021-02-22,2297,86492,1599,42983,698,43509,0,0,1588,34767,683,25931,1590,60698,California
Stanislaus,2021-02-23,3709,90201,678,43661,3031,46540,0,0,1755,34708,1834,27765,1775,62473,California
Stanislaus,2021-02-24,4136,94337,2784,46445,1352,47892,0,0,2972,36705,1150,28915,3147,65620,California
Stanislaus,2021-02-25,3928,98265,2639,49084,1289,49181,0,0,2957,38880,957,29872,3132,68752,California
Stanislaus,2021-02-26,4235,102500,1211,50295,3024,52205,0,0,2665,40226,1532,31404,2878,71630,California
Stanislaus,2021-02-27,2193,104693,683,50978,1509,53714,1,1,1780,41776,388,31792,1938,73568,California
Stanislaus,2021-02-28,801,105494,252,51230,549,54263,0,1,742,42474,54,31846,752,74320,California
Stanislaus,2021-03-01,3073,108567,1598,52828,1475,55738,0,1,1663,42754,1392,33238,1672,75992,California
Stanislaus,2021-03-02,2417,110984,1440,54268,977,56715,0,1,1673,43699,733,33971,1678,77670,California
Stanislaus,2021-03-03,3649,114633,2186,56454,1460,58175,3,4,2789,45652,839,34810,2792,80462,California
Stanislaus,2021-03-04,5508,120141,3202,59656,2288,60463,18,22,4159,48501,1331,36141,4180,84642,California
Stanislaus,2021-03-05,4184,124325,1301,60957,2867,63330,16,38,3056,50471,1110,37251,3080,87722,California
Stanislaus,2021-03-06,3710,128035,2248,63205,1374,64704,88,126,2688,52237,1019,38270,2785,90507,California
Stanislaus,2021-03-07,834,128869,380,63585,418,65122,36,162,646,52736,184,38454,683,91190,California
Stanislaus,2021-03-08,1986,130855,899,64484,1009,66131,78,240,1267,53371,713,39167,1348,92538,California
Stanislaus,2021-03-09,2731,133586,1045,65529,1597,67728,89,329,1703,54154,1016,40183,1799,94337,California
Stanislaus,2021-03-10,5484,139070,2653,68182,2614,70342,217,546,3757,56427,1709,41892,3982,98319,California
Stanislaus,2021-03-11,6182,145252,3323,71505,2390,72732,469,1015,4164,59228,1853,43745,4654,102973,California
Stanislaus,2021-03-12,6141,151393,1326,72831,2911,75643,1904,2919,2773,60635,3348,47093,4755,107728,California
Stanislaus,2021-03-13,3601,154994,2231,75062,1304,76947,66,2985,2692,62550,895,47988,2810,110538,California
Stanislaus,2021-03-14,818,155812,517,75579,250,77197,51,3036,411,62616,405,48393,471,111009,California
Stanislaus,2021-03-15,3844,159656,1967,77546,1499,78696,378,3414,1655,62625,2097,50490,2106,113115,California
Stanislaus,2021-03-16,5072,164728,2458,80004,2174,80870,440,3854,3635,65289,1417,51907,4081,117196,California
Stanislaus,2021-03-17,5079,169807,3053,83057,1846,82716,180,4034,3136,66711,1925,53832,3347,120543,California
Stanislaus,2021-03-18,5718,175525,3506,86563,2140,84856,72,4106,3293,67801,2289,56121,3379,123922,California
Stanislaus,2021-03-19,6312,181837,1709,88272,3089,87945,1514,5620,3477,69997,2802,58923,4998,128920,California
Stanislaus,2021-03-20,3678,185515,2683,90955,943,88888,52,5672,3293,72967,379,59302,3349,132269,California
Stanislaus,2021-03-21,960,186475,854,91809,45,88933,61,5733,737,73551,217,59519,801,133070,California
Stanislaus,2021-03-22,2915,189390,1282,93091,910,89843,723,6456,1342,74060,1559,61078,2068,135138,California
Stanislaus,2021-03-23,4059,193449,2071,95162,1747,91590,241,6697,2940,76156,1101,62179,3197,138335,California
Stanislaus,2021-03-24,4605,198054,3251,98413,1286,92876,68,6765,2743,77176,1820,63999,2840,141175,California
Stanislaus,2021-03-25,4528,202582,3068,101481,1445,94321,15,6780,2066,76896,2388,66387,2108,143283,California
Stanislaus,2021-03-26,4538,207120,1277,102758,3220,97541,41,6821,2347,77139,2159,68546,2402,145685,California
Stanislaus,2021-03-27,4166,211286,2624,105382,1516,99057,26,6847,1249,75538,2901,71447,1300,146985,California
Stanislaus,2021-03-28,1017,212303,300,105682,535,99592,182,7029,297,75317,715,72162,494,147479,California
Stanislaus,2021-03-29,1946,214249,1039,106721,874,100466,33,7062,1568,76548,371,72533,1602,149081,California
Sutter,2020-12-15,1,1,1,1,0,0,0,0,1,1,0,0,1,1,California
Sutter,2020-12-16,4,5,4,5,0,0,0,0,4,5,0,0,4,5,California
Sutter,2020-12-17,2,7,2,7,0,0,0,0,2,7,0,0,2,7,California
Sutter,2020-12-18,20,27,20,27,0,0,0,0,20,27,0,0,20,27,California
Sutter,2020-12-19,44,71,44,71,0,0,0,0,44,71,0,0,44,71,California
Sutter,2020-12-20,42,113,42,113,0,0,0,0,42,113,0,0,42,113,California
Sutter,2020-12-21,101,214,101,214,0,0,0,0,101,214,0,0,101,214,California
Sutter,2020-12-22,174,388,174,388,0,0,0,0,174,388,0,0,174,388,California
Sutter,2020-12-23,114,502,110,498,4,4,0,0,114,502,0,0,114,502,California
Sutter,2020-12-24,17,519,11,509,6,10,0,0,17,519,0,0,17,519,California
Sutter,2020-12-26,39,558,35,544,4,14,0,0,39,558,0,0,39,558,California
Sutter,2020-12-27,24,582,23,567,1,15,0,0,24,582,0,0,24,582,California
Sutter,2020-12-28,83,665,55,622,28,43,0,0,83,665,0,0,83,665,California
Sutter,2020-12-29,101,766,14,636,87,130,0,0,101,766,0,0,101,766,California
Sutter,2020-12-30,136,902,33,669,103,233,0,0,136,902,0,0,136,902,California
Sutter,2020-12-31,70,972,6,675,64,297,0,0,70,972,0,0,70,972,California
Sutter,2021-01-01,3,975,3,678,0,297,0,0,3,975,0,0,3,975,California
Sutter,2021-01-02,135,1110,133,811,2,299,0,0,135,1110,0,0,135,1110,California
Sutter,2021-01-03,1,1111,0,811,1,300,0,0,1,1111,0,0,1,1111,California
Sutter,2021-01-04,248,1359,140,951,108,408,0,0,248,1359,0,0,248,1359,California
Sutter,2021-01-05,99,1458,56,1007,43,451,0,0,97,1454,2,2,97,1456,California
Sutter,2021-01-06,206,1664,52,1059,154,605,0,0,201,1650,5,7,201,1657,California
Sutter,2021-01-07,250,1914,150,1209,100,705,0,0,241,1883,8,15,241,1898,California
Sutter,2021-01-08,146,2060,40,1249,106,811,0,0,129,1995,17,32,129,2027,California
Sutter,2021-01-09,44,2104,43,1292,1,812,0,0,3,1957,41,73,3,2030,California
Sutter,2021-01-10,402,2506,37,1329,365,1177,0,0,364,2284,37,110,364,2394,California
Sutter,2021-01-11,133,2639,115,1444,18,1195,0,0,26,2203,107,217,26,2420,California
Sutter,2021-01-12,202,2841,165,1609,37,1232,0,0,57,2115,145,362,57,2477,California
Sutter,2021-01-13,157,2998,95,1704,62,1294,0,0,70,2098,87,449,70,2547,California
Sutter,2021-01-14,145,3143,50,1754,95,1389,0,0,125,2203,20,469,125,2672,California
Sutter,2021-01-15,434,3577,131,1885,303,1692,0,0,419,2607,15,484,419,3091,California
Sutter,2021-01-16,390,3967,42,1927,348,2040,0,0,358,2934,31,515,358,3449,California
Sutter,2021-01-17,25,3992,23,1950,2,2042,0,0,9,2927,16,531,9,3458,California
Sutter,2021-01-18,116,4108,61,2011,55,2097,0,0,69,2949,47,578,69,3527,California
Sutter,2021-01-19,100,4208,40,2051,60,2157,0,0,76,3001,24,602,76,3603,California
Sutter,2021-01-20,256,4464,191,2242,65,2222,0,0,236,3217,20,622,236,3839,California
Sutter,2021-01-21,433,4897,264,2506,169,2391,0,0,414,3612,19,641,414,4253,California
Sutter,2021-01-22,267,5164,82,2588,185,2576,0,0,258,3861,9,650,258,4511,California
Sutter,2021-01-23,396,5560,40,2628,356,2932,0,0,370,4205,26,676,370,4881,California
Sutter,2021-01-24,17,5577,14,2642,3,2935,0,0,15,4218,2,678,15,4896,California
Sutter,2021-01-25,302,5879,196,2838,106,3041,0,0,149,4215,152,830,149,5045,California
Sutter,2021-01-26,239,6118,102,2940,137,3178,0,0,143,4263,95,925,143,5188,California
Sutter,2021-01-27,385,6503,254,3194,131,3309,0,0,319,4516,66,991,319,5507,California
Sutter,2021-01-28,523,7026,300,3494,223,3532,0,0,393,4779,130,1121,393,5900,California
Sutter,2021-01-29,418,7444,146,3640,272,3804,0,0,252,4865,166,1287,252,6152,California
Sutter,2021-01-30,780,8224,39,3679,741,4545,0,0,769,5623,11,1298,769,6921,California
Sutter,2021-01-31,27,8251,27,3706,0,4545,0,0,27,5650,0,1298,27,6948,California
Sutter,2021-02-01,162,8413,47,3753,115,4660,0,0,131,5750,31,1329,131,7079,California
Sutter,2021-02-02,240,8653,25,3778,215,4875,0,0,210,5930,30,1359,210,7289,California
Sutter,2021-02-03,443,9096,36,3814,407,5282,0,0,211,5909,232,1591,211,7500,California
Sutter,2021-02-04,666,9762,366,4180,300,5582,0,0,617,6477,49,1640,617,8117,California
Sutter,2021-02-05,281,10043,31,4211,250,5832,0,0,133,6462,148,1788,133,8250,California
Sutter,2021-02-06,732,10775,27,4238,705,6537,0,0,714,7157,19,1807,714,8964,California
Sutter,2021-02-07,22,10797,19,4257,3,6540,0,0,19,7173,3,1810,19,8983,California
Sutter,2021-02-08,132,10929,27,4284,105,6645,0,0,96,7233,36,1846,96,9079,California
Sutter,2021-02-09,249,11178,47,4331,202,6847,0,0,185,7354,64,1910,185,9264,California
Sutter,2021-02-10,799,11977,379,4710,420,7267,0,0,172,6900,626,2536,172,9436,California
Sutter,2021-02-11,601,12578,270,4980,331,7598,0,0,375,7049,226,2762,375,9811,California
Sutter,2021-02-12,624,13202,66,5046,558,8156,0,0,308,7041,316,3078,308,10119,California
Sutter,2021-02-13,900,14102,48,5094,852,9008,0,0,784,7709,116,3194,784,10903,California
Sutter,2021-02-14,87,14189,24,5118,63,9071,0,0,77,7776,10,3204,77,10980,California
Sutter,2021-02-15,198,14387,71,5189,127,9198,0,0,123,7824,75,3279,123,11103,California
Sutter,2021-02-16,283,14670,43,5232,240,9438,0,0,200,7942,82,3361,200,11303,California
Sutter,2021-02-17,829,15499,435,5667,394,9832,0,0,127,7367,702,4063,127,11430,California
Sutter,2021-02-18,702,16201,50,5717,652,10484,0,0,493,7652,208,4271,493,11923,California
Sutter,2021-02-19,661,16862,380,6097,281,10765,0,0,461,7915,198,4469,461,12384,California
Sutter,2021-02-20,621,17483,55,6152,566,11331,0,0,518,8330,103,4572,518,12902,California
Sutter,2021-02-21,29,17512,24,6176,5,11336,0,0,8,8317,21,4593,8,12910,California
Sutter,2021-02-22,199,17711,115,6291,84,11420,0,0,86,8290,113,4706,86,12996,California
Sutter,2021-02-23,217,17928,31,6322,186,11606,0,0,94,8261,123,4829,94,13090,California
Sutter,2021-02-24,957,18885,348,6670,609,12215,0,0,190,7685,766,5595,190,13280,California
Sutter,2021-02-25,771,19656,492,7162,279,12494,0,0,596,8109,172,5767,596,13876,California
Sutter,2021-02-26,365,20021,60,7222,305,12799,0,0,152,8050,211,5978,152,14028,California
Sutter,2021-02-27,858,20879,44,7266,814,13613,0,0,700,8591,159,6137,700,14728,California
Sutter,2021-02-28,83,20962,38,7304,45,13658,0,0,66,8640,17,6154,66,14794,California
Sutter,2021-03-01,243,21205,60,7364,183,13841,0,0,147,8691,96,6250,147,14941,California
Sutter,2021-03-02,333,21538,57,7421,276,14117,0,0,160,8679,172,6422,160,15101,California
Sutter,2021-03-03,1362,22900,506,7927,856,14973,0,0,622,8567,734,7156,622,15723,California
Sutter,2021-03-04,1232,24132,845,8772,387,15360,0,0,941,9224,286,7442,943,16666,California
Sutter,2021-03-05,315,24447,72,8844,242,15602,1,1,180,9271,134,7576,181,16847,California
Sutter,2021-03-06,595,25042,44,8888,547,16149,4,5,452,9584,143,7719,456,17303,California
Sutter,2021-03-07,62,25104,23,8911,38,16187,1,6,42,9607,20,7739,43,17346,California
Sutter,2021-03-08,200,25304,68,8979,120,16307,12,18,133,9686,66,7805,145,17491,California
Sutter,2021-03-09,378,25682,130,9109,235,16542,13,31,175,9672,202,8007,188,17679,California
Sutter,2021-03-10,1522,27204,653,9762,817,17359,52,83,479,9163,1040,9047,531,18210,California
Sutter,2021-03-11,837,28041,400,10162,421,17780,16,99,603,9551,231,9278,619,18829,California
Sutter,2021-03-12,482,28523,80,10242,334,18114,68,167,162,9462,319,9597,230,19059,California
Sutter,2021-03-13,908,29431,707,10949,184,18298,17,184,738,10049,168,9765,755,19814,California
Sutter,2021-03-14,85,29516,22,10971,52,18350,11,195,34,10043,51,9816,45,19859,California
Sutter,2021-03-15,309,29825,68,11039,194,18544,47,242,143,10068,165,9981,190,20049,California
Sutter,2021-03-16,333,30158,84,11123,203,18747,46,288,171,10124,161,10142,217,20266,California
Sutter,2021-03-17,1454,31612,551,11674,880,19627,23,311,281,9263,1165,11307,304,20570,California
Sutter,2021-03-18,733,32345,118,11792,455,20082,160,471,416,9523,315,11622,575,21145,California
Sutter,2021-03-19,315,32660,106,11898,192,20274,17,488,186,9600,126,11748,203,21348,California
Sutter,2021-03-20,862,33522,92,11990,764,21038,6,494,795,10336,66,11814,802,22150,California
Sutter,2021-03-21,70,33592,47,12037,19,21057,4,498,38,10346,32,11846,42,22192,California
Sutter,2021-03-22,279,33871,118,12155,135,21192,26,524,202,10497,77,11923,228,22420,California
Sutter,2021-03-23,339,34210,126,12281,181,21373,32,556,233,10656,106,12029,265,22685,California
Sutter,2021-03-24,1622,35832,723,13004,827,22200,72,628,309,9733,1304,13333,381,23066,California
Sutter,2021-03-25,977,36809,660,13664,276,22476,41,669,322,9445,652,13985,364,23430,California
Sutter,2021-03-26,463,37272,184,13848,261,22737,18,687,272,9551,189,14174,295,23725,California
Sutter,2021-03-27,859,38131,64,13912,793,23530,2,689,761,10217,97,14271,763,24488,California
Sutter,2021-03-28,120,38251,69,13981,51,23581,0,689,74,10246,45,14316,74,24562,California
Sutter,2021-03-29,186,38437,30,14011,112,23693,44,733,100,10304,86,14402,144,24706,California
Tehama,2020-12-15,1,1,1,1,0,0,0,0,1,1,0,0,1,1,California
Tehama,2020-12-16,2,3,2,3,0,0,0,0,2,3,0,0,2,3,California
Tehama,2020-12-17,12,15,12,15,0,0,0,0,12,15,0,0,12,15,California
Tehama,2020-12-18,2,17,2,17,0,0,0,0,3,18,0,0,3,18,California
Tehama,2020-12-21,33,50,33,50,0,0,0,0,33,51,0,0,33,51,California
Tehama,2020-12-22,68,118,62,112,6,6,0,0,68,119,0,0,68,119,California
Tehama,2020-12-23,48,166,40,152,8,14,0,0,48,167,0,0,48,167,California
Tehama,2020-12-24,5,171,3,155,2,16,0,0,5,172,0,0,5,172,California
Tehama,2020-12-26,3,174,2,157,1,17,0,0,3,175,0,0,3,175,California
Tehama,2020-12-27,2,176,2,159,0,17,0,0,2,177,0,0,2,177,California
Tehama,2020-12-28,56,232,43,202,13,30,0,0,56,233,0,0,56,233,California
Tehama,2020-12-29,31,263,31,233,0,30,0,0,31,264,0,0,31,264,California
Tehama,2020-12-30,54,317,38,271,16,46,0,0,53,317,0,0,53,317,California
Tehama,2020-12-31,14,331,4,275,10,56,0,0,14,331,0,0,14,331,California
Tehama,2021-01-01,2,333,0,275,2,58,0,0,2,333,0,0,2,333,California
Tehama,2021-01-04,31,364,8,283,23,81,0,0,31,364,0,0,31,364,California
Tehama,2021-01-05,71,435,44,327,27,108,0,0,68,429,3,3,68,432,California
Tehama,2021-01-06,70,505,21,348,49,157,0,0,61,482,8,11,61,493,California
Tehama,2021-01-07,57,562,7,355,50,207,0,0,56,537,1,12,56,549,California
Tehama,2021-01-08,30,592,24,379,6,213,0,0,25,557,5,17,25,574,California
Tehama,2021-01-09,7,599,5,384,2,215,0,0,5,560,2,19,5,579,California
Tehama,2021-01-10,1,600,0,384,1,216,0,0,1,561,0,19,1,580,California
Tehama,2021-01-11,47,647,46,430,1,217,0,0,14,542,33,52,14,594,California
Tehama,2021-01-12,115,762,95,525,20,237,0,0,70,567,45,97,70,664,California
Tehama,2021-01-13,72,834,55,580,17,254,0,0,26,547,46,143,26,690,California
Tehama,2021-01-14,226,1060,51,631,175,429,0,0,224,769,2,145,224,914,California
Tehama,2021-01-15,246,1306,74,705,172,601,0,0,242,1007,4,149,242,1156,California
Tehama,2021-01-16,274,1580,27,732,247,848,0,0,271,1275,3,152,271,1427,California
Tehama,2021-01-17,13,1593,9,741,4,852,0,0,11,1284,2,154,11,1438,California
Tehama,2021-01-18,10,1603,6,747,4,856,0,0,5,1284,5,159,5,1443,California
Tehama,2021-01-19,289,1892,61,808,228,1084,0,0,234,1463,55,214,234,1677,California
Tehama,2021-01-20,303,2195,88,896,215,1299,0,0,252,1665,50,264,252,1929,California
Tehama,2021-01-21,214,2409,11,907,203,1502,0,0,204,1859,10,274,204,2133,California
Tehama,2021-01-22,214,2623,12,919,202,1704,0,0,211,2067,3,277,211,2344,California
Tehama,2021-01-23,263,2886,10,929,253,1957,0,0,261,2327,2,279,262,2606,California
Tehama,2021-01-25,30,2916,13,942,17,1974,0,0,13,2323,17,296,13,2619,California
Tehama,2021-01-26,325,3241,41,983,284,2258,0,0,287,2573,38,334,288,2907,California
Tehama,2021-01-27,299,3540,21,1004,278,2536,0,0,279,2832,20,354,279,3186,California
Tehama,2021-01-28,337,3877,28,1032,309,2845,0,0,322,3139,15,369,322,3508,California
Tehama,2021-01-29,320,4197,18,1050,302,3147,0,0,303,3425,17,386,303,3811,California
Tehama,2021-01-30,102,4299,2,1052,100,3247,0,0,101,3525,1,387,101,3912,California
Tehama,2021-01-31,1,4300,0,1052,1,3248,0,0,1,3526,0,387,1,3913,California
Tehama,2021-02-01,78,4378,23,1075,55,3303,0,0,37,3522,41,428,37,3950,California
Tehama,2021-02-02,328,4706,63,1138,265,3568,0,0,232,3661,93,521,232,4182,California
Tehama,2021-02-03,361,5067,12,1150,349,3917,0,0,317,3934,44,565,317,4499,California
Tehama,2021-02-04,447,5514,99,1249,348,4265,0,0,369,4225,78,643,369,4868,California
Tehama,2021-02-05,160,5674,73,1322,87,4352,0,0,101,4267,59,702,101,4969,California
Tehama,2021-02-06,29,5703,13,1335,16,4368,0,0,17,4272,12,714,17,4986,California
Tehama,2021-02-07,5,5708,4,1339,1,4369,0,0,2,4271,3,717,2,4988,California
Tehama,2021-02-08,35,5743,14,1353,21,4390,0,0,27,4290,8,725,27,5015,California
Tehama,2021-02-09,76,5819,33,1386,43,4433,0,0,42,4298,34,759,42,5057,California
Tehama,2021-02-10,232,6051,61,1447,171,4604,0,0,157,4380,75,834,157,5214,California
Tehama,2021-02-11,219,6270,14,1461,205,4809,0,0,79,4321,138,972,79,5293,California
Tehama,2021-02-12,346,6616,49,1510,297,5106,0,0,165,4305,181,1153,165,5458,California
Tehama,2021-02-13,390,7006,13,1523,377,5483,0,0,149,4213,241,1394,149,5607,California
Tehama,2021-02-14,34,7040,0,1523,34,5517,0,0,33,4245,1,1395,33,5640,California
Tehama,2021-02-15,52,7092,10,1533,42,5559,0,0,46,4285,6,1401,46,5686,California
Tehama,2021-02-16,240,7332,15,1548,225,5784,0,0,57,4159,183,1584,57,5743,California
Tehama,2021-02-17,291,7623,21,1569,270,6054,0,0,65,3998,226,1810,65,5808,California
Tehama,2021-02-18,363,7986,36,1605,327,6381,0,0,139,3913,224,2034,139,5947,California
Tehama,2021-02-19,216,8202,19,1624,197,6578,0,0,46,3789,170,2204,46,5993,California
Tehama,2021-02-20,273,8475,6,1630,267,6845,0,0,26,3569,246,2450,26,6019,California
Tehama,2021-02-21,1,8476,1,1631,0,6845,0,0,1,3570,0,2450,1,6020,California
Tehama,2021-02-22,38,8514,14,1645,24,6869,0,0,25,3582,13,2463,25,6045,California
Tehama,2021-02-23,45,8559,18,1663,27,6896,0,0,25,3587,20,2483,25,6070,California
Tehama,2021-02-24,298,8857,12,1675,286,7182,0,0,25,3339,273,2756,25,6095,California
Tehama,2021-02-25,379,9236,63,1738,316,7498,0,0,39,3038,340,3096,39,6134,California
Tehama,2021-02-26,453,9689,19,1757,434,7932,0,0,69,2723,384,3480,69,6203,California
Tehama,2021-02-27,296,9985,6,1763,290,8222,0,0,35,2497,261,3741,35,6238,California
Tehama,2021-02-28,24,10009,3,1766,21,8243,0,0,21,2515,3,3744,21,6259,California
Tehama,2021-03-01,62,10071,8,1774,54,8297,0,0,28,2509,34,3778,28,6287,California
Tehama,2021-03-02,94,10165,17,1791,77,8374,0,0,25,2465,69,3847,25,6312,California
Tehama,2021-03-03,94,10259,28,1819,66,8440,0,0,37,2445,57,3904,37,6349,California
Tehama,2021-03-04,526,10785,21,1840,505,8945,0,0,195,2315,325,4229,195,6544,California
Tehama,2021-03-05,342,11127,21,1861,321,9266,0,0,189,2352,152,4381,189,6733,California
Tehama,2021-03-06,278,11405,11,1872,267,9533,0,0,72,2220,205,4586,73,6806,California
Tehama,2021-03-07,8,11413,2,1874,6,9539,0,0,6,2224,2,4588,6,6812,California
Tehama,2021-03-08,53,11466,10,1884,30,9569,13,13,25,2235,27,4615,38,6850,California
Tehama,2021-03-09,286,11752,5,1889,262,9831,19,32,234,2436,52,4667,253,7103,California
Tehama,2021-03-10,310,12062,14,1903,292,10123,4,36,64,2259,245,4912,68,7171,California
Tehama,2021-03-11,438,12500,22,1925,381,10504,35,71,312,2480,126,5038,347,7518,California
Tehama,2021-03-12,231,12731,13,1938,171,10675,47,118,151,2598,80,5118,198,7716,California
Tehama,2021-03-13,28,12759,9,1947,13,10688,6,124,6,2588,22,5140,12,7728,California
Tehama,2021-03-14,29,12788,2,1949,16,10704,11,135,3,2576,26,5166,14,7742,California
Tehama,2021-03-15,155,12943,22,1971,108,10812,25,160,82,2610,73,5239,107,7849,California
Tehama,2021-03-16,362,13305,15,1986,312,11124,35,195,269,2822,92,5331,304,8153,California
Tehama,2021-03-17,395,13700,31,2017,333,11457,31,226,313,3086,80,5411,344,8497,California
Tehama,2021-03-18,440,14140,26,2043,390,11847,24,250,276,3224,162,5573,300,8797,California
Tehama,2021-03-19,274,14414,15,2058,247,12094,12,262,235,3432,39,5612,247,9044,California
Tehama,2021-03-20,30,14444,10,2068,19,12113,1,263,24,3451,6,5618,25,9069,California
Tehama,2021-03-21,13,14457,7,2075,6,12119,0,263,13,3464,0,5618,13,9082,California
Tehama,2021-03-22,89,14546,6,2081,68,12187,15,278,51,3492,38,5656,66,9148,California
Tehama,2021-03-23,86,14632,25,2106,52,12239,9,287,64,3544,21,5677,73,9221,California
Tehama,2021-03-24,93,14725,21,2127,68,12307,4,291,62,3579,31,5708,66,9287,California
Tehama,2021-03-25,449,15174,291,2418,147,12454,11,302,403,3948,46,5754,415,9702,California
Tehama,2021-03-26,464,15638,356,2774,95,12549,13,315,387,4273,77,5831,402,10104,California
Tehama,2021-03-27,405,16043,340,3114,65,12614,0,315,365,4598,40,5871,365,10469,California
Tehama,2021-03-28,35,16078,14,3128,21,12635,0,315,22,4607,13,5884,22,10491,California
Tehama,2021-03-29,66,16144,7,3135,59,12694,0,315,45,4631,21,5905,45,10536,California
Trinity,2020-12-17,4,4,4,4,0,0,0,0,4,4,0,0,4,4,California
Trinity,2020-12-18,2,6,2,6,0,0,0,0,2,6,0,0,2,6,California
Trinity,2020-12-21,38,44,38,44,0,0,0,0,38,44,0,0,38,44,California
Trinity,2020-12-22,5,49,5,49,0,0,0,0,5,49,0,0,5,49,California
Trinity,2020-12-23,5,54,5,54,0,0,0,0,5,54,0,0,5,54,California
Trinity,2020-12-28,30,84,30,84,0,0,0,0,30,84,0,0,30,84,California
Trinity,2020-12-29,8,92,7,91,1,1,0,0,8,92,0,0,8,92,California
Trinity,2020-12-30,10,102,8,99,2,3,0,0,10,102,0,0,10,102,California
Trinity,2020-12-31,2,104,1,100,1,4,0,0,2,104,0,0,2,104,California
Trinity,2021-01-04,27,131,1,101,26,30,0,0,26,130,0,0,26,130,California
Trinity,2021-01-05,2,133,1,102,1,31,0,0,2,132,0,0,2,132,California
Trinity,2021-01-06,23,156,4,106,19,50,0,0,19,147,4,4,19,151,California
Trinity,2021-01-08,49,205,2,108,47,97,0,0,47,192,2,6,47,198,California
Trinity,2021-01-11,40,245,39,147,1,98,0,0,2,156,38,44,2,200,California
Trinity,2021-01-12,8,253,6,153,2,100,0,0,3,154,5,49,3,203,California
Trinity,2021-01-13,7,260,4,157,3,103,0,0,4,155,3,52,4,207,California
Trinity,2021-01-14,3,263,1,158,2,105,0,0,3,158,0,52,3,210,California
Trinity,2021-01-16,4,267,0,158,4,109,0,0,4,162,0,52,4,214,California
Trinity,2021-01-18,31,298,31,189,0,109,0,0,1,133,30,82,1,215,California
Trinity,2021-01-19,31,329,14,203,17,126,0,0,17,136,14,96,17,232,California
Trinity,2021-01-20,18,347,2,205,16,142,0,0,16,150,2,98,16,248,California
Trinity,2021-01-21,16,363,6,211,10,152,0,0,16,166,0,98,16,264,California
Trinity,2021-01-22,4,367,0,211,4,156,0,0,4,170,0,98,4,268,California
Trinity,2021-01-23,6,373,2,213,4,160,0,0,6,176,0,98,6,274,California
Trinity,2021-01-25,14,387,1,214,13,173,0,0,13,188,1,99,13,287,California
Trinity,2021-01-26,10,397,1,215,9,182,0,0,9,196,1,100,9,296,California
Trinity,2021-01-27,12,409,0,215,12,194,0,0,12,208,0,100,12,308,California
Trinity,2021-01-28,13,422,3,218,10,204,0,0,10,215,3,103,10,318,California
Trinity,2021-01-29,3,425,1,219,2,206,0,0,2,216,1,104,2,320,California
Trinity,2021-01-30,13,438,11,230,2,208,0,0,13,229,0,104,13,333,California
Trinity,2021-01-31,1,439,1,231,0,208,0,0,1,230,0,104,1,334,California
Trinity,2021-02-01,2,441,1,232,1,209,0,0,1,230,1,105,1,335,California
Trinity,2021-02-02,13,454,3,235,10,219,0,0,13,243,0,105,13,348,California
Trinity,2021-02-03,6,460,1,236,5,224,0,0,3,243,3,108,3,351,California
Trinity,2021-02-04,36,496,32,268,4,228,0,0,34,275,2,110,34,385,California
Trinity,2021-02-05,348,844,0,268,348,576,0,0,318,563,30,140,318,703,California
Trinity,2021-02-06,208,1052,3,271,205,781,0,0,201,757,7,147,201,904,California
Trinity,2021-02-08,24,1076,1,272,23,804,0,0,16,765,8,155,16,920,California
Trinity,2021-02-09,21,1097,2,274,19,823,0,0,6,756,15,170,6,926,California
Trinity,2021-02-10,121,1218,8,282,113,936,0,0,103,841,18,188,103,1029,California
Trinity,2021-02-11,302,1520,2,284,300,1236,0,0,296,1131,6,194,296,1325,California
Trinity,2021-02-12,9,1529,6,290,3,1239,0,0,9,1140,0,194,9,1334,California
Trinity,2021-02-13,11,1540,4,294,7,1246,0,0,5,1139,6,200,5,1339,California
Trinity,2021-02-14,2,1542,2,296,0,1246,0,0,2,1141,0,200,2,1341,California
Trinity,2021-02-15,47,1589,0,296,47,1293,0,0,47,1188,0,200,47,1388,California
Trinity,2021-02-16,7,1596,2,298,5,1298,0,0,3,1188,4,204,4,1392,California
Trinity,2021-02-17,94,1690,2,300,92,1390,0,0,84,1262,10,214,84,1476,California
Trinity,2021-02-18,4,1694,0,300,4,1394,0,0,1,1260,3,217,1,1477,California
Trinity,2021-02-19,211,1905,2,302,209,1603,0,0,198,1445,13,230,198,1675,California
Trinity,2021-02-20,141,2046,13,315,128,1731,0,0,114,1532,27,257,114,1789,California
Trinity,2021-02-22,3,2049,0,315,3,1734,0,0,0,1529,3,260,0,1789,California
Trinity,2021-02-23,8,2057,4,319,4,1738,0,0,3,1527,5,265,3,1792,California
Trinity,2021-02-24,28,2085,8,327,20,1758,0,0,7,1513,21,286,7,1799,California
Trinity,2021-02-25,36,2121,23,350,13,1771,0,0,5,1487,31,317,5,1804,California
Trinity,2021-02-26,11,2132,1,351,10,1781,0,0,5,1486,6,323,5,1809,California
Trinity,2021-02-27,8,2140,5,356,3,1784,0,0,5,1488,3,326,5,1814,California
Trinity,2021-02-28,1,2141,1,357,0,1784,0,0,1,1489,0,326,1,1815,California
Trinity,2021-03-01,8,2149,0,357,8,1792,0,0,5,1491,3,329,5,1820,California
Trinity,2021-03-02,9,2158,4,361,5,1797,0,0,1,1484,8,337,1,1821,California
Trinity,2021-03-03,5,2163,0,361,5,1802,0,0,4,1487,1,338,4,1825,California
Trinity,2021-03-04,15,2178,10,371,5,1807,0,0,13,1498,2,340,13,1838,California
Trinity,2021-03-05,282,2460,1,372,280,2087,1,1,33,1285,247,587,34,1872,California
Trinity,2021-03-06,186,2646,7,379,179,2266,0,1,21,1141,165,752,21,1893,California
Trinity,2021-03-07,3,2649,3,382,0,2266,0,1,2,1142,1,753,2,1895,California
Trinity,2021-03-08,5,2654,0,382,3,2269,2,3,2,1143,3,756,4,1899,California
Trinity,2021-03-09,95,2749,1,383,91,2360,3,6,90,1231,5,761,93,1992,California
Trinity,2021-03-10,128,2877,6,389,121,2481,1,7,41,1186,87,848,42,2034,California
Trinity,2021-03-11,12,2889,4,393,5,2486,3,10,7,1191,5,853,10,2044,California
Trinity,2021-03-12,325,3214,4,397,316,2802,5,15,61,993,264,1117,66,2110,California
Trinity,2021-03-13,10,3224,7,404,2,2804,1,16,7,998,3,1120,8,2118,California
Trinity,2021-03-15,67,3291,0,404,66,2870,1,17,14,960,53,1173,15,2133,California
Trinity,2021-03-16,112,3403,7,411,105,2975,0,17,99,1046,13,1186,99,2232,California
Trinity,2021-03-17,105,3508,4,415,101,3076,0,17,30,1001,75,1261,30,2262,California
Trinity,2021-03-18,11,3519,5,420,5,3081,1,18,8,1007,3,1264,9,2271,California
Trinity,2021-03-19,356,3875,5,425,246,3327,105,123,31,818,325,1589,136,2407,California
Trinity,2021-03-20,61,3936,8,433,53,3380,0,123,38,833,23,1612,38,2445,California
Trinity,2021-03-21,3,3939,1,434,0,3380,2,125,0,832,3,1615,2,2447,California
Trinity,2021-03-22,4,3943,2,436,2,3382,0,125,4,836,0,1615,4,2451,California
Trinity,2021-03-23,95,4038,1,437,94,3476,0,125,77,895,18,1633,77,2528,California
Trinity,2021-03-24,11,4049,2,439,9,3485,0,125,11,906,0,1633,11,2539,California
Trinity,2021-03-25,106,4155,6,445,93,3578,7,132,83,973,23,1656,90,2629,California
Trinity,2021-03-26,12,4167,1,446,11,3589,0,132,6,973,6,1662,6,2635,California
Trinity,2021-03-27,7,4174,5,451,2,3591,0,132,3,972,4,1666,3,2638,California
Trinity,2021-03-28,7,4181,4,455,3,3594,0,132,2,969,5,1671,2,2640,California
Trinity,2021-03-29,1,4182,0,455,1,3595,0,132,1,970,0,1671,1,2641,California
Tulare,2020-12-16,3,3,3,3,0,0,0,0,3,3,0,0,3,3,California
Tulare,2020-12-17,110,113,110,113,0,0,0,0,110,113,0,0,110,113,California
Tulare,2020-12-18,291,404,291,404,0,0,0,0,291,404,0,0,291,404,California
Tulare,2020-12-19,327,731,327,731,0,0,0,0,327,731,0,0,327,731,California
Tulare,2020-12-20,167,898,167,898,0,0,0,0,167,898,0,0,167,898,California
Tulare,2020-12-21,422,1320,422,1320,0,0,0,0,442,1340,0,0,442,1340,California
Tulare,2020-12-22,469,1789,467,1787,2,2,0,0,468,1808,0,0,468,1808,California
Tulare,2020-12-23,330,2119,322,2109,8,10,0,0,328,2136,0,0,328,2136,California
Tulare,2020-12-24,18,2137,16,2125,2,12,0,0,18,2154,0,0,18,2154,California
Tulare,2020-12-26,8,2145,7,2132,1,13,0,0,8,2162,0,0,8,2162,California
Tulare,2020-12-27,16,2161,12,2144,4,17,0,0,16,2178,0,0,16,2178,California
Tulare,2020-12-28,484,2645,472,2616,12,29,0,0,483,2661,0,0,483,2661,California
Tulare,2020-12-29,545,3190,477,3093,68,97,0,0,545,3206,0,0,545,3206,California
Tulare,2020-12-30,472,3662,435,3528,37,134,0,0,472,3678,0,0,472,3678,California
Tulare,2020-12-31,95,3757,22,3550,73,207,0,0,95,3773,0,0,95,3773,California
Tulare,2021-01-01,1,3758,0,3550,1,208,0,0,1,3774,0,0,1,3774,California
Tulare,2021-01-02,27,3785,18,3568,9,217,0,0,27,3801,0,0,27,3801,California
Tulare,2021-01-03,22,3807,9,3577,13,230,0,0,22,3823,0,0,22,3823,California
Tulare,2021-01-04,92,3899,16,3593,76,306,0,0,92,3915,0,0,92,3915,California
Tulare,2021-01-05,462,4361,279,3872,183,489,0,0,460,4373,2,2,460,4375,California
Tulare,2021-01-06,863,5224,636,4508,227,716,0,0,853,5216,10,12,853,5228,California
Tulare,2021-01-07,782,6006,582,5090,200,916,0,0,676,5786,106,118,676,5904,California
Tulare,2021-01-08,1264,7270,575,5665,689,1605,0,0,926,6375,337,455,926,6830,California
Tulare,2021-01-09,739,8009,203,5868,536,2141,0,0,552,6740,187,642,552,7382,California
Tulare,2021-01-10,49,8058,43,5911,6,2147,0,0,10,6711,39,681,10,7392,California
Tulare,2021-01-11,1203,9261,765,6676,438,2585,0,0,768,7044,435,1116,768,8160,California
Tulare,2021-01-12,1396,10657,486,7162,910,3495,0,0,990,7629,406,1522,991,9151,California
Tulare,2021-01-13,452,11109,227,7389,225,3720,0,0,377,7931,75,1597,377,9528,California
Tulare,2021-01-14,491,11600,141,7530,350,4070,0,0,465,8381,15,1612,465,9993,California
Tulare,2021-01-15,1603,13203,148,7678,1455,5525,0,0,1594,9966,9,1621,1594,11587,California
Tulare,2021-01-16,1872,15075,113,7791,1759,7284,0,0,1859,11812,13,1634,1859,13446,California
Tulare,2021-01-17,140,15215,121,7912,19,7303,0,0,129,11930,11,1645,129,13575,California
Tulare,2021-01-18,695,15910,662,8574,33,7336,0,0,294,11823,401,2046,294,13869,California
Tulare,2021-01-19,1004,16914,681,9255,323,7659,0,0,577,11973,427,2473,577,14446,California
Tulare,2021-01-20,2370,19284,560,9815,1810,9469,0,0,1988,13579,382,2855,1988,16434,California
Tulare,2021-01-21,1503,20787,149,9964,1354,10823,0,0,1477,15035,21,2876,1477,17911,California
Tulare,2021-01-22,1048,21835,185,10149,863,11686,0,0,1024,16036,23,2899,1024,18935,California
Tulare,2021-01-23,438,22273,157,10306,281,11967,0,0,416,16430,22,2921,416,19351,California
Tulare,2021-01-24,29,22302,27,10333,2,11969,0,0,27,16455,2,2923,27,19378,California
Tulare,2021-01-25,1301,23603,955,11288,346,12315,0,0,1273,17700,28,2951,1273,20651,California
Tulare,2021-01-26,1497,25100,1100,12388,397,12712,0,0,1173,18550,323,3274,1173,21824,California
Tulare,2021-01-27,1458,26558,1071,13459,387,13099,0,0,878,18848,580,3854,878,22702,California
Tulare,2021-01-28,1191,27749,764,14223,427,13526,0,0,799,19255,392,4246,799,23501,California
Tulare,2021-01-29,1126,28875,718,14941,408,13934,0,0,818,19765,308,4554,818,24319,California
Tulare,2021-01-30,1672,30547,1582,16523,90,14024,0,0,1649,21392,23,4577,1650,25969,California
Tulare,2021-01-31,50,30597,47,16570,3,14027,0,0,48,21438,2,4579,48,26017,California
Tulare,2021-02-01,1165,31762,902,17472,263,14290,0,0,816,21906,348,4927,816,26833,California
Tulare,2021-02-02,674,32436,328,17800,346,14636,0,0,445,22124,227,5154,445,27278,California
Tulare,2021-02-03,605,33041,282,18082,323,14959,0,0,332,22185,271,5425,332,27610,California
Tulare,2021-02-04,551,33592,165,18247,386,15345,0,0,264,22163,287,5712,265,27875,California
Tulare,2021-02-05,1225,34817,229,18476,996,16341,0,0,413,21766,810,6522,413,28288,California
Tulare,2021-02-06,836,35653,152,18628,684,17025,0,0,272,21476,562,7084,272,28560,California
Tulare,2021-02-07,76,35729,64,18692,12,17037,0,0,23,21446,53,7137,23,28583,California
Tulare,2021-02-08,947,36676,335,19027,612,17649,0,0,308,21118,636,7773,308,28891,California
Tulare,2021-02-09,1401,38077,323,19350,1078,18727,0,0,358,20437,1039,8812,358,29249,California
Tulare,2021-02-10,2451,40528,1984,21334,467,19194,0,0,2069,22127,379,9191,2069,31318,California
Tulare,2021-02-11,1303,41831,375,21709,928,20122,0,0,923,22670,380,9571,923,32241,California
Tulare,2021-02-12,2777,44608,579,22288,2198,22320,0,0,1224,22349,1546,11117,1225,33466,California
Tulare,2021-02-13,2447,47055,157,22445,2290,24610,0,0,666,21237,1778,12895,666,34132,California
Tulare,2021-02-14,328,47383,36,22481,292,24902,0,0,295,21499,33,12928,295,34427,California
Tulare,2021-02-15,913,48296,292,22773,621,25523,0,0,657,21901,255,13183,657,35084,California
Tulare,2021-02-16,2816,51112,1602,24375,1214,26737,0,0,1082,21249,1734,14917,1082,36166,California
Tulare,2021-02-17,2691,53803,513,24888,2178,28915,0,0,461,19485,2226,17143,462,36628,California
Tulare,2021-02-18,2262,56065,433,25321,1829,30744,0,0,604,18439,1650,18793,604,37232,California
Tulare,2021-02-19,2283,58348,847,26168,1436,32180,0,0,940,18038,1341,20134,940,38172,California
Tulare,2021-02-20,2974,61322,1876,28044,1098,33278,0,0,1252,17573,1717,21851,1252,39424,California
Tulare,2021-02-21,65,61387,61,28105,4,33282,0,0,41,17590,24,21875,41,39465,California
Tulare,2021-02-22,1105,62492,699,28804,406,33688,0,0,222,16930,882,22757,222,39687,California
Tulare,2021-02-23,1926,64418,929,29733,997,34685,0,0,1440,17885,485,23242,1440,41127,California
Tulare,2021-02-24,2417,66835,1537,31270,880,35565,0,0,2039,19548,377,23619,2040,43167,California
Tulare,2021-02-25,3388,70223,1880,33150,1508,37073,0,0,2971,22107,412,24031,2971,46138,California
Tulare,2021-02-26,3757,73980,1864,35014,1893,38966,0,0,3324,25001,430,24461,3324,49462,California
Tulare,2021-02-27,2849,76829,1390,36404,1459,40425,0,0,2720,27602,119,24580,2720,52182,California
Tulare,2021-02-28,1300,78129,1031,37435,269,40694,0,0,1280,28865,17,24597,1280,53462,California
Tulare,2021-03-01,1687,79816,762,38197,925,41619,0,0,1511,30201,175,24772,1511,54973,California
Tulare,2021-03-02,2482,82298,1058,39255,1424,43043,0,0,2319,32363,159,24931,2321,57294,California
Tulare,2021-03-03,3568,85866,2388,41643,1180,44223,0,0,1691,32181,1876,26807,1694,58988,California
Tulare,2021-03-04,2795,88661,1271,42914,1524,45747,0,0,2482,34355,309,27116,2483,61471,California
Tulare,2021-03-05,3111,91772,1604,44518,1494,47241,13,13,2651,36566,456,27572,2667,64138,California
Tulare,2021-03-06,2895,94667,1348,45866,1491,48732,56,69,2654,39036,238,27810,2708,66846,California
Tulare,2021-03-07,1047,95714,641,46507,388,49120,18,87,1010,40027,37,27847,1028,67874,California
Tulare,2021-03-08,1317,97031,684,47191,474,49594,159,246,1035,40940,281,28128,1194,69068,California
Tulare,2021-03-09,2018,99049,1071,48262,801,50395,146,392,1683,42435,335,28463,1830,70898,California
Tulare,2021-03-10,2235,101284,1054,49316,1068,51463,113,505,1919,44161,306,28769,2032,72930,California
Tulare,2021-03-11,3676,104960,1721,51037,1727,53190,228,733,2832,46384,838,29607,3061,75991,California
Tulare,2021-03-12,3679,108639,2012,53049,1405,54595,262,995,2655,48291,1012,30619,2919,78910,California
Tulare,2021-03-13,3423,112062,1604,54653,1711,56306,108,1103,2684,50347,736,31355,2792,81702,California
Tulare,2021-03-14,1579,113641,882,55535,479,56785,218,1321,1193,51374,384,31739,1411,83113,California
Tulare,2021-03-15,2577,116218,1480,57015,979,57764,118,1439,1815,52547,761,32500,1934,85047,California
Tulare,2021-03-16,3305,119523,2021,59036,1207,58971,77,1516,1790,52908,1511,34011,1872,86919,California
Tulare,2021-03-17,3650,123173,2397,61433,1188,60159,65,1581,2019,53372,1626,35637,2090,89009,California
Tulare,2021-03-18,3944,127117,2955,64388,924,61083,65,1646,2101,53702,1837,37474,2167,91176,California
Tulare,2021-03-19,4203,131320,2694,67082,1343,62426,166,1812,2211,54105,1978,39452,2381,93557,California
Tulare,2021-03-20,2982,134302,1789,68871,936,63362,257,2069,1368,54125,1608,41060,1628,95185,California
Tulare,2021-03-21,1810,136112,1544,70415,240,63602,26,2095,926,54196,881,41941,952,96137,California
Tulare,2021-03-22,2403,138515,1668,72083,626,64228,109,2204,1594,55099,802,42743,1705,97842,California
Tulare,2021-03-23,3486,142001,1983,74066,1458,65686,45,2249,1990,55654,1487,44230,2042,99884,California
Tulare,2021-03-24,2982,144983,1821,75887,1119,66805,42,2291,1810,56345,1167,45397,1858,101742,California
Tulare,2021-03-25,2951,147934,1522,77409,1357,68162,72,2363,1421,56328,1524,46921,1507,103249,California
Tulare,2021-03-26,4785,152719,2887,80296,1804,69966,94,2457,2325,56331,2443,49364,2446,105695,California
Tulare,2021-03-27,3324,156043,1654,81950,1575,71541,95,2552,925,54995,2392,51756,1056,106751,California
Tulare,2021-03-28,1365,157408,998,82948,367,71908,0,2552,683,55006,680,52436,691,107442,California
Tulare,2021-03-29,1477,158885,952,83900,491,72399,34,2586,875,55326,600,53036,920,108362,California
Tuolumne,2020-12-16,46,46,46,46,0,0,0,0,46,46,0,0,46,46,California
Tuolumne,2020-12-17,23,69,23,69,0,0,0,0,23,69,0,0,23,69,California
Tuolumne,2020-12-18,174,243,173,242,1,1,0,0,174,243,0,0,174,243,California
Tuolumne,2020-12-19,7,250,7,249,0,1,0,0,7,250,0,0,7,250,California
Tuolumne,2020-12-20,1,251,1,250,0,1,0,0,1,251,0,0,1,251,California
Tuolumne,2020-12-21,115,366,101,351,14,15,0,0,115,366,0,0,115,366,California
Tuolumne,2020-12-22,169,535,169,520,0,15,0,0,169,535,0,0,169,535,California
Tuolumne,2020-12-23,192,727,190,710,2,17,0,0,192,727,0,0,192,727,California
Tuolumne,2020-12-26,3,730,3,713,0,17,0,0,3,730,0,0,3,730,California
Tuolumne,2020-12-28,78,808,77,790,1,18,0,0,78,808,0,0,78,808,California
Tuolumne,2020-12-29,111,919,40,830,71,89,0,0,111,919,0,0,111,919,California
Tuolumne,2020-12-30,80,999,22,852,58,147,0,0,80,999,0,0,80,999,California
Tuolumne,2020-12-31,27,1026,20,872,7,154,0,0,27,1026,0,0,27,1026,California
Tuolumne,2021-01-01,6,1032,5,877,1,155,0,0,6,1032,0,0,6,1032,California
Tuolumne,2021-01-02,118,1150,115,992,3,158,0,0,118,1150,0,0,118,1150,California
Tuolumne,2021-01-03,3,1153,2,994,1,159,0,0,3,1153,0,0,3,1153,California
Tuolumne,2021-01-04,70,1223,27,1021,43,202,0,0,70,1223,0,0,70,1223,California
Tuolumne,2021-01-05,95,1318,26,1047,69,271,0,0,93,1314,2,2,93,1316,California
Tuolumne,2021-01-06,112,1430,52,1099,60,331,0,0,68,1338,44,46,68,1384,California
Tuolumne,2021-01-07,119,1549,61,1160,58,389,0,0,65,1349,54,100,65,1449,California
Tuolumne,2021-01-08,178,1727,153,1313,25,414,0,0,27,1228,150,250,29,1478,California
Tuolumne,2021-01-09,1,1728,0,1313,1,415,0,0,1,1229,0,250,1,1479,California
Tuolumne,2021-01-10,3,1731,1,1314,2,417,0,0,3,1232,0,250,3,1482,California
Tuolumne,2021-01-11,117,1848,90,1404,27,444,0,0,34,1183,83,333,34,1516,California
Tuolumne,2021-01-12,102,1950,86,1490,16,460,0,0,17,1116,85,418,18,1534,California
Tuolumne,2021-01-13,239,2189,129,1619,110,570,0,0,184,1246,55,473,185,1719,California
Tuolumne,2021-01-14,129,2318,92,1711,37,607,0,0,42,1202,86,559,42,1761,California
Tuolumne,2021-01-15,476,2794,71,1782,405,1012,0,0,414,1556,61,620,415,2176,California
Tuolumne,2021-01-16,6,2800,2,1784,4,1016,0,0,5,1560,1,621,5,2181,California
Tuolumne,2021-01-17,4,2804,1,1785,3,1019,0,0,4,1564,0,621,4,2185,California
Tuolumne,2021-01-18,46,2850,38,1823,8,1027,0,0,8,1535,37,658,8,2193,California
Tuolumne,2021-01-19,472,3322,70,1893,402,1429,0,0,429,1921,43,701,429,2622,California
Tuolumne,2021-01-20,76,3398,60,1953,16,1445,0,0,23,1891,53,754,23,2645,California
Tuolumne,2021-01-21,57,3455,22,1975,35,1480,0,0,41,1917,16,770,42,2687,California
Tuolumne,2021-01-22,180,3635,13,1988,167,1647,0,0,174,2085,6,776,174,2861,California
Tuolumne,2021-01-23,666,4301,146,2134,520,2167,0,0,553,2535,113,889,563,3424,California
Tuolumne,2021-01-24,526,4827,1,2135,525,2692,0,0,522,3055,3,892,523,3947,California
Tuolumne,2021-01-25,48,4875,27,2162,21,2713,0,0,22,3052,26,918,23,3970,California
Tuolumne,2021-01-26,80,4955,68,2230,12,2725,0,0,40,3053,40,958,41,4011,California
Tuolumne,2021-01-27,60,5015,4,2234,56,2781,0,0,7,3008,52,1010,7,4018,California
Tuolumne,2021-01-28,27,5042,7,2241,20,2801,0,0,18,3017,9,1019,18,4036,California
Tuolumne,2021-01-29,71,5113,7,2248,64,2865,0,0,33,3012,38,1057,33,4069,California
Tuolumne,2021-01-30,711,5824,554,2802,157,3022,0,0,691,3696,20,1077,704,4773,California
Tuolumne,2021-01-31,8,5832,2,2804,6,3028,0,0,5,3698,3,1080,5,4778,California
Tuolumne,2021-02-01,25,5857,6,2810,19,3047,0,0,22,3717,3,1083,22,4800,California
Tuolumne,2021-02-02,650,6507,36,2846,614,3661,0,0,640,4348,9,1092,640,5440,California
Tuolumne,2021-02-03,239,6746,108,2954,131,3792,0,0,85,4279,154,1246,85,5525,California
Tuolumne,2021-02-04,127,6873,14,2968,113,3905,0,0,66,4282,63,1309,66,5591,California
Tuolumne,2021-02-05,102,6975,14,2982,88,3993,0,0,37,4256,63,1372,37,5628,California
Tuolumne,2021-02-06,851,7826,579,3561,272,4265,0,0,850,5105,1,1373,850,6478,California
Tuolumne,2021-02-07,7,7833,4,3565,3,4268,0,0,3,5104,4,1377,3,6481,California
Tuolumne,2021-02-08,90,7923,39,3604,51,4319,0,0,67,5148,23,1400,67,6548,California
Tuolumne,2021-02-09,865,8788,47,3651,818,5137,0,0,829,5941,36,1436,829,7377,California
Tuolumne,2021-02-10,91,8879,13,3664,78,5215,0,0,29,5910,60,1496,29,7406,California
Tuolumne,2021-02-11,139,9018,66,3730,73,5288,0,0,76,5923,63,1559,76,7482,California
Tuolumne,2021-02-12,643,9661,12,3742,631,5919,0,0,204,5689,439,1998,205,7687,California
Tuolumne,2021-02-13,146,9807,41,3783,105,6024,0,0,115,5779,25,2023,115,7802,California
Tuolumne,2021-02-14,147,9954,12,3795,135,6159,0,0,146,5924,1,2024,146,7948,California
Tuolumne,2021-02-15,182,10136,10,3805,172,6331,0,0,172,6087,10,2034,173,8121,California
Tuolumne,2021-02-16,525,10661,18,3823,507,6838,0,0,123,5812,400,2434,125,8246,California
Tuolumne,2021-02-17,104,10765,62,3885,42,6880,0,0,63,5835,40,2474,63,8309,California
Tuolumne,2021-02-18,685,11450,21,3906,664,7544,0,0,636,6422,49,2523,636,8945,California
Tuolumne,2021-02-19,133,11583,21,3927,112,7656,0,0,43,6375,90,2613,43,8988,California
Tuolumne,2021-02-20,908,12491,343,4270,565,8221,0,0,388,6256,508,3121,389,9377,California
Tuolumne,2021-02-21,978,13469,32,4302,946,9167,0,0,473,6227,502,3623,473,9850,California
Tuolumne,2021-02-22,76,13545,54,4356,22,9189,0,0,46,6243,30,3653,46,9896,California
Tuolumne,2021-02-23,41,13586,21,4377,20,9209,0,0,22,6247,18,3671,22,9918,California
Tuolumne,2021-02-24,90,13676,59,4436,31,9240,0,0,38,6240,51,3722,44,9962,California
Tuolumne,2021-02-25,1044,14720,31,4467,1013,10253,0,0,1015,7226,29,3751,1015,10977,California
Tuolumne,2021-02-26,144,14864,10,4477,134,10387,0,0,119,7321,25,3776,120,11097,California
Tuolumne,2021-02-27,948,15812,575,5052,373,10760,0,0,245,6877,689,4465,245,11342,California
Tuolumne,2021-02-28,53,15865,4,5056,49,10809,0,0,51,6927,1,4466,51,11393,California
Tuolumne,2021-03-01,104,15969,21,5077,83,10892,0,0,71,6968,32,4498,73,11466,California
Tuolumne,2021-03-02,706,16675,71,5148,635,11527,0,0,104,6470,602,5100,104,11570,California
Tuolumne,2021-03-03,80,16755,22,5170,58,11585,0,0,55,6501,25,5125,56,11626,California
Tuolumne,2021-03-04,1143,17898,67,5237,1076,12661,0,0,1084,7526,59,5184,1084,12710,California
Tuolumne,2021-03-05,76,17974,9,5246,67,12728,0,0,44,7541,30,5214,45,12755,California
Tuolumne,2021-03-06,1041,19015,603,5849,436,13164,2,2,191,6886,849,6063,194,12949,California
Tuolumne,2021-03-07,34,19049,11,5860,10,13174,13,15,12,6890,22,6085,26,12975,California
Tuolumne,2021-03-08,199,19248,88,5948,104,13278,7,22,140,6981,59,6144,150,13125,California
Tuolumne,2021-03-09,880,20128,16,5964,854,14132,10,32,79,6270,800,6944,89,13214,California
Tuolumne,2021-03-10,94,20222,15,5979,69,14201,10,42,53,6293,40,6984,63,13277,California
Tuolumne,2021-03-11,1254,21476,29,6008,1221,15422,4,46,1214,7475,39,7023,1221,14498,California
Tuolumne,2021-03-12,258,21734,33,6041,210,15632,15,61,111,7495,145,7168,165,14663,California
Tuolumne,2021-03-13,59,21793,12,6053,47,15679,0,61,17,7493,42,7210,40,14703,California
Tuolumne,2021-03-14,83,21876,8,6061,66,15745,9,70,2,7428,81,7291,16,14719,California
Tuolumne,2021-03-15,303,22179,78,6139,223,15968,2,72,108,7354,194,7485,120,14839,California
Tuolumne,2021-03-16,795,22974,39,6178,745,16713,11,83,660,7892,134,7619,672,15511,California
Tuolumne,2021-03-17,140,23114,30,6208,97,16810,13,96,63,7891,77,7696,76,15587,California
Tuolumne,2021-03-18,940,24054,20,6228,903,17713,17,113,305,7579,635,8331,323,15910,California
Tuolumne,2021-03-19,120,24174,14,6242,74,17787,32,145,60,7612,59,8390,92,16002,California
Tuolumne,2021-03-20,69,24243,5,6247,56,17843,8,153,29,7610,40,8430,38,16040,California
Tuolumne,2021-03-21,837,25080,393,6640,435,18278,9,162,44,6871,792,9222,53,16093,California
Tuolumne,2021-03-22,165,25245,72,6712,74,18352,19,181,97,6919,68,9290,116,16209,California
Tuolumne,2021-03-23,692,25937,603,7315,76,18428,13,194,660,7560,32,9322,673,16882,California
Tuolumne,2021-03-24,110,26047,21,7336,71,18499,18,212,78,7626,30,9352,96,16978,California
Tuolumne,2021-03-25,1183,27230,18,7354,1162,19661,3,215,292,7031,890,10242,295,17273,California
Tuolumne,2021-03-26,266,27496,12,7366,231,19892,23,238,112,7031,135,10377,135,17408,California
Tuolumne,2021-03-27,561,28057,49,7415,512,20404,0,238,306,7083,255,10632,307,17715,California
Tuolumne,2021-03-28,47,28104,6,7421,41,20445,0,238,10,7058,37,10669,12,17727,California
Tuolumne,2021-03-29,209,28313,69,7490,140,20585,0,238,174,7198,34,10703,174,17901,California
Ventura,2020-12-15,5,5,5,5,0,0,0,0,5,5,0,0,5,5,California
Ventura,2020-12-16,70,75,70,75,0,0,0,0,70,75,0,0,70,75,California
Ventura,2020-12-17,249,324,249,324,0,0,0,0,249,324,0,0,249,324,California
Ventura,2020-12-18,1408,1732,1408,1732,0,0,0,0,1408,1732,0,0,1408,1732,California
Ventura,2020-12-19,913,2645,913,2645,0,0,0,0,913,2645,0,0,913,2645,California
Ventura,2020-12-20,430,3075,430,3075,0,0,0,0,430,3075,0,0,430,3075,California
Ventura,2020-12-21,1465,4540,1465,4540,0,0,0,0,1465,4540,0,0,1465,4540,California
Ventura,2020-12-22,1102,5642,1098,5638,4,4,0,0,1102,5642,0,0,1102,5642,California
Ventura,2020-12-23,1025,6667,979,6617,46,50,0,0,1025,6667,0,0,1025,6667,California
Ventura,2020-12-24,476,7143,379,6996,97,147,0,0,476,7143,0,0,476,7143,California
Ventura,2020-12-25,11,7154,7,7003,4,151,0,0,11,7154,0,0,11,7154,California
Ventura,2020-12-26,107,7261,86,7089,21,172,0,0,107,7261,0,0,107,7261,California
Ventura,2020-12-27,58,7319,27,7116,31,203,0,0,58,7319,0,0,58,7319,California
Ventura,2020-12-28,1064,8383,926,8042,138,341,0,0,1064,8383,0,0,1064,8383,California
Ventura,2020-12-29,1165,9548,762,8804,403,744,0,0,1165,9548,0,0,1165,9548,California
Ventura,2020-12-30,1985,11533,1518,10322,467,1211,0,0,1985,11533,0,0,1985,11533,California
Ventura,2020-12-31,473,12006,162,10484,311,1522,0,0,473,12006,0,0,473,12006,California
Ventura,2021-01-01,14,12020,4,10488,10,1532,0,0,14,12020,0,0,14,12020,California
Ventura,2021-01-02,170,12190,78,10566,92,1624,0,0,170,12190,0,0,170,12190,California
Ventura,2021-01-03,15,12205,8,10574,7,1631,0,0,15,12205,0,0,15,12205,California
Ventura,2021-01-04,1076,13281,547,11121,529,2160,0,0,1075,13280,0,0,1075,13280,California
Ventura,2021-01-05,1370,14651,776,11897,594,2754,0,0,1330,14570,40,40,1330,14610,California
Ventura,2021-01-06,2046,16697,1174,13071,872,3626,0,0,1617,15769,420,460,1619,16229,California
Ventura,2021-01-07,2065,18762,1325,14396,740,4366,0,0,1182,16071,881,1341,1183,17412,California
Ventura,2021-01-08,2193,20955,1474,15870,719,5085,0,0,901,15683,1290,2631,902,18314,California
Ventura,2021-01-09,724,21679,503,16373,221,5306,0,0,320,15599,404,3035,320,18634,California
Ventura,2021-01-10,336,22015,324,16697,12,5318,0,0,122,15507,214,3249,122,18756,California
Ventura,2021-01-11,2447,24462,1486,18183,961,6279,0,0,1496,16054,951,4200,1498,20254,California
Ventura,2021-01-12,3027,27489,1601,19784,1426,7705,0,0,2004,17035,1023,5223,2004,22258,California
Ventura,2021-01-13,2925,30414,1421,21205,1504,9209,0,0,2042,18197,881,6104,2043,24301,California
Ventura,2021-01-14,2728,33142,1057,22262,1671,10880,0,0,2284,20039,443,6547,2285,26586,California
Ventura,2021-01-15,2869,36011,959,23221,1910,12790,0,0,2659,22490,210,6757,2661,29247,California
Ventura,2021-01-16,486,36497,189,23410,297,13087,0,0,404,22812,82,6839,404,29651,California
Ventura,2021-01-17,265,36762,139,23549,126,13213,0,0,259,23065,6,6845,259,29910,California
Ventura,2021-01-18,2206,38968,1660,25209,546,13759,0,0,1657,24174,549,7394,1658,31568,California
Ventura,2021-01-19,3024,41992,2113,27322,911,14670,0,0,2132,25418,892,8286,2136,33704,California
Ventura,2021-01-20,4047,46039,3100,30422,947,15617,0,0,3011,27397,1033,9319,3012,36716,California
Ventura,2021-01-21,3831,49870,2667,33089,1164,16781,0,0,3163,29895,665,9984,3163,39879,California
Ventura,2021-01-22,3592,53462,2467,35556,1125,17906,0,0,3430,33164,162,10146,3431,43310,California
Ventura,2021-01-23,1178,54640,644,36200,534,18440,0,0,1078,34145,99,10245,1080,44390,California
Ventura,2021-01-24,449,55089,133,36333,316,18756,0,0,436,34568,13,10258,436,44826,California
Ventura,2021-01-25,3132,58221,2019,38352,1113,19869,0,0,2587,36613,544,10802,2589,47415,California
Ventura,2021-01-26,3671,61892,2170,40522,1501,21370,0,0,2680,38304,990,11792,2681,50096,California
Ventura,2021-01-27,3431,65323,1539,42061,1892,23262,0,0,2693,40262,735,12527,2693,52789,California
Ventura,2021-01-28,3837,69160,1975,44036,1862,25124,0,0,3232,42906,589,13116,3233,56022,California
Ventura,2021-01-29,4227,73387,2501,46537,1726,26850,0,0,3736,46161,481,13597,3736,59758,California
Ventura,2021-01-30,3018,76405,1950,48487,1068,27918,0,0,2851,48849,164,13761,2852,62610,California
Ventura,2021-01-31,827,77232,445,48932,382,28300,0,0,743,49508,84,13845,743,63353,California
Ventura,2021-02-01,3914,81146,2104,51036,1810,30110,0,0,3154,51906,758,14603,3156,66509,California
Ventura,2021-02-02,4389,85535,2363,53399,2026,32136,0,0,3368,54258,1017,15620,3369,69878,California
Ventura,2021-02-03,4442,89977,2085,55484,2357,34493,0,0,3436,56693,1001,16621,3436,73314,California
Ventura,2021-02-04,4743,94720,2268,57752,2475,36968,0,0,3506,58969,1230,17851,3506,76820,California
Ventura,2021-02-05,4808,99528,2306,60058,2502,39470,0,0,3321,60818,1474,19325,3323,80143,California
Ventura,2021-02-06,2817,102345,1509,61567,1308,40778,0,0,2419,62839,398,19723,2419,82562,California
Ventura,2021-02-07,706,103051,240,61807,466,41244,0,0,578,63290,128,19851,579,83141,California
Ventura,2021-02-08,3478,106529,1619,63426,1859,43103,0,0,2414,64644,1060,20911,2414,85555,California
Ventura,2021-02-09,4704,111233,1970,65396,2734,45837,0,0,2464,64872,2239,23150,2467,88022,California
Ventura,2021-02-10,4668,115901,2217,67613,2451,48288,0,0,2374,64963,2284,25434,2375,90397,California
Ventura,2021-02-11,4626,120527,1851,69464,2775,51063,0,0,2427,65200,2192,27626,2429,92826,California
Ventura,2021-02-12,6277,126804,2642,72106,3635,54698,0,0,3206,65337,3069,30695,3206,96032,California
Ventura,2021-02-13,3272,130076,1820,73926,1452,56150,0,0,1827,65725,1441,32136,1829,97861,California
Ventura,2021-02-14,1216,131292,121,74047,1095,57245,0,0,1002,66514,214,32350,1003,98864,California
Ventura,2021-02-15,3971,135263,1786,75833,2185,59430,0,0,2106,66757,1863,34213,2106,100970,California
Ventura,2021-02-16,5514,140777,2695,78528,2819,62249,0,0,3011,67270,2499,36712,3012,103982,California
Ventura,2021-02-17,5213,145990,1911,80439,3302,65551,0,0,3265,68595,1940,38652,3265,107247,California
Ventura,2021-02-18,5741,151731,1815,82254,3926,69477,0,0,3617,70095,2117,40769,3617,110864,California
Ventura,2021-02-19,6414,158145,3752,86006,2662,72139,0,0,2984,69662,3425,44194,2992,113856,California
Ventura,2021-02-20,4896,163041,3142,89148,1754,73893,0,0,2754,70279,2138,46332,2755,116611,California
Ventura,2021-02-21,984,164025,702,89850,282,74175,0,0,414,70127,566,46898,414,117025,California
Ventura,2021-02-22,5321,169346,2378,92228,2943,77118,0,0,3440,71694,1873,48771,3440,120465,California
Ventura,2021-02-23,5919,175265,2953,95181,2966,80084,0,0,3424,72643,2478,51249,3427,123892,California
Ventura,2021-02-24,6927,182192,2583,97764,4344,84428,0,0,4201,74132,2712,53961,4201,128093,California
Ventura,2021-02-25,7460,189652,2563,100327,4897,89325,0,0,4559,75805,2889,56850,4562,132655,California
Ventura,2021-02-26,9295,198947,2762,103089,6533,95858,0,0,6155,78843,3121,59971,6159,138814,California
Ventura,2021-02-27,9967,208914,5259,108348,4708,100566,0,0,7375,83648,2577,62548,7382,146196,California
Ventura,2021-02-28,2554,211468,1626,109974,927,101493,1,1,2098,85293,453,63001,2098,148294,California
Ventura,2021-03-01,6885,218353,2780,112754,4105,105598,0,1,4592,87614,2283,65284,4604,152898,California
Ventura,2021-03-02,7326,225679,3909,116663,3416,109014,1,2,5118,90533,2201,67485,5120,158018,California
Ventura,2021-03-03,8335,234014,3864,120527,4471,113485,0,2,5934,94085,2388,69873,5940,163958,California
Ventura,2021-03-04,7819,241833,3810,124337,4009,117494,0,2,5347,96972,2462,72335,5349,169307,California
Ventura,2021-03-05,9101,250934,4660,128997,4430,121924,11,13,6511,100927,2576,74911,6531,175838,California
Ventura,2021-03-06,5238,256172,2991,131988,2095,124019,152,165,3816,103478,1420,76331,3971,179809,California
Ventura,2021-03-07,1576,257748,599,132587,875,124894,102,267,1167,104338,409,76740,1269,181078,California
Ventura,2021-03-08,6466,264214,3295,135882,3040,127934,131,398,4437,106883,2024,78764,4569,185647,California
Ventura,2021-03-09,6324,270538,2732,138614,3400,131334,192,590,3530,107824,2784,81548,3725,189372,California
Ventura,2021-03-10,6412,276950,2898,141512,3302,134636,212,802,4196,110022,2211,83759,4409,193781,California
Ventura,2021-03-11,5977,282927,2787,144299,2990,137626,200,1002,3268,110789,2703,86462,3470,197251,California
Ventura,2021-03-12,7386,290313,2902,147201,3690,141316,794,1796,3617,111447,3761,90223,4419,201670,California
Ventura,2021-03-13,6024,296337,2347,149548,2888,144204,789,2585,3496,113211,2523,92746,4287,205957,California
Ventura,2021-03-14,1695,298032,367,149915,860,145064,468,3053,559,113106,1134,93880,1029,206986,California
Ventura,2021-03-15,6757,304789,1998,151913,3467,148531,1292,4345,2895,113450,3847,97727,4191,211177,California
Ventura,2021-03-16,7764,312553,2424,154337,4257,152788,1083,5428,3915,114607,3840,101567,4997,216174,California
Ventura,2021-03-17,7084,319637,2676,157013,4063,156851,345,5773,4204,116292,2864,104431,4549,220723,California
Ventura,2021-03-18,5657,325294,2418,159431,3118,159969,121,5894,3621,118010,2025,106456,3743,224466,California
Ventura,2021-03-19,6367,331661,2716,162147,3570,163539,81,5975,3964,119659,2395,108851,4044,228510,California
Ventura,2021-03-20,5815,337476,3698,165845,2095,165634,22,5997,2358,118601,3441,112292,2383,230893,California
Ventura,2021-03-21,2710,340186,1464,167309,876,166510,370,6367,1267,118798,1440,113732,1637,232530,California
Ventura,2021-03-22,7098,347284,3562,170871,3464,169974,72,6439,4688,121162,2399,116131,4763,237293,California
Ventura,2021-03-23,7935,355219,3776,174647,4141,174115,18,6457,4545,122356,3373,119504,4567,241860,California
Ventura,2021-03-24,8637,363856,3336,177983,5250,179365,51,6508,4289,122377,4323,123827,4344,246204,California
Ventura,2021-03-25,8482,372338,3809,181792,4637,184002,36,6544,4283,122536,4176,128003,4335,250539,California
Ventura,2021-03-26,9443,381781,3254,185046,5549,189551,640,7184,3653,121081,5770,133773,4315,254854,California
Ventura,2021-03-27,7993,389774,3854,188900,4123,193674,16,7200,2380,118358,5599,139372,2876,257730,California
Ventura,2021-03-28,2419,392193,1369,190269,1042,194716,8,7208,1330,118615,1088,140460,1345,259075,California
Ventura,2021-03-29,5537,397730,3023,193292,2487,197203,27,7235,2066,117361,3453,143913,2199,261274,California
Yolo,2020-12-15,39,39,39,39,0,0,0,0,39,39,0,0,39,39,California
Yolo,2020-12-16,78,117,78,117,0,0,0,0,78,117,0,0,78,117,California
Yolo,2020-12-17,101,218,101,218,0,0,0,0,101,218,0,0,101,218,California
Yolo,2020-12-18,207,425,207,425,0,0,0,0,207,425,0,0,207,425,California
Yolo,2020-12-19,85,510,85,510,0,0,0,0,85,510,0,0,85,510,California
Yolo,2020-12-20,100,610,100,610,0,0,0,0,100,610,0,0,100,610,California
Yolo,2020-12-21,252,862,252,862,0,0,0,0,252,862,0,0,252,862,California
Yolo,2020-12-22,386,1248,385,1247,1,1,0,0,386,1248,0,0,386,1248,California
Yolo,2020-12-23,431,1679,413,1660,18,19,0,0,431,1679,0,0,431,1679,California
Yolo,2020-12-24,151,1830,94,1754,57,76,0,0,151,1830,0,0,151,1830,California
Yolo,2020-12-25,1,1831,1,1755,0,76,0,0,1,1831,0,0,1,1831,California
Yolo,2020-12-26,76,1907,25,1780,51,127,0,0,76,1907,0,0,76,1907,California
Yolo,2020-12-27,46,1953,19,1799,27,154,0,0,46,1953,0,0,46,1953,California
Yolo,2020-12-28,343,2296,176,1975,167,321,0,0,343,2296,0,0,343,2296,California
Yolo,2020-12-29,483,2779,268,2243,215,536,0,0,483,2779,0,0,483,2779,California
Yolo,2020-12-30,625,3404,257,2500,368,904,0,0,625,3404,0,0,625,3404,California
Yolo,2020-12-31,183,3587,94,2594,89,993,0,0,183,3587,0,0,183,3587,California
Yolo,2021-01-01,55,3642,54,2648,1,994,0,0,55,3642,0,0,55,3642,California
Yolo,2021-01-02,68,3710,25,2673,43,1037,0,0,68,3710,0,0,68,3710,California
Yolo,2021-01-03,44,3754,19,2692,25,1062,0,0,44,3754,0,0,44,3754,California
Yolo,2021-01-04,195,3949,44,2736,151,1213,0,0,195,3949,0,0,195,3949,California
Yolo,2021-01-05,610,4559,236,2972,374,1587,0,0,550,4439,60,60,550,4499,California
Yolo,2021-01-06,477,5036,181,3153,296,1883,0,0,346,4654,131,191,346,4845,California
Yolo,2021-01-07,706,5742,232,3385,474,2357,0,0,520,4989,185,376,520,5365,California
Yolo,2021-01-08,628,6370,308,3693,320,2677,0,0,413,5188,214,590,413,5778,California
Yolo,2021-01-09,405,6775,67,3760,338,3015,0,0,360,5503,45,635,360,6138,California
Yolo,2021-01-10,392,7167,79,3839,313,3328,0,0,323,5757,69,704,323,6461,California
Yolo,2021-01-11,559,7726,324,4163,235,3563,0,0,290,5778,269,973,290,6751,California
Yolo,2021-01-12,475,8201,358,4521,117,3680,0,0,171,5646,304,1277,172,6923,California
Yolo,2021-01-13,761,8962,308,4829,453,4133,0,0,513,5911,248,1525,513,7436,California
Yolo,2021-01-14,378,9340,183,5012,195,4328,0,0,272,6077,106,1631,272,7708,California
Yolo,2021-01-15,618,9958,318,5330,300,4628,0,0,542,6543,76,1707,542,8250,California
Yolo,2021-01-16,738,10696,96,5426,642,5270,0,0,706,7217,32,1739,706,8956,California
Yolo,2021-01-17,184,10880,116,5542,68,5338,0,0,177,7387,7,1746,177,9133,California
Yolo,2021-01-18,477,11357,304,5846,173,5511,0,0,378,7666,99,1845,378,9511,California
Yolo,2021-01-19,539,11896,370,6216,169,5680,0,0,364,7855,175,2020,364,9875,California
Yolo,2021-01-20,650,12546,378,6594,272,5952,0,0,468,8142,181,2201,468,10343,California
Yolo,2021-01-21,641,13187,381,6975,260,6212,0,0,453,8407,188,2389,453,10796,California
Yolo,2021-01-22,745,13932,249,7224,496,6708,0,0,628,8920,115,2504,628,11424,California
Yolo,2021-01-23,616,14548,124,7348,492,7200,0,0,568,9440,48,2552,568,11992,California
Yolo,2021-01-24,204,14752,121,7469,83,7283,0,0,164,9564,40,2592,164,12156,California
Yolo,2021-01-25,726,15478,150,7619,576,7859,0,0,512,9862,214,2806,512,12668,California
Yolo,2021-01-26,809,16287,326,7945,483,8342,0,0,424,9901,385,3191,424,13092,California
Yolo,2021-01-27,556,16843,221,8166,335,8677,0,0,383,10111,173,3364,383,13475,California
Yolo,2021-01-28,1047,17890,565,8731,482,9159,0,0,923,10911,123,3487,923,14398,California
Yolo,2021-01-29,863,18753,261,8992,602,9761,0,0,780,11609,83,3570,781,15179,California
Yolo,2021-01-30,1518,20271,920,9912,598,10359,0,0,1411,12919,101,3671,1411,16590,California
Yolo,2021-01-31,251,20522,212,10124,39,10398,0,0,216,13101,34,3705,216,16806,California
Yolo,2021-02-01,842,21364,356,10480,486,10884,0,0,611,13484,228,3933,611,17417,California
Yolo,2021-02-02,1321,22685,748,11228,573,11457,0,0,930,14024,391,4324,931,18348,California
Yolo,2021-02-03,1517,24202,393,11621,1124,12581,0,0,1187,14887,327,4651,1190,19538,California
Yolo,2021-02-04,1781,25983,277,11898,1504,14085,0,0,1235,15587,535,5186,1235,20773,California
Yolo,2021-02-05,1586,27569,895,12793,691,14776,0,0,1184,16374,400,5586,1187,21960,California
Yolo,2021-02-06,1922,29491,1251,14044,671,15447,0,0,1563,17579,359,5945,1564,23524,California
Yolo,2021-02-07,515,30006,247,14291,268,15715,0,0,169,17403,345,6290,169,23693,California
Yolo,2021-02-08,954,30960,330,14621,624,16339,0,0,612,17676,339,6629,612,24305,California
Yolo,2021-02-09,850,31810,381,15002,469,16808,0,0,575,17976,275,6904,575,24880,California
Yolo,2021-02-10,1425,33235,468,15470,957,17765,0,0,795,18143,629,7533,796,25676,California
Yolo,2021-02-11,1521,34756,768,16238,753,18518,0,0,1148,18918,373,7906,1148,26824,California
Yolo,2021-02-12,1902,36658,743,16981,1159,19677,0,0,1437,19893,462,8368,1437,28261,California
Yolo,2021-02-13,2049,38707,713,17694,1336,21013,0,0,1385,20614,664,9032,1385,29646,California
Yolo,2021-02-14,564,39271,151,17845,413,21426,0,0,441,20932,123,9155,441,30087,California
Yolo,2021-02-15,520,39791,188,18033,332,21758,0,0,259,20931,261,9416,260,30347,California
Yolo,2021-02-16,1113,40904,421,18454,692,22450,0,0,813,21445,300,9716,814,31161,California
Yolo,2021-02-17,1374,42278,697,19151,677,23127,0,0,989,22048,386,10102,989,32150,California
Yolo,2021-02-18,2430,44708,750,19901,1680,24807,0,0,1671,22962,757,10859,1671,33821,California
Yolo,2021-02-19,1718,46426,737,20638,981,25788,0,0,1109,23465,608,11467,1111,34932,California
Yolo,2021-02-20,2449,48875,945,21583,1504,27292,0,0,1376,23773,1068,12535,1376,36308,California
Yolo,2021-02-21,276,49151,223,21806,53,27345,0,0,70,23638,205,12740,70,36378,California
Yolo,2021-02-22,1359,50510,596,22402,763,28108,0,0,694,23669,664,13404,695,37073,California
Yolo,2021-02-23,1115,51625,836,23238,279,28387,0,0,439,23433,675,14079,439,37512,California
Yolo,2021-02-24,2061,53686,589,23827,1472,29859,0,0,1358,24089,702,14781,1358,38870,California
Yolo,2021-02-25,1327,55013,435,24262,892,30751,0,0,864,24490,463,15244,864,39734,California
Yolo,2021-02-26,2505,57518,963,25225,1542,32293,0,0,1321,24631,1180,16424,1321,41055,California
Yolo,2021-02-27,1620,59138,758,25983,862,33155,0,0,1172,25355,448,16872,1172,42227,California
Yolo,2021-02-28,1772,60910,1498,27481,274,33429,0,0,677,24939,1093,17965,677,42904,California
Yolo,2021-03-01,1063,61973,346,27827,717,34146,0,0,637,25153,424,18389,638,43542,California
Yolo,2021-03-02,1398,63371,662,28489,736,34882,0,0,887,25530,510,18899,887,44429,California
Yolo,2021-03-03,1719,65090,575,29064,1144,36026,0,0,752,25317,965,19864,752,45181,California
Yolo,2021-03-04,2566,67656,1276,30340,1290,37316,0,0,1382,25517,1182,21046,1382,46563,California
Yolo,2021-03-05,2068,69724,1218,31558,839,38155,11,11,1220,25904,847,21893,1234,47797,California
Yolo,2021-03-06,1369,71093,1062,32620,283,38438,24,35,752,26065,615,22508,776,48573,California
Yolo,2021-03-07,862,71955,636,33256,214,38652,12,47,730,26676,132,22640,743,49316,California
Yolo,2021-03-08,973,72928,450,33706,480,39132,43,90,700,27149,270,22910,743,50059,California
Yolo,2021-03-09,1114,74042,594,34300,463,39595,57,147,736,27566,376,23286,793,50852,California
Yolo,2021-03-10,1599,75641,946,35246,390,39985,263,410,656,27542,941,24227,917,51769,California
Yolo,2021-03-11,2131,77772,1393,36639,672,40657,66,476,1434,28346,696,24923,1500,53269,California
Yolo,2021-03-12,2481,80253,1148,37787,1264,41921,69,545,1115,28171,1357,26280,1182,54451,California
Yolo,2021-03-13,1707,81960,659,38446,877,42798,171,716,915,28469,789,27069,1087,55538,California
Yolo,2021-03-14,650,82610,188,38634,319,43117,143,859,382,28727,267,27336,525,56063,California
Yolo,2021-03-15,1277,83887,751,39385,353,43470,173,1032,669,28963,605,27941,841,56904,California
Yolo,2021-03-16,1834,85721,709,40094,1054,44524,71,1103,1078,29358,755,28696,1150,58054,California
Yolo,2021-03-17,2339,88060,941,41035,1331,45855,67,1170,1611,30312,724,29420,1678,59732,California
Yolo,2021-03-18,2507,90567,731,41766,1562,47417,214,1384,969,29960,1536,30956,1184,60916,California
Yolo,2021-03-19,1335,91902,634,42400,656,48073,45,1429,768,30211,562,31518,813,61729,California
Yolo,2021-03-20,2126,94028,574,42974,1526,49599,26,1455,667,29449,1456,32974,694,62423,California
Yolo,2021-03-21,309,94337,220,43194,83,49682,6,1461,223,29593,85,33059,229,62652,California
Yolo,2021-03-22,1318,95655,443,43637,824,50506,51,1512,852,30033,465,33524,905,63557,California
Yolo,2021-03-23,1685,97340,915,44552,709,51215,61,1573,1028,30466,657,34181,1090,64647,California
Yolo,2021-03-24,2754,100094,1350,45902,1355,52570,49,1622,1366,30508,1378,35559,1420,66067,California
Yolo,2021-03-25,2343,102437,1234,47136,1076,53646,33,1655,1126,30484,1213,36772,1189,67256,California
Yolo,2021-03-26,2286,104723,1159,48295,1107,54753,20,1675,988,30291,1291,38063,1098,68354,California
Yolo,2021-03-27,1587,106310,436,48731,1133,55886,18,1693,739,30249,846,38909,804,69158,California
Yolo,2021-03-28,610,106920,372,49103,221,56107,17,1710,209,30091,397,39306,239,69397,California
Yolo,2021-03-29,1378,108298,420,49523,954,57061,4,1714,713,30152,663,39969,724,70121,California
Yuba,2020-12-16,4,4,4,4,0,0,0,0,4,4,0,0,4,4,California
Yuba,2020-12-17,4,8,4,8,0,0,0,0,4,8,0,0,4,8,California
Yuba,2020-12-18,8,16,8,16,0,0,0,0,8,16,0,0,8,16,California
Yuba,2020-12-19,12,28,12,28,0,0,0,0,12,28,0,0,12,28,California
Yuba,2020-12-20,20,48,20,48,0,0,0,0,20,48,0,0,20,48,California
Yuba,2020-12-21,40,88,40,88,0,0,0,0,40,88,0,0,40,88,California
Yuba,2020-12-22,86,174,86,174,0,0,0,0,86,174,0,0,86,174,California
Yuba,2020-12-23,64,238,62,236,2,2,0,0,64,238,0,0,64,238,California
Yuba,2020-12-24,20,258,10,246,10,12,0,0,20,258,0,0,20,258,California
Yuba,2020-12-26,15,273,13,259,2,14,0,0,15,273,0,0,15,273,California
Yuba,2020-12-27,15,288,15,274,0,14,0,0,15,288,0,0,15,288,California
Yuba,2020-12-28,51,339,35,309,16,30,0,0,51,339,0,0,51,339,California
Yuba,2020-12-29,77,416,10,319,67,97,0,0,77,416,0,0,77,416,California
Yuba,2020-12-30,64,480,21,340,43,140,0,0,64,480,0,0,64,480,California
Yuba,2020-12-31,36,516,6,346,30,170,0,0,36,516,0,0,36,516,California
Yuba,2021-01-02,22,538,21,367,1,171,0,0,22,538,0,0,22,538,California
Yuba,2021-01-03,10,548,6,373,4,175,0,0,10,548,0,0,10,548,California
Yuba,2021-01-04,91,639,21,394,70,245,0,0,91,639,0,0,91,639,California
Yuba,2021-01-05,67,706,36,430,31,276,0,0,66,704,1,1,66,705,California
Yuba,2021-01-06,150,856,74,504,76,352,0,0,144,842,6,7,144,849,California
Yuba,2021-01-07,75,931,20,524,55,407,0,0,72,910,4,11,72,921,California
Yuba,2021-01-08,73,1004,24,548,49,456,0,0,66,969,7,18,66,987,California
Yuba,2021-01-09,19,1023,16,564,3,459,0,0,11,972,8,26,11,998,California
Yuba,2021-01-10,116,1139,22,586,94,553,0,0,94,1044,22,48,94,1092,California
Yuba,2021-01-11,72,1211,49,635,23,576,0,0,32,1036,40,88,32,1124,California
Yuba,2021-01-12,109,1320,79,714,30,606,0,0,44,1015,65,153,44,1168,California
Yuba,2021-01-13,119,1439,72,786,47,653,0,0,54,1005,64,217,54,1222,California
Yuba,2021-01-14,109,1548,43,829,66,719,0,0,97,1090,12,229,97,1319,California
Yuba,2021-01-15,201,1749,85,914,116,835,0,0,190,1269,11,240,190,1509,California
Yuba,2021-01-16,184,1933,21,935,163,998,0,0,172,1428,13,253,172,1681,California
Yuba,2021-01-17,13,1946,9,944,4,1002,0,0,7,1429,6,259,7,1688,California
Yuba,2021-01-18,60,2006,32,976,28,1030,0,0,35,1439,25,284,35,1723,California
Yuba,2021-01-19,81,2087,29,1005,52,1082,0,0,66,1490,15,299,66,1789,California
Yuba,2021-01-20,132,2219,86,1091,46,1128,0,0,109,1576,23,322,109,1898,California
Yuba,2021-01-21,212,2431,96,1187,116,1244,0,0,203,1770,9,331,203,2101,California
Yuba,2021-01-22,104,2535,6,1193,98,1342,0,0,95,1856,9,340,95,2196,California
Yuba,2021-01-23,201,2736,7,1200,194,1536,0,0,198,2051,3,343,198,2394,California
Yuba,2021-01-24,8,2744,6,1206,2,1538,0,0,6,2055,2,345,6,2400,California
Yuba,2021-01-25,83,2827,28,1234,55,1593,0,0,52,2077,30,375,52,2452,California
Yuba,2021-01-26,146,2973,38,1272,108,1701,0,0,91,2113,55,430,91,2543,California
Yuba,2021-01-27,181,3154,128,1400,53,1754,0,0,114,2160,67,497,114,2657,California
Yuba,2021-01-28,211,3365,78,1478,133,1887,0,0,171,2291,40,537,171,2828,California
Yuba,2021-01-29,154,3519,54,1532,100,1987,0,0,108,2353,46,583,108,2936,California
Yuba,2021-01-30,410,3929,23,1555,387,2374,0,0,399,2741,11,594,399,3335,California
Yuba,2021-01-31,17,3946,12,1567,5,2379,0,0,15,2754,2,596,15,3350,California
Yuba,2021-02-01,149,4095,72,1639,77,2456,0,0,129,2864,19,615,129,3479,California
Yuba,2021-02-02,122,4217,22,1661,100,2556,0,0,100,2942,22,637,100,3579,California
Yuba,2021-02-03,225,4442,29,1690,196,2752,0,0,112,2942,112,749,112,3691,California
Yuba,2021-02-04,295,4737,122,1812,173,2925,0,0,253,3153,42,791,253,3944,California
Yuba,2021-02-05,147,4884,31,1843,116,3041,0,0,71,3148,76,867,71,4015,California
Yuba,2021-02-06,448,5332,25,1868,423,3464,0,0,440,3580,8,875,440,4455,California
Yuba,2021-02-07,18,5350,11,1879,7,3471,0,0,15,3592,3,878,15,4470,California
Yuba,2021-02-08,97,5447,35,1914,62,3533,0,0,67,3629,30,908,67,4537,California
Yuba,2021-02-09,152,5599,54,1968,98,3631,0,0,85,3647,67,975,85,4622,California
Yuba,2021-02-10,346,5945,172,2140,174,3805,0,0,114,3530,231,1206,114,4736,California
Yuba,2021-02-11,399,6344,62,2202,337,4142,0,0,303,3739,94,1300,303,5039,California
Yuba,2021-02-12,262,6606,26,2228,236,4378,0,0,150,3777,112,1412,150,5189,California
Yuba,2021-02-13,439,7045,35,2263,404,4782,0,0,391,4120,48,1460,391,5580,California
Yuba,2021-02-14,53,7098,11,2274,42,4824,0,0,49,4165,4,1464,49,5629,California
Yuba,2021-02-15,91,7189,38,2312,53,4877,0,0,71,4216,20,1484,71,5700,California
Yuba,2021-02-16,196,7385,47,2359,149,5026,0,0,137,4294,59,1543,137,5837,California
Yuba,2021-02-17,369,7754,155,2514,214,5240,0,0,96,4117,273,1816,96,5933,California
Yuba,2021-02-18,306,8060,32,2546,274,5514,0,0,181,4173,125,1941,181,6114,California
Yuba,2021-02-19,210,8270,75,2621,135,5649,0,0,129,4221,81,2022,129,6243,California
Yuba,2021-02-20,380,8650,29,2650,351,6000,0,0,328,4497,52,2074,328,6571,California
Yuba,2021-02-21,17,8667,15,2665,2,6002,0,0,7,4494,10,2084,7,6578,California
Yuba,2021-02-22,126,8793,79,2744,47,6049,0,0,39,4447,86,2170,39,6617,California
Yuba,2021-02-23,112,8905,24,2768,88,6137,0,0,45,4426,66,2236,45,6662,California
Yuba,2021-02-24,472,9377,136,2904,336,6473,0,0,100,4154,372,2608,100,6762,California
Yuba,2021-02-25,322,9699,127,3031,195,6668,0,0,197,4226,125,2733,197,6959,California
Yuba,2021-02-26,248,9947,63,3094,185,6853,0,0,136,4252,110,2843,136,7095,California
Yuba,2021-02-27,466,10413,42,3136,424,7277,0,0,382,4551,83,2926,382,7477,California
Yuba,2021-02-28,66,10479,24,3160,42,7319,0,0,45,4575,21,2947,45,7522,California
Yuba,2021-03-01,151,10630,39,3199,112,7431,0,0,76,4577,74,3021,76,7598,California
Yuba,2021-03-02,149,10779,35,3234,114,7545,0,0,74,4576,75,3096,74,7672,California
Yuba,2021-03-03,611,11390,152,3386,459,8004,0,0,195,4356,415,3511,195,7867,California
Yuba,2021-03-04,461,11851,271,3657,190,8194,0,0,323,4542,137,3648,323,8190,California
Yuba,2021-03-05,284,12135,48,3705,235,8429,1,1,225,4709,59,3707,226,8416,California
Yuba,2021-03-06,273,12408,28,3733,239,8668,6,7,172,4786,101,3808,178,8594,California
Yuba,2021-03-07,50,12458,28,3761,22,8690,0,7,34,4804,16,3824,34,8628,California
Yuba,2021-03-08,158,12616,55,3816,89,8779,14,21,100,4860,58,3882,114,8742,California
Yuba,2021-03-09,170,12786,45,3861,106,8885,19,40,79,4867,91,3973,98,8840,California
Yuba,2021-03-10,704,13490,222,4083,467,9352,15,55,216,4611,487,4460,231,9071,California
Yuba,2021-03-11,385,13875,167,4250,207,9559,11,66,257,4751,128,4588,268,9339,California
Yuba,2021-03-12,385,14260,57,4307,281,9840,47,113,109,4632,276,4864,157,9496,California
Yuba,2021-03-13,442,14702,337,4644,92,9932,13,126,367,4937,75,4939,380,9876,California
Yuba,2021-03-14,82,14784,19,4663,53,9985,10,136,41,4947,41,4980,51,9927,California
Yuba,2021-03-15,186,14970,47,4710,121,10106,18,154,91,4961,95,5075,109,10036,California
Yuba,2021-03-16,235,15205,72,4782,141,10247,22,176,137,5023,97,5172,159,10195,California
Yuba,2021-03-17,693,15898,147,4929,517,10764,29,205,159,4679,532,5704,188,10383,California
Yuba,2021-03-18,433,16331,110,5039,233,10997,90,295,261,4859,172,5876,352,10735,California
Yuba,2021-03-19,245,16576,90,5129,118,11115,37,332,135,4921,110,5986,172,10907,California
Yuba,2021-03-20,460,17036,57,5186,396,11511,7,339,408,5285,51,6037,415,11322,California
Yuba,2021-03-21,62,17098,39,5225,23,11534,0,339,48,5319,14,6051,48,11370,California
Yuba,2021-03-22,178,17276,69,5294,102,11636,7,346,137,5422,41,6092,144,11514,California
Yuba,2021-03-23,206,17482,69,5363,115,11751,22,368,138,5515,67,6159,160,11674,California
Yuba,2021-03-24,717,18199,243,5606,405,12156,69,437,172,5213,543,6702,241,11915,California
Yuba,2021-03-25,450,18649,257,5863,168,12324,25,462,211,5210,239,6941,236,12151,California
Yuba,2021-03-26,350,18999,128,5991,201,12525,21,483,206,5296,143,7084,229,12380,California
Yuba,2021-03-27,444,19443,22,6013,421,12946,1,484,394,5643,50,7134,397,12777,California
Yuba,2021-03-28,92,19535,36,6049,53,12999,3,487,35,5624,57,7191,38,12815,California
Yuba,2021-03-29,170,19705,41,6090,110,13109,19,506,110,5693,60,7251,129,12944,California
