county,administered_date,total_doses,cumulative_total_doses,pfizer_doses,cumulative_pfizer_doses,moderna_doses,cumulative_moderna_doses,jj_doses,cumulative_jj_doses,partially_vaccinated,total_partially_vaccinated,fully_vaccinated,cumulative_fully_vaccinated,at_least_one_dose,cumulative_at_least_one_dose,california_flag
All CA Counties,2020-12-15,1134,1134,1134,1134,0,0,0,0,1134,1134,0,0,1134,1134,
All CA Counties,2020-12-16,8121,9255,8121,9255,0,0,0,0,8121,9255,0,0,8121,9255,
All CA Counties,2020-12-17,25721,34976,25721,34976,0,0,0,0,25723,34978,0,0,25723,34978,
All CA Counties,2020-12-18,43754,78730,43699,78675,55,55,0,0,43755,78733,0,0,43755,78733,
All CA Counties,2020-12-19,25205,103935,25182,103857,23,78,0,0,25204,103936,1,1,25204,103937,
All CA Counties,2020-12-20,18947,122882,18920,122777,27,105,0,0,18946,122881,1,2,18946,122883,
All CA Counties,2020-12-21,49546,172428,49464,172241,82,187,0,0,49549,172429,1,3,49549,172432,
All CA Counties,2020-12-22,49866,222294,47755,219996,2111,2298,0,0,49864,222292,1,4,49864,222296,
All CA Counties,2020-12-23,50265,272559,41555,261551,8710,11008,0,0,50261,272553,0,4,50261,272557,
All CA Counties,2020-12-24,24023,296582,16324,277875,7699,18707,0,0,24020,296572,1,5,24020,296577,
All CA Counties,2020-12-25,2335,298917,2014,279889,321,19028,0,0,2335,298907,0,5,2335,298912,
All CA Counties,2020-12-26,14609,313526,9436,289325,5173,24201,0,0,14608,313514,1,6,14608,313520,
All CA Counties,2020-12-27,9389,322915,5567,294892,3822,28023,0,0,9388,322901,1,7,9388,322908,
All CA Counties,2020-12-28,45666,368581,29281,324173,16385,44408,0,0,45664,368562,3,10,45664,368572,
All CA Counties,2020-12-29,51039,419620,28517,352690,22522,66930,0,0,51035,419594,3,13,51035,419607,
All CA Counties,2020-12-30,62950,482570,35650,388340,27300,94230,0,0,62944,482535,3,16,62944,482551,
All CA Counties,2020-12-31,29299,511869,10845,399185,18454,112684,0,0,29291,511821,5,21,29291,511842,
All CA Counties,2021-01-01,4025,515894,1782,400967,2243,114927,0,0,4021,515839,3,24,4021,515863,
All CA Counties,2021-01-02,18477,534371,10250,411217,8227,123154,0,0,18476,534315,0,24,18476,534339,
All CA Counties,2021-01-03,6152,540523,3482,414699,2670,125824,0,0,6123,540426,12,36,6123,540462,
All CA Counties,2021-01-04,43528,584051,22076,436775,21452,147276,0,0,43449,583832,43,79,43449,583911,
All CA Counties,2021-01-05,56338,640389,29656,466431,26682,173958,0,0,50901,629439,5381,5460,50988,634899,
All CA Counties,2021-01-06,73243,713632,40444,506875,32799,206757,0,0,57950,672301,15116,20576,57978,692877,
All CA Counties,2021-01-07,91787,805419,52183,559058,39604,246361,0,0,61262,703248,30361,50937,61308,754185,
All CA Counties,2021-01-08,106448,911867,63975,623033,42473,288834,0,0,65394,727778,40923,91860,65453,819638,
All CA Counties,2021-01-09,44184,956051,25454,648487,18730,307564,0,0,27701,739043,16461,108321,27726,847364,
All CA Counties,2021-01-10,24273,980324,14830,663317,9443,317007,0,0,13052,740907,11205,119526,13069,860433,
All CA Counties,2021-01-11,104227,1084551,69351,732668,34876,351883,0,0,60508,757901,43680,163206,60674,921107,
All CA Counties,2021-01-12,112571,1197122,66468,799136,46103,397986,0,0,71624,788882,40868,204074,71849,992956,
All CA Counties,2021-01-13,118648,1315770,61444,860580,57204,455190,0,0,85023,840442,33539,237613,85099,1078055,
All CA Counties,2021-01-14,123356,1439126,49520,910100,73836,529026,0,0,103830,924996,19423,257036,103977,1182032,
All CA Counties,2021-01-15,141718,1580844,52076,962176,89642,618668,0,0,126713,1036986,14913,271949,126903,1308935,
All CA Counties,2021-01-16,80358,1661202,27386,989562,52972,671640,0,0,72829,1102360,7503,279452,72877,1381812,
All CA Counties,2021-01-17,48052,1709254,16787,1006349,31265,702905,0,0,44420,1143201,3624,283076,44465,1426277,
All CA Counties,2021-01-18,87672,1796926,45621,1051970,42051,744956,0,0,68525,1192819,19067,302143,68685,1494962,
All CA Counties,2021-01-19,141566,1938492,73411,1125381,68155,813111,0,0,110491,1272639,30983,333126,110803,1605765,
All CA Counties,2021-01-20,159224,2097716,81304,1206685,77920,891031,0,0,125794,1365463,33215,366341,126039,1731804,
All CA Counties,2021-01-21,172800,2270516,76713,1283398,96087,987118,0,0,153796,1500791,18799,385140,154127,1885931,
All CA Counties,2021-01-22,168976,2439492,69048,1352446,99928,1087046,0,0,154744,1641597,14102,399242,154908,2040839,
All CA Counties,2021-01-23,111039,2550531,49441,1401887,61598,1148644,0,0,98487,1727706,12493,411735,98602,2139441,
All CA Counties,2021-01-24,60905,2611436,29488,1431375,31417,1180061,0,0,56270,1779426,4604,416339,56324,2195765,
All CA Counties,2021-01-25,143921,2755357,64928,1496303,78993,1259054,0,0,109218,1854407,34583,450922,109564,2305329,
All CA Counties,2021-01-26,167725,2923082,82416,1578719,85309,1344363,0,0,130581,1948226,37017,487939,130836,2436165,
All CA Counties,2021-01-27,179684,3102766,87983,1666702,91701,1436064,0,0,140486,2050117,38796,526735,140687,2576852,
All CA Counties,2021-01-28,186957,3289723,86075,1752777,100882,1536946,0,0,153116,2169867,33556,560291,153306,2730158,
All CA Counties,2021-01-29,182696,3472419,87980,1840757,94716,1631662,0,0,148304,2284492,33829,594120,148454,2878612,
All CA Counties,2021-01-30,122733,3595152,55151,1895908,67582,1699244,0,0,107736,2377530,14835,608955,107873,2986485,
All CA Counties,2021-01-31,69214,3664366,38920,1934828,30294,1729538,0,0,64142,2436699,5025,613980,64194,3050679,
All CA Counties,2021-02-01,158253,3822619,72923,2007751,85330,1814868,0,0,120095,2518911,38012,651992,120224,3170903,
All CA Counties,2021-02-02,185778,4008397,79487,2087238,106291,1921159,0,0,140010,2613722,45416,697408,140227,3311130,
All CA Counties,2021-02-03,210053,4218450,95012,2182250,115041,2036200,0,0,156066,2716529,53491,750899,156298,3467428,
All CA Counties,2021-02-04,227569,4446019,99894,2282144,127675,2163875,0,0,166978,2823804,60049,810948,167324,3634752,
All CA Counties,2021-02-05,245416,4691435,106308,2388452,139108,2302983,0,0,166845,2913332,77815,888763,167343,3802095,
All CA Counties,2021-02-06,154496,4845931,74712,2463164,79784,2382767,0,0,119826,2999141,34503,923266,120312,3922407,
All CA Counties,2021-02-07,66657,4912588,43094,2506258,23563,2406330,0,0,50241,3033500,16330,939596,50689,3973096,
All CA Counties,2021-02-08,180012,5092600,88377,2594635,91635,2497965,0,0,118873,3092410,60684,1000280,119594,4092690,
All CA Counties,2021-02-09,210441,5303041,101681,2696316,108760,2606725,0,0,126315,3136170,83684,1083964,127444,4220134,
All CA Counties,2021-02-10,247900,5550941,119705,2816021,128195,2734920,0,0,137733,3166022,109338,1193302,139190,4359324,
All CA Counties,2021-02-11,263724,5814665,130680,2946701,133044,2867964,0,0,144773,3194677,117889,1311191,146544,4505868,
All CA Counties,2021-02-12,271326,6085991,118920,3065621,152406,3020370,0,0,146632,3219767,123879,1435070,148969,4654837,
All CA Counties,2021-02-13,166401,6252392,77068,3142689,89333,3109703,0,0,92010,3239743,73972,1509042,93948,4748785,
All CA Counties,2021-02-14,95234,6347626,47463,3190152,47771,3157474,0,0,51585,3249371,43494,1552536,53122,4801907,
All CA Counties,2021-02-15,141648,6489274,62305,3252457,79343,3236817,0,0,78389,3267984,62891,1615427,81504,4883411,
All CA Counties,2021-02-16,247969,6737243,117637,3370094,130332,3367149,0,0,132933,3289305,114675,1730102,135996,5019407,
All CA Counties,2021-02-17,257639,6994882,128201,3498295,129438,3496587,0,0,128418,3292185,128719,1858821,131599,5151006,
All CA Counties,2021-02-18,271554,7266436,141726,3640021,129828,3626415,0,0,131843,3289155,139042,1997863,136012,5287018,
All CA Counties,2021-02-19,251573,7518009,146006,3786027,105567,3731982,0,0,130057,3300226,121042,2118905,132113,5419131,
All CA Counties,2021-02-20,152184,7670193,97561,3883588,54623,3786605,0,0,83862,3317971,68074,2186979,85819,5504950,
All CA Counties,2021-02-21,73291,7743484,59312,3942900,13979,3800584,0,0,35833,3318104,37228,2224207,37361,5542311,
All CA Counties,2021-02-22,162838,7906322,109221,4052121,53617,3854201,0,0,81666,3320611,80852,2305059,83359,5625670,
All CA Counties,2021-02-23,221935,8128257,116644,4168765,105291,3959492,0,0,103044,3311275,118336,2423395,109000,5734670,
All CA Counties,2021-02-24,281024,8409281,141826,4310591,139198,4098690,0,0,134040,3306448,146384,2569779,141557,5876227,
All CA Counties,2021-02-25,316872,8726153,155392,4465983,161480,4260170,0,0,166048,3330805,150175,2719954,174532,6050759,
All CA Counties,2021-02-26,350111,9076264,163206,4629189,186905,4447075,0,0,196001,3380787,153238,2873192,203220,6253979,
All CA Counties,2021-02-27,246609,9322873,118278,4747467,128313,4575388,18,18,139343,3417836,106694,2979886,143743,6397722,
All CA Counties,2021-02-28,129992,9452865,77699,4825166,52290,4627678,3,21,76006,3443093,53584,3033470,78841,6476563,
All CA Counties,2021-03-01,236633,9689498,125485,4950651,111088,4738766,60,81,136918,3484972,99063,3132533,140942,6617505,
All CA Counties,2021-03-02,275540,9965038,134091,5084742,141432,4880198,17,98,164026,3544819,111046,3243579,170893,6788398,
All CA Counties,2021-03-03,327348,10292386,161692,5246434,165614,5045812,42,140,187998,3601398,138712,3382291,195291,6983689,
All CA Counties,2021-03-04,346552,10638938,174439,5420873,172027,5217839,86,226,203075,3668772,142767,3525058,210141,7193830,
All CA Counties,2021-03-05,331626,10970564,161163,5582036,169352,5387191,1111,1337,205366,3756950,125499,3650557,213677,7407507,
All CA Counties,2021-03-06,255469,11226033,130284,5712320,117393,5504584,7792,9129,158314,3830963,96766,3747323,170779,7578286,
All CA Counties,2021-03-07,124217,11350250,75524,5787844,44636,5549220,4057,13186,77212,3869054,46833,3794156,84924,7663210,
All CA Counties,2021-03-08,215241,11565491,103560,5891404,101314,5650534,10367,23553,140322,3950130,74561,3868717,155637,7818847,
All CA Counties,2021-03-09,266697,11832188,115802,6007206,135085,5785619,15810,39363,144000,3991738,122255,3990972,163863,7982710,
All CA Counties,2021-03-10,313594,12145782,153849,6161055,135461,5921080,24284,63647,168411,4044017,144574,4135546,196853,8179563,
All CA Counties,2021-03-11,373934,12519716,180997,6342052,159723,6080803,33214,96861,192329,4093065,180720,4316266,229768,8409331,
All CA Counties,2021-03-12,388430,12908146,172923,6514975,169514,6250317,45993,142854,189694,4134781,198001,4514267,239717,8649048,
All CA Counties,2021-03-13,278523,13186669,121888,6636863,125677,6375994,30958,173812,149904,4191704,128200,4642467,185123,8834171,
All CA Counties,2021-03-14,152586,13339255,81440,6718303,56279,6432273,14867,188679,82273,4221061,70053,4712520,99410,8933581,
All CA Counties,2021-03-15,287618,13626873,136940,6855243,130318,6562591,20360,209039,157219,4272303,129711,4842231,180953,9114534,
All CA Counties,2021-03-16,366966,13993839,171831,7027074,178024,6740615,17111,226150,214817,4355971,151453,4993684,235121,9349655,
All CA Counties,2021-03-17,378986,14372825,187197,7214271,173454,6914069,18335,244485,235305,4469214,142928,5136612,256171,9605826,
All CA Counties,2021-03-18,396550,14769375,202490,7416761,176314,7090383,17746,262231,237876,4569253,157656,5294268,257695,9863521,
All CA Counties,2021-03-19,404200,15173575,211566,7628327,171293,7261676,21341,283572,237150,4663574,166137,5460405,260458,10123979,
All CA Counties,2021-03-20,289943,15463518,151981,7780308,122283,7383959,15679,299251,186251,4763855,103084,5563489,203365,10327344,
All CA Counties,2021-03-21,141294,15604812,97212,7877520,36697,7420656,7385,306636,89208,4810021,51773,5615262,97939,10425283,
All CA Counties,2021-03-22,270359,15875171,157165,8034685,102240,7522896,10954,317590,178565,4911420,91117,5706379,192516,10617799,
All CA Counties,2021-03-23,354013,16229184,194240,8228925,148953,7671849,10820,328410,227610,5026849,125559,5831938,240988,10858787,
All CA Counties,2021-03-24,383058,16612242,219242,8448167,151670,7823519,12146,340556,225818,5110799,156102,5988040,240052,11098839,
All CA Counties,2021-03-25,412539,17024781,227293,8675460,170871,7994390,14375,354931,238302,5192594,173036,6161076,254831,11353670,
All CA Counties,2021-03-26,427929,17452710,228646,8904106,183505,8177895,15778,370709,237097,5258578,189722,6350798,255706,11609376,
All CA Counties,2021-03-27,307456,17760166,163090,9067196,132979,8310874,11387,382096,158368,5282219,148339,6499137,171980,11781356,
All CA Counties,2021-03-28,166101,17926267,105997,9173193,56534,8367408,3570,385666,90920,5303815,74793,6573930,96389,11877745,
All CA Counties,2021-03-29,306451,18232718,165213,9338406,132691,8500099,8547,394213,174635,5358328,131140,6705070,185653,12063398,
All CA Counties,2021-03-30,393773,18626491,198989,9537395,177127,8677226,17657,411870,239688,5464064,153385,6858455,259121,12322519,
All CA Counties,2021-03-31,419768,19046259,228129,9765524,170435,8847661,21204,433074,241271,5549950,177627,7036082,263513,12586032,
All CA Counties,2021-04-01,483557,19529816,247943,10013467,196635,9044296,38979,472053,268641,5644898,213857,7249939,308805,12894837,
All CA Counties,2021-04-02,464463,19994279,226741,10240208,195948,9240244,41774,513827,253888,5732753,209475,7459414,297330,13192167,
All CA Counties,2021-04-03,323594,20317873,164239,10404447,119023,9359267,40332,554159,162647,5776516,160376,7619790,204139,13396306,
All CA Counties,2021-04-04,131461,20449334,68567,10473014,44000,9403267,18894,573053,58668,5781684,72538,7692328,77706,13474012,
All CA Counties,2021-04-05,348817,20798151,179748,10652762,130037,9533304,39032,612085,173714,5822344,174513,7866841,215173,13689185,
All CA Counties,2021-04-06,453510,21251661,230234,10882996,158366,9691670,64910,676995,221765,5880026,230915,8097756,288597,13977782,
All CA Counties,2021-04-07,466572,21718233,242730,11125726,154722,9846392,69120,746115,229258,5942969,236474,8334230,299417,14277199,
All CA Counties,2021-04-08,492878,22211111,249176,11374902,160389,10006781,83313,829428,233526,6003743,258328,8592558,319102,14596301,
All CA Counties,2021-04-09,486114,22697225,242200,11617102,165083,10171864,78831,908259,226255,6052959,258917,8851475,308133,14904434,
All CA Counties,2021-04-10,362039,23059264,166224,11783326,122867,10294731,72948,981207,153513,6074231,207871,9059346,229143,15133577,
All CA Counties,2021-04-11,185891,23245155,104348,11887674,47684,10342415,33859,1015066,77799,6080926,107782,9167128,114477,15248054,
All CA Counties,2021-04-12,336048,23581203,172859,12060533,125730,10468145,37459,1052525,156851,6100393,178343,9345471,197810,15445864,
All CA Counties,2021-04-13,428889,24010092,240181,12300714,187790,10655935,918,1053443,240556,6157407,187441,9532912,244455,15690319,
All CA Counties,2021-04-14,444158,24454250,249714,12550428,194175,10850110,269,1053712,233607,6186213,209508,9742420,238314,15928633,
All CA Counties,2021-04-15,484633,24938883,282872,12833300,201530,11051640,231,1053943,272503,6250885,210830,9953250,275502,16204135,
All CA Counties,2021-04-16,466836,25405719,263193,13096493,203339,11254979,304,1054247,250284,6288384,215461,10168711,252960,16457095,
All CA Counties,2021-04-17,336368,25742087,188896,13285389,147432,11402411,40,1054287,191861,6339559,143825,10312536,195000,16652095,
All CA Counties,2021-04-18,152803,25894890,97241,13382630,55548,11457959,14,1054301,79289,6348671,73164,10385700,82276,16734371,
All CA Counties,2021-04-19,314382,26209272,181690,13564320,132609,11590568,83,1054384,149231,6335457,164373,10550073,151159,16885530,
All CA Counties,2021-04-20,402178,26611450,214121,13778441,188006,11778574,51,1054435,200858,6338983,200407,10750480,203933,17089463,
All CA Counties,2021-04-21,415398,27026848,235711,14014152,179434,11958008,253,1054688,200582,6329267,213593,10964073,203877,17293340,
All CA Counties,2021-04-22,440373,27467221,251258,14265410,189043,12147051,72,1054760,197160,6287658,241975,11206048,200366,17493706,
All CA Counties,2021-04-23,432188,27899409,247420,14512830,184687,12331738,81,1054841,196632,6253290,234331,11440379,199963,17693669,
All CA Counties,2021-04-24,318988,28218397,202174,14715004,116657,12448395,157,1054998,162638,6263796,155484,11595863,165990,17859659,
All CA Counties,2021-04-25,148104,28366501,97764,14812768,50278,12498673,62,1055060,79585,6276713,68129,11663992,81046,17940705,
All CA Counties,2021-04-26,268376,28634877,156960,14969728,110002,12608675,1414,1056474,116190,6247243,151371,11815363,121901,18062606,
All CA Counties,2021-04-27,336391,28971268,185979,15155707,145083,12753758,5329,1061803,135044,6190229,200355,12015718,143341,18205947,
All CA Counties,2021-04-28,344200,29315468,197628,15353335,138864,12892622,7708,1069511,140058,6137056,203211,12218929,150038,18355985,
All CA Counties,2021-04-29,352777,29668245,204049,15557384,141000,13033622,7728,1077239,127335,6049506,224428,12443357,136878,18492863,
All CA Counties,2021-04-30,365818,30034063,210652,15768036,146526,13180148,8640,1085879,138763,5972811,225984,12669341,149289,18642152,
All CA Counties,2021-05-01,244228,30278291,156310,15924346,81934,13262082,5984,1091863,89015,5915470,154549,12823890,97208,18739360,
All CA Counties,2021-05-02,115005,30393296,80096,16004442,31096,13293178,3813,1095676,40564,5886135,74078,12897968,44743,18784103,
All CA Counties,2021-05-03,248740,30642036,153713,16158155,86464,13379642,8563,1104239,75116,5797819,172867,13070835,84551,18868654,
All CA Counties,2021-05-04,321136,30963172,195972,16354127,115641,13495283,9523,1113762,94429,5677169,225750,13296585,105100,18973754,
All CA Counties,2021-05-05,304065,31267237,194291,16548418,100065,13595348,9709,1123471,85577,5555986,217435,13514020,96252,19070006,
All CA Counties,2021-05-06,320855,31588092,214849,16763267,95931,13691279,10075,1133546,81646,5412387,237799,13751819,94200,19164206,
All CA Counties,2021-05-07,315127,31903219,203079,16966346,102584,13793863,9464,1143010,85672,5280458,228291,13980110,96362,19260568,
All CA Counties,2021-05-08,208036,32111255,133534,17099880,68015,13861878,6487,1149497,56641,5194529,150459,14130569,64530,19325098,
All CA Counties,2021-05-09,87968,32199223,66119,17165999,18926,13880804,2923,1152420,24443,5159199,63117,14193686,27787,19352885,
All CA Counties,2021-05-10,161292,32360515,91211,17257210,62942,13943746,7139,1159559,42282,5091557,118315,14312001,50673,19403558,
All CA Counties,2021-05-11,142732,32503247,83019,17340229,56009,13999755,3704,1163263,29556,5012828,112693,14424694,33964,19437522,
All CA and Non-CA Counties,2020-12-15,1141,1141,1141,1141,0,0,0,0,1141,1141,0,0,1141,1141,
All CA and Non-CA Counties,2020-12-16,8387,9528,8387,9528,0,0,0,0,8387,9528,0,0,8387,9528,
All CA and Non-CA Counties,2020-12-17,27323,36851,27323,36851,0,0,0,0,27323,36851,0,0,27323,36851,
All CA and Non-CA Counties,2020-12-18,46319,83170,46257,83108,62,62,0,0,46319,83170,0,0,46319,83170,
All CA and Non-CA Counties,2020-12-19,26325,109495,26301,109409,24,86,0,0,26324,109493,1,1,26324,109494,
All CA and Non-CA Counties,2020-12-20,19646,129141,19616,129025,30,116,0,0,19645,129137,1,2,19645,129139,
All CA and Non-CA Counties,2020-12-21,51736,180877,51651,180676,85,201,0,0,51734,180870,1,3,51734,180873,
All CA and Non-CA Counties,2020-12-22,51931,232808,49746,230422,2185,2386,0,0,51929,232798,1,4,51929,232802,
All CA and Non-CA Counties,2020-12-23,51782,284590,42938,273360,8844,11230,0,0,51778,284576,0,4,51778,284580,
All CA and Non-CA Counties,2020-12-24,24826,309416,16935,290295,7891,19121,0,0,24823,309398,1,5,24823,309403,
All CA and Non-CA Counties,2020-12-25,2368,311784,2043,292338,325,19446,0,0,2368,311766,0,5,2368,311771,
All CA and Non-CA Counties,2020-12-26,14916,326700,9640,301978,5276,24722,0,0,14915,326680,1,6,14915,326686,
All CA and Non-CA Counties,2020-12-27,9578,336278,5640,307618,3938,28660,0,0,9577,336256,1,7,9577,336263,
All CA and Non-CA Counties,2020-12-28,47082,383360,30178,337796,16904,45564,0,0,47079,383332,3,10,47079,383342,
All CA and Non-CA Counties,2020-12-29,52590,435950,29536,367332,23054,68618,0,0,52586,435915,3,13,52586,435928,
All CA and Non-CA Counties,2020-12-30,64930,500880,36936,404268,27994,96612,0,0,64922,500834,3,16,64922,500850,
All CA and Non-CA Counties,2020-12-31,30420,531300,11445,415713,18975,115587,0,0,30410,531238,6,22,30410,531260,
All CA and Non-CA Counties,2021-01-01,4136,535436,1805,417518,2331,117918,0,0,4132,535367,3,25,4132,535392,
All CA and Non-CA Counties,2021-01-02,18716,554152,10382,427900,8334,126252,0,0,18714,554080,1,26,18714,554106,
All CA and Non-CA Counties,2021-01-03,6322,560474,3572,431472,2750,129002,0,0,6293,560361,12,38,6293,560399,
All CA and Non-CA Counties,2021-01-04,44678,605152,22591,454063,22087,151089,0,0,44594,604912,43,81,44594,604993,
All CA and Non-CA Counties,2021-01-05,57879,663031,30468,484531,27411,178500,0,0,52252,651681,5570,5651,52339,657332,
All CA and Non-CA Counties,2021-01-06,75980,739011,42069,526600,33911,212411,0,0,59930,695770,15869,21520,59958,717290,
All CA and Non-CA Counties,2021-01-07,96040,835051,54826,581426,41214,253625,0,0,63823,727590,32051,53571,63871,781161,
All CA and Non-CA Counties,2021-01-08,110992,946043,66920,648346,44072,297697,0,0,68038,752877,42813,96384,68100,849261,
All CA and Non-CA Counties,2021-01-09,45503,991546,25982,674328,19521,317218,0,0,28696,764815,16785,113169,28723,877984,
All CA and Non-CA Counties,2021-01-10,24575,1016121,15010,689338,9565,326783,0,0,13235,766743,11324,124493,13252,891236,
All CA and Non-CA Counties,2021-01-11,107554,1123675,71384,760722,36170,362953,0,0,62499,784393,45015,169508,62665,953901,
All CA and Non-CA Counties,2021-01-12,116458,1240133,68787,829509,47671,410624,0,0,73968,816182,42406,211914,74195,1028096,
All CA and Non-CA Counties,2021-01-13,122349,1362482,63260,892769,59089,469713,0,0,87550,869096,34715,246629,87629,1115725,
All CA and Non-CA Counties,2021-01-14,127099,1489581,50797,943566,76302,546015,0,0,106934,956130,20049,266678,107083,1222808,
All CA and Non-CA Counties,2021-01-15,145986,1635567,53074,996640,92912,638927,0,0,130514,1071467,15367,282045,130704,1353512,
All CA and Non-CA Counties,2021-01-16,83059,1718626,27773,1024413,55286,694213,0,0,75361,1139206,7670,289715,75409,1428921,
All CA and Non-CA Counties,2021-01-17,48550,1767176,16939,1041352,31611,725824,0,0,44869,1180447,3673,293388,44914,1473835,
All CA and Non-CA Counties,2021-01-18,88921,1856097,46442,1087794,42479,768303,0,0,69316,1230400,19524,312912,69477,1543312,
All CA and Non-CA Counties,2021-01-19,145621,2001718,74751,1162545,70870,839173,0,0,113652,1312491,31876,344788,113967,1657279,
All CA and Non-CA Counties,2021-01-20,163691,2165409,82791,1245336,80900,920073,0,0,129277,1407817,34197,378985,129523,1786802,
All CA and Non-CA Counties,2021-01-21,176982,2342391,77888,1323224,99094,1019167,0,0,157416,1546216,19348,398333,157747,1944549,
All CA and Non-CA Counties,2021-01-22,173633,2516024,70158,1393382,103475,1122642,0,0,159006,1690894,14493,412826,159171,2103720,
All CA and Non-CA Counties,2021-01-23,113299,2629323,49777,1443159,63522,1186164,0,0,100585,1778939,12655,425481,100700,2204420,
All CA and Non-CA Counties,2021-01-24,61511,2690834,29735,1472894,31776,1217940,0,0,56799,1831110,4682,430163,56853,2261273,
All CA and Non-CA Counties,2021-01-25,148402,2839236,66903,1539797,81499,1299439,0,0,112832,1908843,35446,465609,113179,2374452,
All CA and Non-CA Counties,2021-01-26,173768,3013004,85403,1625200,88365,1387804,0,0,135780,2007022,37863,503472,136042,2510494,
All CA and Non-CA Counties,2021-01-27,184521,3197525,90675,1715875,93846,1481650,0,0,144707,2112523,39408,542880,144909,2655403,
All CA and Non-CA Counties,2021-01-28,192405,3389930,89111,1804986,103294,1584944,0,0,157979,2236559,34133,577013,158169,2813572,
All CA and Non-CA Counties,2021-01-29,187788,3577718,91225,1896211,96563,1681507,0,0,152614,2354714,34611,611624,152766,2966338,
All CA and Non-CA Counties,2021-01-30,127252,3704970,57624,1953835,69628,1751135,0,0,112030,2451821,15061,626685,112168,3078506,
All CA and Non-CA Counties,2021-01-31,72399,3777369,41685,1995520,30714,1781849,0,0,67269,2514060,5083,631768,67322,3145828,
All CA and Non-CA Counties,2021-02-01,163760,3941129,75515,2071035,88245,1870094,0,0,124895,2600371,38713,670481,125024,3270852,
All CA and Non-CA Counties,2021-02-02,192607,4133736,81720,2152755,110887,1980981,0,0,146112,2700565,46135,716616,146329,3417181,
All CA and Non-CA Counties,2021-02-03,217423,4351159,97141,2249896,120282,2101263,0,0,162558,2808996,54360,770976,162791,3579972,
All CA and Non-CA Counties,2021-02-04,234424,4585583,102122,2352018,132302,2233565,0,0,172838,2921146,61035,832011,173185,3753157,
All CA and Non-CA Counties,2021-02-05,252237,4837820,108538,2460556,143699,2377264,0,0,172598,3015360,78882,910893,173096,3926253,
All CA and Non-CA Counties,2021-02-06,158962,4996782,76892,2537448,82070,2459334,0,0,123825,3104710,34964,945857,124314,4050567,
All CA and Non-CA Counties,2021-02-07,68914,5065696,44965,2582413,23949,2483283,0,0,52419,3141170,16409,962266,52869,4103436,
All CA and Non-CA Counties,2021-02-08,185461,5251157,91860,2674273,93601,2576884,0,0,123226,3203347,61770,1024036,123947,4227383,
All CA and Non-CA Counties,2021-02-09,214799,5465956,103664,2777937,111135,2688019,0,0,129350,3248844,84996,1109032,130493,4357876,
All CA and Non-CA Counties,2021-02-10,253534,5719490,121667,2899604,131867,2819886,0,0,140903,3279452,111794,1220826,142402,4500278,
All CA and Non-CA Counties,2021-02-11,268576,5988066,132958,3032562,135618,2955504,0,0,148275,3310285,119231,1340057,150064,4650342,
All CA and Non-CA Counties,2021-02-12,276571,6264637,120874,3153436,155697,3111201,0,0,150041,3336955,125712,1465769,152382,4802724,
All CA and Non-CA Counties,2021-02-13,168815,6433452,77766,3231202,91049,3202250,0,0,93881,3358268,74518,1540287,95831,4898555,
All CA and Non-CA Counties,2021-02-14,96567,6530019,47864,3279066,48703,3250953,0,0,52675,3368749,43733,1584020,54214,4952769,
All CA and Non-CA Counties,2021-02-15,144196,6674215,63851,3342917,80345,3331298,0,0,79613,3387281,64200,1648220,82732,5035501,
All CA and Non-CA Counties,2021-02-16,254499,6928714,120616,3463533,133883,3465181,0,0,135575,3407372,118552,1766772,138643,5174144,
All CA and Non-CA Counties,2021-02-17,263538,7192252,131142,3594675,132396,3597577,0,0,130250,3408027,132780,1899552,133435,5307579,
All CA and Non-CA Counties,2021-02-18,278039,7470291,145513,3740188,132526,3730103,0,0,133897,3402638,143456,2043008,138067,5445646,
All CA and Non-CA Counties,2021-02-19,257483,7727774,150158,3890346,107325,3837428,0,0,132520,3412731,124484,2167492,134577,5580223,
All CA and Non-CA Counties,2021-02-20,155508,7883282,100224,3990570,55284,3892712,0,0,85069,3429573,70185,2237677,87027,5667250,
All CA and Non-CA Counties,2021-02-21,75119,7958401,60924,4051494,14195,3906907,0,0,36466,3429148,38419,2276096,37994,5705244,
All CA and Non-CA Counties,2021-02-22,166303,8124704,111757,4163251,54546,3961453,0,0,83290,3431445,82691,2358787,84988,5790232,
All CA and Non-CA Counties,2021-02-23,227833,8352537,119924,4283175,107909,4069362,0,0,105362,3420868,121909,2480696,111332,5901564,
All CA and Non-CA Counties,2021-02-24,287386,8639923,145333,4428508,142053,4211415,0,0,136533,3414675,150248,2630944,144055,6045619,
All CA and Non-CA Counties,2021-02-25,323843,8963766,158940,4587448,164903,4376318,0,0,169199,3438398,153964,2784908,177687,6223306,
All CA and Non-CA Counties,2021-02-26,356949,9320715,166835,4754283,190114,4566432,0,0,199192,3488004,156806,2941714,206412,6429718,
All CA and Non-CA Counties,2021-02-27,251948,9572663,120868,4875151,131061,4697493,19,19,141219,3523481,110146,3051860,145623,6575341,
All CA and Non-CA Counties,2021-02-28,132435,9705098,79480,4954631,52951,4750444,4,23,76811,3547911,55218,3107078,79648,6654989,
All CA and Non-CA Counties,2021-03-01,241397,9946495,128438,5083069,112898,4863342,61,84,138248,3587700,102489,3209567,142278,6797267,
All CA and Non-CA Counties,2021-03-02,281743,10228238,136104,5219173,145622,5008964,17,101,165915,3645136,115348,3324915,172784,6970051,
All CA and Non-CA Counties,2021-03-03,335108,10563346,164657,5383830,170407,5179371,44,145,190597,3699172,143860,3468775,197896,7167947,
All CA and Non-CA Counties,2021-03-04,353333,10916679,177327,5561157,175916,5355287,90,235,205438,3764512,147170,3615945,212510,7380457,
All CA and Non-CA Counties,2021-03-05,336684,11253363,163615,5724772,171944,5527231,1125,1360,207975,3852871,127948,3743893,216307,7596764,
All CA and Non-CA Counties,2021-03-06,260074,11513437,132405,5857177,119720,5646951,7949,9309,160651,3927120,99032,3842925,173281,7770045,
All CA and Non-CA Counties,2021-03-07,125768,11639205,76503,5933680,45155,5692106,4110,13419,78141,3965574,47453,3890378,85907,7855952,
All CA and Non-CA Counties,2021-03-08,218259,11857464,105314,6038994,102332,5794438,10613,24032,142434,4048136,75440,3965818,158002,8013954,
All CA and Non-CA Counties,2021-03-09,271006,12128470,117846,6156840,137024,5931462,16136,40168,146437,4090638,124124,4089942,166626,8180580,
All CA and Non-CA Counties,2021-03-10,317799,12446269,155781,6312621,137225,6068687,24793,64961,170954,4144321,146229,4236171,199912,8380492,
All CA and Non-CA Counties,2021-03-11,380102,12826371,184134,6496755,162062,6230749,33906,98867,195652,4194549,183556,4419727,233784,8614276,
All CA and Non-CA Counties,2021-03-12,394837,13221208,176757,6673512,171356,6402105,46724,145591,193195,4237602,200897,4620624,243950,8858226,
All CA and Non-CA Counties,2021-03-13,282262,13503470,124034,6797546,126804,6528909,31424,177015,152496,4296445,129341,4749965,188184,9046410,
All CA and Non-CA Counties,2021-03-14,154353,13657823,82340,6879886,56819,6585728,15194,192209,83319,4326454,70775,4820740,100784,9147194,
All CA and Non-CA Counties,2021-03-15,291566,13949389,138971,7018857,131791,6717519,20804,213013,159311,4378384,131564,4952304,183494,9330688,
All CA and Non-CA Counties,2021-03-16,374470,14323859,176189,7195046,180798,6898317,17483,230496,219026,4463338,154745,5107049,239699,9570387,
All CA and Non-CA Counties,2021-03-17,387367,14711226,192585,7387631,176080,7074397,18702,249198,240361,4578685,146248,5253297,261595,9831982,
All CA and Non-CA Counties,2021-03-18,404732,15115958,207508,7595139,178954,7253351,18270,267468,242630,4680583,161075,5414372,262973,10094955,
All CA and Non-CA Counties,2021-03-19,411482,15527440,215877,7811016,173725,7427076,21880,289348,241549,4776962,169020,5583392,265399,10360354,
All CA and Non-CA Counties,2021-03-20,294653,15822093,155057,7966073,123831,7550907,15765,305113,189872,4879869,104165,5687557,207072,10567426,
All CA and Non-CA Counties,2021-03-21,143313,15965406,98575,8064648,37266,7588173,7472,312585,90828,4927347,52169,5739726,99647,10667073,
All CA and Non-CA Counties,2021-03-22,273611,16239017,159118,8223766,103451,7691624,11042,323627,180811,5030085,92112,5831838,194850,10861923,
All CA and Non-CA Counties,2021-03-23,360022,16599039,197300,8421066,151624,7843248,11098,334725,231825,5148228,127339,5959177,245482,11107405,
All CA and Non-CA Counties,2021-03-24,390320,16989359,222969,8644035,154782,7998030,12569,347294,230914,5235536,158261,6117438,245569,11352974,
All CA and Non-CA Counties,2021-03-25,420782,17410141,231155,8875190,174765,8172795,14862,362156,244370,5321723,175199,6292637,261386,11614360,
All CA and Non-CA Counties,2021-03-26,434540,17844681,232123,9107313,186462,8359257,15955,378111,241599,5390302,191805,6484442,260384,11874744,
All CA and Non-CA Counties,2021-03-27,312765,18157446,166121,9273434,135154,8494411,11490,389601,161792,5415586,150221,6634663,175505,12050249,
All CA and Non-CA Counties,2021-03-28,169131,18326577,107599,9381033,57804,8552215,3728,393329,92949,5438374,75788,6710451,98576,12148825,
All CA and Non-CA Counties,2021-03-29,311509,18638086,167442,9548475,135188,8687403,8879,402208,177653,5494201,133177,6843628,189004,12337829,
All CA and Non-CA Counties,2021-03-30,400556,19038642,202557,9751032,179799,8867202,18200,420408,243899,5602136,155948,6999576,263883,12601712,
All CA and Non-CA Counties,2021-03-31,425998,19464640,231865,9982897,172167,9039369,21966,442374,244779,5689571,180345,7179921,267780,12869492,
All CA and Non-CA Counties,2021-04-01,490949,19955589,252382,10235279,198965,9238334,39602,481976,272955,5786377,216930,7396851,313736,13183228,
All CA and Non-CA Counties,2021-04-02,472799,20428388,231131,10466410,198761,9437095,42907,524883,258247,5875752,213445,7610296,302820,13486048,
All CA and Non-CA Counties,2021-04-03,329665,20758053,167847,10634257,120339,9557434,41479,566362,165831,5920964,163258,7773554,208470,13694518,
All CA and Non-CA Counties,2021-04-04,133237,20891290,69433,10703690,44674,9602108,19130,585492,59661,5926577,73321,7846875,78934,13773452,
All CA and Non-CA Counties,2021-04-05,352787,21244077,181675,10885365,131429,9733537,39683,625175,175647,5967787,176548,8023423,217758,13991210,
All CA and Non-CA Counties,2021-04-06,460238,21704315,233803,11119168,159967,9893504,66468,691643,224508,6025787,234894,8258317,292894,14284104,
All CA and Non-CA Counties,2021-04-07,474323,22178638,247058,11366226,156480,10049984,70785,762428,232423,6088961,241062,8499379,304236,14588340,
All CA and Non-CA Counties,2021-04-08,500723,22679361,253249,11619475,162257,10212241,85217,847645,236742,6150216,262960,8762339,324215,14912555,
All CA and Non-CA Counties,2021-04-09,493404,23172765,245881,11865356,166777,10379018,80746,928391,229182,6199914,263279,9025618,312977,15225532,
All CA and Non-CA Counties,2021-04-10,368061,23540826,169279,12034635,123987,10503005,74795,1003186,155228,6220423,212192,9237810,232701,15458233,
All CA and Non-CA Counties,2021-04-11,188701,23729527,105876,12140511,48333,10551338,34492,1037678,78808,6226961,109582,9347392,116120,15574353,
All CA and Non-CA Counties,2021-04-12,339960,24069487,174965,12315476,127000,10678338,37995,1075673,158635,6246613,180477,9527869,200129,15774482,
All CA and Non-CA Counties,2021-04-13,434474,24503961,243693,12559169,189840,10868178,941,1076614,243379,6303707,190207,9718076,247301,16021783,
All CA and Non-CA Counties,2021-04-14,449337,24953298,252901,12812070,196164,11064342,272,1076886,236451,6333018,211850,9929926,241161,16262944,
All CA and Non-CA Counties,2021-04-15,490517,25443815,286422,13098492,203857,11268199,238,1077124,275682,6398216,213491,10143417,278689,16541633,
All CA and Non-CA Counties,2021-04-16,472737,25916552,266591,13365083,205835,11474034,311,1077435,253685,6436613,217972,10361389,256369,16798002,
All CA and Non-CA Counties,2021-04-17,341562,26258114,191956,13557039,149565,11623599,41,1077476,194836,6488547,146042,10507431,197976,16995978,
All CA and Non-CA Counties,2021-04-18,154889,26413003,98397,13655436,56477,11680076,15,1077491,80283,6497565,74254,10581685,83272,17079250,
All CA and Non-CA Counties,2021-04-19,318544,26731547,183670,13839106,134790,11814866,84,1077575,151415,6484569,166342,10748027,153346,17232596,
All CA and Non-CA Counties,2021-04-20,407629,27139176,216652,14055758,190926,12005792,51,1077626,203174,6487283,203535,10951562,206249,17438845,
All CA and Non-CA Counties,2021-04-21,421966,27561142,238579,14294337,183131,12188923,256,1077882,203097,6476048,217631,11169193,206396,17645241,
All CA and Non-CA Counties,2021-04-22,447505,28008647,255113,14549450,192317,12381240,75,1077957,200065,6433130,246193,11415386,203275,17848516,
All CA and Non-CA Counties,2021-04-23,438336,28446983,250658,14800108,187596,12568836,82,1078039,199398,6398163,237699,11653085,202732,18051248,
All CA and Non-CA Counties,2021-04-24,323937,28770920,205632,15005740,118144,12686980,161,1078200,164901,6408258,158165,11811250,168260,18219508,
All CA and Non-CA Counties,2021-04-25,150289,28921209,99064,15104804,51161,12738141,64,1078264,80730,6421287,69166,11880416,82195,18301703,
All CA and Non-CA Counties,2021-04-26,271946,29193155,158539,15263343,111971,12850112,1436,1079700,117815,6391526,153309,12033725,123548,18425251,
All CA and Non-CA Counties,2021-04-27,341492,29534647,187716,15451059,148157,12998269,5619,1085319,136987,6333599,203506,12237231,145579,18570830,
All CA and Non-CA Counties,2021-04-28,349137,29883784,199766,15650825,141266,13139535,8105,1093424,142089,6279961,206106,12443337,152468,18723298,
All CA and Non-CA Counties,2021-04-29,357727,30241511,206334,15857159,143235,13282770,8158,1101582,129333,6191907,227361,12670698,139307,18862605,
All CA and Non-CA Counties,2021-04-30,370791,30612302,213106,16070265,148628,13431398,9057,1110639,140768,6114677,228942,12899640,151712,19014317,
All CA and Non-CA Counties,2021-05-01,247406,30859708,158160,16228425,82830,13514228,6416,1117055,90330,6057226,156405,13056045,98954,19113271,
All CA and Non-CA Counties,2021-05-02,116875,30976583,81178,16309603,31759,13545987,3938,1120993,41428,6027876,75082,13131127,45732,19159003,
All CA and Non-CA Counties,2021-05-03,251797,31228380,155473,16465076,87464,13633451,8860,1129853,76439,5939449,174597,13305724,86170,19245173,
All CA and Non-CA Counties,2021-05-04,325412,31553792,198325,16663401,117088,13750539,9999,1139852,96251,5818649,228197,13533921,107397,19352570,
All CA and Non-CA Counties,2021-05-05,308735,31862527,197040,16860441,101577,13852116,10118,1149970,87620,5697302,220053,13753974,98706,19451276,
All CA and Non-CA Counties,2021-05-06,325725,32188252,217943,17078384,97321,13949437,10461,1160431,83855,5553647,240451,13994425,96796,19548072,
All CA and Non-CA Counties,2021-05-07,320253,32508505,206144,17284528,104207,14053644,9902,1170333,87936,5421566,231143,14225568,99062,19647134,
All CA and Non-CA Counties,2021-05-08,211817,32720322,136103,17420631,68954,14122598,6760,1177093,58450,5335814,152368,14377936,66616,19713750,
All CA and Non-CA Counties,2021-05-09,89470,32809792,67111,17487742,19301,14141899,3058,1180151,25207,5300667,63832,14441768,28685,19742435,
All CA and Non-CA Counties,2021-05-10,163919,32973711,92394,17580136,64034,14205933,7491,1187642,43425,5233054,119780,14561548,52167,19794602,
All CA and Non-CA Counties,2021-05-11,144538,33118249,83923,17664059,56761,14262694,3854,1191496,30160,5153876,113895,14675443,34717,19829319,
Outside California,2020-12-15,7,7,7,7,0,0,0,0,7,7,0,0,7,7,Not in California
Outside California,2020-12-16,266,273,266,273,0,0,0,0,266,273,0,0,266,273,Not in California
Outside California,2020-12-17,1600,1873,1600,1873,0,0,0,0,1600,1873,0,0,1600,1873,Not in California
Outside California,2020-12-18,2556,4429,2549,4422,7,7,0,0,2556,4429,0,0,2556,4429,Not in California
Outside California,2020-12-19,1039,5468,1038,5460,1,8,0,0,1039,5468,0,0,1039,5468,Not in California
Outside California,2020-12-20,675,6143,672,6132,3,11,0,0,675,6143,0,0,675,6143,Not in California
Outside California,2020-12-21,2185,8328,2182,8314,3,14,0,0,2185,8328,0,0,2185,8328,Not in California
Outside California,2020-12-22,2061,10389,1987,10301,74,88,0,0,2061,10389,0,0,2061,10389,Not in California
Outside California,2020-12-23,1517,11906,1383,11684,134,222,0,0,1517,11906,0,0,1517,11906,Not in California
Outside California,2020-12-24,803,12709,611,12295,192,414,0,0,803,12709,0,0,803,12709,Not in California
Outside California,2020-12-25,33,12742,29,12324,4,418,0,0,33,12742,0,0,33,12742,Not in California
Outside California,2020-12-26,306,13048,203,12527,103,521,0,0,306,13048,0,0,306,13048,Not in California
Outside California,2020-12-27,189,13237,73,12600,116,637,0,0,189,13237,0,0,189,13237,Not in California
Outside California,2020-12-28,1412,14649,893,13493,519,1156,0,0,1412,14649,0,0,1412,14649,Not in California
Outside California,2020-12-29,1548,16197,1016,14509,532,1688,0,0,1548,16197,0,0,1548,16197,Not in California
Outside California,2020-12-30,1921,18118,1230,15739,691,2379,0,0,1921,18118,0,0,1921,18118,Not in California
Outside California,2020-12-31,1119,19237,600,16339,519,2898,0,0,1118,19235,1,1,1118,19236,Not in California
Outside California,2021-01-01,111,19348,23,16362,88,2986,0,0,111,19346,0,1,111,19347,Not in California
Outside California,2021-01-02,238,19586,132,16494,106,3092,0,0,237,19582,1,2,237,19584,Not in California
Outside California,2021-01-03,170,19756,90,16584,80,3172,0,0,170,19752,0,2,170,19754,Not in California
Outside California,2021-01-04,1147,20903,512,17096,635,3807,0,0,1143,20895,0,2,1143,20897,Not in California
Outside California,2021-01-05,1540,22443,812,17908,728,4535,0,0,1349,22055,189,191,1349,22246,Not in California
Outside California,2021-01-06,2707,25150,1597,19505,1110,5645,0,0,1974,23299,730,921,1974,24220,Not in California
Outside California,2021-01-07,4143,29293,2536,22041,1607,7252,0,0,2489,24138,1652,2573,2491,26711,Not in California
Outside California,2021-01-08,4518,33811,2924,24965,1594,8846,0,0,2639,24911,1869,4442,2642,29353,Not in California
Outside California,2021-01-09,1316,35127,526,25491,790,9636,0,0,991,25580,324,4766,993,30346,Not in California
Outside California,2021-01-10,302,35429,180,25671,122,9758,0,0,183,25644,119,4885,183,30529,Not in California
Outside California,2021-01-11,3304,38733,2010,27681,1294,11052,0,0,1973,26286,1331,6216,1973,32502,Not in California
Outside California,2021-01-12,3877,42610,2311,29992,1566,12618,0,0,2336,27086,1537,7753,2337,34839,Not in California
Outside California,2021-01-13,3690,46300,1805,31797,1885,14503,0,0,2514,28427,1176,8929,2517,37356,Not in California
Outside California,2021-01-14,3739,50039,1274,33071,2465,16968,0,0,3100,30903,626,9555,3102,40458,Not in California
Outside California,2021-01-15,4263,54302,994,34065,3269,20237,0,0,3796,34245,454,10009,3796,44254,Not in California
Outside California,2021-01-16,2694,56996,380,34445,2314,22551,0,0,2526,36605,166,10175,2526,46780,Not in California
Outside California,2021-01-17,495,57491,149,34594,346,22897,0,0,446,37002,49,10224,446,47226,Not in California
Outside California,2021-01-18,1195,58686,767,35361,428,23325,0,0,739,37287,455,10679,740,47966,Not in California
Outside California,2021-01-19,4032,62718,1318,36679,2714,26039,0,0,3140,39538,892,11571,3143,51109,Not in California
Outside California,2021-01-20,4388,67106,1408,38087,2980,29019,0,0,3455,42064,930,12501,3456,54565,Not in California
Outside California,2021-01-21,4122,71228,1117,39204,3005,32024,0,0,3559,45075,548,13049,3559,58124,Not in California
Outside California,2021-01-22,4621,75849,1079,40283,3542,35566,0,0,4226,48911,391,13440,4227,62351,Not in California
Outside California,2021-01-23,2249,78098,331,40614,1918,37484,0,0,2087,50836,162,13602,2087,64438,Not in California
Outside California,2021-01-24,604,78702,245,40859,359,37843,0,0,526,51284,78,13680,526,64964,Not in California
Outside California,2021-01-25,4460,83162,1957,42816,2503,40346,0,0,3597,54022,860,14540,3598,68562,Not in California
Outside California,2021-01-26,5945,89107,2893,45709,3052,43398,0,0,5098,58281,846,15386,5105,73667,Not in California
Outside California,2021-01-27,4820,93927,2675,48384,2145,45543,0,0,4205,61876,611,15997,4206,77873,Not in California
Outside California,2021-01-28,5293,99220,2884,51268,2409,47952,0,0,4765,66124,517,16514,4765,82638,Not in California
Outside California,2021-01-29,4945,104165,3099,54367,1846,49798,0,0,4159,69504,781,17295,4161,86799,Not in California
Outside California,2021-01-30,4509,108674,2465,56832,2044,51842,0,0,4281,73561,225,17520,4282,91081,Not in California
Outside California,2021-01-31,3169,111843,2749,59581,420,52262,0,0,3111,76616,57,17577,3112,94193,Not in California
Outside California,2021-02-01,5471,117314,2558,62139,2913,55175,0,0,4779,80711,684,18261,4779,98972,Not in California
Outside California,2021-02-02,6759,124073,2165,64304,4594,59769,0,0,6039,86037,713,18974,6039,105011,Not in California
Outside California,2021-02-03,7320,131393,2083,66387,5237,65006,0,0,6453,91633,858,19832,6454,111465,Not in California
Outside California,2021-02-04,6794,138187,2172,68559,4622,69628,0,0,5804,96457,981,20813,5805,117270,Not in California
Outside California,2021-02-05,6799,144986,2215,70774,4584,74212,0,0,5735,101132,1060,21873,5735,123005,Not in California
Outside California,2021-02-06,4447,149433,2166,72940,2281,76493,0,0,3984,104665,454,22327,3987,126992,Not in California
Outside California,2021-02-07,2249,151682,1863,74803,386,76879,0,0,2172,106762,77,22404,2174,129166,Not in California
Outside California,2021-02-08,5396,157078,3433,78236,1963,78842,0,0,4339,110054,1047,23451,4339,133505,Not in California
Outside California,2021-02-09,4339,161417,1965,80201,2374,81216,0,0,3031,111802,1297,24748,3045,136550,Not in California
Outside California,2021-02-10,5599,167016,1932,82133,3667,84883,0,0,3161,112575,2430,27178,3203,139753,Not in California
Outside California,2021-02-11,4759,171775,2186,84319,2573,87456,0,0,3459,114761,1291,28469,3477,143230,Not in California
Outside California,2021-02-12,5203,176978,1920,86239,3283,90739,0,0,3392,116353,1804,30273,3396,146626,Not in California
Outside California,2021-02-13,2399,179377,695,86934,1704,92443,0,0,1854,117674,545,30818,1866,148492,Not in California
Outside California,2021-02-14,1326,180703,400,87334,926,93369,0,0,1085,118523,238,31056,1087,149579,Not in California
Outside California,2021-02-15,2505,183208,1509,88843,996,94365,0,0,1196,118427,1296,32352,1200,150779,Not in California
Outside California,2021-02-16,6426,189634,2884,91727,3542,97907,0,0,2611,117239,3804,36156,2616,153395,Not in California
Outside California,2021-02-17,5889,195523,2933,94660,2956,100863,0,0,1828,115015,4056,40212,1832,155227,Not in California
Outside California,2021-02-18,6380,201903,3687,98347,2693,103556,0,0,2035,112723,4328,44540,2036,157263,Not in California
Outside California,2021-02-19,5714,207617,3962,102309,1752,105308,0,0,2404,111823,3305,47845,2405,159668,Not in California
Outside California,2021-02-20,3312,210929,2658,104967,654,105962,0,0,1202,110920,2106,49951,1203,160871,Not in California
Outside California,2021-02-21,1810,212739,1594,106561,216,106178,0,0,629,110372,1177,51128,629,161500,Not in California
Outside California,2021-02-22,3456,216195,2527,109088,929,107107,0,0,1618,110159,1836,52964,1623,163123,Not in California
Outside California,2021-02-23,5835,222030,3229,112317,2606,109713,0,0,2303,108950,3526,56490,2317,165440,Not in California
Outside California,2021-02-24,6319,228349,3472,115789,2847,112560,0,0,2479,107599,3835,60325,2484,167924,Not in California
Outside California,2021-02-25,6895,235244,3488,119277,3407,115967,0,0,3124,106987,3740,64065,3128,171052,Not in California
Outside California,2021-02-26,6798,242042,3604,122881,3194,119161,0,0,3167,106602,3553,67618,3168,174220,Not in California
Outside California,2021-02-27,5311,247353,2575,125456,2735,121896,1,1,1856,105018,3444,71062,1860,176080,Not in California
Outside California,2021-02-28,2426,249779,1768,127224,657,122553,1,2,795,104186,1629,72691,797,176877,Not in California
Outside California,2021-03-01,4719,254498,2926,130150,1792,124345,1,3,1306,102092,3406,76097,1312,178189,Not in California
Outside California,2021-03-02,6184,260682,2006,132156,4178,128523,0,3,1877,99674,4297,80394,1879,180068,Not in California
Outside California,2021-03-03,7747,268429,2958,135114,4787,133310,2,5,2590,97125,5145,85539,2596,182664,Not in California
Outside California,2021-03-04,6728,275157,2839,137953,3885,137195,4,9,2341,95100,4372,89911,2347,185011,Not in California
Outside California,2021-03-05,5025,280182,2437,140390,2574,139769,14,23,2574,95252,2443,92354,2595,187606,Not in California
Outside California,2021-03-06,4573,284755,2110,142500,2308,142077,155,178,2314,95472,2257,94611,2477,190083,Not in California
Outside California,2021-03-07,1541,286296,978,143478,510,142587,53,231,923,95832,617,95228,977,191060,Not in California
Outside California,2021-03-08,2986,289282,1731,145209,1011,143598,244,475,2103,97332,854,96082,2354,193414,Not in California
Outside California,2021-03-09,4270,293552,2012,147221,1936,145534,322,797,2427,98242,1839,97921,2749,196163,Not in California
Outside California,2021-03-10,4196,297748,1926,149147,1763,147297,507,1304,2538,99644,1650,99571,3052,199215,Not in California
Outside California,2021-03-11,6131,303879,3124,152271,2329,149626,678,1982,3309,100817,2815,102386,3988,203203,Not in California
Outside California,2021-03-12,6325,310204,3778,156049,1821,151447,726,2708,3486,102198,2832,105218,4213,207416,Not in California
Outside California,2021-03-13,3715,313919,2142,158191,1111,152558,462,3170,2583,104121,1125,106343,3048,210464,Not in California
Outside California,2021-03-14,1750,315669,891,159082,534,153092,325,3495,1039,104775,711,107054,1365,211829,Not in California
Outside California,2021-03-15,3918,319587,2020,161102,1456,154548,442,3937,2072,105454,1840,108894,2519,214348,Not in California
Outside California,2021-03-16,7440,327027,4336,165438,2736,157284,368,4305,4165,106711,3273,112167,4530,218878,Not in California
Outside California,2021-03-17,8334,335361,5374,170812,2594,159878,366,4671,5014,108776,3316,115483,5381,224259,Not in California
Outside California,2021-03-18,8142,343503,4998,175810,2620,162498,524,5195,4726,110619,3407,118890,5250,229509,Not in California
Outside California,2021-03-19,7253,350756,4292,180102,2422,164920,539,5734,4375,112661,2875,121765,4917,234426,Not in California
Outside California,2021-03-20,4676,355432,3061,183163,1529,166449,86,5820,3601,115280,1068,122833,3687,238113,Not in California
Outside California,2021-03-21,1996,357428,1346,184509,563,167012,87,5907,1601,116576,393,123226,1689,239802,Not in California
Outside California,2021-03-22,3216,360644,1934,186443,1195,168207,87,5994,2227,117907,983,124209,2314,242116,Not in California
Outside California,2021-03-23,5986,366630,3051,189494,2662,170869,273,6267,4204,120616,1769,125978,4478,246594,Not in California
Outside California,2021-03-24,7236,373866,3718,193212,3095,173964,423,6690,5075,123958,2154,128132,5496,252090,Not in California
Outside California,2021-03-25,8195,382061,3828,197040,3880,177844,487,7177,6035,128331,2149,130281,6522,258612,Not in California
Outside California,2021-03-26,6574,388635,3457,200497,2945,180789,172,7349,4482,130917,2067,132348,4653,263265,Not in California
Outside California,2021-03-27,5269,393904,3017,203514,2149,182938,103,7452,3398,132554,1862,134210,3499,266764,Not in California
Outside California,2021-03-28,3014,396918,1593,205107,1263,184201,158,7610,2018,133739,991,135201,2176,268940,Not in California
Outside California,2021-03-29,5020,401938,2212,207319,2477,186678,331,7941,2993,135039,2025,137226,3325,272265,Not in California
Outside California,2021-03-30,6741,408679,3543,210862,2655,189333,543,8484,4183,137225,2548,139774,4734,276999,Not in California
Outside California,2021-03-31,6194,414873,3714,214576,1718,191051,762,9246,3483,138761,2706,142480,4242,281241,Not in California
Outside California,2021-04-01,7364,422237,4425,219001,2316,193367,623,9869,4290,140601,3067,145547,4907,286148,Not in California
Outside California,2021-04-02,8274,430511,4374,223375,2776,196143,1124,10993,4331,142118,3936,149483,5453,291601,Not in California
Outside California,2021-04-03,6052,436563,3599,226974,1306,197449,1147,12140,3174,143567,2872,152355,4321,295922,Not in California
Outside California,2021-04-04,1760,438323,862,227836,662,198111,236,12376,982,144006,778,153133,1217,297139,Not in California
Outside California,2021-04-05,3935,442258,1906,229742,1379,199490,650,13026,1911,144548,2020,155153,2562,299701,Not in California
Outside California,2021-04-06,6692,448950,3551,233293,1584,201074,1557,14583,2719,144860,3960,159113,4272,303973,Not in California
Outside California,2021-04-07,7711,456661,4301,237594,1745,202819,1665,16248,3123,145057,4580,163693,4777,308750,Not in California
Outside California,2021-04-08,7807,464468,4050,241644,1857,204676,1900,18148,3189,145529,4610,168303,5082,313832,Not in California
Outside California,2021-04-09,7249,471717,3656,245300,1678,206354,1915,20063,2895,145993,4348,172651,4812,318644,Not in California
Outside California,2021-04-10,6012,477729,3046,248346,1119,207473,1847,21910,1694,145216,4314,176965,3537,322181,Not in California
Outside California,2021-04-11,2796,480525,1518,249864,645,208118,633,22543,1003,145062,1791,178756,1637,323818,Not in California
Outside California,2021-04-12,3872,484397,2083,251947,1254,209372,535,23078,1755,145240,2111,180867,2289,326107,Not in California
Outside California,2021-04-13,5516,489913,3486,255433,2007,211379,23,23101,2785,145323,2725,183592,2808,328915,Not in California
Outside California,2021-04-14,5145,495058,3177,258610,1965,213344,3,23104,2824,145834,2316,185908,2827,331742,Not in California
Outside California,2021-04-15,5842,500900,3533,262143,2303,215647,6,23110,3160,146369,2632,188540,3167,334909,Not in California
Outside California,2021-04-16,5848,506748,3359,265502,2482,218129,7,23117,3351,147238,2490,191030,3359,338268,Not in California
Outside California,2021-04-17,5167,511915,3045,268547,2121,220250,1,23118,2961,148001,2198,193228,2961,341229,Not in California
Outside California,2021-04-18,2067,513982,1149,269696,917,221167,1,23119,984,147909,1078,194306,986,342215,Not in California
Outside California,2021-04-19,4126,518108,1958,271654,2167,223334,1,23120,2165,148126,1951,196257,2168,344383,Not in California
Outside California,2021-04-20,5426,523534,2517,274171,2909,226243,0,23120,2311,147329,3108,199365,2311,346694,Not in California
Outside California,2021-04-21,6530,530064,2852,277023,3675,229918,3,23123,2503,145824,4012,203377,2507,349201,Not in California
Outside California,2021-04-22,7109,537173,3841,280864,3265,233183,3,23126,2900,144528,4200,207577,2904,352105,Not in California
Outside California,2021-04-23,6114,543287,3223,284087,2890,236073,1,23127,2746,143922,3355,210932,2749,354854,Not in California
Outside California,2021-04-24,4911,548198,3435,287522,1472,237545,4,23131,2235,143493,2671,213603,2242,357096,Not in California
Outside California,2021-04-25,2162,550360,1291,288813,869,238414,2,23133,1133,143604,1026,214629,1137,358233,Not in California
Outside California,2021-04-26,3551,553911,1567,290380,1962,240376,22,23155,1619,143320,1925,216554,1641,359874,Not in California
Outside California,2021-04-27,5077,558988,1728,292108,3059,243435,290,23445,1936,142417,3134,219688,2231,362105,Not in California
Outside California,2021-04-28,4888,563876,2097,294205,2395,245830,396,23841,2010,141958,2867,222555,2408,364513,Not in California
Outside California,2021-04-29,4914,568790,2264,296469,2220,248050,430,24271,1986,141466,2909,225464,2417,366930,Not in California
Outside California,2021-04-30,4944,573734,2440,298909,2090,250140,414,24685,1989,140925,2945,228409,2404,369334,Not in California
Outside California,2021-05-01,3144,576878,1824,300733,889,251029,431,25116,1295,140808,1842,230251,1725,371059,Not in California
Outside California,2021-05-02,1856,578734,1075,301808,657,251686,124,25240,858,140794,996,231247,982,372041,Not in California
Outside California,2021-05-03,2837,581571,1603,303411,959,252645,275,25515,1157,140549,1676,232923,1431,373472,Not in California
Outside California,2021-05-04,3989,585560,2189,305600,1365,254010,435,25950,1607,140214,2376,235299,2041,375513,Not in California
Outside California,2021-05-05,4360,589920,2571,308171,1420,255430,369,26319,1803,139839,2548,237847,2173,377686,Not in California
Outside California,2021-05-06,4566,594486,2925,311096,1288,256718,353,26672,1977,139589,2581,240428,2331,380017,Not in California
Outside California,2021-05-07,4793,599279,2878,313974,1521,258239,394,27066,2015,139228,2768,243196,2407,382424,Not in California
Outside California,2021-05-08,3516,602795,2416,316390,856,259095,244,27310,1593,139207,1862,245058,1841,384265,Not in California
Outside California,2021-05-09,1275,604070,837,317227,325,259420,113,27423,578,139223,674,245732,690,384955,Not in California
Outside California,2021-05-10,2440,606510,1077,318304,1033,260453,330,27753,1004,139138,1418,247150,1333,386288,Not in California
Outside California,2021-05-11,1806,608316,904,319208,752,261205,150,27903,604,138689,1202,248352,753,387041,Not in California
Unknown,2020-12-17,2,2,2,2,0,0,0,0,0,0,0,0,0,0,Not in California
Unknown,2020-12-18,9,11,9,11,0,0,0,0,8,8,0,0,8,8,Not in California
Unknown,2020-12-19,81,92,81,92,0,0,0,0,81,89,0,0,81,89,Not in California
Unknown,2020-12-20,24,116,24,116,0,0,0,0,24,113,0,0,24,113,Not in California
Unknown,2020-12-21,5,121,5,121,0,0,0,0,0,113,0,0,0,113,Not in California
Unknown,2020-12-22,4,125,4,125,0,0,0,0,4,117,0,0,4,117,Not in California
Unknown,2020-12-26,1,126,1,126,0,0,0,0,1,118,0,0,1,118,Not in California
Unknown,2020-12-28,4,130,4,130,0,0,0,0,3,121,0,0,3,121,Not in California
Unknown,2020-12-29,3,133,3,133,0,0,0,0,3,124,0,0,3,124,Not in California
Unknown,2020-12-30,59,192,56,189,3,3,0,0,57,181,0,0,57,181,Not in California
Unknown,2020-12-31,2,194,0,189,2,5,0,0,1,182,0,0,1,182,Not in California
Unknown,2021-01-02,1,195,0,189,1,6,0,0,1,183,0,0,1,183,Not in California
Unknown,2021-01-04,3,198,3,192,0,6,0,0,2,185,0,0,2,185,Not in California
Unknown,2021-01-05,1,199,0,192,1,7,0,0,2,187,0,0,2,187,Not in California
Unknown,2021-01-06,30,229,28,220,2,9,0,0,6,170,23,23,6,193,Not in California
Unknown,2021-01-07,110,339,107,327,3,12,0,0,72,204,38,61,72,265,Not in California
Unknown,2021-01-08,26,365,21,348,5,17,0,0,5,188,21,82,5,270,Not in California
Unknown,2021-01-09,3,368,2,350,1,18,0,0,4,192,0,82,4,274,Not in California
Unknown,2021-01-11,23,391,23,373,0,18,0,0,18,206,4,86,18,292,Not in California
Unknown,2021-01-12,10,401,8,381,2,20,0,0,8,214,1,87,9,301,Not in California
Unknown,2021-01-13,11,412,11,392,0,20,0,0,13,227,0,87,13,314,Not in California
Unknown,2021-01-14,4,416,3,395,1,21,0,0,4,231,0,87,4,318,Not in California
Unknown,2021-01-15,5,421,4,399,1,22,0,0,5,236,0,87,5,323,Not in California
Unknown,2021-01-16,7,428,7,406,0,22,0,0,6,241,1,88,6,329,Not in California
Unknown,2021-01-17,3,431,3,409,0,22,0,0,3,244,0,88,3,332,Not in California
Unknown,2021-01-18,54,485,54,463,0,22,0,0,52,294,2,90,52,384,Not in California
Unknown,2021-01-19,23,508,22,485,1,23,0,0,21,314,1,91,21,405,Not in California
Unknown,2021-01-20,79,587,79,564,0,23,0,0,28,290,52,143,28,433,Not in California
Unknown,2021-01-21,60,647,58,622,2,25,0,0,61,350,1,144,61,494,Not in California
Unknown,2021-01-22,36,683,31,653,5,30,0,0,36,386,0,144,36,530,Not in California
Unknown,2021-01-23,11,694,5,658,6,36,0,0,11,397,0,144,11,541,Not in California
Unknown,2021-01-24,2,696,2,660,0,36,0,0,3,400,0,144,3,544,Not in California
Unknown,2021-01-25,21,717,18,678,3,39,0,0,17,414,3,147,17,561,Not in California
Unknown,2021-01-26,98,815,94,772,4,43,0,0,101,515,0,147,101,662,Not in California
Unknown,2021-01-27,17,832,17,789,0,43,0,0,16,530,1,148,16,678,Not in California
Unknown,2021-01-28,155,987,152,941,3,46,0,0,98,568,60,208,98,776,Not in California
Unknown,2021-01-29,147,1134,146,1087,1,47,0,0,151,718,1,209,151,927,Not in California
Unknown,2021-01-30,10,1144,8,1095,2,49,0,0,13,730,1,210,13,940,Not in California
Unknown,2021-01-31,16,1160,16,1111,0,49,0,0,16,745,1,211,16,956,Not in California
Unknown,2021-02-01,36,1196,34,1145,2,51,0,0,21,749,17,228,21,977,Not in California
Unknown,2021-02-02,70,1266,68,1213,2,53,0,0,63,806,6,234,63,1040,Not in California
Unknown,2021-02-03,50,1316,46,1259,4,57,0,0,39,834,11,245,39,1079,Not in California
Unknown,2021-02-04,61,1377,56,1315,5,62,0,0,56,885,5,250,56,1135,Not in California
Unknown,2021-02-05,22,1399,15,1330,7,69,0,0,18,896,7,257,18,1153,Not in California
Unknown,2021-02-06,19,1418,14,1344,5,74,0,0,15,904,7,264,15,1168,Not in California
Unknown,2021-02-07,8,1426,8,1352,0,74,0,0,6,908,2,266,6,1174,Not in California
Unknown,2021-02-08,53,1479,50,1402,3,77,0,0,14,883,39,305,14,1188,Not in California
Unknown,2021-02-09,19,1498,18,1420,1,78,0,0,4,872,15,320,4,1192,Not in California
Unknown,2021-02-10,35,1533,30,1450,5,83,0,0,9,855,26,346,9,1201,Not in California
Unknown,2021-02-11,93,1626,92,1542,1,84,0,0,43,847,51,397,43,1244,Not in California
Unknown,2021-02-12,42,1668,34,1576,8,92,0,0,17,835,29,426,17,1261,Not in California
Unknown,2021-02-13,15,1683,3,1579,12,104,0,0,17,851,1,427,17,1278,Not in California
Unknown,2021-02-14,7,1690,1,1580,6,110,0,0,5,855,1,428,5,1283,Not in California
Unknown,2021-02-15,43,1733,37,1617,6,116,0,0,28,870,13,441,28,1311,Not in California
Unknown,2021-02-16,104,1837,95,1712,9,125,0,0,31,828,73,514,31,1342,Not in California
Unknown,2021-02-17,10,1847,8,1720,2,127,0,0,4,827,5,519,4,1346,Not in California
Unknown,2021-02-18,105,1952,100,1820,5,132,0,0,19,760,86,605,19,1365,Not in California
Unknown,2021-02-19,196,2148,190,2010,6,138,0,0,59,682,137,742,59,1424,Not in California
Unknown,2021-02-20,12,2160,5,2015,7,145,0,0,5,682,5,747,5,1429,Not in California
Unknown,2021-02-21,18,2178,18,2033,0,145,0,0,4,672,14,761,4,1433,Not in California
Unknown,2021-02-22,9,2187,9,2042,0,145,0,0,6,675,3,764,6,1439,Not in California
Unknown,2021-02-23,63,2250,51,2093,12,157,0,0,15,643,47,811,15,1454,Not in California
Unknown,2021-02-24,43,2293,35,2128,8,165,0,0,14,628,29,840,14,1468,Not in California
Unknown,2021-02-25,76,2369,60,2188,16,181,0,0,27,606,49,889,27,1495,Not in California
Unknown,2021-02-26,40,2409,25,2213,15,196,0,0,24,615,15,904,24,1519,Not in California
Unknown,2021-02-27,28,2437,15,2228,13,209,0,0,20,627,8,912,20,1539,Not in California
Unknown,2021-02-28,17,2454,13,2241,4,213,0,0,10,632,5,917,10,1549,Not in California
Unknown,2021-03-01,45,2499,27,2268,18,231,0,0,24,636,20,937,24,1573,Not in California
Unknown,2021-03-02,19,2518,7,2275,12,243,0,0,12,643,5,942,12,1585,Not in California
Unknown,2021-03-03,13,2531,7,2282,6,249,0,0,9,649,3,945,9,1594,Not in California
Unknown,2021-03-04,53,2584,49,2331,4,253,0,0,22,640,31,976,22,1616,Not in California
Unknown,2021-03-05,33,2617,15,2346,18,271,0,0,35,669,6,982,35,1651,Not in California
Unknown,2021-03-06,32,2649,11,2357,19,290,2,2,23,685,9,991,25,1676,Not in California
Unknown,2021-03-07,10,2659,1,2358,9,299,0,2,6,688,3,994,6,1682,Not in California
Unknown,2021-03-08,32,2691,23,2381,7,306,2,4,9,674,25,1019,11,1693,Not in California
Unknown,2021-03-09,39,2730,32,2413,3,309,4,8,10,658,30,1049,14,1707,Not in California
Unknown,2021-03-10,9,2739,6,2419,1,310,2,10,5,660,5,1054,7,1714,Not in California
Unknown,2021-03-11,37,2776,13,2432,10,320,14,24,14,667,21,1075,28,1742,Not in California
Unknown,2021-03-12,82,2858,56,2488,21,341,5,29,15,623,64,1139,20,1762,Not in California
Unknown,2021-03-13,24,2882,4,2492,16,357,4,33,9,620,16,1155,13,1775,Not in California
Unknown,2021-03-14,17,2899,9,2501,6,363,2,35,7,618,11,1166,9,1784,Not in California
Unknown,2021-03-15,30,2929,11,2512,17,380,2,37,20,627,13,1179,22,1806,Not in California
Unknown,2021-03-16,64,2993,22,2534,38,418,4,41,44,656,19,1198,48,1854,Not in California
Unknown,2021-03-17,47,3040,14,2548,32,450,1,42,42,695,4,1202,43,1897,Not in California
Unknown,2021-03-18,40,3080,20,2568,20,470,0,42,28,711,12,1214,28,1925,Not in California
Unknown,2021-03-19,29,3109,19,2587,10,480,0,42,24,727,8,1222,24,1949,Not in California
Unknown,2021-03-20,34,3143,15,2602,19,499,0,42,20,734,13,1235,20,1969,Not in California
Unknown,2021-03-21,23,3166,17,2619,6,505,0,42,19,750,3,1238,19,1988,Not in California
Unknown,2021-03-22,36,3202,19,2638,16,521,1,43,19,758,12,1250,20,2008,Not in California
Unknown,2021-03-23,23,3225,9,2647,9,530,5,48,11,763,11,1261,16,2024,Not in California
Unknown,2021-03-24,26,3251,9,2656,17,547,0,48,21,779,5,1266,21,2045,Not in California
Unknown,2021-03-25,48,3299,34,2690,14,561,0,48,33,798,14,1280,33,2078,Not in California
Unknown,2021-03-26,37,3336,20,2710,12,573,5,53,20,807,16,1296,25,2103,Not in California
Unknown,2021-03-27,40,3376,14,2724,26,599,0,53,26,813,20,1316,26,2129,Not in California
Unknown,2021-03-28,16,3392,9,2733,7,606,0,53,11,820,4,1320,11,2140,Not in California
Unknown,2021-03-29,38,3430,17,2750,20,626,1,54,25,834,12,1332,26,2166,Not in California
Unknown,2021-03-30,42,3472,25,2775,17,643,0,54,28,847,15,1347,28,2194,Not in California
Unknown,2021-03-31,36,3508,22,2797,14,657,0,54,25,860,12,1359,25,2219,Not in California
Unknown,2021-04-01,28,3536,14,2811,14,671,0,54,24,878,6,1365,24,2243,Not in California
Unknown,2021-04-02,62,3598,16,2827,37,708,9,63,28,881,34,1399,37,2280,Not in California
Unknown,2021-04-03,19,3617,9,2836,10,718,0,63,10,881,10,1409,10,2290,Not in California
Unknown,2021-04-04,16,3633,4,2840,12,730,0,63,11,887,5,1414,11,2301,Not in California
Unknown,2021-04-05,35,3668,21,2861,13,743,1,64,22,895,15,1429,23,2324,Not in California
Unknown,2021-04-06,36,3704,18,2879,17,760,1,65,24,901,19,1448,25,2349,Not in California
Unknown,2021-04-07,40,3744,27,2906,13,773,0,65,42,935,8,1456,42,2391,Not in California
Unknown,2021-04-08,38,3782,23,2929,11,784,4,69,27,944,22,1478,31,2422,Not in California
Unknown,2021-04-09,41,3823,25,2954,16,800,0,69,32,962,14,1492,32,2454,Not in California
Unknown,2021-04-10,10,3833,9,2963,1,801,0,69,21,976,7,1499,21,2475,Not in California
Unknown,2021-04-11,14,3847,10,2973,4,805,0,69,6,973,9,1508,6,2481,Not in California
Unknown,2021-04-12,40,3887,23,2996,16,821,1,70,29,980,23,1531,30,2511,Not in California
Unknown,2021-04-13,69,3956,26,3022,43,864,0,70,38,977,41,1572,38,2549,Not in California
Unknown,2021-04-14,34,3990,10,3032,24,888,0,70,20,971,26,1598,20,2569,Not in California
Unknown,2021-04-15,42,4032,17,3049,24,912,1,71,19,962,29,1627,20,2589,Not in California
Unknown,2021-04-16,53,4085,39,3088,14,926,0,71,50,991,21,1648,50,2639,Not in California
Unknown,2021-04-17,27,4112,15,3103,12,938,0,71,14,987,19,1667,15,2654,Not in California
Unknown,2021-04-18,19,4131,7,3110,12,950,0,71,10,985,12,1679,10,2664,Not in California
Unknown,2021-04-19,36,4167,22,3132,14,964,0,71,19,986,18,1697,19,2683,Not in California
Unknown,2021-04-20,25,4192,14,3146,11,975,0,71,5,971,20,1717,5,2688,Not in California
Unknown,2021-04-21,38,4230,16,3162,22,997,0,71,12,957,26,1743,12,2700,Not in California
Unknown,2021-04-22,23,4253,14,3176,9,1006,0,71,5,944,18,1761,5,2705,Not in California
Unknown,2021-04-23,34,4287,15,3191,19,1025,0,71,20,951,13,1774,20,2725,Not in California
Unknown,2021-04-24,38,4325,23,3214,15,1040,0,71,28,969,10,1784,28,2753,Not in California
Unknown,2021-04-25,23,4348,9,3223,14,1054,0,71,12,970,11,1795,12,2765,Not in California
Unknown,2021-04-26,19,4367,12,3235,7,1061,0,71,6,963,13,1808,6,2771,Not in California
Unknown,2021-04-27,24,4391,9,3244,15,1076,0,71,7,953,17,1825,7,2778,Not in California
Unknown,2021-04-28,49,4440,41,3285,7,1083,1,72,21,947,28,1853,22,2800,Not in California
Unknown,2021-04-29,36,4476,21,3306,15,1098,0,72,12,935,24,1877,12,2812,Not in California
Unknown,2021-04-30,29,4505,14,3320,12,1110,3,75,16,941,13,1890,19,2831,Not in California
Unknown,2021-05-01,34,4539,26,3346,7,1117,1,76,20,948,14,1904,21,2852,Not in California
Unknown,2021-05-02,14,4553,7,3353,6,1123,1,77,6,947,8,1912,7,2859,Not in California
Unknown,2021-05-03,220,4773,157,3510,41,1164,22,99,166,1081,54,1966,188,3047,Not in California
Unknown,2021-05-04,287,5060,164,3674,82,1246,41,140,215,1266,71,2037,256,3303,Not in California
Unknown,2021-05-05,310,5370,178,3852,92,1338,40,180,240,1477,70,2107,281,3584,Not in California
Unknown,2021-05-06,304,5674,169,4021,102,1440,33,213,232,1671,71,2178,265,3849,Not in California
Unknown,2021-05-07,333,6007,187,4208,102,1542,44,257,249,1880,84,2262,293,4142,Not in California
Unknown,2021-05-08,265,6272,153,4361,83,1625,29,286,216,2078,47,2309,245,4387,Not in California
Unknown,2021-05-09,227,6499,155,4516,50,1675,22,308,186,2245,41,2350,208,4595,Not in California
Unknown,2021-05-10,187,6686,106,4622,59,1734,22,330,139,2359,47,2397,161,4756,Not in California
Alameda,2020-12-15,36,36,36,36,0,0,0,0,36,36,0,0,36,36,California
Alameda,2020-12-16,206,242,206,242,0,0,0,0,206,242,0,0,206,242,California
Alameda,2020-12-17,396,638,396,638,0,0,0,0,396,638,0,0,396,638,California
Alameda,2020-12-18,1775,2413,1775,2413,0,0,0,0,1775,2413,0,0,1775,2413,California
Alameda,2020-12-19,1352,3765,1352,3765,0,0,0,0,1352,3765,0,0,1352,3765,California
Alameda,2020-12-20,1162,4927,1161,4926,1,1,0,0,1161,4925,1,1,1161,4926,California
Alameda,2020-12-21,1861,6788,1859,6785,2,3,0,0,1860,6785,0,1,1860,6786,California
Alameda,2020-12-22,2100,8888,2047,8832,53,56,0,0,2100,8885,0,1,2100,8886,California
Alameda,2020-12-23,1943,10831,1685,10517,258,314,0,0,1944,10829,0,1,1944,10830,California
Alameda,2020-12-24,1219,12050,759,11276,460,774,0,0,1219,12048,0,1,1219,12049,California
Alameda,2020-12-25,166,12216,129,11405,37,811,0,0,166,12214,0,1,166,12215,California
Alameda,2020-12-26,870,13086,326,11731,544,1355,0,0,870,13084,0,1,870,13085,California
Alameda,2020-12-27,498,13584,256,11987,242,1597,0,0,498,13582,0,1,498,13583,California
Alameda,2020-12-28,1885,15469,959,12946,926,2523,0,0,1885,15467,0,1,1885,15468,California
Alameda,2020-12-29,2431,17900,1025,13971,1406,3929,0,0,2430,17897,0,1,2430,17898,California
Alameda,2020-12-30,3131,21031,1365,15336,1766,5695,0,0,3133,21030,0,1,3133,21031,California
Alameda,2020-12-31,1796,22827,443,15779,1353,7048,0,0,1794,22823,1,2,1794,22825,California
Alameda,2021-01-01,172,22999,70,15849,102,7150,0,0,171,22993,1,3,171,22996,California
Alameda,2021-01-02,727,23726,524,16373,203,7353,0,0,726,23719,0,3,726,23722,California
Alameda,2021-01-03,343,24069,222,16595,121,7474,0,0,340,24056,3,6,340,24062,California
Alameda,2021-01-04,1648,25717,943,17538,705,8179,0,0,1636,25681,11,17,1636,25698,California
Alameda,2021-01-05,2207,27924,1266,18804,941,9120,0,0,1971,27419,233,250,1971,27669,California
Alameda,2021-01-06,3249,31173,1782,20586,1467,10587,0,0,2428,29031,818,1068,2430,30099,California
Alameda,2021-01-07,3776,34949,2113,22699,1663,12250,0,0,2687,30642,1080,2148,2691,32790,California
Alameda,2021-01-08,4739,39688,2706,25405,2033,14283,0,0,3110,32131,1625,3773,3114,35904,California
Alameda,2021-01-09,2034,41722,1388,26793,646,14929,0,0,1173,32443,861,4634,1173,37077,California
Alameda,2021-01-10,1068,42790,846,27639,222,15151,0,0,428,32230,641,5275,428,37505,California
Alameda,2021-01-11,4649,47439,3514,31153,1135,16286,0,0,2856,33301,1792,7067,2863,40368,California
Alameda,2021-01-12,4830,52269,3250,34403,1580,17866,0,0,3438,35351,1391,8458,3441,43809,California
Alameda,2021-01-13,5045,57314,2665,37068,2380,20246,0,0,3856,38023,1185,9643,3857,47666,California
Alameda,2021-01-14,5638,62952,2772,39840,2866,23112,0,0,4752,41900,878,10521,4755,52421,California
Alameda,2021-01-15,5842,68794,2314,42154,3528,26640,0,0,5075,46218,761,11282,5079,57500,California
Alameda,2021-01-16,3007,71801,1409,43563,1598,28238,0,0,2738,48688,269,11551,2739,60239,California
Alameda,2021-01-17,1869,73670,1083,44646,786,29024,0,0,1662,50145,206,11757,1663,61902,California
Alameda,2021-01-18,3199,76869,2054,46700,1145,30169,0,0,2604,52163,591,12348,2609,64511,California
Alameda,2021-01-19,5527,82396,3331,50031,2196,32365,0,0,4335,55310,1190,13538,4337,68848,California
Alameda,2021-01-20,6779,89175,4110,54141,2669,35034,0,0,5482,59512,1284,14822,5486,74334,California
Alameda,2021-01-21,7779,96954,3406,57547,4373,39407,0,0,6941,65626,832,15654,6946,81280,California
Alameda,2021-01-22,6850,103804,2038,59585,4812,44219,0,0,5711,70207,1132,16786,5713,86993,California
Alameda,2021-01-23,3288,107092,946,60531,2342,46561,0,0,2734,72389,554,17340,2736,89729,California
Alameda,2021-01-24,2052,109144,656,61187,1396,47957,0,0,1776,73893,272,17612,1776,91505,California
Alameda,2021-01-25,5221,114365,1984,63171,3237,51194,0,0,3634,75949,1579,19191,3635,95140,California
Alameda,2021-01-26,7251,121616,2289,65460,4962,56156,0,0,5390,79486,1854,21045,5391,100531,California
Alameda,2021-01-27,6669,128285,2076,67536,4593,60749,0,0,4820,82471,1835,22880,4820,105351,California
Alameda,2021-01-28,7897,136182,2548,70084,5349,66098,0,0,5656,85903,2225,25105,5657,111008,California
Alameda,2021-01-29,7928,144110,3184,73268,4744,70842,0,0,6105,90196,1813,26918,6106,117114,California
Alameda,2021-01-30,3423,147533,1675,74943,1748,72590,0,0,2717,92213,700,27618,2717,119831,California
Alameda,2021-01-31,1906,149439,965,75908,941,73531,0,0,1662,93634,241,27859,1662,121493,California
Alameda,2021-02-01,5972,155411,3367,79275,2605,76136,0,0,4330,96329,1636,29495,4331,125824,California
Alameda,2021-02-02,7471,162882,4255,83530,3216,79352,0,0,4675,98218,2786,32281,4675,130499,California
Alameda,2021-02-03,7084,169966,3730,87260,3354,82706,0,0,4404,99953,2674,34955,4409,134908,California
Alameda,2021-02-04,9522,179488,4129,91389,5393,88099,0,0,6432,103319,3071,38026,6437,141345,California
Alameda,2021-02-05,10343,189831,5396,96785,4947,93046,0,0,6469,105926,3868,41894,6475,147820,California
Alameda,2021-02-06,6998,196829,4437,101222,2561,95607,0,0,5875,110678,1123,43017,5875,153695,California
Alameda,2021-02-07,3585,200414,2895,104117,690,96297,0,0,2641,112379,941,43958,2642,156337,California
Alameda,2021-02-08,8100,208514,5789,109906,2311,98608,0,0,5543,115378,2546,46504,5545,161882,California
Alameda,2021-02-09,9719,218233,5863,115769,3856,102464,0,0,6070,117807,3643,50147,6072,167954,California
Alameda,2021-02-10,11470,229703,6783,122552,4687,107151,0,0,6572,119507,4880,55027,6580,174534,California
Alameda,2021-02-11,13940,243643,7990,130542,5950,113101,0,0,8376,122340,5546,60573,8379,182913,California
Alameda,2021-02-12,12542,256185,5698,136240,6844,119945,0,0,7760,125335,4768,65341,7763,190676,California
Alameda,2021-02-13,7818,264003,4069,140309,3749,123694,0,0,5853,129230,1960,67301,5855,196531,California
Alameda,2021-02-14,4035,268038,2538,142847,1497,125191,0,0,2872,130946,1159,68460,2875,199406,California
Alameda,2021-02-15,5717,273755,3226,146073,2491,127682,0,0,3702,132641,2010,70470,3705,203111,California
Alameda,2021-02-16,12538,286293,6958,153031,5580,133262,0,0,9321,138760,3207,73677,9326,212437,California
Alameda,2021-02-17,14114,300407,8357,161388,5757,139019,0,0,10485,145636,3611,77288,10487,222924,California
Alameda,2021-02-18,15871,316278,10068,171456,5803,144822,0,0,11517,152813,4346,81634,11523,234447,California
Alameda,2021-02-19,17662,333940,11453,182909,6209,151031,0,0,11702,158581,5938,87572,11706,246153,California
Alameda,2021-02-20,11869,345809,9616,192525,2253,153284,0,0,9146,165014,2719,90291,9152,255305,California
Alameda,2021-02-21,6249,352058,5317,197842,932,154216,0,0,3769,166314,2469,92760,3769,259074,California
Alameda,2021-02-22,10717,362775,7933,205775,2784,157000,0,0,6752,169124,3951,96711,6761,265835,California
Alameda,2021-02-23,12741,375516,7734,213509,5007,162007,0,0,7924,172248,4807,101518,7931,273766,California
Alameda,2021-02-24,14670,390186,8218,221727,6452,168459,0,0,9512,176668,5097,106615,9517,283283,California
Alameda,2021-02-25,15646,405832,9138,230865,6508,174967,0,0,9967,180994,5647,112262,9973,293256,California
Alameda,2021-02-26,18113,423945,10646,241511,7467,182434,0,0,11712,186350,6360,118622,11716,304972,California
Alameda,2021-02-27,14730,438675,10833,252344,3895,186329,2,2,9121,189888,5587,124209,9125,314097,California
Alameda,2021-02-28,9164,447839,7722,260066,1442,187771,0,2,6081,192910,3060,127269,6082,320179,California
Alameda,2021-03-01,13279,461118,9225,269291,4049,191820,5,7,8229,196145,5005,132274,8240,328419,California
Alameda,2021-03-02,13849,474967,9627,278918,4221,196041,1,8,8896,200116,4933,137207,8904,337323,California
Alameda,2021-03-03,15419,490386,10013,288931,5405,201446,1,9,10503,205736,4888,142095,10508,347831,California
Alameda,2021-03-04,17330,507716,11080,300011,6248,207694,2,11,10889,210221,6406,148501,10891,358722,California
Alameda,2021-03-05,15873,523589,10247,310258,5617,213311,9,20,10643,215688,5191,153692,10658,369380,California
Alameda,2021-03-06,14266,537855,9985,320243,4019,217330,262,282,9367,220463,4856,158548,9631,379011,California
Alameda,2021-03-07,9362,547217,8139,328382,1142,218472,81,363,6583,224378,2751,161299,6666,385677,California
Alameda,2021-03-08,11672,558889,7183,335565,4110,222582,379,742,8666,230467,2956,164255,9045,394722,California
Alameda,2021-03-09,11417,570306,7054,342619,3935,226517,428,1170,6299,232111,5085,169340,6729,401451,California
Alameda,2021-03-10,16685,586991,11332,353951,4795,231312,558,1728,7557,231119,9103,178443,8111,409562,California
Alameda,2021-03-11,19784,606775,11568,365519,6510,237822,1706,3434,6775,226617,12979,191422,8477,418039,California
Alameda,2021-03-12,21159,627934,12322,377841,7184,245006,1653,5087,7470,222066,13666,205088,9115,427154,California
Alameda,2021-03-13,15847,643781,10104,387945,4757,249763,986,6073,5109,217456,10703,215791,6093,433247,California
Alameda,2021-03-14,10705,654486,7820,395765,2100,251863,785,6858,4646,216837,6042,221833,5423,438670,California
Alameda,2021-03-15,14320,668806,9331,405096,4472,256335,517,7375,6373,215805,7918,229751,6886,445556,California
Alameda,2021-03-16,17182,685988,11121,416217,5528,261863,533,7908,7571,214350,9560,239311,8105,453661,California
Alameda,2021-03-17,17392,703380,9795,426012,6902,268765,695,8603,8179,214046,9177,248488,8873,462534,California
Alameda,2021-03-18,19088,722468,10355,436367,7856,276621,877,9480,8788,213444,10271,258759,9669,472203,California
Alameda,2021-03-19,19131,741599,10362,446729,6984,283605,1785,11265,7658,211456,11425,270184,9437,481640,California
Alameda,2021-03-20,15636,757235,10202,456931,4611,288216,823,12088,6542,209753,9065,279249,7362,489002,California
Alameda,2021-03-21,9064,766299,7105,464036,1426,289642,533,12621,3777,208787,5277,284526,4311,493313,California
Alameda,2021-03-22,14899,781198,10012,474048,3910,293552,977,13598,7176,209240,7698,292224,8151,501464,California
Alameda,2021-03-23,19131,800329,11523,485571,6816,300368,792,14390,10734,212417,8354,300578,11531,512995,California
Alameda,2021-03-24,19022,819351,11455,497026,6575,306943,992,15382,8589,211619,10370,310948,9572,522567,California
Alameda,2021-03-25,20380,839731,11263,508289,7736,314679,1381,16763,9576,211828,10736,321684,10945,533512,California
Alameda,2021-03-26,20692,860423,12390,520679,6767,321446,1535,18298,8874,210454,11773,333457,10399,543911,California
Alameda,2021-03-27,18203,878626,12345,533024,4896,326342,962,19260,7855,208950,10302,343759,8798,552709,California
Alameda,2021-03-28,10433,889059,8450,541474,1779,328121,204,19464,3831,206403,6589,350348,4042,556751,California
Alameda,2021-03-29,14606,903665,9295,550769,4314,332435,997,20461,6284,205395,8288,358636,7280,564031,California
Alameda,2021-03-30,18464,922129,9688,560457,7080,339515,1696,22157,10835,210320,7600,366236,12525,576556,California
Alameda,2021-03-31,19241,941370,10132,570589,7044,346559,2065,24222,9544,212249,9674,375910,11603,588159,California
Alameda,2021-04-01,23075,964445,9994,580583,7587,354146,5494,29716,11032,216755,12009,387919,16515,604674,California
Alameda,2021-04-02,23815,988260,9902,590485,8236,362382,5677,35393,11585,221806,12195,400114,17246,621920,California
Alameda,2021-04-03,20131,1008391,9744,600229,5690,368072,4697,40090,10320,227029,9793,409907,15016,636936,California
Alameda,2021-04-04,9930,1018321,3964,604193,2283,370355,3683,43773,3515,227818,6403,416310,7192,644128,California
Alameda,2021-04-05,17787,1036108,7502,611695,5515,375870,4770,48543,7269,229353,10500,426810,12035,656163,California
Alameda,2021-04-06,22162,1058270,10698,622393,5644,381514,5820,54363,10103,233238,12026,438836,15911,672074,California
Alameda,2021-04-07,22471,1080741,11537,633930,5499,387013,5435,59798,11419,239072,11011,449847,16845,688919,California
Alameda,2021-04-08,25402,1106143,11489,645419,5957,392970,7956,67754,10849,243382,14484,464331,18794,707713,California
Alameda,2021-04-09,23275,1129418,10610,656029,7460,400430,5205,72959,12018,249377,11228,475559,17223,724936,California
Alameda,2021-04-10,18840,1148258,7422,663451,5595,406025,5823,78782,8186,252740,10632,486191,13995,738931,California
Alameda,2021-04-11,10991,1159249,4789,668240,2269,408294,3933,82715,4497,254684,6476,492667,8420,747351,California
Alameda,2021-04-12,17840,1177089,11712,679952,4298,412592,1830,84545,10120,258942,7688,500355,11946,759297,California
Alameda,2021-04-13,23007,1200096,14600,694552,8352,420944,55,84600,16949,269945,6012,506367,17015,776312,California
Alameda,2021-04-14,23116,1223212,15297,709849,7818,428762,1,84601,15694,278256,7391,513758,15702,792014,California
Alameda,2021-04-15,24107,1247319,15408,725257,8697,437459,2,84603,16019,286250,8034,521792,16028,808042,California
Alameda,2021-04-16,24350,1271669,14389,739646,9956,447415,5,84608,15705,293375,8595,530387,15720,823762,California
Alameda,2021-04-17,20762,1292431,14317,753963,6445,453860,0,84608,14310,301281,6418,536805,14324,838086,California
Alameda,2021-04-18,9900,1302331,7564,761527,2336,456196,0,84608,6854,305120,3020,539825,6859,844945,California
Alameda,2021-04-19,15577,1317908,9652,771179,5924,462120,1,84609,9018,307619,6529,546354,9028,853973,California
Alameda,2021-04-20,18088,1335996,11047,782226,7040,469160,1,84610,9900,309391,8149,554503,9921,863894,California
Alameda,2021-04-21,19104,1355100,11189,793415,7907,477067,8,84618,11136,312636,7918,562421,11163,875057,California
Alameda,2021-04-22,21340,1376440,13758,807173,7579,484646,3,84621,11340,314054,9951,572372,11369,886426,California
Alameda,2021-04-23,21621,1398061,14042,821215,7577,492223,2,84623,12100,316711,9470,581842,12127,898553,California
Alameda,2021-04-24,18955,1417016,14384,835599,4564,496787,7,84630,10019,317847,8900,590742,10036,908589,California
Alameda,2021-04-25,8802,1425818,6862,842461,1940,498727,0,84630,5719,320507,3069,593811,5729,914318,California
Alameda,2021-04-26,13195,1439013,9140,851601,4033,502760,22,84652,8238,323845,4930,598741,8268,922586,California
Alameda,2021-04-27,15113,1454126,8895,860496,5913,508673,305,84957,7120,323346,7948,606689,7449,930035,California
Alameda,2021-04-28,15948,1470074,10141,870637,5342,514015,465,85422,6211,320329,9707,616396,6690,936725,California
Alameda,2021-04-29,16642,1486716,10020,880657,6299,520314,323,85745,5954,315983,10644,627040,6298,943023,California
Alameda,2021-04-30,19414,1506130,12000,892657,7074,527388,340,86085,7864,312743,11479,638519,8239,951262,California
Alameda,2021-05-01,13952,1520082,9299,901956,4446,531834,207,86292,5181,309419,8744,647263,5420,956682,California
Alameda,2021-05-02,7038,1527120,4896,906852,1971,533805,171,86463,2864,308302,4157,651420,3040,959722,California
Alameda,2021-05-03,14394,1541514,10903,917755,3177,536982,314,86777,2816,299923,11540,662960,3161,962883,California
Alameda,2021-05-04,18197,1559711,13040,930795,4793,541775,364,87141,3614,289407,14521,677481,4005,966888,California
Alameda,2021-05-05,18381,1578092,13367,944162,4505,546280,509,87650,3748,279105,14573,692054,4271,971159,California
Alameda,2021-05-06,18325,1596417,13853,958015,3818,550098,654,88304,3605,268725,14653,706707,4273,975432,California
Alameda,2021-05-07,18975,1615392,12747,970762,5823,555921,405,88709,4377,258990,14533,721240,4798,980230,California
Alameda,2021-05-08,16344,1631736,11199,981961,4929,560850,216,88925,3073,249059,13232,734472,3301,983531,California
Alameda,2021-05-09,8347,1640083,6797,988758,1402,562252,148,89073,1451,243786,6879,741351,1606,985137,California
Alameda,2021-05-10,8405,1648488,5261,994019,2816,565068,328,89401,2427,240589,5956,747307,2759,987896,California
Alameda,2021-05-11,10795,1659283,4928,998947,5732,570800,135,89536,1483,232944,9285,756592,1640,989536,California
Alpine,2020-12-18,2,2,2,2,0,0,0,0,2,2,0,0,2,2,California
Alpine,2020-12-19,2,4,2,4,0,0,0,0,2,4,0,0,2,4,California
Alpine,2020-12-21,2,6,2,6,0,0,0,0,2,6,0,0,2,6,California
Alpine,2020-12-30,14,20,0,6,14,14,0,0,14,20,0,0,14,20,California
Alpine,2020-12-31,1,21,0,6,1,15,0,0,1,21,0,0,1,21,California
Alpine,2021-01-01,1,22,0,6,1,16,0,0,1,22,0,0,1,22,California
Alpine,2021-01-02,1,23,1,7,0,16,0,0,1,23,0,0,1,23,California
Alpine,2021-01-04,10,33,0,7,10,26,0,0,10,33,0,0,10,33,California
Alpine,2021-01-05,9,42,1,8,8,34,0,0,9,42,0,0,9,42,California
Alpine,2021-01-06,31,73,0,8,31,65,0,0,31,73,0,0,31,73,California
Alpine,2021-01-07,8,81,0,8,8,73,0,0,8,81,0,0,8,81,California
Alpine,2021-01-08,4,85,2,10,2,75,0,0,2,81,2,2,2,83,California
Alpine,2021-01-09,2,87,2,12,0,75,0,0,0,79,2,4,0,83,California
Alpine,2021-01-11,32,119,1,13,31,106,0,0,31,109,1,5,31,114,California
Alpine,2021-01-13,35,154,0,13,35,141,0,0,35,144,0,5,35,149,California
Alpine,2021-01-14,1,155,0,13,1,142,0,0,1,145,0,5,1,150,California
Alpine,2021-01-15,1,156,0,13,1,143,0,0,1,146,0,5,1,151,California
Alpine,2021-01-20,21,177,0,13,21,164,0,0,21,167,0,5,21,172,California
Alpine,2021-01-21,1,178,0,13,1,165,0,0,1,168,0,5,1,173,California
Alpine,2021-01-22,32,210,0,13,32,197,0,0,32,200,0,5,32,205,California
Alpine,2021-01-23,1,211,1,14,0,197,0,0,0,199,1,6,0,205,California
Alpine,2021-01-25,16,227,0,14,16,213,0,0,16,215,0,6,16,221,California
Alpine,2021-01-27,1,228,1,15,0,213,0,0,0,214,1,7,0,221,California
Alpine,2021-01-28,1,229,0,15,1,214,0,0,0,213,1,8,0,221,California
Alpine,2021-01-29,1,230,0,15,1,215,0,0,1,214,0,8,1,222,California
Alpine,2021-02-01,25,255,0,15,25,240,0,0,7,203,18,26,7,229,California
Alpine,2021-02-03,34,289,0,15,34,274,0,0,10,189,24,50,10,239,California
Alpine,2021-02-04,8,297,0,15,8,282,0,0,3,187,5,55,3,242,California
Alpine,2021-02-05,31,328,0,15,31,313,0,0,12,180,19,74,12,254,California
Alpine,2021-02-06,1,329,1,16,0,313,0,0,1,181,0,74,1,255,California
Alpine,2021-02-07,1,330,1,17,0,313,0,0,1,182,0,74,1,256,California
Alpine,2021-02-08,32,362,0,17,32,345,0,0,4,158,28,102,4,260,California
Alpine,2021-02-10,34,396,0,17,34,379,0,0,0,124,34,136,0,260,California
Alpine,2021-02-11,6,402,0,17,6,385,0,0,3,124,3,139,3,263,California
Alpine,2021-02-12,1,403,0,17,1,386,0,0,0,123,1,140,0,263,California
Alpine,2021-02-17,23,426,0,17,23,409,0,0,3,106,20,160,3,266,California
Alpine,2021-02-18,2,428,0,17,2,411,0,0,1,106,1,161,1,267,California
Alpine,2021-02-19,34,462,1,18,33,444,0,0,2,76,32,193,2,269,California
Alpine,2021-02-22,27,489,0,18,27,471,0,0,8,65,19,212,8,277,California
Alpine,2021-02-24,1,490,1,19,0,471,0,0,1,66,0,212,1,278,California
Alpine,2021-02-25,6,496,1,20,5,476,0,0,6,72,0,212,6,284,California
Alpine,2021-02-26,30,526,1,21,29,505,0,0,29,100,1,213,29,313,California
Alpine,2021-02-27,1,527,0,21,1,506,0,0,1,101,0,213,1,314,California
Alpine,2021-03-01,36,563,0,21,36,542,0,0,26,117,10,223,26,340,California
Alpine,2021-03-02,1,564,1,22,0,542,0,0,0,116,1,224,0,340,California
Alpine,2021-03-03,30,594,1,23,29,571,0,0,18,122,12,236,18,358,California
Alpine,2021-03-04,11,605,1,24,10,581,0,0,11,133,0,236,11,369,California
Alpine,2021-03-05,30,635,0,24,30,611,0,0,22,147,8,244,22,391,California
Alpine,2021-03-08,31,666,0,24,31,642,0,0,29,174,2,246,29,420,California
Alpine,2021-03-10,73,739,0,24,73,715,0,0,73,247,0,246,73,493,California
Alpine,2021-03-11,36,775,0,24,36,751,0,0,32,275,4,250,32,525,California
Alpine,2021-03-12,19,794,0,24,19,770,0,0,17,290,2,252,17,542,California
Alpine,2021-03-15,21,815,1,25,20,790,0,0,20,309,1,253,20,562,California
Alpine,2021-03-17,23,838,0,25,22,812,1,1,19,325,4,257,20,582,California
Alpine,2021-03-18,38,876,3,28,35,847,0,1,35,357,3,260,35,617,California
Alpine,2021-03-19,2,878,1,29,1,848,0,1,1,357,1,261,1,618,California
Alpine,2021-03-22,24,902,0,29,24,872,0,1,15,363,9,270,15,633,California
Alpine,2021-03-24,19,921,0,29,19,891,0,1,8,360,11,281,8,641,California
Alpine,2021-03-25,35,956,1,30,33,924,1,2,28,382,7,288,29,670,California
Alpine,2021-03-27,1,957,0,30,1,925,0,2,0,381,1,289,0,670,California
Alpine,2021-03-28,1,958,1,31,0,925,0,2,1,382,0,289,1,671,California
Alpine,2021-03-29,19,977,0,31,18,943,1,3,2,368,17,306,3,674,California
Alpine,2021-04-01,18,995,0,31,18,961,0,3,8,366,10,316,8,682,California
Alpine,2021-04-02,101,1096,1,32,100,1061,0,3,46,358,54,370,46,728,California
Alpine,2021-04-05,4,1100,1,33,3,1064,0,3,0,354,4,374,0,728,California
Alpine,2021-04-06,3,1103,2,35,1,1065,0,3,2,355,1,375,2,730,California
Alpine,2021-04-07,117,1220,0,35,116,1181,1,4,30,300,86,461,31,761,California
Alpine,2021-04-08,38,1258,0,35,36,1217,2,6,10,284,28,489,12,773,California
Alpine,2021-04-09,1,1259,0,35,1,1218,0,6,1,285,0,489,1,774,California
Alpine,2021-04-14,47,1306,0,35,47,1265,0,6,10,258,37,526,10,784,California
Alpine,2021-04-15,35,1341,0,35,35,1300,0,6,3,229,32,558,3,787,California
Alpine,2021-04-16,1,1342,0,35,1,1301,0,6,1,230,0,558,1,788,California
Alpine,2021-04-19,1,1343,0,35,1,1302,0,6,1,231,0,558,1,789,California
Alpine,2021-04-21,31,1374,0,35,31,1333,0,6,15,230,16,574,15,804,California
Alpine,2021-04-22,24,1398,0,35,24,1357,0,6,1,208,23,597,1,805,California
Alpine,2021-04-24,2,1400,2,37,0,1357,0,6,0,207,2,599,1,806,California
Alpine,2021-04-25,1,1401,1,38,0,1357,0,6,0,206,1,600,0,806,California
Alpine,2021-04-27,2,1403,1,39,1,1358,0,6,1,206,1,601,1,807,California
Alpine,2021-04-28,36,1439,0,39,36,1394,0,6,6,182,30,631,6,813,California
Alpine,2021-04-29,7,1446,1,40,6,1400,0,6,1,177,6,637,1,814,California
Alpine,2021-04-30,2,1448,1,41,0,1400,1,7,1,178,1,638,2,816,California
Alpine,2021-05-02,1,1449,0,41,0,1400,1,8,0,178,1,639,1,817,California
Alpine,2021-05-05,17,1466,0,41,17,1417,0,8,4,169,13,652,4,821,California
Alpine,2021-05-06,7,1473,0,41,7,1424,0,8,0,162,7,659,0,821,California
Alpine,2021-05-07,1,1474,0,41,1,1425,0,8,0,161,1,660,0,821,California
Amador,2020-12-16,2,2,2,2,0,0,0,0,2,2,0,0,2,2,California
Amador,2020-12-17,5,7,5,7,0,0,0,0,5,7,0,0,5,7,California
Amador,2020-12-18,45,52,45,52,0,0,0,0,45,52,0,0,45,52,California
Amador,2020-12-19,17,69,17,69,0,0,0,0,17,69,0,0,17,69,California
Amador,2020-12-20,4,73,4,73,0,0,0,0,4,73,0,0,4,73,California
Amador,2020-12-21,31,104,31,104,0,0,0,0,31,104,0,0,31,104,California
Amador,2020-12-22,35,139,34,138,1,1,0,0,35,139,0,0,35,139,California
Amador,2020-12-23,39,178,38,176,1,2,0,0,39,178,0,0,39,178,California
Amador,2020-12-24,5,183,3,179,2,4,0,0,5,183,0,0,5,183,California
Amador,2020-12-26,5,188,4,183,1,5,0,0,5,188,0,0,5,188,California
Amador,2020-12-27,1,189,0,183,1,6,0,0,1,189,0,0,1,189,California
Amador,2020-12-28,31,220,27,210,4,10,0,0,31,220,0,0,31,220,California
Amador,2020-12-29,26,246,19,229,7,17,0,0,26,246,0,0,26,246,California
Amador,2020-12-30,124,370,78,307,46,63,0,0,124,370,0,0,124,370,California
Amador,2020-12-31,191,561,166,473,25,88,0,0,191,561,0,0,191,561,California
Amador,2021-01-01,2,563,0,473,2,90,0,0,2,563,0,0,2,563,California
Amador,2021-01-02,56,619,56,529,0,90,0,0,56,619,0,0,56,619,California
Amador,2021-01-03,65,684,17,546,48,138,0,0,65,684,0,0,65,684,California
Amador,2021-01-04,124,808,1,547,123,261,0,0,124,808,0,0,124,808,California
Amador,2021-01-05,33,841,3,550,30,291,0,0,31,838,2,2,32,840,California
Amador,2021-01-06,40,881,10,560,30,321,0,0,36,870,4,6,36,876,California
Amador,2021-01-07,230,1111,69,629,161,482,0,0,218,1076,12,18,218,1094,California
Amador,2021-01-08,84,1195,70,699,14,496,0,0,40,1073,44,62,41,1135,California
Amador,2021-01-09,11,1206,11,710,0,496,0,0,2,1066,9,71,2,1137,California
Amador,2021-01-10,6,1212,4,714,2,498,0,0,2,1064,4,75,2,1139,California
Amador,2021-01-11,124,1336,44,758,80,578,0,0,87,1115,37,112,88,1227,California
Amador,2021-01-12,64,1400,49,807,15,593,0,0,40,1131,24,136,40,1267,California
Amador,2021-01-13,38,1438,23,830,15,608,0,0,26,1145,12,148,26,1293,California
Amador,2021-01-14,146,1584,20,850,126,734,0,0,136,1271,10,158,136,1429,California
Amador,2021-01-15,55,1639,24,874,31,765,0,0,48,1312,7,165,48,1477,California
Amador,2021-01-16,19,1658,12,886,7,772,0,0,13,1320,6,171,14,1491,California
Amador,2021-01-17,26,1684,6,892,20,792,0,0,26,1346,0,171,26,1517,California
Amador,2021-01-18,32,1716,28,920,4,796,0,0,10,1334,22,193,10,1527,California
Amador,2021-01-19,121,1837,96,1016,25,821,0,0,77,1367,44,237,77,1604,California
Amador,2021-01-20,184,2021,34,1050,150,971,0,0,168,1520,15,252,168,1772,California
Amador,2021-01-21,255,2276,224,1274,31,1002,0,0,145,1556,110,362,146,1918,California
Amador,2021-01-22,135,2411,73,1347,62,1064,0,0,128,1677,7,369,128,2046,California
Amador,2021-01-23,52,2463,32,1379,20,1084,0,0,50,1725,2,371,50,2096,California
Amador,2021-01-24,28,2491,12,1391,16,1100,0,0,25,1747,3,374,25,2121,California
Amador,2021-01-25,59,2550,28,1419,31,1131,0,0,42,1772,17,391,42,2163,California
Amador,2021-01-26,245,2795,17,1436,228,1359,0,0,235,1997,10,401,235,2398,California
Amador,2021-01-27,298,3093,31,1467,267,1626,0,0,251,2204,45,446,252,2650,California
Amador,2021-01-28,347,3440,77,1544,270,1896,0,0,286,2430,61,507,287,2937,California
Amador,2021-01-29,96,3536,31,1575,65,1961,0,0,81,2496,15,522,81,3018,California
Amador,2021-01-30,169,3705,36,1611,133,2094,0,0,164,2655,5,527,164,3182,California
Amador,2021-01-31,32,3737,28,1639,4,2098,0,0,31,2685,1,528,31,3213,California
Amador,2021-02-01,63,3800,23,1662,40,2138,0,0,36,2694,27,555,36,3249,California
Amador,2021-02-02,212,4012,63,1725,149,2287,0,0,126,2737,83,638,126,3375,California
Amador,2021-02-03,141,4153,38,1763,103,2390,0,0,90,2777,50,688,90,3465,California
Amador,2021-02-04,250,4403,74,1837,176,2566,0,0,164,2857,86,774,166,3631,California
Amador,2021-02-05,331,4734,63,1900,268,2834,0,0,315,3156,16,790,315,3946,California
Amador,2021-02-06,99,4833,80,1980,19,2853,0,0,95,3247,4,794,95,4041,California
Amador,2021-02-07,39,4872,35,2015,4,2857,0,0,35,3279,4,798,36,4077,California
Amador,2021-02-08,90,4962,62,2077,28,2885,0,0,73,3335,17,815,73,4150,California
Amador,2021-02-09,175,5137,83,2160,92,2977,0,0,110,3380,65,880,110,4260,California
Amador,2021-02-10,978,6115,80,2240,898,3875,0,0,945,4292,33,913,945,5205,California
Amador,2021-02-11,307,6422,119,2359,188,4063,0,0,201,4389,104,1017,201,5406,California
Amador,2021-02-12,328,6750,120,2479,208,4271,0,0,255,4571,73,1090,255,5661,California
Amador,2021-02-13,165,6915,81,2560,84,4355,0,0,139,4684,26,1116,139,5800,California
Amador,2021-02-14,123,7038,54,2614,69,4424,0,0,106,4773,17,1133,106,5906,California
Amador,2021-02-15,185,7223,60,2674,125,4549,0,0,168,4925,16,1149,168,6074,California
Amador,2021-02-16,464,7687,53,2727,411,4960,0,0,425,5312,39,1188,426,6500,California
Amador,2021-02-17,261,7948,82,2809,179,5139,0,0,165,5381,96,1284,165,6665,California
Amador,2021-02-18,398,8346,99,2908,299,5438,0,0,336,5656,62,1346,337,7002,California
Amador,2021-02-19,195,8541,77,2985,118,5556,0,0,112,5685,83,1429,112,7114,California
Amador,2021-02-20,95,8636,33,3018,62,5618,0,0,67,5724,28,1457,67,7181,California
Amador,2021-02-21,45,8681,34,3052,11,5629,0,0,15,5709,30,1487,15,7196,California
Amador,2021-02-22,65,8746,26,3078,39,5668,0,0,32,5709,32,1519,32,7228,California
Amador,2021-02-23,320,9066,54,3132,266,5934,0,0,140,5670,180,1699,141,7369,California
Amador,2021-02-24,394,9460,57,3189,337,6271,0,0,263,5806,127,1826,263,7632,California
Amador,2021-02-25,522,9982,117,3306,405,6676,0,0,280,5845,241,2067,280,7912,California
Amador,2021-02-26,612,10594,75,3381,537,7213,0,0,505,6244,107,2174,506,8418,California
Amador,2021-02-27,293,10887,93,3474,200,7413,0,0,103,6160,189,2363,105,8523,California
Amador,2021-02-28,103,10990,52,3526,51,7464,0,0,57,6173,46,2409,59,8582,California
Amador,2021-03-01,189,11179,66,3592,123,7587,0,0,120,6225,69,2478,121,8703,California
Amador,2021-03-02,379,11558,63,3655,316,7903,0,0,329,6505,50,2528,330,9033,California
Amador,2021-03-03,244,11802,79,3734,165,8068,0,0,168,6599,75,2603,169,9202,California
Amador,2021-03-04,497,12299,116,3850,381,8449,0,0,394,6891,102,2705,394,9596,California
Amador,2021-03-05,511,12810,77,3927,434,8883,0,0,293,6969,217,2922,295,9891,California
Amador,2021-03-06,99,12909,45,3972,53,8936,1,1,54,6979,45,2967,55,9946,California
Amador,2021-03-07,63,12972,42,4014,21,8957,0,1,20,6956,43,3010,20,9966,California
Amador,2021-03-08,152,13124,71,4085,80,9037,1,2,91,6987,61,3071,92,10058,California
Amador,2021-03-09,370,13494,50,4135,320,9357,0,2,292,7204,75,3146,292,10350,California
Amador,2021-03-10,511,14005,76,4211,433,9790,2,4,111,6918,400,3546,114,10464,California
Amador,2021-03-11,474,14479,118,4329,345,10135,11,15,300,7059,173,3719,314,10778,California
Amador,2021-03-12,570,15049,66,4395,496,10631,8,23,338,7179,231,3950,351,11129,California
Amador,2021-03-13,114,15163,18,4413,89,10720,7,30,74,7224,40,3990,85,11214,California
Amador,2021-03-14,89,15252,19,4432,67,10787,3,33,21,7180,68,4058,24,11238,California
Amador,2021-03-15,176,15428,25,4457,144,10931,7,40,53,7119,123,4181,62,11300,California
Amador,2021-03-16,448,15876,54,4511,384,11315,10,50,138,6959,308,4489,148,11448,California
Amador,2021-03-17,193,16069,43,4554,147,11462,3,53,116,7002,77,4566,120,11568,California
Amador,2021-03-18,476,16545,98,4652,374,11836,4,57,249,7032,227,4793,257,11825,California
Amador,2021-03-19,540,17085,56,4708,467,12303,17,74,391,7296,147,4940,411,12236,California
Amador,2021-03-20,110,17195,45,4753,64,12367,1,75,46,7282,63,5003,49,12285,California
Amador,2021-03-21,48,17243,36,4789,11,12378,1,76,31,7300,16,5019,34,12319,California
Amador,2021-03-22,113,17356,32,4821,52,12430,29,105,49,7314,64,5083,78,12397,California
Amador,2021-03-23,433,17789,47,4868,378,12808,8,113,276,7442,156,5239,284,12681,California
Amador,2021-03-24,342,18131,35,4903,54,12862,253,366,34,7422,307,5546,287,12968,California
Amador,2021-03-25,605,18736,84,4987,515,13377,6,372,394,7612,210,5756,400,13368,California
Amador,2021-03-26,741,19477,45,5032,690,14067,6,378,282,7446,457,6213,291,13659,California
Amador,2021-03-27,91,19568,15,5047,74,14141,2,380,27,7413,64,6277,31,13690,California
Amador,2021-03-28,68,19636,14,5061,52,14193,2,382,13,7375,54,6331,16,13706,California
Amador,2021-03-29,180,19816,26,5087,153,14346,1,383,80,7363,98,6429,86,13792,California
Amador,2021-03-30,532,20348,28,5115,503,14849,1,384,294,7421,237,6666,295,14087,California
Amador,2021-03-31,199,20547,57,5172,137,14986,5,389,43,7313,156,6822,48,14135,California
Amador,2021-04-01,615,21162,88,5260,527,15513,0,389,264,7230,349,7171,266,14401,California
Amador,2021-04-02,605,21767,37,5297,556,16069,12,401,383,7405,221,7392,396,14797,California
Amador,2021-04-03,83,21850,19,5316,44,16113,20,421,20,7384,63,7455,42,14839,California
Amador,2021-04-04,38,21888,3,5319,29,16142,6,427,15,7382,23,7478,21,14860,California
Amador,2021-04-05,143,22031,52,5371,74,16216,17,444,48,7355,94,7572,67,14927,California
Amador,2021-04-06,501,22532,37,5408,445,16661,19,463,221,7317,278,7850,240,15167,California
Amador,2021-04-07,99,22631,34,5442,46,16707,19,482,43,7325,54,7904,62,15229,California
Amador,2021-04-08,494,23125,84,5526,389,17096,21,503,221,7295,272,8176,242,15471,California
Amador,2021-04-09,481,23606,21,5547,441,17537,19,522,212,7256,268,8444,229,15700,California
Amador,2021-04-10,50,23656,14,5561,27,17564,9,531,22,7259,28,8472,31,15731,California
Amador,2021-04-11,49,23705,24,5585,21,17585,4,535,23,7260,26,8498,27,15758,California
Amador,2021-04-12,96,23801,24,5609,62,17647,10,545,40,7254,56,8554,50,15808,California
Amador,2021-04-13,344,24145,50,5659,294,17941,0,545,68,7047,275,8829,68,15876,California
Amador,2021-04-14,276,24421,26,5685,250,18191,0,545,175,7122,100,8929,175,16051,California
Amador,2021-04-15,329,24750,72,5757,257,18448,0,545,73,6944,251,9180,73,16124,California
Amador,2021-04-16,482,25232,29,5786,453,18901,0,545,384,7232,96,9276,384,16508,California
Amador,2021-04-17,61,25293,35,5821,26,18927,0,545,27,7225,34,9310,27,16535,California
Amador,2021-04-18,25,25318,5,5826,20,18947,0,545,11,7222,14,9324,11,16546,California
Amador,2021-04-19,69,25387,27,5853,42,18989,0,545,31,7218,37,9361,33,16579,California
Amador,2021-04-20,436,25823,54,5907,382,19371,0,545,111,7013,318,9679,113,16692,California
Amador,2021-04-21,86,25909,34,5941,52,19423,0,545,44,7016,41,9720,44,16736,California
Amador,2021-04-22,494,26403,75,6016,418,19841,1,546,104,6738,383,10103,105,16841,California
Amador,2021-04-23,357,26760,45,6061,312,20153,0,546,286,6956,70,10173,288,17129,California
Amador,2021-04-24,45,26805,23,6084,22,20175,0,546,25,6961,20,10193,25,17154,California
Amador,2021-04-25,37,26842,19,6103,18,20193,0,546,25,6974,12,10205,25,17179,California
Amador,2021-04-26,80,26922,25,6128,54,20247,1,547,39,6974,40,10245,40,17219,California
Amador,2021-04-27,482,27404,36,6164,446,20693,0,547,81,6657,399,10644,82,17301,California
Amador,2021-04-28,67,27471,29,6193,34,20727,4,551,39,6672,28,10672,43,17344,California
Amador,2021-04-29,221,27692,69,6262,44,20771,108,659,64,6686,157,10829,171,17515,California
Amador,2021-04-30,337,28029,26,6288,307,21078,4,663,96,6545,241,11070,100,17615,California
Amador,2021-05-01,43,28072,17,6305,22,21100,4,667,23,6554,18,11088,27,17642,California
Amador,2021-05-02,26,28098,14,6319,9,21109,3,670,9,6550,17,11105,13,17655,California
Amador,2021-05-03,66,28164,32,6351,24,21133,10,680,27,6548,39,11144,37,17692,California
Amador,2021-05-04,462,28626,23,6374,434,21567,5,685,68,6227,394,11538,73,17765,California
Amador,2021-05-05,199,28825,154,6528,37,21604,8,693,162,6360,37,11575,170,17935,California
Amador,2021-05-06,112,28937,54,6582,53,21657,5,698,67,6389,43,11618,72,18007,California
Amador,2021-05-07,126,29063,29,6611,90,21747,7,705,67,6404,59,11677,74,18081,California
Amador,2021-05-08,42,29105,8,6619,30,21777,4,709,19,6404,23,11700,23,18104,California
Amador,2021-05-09,16,29121,0,6619,10,21787,6,715,5,6404,11,11711,11,18115,California
Amador,2021-05-10,63,29184,15,6634,45,21832,3,718,27,6398,36,11747,30,18145,California
Amador,2021-05-11,75,29259,31,6665,18,21850,26,744,37,6423,38,11785,63,18208,California
Butte,2020-12-16,3,3,3,3,0,0,0,0,3,3,0,0,3,3,California
Butte,2020-12-17,21,24,21,24,0,0,0,0,21,24,0,0,21,24,California
Butte,2020-12-18,50,74,50,74,0,0,0,0,50,74,0,0,50,74,California
Butte,2020-12-19,7,81,7,81,0,0,0,0,7,81,0,0,7,81,California
Butte,2020-12-20,10,91,10,91,0,0,0,0,10,91,0,0,10,91,California
Butte,2020-12-21,634,725,634,725,0,0,0,0,634,725,0,0,634,725,California
Butte,2020-12-22,618,1343,616,1341,2,2,0,0,618,1343,0,0,618,1343,California
Butte,2020-12-23,869,2212,853,2194,16,18,0,0,869,2212,0,0,869,2212,California
Butte,2020-12-24,159,2371,155,2349,4,22,0,0,159,2371,0,0,159,2371,California
Butte,2020-12-26,93,2464,91,2440,2,24,0,0,93,2464,0,0,93,2464,California
Butte,2020-12-27,35,2499,34,2474,1,25,0,0,35,2499,0,0,35,2499,California
Butte,2020-12-28,279,2778,273,2747,6,31,0,0,279,2778,0,0,279,2778,California
Butte,2020-12-29,203,2981,179,2926,24,55,0,0,203,2981,0,0,203,2981,California
Butte,2020-12-30,513,3494,291,3217,222,277,0,0,513,3494,0,0,513,3494,California
Butte,2020-12-31,211,3705,18,3235,193,470,0,0,211,3705,0,0,211,3705,California
Butte,2021-01-01,8,3713,1,3236,7,477,0,0,8,3713,0,0,8,3713,California
Butte,2021-01-02,41,3754,38,3274,3,480,0,0,41,3754,0,0,41,3754,California
Butte,2021-01-03,4,3758,1,3275,3,483,0,0,4,3758,0,0,4,3758,California
Butte,2021-01-04,208,3966,175,3450,33,516,0,0,208,3966,0,0,208,3966,California
Butte,2021-01-05,196,4162,151,3601,45,561,0,0,195,4160,1,1,195,4161,California
Butte,2021-01-06,623,4785,397,3998,226,787,0,0,618,4774,5,6,619,4780,California
Butte,2021-01-07,761,5546,369,4367,392,1179,0,0,741,5495,20,26,741,5521,California
Butte,2021-01-08,668,6214,529,4896,139,1318,0,0,622,6071,46,72,622,6143,California
Butte,2021-01-09,12,6226,7,4903,5,1323,0,0,7,6073,5,77,7,6150,California
Butte,2021-01-10,19,6245,5,4908,14,1337,0,0,14,6082,5,82,14,6164,California
Butte,2021-01-11,985,7230,949,5857,36,1373,0,0,357,5814,628,710,360,6524,California
Butte,2021-01-12,698,7928,653,6510,45,1418,0,0,274,5664,424,1134,274,6798,California
Butte,2021-01-13,1449,9377,955,7465,494,1912,0,0,615,5447,834,1968,617,7415,California
Butte,2021-01-14,1635,11012,894,8359,741,2653,0,0,1439,6691,195,2163,1439,8854,California
Butte,2021-01-15,1167,12179,925,9284,242,2895,0,0,1058,7639,110,2273,1058,9912,California
Butte,2021-01-16,586,12765,300,9584,286,3181,0,0,541,8135,45,2318,541,10453,California
Butte,2021-01-17,239,13004,64,9648,175,3356,0,0,202,8300,37,2355,202,10655,California
Butte,2021-01-18,344,13348,302,9950,42,3398,0,0,276,8509,67,2422,276,10931,California
Butte,2021-01-19,498,13846,433,10383,65,3463,0,0,225,8461,273,2695,225,11156,California
Butte,2021-01-20,1369,15215,688,11071,681,4144,0,0,1066,9224,303,2998,1066,12222,California
Butte,2021-01-21,1474,16689,866,11937,608,4752,0,0,1366,10483,107,3105,1366,13588,California
Butte,2021-01-22,1135,17824,476,12413,659,5411,0,0,1082,11512,53,3158,1082,14670,California
Butte,2021-01-23,129,17953,87,12500,42,5453,0,0,103,11589,26,3184,103,14773,California
Butte,2021-01-24,9,17962,7,12507,2,5455,0,0,9,11598,0,3184,9,14782,California
Butte,2021-01-25,655,18617,335,12842,320,5775,0,0,492,11927,163,3347,492,15274,California
Butte,2021-01-26,1468,20085,377,13219,1091,6866,0,0,1331,13121,137,3484,1331,16605,California
Butte,2021-01-27,2091,22176,705,13924,1386,8252,0,0,1362,13755,728,4212,1362,17967,California
Butte,2021-01-28,2260,24436,260,14184,2000,10252,0,0,1950,15396,309,4521,1950,19917,California
Butte,2021-01-29,1686,26122,487,14671,1199,11451,0,0,1307,16325,378,4899,1307,21224,California
Butte,2021-01-30,32,26154,9,14680,23,11474,0,0,29,16351,3,4902,29,21253,California
Butte,2021-01-31,16,26170,14,14694,2,11476,0,0,15,16365,1,4903,15,21268,California
Butte,2021-02-01,1749,27919,406,15100,1343,12819,0,0,1361,17340,386,5289,1361,22629,California
Butte,2021-02-02,1931,29850,363,15463,1568,14387,0,0,1628,18664,304,5593,1628,24257,California
Butte,2021-02-03,2732,32582,771,16234,1961,16348,0,0,1842,19618,888,6481,1842,26099,California
Butte,2021-02-04,2958,35540,327,16561,2631,18979,0,0,2402,21466,554,7035,2402,28501,California
Butte,2021-02-05,1264,36804,662,17223,602,19581,0,0,548,21299,716,7751,549,29050,California
Butte,2021-02-06,144,36948,103,17326,41,19622,0,0,62,21279,82,7833,62,29112,California
Butte,2021-02-07,37,36985,33,17359,4,19626,0,0,13,21268,24,7857,13,29125,California
Butte,2021-02-08,691,37676,542,17901,149,19775,0,0,238,21053,453,8310,238,29363,California
Butte,2021-02-09,953,38629,459,18360,494,20269,0,0,723,21546,230,8540,723,30086,California
Butte,2021-02-10,1706,40335,1190,19550,516,20785,0,0,675,21192,1029,9569,675,30761,California
Butte,2021-02-11,2202,42537,1349,20899,853,21638,0,0,1006,21002,1196,10765,1006,31767,California
Butte,2021-02-12,1001,43538,433,21332,568,22206,0,0,330,20662,670,11435,330,32097,California
Butte,2021-02-13,252,43790,44,21376,208,22414,0,0,150,20710,102,11537,150,32247,California
Butte,2021-02-14,161,43951,9,21385,152,22566,0,0,156,20861,5,11542,156,32403,California
Butte,2021-02-15,263,44214,47,21432,216,22782,0,0,198,20994,65,11607,198,32601,California
Butte,2021-02-16,734,44948,433,21865,301,23083,0,0,275,20809,460,12067,275,32876,California
Butte,2021-02-17,1515,46463,848,22713,667,23750,0,0,842,20980,671,12738,842,33718,California
Butte,2021-02-18,1554,48017,760,23473,794,24544,0,0,747,20920,807,13545,747,34465,California
Butte,2021-02-19,1166,49183,387,23860,779,25323,0,0,401,20563,758,14303,401,34866,California
Butte,2021-02-20,475,49658,29,23889,446,25769,0,0,122,20333,352,14655,122,34988,California
Butte,2021-02-21,16,49674,14,23903,2,25771,0,0,11,20339,5,14660,11,34999,California
Butte,2021-02-22,1498,51172,296,24199,1202,26973,0,0,380,19604,1115,15775,380,35379,California
Butte,2021-02-23,1634,52806,297,24496,1337,28310,0,0,463,18901,1166,16941,463,35842,California
Butte,2021-02-24,2135,54941,596,25092,1539,29849,0,0,728,18230,1399,18340,728,36570,California
Butte,2021-02-25,2077,57018,579,25671,1498,31347,0,0,655,17469,1417,19757,656,37226,California
Butte,2021-02-26,921,57939,311,25982,610,31957,0,0,398,17347,520,20277,398,37624,California
Butte,2021-02-27,235,58174,48,26030,187,32144,0,0,186,17486,47,20324,186,37810,California
Butte,2021-02-28,140,58314,16,26046,124,32268,0,0,132,17610,8,20332,132,37942,California
Butte,2021-03-01,1629,59943,178,26224,1450,33718,1,1,329,16643,1297,21629,330,38272,California
Butte,2021-03-02,1742,61685,196,26420,1546,35264,0,1,309,15523,1429,23058,309,38581,California
Butte,2021-03-03,2783,64468,848,27268,1935,37199,0,1,482,13705,2300,25358,482,39063,California
Butte,2021-03-04,3141,67609,678,27946,2463,39662,0,1,622,11809,2518,27876,622,39685,California
Butte,2021-03-05,1349,68958,617,28563,731,40393,1,2,736,11936,610,28486,737,40422,California
Butte,2021-03-06,247,69205,27,28590,197,40590,23,25,186,12085,60,28546,209,40631,California
Butte,2021-03-07,55,69260,3,28593,35,40625,17,42,30,12107,25,28571,47,40678,California
Butte,2021-03-08,1265,70525,129,28722,1059,41684,77,119,1100,13122,162,28733,1177,41855,California
Butte,2021-03-09,1900,72425,279,29001,1518,43202,103,222,1413,14153,485,29218,1516,43371,California
Butte,2021-03-10,2320,74745,965,29966,1255,44457,100,322,1579,15095,736,29954,1678,45049,California
Butte,2021-03-11,2808,77553,1315,31281,1367,45824,126,448,1982,16388,815,30769,2108,47157,California
Butte,2021-03-12,1144,78697,329,31610,466,46290,349,797,355,16309,783,31552,704,47861,California
Butte,2021-03-13,253,78950,67,31677,137,46427,49,846,64,16232,189,31741,112,47973,California
Butte,2021-03-14,161,79111,15,31692,104,46531,42,888,21,16156,139,31880,63,48036,California
Butte,2021-03-15,1718,80829,359,32051,1066,47597,293,1181,1125,16986,588,32468,1418,49454,California
Butte,2021-03-16,1630,82459,417,32468,1135,48732,78,1259,1090,17616,537,33005,1167,50621,California
Butte,2021-03-17,1952,84411,1358,33826,513,49245,81,1340,1134,18020,810,33815,1214,51835,California
Butte,2021-03-18,1805,86216,1462,35288,214,49459,129,1469,1062,18473,737,34552,1190,53025,California
Butte,2021-03-19,699,86915,313,35601,302,49761,84,1553,346,18559,344,34896,430,53455,California
Butte,2021-03-20,205,87120,32,35633,157,49918,16,1569,93,18556,112,35008,109,53564,California
Butte,2021-03-21,58,87178,27,35660,2,49920,29,1598,15,18557,43,35051,44,53608,California
Butte,2021-03-22,1461,88639,353,36013,1014,50934,94,1692,1196,19584,263,35314,1290,54898,California
Butte,2021-03-23,1805,90444,493,36506,1198,52132,114,1806,1455,20806,347,35661,1569,56467,California
Butte,2021-03-24,2247,92691,1266,37772,855,52987,126,1932,1701,22090,542,36203,1826,58293,California
Butte,2021-03-25,1489,94180,1205,38977,192,53179,92,2024,1024,22745,461,36664,1116,59409,California
Butte,2021-03-26,1212,95392,442,39419,524,53703,246,2270,567,22921,637,37301,813,60222,California
Butte,2021-03-27,299,95691,83,39502,192,53895,24,2294,132,22911,164,37465,154,60376,California
Butte,2021-03-28,226,95917,43,39545,175,54070,8,2302,101,22897,122,37587,108,60484,California
Butte,2021-03-29,1721,97638,381,39926,1270,55340,70,2372,1306,23863,410,37997,1376,61860,California
Butte,2021-03-30,1041,98679,471,40397,480,55820,90,2462,498,23914,537,38534,588,62448,California
Butte,2021-03-31,1777,100456,1304,41701,406,56226,67,2529,1088,24386,683,39217,1155,63603,California
Butte,2021-04-01,3279,103735,2663,44364,489,56715,127,2656,2211,25662,1063,40280,2339,65942,California
Butte,2021-04-02,997,104732,417,44781,460,57175,120,2776,558,25907,431,40711,676,66618,California
Butte,2021-04-03,345,105077,46,44827,224,57399,75,2851,166,25969,179,40890,241,66859,California
Butte,2021-04-04,184,105261,23,44850,138,57537,23,2874,106,26022,76,40966,129,66988,California
Butte,2021-04-05,1957,107218,421,45271,1366,58903,170,3044,597,25436,1352,42318,766,67754,California
Butte,2021-04-06,2188,109406,617,45888,1151,60054,420,3464,790,25252,1392,43710,1208,68962,California
Butte,2021-04-07,3006,112412,1312,47200,1302,61356,392,3856,696,24036,2304,46014,1088,70050,California
Butte,2021-04-08,2723,115135,1189,48389,1269,62625,265,4121,441,22462,2280,48294,706,70756,California
Butte,2021-04-09,1367,116502,349,48738,538,63163,480,4601,328,22231,1036,49330,805,71561,California
Butte,2021-04-10,219,116721,48,48786,74,63237,97,4698,96,22301,122,49452,192,71753,California
Butte,2021-04-11,105,116826,44,48830,51,63288,10,4708,81,22370,22,49474,91,71844,California
Butte,2021-04-12,1408,118234,316,49146,959,64247,133,4841,254,21603,1154,50628,387,72231,California
Butte,2021-04-13,1636,119870,570,49716,1060,65307,6,4847,347,20675,1282,51910,354,72585,California
Butte,2021-04-14,2829,122699,2339,52055,490,65797,0,4847,1313,20478,1511,53421,1314,73899,California
Butte,2021-04-15,636,123335,392,52447,244,66041,0,4847,480,20805,153,53574,480,74379,California
Butte,2021-04-16,807,124142,414,52861,393,66434,0,4847,473,20947,331,53905,473,74852,California
Butte,2021-04-17,340,124482,61,52922,279,66713,0,4847,238,21085,100,54005,238,75090,California
Butte,2021-04-18,39,124521,9,52931,30,66743,0,4847,35,21116,4,54009,35,75125,California
Butte,2021-04-19,1558,126079,380,53311,1178,67921,0,4847,447,20456,1107,55116,447,75572,California
Butte,2021-04-20,1969,128048,717,54028,1252,69173,0,4847,777,20047,1186,56302,777,76349,California
Butte,2021-04-21,2049,130097,1165,55193,884,70057,0,4847,480,18964,1563,57865,480,76829,California
Butte,2021-04-22,2189,132286,1911,57104,278,70335,0,4847,613,18005,1572,59437,613,77442,California
Butte,2021-04-23,946,133232,446,57550,500,70835,0,4847,490,18040,455,59892,490,77932,California
Butte,2021-04-24,345,133577,138,57688,207,71042,0,4847,191,18077,154,60046,191,78123,California
Butte,2021-04-25,171,133748,67,57755,104,71146,0,4847,63,18032,108,60154,63,78186,California
Butte,2021-04-26,1468,135216,408,58163,1055,72201,5,4852,410,17392,1055,61209,415,78601,California
Butte,2021-04-27,904,136120,613,58776,263,72464,28,4880,546,17612,354,61563,574,79175,California
Butte,2021-04-28,1391,137511,935,59711,432,72896,24,4904,498,17246,888,62451,522,79697,California
Butte,2021-04-29,876,138387,540,60251,311,73207,25,4929,296,16991,576,63027,321,80018,California
Butte,2021-04-30,891,139278,387,60638,483,73690,21,4950,452,17028,435,63462,472,80490,California
Butte,2021-05-01,239,139517,64,60702,156,73846,19,4969,72,16953,166,63628,91,80581,California
Butte,2021-05-02,146,139663,60,60762,73,73919,13,4982,42,16904,104,63732,55,80636,California
Butte,2021-05-03,607,140270,248,61010,326,74245,33,5015,152,16644,445,64177,185,80821,California
Butte,2021-05-04,809,141079,308,61318,467,74712,34,5049,205,16284,598,64775,238,81059,California
Butte,2021-05-05,1333,142412,1090,62408,206,74918,37,5086,272,15536,1057,65832,309,81368,California
Butte,2021-05-06,910,143322,649,63057,218,75136,43,5129,346,15365,560,66392,389,81757,California
Butte,2021-05-07,571,143893,298,63355,235,75371,38,5167,290,15415,278,66670,328,82085,California
Butte,2021-05-08,168,144061,33,63388,123,75494,12,5179,87,15434,80,66750,99,82184,California
Butte,2021-05-09,87,144148,17,63405,67,75561,3,5182,43,15436,44,66794,46,82230,California
Butte,2021-05-10,488,144636,299,63704,148,75709,41,5223,190,15374,293,67087,231,82461,California
Butte,2021-05-11,689,145325,581,64285,69,75778,39,5262,185,15096,502,67589,224,82685,California
Calaveras,2020-12-16,5,5,5,5,0,0,0,0,5,5,0,0,5,5,California
Calaveras,2020-12-17,3,8,3,8,0,0,0,0,3,8,0,0,3,8,California
Calaveras,2020-12-18,38,46,38,46,0,0,0,0,38,46,0,0,38,46,California
Calaveras,2020-12-19,3,49,3,49,0,0,0,0,3,49,0,0,3,49,California
Calaveras,2020-12-20,3,52,3,52,0,0,0,0,3,52,0,0,3,52,California
Calaveras,2020-12-21,55,107,48,100,7,7,0,0,55,107,0,0,55,107,California
Calaveras,2020-12-22,82,189,78,178,4,11,0,0,83,190,0,0,83,190,California
Calaveras,2020-12-23,76,265,74,252,2,13,0,0,76,266,0,0,76,266,California
Calaveras,2020-12-24,2,267,2,254,0,13,0,0,2,268,0,0,2,268,California
Calaveras,2020-12-26,3,270,3,257,0,13,0,0,3,271,0,0,3,271,California
Calaveras,2020-12-28,22,292,18,275,4,17,0,0,21,291,1,1,21,292,California
Calaveras,2020-12-29,167,459,147,422,20,37,0,0,167,458,0,1,167,459,California
Calaveras,2020-12-30,93,552,81,503,12,49,0,0,93,551,0,1,93,552,California
Calaveras,2020-12-31,35,587,25,528,10,59,0,0,35,586,0,1,35,587,California
Calaveras,2021-01-02,11,598,11,539,0,59,0,0,11,597,0,1,11,598,California
Calaveras,2021-01-03,10,608,4,543,6,65,0,0,10,607,0,1,10,608,California
Calaveras,2021-01-04,33,641,5,548,28,93,0,0,33,640,0,1,33,641,California
Calaveras,2021-01-05,40,681,9,557,31,124,0,0,32,669,8,9,37,678,California
Calaveras,2021-01-06,107,788,30,587,77,201,0,0,97,756,10,19,97,775,California
Calaveras,2021-01-07,105,893,26,613,79,280,0,0,92,838,11,30,93,868,California
Calaveras,2021-01-08,68,961,38,651,30,310,0,0,45,861,23,53,46,914,California
Calaveras,2021-01-09,5,966,5,656,0,310,0,0,2,860,3,56,2,916,California
Calaveras,2021-01-10,2,968,0,656,2,312,0,0,2,862,0,56,2,918,California
Calaveras,2021-01-11,65,1033,59,715,6,318,0,0,27,854,37,93,29,947,California
Calaveras,2021-01-12,85,1118,52,767,33,351,0,0,52,874,33,126,53,1000,California
Calaveras,2021-01-13,109,1227,44,811,65,416,0,0,75,916,34,160,76,1076,California
Calaveras,2021-01-14,138,1365,41,852,97,513,0,0,105,990,32,192,106,1182,California
Calaveras,2021-01-15,91,1456,29,881,62,575,0,0,71,1041,20,212,71,1253,California
Calaveras,2021-01-16,13,1469,2,883,11,586,0,0,12,1052,1,213,12,1265,California
Calaveras,2021-01-17,9,1478,1,884,8,594,0,0,9,1061,0,213,9,1274,California
Calaveras,2021-01-18,132,1610,19,903,113,707,0,0,119,1170,13,226,122,1396,California
Calaveras,2021-01-19,203,1813,173,1076,30,737,0,0,62,1093,140,366,63,1459,California
Calaveras,2021-01-20,376,2189,82,1158,294,1031,0,0,290,1308,85,451,300,1759,California
Calaveras,2021-01-21,462,2651,40,1198,422,1453,0,0,433,1719,29,480,440,2199,California
Calaveras,2021-01-22,401,3052,23,1221,378,1831,0,0,390,2106,11,491,398,2597,California
Calaveras,2021-01-23,22,3074,10,1231,12,1843,0,0,18,2120,4,495,18,2615,California
Calaveras,2021-01-24,13,3087,8,1239,5,1848,0,0,11,2129,2,497,11,2626,California
Calaveras,2021-01-25,85,3172,8,1247,77,1925,0,0,80,2204,5,502,80,2706,California
Calaveras,2021-01-26,47,3219,15,1262,32,1957,0,0,39,2235,8,510,39,2745,California
Calaveras,2021-01-27,133,3352,43,1305,90,2047,0,0,105,2313,27,537,105,2850,California
Calaveras,2021-01-28,164,3516,24,1329,140,2187,0,0,141,2434,23,560,144,2994,California
Calaveras,2021-01-29,387,3903,11,1340,376,2563,0,0,362,2780,25,585,371,3365,California
Calaveras,2021-01-30,27,3930,10,1350,17,2580,0,0,25,2805,0,585,25,3390,California
Calaveras,2021-01-31,6,3936,4,1354,2,2582,0,0,5,2809,1,586,5,3395,California
Calaveras,2021-02-01,24,3960,11,1365,13,2595,0,0,17,2819,7,593,17,3412,California
Calaveras,2021-02-02,109,4069,22,1387,87,2682,0,0,71,2857,34,627,72,3484,California
Calaveras,2021-02-03,429,4498,42,1429,387,3069,0,0,346,3122,82,709,347,3831,California
Calaveras,2021-02-04,381,4879,25,1454,356,3425,0,0,297,3337,84,793,299,4130,California
Calaveras,2021-02-05,78,4957,22,1476,56,3481,0,0,40,3340,38,831,41,4171,California
Calaveras,2021-02-06,21,4978,12,1488,9,3490,0,0,21,3361,0,831,21,4192,California
Calaveras,2021-02-07,4,4982,1,1489,3,3493,0,0,2,3361,2,833,2,4194,California
Calaveras,2021-02-08,38,5020,17,1506,21,3514,0,0,30,3385,6,839,30,4224,California
Calaveras,2021-02-09,193,5213,77,1583,116,3630,0,0,131,3461,56,895,132,4356,California
Calaveras,2021-02-10,513,5726,31,1614,482,4112,0,0,442,3836,71,966,446,4802,California
Calaveras,2021-02-11,583,6309,81,1695,502,4614,0,0,473,4205,107,1073,476,5278,California
Calaveras,2021-02-12,570,6879,325,2020,245,4859,0,0,494,4627,74,1147,496,5774,California
Calaveras,2021-02-13,193,7072,37,2057,156,5015,0,0,178,4790,15,1162,178,5952,California
Calaveras,2021-02-14,221,7293,71,2128,150,5165,0,0,206,4982,14,1176,206,6158,California
Calaveras,2021-02-15,383,7676,23,2151,360,5525,0,0,263,5128,117,1293,263,6421,California
Calaveras,2021-02-16,267,7943,143,2294,124,5649,0,0,230,5322,37,1330,231,6652,California
Calaveras,2021-02-17,509,8452,38,2332,471,6120,0,0,211,5245,289,1619,212,6864,California
Calaveras,2021-02-18,499,8951,91,2423,408,6528,0,0,99,4956,388,2007,99,6963,California
Calaveras,2021-02-19,440,9391,43,2466,397,6925,0,0,98,4722,332,2339,98,7061,California
Calaveras,2021-02-20,59,9450,15,2481,44,6969,0,0,48,4759,11,2350,48,7109,California
Calaveras,2021-02-21,23,9473,14,2495,9,6978,0,0,19,4774,4,2354,19,7128,California
Calaveras,2021-02-22,62,9535,38,2533,24,7002,0,0,33,4778,29,2383,33,7161,California
Calaveras,2021-02-23,125,9660,40,2573,85,7087,0,0,89,4832,36,2419,90,7251,California
Calaveras,2021-02-24,96,9756,47,2620,49,7136,0,0,66,4869,29,2448,66,7317,California
Calaveras,2021-02-25,550,10306,99,2719,451,7587,0,0,359,5041,187,2635,359,7676,California
Calaveras,2021-02-26,705,11011,46,2765,659,8246,0,0,369,5092,320,2955,371,8047,California
Calaveras,2021-02-27,205,11216,22,2787,183,8429,0,0,181,5249,24,2979,181,8228,California
Calaveras,2021-02-28,99,11315,16,2803,83,8512,0,0,93,5337,5,2984,93,8321,California
Calaveras,2021-03-01,226,11541,40,2843,186,8698,0,0,146,5406,78,3062,147,8468,California
Calaveras,2021-03-02,248,11789,96,2939,152,8850,0,0,202,5566,43,3105,203,8671,California
Calaveras,2021-03-03,510,12299,103,3042,407,9257,0,0,213,5487,292,3397,213,8884,California
Calaveras,2021-03-04,742,13041,66,3108,675,9932,1,1,351,5456,383,3780,352,9236,California
Calaveras,2021-03-05,456,13497,271,3379,181,10113,4,5,141,5290,311,4091,145,9381,California
Calaveras,2021-03-06,155,13652,42,3421,107,10220,6,11,122,5385,33,4124,128,9509,California
Calaveras,2021-03-07,75,13727,32,3453,36,10256,7,18,34,5385,41,4165,41,9550,California
Calaveras,2021-03-08,161,13888,26,3479,127,10383,8,26,127,5487,33,4198,135,9685,California
Calaveras,2021-03-09,360,14248,136,3615,218,10601,6,32,32,5201,324,4522,38,9723,California
Calaveras,2021-03-10,417,14665,29,3644,385,10986,3,35,57,4906,355,4877,60,9783,California
Calaveras,2021-03-11,847,15512,420,4064,414,11400,13,48,431,4938,412,5289,444,10227,California
Calaveras,2021-03-12,399,15911,212,4276,177,11577,10,58,325,5206,73,5362,341,10568,California
Calaveras,2021-03-13,176,16087,16,4292,152,11729,8,66,142,5325,33,5395,152,10720,California
Calaveras,2021-03-14,156,16243,11,4303,144,11873,1,67,18,5213,138,5533,26,10746,California
Calaveras,2021-03-15,332,16575,49,4352,257,12130,26,93,53,5018,278,5811,83,10829,California
Calaveras,2021-03-16,685,17260,550,4902,115,12245,20,113,545,5445,138,5949,565,11394,California
Calaveras,2021-03-17,279,17539,52,4954,213,12458,14,127,51,5285,226,6175,66,11460,California
Calaveras,2021-03-18,666,18205,571,5525,80,12538,15,142,550,5736,116,6291,567,12027,California
Calaveras,2021-03-19,231,18436,50,5575,107,12645,74,216,56,5694,171,6462,129,12156,California
Calaveras,2021-03-20,80,18516,21,5596,58,12703,1,217,23,5662,57,6519,25,12181,California
Calaveras,2021-03-21,48,18564,31,5627,6,12709,11,228,12,5649,36,6555,23,12204,California
Calaveras,2021-03-22,79,18643,36,5663,22,12731,21,249,25,5641,54,6609,46,12250,California
Calaveras,2021-03-23,292,18935,204,5867,78,12809,10,259,114,5596,169,6778,124,12374,California
Calaveras,2021-03-24,132,19067,50,5917,72,12881,10,269,43,5561,88,6866,53,12427,California
Calaveras,2021-03-25,741,19808,102,6019,636,13517,3,272,448,5722,290,7156,451,12878,California
Calaveras,2021-03-26,426,20234,28,6047,392,13909,6,278,89,5485,334,7490,97,12975,California
Calaveras,2021-03-27,212,20446,19,6066,189,14098,4,282,37,5356,172,7662,43,13018,California
Calaveras,2021-03-28,112,20558,12,6078,98,14196,2,284,8,5264,103,7765,11,13029,California
Calaveras,2021-03-29,178,20736,22,6100,153,14349,3,287,58,5208,118,7883,62,13091,California
Calaveras,2021-03-30,532,21268,24,6124,491,14840,17,304,356,5406,175,8058,373,13464,California
Calaveras,2021-03-31,322,21590,140,6264,172,15012,10,314,156,5407,166,8224,167,13631,California
Calaveras,2021-04-01,684,22274,442,6706,241,15253,1,315,186,5100,497,8721,190,13821,California
Calaveras,2021-04-02,394,22668,231,6937,155,15408,8,323,118,4954,273,8994,127,13948,California
Calaveras,2021-04-03,144,22812,34,6971,106,15514,4,327,39,4892,105,9099,43,13991,California
Calaveras,2021-04-04,79,22891,26,6997,53,15567,0,327,50,4913,29,9128,50,14041,California
Calaveras,2021-04-05,208,23099,79,7076,120,15687,9,336,99,4913,109,9237,109,14150,California
Calaveras,2021-04-06,650,23749,573,7649,64,15751,13,349,111,4501,536,9773,124,14274,California
Calaveras,2021-04-07,755,24504,657,8306,62,15813,36,385,618,5019,137,9910,655,14929,California
Calaveras,2021-04-08,945,25449,855,9161,69,15882,21,406,435,4970,507,10417,458,15387,California
Calaveras,2021-04-09,153,25602,57,9218,48,15930,48,454,56,4979,96,10513,105,15492,California
Calaveras,2021-04-10,188,25790,42,9260,128,16058,18,472,147,5104,41,10554,166,15658,California
Calaveras,2021-04-11,69,25859,44,9304,23,16081,2,474,48,5133,21,10575,50,15708,California
Calaveras,2021-04-12,103,25962,46,9350,38,16119,19,493,54,5158,49,10624,74,15782,California
Calaveras,2021-04-13,422,26384,367,9717,55,16174,0,493,363,5466,57,10681,365,16147,California
Calaveras,2021-04-14,181,26565,28,9745,153,16327,0,493,135,5556,46,10727,136,16283,California
Calaveras,2021-04-15,336,26901,287,10032,49,16376,0,493,253,5729,80,10807,253,16536,California
Calaveras,2021-04-16,98,26999,24,10056,74,16450,0,493,46,5727,48,10855,46,16582,California
Calaveras,2021-04-17,331,27330,129,10185,202,16652,0,493,288,5973,42,10897,288,16870,California
Calaveras,2021-04-18,18,27348,5,10190,13,16665,0,493,11,5977,7,10904,11,16881,California
Calaveras,2021-04-19,67,27415,25,10215,42,16707,0,493,40,5992,26,10930,41,16922,California
Calaveras,2021-04-20,258,27673,92,10307,166,16873,0,493,193,6122,63,10993,193,17115,California
Calaveras,2021-04-21,211,27884,143,10450,68,16941,0,493,84,6082,125,11118,85,17200,California
Calaveras,2021-04-22,542,28426,96,10546,446,17387,0,493,142,5828,399,11517,145,17345,California
Calaveras,2021-04-23,158,28584,80,10626,78,17465,0,493,65,5802,91,11608,65,17410,California
Calaveras,2021-04-24,172,28756,36,10662,136,17601,0,493,129,5890,42,11650,130,17540,California
Calaveras,2021-04-25,43,28799,28,10690,15,17616,0,493,22,5893,21,11671,24,17564,California
Calaveras,2021-04-26,93,28892,59,10749,34,17650,0,493,27,5855,66,11737,28,17592,California
Calaveras,2021-04-27,423,29315,58,10807,351,18001,14,507,58,5564,363,12100,72,17664,California
Calaveras,2021-04-28,641,29956,573,11380,37,18038,31,538,52,5067,589,12689,92,17756,California
Calaveras,2021-04-29,508,30464,439,11819,50,18088,19,557,74,4732,433,13122,98,17854,California
Calaveras,2021-04-30,148,30612,60,11879,83,18171,5,562,67,4729,81,13203,78,17932,California
Calaveras,2021-05-01,197,30809,109,11988,86,18257,2,564,130,4799,66,13269,136,18068,California
Calaveras,2021-05-02,52,30861,35,12023,16,18273,1,565,20,4790,31,13300,22,18090,California
Calaveras,2021-05-03,90,30951,68,12091,17,18290,5,570,28,4764,62,13362,36,18126,California
Calaveras,2021-05-04,411,31362,327,12418,47,18337,37,607,40,4472,370,13732,78,18204,California
Calaveras,2021-05-05,107,31469,54,12472,22,18359,31,638,44,4485,62,13794,75,18279,California
Calaveras,2021-05-06,253,31722,195,12667,34,18393,24,662,44,4347,208,14002,70,18349,California
Calaveras,2021-05-07,81,31803,23,12690,52,18445,6,668,53,4378,28,14030,59,18408,California
Calaveras,2021-05-08,286,32089,139,12829,145,18590,2,670,88,4272,196,14226,90,18498,California
Calaveras,2021-05-09,26,32115,11,12840,12,18602,3,673,10,4269,16,14242,13,18511,California
Calaveras,2021-05-10,50,32165,21,12861,28,18630,1,674,22,4265,27,14269,23,18534,California
Calaveras,2021-05-11,83,32248,68,12929,10,18640,5,679,64,4316,19,14288,70,18604,California
Colusa,2020-12-18,1,1,1,1,0,0,0,0,1,1,0,0,1,1,California
Colusa,2020-12-21,2,3,2,3,0,0,0,0,2,3,0,0,2,3,California
Colusa,2020-12-22,10,13,10,13,0,0,0,0,10,13,0,0,10,13,California
Colusa,2020-12-23,10,23,10,23,0,0,0,0,10,23,0,0,10,23,California
Colusa,2020-12-24,2,25,1,24,1,1,0,0,2,25,0,0,2,25,California
Colusa,2020-12-27,1,26,1,25,0,1,0,0,1,26,0,0,1,26,California
Colusa,2020-12-28,7,33,3,28,4,5,0,0,7,33,0,0,7,33,California
Colusa,2020-12-29,11,44,8,36,3,8,0,0,11,44,0,0,11,44,California
Colusa,2020-12-30,50,94,13,49,37,45,0,0,50,94,0,0,50,94,California
Colusa,2020-12-31,18,112,1,50,17,62,0,0,18,112,0,0,18,112,California
Colusa,2021-01-04,4,116,0,50,4,66,0,0,4,116,0,0,4,116,California
Colusa,2021-01-05,67,183,1,51,66,132,0,0,67,183,0,0,67,183,California
Colusa,2021-01-06,15,198,9,60,6,138,0,0,15,198,0,0,15,198,California
Colusa,2021-01-07,38,236,4,64,34,172,0,0,37,234,1,1,37,235,California
Colusa,2021-01-08,9,245,7,71,2,174,0,0,8,241,1,2,8,243,California
Colusa,2021-01-09,2,247,1,72,1,175,0,0,2,243,0,2,2,245,California
Colusa,2021-01-10,1,248,0,72,1,176,0,0,1,244,0,2,1,246,California
Colusa,2021-01-11,12,260,6,78,6,182,0,0,7,246,5,7,7,253,California
Colusa,2021-01-12,11,271,9,87,2,184,0,0,6,247,5,12,6,259,California
Colusa,2021-01-13,21,292,13,100,8,192,0,0,13,252,8,20,13,272,California
Colusa,2021-01-14,35,327,28,128,7,199,0,0,33,283,2,22,33,305,California
Colusa,2021-01-15,41,368,5,133,36,235,0,0,39,320,2,24,39,344,California
Colusa,2021-01-16,12,380,1,134,11,246,0,0,11,330,1,25,11,355,California
Colusa,2021-01-17,3,383,2,136,1,247,0,0,2,331,1,26,2,357,California
Colusa,2021-01-18,4,387,0,136,4,251,0,0,4,335,0,26,4,361,California
Colusa,2021-01-19,9,396,8,144,1,252,0,0,5,336,4,30,5,366,California
Colusa,2021-01-20,115,511,101,245,14,266,0,0,102,425,13,43,102,468,California
Colusa,2021-01-21,56,567,41,286,15,281,0,0,55,479,1,44,55,523,California
Colusa,2021-01-22,40,607,17,303,23,304,0,0,35,509,5,49,35,558,California
Colusa,2021-01-23,35,642,6,309,29,333,0,0,35,544,0,49,35,593,California
Colusa,2021-01-25,7,649,0,309,7,340,0,0,7,551,0,49,7,600,California
Colusa,2021-01-26,8,657,5,314,3,343,0,0,5,553,3,52,5,605,California
Colusa,2021-01-27,109,766,31,345,78,421,0,0,107,658,2,54,107,712,California
Colusa,2021-01-28,79,845,46,391,33,454,0,0,72,723,7,61,72,784,California
Colusa,2021-01-29,41,886,7,398,34,488,0,0,40,762,1,62,40,824,California
Colusa,2021-01-30,27,913,4,402,23,511,0,0,27,789,0,62,27,851,California
Colusa,2021-01-31,7,920,7,409,0,511,0,0,7,796,0,62,7,858,California
Colusa,2021-02-01,27,947,10,419,17,528,0,0,22,813,5,67,22,880,California
Colusa,2021-02-02,42,989,8,427,34,562,0,0,36,843,6,73,36,916,California
Colusa,2021-02-03,69,1058,10,437,59,621,0,0,59,892,10,83,59,975,California
Colusa,2021-02-04,143,1201,81,518,62,683,0,0,115,979,28,111,115,1090,California
Colusa,2021-02-05,32,1233,8,526,24,707,0,0,29,1005,3,114,29,1119,California
Colusa,2021-02-06,284,1517,8,534,276,983,0,0,273,1267,11,125,273,1392,California
Colusa,2021-02-07,2,1519,1,535,1,984,0,0,0,1265,2,127,0,1392,California
Colusa,2021-02-08,40,1559,5,540,35,1019,0,0,37,1299,3,130,37,1429,California
Colusa,2021-02-09,231,1790,14,554,217,1236,0,0,176,1420,55,185,176,1605,California
Colusa,2021-02-10,116,1906,41,595,75,1311,0,0,73,1450,43,228,73,1678,California
Colusa,2021-02-11,98,2004,36,631,62,1373,0,0,73,1498,25,253,73,1751,California
Colusa,2021-02-12,117,2121,9,640,108,1481,0,0,79,1538,39,292,79,1830,California
Colusa,2021-02-13,60,2181,8,648,52,1533,0,0,52,1582,8,300,52,1882,California
Colusa,2021-02-14,20,2201,8,656,12,1545,0,0,14,1590,6,306,14,1896,California
Colusa,2021-02-15,45,2246,10,666,35,1580,0,0,38,1621,7,313,38,1934,California
Colusa,2021-02-16,67,2313,4,670,63,1643,0,0,66,1686,1,314,66,2000,California
Colusa,2021-02-17,206,2519,143,813,63,1706,0,0,60,1600,146,460,60,2060,California
Colusa,2021-02-18,135,2654,35,848,100,1806,0,0,112,1689,23,483,112,2172,California
Colusa,2021-02-19,155,2809,19,867,136,1942,0,0,129,1792,26,509,129,2301,California
Colusa,2021-02-20,28,2837,6,873,22,1964,0,0,12,1788,16,525,12,2313,California
Colusa,2021-02-21,1,2838,1,874,0,1964,0,0,0,1787,1,526,0,2313,California
Colusa,2021-02-22,43,2881,26,900,17,1981,0,0,29,1802,14,540,29,2342,California
Colusa,2021-02-23,22,2903,6,906,16,1997,0,0,18,1816,4,544,18,2360,California
Colusa,2021-02-24,300,3203,54,960,246,2243,0,0,158,1832,142,686,158,2518,California
Colusa,2021-02-25,102,3305,55,1015,47,2290,0,0,66,1862,36,722,66,2584,California
Colusa,2021-02-26,99,3404,14,1029,85,2375,0,0,60,1883,39,761,60,2644,California
Colusa,2021-02-27,55,3459,4,1033,51,2426,0,0,40,1908,15,776,40,2684,California
Colusa,2021-02-28,26,3485,14,1047,12,2438,0,0,18,1918,8,784,18,2702,California
Colusa,2021-03-01,46,3531,15,1062,31,2469,0,0,29,1930,17,801,29,2731,California
Colusa,2021-03-02,49,3580,13,1075,36,2505,0,0,26,1933,23,824,26,2757,California
Colusa,2021-03-03,242,3822,43,1118,199,2704,0,0,185,2061,57,881,185,2942,California
Colusa,2021-03-04,138,3960,58,1176,80,2784,0,0,80,2083,58,939,80,3022,California
Colusa,2021-03-05,98,4058,25,1201,64,2848,9,9,53,2100,45,984,62,3084,California
Colusa,2021-03-06,274,4332,9,1210,265,3113,0,9,37,1900,237,1221,37,3121,California
Colusa,2021-03-07,8,4340,5,1215,3,3116,0,9,6,1904,2,1223,6,3127,California
Colusa,2021-03-08,89,4429,21,1236,33,3149,35,44,45,1940,44,1267,80,3207,California
Colusa,2021-03-09,274,4703,72,1308,179,3328,23,67,83,1855,191,1458,106,3313,California
Colusa,2021-03-10,289,4992,37,1345,216,3544,36,103,203,2008,86,1544,239,3552,California
Colusa,2021-03-11,420,5412,60,1405,339,3883,21,124,339,2285,81,1625,358,3910,California
Colusa,2021-03-12,109,5521,18,1423,78,3961,13,137,19,2227,90,1715,32,3942,California
Colusa,2021-03-13,61,5582,16,1439,36,3997,9,146,18,2211,43,1758,27,3969,California
Colusa,2021-03-14,20,5602,0,1439,18,4015,2,148,6,2206,13,1771,8,3977,California
Colusa,2021-03-15,69,5671,26,1465,35,4050,8,156,14,2173,55,1826,22,3999,California
Colusa,2021-03-16,296,5967,16,1481,234,4284,46,202,189,2301,107,1933,235,4234,California
Colusa,2021-03-17,195,6162,49,1530,146,4430,0,202,110,2326,85,2018,110,4344,California
Colusa,2021-03-18,325,6487,38,1568,216,4646,71,273,202,2476,123,2141,273,4617,California
Colusa,2021-03-19,78,6565,20,1588,56,4702,2,275,53,2506,25,2166,55,4672,California
Colusa,2021-03-20,49,6614,7,1595,41,4743,1,276,36,2530,13,2179,37,4709,California
Colusa,2021-03-21,6,6620,4,1599,2,4745,0,276,4,2532,2,2181,4,4713,California
Colusa,2021-03-22,62,6682,10,1609,43,4788,9,285,40,2559,22,2203,49,4762,California
Colusa,2021-03-23,81,6763,16,1625,63,4851,2,287,54,2588,27,2230,56,4818,California
Colusa,2021-03-24,337,7100,57,1682,274,5125,6,293,69,2394,268,2498,74,4892,California
Colusa,2021-03-25,110,7210,61,1743,44,5169,5,298,53,2395,57,2555,58,4950,California
Colusa,2021-03-26,298,7508,47,1790,247,5416,4,302,245,2591,53,2608,249,5199,California
Colusa,2021-03-27,63,7571,5,1795,58,5474,0,302,25,2578,38,2646,25,5224,California
Colusa,2021-03-28,15,7586,6,1801,9,5483,0,302,7,2577,8,2654,7,5231,California
Colusa,2021-03-29,71,7657,20,1821,45,5528,6,308,31,2574,40,2694,37,5268,California
Colusa,2021-03-30,147,7804,78,1899,67,5595,2,310,75,2579,72,2766,77,5345,California
Colusa,2021-03-31,234,8038,42,1941,192,5787,0,310,74,2494,159,2925,74,5419,California
Colusa,2021-04-01,428,8466,69,2010,305,6092,54,364,306,2732,121,3046,359,5778,California
Colusa,2021-04-02,81,8547,12,2022,55,6147,14,378,37,2739,44,3090,51,5829,California
Colusa,2021-04-03,61,8608,10,2032,28,6175,23,401,13,2727,48,3138,36,5865,California
Colusa,2021-04-04,18,8626,0,2032,8,6183,10,411,3,2725,15,3153,13,5878,California
Colusa,2021-04-05,95,8721,25,2057,55,6238,15,426,39,2723,56,3209,54,5932,California
Colusa,2021-04-06,128,8849,33,2090,45,6283,50,476,43,2731,85,3294,93,6025,California
Colusa,2021-04-07,358,9207,40,2130,295,6578,23,499,132,2661,226,3520,156,6181,California
Colusa,2021-04-08,428,9635,35,2165,366,6944,27,526,122,2507,303,3823,149,6330,California
Colusa,2021-04-09,77,9712,21,2186,33,6977,23,549,29,2511,48,3871,52,6382,California
Colusa,2021-04-10,44,9756,9,2195,15,6992,20,569,12,2511,32,3903,32,6414,California
Colusa,2021-04-11,16,9772,3,2198,11,7003,2,571,8,2513,8,3911,10,6424,California
Colusa,2021-04-12,31,9803,3,2201,28,7031,0,571,24,2530,7,3918,24,6448,California
Colusa,2021-04-13,278,10081,23,2224,255,7286,0,571,93,2439,184,4102,93,6541,California
Colusa,2021-04-14,94,10175,19,2243,75,7361,0,571,33,2411,61,4163,33,6574,California
Colusa,2021-04-15,323,10498,47,2290,276,7637,0,571,130,2348,193,4356,130,6704,California
Colusa,2021-04-16,80,10578,11,2301,69,7706,0,571,36,2341,43,4399,36,6740,California
Colusa,2021-04-17,53,10631,7,2308,46,7752,0,571,31,2350,22,4421,31,6771,California
Colusa,2021-04-18,9,10640,2,2310,7,7759,0,571,7,2355,2,4423,7,6778,California
Colusa,2021-04-19,61,10701,22,2332,39,7798,0,571,17,2328,44,4467,17,6795,California
Colusa,2021-04-20,176,10877,32,2364,144,7942,0,571,128,2408,48,4515,128,6923,California
Colusa,2021-04-21,170,11047,59,2423,111,8053,0,571,110,2458,60,4575,110,7033,California
Colusa,2021-04-22,417,11464,26,2449,390,8443,1,572,214,2470,202,4777,214,7247,California
Colusa,2021-04-23,91,11555,17,2466,74,8517,0,572,37,2453,54,4831,37,7284,California
Colusa,2021-04-24,237,11792,19,2485,217,8734,1,573,204,2625,33,4864,205,7489,California
Colusa,2021-04-25,11,11803,5,2490,6,8740,0,573,8,2630,3,4867,8,7497,California
Colusa,2021-04-26,22,11825,4,2494,17,8757,1,574,6,2621,15,4882,6,7503,California
Colusa,2021-04-27,92,11917,21,2515,67,8824,4,578,43,2619,49,4931,47,7550,California
Colusa,2021-04-28,188,12105,27,2542,158,8982,3,581,138,2711,49,4980,141,7691,California
Colusa,2021-04-29,316,12421,25,2567,287,9269,4,585,46,2493,268,5248,50,7741,California
Colusa,2021-04-30,65,12486,18,2585,47,9316,0,585,41,2510,24,5272,41,7782,California
Colusa,2021-05-01,19,12505,8,2593,8,9324,3,588,9,2512,10,5282,12,7794,California
Colusa,2021-05-02,3,12508,0,2593,2,9326,1,589,2,2514,1,5283,3,7797,California
Colusa,2021-05-03,21,12529,7,2600,14,9340,0,589,6,2505,15,5298,6,7803,California
Colusa,2021-05-04,86,12615,44,2644,41,9381,1,590,63,2546,23,5321,64,7867,California
Colusa,2021-05-05,65,12680,14,2658,50,9431,1,591,30,2542,35,5356,31,7898,California
Colusa,2021-05-06,247,12927,14,2672,230,9661,3,594,103,2504,144,5500,106,8004,California
Colusa,2021-05-07,69,12996,4,2676,61,9722,4,598,29,2497,40,5540,33,8037,California
Colusa,2021-05-08,18,13014,5,2681,13,9735,0,598,9,2497,9,5549,9,8046,California
Colusa,2021-05-09,11,13025,3,2684,5,9740,3,601,4,2497,7,5556,7,8053,California
Colusa,2021-05-10,16,13041,7,2691,9,9749,0,601,6,2493,10,5566,6,8059,California
Colusa,2021-05-11,51,13092,7,2698,44,9793,0,601,22,2486,29,5595,22,8081,California
Contra Costa,2020-12-15,18,18,18,18,0,0,0,0,18,18,0,0,18,18,California
Contra Costa,2020-12-16,522,540,522,540,0,0,0,0,522,540,0,0,522,540,California
Contra Costa,2020-12-17,908,1448,908,1448,0,0,0,0,908,1448,0,0,908,1448,California
Contra Costa,2020-12-18,1591,3039,1590,3038,1,1,0,0,1591,3039,0,0,1591,3039,California
Contra Costa,2020-12-19,1103,4142,1102,4140,1,2,0,0,1103,4142,0,0,1103,4142,California
Contra Costa,2020-12-20,584,4726,583,4723,1,3,0,0,584,4726,0,0,584,4726,California
Contra Costa,2020-12-21,1653,6379,1651,6374,2,5,0,0,1653,6379,0,0,1653,6379,California
Contra Costa,2020-12-22,1667,8046,1563,7937,104,109,0,0,1667,8046,0,0,1667,8046,California
Contra Costa,2020-12-23,1589,9635,1341,9278,248,357,0,0,1589,9635,0,0,1589,9635,California
Contra Costa,2020-12-24,656,10291,336,9614,320,677,0,0,656,10291,0,0,656,10291,California
Contra Costa,2020-12-25,39,10330,17,9631,22,699,0,0,39,10330,0,0,39,10330,California
Contra Costa,2020-12-26,641,10971,131,9762,510,1209,0,0,641,10971,0,0,641,10971,California
Contra Costa,2020-12-27,240,11211,87,9849,153,1362,0,0,240,11211,0,0,240,11211,California
Contra Costa,2020-12-28,1832,13043,862,10711,970,2332,0,0,1832,13043,0,0,1832,13043,California
Contra Costa,2020-12-29,1830,14873,824,11535,1006,3338,0,0,1830,14873,0,0,1830,14873,California
Contra Costa,2020-12-30,2392,17265,1214,12749,1178,4516,0,0,2391,17264,0,0,2391,17264,California
Contra Costa,2020-12-31,915,18180,308,13057,607,5123,0,0,914,18178,0,0,914,18178,California
Contra Costa,2021-01-01,61,18241,23,13080,38,5161,0,0,61,18239,0,0,61,18239,California
Contra Costa,2021-01-02,335,18576,173,13253,162,5323,0,0,335,18574,0,0,335,18574,California
Contra Costa,2021-01-03,175,18751,117,13370,58,5381,0,0,174,18748,0,0,174,18748,California
Contra Costa,2021-01-04,1904,20655,1251,14621,653,6034,0,0,1883,20612,19,19,1883,20631,California
Contra Costa,2021-01-05,2105,22760,1259,15880,846,6880,0,0,1846,22201,258,277,1847,22478,California
Contra Costa,2021-01-06,3278,26038,2246,18126,1032,7912,0,0,2518,23968,754,1031,2521,24999,California
Contra Costa,2021-01-07,3092,29130,2059,20185,1033,8945,0,0,1881,24641,1208,2239,1881,26880,California
Contra Costa,2021-01-08,3382,32512,2390,22575,992,9937,0,0,1820,24907,1557,3796,1823,28703,California
Contra Costa,2021-01-09,1585,34097,1133,23708,452,10389,0,0,748,24821,836,4632,750,29453,California
Contra Costa,2021-01-10,362,34459,286,23994,76,10465,0,0,153,24765,209,4841,153,29606,California
Contra Costa,2021-01-11,3837,38296,3145,27139,692,11157,0,0,2233,25397,1604,6445,2236,31842,California
Contra Costa,2021-01-12,3907,42203,2932,30071,975,12132,0,0,2580,26653,1327,7772,2583,34425,California
Contra Costa,2021-01-13,4708,46911,2917,32988,1791,13923,0,0,3765,29480,939,8711,3766,38191,California
Contra Costa,2021-01-14,4304,51215,1554,34542,2750,16673,0,0,3922,33020,382,9093,3922,42113,California
Contra Costa,2021-01-15,5337,56552,2460,37002,2877,19550,0,0,5014,37716,322,9415,5018,47131,California
Contra Costa,2021-01-16,1719,58271,554,37556,1165,20715,0,0,1644,39285,75,9490,1644,48775,California
Contra Costa,2021-01-17,1636,59907,974,38530,662,21377,0,0,1513,40678,123,9613,1516,50291,California
Contra Costa,2021-01-18,3203,63110,1261,39791,1942,23319,0,0,2579,42640,618,10231,2580,52871,California
Contra Costa,2021-01-19,7068,70178,3163,42954,3905,27224,0,0,6064,47708,1001,11232,6069,58940,California
Contra Costa,2021-01-20,6663,76841,4103,47057,2560,29784,0,0,5430,51914,1229,12461,5435,64375,California
Contra Costa,2021-01-21,6977,83818,3112,50169,3865,33649,0,0,6249,57448,723,13184,6257,70632,California
Contra Costa,2021-01-22,6368,90186,2705,52874,3663,37312,0,0,5510,62112,849,14033,5513,76145,California
Contra Costa,2021-01-23,2029,92215,363,53237,1666,38978,0,0,1771,63629,256,14289,1773,77918,California
Contra Costa,2021-01-24,1581,93796,218,53455,1363,40341,0,0,1436,64924,145,14434,1440,79358,California
Contra Costa,2021-01-25,6655,100451,3017,56472,3638,43979,0,0,5092,68458,1561,15995,5095,84453,California
Contra Costa,2021-01-26,8091,108542,4689,61161,3402,47381,0,0,6247,72873,1836,17831,6251,90704,California
Contra Costa,2021-01-27,8247,116789,5505,66666,2742,50123,0,0,6342,77395,1824,19655,6346,97050,California
Contra Costa,2021-01-28,7446,124235,4085,70751,3361,53484,0,0,5839,81637,1601,21256,5843,102893,California
Contra Costa,2021-01-29,7441,131676,3890,74641,3551,57035,0,0,6128,86459,1309,22565,6131,109024,California
Contra Costa,2021-01-30,2083,133759,597,75238,1486,58521,0,0,1717,87817,359,22924,1717,110741,California
Contra Costa,2021-01-31,698,134457,479,75717,219,58740,0,0,572,88266,123,23047,572,111313,California
Contra Costa,2021-02-01,5528,139985,3766,79483,1762,60502,0,0,3896,90539,1626,24673,3899,115212,California
Contra Costa,2021-02-02,7761,147746,5273,84756,2488,62990,0,0,5908,94597,1851,26524,5909,121121,California
Contra Costa,2021-02-03,8273,156019,5464,90220,2809,65799,0,0,5612,97561,2649,29173,5613,126734,California
Contra Costa,2021-02-04,7440,163459,3534,93754,3906,69705,0,0,5710,101548,1726,30899,5713,132447,California
Contra Costa,2021-02-05,8432,171891,4824,98578,3608,73313,0,0,5720,104563,2705,33604,5720,138167,California
Contra Costa,2021-02-06,3471,175362,2156,100734,1315,74628,0,0,2818,106730,652,34256,2819,140986,California
Contra Costa,2021-02-07,981,176343,710,101444,271,74899,0,0,604,106958,376,34632,604,141590,California
Contra Costa,2021-02-08,5817,182160,3441,104885,2376,77275,0,0,4336,109819,1476,36108,4337,145927,California
Contra Costa,2021-02-09,8666,190826,4780,109665,3886,81161,0,0,5769,112697,2892,39000,5770,151697,California
Contra Costa,2021-02-10,8632,199458,4647,114312,3985,85146,0,0,5357,114798,3260,42260,5361,157058,California
Contra Costa,2021-02-11,9310,208768,4216,118528,5094,90240,0,0,5264,116028,4039,46299,5269,162327,California
Contra Costa,2021-02-12,10072,218840,4613,123141,5459,95699,0,0,5455,116876,4610,50909,5458,167785,California
Contra Costa,2021-02-13,4881,223721,1367,124508,3514,99213,0,0,3400,118799,1478,52387,3401,171186,California
Contra Costa,2021-02-14,2087,225808,865,125373,1222,100435,0,0,1225,119164,860,53247,1225,172411,California
Contra Costa,2021-02-15,4455,230263,2468,127841,1987,102422,0,0,2348,119413,2100,55347,2349,174760,California
Contra Costa,2021-02-16,10416,240679,4909,132750,5507,107929,0,0,4642,118293,5766,61113,4646,179406,California
Contra Costa,2021-02-17,12281,252960,6136,138886,6145,114074,0,0,5628,117284,6638,67751,5629,185035,California
Contra Costa,2021-02-18,11471,264431,5970,144856,5501,119575,0,0,5321,116468,6139,73890,5323,190358,California
Contra Costa,2021-02-19,11406,275837,7107,151963,4299,123874,0,0,5175,115430,6214,80104,5176,195534,California
Contra Costa,2021-02-20,6445,282282,2894,154857,3551,127425,0,0,4566,118135,1863,81967,4568,200102,California
Contra Costa,2021-02-21,1814,284096,1264,156121,550,127975,0,0,1094,118511,718,82685,1094,201196,California
Contra Costa,2021-02-22,7537,291633,5100,161221,2437,130412,0,0,3459,117906,4066,86751,3461,204657,California
Contra Costa,2021-02-23,11912,303545,7256,168477,4656,135068,0,0,5928,117868,5970,92721,5932,210589,California
Contra Costa,2021-02-24,10487,314032,7685,176162,2802,137870,0,0,5055,117510,5415,98136,5057,215646,California
Contra Costa,2021-02-25,11470,325502,7211,183373,4259,142129,0,0,5206,116476,6244,104380,5210,220856,California
Contra Costa,2021-02-26,10705,336207,6755,190128,3950,146079,0,0,5307,116401,5383,109763,5308,226164,California
Contra Costa,2021-02-27,6626,342833,4212,194340,2414,148493,0,0,4115,118014,2503,112266,4116,230280,California
Contra Costa,2021-02-28,3792,346625,3121,197461,671,149164,0,0,3194,120614,595,112861,3195,233475,California
Contra Costa,2021-03-01,8102,354727,6084,203545,2013,151177,5,5,4975,122485,3111,115972,4982,238457,California
Contra Costa,2021-03-02,10154,364881,6328,209873,3825,155002,1,6,5258,122864,4880,120852,5259,243716,California
Contra Costa,2021-03-03,11168,376049,6985,216858,4182,159184,1,7,6250,124212,4904,125756,6252,249968,California
Contra Costa,2021-03-04,11887,387936,7101,223959,4786,163970,0,7,6158,124660,5710,131466,6158,256126,California
Contra Costa,2021-03-05,11238,399174,6670,230629,4562,168532,6,13,6399,126241,4824,136290,6405,262531,California
Contra Costa,2021-03-06,7299,406473,4012,234641,2977,171509,310,323,4720,128702,2567,138857,5028,267559,California
Contra Costa,2021-03-07,3632,410105,2276,236917,1294,172803,62,385,2957,131047,674,139531,3019,270578,California
Contra Costa,2021-03-08,8063,418168,3766,240683,3993,176796,304,689,5372,134047,2680,142211,5680,276258,California
Contra Costa,2021-03-09,10221,428389,5018,245701,4908,181704,295,984,5052,134233,5161,147372,5347,281605,California
Contra Costa,2021-03-10,12152,440541,5970,251671,4686,186390,1496,2480,5477,134533,6664,154036,6964,288569,California
Contra Costa,2021-03-11,12471,453012,6568,258239,5341,191731,562,3042,6364,135375,6085,160121,6927,295496,California
Contra Costa,2021-03-12,12547,465559,5151,263390,6851,198582,545,3587,6271,135928,6261,166382,6814,302310,California
Contra Costa,2021-03-13,7763,473322,3074,266464,4265,202847,424,4011,3079,134758,4667,171049,3497,305807,California
Contra Costa,2021-03-14,4347,477669,2546,269010,1317,204164,484,4495,2067,135036,2272,173321,2550,308357,California
Contra Costa,2021-03-15,9382,487051,5060,274070,3569,207733,753,5248,4752,135928,4613,177934,5505,313862,California
Contra Costa,2021-03-16,14254,501305,8465,282535,5393,213126,396,5644,7266,136623,6966,184900,7661,321523,California
Contra Costa,2021-03-17,14998,516303,10345,292880,4439,217565,214,5858,8581,139028,6396,191296,8801,330324,California
Contra Costa,2021-03-18,15369,531672,8543,301423,6346,223911,480,6338,8792,141750,6548,197844,9270,339594,California
Contra Costa,2021-03-19,15501,547173,8906,310329,5205,229116,1390,7728,8301,144260,7186,205030,9696,349290,California
Contra Costa,2021-03-20,10615,557788,6339,316668,3973,233089,303,8031,5242,144449,5357,210387,5546,354836,California
Contra Costa,2021-03-21,4441,562229,3888,320556,466,233555,87,8118,2083,144267,2351,212738,2169,357005,California
Contra Costa,2021-03-22,11526,573755,8687,329243,2590,236145,249,8367,7089,147179,4425,217163,7337,364342,California
Contra Costa,2021-03-23,15602,589357,10747,339990,4685,240830,170,8537,9499,150776,6075,223238,9672,374014,California
Contra Costa,2021-03-24,14979,604336,11681,351671,3086,243916,212,8749,9205,154453,5742,228980,9419,383433,California
Contra Costa,2021-03-25,15270,619606,11896,363567,3090,247006,284,9033,9429,158360,5804,234784,9711,393144,California
Contra Costa,2021-03-26,14934,634540,10701,374268,3838,250844,395,9428,8816,161474,6092,240876,9206,402350,California
Contra Costa,2021-03-27,10427,644967,6749,381017,3168,254012,510,9938,5768,163096,4649,245525,6271,408621,California
Contra Costa,2021-03-28,4129,649096,2924,383941,1153,255165,52,9990,1765,162559,2354,247879,1817,410438,California
Contra Costa,2021-03-29,10826,659922,8448,392389,2263,257428,115,10105,7074,166013,3737,251616,7191,417629,California
Contra Costa,2021-03-30,16721,676643,9124,401513,6245,263673,1352,11457,11030,172719,5676,257292,12382,430011,California
Contra Costa,2021-03-31,17946,694589,12558,414071,3948,267621,1440,12897,11528,179299,6385,263677,12965,442976,California
Contra Costa,2021-04-01,17413,712002,12189,426260,3862,271483,1362,14259,11339,185946,6052,269729,12699,455675,California
Contra Costa,2021-04-02,17386,729388,12832,439092,3549,275032,1005,15264,11559,192693,5816,275545,12563,468238,California
Contra Costa,2021-04-03,10747,740135,6412,445504,2801,277833,1534,16798,6155,195802,4579,280124,7688,475926,California
Contra Costa,2021-04-04,3316,743451,1312,446816,1409,279242,595,17393,889,194866,2419,282543,1483,477409,California
Contra Costa,2021-04-05,12041,755492,7855,454671,3211,282453,975,18368,6568,196950,5459,288002,7543,484952,California
Contra Costa,2021-04-06,17288,772780,11985,466656,3021,285474,2282,20650,9755,201474,7512,295514,12036,496988,California
Contra Costa,2021-04-07,18449,791229,12483,479139,3161,288635,2805,23455,10465,206816,7964,303478,13306,510294,California
Contra Costa,2021-04-08,18603,809832,12403,491542,3288,291923,2912,26367,9987,211114,8588,312066,12886,523180,California
Contra Costa,2021-04-09,18667,828499,11922,503464,4270,296193,2475,28842,9973,214890,8668,320734,12444,535624,California
Contra Costa,2021-04-10,10501,839000,3801,507265,2155,298348,4545,33387,3285,215506,7201,327935,7817,543441,California
Contra Costa,2021-04-11,3315,842315,1980,509245,682,299030,653,34040,1120,215090,2189,330124,1773,545214,California
Contra Costa,2021-04-12,11849,854164,7842,517087,2966,301996,1041,35081,5592,215483,6244,336368,6637,551851,California
Contra Costa,2021-04-13,17784,871948,10872,527959,6907,308903,5,35086,11881,221492,5883,342251,11892,563743,California
Contra Costa,2021-04-14,17521,889469,10987,538946,6533,315436,1,35087,9695,223385,7806,350057,9699,573442,California
Contra Costa,2021-04-15,17493,906962,10727,549673,6765,322201,1,35088,8120,222181,9344,359401,8140,581582,California
Contra Costa,2021-04-16,16852,923814,10528,560201,6323,328524,1,35089,7609,220577,9219,368620,7615,589197,California
Contra Costa,2021-04-17,11417,935231,6275,566476,5142,333666,0,35089,6130,221438,5274,373894,6135,595332,California
Contra Costa,2021-04-18,2731,937962,2112,568588,619,334285,0,35089,1776,222267,947,374841,1776,597108,California
Contra Costa,2021-04-19,11333,949295,8477,577065,2856,337141,0,35089,3548,218058,7759,382600,3550,600658,California
Contra Costa,2021-04-20,16614,965909,10794,587859,5820,342961,0,35089,6239,213952,10349,392949,6243,606901,California
Contra Costa,2021-04-21,17288,983197,14113,601972,3175,346136,0,35089,6152,209010,11102,404051,6160,613061,California
Contra Costa,2021-04-22,17136,1000333,13882,615854,3253,349389,1,35090,6071,204059,11033,415084,6082,619143,California
Contra Costa,2021-04-23,16946,1017279,13481,629335,3465,352854,0,35090,5471,198096,11441,426525,5478,624621,California
Contra Costa,2021-04-24,10881,1028160,8417,637752,2464,355318,0,35090,4164,195567,6697,433222,4168,628789,California
Contra Costa,2021-04-25,3225,1031385,2176,639928,1047,356365,2,35092,2035,196420,1187,434409,2040,630829,California
Contra Costa,2021-04-26,9533,1040918,8087,648015,1422,357787,24,35116,2797,192531,6720,441129,2831,633660,California
Contra Costa,2021-04-27,14123,1055041,10416,658431,3557,361344,150,35266,3787,186162,10316,451445,3947,637607,California
Contra Costa,2021-04-28,13837,1068878,10762,669193,2787,364131,288,35554,3465,179580,10339,461784,3757,641364,California
Contra Costa,2021-04-29,12998,1081876,10059,679252,2769,366900,170,35724,2830,172443,10142,471926,3005,644369,California
Contra Costa,2021-04-30,13632,1095508,10754,690006,2628,369528,250,35974,3089,165267,10519,482445,3343,647712,California
Contra Costa,2021-05-01,7997,1103505,5843,695849,1835,371363,319,36293,1910,161430,6067,488512,2230,649942,California
Contra Costa,2021-05-02,2318,1105823,1577,697426,662,372025,79,36372,985,161171,1323,489835,1064,651006,California
Contra Costa,2021-05-03,9119,1114942,8033,705459,920,372945,166,36538,1943,156124,7161,496996,2114,653120,California
Contra Costa,2021-05-04,14017,1128959,12110,717569,1584,374529,323,36861,2279,147012,11714,508710,2602,655722,California
Contra Costa,2021-05-05,12484,1141443,10774,728343,1502,376031,208,37069,2405,139572,10053,518763,2613,658335,California
Contra Costa,2021-05-06,10241,1151684,8505,736848,1395,377426,341,37410,1924,133550,8293,527056,2271,660606,California
Contra Costa,2021-05-07,9579,1161263,7698,744546,1648,379074,233,37643,2192,128617,7355,534411,2422,663028,California
Contra Costa,2021-05-08,5231,1166494,3947,748493,1116,380190,168,37811,1214,126005,3996,538407,1384,664412,California
Contra Costa,2021-05-09,2110,1168604,1777,750270,270,380460,63,37874,456,124880,1646,540053,521,664933,California
Contra Costa,2021-05-10,4802,1173406,3836,754106,758,381218,208,38082,1311,122932,3466,543519,1518,666451,California
Contra Costa,2021-05-11,7259,1180665,3741,757847,3402,384620,116,38198,1068,117940,6175,549694,1183,667634,California
Del Norte,2020-12-21,23,23,23,23,0,0,0,0,23,23,0,0,23,23,California
Del Norte,2020-12-22,46,69,46,69,0,0,0,0,46,69,0,0,46,69,California
Del Norte,2020-12-23,58,127,48,117,10,10,0,0,56,125,0,0,56,125,California
Del Norte,2020-12-28,34,161,34,151,0,10,0,0,34,159,0,0,34,159,California
Del Norte,2020-12-29,4,165,4,155,0,10,0,0,4,163,0,0,4,163,California
Del Norte,2020-12-30,67,232,55,210,12,22,0,0,68,231,0,0,68,231,California
Del Norte,2020-12-31,16,248,13,223,3,25,0,0,16,247,0,0,16,247,California
Del Norte,2021-01-04,102,350,49,272,53,78,0,0,102,349,0,0,102,349,California
Del Norte,2021-01-05,32,382,0,272,32,110,0,0,32,381,0,0,32,381,California
Del Norte,2021-01-06,77,459,18,290,59,169,0,0,77,458,0,0,77,458,California
Del Norte,2021-01-07,21,480,1,291,20,189,0,0,21,479,0,0,21,479,California
Del Norte,2021-01-08,78,558,7,298,71,260,0,0,78,557,0,0,78,557,California
Del Norte,2021-01-11,40,598,21,319,19,279,0,0,18,554,22,22,19,576,California
Del Norte,2021-01-12,51,649,32,351,19,298,0,0,30,563,21,43,30,606,California
Del Norte,2021-01-13,86,735,40,391,46,344,0,0,53,583,33,76,53,659,California
Del Norte,2021-01-14,52,787,14,405,38,382,0,0,46,623,6,82,46,705,California
Del Norte,2021-01-15,107,894,18,423,89,471,0,0,95,706,12,94,95,800,California
Del Norte,2021-01-17,1,895,1,424,0,471,0,0,1,707,0,94,1,801,California
Del Norte,2021-01-18,2,897,0,424,2,473,0,0,2,709,0,94,2,803,California
Del Norte,2021-01-19,119,1016,56,480,63,536,0,0,77,744,42,136,77,880,California
Del Norte,2021-01-20,158,1174,84,564,74,610,0,0,96,778,62,198,96,976,California
Del Norte,2021-01-21,43,1217,40,604,3,613,0,0,32,799,11,209,32,1008,California
Del Norte,2021-01-22,20,1237,17,621,3,616,0,0,13,805,7,216,13,1021,California
Del Norte,2021-01-23,1,1238,0,621,1,617,0,0,1,806,0,216,1,1022,California
Del Norte,2021-01-24,1,1239,0,621,1,618,0,0,1,807,0,216,1,1023,California
Del Norte,2021-01-25,100,1339,82,703,18,636,0,0,56,819,44,260,56,1079,California
Del Norte,2021-01-26,18,1357,11,714,7,643,0,0,7,815,11,271,7,1086,California
Del Norte,2021-01-27,64,1421,21,735,43,686,0,0,61,873,3,274,61,1147,California
Del Norte,2021-01-28,291,1712,20,755,271,957,0,0,286,1154,5,279,286,1433,California
Del Norte,2021-01-29,55,1767,21,776,34,991,0,0,44,1187,11,290,44,1477,California
Del Norte,2021-01-30,8,1775,1,777,7,998,0,0,8,1195,0,290,8,1485,California
Del Norte,2021-02-01,41,1816,1,778,40,1038,0,0,26,1206,15,305,26,1511,California
Del Norte,2021-02-02,142,1958,34,812,108,1146,0,0,73,1211,68,373,73,1584,California
Del Norte,2021-02-03,126,2084,40,852,86,1232,0,0,71,1227,55,428,71,1655,California
Del Norte,2021-02-04,71,2155,29,881,42,1274,0,0,42,1240,29,457,42,1697,California
Del Norte,2021-02-05,184,2339,22,903,162,1436,0,0,119,1295,64,521,119,1816,California
Del Norte,2021-02-06,312,2651,6,909,306,1742,0,0,312,1607,0,521,312,2128,California
Del Norte,2021-02-07,2,2653,1,910,1,1743,0,0,2,1609,0,521,2,2130,California
Del Norte,2021-02-08,36,2689,1,911,35,1778,0,0,32,1637,4,525,32,2162,California
Del Norte,2021-02-09,8,2697,5,916,3,1781,0,0,2,1633,6,531,2,2164,California
Del Norte,2021-02-10,143,2840,20,936,123,1904,0,0,86,1663,56,587,86,2250,California
Del Norte,2021-02-11,177,3017,59,995,118,2022,0,0,64,1614,113,700,64,2314,California
Del Norte,2021-02-12,121,3138,14,1009,107,2129,0,0,67,1627,54,754,67,2381,California
Del Norte,2021-02-13,2,3140,1,1010,1,2130,0,0,2,1629,0,754,2,2383,California
Del Norte,2021-02-14,3,3143,1,1011,2,2132,0,0,2,1630,1,755,2,2385,California
Del Norte,2021-02-15,4,3147,0,1011,4,2136,0,0,2,1630,2,757,2,2387,California
Del Norte,2021-02-16,132,3279,1,1012,131,2267,0,0,13,1524,119,876,13,2400,California
Del Norte,2021-02-17,91,3370,20,1032,71,2338,0,0,24,1481,67,943,24,2424,California
Del Norte,2021-02-18,77,3447,24,1056,53,2391,0,0,51,1506,26,969,51,2475,California
Del Norte,2021-02-19,43,3490,17,1073,26,2417,0,0,33,1529,10,979,33,2508,California
Del Norte,2021-02-20,8,3498,5,1078,3,2420,0,0,6,1533,2,981,6,2514,California
Del Norte,2021-02-22,2,3500,0,1078,2,2422,0,0,2,1535,0,981,2,2516,California
Del Norte,2021-02-23,107,3607,89,1167,18,2440,0,0,31,1491,76,1057,32,2548,California
Del Norte,2021-02-24,152,3759,98,1265,54,2494,0,0,79,1497,73,1130,79,2627,California
Del Norte,2021-02-25,476,4235,131,1396,345,2839,0,0,213,1449,261,1391,213,2840,California
Del Norte,2021-02-26,212,4447,176,1572,36,2875,0,0,166,1569,46,1437,166,3006,California
Del Norte,2021-02-27,152,4599,145,1717,6,2881,1,1,141,1700,11,1448,142,3148,California
Del Norte,2021-02-28,4,4603,1,1718,3,2884,0,1,3,1702,1,1449,3,3151,California
Del Norte,2021-03-01,28,4631,2,1720,26,2910,0,1,4,1682,24,1473,4,3155,California
Del Norte,2021-03-02,220,4851,141,1861,79,2989,0,1,187,1836,33,1506,187,3342,California
Del Norte,2021-03-03,167,5018,99,1960,68,3057,0,1,126,1921,41,1547,126,3468,California
Del Norte,2021-03-04,120,5138,83,2043,37,3094,0,1,91,1984,28,1575,91,3559,California
Del Norte,2021-03-05,119,5257,9,2052,110,3204,0,1,71,2007,48,1623,71,3630,California
Del Norte,2021-03-06,466,5723,78,2130,338,3542,50,51,164,1876,302,1925,171,3801,California
Del Norte,2021-03-07,2,5725,1,2131,1,3543,0,51,1,1876,1,1926,1,3802,California
Del Norte,2021-03-08,28,5753,1,2132,25,3568,2,53,5,1860,23,1949,7,3809,California
Del Norte,2021-03-09,193,5946,112,2244,78,3646,3,56,182,2034,11,1960,185,3994,California
Del Norte,2021-03-10,233,6179,96,2340,109,3755,28,84,134,2097,99,2059,162,4156,California
Del Norte,2021-03-11,151,6330,55,2395,91,3846,5,89,103,2157,48,2107,108,4264,California
Del Norte,2021-03-12,178,6508,89,2484,89,3935,0,89,125,2229,53,2160,125,4389,California
Del Norte,2021-03-13,94,6602,93,2577,1,3936,0,89,91,2317,3,2163,91,4480,California
Del Norte,2021-03-14,1,6603,0,2577,1,3937,0,89,1,2317,1,2164,1,4481,California
Del Norte,2021-03-15,38,6641,0,2577,38,3975,0,89,34,2347,4,2168,34,4515,California
Del Norte,2021-03-16,280,6921,135,2712,145,4120,0,89,259,2585,21,2189,259,4774,California
Del Norte,2021-03-17,283,7204,95,2807,186,4306,2,91,169,2642,114,2303,171,4945,California
Del Norte,2021-03-18,285,7489,107,2914,175,4481,3,94,149,2659,135,2438,152,5097,California
Del Norte,2021-03-19,266,7755,159,3073,101,4582,6,100,91,2581,175,2613,97,5194,California
Del Norte,2021-03-20,157,7912,154,3227,3,4585,0,100,15,2454,142,2755,15,5209,California
Del Norte,2021-03-21,4,7916,2,3229,2,4587,0,100,2,2454,2,2757,2,5211,California
Del Norte,2021-03-22,43,7959,3,3232,39,4626,1,101,39,2491,3,2760,40,5251,California
Del Norte,2021-03-23,335,8294,164,3396,153,4779,18,119,165,2505,168,2928,182,5433,California
Del Norte,2021-03-24,397,8691,107,3503,249,5028,41,160,236,2621,161,3089,277,5710,California
Del Norte,2021-03-25,192,8883,89,3592,103,5131,0,160,84,2598,107,3196,84,5794,California
Del Norte,2021-03-26,232,9115,112,3704,120,5251,0,160,198,2762,34,3230,198,5992,California
Del Norte,2021-03-27,108,9223,87,3791,4,5255,17,177,17,2705,91,3321,34,6026,California
Del Norte,2021-03-28,4,9227,2,3793,2,5257,0,177,1,2703,3,3324,1,6027,California
Del Norte,2021-03-29,57,9284,6,3799,34,5291,17,194,32,2727,25,3349,49,6076,California
Del Norte,2021-03-30,339,9623,118,3917,210,5501,11,205,128,2655,211,3560,139,6215,California
Del Norte,2021-03-31,352,9975,99,4016,236,5737,17,222,197,2716,153,3713,214,6429,California
Del Norte,2021-04-01,164,10139,58,4074,72,5809,34,256,69,2725,94,3807,103,6532,California
Del Norte,2021-04-02,230,10369,78,4152,103,5912,49,305,47,2639,183,3990,97,6629,California
Del Norte,2021-04-03,106,10475,82,4234,2,5914,22,327,4,2564,101,4091,26,6655,California
Del Norte,2021-04-04,4,10479,0,4234,0,5914,4,331,0,2564,4,4095,4,6659,California
Del Norte,2021-04-05,46,10525,5,4239,37,5951,4,335,39,2600,7,4102,43,6702,California
Del Norte,2021-04-06,378,10903,119,4358,222,6173,37,372,145,2554,229,4331,183,6885,California
Del Norte,2021-04-07,430,11333,114,4472,255,6428,61,433,283,2752,146,4477,344,7229,California
Del Norte,2021-04-08,233,11566,54,4526,111,6539,68,501,111,2809,122,4599,179,7408,California
Del Norte,2021-04-09,205,11771,47,4573,81,6620,77,578,98,2876,106,4705,173,7581,California
Del Norte,2021-04-10,47,11818,26,4599,4,6624,17,595,27,2900,20,4725,44,7625,California
Del Norte,2021-04-11,12,11830,3,4602,2,6626,7,602,2,2899,10,4735,9,7634,California
Del Norte,2021-04-12,28,11858,1,4603,9,6635,18,620,1,2892,26,4761,19,7653,California
Del Norte,2021-04-13,297,12155,49,4652,248,6883,0,620,155,2905,142,4903,155,7808,California
Del Norte,2021-04-14,327,12482,23,4675,304,7187,0,620,137,2857,190,5093,142,7950,California
Del Norte,2021-04-15,163,12645,30,4705,133,7320,0,620,44,2783,119,5212,45,7995,California
Del Norte,2021-04-16,160,12805,39,4744,121,7441,0,620,58,2740,102,5314,59,8054,California
Del Norte,2021-04-17,102,12907,70,4814,32,7473,0,620,97,2832,5,5319,97,8151,California
Del Norte,2021-04-18,5,12912,4,4818,1,7474,0,620,4,2835,1,5320,4,8155,California
Del Norte,2021-04-19,50,12962,6,4824,44,7518,0,620,8,2801,42,5362,8,8163,California
Del Norte,2021-04-20,209,13171,40,4864,169,7687,0,620,74,2740,135,5497,74,8237,California
Del Norte,2021-04-21,287,13458,22,4886,265,7952,0,620,63,2582,224,5721,66,8303,California
Del Norte,2021-04-22,114,13572,15,4901,99,8051,0,620,62,2592,52,5773,62,8365,California
Del Norte,2021-04-23,152,13724,21,4922,131,8182,0,620,40,2520,112,5885,40,8405,California
Del Norte,2021-04-24,25,13749,14,4936,11,8193,0,620,20,2535,5,5890,20,8425,California
Del Norte,2021-04-25,2,13751,0,4936,2,8195,0,620,2,2537,0,5890,2,8427,California
Del Norte,2021-04-26,29,13780,0,4936,29,8224,0,620,7,2522,22,5912,7,8434,California
Del Norte,2021-04-27,175,13955,19,4955,151,8375,5,625,49,2450,126,6038,54,8488,California
Del Norte,2021-04-28,351,14306,101,5056,245,8620,5,630,63,2233,286,6324,69,8557,California
Del Norte,2021-04-29,92,14398,5,5061,83,8703,4,634,26,2197,66,6390,30,8587,California
Del Norte,2021-04-30,83,14481,6,5067,67,8770,10,644,44,2212,39,6429,54,8641,California
Del Norte,2021-05-01,8,14489,3,5070,5,8775,0,644,6,2216,2,6431,6,8647,California
Del Norte,2021-05-02,8,14497,0,5070,8,8783,0,644,8,2224,0,6431,8,8655,California
Del Norte,2021-05-03,40,14537,3,5073,34,8817,3,647,2,2192,37,6468,5,8660,California
Del Norte,2021-05-04,218,14755,36,5109,177,8994,5,652,44,2067,174,6642,49,8709,California
Del Norte,2021-05-05,232,14987,19,5128,205,9199,8,660,58,1962,174,6816,69,8778,California
Del Norte,2021-05-06,114,15101,24,5152,77,9276,13,673,30,1921,84,6900,43,8821,California
Del Norte,2021-05-07,141,15242,26,5178,111,9387,4,677,29,1842,112,7012,33,8854,California
Del Norte,2021-05-08,66,15308,56,5234,8,9395,2,679,9,1796,57,7069,11,8865,California
Del Norte,2021-05-09,9,15317,3,5237,3,9398,3,682,2,1794,7,7076,5,8870,California
Del Norte,2021-05-10,31,15348,4,5241,24,9422,3,685,16,1798,15,7091,19,8889,California
Del Norte,2021-05-11,42,15390,1,5242,39,9461,2,687,11,1780,31,7122,13,8902,California
El Dorado,2020-12-15,12,12,12,12,0,0,0,0,12,12,0,0,12,12,California
El Dorado,2020-12-16,40,52,40,52,0,0,0,0,40,52,0,0,40,52,California
El Dorado,2020-12-17,31,83,31,83,0,0,0,0,31,83,0,0,31,83,California
El Dorado,2020-12-18,236,319,236,319,0,0,0,0,236,319,0,0,236,319,California
El Dorado,2020-12-19,116,435,116,435,0,0,0,0,116,435,0,0,116,435,California
El Dorado,2020-12-20,85,520,85,520,0,0,0,0,85,520,0,0,85,520,California
El Dorado,2020-12-21,309,829,308,828,1,1,0,0,309,829,0,0,309,829,California
El Dorado,2020-12-22,238,1067,214,1042,24,25,0,0,238,1067,0,0,238,1067,California
El Dorado,2020-12-23,189,1256,140,1182,49,74,0,0,189,1256,0,0,189,1256,California
El Dorado,2020-12-24,87,1343,66,1248,21,95,0,0,87,1343,0,0,87,1343,California
El Dorado,2020-12-25,8,1351,8,1256,0,95,0,0,8,1351,0,0,8,1351,California
El Dorado,2020-12-26,44,1395,26,1282,18,113,0,0,44,1395,0,0,44,1395,California
El Dorado,2020-12-27,37,1432,33,1315,4,117,0,0,37,1432,0,0,37,1432,California
El Dorado,2020-12-28,215,1647,168,1483,47,164,0,0,215,1647,0,0,215,1647,California
El Dorado,2020-12-29,459,2106,142,1625,317,481,0,0,459,2106,0,0,459,2106,California
El Dorado,2020-12-30,507,2613,136,1761,371,852,0,0,507,2613,0,0,507,2613,California
El Dorado,2020-12-31,110,2723,70,1831,40,892,0,0,110,2723,0,0,110,2723,California
El Dorado,2021-01-01,7,2730,4,1835,3,895,0,0,7,2730,0,0,7,2730,California
El Dorado,2021-01-02,153,2883,141,1976,12,907,0,0,153,2883,0,0,153,2883,California
El Dorado,2021-01-03,92,2975,17,1993,75,982,0,0,92,2975,0,0,92,2975,California
El Dorado,2021-01-04,189,3164,62,2055,127,1109,0,0,189,3164,0,0,189,3164,California
El Dorado,2021-01-05,207,3371,51,2106,156,1265,0,0,191,3339,16,16,191,3355,California
El Dorado,2021-01-06,261,3632,189,2295,72,1337,0,0,197,3472,64,80,197,3552,California
El Dorado,2021-01-07,330,3962,136,2431,194,1531,0,0,259,3660,71,151,259,3811,California
El Dorado,2021-01-08,976,4938,501,2932,475,2006,0,0,773,4231,203,354,774,4585,California
El Dorado,2021-01-09,194,5132,157,3089,37,2043,0,0,126,4289,68,422,126,4711,California
El Dorado,2021-01-10,180,5312,129,3218,51,2094,0,0,110,4330,70,492,111,4822,California
El Dorado,2021-01-11,659,5971,293,3511,366,2460,0,0,459,4591,199,691,460,5282,California
El Dorado,2021-01-12,695,6666,422,3933,273,2733,0,0,446,4788,249,940,446,5728,California
El Dorado,2021-01-13,701,7367,296,4229,405,3138,0,0,540,5167,161,1101,540,6268,California
El Dorado,2021-01-14,693,8060,219,4448,474,3612,0,0,598,5670,95,1196,598,6866,California
El Dorado,2021-01-15,684,8744,185,4633,499,4111,0,0,612,6210,72,1268,612,7478,California
El Dorado,2021-01-16,173,8917,104,4737,69,4180,0,0,146,6329,27,1295,146,7624,California
El Dorado,2021-01-17,100,9017,47,4784,53,4233,0,0,83,6395,17,1312,83,7707,California
El Dorado,2021-01-18,421,9438,138,4922,283,4516,0,0,353,6680,68,1380,353,8060,California
El Dorado,2021-01-19,654,10092,354,5276,300,4816,0,0,504,7035,150,1530,505,8565,California
El Dorado,2021-01-20,1011,11103,686,5962,325,5141,0,0,900,7825,110,1640,900,9465,California
El Dorado,2021-01-21,1161,12264,576,6538,585,5726,0,0,954,8613,166,1806,954,10419,California
El Dorado,2021-01-22,1104,13368,712,7250,392,6118,0,0,1050,9610,53,1859,1050,11469,California
El Dorado,2021-01-23,737,14105,617,7867,120,6238,0,0,626,10125,111,1970,626,12095,California
El Dorado,2021-01-24,126,14231,76,7943,50,6288,0,0,107,10213,19,1989,107,12202,California
El Dorado,2021-01-25,612,14843,206,8149,406,6694,0,0,524,10649,88,2077,524,12726,California
El Dorado,2021-01-26,676,15519,365,8514,311,7005,0,0,571,11116,105,2182,572,13298,California
El Dorado,2021-01-27,981,16500,382,8896,599,7604,0,0,644,11422,338,2520,644,13942,California
El Dorado,2021-01-28,1106,17606,453,9349,653,8257,0,0,745,11806,361,2881,745,14687,California
El Dorado,2021-01-29,976,18582,490,9839,486,8743,0,0,746,12324,229,3110,747,15434,California
El Dorado,2021-01-30,610,19192,359,10198,251,8994,0,0,450,12614,160,3270,450,15884,California
El Dorado,2021-01-31,209,19401,188,10386,21,9015,0,0,180,12765,29,3299,180,16064,California
El Dorado,2021-02-01,799,20200,368,10754,431,9446,0,0,655,13277,143,3442,655,16719,California
El Dorado,2021-02-02,837,21037,367,11121,470,9916,0,0,676,13792,161,3603,676,17395,California
El Dorado,2021-02-03,900,21937,476,11597,424,10340,0,0,687,14266,213,3816,687,18082,California
El Dorado,2021-02-04,1267,23204,723,12320,544,10884,0,0,871,14742,395,4211,871,18953,California
El Dorado,2021-02-05,1484,24688,598,12918,886,11770,0,0,868,15029,581,4792,868,19821,California
El Dorado,2021-02-06,639,25327,334,13252,305,12075,0,0,530,15451,109,4901,531,20352,California
El Dorado,2021-02-07,257,25584,177,13429,80,12155,0,0,193,15580,64,4965,193,20545,California
El Dorado,2021-02-08,882,26466,417,13846,465,12620,0,0,608,15914,274,5239,608,21153,California
El Dorado,2021-02-09,909,27375,487,14333,422,13042,0,0,487,15979,422,5661,487,21640,California
El Dorado,2021-02-10,1247,28622,727,15060,520,13562,0,0,655,16043,591,6252,655,22295,California
El Dorado,2021-02-11,2154,30776,891,15951,1263,14825,0,0,962,15817,1189,7441,963,23258,California
El Dorado,2021-02-12,1572,32348,825,16776,747,15572,0,0,679,15605,892,8333,680,23938,California
El Dorado,2021-02-13,978,33326,669,17445,309,15881,0,0,434,15498,541,8874,434,24372,California
El Dorado,2021-02-14,484,33810,154,17599,330,16211,0,0,398,15810,86,8960,398,24770,California
El Dorado,2021-02-15,1184,34994,387,17986,797,17008,0,0,824,16277,360,9320,827,25597,California
El Dorado,2021-02-16,1202,36196,530,18516,672,17680,0,0,677,16431,524,9844,678,26275,California
El Dorado,2021-02-17,905,37101,374,18890,531,18211,0,0,418,16364,487,10331,420,26695,California
El Dorado,2021-02-18,2085,39186,1012,19902,1073,19284,0,0,1346,16972,738,11069,1346,28041,California
El Dorado,2021-02-19,1169,40355,605,20507,564,19848,0,0,649,17102,519,11588,649,28690,California
El Dorado,2021-02-20,921,41276,438,20945,483,20331,0,0,672,17531,243,11831,672,29362,California
El Dorado,2021-02-21,282,41558,225,21170,57,20388,0,0,99,17448,182,12013,99,29461,California
El Dorado,2021-02-22,869,42427,435,21605,434,20822,0,0,283,17146,585,12598,283,29744,California
El Dorado,2021-02-23,845,43272,473,22078,372,21194,0,0,348,16998,496,13094,348,30092,California
El Dorado,2021-02-24,1028,44300,439,22517,589,21783,0,0,429,16829,599,13693,430,30522,California
El Dorado,2021-02-25,1648,45948,898,23415,750,22533,0,0,716,16621,926,14619,718,31240,California
El Dorado,2021-02-26,2354,48302,1482,24897,872,23405,0,0,1589,17447,763,15382,1589,32829,California
El Dorado,2021-02-27,1659,49961,439,25336,1220,24625,0,0,1220,18231,436,15818,1220,34049,California
El Dorado,2021-02-28,589,50550,203,25539,386,25011,0,0,437,18517,152,15970,438,34487,California
El Dorado,2021-03-01,1140,51690,453,25992,686,25697,1,1,627,18633,512,16482,628,35115,California
El Dorado,2021-03-02,900,52590,266,26258,634,26331,0,1,461,18657,437,16919,461,35576,California
El Dorado,2021-03-03,1680,54270,463,26721,1217,27548,0,1,1153,19292,520,17439,1155,36731,California
El Dorado,2021-03-04,2514,56784,1551,28272,963,28511,0,1,1221,19223,1290,18729,1221,37952,California
El Dorado,2021-03-05,1575,58359,422,28694,1148,29659,5,6,1042,19742,528,19257,1047,38999,California
El Dorado,2021-03-06,740,59099,211,28905,494,30153,35,41,392,19821,348,19605,427,39426,California
El Dorado,2021-03-07,406,59505,198,29103,190,30343,18,59,242,19919,162,19767,260,39686,California
El Dorado,2021-03-08,1327,60832,364,29467,891,31234,72,131,857,20380,467,20234,928,40614,California
El Dorado,2021-03-09,979,61811,225,29692,687,31921,67,198,580,20643,384,20618,647,41261,California
El Dorado,2021-03-10,947,62758,344,30036,547,32468,56,254,547,20851,394,21012,602,41863,California
El Dorado,2021-03-11,3019,65777,1833,31869,1004,33472,182,436,1376,20784,1624,22636,1557,43420,California
El Dorado,2021-03-12,1780,67557,620,32489,914,34386,246,682,743,20753,1020,23656,989,44409,California
El Dorado,2021-03-13,1063,68620,344,32833,436,34822,283,965,374,20722,686,24342,655,45064,California
El Dorado,2021-03-14,793,69413,208,33041,473,35295,112,1077,280,20601,513,24855,392,45456,California
El Dorado,2021-03-15,1403,70816,303,33344,974,36269,126,1203,614,20557,785,25640,741,46197,California
El Dorado,2021-03-16,1211,72027,407,33751,660,36929,144,1347,568,20632,637,26277,712,46909,California
El Dorado,2021-03-17,1090,73117,350,34101,646,37575,94,1441,705,21046,385,26662,799,47708,California
El Dorado,2021-03-18,2994,76111,1772,35873,1177,38752,45,1486,1993,22091,993,27655,2038,49746,California
El Dorado,2021-03-19,1106,77217,364,36237,598,39350,144,1630,631,22391,475,28130,775,50521,California
El Dorado,2021-03-20,945,78162,268,36505,660,40010,17,1647,367,22208,567,28697,384,50905,California
El Dorado,2021-03-21,1026,79188,419,36924,602,40612,5,1652,936,23061,88,28785,941,51846,California
El Dorado,2021-03-22,1502,80690,489,37413,930,41542,83,1735,1190,24027,307,29092,1273,53119,California
El Dorado,2021-03-23,1144,81834,449,37862,602,42144,93,1828,733,24453,400,29492,826,53945,California
El Dorado,2021-03-24,1452,83286,620,38482,636,42780,196,2024,660,24545,764,30256,856,54801,California
El Dorado,2021-03-25,2505,85791,1683,40165,719,43499,103,2127,1382,24913,1117,31373,1485,56286,California
El Dorado,2021-03-26,1819,87610,696,40861,1013,44512,110,2237,949,25124,849,32222,1060,57346,California
El Dorado,2021-03-27,1316,88926,189,41050,1123,45635,4,2241,335,24488,975,33197,339,57685,California
El Dorado,2021-03-28,632,89558,182,41232,441,46076,9,2250,203,24274,426,33623,212,57897,California
El Dorado,2021-03-29,1314,90872,431,41663,867,46943,16,2266,825,24629,486,34109,841,58738,California
El Dorado,2021-03-30,1360,92232,411,42074,857,47800,92,2358,704,24775,649,34758,795,59533,California
El Dorado,2021-03-31,1559,93791,582,42656,914,48714,63,2421,703,24685,854,35612,764,60297,California
El Dorado,2021-04-01,3221,97012,1761,44417,1378,50092,82,2503,1531,24612,1688,37300,1615,61912,California
El Dorado,2021-04-02,1881,98893,559,44976,1227,51319,95,2598,753,24335,1125,38425,848,62760,California
El Dorado,2021-04-03,746,99639,292,45268,333,51652,121,2719,227,24165,517,38942,347,63107,California
El Dorado,2021-04-04,270,99909,85,45353,138,51790,47,2766,97,24137,172,39114,144,63251,California
El Dorado,2021-04-05,1425,101334,425,45778,906,52696,94,2860,595,24000,825,39939,688,63939,California
El Dorado,2021-04-06,1415,102749,523,46301,669,53365,223,3083,454,23717,958,40897,675,64614,California
El Dorado,2021-04-07,1578,104327,554,46855,577,53942,447,3530,556,23698,1019,41916,1000,65614,California
El Dorado,2021-04-08,2663,106990,1715,48570,713,54655,235,3765,1109,23495,1545,43461,1342,66956,California
El Dorado,2021-04-09,1420,108410,447,49017,753,55408,220,3985,565,23425,852,44313,782,67738,California
El Dorado,2021-04-10,827,109237,224,49241,493,55901,110,4095,481,23672,343,44656,590,68328,California
El Dorado,2021-04-11,703,109940,454,49695,233,56134,16,4111,207,23401,494,45150,223,68551,California
El Dorado,2021-04-12,1277,111217,495,50190,634,56768,148,4259,558,23394,712,45862,705,69256,California
El Dorado,2021-04-13,1119,112336,614,50804,505,57273,0,4259,512,23303,603,46465,512,69768,California
El Dorado,2021-04-14,1085,113421,457,51261,627,57900,1,4260,385,23002,687,47152,386,70154,California
El Dorado,2021-04-15,2502,115923,1684,52945,818,58718,0,4260,969,22442,1530,48682,970,71124,California
El Dorado,2021-04-16,1462,117385,515,53460,947,59665,0,4260,608,22202,849,49531,609,71733,California
El Dorado,2021-04-17,777,118162,201,53661,576,60241,0,4260,495,22417,280,49811,495,72228,California
El Dorado,2021-04-18,976,119138,88,53749,888,61129,0,4260,402,22246,573,50384,402,72630,California
El Dorado,2021-04-19,1703,120841,437,54186,1266,62395,0,4260,693,21935,1004,51388,693,73323,California
El Dorado,2021-04-20,1106,121947,356,54542,750,63145,0,4260,457,21748,644,52032,457,73780,California
El Dorado,2021-04-21,1152,123099,464,55006,684,63829,4,4264,588,21780,557,52589,589,74369,California
El Dorado,2021-04-22,2545,125644,1679,56685,866,64695,0,4264,1071,21378,1473,54062,1071,75440,California
El Dorado,2021-04-23,1395,127039,496,57181,899,65594,0,4264,716,21419,676,54738,717,76157,California
El Dorado,2021-04-24,961,128000,511,57692,450,66044,0,4264,730,21920,229,54967,730,76887,California
El Dorado,2021-04-25,612,128612,433,58125,179,66223,0,4264,441,22190,171,55138,441,77328,California
El Dorado,2021-04-26,1029,129641,429,58554,584,66807,16,4280,500,22178,528,55666,516,77844,California
El Dorado,2021-04-27,950,130591,358,58912,564,67371,28,4308,438,22137,507,56173,466,78310,California
El Dorado,2021-04-28,1030,131621,346,59258,644,68015,40,4348,401,21950,628,56801,441,78751,California
El Dorado,2021-04-29,1926,133547,1304,60562,590,68605,32,4380,537,21132,1387,58188,569,79320,California
El Dorado,2021-04-30,2109,135656,1325,61887,744,69349,40,4420,1357,21787,741,58929,1396,80716,California
El Dorado,2021-05-01,616,136272,283,62170,306,69655,27,4447,277,21759,332,59261,304,81020,California
El Dorado,2021-05-02,298,136570,212,62382,57,69712,29,4476,101,21694,194,59455,129,81149,California
El Dorado,2021-05-03,814,137384,401,62783,366,70078,47,4523,273,21476,539,59994,321,81470,California
El Dorado,2021-05-04,878,138262,436,63219,383,70461,59,4582,302,21264,573,60567,361,81831,California
El Dorado,2021-05-05,860,139122,417,63636,373,70834,70,4652,405,21286,453,61020,475,82306,California
El Dorado,2021-05-06,1102,140224,485,64121,573,71407,44,4696,463,21155,634,61654,503,82809,California
El Dorado,2021-05-07,957,141181,378,64499,526,71933,53,4749,381,21013,576,62230,434,83243,California
El Dorado,2021-05-08,476,141657,144,64643,294,72227,38,4787,170,20917,304,62534,208,83451,California
El Dorado,2021-05-09,213,141870,77,64720,109,72336,27,4814,98,20928,114,62648,125,83576,California
El Dorado,2021-05-10,795,142665,275,64995,456,72792,64,4878,212,20630,572,63220,274,83850,California
El Dorado,2021-05-11,201,142866,149,65144,40,72832,12,4890,71,20583,129,63349,82,83932,California
Fresno,2020-12-15,2,2,2,2,0,0,0,0,2,2,0,0,2,2,California
Fresno,2020-12-16,121,123,121,123,0,0,0,0,121,123,0,0,121,123,California
Fresno,2020-12-17,121,244,121,244,0,0,0,0,121,244,0,0,121,244,California
Fresno,2020-12-18,344,588,344,588,0,0,0,0,344,588,0,0,344,588,California
Fresno,2020-12-19,158,746,158,746,0,0,0,0,158,746,0,0,158,746,California
Fresno,2020-12-20,258,1004,256,1002,2,2,0,0,258,1004,0,0,258,1004,California
Fresno,2020-12-21,925,1929,924,1926,1,3,0,0,956,1960,0,0,956,1960,California
Fresno,2020-12-22,901,2830,872,2798,29,32,0,0,905,2865,0,0,905,2865,California
Fresno,2020-12-23,1087,3917,1046,3844,41,73,0,0,1088,3953,0,0,1088,3953,California
Fresno,2020-12-24,582,4499,563,4407,19,92,0,0,582,4535,0,0,582,4535,California
Fresno,2020-12-25,2,4501,1,4408,1,93,0,0,2,4537,0,0,2,4537,California
Fresno,2020-12-26,723,5224,714,5122,9,102,0,0,723,5260,0,0,723,5260,California
Fresno,2020-12-27,300,5524,204,5326,96,198,0,0,300,5560,0,0,300,5560,California
Fresno,2020-12-28,1063,6587,775,6101,288,486,0,0,1064,6624,0,0,1064,6624,California
Fresno,2020-12-29,1772,8359,1038,7139,734,1220,0,0,1770,8393,1,1,1770,8394,California
Fresno,2020-12-30,982,9341,479,7618,503,1723,0,0,982,9375,0,1,982,9376,California
Fresno,2020-12-31,897,10238,310,7928,587,2310,0,0,896,10271,0,1,896,10272,California
Fresno,2021-01-01,9,10247,3,7931,6,2316,0,0,9,10280,0,1,9,10281,California
Fresno,2021-01-02,1030,11277,717,8648,313,2629,0,0,1030,11310,0,1,1030,11311,California
Fresno,2021-01-03,153,11430,128,8776,25,2654,0,0,153,11463,0,1,153,11464,California
Fresno,2021-01-04,618,12048,376,9152,242,2896,0,0,618,12081,0,1,618,12082,California
Fresno,2021-01-05,781,12829,313,9465,468,3364,0,0,707,12714,74,75,707,12789,California
Fresno,2021-01-06,976,13805,346,9811,630,3994,0,0,804,13346,172,247,804,13593,California
Fresno,2021-01-07,1888,15693,916,10727,972,4966,0,0,1634,14729,254,501,1637,15230,California
Fresno,2021-01-08,1786,17479,613,11340,1173,6139,0,0,1423,15791,361,862,1423,16653,California
Fresno,2021-01-09,629,18108,387,11727,242,6381,0,0,354,15870,275,1137,354,17007,California
Fresno,2021-01-10,517,18625,487,12214,30,6411,0,0,204,15761,313,1450,204,17211,California
Fresno,2021-01-11,2156,20781,1749,13963,407,6818,0,0,1463,16534,693,2143,1466,18677,California
Fresno,2021-01-12,2524,23305,1826,15789,698,7516,0,0,1677,17364,849,2992,1679,20356,California
Fresno,2021-01-13,3538,26843,2421,18210,1117,8633,0,0,2682,19192,856,3848,2684,23040,California
Fresno,2021-01-14,4157,31000,2202,20412,1955,10588,0,0,3686,22408,470,4318,3686,26726,California
Fresno,2021-01-15,3649,34649,2531,22943,1118,11706,0,0,3291,25345,358,4676,3295,30021,California
Fresno,2021-01-16,3153,37802,2310,25253,843,12549,0,0,2688,27570,464,5140,2689,32710,California
Fresno,2021-01-17,977,38779,556,25809,421,12970,0,0,779,28151,198,5338,779,33489,California
Fresno,2021-01-18,3076,41855,2369,28178,707,13677,0,0,2411,29901,663,6001,2413,35902,California
Fresno,2021-01-19,4332,46187,2542,30720,1790,15467,0,0,3681,32935,651,6652,3685,39587,California
Fresno,2021-01-20,3004,49191,1193,31913,1811,17278,0,0,2698,35333,303,6955,2701,42288,California
Fresno,2021-01-21,4378,53569,2025,33938,2353,19631,0,0,4027,39035,330,7285,4032,46320,California
Fresno,2021-01-22,3313,56882,1348,35286,1965,21596,0,0,2924,41588,372,7657,2925,49245,California
Fresno,2021-01-23,3043,59925,1970,37256,1073,22669,0,0,2320,43193,722,8379,2327,51572,California
Fresno,2021-01-24,553,60478,373,37629,180,22849,0,0,348,43339,205,8584,351,51923,California
Fresno,2021-01-25,2344,62822,865,38494,1479,24328,0,0,1855,44709,489,9073,1859,53782,California
Fresno,2021-01-26,2024,64846,586,39080,1438,25766,0,0,1316,45320,706,9779,1317,55099,California
Fresno,2021-01-27,2275,67121,1164,40244,1111,26877,0,0,1753,46555,521,10300,1756,56855,California
Fresno,2021-01-28,4499,71620,3058,43302,1441,28318,0,0,3477,49017,1018,11318,3480,60335,California
Fresno,2021-01-29,1706,73326,983,44285,723,29041,0,0,1409,50133,294,11612,1410,61745,California
Fresno,2021-01-30,1451,74777,551,44836,900,29941,0,0,1034,50750,417,12029,1034,62779,California
Fresno,2021-01-31,226,75003,217,45053,9,29950,0,0,72,50668,154,12183,72,62851,California
Fresno,2021-02-01,3339,78342,1667,46720,1672,31622,0,0,1824,50996,1514,13697,1842,64693,California
Fresno,2021-02-02,2721,81063,552,47272,2169,33791,0,0,1583,51472,1123,14820,1599,66292,California
Fresno,2021-02-03,3543,84606,2091,49363,1452,35243,0,0,1531,51007,1997,16817,1532,67824,California
Fresno,2021-02-04,4199,88805,1899,51262,2300,37543,0,0,1929,50701,2240,19057,1934,69758,California
Fresno,2021-02-05,5332,94137,2724,53986,2608,40151,0,0,2307,49992,3020,22077,2311,72069,California
Fresno,2021-02-06,2937,97074,2049,56035,888,41039,0,0,978,49015,1956,24033,979,73048,California
Fresno,2021-02-07,470,97544,289,56324,181,41220,0,0,275,49096,194,24227,275,73323,California
Fresno,2021-02-08,4277,101821,2292,58616,1985,43205,0,0,1813,48478,2440,26667,1822,75145,California
Fresno,2021-02-09,5331,107152,2084,60700,3247,46452,0,0,3119,49469,2137,28804,3128,78273,California
Fresno,2021-02-10,3884,111036,1237,61937,2647,49099,0,0,1990,49632,1839,30643,2002,80275,California
Fresno,2021-02-11,6458,117494,2097,64034,4361,53460,0,0,3365,49924,3078,33721,3370,83645,California
Fresno,2021-02-12,5388,122882,1384,65418,4004,57464,0,0,2743,50050,2624,36345,2750,86395,California
Fresno,2021-02-13,3737,126619,1548,66966,2189,59653,0,0,2083,50497,1642,37987,2089,88484,California
Fresno,2021-02-14,1562,128181,282,67248,1280,60933,0,0,848,50633,714,38701,850,89334,California
Fresno,2021-02-15,2891,131072,272,67520,2619,63552,0,0,1786,51322,1101,39802,1790,91124,California
Fresno,2021-02-16,6695,137767,2407,69927,4288,67840,0,0,4251,53153,2426,42228,4257,95381,California
Fresno,2021-02-17,5341,143108,2455,72382,2886,70726,0,0,2987,53836,2309,44537,2992,98373,California
Fresno,2021-02-18,6863,149971,2906,75288,3957,74683,0,0,2574,52180,4240,48777,2584,100957,California
Fresno,2021-02-19,3839,153810,1103,76391,2736,77419,0,0,1834,52022,1995,50772,1837,102794,California
Fresno,2021-02-20,4538,158348,2502,78893,2036,79455,0,0,3057,53611,1474,52246,3063,105857,California
Fresno,2021-02-21,191,158539,172,79065,19,79474,0,0,129,53691,49,52295,129,105986,California
Fresno,2021-02-22,2233,160772,1002,80067,1231,80705,0,0,1227,53923,997,53292,1229,107215,California
Fresno,2021-02-23,3906,164678,1496,81563,2410,83115,0,0,3043,56116,852,54144,3045,110260,California
Fresno,2021-02-24,4187,168865,1500,83063,2687,85802,0,0,3438,58818,737,54881,3439,113699,California
Fresno,2021-02-25,7516,176381,2551,85614,4965,90767,0,0,6053,63478,1400,56281,6060,119759,California
Fresno,2021-02-26,8361,184742,3059,88673,5302,96069,0,0,7070,69286,1268,57549,7076,126835,California
Fresno,2021-02-27,6317,191059,2223,90896,4094,100163,0,0,5623,74229,681,58230,5624,132459,California
Fresno,2021-02-28,1652,192711,535,91431,1117,101280,0,0,1562,75715,77,58307,1563,134022,California
Fresno,2021-03-01,4943,197654,1311,92742,3632,104912,0,0,3629,78044,1304,59611,3633,137655,California
Fresno,2021-03-02,8671,206325,2323,95065,6348,111260,0,0,7300,84020,1347,60958,7323,144978,California
Fresno,2021-03-03,6886,213211,1691,96756,5194,116454,1,1,5872,89005,1002,61960,5987,150965,California
Fresno,2021-03-04,8655,221866,2549,99305,6106,122560,0,1,7124,94632,1505,63465,7132,158097,California
Fresno,2021-03-05,8058,229924,2718,102023,5338,127898,2,3,7033,100850,892,64357,7110,165207,California
Fresno,2021-03-06,6482,236406,3549,105572,2815,130713,118,121,5529,105554,947,65304,5651,170858,California
Fresno,2021-03-07,1481,237887,679,106251,766,131479,36,157,1251,106614,228,65532,1288,172146,California
Fresno,2021-03-08,5081,242968,2022,108273,2906,134385,153,310,3901,109508,1171,66703,4065,176211,California
Fresno,2021-03-09,7192,250160,2433,110706,4489,138874,270,580,3998,110635,3176,69879,4303,180514,California
Fresno,2021-03-10,6646,256806,2762,113468,3491,142365,393,973,5240,114882,1396,71275,5643,186157,California
Fresno,2021-03-11,11458,268264,4560,118028,6332,148697,566,1539,6214,116538,5200,76475,6856,193013,California
Fresno,2021-03-12,11663,279927,5006,123034,6204,154901,453,1992,8663,122812,2983,79458,9257,202270,California
Fresno,2021-03-13,8178,288105,3905,126939,3242,158143,1031,3023,3921,123601,4235,83693,5024,207294,California
Fresno,2021-03-14,1766,289871,473,127412,1003,159146,290,3313,665,123465,1090,84783,954,208248,California
Fresno,2021-03-15,7071,296942,3138,130550,3762,162908,171,3484,4906,126578,2150,86933,5263,213511,California
Fresno,2021-03-16,10103,307045,4430,134980,5278,168186,395,3879,6070,129138,4001,90934,6561,220072,California
Fresno,2021-03-17,8606,315651,3883,138863,4029,172215,694,4573,5825,133278,2760,93694,6900,226972,California
Fresno,2021-03-18,12278,327929,6581,145444,5066,177281,631,5204,8012,138128,4218,97912,9068,236040,California
Fresno,2021-03-19,10897,338826,5638,151082,4645,181926,614,5818,7401,142970,3468,101380,8310,244350,California
Fresno,2021-03-20,7386,346212,4425,155507,2649,184575,312,6130,4509,145213,2853,104233,5096,249446,California
Fresno,2021-03-21,1778,347990,1205,156712,202,184777,371,6501,963,145736,811,105044,1334,250780,California
Fresno,2021-03-22,5650,353640,2891,159603,2164,186941,595,7096,3851,148599,1783,106827,4646,255426,California
Fresno,2021-03-23,10532,364172,5238,164841,4801,191742,493,7589,6052,151113,4459,111286,6973,262399,California
Fresno,2021-03-24,8611,372783,3632,168473,4151,195893,828,8417,4735,152886,3842,115128,5615,268014,California
Fresno,2021-03-25,12060,384843,5578,174051,5700,201593,782,9199,6177,154084,5841,120969,7039,275053,California
Fresno,2021-03-26,12030,396873,5335,179386,6050,207643,645,9844,5278,153323,6703,127672,5942,280995,California
Fresno,2021-03-27,9378,406251,4138,183524,4157,211800,1083,10927,2938,150946,6404,134076,4027,285022,California
Fresno,2021-03-28,3298,409549,1214,184738,1397,213197,687,11614,1255,151130,2035,136111,2219,287241,California
Fresno,2021-03-29,5992,415541,1980,186718,3469,216666,543,12157,2891,151499,3077,139188,3446,290687,California
Fresno,2021-03-30,10786,426327,4215,190933,5685,222351,886,13043,4452,150528,6308,145496,5337,296024,California
Fresno,2021-03-31,9266,435593,3326,194259,4957,227308,983,14026,3788,149857,5439,150935,4768,300792,California
Fresno,2021-04-01,11688,447281,4077,198336,6756,234064,855,14881,3928,146936,7663,158598,4742,305534,California
Fresno,2021-04-02,11600,458881,4405,202741,6408,240472,787,15668,4212,144706,7235,165833,5005,310539,California
Fresno,2021-04-03,6206,465087,3375,206116,2579,243051,252,15920,2216,143237,3975,169808,2506,313045,California
Fresno,2021-04-04,1489,466576,533,206649,912,243963,44,15964,560,142921,920,170728,604,313649,California
Fresno,2021-04-05,8291,474867,4467,211116,3028,246991,796,16760,2528,140564,5750,176478,3393,317042,California
Fresno,2021-04-06,9556,484423,4017,215133,4365,251356,1174,17934,3613,139458,5909,182387,4803,321845,California
Fresno,2021-04-07,10313,494736,5312,220445,3810,255166,1191,19125,3558,137516,6717,189104,4775,326620,California
Fresno,2021-04-08,10823,505559,5128,225573,4551,259717,1144,20269,3513,134946,7268,196372,4698,331318,California
Fresno,2021-04-09,10706,516265,5118,230691,4218,263935,1370,21639,3603,132879,7063,203435,4996,336314,California
Fresno,2021-04-10,7852,524117,5146,235837,2185,266120,521,22160,3722,133011,4110,207545,4242,340556,California
Fresno,2021-04-11,1388,525505,928,236765,371,266491,89,22249,448,132614,935,208480,538,341094,California
Fresno,2021-04-12,7142,532647,3770,240535,2458,268949,914,23163,2324,131059,4793,213273,3238,344332,California
Fresno,2021-04-13,8903,541550,4233,244768,4600,273549,70,23233,3496,129345,5371,218644,3657,347989,California
Fresno,2021-04-14,8839,550389,5146,249914,3692,277241,1,23234,3613,127825,5180,223824,3660,351649,California
Fresno,2021-04-15,7838,558227,3644,253558,4191,281432,3,23237,3053,126128,4756,228580,3059,354708,California
Fresno,2021-04-16,8957,567184,4247,257805,4708,286140,2,23239,3838,124893,5080,233660,3845,358553,California
Fresno,2021-04-17,5570,572754,3731,261536,1839,287979,0,23239,2713,124767,2841,236501,2715,361268,California
Fresno,2021-04-18,1021,573775,554,262090,467,288446,0,23239,476,124701,542,237043,476,361744,California
Fresno,2021-04-19,5406,579181,2918,265008,2484,290930,4,23243,2170,123678,3200,240243,2177,363921,California
Fresno,2021-04-20,6816,585997,3312,268320,3496,294426,8,23251,2539,121973,4253,244496,2548,366469,California
Fresno,2021-04-21,6258,592255,3408,271728,2841,297267,9,23260,2585,120923,3647,248143,2597,369066,California
Fresno,2021-04-22,6323,598578,3136,274864,3186,300453,1,23261,2333,119321,3939,252082,2337,371403,California
Fresno,2021-04-23,7015,605593,3765,278629,3231,303684,19,23280,2716,117785,4259,256341,2723,374126,California
Fresno,2021-04-24,4154,609747,2482,281111,1672,305356,0,23280,1956,117557,2184,258525,1956,376082,California
Fresno,2021-04-25,1379,611126,567,281678,810,306166,2,23282,691,117565,684,259209,692,376774,California
Fresno,2021-04-26,3786,614912,1847,283525,1896,308062,43,23325,1598,117041,2163,261372,1639,378413,California
Fresno,2021-04-27,4401,619313,2181,285706,2110,310172,110,23435,1722,116214,2659,264031,1832,380245,California
Fresno,2021-04-28,4700,624013,2624,288330,1949,312121,127,23562,1926,115512,2755,266786,2053,382298,California
Fresno,2021-04-29,4715,628728,2643,290973,1938,314059,134,23696,1734,114428,2952,269738,1868,384166,California
Fresno,2021-04-30,5299,634027,3227,294200,1943,316002,129,23825,2093,113476,3173,272911,2221,386387,California
Fresno,2021-05-01,4179,638206,3465,297665,577,316579,137,23962,1215,111877,2950,275861,1351,387738,California
Fresno,2021-05-02,1245,639451,777,298442,418,316997,50,24012,606,111903,629,276490,655,388393,California
Fresno,2021-05-03,3934,643385,2645,301087,1108,318105,181,24193,1287,110743,2624,279114,1464,389857,California
Fresno,2021-05-04,4647,648032,2346,303433,2158,320263,143,24336,1490,109241,3137,282251,1635,391492,California
Fresno,2021-05-05,4713,652745,2798,306231,1694,321957,221,24557,1441,107648,3248,285499,1655,393147,California
Fresno,2021-05-06,3864,656609,2310,308541,1450,323407,104,24661,1282,106483,2552,288051,1387,394534,California
Fresno,2021-05-07,4948,661557,3263,311804,1531,324938,154,24815,1527,104767,3397,291448,1681,396215,California
Fresno,2021-05-08,3828,665385,2470,314274,1215,326153,143,24958,1120,103346,2690,294138,1269,397484,California
Fresno,2021-05-09,684,666069,362,314636,276,326429,46,25004,327,103365,353,294491,372,397856,California
Fresno,2021-05-10,2878,668947,1564,316200,1184,327613,130,25134,903,102432,1966,296457,1033,398889,California
Fresno,2021-05-11,2198,671145,1168,317368,984,328597,46,25180,579,101446,1611,298068,625,399514,California
Glenn,2020-12-17,1,1,1,1,0,0,0,0,1,1,0,0,1,1,California
Glenn,2020-12-19,1,2,1,2,0,0,0,0,1,2,0,0,1,2,California
Glenn,2020-12-20,1,3,1,3,0,0,0,0,1,3,0,0,1,3,California
Glenn,2020-12-21,11,14,11,14,0,0,0,0,11,14,0,0,11,14,California
Glenn,2020-12-22,59,73,59,73,0,0,0,0,59,73,0,0,59,73,California
Glenn,2020-12-23,27,100,27,100,0,0,0,0,27,100,0,0,27,100,California
Glenn,2020-12-24,9,109,9,109,0,0,0,0,9,109,0,0,9,109,California
Glenn,2020-12-26,2,111,2,111,0,0,0,0,2,111,0,0,2,111,California
Glenn,2020-12-27,4,115,4,115,0,0,0,0,4,115,0,0,4,115,California
Glenn,2020-12-28,21,136,21,136,0,0,0,0,21,136,0,0,21,136,California
Glenn,2020-12-29,82,218,82,218,0,0,0,0,82,218,0,0,82,218,California
Glenn,2020-12-30,129,347,106,324,23,23,0,0,129,347,0,0,129,347,California
Glenn,2020-12-31,38,385,9,333,29,52,0,0,38,385,0,0,38,385,California
Glenn,2021-01-02,2,387,2,335,0,52,0,0,2,387,0,0,2,387,California
Glenn,2021-01-04,7,394,5,340,2,54,0,0,7,394,0,0,7,394,California
Glenn,2021-01-05,9,403,8,348,1,55,0,0,9,403,0,0,9,403,California
Glenn,2021-01-06,60,463,8,356,52,107,0,0,60,463,0,0,60,463,California
Glenn,2021-01-07,67,530,12,368,55,162,0,0,65,526,2,2,65,528,California
Glenn,2021-01-08,12,542,9,377,3,165,0,0,12,538,0,2,12,540,California
Glenn,2021-01-10,1,543,1,378,0,165,0,0,0,537,1,3,0,540,California
Glenn,2021-01-11,30,573,30,408,0,165,0,0,12,531,18,21,12,552,California
Glenn,2021-01-12,42,615,37,445,5,170,0,0,14,517,28,49,14,566,California
Glenn,2021-01-13,154,769,89,534,65,235,0,0,110,583,44,93,110,676,California
Glenn,2021-01-14,185,954,96,630,89,324,0,0,175,748,10,103,175,851,California
Glenn,2021-01-15,42,996,34,664,8,332,0,0,37,780,5,108,37,888,California
Glenn,2021-01-16,34,1030,14,678,20,352,0,0,24,794,10,118,24,912,California
Glenn,2021-01-17,4,1034,2,680,2,354,0,0,2,794,2,120,2,914,California
Glenn,2021-01-18,17,1051,16,696,1,355,0,0,9,795,8,128,9,923,California
Glenn,2021-01-19,31,1082,20,716,11,366,0,0,14,792,17,145,14,937,California
Glenn,2021-01-20,163,1245,94,810,69,435,0,0,82,793,81,226,82,1019,California
Glenn,2021-01-21,124,1369,98,908,26,461,0,0,30,729,94,320,30,1049,California
Glenn,2021-01-22,339,1708,65,973,274,735,0,0,332,1054,7,327,332,1381,California
Glenn,2021-01-23,14,1722,7,980,7,742,0,0,12,1064,2,329,12,1393,California
Glenn,2021-01-24,2,1724,2,982,0,742,0,0,2,1066,0,329,2,1395,California
Glenn,2021-01-25,27,1751,9,991,18,760,0,0,24,1087,3,332,24,1419,California
Glenn,2021-01-26,29,1780,13,1004,16,776,0,0,23,1104,6,338,23,1442,California
Glenn,2021-01-27,188,1968,13,1017,175,951,0,0,166,1248,22,360,166,1608,California
Glenn,2021-01-28,146,2114,8,1025,138,1089,0,0,116,1334,30,390,116,1724,California
Glenn,2021-01-29,296,2410,12,1037,284,1373,0,0,282,1602,14,404,282,2006,California
Glenn,2021-01-30,4,2414,0,1037,4,1377,0,0,4,1606,0,404,4,2010,California
Glenn,2021-01-31,1,2415,0,1037,1,1378,0,0,1,1607,0,404,1,2011,California
Glenn,2021-02-01,28,2443,10,1047,18,1396,0,0,16,1611,12,416,16,2027,California
Glenn,2021-02-02,28,2471,13,1060,15,1411,0,0,19,1621,9,425,19,2046,California
Glenn,2021-02-03,207,2678,58,1118,149,1560,0,0,111,1637,96,521,112,2158,California
Glenn,2021-02-04,150,2828,84,1202,66,1626,0,0,45,1577,105,626,45,2203,California
Glenn,2021-02-05,319,3147,24,1226,295,1921,0,0,299,1856,20,646,299,2502,California
Glenn,2021-02-06,14,3161,2,1228,12,1933,0,0,13,1868,1,647,13,2515,California
Glenn,2021-02-07,2,3163,2,1230,0,1933,0,0,2,1870,0,647,2,2517,California
Glenn,2021-02-08,21,3184,17,1247,4,1937,0,0,4,1857,17,664,4,2521,California
Glenn,2021-02-09,49,3233,20,1267,29,1966,0,0,36,1880,13,677,36,2557,California
Glenn,2021-02-10,139,3372,19,1286,120,2086,0,0,65,1871,74,751,65,2622,California
Glenn,2021-02-11,233,3605,133,1419,100,2186,0,0,150,1938,83,834,150,2772,California
Glenn,2021-02-12,420,4025,99,1518,321,2507,0,0,354,2226,66,900,354,3126,California
Glenn,2021-02-13,34,4059,7,1525,27,2534,0,0,16,2224,18,918,16,3142,California
Glenn,2021-02-14,1,4060,0,1525,1,2535,0,0,1,2225,0,918,1,3143,California
Glenn,2021-02-15,8,4068,0,1525,8,2543,0,0,8,2233,0,918,8,3151,California
Glenn,2021-02-16,39,4107,9,1534,30,2573,0,0,21,2236,18,936,21,3172,California
Glenn,2021-02-17,380,4487,15,1549,365,2938,0,0,302,2460,78,1014,302,3474,California
Glenn,2021-02-18,135,4622,100,1649,35,2973,0,0,111,2547,24,1038,111,3585,California
Glenn,2021-02-19,303,4925,17,1666,286,3259,0,0,29,2302,274,1312,29,3614,California
Glenn,2021-02-20,8,4933,0,1666,8,3267,0,0,0,2294,8,1320,0,3614,California
Glenn,2021-02-22,33,4966,14,1680,19,3286,0,0,17,2295,16,1336,17,3631,California
Glenn,2021-02-23,40,5006,10,1690,30,3316,0,0,28,2311,12,1348,28,3659,California
Glenn,2021-02-24,221,5227,15,1705,206,3522,0,0,47,2184,174,1522,47,3706,California
Glenn,2021-02-25,262,5489,148,1853,114,3636,0,0,118,2158,144,1666,118,3824,California
Glenn,2021-02-26,304,5793,24,1877,280,3916,0,0,20,1895,283,1949,20,3844,California
Glenn,2021-02-27,15,5808,5,1882,10,3926,0,0,5,1891,9,1958,5,3849,California
Glenn,2021-02-28,6,5814,3,1885,3,3929,0,0,3,1892,2,1960,3,3852,California
Glenn,2021-03-01,28,5842,6,1891,22,3951,0,0,12,1888,16,1976,12,3864,California
Glenn,2021-03-02,35,5877,7,1898,28,3979,0,0,17,1887,18,1994,17,3881,California
Glenn,2021-03-03,192,6069,37,1935,155,4134,0,0,101,1899,89,2083,101,3982,California
Glenn,2021-03-04,521,6590,175,2110,346,4480,0,0,375,2128,146,2229,375,4357,California
Glenn,2021-03-05,356,6946,48,2158,308,4788,0,0,35,1842,321,2550,35,4392,California
Glenn,2021-03-06,26,6972,3,2161,22,4810,1,1,9,1835,17,2567,10,4402,California
Glenn,2021-03-07,5,6977,0,2161,5,4815,0,1,3,1837,1,2568,3,4405,California
Glenn,2021-03-08,20,6997,2,2163,17,4832,1,2,18,1854,2,2570,19,4424,California
Glenn,2021-03-09,82,7079,11,2174,68,4900,3,5,54,1882,28,2598,56,4480,California
Glenn,2021-03-10,172,7251,68,2242,102,5002,2,7,95,1902,77,2675,97,4577,California
Glenn,2021-03-11,584,7835,170,2412,391,5393,23,30,454,2249,130,2805,477,5054,California
Glenn,2021-03-12,418,8253,14,2426,342,5735,62,92,41,1975,377,3182,103,5157,California
Glenn,2021-03-13,12,8265,1,2427,3,5738,8,100,1,1973,11,3193,9,5166,California
Glenn,2021-03-14,3,8268,1,2428,2,5740,0,100,2,1974,1,3194,2,5168,California
Glenn,2021-03-15,75,8343,15,2443,55,5795,5,105,60,2024,15,3209,65,5233,California
Glenn,2021-03-16,106,8449,33,2476,62,5857,11,116,65,2059,41,3250,76,5309,California
Glenn,2021-03-17,417,8866,97,2573,313,6170,7,123,116,1879,301,3551,121,5430,California
Glenn,2021-03-18,521,9387,215,2788,50,6220,256,379,145,1903,376,3927,400,5830,California
Glenn,2021-03-19,92,9479,16,2804,70,6290,6,385,71,1960,20,3947,77,5907,California
Glenn,2021-03-20,121,9600,1,2805,119,6409,1,386,119,2078,2,3949,120,6027,California
Glenn,2021-03-21,6,9606,5,2810,0,6409,1,387,3,2080,2,3951,4,6031,California
Glenn,2021-03-22,117,9723,54,2864,55,6464,8,395,97,2167,18,3969,105,6136,California
Glenn,2021-03-23,173,9896,66,2930,56,6520,51,446,100,2246,72,4041,151,6287,California
Glenn,2021-03-24,205,10101,99,3029,101,6621,5,451,133,2313,71,4112,138,6425,California
Glenn,2021-03-25,458,10559,228,3257,136,6757,94,545,330,2610,127,4239,424,6849,California
Glenn,2021-03-26,229,10788,37,3294,156,6913,36,581,178,2773,51,4290,214,7063,California
Glenn,2021-03-27,151,10939,22,3316,124,7037,5,586,141,2909,10,4300,146,7209,California
Glenn,2021-03-28,15,10954,10,3326,5,7042,0,586,10,2914,5,4305,10,7219,California
Glenn,2021-03-29,60,11014,20,3346,37,7079,3,589,46,2949,14,4319,49,7268,California
Glenn,2021-03-30,74,11088,42,3388,31,7110,1,590,42,2962,30,4349,43,7311,California
Glenn,2021-03-31,125,11213,35,3423,89,7199,1,591,54,2947,70,4419,55,7366,California
Glenn,2021-04-01,643,11856,185,3608,449,7648,9,600,231,2777,410,4829,240,7606,California
Glenn,2021-04-02,158,12014,25,3633,121,7769,12,612,122,2875,36,4865,134,7740,California
Glenn,2021-04-03,91,12105,4,3637,80,7849,7,619,80,2951,11,4876,87,7827,California
Glenn,2021-04-04,8,12113,3,3640,3,7852,2,621,4,2953,4,4880,6,7833,California
Glenn,2021-04-05,65,12178,25,3665,27,7879,13,634,28,2957,37,4917,41,7874,California
Glenn,2021-04-06,144,12322,52,3717,53,7932,39,673,38,2928,105,5022,76,7950,California
Glenn,2021-04-07,158,12480,46,3763,58,7990,54,727,72,2968,86,5108,126,8076,California
Glenn,2021-04-08,640,13120,189,3952,417,8407,34,761,138,2640,500,5608,172,8248,California
Glenn,2021-04-09,156,13276,57,4009,83,8490,16,777,100,2700,56,5664,116,8364,California
Glenn,2021-04-10,75,13351,1,4010,63,8553,11,788,62,2761,12,5676,73,8437,California
Glenn,2021-04-11,17,13368,8,4018,4,8557,5,793,7,2763,10,5686,12,8449,California
Glenn,2021-04-12,114,13482,25,4043,60,8617,29,822,20,2718,94,5780,49,8498,California
Glenn,2021-04-13,118,13600,63,4106,55,8672,0,822,31,2663,86,5866,31,8529,California
Glenn,2021-04-14,123,13723,47,4153,76,8748,0,822,69,2678,54,5920,69,8598,California
Glenn,2021-04-15,361,14084,275,4428,86,8834,0,822,124,2565,237,6157,124,8722,California
Glenn,2021-04-16,164,14248,40,4468,124,8958,0,822,78,2557,86,6243,78,8800,California
Glenn,2021-04-17,166,14414,18,4486,148,9106,0,822,36,2470,123,6366,36,8836,California
Glenn,2021-04-18,16,14430,3,4489,13,9119,0,822,13,2480,3,6369,13,8849,California
Glenn,2021-04-19,82,14512,17,4506,65,9184,0,822,27,2453,54,6423,27,8876,California
Glenn,2021-04-20,125,14637,81,4587,44,9228,0,822,56,2440,69,6492,56,8932,California
Glenn,2021-04-21,410,15047,307,4894,103,9331,0,822,284,2598,126,6618,284,9216,California
Glenn,2021-04-22,208,15255,48,4942,160,9491,0,822,43,2477,164,6782,43,9259,California
Glenn,2021-04-23,178,15433,24,4966,154,9645,0,822,48,2396,129,6911,48,9307,California
Glenn,2021-04-24,179,15612,32,4998,147,9792,0,822,44,2305,135,7046,44,9351,California
Glenn,2021-04-25,28,15640,16,5014,12,9804,0,822,21,2319,7,7053,21,9372,California
Glenn,2021-04-26,44,15684,9,5023,35,9839,0,822,18,2311,26,7079,18,9390,California
Glenn,2021-04-27,52,15736,39,5062,8,9847,5,827,24,2312,27,7106,28,9418,California
Glenn,2021-04-28,255,15991,177,5239,67,9914,11,838,127,2322,128,7234,138,9556,California
Glenn,2021-04-29,182,16173,23,5262,157,10071,2,840,44,2230,138,7372,46,9602,California
Glenn,2021-04-30,155,16328,34,5296,119,10190,2,842,45,2167,110,7482,47,9649,California
Glenn,2021-05-01,108,16436,13,5309,94,10284,1,843,30,2120,78,7560,31,9680,California
Glenn,2021-05-02,30,16466,12,5321,9,10293,9,852,15,2129,15,7575,24,9704,California
Glenn,2021-05-03,36,16502,23,5344,12,10305,1,853,14,2122,22,7597,15,9719,California
Glenn,2021-05-04,56,16558,32,5376,19,10324,5,858,27,2125,29,7626,32,9751,California
Glenn,2021-05-05,123,16681,35,5411,78,10402,10,868,53,2118,70,7696,63,9814,California
Glenn,2021-05-06,105,16786,42,5453,58,10460,5,873,40,2098,65,7761,45,9859,California
Glenn,2021-05-07,122,16908,33,5486,80,10540,9,882,33,2052,88,7849,42,9901,California
Glenn,2021-05-08,66,16974,11,5497,51,10591,4,886,20,2031,45,7894,24,9925,California
Glenn,2021-05-09,16,16990,11,5508,5,10596,0,886,12,2039,4,7898,12,9937,California
Glenn,2021-05-10,35,17025,15,5523,15,10611,5,891,16,2041,19,7917,21,9958,California
Glenn,2021-05-11,49,17074,39,5562,8,10619,2,893,8,2010,41,7958,10,9968,California
Humboldt,2020-12-15,2,2,2,2,0,0,0,0,2,2,0,0,2,2,California
Humboldt,2020-12-16,15,17,15,17,0,0,0,0,15,17,0,0,15,17,California
Humboldt,2020-12-17,117,134,117,134,0,0,0,0,117,134,0,0,117,134,California
Humboldt,2020-12-18,177,311,177,311,0,0,0,0,177,311,0,0,177,311,California
Humboldt,2020-12-19,10,321,10,321,0,0,0,0,10,321,0,0,10,321,California
Humboldt,2020-12-20,28,349,28,349,0,0,0,0,28,349,0,0,28,349,California
Humboldt,2020-12-21,166,515,166,515,0,0,0,0,166,515,0,0,166,515,California
Humboldt,2020-12-22,297,812,297,812,0,0,0,0,297,812,0,0,297,812,California
Humboldt,2020-12-23,310,1122,262,1074,48,48,0,0,312,1124,0,0,312,1124,California
Humboldt,2020-12-24,25,1147,2,1076,23,71,0,0,25,1149,0,0,25,1149,California
Humboldt,2020-12-25,2,1149,2,1078,0,71,0,0,2,1151,0,0,2,1151,California
Humboldt,2020-12-26,6,1155,5,1083,1,72,0,0,6,1157,0,0,6,1157,California
Humboldt,2020-12-28,156,1311,145,1228,11,83,0,0,156,1313,0,0,156,1313,California
Humboldt,2020-12-29,171,1482,124,1352,47,130,0,0,171,1484,0,0,171,1484,California
Humboldt,2020-12-30,223,1705,124,1476,99,229,0,0,223,1707,0,0,223,1707,California
Humboldt,2020-12-31,242,1947,79,1555,163,392,0,0,242,1949,0,0,242,1949,California
Humboldt,2021-01-01,2,1949,1,1556,1,393,0,0,2,1951,0,0,2,1951,California
Humboldt,2021-01-02,38,1987,1,1557,37,430,0,0,38,1989,0,0,38,1989,California
Humboldt,2021-01-04,217,2204,142,1699,75,505,0,0,218,2207,0,0,218,2207,California
Humboldt,2021-01-05,129,2333,18,1717,111,616,0,0,128,2334,1,1,128,2335,California
Humboldt,2021-01-06,302,2635,204,1921,98,714,0,0,229,2502,61,62,229,2564,California
Humboldt,2021-01-07,419,3054,307,2228,112,826,0,0,305,2708,99,161,305,2869,California
Humboldt,2021-01-08,419,3473,280,2508,139,965,0,0,284,2861,131,292,284,3153,California
Humboldt,2021-01-09,69,3542,45,2553,24,989,0,0,66,2925,3,295,67,3220,California
Humboldt,2021-01-10,84,3626,84,2637,0,989,0,0,4,2849,80,375,4,3224,California
Humboldt,2021-01-11,289,3915,278,2915,11,1000,0,0,72,2708,213,588,72,3296,California
Humboldt,2021-01-12,482,4397,319,3234,163,1163,0,0,298,2844,162,750,298,3594,California
Humboldt,2021-01-13,485,4882,275,3509,210,1373,0,0,308,2979,174,924,309,3903,California
Humboldt,2021-01-14,521,5403,164,3673,357,1730,0,0,465,3389,56,980,466,4369,California
Humboldt,2021-01-15,374,5777,39,3712,335,2065,0,0,357,3729,17,997,357,4726,California
Humboldt,2021-01-16,170,5947,6,3718,164,2229,0,0,169,3897,1,998,169,4895,California
Humboldt,2021-01-17,6,5953,4,3722,2,2231,0,0,6,3903,0,998,6,4901,California
Humboldt,2021-01-18,294,6247,259,3981,35,2266,0,0,144,3897,150,1148,144,5045,California
Humboldt,2021-01-19,625,6872,372,4353,253,2519,0,0,498,4274,121,1269,498,5543,California
Humboldt,2021-01-20,914,7786,404,4757,510,3029,0,0,766,4902,140,1409,768,6311,California
Humboldt,2021-01-21,959,8745,261,5018,698,3727,0,0,917,5777,42,1451,917,7228,California
Humboldt,2021-01-22,676,9421,376,5394,300,4027,0,0,668,6437,8,1459,668,7896,California
Humboldt,2021-01-23,812,10233,272,5666,540,4567,0,0,803,7232,9,1468,804,8700,California
Humboldt,2021-01-24,226,10459,1,5667,225,4792,0,0,225,7456,1,1469,225,8925,California
Humboldt,2021-01-25,304,10763,233,5900,71,4863,0,0,149,7450,155,1624,149,9074,California
Humboldt,2021-01-26,526,11289,141,6041,385,5248,0,0,476,7876,50,1674,476,9550,California
Humboldt,2021-01-27,1260,12549,587,6628,673,5921,0,0,1194,9013,59,1733,1196,10746,California
Humboldt,2021-01-28,1456,14005,634,7262,822,6743,0,0,1320,10202,133,1866,1322,12068,California
Humboldt,2021-01-29,1131,15136,546,7808,585,7328,0,0,707,10486,424,2290,708,12776,California
Humboldt,2021-01-30,974,16110,457,8265,517,7845,0,0,961,11435,13,2303,962,13738,California
Humboldt,2021-01-31,313,16423,312,8577,1,7846,0,0,312,11746,1,2304,312,14050,California
Humboldt,2021-02-01,333,16756,192,8769,141,7987,0,0,189,11792,143,2447,189,14239,California
Humboldt,2021-02-02,444,17200,74,8843,370,8357,0,0,339,12031,102,2549,341,14580,California
Humboldt,2021-02-03,655,17855,257,9100,398,8755,0,0,505,12386,150,2699,505,15085,California
Humboldt,2021-02-04,638,18493,262,9362,376,9131,0,0,441,12633,194,2893,441,15526,California
Humboldt,2021-02-05,811,19304,94,9456,717,9848,0,0,625,13072,186,3079,625,16151,California
Humboldt,2021-02-06,1057,20361,445,9901,612,10460,0,0,1016,14049,40,3119,1017,17168,California
Humboldt,2021-02-07,379,20740,9,9910,370,10830,0,0,374,14420,4,3123,375,17543,California
Humboldt,2021-02-08,325,21065,142,10052,183,11013,0,0,184,14464,140,3263,184,17727,California
Humboldt,2021-02-09,494,21559,220,10272,274,11287,0,0,179,14328,315,3578,179,17906,California
Humboldt,2021-02-10,563,22122,370,10642,193,11480,0,0,232,14234,326,3904,232,18138,California
Humboldt,2021-02-11,1296,23418,395,11037,901,12381,0,0,506,13953,787,4691,506,18644,California
Humboldt,2021-02-12,1147,24565,736,11773,411,12792,0,0,707,14220,440,5131,707,19351,California
Humboldt,2021-02-13,1504,26069,556,12329,948,13740,0,0,915,14548,587,5718,915,20266,California
Humboldt,2021-02-14,112,26181,5,12334,107,13847,0,0,109,14655,2,5720,109,20375,California
Humboldt,2021-02-15,292,26473,78,12412,214,14061,0,0,195,14753,97,5817,195,20570,California
Humboldt,2021-02-16,534,27007,118,12530,416,14477,0,0,253,14726,281,6098,254,20824,California
Humboldt,2021-02-17,453,27460,281,12811,172,14649,0,0,137,14548,315,6413,137,20961,California
Humboldt,2021-02-18,969,28429,596,13407,373,15022,0,0,228,14037,739,7152,228,21189,California
Humboldt,2021-02-19,476,28905,434,13841,42,15064,0,0,89,13742,384,7536,89,21278,California
Humboldt,2021-02-20,1591,30496,981,14822,610,15674,0,0,474,13104,1114,8650,476,21754,California
Humboldt,2021-02-21,479,30975,471,15293,8,15682,0,0,183,12992,296,8946,184,21938,California
Humboldt,2021-02-22,127,31102,92,15385,35,15717,0,0,28,12923,97,9043,28,21966,California
Humboldt,2021-02-23,173,31275,70,15455,103,15820,0,0,40,12832,131,9174,40,22006,California
Humboldt,2021-02-24,1164,32439,705,16160,459,16279,0,0,586,12841,577,9751,586,22592,California
Humboldt,2021-02-25,832,33271,317,16477,515,16794,0,0,229,12469,601,10352,229,22821,California
Humboldt,2021-02-26,2144,35415,106,16583,2038,18832,0,0,450,11232,1688,12040,451,23272,California
Humboldt,2021-02-27,1693,37108,1075,17658,618,19450,0,0,869,11283,822,12862,873,24145,California
Humboldt,2021-02-28,121,37229,11,17669,110,19560,0,0,117,11396,4,12866,117,24262,California
Humboldt,2021-03-01,259,37488,47,17716,212,19772,0,0,184,11505,75,12941,184,24446,California
Humboldt,2021-03-02,287,37775,48,17764,239,20011,0,0,157,11532,130,13071,157,24603,California
Humboldt,2021-03-03,1654,39429,1097,18861,557,20568,0,0,1223,12332,424,13495,1224,25827,California
Humboldt,2021-03-04,898,40327,112,18973,786,21354,0,0,279,11994,619,14114,281,26108,California
Humboldt,2021-03-05,943,41270,183,19156,749,22103,11,11,387,11840,552,14666,398,26506,California
Humboldt,2021-03-06,1699,42969,841,19997,809,22912,49,60,713,11617,985,15651,762,27268,California
Humboldt,2021-03-07,364,43333,296,20293,50,22962,18,78,157,11585,207,15858,175,27443,California
Humboldt,2021-03-08,273,43606,7,20300,188,23150,78,156,179,11748,94,15952,257,27700,California
Humboldt,2021-03-09,478,44084,203,20503,128,23278,147,303,230,11879,246,16198,377,28077,California
Humboldt,2021-03-10,688,44772,466,20969,69,23347,153,456,419,12181,268,16466,570,28647,California
Humboldt,2021-03-11,1445,46217,463,21432,883,24230,99,555,627,12090,816,17282,725,29372,California
Humboldt,2021-03-12,1746,47963,1082,22514,442,24672,222,777,1053,12683,685,17967,1278,30650,California
Humboldt,2021-03-13,1570,49533,1022,23536,496,25168,52,829,678,12527,886,18853,730,31380,California
Humboldt,2021-03-14,142,49675,18,23554,115,25283,9,838,28,12450,114,18967,37,31417,California
Humboldt,2021-03-15,275,49950,51,23605,204,25487,20,858,59,12313,216,19183,79,31496,California
Humboldt,2021-03-16,633,50583,200,23805,173,25660,260,1118,259,12457,373,19556,517,32013,California
Humboldt,2021-03-17,731,51314,397,24202,226,25886,108,1226,338,12511,392,19948,446,32459,California
Humboldt,2021-03-18,1735,53049,1166,25368,526,26412,43,1269,1041,12906,689,20637,1084,33543,California
Humboldt,2021-03-19,1073,54122,58,25426,701,27113,314,1583,439,13027,631,21268,752,34295,California
Humboldt,2021-03-20,1375,55497,751,26177,611,27724,13,1596,428,12524,945,22213,442,34737,California
Humboldt,2021-03-21,247,55744,33,26210,185,27909,29,1625,200,12706,47,22260,229,34966,California
Humboldt,2021-03-22,114,55858,15,26225,49,27958,50,1675,57,12758,55,22315,107,35073,California
Humboldt,2021-03-23,411,56269,41,26266,327,28285,43,1718,320,13032,89,22404,363,35436,California
Humboldt,2021-03-24,1414,57683,389,26655,977,29262,48,1766,1037,13746,369,22773,1083,36519,California
Humboldt,2021-03-25,1832,59515,1207,27862,563,29825,62,1828,946,13870,884,23657,1008,37527,California
Humboldt,2021-03-26,2036,61551,437,28299,1543,31368,56,1884,1595,15084,436,24093,1650,39177,California
Humboldt,2021-03-27,1938,63489,1437,29736,332,31700,169,2053,1067,15453,867,24960,1236,40413,California
Humboldt,2021-03-28,267,63756,81,29817,115,31815,71,2124,85,15428,182,25142,157,40570,California
Humboldt,2021-03-29,467,64223,126,29943,246,32061,95,2219,198,15452,268,25410,292,40862,California
Humboldt,2021-03-30,938,65161,304,30247,520,32581,114,2333,563,15757,371,25781,676,41538,California
Humboldt,2021-03-31,1851,67012,519,30766,1236,33817,96,2429,1399,16805,449,26230,1497,43035,California
Humboldt,2021-04-01,2101,69113,702,31468,1308,35125,91,2520,1478,17758,616,26846,1569,44604,California
Humboldt,2021-04-02,1700,70813,1099,32567,497,35622,104,2624,603,17374,1091,27937,707,45311,California
Humboldt,2021-04-03,1654,72467,1496,34063,142,35764,16,2640,661,17068,983,28920,677,45988,California
Humboldt,2021-04-04,479,72946,369,34432,101,35865,9,2649,404,17407,75,28995,414,46402,California
Humboldt,2021-04-05,771,73717,456,34888,267,36132,48,2697,438,17562,331,29326,486,46888,California
Humboldt,2021-04-06,834,74551,316,35204,384,36516,134,2831,585,18036,243,29569,717,47605,California
Humboldt,2021-04-07,1490,76041,1058,36262,293,36809,139,2970,987,18661,501,30070,1126,48731,California
Humboldt,2021-04-08,1724,77765,1085,37347,481,37290,158,3128,733,18562,990,31060,891,49622,California
Humboldt,2021-04-09,1424,79189,433,37780,838,38128,153,3281,1141,19567,282,31342,1287,50909,California
Humboldt,2021-04-10,926,80115,135,37915,616,38744,175,3456,728,20272,196,31538,901,51810,California
Humboldt,2021-04-11,638,80753,138,38053,34,38778,466,3922,127,20353,511,32049,592,52402,California
Humboldt,2021-04-12,431,81184,224,38277,83,38861,124,4046,275,20596,156,32205,399,52801,California
Humboldt,2021-04-13,582,81766,322,38599,257,39118,3,4049,547,21114,31,32236,549,53350,California
Humboldt,2021-04-14,1420,83186,1030,39629,390,39508,0,4049,1309,22313,110,32346,1309,54659,California
Humboldt,2021-04-15,1809,84995,1194,40823,611,40119,4,4053,1242,23008,549,32895,1244,55903,California
Humboldt,2021-04-16,1119,86114,514,41337,605,40724,0,4053,537,22966,579,33474,537,56440,California
Humboldt,2021-04-17,1599,87713,1276,42613,323,41047,0,4053,1013,23399,580,34054,1013,57453,California
Humboldt,2021-04-18,530,88243,342,42955,188,41235,0,4053,93,23059,433,34487,93,57546,California
Humboldt,2021-04-19,186,88429,83,43038,103,41338,0,4053,71,23017,113,34600,71,57617,California
Humboldt,2021-04-20,476,88905,133,43171,343,41681,0,4053,234,23010,241,34841,234,57851,California
Humboldt,2021-04-21,1080,89985,374,43545,706,42387,0,4053,426,22793,644,35485,427,58278,California
Humboldt,2021-04-22,851,90836,499,44044,350,42737,2,4055,429,22802,420,35905,429,58707,California
Humboldt,2021-04-23,2147,92983,299,44343,1848,44585,0,4055,315,21288,1829,37734,315,59022,California
Humboldt,2021-04-24,1013,93996,875,45218,133,44718,5,4060,349,20980,662,38396,354,59376,California
Humboldt,2021-04-25,373,94369,238,45456,135,44853,0,4060,193,20996,177,38573,193,59569,California
Humboldt,2021-04-26,265,94634,186,45642,76,44929,3,4063,79,20892,184,38757,80,59649,California
Humboldt,2021-04-27,635,95269,192,45834,425,45354,18,4081,126,20529,507,39264,144,59793,California
Humboldt,2021-04-28,1520,96789,788,46622,688,46042,44,4125,393,19841,1125,40389,437,60230,California
Humboldt,2021-04-29,1710,98499,568,47190,1104,47146,38,4163,268,18709,1438,41827,306,60536,California
Humboldt,2021-04-30,1228,99727,384,47574,811,47957,33,4196,194,17906,1028,42855,225,60761,California
Humboldt,2021-05-01,457,100184,378,47952,57,48014,22,4218,284,18040,172,43027,306,61067,California
Humboldt,2021-05-02,227,100411,182,48134,36,48050,9,4227,113,18050,113,43140,123,61190,California
Humboldt,2021-05-03,602,101013,373,48507,206,48256,23,4250,95,17663,505,43645,118,61308,California
Humboldt,2021-05-04,797,101810,476,48983,279,48535,42,4292,241,17392,553,44198,282,61590,California
Humboldt,2021-05-05,1685,103495,1083,50066,545,49080,57,4349,180,16129,1498,45696,235,61825,California
Humboldt,2021-05-06,1627,105122,1044,51110,337,49417,246,4595,125,15001,1499,47195,371,62196,California
Humboldt,2021-05-07,1407,106529,303,51413,1048,50465,56,4651,233,14116,1172,48367,287,62483,California
Humboldt,2021-05-08,694,107223,105,51518,568,51033,21,4672,84,13612,609,48976,105,62588,California
Humboldt,2021-05-09,902,108125,852,52370,41,51074,9,4681,44,12807,858,49834,53,62641,California
Humboldt,2021-05-10,202,108327,33,52403,132,51206,37,4718,74,12790,128,49962,111,62752,California
Humboldt,2021-05-11,282,108609,99,52502,146,51352,37,4755,83,12711,199,50161,120,62872,California
Imperial,2020-12-16,1,1,1,1,0,0,0,0,1,1,0,0,1,1,California
Imperial,2020-12-17,4,5,4,5,0,0,0,0,4,5,0,0,4,5,California
Imperial,2020-12-18,12,17,12,17,0,0,0,0,12,17,0,0,12,17,California
Imperial,2020-12-20,2,19,2,19,0,0,0,0,2,19,0,0,2,19,California
Imperial,2020-12-21,186,205,186,205,0,0,0,0,186,205,0,0,186,205,California
Imperial,2020-12-22,241,446,239,444,2,2,0,0,241,446,0,0,241,446,California
Imperial,2020-12-23,210,656,209,653,1,3,0,0,209,655,0,0,209,655,California
Imperial,2020-12-24,5,661,5,658,0,3,0,0,5,660,0,0,5,660,California
Imperial,2020-12-26,1,662,0,658,1,4,0,0,1,661,0,0,1,661,California
Imperial,2020-12-27,62,724,0,658,62,66,0,0,62,723,0,0,62,723,California
Imperial,2020-12-28,214,938,114,772,100,166,0,0,214,937,0,0,214,937,California
Imperial,2020-12-29,189,1127,36,808,153,319,0,0,189,1126,0,0,189,1126,California
Imperial,2020-12-30,366,1493,50,858,316,635,0,0,366,1492,0,0,366,1492,California
Imperial,2020-12-31,197,1690,26,884,171,806,0,0,197,1689,0,0,197,1689,California
Imperial,2021-01-01,47,1737,5,889,42,848,0,0,47,1736,0,0,47,1736,California
Imperial,2021-01-02,4,1741,0,889,4,852,0,0,4,1740,0,0,4,1740,California
Imperial,2021-01-03,90,1831,0,889,90,942,0,0,90,1830,0,0,90,1830,California
Imperial,2021-01-04,85,1916,5,894,80,1022,0,0,85,1915,0,0,85,1915,California
Imperial,2021-01-05,173,2089,14,908,159,1181,0,0,173,2088,0,0,173,2088,California
Imperial,2021-01-06,190,2279,25,933,165,1346,0,0,189,2276,1,1,189,2277,California
Imperial,2021-01-07,319,2598,9,942,310,1656,0,0,316,2589,3,4,316,2593,California
Imperial,2021-01-08,192,2790,52,994,140,1796,0,0,182,2761,10,14,182,2775,California
Imperial,2021-01-09,24,2814,21,1015,3,1799,0,0,24,2785,0,14,24,2799,California
Imperial,2021-01-10,1,2815,0,1015,1,1800,0,0,1,2786,0,14,1,2800,California
Imperial,2021-01-11,402,3217,243,1258,159,1959,0,0,174,2732,228,242,174,2974,California
Imperial,2021-01-12,404,3621,302,1560,102,2061,0,0,142,2613,261,503,142,3116,California
Imperial,2021-01-13,379,4000,132,1692,247,2308,0,0,280,2794,99,602,280,3396,California
Imperial,2021-01-14,260,4260,151,1843,109,2417,0,0,254,3043,5,607,254,3650,California
Imperial,2021-01-15,241,4501,182,2025,59,2476,0,0,234,3270,7,614,234,3884,California
Imperial,2021-01-16,77,4578,73,2098,4,2480,0,0,76,3345,1,615,76,3960,California
Imperial,2021-01-17,10,4588,2,2100,8,2488,0,0,10,3355,0,615,10,3970,California
Imperial,2021-01-18,1053,5641,399,2499,654,3142,0,0,955,4213,98,713,956,4926,California
Imperial,2021-01-19,165,5806,129,2628,36,3178,0,0,118,4284,47,760,118,5044,California
Imperial,2021-01-20,292,6098,195,2823,97,3275,0,0,254,4500,38,798,254,5298,California
Imperial,2021-01-21,415,6513,183,3006,232,3507,0,0,395,4875,20,818,395,5693,California
Imperial,2021-01-22,457,6970,189,3195,268,3775,0,0,448,5314,9,827,448,6141,California
Imperial,2021-01-23,1041,8011,290,3485,751,4526,0,0,1040,6353,1,828,1040,7181,California
Imperial,2021-01-24,11,8022,4,3489,7,4533,0,0,11,6364,0,828,11,7192,California
Imperial,2021-01-25,213,8235,5,3494,208,4741,0,0,34,6220,178,1006,34,7226,California
Imperial,2021-01-26,360,8595,185,3679,175,4916,0,0,217,6294,143,1149,217,7443,California
Imperial,2021-01-27,570,9165,162,3841,408,5324,0,0,237,6198,333,1482,237,7680,California
Imperial,2021-01-28,632,9797,159,4000,473,5797,0,0,525,6616,107,1589,525,8205,California
Imperial,2021-01-29,424,10221,296,4296,128,5925,0,0,374,6940,50,1639,374,8579,California
Imperial,2021-01-30,56,10277,31,4327,25,5950,0,0,39,6962,17,1656,39,8618,California
Imperial,2021-01-31,17,10294,7,4334,10,5960,0,0,16,6977,1,1657,16,8634,California
Imperial,2021-02-01,420,10714,54,4388,366,6326,0,0,209,6977,209,1866,209,8843,California
Imperial,2021-02-02,680,11394,54,4442,626,6952,0,0,499,7295,181,2047,499,9342,California
Imperial,2021-02-03,457,11851,48,4490,409,7361,0,0,264,7367,192,2239,264,9606,California
Imperial,2021-02-04,1723,13574,1203,5693,520,7881,0,0,1408,8462,313,2552,1408,11014,California
Imperial,2021-02-05,389,13963,241,5934,148,8029,0,0,152,8379,235,2787,152,11166,California
Imperial,2021-02-06,861,14824,838,6772,23,8052,0,0,824,9167,36,2823,824,11990,California
Imperial,2021-02-07,21,14845,9,6781,12,8064,0,0,20,9186,1,2824,20,12010,California
Imperial,2021-02-08,250,15095,42,6823,208,8272,0,0,182,9300,68,2892,182,12192,California
Imperial,2021-02-09,462,15557,146,6969,316,8588,0,0,304,9446,158,3050,304,12496,California
Imperial,2021-02-10,385,15942,56,7025,329,8917,0,0,95,9252,290,3340,96,12592,California
Imperial,2021-02-11,465,16407,259,7284,206,9123,0,0,89,8965,376,3716,89,12681,California
Imperial,2021-02-12,2130,18537,1411,8695,719,9842,0,0,1778,10392,351,4067,1778,14459,California
Imperial,2021-02-13,42,18579,18,8713,24,9866,0,0,34,10419,8,4075,35,14494,California
Imperial,2021-02-14,24,18603,12,8725,12,9878,0,0,21,10437,3,4078,21,14515,California
Imperial,2021-02-15,30,18633,10,8735,20,9898,0,0,23,10453,7,4085,23,14538,California
Imperial,2021-02-16,514,19147,267,9002,247,10145,0,0,293,10525,221,4306,293,14831,California
Imperial,2021-02-17,439,19586,285,9287,154,10299,0,0,83,10252,356,4662,83,14914,California
Imperial,2021-02-18,646,20232,308,9595,338,10637,0,0,140,9888,504,5166,140,15054,California
Imperial,2021-02-19,767,20999,382,9977,385,11022,0,0,192,9506,574,5740,192,15246,California
Imperial,2021-02-20,1039,22038,191,10168,848,11870,0,0,325,9120,713,6453,327,15573,California
Imperial,2021-02-21,588,22626,554,10722,34,11904,0,0,577,9687,10,6463,577,16150,California
Imperial,2021-02-22,807,23433,567,11289,240,12144,0,0,758,10396,49,6512,758,16908,California
Imperial,2021-02-23,960,24393,395,11684,565,12709,0,0,907,11250,53,6565,907,17815,California
Imperial,2021-02-24,700,25093,285,11969,415,13124,0,0,603,11757,96,6661,603,18418,California
Imperial,2021-02-25,818,25911,339,12308,479,13603,0,0,452,11849,365,7026,457,18875,California
Imperial,2021-02-26,1745,27656,1351,13659,394,13997,0,0,1570,13247,173,7199,1571,20446,California
Imperial,2021-02-27,860,28516,811,14470,49,14046,0,0,121,12630,739,7938,122,20568,California
Imperial,2021-02-28,31,28547,20,14490,11,14057,0,0,21,12641,10,7948,21,20589,California
Imperial,2021-03-01,495,29042,295,14785,199,14256,1,1,429,13008,64,8012,431,21020,California
Imperial,2021-03-02,674,29716,247,15032,427,14683,0,1,385,13107,288,8300,387,21407,California
Imperial,2021-03-03,927,30643,49,15081,877,15560,1,2,558,13311,366,8666,570,21977,California
Imperial,2021-03-04,746,31389,76,15157,669,16229,1,3,485,13567,259,8925,515,22492,California
Imperial,2021-03-05,2573,33962,1939,17096,634,16863,0,3,1248,13495,1322,10247,1250,23742,California
Imperial,2021-03-06,690,34652,238,17334,452,17315,0,3,649,14110,38,10285,653,24395,California
Imperial,2021-03-07,75,34727,41,17375,34,17349,0,3,54,14144,21,10306,55,24450,California
Imperial,2021-03-08,415,35142,331,17706,49,17398,35,38,362,14489,52,10358,397,24847,California
Imperial,2021-03-09,681,35823,310,18016,125,17523,246,284,398,14849,283,10641,643,25490,California
Imperial,2021-03-10,684,36507,313,18329,267,17790,104,388,320,14911,363,11004,425,25915,California
Imperial,2021-03-11,1786,38293,477,18806,1117,18907,192,580,1184,15697,601,11605,1387,27302,California
Imperial,2021-03-12,3703,41996,2539,21345,978,19885,186,766,2104,16390,1597,13202,2290,29592,California
Imperial,2021-03-13,1143,43139,92,21437,828,20713,223,989,857,17189,284,13486,1083,30675,California
Imperial,2021-03-14,169,43308,31,21468,126,20839,12,1001,139,17311,30,13516,152,30827,California
Imperial,2021-03-15,671,43979,214,21682,198,21037,259,1260,374,17649,295,13811,633,31460,California
Imperial,2021-03-16,1070,45049,275,21957,341,21378,454,1714,534,18101,534,14345,986,32446,California
Imperial,2021-03-17,1571,46620,689,22646,745,22123,137,1851,992,18655,576,14921,1130,33576,California
Imperial,2021-03-18,1780,48400,1177,23823,543,22666,60,1911,1251,19441,527,15448,1313,34889,California
Imperial,2021-03-19,3338,51738,2446,26269,888,23554,4,1915,1501,19118,1829,17277,1506,36395,California
Imperial,2021-03-20,864,52602,550,26819,309,23863,5,1920,420,19109,440,17717,431,36826,California
Imperial,2021-03-21,217,52819,35,26854,178,24041,4,1924,159,19218,58,17775,167,36993,California
Imperial,2021-03-22,1046,53865,339,27193,700,24741,7,1931,622,19426,423,18198,631,37624,California
Imperial,2021-03-23,1390,55255,411,27604,972,25713,7,1938,890,19828,497,18695,899,38523,California
Imperial,2021-03-24,1870,57125,542,28146,901,26614,427,2365,899,20185,968,19663,1325,39848,California
Imperial,2021-03-25,2908,60033,506,28652,884,27498,1518,3883,1018,20827,1886,21549,2528,42376,California
Imperial,2021-03-26,2488,62521,881,29533,736,28234,871,4754,776,20770,1705,23254,1648,44024,California
Imperial,2021-03-27,596,63117,282,29815,262,28496,52,4806,436,21101,157,23411,488,44512,California
Imperial,2021-03-28,209,63326,51,29866,156,28652,2,4808,171,21237,37,23448,173,44685,California
Imperial,2021-03-29,1213,64539,348,30214,391,29043,474,5282,317,21135,894,24342,792,45477,California
Imperial,2021-03-30,1819,66358,675,30889,592,29635,552,5834,675,21219,1144,25486,1228,46705,California
Imperial,2021-03-31,1522,67880,712,31601,805,30440,5,5839,1005,21713,515,26001,1009,47714,California
Imperial,2021-04-01,1912,69792,399,32000,1271,31711,242,6081,832,21712,1074,27075,1073,48787,California
Imperial,2021-04-02,1265,71057,450,32450,741,32452,74,6155,749,22020,514,27589,822,49609,California
Imperial,2021-04-03,1495,72552,408,32858,1008,33460,79,6234,687,21981,805,28394,766,50375,California
Imperial,2021-04-04,84,72636,40,32898,28,33488,16,6250,25,21963,59,28453,41,50416,California
Imperial,2021-04-05,2113,74749,1282,34180,764,34252,67,6317,403,20731,1703,30156,471,50887,California
Imperial,2021-04-06,1294,76043,526,34706,579,34831,189,6506,681,20992,610,30766,871,51758,California
Imperial,2021-04-07,2148,78191,549,35255,1223,36054,376,6882,1538,22299,607,31373,1914,53672,California
Imperial,2021-04-08,2185,80376,1070,36325,821,36875,294,7176,1077,22563,1105,32478,1369,55041,California
Imperial,2021-04-09,2147,82523,634,36959,897,37772,616,7792,836,22707,1307,33785,1451,56492,California
Imperial,2021-04-10,1276,83799,184,37143,821,38593,271,8063,215,22132,1059,34844,484,56976,California
Imperial,2021-04-11,218,84017,30,37173,156,38749,32,8095,75,22096,143,34987,107,57083,California
Imperial,2021-04-12,1408,85425,761,37934,431,39180,216,8311,794,22498,610,35597,1012,58095,California
Imperial,2021-04-13,2635,88060,1786,39720,847,40027,2,8313,1938,23744,693,36290,1939,60034,California
Imperial,2021-04-14,2008,90068,940,40660,1068,41095,0,8313,1420,24582,583,36873,1421,61455,California
Imperial,2021-04-15,1967,92035,908,41568,1059,42154,0,8313,1379,25379,584,37457,1381,62836,California
Imperial,2021-04-16,2338,94373,1180,42748,1158,43312,0,8313,1420,25889,910,38367,1420,64256,California
Imperial,2021-04-17,1807,96180,926,43674,879,44191,2,8315,1424,26938,378,38745,1427,65683,California
Imperial,2021-04-18,251,96431,70,43744,181,44372,0,8315,91,26870,159,38904,91,65774,California
Imperial,2021-04-19,825,97256,263,44007,562,44934,0,8315,486,27022,338,39242,490,66264,California
Imperial,2021-04-20,1307,98563,513,44520,794,45728,0,8315,767,27252,537,39779,767,67031,California
Imperial,2021-04-21,1360,99923,333,44853,1027,46755,0,8315,820,27535,537,40316,820,67851,California
Imperial,2021-04-22,2032,101955,781,45634,1251,48006,0,8315,1429,28371,595,40911,1431,69282,California
Imperial,2021-04-23,1594,103549,401,46035,1193,49199,0,8315,860,28519,716,41627,864,70146,California
Imperial,2021-04-24,528,104077,313,46348,215,49414,0,8315,203,28399,323,41950,203,70349,California
Imperial,2021-04-25,263,104340,96,46444,167,49581,0,8315,135,28407,127,42077,135,70484,California
Imperial,2021-04-26,987,105327,435,46879,549,50130,3,8318,652,28728,334,42411,655,71139,California
Imperial,2021-04-27,919,106246,338,47217,573,50703,8,8326,475,28767,444,42855,483,71622,California
Imperial,2021-04-28,1303,107549,595,47812,682,51385,26,8352,628,28750,671,43526,654,72276,California
Imperial,2021-04-29,1738,109287,845,48657,846,52231,47,8399,791,28649,940,44466,839,73115,California
Imperial,2021-04-30,1420,110707,728,49385,662,52893,30,8429,1022,29308,393,44859,1052,74167,California
Imperial,2021-05-01,302,111009,116,49501,184,53077,2,8431,154,29317,148,45007,157,74324,California
Imperial,2021-05-02,83,111092,25,49526,56,53133,2,8433,53,29343,30,45037,56,74380,California
Imperial,2021-05-03,1558,112650,546,50072,965,54098,47,8480,355,28550,1196,46233,403,74783,California
Imperial,2021-05-04,1597,114247,857,50929,718,54816,22,8502,490,27960,1103,47336,513,75296,California
Imperial,2021-05-05,1463,115710,885,51814,558,55374,20,8522,433,27393,1021,48357,454,75750,California
Imperial,2021-05-06,1567,117277,1108,52922,431,55805,28,8550,524,26908,1037,49394,552,76302,California
Imperial,2021-05-07,1479,118756,904,53826,538,56343,37,8587,603,26678,870,50264,640,76942,California
Imperial,2021-05-08,349,119105,219,54045,122,56465,8,8595,132,26607,211,50475,140,77082,California
Imperial,2021-05-09,95,119200,61,54106,33,56498,1,8596,34,26583,59,50534,35,77117,California
Imperial,2021-05-10,441,119641,161,54267,220,56718,60,8656,179,26564,259,50793,240,77357,California
Imperial,2021-05-11,492,120133,233,54500,246,56964,13,8669,204,26499,283,51076,218,77575,California
Inyo,2020-12-19,85,85,85,85,0,0,0,0,85,85,0,0,85,85,California
Inyo,2020-12-20,58,143,58,143,0,0,0,0,58,143,0,0,58,143,California
Inyo,2020-12-21,88,231,85,228,3,3,0,0,88,231,0,0,88,231,California
Inyo,2020-12-22,105,336,105,333,0,3,0,0,105,336,0,0,105,336,California
Inyo,2020-12-23,70,406,67,400,3,6,0,0,70,406,0,0,70,406,California
Inyo,2020-12-24,16,422,16,416,0,6,0,0,16,422,0,0,16,422,California
Inyo,2020-12-25,1,423,0,416,1,7,0,0,1,423,0,0,1,423,California
Inyo,2020-12-26,74,497,74,490,0,7,0,0,74,497,0,0,74,497,California
Inyo,2020-12-28,48,545,36,526,12,19,0,0,48,545,0,0,48,545,California
Inyo,2020-12-29,19,564,19,545,0,19,0,0,19,564,0,0,19,564,California
Inyo,2020-12-30,56,620,54,599,2,21,0,0,56,620,0,0,56,620,California
Inyo,2020-12-31,29,649,0,599,29,50,0,0,29,649,0,0,29,649,California
Inyo,2021-01-01,1,650,0,599,1,51,0,0,1,650,0,0,1,650,California
Inyo,2021-01-03,1,651,0,599,1,52,0,0,1,651,0,0,1,651,California
Inyo,2021-01-04,2,653,1,600,1,53,0,0,2,653,0,0,2,653,California
Inyo,2021-01-05,34,687,0,600,34,87,0,0,34,687,0,0,34,687,California
Inyo,2021-01-06,68,755,0,600,68,155,0,0,68,755,0,0,68,755,California
Inyo,2021-01-07,31,786,1,601,30,185,0,0,31,786,0,0,31,786,California
Inyo,2021-01-08,9,795,8,609,1,186,0,0,4,786,5,5,5,791,California
Inyo,2021-01-09,87,882,86,695,1,187,0,0,1,701,86,91,1,792,California
Inyo,2021-01-10,52,934,52,747,0,187,0,0,0,649,52,143,0,792,California
Inyo,2021-01-11,97,1031,82,829,15,202,0,0,16,584,81,224,16,808,California
Inyo,2021-01-12,139,1170,118,947,21,223,0,0,28,501,111,335,28,836,California
Inyo,2021-01-13,86,1256,68,1015,18,241,0,0,21,458,65,400,22,858,California
Inyo,2021-01-14,59,1315,13,1028,46,287,0,0,49,497,10,410,49,907,California
Inyo,2021-01-15,163,1478,28,1056,135,422,0,0,163,660,0,410,163,1070,California
Inyo,2021-01-16,74,1552,73,1129,1,423,0,0,1,588,73,483,1,1071,California
Inyo,2021-01-18,58,1610,36,1165,22,445,0,0,19,568,39,522,19,1090,California
Inyo,2021-01-19,115,1725,72,1237,43,488,0,0,98,649,17,539,98,1188,California
Inyo,2021-01-20,147,1872,71,1308,76,564,0,0,93,688,54,593,93,1281,California
Inyo,2021-01-21,121,1993,57,1365,64,628,0,0,120,807,1,594,120,1401,California
Inyo,2021-01-22,62,2055,0,1365,62,690,0,0,61,867,1,595,61,1462,California
Inyo,2021-01-23,52,2107,52,1417,0,690,0,0,52,919,0,595,52,1514,California
Inyo,2021-01-25,49,2156,6,1423,43,733,0,0,37,944,12,607,37,1551,California
Inyo,2021-01-26,135,2291,54,1477,81,814,0,0,129,1067,6,613,129,1680,California
Inyo,2021-01-27,24,2315,2,1479,22,836,0,0,23,1089,1,614,23,1703,California
Inyo,2021-01-28,92,2407,2,1481,90,926,0,0,63,1123,29,643,63,1766,California
Inyo,2021-01-29,25,2432,3,1484,22,948,0,0,23,1144,2,645,23,1789,California
Inyo,2021-01-30,11,2443,1,1485,10,958,0,0,11,1155,0,645,11,1800,California
Inyo,2021-01-31,32,2475,4,1489,28,986,0,0,4,1131,28,673,4,1804,California
Inyo,2021-02-01,11,2486,9,1498,2,988,0,0,1,1122,10,683,1,1805,California
Inyo,2021-02-02,130,2616,14,1512,116,1104,0,0,104,1200,26,709,104,1909,California
Inyo,2021-02-03,116,2732,0,1512,116,1220,0,0,74,1232,42,751,74,1983,California
Inyo,2021-02-04,149,2881,31,1543,118,1338,0,0,90,1263,59,810,90,2073,California
Inyo,2021-02-05,118,2999,62,1605,56,1394,0,0,116,1377,2,812,116,2189,California
Inyo,2021-02-06,4,3003,2,1607,2,1396,0,0,3,1379,1,813,3,2192,California
Inyo,2021-02-07,4,3007,2,1609,2,1398,0,0,4,1383,0,813,4,2196,California
Inyo,2021-02-08,117,3124,7,1616,110,1508,0,0,97,1460,20,833,97,2293,California
Inyo,2021-02-09,194,3318,51,1667,143,1651,0,0,123,1512,71,904,123,2416,California
Inyo,2021-02-10,143,3461,18,1685,125,1776,0,0,109,1587,34,938,109,2525,California
Inyo,2021-02-11,220,3681,56,1741,164,1940,0,0,126,1619,94,1032,126,2651,California
Inyo,2021-02-12,299,3980,51,1792,248,2188,0,0,167,1654,132,1164,167,2818,California
Inyo,2021-02-13,60,4040,55,1847,5,2193,0,0,8,1610,52,1216,8,2826,California
Inyo,2021-02-14,1,4041,0,1847,1,2194,0,0,1,1611,0,1216,1,2827,California
Inyo,2021-02-15,29,4070,9,1856,20,2214,0,0,5,1592,24,1240,5,2832,California
Inyo,2021-02-16,180,4250,50,1906,130,2344,0,0,92,1597,87,1327,92,2924,California
Inyo,2021-02-17,38,4288,4,1910,34,2378,0,0,8,1575,30,1357,8,2932,California
Inyo,2021-02-18,123,4411,6,1916,117,2495,0,0,79,1610,44,1401,79,3011,California
Inyo,2021-02-19,52,4463,4,1920,48,2543,0,0,9,1576,43,1444,9,3020,California
Inyo,2021-02-20,504,4967,500,2420,4,2547,0,0,502,2076,2,1446,502,3522,California
Inyo,2021-02-21,267,5234,267,2687,0,2547,0,0,267,2343,0,1446,267,3789,California
Inyo,2021-02-22,61,5295,19,2706,42,2589,0,0,27,2336,34,1480,27,3816,California
Inyo,2021-02-23,198,5493,20,2726,178,2767,0,0,94,2327,103,1583,94,3910,California
Inyo,2021-02-24,118,5611,0,2726,118,2885,0,0,57,2323,61,1644,57,3967,California
Inyo,2021-02-25,130,5741,3,2729,127,3012,0,0,62,2317,68,1712,62,4029,California
Inyo,2021-02-26,104,5845,61,2790,43,3055,0,0,19,2251,85,1797,19,4048,California
Inyo,2021-02-27,15,5860,4,2794,11,3066,0,0,3,2242,12,1809,3,4051,California
Inyo,2021-02-28,3,5863,1,2795,2,3068,0,0,2,2243,1,1810,2,4053,California
Inyo,2021-03-01,20,5883,2,2797,18,3086,0,0,17,2257,3,1813,17,4070,California
Inyo,2021-03-02,196,6079,1,2798,195,3281,0,0,111,2283,85,1898,111,4181,California
Inyo,2021-03-03,83,6162,2,2800,81,3362,0,0,40,2280,43,1941,40,4221,California
Inyo,2021-03-04,128,6290,4,2804,124,3486,0,0,46,2244,82,2023,46,4267,California
Inyo,2021-03-05,141,6431,56,2860,85,3571,0,0,38,2179,103,2126,38,4305,California
Inyo,2021-03-06,31,6462,1,2861,30,3601,0,0,30,2208,1,2127,30,4335,California
Inyo,2021-03-07,7,6469,4,2865,3,3604,0,0,5,2211,2,2129,5,4340,California
Inyo,2021-03-08,182,6651,5,2870,177,3781,0,0,91,2211,91,2220,91,4431,California
Inyo,2021-03-09,187,6838,2,2872,185,3966,0,0,71,2166,116,2336,71,4502,California
Inyo,2021-03-10,70,6908,8,2880,61,4027,1,1,30,2157,40,2376,31,4533,California
Inyo,2021-03-11,203,7111,1,2881,197,4224,5,6,73,2105,130,2506,78,4611,California
Inyo,2021-03-12,175,7286,4,2885,166,4390,5,11,77,2089,98,2604,82,4693,California
Inyo,2021-03-13,576,7862,541,3426,25,4415,10,21,77,1678,498,3102,87,4780,California
Inyo,2021-03-14,431,8293,430,3856,1,4416,0,21,168,1584,262,3364,168,4948,California
Inyo,2021-03-15,51,8344,15,3871,34,4450,2,23,30,1595,21,3385,32,4980,California
Inyo,2021-03-16,163,8507,4,3875,153,4603,6,29,63,1565,99,3484,69,5049,California
Inyo,2021-03-17,108,8615,3,3878,98,4701,7,36,92,1648,16,3500,99,5148,California
Inyo,2021-03-18,184,8799,15,3893,162,4863,7,43,103,1677,81,3581,110,5258,California
Inyo,2021-03-19,46,8845,4,3897,38,4901,4,47,36,1707,10,3591,40,5298,California
Inyo,2021-03-20,20,8865,1,3898,10,4911,9,56,1,1698,19,3610,10,5308,California
Inyo,2021-03-22,59,8924,2,3900,52,4963,5,61,39,1722,20,3630,44,5352,California
Inyo,2021-03-23,194,9118,4,3904,186,5149,4,65,104,1740,90,3720,108,5460,California
Inyo,2021-03-24,140,9258,3,3907,133,5282,4,69,87,1778,53,3773,91,5551,California
Inyo,2021-03-25,325,9583,104,4011,217,5499,4,73,259,1975,66,3839,263,5814,California
Inyo,2021-03-26,91,9674,3,4014,84,5583,4,77,71,2030,20,3859,75,5889,California
Inyo,2021-03-27,52,9726,44,4058,5,5588,3,80,46,2073,6,3865,49,5938,California
Inyo,2021-03-28,4,9730,1,4059,2,5590,1,81,1,2072,3,3868,2,5940,California
Inyo,2021-03-29,109,9839,2,4061,102,5692,5,86,82,2133,26,3894,87,6027,California
Inyo,2021-03-30,212,10051,2,4063,205,5897,5,91,101,2128,111,4005,106,6133,California
Inyo,2021-03-31,148,10199,4,4067,139,6036,5,96,107,2199,41,4046,112,6245,California
Inyo,2021-04-01,164,10363,4,4071,159,6195,1,97,115,2266,49,4095,116,6361,California
Inyo,2021-04-02,80,10443,1,4072,77,6272,2,99,51,2290,29,4124,53,6414,California
Inyo,2021-04-03,94,10537,47,4119,33,6305,14,113,6,2223,86,4210,19,6433,California
Inyo,2021-04-04,5,10542,4,4123,0,6305,1,114,1,2221,4,4214,2,6435,California
Inyo,2021-04-05,117,10659,1,4124,112,6417,4,118,29,2166,88,4302,33,6468,California
Inyo,2021-04-06,236,10895,6,4130,167,6584,63,181,105,2203,131,4433,168,6636,California
Inyo,2021-04-07,200,11095,2,4132,72,6656,126,307,45,2218,156,4589,171,6807,California
Inyo,2021-04-08,177,11272,15,4147,145,6801,17,324,80,2218,97,4686,97,6904,California
Inyo,2021-04-09,125,11397,7,4154,95,6896,23,347,38,2193,86,4772,61,6965,California
Inyo,2021-04-10,42,11439,1,4155,24,6920,17,364,3,2174,39,4811,20,6985,California
Inyo,2021-04-11,1,11440,0,4155,1,6921,0,364,1,2175,0,4811,1,6986,California
Inyo,2021-04-12,80,11520,0,4155,75,6996,5,369,41,2182,39,4850,46,7032,California
Inyo,2021-04-13,119,11639,3,4158,113,7109,3,372,61,2189,57,4907,64,7096,California
Inyo,2021-04-14,121,11760,1,4159,120,7229,0,372,37,2142,84,4991,37,7133,California
Inyo,2021-04-15,273,12033,114,4273,159,7388,0,372,83,2035,190,5181,83,7216,California
Inyo,2021-04-16,49,12082,6,4279,43,7431,0,372,21,2028,28,5209,21,7237,California
Inyo,2021-04-17,2,12084,1,4280,1,7432,0,372,1,2028,1,5210,1,7238,California
Inyo,2021-04-19,130,12214,43,4323,87,7519,0,372,44,1986,86,5296,44,7282,California
Inyo,2021-04-20,164,12378,3,4326,161,7680,0,372,81,1984,83,5379,81,7363,California
Inyo,2021-04-21,113,12491,4,4330,109,7789,0,372,32,1935,81,5460,32,7395,California
Inyo,2021-04-22,196,12687,1,4331,195,7984,0,372,52,1843,144,5604,52,7447,California
Inyo,2021-04-23,95,12782,4,4335,91,8075,0,372,22,1792,73,5677,22,7469,California
Inyo,2021-04-24,310,13092,309,4644,1,8076,0,372,305,2092,5,5682,305,7774,California
Inyo,2021-04-25,136,13228,135,4779,1,8077,0,372,136,2228,0,5682,136,7910,California
Inyo,2021-04-26,67,13295,0,4779,66,8143,1,373,8,2178,59,5741,9,7919,California
Inyo,2021-04-27,163,13458,7,4786,151,8294,5,378,47,2114,116,5857,52,7971,California
Inyo,2021-04-28,121,13579,2,4788,117,8411,2,380,20,2035,101,5958,22,7993,California
Inyo,2021-04-29,172,13751,56,4844,116,8527,0,380,79,2022,92,6050,79,8072,California
Inyo,2021-04-30,85,13836,5,4849,79,8606,1,381,24,1986,61,6111,25,8097,California
Inyo,2021-05-01,11,13847,3,4852,8,8614,0,381,9,1993,2,6113,9,8106,California
Inyo,2021-05-02,7,13854,3,4855,2,8616,2,383,4,1996,3,6116,6,8112,California
Inyo,2021-05-03,38,13892,1,4856,33,8649,4,387,5,1972,33,6149,9,8121,California
Inyo,2021-05-04,122,14014,1,4857,115,8764,6,393,22,1900,100,6249,28,8149,California
Inyo,2021-05-05,34,14048,0,4857,32,8796,2,395,11,1890,23,6272,13,8162,California
Inyo,2021-05-06,93,14141,6,4863,78,8874,9,404,12,1830,81,6353,21,8183,California
Inyo,2021-05-07,46,14187,3,4866,35,8909,8,412,21,1835,24,6377,29,8212,California
Inyo,2021-05-08,14,14201,3,4869,6,8915,5,417,7,1840,7,6384,12,8224,California
Inyo,2021-05-09,1,14202,0,4869,1,8916,0,417,0,1839,1,6385,0,8224,California
Inyo,2021-05-10,66,14268,1,4870,63,8979,2,419,28,1832,38,6423,31,8255,California
Inyo,2021-05-11,50,14318,1,4871,47,9026,2,421,10,1805,39,6462,12,8267,California
Kern,2020-12-15,1,1,1,1,0,0,0,0,1,1,0,0,1,1,California
Kern,2020-12-16,18,19,18,19,0,0,0,0,18,19,0,0,18,19,California
Kern,2020-12-17,163,182,163,182,0,0,0,0,163,182,0,0,163,182,California
Kern,2020-12-18,322,504,322,504,0,0,0,0,322,504,0,0,322,504,California
Kern,2020-12-19,98,602,98,602,0,0,0,0,99,603,0,0,99,603,California
Kern,2020-12-20,61,663,61,663,0,0,0,0,61,664,0,0,61,664,California
Kern,2020-12-21,671,1334,670,1333,1,1,0,0,671,1335,0,0,671,1335,California
Kern,2020-12-22,531,1865,528,1861,3,4,0,0,531,1866,0,0,531,1866,California
Kern,2020-12-23,556,2421,418,2279,138,142,0,0,556,2422,0,0,556,2422,California
Kern,2020-12-24,122,2543,43,2322,79,221,0,0,122,2544,0,0,122,2544,California
Kern,2020-12-25,1,2544,1,2323,0,221,0,0,1,2545,0,0,1,2545,California
Kern,2020-12-26,33,2577,1,2324,32,253,0,0,33,2578,0,0,33,2578,California
Kern,2020-12-27,35,2612,3,2327,32,285,0,0,35,2613,0,0,35,2613,California
Kern,2020-12-28,826,3438,662,2989,164,449,0,0,826,3439,0,0,826,3439,California
Kern,2020-12-29,745,4183,452,3441,293,742,0,0,744,4182,1,1,744,4183,California
Kern,2020-12-30,1203,5386,910,4351,293,1035,0,0,1203,5385,0,1,1203,5386,California
Kern,2020-12-31,277,5663,99,4450,178,1213,0,0,277,5662,0,1,277,5663,California
Kern,2021-01-01,13,5676,6,4456,7,1220,0,0,13,5675,0,1,13,5676,California
Kern,2021-01-02,78,5754,18,4474,60,1280,0,0,78,5753,0,1,78,5754,California
Kern,2021-01-03,23,5777,4,4478,19,1299,0,0,23,5776,0,1,23,5777,California
Kern,2021-01-04,554,6331,360,4838,194,1493,0,0,554,6330,0,1,554,6331,California
Kern,2021-01-05,1134,7465,739,5577,395,1888,0,0,1122,7440,12,13,1122,7453,California
Kern,2021-01-06,1167,8632,456,6033,711,2599,0,0,1137,8547,30,43,1137,8590,California
Kern,2021-01-07,1406,10038,493,6526,913,3512,0,0,1238,9618,167,210,1238,9828,California
Kern,2021-01-08,1628,11666,768,7294,860,4372,0,0,1330,10650,299,509,1331,11159,California
Kern,2021-01-09,226,11892,77,7371,149,4521,0,0,192,10808,34,543,192,11351,California
Kern,2021-01-10,195,12087,148,7519,47,4568,0,0,154,10921,41,584,154,11505,California
Kern,2021-01-11,1556,13643,984,8503,572,5140,0,0,1001,11367,555,1139,1001,12506,California
Kern,2021-01-12,1868,15511,810,9313,1058,6198,0,0,1357,12213,511,1650,1357,13863,California
Kern,2021-01-13,1853,17364,870,10183,983,7181,0,0,1432,13224,421,2071,1432,15295,California
Kern,2021-01-14,2184,19548,645,10828,1539,8720,0,0,2139,15317,46,2117,2139,17434,California
Kern,2021-01-15,2706,22254,858,11686,1848,10568,0,0,2609,17832,95,2212,2610,20044,California
Kern,2021-01-16,671,22925,213,11899,458,11026,0,0,636,18433,35,2247,636,20680,California
Kern,2021-01-17,73,22998,7,11906,66,11092,0,0,71,18502,2,2249,71,20751,California
Kern,2021-01-18,1645,24643,659,12565,986,12078,0,0,1477,19811,168,2417,1477,22228,California
Kern,2021-01-19,1853,26496,1034,13599,819,12897,0,0,1386,20731,467,2884,1387,23615,California
Kern,2021-01-20,2554,29050,1619,15218,935,13832,0,0,1853,21890,696,3580,1855,25470,California
Kern,2021-01-21,2168,31218,922,16140,1246,15078,0,0,1972,23667,195,3775,1972,27442,California
Kern,2021-01-22,2712,33930,1293,17433,1419,16497,0,0,2434,25824,277,4052,2434,29876,California
Kern,2021-01-23,1245,35175,535,17968,710,17207,0,0,1199,26977,46,4098,1199,31075,California
Kern,2021-01-24,160,35335,18,17986,142,17349,0,0,154,27125,6,4104,154,31229,California
Kern,2021-01-25,2385,37720,1086,19072,1299,18648,0,0,1901,28544,483,4587,1902,33131,California
Kern,2021-01-26,2769,40489,1128,20200,1641,20289,0,0,1911,29598,857,5444,1911,35042,California
Kern,2021-01-27,3558,44047,1901,22101,1657,21946,0,0,2858,31759,697,6141,2858,37900,California
Kern,2021-01-28,2862,46909,1353,23454,1509,23455,0,0,2429,33763,428,6569,2432,40332,California
Kern,2021-01-29,3771,50680,1805,25259,1966,25421,0,0,3227,36449,541,7110,3227,43559,California
Kern,2021-01-30,1325,52005,497,25756,828,26249,0,0,1277,37680,46,7156,1277,44836,California
Kern,2021-01-31,403,52408,276,26032,127,26376,0,0,268,37813,135,7291,268,45104,California
Kern,2021-02-01,2409,54817,818,26850,1591,27967,0,0,1858,39124,548,7839,1859,46963,California
Kern,2021-02-02,2923,57740,973,27823,1950,29917,0,0,2060,40322,863,8702,2061,49024,California
Kern,2021-02-03,3657,61397,1548,29371,2109,32026,0,0,2688,42048,962,9664,2688,51712,California
Kern,2021-02-04,3803,65200,1452,30823,2351,34377,0,0,2588,43432,1204,10868,2588,54300,California
Kern,2021-02-05,4847,70047,1988,32811,2859,37236,0,0,3088,44780,1740,12608,3088,57388,California
Kern,2021-02-06,1734,71781,766,33577,968,38204,0,0,1510,46069,221,12829,1510,58898,California
Kern,2021-02-07,283,72064,151,33728,132,38336,0,0,267,46322,14,12843,267,59165,California
Kern,2021-02-08,2562,74626,788,34516,1774,40110,0,0,1253,46285,1291,14134,1254,60419,California
Kern,2021-02-09,3040,77666,988,35504,2052,42162,0,0,1468,46189,1564,15698,1468,61887,California
Kern,2021-02-10,3784,81450,1657,37161,2127,44289,0,0,1870,46162,1898,17596,1871,63758,California
Kern,2021-02-11,4258,85708,1536,38697,2722,47011,0,0,2224,46366,2021,19617,2225,65983,California
Kern,2021-02-12,4951,90659,1892,40589,3059,50070,0,0,2478,46385,2459,22076,2478,68461,California
Kern,2021-02-13,2009,92668,727,41316,1282,51352,0,0,1166,46710,841,22917,1166,69627,California
Kern,2021-02-14,351,93019,12,41328,339,51691,0,0,270,46900,80,22997,270,69897,California
Kern,2021-02-15,2736,95755,889,42217,1847,53538,0,0,1204,46581,1523,24520,1204,71101,California
Kern,2021-02-16,2944,98699,720,42937,2224,55762,0,0,1655,46958,1279,25799,1656,72757,California
Kern,2021-02-17,4068,102767,2077,45014,1991,57753,0,0,1928,46752,2135,27934,1929,74686,California
Kern,2021-02-18,3751,106518,1481,46495,2270,60023,0,0,1616,46246,2122,30056,1616,76302,California
Kern,2021-02-19,4197,110715,1916,48411,2281,62304,0,0,1737,45531,2452,32508,1737,78039,California
Kern,2021-02-20,2570,113285,967,49378,1603,63907,0,0,1339,45642,1228,33736,1339,79378,California
Kern,2021-02-21,249,113534,143,49521,106,64013,0,0,86,45567,161,33897,86,79464,California
Kern,2021-02-22,2657,116191,1148,50669,1509,65522,0,0,1424,45763,1228,35125,1424,80888,California
Kern,2021-02-23,3542,119733,1121,51790,2421,67943,0,0,1975,46174,1565,36690,1976,82864,California
Kern,2021-02-24,5165,124898,2268,54058,2897,70840,0,0,3079,47171,2082,38772,3079,85943,California
Kern,2021-02-25,5358,130256,2450,56508,2908,73748,0,0,3180,48192,2159,40931,3180,89123,California
Kern,2021-02-26,6885,137141,3519,60027,3366,77114,0,0,4359,50033,2519,43450,4360,93483,California
Kern,2021-02-27,3855,140996,1895,61922,1960,79074,0,0,2519,51223,1329,44779,2519,96002,California
Kern,2021-02-28,908,141904,498,62420,409,79483,1,1,689,51696,217,44996,690,96692,California
Kern,2021-03-01,3991,145895,1808,64228,2180,81663,3,4,2692,53100,1291,46287,2695,99387,California
Kern,2021-03-02,4374,150269,1376,65604,2997,84660,1,5,2868,54473,1495,47782,2868,102255,California
Kern,2021-03-03,5803,156072,2700,68304,3103,87763,0,5,3716,56118,2073,49855,3718,105973,California
Kern,2021-03-04,5553,161625,2161,70465,3389,91152,3,8,3558,57697,1981,51836,3560,109533,California
Kern,2021-03-05,6467,168092,2668,73133,3781,94933,18,26,4043,59342,2416,54252,4061,113594,California
Kern,2021-03-06,4714,172806,1912,75045,2701,97634,101,127,3446,61628,1260,55512,3546,117140,California
Kern,2021-03-07,2045,174851,1585,76630,411,98045,49,176,1854,63341,190,55702,1903,119043,California
Kern,2021-03-08,2814,177665,856,77486,1745,99790,213,389,1469,63679,1342,57044,1680,120723,California
Kern,2021-03-09,3633,181298,789,78275,2461,102251,383,772,2239,64911,1388,58432,2620,123343,California
Kern,2021-03-10,6025,187323,2468,80743,2487,104738,1070,1842,3505,66976,2509,60941,4574,127917,California
Kern,2021-03-11,6288,193611,2410,83153,2852,107590,1026,2868,3732,69187,2545,63486,4756,132673,California
Kern,2021-03-12,7665,201276,2924,86077,3389,110979,1352,4220,4157,71192,3495,66981,5500,138173,California
Kern,2021-03-13,4429,205705,2303,88380,1791,112770,335,4555,3011,73120,1412,68393,3340,141513,California
Kern,2021-03-14,2185,207890,1412,89792,534,113304,239,4794,1670,74512,515,68908,1907,143420,California
Kern,2021-03-15,4247,212137,1088,90880,2446,115750,713,5507,2182,75348,2054,70962,2890,146310,California
Kern,2021-03-16,4332,216469,1008,91888,2796,118546,528,6035,2331,76212,1992,72954,2856,149166,California
Kern,2021-03-17,7235,223704,3805,95693,2874,121420,556,6591,4299,78141,2925,75879,4854,154020,California
Kern,2021-03-18,6989,230693,3407,99100,3002,124422,580,7171,4160,80068,2809,78688,4736,158756,California
Kern,2021-03-19,8749,239442,4770,103870,3331,127753,648,7819,4549,81074,4186,82874,5192,163948,California
Kern,2021-03-20,5938,245380,3593,107463,2171,129924,174,7993,3814,82948,2115,84989,3989,167937,California
Kern,2021-03-21,2865,248245,1752,109215,236,130160,877,8870,1683,84331,1176,86165,2559,170496,California
Kern,2021-03-22,3947,252192,1545,110760,2046,132206,356,9226,1922,84594,2014,88179,2277,172773,California
Kern,2021-03-23,4698,256890,1654,112414,2846,135052,198,9424,2492,85104,2178,90357,2688,175461,California
Kern,2021-03-24,6997,263887,3508,115922,3017,138069,472,9896,3668,85927,3315,93672,4138,179599,California
Kern,2021-03-25,6630,270517,2883,118805,3418,141487,329,10225,3265,86171,3347,97019,3591,183190,California
Kern,2021-03-26,9595,280112,4152,122957,4189,145676,1254,11479,4748,87340,4831,101850,6000,189190,California
Kern,2021-03-27,5439,285551,3742,126699,1569,147245,128,11607,3302,88634,2135,103985,3429,192619,California
Kern,2021-03-28,4323,289874,3836,130535,473,147718,14,11621,2768,89862,1554,105539,2782,195401,California
Kern,2021-03-29,4202,294076,1636,132171,2288,150006,278,11899,2616,91178,1575,107114,2891,198292,California
Kern,2021-03-30,5537,299613,1827,133998,3325,153331,385,12284,3081,92190,2452,109566,3464,201756,California
Kern,2021-03-31,8121,307734,4281,138279,3195,156526,645,12929,4290,93303,3820,113386,4933,206689,California
Kern,2021-04-01,7609,315343,3638,141917,3674,160200,297,13226,4102,94205,3493,116879,4395,211084,California
Kern,2021-04-02,8136,323479,4185,146102,3348,163548,603,13829,4077,94836,4044,120923,4675,215759,California
Kern,2021-04-03,5675,329154,3386,149488,2107,165655,182,14011,2588,94524,3080,124003,2768,218527,California
Kern,2021-04-04,1327,330481,865,150353,378,166033,84,14095,545,94373,780,124783,629,219156,California
Kern,2021-04-05,5327,335808,2194,152547,2365,168398,768,14863,2887,95572,2431,127214,3630,222786,California
Kern,2021-04-06,7016,342824,2455,155002,3228,171626,1333,16196,3603,97113,3392,130606,4933,227719,California
Kern,2021-04-07,9277,352101,5402,160404,2920,174546,955,17151,4674,98155,4586,135192,5628,233347,California
Kern,2021-04-08,8586,360687,4750,165154,2934,177480,902,18053,3928,98345,4635,139827,4825,238172,California
Kern,2021-04-09,10090,370777,5091,170245,4018,181498,981,19034,4454,98164,5613,145440,5432,243604,California
Kern,2021-04-10,6517,377294,3423,173668,1855,183353,1239,20273,2289,97466,4219,149659,3521,247125,California
Kern,2021-04-11,3762,381056,2886,176554,358,183711,518,20791,1430,97090,2321,151980,1945,249070,California
Kern,2021-04-12,4365,385421,979,177533,2417,186128,969,21760,1568,96844,2781,154761,2535,251605,California
Kern,2021-04-13,4272,389693,1411,178944,2836,188964,25,21785,2128,96865,2133,156894,2154,253759,California
Kern,2021-04-14,6030,395723,2965,181909,3043,192007,22,21807,3069,97009,2946,159840,3090,256849,California
Kern,2021-04-15,5248,400971,2469,184378,2777,194784,2,21809,2528,96835,2704,162544,2530,259379,California
Kern,2021-04-16,7236,408207,3434,187812,3801,198585,1,21810,3080,95782,4135,166679,3082,262461,California
Kern,2021-04-17,5885,414092,3845,191657,2040,200625,0,21810,2248,94406,3625,170304,2249,264710,California
Kern,2021-04-18,3667,417759,3430,195087,237,200862,0,21810,1067,92880,2593,172897,1067,265777,California
Kern,2021-04-19,3796,421555,1723,196810,2072,202934,1,21811,1439,91981,2338,175235,1439,267216,California
Kern,2021-04-20,4299,425854,1537,198347,2761,205695,1,21812,1660,91015,2628,177863,1662,268878,California
Kern,2021-04-21,5852,431706,3122,201469,2725,208420,5,21817,2251,89688,3582,181445,2255,271133,California
Kern,2021-04-22,4778,436484,2309,203778,2469,210889,0,21817,1769,88471,2987,184432,1770,272903,California
Kern,2021-04-23,6048,442532,2940,206718,3107,213996,1,21818,2003,86465,4011,188443,2005,274908,California
Kern,2021-04-24,3931,446463,2732,209450,1189,215185,10,21828,1483,85525,2433,190876,1493,276401,California
Kern,2021-04-25,1341,447804,1063,210513,278,215463,0,21828,772,85733,564,191440,772,277173,California
Kern,2021-04-26,3648,451452,1751,212264,1845,217308,52,21880,1006,84160,2632,194072,1059,278232,California
Kern,2021-04-27,4500,455952,2183,214447,2216,219524,101,21981,1351,82473,3136,197208,1449,279681,California
Kern,2021-04-28,6246,462198,3673,218120,2450,221974,123,22104,1783,79925,4451,201659,1903,281584,California
Kern,2021-04-29,5501,467699,3057,221177,2344,224318,100,22204,1635,77815,3846,205505,1736,283320,California
Kern,2021-04-30,5573,473272,3120,224297,2295,226613,158,22362,1621,75655,3938,209443,1778,285098,California
Kern,2021-05-01,2571,475843,1798,226095,714,227327,59,22421,959,75066,1606,211049,1017,286115,California
Kern,2021-05-02,1886,477729,1601,227696,263,227590,22,22443,695,74597,1186,212235,717,286832,California
Kern,2021-05-03,2423,480152,949,228645,1344,228934,130,22573,749,73818,1660,213895,881,287713,California
Kern,2021-05-04,3537,483689,1236,229881,2192,231126,109,22682,1237,72879,2282,216177,1343,289056,California
Kern,2021-05-05,3877,487566,2107,231988,1623,232749,147,22829,1264,71692,2597,218774,1410,290466,California
Kern,2021-05-06,3245,490811,1562,233550,1554,234303,129,22958,1010,70615,2215,220989,1138,291604,California
Kern,2021-05-07,4231,495042,2259,235809,1805,236108,167,23125,1174,68919,3032,224021,1336,292940,California
Kern,2021-05-08,2797,497839,1763,237572,924,237032,110,23235,871,67985,1915,225936,981,293921,California
Kern,2021-05-09,1291,499130,1115,238687,148,237180,28,23263,446,67620,839,226775,474,294395,California
Kern,2021-05-10,1792,500922,788,239475,910,238090,94,23357,516,66970,1258,228033,608,295003,California
Kern,2021-05-11,1367,502289,518,239993,768,238858,81,23438,453,66598,907,228940,535,295538,California
Kings,2020-12-16,1,1,1,1,0,0,0,0,1,1,0,0,1,1,California
Kings,2020-12-17,8,9,8,9,0,0,0,0,8,9,0,0,8,9,California
Kings,2020-12-18,12,21,12,21,0,0,0,0,12,21,0,0,12,21,California
Kings,2020-12-19,11,32,11,32,0,0,0,0,11,32,0,0,11,32,California
Kings,2020-12-20,13,45,13,45,0,0,0,0,13,45,0,0,13,45,California
Kings,2020-12-21,156,201,156,201,0,0,0,0,269,314,0,0,269,314,California
Kings,2020-12-22,143,344,143,344,0,0,0,0,140,454,0,0,140,454,California
Kings,2020-12-23,135,479,123,467,12,12,0,0,136,590,0,0,136,590,California
Kings,2020-12-24,11,490,9,476,2,14,0,0,11,601,0,0,11,601,California
Kings,2020-12-26,7,497,4,480,3,17,0,0,7,608,0,0,7,608,California
Kings,2020-12-27,4,501,4,484,0,17,0,0,4,612,0,0,4,612,California
Kings,2020-12-28,131,632,103,587,28,45,0,0,132,744,0,0,132,744,California
Kings,2020-12-29,78,710,51,638,27,72,0,0,79,823,0,0,79,823,California
Kings,2020-12-30,148,858,109,747,39,111,0,0,148,971,0,0,148,971,California
Kings,2020-12-31,45,903,6,753,39,150,0,0,45,1016,0,0,45,1016,California
Kings,2021-01-01,1,904,0,753,1,151,0,0,1,1017,0,0,1,1017,California
Kings,2021-01-02,10,914,9,762,1,152,0,0,10,1027,0,0,10,1027,California
Kings,2021-01-04,112,1026,42,804,70,222,0,0,112,1139,0,0,112,1139,California
Kings,2021-01-05,196,1222,39,843,157,379,0,0,196,1335,0,0,196,1335,California
Kings,2021-01-06,277,1499,178,1021,99,478,0,0,274,1606,3,3,274,1609,California
Kings,2021-01-07,178,1677,81,1102,97,575,0,0,170,1768,8,11,170,1779,California
Kings,2021-01-08,247,1924,54,1156,193,768,0,0,228,1977,19,30,228,2007,California
Kings,2021-01-09,63,1987,9,1165,54,822,0,0,55,2024,8,38,55,2062,California
Kings,2021-01-10,15,2002,3,1168,12,834,0,0,12,2033,3,41,12,2074,California
Kings,2021-01-11,518,2520,354,1522,164,998,0,0,276,2068,242,283,277,2351,California
Kings,2021-01-12,350,2870,253,1775,97,1095,0,0,216,2153,131,414,216,2567,California
Kings,2021-01-13,415,3285,268,2043,147,1242,0,0,323,2384,92,506,323,2890,California
Kings,2021-01-14,209,3494,31,2074,178,1420,0,0,199,2563,21,527,200,3090,California
Kings,2021-01-15,417,3911,29,2103,388,1808,0,0,405,2956,12,539,405,3495,California
Kings,2021-01-16,31,3942,12,2115,19,1827,0,0,30,2985,1,540,30,3525,California
Kings,2021-01-17,9,3951,6,2121,3,1830,0,0,7,2990,2,542,7,3532,California
Kings,2021-01-18,172,4123,40,2161,132,1962,0,0,146,3110,26,568,146,3678,California
Kings,2021-01-19,376,4499,158,2319,218,2180,0,0,248,3230,128,696,248,3926,California
Kings,2021-01-20,235,4734,144,2463,91,2271,0,0,125,3250,105,801,125,4051,California
Kings,2021-01-21,190,4924,35,2498,155,2426,0,0,174,3406,18,819,174,4225,California
Kings,2021-01-22,126,5050,40,2538,86,2512,0,0,126,3527,5,824,126,4351,California
Kings,2021-01-23,26,5076,14,2552,12,2524,0,0,20,3541,6,830,20,4371,California
Kings,2021-01-24,4,5080,4,2556,0,2524,0,0,2,3541,2,832,2,4373,California
Kings,2021-01-25,124,5204,26,2582,98,2622,0,0,90,3597,34,866,90,4463,California
Kings,2021-01-26,154,5358,35,2617,119,2741,0,0,115,3673,39,905,115,4578,California
Kings,2021-01-27,319,5677,34,2651,285,3026,0,0,249,3853,69,974,249,4827,California
Kings,2021-01-28,326,6003,46,2697,280,3306,0,0,271,4069,55,1029,271,5098,California
Kings,2021-01-29,86,6089,26,2723,60,3366,0,0,69,4121,17,1046,69,5167,California
Kings,2021-01-30,1556,7645,31,2754,1525,4891,0,0,1553,5673,3,1049,1555,6722,California
Kings,2021-02-01,199,7844,64,2818,135,5026,0,0,72,5620,125,1174,72,6794,California
Kings,2021-02-02,232,8076,14,2832,218,5244,0,0,82,5553,149,1323,82,6876,California
Kings,2021-02-03,357,8433,191,3023,166,5410,0,0,203,5603,153,1476,203,7079,California
Kings,2021-02-04,395,8828,98,3121,297,5707,0,0,198,5605,196,1672,198,7277,California
Kings,2021-02-05,257,9085,14,3135,243,5950,0,0,101,5552,154,1826,101,7378,California
Kings,2021-02-06,61,9146,10,3145,51,6001,0,0,28,5547,33,1859,28,7406,California
Kings,2021-02-07,5,9151,3,3148,2,6003,0,0,3,5548,2,1861,3,7409,California
Kings,2021-02-08,170,9321,29,3177,141,6144,0,0,68,5514,102,1963,68,7477,California
Kings,2021-02-09,253,9574,57,3234,196,6340,0,0,110,5483,141,2104,110,7587,California
Kings,2021-02-10,285,9859,112,3346,173,6513,0,0,169,5536,116,2220,169,7756,California
Kings,2021-02-11,430,10289,65,3411,365,6878,0,0,316,5739,113,2333,316,8072,California
Kings,2021-02-12,623,10912,36,3447,587,7465,0,0,347,5811,275,2608,347,8419,California
Kings,2021-02-13,104,11016,6,3453,98,7563,0,0,78,5863,26,2634,78,8497,California
Kings,2021-02-14,102,11118,4,3457,98,7661,0,0,94,5949,8,2642,94,8591,California
Kings,2021-02-15,246,11364,5,3462,241,7902,0,0,137,5978,108,2750,137,8728,California
Kings,2021-02-16,485,11849,33,3495,452,8354,0,0,250,5994,234,2984,250,8978,California
Kings,2021-02-17,380,12229,23,3518,357,8711,0,0,243,6101,137,3121,244,9222,California
Kings,2021-02-18,155,12384,23,3541,132,8843,0,0,98,6142,57,3178,98,9320,California
Kings,2021-02-19,158,12542,23,3564,135,8978,0,0,102,6191,53,3231,102,9422,California
Kings,2021-02-20,171,12713,40,3604,131,9109,0,0,134,6288,37,3268,134,9556,California
Kings,2021-02-21,3,12716,2,3606,1,9110,0,0,3,6291,0,3268,3,9559,California
Kings,2021-02-22,110,12826,19,3625,91,9201,0,0,51,6283,59,3327,51,9610,California
Kings,2021-02-23,296,13122,69,3694,227,9428,0,0,179,6345,117,3444,179,9789,California
Kings,2021-02-24,592,13714,154,3848,438,9866,0,0,380,6513,212,3656,380,10169,California
Kings,2021-02-25,667,14381,115,3963,552,10418,0,0,449,6746,216,3872,449,10618,California
Kings,2021-02-26,657,15038,129,4092,528,10946,0,0,594,7278,62,3934,594,11212,California
Kings,2021-02-27,1498,16536,62,4154,1436,12382,0,0,564,6909,933,4867,564,11776,California
Kings,2021-02-28,1172,17708,597,4751,575,12957,0,0,674,7088,495,5362,674,12450,California
Kings,2021-03-01,259,17967,79,4830,180,13137,0,0,214,7257,45,5407,214,12664,California
Kings,2021-03-02,474,18441,207,5037,267,13404,0,0,423,7630,51,5458,424,13088,California
Kings,2021-03-03,628,19069,304,5341,324,13728,0,0,439,7881,188,5646,439,13527,California
Kings,2021-03-04,718,19787,343,5684,375,14103,0,0,622,8408,96,5742,623,14150,California
Kings,2021-03-05,1059,20846,349,6033,701,14804,9,9,942,9244,116,5858,952,15102,California
Kings,2021-03-06,511,21357,184,6217,314,15118,13,22,481,9708,30,5888,494,15596,California
Kings,2021-03-07,366,21723,225,6442,137,15255,4,26,358,10062,8,5896,362,15958,California
Kings,2021-03-08,369,22092,96,6538,220,15475,53,79,261,10267,108,6004,313,16271,California
Kings,2021-03-09,524,22616,239,6777,230,15705,55,134,417,10634,106,6110,473,16744,California
Kings,2021-03-10,506,23122,125,6902,290,15995,91,225,322,10863,183,6293,412,17156,California
Kings,2021-03-11,1021,24143,305,7207,606,16601,110,335,616,11186,403,6696,726,17882,California
Kings,2021-03-12,1350,25493,433,7640,823,17424,94,429,949,11831,400,7096,1045,18927,California
Kings,2021-03-13,671,26164,332,7972,295,17719,44,473,545,12295,126,7222,590,19517,California
Kings,2021-03-14,671,26835,101,8073,184,17903,386,859,200,12410,471,7693,586,20103,California
Kings,2021-03-15,701,27536,264,8337,322,18225,115,974,465,12757,235,7928,582,20685,California
Kings,2021-03-16,1040,28576,438,8775,541,18766,61,1035,703,13185,336,8264,764,21449,California
Kings,2021-03-17,1089,29665,417,9192,611,19377,61,1096,770,13704,319,8583,838,22287,California
Kings,2021-03-18,1101,30766,467,9659,412,19789,222,1318,769,14367,331,8914,994,23281,California
Kings,2021-03-19,949,31715,468,10127,396,20185,85,1403,732,14980,217,9131,830,24111,California
Kings,2021-03-20,624,32339,255,10382,338,20523,31,1434,450,15296,172,9303,488,24599,California
Kings,2021-03-21,1400,33739,1085,11467,304,20827,11,1445,846,15599,554,9857,857,25456,California
Kings,2021-03-22,450,34189,203,11670,164,20991,83,1528,277,15790,173,10030,364,25820,California
Kings,2021-03-23,899,35088,493,12163,343,21334,63,1591,575,16109,322,10352,641,26461,California
Kings,2021-03-24,922,36010,478,12641,421,21755,23,1614,511,16236,409,10761,536,26997,California
Kings,2021-03-25,894,36904,446,13087,422,22177,26,1640,446,16262,446,11207,472,27469,California
Kings,2021-03-26,1281,38185,373,13460,823,23000,85,1725,529,16128,747,11954,613,28082,California
Kings,2021-03-27,616,38801,245,13705,359,23359,12,1737,169,15864,445,12399,181,28263,California
Kings,2021-03-28,548,39349,477,14182,64,23423,7,1744,342,16015,206,12605,357,28620,California
Kings,2021-03-29,458,39807,201,14383,196,23619,61,1805,251,16121,205,12810,311,28931,California
Kings,2021-03-30,843,40650,463,14846,342,23961,38,1843,422,16161,420,13230,460,29391,California
Kings,2021-03-31,724,41374,374,15220,286,24247,64,1907,415,16338,302,13532,479,29870,California
Kings,2021-04-01,757,42131,381,15601,294,24541,82,1989,343,16355,408,13940,425,30295,California
Kings,2021-04-02,983,43114,428,16029,433,24974,122,2111,388,16274,590,14530,509,30804,California
Kings,2021-04-03,474,43588,329,16358,137,25111,8,2119,161,16137,307,14837,170,30974,California
Kings,2021-04-04,156,43744,82,16440,68,25179,6,2125,43,16074,112,14949,49,31023,California
Kings,2021-04-05,1047,44791,323,16763,474,25653,250,2375,234,15746,811,15760,483,31506,California
Kings,2021-04-06,1186,45977,447,17210,432,26085,307,2682,293,15455,890,16650,599,32105,California
Kings,2021-04-07,1341,47318,640,17850,514,26599,187,2869,413,15130,925,17575,600,32705,California
Kings,2021-04-08,1593,48911,628,18478,714,27313,251,3120,363,14521,1223,18798,614,33319,California
Kings,2021-04-09,1110,50021,522,19000,413,27726,175,3295,242,14069,866,19664,414,33733,California
Kings,2021-04-10,593,50614,329,19329,162,27888,102,3397,181,13941,411,20075,283,34016,California
Kings,2021-04-11,328,50942,74,19403,248,28136,6,3403,196,14011,132,20207,202,34218,California
Kings,2021-04-12,697,51639,311,19714,186,28322,200,3603,190,13895,506,20713,390,34608,California
Kings,2021-04-13,887,52526,508,20222,379,28701,0,3603,288,13590,598,21311,293,34901,California
Kings,2021-04-14,1023,53549,565,20787,458,29159,0,3603,372,13312,651,21962,373,35274,California
Kings,2021-04-15,1050,54599,519,21306,530,29689,1,3604,468,13200,581,22543,469,35743,California
Kings,2021-04-16,765,55364,360,21666,405,30094,0,3604,267,12970,497,23040,267,36010,California
Kings,2021-04-17,455,55819,242,21908,213,30307,0,3604,198,12912,256,23296,198,36208,California
Kings,2021-04-18,552,56371,239,22147,313,30620,0,3604,71,12502,481,23777,71,36279,California
Kings,2021-04-19,524,56895,287,22434,237,30857,0,3604,285,12550,237,24014,285,36564,California
Kings,2021-04-20,732,57627,443,22877,289,31146,0,3604,245,12309,486,24500,245,36809,California
Kings,2021-04-21,636,58263,305,23182,331,31477,0,3604,220,12120,409,24909,220,37029,California
Kings,2021-04-22,550,58813,275,23457,275,31752,0,3604,201,11977,345,25254,202,37231,California
Kings,2021-04-23,662,59475,290,23747,372,32124,0,3604,328,11974,331,25585,328,37559,California
Kings,2021-04-24,244,59719,178,23925,65,32189,1,3605,120,11972,123,25708,121,37680,California
Kings,2021-04-25,195,59914,176,24101,19,32208,0,3605,159,12095,36,25744,159,37839,California
Kings,2021-04-26,289,60203,147,24248,139,32347,3,3608,180,12170,108,25852,183,38022,California
Kings,2021-04-27,395,60598,174,24422,202,32549,19,3627,164,12123,230,26082,183,38205,California
Kings,2021-04-28,504,61102,254,24676,230,32779,20,3647,264,12167,240,26322,284,38489,California
Kings,2021-04-29,285,61387,112,24788,162,32941,11,3658,133,12161,150,26472,144,38633,California
Kings,2021-04-30,365,61752,163,24951,185,33126,17,3675,151,12118,211,26683,168,38801,California
Kings,2021-05-01,228,61980,166,25117,52,33178,10,3685,73,12048,153,26836,83,38884,California
Kings,2021-05-02,167,62147,145,25262,22,33200,0,3685,126,12133,41,26877,126,39010,California
Kings,2021-05-03,473,62620,254,25516,205,33405,14,3699,123,11921,349,27226,137,39147,California
Kings,2021-05-04,516,63136,258,25774,237,33642,21,3720,161,11749,354,27580,182,39329,California
Kings,2021-05-05,537,63673,277,26051,237,33879,23,3743,138,11511,399,27979,161,39490,California
Kings,2021-05-06,533,64206,267,26318,243,34122,23,3766,123,11249,408,28387,146,39636,California
Kings,2021-05-07,366,64572,212,26530,141,34263,13,3779,150,11198,214,28601,163,39799,California
Kings,2021-05-08,228,64800,167,26697,51,34314,10,3789,73,11126,155,28756,83,39882,California
Kings,2021-05-09,190,64990,57,26754,132,34446,1,3790,39,11015,151,28907,40,39922,California
Kings,2021-05-10,328,65318,252,27006,66,34512,10,3800,112,10921,215,29122,121,40043,California
Kings,2021-05-11,215,65533,124,27130,80,34592,11,3811,59,10835,156,29278,70,40113,California
Lake,2020-12-17,4,4,4,4,0,0,0,0,4,4,0,0,4,4,California
Lake,2020-12-18,51,55,51,55,0,0,0,0,51,55,0,0,51,55,California
Lake,2020-12-19,3,58,3,58,0,0,0,0,3,58,0,0,3,58,California
Lake,2020-12-20,6,64,6,64,0,0,0,0,6,64,0,0,6,64,California
Lake,2020-12-21,86,150,86,150,0,0,0,0,86,150,0,0,86,150,California
Lake,2020-12-22,63,213,60,210,3,3,0,0,63,213,0,0,63,213,California
Lake,2020-12-23,123,336,114,324,9,12,0,0,123,336,0,0,123,336,California
Lake,2020-12-24,2,338,0,324,2,14,0,0,2,338,0,0,2,338,California
Lake,2020-12-26,2,340,2,326,0,14,0,0,2,340,0,0,2,340,California
Lake,2020-12-27,2,342,2,328,0,14,0,0,2,342,0,0,2,342,California
Lake,2020-12-28,52,394,43,371,9,23,0,0,52,394,0,0,52,394,California
Lake,2020-12-29,50,444,45,416,5,28,0,0,50,444,0,0,50,444,California
Lake,2020-12-30,125,569,118,534,7,35,0,0,125,569,0,0,125,569,California
Lake,2020-12-31,67,636,64,598,3,38,0,0,67,636,0,0,67,636,California
Lake,2021-01-01,1,637,0,598,1,39,0,0,1,637,0,0,1,637,California
Lake,2021-01-02,2,639,1,599,1,40,0,0,2,639,0,0,2,639,California
Lake,2021-01-04,87,726,21,620,66,106,0,0,87,726,0,0,87,726,California
Lake,2021-01-05,120,846,59,679,61,167,0,0,118,842,2,2,118,844,California
Lake,2021-01-06,105,951,65,744,40,207,0,0,103,943,2,4,103,947,California
Lake,2021-01-07,108,1059,85,829,23,230,0,0,99,1033,9,13,99,1046,California
Lake,2021-01-08,152,1211,124,953,28,258,0,0,100,1081,52,65,100,1146,California
Lake,2021-01-09,63,1274,61,1014,2,260,0,0,59,1136,4,69,59,1205,California
Lake,2021-01-10,3,1277,3,1017,0,260,0,0,0,1133,3,72,0,1205,California
Lake,2021-01-11,192,1469,151,1168,41,301,0,0,112,1165,80,152,112,1317,California
Lake,2021-01-12,81,1550,48,1216,33,334,0,0,57,1198,24,176,57,1374,California
Lake,2021-01-13,164,1714,112,1328,52,386,0,0,107,1248,57,233,107,1481,California
Lake,2021-01-14,147,1861,46,1374,101,487,0,0,125,1351,22,255,125,1606,California
Lake,2021-01-15,215,2076,92,1466,123,610,0,0,188,1512,27,282,188,1794,California
Lake,2021-01-16,134,2210,81,1547,53,663,0,0,132,1642,2,284,132,1926,California
Lake,2021-01-17,18,2228,6,1553,12,675,0,0,12,1648,6,290,12,1938,California
Lake,2021-01-18,246,2474,226,1779,20,695,0,0,126,1654,120,410,126,2064,California
Lake,2021-01-19,311,2785,117,1896,194,889,0,0,266,1876,45,455,267,2331,California
Lake,2021-01-20,422,3207,80,1976,342,1231,0,0,358,2171,63,518,358,2689,California
Lake,2021-01-21,433,3640,49,2025,384,1615,0,0,398,2534,35,553,398,3087,California
Lake,2021-01-22,318,3958,46,2071,272,1887,0,0,282,2780,36,589,282,3369,California
Lake,2021-01-23,122,4080,5,2076,117,2004,0,0,121,2900,1,590,121,3490,California
Lake,2021-01-24,5,4085,2,2078,3,2007,0,0,5,2905,0,590,5,3495,California
Lake,2021-01-25,257,4342,95,2173,162,2169,0,0,176,3000,81,671,176,3671,California
Lake,2021-01-26,428,4770,36,2209,392,2561,0,0,405,3382,23,694,405,4076,California
Lake,2021-01-27,359,5129,41,2250,318,2879,0,0,331,3686,28,722,332,4408,California
Lake,2021-01-28,498,5627,161,2411,337,3216,0,0,368,3924,130,852,368,4776,California
Lake,2021-01-29,636,6263,83,2494,553,3769,0,0,576,4440,60,912,576,5352,California
Lake,2021-01-30,555,6818,44,2538,511,4280,0,0,549,4983,6,918,549,5901,California
Lake,2021-01-31,14,6832,8,2546,6,4286,0,0,12,4993,2,920,12,5913,California
Lake,2021-02-01,179,7011,18,2564,161,4447,0,0,166,5146,13,933,166,6079,California
Lake,2021-02-02,564,7575,151,2715,413,4860,0,0,398,5378,166,1099,398,6477,California
Lake,2021-02-03,445,8020,33,2748,412,5272,0,0,340,5613,105,1204,340,6817,California
Lake,2021-02-04,120,8140,69,2817,51,5323,0,0,73,5639,47,1251,73,6890,California
Lake,2021-02-05,379,8519,70,2887,309,5632,0,0,288,5838,89,1340,288,7178,California
Lake,2021-02-06,276,8795,41,2928,235,5867,0,0,265,6092,11,1351,265,7443,California
Lake,2021-02-07,2,8797,1,2929,1,5868,0,0,2,6094,0,1351,2,7445,California
Lake,2021-02-08,278,9075,206,3135,72,5940,0,0,159,6134,119,1470,159,7604,California
Lake,2021-02-09,345,9420,25,3160,320,6260,0,0,301,6392,43,1513,301,7905,California
Lake,2021-02-10,351,9771,54,3214,297,6557,0,0,274,6589,77,1590,274,8179,California
Lake,2021-02-11,169,9940,18,3232,151,6708,0,0,56,6532,113,1703,56,8235,California
Lake,2021-02-12,376,10316,29,3261,347,7055,0,0,289,6735,86,1789,289,8524,California
Lake,2021-02-13,246,10562,7,3268,239,7294,0,0,235,6959,11,1800,235,8759,California
Lake,2021-02-14,20,10582,5,3273,15,7309,0,0,6,6951,14,1814,6,8765,California
Lake,2021-02-15,172,10754,13,3286,159,7468,0,0,8,6796,163,1977,8,8773,California
Lake,2021-02-16,423,11177,23,3309,400,7868,0,0,176,6725,247,2224,176,8949,California
Lake,2021-02-17,351,11528,54,3363,297,8165,0,0,70,6515,280,2504,70,9019,California
Lake,2021-02-18,458,11986,69,3432,389,8554,0,0,114,6285,344,2848,114,9133,California
Lake,2021-02-19,418,12404,25,3457,393,8947,0,0,93,6053,325,3173,93,9226,California
Lake,2021-02-20,294,12698,60,3517,234,9181,0,0,251,6262,42,3215,251,9477,California
Lake,2021-02-21,6,12704,6,3523,0,9181,0,0,0,6256,6,3221,0,9477,California
Lake,2021-02-22,140,12844,23,3546,117,9298,0,0,43,6202,97,3318,43,9520,California
Lake,2021-02-23,213,13057,14,3560,199,9497,0,0,28,6045,185,3503,28,9548,California
Lake,2021-02-24,955,14012,377,3937,578,10075,0,0,416,5923,538,4041,416,9964,California
Lake,2021-02-25,731,14743,464,4401,267,10342,0,0,472,6138,257,4298,472,10436,California
Lake,2021-02-26,995,15738,304,4705,691,11033,0,0,350,5846,642,4940,350,10786,California
Lake,2021-02-27,411,16149,98,4803,313,11346,0,0,328,6091,83,5023,328,11114,California
Lake,2021-02-28,18,16167,12,4815,6,11352,0,0,10,6093,8,5031,10,11124,California
Lake,2021-03-01,596,16763,53,4868,543,11895,0,0,443,6383,153,5184,443,11567,California
Lake,2021-03-02,746,17509,18,4886,728,12623,0,0,290,6216,457,5641,290,11857,California
Lake,2021-03-03,359,17868,196,5082,163,12786,0,0,135,6127,224,5865,135,11992,California
Lake,2021-03-04,578,18446,510,5592,68,12854,0,0,562,6673,16,5881,562,12554,California
Lake,2021-03-05,1037,19483,40,5632,997,13851,0,0,174,5988,859,6740,174,12728,California
Lake,2021-03-06,34,19517,9,5641,24,13875,1,1,21,5997,13,6753,22,12750,California
Lake,2021-03-07,7,19524,5,5646,2,13877,0,1,4,5998,3,6756,4,12754,California
Lake,2021-03-08,339,19863,267,5913,63,13940,9,10,299,6266,40,6796,308,13062,California
Lake,2021-03-09,915,20778,29,5942,869,14809,17,27,393,6155,521,7317,410,13472,California
Lake,2021-03-10,203,20981,60,6002,130,14939,13,40,135,6235,68,7385,148,13620,California
Lake,2021-03-11,583,21564,47,6049,62,15001,474,514,48,6222,535,7920,522,14142,California
Lake,2021-03-12,853,22417,203,6252,626,15627,24,538,363,6120,489,8409,387,14529,California
Lake,2021-03-13,277,22694,21,6273,20,15647,236,774,16,6111,260,8669,251,14780,California
Lake,2021-03-14,11,22705,2,6275,9,15656,0,774,7,6114,4,8673,7,14787,California
Lake,2021-03-15,642,23347,14,6289,611,16267,17,791,483,6455,159,8832,500,15287,California
Lake,2021-03-16,1113,24460,834,7123,262,16529,17,808,446,6254,663,9495,462,15749,California
Lake,2021-03-17,246,24706,121,7244,103,16632,22,830,90,6210,156,9651,112,15861,California
Lake,2021-03-18,748,25454,373,7617,338,16970,37,867,372,6243,375,10026,408,16269,California
Lake,2021-03-19,580,26034,313,7930,247,17217,20,887,473,6630,106,10132,493,16762,California
Lake,2021-03-20,248,26282,8,7938,237,17454,3,890,29,6445,217,10349,32,16794,California
Lake,2021-03-21,16,26298,11,7949,4,17458,1,891,11,6452,5,10354,12,16806,California
Lake,2021-03-22,324,26622,244,8193,66,17524,14,905,238,6618,86,10440,252,17058,California
Lake,2021-03-23,418,27040,20,8213,385,17909,13,918,353,6920,64,10504,366,17424,California
Lake,2021-03-24,413,27453,61,8274,344,18253,8,926,317,7151,95,10599,326,17750,California
Lake,2021-03-25,659,28112,470,8744,183,18436,6,932,174,6846,485,11084,180,17930,California
Lake,2021-03-26,69,28181,33,8777,35,18471,1,933,45,6868,24,11108,46,17976,California
Lake,2021-03-27,309,28490,7,8784,299,18770,3,936,17,6598,290,11398,20,17996,California
Lake,2021-03-28,17,28507,8,8792,9,18779,0,936,11,6603,6,11404,11,18007,California
Lake,2021-03-29,899,29406,268,9060,629,19408,2,938,193,6094,704,12108,195,18202,California
Lake,2021-03-30,453,29859,304,9364,147,19555,2,940,367,6378,85,12193,369,18571,California
Lake,2021-03-31,583,30442,60,9424,523,20078,0,940,418,6639,157,12350,418,18989,California
Lake,2021-04-01,422,30864,219,9643,191,20269,12,952,177,6586,242,12592,189,19178,California
Lake,2021-04-02,220,31084,40,9683,152,20421,28,980,97,6588,123,12715,125,19303,California
Lake,2021-04-03,30,31114,6,9689,21,20442,3,983,11,6583,19,12734,14,19317,California
Lake,2021-04-04,20,31134,11,9700,7,20449,2,985,15,6595,5,12739,17,19334,California
Lake,2021-04-05,638,31772,70,9770,549,20998,19,1004,399,6776,236,12975,417,19751,California
Lake,2021-04-06,473,32245,16,9786,431,21429,26,1030,300,6930,172,13147,326,20077,California
Lake,2021-04-07,517,32762,55,9841,411,21840,51,1081,350,7166,165,13312,401,20478,California
Lake,2021-04-08,599,33361,486,10327,46,21886,67,1148,103,6843,493,13805,170,20648,California
Lake,2021-04-09,279,33640,39,10366,172,22058,68,1216,46,6727,230,14035,114,20762,California
Lake,2021-04-10,253,33893,15,10381,14,22072,224,1440,11,6720,242,14277,235,20997,California
Lake,2021-04-11,22,33915,17,10398,3,22075,2,1442,7,6714,15,14292,9,21006,California
Lake,2021-04-12,1068,34983,231,10629,804,22879,33,1475,248,6176,819,15111,281,21287,California
Lake,2021-04-13,180,35163,110,10739,70,22949,0,1475,54,6104,126,15237,54,21341,California
Lake,2021-04-14,608,35771,37,10776,571,23520,0,1475,547,6590,61,15298,547,21888,California
Lake,2021-04-15,641,36412,193,10969,448,23968,0,1475,332,6613,309,15607,332,22220,California
Lake,2021-04-16,259,36671,25,10994,233,24201,1,1476,69,6494,189,15796,70,22290,California
Lake,2021-04-17,40,36711,11,11005,29,24230,0,1476,30,6514,10,15806,30,22320,California
Lake,2021-04-18,8,36719,5,11010,3,24233,0,1476,0,6506,8,15814,0,22320,California
Lake,2021-04-19,295,37014,39,11049,256,24489,0,1476,245,6701,50,15864,245,22565,California
Lake,2021-04-20,692,37706,278,11327,414,24903,0,1476,113,6237,578,16442,114,22679,California
Lake,2021-04-21,532,38238,64,11391,468,25371,0,1476,204,6113,328,16770,204,22883,California
Lake,2021-04-22,461,38699,50,11441,411,25782,0,1476,314,6281,146,16916,314,23197,California
Lake,2021-04-23,114,38813,58,11499,56,25838,0,1476,67,6301,47,16963,67,23264,California
Lake,2021-04-24,53,38866,9,11508,44,25882,0,1476,39,6326,14,16977,39,23303,California
Lake,2021-04-25,36,38902,19,11527,17,25899,0,1476,23,6336,13,16990,23,23326,California
Lake,2021-04-26,277,39179,74,11601,202,26101,1,1477,80,6220,197,17187,81,23407,California
Lake,2021-04-27,238,39417,21,11622,199,26300,18,1495,80,6160,158,17345,98,23505,California
Lake,2021-04-28,506,39923,46,11668,445,26745,15,1510,117,5904,387,17732,131,23636,California
Lake,2021-04-29,210,40133,81,11749,113,26858,16,1526,113,5936,97,17829,129,23765,California
Lake,2021-04-30,287,40420,46,11795,210,27068,31,1557,148,5976,139,17968,179,23944,California
Lake,2021-05-01,48,40468,26,11821,20,27088,2,1559,34,5998,14,17982,36,23980,California
Lake,2021-05-02,18,40486,9,11830,8,27096,1,1560,9,5999,9,17991,10,23990,California
Lake,2021-05-03,410,40896,27,11857,347,27443,36,1596,64,5754,345,18336,100,24090,California
Lake,2021-05-04,407,41303,217,12074,142,27585,48,1644,126,5648,280,18616,174,24264,California
Lake,2021-05-05,633,41936,49,12123,574,28159,10,1654,92,5210,539,19155,101,24365,California
Lake,2021-05-06,143,42079,20,12143,92,28251,31,1685,71,5239,72,19227,101,24466,California
Lake,2021-05-07,164,42243,25,12168,119,28370,20,1705,106,5310,55,19282,126,24592,California
Lake,2021-05-08,43,42286,8,12176,34,28404,1,1706,34,5336,9,19291,35,24627,California
Lake,2021-05-09,17,42303,3,12179,11,28415,3,1709,12,5346,5,19296,15,24642,California
Lake,2021-05-10,237,42540,11,12190,201,28616,25,1734,55,5244,182,19478,80,24722,California
Lake,2021-05-11,137,42677,14,12204,114,28730,9,1743,90,5297,47,19525,100,24822,California
Lassen,2020-12-16,8,8,8,8,0,0,0,0,8,8,0,0,8,8,California
Lassen,2020-12-17,6,14,6,14,0,0,0,0,6,14,0,0,6,14,California
Lassen,2020-12-18,1,15,1,15,0,0,0,0,1,15,0,0,1,15,California
Lassen,2020-12-19,5,20,5,20,0,0,0,0,5,20,0,0,5,20,California
Lassen,2020-12-20,2,22,2,22,0,0,0,0,2,22,0,0,2,22,California
Lassen,2020-12-21,11,33,11,33,0,0,0,0,11,33,0,0,11,33,California
Lassen,2020-12-22,23,56,23,56,0,0,0,0,23,56,0,0,23,56,California
Lassen,2020-12-23,6,62,6,62,0,0,0,0,6,62,0,0,6,62,California
Lassen,2020-12-24,11,73,11,73,0,0,0,0,11,73,0,0,11,73,California
Lassen,2020-12-28,3,76,2,75,1,1,0,0,3,76,0,0,3,76,California
Lassen,2020-12-29,35,111,35,110,0,1,0,0,35,111,0,0,35,111,California
Lassen,2020-12-30,37,148,36,146,1,2,0,0,37,148,0,0,37,148,California
Lassen,2020-12-31,49,197,42,188,7,9,0,0,49,197,0,0,49,197,California
Lassen,2021-01-02,1,198,0,188,1,10,0,0,1,198,0,0,1,198,California
Lassen,2021-01-04,15,213,1,189,14,24,0,0,15,213,0,0,15,213,California
Lassen,2021-01-05,194,407,53,242,141,165,0,0,194,407,0,0,194,407,California
Lassen,2021-01-06,95,502,44,286,51,216,0,0,87,487,8,8,88,495,California
Lassen,2021-01-07,43,545,7,293,36,252,0,0,37,518,6,14,37,532,California
Lassen,2021-01-08,50,595,2,295,48,300,0,0,50,568,0,14,50,582,California
Lassen,2021-01-09,12,607,6,301,6,306,0,0,12,580,0,14,12,594,California
Lassen,2021-01-11,27,634,5,306,22,328,0,0,27,607,0,14,27,621,California
Lassen,2021-01-12,49,683,29,335,20,348,0,0,30,618,19,33,30,651,California
Lassen,2021-01-13,161,844,18,353,143,491,0,0,146,749,15,48,146,797,California
Lassen,2021-01-14,163,1007,18,371,145,636,0,0,151,888,12,60,151,948,California
Lassen,2021-01-15,33,1040,6,377,27,663,0,0,33,921,0,60,33,981,California
Lassen,2021-01-16,34,1074,33,410,1,664,0,0,34,955,0,60,34,1015,California
Lassen,2021-01-17,1,1075,0,410,1,665,0,0,1,956,0,60,1,1016,California
Lassen,2021-01-18,5,1080,2,412,3,668,0,0,4,959,1,61,4,1020,California
Lassen,2021-01-19,185,1265,36,448,149,817,0,0,157,1088,28,89,157,1177,California
Lassen,2021-01-20,189,1454,101,549,88,905,0,0,105,1124,69,158,105,1282,California
Lassen,2021-01-21,145,1599,93,642,52,957,0,0,121,1227,18,176,121,1403,California
Lassen,2021-01-22,31,1630,18,660,13,970,0,0,21,1238,10,186,21,1424,California
Lassen,2021-01-23,2,1632,0,660,2,972,0,0,2,1240,0,186,2,1426,California
Lassen,2021-01-24,1,1633,0,660,1,973,0,0,1,1241,0,186,1,1427,California
Lassen,2021-01-25,11,1644,0,660,11,984,0,0,11,1252,0,186,11,1438,California
Lassen,2021-01-26,126,1770,12,672,114,1098,0,0,122,1370,4,190,122,1560,California
Lassen,2021-01-27,87,1857,35,707,52,1150,0,0,69,1421,18,208,69,1629,California
Lassen,2021-01-28,86,1943,15,722,71,1221,0,0,85,1505,1,209,85,1714,California
Lassen,2021-01-29,23,1966,7,729,16,1237,0,0,22,1526,1,210,22,1736,California
Lassen,2021-02-01,62,2028,4,733,58,1295,0,0,36,1536,26,236,36,1772,California
Lassen,2021-02-02,177,2205,12,745,165,1460,0,0,44,1447,133,369,44,1816,California
Lassen,2021-02-03,96,2301,21,766,75,1535,0,0,51,1453,45,414,51,1867,California
Lassen,2021-02-04,112,2413,15,781,97,1632,0,0,63,1467,49,463,63,1930,California
Lassen,2021-02-05,65,2478,12,793,53,1685,0,0,23,1448,42,505,23,1953,California
Lassen,2021-02-06,69,2547,34,827,35,1720,0,0,36,1452,32,537,36,1989,California
Lassen,2021-02-07,2,2549,2,829,0,1720,0,0,2,1454,0,537,2,1991,California
Lassen,2021-02-08,44,2593,4,833,40,1760,0,0,18,1446,26,563,18,2009,California
Lassen,2021-02-09,129,2722,8,841,121,1881,0,0,50,1417,79,642,50,2059,California
Lassen,2021-02-10,184,2906,21,862,163,2044,0,0,76,1385,108,750,76,2135,California
Lassen,2021-02-11,184,3090,16,878,168,2212,0,0,80,1362,103,853,80,2215,California
Lassen,2021-02-12,42,3132,11,889,31,2243,0,0,14,1348,28,881,14,2229,California
Lassen,2021-02-13,12,3144,3,892,9,2252,0,0,10,1356,2,883,10,2239,California
Lassen,2021-02-14,13,3157,0,892,13,2265,0,0,12,1367,1,884,12,2251,California
Lassen,2021-02-15,21,3178,2,894,19,2284,0,0,17,1380,4,888,17,2268,California
Lassen,2021-02-16,192,3370,4,898,188,2472,0,0,31,1252,159,1047,31,2299,California
Lassen,2021-02-17,183,3553,94,992,89,2561,0,0,10,1089,173,1220,10,2309,California
Lassen,2021-02-18,80,3633,22,1014,58,2619,0,0,20,1049,60,1280,20,2329,California
Lassen,2021-02-19,82,3715,62,1076,20,2639,0,0,18,1003,64,1344,18,2347,California
Lassen,2021-02-20,8,3723,0,1076,8,2647,0,0,6,1007,2,1346,6,2353,California
Lassen,2021-02-21,22,3745,2,1078,20,2667,0,0,18,1021,4,1350,18,2371,California
Lassen,2021-02-22,25,3770,10,1088,15,2682,0,0,6,1008,19,1369,6,2377,California
Lassen,2021-02-23,153,3923,10,1098,143,2825,0,0,41,937,112,1481,41,2418,California
Lassen,2021-02-24,165,4088,16,1114,149,2974,0,0,107,987,57,1538,107,2525,California
Lassen,2021-02-25,156,4244,19,1133,137,3111,0,0,99,1029,57,1595,99,2624,California
Lassen,2021-02-26,73,4317,16,1149,57,3168,0,0,36,1028,37,1632,36,2660,California
Lassen,2021-02-27,8,4325,7,1156,1,3169,0,0,3,1026,5,1637,3,2663,California
Lassen,2021-02-28,6,4331,1,1157,5,3174,0,0,3,1026,3,1640,3,2666,California
Lassen,2021-03-01,42,4373,4,1161,38,3212,0,0,8,1001,33,1673,8,2674,California
Lassen,2021-03-02,106,4479,8,1169,98,3310,0,0,80,1055,26,1699,80,2754,California
Lassen,2021-03-03,170,4649,12,1181,158,3468,0,0,113,1111,57,1756,113,2867,California
Lassen,2021-03-04,150,4799,17,1198,133,3601,0,0,100,1162,49,1805,100,2967,California
Lassen,2021-03-05,47,4846,7,1205,17,3618,23,23,11,1160,36,1841,34,3001,California
Lassen,2021-03-06,55,4901,4,1209,29,3647,22,45,5,1137,50,1891,27,3028,California
Lassen,2021-03-07,56,4957,1,1210,0,3647,55,100,1,1138,55,1946,56,3084,California
Lassen,2021-03-08,90,5047,2,1212,8,3655,80,180,3,1135,86,2032,83,3167,California
Lassen,2021-03-09,137,5184,11,1223,109,3764,17,197,88,1192,49,2081,106,3273,California
Lassen,2021-03-10,175,5359,10,1233,163,3927,2,199,79,1178,95,2176,81,3354,California
Lassen,2021-03-11,185,5544,16,1249,162,4089,7,206,113,1229,69,2245,120,3474,California
Lassen,2021-03-12,35,5579,18,1267,13,4102,4,210,12,1222,23,2268,16,3490,California
Lassen,2021-03-13,49,5628,0,1267,3,4105,46,256,1,1220,48,2316,46,3536,California
Lassen,2021-03-14,14,5642,2,1269,11,4116,1,257,2,1211,12,2328,3,3539,California
Lassen,2021-03-15,33,5675,2,1271,31,4147,0,257,16,1210,17,2345,16,3555,California
Lassen,2021-03-16,93,5768,2,1273,85,4232,6,263,74,1271,19,2364,80,3635,California
Lassen,2021-03-17,1083,6851,9,1282,1069,5301,5,268,1064,2321,19,2383,1069,4704,California
Lassen,2021-03-18,95,6946,9,1291,85,5386,1,269,81,2389,14,2397,82,4786,California
Lassen,2021-03-19,17,6963,11,1302,2,5388,4,273,7,2390,10,2407,11,4797,California
Lassen,2021-03-20,29,6992,3,1305,23,5411,3,276,22,2408,7,2414,25,4822,California
Lassen,2021-03-21,34,7026,0,1305,34,5445,0,276,14,2403,19,2433,14,4836,California
Lassen,2021-03-22,57,7083,1,1306,56,5501,0,276,54,2454,3,2436,54,4890,California
Lassen,2021-03-23,119,7202,11,1317,107,5608,1,277,67,2470,52,2488,68,4958,California
Lassen,2021-03-24,213,7415,13,1330,199,5807,1,278,107,2473,105,2593,108,5066,California
Lassen,2021-03-25,153,7568,22,1352,131,5938,0,278,70,2460,83,2676,70,5136,California
Lassen,2021-03-26,78,7646,13,1365,26,5964,39,317,19,2459,58,2734,57,5193,California
Lassen,2021-03-27,20,7666,4,1369,1,5965,15,332,3,2460,17,2751,18,5211,California
Lassen,2021-03-28,18,7684,3,1372,5,5970,10,342,4,2460,14,2765,14,5225,California
Lassen,2021-03-29,52,7736,0,1372,27,5997,25,367,20,2474,31,2796,45,5270,California
Lassen,2021-03-30,198,7934,10,1382,163,6160,25,392,51,2403,147,2943,76,5346,California
Lassen,2021-03-31,146,8080,12,1394,112,6272,22,414,62,2403,84,3027,84,5430,California
Lassen,2021-04-01,165,8245,15,1409,131,6403,19,433,48,2354,116,3143,67,5497,California
Lassen,2021-04-02,29,8274,4,1413,3,6406,22,455,2,2351,27,3170,24,5521,California
Lassen,2021-04-03,12,8286,0,1413,2,6408,10,465,0,2349,12,3182,10,5531,California
Lassen,2021-04-04,7,8293,2,1415,0,6408,5,470,1,2349,6,3188,6,5537,California
Lassen,2021-04-05,23,8316,4,1419,12,6420,7,477,11,2356,11,3199,18,5555,California
Lassen,2021-04-06,184,8500,9,1428,145,6565,30,507,53,2308,131,3330,83,5638,California
Lassen,2021-04-07,135,8635,6,1434,92,6657,37,544,32,2276,103,3433,71,5709,California
Lassen,2021-04-08,170,8805,9,1443,105,6762,56,600,34,2234,132,3565,90,5799,California
Lassen,2021-04-09,52,8857,6,1449,11,6773,35,635,9,2235,42,3607,43,5842,California
Lassen,2021-04-10,9,8866,0,1449,2,6775,7,642,0,2234,8,3615,7,5849,California
Lassen,2021-04-11,5,8871,2,1451,0,6775,3,645,2,2236,3,3618,5,5854,California
Lassen,2021-04-12,31,8902,3,1454,15,6790,13,658,3,2224,28,3646,16,5870,California
Lassen,2021-04-13,129,9031,6,1460,123,6913,0,658,40,2176,88,3734,40,5910,California
Lassen,2021-04-14,987,10018,16,1476,971,7884,0,658,51,1292,935,4669,51,5961,California
Lassen,2021-04-15,147,10165,14,1490,133,8017,0,658,19,1183,128,4797,19,5980,California
Lassen,2021-04-16,11,10176,4,1494,7,8024,0,658,5,1182,6,4803,5,5985,California
Lassen,2021-04-17,24,10200,3,1497,21,8045,0,658,4,1166,20,4823,4,5989,California
Lassen,2021-04-18,5,10205,2,1499,3,8048,0,658,2,1165,3,4826,2,5991,California
Lassen,2021-04-19,33,10238,0,1499,33,8081,0,658,17,1166,16,4842,17,6008,California
Lassen,2021-04-20,138,10376,7,1506,131,8212,0,658,52,1132,86,4928,52,6060,California
Lassen,2021-04-21,163,10539,10,1516,153,8365,0,658,32,1035,129,5057,32,6092,California
Lassen,2021-04-22,102,10641,16,1532,86,8451,0,658,33,999,69,5126,33,6125,California
Lassen,2021-04-23,28,10669,3,1535,25,8476,0,658,22,1015,6,5132,22,6147,California
Lassen,2021-04-24,10,10679,6,1541,4,8480,0,658,4,1013,6,5138,4,6151,California
Lassen,2021-04-25,5,10684,0,1541,4,8484,1,659,3,1015,2,5140,4,6155,California
Lassen,2021-04-26,40,10724,1,1542,35,8519,4,663,7,993,33,5173,11,6166,California
Lassen,2021-04-27,121,10845,10,1552,108,8627,3,666,69,1013,52,5225,72,6238,California
Lassen,2021-04-28,84,10929,8,1560,74,8701,2,668,31,993,53,5278,33,6271,California
Lassen,2021-04-29,67,10996,7,1567,57,8758,3,671,22,974,44,5322,25,6296,California
Lassen,2021-04-30,11,11007,7,1574,1,8759,3,674,3,972,8,5330,6,6302,California
Lassen,2021-05-01,3,11010,0,1574,2,8761,1,675,2,974,1,5331,3,6305,California
Lassen,2021-05-02,12,11022,8,1582,4,8765,0,675,8,978,4,5335,8,6313,California
Lassen,2021-05-03,18,11040,1,1583,11,8776,6,681,4,974,14,5349,10,6323,California
Lassen,2021-05-04,75,11115,4,1587,63,8839,8,689,23,953,52,5401,31,6354,California
Lassen,2021-05-05,79,11194,4,1591,65,8904,10,699,24,933,54,5455,34,6388,California
Lassen,2021-05-06,85,11279,20,1611,43,8947,22,721,23,916,62,5517,45,6433,California
Lassen,2021-05-07,45,11324,31,1642,10,8957,4,725,38,951,7,5524,42,6475,California
Lassen,2021-05-08,9,11333,1,1643,4,8961,4,729,3,952,6,5530,7,6482,California
Lassen,2021-05-09,2,11335,0,1643,0,8961,2,731,0,952,2,5532,2,6484,California
Lassen,2021-05-10,10,11345,0,1643,8,8969,2,733,6,956,4,5536,8,6492,California
Lassen,2021-05-11,25,11370,0,1643,21,8990,4,737,4,943,21,5557,8,6500,California
Los Angeles,2020-12-15,392,392,392,392,0,0,0,0,392,392,0,0,392,392,California
Los Angeles,2020-12-16,3364,3756,3364,3756,0,0,0,0,3364,3756,0,0,3364,3756,California
Los Angeles,2020-12-17,10234,13990,10234,13990,0,0,0,0,10235,13991,0,0,10235,13991,California
Los Angeles,2020-12-18,14519,28509,14495,28485,24,24,0,0,14519,28510,0,0,14519,28510,California
Los Angeles,2020-12-19,7226,35735,7218,35703,8,32,0,0,7227,35737,0,0,7227,35737,California
Los Angeles,2020-12-20,4594,40329,4586,40289,8,40,0,0,4596,40333,0,0,4596,40333,California
Los Angeles,2020-12-21,13692,54021,13677,53966,15,55,0,0,13692,54024,1,1,13692,54025,California
Los Angeles,2020-12-22,11524,65545,11144,65110,380,435,0,0,11525,65548,1,2,11525,65550,California
Los Angeles,2020-12-23,11887,77432,10132,75242,1755,2190,0,0,11888,77436,0,2,11888,77438,California
Los Angeles,2020-12-24,7019,84451,4252,79494,2767,4957,0,0,7022,84458,0,2,7022,84460,California
Los Angeles,2020-12-25,525,84976,419,79913,106,5063,0,0,525,84983,0,2,525,84985,California
Los Angeles,2020-12-26,2523,87499,2179,82092,344,5407,0,0,2523,87505,1,3,2523,87508,California
Los Angeles,2020-12-27,1756,89255,1027,83119,729,6136,0,0,1756,89261,0,3,1756,89264,California
Los Angeles,2020-12-28,10286,99541,6382,89501,3904,10040,0,0,10284,99544,1,4,10284,99548,California
Los Angeles,2020-12-29,11597,111138,6076,95577,5521,15561,0,0,11599,111143,0,4,11599,111147,California
Los Angeles,2020-12-30,14863,126001,8087,103664,6776,22337,0,0,14862,126005,0,4,14862,126009,California
Los Angeles,2020-12-31,7932,133933,2754,106418,5178,27515,0,0,7929,133932,2,6,7929,133938,California
Los Angeles,2021-01-01,1004,134937,272,106690,732,28247,0,0,1004,134936,0,6,1004,134942,California
Los Angeles,2021-01-02,4463,139400,1658,108348,2805,31052,0,0,4463,139399,0,6,4463,139405,California
Los Angeles,2021-01-03,948,140348,213,108561,735,31787,0,0,947,140345,1,7,947,140352,California
Los Angeles,2021-01-04,12710,153058,4885,113446,7825,39612,0,0,12696,153038,3,10,12696,153048,California
Los Angeles,2021-01-05,16047,169105,7086,120532,8961,48573,0,0,14146,165313,1874,1884,14149,167197,California
Los Angeles,2021-01-06,22679,191784,12080,132612,10599,59172,0,0,17085,176879,5526,7410,17092,184289,California
Los Angeles,2021-01-07,29368,221152,15813,148425,13555,72727,0,0,18857,185284,10466,17876,18871,203160,California
Los Angeles,2021-01-08,33115,254267,17899,166324,15216,87943,0,0,20893,193989,12196,30072,20901,224061,California
Los Angeles,2021-01-09,12369,266636,7078,173402,5291,93234,0,0,7503,196634,4864,34936,7509,231570,California
Los Angeles,2021-01-10,4679,271315,3631,177033,1048,94282,0,0,1947,195850,2732,37668,1948,233518,California
Los Angeles,2021-01-11,25803,297118,16252,193285,9551,103833,0,0,14869,199804,10923,48591,14877,248395,California
Los Angeles,2021-01-12,29233,326351,16082,209367,13151,116984,0,0,19099,208799,10116,58707,19111,267506,California
Los Angeles,2021-01-13,29276,355627,15639,225006,13637,130621,0,0,20330,220205,8928,67635,20334,287840,California
Los Angeles,2021-01-14,29253,384880,12723,237729,16530,147151,0,0,23746,238473,5488,73123,23756,311596,California
Los Angeles,2021-01-15,33819,418699,12371,250100,21448,168599,0,0,30244,265175,3550,76673,30252,341848,California
Los Angeles,2021-01-16,17559,436258,4965,255065,12594,181193,0,0,15782,279192,1769,78442,15786,357634,California
Los Angeles,2021-01-17,5194,441452,2312,257377,2882,184075,0,0,4948,283897,245,78687,4950,362584,California
Los Angeles,2021-01-18,15587,457039,10065,267442,5522,189597,0,0,10881,290086,4694,83381,10883,373467,California
Los Angeles,2021-01-19,38463,495502,20576,288018,17887,207484,0,0,30667,313008,7755,91136,30677,404144,California
Los Angeles,2021-01-20,45772,541274,23918,311936,21854,229338,0,0,38287,343850,7455,98591,38297,442441,California
Los Angeles,2021-01-21,48728,590002,22458,334394,26270,255608,0,0,44456,384110,4210,102801,44470,486911,California
Los Angeles,2021-01-22,47889,637891,22238,356632,25651,281259,0,0,44471,425218,3373,106174,44481,531392,California
Los Angeles,2021-01-23,33974,671865,15714,372346,18260,299519,0,0,31920,455129,2021,108195,31932,563324,California
Los Angeles,2021-01-24,15737,687602,12213,384559,3524,303043,0,0,15189,469779,540,108735,15190,578514,California
Los Angeles,2021-01-25,38781,726383,16462,401021,22319,325362,0,0,30280,491603,8472,117207,30296,608810,California
Los Angeles,2021-01-26,49279,775662,24478,425499,24801,350163,0,0,41089,524556,8155,125362,41108,649918,California
Los Angeles,2021-01-27,48556,824218,25840,451339,22716,372879,0,0,39313,554780,9108,134470,39332,689250,California
Los Angeles,2021-01-28,48623,872841,23122,474461,25501,398380,0,0,40202,586697,8299,142769,40216,729466,California
Los Angeles,2021-01-29,49279,922120,25417,499878,23862,422242,0,0,39220,616227,9705,152474,39235,768701,California
Los Angeles,2021-01-30,30004,952124,15410,515288,14594,436836,0,0,25853,638010,4074,156548,25857,794558,California
Los Angeles,2021-01-31,13025,965149,10384,525672,2641,439477,0,0,12096,649194,916,157464,12100,806658,California
Los Angeles,2021-02-01,38060,1003209,16216,541888,21844,461321,0,0,27779,666735,10248,167712,27789,834447,California
Los Angeles,2021-02-02,44238,1047447,17902,559790,26336,487657,0,0,32054,686649,12143,179855,32057,866504,California
Los Angeles,2021-02-03,52143,1099590,19573,579363,32570,520227,0,0,37256,709262,14649,194504,37262,903766,California
Los Angeles,2021-02-04,57183,1156773,20708,600071,36475,556702,0,0,39074,730549,17801,212305,39088,942854,California
Los Angeles,2021-02-05,61208,1217981,21059,621130,40149,596851,0,0,39288,748343,21501,233806,39295,982149,California
Los Angeles,2021-02-06,35508,1253489,13308,634438,22200,619051,0,0,27071,767072,8364,242170,27093,1009242,California
Los Angeles,2021-02-07,10820,1264309,8398,642836,2422,621473,0,0,8419,773111,2386,244556,8425,1017667,California
Los Angeles,2021-02-08,46738,1311047,21509,664345,25229,646702,0,0,30574,787659,16028,260584,30576,1048243,California
Los Angeles,2021-02-09,55767,1366814,24598,688943,31169,677871,0,0,28376,788726,27316,287900,28383,1076626,California
Los Angeles,2021-02-10,66921,1433735,29415,718358,37506,715377,0,0,30842,783873,35704,323604,30851,1107477,California
Los Angeles,2021-02-11,58001,1491736,30869,749227,27132,742509,0,0,28006,782330,29553,353157,28010,1135487,California
Los Angeles,2021-02-12,59523,1551259,29786,779013,29737,772246,0,0,25962,775085,33223,386380,25978,1161465,California
Los Angeles,2021-02-13,33782,1585041,19607,798620,14175,786421,0,0,15453,772332,18244,404624,15491,1176956,California
Los Angeles,2021-02-14,21882,1606923,14970,813590,6912,793333,0,0,8780,768073,13042,417666,8783,1185739,California
Los Angeles,2021-02-15,32443,1639366,15859,829449,16584,809917,0,0,17794,771287,14586,432252,17800,1203539,California
Los Angeles,2021-02-16,63983,1703349,32507,861956,31476,841393,0,0,29843,767089,34053,466305,29855,1233394,California
Los Angeles,2021-02-17,64470,1767819,34291,896247,30179,871572,0,0,26395,755589,37902,504207,26402,1259796,California
Los Angeles,2021-02-18,68273,1836092,34692,930939,33581,905153,0,0,28578,744659,39518,543725,28588,1288384,California
Los Angeles,2021-02-19,58064,1894156,35875,966814,22189,927342,0,0,28462,743633,29503,573228,28477,1316861,California
Los Angeles,2021-02-20,32756,1926912,23822,990636,8934,936276,0,0,15738,742405,16974,590202,15746,1332607,California
Los Angeles,2021-02-21,16759,1943671,15104,1005740,1655,937931,0,0,8522,742729,8201,598403,8525,1341132,California
Los Angeles,2021-02-22,34332,1978003,24986,1030726,9346,947277,0,0,17745,743971,16514,614917,17756,1358888,California
Los Angeles,2021-02-23,53692,2031695,22792,1053518,30900,978177,0,0,21153,732704,32432,647349,21165,1380053,California
Los Angeles,2021-02-24,64288,2095983,28411,1081929,35877,1014054,0,0,28320,725242,35800,683149,28338,1408391,California
Los Angeles,2021-02-25,73567,2169550,33766,1115695,39801,1053855,0,0,38589,729023,34820,717969,38601,1446992,California
Los Angeles,2021-02-26,82832,2252382,38606,1154301,44226,1098081,0,0,47360,741170,35241,753210,47388,1494380,California
Los Angeles,2021-02-27,58706,2311088,25028,1179329,33674,1131755,4,4,30003,742639,28561,781771,30030,1524410,California
Los Angeles,2021-02-28,26828,2337916,18512,1197841,8315,1140070,1,5,18861,753642,7866,789637,18869,1543279,California
Los Angeles,2021-03-01,55658,2393574,31190,1229031,24449,1164519,19,24,33751,765679,21748,811385,33785,1577064,California
Los Angeles,2021-03-02,71041,2464615,31521,1260552,39518,1204037,2,26,43425,781624,27493,838878,43438,1620502,California
Los Angeles,2021-03-03,82787,2547402,41631,1302183,41146,1245183,10,36,52044,803112,30588,869466,52076,1672578,California
Los Angeles,2021-03-04,89671,2637073,45772,1347955,43888,1289071,11,47,56584,826817,32908,902374,56613,1729191,California
Los Angeles,2021-03-05,87693,2724766,42672,1390627,44994,1334065,27,74,58439,856239,29077,931451,58499,1787690,California
Los Angeles,2021-03-06,66206,2790972,33276,1423903,31114,1365179,1816,1890,42642,877281,23422,954873,44464,1832154,California
Los Angeles,2021-03-07,25704,2816676,19318,1443221,5585,1370764,801,2691,19818,892036,5861,960734,20616,1852770,California
Los Angeles,2021-03-08,51390,2868066,26689,1469910,22755,1393519,1946,4637,38633,919953,12659,973393,40576,1893346,California
Los Angeles,2021-03-09,68983,2937049,26474,1496384,39233,1432752,3276,7913,41231,936849,27603,1000996,44499,1937845,California
Los Angeles,2021-03-10,79215,3016264,37355,1533739,36990,1469742,4870,12783,49630,961885,29427,1030423,54463,1992308,California
Los Angeles,2021-03-11,92273,3108537,44987,1578726,40612,1510354,6674,19457,54030,984484,38066,1068489,60665,2052973,California
Los Angeles,2021-03-12,97154,3205691,43229,1621955,40099,1550453,13826,33283,56504,1014298,40468,1108957,70282,2123255,California
Los Angeles,2021-03-13,74036,3279727,34467,1656422,27672,1578125,11897,45180,44001,1040225,29929,1138886,55856,2179111,California
Los Angeles,2021-03-14,38094,3317821,25418,1681840,10215,1588340,2461,47641,25501,1055635,12530,1151416,27940,2207051,California
Los Angeles,2021-03-15,73509,3391330,35548,1717388,32629,1620969,5332,52973,44864,1077350,28461,1179877,50176,2257227,California
Los Angeles,2021-03-16,98477,3489807,42638,1760026,50071,1671040,5768,58741,64374,1113533,33921,1213798,70104,2327331,California
Los Angeles,2021-03-17,95435,3585242,42969,1802995,44263,1715303,8203,66944,64164,1154713,31078,1244876,72258,2399589,California
Los Angeles,2021-03-18,100042,3685284,47382,1850377,47457,1762760,5203,72147,63821,1187771,35955,1280831,69013,2468602,California
Los Angeles,2021-03-19,106533,3791817,55143,1905520,46719,1809479,4671,76818,66238,1218598,40034,1320865,70861,2539463,California
Los Angeles,2021-03-20,75095,3866912,36602,1942122,33982,1843461,4511,81329,52047,1252260,22880,1343745,56542,2596005,California
Los Angeles,2021-03-21,33574,3900486,24780,1966902,7950,1851411,844,82173,21800,1263237,11666,1355411,22643,2618648,California
Los Angeles,2021-03-22,69424,3969910,40555,2007457,26867,1878278,2002,84175,49338,1294727,19847,1375258,51337,2669985,California
Los Angeles,2021-03-23,94870,4064780,50868,2058325,40944,1919222,3058,87233,62876,1328892,31757,1407015,65922,2735907,California
Los Angeles,2021-03-24,103525,4168305,54718,2113043,45857,1965079,2950,90183,61479,1351559,41750,1448765,64417,2800324,California
Los Angeles,2021-03-25,108569,4276874,57986,2171029,46891,2011970,3692,93875,62369,1371669,45935,1494700,66045,2866369,California
Los Angeles,2021-03-26,112391,4389265,61395,2232424,46893,2058863,4103,97978,64020,1391650,48119,1542819,68100,2934469,California
Los Angeles,2021-03-27,82028,4471293,42971,2275395,36930,2095793,2127,100105,42915,1397812,38881,1581700,45043,2979512,California
Los Angeles,2021-03-28,40876,4512169,27338,2302733,12955,2108748,583,100688,20777,1399169,20003,1601703,21360,3000872,California
Los Angeles,2021-03-29,81429,4593598,45932,2348665,33897,2142645,1600,102288,46683,1412885,34562,1636265,48278,3049150,California
Los Angeles,2021-03-30,106981,4700579,50411,2399076,50822,2193467,5748,108036,65597,1443031,41171,1677436,71317,3120467,California
Los Angeles,2021-03-31,119960,4820539,60266,2459342,51183,2244650,8511,116547,70222,1472243,49487,1726923,78699,3199166,California
Los Angeles,2021-04-01,130388,4950927,60916,2520258,54677,2299327,14795,131342,70982,1498821,59138,1786061,85716,3284882,California
Los Angeles,2021-04-02,128416,5079343,56843,2577101,56700,2356027,14873,146215,68979,1523512,59137,1845198,83828,3368710,California
Los Angeles,2021-04-03,96331,5175674,43831,2620932,39457,2395484,13043,159258,47994,1536327,48173,1893371,60988,3429698,California
Los Angeles,2021-04-04,38935,5214609,20354,2641286,11988,2407472,6593,165851,16690,1537401,22177,1915548,23251,3452949,California
Los Angeles,2021-04-05,93073,5307682,44011,2685297,38938,2446410,10124,175975,44824,1544220,48074,1963622,54893,3507842,California
Los Angeles,2021-04-06,120062,5427744,56493,2741790,43421,2489831,20148,196123,55777,1555981,64060,2027682,75821,3583663,California
Los Angeles,2021-04-07,118647,5546391,53984,2795774,43749,2533580,20914,217037,54286,1566945,64137,2091819,75101,3658764,California
Los Angeles,2021-04-08,131244,5677635,57803,2853577,49553,2583133,23888,240925,59874,1579473,71111,2162930,83639,3742403,California
Los Angeles,2021-04-09,129617,5807252,56051,2909628,49806,2632939,23760,264685,56212,1586179,73142,2236072,79848,3822251,California
Los Angeles,2021-04-10,100608,5907860,42742,2952370,34015,2666954,23851,288536,37334,1584203,63063,2299135,61087,3883338,California
Los Angeles,2021-04-11,41578,5949438,22481,2974851,9588,2676542,9509,298045,14485,1581129,27024,2326159,23950,3907288,California
Los Angeles,2021-04-12,78291,6027729,38346,3013197,33677,2710219,6268,304313,32659,1574554,45451,2371610,38876,3946164,California
Los Angeles,2021-04-13,116742,6144471,58771,3071968,57552,2767771,419,304732,61861,1582167,54672,2426282,62285,4008449,California
Los Angeles,2021-04-14,116725,6261196,58778,3130746,57819,2825590,128,304860,63504,1592808,52985,2479267,63626,4072075,California
Los Angeles,2021-04-15,127433,6388629,69185,3199931,58079,2883669,169,305029,72952,1611562,54240,2533507,72994,4145069,California
Los Angeles,2021-04-16,127901,6516530,68110,3268041,59650,2943319,141,305170,67614,1619210,60038,2593545,67686,4212755,California
Los Angeles,2021-04-17,96610,6613140,50614,3318655,45971,2989290,25,305195,54974,1632755,41452,2634997,54997,4267752,California
Los Angeles,2021-04-18,33763,6646903,22396,3341051,11366,3000656,1,305196,18659,1636380,15040,2650037,18665,4286417,California
Los Angeles,2021-04-19,74303,6721206,39502,3380553,34791,3035447,10,305206,33288,1628823,40863,2690900,33306,4319723,California
Los Angeles,2021-04-20,100924,6822130,49488,3430041,51418,3086865,18,305224,50140,1628409,50573,2741473,50159,4369882,California
Los Angeles,2021-04-21,108471,6930601,52127,3482168,56156,3143021,188,305412,48198,1616789,60008,2801481,48388,4418270,California
Los Angeles,2021-04-22,114160,7044761,58903,3541071,55223,3198244,34,305446,50109,1603158,63779,2865260,50148,4468418,California
Los Angeles,2021-04-23,112964,7157725,61958,3603029,50990,3249234,16,305462,53832,1598139,58869,2924129,53850,4522268,California
Los Angeles,2021-04-24,87466,7245191,56239,3659268,31201,3280435,26,305488,48796,1608501,38466,2962595,48828,4571096,California
Los Angeles,2021-04-25,37740,7282931,25081,3684349,12654,3293089,5,305493,20412,1611680,17238,2979833,20417,4591513,California
Los Angeles,2021-04-26,66871,7349802,35910,3720259,30515,3323604,446,305939,33116,1611652,33584,3013417,33556,4625069,California
Los Angeles,2021-04-27,83909,7433711,40249,3760508,41985,3365589,1675,307614,31849,1593343,51824,3065241,33515,4658584,California
Los Angeles,2021-04-28,84143,7517854,40732,3801240,41400,3406989,2011,309625,32813,1577086,51074,3116315,34817,4693401,California
Los Angeles,2021-04-29,90453,7608307,45273,3846513,43078,3450067,2102,311727,32090,1553235,58044,3174359,34193,4727594,California
Los Angeles,2021-04-30,98122,7706429,48704,3895217,47055,3497122,2363,314090,35769,1529341,62013,3236372,38119,4765713,California
Los Angeles,2021-05-01,74570,7780999,41997,3937214,31084,3528206,1489,315579,28219,1512913,46133,3282505,29705,4795418,California
Los Angeles,2021-05-02,27895,7808894,17898,3955112,9263,3537469,734,316313,10098,1506056,17687,3300192,10830,4806248,California
Los Angeles,2021-05-03,59839,7868733,29360,3984472,28327,3565796,2152,318465,20953,1490471,38680,3338872,23095,4829343,California
Los Angeles,2021-05-04,84128,7952861,46385,4030857,35562,3601358,2181,320646,25648,1460085,58208,3397080,27822,4857165,California
Los Angeles,2021-05-05,74754,8027615,46371,4077228,26143,3627501,2240,322886,20911,1429646,53578,3450658,23139,4880304,California
Los Angeles,2021-05-06,81869,8109484,51657,4128885,27825,3655326,2387,325273,19858,1390179,61693,3512351,22226,4902530,California
Los Angeles,2021-05-07,81124,8190608,50876,4179761,28022,3683348,2226,327499,22267,1356087,58575,3570926,24483,4927013,California
Los Angeles,2021-05-08,55873,8246481,38362,4218123,15920,3699268,1591,329090,15096,1332410,40356,3611282,16679,4943692,California
Los Angeles,2021-05-09,22372,8268853,17355,4235478,4293,3703561,724,329814,5892,1322740,16283,3627565,6613,4950305,California
Los Angeles,2021-05-10,37270,8306123,21779,4257257,13811,3717372,1680,331494,12004,1311399,25018,3652583,13677,4963982,California
Los Angeles,2021-05-11,35242,8341365,22973,4280230,11377,3728749,892,332386,6834,1290845,28265,3680848,7711,4971693,California
Madera,2020-12-16,22,22,22,22,0,0,0,0,22,22,0,0,22,22,California
Madera,2020-12-17,13,35,13,35,0,0,0,0,13,35,0,0,13,35,California
Madera,2020-12-18,60,95,60,95,0,0,0,0,60,95,0,0,60,95,California
Madera,2020-12-19,5,100,5,100,0,0,0,0,5,100,0,0,5,100,California
Madera,2020-12-20,14,114,14,114,0,0,0,0,14,114,0,0,14,114,California
Madera,2020-12-21,60,174,60,174,0,0,0,0,60,174,0,0,60,174,California
Madera,2020-12-22,97,271,95,269,2,2,0,0,97,271,0,0,97,271,California
Madera,2020-12-23,67,338,67,336,0,2,0,0,67,338,0,0,67,338,California
Madera,2020-12-24,45,383,40,376,5,7,0,0,45,383,0,0,45,383,California
Madera,2020-12-26,28,411,26,402,2,9,0,0,28,411,0,0,28,411,California
Madera,2020-12-27,30,441,12,414,18,27,0,0,30,441,0,0,30,441,California
Madera,2020-12-28,107,548,37,451,70,97,0,0,107,548,0,0,107,548,California
Madera,2020-12-29,175,723,40,491,135,232,0,0,175,723,0,0,175,723,California
Madera,2020-12-30,218,941,86,577,132,364,0,0,218,941,0,0,218,941,California
Madera,2020-12-31,201,1142,80,657,121,485,0,0,201,1142,0,0,201,1142,California
Madera,2021-01-01,1,1143,1,658,0,485,0,0,1,1143,0,0,1,1143,California
Madera,2021-01-02,89,1232,33,691,56,541,0,0,89,1232,0,0,89,1232,California
Madera,2021-01-03,5,1237,5,696,0,541,0,0,5,1237,0,0,5,1237,California
Madera,2021-01-04,129,1366,65,761,64,605,0,0,129,1366,0,0,129,1366,California
Madera,2021-01-05,279,1645,143,904,136,741,0,0,275,1637,4,4,275,1641,California
Madera,2021-01-06,184,1829,27,931,157,898,0,0,164,1781,20,24,164,1805,California
Madera,2021-01-07,396,2225,113,1044,283,1181,0,0,374,2133,22,46,374,2179,California
Madera,2021-01-08,418,2643,72,1116,346,1527,0,0,363,2443,54,100,364,2543,California
Madera,2021-01-09,37,2680,14,1130,23,1550,0,0,28,2462,9,109,28,2571,California
Madera,2021-01-10,17,2697,14,1144,3,1553,0,0,5,2455,12,121,5,2576,California
Madera,2021-01-11,237,2934,189,1333,48,1601,0,0,195,2608,42,163,195,2771,California
Madera,2021-01-12,390,3324,157,1490,233,1834,0,0,284,2786,106,269,284,3055,California
Madera,2021-01-13,185,3509,91,1581,94,1928,0,0,129,2860,56,325,130,3185,California
Madera,2021-01-14,554,4063,82,1663,472,2400,0,0,520,3346,34,359,520,3705,California
Madera,2021-01-15,600,4663,160,1823,440,2840,0,0,579,3904,21,380,579,4284,California
Madera,2021-01-16,382,5045,47,1870,335,3175,0,0,353,4228,29,409,353,4637,California
Madera,2021-01-17,335,5380,15,1885,320,3495,0,0,331,4555,4,413,331,4968,California
Madera,2021-01-18,77,5457,61,1946,16,3511,0,0,58,4595,18,431,58,5026,California
Madera,2021-01-19,572,6029,135,2081,437,3948,0,0,545,5114,27,458,546,5572,California
Madera,2021-01-20,235,6264,80,2161,155,4103,0,0,207,5294,27,485,207,5779,California
Madera,2021-01-21,238,6502,131,2292,107,4210,0,0,205,5468,31,516,205,5984,California
Madera,2021-01-22,257,6759,83,2375,174,4384,0,0,243,5697,14,530,243,6227,California
Madera,2021-01-23,100,6859,52,2427,48,4432,0,0,76,5749,24,554,76,6303,California
Madera,2021-01-24,101,6960,82,2509,19,4451,0,0,78,5804,23,577,78,6381,California
Madera,2021-01-25,255,7215,124,2633,131,4582,0,0,141,5831,114,691,141,6522,California
Madera,2021-01-26,483,7698,189,2822,294,4876,0,0,294,5938,188,879,295,6817,California
Madera,2021-01-27,737,8435,63,2885,674,5550,0,0,600,6403,137,1016,602,7419,California
Madera,2021-01-28,542,8977,106,2991,436,5986,0,0,439,6739,103,1119,439,7858,California
Madera,2021-01-29,468,9445,95,3086,373,6359,0,0,412,7095,56,1175,412,8270,California
Madera,2021-01-30,505,9950,16,3102,489,6848,0,0,451,7492,54,1229,451,8721,California
Madera,2021-01-31,9,9959,6,3108,3,6851,0,0,8,7499,1,1230,8,8729,California
Madera,2021-02-01,258,10217,73,3181,185,7036,0,0,198,7637,60,1290,198,8927,California
Madera,2021-02-02,251,10468,87,3268,164,7200,0,0,161,7710,89,1379,162,9089,California
Madera,2021-02-03,594,11062,460,3728,134,7334,0,0,475,8069,117,1496,476,9565,California
Madera,2021-02-04,389,11451,121,3849,268,7602,0,0,112,7906,276,1772,113,9678,California
Madera,2021-02-05,975,12426,297,4146,678,8280,0,0,369,7675,601,2373,370,10048,California
Madera,2021-02-06,359,12785,324,4470,35,8315,0,0,320,7957,38,2411,320,10368,California
Madera,2021-02-07,35,12820,7,4477,28,8343,0,0,30,7982,5,2416,30,10398,California
Madera,2021-02-08,384,13204,308,4785,76,8419,0,0,270,8139,113,2529,270,10668,California
Madera,2021-02-09,480,13684,119,4904,361,8780,0,0,198,8059,279,2808,199,10867,California
Madera,2021-02-10,431,14115,149,5053,282,9062,0,0,325,8278,106,2914,325,11192,California
Madera,2021-02-11,935,15050,307,5360,628,9690,0,0,406,8157,528,3442,407,11599,California
Madera,2021-02-12,844,15894,120,5480,724,10414,0,0,311,7944,527,3969,314,11913,California
Madera,2021-02-13,485,16379,44,5524,441,10855,0,0,139,7740,345,4314,141,12054,California
Madera,2021-02-14,399,16778,75,5599,324,11179,0,0,137,7616,262,4576,138,12192,California
Madera,2021-02-15,244,17022,98,5697,146,11325,0,0,175,7723,68,4644,175,12367,California
Madera,2021-02-16,775,17797,183,5880,592,11917,0,0,229,7409,544,5188,230,12597,California
Madera,2021-02-17,609,18406,274,6154,335,12252,0,0,339,7485,265,5453,341,12938,California
Madera,2021-02-18,1299,19705,540,6694,759,13011,0,0,1121,8429,178,5631,1122,14060,California
Madera,2021-02-19,861,20566,545,7239,316,13327,0,0,719,9007,142,5773,720,14780,California
Madera,2021-02-20,1070,21636,979,8218,91,13418,0,0,999,9937,70,5843,1000,15780,California
Madera,2021-02-21,962,22598,819,9037,143,13561,0,0,957,10889,5,5848,957,16737,California
Madera,2021-02-22,909,23507,833,9870,76,13637,0,0,855,11690,54,5902,855,17592,California
Madera,2021-02-23,770,24277,497,10367,273,13910,0,0,550,12021,219,6121,550,18142,California
Madera,2021-02-24,906,25183,299,10666,607,14517,0,0,377,11870,528,6649,377,18519,California
Madera,2021-02-25,1017,26200,306,10972,711,15228,0,0,587,12029,428,7077,587,19106,California
Madera,2021-02-26,1074,27274,185,11157,889,16117,0,0,698,12353,374,7451,698,19804,California
Madera,2021-02-27,872,28146,245,11402,627,16744,0,0,449,12385,420,7871,452,20256,California
Madera,2021-02-28,189,28335,29,11431,160,16904,0,0,183,12562,6,7877,183,20439,California
Madera,2021-03-01,373,28708,119,11550,254,17158,0,0,193,12577,178,8055,193,20632,California
Madera,2021-03-02,654,29362,268,11818,386,17544,0,0,541,13006,113,8168,542,21174,California
Madera,2021-03-03,1329,30691,707,12525,622,18166,0,0,927,13558,399,8567,951,22125,California
Madera,2021-03-04,1179,31870,506,13031,673,18839,0,0,934,14249,246,8813,937,23062,California
Madera,2021-03-05,1329,33199,407,13438,909,19748,13,13,1064,15074,263,9076,1088,24150,California
Madera,2021-03-06,802,34001,621,14059,149,19897,32,45,484,15273,318,9394,517,24667,California
Madera,2021-03-07,153,34154,27,14086,104,20001,22,67,103,15348,50,9444,125,24792,California
Madera,2021-03-08,597,34751,336,14422,202,20203,59,126,304,15420,293,9737,365,25157,California
Madera,2021-03-09,457,35208,160,14582,263,20466,34,160,279,15565,176,9913,321,25478,California
Madera,2021-03-10,1137,36345,513,15095,547,21013,77,237,709,15928,424,10337,787,26265,California
Madera,2021-03-11,1660,38005,844,15939,484,21497,332,569,749,16111,909,11246,1092,27357,California
Madera,2021-03-12,1531,39536,779,16718,597,22094,155,724,753,16268,776,12022,933,28290,California
Madera,2021-03-13,1811,41347,1268,17986,345,22439,198,922,745,16163,1064,13086,959,29249,California
Madera,2021-03-14,582,41929,448,18434,101,22540,33,955,293,16202,287,13373,326,29575,California
Madera,2021-03-15,737,42666,220,18654,470,23010,47,1002,513,16566,221,13594,585,30160,California
Madera,2021-03-16,825,43491,422,19076,356,23366,47,1049,642,17092,180,13774,706,30866,California
Madera,2021-03-17,1413,44904,932,20008,419,23785,62,1111,861,17561,544,14318,1013,31879,California
Madera,2021-03-18,1875,46779,649,20657,1166,24951,60,1171,911,17659,957,15275,1055,32934,California
Madera,2021-03-19,1521,48300,587,21244,850,25801,84,1255,987,18267,528,15803,1136,34070,California
Madera,2021-03-20,1130,49430,772,22016,307,26108,51,1306,580,18398,548,16351,679,34749,California
Madera,2021-03-21,1073,50503,872,22888,156,26264,45,1351,357,18088,713,17064,403,35152,California
Madera,2021-03-22,1359,51862,851,23739,440,26704,68,1419,686,18214,670,17734,796,35948,California
Madera,2021-03-23,1397,53259,840,24579,466,27170,91,1510,736,18464,659,18393,909,36857,California
Madera,2021-03-24,906,54165,470,25049,405,27575,31,1541,601,18797,303,18696,636,37493,California
Madera,2021-03-25,1126,55291,491,25540,611,28186,24,1565,647,19013,468,19164,684,38177,California
Madera,2021-03-26,1439,56730,510,26050,797,28983,132,1697,673,19061,760,19924,808,38985,California
Madera,2021-03-27,831,57561,530,26580,279,29262,22,1719,373,19005,452,20376,396,39381,California
Madera,2021-03-28,419,57980,136,26716,222,29484,61,1780,229,19159,189,20565,343,39724,California
Madera,2021-03-29,679,58659,179,26895,473,29957,27,1807,488,19490,188,20753,519,40243,California
Madera,2021-03-30,1016,59675,561,27456,423,30380,32,1839,556,19622,457,21210,589,40832,California
Madera,2021-03-31,1321,60996,489,27945,697,31077,135,1974,446,19335,869,22079,582,41414,California
Madera,2021-04-01,1247,62243,538,28483,659,31736,50,2024,440,19021,802,22881,488,41902,California
Madera,2021-04-02,1538,63781,409,28892,1070,32806,59,2083,471,18496,1056,23937,531,42433,California
Madera,2021-04-03,879,64660,683,29575,176,32982,20,2103,382,18412,495,24432,411,42844,California
Madera,2021-04-04,184,64844,65,29640,117,33099,2,2105,85,18400,99,24531,87,42931,California
Madera,2021-04-05,734,65578,255,29895,421,33520,58,2163,340,18419,393,24924,412,43343,California
Madera,2021-04-06,1692,67270,879,30774,464,33984,349,2512,634,18345,1056,25980,982,44325,California
Madera,2021-04-07,1199,68469,371,31145,679,34663,149,2661,456,18215,740,26720,610,44935,California
Madera,2021-04-08,1697,70166,655,31800,786,35449,256,2917,568,17923,1122,27842,830,45765,California
Madera,2021-04-09,1611,71777,673,32473,790,36239,148,3065,940,18349,665,28507,1091,46856,California
Madera,2021-04-10,954,72731,679,33152,208,36447,67,3132,709,18880,246,28753,777,47633,California
Madera,2021-04-11,791,73522,639,33791,73,36520,79,3211,301,18770,487,29240,377,48010,California
Madera,2021-04-12,778,74300,265,34056,435,36955,78,3289,301,18673,477,29717,380,48390,California
Madera,2021-04-13,1234,75534,609,34665,584,37539,41,3330,727,18946,505,30222,778,49168,California
Madera,2021-04-14,1362,76896,838,35503,524,38063,0,3330,581,18750,783,31005,587,49755,California
Madera,2021-04-15,1123,78019,470,35973,652,38715,1,3331,448,18536,664,31669,450,50205,California
Madera,2021-04-16,1282,79301,519,36492,763,39478,0,3331,443,18152,828,32497,444,50649,California
Madera,2021-04-17,1264,80565,1065,37557,199,39677,0,3331,825,18538,439,32936,825,51474,California
Madera,2021-04-18,244,80809,207,37764,37,39714,0,3331,99,18493,144,33080,99,51573,California
Madera,2021-04-19,798,81607,232,37996,565,40279,1,3332,270,18242,522,33602,271,51844,California
Madera,2021-04-20,865,82472,423,38419,442,40721,0,3332,237,17856,625,34227,239,52083,California
Madera,2021-04-21,854,83326,447,38866,407,41128,0,3332,296,17599,555,34782,298,52381,California
Madera,2021-04-22,1059,84385,510,39376,549,41677,0,3332,393,17331,662,35444,394,52775,California
Madera,2021-04-23,959,85344,304,39680,654,42331,1,3333,345,17068,609,36053,346,53121,California
Madera,2021-04-24,703,86047,464,40144,239,42570,0,3333,283,16936,416,36469,284,53405,California
Madera,2021-04-25,265,86312,161,40305,101,42671,3,3336,118,16915,143,36612,122,53527,California
Madera,2021-04-26,505,86817,89,40394,410,43081,6,3342,104,16625,400,37012,110,53637,California
Madera,2021-04-27,556,87373,257,40651,278,43359,21,3363,297,16686,258,37270,319,53956,California
Madera,2021-04-28,474,87847,197,40848,258,43617,19,3382,236,16704,236,37506,254,54210,California
Madera,2021-04-29,516,88363,240,41088,249,43866,27,3409,251,16724,258,37764,278,54488,California
Madera,2021-04-30,908,89271,505,41593,387,44253,16,3425,255,16346,649,38413,271,54759,California
Madera,2021-05-01,956,90227,864,42457,79,44332,13,3438,388,16179,568,38981,401,55160,California
Madera,2021-05-02,398,90625,350,42807,44,44376,4,3442,149,16083,249,39230,153,55313,California
Madera,2021-05-03,501,91126,200,43007,260,44636,41,3483,99,15824,399,39629,140,55453,California
Madera,2021-05-04,874,92000,429,43436,403,45039,42,3525,211,15414,663,40292,253,55706,California
Madera,2021-05-05,995,92995,477,43913,459,45498,59,3584,276,15033,717,41009,336,56042,California
Madera,2021-05-06,692,93687,240,44153,418,45916,34,3618,156,14692,531,41540,190,56232,California
Madera,2021-05-07,803,94490,275,44428,506,46422,22,3640,194,14305,602,42142,215,56447,California
Madera,2021-05-08,961,95451,755,45183,196,46618,10,3650,187,13730,772,42914,197,56644,California
Madera,2021-05-09,141,95592,16,45199,114,46732,11,3661,29,13659,111,43025,40,56684,California
Madera,2021-05-10,342,95934,78,45277,255,46987,9,3670,104,13536,236,43261,113,56797,California
Madera,2021-05-11,402,96336,130,45407,267,47254,5,3675,99,13338,302,43563,104,56901,California
Marin,2020-12-15,2,2,2,2,0,0,0,0,2,2,0,0,2,2,California
Marin,2020-12-16,107,109,107,109,0,0,0,0,107,109,0,0,107,109,California
Marin,2020-12-17,260,369,260,369,0,0,0,0,260,369,0,0,260,369,California
Marin,2020-12-18,373,742,373,742,0,0,0,0,373,742,0,0,373,742,California
Marin,2020-12-19,349,1091,348,1090,1,1,0,0,349,1091,0,0,349,1091,California
Marin,2020-12-20,167,1258,166,1256,1,2,0,0,167,1258,0,0,167,1258,California
Marin,2020-12-21,238,1496,235,1491,3,5,0,0,238,1496,0,0,238,1496,California
Marin,2020-12-22,521,2017,317,1808,204,209,0,0,521,2017,0,0,521,2017,California
Marin,2020-12-23,730,2747,321,2129,409,618,0,0,730,2747,0,0,730,2747,California
Marin,2020-12-24,357,3104,159,2288,198,816,0,0,357,3104,0,0,357,3104,California
Marin,2020-12-25,27,3131,0,2288,27,843,0,0,27,3131,0,0,27,3131,California
Marin,2020-12-26,143,3274,93,2381,50,893,0,0,143,3274,0,0,143,3274,California
Marin,2020-12-27,92,3366,55,2436,37,930,0,0,92,3366,0,0,92,3366,California
Marin,2020-12-28,408,3774,99,2535,309,1239,0,0,408,3774,0,0,408,3774,California
Marin,2020-12-29,402,4176,88,2623,314,1553,0,0,402,4176,0,0,402,4176,California
Marin,2020-12-30,626,4802,388,3011,238,1791,0,0,626,4802,0,0,626,4802,California
Marin,2020-12-31,197,4999,34,3045,163,1954,0,0,197,4999,0,0,197,4999,California
Marin,2021-01-01,16,5015,6,3051,10,1964,0,0,16,5015,0,0,16,5015,California
Marin,2021-01-02,108,5123,102,3153,6,1970,0,0,108,5123,0,0,108,5123,California
Marin,2021-01-03,54,5177,36,3189,18,1988,0,0,51,5174,0,0,51,5174,California
Marin,2021-01-04,296,5473,192,3381,104,2092,0,0,295,5468,1,1,295,5469,California
Marin,2021-01-05,369,5842,222,3603,147,2239,0,0,326,5751,43,44,326,5795,California
Marin,2021-01-06,819,6661,318,3921,501,2740,0,0,641,6214,178,222,641,6436,California
Marin,2021-01-07,890,7551,502,4423,388,3128,0,0,544,6412,346,568,544,6980,California
Marin,2021-01-08,971,8522,515,4938,456,3584,0,0,594,6630,376,944,594,7574,California
Marin,2021-01-09,620,9142,224,5162,396,3980,0,0,488,6986,132,1076,488,8062,California
Marin,2021-01-10,129,9271,100,5262,29,4009,0,0,55,6967,74,1150,55,8117,California
Marin,2021-01-11,468,9739,326,5588,142,4151,0,0,248,6997,220,1370,250,8367,California
Marin,2021-01-12,935,10674,538,6126,397,4548,0,0,568,7201,364,1734,568,8935,California
Marin,2021-01-13,1175,11849,498,6624,677,5225,0,0,937,7900,238,1972,937,9872,California
Marin,2021-01-14,1068,12917,318,6942,750,5975,0,0,918,8670,148,2120,918,10790,California
Marin,2021-01-15,1155,14072,354,7296,801,6776,0,0,1025,9567,129,2249,1026,11816,California
Marin,2021-01-16,1120,15192,914,8210,206,6982,0,0,1046,10539,74,2323,1046,12862,California
Marin,2021-01-17,1232,16424,1113,9323,119,7101,0,0,1203,11717,28,2351,1206,14068,California
Marin,2021-01-18,360,16784,159,9482,201,7302,0,0,309,11975,51,2402,309,14377,California
Marin,2021-01-19,1156,17940,914,10396,242,7544,0,0,984,12788,171,2573,984,15361,California
Marin,2021-01-20,1790,19730,1208,11604,582,8126,0,0,1060,13129,719,3292,1060,16421,California
Marin,2021-01-21,1685,21415,1062,12666,623,8749,0,0,1332,14113,350,3642,1334,17755,California
Marin,2021-01-22,1701,23116,1089,13755,612,9361,0,0,1533,15478,168,3810,1533,19288,California
Marin,2021-01-23,1843,24959,1341,15096,502,9863,0,0,1754,17144,88,3898,1754,21042,California
Marin,2021-01-24,615,25574,166,15262,449,10312,0,0,583,17695,32,3930,583,21625,California
Marin,2021-01-25,1128,26702,229,15491,899,11211,0,0,693,17954,435,4365,694,22319,California
Marin,2021-01-26,1505,28207,783,16274,722,11933,0,0,1130,18710,374,4739,1130,23449,California
Marin,2021-01-27,1714,29921,886,17160,828,12761,0,0,1352,19703,360,5099,1353,24802,California
Marin,2021-01-28,2079,32000,1070,18230,1009,13770,0,0,1815,21256,263,5362,1816,26618,California
Marin,2021-01-29,2195,34195,1446,19676,749,14519,0,0,1991,23056,192,5554,1992,28610,California
Marin,2021-01-30,1721,35916,906,20582,815,15334,0,0,1642,24620,79,5633,1643,30253,California
Marin,2021-01-31,457,36373,320,20902,137,15471,0,0,431,25025,26,5659,431,30684,California
Marin,2021-02-01,1090,37463,416,21318,674,16145,0,0,891,25718,199,5858,892,31576,California
Marin,2021-02-02,1353,38816,463,21781,890,17035,0,0,724,25823,619,6477,724,32300,California
Marin,2021-02-03,1782,40598,429,22210,1353,18388,0,0,1257,26556,524,7001,1257,33557,California
Marin,2021-02-04,1540,42138,513,22723,1027,19415,0,0,937,26893,600,7601,937,34494,California
Marin,2021-02-05,2179,44317,683,23406,1496,20911,0,0,1341,27400,834,8435,1341,35835,California
Marin,2021-02-06,1426,45743,850,24256,576,21487,0,0,604,27183,821,9256,604,36439,California
Marin,2021-02-07,1290,47033,1008,25264,282,21769,0,0,488,26870,801,10057,488,36927,California
Marin,2021-02-08,1521,48554,754,26018,767,22536,0,0,726,26803,793,10850,726,37653,California
Marin,2021-02-09,1783,50337,1122,27140,661,23197,0,0,835,26690,948,11798,835,38488,California
Marin,2021-02-10,2338,52675,1492,28632,846,24043,0,0,1218,26791,1118,12916,1219,39707,California
Marin,2021-02-11,2871,55546,1644,30276,1227,25270,0,0,1454,26837,1411,14327,1457,41164,California
Marin,2021-02-12,3063,58609,1540,31816,1523,26793,0,0,1563,26903,1497,15824,1563,42727,California
Marin,2021-02-13,2337,60946,1243,33059,1094,27887,0,0,1130,26828,1205,17029,1130,43857,California
Marin,2021-02-14,811,61757,302,33361,509,28396,0,0,718,27454,93,17122,719,44576,California
Marin,2021-02-15,1215,62972,355,33716,860,29256,0,0,835,27911,379,17501,836,45412,California
Marin,2021-02-16,2464,65436,1057,34773,1407,30663,0,0,1503,28454,960,18461,1503,46915,California
Marin,2021-02-17,2099,67535,942,35715,1157,31820,0,0,1086,28530,1011,19472,1087,48002,California
Marin,2021-02-18,2417,69952,1581,37296,836,32656,0,0,1059,28232,1357,20829,1059,49061,California
Marin,2021-02-19,2762,72714,2157,39453,605,33261,0,0,1220,27923,1530,22359,1221,50282,California
Marin,2021-02-20,2565,75279,2112,41565,453,33714,0,0,1216,27798,1342,23701,1217,51499,California
Marin,2021-02-21,1285,76564,1092,42657,193,33907,0,0,909,28335,372,24073,909,52408,California
Marin,2021-02-22,1827,78391,1407,44064,420,34327,0,0,1215,28940,610,24683,1215,53623,California
Marin,2021-02-23,2836,81227,1616,45680,1220,35547,0,0,1908,29931,918,25601,1909,55532,California
Marin,2021-02-24,3511,84738,1610,47290,1901,37448,0,0,2251,30930,1253,26854,2252,57784,California
Marin,2021-02-25,3932,88670,1810,49100,2122,39570,0,0,2774,32554,1151,28005,2775,60559,California
Marin,2021-02-26,3494,92164,1890,50990,1604,41174,0,0,2535,34143,947,28952,2536,63095,California
Marin,2021-02-27,2611,94775,1495,52485,1116,42290,0,0,1777,35091,831,29783,1779,64874,California
Marin,2021-02-28,1380,96155,919,53404,461,42751,0,0,1043,35800,334,30117,1043,65917,California
Marin,2021-03-01,2492,98647,1547,54951,945,43696,0,0,1675,36664,811,30928,1675,67592,California
Marin,2021-03-02,2446,101093,1609,56560,836,44532,1,1,1693,37608,750,31678,1694,69286,California
Marin,2021-03-03,4319,105412,2400,58960,1915,46447,4,5,2797,38892,1517,33195,2801,72087,California
Marin,2021-03-04,3348,108760,1652,60612,1695,48142,1,6,2335,40225,1006,34201,2339,74426,California
Marin,2021-03-05,3035,111795,1139,61751,1884,50026,12,18,1780,40765,1252,35453,1792,76218,California
Marin,2021-03-06,3227,115022,2314,64065,835,50861,78,96,2653,42926,569,36022,2730,78948,California
Marin,2021-03-07,1371,116393,1153,65218,194,51055,24,120,981,43545,386,36408,1005,79953,California
Marin,2021-03-08,1875,118268,1370,66588,388,51443,117,237,1408,44606,464,36872,1525,81478,California
Marin,2021-03-09,2100,120368,1219,67807,774,52217,107,344,1427,45469,671,37543,1534,83012,California
Marin,2021-03-10,4400,124768,2459,70266,1660,53877,281,625,3173,47702,1223,38766,3456,86468,California
Marin,2021-03-11,4567,129335,1876,72142,2556,56433,135,760,3273,49823,1287,40053,3408,89876,California
Marin,2021-03-12,3977,133312,1538,73680,2083,58516,356,1116,1566,49345,2400,42453,1922,91798,California
Marin,2021-03-13,4093,137405,2856,76536,1165,59681,72,1188,2418,50157,1673,44126,2485,94283,California
Marin,2021-03-14,2274,139679,1097,77633,1060,60741,117,1305,727,49455,1545,45671,843,95126,California
Marin,2021-03-15,3232,142911,1765,79398,1419,62160,48,1353,1220,48721,2001,47672,1267,96393,California
Marin,2021-03-16,4301,147212,2315,81713,1622,63782,364,1717,1525,47835,2773,50445,1887,98280,California
Marin,2021-03-17,4178,151390,2267,83980,1867,65649,44,1761,2056,47823,2111,52556,2099,100379,California
Marin,2021-03-18,4483,155873,2258,86238,2150,67799,75,1836,2247,47922,2220,54776,2319,102698,California
Marin,2021-03-19,4467,160340,2282,88520,1966,69765,219,2055,2429,48539,2029,56805,2646,105344,California
Marin,2021-03-20,3574,163914,1980,90500,1480,71245,114,2169,2032,49151,1535,58340,2147,107491,California
Marin,2021-03-21,1536,165450,1131,91631,380,71625,25,2194,800,49242,734,59074,825,108316,California
Marin,2021-03-22,2470,167920,2136,93767,169,71794,165,2359,994,48930,1471,60545,1159,109475,California
Marin,2021-03-23,4247,172167,2199,95966,1918,73712,130,2489,1933,48685,2308,62853,2063,111538,California
Marin,2021-03-24,4419,176586,2899,98865,1416,75128,104,2593,1799,47977,2609,65462,1901,113439,California
Marin,2021-03-25,4643,181229,2838,101703,1737,76865,68,2661,2268,47949,2362,67824,2334,115773,California
Marin,2021-03-26,4286,185515,2326,104029,1746,78611,214,2875,2419,48732,1850,69674,2633,118406,California
Marin,2021-03-27,3697,189212,2653,106682,1025,79636,19,2894,1147,47359,2540,72214,1167,119573,California
Marin,2021-03-28,2380,191592,1719,108401,655,80291,6,2900,1104,47199,1270,73484,1110,120683,California
Marin,2021-03-29,2686,194278,2092,110493,569,80860,25,2925,1185,46910,1499,74983,1210,121893,California
Marin,2021-03-30,4654,198932,3644,114137,977,81837,33,2958,3056,48404,1595,76578,3089,124982,California
Marin,2021-03-31,5797,204729,4107,118244,1641,83478,49,3007,2577,47821,3209,79787,2626,127608,California
Marin,2021-04-01,4399,209128,2270,120514,1878,85356,251,3258,2120,47919,2271,82058,2369,129977,California
Marin,2021-04-02,3695,212823,1834,122348,1498,86854,363,3621,1976,48543,1712,83770,2336,132313,California
Marin,2021-04-03,3836,216659,2519,124867,949,87803,368,3989,1466,48018,2359,86129,1834,134147,California
Marin,2021-04-04,1637,218296,1230,126097,203,88006,204,4193,1194,48975,441,86570,1398,135545,California
Marin,2021-04-05,2197,220493,1526,127623,300,88306,371,4564,1268,49688,924,87494,1637,137182,California
Marin,2021-04-06,3948,224441,2110,129733,1288,89594,550,5114,2194,50680,1749,89243,2741,139923,California
Marin,2021-04-07,3914,228355,1981,131714,1294,90888,639,5753,1428,50268,2479,91722,2067,141990,California
Marin,2021-04-08,5003,233358,1957,133671,2439,93327,607,6360,2287,50445,2707,94429,2884,144874,California
Marin,2021-04-09,3954,237312,1541,135212,1687,95014,726,7086,1303,49824,2646,97075,2025,146899,California
Marin,2021-04-10,3185,240497,1462,136674,1290,96304,433,7519,1436,49952,1739,98814,1867,148766,California
Marin,2021-04-11,1060,241557,804,137478,94,96398,162,7681,476,50007,582,99396,637,149403,California
Marin,2021-04-12,1737,243294,1237,138715,340,96738,160,7841,926,50286,808,100204,1087,150490,California
Marin,2021-04-13,3707,247001,2267,140982,1433,98171,7,7848,1343,49282,2354,102558,1350,151840,California
Marin,2021-04-14,4147,251148,2475,143457,1670,99841,2,7850,1699,48541,2441,104999,1700,153540,California
Marin,2021-04-15,5555,256703,3934,147391,1621,101462,0,7850,3182,49364,2360,107359,3183,156723,California
Marin,2021-04-16,4240,260943,2234,149625,2003,103465,3,7853,2061,49261,2167,109526,2064,158787,California
Marin,2021-04-17,3520,264463,2151,151776,1369,104834,0,7853,1759,49264,1756,111282,1759,160546,California
Marin,2021-04-18,3196,267659,3094,154870,102,104936,0,7853,2560,51191,633,111915,2560,163106,California
Marin,2021-04-19,2017,269676,1849,156719,168,105104,0,7853,1161,51501,853,112768,1163,164269,California
Marin,2021-04-20,3690,273366,2551,159270,1139,106243,0,7853,1476,50768,2209,114977,1476,165745,California
Marin,2021-04-21,3996,277362,2937,162207,1056,107299,3,7856,1371,49529,2611,117588,1372,167117,California
Marin,2021-04-22,4207,281569,3206,165413,1001,108300,0,7856,1482,48297,2717,120305,1485,168602,California
Marin,2021-04-23,3223,284792,1825,167238,1398,109698,0,7856,1235,47550,1983,122288,1236,169838,California
Marin,2021-04-24,2518,287310,1691,168929,826,110524,1,7857,925,46892,1584,123872,926,170764,California
Marin,2021-04-25,1388,288698,1271,170200,117,110641,0,7857,312,46134,1070,124942,312,171076,California
Marin,2021-04-26,1512,290210,1321,171521,188,110829,3,7860,336,45300,1174,126116,340,171416,California
Marin,2021-04-27,2918,293128,2134,173655,746,111575,38,7898,939,44304,1969,128085,973,172389,California
Marin,2021-04-28,2286,295414,1576,175231,663,112238,47,7945,719,43505,1564,129649,765,173154,California
Marin,2021-04-29,2874,298288,1968,177199,844,113082,62,8007,791,42282,2076,131725,853,174007,California
Marin,2021-04-30,1947,300235,1271,178470,588,113670,88,8095,695,41820,1245,132970,783,174790,California
Marin,2021-05-01,1808,302043,1003,179473,782,114452,23,8118,527,41097,1273,134243,550,175340,California
Marin,2021-05-02,724,302767,587,180060,108,114560,29,8147,202,40809,518,134761,230,175570,California
Marin,2021-05-03,1212,303979,988,181048,170,114730,54,8201,264,40181,945,135706,317,175887,California
Marin,2021-05-04,2923,306902,1965,183013,868,115598,90,8291,477,38308,2440,138146,567,176454,California
Marin,2021-05-05,2687,309589,1975,184988,597,116195,115,8406,437,36615,2245,140391,552,177006,California
Marin,2021-05-06,3247,312836,2526,187514,635,116830,86,8492,426,34314,2813,143204,512,177518,California
Marin,2021-05-07,2041,314877,1544,189058,407,117237,90,8582,393,33154,1641,144845,481,177999,California
Marin,2021-05-08,2470,317347,1858,190916,493,117730,119,8701,348,31506,2115,146960,467,178466,California
Marin,2021-05-09,981,318328,901,191817,60,117790,20,8721,115,30777,864,147824,135,178601,California
Marin,2021-05-10,1379,319707,1132,192949,184,117974,63,8784,200,29864,1176,149000,263,178864,California
Marin,2021-05-11,1096,320803,837,193786,242,118216,17,8801,140,29066,955,149955,157,179021,California
Mariposa,2020-12-17,37,37,37,37,0,0,0,0,39,39,0,0,39,39,California
Mariposa,2020-12-18,55,92,55,92,0,0,0,0,56,95,0,0,56,95,California
Mariposa,2020-12-20,2,94,2,94,0,0,0,0,2,97,0,0,2,97,California
Mariposa,2020-12-21,47,141,47,141,0,0,0,0,52,149,0,0,52,149,California
Mariposa,2020-12-22,5,146,5,146,0,0,0,0,5,154,0,0,5,154,California
Mariposa,2020-12-23,17,163,17,163,0,0,0,0,17,171,0,0,17,171,California
Mariposa,2020-12-24,1,164,0,163,1,1,0,0,0,171,0,0,0,171,California
Mariposa,2020-12-26,1,165,1,164,0,1,0,0,1,172,0,0,1,172,California
Mariposa,2020-12-27,1,166,0,164,1,2,0,0,1,173,0,0,1,173,California
Mariposa,2020-12-28,6,172,3,167,3,5,0,0,6,179,0,0,6,179,California
Mariposa,2020-12-29,33,205,3,170,30,35,0,0,33,212,0,0,33,212,California
Mariposa,2020-12-30,25,230,4,174,21,56,0,0,25,237,0,0,25,237,California
Mariposa,2020-12-31,16,246,0,174,16,72,0,0,16,253,0,0,16,253,California
Mariposa,2021-01-02,1,247,1,175,0,72,0,0,1,254,0,0,1,254,California
Mariposa,2021-01-04,8,255,1,176,7,79,0,0,8,262,0,0,8,262,California
Mariposa,2021-01-05,24,279,14,190,10,89,0,0,14,266,10,10,14,276,California
Mariposa,2021-01-06,6,285,3,193,3,92,0,0,3,266,3,13,3,279,California
Mariposa,2021-01-07,51,336,46,239,5,97,0,0,5,225,46,59,5,284,California
Mariposa,2021-01-08,108,444,79,318,29,126,0,0,33,183,75,134,33,317,California
Mariposa,2021-01-09,1,445,0,318,1,127,0,0,1,184,0,134,1,318,California
Mariposa,2021-01-11,31,476,10,328,21,148,0,0,23,199,8,142,23,341,California
Mariposa,2021-01-12,19,495,4,332,15,163,0,0,15,210,4,146,15,356,California
Mariposa,2021-01-13,21,516,4,336,17,180,0,0,18,225,3,149,18,374,California
Mariposa,2021-01-14,73,589,7,343,66,246,0,0,67,286,6,155,67,441,California
Mariposa,2021-01-15,66,655,26,369,40,286,0,0,56,332,10,165,56,497,California
Mariposa,2021-01-16,14,669,2,371,12,298,0,0,13,344,1,166,13,510,California
Mariposa,2021-01-17,2,671,0,371,2,300,0,0,2,346,0,166,2,512,California
Mariposa,2021-01-18,3,674,3,374,0,300,0,0,1,345,2,168,1,513,California
Mariposa,2021-01-19,8,682,4,378,4,304,0,0,5,348,2,170,5,518,California
Mariposa,2021-01-20,23,705,1,379,22,326,0,0,22,369,1,171,22,540,California
Mariposa,2021-01-21,65,770,7,386,58,384,0,0,61,426,4,175,61,601,California
Mariposa,2021-01-22,56,826,2,388,54,438,0,0,56,482,0,175,56,657,California
Mariposa,2021-01-23,116,942,2,390,114,552,0,0,115,596,1,176,115,772,California
Mariposa,2021-01-24,2,944,2,392,0,552,0,0,2,598,0,176,2,774,California
Mariposa,2021-01-25,4,948,1,393,3,555,0,0,0,594,4,180,0,774,California
Mariposa,2021-01-26,36,984,4,397,32,587,0,0,4,570,32,212,8,782,California
Mariposa,2021-01-27,22,1006,1,398,21,608,0,0,13,574,9,221,13,795,California
Mariposa,2021-01-28,126,1132,3,401,123,731,0,0,113,675,12,233,113,908,California
Mariposa,2021-01-29,84,1216,22,423,62,793,0,0,83,757,1,234,83,991,California
Mariposa,2021-01-30,9,1225,1,424,8,801,0,0,8,764,1,235,8,999,California
Mariposa,2021-01-31,1,1226,0,424,1,802,0,0,1,765,0,235,1,1000,California
Mariposa,2021-02-01,87,1313,30,454,57,859,0,0,66,810,21,256,66,1066,California
Mariposa,2021-02-02,15,1328,3,457,12,871,0,0,9,813,6,262,9,1075,California
Mariposa,2021-02-03,20,1348,1,458,19,890,0,0,14,821,6,268,14,1089,California
Mariposa,2021-02-04,96,1444,8,466,88,978,0,0,91,909,4,272,92,1181,California
Mariposa,2021-02-05,189,1633,5,471,184,1162,0,0,163,1046,26,298,163,1344,California
Mariposa,2021-02-06,11,1644,4,475,7,1169,0,0,10,1055,1,299,10,1354,California
Mariposa,2021-02-07,1,1645,0,475,1,1170,0,0,1,1056,0,299,1,1355,California
Mariposa,2021-02-08,40,1685,2,477,38,1208,0,0,21,1058,19,318,21,1376,California
Mariposa,2021-02-09,43,1728,25,502,18,1226,0,0,37,1089,6,324,37,1413,California
Mariposa,2021-02-10,28,1756,5,507,23,1249,0,0,17,1102,10,334,23,1436,California
Mariposa,2021-02-11,375,2131,5,512,370,1619,0,0,361,1452,14,348,364,1800,California
Mariposa,2021-02-12,184,2315,8,520,176,1795,0,0,141,1550,43,391,141,1941,California
Mariposa,2021-02-13,11,2326,3,523,8,1803,0,0,9,1557,2,393,9,1950,California
Mariposa,2021-02-14,8,2334,4,527,4,1807,0,0,5,1559,3,396,5,1955,California
Mariposa,2021-02-15,9,2343,3,530,6,1813,0,0,7,1564,2,398,7,1962,California
Mariposa,2021-02-16,57,2400,34,564,23,1836,0,0,34,1575,23,421,34,1996,California
Mariposa,2021-02-17,36,2436,8,572,28,1864,0,0,27,1595,8,429,28,2024,California
Mariposa,2021-02-18,57,2493,7,579,50,1914,0,0,20,1578,37,466,20,2044,California
Mariposa,2021-02-19,82,2575,3,582,79,1993,0,0,77,1650,5,471,77,2121,California
Mariposa,2021-02-20,252,2827,4,586,248,2241,0,0,222,1843,29,500,222,2343,California
Mariposa,2021-02-21,236,3063,3,589,233,2474,0,0,235,2077,1,501,235,2578,California
Mariposa,2021-02-22,23,3086,7,596,16,2490,0,0,21,2096,2,503,21,2599,California
Mariposa,2021-02-23,42,3128,36,632,6,2496,0,0,25,2104,17,520,25,2624,California
Mariposa,2021-02-24,20,3148,3,635,17,2513,0,0,8,2101,11,531,8,2632,California
Mariposa,2021-02-25,17,3165,8,643,9,2522,0,0,11,2106,6,537,11,2643,California
Mariposa,2021-02-26,421,3586,7,650,414,2936,0,0,360,2406,61,598,361,3004,California
Mariposa,2021-02-27,171,3757,5,655,166,3102,0,0,160,2555,11,609,160,3164,California
Mariposa,2021-02-28,2,3759,1,656,1,3103,0,0,0,2553,2,611,0,3164,California
Mariposa,2021-03-01,82,3841,26,682,56,3159,0,0,17,2506,64,675,17,3181,California
Mariposa,2021-03-02,21,3862,14,696,7,3166,0,0,11,2508,9,684,11,3192,California
Mariposa,2021-03-03,70,3932,5,701,65,3231,0,0,66,2571,4,688,67,3259,California
Mariposa,2021-03-04,36,3968,8,709,28,3259,0,0,20,2576,16,704,21,3280,California
Mariposa,2021-03-05,54,4022,9,718,45,3304,0,0,38,2603,16,720,43,3323,California
Mariposa,2021-03-06,15,4037,6,724,9,3313,0,0,7,2602,8,728,7,3330,California
Mariposa,2021-03-07,1,4038,1,725,0,3313,0,0,0,2601,1,729,0,3330,California
Mariposa,2021-03-08,38,4076,4,729,23,3336,11,11,9,2592,29,758,20,3350,California
Mariposa,2021-03-09,45,4121,18,747,17,3353,10,21,14,2585,31,789,24,3374,California
Mariposa,2021-03-10,29,4150,9,756,10,3363,10,31,9,2584,20,809,19,3393,California
Mariposa,2021-03-11,466,4616,6,762,442,3805,18,49,224,2588,241,1050,245,3638,California
Mariposa,2021-03-12,254,4870,8,770,219,4024,27,76,114,2588,140,1190,140,3778,California
Mariposa,2021-03-13,32,4902,6,776,11,4035,15,91,11,2592,21,1211,25,3803,California
Mariposa,2021-03-14,17,4919,2,778,4,4039,11,102,3,2592,14,1225,14,3817,California
Mariposa,2021-03-15,76,4995,7,785,31,4070,38,140,31,2616,45,1270,69,3886,California
Mariposa,2021-03-16,82,5077,32,817,15,4085,35,175,24,2617,58,1328,59,3945,California
Mariposa,2021-03-17,71,5148,10,827,53,4138,8,183,51,2657,19,1347,59,4004,California
Mariposa,2021-03-18,66,5214,15,842,41,4179,10,193,41,2683,25,1372,51,4055,California
Mariposa,2021-03-19,338,5552,11,853,322,4501,5,198,303,2956,35,1407,308,4363,California
Mariposa,2021-03-20,426,5978,5,858,419,4920,2,200,46,2625,380,1787,49,4412,California
Mariposa,2021-03-21,14,5992,8,866,5,4925,1,201,9,2631,4,1791,10,4422,California
Mariposa,2021-03-22,36,6028,7,873,21,4946,8,209,24,2652,12,1803,33,4455,California
Mariposa,2021-03-23,53,6081,33,906,10,4956,10,219,32,2673,21,1824,42,4497,California
Mariposa,2021-03-24,55,6136,5,911,48,5004,2,221,50,2720,5,1829,52,4549,California
Mariposa,2021-03-25,73,6209,15,926,50,5054,8,229,53,2761,20,1849,61,4610,California
Mariposa,2021-03-26,486,6695,9,935,476,5530,1,230,250,2776,236,2085,251,4861,California
Mariposa,2021-03-27,225,6920,8,943,217,5747,0,230,90,2733,135,2220,92,4953,California
Mariposa,2021-03-28,5,6925,0,943,2,5749,3,233,1,2733,4,2224,4,4957,California
Mariposa,2021-03-29,19,6944,6,949,13,5762,0,233,12,2738,7,2231,12,4969,California
Mariposa,2021-03-30,36,6980,13,962,7,5769,16,249,13,2744,23,2254,29,4998,California
Mariposa,2021-03-31,91,7071,16,978,68,5837,7,256,71,2802,20,2274,78,5076,California
Mariposa,2021-04-01,51,7122,9,987,34,5871,8,264,31,2821,20,2294,39,5115,California
Mariposa,2021-04-02,347,7469,11,998,334,6205,2,266,307,3091,39,2333,309,5424,California
Mariposa,2021-04-03,10,7479,7,1005,3,6208,0,266,5,3091,5,2338,5,5429,California
Mariposa,2021-04-04,2,7481,1,1006,0,6208,1,267,0,3090,2,2340,1,5430,California
Mariposa,2021-04-05,31,7512,23,1029,5,6213,3,270,15,3092,16,2356,18,5448,California
Mariposa,2021-04-06,44,7556,20,1049,8,6221,16,286,14,3093,29,2385,30,5478,California
Mariposa,2021-04-07,97,7653,6,1055,72,6293,19,305,28,3071,69,2454,47,5525,California
Mariposa,2021-04-08,275,7928,13,1068,243,6536,19,324,140,3098,133,2587,160,5685,California
Mariposa,2021-04-09,34,7962,9,1077,13,6549,12,336,10,3096,24,2611,22,5707,California
Mariposa,2021-04-10,202,8164,3,1080,189,6738,10,346,188,3280,13,2624,197,5904,California
Mariposa,2021-04-11,115,8279,4,1084,109,6847,2,348,48,3264,67,2691,51,5955,California
Mariposa,2021-04-12,38,8317,12,1096,24,6871,2,350,9,3246,29,2720,11,5966,California
Mariposa,2021-04-13,53,8370,45,1141,8,6879,0,350,34,3261,19,2739,34,6000,California
Mariposa,2021-04-14,112,8482,7,1148,105,6984,0,350,58,3266,53,2792,58,6058,California
Mariposa,2021-04-15,55,8537,17,1165,38,7022,0,350,40,3294,12,2804,40,6098,California
Mariposa,2021-04-16,381,8918,11,1176,370,7392,0,350,106,3125,275,3079,106,6204,California
Mariposa,2021-04-17,10,8928,5,1181,5,7397,0,350,7,3129,3,3082,7,6211,California
Mariposa,2021-04-18,6,8934,0,1181,6,7403,0,350,3,3129,3,3085,3,6214,California
Mariposa,2021-04-19,54,8988,23,1204,31,7434,0,350,27,3131,25,3110,27,6241,California
Mariposa,2021-04-20,62,9050,49,1253,13,7447,0,350,39,3149,21,3131,39,6280,California
Mariposa,2021-04-21,88,9138,12,1265,76,7523,0,350,40,3142,47,3178,40,6320,California
Mariposa,2021-04-22,44,9182,8,1273,36,7559,0,350,36,3171,7,3185,36,6356,California
Mariposa,2021-04-23,314,9496,69,1342,245,7804,0,350,145,3148,169,3354,146,6502,California
Mariposa,2021-04-24,105,9601,10,1352,95,7899,0,350,42,3128,62,3416,42,6544,California
Mariposa,2021-04-26,12,9613,9,1361,3,7902,0,350,2,3120,10,3426,2,6546,California
Mariposa,2021-04-27,29,9642,15,1376,13,7915,1,351,14,3124,11,3437,15,6561,California
Mariposa,2021-04-28,68,9710,13,1389,53,7968,2,353,28,3114,40,3477,30,6591,California
Mariposa,2021-04-29,45,9755,12,1401,32,8000,1,354,40,3150,5,3482,41,6632,California
Mariposa,2021-04-30,50,9805,4,1405,41,8041,5,359,39,3183,11,3493,44,6676,California
Mariposa,2021-05-01,1,9806,1,1406,0,8041,0,359,0,3182,1,3494,0,6676,California
Mariposa,2021-05-02,3,9809,2,1408,0,8041,1,360,0,3180,3,3497,1,6677,California
Mariposa,2021-05-03,15,9824,12,1420,2,8043,1,361,7,3181,7,3504,8,6685,California
Mariposa,2021-05-04,50,9874,31,1451,15,8058,4,365,36,3207,14,3518,40,6725,California
Mariposa,2021-05-05,54,9928,8,1459,44,8102,2,367,19,3193,35,3553,21,6746,California
Mariposa,2021-05-06,55,9983,33,1492,16,8118,6,373,36,3216,19,3572,42,6788,California
Mariposa,2021-05-07,25,10008,8,1500,14,8132,3,376,15,3224,10,3582,18,6806,California
Mariposa,2021-05-08,28,10036,4,1504,24,8156,0,376,23,3242,5,3587,23,6829,California
Mariposa,2021-05-09,2,10038,1,1505,1,8157,0,376,0,3240,2,3589,0,6829,California
Mariposa,2021-05-10,10,10048,6,1511,2,8159,2,378,2,3236,8,3597,4,6833,California
Mariposa,2021-05-11,19,10067,17,1528,2,8161,0,378,11,3240,7,3604,11,6844,California
Mendocino,2020-12-17,70,70,70,70,0,0,0,0,70,70,0,0,70,70,California
Mendocino,2020-12-18,85,155,84,154,1,1,0,0,84,154,0,0,84,154,California
Mendocino,2020-12-19,4,159,4,158,0,1,0,0,4,158,0,0,4,158,California
Mendocino,2020-12-20,7,166,7,165,0,1,0,0,7,165,0,0,7,165,California
Mendocino,2020-12-21,241,407,241,406,0,1,0,0,77,242,0,0,77,242,California
Mendocino,2020-12-22,251,658,190,596,61,62,0,0,251,493,0,0,251,493,California
Mendocino,2020-12-23,270,928,47,643,223,285,0,0,269,762,0,0,269,762,California
Mendocino,2020-12-24,49,977,8,651,41,326,0,0,49,811,0,0,49,811,California
Mendocino,2020-12-25,1,978,0,651,1,327,0,0,1,812,0,0,1,812,California
Mendocino,2020-12-26,2,980,2,653,0,327,0,0,2,814,0,0,2,814,California
Mendocino,2020-12-27,1,981,0,653,1,328,0,0,1,815,0,0,1,815,California
Mendocino,2020-12-28,74,1055,9,662,65,393,0,0,74,889,0,0,74,889,California
Mendocino,2020-12-29,122,1177,61,723,61,454,0,0,122,1011,0,0,122,1011,California
Mendocino,2020-12-30,123,1300,68,791,55,509,0,0,123,1134,0,0,123,1134,California
Mendocino,2020-12-31,132,1432,97,888,35,544,0,0,132,1266,0,0,132,1266,California
Mendocino,2021-01-01,8,1440,6,894,2,546,0,0,8,1274,0,0,8,1274,California
Mendocino,2021-01-04,840,2280,19,913,821,1367,0,0,840,2114,0,0,840,2114,California
Mendocino,2021-01-05,71,2351,35,948,36,1403,0,0,58,2159,13,13,58,2172,California
Mendocino,2021-01-06,155,2506,133,1081,22,1425,0,0,145,2294,10,23,145,2317,California
Mendocino,2021-01-07,358,2864,238,1319,120,1545,0,0,295,2526,63,86,295,2612,California
Mendocino,2021-01-08,95,2959,82,1401,13,1558,0,0,41,2514,54,140,42,2654,California
Mendocino,2021-01-09,10,2969,6,1407,4,1562,0,0,8,2520,2,142,8,2662,California
Mendocino,2021-01-10,8,2977,8,1415,0,1562,0,0,1,2514,7,149,1,2663,California
Mendocino,2021-01-11,101,3078,92,1507,9,1571,0,0,43,2500,57,206,43,2706,California
Mendocino,2021-01-12,385,3463,375,1882,10,1581,0,0,269,2653,116,322,269,2975,California
Mendocino,2021-01-13,484,3947,145,2027,339,1920,0,0,442,3056,40,362,443,3418,California
Mendocino,2021-01-14,636,4583,20,2047,616,2536,0,0,627,3674,9,371,627,4045,California
Mendocino,2021-01-15,1857,6440,859,2906,998,3534,0,0,1852,5522,5,376,1853,5898,California
Mendocino,2021-01-16,791,7231,50,2956,741,4275,0,0,789,6309,2,378,789,6687,California
Mendocino,2021-01-17,553,7784,1,2957,552,4827,0,0,552,6860,1,379,552,7239,California
Mendocino,2021-01-18,488,8272,463,3420,25,4852,0,0,476,7324,12,391,476,7715,California
Mendocino,2021-01-19,334,8606,148,3568,186,5038,0,0,158,7306,176,567,158,7873,California
Mendocino,2021-01-20,553,9159,406,3974,147,5185,0,0,447,7650,104,671,448,8321,California
Mendocino,2021-01-21,537,9696,224,4198,313,5498,0,0,351,7816,185,856,351,8672,California
Mendocino,2021-01-22,149,9845,58,4256,91,5589,0,0,110,7887,39,895,110,8782,California
Mendocino,2021-01-23,155,10000,83,4339,72,5661,0,0,149,8030,6,901,149,8931,California
Mendocino,2021-01-24,5,10005,3,4342,2,5663,0,0,5,8035,0,901,5,8936,California
Mendocino,2021-01-25,191,10196,18,4360,173,5836,0,0,121,8086,70,971,121,9057,California
Mendocino,2021-01-26,155,10351,55,4415,100,5936,0,0,95,8121,60,1031,95,9152,California
Mendocino,2021-01-27,440,10791,370,4785,70,6006,0,0,175,8038,258,1289,175,9327,California
Mendocino,2021-01-28,590,11381,526,5311,64,6070,0,0,495,8439,94,1383,495,9822,California
Mendocino,2021-01-29,392,11773,351,5662,41,6111,0,0,363,8774,29,1412,364,10186,California
Mendocino,2021-01-30,49,11822,31,5693,18,6129,0,0,42,8809,7,1419,42,10228,California
Mendocino,2021-01-31,273,12095,2,5695,271,6400,0,0,3,8542,270,1689,3,10231,California
Mendocino,2021-02-01,381,12476,52,5747,329,6729,0,0,59,8279,322,2011,59,10290,California
Mendocino,2021-02-02,724,13200,504,6251,220,6949,0,0,365,8285,359,2370,365,10655,California
Mendocino,2021-02-03,390,13590,205,6456,185,7134,0,0,221,8339,167,2537,221,10876,California
Mendocino,2021-02-04,624,14214,529,6985,95,7229,0,0,500,8715,124,2661,500,11376,California
Mendocino,2021-02-05,1300,15514,1212,8197,88,7317,0,0,583,8583,715,3376,583,11959,California
Mendocino,2021-02-06,559,16073,158,8355,401,7718,0,0,544,9112,15,3391,544,12503,California
Mendocino,2021-02-07,32,16105,28,8383,4,7722,0,0,32,9144,0,3391,32,12535,California
Mendocino,2021-02-08,747,16852,715,9098,32,7754,0,0,285,8967,462,3853,285,12820,California
Mendocino,2021-02-09,141,16993,58,9156,83,7837,0,0,89,9004,52,3905,89,12909,California
Mendocino,2021-02-10,1487,18480,923,10079,564,8401,0,0,742,9012,738,4643,746,13655,California
Mendocino,2021-02-11,1138,19618,208,10287,930,9331,0,0,280,8438,858,5501,284,13939,California
Mendocino,2021-02-12,1406,21024,162,10449,1244,10575,0,0,640,8313,765,6266,640,14579,California
Mendocino,2021-02-13,496,21520,12,10461,484,11059,0,0,103,8029,392,6658,108,14687,California
Mendocino,2021-02-14,693,22213,3,10464,690,11749,0,0,134,7604,559,7217,134,14821,California
Mendocino,2021-02-15,330,22543,42,10506,288,12037,0,0,175,7624,155,7372,175,14996,California
Mendocino,2021-02-16,201,22744,51,10557,150,12187,0,0,130,7683,71,7443,130,15126,California
Mendocino,2021-02-17,1353,24097,1191,11748,162,12349,0,0,877,8086,474,7917,877,16003,California
Mendocino,2021-02-18,1781,25878,640,12388,1141,13490,0,0,1215,8736,565,8482,1215,17218,California
Mendocino,2021-02-19,750,26628,146,12534,604,14094,0,0,611,9208,139,8621,611,17829,California
Mendocino,2021-02-20,571,27199,545,13079,26,14120,0,0,540,9719,29,8650,540,18369,California
Mendocino,2021-02-21,325,27524,6,13085,319,14439,0,0,313,10021,11,8661,313,18682,California
Mendocino,2021-02-22,162,27686,30,13115,132,14571,0,0,69,9999,91,8752,69,18751,California
Mendocino,2021-02-23,678,28364,665,13780,13,14584,0,0,613,10549,63,8815,613,19364,California
Mendocino,2021-02-24,1840,30204,1759,15539,81,14665,0,0,1431,11578,404,9219,1433,20797,California
Mendocino,2021-02-25,1703,31907,531,16070,1172,15837,0,0,1284,12444,418,9637,1284,22081,California
Mendocino,2021-02-26,1402,33309,748,16818,654,16491,0,0,1039,13122,361,9998,1039,23120,California
Mendocino,2021-02-27,199,33508,151,16969,48,16539,0,0,76,13076,122,10120,76,23196,California
Mendocino,2021-02-28,35,33543,13,16982,22,16561,0,0,24,13089,11,10131,24,23220,California
Mendocino,2021-03-01,578,34121,534,17516,44,16605,0,0,539,13591,37,10168,539,23759,California
Mendocino,2021-03-02,73,34194,26,17542,47,16652,0,0,41,13601,31,10199,41,23800,California
Mendocino,2021-03-03,1715,35909,1330,18872,385,17037,0,0,1082,14052,631,10830,1082,24882,California
Mendocino,2021-03-04,1768,37677,147,19019,1621,18658,0,0,1550,15388,215,11045,1551,26433,California
Mendocino,2021-03-05,211,37888,150,19169,52,18710,9,9,119,15426,90,11135,128,26561,California
Mendocino,2021-03-06,244,38132,21,19190,198,18908,25,34,203,15614,40,11175,228,26789,California
Mendocino,2021-03-07,505,38637,8,19198,477,19385,20,54,118,15365,386,11561,137,26926,California
Mendocino,2021-03-08,125,38762,30,19228,58,19443,37,91,64,15407,59,11620,101,27027,California
Mendocino,2021-03-09,573,39335,233,19461,299,19742,41,132,475,15825,98,11718,516,27543,California
Mendocino,2021-03-10,1110,40445,980,20441,65,19807,65,197,268,15322,839,12557,336,27879,California
Mendocino,2021-03-11,825,41270,612,21053,160,19967,53,250,395,15343,427,12984,448,28327,California
Mendocino,2021-03-12,2020,43290,1031,22084,894,20861,95,345,1213,15851,800,13784,1308,29635,California
Mendocino,2021-03-13,654,43944,524,22608,73,20934,57,402,97,15452,553,14337,154,29789,California
Mendocino,2021-03-14,104,44048,2,22610,95,21029,7,409,11,15381,89,14426,18,29807,California
Mendocino,2021-03-15,597,44645,50,22660,489,21518,58,467,208,15258,388,14814,265,30072,California
Mendocino,2021-03-16,569,45214,373,23033,151,21669,45,512,138,15012,429,15243,183,30255,California
Mendocino,2021-03-17,1563,46777,1359,24392,56,21725,148,660,214,14035,1346,16589,369,30624,California
Mendocino,2021-03-18,1306,48083,247,24639,1021,22746,38,698,284,13342,1014,17603,321,30945,California
Mendocino,2021-03-19,1756,49839,856,25495,839,23585,61,759,332,12317,1420,19023,395,31340,California
Mendocino,2021-03-20,68,49907,10,25505,37,23622,21,780,12,12294,56,19079,33,31373,California
Mendocino,2021-03-21,8,49915,1,25506,2,23624,5,785,3,12297,5,19084,8,31381,California
Mendocino,2021-03-22,624,50539,580,26086,15,23639,29,814,146,11997,474,19558,174,31555,California
Mendocino,2021-03-23,165,50704,33,26119,102,23741,30,844,115,12092,50,19608,145,31700,California
Mendocino,2021-03-24,912,51616,840,26959,25,23766,47,891,114,11457,796,20404,161,31861,California
Mendocino,2021-03-25,1987,53603,50,27009,1917,25683,20,911,174,9840,1809,22213,192,32053,California
Mendocino,2021-03-26,509,54112,359,27368,125,25808,25,936,325,10006,184,22397,350,32403,California
Mendocino,2021-03-27,143,54255,13,27381,118,25926,12,948,81,10037,61,22458,92,32495,California
Mendocino,2021-03-28,25,54280,5,27386,16,25942,4,952,3,10023,21,22479,7,32502,California
Mendocino,2021-03-29,187,54467,99,27485,46,25988,42,994,96,10070,91,22570,138,32640,California
Mendocino,2021-03-30,684,55151,599,28084,48,26036,37,1031,411,10246,272,22842,448,33088,California
Mendocino,2021-03-31,869,56020,272,28356,537,26573,60,1091,405,10249,462,23304,465,33553,California
Mendocino,2021-04-01,1709,57729,399,28755,1231,27804,79,1170,384,9394,1317,24621,462,34015,California
Mendocino,2021-04-02,1284,59013,1056,29811,155,27959,73,1243,223,8633,1057,25678,296,34311,California
Mendocino,2021-04-03,703,59716,7,29818,675,28634,21,1264,82,8119,617,26295,103,34414,California
Mendocino,2021-04-04,69,59785,34,29852,29,28663,6,1270,54,8164,15,26310,60,34474,California
Mendocino,2021-04-05,211,59996,142,29994,45,28708,24,1294,131,8236,80,26390,152,34626,California
Mendocino,2021-04-06,396,60392,121,30115,180,28888,95,1389,107,8149,289,26679,202,34828,California
Mendocino,2021-04-07,485,60877,177,30292,63,28951,245,1634,120,8150,363,27042,364,35192,California
Mendocino,2021-04-08,1488,62365,911,31203,462,29413,115,1749,998,8780,483,27525,1113,36305,California
Mendocino,2021-04-09,758,63123,425,31628,172,29585,161,1910,397,8978,360,27885,558,36863,California
Mendocino,2021-04-10,404,63527,91,31719,267,29852,46,1956,100,8820,304,28189,146,37009,California
Mendocino,2021-04-11,121,63648,47,31766,18,29870,56,2012,58,8871,63,28252,114,37123,California
Mendocino,2021-04-12,619,64267,513,32279,46,29916,60,2072,413,9138,206,28458,473,37596,California
Mendocino,2021-04-13,289,64556,226,32505,63,29979,0,2072,222,9293,67,28525,222,37818,California
Mendocino,2021-04-14,513,65069,424,32929,89,30068,0,2072,412,9604,101,28626,412,38230,California
Mendocino,2021-04-15,656,65725,326,33255,330,30398,0,2072,395,9742,257,28883,395,38625,California
Mendocino,2021-04-16,124,65849,51,33306,72,30470,1,2073,76,9772,47,28930,77,38702,California
Mendocino,2021-04-17,198,66047,12,33318,186,30656,0,2073,70,9716,126,29056,70,38772,California
Mendocino,2021-04-18,7,66054,2,33320,5,30661,0,2073,4,9717,3,29059,4,38776,California
Mendocino,2021-04-19,531,66585,506,33826,24,30685,1,2074,432,10052,98,29157,433,39209,California
Mendocino,2021-04-20,411,66996,284,34110,127,30812,0,2074,262,10165,149,29306,262,39471,California
Mendocino,2021-04-21,183,67179,124,34234,58,30870,1,2075,114,10211,68,29374,114,39585,California
Mendocino,2021-04-22,485,67664,309,34543,175,31045,1,2076,320,10368,163,29537,320,39905,California
Mendocino,2021-04-23,840,68504,699,35242,141,31186,0,2076,688,10906,150,29687,688,40593,California
Mendocino,2021-04-24,101,68605,14,35256,87,31273,0,2076,94,10993,7,29694,94,40687,California
Mendocino,2021-04-25,52,68657,28,35284,20,31293,4,2080,18,10981,34,29728,22,40709,California
Mendocino,2021-04-26,272,68929,209,35493,58,31351,5,2085,189,11093,82,29810,194,40903,California
Mendocino,2021-04-27,174,69103,67,35560,83,31434,24,2109,90,11123,83,29893,113,41016,California
Mendocino,2021-04-28,216,69319,147,35707,53,31487,16,2125,126,11175,90,29983,142,41158,California
Mendocino,2021-04-29,1135,70454,839,36546,282,31769,14,2139,106,10268,1027,31010,120,41278,California
Mendocino,2021-04-30,607,71061,386,36932,211,31980,10,2149,229,10129,378,31388,239,41517,California
Mendocino,2021-05-01,470,71531,434,37366,30,32010,6,2155,366,10398,103,31491,372,41889,California
Mendocino,2021-05-02,56,71587,47,37413,6,32016,3,2158,9,10364,46,31537,12,41901,California
Mendocino,2021-05-03,135,71722,76,37489,38,32054,21,2179,40,10331,94,31631,61,41962,California
Mendocino,2021-05-04,373,72095,254,37743,86,32140,33,2212,134,10260,238,31869,167,42129,California
Mendocino,2021-05-05,867,72962,783,38526,67,32207,17,2229,217,9845,648,32517,233,42362,California
Mendocino,2021-05-06,626,73588,382,38908,223,32430,21,2250,149,9541,474,32991,170,42532,California
Mendocino,2021-05-07,170,73758,32,38940,114,32544,24,2274,108,9612,61,33052,132,42664,California
Mendocino,2021-05-08,122,73880,4,38944,116,32660,2,2276,106,9705,15,33067,108,42772,California
Mendocino,2021-05-09,21,73901,7,38951,13,32673,1,2277,4,9693,17,33084,5,42777,California
Mendocino,2021-05-10,209,74110,149,39100,56,32729,4,2281,121,9731,87,33171,125,42902,California
Mendocino,2021-05-11,198,74308,125,39225,71,32800,2,2283,93,9721,105,33276,95,42997,California
Merced,2020-12-16,3,3,3,3,0,0,0,0,3,3,0,0,3,3,California
Merced,2020-12-17,5,8,5,8,0,0,0,0,5,8,0,0,5,8,California
Merced,2020-12-18,143,151,143,151,0,0,0,0,143,151,0,0,143,151,California
Merced,2020-12-19,39,190,39,190,0,0,0,0,39,190,0,0,39,190,California
Merced,2020-12-20,17,207,17,207,0,0,0,0,17,207,0,0,17,207,California
Merced,2020-12-21,125,332,122,329,3,3,0,0,125,332,0,0,125,332,California
Merced,2020-12-22,152,484,152,481,0,3,0,0,152,484,0,0,152,484,California
Merced,2020-12-23,248,732,242,723,6,9,0,0,248,732,0,0,248,732,California
Merced,2020-12-24,72,804,72,795,0,9,0,0,72,804,0,0,72,804,California
Merced,2020-12-25,4,808,4,799,0,9,0,0,4,808,0,0,4,808,California
Merced,2020-12-26,6,814,3,802,3,12,0,0,6,814,0,0,6,814,California
Merced,2020-12-27,12,826,11,813,1,13,0,0,12,826,0,0,12,826,California
Merced,2020-12-28,123,949,98,911,25,38,0,0,123,949,0,0,123,949,California
Merced,2020-12-29,180,1129,124,1035,56,94,0,0,180,1129,0,0,180,1129,California
Merced,2020-12-30,214,1343,89,1124,125,219,0,0,214,1343,0,0,214,1343,California
Merced,2020-12-31,103,1446,34,1158,69,288,0,0,103,1446,0,0,103,1446,California
Merced,2021-01-01,3,1449,0,1158,3,291,0,0,3,1449,0,0,3,1449,California
Merced,2021-01-02,128,1577,117,1275,11,302,0,0,128,1577,0,0,128,1577,California
Merced,2021-01-03,9,1586,5,1280,4,306,0,0,9,1586,0,0,9,1586,California
Merced,2021-01-04,80,1666,42,1322,38,344,0,0,80,1666,0,0,80,1666,California
Merced,2021-01-05,320,1986,231,1553,89,433,0,0,314,1976,6,6,316,1982,California
Merced,2021-01-06,254,2240,103,1656,151,584,0,0,248,2218,6,12,248,2230,California
Merced,2021-01-07,184,2424,80,1736,104,688,0,0,174,2381,11,23,174,2404,California
Merced,2021-01-08,527,2951,393,2129,134,822,0,0,376,2607,150,173,376,2780,California
Merced,2021-01-09,23,2974,10,2139,13,835,0,0,17,2618,6,179,17,2797,California
Merced,2021-01-10,11,2985,7,2146,4,839,0,0,7,2621,4,183,7,2804,California
Merced,2021-01-11,225,3210,167,2313,58,897,0,0,101,2600,124,307,103,2907,California
Merced,2021-01-12,280,3490,157,2470,123,1020,0,0,230,2779,51,358,230,3137,California
Merced,2021-01-13,372,3862,173,2643,199,1219,0,0,221,2852,151,509,224,3361,California
Merced,2021-01-14,325,4187,201,2844,124,1343,0,0,160,2849,164,673,161,3522,California
Merced,2021-01-15,578,4765,127,2971,451,1794,0,0,540,3352,39,712,542,4064,California
Merced,2021-01-16,203,4968,122,3093,81,1875,0,0,198,3545,5,717,198,4262,California
Merced,2021-01-17,49,5017,12,3105,37,1912,0,0,48,3592,1,718,48,4310,California
Merced,2021-01-18,260,5277,126,3231,134,2046,0,0,238,3811,22,740,241,4551,California
Merced,2021-01-19,710,5987,586,3817,124,2170,0,0,539,4183,171,911,543,5094,California
Merced,2021-01-20,571,6558,466,4283,105,2275,0,0,514,4643,57,968,517,5611,California
Merced,2021-01-21,1007,7565,647,4930,360,2635,0,0,908,5455,99,1067,911,6522,California
Merced,2021-01-22,1304,8869,686,5616,618,3253,0,0,1277,6717,27,1094,1289,7811,California
Merced,2021-01-23,307,9176,185,5801,122,3375,0,0,202,6814,105,1199,202,8013,California
Merced,2021-01-24,32,9208,14,5815,18,3393,0,0,23,6829,8,1207,23,8036,California
Merced,2021-01-25,726,9934,240,6055,486,3879,0,0,667,7439,58,1265,668,8704,California
Merced,2021-01-26,913,10847,483,6538,430,4309,0,0,672,7898,214,1479,673,9377,California
Merced,2021-01-27,977,11824,582,7120,395,4704,0,0,810,8543,165,1644,810,10187,California
Merced,2021-01-28,1138,12962,592,7712,546,5250,0,0,1016,9438,122,1766,1017,11204,California
Merced,2021-01-29,845,13807,321,8033,524,5774,0,0,600,9802,238,2004,602,11806,California
Merced,2021-01-30,259,14066,27,8060,232,6006,0,0,243,10029,16,2020,243,12049,California
Merced,2021-01-31,46,14112,10,8070,36,6042,0,0,45,10073,1,2021,45,12094,California
Merced,2021-02-01,373,14485,52,8122,321,6363,0,0,325,10352,47,2068,326,12420,California
Merced,2021-02-02,294,14779,181,8303,113,6476,0,0,175,10411,117,2185,176,12596,California
Merced,2021-02-03,349,15128,71,8374,278,6754,0,0,168,10398,181,2366,168,12764,California
Merced,2021-02-04,371,15499,146,8520,225,6979,0,0,240,10509,130,2496,241,13005,California
Merced,2021-02-05,513,16012,173,8693,340,7319,0,0,272,10543,240,2736,274,13279,California
Merced,2021-02-06,389,16401,219,8912,170,7489,0,0,246,10648,142,2878,247,13526,California
Merced,2021-02-07,21,16422,13,8925,8,7497,0,0,14,10655,7,2885,14,13540,California
Merced,2021-02-08,278,16700,196,9121,82,7579,0,0,169,10717,108,2993,170,13710,California
Merced,2021-02-09,1214,17914,954,10075,260,7839,0,0,772,11056,434,3427,773,14483,California
Merced,2021-02-10,1852,19766,1431,11506,421,8260,0,0,1273,11760,569,3996,1273,15756,California
Merced,2021-02-11,2503,22269,2007,13513,496,8756,0,0,1815,12896,679,4675,1815,17571,California
Merced,2021-02-12,1713,23982,1012,14525,701,9457,0,0,745,12684,959,5634,747,18318,California
Merced,2021-02-13,361,24343,206,14731,155,9612,0,0,262,12850,98,5732,264,18582,California
Merced,2021-02-14,117,24460,26,14757,91,9703,0,0,96,12926,21,5753,97,18679,California
Merced,2021-02-15,274,24734,40,14797,234,9937,0,0,170,12999,98,5851,171,18850,California
Merced,2021-02-16,1211,25945,842,15639,369,10306,0,0,837,13482,356,6207,839,19689,California
Merced,2021-02-17,1874,27819,1629,17268,245,10551,0,0,1313,14250,548,6755,1316,21005,California
Merced,2021-02-18,1208,29027,818,18086,390,10941,0,0,405,13873,782,7537,405,21410,California
Merced,2021-02-19,1261,30288,413,18499,848,11789,0,0,537,13694,718,8255,539,21949,California
Merced,2021-02-20,276,30564,31,18530,245,12034,0,0,142,13704,132,8387,142,22091,California
Merced,2021-02-21,76,30640,62,18592,14,12048,0,0,32,13692,44,8431,32,22123,California
Merced,2021-02-22,831,31471,293,18885,538,12586,0,0,483,13829,346,8777,483,22606,California
Merced,2021-02-23,1080,32551,421,19306,659,13245,0,0,638,14030,437,9214,638,23244,California
Merced,2021-02-24,815,33366,303,19609,512,13757,0,0,445,14115,361,9575,446,23690,California
Merced,2021-02-25,1756,35122,865,20474,891,14648,0,0,1305,14974,448,10023,1307,24997,California
Merced,2021-02-26,2148,37270,1375,21849,773,15421,0,0,1736,16301,410,10433,1737,26734,California
Merced,2021-02-27,2526,39796,1102,22951,1424,16845,0,0,2241,18258,284,10717,2241,28975,California
Merced,2021-02-28,306,40102,71,23022,235,17080,0,0,251,18458,51,10768,251,29226,California
Merced,2021-03-01,1113,41215,279,23301,834,17914,0,0,774,18901,331,11099,774,30000,California
Merced,2021-03-02,1746,42961,903,24204,842,18756,1,1,1358,19881,379,11478,1359,31359,California
Merced,2021-03-03,2212,45173,1727,25931,484,19240,1,2,1456,20599,739,12217,1457,32816,California
Merced,2021-03-04,2881,48054,2267,28198,612,19852,2,4,1911,21560,953,13170,1914,34730,California
Merced,2021-03-05,2064,50118,1193,29391,847,20699,24,28,1528,22589,524,13694,1553,36283,California
Merced,2021-03-06,1166,51284,662,30053,482,21181,22,50,910,23266,255,13949,932,37215,California
Merced,2021-03-07,229,51513,65,30118,139,21320,25,75,200,23462,29,13978,225,37440,California
Merced,2021-03-08,1362,52875,764,30882,533,21853,65,140,1150,24465,211,14189,1214,38654,California
Merced,2021-03-09,1690,54565,996,31878,587,22440,107,247,1098,25084,587,14776,1206,39860,California
Merced,2021-03-10,2687,57252,1861,33739,626,23066,200,447,1616,25847,1057,15833,1820,41680,California
Merced,2021-03-11,1934,59186,688,34427,1041,24107,205,652,1218,26591,701,16534,1445,43125,California
Merced,2021-03-12,2195,61381,900,35327,1028,25135,267,919,1482,27643,709,17243,1761,44886,California
Merced,2021-03-13,720,62101,309,35636,168,25303,243,1162,412,27999,300,17543,656,45542,California
Merced,2021-03-14,249,62350,136,35772,83,25386,30,1192,149,28080,99,17642,180,45722,California
Merced,2021-03-15,1502,63852,493,36265,754,26140,255,1447,984,28807,511,18153,1238,46960,California
Merced,2021-03-16,1431,65283,686,36951,519,26659,226,1673,948,29506,474,18627,1173,48133,California
Merced,2021-03-17,1959,67242,1057,38008,724,27383,178,1851,1511,30757,440,19067,1691,49824,California
Merced,2021-03-18,2034,69276,1167,39175,720,28103,147,1998,1387,31668,637,19704,1548,51372,California
Merced,2021-03-19,2660,71936,1448,40623,1019,29122,193,2191,1383,31979,1266,20970,1577,52949,California
Merced,2021-03-20,2413,74349,1485,42108,533,29655,395,2586,957,31882,1453,22423,1356,54305,California
Merced,2021-03-21,556,74905,343,42451,200,29855,13,2599,437,32215,119,22542,452,54757,California
Merced,2021-03-22,1261,76166,628,43079,557,30412,76,2675,887,32813,367,22909,965,55722,California
Merced,2021-03-23,1823,77989,1099,44178,660,31072,64,2739,1346,33751,473,23382,1411,57133,California
Merced,2021-03-24,1410,79399,877,45055,498,31570,35,2774,933,34248,472,23854,969,58102,California
Merced,2021-03-25,3301,82700,2269,47324,1011,32581,21,2795,2079,35137,1214,25068,2103,60205,California
Merced,2021-03-26,1930,84630,1084,48408,812,33393,34,2829,890,35028,1032,26100,923,61128,California
Merced,2021-03-27,3111,87741,1788,50196,1200,34593,123,2952,1402,34857,1697,27797,1526,62654,California
Merced,2021-03-28,516,88257,213,50409,296,34889,7,2959,213,34777,301,28098,221,62875,California
Merced,2021-03-29,1763,90020,723,51132,875,35764,165,3124,665,34519,1092,29190,834,63709,California
Merced,2021-03-30,2141,92161,799,51931,1283,37047,59,3183,988,34418,1149,30339,1048,64757,California
Merced,2021-03-31,2122,94283,1399,53330,685,37732,38,3221,951,34252,1156,31495,990,65747,California
Merced,2021-04-01,2178,96461,1019,54349,1035,38767,124,3345,998,34201,1175,32670,1124,66871,California
Merced,2021-04-02,2327,98788,635,54984,1289,40056,403,3748,779,33853,1531,34201,1183,68054,California
Merced,2021-04-03,903,99691,426,55410,464,40520,13,3761,496,33960,403,34604,510,68564,California
Merced,2021-04-04,369,100060,143,55553,222,40742,4,3765,141,33880,227,34831,147,68711,California
Merced,2021-04-05,1259,101319,598,56151,450,41192,211,3976,415,33666,839,35670,625,69336,California
Merced,2021-04-06,2412,103731,890,57041,696,41888,826,4802,898,33879,1510,37180,1723,71059,California
Merced,2021-04-07,1648,105379,885,57926,656,42544,107,4909,584,33521,1051,38231,693,71752,California
Merced,2021-04-08,2272,107651,1169,59095,888,43432,215,5124,813,33118,1429,39660,1026,72778,California
Merced,2021-04-09,1676,109327,473,59568,628,44060,575,5699,561,33157,1099,40759,1138,73916,California
Merced,2021-04-10,694,110021,362,59930,144,44204,188,5887,176,33006,513,41272,362,74278,California
Merced,2021-04-11,486,110507,280,60210,72,44276,134,6021,146,32949,338,41610,281,74559,California
Merced,2021-04-12,1414,111921,927,61137,364,44640,123,6144,812,33317,567,42177,935,75494,California
Merced,2021-04-13,2022,113943,1447,62584,572,45212,3,6147,935,33257,1001,43178,941,76435,California
Merced,2021-04-14,2038,115981,1207,63791,831,46043,0,6147,902,33156,1005,44183,904,77339,California
Merced,2021-04-15,3007,118988,1971,65762,1036,47079,0,6147,955,32288,1827,46010,959,78298,California
Merced,2021-04-16,2352,121340,1146,66908,1206,48285,0,6147,960,31952,1296,47306,960,79258,California
Merced,2021-04-17,1453,122793,806,67714,647,48932,0,6147,375,31255,1073,48379,376,79634,California
Merced,2021-04-18,467,123260,248,67962,219,49151,0,6147,191,31197,249,48628,191,79825,California
Merced,2021-04-19,1320,124580,740,68702,580,49731,0,6147,702,31375,524,49152,702,80527,California
Merced,2021-04-20,1409,125989,733,69435,676,50407,0,6147,786,31606,556,49708,787,81314,California
Merced,2021-04-21,1462,127451,879,70314,583,50990,0,6147,749,31753,602,50310,749,82063,California
Merced,2021-04-22,1602,129053,739,71053,863,51853,0,6147,774,31780,747,51057,774,82837,California
Merced,2021-04-23,1629,130682,670,71723,959,52812,0,6147,884,31966,699,51756,885,83722,California
Merced,2021-04-24,567,131249,398,72121,169,52981,0,6147,388,32180,175,51931,389,84111,California
Merced,2021-04-25,325,131574,185,72306,140,53121,0,6147,191,32239,132,52063,191,84302,California
Merced,2021-04-26,1131,132705,469,72775,662,53783,0,6147,597,32337,501,52564,599,84901,California
Merced,2021-04-27,1473,134178,622,73397,841,54624,10,6157,610,32160,798,53362,621,85522,California
Merced,2021-04-28,1360,135538,673,74070,678,55302,9,6166,780,32390,560,53922,790,86312,California
Merced,2021-04-29,1387,136925,587,74657,775,56077,25,6191,648,32332,732,54654,674,86986,California
Merced,2021-04-30,1374,138299,559,75216,773,56850,42,6233,683,32370,688,55342,726,87712,California
Merced,2021-05-01,556,138855,241,75457,311,57161,4,6237,258,32337,295,55637,262,87974,California
Merced,2021-05-02,291,139146,117,75574,159,57320,15,6252,128,32318,163,55800,144,88118,California
Merced,2021-05-03,768,139914,528,76102,194,57514,46,6298,268,32157,496,56296,335,88453,California
Merced,2021-05-04,989,140903,534,76636,402,57916,53,6351,349,31922,636,56932,401,88854,California
Merced,2021-05-05,1130,142033,703,77339,354,58270,73,6424,469,31813,652,57584,543,89397,California
Merced,2021-05-06,887,142920,458,77797,380,58650,49,6473,293,31566,589,58173,342,89739,California
Merced,2021-05-07,828,143748,235,78032,555,59205,38,6511,340,31460,485,58658,379,90118,California
Merced,2021-05-08,384,144132,198,78230,150,59355,36,6547,172,31458,210,58868,208,90326,California
Merced,2021-05-09,207,144339,101,78331,99,59454,7,6554,96,31450,111,58979,103,90429,California
Merced,2021-05-10,658,144997,337,78668,290,59744,31,6585,175,31174,482,59461,206,90635,California
Merced,2021-05-11,685,145682,396,79064,261,60005,28,6613,215,30953,465,59926,244,90879,California
Modoc,2020-12-16,1,1,1,1,0,0,0,0,1,1,0,0,1,1,California
Modoc,2020-12-21,99,100,99,100,0,0,0,0,99,100,0,0,99,100,California
Modoc,2020-12-22,14,114,14,114,0,0,0,0,14,114,0,0,14,114,California
Modoc,2020-12-23,4,118,4,118,0,0,0,0,4,118,0,0,4,118,California
Modoc,2020-12-24,1,119,1,119,0,0,0,0,1,119,0,0,1,119,California
Modoc,2020-12-28,2,121,2,121,0,0,0,0,2,121,0,0,2,121,California
Modoc,2020-12-29,10,131,1,122,9,9,0,0,10,131,0,0,10,131,California
Modoc,2020-12-30,7,138,0,122,7,16,0,0,7,138,0,0,7,138,California
Modoc,2021-01-02,2,140,0,122,2,18,0,0,2,140,0,0,2,140,California
Modoc,2021-01-04,8,148,0,122,8,26,0,0,8,148,0,0,8,148,California
Modoc,2021-01-05,2,150,1,123,1,27,0,0,2,150,0,0,2,150,California
Modoc,2021-01-06,3,153,2,125,1,28,0,0,2,151,1,1,2,152,California
Modoc,2021-01-07,72,225,0,125,72,100,0,0,72,223,0,1,72,224,California
Modoc,2021-01-08,105,330,0,125,105,205,0,0,105,328,0,1,105,329,California
Modoc,2021-01-10,1,331,1,126,0,205,0,0,0,327,1,2,0,329,California
Modoc,2021-01-11,90,421,81,207,9,214,0,0,19,275,71,73,19,348,California
Modoc,2021-01-12,94,515,25,232,69,283,0,0,68,317,26,99,68,416,California
Modoc,2021-01-13,24,539,4,236,20,303,0,0,22,337,2,101,22,438,California
Modoc,2021-01-14,129,668,6,242,123,426,0,0,124,456,5,106,124,562,California
Modoc,2021-01-15,6,674,1,243,5,431,0,0,6,462,0,106,6,568,California
Modoc,2021-01-16,1,675,1,244,0,431,0,0,1,463,0,106,1,569,California
Modoc,2021-01-18,1,676,1,245,0,431,0,0,1,464,0,106,1,570,California
Modoc,2021-01-19,5,681,3,248,2,433,0,0,3,465,2,108,3,573,California
Modoc,2021-01-20,11,692,1,249,10,443,0,0,11,476,0,108,11,584,California
Modoc,2021-01-21,157,849,2,251,155,598,0,0,157,633,0,108,157,741,California
Modoc,2021-01-22,2,851,0,251,2,600,0,0,2,635,0,108,2,743,California
Modoc,2021-01-25,11,862,0,251,11,611,0,0,11,646,0,108,11,754,California
Modoc,2021-01-26,65,927,1,252,64,675,0,0,65,711,0,108,65,819,California
Modoc,2021-01-27,41,968,2,254,39,714,0,0,25,720,16,124,25,844,California
Modoc,2021-01-28,144,1112,1,255,143,857,0,0,144,864,0,124,144,988,California
Modoc,2021-01-29,3,1115,1,256,2,859,0,0,3,867,0,124,3,991,California
Modoc,2021-02-01,26,1141,13,269,13,872,0,0,12,865,14,138,12,1003,California
Modoc,2021-02-02,170,1311,2,271,168,1040,0,0,167,1029,3,141,167,1170,California
Modoc,2021-02-03,18,1329,13,284,5,1045,0,0,11,1033,7,148,11,1181,California
Modoc,2021-02-04,155,1484,4,288,151,1196,0,0,27,932,128,276,27,1208,California
Modoc,2021-02-05,4,1488,3,291,1,1197,0,0,3,934,1,277,3,1211,California
Modoc,2021-02-08,9,1497,2,293,7,1204,0,0,8,941,1,278,8,1219,California
Modoc,2021-02-09,197,1694,13,306,184,1388,0,0,65,874,132,410,65,1284,California
Modoc,2021-02-10,5,1699,2,308,3,1391,0,0,4,877,1,411,4,1288,California
Modoc,2021-02-11,201,1900,3,311,198,1589,0,0,83,842,118,529,83,1371,California
Modoc,2021-02-12,4,1904,0,311,4,1593,0,0,2,842,2,531,2,1373,California
Modoc,2021-02-13,1,1905,0,311,1,1594,0,0,1,843,0,531,1,1374,California
Modoc,2021-02-16,147,2052,6,317,141,1735,0,0,143,982,4,535,143,1517,California
Modoc,2021-02-17,24,2076,1,318,23,1758,0,0,12,982,12,547,12,1529,California
Modoc,2021-02-18,188,2264,2,320,186,1944,0,0,25,846,162,709,26,1555,California
Modoc,2021-02-19,2,2266,2,322,0,1944,0,0,2,848,0,709,2,1557,California
Modoc,2021-02-20,1,2267,1,323,0,1944,0,0,0,847,1,710,0,1557,California
Modoc,2021-02-22,17,2284,9,332,8,1952,0,0,3,836,14,724,3,1560,California
Modoc,2021-02-23,20,2304,2,334,18,1970,0,0,1,818,19,743,1,1561,California
Modoc,2021-02-24,90,2394,1,335,89,2059,0,0,30,788,60,803,30,1591,California
Modoc,2021-02-25,169,2563,1,336,168,2227,0,0,13,645,156,959,13,1604,California
Modoc,2021-02-26,3,2566,0,336,3,2230,0,0,1,644,2,961,1,1605,California
Modoc,2021-02-27,5,2571,5,341,0,2230,0,0,2,643,3,964,2,1607,California
Modoc,2021-03-01,5,2576,0,341,5,2235,0,0,0,639,4,968,0,1607,California
Modoc,2021-03-02,193,2769,12,353,181,2416,0,0,26,498,167,1135,26,1633,California
Modoc,2021-03-03,12,2781,6,359,6,2422,0,0,2,490,10,1145,2,1635,California
Modoc,2021-03-04,175,2956,2,361,173,2595,0,0,148,611,27,1172,148,1783,California
Modoc,2021-03-05,4,2960,3,364,1,2596,0,0,2,611,2,1174,2,1785,California
Modoc,2021-03-06,11,2971,0,364,1,2597,10,10,1,612,10,1184,11,1796,California
Modoc,2021-03-07,6,2977,1,365,0,2597,5,15,1,613,5,1189,6,1802,California
Modoc,2021-03-08,8,2985,1,366,3,2600,4,19,1,612,6,1195,5,1807,California
Modoc,2021-03-09,126,3111,10,376,108,2708,8,27,61,616,65,1260,69,1876,California
Modoc,2021-03-10,9,3120,3,379,2,2710,4,31,4,619,5,1265,8,1884,California
Modoc,2021-03-11,207,3327,0,379,99,2809,108,139,22,564,185,1450,130,2014,California
Modoc,2021-03-12,10,3337,1,380,4,2813,5,144,4,567,6,1456,9,2023,California
Modoc,2021-03-13,4,3341,0,380,1,2814,3,147,1,568,3,1459,4,2027,California
Modoc,2021-03-15,12,3353,1,381,10,2824,1,148,10,577,2,1461,11,2038,California
Modoc,2021-03-16,173,3526,1,382,168,2992,4,152,42,491,131,1592,45,2083,California
Modoc,2021-03-17,10,3536,1,383,4,2996,5,157,2,490,8,1600,7,2090,California
Modoc,2021-03-18,67,3603,2,385,58,3054,7,164,35,500,32,1632,42,2132,California
Modoc,2021-03-19,5,3608,0,385,0,3054,5,169,0,500,5,1637,5,2137,California
Modoc,2021-03-20,6,3614,2,387,1,3055,3,172,1,499,5,1642,4,2141,California
Modoc,2021-03-21,4,3618,1,388,1,3056,2,174,2,501,2,1644,4,2145,California
Modoc,2021-03-22,18,3636,1,389,11,3067,6,180,12,513,6,1650,18,2163,California
Modoc,2021-03-23,37,3673,7,396,27,3094,3,183,28,535,9,1659,31,2194,California
Modoc,2021-03-24,29,3702,1,397,18,3112,10,193,2,520,27,1686,12,2206,California
Modoc,2021-03-25,77,3779,1,398,74,3186,2,195,45,535,32,1718,47,2253,California
Modoc,2021-03-26,7,3786,2,400,2,3188,3,198,2,535,5,1723,5,2258,California
Modoc,2021-03-27,2,3788,0,400,1,3189,1,199,1,536,1,1724,2,2260,California
Modoc,2021-03-28,2,3790,1,401,0,3189,1,200,0,535,2,1726,1,2261,California
Modoc,2021-03-29,14,3804,1,402,5,3194,8,208,5,539,9,1735,13,2274,California
Modoc,2021-03-30,55,3859,10,412,38,3232,7,215,21,533,34,1769,28,2302,California
Modoc,2021-03-31,9,3868,3,415,2,3234,4,219,3,534,6,1775,7,2309,California
Modoc,2021-04-01,167,4035,2,417,160,3394,5,224,32,436,135,1910,37,2346,California
Modoc,2021-04-02,5,4040,0,417,2,3396,3,227,1,437,3,1913,4,2350,California
Modoc,2021-04-03,5,4045,2,419,0,3396,3,230,2,439,2,1915,4,2354,California
Modoc,2021-04-05,9,4054,0,419,9,3405,0,230,9,448,0,1915,9,2363,California
Modoc,2021-04-06,24,4078,5,424,9,3414,10,240,6,446,18,1933,16,2379,California
Modoc,2021-04-07,12,4090,1,425,4,3418,7,247,3,447,9,1942,10,2389,California
Modoc,2021-04-08,97,4187,1,426,93,3511,3,250,26,405,71,2013,29,2418,California
Modoc,2021-04-09,11,4198,2,428,6,3517,3,253,2,400,9,2022,4,2422,California
Modoc,2021-04-10,5,4203,0,428,1,3518,4,257,0,399,5,2027,4,2426,California
Modoc,2021-04-11,2,4205,2,430,0,3518,0,257,1,399,1,2028,1,2427,California
Modoc,2021-04-12,15,4220,1,431,10,3528,4,261,2,394,11,2039,6,2433,California
Modoc,2021-04-13,30,4250,29,460,1,3529,0,261,21,406,9,2048,21,2454,California
Modoc,2021-04-14,2,4252,2,462,0,3529,0,261,1,406,1,2049,1,2455,California
Modoc,2021-04-15,100,4352,0,462,100,3629,0,261,27,360,73,2122,27,2482,California
Modoc,2021-04-16,4,4356,4,466,0,3629,0,261,3,362,1,2123,3,2485,California
Modoc,2021-04-17,3,4359,2,468,1,3630,0,261,2,363,1,2124,2,2487,California
Modoc,2021-04-18,1,4360,0,468,1,3631,0,261,1,364,0,2124,1,2488,California
Modoc,2021-04-19,7,4367,1,469,6,3637,0,261,2,361,5,2129,2,2490,California
Modoc,2021-04-20,27,4394,2,471,25,3662,0,261,9,352,18,2147,9,2499,California
Modoc,2021-04-21,3,4397,3,474,0,3662,0,261,1,351,2,2149,1,2500,California
Modoc,2021-04-22,98,4495,4,478,94,3756,0,261,41,335,57,2206,41,2541,California
Modoc,2021-04-23,5,4500,1,479,4,3760,0,261,4,338,1,2207,4,2545,California
Modoc,2021-04-24,3,4503,1,480,1,3761,1,262,2,340,1,2208,3,2548,California
Modoc,2021-04-25,1,4504,1,481,0,3761,0,262,1,341,0,2208,1,2549,California
Modoc,2021-04-26,8,4512,1,482,7,3768,0,262,3,339,5,2213,3,2552,California
Modoc,2021-04-27,6,4518,4,486,1,3769,1,263,1,336,5,2218,2,2554,California
Modoc,2021-04-28,5,4523,1,487,3,3772,1,264,1,334,4,2222,2,2556,California
Modoc,2021-04-29,65,4588,2,489,63,3835,0,264,24,317,41,2263,24,2580,California
Modoc,2021-04-30,5,4593,4,493,1,3836,0,264,3,318,2,2265,3,2583,California
Modoc,2021-05-01,1,4594,1,494,0,3836,0,264,0,317,1,2266,0,2583,California
Modoc,2021-05-02,4,4598,3,497,1,3837,0,264,3,319,1,2267,3,2586,California
Modoc,2021-05-03,10,4608,0,497,9,3846,1,265,0,310,10,2277,1,2587,California
Modoc,2021-05-04,11,4619,3,500,6,3852,2,267,5,311,6,2283,7,2594,California
Modoc,2021-05-05,27,4646,24,524,2,3854,1,268,8,301,19,2302,9,2603,California
Modoc,2021-05-06,53,4699,4,528,47,3901,2,270,20,290,33,2335,22,2625,California
Modoc,2021-05-07,7,4706,3,531,2,3903,2,272,1,287,6,2341,3,2628,California
Modoc,2021-05-08,2,4708,1,532,0,3903,1,273,0,286,2,2343,1,2629,California
Modoc,2021-05-09,1,4709,1,533,0,3903,0,273,0,285,1,2344,0,2629,California
Modoc,2021-05-10,3,4712,1,534,1,3904,1,274,1,285,2,2346,2,2631,California
Modoc,2021-05-11,2,4714,1,535,0,3904,1,275,0,284,2,2348,1,2632,California
Mono,2020-12-18,1,1,1,1,0,0,0,0,1,1,0,0,1,1,California
Mono,2020-12-19,5,6,5,6,0,0,0,0,5,6,0,0,5,6,California
Mono,2020-12-20,7,13,7,13,0,0,0,0,7,13,0,0,7,13,California
Mono,2020-12-21,24,37,17,30,7,7,0,0,24,37,0,0,24,37,California
Mono,2020-12-22,66,103,65,95,1,8,0,0,66,103,0,0,66,103,California
Mono,2020-12-23,70,173,42,137,28,36,0,0,70,173,0,0,70,173,California
Mono,2020-12-24,3,176,1,138,2,38,0,0,3,176,0,0,3,176,California
Mono,2020-12-26,3,179,3,141,0,38,0,0,3,179,0,0,3,179,California
Mono,2020-12-28,94,273,63,204,31,69,0,0,94,273,0,0,94,273,California
Mono,2020-12-29,29,302,29,233,0,69,0,0,29,302,0,0,29,302,California
Mono,2020-12-30,77,379,36,269,41,110,0,0,77,379,0,0,77,379,California
Mono,2020-12-31,4,383,1,270,3,113,0,0,4,383,0,0,4,383,California
Mono,2021-01-01,4,387,4,274,0,113,0,0,4,387,0,0,4,387,California
Mono,2021-01-02,2,389,2,276,0,113,0,0,2,389,0,0,2,389,California
Mono,2021-01-04,1,390,0,276,1,114,0,0,1,390,0,0,1,390,California
Mono,2021-01-05,45,435,2,278,43,157,0,0,44,433,1,1,44,434,California
Mono,2021-01-06,44,479,0,278,44,201,0,0,44,477,0,1,44,478,California
Mono,2021-01-07,55,534,3,281,52,253,0,0,54,530,1,2,54,532,California
Mono,2021-01-08,2,536,1,282,1,254,0,0,1,530,1,3,1,533,California
Mono,2021-01-09,4,540,4,286,0,254,0,0,0,526,4,7,0,533,California
Mono,2021-01-10,5,545,5,291,0,254,0,0,0,521,5,12,0,533,California
Mono,2021-01-11,8,553,5,296,3,257,0,0,4,521,4,16,4,537,California
Mono,2021-01-12,282,835,75,371,207,464,0,0,218,676,63,79,218,755,California
Mono,2021-01-13,233,1068,73,444,160,624,0,0,178,799,55,134,178,933,California
Mono,2021-01-14,73,1141,71,515,2,626,0,0,73,872,0,134,73,1006,California
Mono,2021-01-15,62,1203,2,517,60,686,0,0,62,934,0,134,62,1068,California
Mono,2021-01-16,4,1207,3,520,1,687,0,0,1,932,3,137,1,1069,California
Mono,2021-01-18,64,1271,55,575,9,696,0,0,2,872,62,199,2,1071,California
Mono,2021-01-19,210,1481,208,783,2,698,0,0,172,1007,38,237,173,1244,California
Mono,2021-01-20,231,1712,199,982,32,730,0,0,170,1116,61,298,170,1414,California
Mono,2021-01-21,3,1715,3,985,0,730,0,0,3,1119,0,298,3,1417,California
Mono,2021-01-22,4,1719,0,985,4,734,0,0,4,1123,0,298,4,1421,California
Mono,2021-01-23,595,2314,595,1580,0,734,0,0,594,1716,1,299,594,2015,California
Mono,2021-01-25,203,2517,165,1745,38,772,0,0,164,1841,39,338,164,2179,California
Mono,2021-01-26,505,3022,503,2248,2,774,0,0,499,2334,6,344,499,2678,California
Mono,2021-01-27,5,3027,1,2249,4,778,0,0,5,2339,0,344,5,2683,California
Mono,2021-01-28,6,3033,2,2251,4,782,0,0,2,2337,4,348,2,2685,California
Mono,2021-01-30,202,3235,200,2451,2,784,0,0,201,2537,1,349,201,2886,California
Mono,2021-01-31,243,3478,138,2589,105,889,0,0,139,2572,104,453,139,3025,California
Mono,2021-02-01,27,3505,27,2616,0,889,0,0,0,2545,27,480,0,3025,California
Mono,2021-02-02,5,3510,0,2616,5,894,0,0,2,2544,3,483,2,3027,California
Mono,2021-02-03,4,3514,2,2618,2,896,0,0,2,2544,2,485,2,3029,California
Mono,2021-02-04,211,3725,158,2776,53,949,0,0,90,2513,121,606,90,3119,California
Mono,2021-02-05,616,4341,610,3386,6,955,0,0,613,3123,3,609,613,3732,California
Mono,2021-02-06,139,4480,138,3524,1,956,0,0,138,3260,1,610,138,3870,California
Mono,2021-02-07,2,4482,0,3524,2,958,0,0,2,3262,0,610,2,3872,California
Mono,2021-02-08,172,4654,172,3696,0,958,0,0,15,3121,156,766,15,3887,California
Mono,2021-02-09,226,4880,6,3702,220,1178,0,0,14,2923,212,978,14,3901,California
Mono,2021-02-10,537,5417,187,3889,350,1528,0,0,194,2775,343,1321,195,4096,California
Mono,2021-02-11,7,5424,4,3893,3,1531,0,0,2,2772,5,1326,2,4098,California
Mono,2021-02-12,84,5508,20,3913,64,1595,0,0,26,2740,58,1384,26,4124,California
Mono,2021-02-13,586,6094,586,4499,0,1595,0,0,25,2205,560,1944,25,4149,California
Mono,2021-02-15,167,6261,165,4664,2,1597,0,0,3,2046,162,2106,3,4152,California
Mono,2021-02-16,516,6777,513,5177,3,1600,0,0,45,1623,468,2574,45,4197,California
Mono,2021-02-17,6,6783,1,5178,5,1605,0,0,1,1619,5,2579,1,4198,California
Mono,2021-02-18,3,6786,2,5180,1,1606,0,0,2,1620,1,2580,2,4200,California
Mono,2021-02-19,54,6840,53,5233,1,1607,0,0,54,1674,0,2580,54,4254,California
Mono,2021-02-20,4,6844,4,5237,0,1607,0,0,4,1678,0,2580,4,4258,California
Mono,2021-02-21,5,6849,5,5242,0,1607,0,0,3,1679,2,2582,3,4261,California
Mono,2021-02-22,285,7134,284,5526,1,1608,0,0,24,1443,260,2842,24,4285,California
Mono,2021-02-23,135,7269,115,5641,20,1628,0,0,22,1352,113,2955,22,4307,California
Mono,2021-02-24,8,7277,3,5644,5,1633,0,0,2,1348,6,2961,2,4309,California
Mono,2021-02-25,5,7282,2,5646,3,1636,0,0,3,1350,1,2962,3,4312,California
Mono,2021-02-26,597,7879,595,6241,2,1638,0,0,21,796,575,3537,21,4333,California
Mono,2021-02-27,141,8020,137,6378,4,1642,0,0,4,665,135,3672,4,4337,California
Mono,2021-03-01,2,8022,2,6380,0,1642,0,0,1,666,0,3672,1,4338,California
Mono,2021-03-02,5,8027,3,6383,2,1644,0,0,3,667,2,3674,3,4341,California
Mono,2021-03-03,82,8109,2,6385,80,1724,0,0,79,744,2,3676,79,4420,California
Mono,2021-03-04,5,8114,1,6386,4,1728,0,0,3,745,2,3678,3,4423,California
Mono,2021-03-05,37,8151,27,6413,10,1738,0,0,14,736,23,3701,14,4437,California
Mono,2021-03-06,508,8659,17,6430,491,2229,0,0,500,1231,6,3707,501,4938,California
Mono,2021-03-07,1,8660,0,6430,1,2230,0,0,0,1230,1,3708,0,4938,California
Mono,2021-03-08,539,9199,11,6441,525,2755,3,3,530,1754,9,3717,533,5471,California
Mono,2021-03-09,6,9205,2,6443,3,2758,1,4,3,1756,2,3719,4,5475,California
Mono,2021-03-10,286,9491,90,6533,193,2951,3,7,9,1493,275,3994,12,5487,California
Mono,2021-03-11,10,9501,0,6533,1,2952,9,16,0,1492,10,4004,9,5496,California
Mono,2021-03-12,7,9508,1,6534,1,2953,5,21,0,1490,7,4011,5,5501,California
Mono,2021-03-13,823,10331,386,6920,437,3390,0,21,815,2297,8,4019,815,6316,California
Mono,2021-03-14,4,10335,4,6924,0,3390,0,21,1,2295,3,4022,1,6317,California
Mono,2021-03-15,31,10366,23,6947,3,3393,5,26,14,2298,16,4038,19,6336,California
Mono,2021-03-16,16,10382,6,6953,4,3397,6,32,8,2304,8,4046,14,6350,California
Mono,2021-03-17,34,10416,5,6958,21,3418,8,40,22,2322,12,4058,30,6380,California
Mono,2021-03-18,21,10437,2,6960,11,3429,8,48,9,2327,12,4070,17,6397,California
Mono,2021-03-19,21,10458,1,6961,17,3446,3,51,17,2344,3,4073,20,6417,California
Mono,2021-03-20,5,10463,3,6964,1,3447,1,52,4,2348,1,4074,5,6422,California
Mono,2021-03-21,1,10464,1,6965,0,3447,0,52,1,2349,0,4074,1,6423,California
Mono,2021-03-22,11,10475,0,6965,6,3453,5,57,5,2353,6,4080,10,6433,California
Mono,2021-03-23,41,10516,5,6970,31,3484,5,62,18,2353,23,4103,23,6456,California
Mono,2021-03-24,11,10527,1,6971,5,3489,5,67,5,2357,6,4109,10,6466,California
Mono,2021-03-25,19,10546,3,6974,12,3501,4,71,12,2366,7,4116,16,6482,California
Mono,2021-03-26,19,10565,3,6977,11,3512,5,76,10,2373,8,4124,15,6497,California
Mono,2021-03-27,350,10915,347,7324,3,3515,0,76,324,2671,26,4150,324,6821,California
Mono,2021-03-28,1,10916,1,7325,0,3515,0,76,1,2672,0,4150,1,6822,California
Mono,2021-03-29,10,10926,3,7328,6,3521,1,77,8,2679,2,4152,9,6831,California
Mono,2021-03-30,12,10938,0,7328,8,3529,4,81,7,2685,5,4157,11,6842,California
Mono,2021-03-31,126,11064,7,7335,118,3647,1,82,47,2655,78,4235,48,6890,California
Mono,2021-04-01,8,11072,0,7335,7,3654,1,83,3,2654,5,4240,4,6894,California
Mono,2021-04-02,18,11090,2,7337,16,3670,0,83,7,2650,11,4251,7,6901,California
Mono,2021-04-03,846,11936,365,7702,481,4151,0,83,34,1874,810,5061,34,6935,California
Mono,2021-04-05,529,12465,17,7719,511,4662,1,84,30,1407,498,5559,31,6966,California
Mono,2021-04-06,20,12485,2,7721,5,4667,13,97,2,1404,18,5577,15,6981,California
Mono,2021-04-07,25,12510,3,7724,3,4670,19,116,4,1406,21,5598,23,7004,California
Mono,2021-04-08,22,12532,3,7727,2,4672,17,133,4,1409,18,5616,21,7025,California
Mono,2021-04-09,37,12569,4,7731,4,4676,29,162,7,1415,30,5646,36,7061,California
Mono,2021-04-10,446,13015,2,7733,437,5113,7,169,28,1032,418,6064,35,7096,California
Mono,2021-04-11,1,13016,1,7734,0,5113,0,169,0,1031,1,6065,0,7096,California
Mono,2021-04-12,6,13022,0,7734,3,5116,3,172,3,1034,3,6068,6,7102,California
Mono,2021-04-13,18,13040,2,7736,15,5131,1,173,12,1041,6,6074,13,7115,California
Mono,2021-04-14,26,13066,1,7737,25,5156,0,173,7,1029,19,6093,7,7122,California
Mono,2021-04-15,18,13084,3,7740,15,5171,0,173,9,1029,9,6102,9,7131,California
Mono,2021-04-16,16,13100,1,7741,15,5186,0,173,5,1023,11,6113,5,7136,California
Mono,2021-04-17,51,13151,2,7743,49,5235,0,173,44,1060,7,6120,44,7180,California
Mono,2021-04-18,2,13153,1,7744,1,5236,0,173,2,1062,0,6120,2,7182,California
Mono,2021-04-19,527,13680,319,8063,208,5444,0,173,201,939,324,6444,201,7383,California
Mono,2021-04-20,17,13697,2,8065,15,5459,0,173,12,946,5,6449,12,7395,California
Mono,2021-04-21,9,13706,1,8066,8,5467,0,173,4,945,5,6454,4,7399,California
Mono,2021-04-22,27,13733,13,8079,14,5481,0,173,13,944,14,6468,13,7412,California
Mono,2021-04-23,21,13754,2,8081,19,5500,0,173,11,945,10,6478,11,7423,California
Mono,2021-04-24,34,13788,20,8101,14,5514,0,173,19,949,15,6493,19,7442,California
Mono,2021-04-25,3,13791,2,8103,1,5515,0,173,3,952,0,6493,3,7445,California
Mono,2021-04-26,8,13799,1,8104,7,5522,0,173,2,948,6,6499,2,7447,California
Mono,2021-04-27,63,13862,40,8144,18,5540,5,178,49,988,14,6513,54,7501,California
Mono,2021-04-28,63,13925,41,8185,18,5558,4,182,48,1027,13,6526,52,7553,California
Mono,2021-04-29,8,13933,1,8186,4,5562,3,185,2,1026,6,6532,5,7558,California
Mono,2021-04-30,15,13948,3,8189,9,5571,3,188,8,1030,7,6539,11,7569,California
Mono,2021-05-01,110,14058,4,8193,106,5677,0,188,98,1116,12,6551,98,7667,California
Mono,2021-05-03,2,14060,0,8193,1,5678,1,189,0,1115,2,6553,1,7668,California
Mono,2021-05-04,23,14083,1,8194,16,5694,6,195,14,1126,9,6562,20,7688,California
Mono,2021-05-05,52,14135,8,8202,41,5735,3,198,45,1167,7,6569,48,7736,California
Mono,2021-05-06,13,14148,4,8206,8,5743,1,199,8,1171,5,6574,9,7745,California
Mono,2021-05-07,28,14176,22,8228,6,5749,0,199,24,1191,4,6578,24,7769,California
Mono,2021-05-08,50,14226,5,8233,45,5794,0,199,21,1183,29,6607,21,7790,California
Mono,2021-05-09,4,14230,1,8234,3,5797,0,199,4,1187,0,6607,4,7794,California
Mono,2021-05-10,17,14247,2,8236,11,5808,4,203,10,1194,7,6614,14,7808,California
Mono,2021-05-11,5,14252,3,8239,1,5809,1,204,1,1192,4,6618,2,7810,California
Monterey,2020-12-16,4,4,4,4,0,0,0,0,4,4,0,0,4,4,California
Monterey,2020-12-17,83,87,83,87,0,0,0,0,83,87,0,0,83,87,California
Monterey,2020-12-18,482,569,482,569,0,0,0,0,482,569,0,0,482,569,California
Monterey,2020-12-19,581,1150,581,1150,0,0,0,0,581,1150,0,0,581,1150,California
Monterey,2020-12-20,422,1572,422,1572,0,0,0,0,422,1572,0,0,422,1572,California
Monterey,2020-12-21,719,2291,719,2291,0,0,0,0,719,2291,0,0,719,2291,California
Monterey,2020-12-22,533,2824,520,2811,13,13,0,0,533,2824,0,0,533,2824,California
Monterey,2020-12-23,437,3261,262,3073,175,188,0,0,437,3261,0,0,437,3261,California
Monterey,2020-12-24,84,3345,10,3083,74,262,0,0,84,3345,0,0,84,3345,California
Monterey,2020-12-25,6,3351,0,3083,6,268,0,0,6,3351,0,0,6,3351,California
Monterey,2020-12-26,92,3443,5,3088,87,355,0,0,92,3443,0,0,92,3443,California
Monterey,2020-12-27,7,3450,4,3092,3,358,0,0,7,3450,0,0,7,3450,California
Monterey,2020-12-28,475,3925,25,3117,450,808,0,0,475,3925,0,0,475,3925,California
Monterey,2020-12-29,898,4823,167,3284,731,1539,0,0,898,4823,0,0,898,4823,California
Monterey,2020-12-30,568,5391,98,3382,470,2009,0,0,568,5391,0,0,568,5391,California
Monterey,2020-12-31,33,5424,11,3393,22,2031,0,0,33,5424,0,0,33,5424,California
Monterey,2021-01-01,12,5436,2,3395,10,2041,0,0,12,5436,0,0,12,5436,California
Monterey,2021-01-02,137,5573,134,3529,3,2044,0,0,137,5573,0,0,137,5573,California
Monterey,2021-01-03,30,5603,29,3558,1,2045,0,0,30,5603,0,0,30,5603,California
Monterey,2021-01-04,411,6014,18,3576,393,2438,0,0,411,6014,0,0,411,6014,California
Monterey,2021-01-05,752,6766,327,3903,425,2863,0,0,738,6738,14,14,738,6752,California
Monterey,2021-01-06,656,7422,172,4075,484,3347,0,0,634,7350,22,36,634,7386,California
Monterey,2021-01-07,746,8168,572,4647,174,3521,0,0,422,7450,322,358,422,7808,California
Monterey,2021-01-08,1087,9255,734,5381,353,3874,0,0,394,7151,693,1051,394,8202,California
Monterey,2021-01-09,965,10220,937,6318,28,3902,0,0,313,6812,652,1703,313,8515,California
Monterey,2021-01-10,274,10494,271,6589,3,3905,0,0,9,6556,265,1968,9,8524,California
Monterey,2021-01-11,1065,11559,985,7574,80,3985,0,0,362,6215,703,2671,362,8886,California
Monterey,2021-01-12,464,12023,387,7961,77,4062,0,0,203,6157,261,2932,203,9089,California
Monterey,2021-01-13,1217,13240,593,8554,624,4686,0,0,1171,7282,46,2978,1171,10260,California
Monterey,2021-01-14,1120,14360,165,8719,955,5641,0,0,1101,8368,19,2997,1105,11365,California
Monterey,2021-01-15,1046,15406,44,8763,1002,6643,0,0,1033,9388,13,3010,1033,12398,California
Monterey,2021-01-16,363,15769,300,9063,63,6706,0,0,358,9741,5,3015,358,12756,California
Monterey,2021-01-17,309,16078,288,9351,21,6727,0,0,296,10024,13,3028,296,13052,California
Monterey,2021-01-18,401,16479,50,9401,351,7078,0,0,380,10383,21,3049,380,13432,California
Monterey,2021-01-19,578,17057,396,9797,182,7260,0,0,419,10645,157,3206,419,13851,California
Monterey,2021-01-20,532,17589,270,10067,262,7522,0,0,326,10765,206,3412,326,14177,California
Monterey,2021-01-21,840,18429,92,10159,748,8270,0,0,730,11389,110,3522,734,14911,California
Monterey,2021-01-22,1050,19479,193,10352,857,9127,0,0,1011,12361,39,3561,1011,15922,California
Monterey,2021-01-23,240,19719,174,10526,66,9193,0,0,117,12357,122,3683,118,16040,California
Monterey,2021-01-24,56,19775,38,10564,18,9211,0,0,22,12345,34,3717,22,16062,California
Monterey,2021-01-25,782,20557,173,10737,609,9820,0,0,157,11884,618,4335,157,16219,California
Monterey,2021-01-26,928,21485,224,10961,704,10524,0,0,236,11428,692,5027,236,16455,California
Monterey,2021-01-27,858,22343,308,11269,550,11074,0,0,379,11328,479,5506,379,16834,California
Monterey,2021-01-28,2021,24364,737,12006,1284,12358,0,0,1681,12671,340,5846,1683,18517,California
Monterey,2021-01-29,1229,25593,707,12713,522,12880,0,0,1112,13668,116,5962,1113,19630,California
Monterey,2021-01-30,442,26035,295,13008,147,13027,0,0,185,13596,257,6219,185,19815,California
Monterey,2021-01-31,493,26528,71,13079,422,13449,0,0,483,14070,10,6229,484,20299,California
Monterey,2021-02-01,1651,28179,1139,14218,512,13961,0,0,1088,14596,562,6791,1088,21387,California
Monterey,2021-02-02,2160,30339,463,14681,1697,15658,0,0,1553,15543,606,7397,1553,22940,California
Monterey,2021-02-03,2327,32666,1045,15726,1282,16940,0,0,1552,16324,771,8168,1552,24492,California
Monterey,2021-02-04,2771,35437,2087,17813,684,17624,0,0,2462,18479,307,8475,2462,26954,California
Monterey,2021-02-05,3640,39077,2819,20632,821,18445,0,0,3206,21256,429,8904,3206,30160,California
Monterey,2021-02-06,1096,40173,379,21011,717,19162,0,0,754,21670,340,9244,754,30914,California
Monterey,2021-02-07,315,40488,270,21281,45,19207,0,0,96,21547,219,9463,96,31010,California
Monterey,2021-02-08,515,41003,290,21571,225,19432,0,0,426,21884,89,9552,426,31436,California
Monterey,2021-02-09,862,41865,674,22245,188,19620,0,0,552,22128,310,9862,554,31990,California
Monterey,2021-02-10,2083,43948,1113,23358,970,20590,0,0,1233,22512,850,10712,1234,33224,California
Monterey,2021-02-11,2498,46446,970,24328,1528,22118,0,0,1544,23106,952,11664,1546,34770,California
Monterey,2021-02-12,2586,49032,428,24756,2158,24276,0,0,1517,23556,1068,12732,1518,36288,California
Monterey,2021-02-13,1068,50100,50,24806,1018,25294,0,0,977,24442,91,12823,977,37265,California
Monterey,2021-02-14,591,50691,73,24879,518,25812,0,0,518,24887,73,12896,518,37783,California
Monterey,2021-02-15,1367,52058,160,25039,1207,27019,0,0,982,25487,383,13279,983,38766,California
Monterey,2021-02-16,1090,53148,244,25283,846,27865,0,0,866,26129,224,13503,866,39632,California
Monterey,2021-02-17,1937,55085,1164,26447,773,28638,0,0,1639,27474,296,13799,1641,41273,California
Monterey,2021-02-18,2226,57311,1177,27624,1049,29687,0,0,909,27082,1303,15102,911,42184,California
Monterey,2021-02-19,2938,60249,1534,29158,1404,31091,0,0,1346,26838,1591,16693,1347,43531,California
Monterey,2021-02-20,1007,61256,607,29765,400,31491,0,0,952,27736,54,16747,952,44483,California
Monterey,2021-02-21,1240,62496,1212,30977,28,31519,0,0,1170,28838,68,16815,1170,45653,California
Monterey,2021-02-22,976,63472,843,31820,133,31652,0,0,643,29150,331,17146,643,46296,California
Monterey,2021-02-23,953,64425,621,32441,332,31984,0,0,302,28803,650,17796,303,46599,California
Monterey,2021-02-24,2464,66889,1315,33756,1149,33133,0,0,1851,30047,608,18404,1852,48451,California
Monterey,2021-02-25,4402,71291,2412,36168,1990,35123,0,0,1472,28597,2923,21327,1473,49924,California
Monterey,2021-02-26,5246,76537,3080,39248,2166,37289,0,0,2625,28605,2618,23945,2626,52550,California
Monterey,2021-02-27,996,77533,182,39430,814,38103,0,0,805,29224,186,24131,805,53355,California
Monterey,2021-02-28,1528,79061,81,39511,1447,39550,0,0,1066,29833,457,24588,1066,54421,California
Monterey,2021-03-01,1281,80342,139,39650,1139,40689,3,3,744,30048,533,25121,748,55169,California
Monterey,2021-03-02,2730,83072,1721,41371,1009,41698,0,3,1878,31078,848,25969,1878,57047,California
Monterey,2021-03-03,3200,86272,1241,42612,1959,43657,0,3,1262,30405,1936,27905,1263,58310,California
Monterey,2021-03-04,4550,90822,1468,44080,3082,46739,0,3,2951,31761,1595,29500,2951,61261,California
Monterey,2021-03-05,3589,94411,1623,45703,1689,48428,277,280,2957,34364,631,30131,3234,64495,California
Monterey,2021-03-06,5036,99447,1067,46770,3666,52094,303,583,4132,37896,901,31032,4433,68928,California
Monterey,2021-03-07,520,99967,108,46878,167,52261,245,828,233,38085,287,31319,476,69404,California
Monterey,2021-03-08,1658,101625,326,47204,943,53204,389,1217,1119,39052,539,31858,1506,70910,California
Monterey,2021-03-09,1906,103531,678,47882,952,54156,276,1493,1417,40255,488,32346,1691,72601,California
Monterey,2021-03-10,3123,106654,1022,48904,1613,55769,488,1981,1418,40462,1698,34044,1905,74506,California
Monterey,2021-03-11,4106,110760,1407,50311,2326,58095,373,2354,2345,41426,1754,35798,2718,77224,California
Monterey,2021-03-12,4317,115077,2047,52358,2135,60230,135,2489,2634,42514,1680,37478,2768,79992,California
Monterey,2021-03-13,5241,120318,960,53318,3934,64164,347,2836,3934,45489,1307,38785,4282,84274,California
Monterey,2021-03-14,2147,122465,1325,54643,797,64961,25,2861,576,44531,1559,40344,601,84875,California
Monterey,2021-03-15,3939,126404,1265,55908,2385,67346,289,3150,2254,45392,1681,42025,2542,87417,California
Monterey,2021-03-16,3491,129895,573,56481,2543,69889,375,3525,2080,46433,1410,43435,2451,89868,California
Monterey,2021-03-17,5706,135601,2336,58817,3117,73006,253,3778,4111,49214,1588,45023,4369,94237,California
Monterey,2021-03-18,4354,139955,2154,60971,2033,75039,167,3945,2999,51069,1349,46372,3204,97441,California
Monterey,2021-03-19,5391,145346,2557,63528,2691,77730,143,4088,4118,54063,1268,47640,4262,101703,California
Monterey,2021-03-20,3310,148656,420,63948,2195,79925,695,4783,2232,55915,1075,48715,2927,104630,California
Monterey,2021-03-21,624,149280,201,64149,415,80340,8,4791,557,56414,65,48780,564,105194,California
Monterey,2021-03-22,2459,151739,1434,65583,963,81303,62,4853,2250,58519,205,48985,2310,107504,California
Monterey,2021-03-23,3972,155711,2350,67933,1579,82882,43,4896,2517,59628,1450,50435,2559,110063,California
Monterey,2021-03-24,4988,160699,2088,70021,2591,85473,309,5205,3633,62217,1351,51786,3940,114003,California
Monterey,2021-03-25,5213,165912,1212,71233,3644,89117,357,5562,2589,62548,2617,54403,2948,116951,California
Monterey,2021-03-26,5293,171205,2603,73836,2624,91741,66,5628,2654,62640,2630,57033,2722,119673,California
Monterey,2021-03-27,4761,175966,1419,75255,3086,94827,256,5884,3050,64238,1708,58741,3306,122979,California
Monterey,2021-03-28,1106,177072,333,75588,764,95591,9,5893,623,64392,478,59219,632,123611,California
Monterey,2021-03-29,3168,180240,1404,76992,1750,97341,14,5907,1951,65150,1210,60429,1968,125579,California
Monterey,2021-03-30,4437,184677,2131,79123,2263,99604,43,5950,2751,66272,1676,62105,2798,128377,California
Monterey,2021-03-31,5288,189965,2378,81501,2121,101725,789,6739,3342,68451,1943,64048,4122,132499,California
Monterey,2021-04-01,6036,196001,2070,83571,3558,105283,408,7147,3027,68887,2995,67043,3431,135930,California
Monterey,2021-04-02,4666,200667,2241,85812,2364,107647,61,7208,3170,70626,1495,68538,3234,139164,California
Monterey,2021-04-03,5769,206436,1106,86918,3642,111289,1021,8229,1182,68253,4571,73109,2198,141362,California
Monterey,2021-04-04,753,207189,156,87074,583,111872,14,8243,485,68486,268,73377,501,141863,California
Monterey,2021-04-05,3973,211162,2465,89539,1280,113152,228,8471,1463,67671,2505,75882,1690,143553,California
Monterey,2021-04-06,3340,214502,1321,90860,1548,114700,471,8942,1119,67040,2219,78101,1588,145141,California
Monterey,2021-04-07,5485,219987,1366,92226,3608,118308,511,9453,2644,67361,2830,80931,3151,148292,California
Monterey,2021-04-08,6466,226453,3447,95673,2217,120525,802,10255,3168,68040,3292,84223,3971,152263,California
Monterey,2021-04-09,5505,231958,3351,99024,1522,122047,632,10887,2221,67611,3281,87504,2852,155115,California
Monterey,2021-04-10,10020,241978,4874,103898,2999,125046,2147,13034,4894,69532,5117,92621,7038,162153,California
Monterey,2021-04-11,5414,247392,4247,108145,566,125612,601,13635,4371,73464,1037,93658,4969,167122,California
Monterey,2021-04-12,4055,251447,1843,109988,1902,127514,310,13945,905,71667,3012,96670,1215,168337,California
Monterey,2021-04-13,3122,254569,719,110707,2398,129912,5,13950,1494,71559,1608,98278,1500,169837,California
Monterey,2021-04-14,6561,261130,3110,113817,3449,133361,2,13952,1797,68607,4751,103029,1799,171636,California
Monterey,2021-04-15,5740,266870,3885,117702,1855,135216,0,13952,3824,70545,1886,104915,3824,175460,California
Monterey,2021-04-16,4663,271533,2390,120092,2259,137475,14,13966,2173,70253,2479,107394,2187,177647,California
Monterey,2021-04-17,5511,277044,1340,121432,4171,141646,0,13966,3686,72128,1811,109205,3686,181333,California
Monterey,2021-04-18,834,277878,253,121685,581,142227,0,13966,235,71768,595,109800,235,181568,California
Monterey,2021-04-19,3667,281545,1283,122968,2384,144611,0,13966,1751,71611,1908,111708,1751,183319,California
Monterey,2021-04-20,3749,285294,1568,124536,2181,146792,0,13966,1544,70972,2184,113892,1545,184864,California
Monterey,2021-04-21,5776,291070,3151,127687,2625,149417,0,13966,2831,70895,2910,116802,2833,187697,California
Monterey,2021-04-22,4694,295764,1011,128698,3683,153100,0,13966,1947,70132,2710,119512,1947,189644,California
Monterey,2021-04-23,5625,301389,2627,131325,2997,156097,1,13967,2210,68949,3397,122909,2214,191858,California
Monterey,2021-04-24,4131,305520,582,131907,3549,159646,0,13967,1530,67909,2570,125479,1530,193388,California
Monterey,2021-04-25,1230,306750,602,132509,628,160274,0,13967,786,68260,435,125914,786,194174,California
Monterey,2021-04-26,3401,310151,2143,134652,1241,161515,17,13984,858,66617,2518,128432,875,195049,California
Monterey,2021-04-27,2499,312650,864,135516,1518,163033,117,14101,1091,66422,1402,129834,1207,196256,California
Monterey,2021-04-28,3491,316141,1356,136872,1997,165030,138,14239,2170,67419,1308,131142,2305,198561,California
Monterey,2021-04-29,4376,320517,2404,139276,1896,166926,76,14315,1631,66392,2735,133877,1708,200269,California
Monterey,2021-04-30,3075,323592,1654,140930,1345,168271,76,14391,759,64917,2308,136185,833,201102,California
Monterey,2021-05-01,5603,329195,4229,145159,1334,169605,40,14431,679,60725,4909,141094,717,201819,California
Monterey,2021-05-02,4349,333544,3925,149084,397,170002,27,14458,324,57064,4012,145106,351,202170,California
Monterey,2021-05-03,2522,336066,1566,150650,839,170841,117,14575,583,55836,1928,147034,700,202870,California
Monterey,2021-05-04,1725,337791,589,151239,1045,171886,91,14666,624,55465,1087,148121,716,203586,California
Monterey,2021-05-05,3184,340975,1184,152423,1915,173801,85,14751,1022,54421,2151,150272,1107,204693,California
Monterey,2021-05-06,4048,345023,2696,155119,1141,174942,211,14962,1105,52807,2930,153202,1316,206009,California
Monterey,2021-05-07,1895,346918,927,156046,873,175815,95,15057,679,52370,1209,154411,772,206781,California
Monterey,2021-05-08,2281,349199,1336,157382,630,176445,315,15372,761,51932,1510,155921,1072,207853,California
Monterey,2021-05-09,393,349592,112,157494,256,176701,25,15397,142,51849,250,156171,167,208020,California
Monterey,2021-05-10,2450,352042,1765,159259,641,177342,44,15441,299,50051,2141,158312,343,208363,California
Monterey,2021-05-11,1096,353138,664,159923,410,177752,22,15463,453,49896,630,158942,475,208838,California
Napa,2020-12-16,12,12,12,12,0,0,0,0,12,12,0,0,12,12,California
Napa,2020-12-17,44,56,44,56,0,0,0,0,44,56,0,0,44,56,California
Napa,2020-12-18,101,157,101,157,0,0,0,0,101,157,0,0,101,157,California
Napa,2020-12-19,221,378,221,378,0,0,0,0,221,378,0,0,221,378,California
Napa,2020-12-20,189,567,189,567,0,0,0,0,189,567,0,0,189,567,California
Napa,2020-12-21,311,878,311,878,0,0,0,0,312,879,0,0,312,879,California
Napa,2020-12-22,340,1218,331,1209,9,9,0,0,340,1219,0,0,340,1219,California
Napa,2020-12-23,428,1646,318,1527,110,119,0,0,428,1647,0,0,428,1647,California
Napa,2020-12-24,139,1785,78,1605,61,180,0,0,139,1786,0,0,139,1786,California
Napa,2020-12-25,1,1786,1,1606,0,180,0,0,1,1787,0,0,1,1787,California
Napa,2020-12-26,39,1825,11,1617,28,208,0,0,39,1826,0,0,39,1826,California
Napa,2020-12-27,32,1857,16,1633,16,224,0,0,32,1858,0,0,32,1858,California
Napa,2020-12-28,252,2109,186,1819,66,290,0,0,281,2139,0,0,281,2139,California
Napa,2020-12-29,273,2382,214,2033,59,349,0,0,307,2446,0,0,307,2446,California
Napa,2020-12-30,628,3010,485,2518,143,492,0,0,636,3082,0,0,636,3082,California
Napa,2020-12-31,459,3469,371,2889,88,580,0,0,459,3541,0,0,459,3541,California
Napa,2021-01-01,1,3470,1,2890,0,580,0,0,1,3542,0,0,1,3542,California
Napa,2021-01-02,98,3568,93,2983,5,585,0,0,98,3640,0,0,98,3640,California
Napa,2021-01-03,13,3581,11,2994,2,587,0,0,9,3649,0,0,9,3649,California
Napa,2021-01-04,106,3687,64,3058,42,629,0,0,106,3755,0,0,106,3755,California
Napa,2021-01-05,162,3849,85,3143,77,706,0,0,145,3876,24,24,145,3900,California
Napa,2021-01-06,460,4309,115,3258,345,1051,0,0,396,4210,62,86,396,4296,California
Napa,2021-01-07,499,4808,235,3493,264,1315,0,0,398,4508,100,186,398,4694,California
Napa,2021-01-08,443,5251,227,3720,216,1531,0,0,262,4590,180,366,262,4956,California
Napa,2021-01-09,325,5576,300,4020,25,1556,0,0,189,4643,136,502,189,5145,California
Napa,2021-01-10,186,5762,103,4123,83,1639,0,0,109,4675,77,579,109,5254,California
Napa,2021-01-11,883,6645,426,4549,457,2096,0,0,510,4813,374,953,512,5766,California
Napa,2021-01-12,1312,7957,370,4919,942,3038,0,0,997,5495,315,1268,997,6763,California
Napa,2021-01-13,1311,9268,264,5183,1047,4085,0,0,1149,6484,161,1429,1150,7913,California
Napa,2021-01-14,1053,10321,173,5356,880,4965,0,0,935,7303,116,1545,935,8848,California
Napa,2021-01-15,1457,11778,385,5741,1072,6037,0,0,1308,8455,157,1702,1309,10157,California
Napa,2021-01-16,357,12135,134,5875,223,6260,0,0,339,8776,18,1720,339,10496,California
Napa,2021-01-17,341,12476,176,6051,165,6425,0,0,331,9097,10,1730,331,10827,California
Napa,2021-01-18,1081,13557,197,6248,884,7309,0,0,990,9996,91,1821,990,11817,California
Napa,2021-01-19,1009,14566,404,6652,605,7914,0,0,768,10524,240,2061,768,12585,California
Napa,2021-01-20,826,15392,185,6837,641,8555,0,0,643,10986,181,2242,643,13228,California
Napa,2021-01-21,1336,16728,374,7211,962,9517,0,0,1081,11814,254,2496,1082,14310,California
Napa,2021-01-22,1541,18269,412,7623,1129,10646,0,0,1214,12703,326,2822,1215,15525,California
Napa,2021-01-23,398,18667,318,7941,80,10726,0,0,336,12977,62,2884,336,15861,California
Napa,2021-01-24,265,18932,188,8129,77,10803,0,0,208,13128,57,2941,208,16069,California
Napa,2021-01-25,1521,20453,231,8360,1290,12093,0,0,1431,14469,90,3031,1431,17500,California
Napa,2021-01-26,882,21335,286,8646,596,12689,0,0,788,15164,94,3125,789,18289,California
Napa,2021-01-27,627,21962,221,8867,406,13095,0,0,471,15480,156,3281,472,18761,California
Napa,2021-01-28,389,22351,176,9043,213,13308,0,0,197,15487,190,3471,197,18958,California
Napa,2021-01-29,256,22607,65,9108,191,13499,0,0,161,15553,95,3566,161,19119,California
Napa,2021-01-30,804,23411,695,9803,109,13608,0,0,640,16029,164,3730,640,19759,California
Napa,2021-01-31,656,24067,625,10428,31,13639,0,0,630,16633,26,3756,630,20389,California
Napa,2021-02-01,315,24382,110,10538,205,13844,0,0,163,16644,152,3908,163,20552,California
Napa,2021-02-02,608,24990,281,10819,327,14171,0,0,298,16635,307,4215,298,20850,California
Napa,2021-02-03,746,25736,310,11129,436,14607,0,0,431,16752,314,4529,431,21281,California
Napa,2021-02-04,789,26525,373,11502,416,15023,0,0,441,16847,346,4875,441,21722,California
Napa,2021-02-05,711,27236,311,11813,400,15423,0,0,343,16822,368,5243,343,22065,California
Napa,2021-02-06,434,27670,146,11959,288,15711,0,0,328,17044,106,5349,328,22393,California
Napa,2021-02-07,176,27846,163,12122,13,15724,0,0,71,17010,105,5454,71,22464,California
Napa,2021-02-08,837,28683,191,12313,646,16370,0,0,274,16724,560,6014,274,22738,California
Napa,2021-02-09,1079,29762,444,12757,635,17005,0,0,438,16521,641,6655,438,23176,California
Napa,2021-02-10,1719,31481,193,12950,1526,18531,0,0,452,15710,1264,7919,453,23629,California
Napa,2021-02-11,1496,32977,195,13145,1301,19832,0,0,407,15042,1076,8995,408,24037,California
Napa,2021-02-12,2166,35143,843,13988,1323,21155,0,0,725,14330,1437,10432,725,24762,California
Napa,2021-02-13,499,35642,52,14040,447,21602,0,0,313,14457,186,10618,313,25075,California
Napa,2021-02-14,356,35998,89,14129,267,21869,0,0,194,14489,162,10780,194,25269,California
Napa,2021-02-15,876,36874,183,14312,693,22562,0,0,221,14057,653,11433,221,25490,California
Napa,2021-02-16,1288,38162,597,14909,691,23253,0,0,612,13994,675,12108,612,26102,California
Napa,2021-02-17,1051,39213,534,15443,517,23770,0,0,481,13907,568,12676,481,26583,California
Napa,2021-02-18,1902,41115,486,15929,1416,25186,0,0,659,13326,1240,13916,659,27242,California
Napa,2021-02-19,1483,42598,588,16517,895,26081,0,0,677,13198,805,14721,677,27919,California
Napa,2021-02-20,823,43421,597,17114,226,26307,0,0,275,12925,548,15269,275,28194,California
Napa,2021-02-21,799,44220,736,17850,63,26370,0,0,197,12520,602,15871,197,28391,California
Napa,2021-02-22,444,44664,187,18037,257,26627,0,0,138,12352,306,16177,138,28529,California
Napa,2021-02-23,1125,45789,301,18338,824,27451,0,0,308,11843,817,16994,308,28837,California
Napa,2021-02-24,1164,46953,644,18982,520,27971,0,0,576,11833,586,17580,576,29413,California
Napa,2021-02-25,2554,49507,1223,20205,1331,29302,0,0,1844,12968,709,18289,1844,31257,California
Napa,2021-02-26,1508,51015,529,20734,979,30281,0,0,594,12650,912,19201,594,31851,California
Napa,2021-02-27,1119,52134,379,21113,740,31021,0,0,867,13267,250,19451,867,32718,California
Napa,2021-02-28,560,52694,459,21572,101,31122,0,0,461,13631,97,19548,461,33179,California
Napa,2021-03-01,1102,53796,816,22388,286,31408,0,0,832,14194,269,19817,832,34011,California
Napa,2021-03-02,1485,55281,1026,23414,459,31867,0,0,1143,14996,341,20158,1143,35154,California
Napa,2021-03-03,1554,56835,690,24104,864,32731,0,0,1370,16183,183,20341,1370,36524,California
Napa,2021-03-04,1708,58543,784,24888,924,33655,0,0,1470,17418,235,20576,1470,37994,California
Napa,2021-03-05,1895,60438,788,25676,1103,34758,4,4,1476,18481,417,20993,1480,39474,California
Napa,2021-03-06,648,61086,281,25957,336,35094,31,35,535,18936,111,21104,566,40040,California
Napa,2021-03-07,520,61606,318,26275,187,35281,15,50,370,19171,150,21254,385,40425,California
Napa,2021-03-08,706,62312,330,26605,323,35604,53,103,529,19578,175,21429,582,41007,California
Napa,2021-03-09,1634,63946,572,27177,1016,36620,46,149,1202,20397,429,21858,1248,42255,California
Napa,2021-03-10,1479,65425,917,28094,468,37088,94,243,777,20569,698,22556,870,43125,California
Napa,2021-03-11,1877,67302,1060,29154,688,37776,129,372,986,20793,891,23447,1115,44240,California
Napa,2021-03-12,1506,68808,914,30068,496,38272,96,468,801,20986,703,24150,896,45136,California
Napa,2021-03-13,1165,69973,300,30368,840,39112,25,493,827,21502,336,24486,852,45988,California
Napa,2021-03-14,613,70586,331,30699,134,39246,148,641,229,21495,383,24869,376,46364,California
Napa,2021-03-15,949,71535,408,31107,472,39718,69,710,480,21577,467,25336,549,46913,California
Napa,2021-03-16,1838,73373,388,31495,1324,41042,126,836,1377,22624,457,25793,1504,48417,California
Napa,2021-03-17,2498,75871,1849,33344,470,41512,179,1015,1588,23481,910,26703,1767,50184,California
Napa,2021-03-18,2107,77978,920,34264,1177,42689,10,1025,1283,23952,822,27525,1293,51477,California
Napa,2021-03-19,1444,79422,872,35136,544,43233,28,1053,711,23961,730,28255,739,52216,California
Napa,2021-03-20,1005,80427,529,35665,323,43556,153,1206,431,23972,573,28828,584,52800,California
Napa,2021-03-21,701,81128,680,36345,19,43575,2,1208,349,23972,351,29179,351,53151,California
Napa,2021-03-22,1291,82419,1115,37460,165,43740,11,1219,490,23677,796,29975,501,53652,California
Napa,2021-03-23,1819,84238,1128,38588,674,44414,17,1236,1019,23917,796,30771,1036,54688,California
Napa,2021-03-24,1706,85944,945,39533,752,45166,9,1245,819,23859,886,31657,828,55516,California
Napa,2021-03-25,1637,87581,1051,40584,532,45698,54,1299,749,23778,885,32542,804,56320,California
Napa,2021-03-26,1298,88879,831,41415,461,46159,6,1305,592,23674,702,33244,598,56918,California
Napa,2021-03-27,950,89829,432,41847,491,46650,27,1332,318,23387,632,33876,345,57263,California
Napa,2021-03-28,483,90312,373,42220,103,46753,7,1339,184,23280,298,34174,191,57454,California
Napa,2021-03-29,1194,91506,871,43091,318,47071,5,1344,734,23560,459,34633,739,58193,California
Napa,2021-03-30,2542,94048,929,44020,1609,48680,4,1348,1756,24534,786,35419,1760,59953,California
Napa,2021-03-31,1964,96012,959,44979,936,49616,69,1417,801,24242,1160,36579,868,60821,California
Napa,2021-04-01,1732,97744,831,45810,785,50401,116,1533,470,23571,1256,37835,585,61406,California
Napa,2021-04-02,1832,99576,822,46632,868,51269,142,1675,457,22798,1372,39207,599,62005,California
Napa,2021-04-03,623,100199,360,46992,204,51473,59,1734,209,22651,414,39621,267,62272,California
Napa,2021-04-04,354,100553,144,47136,152,51625,58,1792,125,22606,228,39849,183,62455,California
Napa,2021-04-05,1264,101817,755,47891,291,51916,218,2010,574,22709,689,40538,792,63247,California
Napa,2021-04-06,2221,104038,560,48451,1406,53322,255,2265,527,21800,1691,42229,782,64029,California
Napa,2021-04-07,1723,105761,703,49154,799,54121,221,2486,523,21348,1195,43424,743,64772,California
Napa,2021-04-08,1845,107606,1056,50210,419,54540,370,2856,956,21787,885,44309,1324,66096,California
Napa,2021-04-09,1530,109136,919,51129,309,54849,302,3158,676,21912,852,45161,977,67073,California
Napa,2021-04-10,1030,110166,346,51475,584,55433,100,3258,239,21460,790,45951,338,67411,California
Napa,2021-04-11,384,110550,299,51774,62,55495,23,3281,155,21409,229,46180,178,67589,California
Napa,2021-04-12,784,111334,301,52075,359,55854,124,3405,292,21331,491,46671,413,68002,California
Napa,2021-04-13,2522,113856,843,52918,1679,57533,0,3405,920,20654,1597,48268,920,68922,California
Napa,2021-04-14,2062,115918,978,53896,1084,58617,0,3405,1006,20612,1048,49316,1006,69928,California
Napa,2021-04-15,2046,117964,526,54422,1520,60137,0,3405,875,20321,1166,50482,875,70803,California
Napa,2021-04-16,2900,120864,1571,55993,1329,61466,0,3405,2187,21797,711,51193,2187,72990,California
Napa,2021-04-17,1127,121991,267,56260,860,62326,0,3405,830,22331,296,51489,830,73820,California
Napa,2021-04-18,265,122256,173,56433,92,62418,0,3405,118,22303,146,51635,118,73938,California
Napa,2021-04-19,609,122865,339,56772,270,62688,0,3405,266,22227,342,51977,266,74204,California
Napa,2021-04-20,3038,125903,2065,58837,973,63661,0,3405,2087,23365,950,52927,2088,76292,California
Napa,2021-04-21,2908,128811,2150,60987,758,64419,0,3405,1856,24175,1047,53974,1857,78149,California
Napa,2021-04-22,1625,130436,1127,62114,498,64917,0,3405,834,24222,787,54761,834,78983,California
Napa,2021-04-23,1623,132059,1246,63360,375,65292,2,3407,1151,24905,468,55229,1151,80134,California
Napa,2021-04-24,544,132603,314,63674,230,65522,0,3407,284,24932,257,55486,284,80418,California
Napa,2021-04-25,248,132851,191,63865,57,65579,0,3407,129,24943,118,55604,129,80547,California
Napa,2021-04-26,492,133343,256,64121,236,65815,0,3407,251,24957,237,55841,251,80798,California
Napa,2021-04-27,1497,134840,426,64547,1060,66875,11,3418,620,24714,874,56715,631,81429,California
Napa,2021-04-28,969,135809,426,64973,526,67401,17,3435,319,24401,649,57364,336,81765,California
Napa,2021-04-29,636,136445,324,65297,293,67694,19,3454,199,24187,431,57795,217,81982,California
Napa,2021-04-30,597,137042,299,65596,234,67928,64,3518,247,24148,349,58144,310,82292,California
Napa,2021-05-01,318,137360,264,65860,44,67972,10,3528,116,24072,202,58346,126,82418,California
Napa,2021-05-02,237,137597,193,66053,38,68010,6,3534,99,24040,137,58483,105,82523,California
Napa,2021-05-03,620,138217,494,66547,92,68102,34,3568,101,23660,516,58999,136,82659,California
Napa,2021-05-04,1124,139341,714,67261,301,68403,109,3677,297,23242,824,59823,406,83065,California
Napa,2021-05-05,1018,140359,684,67945,299,68702,35,3712,258,22778,757,60580,293,83358,California
Napa,2021-05-06,685,141044,315,68260,347,69049,23,3735,365,22853,313,60893,388,83746,California
Napa,2021-05-07,546,141590,349,68609,152,69201,45,3780,167,22688,376,61269,211,83957,California
Napa,2021-05-08,262,141852,165,68774,86,69287,11,3791,96,22630,165,61434,107,84064,California
Napa,2021-05-09,104,141956,75,68849,29,69316,0,3791,47,22622,55,61489,47,84111,California
Napa,2021-05-10,405,142361,127,68976,257,69573,21,3812,99,22437,305,61794,120,84231,California
Napa,2021-05-11,1182,143543,900,69876,267,69840,15,3827,145,21563,1034,62828,160,84391,California
Nevada,2020-12-16,3,3,3,3,0,0,0,0,3,3,0,0,3,3,California
Nevada,2020-12-17,6,9,6,9,0,0,0,0,6,9,0,0,6,9,California
Nevada,2020-12-18,52,61,52,61,0,0,0,0,52,61,0,0,52,61,California
Nevada,2020-12-19,55,116,55,116,0,0,0,0,55,116,0,0,55,116,California
Nevada,2020-12-20,12,128,12,128,0,0,0,0,12,128,0,0,12,128,California
Nevada,2020-12-21,69,197,69,197,0,0,0,0,69,197,0,0,69,197,California
Nevada,2020-12-22,91,288,89,286,2,2,0,0,91,288,0,0,91,288,California
Nevada,2020-12-23,233,521,202,488,31,33,0,0,233,521,0,0,233,521,California
Nevada,2020-12-24,13,534,11,499,2,35,0,0,13,534,0,0,13,534,California
Nevada,2020-12-25,3,537,3,502,0,35,0,0,3,537,0,0,3,537,California
Nevada,2020-12-26,6,543,4,506,2,37,0,0,6,543,0,0,6,543,California
Nevada,2020-12-27,88,631,88,594,0,37,0,0,88,631,0,0,88,631,California
Nevada,2020-12-28,170,801,93,687,77,114,0,0,170,801,0,0,170,801,California
Nevada,2020-12-29,100,901,74,761,26,140,0,0,100,901,0,0,100,901,California
Nevada,2020-12-30,86,987,66,827,20,160,0,0,86,987,0,0,86,987,California
Nevada,2020-12-31,39,1026,9,836,30,190,0,0,39,1026,0,0,39,1026,California
Nevada,2021-01-01,2,1028,0,836,2,192,0,0,2,1028,0,0,2,1028,California
Nevada,2021-01-02,1,1029,1,837,0,192,0,0,1,1029,0,0,1,1029,California
Nevada,2021-01-03,129,1158,126,963,3,195,0,0,129,1158,0,0,129,1158,California
Nevada,2021-01-04,71,1229,47,1010,24,219,0,0,71,1229,0,0,71,1229,California
Nevada,2021-01-05,273,1502,132,1142,141,360,0,0,272,1500,1,1,272,1501,California
Nevada,2021-01-06,91,1593,43,1185,48,408,0,0,83,1575,8,9,83,1584,California
Nevada,2021-01-07,215,1808,43,1228,172,580,0,0,208,1778,6,15,209,1793,California
Nevada,2021-01-08,223,2031,129,1357,94,674,0,0,170,1896,53,68,171,1964,California
Nevada,2021-01-09,64,2095,56,1413,8,682,0,0,16,1864,48,116,16,1980,California
Nevada,2021-01-10,18,2113,9,1422,9,691,0,0,10,1866,8,124,10,1990,California
Nevada,2021-01-11,185,2298,131,1553,54,745,0,0,57,1795,128,252,57,2047,California
Nevada,2021-01-12,597,2895,451,2004,146,891,0,0,531,2260,66,318,531,2578,California
Nevada,2021-01-13,260,3155,147,2151,113,1004,0,0,125,2250,135,453,125,2703,California
Nevada,2021-01-14,238,3393,127,2278,111,1115,0,0,220,2453,17,470,220,2923,California
Nevada,2021-01-15,394,3787,169,2447,225,1340,0,0,296,2651,98,568,296,3219,California
Nevada,2021-01-16,296,4083,15,2462,281,1621,0,0,292,2939,4,572,292,3511,California
Nevada,2021-01-17,35,4118,31,2493,4,1625,0,0,33,2970,2,574,33,3544,California
Nevada,2021-01-18,151,4269,41,2534,110,1735,0,0,141,3101,10,584,141,3685,California
Nevada,2021-01-19,244,4513,85,2619,159,1894,0,0,225,3307,19,603,225,3910,California
Nevada,2021-01-20,258,4771,153,2772,105,1999,0,0,245,3539,13,616,245,4155,California
Nevada,2021-01-21,338,5109,207,2979,131,2130,0,0,325,3851,13,629,325,4480,California
Nevada,2021-01-22,346,5455,209,3188,137,2267,0,0,316,4137,30,659,316,4796,California
Nevada,2021-01-23,177,5632,104,3292,73,2340,0,0,177,4314,0,659,177,4973,California
Nevada,2021-01-24,105,5737,98,3390,7,2347,0,0,66,4341,39,698,66,5039,California
Nevada,2021-01-25,267,6004,137,3527,130,2477,0,0,206,4486,61,759,206,5245,California
Nevada,2021-01-26,403,6407,141,3668,262,2739,0,0,299,4681,104,863,299,5544,California
Nevada,2021-01-27,420,6827,249,3917,171,2910,0,0,396,5053,24,887,396,5940,California
Nevada,2021-01-28,470,7297,319,4236,151,3061,0,0,426,5436,43,930,426,6366,California
Nevada,2021-01-29,602,7899,392,4628,210,3271,0,0,575,5986,26,956,576,6942,California
Nevada,2021-01-30,232,8131,105,4733,127,3398,0,0,229,6212,3,959,229,7171,California
Nevada,2021-01-31,103,8234,86,4819,17,3415,0,0,101,6313,1,960,102,7273,California
Nevada,2021-02-01,291,8525,71,4890,220,3635,0,0,277,6576,14,974,277,7550,California
Nevada,2021-02-02,511,9036,173,5063,338,3973,0,0,323,6711,188,1162,323,7873,California
Nevada,2021-02-03,812,9848,572,5635,240,4213,0,0,758,7416,53,1215,758,8631,California
Nevada,2021-02-04,738,10586,392,6027,346,4559,0,0,488,7655,249,1464,488,9119,California
Nevada,2021-02-05,645,11231,366,6393,279,4838,0,0,455,7922,188,1652,455,9574,California
Nevada,2021-02-06,269,11500,83,6476,186,5024,0,0,242,8137,27,1679,242,9816,California
Nevada,2021-02-07,244,11744,191,6667,53,5077,0,0,190,8273,54,1733,190,10006,California
Nevada,2021-02-08,651,12395,408,7075,243,5320,0,0,553,8728,98,1831,553,10559,California
Nevada,2021-02-09,602,12997,337,7412,265,5585,0,0,463,9052,139,1970,463,11022,California
Nevada,2021-02-10,647,13644,322,7734,325,5910,0,0,416,9238,231,2201,417,11439,California
Nevada,2021-02-11,871,14515,505,8239,366,6276,0,0,542,9452,328,2529,542,11981,California
Nevada,2021-02-12,937,15452,437,8676,500,6776,0,0,616,9750,318,2847,616,12597,California
Nevada,2021-02-13,598,16050,235,8911,363,7139,0,0,389,9935,205,3052,390,12987,California
Nevada,2021-02-14,229,16279,119,9030,110,7249,0,0,201,10108,28,3080,201,13188,California
Nevada,2021-02-15,709,16988,438,9468,271,7520,0,0,535,10469,174,3254,535,13723,California
Nevada,2021-02-16,621,17609,197,9665,424,7944,0,0,451,10751,169,3423,451,14174,California
Nevada,2021-02-17,1186,18795,764,10429,422,8366,0,0,856,11277,330,3753,856,15030,California
Nevada,2021-02-18,1007,19802,548,10977,459,8825,0,0,600,11472,405,4158,600,15630,California
Nevada,2021-02-19,1014,20816,630,11607,384,9209,0,0,652,11764,361,4519,653,16283,California
Nevada,2021-02-20,298,21114,106,11713,192,9401,0,0,173,11813,124,4643,173,16456,California
Nevada,2021-02-21,90,21204,85,11798,5,9406,0,0,8,11740,81,4724,8,16464,California
Nevada,2021-02-22,494,21698,327,12125,167,9573,0,0,346,11939,147,4871,346,16810,California
Nevada,2021-02-23,469,22167,220,12345,249,9822,0,0,206,11885,260,5131,206,17016,California
Nevada,2021-02-24,474,22641,235,12580,239,10061,0,0,248,11909,226,5357,250,17266,California
Nevada,2021-02-25,863,23504,468,13048,395,10456,0,0,433,11914,428,5785,433,17699,California
Nevada,2021-02-26,1236,24740,881,13929,355,10811,0,0,408,11497,825,6610,408,18107,California
Nevada,2021-02-27,354,25094,110,14039,244,11055,0,0,184,11511,170,6780,184,18291,California
Nevada,2021-02-28,265,25359,152,14191,113,11168,0,0,123,11493,141,6921,123,18414,California
Nevada,2021-03-01,822,26181,427,14618,395,11563,0,0,356,11385,464,7385,356,18770,California
Nevada,2021-03-02,708,26889,262,14880,446,12009,0,0,481,11643,223,7608,481,19251,California
Nevada,2021-03-03,965,27854,492,15372,472,12481,1,1,493,11666,471,8079,494,19745,California
Nevada,2021-03-04,1105,28959,616,15988,489,12970,0,1,466,11496,636,8715,466,20211,California
Nevada,2021-03-05,821,29780,461,16449,350,13320,10,11,363,11413,456,9171,373,20584,California
Nevada,2021-03-06,359,30139,121,16570,211,13531,27,38,145,11371,214,9385,172,20756,California
Nevada,2021-03-07,210,30349,109,16679,81,13612,20,58,68,11317,142,9527,88,20844,California
Nevada,2021-03-08,806,31155,538,17217,223,13835,45,103,359,11276,446,9973,405,21249,California
Nevada,2021-03-09,671,31826,320,17537,301,14136,50,153,368,11392,301,10274,417,21666,California
Nevada,2021-03-10,960,32786,605,18142,298,14434,57,210,322,11137,634,10908,379,22045,California
Nevada,2021-03-11,1104,33890,725,18867,354,14788,25,235,550,11166,546,11454,575,22620,California
Nevada,2021-03-12,1191,35081,722,19589,439,15227,30,265,505,11016,684,12138,534,23154,California
Nevada,2021-03-13,269,35350,52,19641,212,15439,5,270,98,10948,170,12308,102,23256,California
Nevada,2021-03-14,155,35505,21,19662,128,15567,6,276,33,10865,122,12430,39,23295,California
Nevada,2021-03-15,841,36346,456,20118,373,15940,12,288,358,10755,480,12910,370,23665,California
Nevada,2021-03-16,994,37340,466,20584,467,16407,61,349,646,11116,346,13256,707,24372,California
Nevada,2021-03-17,1015,38355,451,21035,554,16961,10,359,585,11284,427,13683,595,24967,California
Nevada,2021-03-18,974,39329,529,21564,421,17382,24,383,478,11294,492,14175,502,25469,California
Nevada,2021-03-19,758,40087,437,22001,284,17666,37,420,352,11281,402,14577,389,25858,California
Nevada,2021-03-20,822,40909,92,22093,306,17972,424,844,235,11355,581,15158,655,26513,California
Nevada,2021-03-21,58,40967,32,22125,25,17997,1,845,40,11379,17,15175,41,26554,California
Nevada,2021-03-22,795,41762,513,22638,277,18274,5,850,536,11663,257,15432,541,27095,California
Nevada,2021-03-23,852,42614,383,23021,443,18717,26,876,641,12122,208,15640,667,27762,California
Nevada,2021-03-24,1021,43635,541,23562,473,19190,7,883,650,12413,365,16005,656,28418,California
Nevada,2021-03-25,902,44537,454,24016,423,19613,25,908,495,12526,406,16411,519,28937,California
Nevada,2021-03-26,1138,45675,433,24449,667,20280,38,946,826,13080,309,16720,863,29800,California
Nevada,2021-03-27,568,46243,71,24520,481,20761,16,962,386,13300,182,16902,402,30202,California
Nevada,2021-03-28,175,46418,50,24570,112,20873,13,975,39,13219,133,17035,52,30254,California
Nevada,2021-03-29,821,47239,501,25071,298,21171,22,997,393,13208,425,17460,414,30668,California
Nevada,2021-03-30,1043,48282,475,25546,534,21705,34,1031,539,13285,496,17956,573,31241,California
Nevada,2021-03-31,1173,49455,658,26204,498,22203,17,1048,694,13525,470,18426,710,31951,California
Nevada,2021-04-01,1227,50682,715,26919,459,22662,53,1101,541,13441,678,19104,594,32545,California
Nevada,2021-04-02,1282,51964,655,27574,591,23253,36,1137,761,13721,517,19621,797,33342,California
Nevada,2021-04-03,288,52252,89,27663,161,23414,38,1175,83,13638,204,19825,121,33463,California
Nevada,2021-04-04,128,52380,42,27705,79,23493,7,1182,78,13673,50,19875,85,33548,California
Nevada,2021-04-05,929,53309,610,28315,300,23793,19,1201,618,14002,308,20183,637,34185,California
Nevada,2021-04-06,1070,54379,662,28977,264,24057,144,1345,471,14024,592,20775,614,34799,California
Nevada,2021-04-07,1143,55522,815,29792,246,24303,82,1427,605,14179,531,21306,686,35485,California
Nevada,2021-04-08,1278,56800,890,30682,305,24608,83,1510,706,14399,569,21875,789,36274,California
Nevada,2021-04-09,1243,58043,846,31528,328,24936,69,1579,845,14916,397,22272,914,37188,California
Nevada,2021-04-10,262,58305,76,31604,110,25046,76,1655,110,14951,151,22423,186,37374,California
Nevada,2021-04-11,100,58405,31,31635,65,25111,4,1659,39,14933,61,22484,43,37417,California
Nevada,2021-04-12,736,59141,536,32171,183,25294,17,1676,311,14840,421,22905,328,37745,California
Nevada,2021-04-13,886,60027,351,32522,535,25829,0,1676,477,14910,407,23312,477,38222,California
Nevada,2021-04-14,1051,61078,565,33087,486,26315,0,1676,540,14947,503,23815,540,38762,California
Nevada,2021-04-15,1074,62152,710,33797,364,26679,0,1676,623,15129,441,24256,623,39385,California
Nevada,2021-04-16,900,63052,698,34495,202,26881,0,1676,529,15288,370,24626,529,39914,California
Nevada,2021-04-17,198,63250,52,34547,146,27027,0,1676,87,15265,110,24736,87,40001,California
Nevada,2021-04-18,184,63434,20,34567,164,27191,0,1676,101,15283,83,24819,101,40102,California
Nevada,2021-04-19,750,64184,481,35048,269,27460,0,1676,304,15149,438,25257,304,40406,California
Nevada,2021-04-20,795,64979,307,35355,488,27948,0,1676,298,14955,492,25749,298,40704,California
Nevada,2021-04-21,897,65876,490,35845,407,28355,0,1676,266,14599,622,26371,266,40970,California
Nevada,2021-04-22,990,66866,618,36463,372,28727,0,1676,339,14298,640,27011,339,41309,California
Nevada,2021-04-23,1215,68081,537,37000,678,29405,0,1676,395,13884,809,27820,395,41704,California
Nevada,2021-04-24,520,68601,73,37073,447,29852,0,1676,169,13704,349,28169,169,41873,California
Nevada,2021-04-25,116,68717,61,37134,50,29902,5,1681,51,13696,64,28233,56,41929,California
Nevada,2021-04-26,696,69413,527,37661,161,30063,8,1689,196,13409,491,28724,204,42133,California
Nevada,2021-04-27,758,70171,345,38006,408,30471,5,1694,393,13450,357,29081,398,42531,California
Nevada,2021-04-28,983,71154,580,38586,398,30869,5,1699,387,13251,591,29672,392,42923,California
Nevada,2021-04-29,1011,72165,708,39294,299,31168,4,1703,276,12798,733,30405,280,43203,California
Nevada,2021-04-30,1221,73386,723,40017,489,31657,9,1712,199,11986,1020,31425,208,43411,California
Nevada,2021-05-01,142,73528,64,40081,74,31731,4,1716,63,11976,77,31502,67,43478,California
Nevada,2021-05-02,53,73581,29,40110,20,31751,4,1720,19,11965,34,31536,23,43501,California
Nevada,2021-05-03,603,74184,402,40512,182,31933,19,1739,177,11737,423,31959,195,43696,California
Nevada,2021-05-04,585,74769,172,40684,394,32327,19,1758,331,11838,249,32208,350,44046,California
Nevada,2021-05-05,723,75492,379,41063,327,32654,17,1775,311,11762,404,32612,328,44374,California
Nevada,2021-05-06,796,76288,566,41629,219,32873,11,1786,187,11359,601,33213,198,44572,California
Nevada,2021-05-07,876,77164,487,42116,354,33227,35,1821,187,10892,689,33902,222,44794,California
Nevada,2021-05-08,173,77337,21,42137,132,33359,20,1841,80,10899,93,33995,100,44894,California
Nevada,2021-05-09,44,77381,8,42145,34,33393,2,1843,21,10899,23,34018,23,44917,California
Nevada,2021-05-10,379,77760,243,42388,113,33506,23,1866,70,10683,309,34327,93,45010,California
Nevada,2021-05-11,426,78186,131,42519,287,33793,8,1874,82,10437,336,34663,90,45100,California
Orange,2020-12-15,16,16,16,16,0,0,0,0,16,16,0,0,16,16,California
Orange,2020-12-16,366,382,366,382,0,0,0,0,366,382,0,0,366,382,California
Orange,2020-12-17,3726,4108,3726,4108,0,0,0,0,3725,4107,0,0,3725,4107,California
Orange,2020-12-18,5053,9161,5046,9154,7,7,0,0,5052,9159,0,0,5052,9159,California
Orange,2020-12-19,2233,11394,2226,11380,7,14,0,0,2232,11391,0,0,2232,11391,California
Orange,2020-12-20,1985,13379,1982,13362,3,17,0,0,1986,13377,0,0,1986,13377,California
Orange,2020-12-21,4253,17632,4247,17609,6,23,0,0,4253,17630,0,0,4253,17630,California
Orange,2020-12-22,3982,21614,3947,21556,35,58,0,0,3982,21612,0,0,3982,21612,California
Orange,2020-12-23,3563,25177,3200,24756,363,421,0,0,3565,25177,0,0,3565,25177,California
Orange,2020-12-24,1380,26557,1079,25835,301,722,0,0,1380,26557,0,0,1380,26557,California
Orange,2020-12-25,17,26574,12,25847,5,727,0,0,17,26574,0,0,17,26574,California
Orange,2020-12-26,1023,27597,423,26270,600,1327,0,0,1023,27597,0,0,1023,27597,California
Orange,2020-12-27,582,28179,275,26545,307,1634,0,0,582,28179,0,0,582,28179,California
Orange,2020-12-28,3542,31721,2568,29113,974,2608,0,0,3542,31721,0,0,3542,31721,California
Orange,2020-12-29,3575,35296,2563,31676,1012,3620,0,0,3574,35294,1,1,3574,35295,California
Orange,2020-12-30,5129,40425,3558,35234,1571,5191,0,0,5129,40423,0,1,5129,40424,California
Orange,2020-12-31,1497,41922,800,36034,697,5888,0,0,1497,41920,0,1,1497,41921,California
Orange,2021-01-01,542,42464,296,36330,246,6134,0,0,541,42460,1,2,541,42462,California
Orange,2021-01-02,1415,43879,904,37234,511,6645,0,0,1415,43875,0,2,1415,43877,California
Orange,2021-01-03,582,44461,323,37557,259,6904,0,0,582,44457,0,2,582,44459,California
Orange,2021-01-04,2744,47205,1562,39119,1182,8086,0,0,2745,47201,1,3,2745,47204,California
Orange,2021-01-05,3523,50728,2295,41414,1228,9314,0,0,3116,49917,403,406,3119,50323,California
Orange,2021-01-06,5011,55739,3466,44880,1545,10859,0,0,3644,52206,1355,1761,3644,53967,California
Orange,2021-01-07,9267,65006,5168,50048,4099,14958,0,0,5696,54348,3558,5319,5700,59667,California
Orange,2021-01-08,9420,74426,5269,55317,4151,19109,0,0,5657,56255,3753,9072,5660,65327,California
Orange,2021-01-09,5011,79437,1743,57060,3268,22377,0,0,3729,58702,1282,10354,3729,69056,California
Orange,2021-01-10,4237,83674,1042,58102,3195,25572,0,0,3358,61186,878,11232,3362,72418,California
Orange,2021-01-11,9440,93114,4901,63003,4539,30111,0,0,5817,63378,3626,14858,5818,78236,California
Orange,2021-01-12,8820,101934,4724,67727,4096,34207,0,0,5356,65273,3462,18320,5357,83593,California
Orange,2021-01-13,10254,112188,4923,72650,5331,39538,0,0,7052,69134,3198,21518,7059,90652,California
Orange,2021-01-14,9971,122159,3778,76428,6193,45731,0,0,8379,75929,1590,23108,8385,99037,California
Orange,2021-01-15,10170,132329,2628,79056,7542,53273,0,0,9291,84339,887,23995,9297,108334,California
Orange,2021-01-16,8708,141037,2096,81152,6612,59885,0,0,8312,92261,395,24390,8317,116651,California
Orange,2021-01-17,8157,149194,1484,82636,6673,66558,0,0,8010,100134,147,24537,8020,124671,California
Orange,2021-01-18,9756,158950,4460,87096,5296,71854,0,0,7513,105405,2245,26782,7516,132187,California
Orange,2021-01-19,7493,166443,5413,92509,2080,73934,0,0,4861,107635,2632,29414,4862,137049,California
Orange,2021-01-20,8382,174825,5919,98428,2463,76397,0,0,5321,109902,3061,32475,5328,142377,California
Orange,2021-01-21,11011,185836,4904,103332,6107,82504,0,0,10199,119301,811,33286,10210,152587,California
Orange,2021-01-22,13665,199501,5139,108471,8526,91030,0,0,12811,131273,847,34133,12819,165406,California
Orange,2021-01-23,13135,212636,6187,114658,6948,97978,0,0,12152,142452,981,35114,12160,177566,California
Orange,2021-01-24,9823,222459,4296,118954,5527,103505,0,0,9492,151619,328,35442,9495,187061,California
Orange,2021-01-25,10448,232907,5867,124821,4581,108086,0,0,7720,156621,2723,38165,7725,194786,California
Orange,2021-01-26,11903,244810,7722,132543,4181,112267,0,0,9732,164189,2167,40332,9735,204521,California
Orange,2021-01-27,13435,258245,8010,140553,5425,117692,0,0,10731,172232,2693,43025,10736,215257,California
Orange,2021-01-28,13036,271281,7208,147761,5828,123520,0,0,11171,181561,1850,44875,11179,226436,California
Orange,2021-01-29,13646,284927,8455,156216,5191,128711,0,0,10746,189425,2886,47761,10750,237186,California
Orange,2021-01-30,12931,297858,4443,160659,8488,137199,0,0,12186,200884,730,48491,12189,249375,California
Orange,2021-01-31,13719,311577,4947,165606,8772,145971,0,0,13261,213700,452,48943,13268,262643,California
Orange,2021-02-01,14084,325661,5806,171412,8278,154249,0,0,12067,223776,1996,50939,12072,274715,California
Orange,2021-02-02,15436,341097,8377,179789,7059,161308,0,0,12682,233815,2646,53585,12685,287400,California
Orange,2021-02-03,16765,357862,12582,192371,4183,165491,0,0,13734,244601,2953,56538,13739,301139,California
Orange,2021-02-04,19879,377741,12998,205369,6881,172372,0,0,14788,254337,5060,61598,14796,315935,California
Orange,2021-02-05,20765,398506,12026,217395,8739,181111,0,0,14472,262560,6252,67850,14475,330410,California
Orange,2021-02-06,16337,414843,10795,228190,5542,186653,0,0,11074,268605,5247,73097,11292,341702,California
Orange,2021-02-07,11525,426368,8103,236293,3422,190075,0,0,7550,272364,3960,77057,7719,349421,California
Orange,2021-02-08,14956,441324,8587,244880,6369,196444,0,0,8929,275297,5997,83054,8930,358351,California
Orange,2021-02-09,17680,459004,12040,256920,5640,202084,0,0,10709,279114,6897,89951,10714,369065,California
Orange,2021-02-10,20923,479927,11198,268118,9725,211809,0,0,12679,283654,8148,98099,12688,381753,California
Orange,2021-02-11,22107,502034,11492,279610,10615,222424,0,0,12377,286451,9598,107697,12395,394148,California
Orange,2021-02-12,24787,526821,11910,291520,12877,235301,0,0,14628,290986,10098,117795,14633,408781,California
Orange,2021-02-13,22020,548841,11916,303436,10104,245405,0,0,11149,292107,10669,128464,11790,420571,California
Orange,2021-02-14,16195,565036,6575,310011,9620,255025,0,0,9550,295039,6619,135083,9551,430122,California
Orange,2021-02-15,17230,582266,7395,317406,9835,264860,0,0,8881,295624,8305,143388,8890,439012,California
Orange,2021-02-16,19935,602201,8988,326394,10947,275807,0,0,10721,297203,9166,152554,10745,449757,California
Orange,2021-02-17,17896,620097,9333,335727,8563,284370,0,0,9190,297765,8659,161213,9221,458978,California
Orange,2021-02-18,15003,635100,9845,345572,5158,289528,0,0,6749,296320,8202,169415,6757,465735,California
Orange,2021-02-19,18188,653288,10890,356462,7298,296826,0,0,6936,292067,11201,180616,6948,472683,California
Orange,2021-02-20,7526,660814,5618,362080,1908,298734,0,0,3777,292127,3727,184343,3787,476470,California
Orange,2021-02-21,4379,665193,3697,365777,682,299416,0,0,792,289368,3551,187894,792,477262,California
Orange,2021-02-22,9654,674847,7876,373653,1778,301194,0,0,3896,287550,5729,193623,3911,481173,California
Orange,2021-02-23,13270,688117,7248,380901,6022,307216,0,0,3495,281339,9716,203339,3505,484678,California
Orange,2021-02-24,21169,709286,12841,393742,8328,315544,0,0,5395,271042,15711,219050,5414,490092,California
Orange,2021-02-25,22679,731965,12299,406041,10380,325924,0,0,7997,264444,14611,233661,8013,498105,California
Orange,2021-02-26,27759,759724,14084,420125,13675,339599,0,0,11176,259184,16461,250122,11201,509306,California
Orange,2021-02-27,25004,784728,10102,430227,14900,354499,2,2,7264,248830,17635,267757,7281,516587,California
Orange,2021-02-28,19085,803813,7411,437638,11674,366173,0,2,4826,239530,14143,281900,4843,521430,California
Orange,2021-03-01,18428,822241,8404,446042,10018,376191,6,8,7129,235456,11221,293121,7147,528577,California
Orange,2021-03-02,18838,841079,8903,454945,9932,386123,3,11,9184,235064,9606,302727,9214,537791,California
Orange,2021-03-03,20518,861597,9643,464588,10872,396995,3,14,11002,236653,9439,312166,11028,548819,California
Orange,2021-03-04,22334,883931,12856,477444,9464,406459,14,28,11601,237599,10695,322861,11641,560460,California
Orange,2021-03-05,20754,904685,10761,488205,9948,416407,45,73,12702,242397,8009,330870,12807,573267,California
Orange,2021-03-06,23966,928651,13140,501345,9962,426369,864,937,12672,244699,11258,342128,13560,586827,California
Orange,2021-03-07,14854,943505,8317,509662,6140,432509,397,1334,8669,247639,6146,348274,9086,595913,California
Orange,2021-03-08,16229,959734,7424,517086,7543,440052,1262,2596,10418,253584,5762,354036,11707,607620,California
Orange,2021-03-09,19741,979475,8590,525676,8717,448769,2434,5030,11328,258974,8373,362409,13763,621383,California
Orange,2021-03-10,24322,1003797,11771,537447,9102,457871,3449,8479,12155,262465,12109,374518,15600,636983,California
Orange,2021-03-11,28974,1032771,15684,553131,9071,466942,4219,12698,13426,264649,15460,389978,17644,654627,California
Orange,2021-03-12,29234,1062005,14228,567359,11153,478095,3853,16551,14675,268717,14481,404459,18549,673176,California
Orange,2021-03-13,27711,1089716,10158,577517,13625,491720,3928,20479,14021,273028,13636,418095,17947,691123,California
Orange,2021-03-14,18799,1108515,8148,585665,8126,499846,2525,23004,11868,280509,6901,424996,14382,705505,California
Orange,2021-03-15,22986,1131501,10119,595784,12109,511955,758,23762,14353,287057,8558,433554,15106,720611,California
Orange,2021-03-16,26334,1157835,11131,606915,14978,526933,225,23987,17138,295312,9115,442669,17370,737981,California
Orange,2021-03-17,27303,1185138,13546,620461,13168,540101,589,24576,19429,307524,7803,450472,20015,757996,California
Orange,2021-03-18,27696,1212834,13914,634375,13506,553607,276,24852,21578,323330,6053,456525,21859,779855,California
Orange,2021-03-19,33414,1246248,18360,652735,14615,568222,439,25291,24884,340242,8421,464946,25333,805188,California
Orange,2021-03-20,25744,1271992,13543,666278,11995,580217,206,25497,22029,358827,3653,468599,22238,827426,California
Orange,2021-03-21,18471,1290463,10668,676946,7076,587293,727,26224,15713,372538,2730,471329,16441,843867,California
Orange,2021-03-22,22703,1313166,11723,688669,10658,597951,322,26546,19193,388631,3430,474759,19523,863390,California
Orange,2021-03-23,25940,1339106,13445,702114,11860,609811,635,27181,20843,405094,5019,479778,21482,884872,California
Orange,2021-03-24,29020,1368126,16165,718279,11948,621759,907,28088,21983,421030,6956,486734,22892,907764,California
Orange,2021-03-25,32258,1400384,17175,735454,14380,636139,703,28791,24199,437959,7971,494705,24900,932664,California
Orange,2021-03-26,34715,1435099,18001,753455,15853,651992,861,29652,24987,454185,9624,504329,25850,958514,California
Orange,2021-03-27,28351,1463450,13559,767014,14478,666470,314,29966,19790,465822,8470,512799,20107,978621,California
Orange,2021-03-28,24704,1488154,12776,779790,11860,678330,68,30034,18624,478505,6012,518811,18695,997316,California
Orange,2021-03-29,26382,1514536,12059,791849,13762,692092,561,30595,17911,488586,8392,527203,18473,1015789,California
Orange,2021-03-30,30775,1545311,13846,805695,16296,708388,633,31228,21321,501160,9380,536583,21954,1037743,California
Orange,2021-03-31,36957,1582268,19374,825069,16873,725261,710,31938,24037,513089,12823,549406,24752,1062495,California
Orange,2021-04-01,40152,1622420,21054,846123,17261,742522,1837,33775,26047,526966,13996,563402,27873,1090368,California
Orange,2021-04-02,39749,1662169,20031,866154,17940,760462,1778,35553,22551,534205,17100,580502,24339,1114707,California
Orange,2021-04-03,29988,1692157,15621,881775,12674,773136,1693,37246,14207,534388,15711,596213,15894,1130601,California
Orange,2021-04-04,18322,1710479,10642,892417,6924,780060,756,38002,8173,533217,10095,606308,8924,1139525,California
Orange,2021-04-05,29786,1740265,13921,906338,12492,792552,3373,41375,13821,534503,15895,622203,17181,1156706,California
Orange,2021-04-06,33211,1773476,15550,921888,14241,806793,3420,44795,14363,533509,18757,640960,17763,1174469,California
Orange,2021-04-07,35839,1809315,19988,941876,11285,818078,4566,49361,15786,533858,19976,660936,20325,1194794,California
Orange,2021-04-08,38495,1847810,21422,963298,11644,829722,5429,54790,18755,538364,19648,680584,24154,1218948,California
Orange,2021-04-09,40467,1888277,23580,986878,11743,841465,5144,59934,17930,538957,22455,703039,23048,1241996,California
Orange,2021-04-10,34071,1922348,18063,1004941,11804,853269,4204,64138,14149,537438,19842,722881,18323,1260319,California
Orange,2021-04-11,25456,1947804,14374,1019315,7824,861093,3258,67396,9796,534863,15614,738495,13039,1273358,California
Orange,2021-04-12,30285,1978089,15343,1034658,11411,872504,3531,70927,11918,531974,18313,756808,15424,1288782,California
Orange,2021-04-13,32232,2010321,18124,1052782,14041,886545,67,70994,15033,529935,17137,773945,15098,1303880,California
Orange,2021-04-14,34222,2044543,20004,1072786,14189,900734,29,71023,15040,525911,19095,793040,15071,1318951,California
Orange,2021-04-15,39797,2084340,24283,1097069,15501,916235,13,71036,18491,523210,21207,814247,18506,1337457,California
Orange,2021-04-16,41078,2125418,24144,1121213,16904,933139,30,71066,18557,519375,22428,836675,18593,1356050,California
Orange,2021-04-17,29772,2155190,17245,1138458,12524,945663,3,71069,12886,515454,16814,853489,12893,1368943,California
Orange,2021-04-18,21359,2176549,12916,1151374,8443,954106,0,71069,8463,511069,12851,866340,8466,1377409,California
Orange,2021-04-19,32337,2208886,17817,1169191,14518,968624,2,71071,14856,508530,17400,883740,14861,1392270,California
Orange,2021-04-20,35069,2243955,18203,1187394,16863,985487,3,71074,17532,508599,17465,901205,17534,1409804,California
Orange,2021-04-21,40327,2284282,23161,1210555,17156,1002643,10,71084,19030,506431,21209,922414,19041,1428845,California
Orange,2021-04-22,39100,2323382,20664,1231219,18428,1021071,8,71092,16256,499973,22728,945142,16270,1445115,California
Orange,2021-04-23,39892,2363274,20550,1251769,19336,1040407,6,71098,17736,495664,22053,967195,17744,1462859,California
Orange,2021-04-24,31788,2395062,16650,1268419,15103,1055510,35,71133,13365,490715,18351,985546,13402,1476261,California
Orange,2021-04-25,22925,2417987,12928,1281347,9984,1065494,13,71146,9844,487548,13029,998575,9862,1486123,California
Orange,2021-04-26,25236,2443223,12035,1293382,13023,1078517,178,71324,11042,484656,14112,1012687,11220,1497343,California
Orange,2021-04-27,27718,2470941,12611,1305993,14618,1093135,489,71813,10531,478639,17042,1029729,11025,1508368,California
Orange,2021-04-28,30489,2501430,15171,1321164,14454,1107589,864,72677,12085,473278,18306,1048035,12945,1521313,California
Orange,2021-04-29,31392,2532822,17166,1338330,13274,1120863,952,73629,11230,465377,20078,1068113,12177,1533490,California
Orange,2021-04-30,29285,2562107,16640,1354970,11718,1132581,927,74556,12357,461810,16846,1084959,13279,1546769,California
Orange,2021-05-01,21736,2583843,14653,1369623,6100,1138681,983,75539,8665,458451,13001,1097960,9642,1556411,California
Orange,2021-05-02,15363,2599206,10212,1379835,4510,1143191,641,76180,5375,454538,9927,1107887,6014,1562425,California
Orange,2021-05-03,20407,2619613,12437,1392272,7216,1150407,754,76934,6381,447714,13954,1121841,7130,1569555,California
Orange,2021-05-04,23373,2642986,13323,1405595,9167,1159574,883,77817,8057,441424,15219,1137060,8929,1578484,California
Orange,2021-05-05,21923,2664909,12882,1418477,8156,1167730,885,78702,7140,434777,14668,1151728,8021,1586505,California
Orange,2021-05-06,23805,2688714,14991,1433468,7843,1175573,971,79673,6106,424261,17586,1169314,7070,1593575,California
Orange,2021-05-07,24698,2713412,15331,1448799,8353,1183926,1014,80687,6983,414720,17532,1186846,7991,1601566,California
Orange,2021-05-08,17044,2730456,11397,1460196,4901,1188827,746,81433,4613,407722,12359,1199205,5361,1606927,California
Orange,2021-05-09,10282,2740738,7815,1468011,2090,1190917,377,81810,2642,403147,7593,1206798,3018,1609945,California
Orange,2021-05-10,16454,2757192,10619,1478630,5115,1196032,720,82530,3230,393948,13149,1219947,3950,1613895,California
Orange,2021-05-11,10759,2767951,6402,1485032,4137,1200169,220,82750,1486,386426,9229,1229176,1707,1615602,California
Placer,2020-12-15,29,29,29,29,0,0,0,0,29,29,0,0,29,29,California
Placer,2020-12-16,54,83,54,83,0,0,0,0,54,83,0,0,54,83,California
Placer,2020-12-17,140,223,140,223,0,0,0,0,140,223,0,0,140,223,California
Placer,2020-12-18,332,555,332,555,0,0,0,0,332,555,0,0,332,555,California
Placer,2020-12-19,252,807,252,807,0,0,0,0,252,807,0,0,252,807,California
Placer,2020-12-20,234,1041,234,1041,0,0,0,0,234,1041,0,0,234,1041,California
Placer,2020-12-21,493,1534,492,1533,1,1,0,0,493,1534,0,0,493,1534,California
Placer,2020-12-22,675,2209,668,2201,7,8,0,0,675,2209,0,0,675,2209,California
Placer,2020-12-23,748,2957,662,2863,86,94,0,0,748,2957,0,0,748,2957,California
Placer,2020-12-24,398,3355,346,3209,52,146,0,0,398,3355,0,0,398,3355,California
Placer,2020-12-26,156,3511,111,3320,45,191,0,0,156,3511,0,0,156,3511,California
Placer,2020-12-27,186,3697,163,3483,23,214,0,0,186,3697,0,0,186,3697,California
Placer,2020-12-28,663,4360,536,4019,127,341,0,0,663,4360,0,0,663,4360,California
Placer,2020-12-29,762,5122,513,4532,249,590,0,0,762,5122,0,0,762,5122,California
Placer,2020-12-30,728,5850,454,4986,274,864,0,0,726,5848,0,0,726,5848,California
Placer,2020-12-31,529,6379,343,5329,186,1050,0,0,529,6377,0,0,529,6377,California
Placer,2021-01-01,15,6394,11,5340,4,1054,0,0,15,6392,0,0,15,6392,California
Placer,2021-01-02,184,6578,152,5492,32,1086,0,0,184,6576,0,0,184,6576,California
Placer,2021-01-03,154,6732,79,5571,75,1161,0,0,154,6730,0,0,154,6730,California
Placer,2021-01-04,619,7351,180,5751,439,1600,0,0,619,7349,0,0,619,7349,California
Placer,2021-01-05,726,8077,159,5910,567,2167,0,0,643,7911,82,82,644,7993,California
Placer,2021-01-06,760,8837,244,6154,516,2683,0,0,618,8387,142,224,618,8611,California
Placer,2021-01-07,985,9822,368,6522,617,3300,0,0,780,8962,205,429,780,9391,California
Placer,2021-01-08,1184,11006,528,7050,656,3956,0,0,855,9491,326,755,855,10246,California
Placer,2021-01-09,450,11456,321,7371,129,4085,0,0,234,9510,215,970,234,10480,California
Placer,2021-01-10,329,11785,186,7557,143,4228,0,0,164,9509,165,1135,164,10644,California
Placer,2021-01-11,1425,13210,807,8364,618,4846,0,0,836,9757,589,1724,837,11481,California
Placer,2021-01-12,1650,14860,877,9241,773,5619,0,0,1048,10203,602,2326,1048,12529,California
Placer,2021-01-13,1634,16494,821,10062,813,6432,0,0,1210,10994,422,2748,1213,13742,California
Placer,2021-01-14,1775,18269,652,10714,1123,7555,0,0,1419,12061,353,3101,1420,15162,California
Placer,2021-01-15,1936,20205,722,11436,1214,8769,0,0,1586,13299,349,3450,1587,16749,California
Placer,2021-01-16,1470,21675,720,12156,750,9519,0,0,1349,14528,121,3571,1350,18099,California
Placer,2021-01-17,563,22238,397,12553,166,9685,0,0,430,14825,133,3704,430,18529,California
Placer,2021-01-18,976,23214,539,13092,437,10122,0,0,747,15344,229,3933,748,19277,California
Placer,2021-01-19,2611,25825,1948,15040,663,10785,0,0,2161,17055,450,4383,2161,21438,California
Placer,2021-01-20,2266,28091,1697,16737,569,11354,0,0,1937,18664,329,4712,1938,23376,California
Placer,2021-01-21,2557,30648,1113,17850,1444,12798,0,0,2164,20437,392,5104,2165,25541,California
Placer,2021-01-22,2304,32952,595,18445,1709,14507,0,0,2129,22394,173,5277,2130,27671,California
Placer,2021-01-23,1189,34141,380,18825,809,15316,0,0,1034,23273,155,5432,1034,28705,California
Placer,2021-01-24,507,34648,265,19090,242,15558,0,0,431,23629,76,5508,432,29137,California
Placer,2021-01-25,1672,36320,802,19892,870,16428,0,0,1384,24726,288,5796,1385,30522,California
Placer,2021-01-26,1855,38175,1030,20922,825,17253,0,0,1591,26053,264,6060,1591,32113,California
Placer,2021-01-27,1840,40015,1152,22074,688,17941,0,0,1596,27408,242,6302,1597,33710,California
Placer,2021-01-28,1805,41820,1116,23190,689,18630,0,0,1557,28719,246,6548,1557,35267,California
Placer,2021-01-29,1894,43714,1171,24361,723,19353,0,0,1702,30232,191,6739,1704,36971,California
Placer,2021-01-30,1726,45440,972,25333,754,20107,0,0,1605,31717,120,6859,1605,38576,California
Placer,2021-01-31,781,46221,624,25957,157,20264,0,0,713,32363,68,6927,714,39290,California
Placer,2021-02-01,2071,48292,1090,27047,981,21245,0,0,1757,33806,314,7241,1757,41047,California
Placer,2021-02-02,2377,50669,1541,28588,836,22081,0,0,1886,35204,488,7729,1886,42933,California
Placer,2021-02-03,2919,53588,1876,30464,1043,23124,0,0,2295,36879,620,8349,2295,45228,California
Placer,2021-02-04,2759,56347,1187,31651,1572,24696,0,0,1935,37995,820,9169,1936,47164,California
Placer,2021-02-05,2731,59078,1205,32856,1526,26222,0,0,1403,38075,1323,10492,1403,48567,California
Placer,2021-02-06,1952,61030,1311,34167,641,26863,0,0,1399,38921,553,11045,1399,49966,California
Placer,2021-02-07,1224,62254,913,35080,311,27174,0,0,939,39576,284,11329,939,50905,California
Placer,2021-02-08,3300,65554,1767,36847,1533,28707,0,0,1977,40239,1315,12644,1978,52883,California
Placer,2021-02-09,3549,69103,2177,39024,1372,30079,0,0,1644,39980,1903,14547,1644,54527,California
Placer,2021-02-10,3749,72852,2190,41214,1559,31638,0,0,1744,39724,2002,16549,1746,56273,California
Placer,2021-02-11,3692,76544,1904,43118,1788,33426,0,0,1587,39220,2092,18641,1588,57861,California
Placer,2021-02-12,2848,79392,1324,44442,1524,34950,0,0,1668,39746,1143,19784,1669,59530,California
Placer,2021-02-13,2538,81930,1485,45927,1053,36003,0,0,1887,40982,651,20435,1887,61417,California
Placer,2021-02-14,1083,83013,677,46604,406,36409,0,0,738,41378,342,20777,738,62155,California
Placer,2021-02-15,2244,85257,1043,47647,1201,37610,0,0,1532,42198,713,21490,1533,63688,California
Placer,2021-02-16,3574,88831,1780,49427,1794,39404,0,0,1588,41810,1977,23467,1589,65277,California
Placer,2021-02-17,3541,92372,1961,51388,1580,40984,0,0,1509,41291,2028,25495,1509,66786,California
Placer,2021-02-18,3796,96168,2046,53434,1750,42734,0,0,1625,40755,2162,27657,1626,68412,California
Placer,2021-02-19,3585,99753,1910,55344,1675,44409,0,0,1328,39831,2253,29910,1329,69741,California
Placer,2021-02-20,2003,101756,1258,56602,745,45154,0,0,916,39669,1081,30991,919,70660,California
Placer,2021-02-21,974,102730,731,57333,243,45397,0,0,281,39261,690,31681,282,70942,California
Placer,2021-02-22,2523,105253,1775,59108,748,46145,0,0,603,37945,1919,33600,603,71545,California
Placer,2021-02-23,2548,107801,1574,60682,974,47119,0,0,881,37160,1666,35266,881,72426,California
Placer,2021-02-24,3287,111088,1174,61856,2113,49232,0,0,1790,37465,1487,36753,1792,74218,California
Placer,2021-02-25,3627,114715,1516,63372,2111,51343,0,0,1967,37781,1652,38405,1968,76186,California
Placer,2021-02-26,4098,118813,2376,65748,1722,53065,0,0,2354,38395,1740,40145,2354,78540,California
Placer,2021-02-27,2822,121635,1494,67242,1328,54393,0,0,1456,38495,1359,41504,1459,79999,California
Placer,2021-02-28,1401,123036,796,68038,605,54998,0,0,586,38272,809,42313,586,80585,California
Placer,2021-03-01,2999,126035,1991,70029,1008,56006,0,0,1550,38378,1444,43757,1550,82135,California
Placer,2021-03-02,2870,128905,1761,71790,1109,57115,0,0,1874,39261,991,44748,1874,84009,California
Placer,2021-03-03,3319,132224,1423,73213,1896,59011,0,0,1815,39579,1498,46246,1816,85825,California
Placer,2021-03-04,3626,135850,1455,74668,2171,61182,0,0,1895,39756,1719,47965,1896,87721,California
Placer,2021-03-05,3013,138863,1033,75701,1958,63140,22,22,1809,40385,1202,49167,1831,89552,California
Placer,2021-03-06,2413,141276,1486,77187,831,63971,96,118,925,39925,1481,50648,1021,90573,California
Placer,2021-03-07,1297,142573,751,77938,508,64479,38,156,530,39729,764,51412,568,91141,California
Placer,2021-03-08,2907,145480,1826,79764,968,65447,113,269,1648,40233,1257,52669,1761,92902,California
Placer,2021-03-09,3173,148653,1681,81445,1401,66848,91,360,1817,40788,1353,54022,1908,94810,California
Placer,2021-03-10,3281,151934,1320,82765,1854,68702,107,467,1708,41035,1568,55590,1815,96625,California
Placer,2021-03-11,3634,155568,1645,84410,1865,70567,124,591,1746,41029,1879,57469,1873,98498,California
Placer,2021-03-12,3671,159239,1483,85893,1407,71974,781,1372,1250,40646,2415,59884,2032,100530,California
Placer,2021-03-13,2108,161347,741,86634,1248,73222,119,1491,1114,40888,991,60875,1233,101763,California
Placer,2021-03-14,1640,162987,672,87306,819,74041,149,1640,891,41179,749,61624,1040,102803,California
Placer,2021-03-15,3181,166168,1533,88839,1516,75557,132,1772,1764,41660,1416,63040,1897,104700,California
Placer,2021-03-16,3559,169727,1915,90754,1511,77068,133,1905,2283,42812,1265,64305,2417,107117,California
Placer,2021-03-17,3417,173144,1727,92481,1591,78659,99,2004,2204,43906,1211,65516,2305,109422,California
Placer,2021-03-18,4091,177235,2324,94805,1729,80388,38,2042,2864,45587,1220,66736,2901,112323,California
Placer,2021-03-19,3439,180674,2070,96875,1105,81493,264,2306,2196,46810,1236,67972,2459,114782,California
Placer,2021-03-20,2138,182812,897,97772,1144,82637,97,2403,1301,47374,833,68805,1397,116179,California
Placer,2021-03-21,1253,184065,574,98346,670,83307,9,2412,945,48023,305,69110,954,117133,California
Placer,2021-03-22,3268,187333,2102,100448,1077,84384,89,2501,2193,49235,1071,70181,2283,119416,California
Placer,2021-03-23,3526,190859,2097,102545,1338,85722,91,2592,2524,50854,997,71178,2616,122032,California
Placer,2021-03-24,3788,194647,1998,104543,1693,87415,97,2689,1952,51089,1814,72992,2049,124081,California
Placer,2021-03-25,3848,198495,1864,106407,1887,89302,97,2786,1785,50917,2053,75045,1881,125962,California
Placer,2021-03-26,3761,202256,1663,108070,1866,91168,232,3018,1584,50569,2164,77209,1816,127778,California
Placer,2021-03-27,1592,203848,467,108537,1105,92273,20,3038,647,50298,938,78147,667,128445,California
Placer,2021-03-28,1107,204955,527,109064,570,92843,10,3048,374,49954,728,78875,384,128829,California
Placer,2021-03-29,3558,208513,1988,111052,1536,94379,34,3082,1726,49892,1823,80698,1761,130590,California
Placer,2021-03-30,3973,212486,2099,113151,1831,96210,43,3125,2091,50157,1868,82566,2133,132723,California
Placer,2021-03-31,4092,216578,1830,114981,2187,98397,75,3200,1692,49530,2393,84959,1766,134489,California
Placer,2021-04-01,2965,219543,1428,116409,1491,99888,46,3246,1654,49920,1310,86269,1700,136189,California
Placer,2021-04-02,2834,222377,1447,117856,1323,101211,64,3310,1586,50328,1241,87510,1649,137838,California
Placer,2021-04-03,1852,224229,984,118840,740,101951,128,3438,889,50389,956,88466,1017,138855,California
Placer,2021-04-04,709,224938,361,119201,295,102246,53,3491,285,50306,421,88887,338,139193,California
Placer,2021-04-05,2993,227931,1895,121096,914,103160,184,3675,1741,50983,1248,90135,1925,141118,California
Placer,2021-04-06,4277,232208,2469,123565,1509,104669,299,3974,1524,50058,2748,92883,1823,142941,California
Placer,2021-04-07,4505,236713,2570,126135,1474,106143,461,4435,2060,50136,2440,95323,2518,145459,California
Placer,2021-04-08,4687,241400,2592,128727,1549,107692,546,4981,1569,49144,3107,98430,2115,147574,California
Placer,2021-04-09,4101,245501,2263,130990,1220,108912,618,5599,1226,48123,2867,101297,1846,149420,California
Placer,2021-04-10,2007,247508,876,131866,949,109861,182,5781,853,48006,1151,102448,1034,150454,California
Placer,2021-04-11,1353,248861,532,132398,788,110649,33,5814,455,47599,894,103342,487,150941,California
Placer,2021-04-12,4104,252965,2654,135052,1070,111719,380,6194,2466,48817,1627,104969,2845,153786,California
Placer,2021-04-13,4336,257301,2988,138040,1347,113066,1,6195,2184,48855,2147,107116,2185,155971,California
Placer,2021-04-14,4118,261419,2561,140601,1556,114622,1,6196,1845,48436,2264,109380,1845,157816,California
Placer,2021-04-15,4496,265915,2511,143112,1984,116606,1,6197,2353,48658,2132,111512,2354,160170,California
Placer,2021-04-16,3660,269575,2174,145286,1486,118092,0,6197,1429,47862,2225,113737,1429,161599,California
Placer,2021-04-17,2410,271985,836,146122,1574,119666,0,6197,1515,48485,892,114629,1515,163114,California
Placer,2021-04-18,1177,273162,254,146376,923,120589,0,6197,410,48130,765,115394,410,163524,California
Placer,2021-04-19,2907,276069,1777,148153,1130,121719,0,6197,1144,47515,1760,117154,1145,164669,California
Placer,2021-04-20,3771,279840,2448,150601,1323,123042,0,6197,2399,48550,1364,118518,2399,167068,California
Placer,2021-04-21,3649,283489,2391,152992,1257,124299,1,6198,2377,49660,1268,119786,2378,169446,California
Placer,2021-04-22,3618,287107,2223,155215,1395,125694,0,6198,1740,49525,1875,121661,1740,171186,California
Placer,2021-04-23,3495,290602,2319,157534,1175,126869,1,6199,1370,48777,2119,123780,1371,172557,California
Placer,2021-04-24,2070,292672,1254,158788,815,127684,1,6200,1210,49135,852,124632,1210,173767,California
Placer,2021-04-25,900,293572,497,159285,403,128087,0,6200,556,49347,344,124976,556,174323,California
Placer,2021-04-26,2199,295771,1205,160490,971,129058,23,6223,1096,49372,1093,126069,1118,175441,California
Placer,2021-04-27,2490,298261,1308,161798,1147,130205,35,6258,1471,49865,1014,127083,1507,176948,California
Placer,2021-04-28,2911,301172,1803,163601,1071,131276,37,6295,1519,50039,1382,128465,1556,178504,California
Placer,2021-04-29,3259,304431,2074,165675,1133,132409,52,6347,1318,49474,1935,130400,1370,179874,California
Placer,2021-04-30,2983,307414,1808,167483,1128,133537,47,6394,1193,48930,1784,132184,1240,181114,California
Placer,2021-05-01,1327,308741,931,168414,372,133909,24,6418,606,48844,715,132899,629,181743,California
Placer,2021-05-02,715,309456,553,168967,141,134050,21,6439,333,48818,380,133279,354,182097,California
Placer,2021-05-03,1610,311066,998,169965,549,134599,63,6502,443,48160,1163,134442,505,182602,California
Placer,2021-05-04,2281,313347,1291,171256,827,135426,163,6665,857,47759,1421,135863,1020,183622,California
Placer,2021-05-05,3633,316980,2464,173720,1068,136494,101,6766,945,46121,2684,138547,1046,184668,California
Placer,2021-05-06,3057,320037,1889,175609,1098,137592,70,6836,785,44728,2248,140795,855,185523,California
Placer,2021-05-07,2760,322797,1873,177482,797,138389,90,6926,745,43559,2003,142798,834,186357,California
Placer,2021-05-08,1300,324097,696,178178,569,138958,35,6961,391,43077,908,143706,426,186783,California
Placer,2021-05-09,418,324515,190,178368,204,139162,24,6985,197,43076,221,143927,220,187003,California
Placer,2021-05-10,1826,326341,996,179364,743,139905,87,7072,383,42105,1441,145368,470,187473,California
Placer,2021-05-11,2000,328341,1611,180975,323,140228,66,7138,248,40670,1748,147116,313,187786,California
Plumas,2020-12-18,4,4,4,4,0,0,0,0,4,4,0,0,4,4,California
Plumas,2020-12-19,1,5,1,5,0,0,0,0,1,5,0,0,1,5,California
Plumas,2020-12-21,45,50,45,50,0,0,0,0,45,50,0,0,45,50,California
Plumas,2020-12-22,92,142,92,142,0,0,0,0,92,142,0,0,92,142,California
Plumas,2020-12-23,50,192,50,192,0,0,0,0,50,192,0,0,50,192,California
Plumas,2020-12-24,6,198,6,198,0,0,0,0,6,198,0,0,6,198,California
Plumas,2020-12-28,8,206,0,198,8,8,0,0,8,206,0,0,8,206,California
Plumas,2020-12-29,32,238,22,220,10,18,0,0,32,238,0,0,32,238,California
Plumas,2020-12-30,22,260,1,221,21,39,0,0,22,260,0,0,22,260,California
Plumas,2020-12-31,4,264,1,222,3,42,0,0,4,264,0,0,4,264,California
Plumas,2021-01-04,10,274,4,226,6,48,0,0,10,274,0,0,10,274,California
Plumas,2021-01-05,22,296,2,228,20,68,0,0,22,296,0,0,22,296,California
Plumas,2021-01-06,124,420,5,233,119,187,0,0,124,420,0,0,124,420,California
Plumas,2021-01-07,53,473,2,235,51,238,0,0,52,471,1,1,52,472,California
Plumas,2021-01-08,12,485,5,240,7,245,0,0,8,475,4,5,8,480,California
Plumas,2021-01-09,2,487,2,242,0,245,0,0,1,475,1,6,1,481,California
Plumas,2021-01-11,59,546,50,292,9,254,0,0,12,440,47,53,12,493,California
Plumas,2021-01-12,155,701,86,378,69,323,0,0,71,427,84,137,71,564,California
Plumas,2021-01-13,56,757,50,428,6,329,0,0,10,391,46,183,10,574,California
Plumas,2021-01-14,96,853,14,442,82,411,0,0,91,477,5,188,91,665,California
Plumas,2021-01-15,62,915,7,449,55,466,0,0,60,535,2,190,60,725,California
Plumas,2021-01-16,58,973,1,450,57,523,0,0,58,593,0,190,58,783,California
Plumas,2021-01-18,2,975,1,451,1,524,0,0,2,595,0,190,2,785,California
Plumas,2021-01-19,36,1011,5,456,31,555,0,0,32,623,4,194,32,817,California
Plumas,2021-01-20,121,1132,3,459,118,673,0,0,119,740,2,196,119,936,California
Plumas,2021-01-21,112,1244,2,461,110,783,0,0,112,852,0,196,112,1048,California
Plumas,2021-01-22,5,1249,1,462,4,787,0,0,5,857,0,196,5,1053,California
Plumas,2021-01-23,93,1342,2,464,91,878,0,0,93,950,0,196,93,1146,California
Plumas,2021-01-24,1,1343,1,465,0,878,0,0,1,951,0,196,1,1147,California
Plumas,2021-01-25,10,1353,7,472,3,881,0,0,7,955,3,199,7,1154,California
Plumas,2021-01-26,60,1413,2,474,58,939,0,0,52,999,8,207,52,1206,California
Plumas,2021-01-27,25,1438,20,494,5,944,0,0,5,984,20,227,5,1211,California
Plumas,2021-01-28,23,1461,0,494,23,967,0,0,21,1003,2,229,21,1232,California
Plumas,2021-01-29,8,1469,2,496,6,973,0,0,7,1009,1,230,7,1239,California
Plumas,2021-01-30,8,1477,4,500,4,977,0,0,7,1015,1,231,7,1246,California
Plumas,2021-01-31,3,1480,3,503,0,977,0,0,3,1018,0,231,3,1249,California
Plumas,2021-02-01,15,1495,2,505,13,990,0,0,7,1017,8,239,7,1256,California
Plumas,2021-02-02,21,1516,2,507,19,1009,0,0,2,1000,19,258,2,1258,California
Plumas,2021-02-03,128,1644,8,515,120,1129,0,0,13,899,114,372,13,1271,California
Plumas,2021-02-04,101,1745,8,523,93,1222,0,0,23,844,78,450,23,1294,California
Plumas,2021-02-05,24,1769,11,534,13,1235,0,0,9,838,15,465,9,1303,California
Plumas,2021-02-06,7,1776,0,534,7,1242,0,0,7,845,0,465,7,1310,California
Plumas,2021-02-08,16,1792,7,541,9,1251,0,0,4,837,12,477,4,1314,California
Plumas,2021-02-09,171,1963,1,542,170,1421,0,0,111,888,60,537,111,1425,California
Plumas,2021-02-10,89,2052,9,551,80,1501,0,0,80,960,9,546,81,1506,California
Plumas,2021-02-11,322,2374,7,558,315,1816,0,0,263,1164,59,605,263,1769,California
Plumas,2021-02-12,123,2497,4,562,119,1935,0,0,118,1277,5,610,118,1887,California
Plumas,2021-02-13,74,2571,5,567,69,2004,0,0,14,1231,60,670,14,1901,California
Plumas,2021-02-14,8,2579,5,572,3,2007,0,0,8,1239,0,670,8,1909,California
Plumas,2021-02-15,27,2606,5,577,22,2029,0,0,24,1260,3,673,24,1933,California
Plumas,2021-02-16,76,2682,4,581,72,2101,0,0,14,1212,62,735,14,1947,California
Plumas,2021-02-17,136,2818,5,586,131,2232,0,0,12,1100,124,859,12,1959,California
Plumas,2021-02-18,128,2946,6,592,122,2354,0,0,19,1011,109,968,20,1979,California
Plumas,2021-02-19,41,2987,4,596,37,2391,0,0,6,982,35,1003,6,1985,California
Plumas,2021-02-20,104,3091,7,603,97,2488,0,0,12,902,92,1095,12,1997,California
Plumas,2021-02-21,5,3096,5,608,0,2488,0,0,1,899,4,1099,1,1998,California
Plumas,2021-02-22,3,3099,1,609,2,2490,0,0,0,896,3,1102,0,1998,California
Plumas,2021-02-23,25,3124,5,614,20,2510,0,0,17,905,8,1110,17,2015,California
Plumas,2021-02-24,457,3581,7,621,450,2960,0,0,444,1336,13,1123,444,2459,California
Plumas,2021-02-25,229,3810,10,631,219,3179,0,0,168,1443,61,1184,168,2627,California
Plumas,2021-02-26,267,4077,8,639,259,3438,0,0,259,1695,8,1192,260,2887,California
Plumas,2021-02-27,40,4117,4,643,36,3474,0,0,33,1721,7,1199,33,2920,California
Plumas,2021-02-28,1,4118,0,643,1,3475,0,0,1,1722,0,1199,1,2921,California
Plumas,2021-03-01,13,4131,3,646,10,3485,0,0,8,1726,4,1203,8,2929,California
Plumas,2021-03-02,8,4139,0,646,8,3493,0,0,6,1730,2,1205,6,2935,California
Plumas,2021-03-03,152,4291,10,656,142,3635,0,0,136,1850,16,1221,136,3071,California
Plumas,2021-03-04,251,4542,9,665,242,3877,0,0,229,2057,22,1243,229,3300,California
Plumas,2021-03-05,399,4941,7,672,387,4264,5,5,388,2439,11,1254,393,3693,California
Plumas,2021-03-06,19,4960,2,674,9,4273,8,13,3,2434,16,1270,11,3704,California
Plumas,2021-03-07,13,4973,2,676,2,4275,9,22,3,2436,10,1280,12,3716,California
Plumas,2021-03-08,29,5002,3,679,2,4277,24,46,3,2437,26,1306,27,3743,California
Plumas,2021-03-09,133,5135,2,681,116,4393,15,61,18,2355,115,1421,33,3776,California
Plumas,2021-03-10,255,5390,3,684,238,4631,14,75,108,2331,146,1567,122,3898,California
Plumas,2021-03-11,182,5572,8,692,169,4800,5,80,147,2448,35,1602,152,4050,California
Plumas,2021-03-12,595,6167,3,695,304,5104,288,368,23,2187,572,2174,311,4361,California
Plumas,2021-03-13,25,6192,4,699,10,5114,11,379,5,2183,20,2194,16,4377,California
Plumas,2021-03-14,12,6204,3,702,4,5118,5,384,1,2179,10,2204,6,4383,California
Plumas,2021-03-15,32,6236,1,703,24,5142,7,391,6,2166,26,2230,13,4396,California
Plumas,2021-03-16,60,6296,3,706,56,5198,1,392,49,2205,11,2241,50,4446,California
Plumas,2021-03-17,73,6369,9,715,63,5261,1,393,58,2250,14,2255,59,4505,California
Plumas,2021-03-18,60,6429,6,721,38,5299,16,409,12,2230,48,2303,28,4533,California
Plumas,2021-03-19,164,6593,6,727,156,5455,2,411,155,2381,7,2310,158,4691,California
Plumas,2021-03-20,693,7286,4,731,688,6143,1,412,673,3037,18,2328,674,5365,California
Plumas,2021-03-21,2,7288,1,732,1,6144,0,412,1,3038,0,2328,1,5366,California
Plumas,2021-03-22,183,7471,2,734,181,6325,0,412,176,3207,7,2335,176,5542,California
Plumas,2021-03-23,27,7498,2,736,25,6350,0,412,13,3206,14,2349,13,5555,California
Plumas,2021-03-24,654,8152,7,743,646,6996,1,413,223,3000,430,2779,224,5779,California
Plumas,2021-03-25,299,8451,7,750,290,7286,2,415,157,3015,142,2921,157,5936,California
Plumas,2021-03-26,315,8766,9,759,306,7592,0,415,46,2793,268,3189,46,5982,California
Plumas,2021-03-27,13,8779,1,760,11,7603,1,416,3,2787,10,3199,4,5986,California
Plumas,2021-03-28,5,8784,3,763,1,7604,1,417,3,2789,2,3201,4,5990,California
Plumas,2021-03-29,12,8796,4,767,7,7611,1,418,4,2786,8,3209,5,5995,California
Plumas,2021-03-30,151,8947,3,770,147,7758,1,419,24,2684,127,3336,25,6020,California
Plumas,2021-03-31,289,9236,2,772,286,8044,1,420,268,2933,20,3356,269,6289,California
Plumas,2021-04-01,297,9533,11,783,285,8329,1,421,60,2758,235,3591,60,6349,California
Plumas,2021-04-02,375,9908,5,788,369,8698,1,422,29,2454,334,3925,30,6379,California
Plumas,2021-04-03,16,9924,3,791,5,8703,8,430,4,2454,12,3937,12,6391,California
Plumas,2021-04-04,3,9927,1,792,1,8704,1,431,0,2452,3,3940,1,6392,California
Plumas,2021-04-05,10,9937,3,795,6,8710,1,432,3,2449,7,3947,4,6396,California
Plumas,2021-04-06,120,10057,6,801,88,8798,26,458,13,2381,107,4054,39,6435,California
Plumas,2021-04-07,281,10338,7,808,99,8897,175,633,28,2331,253,4307,203,6638,California
Plumas,2021-04-08,155,10493,3,811,136,9033,16,649,34,2260,120,4427,49,6687,California
Plumas,2021-04-09,50,10543,9,820,25,9058,16,665,19,2263,31,4458,34,6721,California
Plumas,2021-04-10,22,10565,2,822,4,9062,16,681,3,2263,19,4477,19,6740,California
Plumas,2021-04-11,4,10569,3,825,0,9062,1,682,3,2266,1,4478,4,6744,California
Plumas,2021-04-12,11,10580,5,830,3,9065,3,685,7,2272,4,4482,10,6754,California
Plumas,2021-04-13,206,10786,5,835,201,9266,0,685,138,2342,68,4550,138,6892,California
Plumas,2021-04-14,108,10894,8,843,100,9366,0,685,54,2342,54,4604,54,6946,California
Plumas,2021-04-15,50,10944,2,845,48,9414,0,685,32,2356,18,4622,32,6978,California
Plumas,2021-04-16,144,11088,4,849,140,9554,0,685,4,2220,140,4762,4,6982,California
Plumas,2021-04-17,667,11755,2,851,665,10219,0,685,21,1597,644,5406,21,7003,California
Plumas,2021-04-18,4,11759,3,854,1,10220,0,685,1,1595,3,5409,1,7004,California
Plumas,2021-04-19,38,11797,3,857,35,10255,0,685,5,1567,33,5442,5,7009,California
Plumas,2021-04-20,41,11838,4,861,37,10292,0,685,25,1577,15,5457,25,7034,California
Plumas,2021-04-21,312,12150,5,866,306,10598,1,686,18,1301,294,5751,18,7052,California
Plumas,2021-04-22,272,12422,8,874,264,10862,0,686,130,1289,142,5893,130,7182,California
Plumas,2021-04-23,73,12495,6,880,67,10929,0,686,16,1248,57,5950,16,7198,California
Plumas,2021-04-24,171,12666,5,885,166,11095,0,686,146,1370,24,5974,146,7344,California
Plumas,2021-04-26,29,12695,4,889,25,11120,0,686,9,1360,19,5993,9,7353,California
Plumas,2021-04-27,87,12782,3,892,84,11204,0,686,51,1375,36,6029,51,7404,California
Plumas,2021-04-28,282,13064,4,896,278,11482,0,686,37,1167,245,6274,37,7441,California
Plumas,2021-04-29,172,13236,69,965,103,11585,0,686,118,1232,53,6327,118,7559,California
Plumas,2021-04-30,23,13259,11,976,12,11597,0,686,7,1223,16,6343,7,7566,California
Plumas,2021-05-01,2,13261,1,977,0,11597,1,687,0,1222,2,6345,1,7567,California
Plumas,2021-05-02,3,13264,3,980,0,11597,0,687,1,1221,2,6347,1,7568,California
Plumas,2021-05-03,18,13282,8,988,4,11601,6,693,7,1223,11,6358,13,7581,California
Plumas,2021-05-04,28,13310,3,991,19,11620,6,699,17,1235,11,6369,23,7604,California
Plumas,2021-05-05,44,13354,6,997,37,11657,1,700,17,1226,27,6396,18,7622,California
Plumas,2021-05-06,53,13407,3,1000,45,11702,5,705,13,1205,39,6435,18,7640,California
Plumas,2021-05-07,23,13430,7,1007,16,11718,0,705,7,1196,16,6451,7,7647,California
Plumas,2021-05-08,8,13438,1,1008,4,11722,3,708,4,1200,3,6454,7,7654,California
Plumas,2021-05-10,48,13486,1,1009,24,11746,23,731,22,1219,26,6480,45,7699,California
Plumas,2021-05-11,151,13637,2,1011,131,11877,18,749,8,1102,143,6623,26,7725,California
Riverside,2020-12-15,5,5,5,5,0,0,0,0,5,5,0,0,5,5,California
Riverside,2020-12-16,64,69,64,69,0,0,0,0,64,69,0,0,64,69,California
Riverside,2020-12-17,804,873,804,873,0,0,0,0,804,873,0,0,804,873,California
Riverside,2020-12-18,1723,2596,1722,2595,1,1,0,0,1723,2596,0,0,1723,2596,California
Riverside,2020-12-19,1026,3622,1023,3618,3,4,0,0,1024,3619,1,1,1024,3620,California
Riverside,2020-12-20,1083,4705,1082,4700,1,5,0,0,1083,4702,0,1,1083,4703,California
Riverside,2020-12-21,2273,6978,2271,6971,2,7,0,0,2273,6975,0,1,2273,6976,California
Riverside,2020-12-22,2256,9234,2217,9188,39,46,0,0,2255,9230,0,1,2255,9231,California
Riverside,2020-12-23,2129,11363,1792,10980,337,383,0,0,2130,11360,0,1,2130,11361,California
Riverside,2020-12-24,828,12191,626,11606,202,585,0,0,828,12188,0,1,828,12189,California
Riverside,2020-12-25,28,12219,5,11611,23,608,0,0,28,12216,0,1,28,12217,California
Riverside,2020-12-26,400,12619,257,11868,143,751,0,0,400,12616,0,1,400,12617,California
Riverside,2020-12-27,361,12980,243,12111,118,869,0,0,361,12977,0,1,361,12978,California
Riverside,2020-12-28,1626,14606,1126,13237,500,1369,0,0,1626,14603,0,1,1626,14604,California
Riverside,2020-12-29,1738,16344,972,14209,766,2135,0,0,1738,16341,0,1,1738,16342,California
Riverside,2020-12-30,2578,18922,1684,15893,894,3029,0,0,2577,18918,0,1,2577,18919,California
Riverside,2020-12-31,1022,19944,395,16288,627,3656,0,0,1024,19942,0,1,1024,19943,California
Riverside,2021-01-01,116,20060,45,16333,71,3727,0,0,116,20058,0,1,116,20059,California
Riverside,2021-01-02,834,20894,694,17027,140,3867,0,0,834,20892,0,1,834,20893,California
Riverside,2021-01-03,343,21237,298,17325,45,3912,0,0,342,21234,0,1,342,21235,California
Riverside,2021-01-04,1265,22502,797,18122,468,4380,0,0,1265,22499,0,1,1265,22500,California
Riverside,2021-01-05,1984,24486,1363,19485,621,5001,0,0,1889,24299,89,90,1889,24389,California
Riverside,2021-01-06,2496,26982,1112,20597,1384,6385,0,0,2190,26187,302,392,2190,26579,California
Riverside,2021-01-07,2766,29748,1813,22410,953,7338,0,0,1705,26838,1056,1448,1707,28286,California
Riverside,2021-01-08,4055,33803,2935,25345,1120,8458,0,0,2244,27275,1807,3255,2244,30530,California
Riverside,2021-01-09,2070,35873,844,26189,1226,9684,0,0,1723,28652,346,3601,1723,32253,California
Riverside,2021-01-10,1667,37540,735,26924,932,10616,0,0,1063,29111,604,4205,1063,33316,California
Riverside,2021-01-11,4525,42065,3103,30027,1422,12038,0,0,2790,30169,1733,5938,2791,36107,California
Riverside,2021-01-12,3405,45470,2731,32758,674,12712,0,0,1717,30203,1683,7621,1717,37824,California
Riverside,2021-01-13,4389,49859,2870,35628,1519,14231,0,0,2784,31385,1602,9223,2784,40608,California
Riverside,2021-01-14,5495,55354,1895,37523,3600,17831,0,0,4907,35704,588,9811,4907,45515,California
Riverside,2021-01-15,6154,61508,2096,39619,4058,21889,0,0,5866,41283,287,10098,5866,51381,California
Riverside,2021-01-16,3608,65116,1017,40636,2591,24480,0,0,3362,44400,246,10344,3363,54744,California
Riverside,2021-01-17,3593,68709,582,41218,3011,27491,0,0,3396,47601,195,10539,3396,58140,California
Riverside,2021-01-18,3729,72438,2023,43241,1706,29197,0,0,2724,49320,1005,11544,2724,60864,California
Riverside,2021-01-19,7408,79846,2643,45884,4765,33962,0,0,6291,54495,1117,12661,6292,67156,California
Riverside,2021-01-20,8110,87956,3025,48909,5085,39047,0,0,6536,59472,1563,14224,6540,73696,California
Riverside,2021-01-21,8363,96319,3521,52430,4842,43889,0,0,7714,66537,649,14873,7714,81410,California
Riverside,2021-01-22,8727,105046,2980,55410,5747,49636,0,0,8297,74407,428,15301,8298,89708,California
Riverside,2021-01-23,5925,110971,2393,57803,3532,53168,0,0,5197,78877,728,16029,5198,94906,California
Riverside,2021-01-24,3034,114005,1430,59233,1604,54772,0,0,2820,81487,211,16240,2821,97727,California
Riverside,2021-01-25,7879,121884,4537,63770,3342,58114,0,0,6753,87116,1125,17365,6754,104481,California
Riverside,2021-01-26,9121,131005,5731,69501,3390,61504,0,0,7609,93217,1509,18874,7610,112091,California
Riverside,2021-01-27,10905,141910,6387,75888,4518,66022,0,0,9298,100915,1603,20477,9301,121392,California
Riverside,2021-01-28,11489,153399,6780,82668,4709,70731,0,0,10329,110093,1152,21629,10330,131722,California
Riverside,2021-01-29,11923,165322,7277,89945,4646,75377,0,0,10554,119308,1343,22972,10558,142280,California
Riverside,2021-01-30,9049,174371,4605,94550,4444,79821,0,0,8585,127433,461,23433,8586,150866,California
Riverside,2021-01-31,5161,179532,4250,98800,911,80732,0,0,5028,132333,132,23565,5032,155898,California
Riverside,2021-02-01,10871,190403,6712,105512,4159,84891,0,0,9084,139640,1780,25345,9087,164985,California
Riverside,2021-02-02,9511,199914,4847,110359,4664,89555,0,0,8016,146171,1488,26833,8019,173004,California
Riverside,2021-02-03,12123,212037,5099,115458,7024,96579,0,0,9792,153642,2321,29154,9792,182796,California
Riverside,2021-02-04,13550,225587,6043,121501,7507,104086,0,0,11436,162973,2107,31261,11438,194234,California
Riverside,2021-02-05,14331,239918,5399,126900,8932,113018,0,0,11278,171210,3045,34306,11282,205516,California
Riverside,2021-02-06,7260,247178,4288,131188,2972,115990,0,0,5615,175191,1637,35943,5618,211134,California
Riverside,2021-02-07,2167,249345,796,131984,1371,117361,0,0,1851,176728,315,36258,1852,212986,California
Riverside,2021-02-08,12453,261798,5533,137517,6920,124281,0,0,10139,184574,2297,38555,10143,223129,California
Riverside,2021-02-09,9669,271467,4547,142064,5122,129403,0,0,7727,190372,1934,40489,7732,230861,California
Riverside,2021-02-10,12071,283538,6981,149045,5090,134493,0,0,8897,196115,3162,43651,8905,239766,California
Riverside,2021-02-11,16587,300125,9043,158088,7544,142037,0,0,12081,203728,4483,48134,12096,251862,California
Riverside,2021-02-12,17683,317808,10817,168905,6866,148903,0,0,12811,211724,4827,52961,12823,264685,California
Riverside,2021-02-13,6324,324132,2126,171031,4198,153101,0,0,3098,211635,3208,56169,3119,267804,California
Riverside,2021-02-14,4927,329059,1122,172153,3805,156906,0,0,2175,211063,2748,58917,2176,269980,California
Riverside,2021-02-15,9823,338882,4998,177151,4825,161731,0,0,5408,212071,4407,63324,5415,275395,California
Riverside,2021-02-16,16106,354988,10104,187255,6002,167733,0,0,9246,214472,6853,70177,9254,284649,California
Riverside,2021-02-17,15015,370003,8202,195457,6813,174546,0,0,7443,214366,7559,77736,7453,292102,California
Riverside,2021-02-18,15528,385531,8992,204449,6536,181082,0,0,8022,214915,7487,85223,8036,300138,California
Riverside,2021-02-19,15259,400790,8223,212672,7036,188118,0,0,7210,214103,8030,93253,7218,307356,California
Riverside,2021-02-20,8312,409102,4497,217169,3815,191933,0,0,2170,210151,6125,99378,2173,309529,California
Riverside,2021-02-21,4353,413455,3834,221003,519,192452,0,0,1217,208247,3121,102499,1217,310746,California
Riverside,2021-02-22,12355,425810,7760,228763,4595,197047,0,0,5102,206120,7234,109733,5107,315853,California
Riverside,2021-02-23,11090,436900,7556,236319,3534,200581,0,0,5389,205841,5672,115405,5393,321246,California
Riverside,2021-02-24,14802,451702,8098,244417,6704,207285,0,0,6294,203683,8469,123874,6311,327557,California
Riverside,2021-02-25,17327,469029,7384,251801,9943,217228,0,0,8043,202489,9262,133136,8068,335625,California
Riverside,2021-02-26,18595,487624,6717,258518,11878,229106,0,0,9288,202561,9249,142385,9321,344946,California
Riverside,2021-02-27,12026,499650,5560,264078,6466,235572,0,0,5751,202099,6240,148625,5778,350724,California
Riverside,2021-02-28,4888,504538,3222,267300,1666,237238,0,0,2414,202057,2463,151088,2421,353145,California
Riverside,2021-03-01,14305,518843,6092,273392,8212,245450,1,1,8429,204672,5842,156930,8457,361602,California
Riverside,2021-03-02,15283,534126,7435,280827,7847,253297,1,2,8974,207388,6286,163216,9002,370604,California
Riverside,2021-03-03,16856,550982,8342,289169,8514,261811,0,2,7279,205266,9528,172744,7406,378010,California
Riverside,2021-03-04,18718,569700,7449,296618,11265,273076,4,6,8892,204531,9781,182525,9046,387056,California
Riverside,2021-03-05,18746,588446,7523,304141,11179,284255,44,50,9280,204716,9416,191941,9601,396657,California
Riverside,2021-03-06,9450,597896,5015,309156,3953,288208,482,532,4698,205187,4738,196679,5209,401866,California
Riverside,2021-03-07,4175,602071,2698,311854,1088,289296,389,921,1961,205337,2204,198883,2354,404220,California
Riverside,2021-03-08,11931,614002,4739,316593,6783,296079,409,1330,5311,204502,6601,205484,5766,409986,California
Riverside,2021-03-09,14659,628661,6761,323354,7400,303479,498,1828,5788,202069,8853,214337,6420,416406,California
Riverside,2021-03-10,15631,644292,8391,331745,6353,309832,887,2715,6014,199545,9577,223914,7053,423459,California
Riverside,2021-03-11,19200,663492,9444,341189,7911,317743,1845,4560,7562,197559,11604,235518,9618,433077,California
Riverside,2021-03-12,21149,684641,7921,349110,8494,326237,4734,9294,7093,195691,14023,249541,12155,445232,California
Riverside,2021-03-13,8390,693031,2507,351617,4677,330914,1206,10500,4295,197195,4076,253617,5580,450812,California
Riverside,2021-03-14,4606,697637,1581,353198,1734,332648,1291,11791,2044,197975,2552,256169,3332,454144,California
Riverside,2021-03-15,18680,716317,7850,361048,9157,341805,1673,13464,9203,199515,9436,265605,10976,465120,California
Riverside,2021-03-16,20886,737203,10137,371185,9935,351740,814,14278,11386,202348,9460,275065,12293,477413,California
Riverside,2021-03-17,21274,758477,10913,382098,9313,361053,1048,15326,12781,207778,8457,283522,13887,491300,California
Riverside,2021-03-18,22568,781045,11741,393839,9173,370226,1654,16980,12530,211979,9991,293513,14192,505492,California
Riverside,2021-03-19,24007,805052,12576,406415,10481,380707,950,17930,14035,217408,9917,303430,15346,520838,California
Riverside,2021-03-20,10596,815648,6837,413252,2594,383301,1165,19095,6827,221660,3740,307170,7992,528830,California
Riverside,2021-03-21,3677,819325,2873,416125,551,383852,253,19348,2525,223299,1139,308309,2778,531608,California
Riverside,2021-03-22,16641,835966,9925,426050,6163,390015,553,19901,10604,228464,5989,314298,11154,542762,California
Riverside,2021-03-23,18547,854513,10497,436547,7628,397643,422,20323,11964,234337,6528,320826,12401,555163,California
Riverside,2021-03-24,18683,873196,10415,446962,8148,405791,120,20443,12844,241516,5793,326619,12972,568135,California
Riverside,2021-03-25,21091,894287,11643,458605,9270,415061,178,20621,14169,249015,6855,333474,14354,582489,California
Riverside,2021-03-26,24058,918345,11869,470474,12016,427077,173,20794,15017,255263,8944,342418,15192,597681,California
Riverside,2021-03-27,9275,927620,4865,475339,3355,430432,1055,21849,4805,256674,4450,346868,5861,603542,California
Riverside,2021-03-28,4719,932339,3102,478441,1525,431957,92,21941,2832,257725,1874,348742,2925,606467,California
Riverside,2021-03-29,17621,949960,8437,486878,9068,441025,116,22057,10959,262185,6626,355368,11086,617553,California
Riverside,2021-03-30,18316,968276,9539,496417,8573,449598,204,22261,11801,267715,6477,361845,12007,629560,California
Riverside,2021-03-31,18022,986298,8381,504798,9342,458940,299,22560,11471,272987,6509,368354,11781,641341,California
Riverside,2021-04-01,25369,1011667,12392,517190,12219,471159,758,23318,16409,281249,8903,377257,17165,658506,California
Riverside,2021-04-02,26014,1037681,14016,531206,11059,482218,939,24257,16350,289150,9612,386869,17513,676019,California
Riverside,2021-04-03,9263,1046944,5894,537100,2792,485010,577,24834,6005,292490,3240,390109,6580,682599,California
Riverside,2021-04-04,3370,1050314,2046,539146,1086,486096,238,25072,1751,292869,1611,391720,1990,684589,California
Riverside,2021-04-05,18350,1068664,9407,548553,7106,493202,1837,26909,9889,296171,8424,400144,11726,696315,California
Riverside,2021-04-06,23680,1092344,12310,560863,9257,502459,2113,29022,13200,301049,10429,410573,15307,711622,California
Riverside,2021-04-07,24522,1116866,13179,574042,8863,511322,2480,31502,13657,306366,10822,421395,16139,727761,California
Riverside,2021-04-08,26925,1143791,14785,588827,9202,520524,2938,34440,16403,315227,10462,431857,19323,747084,California
Riverside,2021-04-09,26016,1169807,15281,604108,8319,528843,2416,36856,15902,323492,10071,441928,18336,765420,California
Riverside,2021-04-10,11919,1181726,6702,610810,3830,532673,1387,38243,5224,323445,6653,448581,6606,772026,California
Riverside,2021-04-11,4583,1186309,2728,613538,1243,533916,612,38855,2172,323828,2400,450981,2783,774809,California
Riverside,2021-04-12,20051,1206360,8910,622448,8515,542431,2626,41481,10075,326591,9936,460917,12699,787508,California
Riverside,2021-04-13,19890,1226250,11141,633589,8723,551154,26,41507,11366,329503,8482,469399,11394,798902,California
Riverside,2021-04-14,22000,1248250,12096,645685,9889,561043,15,41522,10784,329153,11152,480551,10802,809704,California
Riverside,2021-04-15,21645,1269895,12159,657844,9478,570521,8,41530,11344,330268,10238,490789,11353,821057,California
Riverside,2021-04-16,24917,1294812,14424,672268,10487,581008,6,41536,11626,328667,13240,504029,11639,832696,California
Riverside,2021-04-17,9840,1304652,6486,678754,3354,584362,0,41536,4975,328799,4850,508879,4982,837678,California
Riverside,2021-04-18,3857,1308509,2813,681567,1037,585399,7,41543,1841,328644,2005,510884,1850,839528,California
Riverside,2021-04-19,19433,1327942,11561,693128,7869,593268,3,41546,6956,323171,12437,523321,6964,846492,California
Riverside,2021-04-20,18769,1346711,9877,703005,8883,602151,9,41555,7683,319818,11049,534370,7696,854188,California
Riverside,2021-04-21,19443,1366154,11079,714084,8356,610507,8,41563,7661,315771,11723,546093,7676,861864,California
Riverside,2021-04-22,23070,1389224,13423,727507,9644,620151,3,41566,8571,309915,14435,560528,8579,870443,California
Riverside,2021-04-23,23243,1412467,13692,741199,9537,629688,14,41580,9143,305034,14046,574574,9165,879608,California
Riverside,2021-04-24,10468,1422935,7314,748513,3152,632840,2,41582,4854,304312,5579,580153,4857,884465,California
Riverside,2021-04-25,4208,1427143,2821,751334,1387,634227,0,41582,2200,304518,1995,582148,2201,886666,California
Riverside,2021-04-26,15943,1443086,9979,761313,5919,640146,45,41627,5323,299301,10588,592736,5371,892037,California
Riverside,2021-04-27,17141,1460227,9705,771018,7275,647421,161,41788,5897,294158,11201,603937,6058,898095,California
Riverside,2021-04-28,16385,1476612,8828,779846,7305,654726,252,42040,5530,289144,10796,614733,5782,903877,California
Riverside,2021-04-29,18598,1495210,11408,791254,6855,661581,335,42375,5379,281703,13155,627888,5714,909591,California
Riverside,2021-04-30,19584,1514794,11276,802530,7937,669518,371,42746,6245,275030,13292,641180,6619,916210,California
Riverside,2021-05-01,6752,1521546,4869,807399,1715,671233,168,42914,2319,273104,4411,645591,2485,918695,California
Riverside,2021-05-02,3345,1524891,2184,809583,956,672189,205,43119,1064,272112,2267,647858,1275,919970,California
Riverside,2021-05-03,17863,1542754,10941,820524,6450,678639,472,43591,4079,262938,13724,661582,4550,924520,California
Riverside,2021-05-04,17056,1559810,10831,831355,5818,684457,407,43998,4793,255933,12206,673788,5201,929721,California
Riverside,2021-05-05,13839,1573649,7929,839284,5570,690027,340,44338,3850,250185,9938,683726,4190,933911,California
Riverside,2021-05-06,15509,1589158,8748,848032,6372,696399,389,44727,3772,242668,11680,695406,4163,938074,California
Riverside,2021-05-07,17694,1606852,10466,858498,6803,703202,425,45152,4439,234343,13189,708595,4864,942938,California
Riverside,2021-05-08,5822,1612674,3728,862226,1909,705111,185,45337,2281,233292,3517,712112,2466,945404,California
Riverside,2021-05-09,2249,1614923,1488,863714,611,705722,150,45487,830,232864,1409,713521,981,946385,California
Riverside,2021-05-10,7381,1622304,3804,867518,3215,708937,362,45849,2066,230009,5281,718802,2426,948811,California
Riverside,2021-05-11,7160,1629464,4741,872259,2122,711059,297,46146,1321,225818,5809,724611,1618,950429,California
Sacramento,2020-12-15,315,315,315,315,0,0,0,0,315,315,0,0,315,315,California
Sacramento,2020-12-16,643,958,643,958,0,0,0,0,643,958,0,0,643,958,California
Sacramento,2020-12-17,647,1605,647,1605,0,0,0,0,647,1605,0,0,647,1605,California
Sacramento,2020-12-18,969,2574,969,2574,0,0,0,0,969,2574,0,0,969,2574,California
Sacramento,2020-12-19,612,3186,612,3186,0,0,0,0,612,3186,0,0,612,3186,California
Sacramento,2020-12-20,633,3819,633,3819,0,0,0,0,633,3819,0,0,633,3819,California
Sacramento,2020-12-21,1676,5495,1676,5495,0,0,0,0,1677,5496,0,0,1677,5496,California
Sacramento,2020-12-22,2095,7590,2062,7557,33,33,0,0,2095,7591,0,0,2095,7591,California
Sacramento,2020-12-23,2249,9839,2080,9637,169,202,0,0,2249,9840,0,0,2249,9840,California
Sacramento,2020-12-24,1046,10885,834,10471,212,414,0,0,1046,10886,0,0,1046,10886,California
Sacramento,2020-12-25,1,10886,0,10471,1,415,0,0,1,10887,0,0,1,10887,California
Sacramento,2020-12-26,509,11395,291,10762,218,633,0,0,509,11396,0,0,509,11396,California
Sacramento,2020-12-27,351,11746,247,11009,104,737,0,0,351,11747,0,0,351,11747,California
Sacramento,2020-12-28,1902,13648,1324,12333,578,1315,0,0,1901,13647,1,1,1901,13648,California
Sacramento,2020-12-29,1954,15602,1189,13522,765,2080,0,0,1954,15601,0,1,1954,15602,California
Sacramento,2020-12-30,2561,18163,1457,14979,1104,3184,0,0,2562,18163,0,1,2562,18164,California
Sacramento,2020-12-31,1229,19392,695,15674,534,3718,0,0,1230,19393,0,1,1230,19394,California
Sacramento,2021-01-01,81,19473,70,15744,11,3729,0,0,81,19474,0,1,81,19475,California
Sacramento,2021-01-02,563,20036,362,16106,201,3930,0,0,563,20037,0,1,563,20038,California
Sacramento,2021-01-03,410,20446,221,16327,189,4119,0,0,410,20447,0,1,410,20448,California
Sacramento,2021-01-04,1958,22404,845,17172,1113,5232,0,0,1956,22402,1,2,1956,22404,California
Sacramento,2021-01-05,2213,24617,986,18158,1227,6459,0,0,1859,23914,354,356,1866,24270,California
Sacramento,2021-01-06,2734,27351,1623,19781,1111,7570,0,0,1959,25101,772,1128,1959,26229,California
Sacramento,2021-01-07,2836,30187,1506,21287,1330,8900,0,0,1975,26218,858,1986,1975,28204,California
Sacramento,2021-01-08,3296,33483,2091,23378,1205,10105,0,0,2262,27451,1030,3016,2263,30467,California
Sacramento,2021-01-09,1290,34773,798,24176,492,10597,0,0,900,27963,388,3404,900,31367,California
Sacramento,2021-01-10,1246,36019,710,24886,536,11133,0,0,775,28269,470,3874,776,32143,California
Sacramento,2021-01-11,4350,40369,2960,27846,1390,12523,0,0,2413,28758,1936,5810,2425,34568,California
Sacramento,2021-01-12,4396,44765,3033,30879,1363,13886,0,0,2430,29227,1965,7775,2434,37002,California
Sacramento,2021-01-13,3791,48556,2171,33050,1620,15506,0,0,2380,30198,1410,9185,2381,39383,California
Sacramento,2021-01-14,4627,53183,2369,35419,2258,17764,0,0,3704,32983,919,10104,3704,43087,California
Sacramento,2021-01-15,4427,57610,2265,37684,2162,19926,0,0,3705,35968,721,10825,3706,46793,California
Sacramento,2021-01-16,2093,59703,1292,38976,801,20727,0,0,1876,37627,217,11042,1876,48669,California
Sacramento,2021-01-17,1643,61346,952,39928,691,21418,0,0,1465,38917,178,11220,1468,50137,California
Sacramento,2021-01-18,2860,64206,1768,41696,1092,22510,0,0,2333,40725,526,11746,2334,52471,California
Sacramento,2021-01-19,5001,69207,3051,44747,1950,24460,0,0,3730,43186,1271,13017,3732,56203,California
Sacramento,2021-01-20,4810,74017,2849,47596,1961,26421,0,0,3589,45557,1223,14240,3594,59797,California
Sacramento,2021-01-21,5199,79216,2996,50592,2203,28624,0,0,4234,48833,959,15199,4235,64032,California
Sacramento,2021-01-22,4985,84201,2654,53246,2331,30955,0,0,4684,53218,300,15499,4685,68717,California
Sacramento,2021-01-23,3731,87932,1561,54807,2170,33125,0,0,3274,56035,457,15956,3274,71991,California
Sacramento,2021-01-24,1597,89529,997,55804,600,33725,0,0,1356,57151,241,16197,1357,73348,California
Sacramento,2021-01-25,4362,93891,2113,57917,2249,35974,0,0,2944,58679,1418,17615,2946,76294,California
Sacramento,2021-01-26,4724,98615,2137,60054,2587,38561,0,0,3522,61003,1200,18815,3524,79818,California
Sacramento,2021-01-27,5813,104428,3055,63109,2758,41319,0,0,4207,63609,1603,20418,4209,84027,California
Sacramento,2021-01-28,5361,109789,2708,65817,2653,43972,0,0,4267,66784,1093,21511,4268,88295,California
Sacramento,2021-01-29,5398,115187,2938,68755,2460,46432,0,0,4372,70139,1017,22528,4372,92667,California
Sacramento,2021-01-30,4511,119698,2206,70961,2305,48737,0,0,4076,73782,433,22961,4076,96743,California
Sacramento,2021-01-31,2312,122010,2018,72979,294,49031,0,0,2037,75548,273,23234,2039,98782,California
Sacramento,2021-02-01,5910,127920,3015,75994,2895,51926,0,0,4248,78138,1658,24892,4248,103030,California
Sacramento,2021-02-02,6936,134856,3765,79759,3171,55097,0,0,4851,80925,2066,26958,4853,107883,California
Sacramento,2021-02-03,7098,141954,3557,83316,3541,58638,0,0,5235,84309,1853,28811,5237,113120,California
Sacramento,2021-02-04,7719,149673,3638,86954,4081,62719,0,0,5498,87596,2211,31022,5498,118618,California
Sacramento,2021-02-05,7813,157486,4452,91406,3361,66080,0,0,4877,89563,2913,33935,4880,123498,California
Sacramento,2021-02-06,8440,165926,3452,94858,4988,71068,0,0,7110,95348,1326,35261,7111,130609,California
Sacramento,2021-02-07,4075,170001,2189,97047,1886,72954,0,0,2852,96987,1215,36476,2854,133463,California
Sacramento,2021-02-08,6196,176197,3204,100251,2992,75946,0,0,3885,98565,2307,38783,3885,137348,California
Sacramento,2021-02-09,6801,182998,3588,103839,3213,79159,0,0,4010,99794,2782,41565,4011,141359,California
Sacramento,2021-02-10,7660,190658,4174,108013,3486,82645,0,0,4529,101207,3118,44683,4531,145890,California
Sacramento,2021-02-11,9607,200265,5747,113760,3860,86505,0,0,5548,102712,4045,48728,5550,151440,California
Sacramento,2021-02-12,10662,210927,4142,117902,6520,93025,0,0,6401,104915,4201,52929,6404,157844,California
Sacramento,2021-02-13,7676,218603,2991,120893,4685,97710,0,0,6090,109421,1584,54513,6090,163934,California
Sacramento,2021-02-14,3163,221766,1946,122839,1217,98927,0,0,2086,110436,1075,55588,2090,166024,California
Sacramento,2021-02-15,5985,227751,2043,124882,3942,102869,0,0,4162,112784,1816,57404,4164,170188,California
Sacramento,2021-02-16,9230,236981,4202,129084,5028,107897,0,0,5319,114203,3904,61308,5323,175511,California
Sacramento,2021-02-17,8823,245804,4977,134061,3846,111743,0,0,5136,115666,3675,64983,5138,180649,California
Sacramento,2021-02-18,9551,255355,5715,139776,3836,115579,0,0,5764,117653,3780,68763,5767,186416,California
Sacramento,2021-02-19,10007,265362,6137,145913,3870,119449,0,0,5910,119484,4084,72847,5915,192331,California
Sacramento,2021-02-20,7737,273099,5712,151625,2025,121474,0,0,4681,121118,3048,75895,4682,197013,California
Sacramento,2021-02-21,2934,276033,2332,153957,602,122076,0,0,1023,120236,1905,77800,1023,198036,California
Sacramento,2021-02-22,6187,282220,3744,157701,2443,124519,0,0,2684,119432,3492,81292,2688,200724,California
Sacramento,2021-02-23,7139,289359,4439,162140,2700,127219,0,0,3468,119249,3655,84947,3472,204196,California
Sacramento,2021-02-24,9651,299010,5294,167434,4357,131576,0,0,5285,120189,4349,89296,5289,209485,California
Sacramento,2021-02-25,10916,309926,6222,173656,4694,136270,0,0,6408,122104,4493,93789,6408,215893,California
Sacramento,2021-02-26,13902,323828,6470,180126,7432,143702,0,0,9575,127387,4296,98085,9579,225472,California
Sacramento,2021-02-27,10808,334636,6718,186844,4087,147789,3,3,7945,132490,2845,100930,7948,233420,California
Sacramento,2021-02-28,5613,340249,2224,189068,3389,151178,0,3,2590,132072,3009,103939,2591,236011,California
Sacramento,2021-03-01,8040,348289,3467,192535,4573,155751,0,3,4347,132749,3672,107611,4349,240360,California
Sacramento,2021-03-02,9239,357528,4018,196553,5220,160971,1,4,5675,134880,3548,111159,5679,246039,California
Sacramento,2021-03-03,10919,368447,5000,201553,5916,166887,3,7,6507,136999,4393,115552,6512,252551,California
Sacramento,2021-03-04,13417,381864,6166,207719,7247,174134,4,11,7465,138552,5922,121474,7475,260026,California
Sacramento,2021-03-05,10574,392438,4882,212601,5662,179796,30,41,7030,142090,3522,124996,7060,267086,California
Sacramento,2021-03-06,8089,400527,3101,215702,4866,184662,122,163,4094,142327,3978,128974,4215,271301,California
Sacramento,2021-03-07,7585,408112,2196,217898,5304,189966,85,248,3727,142284,3853,132827,3810,275111,California
Sacramento,2021-03-08,9098,417210,4243,222141,4631,194597,224,472,5958,145337,3127,135954,6180,281291,California
Sacramento,2021-03-09,9553,426763,4526,226667,4739,199336,288,760,5491,147070,4046,140000,5779,287070,California
Sacramento,2021-03-10,11691,438454,7475,234142,3886,203222,330,1090,6845,149436,4811,144811,7177,294247,California
Sacramento,2021-03-11,14972,453426,9944,244086,4233,207455,795,1885,8905,153106,6029,150840,9699,303946,California
Sacramento,2021-03-12,17270,470696,8308,252394,8129,215584,833,2718,8151,153032,9066,159906,8992,312938,California
Sacramento,2021-03-13,12945,483641,3570,255964,8951,224535,424,3142,7855,156230,5078,164984,8276,321214,California
Sacramento,2021-03-14,8374,492015,3463,259427,4281,228816,630,3772,4475,157458,3876,168860,5104,326318,California
Sacramento,2021-03-15,12160,504175,4822,264249,6688,235504,650,4422,7078,160126,5061,173921,7729,334047,California
Sacramento,2021-03-16,13953,518128,6204,270453,7111,242615,638,5060,8614,164067,5306,179227,9247,343294,California
Sacramento,2021-03-17,13579,531707,6570,277023,6398,249013,611,5671,8755,168641,4796,184023,9370,352664,California
Sacramento,2021-03-18,15633,547340,8209,285232,6860,255873,564,6235,10112,173826,5490,189513,10675,363339,California
Sacramento,2021-03-19,15548,562888,7951,293183,6225,262098,1372,7607,8088,175851,7433,196946,9458,372797,California
Sacramento,2021-03-20,12889,575777,7529,300712,5021,267119,339,7946,8161,179654,4699,201645,8502,381299,California
Sacramento,2021-03-21,5597,581374,2753,303465,2805,269924,39,7985,4944,183998,641,202286,4985,386284,California
Sacramento,2021-03-22,9363,590737,4795,308260,3719,273643,849,8834,6280,188071,3057,205343,7130,393414,California
Sacramento,2021-03-23,11314,602051,6744,315004,3762,277405,808,9642,7309,192220,3966,209309,8115,401529,California
Sacramento,2021-03-24,11843,613894,7270,322274,3943,281348,630,10272,6747,194583,5015,214324,7378,408907,California
Sacramento,2021-03-25,14036,627930,8303,330577,4925,286273,808,11080,8539,198473,5454,219778,9344,418251,California
Sacramento,2021-03-26,18225,646155,8928,339505,8809,295082,488,11568,9232,199270,8925,228703,9722,427973,California
Sacramento,2021-03-27,9676,655831,3557,343062,5829,300911,290,11858,5216,200343,4429,233132,5502,433475,California
Sacramento,2021-03-28,6519,662350,3213,346275,3058,303969,248,12106,3130,200345,3379,236511,3381,436856,California
Sacramento,2021-03-29,11010,673360,5895,352170,4744,308713,371,12477,5221,200178,5761,242272,5594,442450,California
Sacramento,2021-03-30,11843,685203,6077,358247,5374,314087,392,12869,6066,200880,5755,248027,6457,448907,California
Sacramento,2021-03-31,13387,698590,7828,366075,5163,319250,396,13265,5674,199255,7688,255715,6063,454970,California
Sacramento,2021-04-01,17281,715871,10393,376468,6668,325918,220,13485,7300,196832,9949,265664,7526,462496,California
Sacramento,2021-04-02,17029,732900,9663,386131,6638,332556,728,14213,8964,198490,8036,273700,9694,472190,California
Sacramento,2021-04-03,10344,743244,6165,392296,3632,336188,547,14760,6355,201426,3962,277662,6898,479088,California
Sacramento,2021-04-04,3682,746926,1519,393815,1976,338164,187,14947,1443,200819,2234,279896,1627,480715,California
Sacramento,2021-04-05,11997,758923,7529,401344,3638,341802,830,15777,5356,200391,6608,286504,6180,486895,California
Sacramento,2021-04-06,15543,774466,8833,410177,5367,347169,1343,17120,6872,199963,8640,295144,8212,495107,California
Sacramento,2021-04-07,14695,789161,7953,418130,5165,352334,1577,18697,7113,201095,7549,302693,8681,503788,California
Sacramento,2021-04-08,14901,804062,6683,424813,5253,357587,2965,21662,5906,200990,8963,311656,8858,512646,California
Sacramento,2021-04-09,18100,822162,9256,434069,6662,364249,2182,23844,7924,200950,10139,321795,10099,522745,California
Sacramento,2021-04-10,12475,834637,3820,437889,7484,371733,1171,25015,5072,199792,7376,329171,6218,528963,California
Sacramento,2021-04-11,10706,845343,4308,442197,6174,377907,224,25239,3789,196912,6891,336062,4011,532974,California
Sacramento,2021-04-12,12884,858227,5002,447199,6019,383926,1863,27102,4929,195789,7901,343963,6778,539752,California
Sacramento,2021-04-13,16205,874432,9913,457112,6288,390214,4,27106,7535,194689,8644,352607,7544,547296,California
Sacramento,2021-04-14,14873,889305,7931,465043,6940,397154,2,27108,5878,191608,8964,361571,5883,553179,California
Sacramento,2021-04-15,16273,905578,8384,473427,7887,405041,2,27110,6606,188587,9632,371203,6611,559790,California
Sacramento,2021-04-16,15988,921566,8264,481691,7724,412765,0,27110,7089,186818,8860,380063,7091,566881,California
Sacramento,2021-04-17,15162,936728,6104,487795,9058,421823,0,27110,11023,193722,4122,384185,11026,577907,California
Sacramento,2021-04-18,8358,945086,3061,490856,5297,427120,0,27110,3740,192860,4603,388788,3741,581648,California
Sacramento,2021-04-19,10523,955609,5696,496552,4823,431943,4,27114,4704,191770,5800,394588,4710,586358,California
Sacramento,2021-04-20,11081,966690,6720,503272,4358,436301,3,27117,5906,192527,5156,399744,5913,592271,California
Sacramento,2021-04-21,11442,978132,6608,509880,4832,441133,2,27119,6216,193546,5200,404944,6219,598490,California
Sacramento,2021-04-22,14027,992159,9120,519000,4904,446037,3,27122,6780,193110,7221,412165,6785,605275,California
Sacramento,2021-04-23,15790,1007949,9984,528984,5806,451843,0,27122,7334,192023,8422,420587,7335,612610,California
Sacramento,2021-04-24,11304,1019253,6999,535983,4304,456147,1,27123,5927,192613,5339,425926,5929,618539,California
Sacramento,2021-04-25,7974,1027227,4482,540465,3492,459639,0,27123,4154,192962,3806,429732,4155,622694,California
Sacramento,2021-04-26,9812,1037039,6152,546617,3635,463274,25,27148,4470,192145,5313,435045,4496,627190,California
Sacramento,2021-04-27,11168,1048207,7352,553969,3696,466970,120,27268,5439,192004,5700,440745,5559,632749,California
Sacramento,2021-04-28,9988,1058195,5695,559664,4092,471062,201,27469,5352,192951,4611,445356,5558,638307,California
Sacramento,2021-04-29,10147,1068342,6788,566452,3056,474118,303,27772,5335,193811,4779,450135,5639,643946,California
Sacramento,2021-04-30,12398,1080740,7785,574237,4349,478467,264,28036,5860,193442,6494,456629,6125,650071,California
Sacramento,2021-05-01,7554,1088294,5468,579705,1917,480384,169,28205,2753,191600,4766,461395,2924,652995,California
Sacramento,2021-05-02,3807,1092101,3156,582861,543,480927,108,28313,2161,192239,1628,463023,2267,655262,California
Sacramento,2021-05-03,9051,1101152,7242,590103,1529,482456,280,28593,3916,191318,5111,468134,4190,659452,California
Sacramento,2021-05-04,9318,1110470,5661,595764,3351,485807,306,28899,3758,189864,5516,473650,4062,663514,California
Sacramento,2021-05-05,10825,1121295,5858,601622,4518,490325,449,29348,4339,188195,6452,480102,4783,668297,California
Sacramento,2021-05-06,11013,1132308,6147,607769,4575,494900,291,29639,4580,186924,6141,486243,4870,673167,California
Sacramento,2021-05-07,10376,1142684,6046,613815,3955,498855,375,30014,4304,185573,6028,492271,4677,677844,California
Sacramento,2021-05-08,7703,1150387,3394,617209,4096,502951,213,30227,2552,183214,5121,497392,2762,680606,California
Sacramento,2021-05-09,3102,1153489,1628,618837,1367,504318,107,30334,1129,182491,1959,499351,1236,681842,California
Sacramento,2021-05-10,7857,1161346,3670,622507,3929,508247,258,30592,1877,178676,5951,505302,2136,683978,California
Sacramento,2021-05-11,5120,1166466,3706,626213,1303,509550,111,30703,1378,176438,3727,509029,1489,685467,California
San Benito,2020-12-16,2,2,2,2,0,0,0,0,2,2,0,0,2,2,California
San Benito,2020-12-17,8,10,8,10,0,0,0,0,8,10,0,0,8,10,California
San Benito,2020-12-18,32,42,32,42,0,0,0,0,32,42,0,0,32,42,California
San Benito,2020-12-19,47,89,47,89,0,0,0,0,47,89,0,0,47,89,California
San Benito,2020-12-20,22,111,22,111,0,0,0,0,22,111,0,0,22,111,California
San Benito,2020-12-21,48,159,48,159,0,0,0,0,48,159,0,0,48,159,California
San Benito,2020-12-22,65,224,65,224,0,0,0,0,65,224,0,0,65,224,California
San Benito,2020-12-23,48,272,36,260,12,12,0,0,48,272,0,0,48,272,California
San Benito,2020-12-24,12,284,4,264,8,20,0,0,12,284,0,0,12,284,California
San Benito,2020-12-25,4,288,4,268,0,20,0,0,4,288,0,0,4,288,California
San Benito,2020-12-26,13,301,4,272,9,29,0,0,13,301,0,0,13,301,California
San Benito,2020-12-27,8,309,7,279,1,30,0,0,8,309,0,0,8,309,California
San Benito,2020-12-28,63,372,36,315,27,57,0,0,63,372,0,0,63,372,California
San Benito,2020-12-29,50,422,21,336,29,86,0,0,50,422,0,0,50,422,California
San Benito,2020-12-30,59,481,37,373,22,108,0,0,59,481,0,0,59,481,California
San Benito,2020-12-31,19,500,2,375,17,125,0,0,19,500,0,0,19,500,California
San Benito,2021-01-02,25,525,24,399,1,126,0,0,25,525,0,0,25,525,California
San Benito,2021-01-03,3,528,1,400,2,128,0,0,3,528,0,0,3,528,California
San Benito,2021-01-04,62,590,23,423,39,167,0,0,62,590,0,0,62,590,California
San Benito,2021-01-05,119,709,37,460,82,249,0,0,116,703,3,3,116,706,California
San Benito,2021-01-06,97,806,42,502,55,304,0,0,83,772,14,17,83,789,California
San Benito,2021-01-07,80,886,43,545,37,341,0,0,52,796,28,45,52,841,California
San Benito,2021-01-08,130,1016,67,612,63,404,0,0,86,838,44,89,86,927,California
San Benito,2021-01-09,42,1058,29,641,13,417,0,0,29,854,13,102,29,956,California
San Benito,2021-01-10,15,1073,13,654,2,419,0,0,5,849,10,112,5,961,California
San Benito,2021-01-11,100,1173,59,713,41,460,0,0,47,843,53,165,47,1008,California
San Benito,2021-01-12,157,1330,53,766,104,564,0,0,121,928,36,201,121,1129,California
San Benito,2021-01-13,190,1520,35,801,155,719,0,0,163,1064,27,228,163,1292,California
San Benito,2021-01-14,116,1636,23,824,93,812,0,0,99,1146,17,245,99,1391,California
San Benito,2021-01-15,215,1851,21,845,194,1006,0,0,201,1333,14,259,201,1592,California
San Benito,2021-01-16,27,1878,9,854,18,1024,0,0,21,1348,6,265,21,1613,California
San Benito,2021-01-17,11,1889,5,859,6,1030,0,0,8,1353,3,268,8,1621,California
San Benito,2021-01-18,36,1925,23,882,13,1043,0,0,21,1359,15,283,21,1642,California
San Benito,2021-01-19,152,2077,65,947,87,1130,0,0,125,1457,27,310,125,1767,California
San Benito,2021-01-20,275,2352,94,1041,181,1311,0,0,229,1641,45,355,229,1996,California
San Benito,2021-01-21,125,2477,32,1073,93,1404,0,0,100,1716,25,380,100,2096,California
San Benito,2021-01-22,231,2708,19,1092,212,1616,0,0,221,1927,10,390,221,2317,California
San Benito,2021-01-23,31,2739,17,1109,14,1630,0,0,13,1922,18,408,13,2330,California
San Benito,2021-01-24,11,2750,3,1112,8,1638,0,0,7,1925,4,412,7,2337,California
San Benito,2021-01-25,67,2817,25,1137,42,1680,0,0,21,1900,46,458,21,2358,California
San Benito,2021-01-26,134,2951,41,1178,93,1773,0,0,81,1928,53,511,81,2439,California
San Benito,2021-01-27,230,3181,69,1247,161,1934,0,0,190,2078,40,551,190,2629,California
San Benito,2021-01-28,155,3336,32,1279,123,2057,0,0,123,2170,31,582,123,2752,California
San Benito,2021-01-29,284,3620,31,1310,253,2310,0,0,261,2409,22,604,261,3013,California
San Benito,2021-01-30,50,3670,31,1341,19,2329,0,0,28,2415,22,626,28,3041,California
San Benito,2021-01-31,16,3686,5,1346,11,2340,0,0,11,2421,5,631,11,3052,California
San Benito,2021-02-01,133,3819,28,1374,105,2445,0,0,89,2466,44,675,89,3141,California
San Benito,2021-02-02,226,4045,49,1423,177,2622,0,0,136,2512,90,765,136,3277,California
San Benito,2021-02-03,336,4381,42,1465,294,2916,0,0,272,2720,64,829,272,3549,California
San Benito,2021-02-04,162,4543,24,1489,138,3054,0,0,118,2794,44,873,118,3667,California
San Benito,2021-02-05,289,4832,40,1529,249,3303,0,0,227,2959,62,935,227,3894,California
San Benito,2021-02-06,49,4881,9,1538,40,3343,0,0,32,2974,17,952,32,3926,California
San Benito,2021-02-07,15,4896,7,1545,8,3351,0,0,14,2987,1,953,14,3940,California
San Benito,2021-02-08,138,5034,15,1560,123,3474,0,0,92,3033,46,999,92,4032,California
San Benito,2021-02-09,327,5361,64,1624,263,3737,0,0,194,3094,133,1132,194,4226,California
San Benito,2021-02-10,319,5680,88,1712,231,3968,0,0,111,2998,207,1339,111,4337,California
San Benito,2021-02-11,296,5976,32,1744,264,4232,0,0,198,3098,98,1437,198,4535,California
San Benito,2021-02-12,412,6388,30,1774,382,4614,0,0,207,3101,204,1641,207,4742,California
San Benito,2021-02-13,57,6445,8,1782,49,4663,0,0,43,3130,14,1655,43,4785,California
San Benito,2021-02-14,40,6485,5,1787,35,4698,0,0,30,3150,10,1665,30,4815,California
San Benito,2021-02-15,106,6591,9,1796,97,4795,0,0,95,3234,11,1676,95,4910,California
San Benito,2021-02-16,205,6796,11,1807,194,4989,0,0,101,3231,104,1780,101,5011,California
San Benito,2021-02-17,327,7123,30,1837,297,5286,0,0,278,3460,49,1829,278,5289,California
San Benito,2021-02-18,293,7416,38,1875,255,5541,0,0,72,3311,221,2050,72,5361,California
San Benito,2021-02-19,342,7758,45,1920,297,5838,0,0,177,3323,165,2215,177,5538,California
San Benito,2021-02-20,45,7803,26,1946,19,5857,0,0,36,3350,9,2224,36,5574,California
San Benito,2021-02-21,23,7826,8,1954,15,5872,0,0,14,3355,9,2233,14,5588,California
San Benito,2021-02-22,132,7958,36,1990,96,5968,0,0,98,3420,33,2266,98,5686,California
San Benito,2021-02-23,374,8332,92,2082,282,6250,0,0,262,3570,112,2378,262,5948,California
San Benito,2021-02-24,377,8709,63,2145,314,6564,0,0,237,3667,140,2518,237,6185,California
San Benito,2021-02-25,392,9101,63,2208,329,6893,0,0,271,3815,123,2641,271,6456,California
San Benito,2021-02-26,640,9741,72,2280,568,7461,0,0,397,3969,243,2884,397,6853,California
San Benito,2021-02-27,98,9839,36,2316,62,7523,0,0,83,4037,15,2899,83,6936,California
San Benito,2021-02-28,249,10088,24,2340,225,7748,0,0,240,4268,9,2908,240,7176,California
San Benito,2021-03-01,224,10312,59,2399,165,7913,0,0,155,4353,70,2978,155,7331,California
San Benito,2021-03-02,276,10588,90,2489,186,8099,0,0,206,4489,70,3048,206,7537,California
San Benito,2021-03-03,396,10984,58,2547,338,8437,0,0,220,4535,174,3222,220,7757,California
San Benito,2021-03-04,610,11594,124,2671,471,8908,15,15,429,4787,181,3403,433,8190,California
San Benito,2021-03-05,581,12175,305,2976,264,9172,12,27,373,4965,207,3610,385,8575,California
San Benito,2021-03-06,191,12366,67,3043,110,9282,14,41,139,5066,52,3662,153,8728,California
San Benito,2021-03-07,647,13013,603,3646,22,9304,22,63,615,5671,32,3694,637,9365,California
San Benito,2021-03-08,288,13301,65,3711,177,9481,46,109,167,5763,121,3815,213,9578,California
San Benito,2021-03-09,423,13724,84,3795,240,9721,99,208,137,5687,285,4100,209,9787,California
San Benito,2021-03-10,402,14126,114,3909,193,9914,95,303,232,5844,170,4270,327,10114,California
San Benito,2021-03-11,467,14593,119,4028,196,10110,152,455,206,5941,261,4531,358,10472,California
San Benito,2021-03-12,512,15105,117,4145,300,10410,95,550,229,5985,281,4812,325,10797,California
San Benito,2021-03-13,202,15307,102,4247,82,10492,18,568,128,6060,71,4883,146,10943,California
San Benito,2021-03-14,232,15539,40,4287,172,10664,20,588,180,6209,51,4934,200,11143,California
San Benito,2021-03-15,325,15864,100,4387,206,10870,19,607,191,6285,134,5068,210,11353,California
San Benito,2021-03-16,497,16361,219,4606,247,11117,31,638,350,6518,147,5215,380,11733,California
San Benito,2021-03-17,785,17146,476,5082,288,11405,21,659,559,6868,222,5437,572,12305,California
San Benito,2021-03-18,787,17933,525,5607,207,11612,55,714,573,7275,212,5649,619,12924,California
San Benito,2021-03-19,777,18710,404,6011,350,11962,23,737,577,7675,200,5849,600,13524,California
San Benito,2021-03-20,239,18949,147,6158,80,12042,12,749,183,7814,56,5905,195,13719,California
San Benito,2021-03-21,108,19057,56,6214,47,12089,5,754,81,7873,27,5932,86,13805,California
San Benito,2021-03-22,345,19402,171,6385,149,12238,25,779,222,7997,123,6055,247,14052,California
San Benito,2021-03-23,475,19877,197,6582,268,12506,10,789,215,7961,260,6315,224,14276,California
San Benito,2021-03-24,576,20453,305,6887,264,12770,7,796,361,8115,214,6529,368,14644,California
San Benito,2021-03-25,742,21195,442,7329,296,13066,4,800,443,8267,295,6824,447,15091,California
San Benito,2021-03-26,1001,22196,518,7847,480,13546,3,803,333,7936,667,7491,336,15427,California
San Benito,2021-03-27,332,22528,184,8031,115,13661,33,836,215,8068,116,7607,248,15675,California
San Benito,2021-03-28,694,23222,571,8602,118,13779,5,841,125,7629,569,8176,130,15805,California
San Benito,2021-03-29,344,23566,110,8712,214,13993,20,861,149,7602,195,8371,168,15973,California
San Benito,2021-03-30,573,24139,269,8981,210,14203,94,955,288,7699,285,8656,382,16355,California
San Benito,2021-03-31,583,24722,356,9337,203,14406,24,979,333,7808,248,8904,357,16712,California
San Benito,2021-04-01,932,25654,373,9710,521,14927,38,1017,556,8021,375,9279,588,17300,California
San Benito,2021-04-02,540,26194,263,9973,142,15069,135,1152,266,8148,274,9553,401,17701,California
San Benito,2021-04-03,252,26446,87,10060,103,15172,62,1214,74,8106,178,9731,136,17837,California
San Benito,2021-04-04,144,26590,109,10169,30,15202,5,1219,107,8181,37,9768,112,17949,California
San Benito,2021-04-05,351,26941,170,10339,139,15341,42,1261,143,8157,208,9976,184,18133,California
San Benito,2021-04-06,459,27400,160,10499,124,15465,175,1436,155,8183,304,10280,330,18463,California
San Benito,2021-04-07,922,28322,521,11020,212,15677,189,1625,254,7959,667,10947,443,18906,California
San Benito,2021-04-08,848,29170,425,11445,173,15850,250,1875,216,7794,631,11578,466,19372,California
San Benito,2021-04-09,836,30006,495,11940,250,16100,91,1966,287,7623,549,12127,378,19750,California
San Benito,2021-04-10,325,30331,197,12137,71,16171,57,2023,180,7715,145,12272,237,19987,California
San Benito,2021-04-11,470,30801,270,12407,167,16338,33,2056,263,7784,207,12479,276,20263,California
San Benito,2021-04-12,527,31328,287,12694,129,16467,111,2167,277,7919,249,12728,384,20647,California
San Benito,2021-04-13,757,32085,293,12987,441,16908,23,2190,528,8243,228,12956,552,21199,California
San Benito,2021-04-14,830,32915,653,13640,177,17085,0,2190,396,8210,429,13385,396,21595,California
San Benito,2021-04-15,940,33855,732,14372,207,17292,1,2191,467,8207,471,13856,468,22063,California
San Benito,2021-04-16,697,34552,364,14736,324,17616,9,2200,291,8104,403,14259,300,22363,California
San Benito,2021-04-17,316,34868,227,14963,89,17705,0,2200,130,8046,188,14447,130,22493,California
San Benito,2021-04-18,492,35360,411,15374,81,17786,0,2200,242,8039,250,14697,243,22736,California
San Benito,2021-04-19,727,36087,586,15960,141,17927,0,2200,411,8136,315,15012,412,23148,California
San Benito,2021-04-20,746,36833,398,16358,347,18274,1,2201,475,8345,266,15278,475,23623,California
San Benito,2021-04-21,954,37787,703,17061,251,18525,0,2201,522,8449,418,15696,522,24145,California
San Benito,2021-04-22,893,38680,691,17752,202,18727,0,2201,567,8698,318,16014,567,24712,California
San Benito,2021-04-23,625,39305,395,18147,229,18956,1,2202,339,8801,237,16251,340,25052,California
San Benito,2021-04-24,351,39656,198,18345,153,19109,0,2202,161,8812,150,16401,161,25213,California
San Benito,2021-04-25,199,39855,122,18467,77,19186,0,2202,88,8808,92,16493,88,25301,California
San Benito,2021-04-26,473,40328,377,18844,96,19282,0,2202,251,8897,162,16655,251,25552,California
San Benito,2021-04-27,526,40854,267,19111,252,19534,7,2209,397,9182,119,16774,404,25956,California
San Benito,2021-04-28,540,41394,383,19494,148,19682,9,2218,377,9409,158,16932,385,26341,California
San Benito,2021-04-29,621,42015,230,19724,381,20063,10,2228,249,9313,372,17304,276,26617,California
San Benito,2021-04-30,370,42385,205,19929,158,20221,7,2235,199,9350,169,17473,206,26823,California
San Benito,2021-05-01,193,42578,142,20071,43,20264,8,2243,65,9297,126,17599,73,26896,California
San Benito,2021-05-02,189,42767,161,20232,24,20288,4,2247,57,9226,132,17731,61,26957,California
San Benito,2021-05-03,357,43124,280,20512,67,20355,10,2257,83,9047,274,18005,95,27052,California
San Benito,2021-05-04,389,43513,240,20752,142,20497,7,2264,147,8962,240,18245,155,27207,California
San Benito,2021-05-05,592,44105,410,21162,163,20660,19,2283,200,8790,391,18636,219,27426,California
San Benito,2021-05-06,601,44706,478,21640,107,20767,16,2299,213,8632,386,19022,228,27654,California
San Benito,2021-05-07,433,45139,275,21915,146,20913,12,2311,164,8541,267,19289,176,27830,California
San Benito,2021-05-08,259,45398,208,22123,45,20958,6,2317,140,8569,118,19407,146,27976,California
San Benito,2021-05-09,98,45496,73,22196,22,20980,3,2320,46,8566,52,19459,49,28025,California
San Benito,2021-05-10,328,45824,261,22457,44,21024,23,2343,37,8337,291,19750,62,28087,California
San Benito,2021-05-11,530,46354,164,22621,358,21382,8,2351,87,7991,442,20192,96,28183,California
San Bernardino,2020-12-15,13,13,13,13,0,0,0,0,13,13,0,0,13,13,California
San Bernardino,2020-12-16,107,120,107,120,0,0,0,0,107,120,0,0,107,120,California
San Bernardino,2020-12-17,2355,2475,2355,2475,0,0,0,0,2355,2475,0,0,2355,2475,California
San Bernardino,2020-12-18,3146,5621,3143,5618,3,3,0,0,3147,5622,0,0,3147,5622,California
San Bernardino,2020-12-19,1069,6690,1068,6686,1,4,0,0,1070,6692,0,0,1070,6692,California
San Bernardino,2020-12-20,1175,7865,1173,7859,2,6,0,0,1175,7867,0,0,1175,7867,California
San Bernardino,2020-12-21,2453,10318,2448,10307,5,11,0,0,2453,10320,0,0,2453,10320,California
San Bernardino,2020-12-22,2270,12588,2143,12450,127,138,0,0,2271,12591,0,0,2271,12591,California
San Bernardino,2020-12-23,2649,15237,1456,13906,1193,1331,0,0,2647,15238,0,0,2647,15238,California
San Bernardino,2020-12-24,1157,16394,581,14487,576,1907,0,0,1159,16397,0,0,1159,16397,California
San Bernardino,2020-12-25,75,16469,14,14501,61,1968,0,0,75,16472,0,0,75,16472,California
San Bernardino,2020-12-26,462,16931,254,14755,208,2176,0,0,462,16934,0,0,462,16934,California
San Bernardino,2020-12-27,343,17274,160,14915,183,2359,0,0,343,17277,0,0,343,17277,California
San Bernardino,2020-12-28,1569,18843,713,15628,856,3215,0,0,1570,18847,0,0,1570,18847,California
San Bernardino,2020-12-29,2209,21052,1042,16670,1167,4382,0,0,2209,21056,0,0,2209,21056,California
San Bernardino,2020-12-30,2895,23947,1459,18129,1436,5818,0,0,2896,23952,0,0,2896,23952,California
San Bernardino,2020-12-31,1357,25304,439,18568,918,6736,0,0,1355,25307,0,0,1355,25307,California
San Bernardino,2021-01-01,283,25587,151,18719,132,6868,0,0,282,25589,0,0,282,25589,California
San Bernardino,2021-01-02,476,26063,339,19058,137,7005,0,0,476,26065,0,0,476,26065,California
San Bernardino,2021-01-03,135,26198,85,19143,50,7055,0,0,135,26200,0,0,135,26200,California
San Bernardino,2021-01-04,2122,28320,1288,20431,834,7889,0,0,2121,28321,0,0,2121,28321,California
San Bernardino,2021-01-05,2336,30656,1461,21892,875,8764,0,0,2226,30438,109,109,2226,30547,California
San Bernardino,2021-01-06,3438,34094,2353,24245,1085,9849,0,0,2943,32893,489,598,2944,33491,California
San Bernardino,2021-01-07,5418,39512,4504,28749,914,10763,0,0,2485,32464,2914,3512,2485,35976,California
San Bernardino,2021-01-08,5368,44880,4446,33195,922,11685,0,0,2291,31683,3073,6585,2292,38268,California
San Bernardino,2021-01-09,1402,46282,1100,34295,302,11987,0,0,906,32093,496,7081,906,39174,California
San Bernardino,2021-01-10,1025,47307,598,34893,427,12414,0,0,577,32222,448,7529,577,39751,California
San Bernardino,2021-01-11,4982,52289,4076,38969,906,13320,0,0,2767,32777,2212,9741,2767,42518,California
San Bernardino,2021-01-12,4231,56520,3218,42187,1013,14333,0,0,2517,33581,1713,11454,2517,45035,California
San Bernardino,2021-01-13,4563,61083,2851,45038,1712,16045,0,0,3340,35712,1210,12664,3341,48376,California
San Bernardino,2021-01-14,4789,65872,2815,47853,1974,18019,0,0,4207,39341,578,13242,4207,52583,California
San Bernardino,2021-01-15,5986,71858,2978,50831,3008,21027,0,0,5589,44546,387,13629,5592,58175,California
San Bernardino,2021-01-16,2261,74119,1294,52125,967,21994,0,0,2119,46523,142,13771,2119,60294,California
San Bernardino,2021-01-17,1191,75310,517,52642,674,22668,0,0,1101,47537,89,13860,1103,61397,California
San Bernardino,2021-01-18,4271,79581,2639,55281,1632,24300,0,0,3649,50568,621,14481,3652,65049,California
San Bernardino,2021-01-19,6309,85890,3708,58989,2601,26901,0,0,5217,54697,1090,15571,5219,70268,California
San Bernardino,2021-01-20,6810,92700,3741,62730,3069,29970,0,0,4877,57651,1925,17496,4879,75147,California
San Bernardino,2021-01-21,5984,98684,3078,65808,2906,32876,0,0,4866,61411,1109,18605,4869,80016,California
San Bernardino,2021-01-22,6520,105204,3053,68861,3467,36343,0,0,5797,66488,721,19326,5798,85814,California
San Bernardino,2021-01-23,3110,108314,1893,70754,1217,37560,0,0,2720,68819,389,19715,2720,88534,California
San Bernardino,2021-01-24,1194,109508,461,71215,733,38293,0,0,1093,69811,101,19816,1093,89627,California
San Bernardino,2021-01-25,6876,116384,3400,74615,3476,41769,0,0,5023,72987,1850,21666,5026,94653,California
San Bernardino,2021-01-26,7109,123493,3570,78185,3539,45308,0,0,5012,75903,2097,23763,5013,99666,California
San Bernardino,2021-01-27,8490,131983,4146,82331,4344,49652,0,0,5694,78809,2788,26551,5694,105360,California
San Bernardino,2021-01-28,8592,140575,4082,86413,4510,54162,0,0,6266,82754,2321,28872,6266,111626,California
San Bernardino,2021-01-29,8187,148762,3772,90185,4415,58577,0,0,6219,87020,1954,30826,6220,117846,California
San Bernardino,2021-01-30,3092,151854,1900,92085,1192,59769,0,0,2804,89537,287,31113,2804,120650,California
San Bernardino,2021-01-31,923,152777,493,92578,430,60199,0,0,869,90353,53,31166,869,121519,California
San Bernardino,2021-02-01,7547,160324,4232,96810,3315,63514,0,0,4926,92661,2618,33784,4926,126445,California
San Bernardino,2021-02-02,10423,170747,3653,100463,6770,70284,0,0,8360,98963,2059,35843,8361,134806,California
San Bernardino,2021-02-03,8989,179736,4147,104610,4842,75126,0,0,6492,102967,2489,38332,6493,141299,California
San Bernardino,2021-02-04,10525,190261,5199,109809,5326,80452,0,0,7418,107289,3096,41428,7418,148717,California
San Bernardino,2021-02-05,10998,201259,5913,115722,5085,85537,0,0,7471,111245,3516,44944,7472,156189,California
San Bernardino,2021-02-06,5257,206516,2207,117929,3050,88587,0,0,3617,113250,1615,46559,3620,159809,California
San Bernardino,2021-02-07,844,207360,490,118419,354,88941,0,0,466,113342,375,46934,467,160276,California
San Bernardino,2021-02-08,7275,214635,3878,122297,3397,92338,0,0,5607,117284,1665,48599,5607,165883,California
San Bernardino,2021-02-09,9907,224542,5812,128109,4095,96433,0,0,6676,120735,3228,51827,6679,172562,California
San Bernardino,2021-02-10,12014,236556,6534,134643,5480,101913,0,0,7841,124415,4162,55989,7842,180404,California
San Bernardino,2021-02-11,12377,248933,7106,141749,5271,107184,0,0,7884,127832,4470,60459,7887,188291,California
San Bernardino,2021-02-12,10390,259323,5934,147683,4456,111640,0,0,5678,128813,4697,65156,5678,193969,California
San Bernardino,2021-02-13,6024,265347,4002,151685,2022,113662,0,0,3784,130378,2224,67380,3789,197758,California
San Bernardino,2021-02-14,1549,266896,650,152335,899,114561,0,0,872,130581,669,68049,872,198630,California
San Bernardino,2021-02-15,5458,272354,2994,155329,2464,117025,0,0,3055,131247,2389,70438,3055,201685,California
San Bernardino,2021-02-16,12600,284954,7374,162703,5226,122251,0,0,7958,134577,4629,75067,7959,209644,California
San Bernardino,2021-02-17,11785,296739,6451,169154,5334,127585,0,0,7137,137085,4631,79698,7139,216783,California
San Bernardino,2021-02-18,12464,309203,7591,176745,4873,132458,0,0,7704,140045,4745,84443,7705,224488,California
San Bernardino,2021-02-19,11499,320702,5933,182678,5566,138024,0,0,6805,142175,4675,89118,6805,231293,California
San Bernardino,2021-02-20,4514,325216,3466,186144,1048,139072,0,0,2040,141746,2471,91589,2042,233335,California
San Bernardino,2021-02-21,1039,326255,582,186726,457,139529,0,0,330,141367,709,92298,330,233665,California
San Bernardino,2021-02-22,8635,334890,5324,192050,3311,142840,0,0,4033,140810,4591,96889,4034,237699,California
San Bernardino,2021-02-23,9090,343980,5418,197468,3672,146512,0,0,4572,140895,4487,101376,4572,242271,California
San Bernardino,2021-02-24,12358,356338,7155,204623,5203,151715,0,0,6087,140737,6246,107622,6088,248359,California
San Bernardino,2021-02-25,13001,369339,6267,210890,6734,158449,0,0,7562,142881,5421,113043,7565,255924,California
San Bernardino,2021-02-26,13548,382887,6370,217260,7178,165627,0,0,7541,144480,5944,118987,7543,263467,California
San Bernardino,2021-02-27,6630,389517,3697,220957,2932,168559,1,1,4790,147443,1828,120815,4791,268258,California
San Bernardino,2021-02-28,1754,391271,726,221683,1028,169587,0,1,1130,147954,619,121434,1130,269388,California
San Bernardino,2021-03-01,8413,399684,4339,226022,4072,173659,2,3,3834,147241,4557,125991,3844,273232,California
San Bernardino,2021-03-02,13653,413337,5366,231388,8287,181946,0,3,6425,146470,7199,133190,6428,279660,California
San Bernardino,2021-03-03,12679,426016,6442,237830,6234,188180,3,6,5876,145572,6783,139973,5885,285545,California
San Bernardino,2021-03-04,13682,439698,6862,244692,6820,195000,0,6,5951,143816,7710,147683,5954,291499,California
San Bernardino,2021-03-05,14198,453896,7355,252047,6842,201842,1,7,6877,143421,7291,154974,6896,298395,California
San Bernardino,2021-03-06,9652,463548,5401,257448,4036,205878,215,222,4526,143049,5111,160085,4739,303134,California
San Bernardino,2021-03-07,1572,465120,928,258376,589,206467,55,277,1001,143536,569,160654,1056,304190,California
San Bernardino,2021-03-08,7996,473116,3506,261882,4330,210797,160,437,3524,142759,4465,165119,3688,307878,California
San Bernardino,2021-03-09,12605,485721,7035,268917,5326,216123,244,681,4859,140130,7733,172852,5104,312982,California
San Bernardino,2021-03-10,14018,499739,7686,276603,5783,221906,549,1230,6197,139086,7794,180646,6750,319732,California
San Bernardino,2021-03-11,15254,514993,7131,283734,6539,228445,1584,2814,7264,139961,7969,188615,8844,328576,California
San Bernardino,2021-03-12,15280,530273,6817,290551,6420,234865,2043,4857,7283,141365,7968,196583,9372,337948,California
San Bernardino,2021-03-13,8276,538549,4494,295045,3271,238136,511,5368,4898,143409,3367,199950,5411,343359,California
San Bernardino,2021-03-14,3221,541770,1615,296660,1032,239168,574,5942,1839,144440,1376,201326,2407,345766,California
San Bernardino,2021-03-15,11336,553106,5333,301993,3972,243140,2031,7973,5552,146245,5771,207097,7576,353342,California
San Bernardino,2021-03-16,16098,569204,7987,309980,7166,250306,945,8918,9838,150790,6234,213331,10779,364121,California
San Bernardino,2021-03-17,17096,586300,8589,318569,7758,258064,749,9667,10295,155051,6784,220115,11045,375166,California
San Bernardino,2021-03-18,16507,602807,8190,326759,7933,265997,384,10051,9785,158523,6696,226811,10168,385334,California
San Bernardino,2021-03-19,16828,619635,8337,335096,7903,273900,588,10639,9657,161674,7147,233958,10298,395632,California
San Bernardino,2021-03-20,9386,629021,5914,341010,2885,276785,587,11226,5568,164031,3794,237752,6151,401783,California
San Bernardino,2021-03-21,2757,631778,2242,343252,467,277252,48,11274,2227,165788,518,238270,2275,404058,California
San Bernardino,2021-03-22,9574,641352,4494,347746,4645,281897,435,11709,6940,170546,2617,240887,7375,411433,California
San Bernardino,2021-03-23,15446,656798,8760,356506,6065,287962,621,12330,9669,175078,5756,246643,10288,421721,California
San Bernardino,2021-03-24,15013,671811,7777,364283,6935,294897,301,12631,9989,180380,4989,251632,10291,432012,California
San Bernardino,2021-03-25,16949,688760,8301,372584,8351,303248,297,12928,10769,185311,6131,257763,11062,443074,California
San Bernardino,2021-03-26,17956,706716,8589,381173,8600,311848,767,13695,10913,189978,7013,264776,11680,454754,California
San Bernardino,2021-03-27,10737,717453,6907,388080,3080,314928,750,14445,6160,192327,4560,269336,6909,461663,California
San Bernardino,2021-03-28,3536,720989,2472,390552,951,315879,113,14558,2498,193906,1031,270367,2610,464273,California
San Bernardino,2021-03-29,11692,732681,6072,396624,5223,321102,397,14955,7973,198574,3702,274069,8370,472643,California
San Bernardino,2021-03-30,16858,749539,9420,406044,6728,327830,710,15665,10853,204156,5973,280042,11555,484198,California
San Bernardino,2021-03-31,16235,765774,9149,415193,6455,334285,631,16296,10873,210322,5336,285378,11502,495700,California
San Bernardino,2021-04-01,19444,785218,10251,425444,7835,342120,1358,17654,12541,217349,6865,292243,13892,509592,California
San Bernardino,2021-04-02,18611,803829,9342,434786,7997,350117,1272,18926,11270,222614,7317,299560,12582,522174,California
San Bernardino,2021-04-03,10960,814789,6837,441623,2999,353116,1124,20050,6004,224800,4940,304500,7126,529300,California
San Bernardino,2021-04-04,2453,817242,1489,443112,716,353832,248,20298,1250,225100,1198,305698,1498,530798,California
San Bernardino,2021-04-05,11715,828957,5261,448373,4727,358559,1727,22025,6001,227126,5695,311393,7721,538519,California
San Bernardino,2021-04-06,19634,848591,11042,459415,6489,365048,2103,24128,10430,230486,9168,320561,12528,551047,California
San Bernardino,2021-04-07,20797,869388,11128,470543,7210,372258,2459,26587,11392,234948,9377,329938,13839,564886,California
San Bernardino,2021-04-08,21594,890982,11068,481611,7936,380194,2590,29177,11955,239873,9612,339550,14537,579423,California
San Bernardino,2021-04-09,21523,912505,10900,492511,8080,388274,2543,31720,11743,244404,9745,349295,14276,593699,California
San Bernardino,2021-04-10,15561,928066,8059,500570,3811,392085,3691,35411,7742,248027,7799,357094,11422,605121,California
San Bernardino,2021-04-11,4399,932465,2566,503136,883,392968,950,36361,2038,248658,2354,359448,2985,608106,California
San Bernardino,2021-04-12,13326,945791,6176,509312,5512,398480,1638,37999,6323,249631,6983,366431,7956,616062,California
San Bernardino,2021-04-13,19179,964970,10937,520249,8224,406704,18,38017,10991,252476,8165,374596,11010,627072,California
San Bernardino,2021-04-14,18955,983925,10245,530494,8707,415411,3,38020,10832,255218,8094,382690,10836,637908,California
San Bernardino,2021-04-15,20124,1004049,11297,541791,8822,424233,5,38025,10740,256617,9349,392039,10748,648656,California
San Bernardino,2021-04-16,18459,1022508,10518,552309,7940,432173,1,38026,9137,256471,9283,401322,9137,657793,California
San Bernardino,2021-04-17,11870,1034378,7823,560132,4047,436220,0,38026,6255,257141,5585,406907,6255,664048,California
San Bernardino,2021-04-18,2873,1037251,1970,562102,903,437123,0,38026,1312,256901,1552,408459,1312,665360,California
San Bernardino,2021-04-19,12447,1049698,6615,568717,5832,442955,0,38026,4836,254151,7590,416049,4840,670200,California
San Bernardino,2021-04-20,17503,1067201,9748,578465,7752,450707,3,38029,8012,252696,9470,425519,8015,678215,California
San Bernardino,2021-04-21,17957,1085158,10290,588755,7665,458372,2,38031,7984,250765,9917,435436,7986,686201,California
San Bernardino,2021-04-22,19077,1104235,10899,599654,8174,466546,4,38035,7835,247411,11193,446629,7839,694040,California
San Bernardino,2021-04-23,18365,1122600,10513,610167,7851,474397,1,38036,8102,245299,10217,456846,8105,702145,California
San Bernardino,2021-04-24,12773,1135373,9456,619623,3315,477712,2,38038,6885,246315,5871,462717,6887,709032,California
San Bernardino,2021-04-25,3405,1138778,2234,621857,1171,478883,0,38038,1688,246301,1703,464420,1689,710721,California
San Bernardino,2021-04-26,10039,1148817,5317,627174,4633,483516,89,38127,4290,244962,5717,470137,4378,715099,California
San Bernardino,2021-04-27,15406,1164223,9182,636356,6056,489572,168,38295,6256,242274,9112,479249,6424,721523,California
San Bernardino,2021-04-28,14622,1178845,8686,645042,5666,495238,270,38565,5259,238462,9332,488581,5520,727043,California
San Bernardino,2021-04-29,16039,1194884,9255,654297,6516,501754,268,38833,5328,233387,10669,499250,5594,732637,California
San Bernardino,2021-04-30,16442,1211326,10416,664713,5746,507500,280,39113,6022,229315,10371,509621,6299,738936,California
San Bernardino,2021-05-01,10651,1221977,8389,673102,1954,509454,308,39421,3644,226293,6971,516592,3949,742885,California
San Bernardino,2021-05-02,2915,1224892,2112,675214,672,510126,131,39552,1039,225594,1869,518461,1170,744055,California
San Bernardino,2021-05-03,9926,1234818,5736,680950,3792,513918,398,39950,2824,221741,7074,525535,3221,747276,California
San Bernardino,2021-05-04,15564,1250382,9473,690423,5638,519556,453,40403,4486,215640,11038,536573,4937,752213,California
San Bernardino,2021-05-05,12809,1263191,7760,698183,4669,524225,380,40783,3579,210409,9187,545760,3956,756169,California
San Bernardino,2021-05-06,12892,1276083,7737,705920,4758,528983,397,41180,3530,205009,9325,555085,3925,760094,California
San Bernardino,2021-05-07,12864,1288947,7493,713413,5024,534007,347,41527,3766,200074,9047,564132,4112,764206,California
San Bernardino,2021-05-08,7471,1296418,5082,718495,2170,536177,219,41746,2524,197897,4918,569050,2741,766947,California
San Bernardino,2021-05-09,1820,1298238,1125,719620,602,536779,93,41839,744,197667,1066,570116,836,767783,California
San Bernardino,2021-05-10,4945,1303183,2190,721810,2490,539269,265,42104,1533,196086,3377,573493,1796,769579,California
San Bernardino,2021-05-11,6016,1309199,3841,725651,2009,541278,166,42270,1580,193414,4419,577912,1747,771326,California
San Diego,2020-12-15,119,119,119,119,0,0,0,0,119,119,0,0,119,119,California
San Diego,2020-12-16,1103,1222,1103,1222,0,0,0,0,1103,1222,0,0,1103,1222,California
San Diego,2020-12-17,2349,3571,2349,3571,0,0,0,0,2349,3571,0,0,2349,3571,California
San Diego,2020-12-18,3671,7242,3670,7241,1,1,0,0,3671,7242,0,0,3671,7242,California
San Diego,2020-12-19,2311,9553,2311,9552,0,1,0,0,2311,9553,0,0,2311,9553,California
San Diego,2020-12-20,1184,10737,1183,10735,1,2,0,0,1184,10737,0,0,1184,10737,California
San Diego,2020-12-21,3524,14261,3523,14258,1,3,0,0,3524,14261,0,0,3524,14261,California
San Diego,2020-12-22,4058,18319,3415,17673,643,646,0,0,4058,18319,0,0,4058,18319,California
San Diego,2020-12-23,3180,21499,1977,19650,1203,1849,0,0,3180,21499,0,0,3180,21499,California
San Diego,2020-12-24,2738,24237,2220,21870,518,2367,0,0,2738,24237,0,0,2738,24237,California
San Diego,2020-12-25,875,25112,874,22744,1,2368,0,0,875,25112,0,0,875,25112,California
San Diego,2020-12-26,3295,28407,2144,24888,1151,3519,0,0,3295,28407,0,0,3295,28407,California
San Diego,2020-12-27,2507,30914,1617,26505,890,4409,0,0,2506,30912,1,1,2506,30913,California
San Diego,2020-12-28,5901,36815,4214,30719,1687,6096,0,0,5901,36813,0,1,5901,36814,California
San Diego,2020-12-29,5590,42405,3016,33735,2574,8670,0,0,5590,42403,0,1,5590,42404,California
San Diego,2020-12-30,5953,48358,3108,36843,2845,11515,0,0,5953,48356,0,1,5953,48357,California
San Diego,2020-12-31,3036,51394,1053,37896,1983,13498,0,0,3036,51392,0,1,3036,51393,California
San Diego,2021-01-01,1006,52400,452,38348,554,14052,0,0,1006,52398,0,1,1006,52399,California
San Diego,2021-01-02,3762,56162,1320,39668,2442,16494,0,0,3762,56160,0,1,3762,56161,California
San Diego,2021-01-03,859,57021,632,40300,227,16721,0,0,858,57018,0,1,858,57019,California
San Diego,2021-01-04,3704,60725,2052,42352,1652,18373,0,0,3697,60715,0,1,3697,60716,California
San Diego,2021-01-05,4343,65068,2154,44506,2189,20562,0,0,3726,63840,613,614,3738,64454,California
San Diego,2021-01-06,4958,70026,2302,46808,2656,23218,0,0,3723,66355,1212,1826,3727,68181,California
San Diego,2021-01-07,5663,75689,2982,49790,2681,25899,0,0,3505,67715,2151,3977,3511,71692,California
San Diego,2021-01-08,7883,83572,4956,54746,2927,28826,0,0,4097,68059,3769,7746,4113,75805,California
San Diego,2021-01-09,3501,87073,1940,56686,1561,30387,0,0,1951,68483,1538,9284,1962,77767,California
San Diego,2021-01-10,1882,88955,1293,57979,589,30976,0,0,780,68182,1090,10374,789,78556,California
San Diego,2021-01-11,10335,99290,5863,63842,4472,35448,0,0,6805,71482,3523,13897,6823,85379,California
San Diego,2021-01-12,11206,110496,5319,69161,5887,41335,0,0,7830,76058,3367,17264,7943,93322,California
San Diego,2021-01-13,11488,121984,5033,74194,6455,47790,0,0,8942,82491,2533,19797,8966,102288,California
San Diego,2021-01-14,12369,134353,4753,78947,7616,55406,0,0,10200,90566,2160,21957,10235,112523,California
San Diego,2021-01-15,15134,149487,5356,84303,9778,65184,0,0,12491,100486,2624,24581,12544,125067,California
San Diego,2021-01-16,10770,160257,3595,87898,7175,72359,0,0,9324,108400,1441,26022,9355,134422,California
San Diego,2021-01-17,8685,168942,2502,90400,6183,78542,0,0,7846,115426,839,26861,7865,142287,California
San Diego,2021-01-18,12525,181467,5965,96365,6560,85102,0,0,9692,122380,2794,29655,9748,152035,California
San Diego,2021-01-19,14764,196231,5833,102198,8931,94033,0,0,11631,131151,3120,32775,11891,163926,California
San Diego,2021-01-20,18332,214563,6391,108589,11941,105974,0,0,15009,143033,3302,36077,15184,179110,California
San Diego,2021-01-21,17422,231985,5908,114497,11514,117488,0,0,16029,157827,1382,37459,16176,195286,California
San Diego,2021-01-22,17677,249662,4759,119256,12918,130406,0,0,15623,171512,2040,39499,15725,211011,California
San Diego,2021-01-23,14482,264144,5273,124529,9209,139615,0,0,12120,181339,2350,41849,12177,223188,California
San Diego,2021-01-24,11915,276059,3357,127886,8558,148173,0,0,10944,191350,969,42818,10980,234168,California
San Diego,2021-01-25,12265,288324,5795,133681,6470,154643,0,0,9247,197741,3011,45829,9402,243570,California
San Diego,2021-01-26,14958,303282,7660,141341,7298,161941,0,0,11645,206265,3308,49137,11832,255402,California
San Diego,2021-01-27,20768,324050,8131,149472,12637,174578,0,0,17672,220998,3082,52219,17815,273217,California
San Diego,2021-01-28,21308,345358,7650,157122,13658,188236,0,0,19041,237862,2257,54476,19121,292338,California
San Diego,2021-01-29,19715,365073,6467,163589,13248,201484,0,0,17291,252782,2414,56890,17334,309672,California
San Diego,2021-01-30,15906,380979,3667,167256,12239,213723,0,0,13224,263431,2672,59562,13321,322993,California
San Diego,2021-01-31,14802,395781,5755,173011,9047,222770,0,0,14442,277546,356,59918,14471,337464,California
San Diego,2021-02-01,20536,416317,7242,180253,13294,236064,0,0,17340,291781,3182,63100,17417,354881,California
San Diego,2021-02-02,23218,439535,8701,188954,14517,250581,0,0,19671,308083,3537,66637,19839,374720,California
San Diego,2021-02-03,27459,466994,11564,200518,15895,266476,0,0,23264,327358,4177,70814,23452,398172,California
San Diego,2021-02-04,24384,491378,10030,210548,14354,280830,0,0,19669,342609,4697,75511,19948,418120,California
San Diego,2021-02-05,25031,516409,8992,219540,16039,296869,0,0,18323,354693,6684,82195,18768,436888,California
San Diego,2021-02-06,20795,537204,8569,228109,12226,309095,0,0,17528,369181,3261,85456,17749,454637,California
San Diego,2021-02-07,12136,549340,5377,233486,6759,315854,0,0,10260,377843,1856,87312,10518,465155,California
San Diego,2021-02-08,20111,569451,8520,242006,11591,327445,0,0,12677,383784,7416,94728,13357,478512,California
San Diego,2021-02-09,20419,589870,8256,250262,12163,339608,0,0,13203,390859,7196,101924,14271,492783,California
San Diego,2021-02-10,23027,612897,9388,259650,13639,353247,0,0,13872,396999,9096,111020,15236,508019,California
San Diego,2021-02-11,23817,636714,10157,269807,13660,366907,0,0,12751,400392,11037,122057,14430,522449,California
San Diego,2021-02-12,23858,660572,7469,277276,16389,383296,0,0,11914,402640,11926,133983,14174,536623,California
San Diego,2021-02-13,20053,680625,9044,286320,11009,394305,0,0,10919,405629,9126,143109,12115,548738,California
San Diego,2021-02-14,11188,691813,7432,293752,3756,398061,0,0,6329,408614,4855,147964,7840,556578,California
San Diego,2021-02-15,15279,707092,7769,301521,7510,405571,0,0,7847,412115,7410,155374,10911,567489,California
San Diego,2021-02-16,19288,726380,11257,312778,8031,413602,0,0,9238,414286,10037,165411,12208,579697,California
San Diego,2021-02-17,23405,749785,10989,323767,12416,426018,0,0,8131,410239,15260,180671,11213,590910,California
San Diego,2021-02-18,23586,773371,12024,335791,11562,437580,0,0,7794,406326,15781,196452,11868,602778,California
San Diego,2021-02-19,15917,789288,10924,346715,4993,442573,0,0,6633,405670,9266,205718,8610,611388,California
San Diego,2021-02-20,10265,799553,6367,353082,3898,446471,0,0,5817,408943,4445,210163,7718,619106,California
San Diego,2021-02-21,11547,811100,10134,363216,1413,447884,0,0,5193,409318,6324,216487,6699,625805,California
San Diego,2021-02-22,12453,823553,10592,373808,1861,449745,0,0,5798,410103,6647,223134,7432,633237,California
San Diego,2021-02-23,25903,849456,14527,388335,11376,461121,0,0,9659,409416,16236,239370,15549,648786,California
San Diego,2021-02-24,28957,878413,12763,401098,16194,477315,0,0,6861,401633,22073,261443,14290,663076,California
San Diego,2021-02-25,33203,911616,14724,415822,18479,495794,0,0,10166,397155,23017,284460,18539,681615,California
San Diego,2021-02-26,33479,945095,12405,428227,21074,516868,0,0,12145,395074,21305,305765,19224,700839,California
San Diego,2021-02-27,21250,966345,9679,437906,11571,528439,0,0,11449,400987,9796,315561,15709,716548,California
San Diego,2021-02-28,15266,981611,9968,447874,5298,533737,0,0,9508,407526,5757,321318,12296,728844,California
San Diego,2021-03-01,24244,1005855,14315,462189,9927,543664,2,2,14736,416681,9432,330750,18587,747431,California
San Diego,2021-03-02,26158,1032013,14075,476264,12083,555747,0,2,12761,422736,13387,344137,19442,766873,California
San Diego,2021-03-03,33996,1066009,15918,492182,18075,573822,3,5,14070,423794,19905,364042,20963,787836,California
San Diego,2021-03-04,28323,1094332,14109,506291,14214,588036,0,5,12657,427535,15644,379686,19385,807221,California
San Diego,2021-03-05,28932,1123264,14833,521124,14017,602053,82,87,13475,432343,15434,395120,20242,827463,California
San Diego,2021-03-06,23365,1146629,9527,530651,13138,615191,700,787,10296,434946,13055,408175,15658,843121,California
San Diego,2021-03-07,18206,1164835,9298,539949,8337,623528,571,1358,6906,434779,11292,419467,11125,854246,California
San Diego,2021-03-08,23100,1187935,11228,551177,10972,634500,900,2258,11456,440378,11624,431091,17223,871469,California
San Diego,2021-03-09,25892,1213827,11980,563157,12157,646657,1755,4013,10130,440434,15749,446840,15805,887274,California
San Diego,2021-03-10,25302,1239129,10774,573931,12133,658790,2395,6408,9913,441426,15373,462213,16365,903639,California
San Diego,2021-03-11,28706,1267835,11031,584962,14077,672867,3598,10006,10037,440371,18646,480859,17591,921230,California
San Diego,2021-03-12,27077,1294912,9456,594418,14485,687352,3136,13142,9968,439908,17094,497953,16631,937861,California
San Diego,2021-03-13,26164,1321076,7301,601719,17074,704426,1789,14931,10078,439861,16083,514036,16036,953897,California
San Diego,2021-03-14,13769,1334845,5423,607142,7609,712035,737,15668,4787,438734,8974,523010,7847,961744,California
San Diego,2021-03-15,22025,1356870,10167,617309,11079,723114,779,16447,9032,438655,12977,535987,12898,974642,California
San Diego,2021-03-16,30007,1386877,15793,633102,13800,736914,414,16861,15750,443625,14234,550221,19204,993846,California
San Diego,2021-03-17,26320,1413197,12215,645317,13386,750300,719,17580,16773,453630,9532,559753,19537,1013383,California
San Diego,2021-03-18,31499,1444696,17795,663112,12793,763093,911,18491,17018,458637,14449,574202,19456,1032839,California
San Diego,2021-03-19,30258,1474954,14362,677474,14897,777990,999,19490,19361,469303,10879,585081,21545,1054384,California
San Diego,2021-03-20,27849,1502803,8428,685902,17627,795617,1794,21284,21401,487162,6437,591518,24296,1078680,California
San Diego,2021-03-21,16535,1519338,12057,697959,3761,799378,717,22001,7700,488070,8820,600338,9728,1088408,California
San Diego,2021-03-22,22517,1541855,13148,711107,9120,808498,249,22250,14337,497237,8168,608506,17335,1105743,California
San Diego,2021-03-23,25985,1567840,13642,724749,12080,820578,263,22513,17159,507861,8811,617317,19435,1125178,California
San Diego,2021-03-24,29544,1597384,19759,744508,9422,830000,363,22876,17121,514978,12414,629731,19531,1144709,California
San Diego,2021-03-25,30318,1627702,18283,762791,11378,841378,657,23533,17986,523413,12315,642046,20750,1165459,California
San Diego,2021-03-26,32093,1659795,17906,780697,13630,855008,557,24090,17557,529833,14510,656556,20930,1186389,California
San Diego,2021-03-27,25445,1685240,10992,791689,14060,869068,393,24483,15724,538477,9705,666261,18349,1204738,California
San Diego,2021-03-28,15035,1700275,9193,800882,5786,874854,56,24539,9281,543528,5748,672009,10799,1215537,California
San Diego,2021-03-29,26671,1726946,12905,813787,13170,888024,596,25135,16447,552781,10215,682224,19468,1235005,California
San Diego,2021-03-30,33227,1760173,17900,831687,14556,902580,771,25906,22051,566245,11164,693388,24628,1259633,California
San Diego,2021-03-31,30402,1790575,18757,850444,10967,913547,678,26584,20608,578838,9778,703166,22371,1282004,California
San Diego,2021-04-01,34313,1824888,20060,870504,12795,926342,1458,28042,23252,593818,11036,714202,26016,1308020,California
San Diego,2021-04-02,35684,1860572,20654,891158,12323,938665,2707,30749,24108,610488,11557,725759,28227,1336247,California
San Diego,2021-04-03,30807,1891379,14425,905583,11785,950450,4597,35346,19685,624849,11110,736869,25471,1361718,California
San Diego,2021-04-04,9062,1900441,5204,910787,2928,953378,930,36276,4824,626544,4233,741102,5928,1367646,California
San Diego,2021-04-05,29671,1930112,15402,926189,11698,965076,2571,38847,19398,640723,10258,751360,24437,1392083,California
San Diego,2021-04-06,38682,1968794,20389,946578,12447,977523,5846,44693,22349,654683,16318,767678,30278,1422361,California
San Diego,2021-04-07,35739,2004533,21975,968553,9268,986791,4496,49189,20448,665544,15266,782944,26127,1448488,California
San Diego,2021-04-08,35145,2039678,21357,989910,9690,996481,4098,53287,21308,679672,13817,796761,27945,1476433,California
San Diego,2021-04-09,38215,2077893,22803,1012713,10282,1006763,5130,58417,20828,691564,17317,814078,29209,1505642,California
San Diego,2021-04-10,29235,2107128,11781,1024494,13453,1020216,4001,62418,15232,699787,13991,828069,22214,1527856,California
San Diego,2021-04-11,16249,2123377,10070,1034564,3866,1024082,2313,64731,7299,703413,8947,837016,12573,1540429,California
San Diego,2021-04-12,30718,2154095,12816,1047380,13613,1037695,4289,69020,17225,715072,13478,850494,25137,1565566,California
San Diego,2021-04-13,37249,2191344,17772,1065152,19442,1057137,35,69055,24854,730396,12374,862868,27698,1593264,California
San Diego,2021-04-14,33023,2224367,18906,1084058,14105,1071242,12,69067,17882,737481,15126,877994,22211,1615475,California
San Diego,2021-04-15,39266,2263633,20328,1104386,18935,1090177,3,69070,23908,748866,15336,893330,26721,1642196,California
San Diego,2021-04-16,33532,2297165,18574,1122960,14956,1105133,2,69072,19485,756728,13984,907314,21846,1664042,California
San Diego,2021-04-17,27844,2325009,13526,1136486,14318,1119451,0,69072,12379,756754,15367,922681,15393,1679435,California
San Diego,2021-04-18,14271,2339280,8924,1145410,5344,1124795,3,69075,6582,758590,7676,930357,9512,1688947,California
San Diego,2021-04-19,26365,2365645,13491,1158901,12872,1137667,2,69077,12427,758827,13921,944278,14158,1703105,California
San Diego,2021-04-20,38766,2404411,17577,1176478,21189,1158856,0,69077,19841,762688,18904,963182,22765,1725870,California
San Diego,2021-04-21,34838,2439249,20830,1197308,14008,1172864,0,69077,16876,764581,17927,981109,19820,1745690,California
San Diego,2021-04-22,44385,2483634,22818,1220126,21561,1194425,6,69083,22184,767586,22162,1003271,25167,1770857,California
San Diego,2021-04-23,42002,2525636,25966,1246092,16034,1210459,2,69085,15590,759911,26379,1029650,18704,1789561,California
San Diego,2021-04-24,34305,2559941,18775,1264867,15515,1225974,15,69100,15415,759598,18857,1048507,18544,1808105,California
San Diego,2021-04-25,12440,2572381,7664,1272531,4776,1230750,0,69100,5848,760194,6583,1055090,7179,1815284,California
San Diego,2021-04-26,29945,2602326,14627,1287158,15194,1245944,124,69224,10063,754741,19872,1074962,14419,1829703,California
San Diego,2021-04-27,41457,2643783,22579,1309737,18478,1264422,400,69624,18160,752927,23266,1098228,21452,1851155,California
San Diego,2021-04-28,38121,2681904,22556,1332293,14924,1279346,641,70265,17283,752238,20805,1119033,20116,1871271,California
San Diego,2021-04-29,37973,2719877,24205,1356498,13150,1292496,618,70883,15358,747309,22579,1141612,17650,1888921,California
San Diego,2021-04-30,37896,2757773,23087,1379585,13833,1306329,976,71859,14807,741816,23055,1164667,17562,1906483,California
San Diego,2021-05-01,24254,2782027,10694,1390279,12915,1319244,645,72504,9511,739355,14732,1179399,12271,1918754,California
San Diego,2021-05-02,10697,2792724,7508,1397787,2602,1321846,587,73091,3265,736101,7427,1186826,4173,1922927,California
San Diego,2021-05-03,25292,2818016,12445,1410232,11691,1333537,1156,74247,9346,731453,15925,1202751,11277,1934204,California
San Diego,2021-05-04,31775,2849791,17533,1427765,12950,1346487,1292,75539,11502,725083,20247,1222998,13877,1948081,California
San Diego,2021-05-05,27394,2877185,16838,1444603,9298,1355785,1258,76797,10491,720888,16881,1239879,12686,1960767,California
San Diego,2021-05-06,27995,2905180,18567,1463170,8539,1364324,889,77686,10771,717804,17197,1257076,14113,1974880,California
San Diego,2021-05-07,29212,2934392,19366,1482536,8821,1373145,1025,78711,10997,712831,18181,1275257,13208,1988088,California
San Diego,2021-05-08,22306,2956698,10496,1493032,11113,1384258,697,79408,7244,707096,15039,1290296,9304,1997392,California
San Diego,2021-05-09,7398,2964096,5644,1498676,1357,1385615,397,79805,2569,705647,4821,1295117,3372,2000764,California
San Diego,2021-05-10,21196,2985292,8222,1506898,12185,1397800,789,80594,5764,698033,15404,1310521,7790,2008554,California
San Diego,2021-05-11,15224,3000516,4567,1511465,10409,1408209,248,80842,4498,692742,10715,1321236,5424,2013978,California
San Francisco,2020-12-15,7,7,7,7,0,0,0,0,7,7,0,0,7,7,California
San Francisco,2020-12-16,229,236,229,236,0,0,0,0,229,236,0,0,229,236,California
San Francisco,2020-12-17,393,629,393,629,0,0,0,0,393,629,0,0,393,629,California
San Francisco,2020-12-18,876,1505,875,1504,1,1,0,0,876,1505,0,0,876,1505,California
San Francisco,2020-12-19,601,2106,601,2105,0,1,0,0,601,2106,0,0,601,2106,California
San Francisco,2020-12-20,484,2590,484,2589,0,1,0,0,484,2590,0,0,484,2590,California
San Francisco,2020-12-21,1162,3752,1162,3751,0,1,0,0,1162,3752,0,0,1162,3752,California
San Francisco,2020-12-22,1401,5153,1367,5118,34,35,0,0,1401,5153,0,0,1401,5153,California
San Francisco,2020-12-23,1336,6489,1047,6165,289,324,0,0,1336,6489,0,0,1336,6489,California
San Francisco,2020-12-24,841,7330,503,6668,338,662,0,0,841,7330,0,0,841,7330,California
San Francisco,2020-12-25,34,7364,29,6697,5,667,0,0,34,7364,0,0,34,7364,California
San Francisco,2020-12-26,245,7609,151,6848,94,761,0,0,245,7609,0,0,245,7609,California
San Francisco,2020-12-27,274,7883,60,6908,214,975,0,0,274,7883,0,0,274,7883,California
San Francisco,2020-12-28,1269,9152,686,7594,583,1558,0,0,1269,9152,0,0,1269,9152,California
San Francisco,2020-12-29,1245,10397,623,8217,622,2180,0,0,1245,10397,0,0,1245,10397,California
San Francisco,2020-12-30,1486,11883,779,8996,707,2887,0,0,1486,11883,0,0,1486,11883,California
San Francisco,2020-12-31,963,12846,410,9406,553,3440,0,0,962,12845,0,0,962,12845,California
San Francisco,2021-01-01,86,12932,70,9476,16,3456,0,0,86,12931,0,0,86,12931,California
San Francisco,2021-01-02,334,13266,302,9778,32,3488,0,0,334,13265,0,0,334,13265,California
San Francisco,2021-01-03,295,13561,102,9880,193,3681,0,0,294,13558,1,1,294,13559,California
San Francisco,2021-01-04,1840,15401,1355,11235,485,4166,0,0,1837,15392,3,4,1837,15396,California
San Francisco,2021-01-05,2233,17634,1417,12652,816,4982,0,0,2198,17557,35,39,2200,17596,California
San Francisco,2021-01-06,1869,19503,1160,13812,709,5691,0,0,1604,18899,263,302,1605,19201,California
San Francisco,2021-01-07,2062,21565,1202,15014,860,6551,0,0,1606,20052,453,755,1606,20807,California
San Francisco,2021-01-08,2332,23897,1633,16647,699,7250,0,0,1496,20717,831,1586,1496,22303,California
San Francisco,2021-01-09,1389,25286,893,17540,496,7746,0,0,885,21100,504,2090,887,23190,California
San Francisco,2021-01-10,919,26205,541,18081,378,8124,0,0,460,21102,458,2548,460,23650,California
San Francisco,2021-01-11,2504,28709,1872,19953,632,8756,0,0,1402,21401,1103,3651,1402,25052,California
San Francisco,2021-01-12,3089,31798,2059,22012,1030,9786,0,0,1896,22106,1193,4844,1898,26950,California
San Francisco,2021-01-13,2826,34624,1601,23613,1225,11011,0,0,1996,23272,830,5674,1996,28946,California
San Francisco,2021-01-14,2441,37065,1099,24712,1342,12353,0,0,1881,24593,560,6234,1881,30827,California
San Francisco,2021-01-15,2743,39808,1147,25859,1596,13949,0,0,2351,26556,390,6624,2353,33180,California
San Francisco,2021-01-16,2255,42063,964,26823,1291,15240,0,0,2089,28480,166,6790,2090,35270,California
San Francisco,2021-01-17,1916,43979,530,27353,1386,16626,0,0,1702,29968,214,7004,1702,36972,California
San Francisco,2021-01-18,1378,45357,593,27946,785,17411,0,0,1114,30821,263,7267,1116,38088,California
San Francisco,2021-01-19,2576,47933,1474,29420,1102,18513,0,0,1827,31899,749,8016,1827,39915,California
San Francisco,2021-01-20,2743,50676,1118,30538,1625,20138,0,0,1993,33146,747,8763,1994,41909,California
San Francisco,2021-01-21,3309,53985,945,31483,2364,22502,0,0,2474,34787,833,9596,2474,44383,California
San Francisco,2021-01-22,3188,57173,644,32127,2544,25046,0,0,2746,37093,440,10036,2746,47129,California
San Francisco,2021-01-23,3092,60265,612,32739,2480,27526,0,0,2725,39453,366,10402,2726,49855,California
San Francisco,2021-01-24,2424,62689,363,33102,2061,29587,0,0,2195,41422,226,10628,2195,52050,California
San Francisco,2021-01-25,4581,67270,1779,34881,2802,32389,0,0,3034,42912,1545,12173,3035,55085,California
San Francisco,2021-01-26,4668,71938,2135,37016,2533,34922,0,0,3076,44401,1589,13762,3078,58163,California
San Francisco,2021-01-27,4427,76365,2073,39089,2354,37276,0,0,3078,46134,1345,15107,3078,61241,California
San Francisco,2021-01-28,3756,80121,1555,40644,2201,39477,0,0,2594,47571,1157,16264,2594,63835,California
San Francisco,2021-01-29,4720,84841,1681,42325,3039,42516,0,0,3450,49758,1263,17527,3450,67285,California
San Francisco,2021-01-30,3772,88613,1838,44163,1934,44450,0,0,3323,52637,448,17975,3327,70612,California
San Francisco,2021-01-31,2351,90964,824,44987,1527,45977,0,0,2199,54686,151,18126,2200,72812,California
San Francisco,2021-02-01,3797,94761,1529,46516,2268,48245,0,0,2891,56672,906,19032,2892,75704,California
San Francisco,2021-02-02,4647,99408,1963,48479,2684,50929,0,0,2884,57799,1757,20789,2884,78588,California
San Francisco,2021-02-03,5054,104462,2365,50844,2689,53618,0,0,3749,60246,1303,22092,3750,82338,California
San Francisco,2021-02-04,5027,109489,2434,53278,2593,56211,0,0,3862,62945,1163,23255,3862,86200,California
San Francisco,2021-02-05,5940,115429,3196,56474,2744,58955,0,0,4597,66202,1341,24596,4598,90798,California
San Francisco,2021-02-06,5474,120903,3655,60129,1819,60774,0,0,4574,69881,897,25493,4576,95374,California
San Francisco,2021-02-07,4330,125233,3180,63309,1150,61924,0,0,3752,73061,575,26068,3755,99129,California
San Francisco,2021-02-08,6701,131934,4613,67922,2088,64012,0,0,5486,77351,1198,27266,5488,104617,California
San Francisco,2021-02-09,5925,137859,3987,71909,1938,65950,0,0,4367,80165,1554,28820,4368,108985,California
San Francisco,2021-02-10,6867,144726,4177,76086,2690,68640,0,0,5068,83445,1791,30611,5071,114056,California
San Francisco,2021-02-11,6706,151432,3977,80063,2729,71369,0,0,4891,86526,1811,32422,4892,118948,California
San Francisco,2021-02-12,5314,156746,2666,82729,2648,74017,0,0,3478,88169,1835,34257,3478,122426,California
San Francisco,2021-02-13,4361,161107,2548,85277,1813,75830,0,0,3037,89884,1324,35581,3039,125465,California
San Francisco,2021-02-14,3415,164522,2241,87518,1174,77004,0,0,2290,91052,1124,36705,2292,127757,California
San Francisco,2021-02-15,2770,167292,1505,89023,1265,78269,0,0,1677,91638,1091,37796,1677,129434,California
San Francisco,2021-02-16,4993,172285,2727,91750,2266,80535,0,0,2956,92570,2030,39826,2962,132396,California
San Francisco,2021-02-17,5404,177689,2681,94431,2723,83258,0,0,2961,93100,2432,42258,2962,135358,California
San Francisco,2021-02-18,5374,183063,2631,97062,2743,86001,0,0,2804,93337,2570,44828,2807,138165,California
San Francisco,2021-02-19,5638,188701,2646,99708,2992,88993,0,0,2929,93565,2703,47531,2931,141096,California
San Francisco,2021-02-20,4522,193223,2180,101888,2342,91335,0,0,1702,92456,2812,50343,1703,142799,California
San Francisco,2021-02-21,2740,195963,1372,103260,1368,92703,0,0,1143,92009,1591,51934,1144,143943,California
San Francisco,2021-02-22,5102,201065,3176,106436,1926,94629,0,0,2566,92049,2528,54462,2568,146511,California
San Francisco,2021-02-23,5462,206527,3085,109521,2377,97006,0,0,2766,92125,2690,57152,2766,149277,California
San Francisco,2021-02-24,8982,215509,5083,114604,3899,100905,0,0,4792,92738,4180,61332,4793,154070,California
San Francisco,2021-02-25,9773,225282,6869,121473,2904,103809,0,0,6315,95600,3455,64787,6317,160387,California
San Francisco,2021-02-26,11920,237202,7731,129204,4189,107998,0,0,7065,97810,4856,69643,7066,167453,California
San Francisco,2021-02-27,8919,246121,5677,134881,3241,111239,1,1,4512,97932,4392,74035,4514,171967,California
San Francisco,2021-02-28,7721,253842,5544,140425,2177,113416,0,1,3830,97874,3889,77924,3831,175798,California
San Francisco,2021-03-01,10760,264602,7241,147666,3516,116932,3,4,5230,97602,5508,83432,5236,181034,California
San Francisco,2021-03-02,8894,273496,5676,153342,3218,120150,0,4,5157,99031,3729,87161,5158,186192,California
San Francisco,2021-03-03,11041,284537,6342,159684,4698,124848,1,5,6036,100078,4993,92154,6040,192232,California
San Francisco,2021-03-04,8659,293196,5442,165126,3217,128065,0,5,4879,101183,3774,95928,4879,197111,California
San Francisco,2021-03-05,8694,301890,5149,170275,3542,131607,3,8,5456,103421,3222,99150,5460,202571,California
San Francisco,2021-03-06,6894,308784,4438,174713,2247,133854,209,217,4232,105185,2674,101824,4438,207009,California
San Francisco,2021-03-07,5137,313921,3980,178693,1099,134953,58,275,2888,105869,2262,104086,2946,209955,California
San Francisco,2021-03-08,7153,321074,5177,183870,1790,136743,186,461,5596,110063,1588,105674,5782,215737,California
San Francisco,2021-03-09,6738,327812,3954,187824,2408,139151,376,837,4603,112897,2140,107814,4974,220711,California
San Francisco,2021-03-10,10415,338227,5896,193720,4020,143171,499,1336,6360,115726,4032,111846,6861,227572,California
San Francisco,2021-03-11,10046,348273,6354,200074,2729,145900,963,2299,6596,119843,3434,115280,7551,235123,California
San Francisco,2021-03-12,10754,359027,6271,206345,3160,149060,1323,3622,5976,122383,4756,120036,7296,242419,California
San Francisco,2021-03-13,6585,365612,3834,210179,1694,150754,1057,4679,4074,125010,2502,122538,5129,247548,California
San Francisco,2021-03-14,7491,373103,4845,215024,2404,153158,242,4921,4041,125856,3437,125975,4283,251831,California
San Francisco,2021-03-15,11942,385045,9107,224131,1893,155051,942,5863,8268,131396,3661,129636,9201,261032,California
San Francisco,2021-03-16,12076,397121,8199,232330,3418,158469,459,6322,8784,137365,3273,132909,9242,270274,California
San Francisco,2021-03-17,13197,410318,8142,240472,4498,162967,557,6879,9521,143792,3647,136556,10074,280348,California
San Francisco,2021-03-18,9976,420294,6759,247231,2596,165563,621,7500,5684,145826,4267,140823,6301,286649,California
San Francisco,2021-03-19,12026,432320,8708,255939,2853,168416,465,7965,6404,147092,5598,146421,6864,293513,California
San Francisco,2021-03-20,8719,441039,6384,262323,1875,170291,460,8425,5200,149264,3490,149911,5662,299175,California
San Francisco,2021-03-21,6447,447486,5899,268222,413,170704,135,8560,3681,150327,2752,152663,3815,302990,California
San Francisco,2021-03-22,9743,457229,6835,275057,2065,172769,843,9403,5136,151716,4584,157247,5973,308963,California
San Francisco,2021-03-23,11155,468384,7374,282431,3134,175903,647,10050,6706,154648,4418,161665,7350,316313,California
San Francisco,2021-03-24,12286,480670,9394,291825,2356,178259,536,10586,6335,155603,5911,167576,6866,323179,California
San Francisco,2021-03-25,11825,492495,8652,300477,2610,180869,563,11149,5909,156224,5847,173423,6468,329647,California
San Francisco,2021-03-26,11860,504355,8204,308681,3426,184295,230,11379,6112,156846,5717,179140,6339,335986,California
San Francisco,2021-03-27,8641,512996,5761,314442,2532,186827,348,11727,3918,156407,4703,183843,4264,340250,California
San Francisco,2021-03-28,6582,519578,5246,319688,1294,188121,42,11769,3168,156223,3391,187234,3207,343457,California
San Francisco,2021-03-29,11378,530956,7876,327564,3319,191440,183,11952,5099,155251,6252,193486,5280,348737,California
San Francisco,2021-03-30,11500,542456,7185,334749,4025,195465,290,12242,6845,157757,4629,198115,7135,355872,California
San Francisco,2021-03-31,12104,554560,8030,342779,3778,199243,296,12538,5546,157067,6525,204640,5835,361707,California
San Francisco,2021-04-01,13763,568323,7313,350092,4809,204052,1641,14179,6002,156972,7728,212368,7633,369340,California
San Francisco,2021-04-02,14631,582954,6452,356544,6368,210420,1811,15990,6905,157973,7708,220076,8709,378049,California
San Francisco,2021-04-03,10408,593362,4789,361333,3830,214250,1789,17779,4824,159012,5570,225646,6609,384658,California
San Francisco,2021-04-04,8990,602352,4754,366087,2583,216833,1653,19432,3613,158912,5364,231010,5264,389922,California
San Francisco,2021-04-05,15918,618270,9758,375845,4285,221118,1875,21307,6359,157607,9533,240543,8228,398150,California
San Francisco,2021-04-06,15968,634238,9462,385307,4448,225566,2058,23365,6283,156280,9662,250205,8335,406485,California
San Francisco,2021-04-07,16760,650998,9973,395280,4563,230129,2224,25589,7055,155860,9685,259890,9265,415750,California
San Francisco,2021-04-08,14118,665116,6717,401997,3005,233134,4396,29985,4648,155442,9441,269331,9023,424773,California
San Francisco,2021-04-09,15700,680816,7588,409585,4779,237913,3333,33318,6675,156439,8995,278326,9992,434765,California
San Francisco,2021-04-10,13136,693952,5662,415247,5850,243763,1624,34942,7137,159216,5975,284301,8752,443517,California
San Francisco,2021-04-11,9975,703927,7468,422715,1337,245100,1170,36112,5209,160837,4755,289056,6376,449893,California
San Francisco,2021-04-12,10553,714480,6864,429579,2566,247666,1123,37235,4865,161156,5666,294722,5985,455878,California
San Francisco,2021-04-13,10706,725186,7278,436857,3415,251081,13,37248,5425,161337,5261,299983,5442,461320,California
San Francisco,2021-04-14,13271,738457,8008,444865,5262,256343,1,37249,6435,160970,6803,306786,6436,467756,California
San Francisco,2021-04-15,13664,752121,9494,454359,4169,260512,1,37250,8057,163453,5578,312364,8061,475817,California
San Francisco,2021-04-16,12887,765008,8687,463046,4156,264668,44,37294,7651,165941,5211,317575,7699,483516,California
San Francisco,2021-04-17,10016,775024,7295,470341,2720,267388,1,37295,7096,170137,2905,320480,7101,490617,California
San Francisco,2021-04-18,6583,781607,5033,475374,1549,268937,1,37296,4088,171750,2478,322958,4091,494708,California
San Francisco,2021-04-19,10809,792416,8111,483485,2694,271631,4,37300,6961,174893,3832,326790,6975,501683,California
San Francisco,2021-04-20,12265,804681,7164,490649,5100,276731,1,37301,8468,179588,3776,330566,8471,510154,California
San Francisco,2021-04-21,10506,815187,7509,498158,2993,279724,4,37305,6404,181921,4079,334645,6412,516566,California
San Francisco,2021-04-22,10388,825575,7697,505855,2690,282414,1,37306,6005,183573,4360,339005,6012,522578,California
San Francisco,2021-04-23,10314,835889,5939,511794,4375,286789,0,37306,6161,185613,4127,343132,6167,528745,California
San Francisco,2021-04-24,7960,843849,5491,517285,2469,289258,0,37306,4737,187154,3203,346335,4744,533489,California
San Francisco,2021-04-25,5035,848884,4340,521625,689,289947,6,37312,2955,188053,2065,348400,2964,536453,California
San Francisco,2021-04-26,7449,856333,5243,526868,2194,292141,12,37324,3662,187974,3764,352164,3685,540138,California
San Francisco,2021-04-27,7904,864237,5284,532152,2494,294635,126,37450,3924,188076,3957,356121,4059,544197,California
San Francisco,2021-04-28,9240,873477,6524,538676,2526,297161,190,37640,4776,188607,4440,360561,4971,549168,California
San Francisco,2021-04-29,9089,882566,5384,544060,3512,300673,193,37833,4372,188489,4695,365256,4577,553745,California
San Francisco,2021-04-30,10843,893409,5189,549249,5455,306128,199,38032,3983,185852,6824,372080,4187,557932,California
San Francisco,2021-05-01,6910,900319,3576,552825,3220,309348,114,38146,1706,182490,5184,377264,1822,559754,California
San Francisco,2021-05-02,5319,905638,3083,555908,2138,311486,98,38244,977,179235,4333,381597,1078,560832,California
San Francisco,2021-05-03,9659,915297,6580,562488,2909,314395,170,38414,2480,174750,7147,388744,2662,563494,California
San Francisco,2021-05-04,9278,924575,5961,568449,3080,317475,237,38651,2267,170276,6985,395729,2511,566005,California
San Francisco,2021-05-05,8718,933293,6125,574574,2284,319759,309,38960,2155,166230,6514,402243,2468,568473,California
San Francisco,2021-05-06,10662,943955,8532,583106,1683,321442,447,39407,1877,159804,8753,410996,2327,570800,California
San Francisco,2021-05-07,10096,954051,6434,589540,3384,324826,278,39685,1670,153352,8403,419399,1951,572751,California
San Francisco,2021-05-08,8360,962411,3504,593044,4718,329544,138,39823,1028,147217,7301,426700,1166,573917,California
San Francisco,2021-05-09,6673,969084,5798,598842,788,330332,87,39910,1230,143108,5420,432120,1311,575228,California
San Francisco,2021-05-10,6287,975371,4336,603178,1705,332037,246,40156,1004,139101,5257,437377,1250,576478,California
San Francisco,2021-05-11,4914,980285,3386,606564,1401,333438,127,40283,649,135637,4240,441617,776,577254,California
San Joaquin,2020-12-15,12,12,12,12,0,0,0,0,12,12,0,0,12,12,California
San Joaquin,2020-12-16,307,319,307,319,0,0,0,0,307,319,0,0,307,319,California
San Joaquin,2020-12-17,312,631,312,631,0,0,0,0,312,631,0,0,312,631,California
San Joaquin,2020-12-18,522,1153,518,1149,4,4,0,0,522,1153,0,0,522,1153,California
San Joaquin,2020-12-19,188,1341,188,1337,0,4,0,0,188,1341,0,0,188,1341,California
San Joaquin,2020-12-20,113,1454,112,1449,1,5,0,0,113,1454,0,0,113,1454,California
San Joaquin,2020-12-21,491,1945,491,1940,0,5,0,0,491,1945,0,0,491,1945,California
San Joaquin,2020-12-22,967,2912,847,2787,120,125,0,0,966,2911,0,0,966,2911,California
San Joaquin,2020-12-23,978,3890,919,3706,59,184,0,0,976,3887,0,0,976,3887,California
San Joaquin,2020-12-24,215,4105,187,3893,28,212,0,0,214,4101,0,0,214,4101,California
San Joaquin,2020-12-25,14,4119,14,3907,0,212,0,0,14,4115,0,0,14,4115,California
San Joaquin,2020-12-26,102,4221,30,3937,72,284,0,0,102,4217,0,0,102,4217,California
San Joaquin,2020-12-27,42,4263,29,3966,13,297,0,0,42,4259,0,0,42,4259,California
San Joaquin,2020-12-28,622,4885,421,4387,201,498,0,0,622,4881,0,0,622,4881,California
San Joaquin,2020-12-29,797,5682,671,5058,126,624,0,0,797,5678,0,0,797,5678,California
San Joaquin,2020-12-30,1007,6689,715,5773,292,916,0,0,1005,6683,0,0,1005,6683,California
San Joaquin,2020-12-31,453,7142,202,5975,251,1167,0,0,453,7136,0,0,453,7136,California
San Joaquin,2021-01-01,21,7163,13,5988,8,1175,0,0,21,7157,0,0,21,7157,California
San Joaquin,2021-01-02,262,7425,240,6228,22,1197,0,0,262,7419,0,0,262,7419,California
San Joaquin,2021-01-03,37,7462,19,6247,18,1215,0,0,36,7454,1,1,36,7455,California
San Joaquin,2021-01-04,476,7938,338,6585,138,1353,0,0,474,7927,1,2,474,7929,California
San Joaquin,2021-01-05,976,8914,644,7229,332,1685,0,0,808,8603,168,170,844,8773,California
San Joaquin,2021-01-06,1220,10134,707,7936,513,2198,0,0,917,9225,298,468,920,9693,California
San Joaquin,2021-01-07,1074,11208,680,8616,394,2592,0,0,785,9725,286,754,786,10479,California
San Joaquin,2021-01-08,1191,12399,819,9435,372,2964,0,0,707,9953,483,1237,711,11190,California
San Joaquin,2021-01-09,375,12774,299,9734,76,3040,0,0,246,10070,129,1366,246,11436,California
San Joaquin,2021-01-10,223,12997,115,9849,108,3148,0,0,171,10189,52,1418,171,11607,California
San Joaquin,2021-01-11,1524,14521,1319,11168,205,3353,0,0,860,10453,663,2081,927,12534,California
San Joaquin,2021-01-12,1455,15976,1049,12217,406,3759,0,0,685,10442,766,2847,755,13289,California
San Joaquin,2021-01-13,1525,17501,893,13110,632,4391,0,0,953,10829,571,3418,958,14247,California
San Joaquin,2021-01-14,1650,19151,877,13987,773,5164,0,0,1311,11836,319,3737,1326,15573,California
San Joaquin,2021-01-15,1599,20750,621,14608,978,6142,0,0,1381,13025,204,3941,1393,16966,California
San Joaquin,2021-01-16,1141,21891,193,14801,948,7090,0,0,1113,14111,27,3968,1113,18079,California
San Joaquin,2021-01-17,1614,23505,130,14931,1484,8574,0,0,1576,15651,38,4006,1578,19657,California
San Joaquin,2021-01-18,737,24242,237,15168,500,9074,0,0,617,16152,116,4122,617,20274,California
San Joaquin,2021-01-19,1856,26098,886,16054,970,10044,0,0,1176,16659,675,4797,1182,21456,California
San Joaquin,2021-01-20,2079,28177,1281,17335,798,10842,0,0,1430,17451,644,5441,1436,22892,California
San Joaquin,2021-01-21,1965,30142,892,18227,1073,11915,0,0,1569,18638,389,5830,1576,24468,California
San Joaquin,2021-01-22,1960,32102,914,19141,1046,12961,0,0,1817,20320,138,5968,1820,26288,California
San Joaquin,2021-01-23,894,32996,404,19545,490,13451,0,0,609,20648,284,6252,612,26900,California
San Joaquin,2021-01-24,347,33343,135,19680,212,13663,0,0,325,20953,20,6272,325,27225,California
San Joaquin,2021-01-25,1983,35326,1136,20816,847,14510,0,0,1423,21823,557,6829,1427,28652,California
San Joaquin,2021-01-26,2144,37470,1114,21930,1030,15540,0,0,1536,22759,605,7434,1541,30193,California
San Joaquin,2021-01-27,1724,39194,766,22696,958,16498,0,0,1230,23505,490,7924,1236,31429,California
San Joaquin,2021-01-28,2020,41214,760,23456,1260,17758,0,0,1373,24238,643,8567,1376,32805,California
San Joaquin,2021-01-29,2139,43353,1043,24499,1096,18854,0,0,1794,25699,340,8907,1801,34606,California
San Joaquin,2021-01-30,2161,45514,348,24847,1813,20667,0,0,1986,27514,173,9080,1988,36594,California
San Joaquin,2021-01-31,1555,47069,177,25024,1378,22045,0,0,1492,28945,62,9142,1493,38087,California
San Joaquin,2021-02-01,2489,49558,1313,26337,1176,23221,0,0,1756,29972,732,9874,1759,39846,California
San Joaquin,2021-02-02,2587,52145,1171,27508,1416,24637,0,0,1962,31372,566,10440,1966,41812,California
San Joaquin,2021-02-03,3059,55204,1208,28716,1851,26488,0,0,2197,32719,855,11295,2202,44014,California
San Joaquin,2021-02-04,3433,58637,1712,30428,1721,28209,0,0,2628,34552,800,12095,2633,46647,California
San Joaquin,2021-02-05,3212,61849,1859,32287,1353,29562,0,0,2352,36056,853,12948,2357,49004,California
San Joaquin,2021-02-06,1119,62968,784,33071,335,29897,0,0,944,36829,173,13121,946,49950,California
San Joaquin,2021-02-07,614,63582,487,33558,127,30024,0,0,411,37045,196,13317,412,50362,California
San Joaquin,2021-02-08,1775,65357,1031,34589,744,30768,0,0,1441,38179,312,13629,1446,51808,California
San Joaquin,2021-02-09,2098,67455,1138,35727,960,31728,0,0,1569,39291,459,14088,1571,53379,California
San Joaquin,2021-02-10,2556,70011,1250,36977,1306,33034,0,0,1337,39438,1190,15278,1337,54716,California
San Joaquin,2021-02-11,2930,72941,1504,38481,1426,34460,0,0,1717,39977,1183,16461,1722,56438,California
San Joaquin,2021-02-12,2803,75744,1122,39603,1681,36141,0,0,1587,40369,1200,17661,1592,58030,California
San Joaquin,2021-02-13,2117,77861,399,40002,1718,37859,0,0,854,39978,1251,18912,860,58890,California
San Joaquin,2021-02-14,1902,79763,262,40264,1640,39499,0,0,688,39479,1188,20100,689,59579,California
San Joaquin,2021-02-15,1981,81744,836,41100,1145,40644,0,0,1194,39920,757,20857,1198,60777,California
San Joaquin,2021-02-16,3146,84890,1370,42470,1776,42420,0,0,1741,40278,1391,22248,1749,62526,California
San Joaquin,2021-02-17,3267,88157,1263,43733,2004,44424,0,0,1861,40748,1395,23643,1865,64391,California
San Joaquin,2021-02-18,3327,91484,1368,45101,1959,46383,0,0,1899,41254,1398,25041,1904,66295,California
San Joaquin,2021-02-19,4244,95728,2402,47503,1842,48225,0,0,2387,41838,1803,26844,2387,68682,California
San Joaquin,2021-02-20,1541,97269,653,48156,888,49113,0,0,1064,42426,476,27320,1064,69746,California
San Joaquin,2021-02-21,637,97906,480,48636,157,49270,0,0,402,42597,232,27552,403,70149,California
San Joaquin,2021-02-22,3514,101420,2475,51111,1039,50309,0,0,2519,44156,964,28516,2523,72672,California
San Joaquin,2021-02-23,4285,105705,2606,53717,1679,51988,0,0,2639,45183,1616,30132,2643,75315,California
San Joaquin,2021-02-24,5697,111402,3387,57104,2310,54298,0,0,4099,47709,1575,31707,4101,79416,California
San Joaquin,2021-02-25,6295,117697,3890,60994,2405,56703,0,0,4069,49592,2196,33903,4079,83495,California
San Joaquin,2021-02-26,5464,123161,2851,63845,2613,59316,0,0,3759,51679,1677,35580,3764,87259,California
San Joaquin,2021-02-27,5440,128601,1617,65462,3823,63139,0,0,2614,51526,2778,38358,2625,89884,California
San Joaquin,2021-02-28,3078,131679,1105,66567,1973,65112,0,0,2033,52539,1022,39380,2035,91919,California
San Joaquin,2021-03-01,4073,135752,1793,68360,2280,67392,0,0,2309,53107,1748,41128,2316,94235,California
San Joaquin,2021-03-02,4167,139919,1664,70024,2503,69895,0,0,2614,54243,1534,42662,2670,96905,California
San Joaquin,2021-03-03,5742,145661,3407,73431,2333,72228,2,2,4143,56811,1576,44238,4144,101049,California
San Joaquin,2021-03-04,5681,151342,2252,75683,3426,75654,3,5,3717,58579,1953,46191,3721,104770,California
San Joaquin,2021-03-05,4406,155748,1865,77548,2537,78191,4,9,3039,60274,1352,47543,3047,107817,California
San Joaquin,2021-03-06,3281,159029,2162,79710,989,79180,130,139,2699,62527,579,48122,2832,110649,California
San Joaquin,2021-03-07,1205,160234,552,80262,607,79787,46,185,923,63217,264,48386,954,111603,California
San Joaquin,2021-03-08,3122,163356,1253,81515,1744,81531,125,310,2115,64460,996,49382,2239,113842,California
San Joaquin,2021-03-09,3960,167316,1778,83293,2055,83586,127,437,2621,65887,1324,50706,2751,116593,California
San Joaquin,2021-03-10,4634,171950,2462,85755,2034,85620,138,575,3412,68229,1209,51915,3551,120144,California
San Joaquin,2021-03-11,4926,176876,2337,88092,1989,87609,600,1175,2927,69772,1989,53904,3532,123676,California
San Joaquin,2021-03-12,6249,183125,3122,91214,2795,90404,332,1507,4149,72179,2079,55983,4486,128162,California
San Joaquin,2021-03-13,3050,186175,1446,92660,1478,91882,126,1633,2283,73835,760,56743,2416,130578,California
San Joaquin,2021-03-14,2152,188327,668,93328,1181,93063,303,1936,1038,74070,1110,57853,1345,131923,California
San Joaquin,2021-03-15,6049,194376,3480,96808,2165,95228,404,2340,3172,74806,2852,60705,3588,135511,California
San Joaquin,2021-03-16,6812,201188,3874,100682,2682,97910,256,2596,4022,76316,2776,63481,4286,139797,California
San Joaquin,2021-03-17,7748,208936,4645,105327,3033,100943,70,2666,4312,77306,3401,66882,4391,144188,California
San Joaquin,2021-03-18,7616,216552,4476,109803,2634,103577,506,3172,3772,77786,3805,70687,4285,148473,California
San Joaquin,2021-03-19,7901,224453,4630,114433,2729,106306,542,3714,4790,80075,3091,73778,5380,153853,California
San Joaquin,2021-03-20,3666,228119,2120,116553,1303,107609,243,3957,1821,80320,1830,75608,2075,155928,California
San Joaquin,2021-03-21,2097,230216,1490,118043,401,108010,206,4163,1182,80844,908,76516,1432,157360,California
San Joaquin,2021-03-22,3948,234164,2016,120059,1515,109525,417,4580,2335,82001,1601,78117,2758,160118,California
San Joaquin,2021-03-23,5355,239519,2626,122685,2562,112087,167,4747,3706,84249,1631,79748,3879,163997,California
San Joaquin,2021-03-24,6803,246322,4224,126909,2492,114579,87,4834,3024,83618,3750,83498,3119,167116,California
San Joaquin,2021-03-25,5521,251843,3274,130183,2205,116784,42,4876,3287,84740,2214,85712,3336,170452,California
San Joaquin,2021-03-26,6133,257976,2535,132718,3448,120232,150,5026,3233,85262,2880,88592,3402,173854,California
San Joaquin,2021-03-27,4608,262584,2610,135328,1950,122182,48,5074,1802,84338,2784,91376,1860,175714,California
San Joaquin,2021-03-28,2702,265286,1792,137120,885,123067,25,5099,1294,84345,1389,92765,1396,177110,California
San Joaquin,2021-03-29,4011,269297,2167,139287,1822,124889,22,5121,2019,84420,1981,94746,2056,179166,California
San Joaquin,2021-03-30,6192,275489,3147,142434,2953,127842,92,5213,3446,85255,2722,97468,3557,182723,California
San Joaquin,2021-03-31,6560,282049,4130,146564,2370,130212,60,5273,3330,85453,3214,100682,3412,186135,California
San Joaquin,2021-04-01,6360,288409,2952,149516,3326,133538,82,5355,2815,84878,3529,104211,2954,189089,California
San Joaquin,2021-04-02,6305,294714,2866,152382,2950,136488,489,5844,2517,84149,3767,107978,3038,192127,California
San Joaquin,2021-04-03,4118,298832,2319,154701,1473,137961,326,6170,1988,84355,2113,110091,2319,194446,California
San Joaquin,2021-04-04,2270,301102,1356,156057,712,138673,202,6372,1544,85397,717,110808,1759,196205,California
San Joaquin,2021-04-05,4499,305601,2813,158870,1516,140189,170,6542,2626,86338,1866,112674,2807,199012,California
San Joaquin,2021-04-06,6999,312600,4502,163372,2236,142425,261,6803,3328,86291,3648,116322,3601,202613,California
San Joaquin,2021-04-07,8285,320885,4507,167879,2206,144631,1572,8375,3488,86583,4783,121105,5075,207688,California
San Joaquin,2021-04-08,8632,329517,4676,172555,1936,146567,2020,10395,3298,86592,5311,126416,5320,213008,California
San Joaquin,2021-04-09,8812,338329,4251,176806,3009,149576,1552,11947,3194,85761,5596,132012,4765,217773,California
San Joaquin,2021-04-10,5191,343520,1621,178427,1665,151241,1905,13852,1751,85982,3432,135444,3653,221426,California
San Joaquin,2021-04-11,4042,347562,1543,179970,1334,152575,1165,15017,1738,86587,2293,137737,2898,224324,California
San Joaquin,2021-04-12,5939,353501,2356,182326,2049,154624,1534,16551,2314,86833,3607,141344,3853,228177,California
San Joaquin,2021-04-13,7418,360919,4276,186602,3136,157760,6,16557,4546,88540,2853,144197,4560,232737,California
San Joaquin,2021-04-14,7399,368318,3698,190300,3701,161461,0,16557,4422,90013,2958,147155,4431,237168,California
San Joaquin,2021-04-15,7729,376047,4562,194862,3167,164628,0,16557,4312,90946,3385,150540,4318,241486,California
San Joaquin,2021-04-16,7253,383300,3787,198649,3463,168091,3,16560,4276,92287,2949,153489,4290,245776,California
San Joaquin,2021-04-17,5079,388379,2729,201378,2348,170439,2,16562,3593,94421,1477,154966,3611,249387,California
San Joaquin,2021-04-18,2439,390818,1348,202726,1091,171530,0,16562,1296,94596,1128,156094,1303,250690,California
San Joaquin,2021-04-19,5066,395884,2719,205445,2347,173877,0,16562,2704,94970,2340,158434,2714,253404,California
San Joaquin,2021-04-20,6160,402044,3223,208668,2937,176814,0,16562,2902,94648,3235,161669,2913,256317,California
San Joaquin,2021-04-21,5287,407331,2782,211450,2505,179319,0,16562,2882,95177,2359,164028,2888,259205,California
San Joaquin,2021-04-22,5136,412467,2994,214444,2142,181461,0,16562,2934,95942,2177,166205,2942,262147,California
San Joaquin,2021-04-23,5798,418265,2746,217190,3051,184512,1,16563,3660,97488,2120,168325,3666,265813,California
San Joaquin,2021-04-24,5155,423420,3542,220732,1612,186124,1,16564,3348,99057,1785,170110,3354,269167,California
San Joaquin,2021-04-25,2968,426388,2496,223228,472,186596,0,16564,1945,100002,1006,171116,1951,271118,California
San Joaquin,2021-04-26,3685,430073,2441,225669,1243,187839,1,16565,1941,100213,1734,172850,1945,273063,California
San Joaquin,2021-04-27,4160,434233,2427,228096,1684,189523,49,16614,1757,99642,2385,175235,1814,274877,California
San Joaquin,2021-04-28,5461,439694,3276,231372,2110,191633,75,16689,2680,99653,2752,177987,2763,277640,California
San Joaquin,2021-04-29,4736,444430,2744,234116,1937,193570,55,16744,2418,99833,2299,180286,2479,280119,California
San Joaquin,2021-04-30,4844,449274,2349,236465,2429,195999,66,16810,2494,100066,2335,182621,2568,282687,California
San Joaquin,2021-05-01,3288,452562,1889,238354,1340,197339,59,16869,2083,101022,1199,183820,2155,284842,California
San Joaquin,2021-05-02,2179,454741,1485,239839,639,197978,55,16924,1070,101045,1104,184924,1127,285969,California
San Joaquin,2021-05-03,3151,457892,2112,241951,968,198946,71,16995,1319,100624,1821,186745,1400,287369,California
San Joaquin,2021-05-04,4760,462652,3243,245194,1368,200314,149,17144,1736,99511,3008,189753,1895,289264,California
San Joaquin,2021-05-05,4480,467132,2986,248180,1336,201650,158,17302,1751,98719,2708,192461,1916,291180,California
San Joaquin,2021-05-06,4555,471687,3037,251217,1390,203040,128,17430,2026,98366,2514,194975,2161,293341,California
San Joaquin,2021-05-07,4457,476144,2501,253718,1806,204846,150,17580,1815,97710,2631,197606,1975,295316,California
San Joaquin,2021-05-08,3074,479218,2000,255718,977,205823,97,17677,1196,97147,1865,199471,1302,296618,California
San Joaquin,2021-05-09,1447,480665,826,256544,553,206376,68,17745,578,96932,866,200337,651,297269,California
San Joaquin,2021-05-10,2540,483205,1275,257819,1151,207527,114,17859,841,96202,1691,202028,961,298230,California
San Joaquin,2021-05-11,2270,485475,1338,259157,891,208418,41,17900,667,95319,1596,203624,713,298943,California
San Luis Obispo,2020-12-16,4,4,4,4,0,0,0,0,4,4,0,0,4,4,California
San Luis Obispo,2020-12-17,196,200,196,200,0,0,0,0,196,200,0,0,196,200,California
San Luis Obispo,2020-12-18,224,424,224,424,0,0,0,0,224,424,0,0,224,424,California
San Luis Obispo,2020-12-19,162,586,162,586,0,0,0,0,162,586,0,0,162,586,California
San Luis Obispo,2020-12-20,215,801,215,801,0,0,0,0,215,801,0,0,215,801,California
San Luis Obispo,2020-12-21,549,1350,548,1349,1,1,0,0,549,1350,0,0,549,1350,California
San Luis Obispo,2020-12-22,309,1659,305,1654,4,5,0,0,309,1659,0,0,309,1659,California
San Luis Obispo,2020-12-23,682,2341,368,2022,314,319,0,0,682,2341,0,0,682,2341,California
San Luis Obispo,2020-12-24,194,2535,19,2041,175,494,0,0,194,2535,0,0,194,2535,California
San Luis Obispo,2020-12-25,2,2537,1,2042,1,495,0,0,2,2537,0,0,2,2537,California
San Luis Obispo,2020-12-26,89,2626,12,2054,77,572,0,0,89,2626,0,0,89,2626,California
San Luis Obispo,2020-12-27,76,2702,0,2054,76,648,0,0,76,2702,0,0,76,2702,California
San Luis Obispo,2020-12-28,880,3582,430,2484,450,1098,0,0,880,3582,0,0,880,3582,California
San Luis Obispo,2020-12-29,903,4485,502,2986,401,1499,0,0,903,4485,0,0,903,4485,California
San Luis Obispo,2020-12-30,1172,5657,681,3667,491,1990,0,0,1172,5657,0,0,1172,5657,California
San Luis Obispo,2020-12-31,107,5764,4,3671,103,2093,0,0,107,5764,0,0,107,5764,California
San Luis Obispo,2021-01-01,13,5777,8,3679,5,2098,0,0,13,5777,0,0,13,5777,California
San Luis Obispo,2021-01-02,33,5810,8,3687,25,2123,0,0,33,5810,0,0,33,5810,California
San Luis Obispo,2021-01-03,16,5826,6,3693,10,2133,0,0,16,5826,0,0,16,5826,California
San Luis Obispo,2021-01-04,679,6505,525,4218,154,2287,0,0,679,6505,0,0,679,6505,California
San Luis Obispo,2021-01-05,974,7479,756,4974,218,2505,0,0,972,7475,2,2,972,7477,California
San Luis Obispo,2021-01-06,725,8204,480,5454,245,2750,0,0,717,8185,7,9,717,8194,California
San Luis Obispo,2021-01-07,1126,9330,948,6402,178,2928,0,0,683,8425,443,452,683,8877,California
San Luis Obispo,2021-01-08,882,10212,804,7206,78,3006,0,0,513,8570,368,820,513,9390,California
San Luis Obispo,2021-01-09,204,10416,195,7401,9,3015,0,0,27,8420,177,997,27,9417,California
San Luis Obispo,2021-01-10,12,10428,8,7409,4,3019,0,0,8,8424,4,1001,8,9425,California
San Luis Obispo,2021-01-11,559,10987,508,7917,51,3070,0,0,299,8464,259,1260,299,9724,California
San Luis Obispo,2021-01-12,597,11584,380,8297,217,3287,0,0,318,8503,279,1539,318,10042,California
San Luis Obispo,2021-01-13,885,12469,256,8553,629,3916,0,0,645,8911,237,1776,645,10687,California
San Luis Obispo,2021-01-14,729,13198,244,8797,485,4401,0,0,604,9403,112,1888,604,11291,California
San Luis Obispo,2021-01-15,729,13927,288,9085,441,4842,0,0,554,9787,170,2058,554,11845,California
San Luis Obispo,2021-01-16,100,14027,81,9166,19,4861,0,0,95,9877,5,2063,95,11940,California
San Luis Obispo,2021-01-17,67,14094,61,9227,6,4867,0,0,67,9944,0,2063,67,12007,California
San Luis Obispo,2021-01-18,1371,15465,389,9616,982,5849,0,0,1109,10791,262,2325,1109,13116,California
San Luis Obispo,2021-01-19,1584,17049,417,10033,1167,7016,0,0,1176,11559,408,2733,1176,14292,California
San Luis Obispo,2021-01-20,1884,18933,596,10629,1288,8304,0,0,1293,12264,589,3322,1294,15586,California
San Luis Obispo,2021-01-21,1570,20503,466,11095,1104,9408,0,0,1197,13093,369,3691,1198,16784,California
San Luis Obispo,2021-01-22,1521,22024,509,11604,1012,10420,0,0,1206,13986,313,4004,1206,17990,California
San Luis Obispo,2021-01-23,312,22336,294,11898,18,10438,0,0,296,14266,16,4020,296,18286,California
San Luis Obispo,2021-01-24,245,22581,237,12135,8,10446,0,0,239,14499,6,4026,239,18525,California
San Luis Obispo,2021-01-25,2074,24655,606,12741,1468,11914,0,0,1244,14913,830,4856,1244,19769,California
San Luis Obispo,2021-01-26,2002,26657,704,13445,1298,13212,0,0,1135,15181,867,5723,1135,20904,California
San Luis Obispo,2021-01-27,1611,28268,284,13729,1327,14539,0,0,1152,15874,459,6182,1152,22056,California
San Luis Obispo,2021-01-28,1491,29759,343,14072,1148,15687,0,0,1229,16842,261,6443,1229,23285,California
San Luis Obispo,2021-01-29,1735,31494,681,14753,1054,16741,0,0,1451,18009,284,6727,1451,24736,California
San Luis Obispo,2021-01-30,37,31531,18,14771,19,16760,0,0,26,18025,10,6737,26,24762,California
San Luis Obispo,2021-01-31,28,31559,20,14791,8,16768,0,0,25,18047,3,6740,25,24787,California
San Luis Obispo,2021-02-01,1703,33262,738,15529,965,17733,0,0,1401,19147,301,7041,1401,26188,California
San Luis Obispo,2021-02-02,1895,35157,677,16206,1218,18951,0,0,1521,20294,374,7415,1521,27709,California
San Luis Obispo,2021-02-03,1706,36863,728,16934,978,19929,0,0,1293,21174,413,7828,1293,29002,California
San Luis Obispo,2021-02-04,1659,38522,801,17735,858,20787,0,0,1092,21699,567,8395,1092,30094,California
San Luis Obispo,2021-02-05,1603,40125,717,18452,886,21673,0,0,1058,22212,546,8941,1059,31153,California
San Luis Obispo,2021-02-06,159,40284,92,18544,67,21740,0,0,93,22239,66,9007,93,31246,California
San Luis Obispo,2021-02-07,144,40428,99,18643,45,21785,0,0,74,22244,70,9077,75,31321,California
San Luis Obispo,2021-02-08,858,41286,470,19113,388,22173,0,0,498,22383,359,9436,498,31819,California
San Luis Obispo,2021-02-09,1123,42409,449,19562,674,22847,0,0,542,22357,575,10011,549,32368,California
San Luis Obispo,2021-02-10,1429,43838,487,20049,942,23789,0,0,523,21980,903,10914,526,32894,California
San Luis Obispo,2021-02-11,1330,45168,844,20893,486,24275,0,0,655,21963,672,11586,655,33549,California
San Luis Obispo,2021-02-12,786,45954,363,21256,423,24698,0,0,417,22011,369,11955,417,33966,California
San Luis Obispo,2021-02-13,393,46347,127,21383,266,24964,0,0,285,22189,107,12062,285,34251,California
San Luis Obispo,2021-02-14,318,46665,41,21424,277,25241,0,0,282,22436,36,12098,283,34534,California
San Luis Obispo,2021-02-15,725,47390,137,21561,588,25829,0,0,469,22652,253,12351,469,35003,California
San Luis Obispo,2021-02-16,2963,50353,1196,22757,1767,27596,0,0,1359,22413,1598,13949,1359,36362,California
San Luis Obispo,2021-02-17,2776,53129,1238,23995,1538,29134,0,0,1029,21704,1738,15687,1029,37391,California
San Luis Obispo,2021-02-18,2823,55952,1457,25452,1366,30500,0,0,1133,21156,1682,17369,1134,38525,California
San Luis Obispo,2021-02-19,1456,57408,1336,26788,120,30620,0,0,1133,21967,322,17691,1133,39658,California
San Luis Obispo,2021-02-20,252,57660,81,26869,171,30791,0,0,215,22145,37,17728,215,39873,California
San Luis Obispo,2021-02-21,54,57714,50,26919,4,30795,0,0,31,22153,23,17751,31,39904,California
San Luis Obispo,2021-02-22,2410,60124,1864,28783,546,31341,0,0,1465,22674,945,18696,1466,41370,California
San Luis Obispo,2021-02-23,1856,61980,1741,30524,115,31456,0,0,1363,23546,492,19188,1364,42734,California
San Luis Obispo,2021-02-24,2644,64624,1301,31825,1343,32799,0,0,836,22577,1805,20993,836,43570,California
San Luis Obispo,2021-02-25,2129,66753,1243,33068,886,33685,0,0,1205,22866,917,21910,1206,44776,California
San Luis Obispo,2021-02-26,2644,69397,1148,34216,1496,35181,0,0,1324,22878,1312,23222,1324,46100,California
San Luis Obispo,2021-02-27,565,69962,339,34555,226,35407,0,0,519,23351,46,23268,519,46619,California
San Luis Obispo,2021-02-28,200,70162,73,34628,127,35534,0,0,163,23481,33,23301,163,46782,California
San Luis Obispo,2021-03-01,2964,73126,1846,36474,1116,36650,2,2,2039,24597,926,24227,2042,48824,California
San Luis Obispo,2021-03-02,2988,76114,1886,38360,1102,37752,0,2,1843,25300,1141,25368,1844,50668,California
San Luis Obispo,2021-03-03,2274,78388,332,38692,1942,39694,0,2,826,24685,1442,26810,827,51495,California
San Luis Obispo,2021-03-04,2180,80568,1151,39843,1029,40723,0,2,1167,24843,1011,27821,1169,52664,California
San Luis Obispo,2021-03-05,2295,82863,1018,40861,1207,41930,70,72,1291,25215,989,28810,1361,54025,California
San Luis Obispo,2021-03-06,833,83696,309,41170,417,42347,107,179,613,25709,220,29030,714,54739,California
San Luis Obispo,2021-03-07,199,83895,32,41202,83,42430,84,263,70,25736,128,29158,155,54894,California
San Luis Obispo,2021-03-08,2727,86622,754,41956,1659,44089,314,577,1540,26405,1184,30342,1853,56747,California
San Luis Obispo,2021-03-09,2926,89548,955,42911,1724,45813,247,824,1506,26743,1416,31758,1754,58501,California
San Luis Obispo,2021-03-10,3191,92739,1238,44149,1671,47484,282,1106,1815,27468,1372,33130,2097,60598,California
San Luis Obispo,2021-03-11,3125,95864,1274,45423,1529,49013,322,1428,1699,28071,1417,34547,2020,62618,California
San Luis Obispo,2021-03-12,3210,99074,1281,46704,1591,50604,338,1766,1596,28402,1606,36153,1937,64555,California
San Luis Obispo,2021-03-13,794,99868,262,46966,423,51027,109,1875,431,28579,362,36515,539,65094,California
San Luis Obispo,2021-03-14,514,100382,53,47019,350,51377,111,1986,135,28447,378,36893,246,65340,California
San Luis Obispo,2021-03-15,3054,103436,1096,48115,1860,53237,98,2084,1530,28555,1520,38413,1628,66968,California
San Luis Obispo,2021-03-16,2848,106284,1509,49624,1229,54466,110,2194,1438,28698,1404,39817,1547,68515,California
San Luis Obispo,2021-03-17,3423,109707,1448,51072,1714,56180,261,2455,1975,29496,1437,41254,2235,70750,California
San Luis Obispo,2021-03-18,2809,112516,1448,52520,1150,57330,211,2666,1339,29580,1465,42719,1549,72299,California
San Luis Obispo,2021-03-19,2585,115101,1563,54083,701,58031,321,2987,961,29248,1616,44335,1284,73583,California
San Luis Obispo,2021-03-20,833,115934,496,54579,300,58331,37,3024,385,29222,448,44783,422,74005,California
San Luis Obispo,2021-03-21,187,116121,45,54624,139,58470,3,3027,157,29353,29,44812,160,74165,California
San Luis Obispo,2021-03-22,2684,118805,1169,55793,1467,59937,48,3075,1863,30448,816,45628,1911,76076,California
San Luis Obispo,2021-03-23,3369,122174,2210,58003,1130,61067,29,3104,2266,31644,1099,46727,2295,78371,California
San Luis Obispo,2021-03-24,3500,125674,2132,60135,1284,62351,84,3188,2616,33464,879,47606,2699,81070,California
San Luis Obispo,2021-03-25,3662,129336,2290,62425,1360,63711,12,3200,2635,35087,1023,48629,2646,83716,California
San Luis Obispo,2021-03-26,3143,132479,1755,64180,956,64667,432,3632,1748,35877,1390,50019,2180,85896,California
San Luis Obispo,2021-03-27,993,133472,508,64688,393,65060,92,3724,452,35882,539,50558,544,86440,California
San Luis Obispo,2021-03-28,443,133915,151,64839,236,65296,56,3780,242,35979,201,50759,298,86738,California
San Luis Obispo,2021-03-29,2575,136490,1275,66114,1167,66463,133,3913,1649,36849,912,51671,1782,88520,California
San Luis Obispo,2021-03-30,3494,139984,1907,68021,1446,67909,141,4054,2345,38188,1145,52816,2484,91004,California
San Luis Obispo,2021-03-31,3837,143821,2455,70476,1235,69144,147,4201,2474,39455,1353,54169,2620,93624,California
San Luis Obispo,2021-04-01,3820,147641,2418,72894,1286,70430,116,4317,2685,41130,1125,55294,2800,96424,California
San Luis Obispo,2021-04-02,1752,149393,686,73580,755,71185,311,4628,955,41598,796,56090,1264,97688,California
San Luis Obispo,2021-04-03,1103,150496,554,74134,422,71607,127,4755,487,41600,612,56702,614,98302,California
San Luis Obispo,2021-04-04,380,150876,130,74264,210,71817,40,4795,234,41728,146,56848,274,98576,California
San Luis Obispo,2021-04-05,3610,154486,1944,76208,1556,73373,110,4905,2048,42325,1559,58407,2156,100732,California
San Luis Obispo,2021-04-06,4032,158518,2146,78354,1565,74938,321,5226,1956,42534,2068,60475,2277,103009,California
San Luis Obispo,2021-04-07,4286,162804,2341,80695,1583,76521,362,5588,2470,43562,1802,62277,2830,105839,California
San Luis Obispo,2021-04-08,4022,166826,2196,82891,1424,77945,402,5990,2179,44307,1836,64113,2581,108420,California
San Luis Obispo,2021-04-09,3646,170472,1733,84624,1157,79102,756,6746,1538,44498,2099,66212,2290,110710,California
San Luis Obispo,2021-04-10,1571,172043,558,85182,351,79453,662,7408,483,44553,1088,67300,1143,111853,California
San Luis Obispo,2021-04-11,311,172354,63,85245,185,79638,63,7471,124,44555,185,67485,187,112040,California
San Luis Obispo,2021-04-12,3372,175726,1696,86941,1512,81150,164,7635,1413,44174,1957,69442,1576,113616,California
San Luis Obispo,2021-04-13,3640,179366,2096,89037,1543,82693,1,7636,1970,44479,1667,71109,1972,115588,California
San Luis Obispo,2021-04-14,2845,182211,1680,90717,1162,83855,3,7639,1661,44969,1173,72282,1663,117251,California
San Luis Obispo,2021-04-15,3666,185877,2376,93093,1289,85144,1,7640,1958,45238,1691,73973,1960,119211,California
San Luis Obispo,2021-04-16,3604,189481,2189,95282,1412,86556,3,7643,1796,45232,1804,75777,1798,121009,California
San Luis Obispo,2021-04-17,1099,190580,433,95715,664,87220,2,7645,716,45570,380,76157,718,121727,California
San Luis Obispo,2021-04-18,319,190899,97,95812,221,87441,1,7646,109,45472,207,76364,109,121836,California
San Luis Obispo,2021-04-19,3076,193975,1284,97096,1754,89195,38,7684,1131,44700,1942,78306,1170,123006,California
San Luis Obispo,2021-04-20,3559,197534,1933,99029,1626,90821,0,7684,1373,43899,2174,80480,1373,124379,California
San Luis Obispo,2021-04-21,3901,201435,1792,100821,2109,92930,0,7684,1628,43271,2256,82736,1628,126007,California
San Luis Obispo,2021-04-22,4574,206009,2060,102881,2514,95444,0,7684,1504,41722,3055,85791,1506,127513,California
San Luis Obispo,2021-04-23,1467,207476,850,103731,613,96057,4,7688,704,41680,757,86548,715,128228,California
San Luis Obispo,2021-04-24,1083,208559,444,104175,620,96677,19,7707,494,41610,583,87131,513,128741,California
San Luis Obispo,2021-04-25,345,208904,162,104337,183,96860,0,7707,113,41492,231,87362,113,128854,California
San Luis Obispo,2021-04-26,913,209817,292,104629,604,97464,17,7724,334,41275,567,87929,350,129204,California
San Luis Obispo,2021-04-27,3593,213410,1842,106471,1684,99148,67,7791,1373,40501,2213,90142,1439,130643,California
San Luis Obispo,2021-04-28,3706,217116,2081,108552,1553,100701,72,7863,1277,39434,2416,92558,1349,131992,California
San Luis Obispo,2021-04-29,3625,220741,2095,110647,1460,102161,70,7933,1187,38266,2426,94984,1258,133250,California
San Luis Obispo,2021-04-30,2934,223675,1641,112288,1220,103381,73,8006,911,37239,2010,96994,983,134233,California
San Luis Obispo,2021-05-01,465,224140,158,112446,271,103652,36,8042,97,37011,360,97354,132,134365,California
San Luis Obispo,2021-05-02,168,224308,52,112498,96,103748,20,8062,42,36947,126,97480,62,134427,California
San Luis Obispo,2021-05-03,881,225189,289,112787,493,104241,99,8161,225,36618,652,98132,323,134750,California
San Luis Obispo,2021-05-04,2920,228109,1886,114673,968,105209,66,8227,863,35495,2050,100182,927,135677,California
San Luis Obispo,2021-05-05,2798,230907,1853,116526,884,106093,61,8288,695,34160,2092,102274,757,136434,California
San Luis Obispo,2021-05-06,2754,233661,1868,118394,833,106926,53,8341,724,32921,2015,104289,776,137210,California
San Luis Obispo,2021-05-07,2287,235948,1733,120127,491,107417,63,8404,598,31919,1664,105953,662,137872,California
San Luis Obispo,2021-05-08,564,236512,339,120466,201,107618,24,8428,189,31775,357,106310,213,138085,California
San Luis Obispo,2021-05-09,151,236663,40,120506,94,107712,17,8445,40,31722,110,106420,57,138142,California
San Luis Obispo,2021-05-10,713,237376,147,120653,520,108232,46,8491,162,31385,545,106965,208,138350,California
San Luis Obispo,2021-05-11,377,237753,87,120740,287,108519,3,8494,115,31243,260,107225,118,138468,California
San Mateo,2020-12-15,26,26,26,26,0,0,0,0,26,26,0,0,26,26,California
San Mateo,2020-12-16,110,136,110,136,0,0,0,0,110,136,0,0,110,136,California
San Mateo,2020-12-17,164,300,164,300,0,0,0,0,164,300,0,0,164,300,California
San Mateo,2020-12-18,741,1041,739,1039,2,2,0,0,741,1041,0,0,741,1041,California
San Mateo,2020-12-19,514,1555,514,1553,0,2,0,0,514,1555,0,0,514,1555,California
San Mateo,2020-12-20,512,2067,510,2063,2,4,0,0,512,2067,0,0,512,2067,California
San Mateo,2020-12-21,1156,3223,1156,3219,0,4,0,0,1156,3223,0,0,1156,3223,California
San Mateo,2020-12-22,1523,4746,1516,4735,7,11,0,0,1523,4746,0,0,1523,4746,California
San Mateo,2020-12-23,1575,6321,1386,6121,189,200,0,0,1575,6321,0,0,1575,6321,California
San Mateo,2020-12-24,868,7189,611,6732,257,457,0,0,868,7189,0,0,868,7189,California
San Mateo,2020-12-25,115,7304,111,6843,4,461,0,0,115,7304,0,0,115,7304,California
San Mateo,2020-12-26,561,7865,418,7261,143,604,0,0,561,7865,0,0,561,7865,California
San Mateo,2020-12-27,307,8172,176,7437,131,735,0,0,307,8172,0,0,307,8172,California
San Mateo,2020-12-28,1052,9224,705,8142,347,1082,0,0,1052,9224,0,0,1052,9224,California
San Mateo,2020-12-29,1130,10354,706,8848,424,1506,0,0,1130,10354,0,0,1130,10354,California
San Mateo,2020-12-30,1264,11618,760,9608,504,2010,0,0,1264,11618,0,0,1264,11618,California
San Mateo,2020-12-31,716,12334,231,9839,485,2495,0,0,715,12332,1,1,715,12333,California
San Mateo,2021-01-01,63,12397,44,9883,19,2514,0,0,63,12395,0,1,63,12396,California
San Mateo,2021-01-02,400,12797,270,10153,130,2644,0,0,400,12795,0,1,400,12796,California
San Mateo,2021-01-03,283,13080,208,10361,75,2719,0,0,280,13072,3,4,280,13076,California
San Mateo,2021-01-04,1053,14133,680,11041,373,3092,0,0,1053,14125,0,4,1053,14129,California
San Mateo,2021-01-05,1201,15334,705,11746,496,3588,0,0,1172,15269,29,33,1173,15302,California
San Mateo,2021-01-06,1448,16782,950,12696,498,4086,0,0,1267,16358,179,212,1268,16570,California
San Mateo,2021-01-07,1457,18239,811,13507,646,4732,0,0,1167,17243,283,495,1168,17738,California
San Mateo,2021-01-08,1840,20079,1191,14698,649,5381,0,0,1141,17693,692,1187,1142,18880,California
San Mateo,2021-01-09,1181,21260,777,15475,404,5785,0,0,722,17956,459,1646,722,19602,California
San Mateo,2021-01-10,704,21964,575,16050,129,5914,0,0,266,17784,438,2084,266,19868,California
San Mateo,2021-01-11,2593,24557,1485,17535,1108,7022,0,0,1526,18244,1068,3152,1528,21396,California
San Mateo,2021-01-12,3285,27842,1777,19312,1508,8530,0,0,2100,19164,1183,4335,2103,23499,California
San Mateo,2021-01-13,3484,31326,1755,21067,1729,10259,0,0,2448,20579,1036,5371,2451,25950,California
San Mateo,2021-01-14,3777,35103,1584,22651,2193,12452,0,0,3091,22989,686,6057,3096,29046,California
San Mateo,2021-01-15,4328,39431,1709,24360,2619,15071,0,0,3799,26263,527,6584,3801,32847,California
San Mateo,2021-01-16,3086,42517,776,25136,2310,17381,0,0,2765,28707,321,6905,2765,35612,California
San Mateo,2021-01-17,1312,43829,310,25446,1002,18383,0,0,1102,29599,210,7115,1102,36714,California
San Mateo,2021-01-18,1364,45193,533,25979,831,19214,0,0,990,30222,371,7486,994,37708,California
San Mateo,2021-01-19,2798,47991,1786,27765,1012,20226,0,0,2004,31435,791,8277,2004,39712,California
San Mateo,2021-01-20,2798,50789,1543,29308,1255,21481,0,0,1953,32547,842,9119,1954,41666,California
San Mateo,2021-01-21,2846,53635,1297,30605,1549,23030,0,0,2253,34212,591,9710,2256,43922,California
San Mateo,2021-01-22,2798,56433,1137,31742,1661,24691,0,0,2499,36415,297,10007,2500,46422,California
San Mateo,2021-01-23,2885,59318,1690,33432,1195,25886,0,0,2521,38573,364,10371,2522,48944,California
San Mateo,2021-01-24,1521,60839,375,33807,1146,27032,0,0,1209,39472,311,10682,1210,50154,California
San Mateo,2021-01-25,4434,65273,3149,36956,1285,28317,0,0,3538,42119,894,11576,3541,53695,California
San Mateo,2021-01-26,4294,69567,2979,39935,1315,29632,0,0,3391,44608,902,12478,3391,57086,California
San Mateo,2021-01-27,2791,72358,1473,41408,1318,30950,0,0,1794,45413,990,13468,1795,58881,California
San Mateo,2021-01-28,2805,75163,1357,42765,1448,32398,0,0,1954,46531,836,14304,1954,60835,California
San Mateo,2021-01-29,2985,78148,1340,44105,1645,34043,0,0,2152,47856,830,15134,2155,62990,California
San Mateo,2021-01-30,3373,81521,1476,45581,1897,35940,0,0,2915,50315,457,15591,2916,65906,California
San Mateo,2021-01-31,1681,83202,897,46478,784,36724,0,0,1518,51672,161,15752,1518,67424,California
San Mateo,2021-02-01,2927,86129,1345,47823,1582,38306,0,0,2219,53188,704,16456,2220,69644,California
San Mateo,2021-02-02,3178,89307,1731,49554,1447,39753,0,0,2158,54329,1017,17473,2158,71802,California
San Mateo,2021-02-03,4884,94191,1951,51505,2933,42686,0,0,3830,57109,1051,18524,3831,75633,California
San Mateo,2021-02-04,6297,100488,2592,54097,3705,46391,0,0,4938,60697,1353,19877,4941,80574,California
San Mateo,2021-02-05,6800,107288,2551,56648,4249,50640,0,0,4976,63866,1807,21684,4976,85550,California
San Mateo,2021-02-06,3282,110570,1916,58564,1366,52006,0,0,2617,65821,664,22348,2619,88169,California
San Mateo,2021-02-07,1896,112466,1342,59906,554,52560,0,0,1709,67343,187,22535,1709,89878,California
San Mateo,2021-02-08,5280,117746,2248,62154,3032,55592,0,0,3107,68342,2108,24643,3107,92985,California
San Mateo,2021-02-09,6190,123936,3225,65379,2965,58557,0,0,3343,68843,2842,27485,3343,96328,California
San Mateo,2021-02-10,6501,130437,3273,68652,3228,61785,0,0,3428,69207,3064,30549,3428,99756,California
San Mateo,2021-02-11,7057,137494,3582,72234,3475,65260,0,0,3802,69767,3245,33794,3805,103561,California
San Mateo,2021-02-12,6620,144114,2951,75185,3669,68929,0,0,4698,72547,1920,35714,4700,108261,California
San Mateo,2021-02-13,6096,150210,3995,79180,2101,71030,0,0,2642,71739,3450,39164,2642,110903,California
San Mateo,2021-02-14,4633,154843,3018,82198,1615,72645,0,0,1985,71081,2644,41808,1986,112889,California
San Mateo,2021-02-15,3166,158009,1459,83657,1707,74352,0,0,1784,71488,1378,43186,1785,114674,California
San Mateo,2021-02-16,7152,165161,1876,85533,5276,79628,0,0,5284,74907,1867,45053,5286,119960,California
San Mateo,2021-02-17,7057,172218,1938,87471,5119,84747,0,0,5061,77979,1991,47044,5063,125023,California
San Mateo,2021-02-18,6699,178917,4627,92098,2072,86819,0,0,4450,80188,2244,49288,4453,129476,California
San Mateo,2021-02-19,7811,186728,5612,97710,2199,89018,0,0,5816,84015,1989,51277,5816,135292,California
San Mateo,2021-02-20,3734,190462,2419,100129,1315,90333,0,0,2308,84904,1419,52696,2308,137600,California
San Mateo,2021-02-21,2310,192772,1466,101595,844,91177,0,0,1263,85126,1041,53737,1263,138863,California
San Mateo,2021-02-22,4420,197192,3197,104792,1223,92400,0,0,2780,86273,1634,55371,2781,141644,California
San Mateo,2021-02-23,4292,201484,3047,107839,1245,93645,0,0,2484,86956,1801,57172,2484,144128,California
San Mateo,2021-02-24,7272,208756,3254,111093,4018,97663,0,0,4848,89386,2419,59591,4849,148977,California
San Mateo,2021-02-25,9090,217846,4013,115106,5077,102740,0,0,6016,92343,3059,62650,6016,154993,California
San Mateo,2021-02-26,9774,227620,3718,118824,6056,108796,0,0,6848,96283,2912,65562,6852,161845,California
San Mateo,2021-02-27,6681,234301,3413,122237,3267,112063,1,1,3633,96880,3042,68604,3639,165484,California
San Mateo,2021-02-28,4123,238424,2505,124742,1618,113681,0,1,2553,97870,1564,70168,2554,168038,California
San Mateo,2021-03-01,5655,244079,3537,128279,2117,115798,1,2,2798,97824,2845,73013,2799,170837,California
San Mateo,2021-03-02,5802,249881,3990,132269,1811,117609,1,3,3340,98712,2454,75467,3342,174179,California
San Mateo,2021-03-03,8352,258233,3902,136171,4448,122057,2,5,3606,97587,4734,80201,3609,177788,California
San Mateo,2021-03-04,8422,266655,3939,140110,4480,126537,3,8,3802,96793,4601,84802,3807,181595,California
San Mateo,2021-03-05,9100,275755,5990,146100,3106,129643,4,12,6418,100558,2661,87463,6426,188021,California
San Mateo,2021-03-06,7856,283611,5442,151542,2238,131881,176,188,5744,104373,2103,89566,5918,193939,California
San Mateo,2021-03-07,3472,287083,2316,153858,1089,132970,67,255,2007,104986,1461,91027,2074,196013,California
San Mateo,2021-03-08,4448,291531,2481,156339,1749,134719,218,473,3224,107213,1216,92243,3443,199456,California
San Mateo,2021-03-09,4562,296093,2130,158469,2159,136878,273,746,3013,108955,1542,93785,3284,202740,California
San Mateo,2021-03-10,6920,303013,2644,161113,3990,140868,286,1032,4565,111464,2341,96126,4850,207590,California
San Mateo,2021-03-11,9139,312152,5739,166852,3008,143876,392,1424,3721,110188,5388,101514,4112,211702,California
San Mateo,2021-03-12,10508,322660,6609,173461,3518,147394,381,1805,3504,107087,6987,108501,3886,215588,California
San Mateo,2021-03-13,8106,330766,3422,176883,3057,150451,1627,3432,3914,108440,4180,112681,5533,221121,California
San Mateo,2021-03-14,4936,335702,3305,180188,1524,151975,107,3539,2900,109418,2029,114710,3007,224128,California
San Mateo,2021-03-15,7128,342830,4581,184769,2371,154346,176,3715,3770,110013,3352,118062,3947,228075,California
San Mateo,2021-03-16,11911,354741,4360,189129,7428,161774,123,3838,4859,107961,7036,125098,4984,233059,California
San Mateo,2021-03-17,10798,365539,4366,193495,6307,168081,125,3963,4897,107111,5876,130974,5026,238085,California
San Mateo,2021-03-18,7243,372782,4041,197536,3019,171100,183,4146,4316,108687,2921,133895,4497,242582,California
San Mateo,2021-03-19,7362,380144,4721,202257,1974,173074,667,4813,3610,109222,3742,137637,4277,246859,California
San Mateo,2021-03-20,8290,388434,6434,208691,1520,174594,336,5149,5415,112113,2860,140497,5751,252610,California
San Mateo,2021-03-21,4155,392589,3125,211816,799,175393,231,5380,2346,112889,1798,142295,2574,255184,California
San Mateo,2021-03-22,5225,397814,3547,215363,1259,176652,419,5799,2862,113822,2349,144644,3282,258466,California
San Mateo,2021-03-23,9782,407596,4449,219812,5137,181789,196,5995,4662,113588,5091,149735,4857,263323,California
San Mateo,2021-03-24,9443,417039,5445,225257,3858,185647,140,6135,4107,112563,5269,155004,4244,267567,California
San Mateo,2021-03-25,10021,427060,4883,230140,4870,190517,268,6403,4431,111776,5489,160493,4702,272269,California
San Mateo,2021-03-26,11149,438209,7665,237805,3319,193836,165,6568,4453,109736,6659,167152,4619,276888,California
San Mateo,2021-03-27,10435,448644,7968,245773,2362,196198,105,6673,4697,108815,5720,172872,4799,281687,California
San Mateo,2021-03-28,4214,452858,2699,248472,1404,197602,111,6784,2105,108932,2100,174972,2217,283904,California
San Mateo,2021-03-29,6019,458877,3746,252218,2020,199622,253,7037,2851,108887,3149,178121,3104,287008,California
San Mateo,2021-03-30,7079,465956,4015,256233,2909,202531,155,7192,4459,110896,2605,180726,4614,291622,California
San Mateo,2021-03-31,7204,473160,4550,260783,2516,205047,138,7330,4058,111962,3130,183856,4196,295818,California
San Mateo,2021-04-01,10416,483576,5113,265896,4122,209169,1181,8511,5594,113950,4783,188639,6771,302589,California
San Mateo,2021-04-02,10656,494232,5076,270972,4018,213187,1562,10073,5601,116073,5038,193677,7161,309750,California
San Mateo,2021-04-03,9678,503910,5485,276457,2458,215645,1735,11808,4894,117924,4780,198457,6631,316381,California
San Mateo,2021-04-04,5401,509311,2602,279059,1551,217196,1248,13056,1717,117215,3672,202129,2963,319344,California
San Mateo,2021-04-05,8966,518277,4773,283832,2458,219654,1735,14791,3865,117727,5086,207215,5598,324942,California
San Mateo,2021-04-06,13112,531389,8204,292036,3058,222712,1850,16641,7495,121474,5604,212819,9351,334293,California
San Mateo,2021-04-07,11337,542726,5246,297282,4417,227129,1674,18315,4820,121467,6495,219314,6488,340781,California
San Mateo,2021-04-08,10077,552803,5031,302313,2461,229590,2585,20900,4478,122937,5584,224898,7054,347835,California
San Mateo,2021-04-09,11255,564058,5470,307783,3308,232898,2477,23377,5086,124325,6167,231065,7555,355390,California
San Mateo,2021-04-10,11136,575194,5668,313451,4051,236949,1417,24794,4627,123877,6489,237554,6041,361431,California
San Mateo,2021-04-11,6615,581809,3284,316735,882,237831,2449,27243,2343,124397,4266,241820,4786,366217,California
San Mateo,2021-04-12,7306,589115,4471,321206,1878,239709,957,28200,3555,125174,3735,245555,4512,370729,California
San Mateo,2021-04-13,8152,597267,5095,326301,3048,242757,9,28209,4330,125699,3816,249371,4341,375070,California
San Mateo,2021-04-14,8346,605613,5429,331730,2916,245673,1,28210,4318,126007,4017,253388,4325,379395,California
San Mateo,2021-04-15,11073,616686,7370,339100,3701,249374,2,28212,7269,129499,3781,257169,7273,386668,California
San Mateo,2021-04-16,9936,626622,6861,345961,3059,252433,16,28228,6323,132247,3596,260765,6344,393012,California
San Mateo,2021-04-17,9632,636254,6425,352386,3204,255637,3,28231,6110,134852,3513,264278,6118,399130,California
San Mateo,2021-04-18,5399,641653,2592,354978,2807,258444,0,28231,3653,136776,1736,266014,3660,402790,California
San Mateo,2021-04-19,8314,649967,5407,360385,2907,261351,0,28231,5390,139259,2915,268929,5398,408188,California
San Mateo,2021-04-20,10191,660158,5656,366041,4535,265886,0,28231,6544,142181,3632,272561,6554,414742,California
San Mateo,2021-04-21,8980,669138,6087,372128,2893,268779,0,28231,5568,144357,3399,275960,5575,420317,California
San Mateo,2021-04-22,9511,678649,6356,378484,3154,271933,1,28232,5303,145489,4177,280137,5309,425626,California
San Mateo,2021-04-23,9445,688094,6215,384699,3230,275163,0,28232,5315,146714,4105,284242,5330,430956,California
San Mateo,2021-04-24,11201,699295,8008,392707,3193,278356,0,28232,6041,147623,5140,289382,6049,437005,California
San Mateo,2021-04-25,5490,704785,3856,396563,1633,279989,1,28233,3903,149962,1574,290956,3913,440918,California
San Mateo,2021-04-26,5998,710783,4386,400949,1605,281594,7,28240,3485,150960,2506,293462,3504,444422,California
San Mateo,2021-04-27,10642,721425,7536,408485,3002,284596,104,28344,4256,148964,6360,299822,4364,448786,California
San Mateo,2021-04-28,7657,729082,4426,412911,3027,287623,204,28548,4011,149545,3638,303460,4219,453005,California
San Mateo,2021-04-29,7905,736987,3705,416616,4025,291648,175,28723,3503,148857,4377,307837,3689,456694,California
San Mateo,2021-04-30,8045,745032,5071,421687,2819,294467,155,28878,3412,147825,4612,312449,3580,460274,California
San Mateo,2021-05-01,6104,751136,4084,425771,1901,296368,119,28997,2646,147158,3443,315892,2776,463050,California
San Mateo,2021-05-02,3166,754302,1741,427512,1354,297722,71,29068,1143,146361,2015,317907,1218,464268,California
San Mateo,2021-05-03,6032,760334,4514,432026,1375,299097,143,29211,1892,144266,4130,322037,2035,466303,California
San Mateo,2021-05-04,7184,767518,4867,436893,2147,301244,170,29381,2419,142117,4749,326786,2600,468903,California
San Mateo,2021-05-05,6836,774354,4506,441399,2172,303416,158,29539,2425,140318,4385,331171,2586,471489,California
San Mateo,2021-05-06,8473,782827,6592,447991,1700,305116,181,29720,1710,135474,6741,337912,1897,473386,California
San Mateo,2021-05-07,8093,790920,5810,453801,2010,307126,273,29993,1804,131297,6266,344178,2089,475475,California
San Mateo,2021-05-08,6477,797397,3891,457692,2353,309479,233,30226,1812,128689,4657,348835,2049,477524,California
San Mateo,2021-05-09,3054,800451,2369,460061,610,310089,75,30301,1032,127781,2016,350851,1108,478632,California
San Mateo,2021-05-10,3797,804248,2570,462631,1067,311156,160,30461,726,125606,3065,353916,890,479522,California
San Mateo,2021-05-11,3730,807978,2749,465380,960,312116,21,30482,879,123669,2840,356756,903,480425,California
Santa Barbara,2020-12-15,2,2,2,2,0,0,0,0,2,2,0,0,2,2,California
Santa Barbara,2020-12-16,2,4,2,4,0,0,0,0,2,4,0,0,2,4,California
Santa Barbara,2020-12-17,54,58,54,58,0,0,0,0,54,58,0,0,54,58,California
Santa Barbara,2020-12-18,378,436,377,435,1,1,0,0,378,436,0,0,378,436,California
Santa Barbara,2020-12-19,325,761,325,760,0,1,0,0,325,761,0,0,325,761,California
Santa Barbara,2020-12-20,235,996,235,995,0,1,0,0,235,996,0,0,235,996,California
Santa Barbara,2020-12-21,652,1648,650,1645,2,3,0,0,652,1648,0,0,652,1648,California
Santa Barbara,2020-12-22,244,1892,242,1887,2,5,0,0,244,1892,0,0,244,1892,California
Santa Barbara,2020-12-23,320,2212,202,2089,118,123,0,0,320,2212,0,0,320,2212,California
Santa Barbara,2020-12-24,88,2300,40,2129,48,171,0,0,88,2300,0,0,88,2300,California
Santa Barbara,2020-12-26,326,2626,66,2195,260,431,0,0,326,2626,0,0,326,2626,California
Santa Barbara,2020-12-27,62,2688,1,2196,61,492,0,0,62,2688,0,0,62,2688,California
Santa Barbara,2020-12-28,356,3044,223,2419,133,625,0,0,356,3044,0,0,356,3044,California
Santa Barbara,2020-12-29,555,3599,361,2780,194,819,0,0,555,3599,0,0,555,3599,California
Santa Barbara,2020-12-30,585,4184,403,3183,182,1001,0,0,585,4184,0,0,585,4184,California
Santa Barbara,2020-12-31,240,4424,114,3297,126,1127,0,0,240,4424,0,0,240,4424,California
Santa Barbara,2021-01-01,112,4536,108,3405,4,1131,0,0,112,4536,0,0,112,4536,California
Santa Barbara,2021-01-02,589,5125,224,3629,365,1496,0,0,589,5125,0,0,589,5125,California
Santa Barbara,2021-01-03,23,5148,15,3644,8,1504,0,0,23,5148,0,0,23,5148,California
Santa Barbara,2021-01-04,309,5457,246,3890,63,1567,0,0,308,5456,0,0,308,5456,California
Santa Barbara,2021-01-05,753,6210,380,4270,373,1940,0,0,726,6155,27,27,726,6182,California
Santa Barbara,2021-01-06,656,6866,276,4546,380,2320,0,0,597,6694,58,85,597,6779,California
Santa Barbara,2021-01-07,1033,7899,711,5257,322,2642,0,0,527,6719,502,587,527,7306,California
Santa Barbara,2021-01-08,1203,9102,843,6100,360,3002,0,0,710,6936,493,1080,710,8016,California
Santa Barbara,2021-01-09,566,9668,293,6393,273,3275,0,0,320,7010,246,1326,320,8336,California
Santa Barbara,2021-01-10,62,9730,50,6443,12,3287,0,0,46,7040,16,1342,46,8382,California
Santa Barbara,2021-01-11,839,10569,670,7113,169,3456,0,0,616,7434,222,1564,616,8998,California
Santa Barbara,2021-01-12,1427,11996,635,7748,792,4248,0,0,1270,8547,157,1721,1270,10268,California
Santa Barbara,2021-01-13,1227,13223,280,8028,947,5195,0,0,1102,9523,126,1847,1102,11370,California
Santa Barbara,2021-01-14,1248,14471,132,8160,1116,6311,0,0,1194,10665,53,1900,1195,12565,California
Santa Barbara,2021-01-15,1802,16273,420,8580,1382,7693,0,0,1722,12308,79,1979,1722,14287,California
Santa Barbara,2021-01-16,1272,17545,202,8782,1070,8763,0,0,1233,13503,38,2017,1233,15520,California
Santa Barbara,2021-01-17,123,17668,20,8802,103,8866,0,0,120,13620,3,2020,120,15640,California
Santa Barbara,2021-01-18,1151,18819,417,9219,734,9600,0,0,966,14401,185,2205,966,16606,California
Santa Barbara,2021-01-19,1638,20457,570,9789,1068,10668,0,0,1359,15482,278,2483,1359,17965,California
Santa Barbara,2021-01-20,2095,22552,544,10333,1551,12219,0,0,1737,16862,357,2840,1737,19702,California
Santa Barbara,2021-01-21,3089,25641,1818,12151,1271,13490,0,0,2930,19634,159,2999,2931,22633,California
Santa Barbara,2021-01-22,3017,28658,1864,14015,1153,14643,0,0,2853,22327,161,3160,2854,25487,California
Santa Barbara,2021-01-23,1734,30392,1106,15121,628,15271,0,0,1222,23038,511,3671,1222,26709,California
Santa Barbara,2021-01-24,844,31236,752,15873,92,15363,0,0,835,23864,9,3680,835,27544,California
Santa Barbara,2021-01-25,1244,32480,501,16374,743,16106,0,0,1004,24628,240,3920,1004,28548,California
Santa Barbara,2021-01-26,2051,34531,468,16842,1583,17689,0,0,1664,25907,385,4305,1664,30212,California
Santa Barbara,2021-01-27,1163,35694,400,17242,763,18452,0,0,902,26550,260,4565,903,31115,California
Santa Barbara,2021-01-28,896,36590,298,17540,598,19050,0,0,681,27019,212,4777,681,31796,California
Santa Barbara,2021-01-29,1333,37923,538,18078,795,19845,0,0,978,27647,352,5129,980,32776,California
Santa Barbara,2021-01-30,1892,39815,1420,19498,472,20317,0,0,1488,28734,401,5530,1488,34264,California
Santa Barbara,2021-01-31,1455,41270,1217,20715,238,20555,0,0,1416,30111,39,5569,1416,35680,California
Santa Barbara,2021-02-01,942,42212,520,21235,422,20977,0,0,554,30277,388,5957,554,36234,California
Santa Barbara,2021-02-02,1828,44040,700,21935,1128,22105,0,0,1053,30557,773,6730,1053,37287,California
Santa Barbara,2021-02-03,1942,45982,1078,23013,864,22969,0,0,1500,31625,432,7162,1500,38787,California
Santa Barbara,2021-02-04,2775,48757,1862,24875,913,23882,0,0,2481,33817,289,7451,2481,41268,California
Santa Barbara,2021-02-05,2906,51663,2061,26936,845,24727,0,0,2262,35437,642,8093,2262,43530,California
Santa Barbara,2021-02-06,1204,52867,338,27274,866,25593,0,0,794,35821,410,8503,794,44324,California
Santa Barbara,2021-02-07,301,53168,263,27537,38,25631,0,0,266,36053,34,8537,266,44590,California
Santa Barbara,2021-02-08,956,54124,311,27848,645,26276,0,0,668,36433,288,8825,668,45258,California
Santa Barbara,2021-02-09,2438,56562,313,28161,2125,28401,0,0,1121,36247,1307,10132,1121,46379,California
Santa Barbara,2021-02-10,2764,59326,1498,29659,1266,29667,0,0,780,35052,1975,12107,780,47159,California
Santa Barbara,2021-02-11,4184,63510,2806,32465,1378,31045,0,0,625,32127,3550,15657,625,47784,California
Santa Barbara,2021-02-12,3309,66819,949,33414,2360,33405,0,0,774,30372,2529,18186,774,48558,California
Santa Barbara,2021-02-13,1235,68054,341,33755,894,34299,0,0,561,30263,670,18856,561,49119,California
Santa Barbara,2021-02-14,331,68385,34,33789,297,34596,0,0,285,30502,46,18902,285,49404,California
Santa Barbara,2021-02-15,968,69353,338,34127,630,35226,0,0,493,30526,470,19372,494,49898,California
Santa Barbara,2021-02-16,2108,71461,397,34524,1711,36937,0,0,716,29854,1388,20760,716,50614,California
Santa Barbara,2021-02-17,1436,72897,321,34845,1115,38052,0,0,522,29464,912,21672,522,51136,California
Santa Barbara,2021-02-18,3254,76151,2647,37492,607,38659,0,0,1519,29283,1700,23372,1519,52655,California
Santa Barbara,2021-02-19,3594,79745,2641,40133,953,39612,0,0,2328,30348,1263,24635,2328,54983,California
Santa Barbara,2021-02-20,2221,81966,1435,41568,786,40398,0,0,1666,31468,546,25181,1666,56649,California
Santa Barbara,2021-02-21,127,82093,98,41666,29,40427,0,0,58,31457,69,25250,58,56707,California
Santa Barbara,2021-02-22,939,83032,247,41913,692,41119,0,0,261,31047,671,25921,261,56968,California
Santa Barbara,2021-02-23,3188,86220,1045,42958,2143,43262,0,0,421,28705,2763,28684,421,57389,California
Santa Barbara,2021-02-24,3199,89419,1088,44046,2111,45373,0,0,720,26957,2468,31152,720,58109,California
Santa Barbara,2021-02-25,3451,92870,1918,45964,1533,46906,0,0,985,25484,2459,33611,986,59095,California
Santa Barbara,2021-02-26,3665,96535,2175,48139,1490,48396,0,0,1979,25784,1679,35290,1979,61074,California
Santa Barbara,2021-02-27,1528,98063,563,48702,965,49361,0,0,847,25958,675,35965,849,61923,California
Santa Barbara,2021-02-28,1085,99148,221,48923,864,50225,0,0,893,26665,187,36152,894,62817,California
Santa Barbara,2021-03-01,1633,100781,465,49388,1168,51393,0,0,1085,27215,536,36688,1086,63903,California
Santa Barbara,2021-03-02,2618,103399,414,49802,2204,53597,0,0,2117,28845,488,37176,2118,66021,California
Santa Barbara,2021-03-03,4627,108026,2099,51901,2526,56123,2,2,4032,32297,585,37761,4037,70058,California
Santa Barbara,2021-03-04,3415,111441,2281,54182,1134,57257,0,2,2860,34610,547,38308,2860,72918,California
Santa Barbara,2021-03-05,3809,115250,2160,56342,1590,58847,59,61,3084,37034,719,39027,3143,76061,California
Santa Barbara,2021-03-06,2432,117682,724,57066,1488,60335,220,281,1666,38157,762,39789,1885,77946,California
Santa Barbara,2021-03-07,561,118243,122,57188,309,60644,130,411,382,38492,178,39967,513,78459,California
Santa Barbara,2021-03-08,1575,119818,378,57566,855,61499,342,753,793,38851,776,40743,1135,79594,California
Santa Barbara,2021-03-09,2773,122591,323,57889,1675,63174,775,1528,717,38286,2053,42796,1488,81082,California
Santa Barbara,2021-03-10,2750,125341,544,58433,1159,64333,1047,2575,1034,38656,1710,44506,2080,83162,California
Santa Barbara,2021-03-11,5575,130916,3029,61462,1431,65764,1115,3690,2280,38764,3282,47788,3390,86552,California
Santa Barbara,2021-03-12,3664,134580,2092,63554,1143,66907,429,4119,2173,39880,1483,49271,2599,89151,California
Santa Barbara,2021-03-13,3472,138052,1923,65477,1340,68247,209,4328,2693,42006,777,50048,2903,92054,California
Santa Barbara,2021-03-14,783,138835,371,65848,355,68602,57,4385,465,42210,318,50366,522,92576,California
Santa Barbara,2021-03-15,2106,140941,693,66541,1122,69724,291,4676,1267,42932,834,51200,1556,94132,California
Santa Barbara,2021-03-16,3723,144664,1170,67711,2211,71935,342,5018,2738,45030,982,52182,3080,97212,California
Santa Barbara,2021-03-17,3297,147961,972,68683,1920,73855,405,5423,2309,46754,986,53168,2710,99922,California
Santa Barbara,2021-03-18,5221,153182,2799,71482,2221,76076,201,5624,3998,49744,1209,54377,4199,104121,California
Santa Barbara,2021-03-19,4439,157621,2765,74247,1342,77418,332,5956,3050,51740,1385,55762,3381,107502,California
Santa Barbara,2021-03-20,2163,159784,827,75074,1325,78743,11,5967,1329,52247,832,56594,1339,108841,California
Santa Barbara,2021-03-21,1163,160947,382,75456,752,79495,29,5996,838,52791,323,56917,867,109708,California
Santa Barbara,2021-03-22,2776,163723,1912,77368,820,80315,44,6040,2223,54512,546,57463,2267,111975,California
Santa Barbara,2021-03-23,4477,168200,2251,79619,2126,82441,100,6140,3712,57569,755,58218,3812,115787,California
Santa Barbara,2021-03-24,5403,173603,3155,82774,1510,83951,738,6878,2969,58861,2414,60632,3706,119493,California
Santa Barbara,2021-03-25,5553,179156,3278,86052,2088,86039,187,7065,2780,59071,2757,63389,2967,122460,California
Santa Barbara,2021-03-26,5081,184237,3220,89272,1562,87601,299,7364,2239,58783,2826,66215,2538,124998,California
Santa Barbara,2021-03-27,2924,187161,1220,90492,1661,89262,43,7407,1594,59093,1325,67540,1635,126633,California
Santa Barbara,2021-03-28,2771,189932,1647,92139,1096,90358,28,7435,1887,60130,879,68419,1916,128549,California
Santa Barbara,2021-03-29,4043,193975,2086,94225,1886,92244,71,7506,3233,62628,806,69225,3304,131853,California
Santa Barbara,2021-03-30,6795,200770,3511,97736,3134,95378,150,7656,4567,65130,2213,71438,4715,136568,California
Santa Barbara,2021-03-31,8638,209408,5511,103247,3060,98438,67,7723,5049,66674,3572,75010,5116,141684,California
Santa Barbara,2021-04-01,6997,216405,5174,108421,1564,100002,259,7982,4149,68248,2832,77842,4406,146090,California
Santa Barbara,2021-04-02,6588,222993,4515,112936,1480,101482,593,8575,3377,69013,3204,81046,3969,150059,California
Santa Barbara,2021-04-03,3779,226772,2098,115034,1613,103095,68,8643,2493,70291,1282,82328,2560,152619,California
Santa Barbara,2021-04-04,897,227669,444,115478,413,103508,40,8683,499,70434,396,82724,539,153158,California
Santa Barbara,2021-04-05,3448,231117,2277,117755,914,104422,257,8940,2160,71569,1282,84006,2417,155575,California
Santa Barbara,2021-04-06,5444,236561,2806,120561,2103,106525,535,9475,3329,73329,2101,86107,3861,159436,California
Santa Barbara,2021-04-07,5982,242543,3282,123843,2160,108685,540,10015,4076,76048,1896,88003,4615,164051,California
Santa Barbara,2021-04-08,7363,249906,5012,128855,640,109325,1711,11726,3395,77185,3966,91969,5103,169154,California
Santa Barbara,2021-04-09,7247,257153,4825,133680,1077,110402,1345,13071,3259,77804,3980,95949,4599,173753,California
Santa Barbara,2021-04-10,6632,263785,4591,138271,1424,111826,617,13688,4507,80807,2120,98069,5123,178876,California
Santa Barbara,2021-04-11,2645,266430,1931,140202,415,112241,299,13987,1824,82110,815,98884,2118,180994,California
Santa Barbara,2021-04-12,4378,270808,2799,143001,1026,113267,553,14540,1874,82038,2497,101381,2425,183419,California
Santa Barbara,2021-04-13,6305,277113,4145,147146,2154,115421,6,14546,2620,80982,3681,105062,2625,186044,California
Santa Barbara,2021-04-14,6671,283784,4342,151488,2327,117748,2,14548,4153,82628,2508,107570,4154,190198,California
Santa Barbara,2021-04-15,6941,290725,4093,155581,2847,120595,1,14549,3768,83235,3163,110733,3770,193968,California
Santa Barbara,2021-04-16,6373,297098,3746,159327,2616,123211,11,14560,4391,85668,1968,112701,4401,198369,California
Santa Barbara,2021-04-17,5310,302408,3867,163194,1443,124654,0,14560,4103,88572,1199,113900,4103,202472,California
Santa Barbara,2021-04-18,2125,304533,1475,164669,650,125304,0,14560,370,87192,1751,115651,371,202843,California
Santa Barbara,2021-04-19,3199,307732,2217,166886,977,126281,5,14565,1001,86005,2194,117845,1007,203850,California
Santa Barbara,2021-04-20,5868,313600,3946,170832,1921,128202,1,14566,1658,83465,4198,122043,1658,205508,California
Santa Barbara,2021-04-21,5473,319073,3636,174468,1837,130039,0,14566,1742,81488,3719,125762,1742,207250,California
Santa Barbara,2021-04-22,5075,324148,2549,177017,2525,132564,1,14567,1450,79331,3610,129372,1453,208703,California
Santa Barbara,2021-04-23,5529,329677,3875,180892,1654,134218,0,14567,1955,77722,3564,132936,1955,210658,California
Santa Barbara,2021-04-24,4421,334098,2877,183769,1539,135757,5,14572,1664,76642,2749,135685,1669,212327,California
Santa Barbara,2021-04-25,1830,335928,1184,184953,646,136403,0,14572,501,75821,1322,137007,501,212828,California
Santa Barbara,2021-04-26,2855,338783,1775,186728,1060,137463,20,14592,431,73854,2418,139425,451,213279,California
Santa Barbara,2021-04-27,3595,342378,1981,188709,1527,138990,87,14679,1081,72515,2506,141931,1167,214446,California
Santa Barbara,2021-04-28,4886,347264,2864,191573,1906,140896,116,14795,1400,70558,3475,145406,1518,215964,California
Santa Barbara,2021-04-29,5249,352513,3802,195375,1220,142116,227,15022,1445,68440,3788,149194,1670,217634,California
Santa Barbara,2021-04-30,4945,357458,3694,199069,1087,143203,164,15186,1423,66517,3509,152703,1586,219220,California
Santa Barbara,2021-05-01,5239,362697,4062,203131,1145,144348,32,15218,908,63135,4324,157027,942,220162,California
Santa Barbara,2021-05-02,1134,363831,666,203797,339,144687,129,15347,310,62751,823,157850,439,220601,California
Santa Barbara,2021-05-03,2074,365905,1352,205149,581,145268,141,15488,447,61717,1622,159472,588,221189,California
Santa Barbara,2021-05-04,3300,369205,1677,206826,1556,146824,67,15555,1152,60800,2135,161607,1218,222407,California
Santa Barbara,2021-05-05,5416,374621,3669,210495,1604,148428,143,15698,629,56798,4775,166382,773,223180,California
Santa Barbara,2021-05-06,5035,379656,3894,214389,1035,149463,106,15804,968,53820,4052,170434,1074,224254,California
Santa Barbara,2021-05-07,4552,384208,3635,218024,743,150206,174,15978,991,51426,3557,173991,1163,225417,California
Santa Barbara,2021-05-08,4171,388379,3157,221181,919,151125,95,16073,825,49015,3331,177322,920,226337,California
Santa Barbara,2021-05-09,707,389086,119,221300,547,151672,41,16114,473,49296,233,177555,514,226851,California
Santa Barbara,2021-05-10,1250,390336,602,221902,565,152237,83,16197,330,48792,917,178472,413,227264,California
Santa Barbara,2021-05-11,758,391094,335,222237,187,152424,236,16433,89,48450,665,179137,323,227587,California
Santa Clara,2020-12-15,65,65,65,65,0,0,0,0,65,65,0,0,65,65,California
Santa Clara,2020-12-16,136,201,136,201,0,0,0,0,136,201,0,0,136,201,California
Santa Clara,2020-12-17,392,593,392,593,0,0,0,0,392,593,0,0,392,593,California
Santa Clara,2020-12-18,1677,2270,1677,2270,0,0,0,0,1677,2270,0,0,1677,2270,California
Santa Clara,2020-12-19,2075,4345,2075,4345,0,0,0,0,2074,4344,0,0,2074,4344,California
Santa Clara,2020-12-20,1895,6240,1894,6239,1,1,0,0,1892,6236,0,0,1892,6236,California
Santa Clara,2020-12-21,2672,8912,2672,8911,0,1,0,0,2671,8907,0,0,2671,8907,California
Santa Clara,2020-12-22,3120,12032,3113,12024,7,8,0,0,3117,12024,0,0,3117,12024,California
Santa Clara,2020-12-23,3261,15293,3075,15099,186,194,0,0,3259,15283,0,0,3259,15283,California
Santa Clara,2020-12-24,1896,17189,1710,16809,186,380,0,0,1890,17172,1,1,1890,17173,California
Santa Clara,2020-12-25,343,17532,342,17151,1,381,0,0,343,17515,0,1,343,17516,California
Santa Clara,2020-12-26,1265,18797,1032,18183,233,614,0,0,1264,18779,0,1,1264,18780,California
Santa Clara,2020-12-27,648,19445,508,18691,140,754,0,0,648,19427,0,1,648,19428,California
Santa Clara,2020-12-28,2332,21777,1730,20421,602,1356,0,0,2332,21759,0,1,2332,21760,California
Santa Clara,2020-12-29,2328,24105,1468,21889,860,2216,0,0,2326,24085,0,1,2326,24086,California
Santa Clara,2020-12-30,2993,27098,1901,23790,1092,3308,0,0,2991,27074,2,3,2991,27077,California
Santa Clara,2020-12-31,1217,28315,393,24183,824,4132,0,0,1216,28289,1,4,1216,28293,California
Santa Clara,2021-01-01,143,28458,11,24194,132,4264,0,0,142,28430,1,5,142,28435,California
Santa Clara,2021-01-02,1087,29545,817,25011,270,4534,0,0,1087,29517,0,5,1087,29522,California
Santa Clara,2021-01-03,583,30128,368,25379,215,4749,0,0,578,30092,3,8,578,30100,California
Santa Clara,2021-01-04,2470,32598,1670,27049,800,5549,0,0,2467,32559,0,8,2467,32567,California
Santa Clara,2021-01-05,3065,35663,2009,29058,1056,6605,0,0,2877,35255,187,195,2883,35450,California
Santa Clara,2021-01-06,3326,38989,1961,31019,1365,7970,0,0,2751,37436,571,766,2752,38202,California
Santa Clara,2021-01-07,4215,43204,2557,33576,1658,9628,0,0,3147,39530,1058,1824,3152,41354,California
Santa Clara,2021-01-08,5845,49049,3820,37396,2025,11653,0,0,3791,41271,2050,3874,3791,45145,California
Santa Clara,2021-01-09,2973,52022,1865,39261,1108,12761,0,0,1689,41679,1284,5158,1692,46837,California
Santa Clara,2021-01-10,1955,53977,1510,40771,445,13206,0,0,745,41215,1209,6367,745,47582,California
Santa Clara,2021-01-11,5943,59920,3741,44512,2202,15408,0,0,3379,42036,2563,8930,3384,50966,California
Santa Clara,2021-01-12,6806,66726,3402,47914,3404,18812,0,0,4563,44358,2242,11172,4564,55530,California
Santa Clara,2021-01-13,7365,74091,3046,50960,4319,23131,0,0,5198,47392,2165,13337,5199,60729,California
Santa Clara,2021-01-14,8225,82316,2791,53751,5434,28565,0,0,6484,52144,1734,15071,6486,67215,California
Santa Clara,2021-01-15,9457,91773,2683,56434,6774,35339,0,0,8139,58973,1315,16386,8144,75359,California
Santa Clara,2021-01-16,4301,96074,1229,57663,3072,38411,0,0,3466,61608,831,17217,3466,78825,California
Santa Clara,2021-01-17,3217,99291,606,58269,2611,41022,0,0,2720,63831,497,17714,2720,81545,California
Santa Clara,2021-01-18,5090,104381,1152,59421,3938,44960,0,0,4537,67816,553,18267,4538,86083,California
Santa Clara,2021-01-19,8478,112859,2671,62092,5807,50767,0,0,6802,72948,1673,19940,6805,92888,California
Santa Clara,2021-01-20,8078,120937,4105,66197,3973,54740,0,0,6530,77935,1543,21483,6530,99418,California
Santa Clara,2021-01-21,8647,129584,3738,69935,4909,59649,0,0,7446,84184,1199,22682,7448,106866,California
Santa Clara,2021-01-22,8620,138204,3241,73176,5379,65028,0,0,8055,91678,564,23246,8058,114924,California
Santa Clara,2021-01-23,3782,141986,1690,74866,2092,67120,0,0,2822,93541,960,24206,2823,117747,California
Santa Clara,2021-01-24,2825,144811,1422,76288,1403,68523,0,0,2339,95397,483,24689,2339,120086,California
Santa Clara,2021-01-25,8372,153183,3783,80071,4589,73112,0,0,6307,99651,2057,26746,6311,126397,California
Santa Clara,2021-01-26,8237,161420,3767,83838,4470,77582,0,0,6120,103666,2107,28853,6122,132519,California
Santa Clara,2021-01-27,8715,170135,3831,87669,4884,82466,0,0,6792,108557,1902,30755,6793,139312,California
Santa Clara,2021-01-28,9460,179595,3794,91463,5666,88132,0,0,7502,114126,1937,32692,7506,146818,California
Santa Clara,2021-01-29,9506,189101,3942,95405,5564,93696,0,0,7338,119306,2159,34851,7339,154157,California
Santa Clara,2021-01-30,4185,193286,2076,97481,2109,95805,0,0,2979,121087,1199,36050,2980,157137,California
Santa Clara,2021-01-31,2174,195460,1305,98786,869,96674,0,0,1582,122080,589,36639,1582,158719,California
Santa Clara,2021-02-01,7828,203288,3484,102270,4344,101018,0,0,6141,126542,1680,38319,6142,164861,California
Santa Clara,2021-02-02,8524,211812,2874,105144,5650,106668,0,0,6526,131080,1991,40310,6529,171390,California
Santa Clara,2021-02-03,9196,221008,3481,108625,5715,112383,0,0,6917,135730,2273,42583,6923,178313,California
Santa Clara,2021-02-04,10910,231918,4118,112743,6792,119175,0,0,8626,142085,2274,44857,8629,186942,California
Santa Clara,2021-02-05,11914,243832,4348,117091,7566,126741,0,0,8453,147093,3446,48303,8454,195396,California
Santa Clara,2021-02-06,5183,249015,2818,119909,2365,129106,0,0,4020,149956,1159,49462,4022,199418,California
Santa Clara,2021-02-07,3473,252488,2348,122257,1125,130231,0,0,3020,152525,452,49914,3021,202439,California
Santa Clara,2021-02-08,10007,262495,3481,125738,6526,136757,0,0,7293,157119,2700,52614,7294,209733,California
Santa Clara,2021-02-09,11157,273652,3816,129554,7341,144098,0,0,7672,161319,3475,56089,7675,217408,California
Santa Clara,2021-02-10,12635,286287,4908,134462,7727,151825,0,0,6835,162369,5787,61876,6837,224245,California
Santa Clara,2021-02-11,13496,299783,4714,139176,8782,160607,0,0,7676,164241,5805,67681,7677,231922,California
Santa Clara,2021-02-12,14546,314329,4490,143666,10056,170663,0,0,6978,163673,7548,75229,6980,238902,California
Santa Clara,2021-02-13,6073,320402,1458,145124,4615,175278,0,0,2220,162049,3846,79075,2222,241124,California
Santa Clara,2021-02-14,4614,325016,1143,146267,3471,178749,0,0,1468,160375,3144,82219,1470,242594,California
Santa Clara,2021-02-15,6251,331267,2795,149062,3456,182205,0,0,2702,159536,3541,85760,2702,245296,California
Santa Clara,2021-02-16,13771,345038,3999,153061,9772,191977,0,0,6929,159641,6824,92584,6929,252225,California
Santa Clara,2021-02-17,14068,359106,5488,158549,8580,200557,0,0,7047,159690,7003,99587,7052,259277,California
Santa Clara,2021-02-18,14187,373293,8356,166905,5831,206388,0,0,7230,160008,6915,106502,7233,266510,California
Santa Clara,2021-02-19,14806,388099,9519,176424,5287,211675,0,0,8616,162455,6174,112676,8621,275131,California
Santa Clara,2021-02-20,6818,394917,5104,181528,1714,213389,0,0,3673,162993,3135,115811,3673,278804,California
Santa Clara,2021-02-21,3248,398165,2431,183959,817,214206,0,0,1165,162085,2075,117886,1167,279971,California
Santa Clara,2021-02-22,10158,408323,6084,190043,4074,218280,0,0,4733,161404,5415,123301,4734,284705,California
Santa Clara,2021-02-23,11874,420197,7705,197748,4169,222449,0,0,6738,163023,5123,128424,6742,291447,California
Santa Clara,2021-02-24,14138,434335,9105,206853,5033,227482,0,0,8752,166405,5370,133794,8752,300199,California
Santa Clara,2021-02-25,14603,448938,9239,216092,5364,232846,0,0,7883,167594,6699,140493,7888,308087,California
Santa Clara,2021-02-26,14553,463491,8434,224526,6119,238965,0,0,7997,169063,6531,147024,8000,316087,California
Santa Clara,2021-02-27,8064,471555,5499,230025,2564,241529,1,1,4460,169937,3594,150618,4468,320555,California
Santa Clara,2021-02-28,4723,476278,3075,233100,1648,243177,0,1,2204,169631,2510,153128,2204,322759,California
Santa Clara,2021-03-01,14066,490344,7976,241076,6087,249264,3,4,8704,172995,5343,158471,8707,331466,California
Santa Clara,2021-03-02,15866,506210,9391,250467,6474,255738,1,5,10112,177379,5730,164201,10114,341580,California
Santa Clara,2021-03-03,18428,524638,9041,259508,9386,265124,1,6,11444,181883,6947,171148,11451,353031,California
Santa Clara,2021-03-04,16407,541045,8934,268442,7470,272594,3,9,9543,184646,6785,177933,9548,362579,California
Santa Clara,2021-03-05,16478,557523,9147,277589,7206,279800,125,134,9132,186581,7326,185259,9261,371840,California
Santa Clara,2021-03-06,9361,566884,6273,283862,2652,282452,436,570,7047,191763,2301,187560,7483,379323,California
Santa Clara,2021-03-07,6728,573612,4412,288274,2083,284535,233,803,5357,195989,1363,188923,5589,384912,California
Santa Clara,2021-03-08,12835,586447,6681,294955,5593,290128,561,1364,8221,200175,4597,193520,8783,393695,California
Santa Clara,2021-03-09,14924,601371,6214,301169,7380,297508,1330,2694,6604,199804,8302,201822,7931,401626,California
Santa Clara,2021-03-10,15003,616374,6479,307648,6420,303928,2104,4798,6115,199139,8863,210685,8198,409824,California
Santa Clara,2021-03-11,17007,633381,7746,315394,7758,311686,1503,6301,6038,195726,10941,221626,7528,417352,California
Santa Clara,2021-03-12,17632,651013,9069,324463,6993,318679,1570,7871,5949,191586,11643,233269,7503,424855,California
Santa Clara,2021-03-13,10703,661716,6192,330655,3019,321698,1492,9363,4791,191964,5889,239158,6267,431122,California
Santa Clara,2021-03-14,6480,668196,3349,334004,1823,323521,1308,10671,3194,193188,3270,242428,4494,435616,California
Santa Clara,2021-03-15,12748,680944,6520,340524,5959,329480,269,10940,5974,192679,6752,249180,6243,441859,California
Santa Clara,2021-03-16,18139,699083,10254,350778,7677,337157,208,11148,8794,192362,9317,258497,9000,450859,California
Santa Clara,2021-03-17,19828,718911,11233,362011,8427,345584,168,11316,10238,193222,9541,268038,10401,461260,California
Santa Clara,2021-03-18,19000,737911,8892,370903,8947,354531,1161,12477,9057,193543,9891,277929,10212,471472,California
Santa Clara,2021-03-19,19173,757084,9860,380763,8315,362846,998,13475,9957,195330,9159,287088,10946,482418,California
Santa Clara,2021-03-20,11471,768555,6298,387061,4346,367192,827,14302,6754,198218,4688,291776,7576,489994,California
Santa Clara,2021-03-21,8264,776819,3737,390798,3128,370320,1399,15701,5548,202450,2704,294480,6936,496930,California
Santa Clara,2021-03-22,16261,793080,9069,399867,6847,377167,345,16046,9293,205143,6944,301424,9637,506567,California
Santa Clara,2021-03-23,19167,812247,12195,412062,6457,383624,515,16561,11240,209017,7881,309305,11755,518322,California
Santa Clara,2021-03-24,22534,834781,14515,426577,7610,391234,409,16970,14640,216217,7851,317156,15051,533373,California
Santa Clara,2021-03-25,22846,857627,13079,439656,8783,400017,984,17954,14756,223915,8029,325185,15727,549100,California
Santa Clara,2021-03-26,21835,879462,13914,453570,7538,407555,383,18337,13514,229523,8284,333469,13892,562992,California
Santa Clara,2021-03-27,15620,895082,10386,463956,4470,412025,764,19101,8429,231563,7149,340618,9189,572181,California
Santa Clara,2021-03-28,11995,907077,8298,472254,2983,415008,714,19815,6492,233287,5477,346095,7201,579382,California
Santa Clara,2021-03-29,20530,927607,12590,484844,7215,422223,725,20540,11191,235895,9300,355395,11908,591290,California
Santa Clara,2021-03-30,25539,953146,15206,500050,8400,430623,1933,22473,16353,245024,9151,364546,18280,609570,California
Santa Clara,2021-03-31,20351,973497,11799,511849,7427,438050,1125,23598,12596,251015,7717,372263,13708,623278,California
Santa Clara,2021-04-01,31503,1005000,19681,531530,8829,446879,2993,26591,19928,262404,11514,383777,22903,646181,California
Santa Clara,2021-04-02,24933,1029933,14229,545759,8587,455466,2117,28708,16288,272187,8610,392387,18393,664574,California
Santa Clara,2021-04-03,15145,1045078,9169,554928,3480,458946,2496,31204,8415,276375,6711,399098,10899,675473,California
Santa Clara,2021-04-04,7591,1052669,4017,558945,2417,461363,1157,32361,3953,277854,3629,402727,5108,680581,California
Santa Clara,2021-04-05,21712,1074381,14490,573435,4761,466124,2461,34822,14167,286955,7521,410248,16622,697203,California
Santa Clara,2021-04-06,29320,1103701,16168,589603,7742,473866,5410,40232,17590,298247,11689,421937,22981,720184,California
Santa Clara,2021-04-07,30601,1134302,15810,605413,8366,482232,6425,46657,18697,311489,11853,433790,25095,745279,California
Santa Clara,2021-04-08,29621,1163923,16170,621583,5948,488180,7503,54160,16123,321660,13427,447217,23598,768877,California
Santa Clara,2021-04-09,27692,1191615,13724,635307,6803,494983,7165,61325,14140,329438,13497,460714,21275,790152,California
Santa Clara,2021-04-10,21245,1212860,12297,647604,3754,498737,5194,66519,11398,336182,9815,470529,16559,806711,California
Santa Clara,2021-04-11,15958,1228818,9564,657168,2634,501371,3760,70279,8289,340574,7641,478170,12033,818744,California
Santa Clara,2021-04-12,26745,1255563,18840,676008,5496,506867,2409,72688,18267,352812,8429,486599,20667,839411,California
Santa Clara,2021-04-13,34212,1289775,26967,702975,7218,514085,27,72715,26416,371557,7720,494319,26465,865876,California
Santa Clara,2021-04-14,36442,1326217,27615,730590,8824,522909,3,72718,25901,387007,10480,504799,25930,891806,California
Santa Clara,2021-04-15,43850,1370067,34041,764631,9808,532717,1,72719,33818,410919,9931,514730,33843,925649,California
Santa Clara,2021-04-16,38136,1408203,26172,790803,11961,544678,3,72722,27358,427588,10715,525445,27384,953033,California
Santa Clara,2021-04-17,21908,1430111,14990,805793,6917,551595,1,72723,15029,435796,6838,532283,15046,968079,California
Santa Clara,2021-04-18,16318,1446429,10591,816384,5727,557322,0,72723,10207,439934,6080,538363,10218,978297,California
Santa Clara,2021-04-19,28533,1474962,20602,836986,7930,565252,1,72724,17121,445740,11346,549709,17152,995449,California
Santa Clara,2021-04-20,36647,1511609,22216,859202,14431,579683,0,72724,22468,454164,14073,563782,22497,1017946,California
Santa Clara,2021-04-21,36646,1548255,21221,880423,15424,595107,1,72725,24278,466189,12286,576068,24311,1042257,California
Santa Clara,2021-04-22,37115,1585370,24739,905162,12375,607482,1,72726,17565,464363,19456,595524,17630,1059887,California
Santa Clara,2021-04-23,31817,1617187,19394,924556,12423,619905,0,72726,14969,462632,16749,612273,15018,1074905,California
Santa Clara,2021-04-24,20596,1637783,14950,939506,5645,625550,1,72727,11542,465213,8988,621261,11569,1086474,California
Santa Clara,2021-04-25,13203,1650986,9469,948975,3727,629277,7,72734,8300,468683,4860,626121,8330,1094804,California
Santa Clara,2021-04-26,23415,1674401,18189,967164,5169,634446,57,72791,9575,464587,13750,639871,9654,1104458,California
Santa Clara,2021-04-27,25860,1700261,18491,985655,7082,641528,287,73078,11295,461726,14476,654347,11615,1116073,California
Santa Clara,2021-04-28,25210,1725471,18588,1004243,6184,647712,438,73516,10385,457860,14743,669090,10877,1126950,California
Santa Clara,2021-04-29,23114,1748585,16793,1021036,5925,653637,396,73912,8378,452027,14669,683759,8836,1135786,California
Santa Clara,2021-04-30,22811,1771396,15651,1036687,6800,660437,360,74272,9725,449177,13000,696759,10150,1145936,California
Santa Clara,2021-05-01,17208,1788604,14282,1050969,2666,663103,260,74532,5440,443199,11719,708478,5741,1151677,California
Santa Clara,2021-05-02,11288,1799892,9365,1060334,1695,664798,228,74760,3498,439197,7750,716228,3748,1155425,California
Santa Clara,2021-05-03,22728,1822620,19331,1079665,2963,667761,434,75194,5123,427247,17535,733763,5585,1161010,California
Santa Clara,2021-05-04,30370,1852990,23756,1103421,6080,673841,534,75728,5404,408348,24871,758634,5972,1166982,California
Santa Clara,2021-05-05,31641,1884631,23961,1127382,7140,680981,540,76268,5382,388125,26172,784806,5949,1172931,California
Santa Clara,2021-05-06,34866,1919497,28999,1156381,5395,686376,472,76740,4610,363098,30132,814938,5105,1178036,California
Santa Clara,2021-05-07,32002,1951499,25695,1182076,5828,692204,479,77219,4604,340958,27263,842201,5123,1183159,California
Santa Clara,2021-05-08,16270,1967769,13258,1195334,2596,694800,416,77635,3465,332127,12728,854929,3897,1187056,California
Santa Clara,2021-05-09,7939,1975708,6636,1201970,1147,695947,156,77791,2097,328572,5815,860744,2260,1189316,California
Santa Clara,2021-05-10,8404,1984112,5416,1207386,2668,698615,320,78111,1740,324013,6629,867373,2070,1191386,California
Santa Clara,2021-05-11,7104,1991216,4612,1211998,2415,701030,77,78188,1071,319165,6004,873377,1156,1192542,California
Santa Cruz,2020-12-15,2,2,2,2,0,0,0,0,2,2,0,0,2,2,California
Santa Cruz,2020-12-16,58,60,58,60,0,0,0,0,58,60,0,0,58,60,California
Santa Cruz,2020-12-17,389,449,389,449,0,0,0,0,389,449,0,0,389,449,California
Santa Cruz,2020-12-18,464,913,464,913,0,0,0,0,464,913,0,0,464,913,California
Santa Cruz,2020-12-19,179,1092,178,1091,1,1,0,0,179,1092,0,0,179,1092,California
Santa Cruz,2020-12-20,95,1187,95,1186,0,1,0,0,95,1187,0,0,95,1187,California
Santa Cruz,2020-12-21,437,1624,437,1623,0,1,0,0,437,1624,0,0,437,1624,California
Santa Cruz,2020-12-22,424,2048,423,2046,1,2,0,0,424,2048,0,0,424,2048,California
Santa Cruz,2020-12-23,372,2420,329,2375,43,45,0,0,372,2420,0,0,372,2420,California
Santa Cruz,2020-12-24,125,2545,49,2424,76,121,0,0,125,2545,0,0,125,2545,California
Santa Cruz,2020-12-25,11,2556,11,2435,0,121,0,0,11,2556,0,0,11,2556,California
Santa Cruz,2020-12-26,64,2620,45,2480,19,140,0,0,64,2620,0,0,64,2620,California
Santa Cruz,2020-12-27,32,2652,27,2507,5,145,0,0,32,2652,0,0,32,2652,California
Santa Cruz,2020-12-28,485,3137,108,2615,377,522,0,0,485,3137,0,0,485,3137,California
Santa Cruz,2020-12-29,798,3935,369,2984,429,951,0,0,798,3935,0,0,798,3935,California
Santa Cruz,2020-12-30,356,4291,164,3148,192,1143,0,0,356,4291,0,0,356,4291,California
Santa Cruz,2020-12-31,313,4604,11,3159,302,1445,0,0,313,4604,0,0,313,4604,California
Santa Cruz,2021-01-01,33,4637,1,3160,32,1477,0,0,33,4637,0,0,33,4637,California
Santa Cruz,2021-01-02,71,4708,57,3217,14,1491,0,0,71,4708,0,0,71,4708,California
Santa Cruz,2021-01-03,15,4723,7,3224,8,1499,0,0,15,4723,0,0,15,4723,California
Santa Cruz,2021-01-04,281,5004,123,3347,158,1657,0,0,279,5002,0,0,279,5002,California
Santa Cruz,2021-01-05,566,5570,429,3776,137,1794,0,0,264,4964,302,302,264,5266,California
Santa Cruz,2021-01-06,803,6373,670,4446,133,1927,0,0,464,5090,338,640,464,5730,California
Santa Cruz,2021-01-07,538,6911,211,4657,327,2254,0,0,385,5323,153,793,386,6116,California
Santa Cruz,2021-01-08,936,7847,562,5219,374,2628,0,0,488,5364,448,1241,489,6605,California
Santa Cruz,2021-01-09,464,8311,123,5342,341,2969,0,0,410,5720,54,1295,410,7015,California
Santa Cruz,2021-01-10,80,8391,70,5412,10,2979,0,0,21,5682,59,1354,21,7036,California
Santa Cruz,2021-01-11,726,9117,592,6004,134,3113,0,0,191,5339,535,1889,192,7228,California
Santa Cruz,2021-01-12,736,9853,532,6536,204,3317,0,0,493,5589,243,2132,493,7721,California
Santa Cruz,2021-01-13,525,10378,228,6764,297,3614,0,0,441,5949,81,2213,441,8162,California
Santa Cruz,2021-01-14,559,10937,103,6867,456,4070,0,0,493,6376,66,2279,493,8655,California
Santa Cruz,2021-01-15,1458,12395,77,6944,1381,5451,0,0,1393,7707,64,2343,1395,10050,California
Santa Cruz,2021-01-16,426,12821,53,6997,373,5824,0,0,407,8095,19,2362,407,10457,California
Santa Cruz,2021-01-17,297,13118,41,7038,256,6080,0,0,272,8342,25,2387,272,10729,California
Santa Cruz,2021-01-18,1016,14134,106,7144,910,6990,0,0,954,9234,62,2449,954,11683,California
Santa Cruz,2021-01-19,1623,15757,525,7669,1098,8088,0,0,1270,10154,351,2800,1271,12954,California
Santa Cruz,2021-01-20,1241,16998,182,7851,1059,9147,0,0,1045,11006,193,2993,1045,13999,California
Santa Cruz,2021-01-21,1711,18709,201,8052,1510,10657,0,0,1603,12503,108,3101,1605,15604,California
Santa Cruz,2021-01-22,1800,20509,532,8584,1268,11925,0,0,1698,14103,99,3200,1699,17303,California
Santa Cruz,2021-01-23,402,20911,147,8731,255,12180,0,0,342,14386,59,3259,342,17645,California
Santa Cruz,2021-01-24,116,21027,21,8752,95,12275,0,0,98,14466,18,3277,98,17743,California
Santa Cruz,2021-01-25,1064,22091,362,9114,702,12977,0,0,553,14508,511,3788,553,18296,California
Santa Cruz,2021-01-26,1696,23787,249,9363,1447,14424,0,0,1183,15178,513,4301,1183,19479,California
Santa Cruz,2021-01-27,1653,25440,449,9812,1204,15628,0,0,1269,16065,382,4683,1269,20748,California
Santa Cruz,2021-01-28,1750,27190,291,10103,1459,17087,0,0,1473,17262,277,4960,1474,22222,California
Santa Cruz,2021-01-29,1736,28926,490,10593,1246,18333,0,0,1606,18739,129,5089,1606,23828,California
Santa Cruz,2021-01-30,1060,29986,309,10902,751,19084,0,0,926,19531,134,5223,926,24754,California
Santa Cruz,2021-01-31,222,30208,113,11015,109,19193,0,0,208,19725,14,5237,208,24962,California
Santa Cruz,2021-02-01,1235,31443,761,11776,474,19667,0,0,828,20146,407,5644,828,25790,California
Santa Cruz,2021-02-02,1010,32453,128,11904,882,20549,0,0,856,20849,153,5797,856,26646,California
Santa Cruz,2021-02-03,2239,34692,962,12866,1277,21826,0,0,1924,22462,311,6108,1924,28570,California
Santa Cruz,2021-02-04,1855,36547,774,13640,1081,22907,0,0,1517,23642,337,6445,1517,30087,California
Santa Cruz,2021-02-05,3172,39719,793,14433,2379,25286,0,0,2851,26173,320,6765,2851,32938,California
Santa Cruz,2021-02-06,2588,42307,163,14596,2425,27711,0,0,2242,28069,346,7111,2242,35180,California
Santa Cruz,2021-02-07,909,43216,122,14718,787,28498,0,0,891,28942,18,7129,891,36071,California
Santa Cruz,2021-02-08,717,43933,203,14921,514,29012,0,0,516,29258,200,7329,516,36587,California
Santa Cruz,2021-02-09,2377,46310,1056,15977,1321,30333,0,0,2109,31103,264,7593,2109,38696,California
Santa Cruz,2021-02-10,2203,48513,580,16557,1623,31956,0,0,1502,31914,692,8285,1503,40199,California
Santa Cruz,2021-02-11,1861,50374,318,16875,1543,33499,0,0,1332,32719,527,8812,1332,41531,California
Santa Cruz,2021-02-12,3228,53602,421,17296,2807,36306,0,0,1819,33140,1400,10212,1821,43352,California
Santa Cruz,2021-02-13,1713,55315,124,17420,1589,37895,0,0,1299,34025,414,10626,1299,44651,California
Santa Cruz,2021-02-14,1410,56725,70,17490,1340,39235,0,0,1146,34907,264,10890,1146,45797,California
Santa Cruz,2021-02-15,1585,58310,281,17771,1304,40539,0,0,567,34457,1018,11908,568,46365,California
Santa Cruz,2021-02-16,1697,60007,208,17979,1489,42028,0,0,538,33858,1137,13045,538,46903,California
Santa Cruz,2021-02-17,2923,62930,977,18956,1946,43974,0,0,1218,33387,1692,14737,1221,48124,California
Santa Cruz,2021-02-18,2883,65813,638,19594,2245,46219,0,0,1232,32972,1647,16384,1232,49356,California
Santa Cruz,2021-02-19,3273,69086,1148,20742,2125,48344,0,0,2012,33726,1258,17642,2012,51368,California
Santa Cruz,2021-02-20,2388,71474,1500,22242,888,49232,0,0,1892,35122,496,18138,1892,53260,California
Santa Cruz,2021-02-21,830,72304,363,22605,467,49699,0,0,703,35700,125,18263,703,53963,California
Santa Cruz,2021-02-22,1259,73563,967,23572,292,49991,0,0,535,35513,722,18985,535,54498,California
Santa Cruz,2021-02-23,2100,75663,938,24510,1162,51153,0,0,710,34834,1389,20374,710,55208,California
Santa Cruz,2021-02-24,3196,78859,1674,26184,1522,52675,0,0,1217,34076,1975,22349,1217,56425,California
Santa Cruz,2021-02-25,3249,82108,1438,27622,1811,54486,0,0,1787,34409,1455,23804,1788,58213,California
Santa Cruz,2021-02-26,2730,84838,767,28389,1963,56449,0,0,1553,34791,1173,24977,1555,59768,California
Santa Cruz,2021-02-27,2635,87473,932,29321,1703,58152,0,0,1834,35826,799,25776,1834,61602,California
Santa Cruz,2021-02-28,1302,88775,361,29682,941,59093,0,0,1086,36699,213,25989,1086,62688,California
Santa Cruz,2021-03-01,1830,90605,1255,30937,575,59668,0,0,690,36252,1137,27126,690,63378,California
Santa Cruz,2021-03-02,1537,92142,362,31299,1175,60843,0,0,860,36440,675,27801,863,64241,California
Santa Cruz,2021-03-03,2371,94513,633,31932,1738,62581,0,0,1300,36672,1068,28869,1300,65541,California
Santa Cruz,2021-03-04,3018,97531,1415,33347,1602,64183,1,1,2033,37733,974,29843,2035,67576,California
Santa Cruz,2021-03-05,2616,100147,487,33834,2111,66294,18,19,1134,37406,1479,31322,1152,68728,California
Santa Cruz,2021-03-06,3874,104021,1348,35182,2421,68715,105,124,2161,37957,1713,33035,2264,70992,California
Santa Cruz,2021-03-07,1348,105369,129,35311,1145,69860,74,198,557,37798,790,33825,631,71623,California
Santa Cruz,2021-03-08,1085,106454,219,35530,737,70597,129,327,653,38149,431,34256,782,72405,California
Santa Cruz,2021-03-09,1775,108229,244,35774,1384,71981,147,474,701,37925,1072,35328,848,73253,California
Santa Cruz,2021-03-10,3866,112095,2093,37867,1623,73604,150,624,1997,38207,1867,37195,2149,75402,California
Santa Cruz,2021-03-11,2809,114904,1220,39087,1414,75018,175,799,1547,38670,1261,38456,1724,77126,California
Santa Cruz,2021-03-12,2766,117670,892,39979,1580,76598,294,1093,911,38023,1851,40307,1204,78330,California
Santa Cruz,2021-03-13,2316,119986,1336,41315,936,77534,44,1137,1181,38118,1132,41439,1227,79557,California
Santa Cruz,2021-03-14,906,120892,217,41532,675,78209,14,1151,441,38109,463,41902,454,80011,California
Santa Cruz,2021-03-15,1359,122251,483,42015,840,79049,36,1187,585,37960,771,42673,622,80633,California
Santa Cruz,2021-03-16,2318,124569,1089,43104,1187,80236,42,1229,1340,38367,974,43647,1381,82014,California
Santa Cruz,2021-03-17,3871,128440,2235,45339,1626,81862,10,1239,2517,39547,1350,44997,2530,84544,California
Santa Cruz,2021-03-18,3869,132309,2094,47433,1655,83517,120,1359,2065,39931,1801,46798,2185,86729,California
Santa Cruz,2021-03-19,3285,135594,1325,48758,1735,85252,225,1584,1653,40182,1627,48425,1878,88607,California
Santa Cruz,2021-03-20,2172,137766,1615,50373,520,85772,37,1621,1097,40244,1072,49497,1134,89741,California
Santa Cruz,2021-03-21,828,138594,441,50814,265,86037,122,1743,445,40431,381,49878,568,90309,California
Santa Cruz,2021-03-22,1379,139973,852,51666,504,86541,23,1766,946,40971,430,50308,970,91279,California
Santa Cruz,2021-03-23,2569,142542,1445,53111,1074,87615,50,1816,1713,41880,854,51162,1763,93042,California
Santa Cruz,2021-03-24,3036,145578,2040,55151,975,88590,21,1837,1999,42867,1032,52194,2019,95061,California
Santa Cruz,2021-03-25,2654,148232,1333,56484,1285,89875,36,1873,1358,42972,1289,53483,1394,96455,California
Santa Cruz,2021-03-26,3040,151272,1836,58320,1177,91052,27,1900,2056,44078,977,54460,2083,98538,California
Santa Cruz,2021-03-27,3241,154513,2015,60335,1201,92253,25,1925,1530,43932,1702,56162,1556,100094,California
Santa Cruz,2021-03-28,934,155447,573,60908,347,92600,14,1939,497,44010,433,56595,511,100605,California
Santa Cruz,2021-03-29,1980,157427,885,61793,1027,93627,68,2007,1280,44661,697,57292,1348,101953,California
Santa Cruz,2021-03-30,2732,160159,821,62614,1748,95375,163,2170,1756,45607,973,58265,1919,103872,California
Santa Cruz,2021-03-31,4090,164249,2737,65351,1305,96680,48,2218,2105,45779,1981,60246,2153,106025,California
Santa Cruz,2021-04-01,4062,168311,2173,67524,1782,98462,107,2325,2064,45957,1993,62239,2171,108196,California
Santa Cruz,2021-04-02,3180,171491,1431,68955,1567,100029,182,2507,1770,46504,1405,63644,1952,110148,California
Santa Cruz,2021-04-03,2263,173754,1233,70188,895,100924,135,2642,891,46159,1370,65014,1025,111173,California
Santa Cruz,2021-04-04,938,174692,491,70679,392,101316,55,2697,551,46378,387,65401,606,111779,California
Santa Cruz,2021-04-05,2278,176970,795,71474,1313,102629,170,2867,1408,47088,869,66270,1579,113358,California
Santa Cruz,2021-04-06,3417,180387,1657,73131,1377,104006,383,3250,1979,48020,1428,67698,2360,115718,California
Santa Cruz,2021-04-07,4167,184554,1640,74771,2162,106168,365,3615,1873,47967,2290,69988,2237,117955,California
Santa Cruz,2021-04-08,4274,188828,2353,77124,1403,107571,518,4133,2516,49249,1750,71738,3032,120987,California
Santa Cruz,2021-04-09,3575,192403,1511,78635,1662,109233,402,4535,1966,50014,1604,73342,2369,123356,California
Santa Cruz,2021-04-10,2266,194669,1093,79728,921,110154,252,4787,1070,50144,1191,74533,1321,124677,California
Santa Cruz,2021-04-11,994,195663,519,80247,383,110537,92,4879,480,50201,514,75047,571,125248,California
Santa Cruz,2021-04-12,2289,197952,820,81067,1039,111576,430,5309,1088,50533,1185,76232,1517,126765,California
Santa Cruz,2021-04-13,2907,200859,1468,82535,1437,113013,2,5311,1638,50909,1264,77496,1640,128405,California
Santa Cruz,2021-04-14,4644,205503,2264,84799,2380,115393,0,5311,2382,51039,2254,79750,2384,130789,California
Santa Cruz,2021-04-15,5011,210514,3195,87994,1816,117209,0,5311,3165,52369,1835,81585,3165,133954,California
Santa Cruz,2021-04-16,4434,214948,2550,90544,1882,119091,2,5313,2473,52891,1954,83539,2476,136430,California
Santa Cruz,2021-04-17,2277,217225,897,91441,1380,120471,0,5313,1513,53642,762,84301,1513,137943,California
Santa Cruz,2021-04-18,1079,218304,519,91960,559,121030,1,5314,602,53770,475,84776,603,138546,California
Santa Cruz,2021-04-19,2440,220744,1529,93489,910,121940,1,5315,1507,54347,930,85706,1507,140053,California
Santa Cruz,2021-04-20,3121,223865,1691,95180,1430,123370,0,5315,1766,54771,1343,87049,1767,141820,California
Santa Cruz,2021-04-21,4285,228150,2899,98079,1386,124756,0,5315,2414,55329,1856,88905,2414,144234,California
Santa Cruz,2021-04-22,4350,232500,2935,101014,1415,126171,0,5315,2448,55885,1892,90797,2448,146682,California
Santa Cruz,2021-04-23,3087,235587,1747,102761,1339,127510,1,5316,1391,55591,1686,92483,1392,148074,California
Santa Cruz,2021-04-24,2255,237842,1086,103847,1166,128676,3,5319,695,54738,1551,94034,698,148772,California
Santa Cruz,2021-04-25,1097,238939,701,104548,384,129060,12,5331,452,54564,637,94671,463,149235,California
Santa Cruz,2021-04-26,1777,240716,910,105458,853,129913,14,5345,673,54158,1094,95765,688,149923,California
Santa Cruz,2021-04-27,2772,243488,852,106310,1854,131767,66,5411,1383,54223,1384,97149,1449,151372,California
Santa Cruz,2021-04-28,3435,246923,1910,108220,1450,133217,75,5486,1806,54482,1619,98768,1878,153250,California
Santa Cruz,2021-04-29,3744,250667,2486,110706,1195,134412,63,5549,1295,53405,2436,101204,1359,154609,California
Santa Cruz,2021-04-30,2270,252937,1221,111927,1006,135418,43,5592,1014,53215,1248,102452,1058,155667,California
Santa Cruz,2021-05-01,1306,254243,1039,112966,234,135652,33,5625,605,53154,699,103151,638,156305,California
Santa Cruz,2021-05-02,638,254881,464,113430,149,135801,25,5650,201,52944,437,103588,227,156532,California
Santa Cruz,2021-05-03,1878,256759,984,114414,828,136629,66,5716,621,52386,1246,104834,688,157220,California
Santa Cruz,2021-05-04,2699,259458,1574,115988,1053,137682,72,5788,867,51496,1828,106662,938,158158,California
Santa Cruz,2021-05-05,2696,262154,1321,117309,1313,138995,62,5850,655,50215,2002,108664,721,158879,California
Santa Cruz,2021-05-06,3778,265932,2400,119709,1156,140151,222,6072,822,48317,2939,111603,1041,159920,California
Santa Cruz,2021-05-07,2747,268679,1292,121001,1378,141529,77,6149,499,46649,2245,113848,577,160497,California
Santa Cruz,2021-05-08,1349,270028,684,121685,635,142164,30,6179,364,46062,983,114831,396,160893,California
Santa Cruz,2021-05-09,499,270527,334,122019,144,142308,21,6200,144,45872,355,115186,165,161058,California
Santa Cruz,2021-05-10,1340,271867,1074,123093,203,142511,63,6263,352,45305,983,116169,416,161474,California
Santa Cruz,2021-05-11,1158,273025,954,124047,177,142688,27,6290,360,44895,796,116965,386,161860,California
Shasta,2020-12-16,131,131,131,131,0,0,0,0,131,131,0,0,131,131,California
Shasta,2020-12-17,418,549,418,549,0,0,0,0,418,549,0,0,418,549,California
Shasta,2020-12-18,166,715,166,715,0,0,0,0,166,715,0,0,166,715,California
Shasta,2020-12-19,1,716,1,716,0,0,0,0,1,716,0,0,1,716,California
Shasta,2020-12-21,79,795,79,795,0,0,0,0,79,795,0,0,79,795,California
Shasta,2020-12-22,191,986,186,981,5,5,0,0,191,986,0,0,191,986,California
Shasta,2020-12-23,173,1159,169,1150,4,9,0,0,173,1159,0,0,173,1159,California
Shasta,2020-12-24,18,1177,18,1168,0,9,0,0,18,1177,0,0,18,1177,California
Shasta,2020-12-26,4,1181,1,1169,3,12,0,0,4,1181,0,0,4,1181,California
Shasta,2020-12-27,1,1182,0,1169,1,13,0,0,1,1182,0,0,1,1182,California
Shasta,2020-12-28,40,1222,31,1200,9,22,0,0,40,1222,0,0,40,1222,California
Shasta,2020-12-29,186,1408,185,1385,1,23,0,0,186,1408,0,0,186,1408,California
Shasta,2020-12-30,178,1586,168,1553,10,33,0,0,178,1586,0,0,178,1586,California
Shasta,2020-12-31,83,1669,2,1555,81,114,0,0,83,1669,0,0,83,1669,California
Shasta,2021-01-02,2,1671,0,1555,2,116,0,0,2,1671,0,0,2,1671,California
Shasta,2021-01-03,1,1672,1,1556,0,116,0,0,1,1672,0,0,1,1672,California
Shasta,2021-01-04,372,2044,306,1862,66,182,0,0,373,2045,0,0,373,2045,California
Shasta,2021-01-05,335,2379,314,2176,21,203,0,0,254,2218,81,81,254,2299,California
Shasta,2021-01-06,466,2845,395,2571,71,274,0,0,204,2161,261,342,204,2503,California
Shasta,2021-01-07,125,2970,36,2607,89,363,0,0,104,2244,21,363,104,2607,California
Shasta,2021-01-08,525,3495,448,3055,77,440,0,0,317,2353,208,571,317,2924,California
Shasta,2021-01-09,72,3567,63,3118,9,449,0,0,70,2421,2,573,70,2994,California
Shasta,2021-01-10,5,3572,0,3118,5,454,0,0,4,2425,1,574,5,2999,California
Shasta,2021-01-11,406,3978,184,3302,222,676,0,0,371,2761,35,609,371,3370,California
Shasta,2021-01-12,484,4462,327,3629,157,833,0,0,310,2897,174,783,310,3680,California
Shasta,2021-01-13,599,5061,267,3896,332,1165,0,0,430,3158,169,952,430,4110,California
Shasta,2021-01-14,499,5560,51,3947,448,1613,0,0,481,3621,18,970,481,4591,California
Shasta,2021-01-15,692,6252,136,4083,556,2169,0,0,690,4309,2,972,690,5281,California
Shasta,2021-01-16,897,7149,54,4137,843,3012,0,0,894,5200,3,975,894,6175,California
Shasta,2021-01-17,27,7176,6,4143,21,3033,0,0,23,5219,4,979,23,6198,California
Shasta,2021-01-18,599,7775,129,4272,470,3503,0,0,591,5802,8,987,591,6789,California
Shasta,2021-01-19,1058,8833,398,4670,660,4163,0,0,910,6564,148,1135,910,7699,California
Shasta,2021-01-20,679,9512,411,5081,268,4431,0,0,494,6878,180,1315,494,8193,California
Shasta,2021-01-21,632,10144,279,5360,353,4784,0,0,609,7464,23,1338,609,8802,California
Shasta,2021-01-22,445,10589,171,5531,274,5058,0,0,439,7897,6,1344,439,9241,California
Shasta,2021-01-23,68,10657,5,5536,63,5121,0,0,67,7963,1,1345,67,9308,California
Shasta,2021-01-24,25,10682,2,5538,23,5144,0,0,24,7986,1,1346,24,9332,California
Shasta,2021-01-25,750,11432,491,6029,259,5403,0,0,464,8165,285,1631,464,9796,California
Shasta,2021-01-26,710,12142,333,6362,377,5780,0,0,476,8409,232,1863,476,10272,California
Shasta,2021-01-27,459,12601,179,6541,280,6060,0,0,410,8770,49,1912,410,10682,California
Shasta,2021-01-28,886,13487,576,7117,310,6370,0,0,664,9212,222,2134,664,11346,California
Shasta,2021-01-29,831,14318,330,7447,501,6871,0,0,641,9664,190,2324,642,11988,California
Shasta,2021-01-30,615,14933,14,7461,601,7472,0,0,606,10261,9,2333,606,12594,California
Shasta,2021-01-31,28,14961,4,7465,24,7496,0,0,26,10285,2,2335,26,12620,California
Shasta,2021-02-01,530,15491,148,7613,382,7878,0,0,386,10527,144,2479,386,13006,California
Shasta,2021-02-02,990,16481,501,8114,489,8367,0,0,898,11335,90,2569,898,13904,California
Shasta,2021-02-03,718,17199,210,8324,508,8875,0,0,484,11585,234,2803,484,14388,California
Shasta,2021-02-04,1094,18293,674,8998,420,9295,0,0,901,12294,192,2995,901,15289,California
Shasta,2021-02-05,1240,19533,164,9162,1076,10371,0,0,1033,13121,206,3201,1033,16322,California
Shasta,2021-02-06,1744,21277,41,9203,1703,12074,0,0,1721,14819,23,3224,1721,18043,California
Shasta,2021-02-07,26,21303,3,9206,23,12097,0,0,24,14841,2,3226,24,18067,California
Shasta,2021-02-08,596,21899,167,9373,429,12526,0,0,306,14857,290,3516,306,18373,California
Shasta,2021-02-09,1124,23023,654,10027,470,12996,0,0,732,15197,392,3908,732,19105,California
Shasta,2021-02-10,1124,24147,788,10815,336,13332,0,0,599,15271,526,4434,600,19705,California
Shasta,2021-02-11,886,25033,186,11001,700,14032,0,0,364,15118,517,4951,364,20069,California
Shasta,2021-02-12,1727,26760,1146,12147,581,14613,0,0,1176,15743,551,5502,1176,21245,California
Shasta,2021-02-13,1382,28142,368,12515,1014,15627,0,0,570,15501,813,6315,571,21816,California
Shasta,2021-02-14,150,28292,4,12519,146,15773,0,0,126,15603,24,6339,126,21942,California
Shasta,2021-02-15,380,28672,90,12609,290,16063,0,0,211,15645,169,6508,211,22153,California
Shasta,2021-02-16,1194,29866,520,13129,674,16737,0,0,421,15294,772,7280,421,22574,California
Shasta,2021-02-17,1034,30900,438,13567,596,17333,0,0,414,15088,620,7900,414,22988,California
Shasta,2021-02-18,947,31847,466,14033,481,17814,0,0,460,15061,487,8387,460,23448,California
Shasta,2021-02-19,1328,33175,935,14968,393,18207,0,0,861,15455,467,8854,861,24309,California
Shasta,2021-02-20,802,33977,89,15057,713,18920,0,0,303,15259,499,9353,303,24612,California
Shasta,2021-02-21,31,34008,2,15059,29,18949,0,0,9,15246,22,9375,9,24621,California
Shasta,2021-02-22,427,34435,74,15133,353,19302,0,0,178,15176,248,9623,178,24799,California
Shasta,2021-02-23,911,35346,471,15604,440,19742,0,0,325,14915,586,10209,325,25124,California
Shasta,2021-02-24,890,36236,508,16112,382,20124,0,0,273,14572,616,10825,273,25397,California
Shasta,2021-02-25,517,36753,161,16273,356,20480,0,0,163,14382,353,11178,163,25560,California
Shasta,2021-02-26,790,37543,94,16367,696,21176,0,0,330,14254,458,11636,330,25890,California
Shasta,2021-02-27,828,38371,27,16394,801,21977,0,0,188,13804,638,12274,188,26078,California
Shasta,2021-02-28,176,38547,4,16398,172,22149,0,0,126,13880,50,12324,126,26204,California
Shasta,2021-03-01,584,39131,59,16457,525,22674,0,0,295,13887,288,12612,295,26499,California
Shasta,2021-03-02,1025,40156,473,16930,552,23226,0,0,336,13536,687,13299,336,26835,California
Shasta,2021-03-03,665,40821,167,17097,498,23724,0,0,243,13357,422,13721,243,27078,California
Shasta,2021-03-04,3022,43843,2412,19509,610,24334,0,0,1792,13921,1229,14950,1793,28871,California
Shasta,2021-03-05,1542,45385,162,19671,1351,25685,29,29,794,13995,749,15699,823,29694,California
Shasta,2021-03-06,2744,48129,387,20058,2310,27995,47,76,857,13014,1885,17584,904,30598,California
Shasta,2021-03-07,91,48220,3,20061,56,28051,32,108,37,13029,54,17638,69,30667,California
Shasta,2021-03-08,568,48788,46,20107,383,28434,139,247,155,12912,411,18049,294,30961,California
Shasta,2021-03-09,1254,50042,594,20701,482,28916,178,425,698,13231,556,18605,875,31836,California
Shasta,2021-03-10,801,50843,258,20959,341,29257,202,627,136,12904,664,19269,337,32173,California
Shasta,2021-03-11,1475,52318,471,21430,732,29989,272,899,940,13584,532,19801,1212,33385,California
Shasta,2021-03-12,1529,53847,833,22263,447,30436,249,1148,397,13097,1131,20932,644,34029,California
Shasta,2021-03-13,758,54605,425,22688,232,30668,101,1249,475,13389,282,21214,574,34603,California
Shasta,2021-03-14,1019,55624,8,22696,989,31657,22,1271,881,14155,138,21352,904,35507,California
Shasta,2021-03-15,498,56122,35,22731,363,32020,100,1371,210,14176,288,21640,309,35816,California
Shasta,2021-03-16,1132,57254,147,22878,918,32938,67,1438,849,14809,283,21923,916,36732,California
Shasta,2021-03-17,734,57988,191,23069,485,33423,58,1496,395,14929,333,22256,453,37185,California
Shasta,2021-03-18,1542,59530,586,23655,852,34275,104,1600,1116,15727,422,22678,1220,38405,California
Shasta,2021-03-19,648,60178,196,23851,396,34671,56,1656,415,15966,232,22910,471,38876,California
Shasta,2021-03-20,748,60926,490,24341,244,34915,14,1670,600,16432,148,23058,614,39490,California
Shasta,2021-03-21,312,61238,297,24638,4,34919,11,1681,286,16704,25,23083,297,39787,California
Shasta,2021-03-22,347,61585,37,24675,274,35193,36,1717,199,16792,147,23230,235,40022,California
Shasta,2021-03-23,1310,62895,651,25326,600,35793,59,1776,758,17062,547,23777,817,40839,California
Shasta,2021-03-24,607,63502,156,25482,414,36207,37,1813,365,17223,241,24018,402,41241,California
Shasta,2021-03-25,1137,64639,452,25934,664,36871,21,1834,822,17755,312,24330,844,42085,California
Shasta,2021-03-26,1837,66476,1405,27339,402,37273,30,1864,1478,18905,359,24689,1509,43594,California
Shasta,2021-03-27,1595,68071,407,27746,317,37590,871,2735,576,19332,1017,25706,1444,45038,California
Shasta,2021-03-28,405,68476,299,28045,96,37686,10,2745,302,19543,101,25807,312,45350,California
Shasta,2021-03-29,418,68894,40,28085,366,38052,12,2757,164,19466,253,26060,176,45526,California
Shasta,2021-03-30,1245,70139,766,28851,462,38514,17,2774,626,19493,616,26676,643,46169,California
Shasta,2021-03-31,618,70757,207,29058,406,38920,5,2779,382,19649,231,26907,387,46556,California
Shasta,2021-04-01,890,71647,246,29304,632,39552,12,2791,572,19916,317,27224,584,47140,California
Shasta,2021-04-02,753,72400,201,29505,500,40052,52,2843,414,20045,337,27561,466,47606,California
Shasta,2021-04-03,514,72914,361,29866,134,40186,19,2862,389,20328,125,27686,408,48014,California
Shasta,2021-04-04,288,73202,174,30040,94,40280,20,2882,214,20488,74,27760,234,48248,California
Shasta,2021-04-05,442,73644,68,30108,311,40591,63,2945,255,20619,187,27947,318,48566,California
Shasta,2021-04-06,1164,74808,485,30593,504,41095,175,3120,541,20715,619,28566,715,49281,California
Shasta,2021-04-07,653,75461,213,30806,277,41372,163,3283,256,20740,393,28959,418,49699,California
Shasta,2021-04-08,1139,76600,259,31065,726,42098,154,3437,230,20217,906,29865,383,50082,California
Shasta,2021-04-09,2581,79181,2062,33127,310,42408,209,3646,2005,21862,567,30432,2212,52294,California
Shasta,2021-04-10,878,80059,592,33719,157,42565,129,3775,265,21642,613,31045,393,52687,California
Shasta,2021-04-11,1250,81309,395,34114,835,43400,20,3795,143,20702,1103,32148,163,52850,California
Shasta,2021-04-12,338,81647,8,34122,268,43668,62,3857,97,20620,240,32388,158,53008,California
Shasta,2021-04-13,1257,82904,366,34488,889,44557,2,3859,340,20048,913,33301,341,53349,California
Shasta,2021-04-14,601,83505,142,34630,457,45014,2,3861,222,19894,378,33679,224,53573,California
Shasta,2021-04-15,1070,84575,259,34889,811,45825,0,3861,303,19433,764,34443,303,53876,California
Shasta,2021-04-16,2344,86919,1849,36738,495,46320,0,3861,938,18967,1404,35847,938,54814,California
Shasta,2021-04-17,643,87562,411,37149,232,46552,0,3861,192,18708,451,36298,192,55006,California
Shasta,2021-04-18,266,87828,241,37390,25,46577,0,3861,33,18510,231,36529,33,55039,California
Shasta,2021-04-19,381,88209,29,37419,352,46929,0,3861,162,18453,219,36748,162,55201,California
Shasta,2021-04-20,1014,89223,257,37676,757,47686,0,3861,379,18198,634,37382,379,55580,California
Shasta,2021-04-21,609,89832,223,37899,386,48072,0,3861,307,18204,301,37683,307,55887,California
Shasta,2021-04-22,959,90791,282,38181,677,48749,0,3861,301,17849,656,38339,301,56188,California
Shasta,2021-04-23,660,91451,265,38446,395,49144,0,3861,329,17848,330,38669,329,56517,California
Shasta,2021-04-24,596,92047,360,38806,236,49380,0,3861,106,17464,490,39159,106,56623,California
Shasta,2021-04-25,212,92259,182,38988,29,49409,1,3862,38,17329,174,39333,39,56662,California
Shasta,2021-04-26,465,92724,50,39038,410,49819,5,3867,330,17530,133,39466,334,56996,California
Shasta,2021-04-27,512,93236,171,39209,305,50124,36,3903,288,17631,221,39687,322,57318,California
Shasta,2021-04-28,574,93810,155,39364,386,50510,33,3936,250,17589,324,40011,282,57600,California
Shasta,2021-04-29,782,94592,120,39484,639,51149,23,3959,185,17201,596,40607,208,57808,California
Shasta,2021-04-30,2266,96858,1839,41323,396,51545,31,3990,270,15506,1996,42603,301,58109,California
Shasta,2021-05-01,223,97081,20,41343,127,51672,76,4066,95,15549,128,42731,171,58280,California
Shasta,2021-05-02,46,97127,16,41359,17,51689,13,4079,19,15554,27,42758,32,58312,California
Shasta,2021-05-03,349,97476,93,41452,230,51919,26,4105,111,15454,237,42995,137,58449,California
Shasta,2021-05-04,500,97976,175,41627,290,52209,35,4140,240,15472,257,43252,275,58724,California
Shasta,2021-05-05,422,98398,137,41764,266,52475,19,4159,190,15450,231,43483,209,58933,California
Shasta,2021-05-06,682,99080,263,42027,383,52858,36,4195,294,15400,380,43863,330,59263,California
Shasta,2021-05-07,1094,100174,732,42759,322,53180,40,4235,294,14934,800,44663,334,59597,California
Shasta,2021-05-08,168,100342,81,42840,77,53257,10,4245,98,14974,68,44731,108,59705,California
Shasta,2021-05-09,72,100414,17,42857,47,53304,8,4253,37,14984,35,44766,45,59750,California
Shasta,2021-05-10,242,100656,24,42881,174,53478,44,4297,109,15004,133,44899,153,59903,California
Shasta,2021-05-11,246,100902,46,42927,93,53571,107,4404,59,14984,186,45085,166,60069,California
Sierra,2020-12-18,1,1,1,1,0,0,0,0,1,1,0,0,1,1,California
Sierra,2020-12-21,2,3,2,3,0,0,0,0,2,3,0,0,2,3,California
Sierra,2020-12-22,12,15,12,15,0,0,0,0,12,15,0,0,12,15,California
Sierra,2020-12-23,4,19,4,19,0,0,0,0,4,19,0,0,4,19,California
Sierra,2020-12-28,1,20,0,19,1,1,0,0,1,20,0,0,1,20,California
Sierra,2020-12-29,49,69,7,26,42,43,0,0,49,69,0,0,49,69,California
Sierra,2020-12-30,2,71,0,26,2,45,0,0,2,71,0,0,2,71,California
Sierra,2020-12-31,13,84,0,26,13,58,0,0,13,84,0,0,13,84,California
Sierra,2021-01-01,1,85,1,27,0,58,0,0,1,85,0,0,1,85,California
Sierra,2021-01-05,64,149,2,29,62,120,0,0,64,149,0,0,64,149,California
Sierra,2021-01-06,1,150,1,30,0,120,0,0,1,150,0,0,1,150,California
Sierra,2021-01-07,21,171,1,31,20,140,0,0,20,169,1,1,20,170,California
Sierra,2021-01-08,1,172,1,32,0,140,0,0,1,170,0,1,1,171,California
Sierra,2021-01-11,3,175,3,35,0,140,0,0,0,167,3,4,0,171,California
Sierra,2021-01-12,40,215,12,47,28,168,0,0,28,183,12,16,28,199,California
Sierra,2021-01-13,4,219,3,50,1,169,0,0,1,181,3,19,1,200,California
Sierra,2021-01-14,35,254,2,52,33,202,0,0,35,216,0,19,35,235,California
Sierra,2021-01-15,3,257,1,53,2,204,0,0,3,219,0,19,3,238,California
Sierra,2021-01-18,2,259,0,53,2,206,0,0,2,221,0,19,2,240,California
Sierra,2021-01-19,32,291,0,53,32,238,0,0,32,253,0,19,32,272,California
Sierra,2021-01-20,1,292,1,54,0,238,0,0,1,254,0,19,1,273,California
Sierra,2021-01-21,53,345,0,54,53,291,0,0,53,307,0,19,53,326,California
Sierra,2021-01-22,2,347,0,54,2,293,0,0,2,309,0,19,2,328,California
Sierra,2021-01-23,2,349,0,54,2,295,0,0,2,311,0,19,2,330,California
Sierra,2021-01-26,62,411,0,54,62,357,0,0,24,297,38,57,24,354,California
Sierra,2021-01-27,4,415,4,58,0,357,0,0,0,293,4,61,0,354,California
Sierra,2021-01-28,53,468,0,58,53,410,0,0,43,326,10,71,43,397,California
Sierra,2021-01-29,2,470,0,58,2,412,0,0,2,328,0,71,2,399,California
Sierra,2021-01-30,3,473,3,61,0,412,0,0,2,329,1,72,2,401,California
Sierra,2021-02-01,1,474,0,61,1,413,0,0,0,328,1,73,0,401,California
Sierra,2021-02-02,58,532,1,62,57,470,0,0,19,308,39,112,19,420,California
Sierra,2021-02-03,6,538,5,67,1,471,0,0,5,312,1,113,5,425,California
Sierra,2021-02-04,104,642,6,73,98,569,0,0,55,318,49,162,55,480,California
Sierra,2021-02-05,6,648,4,77,2,571,0,0,5,322,1,163,5,485,California
Sierra,2021-02-09,51,699,0,77,51,622,0,0,48,367,3,166,48,533,California
Sierra,2021-02-10,5,704,2,79,3,625,0,0,4,370,1,167,4,537,California
Sierra,2021-02-11,196,900,1,80,195,820,0,0,134,442,62,229,134,671,California
Sierra,2021-02-12,21,921,0,80,21,841,0,0,20,461,1,230,20,691,California
Sierra,2021-02-13,1,922,1,81,0,841,0,0,1,462,0,230,1,692,California
Sierra,2021-02-15,2,924,2,83,0,841,0,0,0,460,2,232,0,692,California
Sierra,2021-02-16,43,967,0,83,43,884,0,0,10,437,33,265,10,702,California
Sierra,2021-02-17,4,971,0,83,4,888,0,0,1,435,3,268,1,703,California
Sierra,2021-02-18,141,1112,0,83,141,1029,0,0,91,476,50,318,91,794,California
Sierra,2021-02-19,2,1114,1,84,1,1030,0,0,1,476,1,319,1,795,California
Sierra,2021-02-20,2,1116,2,86,0,1030,0,0,0,474,2,321,0,795,California
Sierra,2021-02-22,1,1117,1,87,0,1030,0,0,1,475,0,321,1,796,California
Sierra,2021-02-23,4,1121,0,87,4,1034,0,0,4,479,0,321,4,800,California
Sierra,2021-02-24,4,1125,3,90,1,1035,0,0,3,481,1,322,3,803,California
Sierra,2021-02-25,125,1250,2,92,123,1158,0,0,58,473,66,388,58,861,California
Sierra,2021-02-26,11,1261,6,98,5,1163,0,0,4,470,7,395,4,865,California
Sierra,2021-02-27,2,1263,2,100,0,1163,0,0,0,468,2,397,0,865,California
Sierra,2021-03-01,2,1265,2,102,0,1163,0,0,0,466,2,399,0,865,California
Sierra,2021-03-02,56,1321,0,102,56,1219,0,0,38,486,18,417,38,903,California
Sierra,2021-03-03,2,1323,2,104,0,1219,0,0,1,486,1,418,1,904,California
Sierra,2021-03-04,109,1432,0,104,109,1328,0,0,60,497,49,467,60,964,California
Sierra,2021-03-05,13,1445,1,105,12,1340,0,0,11,506,2,469,11,975,California
Sierra,2021-03-07,1,1446,1,106,0,1340,0,0,0,505,1,470,0,975,California
Sierra,2021-03-08,2,1448,2,108,0,1340,0,0,2,507,0,470,2,977,California
Sierra,2021-03-09,56,1504,0,108,56,1396,0,0,12,475,44,514,12,989,California
Sierra,2021-03-10,6,1510,0,108,6,1402,0,0,4,477,2,516,4,993,California
Sierra,2021-03-11,175,1685,0,108,175,1577,0,0,43,389,131,647,43,1036,California
Sierra,2021-03-12,20,1705,1,109,19,1596,0,0,0,369,20,667,0,1036,California
Sierra,2021-03-13,28,1733,0,109,28,1624,0,0,28,397,0,667,28,1064,California
Sierra,2021-03-14,1,1734,0,109,0,1624,1,1,0,397,1,668,1,1065,California
Sierra,2021-03-15,1,1735,1,110,0,1624,0,1,0,396,1,669,0,1065,California
Sierra,2021-03-16,36,1771,0,110,35,1659,1,2,23,407,13,682,24,1089,California
Sierra,2021-03-17,4,1775,3,113,1,1660,0,2,1,405,3,685,1,1090,California
Sierra,2021-03-18,158,1933,0,113,158,1818,0,2,65,377,93,778,65,1155,California
Sierra,2021-03-19,4,1937,2,115,2,1820,0,2,1,375,3,781,1,1156,California
Sierra,2021-03-20,1,1938,0,115,1,1821,0,2,1,376,0,781,1,1157,California
Sierra,2021-03-23,22,1960,0,115,22,1843,0,2,13,380,9,790,13,1170,California
Sierra,2021-03-24,3,1963,1,116,2,1845,0,2,1,379,2,792,1,1171,California
Sierra,2021-03-25,99,2062,1,117,98,1943,0,2,50,380,49,841,50,1221,California
Sierra,2021-03-26,12,2074,1,118,11,1954,0,2,9,386,3,844,9,1230,California
Sierra,2021-03-27,2,2076,1,119,1,1955,0,2,0,384,2,846,0,1230,California
Sierra,2021-03-29,1,2077,1,120,0,1955,0,2,0,383,1,847,0,1230,California
Sierra,2021-03-30,55,2132,1,121,54,2009,0,2,22,372,33,880,22,1252,California
Sierra,2021-03-31,8,2140,0,121,8,2017,0,2,8,380,0,880,8,1260,California
Sierra,2021-04-01,64,2204,2,123,62,2079,0,2,6,330,56,936,6,1266,California
Sierra,2021-04-02,3,2207,2,125,1,2080,0,2,2,331,1,937,2,1268,California
Sierra,2021-04-04,1,2208,0,125,1,2081,0,2,0,331,0,937,0,1268,California
Sierra,2021-04-05,1,2209,1,126,0,2081,0,2,1,332,0,937,1,1269,California
Sierra,2021-04-06,10,2219,0,126,10,2091,0,2,0,322,10,947,0,1269,California
Sierra,2021-04-07,15,2234,3,129,6,2097,6,8,3,320,11,958,9,1278,California
Sierra,2021-04-08,53,2287,2,131,51,2148,0,8,16,299,37,995,16,1294,California
Sierra,2021-04-09,2,2289,2,133,0,2148,0,8,1,299,1,996,1,1295,California
Sierra,2021-04-10,27,2316,0,133,27,2175,0,8,0,272,27,1023,0,1295,California
Sierra,2021-04-13,46,2362,0,133,46,2221,0,8,5,236,41,1064,5,1300,California
Sierra,2021-04-14,2,2364,1,134,1,2222,0,8,2,238,0,1064,2,1302,California
Sierra,2021-04-15,49,2413,1,135,48,2270,0,8,2,193,47,1111,2,1304,California
Sierra,2021-04-16,1,2414,0,135,1,2271,0,8,1,194,0,1111,1,1305,California
Sierra,2021-04-17,2,2416,1,136,1,2272,0,8,1,194,1,1112,1,1306,California
Sierra,2021-04-19,1,2417,1,137,0,2272,0,8,0,193,1,1113,0,1306,California
Sierra,2021-04-20,34,2451,1,138,33,2305,0,8,7,173,27,1140,7,1313,California
Sierra,2021-04-21,2,2453,1,139,1,2306,0,8,1,173,1,1141,1,1314,California
Sierra,2021-04-22,65,2518,2,141,63,2369,0,8,5,119,59,1200,5,1319,California
Sierra,2021-04-23,13,2531,0,141,13,2382,0,8,5,116,8,1208,5,1324,California
Sierra,2021-04-24,4,2535,0,141,4,2386,0,8,4,120,0,1208,4,1328,California
Sierra,2021-04-27,28,2563,1,142,27,2413,0,8,5,102,23,1231,5,1333,California
Sierra,2021-04-28,10,2573,2,144,8,2421,0,8,1,94,9,1240,1,1334,California
Sierra,2021-04-29,20,2593,2,146,18,2439,0,8,14,102,6,1246,14,1348,California
Sierra,2021-04-30,4,2597,2,148,2,2441,0,8,2,102,2,1248,2,1350,California
Sierra,2021-05-03,2,2599,2,150,0,2441,0,8,1,102,1,1249,1,1351,California
Sierra,2021-05-04,1,2600,0,150,0,2441,1,9,0,102,1,1250,1,1352,California
Sierra,2021-05-05,25,2625,1,151,24,2465,0,9,8,94,16,1266,8,1360,California
Sierra,2021-05-06,1,2626,1,152,0,2465,0,9,0,93,1,1267,0,1360,California
Sierra,2021-05-07,1,2627,1,153,0,2465,0,9,1,94,0,1267,1,1361,California
Sierra,2021-05-08,2,2629,0,153,1,2466,1,10,1,95,1,1268,2,1363,California
Sierra,2021-05-10,1,2630,0,153,0,2466,1,11,0,95,1,1269,1,1364,California
Sierra,2021-05-11,11,2641,0,153,4,2470,7,18,0,91,11,1280,7,1371,California
Siskiyou,2020-12-16,2,2,2,2,0,0,0,0,2,2,0,0,2,2,California
Siskiyou,2020-12-17,4,6,4,6,0,0,0,0,4,6,0,0,4,6,California
Siskiyou,2020-12-18,2,8,2,8,0,0,0,0,2,8,0,0,2,8,California
Siskiyou,2020-12-19,4,12,4,12,0,0,0,0,4,12,0,0,4,12,California
Siskiyou,2020-12-20,1,13,1,13,0,0,0,0,1,13,0,0,1,13,California
Siskiyou,2020-12-21,132,145,132,145,0,0,0,0,132,145,0,0,132,145,California
Siskiyou,2020-12-22,159,304,159,304,0,0,0,0,159,304,0,0,159,304,California
Siskiyou,2020-12-23,142,446,142,446,0,0,0,0,142,446,0,0,142,446,California
Siskiyou,2020-12-24,5,451,5,451,0,0,0,0,5,451,0,0,5,451,California
Siskiyou,2020-12-26,2,453,0,451,2,2,0,0,2,453,0,0,2,453,California
Siskiyou,2020-12-27,2,455,0,451,2,4,0,0,2,455,0,0,2,455,California
Siskiyou,2020-12-28,3,458,1,452,2,6,0,0,3,458,0,0,3,458,California
Siskiyou,2020-12-29,6,464,2,454,4,10,0,0,6,464,0,0,6,464,California
Siskiyou,2020-12-30,98,562,3,457,95,105,0,0,98,562,0,0,98,562,California
Siskiyou,2020-12-31,12,574,0,457,12,117,0,0,12,574,0,0,12,574,California
Siskiyou,2021-01-02,1,575,1,458,0,117,0,0,1,575,0,0,1,575,California
Siskiyou,2021-01-03,1,576,0,458,1,118,0,0,1,576,0,0,1,576,California
Siskiyou,2021-01-04,130,706,3,461,127,245,0,0,130,706,0,0,130,706,California
Siskiyou,2021-01-05,117,823,4,465,113,358,0,0,116,821,1,1,116,822,California
Siskiyou,2021-01-06,59,882,6,471,53,411,0,0,55,872,4,5,55,877,California
Siskiyou,2021-01-07,178,1060,4,475,174,585,0,0,177,1048,1,6,177,1054,California
Siskiyou,2021-01-08,41,1101,3,478,38,623,0,0,39,1085,2,8,39,1093,California
Siskiyou,2021-01-09,2,1103,2,480,0,623,0,0,0,1083,2,10,0,1093,California
Siskiyou,2021-01-11,226,1329,65,545,161,784,0,0,163,1183,63,73,163,1256,California
Siskiyou,2021-01-12,322,1651,274,819,48,832,0,0,88,1038,234,307,89,1345,California
Siskiyou,2021-01-13,157,1808,137,956,20,852,0,0,23,927,134,441,23,1368,California
Siskiyou,2021-01-14,26,1834,1,957,25,877,0,0,25,951,1,442,25,1393,California
Siskiyou,2021-01-15,35,1869,3,960,32,909,0,0,35,986,0,442,35,1428,California
Siskiyou,2021-01-16,7,1876,2,962,5,914,0,0,7,993,0,442,7,1435,California
Siskiyou,2021-01-17,1,1877,1,963,0,914,0,0,0,992,1,443,0,1435,California
Siskiyou,2021-01-18,77,1954,4,967,73,987,0,0,75,1065,2,445,75,1510,California
Siskiyou,2021-01-19,21,1975,1,968,20,1007,0,0,20,1084,1,446,20,1530,California
Siskiyou,2021-01-20,48,2023,35,1003,13,1020,0,0,43,1123,4,450,43,1573,California
Siskiyou,2021-01-21,42,2065,1,1004,41,1061,0,0,42,1165,0,450,42,1615,California
Siskiyou,2021-01-22,1328,3393,1176,2180,152,1213,0,0,1328,2493,0,450,1328,2943,California
Siskiyou,2021-01-23,5,3398,1,2181,4,1217,0,0,2,2492,3,453,2,2945,California
Siskiyou,2021-01-25,182,3580,8,2189,174,1391,0,0,178,2666,4,457,178,3123,California
Siskiyou,2021-01-26,148,3728,3,2192,145,1536,0,0,140,2798,8,465,140,3263,California
Siskiyou,2021-01-27,181,3909,1,2193,180,1716,0,0,126,2869,55,520,126,3389,California
Siskiyou,2021-01-28,232,4141,118,2311,114,1830,0,0,226,3089,6,526,226,3615,California
Siskiyou,2021-01-29,249,4390,3,2314,246,2076,0,0,247,3334,2,528,247,3862,California
Siskiyou,2021-01-30,3,4393,2,2316,1,2077,0,0,3,3337,0,528,3,3865,California
Siskiyou,2021-02-01,195,4588,3,2319,192,2269,0,0,105,3352,90,618,105,3970,California
Siskiyou,2021-02-02,289,4877,45,2364,244,2513,0,0,147,3357,142,760,147,4117,California
Siskiyou,2021-02-03,314,5191,1,2365,313,2826,0,0,264,3571,50,810,264,4381,California
Siskiyou,2021-02-04,322,5513,7,2372,315,3141,0,0,200,3649,122,932,200,4581,California
Siskiyou,2021-02-05,513,6026,4,2376,509,3650,0,0,348,3832,165,1097,348,4929,California
Siskiyou,2021-02-06,15,6041,0,2376,15,3665,0,0,15,3847,0,1097,15,4944,California
Siskiyou,2021-02-07,3,6044,2,2378,1,3666,0,0,3,3850,0,1097,3,4947,California
Siskiyou,2021-02-08,221,6265,5,2383,216,3882,0,0,216,4061,5,1102,216,5163,California
Siskiyou,2021-02-09,196,6461,4,2387,192,4074,0,0,163,4191,33,1135,163,5326,California
Siskiyou,2021-02-10,370,6831,40,2427,330,4404,0,0,317,4456,52,1187,317,5643,California
Siskiyou,2021-02-11,190,7021,1,2428,189,4593,0,0,174,4614,16,1203,174,5817,California
Siskiyou,2021-02-12,1691,8712,1199,3627,492,5085,0,0,501,3925,1190,2393,501,6318,California
Siskiyou,2021-02-13,36,8748,2,3629,34,5119,0,0,32,3953,4,2397,32,6350,California
Siskiyou,2021-02-14,5,8753,1,3630,4,5123,0,0,5,3958,0,2397,5,6355,California
Siskiyou,2021-02-15,107,8860,10,3640,97,5220,0,0,105,4061,2,2399,105,6460,California
Siskiyou,2021-02-16,114,8974,2,3642,112,5332,0,0,99,4145,15,2414,99,6559,California
Siskiyou,2021-02-17,185,9159,15,3657,170,5502,0,0,171,4302,14,2428,171,6730,California
Siskiyou,2021-02-18,222,9381,89,3746,133,5635,0,0,98,4276,124,2552,98,6828,California
Siskiyou,2021-02-19,71,9452,34,3780,37,5672,0,0,34,4273,37,2589,34,6862,California
Siskiyou,2021-02-20,21,9473,3,3783,18,5690,0,0,17,4286,4,2593,17,6879,California
Siskiyou,2021-02-21,1,9474,1,3784,0,5690,0,0,1,4287,0,2593,1,6880,California
Siskiyou,2021-02-22,124,9598,1,3785,123,5813,0,0,18,4199,106,2699,18,6898,California
Siskiyou,2021-02-23,197,9795,15,3800,182,5995,0,0,53,4108,144,2843,53,6951,California
Siskiyou,2021-02-24,147,9942,4,3804,143,6138,0,0,35,4031,112,2955,35,6986,California
Siskiyou,2021-02-25,300,10242,24,3828,276,6414,0,0,154,4039,146,3101,154,7140,California
Siskiyou,2021-02-26,669,10911,10,3838,659,7073,0,0,367,4104,302,3403,367,7507,California
Siskiyou,2021-02-27,33,10944,5,3843,28,7101,0,0,28,4127,5,3408,28,7535,California
Siskiyou,2021-02-28,5,10949,4,3847,1,7102,0,0,4,4130,1,3409,4,7539,California
Siskiyou,2021-03-01,280,11229,6,3853,274,7376,0,0,50,3950,230,3639,50,7589,California
Siskiyou,2021-03-02,190,11419,1,3854,189,7565,0,0,70,3900,120,3759,70,7659,California
Siskiyou,2021-03-03,343,11762,7,3861,336,7901,0,0,153,3863,190,3949,153,7812,California
Siskiyou,2021-03-04,794,12556,621,4482,173,8074,0,0,637,4343,157,4106,637,8449,California
Siskiyou,2021-03-05,326,12882,6,4488,309,8383,11,11,105,4241,218,4324,116,8565,California
Siskiyou,2021-03-06,43,12925,3,4491,33,8416,7,18,28,4261,15,4339,35,8600,California
Siskiyou,2021-03-07,12,12937,4,4495,0,8416,8,26,3,4263,9,4348,11,8611,California
Siskiyou,2021-03-08,361,13298,31,4526,295,8711,35,61,59,4055,302,4650,94,8705,California
Siskiyou,2021-03-09,163,13461,2,4528,108,8819,53,114,57,4059,106,4756,110,8815,California
Siskiyou,2021-03-10,221,13682,7,4535,184,9003,30,144,31,3930,190,4946,61,8876,California
Siskiyou,2021-03-11,474,14156,206,4741,221,9224,47,191,274,4052,199,5145,321,9197,California
Siskiyou,2021-03-12,647,14803,141,4882,467,9691,39,230,184,3814,461,5606,223,9420,California
Siskiyou,2021-03-13,428,15231,381,5263,24,9715,23,253,382,4173,46,5652,405,9825,California
Siskiyou,2021-03-14,20,15251,1,5264,3,9718,16,269,2,4173,18,5670,18,9843,California
Siskiyou,2021-03-15,453,15704,257,5521,176,9894,20,289,321,4382,132,5802,341,10184,California
Siskiyou,2021-03-16,255,15959,32,5553,206,10100,17,306,140,4425,114,5916,157,10341,California
Siskiyou,2021-03-17,202,16161,9,5562,185,10285,8,314,34,4299,168,6084,42,10383,California
Siskiyou,2021-03-18,926,17087,788,6350,126,10411,12,326,810,5005,116,6200,822,11205,California
Siskiyou,2021-03-19,67,17154,9,6359,45,10456,13,339,20,4991,47,6247,33,11238,California
Siskiyou,2021-03-20,30,17184,7,6366,18,10474,5,344,6,4978,24,6271,11,11249,California
Siskiyou,2021-03-21,10,17194,4,6370,1,10475,5,349,4,4981,6,6277,9,11258,California
Siskiyou,2021-03-22,207,17401,21,6391,164,10639,22,371,144,5087,60,6337,166,11424,California
Siskiyou,2021-03-23,195,17596,19,6410,166,10805,10,381,141,5184,54,6391,151,11575,California
Siskiyou,2021-03-24,140,17736,47,6457,93,10898,0,381,115,5274,25,6416,115,11690,California
Siskiyou,2021-03-25,572,18308,320,6777,249,11147,3,384,400,5505,172,6588,403,12093,California
Siskiyou,2021-03-26,304,18612,35,6812,269,11416,0,384,104,5411,198,6786,104,12197,California
Siskiyou,2021-03-27,37,18649,4,6816,28,11444,5,389,9,5397,28,6814,14,12211,California
Siskiyou,2021-03-28,8,18657,7,6823,1,11445,0,389,5,5399,3,6817,5,12216,California
Siskiyou,2021-03-29,98,18755,11,6834,85,11530,2,391,47,5398,50,6867,49,12265,California
Siskiyou,2021-03-30,102,18857,7,6841,94,11624,1,392,41,5379,61,6928,42,12307,California
Siskiyou,2021-03-31,190,19047,21,6862,166,11790,3,395,50,5294,139,7067,54,12361,California
Siskiyou,2021-04-01,824,19871,667,7529,157,11947,0,395,208,4886,616,7683,208,12569,California
Siskiyou,2021-04-02,346,20217,197,7726,145,12092,4,399,65,4676,279,7962,69,12638,California
Siskiyou,2021-04-03,26,20243,5,7731,14,12106,7,406,5,4667,21,7983,12,12650,California
Siskiyou,2021-04-04,2,20245,2,7733,0,12106,0,406,1,4667,1,7984,1,12651,California
Siskiyou,2021-04-05,437,20682,330,8063,80,12186,27,433,26,4309,410,8394,52,12703,California
Siskiyou,2021-04-06,219,20901,36,8099,130,12316,53,486,125,4393,93,8487,177,12880,California
Siskiyou,2021-04-07,116,21017,11,8110,63,12379,42,528,66,4451,50,8537,108,12988,California
Siskiyou,2021-04-08,347,21364,183,8293,123,12502,41,569,60,4265,287,8824,101,13089,California
Siskiyou,2021-04-09,548,21912,381,8674,130,12632,37,606,84,3925,462,9286,122,13211,California
Siskiyou,2021-04-10,46,21958,6,8680,3,12635,37,643,7,3930,39,9325,44,13255,California
Siskiyou,2021-04-11,8,21966,5,8685,1,12636,2,645,2,3928,6,9331,4,13259,California
Siskiyou,2021-04-12,129,22095,25,8710,103,12739,1,646,49,3898,80,9411,50,13309,California
Siskiyou,2021-04-13,204,22299,36,8746,167,12906,1,647,78,3851,126,9537,79,13388,California
Siskiyou,2021-04-14,157,22456,65,8811,92,12998,0,647,86,3868,69,9606,86,13474,California
Siskiyou,2021-04-15,1116,23572,956,9767,160,13158,0,647,436,3624,680,10286,436,13910,California
Siskiyou,2021-04-16,297,23869,206,9973,91,13249,0,647,266,3860,30,10316,266,14176,California
Siskiyou,2021-04-17,12,23881,9,9982,3,13252,0,647,8,3864,4,10320,8,14184,California
Siskiyou,2021-04-18,5,23886,3,9985,2,13254,0,647,2,3863,3,10323,2,14186,California
Siskiyou,2021-04-19,126,24012,22,10007,104,13358,0,647,43,3823,83,10406,43,14229,California
Siskiyou,2021-04-20,236,24248,4,10011,232,13590,0,647,93,3773,143,10549,93,14322,California
Siskiyou,2021-04-21,96,24344,12,10023,84,13674,0,647,26,3729,70,10619,26,14348,California
Siskiyou,2021-04-22,415,24759,302,10325,113,13787,0,647,50,3414,365,10984,50,14398,California
Siskiyou,2021-04-23,171,24930,13,10338,158,13945,0,647,149,3542,21,11005,149,14547,California
Siskiyou,2021-04-24,27,24957,4,10342,23,13968,0,647,19,3553,8,11013,19,14566,California
Siskiyou,2021-04-25,3,24960,0,10342,3,13971,0,647,2,3554,1,11014,2,14568,California
Siskiyou,2021-04-26,100,25060,7,10349,88,14059,5,652,25,3509,75,11089,30,14598,California
Siskiyou,2021-04-27,102,25162,3,10352,97,14156,2,654,83,3578,16,11105,85,14683,California
Siskiyou,2021-04-28,111,25273,9,10361,94,14250,8,662,53,3581,58,11163,61,14744,California
Siskiyou,2021-04-29,105,25378,14,10375,91,14341,0,662,25,3526,80,11243,25,14769,California
Siskiyou,2021-04-30,101,25479,20,10395,80,14421,1,663,44,3516,54,11297,44,14813,California
Siskiyou,2021-05-01,10,25489,6,10401,1,14422,3,666,7,3523,3,11300,10,14823,California
Siskiyou,2021-05-02,11,25500,5,10406,6,14428,0,666,9,3530,2,11302,9,14832,California
Siskiyou,2021-05-03,112,25612,24,10430,85,14513,3,669,47,3515,65,11367,50,14882,California
Siskiyou,2021-05-04,112,25724,6,10436,103,14616,3,672,58,3523,53,11420,61,14943,California
Siskiyou,2021-05-05,116,25840,24,10460,83,14699,9,681,38,3493,77,11497,47,14990,California
Siskiyou,2021-05-06,346,26186,274,10734,67,14766,5,686,179,3510,167,11664,184,15174,California
Siskiyou,2021-05-07,309,26495,221,10955,84,14850,4,690,33,3272,275,11939,37,15211,California
Siskiyou,2021-05-08,23,26518,6,10961,16,14866,1,691,17,3284,6,11945,18,15229,California
Siskiyou,2021-05-09,2,26520,0,10961,1,14867,1,692,0,3283,2,11947,1,15230,California
Siskiyou,2021-05-10,62,26582,32,10993,28,14895,2,694,19,3261,43,11990,21,15251,California
Siskiyou,2021-05-11,43,26625,3,10996,36,14931,4,698,19,3260,24,12014,23,15274,California
Solano,2020-12-15,4,4,4,4,0,0,0,0,4,4,0,0,4,4,California
Solano,2020-12-16,71,75,71,75,0,0,0,0,71,75,0,0,71,75,California
Solano,2020-12-17,153,228,153,228,0,0,0,0,153,228,0,0,153,228,California
Solano,2020-12-18,445,673,444,672,1,1,0,0,445,673,0,0,445,673,California
Solano,2020-12-19,518,1191,518,1190,0,1,0,0,518,1191,0,0,518,1191,California
Solano,2020-12-20,355,1546,353,1543,2,3,0,0,355,1546,0,0,355,1546,California
Solano,2020-12-21,572,2118,570,2113,2,5,0,0,572,2118,0,0,572,2118,California
Solano,2020-12-22,663,2781,630,2743,33,38,0,0,663,2781,0,0,663,2781,California
Solano,2020-12-23,859,3640,772,3515,87,125,0,0,858,3639,0,0,858,3639,California
Solano,2020-12-24,422,4062,171,3686,251,376,0,0,422,4061,0,0,422,4061,California
Solano,2020-12-25,10,4072,2,3688,8,384,0,0,10,4071,0,0,10,4071,California
Solano,2020-12-26,175,4247,48,3736,127,511,0,0,175,4246,0,0,175,4246,California
Solano,2020-12-27,104,4351,29,3765,75,586,0,0,104,4350,0,0,104,4350,California
Solano,2020-12-28,863,5214,421,4186,442,1028,0,0,863,5213,0,0,863,5213,California
Solano,2020-12-29,896,6110,376,4562,520,1548,0,0,896,6109,0,0,896,6109,California
Solano,2020-12-30,1236,7346,601,5163,635,2183,0,0,1236,7345,0,0,1236,7345,California
Solano,2020-12-31,538,7884,137,5300,401,2584,0,0,538,7883,0,0,538,7883,California
Solano,2021-01-01,14,7898,13,5313,1,2585,0,0,14,7897,0,0,14,7897,California
Solano,2021-01-02,213,8111,165,5478,48,2633,0,0,213,8110,0,0,213,8110,California
Solano,2021-01-03,57,8168,40,5518,17,2650,0,0,52,8162,0,0,52,8162,California
Solano,2021-01-04,451,8619,246,5764,205,2855,0,0,441,8600,3,3,441,8603,California
Solano,2021-01-05,729,9348,377,6141,352,3207,0,0,575,9026,149,152,575,9178,California
Solano,2021-01-06,844,10192,436,6577,408,3615,0,0,582,9348,260,412,582,9760,California
Solano,2021-01-07,1066,11258,683,7260,383,3998,0,0,609,9503,455,867,610,10370,California
Solano,2021-01-08,1137,12395,777,8037,360,4358,0,0,544,9474,575,1442,546,10916,California
Solano,2021-01-09,885,13280,763,8800,122,4480,0,0,428,9448,454,1896,428,11344,California
Solano,2021-01-10,254,13534,194,8994,60,4540,0,0,153,9500,101,1997,153,11497,California
Solano,2021-01-11,1329,14863,1118,10112,211,4751,0,0,813,9797,516,2513,813,12310,California
Solano,2021-01-12,1566,16429,1168,11280,398,5149,0,0,1015,10263,550,3063,1016,13326,California
Solano,2021-01-13,1465,17894,1005,12285,460,5609,0,0,1206,11212,257,3320,1206,14532,California
Solano,2021-01-14,1887,19781,815,13100,1072,6681,0,0,1573,12471,314,3634,1573,16105,California
Solano,2021-01-15,1695,21476,1060,14160,635,7316,0,0,1397,13570,298,3932,1397,17502,California
Solano,2021-01-16,1290,22766,903,15063,387,7703,0,0,1115,14510,175,4107,1115,18617,California
Solano,2021-01-17,1045,23811,761,15824,284,7987,0,0,1027,15519,18,4125,1027,19644,California
Solano,2021-01-18,1415,25226,857,16681,558,8545,0,0,1297,16700,118,4243,1299,20943,California
Solano,2021-01-19,1651,26877,1339,18020,312,8857,0,0,1378,17806,272,4515,1378,22321,California
Solano,2021-01-20,2033,28910,1423,19443,610,9467,0,0,1547,18870,483,4998,1547,23868,California
Solano,2021-01-21,3172,32082,1007,20450,2165,11632,0,0,2824,21347,348,5346,2825,26693,California
Solano,2021-01-22,1774,33856,845,21295,929,12561,0,0,1584,22741,190,5536,1584,28277,California
Solano,2021-01-23,736,34592,242,21537,494,13055,0,0,531,23067,206,5742,532,28809,California
Solano,2021-01-24,404,34996,61,21598,343,13398,0,0,337,23337,67,5809,337,29146,California
Solano,2021-01-25,1661,36657,625,22223,1036,14434,0,0,1109,23896,551,6360,1110,30256,California
Solano,2021-01-26,1773,38430,737,22960,1036,15470,0,0,1142,24409,630,6990,1143,31399,California
Solano,2021-01-27,1796,40226,726,23686,1070,16540,0,0,1183,24992,600,7590,1183,32582,California
Solano,2021-01-28,1954,42180,705,24391,1249,17789,0,0,1363,25766,590,8180,1364,33946,California
Solano,2021-01-29,1699,43879,783,25174,916,18705,0,0,1344,26757,353,8533,1344,35290,California
Solano,2021-01-30,712,44591,220,25394,492,19197,0,0,551,27147,161,8694,551,35841,California
Solano,2021-01-31,485,45076,394,25788,91,19288,0,0,230,27123,255,8949,231,36072,California
Solano,2021-02-01,1509,46585,988,26776,521,19809,0,0,767,27151,739,9688,767,36839,California
Solano,2021-02-02,3356,49941,1112,27888,2244,22053,0,0,2530,28859,822,10510,2530,39369,California
Solano,2021-02-03,2263,52204,1305,29193,958,23011,0,0,1164,28928,1095,11605,1164,40533,California
Solano,2021-02-04,1799,54003,911,30104,888,23899,0,0,1076,29286,718,12323,1076,41609,California
Solano,2021-02-05,3088,57091,1413,31517,1675,25574,0,0,2087,30380,993,13316,2087,43696,California
Solano,2021-02-06,3051,60142,1170,32687,1881,27455,0,0,2236,31805,811,14127,2236,45932,California
Solano,2021-02-07,848,60990,784,33471,64,27519,0,0,231,31419,617,14744,231,46163,California
Solano,2021-02-08,1750,62740,1234,34705,516,28035,0,0,709,31090,1038,15782,709,46872,California
Solano,2021-02-09,1947,64687,1485,36190,462,28497,0,0,699,30542,1247,17029,699,47571,California
Solano,2021-02-10,2266,66953,1498,37688,768,29265,0,0,820,29916,1446,18475,820,48391,California
Solano,2021-02-11,2501,69454,1489,39177,1012,30277,0,0,1197,29820,1294,19769,1198,49589,California
Solano,2021-02-12,4206,73660,1617,40794,2589,32866,0,0,2864,31349,1335,21104,2864,52453,California
Solano,2021-02-13,2862,76522,247,41041,2615,35481,0,0,2450,33390,409,21513,2450,54903,California
Solano,2021-02-14,704,77226,202,41243,502,35983,0,0,412,33513,290,21803,413,55316,California
Solano,2021-02-15,1314,78540,324,41567,990,36973,0,0,677,33554,636,22439,677,55993,California
Solano,2021-02-16,2567,81107,1395,42962,1172,38145,0,0,1677,34342,889,23328,1677,57670,California
Solano,2021-02-17,3052,84159,1452,44414,1600,39745,0,0,2014,35322,1035,24363,2015,59685,California
Solano,2021-02-18,2801,86960,845,45259,1956,41701,0,0,833,34194,1962,26325,834,60519,California
Solano,2021-02-19,2398,89358,1447,46706,951,42652,0,0,1174,34150,1220,27545,1176,61695,California
Solano,2021-02-20,2567,91925,382,47088,2185,44837,0,0,2095,35772,473,28018,2095,63790,California
Solano,2021-02-21,2175,94100,1861,48949,314,45151,0,0,1864,37329,307,28325,1864,65654,California
Solano,2021-02-22,1719,95819,1046,49995,673,45824,0,0,906,37425,811,29136,907,66561,California
Solano,2021-02-23,2841,98660,1088,51083,1753,47577,0,0,1939,38465,899,30035,1939,68500,California
Solano,2021-02-24,2472,101132,1241,52324,1231,48808,0,0,1385,38765,1085,31120,1385,69885,California
Solano,2021-02-25,2397,103529,1442,53766,955,49763,0,0,1310,38993,1082,32202,1310,71195,California
Solano,2021-02-26,3170,106699,2017,55783,1153,50916,0,0,1840,39516,1317,33519,1840,73035,California
Solano,2021-02-27,3651,110350,1374,57157,2276,53192,1,1,2956,41786,687,34206,2957,75992,California
Solano,2021-02-28,1370,111720,1039,58196,331,53523,0,1,1092,42604,275,34481,1093,77085,California
Solano,2021-03-01,2433,114153,1053,59249,1379,54902,1,2,1831,43838,598,35079,1832,78917,California
Solano,2021-03-02,2175,116328,1366,60615,809,55711,0,2,1270,44203,905,35984,1270,80187,California
Solano,2021-03-03,2211,118539,1254,61869,957,56668,0,2,1374,44749,829,36813,1375,81562,California
Solano,2021-03-04,4346,122885,3404,65273,940,57608,2,4,3130,46675,1209,38022,3135,84697,California
Solano,2021-03-05,4901,127786,1665,66938,3231,60839,5,9,3940,49669,951,38973,3945,88642,California
Solano,2021-03-06,3832,131618,825,67763,2968,63807,39,48,2638,51161,1185,40158,2677,91319,California
Solano,2021-03-07,3542,135160,737,68500,2795,66602,10,58,1950,51541,1581,41739,1961,93280,California
Solano,2021-03-08,2112,137272,1316,69816,525,67127,271,329,1596,52894,512,42251,1865,95145,California
Solano,2021-03-09,3137,140409,1510,71326,1573,68700,54,383,2245,54298,892,43143,2296,97441,California
Solano,2021-03-10,2392,142801,1738,73064,568,69268,86,469,1248,54490,1140,44283,1332,98773,California
Solano,2021-03-11,6004,148805,1748,74812,4002,73270,254,723,4955,58654,1045,45328,5209,103982,California
Solano,2021-03-12,5979,154784,1563,76375,4240,77510,176,899,3157,59169,2818,48146,3333,107315,California
Solano,2021-03-13,4574,159358,804,77179,3686,81196,84,983,2239,59166,2328,50474,2325,109640,California
Solano,2021-03-14,3988,163346,3112,80291,423,81619,453,1436,1651,58935,2332,52806,2101,111741,California
Solano,2021-03-15,4003,167349,2446,82737,1240,82859,317,1753,2511,60279,1484,54290,2828,114569,California
Solano,2021-03-16,3089,170438,1325,84062,1528,84387,236,1989,1574,60578,1510,55800,1809,116378,California
Solano,2021-03-17,6335,176773,1665,85727,4579,88966,91,2080,4880,64097,1452,57252,4971,121349,California
Solano,2021-03-18,5183,181956,1838,87565,3309,92275,36,2116,3819,66595,1356,58608,3854,125203,California
Solano,2021-03-19,3442,185398,2522,90087,847,93122,73,2189,1749,66736,1682,60290,1823,127026,California
Solano,2021-03-20,5513,190911,1666,91753,3793,96915,54,2243,2834,66954,2670,62960,2888,129914,California
Solano,2021-03-21,1667,192578,1564,93317,79,96994,24,2267,854,67019,811,63771,876,130790,California
Solano,2021-03-22,2667,195245,2038,95355,579,97573,50,2317,1676,67755,986,64757,1722,132512,California
Solano,2021-03-23,3495,198740,1657,97012,1796,99369,42,2359,1440,67185,2051,66808,1481,133993,California
Solano,2021-03-24,2811,201551,1759,98771,1017,100386,35,2394,1369,67152,1436,68244,1403,135396,California
Solano,2021-03-25,4845,206396,3973,102744,837,101223,35,2429,2288,66923,2553,70797,2324,137720,California
Solano,2021-03-26,3209,209605,2084,104828,1089,102312,36,2465,1740,67239,1460,72257,1776,139496,California
Solano,2021-03-27,4185,213790,1147,105975,3002,105314,36,2501,1799,66694,2380,74637,1835,141331,California
Solano,2021-03-28,1415,215205,1105,107080,292,105606,18,2519,564,66429,847,75484,582,141913,California
Solano,2021-03-29,3481,218686,2035,109115,1429,107035,17,2536,1602,66180,1868,77352,1619,143532,California
Solano,2021-03-30,3005,221691,2014,111129,901,107936,90,2626,1914,67096,1089,78441,2005,145537,California
Solano,2021-03-31,3115,224806,2121,113250,835,108771,159,2785,1843,67825,1269,79710,1998,147535,California
Solano,2021-04-01,5516,230322,2096,115346,3276,112047,144,2929,3493,69451,2012,81722,3638,151173,California
Solano,2021-04-02,6473,236795,2209,117555,4098,116145,166,3095,2485,68128,3973,85695,2650,153823,California
Solano,2021-04-03,1523,238318,958,118513,411,116556,154,3249,557,67875,964,86659,711,154534,California
Solano,2021-04-04,775,239093,286,118799,188,116744,301,3550,237,67879,534,87193,538,155072,California
Solano,2021-04-05,2964,242057,2021,120820,737,117481,206,3756,1507,68135,1455,88648,1711,156783,California
Solano,2021-04-06,5865,247922,1623,122443,3751,121232,491,4247,1610,65984,4249,92897,2098,158881,California
Solano,2021-04-07,5874,253796,4547,126990,934,122166,393,4640,3350,67218,2508,95405,3742,162623,California
Solano,2021-04-08,6400,260196,1781,128771,3764,125930,855,5495,1804,65300,4569,99974,2651,165274,California
Solano,2021-04-09,6225,266421,1651,130422,3734,129664,840,6335,1513,62959,4690,104664,2349,167623,California
Solano,2021-04-10,1711,268132,947,131369,448,130112,316,6651,792,63148,918,105582,1107,168730,California
Solano,2021-04-11,1221,269353,759,132128,335,130447,127,6778,634,63325,584,106166,761,169491,California
Solano,2021-04-12,3250,272603,1670,133798,1222,131669,358,7136,1341,63118,1904,108070,1697,171188,California
Solano,2021-04-13,2524,275127,1090,134888,1433,133102,1,7137,1318,63235,1202,109272,1319,172507,California
Solano,2021-04-14,6395,281522,1947,136835,4448,137550,0,7137,1852,60557,4531,113803,1853,174360,California
Solano,2021-04-15,5656,287178,2135,138970,3521,141071,0,7137,1716,58345,3928,117731,1716,176076,California
Solano,2021-04-16,3656,290834,2565,141535,1089,142160,2,7139,2279,59257,1369,119100,2281,178357,California
Solano,2021-04-17,3248,294082,1058,142593,2190,144350,0,7139,1132,58281,2109,121209,1133,179490,California
Solano,2021-04-18,1003,295085,609,143202,394,144744,0,7139,528,58335,474,121683,528,180018,California
Solano,2021-04-19,2054,297139,1154,144356,900,145644,0,7139,1142,58572,907,122590,1144,181162,California
Solano,2021-04-20,2996,300135,1823,146179,1173,146817,0,7139,1667,58914,1325,123915,1667,182829,California
Solano,2021-04-21,3545,303680,2316,148495,1229,148046,0,7139,1777,58929,1762,125677,1777,184606,California
Solano,2021-04-22,2900,306580,1455,149950,1445,149491,0,7139,1768,59568,1129,126806,1768,186374,California
Solano,2021-04-23,4113,310693,2059,152009,2054,151545,0,7139,2460,60384,1645,128451,2461,188835,California
Solano,2021-04-24,3459,314152,2274,154283,1183,152728,2,7141,2421,61847,960,129411,2423,191258,California
Solano,2021-04-25,1429,315581,1114,155397,315,153043,0,7141,1129,62683,293,129704,1129,192387,California
Solano,2021-04-26,2381,317962,1550,156947,827,153870,4,7145,1261,62840,1108,130812,1265,193652,California
Solano,2021-04-27,2282,320244,1203,158150,1055,154925,24,7169,1263,63116,1012,131824,1288,194940,California
Solano,2021-04-28,5078,325322,4101,162251,931,155856,46,7215,3140,64374,1928,133752,3186,198126,California
Solano,2021-04-29,3871,329193,1253,163504,2587,158443,31,7246,1576,63695,2286,136038,1607,199733,California
Solano,2021-04-30,3779,332972,2019,165523,1630,160073,130,7376,1837,63731,1931,137969,1967,201700,California
Solano,2021-05-01,2107,335079,1622,167145,294,160367,191,7567,1245,64310,857,138826,1436,203136,California
Solano,2021-05-02,1095,336174,934,168079,137,160504,24,7591,572,64388,518,139344,596,203732,California
Solano,2021-05-03,1447,337621,1000,169079,358,160862,89,7680,593,64219,852,140196,683,204415,California
Solano,2021-05-04,1781,339402,1041,170120,679,161541,61,7741,798,64096,982,141178,859,205274,California
Solano,2021-05-05,2252,341654,1407,171527,730,162271,115,7856,1080,64123,1166,142344,1193,206467,California
Solano,2021-05-06,1903,343557,1189,172716,567,162838,147,8003,713,63800,1183,143527,860,207327,California
Solano,2021-05-07,2652,346209,1862,174578,679,163517,111,8114,917,63097,1729,145256,1026,208353,California
Solano,2021-05-08,1284,347493,818,175396,355,163872,111,8225,445,62817,836,146092,556,208909,California
Solano,2021-05-09,419,347912,242,175638,165,164037,12,8237,161,62735,256,146348,174,209083,California
Solano,2021-05-10,1260,349172,577,176215,596,164633,87,8324,362,62290,895,147243,450,209533,California
Solano,2021-05-11,1505,350677,664,176879,795,165428,46,8370,356,61550,1144,148387,404,209937,California
Sonoma,2020-12-15,4,4,4,4,0,0,0,0,4,4,0,0,4,4,California
Sonoma,2020-12-16,27,31,27,31,0,0,0,0,27,31,0,0,27,31,California
Sonoma,2020-12-17,104,135,104,135,0,0,0,0,104,135,0,0,104,135,California
Sonoma,2020-12-18,420,555,420,555,0,0,0,0,420,555,0,0,420,555,California
Sonoma,2020-12-19,111,666,110,665,1,1,0,0,111,666,0,0,111,666,California
Sonoma,2020-12-20,174,840,174,839,0,1,0,0,174,840,0,0,174,840,California
Sonoma,2020-12-21,910,1750,908,1747,2,3,0,0,909,1749,0,0,909,1749,California
Sonoma,2020-12-22,1355,3105,1264,3011,91,94,0,0,1355,3104,0,0,1355,3104,California
Sonoma,2020-12-23,1607,4712,1231,4242,376,470,0,0,1608,4712,0,0,1608,4712,California
Sonoma,2020-12-24,305,5017,101,4343,204,674,0,0,305,5017,0,0,305,5017,California
Sonoma,2020-12-25,8,5025,2,4345,6,680,0,0,8,5025,0,0,8,5025,California
Sonoma,2020-12-26,267,5292,256,4601,11,691,0,0,267,5292,0,0,267,5292,California
Sonoma,2020-12-27,93,5385,80,4681,13,704,0,0,93,5385,0,0,93,5385,California
Sonoma,2020-12-28,987,6372,553,5234,434,1138,0,0,958,6343,0,0,958,6343,California
Sonoma,2020-12-29,1129,7501,776,6010,353,1491,0,0,1095,7438,0,0,1095,7438,California
Sonoma,2020-12-30,1093,8594,479,6489,614,2105,0,0,1085,8523,0,0,1085,8523,California
Sonoma,2020-12-31,517,9111,71,6560,446,2551,0,0,518,9041,0,0,518,9041,California
Sonoma,2021-01-01,11,9122,6,6566,5,2556,0,0,11,9052,0,0,11,9052,California
Sonoma,2021-01-02,131,9253,125,6691,6,2562,0,0,131,9183,0,0,131,9183,California
Sonoma,2021-01-03,25,9278,11,6702,14,2576,0,0,25,9208,0,0,25,9208,California
Sonoma,2021-01-04,341,9619,105,6807,236,2812,0,0,340,9548,0,0,340,9548,California
Sonoma,2021-01-05,438,10057,102,6909,336,3148,0,0,414,9947,15,15,414,9962,California
Sonoma,2021-01-06,947,11004,432,7341,515,3663,0,0,836,10678,105,120,836,10798,California
Sonoma,2021-01-07,1031,12035,535,7876,496,4159,0,0,861,11370,169,289,861,11659,California
Sonoma,2021-01-08,1790,13825,1233,9109,557,4716,0,0,1318,12218,470,759,1318,12977,California
Sonoma,2021-01-09,639,14464,402,9511,237,4953,0,0,591,12761,48,807,591,13568,California
Sonoma,2021-01-10,472,14936,461,9972,11,4964,0,0,278,12845,194,1001,278,13846,California
Sonoma,2021-01-11,1383,16319,1237,11209,146,5110,0,0,414,12294,965,1966,414,14260,California
Sonoma,2021-01-12,1546,17865,1293,12502,253,5363,0,0,395,11540,1149,3115,395,14655,California
Sonoma,2021-01-13,2074,19939,1399,13901,675,6038,0,0,1211,11892,860,3975,1212,15867,California
Sonoma,2021-01-14,1531,21470,806,14707,725,6763,0,0,1300,12961,231,4206,1300,17167,California
Sonoma,2021-01-15,1567,23037,636,15343,931,7694,0,0,1346,14097,211,4417,1347,18514,California
Sonoma,2021-01-16,1144,24181,617,15960,527,8221,0,0,898,14753,242,4659,898,19412,California
Sonoma,2021-01-17,669,24850,548,16508,121,8342,0,0,589,15262,80,4739,589,20001,California
Sonoma,2021-01-18,1105,25955,931,17439,174,8516,0,0,615,15388,490,5229,616,20617,California
Sonoma,2021-01-19,2096,28051,1006,18445,1090,9606,0,0,1386,16067,708,5937,1387,22004,California
Sonoma,2021-01-20,2078,30129,626,19071,1452,11058,0,0,1417,16834,651,6588,1418,23422,California
Sonoma,2021-01-21,2262,32391,647,19718,1615,12673,0,0,2043,18661,217,6805,2044,25466,California
Sonoma,2021-01-22,2738,35129,1043,20761,1695,14368,0,0,2590,21104,147,6952,2590,28056,California
Sonoma,2021-01-23,768,35897,593,21354,175,14543,0,0,661,21659,106,7058,661,28717,California
Sonoma,2021-01-24,851,36748,715,22069,136,14679,0,0,835,22478,16,7074,835,29552,California
Sonoma,2021-01-25,2173,38921,520,22589,1653,16332,0,0,1686,23677,487,7561,1686,31238,California
Sonoma,2021-01-26,2013,40934,301,22890,1712,18044,0,0,1558,24781,454,8015,1558,32796,California
Sonoma,2021-01-27,3698,44632,1279,24169,2419,20463,0,0,3125,27338,571,8586,3128,35924,California
Sonoma,2021-01-28,4119,48751,1848,26017,2271,22734,0,0,3448,30119,668,9254,3449,39373,California
Sonoma,2021-01-29,2967,51718,1411,27428,1556,24290,0,0,2133,31421,832,10086,2134,41507,California
Sonoma,2021-01-30,2583,54301,2394,29822,189,24479,0,0,2244,33327,339,10425,2245,43752,California
Sonoma,2021-01-31,777,55078,665,30487,112,24591,0,0,579,33709,197,10622,579,44331,California
Sonoma,2021-02-01,2505,57583,883,31370,1622,26213,0,0,2100,35407,402,11024,2100,46431,California
Sonoma,2021-02-02,3525,61108,1373,32743,2152,28365,0,0,2954,37792,569,11593,2954,49385,California
Sonoma,2021-02-03,4036,65144,1322,34065,2714,31079,0,0,3106,39971,927,12520,3106,52491,California
Sonoma,2021-02-04,4204,69348,1713,35778,2491,33570,0,0,3421,42612,781,13301,3422,55913,California
Sonoma,2021-02-05,4815,74163,1739,37517,3076,36646,0,0,3796,45394,1015,14316,3797,59710,California
Sonoma,2021-02-06,2658,76821,2298,39815,360,37006,0,0,2098,46933,559,14875,2098,61808,California
Sonoma,2021-02-07,1536,78357,1401,41216,135,37141,0,0,1284,47965,252,15127,1284,63092,California
Sonoma,2021-02-08,3258,81615,1034,42250,2224,39365,0,0,2678,50064,579,15706,2678,65770,California
Sonoma,2021-02-09,3567,85182,1697,43947,1870,41235,0,0,3087,52674,478,16184,3088,68858,California
Sonoma,2021-02-10,4537,89719,2479,46426,2058,43293,0,0,3499,55142,1032,17216,3500,72358,California
Sonoma,2021-02-11,5570,95289,3017,49443,2553,45846,0,0,4387,58349,1180,18396,4387,76745,California
Sonoma,2021-02-12,5902,101191,3243,52686,2659,48505,0,0,4479,61412,1419,19815,4482,81227,California
Sonoma,2021-02-13,1984,103175,1152,53838,832,49337,0,0,1201,61833,780,20595,1201,82428,California
Sonoma,2021-02-14,2316,105491,1822,55660,494,49831,0,0,1569,62656,746,21341,1569,83997,California
Sonoma,2021-02-15,2139,107630,791,56451,1348,51179,0,0,1604,63726,534,21875,1604,85601,California
Sonoma,2021-02-16,4897,112527,2052,58503,2845,54024,0,0,3643,66119,1250,23125,3643,89244,California
Sonoma,2021-02-17,5595,118122,2897,61400,2698,56722,0,0,3571,67676,2016,25141,3573,92817,California
Sonoma,2021-02-18,6922,125044,3133,64533,3789,60511,0,0,4000,68763,2914,28055,4001,96818,California
Sonoma,2021-02-19,5517,130561,1666,66199,3851,64362,0,0,3421,70094,2091,30146,3422,100240,California
Sonoma,2021-02-20,3120,133681,2840,69039,280,64642,0,0,1217,69414,1897,32043,1217,101457,California
Sonoma,2021-02-21,522,134203,415,69454,107,64749,0,0,131,69157,388,32431,131,101588,California
Sonoma,2021-02-22,2876,137079,1355,70809,1521,66270,0,0,1197,68680,1674,34105,1197,102785,California
Sonoma,2021-02-23,3363,140442,2071,72880,1292,67562,0,0,1616,68553,1743,35848,1616,104401,California
Sonoma,2021-02-24,5634,146076,2540,75420,3094,70656,0,0,2913,68751,2716,38564,2914,107315,California
Sonoma,2021-02-25,5792,151868,2239,77659,3553,74209,0,0,3109,69197,2663,41227,3109,110424,California
Sonoma,2021-02-26,6258,158126,2757,80416,3501,77710,0,0,3969,70882,2284,43511,3969,114393,California
Sonoma,2021-02-27,4027,162153,1907,82323,2120,79830,0,0,2684,72225,1341,44852,2684,117077,California
Sonoma,2021-02-28,2334,164487,1851,84174,483,80313,0,0,609,71120,1714,46566,609,117686,California
Sonoma,2021-03-01,3741,168228,1134,85308,2607,82920,0,0,1880,71150,1851,48417,1881,119567,California
Sonoma,2021-03-02,4346,172574,1480,86788,2866,85786,0,0,2532,71876,1806,50223,2532,122099,California
Sonoma,2021-03-03,5033,177607,2634,89422,2399,88185,0,0,2312,71474,2714,52937,2312,124411,California
Sonoma,2021-03-04,5920,183527,2664,92086,3256,91441,0,0,2568,70704,3338,56275,2568,126979,California
Sonoma,2021-03-05,6443,189970,2823,94909,3605,95046,15,15,2715,69722,3713,59988,2731,129710,California
Sonoma,2021-03-06,2777,192747,1212,96121,1431,96477,134,149,1910,70905,860,60848,2043,131753,California
Sonoma,2021-03-07,1682,194429,1392,97513,255,96732,35,184,357,69974,1323,62171,392,132145,California
Sonoma,2021-03-08,4053,198482,654,98167,3224,99956,175,359,2381,70866,1662,63833,2554,134699,California
Sonoma,2021-03-09,5486,203968,3002,101169,2242,102198,242,601,2672,70973,2807,66640,2914,137613,California
Sonoma,2021-03-10,5959,209927,3175,104344,2456,104654,328,929,2401,70157,3544,70184,2728,140341,California
Sonoma,2021-03-11,7523,217450,2996,107340,3707,108361,820,1749,2562,68588,4952,75136,3383,143724,California
Sonoma,2021-03-12,7397,224847,2267,109607,3770,112131,1360,3109,2106,66778,5272,80408,3462,147186,California
Sonoma,2021-03-13,3252,228099,1545,111152,1472,113603,235,3344,1856,67471,1395,81803,2088,149274,California
Sonoma,2021-03-14,1380,229479,383,111535,856,114459,141,3485,851,67936,526,82329,991,150265,California
Sonoma,2021-03-15,5222,234701,1498,113033,3339,117798,385,3870,2189,67483,3025,85354,2572,152837,California
Sonoma,2021-03-16,6281,240982,2242,115275,3807,121605,232,4102,2907,67253,3368,88722,3138,155975,California
Sonoma,2021-03-17,6744,247726,3524,118799,3040,124645,180,4282,3286,67272,3446,92168,3465,159440,California
Sonoma,2021-03-18,7120,254846,2937,121736,3569,128214,614,4896,3178,67127,3934,96102,3789,163229,California
Sonoma,2021-03-19,7487,262333,3237,124973,4019,132233,231,5127,3194,66282,4274,100376,3429,166658,California
Sonoma,2021-03-20,3628,265961,1747,126720,1052,133285,829,5956,1974,67434,1647,102023,2799,169457,California
Sonoma,2021-03-21,1383,267344,601,127321,749,134034,33,5989,1215,68518,164,102187,1248,170705,California
Sonoma,2021-03-22,4526,271870,3100,130421,1325,135359,101,6090,3422,70942,1099,103286,3523,174228,California
Sonoma,2021-03-23,5814,277684,3620,134041,2118,137477,76,6166,4425,74064,1379,104665,4501,178729,California
Sonoma,2021-03-24,6605,284289,4268,138309,2271,139748,66,6232,3992,75526,2595,107260,4057,182786,California
Sonoma,2021-03-25,6984,291273,4191,142500,2686,142434,107,6339,4230,77132,2732,109992,4338,187124,California
Sonoma,2021-03-26,7279,298552,3450,145950,3739,146173,90,6429,3806,77572,3456,113448,3896,191020,California
Sonoma,2021-03-27,3806,302358,1502,147452,1942,148115,362,6791,1124,76388,2675,116123,1491,192511,California
Sonoma,2021-03-28,1506,303864,948,148400,531,148646,27,6818,944,76800,559,116682,971,193482,California
Sonoma,2021-03-29,2856,306720,1094,149494,1729,150375,33,6851,1580,77142,1271,117953,1613,195095,California
Sonoma,2021-03-30,5705,312425,3143,152637,2499,152874,63,6914,3012,77529,2687,120640,3074,198169,California
Sonoma,2021-03-31,5515,317940,3342,155979,1959,154833,214,7128,3214,78668,2289,122929,3428,201597,California
Sonoma,2021-04-01,6691,324631,3980,159959,2375,157208,336,7464,3584,79491,3089,126018,3912,205509,California
Sonoma,2021-04-02,5905,330536,3537,163496,2259,159467,109,7573,3547,80795,2352,128370,3656,209165,California
Sonoma,2021-04-03,3374,333910,1650,165146,1501,160968,223,7796,1466,80586,1896,130266,1687,210852,California
Sonoma,2021-04-04,1057,334967,688,165834,279,161247,90,7886,668,80959,385,130651,758,211610,California
Sonoma,2021-04-05,4357,339324,588,166422,3430,164677,339,8225,1636,80218,2715,133366,1974,213584,California
Sonoma,2021-04-06,6853,346177,3471,169893,2979,167656,403,8628,3976,81732,2863,136229,4377,217961,California
Sonoma,2021-04-07,6754,352931,3811,173704,2109,169765,834,9462,3276,82368,3469,139698,4105,222066,California
Sonoma,2021-04-08,7498,360429,4095,177799,2632,172397,771,10233,4085,83818,3402,143100,4852,226918,California
Sonoma,2021-04-09,6769,367198,3770,181569,2115,174512,884,11117,3477,84895,3280,146380,4357,231275,California
Sonoma,2021-04-10,3830,371028,1686,183255,1591,176103,553,11670,1096,83815,2724,149104,1644,232919,California
Sonoma,2021-04-11,1281,372309,607,183862,592,176695,82,11752,436,83489,844,149948,518,233437,California
Sonoma,2021-04-12,4928,377237,2049,185911,2398,179093,481,12233,1843,82729,3077,153025,2317,235754,California
Sonoma,2021-04-13,7793,385030,4615,190526,3176,182269,2,12235,2961,80869,4823,157848,2963,238717,California
Sonoma,2021-04-14,6535,391565,3724,194250,2791,185060,20,12255,2526,79418,3996,161844,2545,241262,California
Sonoma,2021-04-15,7200,398765,4082,198332,3118,188178,0,12255,3552,79333,3637,165481,3552,244814,California
Sonoma,2021-04-16,6786,405551,3410,201742,3375,191553,1,12256,3850,80253,2931,168412,3851,248665,California
Sonoma,2021-04-17,3102,408653,1500,203242,1602,193155,0,12256,1501,80164,1591,170003,1502,250167,California
Sonoma,2021-04-18,1206,409859,814,204056,392,193547,0,12256,371,79702,833,170836,371,250538,California
Sonoma,2021-04-19,3293,413152,1873,205929,1419,194966,1,12257,1451,79316,1838,172674,1452,251990,California
Sonoma,2021-04-20,6259,419411,3451,209380,2808,197774,0,12257,2372,77815,3874,176548,2373,254363,California
Sonoma,2021-04-21,6349,425760,4188,213568,2159,199933,2,12259,2922,77326,3412,179960,2923,257286,California
Sonoma,2021-04-22,6120,431880,4449,218017,1671,201604,0,12259,2484,76187,3623,183583,2484,259770,California
Sonoma,2021-04-23,7265,439145,4611,222628,2647,204251,7,12266,3618,76176,3637,187220,3626,263396,California
Sonoma,2021-04-24,2695,441840,1481,224109,1200,205451,14,12280,1530,76558,1162,188382,1544,264940,California
Sonoma,2021-04-25,1077,442917,785,224894,292,205743,0,12280,428,76339,647,189029,428,265368,California
Sonoma,2021-04-26,2568,445485,1242,226136,1300,207043,26,12306,1443,76690,1118,190147,1469,266837,California
Sonoma,2021-04-27,5144,450629,3620,229756,1427,208470,97,12403,2107,75870,3024,193171,2204,269041,California
Sonoma,2021-04-28,4858,455487,3199,232955,1464,209934,195,12598,2118,75455,2723,195894,2308,271349,California
Sonoma,2021-04-29,4803,460290,3424,236379,1234,211168,145,12743,1760,74324,3036,198930,1905,273254,California
Sonoma,2021-04-30,5428,465718,3619,239998,1516,212684,293,13036,1813,72825,3604,202534,2105,275359,California
Sonoma,2021-05-01,2464,468182,1772,241770,586,213270,106,13142,1315,73099,1144,203678,1418,276777,California
Sonoma,2021-05-02,862,469044,645,242415,166,213436,51,13193,553,73395,309,203987,605,277382,California
Sonoma,2021-05-03,3171,472215,1676,244091,1352,214788,143,13336,1052,72478,2111,206098,1194,278576,California
Sonoma,2021-05-04,4552,476767,2403,246494,1974,216762,175,13511,1460,71037,3072,209170,1631,280207,California
Sonoma,2021-05-05,3632,480399,2160,248654,1285,218047,187,13698,1298,70198,2323,211493,1484,281691,California
Sonoma,2021-05-06,4436,484835,2374,251028,1940,219987,122,13820,1339,68573,3084,214577,1459,283150,California
Sonoma,2021-05-07,3573,488408,2305,253333,1148,221135,120,13940,1068,67267,2493,217070,1187,284337,California
Sonoma,2021-05-08,1806,490214,1232,254565,486,221621,88,14028,781,67115,1021,218091,869,285206,California
Sonoma,2021-05-09,491,490705,283,254848,169,221790,39,14067,165,66996,323,218414,204,285410,California
Sonoma,2021-05-10,2242,492947,1016,255864,1104,222894,122,14189,263,65411,1968,220382,383,285793,California
Sonoma,2021-05-11,2526,495473,1390,257254,1098,223992,38,14227,603,64138,1914,222296,641,286434,California
Stanislaus,2020-12-15,3,3,3,3,0,0,0,0,3,3,0,0,3,3,California
Stanislaus,2020-12-16,37,40,37,40,0,0,0,0,37,40,0,0,37,40,California
Stanislaus,2020-12-17,74,114,74,114,0,0,0,0,74,114,0,0,74,114,California
Stanislaus,2020-12-18,337,451,331,445,6,6,0,0,337,451,0,0,337,451,California
Stanislaus,2020-12-19,133,584,133,578,0,6,0,0,133,584,0,0,133,584,California
Stanislaus,2020-12-20,85,669,85,663,0,6,0,0,85,669,0,0,85,669,California
Stanislaus,2020-12-21,1000,1669,999,1662,1,7,0,0,999,1668,0,0,999,1668,California
Stanislaus,2020-12-22,795,2464,783,2445,12,19,0,0,795,2463,0,0,795,2463,California
Stanislaus,2020-12-23,447,2911,430,2875,17,36,0,0,446,2909,0,0,446,2909,California
Stanislaus,2020-12-24,97,3008,88,2963,9,45,0,0,97,3006,0,0,97,3006,California
Stanislaus,2020-12-26,51,3059,8,2971,43,88,0,0,51,3057,0,0,51,3057,California
Stanislaus,2020-12-27,11,3070,6,2977,5,93,0,0,11,3068,0,0,11,3068,California
Stanislaus,2020-12-28,490,3560,395,3372,95,188,0,0,490,3558,0,0,490,3558,California
Stanislaus,2020-12-29,494,4054,416,3788,78,266,0,0,494,4052,0,0,494,4052,California
Stanislaus,2020-12-30,534,4588,279,4067,255,521,0,0,533,4584,1,1,533,4585,California
Stanislaus,2020-12-31,275,4863,156,4223,119,640,0,0,275,4859,0,1,275,4860,California
Stanislaus,2021-01-01,12,4875,4,4227,8,648,0,0,12,4871,0,1,12,4872,California
Stanislaus,2021-01-02,31,4906,24,4251,7,655,0,0,31,4902,0,1,31,4903,California
Stanislaus,2021-01-03,90,4996,87,4338,3,658,0,0,90,4992,0,1,90,4993,California
Stanislaus,2021-01-04,229,5225,150,4488,79,737,0,0,229,5221,0,1,229,5222,California
Stanislaus,2021-01-05,831,6056,341,4829,490,1227,0,0,808,6013,22,23,814,6036,California
Stanislaus,2021-01-06,1002,7058,599,5428,403,1630,0,0,931,6877,68,91,932,6968,California
Stanislaus,2021-01-07,1079,8137,703,6131,376,2006,0,0,889,7584,184,275,891,7859,California
Stanislaus,2021-01-08,1280,9417,724,6855,556,2562,0,0,938,8188,339,614,943,8802,California
Stanislaus,2021-01-09,285,9702,141,6996,144,2706,0,0,195,8293,90,704,195,8997,California
Stanislaus,2021-01-10,48,9750,21,7017,27,2733,0,0,29,8303,19,723,29,9026,California
Stanislaus,2021-01-11,1523,11273,1246,8263,277,3010,0,0,596,7994,922,1645,613,9639,California
Stanislaus,2021-01-12,1465,12738,862,9125,603,3613,0,0,829,8197,632,2277,835,10474,California
Stanislaus,2021-01-13,1439,14177,685,9810,754,4367,0,0,1117,9001,322,2599,1126,11600,California
Stanislaus,2021-01-14,2229,16406,281,10091,1948,6315,0,0,2069,10972,158,2757,2129,13729,California
Stanislaus,2021-01-15,2820,19226,1156,11247,1664,7979,0,0,2675,13579,141,2898,2748,16477,California
Stanislaus,2021-01-16,471,19697,50,11297,421,8400,0,0,455,14021,15,2913,457,16934,California
Stanislaus,2021-01-17,244,19941,202,11499,42,8442,0,0,238,14254,5,2918,238,17172,California
Stanislaus,2021-01-18,2184,22125,1023,12522,1161,9603,0,0,1802,15747,377,3295,1870,19042,California
Stanislaus,2021-01-19,1250,23375,722,13244,528,10131,0,0,806,16112,442,3737,807,19849,California
Stanislaus,2021-01-20,1000,24375,485,13729,515,10646,0,0,710,16533,289,4026,710,20559,California
Stanislaus,2021-01-21,3646,28021,2950,16679,696,11342,0,0,3330,19647,314,4340,3428,23987,California
Stanislaus,2021-01-22,1065,29086,307,16986,758,12100,0,0,1020,20630,41,4381,1024,25011,California
Stanislaus,2021-01-23,341,29427,41,17027,300,12400,0,0,284,20862,56,4437,288,25299,California
Stanislaus,2021-01-24,292,29719,100,17127,192,12592,0,0,226,21024,66,4503,228,25527,California
Stanislaus,2021-01-25,3138,32857,226,17353,2912,15504,0,0,2826,23710,277,4780,2963,28490,California
Stanislaus,2021-01-26,1721,34578,743,18096,978,16482,0,0,1298,24606,418,5198,1314,29804,California
Stanislaus,2021-01-27,1866,36444,1029,19125,837,17319,0,0,1162,25109,660,5858,1163,30967,California
Stanislaus,2021-01-28,2200,38644,1504,20629,696,18015,0,0,1716,26403,476,6334,1770,32737,California
Stanislaus,2021-01-29,2429,41073,1190,21819,1239,19254,0,0,1909,27881,475,6809,1953,34690,California
Stanislaus,2021-01-30,292,41365,131,21950,161,19415,0,0,229,28058,52,6861,229,34919,California
Stanislaus,2021-01-31,367,41732,313,22263,54,19469,0,0,351,28396,13,6874,351,35270,California
Stanislaus,2021-02-01,1261,42993,555,22818,706,20175,0,0,914,28974,336,7210,914,36184,California
Stanislaus,2021-02-02,1232,44225,373,23191,859,21034,0,0,779,29312,445,7655,783,36967,California
Stanislaus,2021-02-03,2462,46687,1084,24275,1378,22412,0,0,1791,30442,667,8322,1797,38764,California
Stanislaus,2021-02-04,2095,48782,725,25000,1370,23782,0,0,1578,31520,505,8827,1583,40347,California
Stanislaus,2021-02-05,2833,51615,1457,26457,1376,25158,0,0,1582,31914,1196,10023,1590,41937,California
Stanislaus,2021-02-06,883,52498,300,26757,583,25741,0,0,693,32420,188,10211,694,42631,California
Stanislaus,2021-02-07,213,52711,189,26946,24,25765,0,0,42,32293,170,10381,43,42674,California
Stanislaus,2021-02-08,2017,54728,1319,28265,698,26463,0,0,1095,32512,887,11268,1106,43780,California
Stanislaus,2021-02-09,1829,56557,779,29044,1050,27513,0,0,1043,32794,767,12035,1049,44829,California
Stanislaus,2021-02-10,1930,58487,531,29575,1399,28912,0,0,1010,32906,900,12935,1012,45841,California
Stanislaus,2021-02-11,5370,63857,3258,32833,2112,31024,0,0,1225,30175,3959,16894,1228,47069,California
Stanislaus,2021-02-12,3283,67140,911,33744,2372,33396,0,0,1447,29858,1768,18662,1451,48520,California
Stanislaus,2021-02-13,1347,68487,649,34393,698,34094,0,0,979,30477,364,19026,983,49503,California
Stanislaus,2021-02-14,421,68908,168,34561,253,34347,0,0,352,30762,67,19093,352,49855,California
Stanislaus,2021-02-15,1808,70716,230,34791,1578,35925,0,0,578,30222,1122,20215,582,50437,California
Stanislaus,2021-02-16,1358,72074,420,35211,938,36863,0,0,581,30037,768,20983,583,51020,California
Stanislaus,2021-02-17,2730,74804,1668,36879,1062,37925,0,0,1934,31185,793,21776,1941,52961,California
Stanislaus,2021-02-18,3345,78149,1890,38769,1455,39380,0,0,1790,31515,1475,23251,1805,54766,California
Stanislaus,2021-02-19,2720,80869,1055,39824,1665,41045,0,0,1524,31892,1159,24410,1536,56302,California
Stanislaus,2021-02-20,745,81614,378,40202,367,41412,0,0,482,32131,245,24655,484,56786,California
Stanislaus,2021-02-21,903,82517,688,40890,215,41627,0,0,550,32363,329,24984,561,57347,California
Stanislaus,2021-02-22,2338,84855,1690,42580,648,42275,0,0,1634,33318,679,25663,1634,58981,California
Stanislaus,2021-02-23,3691,88546,678,43258,3013,45288,0,0,1730,33239,1815,27478,1736,60717,California
Stanislaus,2021-02-24,4149,92695,2834,46092,1315,46603,0,0,3133,35375,1000,28478,3136,63853,California
Stanislaus,2021-02-25,3871,96566,2639,48731,1232,47835,0,0,3072,37668,782,29260,3075,66928,California
Stanislaus,2021-02-26,4175,100741,1211,49942,2964,50799,0,0,2827,39202,1302,30562,2836,69764,California
Stanislaus,2021-02-27,2089,102830,705,50647,1383,52182,1,1,1862,40866,199,30761,1863,71627,California
Stanislaus,2021-02-28,815,103645,261,50908,554,52736,0,1,768,41596,39,30800,769,72396,California
Stanislaus,2021-03-01,2755,106400,1621,52529,1133,53869,1,2,1626,42127,1104,31904,1635,74031,California
Stanislaus,2021-03-02,2375,108775,1411,53940,963,54832,1,3,1654,43070,712,32616,1655,75686,California
Stanislaus,2021-03-03,3706,112481,2227,56167,1477,56309,2,5,2904,45189,785,33401,2904,78590,California
Stanislaus,2021-03-04,5427,117908,3101,59268,2310,58619,16,21,4191,48182,1210,34611,4203,82793,California
Stanislaus,2021-03-05,4007,121915,1109,60377,2882,61501,16,37,3045,50300,942,35553,3060,85853,California
Stanislaus,2021-03-06,3573,125488,2225,62602,1255,62756,93,130,2722,52270,847,36400,2817,88670,California
Stanislaus,2021-03-07,844,126332,385,62987,423,63179,36,166,656,52780,182,36582,692,89362,California
Stanislaus,2021-03-08,1981,128313,854,63841,1038,64217,89,255,1322,53545,645,37227,1410,90772,California
Stanislaus,2021-03-09,2166,130479,893,64734,1181,65398,92,347,1628,54740,529,37756,1724,92496,California
Stanislaus,2021-03-10,5049,135528,2491,67225,2337,67735,221,568,3733,57408,1299,39055,3967,96463,California
Stanislaus,2021-03-11,5702,141230,3129,70354,2097,69832,476,1044,4126,60596,1416,40471,4604,101067,California
Stanislaus,2021-03-12,5754,146984,1226,71580,2608,72440,1920,2964,2919,62611,2818,43289,4833,105900,California
Stanislaus,2021-03-13,3372,150356,2177,73757,1127,73567,68,3032,2684,64687,681,43970,2757,108657,California
Stanislaus,2021-03-14,993,151349,595,74352,347,73914,51,3083,490,64731,500,44470,544,109201,California
Stanislaus,2021-03-15,3681,155030,1971,76323,1352,75266,358,3441,1600,64709,1986,46456,1964,111165,California
Stanislaus,2021-03-16,4899,159929,2441,78764,2047,77313,411,3852,3533,67304,1348,47804,3943,115108,California
Stanislaus,2021-03-17,4706,164635,2849,81613,1681,78994,176,4028,2883,68567,1802,49606,3065,118173,California
Stanislaus,2021-03-18,5407,170042,3410,85023,1929,80923,68,4096,2976,69330,2285,51891,3048,121221,California
Stanislaus,2021-03-19,5909,175951,1526,86549,2858,83781,1525,5621,3098,71168,2783,54674,4621,125842,California
Stanislaus,2021-03-20,3833,179784,2999,89548,766,84547,68,5689,3362,74135,464,55138,3431,129273,California
Stanislaus,2021-03-21,981,180765,881,90429,35,84582,65,5754,746,74713,233,55371,811,130084,California
Stanislaus,2021-03-22,2806,183571,1319,91748,763,85345,724,6478,1241,75129,1549,56920,1965,132049,California
Stanislaus,2021-03-23,3936,187507,2013,93761,1663,87008,260,6738,2812,77112,1107,58027,3090,135139,California
Stanislaus,2021-03-24,4530,192037,3210,96971,1251,88259,69,6807,2634,77964,1854,59881,2706,137845,California
Stanislaus,2021-03-25,4227,196264,2904,99875,1307,89566,16,6823,1812,77454,2338,62219,1828,139673,California
Stanislaus,2021-03-26,4713,200977,1332,101207,3306,92872,75,6898,2372,77607,2307,64526,2460,142133,California
Stanislaus,2021-03-27,4336,205313,2712,103919,1581,94453,43,6941,1377,76091,2943,67469,1427,143560,California
Stanislaus,2021-03-28,1101,206414,437,104356,557,95010,107,7048,320,75754,769,68238,432,143992,California
Stanislaus,2021-03-29,2971,209385,1821,106177,1111,96121,39,7087,1983,76804,978,69216,2028,146020,California
Stanislaus,2021-03-30,3660,213045,2049,108226,1584,97705,27,7114,2231,77647,1421,70637,2264,148284,California
Stanislaus,2021-03-31,5395,218440,3826,112052,1450,99155,119,7233,2767,77924,2612,73249,2889,151173,California
Stanislaus,2021-04-01,5715,224155,3823,115875,1803,100958,89,7322,2623,77568,3078,76327,2722,153895,California
Stanislaus,2021-04-02,4983,229138,1210,117085,3621,104579,152,7474,2236,77303,2664,78991,2399,156294,California
Stanislaus,2021-04-03,4541,233679,3300,120385,1204,105783,37,7511,2240,77299,2292,81283,2288,158582,California
Stanislaus,2021-04-04,1316,234995,472,120857,814,106597,30,7541,653,77328,658,81941,687,159269,California
Stanislaus,2021-04-05,3615,238610,2524,123381,841,107438,250,7791,2349,78673,1257,83198,2602,161871,California
Stanislaus,2021-04-06,5730,244340,4155,127536,1302,108740,273,8064,3077,79390,2640,85838,3357,165228,California
Stanislaus,2021-04-07,6334,250674,3593,131129,2322,111062,419,8483,2829,79154,3490,89328,3254,168482,California
Stanislaus,2021-04-08,5659,256333,3313,134442,1915,112977,431,8914,2756,79461,2885,92213,3192,171674,California
Stanislaus,2021-04-09,4807,261140,2102,136544,2337,115314,368,9282,2183,79422,2602,94815,2563,174237,California
Stanislaus,2021-04-10,6469,267609,3979,140523,856,116170,1634,10916,1996,78593,4453,99268,3624,177861,California
Stanislaus,2021-04-11,1518,269127,849,141372,536,116706,133,11049,664,78539,852,100120,798,178659,California
Stanislaus,2021-04-12,3580,272707,2037,143409,1099,117805,444,11493,1870,79163,1697,101817,2321,180980,California
Stanislaus,2021-04-13,5182,277889,3410,146819,1759,119564,13,11506,2919,79858,2230,104047,2925,183905,California
Stanislaus,2021-04-14,4631,282520,3244,150063,1386,120950,1,11507,2246,79754,2355,106402,2251,186156,California
Stanislaus,2021-04-15,5368,287888,3305,153368,2061,123011,2,11509,3233,80891,2100,108502,3237,189393,California
Stanislaus,2021-04-16,4269,292157,978,154346,3290,126301,1,11510,1806,80276,2423,110925,1808,191201,California
Stanislaus,2021-04-17,3129,295286,2095,156441,1034,127335,0,11510,1829,80820,1289,112214,1833,193034,California
Stanislaus,2021-04-18,525,295811,212,156653,313,127648,0,11510,402,81107,117,112331,404,193438,California
Stanislaus,2021-04-19,3446,299257,2445,159098,1001,128649,0,11510,1637,80973,1779,114110,1645,195083,California
Stanislaus,2021-04-20,3962,303219,2405,161503,1557,130206,0,11510,1735,80511,2199,116309,1737,196820,California
Stanislaus,2021-04-21,3773,306992,2511,164014,1261,131467,1,11511,1595,79969,2144,118453,1602,198422,California
Stanislaus,2021-04-22,3932,310924,2393,166407,1539,133006,0,11511,1575,79235,2314,120767,1580,200002,California
Stanislaus,2021-04-23,3587,314511,842,167249,2745,135751,0,11511,1475,78697,2020,122787,1482,201484,California
Stanislaus,2021-04-24,3721,318232,2919,170168,802,136553,0,11511,1733,78464,1973,124760,1740,203224,California
Stanislaus,2021-04-25,931,319163,478,170646,453,137006,0,11511,681,78905,245,125005,686,203910,California
Stanislaus,2021-04-26,3164,322327,2226,172872,932,137938,6,11517,922,77614,2227,127232,936,204846,California
Stanislaus,2021-04-27,3795,326122,2658,175530,1095,139033,42,11559,1060,76000,2717,129949,1103,205949,California
Stanislaus,2021-04-28,4119,330241,2902,178432,1156,140189,61,11620,1804,75577,2300,132249,1877,207826,California
Stanislaus,2021-04-29,3561,333802,2217,180649,1296,141485,48,11668,1397,74881,2150,134399,1454,209280,California
Stanislaus,2021-04-30,4453,338255,2038,182687,2348,143833,67,11735,1770,74053,2673,137072,1845,211125,California
Stanislaus,2021-05-01,2700,340955,1921,184608,739,144572,40,11775,1009,73428,1682,138754,1057,212182,California
Stanislaus,2021-05-02,1063,342018,606,185214,421,144993,36,11811,514,73439,544,139298,555,212737,California
Stanislaus,2021-05-03,2375,344393,1895,187109,413,145406,67,11878,892,72937,1473,140771,971,213708,California
Stanislaus,2021-05-04,3403,347796,2434,189543,887,146293,82,11960,1013,71660,2381,143152,1104,214812,California
Stanislaus,2021-05-05,3122,350918,2105,191648,944,147237,73,12033,1044,70718,2062,145214,1120,215932,California
Stanislaus,2021-05-06,3065,353983,2280,193928,676,147913,109,12142,1004,69789,2048,147262,1119,217051,California
Stanislaus,2021-05-07,2237,356220,876,194804,1225,149138,136,12278,917,69531,1312,148574,1054,218105,California
Stanislaus,2021-05-08,1927,358147,1319,196123,574,149712,34,12312,690,69034,1225,149799,728,218833,California
Stanislaus,2021-05-09,701,358848,336,196459,337,150049,28,12340,301,68968,399,150198,333,219166,California
Stanislaus,2021-05-10,1625,360473,1117,197576,430,150479,78,12418,427,68287,1190,151388,509,219675,California
Stanislaus,2021-05-11,1697,362170,1114,198690,484,150963,99,12517,314,67324,1378,152766,415,220090,California
Sutter,2020-12-15,1,1,1,1,0,0,0,0,1,1,0,0,1,1,California
Sutter,2020-12-16,4,5,4,5,0,0,0,0,4,5,0,0,4,5,California
Sutter,2020-12-17,2,7,2,7,0,0,0,0,2,7,0,0,2,7,California
Sutter,2020-12-18,20,27,20,27,0,0,0,0,20,27,0,0,20,27,California
Sutter,2020-12-19,44,71,44,71,0,0,0,0,44,71,0,0,44,71,California
Sutter,2020-12-20,42,113,42,113,0,0,0,0,42,113,0,0,42,113,California
Sutter,2020-12-21,100,213,100,213,0,0,0,0,100,213,0,0,100,213,California
Sutter,2020-12-22,172,385,172,385,0,0,0,0,172,385,0,0,172,385,California
Sutter,2020-12-23,116,501,111,496,5,5,0,0,116,501,0,0,116,501,California
Sutter,2020-12-24,17,518,11,507,6,11,0,0,17,518,0,0,17,518,California
Sutter,2020-12-26,38,556,34,541,4,15,0,0,38,556,0,0,38,556,California
Sutter,2020-12-27,24,580,23,564,1,16,0,0,24,580,0,0,24,580,California
Sutter,2020-12-28,83,663,55,619,28,44,0,0,83,663,0,0,83,663,California
Sutter,2020-12-29,101,764,14,633,87,131,0,0,101,764,0,0,101,764,California
Sutter,2020-12-30,137,901,34,667,103,234,0,0,137,901,0,0,137,901,California
Sutter,2020-12-31,70,971,6,673,64,298,0,0,70,971,0,0,70,971,California
Sutter,2021-01-01,3,974,3,676,0,298,0,0,3,974,0,0,3,974,California
Sutter,2021-01-02,133,1107,131,807,2,300,0,0,133,1107,0,0,133,1107,California
Sutter,2021-01-03,1,1108,0,807,1,301,0,0,1,1108,0,0,1,1108,California
Sutter,2021-01-04,247,1355,139,946,108,409,0,0,247,1355,0,0,247,1355,California
Sutter,2021-01-05,100,1455,57,1003,43,452,0,0,98,1451,2,2,98,1453,California
Sutter,2021-01-06,204,1659,50,1053,154,606,0,0,199,1645,5,7,199,1652,California
Sutter,2021-01-07,251,1910,151,1204,100,706,0,0,242,1879,8,15,242,1894,California
Sutter,2021-01-08,147,2057,40,1244,107,813,0,0,130,1992,17,32,130,2024,California
Sutter,2021-01-09,46,2103,43,1287,3,816,0,0,5,1956,41,73,5,2029,California
Sutter,2021-01-10,397,2500,37,1324,360,1176,0,0,359,2278,37,110,359,2388,California
Sutter,2021-01-11,132,2632,114,1438,18,1194,0,0,26,2198,106,216,26,2414,California
Sutter,2021-01-12,201,2833,164,1602,37,1231,0,0,58,2113,143,359,58,2472,California
Sutter,2021-01-13,161,2994,98,1700,63,1294,0,0,71,2095,89,448,71,2543,California
Sutter,2021-01-14,145,3139,49,1749,96,1390,0,0,126,2202,19,467,126,2669,California
Sutter,2021-01-15,436,3575,132,1881,304,1694,0,0,421,2608,15,482,421,3090,California
Sutter,2021-01-16,384,3959,41,1922,343,2037,0,0,353,2931,30,512,353,3443,California
Sutter,2021-01-17,26,3985,24,1946,2,2039,0,0,10,2925,16,528,10,3453,California
Sutter,2021-01-18,116,4101,61,2007,55,2094,0,0,69,2947,47,575,69,3522,California
Sutter,2021-01-19,104,4205,43,2050,61,2155,0,0,79,3001,25,600,79,3601,California
Sutter,2021-01-20,255,4460,190,2240,65,2220,0,0,235,3216,20,620,235,3836,California
Sutter,2021-01-21,472,4932,303,2543,169,2389,0,0,453,3650,19,639,453,4289,California
Sutter,2021-01-22,269,5201,81,2624,188,2577,0,0,260,3901,9,648,260,4549,California
Sutter,2021-01-23,397,5598,40,2664,357,2934,0,0,370,4244,27,675,370,4919,California
Sutter,2021-01-24,17,5615,14,2678,3,2937,0,0,15,4257,2,677,15,4934,California
Sutter,2021-01-25,307,5922,197,2875,110,3047,0,0,152,4255,154,831,152,5086,California
Sutter,2021-01-26,243,6165,103,2978,140,3187,0,0,143,4299,99,930,143,5229,California
Sutter,2021-01-27,386,6551,255,3233,131,3318,0,0,320,4553,66,996,320,5549,California
Sutter,2021-01-28,525,7076,301,3534,224,3542,0,0,395,4819,129,1125,395,5944,California
Sutter,2021-01-29,419,7495,146,3680,273,3815,0,0,254,4908,165,1290,254,6198,California
Sutter,2021-01-30,775,8270,38,3718,737,4552,0,0,764,5661,11,1301,764,6962,California
Sutter,2021-01-31,27,8297,27,3745,0,4552,0,0,27,5688,0,1301,27,6989,California
Sutter,2021-02-01,165,8462,49,3794,116,4668,0,0,134,5791,31,1332,134,7123,California
Sutter,2021-02-02,244,8706,27,3821,217,4885,0,0,212,5971,32,1364,212,7335,California
Sutter,2021-02-03,442,9148,38,3859,404,5289,0,0,209,5947,233,1597,209,7544,California
Sutter,2021-02-04,670,9818,366,4225,304,5593,0,0,620,6517,50,1647,620,8164,California
Sutter,2021-02-05,285,10103,32,4257,253,5846,0,0,136,6504,149,1796,136,8300,California
Sutter,2021-02-06,735,10838,29,4286,706,6552,0,0,713,7195,22,1818,713,9013,California
Sutter,2021-02-07,23,10861,20,4306,3,6555,0,0,19,7210,4,1822,19,9032,California
Sutter,2021-02-08,134,10995,29,4335,105,6660,0,0,98,7272,36,1858,98,9130,California
Sutter,2021-02-09,245,11240,45,4380,200,6860,0,0,184,7395,61,1919,184,9314,California
Sutter,2021-02-10,818,12058,379,4759,439,7299,0,0,177,6932,640,2559,177,9491,California
Sutter,2021-02-11,603,12661,275,5034,328,7627,0,0,345,7019,258,2817,345,9836,California
Sutter,2021-02-12,633,13294,67,5101,566,8193,0,0,310,7007,322,3139,310,10146,California
Sutter,2021-02-13,898,14192,49,5150,849,9042,0,0,781,7671,117,3256,781,10927,California
Sutter,2021-02-14,90,14282,25,5175,65,9107,0,0,80,7741,10,3266,80,11007,California
Sutter,2021-02-15,198,14480,73,5248,125,9232,0,0,119,7781,79,3345,119,11126,California
Sutter,2021-02-16,289,14769,45,5293,244,9476,0,0,205,7903,83,3428,205,11331,California
Sutter,2021-02-17,823,15592,428,5721,395,9871,0,0,129,7338,694,4122,129,11460,California
Sutter,2021-02-18,700,16292,55,5776,645,10516,0,0,489,7617,210,4332,489,11949,California
Sutter,2021-02-19,665,16957,378,6154,287,10803,0,0,463,7880,200,4532,463,12412,California
Sutter,2021-02-20,622,17579,55,6209,567,11370,0,0,519,8297,102,4634,519,12931,California
Sutter,2021-02-21,29,17608,26,6235,3,11373,0,0,6,8280,23,4657,6,12937,California
Sutter,2021-02-22,207,17815,122,6357,85,11458,0,0,87,8247,120,4777,87,13024,California
Sutter,2021-02-23,223,18038,33,6390,190,11648,0,0,97,8218,126,4903,97,13121,California
Sutter,2021-02-24,959,18997,349,6739,610,12258,0,0,190,7640,768,5671,190,13311,California
Sutter,2021-02-25,784,19781,497,7236,287,12545,0,0,603,8065,178,5849,603,13914,California
Sutter,2021-02-26,370,20151,59,7295,311,12856,0,0,154,8005,214,6063,154,14068,California
Sutter,2021-02-27,865,21016,44,7339,821,13677,0,0,710,8558,157,6220,710,14778,California
Sutter,2021-02-28,83,21099,38,7377,45,13722,0,0,64,8604,18,6238,64,14842,California
Sutter,2021-03-01,247,21346,61,7438,186,13908,0,0,150,8657,97,6335,150,14992,California
Sutter,2021-03-02,334,21680,57,7495,277,14185,0,0,160,8644,173,6508,160,15152,California
Sutter,2021-03-03,1384,23064,514,8009,870,15055,0,0,647,8560,731,7239,647,15799,California
Sutter,2021-03-04,1256,24320,867,8876,389,15444,0,0,950,9208,302,7541,950,16749,California
Sutter,2021-03-05,337,24657,77,8953,259,15703,1,1,204,9281,132,7673,205,16954,California
Sutter,2021-03-06,1022,25679,46,8999,971,16674,5,6,860,9984,162,7835,865,17819,California
Sutter,2021-03-07,64,25743,23,9022,40,16714,1,7,44,10009,20,7855,45,17864,California
Sutter,2021-03-08,226,25969,79,9101,135,16849,12,19,158,10111,68,7923,170,18034,California
Sutter,2021-03-09,386,26355,136,9237,237,17086,13,32,183,10105,202,8125,196,18230,California
Sutter,2021-03-10,1571,27926,683,9920,827,17913,61,93,527,9652,1041,9166,588,18818,California
Sutter,2021-03-11,894,28820,442,10362,433,18346,19,112,647,10074,244,9410,666,19484,California
Sutter,2021-03-12,672,29492,110,10472,380,18726,182,294,198,9981,471,9881,378,19862,California
Sutter,2021-03-13,981,30473,747,11219,217,18943,17,311,778,10575,201,10082,795,20657,California
Sutter,2021-03-14,128,30601,21,11240,96,19039,11,322,43,10544,85,10167,54,20711,California
Sutter,2021-03-15,318,30919,66,11306,203,19242,49,371,151,10578,166,10333,200,20911,California
Sutter,2021-03-16,388,31307,86,11392,255,19497,47,418,210,10656,178,10511,256,21167,California
Sutter,2021-03-17,1497,32804,565,11957,913,20410,19,437,310,9806,1179,11690,329,21496,California
Sutter,2021-03-18,963,33767,176,12133,587,20997,200,637,568,10179,394,12084,767,22263,California
Sutter,2021-03-19,462,34229,164,12297,269,21266,29,666,283,10314,177,12261,312,22575,California
Sutter,2021-03-20,951,35180,116,12413,824,22090,11,677,863,11100,88,12349,874,23449,California
Sutter,2021-03-21,67,35247,47,12460,17,22107,3,680,37,11110,30,12379,40,23489,California
Sutter,2021-03-22,287,35534,120,12580,141,22248,26,706,212,11274,74,12453,238,23727,California
Sutter,2021-03-23,376,35910,116,12696,228,22476,32,738,254,11438,122,12575,286,24013,California
Sutter,2021-03-24,1684,37594,773,13469,841,23317,70,808,317,10472,1353,13928,387,24400,California
Sutter,2021-03-25,1038,38632,679,14148,318,23635,41,849,369,10215,667,14595,410,24810,California
Sutter,2021-03-26,487,39119,174,14322,296,23931,17,866,294,10336,190,14785,311,25121,California
Sutter,2021-03-27,932,40051,63,14385,867,24798,2,868,824,11057,105,14890,826,25947,California
Sutter,2021-03-28,125,40176,71,14456,54,24852,0,868,78,11090,45,14935,78,26025,California
Sutter,2021-03-29,427,40603,144,14600,228,25080,55,923,226,11172,199,15134,281,26306,California
Sutter,2021-03-30,475,41078,158,14758,307,25387,10,933,316,11339,159,15293,326,26632,California
Sutter,2021-03-31,1244,42322,175,14933,1053,26440,16,949,444,11008,790,16083,459,27091,California
Sutter,2021-04-01,1375,43697,732,15665,456,26896,187,1136,420,10666,948,17031,606,27697,California
Sutter,2021-04-02,513,44210,99,15764,296,27192,118,1254,201,10671,311,17342,316,28013,California
Sutter,2021-04-03,909,45119,77,15841,209,27401,623,1877,120,10627,787,18129,743,28756,California
Sutter,2021-04-04,117,45236,22,15863,89,27490,6,1883,54,10624,63,18192,60,28816,California
Sutter,2021-04-05,368,45604,146,16009,186,27676,36,1919,177,10649,188,18380,213,29029,California
Sutter,2021-04-06,509,46113,196,16205,257,27933,56,1975,272,10741,236,18616,328,29357,California
Sutter,2021-04-07,1464,47577,863,17068,526,28459,75,2050,602,10562,856,19472,677,30034,California
Sutter,2021-04-08,1024,48601,575,17643,340,28799,109,2159,561,10772,458,19930,668,30702,California
Sutter,2021-04-09,558,49159,246,17889,249,29048,63,2222,235,10749,321,20251,298,31000,California
Sutter,2021-04-10,819,49978,106,17995,88,29136,625,2847,105,10761,712,20963,724,31724,California
Sutter,2021-04-11,110,50088,28,18023,40,29176,42,2889,32,10757,78,21041,74,31798,California
Sutter,2021-04-12,337,50425,91,18114,192,29368,54,2943,137,10748,200,21241,191,31989,California
Sutter,2021-04-13,429,50854,126,18240,303,29671,0,2943,214,10749,213,21454,214,32203,California
Sutter,2021-04-14,1292,52146,160,18400,1131,30802,1,2944,213,9890,1073,22527,214,32417,California
Sutter,2021-04-15,535,52681,174,18574,361,31163,0,2944,214,9785,319,22846,214,32631,California
Sutter,2021-04-16,390,53071,119,18693,271,31434,0,2944,179,9754,210,23056,179,32810,California
Sutter,2021-04-17,577,53648,84,18777,493,31927,0,2944,506,10191,69,23125,506,33316,California
Sutter,2021-04-18,69,53717,10,18787,59,31986,0,2944,42,10207,26,23151,42,33358,California
Sutter,2021-04-19,289,54006,110,18897,179,32165,0,2944,121,10162,166,23317,121,33479,California
Sutter,2021-04-20,391,54397,136,19033,255,32420,0,2944,202,10176,188,23505,202,33681,California
Sutter,2021-04-21,1237,55634,423,19456,814,33234,0,2944,478,9904,750,24255,478,34159,California
Sutter,2021-04-22,472,56106,164,19620,308,33542,0,2944,245,9923,226,24481,245,34404,California
Sutter,2021-04-23,399,56505,117,19737,282,33824,0,2944,187,9899,211,24692,187,34591,California
Sutter,2021-04-24,324,56829,105,19842,219,34043,0,2944,185,9946,138,24830,185,34776,California
Sutter,2021-04-25,157,56986,75,19917,82,34125,0,2944,86,9964,68,24898,86,34862,California
Sutter,2021-04-26,259,57245,60,19977,197,34322,2,2946,114,9937,143,25041,116,34978,California
Sutter,2021-04-27,487,57732,228,20205,255,34577,4,2950,225,9907,259,25300,229,35207,California
Sutter,2021-04-28,817,58549,342,20547,467,35044,8,2958,260,9623,552,25852,268,35475,California
Sutter,2021-04-29,773,59322,134,20681,638,35682,1,2959,308,9470,462,26314,309,35784,California
Sutter,2021-04-30,356,59678,109,20790,234,35916,13,2972,145,9419,208,26522,157,35941,California
Sutter,2021-05-01,294,59972,105,20895,148,36064,41,3013,124,9417,167,26689,165,36106,California
Sutter,2021-05-02,78,60050,51,20946,25,36089,2,3015,45,9431,33,26722,47,36153,California
Sutter,2021-05-03,171,60221,108,21054,53,36142,10,3025,70,9410,101,26823,80,36233,California
Sutter,2021-05-04,485,60706,233,21287,189,36331,63,3088,208,9406,274,27097,270,36503,California
Sutter,2021-05-05,527,61233,137,21424,382,36713,8,3096,154,9201,367,27464,162,36665,California
Sutter,2021-05-06,364,61597,227,21651,116,36829,21,3117,160,9178,204,27668,181,36846,California
Sutter,2021-05-07,404,62001,147,21798,234,37063,23,3140,147,9094,254,27922,170,37016,California
Sutter,2021-05-08,201,62202,45,21843,149,37212,7,3147,107,9115,93,28015,114,37130,California
Sutter,2021-05-09,81,62283,52,21895,24,37236,5,3152,56,9151,25,28040,61,37191,California
Sutter,2021-05-10,193,62476,46,21941,131,37367,16,3168,52,9080,139,28179,68,37259,California
Sutter,2021-05-11,239,62715,118,22059,117,37484,4,3172,87,9020,150,28329,90,37349,California
Tehama,2020-12-15,1,1,1,1,0,0,0,0,1,1,0,0,1,1,California
Tehama,2020-12-16,2,3,2,3,0,0,0,0,2,3,0,0,2,3,California
Tehama,2020-12-17,12,15,12,15,0,0,0,0,12,15,0,0,12,15,California
Tehama,2020-12-18,2,17,2,17,0,0,0,0,3,18,0,0,3,18,California
Tehama,2020-12-21,33,50,33,50,0,0,0,0,33,51,0,0,33,51,California
Tehama,2020-12-22,68,118,62,112,6,6,0,0,68,119,0,0,68,119,California
Tehama,2020-12-23,48,166,40,152,8,14,0,0,48,167,0,0,48,167,California
Tehama,2020-12-24,5,171,3,155,2,16,0,0,5,172,0,0,5,172,California
Tehama,2020-12-26,3,174,2,157,1,17,0,0,3,175,0,0,3,175,California
Tehama,2020-12-27,2,176,2,159,0,17,0,0,2,177,0,0,2,177,California
Tehama,2020-12-28,56,232,43,202,13,30,0,0,56,233,0,0,56,233,California
Tehama,2020-12-29,31,263,31,233,0,30,0,0,31,264,0,0,31,264,California
Tehama,2020-12-30,54,317,38,271,16,46,0,0,53,317,0,0,53,317,California
Tehama,2020-12-31,14,331,4,275,10,56,0,0,14,331,0,0,14,331,California
Tehama,2021-01-01,2,333,0,275,2,58,0,0,2,333,0,0,2,333,California
Tehama,2021-01-04,32,365,9,284,23,81,0,0,32,365,0,0,32,365,California
Tehama,2021-01-05,70,435,43,327,27,108,0,0,67,429,3,3,67,432,California
Tehama,2021-01-06,71,506,21,348,50,158,0,0,62,483,8,11,62,494,California
Tehama,2021-01-07,57,563,7,355,50,208,0,0,56,538,1,12,56,550,California
Tehama,2021-01-08,33,596,24,379,9,217,0,0,28,561,5,17,28,578,California
Tehama,2021-01-09,7,603,5,384,2,219,0,0,5,564,2,19,5,583,California
Tehama,2021-01-10,1,604,0,384,1,220,0,0,1,565,0,19,1,584,California
Tehama,2021-01-11,48,652,46,430,2,222,0,0,15,547,33,52,15,599,California
Tehama,2021-01-12,116,768,96,526,20,242,0,0,71,573,45,97,71,670,California
Tehama,2021-01-13,73,841,55,581,18,260,0,0,27,554,46,143,27,697,California
Tehama,2021-01-14,225,1066,50,631,175,435,0,0,223,775,2,145,223,920,California
Tehama,2021-01-15,247,1313,74,705,173,608,0,0,243,1014,4,149,243,1163,California
Tehama,2021-01-16,272,1585,27,732,245,853,0,0,269,1280,3,152,269,1432,California
Tehama,2021-01-17,13,1598,9,741,4,857,0,0,11,1289,2,154,11,1443,California
Tehama,2021-01-18,10,1608,6,747,4,861,0,0,5,1289,5,159,5,1448,California
Tehama,2021-01-19,288,1896,62,809,226,1087,0,0,233,1467,55,214,233,1681,California
Tehama,2021-01-20,301,2197,87,896,214,1301,0,0,251,1669,49,263,251,1932,California
Tehama,2021-01-21,214,2411,11,907,203,1504,0,0,204,1863,10,273,204,2136,California
Tehama,2021-01-22,223,2634,21,928,202,1706,0,0,220,2080,3,276,220,2356,California
Tehama,2021-01-23,261,2895,10,938,251,1957,0,0,260,2339,1,277,260,2616,California
Tehama,2021-01-25,32,2927,14,952,18,1975,0,0,14,2335,18,295,14,2630,California
Tehama,2021-01-26,323,3250,42,994,281,2256,0,0,286,2584,37,332,286,2916,California
Tehama,2021-01-27,299,3549,21,1015,278,2534,0,0,279,2843,20,352,279,3195,California
Tehama,2021-01-28,340,3889,29,1044,311,2845,0,0,325,3153,15,367,325,3520,California
Tehama,2021-01-29,321,4210,19,1063,302,3147,0,0,304,3440,17,384,304,3824,California
Tehama,2021-01-30,103,4313,2,1065,101,3248,0,0,102,3541,1,385,102,3926,California
Tehama,2021-01-31,1,4314,0,1065,1,3249,0,0,1,3542,0,385,1,3927,California
Tehama,2021-02-01,78,4392,22,1087,56,3305,0,0,36,3536,42,427,36,3963,California
Tehama,2021-02-02,346,4738,63,1150,283,3588,0,0,249,3691,94,521,249,4212,California
Tehama,2021-02-03,383,5121,12,1162,371,3959,0,0,339,3986,44,565,339,4551,California
Tehama,2021-02-04,475,5596,98,1260,377,4336,0,0,396,4304,79,644,397,4948,California
Tehama,2021-02-05,173,5769,73,1333,100,4436,0,0,111,4353,62,706,111,5059,California
Tehama,2021-02-06,28,5797,13,1346,15,4451,0,0,16,4357,12,718,16,5075,California
Tehama,2021-02-07,5,5802,4,1350,1,4452,0,0,2,4356,3,721,2,5077,California
Tehama,2021-02-08,36,5838,14,1364,22,4474,0,0,27,4374,9,730,27,5104,California
Tehama,2021-02-09,78,5916,34,1398,44,4518,0,0,44,4384,34,764,44,5148,California
Tehama,2021-02-10,233,6149,62,1460,171,4689,0,0,157,4465,76,840,157,5305,California
Tehama,2021-02-11,222,6371,16,1476,206,4895,0,0,82,4409,138,978,82,5387,California
Tehama,2021-02-12,364,6735,65,1541,299,5194,0,0,174,4393,190,1168,174,5561,California
Tehama,2021-02-13,386,7121,13,1554,373,5567,0,0,147,4301,239,1407,147,5708,California
Tehama,2021-02-14,33,7154,0,1554,33,5600,0,0,32,4332,1,1408,32,5740,California
Tehama,2021-02-15,51,7205,9,1563,42,5642,0,0,45,4371,6,1414,45,5785,California
Tehama,2021-02-16,242,7447,16,1579,226,5868,0,0,60,4249,182,1596,60,5845,California
Tehama,2021-02-17,280,7727,12,1591,268,6136,0,0,54,4077,226,1822,54,5899,California
Tehama,2021-02-18,368,8095,32,1623,336,6472,0,0,144,3997,224,2046,144,6043,California
Tehama,2021-02-19,213,8308,18,1641,195,6667,0,0,42,3868,171,2217,42,6085,California
Tehama,2021-02-20,271,8579,6,1647,265,6932,0,0,26,3649,245,2462,26,6111,California
Tehama,2021-02-22,37,8616,13,1660,24,6956,0,0,24,3660,13,2475,24,6135,California
Tehama,2021-02-23,46,8662,19,1679,27,6983,0,0,26,3666,20,2495,26,6161,California
Tehama,2021-02-24,298,8960,12,1691,286,7269,0,0,26,3420,272,2767,26,6187,California
Tehama,2021-02-25,377,9337,61,1752,316,7585,0,0,38,3119,339,3106,38,6225,California
Tehama,2021-02-26,455,9792,19,1771,436,8021,0,0,70,2804,385,3491,70,6295,California
Tehama,2021-02-27,294,10086,5,1776,289,8310,0,0,34,2578,260,3751,34,6329,California
Tehama,2021-02-28,23,10109,2,1778,21,8331,0,0,20,2595,3,3754,20,6349,California
Tehama,2021-03-01,65,10174,8,1786,57,8388,0,0,31,2592,34,3788,31,6380,California
Tehama,2021-03-02,130,10304,18,1804,112,8500,0,0,30,2522,100,3888,30,6410,California
Tehama,2021-03-03,142,10446,33,1837,109,8609,0,0,47,2474,95,3983,47,6457,California
Tehama,2021-03-04,620,11066,36,1873,584,9193,0,0,222,2305,391,4374,222,6679,California
Tehama,2021-03-05,395,11461,18,1891,377,9570,0,0,215,2341,179,4553,215,6894,California
Tehama,2021-03-06,299,11760,17,1908,282,9852,0,0,81,2206,217,4770,82,6976,California
Tehama,2021-03-07,5,11765,1,1909,4,9856,0,0,3,2208,1,4771,3,6979,California
Tehama,2021-03-08,58,11823,12,1921,31,9887,15,15,27,2220,30,4801,42,7021,California
Tehama,2021-03-09,364,12187,8,1929,337,10224,19,34,309,2493,55,4856,328,7349,California
Tehama,2021-03-10,351,12538,12,1941,318,10542,21,55,69,2302,281,5137,90,7439,California
Tehama,2021-03-11,486,13024,17,1958,423,10965,46,101,343,2548,143,5280,389,7828,California
Tehama,2021-03-12,304,13328,19,1977,220,11185,65,166,179,2667,125,5405,244,8072,California
Tehama,2021-03-13,45,13373,8,1985,31,11216,6,172,6,2640,39,5444,12,8084,California
Tehama,2021-03-14,51,13424,3,1988,37,11253,11,183,10,2620,41,5485,21,8105,California
Tehama,2021-03-15,151,13575,21,2009,110,11363,20,203,84,2657,67,5552,104,8209,California
Tehama,2021-03-16,412,13987,14,2023,360,11723,38,241,311,2906,100,5652,349,8558,California
Tehama,2021-03-17,422,14409,22,2045,368,12091,32,273,337,3192,83,5735,369,8927,California
Tehama,2021-03-18,489,14898,26,2071,439,12530,24,297,310,3349,177,5912,334,9261,California
Tehama,2021-03-19,318,15216,23,2094,282,12812,13,310,276,3596,42,5954,289,9550,California
Tehama,2021-03-20,40,15256,8,2102,30,12842,2,312,28,3614,12,5966,30,9580,California
Tehama,2021-03-21,12,15268,5,2107,7,12849,0,312,12,3626,0,5966,12,9592,California
Tehama,2021-03-22,90,15358,7,2114,66,12915,17,329,49,3651,41,6007,66,9658,California
Tehama,2021-03-23,87,15445,26,2140,54,12969,7,336,68,3707,19,6026,75,9733,California
Tehama,2021-03-24,86,15531,16,2156,68,13037,2,338,55,3733,31,6057,57,9790,California
Tehama,2021-03-25,517,16048,353,2509,151,13188,13,351,468,4166,48,6105,481,10271,California
Tehama,2021-03-26,506,16554,398,2907,96,13284,12,363,431,4534,75,6180,443,10714,California
Tehama,2021-03-27,451,17005,359,3266,67,13351,25,388,384,4877,66,6246,409,11123,California
Tehama,2021-03-28,34,17039,13,3279,21,13372,0,388,22,4887,12,6258,22,11145,California
Tehama,2021-03-29,122,17161,31,3310,90,13462,1,389,78,4921,44,6302,78,11223,California
Tehama,2021-03-30,373,17534,222,3532,149,13611,2,391,255,5060,118,6420,257,11480,California
Tehama,2021-03-31,397,17931,296,3828,98,13709,3,394,325,5316,71,6491,327,11807,California
Tehama,2021-04-01,525,18456,246,4074,273,13982,6,400,392,5581,133,6624,398,12205,California
Tehama,2021-04-02,453,18909,214,4288,233,14215,6,406,268,5670,184,6808,273,12478,California
Tehama,2021-04-03,61,18970,3,4291,53,14268,5,411,30,5674,31,6839,35,12513,California
Tehama,2021-04-04,34,19004,6,4297,27,14295,1,412,22,5685,12,6851,23,12536,California
Tehama,2021-04-05,114,19118,20,4317,68,14363,26,438,59,5715,55,6906,85,12621,California
Tehama,2021-04-06,490,19608,110,4427,329,14692,51,489,140,5556,350,7256,191,12812,California
Tehama,2021-04-07,419,20027,282,4709,93,14785,44,533,304,5789,114,7370,347,13159,California
Tehama,2021-04-08,600,20627,174,4883,388,15173,38,571,229,5686,370,7740,267,13426,California
Tehama,2021-04-09,430,21057,193,5076,204,15377,33,604,215,5721,213,7953,248,13674,California
Tehama,2021-04-10,72,21129,9,5085,37,15414,26,630,39,5753,33,7986,65,13739,California
Tehama,2021-04-11,33,21162,7,5092,15,15429,11,641,8,5747,25,8011,19,13758,California
Tehama,2021-04-12,113,21275,6,5098,88,15517,19,660,43,5739,70,8081,62,13820,California
Tehama,2021-04-13,313,21588,61,5159,252,15769,0,660,65,5557,248,8329,66,13886,California
Tehama,2021-04-14,475,22063,51,5210,424,16193,0,660,52,5187,422,8751,52,13938,California
Tehama,2021-04-15,495,22558,191,5401,304,16497,0,660,84,4860,411,9162,84,14022,California
Tehama,2021-04-16,587,23145,335,5736,252,16749,0,660,75,4423,512,9674,75,14097,California
Tehama,2021-04-17,347,23492,268,6004,79,16828,0,660,41,4160,305,9979,42,14139,California
Tehama,2021-04-18,16,23508,2,6006,14,16842,0,660,12,4168,4,9983,12,14151,California
Tehama,2021-04-19,93,23601,7,6013,86,16928,0,660,40,4155,53,10036,40,14191,California
Tehama,2021-04-20,500,24101,412,6425,88,17016,0,660,146,3951,352,10388,148,14339,California
Tehama,2021-04-21,518,24619,444,6869,74,17090,0,660,168,3769,350,10738,168,14507,California
Tehama,2021-04-22,514,25133,363,7232,151,17241,0,660,150,3556,363,11101,150,14657,California
Tehama,2021-04-23,445,25578,347,7579,98,17339,0,660,204,3520,241,11342,205,14862,California
Tehama,2021-04-24,104,25682,18,7597,86,17425,0,660,30,3476,74,11416,30,14892,California
Tehama,2021-04-25,29,25711,18,7615,11,17436,0,660,11,3469,18,11434,11,14903,California
Tehama,2021-04-26,72,25783,7,7622,65,17501,0,660,42,3482,29,11463,42,14945,California
Tehama,2021-04-27,248,26031,203,7825,45,17546,0,660,91,3416,157,11620,91,15036,California
Tehama,2021-04-28,395,26426,318,8143,60,17606,17,677,65,3168,330,11950,82,15118,California
Tehama,2021-04-29,350,26776,171,8314,174,17780,5,682,67,2958,282,12232,72,15190,California
Tehama,2021-04-30,324,27100,240,8554,78,17858,6,688,112,2864,212,12444,118,15308,California
Tehama,2021-05-01,72,27172,4,8558,65,17923,3,691,14,2823,58,12502,17,15325,California
Tehama,2021-05-02,46,27218,24,8582,10,17933,12,703,26,2841,20,12522,38,15363,California
Tehama,2021-05-03,117,27335,41,8623,68,18001,8,711,62,2856,55,12577,70,15433,California
Tehama,2021-05-04,152,27487,53,8676,92,18093,7,718,65,2841,87,12664,72,15505,California
Tehama,2021-05-05,89,27576,22,8698,56,18149,11,729,40,2843,49,12713,51,15556,California
Tehama,2021-05-06,163,27739,88,8786,57,18206,18,747,96,2890,67,12780,114,15670,California
Tehama,2021-05-07,161,27900,69,8855,82,18288,10,757,43,2828,115,12895,53,15723,California
Tehama,2021-05-08,47,27947,6,8861,40,18328,1,758,11,2804,36,12931,12,15735,California
Tehama,2021-05-09,16,27963,3,8864,12,18340,1,759,6,2801,10,12941,7,15742,California
Tehama,2021-05-10,81,28044,7,8871,67,18407,7,766,40,2808,40,12981,47,15789,California
Tehama,2021-05-11,142,28186,113,8984,20,18427,9,775,22,2719,120,13101,31,15820,California
Trinity,2020-12-17,4,4,4,4,0,0,0,0,4,4,0,0,4,4,California
Trinity,2020-12-18,2,6,2,6,0,0,0,0,2,6,0,0,2,6,California
Trinity,2020-12-21,39,45,39,45,0,0,0,0,39,45,0,0,39,45,California
Trinity,2020-12-22,5,50,5,50,0,0,0,0,5,50,0,0,5,50,California
Trinity,2020-12-23,5,55,5,55,0,0,0,0,5,55,0,0,5,55,California
Trinity,2020-12-28,30,85,30,85,0,0,0,0,30,85,0,0,30,85,California
Trinity,2020-12-29,8,93,7,92,1,1,0,0,8,93,0,0,8,93,California
Trinity,2020-12-30,10,103,8,100,2,3,0,0,10,103,0,0,10,103,California
Trinity,2020-12-31,2,105,1,101,1,4,0,0,2,105,0,0,2,105,California
Trinity,2021-01-04,28,133,0,101,28,32,0,0,27,132,0,0,27,132,California
Trinity,2021-01-05,2,135,1,102,1,33,0,0,2,134,0,0,2,134,California
Trinity,2021-01-06,24,159,4,106,20,53,0,0,20,150,4,4,20,154,California
Trinity,2021-01-08,49,208,2,108,47,100,0,0,48,196,2,6,48,202,California
Trinity,2021-01-11,42,250,39,147,3,103,0,0,4,162,38,44,4,206,California
Trinity,2021-01-12,9,259,7,154,2,105,0,0,4,161,5,49,4,210,California
Trinity,2021-01-13,7,266,4,158,3,108,0,0,4,162,3,52,4,214,California
Trinity,2021-01-14,4,270,1,159,3,111,0,0,4,166,0,52,4,218,California
Trinity,2021-01-15,4,274,0,159,4,115,0,0,4,170,0,52,4,222,California
Trinity,2021-01-16,4,278,0,159,4,119,0,0,4,174,0,52,4,226,California
Trinity,2021-01-18,31,309,31,190,0,119,0,0,1,145,30,82,1,227,California
Trinity,2021-01-19,96,405,14,204,82,201,0,0,82,213,14,96,82,309,California
Trinity,2021-01-20,19,424,3,207,16,217,0,0,17,228,2,98,17,326,California
Trinity,2021-01-21,17,441,7,214,10,227,0,0,17,245,0,98,17,343,California
Trinity,2021-01-22,5,446,1,215,4,231,0,0,5,250,0,98,5,348,California
Trinity,2021-01-23,7,453,3,218,4,235,0,0,7,257,0,98,7,355,California
Trinity,2021-01-25,14,467,1,219,13,248,0,0,13,269,1,99,13,368,California
Trinity,2021-01-26,10,477,1,220,9,257,0,0,9,277,1,100,9,377,California
Trinity,2021-01-27,12,489,0,220,12,269,0,0,12,289,0,100,12,389,California
Trinity,2021-01-28,13,502,3,223,10,279,0,0,10,296,3,103,10,399,California
Trinity,2021-01-29,3,505,1,224,2,281,0,0,2,297,1,104,2,401,California
Trinity,2021-01-30,12,517,11,235,1,282,0,0,12,309,0,104,12,413,California
Trinity,2021-02-01,2,519,1,236,1,283,0,0,1,309,1,105,1,414,California
Trinity,2021-02-02,13,532,3,239,10,293,0,0,13,322,0,105,13,427,California
Trinity,2021-02-03,6,538,1,240,5,298,0,0,3,322,3,108,3,430,California
Trinity,2021-02-04,42,580,32,272,10,308,0,0,35,350,7,115,35,465,California
Trinity,2021-02-05,350,930,0,272,350,658,0,0,320,640,30,145,320,785,California
Trinity,2021-02-06,210,1140,5,277,205,863,0,0,203,836,7,152,203,988,California
Trinity,2021-02-07,1,1141,0,277,1,864,0,0,1,837,0,152,1,989,California
Trinity,2021-02-08,25,1166,0,277,25,889,0,0,15,842,10,162,15,1004,California
Trinity,2021-02-09,27,1193,2,279,25,914,0,0,11,837,16,178,11,1015,California
Trinity,2021-02-10,122,1315,10,289,112,1026,0,0,102,919,20,198,102,1117,California
Trinity,2021-02-11,339,1654,2,291,337,1363,0,0,332,1244,7,205,332,1449,California
Trinity,2021-02-12,14,1668,6,297,8,1371,0,0,10,1250,4,209,10,1459,California
Trinity,2021-02-13,12,1680,5,302,7,1378,0,0,5,1248,7,216,5,1464,California
Trinity,2021-02-14,2,1682,2,304,0,1378,0,0,2,1250,0,216,2,1466,California
Trinity,2021-02-15,47,1729,0,304,47,1425,0,0,47,1297,0,216,47,1513,California
Trinity,2021-02-16,6,1735,2,306,4,1429,0,0,3,1297,3,219,3,1516,California
Trinity,2021-02-17,94,1829,2,308,92,1521,0,0,84,1371,10,229,84,1600,California
Trinity,2021-02-18,4,1833,0,308,4,1525,0,0,1,1369,3,232,1,1601,California
Trinity,2021-02-19,304,2137,2,310,302,1827,0,0,290,1645,14,246,290,1891,California
Trinity,2021-02-20,141,2278,14,324,127,1954,0,0,113,1730,28,274,113,2004,California
Trinity,2021-02-22,8,2286,0,324,8,1962,0,0,5,1732,3,277,5,2009,California
Trinity,2021-02-23,11,2297,4,328,7,1969,0,0,6,1733,5,282,6,2015,California
Trinity,2021-02-24,30,2327,8,336,22,1991,0,0,7,1717,23,305,7,2022,California
Trinity,2021-02-25,36,2363,23,359,13,2004,0,0,5,1691,31,336,5,2027,California
Trinity,2021-02-26,11,2374,1,360,10,2014,0,0,5,1690,6,342,5,2032,California
Trinity,2021-02-27,9,2383,7,367,2,2016,0,0,4,1689,5,347,4,2036,California
Trinity,2021-03-01,9,2392,0,367,9,2025,0,0,5,1690,4,351,5,2041,California
Trinity,2021-03-02,9,2401,3,370,6,2031,0,0,2,1685,7,358,2,2043,California
Trinity,2021-03-03,5,2406,0,370,5,2036,0,0,4,1688,1,359,4,2047,California
Trinity,2021-03-04,24,2430,19,389,5,2041,0,0,14,1692,10,369,14,2061,California
Trinity,2021-03-05,388,2818,1,390,387,2428,0,0,121,1550,263,632,121,2182,California
Trinity,2021-03-06,202,3020,7,397,195,2623,0,0,27,1402,175,807,27,2209,California
Trinity,2021-03-07,4,3024,3,400,1,2624,0,0,3,1404,1,808,3,2212,California
Trinity,2021-03-08,3,3027,0,400,2,2626,1,1,1,1404,2,810,2,2214,California
Trinity,2021-03-09,94,3121,0,400,92,2718,2,3,89,1490,5,815,91,2305,California
Trinity,2021-03-10,126,3247,3,403,120,2838,3,6,38,1443,88,903,41,2346,California
Trinity,2021-03-11,14,3261,4,407,8,2846,2,8,5,1441,9,912,7,2353,California
Trinity,2021-03-12,385,3646,5,412,374,3220,6,14,90,1242,295,1207,96,2449,California
Trinity,2021-03-13,13,3659,8,420,3,3223,2,16,8,1247,5,1212,10,2459,California
Trinity,2021-03-14,2,3661,0,420,2,3225,0,16,2,1249,0,1212,2,2461,California
Trinity,2021-03-15,67,3728,0,420,66,3291,1,17,14,1211,53,1265,15,2476,California
Trinity,2021-03-16,115,3843,7,427,108,3399,0,17,101,1298,14,1279,101,2577,California
Trinity,2021-03-17,100,3943,3,430,97,3496,0,17,26,1250,74,1353,26,2603,California
Trinity,2021-03-18,10,3953,2,432,5,3501,3,20,5,1253,5,1358,8,2611,California
Trinity,2021-03-19,459,4412,4,436,345,3846,110,130,36,976,423,1781,146,2757,California
Trinity,2021-03-20,104,4516,7,443,97,3943,0,130,69,1011,34,1815,69,2826,California
Trinity,2021-03-21,4,4520,0,443,3,3946,1,131,3,1014,1,1816,4,2830,California
Trinity,2021-03-22,2,4522,0,443,2,3948,0,131,2,1016,0,1816,2,2832,California
Trinity,2021-03-23,96,4618,2,445,94,4042,0,131,78,1076,18,1834,78,2910,California
Trinity,2021-03-24,12,4630,1,446,11,4053,0,131,9,1082,3,1837,9,2919,California
Trinity,2021-03-25,110,4740,8,454,96,4149,6,137,84,1146,26,1863,90,3009,California
Trinity,2021-03-26,85,4825,8,462,77,4226,0,137,78,1217,7,1870,78,3087,California
Trinity,2021-03-27,18,4843,4,466,5,4231,9,146,7,1222,11,1881,16,3103,California
Trinity,2021-03-28,5,4848,3,469,2,4233,0,146,1,1219,4,1885,1,3104,California
Trinity,2021-03-29,5,4853,0,469,5,4238,0,146,2,1218,3,1888,2,3106,California
Trinity,2021-03-30,77,4930,5,474,72,4310,0,146,67,1275,10,1898,67,3173,California
Trinity,2021-03-31,56,4986,5,479,19,4329,32,178,21,1292,35,1933,52,3225,California
Trinity,2021-04-01,41,5027,11,490,19,4348,11,189,21,1304,20,1953,32,3257,California
Trinity,2021-04-02,242,5269,5,495,163,4511,74,263,72,1281,169,2122,146,3403,California
Trinity,2021-04-03,18,5287,13,508,5,4516,0,263,8,1279,10,2132,8,3411,California
Trinity,2021-04-04,10,5297,8,516,2,4518,0,263,8,1285,2,2134,8,3419,California
Trinity,2021-04-05,59,5356,6,522,52,4570,1,264,55,1337,4,2138,56,3475,California
Trinity,2021-04-06,115,5471,15,537,97,4667,3,267,27,1279,88,2226,30,3505,California
Trinity,2021-04-07,22,5493,12,549,5,4672,5,272,14,1290,8,2234,19,3524,California
Trinity,2021-04-08,87,5580,10,559,75,4747,2,274,50,1305,37,2271,52,3576,California
Trinity,2021-04-09,168,5748,20,579,143,4890,5,279,89,1320,79,2350,94,3670,California
Trinity,2021-04-10,11,5759,7,586,4,4894,0,279,10,1329,1,2351,10,3680,California
Trinity,2021-04-11,9,5768,5,591,2,4896,2,281,4,1330,5,2356,6,3686,California
Trinity,2021-04-12,77,5845,5,596,71,4967,1,282,64,1382,12,2368,64,3750,California
Trinity,2021-04-13,97,5942,5,601,92,5059,0,282,10,1305,87,2455,10,3760,California
Trinity,2021-04-14,10,5952,5,606,5,5064,0,282,6,1307,4,2459,6,3766,California
Trinity,2021-04-15,43,5995,10,616,33,5097,0,282,14,1292,29,2488,14,3780,California
Trinity,2021-04-16,143,6138,12,628,131,5228,0,282,71,1291,72,2560,71,3851,California
Trinity,2021-04-17,11,6149,5,633,6,5234,0,282,9,1298,2,2562,9,3860,California
Trinity,2021-04-18,2,6151,1,634,1,5235,0,282,0,1296,2,2564,0,3860,California
Trinity,2021-04-19,5,6156,2,636,3,5238,0,282,4,1299,1,2565,4,3864,California
Trinity,2021-04-20,92,6248,8,644,84,5322,0,282,20,1247,72,2637,20,3884,California
Trinity,2021-04-21,22,6270,9,653,13,5335,0,282,9,1243,13,2650,9,3893,California
Trinity,2021-04-22,91,6361,5,658,86,5421,0,282,14,1180,77,2727,14,3907,California
Trinity,2021-04-23,182,6543,6,664,176,5597,0,282,113,1224,69,2796,113,4020,California
Trinity,2021-04-24,20,6563,13,677,7,5604,0,282,5,1214,15,2811,5,4025,California
Trinity,2021-04-25,10,6573,9,686,1,5605,0,282,3,1211,6,2817,3,4028,California
Trinity,2021-04-26,45,6618,6,692,39,5644,0,282,40,1246,5,2822,40,4068,California
Trinity,2021-04-27,85,6703,7,699,78,5722,0,282,22,1205,63,2885,22,4090,California
Trinity,2021-04-28,33,6736,11,710,22,5744,0,282,12,1196,21,2906,12,4102,California
Trinity,2021-04-29,34,6770,13,723,21,5765,0,282,12,1186,22,2928,12,4114,California
Trinity,2021-04-30,26,6796,20,743,6,5771,0,282,8,1176,18,2946,8,4122,California
Trinity,2021-05-01,14,6810,8,751,1,5772,5,287,4,1175,10,2956,9,4131,California
Trinity,2021-05-02,8,6818,5,756,1,5773,2,289,2,1173,6,2962,4,4135,California
Trinity,2021-05-03,58,6876,13,769,44,5817,1,290,10,1136,48,3010,11,4146,California
Trinity,2021-05-04,21,6897,12,781,8,5825,1,291,10,1136,11,3021,11,4157,California
Trinity,2021-05-05,11,6908,6,787,5,5830,0,291,4,1133,7,3028,4,4161,California
Trinity,2021-05-06,73,6981,9,796,62,5892,2,293,16,1094,57,3085,18,4179,California
Trinity,2021-05-07,168,7149,9,805,125,6017,34,327,11,982,157,3242,45,4224,California
Trinity,2021-05-08,7,7156,3,808,4,6021,0,327,2,979,5,3247,2,4226,California
Trinity,2021-05-09,11,7167,7,815,4,6025,0,327,6,980,5,3252,6,4232,California
Trinity,2021-05-10,12,7179,4,819,7,6032,1,328,8,985,4,3256,9,4241,California
Trinity,2021-05-11,6,7185,0,819,5,6037,1,329,4,988,2,3258,5,4246,California
Tulare,2020-12-15,1,1,1,1,0,0,0,0,1,1,0,0,1,1,California
Tulare,2020-12-16,3,4,3,4,0,0,0,0,3,4,0,0,3,4,California
Tulare,2020-12-17,110,114,110,114,0,0,0,0,110,114,0,0,110,114,California
Tulare,2020-12-18,290,404,289,403,1,1,0,0,290,404,0,0,290,404,California
Tulare,2020-12-19,327,731,327,730,0,1,0,0,327,731,0,0,327,731,California
Tulare,2020-12-20,166,897,165,895,1,2,0,0,166,897,0,0,166,897,California
Tulare,2020-12-21,423,1320,423,1318,0,2,0,0,443,1340,0,0,443,1340,California
Tulare,2020-12-22,469,1789,467,1785,2,4,0,0,468,1808,0,0,468,1808,California
Tulare,2020-12-23,327,2116,319,2104,8,12,0,0,325,2133,0,0,325,2133,California
Tulare,2020-12-24,18,2134,16,2120,2,14,0,0,18,2151,0,0,18,2151,California
Tulare,2020-12-26,8,2142,7,2127,1,15,0,0,8,2159,0,0,8,2159,California
Tulare,2020-12-27,16,2158,12,2139,4,19,0,0,16,2175,0,0,16,2175,California
Tulare,2020-12-28,481,2639,469,2608,12,31,0,0,480,2655,0,0,480,2655,California
Tulare,2020-12-29,546,3185,478,3086,68,99,0,0,546,3201,0,0,546,3201,California
Tulare,2020-12-30,474,3659,435,3521,39,138,0,0,474,3675,0,0,474,3675,California
Tulare,2020-12-31,94,3753,22,3543,72,210,0,0,94,3769,0,0,94,3769,California
Tulare,2021-01-01,2,3755,1,3544,1,211,0,0,2,3771,0,0,2,3771,California
Tulare,2021-01-02,30,3785,17,3561,13,224,0,0,30,3801,0,0,30,3801,California
Tulare,2021-01-03,23,3808,9,3570,14,238,0,0,23,3824,0,0,23,3824,California
Tulare,2021-01-04,92,3900,16,3586,76,314,0,0,92,3916,0,0,92,3916,California
Tulare,2021-01-05,460,4360,278,3864,182,496,0,0,458,4372,2,2,458,4374,California
Tulare,2021-01-06,864,5224,635,4499,229,725,0,0,854,5216,10,12,854,5228,California
Tulare,2021-01-07,781,6005,583,5082,198,923,0,0,674,5783,107,119,674,5902,California
Tulare,2021-01-08,1266,7271,574,5656,692,1615,0,0,928,6374,337,456,928,6830,California
Tulare,2021-01-09,741,8012,203,5859,538,2153,0,0,554,6741,187,643,554,7384,California
Tulare,2021-01-10,50,8062,44,5903,6,2159,0,0,11,6713,39,682,11,7395,California
Tulare,2021-01-11,1270,9332,769,6672,501,2660,0,0,834,7111,436,1118,834,8229,California
Tulare,2021-01-12,1404,10736,489,7161,915,3575,0,0,995,7699,408,1526,996,9225,California
Tulare,2021-01-13,437,11173,208,7369,229,3804,0,0,363,7988,74,1600,363,9588,California
Tulare,2021-01-14,491,11664,140,7509,351,4155,0,0,465,8438,15,1615,465,10053,California
Tulare,2021-01-15,1621,13285,153,7662,1468,5623,0,0,1612,10041,9,1624,1612,11665,California
Tulare,2021-01-16,1901,15186,114,7776,1787,7410,0,0,1887,11914,14,1638,1887,13552,California
Tulare,2021-01-17,141,15327,122,7898,19,7429,0,0,131,12035,10,1648,131,13683,California
Tulare,2021-01-18,692,16019,659,8557,33,7462,0,0,294,11931,398,2046,294,13977,California
Tulare,2021-01-19,1007,17026,684,9241,323,7785,0,0,579,12082,428,2474,579,14556,California
Tulare,2021-01-20,2425,19451,612,9853,1813,9598,0,0,2011,13704,389,2863,2011,16567,California
Tulare,2021-01-21,1548,20999,186,10039,1362,10960,0,0,1522,15205,21,2884,1522,18089,California
Tulare,2021-01-22,1059,22058,190,10229,869,11829,0,0,1034,16215,24,2908,1034,19123,California
Tulare,2021-01-23,438,22496,156,10385,282,12111,0,0,417,16611,21,2929,417,19540,California
Tulare,2021-01-24,30,22526,27,10412,3,12114,0,0,28,16637,2,2931,28,19568,California
Tulare,2021-01-25,1325,23851,979,11391,346,12460,0,0,1296,17904,29,2960,1296,20864,California
Tulare,2021-01-26,1499,25350,1100,12491,399,12859,0,0,1174,18754,324,3284,1174,22038,California
Tulare,2021-01-27,1500,26850,1071,13562,429,13288,0,0,923,19101,576,3860,923,22961,California
Tulare,2021-01-28,1203,28053,769,14331,434,13722,0,0,808,19514,395,4255,808,23769,California
Tulare,2021-01-29,1130,29183,720,15051,410,14132,0,0,820,20024,310,4565,820,24589,California
Tulare,2021-01-30,1674,30857,1580,16631,94,14226,0,0,1650,21651,24,4589,1651,26240,California
Tulare,2021-01-31,51,30908,47,16678,4,14230,0,0,48,21696,3,4592,48,26288,California
Tulare,2021-02-01,1185,32093,916,17594,269,14499,0,0,830,22172,354,4946,830,27118,California
Tulare,2021-02-02,677,32770,328,17922,349,14848,0,0,445,22388,230,5176,446,27564,California
Tulare,2021-02-03,588,33358,262,18184,326,15174,0,0,336,22492,232,5408,336,27900,California
Tulare,2021-02-04,552,33910,166,18350,386,15560,0,0,266,22474,285,5693,267,28167,California
Tulare,2021-02-05,1234,35144,237,18587,997,16557,0,0,416,22074,816,6509,416,28583,California
Tulare,2021-02-06,836,35980,158,18745,678,17235,0,0,268,21776,566,7075,268,28851,California
Tulare,2021-02-07,82,36062,70,18815,12,17247,0,0,23,21740,59,7134,23,28874,California
Tulare,2021-02-08,941,37003,328,19143,613,17860,0,0,244,21290,694,7828,244,29118,California
Tulare,2021-02-09,1409,38412,329,19472,1080,18940,0,0,362,20610,1042,8870,362,29480,California
Tulare,2021-02-10,2467,40879,1984,21456,483,19423,0,0,2067,22280,397,9267,2067,31547,California
Tulare,2021-02-11,1325,42204,377,21833,948,20371,0,0,906,22767,419,9686,906,32453,California
Tulare,2021-02-12,2780,44984,575,22408,2205,22576,0,0,1210,22414,1563,11249,1210,33663,California
Tulare,2021-02-13,2480,47464,157,22565,2323,24899,0,0,667,21272,1809,13058,667,34330,California
Tulare,2021-02-14,333,47797,36,22601,297,25196,0,0,300,21539,33,13091,300,34630,California
Tulare,2021-02-15,920,48717,294,22895,626,25822,0,0,663,21946,256,13347,663,35293,California
Tulare,2021-02-16,2833,51550,1597,24492,1236,27058,0,0,1077,21268,1755,15102,1077,36370,California
Tulare,2021-02-17,2698,54248,510,25002,2188,29246,0,0,461,19497,2232,17334,461,36831,California
Tulare,2021-02-18,2304,56552,456,25458,1848,31094,0,0,635,18471,1661,18995,635,37466,California
Tulare,2021-02-19,2298,58850,857,26315,1441,32535,0,0,944,18063,1352,20347,944,38410,California
Tulare,2021-02-20,2989,61839,1891,28206,1098,33633,0,0,1267,17613,1717,22064,1267,39677,California
Tulare,2021-02-21,94,61933,90,28296,4,33637,0,0,59,17637,35,22099,59,39736,California
Tulare,2021-02-22,1105,63038,700,28996,405,34042,0,0,210,16953,894,22993,210,39946,California
Tulare,2021-02-23,1947,64985,940,29936,1007,35049,0,0,1457,17921,489,23482,1457,41403,California
Tulare,2021-02-24,2476,67461,1551,31487,925,35974,0,0,2097,19641,378,23860,2098,43501,California
Tulare,2021-02-25,3486,70947,1951,33438,1535,37509,0,0,3071,22301,411,24271,3071,46572,California
Tulare,2021-02-26,3838,74785,1880,35318,1958,39467,0,0,3375,25215,461,24732,3375,49947,California
Tulare,2021-02-27,2901,77686,1394,36712,1507,40974,0,0,2768,27861,122,24854,2768,52715,California
Tulare,2021-02-28,1304,78990,1033,37745,271,41245,0,0,1284,29127,18,24872,1284,53999,California
Tulare,2021-03-01,1739,80729,773,38518,966,42211,0,0,1554,30498,183,25055,1554,55553,California
Tulare,2021-03-02,2689,83418,1194,39712,1495,43706,0,0,2520,32852,167,25222,2521,58074,California
Tulare,2021-03-03,3926,87344,2597,42309,1329,45035,0,0,1975,32881,1948,27170,1977,60051,California
Tulare,2021-03-04,2890,90234,1301,43610,1589,46624,0,0,2571,35136,316,27486,2571,62622,California
Tulare,2021-03-05,3292,93526,1699,45309,1578,48202,15,15,2784,37433,504,27990,2801,65423,California
Tulare,2021-03-06,3059,96585,1434,46743,1566,49768,59,74,2811,40056,245,28235,2868,68291,California
Tulare,2021-03-07,1092,97677,682,47425,389,50157,21,95,1052,41089,40,28275,1073,69364,California
Tulare,2021-03-08,1696,99373,1005,48430,523,50680,168,263,1378,42321,313,28588,1545,70909,California
Tulare,2021-03-09,3193,102566,2190,50620,856,51536,147,410,2796,44864,398,28986,2941,73850,California
Tulare,2021-03-10,2791,105357,1388,52008,1228,52764,175,585,2411,47077,371,29357,2584,76434,California
Tulare,2021-03-11,4139,109496,1965,53973,1874,54638,300,885,3203,49644,936,30293,3503,79937,California
Tulare,2021-03-12,4344,113840,2388,56361,1607,56245,349,1234,3073,51805,1263,31556,3424,83361,California
Tulare,2021-03-13,4005,117845,1849,58210,2051,58296,105,1339,3068,54047,931,32487,3173,86534,California
Tulare,2021-03-14,1802,119647,973,59183,609,58905,220,1559,1273,55011,528,33015,1492,88026,California
Tulare,2021-03-15,2738,122385,1619,60802,1004,59909,115,1674,1965,56321,771,33786,2081,90107,California
Tulare,2021-03-16,3420,125805,2115,62917,1228,61137,77,1751,1873,56730,1544,35330,1953,92060,California
Tulare,2021-03-17,4012,129817,2608,65525,1327,62464,77,1828,2270,57348,1736,37066,2354,94414,California
Tulare,2021-03-18,4599,134416,3351,68876,1175,63639,73,1901,2440,57710,2153,39219,2515,96929,California
Tulare,2021-03-19,5065,139481,3319,72195,1551,65190,195,2096,2718,58296,2329,41548,2915,99844,California
Tulare,2021-03-20,4453,143934,2762,74957,1319,66509,372,2468,2116,58458,2329,43877,2491,102335,California
Tulare,2021-03-21,1919,145853,1631,76588,262,66771,26,2494,989,58545,927,44804,1014,103349,California
Tulare,2021-03-22,2499,148352,1711,78299,676,67447,112,2606,1667,59500,826,45630,1781,105130,California
Tulare,2021-03-23,3727,152079,2140,80439,1535,68982,52,2658,2083,60007,1634,47264,2141,107271,California
Tulare,2021-03-24,3164,155243,1955,82394,1167,70149,42,2700,1809,60510,1348,48612,1851,109122,California
Tulare,2021-03-25,3461,158704,1803,84197,1486,71635,172,2872,1711,60651,1744,50356,1885,111007,California
Tulare,2021-03-26,5207,163911,3107,87304,1991,73626,109,2981,2568,60707,2621,52977,2677,113684,California
Tulare,2021-03-27,3521,167432,1807,89111,1616,75242,98,3079,992,59274,2521,55498,1088,114772,California
Tulare,2021-03-28,1454,168886,1050,90161,373,75615,31,3110,675,59210,776,56274,712,115484,California
Tulare,2021-03-29,2895,171781,1674,91835,1110,76725,111,3221,1226,58885,1664,57938,1339,116823,California
Tulare,2021-03-30,4798,176579,2767,94602,1801,78526,230,3451,1550,57422,3240,61178,1777,118600,California
Tulare,2021-03-31,3856,180435,2295,96897,1448,79974,113,3564,1566,56825,2282,63460,1685,120285,California
Tulare,2021-04-01,4398,184833,2358,99255,1974,81948,66,3630,1544,55592,2844,66304,1611,121896,California
Tulare,2021-04-02,5218,190051,2980,102235,2121,84069,117,3747,1646,53800,3556,69860,1764,123660,California
Tulare,2021-04-03,3487,193538,2003,104238,1122,85191,362,4109,843,52398,2606,72466,1204,124864,California
Tulare,2021-04-04,1616,195154,1131,105369,478,85669,7,4116,390,51571,1224,73690,397,125261,California
Tulare,2021-04-05,3311,198465,2324,107693,724,86393,263,4379,861,50258,2438,76128,1125,126386,California
Tulare,2021-04-06,3397,201862,1466,109159,1439,87832,492,4871,933,49228,2458,78586,1428,127814,California
Tulare,2021-04-07,3828,205690,1813,110972,1584,89416,431,5302,1275,48379,2546,81132,1697,129511,California
Tulare,2021-04-08,4710,210400,2588,113560,1666,91082,456,5758,1540,47210,3162,84294,1993,131504,California
Tulare,2021-04-09,4771,215171,2944,116504,1398,92480,429,6187,1826,46529,2937,87231,2256,133760,California
Tulare,2021-04-10,3802,218973,2053,118557,1433,93913,316,6503,973,44994,2822,90053,1287,135047,California
Tulare,2021-04-11,1577,220550,1038,119595,468,94381,71,6574,590,44671,984,91037,661,135708,California
Tulare,2021-04-12,3359,223909,2106,121701,660,95041,593,7167,1081,44077,2269,93306,1675,137383,California
Tulare,2021-04-13,2402,226311,1585,123286,807,95848,10,7177,918,43533,1474,94780,930,138313,California
Tulare,2021-04-14,2833,229144,1674,124960,1159,97007,0,7177,929,42561,1901,96681,929,139242,California
Tulare,2021-04-15,3244,232388,2130,127090,1114,98121,0,7177,1453,42232,1782,98463,1453,140695,California
Tulare,2021-04-16,3642,236030,2211,129301,1431,99552,0,7177,1477,41553,2156,100619,1477,142172,California
Tulare,2021-04-17,2187,238217,1286,130587,901,100453,0,7177,1178,41726,1006,101625,1179,143351,California
Tulare,2021-04-18,1516,239733,1187,131774,329,100782,0,7177,812,41836,702,102327,812,144163,California
Tulare,2021-04-19,2115,241848,1219,132993,894,101676,2,7179,899,41523,1214,103541,901,145064,California
Tulare,2021-04-20,2320,244168,1303,134296,1017,102693,0,7179,992,41200,1315,104856,992,146056,California
Tulare,2021-04-21,2170,246338,1316,135612,854,103547,0,7179,786,40637,1349,106205,786,146842,California
Tulare,2021-04-22,2095,248433,1169,136781,926,104473,0,7179,738,40037,1338,107543,738,147580,California
Tulare,2021-04-23,2543,250976,1570,138351,972,105445,1,7180,999,39502,1534,109077,999,148579,California
Tulare,2021-04-24,1634,252610,1054,139405,578,106023,2,7182,859,39593,770,109847,861,149440,California
Tulare,2021-04-25,695,253305,522,139927,173,106196,0,7182,267,39432,428,110275,267,149707,California
Tulare,2021-04-26,1431,254736,844,140771,568,106764,19,7201,601,39226,824,111099,618,150325,California
Tulare,2021-04-27,1563,256299,601,141372,925,107689,37,7238,661,39023,900,111999,697,151022,California
Tulare,2021-04-28,1700,257999,968,142340,691,108380,41,7279,672,38712,1024,113023,713,151735,California
Tulare,2021-04-29,1985,259984,1190,143530,758,109138,37,7316,776,38324,1199,114222,811,152546,California
Tulare,2021-04-30,2419,262403,1767,145297,603,109741,49,7365,896,37751,1518,115740,945,153491,California
Tulare,2021-05-01,1405,263808,1208,146505,185,109926,12,7377,722,37809,676,116416,734,154225,California
Tulare,2021-05-02,583,264391,495,147000,72,109998,16,7393,189,37623,391,116807,205,154430,California
Tulare,2021-05-03,1605,265996,1090,148090,391,110389,124,7517,348,36845,1250,118057,472,154902,California
Tulare,2021-05-04,1543,267539,822,148912,650,111039,71,7588,624,36627,912,118969,694,155596,California
Tulare,2021-05-05,1267,268806,615,149527,573,111612,79,7667,448,36346,808,119777,527,156123,California
Tulare,2021-05-06,1929,270735,1315,150842,568,112180,46,7713,581,35630,1342,121119,626,156749,California
Tulare,2021-05-07,1820,272555,1227,152069,523,112703,70,7783,511,34910,1299,122418,579,157328,California
Tulare,2021-05-08,1207,273762,810,152879,371,113074,26,7809,493,34723,706,123124,519,157847,California
Tulare,2021-05-09,590,274352,466,153345,103,113177,21,7830,117,34393,469,123593,139,157986,California
Tulare,2021-05-10,1000,275352,585,153930,347,113524,68,7898,308,34079,690,124283,376,158362,California
Tulare,2021-05-11,745,276097,343,154273,342,113866,60,7958,291,33982,448,124731,351,158713,California
Tuolumne,2020-12-16,47,47,47,47,0,0,0,0,47,47,0,0,47,47,California
Tuolumne,2020-12-17,17,64,17,64,0,0,0,0,17,64,0,0,17,64,California
Tuolumne,2020-12-18,101,165,100,164,1,1,0,0,101,165,0,0,101,165,California
Tuolumne,2020-12-19,5,170,5,169,0,1,0,0,5,170,0,0,5,170,California
Tuolumne,2020-12-20,1,171,1,170,0,1,0,0,1,171,0,0,1,171,California
Tuolumne,2020-12-21,116,287,102,272,14,15,0,0,116,287,0,0,116,287,California
Tuolumne,2020-12-22,172,459,172,444,0,15,0,0,172,459,0,0,172,459,California
Tuolumne,2020-12-23,186,645,184,628,2,17,0,0,186,645,0,0,186,645,California
Tuolumne,2020-12-26,3,648,3,631,0,17,0,0,3,648,0,0,3,648,California
Tuolumne,2020-12-28,77,725,75,706,2,19,0,0,77,725,0,0,77,725,California
Tuolumne,2020-12-29,102,827,39,745,63,82,0,0,102,827,0,0,102,827,California
Tuolumne,2020-12-30,78,905,22,767,56,138,0,0,78,905,0,0,78,905,California
Tuolumne,2020-12-31,27,932,20,787,7,145,0,0,27,932,0,0,27,932,California
Tuolumne,2021-01-01,7,939,6,793,1,146,0,0,7,939,0,0,7,939,California
Tuolumne,2021-01-02,118,1057,115,908,3,149,0,0,118,1057,0,0,118,1057,California
Tuolumne,2021-01-03,2,1059,2,910,0,149,0,0,2,1059,0,0,2,1059,California
Tuolumne,2021-01-04,69,1128,26,936,43,192,0,0,69,1128,0,0,69,1128,California
Tuolumne,2021-01-05,93,1221,27,963,66,258,0,0,90,1216,3,3,91,1219,California
Tuolumne,2021-01-06,132,1353,72,1035,60,318,0,0,68,1220,64,67,68,1287,California
Tuolumne,2021-01-07,119,1472,63,1098,56,374,0,0,64,1229,55,122,64,1351,California
Tuolumne,2021-01-08,103,1575,79,1177,24,398,0,0,26,1180,76,198,27,1378,California
Tuolumne,2021-01-09,1,1576,0,1177,1,399,0,0,1,1181,0,198,1,1379,California
Tuolumne,2021-01-10,3,1579,1,1178,2,401,0,0,3,1184,0,198,3,1382,California
Tuolumne,2021-01-11,115,1694,89,1267,26,427,0,0,34,1137,81,279,34,1416,California
Tuolumne,2021-01-12,102,1796,86,1353,16,443,0,0,17,1069,85,364,17,1433,California
Tuolumne,2021-01-13,231,2027,125,1478,106,549,0,0,182,1203,49,413,183,1616,California
Tuolumne,2021-01-14,147,2174,107,1585,40,589,0,0,42,1141,104,517,42,1658,California
Tuolumne,2021-01-15,475,2649,72,1657,403,992,0,0,413,1494,61,578,414,2072,California
Tuolumne,2021-01-16,7,2656,3,1660,4,996,0,0,6,1499,1,579,6,2078,California
Tuolumne,2021-01-17,8,2664,5,1665,3,999,0,0,7,1506,0,579,7,2085,California
Tuolumne,2021-01-18,46,2710,38,1703,8,1007,0,0,9,1479,36,615,9,2094,California
Tuolumne,2021-01-19,477,3187,73,1776,404,1411,0,0,431,1864,46,661,431,2525,California
Tuolumne,2021-01-20,76,3263,58,1834,18,1429,0,0,24,1837,51,712,24,2549,California
Tuolumne,2021-01-21,56,3319,23,1857,33,1462,0,0,40,1861,16,728,40,2589,California
Tuolumne,2021-01-22,168,3487,16,1873,152,1614,0,0,161,2015,7,735,161,2750,California
Tuolumne,2021-01-23,666,4153,147,2020,519,2133,0,0,552,2464,114,849,563,3313,California
Tuolumne,2021-01-24,523,4676,1,2021,522,2655,0,0,519,2981,3,852,520,3833,California
Tuolumne,2021-01-25,49,4725,28,2049,21,2676,0,0,22,2977,27,879,23,3856,California
Tuolumne,2021-01-26,80,4805,68,2117,12,2688,0,0,40,2978,40,919,41,3897,California
Tuolumne,2021-01-27,61,4866,4,2121,57,2745,0,0,8,2934,52,971,8,3905,California
Tuolumne,2021-01-28,27,4893,7,2128,20,2765,0,0,18,2943,9,980,18,3923,California
Tuolumne,2021-01-29,74,4967,6,2134,68,2833,0,0,35,2939,39,1019,35,3958,California
Tuolumne,2021-01-30,709,5676,552,2686,157,2990,0,0,686,3619,23,1042,703,4661,California
Tuolumne,2021-01-31,8,5684,2,2688,6,2996,0,0,5,3621,3,1045,5,4666,California
Tuolumne,2021-02-01,25,5709,6,2694,19,3015,0,0,22,3640,3,1048,22,4688,California
Tuolumne,2021-02-02,646,6355,37,2731,609,3624,0,0,635,4266,9,1057,635,5323,California
Tuolumne,2021-02-03,238,6593,109,2840,129,3753,0,0,86,4200,152,1209,86,5409,California
Tuolumne,2021-02-04,123,6716,13,2853,110,3863,0,0,60,4197,63,1272,60,5469,California
Tuolumne,2021-02-05,98,6814,12,2865,86,3949,0,0,35,4170,62,1334,35,5504,California
Tuolumne,2021-02-06,854,7668,580,3445,274,4223,0,0,848,5015,6,1340,851,6355,California
Tuolumne,2021-02-07,8,7676,4,3449,4,4227,0,0,4,5015,4,1344,4,6359,California
Tuolumne,2021-02-08,91,7767,40,3489,51,4278,0,0,67,5058,24,1368,67,6426,California
Tuolumne,2021-02-09,863,8630,53,3542,810,5088,0,0,823,5841,40,1408,823,7249,California
Tuolumne,2021-02-10,92,8722,17,3559,75,5163,0,0,31,5812,60,1468,31,7280,California
Tuolumne,2021-02-11,142,8864,67,3626,75,5238,0,0,76,5822,66,1534,76,7356,California
Tuolumne,2021-02-12,647,9511,19,3645,628,5866,0,0,205,5586,441,1975,205,7561,California
Tuolumne,2021-02-13,149,9660,42,3687,107,5973,0,0,118,5679,25,2000,118,7679,California
Tuolumne,2021-02-14,148,9808,12,3699,136,6109,0,0,147,5825,1,2001,147,7826,California
Tuolumne,2021-02-15,185,9993,10,3709,175,6284,0,0,176,5992,9,2010,176,8002,California
Tuolumne,2021-02-16,529,10522,17,3726,512,6796,0,0,122,5712,404,2414,124,8126,California
Tuolumne,2021-02-17,110,10632,63,3789,47,6843,0,0,63,5729,46,2460,63,8189,California
Tuolumne,2021-02-18,680,11312,26,3815,654,7497,0,0,629,6308,51,2511,630,8819,California
Tuolumne,2021-02-19,142,11454,23,3838,119,7616,0,0,43,6252,99,2610,43,8862,California
Tuolumne,2021-02-20,905,12359,342,4180,563,8179,0,0,386,6133,506,3116,387,9249,California
Tuolumne,2021-02-21,976,13335,37,4217,939,9118,0,0,469,6100,504,3620,471,9720,California
Tuolumne,2021-02-22,79,13414,58,4275,21,9139,0,0,47,6116,31,3651,47,9767,California
Tuolumne,2021-02-23,48,13462,24,4299,24,9163,0,0,26,6121,21,3672,26,9793,California
Tuolumne,2021-02-24,103,13565,58,4357,45,9208,0,0,43,6105,59,3731,43,9836,California
Tuolumne,2021-02-25,1054,14619,35,4392,1019,10227,0,0,1023,7097,31,3762,1023,10859,California
Tuolumne,2021-02-26,144,14763,10,4402,134,10361,0,0,121,7195,23,3785,121,10980,California
Tuolumne,2021-02-27,949,15712,577,4979,372,10733,0,0,247,6759,685,4470,249,11229,California
Tuolumne,2021-02-28,56,15768,4,4983,52,10785,0,0,53,6810,2,4472,53,11282,California
Tuolumne,2021-03-01,112,15880,21,5004,91,10876,0,0,77,6855,33,4505,78,11360,California
Tuolumne,2021-03-02,705,16585,73,5077,632,11508,0,0,106,6363,598,5103,106,11466,California
Tuolumne,2021-03-03,90,16675,22,5099,68,11576,0,0,65,6403,25,5128,65,11531,California
Tuolumne,2021-03-04,1170,17845,75,5174,1095,12671,0,0,1107,7447,63,5191,1107,12638,California
Tuolumne,2021-03-05,85,17930,10,5184,75,12746,0,0,48,7460,36,5227,49,12687,California
Tuolumne,2021-03-06,1055,18985,604,5788,449,13195,2,2,204,6820,847,6074,207,12894,California
Tuolumne,2021-03-07,41,19026,12,5800,14,13209,15,17,18,6830,23,6097,33,12927,California
Tuolumne,2021-03-08,195,19221,88,5888,100,13309,7,24,139,6920,56,6153,146,13073,California
Tuolumne,2021-03-09,858,20079,16,5904,831,14140,11,35,68,6214,786,6939,80,13153,California
Tuolumne,2021-03-10,78,20157,12,5916,55,14195,11,46,53,6253,25,6964,64,13217,California
Tuolumne,2021-03-11,1285,21442,38,5954,1241,15436,6,52,1259,7494,26,6990,1267,14484,California
Tuolumne,2021-03-12,299,21741,34,5988,250,15686,15,67,191,7596,107,7097,209,14693,California
Tuolumne,2021-03-13,112,21853,12,6000,100,15786,0,67,85,7656,26,7123,86,14779,California
Tuolumne,2021-03-14,142,21995,8,6008,125,15911,9,76,8,7544,134,7257,22,14801,California
Tuolumne,2021-03-15,293,22288,79,6087,212,16123,2,78,100,7461,192,7449,109,14910,California
Tuolumne,2021-03-16,803,23091,40,6127,752,16875,11,89,665,8000,137,7586,676,15586,California
Tuolumne,2021-03-17,150,23241,30,6157,107,16982,13,102,77,8018,71,7657,89,15675,California
Tuolumne,2021-03-18,949,24190,29,6186,907,17889,13,115,318,7721,629,8286,332,16007,California
Tuolumne,2021-03-19,132,24322,16,6202,85,17974,31,146,71,7763,59,8345,101,16108,California
Tuolumne,2021-03-20,89,24411,7,6209,72,18046,10,156,37,7758,51,8396,46,16154,California
Tuolumne,2021-03-21,834,25245,391,6600,434,18480,9,165,40,7019,788,9184,49,16203,California
Tuolumne,2021-03-22,163,25408,72,6672,72,18552,19,184,97,7069,66,9250,116,16319,California
Tuolumne,2021-03-23,709,26117,639,7311,56,18608,14,198,673,7719,36,9286,686,17005,California
Tuolumne,2021-03-24,110,26227,20,7331,72,18680,18,216,77,7782,32,9318,95,17100,California
Tuolumne,2021-03-25,1296,27523,23,7354,1270,19950,3,219,323,7137,971,10289,326,17426,California
Tuolumne,2021-03-26,269,27792,16,7370,230,20180,23,242,111,7123,148,10437,134,17560,California
Tuolumne,2021-03-27,578,28370,54,7424,524,20704,0,242,318,7184,258,10695,319,17879,California
Tuolumne,2021-03-28,49,28419,8,7432,41,20745,0,242,9,7155,39,10734,10,17889,California
Tuolumne,2021-03-29,203,28622,82,7514,121,20866,0,242,106,7167,94,10828,106,17995,California
Tuolumne,2021-03-30,162,28784,11,7525,150,21016,1,243,120,7247,41,10869,121,18116,California
Tuolumne,2021-03-31,92,28876,14,7539,76,21092,2,245,34,7228,56,10925,37,18153,California
Tuolumne,2021-04-01,1251,30127,32,7571,1219,22311,0,245,226,6432,1023,11948,227,18380,California
Tuolumne,2021-04-02,165,30292,11,7582,128,22439,26,271,92,6479,71,12019,118,18498,California
Tuolumne,2021-04-03,425,30717,35,7617,389,22828,1,272,238,6533,187,12206,241,18739,California
Tuolumne,2021-04-04,32,30749,2,7619,30,22858,0,272,20,6542,11,12217,20,18759,California
Tuolumne,2021-04-05,126,30875,19,7638,101,22959,6,278,55,6532,71,12288,61,18820,California
Tuolumne,2021-04-06,646,31521,516,8154,103,23062,27,305,513,6940,133,12421,541,19361,California
Tuolumne,2021-04-07,125,31646,37,8191,72,23134,16,321,47,6925,78,12499,63,19424,California
Tuolumne,2021-04-08,1435,33081,33,8224,1388,24522,14,335,239,5985,1193,13692,253,19677,California
Tuolumne,2021-04-09,266,33347,41,8265,181,24703,44,379,124,6015,142,13834,172,19849,California
Tuolumne,2021-04-10,56,33403,2,8267,34,24737,20,399,23,6026,32,13866,43,19892,California
Tuolumne,2021-04-11,17,33420,2,8269,12,24749,3,402,12,6036,5,13871,15,19907,California
Tuolumne,2021-04-12,162,33582,67,8336,90,24839,5,407,88,6061,68,13939,93,20000,California
Tuolumne,2021-04-13,783,34365,36,8372,747,25586,0,407,169,5624,606,14545,169,20169,California
Tuolumne,2021-04-14,144,34509,27,8399,117,25703,0,407,70,5624,71,14616,71,20240,California
Tuolumne,2021-04-15,337,34846,20,8419,317,26020,0,407,55,5402,277,14893,55,20295,California
Tuolumne,2021-04-16,240,35086,50,8469,190,26210,0,407,135,5438,99,14992,135,20430,California
Tuolumne,2021-04-17,43,35129,6,8475,37,26247,0,407,27,5449,16,15008,27,20457,California
Tuolumne,2021-04-18,8,35137,2,8477,6,26253,0,407,3,5448,4,15012,3,20460,California
Tuolumne,2021-04-19,168,35305,78,8555,90,26343,0,407,90,5462,76,15088,90,20550,California
Tuolumne,2021-04-20,712,36017,618,9173,94,26437,0,407,78,4913,627,15715,78,20628,California
Tuolumne,2021-04-21,116,36133,26,9199,90,26527,0,407,61,4924,50,15765,61,20689,California
Tuolumne,2021-04-22,693,36826,46,9245,647,27174,0,407,422,5085,261,16026,422,21111,California
Tuolumne,2021-04-23,160,36986,31,9276,129,27303,0,407,85,5097,73,16099,85,21196,California
Tuolumne,2021-04-24,80,37066,18,9294,62,27365,0,407,52,5121,28,16127,52,21248,California
Tuolumne,2021-04-25,27,37093,10,9304,17,27382,0,407,24,5142,3,16130,24,21272,California
Tuolumne,2021-04-26,150,37243,56,9360,94,27476,0,407,69,5132,80,16210,70,21342,California
Tuolumne,2021-04-27,126,37369,21,9381,98,27574,7,414,57,5129,67,16277,64,21406,California
Tuolumne,2021-04-28,107,37476,25,9406,71,27645,11,425,58,5150,48,16325,69,21475,California
Tuolumne,2021-04-29,270,37746,16,9422,246,27891,8,433,48,4985,221,16546,56,21531,California
Tuolumne,2021-04-30,348,38094,21,9443,315,28206,12,445,65,4782,280,16826,77,21608,California
Tuolumne,2021-05-01,24,38118,7,9450,13,28219,4,449,16,4794,8,16834,20,21628,California
Tuolumne,2021-05-02,25,38143,2,9452,21,28240,2,451,18,4807,7,16841,20,21648,California
Tuolumne,2021-05-03,79,38222,12,9464,62,28302,5,456,21,4776,57,16898,26,21674,California
Tuolumne,2021-05-04,678,38900,600,10064,73,28375,5,461,198,4499,479,17377,202,21876,California
Tuolumne,2021-05-05,91,38991,26,10090,62,28437,3,464,47,4508,42,17419,51,21927,California
Tuolumne,2021-05-06,266,39257,11,10101,243,28680,12,476,30,4318,231,17650,41,21968,California
Tuolumne,2021-05-07,310,39567,25,10126,277,28957,8,484,56,4129,253,17903,64,22032,California
Tuolumne,2021-05-08,45,39612,7,10133,34,28991,4,488,30,4148,15,17918,34,22066,California
Tuolumne,2021-05-09,14,39626,1,10134,11,29002,2,490,2,4140,12,17930,4,22070,California
Tuolumne,2021-05-10,91,39717,43,10177,44,29046,4,494,24,4102,66,17996,28,22098,California
Tuolumne,2021-05-11,76,39793,9,10186,66,29112,1,495,17,4062,58,18054,18,22116,California
Ventura,2020-12-15,5,5,5,5,0,0,0,0,5,5,0,0,5,5,California
Ventura,2020-12-16,72,77,72,77,0,0,0,0,72,77,0,0,72,77,California
Ventura,2020-12-17,249,326,249,326,0,0,0,0,249,326,0,0,249,326,California
Ventura,2020-12-18,1410,1736,1410,1736,0,0,0,0,1410,1736,0,0,1410,1736,California
Ventura,2020-12-19,911,2647,911,2647,0,0,0,0,911,2647,0,0,911,2647,California
Ventura,2020-12-20,430,3077,430,3077,0,0,0,0,430,3077,0,0,430,3077,California
Ventura,2020-12-21,1468,4545,1468,4545,0,0,0,0,1468,4545,0,0,1468,4545,California
Ventura,2020-12-22,1104,5649,1099,5644,5,5,0,0,1104,5649,0,0,1104,5649,California
Ventura,2020-12-23,1027,6676,980,6624,47,52,0,0,1027,6676,0,0,1027,6676,California
Ventura,2020-12-24,477,7153,379,7003,98,150,0,0,477,7153,0,0,477,7153,California
Ventura,2020-12-25,11,7164,7,7010,4,154,0,0,11,7164,0,0,11,7164,California
Ventura,2020-12-26,111,7275,91,7101,20,174,0,0,111,7275,0,0,111,7275,California
Ventura,2020-12-27,58,7333,27,7128,31,205,0,0,58,7333,0,0,58,7333,California
Ventura,2020-12-28,1072,8405,932,8060,140,345,0,0,1072,8405,0,0,1072,8405,California
Ventura,2020-12-29,1171,9576,764,8824,407,752,0,0,1171,9576,0,0,1171,9576,California
Ventura,2020-12-30,1987,11563,1522,10346,465,1217,0,0,1987,11563,0,0,1987,11563,California
Ventura,2020-12-31,479,12042,161,10507,318,1535,0,0,479,12042,0,0,479,12042,California
Ventura,2021-01-01,25,12067,7,10514,18,1553,0,0,25,12067,0,0,25,12067,California
Ventura,2021-01-02,174,12241,79,10593,95,1648,0,0,174,12241,0,0,174,12241,California
Ventura,2021-01-03,16,12257,8,10601,8,1656,0,0,16,12257,0,0,16,12257,California
Ventura,2021-01-04,1083,13340,552,11153,531,2187,0,0,1082,13339,0,0,1082,13339,California
Ventura,2021-01-05,1373,14713,777,11930,596,2783,0,0,1332,14630,41,41,1332,14671,California
Ventura,2021-01-06,2058,16771,1180,13110,878,3661,0,0,1627,15837,422,463,1629,16300,California
Ventura,2021-01-07,2068,18839,1326,14436,742,4403,0,0,1182,16135,884,1347,1182,17482,California
Ventura,2021-01-08,2197,21036,1474,15910,723,5126,0,0,906,15753,1289,2636,907,18389,California
Ventura,2021-01-09,721,21757,500,16410,221,5347,0,0,319,15670,402,3038,319,18708,California
Ventura,2021-01-10,343,22100,327,16737,16,5363,0,0,129,15585,214,3252,129,18837,California
Ventura,2021-01-11,2446,24546,1488,18225,958,6321,0,0,1494,16130,952,4204,1497,20334,California
Ventura,2021-01-12,3042,27588,1612,19837,1430,7751,0,0,2017,17122,1025,5229,2017,22351,California
Ventura,2021-01-13,2925,30513,1424,21261,1501,9252,0,0,2041,18283,881,6110,2042,24393,California
Ventura,2021-01-14,2736,33249,1062,22323,1674,10926,0,0,2288,20125,447,6557,2289,26682,California
Ventura,2021-01-15,2889,36138,972,23295,1917,12843,0,0,2676,22589,213,6770,2677,29359,California
Ventura,2021-01-16,484,36622,187,23482,297,13140,0,0,404,22913,80,6850,404,29763,California
Ventura,2021-01-17,259,36881,137,23619,122,13262,0,0,253,23160,6,6856,253,30016,California
Ventura,2021-01-18,2219,39100,1673,25292,546,13808,0,0,1668,24279,550,7406,1669,31685,California
Ventura,2021-01-19,3042,42142,2120,27412,922,14730,0,0,2147,25534,895,8301,2150,33835,California
Ventura,2021-01-20,4095,46237,3143,30555,952,15682,0,0,3041,27525,1051,9352,3042,36877,California
Ventura,2021-01-21,3841,50078,2675,33230,1166,16848,0,0,3166,30021,672,10024,3168,40045,California
Ventura,2021-01-22,3615,53693,2494,35724,1121,17969,0,0,3453,33312,162,10186,3453,43498,California
Ventura,2021-01-23,1184,54877,649,36373,535,18504,0,0,1084,34299,99,10285,1086,44584,California
Ventura,2021-01-24,452,55329,137,36510,315,18819,0,0,439,34725,13,10298,439,45023,California
Ventura,2021-01-25,3154,58483,2031,38541,1123,19942,0,0,2598,36769,555,10853,2599,47622,California
Ventura,2021-01-26,3713,62196,2205,40746,1508,21450,0,0,2714,38486,998,11851,2715,50337,California
Ventura,2021-01-27,3462,65658,1560,42306,1902,23352,0,0,2719,40466,739,12590,2719,53056,California
Ventura,2021-01-28,3874,69532,1993,44299,1881,25233,0,0,3260,43130,597,13187,3261,56317,California
Ventura,2021-01-29,4271,73803,2525,46824,1746,26979,0,0,3768,46408,490,13677,3768,60085,California
Ventura,2021-01-30,3036,76839,1964,48788,1072,28051,0,0,2865,49107,167,13844,2866,62951,California
Ventura,2021-01-31,835,77674,446,49234,389,28440,0,0,748,49769,86,13930,748,63699,California
Ventura,2021-02-01,3943,81617,2113,51347,1830,30270,0,0,3168,52167,772,14702,3170,66869,California
Ventura,2021-02-02,4406,86023,2375,53722,2031,32301,0,0,3381,54528,1021,15723,3382,70251,California
Ventura,2021-02-03,4453,90476,2089,55811,2364,34665,0,0,3443,56967,1005,16728,3444,73695,California
Ventura,2021-02-04,4776,95252,2287,58098,2489,37154,0,0,3519,59239,1249,17977,3521,77216,California
Ventura,2021-02-05,4837,100089,2316,60414,2521,39675,0,0,3344,61105,1480,19457,3346,80562,California
Ventura,2021-02-06,2837,102926,1515,61929,1322,40997,0,0,2434,63137,402,19859,2434,82996,California
Ventura,2021-02-07,710,103636,241,62170,469,41466,0,0,584,63596,126,19985,585,83581,California
Ventura,2021-02-08,3498,107134,1624,63794,1874,43340,0,0,2428,64959,1065,21050,2428,86009,California
Ventura,2021-02-09,4716,111850,1971,65765,2745,46085,0,0,2464,65175,2251,23301,2467,88476,California
Ventura,2021-02-10,4716,116566,2237,68002,2479,48564,0,0,2390,65251,2315,25616,2391,90867,California
Ventura,2021-02-11,4662,121228,1863,69865,2799,51363,0,0,2446,65491,2209,27825,2449,93316,California
Ventura,2021-02-12,6304,127532,2661,72526,3643,55006,0,0,3223,65638,3076,30901,3223,96539,California
Ventura,2021-02-13,3298,130830,1826,74352,1472,56478,0,0,1845,66036,1449,32350,1847,98386,California
Ventura,2021-02-14,1226,132056,124,74476,1102,57580,0,0,1010,66831,216,32566,1011,99397,California
Ventura,2021-02-15,3986,136042,1798,76274,2188,59768,0,0,2117,67082,1866,34432,2117,101514,California
Ventura,2021-02-16,5545,141587,2706,78980,2839,62607,0,0,3011,67567,2526,36958,3011,104525,California
Ventura,2021-02-17,5233,146820,1920,80900,3313,65920,0,0,3266,68875,1958,38916,3266,107791,California
Ventura,2021-02-18,5777,152597,1830,82730,3947,69867,0,0,3633,70375,2133,41049,3633,111424,California
Ventura,2021-02-19,6455,159052,3771,86501,2684,72551,0,0,3010,69949,3438,44487,3012,114436,California
Ventura,2021-02-20,4938,163990,3171,89672,1767,74318,0,0,2771,70563,2161,46648,2775,117211,California
Ventura,2021-02-21,1049,165039,760,90432,289,74607,0,0,432,70384,611,47259,432,117643,California
Ventura,2021-02-22,5370,170409,2409,92841,2961,77568,0,0,3454,71931,1907,49166,3454,121097,California
Ventura,2021-02-23,5932,176341,2968,95809,2964,80532,0,0,3415,72847,2501,51667,3417,124514,California
Ventura,2021-02-24,6994,183335,2608,98417,4386,84918,0,0,4247,74362,2734,54401,4249,128763,California
Ventura,2021-02-25,7494,190829,2572,100989,4922,89840,0,0,4575,76034,2905,57306,4577,133340,California
Ventura,2021-02-26,9346,200175,2766,103755,6580,96420,0,0,6162,79041,3157,60463,6164,139504,California
Ventura,2021-02-27,9994,210169,5273,109028,4721,101141,0,0,7371,83815,2607,63070,7381,146885,California
Ventura,2021-02-28,2569,212738,1634,110662,934,102075,1,1,2096,85445,466,63536,2096,148981,California
Ventura,2021-03-01,6945,219683,2812,113474,4133,106208,0,1,4631,87786,2303,65839,4644,153625,California
Ventura,2021-03-02,7481,227164,3936,117410,3543,109751,2,3,5251,90817,2220,68059,5251,158876,California
Ventura,2021-03-03,8520,235684,3901,121311,4619,114370,0,3,6075,94466,2430,70489,6079,164955,California
Ventura,2021-03-04,8103,243787,3868,125179,4235,118605,0,3,5473,97326,2616,73105,5476,170431,California
Ventura,2021-03-05,9973,253760,4801,129980,5162,123767,10,13,7084,101553,2875,75980,7102,177533,California
Ventura,2021-03-06,7233,260993,4396,134376,2684,126451,153,166,5319,105119,1908,77888,5474,183007,California
Ventura,2021-03-07,1655,262648,606,134982,947,127398,102,268,1236,106038,419,78307,1338,184345,California
Ventura,2021-03-08,6737,269385,3413,138395,3170,130568,154,422,4632,108728,2099,80406,4789,189134,California
Ventura,2021-03-09,6548,275933,2821,141216,3527,134095,200,622,3676,109748,2858,83264,3878,193012,California
Ventura,2021-03-10,6804,282737,2967,144183,3599,137694,238,860,4488,112168,2306,85570,4726,197738,California
Ventura,2021-03-11,6373,289110,2888,147071,3172,140866,313,1173,3421,112961,2939,88509,3732,201470,California
Ventura,2021-03-12,8503,297613,3037,150108,4621,145487,845,2018,4094,113508,4391,92900,4938,206408,California
Ventura,2021-03-13,6685,304298,2498,152606,3345,148832,842,2860,3758,115188,2918,95818,4598,211006,California
Ventura,2021-03-14,2131,306429,478,153084,1158,149990,495,3355,730,115014,1400,97218,1226,212232,California
Ventura,2021-03-15,6917,313346,2048,155132,3520,153510,1349,4704,2975,115419,3917,101135,4322,216554,California
Ventura,2021-03-16,7920,321266,2461,157593,4345,157855,1114,5818,3993,116612,3913,105048,5106,221660,California
Ventura,2021-03-17,7472,328738,2767,160360,4357,162212,348,6166,4470,118452,2980,108028,4820,226480,California
Ventura,2021-03-18,7224,335962,3271,163631,3801,166013,152,6318,4704,120800,2506,110534,4854,231334,California
Ventura,2021-03-19,8401,344363,3778,167409,4512,170525,111,6429,5023,122573,3359,113893,5132,236466,California
Ventura,2021-03-20,8145,352508,5246,172655,2879,173404,20,6449,3894,122261,4227,118120,3915,240381,California
Ventura,2021-03-21,2781,355289,1510,174165,900,174304,371,6820,1318,122497,1452,119572,1688,242069,California
Ventura,2021-03-22,7345,362634,3687,177852,3556,177860,102,6922,4843,124958,2486,122058,4947,247016,California
Ventura,2021-03-23,8185,370819,3885,181737,4226,182086,74,6996,4671,126214,3488,125546,4744,251760,California
Ventura,2021-03-24,8869,379688,3407,185144,5387,187473,75,7071,4431,126312,4408,129954,4506,256266,California
Ventura,2021-03-25,8798,388486,3906,189050,4792,192265,100,7171,4452,126537,4329,134283,4554,260820,California
Ventura,2021-03-26,9822,398308,3347,192397,5822,198087,653,7824,3905,125204,5889,140172,4556,265376,California
Ventura,2021-03-27,8117,406425,3903,196300,4174,202261,40,7864,2407,121962,5690,145862,2448,267824,California
Ventura,2021-03-28,2526,408951,1407,197707,1110,203371,9,7873,1383,122217,1137,146999,1392,269216,California
Ventura,2021-03-29,8448,417399,4257,201964,4148,207519,43,7916,4222,122284,4198,151197,4265,273481,California
Ventura,2021-03-30,8929,426328,4408,206372,4394,211913,127,8043,4528,122550,4387,155584,4653,278134,California
Ventura,2021-03-31,10686,437014,4819,211191,5240,217153,627,8670,4638,121788,6027,161611,5265,283399,California
Ventura,2021-04-01,10648,447662,5186,216377,4585,221738,877,9547,5366,122765,5262,166873,6239,289638,California
Ventura,2021-04-02,11591,459253,4590,220967,5716,227454,1285,10832,5531,123554,6033,172906,6822,296460,California
Ventura,2021-04-03,8014,467267,3953,224920,2922,230376,1139,11971,3363,123412,4641,177547,4499,300959,California
Ventura,2021-04-04,1712,468979,959,225879,621,230997,132,12103,1154,124146,552,178099,1286,302245,California
Ventura,2021-04-05,9263,478242,4865,230744,3328,234325,1070,13173,4719,125401,4533,182632,5788,308033,California
Ventura,2021-04-06,10831,489073,5548,236292,3808,238133,1475,14648,5559,127185,5248,187880,7032,315065,California
Ventura,2021-04-07,11292,500365,5425,241717,4392,242525,1475,16123,5164,127706,6113,193993,6634,321699,California
Ventura,2021-04-08,10221,510586,5296,247013,3988,246513,937,17060,5101,128633,5103,199096,6030,327729,California
Ventura,2021-04-09,11076,521662,4336,251349,5035,251548,1705,18765,4854,128980,6205,205301,6552,334281,California
Ventura,2021-04-10,9137,530799,3507,254856,3476,255024,2154,20919,3005,128018,6116,211417,5154,339435,California
Ventura,2021-04-11,2427,533226,863,255719,995,256019,569,21488,687,127539,1733,213150,1254,340689,California
Ventura,2021-04-12,8875,542101,4465,260184,3604,259623,806,22294,3734,126950,5123,218273,4534,345223,California
Ventura,2021-04-13,8766,550867,4445,264629,4315,263938,6,22300,3748,125718,4986,223259,3754,348977,California
Ventura,2021-04-14,8654,559521,4061,268690,4578,268516,15,22315,3361,123837,5259,228518,3378,352355,California
Ventura,2021-04-15,9287,568808,4518,273208,4762,273278,7,22322,4090,122758,5176,233694,4097,356452,California
Ventura,2021-04-16,10094,578902,4476,277684,5617,278895,1,22323,4834,122349,5245,238939,4836,361288,California
Ventura,2021-04-17,8529,587431,5298,282982,3230,282125,1,22324,4995,123822,3523,242462,4996,366284,California
Ventura,2021-04-18,2129,589560,1013,283995,1116,283241,0,22324,906,123510,1218,243680,906,367190,California
Ventura,2021-04-19,8006,597566,4840,288835,3165,286406,1,22325,4624,124771,3365,247045,4626,371816,California
Ventura,2021-04-20,9213,606779,4898,293733,4313,290719,2,22327,4350,124276,4848,251893,4353,376169,California
Ventura,2021-04-21,8833,615612,4533,298266,4297,295016,3,22330,4202,123864,4618,256511,4206,380375,California
Ventura,2021-04-22,10016,625628,5481,303747,4535,299551,0,22330,4487,122840,5511,262022,4487,384862,California
Ventura,2021-04-23,10795,636423,5386,309133,5409,304960,0,22330,5407,122884,5363,267385,5407,390269,California
Ventura,2021-04-24,10318,646741,5895,315028,4423,309383,0,22330,6116,124809,4192,271577,6117,396386,California
Ventura,2021-04-25,2470,649211,1699,316727,771,310154,0,22330,1141,124624,1326,272903,1141,397527,California
Ventura,2021-04-26,6836,656047,3959,320686,2813,312967,64,22394,2819,123505,3998,276901,2879,400406,California
Ventura,2021-04-27,8018,664065,4444,325130,3408,316375,166,22560,2995,121655,5010,281911,3160,403566,California
Ventura,2021-04-28,8238,672303,4810,329940,3115,319490,313,22873,3212,120173,5007,286918,3525,407091,California
Ventura,2021-04-29,7738,680041,4214,334154,3264,322754,260,23133,2742,118200,4973,291891,3000,410091,California
Ventura,2021-04-30,9286,689327,5429,339583,3588,326342,269,23402,3850,116900,5411,297302,4111,414202,California
Ventura,2021-05-01,4937,694264,3631,343214,1204,327546,102,23504,1868,115817,3053,300355,1970,416172,California
Ventura,2021-05-02,2128,696392,1426,344640,613,328159,89,23593,1032,115846,1092,301447,1121,417293,California
Ventura,2021-05-03,6197,702589,3901,348541,2021,330180,275,23868,1943,113830,4233,305680,2217,419510,California
Ventura,2021-05-04,6244,708833,3295,351836,2651,332831,298,24166,2254,112405,3976,309656,2551,422061,California
Ventura,2021-05-05,4706,713539,2865,354701,1587,334418,254,24420,1691,111349,2998,312654,1942,424003,California
Ventura,2021-05-06,5312,718851,3096,357797,1967,336385,249,24669,1761,109826,3534,316188,2011,426014,California
Ventura,2021-05-07,5827,724678,3189,360986,2379,338764,259,24928,2038,108357,3765,319953,2296,428310,California
Ventura,2021-05-08,4961,729639,4006,364992,801,339565,154,25082,1090,105742,3859,323812,1244,429554,California
Ventura,2021-05-09,1014,730653,728,365720,247,339812,39,25121,388,105549,620,324432,427,429981,California
Ventura,2021-05-10,5291,735944,4006,369726,1093,340905,192,25313,1213,102887,4067,328499,1405,431386,California
Ventura,2021-05-11,2925,738869,2304,372030,503,341408,118,25431,640,101366,2278,330777,757,432143,California
Yolo,2020-12-15,39,39,39,39,0,0,0,0,39,39,0,0,39,39,California
Yolo,2020-12-16,78,117,78,117,0,0,0,0,78,117,0,0,78,117,California
Yolo,2020-12-17,101,218,101,218,0,0,0,0,101,218,0,0,101,218,California
Yolo,2020-12-18,210,428,210,428,0,0,0,0,210,428,0,0,210,428,California
Yolo,2020-12-19,88,516,88,516,0,0,0,0,88,516,0,0,88,516,California
Yolo,2020-12-20,100,616,100,616,0,0,0,0,100,616,0,0,100,616,California
Yolo,2020-12-21,253,869,253,869,0,0,0,0,253,869,0,0,253,869,California
Yolo,2020-12-22,381,1250,380,1249,1,1,0,0,381,1250,0,0,381,1250,California
Yolo,2020-12-23,432,1682,412,1661,20,21,0,0,432,1682,0,0,432,1682,California
Yolo,2020-12-24,151,1833,95,1756,56,77,0,0,151,1833,0,0,151,1833,California
Yolo,2020-12-25,1,1834,1,1757,0,77,0,0,1,1834,0,0,1,1834,California
Yolo,2020-12-26,75,1909,25,1782,50,127,0,0,75,1909,0,0,75,1909,California
Yolo,2020-12-27,46,1955,19,1801,27,154,0,0,46,1955,0,0,46,1955,California
Yolo,2020-12-28,346,2301,179,1980,167,321,0,0,346,2301,0,0,346,2301,California
Yolo,2020-12-29,488,2789,267,2247,221,542,0,0,488,2789,0,0,488,2789,California
Yolo,2020-12-30,622,3411,254,2501,368,910,0,0,622,3411,0,0,622,3411,California
Yolo,2020-12-31,185,3596,95,2596,90,1000,0,0,185,3596,0,0,185,3596,California
Yolo,2021-01-01,58,3654,56,2652,2,1002,0,0,58,3654,0,0,58,3654,California
Yolo,2021-01-02,68,3722,25,2677,43,1045,0,0,68,3722,0,0,68,3722,California
Yolo,2021-01-03,44,3766,19,2696,25,1070,0,0,44,3766,0,0,44,3766,California
Yolo,2021-01-04,193,3959,43,2739,150,1220,0,0,193,3959,0,0,193,3959,California
Yolo,2021-01-05,612,4571,236,2975,376,1596,0,0,551,4449,61,61,551,4510,California
Yolo,2021-01-06,480,5051,183,3158,297,1893,0,0,349,4667,131,192,349,4859,California
Yolo,2021-01-07,709,5760,233,3391,476,2369,0,0,520,4999,188,380,520,5379,California
Yolo,2021-01-08,632,6392,311,3702,321,2690,0,0,416,5200,215,595,416,5795,California
Yolo,2021-01-09,410,6802,69,3771,341,3031,0,0,364,5518,46,641,364,6159,California
Yolo,2021-01-10,393,7195,80,3851,313,3344,0,0,323,5771,70,711,323,6482,California
Yolo,2021-01-11,562,7757,325,4176,237,3581,0,0,293,5797,269,980,295,6777,California
Yolo,2021-01-12,481,8238,364,4540,117,3698,0,0,173,5663,308,1288,174,6951,California
Yolo,2021-01-13,770,9008,312,4852,458,4156,0,0,520,5933,250,1538,520,7471,California
Yolo,2021-01-14,376,9384,182,5034,194,4350,0,0,272,6101,104,1642,272,7743,California
Yolo,2021-01-15,623,10007,318,5352,305,4655,0,0,544,6567,79,1721,545,8288,California
Yolo,2021-01-16,740,10747,95,5447,645,5300,0,0,709,7245,31,1752,709,8997,California
Yolo,2021-01-17,186,10933,117,5564,69,5369,0,0,179,7417,7,1759,179,9176,California
Yolo,2021-01-18,478,11411,303,5867,175,5544,0,0,379,7697,99,1858,379,9555,California
Yolo,2021-01-19,556,11967,372,6239,184,5728,0,0,381,7903,175,2033,381,9936,California
Yolo,2021-01-20,659,12626,379,6618,280,6008,0,0,474,8193,184,2217,474,10410,California
Yolo,2021-01-21,648,13274,382,7000,266,6274,0,0,460,8465,188,2405,460,10870,California
Yolo,2021-01-22,746,14020,250,7250,496,6770,0,0,629,8979,115,2520,629,11499,California
Yolo,2021-01-23,613,14633,123,7373,490,7260,0,0,566,9498,47,2567,566,12065,California
Yolo,2021-01-24,207,14840,124,7497,83,7343,0,0,166,9623,41,2608,166,12231,California
Yolo,2021-01-25,728,15568,153,7650,575,7918,0,0,514,9923,214,2822,514,12745,California
Yolo,2021-01-26,817,16385,327,7977,490,8408,0,0,428,9962,389,3211,428,13173,California
Yolo,2021-01-27,557,16942,223,8200,334,8742,0,0,383,10171,174,3385,383,13556,California
Yolo,2021-01-28,1051,17993,566,8766,485,9227,0,0,925,10971,125,3510,925,14481,California
Yolo,2021-01-29,871,18864,263,9029,608,9835,0,0,789,11679,81,3591,789,15270,California
Yolo,2021-01-30,1515,20379,915,9944,600,10435,0,0,1406,12982,103,3694,1406,16676,California
Yolo,2021-01-31,249,20628,211,10155,38,10473,0,0,214,13162,34,3728,214,16890,California
Yolo,2021-02-01,844,21472,360,10515,484,10957,0,0,614,13549,227,3955,614,17504,California
Yolo,2021-02-02,1323,22795,746,11261,577,11534,0,0,931,14089,392,4347,932,18436,California
Yolo,2021-02-03,1515,24310,398,11659,1117,12651,0,0,1182,14941,330,4677,1182,19618,California
Yolo,2021-02-04,1787,26097,282,11941,1505,14156,0,0,1237,15640,539,5216,1238,20856,California
Yolo,2021-02-05,1592,27689,900,12841,692,14848,0,0,1197,16443,395,5611,1198,22054,California
Yolo,2021-02-06,1917,29606,1247,14088,670,15518,0,0,1556,17639,361,5972,1557,23611,California
Yolo,2021-02-07,519,30125,249,14337,270,15788,0,0,171,17463,347,6319,171,23782,California
Yolo,2021-02-08,948,31073,332,14669,616,16404,0,0,605,17728,340,6659,605,24387,California
Yolo,2021-02-09,860,31933,387,15056,473,16877,0,0,577,18022,283,6942,577,24964,California
Yolo,2021-02-10,1456,33389,476,15532,980,17857,0,0,819,18206,637,7579,821,25785,California
Yolo,2021-02-11,1567,34956,799,16331,768,18625,0,0,1185,19009,382,7961,1185,26970,California
Yolo,2021-02-12,1910,36866,750,17081,1160,19785,0,0,1442,19987,464,8425,1442,28412,California
Yolo,2021-02-13,2056,38922,712,17793,1344,21129,0,0,1391,20713,665,9090,1391,29803,California
Yolo,2021-02-14,570,39492,154,17947,416,21545,0,0,445,21034,124,9214,445,30248,California
Yolo,2021-02-15,531,40023,189,18136,342,21887,0,0,266,21036,265,9479,267,30515,California
Yolo,2021-02-16,1130,41153,426,18562,704,22591,0,0,812,21530,318,9797,812,31327,California
Yolo,2021-02-17,1387,42540,701,19263,686,23277,0,0,992,22127,395,10192,992,32319,California
Yolo,2021-02-18,2497,45037,814,20077,1683,24960,0,0,1727,23085,770,10962,1728,34047,California
Yolo,2021-02-19,1742,46779,745,20822,997,25957,0,0,1121,23587,619,11581,1121,35168,California
Yolo,2021-02-20,2443,49222,949,21771,1494,27451,0,0,1373,23896,1065,12646,1374,36542,California
Yolo,2021-02-21,282,49504,225,21996,57,27508,0,0,73,23761,208,12854,73,36615,California
Yolo,2021-02-22,1362,50866,601,22597,761,28269,0,0,693,23786,668,13522,693,37308,California
Yolo,2021-02-23,1125,51991,842,23439,283,28552,0,0,438,23539,685,14207,438,37746,California
Yolo,2021-02-24,2091,54082,590,24029,1501,30053,0,0,1381,24212,708,14915,1381,39127,California
Yolo,2021-02-25,1380,55462,485,24514,895,30948,0,0,914,24661,465,15380,914,40041,California
Yolo,2021-02-26,2600,58062,1012,25526,1588,32536,0,0,1394,24852,1203,16583,1394,41435,California
Yolo,2021-02-27,1657,59719,766,26292,891,33427,0,0,1207,25609,450,17033,1207,42642,California
Yolo,2021-02-28,1775,61494,1493,27785,282,33709,0,0,680,25196,1093,18126,680,43322,California
Yolo,2021-03-01,1102,62596,365,28150,737,34446,0,0,670,25436,430,18556,670,43992,California
Yolo,2021-03-02,1462,64058,681,28831,781,35227,0,0,931,25836,531,19087,931,44923,California
Yolo,2021-03-03,1839,65897,630,29461,1209,36436,0,0,833,25665,1004,20091,833,45756,California
Yolo,2021-03-04,2909,68806,1453,30914,1456,37892,0,0,1575,25909,1331,21422,1575,47331,California
Yolo,2021-03-05,2350,71156,1398,32312,941,38833,11,11,1472,26515,877,22299,1483,48814,California
Yolo,2021-03-06,1470,72626,1122,33434,319,39152,29,40,837,26751,630,22929,866,49680,California
Yolo,2021-03-07,907,73533,672,34106,221,39373,14,54,772,27402,135,23064,786,50466,California
Yolo,2021-03-08,1091,74624,486,34592,562,39935,43,97,763,27882,327,23391,807,51273,California
Yolo,2021-03-09,1244,75868,671,35263,512,40447,61,158,754,28209,488,23879,815,52088,California
Yolo,2021-03-10,1796,77664,1049,36312,458,40905,289,447,752,28203,1041,24920,1035,53123,California
Yolo,2021-03-11,2344,80008,1600,37912,678,41583,66,513,1600,29127,743,25663,1667,54790,California
Yolo,2021-03-12,2890,82898,1344,39256,1466,43049,80,593,1368,29060,1514,27177,1447,56237,California
Yolo,2021-03-13,1844,84742,730,39986,937,43986,177,770,999,29394,842,28019,1176,57413,California
Yolo,2021-03-14,1004,85746,211,40197,643,44629,150,920,523,29582,480,28499,668,58081,California
Yolo,2021-03-15,1325,87071,774,40971,375,45004,176,1096,709,29851,614,29113,883,58964,California
Yolo,2021-03-16,1869,88940,717,41688,1080,46084,72,1168,1103,30260,766,29879,1175,60139,California
Yolo,2021-03-17,2487,91427,969,42657,1446,47530,72,1240,1705,31289,779,30658,1808,61947,California
Yolo,2021-03-18,3017,94444,1018,43675,1775,49305,224,1464,1262,31024,1751,32409,1486,63433,California
Yolo,2021-03-19,2086,96530,863,44538,1155,50460,68,1532,1095,31202,985,33394,1163,64596,California
Yolo,2021-03-20,2749,99279,817,45355,1891,52351,41,1573,1115,30732,1628,35022,1158,65754,California
Yolo,2021-03-21,316,99595,215,45570,93,52444,8,1581,229,30883,86,35108,237,65991,California
Yolo,2021-03-22,1399,100994,487,46057,853,53297,59,1640,918,31381,478,35586,976,66967,California
Yolo,2021-03-23,1730,102724,932,46989,742,54039,56,1696,1072,31851,657,36243,1127,68094,California
Yolo,2021-03-24,2850,105574,1393,48382,1408,55447,49,1745,1422,31907,1416,37659,1472,69566,California
Yolo,2021-03-25,2537,108111,1407,49789,1103,56550,27,1772,1258,31923,1269,38928,1285,70851,California
Yolo,2021-03-26,2397,110508,1254,51043,1124,57674,19,1791,1033,31617,1357,40285,1051,71902,California
Yolo,2021-03-27,1650,112158,455,51498,1179,58853,16,1807,762,31508,887,41172,778,72680,California
Yolo,2021-03-28,1107,113265,862,52360,227,59080,18,1825,277,30977,826,41998,295,72975,California
Yolo,2021-03-29,2011,115276,821,53181,1160,60240,30,1855,982,30964,1025,43023,1012,73987,California
Yolo,2021-03-30,2269,117545,1069,54250,1177,61417,23,1878,1181,31085,1083,44106,1204,75191,California
Yolo,2021-03-31,2342,119887,1215,55465,1091,62508,36,1914,1198,31176,1143,45249,1234,76425,California
Yolo,2021-04-01,3826,123713,1839,57304,1512,64020,475,2389,1616,31059,2207,47456,2090,78515,California
Yolo,2021-04-02,3373,127086,1502,58806,1727,65747,144,2533,2087,32010,1280,48736,2231,80746,California
Yolo,2021-04-03,1786,128872,1078,59884,493,66240,215,2748,797,32034,988,49724,1012,81758,California
Yolo,2021-04-04,386,129258,150,60034,174,66414,62,2810,145,32000,241,49965,207,81965,California
Yolo,2021-04-05,1904,131162,731,60765,1075,67489,98,2908,1008,32215,891,50856,1106,83071,California
Yolo,2021-04-06,2564,133726,1301,62066,1092,68581,171,3079,1312,32456,1243,52099,1484,84555,California
Yolo,2021-04-07,2967,136693,1511,63577,1105,69686,351,3430,1916,33682,1045,53144,2271,86826,California
Yolo,2021-04-08,2414,139107,1000,64577,943,70629,471,3901,1023,33785,1387,54531,1490,88316,California
Yolo,2021-04-09,2570,141677,915,65492,1078,71707,577,4478,846,33480,1721,56252,1416,89732,California
Yolo,2021-04-10,1726,143403,810,66302,740,72447,176,4654,1020,33973,702,56954,1195,90927,California
Yolo,2021-04-11,887,144290,282,66584,560,73007,45,4699,363,33859,521,57475,407,91334,California
Yolo,2021-04-12,1761,146051,521,67105,1096,74103,144,4843,1089,34423,669,58144,1233,92567,California
Yolo,2021-04-13,1966,148017,910,68015,1056,75159,0,4843,1036,34531,928,59072,1036,93603,California
Yolo,2021-04-14,2756,150773,756,68771,2000,77159,0,4843,1370,34519,1382,60454,1370,94973,California
Yolo,2021-04-15,3310,154083,1134,69905,2176,79335,0,4843,2270,35754,1035,61489,2270,97243,California
Yolo,2021-04-16,3005,157088,1929,71834,1076,80411,0,4843,1916,36588,1082,62571,1916,99159,California
Yolo,2021-04-17,1597,158685,467,72301,1130,81541,0,4843,824,36642,770,63341,824,99983,California
Yolo,2021-04-18,631,159316,303,72604,328,81869,0,4843,352,36718,276,63617,352,100335,California
Yolo,2021-04-19,1667,160983,719,73323,947,82816,1,4844,769,36595,893,64510,770,101105,California
Yolo,2021-04-20,1999,162982,1012,74335,987,83803,0,4844,1074,36746,923,65433,1074,102179,California
Yolo,2021-04-21,1994,164976,992,75327,1002,84805,0,4844,1094,36944,896,66329,1094,103273,California
Yolo,2021-04-22,1897,166873,840,76167,1057,85862,0,4844,959,36971,933,67262,960,104233,California
Yolo,2021-04-23,2608,169481,1521,77688,1087,86949,0,4844,1167,36707,1431,68693,1167,105400,California
Yolo,2021-04-24,1152,170633,630,78318,520,87469,2,4846,454,36473,690,69383,456,105856,California
Yolo,2021-04-25,943,171576,402,78720,541,88010,0,4846,722,36975,220,69603,722,106578,California
Yolo,2021-04-26,1160,172736,437,79157,720,88730,3,4849,474,36769,684,70287,478,107056,California
Yolo,2021-04-27,1454,174190,665,79822,780,89510,9,4858,557,36440,897,71184,568,107624,California
Yolo,2021-04-28,2011,176201,994,80816,990,90500,27,4885,703,35865,1305,72489,730,108354,California
Yolo,2021-04-29,1724,177925,800,81616,841,91341,83,4968,662,35549,1061,73550,745,109099,California
Yolo,2021-04-30,2002,179927,989,82605,956,92297,57,5025,961,35532,1035,74585,1018,110117,California
Yolo,2021-05-01,1269,181196,983,83588,266,92563,20,5045,373,35030,895,75480,393,110510,California
Yolo,2021-05-02,495,181691,401,83989,71,92634,23,5068,321,35200,174,75654,344,110854,California
Yolo,2021-05-03,1117,182808,403,84392,681,93315,33,5101,299,34716,815,76469,331,111185,California
Yolo,2021-05-04,1446,184254,658,85050,762,94077,26,5127,491,34282,951,77420,517,111702,California
Yolo,2021-05-05,1538,185792,419,85469,1058,95135,61,5188,436,33686,1093,78513,497,112199,California
Yolo,2021-05-06,1496,187288,703,86172,715,95850,78,5266,495,33271,987,79500,572,112771,California
Yolo,2021-05-07,2273,189561,1368,87540,861,96711,44,5310,453,31954,1814,81314,497,113268,California
Yolo,2021-05-08,813,190374,350,87890,406,97117,57,5367,302,31804,508,81822,358,113626,California
Yolo,2021-05-09,383,190757,152,88042,219,97336,12,5379,85,31603,297,82119,96,113722,California
Yolo,2021-05-10,903,191660,357,88399,500,97836,46,5425,158,31063,743,82862,203,113925,California
Yolo,2021-05-11,706,192366,438,88837,260,98096,8,5433,145,30657,559,83421,153,114078,California
Yuba,2020-12-16,4,4,4,4,0,0,0,0,4,4,0,0,4,4,California
Yuba,2020-12-17,4,8,4,8,0,0,0,0,4,8,0,0,4,8,California
Yuba,2020-12-18,8,16,8,16,0,0,0,0,8,16,0,0,8,16,California
Yuba,2020-12-19,12,28,12,28,0,0,0,0,12,28,0,0,12,28,California
Yuba,2020-12-20,20,48,20,48,0,0,0,0,20,48,0,0,20,48,California
Yuba,2020-12-21,40,88,40,88,0,0,0,0,40,88,0,0,40,88,California
Yuba,2020-12-22,86,174,86,174,0,0,0,0,86,174,0,0,86,174,California
Yuba,2020-12-23,64,238,62,236,2,2,0,0,64,238,0,0,64,238,California
Yuba,2020-12-24,20,258,10,246,10,12,0,0,20,258,0,0,20,258,California
Yuba,2020-12-26,15,273,13,259,2,14,0,0,15,273,0,0,15,273,California
Yuba,2020-12-27,15,288,15,274,0,14,0,0,15,288,0,0,15,288,California
Yuba,2020-12-28,51,339,35,309,16,30,0,0,51,339,0,0,51,339,California
Yuba,2020-12-29,75,414,10,319,65,95,0,0,75,414,0,0,75,414,California
Yuba,2020-12-30,64,478,20,339,44,139,0,0,64,478,0,0,64,478,California
Yuba,2020-12-31,38,516,7,346,31,170,0,0,38,516,0,0,38,516,California
Yuba,2021-01-02,23,539,22,368,1,171,0,0,23,539,0,0,23,539,California
Yuba,2021-01-03,10,549,6,374,4,175,0,0,10,549,0,0,10,549,California
Yuba,2021-01-04,90,639,21,395,69,244,0,0,90,639,0,0,90,639,California
Yuba,2021-01-05,70,709,38,433,32,276,0,0,69,707,1,1,69,708,California
Yuba,2021-01-06,154,863,76,509,78,354,0,0,148,849,6,7,148,856,California
Yuba,2021-01-07,75,938,19,528,56,410,0,0,72,917,4,11,72,928,California
Yuba,2021-01-08,73,1011,25,553,48,458,0,0,66,976,7,18,66,994,California
Yuba,2021-01-09,19,1030,16,569,3,461,0,0,11,979,8,26,11,1005,California
Yuba,2021-01-10,117,1147,22,591,95,556,0,0,95,1052,22,48,95,1100,California
Yuba,2021-01-11,72,1219,50,641,22,578,0,0,32,1044,40,88,32,1132,California
Yuba,2021-01-12,107,1326,77,718,30,608,0,0,42,1021,65,153,42,1174,California
Yuba,2021-01-13,119,1445,72,790,47,655,0,0,54,1011,64,217,54,1228,California
Yuba,2021-01-14,109,1554,43,833,66,721,0,0,97,1096,12,229,97,1325,California
Yuba,2021-01-15,206,1760,88,921,118,839,0,0,195,1280,11,240,195,1520,California
Yuba,2021-01-16,184,1944,21,942,163,1002,0,0,172,1439,13,253,172,1692,California
Yuba,2021-01-17,13,1957,9,951,4,1006,0,0,7,1440,6,259,7,1699,California
Yuba,2021-01-18,60,2017,32,983,28,1034,0,0,35,1450,25,284,35,1734,California
Yuba,2021-01-19,80,2097,29,1012,51,1085,0,0,65,1500,15,299,65,1799,California
Yuba,2021-01-20,133,2230,87,1099,46,1131,0,0,110,1587,23,322,110,1909,California
Yuba,2021-01-21,212,2442,96,1195,116,1247,0,0,204,1783,8,330,204,2113,California
Yuba,2021-01-22,103,2545,6,1201,97,1344,0,0,94,1868,9,339,94,2207,California
Yuba,2021-01-23,200,2745,7,1208,193,1537,0,0,197,2062,3,342,197,2404,California
Yuba,2021-01-24,10,2755,7,1215,3,1540,0,0,8,2068,2,344,8,2412,California
Yuba,2021-01-25,84,2839,28,1243,56,1596,0,0,53,2091,30,374,53,2465,California
Yuba,2021-01-26,148,2987,39,1282,109,1705,0,0,90,2123,58,432,90,2555,California
Yuba,2021-01-27,183,3170,128,1410,55,1760,0,0,115,2170,68,500,115,2670,California
Yuba,2021-01-28,217,3387,79,1489,138,1898,0,0,175,2303,42,542,175,2845,California
Yuba,2021-01-29,159,3546,56,1545,103,2001,0,0,112,2368,47,589,112,2957,California
Yuba,2021-01-30,410,3956,23,1568,387,2388,0,0,399,2756,11,600,399,3356,California
Yuba,2021-01-31,17,3973,12,1580,5,2393,0,0,15,2769,2,602,15,3371,California
Yuba,2021-02-01,155,4128,75,1655,80,2473,0,0,131,2878,23,625,132,3503,California
Yuba,2021-02-02,123,4251,23,1678,100,2573,0,0,101,2957,22,647,101,3604,California
Yuba,2021-02-03,226,4477,29,1707,197,2770,0,0,114,2960,111,758,114,3718,California
Yuba,2021-02-04,295,4772,120,1827,175,2945,0,0,252,3169,43,801,252,3970,California
Yuba,2021-02-05,147,4919,32,1859,115,3060,0,0,71,3164,76,877,71,4041,California
Yuba,2021-02-06,450,5369,26,1885,424,3484,0,0,442,3598,8,885,442,4483,California
Yuba,2021-02-07,18,5387,11,1896,7,3491,0,0,15,3610,3,888,15,4498,California
Yuba,2021-02-08,96,5483,35,1931,61,3552,0,0,66,3646,30,918,66,4564,California
Yuba,2021-02-09,153,5636,55,1986,98,3650,0,0,84,3661,69,987,84,4648,California
Yuba,2021-02-10,352,5988,172,2158,180,3830,0,0,114,3538,237,1224,114,4762,California
Yuba,2021-02-11,396,6384,63,2221,333,4163,0,0,299,3742,95,1319,299,5061,California
Yuba,2021-02-12,265,6649,27,2248,238,4401,0,0,151,3779,114,1433,151,5212,California
Yuba,2021-02-13,435,7084,35,2283,400,4801,0,0,387,4118,48,1481,387,5599,California
Yuba,2021-02-14,54,7138,11,2294,43,4844,0,0,49,4162,5,1486,49,5648,California
Yuba,2021-02-15,87,7225,36,2330,51,4895,0,0,68,4211,19,1505,68,5716,California
Yuba,2021-02-16,199,7424,53,2383,146,5041,0,0,140,4293,58,1563,140,5856,California
Yuba,2021-02-17,372,7796,156,2539,216,5257,0,0,99,4120,272,1835,99,5955,California
Yuba,2021-02-18,317,8113,46,2585,271,5528,0,0,194,4191,123,1958,194,6149,California
Yuba,2021-02-19,225,8338,83,2668,142,5670,0,0,142,4250,83,2041,142,6291,California
Yuba,2021-02-20,390,8728,31,2699,359,6029,0,0,336,4532,54,2095,336,6627,California
Yuba,2021-02-21,17,8745,14,2713,3,6032,0,0,7,4529,10,2105,7,6634,California
Yuba,2021-02-22,128,8873,79,2792,49,6081,0,0,38,4478,89,2194,38,6672,California
Yuba,2021-02-23,113,8986,25,2817,88,6169,0,0,46,4458,66,2260,46,6718,California
Yuba,2021-02-24,481,9467,135,2952,346,6515,0,0,107,4191,374,2634,107,6825,California
Yuba,2021-02-25,343,9810,139,3091,204,6719,0,0,214,4276,129,2763,214,7039,California
Yuba,2021-02-26,256,10066,67,3158,189,6908,0,0,143,4308,111,2874,143,7182,California
Yuba,2021-02-27,472,10538,47,3205,425,7333,0,0,383,4604,87,2961,383,7565,California
Yuba,2021-02-28,66,10604,21,3226,45,7378,0,0,45,4628,21,2982,45,7610,California
Yuba,2021-03-01,156,10760,40,3266,116,7494,0,0,80,4633,75,3057,80,7690,California
Yuba,2021-03-02,159,10919,36,3302,123,7617,0,0,79,4632,80,3137,79,7769,California
Yuba,2021-03-03,622,11541,159,3461,463,8080,0,0,200,4411,421,3558,200,7969,California
Yuba,2021-03-04,466,12007,270,3731,196,8276,0,0,325,4596,140,3698,325,8294,California
Yuba,2021-03-05,317,12324,60,3791,256,8532,1,1,249,4778,68,3766,250,8544,California
Yuba,2021-03-06,474,12798,35,3826,435,8967,4,5,368,5044,106,3872,372,8916,California
Yuba,2021-03-07,49,12847,27,3853,21,8988,1,6,33,5062,16,3888,34,8950,California
Yuba,2021-03-08,160,13007,49,3902,95,9083,16,22,101,5120,59,3947,117,9067,California
Yuba,2021-03-09,177,13184,47,3949,110,9193,20,42,84,5131,93,4040,104,9171,California
Yuba,2021-03-10,737,13921,233,4182,474,9667,30,72,232,4889,504,4544,262,9433,California
Yuba,2021-03-11,438,14359,197,4379,229,9896,12,84,295,5053,143,4687,307,9740,California
Yuba,2021-03-12,461,14820,86,4465,321,10217,54,138,150,4946,311,4998,204,9944,California
Yuba,2021-03-13,455,15275,335,4800,105,10322,15,153,360,5227,94,5092,375,10319,California
Yuba,2021-03-14,107,15382,21,4821,76,10398,10,163,46,5223,60,5152,56,10375,California
Yuba,2021-03-15,190,15572,49,4870,124,10522,17,180,96,5242,94,5246,113,10488,California
Yuba,2021-03-16,290,15862,71,4941,194,10716,25,205,177,5332,112,5358,202,10690,California
Yuba,2021-03-17,739,16601,162,5103,548,11264,29,234,193,5010,544,5902,222,10912,California
Yuba,2021-03-18,582,17183,161,5264,309,11573,112,346,353,5245,229,6131,464,11376,California
Yuba,2021-03-19,325,17508,120,5384,156,11729,49,395,186,5342,138,6269,235,11611,California
Yuba,2021-03-20,555,18063,81,5465,456,12185,18,413,475,5756,79,6348,493,12104,California
Yuba,2021-03-21,60,18123,35,5500,25,12210,0,413,48,5792,12,6360,48,12152,California
Yuba,2021-03-22,190,18313,70,5570,113,12323,7,420,148,5905,42,6402,155,12307,California
Yuba,2021-03-23,264,18577,80,5650,157,12480,27,447,177,6024,85,6487,204,12511,California
Yuba,2021-03-24,767,19344,254,5904,432,12912,81,528,188,5715,577,7064,268,12779,California
Yuba,2021-03-25,502,19846,268,6172,212,13124,22,550,249,5733,253,7317,271,13050,California
Yuba,2021-03-26,390,20236,143,6315,220,13344,27,577,224,5819,165,7482,251,13301,California
Yuba,2021-03-27,460,20696,27,6342,430,13774,3,580,405,6172,54,7536,407,13708,California
Yuba,2021-03-28,99,20795,40,6382,55,13829,4,584,37,6151,62,7598,41,13749,California
Yuba,2021-03-29,295,21090,86,6468,177,14006,32,616,179,6246,116,7714,211,13960,California
Yuba,2021-03-30,274,21364,68,6536,198,14204,8,624,190,6360,84,7798,198,14158,California
Yuba,2021-03-31,667,22031,113,6649,542,14746,12,636,237,6180,429,8227,249,14407,California
Yuba,2021-04-01,619,22650,286,6935,304,15050,29,665,286,6162,333,8560,315,14722,California
Yuba,2021-04-02,493,23143,94,7029,316,15366,83,748,187,6126,305,8865,269,14991,California
Yuba,2021-04-03,653,23796,55,7084,116,15482,482,1230,87,6130,565,9430,569,15560,California
Yuba,2021-04-04,58,23854,11,7095,41,15523,6,1236,33,6144,25,9455,39,15599,California
Yuba,2021-04-05,245,24099,78,7173,146,15669,21,1257,123,6167,120,9575,143,15742,California
Yuba,2021-04-06,354,24453,114,7287,179,15848,61,1318,170,6215,183,9758,231,15973,California
Yuba,2021-04-07,771,25224,396,7683,322,16170,53,1371,347,6193,421,10179,399,16372,California
Yuba,2021-04-08,721,25945,288,7971,171,16341,262,1633,255,6244,465,10644,516,16888,California
Yuba,2021-04-09,397,26342,173,8144,158,16499,66,1699,163,6240,233,10877,229,17117,California
Yuba,2021-04-10,594,26936,73,8217,74,16573,447,2146,73,6239,519,11396,518,17635,California
Yuba,2021-04-11,102,27038,26,8243,64,16637,12,2158,43,6235,59,11455,55,17690,California
Yuba,2021-04-12,210,27248,46,8289,135,16772,29,2187,80,6215,129,11584,109,17799,California
Yuba,2021-04-13,396,27644,102,8391,294,17066,0,2187,204,6228,191,11775,204,18003,California
Yuba,2021-04-14,692,28336,109,8500,583,17649,0,2187,118,5773,573,12348,118,18121,California
Yuba,2021-04-15,333,28669,126,8626,207,17856,0,2187,144,5728,189,12537,144,18265,California
Yuba,2021-04-16,331,29000,101,8727,230,18086,0,2187,179,5755,152,12689,179,18444,California
Yuba,2021-04-17,403,29403,59,8786,344,18430,0,2187,332,6017,70,12759,332,18776,California
Yuba,2021-04-18,52,29455,9,8795,43,18473,0,2187,24,6013,28,12787,24,18800,California
Yuba,2021-04-19,245,29700,102,8897,143,18616,0,2187,104,5976,141,12928,104,18904,California
Yuba,2021-04-20,301,30001,78,8975,223,18839,0,2187,175,6027,125,13053,176,19080,California
Yuba,2021-04-21,705,30706,287,9262,418,19257,0,2187,304,5930,401,13454,304,19384,California
Yuba,2021-04-22,320,31026,126,9388,194,19451,0,2187,181,5972,139,13593,181,19565,California
Yuba,2021-04-23,340,31366,111,9499,229,19680,0,2187,163,5959,176,13769,163,19728,California
Yuba,2021-04-24,216,31582,68,9567,148,19828,0,2187,123,5989,93,13862,123,19851,California
Yuba,2021-04-25,74,31656,30,9597,44,19872,0,2187,37,5989,37,13899,37,19888,California
Yuba,2021-04-26,217,31873,47,9644,166,20038,4,2191,99,5974,118,14017,103,19991,California
Yuba,2021-04-27,458,32331,149,9793,299,20337,10,2201,225,5978,231,14248,235,20226,California
Yuba,2021-04-28,430,32761,174,9967,251,20588,5,2206,144,5847,280,14528,149,20375,California
Yuba,2021-04-29,426,33187,65,10032,360,20948,1,2207,145,5713,280,14808,146,20521,California
Yuba,2021-04-30,328,33515,93,10125,206,21154,29,2236,140,5696,186,14994,169,20690,California
Yuba,2021-05-01,207,33722,93,10218,96,21250,18,2254,93,5694,113,15107,111,20801,California
Yuba,2021-05-02,64,33786,34,10252,26,21276,4,2258,37,5708,27,15134,41,20842,California
Yuba,2021-05-03,143,33929,66,10318,68,21344,9,2267,46,5669,94,15228,55,20897,California
Yuba,2021-05-04,286,34215,93,10411,172,21516,21,2288,127,5658,159,15387,148,21045,California
Yuba,2021-05-05,310,34525,76,10487,227,21743,7,2295,109,5573,201,15588,116,21161,California
Yuba,2021-05-06,227,34752,98,10585,91,21834,38,2333,76,5539,148,15736,114,21275,California
Yuba,2021-05-07,353,35105,97,10682,231,22065,25,2358,119,5448,234,15970,143,21418,California
Yuba,2021-05-08,102,35207,29,10711,70,22135,3,2361,43,5435,59,16029,46,21464,California
Yuba,2021-05-09,50,35257,23,10734,24,22159,3,2364,35,5458,15,16044,38,21502,California
Yuba,2021-05-10,162,35419,52,10786,93,22252,17,2381,47,5408,114,16158,64,21566,California
Yuba,2021-05-11,231,35650,103,10889,123,22375,5,2386,59,5300,171,16329,63,21629,California
