county,administered_date,total_doses,cumulative_total_doses,pfizer_doses,cumulative_pfizer_doses,moderna_doses,cumulative_moderna_doses,jj_doses,cumulative_jj_doses,partially_vaccinated,total_partially_vaccinated,fully_vaccinated,cumulative_fully_vaccinated,at_least_one_dose,cumulative_at_least_one_dose,california_flag
All CA Counties,2020-12-15,1128,1128,1128,1128,0,0,0,0,1128,1128,0,0,1128,1128,
All CA Counties,2020-12-16,8242,9370,8242,9370,0,0,0,0,8242,9370,0,0,8242,9370,
All CA Counties,2020-12-17,25735,35105,25735,35105,0,0,0,0,25770,35140,0,0,25770,35140,
All CA Counties,2020-12-18,43871,78976,43790,78895,81,81,0,0,43922,79062,0,0,43922,79062,
All CA Counties,2020-12-19,25244,104220,25222,104117,22,103,0,0,25243,104304,1,1,25243,104305,
All CA Counties,2020-12-20,18951,123171,18922,123039,29,132,0,0,18950,123253,1,2,18950,123255,
All CA Counties,2020-12-21,49648,172819,49564,172603,84,216,0,0,49688,172940,1,3,49688,172943,
All CA Counties,2020-12-22,49951,222770,47805,220408,2146,2362,0,0,49949,222888,1,4,49949,222892,
All CA Counties,2020-12-23,50288,273058,41591,261999,8697,11059,0,0,50284,273172,0,4,50284,273176,
All CA Counties,2020-12-24,23999,297057,16313,278312,7686,18745,0,0,23996,297167,1,5,23996,297172,
All CA Counties,2020-12-25,2329,299386,2010,280322,319,19064,0,0,2329,299496,0,5,2329,299501,
All CA Counties,2020-12-26,14595,313981,9425,289747,5170,24234,0,0,14594,314089,1,6,14594,314095,
All CA Counties,2020-12-27,9382,323363,5563,295310,3819,28053,0,0,9381,323469,1,7,9381,323476,
All CA Counties,2020-12-28,45637,369000,29268,324578,16369,44422,0,0,45633,369099,3,10,45633,369109,
All CA Counties,2020-12-29,51060,420060,28578,353156,22482,66904,0,0,51056,420152,3,13,51056,420165,
All CA Counties,2020-12-30,62917,482977,35654,388810,27263,94167,0,0,62910,483059,3,16,62910,483075,
All CA Counties,2020-12-31,29205,512182,10752,399562,18453,112620,0,0,29198,512253,4,20,29198,512273,
All CA Counties,2021-01-01,3792,515974,1663,401225,2129,114749,0,0,3788,516039,2,22,3788,516061,
All CA Counties,2021-01-02,18394,534368,10206,411431,8188,122937,0,0,18393,534432,0,22,18393,534454,
All CA Counties,2021-01-03,6106,540474,3461,414892,2645,125582,0,0,6077,540497,12,34,6077,540531,
All CA Counties,2021-01-04,43273,583747,21895,436787,21378,146960,0,0,43196,583650,43,77,43196,583727,
All CA Counties,2021-01-05,56178,639925,29606,466393,26572,173532,0,0,50694,629000,5429,5506,50779,634506,
All CA Counties,2021-01-06,72915,712840,40356,506749,32559,206091,0,0,57595,671491,15132,20638,57623,692129,
All CA Counties,2021-01-07,91631,804471,52141,558890,39490,245581,0,0,61194,702448,30277,50915,61234,753363,
All CA Counties,2021-01-08,106176,910647,64096,622986,42080,287661,0,0,65038,726534,41006,91921,65092,818455,
All CA Counties,2021-01-09,43548,954195,25025,648011,18523,306184,0,0,27468,737963,16061,107982,27490,845945,
All CA Counties,2021-01-10,24186,978381,14800,662811,9386,315570,0,0,12981,739771,11189,119171,12997,858942,
All CA Counties,2021-01-11,103982,1082363,69233,732044,34749,350319,0,0,60308,756541,43634,162805,60404,919346,
All CA Counties,2021-01-12,112488,1194851,66422,798466,46066,396385,0,0,71524,787399,40885,203690,71743,991089,
All CA Counties,2021-01-13,118423,1313274,61311,859777,57112,453497,0,0,84838,838813,33496,237186,84910,1075999,
All CA Counties,2021-01-14,122994,1436268,49281,909058,73713,527210,0,0,103494,923058,19387,256573,103632,1179631,
All CA Counties,2021-01-15,141495,1577763,52024,961082,89471,616681,0,0,126508,1034847,14886,271459,126675,1306306,
All CA Counties,2021-01-16,80447,1658210,27384,988466,53063,669744,0,0,72942,1100355,7481,278940,72989,1379295,
All CA Counties,2021-01-17,48013,1706223,16740,1005206,31273,701017,0,0,44399,1141188,3609,282549,44442,1423737,
All CA Counties,2021-01-18,87616,1793839,45560,1050766,42056,743073,0,0,68504,1190805,19035,301584,68652,1492389,
All CA Counties,2021-01-19,140883,1934722,73293,1124059,67590,810663,0,0,109835,1269988,30955,332539,110138,1602527,
All CA Counties,2021-01-20,157885,2092607,80065,1204124,77820,888483,0,0,124789,1362091,32921,365460,125024,1727551,
All CA Counties,2021-01-21,171918,2264525,76087,1280211,95831,984314,0,0,153098,1496876,18622,384082,153407,1880958,
All CA Counties,2021-01-22,168375,2432900,68663,1348874,99712,1084026,0,0,154233,1637244,14017,398099,154385,2035343,
All CA Counties,2021-01-23,110892,2543792,49319,1398193,61573,1145599,0,0,98401,1723321,12434,410533,98511,2133854,
All CA Counties,2021-01-24,60791,2604583,29429,1427622,31362,1176961,0,0,56183,1774975,4580,415113,56234,2190088,
All CA Counties,2021-01-25,143611,2748194,64772,1492394,78839,1255800,0,0,109032,1849859,34481,449594,109365,2299453,
All CA Counties,2021-01-26,167344,2915538,82153,1574547,85191,1340991,0,0,130344,1943605,36857,486451,130603,2430056,
All CA Counties,2021-01-27,178552,3094090,87464,1662011,91088,1432079,0,0,139794,2045234,38376,524827,140005,2570061,
All CA Counties,2021-01-28,186369,3280459,85748,1747759,100621,1532700,0,0,152631,2164626,33442,558269,152834,2722895,
All CA Counties,2021-01-29,182267,3462726,87728,1835487,94539,1627239,0,0,148007,2279112,33696,591965,148182,2871077,
All CA Counties,2021-01-30,122764,3585490,55011,1890498,67753,1694992,0,0,107864,2372369,14740,606705,107997,2979074,
All CA Counties,2021-01-31,69076,3654566,38814,1929312,30262,1725254,0,0,64065,2431512,4967,611672,64110,3043184,
All CA Counties,2021-02-01,157817,3812383,72693,2002005,85124,1810378,0,0,119843,2513638,37840,649512,119966,3163150,
All CA Counties,2021-02-02,184737,3997120,79297,2081302,105440,1915818,0,0,139193,2607844,45202,694714,139408,3302558,
All CA Counties,2021-02-03,209666,4206786,94781,2176083,114885,2030703,0,0,156178,2711218,53024,747738,156398,3458956,
All CA Counties,2021-02-04,226859,4433645,99719,2275802,127140,2157843,0,0,166636,2818495,59694,807432,166971,3625927,
All CA Counties,2021-02-05,244998,4678643,106177,2381979,138821,2296664,0,0,166963,2908709,77282,884714,167496,3793423,
All CA Counties,2021-02-06,154402,4833045,74575,2456554,79827,2376491,0,0,119880,2994714,34359,919073,120364,3913787,
All CA Counties,2021-02-07,66488,4899533,42969,2499523,23519,2400010,0,0,50160,3029073,16243,935316,50602,3964389,
All CA Counties,2021-02-08,179568,5079101,88129,2587652,91439,2491449,0,0,118779,3088221,60359,995675,119507,4083896,
All CA Counties,2021-02-09,209534,5288635,101393,2689045,108141,2599590,0,0,125787,3131789,83337,1079012,126905,4210801,
All CA Counties,2021-02-10,247059,5535694,119355,2808400,127704,2727294,0,0,137885,3162730,108379,1187391,139320,4350121,
All CA Counties,2021-02-11,261424,5797118,129208,2937608,132216,2859510,0,0,143575,3191202,116856,1304247,145328,4495449,
All CA Counties,2021-02-12,270474,6067592,118578,3056186,151896,3011406,0,0,146632,3217019,123132,1427379,148949,4644398,
All CA Counties,2021-02-13,166208,6233800,77013,3133199,89195,3100601,0,0,91887,3236922,73918,1501297,93821,4738219,
All CA Counties,2021-02-14,95048,6328848,47378,3180577,47670,3148271,0,0,51540,3246772,43368,1544665,53218,4791437,
All CA Counties,2021-02-15,141200,6470048,62125,3242702,79075,3227346,0,0,78357,3265812,62513,1607178,81553,4872990,
All CA Counties,2021-02-16,246461,6716509,117359,3360061,129102,3356448,0,0,132238,3287599,113897,1721075,135684,5008674,
All CA Counties,2021-02-17,256173,6972682,127842,3487903,128331,3484779,0,0,128215,3291999,127485,1848560,131885,5140559,
All CA Counties,2021-02-18,269175,7241857,140482,3628385,128693,3613472,0,0,130879,3289891,137697,1986257,135589,5276148,
All CA Counties,2021-02-19,249654,7491511,144936,3773321,104718,3718190,0,0,129826,3302481,119408,2105665,131998,5408146,
All CA Counties,2021-02-20,150537,7642048,96674,3869995,53863,3772053,0,0,83278,3321011,67043,2172708,85573,5493719,
All CA Counties,2021-02-21,71677,7713725,57830,3927825,13847,3785900,0,0,35382,3322631,36107,2208815,37727,5531446,
All CA Counties,2021-02-22,162393,7876118,109274,4037099,53119,3839019,0,0,81806,3326670,80304,2289119,84343,5615789,
All CA Counties,2021-02-23,221000,8097118,116563,4153662,104437,3943456,0,0,102991,3319159,117509,2406628,109998,5725787,
All CA Counties,2021-02-24,280159,8377277,141516,4295178,138643,4082099,0,0,134241,3316721,145362,2551990,142924,5868711,
All CA Counties,2021-02-25,314876,8692153,154490,4449668,160386,4242485,0,0,164982,3341954,149268,2701258,174501,6043212,
All CA Counties,2021-02-26,348537,9040690,162846,4612514,185691,4428176,0,0,195347,3392217,152394,2853652,202657,6245869,
All CA Counties,2021-02-27,245781,9286471,117323,4729837,128440,4556616,18,18,139351,3430272,105898,2959550,143953,6389822,
All CA Counties,2021-02-28,129141,9415612,77072,4806909,52067,4608683,2,20,75732,3456767,53082,3012632,79577,6469399,
All CA Counties,2021-03-01,235116,9650728,124478,4931387,110608,4719291,30,50,135909,3498963,98652,3111284,140848,6610247,
All CA Counties,2021-03-02,270244,9920972,131623,5063010,138611,4857902,10,60,161517,3560062,108317,3219601,169416,6779663,
All CA Counties,2021-03-03,323826,10244798,159472,5222482,164319,5022221,35,95,185639,3616381,137592,3357193,193911,6973574,
All CA Counties,2021-03-04,337711,10582509,168774,5391256,168854,5191075,83,178,199511,3685957,137615,3494808,207191,7180765,
All CA Counties,2021-03-05,327121,10909630,159186,5550442,166841,5357916,1094,1272,203315,3775092,123095,3617903,212230,7392995,
All CA Counties,2021-03-06,252216,11161846,129460,5679902,114988,5472904,7768,9040,156996,3850367,94885,3712788,170160,7563155,
All CA Counties,2021-03-07,123697,11285543,75248,5755150,44436,5517340,4013,13053,76957,3889709,46592,3759380,85934,7649089,
All CA Counties,2021-03-08,210969,11496512,101868,5857018,98835,5616175,10266,23319,137860,3970010,72813,3832193,153114,7802203,
All CA Counties,2021-03-09,261153,11757665,112733,5969751,132739,5748914,15681,39000,141802,4014525,118952,3951145,163467,7965670,
All CA Counties,2021-03-10,308530,12066195,150952,6120703,134214,5883128,23364,62364,167381,4070417,140633,4091778,196525,8162195,
All CA Counties,2021-03-11,365960,12432155,176579,6297282,157797,6040925,31584,93948,189657,4121811,175510,4267288,226904,8389099,
All CA Counties,2021-03-12,385928,12818083,171639,6468921,168672,6209597,45617,139565,188643,4163528,196609,4463897,238326,8627425,
All CA Counties,2021-03-13,276990,13095073,121233,6590154,125143,6334740,30614,170179,149686,4221210,126931,4590828,184613,8812038,
All CA Counties,2021-03-14,151318,13246391,81120,6671274,55449,6390189,14749,184928,81455,4250194,69630,4660458,98614,8910652,
All CA Counties,2021-03-15,286785,13533176,136601,6807875,129903,6520092,20281,205209,156526,4301660,129645,4790103,181111,9091763,
All CA Counties,2021-03-16,365792,13898968,171455,6979330,177315,6697407,17022,222231,214201,4386561,150919,4941022,235820,9327583,
All CA Counties,2021-03-17,377563,14276531,187425,7166755,172223,6869630,17915,240146,234576,4499940,142273,5083295,255652,9583235,
All CA Counties,2021-03-18,390350,14666881,199332,7366087,173397,7043027,17621,257767,233551,4599545,155905,5239200,255510,9838745,
All CA Counties,2021-03-19,400877,15067758,209892,7575979,169788,7212815,21197,278964,235305,4693946,164767,5403967,259168,10097913,
All CA Counties,2021-03-20,288358,15356116,151151,7727130,121819,7334634,15388,294352,185389,4794389,102414,5506381,202857,10300770,
All CA Counties,2021-03-21,140939,15497055,97084,7824214,36481,7371115,7374,301726,89170,4842909,51526,5557907,100046,10400816,
All CA Counties,2021-03-22,267496,15764551,156138,7980352,100556,7471671,10802,312528,177342,4945765,89584,5647491,192440,10593256,
All CA Counties,2021-03-23,350056,16114607,192163,8172515,147282,7618953,10611,323139,226823,5064765,122479,5769970,241479,10834735,
All CA Counties,2021-03-24,379789,16494396,218023,8390538,149765,7768718,12001,335140,224525,5151284,154281,5924251,240800,11075535,
All CA Counties,2021-03-25,405259,16899655,222825,8613363,168438,7937156,13996,349136,234040,5232438,170128,6094379,251282,11326817,
All CA Counties,2021-03-26,422727,17322382,225237,8838600,181801,8118957,15689,364825,234197,5298836,187502,6281881,253900,11580717,
All CA Counties,2021-03-27,304779,17627161,161761,9000361,131796,8250753,11222,376047,156493,5321222,147607,6429488,169993,11750710,
All CA Counties,2021-03-28,165631,17792792,105874,9106235,56117,8306870,3640,379687,90863,5343195,74445,6503933,96418,11847128,
All CA Counties,2021-03-29,301674,18094466,163195,9269430,130123,8436993,8356,388043,173159,5400540,127920,6631853,185265,12032393,
All CA Counties,2021-03-30,389447,18483913,196800,9466230,175786,8612779,16861,404904,239222,5509569,149612,6781465,258641,12291034,
All CA Counties,2021-03-31,417103,18901016,226926,9693156,169254,8782033,20923,425827,241666,5598643,174661,6956126,263735,12554769,
All CA Counties,2021-04-01,476142,19377158,243460,9936616,194373,8976406,38309,464136,266506,5696696,208795,7164921,306848,12861617,
All CA Counties,2021-04-02,458511,19835669,223470,10160086,193891,9170297,41150,505286,251597,5785352,205893,7370814,294549,13156166,
All CA Counties,2021-04-03,319929,20155598,162226,10322312,117960,9288257,39743,545029,161186,5829609,158225,7529039,202482,13358648,
All CA Counties,2021-04-04,128690,20284288,67029,10389341,43900,9332157,17761,562790,57345,5833831,71150,7600189,75372,13434020,
All CA Counties,2021-04-05,343522,20627810,178187,10567528,126802,9458959,38533,601323,173409,5878989,169627,7769816,214785,13648805,
All CA Counties,2021-04-06,449693,21077503,228644,10796172,156644,9615603,64405,665728,220779,5938860,228145,7997961,288016,13936821,
All CA Counties,2021-04-07,463698,21541201,241832,11038004,153589,9769192,68277,734005,229072,6004942,233821,8231782,299903,14236724,
All CA Counties,2021-04-08,487360,22028561,247318,11285322,157993,9927185,82049,816054,232554,6068384,253873,8485655,317315,14554039,
All CA Counties,2021-04-09,459475,22488036,226626,11511948,159915,10087100,72934,888988,214782,6116131,243813,8729468,291560,14845599,
All CA Counties,2021-04-10,355511,22843547,163084,11675032,120186,10207286,72241,961229,150455,6137707,204470,8933938,226046,15071645,
All CA Counties,2021-04-11,181808,23025355,101796,11776828,46763,10254049,33249,994478,75980,6144251,105549,9039487,112093,15183738,
All CA Counties,2021-04-12,323230,23348585,164371,11941199,123003,10377052,35856,1030334,152030,6164533,170419,9209906,190701,15374439,
All CA Counties,2021-04-13,417234,23765819,231946,12173145,184432,10561484,856,1031190,233571,6220264,182824,9392730,238555,15612994,
All CA Counties,2021-04-14,417061,24182880,229793,12402938,187028,10748512,240,1031430,218079,6247121,198034,9590764,224891,15837885,
All CA Counties,2021-04-15,440837,24623717,256751,12659689,183904,10932416,182,1031612,247494,6307831,192248,9783012,252958,16090843,
All CA Counties,2021-04-16,446053,25069770,250115,12909804,195660,11128076,278,1031890,240242,6346758,204818,9987830,243745,16334588,
All CA Counties,2021-04-17,316579,25386349,181361,13091165,135198,11263274,20,1031910,180050,6395001,135932,10123762,184175,16518763,
All CA Counties,2021-04-18,147639,25533988,93482,13184647,54145,11317419,12,1031922,76993,6405362,70339,10194101,80700,16599463,
All CA Counties,2021-04-19,269818,25803806,151643,13336290,118087,11435506,88,1032010,124678,6387073,144617,10338718,126328,16725791,
All CA Counties,2021-04-20,178571,25982377,97705,13433995,80847,11516353,19,1032029,94322,6404340,83912,10422630,101179,16826970,
All CA and Non-CA Counties,2020-12-15,1135,1135,1135,1135,0,0,0,0,1135,1135,0,0,1135,1135,
All CA and Non-CA Counties,2020-12-16,8375,9510,8375,9510,0,0,0,0,8375,9510,0,0,8375,9510,
All CA and Non-CA Counties,2020-12-17,27297,36807,27297,36807,0,0,0,0,27297,36807,0,0,27297,36807,
All CA and Non-CA Counties,2020-12-18,46289,83096,46204,83011,85,85,0,0,46289,83096,0,0,46289,83096,
All CA and Non-CA Counties,2020-12-19,26305,109401,26282,109293,23,108,0,0,26304,109399,1,1,26304,109400,
All CA and Non-CA Counties,2020-12-20,19614,129015,19583,128876,31,139,0,0,19613,129011,1,2,19613,129013,
All CA and Non-CA Counties,2020-12-21,51748,180763,51663,180539,85,224,0,0,51746,180756,1,3,51746,180759,
All CA and Non-CA Counties,2020-12-22,51875,232638,49696,230235,2179,2403,0,0,51873,232628,1,4,51873,232632,
All CA and Non-CA Counties,2020-12-23,51709,284347,42895,273130,8814,11217,0,0,51705,284333,0,4,51705,284337,
All CA and Non-CA Counties,2020-12-24,24800,309147,16922,290052,7878,19095,0,0,24797,309129,1,5,24797,309134,
All CA and Non-CA Counties,2020-12-25,2361,311508,2038,292090,323,19418,0,0,2361,311490,0,5,2361,311495,
All CA and Non-CA Counties,2020-12-26,14903,326411,9629,301719,5274,24692,0,0,14902,326391,1,6,14902,326397,
All CA and Non-CA Counties,2020-12-27,9569,335980,5635,307354,3934,28626,0,0,9568,335958,1,7,9568,335965,
All CA and Non-CA Counties,2020-12-28,47028,383008,30146,337500,16882,45508,0,0,47025,382980,3,10,47025,382990,
All CA and Non-CA Counties,2020-12-29,52511,435519,29506,367006,23005,68513,0,0,52507,435484,3,13,52507,435497,
All CA and Non-CA Counties,2020-12-30,64815,500334,36899,403905,27916,96429,0,0,64807,500288,3,16,64807,500304,
All CA and Non-CA Counties,2020-12-31,30267,530601,11331,415236,18936,115365,0,0,30258,530541,5,21,30258,530562,
All CA and Non-CA Counties,2021-01-01,3901,534502,1685,416921,2216,117581,0,0,3897,534436,2,23,3897,534459,
All CA and Non-CA Counties,2021-01-02,18635,553137,10338,427259,8297,125878,0,0,18633,553068,1,24,18633,553092,
All CA and Non-CA Counties,2021-01-03,6278,559415,3553,430812,2725,128603,0,0,6249,559305,12,36,6249,559341,
All CA and Non-CA Counties,2021-01-04,44397,603812,22400,453212,21997,150600,0,0,44314,603576,43,79,44314,603655,
All CA and Non-CA Counties,2021-01-05,57618,661430,30353,483565,27265,177865,0,0,51998,650096,5563,5642,52083,655738,
All CA and Non-CA Counties,2021-01-06,75514,736944,41900,525465,33614,211479,0,0,59506,693804,15826,21468,59534,715272,
All CA and Non-CA Counties,2021-01-07,95813,832757,54745,580210,41068,252547,0,0,63713,725621,31938,53406,63755,779027,
All CA and Non-CA Counties,2021-01-08,110462,943219,66813,647023,43649,296196,0,0,67569,750495,42752,96158,67626,846653,
All CA and Non-CA Counties,2021-01-09,44877,988096,25559,672582,19318,315514,0,0,28468,762598,16389,112547,28492,875145,
All CA and Non-CA Counties,2021-01-10,24487,1012583,14978,687560,9509,325023,0,0,13163,764469,11308,123855,13179,888324,
All CA and Non-CA Counties,2021-01-11,107212,1119795,71200,758760,36012,361035,0,0,62223,781839,44949,168804,62319,950643,
All CA and Non-CA Counties,2021-01-12,116224,1236019,68665,827425,47559,408594,0,0,73783,813486,42357,211161,74004,1024647,
All CA and Non-CA Counties,2021-01-13,121919,1357938,63033,890458,58886,467480,0,0,87244,866211,34592,245753,87317,1111964,
All CA and Non-CA Counties,2021-01-14,126615,1484553,50522,940980,76093,543573,0,0,106501,952851,19999,265752,106639,1218603,
All CA and Non-CA Counties,2021-01-15,145487,1630040,52945,993925,92542,636115,0,0,130068,1067772,15314,281066,130235,1348838,
All CA and Non-CA Counties,2021-01-16,82977,1713017,27745,1021670,55232,691347,0,0,75297,1135463,7653,288719,75344,1424182,
All CA and Non-CA Counties,2021-01-17,48464,1761481,16888,1038558,31576,722923,0,0,44800,1176648,3658,292377,44843,1469025,
All CA and Non-CA Counties,2021-01-18,88754,1850235,46346,1084904,42408,765331,0,0,69186,1226493,19490,311867,69335,1538360,
All CA and Non-CA Counties,2021-01-19,144862,1995097,74606,1159510,70256,835587,0,0,112969,1307967,31800,343667,113274,1651634,
All CA and Non-CA Counties,2021-01-20,162244,2157341,81477,1240987,80767,916354,0,0,128218,1402573,33848,377515,128454,1780088,
All CA and Non-CA Counties,2021-01-21,175912,2333253,77124,1318111,98788,1015142,0,0,156581,1540344,19119,396634,156890,1936978,
All CA and Non-CA Counties,2021-01-22,172776,2506029,69689,1387800,103087,1118229,0,0,158242,1684336,14403,411037,158395,2095373,
All CA and Non-CA Counties,2021-01-23,113103,2619132,49654,1437454,63449,1181678,0,0,100446,1772293,12599,423636,100556,2195929,
All CA and Non-CA Counties,2021-01-24,61397,2680529,29676,1467130,31721,1213399,0,0,56712,1824398,4658,428294,56763,2252692,
All CA and Non-CA Counties,2021-01-25,147926,2828455,66681,1533811,81245,1294644,0,0,112508,1901906,35334,463628,112842,2365534,
All CA and Non-CA Counties,2021-01-26,173265,3001720,85085,1618896,88180,1382824,0,0,135478,1999985,37666,501294,135745,2501279,
All CA and Non-CA Counties,2021-01-27,183150,3184870,90075,1708971,93075,1475899,0,0,143850,2105109,38939,540233,144063,2645342,
All CA and Non-CA Counties,2021-01-28,191373,3376243,88561,1797532,102812,1578711,0,0,157157,2228529,33940,574173,157360,2802702,
All CA and Non-CA Counties,2021-01-29,186933,3563176,90720,1888252,96213,1674924,0,0,151966,2346257,34415,608588,152143,2954845,
All CA and Non-CA Counties,2021-01-30,126844,3690020,57324,1945576,69520,1744444,0,0,111725,2443151,14964,623552,111858,3066703,
All CA and Non-CA Counties,2021-01-31,72257,3762277,41598,1987174,30659,1775103,0,0,67193,2505370,5020,628572,67239,3133942,
All CA and Non-CA Counties,2021-02-01,163169,3925446,75187,2062361,87982,1863085,0,0,124544,2591543,38494,667066,124667,3258609,
All CA and Non-CA Counties,2021-02-02,191443,4116889,81448,2143809,109995,1973080,0,0,145201,2691067,45892,712958,145416,3404025,
All CA and Non-CA Counties,2021-02-03,216804,4333693,96803,2240612,120001,2093081,0,0,162499,2799956,53831,766789,162720,3566745,
All CA and Non-CA Counties,2021-02-04,233483,4567176,101832,2342444,131651,2224732,0,0,172312,2911973,60630,827419,172647,3739392,
All CA and Non-CA Counties,2021-02-05,251494,4818670,108253,2450697,143241,2367973,0,0,172476,3006710,78272,905691,173009,3912401,
All CA and Non-CA Counties,2021-02-06,158672,4977342,76737,2527434,81935,2449908,0,0,123719,3096132,34784,940475,124206,4036607,
All CA and Non-CA Counties,2021-02-07,68665,5046007,44764,2572198,23901,2473809,0,0,52258,3132512,16322,956797,52702,4089309,
All CA and Non-CA Counties,2021-02-08,184743,5230750,91408,2663606,93335,2567144,0,0,122891,3194726,61405,1018202,123619,4212928,
All CA and Non-CA Counties,2021-02-09,213653,5444403,103262,2766868,110391,2677535,0,0,128619,3239869,84608,1102810,129751,4342679,
All CA and Non-CA Counties,2021-02-10,252350,5696753,121157,2888025,131193,2808728,0,0,140824,3271446,110724,1213534,142301,4484980,
All CA and Non-CA Counties,2021-02-11,265720,5962473,131154,3019179,134566,2943294,0,0,146713,3301924,118005,1331539,148483,4633463,
All CA and Non-CA Counties,2021-02-12,275120,6237593,120229,3139408,154891,3098185,0,0,149660,3329158,124747,1456286,151981,4785444,
All CA and Non-CA Counties,2021-02-13,168402,6405995,77614,3217022,90788,3188973,0,0,93647,3350397,74353,1530639,95592,4881036,
All CA and Non-CA Counties,2021-02-14,96363,6502358,47778,3264800,48585,3237558,0,0,52623,3361105,43595,1574234,54303,4935339,
All CA and Non-CA Counties,2021-02-15,143668,6646026,63639,3328439,80029,3317587,0,0,79516,3380017,63804,1638038,82716,5018055,
All CA and Non-CA Counties,2021-02-16,252742,6898768,120237,3448676,132505,3450092,0,0,134756,3400571,117652,1755690,138206,5156261,
All CA and Non-CA Counties,2021-02-17,261804,7160572,130622,3579298,131182,3581274,0,0,129880,3402682,131443,1887133,133554,5289815,
All CA and Non-CA Counties,2021-02-18,275221,7435793,144042,3723340,131179,3712453,0,0,132686,3398154,141925,2029058,137397,5427212,
All CA and Non-CA Counties,2021-02-19,254816,7690609,148550,3871890,106266,3818719,0,0,131749,3409434,122642,2151700,133922,5561134,
All CA and Non-CA Counties,2021-02-20,153629,7844238,99266,3971156,54363,3873082,0,0,84355,3427032,69053,2220753,86651,5647785,
All CA and Non-CA Counties,2021-02-21,73478,7917716,59422,4030578,14056,3887138,0,0,35995,3428082,37290,2258043,38340,5686125,
All CA and Non-CA Counties,2021-02-22,165073,8082789,111138,4141716,53935,3941073,0,0,82732,3431298,82058,2340101,85274,5771399,
All CA and Non-CA Counties,2021-02-23,226011,8308800,119062,4260778,106949,4048022,0,0,104513,3421838,120993,2461094,111533,5882932,
All CA and Non-CA Counties,2021-02-24,285339,8594139,144056,4404834,141283,4189305,0,0,135713,3417173,149066,2610160,144401,6027333,
All CA and Non-CA Counties,2021-02-25,320579,8914718,156968,4561802,163611,4352916,0,0,167017,3440796,152917,2763077,176540,6203873,
All CA and Non-CA Counties,2021-02-26,354396,9269114,165761,4727563,188635,4541551,0,0,197733,3490055,155785,2918862,205044,6408917,
All CA and Non-CA Counties,2021-02-27,250245,9519359,119543,4847106,130683,4672234,19,19,140554,3526065,109149,3028011,145159,6554076,
All CA and Non-CA Counties,2021-02-28,131525,9650884,78841,4925947,52682,4724916,2,21,76493,3551703,54701,3082712,80339,6634415,
All CA and Non-CA Counties,2021-03-01,239547,9890431,127388,5053335,112129,4837045,30,51,137012,3591685,101973,3184685,141955,6776370,
All CA and Non-CA Counties,2021-03-02,276098,10166529,133467,5186802,142621,4979666,10,61,163121,3650136,112570,3297255,171021,6947391,
All CA and Non-CA Counties,2021-03-03,330629,10497158,161667,5348469,168926,5148592,36,97,187442,3703256,142600,3439855,195720,7143111,
All CA and Non-CA Counties,2021-03-04,343678,10840836,171065,5519534,172529,5321121,84,181,201314,3770512,141742,3581597,208998,7352109,
All CA and Non-CA Counties,2021-03-05,331324,11172160,160978,5680512,169239,5490360,1107,1288,205380,3859580,125248,3706845,214316,7566425,
All CA and Non-CA Counties,2021-03-06,256166,11428326,131136,5811648,117104,5607464,7926,9214,158871,3934831,96950,3803795,172201,7738626,
All CA and Non-CA Counties,2021-03-07,125153,11553479,76219,5887867,44867,5652331,4067,13281,77792,3974444,47211,3851006,86824,7825450,
All CA and Non-CA Counties,2021-03-08,213574,11767053,103387,5991254,99672,5752003,10515,23796,139674,4056053,73573,3924579,155182,7980632,
All CA and Non-CA Counties,2021-03-09,264972,12032025,114569,6105823,134409,5886412,15994,39790,143925,4101313,120644,4045223,165904,8146536,
All CA and Non-CA Counties,2021-03-10,311944,12343969,152335,6258158,135754,6022166,23855,63645,169264,4158069,142149,4187372,198905,8345441,
All CA and Non-CA Counties,2021-03-11,371322,12715291,179215,6437373,159839,6182005,32268,95913,192396,4210273,178124,4365496,230328,8575769,
All CA and Non-CA Counties,2021-03-12,391136,13106427,174535,6611908,170276,6352281,46325,142238,191426,4253065,199026,4564522,241818,8817587,
All CA and Non-CA Counties,2021-03-13,280298,13386725,123097,6735005,126118,6478399,31083,173321,151867,4312279,128051,4692573,187265,9004852,
All CA and Non-CA Counties,2021-03-14,153071,13539796,82009,6817014,55985,6534384,15077,188398,82492,4341913,70346,4762919,99980,9104832,
All CA and Non-CA Counties,2021-03-15,289837,13829633,137955,6954969,131214,6665598,20668,209066,158287,4394242,130935,4893854,183264,9288096,
All CA and Non-CA Counties,2021-03-16,371759,14201392,174458,7129427,179934,6845532,17367,226433,217619,4480318,153506,5047360,239582,9527678,
All CA and Non-CA Counties,2021-03-17,383800,14585192,190838,7320265,174700,7020232,18262,244695,238389,4595377,144754,5192114,259813,9787491,
All CA and Non-CA Counties,2021-03-18,396882,14982074,202933,7523198,175817,7196049,18132,262827,237562,4697016,158393,5350507,260032,10047523,
All CA and Non-CA Counties,2021-03-19,406516,15388590,213021,7736219,171764,7367813,21731,284558,238795,4793287,166924,5517431,263195,10310718,
All CA and Non-CA Counties,2021-03-20,292028,15680618,153621,7889840,122941,7490754,15466,300024,188354,4896072,103115,5620546,205900,10516618,
All CA and Non-CA Counties,2021-03-21,142626,15823244,98231,7988071,36934,7527688,7461,307485,90469,4945594,51911,5672457,101433,10618051,
All CA and Non-CA Counties,2021-03-22,270167,16093411,157595,8145666,101696,7629384,10876,318361,179103,5049377,90492,5762949,194275,10812326,
All CA and Non-CA Counties,2021-03-23,355542,16448953,194801,8340467,149863,7779247,10878,329239,230661,5170842,124119,5887068,245584,11057910,
All CA and Non-CA Counties,2021-03-24,386076,16835029,220970,8561437,152692,7931939,12414,341653,229310,5261058,155779,6042847,245995,11303905,
All CA and Non-CA Counties,2021-03-25,412461,17247490,225823,8787260,172162,8104101,14476,356129,239613,5346645,171748,6214595,257335,11561240,
All CA and Non-CA Counties,2021-03-26,428713,17676203,228338,9015598,184514,8288615,15861,371990,238444,5415729,189234,6403829,258318,11819558,
All CA and Non-CA Counties,2021-03-27,309002,17985205,164243,9179841,133497,8422112,11262,383252,159471,5439890,148847,6552676,173008,11992566,
All CA and Non-CA Counties,2021-03-28,168156,18153361,107130,9286971,57312,8479424,3714,386966,92527,5462746,75300,6627976,98156,12090722,
All CA and Non-CA Counties,2021-03-29,306075,18459436,165102,9452073,132363,8611787,8610,395576,175888,5521404,129591,6757567,188249,12278971,
All CA and Non-CA Counties,2021-03-30,395448,18854884,199816,9651889,178234,8790021,17398,412974,242955,5632455,151869,6909436,262920,12541891,
All CA and Non-CA Counties,2021-03-31,422403,19277287,229905,9881794,170840,8960861,21658,434632,244819,5723272,176805,7086241,267622,12809513,
All CA and Non-CA Counties,2021-04-01,482261,19759548,246881,10128675,196452,9157313,38928,473560,270144,5823105,211271,7297512,311104,13120617,
All CA and Non-CA Counties,2021-04-02,465894,20225442,227407,10356082,196261,9353574,42226,515786,255610,5913486,209258,7506770,299639,13420256,
All CA and Non-CA Counties,2021-04-03,325641,20551083,165572,10521654,119176,9472750,40893,556679,164198,5959210,160920,7667690,206644,13626900,
All CA and Non-CA Counties,2021-04-04,130301,20681384,67843,10589497,44467,9517217,17991,574670,58233,5963828,71872,7739562,76490,13703390,
All CA and Non-CA Counties,2021-04-05,346985,21028369,179918,10769415,128031,9645248,39036,613706,175087,6009386,171409,7910971,216967,13920357,
All CA and Non-CA Counties,2021-04-06,455196,21483565,231409,11000824,158094,9803342,65693,679399,222952,6069399,231462,8142433,291475,14211832,
All CA and Non-CA Counties,2021-04-07,470129,21953694,245173,11245997,155117,9958459,69839,749238,231607,6135680,237709,8380142,303990,14515822,
All CA and Non-CA Counties,2021-04-08,494151,22447845,250738,11496735,159587,10118046,83826,833064,235292,6199585,257918,8638060,321823,14837645,
All CA and Non-CA Counties,2021-04-09,465129,22912974,229484,11726219,161094,10279140,74551,907615,216924,6247585,247322,8885382,295322,15132967,
All CA and Non-CA Counties,2021-04-10,360859,23273833,165839,11892058,120983,10400123,74037,981652,151959,6268620,208310,9093692,229345,15362312,
All CA and Non-CA Counties,2021-04-11,184193,23458026,103105,11995163,47215,10447338,33873,1015525,76803,6275051,107110,9200802,113541,15475853,
All CA and Non-CA Counties,2021-04-12,326304,23784330,166021,12161184,123994,10571332,36289,1051814,153493,6295623,172025,9372827,192597,15668450,
All CA and Non-CA Counties,2021-04-13,422227,24206557,235014,12396198,186328,10757660,885,1052699,236077,6351409,185304,9558131,241090,15909540,
All CA and Non-CA Counties,2021-04-14,422201,24628758,233027,12629225,188932,10946592,242,1052941,221026,6379029,200220,9758351,227840,16137380,
All CA and Non-CA Counties,2021-04-15,446432,25075190,260103,12889328,186142,11132734,187,1053128,250972,6441121,194355,9952706,256447,16393827,
All CA and Non-CA Counties,2021-04-16,452115,25527305,253746,13143074,198084,11330818,285,1053413,244044,6481607,207069,10159775,247555,16641382,
All CA and Non-CA Counties,2021-04-17,321621,25848926,184437,13327511,137163,11467981,21,1053434,183199,6531112,137820,10297595,187325,16828707,
All CA and Non-CA Counties,2021-04-18,149727,25998653,94614,13422125,55100,11523081,13,1053447,78282,6541974,71132,10368727,81994,16910701,
All CA and Non-CA Counties,2021-04-19,274000,26272653,153585,13575710,120326,11643407,89,1053536,127086,6524338,146381,10515108,128745,17039446,
All CA and Non-CA Counties,2021-04-20,182166,26454819,99167,13674877,82980,11726387,19,1053555,95762,6540941,86060,10601168,102663,17142109,
Outside California,2020-12-15,7,7,7,7,0,0,0,0,7,7,0,0,7,7,Not in California
Outside California,2020-12-16,133,140,133,140,0,0,0,0,133,140,0,0,133,140,Not in California
Outside California,2020-12-17,1526,1666,1526,1666,0,0,0,0,1526,1666,0,0,1526,1666,Not in California
Outside California,2020-12-18,2357,4023,2353,4019,4,4,0,0,2356,4022,0,0,2356,4022,Not in California
Outside California,2020-12-19,980,5003,979,4998,1,5,0,0,980,5002,0,0,980,5002,Not in California
Outside California,2020-12-20,639,5642,637,5635,2,7,0,0,639,5641,0,0,639,5641,Not in California
Outside California,2020-12-21,2059,7701,2058,7693,1,8,0,0,2058,7699,0,0,2058,7699,Not in California
Outside California,2020-12-22,1921,9622,1888,9581,33,41,0,0,1921,9620,0,0,1921,9620,Not in California
Outside California,2020-12-23,1421,11043,1304,10885,117,158,0,0,1421,11041,0,0,1421,11041,Not in California
Outside California,2020-12-24,801,11844,609,11494,192,350,0,0,801,11842,0,0,801,11842,Not in California
Outside California,2020-12-25,32,11876,28,11522,4,354,0,0,32,11874,0,0,32,11874,Not in California
Outside California,2020-12-26,307,12183,203,11725,104,458,0,0,307,12181,0,0,307,12181,Not in California
Outside California,2020-12-27,187,12370,72,11797,115,573,0,0,187,12368,0,0,187,12368,Not in California
Outside California,2020-12-28,1387,13757,874,12671,513,1086,0,0,1387,13755,0,0,1387,13755,Not in California
Outside California,2020-12-29,1448,15205,925,13596,523,1609,0,0,1448,15203,0,0,1448,15203,Not in California
Outside California,2020-12-30,1840,17045,1190,14786,650,2259,0,0,1841,17044,0,0,1841,17044,Not in California
Outside California,2020-12-31,1059,18104,579,15365,480,2739,0,0,1059,18102,1,1,1059,18103,Not in California
Outside California,2021-01-01,109,18213,22,15387,87,2826,0,0,109,18211,0,1,109,18212,Not in California
Outside California,2021-01-02,240,18453,132,15519,108,2934,0,0,239,18449,1,2,239,18451,Not in California
Outside California,2021-01-03,172,18625,92,15611,80,3014,0,0,172,18621,0,2,172,18623,Not in California
Outside California,2021-01-04,1121,19746,502,16113,619,3633,0,0,1116,19737,0,2,1116,19739,Not in California
Outside California,2021-01-05,1438,21184,747,16860,691,4324,0,0,1302,20905,134,136,1302,21041,Not in California
Outside California,2021-01-06,2568,23752,1515,18375,1053,5377,0,0,1905,22140,670,806,1905,22946,Not in California
Outside California,2021-01-07,4073,27825,2498,20873,1575,6952,0,0,2448,22967,1623,2429,2450,25396,Not in California
Outside California,2021-01-08,4262,32087,2696,23569,1566,8518,0,0,2527,23772,1725,4154,2530,27926,Not in California
Outside California,2021-01-09,1326,33413,532,24101,794,9312,0,0,996,24442,328,4482,998,28924,Not in California
Outside California,2021-01-10,301,33714,178,24279,123,9435,0,0,182,24505,119,4601,182,29106,Not in California
Outside California,2021-01-11,3208,36922,1945,26224,1263,10698,0,0,1897,25090,1312,5913,1897,31003,Not in California
Outside California,2021-01-12,3727,40649,2236,28460,1491,12189,0,0,2251,25871,1471,7384,2252,33255,Not in California
Outside California,2021-01-13,3485,44134,1711,30171,1774,13963,0,0,2394,27170,1096,8480,2395,35650,Not in California
Outside California,2021-01-14,3617,47751,1238,31409,2379,16342,0,0,3003,29561,612,9092,3003,38653,Not in California
Outside California,2021-01-15,3988,51739,918,32327,3070,19412,0,0,3556,32689,428,9520,3556,42209,Not in California
Outside California,2021-01-16,2523,54262,354,32681,2169,21581,0,0,2349,34867,171,9691,2349,44558,Not in California
Outside California,2021-01-17,448,54710,145,32826,303,21884,0,0,398,35216,49,9740,398,44956,Not in California
Outside California,2021-01-18,1082,55792,730,33556,352,22236,0,0,628,35392,453,10193,629,45585,Not in California
Outside California,2021-01-19,3956,59748,1291,34847,2665,24901,0,0,3113,37663,844,11037,3115,48700,Not in California
Outside California,2021-01-20,4280,64028,1333,36180,2947,27848,0,0,3402,40191,875,11912,3403,52103,Not in California
Outside California,2021-01-21,3934,67962,979,37159,2955,30803,0,0,3421,43115,497,12409,3421,55524,Not in California
Outside California,2021-01-22,4360,72322,991,38150,3369,34172,0,0,3969,46699,386,12795,3970,59494,Not in California
Outside California,2021-01-23,2199,74521,329,38479,1870,36042,0,0,2033,48567,165,12960,2033,61527,Not in California
Outside California,2021-01-24,604,75125,245,38724,359,36401,0,0,526,49015,78,13038,526,62053,Not in California
Outside California,2021-01-25,4294,79419,1891,40615,2403,38804,0,0,3458,51624,850,13888,3459,65512,Not in California
Outside California,2021-01-26,5822,85241,2837,43452,2985,41789,0,0,5032,55855,809,14697,5040,70552,Not in California
Outside California,2021-01-27,4581,89822,2594,46046,1987,43776,0,0,4040,59335,562,15259,4042,74594,Not in California
Outside California,2021-01-28,4851,94673,2663,48709,2188,45964,0,0,4428,63324,439,15698,4428,79022,Not in California
Outside California,2021-01-29,4518,99191,2845,51554,1673,47637,0,0,3806,66414,718,16416,3808,82830,Not in California
Outside California,2021-01-30,4070,103261,2305,53859,1765,49402,0,0,3848,70039,223,16639,3848,86678,Not in California
Outside California,2021-01-31,3165,106426,2768,56627,397,49799,0,0,3112,73100,52,16691,3113,89791,Not in California
Outside California,2021-02-01,5316,111742,2460,59087,2856,52655,0,0,4680,77143,637,17328,4680,94471,Not in California
Outside California,2021-02-02,6637,118379,2084,61171,4553,57208,0,0,5945,82403,685,18013,5945,100416,Not in California
Outside California,2021-02-03,7088,125467,1975,63146,5113,62321,0,0,6283,87891,796,18809,6284,106700,Not in California
Outside California,2021-02-04,6563,132030,2057,65203,4506,66827,0,0,5620,92580,931,19740,5620,112320,Not in California
Outside California,2021-02-05,6477,138507,2064,67267,4413,71240,0,0,5498,97095,983,20723,5498,117818,Not in California
Outside California,2021-02-06,4251,142758,2148,69415,2103,73343,0,0,3824,100504,418,21141,3827,121645,Not in California
Outside California,2021-02-07,2169,144927,1787,71202,382,73725,0,0,2092,102521,77,21218,2094,123739,Not in California
Outside California,2021-02-08,5121,150048,3228,74430,1893,75618,0,0,4099,105615,1005,22223,4099,127838,Not in California
Outside California,2021-02-09,4099,154147,1850,76280,2249,77867,0,0,2827,107200,1256,23479,2841,130679,Not in California
Outside California,2021-02-10,5255,159402,1771,78051,3484,81351,0,0,2928,107851,2319,25798,2970,133649,Not in California
Outside California,2021-02-11,4203,163605,1854,79905,2349,83700,0,0,3095,109865,1098,26896,3112,136761,Not in California
Outside California,2021-02-12,4598,168203,1613,81518,2985,86685,0,0,3009,111296,1582,28478,3013,139774,Not in California
Outside California,2021-02-13,2179,170382,598,82116,1581,88266,0,0,1743,112616,434,28912,1754,141528,Not in California
Outside California,2021-02-14,1308,171690,399,82515,909,89175,0,0,1078,113470,226,29138,1080,142608,Not in California
Outside California,2021-02-15,2425,174115,1477,83992,948,90123,0,0,1130,113325,1279,30417,1134,143742,Not in California
Outside California,2021-02-16,6176,180291,2782,86774,3394,93517,0,0,2487,112135,3681,34098,2491,146233,Not in California
Outside California,2021-02-17,5621,185912,2772,89546,2849,96366,0,0,1661,109847,3953,38051,1665,147898,Not in California
Outside California,2021-02-18,5940,191852,3459,93005,2481,98847,0,0,1787,107493,4142,42193,1788,149686,Not in California
Outside California,2021-02-19,4964,196816,3422,96427,1542,100389,0,0,1864,106262,3096,45289,1865,151551,Not in California
Outside California,2021-02-20,3080,199896,2587,99014,493,100882,0,0,1072,105330,2005,47294,1073,152624,Not in California
Outside California,2021-02-21,1783,201679,1574,100588,209,101091,0,0,609,104770,1169,48463,609,153233,Not in California
Outside California,2021-02-22,2671,204350,1855,102443,816,101907,0,0,920,103944,1751,50214,925,154158,Not in California
Outside California,2021-02-23,4949,209299,2449,104892,2500,104407,0,0,1507,102027,3437,53651,1520,155678,Not in California
Outside California,2021-02-24,5136,214435,2504,107396,2632,107039,0,0,1457,99815,3674,57325,1462,157140,Not in California
Outside California,2021-02-25,5628,220063,2419,109815,3209,110248,0,0,2009,98228,3600,60925,2013,159153,Not in California
Outside California,2021-02-26,5820,225883,2892,112707,2928,113176,0,0,2362,97214,3377,64302,2363,161516,Not in California
Outside California,2021-02-27,4436,230319,2207,114914,2228,115404,1,1,1183,95157,3243,67545,1186,162702,Not in California
Outside California,2021-02-28,2367,232686,1756,116670,611,116015,0,1,751,94295,1614,69159,752,163454,Not in California
Outside California,2021-03-01,4389,237075,2885,119555,1504,117519,0,1,1080,92077,3302,72461,1084,164538,Not in California
Outside California,2021-03-02,5836,242911,1838,121393,3998,121517,0,1,1594,89425,4247,76708,1595,166133,Not in California
Outside California,2021-03-03,6786,249697,2185,123578,4600,126117,1,2,1790,86217,5004,81712,1796,167929,Not in California
Outside California,2021-03-04,5912,255609,2240,125818,3671,129788,1,3,1780,83905,4096,85808,1784,169713,Not in California
Outside California,2021-03-05,4172,259781,1779,127597,2380,132168,13,16,2030,83809,2147,87955,2051,171764,Not in California
Outside California,2021-03-06,3919,263700,1666,129263,2097,134265,156,172,1853,83770,2056,90011,2017,173781,Not in California
Outside California,2021-03-07,1447,265147,970,130233,423,134688,54,226,830,84039,616,90627,885,174666,Not in California
Outside California,2021-03-08,2572,267719,1496,131729,829,135517,247,473,1806,85363,734,91361,2058,176724,Not in California
Outside California,2021-03-09,3780,271499,1804,133533,1667,137184,309,782,2113,86124,1662,93023,2423,179147,Not in California
Outside California,2021-03-10,3405,274904,1377,134910,1539,138723,489,1271,1877,86985,1511,94534,2372,181519,Not in California
Outside California,2021-03-11,5322,280226,2623,137533,2031,140754,668,1939,2724,87787,2591,97125,3393,184912,Not in California
Outside California,2021-03-12,5119,285345,2840,140373,1582,142336,697,2636,2766,88904,2347,99472,3464,188376,Not in California
Outside California,2021-03-13,3281,288626,1860,142233,958,143294,463,3099,2173,90441,1101,100573,2638,191014,Not in California
Outside California,2021-03-14,1736,290362,880,143113,530,143824,326,3425,1031,91094,705,101278,1358,192372,Not in California
Outside California,2021-03-15,3023,293385,1342,144455,1296,145120,385,3810,1741,91948,1277,102555,2131,194503,Not in California
Outside California,2021-03-16,5906,299291,2982,147437,2582,147702,342,4152,3375,93095,2569,105124,3716,198219,Not in California
Outside California,2021-03-17,6188,305479,3397,150834,2445,150147,346,4498,3764,94730,2476,107600,4111,202330,Not in California
Outside California,2021-03-18,6489,311968,3581,154415,2397,152544,511,5009,3979,96744,2476,110076,4490,206820,Not in California
Outside California,2021-03-19,5612,317580,3110,157525,1968,154512,534,5543,3466,98598,2149,112225,4003,210823,Not in California
Outside California,2021-03-20,3642,321222,2457,159982,1107,155619,78,5621,2947,100933,690,112915,3025,213848,Not in California
Outside California,2021-03-21,1666,322888,1131,161113,448,156067,87,5708,1281,101920,382,113297,1369,215217,Not in California
Outside California,2021-03-22,2639,325527,1440,162553,1126,157193,73,5781,1737,102834,896,114193,1810,217027,Not in California
Outside California,2021-03-23,5462,330989,2629,165182,2571,159764,262,6043,3821,105288,1629,115822,4083,221110,Not in California
Outside California,2021-03-24,6261,337250,2939,168121,2909,162673,413,6456,4762,108967,1493,117315,5172,226282,Not in California
Outside California,2021-03-25,7157,344407,2968,171089,3709,166382,480,6936,5540,113380,1607,118922,6020,232302,Not in California
Outside California,2021-03-26,5950,350357,3084,174173,2699,169081,167,7103,4222,116052,1716,120638,4388,236690,Not in California
Outside California,2021-03-27,4186,354543,2470,176643,1676,170757,40,7143,2958,117827,1220,121858,2995,239685,Not in California
Outside California,2021-03-28,2507,357050,1248,177891,1185,171942,74,7217,1650,118700,851,122709,1724,241409,Not in California
Outside California,2021-03-29,4367,361417,1894,179785,2220,174162,253,7470,2706,120001,1659,124368,2960,244369,Not in California
Outside California,2021-03-30,5967,367384,2997,182782,2433,176595,537,8007,3711,122013,2245,126613,4257,248626,Not in California
Outside California,2021-03-31,5263,372647,2956,185738,1572,178167,735,8742,3126,123739,2134,128747,3860,252486,Not in California
Outside California,2021-04-01,6090,378737,3407,189145,2064,180231,619,9361,3614,125500,2471,131218,4232,256718,Not in California
Outside California,2021-04-02,7319,386056,3921,193066,2332,182563,1066,10427,3983,127219,3331,134549,5050,261768,Not in California
Outside California,2021-04-03,5694,391750,3337,196403,1207,183770,1150,11577,3004,128688,2685,137234,4154,265922,Not in California
Outside California,2021-04-04,1595,393345,809,197212,556,184326,230,11807,878,129079,717,137951,1108,267030,Not in California
Outside California,2021-04-05,3429,396774,1711,198923,1216,185542,502,12309,1659,129474,1767,139718,2162,269192,Not in California
Outside California,2021-04-06,5468,402242,2747,201670,1434,186976,1287,13596,2156,129616,3299,143017,3441,272633,Not in California
Outside California,2021-04-07,6370,408612,3295,204965,1515,188491,1560,15156,2486,129775,3877,146894,4036,276669,Not in California
Outside California,2021-04-08,6736,415348,3376,208341,1587,190078,1773,16929,2704,130221,4024,150918,4470,281139,Not in California
Outside California,2021-04-09,5593,420941,2818,211159,1162,191240,1613,18542,2100,130447,3490,154408,3716,284855,Not in California
Outside California,2021-04-10,5323,426264,2731,213890,796,192036,1796,20338,1486,129895,3833,158241,3281,288136,Not in California
Outside California,2021-04-11,2372,428636,1300,215190,448,192484,624,20962,818,129785,1553,159794,1443,289579,Not in California
Outside California,2021-04-12,3019,431655,1613,216803,976,193460,430,21392,1432,130065,1582,161376,1862,291441,Not in California
Outside California,2021-04-13,4880,436535,3001,219804,1850,195310,29,21421,2436,130093,2437,163813,2465,293906,Not in California
Outside California,2021-04-14,4876,441411,3113,222917,1761,197071,2,21423,2712,130650,2157,165970,2714,296620,Not in California
Outside California,2021-04-15,5358,446769,3239,226156,2114,199185,5,21428,3268,131849,2080,168050,3279,299899,Not in California
Outside California,2021-04-16,5784,452553,3514,229670,2263,201448,7,21435,3554,133190,2221,170271,3562,303461,Not in California
Outside California,2021-04-17,4757,457310,2902,232572,1854,203302,1,21436,2880,134199,1872,172143,2881,306342,Not in California
Outside California,2021-04-18,1906,459216,1044,233616,861,204163,1,21437,1120,134543,781,172924,1125,307467,Not in California
Outside California,2021-04-19,3860,463076,1750,235366,2109,206272,1,21438,2111,134922,1740,174664,2119,309586,Not in California
Outside California,2021-04-20,3594,466670,1461,236827,2133,208405,0,21438,1439,134257,2148,176812,1483,311069,Not in California
Unknown,2020-12-17,36,36,36,36,0,0,0,0,1,1,0,0,1,1,Not in California
Unknown,2020-12-18,61,97,61,97,0,0,0,0,11,12,0,0,11,12,Not in California
Unknown,2020-12-19,81,178,81,178,0,0,0,0,81,93,0,0,81,93,Not in California
Unknown,2020-12-20,24,202,24,202,0,0,0,0,24,117,0,0,24,117,Not in California
Unknown,2020-12-21,41,243,41,243,0,0,0,0,0,117,0,0,0,117,Not in California
Unknown,2020-12-22,3,246,3,246,0,0,0,0,3,120,0,0,3,120,Not in California
Unknown,2020-12-26,1,247,1,247,0,0,0,0,1,121,0,0,1,121,Not in California
Unknown,2020-12-28,4,251,4,251,0,0,0,0,5,126,0,0,5,126,Not in California
Unknown,2020-12-29,3,254,3,254,0,0,0,0,3,129,0,0,3,129,Not in California
Unknown,2020-12-30,58,312,55,309,3,3,0,0,56,185,0,0,56,185,Not in California
Unknown,2020-12-31,3,315,0,309,3,6,0,0,1,186,0,0,1,186,Not in California
Unknown,2021-01-02,1,316,0,309,1,7,0,0,1,187,0,0,1,187,Not in California
Unknown,2021-01-04,3,319,3,312,0,7,0,0,2,189,0,0,2,189,Not in California
Unknown,2021-01-05,2,321,0,312,2,9,0,0,2,191,0,0,2,191,Not in California
Unknown,2021-01-06,31,352,29,341,2,11,0,0,6,173,24,24,6,197,Not in California
Unknown,2021-01-07,109,461,106,447,3,14,0,0,71,206,38,62,71,268,Not in California
Unknown,2021-01-08,24,485,21,468,3,17,0,0,4,189,21,83,4,272,Not in California
Unknown,2021-01-09,3,488,2,470,1,18,0,0,4,193,0,83,4,276,Not in California
Unknown,2021-01-11,22,510,22,492,0,18,0,0,18,208,3,86,18,294,Not in California
Unknown,2021-01-12,9,519,7,499,2,20,0,0,8,216,1,87,9,303,Not in California
Unknown,2021-01-13,11,530,11,510,0,20,0,0,12,228,0,87,12,315,Not in California
Unknown,2021-01-14,4,534,3,513,1,21,0,0,4,232,0,87,4,319,Not in California
Unknown,2021-01-15,4,538,3,516,1,22,0,0,4,236,0,87,4,323,Not in California
Unknown,2021-01-16,7,545,7,523,0,22,0,0,6,241,1,88,6,329,Not in California
Unknown,2021-01-17,3,548,3,526,0,22,0,0,3,244,0,88,3,332,Not in California
Unknown,2021-01-18,56,604,56,582,0,22,0,0,54,296,2,90,54,386,Not in California
Unknown,2021-01-19,23,627,22,604,1,23,0,0,21,316,1,91,21,407,Not in California
Unknown,2021-01-20,79,706,79,683,0,23,0,0,27,291,52,143,27,434,Not in California
Unknown,2021-01-21,60,766,58,741,2,25,0,0,62,353,0,143,62,496,Not in California
Unknown,2021-01-22,41,807,35,776,6,31,0,0,40,393,0,143,40,536,Not in California
Unknown,2021-01-23,12,819,6,782,6,37,0,0,12,405,0,143,12,548,Not in California
Unknown,2021-01-24,2,821,2,784,0,37,0,0,3,408,0,143,3,551,Not in California
Unknown,2021-01-25,21,842,18,802,3,40,0,0,18,423,3,146,18,569,Not in California
Unknown,2021-01-26,99,941,95,897,4,44,0,0,102,525,0,146,102,671,Not in California
Unknown,2021-01-27,17,958,17,914,0,44,0,0,16,540,1,147,16,687,Not in California
Unknown,2021-01-28,153,1111,150,1064,3,47,0,0,98,579,59,206,98,785,Not in California
Unknown,2021-01-29,148,1259,147,1211,1,48,0,0,153,731,1,207,153,938,Not in California
Unknown,2021-01-30,10,1269,8,1219,2,50,0,0,13,743,1,208,13,951,Not in California
Unknown,2021-01-31,16,1285,16,1235,0,50,0,0,16,758,1,209,16,967,Not in California
Unknown,2021-02-01,36,1321,34,1269,2,52,0,0,21,762,17,226,21,988,Not in California
Unknown,2021-02-02,69,1390,67,1336,2,54,0,0,63,820,5,231,63,1051,Not in California
Unknown,2021-02-03,50,1440,47,1383,3,57,0,0,38,847,11,242,38,1089,Not in California
Unknown,2021-02-04,61,1501,56,1439,5,62,0,0,56,898,5,247,56,1145,Not in California
Unknown,2021-02-05,19,1520,12,1451,7,69,0,0,15,906,7,254,15,1160,Not in California
Unknown,2021-02-06,19,1539,14,1465,5,74,0,0,15,914,7,261,15,1175,Not in California
Unknown,2021-02-07,8,1547,8,1473,0,74,0,0,6,918,2,263,6,1181,Not in California
Unknown,2021-02-08,54,1601,51,1524,3,77,0,0,13,890,41,304,13,1194,Not in California
Unknown,2021-02-09,20,1621,19,1543,1,78,0,0,5,880,15,319,5,1199,Not in California
Unknown,2021-02-10,36,1657,31,1574,5,83,0,0,11,865,26,345,11,1210,Not in California
Unknown,2021-02-11,93,1750,92,1666,1,84,0,0,43,857,51,396,43,1253,Not in California
Unknown,2021-02-12,48,1798,38,1704,10,94,0,0,19,843,33,429,19,1272,Not in California
Unknown,2021-02-13,15,1813,3,1707,12,106,0,0,17,859,1,430,17,1289,Not in California
Unknown,2021-02-14,7,1820,1,1708,6,112,0,0,5,863,1,431,5,1294,Not in California
Unknown,2021-02-15,43,1863,37,1745,6,118,0,0,29,880,12,443,29,1323,Not in California
Unknown,2021-02-16,105,1968,96,1841,9,127,0,0,31,837,74,517,31,1354,Not in California
Unknown,2021-02-17,10,1978,8,1849,2,129,0,0,4,836,5,522,4,1358,Not in California
Unknown,2021-02-18,106,2084,101,1950,5,134,0,0,20,770,86,608,20,1378,Not in California
Unknown,2021-02-19,198,2282,192,2142,6,140,0,0,59,691,138,746,59,1437,Not in California
Unknown,2021-02-20,12,2294,5,2147,7,147,0,0,5,691,5,751,5,1442,Not in California
Unknown,2021-02-21,18,2312,18,2165,0,147,0,0,4,681,14,765,4,1446,Not in California
Unknown,2021-02-22,9,2321,9,2174,0,147,0,0,6,684,3,768,6,1452,Not in California
Unknown,2021-02-23,62,2383,50,2224,12,159,0,0,15,652,47,815,15,1467,Not in California
Unknown,2021-02-24,44,2427,36,2260,8,167,0,0,15,637,30,845,15,1482,Not in California
Unknown,2021-02-25,75,2502,59,2319,16,183,0,0,26,614,49,894,26,1508,Not in California
Unknown,2021-02-26,39,2541,23,2342,16,199,0,0,24,624,14,908,24,1532,Not in California
Unknown,2021-02-27,28,2569,13,2355,15,214,0,0,20,636,8,916,20,1552,Not in California
Unknown,2021-02-28,17,2586,13,2368,4,218,0,0,10,641,5,921,10,1562,Not in California
Unknown,2021-03-01,42,2628,25,2393,17,235,0,0,23,645,19,940,23,1585,Not in California
Unknown,2021-03-02,18,2646,6,2399,12,247,0,0,10,649,6,946,10,1595,Not in California
Unknown,2021-03-03,17,2663,10,2409,7,254,0,0,13,658,4,950,13,1608,Not in California
Unknown,2021-03-04,55,2718,51,2460,4,258,0,0,23,650,31,981,23,1631,Not in California
Unknown,2021-03-05,31,2749,13,2473,18,276,0,0,35,679,6,987,35,1666,Not in California
Unknown,2021-03-06,31,2780,10,2483,19,295,2,2,22,694,9,996,24,1690,Not in California
Unknown,2021-03-07,9,2789,1,2484,8,303,0,2,5,696,3,999,5,1695,Not in California
Unknown,2021-03-08,33,2822,23,2507,8,311,2,4,8,680,26,1025,10,1705,Not in California
Unknown,2021-03-09,39,2861,32,2539,3,314,4,8,10,664,30,1055,14,1719,Not in California
Unknown,2021-03-10,9,2870,6,2545,1,315,2,10,6,667,5,1060,8,1727,Not in California
Unknown,2021-03-11,40,2910,13,2558,11,326,16,26,15,675,23,1083,31,1758,Not in California
Unknown,2021-03-12,89,2999,56,2614,22,348,11,37,17,633,70,1153,28,1786,Not in California
Unknown,2021-03-13,27,3026,4,2618,17,365,6,43,8,628,19,1172,14,1800,Not in California
Unknown,2021-03-14,17,3043,9,2627,6,371,2,45,6,625,11,1183,8,1808,Not in California
Unknown,2021-03-15,29,3072,12,2639,15,386,2,47,20,634,13,1196,22,1830,Not in California
Unknown,2021-03-16,61,3133,21,2660,37,423,3,50,43,662,18,1214,46,1876,Not in California
Unknown,2021-03-17,49,3182,16,2676,32,455,1,51,49,707,5,1219,50,1926,Not in California
Unknown,2021-03-18,43,3225,20,2696,23,478,0,51,32,727,12,1231,32,1958,Not in California
Unknown,2021-03-19,27,3252,19,2715,8,486,0,51,24,743,8,1239,24,1982,Not in California
Unknown,2021-03-20,28,3280,13,2728,15,501,0,51,18,750,11,1250,18,2000,Not in California
Unknown,2021-03-21,21,3301,16,2744,5,506,0,51,18,765,3,1253,18,2018,Not in California
Unknown,2021-03-22,32,3333,17,2761,14,520,1,52,24,778,12,1265,25,2043,Not in California
Unknown,2021-03-23,24,3357,9,2770,10,530,5,57,17,789,11,1276,22,2065,Not in California
Unknown,2021-03-24,26,3383,8,2778,18,548,0,57,23,807,5,1281,23,2088,Not in California
Unknown,2021-03-25,45,3428,30,2808,15,563,0,57,33,827,13,1294,33,2121,Not in California
Unknown,2021-03-26,36,3464,17,2825,14,577,5,62,25,841,16,1310,30,2151,Not in California
Unknown,2021-03-27,37,3501,12,2837,25,602,0,62,20,841,20,1330,20,2171,Not in California
Unknown,2021-03-28,18,3519,8,2845,10,612,0,62,14,851,4,1334,14,2185,Not in California
Unknown,2021-03-29,34,3553,13,2858,20,632,1,63,23,863,12,1346,24,2209,Not in California
Unknown,2021-03-30,34,3587,19,2877,15,647,0,63,22,873,12,1358,22,2231,Not in California
Unknown,2021-03-31,37,3624,23,2900,14,661,0,63,27,890,10,1368,27,2258,Not in California
Unknown,2021-04-01,29,3653,14,2914,15,676,0,63,24,909,5,1373,24,2282,Not in California
Unknown,2021-04-02,64,3717,16,2930,38,714,10,73,30,915,34,1407,40,2322,Not in California
Unknown,2021-04-03,18,3735,9,2939,9,723,0,73,8,913,10,1417,8,2330,Not in California
Unknown,2021-04-04,16,3751,5,2944,11,734,0,73,10,918,5,1422,10,2340,Not in California
Unknown,2021-04-05,34,3785,20,2964,13,747,1,74,19,923,15,1437,20,2360,Not in California
Unknown,2021-04-06,35,3820,18,2982,16,763,1,75,17,923,18,1455,18,2378,Not in California
Unknown,2021-04-07,61,3881,46,3028,13,776,2,77,49,963,11,1466,51,2429,Not in California
Unknown,2021-04-08,55,3936,44,3072,7,783,4,81,34,980,21,1487,38,2467,Not in California
Unknown,2021-04-09,61,3997,40,3112,17,800,4,85,42,1007,19,1506,46,2513,Not in California
Unknown,2021-04-10,25,4022,24,3136,1,801,0,85,18,1018,7,1513,18,2531,Not in California
Unknown,2021-04-11,13,4035,9,3145,4,805,0,85,5,1015,8,1521,5,2536,Not in California
Unknown,2021-04-12,55,4090,37,3182,15,820,3,88,31,1025,24,1545,34,2570,Not in California
Unknown,2021-04-13,113,4203,67,3249,46,866,0,88,70,1052,43,1588,70,2640,Not in California
Unknown,2021-04-14,264,4467,121,3370,143,1009,0,88,235,1258,29,1617,235,2875,Not in California
Unknown,2021-04-15,237,4704,113,3483,124,1133,0,88,210,1441,27,1644,210,3085,Not in California
Unknown,2021-04-16,278,4982,117,3600,161,1294,0,88,248,1659,30,1674,248,3333,Not in California
Unknown,2021-04-17,285,5267,174,3774,111,1405,0,88,269,1912,16,1690,269,3602,Not in California
Unknown,2021-04-18,182,5449,88,3862,94,1499,0,88,169,2069,12,1702,169,3771,Not in California
Unknown,2021-04-19,322,5771,192,4054,130,1629,0,88,297,2343,24,1726,298,4069,Not in California
Unknown,2021-04-20,1,5772,1,4055,0,1629,0,88,1,2344,0,1726,1,4070,Not in California
Alameda,2020-12-15,36,36,36,36,0,0,0,0,36,36,0,0,36,36,California
Alameda,2020-12-16,202,238,202,238,0,0,0,0,202,238,0,0,202,238,California
Alameda,2020-12-17,396,634,396,634,0,0,0,0,396,634,0,0,396,634,California
Alameda,2020-12-18,1764,2398,1763,2397,1,1,0,0,1764,2398,0,0,1764,2398,California
Alameda,2020-12-19,1358,3756,1358,3755,0,1,0,0,1358,3756,0,0,1358,3756,California
Alameda,2020-12-20,1158,4914,1157,4912,1,2,0,0,1157,4912,1,1,1157,4913,California
Alameda,2020-12-21,1857,6771,1856,6768,1,3,0,0,1856,6768,0,1,1856,6769,California
Alameda,2020-12-22,2097,8868,2045,8813,52,55,0,0,2097,8865,0,1,2097,8866,California
Alameda,2020-12-23,1926,10794,1670,10483,256,311,0,0,1926,10791,0,1,1926,10792,California
Alameda,2020-12-24,1217,12011,757,11240,460,771,0,0,1217,12008,0,1,1217,12009,California
Alameda,2020-12-25,165,12176,128,11368,37,808,0,0,165,12173,0,1,165,12174,California
Alameda,2020-12-26,867,13043,323,11691,544,1352,0,0,867,13040,0,1,867,13041,California
Alameda,2020-12-27,501,13544,256,11947,245,1597,0,0,501,13541,0,1,501,13542,California
Alameda,2020-12-28,1883,15427,956,12903,927,2524,0,0,1883,15424,0,1,1883,15425,California
Alameda,2020-12-29,2424,17851,1020,13923,1404,3928,0,0,2423,17847,0,1,2423,17848,California
Alameda,2020-12-30,3121,20972,1358,15281,1763,5691,0,0,3123,20970,0,1,3123,20971,California
Alameda,2020-12-31,1785,22757,439,15720,1346,7037,0,0,1784,22753,1,2,1784,22755,California
Alameda,2021-01-01,171,22928,70,15790,101,7138,0,0,170,22922,1,3,170,22925,California
Alameda,2021-01-02,719,23647,521,16311,198,7336,0,0,718,23640,0,3,718,23643,California
Alameda,2021-01-03,341,23988,220,16531,121,7457,0,0,338,23975,3,6,338,23981,California
Alameda,2021-01-04,1649,25637,945,17476,704,8161,0,0,1637,25601,11,17,1637,25618,California
Alameda,2021-01-05,2200,27837,1265,18741,935,9096,0,0,1963,27330,234,251,1963,27581,California
Alameda,2021-01-06,3239,31076,1775,20516,1464,10560,0,0,2425,28946,811,1062,2427,30008,California
Alameda,2021-01-07,3770,34846,2113,22629,1657,12217,0,0,2683,30555,1078,2140,2687,32695,California
Alameda,2021-01-08,4723,39569,2694,25323,2029,14246,0,0,3103,32047,1615,3755,3107,35802,California
Alameda,2021-01-09,2032,41601,1389,26712,643,14889,0,0,1170,32355,862,4617,1170,36972,California
Alameda,2021-01-10,1059,42660,841,27553,218,15107,0,0,423,32141,637,5254,423,37395,California
Alameda,2021-01-11,4624,47284,3497,31050,1127,16234,0,0,2839,33201,1785,7039,2845,40240,California
Alameda,2021-01-12,4820,52104,3243,34293,1577,17811,0,0,3430,35245,1389,8428,3433,43673,California
Alameda,2021-01-13,5021,57125,2652,36945,2369,20180,0,0,3843,37915,1174,9602,3844,47517,California
Alameda,2021-01-14,5603,62728,2740,39685,2863,23043,0,0,4716,41756,878,10480,4719,52236,California
Alameda,2021-01-15,5817,68545,2308,41993,3509,26552,0,0,5053,46055,757,11237,5056,57292,California
Alameda,2021-01-16,3007,71552,1411,43404,1596,28148,0,0,2737,48523,270,11507,2738,60030,California
Alameda,2021-01-17,1864,73416,1080,44484,784,28932,0,0,1659,49979,204,11711,1660,61690,California
Alameda,2021-01-18,3187,76603,2048,46532,1139,30071,0,0,2593,51987,590,12301,2598,64288,California
Alameda,2021-01-19,5517,82120,3330,49862,2187,32258,0,0,4330,55134,1185,13486,4332,68620,California
Alameda,2021-01-20,6688,88808,4024,53886,2664,34922,0,0,5395,59252,1281,14767,5399,74019,California
Alameda,2021-01-21,7739,96547,3384,57270,4355,39277,0,0,6912,65346,821,15588,6915,80934,California
Alameda,2021-01-22,6836,103383,2034,59304,4802,44079,0,0,5698,69915,1131,16719,5700,86634,California
Alameda,2021-01-23,3278,106661,942,60246,2336,46415,0,0,2726,72091,552,17271,2728,89362,California
Alameda,2021-01-24,2048,108709,654,60900,1394,47809,0,0,1772,73591,272,17543,1772,91134,California
Alameda,2021-01-25,5212,113921,1985,62885,3227,51036,0,0,3629,75645,1575,19118,3629,94763,California
Alameda,2021-01-26,7228,121149,2271,65156,4957,55993,0,0,5373,79171,1848,20966,5374,100137,California
Alameda,2021-01-27,6669,127818,2077,67233,4592,60585,0,0,4826,82167,1832,22798,4828,104965,California
Alameda,2021-01-28,7862,135680,2538,69771,5324,65909,0,0,5627,85576,2220,25018,5629,110594,California
Alameda,2021-01-29,7898,143578,3172,72943,4726,70635,0,0,6076,89841,1812,26830,6077,116671,California
Alameda,2021-01-30,3407,146985,1664,74607,1743,72378,0,0,2706,91851,696,27526,2706,119377,California
Alameda,2021-01-31,1900,148885,961,75568,939,73317,0,0,1658,93269,240,27766,1658,121035,California
Alameda,2021-02-01,5951,154836,3350,78918,2601,75918,0,0,4317,95959,1628,29394,4318,125353,California
Alameda,2021-02-02,7444,162280,4238,83156,3206,79124,0,0,4658,97842,2775,32169,4658,130011,California
Alameda,2021-02-03,7075,169355,3727,86883,3348,82472,0,0,4406,99590,2663,34832,4411,134422,California
Alameda,2021-02-04,9490,178845,4128,91011,5362,87834,0,0,6440,103002,3033,37865,6445,140867,California
Alameda,2021-02-05,10318,189163,5385,96396,4933,92767,0,0,6455,105606,3857,41722,6461,147328,California
Alameda,2021-02-06,6994,196157,4436,100832,2558,95325,0,0,5876,110364,1118,42840,5876,153204,California
Alameda,2021-02-07,3582,199739,2894,103726,688,96013,0,0,2644,112074,935,43775,2645,155849,California
Alameda,2021-02-08,8080,207819,5777,109503,2303,98316,0,0,5539,115084,2531,46306,5541,161390,California
Alameda,2021-02-09,9693,217512,5853,115356,3840,102156,0,0,6046,117491,3641,49947,6048,167438,California
Alameda,2021-02-10,11440,228952,6764,122120,4676,106832,0,0,6630,119335,4793,54740,6637,174075,California
Alameda,2021-02-11,13825,242777,7901,130021,5924,112756,0,0,8362,122255,5445,60185,8365,182440,California
Alameda,2021-02-12,12499,255276,5687,135708,6812,119568,0,0,7741,125256,4743,64928,7744,190184,California
Alameda,2021-02-13,7799,263075,4062,139770,3737,123305,0,0,5843,129149,1952,66880,5845,196029,California
Alameda,2021-02-14,4024,267099,2534,142304,1490,124795,0,0,2868,130866,1153,68033,2870,198899,California
Alameda,2021-02-15,5701,272800,3221,145525,2480,127275,0,0,3695,132560,2004,70037,3698,202597,California
Alameda,2021-02-16,12512,285312,6946,152471,5566,132841,0,0,9315,138692,3188,73225,9320,211917,California
Alameda,2021-02-17,14093,299405,8346,160817,5747,138588,0,0,10480,145579,3595,76820,10482,222399,California
Alameda,2021-02-18,15838,315243,10051,170868,5787,144375,0,0,11501,152753,4333,81153,11507,233906,California
Alameda,2021-02-19,17619,332862,11425,182293,6194,150569,0,0,11685,158529,5912,87065,11688,245594,California
Alameda,2021-02-20,11851,344713,9603,191896,2248,152817,0,0,9143,164972,2705,89770,9148,254742,California
Alameda,2021-02-21,6175,350888,5248,197144,927,153744,0,0,3725,166256,2441,92211,3725,258467,California
Alameda,2021-02-22,10688,361576,7913,205057,2775,156519,0,0,6736,169063,3939,96150,6746,265213,California
Alameda,2021-02-23,12691,374267,7709,212766,4982,161501,0,0,7903,172193,4779,100929,7909,273122,California
Alameda,2021-02-24,14638,388905,8197,220963,6441,167942,0,0,9492,176604,5086,106015,9497,282619,California
Alameda,2021-02-25,15590,404495,9118,230081,6472,174414,0,0,9933,180918,5625,111640,9939,292558,California
Alameda,2021-02-26,18071,422566,10624,240705,7447,181861,0,0,11697,186286,6333,117973,11701,304259,California
Alameda,2021-02-27,14683,437249,10797,251502,3884,185745,2,2,9094,189818,5567,123540,9099,313358,California
Alameda,2021-02-28,9132,446381,7699,259201,1433,187178,0,2,6066,192838,3047,126587,6067,319425,California
Alameda,2021-03-01,13201,459582,9170,268371,4028,191206,3,5,8192,196071,4968,131555,8201,327626,California
Alameda,2021-03-02,13730,473312,9552,277923,4178,195384,0,5,8835,200037,4876,136431,8842,336468,California
Alameda,2021-03-03,15251,488563,9879,287802,5371,200755,1,6,10386,205587,4839,141270,10389,346857,California
Alameda,2021-03-04,17256,505819,11019,298821,6236,206991,1,7,10869,210106,6351,147621,10870,357727,California
Alameda,2021-03-05,15834,521653,10229,309050,5597,212588,8,15,10627,215580,5167,152788,10641,368368,California
Alameda,2021-03-06,14206,535859,9947,318997,4000,216588,259,274,9334,220346,4829,157617,9595,377963,California
Alameda,2021-03-07,9282,545141,8072,327069,1129,217717,81,355,6565,224302,2692,160309,6648,384611,California
Alameda,2021-03-08,11587,556728,7141,334210,4078,221795,368,723,8642,230415,2895,163204,9008,393619,California
Alameda,2021-03-09,11315,568043,6978,341188,3909,225704,428,1151,6271,232104,5013,168217,6702,400321,California
Alameda,2021-03-10,16628,584671,11300,352488,4775,230479,553,1704,7535,231121,9069,177286,8086,408407,California
Alameda,2021-03-11,19725,604396,11532,364020,6492,236971,1701,3405,6759,226639,12940,190226,8458,416865,California
Alameda,2021-03-12,21068,625464,12275,376295,7148,244119,1645,5050,7436,222105,13610,203836,9076,425941,California
Alameda,2021-03-13,15815,641279,10094,386389,4747,248866,974,6024,5107,217508,10675,214511,6078,432019,California
Alameda,2021-03-14,10681,651960,7802,394191,2094,250960,785,6809,4664,216951,6001,220512,5444,437463,California
Alameda,2021-03-15,14280,666240,9314,403505,4450,255410,516,7325,6349,215910,7903,228415,6862,444325,California
Alameda,2021-03-16,17115,683355,11079,414584,5509,260919,527,7852,7549,214469,9518,237933,8077,452402,California
Alameda,2021-03-17,17304,700659,9749,424333,6863,267782,692,8544,8133,214153,9139,247072,8823,461225,California
Alameda,2021-03-18,18990,719649,10301,434634,7813,275595,876,9420,8728,213523,10235,257307,9605,470830,California
Alameda,2021-03-19,19052,738701,10307,444941,6957,282552,1788,11208,7624,211547,11383,268690,9407,480237,California
Alameda,2021-03-20,15562,754263,10170,455111,4574,287126,818,12026,6509,209844,9027,277717,7324,487561,California
Alameda,2021-03-21,9024,763287,7085,462196,1410,288536,529,12555,3756,208871,5259,282976,4286,491847,California
Alameda,2021-03-22,14838,778125,9984,472180,3875,292411,979,13534,7163,209352,7658,290634,8139,499986,California
Alameda,2021-03-23,19020,797145,11456,483636,6771,299182,793,14327,10684,212538,8296,298930,11482,511468,California
Alameda,2021-03-24,18906,816051,11374,495010,6543,305725,989,15316,8574,211818,10276,309206,9556,521024,California
Alameda,2021-03-25,20221,836272,11143,506153,7704,313429,1374,16690,9502,212026,10658,319864,10866,531890,California
Alameda,2021-03-26,20589,856861,12331,518484,6729,320158,1529,18219,8809,210618,11737,331601,10329,542219,California
Alameda,2021-03-27,18112,874973,12294,530778,4861,325019,957,19176,7804,209100,10262,341863,8744,550963,California
Alameda,2021-03-28,10416,885389,8437,539215,1777,326796,202,19378,3834,206570,6572,348435,4042,555005,California
Alameda,2021-03-29,14535,899924,9255,548470,4287,331083,993,20371,6255,205565,8253,356688,7248,562253,California
Alameda,2021-03-30,18365,918289,9642,558112,7037,338120,1686,22057,10796,210501,7543,364231,12479,574732,California
Alameda,2021-03-31,19124,937413,10046,568158,7025,345145,2053,24110,9526,212504,9574,373805,11577,586309,California
Alameda,2021-04-01,22909,960322,9910,578068,7532,352677,5467,29577,10921,216927,11961,385766,16384,602693,California
Alameda,2021-04-02,23661,983983,9790,587858,8206,360883,5665,35242,11472,221894,12161,397927,17128,619821,California
Alameda,2021-04-03,20000,1003983,9695,597553,5640,366523,4665,39907,10241,227058,9744,407671,14908,634729,California
Alameda,2021-04-04,9653,1013636,3894,601447,2276,368799,3483,43390,3453,227800,6191,413862,6933,641662,California
Alameda,2021-04-05,17614,1031250,7387,608834,5497,374296,4730,48120,7164,229260,10433,424295,11893,653555,California
Alameda,2021-04-06,21983,1053233,10553,619387,5640,379936,5790,53910,9975,233045,11975,436270,15760,669315,California
Alameda,2021-04-07,22295,1075528,11421,630808,5452,385388,5422,59332,11282,238773,10972,447242,16700,686015,California
Alameda,2021-04-08,25152,1100680,11428,642236,5813,391201,7911,67243,10726,243052,14359,461601,18638,704653,California
Alameda,2021-04-09,22113,1122793,10158,652394,7422,398623,4533,71776,11766,249038,10322,471923,16308,720961,California
Alameda,2021-04-10,18732,1141525,7362,659756,5569,404192,5801,77577,8114,252347,10600,482523,13909,734870,California
Alameda,2021-04-11,10934,1152459,4739,664495,2261,406453,3934,81511,4449,254252,6472,488995,8377,743247,California
Alameda,2021-04-12,16724,1169183,10709,675204,4215,410668,1800,83311,9236,257823,7462,496457,11033,754280,California
Alameda,2021-04-13,22360,1191543,14192,689396,8115,418783,53,83364,16534,268637,5782,502239,16596,770876,California
Alameda,2021-04-14,21349,1212892,13730,703126,7617,426400,2,83366,14408,276139,6910,509149,14412,785288,California
Alameda,2021-04-15,21953,1234845,13966,717092,7984,434384,3,83369,14640,283532,7270,516419,14663,799951,California
Alameda,2021-04-16,24021,1258866,14197,731289,9820,444204,4,83373,15658,290888,8317,524736,15673,815624,California
Alameda,2021-04-17,20415,1279281,14094,745383,6321,450525,0,83373,14175,298860,6214,530950,14186,829810,California
Alameda,2021-04-18,9856,1289137,7503,752886,2353,452878,0,83373,6882,302795,2952,533902,6887,836697,California
Alameda,2021-04-19,14374,1303511,8714,761600,5660,458538,0,83373,8133,304719,6220,540122,8144,844841,California
Alameda,2021-04-20,9796,1313307,5046,766646,4749,463287,1,83374,5194,305412,4577,544699,5270,850111,California
Alpine,2020-12-18,2,2,2,2,0,0,0,0,2,2,0,0,2,2,California
Alpine,2020-12-19,2,4,2,4,0,0,0,0,2,4,0,0,2,4,California
Alpine,2020-12-21,2,6,2,6,0,0,0,0,2,6,0,0,2,6,California
Alpine,2020-12-30,15,21,0,6,15,15,0,0,15,21,0,0,15,21,California
Alpine,2020-12-31,1,22,0,6,1,16,0,0,1,22,0,0,1,22,California
Alpine,2021-01-01,1,23,0,6,1,17,0,0,1,23,0,0,1,23,California
Alpine,2021-01-02,1,24,1,7,0,17,0,0,1,24,0,0,1,24,California
Alpine,2021-01-04,10,34,0,7,10,27,0,0,10,34,0,0,10,34,California
Alpine,2021-01-05,9,43,1,8,8,35,0,0,9,43,0,0,9,43,California
Alpine,2021-01-06,31,74,0,8,31,66,0,0,31,74,0,0,31,74,California
Alpine,2021-01-07,8,82,0,8,8,74,0,0,8,82,0,0,8,82,California
Alpine,2021-01-08,4,86,2,10,2,76,0,0,2,82,2,2,2,84,California
Alpine,2021-01-09,2,88,2,12,0,76,0,0,0,80,2,4,0,84,California
Alpine,2021-01-11,32,120,1,13,31,107,0,0,31,110,1,5,31,115,California
Alpine,2021-01-13,35,155,0,13,35,142,0,0,35,145,0,5,35,150,California
Alpine,2021-01-14,2,157,0,13,2,144,0,0,2,147,0,5,2,152,California
Alpine,2021-01-15,1,158,0,13,1,145,0,0,1,148,0,5,1,153,California
Alpine,2021-01-20,21,179,0,13,21,166,0,0,21,169,0,5,21,174,California
Alpine,2021-01-21,1,180,0,13,1,167,0,0,1,170,0,5,1,175,California
Alpine,2021-01-22,32,212,0,13,32,199,0,0,32,202,0,5,32,207,California
Alpine,2021-01-23,1,213,1,14,0,199,0,0,0,201,1,6,0,207,California
Alpine,2021-01-25,16,229,0,14,16,215,0,0,16,217,0,6,16,223,California
Alpine,2021-01-27,1,230,1,15,0,215,0,0,0,216,1,7,0,223,California
Alpine,2021-01-28,12,242,0,15,12,227,0,0,11,226,1,8,11,234,California
Alpine,2021-01-29,1,243,0,15,1,228,0,0,1,227,0,8,1,235,California
Alpine,2021-02-01,26,269,0,15,26,254,0,0,7,215,19,27,7,242,California
Alpine,2021-02-03,34,303,0,15,34,288,0,0,10,201,24,51,10,252,California
Alpine,2021-02-04,9,312,0,15,9,297,0,0,4,200,5,56,4,256,California
Alpine,2021-02-05,31,343,0,15,31,328,0,0,12,193,19,75,12,268,California
Alpine,2021-02-06,1,344,1,16,0,328,0,0,1,194,0,75,1,269,California
Alpine,2021-02-07,1,345,1,17,0,328,0,0,1,195,0,75,1,270,California
Alpine,2021-02-08,32,377,0,17,32,360,0,0,4,171,28,103,4,274,California
Alpine,2021-02-10,34,411,0,17,34,394,0,0,0,137,34,137,0,274,California
Alpine,2021-02-11,6,417,0,17,6,400,0,0,3,137,3,140,3,277,California
Alpine,2021-02-12,1,418,0,17,1,401,0,0,0,136,1,141,0,277,California
Alpine,2021-02-17,23,441,0,17,23,424,0,0,3,119,20,161,3,280,California
Alpine,2021-02-18,2,443,0,17,2,426,0,0,1,119,1,162,1,281,California
Alpine,2021-02-19,34,477,1,18,33,459,0,0,2,89,32,194,2,283,California
Alpine,2021-02-22,28,505,0,18,28,487,0,0,9,79,19,213,9,292,California
Alpine,2021-02-24,1,506,1,19,0,487,0,0,1,80,0,213,1,293,California
Alpine,2021-02-25,17,523,1,20,16,503,0,0,6,75,11,224,6,299,California
Alpine,2021-02-26,29,552,1,21,28,531,0,0,28,102,1,225,28,327,California
Alpine,2021-02-27,1,553,0,21,1,532,0,0,1,103,0,225,1,328,California
Alpine,2021-03-01,35,588,0,21,35,567,0,0,25,118,10,235,25,353,California
Alpine,2021-03-02,1,589,1,22,0,567,0,0,0,117,1,236,0,353,California
Alpine,2021-03-03,30,619,1,23,29,596,0,0,18,123,12,248,18,371,California
Alpine,2021-03-04,13,632,1,24,12,608,0,0,12,134,1,249,12,383,California
Alpine,2021-03-05,30,662,0,24,30,638,0,0,22,148,8,257,22,405,California
Alpine,2021-03-08,32,694,0,24,32,670,0,0,30,176,2,259,30,435,California
Alpine,2021-03-10,76,770,0,24,76,746,0,0,76,252,0,259,76,511,California
Alpine,2021-03-11,36,806,0,24,36,782,0,0,32,280,4,263,32,543,California
Alpine,2021-03-12,20,826,0,24,20,802,0,0,18,296,2,265,18,561,California
Alpine,2021-03-15,21,847,1,25,20,822,0,0,20,315,1,266,20,581,California
Alpine,2021-03-17,22,869,0,25,21,843,1,1,18,330,4,270,19,600,California
Alpine,2021-03-18,40,909,3,28,37,880,0,1,37,364,3,273,37,637,California
Alpine,2021-03-19,2,911,1,29,1,881,0,1,1,364,1,274,1,638,California
Alpine,2021-03-22,25,936,0,29,25,906,0,1,15,369,10,284,15,653,California
Alpine,2021-03-24,19,955,0,29,19,925,0,1,9,368,10,294,9,662,California
Alpine,2021-03-25,38,993,1,30,36,961,1,2,31,393,7,301,32,694,California
Alpine,2021-03-27,1,994,0,30,1,962,0,2,0,392,1,302,0,694,California
Alpine,2021-03-28,1,995,1,31,0,962,0,2,1,393,0,302,1,695,California
Alpine,2021-03-29,20,1015,0,31,19,981,1,3,3,380,17,319,4,699,California
Alpine,2021-04-01,18,1033,0,31,18,999,0,3,8,378,10,329,8,707,California
Alpine,2021-04-02,101,1134,1,32,100,1099,0,3,47,372,53,382,47,754,California
Alpine,2021-04-05,4,1138,1,33,3,1102,0,3,0,368,4,386,0,754,California
Alpine,2021-04-06,3,1141,2,35,1,1103,0,3,2,369,1,387,2,756,California
Alpine,2021-04-07,120,1261,0,35,119,1222,1,4,29,309,90,477,30,786,California
Alpine,2021-04-08,44,1305,0,35,42,1264,2,6,15,297,29,506,17,803,California
Alpine,2021-04-09,1,1306,0,35,1,1265,0,6,1,298,0,506,1,804,California
Alpine,2021-04-14,47,1353,0,35,47,1312,0,6,10,271,37,543,10,814,California
Alpine,2021-04-15,44,1397,0,35,44,1356,0,6,10,247,34,577,10,824,California
Alpine,2021-04-19,1,1398,0,35,1,1357,0,6,1,248,0,577,1,825,California
Amador,2020-12-16,2,2,2,2,0,0,0,0,2,2,0,0,2,2,California
Amador,2020-12-17,5,7,5,7,0,0,0,0,5,7,0,0,5,7,California
Amador,2020-12-18,45,52,45,52,0,0,0,0,45,52,0,0,45,52,California
Amador,2020-12-19,17,69,17,69,0,0,0,0,17,69,0,0,17,69,California
Amador,2020-12-20,4,73,4,73,0,0,0,0,4,73,0,0,4,73,California
Amador,2020-12-21,32,105,32,105,0,0,0,0,32,105,0,0,32,105,California
Amador,2020-12-22,35,140,34,139,1,1,0,0,35,140,0,0,35,140,California
Amador,2020-12-23,39,179,38,177,1,2,0,0,39,179,0,0,39,179,California
Amador,2020-12-24,5,184,3,180,2,4,0,0,5,184,0,0,5,184,California
Amador,2020-12-26,5,189,4,184,1,5,0,0,5,189,0,0,5,189,California
Amador,2020-12-27,1,190,0,184,1,6,0,0,1,190,0,0,1,190,California
Amador,2020-12-28,31,221,27,211,4,10,0,0,31,221,0,0,31,221,California
Amador,2020-12-29,26,247,19,230,7,17,0,0,26,247,0,0,26,247,California
Amador,2020-12-30,124,371,78,308,46,63,0,0,124,371,0,0,124,371,California
Amador,2020-12-31,192,563,167,475,25,88,0,0,192,563,0,0,192,563,California
Amador,2021-01-01,1,564,0,475,1,89,0,0,1,564,0,0,1,564,California
Amador,2021-01-02,56,620,56,531,0,89,0,0,56,620,0,0,56,620,California
Amador,2021-01-03,65,685,17,548,48,137,0,0,65,685,0,0,65,685,California
Amador,2021-01-04,124,809,1,549,123,260,0,0,124,809,0,0,124,809,California
Amador,2021-01-05,33,842,3,552,30,290,0,0,31,839,2,2,32,841,California
Amador,2021-01-06,40,882,10,562,30,320,0,0,36,871,4,6,36,877,California
Amador,2021-01-07,227,1109,68,630,159,479,0,0,215,1074,12,18,215,1092,California
Amador,2021-01-08,84,1193,70,700,14,493,0,0,40,1071,44,62,41,1133,California
Amador,2021-01-09,11,1204,11,711,0,493,0,0,2,1064,9,71,2,1135,California
Amador,2021-01-10,7,1211,5,716,2,495,0,0,3,1063,4,75,3,1138,California
Amador,2021-01-11,125,1336,45,761,80,575,0,0,89,1116,36,111,89,1227,California
Amador,2021-01-12,64,1400,49,810,15,590,0,0,40,1132,24,135,40,1267,California
Amador,2021-01-13,38,1438,23,833,15,605,0,0,26,1146,12,147,26,1293,California
Amador,2021-01-14,146,1584,20,853,126,731,0,0,136,1272,10,157,136,1429,California
Amador,2021-01-15,54,1638,23,876,31,762,0,0,47,1312,7,164,47,1476,California
Amador,2021-01-16,19,1657,12,888,7,769,0,0,13,1320,6,170,14,1490,California
Amador,2021-01-17,25,1682,5,893,20,789,0,0,25,1345,0,170,25,1515,California
Amador,2021-01-18,31,1713,27,920,4,793,0,0,9,1332,22,192,9,1524,California
Amador,2021-01-19,119,1832,96,1016,23,816,0,0,75,1363,44,236,75,1599,California
Amador,2021-01-20,182,2014,33,1049,149,965,0,0,166,1514,15,251,166,1765,California
Amador,2021-01-21,253,2267,222,1271,31,996,0,0,144,1550,109,360,145,1910,California
Amador,2021-01-22,133,2400,72,1343,61,1057,0,0,126,1669,7,367,126,2036,California
Amador,2021-01-23,52,2452,32,1375,20,1077,0,0,50,1717,2,369,50,2086,California
Amador,2021-01-24,28,2480,12,1387,16,1093,0,0,25,1739,3,372,25,2111,California
Amador,2021-01-25,58,2538,28,1415,30,1123,0,0,41,1763,17,389,41,2152,California
Amador,2021-01-26,243,2781,16,1431,227,1350,0,0,233,1986,10,399,233,2385,California
Amador,2021-01-27,296,3077,30,1461,266,1616,0,0,249,2191,45,444,250,2635,California
Amador,2021-01-28,345,3422,76,1537,269,1885,0,0,284,2415,61,505,285,2920,California
Amador,2021-01-29,95,3517,30,1567,65,1950,0,0,80,2480,15,520,80,3000,California
Amador,2021-01-30,167,3684,33,1600,134,2084,0,0,162,2637,5,525,162,3162,California
Amador,2021-01-31,32,3716,28,1628,4,2088,0,0,31,2667,1,526,31,3193,California
Amador,2021-02-01,63,3779,23,1651,40,2128,0,0,36,2676,27,553,36,3229,California
Amador,2021-02-02,214,3993,65,1716,149,2277,0,0,127,2719,84,637,127,3356,California
Amador,2021-02-03,141,4134,38,1754,103,2380,0,0,90,2759,50,687,90,3446,California
Amador,2021-02-04,247,4381,71,1825,176,2556,0,0,162,2838,85,772,164,3610,California
Amador,2021-02-05,330,4711,62,1887,268,2824,0,0,315,3138,15,787,315,3925,California
Amador,2021-02-06,99,4810,80,1967,19,2843,0,0,95,3229,4,791,95,4020,California
Amador,2021-02-07,38,4848,35,2002,3,2846,0,0,35,3261,3,794,35,4055,California
Amador,2021-02-08,90,4938,62,2064,28,2874,0,0,73,3317,17,811,73,4128,California
Amador,2021-02-09,172,5110,82,2146,90,2964,0,0,108,3361,64,875,108,4236,California
Amador,2021-02-10,713,5823,78,2224,635,3599,0,0,680,4008,33,908,680,4916,California
Amador,2021-02-11,305,6128,118,2342,187,3786,0,0,200,4104,104,1012,200,5116,California
Amador,2021-02-12,324,6452,118,2460,206,3992,0,0,253,4286,71,1083,253,5369,California
Amador,2021-02-13,165,6617,81,2541,84,4076,0,0,139,4399,26,1109,139,5508,California
Amador,2021-02-14,123,6740,54,2595,69,4145,0,0,106,4488,17,1126,106,5614,California
Amador,2021-02-15,186,6926,59,2654,127,4272,0,0,169,4641,16,1142,169,5783,California
Amador,2021-02-16,407,7333,51,2705,356,4628,0,0,370,4975,37,1179,371,6154,California
Amador,2021-02-17,258,7591,80,2785,178,4806,0,0,163,5043,95,1274,163,6317,California
Amador,2021-02-18,398,7989,98,2883,300,5106,0,0,336,5318,62,1336,337,6654,California
Amador,2021-02-19,191,8180,76,2959,115,5221,0,0,110,5347,81,1417,110,6764,California
Amador,2021-02-20,90,8270,29,2988,61,5282,0,0,63,5383,27,1444,63,6827,California
Amador,2021-02-21,45,8315,34,3022,11,5293,0,0,15,5368,30,1474,15,6842,California
Amador,2021-02-22,63,8378,24,3046,39,5332,0,0,32,5370,30,1504,32,6874,California
Amador,2021-02-23,317,8695,55,3101,262,5594,0,0,138,5330,179,1683,139,7013,California
Amador,2021-02-24,396,9091,56,3157,340,5934,0,0,267,5472,125,1808,267,7280,California
Amador,2021-02-25,518,9609,112,3269,406,6340,0,0,281,5517,236,2044,281,7561,California
Amador,2021-02-26,610,10219,76,3345,534,6874,0,0,505,5918,105,2149,506,8067,California
Amador,2021-02-27,287,10506,91,3436,196,7070,0,0,99,5832,187,2336,101,8168,California
Amador,2021-02-28,101,10607,52,3488,49,7119,0,0,55,5844,46,2382,58,8226,California
Amador,2021-03-01,193,10800,66,3554,127,7246,0,0,124,5900,69,2451,125,8351,California
Amador,2021-03-02,386,11186,62,3616,324,7570,0,0,336,6187,50,2501,337,8688,California
Amador,2021-03-03,245,11431,78,3694,167,7737,0,0,170,6284,74,2575,171,8859,California
Amador,2021-03-04,498,11929,116,3810,382,8119,0,0,396,6578,102,2677,396,9255,California
Amador,2021-03-05,517,12446,76,3886,441,8560,0,0,299,6662,217,2894,301,9556,California
Amador,2021-03-06,100,12546,45,3931,54,8614,1,1,55,6673,45,2939,56,9612,California
Amador,2021-03-07,62,12608,42,3973,20,8634,0,1,19,6649,43,2982,19,9631,California
Amador,2021-03-08,155,12763,71,4044,83,8717,1,2,94,6683,61,3043,95,9726,California
Amador,2021-03-09,372,13135,47,4091,325,9042,0,2,313,6940,56,3099,313,10039,California
Amador,2021-03-10,510,13645,73,4164,436,9478,1,3,246,6925,264,3363,249,10288,California
Amador,2021-03-11,474,14119,113,4277,350,9828,11,14,329,7124,144,3507,343,10631,California
Amador,2021-03-12,570,14689,65,4342,497,10325,8,22,356,7280,213,3720,369,11000,California
Amador,2021-03-13,113,14802,17,4359,89,10414,7,29,75,7328,38,3758,86,11086,California
Amador,2021-03-14,89,14891,19,4378,67,10481,3,32,21,7284,68,3826,24,11110,California
Amador,2021-03-15,188,15079,24,4402,151,10632,13,45,58,7227,130,3956,73,11183,California
Amador,2021-03-16,456,15535,54,4456,392,11024,10,55,192,7167,262,4218,202,11385,California
Amador,2021-03-17,194,15729,40,4496,151,11175,3,58,122,7221,72,4290,126,11511,California
Amador,2021-03-18,476,16205,97,4593,375,11550,4,62,252,7256,224,4514,259,11770,California
Amador,2021-03-19,546,16751,57,4650,472,12022,17,79,398,7528,146,4660,418,12188,California
Amador,2021-03-20,109,16860,46,4696,62,12084,1,80,46,7515,62,4722,49,12237,California
Amador,2021-03-21,50,16910,36,4732,13,12097,1,81,33,7535,16,4738,36,12273,California
Amador,2021-03-22,115,17025,33,4765,53,12150,29,110,50,7549,65,4803,79,12352,California
Amador,2021-03-23,440,17465,48,4813,384,12534,8,118,283,7685,155,4958,291,12643,California
Amador,2021-03-24,346,17811,34,4847,59,12593,253,371,37,7667,308,5266,290,12933,California
Amador,2021-03-25,600,18411,81,4928,513,13106,6,377,391,7856,208,5474,397,13330,California
Amador,2021-03-26,743,19154,42,4970,696,13802,5,382,291,7706,449,5923,299,13629,California
Amador,2021-03-27,89,19243,14,4984,73,13875,2,384,27,7675,62,5985,31,13660,California
Amador,2021-03-28,68,19311,15,4999,51,13926,2,386,14,7638,54,6039,17,13677,California
Amador,2021-03-29,185,19496,27,5026,157,14083,1,387,82,7625,101,6140,88,13765,California
Amador,2021-03-30,537,20033,27,5053,509,14592,1,388,300,7690,236,6376,301,14066,California
Amador,2021-03-31,210,20243,58,5111,147,14739,5,393,48,7581,162,6538,53,14119,California
Amador,2021-04-01,615,20858,85,5196,530,15269,0,393,268,7506,345,6883,270,14389,California
Amador,2021-04-02,609,21467,33,5229,564,15833,12,405,384,7680,223,7106,397,14786,California
Amador,2021-04-03,83,21550,20,5249,43,15876,20,425,20,7658,63,7169,41,14827,California
Amador,2021-04-04,40,21590,4,5253,30,15906,6,431,16,7656,24,7193,22,14849,California
Amador,2021-04-05,142,21732,45,5298,79,15985,18,449,44,7622,97,7290,63,14912,California
Amador,2021-04-06,507,22239,37,5335,451,16436,19,468,225,7586,280,7570,244,15156,California
Amador,2021-04-07,107,22346,34,5369,54,16490,19,487,46,7592,59,7629,65,15221,California
Amador,2021-04-08,504,22850,84,5453,398,16888,22,509,227,7565,276,7905,249,15470,California
Amador,2021-04-09,483,23333,20,5473,445,17333,18,527,215,7529,267,8172,231,15701,California
Amador,2021-04-10,51,23384,14,5487,26,17359,11,538,22,7533,29,8201,33,15734,California
Amador,2021-04-11,48,23432,23,5510,21,17380,4,542,22,7533,26,8227,26,15760,California
Amador,2021-04-12,101,23533,27,5537,65,17445,9,551,43,7527,58,8285,52,15812,California
Amador,2021-04-13,351,23884,49,5586,302,17747,0,551,72,7321,278,8563,72,15884,California
Amador,2021-04-14,281,24165,24,5610,257,18004,0,551,179,7399,101,8664,179,16063,California
Amador,2021-04-15,333,24498,71,5681,262,18266,0,551,72,7217,255,8919,73,16136,California
Amador,2021-04-16,489,24987,32,5713,457,18723,0,551,391,7511,97,9016,391,16527,California
Amador,2021-04-17,62,25049,35,5748,27,18750,0,551,26,7501,36,9052,26,16553,California
Amador,2021-04-18,26,25075,5,5753,21,18771,0,551,9,7493,17,9069,9,16562,California
Amador,2021-04-19,55,25130,19,5772,36,18807,0,551,27,7495,27,9096,29,16591,California
Amador,2021-04-20,17,25147,6,5778,11,18818,0,551,10,7499,7,9103,11,16602,California
Butte,2020-12-16,3,3,3,3,0,0,0,0,3,3,0,0,3,3,California
Butte,2020-12-17,21,24,21,24,0,0,0,0,21,24,0,0,21,24,California
Butte,2020-12-18,50,74,50,74,0,0,0,0,50,74,0,0,50,74,California
Butte,2020-12-19,7,81,7,81,0,0,0,0,7,81,0,0,7,81,California
Butte,2020-12-20,10,91,10,91,0,0,0,0,10,91,0,0,10,91,California
Butte,2020-12-21,634,725,634,725,0,0,0,0,634,725,0,0,634,725,California
Butte,2020-12-22,618,1343,616,1341,2,2,0,0,618,1343,0,0,618,1343,California
Butte,2020-12-23,870,2213,854,2195,16,18,0,0,870,2213,0,0,870,2213,California
Butte,2020-12-24,159,2372,156,2351,3,21,0,0,159,2372,0,0,159,2372,California
Butte,2020-12-26,93,2465,91,2442,2,23,0,0,93,2465,0,0,93,2465,California
Butte,2020-12-27,35,2500,34,2476,1,24,0,0,35,2500,0,0,35,2500,California
Butte,2020-12-28,279,2779,273,2749,6,30,0,0,279,2779,0,0,279,2779,California
Butte,2020-12-29,204,2983,180,2929,24,54,0,0,204,2983,0,0,204,2983,California
Butte,2020-12-30,501,3484,290,3219,211,265,0,0,501,3484,0,0,501,3484,California
Butte,2020-12-31,211,3695,18,3237,193,458,0,0,211,3695,0,0,211,3695,California
Butte,2021-01-01,8,3703,1,3238,7,465,0,0,8,3703,0,0,8,3703,California
Butte,2021-01-02,40,3743,37,3275,3,468,0,0,40,3743,0,0,40,3743,California
Butte,2021-01-03,4,3747,1,3276,3,471,0,0,4,3747,0,0,4,3747,California
Butte,2021-01-04,208,3955,174,3450,34,505,0,0,208,3955,0,0,208,3955,California
Butte,2021-01-05,195,4150,151,3601,44,549,0,0,194,4148,1,1,194,4149,California
Butte,2021-01-06,622,4772,396,3997,226,775,0,0,617,4761,5,6,618,4767,California
Butte,2021-01-07,761,5533,369,4366,392,1167,0,0,741,5482,20,26,741,5508,California
Butte,2021-01-08,571,6104,529,4895,42,1209,0,0,525,5961,46,72,525,6033,California
Butte,2021-01-09,12,6116,7,4902,5,1214,0,0,7,5963,5,77,7,6040,California
Butte,2021-01-10,19,6135,5,4907,14,1228,0,0,14,5972,5,82,14,6054,California
Butte,2021-01-11,986,7121,950,5857,36,1264,0,0,357,5703,629,711,360,6414,California
Butte,2021-01-12,697,7818,652,6509,45,1309,0,0,274,5554,423,1134,274,6688,California
Butte,2021-01-13,1450,9268,955,7464,495,1804,0,0,615,5336,835,1969,617,7305,California
Butte,2021-01-14,1637,10905,896,8360,741,2545,0,0,1440,6580,196,2165,1440,8745,California
Butte,2021-01-15,1169,12074,925,9285,244,2789,0,0,1060,7530,110,2275,1060,9805,California
Butte,2021-01-16,586,12660,300,9585,286,3075,0,0,541,8026,45,2320,541,10346,California
Butte,2021-01-17,239,12899,64,9649,175,3250,0,0,202,8191,37,2357,202,10548,California
Butte,2021-01-18,342,13241,302,9951,40,3290,0,0,274,8398,67,2424,274,10822,California
Butte,2021-01-19,493,13734,429,10380,64,3354,0,0,220,8345,273,2697,220,11042,California
Butte,2021-01-20,1346,15080,665,11045,681,4035,0,0,1043,9085,303,3000,1043,12085,California
Butte,2021-01-21,1473,16553,865,11910,608,4643,0,0,1366,10345,106,3106,1366,13451,California
Butte,2021-01-22,994,17547,335,12245,659,5302,0,0,941,11233,53,3159,941,14392,California
Butte,2021-01-23,124,17671,82,12327,42,5344,0,0,99,11307,25,3184,99,14491,California
Butte,2021-01-24,9,17680,7,12334,2,5346,0,0,9,11316,0,3184,9,14500,California
Butte,2021-01-25,654,18334,336,12670,318,5664,0,0,491,11644,163,3347,491,14991,California
Butte,2021-01-26,1466,19800,377,13047,1089,6753,0,0,1329,12836,137,3484,1329,16320,California
Butte,2021-01-27,2081,21881,705,13752,1376,8129,0,0,1365,13486,715,4199,1365,17685,California
Butte,2021-01-28,2261,24142,260,14012,2001,10130,0,0,1951,15128,309,4508,1951,19636,California
Butte,2021-01-29,1676,25818,487,14499,1189,11319,0,0,1297,16047,378,4886,1297,20933,California
Butte,2021-01-30,31,25849,9,14508,22,11341,0,0,28,16072,3,4889,28,20961,California
Butte,2021-01-31,17,25866,15,14523,2,11343,0,0,16,16087,1,4890,16,20977,California
Butte,2021-02-01,1747,27613,406,14929,1341,12684,0,0,1359,17060,386,5276,1359,22336,California
Butte,2021-02-02,1931,29544,362,15291,1569,14253,0,0,1628,18384,304,5580,1628,23964,California
Butte,2021-02-03,2734,32278,772,16063,1962,16215,0,0,1845,19342,887,6467,1845,25809,California
Butte,2021-02-04,2959,35237,327,16390,2632,18847,0,0,2404,21193,553,7020,2404,28213,California
Butte,2021-02-05,1167,36404,662,17052,505,19352,0,0,537,21101,630,7650,538,28751,California
Butte,2021-02-06,143,36547,102,17154,41,19393,0,0,61,21080,82,7732,61,28812,California
Butte,2021-02-07,38,36585,34,17188,4,19397,0,0,14,21070,24,7756,14,28826,California
Butte,2021-02-08,689,37274,540,17728,149,19546,0,0,238,20857,451,8207,238,29064,California
Butte,2021-02-09,951,38225,457,18185,494,20040,0,0,724,21354,227,8434,724,29788,California
Butte,2021-02-10,1708,39933,1190,19375,518,20558,0,0,698,21044,1008,9442,698,30486,California
Butte,2021-02-11,2198,42131,1348,20723,850,21408,0,0,1004,20854,1194,10636,1004,31490,California
Butte,2021-02-12,866,42997,301,21024,565,21973,0,0,317,20623,548,11184,317,31807,California
Butte,2021-02-13,254,43251,45,21069,209,22182,0,0,151,20671,103,11287,151,31958,California
Butte,2021-02-14,160,43411,9,21078,151,22333,0,0,155,20821,5,11292,155,32113,California
Butte,2021-02-15,261,43672,48,21126,213,22546,0,0,198,20956,63,11355,198,32311,California
Butte,2021-02-16,729,44401,428,21554,301,22847,0,0,273,20772,457,11812,273,32584,California
Butte,2021-02-17,1512,45913,846,22400,666,23513,0,0,840,20942,670,12482,840,33424,California
Butte,2021-02-18,1549,47462,758,23158,791,24304,0,0,744,20881,805,13287,744,34168,California
Butte,2021-02-19,1166,48628,387,23545,779,25083,0,0,402,20526,757,14044,402,34570,California
Butte,2021-02-20,473,49101,28,23573,445,25528,0,0,120,20294,352,14396,120,34690,California
Butte,2021-02-21,15,49116,13,23586,2,25530,0,0,11,20301,4,14400,11,34701,California
Butte,2021-02-22,1493,50609,296,23882,1197,26727,0,0,383,19575,1109,15509,383,35084,California
Butte,2021-02-23,1631,52240,298,24180,1333,28060,0,0,461,18871,1165,16674,461,35545,California
Butte,2021-02-24,2131,54371,596,24776,1535,29595,0,0,728,18204,1395,18069,728,36273,California
Butte,2021-02-25,2074,56445,575,25351,1499,31094,0,0,653,17441,1417,19486,654,36927,California
Butte,2021-02-26,921,57366,311,25662,610,31704,0,0,398,17319,520,20006,398,37325,California
Butte,2021-02-27,233,57599,47,25709,186,31890,0,0,186,17460,45,20051,186,37511,California
Butte,2021-02-28,140,57739,17,25726,123,32013,0,0,131,17582,9,20060,131,37642,California
Butte,2021-03-01,1623,59362,178,25904,1444,33457,1,1,327,16615,1295,21355,328,37970,California
Butte,2021-03-02,1732,61094,192,26096,1540,34997,0,1,302,15490,1427,22782,302,38272,California
Butte,2021-03-03,2775,63869,841,26937,1934,36931,0,1,481,13678,2293,25075,481,38753,California
Butte,2021-03-04,3120,66989,659,27596,2461,39392,0,1,610,11779,2509,27584,610,39363,California
Butte,2021-03-05,1328,68317,604,28200,723,40115,1,2,722,11899,603,28187,723,40086,California
Butte,2021-03-06,243,68560,27,28227,193,40308,23,25,183,12046,59,28246,206,40292,California
Butte,2021-03-07,55,68615,3,28230,35,40343,17,42,30,12068,25,28271,47,40339,California
Butte,2021-03-08,1260,69875,128,28358,1055,41398,77,119,1097,13081,161,28432,1174,41513,California
Butte,2021-03-09,1895,71770,276,28634,1516,42914,103,222,1410,14110,484,28916,1513,43026,California
Butte,2021-03-10,2319,74089,966,29600,1253,44167,100,322,1581,15057,733,29649,1680,44706,California
Butte,2021-03-11,2802,76891,1314,30914,1364,45531,124,446,1980,16349,812,30461,2104,46810,California
Butte,2021-03-12,1134,78025,324,31238,464,45995,346,792,354,16275,774,31235,700,47510,California
Butte,2021-03-13,250,78275,67,31305,136,46131,47,839,63,16198,187,31422,110,47620,California
Butte,2021-03-14,160,78435,15,31320,103,46234,42,881,21,16123,138,31560,63,47683,California
Butte,2021-03-15,1716,80151,359,31679,1064,47298,293,1174,1125,16953,588,32148,1418,49101,California
Butte,2021-03-16,1621,81772,415,32094,1128,48426,78,1252,1080,17572,538,32686,1157,50258,California
Butte,2021-03-17,1949,83721,1357,33451,511,48937,81,1333,1130,17970,812,33498,1210,51468,California
Butte,2021-03-18,1794,85515,1454,34905,211,49148,129,1462,1055,18418,735,34233,1183,52651,California
Butte,2021-03-19,697,86212,313,35218,300,49448,84,1546,346,18503,345,34578,430,53081,California
Butte,2021-03-20,206,86418,32,35250,158,49606,16,1562,94,18501,112,34690,110,53191,California
Butte,2021-03-21,58,86476,26,35276,3,49609,29,1591,16,18504,42,34732,45,53236,California
Butte,2021-03-22,1458,87934,352,35628,1012,50621,94,1685,1194,19530,262,34994,1288,54524,California
Butte,2021-03-23,1793,89727,488,36116,1191,51812,114,1799,1451,20754,341,35335,1565,56089,California
Butte,2021-03-24,2236,91963,1257,37373,853,52665,126,1925,1694,22035,538,35873,1819,57908,California
Butte,2021-03-25,1464,93427,1183,38556,192,52857,89,2014,1004,22671,457,36330,1093,59001,California
Butte,2021-03-26,1198,94625,434,38990,518,53375,246,2260,558,22843,632,36962,804,59805,California
Butte,2021-03-27,300,94925,84,39074,192,53567,24,2284,132,22833,165,37127,155,59960,California
Butte,2021-03-28,224,95149,43,39117,173,53740,8,2292,100,22819,121,37248,107,60067,California
Butte,2021-03-29,1719,96868,380,39497,1269,55009,70,2362,1308,23789,408,37656,1378,61445,California
Butte,2021-03-30,1031,97899,465,39962,476,55485,90,2452,493,23840,532,38188,583,62028,California
Butte,2021-03-31,1772,99671,1301,41263,404,55889,67,2519,1084,24308,683,38871,1151,63179,California
Butte,2021-04-01,3280,102951,2663,43926,490,56379,127,2646,2211,25584,1063,39934,2339,65518,California
Butte,2021-04-02,993,103944,413,44339,462,56841,118,2764,561,25839,423,40357,678,66196,California
Butte,2021-04-03,344,104288,47,44386,223,57064,74,2838,166,25901,178,40535,240,66436,California
Butte,2021-04-04,185,104473,22,44408,140,57204,23,2861,108,25956,76,40611,131,66567,California
Butte,2021-04-05,1958,106431,420,44828,1368,58572,170,3031,602,25377,1350,41961,771,67338,California
Butte,2021-04-06,2183,108614,617,45445,1146,59718,420,3451,786,25190,1391,43352,1204,68542,California
Butte,2021-04-07,2999,111613,1311,46756,1294,61012,394,3845,689,23968,2305,45657,1083,69625,California
Butte,2021-04-08,2714,114327,1185,47941,1263,62275,266,4111,436,22395,2275,47932,702,70327,California
Butte,2021-04-09,1334,115661,344,48285,537,62812,453,4564,320,22157,1010,48942,772,71099,California
Butte,2021-04-10,218,115879,47,48332,74,62886,97,4661,96,22228,121,49063,192,71291,California
Butte,2021-04-11,101,115980,44,48376,47,62933,10,4671,81,22301,18,49081,91,71382,California
Butte,2021-04-12,1236,117216,315,48691,792,63725,129,4800,246,21686,990,50071,375,71757,California
Butte,2021-04-13,1589,118805,574,49265,1009,64734,6,4806,349,20809,1233,51304,356,72113,California
Butte,2021-04-14,2554,121359,2067,51332,487,65221,0,4806,1059,20386,1490,52794,1067,73180,California
Butte,2021-04-15,588,121947,374,51706,214,65435,0,4806,456,20711,131,52925,456,73636,California
Butte,2021-04-16,817,122764,419,52125,398,65833,0,4806,490,20878,323,53248,490,74126,California
Butte,2021-04-17,344,123108,66,52191,278,66111,0,4806,240,21016,102,53350,240,74366,California
Butte,2021-04-18,49,123157,12,52203,37,66148,0,4806,43,21053,6,53356,43,74409,California
Butte,2021-04-19,1547,124704,380,52583,1167,67315,0,4806,442,20394,1101,54457,442,74851,California
Butte,2021-04-20,1705,126409,576,53159,1129,68444,0,4806,604,19903,1096,55553,605,75456,California
Calaveras,2020-12-16,5,5,5,5,0,0,0,0,5,5,0,0,5,5,California
Calaveras,2020-12-17,3,8,3,8,0,0,0,0,3,8,0,0,3,8,California
Calaveras,2020-12-18,38,46,38,46,0,0,0,0,38,46,0,0,38,46,California
Calaveras,2020-12-19,3,49,3,49,0,0,0,0,3,49,0,0,3,49,California
Calaveras,2020-12-20,3,52,3,52,0,0,0,0,3,52,0,0,3,52,California
Calaveras,2020-12-21,55,107,48,100,7,7,0,0,55,107,0,0,55,107,California
Calaveras,2020-12-22,80,187,76,176,4,11,0,0,81,188,0,0,81,188,California
Calaveras,2020-12-23,76,263,74,250,2,13,0,0,85,273,0,0,85,273,California
Calaveras,2020-12-24,2,265,2,252,0,13,0,0,2,275,0,0,2,275,California
Calaveras,2020-12-26,3,268,3,255,0,13,0,0,3,278,0,0,3,278,California
Calaveras,2020-12-28,22,290,18,273,4,17,0,0,21,298,1,1,21,299,California
Calaveras,2020-12-29,167,457,148,421,19,36,0,0,167,465,0,1,167,466,California
Calaveras,2020-12-30,94,551,82,503,12,48,0,0,94,559,0,1,94,560,California
Calaveras,2020-12-31,35,586,25,528,10,58,0,0,35,594,0,1,35,595,California
Calaveras,2021-01-02,11,597,11,539,0,58,0,0,11,605,0,1,11,606,California
Calaveras,2021-01-03,8,605,3,542,5,63,0,0,8,613,0,1,8,614,California
Calaveras,2021-01-04,33,638,5,547,28,91,0,0,33,646,0,1,33,647,California
Calaveras,2021-01-05,41,679,10,557,31,122,0,0,35,678,8,9,40,687,California
Calaveras,2021-01-06,109,788,30,587,79,201,0,0,99,767,10,19,99,786,California
Calaveras,2021-01-07,104,892,25,612,79,280,0,0,92,849,11,30,93,879,California
Calaveras,2021-01-08,69,961,38,650,31,311,0,0,46,873,23,53,47,926,California
Calaveras,2021-01-09,5,966,5,655,0,311,0,0,2,872,3,56,2,928,California
Calaveras,2021-01-10,2,968,0,655,2,313,0,0,2,874,0,56,2,930,California
Calaveras,2021-01-11,65,1033,59,714,6,319,0,0,28,867,36,92,29,959,California
Calaveras,2021-01-12,86,1119,53,767,33,352,0,0,53,888,33,125,54,1013,California
Calaveras,2021-01-13,107,1226,43,810,64,416,0,0,74,930,33,158,75,1088,California
Calaveras,2021-01-14,135,1361,41,851,94,510,0,0,101,999,33,191,102,1190,California
Calaveras,2021-01-15,113,1474,51,902,62,572,0,0,87,1060,26,217,87,1277,California
Calaveras,2021-01-16,12,1486,2,904,10,582,0,0,11,1070,1,218,11,1288,California
Calaveras,2021-01-17,10,1496,1,905,9,591,0,0,10,1080,0,218,10,1298,California
Calaveras,2021-01-18,132,1628,20,925,112,703,0,0,119,1189,13,231,122,1420,California
Calaveras,2021-01-19,205,1833,175,1100,30,733,0,0,62,1111,141,372,63,1483,California
Calaveras,2021-01-20,393,2226,81,1181,312,1045,0,0,309,1345,83,455,317,1800,California
Calaveras,2021-01-21,462,2688,40,1221,422,1467,0,0,435,1759,27,482,441,2241,California
Calaveras,2021-01-22,431,3119,23,1244,408,1875,0,0,421,2177,10,492,428,2669,California
Calaveras,2021-01-23,22,3141,10,1254,12,1887,0,0,18,2191,4,496,18,2687,California
Calaveras,2021-01-24,14,3155,8,1262,6,1893,0,0,12,2201,2,498,12,2699,California
Calaveras,2021-01-25,121,3276,7,1269,114,2007,0,0,116,2312,5,503,116,2815,California
Calaveras,2021-01-26,49,3325,18,1287,31,2038,0,0,38,2339,11,514,38,2853,California
Calaveras,2021-01-27,161,3486,44,1331,117,2155,0,0,134,2447,26,540,134,2987,California
Calaveras,2021-01-28,164,3650,22,1353,142,2297,0,0,141,2568,23,563,144,3131,California
Calaveras,2021-01-29,445,4095,33,1386,412,2709,0,0,423,2977,22,585,431,3562,California
Calaveras,2021-01-30,28,4123,10,1396,18,2727,0,0,26,3003,0,585,26,3588,California
Calaveras,2021-01-31,5,4128,3,1399,2,2729,0,0,4,3006,1,586,4,3592,California
Calaveras,2021-02-01,53,4181,41,1440,12,2741,0,0,34,3021,19,605,34,3626,California
Calaveras,2021-02-02,110,4291,24,1464,86,2827,0,0,72,3060,34,639,73,3699,California
Calaveras,2021-02-03,438,4729,43,1507,395,3222,0,0,354,3332,83,722,355,4054,California
Calaveras,2021-02-04,376,5105,23,1530,353,3575,0,0,295,3546,81,803,295,4349,California
Calaveras,2021-02-05,80,5185,23,1553,57,3632,0,0,41,3549,39,842,42,4391,California
Calaveras,2021-02-06,22,5207,13,1566,9,3641,0,0,22,3571,0,842,22,4413,California
Calaveras,2021-02-07,4,5211,1,1567,3,3644,0,0,2,3571,2,844,2,4415,California
Calaveras,2021-02-08,39,5250,18,1585,21,3665,0,0,31,3596,6,850,31,4446,California
Calaveras,2021-02-09,207,5457,92,1677,115,3780,0,0,146,3687,55,905,146,4592,California
Calaveras,2021-02-10,506,5963,28,1705,478,4258,0,0,439,4060,67,972,440,5032,California
Calaveras,2021-02-11,578,6541,77,1782,501,4759,0,0,471,4428,104,1076,472,5504,California
Calaveras,2021-02-12,568,7109,325,2107,243,5002,0,0,494,4850,73,1149,495,5999,California
Calaveras,2021-02-13,192,7301,37,2144,155,5157,0,0,177,5012,15,1164,177,6176,California
Calaveras,2021-02-14,221,7522,71,2215,150,5307,0,0,206,5203,15,1179,206,6382,California
Calaveras,2021-02-15,379,7901,22,2237,357,5664,0,0,262,5351,114,1293,262,6644,California
Calaveras,2021-02-16,300,8201,174,2411,126,5790,0,0,243,5537,57,1350,243,6887,California
Calaveras,2021-02-17,526,8727,37,2448,489,6279,0,0,211,5441,308,1658,212,7099,California
Calaveras,2021-02-18,496,9223,90,2538,406,6685,0,0,98,5151,388,2046,98,7197,California
Calaveras,2021-02-19,437,9660,43,2581,394,7079,0,0,97,4918,330,2376,97,7294,California
Calaveras,2021-02-20,59,9719,15,2596,44,7123,0,0,48,4955,11,2387,48,7342,California
Calaveras,2021-02-21,21,9740,13,2609,8,7131,0,0,18,4970,3,2390,18,7360,California
Calaveras,2021-02-22,63,9803,40,2649,23,7154,0,0,33,4973,30,2420,33,7393,California
Calaveras,2021-02-23,150,9953,68,2717,82,7236,0,0,101,5026,49,2469,102,7495,California
Calaveras,2021-02-24,96,10049,47,2764,49,7285,0,0,65,5061,30,2499,65,7560,California
Calaveras,2021-02-25,551,10600,98,2862,453,7738,0,0,361,5235,187,2686,361,7921,California
Calaveras,2021-02-26,719,11319,45,2907,674,8412,0,0,370,5273,334,3020,372,8293,California
Calaveras,2021-02-27,203,11522,22,2929,181,8593,0,0,179,5428,24,3044,179,8472,California
Calaveras,2021-02-28,95,11617,15,2944,80,8673,0,0,91,5515,4,3048,91,8563,California
Calaveras,2021-03-01,277,11894,61,3005,216,8889,0,0,150,5540,126,3174,151,8714,California
Calaveras,2021-03-02,242,12136,92,3097,150,9039,0,0,201,5702,40,3214,202,8916,California
Calaveras,2021-03-03,506,12642,102,3199,404,9443,0,0,213,5624,291,3505,213,9129,California
Calaveras,2021-03-04,766,13408,59,3258,706,10149,1,1,352,5569,410,3915,355,9484,California
Calaveras,2021-03-05,456,13864,270,3528,181,10330,5,6,141,5402,313,4228,146,9630,California
Calaveras,2021-03-06,155,14019,43,3571,106,10436,6,12,121,5495,34,4262,127,9757,California
Calaveras,2021-03-07,76,14095,32,3603,36,10472,8,20,34,5495,42,4304,42,9799,California
Calaveras,2021-03-08,159,14254,25,3628,126,10598,8,28,125,5595,33,4337,133,9932,California
Calaveras,2021-03-09,375,14629,151,3779,218,10816,6,34,38,5305,334,4671,44,9976,California
Calaveras,2021-03-10,413,15042,24,3803,386,11202,3,37,56,5009,355,5026,59,10035,California
Calaveras,2021-03-11,840,15882,413,4216,414,11616,13,50,426,5036,412,5438,439,10474,California
Calaveras,2021-03-12,395,16277,210,4426,174,11790,11,61,325,5305,71,5509,340,10814,California
Calaveras,2021-03-13,176,16453,16,4442,152,11942,8,69,146,5430,31,5540,156,10970,California
Calaveras,2021-03-14,155,16608,10,4452,144,12086,1,70,17,5317,138,5678,25,10995,California
Calaveras,2021-03-15,330,16938,47,4499,257,12343,26,96,53,5123,277,5955,83,11078,California
Calaveras,2021-03-16,708,17646,573,5072,115,12458,20,116,553,5542,154,6109,573,11651,California
Calaveras,2021-03-17,279,17925,53,5125,213,12671,13,129,52,5383,225,6334,66,11717,California
Calaveras,2021-03-18,666,18591,571,5696,80,12751,15,144,551,5836,115,6449,568,12285,California
Calaveras,2021-03-19,229,18820,48,5744,108,12859,73,217,56,5794,170,6619,128,12413,California
Calaveras,2021-03-20,81,18901,21,5765,59,12918,1,218,25,5765,56,6675,27,12440,California
Calaveras,2021-03-21,48,18949,31,5796,6,12924,11,229,13,5754,35,6710,24,12464,California
Calaveras,2021-03-22,80,19029,37,5833,22,12946,21,250,26,5747,54,6764,47,12511,California
Calaveras,2021-03-23,303,19332,218,6051,75,13021,10,260,122,5704,175,6939,132,12643,California
Calaveras,2021-03-24,131,19463,49,6100,72,13093,10,270,42,5667,89,7028,52,12695,California
Calaveras,2021-03-25,736,20199,100,6200,633,13726,3,273,443,5823,290,7318,446,13141,California
Calaveras,2021-03-26,423,20622,25,6225,392,14118,6,279,86,5583,334,7652,94,13235,California
Calaveras,2021-03-27,210,20832,18,6243,188,14306,4,283,37,5457,170,7822,44,13279,California
Calaveras,2021-03-28,110,20942,12,6255,96,14402,2,285,8,5367,101,7923,11,13290,California
Calaveras,2021-03-29,175,21117,22,6277,151,14553,2,287,57,5311,117,8040,61,13351,California
Calaveras,2021-03-30,529,21646,31,6308,482,15035,16,303,356,5511,173,8213,373,13724,California
Calaveras,2021-03-31,325,21971,144,6452,171,15206,10,313,159,5515,166,8379,170,13894,California
Calaveras,2021-04-01,680,22651,439,6891,240,15446,1,314,184,5207,495,8874,187,14081,California
Calaveras,2021-04-02,393,23044,232,7123,153,15599,8,322,117,5059,274,9148,126,14207,California
Calaveras,2021-04-03,141,23185,30,7153,107,15706,4,326,39,5000,102,9250,43,14250,California
Calaveras,2021-04-04,78,23263,25,7178,53,15759,0,326,50,5022,28,9278,50,14300,California
Calaveras,2021-04-05,218,23481,89,7267,120,15879,9,335,101,5016,117,9395,111,14411,California
Calaveras,2021-04-06,650,24131,575,7842,61,15940,14,349,108,4599,539,9934,122,14533,California
Calaveras,2021-04-07,752,24883,653,8495,63,16003,36,385,615,5114,137,10071,652,15185,California
Calaveras,2021-04-08,944,25827,856,9351,68,16071,20,405,438,5069,505,10576,460,15645,California
Calaveras,2021-04-09,148,25975,57,9408,45,16116,46,451,55,5078,93,10669,102,15747,California
Calaveras,2021-04-10,189,26164,43,9451,129,16245,17,468,149,5205,40,10709,167,15914,California
Calaveras,2021-04-11,67,26231,43,9494,22,16267,2,470,46,5232,21,10730,48,15962,California
Calaveras,2021-04-12,102,26333,50,9544,38,16305,14,484,57,5259,45,10775,72,16034,California
Calaveras,2021-04-13,465,26798,409,9953,56,16361,0,484,397,5592,66,10841,399,16433,California
Calaveras,2021-04-14,175,26973,25,9978,150,16511,0,484,132,5682,43,10884,133,16566,California
Calaveras,2021-04-15,339,27312,291,10269,48,16559,0,484,252,5852,83,10967,253,16819,California
Calaveras,2021-04-16,87,27399,17,10286,70,16629,0,484,42,5853,41,11008,42,16861,California
Calaveras,2021-04-17,317,27716,122,10408,195,16824,0,484,277,6090,40,11048,277,17138,California
Calaveras,2021-04-18,19,27735,6,10414,13,16837,0,484,12,6095,7,11055,12,17150,California
Calaveras,2021-04-19,60,27795,27,10441,33,16870,0,484,45,6126,15,11070,46,17196,California
Calaveras,2021-04-20,109,27904,13,10454,96,16966,0,484,97,6217,12,11082,103,17299,California
Colusa,2020-12-18,1,1,1,1,0,0,0,0,1,1,0,0,1,1,California
Colusa,2020-12-21,2,3,2,3,0,0,0,0,2,3,0,0,2,3,California
Colusa,2020-12-22,10,13,10,13,0,0,0,0,10,13,0,0,10,13,California
Colusa,2020-12-23,10,23,10,23,0,0,0,0,10,23,0,0,10,23,California
Colusa,2020-12-24,2,25,1,24,1,1,0,0,2,25,0,0,2,25,California
Colusa,2020-12-27,1,26,1,25,0,1,0,0,1,26,0,0,1,26,California
Colusa,2020-12-28,7,33,3,28,4,5,0,0,7,33,0,0,7,33,California
Colusa,2020-12-29,11,44,8,36,3,8,0,0,11,44,0,0,11,44,California
Colusa,2020-12-30,50,94,13,49,37,45,0,0,50,94,0,0,50,94,California
Colusa,2020-12-31,18,112,1,50,17,62,0,0,18,112,0,0,18,112,California
Colusa,2021-01-04,4,116,0,50,4,66,0,0,4,116,0,0,4,116,California
Colusa,2021-01-05,67,183,1,51,66,132,0,0,67,183,0,0,67,183,California
Colusa,2021-01-06,15,198,9,60,6,138,0,0,15,198,0,0,15,198,California
Colusa,2021-01-07,38,236,4,64,34,172,0,0,37,234,1,1,37,235,California
Colusa,2021-01-08,9,245,7,71,2,174,0,0,8,241,1,2,8,243,California
Colusa,2021-01-09,2,247,1,72,1,175,0,0,2,243,0,2,2,245,California
Colusa,2021-01-10,1,248,0,72,1,176,0,0,1,244,0,2,1,246,California
Colusa,2021-01-11,12,260,6,78,6,182,0,0,7,246,5,7,7,253,California
Colusa,2021-01-12,11,271,9,87,2,184,0,0,6,247,5,12,6,259,California
Colusa,2021-01-13,21,292,13,100,8,192,0,0,13,252,8,20,13,272,California
Colusa,2021-01-14,35,327,28,128,7,199,0,0,33,283,2,22,33,305,California
Colusa,2021-01-15,41,368,5,133,36,235,0,0,39,320,2,24,39,344,California
Colusa,2021-01-16,12,380,1,134,11,246,0,0,11,330,1,25,11,355,California
Colusa,2021-01-17,3,383,2,136,1,247,0,0,2,331,1,26,2,357,California
Colusa,2021-01-18,4,387,0,136,4,251,0,0,4,335,0,26,4,361,California
Colusa,2021-01-19,9,396,8,144,1,252,0,0,5,336,4,30,5,366,California
Colusa,2021-01-20,115,511,101,245,14,266,0,0,102,425,13,43,102,468,California
Colusa,2021-01-21,56,567,41,286,15,281,0,0,55,479,1,44,55,523,California
Colusa,2021-01-22,40,607,17,303,23,304,0,0,35,509,5,49,35,558,California
Colusa,2021-01-23,35,642,6,309,29,333,0,0,35,544,0,49,35,593,California
Colusa,2021-01-25,7,649,0,309,7,340,0,0,7,551,0,49,7,600,California
Colusa,2021-01-26,8,657,5,314,3,343,0,0,5,553,3,52,5,605,California
Colusa,2021-01-27,107,764,31,345,76,419,0,0,105,656,2,54,105,710,California
Colusa,2021-01-28,79,843,46,391,33,452,0,0,72,721,7,61,72,782,California
Colusa,2021-01-29,40,883,7,398,33,485,0,0,39,759,1,62,39,821,California
Colusa,2021-01-30,27,910,4,402,23,508,0,0,27,786,0,62,27,848,California
Colusa,2021-01-31,7,917,7,409,0,508,0,0,7,793,0,62,7,855,California
Colusa,2021-02-01,27,944,10,419,17,525,0,0,22,810,5,67,22,877,California
Colusa,2021-02-02,42,986,8,427,34,559,0,0,36,840,6,73,36,913,California
Colusa,2021-02-03,69,1055,10,437,59,618,0,0,59,889,10,83,59,972,California
Colusa,2021-02-04,143,1198,81,518,62,680,0,0,115,976,28,111,115,1087,California
Colusa,2021-02-05,32,1230,8,526,24,704,0,0,29,1002,3,114,29,1116,California
Colusa,2021-02-06,284,1514,8,534,276,980,0,0,273,1264,11,125,273,1389,California
Colusa,2021-02-07,2,1516,1,535,1,981,0,0,0,1262,2,127,0,1389,California
Colusa,2021-02-08,40,1556,5,540,35,1016,0,0,37,1296,3,130,37,1426,California
Colusa,2021-02-09,231,1787,14,554,217,1233,0,0,176,1417,55,185,176,1602,California
Colusa,2021-02-10,116,1903,41,595,75,1308,0,0,73,1447,43,228,73,1675,California
Colusa,2021-02-11,97,2000,36,631,61,1369,0,0,72,1494,25,253,72,1747,California
Colusa,2021-02-12,118,2118,9,640,109,1478,0,0,80,1535,39,292,80,1827,California
Colusa,2021-02-13,60,2178,8,648,52,1530,0,0,52,1579,8,300,52,1879,California
Colusa,2021-02-14,20,2198,8,656,12,1542,0,0,14,1587,6,306,14,1893,California
Colusa,2021-02-15,45,2243,10,666,35,1577,0,0,38,1618,7,313,38,1931,California
Colusa,2021-02-16,67,2310,4,670,63,1640,0,0,66,1683,1,314,66,1997,California
Colusa,2021-02-17,206,2516,143,813,63,1703,0,0,60,1597,146,460,60,2057,California
Colusa,2021-02-18,135,2651,35,848,100,1803,0,0,112,1686,23,483,112,2169,California
Colusa,2021-02-19,155,2806,19,867,136,1939,0,0,129,1789,26,509,129,2298,California
Colusa,2021-02-20,28,2834,6,873,22,1961,0,0,12,1785,16,525,12,2310,California
Colusa,2021-02-21,1,2835,1,874,0,1961,0,0,0,1784,1,526,0,2310,California
Colusa,2021-02-22,43,2878,26,900,17,1978,0,0,29,1799,14,540,29,2339,California
Colusa,2021-02-23,22,2900,6,906,16,1994,0,0,18,1813,4,544,18,2357,California
Colusa,2021-02-24,300,3200,54,960,246,2240,0,0,158,1829,142,686,158,2515,California
Colusa,2021-02-25,101,3301,54,1014,47,2287,0,0,66,1860,35,721,66,2581,California
Colusa,2021-02-26,96,3397,12,1026,84,2371,0,0,58,1880,38,759,58,2639,California
Colusa,2021-02-27,55,3452,4,1030,51,2422,0,0,40,1905,15,774,40,2679,California
Colusa,2021-02-28,26,3478,14,1044,12,2434,0,0,18,1915,8,782,18,2697,California
Colusa,2021-03-01,46,3524,15,1059,31,2465,0,0,29,1927,17,799,29,2726,California
Colusa,2021-03-02,47,3571,13,1072,34,2499,0,0,24,1928,23,822,24,2750,California
Colusa,2021-03-03,237,3808,38,1110,199,2698,0,0,180,2051,57,879,180,2930,California
Colusa,2021-03-04,136,3944,58,1168,78,2776,0,0,80,2075,56,935,80,3010,California
Colusa,2021-03-05,98,4042,25,1193,64,2840,9,9,53,2092,45,980,62,3072,California
Colusa,2021-03-06,274,4316,9,1202,265,3105,0,9,37,1892,237,1217,37,3109,California
Colusa,2021-03-07,8,4324,5,1207,3,3108,0,9,6,1896,2,1219,6,3115,California
Colusa,2021-03-08,88,4412,20,1227,33,3141,35,44,44,1931,44,1263,79,3194,California
Colusa,2021-03-09,272,4684,70,1297,179,3320,23,67,83,1848,189,1452,106,3300,California
Colusa,2021-03-10,287,4971,35,1332,216,3536,36,103,201,1999,86,1538,237,3537,California
Colusa,2021-03-11,415,5386,57,1389,337,3873,21,124,333,2270,82,1620,353,3890,California
Colusa,2021-03-12,110,5496,18,1407,79,3952,13,137,19,2211,91,1711,32,3922,California
Colusa,2021-03-13,61,5557,16,1423,36,3988,9,146,18,2195,43,1754,27,3949,California
Colusa,2021-03-14,20,5577,0,1423,18,4006,2,148,6,2190,13,1767,8,3957,California
Colusa,2021-03-15,68,5645,26,1449,34,4040,8,156,13,2156,55,1822,21,3978,California
Colusa,2021-03-16,292,5937,15,1464,231,4271,46,202,185,2280,107,1929,231,4209,California
Colusa,2021-03-17,194,6131,49,1513,145,4416,0,202,110,2306,84,2013,110,4319,California
Colusa,2021-03-18,319,6450,33,1546,215,4631,71,273,196,2450,123,2136,267,4586,California
Colusa,2021-03-19,77,6527,20,1566,55,4686,2,275,54,2483,23,2159,56,4642,California
Colusa,2021-03-20,48,6575,7,1573,40,4726,1,276,35,2506,13,2172,36,4678,California
Colusa,2021-03-21,6,6581,4,1577,2,4728,0,276,4,2508,2,2174,4,4682,California
Colusa,2021-03-22,63,6644,10,1587,44,4772,9,285,41,2536,22,2196,50,4732,California
Colusa,2021-03-23,81,6725,16,1603,63,4835,2,287,54,2565,27,2223,56,4788,California
Colusa,2021-03-24,334,7059,56,1659,272,5107,6,293,69,2374,265,2488,74,4862,California
Colusa,2021-03-25,107,7166,59,1718,43,5150,5,298,50,2372,57,2545,55,4917,California
Colusa,2021-03-26,297,7463,46,1764,247,5397,4,302,244,2567,53,2598,248,5165,California
Colusa,2021-03-27,62,7525,5,1769,57,5454,0,302,24,2553,38,2636,24,5189,California
Colusa,2021-03-28,15,7540,6,1775,9,5463,0,302,7,2552,8,2644,7,5196,California
Colusa,2021-03-29,68,7608,19,1794,44,5507,5,307,30,2549,38,2682,35,5231,California
Colusa,2021-03-30,147,7755,78,1872,67,5574,2,309,77,2558,70,2752,79,5310,California
Colusa,2021-03-31,226,7981,35,1907,191,5765,0,309,72,2477,153,2905,72,5382,California
Colusa,2021-04-01,420,8401,64,1971,301,6066,55,364,299,2711,120,3025,354,5736,California
Colusa,2021-04-02,81,8482,14,1985,54,6120,13,377,39,2721,42,3067,52,5788,California
Colusa,2021-04-03,62,8544,10,1995,29,6149,23,400,14,2710,48,3115,37,5825,California
Colusa,2021-04-04,18,8562,0,1995,8,6157,10,410,3,2708,15,3130,13,5838,California
Colusa,2021-04-05,95,8657,25,2020,55,6212,15,425,39,2706,56,3186,54,5892,California
Colusa,2021-04-06,128,8785,33,2053,45,6257,50,475,43,2714,85,3271,93,5985,California
Colusa,2021-04-07,357,9142,40,2093,294,6551,23,498,133,2647,224,3495,157,6142,California
Colusa,2021-04-08,427,9569,33,2126,366,6917,28,526,121,2493,303,3798,149,6291,California
Colusa,2021-04-09,76,9645,20,2146,32,6949,24,550,28,2497,48,3846,52,6343,California
Colusa,2021-04-10,45,9690,9,2155,16,6965,20,570,13,2498,32,3878,33,6376,California
Colusa,2021-04-11,15,9705,2,2157,11,6976,2,572,7,2499,8,3886,9,6385,California
Colusa,2021-04-12,32,9737,4,2161,28,7004,0,572,25,2517,7,3893,25,6410,California
Colusa,2021-04-13,278,10015,22,2183,256,7260,0,572,94,2428,183,4076,94,6504,California
Colusa,2021-04-14,93,10108,18,2201,75,7335,0,572,32,2399,61,4137,32,6536,California
Colusa,2021-04-15,304,10412,38,2239,266,7601,0,572,119,2334,185,4322,120,6656,California
Colusa,2021-04-16,73,10485,11,2250,62,7663,0,572,31,2324,41,4363,31,6687,California
Colusa,2021-04-17,51,10536,8,2258,43,7706,0,572,30,2333,21,4384,30,6717,California
Colusa,2021-04-18,8,10544,3,2261,5,7711,0,572,7,2339,1,4385,7,6724,California
Colusa,2021-04-19,58,10602,20,2281,38,7749,0,572,13,2307,45,4430,13,6737,California
Colusa,2021-04-20,52,10654,7,2288,45,7794,0,572,23,2301,29,4459,23,6760,California
Contra Costa,2020-12-15,18,18,18,18,0,0,0,0,18,18,0,0,18,18,California
Contra Costa,2020-12-16,522,540,522,540,0,0,0,0,522,540,0,0,522,540,California
Contra Costa,2020-12-17,909,1449,909,1449,0,0,0,0,909,1449,0,0,909,1449,California
Contra Costa,2020-12-18,1590,3039,1589,3038,1,1,0,0,1590,3039,0,0,1590,3039,California
Contra Costa,2020-12-19,1102,4141,1101,4139,1,2,0,0,1102,4141,0,0,1102,4141,California
Contra Costa,2020-12-20,583,4724,582,4721,1,3,0,0,583,4724,0,0,583,4724,California
Contra Costa,2020-12-21,1653,6377,1651,6372,2,5,0,0,1653,6377,0,0,1653,6377,California
Contra Costa,2020-12-22,1667,8044,1563,7935,104,109,0,0,1667,8044,0,0,1667,8044,California
Contra Costa,2020-12-23,1581,9625,1335,9270,246,355,0,0,1581,9625,0,0,1581,9625,California
Contra Costa,2020-12-24,654,10279,336,9606,318,673,0,0,654,10279,0,0,654,10279,California
Contra Costa,2020-12-25,39,10318,17,9623,22,695,0,0,39,10318,0,0,39,10318,California
Contra Costa,2020-12-26,640,10958,131,9754,509,1204,0,0,640,10958,0,0,640,10958,California
Contra Costa,2020-12-27,240,11198,86,9840,154,1358,0,0,240,11198,0,0,240,11198,California
Contra Costa,2020-12-28,1828,13026,861,10701,967,2325,0,0,1828,13026,0,0,1828,13026,California
Contra Costa,2020-12-29,1824,14850,824,11525,1000,3325,0,0,1824,14850,0,0,1824,14850,California
Contra Costa,2020-12-30,2389,17239,1213,12738,1176,4501,0,0,2388,17238,0,0,2388,17238,California
Contra Costa,2020-12-31,911,18150,307,13045,604,5105,0,0,910,18148,0,0,910,18148,California
Contra Costa,2021-01-01,59,18209,23,13068,36,5141,0,0,59,18207,0,0,59,18207,California
Contra Costa,2021-01-02,333,18542,173,13241,160,5301,0,0,333,18540,0,0,333,18540,California
Contra Costa,2021-01-03,175,18717,117,13358,58,5359,0,0,174,18714,0,0,174,18714,California
Contra Costa,2021-01-04,1895,20612,1246,14604,649,6008,0,0,1874,20569,19,19,1874,20588,California
Contra Costa,2021-01-05,2094,22706,1255,15859,839,6847,0,0,1835,22147,258,277,1836,22424,California
Contra Costa,2021-01-06,3266,25972,2240,18099,1026,7873,0,0,2505,23900,755,1032,2508,24932,California
Contra Costa,2021-01-07,3082,29054,2053,20152,1029,8902,0,0,1871,24563,1208,2240,1871,26803,California
Contra Costa,2021-01-08,3377,32431,2385,22537,992,9894,0,0,1816,24827,1555,3795,1819,28622,California
Contra Costa,2021-01-09,1584,34015,1133,23670,451,10345,0,0,748,24742,835,4630,750,29372,California
Contra Costa,2021-01-10,359,34374,286,23956,73,10418,0,0,150,24683,209,4839,150,29522,California
Contra Costa,2021-01-11,3835,38209,3120,27076,715,11133,0,0,2231,25312,1604,6443,2233,31755,California
Contra Costa,2021-01-12,3903,42112,2929,30005,974,12107,0,0,2578,26567,1325,7768,2580,34335,California
Contra Costa,2021-01-13,4665,46777,2880,32885,1785,13892,0,0,3732,29370,929,8697,3732,38067,California
Contra Costa,2021-01-14,4300,51077,1552,34437,2748,16640,0,0,3917,32904,383,9080,3917,41984,California
Contra Costa,2021-01-15,5318,56395,2453,36890,2865,19505,0,0,4995,37581,322,9402,4999,46983,California
Contra Costa,2021-01-16,1708,58103,549,37439,1159,20664,0,0,1633,39139,75,9477,1633,48616,California
Contra Costa,2021-01-17,1633,59736,971,38410,662,21326,0,0,1511,40531,122,9599,1514,50130,California
Contra Costa,2021-01-18,3186,62922,1253,39663,1933,23259,0,0,2563,42478,617,10216,2564,52694,California
Contra Costa,2021-01-19,7053,69975,3155,42818,3898,27157,0,0,6051,47535,999,11215,6056,58750,California
Contra Costa,2021-01-20,6597,76572,4046,46864,2551,29708,0,0,5367,51681,1226,12441,5372,64122,California
Contra Costa,2021-01-21,6950,83522,3087,49951,3863,33571,0,0,6229,57201,716,13157,6236,70358,California
Contra Costa,2021-01-22,6359,89881,2697,52648,3662,37233,0,0,5502,61858,848,14005,5505,75863,California
Contra Costa,2021-01-23,2022,91903,357,53005,1665,38898,0,0,1765,63370,255,14260,1767,77630,California
Contra Costa,2021-01-24,1580,93483,218,53223,1362,40260,0,0,1435,64664,145,14405,1439,79069,California
Contra Costa,2021-01-25,6638,100121,3013,56236,3625,43885,0,0,5078,68187,1558,15963,5081,84150,California
Contra Costa,2021-01-26,8056,108177,4661,60897,3395,47280,0,0,6227,72595,1821,17784,6229,90379,California
Contra Costa,2021-01-27,8218,116395,5480,66377,2738,50018,0,0,6331,77125,1805,19589,6335,96714,California
Contra Costa,2021-01-28,7385,123780,4055,70432,3330,53348,0,0,5791,81334,1588,21177,5797,102511,California
Contra Costa,2021-01-29,7428,131208,3882,74314,3546,56894,0,0,6122,86157,1303,22480,6126,108637,California
Contra Costa,2021-01-30,2080,133288,596,74910,1484,58378,0,0,1714,87512,359,22839,1714,110351,California
Contra Costa,2021-01-31,699,133987,480,75390,219,58597,0,0,572,87960,124,22963,572,110923,California
Contra Costa,2021-02-01,5512,139499,3759,79149,1753,60350,0,0,3887,90230,1620,24583,3890,114813,California
Contra Costa,2021-02-02,7745,147244,5273,84422,2472,62822,0,0,5896,94280,1847,26430,5897,120710,California
Contra Costa,2021-02-03,8261,155505,5455,89877,2806,65628,0,0,5630,97290,2621,29051,5631,126341,California
Contra Costa,2021-02-04,7435,162940,3531,93408,3904,69532,0,0,5722,101304,1710,30761,5724,132065,California
Contra Costa,2021-02-05,8421,171361,4819,98227,3602,73134,0,0,5721,104332,2693,33454,5721,137786,California
Contra Costa,2021-02-06,3462,174823,2151,100378,1311,74445,0,0,2814,106500,647,34101,2815,140601,California
Contra Costa,2021-02-07,978,175801,707,101085,271,74716,0,0,603,106729,374,34475,603,141204,California
Contra Costa,2021-02-08,5798,181599,3434,104519,2364,77080,0,0,4326,109589,1467,35942,4327,145531,California
Contra Costa,2021-02-09,8635,190234,4760,109279,3875,80955,0,0,5756,112472,2874,38816,5757,151288,California
Contra Costa,2021-02-10,8618,198852,4643,113922,3975,84930,0,0,5406,114685,3197,42013,5410,156698,California
Contra Costa,2021-02-11,9220,208072,4195,118117,5025,89955,0,0,5252,115979,3962,45975,5256,161954,California
Contra Costa,2021-02-12,10054,218126,4604,122721,5450,95405,0,0,5454,116842,4594,50569,5457,167411,California
Contra Costa,2021-02-13,4864,222990,1359,124080,3505,98910,0,0,3400,118782,1461,52030,3401,170812,California
Contra Costa,2021-02-14,2085,225075,864,124944,1221,100131,0,0,1224,119146,860,52890,1224,172036,California
Contra Costa,2021-02-15,4439,229514,2462,127406,1977,102108,0,0,2351,119416,2082,54972,2352,174388,California
Contra Costa,2021-02-16,10400,239914,4897,132303,5503,107611,0,0,4635,118296,5758,60730,4638,179026,California
Contra Costa,2021-02-17,12256,252170,6114,138417,6142,113753,0,0,5618,117290,6624,67354,5618,184644,California
Contra Costa,2021-02-18,11434,263604,5945,144362,5489,119242,0,0,5310,116489,6113,73467,5312,189956,California
Contra Costa,2021-02-19,11390,274994,7102,151464,4288,123530,0,0,5171,115456,6205,79672,5172,195128,California
Contra Costa,2021-02-20,6434,281428,2886,154350,3548,127078,0,0,4564,118168,1854,81526,4566,199694,California
Contra Costa,2021-02-21,1794,283222,1248,155598,546,127624,0,0,1081,118537,712,82238,1081,200775,California
Contra Costa,2021-02-22,7520,290742,5091,160689,2429,130053,0,0,3457,117943,4053,86291,3459,204234,California
Contra Costa,2021-02-23,11868,302610,7235,167924,4633,134686,0,0,5908,117908,5947,92238,5912,210146,California
Contra Costa,2021-02-24,10456,313066,7667,175591,2789,137475,0,0,5037,117544,5403,97641,5039,215185,California
Contra Costa,2021-02-25,11435,324501,7201,182792,4234,141709,0,0,5194,116521,6221,103862,5198,220383,California
Contra Costa,2021-02-26,10672,335173,6729,189521,3943,145652,0,0,5287,116439,5370,109232,5288,225671,California
Contra Costa,2021-02-27,6607,341780,4202,193723,2405,148057,0,0,4101,118041,2500,111732,4102,229773,California
Contra Costa,2021-02-28,3782,345562,3114,196837,668,148725,0,0,3187,120637,592,112324,3188,232961,California
Contra Costa,2021-03-01,8084,353646,6074,202911,2009,150734,1,1,4965,122500,3105,115429,4968,237929,California
Contra Costa,2021-03-02,10097,363743,6298,209209,3798,154532,1,2,5234,122887,4848,120277,5235,243164,California
Contra Costa,2021-03-03,11067,374810,6905,216114,4161,158693,1,3,6164,124165,4888,125165,6166,249330,California
Contra Costa,2021-03-04,11839,386649,7057,223171,4782,163475,0,3,6130,124604,5691,130856,6130,255460,California
Contra Costa,2021-03-05,11203,397852,6657,229828,4541,168016,5,8,6374,126168,4815,135671,6379,261839,California
Contra Costa,2021-03-06,7272,405124,3992,233820,2972,170988,308,316,4703,128620,2557,138228,5009,266848,California
Contra Costa,2021-03-07,3606,408730,2261,236081,1286,172274,59,375,2934,130942,671,138899,2993,269841,California
Contra Costa,2021-03-08,8032,416762,3750,239831,3979,176253,303,678,5354,133936,2667,141566,5661,275502,California
Contra Costa,2021-03-09,10158,426920,4987,244818,4878,181131,293,971,5028,134135,5123,146689,5322,280824,California
Contra Costa,2021-03-10,12095,439015,5950,250768,4654,185785,1491,2462,5462,134456,6626,153315,6947,287771,California
Contra Costa,2021-03-11,12449,451464,6556,257324,5334,191119,559,3021,6353,135295,6076,159391,6915,294686,California
Contra Costa,2021-03-12,12505,463969,5124,262448,6840,197959,541,3562,6250,135846,6240,165631,6791,301477,California
Contra Costa,2021-03-13,7727,471696,3066,265514,4242,202201,419,3981,3064,134677,4646,170277,3477,304954,California
Contra Costa,2021-03-14,4339,476035,2542,268056,1313,203514,484,4465,2076,134978,2258,172535,2559,307513,California
Contra Costa,2021-03-15,9363,485398,5051,273107,3559,207073,753,5218,4750,135882,4599,177134,5503,313016,California
Contra Costa,2021-03-16,14232,499630,8451,281558,5386,212459,395,5613,7262,136589,6950,184084,7657,320673,California
Contra Costa,2021-03-17,14966,514596,10328,291886,4428,216887,210,5823,8570,138999,6375,190459,8785,329458,California
Contra Costa,2021-03-18,15352,529948,8528,300414,6344,223231,480,6303,8792,141735,6534,196993,9270,338728,California
Contra Costa,2021-03-19,15475,545423,8868,309282,5218,228449,1389,7692,8298,144261,7165,204158,9691,348419,California
Contra Costa,2021-03-20,10596,556019,6326,315608,3967,232416,303,7995,5229,144442,5350,209508,5531,353950,California
Contra Costa,2021-03-21,4436,560455,3881,319489,470,232886,85,8080,2090,144275,2341,211849,2174,356124,California
Contra Costa,2021-03-22,11505,571960,8666,328155,2591,235477,248,8328,7080,147188,4414,216263,7327,363451,California
Contra Costa,2021-03-23,15584,587544,10728,338883,4686,240163,170,8498,9522,150846,6036,222299,9694,373145,California
Contra Costa,2021-03-24,14916,602460,11648,350531,3056,243219,212,8710,9182,154536,5706,228005,9396,382541,California
Contra Costa,2021-03-25,15151,617611,11812,362343,3068,246287,271,8981,9363,158419,5751,233756,9634,392175,California
Contra Costa,2021-03-26,14889,632500,10678,373021,3816,250103,395,9376,8798,161538,6071,239827,9190,401365,California
Contra Costa,2021-03-27,10401,642901,6736,379757,3157,253260,508,9884,5764,163178,4629,244456,6269,407634,California
Contra Costa,2021-03-28,4117,647018,2914,382671,1150,254410,53,9937,1769,162662,2338,246794,1822,409456,California
Contra Costa,2021-03-29,10834,657852,8468,391139,2252,256662,114,10051,7105,166168,3714,250508,7220,416676,California
Contra Costa,2021-03-30,16715,674567,9112,400251,6250,262912,1353,11404,11059,172933,5642,256150,12407,429083,California
Contra Costa,2021-03-31,17924,692491,12558,412809,3928,266840,1438,12842,11579,179638,6315,262465,13020,442103,California
Contra Costa,2021-04-01,17399,709890,12190,424999,3846,270686,1363,14205,11346,186313,6034,268499,12709,454812,California
Contra Costa,2021-04-02,17361,727251,12828,437827,3531,274217,1002,15207,11562,193089,5789,274288,12565,467377,California
Contra Costa,2021-04-03,10774,738025,6429,444256,2815,277032,1530,16737,6195,196248,4566,278854,7725,475102,California
Contra Costa,2021-04-04,3231,741256,1255,445511,1414,278446,562,17299,844,195271,2383,281237,1406,476508,California
Contra Costa,2021-04-05,12041,753297,7873,453384,3209,281655,959,18258,6604,197408,5427,286664,7564,484072,California
Contra Costa,2021-04-06,17246,770543,11987,465371,2988,284643,2271,20529,9760,201972,7468,294132,12032,496104,California
Contra Costa,2021-04-07,18417,788960,12490,477861,3138,287781,2789,23318,10474,207352,7923,302055,13303,509407,California
Contra Costa,2021-04-08,18595,807555,12448,490309,3248,291029,2899,26217,10031,211730,8541,310596,12919,522326,California
Contra Costa,2021-04-09,18393,825948,11811,502120,4212,295241,2370,28587,9979,215689,8390,318986,12349,534675,California
Contra Costa,2021-04-10,10482,836430,3808,505928,2131,297372,4543,33130,3288,216331,7181,326167,7823,542498,California
Contra Costa,2021-04-11,3316,839746,1986,507914,680,298052,650,33780,1128,215928,2183,328350,1780,544278,California
Contra Costa,2021-04-12,11689,851435,7714,515628,2949,301001,1026,34806,5522,216326,6155,334505,6553,550831,California
Contra Costa,2021-04-13,17650,869085,10748,526376,6897,307898,5,34811,11799,222308,5828,340333,11810,562641,California
Contra Costa,2021-04-14,17136,886221,10661,537037,6475,314373,0,34811,9535,224266,7580,347913,9538,572179,California
Contra Costa,2021-04-15,16113,902334,10019,547056,6093,320466,1,34812,7221,222660,8861,356774,7255,579434,California
Contra Costa,2021-04-16,16485,918819,10399,557455,6084,326550,2,34814,7326,220865,9134,365908,7339,586773,California
Contra Costa,2021-04-17,11001,929820,6193,563648,4808,331358,0,34814,5834,221554,5150,371058,5839,592612,California
Contra Costa,2021-04-18,2794,932614,2124,565772,670,332028,0,34814,1833,222434,953,372011,1833,594445,California
Contra Costa,2021-04-19,11006,943620,8262,574034,2744,334772,0,34814,3380,218210,7606,379617,3382,597827,California
Contra Costa,2021-04-20,11820,955440,8092,582126,3728,338500,0,34814,4581,215605,7228,386845,4623,602450,California
Del Norte,2020-12-21,23,23,23,23,0,0,0,0,23,23,0,0,23,23,California
Del Norte,2020-12-22,46,69,46,69,0,0,0,0,46,69,0,0,46,69,California
Del Norte,2020-12-23,58,127,48,117,10,10,0,0,57,126,0,0,57,126,California
Del Norte,2020-12-28,34,161,34,151,0,10,0,0,34,160,0,0,34,160,California
Del Norte,2020-12-29,4,165,4,155,0,10,0,0,4,164,0,0,4,164,California
Del Norte,2020-12-30,67,232,55,210,12,22,0,0,68,232,0,0,68,232,California
Del Norte,2020-12-31,16,248,13,223,3,25,0,0,16,248,0,0,16,248,California
Del Norte,2021-01-04,102,350,49,272,53,78,0,0,102,350,0,0,102,350,California
Del Norte,2021-01-05,33,383,0,272,33,111,0,0,33,383,0,0,33,383,California
Del Norte,2021-01-06,77,460,18,290,59,170,0,0,77,460,0,0,77,460,California
Del Norte,2021-01-07,21,481,1,291,20,190,0,0,21,481,0,0,21,481,California
Del Norte,2021-01-08,77,558,7,298,70,260,0,0,77,558,0,0,77,558,California
Del Norte,2021-01-11,40,598,21,319,19,279,0,0,18,555,22,22,19,577,California
Del Norte,2021-01-12,50,648,32,351,18,297,0,0,29,563,21,43,29,606,California
Del Norte,2021-01-13,85,733,40,391,45,342,0,0,52,582,33,76,52,658,California
Del Norte,2021-01-14,52,785,14,405,38,380,0,0,46,622,6,82,46,704,California
Del Norte,2021-01-15,107,892,18,423,89,469,0,0,95,705,12,94,95,799,California
Del Norte,2021-01-17,1,893,1,424,0,469,0,0,1,706,0,94,1,800,California
Del Norte,2021-01-18,3,896,0,424,3,472,0,0,3,709,0,94,3,803,California
Del Norte,2021-01-19,119,1015,56,480,63,535,0,0,77,744,42,136,77,880,California
Del Norte,2021-01-20,158,1173,84,564,74,609,0,0,96,778,62,198,96,976,California
Del Norte,2021-01-21,43,1216,40,604,3,612,0,0,32,799,11,209,32,1008,California
Del Norte,2021-01-22,19,1235,16,620,3,615,0,0,12,804,7,216,12,1020,California
Del Norte,2021-01-23,1,1236,0,620,1,616,0,0,1,805,0,216,1,1021,California
Del Norte,2021-01-24,1,1237,0,620,1,617,0,0,1,806,0,216,1,1022,California
Del Norte,2021-01-25,97,1334,79,699,18,635,0,0,53,815,44,260,53,1075,California
Del Norte,2021-01-26,18,1352,11,710,7,642,0,0,7,811,11,271,7,1082,California
Del Norte,2021-01-27,64,1416,21,731,43,685,0,0,61,869,3,274,61,1143,California
Del Norte,2021-01-28,291,1707,20,751,271,956,0,0,287,1152,4,278,287,1430,California
Del Norte,2021-01-29,52,1759,19,770,33,989,0,0,42,1184,10,288,42,1472,California
Del Norte,2021-01-30,8,1767,1,771,7,996,0,0,8,1192,0,288,8,1480,California
Del Norte,2021-02-01,41,1808,1,772,40,1036,0,0,26,1203,15,303,26,1506,California
Del Norte,2021-02-02,142,1950,34,806,108,1144,0,0,73,1208,68,371,73,1579,California
Del Norte,2021-02-03,125,2075,40,846,85,1229,0,0,71,1225,54,425,71,1650,California
Del Norte,2021-02-04,72,2147,29,875,43,1272,0,0,42,1237,30,455,42,1692,California
Del Norte,2021-02-05,181,2328,22,897,159,1431,0,0,118,1293,62,517,118,1810,California
Del Norte,2021-02-06,311,2639,6,903,305,1736,0,0,311,1604,0,517,311,2121,California
Del Norte,2021-02-07,2,2641,1,904,1,1737,0,0,2,1606,0,517,2,2123,California
Del Norte,2021-02-08,36,2677,1,905,35,1772,0,0,32,1634,4,521,32,2155,California
Del Norte,2021-02-09,8,2685,5,910,3,1775,0,0,2,1630,6,527,2,2157,California
Del Norte,2021-02-10,143,2828,20,930,123,1898,0,0,86,1660,56,583,86,2243,California
Del Norte,2021-02-11,175,3003,58,988,117,2015,0,0,63,1611,112,695,63,2306,California
Del Norte,2021-02-12,121,3124,14,1002,107,2122,0,0,67,1624,54,749,67,2373,California
Del Norte,2021-02-13,2,3126,1,1003,1,2123,0,0,2,1626,0,749,2,2375,California
Del Norte,2021-02-14,3,3129,1,1004,2,2125,0,0,2,1627,1,750,2,2377,California
Del Norte,2021-02-15,5,3134,0,1004,5,2130,0,0,2,1626,3,753,2,2379,California
Del Norte,2021-02-16,132,3266,1,1005,131,2261,0,0,13,1520,119,872,13,2392,California
Del Norte,2021-02-17,91,3357,20,1025,71,2332,0,0,24,1477,67,939,24,2416,California
Del Norte,2021-02-18,77,3434,24,1049,53,2385,0,0,51,1502,26,965,51,2467,California
Del Norte,2021-02-19,43,3477,17,1066,26,2411,0,0,33,1525,10,975,33,2500,California
Del Norte,2021-02-20,9,3486,6,1072,3,2414,0,0,7,1530,2,977,7,2507,California
Del Norte,2021-02-22,2,3488,0,1072,2,2416,0,0,2,1532,0,977,2,2509,California
Del Norte,2021-02-23,101,3589,83,1155,18,2434,0,0,31,1493,70,1047,31,2540,California
Del Norte,2021-02-24,152,3741,98,1253,54,2488,0,0,79,1499,73,1120,79,2619,California
Del Norte,2021-02-25,475,4216,131,1384,344,2832,0,0,212,1449,262,1382,212,2831,California
Del Norte,2021-02-26,212,4428,176,1560,36,2868,0,0,166,1569,46,1428,166,2997,California
Del Norte,2021-02-27,152,4580,145,1705,6,2874,1,1,141,1700,11,1439,142,3139,California
Del Norte,2021-02-28,4,4584,1,1706,3,2877,0,1,3,1702,1,1440,3,3142,California
Del Norte,2021-03-01,28,4612,2,1708,26,2903,0,1,4,1682,24,1464,4,3146,California
Del Norte,2021-03-02,218,4830,140,1848,78,2981,0,1,185,1834,33,1497,185,3331,California
Del Norte,2021-03-03,159,4989,91,1939,68,3049,0,1,118,1911,41,1538,118,3449,California
Del Norte,2021-03-04,120,5109,83,2022,37,3086,0,1,91,1974,28,1566,91,3540,California
Del Norte,2021-03-05,91,5200,9,2031,82,3168,0,1,43,1969,48,1614,43,3583,California
Del Norte,2021-03-06,455,5655,78,2109,327,3495,50,51,164,1849,291,1905,171,3754,California
Del Norte,2021-03-07,2,5657,1,2110,1,3496,0,51,1,1849,1,1906,1,3755,California
Del Norte,2021-03-08,28,5685,1,2111,25,3521,2,53,5,1833,23,1929,7,3762,California
Del Norte,2021-03-09,194,5879,112,2223,79,3600,3,56,183,2008,11,1940,186,3948,California
Del Norte,2021-03-10,218,6097,97,2320,93,3693,28,84,132,2082,86,2026,160,4108,California
Del Norte,2021-03-11,151,6248,55,2375,92,3785,4,88,104,2143,47,2073,108,4216,California
Del Norte,2021-03-12,178,6426,90,2465,88,3873,0,88,125,2215,53,2126,125,4341,California
Del Norte,2021-03-13,95,6521,94,2559,1,3874,0,88,91,2302,4,2130,91,4432,California
Del Norte,2021-03-14,1,6522,0,2559,1,3875,0,88,1,2302,1,2131,1,4433,California
Del Norte,2021-03-15,39,6561,0,2559,38,3913,1,89,34,2332,5,2136,35,4468,California
Del Norte,2021-03-16,280,6841,136,2695,144,4057,0,89,259,2570,21,2157,259,4727,California
Del Norte,2021-03-17,282,7123,95,2790,185,4242,2,91,168,2626,114,2271,170,4897,California
Del Norte,2021-03-18,285,7408,108,2898,174,4416,3,94,149,2643,135,2406,152,5049,California
Del Norte,2021-03-19,266,7674,159,3057,101,4517,6,100,91,2565,175,2581,97,5146,California
Del Norte,2021-03-20,157,7831,155,3212,2,4519,0,100,15,2438,142,2723,15,5161,California
Del Norte,2021-03-21,4,7835,2,3214,2,4521,0,100,2,2438,2,2725,2,5163,California
Del Norte,2021-03-22,42,7877,3,3217,38,4559,1,101,39,2475,3,2728,40,5203,California
Del Norte,2021-03-23,330,8207,163,3380,149,4708,18,119,160,2485,168,2896,178,5381,California
Del Norte,2021-03-24,392,8599,107,3487,244,4952,41,160,238,2610,154,3050,279,5660,California
Del Norte,2021-03-25,195,8794,91,3578,104,5056,0,160,87,2590,107,3157,87,5747,California
Del Norte,2021-03-26,227,9021,108,3686,119,5175,0,160,194,2751,33,3190,194,5941,California
Del Norte,2021-03-27,108,9129,87,3773,4,5179,17,177,17,2694,91,3281,34,5975,California
Del Norte,2021-03-28,4,9133,2,3775,2,5181,0,177,1,2692,3,3284,1,5976,California
Del Norte,2021-03-29,57,9190,6,3781,34,5215,17,194,32,2716,25,3309,49,6025,California
Del Norte,2021-03-30,334,9524,118,3899,205,5420,11,205,126,2645,208,3517,137,6162,California
Del Norte,2021-03-31,346,9870,100,3999,229,5649,17,222,190,2698,154,3671,207,6369,California
Del Norte,2021-04-01,166,10036,60,4059,72,5721,34,256,71,2709,94,3765,105,6474,California
Del Norte,2021-04-02,233,10269,80,4139,104,5825,49,305,76,2678,157,3922,126,6600,California
Del Norte,2021-04-03,103,10372,82,4221,2,5827,19,324,4,2603,98,4020,23,6623,California
Del Norte,2021-04-04,4,10376,0,4221,0,5827,4,328,0,2603,4,4024,4,6627,California
Del Norte,2021-04-05,53,10429,5,4226,44,5871,4,332,46,2646,7,4031,50,6677,California
Del Norte,2021-04-06,378,10807,119,4345,222,6093,37,369,145,2600,229,4260,183,6860,California
Del Norte,2021-04-07,424,11231,115,4460,250,6343,59,428,282,2800,141,4401,341,7201,California
Del Norte,2021-04-08,233,11464,54,4514,111,6454,68,496,111,2857,122,4523,179,7380,California
Del Norte,2021-04-09,202,11666,48,4562,80,6534,74,570,98,2924,103,4626,170,7550,California
Del Norte,2021-04-10,48,11714,27,4589,4,6538,17,587,27,2947,21,4647,44,7594,California
Del Norte,2021-04-11,12,11726,3,4592,2,6540,7,594,2,2946,10,4657,9,7603,California
Del Norte,2021-04-12,28,11754,1,4593,9,6549,18,612,1,2939,26,4683,19,7622,California
Del Norte,2021-04-13,296,12050,49,4642,247,6796,0,612,155,2953,141,4824,155,7777,California
Del Norte,2021-04-14,325,12375,22,4664,303,7099,0,612,136,2905,189,5013,141,7918,California
Del Norte,2021-04-15,158,12533,35,4699,123,7222,0,612,47,2842,111,5124,48,7966,California
Del Norte,2021-04-16,158,12691,36,4735,122,7344,0,612,60,2805,98,5222,61,8027,California
Del Norte,2021-04-17,94,12785,65,4800,29,7373,0,612,88,2888,5,5227,88,8115,California
Del Norte,2021-04-18,4,12789,3,4803,1,7374,0,612,4,2892,0,5227,4,8119,California
Del Norte,2021-04-19,35,12824,4,4807,31,7405,0,612,2,2861,33,5260,2,8121,California
Del Norte,2021-04-20,9,12833,0,4807,9,7414,0,612,5,2862,4,5264,5,8126,California
El Dorado,2020-12-15,12,12,12,12,0,0,0,0,12,12,0,0,12,12,California
El Dorado,2020-12-16,40,52,40,52,0,0,0,0,40,52,0,0,40,52,California
El Dorado,2020-12-17,30,82,30,82,0,0,0,0,30,82,0,0,30,82,California
El Dorado,2020-12-18,236,318,236,318,0,0,0,0,236,318,0,0,236,318,California
El Dorado,2020-12-19,116,434,116,434,0,0,0,0,116,434,0,0,116,434,California
El Dorado,2020-12-20,85,519,85,519,0,0,0,0,85,519,0,0,85,519,California
El Dorado,2020-12-21,307,826,306,825,1,1,0,0,307,826,0,0,307,826,California
El Dorado,2020-12-22,238,1064,214,1039,24,25,0,0,238,1064,0,0,238,1064,California
El Dorado,2020-12-23,189,1253,139,1178,50,75,0,0,189,1253,0,0,189,1253,California
El Dorado,2020-12-24,86,1339,65,1243,21,96,0,0,86,1339,0,0,86,1339,California
El Dorado,2020-12-25,8,1347,8,1251,0,96,0,0,8,1347,0,0,8,1347,California
El Dorado,2020-12-26,44,1391,26,1277,18,114,0,0,44,1391,0,0,44,1391,California
El Dorado,2020-12-27,37,1428,33,1310,4,118,0,0,37,1428,0,0,37,1428,California
El Dorado,2020-12-28,217,1645,170,1480,47,165,0,0,217,1645,0,0,217,1645,California
El Dorado,2020-12-29,454,2099,140,1620,314,479,0,0,454,2099,0,0,454,2099,California
El Dorado,2020-12-30,504,2603,136,1756,368,847,0,0,504,2603,0,0,504,2603,California
El Dorado,2020-12-31,108,2711,68,1824,40,887,0,0,108,2711,0,0,108,2711,California
El Dorado,2021-01-01,6,2717,4,1828,2,889,0,0,6,2717,0,0,6,2717,California
El Dorado,2021-01-02,151,2868,140,1968,11,900,0,0,151,2868,0,0,151,2868,California
El Dorado,2021-01-03,90,2958,16,1984,74,974,0,0,90,2958,0,0,90,2958,California
El Dorado,2021-01-04,190,3148,63,2047,127,1101,0,0,190,3148,0,0,190,3148,California
El Dorado,2021-01-05,204,3352,49,2096,155,1256,0,0,188,3320,16,16,188,3336,California
El Dorado,2021-01-06,261,3613,188,2284,73,1329,0,0,198,3455,63,79,198,3534,California
El Dorado,2021-01-07,326,3939,134,2418,192,1521,0,0,256,3641,70,149,256,3790,California
El Dorado,2021-01-08,972,4911,500,2918,472,1993,0,0,769,4208,203,352,770,4560,California
El Dorado,2021-01-09,193,5104,157,3075,36,2029,0,0,125,4265,68,420,125,4685,California
El Dorado,2021-01-10,180,5284,129,3204,51,2080,0,0,111,4307,69,489,111,4796,California
El Dorado,2021-01-11,658,5942,292,3496,366,2446,0,0,460,4570,197,686,460,5256,California
El Dorado,2021-01-12,692,6634,421,3917,271,2717,0,0,444,4766,248,934,444,5700,California
El Dorado,2021-01-13,694,7328,295,4212,399,3116,0,0,534,5140,160,1094,534,6234,California
El Dorado,2021-01-14,681,8009,218,4430,463,3579,0,0,586,5631,95,1189,586,6820,California
El Dorado,2021-01-15,673,8682,184,4614,489,4068,0,0,601,6160,72,1261,601,7421,California
El Dorado,2021-01-16,171,8853,103,4717,68,4136,0,0,144,6277,27,1288,144,7565,California
El Dorado,2021-01-17,99,8952,47,4764,52,4188,0,0,82,6342,17,1305,82,7647,California
El Dorado,2021-01-18,417,9369,138,4902,279,4467,0,0,349,6623,68,1373,349,7996,California
El Dorado,2021-01-19,637,10006,352,5254,285,4752,0,0,488,6963,149,1522,489,8485,California
El Dorado,2021-01-20,1008,11014,685,5939,323,5075,0,0,896,7748,111,1633,896,9381,California
El Dorado,2021-01-21,1151,12165,570,6509,581,5656,0,0,945,8528,165,1798,945,10326,California
El Dorado,2021-01-22,1094,13259,703,7212,391,6047,0,0,1043,9521,50,1848,1043,11369,California
El Dorado,2021-01-23,736,13995,617,7829,119,6166,0,0,625,10035,111,1959,625,11994,California
El Dorado,2021-01-24,126,14121,76,7905,50,6216,0,0,107,10123,19,1978,107,12101,California
El Dorado,2021-01-25,611,14732,205,8110,406,6622,0,0,522,10556,89,2067,522,12623,California
El Dorado,2021-01-26,670,15402,362,8472,308,6930,0,0,567,11021,103,2170,568,13191,California
El Dorado,2021-01-27,927,16329,331,8803,596,7526,0,0,591,11276,337,2507,592,13783,California
El Dorado,2021-01-28,1099,17428,450,9253,649,8175,0,0,741,11660,358,2865,742,14525,California
El Dorado,2021-01-29,965,18393,487,9740,478,8653,0,0,736,12169,228,3093,737,15262,California
El Dorado,2021-01-30,612,19005,360,10100,252,8905,0,0,451,12459,161,3254,451,15713,California
El Dorado,2021-01-31,209,19214,188,10288,21,8926,0,0,180,12610,29,3283,180,15893,California
El Dorado,2021-02-01,786,20000,368,10656,418,9344,0,0,642,13109,143,3426,642,16535,California
El Dorado,2021-02-02,828,20828,366,11022,462,9806,0,0,667,13615,161,3587,667,17202,California
El Dorado,2021-02-03,898,21726,475,11497,423,10229,0,0,686,14089,212,3799,686,17888,California
El Dorado,2021-02-04,1264,22990,721,12218,543,10772,0,0,871,14567,393,4192,871,18759,California
El Dorado,2021-02-05,1479,24469,597,12815,882,11654,0,0,866,14855,578,4770,866,19625,California
El Dorado,2021-02-06,638,25107,333,13148,305,11959,0,0,530,15278,108,4878,531,20156,California
El Dorado,2021-02-07,256,25363,176,13324,80,12039,0,0,192,15406,64,4942,192,20348,California
El Dorado,2021-02-08,878,26241,416,13740,462,12501,0,0,605,15738,273,5215,605,20953,California
El Dorado,2021-02-09,901,27142,487,14227,414,12915,0,0,479,15795,422,5637,479,21432,California
El Dorado,2021-02-10,1235,28377,728,14955,507,13422,0,0,644,15849,590,6227,644,22076,California
El Dorado,2021-02-11,2127,30504,879,15834,1248,14670,0,0,956,15636,1170,7397,957,23033,California
El Dorado,2021-02-12,1556,32060,822,16656,734,15404,0,0,676,15433,880,8277,677,23710,California
El Dorado,2021-02-13,976,33036,668,17324,308,15712,0,0,432,15324,541,8818,432,24142,California
El Dorado,2021-02-14,480,33516,153,17477,327,16039,0,0,397,15638,83,8901,397,24539,California
El Dorado,2021-02-15,1180,34696,387,17864,793,16832,0,0,827,16115,353,9254,830,25369,California
El Dorado,2021-02-16,1180,35876,528,18392,652,17484,0,0,672,16281,507,9761,673,26042,California
El Dorado,2021-02-17,896,36772,371,18763,525,18009,0,0,419,16225,477,10238,421,26463,California
El Dorado,2021-02-18,2074,38846,1006,19769,1068,19077,0,0,1349,16850,724,10962,1349,27812,California
El Dorado,2021-02-19,1159,40005,599,20368,560,19637,0,0,645,16982,514,11476,646,28458,California
El Dorado,2021-02-20,914,40919,435,20803,479,20116,0,0,666,17406,242,11718,666,29124,California
El Dorado,2021-02-21,280,41199,224,21027,56,20172,0,0,98,17323,181,11899,98,29222,California
El Dorado,2021-02-22,860,42059,435,21462,425,20597,0,0,276,17016,583,12482,276,29498,California
El Dorado,2021-02-23,820,42879,472,21934,348,20945,0,0,333,16863,486,12968,333,29831,California
El Dorado,2021-02-24,994,43873,439,22373,555,21500,0,0,402,16674,592,13560,403,30234,California
El Dorado,2021-02-25,1605,45478,883,23256,722,22222,0,0,699,16475,900,14460,701,30935,California
El Dorado,2021-02-26,2327,47805,1480,24736,847,23069,0,0,1571,17292,754,15214,1571,32506,California
El Dorado,2021-02-27,1653,49458,438,25174,1215,24284,0,0,1214,18070,436,15650,1214,33720,California
El Dorado,2021-02-28,571,50029,204,25378,367,24651,0,0,420,18340,151,15801,421,34141,California
El Dorado,2021-03-01,1097,51126,450,25828,647,25298,0,0,604,18452,492,16293,604,34745,California
El Dorado,2021-03-02,878,52004,264,26092,614,25912,0,0,452,18480,424,16717,452,35197,California
El Dorado,2021-03-03,1652,53656,454,26546,1198,27110,0,0,1127,19090,519,17236,1129,36326,California
El Dorado,2021-03-04,2478,56134,1530,28076,948,28058,0,0,1210,19035,1265,18501,1210,37536,California
El Dorado,2021-03-05,1557,57691,422,28498,1130,29188,5,5,1028,19544,524,19025,1033,38569,California
El Dorado,2021-03-06,726,58417,208,28706,485,29673,33,38,381,19613,345,19370,414,38983,California
El Dorado,2021-03-07,398,58815,197,28903,183,29856,18,56,235,19705,161,19531,253,39236,California
El Dorado,2021-03-08,1318,60133,363,29266,885,30741,70,126,850,20160,465,19996,920,40156,California
El Dorado,2021-03-09,954,61087,227,29493,660,31401,67,193,562,20412,377,20373,629,40785,California
El Dorado,2021-03-10,925,62012,342,29835,528,31929,55,248,535,20617,385,20758,590,41375,California
El Dorado,2021-03-11,2981,64993,1824,31659,975,32904,182,430,1363,20557,1604,22362,1544,42919,California
El Dorado,2021-03-12,1746,66739,619,32278,883,33787,244,674,725,20518,1008,23370,969,43888,California
El Dorado,2021-03-13,1046,67785,343,32621,418,34205,285,959,359,20475,684,24054,641,44529,California
El Dorado,2021-03-14,772,68557,207,32828,453,34658,112,1071,260,20335,512,24566,372,44901,California
El Dorado,2021-03-15,1374,69931,297,33125,951,35609,126,1197,586,20264,784,25350,713,45614,California
El Dorado,2021-03-16,1189,71120,404,33529,641,36250,144,1341,549,20323,634,25984,693,46307,California
El Dorado,2021-03-17,1073,72193,351,33880,628,36878,94,1435,690,20723,383,26367,783,47090,California
El Dorado,2021-03-18,2944,75137,1736,35616,1164,38042,44,1479,1960,21750,977,27344,2004,49094,California
El Dorado,2021-03-19,1081,76218,358,35974,579,38621,144,1623,609,22032,472,27816,754,49848,California
El Dorado,2021-03-20,929,77147,264,36238,648,39269,17,1640,354,21839,564,28380,371,50219,California
El Dorado,2021-03-21,1021,78168,416,36654,600,39869,5,1645,935,22694,85,28465,940,51159,California
El Dorado,2021-03-22,1480,79648,486,37140,913,40782,81,1726,1184,23668,291,28756,1265,52424,California
El Dorado,2021-03-23,1112,80760,450,37590,571,41353,91,1817,724,24104,379,29135,815,53239,California
El Dorado,2021-03-24,1432,82192,620,38210,618,41971,194,2011,694,24267,725,29860,888,54127,California
El Dorado,2021-03-25,2456,84648,1662,39872,691,42662,103,2114,1368,24655,1083,30943,1471,55598,California
El Dorado,2021-03-26,1764,86412,681,40553,974,43636,109,2223,940,24897,808,31751,1050,56648,California
El Dorado,2021-03-27,1290,87702,185,40738,1101,44737,4,2227,316,24249,968,32719,320,56968,California
El Dorado,2021-03-28,612,88314,183,40921,420,45157,9,2236,196,24041,413,33132,205,57173,California
El Dorado,2021-03-29,1315,89629,432,41353,869,46026,14,2250,839,24421,473,33605,853,58026,California
El Dorado,2021-03-30,1326,90955,412,41765,824,46850,90,2340,687,24563,634,34239,776,58802,California
El Dorado,2021-03-31,1531,92486,576,42341,892,47742,63,2403,702,24500,827,35066,764,59566,California
El Dorado,2021-04-01,3192,95678,1747,44088,1362,49104,83,2486,1517,24429,1673,36739,1602,61168,California
El Dorado,2021-04-02,1850,97528,555,44643,1202,50306,93,2579,743,24162,1103,37842,836,62004,California
El Dorado,2021-04-03,734,98262,284,44927,331,50637,119,2698,220,23987,514,38356,339,62343,California
El Dorado,2021-04-04,266,98528,84,45011,135,50772,47,2745,95,23959,170,38526,142,62485,California
El Dorado,2021-04-05,1415,99943,422,45433,900,51672,93,2838,594,23828,818,39344,687,63172,California
El Dorado,2021-04-06,1399,101342,517,45950,663,52335,219,3057,448,23546,949,40293,667,63839,California
El Dorado,2021-04-07,1562,102904,552,46502,565,52900,445,3502,559,23547,1001,41294,1002,64841,California
El Dorado,2021-04-08,2665,105569,1721,48223,709,53609,235,3737,1122,23367,1537,42831,1357,66198,California
El Dorado,2021-04-09,1385,106954,427,48650,741,54350,217,3954,544,23288,838,43669,759,66957,California
El Dorado,2021-04-10,818,107772,223,48873,486,54836,109,4063,478,23536,339,44008,587,67544,California
El Dorado,2021-04-11,694,108466,451,49324,227,55063,16,4079,204,23266,490,44498,220,67764,California
El Dorado,2021-04-12,1276,109742,493,49817,637,55700,146,4225,582,23307,687,45185,728,68492,California
El Dorado,2021-04-13,1100,110842,595,50412,505,56205,0,4225,507,23226,588,45773,507,68999,California
El Dorado,2021-04-14,1006,111848,403,50815,602,56807,1,4226,335,22904,658,46431,336,69335,California
El Dorado,2021-04-15,2344,114192,1594,52409,750,57557,0,4226,884,22336,1457,47888,889,70224,California
El Dorado,2021-04-16,1292,115484,518,52927,774,58331,0,4226,511,22072,776,48664,512,70736,California
El Dorado,2021-04-17,725,116209,191,53118,534,58865,0,4226,457,22261,268,48932,457,71193,California
El Dorado,2021-04-18,925,117134,72,53190,853,59718,0,4226,362,22060,563,49495,362,71555,California
El Dorado,2021-04-19,1631,118765,432,53622,1199,60917,0,4226,635,21704,991,50486,635,72190,California
El Dorado,2021-04-20,274,119039,120,53742,154,61071,0,4226,126,21684,147,50633,127,72317,California
Fresno,2020-12-15,2,2,2,2,0,0,0,0,2,2,0,0,2,2,California
Fresno,2020-12-16,121,123,121,123,0,0,0,0,121,123,0,0,121,123,California
Fresno,2020-12-17,120,243,120,243,0,0,0,0,120,243,0,0,120,243,California
Fresno,2020-12-18,344,587,344,587,0,0,0,0,344,587,0,0,344,587,California
Fresno,2020-12-19,157,744,157,744,0,0,0,0,157,744,0,0,157,744,California
Fresno,2020-12-20,256,1000,254,998,2,2,0,0,256,1000,0,0,256,1000,California
Fresno,2020-12-21,924,1924,923,1921,1,3,0,0,956,1956,0,0,956,1956,California
Fresno,2020-12-22,901,2825,872,2793,29,32,0,0,905,2861,0,0,905,2861,California
Fresno,2020-12-23,1083,3908,1047,3840,36,68,0,0,1084,3945,0,0,1084,3945,California
Fresno,2020-12-24,581,4489,562,4402,19,87,0,0,581,4526,0,0,581,4526,California
Fresno,2020-12-25,2,4491,1,4403,1,88,0,0,2,4528,0,0,2,4528,California
Fresno,2020-12-26,722,5213,713,5116,9,97,0,0,722,5250,0,0,722,5250,California
Fresno,2020-12-27,298,5511,204,5320,94,191,0,0,298,5548,0,0,298,5548,California
Fresno,2020-12-28,1061,6572,774,6094,287,478,0,0,1061,6609,0,0,1061,6609,California
Fresno,2020-12-29,1770,8342,1040,7134,730,1208,0,0,1768,8376,1,1,1768,8377,California
Fresno,2020-12-30,980,9322,478,7612,502,1710,0,0,980,9356,0,1,980,9357,California
Fresno,2020-12-31,893,10215,310,7922,583,2293,0,0,892,10248,0,1,892,10249,California
Fresno,2021-01-01,9,10224,3,7925,6,2299,0,0,9,10257,0,1,9,10258,California
Fresno,2021-01-02,1030,11254,717,8642,313,2612,0,0,1030,11287,0,1,1030,11288,California
Fresno,2021-01-03,153,11407,128,8770,25,2637,0,0,153,11440,0,1,153,11441,California
Fresno,2021-01-04,609,12016,374,9144,235,2872,0,0,609,12049,0,1,609,12050,California
Fresno,2021-01-05,775,12791,311,9455,464,3336,0,0,701,12676,74,75,701,12751,California
Fresno,2021-01-06,975,13766,346,9801,629,3965,0,0,803,13307,172,247,803,13554,California
Fresno,2021-01-07,1883,15649,912,10713,971,4936,0,0,1630,14687,253,500,1633,15187,California
Fresno,2021-01-08,1780,17429,615,11328,1165,6101,0,0,1415,15739,363,863,1415,16602,California
Fresno,2021-01-09,628,18057,386,11714,242,6343,0,0,354,15819,274,1137,354,16956,California
Fresno,2021-01-10,515,18572,485,12199,30,6373,0,0,202,15708,313,1450,202,17158,California
Fresno,2021-01-11,2154,20726,1750,13949,404,6777,0,0,1462,16481,692,2142,1465,18623,California
Fresno,2021-01-12,2518,23244,1826,15775,692,7469,0,0,1671,17305,849,2991,1673,20296,California
Fresno,2021-01-13,3536,26780,2421,18196,1115,8584,0,0,2680,19131,856,3847,2682,22978,California
Fresno,2021-01-14,4149,30929,2200,20396,1949,10533,0,0,3678,22339,470,4317,3678,26656,California
Fresno,2021-01-15,3640,34569,2531,22927,1109,11642,0,0,3282,25267,358,4675,3286,29942,California
Fresno,2021-01-16,3149,37718,2307,25234,842,12484,0,0,2685,27490,463,5138,2686,32628,California
Fresno,2021-01-17,976,38694,554,25788,422,12906,0,0,778,28070,198,5336,778,33406,California
Fresno,2021-01-18,3073,41767,2367,28155,706,13612,0,0,2410,29821,661,5997,2412,35818,California
Fresno,2021-01-19,4322,46089,2540,30695,1782,15394,0,0,3675,32852,647,6644,3678,39496,California
Fresno,2021-01-20,2996,49085,1186,31881,1810,17204,0,0,2697,35252,300,6944,2700,42196,California
Fresno,2021-01-21,4347,53432,2000,33881,2347,19551,0,0,4000,38928,329,7273,4005,46201,California
Fresno,2021-01-22,3306,56738,1344,35225,1962,21513,0,0,2919,41478,370,7643,2920,49121,California
Fresno,2021-01-23,3033,59771,1961,37186,1072,22585,0,0,2309,43072,723,8366,2317,51438,California
Fresno,2021-01-24,548,60319,372,37558,176,22761,0,0,345,43217,203,8569,348,51786,California
Fresno,2021-01-25,2337,62656,864,38422,1473,24234,0,0,1850,44584,487,9056,1854,53640,California
Fresno,2021-01-26,2017,64673,582,39004,1435,25669,0,0,1315,45200,700,9756,1316,54956,California
Fresno,2021-01-27,2249,66922,1161,40165,1088,26757,0,0,1729,46413,519,10275,1732,56688,California
Fresno,2021-01-28,4458,71380,3031,43196,1427,28184,0,0,3451,48864,1003,11278,3454,60142,California
Fresno,2021-01-29,1698,73078,983,44179,715,28899,0,0,1400,49970,295,11573,1401,61543,California
Fresno,2021-01-30,1444,74522,551,44730,893,29792,0,0,1030,50586,414,11987,1030,62573,California
Fresno,2021-01-31,225,74747,216,44946,9,29801,0,0,71,50503,154,12141,71,62644,California
Fresno,2021-02-01,3327,78074,1661,46607,1666,31467,0,0,1813,50821,1513,13654,1831,64475,California
Fresno,2021-02-02,2716,80790,553,47160,2163,33630,0,0,1586,51307,1116,14770,1602,66077,California
Fresno,2021-02-03,3531,84321,2094,49254,1437,35067,0,0,1516,50823,2001,16771,1517,67594,California
Fresno,2021-02-04,4193,88514,1895,51149,2298,37365,0,0,1929,50523,2234,19005,1934,69528,California
Fresno,2021-02-05,5322,93836,2721,53870,2601,39966,0,0,2310,49828,3007,22012,2312,71840,California
Fresno,2021-02-06,2931,96767,2044,55914,887,40853,0,0,974,48851,1953,23965,976,72816,California
Fresno,2021-02-07,466,97233,287,56201,179,41032,0,0,272,48930,193,24158,272,73088,California
Fresno,2021-02-08,4273,101506,2293,58494,1980,43012,0,0,1811,48312,2438,26596,1820,74908,California
Fresno,2021-02-09,5326,106832,2081,60575,3245,46257,0,0,3118,49305,2133,28729,3126,78034,California
Fresno,2021-02-10,3870,110702,1233,61808,2637,48894,0,0,1979,49459,1836,30565,1990,80024,California
Fresno,2021-02-11,6443,117145,2089,63897,4354,53248,0,0,3382,49798,3047,33612,3386,83410,California
Fresno,2021-02-12,5369,122514,1380,65277,3989,57237,0,0,2746,49944,2606,36218,2752,86162,California
Fresno,2021-02-13,3726,126240,1546,66823,2180,59417,0,0,2077,50389,1637,37855,2082,88244,California
Fresno,2021-02-14,1561,127801,281,67104,1280,60697,0,0,850,50530,710,38565,851,89095,California
Fresno,2021-02-15,2885,130686,271,67375,2614,63311,0,0,1778,51210,1103,39668,1783,90878,California
Fresno,2021-02-16,6674,137360,2399,69774,4275,67586,0,0,4243,53045,2414,42082,4249,95127,California
Fresno,2021-02-17,5329,142689,2454,72228,2875,70461,0,0,2982,53728,2303,44385,2986,98113,California
Fresno,2021-02-18,6854,149543,2902,75130,3952,74413,0,0,2578,52091,4226,48611,2589,100702,California
Fresno,2021-02-19,3831,153374,1098,76228,2733,77146,0,0,1829,51931,1992,50603,1832,102534,California
Fresno,2021-02-20,4531,157905,2498,78726,2033,79179,0,0,3054,53519,1471,52074,3059,105593,California
Fresno,2021-02-21,186,158091,169,78895,17,79196,0,0,128,53602,45,52119,128,105721,California
Fresno,2021-02-22,2227,160318,1000,79895,1227,80423,0,0,1225,53836,994,53113,1228,106949,California
Fresno,2021-02-23,3876,164194,1469,81364,2407,82830,0,0,3020,56011,847,53960,3022,109971,California
Fresno,2021-02-24,4169,168363,1491,82855,2678,85508,0,0,3427,58710,731,54691,3430,113401,California
Fresno,2021-02-25,7466,175829,2509,85364,4957,90465,0,0,6015,63346,1385,56076,6021,119422,California
Fresno,2021-02-26,8298,184127,3020,88384,5278,95743,0,0,7021,69116,1256,57332,7026,126448,California
Fresno,2021-02-27,6276,190403,2191,90575,4085,99828,0,0,5594,74042,674,58006,5600,132048,California
Fresno,2021-02-28,1629,192032,529,91104,1100,100928,0,0,1546,75516,72,58078,1546,133594,California
Fresno,2021-03-01,4896,196928,1287,92391,3609,104537,0,0,3594,77826,1292,59370,3602,137196,California
Fresno,2021-03-02,8459,205387,2299,94690,6160,110697,0,0,7103,83619,1333,60703,7126,144322,California
Fresno,2021-03-03,6632,212019,1582,96272,5049,115746,1,1,5618,88350,1002,61705,5733,150055,California
Fresno,2021-03-04,8441,220460,2516,98788,5925,121671,0,1,6931,93804,1485,63190,6939,156994,California
Fresno,2021-03-05,7911,228371,2695,101483,5215,126886,1,2,6904,99908,876,64066,6980,163974,California
Fresno,2021-03-06,6449,234820,3533,105016,2799,129685,117,119,5508,104601,936,65002,5629,169603,California
Fresno,2021-03-07,1470,236290,675,105691,761,130446,34,153,1244,105655,225,65227,1279,170882,California
Fresno,2021-03-08,4980,241270,1941,107632,2887,133333,152,305,3810,108465,1163,66390,3973,174855,California
Fresno,2021-03-09,6971,248241,2356,109988,4347,137680,268,573,3930,109675,3023,69413,4233,179088,California
Fresno,2021-03-10,6600,254841,2743,112731,3470,141150,387,960,5213,113907,1377,70790,5609,184697,California
Fresno,2021-03-11,11253,266094,4528,117259,6161,147311,564,1524,6189,115711,5025,75815,6829,191526,California
Fresno,2021-03-12,11465,277559,4913,122172,6103,153414,449,1973,8485,121821,2964,78779,9074,200600,California
Fresno,2021-03-13,8135,285694,3896,126068,3221,156635,1018,2991,3914,122621,4203,82982,5003,205603,California
Fresno,2021-03-14,1746,287440,463,126531,1003,157638,280,3271,660,122481,1078,84060,938,206541,California
Fresno,2021-03-15,6826,294266,2922,129453,3734,161372,170,3441,4673,125367,2140,86200,5026,211567,California
Fresno,2021-03-16,10045,304311,4394,133847,5260,166632,391,3832,6054,127945,3964,90164,6542,218109,California
Fresno,2021-03-17,8394,312705,3859,137706,3841,170473,694,4526,5624,131892,2751,92915,6698,224807,California
Fresno,2021-03-18,12129,324834,6552,144258,4948,175421,629,5155,7927,136709,4161,97076,8978,233785,California
Fresno,2021-03-19,10830,335664,5612,149870,4604,180025,614,5769,7373,141558,3431,100507,8280,242065,California
Fresno,2021-03-20,7339,343003,4395,154265,2633,182658,311,6080,4505,143827,2817,103324,5086,247151,California
Fresno,2021-03-21,1763,344766,1197,155462,195,182853,371,6451,956,144352,803,104127,1328,248479,California
Fresno,2021-03-22,5595,350361,2882,158344,2118,184971,595,7046,3803,147175,1774,105901,4597,253076,California
Fresno,2021-03-23,10571,360932,5229,163573,4851,189822,491,7537,6116,149773,4435,110336,7033,260109,California
Fresno,2021-03-24,8578,369510,3620,167193,4129,193951,829,8366,4730,151568,3817,114153,5612,265721,California
Fresno,2021-03-25,11992,381502,5552,172745,5660,199611,780,9146,6160,152790,5800,119953,7022,272743,California
Fresno,2021-03-26,11859,393361,5308,178053,5909,205520,642,9788,5266,152170,6550,126503,5930,278673,California
Fresno,2021-03-27,9365,402726,4127,182180,4152,209672,1086,10874,2937,149801,6396,132899,4027,282700,California
Fresno,2021-03-28,3273,405999,1192,183372,1393,211065,688,11562,1255,149991,2011,134910,2201,284901,California
Fresno,2021-03-29,5990,411989,1977,185349,3472,214537,541,12103,2908,150394,3059,137969,3462,288363,California
Fresno,2021-03-30,10689,422678,4187,189536,5626,220163,876,12979,4429,149463,6238,144207,5307,293670,California
Fresno,2021-03-31,9193,431871,3307,192843,4912,225075,974,13953,3858,148999,5299,149506,4835,298505,California
Fresno,2021-04-01,11256,443127,4040,196883,6366,231441,850,14803,3908,146439,7275,156781,4715,303220,California
Fresno,2021-04-02,11439,454566,4387,201270,6270,237711,782,15585,4198,144331,7095,163876,4987,308207,California
Fresno,2021-04-03,6123,460689,3371,204641,2505,240216,247,15832,2208,142922,3902,167778,2493,310700,California
Fresno,2021-04-04,1483,462172,529,205170,912,241128,42,15874,560,142609,915,168693,602,311302,California
Fresno,2021-04-05,8184,470356,4422,209592,2977,244105,785,16659,2510,140309,5666,174359,3366,314668,California
Fresno,2021-04-06,9440,479796,3932,213524,4344,248449,1164,17823,3589,139258,5819,180178,4768,319436,California
Fresno,2021-04-07,10218,490014,5276,218800,3766,252215,1176,18999,3530,137334,6660,186838,4736,324172,California
Fresno,2021-04-08,10731,500745,5107,223907,4491,256706,1133,20132,3456,134731,7238,194076,4635,328807,California
Fresno,2021-04-09,10044,510789,4552,228459,4162,260868,1330,21462,3243,132561,6767,200843,4597,333404,California
Fresno,2021-04-10,7764,518553,5072,233531,2175,263043,517,21979,3682,132684,4077,204920,4200,337604,California
Fresno,2021-04-11,1384,519937,926,234457,368,263411,90,22069,449,132291,931,205851,538,338142,California
Fresno,2021-04-12,6995,526932,3713,238170,2382,265793,900,22969,2275,130768,4700,210551,3177,341319,California
Fresno,2021-04-13,8772,535704,4102,242272,4599,270392,71,23040,3429,129046,5314,215865,3592,344911,California
Fresno,2021-04-14,8053,543757,4487,246759,3566,273958,0,23040,3191,127456,4829,220694,3239,348150,California
Fresno,2021-04-15,7121,550878,3283,250042,3836,277794,2,23042,2705,125785,4390,225084,2719,350869,California
Fresno,2021-04-16,8462,559340,3866,253908,4594,282388,2,23044,3599,124564,4829,229913,3608,354477,California
Fresno,2021-04-17,5529,564869,3699,257607,1830,284218,0,23044,2697,124447,2815,232728,2698,357175,California
Fresno,2021-04-18,992,565861,537,258144,455,284673,0,23044,453,124364,536,233264,453,357628,California
Fresno,2021-04-19,4931,570792,2590,260734,2340,287013,1,23045,1994,123455,2908,236172,1999,359627,California
Fresno,2021-04-20,3591,574383,1349,262083,2240,289253,2,23047,1373,122628,2205,238377,1378,361005,California
Glenn,2020-12-17,1,1,1,1,0,0,0,0,1,1,0,0,1,1,California
Glenn,2020-12-19,1,2,1,2,0,0,0,0,1,2,0,0,1,2,California
Glenn,2020-12-20,1,3,1,3,0,0,0,0,1,3,0,0,1,3,California
Glenn,2020-12-21,11,14,11,14,0,0,0,0,11,14,0,0,11,14,California
Glenn,2020-12-22,59,73,59,73,0,0,0,0,59,73,0,0,59,73,California
Glenn,2020-12-23,26,99,26,99,0,0,0,0,26,99,0,0,26,99,California
Glenn,2020-12-24,9,108,9,108,0,0,0,0,9,108,0,0,9,108,California
Glenn,2020-12-26,2,110,2,110,0,0,0,0,2,110,0,0,2,110,California
Glenn,2020-12-27,4,114,4,114,0,0,0,0,4,114,0,0,4,114,California
Glenn,2020-12-28,21,135,21,135,0,0,0,0,21,135,0,0,21,135,California
Glenn,2020-12-29,82,217,82,217,0,0,0,0,82,217,0,0,82,217,California
Glenn,2020-12-30,128,345,106,323,22,22,0,0,128,345,0,0,128,345,California
Glenn,2020-12-31,38,383,9,332,29,51,0,0,38,383,0,0,38,383,California
Glenn,2021-01-02,2,385,2,334,0,51,0,0,2,385,0,0,2,385,California
Glenn,2021-01-04,7,392,5,339,2,53,0,0,7,392,0,0,7,392,California
Glenn,2021-01-05,9,401,8,347,1,54,0,0,9,401,0,0,9,401,California
Glenn,2021-01-06,61,462,9,356,52,106,0,0,61,462,0,0,61,462,California
Glenn,2021-01-07,67,529,12,368,55,161,0,0,65,525,2,2,65,527,California
Glenn,2021-01-08,11,540,9,377,2,163,0,0,11,536,0,2,11,538,California
Glenn,2021-01-10,1,541,1,378,0,163,0,0,0,535,1,3,0,538,California
Glenn,2021-01-11,30,571,30,408,0,163,0,0,12,529,18,21,12,550,California
Glenn,2021-01-12,42,613,37,445,5,168,0,0,14,515,28,49,14,564,California
Glenn,2021-01-13,152,765,87,532,65,233,0,0,109,581,43,92,109,673,California
Glenn,2021-01-14,185,950,96,628,89,322,0,0,175,746,10,102,175,848,California
Glenn,2021-01-15,42,992,34,662,8,330,0,0,37,778,5,107,37,885,California
Glenn,2021-01-16,34,1026,14,676,20,350,0,0,24,792,10,117,24,909,California
Glenn,2021-01-17,4,1030,2,678,2,352,0,0,2,792,2,119,2,911,California
Glenn,2021-01-18,17,1047,16,694,1,353,0,0,9,793,8,127,9,920,California
Glenn,2021-01-19,31,1078,20,714,11,364,0,0,14,790,17,144,14,934,California
Glenn,2021-01-20,163,1241,94,808,69,433,0,0,82,791,81,225,82,1016,California
Glenn,2021-01-21,124,1365,98,906,26,459,0,0,30,727,94,319,30,1046,California
Glenn,2021-01-22,337,1702,63,969,274,733,0,0,330,1050,7,326,330,1376,California
Glenn,2021-01-23,14,1716,7,976,7,740,0,0,12,1060,2,328,12,1388,California
Glenn,2021-01-24,2,1718,2,978,0,740,0,0,2,1062,0,328,2,1390,California
Glenn,2021-01-25,27,1745,9,987,18,758,0,0,24,1083,3,331,24,1414,California
Glenn,2021-01-26,29,1774,13,1000,16,774,0,0,23,1100,6,337,23,1437,California
Glenn,2021-01-27,188,1962,14,1014,174,948,0,0,166,1244,22,359,166,1603,California
Glenn,2021-01-28,146,2108,8,1022,138,1086,0,0,116,1330,30,389,116,1719,California
Glenn,2021-01-29,297,2405,12,1034,285,1371,0,0,283,1599,14,403,283,2002,California
Glenn,2021-01-30,5,2410,0,1034,5,1376,0,0,5,1604,0,403,5,2007,California
Glenn,2021-01-31,1,2411,0,1034,1,1377,0,0,1,1605,0,403,1,2008,California
Glenn,2021-02-01,28,2439,10,1044,18,1395,0,0,16,1609,12,415,16,2024,California
Glenn,2021-02-02,28,2467,13,1057,15,1410,0,0,19,1619,9,424,19,2043,California
Glenn,2021-02-03,207,2674,58,1115,149,1559,0,0,112,1636,95,519,112,2155,California
Glenn,2021-02-04,150,2824,84,1199,66,1625,0,0,45,1576,105,624,45,2200,California
Glenn,2021-02-05,319,3143,24,1223,295,1920,0,0,300,1857,19,643,300,2500,California
Glenn,2021-02-06,14,3157,2,1225,12,1932,0,0,13,1869,1,644,13,2513,California
Glenn,2021-02-07,2,3159,2,1227,0,1932,0,0,2,1871,0,644,2,2515,California
Glenn,2021-02-08,21,3180,17,1244,4,1936,0,0,4,1858,17,661,4,2519,California
Glenn,2021-02-09,49,3229,20,1264,29,1965,0,0,36,1881,13,674,36,2555,California
Glenn,2021-02-10,138,3367,19,1283,119,2084,0,0,64,1871,74,748,64,2619,California
Glenn,2021-02-11,232,3599,132,1415,100,2184,0,0,149,1937,83,831,149,2768,California
Glenn,2021-02-12,420,4019,99,1514,321,2505,0,0,356,2229,64,895,356,3124,California
Glenn,2021-02-13,34,4053,7,1521,27,2532,0,0,16,2227,18,913,16,3140,California
Glenn,2021-02-14,1,4054,0,1521,1,2533,0,0,1,2228,0,913,1,3141,California
Glenn,2021-02-15,8,4062,0,1521,8,2541,0,0,8,2236,0,913,8,3149,California
Glenn,2021-02-16,39,4101,9,1530,30,2571,0,0,21,2239,18,931,21,3170,California
Glenn,2021-02-17,380,4481,15,1545,365,2936,0,0,302,2463,78,1009,302,3472,California
Glenn,2021-02-18,134,4615,99,1644,35,2971,0,0,110,2549,24,1033,110,3582,California
Glenn,2021-02-19,303,4918,17,1661,286,3257,0,0,29,2304,274,1307,29,3611,California
Glenn,2021-02-20,8,4926,0,1661,8,3265,0,0,0,2296,8,1315,0,3611,California
Glenn,2021-02-22,33,4959,14,1675,19,3284,0,0,17,2297,16,1331,17,3628,California
Glenn,2021-02-23,40,4999,10,1685,30,3314,0,0,28,2313,12,1343,28,3656,California
Glenn,2021-02-24,221,5220,15,1700,206,3520,0,0,47,2186,174,1517,47,3703,California
Glenn,2021-02-25,262,5482,148,1848,114,3634,0,0,118,2160,144,1661,118,3821,California
Glenn,2021-02-26,305,5787,24,1872,281,3915,0,0,20,1896,284,1945,20,3841,California
Glenn,2021-02-27,15,5802,5,1877,10,3925,0,0,5,1892,9,1954,5,3846,California
Glenn,2021-02-28,6,5808,3,1880,3,3928,0,0,3,1893,2,1956,3,3849,California
Glenn,2021-03-01,28,5836,6,1886,22,3950,0,0,12,1889,16,1972,12,3861,California
Glenn,2021-03-02,35,5871,7,1893,28,3978,0,0,17,1888,18,1990,17,3878,California
Glenn,2021-03-03,191,6062,35,1928,156,4134,0,0,99,1896,91,2081,99,3977,California
Glenn,2021-03-04,520,6582,175,2103,345,4479,0,0,376,2128,144,2225,376,4353,California
Glenn,2021-03-05,355,6937,47,2150,308,4787,0,0,34,1841,321,2546,34,4387,California
Glenn,2021-03-06,26,6963,3,2153,22,4809,1,1,9,1834,17,2563,10,4397,California
Glenn,2021-03-07,5,6968,0,2153,5,4814,0,1,3,1836,1,2564,3,4400,California
Glenn,2021-03-08,21,6989,2,2155,18,4832,1,2,19,1854,2,2566,20,4420,California
Glenn,2021-03-09,82,7071,11,2166,68,4900,3,5,54,1882,28,2594,56,4476,California
Glenn,2021-03-10,171,7242,68,2234,101,5001,2,7,95,1903,76,2670,97,4573,California
Glenn,2021-03-11,583,7825,169,2403,390,5391,24,31,454,2251,129,2799,477,5050,California
Glenn,2021-03-12,417,8242,14,2417,342,5733,61,92,41,1977,376,3175,102,5152,California
Glenn,2021-03-13,12,8254,1,2418,3,5736,8,100,1,1975,11,3186,9,5161,California
Glenn,2021-03-14,3,8257,1,2419,2,5738,0,100,2,1976,1,3187,2,5163,California
Glenn,2021-03-15,75,8332,15,2434,55,5793,5,105,60,2026,15,3202,65,5228,California
Glenn,2021-03-16,106,8438,33,2467,62,5855,11,116,65,2061,41,3243,76,5304,California
Glenn,2021-03-17,417,8855,97,2564,313,6168,7,123,116,1881,301,3544,121,5425,California
Glenn,2021-03-18,520,9375,214,2778,50,6218,256,379,145,1906,375,3919,400,5825,California
Glenn,2021-03-19,91,9466,16,2794,69,6287,6,385,70,1962,20,3939,76,5901,California
Glenn,2021-03-20,121,9587,1,2795,119,6406,1,386,119,2080,2,3941,120,6021,California
Glenn,2021-03-21,6,9593,5,2800,0,6406,1,387,3,2082,2,3943,4,6025,California
Glenn,2021-03-22,116,9709,53,2853,55,6461,8,395,96,2168,18,3961,104,6129,California
Glenn,2021-03-23,173,9882,66,2919,56,6517,51,446,100,2247,72,4033,151,6280,California
Glenn,2021-03-24,206,10088,100,3019,101,6618,5,451,134,2315,71,4104,139,6419,California
Glenn,2021-03-25,460,10548,230,3249,136,6754,94,545,331,2612,128,4232,425,6844,California
Glenn,2021-03-26,225,10773,34,3283,155,6909,36,581,175,2773,50,4282,211,7055,California
Glenn,2021-03-27,152,10925,21,3304,126,7035,5,586,142,2910,10,4292,147,7202,California
Glenn,2021-03-28,15,10940,10,3314,5,7040,0,586,10,2915,5,4297,10,7212,California
Glenn,2021-03-29,58,10998,19,3333,36,7076,3,589,44,2948,14,4311,47,7259,California
Glenn,2021-03-30,73,11071,41,3374,31,7107,1,590,42,2962,29,4340,43,7302,California
Glenn,2021-03-31,125,11196,36,3410,88,7195,1,591,55,2948,70,4410,56,7358,California
Glenn,2021-04-01,641,11837,186,3596,446,7641,9,600,231,2779,409,4819,240,7598,California
Glenn,2021-04-02,159,11996,25,3621,122,7763,12,612,122,2876,37,4856,134,7732,California
Glenn,2021-04-03,90,12086,4,3625,79,7842,7,619,79,2951,11,4867,86,7818,California
Glenn,2021-04-04,8,12094,3,3628,3,7845,2,621,4,2953,4,4871,6,7824,California
Glenn,2021-04-05,66,12160,25,3653,28,7873,13,634,28,2956,38,4909,41,7865,California
Glenn,2021-04-06,143,12303,52,3705,52,7925,39,673,37,2926,105,5014,75,7940,California
Glenn,2021-04-07,154,12457,46,3751,54,7979,54,727,73,2972,81,5095,127,8067,California
Glenn,2021-04-08,638,13095,188,3939,416,8395,34,761,137,2644,499,5594,171,8238,California
Glenn,2021-04-09,151,13246,58,3997,77,8472,16,777,94,2697,57,5651,110,8348,California
Glenn,2021-04-10,75,13321,1,3998,63,8535,11,788,63,2759,12,5663,74,8422,California
Glenn,2021-04-11,17,13338,8,4006,4,8539,5,793,7,2761,10,5673,12,8434,California
Glenn,2021-04-12,103,13441,24,4030,50,8589,29,822,18,2723,85,5758,47,8481,California
Glenn,2021-04-13,109,13550,63,4093,46,8635,0,822,30,2675,78,5836,30,8511,California
Glenn,2021-04-14,104,13654,42,4135,62,8697,0,822,52,2675,52,5888,52,8563,California
Glenn,2021-04-15,344,13998,269,4404,75,8772,0,822,114,2562,230,6118,117,8680,California
Glenn,2021-04-16,160,14158,38,4442,122,8894,0,822,80,2562,80,6198,80,8760,California
Glenn,2021-04-17,165,14323,18,4460,147,9041,0,822,38,2479,121,6319,38,8798,California
Glenn,2021-04-18,17,14340,3,4463,14,9055,0,822,14,2490,3,6322,14,8812,California
Glenn,2021-04-19,82,14422,15,4478,67,9122,0,822,27,2463,54,6376,27,8839,California
Glenn,2021-04-20,97,14519,58,4536,39,9161,0,822,49,2465,48,6424,50,8889,California
Humboldt,2020-12-15,2,2,2,2,0,0,0,0,2,2,0,0,2,2,California
Humboldt,2020-12-16,15,17,15,17,0,0,0,0,15,17,0,0,15,17,California
Humboldt,2020-12-17,117,134,117,134,0,0,0,0,117,134,0,0,117,134,California
Humboldt,2020-12-18,176,310,176,310,0,0,0,0,176,310,0,0,176,310,California
Humboldt,2020-12-19,10,320,10,320,0,0,0,0,10,320,0,0,10,320,California
Humboldt,2020-12-20,28,348,28,348,0,0,0,0,28,348,0,0,28,348,California
Humboldt,2020-12-21,165,513,165,513,0,0,0,0,165,513,0,0,165,513,California
Humboldt,2020-12-22,292,805,292,805,0,0,0,0,292,805,0,0,292,805,California
Humboldt,2020-12-23,310,1115,262,1067,48,48,0,0,311,1116,0,0,311,1116,California
Humboldt,2020-12-24,25,1140,2,1069,23,71,0,0,25,1141,0,0,25,1141,California
Humboldt,2020-12-25,2,1142,2,1071,0,71,0,0,2,1143,0,0,2,1143,California
Humboldt,2020-12-26,6,1148,5,1076,1,72,0,0,6,1149,0,0,6,1149,California
Humboldt,2020-12-28,153,1301,144,1220,9,81,0,0,153,1302,0,0,153,1302,California
Humboldt,2020-12-29,166,1467,123,1343,43,124,0,0,166,1468,0,0,166,1468,California
Humboldt,2020-12-30,222,1689,123,1466,99,223,0,0,222,1690,0,0,222,1690,California
Humboldt,2020-12-31,241,1930,79,1545,162,385,0,0,241,1931,0,0,241,1931,California
Humboldt,2021-01-01,2,1932,1,1546,1,386,0,0,2,1933,0,0,2,1933,California
Humboldt,2021-01-02,38,1970,1,1547,37,423,0,0,38,1971,0,0,38,1971,California
Humboldt,2021-01-04,215,2185,141,1688,74,497,0,0,216,2187,0,0,216,2187,California
Humboldt,2021-01-05,128,2313,18,1706,110,607,0,0,127,2313,1,1,127,2314,California
Humboldt,2021-01-06,301,2614,203,1909,98,705,0,0,229,2481,61,62,229,2543,California
Humboldt,2021-01-07,418,3032,306,2215,112,817,0,0,305,2688,98,160,305,2848,California
Humboldt,2021-01-08,419,3451,279,2494,140,957,0,0,284,2841,131,291,284,3132,California
Humboldt,2021-01-09,69,3520,45,2539,24,981,0,0,66,2905,3,294,67,3199,California
Humboldt,2021-01-10,84,3604,84,2623,0,981,0,0,4,2829,80,374,4,3203,California
Humboldt,2021-01-11,287,3891,276,2899,11,992,0,0,72,2690,211,585,72,3275,California
Humboldt,2021-01-12,480,4371,317,3216,163,1155,0,0,298,2828,160,745,298,3573,California
Humboldt,2021-01-13,479,4850,274,3490,205,1360,0,0,302,2957,174,919,303,3876,California
Humboldt,2021-01-14,518,5368,161,3651,357,1717,0,0,462,3364,56,975,463,4339,California
Humboldt,2021-01-15,375,5743,39,3690,336,2053,0,0,358,3705,17,992,358,4697,California
Humboldt,2021-01-16,170,5913,6,3696,164,2217,0,0,169,3873,1,993,169,4866,California
Humboldt,2021-01-17,6,5919,4,3700,2,2219,0,0,6,3879,0,993,6,4872,California
Humboldt,2021-01-18,292,6211,257,3957,35,2254,0,0,143,3873,149,1142,143,5015,California
Humboldt,2021-01-19,625,6836,372,4329,253,2507,0,0,498,4250,121,1263,498,5513,California
Humboldt,2021-01-20,911,7747,401,4730,510,3017,0,0,763,4876,139,1402,765,6278,California
Humboldt,2021-01-21,955,8702,260,4990,695,3712,0,0,914,5749,41,1443,914,7192,California
Humboldt,2021-01-22,675,9377,376,5366,299,4011,0,0,667,6408,8,1451,667,7859,California
Humboldt,2021-01-23,799,10176,271,5637,528,4539,0,0,790,7190,9,1460,791,8650,California
Humboldt,2021-01-24,225,10401,1,5638,224,4763,0,0,225,7415,0,1460,225,8875,California
Humboldt,2021-01-25,303,10704,232,5870,71,4834,0,0,149,7410,154,1614,149,9024,California
Humboldt,2021-01-26,526,11230,141,6011,385,5219,0,0,479,7842,47,1661,479,9503,California
Humboldt,2021-01-27,1258,12488,585,6596,673,5892,0,0,1194,8979,57,1718,1194,10697,California
Humboldt,2021-01-28,1444,13932,626,7222,818,6710,0,0,1309,10158,132,1850,1311,12008,California
Humboldt,2021-01-29,1126,15058,543,7765,583,7293,0,0,709,10451,417,2267,710,12718,California
Humboldt,2021-01-30,972,16030,458,8223,514,7807,0,0,961,11402,11,2278,962,13680,California
Humboldt,2021-01-31,309,16339,308,8531,1,7808,0,0,308,11709,1,2279,308,13988,California
Humboldt,2021-02-01,331,16670,191,8722,140,7948,0,0,188,11755,142,2421,188,14176,California
Humboldt,2021-02-02,441,17111,73,8795,368,8316,0,0,338,11994,101,2522,340,14516,California
Humboldt,2021-02-03,652,17763,259,9054,393,8709,0,0,502,12346,150,2672,502,15018,California
Humboldt,2021-02-04,637,18400,261,9315,376,9085,0,0,442,12596,192,2864,442,15460,California
Humboldt,2021-02-05,809,19209,94,9409,715,9800,0,0,624,13035,185,3049,624,16084,California
Humboldt,2021-02-06,1053,20262,442,9851,611,10411,0,0,1011,14007,40,3089,1012,17096,California
Humboldt,2021-02-07,377,20639,7,9858,370,10781,0,0,373,14377,4,3093,374,17470,California
Humboldt,2021-02-08,325,20964,142,10000,183,10964,0,0,184,14421,140,3233,184,17654,California
Humboldt,2021-02-09,493,21457,218,10218,275,11239,0,0,178,14284,315,3548,178,17832,California
Humboldt,2021-02-10,561,22018,368,10586,193,11432,0,0,232,14192,324,3872,232,18064,California
Humboldt,2021-02-11,1289,23307,391,10977,898,12330,0,0,509,13924,777,4649,509,18573,California
Humboldt,2021-02-12,1142,24449,733,11710,409,12739,0,0,703,14188,439,5088,703,19276,California
Humboldt,2021-02-13,1497,25946,552,12262,945,13684,0,0,909,14511,586,5674,909,20185,California
Humboldt,2021-02-14,112,26058,5,12267,107,13791,0,0,109,14618,2,5676,109,20294,California
Humboldt,2021-02-15,292,26350,78,12345,214,14005,0,0,195,14716,97,5773,195,20489,California
Humboldt,2021-02-16,532,26882,117,12462,415,14420,0,0,251,14687,281,6054,252,20741,California
Humboldt,2021-02-17,451,27333,280,12742,171,14591,0,0,137,14510,314,6368,137,20878,California
Humboldt,2021-02-18,966,28299,595,13337,371,14962,0,0,229,14003,736,7104,229,21107,California
Humboldt,2021-02-19,476,28775,435,13772,41,15003,0,0,90,13710,383,7487,90,21197,California
Humboldt,2021-02-20,1582,30357,977,14749,605,15608,0,0,474,13081,1105,8592,476,21673,California
Humboldt,2021-02-21,477,30834,469,15218,8,15616,0,0,184,12973,293,8885,185,21858,California
Humboldt,2021-02-22,125,30959,91,15309,34,15650,0,0,26,12902,97,8982,26,21884,California
Humboldt,2021-02-23,172,31131,69,15378,103,15753,0,0,39,12810,131,9113,39,21923,California
Humboldt,2021-02-24,1144,32275,686,16064,458,16211,0,0,567,12801,576,9689,567,22490,California
Humboldt,2021-02-25,828,33103,315,16379,513,16724,0,0,226,12427,600,10289,226,22716,California
Humboldt,2021-02-26,2140,35243,106,16485,2034,18758,0,0,455,11202,1680,11969,455,23171,California
Humboldt,2021-02-27,1689,36932,1073,17558,616,19374,0,0,869,11257,818,12787,873,24044,California
Humboldt,2021-02-28,121,37053,11,17569,110,19484,0,0,116,11368,5,12792,116,24160,California
Humboldt,2021-03-01,255,37308,47,17616,208,19692,0,0,180,11473,75,12867,180,24340,California
Humboldt,2021-03-02,284,37592,48,17664,236,19928,0,0,155,11499,129,12996,155,24495,California
Humboldt,2021-03-03,1639,39231,1095,18759,544,20472,0,0,1216,12299,417,13413,1217,25712,California
Humboldt,2021-03-04,881,40112,107,18866,774,21246,0,0,265,11950,616,14029,267,25979,California
Humboldt,2021-03-05,926,41038,179,19045,736,21982,11,11,374,11787,548,14577,385,26364,California
Humboldt,2021-03-06,1687,42725,837,19882,801,22783,49,60,709,11568,977,15554,758,27122,California
Humboldt,2021-03-07,361,43086,294,20176,49,22832,18,78,156,11537,205,15759,174,27296,California
Humboldt,2021-03-08,256,43342,6,20182,172,23004,78,156,162,11683,94,15853,240,27536,California
Humboldt,2021-03-09,456,43798,201,20383,111,23115,144,300,213,11799,241,16094,357,27893,California
Humboldt,2021-03-10,682,44480,466,20849,63,23178,153,453,413,12095,268,16362,564,28457,California
Humboldt,2021-03-11,1342,45822,461,21310,781,23959,100,553,525,11904,815,17177,624,29081,California
Humboldt,2021-03-12,1732,47554,1083,22393,429,24388,220,773,1047,12496,677,17854,1269,30350,California
Humboldt,2021-03-13,1564,49118,1021,23414,491,24879,52,825,680,12350,878,18732,732,31082,California
Humboldt,2021-03-14,139,49257,18,23432,112,24991,9,834,25,12270,114,18846,34,31116,California
Humboldt,2021-03-15,265,49522,50,23482,195,25186,20,854,49,12123,216,19062,69,31185,California
Humboldt,2021-03-16,631,50153,200,23682,171,25357,260,1114,258,12267,372,19434,516,31701,California
Humboldt,2021-03-17,725,50878,396,24078,221,25578,108,1222,333,12317,391,19825,441,32142,California
Humboldt,2021-03-18,1718,52596,1159,25237,517,26095,42,1264,1032,12710,681,20506,1074,33216,California
Humboldt,2021-03-19,1073,53669,58,25295,701,26796,314,1578,441,12836,629,21135,755,33971,California
Humboldt,2021-03-20,1372,55041,750,26045,609,27405,13,1591,426,12332,944,22079,440,34411,California
Humboldt,2021-03-21,245,55286,33,26078,183,27588,29,1620,198,12512,47,22126,227,34638,California
Humboldt,2021-03-22,110,55396,15,26093,46,27634,49,1669,55,12562,54,22180,104,34742,California
Humboldt,2021-03-23,405,55801,40,26133,322,27956,43,1712,316,12834,87,22267,359,35101,California
Humboldt,2021-03-24,1409,57210,386,26519,976,28932,47,1759,1035,13548,366,22633,1080,36181,California
Humboldt,2021-03-25,1770,58980,1169,27688,538,29470,63,1822,887,13617,881,23514,950,37131,California
Humboldt,2021-03-26,2023,61003,425,28113,1542,31012,56,1878,1582,14819,436,23950,1638,38769,California
Humboldt,2021-03-27,1911,62914,1424,29537,319,31331,168,2046,1049,15177,859,24809,1217,39986,California
Humboldt,2021-03-28,264,63178,79,29616,114,31445,71,2117,84,15152,180,24989,155,40141,California
Humboldt,2021-03-29,463,63641,122,29738,246,31691,95,2212,197,15178,265,25254,291,40432,California
Humboldt,2021-03-30,931,64572,299,30037,518,32209,114,2326,559,15481,369,25623,672,41104,California
Humboldt,2021-03-31,1844,66416,513,30550,1235,33444,96,2422,1396,16529,446,26069,1494,42598,California
Humboldt,2021-04-01,2081,68497,691,31241,1301,34745,89,2511,1472,17488,602,26671,1561,44159,California
Humboldt,2021-04-02,1685,70182,1098,32339,484,35229,103,2614,596,17104,1083,27754,699,44858,California
Humboldt,2021-04-03,1643,71825,1488,33827,139,35368,16,2630,666,16819,967,28721,682,45540,California
Humboldt,2021-04-04,470,72295,360,34187,101,35469,9,2639,397,17153,73,28794,407,45947,California
Humboldt,2021-04-05,752,73047,454,34641,250,35719,48,2687,436,17322,315,29109,484,46431,California
Humboldt,2021-04-06,811,73858,311,34952,366,36085,134,2821,574,17798,231,29340,707,47138,California
Humboldt,2021-04-07,1457,75315,1041,35993,280,36365,136,2957,968,18415,487,29827,1104,48242,California
Humboldt,2021-04-08,1560,76875,1053,37046,383,36748,124,3081,701,18382,858,30685,825,49067,California
Humboldt,2021-04-09,1183,78058,426,37472,606,37354,151,3232,918,19181,265,30950,1064,50131,California
Humboldt,2021-04-10,923,78981,134,37606,615,37969,174,3406,727,19886,195,31145,900,51031,California
Humboldt,2021-04-11,633,79614,136,37742,30,37999,467,3873,125,19968,508,31653,590,51621,California
Humboldt,2021-04-12,401,80015,220,37962,75,38074,106,3979,271,20215,130,31783,377,51998,California
Humboldt,2021-04-13,566,80581,305,38267,258,38332,3,3982,532,20718,31,31814,534,52532,California
Humboldt,2021-04-14,1231,81812,865,39132,366,38698,0,3982,1132,21751,99,31913,1132,53664,California
Humboldt,2021-04-15,1664,83476,1107,40239,553,39251,4,3986,1123,22377,524,32437,1150,54814,California
Humboldt,2021-04-16,1070,84546,474,40713,596,39847,0,3986,509,22329,559,32996,511,55325,California
Humboldt,2021-04-17,1537,86083,1224,41937,313,40160,0,3986,1004,22804,529,33525,1004,56329,California
Humboldt,2021-04-18,447,86530,331,42268,116,40276,0,3986,84,22529,360,33885,85,56414,California
Humboldt,2021-04-19,148,86678,58,42326,90,40366,0,3986,67,22516,81,33966,68,56482,California
Humboldt,2021-04-20,250,86928,85,42411,165,40531,0,3986,109,22485,140,34106,109,56591,California
Imperial,2020-12-16,1,1,1,1,0,0,0,0,1,1,0,0,1,1,California
Imperial,2020-12-17,4,5,4,5,0,0,0,0,4,5,0,0,4,5,California
Imperial,2020-12-18,11,16,11,16,0,0,0,0,11,16,0,0,11,16,California
Imperial,2020-12-20,2,18,2,18,0,0,0,0,2,18,0,0,2,18,California
Imperial,2020-12-21,186,204,186,204,0,0,0,0,186,204,0,0,186,204,California
Imperial,2020-12-22,241,445,239,443,2,2,0,0,241,445,0,0,241,445,California
Imperial,2020-12-23,211,656,210,653,1,3,0,0,210,655,0,0,210,655,California
Imperial,2020-12-24,5,661,5,658,0,3,0,0,5,660,0,0,5,660,California
Imperial,2020-12-26,1,662,0,658,1,4,0,0,1,661,0,0,1,661,California
Imperial,2020-12-27,62,724,0,658,62,66,0,0,62,723,0,0,62,723,California
Imperial,2020-12-28,214,938,114,772,100,166,0,0,214,937,0,0,214,937,California
Imperial,2020-12-29,189,1127,36,808,153,319,0,0,189,1126,0,0,189,1126,California
Imperial,2020-12-30,366,1493,50,858,316,635,0,0,366,1492,0,0,366,1492,California
Imperial,2020-12-31,197,1690,26,884,171,806,0,0,197,1689,0,0,197,1689,California
Imperial,2021-01-01,46,1736,5,889,41,847,0,0,46,1735,0,0,46,1735,California
Imperial,2021-01-02,4,1740,0,889,4,851,0,0,4,1739,0,0,4,1739,California
Imperial,2021-01-03,90,1830,0,889,90,941,0,0,90,1829,0,0,90,1829,California
Imperial,2021-01-04,85,1915,5,894,80,1021,0,0,85,1914,0,0,85,1914,California
Imperial,2021-01-05,172,2087,13,907,159,1180,0,0,172,2086,0,0,172,2086,California
Imperial,2021-01-06,190,2277,25,932,165,1345,0,0,189,2274,1,1,189,2275,California
Imperial,2021-01-07,320,2597,10,942,310,1655,0,0,317,2588,3,4,317,2592,California
Imperial,2021-01-08,190,2787,50,992,140,1795,0,0,181,2760,9,13,181,2773,California
Imperial,2021-01-09,24,2811,21,1013,3,1798,0,0,24,2784,0,13,24,2797,California
Imperial,2021-01-10,1,2812,0,1013,1,1799,0,0,1,2785,0,13,1,2798,California
Imperial,2021-01-11,403,3215,244,1257,159,1958,0,0,175,2732,228,241,175,2973,California
Imperial,2021-01-12,403,3618,301,1558,102,2060,0,0,141,2612,261,502,141,3114,California
Imperial,2021-01-13,379,3997,132,1690,247,2307,0,0,280,2793,99,601,280,3394,California
Imperial,2021-01-14,260,4257,151,1841,109,2416,0,0,254,3042,5,606,254,3648,California
Imperial,2021-01-15,239,4496,182,2023,57,2473,0,0,232,3267,7,613,232,3880,California
Imperial,2021-01-16,76,4572,72,2095,4,2477,0,0,75,3341,1,614,75,3955,California
Imperial,2021-01-17,8,4580,2,2097,6,2483,0,0,8,3349,0,614,8,3963,California
Imperial,2021-01-18,1057,5637,402,2499,655,3138,0,0,958,4209,99,713,959,4922,California
Imperial,2021-01-19,164,5801,128,2627,36,3174,0,0,117,4279,47,760,117,5039,California
Imperial,2021-01-20,291,6092,195,2822,96,3270,0,0,253,4494,38,798,253,5292,California
Imperial,2021-01-21,415,6507,183,3005,232,3502,0,0,395,4869,20,818,395,5687,California
Imperial,2021-01-22,456,6963,189,3194,267,3769,0,0,447,5307,9,827,447,6134,California
Imperial,2021-01-23,1041,8004,290,3484,751,4520,0,0,1040,6346,1,828,1040,7174,California
Imperial,2021-01-24,10,8014,3,3487,7,4527,0,0,10,6356,0,828,10,7184,California
Imperial,2021-01-25,213,8227,5,3492,208,4735,0,0,34,6212,178,1006,34,7218,California
Imperial,2021-01-26,359,8586,184,3676,175,4910,0,0,216,6285,143,1149,216,7434,California
Imperial,2021-01-27,570,9156,162,3838,408,5318,0,0,237,6189,333,1482,237,7671,California
Imperial,2021-01-28,633,9789,160,3998,473,5791,0,0,525,6606,108,1590,525,8196,California
Imperial,2021-01-29,422,10211,295,4293,127,5918,0,0,372,6928,50,1640,372,8568,California
Imperial,2021-01-30,55,10266,30,4323,25,5943,0,0,38,6949,17,1657,38,8606,California
Imperial,2021-01-31,16,10282,6,4329,10,5953,0,0,15,6963,1,1658,15,8621,California
Imperial,2021-02-01,418,10700,53,4382,365,6318,0,0,208,6962,209,1867,208,8829,California
Imperial,2021-02-02,678,11378,54,4436,624,6942,0,0,497,7278,181,2048,497,9326,California
Imperial,2021-02-03,456,11834,47,4483,409,7351,0,0,263,7349,192,2240,263,9589,California
Imperial,2021-02-04,1716,13550,1197,5680,519,7870,0,0,1402,8439,312,2552,1402,10991,California
Imperial,2021-02-05,389,13939,241,5921,148,8018,0,0,153,8358,234,2786,153,11144,California
Imperial,2021-02-06,861,14800,838,6759,23,8041,0,0,824,9146,36,2822,824,11968,California
Imperial,2021-02-07,21,14821,9,6768,12,8053,0,0,20,9165,1,2823,20,11988,California
Imperial,2021-02-08,251,15072,42,6810,209,8262,0,0,183,9280,68,2891,183,12171,California
Imperial,2021-02-09,461,15533,145,6955,316,8578,0,0,304,9427,157,3048,304,12475,California
Imperial,2021-02-10,385,15918,56,7011,329,8907,0,0,95,9233,290,3338,96,12571,California
Imperial,2021-02-11,461,16379,258,7269,203,9110,0,0,89,8950,372,3710,89,12660,California
Imperial,2021-02-12,2126,18505,1412,8681,714,9824,0,0,1774,10373,351,4061,1774,14434,California
Imperial,2021-02-13,41,18546,18,8699,23,9847,0,0,34,10401,7,4068,35,14469,California
Imperial,2021-02-14,23,18569,11,8710,12,9859,0,0,21,10420,2,4070,21,14490,California
Imperial,2021-02-15,29,18598,10,8720,19,9878,0,0,22,10435,7,4077,22,14512,California
Imperial,2021-02-16,512,19110,265,8985,247,10125,0,0,292,10507,220,4297,292,14804,California
Imperial,2021-02-17,439,19549,285,9270,154,10279,0,0,83,10234,356,4653,83,14887,California
Imperial,2021-02-18,646,20195,308,9578,338,10617,0,0,140,9870,504,5157,140,15027,California
Imperial,2021-02-19,766,20961,381,9959,385,11002,0,0,192,9489,573,5730,192,15219,California
Imperial,2021-02-20,1039,22000,191,10150,848,11850,0,0,325,9103,713,6443,327,15546,California
Imperial,2021-02-21,588,22588,554,10704,34,11884,0,0,577,9670,10,6453,577,16123,California
Imperial,2021-02-22,809,23397,569,11273,240,12124,0,0,759,10379,50,6503,759,16882,California
Imperial,2021-02-23,936,24333,372,11645,564,12688,0,0,886,11215,50,6553,886,17768,California
Imperial,2021-02-24,700,25033,285,11930,415,13103,0,0,603,11722,96,6649,603,18371,California
Imperial,2021-02-25,814,25847,338,12268,476,13579,0,0,449,11812,364,7013,454,18825,California
Imperial,2021-02-26,1743,27590,1350,13618,393,13972,0,0,1569,13209,172,7185,1569,20394,California
Imperial,2021-02-27,858,28448,809,14427,49,14021,0,0,120,12592,738,7923,121,20515,California
Imperial,2021-02-28,29,28477,19,14446,10,14031,0,0,20,12603,9,7932,20,20535,California
Imperial,2021-03-01,490,28967,292,14738,198,14229,0,0,426,12968,62,7994,427,20962,California
Imperial,2021-03-02,672,29639,246,14984,426,14655,0,0,384,13066,288,8282,386,21348,California
Imperial,2021-03-03,913,30552,37,15021,875,15530,1,1,544,13256,366,8648,556,21904,California
Imperial,2021-03-04,744,31296,75,15096,668,16198,1,2,484,13512,258,8906,514,22418,California
Imperial,2021-03-05,2568,33864,1937,17033,631,16829,0,2,1244,13437,1321,10227,1246,23664,California
Imperial,2021-03-06,688,34552,236,17269,452,17281,0,2,647,14050,38,10265,651,24315,California
Imperial,2021-03-07,72,34624,40,17309,32,17313,0,2,52,14083,20,10285,53,24368,California
Imperial,2021-03-08,411,35035,328,17637,48,17361,35,37,359,14425,52,10337,394,24762,California
Imperial,2021-03-09,681,35716,310,17947,125,17486,246,283,398,14786,283,10620,644,25406,California
Imperial,2021-03-10,680,36396,312,18259,264,17750,104,387,316,14844,363,10983,421,25827,California
Imperial,2021-03-11,1785,38181,478,18737,1115,18865,192,579,1186,15634,599,11582,1389,27216,California
Imperial,2021-03-12,3698,41879,2537,21274,976,19841,185,764,2101,16327,1594,13176,2287,29503,California
Imperial,2021-03-13,1140,43019,90,21364,827,20668,223,987,856,17127,282,13458,1082,30585,California
Imperial,2021-03-14,168,43187,30,21394,126,20794,12,999,138,17248,30,13488,151,30736,California
Imperial,2021-03-15,668,43855,214,21608,196,20990,258,1257,375,17588,292,13780,632,31368,California
Imperial,2021-03-16,1066,44921,275,21883,338,21328,453,1710,529,18035,535,14315,982,32350,California
Imperial,2021-03-17,1567,46488,686,22569,745,22073,136,1846,990,18588,574,14889,1127,33477,California
Imperial,2021-03-18,1778,48266,1175,23744,543,22616,60,1906,1248,19371,528,15417,1311,34788,California
Imperial,2021-03-19,3333,51599,2441,26185,888,23504,4,1910,1499,19048,1827,17244,1504,36292,California
Imperial,2021-03-20,862,52461,550,26735,307,23811,5,1915,418,19037,440,17684,429,36721,California
Imperial,2021-03-21,215,52676,33,26768,178,23989,4,1919,157,19144,58,17742,165,36886,California
Imperial,2021-03-22,1039,53715,333,27101,699,24688,7,1926,618,19350,420,18162,626,37512,California
Imperial,2021-03-23,1383,55098,406,27507,971,25659,6,1932,886,19749,495,18657,894,38406,California
Imperial,2021-03-24,1868,56966,541,28048,901,26560,426,2358,900,20109,966,19623,1326,39732,California
Imperial,2021-03-25,2777,59743,498,28546,870,27430,1409,3767,997,20734,1778,21401,2403,42135,California
Imperial,2021-03-26,2474,62217,876,29422,728,28158,870,4637,771,20678,1697,23098,1641,43776,California
Imperial,2021-03-27,574,62791,263,29685,260,28418,51,4688,416,20990,155,23253,467,44243,California
Imperial,2021-03-28,208,62999,50,29735,156,28574,2,4690,172,21128,36,23289,174,44417,California
Imperial,2021-03-29,1172,64171,346,30081,389,28963,437,5127,313,21022,857,24146,751,45168,California
Imperial,2021-03-30,1580,65751,678,30759,590,29553,312,5439,676,21107,904,25050,989,46157,California
Imperial,2021-03-31,1529,67280,715,31474,809,30362,5,5444,1021,21626,506,25556,1025,47182,California
Imperial,2021-04-01,1774,69054,395,31869,1138,31500,241,5685,805,21707,965,26521,1046,48228,California
Imperial,2021-04-02,1248,70302,444,32313,730,32230,74,5759,733,22000,513,27034,806,49034,California
Imperial,2021-04-03,1488,71790,405,32718,1007,33237,76,5835,684,21960,800,27834,760,49794,California
Imperial,2021-04-04,82,71872,39,32757,27,33264,16,5851,24,21942,58,27892,40,49834,California
Imperial,2021-04-05,2098,73970,1268,34025,763,34027,67,5918,398,20715,1693,29585,466,50300,California
Imperial,2021-04-06,1288,75258,528,34553,571,34598,189,6107,677,20973,609,30194,867,51167,California
Imperial,2021-04-07,2144,77402,549,35102,1221,35819,374,6481,1538,22285,600,30794,1912,53079,California
Imperial,2021-04-08,2177,79579,1069,36171,817,36636,291,6772,1073,22547,1101,31895,1363,54442,California
Imperial,2021-04-09,1836,81415,571,36742,719,37355,546,7318,728,22716,1106,33001,1275,55717,California
Imperial,2021-04-10,1227,82642,182,36924,787,38142,258,7576,180,22107,1045,34046,436,56153,California
Imperial,2021-04-11,215,82857,29,36953,154,38296,32,7608,73,22070,142,34188,105,56258,California
Imperial,2021-04-12,1153,84010,653,37606,334,38630,166,7774,606,22300,544,34732,774,57032,California
Imperial,2021-04-13,2121,86131,1390,38996,730,39360,1,7775,1463,23111,653,35385,1464,58496,California
Imperial,2021-04-14,1698,87829,826,39822,872,40232,0,7775,1191,23802,501,35886,1192,59688,California
Imperial,2021-04-15,1574,89403,803,40625,771,41003,0,7775,1198,24627,374,36260,1199,60887,California
Imperial,2021-04-16,2018,91421,956,41581,1062,42065,0,7775,1150,24912,865,37125,1150,62037,California
Imperial,2021-04-17,1462,92883,609,42190,851,42916,2,7777,1102,25658,360,37485,1106,63143,California
Imperial,2021-04-18,249,93132,67,42257,182,43098,0,7777,91,25591,158,37643,91,63234,California
Imperial,2021-04-19,750,93882,252,42509,498,43596,0,7777,439,25724,310,37953,443,63677,California
Imperial,2021-04-20,895,94777,412,42921,483,44079,0,7777,589,26014,306,38259,596,64273,California
Inyo,2020-12-19,85,85,85,85,0,0,0,0,85,85,0,0,85,85,California
Inyo,2020-12-20,58,143,58,143,0,0,0,0,58,143,0,0,58,143,California
Inyo,2020-12-21,88,231,85,228,3,3,0,0,88,231,0,0,88,231,California
Inyo,2020-12-22,105,336,105,333,0,3,0,0,105,336,0,0,105,336,California
Inyo,2020-12-23,70,406,67,400,3,6,0,0,70,406,0,0,70,406,California
Inyo,2020-12-24,16,422,16,416,0,6,0,0,16,422,0,0,16,422,California
Inyo,2020-12-25,1,423,0,416,1,7,0,0,1,423,0,0,1,423,California
Inyo,2020-12-26,74,497,74,490,0,7,0,0,74,497,0,0,74,497,California
Inyo,2020-12-28,48,545,36,526,12,19,0,0,48,545,0,0,48,545,California
Inyo,2020-12-29,20,565,20,546,0,19,0,0,20,565,0,0,20,565,California
Inyo,2020-12-30,56,621,54,600,2,21,0,0,56,621,0,0,56,621,California
Inyo,2020-12-31,29,650,0,600,29,50,0,0,29,650,0,0,29,650,California
Inyo,2021-01-01,1,651,0,600,1,51,0,0,1,651,0,0,1,651,California
Inyo,2021-01-03,1,652,0,600,1,52,0,0,1,652,0,0,1,652,California
Inyo,2021-01-04,1,653,1,601,0,52,0,0,1,653,0,0,1,653,California
Inyo,2021-01-05,34,687,0,601,34,86,0,0,34,687,0,0,34,687,California
Inyo,2021-01-06,68,755,0,601,68,154,0,0,68,755,0,0,68,755,California
Inyo,2021-01-07,31,786,1,602,30,184,0,0,31,786,0,0,31,786,California
Inyo,2021-01-08,9,795,8,610,1,185,0,0,4,786,5,5,5,791,California
Inyo,2021-01-09,87,882,86,696,1,186,0,0,1,701,86,91,1,792,California
Inyo,2021-01-10,52,934,52,748,0,186,0,0,0,649,52,143,0,792,California
Inyo,2021-01-11,97,1031,82,830,15,201,0,0,16,584,81,224,16,808,California
Inyo,2021-01-12,139,1170,118,948,21,222,0,0,28,501,111,335,28,836,California
Inyo,2021-01-13,86,1256,68,1016,18,240,0,0,21,458,65,400,22,858,California
Inyo,2021-01-14,59,1315,13,1029,46,286,0,0,49,497,10,410,49,907,California
Inyo,2021-01-15,163,1478,28,1057,135,421,0,0,163,660,0,410,163,1070,California
Inyo,2021-01-16,74,1552,73,1130,1,422,0,0,1,588,73,483,1,1071,California
Inyo,2021-01-18,58,1610,36,1166,22,444,0,0,19,568,39,522,19,1090,California
Inyo,2021-01-19,116,1726,73,1239,43,487,0,0,100,652,16,538,100,1190,California
Inyo,2021-01-20,145,1871,70,1309,75,562,0,0,91,689,54,592,91,1281,California
Inyo,2021-01-21,121,1992,57,1366,64,626,0,0,120,808,1,593,120,1401,California
Inyo,2021-01-22,62,2054,0,1366,62,688,0,0,61,868,1,594,61,1462,California
Inyo,2021-01-23,52,2106,52,1418,0,688,0,0,52,920,0,594,52,1514,California
Inyo,2021-01-25,49,2155,6,1424,43,731,0,0,37,945,12,606,37,1551,California
Inyo,2021-01-26,135,2290,54,1478,81,812,0,0,129,1068,6,612,129,1680,California
Inyo,2021-01-27,23,2313,2,1480,21,833,0,0,22,1089,1,613,22,1702,California
Inyo,2021-01-28,92,2405,2,1482,90,923,0,0,63,1123,29,642,63,1765,California
Inyo,2021-01-29,25,2430,3,1485,22,945,0,0,23,1144,2,644,23,1788,California
Inyo,2021-01-30,11,2441,1,1486,10,955,0,0,11,1155,0,644,11,1799,California
Inyo,2021-01-31,32,2473,4,1490,28,983,0,0,4,1131,28,672,4,1803,California
Inyo,2021-02-01,11,2484,9,1499,2,985,0,0,1,1122,10,682,1,1804,California
Inyo,2021-02-02,130,2614,14,1513,116,1101,0,0,104,1200,26,708,104,1908,California
Inyo,2021-02-03,116,2730,0,1513,116,1217,0,0,74,1232,42,750,74,1982,California
Inyo,2021-02-04,149,2879,31,1544,118,1335,0,0,90,1263,59,809,90,2072,California
Inyo,2021-02-05,117,2996,61,1605,56,1391,0,0,115,1376,2,811,115,2187,California
Inyo,2021-02-06,4,3000,2,1607,2,1393,0,0,3,1378,1,812,3,2190,California
Inyo,2021-02-07,4,3004,2,1609,2,1395,0,0,4,1382,0,812,4,2194,California
Inyo,2021-02-08,117,3121,7,1616,110,1505,0,0,97,1459,20,832,97,2291,California
Inyo,2021-02-09,194,3315,52,1668,142,1647,0,0,122,1509,72,904,122,2413,California
Inyo,2021-02-10,143,3458,18,1686,125,1772,0,0,109,1584,34,938,109,2522,California
Inyo,2021-02-11,219,3677,56,1742,163,1935,0,0,125,1615,94,1032,125,2647,California
Inyo,2021-02-12,299,3976,52,1794,247,2182,0,0,168,1652,131,1163,168,2815,California
Inyo,2021-02-13,60,4036,55,1849,5,2187,0,0,8,1608,52,1215,8,2823,California
Inyo,2021-02-14,1,4037,0,1849,1,2188,0,0,1,1609,0,1215,1,2824,California
Inyo,2021-02-15,29,4066,9,1858,20,2208,0,0,5,1590,24,1239,5,2829,California
Inyo,2021-02-16,181,4247,50,1908,131,2339,0,0,93,1595,88,1327,93,2922,California
Inyo,2021-02-17,37,4284,4,1912,33,2372,0,0,7,1572,30,1357,7,2929,California
Inyo,2021-02-18,122,4406,5,1917,117,2489,0,0,78,1606,44,1401,78,3007,California
Inyo,2021-02-19,52,4458,4,1921,48,2537,0,0,9,1572,43,1444,9,3016,California
Inyo,2021-02-20,503,4961,499,2420,4,2541,0,0,501,2071,2,1446,501,3517,California
Inyo,2021-02-21,267,5228,267,2687,0,2541,0,0,267,2338,0,1446,267,3784,California
Inyo,2021-02-22,61,5289,19,2706,42,2583,0,0,27,2331,34,1480,27,3811,California
Inyo,2021-02-23,198,5487,20,2726,178,2761,0,0,94,2322,103,1583,94,3905,California
Inyo,2021-02-24,116,5603,0,2726,116,2877,0,0,57,2320,59,1642,57,3962,California
Inyo,2021-02-25,131,5734,3,2729,128,3005,0,0,63,2315,68,1710,63,4025,California
Inyo,2021-02-26,103,5837,60,2789,43,3048,0,0,19,2250,84,1794,19,4044,California
Inyo,2021-02-27,15,5852,4,2793,11,3059,0,0,3,2241,12,1806,3,4047,California
Inyo,2021-02-28,3,5855,1,2794,2,3061,0,0,2,2242,1,1807,2,4049,California
Inyo,2021-03-01,20,5875,2,2796,18,3079,0,0,17,2256,3,1810,17,4066,California
Inyo,2021-03-02,193,6068,1,2797,192,3271,0,0,109,2281,84,1894,109,4175,California
Inyo,2021-03-03,83,6151,2,2799,81,3352,0,0,40,2278,43,1937,40,4215,California
Inyo,2021-03-04,128,6279,4,2803,124,3476,0,0,46,2242,82,2019,46,4261,California
Inyo,2021-03-05,142,6421,57,2860,85,3561,0,0,38,2176,104,2123,38,4299,California
Inyo,2021-03-06,31,6452,1,2861,30,3591,0,0,30,2205,1,2124,30,4329,California
Inyo,2021-03-07,7,6459,4,2865,3,3594,0,0,5,2208,2,2126,5,4334,California
Inyo,2021-03-08,181,6640,5,2870,176,3770,0,0,91,2209,90,2216,91,4425,California
Inyo,2021-03-09,186,6826,2,2872,184,3954,0,0,71,2165,115,2331,71,4496,California
Inyo,2021-03-10,70,6896,8,2880,61,4015,1,1,30,2156,40,2371,31,4527,California
Inyo,2021-03-11,203,7099,1,2881,196,4211,6,7,73,2105,130,2501,79,4606,California
Inyo,2021-03-12,174,7273,4,2885,165,4376,5,12,76,2088,98,2599,81,4687,California
Inyo,2021-03-13,575,7848,540,3425,25,4401,10,22,77,1678,497,3096,87,4774,California
Inyo,2021-03-14,432,8280,430,3855,2,4403,0,22,169,1585,262,3358,169,4943,California
Inyo,2021-03-15,51,8331,15,3870,34,4437,2,24,30,1596,21,3379,32,4975,California
Inyo,2021-03-16,164,8495,4,3874,154,4591,6,30,63,1565,100,3479,69,5044,California
Inyo,2021-03-17,107,8602,3,3877,97,4688,7,37,92,1649,15,3494,99,5143,California
Inyo,2021-03-18,182,8784,14,3891,161,4849,7,44,102,1678,80,3574,109,5252,California
Inyo,2021-03-19,45,8829,4,3895,37,4886,4,48,35,1707,10,3584,39,5291,California
Inyo,2021-03-20,21,8850,1,3896,11,4897,9,57,2,1699,19,3603,11,5302,California
Inyo,2021-03-22,60,8910,2,3898,53,4950,5,62,40,1724,20,3623,45,5347,California
Inyo,2021-03-23,195,9105,4,3902,187,5137,4,66,105,1743,90,3713,109,5456,California
Inyo,2021-03-24,139,9244,3,3905,132,5269,4,70,86,1780,53,3766,90,5546,California
Inyo,2021-03-25,324,9568,104,4009,216,5485,4,74,258,1976,66,3832,262,5808,California
Inyo,2021-03-26,90,9658,2,4011,84,5569,4,78,70,2030,20,3852,74,5882,California
Inyo,2021-03-27,51,9709,44,4055,4,5573,3,81,45,2072,6,3858,48,5930,California
Inyo,2021-03-28,4,9713,1,4056,2,5575,1,82,1,2071,3,3861,2,5932,California
Inyo,2021-03-29,109,9822,2,4058,102,5677,5,87,82,2132,26,3887,87,6019,California
Inyo,2021-03-30,210,10032,3,4061,202,5879,5,92,102,2131,108,3995,107,6126,California
Inyo,2021-03-31,145,10177,4,4065,136,6015,5,97,104,2199,41,4036,109,6235,California
Inyo,2021-04-01,165,10342,5,4070,159,6174,1,98,116,2267,49,4085,117,6352,California
Inyo,2021-04-02,81,10423,1,4071,78,6252,2,100,52,2292,29,4114,54,6406,California
Inyo,2021-04-03,93,10516,46,4117,33,6285,14,114,5,2224,86,4200,18,6424,California
Inyo,2021-04-04,5,10521,4,4121,0,6285,1,115,1,2222,4,4204,2,6426,California
Inyo,2021-04-05,117,10638,1,4122,112,6397,4,119,29,2167,88,4292,33,6459,California
Inyo,2021-04-06,236,10874,6,4128,167,6564,63,182,104,2202,132,4424,167,6626,California
Inyo,2021-04-07,201,11075,4,4132,71,6635,126,308,45,2217,156,4580,171,6797,California
Inyo,2021-04-08,175,11250,14,4146,144,6779,17,325,79,2217,96,4676,96,6893,California
Inyo,2021-04-09,123,11373,5,4151,95,6874,23,348,36,2190,86,4762,59,6952,California
Inyo,2021-04-10,42,11415,1,4152,24,6898,17,365,3,2171,39,4801,20,6972,California
Inyo,2021-04-11,1,11416,0,4152,1,6899,0,365,1,2172,0,4801,1,6973,California
Inyo,2021-04-12,79,11495,0,4152,74,6973,5,370,41,2180,38,4839,46,7019,California
Inyo,2021-04-13,115,11610,4,4156,108,7081,3,373,57,2183,57,4896,60,7079,California
Inyo,2021-04-14,124,11734,4,4160,120,7201,0,373,42,2143,82,4978,42,7121,California
Inyo,2021-04-15,231,11965,71,4231,160,7361,0,373,83,2078,148,5126,83,7204,California
Inyo,2021-04-16,48,12013,6,4237,42,7403,0,373,22,2074,26,5152,22,7226,California
Inyo,2021-04-17,6,12019,3,4240,3,7406,0,373,5,2078,1,5153,5,7231,California
Inyo,2021-04-18,2,12021,1,4241,1,7407,0,373,2,2080,0,5153,2,7233,California
Inyo,2021-04-19,126,12147,42,4283,84,7491,0,373,39,2032,87,5240,39,7272,California
Inyo,2021-04-20,132,12279,4,4287,128,7619,0,373,58,2016,74,5314,58,7330,California
Kern,2020-12-15,1,1,1,1,0,0,0,0,1,1,0,0,1,1,California
Kern,2020-12-16,18,19,18,19,0,0,0,0,18,19,0,0,18,19,California
Kern,2020-12-17,164,183,164,183,0,0,0,0,164,183,0,0,164,183,California
Kern,2020-12-18,318,501,318,501,0,0,0,0,318,501,0,0,318,501,California
Kern,2020-12-19,98,599,98,599,0,0,0,0,99,600,0,0,99,600,California
Kern,2020-12-20,61,660,61,660,0,0,0,0,61,661,0,0,61,661,California
Kern,2020-12-21,671,1331,670,1330,1,1,0,0,671,1332,0,0,671,1332,California
Kern,2020-12-22,530,1861,527,1857,3,4,0,0,530,1862,0,0,530,1862,California
Kern,2020-12-23,557,2418,418,2275,139,143,0,0,557,2419,0,0,557,2419,California
Kern,2020-12-24,122,2540,43,2318,79,222,0,0,122,2541,0,0,122,2541,California
Kern,2020-12-25,1,2541,1,2319,0,222,0,0,1,2542,0,0,1,2542,California
Kern,2020-12-26,33,2574,1,2320,32,254,0,0,33,2575,0,0,33,2575,California
Kern,2020-12-27,35,2609,3,2323,32,286,0,0,35,2610,0,0,35,2610,California
Kern,2020-12-28,824,3433,660,2983,164,450,0,0,824,3434,0,0,824,3434,California
Kern,2020-12-29,745,4178,452,3435,293,743,0,0,745,4179,0,0,745,4179,California
Kern,2020-12-30,1201,5379,909,4344,292,1035,0,0,1201,5380,0,0,1201,5380,California
Kern,2020-12-31,277,5656,98,4442,179,1214,0,0,277,5657,0,0,277,5657,California
Kern,2021-01-01,12,5668,6,4448,6,1220,0,0,12,5669,0,0,12,5669,California
Kern,2021-01-02,78,5746,18,4466,60,1280,0,0,78,5747,0,0,78,5747,California
Kern,2021-01-03,23,5769,4,4470,19,1299,0,0,23,5770,0,0,23,5770,California
Kern,2021-01-04,553,6322,360,4830,193,1492,0,0,553,6323,0,0,553,6323,California
Kern,2021-01-05,1131,7453,736,5566,395,1887,0,0,1119,7430,12,12,1119,7442,California
Kern,2021-01-06,1166,8619,455,6021,711,2598,0,0,1136,8536,30,42,1136,8578,California
Kern,2021-01-07,1406,10025,494,6515,912,3510,0,0,1237,9605,168,210,1237,9815,California
Kern,2021-01-08,1626,11651,765,7280,861,4371,0,0,1331,10640,297,507,1332,11147,California
Kern,2021-01-09,225,11876,76,7356,149,4520,0,0,191,10797,34,541,191,11338,California
Kern,2021-01-10,194,12070,147,7503,47,4567,0,0,153,10909,41,582,153,11491,California
Kern,2021-01-11,1554,13624,983,8486,571,5138,0,0,999,11353,555,1137,999,12490,California
Kern,2021-01-12,1870,15494,810,9296,1060,6198,0,0,1360,12203,510,1647,1360,13850,California
Kern,2021-01-13,1854,17348,867,10163,987,7185,0,0,1432,13213,422,2069,1432,15282,California
Kern,2021-01-14,2182,19530,645,10808,1537,8722,0,0,2137,15304,46,2115,2137,17419,California
Kern,2021-01-15,2702,22232,857,11665,1845,10567,0,0,2605,17815,95,2210,2606,20025,California
Kern,2021-01-16,670,22902,212,11877,458,11025,0,0,636,18417,34,2244,636,20661,California
Kern,2021-01-17,72,22974,7,11884,65,11090,0,0,70,18485,2,2246,70,20731,California
Kern,2021-01-18,1643,24617,658,12542,985,12075,0,0,1474,19790,169,2415,1474,22205,California
Kern,2021-01-19,1852,26469,1031,13573,821,12896,0,0,1384,20707,468,2883,1385,23590,California
Kern,2021-01-20,2444,28913,1510,15083,934,13830,0,0,1820,21910,619,3502,1822,25412,California
Kern,2021-01-21,2162,31075,918,16001,1244,15074,0,0,1967,23683,194,3696,1967,27379,California
Kern,2021-01-22,2709,33784,1291,17292,1418,16492,0,0,2433,25842,274,3970,2433,29812,California
Kern,2021-01-23,1246,35030,534,17826,712,17204,0,0,1200,26996,46,4016,1200,31012,California
Kern,2021-01-24,159,35189,18,17844,141,17345,0,0,154,27145,5,4021,154,31166,California
Kern,2021-01-25,2381,37570,1083,18927,1298,18643,0,0,1899,28564,481,4502,1900,33066,California
Kern,2021-01-26,2756,40326,1119,20046,1637,20280,0,0,1902,29613,853,5355,1902,34968,California
Kern,2021-01-27,3556,43882,1900,21946,1656,21936,0,0,2858,31776,696,6051,2859,37827,California
Kern,2021-01-28,2857,46739,1349,23295,1508,23444,0,0,2425,33776,428,6479,2428,40255,California
Kern,2021-01-29,3764,50503,1798,25093,1966,25410,0,0,3224,36463,537,7016,3224,43479,California
Kern,2021-01-30,1323,51826,497,25590,826,26236,0,0,1276,37694,45,7061,1276,44755,California
Kern,2021-01-31,403,52229,276,25866,127,26363,0,0,268,37827,135,7196,268,45023,California
Kern,2021-02-01,2406,54635,817,26683,1589,27952,0,0,1856,39137,547,7743,1857,46880,California
Kern,2021-02-02,2921,57556,972,27655,1949,29901,0,0,2058,40333,863,8606,2059,48939,California
Kern,2021-02-03,3652,61208,1548,29203,2104,32005,0,0,2687,42062,958,9564,2687,51626,California
Kern,2021-02-04,3799,65007,1450,30653,2349,34354,0,0,2584,43442,1204,10768,2584,54210,California
Kern,2021-02-05,4848,69855,1989,32642,2859,37213,0,0,3090,44793,1739,12507,3090,57300,California
Kern,2021-02-06,1735,71590,765,33407,970,38183,0,0,1512,46085,220,12727,1512,58812,California
Kern,2021-02-07,282,71872,149,33556,133,38316,0,0,266,46337,14,12741,266,59078,California
Kern,2021-02-08,2562,74434,788,34344,1774,40090,0,0,1257,46308,1287,14028,1258,60336,California
Kern,2021-02-09,3035,77469,985,35329,2050,42140,0,0,1465,46210,1563,15591,1465,61801,California
Kern,2021-02-10,3783,81252,1656,36985,2127,44267,0,0,1894,46232,1873,17464,1895,63696,California
Kern,2021-02-11,4254,85506,1537,38522,2717,46984,0,0,2227,46445,2014,19478,2227,65923,California
Kern,2021-02-12,4949,90455,1892,40414,3057,50041,0,0,2482,46474,2453,21931,2482,68405,California
Kern,2021-02-13,2010,92465,726,41140,1284,51325,0,0,1167,46800,841,22772,1167,69572,California
Kern,2021-02-14,349,92814,12,41152,337,51662,0,0,269,46990,79,22851,269,69841,California
Kern,2021-02-15,2738,95552,889,42041,1849,53511,0,0,1208,46676,1522,24373,1208,71049,California
Kern,2021-02-16,2945,98497,719,42760,2226,55737,0,0,1657,47057,1277,25650,1658,72707,California
Kern,2021-02-17,4059,102556,2073,44833,1986,57723,0,0,1927,46858,2127,27777,1928,74635,California
Kern,2021-02-18,3748,106304,1475,46308,2273,59996,0,0,1620,46363,2115,29892,1620,76255,California
Kern,2021-02-19,4194,110498,1915,48223,2279,62275,0,0,1739,45654,2448,32340,1739,77994,California
Kern,2021-02-20,2574,113072,969,49192,1605,63880,0,0,1341,45765,1230,33570,1341,79335,California
Kern,2021-02-21,247,113319,141,49333,106,63986,0,0,86,45692,159,33729,86,79421,California
Kern,2021-02-22,2655,115974,1148,50481,1507,65493,0,0,1426,45894,1224,34953,1426,80847,California
Kern,2021-02-23,3535,119509,1117,51598,2418,67911,0,0,1975,46311,1558,36511,1975,82822,California
Kern,2021-02-24,5155,124664,2263,53861,2892,70803,0,0,3072,47304,2079,38590,3072,85894,California
Kern,2021-02-25,5349,130013,2445,56306,2904,73707,0,0,3173,48319,2158,40748,3173,89067,California
Kern,2021-02-26,6881,136894,3517,59823,3364,77071,0,0,4355,50156,2519,43267,4356,93423,California
Kern,2021-02-27,3851,140745,1891,61714,1960,79031,0,0,2518,51348,1326,44593,2518,95941,California
Kern,2021-02-28,906,141651,497,62211,409,79440,0,0,690,51824,214,44807,690,96631,California
Kern,2021-03-01,3977,145628,1802,64013,2175,81615,0,0,2687,53229,1282,46089,2687,99318,California
Kern,2021-03-02,4362,149990,1370,65383,2991,84606,1,1,2859,54596,1492,47581,2859,102177,California
Kern,2021-03-03,5747,155737,2672,68055,3075,87681,0,1,3664,56192,2069,49650,3665,105842,California
Kern,2021-03-04,5508,161245,2122,70177,3384,91065,2,3,3520,57738,1975,51625,3521,109363,California
Kern,2021-03-05,6450,167695,2661,72838,3772,94837,17,20,4033,59378,2410,54035,4050,113413,California
Kern,2021-03-06,4707,172402,1911,74749,2695,97532,101,121,3444,61668,1254,55289,3544,116957,California
Kern,2021-03-07,2042,174444,1585,76334,410,97942,47,168,1853,63380,188,55477,1900,118857,California
Kern,2021-03-08,2799,177243,851,77185,1735,99677,213,381,1454,63703,1342,56819,1665,120522,California
Kern,2021-03-09,3599,180842,777,77962,2439,102116,383,764,2207,64904,1387,58206,2588,123110,California
Kern,2021-03-10,6012,186854,2459,80421,2483,104599,1070,1834,3498,66969,2503,60709,4568,127678,California
Kern,2021-03-11,6272,193126,2399,82820,2848,107447,1025,2859,3726,69183,2535,63244,4749,132427,California
Kern,2021-03-12,7649,200775,2916,85736,3383,110830,1350,4209,4149,71183,3490,66734,5490,137917,California
Kern,2021-03-13,4417,205192,2297,88033,1785,112615,335,4544,3002,73104,1410,68144,3331,141248,California
Kern,2021-03-14,2264,207456,1414,89447,612,113227,238,4782,1749,74575,513,68657,1984,143232,California
Kern,2021-03-15,4234,211690,1079,90526,2442,115669,713,5495,2171,75405,2052,70709,2882,146114,California
Kern,2021-03-16,4306,215996,1001,91527,2777,118446,528,6023,2313,76259,1984,72693,2838,148952,California
Kern,2021-03-17,7212,223208,3794,95321,2861,121307,557,6580,4283,78179,2919,75612,4839,153791,California
Kern,2021-03-18,6938,230146,3374,98695,2989,124296,575,7155,4122,80075,2798,78410,4694,158485,California
Kern,2021-03-19,8666,238812,4722,103417,3296,127592,648,7803,4481,81027,4172,82582,5124,163609,California
Kern,2021-03-20,5924,244736,3580,106997,2171,129763,173,7976,3802,82890,2113,84695,3976,167585,California
Kern,2021-03-21,2869,247605,1751,108748,241,130004,877,8853,1690,84283,1174,85869,2567,170152,California
Kern,2021-03-22,3905,251510,1518,110266,2031,132035,356,9209,1894,84530,2003,87872,2250,172402,California
Kern,2021-03-23,4604,256114,1638,111904,2786,134821,180,9389,2445,85023,2129,90001,2622,175024,California
Kern,2021-03-24,6951,263065,3493,115397,2987,137808,471,9860,3642,85839,3295,93296,4111,179135,California
Kern,2021-03-25,6575,269640,2860,118257,3393,141201,322,10182,3286,86173,3274,96570,3608,182743,California
Kern,2021-03-26,9376,279016,4128,122385,3994,145195,1254,11436,4646,87359,4714,101284,5900,188643,California
Kern,2021-03-27,5423,284439,3723,126108,1574,146769,126,11562,3297,88660,2122,103406,3423,192066,California
Kern,2021-03-28,4214,288653,3729,129837,471,147240,14,11576,2674,89808,1540,104946,2688,194754,California
Kern,2021-03-29,4167,292820,1624,131461,2264,149504,279,11855,2602,91135,1553,106499,2880,197634,California
Kern,2021-03-30,5411,298231,1803,133264,3303,152807,305,12160,3066,92165,2340,108839,3370,201004,California
Kern,2021-03-31,8061,306292,4233,137497,3184,155991,644,12804,4284,93329,3763,112602,4927,205931,California
Kern,2021-04-01,7563,313855,3622,141119,3646,159637,295,13099,4091,94254,3458,116060,4383,210314,California
Kern,2021-04-02,8098,321953,4179,145298,3314,162951,605,13704,4071,94916,4011,120071,4673,214987,California
Kern,2021-04-03,5644,327597,3359,148657,2104,165055,181,13885,2562,94586,3071,123142,2741,217728,California
Kern,2021-04-04,1223,328820,766,149423,373,165428,84,13969,446,94342,774,123916,530,218258,California
Kern,2021-04-05,5278,334098,2173,151596,2344,167772,761,14730,2840,95514,2427,126343,3599,221857,California
Kern,2021-04-06,6716,340814,2433,154029,3088,170860,1195,15925,3567,97145,3131,129474,4762,226619,California
Kern,2021-04-07,9211,350025,5372,159401,2889,173749,950,16875,4635,98168,4561,134035,5584,232203,California
Kern,2021-04-08,8555,358580,4731,164132,2926,176675,898,17773,3926,98382,4609,138644,4823,237026,California
Kern,2021-04-09,8930,367510,4400,168532,3559,180234,971,18744,3873,98188,5036,143680,4842,241868,California
Kern,2021-04-10,6515,374025,3430,171962,1851,182085,1234,19978,2304,97519,4204,147884,3535,245403,California
Kern,2021-04-11,3765,377790,2890,174852,356,182441,519,20497,1428,97136,2328,150212,1945,247348,California
Kern,2021-04-12,4197,381987,960,175812,2347,184788,890,21387,1548,96936,2637,152849,2437,249785,California
Kern,2021-04-13,4101,386088,1344,177156,2753,187541,4,21391,2036,96923,2054,154903,2041,251826,California
Kern,2021-04-14,5366,391454,2440,179596,2904,190445,22,21413,2750,97094,2600,157503,2771,254597,California
Kern,2021-04-15,4797,396251,2233,181829,2562,193007,2,21415,2298,96910,2487,159990,2303,256900,California
Kern,2021-04-16,6441,402692,3382,185211,3059,196066,0,21415,2956,96406,3462,163452,2958,259858,California
Kern,2021-04-17,5776,408468,3844,189055,1932,197998,0,21415,2220,95084,3542,166994,2220,262078,California
Kern,2021-04-18,3612,412080,3367,192422,245,198243,0,21415,1079,93636,2527,169521,1079,263157,California
Kern,2021-04-19,3520,415600,1664,194086,1855,200098,1,21416,1343,92820,2160,171681,1344,264501,California
Kern,2021-04-20,2192,417792,1078,195164,1114,201212,0,21416,884,92399,1306,172987,885,265386,California
Kings,2020-12-16,1,1,1,1,0,0,0,0,1,1,0,0,1,1,California
Kings,2020-12-17,8,9,8,9,0,0,0,0,8,9,0,0,8,9,California
Kings,2020-12-18,12,21,12,21,0,0,0,0,12,21,0,0,12,21,California
Kings,2020-12-19,11,32,11,32,0,0,0,0,11,32,0,0,11,32,California
Kings,2020-12-20,13,45,13,45,0,0,0,0,13,45,0,0,13,45,California
Kings,2020-12-21,155,200,155,200,0,0,0,0,271,316,0,0,271,316,California
Kings,2020-12-22,143,343,143,343,0,0,0,0,140,456,0,0,140,456,California
Kings,2020-12-23,134,477,122,465,12,12,0,0,135,591,0,0,135,591,California
Kings,2020-12-24,11,488,9,474,2,14,0,0,11,602,0,0,11,602,California
Kings,2020-12-26,7,495,4,478,3,17,0,0,7,609,0,0,7,609,California
Kings,2020-12-27,4,499,4,482,0,17,0,0,4,613,0,0,4,613,California
Kings,2020-12-28,131,630,103,585,28,45,0,0,132,745,0,0,132,745,California
Kings,2020-12-29,78,708,51,636,27,72,0,0,79,824,0,0,79,824,California
Kings,2020-12-30,147,855,108,744,39,111,0,0,147,971,0,0,147,971,California
Kings,2020-12-31,44,899,6,750,38,149,0,0,44,1015,0,0,44,1015,California
Kings,2021-01-01,1,900,0,750,1,150,0,0,1,1016,0,0,1,1016,California
Kings,2021-01-02,10,910,9,759,1,151,0,0,10,1026,0,0,10,1026,California
Kings,2021-01-04,112,1022,42,801,70,221,0,0,112,1138,0,0,112,1138,California
Kings,2021-01-05,197,1219,39,840,158,379,0,0,197,1335,0,0,197,1335,California
Kings,2021-01-06,276,1495,177,1017,99,478,0,0,273,1605,3,3,273,1608,California
Kings,2021-01-07,178,1673,81,1098,97,575,0,0,170,1767,8,11,170,1778,California
Kings,2021-01-08,247,1920,54,1152,193,768,0,0,228,1976,19,30,228,2006,California
Kings,2021-01-09,63,1983,9,1161,54,822,0,0,55,2023,8,38,55,2061,California
Kings,2021-01-10,15,1998,3,1164,12,834,0,0,12,2032,3,41,12,2073,California
Kings,2021-01-11,519,2517,357,1521,162,996,0,0,275,2064,244,285,276,2349,California
Kings,2021-01-12,350,2867,253,1774,97,1093,0,0,216,2149,131,416,216,2565,California
Kings,2021-01-13,413,3280,266,2040,147,1240,0,0,322,2380,91,507,322,2887,California
Kings,2021-01-14,208,3488,31,2071,177,1417,0,0,198,2558,21,528,199,3086,California
Kings,2021-01-15,415,3903,29,2100,386,1803,0,0,403,2949,12,540,403,3489,California
Kings,2021-01-16,31,3934,12,2112,19,1822,0,0,30,2978,1,541,30,3519,California
Kings,2021-01-17,8,3942,5,2117,3,1825,0,0,6,2982,2,543,6,3525,California
Kings,2021-01-18,172,4114,40,2157,132,1957,0,0,146,3102,26,569,146,3671,California
Kings,2021-01-19,376,4490,158,2315,218,2175,0,0,248,3222,128,697,248,3919,California
Kings,2021-01-20,224,4714,134,2449,90,2265,0,0,119,3240,101,798,119,4038,California
Kings,2021-01-21,186,4900,32,2481,154,2419,0,0,172,3396,16,814,172,4210,California
Kings,2021-01-22,125,5025,38,2519,87,2506,0,0,125,3516,5,819,125,4335,California
Kings,2021-01-23,26,5051,14,2533,12,2518,0,0,20,3530,6,825,20,4355,California
Kings,2021-01-24,4,5055,4,2537,0,2518,0,0,2,3530,2,827,2,4357,California
Kings,2021-01-25,124,5179,26,2563,98,2616,0,0,90,3586,34,861,90,4447,California
Kings,2021-01-26,154,5333,35,2598,119,2735,0,0,115,3662,39,900,115,4562,California
Kings,2021-01-27,318,5651,34,2632,284,3019,0,0,248,3841,69,969,248,4810,California
Kings,2021-01-28,324,5975,46,2678,278,3297,0,0,270,4057,54,1023,270,5080,California
Kings,2021-01-29,86,6061,26,2704,60,3357,0,0,69,4109,17,1040,69,5149,California
Kings,2021-01-30,1555,7616,31,2735,1524,4881,0,0,1552,5660,3,1043,1554,6703,California
Kings,2021-02-01,199,7815,65,2800,134,5015,0,0,71,5605,126,1169,71,6774,California
Kings,2021-02-02,226,8041,14,2814,212,5227,0,0,81,5542,144,1313,81,6855,California
Kings,2021-02-03,356,8397,191,3005,165,5392,0,0,203,5593,152,1465,203,7058,California
Kings,2021-02-04,395,8792,98,3103,297,5689,0,0,199,5597,195,1660,199,7257,California
Kings,2021-02-05,256,9048,14,3117,242,5931,0,0,101,5545,153,1813,101,7358,California
Kings,2021-02-06,60,9108,10,3127,50,5981,0,0,27,5539,33,1846,27,7385,California
Kings,2021-02-07,5,9113,3,3130,2,5983,0,0,3,5540,2,1848,3,7388,California
Kings,2021-02-08,169,9282,29,3159,140,6123,0,0,68,5507,101,1949,68,7456,California
Kings,2021-02-09,253,9535,57,3216,196,6319,0,0,110,5476,141,2090,110,7566,California
Kings,2021-02-10,286,9821,112,3328,174,6493,0,0,173,5536,113,2203,173,7739,California
Kings,2021-02-11,429,10250,65,3393,364,6857,0,0,318,5744,110,2313,318,8057,California
Kings,2021-02-12,611,10861,36,3429,575,7432,0,0,341,5815,270,2583,341,8398,California
Kings,2021-02-13,103,10964,6,3435,97,7529,0,0,78,5868,25,2608,78,8476,California
Kings,2021-02-14,102,11066,4,3439,98,7627,0,0,94,5954,8,2616,94,8570,California
Kings,2021-02-15,246,11312,5,3444,241,7868,0,0,137,5983,108,2724,137,8707,California
Kings,2021-02-16,484,11796,33,3477,451,8319,0,0,250,6000,233,2957,250,8957,California
Kings,2021-02-17,378,12174,22,3499,356,8675,0,0,241,6105,137,3094,242,9199,California
Kings,2021-02-18,154,12328,22,3521,132,8807,0,0,98,6147,56,3150,98,9297,California
Kings,2021-02-19,157,12485,22,3543,135,8942,0,0,101,6195,53,3203,101,9398,California
Kings,2021-02-20,171,12656,40,3583,131,9073,0,0,134,6292,37,3240,134,9532,California
Kings,2021-02-21,3,12659,2,3585,1,9074,0,0,3,6295,0,3240,3,9535,California
Kings,2021-02-22,110,12769,19,3604,91,9165,0,0,51,6287,59,3299,51,9586,California
Kings,2021-02-23,294,13063,69,3673,225,9390,0,0,177,6347,117,3416,177,9763,California
Kings,2021-02-24,591,13654,153,3826,438,9828,0,0,379,6514,212,3628,379,10142,California
Kings,2021-02-25,661,14315,112,3938,549,10377,0,0,443,6741,216,3844,443,10585,California
Kings,2021-02-26,655,14970,130,4068,525,10902,0,0,592,7271,62,3906,592,11177,California
Kings,2021-02-27,1497,16467,62,4130,1435,12337,0,0,564,6903,932,4838,564,11741,California
Kings,2021-02-28,1168,17635,594,4724,574,12911,0,0,671,7080,494,5332,671,12412,California
Kings,2021-03-01,256,17891,77,4801,179,13090,0,0,212,7248,44,5376,212,12624,California
Kings,2021-03-02,467,18358,205,5006,262,13352,0,0,418,7618,49,5425,419,13043,California
Kings,2021-03-03,613,18971,292,5298,321,13673,0,0,428,7862,184,5609,428,13471,California
Kings,2021-03-04,712,19683,341,5639,371,14044,0,0,617,8385,95,5704,618,14089,California
Kings,2021-03-05,1006,20689,349,5988,648,14692,9,9,890,9169,116,5820,900,14989,California
Kings,2021-03-06,509,21198,183,6171,313,15005,13,22,480,9633,29,5849,493,15482,California
Kings,2021-03-07,366,21564,225,6396,137,15142,4,26,358,9987,8,5857,362,15844,California
Kings,2021-03-08,349,21913,97,6493,199,15341,53,79,240,10170,109,5966,292,16136,California
Kings,2021-03-09,506,22419,230,6723,221,15562,55,134,401,10522,105,6071,457,16593,California
Kings,2021-03-10,499,22918,122,6845,286,15848,91,225,318,10750,180,6251,408,17001,California
Kings,2021-03-11,1015,23933,306,7151,599,16447,110,335,611,11069,402,6653,721,17722,California
Kings,2021-03-12,1284,25217,391,7542,799,17246,94,429,883,11648,400,7053,979,18701,California
Kings,2021-03-13,673,25890,333,7875,295,17541,45,474,546,12113,127,7180,592,19293,California
Kings,2021-03-14,666,26556,101,7976,183,17724,382,856,199,12227,467,7647,581,19874,California
Kings,2021-03-15,609,27165,175,8151,319,18043,115,971,373,12482,235,7882,490,20364,California
Kings,2021-03-16,1040,28205,439,8590,540,18583,61,1032,704,12911,336,8218,765,21129,California
Kings,2021-03-17,1083,29288,418,9008,604,19187,61,1093,766,13428,317,8535,834,21963,California
Kings,2021-03-18,1087,30375,466,9474,401,19588,220,1313,757,14079,329,8864,980,22943,California
Kings,2021-03-19,929,31304,469,9943,375,19963,85,1398,711,14670,218,9082,809,23752,California
Kings,2021-03-20,622,31926,253,10196,339,20302,30,1428,450,14987,170,9252,487,24239,California
Kings,2021-03-21,1400,33326,1086,11282,303,20605,11,1439,847,15292,553,9805,858,25097,California
Kings,2021-03-22,448,33774,203,11485,162,20767,83,1522,275,15481,173,9978,362,25459,California
Kings,2021-03-23,891,34665,490,11975,342,21109,59,1581,574,15802,315,10293,636,26095,California
Kings,2021-03-24,908,35573,468,12443,417,21526,23,1604,503,15927,403,10696,528,26623,California
Kings,2021-03-25,880,36453,441,12884,413,21939,26,1630,442,15959,436,11132,468,27091,California
Kings,2021-03-26,1279,37732,376,13260,818,22757,85,1715,529,15828,745,11877,614,27705,California
Kings,2021-03-27,616,38348,246,13506,358,23115,12,1727,171,15568,443,12320,183,27888,California
Kings,2021-03-28,540,38888,469,13975,64,23179,7,1734,335,15713,205,12525,350,28238,California
Kings,2021-03-29,457,39345,202,14177,195,23374,60,1794,252,15821,203,12728,311,28549,California
Kings,2021-03-30,824,40169,452,14629,334,23708,38,1832,423,15882,400,13128,461,29010,California
Kings,2021-03-31,715,40884,369,14998,282,23990,64,1896,415,16067,294,13422,479,29489,California
Kings,2021-04-01,744,41628,373,15371,292,24282,79,1975,339,16086,399,13821,418,29907,California
Kings,2021-04-02,972,42600,420,15791,430,24712,122,2097,428,16095,540,14361,549,30456,California
Kings,2021-04-03,471,43071,327,16118,136,24848,8,2105,158,15956,307,14668,168,30624,California
Kings,2021-04-04,156,43227,82,16200,68,24916,6,2111,44,15895,111,14779,50,30674,California
Kings,2021-04-05,1035,44262,319,16519,466,25382,250,2361,253,15617,781,15560,503,31177,California
Kings,2021-04-06,1172,45434,446,16965,419,25801,307,2668,292,15338,877,16437,598,31775,California
Kings,2021-04-07,1332,46766,637,17602,511,26312,184,2852,411,15014,919,17356,595,32370,California
Kings,2021-04-08,1601,48367,627,18229,721,27033,253,3105,370,14414,1223,18579,623,32993,California
Kings,2021-04-09,957,49324,448,18677,343,27376,166,3271,182,13987,773,19352,346,33339,California
Kings,2021-04-10,588,49912,327,19004,159,27535,102,3373,177,13856,410,19762,279,33618,California
Kings,2021-04-11,322,50234,74,19078,242,27777,6,3379,190,13920,132,19894,196,33814,California
Kings,2021-04-12,611,50845,256,19334,177,27954,178,3557,140,13769,469,20363,318,34132,California
Kings,2021-04-13,855,51700,492,19826,363,28317,0,3557,279,13478,575,20938,284,34416,California
Kings,2021-04-14,934,52634,502,20328,432,28749,0,3557,329,13203,605,21543,330,34746,California
Kings,2021-04-15,908,53542,471,20799,436,29185,1,3558,388,13074,518,22061,389,35135,California
Kings,2021-04-16,752,54294,348,21147,404,29589,0,3558,269,12863,481,22542,270,35405,California
Kings,2021-04-17,447,54741,240,21387,207,29796,0,3558,192,12801,254,22796,192,35597,California
Kings,2021-04-18,549,55290,239,21626,310,30106,0,3558,77,12406,472,23268,77,35674,California
Kings,2021-04-19,514,55804,281,21907,231,30337,2,3560,280,12454,232,23500,280,35954,California
Kings,2021-04-20,437,56241,189,22096,248,30585,0,3560,147,12313,288,23788,147,36101,California
Lake,2020-12-17,4,4,4,4,0,0,0,0,4,4,0,0,4,4,California
Lake,2020-12-18,51,55,51,55,0,0,0,0,51,55,0,0,51,55,California
Lake,2020-12-19,3,58,3,58,0,0,0,0,3,58,0,0,3,58,California
Lake,2020-12-20,6,64,6,64,0,0,0,0,6,64,0,0,6,64,California
Lake,2020-12-21,86,150,86,150,0,0,0,0,86,150,0,0,86,150,California
Lake,2020-12-22,63,213,60,210,3,3,0,0,63,213,0,0,63,213,California
Lake,2020-12-23,123,336,114,324,9,12,0,0,123,336,0,0,123,336,California
Lake,2020-12-24,2,338,0,324,2,14,0,0,2,338,0,0,2,338,California
Lake,2020-12-26,2,340,2,326,0,14,0,0,2,340,0,0,2,340,California
Lake,2020-12-27,2,342,2,328,0,14,0,0,2,342,0,0,2,342,California
Lake,2020-12-28,52,394,43,371,9,23,0,0,52,394,0,0,52,394,California
Lake,2020-12-29,49,443,44,415,5,28,0,0,49,443,0,0,49,443,California
Lake,2020-12-30,124,567,117,532,7,35,0,0,124,567,0,0,124,567,California
Lake,2020-12-31,67,634,64,596,3,38,0,0,67,634,0,0,67,634,California
Lake,2021-01-01,1,635,0,596,1,39,0,0,1,635,0,0,1,635,California
Lake,2021-01-02,2,637,1,597,1,40,0,0,2,637,0,0,2,637,California
Lake,2021-01-04,87,724,21,618,66,106,0,0,87,724,0,0,87,724,California
Lake,2021-01-05,119,843,59,677,60,166,0,0,117,839,2,2,117,841,California
Lake,2021-01-06,105,948,65,742,40,206,0,0,103,940,2,4,103,944,California
Lake,2021-01-07,103,1051,82,824,21,227,0,0,94,1025,9,13,94,1038,California
Lake,2021-01-08,152,1203,124,948,28,255,0,0,100,1073,52,65,100,1138,California
Lake,2021-01-09,63,1266,61,1009,2,257,0,0,59,1128,4,69,59,1197,California
Lake,2021-01-10,3,1269,3,1012,0,257,0,0,0,1125,3,72,0,1197,California
Lake,2021-01-11,192,1461,151,1163,41,298,0,0,112,1157,80,152,112,1309,California
Lake,2021-01-12,80,1541,48,1211,32,330,0,0,56,1189,24,176,56,1365,California
Lake,2021-01-13,164,1705,112,1323,52,382,0,0,107,1239,57,233,107,1472,California
Lake,2021-01-14,146,1851,46,1369,100,482,0,0,124,1341,22,255,124,1596,California
Lake,2021-01-15,215,2066,92,1461,123,605,0,0,188,1502,27,282,188,1784,California
Lake,2021-01-16,135,2201,82,1543,53,658,0,0,133,1633,2,284,133,1917,California
Lake,2021-01-17,18,2219,6,1549,12,670,0,0,12,1639,6,290,12,1929,California
Lake,2021-01-18,244,2463,224,1773,20,690,0,0,126,1647,118,408,126,2055,California
Lake,2021-01-19,311,2774,117,1890,194,884,0,0,266,1869,45,453,267,2322,California
Lake,2021-01-20,421,3195,80,1970,341,1225,0,0,357,2163,63,516,357,2679,California
Lake,2021-01-21,433,3628,49,2019,384,1609,0,0,398,2526,35,551,398,3077,California
Lake,2021-01-22,317,3945,46,2065,271,1880,0,0,281,2771,36,587,281,3358,California
Lake,2021-01-23,122,4067,5,2070,117,1997,0,0,121,2891,1,588,121,3479,California
Lake,2021-01-24,4,4071,1,2071,3,2000,0,0,4,2895,0,588,4,3483,California
Lake,2021-01-25,257,4328,95,2166,162,2162,0,0,176,2990,81,669,176,3659,California
Lake,2021-01-26,428,4756,36,2202,392,2554,0,0,405,3372,23,692,405,4064,California
Lake,2021-01-27,356,5112,39,2241,317,2871,0,0,329,3675,27,719,330,4394,California
Lake,2021-01-28,500,5612,160,2401,340,3211,0,0,372,3919,128,847,372,4766,California
Lake,2021-01-29,636,6248,83,2484,553,3764,0,0,576,4435,60,907,576,5342,California
Lake,2021-01-30,556,6804,45,2529,511,4275,0,0,550,4979,6,913,550,5892,California
Lake,2021-01-31,14,6818,8,2537,6,4281,0,0,12,4989,2,915,12,5904,California
Lake,2021-02-01,179,6997,18,2555,161,4442,0,0,166,5142,13,928,166,6070,California
Lake,2021-02-02,563,7560,153,2708,410,4852,0,0,398,5375,165,1093,398,6468,California
Lake,2021-02-03,444,8004,33,2741,411,5263,0,0,340,5611,104,1197,340,6808,California
Lake,2021-02-04,118,8122,68,2809,50,5313,0,0,72,5637,46,1243,72,6880,California
Lake,2021-02-05,376,8498,68,2877,308,5621,0,0,287,5837,87,1330,287,7167,California
Lake,2021-02-06,278,8776,42,2919,236,5857,0,0,266,6091,12,1342,266,7433,California
Lake,2021-02-07,2,8778,1,2920,1,5858,0,0,2,6093,0,1342,2,7435,California
Lake,2021-02-08,279,9057,206,3126,73,5931,0,0,160,6134,119,1461,160,7595,California
Lake,2021-02-09,346,9403,25,3151,321,6252,0,0,302,6393,43,1504,302,7897,California
Lake,2021-02-10,351,9754,54,3205,297,6549,0,0,275,6592,76,1580,275,8172,California
Lake,2021-02-11,167,9921,17,3222,150,6699,0,0,55,6535,112,1692,55,8227,California
Lake,2021-02-12,375,10296,28,3250,347,7046,0,0,289,6738,86,1778,289,8516,California
Lake,2021-02-13,249,10545,9,3259,240,7286,0,0,238,6965,11,1789,238,8754,California
Lake,2021-02-14,19,10564,4,3263,15,7301,0,0,6,6958,13,1802,6,8760,California
Lake,2021-02-15,172,10736,13,3276,159,7460,0,0,8,6803,163,1965,8,8768,California
Lake,2021-02-16,420,11156,22,3298,398,7858,0,0,174,6731,246,2211,174,8942,California
Lake,2021-02-17,351,11507,54,3352,297,8155,0,0,70,6521,280,2491,70,9012,California
Lake,2021-02-18,457,11964,69,3421,388,8543,0,0,115,6294,342,2833,115,9127,California
Lake,2021-02-19,414,12378,25,3446,389,8932,0,0,90,6060,324,3157,90,9217,California
Lake,2021-02-20,294,12672,60,3506,234,9166,0,0,251,6269,42,3199,251,9468,California
Lake,2021-02-21,6,12678,6,3512,0,9166,0,0,0,6263,6,3205,0,9468,California
Lake,2021-02-22,139,12817,23,3535,116,9282,0,0,43,6210,96,3301,43,9511,California
Lake,2021-02-23,212,13029,15,3550,197,9479,0,0,26,6050,186,3487,26,9537,California
Lake,2021-02-24,956,13985,378,3928,578,10057,0,0,418,5931,537,4024,418,9955,California
Lake,2021-02-25,733,14718,464,4392,269,10326,0,0,472,6144,259,4283,472,10427,California
Lake,2021-02-26,993,15711,303,4695,690,11016,0,0,347,5848,643,4926,347,10774,California
Lake,2021-02-27,410,16121,97,4792,313,11329,0,0,328,6094,82,5008,328,11102,California
Lake,2021-02-28,19,16140,13,4805,6,11335,0,0,10,6095,9,5017,10,11112,California
Lake,2021-03-01,594,16734,52,4857,542,11877,0,0,442,6385,152,5169,442,11554,California
Lake,2021-03-02,744,17478,18,4875,726,12603,0,0,291,6222,454,5623,291,11845,California
Lake,2021-03-03,359,17837,196,5071,163,12766,0,0,135,6133,224,5847,135,11980,California
Lake,2021-03-04,576,18413,508,5579,68,12834,0,0,562,6681,14,5861,562,12542,California
Lake,2021-03-05,1036,19449,38,5617,998,13832,0,0,173,5995,859,6720,173,12715,California
Lake,2021-03-06,36,19485,11,5628,24,13856,1,1,21,6002,15,6735,22,12737,California
Lake,2021-03-07,7,19492,5,5633,2,13858,0,1,4,6003,3,6738,4,12741,California
Lake,2021-03-08,338,19830,267,5900,62,13920,9,10,298,6270,40,6778,307,13048,California
Lake,2021-03-09,917,20747,28,5928,872,14792,17,27,394,6159,522,7300,411,13459,California
Lake,2021-03-10,204,20951,60,5988,131,14923,13,40,136,6240,68,7368,149,13608,California
Lake,2021-03-11,584,21535,47,6035,62,14985,475,515,49,6229,535,7903,524,14132,California
Lake,2021-03-12,857,22392,205,6240,628,15613,24,539,365,6127,491,8394,389,14521,California
Lake,2021-03-13,278,22670,21,6261,20,15633,237,776,16,6118,261,8655,252,14773,California
Lake,2021-03-14,11,22681,2,6263,9,15642,0,776,7,6121,4,8659,7,14780,California
Lake,2021-03-15,641,23322,14,6277,610,16252,17,793,483,6463,158,8817,500,15280,California
Lake,2021-03-16,1104,24426,829,7106,258,16510,17,810,445,6269,655,9472,461,15741,California
Lake,2021-03-17,246,24672,120,7226,104,16614,22,832,88,6221,158,9630,110,15851,California
Lake,2021-03-18,747,25419,367,7593,343,16957,37,869,372,6255,374,10004,408,16259,California
Lake,2021-03-19,584,26003,317,7910,247,17204,20,889,482,6656,101,10105,502,16761,California
Lake,2021-03-20,248,26251,8,7918,237,17441,3,892,30,6473,216,10321,33,16794,California
Lake,2021-03-21,17,26268,11,7929,5,17446,1,893,12,6481,5,10326,13,16807,California
Lake,2021-03-22,319,26587,240,8169,65,17511,14,907,234,6644,85,10411,248,17055,California
Lake,2021-03-23,413,27000,19,8188,381,17892,13,920,352,6949,60,10471,365,17420,California
Lake,2021-03-24,413,27413,61,8249,344,18236,8,928,317,7180,95,10566,326,17746,California
Lake,2021-03-25,658,28071,469,8718,183,18419,6,934,174,6876,484,11050,180,17926,California
Lake,2021-03-26,71,28142,33,8751,37,18456,1,935,49,6904,22,11072,50,17976,California
Lake,2021-03-27,309,28451,7,8758,299,18755,3,938,17,6634,290,11362,20,17996,California
Lake,2021-03-28,14,28465,5,8763,9,18764,0,938,8,6636,6,11368,8,18004,California
Lake,2021-03-29,899,29364,269,9032,628,19392,2,940,193,6127,704,12072,195,18199,California
Lake,2021-03-30,452,29816,304,9336,146,19538,2,942,366,6410,85,12157,368,18567,California
Lake,2021-03-31,581,30397,62,9398,519,20057,0,942,416,6669,157,12314,416,18983,California
Lake,2021-04-01,427,30824,223,9621,192,20249,12,954,179,6615,245,12559,191,19174,California
Lake,2021-04-02,224,31048,43,9664,153,20402,28,982,101,6621,123,12682,129,19303,California
Lake,2021-04-03,30,31078,7,9671,20,20422,3,985,11,6616,19,12701,14,19317,California
Lake,2021-04-04,19,31097,10,9681,7,20429,2,987,14,6627,5,12706,16,19333,California
Lake,2021-04-05,633,31730,68,9749,546,20975,19,1006,395,6805,235,12941,413,19746,California
Lake,2021-04-06,472,32202,15,9764,431,21406,26,1032,299,6958,172,13113,325,20071,California
Lake,2021-04-07,515,32717,55,9819,410,21816,50,1082,350,7195,163,13276,400,20471,California
Lake,2021-04-08,595,33312,483,10302,45,21861,67,1149,101,6871,492,13768,168,20639,California
Lake,2021-04-09,283,33595,44,10346,170,22031,69,1218,49,6758,231,13999,118,20757,California
Lake,2021-04-10,254,33849,15,10361,14,22045,225,1443,11,6751,243,14242,236,20993,California
Lake,2021-04-11,23,33872,17,10378,3,22048,3,1446,7,6745,16,14258,10,21003,California
Lake,2021-04-12,903,34775,202,10580,670,22718,31,1477,227,6328,675,14933,258,21261,California
Lake,2021-04-13,172,34947,108,10688,64,22782,0,1477,52,6260,120,15053,52,21313,California
Lake,2021-04-14,489,35436,38,10726,451,23233,0,1477,428,6627,61,15114,428,21741,California
Lake,2021-04-15,543,35979,124,10850,419,23652,0,1477,256,6596,287,15401,256,21997,California
Lake,2021-04-16,267,36246,26,10876,240,23892,1,1478,75,6481,191,15592,76,22073,California
Lake,2021-04-17,36,36282,13,10889,23,23915,0,1478,27,6499,9,15601,27,22100,California
Lake,2021-04-18,9,36291,4,10893,5,23920,0,1478,2,6494,7,15608,2,22102,California
Lake,2021-04-19,299,36590,43,10936,256,24176,0,1478,251,6697,48,15656,251,22353,California
Lake,2021-04-20,570,37160,245,11181,325,24501,0,1478,58,6245,511,16167,59,22412,California
Lassen,2020-12-16,8,8,8,8,0,0,0,0,8,8,0,0,8,8,California
Lassen,2020-12-17,6,14,6,14,0,0,0,0,6,14,0,0,6,14,California
Lassen,2020-12-18,1,15,1,15,0,0,0,0,1,15,0,0,1,15,California
Lassen,2020-12-19,5,20,5,20,0,0,0,0,5,20,0,0,5,20,California
Lassen,2020-12-20,2,22,2,22,0,0,0,0,2,22,0,0,2,22,California
Lassen,2020-12-21,11,33,11,33,0,0,0,0,11,33,0,0,11,33,California
Lassen,2020-12-22,23,56,23,56,0,0,0,0,23,56,0,0,23,56,California
Lassen,2020-12-23,6,62,6,62,0,0,0,0,6,62,0,0,6,62,California
Lassen,2020-12-24,11,73,11,73,0,0,0,0,11,73,0,0,11,73,California
Lassen,2020-12-28,3,76,2,75,1,1,0,0,3,76,0,0,3,76,California
Lassen,2020-12-29,35,111,35,110,0,1,0,0,35,111,0,0,35,111,California
Lassen,2020-12-30,37,148,36,146,1,2,0,0,37,148,0,0,37,148,California
Lassen,2020-12-31,49,197,42,188,7,9,0,0,49,197,0,0,49,197,California
Lassen,2021-01-02,1,198,0,188,1,10,0,0,1,198,0,0,1,198,California
Lassen,2021-01-04,15,213,1,189,14,24,0,0,15,213,0,0,15,213,California
Lassen,2021-01-05,194,407,53,242,141,165,0,0,194,407,0,0,194,407,California
Lassen,2021-01-06,93,500,42,284,51,216,0,0,85,485,8,8,86,493,California
Lassen,2021-01-07,43,543,7,291,36,252,0,0,37,516,6,14,37,530,California
Lassen,2021-01-08,50,593,2,293,48,300,0,0,50,566,0,14,50,580,California
Lassen,2021-01-09,12,605,6,299,6,306,0,0,12,578,0,14,12,592,California
Lassen,2021-01-11,27,632,5,304,22,328,0,0,27,605,0,14,27,619,California
Lassen,2021-01-12,49,681,29,333,20,348,0,0,30,616,19,33,30,649,California
Lassen,2021-01-13,161,842,18,351,143,491,0,0,146,747,15,48,146,795,California
Lassen,2021-01-14,163,1005,18,369,145,636,0,0,151,886,12,60,151,946,California
Lassen,2021-01-15,33,1038,6,375,27,663,0,0,33,919,0,60,33,979,California
Lassen,2021-01-16,34,1072,33,408,1,664,0,0,34,953,0,60,34,1013,California
Lassen,2021-01-17,1,1073,0,408,1,665,0,0,1,954,0,60,1,1014,California
Lassen,2021-01-18,5,1078,2,410,3,668,0,0,4,957,1,61,4,1018,California
Lassen,2021-01-19,185,1263,36,446,149,817,0,0,157,1086,28,89,157,1175,California
Lassen,2021-01-20,188,1451,100,546,88,905,0,0,104,1121,69,158,104,1279,California
Lassen,2021-01-21,144,1595,93,639,51,956,0,0,120,1223,18,176,120,1399,California
Lassen,2021-01-22,31,1626,18,657,13,969,0,0,21,1234,10,186,21,1420,California
Lassen,2021-01-23,2,1628,0,657,2,971,0,0,2,1236,0,186,2,1422,California
Lassen,2021-01-24,1,1629,0,657,1,972,0,0,1,1237,0,186,1,1423,California
Lassen,2021-01-25,11,1640,0,657,11,983,0,0,11,1248,0,186,11,1434,California
Lassen,2021-01-26,126,1766,12,669,114,1097,0,0,122,1366,4,190,122,1556,California
Lassen,2021-01-27,83,1849,31,700,52,1149,0,0,67,1417,16,206,67,1623,California
Lassen,2021-01-28,85,1934,14,714,71,1220,0,0,84,1500,1,207,84,1707,California
Lassen,2021-01-29,23,1957,7,721,16,1236,0,0,22,1521,1,208,22,1729,California
Lassen,2021-02-01,62,2019,4,725,58,1294,0,0,36,1531,26,234,36,1765,California
Lassen,2021-02-02,177,2196,12,737,165,1459,0,0,44,1442,133,367,44,1809,California
Lassen,2021-02-03,96,2292,21,758,75,1534,0,0,51,1448,45,412,51,1860,California
Lassen,2021-02-04,112,2404,15,773,97,1631,0,0,63,1462,49,461,63,1923,California
Lassen,2021-02-05,65,2469,12,785,53,1684,0,0,23,1443,42,503,23,1946,California
Lassen,2021-02-06,69,2538,34,819,35,1719,0,0,36,1447,32,535,36,1982,California
Lassen,2021-02-07,1,2539,1,820,0,1719,0,0,1,1448,0,535,1,1983,California
Lassen,2021-02-08,43,2582,4,824,39,1758,0,0,18,1441,25,560,18,2001,California
Lassen,2021-02-09,129,2711,8,832,121,1879,0,0,50,1412,79,639,50,2051,California
Lassen,2021-02-10,182,2893,20,852,162,2041,0,0,75,1380,107,746,75,2126,California
Lassen,2021-02-11,183,3076,16,868,167,2208,0,0,79,1356,103,849,79,2205,California
Lassen,2021-02-12,42,3118,11,879,31,2239,0,0,14,1342,28,877,14,2219,California
Lassen,2021-02-13,11,3129,3,882,8,2247,0,0,9,1349,2,879,9,2228,California
Lassen,2021-02-14,13,3142,0,882,13,2260,0,0,12,1360,1,880,12,2240,California
Lassen,2021-02-15,21,3163,2,884,19,2279,0,0,17,1373,4,884,17,2257,California
Lassen,2021-02-16,192,3355,4,888,188,2467,0,0,31,1245,159,1043,31,2288,California
Lassen,2021-02-17,184,3539,94,982,90,2557,0,0,11,1083,173,1216,11,2299,California
Lassen,2021-02-18,79,3618,22,1004,57,2614,0,0,20,1044,59,1275,20,2319,California
Lassen,2021-02-19,82,3700,62,1066,20,2634,0,0,18,998,64,1339,18,2337,California
Lassen,2021-02-20,7,3707,0,1066,7,2641,0,0,5,1001,2,1341,5,2342,California
Lassen,2021-02-21,22,3729,2,1068,20,2661,0,0,18,1015,4,1345,18,2360,California
Lassen,2021-02-22,23,3752,8,1076,15,2676,0,0,5,1002,18,1363,5,2365,California
Lassen,2021-02-23,152,3904,9,1085,143,2819,0,0,41,932,111,1474,41,2406,California
Lassen,2021-02-24,166,4070,17,1102,149,2968,0,0,108,983,57,1531,108,2514,California
Lassen,2021-02-25,156,4226,19,1121,137,3105,0,0,99,1025,57,1588,99,2613,California
Lassen,2021-02-26,73,4299,16,1137,57,3162,0,0,36,1024,37,1625,36,2649,California
Lassen,2021-02-27,8,4307,7,1144,1,3163,0,0,3,1022,5,1630,3,2652,California
Lassen,2021-02-28,6,4313,1,1145,5,3168,0,0,3,1022,3,1633,3,2655,California
Lassen,2021-03-01,41,4354,4,1149,37,3205,0,0,8,997,33,1666,8,2663,California
Lassen,2021-03-02,104,4458,7,1156,97,3302,0,0,79,1051,25,1691,79,2742,California
Lassen,2021-03-03,170,4628,12,1168,158,3460,0,0,113,1107,57,1748,113,2855,California
Lassen,2021-03-04,147,4775,14,1182,133,3593,0,0,98,1157,48,1796,98,2953,California
Lassen,2021-03-05,47,4822,7,1189,17,3610,23,23,11,1155,36,1832,34,2987,California
Lassen,2021-03-06,54,4876,4,1193,28,3638,22,45,4,1131,50,1882,26,3013,California
Lassen,2021-03-07,56,4932,1,1194,0,3638,55,100,1,1132,55,1937,56,3069,California
Lassen,2021-03-08,90,5022,2,1196,8,3646,80,180,3,1129,86,2023,83,3152,California
Lassen,2021-03-09,137,5159,11,1207,109,3755,17,197,88,1186,49,2072,106,3258,California
Lassen,2021-03-10,172,5331,10,1217,161,3916,1,198,79,1173,93,2165,80,3338,California
Lassen,2021-03-11,185,5516,16,1233,162,4078,7,205,113,1224,69,2234,120,3458,California
Lassen,2021-03-12,34,5550,18,1251,12,4090,4,209,12,1218,22,2256,16,3474,California
Lassen,2021-03-13,49,5599,0,1251,3,4093,46,255,1,1216,48,2304,46,3520,California
Lassen,2021-03-14,14,5613,2,1253,11,4104,1,256,2,1207,12,2316,3,3523,California
Lassen,2021-03-15,32,5645,1,1254,31,4135,0,256,16,1207,16,2332,16,3539,California
Lassen,2021-03-16,93,5738,2,1256,85,4220,6,262,75,1270,18,2350,81,3620,California
Lassen,2021-03-17,1085,6823,9,1265,1071,5291,5,267,1065,2320,20,2370,1070,4690,California
Lassen,2021-03-18,95,6918,9,1274,85,5376,1,268,81,2388,14,2384,82,4772,California
Lassen,2021-03-19,17,6935,11,1285,2,5378,4,272,7,2389,10,2394,11,4783,California
Lassen,2021-03-20,29,6964,3,1288,23,5401,3,275,23,2409,6,2400,26,4809,California
Lassen,2021-03-21,34,6998,0,1288,34,5435,0,275,14,2404,19,2419,14,4823,California
Lassen,2021-03-22,56,7054,1,1289,55,5490,0,275,53,2454,3,2422,53,4876,California
Lassen,2021-03-23,119,7173,9,1298,109,5599,1,276,68,2472,51,2473,69,4945,California
Lassen,2021-03-24,210,7383,12,1310,198,5797,0,276,106,2475,103,2576,106,5051,California
Lassen,2021-03-25,151,7534,21,1331,130,5927,0,276,69,2462,82,2658,69,5120,California
Lassen,2021-03-26,76,7610,12,1343,25,5952,39,315,17,2459,59,2717,56,5176,California
Lassen,2021-03-27,19,7629,3,1346,1,5953,15,330,3,2461,16,2733,18,5194,California
Lassen,2021-03-28,18,7647,3,1349,5,5958,10,340,4,2461,14,2747,14,5208,California
Lassen,2021-03-29,52,7699,1,1350,26,5984,25,365,21,2476,31,2778,46,5254,California
Lassen,2021-03-30,197,7896,9,1359,163,6147,25,390,50,2404,147,2925,75,5329,California
Lassen,2021-03-31,146,8042,12,1371,112,6259,22,412,62,2404,84,3009,84,5413,California
Lassen,2021-04-01,166,8208,16,1387,131,6390,19,431,49,2356,116,3125,68,5481,California
Lassen,2021-04-02,29,8237,4,1391,3,6393,22,453,2,2353,27,3152,24,5505,California
Lassen,2021-04-03,12,8249,0,1391,2,6395,10,463,0,2351,12,3164,10,5515,California
Lassen,2021-04-04,7,8256,2,1393,0,6395,5,468,1,2351,6,3170,6,5521,California
Lassen,2021-04-05,23,8279,4,1397,12,6407,7,475,11,2358,11,3181,18,5539,California
Lassen,2021-04-06,183,8462,8,1405,145,6552,30,505,52,2309,131,3312,82,5621,California
Lassen,2021-04-07,136,8598,5,1410,93,6645,38,543,32,2277,104,3416,72,5693,California
Lassen,2021-04-08,169,8767,8,1418,105,6750,56,599,33,2234,132,3548,89,5782,California
Lassen,2021-04-09,51,8818,4,1422,11,6761,36,635,7,2233,43,3591,42,5824,California
Lassen,2021-04-10,8,8826,0,1422,1,6762,7,642,0,2232,8,3599,7,5831,California
Lassen,2021-04-11,5,8831,2,1424,0,6762,3,645,2,2234,3,3602,5,5836,California
Lassen,2021-04-12,24,8855,2,1426,9,6771,13,658,1,2225,23,3625,14,5850,California
Lassen,2021-04-13,123,8978,6,1432,117,6888,0,658,36,2175,86,3711,36,5886,California
Lassen,2021-04-14,983,9961,17,1449,966,7854,0,658,53,1299,929,4640,53,5939,California
Lassen,2021-04-15,147,10108,9,1458,138,7992,0,658,21,1194,126,4766,21,5960,California
Lassen,2021-04-16,8,10116,2,1460,6,7998,0,658,4,1194,4,4770,4,5964,California
Lassen,2021-04-17,26,10142,4,1464,22,8020,0,658,4,1176,22,4792,4,5968,California
Lassen,2021-04-18,5,10147,2,1466,3,8023,0,658,1,1173,4,4796,1,5969,California
Lassen,2021-04-19,33,10180,4,1470,29,8052,0,658,16,1172,17,4813,16,5985,California
Lassen,2021-04-20,86,10266,4,1474,82,8134,0,658,17,1120,69,4882,17,6002,California
Los Angeles,2020-12-15,391,391,391,391,0,0,0,0,391,391,0,0,391,391,California
Los Angeles,2020-12-16,3362,3753,3362,3753,0,0,0,0,3362,3753,0,0,3362,3753,California
Los Angeles,2020-12-17,10231,13984,10231,13984,0,0,0,0,10232,13985,0,0,10232,13985,California
Los Angeles,2020-12-18,14504,28488,14480,28464,24,24,0,0,14504,28489,0,0,14504,28489,California
Los Angeles,2020-12-19,7217,35705,7209,35673,8,32,0,0,7218,35707,0,0,7218,35707,California
Los Angeles,2020-12-20,4577,40282,4570,40243,7,39,0,0,4579,40286,0,0,4579,40286,California
Los Angeles,2020-12-21,13672,53954,13660,53903,12,51,0,0,13673,53958,1,1,13673,53959,California
Los Angeles,2020-12-22,11503,65457,11124,65027,379,430,0,0,11504,65461,1,2,11504,65463,California
Los Angeles,2020-12-23,11872,77329,10116,75143,1756,2186,0,0,11873,77334,0,2,11873,77336,California
Los Angeles,2020-12-24,7010,84339,4244,79387,2766,4952,0,0,7013,84347,0,2,7013,84349,California
Los Angeles,2020-12-25,523,84862,418,79805,105,5057,0,0,523,84870,0,2,523,84872,California
Los Angeles,2020-12-26,2524,87386,2178,81983,346,5403,0,0,2524,87393,1,3,2524,87396,California
Los Angeles,2020-12-27,1755,89141,1025,83008,730,6133,0,0,1755,89148,0,3,1755,89151,California
Los Angeles,2020-12-28,10256,99397,6359,89367,3897,10030,0,0,10254,99401,1,4,10254,99405,California
Los Angeles,2020-12-29,11578,110975,6062,95429,5516,15546,0,0,11580,110981,0,4,11580,110985,California
Los Angeles,2020-12-30,14845,125820,8077,103506,6768,22314,0,0,14844,125825,0,4,14844,125829,California
Los Angeles,2020-12-31,7908,133728,2745,106251,5163,27477,0,0,7906,133730,1,5,7906,133735,California
Los Angeles,2021-01-01,966,134694,256,106507,710,28187,0,0,966,134696,0,5,966,134701,California
Los Angeles,2021-01-02,4439,139133,1649,108156,2790,30977,0,0,4439,139135,0,5,4439,139140,California
Los Angeles,2021-01-03,923,140056,206,108362,717,31694,0,0,922,140056,1,6,922,140062,California
Los Angeles,2021-01-04,12661,152717,4851,113213,7810,39504,0,0,12647,152700,3,9,12647,152709,California
Los Angeles,2021-01-05,15968,168685,7052,120265,8916,48420,0,0,14071,164903,1870,1879,14073,166782,California
Los Angeles,2021-01-06,22480,191165,12041,132306,10439,58859,0,0,16897,176293,5514,7393,16904,183686,California
Los Angeles,2021-01-07,29322,220487,15787,148093,13535,72394,0,0,18834,184695,10442,17835,18844,202530,California
Los Angeles,2021-01-08,33015,253502,17871,165964,15144,87538,0,0,20814,193341,12176,30011,20822,223352,California
Los Angeles,2021-01-09,12329,265831,7053,173017,5276,92814,0,0,7473,195965,4855,34866,7479,230831,California
Los Angeles,2021-01-10,4644,270475,3626,176643,1018,93832,0,0,1917,195157,2727,37593,1919,232750,California
Los Angeles,2021-01-11,25740,296215,16211,192854,9529,103361,0,0,14824,199083,10906,48499,14832,247582,California
Los Angeles,2021-01-12,29159,325374,16050,208904,13109,116470,0,0,19044,208038,10096,58595,19051,266633,California
Los Angeles,2021-01-13,29218,354592,15602,224506,13616,130086,0,0,20285,219413,8915,67510,20290,286923,California
Los Angeles,2021-01-14,29211,383803,12705,237211,16506,146592,0,0,23712,237654,5480,72990,23721,310644,California
Los Angeles,2021-01-15,33735,417538,12330,249541,21405,167997,0,0,30176,264304,3534,76524,30184,340828,California
Los Angeles,2021-01-16,17529,435067,4960,254501,12569,180566,0,0,15752,278291,1769,78293,15756,356584,California
Los Angeles,2021-01-17,5179,440246,2298,256799,2881,183447,0,0,4934,282983,244,78537,4936,361520,California
Los Angeles,2021-01-18,15561,455807,10047,266846,5514,188961,0,0,10859,289154,4690,83227,10861,372381,California
Los Angeles,2021-01-19,38397,494204,20536,287382,17861,206822,0,0,30627,312059,7729,90956,30634,403015,California
Los Angeles,2021-01-20,45516,539720,23707,311089,21809,228631,0,0,38034,342650,7452,98408,38043,441058,California
Los Angeles,2021-01-21,48505,588225,22356,333445,26149,254780,0,0,44257,382734,4187,102595,44271,485329,California
Los Angeles,2021-01-22,47597,635822,22187,355632,25410,280190,0,0,44200,423587,3354,105949,44207,529536,California
Los Angeles,2021-01-23,33897,669719,15677,371309,18220,298410,0,0,31859,453448,2007,107956,31868,561404,California
Los Angeles,2021-01-24,15706,685425,12190,383499,3516,301926,0,0,15159,468068,540,108496,15160,576564,California
Los Angeles,2021-01-25,38589,724014,16371,399870,22218,324144,0,0,30144,489813,8416,116912,30161,606725,California
Los Angeles,2021-01-26,49096,773110,24354,424224,24742,348886,0,0,40947,522673,8116,125028,40976,647701,California
Los Angeles,2021-01-27,48302,821412,25747,449971,22555,371441,0,0,39150,552833,9019,134047,39179,686880,California
Los Angeles,2021-01-28,48398,869810,23027,472998,25371,396812,0,0,40050,584672,8233,142280,40072,726952,California
Los Angeles,2021-01-29,49101,918911,25314,498312,23787,420599,0,0,39092,614128,9658,151938,39114,766066,California
Los Angeles,2021-01-30,29921,948832,15367,513679,14554,435153,0,0,25801,635888,4044,155982,25804,791870,California
Los Angeles,2021-01-31,12970,961802,10342,524021,2628,437781,0,0,12054,647041,904,156886,12057,803927,California
Los Angeles,2021-02-01,37890,999692,16122,540143,21768,459549,0,0,27662,664514,10198,167084,27671,831598,California
Los Angeles,2021-02-02,44104,1043796,17849,557992,26255,485804,0,0,31968,684386,12099,179183,31971,863569,California
Los Angeles,2021-02-03,51942,1095738,19427,577419,32515,518319,0,0,37298,707278,14412,193595,37304,900873,California
Los Angeles,2021-02-04,57075,1152813,20661,598080,36414,554733,0,0,39059,728639,17709,211304,39070,939943,California
Los Angeles,2021-02-05,60997,1213810,20987,619067,40010,594743,0,0,39206,746477,21375,232679,39213,979156,California
Los Angeles,2021-02-06,35403,1249213,13248,632315,22155,616898,0,0,27007,765181,8324,241003,27028,1006184,California
Los Angeles,2021-02-07,10774,1259987,8362,640677,2412,619310,0,0,8398,771224,2360,243363,8403,1014587,California
Los Angeles,2021-02-08,46625,1306612,21431,662108,25194,644504,0,0,30517,785771,15978,259341,30525,1045112,California
Los Angeles,2021-02-09,55650,1362262,24554,686662,31096,675600,0,0,28353,786892,27237,286578,28358,1073470,California
Los Angeles,2021-02-10,66734,1428996,29324,715986,37410,713010,0,0,30936,782405,35430,322008,30943,1104413,California
Los Angeles,2021-02-11,57812,1486808,30795,746781,27017,740027,0,0,27955,780939,29424,351432,27958,1132371,California
Los Angeles,2021-02-12,59411,1546219,29747,776528,29664,769691,0,0,25942,773757,33139,384571,25957,1158328,California
Los Angeles,2021-02-13,33752,1579971,19595,796123,14157,783848,0,0,15461,771044,18210,402781,15497,1173825,California
Los Angeles,2021-02-14,21859,1601830,14954,811077,6905,790753,0,0,8779,766806,13020,415801,8782,1182607,California
Los Angeles,2021-02-15,32340,1634170,15801,826878,16539,807292,0,0,17756,770040,14528,430329,17762,1200369,California
Los Angeles,2021-02-16,63836,1698006,32438,859316,31398,838690,0,0,29859,766010,33900,464229,29870,1230239,California
Los Angeles,2021-02-17,63836,1761842,34173,893489,29663,868353,0,0,26342,755030,37328,501557,26348,1256587,California
Los Angeles,2021-02-18,67890,1829732,34620,928109,33270,901623,0,0,28603,744526,39117,540674,28613,1285200,California
Los Angeles,2021-02-19,56870,1886602,34932,963041,21938,923561,0,0,28306,744372,28474,569148,28320,1313520,California
Los Angeles,2021-02-20,32027,1918629,23779,986820,8248,931809,0,0,15660,743709,16331,585479,15668,1329188,California
Los Angeles,2021-02-21,16532,1935161,14896,1001716,1636,933445,0,0,8451,744108,8055,593534,8454,1337642,California
Los Angeles,2021-02-22,34073,1969234,24884,1026600,9189,942634,0,0,17636,745384,16370,609904,17646,1355288,California
Los Angeles,2021-02-23,53382,2022616,22633,1049233,30749,973383,0,0,21059,734229,32225,642129,21070,1376358,California
Los Angeles,2021-02-24,63687,2086303,27943,1077176,35744,1009127,0,0,27975,726662,35559,677688,27992,1404350,California
Los Angeles,2021-02-25,73022,2159325,33433,1110609,39589,1048716,0,0,38328,730451,34549,712237,38338,1442688,California
Los Angeles,2021-02-26,82505,2241830,38483,1149092,44022,1092738,0,0,47292,742773,34995,747232,47317,1490005,California
Los Angeles,2021-02-27,58401,2300231,24811,1173903,33586,1126324,4,4,29863,744264,28399,775631,29890,1519895,California
Los Angeles,2021-02-28,26712,2326943,18441,1192344,8270,1134594,1,5,18828,755293,7806,783437,18835,1538730,California
Los Angeles,2021-03-01,55102,2382045,30809,1223153,24281,1158875,12,17,33370,767096,21594,805031,33397,1572127,California
Los Angeles,2021-03-02,70359,2452404,31125,1254278,39232,1198107,2,19,42986,782827,27266,832297,42997,1615124,California
Los Angeles,2021-03-03,81595,2533999,40786,1295064,40802,1238909,7,26,51178,803767,30268,862565,51208,1666332,California
Los Angeles,2021-03-04,88397,2622396,45526,1340590,42861,1281770,10,36,55657,826874,32575,895140,55682,1722014,California
Los Angeles,2021-03-05,87017,2709413,42307,1382897,44688,1326458,22,58,58106,856290,28744,923884,58160,1780174,California
Los Angeles,2021-03-06,65588,2775001,32786,1415683,30996,1357454,1806,1864,42161,876966,23298,947182,43974,1824148,California
Los Angeles,2021-03-07,25560,2800561,19234,1434917,5536,1362990,790,2654,19704,891624,5834,953016,20492,1844640,California
Los Angeles,2021-03-08,51034,2851595,26484,1461401,22615,1385605,1935,4589,38395,919404,12551,965567,40331,1884971,California
Los Angeles,2021-03-09,68095,2919690,25783,1487184,39047,1424652,3265,7854,40710,936126,27248,992815,43970,1928941,California
Los Angeles,2021-03-10,78350,2998040,36947,1524131,36783,1461435,4620,12474,49223,960953,28986,1021801,53813,1982754,California
Los Angeles,2021-03-11,91007,3089047,44252,1568383,40453,1501888,6302,18776,53488,983351,37365,1059166,59763,2042517,California
Los Angeles,2021-03-12,96261,3185308,42665,1611048,39923,1541811,13673,32449,56015,1012919,40080,1099246,69648,2112165,California
Los Angeles,2021-03-13,73325,3258633,33904,1644952,27547,1569358,11874,44323,43571,1038674,29657,1128903,55412,2167577,California
Los Angeles,2021-03-14,37918,3296551,25328,1670280,10183,1579541,2407,46730,25446,1054096,12417,1141320,27839,2195416,California
Los Angeles,2021-03-15,73260,3369811,35413,1705693,32538,1612079,5309,52039,44740,1075786,28351,1169671,50041,2245457,California
Los Angeles,2021-03-16,97585,3467396,41961,1747654,49914,1661993,5710,57749,63685,1111431,33725,1203396,69370,2314827,California
Los Angeles,2021-03-17,94469,3561865,42474,1790128,44048,1706041,7947,65696,63587,1152206,30711,1234107,71486,2386313,California
Los Angeles,2021-03-18,97596,3659461,46366,1836494,46092,1752133,5138,70834,62147,1184270,35210,1269317,67274,2453587,California
Los Angeles,2021-03-19,104586,3764047,54341,1890835,45663,1797796,4582,75416,65016,1214515,39352,1308669,69597,2523184,California
Los Angeles,2021-03-20,74042,3838089,36014,1926849,33779,1831575,4249,79665,51480,1247817,22416,1331085,55718,2578902,California
Los Angeles,2021-03-21,33444,3871533,24697,1951546,7905,1839480,842,80507,21750,1258791,11614,1342699,22588,2601490,California
Los Angeles,2021-03-22,67609,3939142,40047,1991593,25604,1865084,1958,82465,48235,1289807,19176,1361875,50192,2651682,California
Los Angeles,2021-03-23,92783,4031925,50080,2041673,39795,1904879,2908,85373,61948,1324027,30630,1392505,64850,2716532,California
Los Angeles,2021-03-24,101502,4133427,53920,2095593,44730,1949609,2852,88225,60265,1346169,40969,1433474,63111,2779643,California
Los Angeles,2021-03-25,106031,4239458,56724,2152317,45756,1995365,3551,91776,60937,1365789,44851,1478325,64471,2844114,California
Los Angeles,2021-03-26,111191,4350649,60679,2212996,46434,2041799,4078,95854,63570,1386033,47391,1525716,67635,2911749,California
Los Angeles,2021-03-27,80549,4431198,42156,2255152,36285,2078084,2108,97962,42092,1391991,38242,1563958,44200,2955949,California
Los Angeles,2021-03-28,40700,4471898,27216,2282368,12902,2090986,582,98544,20718,1393392,19899,1583857,21300,2977249,California
Los Angeles,2021-03-29,80770,4552668,45647,2328015,33539,2124525,1584,100128,46438,1407235,34176,1618033,48019,3025268,California
Los Angeles,2021-03-30,105692,4658360,49465,2377480,50535,2175060,5692,105820,65245,1437881,40274,1658307,70920,3096188,California
Los Angeles,2021-03-31,119048,4777408,59707,2437187,50862,2225922,8479,114299,70232,1467968,48600,1706907,78687,3174875,California
Los Angeles,2021-04-01,128626,4906034,59580,2496767,54316,2280238,14730,129029,70958,1496163,57458,1764365,85653,3260528,California
Los Angeles,2021-04-02,127101,5033135,56069,2552836,56280,2336518,14752,143781,68629,1521341,58204,1822569,83382,3343910,California
Los Angeles,2021-04-03,94632,5127767,42562,2595398,39108,2375626,12962,156743,47362,1534510,47130,1869699,60299,3404209,California
Los Angeles,2021-04-04,37714,5165481,19722,2615120,11978,2387604,6014,162757,16153,1535159,21505,1891204,22154,3426363,California
Los Angeles,2021-04-05,90051,5255532,43610,2658730,36601,2424205,9840,172597,44311,1543712,45588,1936792,54141,3480504,California
Los Angeles,2021-04-06,119112,5374644,56022,2714752,43091,2467296,19999,192596,55433,1555610,63472,2000264,75370,3555874,California
Los Angeles,2021-04-07,118145,5492789,53915,2768667,43554,2510850,20676,213272,54264,1566831,63657,2063921,74878,3630752,California
Los Angeles,2021-04-08,129771,5622560,57025,2825692,49087,2559937,23659,236931,59306,1579492,70230,2134151,82891,3713643,California
Los Angeles,2021-04-09,118522,5741082,49506,2875198,48394,2608331,20622,257553,51569,1584883,66722,2200873,72113,3785756,California
Los Angeles,2021-04-10,98130,5839212,41214,2916412,33316,2641647,23600,281153,36318,1583120,61620,2262493,59857,3845613,California
Los Angeles,2021-04-11,40895,5880107,22209,2938621,9574,2651221,9112,290265,14251,1579869,26585,2289078,23334,3868947,California
Los Angeles,2021-04-12,73562,5953669,35138,2973759,32487,2683708,5937,296202,30945,1574266,42453,2331531,36850,3905797,California
Los Angeles,2021-04-13,113445,6067114,56540,3030299,56520,2740228,385,296587,60164,1581726,53093,2384624,60553,3966350,California
Los Angeles,2021-04-14,108607,6175721,53453,3083752,55048,2795276,106,296693,58614,1590694,49782,2434406,58750,4025100,California
Los Angeles,2021-04-15,114482,6290203,61718,3145470,52639,2847915,125,296818,64729,1606139,49532,2483938,64977,4090077,California
Los Angeles,2021-04-16,123625,6413828,65490,3210960,58005,2905920,130,296948,65058,1613012,58336,2542274,65209,4155286,California
Los Angeles,2021-04-17,93122,6506950,49945,3260905,43168,2949088,9,296957,52864,1625798,40091,2582365,52877,4208163,California
Los Angeles,2021-04-18,33563,6540513,22235,3283140,11326,2960414,2,296959,18596,1629495,14906,2597271,18603,4226766,California
Los Angeles,2021-04-19,68817,6609330,37266,3320406,31527,2991941,24,296983,30764,1622371,37921,2635192,30797,4257563,California
Los Angeles,2021-04-20,46704,6656034,27802,3348208,18897,3010838,5,296988,27188,1630164,19430,2654622,27223,4284786,California
Madera,2020-12-16,22,22,22,22,0,0,0,0,22,22,0,0,22,22,California
Madera,2020-12-17,13,35,13,35,0,0,0,0,13,35,0,0,13,35,California
Madera,2020-12-18,61,96,61,96,0,0,0,0,61,96,0,0,61,96,California
Madera,2020-12-19,5,101,5,101,0,0,0,0,5,101,0,0,5,101,California
Madera,2020-12-20,14,115,14,115,0,0,0,0,14,115,0,0,14,115,California
Madera,2020-12-21,60,175,60,175,0,0,0,0,60,175,0,0,60,175,California
Madera,2020-12-22,98,273,96,271,2,2,0,0,98,273,0,0,98,273,California
Madera,2020-12-23,69,342,69,340,0,2,0,0,69,342,0,0,69,342,California
Madera,2020-12-24,44,386,39,379,5,7,0,0,44,386,0,0,44,386,California
Madera,2020-12-26,28,414,26,405,2,9,0,0,28,414,0,0,28,414,California
Madera,2020-12-27,30,444,12,417,18,27,0,0,30,444,0,0,30,444,California
Madera,2020-12-28,105,549,36,453,69,96,0,0,105,549,0,0,105,549,California
Madera,2020-12-29,173,722,40,493,133,229,0,0,173,722,0,0,173,722,California
Madera,2020-12-30,218,940,86,579,132,361,0,0,218,940,0,0,218,940,California
Madera,2020-12-31,201,1141,80,659,121,482,0,0,201,1141,0,0,201,1141,California
Madera,2021-01-01,1,1142,1,660,0,482,0,0,1,1142,0,0,1,1142,California
Madera,2021-01-02,89,1231,34,694,55,537,0,0,89,1231,0,0,89,1231,California
Madera,2021-01-03,5,1236,5,699,0,537,0,0,5,1236,0,0,5,1236,California
Madera,2021-01-04,128,1364,64,763,64,601,0,0,128,1364,0,0,128,1364,California
Madera,2021-01-05,279,1643,143,906,136,737,0,0,275,1635,4,4,275,1639,California
Madera,2021-01-06,184,1827,27,933,157,894,0,0,164,1779,20,24,164,1803,California
Madera,2021-01-07,395,2222,113,1046,282,1176,0,0,373,2130,22,46,373,2176,California
Madera,2021-01-08,417,2639,72,1118,345,1521,0,0,362,2439,54,100,363,2539,California
Madera,2021-01-09,37,2676,14,1132,23,1544,0,0,28,2458,9,109,28,2567,California
Madera,2021-01-10,17,2693,14,1146,3,1547,0,0,5,2451,12,121,5,2572,California
Madera,2021-01-11,237,2930,189,1335,48,1595,0,0,194,2602,43,164,194,2766,California
Madera,2021-01-12,391,3321,158,1493,233,1828,0,0,284,2779,107,271,284,3050,California
Madera,2021-01-13,186,3507,92,1585,94,1922,0,0,129,2852,57,328,130,3180,California
Madera,2021-01-14,555,4062,82,1667,473,2395,0,0,521,3339,34,362,521,3701,California
Madera,2021-01-15,597,4659,159,1826,438,2833,0,0,577,3896,20,382,577,4278,California
Madera,2021-01-16,381,5040,47,1873,334,3167,0,0,352,4219,29,411,352,4630,California
Madera,2021-01-17,335,5375,15,1888,320,3487,0,0,331,4546,4,415,331,4961,California
Madera,2021-01-18,76,5451,60,1948,16,3503,0,0,57,4585,18,433,57,5018,California
Madera,2021-01-19,570,6021,135,2083,435,3938,0,0,543,5102,27,460,544,5562,California
Madera,2021-01-20,233,6254,80,2163,153,4091,0,0,205,5280,27,487,205,5767,California
Madera,2021-01-21,237,6491,130,2293,107,4198,0,0,204,5453,31,518,204,5971,California
Madera,2021-01-22,255,6746,83,2376,172,4370,0,0,242,5682,13,531,242,6213,California
Madera,2021-01-23,100,6846,52,2428,48,4418,0,0,76,5734,24,555,76,6289,California
Madera,2021-01-24,101,6947,82,2510,19,4437,0,0,78,5789,23,578,78,6367,California
Madera,2021-01-25,252,7199,121,2631,131,4568,0,0,140,5817,112,690,140,6507,California
Madera,2021-01-26,480,7679,188,2819,292,4860,0,0,292,5924,187,877,294,6801,California
Madera,2021-01-27,737,8416,63,2882,674,5534,0,0,601,6390,136,1013,602,7403,California
Madera,2021-01-28,536,8952,103,2985,433,5967,0,0,433,6720,103,1116,433,7836,California
Madera,2021-01-29,468,9420,95,3080,373,6340,0,0,412,7076,56,1172,412,8248,California
Madera,2021-01-30,504,9924,16,3096,488,6828,0,0,450,7472,54,1226,450,8698,California
Madera,2021-01-31,10,9934,7,3103,3,6831,0,0,9,7480,1,1227,9,8707,California
Madera,2021-02-01,254,10188,70,3173,184,7015,0,0,197,7620,57,1284,197,8904,California
Madera,2021-02-02,250,10438,86,3259,164,7179,0,0,161,7693,88,1372,161,9065,California
Madera,2021-02-03,592,11030,458,3717,134,7313,0,0,473,8050,117,1489,474,9539,California
Madera,2021-02-04,385,11415,120,3837,265,7578,0,0,111,7889,273,1762,112,9651,California
Madera,2021-02-05,972,12387,297,4134,675,8253,0,0,367,7657,600,2362,368,10019,California
Madera,2021-02-06,359,12746,324,4458,35,8288,0,0,320,7939,38,2400,320,10339,California
Madera,2021-02-07,35,12781,7,4465,28,8316,0,0,30,7964,5,2405,30,10369,California
Madera,2021-02-08,382,13163,306,4771,76,8392,0,0,269,8121,112,2517,269,10638,California
Madera,2021-02-09,479,13642,119,4890,360,8752,0,0,197,8040,279,2796,198,10836,California
Madera,2021-02-10,428,14070,148,5038,280,9032,0,0,322,8256,106,2902,322,11158,California
Madera,2021-02-11,931,15001,303,5341,628,9660,0,0,403,8133,527,3429,404,11562,California
Madera,2021-02-12,839,15840,119,5460,720,10380,0,0,307,7917,526,3955,310,11872,California
Madera,2021-02-13,484,16324,44,5504,440,10820,0,0,140,7716,343,4298,142,12014,California
Madera,2021-02-14,400,16724,75,5579,325,11145,0,0,137,7591,263,4561,138,12152,California
Madera,2021-02-15,241,16965,97,5676,144,11289,0,0,176,7703,64,4625,176,12328,California
Madera,2021-02-16,773,17738,183,5859,590,11879,0,0,229,7392,541,5166,230,12558,California
Madera,2021-02-17,608,18346,273,6132,335,12214,0,0,339,7469,264,5430,341,12899,California
Madera,2021-02-18,1292,19638,535,6667,757,12971,0,0,1117,8413,175,5605,1119,14018,California
Madera,2021-02-19,861,20499,546,7213,315,13286,0,0,719,8992,142,5747,721,14739,California
Madera,2021-02-20,1072,21571,981,8194,91,13377,0,0,1001,9924,70,5817,1002,15741,California
Madera,2021-02-21,963,22534,819,9013,144,13521,0,0,957,10875,6,5823,957,16698,California
Madera,2021-02-22,907,23441,831,9844,76,13597,0,0,853,11674,54,5877,853,17551,California
Madera,2021-02-23,769,24210,497,10341,272,13869,0,0,551,12008,217,6094,551,18102,California
Madera,2021-02-24,905,25115,300,10641,605,14474,0,0,377,11857,528,6622,377,18479,California
Madera,2021-02-25,1020,26135,308,10949,712,15186,0,0,591,12021,427,7049,591,19070,California
Madera,2021-02-26,1070,27205,186,11135,884,16070,0,0,696,12344,373,7422,696,19766,California
Madera,2021-02-27,868,28073,244,11379,624,16694,0,0,448,12378,417,7839,451,20217,California
Madera,2021-02-28,188,28261,29,11408,159,16853,0,0,182,12554,6,7845,182,20399,California
Madera,2021-03-01,368,28629,116,11524,252,17105,0,0,190,12567,177,8022,190,20589,California
Madera,2021-03-02,647,29276,267,11791,380,17485,0,0,535,12991,112,8134,536,21125,California
Madera,2021-03-03,1301,30577,694,12485,607,18092,0,0,902,13521,396,8530,926,22051,California
Madera,2021-03-04,1162,31739,502,12987,660,18752,0,0,921,14203,242,8772,924,22975,California
Madera,2021-03-05,1323,33062,405,13392,906,19658,12,12,1061,15027,260,9032,1084,24059,California
Madera,2021-03-06,804,33866,623,14015,149,19807,32,44,484,15224,320,9352,517,24576,California
Madera,2021-03-07,153,34019,27,14042,104,19911,22,66,103,15299,50,9402,125,24701,California
Madera,2021-03-08,591,34610,331,14373,201,20112,59,125,299,15367,292,9694,360,25061,California
Madera,2021-03-09,445,35055,158,14531,254,20366,33,158,276,15517,167,9861,317,25378,California
Madera,2021-03-10,1129,36184,505,15036,547,20913,77,235,703,15876,422,10283,781,26159,California
Madera,2021-03-11,1647,37831,839,15875,476,21389,332,567,748,16070,897,11180,1091,27250,California
Madera,2021-03-12,1526,39357,779,16654,593,21982,154,721,749,16223,775,11955,928,28178,California
Madera,2021-03-13,1811,41168,1269,17923,344,22326,198,919,745,16119,1064,13019,960,29138,California
Madera,2021-03-14,582,41750,449,18372,101,22427,32,951,294,16159,286,13305,326,29464,California
Madera,2021-03-15,725,42475,213,18585,466,22893,46,997,502,16513,220,13525,574,30038,California
Madera,2021-03-16,822,43297,421,19006,354,23247,47,1044,641,17039,179,13704,705,30743,California
Madera,2021-03-17,1411,44708,930,19936,419,23666,62,1106,857,17502,546,14250,1009,31752,California
Madera,2021-03-18,1861,46569,644,20580,1157,24823,60,1166,902,17596,952,15202,1046,32798,California
Madera,2021-03-19,1494,48063,587,21167,823,25646,84,1250,962,18180,526,15728,1110,33908,California
Madera,2021-03-20,1124,49187,763,21930,310,25956,51,1301,576,18306,547,16275,673,34581,California
Madera,2021-03-21,1065,50252,866,22796,154,26110,45,1346,352,17994,710,16985,398,34979,California
Madera,2021-03-22,1353,51605,851,23647,434,26544,68,1414,682,18118,668,17653,792,35771,California
Madera,2021-03-23,1397,53002,841,24488,465,27009,91,1505,740,18377,654,18307,913,36684,California
Madera,2021-03-24,897,53899,466,24954,399,27408,32,1537,595,18707,301,18608,631,37315,California
Madera,2021-03-25,1115,55014,490,25444,601,28009,24,1561,636,18912,468,19076,673,37988,California
Madera,2021-03-26,1430,56444,510,25954,789,28798,131,1692,672,18966,752,19828,806,38794,California
Madera,2021-03-27,825,57269,526,26480,278,29076,21,1713,370,18908,449,20277,391,39185,California
Madera,2021-03-28,420,57689,136,26616,223,29299,61,1774,230,19062,189,20466,343,39528,California
Madera,2021-03-29,680,58369,179,26795,474,29773,27,1801,493,19402,184,20650,524,40052,California
Madera,2021-03-30,1013,59382,558,27353,422,30195,33,1834,557,19539,453,21103,590,40642,California
Madera,2021-03-31,1289,60671,480,27833,695,30890,114,1948,449,19267,836,21939,564,41206,California
Madera,2021-04-01,1222,61893,533,28366,640,31530,49,1997,436,18970,781,22720,484,41690,California
Madera,2021-04-02,1504,63397,411,28777,1035,32565,58,2055,460,18454,1035,23755,519,42209,California
Madera,2021-04-03,870,64267,680,29457,170,32735,20,2075,378,18371,490,24245,407,42616,California
Madera,2021-04-04,184,64451,65,29522,117,32852,2,2077,85,18359,99,24344,87,42703,California
Madera,2021-04-05,731,65182,254,29776,420,33272,57,2134,338,18376,392,24736,409,43112,California
Madera,2021-04-06,1688,66870,877,30653,463,33735,348,2482,636,18308,1051,25787,983,44095,California
Madera,2021-04-07,1197,68067,373,31026,675,34410,149,2631,455,18178,739,26526,609,44704,California
Madera,2021-04-08,1673,69740,654,31680,768,35178,251,2882,562,17892,1107,27633,821,45525,California
Madera,2021-04-09,1576,71316,654,32334,775,35953,147,3029,917,18305,654,28287,1067,46592,California
Madera,2021-04-10,947,72263,678,33012,202,36155,67,3096,699,18824,248,28535,767,47359,California
Madera,2021-04-11,772,73035,629,33641,65,36220,78,3174,286,18703,484,29019,363,47722,California
Madera,2021-04-12,773,73808,266,33907,434,36654,73,3247,302,18608,471,29490,376,48098,California
Madera,2021-04-13,1142,74950,604,34511,498,37152,40,3287,643,18804,498,29988,694,48792,California
Madera,2021-04-14,1256,76206,740,35251,516,37668,0,3287,532,18622,720,30708,538,49330,California
Madera,2021-04-15,965,77171,433,35684,531,38199,1,3288,380,18429,575,31283,382,49712,California
Madera,2021-04-16,1244,78415,519,36203,725,38924,0,3288,427,18050,807,32090,428,50140,California
Madera,2021-04-17,1259,79674,1063,37266,196,39120,0,3288,821,18434,437,32527,821,50961,California
Madera,2021-04-18,242,79916,207,37473,35,39155,0,3288,99,18392,141,32668,99,51060,California
Madera,2021-04-19,723,80639,215,37688,507,39662,1,3289,247,18165,475,33143,248,51308,California
Madera,2021-04-20,411,81050,220,37908,191,39853,0,3289,153,18067,252,33395,154,51462,California
Marin,2020-12-15,2,2,2,2,0,0,0,0,2,2,0,0,2,2,California
Marin,2020-12-16,107,109,107,109,0,0,0,0,107,109,0,0,107,109,California
Marin,2020-12-17,260,369,260,369,0,0,0,0,260,369,0,0,260,369,California
Marin,2020-12-18,371,740,371,740,0,0,0,0,371,740,0,0,371,740,California
Marin,2020-12-19,350,1090,349,1089,1,1,0,0,350,1090,0,0,350,1090,California
Marin,2020-12-20,167,1257,166,1255,1,2,0,0,167,1257,0,0,167,1257,California
Marin,2020-12-21,238,1495,235,1490,3,5,0,0,238,1495,0,0,238,1495,California
Marin,2020-12-22,523,2018,319,1809,204,209,0,0,523,2018,0,0,523,2018,California
Marin,2020-12-23,731,2749,324,2133,407,616,0,0,731,2749,0,0,731,2749,California
Marin,2020-12-24,358,3107,160,2293,198,814,0,0,358,3107,0,0,358,3107,California
Marin,2020-12-25,27,3134,0,2293,27,841,0,0,27,3134,0,0,27,3134,California
Marin,2020-12-26,142,3276,93,2386,49,890,0,0,142,3276,0,0,142,3276,California
Marin,2020-12-27,93,3369,56,2442,37,927,0,0,93,3369,0,0,93,3369,California
Marin,2020-12-28,408,3777,99,2541,309,1236,0,0,408,3777,0,0,408,3777,California
Marin,2020-12-29,401,4178,88,2629,313,1549,0,0,401,4178,0,0,401,4178,California
Marin,2020-12-30,624,4802,388,3017,236,1785,0,0,624,4802,0,0,624,4802,California
Marin,2020-12-31,197,4999,33,3050,164,1949,0,0,197,4999,0,0,197,4999,California
Marin,2021-01-01,13,5012,5,3055,8,1957,0,0,13,5012,0,0,13,5012,California
Marin,2021-01-02,103,5115,97,3152,6,1963,0,0,103,5115,0,0,103,5115,California
Marin,2021-01-03,54,5169,36,3188,18,1981,0,0,51,5166,0,0,51,5166,California
Marin,2021-01-04,292,5461,189,3377,103,2084,0,0,291,5456,1,1,291,5457,California
Marin,2021-01-05,366,5827,223,3600,143,2227,0,0,323,5736,43,44,323,5780,California
Marin,2021-01-06,816,6643,315,3915,501,2728,0,0,640,6200,176,220,640,6420,California
Marin,2021-01-07,891,7534,503,4418,388,3116,0,0,544,6397,347,567,544,6964,California
Marin,2021-01-08,971,8505,515,4933,456,3572,0,0,594,6615,376,943,594,7558,California
Marin,2021-01-09,618,9123,222,5155,396,3968,0,0,487,6971,131,1074,487,8045,California
Marin,2021-01-10,128,9251,99,5254,29,3997,0,0,54,6951,74,1148,54,8099,California
Marin,2021-01-11,467,9718,326,5580,141,4138,0,0,248,6981,219,1367,249,8348,California
Marin,2021-01-12,939,10657,542,6122,397,4535,0,0,567,7179,369,1736,567,8915,California
Marin,2021-01-13,1176,11833,499,6621,677,5212,0,0,937,7877,239,1975,937,9852,California
Marin,2021-01-14,1066,12899,319,6940,747,5959,0,0,916,8645,148,2123,916,10768,California
Marin,2021-01-15,1152,14051,354,7294,798,6757,0,0,1022,9539,129,2252,1023,11791,California
Marin,2021-01-16,1117,15168,915,8209,202,6959,0,0,1042,10506,75,2327,1042,12833,California
Marin,2021-01-17,1233,16401,1114,9323,119,7078,0,0,1205,11687,27,2354,1208,14041,California
Marin,2021-01-18,360,16761,159,9482,201,7279,0,0,309,11945,51,2405,309,14350,California
Marin,2021-01-19,1155,17916,913,10395,242,7521,0,0,983,12757,171,2576,983,15333,California
Marin,2021-01-20,1785,19701,1205,11600,580,8101,0,0,1056,13095,718,3294,1056,16389,California
Marin,2021-01-21,1683,21384,1062,12662,621,8722,0,0,1331,14079,349,3643,1333,17722,California
Marin,2021-01-22,1695,23079,1085,13747,610,9332,0,0,1529,15442,166,3809,1529,19251,California
Marin,2021-01-23,1844,24923,1343,15090,501,9833,0,0,1759,17117,84,3893,1759,21010,California
Marin,2021-01-24,612,25535,165,15255,447,10280,0,0,580,17665,32,3925,580,21590,California
Marin,2021-01-25,1123,26658,226,15481,897,11177,0,0,690,17923,433,4358,691,22281,California
Marin,2021-01-26,1499,28157,778,16259,721,11898,0,0,1121,18667,377,4735,1121,23402,California
Marin,2021-01-27,1697,29854,871,17130,826,12724,0,0,1347,19667,348,5083,1348,24750,California
Marin,2021-01-28,2072,31926,1065,18195,1007,13731,0,0,1808,21213,263,5346,1809,26559,California
Marin,2021-01-29,2183,34109,1436,19631,747,14478,0,0,1981,23004,191,5537,1982,28541,California
Marin,2021-01-30,1714,35823,899,20530,815,15293,0,0,1636,24563,78,5615,1637,30178,California
Marin,2021-01-31,453,36276,316,20846,137,15430,0,0,428,24966,25,5640,428,30606,California
Marin,2021-02-01,1088,37364,416,21262,672,16102,0,0,888,25655,200,5840,889,31495,California
Marin,2021-02-02,1350,38714,462,21724,888,16990,0,0,724,25763,616,6456,724,32219,California
Marin,2021-02-03,1779,40493,428,22152,1351,18341,0,0,1255,26495,523,6979,1255,33474,California
Marin,2021-02-04,1537,42030,514,22666,1023,19364,0,0,935,26831,599,7578,935,34409,California
Marin,2021-02-05,2174,44204,681,23347,1493,20857,0,0,1335,27331,835,8413,1335,35744,California
Marin,2021-02-06,1426,45630,850,24197,576,21433,0,0,603,27112,822,9235,603,36347,California
Marin,2021-02-07,1286,46916,1005,25202,281,21714,0,0,488,26803,797,10032,488,36835,California
Marin,2021-02-08,1515,48431,753,25955,762,22476,0,0,724,26738,789,10821,724,37559,California
Marin,2021-02-09,1781,50212,1122,27077,659,23135,0,0,837,26631,944,11765,837,38396,California
Marin,2021-02-10,2333,52545,1488,28565,845,23980,0,0,1217,26735,1114,12879,1218,39614,California
Marin,2021-02-11,2864,55409,1646,30211,1218,25198,0,0,1452,26782,1407,14286,1454,41068,California
Marin,2021-02-12,3058,58467,1537,31748,1521,26719,0,0,1564,26854,1492,15778,1564,42632,California
Marin,2021-02-13,2335,60802,1244,32992,1091,27810,0,0,1130,26781,1203,16981,1130,43762,California
Marin,2021-02-14,810,61612,301,33293,509,28319,0,0,717,27406,93,17074,718,44480,California
Marin,2021-02-15,1212,62824,355,33648,857,29176,0,0,833,27861,378,17452,833,45313,California
Marin,2021-02-16,2463,65287,1056,34704,1407,30583,0,0,1504,28407,958,18410,1504,46817,California
Marin,2021-02-17,2093,67380,937,35641,1156,31739,0,0,1085,28487,1006,19416,1086,47903,California
Marin,2021-02-18,2412,69792,1577,37218,835,32574,0,0,1062,28200,1349,20765,1062,48965,California
Marin,2021-02-19,2754,72546,2152,39370,602,33176,0,0,1218,27894,1525,22290,1219,50184,California
Marin,2021-02-20,2564,75110,2110,41480,454,33630,0,0,1216,27767,1343,23633,1216,51400,California
Marin,2021-02-21,1281,76391,1089,42569,192,33822,0,0,907,28304,370,24003,907,52307,California
Marin,2021-02-22,1821,78212,1403,43972,418,34240,0,0,1211,28906,609,24612,1211,53518,California
Marin,2021-02-23,2829,81041,1613,45585,1216,35456,0,0,1906,29899,914,25526,1907,55425,California
Marin,2021-02-24,3500,84541,1602,47187,1898,37354,0,0,2249,30905,1244,26770,2250,57675,California
Marin,2021-02-25,3928,88469,1811,48998,2117,39471,0,0,2770,32525,1151,27921,2771,60446,California
Marin,2021-02-26,3480,91949,1880,50878,1600,41071,0,0,2530,34116,939,28860,2530,62976,California
Marin,2021-02-27,2608,94557,1493,52371,1115,42186,0,0,1775,35063,830,29690,1777,64753,California
Marin,2021-02-28,1378,95935,918,53289,460,42646,0,0,1042,35772,333,30023,1042,65795,California
Marin,2021-03-01,2471,98406,1533,54822,938,43584,0,0,1659,36623,808,30831,1659,67454,California
Marin,2021-03-02,2428,100834,1596,56418,831,44415,1,1,1683,37565,742,31573,1684,69138,California
Marin,2021-03-03,4285,105119,2379,58797,1904,46319,2,3,2776,38839,1504,33077,2778,71916,California
Marin,2021-03-04,3334,108453,1641,60438,1692,48011,1,4,2328,40172,999,34076,2332,74248,California
Marin,2021-03-05,3022,111475,1129,61567,1881,49892,12,16,1775,40715,1244,35320,1787,76035,California
Marin,2021-03-06,3225,114700,2314,63881,832,50724,79,95,2653,42879,567,35887,2731,78766,California
Marin,2021-03-07,1368,116068,1152,65033,192,50916,24,119,981,43500,384,36271,1005,79771,California
Marin,2021-03-08,1868,117936,1366,66399,386,51302,116,235,1405,44561,460,36731,1521,81292,California
Marin,2021-03-09,2097,120033,1218,67617,773,52075,106,341,1426,45423,670,37401,1532,82824,California
Marin,2021-03-10,4394,124427,2458,70075,1657,53732,279,620,3174,47660,1217,38618,3454,86278,California
Marin,2021-03-11,4548,128975,1867,71942,2546,56278,135,755,3264,49782,1277,39895,3399,89677,California
Marin,2021-03-12,3963,132938,1531,73473,2075,58353,357,1112,1557,49300,2395,42290,1913,91590,California
Marin,2021-03-13,4087,137025,2853,76326,1163,59516,71,1183,2418,50117,1667,43957,2484,94074,California
Marin,2021-03-14,2271,139296,1096,77422,1060,60576,115,1298,727,49417,1542,45499,842,94916,California
Marin,2021-03-15,3222,142518,1761,79183,1414,61990,47,1345,1217,48684,1996,47495,1263,96179,California
Marin,2021-03-16,4299,146817,2308,81491,1627,63617,364,1709,1525,47801,2771,50266,1888,98067,California
Marin,2021-03-17,4124,150941,2246,83737,1834,65451,44,1753,2007,47745,2107,52373,2051,100118,California
Marin,2021-03-18,4461,155402,2245,85982,2143,67594,73,1826,2229,47827,2218,54591,2300,102418,California
Marin,2021-03-19,4438,159840,2273,88255,1948,69542,217,2043,2416,48443,2016,56607,2632,105050,California
Marin,2021-03-20,3576,163416,1981,90236,1480,71022,115,2158,2035,49059,1535,58142,2151,107201,California
Marin,2021-03-21,1528,164944,1124,91360,379,71401,25,2183,795,49148,731,58873,820,108021,California
Marin,2021-03-22,2464,167408,2130,93490,169,71570,165,2348,990,48833,1470,60343,1155,109176,California
Marin,2021-03-23,4236,171644,2192,95682,1914,73484,130,2478,1945,48623,2285,62628,2075,111251,California
Marin,2021-03-24,4396,176040,2885,98567,1407,74891,104,2582,1780,47901,2605,65233,1883,113134,California
Marin,2021-03-25,4613,180653,2814,101381,1731,76622,68,2650,2251,47868,2350,67583,2317,115451,California
Marin,2021-03-26,4273,184926,2313,103694,1746,78368,214,2864,2410,48646,1846,69429,2624,118075,California
Marin,2021-03-27,3675,188601,2641,106335,1017,79385,17,2881,1139,47277,2525,71954,1156,119231,California
Marin,2021-03-28,2377,190978,1721,108056,650,80035,6,2887,1101,47114,1270,73224,1107,120338,California
Marin,2021-03-29,2681,193659,2091,110147,565,80600,25,2912,1188,46837,1490,74714,1213,121551,California
Marin,2021-03-30,4648,198307,3646,113793,969,81569,33,2945,3063,48351,1582,76296,3096,124647,California
Marin,2021-03-31,5768,204075,4090,117883,1629,83198,49,2994,2571,47785,3186,79482,2620,127267,California
Marin,2021-04-01,4387,208462,2263,120146,1874,85072,250,3244,2110,47876,2269,81751,2360,129627,California
Marin,2021-04-02,3677,212139,1820,121966,1494,86566,363,3607,1957,48482,1714,83465,2320,131947,California
Marin,2021-04-03,3832,215971,2520,124486,943,87509,369,3976,1463,47955,2359,85824,1832,133779,California
Marin,2021-04-04,1621,217592,1222,125708,202,87711,197,4173,1188,48908,432,86256,1385,135164,California
Marin,2021-04-05,2181,219773,1515,127223,295,88006,371,4544,1256,49611,922,87178,1625,136789,California
Marin,2021-04-06,3931,223704,2103,129326,1282,89288,546,5090,2191,50612,1734,88912,2735,139524,California
Marin,2021-04-07,3900,227604,1968,131294,1293,90581,639,5729,1421,50202,2470,91382,2060,141584,California
Marin,2021-04-08,4985,232589,1951,133245,2429,93010,605,6334,2278,50382,2698,94080,2878,144462,California
Marin,2021-04-09,3825,236414,1446,134691,1683,94693,696,7030,1270,49795,2550,96630,1963,146425,California
Marin,2021-04-10,3171,239585,1459,136150,1280,95973,432,7462,1431,49926,1730,98360,1861,148286,California
Marin,2021-04-11,1055,240640,802,136952,93,96066,160,7622,473,49978,580,98940,632,148918,California
Marin,2021-04-12,1672,242312,1198,138150,338,96404,136,7758,909,50264,760,99700,1046,149964,California
Marin,2021-04-13,3688,246000,2246,140396,1435,97839,7,7765,1342,49276,2337,102037,1349,151313,California
Marin,2021-04-14,4037,250037,2364,142760,1671,99510,2,7767,1658,48562,2373,104410,1659,152972,California
Marin,2021-04-15,5187,255224,3588,146348,1599,101109,0,7767,2879,49153,2293,106703,2884,155856,California
Marin,2021-04-16,4143,259367,2134,148482,2006,103115,3,7770,2008,49038,2126,108829,2011,157867,California
Marin,2021-04-17,3475,262842,2100,150582,1375,104490,0,7770,1717,49003,1752,110581,1717,159584,California
Marin,2021-04-18,3004,265846,2906,153488,98,104588,0,7770,2376,50754,625,111206,2376,161960,California
Marin,2021-04-19,1899,267745,1731,155219,168,104756,0,7770,1073,51006,823,112029,1075,163035,California
Marin,2021-04-20,1590,269335,1263,156482,326,105082,1,7771,715,50850,874,112903,718,163753,California
Mariposa,2020-12-17,3,3,3,3,0,0,0,0,38,38,0,0,38,38,California
Mariposa,2020-12-18,5,8,5,8,0,0,0,0,56,94,0,0,56,94,California
Mariposa,2020-12-20,2,10,2,10,0,0,0,0,2,96,0,0,2,96,California
Mariposa,2020-12-21,3,13,3,13,0,0,0,0,45,141,0,0,45,141,California
Mariposa,2020-12-22,2,15,2,15,0,0,0,0,2,143,0,0,2,143,California
Mariposa,2020-12-23,10,25,10,25,0,0,0,0,1,144,0,0,1,144,California
Mariposa,2020-12-24,1,26,0,25,1,1,0,0,0,144,0,0,0,144,California
Mariposa,2020-12-26,1,27,1,26,0,1,0,0,1,145,0,0,1,145,California
Mariposa,2020-12-27,1,28,0,26,1,2,0,0,1,146,0,0,1,146,California
Mariposa,2020-12-28,4,32,2,28,2,4,0,0,4,150,0,0,4,150,California
Mariposa,2020-12-29,33,65,1,29,32,36,0,0,33,183,0,0,33,183,California
Mariposa,2020-12-30,21,86,0,29,21,57,0,0,20,203,0,0,20,203,California
Mariposa,2020-12-31,22,108,0,29,22,79,0,0,22,225,0,0,22,225,California
Mariposa,2021-01-04,9,117,1,30,8,87,0,0,9,234,0,0,9,234,California
Mariposa,2021-01-05,24,141,14,44,10,97,0,0,12,236,10,10,12,246,California
Mariposa,2021-01-06,5,146,3,47,2,99,0,0,2,235,3,13,2,248,California
Mariposa,2021-01-07,49,195,47,94,2,101,0,0,2,190,47,60,2,250,California
Mariposa,2021-01-08,109,304,81,175,28,129,0,0,33,147,76,136,33,283,California
Mariposa,2021-01-09,1,305,0,175,1,130,0,0,1,148,0,136,1,284,California
Mariposa,2021-01-11,24,329,3,178,21,151,0,0,22,168,2,138,22,306,California
Mariposa,2021-01-12,21,350,3,181,18,169,0,0,18,183,3,141,18,324,California
Mariposa,2021-01-13,22,372,1,182,21,190,0,0,21,203,1,142,21,345,California
Mariposa,2021-01-14,94,466,1,183,93,283,0,0,94,297,0,142,94,439,California
Mariposa,2021-01-15,47,513,2,185,45,328,0,0,45,340,2,144,45,484,California
Mariposa,2021-01-16,19,532,2,187,17,345,0,0,18,357,1,145,18,502,California
Mariposa,2021-01-17,2,534,0,187,2,347,0,0,2,359,0,145,2,504,California
Mariposa,2021-01-18,2,536,2,189,0,347,0,0,1,359,1,146,1,505,California
Mariposa,2021-01-19,1,537,0,189,1,348,0,0,1,360,0,146,1,506,California
Mariposa,2021-01-20,26,563,0,189,26,374,0,0,26,386,0,146,26,532,California
Mariposa,2021-01-21,87,650,1,190,86,460,0,0,87,473,0,146,87,619,California
Mariposa,2021-01-22,77,727,1,191,76,536,0,0,77,550,0,146,77,696,California
Mariposa,2021-01-23,125,852,0,191,125,661,0,0,123,673,0,146,123,819,California
Mariposa,2021-01-25,3,855,1,192,2,663,0,0,0,670,3,149,0,819,California
Mariposa,2021-01-26,32,887,2,194,30,693,0,0,3,648,29,178,7,826,California
Mariposa,2021-01-27,34,921,1,195,33,726,0,0,26,666,8,186,26,852,California
Mariposa,2021-01-28,150,1071,2,197,148,874,0,0,136,789,13,199,136,988,California
Mariposa,2021-01-29,58,1129,0,197,58,932,0,0,58,847,0,199,58,1046,California
Mariposa,2021-01-30,3,1132,1,198,2,934,0,0,2,848,1,200,2,1048,California
Mariposa,2021-01-31,1,1133,0,198,1,935,0,0,1,849,0,200,1,1049,California
Mariposa,2021-02-01,55,1188,0,198,55,990,0,0,48,890,7,207,48,1097,California
Mariposa,2021-02-02,8,1196,0,198,8,998,0,0,2,886,6,213,2,1099,California
Mariposa,2021-02-03,26,1222,1,199,25,1023,0,0,22,904,4,217,22,1121,California
Mariposa,2021-02-04,115,1337,7,206,108,1131,0,0,108,1009,4,221,109,1230,California
Mariposa,2021-02-05,239,1576,4,210,235,1366,0,0,217,1204,22,243,217,1447,California
Mariposa,2021-02-06,2,1578,1,211,1,1367,0,0,1,1204,1,244,1,1448,California
Mariposa,2021-02-08,39,1617,1,212,38,1405,0,0,20,1205,19,263,20,1468,California
Mariposa,2021-02-09,11,1628,3,215,8,1413,0,0,6,1206,5,268,6,1474,California
Mariposa,2021-02-10,17,1645,1,216,16,1429,0,0,9,1213,8,276,15,1489,California
Mariposa,2021-02-11,379,2024,4,220,375,1804,0,0,368,1574,9,285,370,1859,California
Mariposa,2021-02-12,174,2198,1,221,173,1977,0,0,130,1660,44,329,130,1989,California
Mariposa,2021-02-13,5,2203,3,224,2,1979,0,0,4,1663,1,330,4,1993,California
Mariposa,2021-02-14,5,2208,2,226,3,1982,0,0,4,1666,1,331,4,1997,California
Mariposa,2021-02-15,8,2216,2,228,6,1988,0,0,7,1672,1,332,7,2004,California
Mariposa,2021-02-16,20,2236,2,230,18,2006,0,0,19,1690,1,333,19,2023,California
Mariposa,2021-02-17,19,2255,1,231,18,2024,0,0,15,1702,3,336,15,2038,California
Mariposa,2021-02-18,55,2310,2,233,53,2077,0,0,12,1671,43,379,12,2050,California
Mariposa,2021-02-19,75,2385,0,233,75,2152,0,0,74,1744,1,380,74,2124,California
Mariposa,2021-02-20,252,2637,4,237,248,2400,0,0,220,1933,31,411,220,2344,California
Mariposa,2021-02-21,230,2867,2,239,228,2628,0,0,229,2161,1,412,229,2573,California
Mariposa,2021-02-22,14,2881,2,241,12,2640,0,0,14,2175,0,412,14,2587,California
Mariposa,2021-02-23,5,2886,2,243,3,2643,0,0,4,2178,1,413,4,2591,California
Mariposa,2021-02-24,18,2904,1,244,17,2660,0,0,2,2164,16,429,2,2593,California
Mariposa,2021-02-25,5,2909,3,247,2,2662,0,0,2,2163,3,432,2,2595,California
Mariposa,2021-02-26,409,3318,2,249,407,3069,0,0,351,2457,58,490,352,2947,California
Mariposa,2021-02-27,152,3470,3,252,149,3218,0,0,149,2603,3,493,149,3096,California
Mariposa,2021-02-28,2,3472,1,253,1,3219,0,0,0,2601,2,495,0,3096,California
Mariposa,2021-03-01,54,3526,1,254,53,3272,0,0,6,2559,48,543,6,3102,California
Mariposa,2021-03-02,6,3532,5,259,1,3273,0,0,3,2559,3,546,3,3105,California
Mariposa,2021-03-03,65,3597,1,260,64,3337,0,0,63,2620,2,548,63,3168,California
Mariposa,2021-03-04,15,3612,5,265,10,3347,0,0,8,2621,7,555,8,3176,California
Mariposa,2021-03-05,40,3652,6,271,34,3381,0,0,33,2651,7,562,37,3213,California
Mariposa,2021-03-06,4,3656,2,273,2,3383,0,0,4,2655,0,562,4,3217,California
Mariposa,2021-03-08,36,3692,3,276,22,3405,11,11,7,2644,29,591,18,3235,California
Mariposa,2021-03-09,24,3716,2,278,12,3417,10,21,9,2648,15,606,19,3254,California
Mariposa,2021-03-10,15,3731,1,279,4,3421,10,31,3,2649,12,618,13,3267,California
Mariposa,2021-03-11,455,4186,5,284,432,3853,18,49,218,2652,236,854,239,3506,California
Mariposa,2021-03-12,238,4424,3,287,206,4059,29,78,104,2651,133,987,132,3638,California
Mariposa,2021-03-13,25,4449,3,290,7,4066,15,93,6,2653,18,1005,20,3658,California
Mariposa,2021-03-14,17,4466,2,292,4,4070,11,104,3,2653,14,1019,14,3672,California
Mariposa,2021-03-15,75,4541,6,298,31,4101,38,142,31,2678,44,1063,69,3741,California
Mariposa,2021-03-16,44,4585,5,303,5,4106,34,176,7,2682,37,1100,41,3782,California
Mariposa,2021-03-17,52,4637,4,307,42,4148,6,182,44,2725,8,1108,51,3833,California
Mariposa,2021-03-18,45,4682,5,312,31,4179,9,191,33,2755,12,1120,42,3875,California
Mariposa,2021-03-19,331,5013,4,316,318,4497,9,200,297,3027,34,1154,306,4181,California
Mariposa,2021-03-20,417,5430,4,320,412,4909,1,201,46,2705,371,1525,49,4230,California
Mariposa,2021-03-21,8,5438,7,327,0,4909,1,202,5,2708,3,1528,6,4236,California
Mariposa,2021-03-22,33,5471,3,330,19,4928,11,213,21,2729,12,1540,33,4269,California
Mariposa,2021-03-23,21,5492,3,333,4,4932,14,227,3,2728,18,1558,17,4286,California
Mariposa,2021-03-24,49,5541,1,334,46,4978,2,229,47,2775,2,1560,49,4335,California
Mariposa,2021-03-25,58,5599,7,341,43,5021,8,237,46,2817,12,1572,54,4389,California
Mariposa,2021-03-26,471,6070,7,348,462,5483,2,239,243,2834,228,1800,245,4634,California
Mariposa,2021-03-27,213,6283,3,351,210,5693,0,239,86,2794,127,1927,87,4721,California
Mariposa,2021-03-28,4,6287,0,351,1,5694,3,242,0,2793,4,1931,3,4724,California
Mariposa,2021-03-29,12,6299,2,353,10,5704,0,242,7,2795,5,1936,7,4731,California
Mariposa,2021-03-30,19,6318,1,354,2,5706,16,258,1,2794,18,1954,17,4748,California
Mariposa,2021-03-31,71,6389,5,359,65,5771,1,259,61,2846,10,1964,62,4810,California
Mariposa,2021-04-01,6,6395,2,361,3,5774,1,260,2,2845,4,1968,3,4813,California
Mariposa,2021-04-02,32,6427,4,365,27,5801,1,261,9,2832,23,1991,10,4823,California
Mariposa,2021-04-03,5,6432,3,368,2,5803,0,261,3,2833,2,1993,3,4826,California
Mariposa,2021-04-04,2,6434,1,369,0,5803,1,262,0,2832,2,1995,1,4827,California
Mariposa,2021-04-05,12,6446,8,377,2,5805,2,264,5,2832,7,2002,7,4834,California
Mariposa,2021-04-06,25,6471,9,386,2,5807,14,278,2,2826,22,2024,16,4850,California
Mariposa,2021-04-07,24,6495,3,389,5,5812,16,294,0,2818,24,2048,16,4866,California
Mariposa,2021-04-08,31,6526,6,395,7,5819,18,312,7,2819,24,2072,25,4891,California
Mariposa,2021-04-09,25,6551,7,402,6,5825,12,324,6,2818,19,2091,18,4909,California
Mariposa,2021-04-10,9,6560,0,402,1,5826,8,332,0,2816,9,2100,7,4916,California
Mariposa,2021-04-11,6,6566,4,406,2,5828,0,332,1,2812,5,2105,1,4917,California
Mariposa,2021-04-12,29,6595,5,411,23,5851,1,333,4,2792,25,2130,5,4922,California
Mariposa,2021-04-13,5,6600,2,413,3,5854,0,333,2,2791,3,2133,2,4924,California
Mariposa,2021-04-14,7,6607,3,416,4,5858,0,333,4,2792,3,2136,4,4928,California
Mariposa,2021-04-15,10,6617,5,421,5,5863,0,333,6,2794,4,2140,6,4934,California
Mariposa,2021-04-16,34,6651,4,425,30,5893,0,333,11,2782,23,2163,11,4945,California
Mariposa,2021-04-17,9,6660,4,429,5,5898,0,333,7,2787,2,2165,7,4952,California
Mariposa,2021-04-18,1,6661,0,429,1,5899,0,333,1,2788,0,2165,1,4953,California
Mariposa,2021-04-19,32,6693,4,433,28,5927,0,333,11,2778,21,2186,11,4964,California
Mariposa,2021-04-20,5,6698,5,438,0,5927,0,333,5,2783,0,2186,5,4969,California
Mendocino,2020-12-17,70,70,70,70,0,0,0,0,70,70,0,0,70,70,California
Mendocino,2020-12-18,85,155,84,154,1,1,0,0,84,154,0,0,84,154,California
Mendocino,2020-12-19,4,159,4,158,0,1,0,0,4,158,0,0,4,158,California
Mendocino,2020-12-20,7,166,7,165,0,1,0,0,7,165,0,0,7,165,California
Mendocino,2020-12-21,245,411,245,410,0,1,0,0,77,242,0,0,77,242,California
Mendocino,2020-12-22,250,661,189,599,61,62,0,0,250,492,0,0,250,492,California
Mendocino,2020-12-23,270,931,47,646,223,285,0,0,269,761,0,0,269,761,California
Mendocino,2020-12-24,49,980,8,654,41,326,0,0,49,810,0,0,49,810,California
Mendocino,2020-12-25,1,981,0,654,1,327,0,0,1,811,0,0,1,811,California
Mendocino,2020-12-26,2,983,2,656,0,327,0,0,2,813,0,0,2,813,California
Mendocino,2020-12-27,1,984,0,656,1,328,0,0,1,814,0,0,1,814,California
Mendocino,2020-12-28,74,1058,9,665,65,393,0,0,74,888,0,0,74,888,California
Mendocino,2020-12-29,121,1179,61,726,60,453,0,0,121,1009,0,0,121,1009,California
Mendocino,2020-12-30,123,1302,68,794,55,508,0,0,123,1132,0,0,123,1132,California
Mendocino,2020-12-31,130,1432,95,889,35,543,0,0,130,1262,0,0,130,1262,California
Mendocino,2021-01-01,6,1438,4,893,2,545,0,0,6,1268,0,0,6,1268,California
Mendocino,2021-01-02,1,1439,1,894,0,545,0,0,1,1269,0,0,1,1269,California
Mendocino,2021-01-04,840,2279,19,913,821,1366,0,0,840,2109,0,0,840,2109,California
Mendocino,2021-01-05,71,2350,35,948,36,1402,0,0,58,2154,13,13,58,2167,California
Mendocino,2021-01-06,151,2501,129,1077,22,1424,0,0,141,2285,10,23,141,2308,California
Mendocino,2021-01-07,355,2856,235,1312,120,1544,0,0,292,2514,63,86,292,2600,California
Mendocino,2021-01-08,95,2951,82,1394,13,1557,0,0,41,2502,54,140,42,2642,California
Mendocino,2021-01-09,10,2961,6,1400,4,1561,0,0,8,2508,2,142,8,2650,California
Mendocino,2021-01-10,8,2969,8,1408,0,1561,0,0,1,2502,7,149,1,2651,California
Mendocino,2021-01-11,101,3070,92,1500,9,1570,0,0,43,2488,57,206,43,2694,California
Mendocino,2021-01-12,386,3456,376,1876,10,1580,0,0,270,2642,116,322,270,2964,California
Mendocino,2021-01-13,482,3938,144,2020,338,1918,0,0,442,3047,38,360,443,3407,California
Mendocino,2021-01-14,636,4574,20,2040,616,2534,0,0,627,3665,9,369,627,4034,California
Mendocino,2021-01-15,1857,6431,859,2899,998,3532,0,0,1853,5514,4,373,1853,5887,California
Mendocino,2021-01-16,791,7222,50,2949,741,4273,0,0,789,6301,2,375,789,6676,California
Mendocino,2021-01-17,554,7776,1,2950,553,4826,0,0,553,6853,1,376,553,7229,California
Mendocino,2021-01-18,488,8264,463,3413,25,4851,0,0,476,7317,12,388,476,7705,California
Mendocino,2021-01-19,332,8596,147,3560,185,5036,0,0,156,7297,176,564,156,7861,California
Mendocino,2021-01-20,552,9148,405,3965,147,5183,0,0,446,7640,104,668,447,8308,California
Mendocino,2021-01-21,535,9683,222,4187,313,5496,0,0,351,7808,183,851,351,8659,California
Mendocino,2021-01-22,149,9832,58,4245,91,5587,0,0,110,7879,39,890,110,8769,California
Mendocino,2021-01-23,155,9987,83,4328,72,5659,0,0,149,8022,6,896,149,8918,California
Mendocino,2021-01-24,5,9992,3,4331,2,5661,0,0,5,8027,0,896,5,8923,California
Mendocino,2021-01-25,191,10183,18,4349,173,5834,0,0,121,8078,70,966,121,9044,California
Mendocino,2021-01-26,156,10339,57,4406,99,5933,0,0,96,8114,60,1026,96,9140,California
Mendocino,2021-01-27,432,10771,362,4768,70,6003,0,0,174,8037,251,1277,174,9314,California
Mendocino,2021-01-28,585,11356,521,5289,64,6067,0,0,491,8434,94,1371,491,9805,California
Mendocino,2021-01-29,390,11746,349,5638,41,6108,0,0,361,8767,29,1400,362,10167,California
Mendocino,2021-01-30,48,11794,30,5668,18,6126,0,0,41,8801,7,1407,41,10208,California
Mendocino,2021-01-31,273,12067,2,5670,271,6397,0,0,3,8534,270,1677,3,10211,California
Mendocino,2021-02-01,380,12447,52,5722,328,6725,0,0,57,8268,323,2000,57,10268,California
Mendocino,2021-02-02,720,13167,501,6223,219,6944,0,0,362,8272,358,2358,362,10630,California
Mendocino,2021-02-03,389,13556,205,6428,184,7128,0,0,220,8325,167,2525,220,10850,California
Mendocino,2021-02-04,625,14181,529,6957,96,7224,0,0,501,8702,124,2649,501,11351,California
Mendocino,2021-02-05,1299,15480,1212,8169,87,7311,0,0,584,8572,714,3363,584,11935,California
Mendocino,2021-02-06,558,16038,157,8326,401,7712,0,0,543,9100,15,3378,543,12478,California
Mendocino,2021-02-07,31,16069,27,8353,4,7716,0,0,31,9131,0,3378,31,12509,California
Mendocino,2021-02-08,745,16814,714,9067,31,7747,0,0,284,8954,461,3839,284,12793,California
Mendocino,2021-02-09,141,16955,58,9125,83,7830,0,0,89,8991,52,3891,89,12882,California
Mendocino,2021-02-10,1481,18436,921,10046,560,8390,0,0,742,9000,733,4624,742,13624,California
Mendocino,2021-02-11,1133,19569,209,10255,924,9314,0,0,285,8437,848,5472,285,13909,California
Mendocino,2021-02-12,1401,20970,158,10413,1243,10557,0,0,636,8309,764,6236,636,14545,California
Mendocino,2021-02-13,495,21465,12,10425,483,11040,0,0,102,8024,392,6628,107,14652,California
Mendocino,2021-02-14,694,22159,3,10428,691,11731,0,0,134,7598,560,7188,134,14786,California
Mendocino,2021-02-15,329,22488,43,10471,286,12017,0,0,174,7617,155,7343,174,14960,California
Mendocino,2021-02-16,201,22689,51,10522,150,12167,0,0,131,7678,70,7413,131,15091,California
Mendocino,2021-02-17,1349,24038,1187,11709,162,12329,0,0,877,8085,470,7883,877,15968,California
Mendocino,2021-02-18,1780,25818,639,12348,1141,13470,0,0,1215,8736,564,8447,1215,17183,California
Mendocino,2021-02-19,748,26566,146,12494,602,14072,0,0,609,9206,139,8586,609,17792,California
Mendocino,2021-02-20,571,27137,545,13039,26,14098,0,0,541,9719,28,8614,541,18333,California
Mendocino,2021-02-21,326,27463,5,13044,321,14419,0,0,314,10022,11,8625,314,18647,California
Mendocino,2021-02-22,162,27625,30,13074,132,14551,0,0,70,10001,91,8716,70,18717,California
Mendocino,2021-02-23,671,28296,659,13733,12,14563,0,0,610,10551,60,8776,610,19327,California
Mendocino,2021-02-24,1839,30135,1760,15493,79,14642,0,0,1430,11578,405,9181,1432,20759,California
Mendocino,2021-02-25,1704,31839,532,16025,1172,15814,0,0,1285,12445,418,9599,1285,22044,California
Mendocino,2021-02-26,1400,33239,747,16772,653,16467,0,0,1037,13121,361,9960,1037,23081,California
Mendocino,2021-02-27,198,33437,150,16922,48,16515,0,0,77,13078,120,10080,77,23158,California
Mendocino,2021-02-28,33,33470,11,16933,22,16537,0,0,23,13091,10,10090,23,23181,California
Mendocino,2021-03-01,576,34046,533,17466,43,16580,0,0,539,13593,37,10127,539,23720,California
Mendocino,2021-03-02,70,34116,24,17490,46,16626,0,0,41,13606,28,10155,41,23761,California
Mendocino,2021-03-03,1699,35815,1325,18815,374,17000,0,0,1069,14046,629,10784,1069,24830,California
Mendocino,2021-03-04,1768,37583,146,18961,1622,18622,0,0,1551,15383,215,10999,1552,26382,California
Mendocino,2021-03-05,206,37789,145,19106,52,18674,9,9,117,15422,87,11086,126,26508,California
Mendocino,2021-03-06,241,38030,20,19126,196,18870,25,34,201,15609,39,11125,226,26734,California
Mendocino,2021-03-07,503,38533,6,19132,477,19347,20,54,116,15358,386,11511,135,26869,California
Mendocino,2021-03-08,124,38657,29,19161,59,19406,36,90,64,15400,58,11569,100,26969,California
Mendocino,2021-03-09,441,39098,224,19385,176,19582,41,131,346,15692,95,11664,387,27356,California
Mendocino,2021-03-10,1108,40206,978,20363,64,19646,66,197,267,15189,839,12503,336,27692,California
Mendocino,2021-03-11,821,41027,611,20974,157,19803,53,250,396,15215,423,12926,449,28141,California
Mendocino,2021-03-12,2013,43040,1029,22003,890,20693,94,344,1210,15723,796,13722,1304,29445,California
Mendocino,2021-03-13,653,43693,524,22527,72,20765,57,401,97,15325,552,14274,154,29599,California
Mendocino,2021-03-14,103,43796,2,22529,94,20859,7,408,11,15254,89,14363,18,29617,California
Mendocino,2021-03-15,597,44393,52,22581,488,21347,57,465,208,15131,388,14751,265,29882,California
Mendocino,2021-03-16,570,44963,373,22954,152,21499,45,510,139,14886,429,15180,184,30066,California
Mendocino,2021-03-17,1563,46526,1360,24314,56,21555,147,657,214,13908,1346,16526,368,30434,California
Mendocino,2021-03-18,1306,47832,248,24562,1020,22575,38,695,284,13215,1014,17540,321,30755,California
Mendocino,2021-03-19,1757,49589,858,25420,838,23413,61,756,337,12199,1416,18956,400,31155,California
Mendocino,2021-03-20,70,49659,11,25431,38,23451,21,777,14,12178,56,19012,35,31190,California
Mendocino,2021-03-21,9,49668,1,25432,3,23454,5,782,4,12182,5,19017,9,31199,California
Mendocino,2021-03-22,624,50292,580,26012,15,23469,29,811,146,11882,474,19491,174,31373,California
Mendocino,2021-03-23,167,50459,34,26046,103,23572,30,841,117,11979,50,19541,147,31520,California
Mendocino,2021-03-24,902,51361,829,26875,26,23598,47,888,115,11356,785,20326,162,31682,California
Mendocino,2021-03-25,1975,53336,51,26926,1905,25503,19,907,165,9732,1807,22133,183,31865,California
Mendocino,2021-03-26,509,53845,360,27286,124,25627,25,932,328,9904,181,22314,353,32218,California
Mendocino,2021-03-27,141,53986,12,27298,118,25745,11,943,82,9938,58,22372,92,32310,California
Mendocino,2021-03-28,26,54012,5,27303,17,25762,4,947,4,9924,22,22394,8,32318,California
Mendocino,2021-03-29,187,54199,98,27401,47,25809,42,989,96,9971,91,22485,138,32456,California
Mendocino,2021-03-30,683,54882,598,27999,48,25857,37,1026,419,10164,263,22748,456,32912,California
Mendocino,2021-03-31,862,55744,270,28269,533,26390,59,1085,410,10183,450,23198,469,33381,California
Mendocino,2021-04-01,1692,57436,394,28663,1220,27610,78,1163,377,9329,1308,24506,454,33835,California
Mendocino,2021-04-02,1284,58720,1056,29719,155,27765,73,1236,224,8569,1057,25563,297,34132,California
Mendocino,2021-04-03,704,59424,7,29726,676,28441,21,1257,88,8066,612,26175,109,34241,California
Mendocino,2021-04-04,68,59492,33,29759,29,28470,6,1263,53,8110,15,26190,59,34300,California
Mendocino,2021-04-05,199,59691,133,29892,42,28512,24,1287,124,8181,75,26265,146,34446,California
Mendocino,2021-04-06,381,60072,121,30013,179,28691,81,1368,106,8093,275,26540,187,34633,California
Mendocino,2021-04-07,470,60542,166,30179,64,28755,240,1608,115,8093,354,26894,354,34987,California
Mendocino,2021-04-08,1480,62022,908,31087,461,29216,111,1719,994,8719,480,27374,1106,36093,California
Mendocino,2021-04-09,750,62772,426,31513,170,29386,154,1873,395,8914,354,27728,549,36642,California
Mendocino,2021-04-10,141,62913,90,31603,6,29392,45,1918,86,8990,55,27783,131,36773,California
Mendocino,2021-04-11,121,63034,47,31650,18,29410,56,1974,58,9041,63,27846,114,36887,California
Mendocino,2021-04-12,469,63503,372,32022,43,29453,54,2028,299,9224,170,28016,353,37240,California
Mendocino,2021-04-13,284,63787,223,32245,61,29514,0,2028,219,9378,65,28081,219,37459,California
Mendocino,2021-04-14,384,64171,298,32543,86,29600,0,2028,285,9566,99,28180,287,37746,California
Mendocino,2021-04-15,654,64825,331,32874,323,29923,0,2028,395,9706,256,28436,396,38142,California
Mendocino,2021-04-16,123,64948,49,32923,74,29997,0,2028,71,9727,50,28486,71,38213,California
Mendocino,2021-04-17,59,65007,17,32940,42,30039,0,2028,48,9766,9,28495,48,38261,California
Mendocino,2021-04-18,8,65015,3,32943,5,30044,0,2028,5,9768,3,28498,5,38266,California
Mendocino,2021-04-19,498,65513,473,33416,25,30069,0,2028,429,10129,68,28566,429,38695,California
Mendocino,2021-04-20,238,65751,152,33568,86,30155,0,2028,165,10221,73,28639,165,38860,California
Merced,2020-12-16,3,3,3,3,0,0,0,0,3,3,0,0,3,3,California
Merced,2020-12-17,5,8,5,8,0,0,0,0,5,8,0,0,5,8,California
Merced,2020-12-18,145,153,145,153,0,0,0,0,145,153,0,0,145,153,California
Merced,2020-12-19,39,192,39,192,0,0,0,0,39,192,0,0,39,192,California
Merced,2020-12-20,17,209,17,209,0,0,0,0,17,209,0,0,17,209,California
Merced,2020-12-21,129,338,126,335,3,3,0,0,129,338,0,0,129,338,California
Merced,2020-12-22,162,500,162,497,0,3,0,0,162,500,0,0,162,500,California
Merced,2020-12-23,305,805,290,787,15,18,0,0,305,805,0,0,305,805,California
Merced,2020-12-24,71,876,71,858,0,18,0,0,71,876,0,0,71,876,California
Merced,2020-12-25,5,881,5,863,0,18,0,0,5,881,0,0,5,881,California
Merced,2020-12-26,7,888,4,867,3,21,0,0,7,888,0,0,7,888,California
Merced,2020-12-27,12,900,11,878,1,22,0,0,12,900,0,0,12,900,California
Merced,2020-12-28,124,1024,100,978,24,46,0,0,124,1024,0,0,124,1024,California
Merced,2020-12-29,190,1214,135,1113,55,101,0,0,190,1214,0,0,190,1214,California
Merced,2020-12-30,239,1453,93,1206,146,247,0,0,238,1452,0,0,238,1452,California
Merced,2020-12-31,126,1579,39,1245,87,334,0,0,123,1575,0,0,123,1575,California
Merced,2021-01-01,1,1580,0,1245,1,335,0,0,1,1576,0,0,1,1576,California
Merced,2021-01-02,128,1708,117,1362,11,346,0,0,129,1705,0,0,129,1705,California
Merced,2021-01-03,9,1717,5,1367,4,350,0,0,9,1714,0,0,9,1714,California
Merced,2021-01-04,84,1801,41,1408,43,393,0,0,84,1798,0,0,84,1798,California
Merced,2021-01-05,320,2121,230,1638,90,483,0,0,321,2115,6,6,323,2121,California
Merced,2021-01-06,272,2393,97,1735,175,658,0,0,267,2376,6,12,267,2388,California
Merced,2021-01-07,190,2583,79,1814,111,769,0,0,191,2556,11,23,191,2579,California
Merced,2021-01-08,535,3118,393,2207,142,911,0,0,390,2795,151,174,390,2969,California
Merced,2021-01-09,23,3141,10,2217,13,924,0,0,17,2806,6,180,17,2986,California
Merced,2021-01-10,10,3151,6,2223,4,928,0,0,6,2808,4,184,6,2992,California
Merced,2021-01-11,246,3397,170,2393,76,1004,0,0,119,2802,126,310,120,3112,California
Merced,2021-01-12,311,3708,161,2554,150,1154,0,0,258,3004,56,366,258,3370,California
Merced,2021-01-13,450,4158,232,2786,218,1372,0,0,237,3036,207,573,239,3609,California
Merced,2021-01-14,353,4511,213,2999,140,1512,0,0,182,3050,170,743,184,3793,California
Merced,2021-01-15,684,5195,148,3147,536,2048,0,0,661,3674,39,782,663,4456,California
Merced,2021-01-16,242,5437,151,3298,91,2139,0,0,237,3906,5,787,237,4693,California
Merced,2021-01-17,48,5485,11,3309,37,2176,0,0,47,3952,1,788,47,4740,California
Merced,2021-01-18,329,5814,155,3464,174,2350,0,0,307,4240,22,810,310,5050,California
Merced,2021-01-19,731,6545,582,4046,149,2499,0,0,549,4611,182,992,553,5603,California
Merced,2021-01-20,594,7139,485,4531,109,2608,0,0,529,5078,65,1057,532,6135,California
Merced,2021-01-21,1059,8198,686,5217,373,2981,0,0,957,5935,103,1160,960,7095,California
Merced,2021-01-22,1392,9590,709,5926,683,3664,0,0,1368,7289,26,1186,1380,8475,California
Merced,2021-01-23,307,9897,185,6111,122,3786,0,0,203,7386,106,1292,203,8678,California
Merced,2021-01-24,34,9931,16,6127,18,3804,0,0,25,7403,8,1300,25,8703,California
Merced,2021-01-25,779,10710,269,6396,510,4314,0,0,702,8046,59,1359,702,9405,California
Merced,2021-01-26,945,11655,480,6876,465,4779,0,0,687,8523,211,1570,688,10093,California
Merced,2021-01-27,1031,12686,583,7459,448,5227,0,0,841,9201,163,1733,841,10934,California
Merced,2021-01-28,1203,13889,587,8046,616,5843,0,0,1044,10111,135,1868,1045,11979,California
Merced,2021-01-29,907,14796,339,8385,568,6411,0,0,650,10519,244,2112,652,12631,California
Merced,2021-01-30,286,15082,27,8412,259,6670,0,0,270,10773,16,2128,270,12901,California
Merced,2021-01-31,46,15128,10,8422,36,6706,0,0,45,10817,1,2129,45,12946,California
Merced,2021-02-01,376,15504,52,8474,324,7030,0,0,324,11090,51,2180,324,13270,California
Merced,2021-02-02,292,15796,180,8654,112,7142,0,0,173,11147,117,2297,174,13444,California
Merced,2021-02-03,393,16189,69,8723,324,7466,0,0,198,11150,195,2492,198,13642,California
Merced,2021-02-04,430,16619,159,8882,271,7737,0,0,274,11272,153,2645,275,13917,California
Merced,2021-02-05,625,17244,215,9097,410,8147,0,0,324,11310,288,2933,326,14243,California
Merced,2021-02-06,442,17686,247,9344,195,8342,0,0,270,11411,170,3103,271,14514,California
Merced,2021-02-07,20,17706,12,9356,8,8350,0,0,13,11417,7,3110,13,14527,California
Merced,2021-02-08,319,18025,216,9572,103,8453,0,0,179,11460,137,3247,180,14707,California
Merced,2021-02-09,1279,19304,963,10535,316,8769,0,0,806,11811,456,3703,807,15514,California
Merced,2021-02-10,1921,21225,1433,11968,488,9257,0,0,1334,12566,579,4282,1334,16848,California
Merced,2021-02-11,2607,23832,2039,14007,568,9825,0,0,1856,13677,745,5027,1856,18704,California
Merced,2021-02-12,1889,25721,1060,15067,829,10654,0,0,835,13471,1042,6069,836,19540,California
Merced,2021-02-13,363,26084,202,15269,161,10815,0,0,267,13644,96,6165,269,19809,California
Merced,2021-02-14,117,26201,27,15296,90,10905,0,0,95,13718,22,6187,96,19905,California
Merced,2021-02-15,272,26473,40,15336,232,11137,0,0,169,13790,98,6285,170,20075,California
Merced,2021-02-16,1292,27765,865,16201,427,11564,0,0,865,14251,407,6692,868,20943,California
Merced,2021-02-17,1946,29711,1676,17877,270,11834,0,0,1368,15056,565,7257,1370,22313,California
Merced,2021-02-18,1315,31026,854,18731,461,12295,0,0,457,14682,831,8088,457,22770,California
Merced,2021-02-19,1324,32350,438,19169,886,13181,0,0,573,14512,745,8833,575,23345,California
Merced,2021-02-20,275,32625,31,19200,244,13425,0,0,142,14522,132,8965,142,23487,California
Merced,2021-02-21,74,32699,59,19259,15,13440,0,0,30,14508,44,9009,30,23517,California
Merced,2021-02-22,924,33623,375,19634,549,13989,0,0,578,14741,345,9354,578,24095,California
Merced,2021-02-23,1181,34804,486,20120,695,14684,0,0,734,15032,443,9797,734,24829,California
Merced,2021-02-24,851,35655,302,20422,549,15233,0,0,466,15123,375,10172,466,25295,California
Merced,2021-02-25,1959,37614,991,21413,968,16201,0,0,1479,16138,465,10637,1480,26775,California
Merced,2021-02-26,2354,39968,1506,22919,848,17049,0,0,1927,17637,429,11066,1928,28703,California
Merced,2021-02-27,2897,42865,1309,24228,1587,18636,1,1,2586,19917,307,11373,2587,31290,California
Merced,2021-02-28,333,43198,71,24299,262,18898,0,1,286,20159,44,11417,286,31576,California
Merced,2021-03-01,1191,44389,276,24575,915,19813,0,1,859,20692,326,11743,859,32435,California
Merced,2021-03-02,1807,46196,917,25492,890,20703,0,1,1404,21709,387,12130,1404,33839,California
Merced,2021-03-03,2377,48573,1829,27321,547,21250,1,2,1581,22531,761,12891,1583,35422,California
Merced,2021-03-04,3110,51683,2438,29759,670,21920,2,4,2220,23782,971,13862,2222,37644,California
Merced,2021-03-05,2487,54170,1537,31296,927,22847,23,27,1871,25092,585,14447,1895,39539,California
Merced,2021-03-06,1288,55458,751,32047,515,23362,22,49,1011,25846,279,14726,1033,40572,California
Merced,2021-03-07,282,55740,62,32109,195,23557,25,74,253,26095,29,14755,278,40850,California
Merced,2021-03-08,1267,57007,624,32733,578,24135,65,139,1054,27000,213,14968,1118,41968,California
Merced,2021-03-09,1759,58766,1035,33768,610,24745,114,253,1162,27684,593,15561,1277,43245,California
Merced,2021-03-10,2914,61680,2019,35787,681,25426,214,467,1829,28650,1082,16643,2048,45293,California
Merced,2021-03-11,2026,63706,698,36485,1121,26547,207,674,1385,29682,583,17226,1615,46908,California
Merced,2021-03-12,2507,66213,1142,37627,1095,27642,270,944,1741,30941,764,17990,2023,48931,California
Merced,2021-03-13,779,66992,369,37996,168,27810,242,1186,470,31353,301,18291,713,49644,California
Merced,2021-03-14,248,67240,135,38131,83,27893,30,1216,150,31437,97,18388,181,49825,California
Merced,2021-03-15,1582,68822,522,38653,795,28688,265,1481,1052,32231,522,18910,1316,51141,California
Merced,2021-03-16,1613,70435,834,39487,556,29244,223,1704,1055,33023,485,19395,1277,52418,California
Merced,2021-03-17,2265,72700,1312,40799,771,30015,182,1886,1738,34488,458,19853,1923,54341,California
Merced,2021-03-18,2128,74828,1211,42010,758,30773,159,2045,1491,35501,648,20501,1661,56002,California
Merced,2021-03-19,3166,77994,1866,43876,1106,31879,194,2239,1748,36049,1397,21898,1945,57947,California
Merced,2021-03-20,2686,80680,1750,45626,539,32418,397,2636,1178,36125,1502,23400,1578,59525,California
Merced,2021-03-21,686,81366,341,45967,332,32750,13,2649,568,36589,119,23519,583,60108,California
Merced,2021-03-22,1369,82735,716,46683,569,33319,84,2733,1039,37331,382,23901,1124,61232,California
Merced,2021-03-23,1954,84689,1193,47876,697,34016,64,2797,1468,38400,464,24365,1533,62765,California
Merced,2021-03-24,1426,86115,854,48730,528,34544,44,2841,1043,39115,372,24737,1087,63852,California
Merced,2021-03-25,3625,89740,2533,51263,1070,35614,22,2863,2133,39788,1485,26222,2158,66010,California
Merced,2021-03-26,2178,91918,1283,52546,861,36475,34,2897,947,39546,1222,27444,980,66990,California
Merced,2021-03-27,2952,94870,1528,54074,1356,37831,68,2965,1114,38900,1828,29272,1182,68172,California
Merced,2021-03-28,577,95447,210,54284,360,38191,7,2972,253,38839,323,29595,262,68434,California
Merced,2021-03-29,1657,97104,458,54742,952,39143,247,3219,662,38764,988,30583,913,69347,California
Merced,2021-03-30,2291,99395,856,55598,1377,40520,58,3277,1045,38626,1241,31824,1103,70450,California
Merced,2021-03-31,2404,101799,1658,57256,713,41233,33,3310,1046,38362,1344,33168,1080,71530,California
Merced,2021-04-01,2304,104103,1134,58390,1064,42297,106,3416,862,37897,1435,34603,970,72500,California
Merced,2021-04-02,2717,106820,751,59141,1537,43834,429,3845,962,37554,1737,36340,1394,73894,California
Merced,2021-04-03,895,107715,402,59543,483,44317,10,3855,455,37582,439,36779,467,74361,California
Merced,2021-04-04,460,108175,142,59685,315,44632,3,3858,195,37518,264,37043,200,74561,California
Merced,2021-04-05,1314,109489,536,60221,489,45121,289,4147,423,37340,890,37933,712,75273,California
Merced,2021-04-06,2505,111994,713,60934,740,45861,1052,5199,773,37436,1730,39663,1826,77099,California
Merced,2021-04-07,1795,113789,963,61897,701,46562,131,5330,608,36998,1179,40842,741,77840,California
Merced,2021-04-08,2198,115987,1037,62934,931,47493,230,5560,799,36655,1370,42212,1027,78867,California
Merced,2021-04-09,2012,117999,595,63529,701,48194,716,6276,623,36625,1372,43584,1342,80209,California
Merced,2021-04-10,801,118800,455,63984,134,48328,212,6488,173,36385,625,44209,385,80594,California
Merced,2021-04-11,487,119287,279,64263,72,48400,136,6624,149,36335,336,44545,286,80880,California
Merced,2021-04-12,1278,120565,698,64961,448,48848,132,6756,717,36655,529,45074,849,81729,California
Merced,2021-04-13,1916,122481,1341,66302,572,49420,3,6759,950,36723,888,45962,956,82685,California
Merced,2021-04-14,1656,124137,1132,67434,524,49944,0,6759,837,36865,697,46659,839,83524,California
Merced,2021-04-15,2584,126721,1999,69433,585,50529,0,6759,825,36085,1609,48268,829,84353,California
Merced,2021-04-16,1940,128661,1049,70482,891,51420,0,6759,833,35895,1024,49292,834,85187,California
Merced,2021-04-17,473,129134,292,70774,181,51601,0,6759,238,35903,231,49523,239,85426,California
Merced,2021-04-18,499,129633,227,71001,272,51873,0,6759,172,35775,300,49823,172,85598,California
Merced,2021-04-19,640,130273,420,71421,220,52093,0,6759,430,35998,209,50032,432,86030,California
Merced,2021-04-20,245,130518,229,71650,16,52109,0,6759,219,36198,26,50058,226,86256,California
Modoc,2020-12-16,1,1,1,1,0,0,0,0,1,1,0,0,1,1,California
Modoc,2020-12-21,100,101,100,101,0,0,0,0,100,101,0,0,100,101,California
Modoc,2020-12-22,14,115,14,115,0,0,0,0,14,115,0,0,14,115,California
Modoc,2020-12-23,4,119,4,119,0,0,0,0,4,119,0,0,4,119,California
Modoc,2020-12-24,1,120,1,120,0,0,0,0,1,120,0,0,1,120,California
Modoc,2020-12-28,2,122,2,122,0,0,0,0,2,122,0,0,2,122,California
Modoc,2020-12-29,10,132,1,123,9,9,0,0,10,132,0,0,10,132,California
Modoc,2020-12-30,7,139,0,123,7,16,0,0,7,139,0,0,7,139,California
Modoc,2021-01-02,2,141,0,123,2,18,0,0,2,141,0,0,2,141,California
Modoc,2021-01-04,8,149,0,123,8,26,0,0,8,149,0,0,8,149,California
Modoc,2021-01-05,2,151,1,124,1,27,0,0,2,151,0,0,2,151,California
Modoc,2021-01-06,3,154,2,126,1,28,0,0,2,152,1,1,2,153,California
Modoc,2021-01-07,72,226,0,126,72,100,0,0,72,224,0,1,72,225,California
Modoc,2021-01-08,105,331,0,126,105,205,0,0,105,329,0,1,105,330,California
Modoc,2021-01-10,1,332,1,127,0,205,0,0,0,328,1,2,0,330,California
Modoc,2021-01-11,91,423,82,209,9,214,0,0,19,275,72,74,19,349,California
Modoc,2021-01-12,94,517,25,234,69,283,0,0,68,317,26,100,68,417,California
Modoc,2021-01-13,24,541,4,238,20,303,0,0,22,337,2,102,22,439,California
Modoc,2021-01-14,129,670,6,244,123,426,0,0,124,456,5,107,124,563,California
Modoc,2021-01-15,6,676,1,245,5,431,0,0,6,462,0,107,6,569,California
Modoc,2021-01-16,1,677,1,246,0,431,0,0,1,463,0,107,1,570,California
Modoc,2021-01-18,1,678,1,247,0,431,0,0,1,464,0,107,1,571,California
Modoc,2021-01-19,5,683,3,250,2,433,0,0,3,465,2,109,3,574,California
Modoc,2021-01-20,11,694,1,251,10,443,0,0,11,476,0,109,11,585,California
Modoc,2021-01-21,158,852,2,253,156,599,0,0,158,634,0,109,158,743,California
Modoc,2021-01-22,2,854,0,253,2,601,0,0,2,636,0,109,2,745,California
Modoc,2021-01-25,11,865,0,253,11,612,0,0,11,647,0,109,11,756,California
Modoc,2021-01-26,65,930,1,254,64,676,0,0,65,712,0,109,65,821,California
Modoc,2021-01-27,41,971,2,256,39,715,0,0,25,721,16,125,25,846,California
Modoc,2021-01-28,144,1115,1,257,143,858,0,0,144,865,0,125,144,990,California
Modoc,2021-01-29,3,1118,1,258,2,860,0,0,3,868,0,125,3,993,California
Modoc,2021-02-01,25,1143,12,270,13,873,0,0,11,865,14,139,11,1004,California
Modoc,2021-02-02,170,1313,2,272,168,1041,0,0,167,1029,3,142,167,1171,California
Modoc,2021-02-03,18,1331,13,285,5,1046,0,0,11,1033,7,149,11,1182,California
Modoc,2021-02-04,155,1486,4,289,151,1197,0,0,27,932,128,277,27,1209,California
Modoc,2021-02-05,4,1490,3,292,1,1198,0,0,3,934,1,278,3,1212,California
Modoc,2021-02-08,9,1499,2,294,7,1205,0,0,8,941,1,279,8,1220,California
Modoc,2021-02-09,198,1697,13,307,185,1390,0,0,67,877,131,410,67,1287,California
Modoc,2021-02-10,5,1702,2,309,3,1393,0,0,4,880,1,411,4,1291,California
Modoc,2021-02-11,201,1903,3,312,198,1591,0,0,83,845,118,529,83,1374,California
Modoc,2021-02-12,5,1908,1,313,4,1595,0,0,3,846,2,531,3,1377,California
Modoc,2021-02-13,1,1909,0,313,1,1596,0,0,1,847,0,531,1,1378,California
Modoc,2021-02-16,147,2056,6,319,141,1737,0,0,143,986,4,535,143,1521,California
Modoc,2021-02-17,24,2080,1,320,23,1760,0,0,12,986,12,547,12,1533,California
Modoc,2021-02-18,189,2269,2,322,187,1947,0,0,25,849,163,710,26,1559,California
Modoc,2021-02-19,2,2271,2,324,0,1947,0,0,2,851,0,710,2,1561,California
Modoc,2021-02-20,1,2272,1,325,0,1947,0,0,1,852,0,710,1,1562,California
Modoc,2021-02-22,17,2289,9,334,8,1955,0,0,3,841,14,724,3,1565,California
Modoc,2021-02-23,20,2309,2,336,18,1973,0,0,1,823,19,743,1,1566,California
Modoc,2021-02-24,90,2399,1,337,89,2062,0,0,30,793,60,803,30,1596,California
Modoc,2021-02-25,168,2567,0,337,168,2230,0,0,12,649,156,959,12,1608,California
Modoc,2021-02-26,3,2570,0,337,3,2233,0,0,1,648,2,961,1,1609,California
Modoc,2021-02-27,5,2575,5,342,0,2233,0,0,2,647,3,964,2,1611,California
Modoc,2021-03-01,4,2579,0,342,4,2237,0,0,0,643,4,968,0,1611,California
Modoc,2021-03-02,193,2772,12,354,181,2418,0,0,26,502,167,1135,26,1637,California
Modoc,2021-03-03,12,2784,6,360,6,2424,0,0,2,494,10,1145,2,1639,California
Modoc,2021-03-04,175,2959,2,362,173,2597,0,0,148,615,27,1172,148,1787,California
Modoc,2021-03-05,4,2963,3,365,1,2598,0,0,2,615,2,1174,2,1789,California
Modoc,2021-03-06,10,2973,0,365,0,2598,10,10,0,615,10,1184,10,1799,California
Modoc,2021-03-07,6,2979,1,366,0,2598,5,15,1,616,5,1189,6,1805,California
Modoc,2021-03-08,7,2986,1,367,2,2600,4,19,1,615,6,1195,5,1810,California
Modoc,2021-03-09,127,3113,10,377,109,2709,8,27,61,618,66,1261,69,1879,California
Modoc,2021-03-10,9,3122,3,380,2,2711,4,31,4,621,5,1266,8,1887,California
Modoc,2021-03-11,207,3329,0,380,99,2810,108,139,22,566,185,1451,130,2017,California
Modoc,2021-03-12,10,3339,1,381,4,2814,5,144,4,569,6,1457,9,2026,California
Modoc,2021-03-13,4,3343,0,381,1,2815,3,147,1,570,3,1460,4,2030,California
Modoc,2021-03-15,12,3355,1,382,10,2825,1,148,10,579,2,1462,11,2041,California
Modoc,2021-03-16,173,3528,1,383,168,2993,4,152,42,493,131,1593,45,2086,California
Modoc,2021-03-17,10,3538,1,384,4,2997,5,157,2,492,8,1601,7,2093,California
Modoc,2021-03-18,67,3605,1,385,59,3056,7,164,35,502,32,1633,42,2135,California
Modoc,2021-03-19,5,3610,0,385,0,3056,5,169,0,502,5,1638,5,2140,California
Modoc,2021-03-20,6,3616,2,387,1,3057,3,172,1,501,5,1643,4,2144,California
Modoc,2021-03-21,4,3620,1,388,1,3058,2,174,2,503,2,1645,4,2148,California
Modoc,2021-03-22,18,3638,1,389,11,3069,6,180,12,515,6,1651,18,2166,California
Modoc,2021-03-23,34,3672,5,394,26,3095,3,183,26,536,8,1659,29,2195,California
Modoc,2021-03-24,29,3701,1,395,18,3113,10,193,2,521,27,1686,12,2207,California
Modoc,2021-03-25,64,3765,1,396,61,3174,2,195,32,523,32,1718,34,2241,California
Modoc,2021-03-26,7,3772,2,398,2,3176,3,198,2,523,5,1723,5,2246,California
Modoc,2021-03-27,2,3774,0,398,1,3177,1,199,1,524,1,1724,2,2248,California
Modoc,2021-03-28,2,3776,1,399,0,3177,1,200,0,523,2,1726,1,2249,California
Modoc,2021-03-29,14,3790,1,400,5,3182,8,208,5,527,9,1735,13,2262,California
Modoc,2021-03-30,57,3847,11,411,39,3221,7,215,23,523,34,1769,30,2292,California
Modoc,2021-03-31,9,3856,3,414,2,3223,4,219,3,524,6,1775,7,2299,California
Modoc,2021-04-01,170,4026,3,417,162,3385,5,224,35,429,135,1910,40,2339,California
Modoc,2021-04-02,4,4030,0,417,1,3386,3,227,0,429,3,1913,3,2342,California
Modoc,2021-04-03,4,4034,2,419,0,3386,2,229,2,431,2,1915,4,2346,California
Modoc,2021-04-05,9,4043,0,419,9,3395,0,229,9,440,0,1915,9,2355,California
Modoc,2021-04-06,24,4067,5,424,9,3404,10,239,6,438,18,1933,16,2371,California
Modoc,2021-04-07,10,4077,1,425,3,3407,6,245,2,438,8,1941,8,2379,California
Modoc,2021-04-08,97,4174,1,426,93,3500,3,248,26,396,71,2012,29,2408,California
Modoc,2021-04-09,10,4184,1,427,6,3506,3,251,2,392,8,2020,4,2412,California
Modoc,2021-04-10,6,4190,0,427,1,3507,5,256,0,391,6,2026,5,2417,California
Modoc,2021-04-11,2,4192,2,429,0,3507,0,256,1,391,1,2027,1,2418,California
Modoc,2021-04-12,14,4206,1,430,9,3516,4,260,1,385,11,2038,5,2423,California
Modoc,2021-04-13,28,4234,27,457,1,3517,0,260,21,399,7,2045,21,2444,California
Modoc,2021-04-14,1,4235,1,458,0,3517,0,260,0,398,1,2046,0,2444,California
Modoc,2021-04-15,98,4333,0,458,98,3615,0,260,25,350,73,2119,25,2469,California
Modoc,2021-04-16,5,4338,5,463,0,3615,0,260,4,353,1,2120,4,2473,California
Modoc,2021-04-17,3,4341,3,466,0,3615,0,260,3,356,0,2120,3,2476,California
Modoc,2021-04-18,1,4342,0,466,1,3616,0,260,0,355,1,2121,0,2476,California
Modoc,2021-04-19,6,4348,0,466,6,3622,0,260,1,351,5,2126,1,2477,California
Modoc,2021-04-20,29,4377,3,469,26,3648,0,260,11,345,18,2144,12,2489,California
Mono,2020-12-18,1,1,1,1,0,0,0,0,1,1,0,0,1,1,California
Mono,2020-12-19,5,6,5,6,0,0,0,0,5,6,0,0,5,6,California
Mono,2020-12-20,7,13,7,13,0,0,0,0,7,13,0,0,7,13,California
Mono,2020-12-21,24,37,17,30,7,7,0,0,24,37,0,0,24,37,California
Mono,2020-12-22,66,103,65,95,1,8,0,0,66,103,0,0,66,103,California
Mono,2020-12-23,70,173,42,137,28,36,0,0,70,173,0,0,70,173,California
Mono,2020-12-24,3,176,1,138,2,38,0,0,3,176,0,0,3,176,California
Mono,2020-12-26,3,179,3,141,0,38,0,0,3,179,0,0,3,179,California
Mono,2020-12-28,94,273,63,204,31,69,0,0,94,273,0,0,94,273,California
Mono,2020-12-29,29,302,29,233,0,69,0,0,29,302,0,0,29,302,California
Mono,2020-12-30,76,378,35,268,41,110,0,0,76,378,0,0,76,378,California
Mono,2020-12-31,4,382,1,269,3,113,0,0,4,382,0,0,4,382,California
Mono,2021-01-01,4,386,4,273,0,113,0,0,4,386,0,0,4,386,California
Mono,2021-01-02,1,387,1,274,0,113,0,0,1,387,0,0,1,387,California
Mono,2021-01-04,1,388,0,274,1,114,0,0,1,388,0,0,1,388,California
Mono,2021-01-05,45,433,2,276,43,157,0,0,44,431,1,1,44,432,California
Mono,2021-01-06,44,477,0,276,44,201,0,0,44,475,0,1,44,476,California
Mono,2021-01-07,55,532,3,279,52,253,0,0,54,528,1,2,54,530,California
Mono,2021-01-08,2,534,1,280,1,254,0,0,1,528,1,3,1,531,California
Mono,2021-01-09,4,538,4,284,0,254,0,0,0,524,4,7,0,531,California
Mono,2021-01-10,5,543,5,289,0,254,0,0,0,519,5,12,0,531,California
Mono,2021-01-11,7,550,4,293,3,257,0,0,3,518,4,16,3,534,California
Mono,2021-01-12,283,833,75,368,208,465,0,0,219,674,63,79,219,753,California
Mono,2021-01-13,233,1066,73,441,160,625,0,0,178,797,55,134,178,931,California
Mono,2021-01-14,73,1139,71,512,2,627,0,0,73,870,0,134,73,1004,California
Mono,2021-01-15,62,1201,2,514,60,687,0,0,62,932,0,134,62,1066,California
Mono,2021-01-16,4,1205,3,517,1,688,0,0,1,930,3,137,1,1067,California
Mono,2021-01-18,63,1268,54,571,9,697,0,0,2,871,61,198,2,1069,California
Mono,2021-01-19,209,1477,207,778,2,699,0,0,171,1005,38,236,172,1241,California
Mono,2021-01-20,230,1707,199,977,31,730,0,0,169,1113,61,297,169,1410,California
Mono,2021-01-21,3,1710,3,980,0,730,0,0,3,1116,0,297,3,1413,California
Mono,2021-01-22,4,1714,0,980,4,734,0,0,4,1120,0,297,4,1417,California
Mono,2021-01-23,596,2310,596,1576,0,734,0,0,595,1714,1,298,595,2012,California
Mono,2021-01-25,205,2515,167,1743,38,772,0,0,166,1841,39,337,166,2178,California
Mono,2021-01-26,509,3024,507,2250,2,774,0,0,504,2340,5,342,504,2682,California
Mono,2021-01-27,5,3029,1,2251,4,778,0,0,5,2345,0,342,5,2687,California
Mono,2021-01-28,7,3036,3,2254,4,782,0,0,3,2344,4,346,3,2690,California
Mono,2021-01-30,201,3237,199,2453,2,784,0,0,201,2545,0,346,201,2891,California
Mono,2021-01-31,243,3480,138,2591,105,889,0,0,139,2580,104,450,139,3030,California
Mono,2021-02-01,27,3507,27,2618,0,889,0,0,0,2553,27,477,0,3030,California
Mono,2021-02-02,5,3512,0,2618,5,894,0,0,2,2552,3,480,2,3032,California
Mono,2021-02-03,4,3516,2,2620,2,896,0,0,2,2552,2,482,2,3034,California
Mono,2021-02-04,211,3727,158,2778,53,949,0,0,90,2521,121,603,90,3124,California
Mono,2021-02-05,623,4350,617,3395,6,955,0,0,620,3138,3,606,620,3744,California
Mono,2021-02-06,140,4490,139,3534,1,956,0,0,138,3274,2,608,138,3882,California
Mono,2021-02-07,2,4492,0,3534,2,958,0,0,2,3276,0,608,2,3884,California
Mono,2021-02-08,172,4664,172,3706,0,958,0,0,15,3135,156,764,15,3899,California
Mono,2021-02-09,226,4890,5,3711,221,1179,0,0,14,2937,212,976,14,3913,California
Mono,2021-02-10,536,5426,186,3897,350,1529,0,0,194,2790,342,1318,195,4108,California
Mono,2021-02-11,7,5433,4,3901,3,1532,0,0,2,2787,5,1323,2,4110,California
Mono,2021-02-12,84,5517,20,3921,64,1596,0,0,26,2755,58,1381,26,4136,California
Mono,2021-02-13,587,6104,587,4508,0,1596,0,0,25,2219,561,1942,25,4161,California
Mono,2021-02-15,168,6272,166,4674,2,1598,0,0,3,2059,163,2105,3,4164,California
Mono,2021-02-16,518,6790,515,5189,3,1601,0,0,44,1631,472,2577,44,4208,California
Mono,2021-02-17,5,6795,1,5190,4,1605,0,0,1,1628,4,2581,1,4209,California
Mono,2021-02-18,3,6798,2,5192,1,1606,0,0,2,1629,1,2582,2,4211,California
Mono,2021-02-19,54,6852,53,5245,1,1607,0,0,54,1683,0,2582,54,4265,California
Mono,2021-02-20,4,6856,4,5249,0,1607,0,0,4,1687,0,2582,4,4269,California
Mono,2021-02-21,3,6859,3,5252,0,1607,0,0,3,1690,0,2582,3,4272,California
Mono,2021-02-22,285,7144,284,5536,1,1608,0,0,24,1454,260,2842,24,4296,California
Mono,2021-02-23,135,7279,115,5651,20,1628,0,0,22,1363,113,2955,22,4318,California
Mono,2021-02-24,8,7287,3,5654,5,1633,0,0,2,1359,6,2961,2,4320,California
Mono,2021-02-25,5,7292,2,5656,3,1636,0,0,3,1361,1,2962,3,4323,California
Mono,2021-02-26,602,7894,601,6257,1,1637,0,0,19,798,582,3544,19,4342,California
Mono,2021-02-27,142,8036,138,6395,4,1641,0,0,4,667,135,3679,4,4346,California
Mono,2021-03-01,2,8038,2,6397,0,1641,0,0,1,668,0,3679,1,4347,California
Mono,2021-03-02,5,8043,3,6400,2,1643,0,0,3,669,2,3681,3,4350,California
Mono,2021-03-03,82,8125,2,6402,80,1723,0,0,79,746,2,3683,79,4429,California
Mono,2021-03-04,4,8129,0,6402,4,1727,0,0,2,746,2,3685,2,4431,California
Mono,2021-03-05,37,8166,27,6429,10,1737,0,0,14,737,23,3708,14,4445,California
Mono,2021-03-06,510,8676,16,6445,494,2231,0,0,504,1236,5,3713,504,4949,California
Mono,2021-03-07,1,8677,0,6445,1,2232,0,0,0,1235,1,3714,0,4949,California
Mono,2021-03-08,542,9219,11,6456,528,2760,3,3,533,1762,9,3723,536,5485,California
Mono,2021-03-09,6,9225,2,6458,3,2763,1,4,3,1764,2,3725,4,5489,California
Mono,2021-03-10,286,9511,91,6549,192,2955,3,7,10,1503,274,3999,13,5502,California
Mono,2021-03-11,10,9521,0,6549,1,2956,9,16,0,1502,10,4009,9,5511,California
Mono,2021-03-12,7,9528,1,6550,1,2957,5,21,0,1500,7,4016,5,5516,California
Mono,2021-03-13,826,10354,389,6939,437,3394,0,21,818,2310,8,4024,818,6334,California
Mono,2021-03-14,4,10358,4,6943,0,3394,0,21,1,2308,3,4027,1,6335,California
Mono,2021-03-15,29,10387,23,6966,1,3395,5,26,13,2310,16,4043,18,6353,California
Mono,2021-03-16,16,10403,6,6972,4,3399,6,32,8,2316,8,4051,14,6367,California
Mono,2021-03-17,32,10435,3,6975,21,3420,8,40,21,2334,11,4062,29,6396,California
Mono,2021-03-18,20,10455,2,6977,10,3430,8,48,8,2338,12,4074,16,6412,California
Mono,2021-03-19,22,10477,1,6978,18,3448,3,51,18,2356,3,4077,21,6433,California
Mono,2021-03-20,4,10481,3,6981,0,3448,1,52,3,2359,1,4078,4,6437,California
Mono,2021-03-21,1,10482,1,6982,0,3448,0,52,1,2360,0,4078,1,6438,California
Mono,2021-03-22,11,10493,0,6982,6,3454,5,57,5,2364,6,4084,10,6448,California
Mono,2021-03-23,42,10535,5,6987,32,3486,5,62,19,2365,23,4107,24,6472,California
Mono,2021-03-24,12,10547,1,6988,6,3492,5,67,6,2370,6,4113,11,6483,California
Mono,2021-03-25,18,10565,2,6990,12,3504,4,71,12,2380,6,4119,16,6499,California
Mono,2021-03-26,21,10586,3,6993,13,3517,5,76,12,2389,8,4127,17,6516,California
Mono,2021-03-27,353,10939,350,7343,3,3520,0,76,328,2692,25,4152,328,6844,California
Mono,2021-03-28,1,10940,1,7344,0,3520,0,76,1,2693,0,4152,1,6845,California
Mono,2021-03-29,10,10950,3,7347,6,3526,1,77,8,2700,2,4154,9,6854,California
Mono,2021-03-30,15,10965,0,7347,11,3537,4,81,10,2709,5,4159,14,6868,California
Mono,2021-03-31,125,11090,7,7354,117,3654,1,82,46,2678,78,4237,47,6915,California
Mono,2021-04-01,8,11098,0,7354,7,3661,1,83,3,2677,5,4242,4,6919,California
Mono,2021-04-02,17,11115,2,7356,15,3676,0,83,6,2672,11,4253,6,6925,California
Mono,2021-04-03,849,11964,366,7722,483,4159,0,83,35,1894,813,5066,35,6960,California
Mono,2021-04-05,532,12496,17,7739,514,4673,1,84,32,1428,499,5565,33,6993,California
Mono,2021-04-06,20,12516,2,7741,5,4678,13,97,2,1425,18,5583,15,7008,California
Mono,2021-04-07,22,12538,2,7743,2,4680,18,115,3,1427,19,5602,21,7029,California
Mono,2021-04-08,21,12559,2,7745,2,4682,17,132,3,1429,18,5620,20,7049,California
Mono,2021-04-09,36,12595,2,7747,4,4686,30,162,5,1433,31,5651,35,7084,California
Mono,2021-04-10,446,13041,2,7749,437,5123,7,169,28,1050,418,6069,35,7119,California
Mono,2021-04-11,1,13042,1,7750,0,5123,0,169,0,1049,1,6070,0,7119,California
Mono,2021-04-12,6,13048,0,7750,3,5126,3,172,3,1052,3,6073,6,7125,California
Mono,2021-04-13,19,13067,3,7753,15,5141,1,173,13,1060,6,6079,14,7139,California
Mono,2021-04-14,25,13092,0,7753,25,5166,0,173,6,1047,19,6098,6,7145,California
Mono,2021-04-15,19,13111,3,7756,16,5182,0,173,11,1050,8,6106,11,7156,California
Mono,2021-04-16,20,13131,7,7763,13,5195,0,173,10,1050,10,6116,10,7166,California
Mono,2021-04-17,50,13181,2,7765,48,5243,0,173,44,1088,6,6122,44,7210,California
Mono,2021-04-18,3,13184,2,7767,1,5244,0,173,2,1089,1,6123,2,7212,California
Mono,2021-04-19,527,13711,325,8092,202,5446,0,173,199,962,326,6449,199,7411,California
Mono,2021-04-20,8,13719,3,8095,5,5451,0,173,7,968,1,6450,7,7418,California
Monterey,2020-12-16,4,4,4,4,0,0,0,0,4,4,0,0,4,4,California
Monterey,2020-12-17,83,87,83,87,0,0,0,0,83,87,0,0,83,87,California
Monterey,2020-12-18,481,568,481,568,0,0,0,0,481,568,0,0,481,568,California
Monterey,2020-12-19,579,1147,579,1147,0,0,0,0,579,1147,0,0,579,1147,California
Monterey,2020-12-20,422,1569,422,1569,0,0,0,0,422,1569,0,0,422,1569,California
Monterey,2020-12-21,720,2289,720,2289,0,0,0,0,720,2289,0,0,720,2289,California
Monterey,2020-12-22,533,2822,520,2809,13,13,0,0,533,2822,0,0,533,2822,California
Monterey,2020-12-23,436,3258,260,3069,176,189,0,0,436,3258,0,0,436,3258,California
Monterey,2020-12-24,84,3342,10,3079,74,263,0,0,84,3342,0,0,84,3342,California
Monterey,2020-12-25,6,3348,0,3079,6,269,0,0,6,3348,0,0,6,3348,California
Monterey,2020-12-26,92,3440,5,3084,87,356,0,0,92,3440,0,0,92,3440,California
Monterey,2020-12-27,7,3447,4,3088,3,359,0,0,7,3447,0,0,7,3447,California
Monterey,2020-12-28,477,3924,25,3113,452,811,0,0,477,3924,0,0,477,3924,California
Monterey,2020-12-29,900,4824,167,3280,733,1544,0,0,900,4824,0,0,900,4824,California
Monterey,2020-12-30,569,5393,99,3379,470,2014,0,0,569,5393,0,0,569,5393,California
Monterey,2020-12-31,35,5428,11,3390,24,2038,0,0,35,5428,0,0,35,5428,California
Monterey,2021-01-01,11,5439,2,3392,9,2047,0,0,11,5439,0,0,11,5439,California
Monterey,2021-01-02,137,5576,134,3526,3,2050,0,0,137,5576,0,0,137,5576,California
Monterey,2021-01-03,30,5606,29,3555,1,2051,0,0,30,5606,0,0,30,5606,California
Monterey,2021-01-04,410,6016,18,3573,392,2443,0,0,410,6016,0,0,410,6016,California
Monterey,2021-01-05,750,6766,326,3899,424,2867,0,0,736,6738,14,14,736,6752,California
Monterey,2021-01-06,655,7421,172,4071,483,3350,0,0,633,7349,22,36,633,7385,California
Monterey,2021-01-07,743,8164,570,4641,173,3523,0,0,419,7446,322,358,419,7804,California
Monterey,2021-01-08,1085,9249,733,5374,352,3875,0,0,393,7147,692,1050,393,8197,California
Monterey,2021-01-09,963,10212,935,6309,28,3903,0,0,313,6810,650,1700,313,8510,California
Monterey,2021-01-10,273,10485,270,6579,3,3906,0,0,8,6553,265,1965,8,8518,California
Monterey,2021-01-11,1066,11551,985,7564,81,3987,0,0,362,6211,704,2669,362,8880,California
Monterey,2021-01-12,464,12015,387,7951,77,4064,0,0,203,6153,261,2930,203,9083,California
Monterey,2021-01-13,1217,13232,590,8541,627,4691,0,0,1173,7282,44,2974,1173,10256,California
Monterey,2021-01-14,1047,14279,93,8634,954,5645,0,0,1029,8296,18,2992,1032,11288,California
Monterey,2021-01-15,1043,15322,43,8677,1000,6645,0,0,1030,9313,13,3005,1030,12318,California
Monterey,2021-01-16,361,15683,298,8975,63,6708,0,0,356,9664,5,3010,356,12674,California
Monterey,2021-01-17,309,15992,288,9263,21,6729,0,0,296,9947,13,3023,296,12970,California
Monterey,2021-01-18,401,16393,50,9313,351,7080,0,0,380,10306,21,3044,380,13350,California
Monterey,2021-01-19,575,16968,394,9707,181,7261,0,0,416,10565,157,3201,416,13766,California
Monterey,2021-01-20,532,17500,269,9976,263,7524,0,0,325,10683,207,3408,325,14091,California
Monterey,2021-01-21,839,18339,93,10069,746,8270,0,0,729,11306,110,3518,733,14824,California
Monterey,2021-01-22,1046,19385,191,10260,855,9125,0,0,1007,12274,39,3557,1007,15831,California
Monterey,2021-01-23,240,19625,174,10434,66,9191,0,0,117,12270,122,3679,118,15949,California
Monterey,2021-01-24,56,19681,38,10472,18,9209,0,0,22,12258,34,3713,22,15971,California
Monterey,2021-01-25,783,20464,173,10645,610,9819,0,0,156,11794,620,4333,156,16127,California
Monterey,2021-01-26,924,21388,221,10866,703,10522,0,0,233,11336,691,5024,233,16360,California
Monterey,2021-01-27,858,22246,307,11173,551,11073,0,0,376,11230,482,5506,376,16736,California
Monterey,2021-01-28,2008,24254,736,11909,1272,12345,0,0,1667,12558,341,5847,1669,18405,California
Monterey,2021-01-29,1224,25478,704,12613,520,12865,0,0,1109,13554,114,5961,1110,19515,California
Monterey,2021-01-30,432,25910,285,12898,147,13012,0,0,181,13484,251,6212,181,19696,California
Monterey,2021-01-31,493,26403,71,12969,422,13434,0,0,484,13960,9,6221,485,20181,California
Monterey,2021-02-01,1658,28061,1146,14115,512,13946,0,0,1096,14495,561,6782,1096,21277,California
Monterey,2021-02-02,2149,30210,454,14569,1695,15641,0,0,1541,15429,607,7389,1541,22818,California
Monterey,2021-02-03,2328,32538,1046,15615,1282,16923,0,0,1552,16210,771,8160,1552,24370,California
Monterey,2021-02-04,2699,35237,2020,17635,679,17602,0,0,2438,18389,259,8419,2438,26808,California
Monterey,2021-02-05,3638,38875,2819,20454,819,18421,0,0,3207,21170,426,8845,3207,30015,California
Monterey,2021-02-06,1097,39972,380,20834,717,19138,0,0,756,21587,339,9184,756,30771,California
Monterey,2021-02-07,314,40286,270,21104,44,19182,0,0,95,21463,219,9403,95,30866,California
Monterey,2021-02-08,515,40801,289,21393,226,19408,0,0,429,21806,86,9489,429,31295,California
Monterey,2021-02-09,855,41656,672,22065,183,19591,0,0,545,22043,310,9799,547,31842,California
Monterey,2021-02-10,2012,43668,1043,23108,969,20560,0,0,1162,22355,850,10649,1162,33004,California
Monterey,2021-02-11,2490,46158,964,24072,1526,22086,0,0,1538,22945,950,11599,1540,34544,California
Monterey,2021-02-12,2581,48739,426,24498,2155,24241,0,0,1520,23405,1060,12659,1520,36064,California
Monterey,2021-02-13,1068,49807,50,24548,1018,25259,0,0,977,24291,91,12750,977,37041,California
Monterey,2021-02-14,590,50397,73,24621,517,25776,0,0,517,24735,73,12823,517,37558,California
Monterey,2021-02-15,1367,51764,161,24782,1206,26982,0,0,993,25357,372,13195,994,38552,California
Monterey,2021-02-16,1086,52850,243,25025,843,27825,0,0,864,25999,222,13417,864,39416,California
Monterey,2021-02-17,1934,54784,1161,26186,773,28598,0,0,1636,27342,296,13713,1639,41055,California
Monterey,2021-02-18,2222,57006,1175,27361,1047,29645,0,0,907,26946,1305,15018,909,41964,California
Monterey,2021-02-19,2930,59936,1529,28890,1401,31046,0,0,1342,26700,1588,16606,1342,43306,California
Monterey,2021-02-20,1002,60938,603,29493,399,31445,0,0,950,27599,51,16657,950,44256,California
Monterey,2021-02-21,1238,62176,1210,30703,28,31473,0,0,1169,28700,68,16725,1169,45425,California
Monterey,2021-02-22,974,63150,843,31546,131,31604,0,0,642,29011,331,17056,642,46067,California
Monterey,2021-02-23,948,64098,616,32162,332,31936,0,0,299,28663,648,17704,300,46367,California
Monterey,2021-02-24,2455,66553,1311,33473,1144,33080,0,0,1846,29905,605,18309,1847,48214,California
Monterey,2021-02-25,4325,70878,2376,35849,1949,35029,0,0,1432,28452,2886,21195,1433,49647,California
Monterey,2021-02-26,5245,76123,3080,38929,2165,37194,0,0,2623,28458,2618,23813,2624,52271,California
Monterey,2021-02-27,994,77117,182,39111,812,38006,0,0,805,29078,185,23998,805,53076,California
Monterey,2021-02-28,1527,78644,81,39192,1446,39452,0,0,1066,29688,456,24454,1066,54142,California
Monterey,2021-03-01,1274,79918,137,39329,1134,40586,3,3,742,29903,530,24984,745,54887,California
Monterey,2021-03-02,2714,82632,1712,41041,1002,41588,0,3,1869,30931,841,25825,1869,56756,California
Monterey,2021-03-03,3187,85819,1236,42277,1951,43539,0,3,1298,30343,1887,27712,1299,58055,California
Monterey,2021-03-04,4544,90363,1465,43742,3079,46618,0,3,2979,31761,1561,29273,2979,61034,California
Monterey,2021-03-05,3254,93617,1419,45161,1559,48177,276,279,2626,34036,627,29900,2902,63936,California
Monterey,2021-03-06,4991,98608,1065,46226,3624,51801,302,581,4089,37526,899,30799,4389,68325,California
Monterey,2021-03-07,522,99130,108,46334,168,51969,246,827,234,37716,288,31087,478,68803,California
Monterey,2021-03-08,1622,100752,325,46659,940,52909,357,1184,1116,38681,506,31593,1471,70274,California
Monterey,2021-03-09,1900,102652,674,47333,950,53859,276,1460,1413,39882,486,32079,1687,71961,California
Monterey,2021-03-10,2907,105559,869,48202,1553,55412,485,1945,1356,40178,1545,33624,1841,73802,California
Monterey,2021-03-11,4096,109655,1401,49603,2323,57735,372,2317,2336,41133,1753,35377,2708,76510,California
Monterey,2021-03-12,4244,113899,2014,51617,2117,59852,113,2430,2598,42199,1644,37021,2710,79220,California
Monterey,2021-03-13,5188,119087,960,52577,3882,63734,346,2776,3891,45139,1297,38318,4237,83457,California
Monterey,2021-03-14,2148,121235,1326,53903,798,64532,24,2800,579,44184,1558,39876,603,84060,California
Monterey,2021-03-15,3936,125171,1263,55166,2383,66915,290,3090,2252,45045,1680,41556,2541,86601,California
Monterey,2021-03-16,3468,128639,569,55735,2527,69442,372,3462,2066,46081,1401,42957,2437,89038,California
Monterey,2021-03-17,5660,134299,2306,58041,3105,72547,249,3711,4080,48844,1572,44529,4335,93373,California
Monterey,2021-03-18,4344,138643,2151,60192,2026,74573,167,3878,3000,50712,1339,45868,3207,96580,California
Monterey,2021-03-19,5343,143986,2539,62731,2662,77235,142,4020,4080,53676,1258,47126,4222,100802,California
Monterey,2021-03-20,3246,147232,420,63151,2132,79367,694,4714,2168,55465,1073,48199,2862,103664,California
Monterey,2021-03-21,620,147852,199,63350,413,79780,8,4722,555,55963,64,48263,562,104226,California
Monterey,2021-03-22,2450,150302,1426,64776,963,80743,61,4783,2248,58072,199,48462,2308,106534,California
Monterey,2021-03-23,3959,154261,2343,67119,1574,82317,42,4825,2507,59174,1447,49909,2549,109083,California
Monterey,2021-03-24,4955,159216,2071,69190,2575,84892,309,5134,3619,61768,1333,51242,3927,113010,California
Monterey,2021-03-25,5141,164357,1206,70396,3579,88471,356,5490,2587,62166,2546,53788,2944,115954,California
Monterey,2021-03-26,5279,169636,2595,72991,2618,91089,66,5556,2840,62644,2430,56218,2908,118862,California
Monterey,2021-03-27,4718,174354,1410,74401,3052,94141,256,5812,3011,64208,1703,57921,3267,122129,California
Monterey,2021-03-28,1111,175465,337,74738,766,94907,8,5820,631,64371,476,58397,639,122768,California
Monterey,2021-03-29,3162,178627,1402,76140,1746,96653,14,5834,1950,65132,1206,59603,1967,124735,California
Monterey,2021-03-30,4431,183058,2130,78270,2260,98913,41,5875,2746,66250,1674,61277,2792,127527,California
Monterey,2021-03-31,5278,188336,2372,80642,2115,101028,791,6666,3324,68417,1950,63227,4117,131644,California
Monterey,2021-04-01,6021,194357,2069,82711,3547,104575,405,7071,3025,68864,2983,66210,3430,135074,California
Monterey,2021-04-02,4671,199028,2253,84964,2357,106932,61,7132,3298,70855,1370,67580,3361,138435,California
Monterey,2021-04-03,5533,204561,1114,86078,3508,110440,911,8043,1201,68646,4318,71898,2109,140544,California
Monterey,2021-04-04,760,205321,164,86242,583,111023,13,8056,492,68885,268,72166,507,141051,California
Monterey,2021-04-05,4018,209339,2514,88756,1277,112300,227,8283,1543,68185,2470,74636,1770,142821,California
Monterey,2021-04-06,3076,212415,1308,90064,1300,113600,468,8751,1120,67821,1951,76587,1587,144408,California
Monterey,2021-04-07,5461,217876,1402,91466,3555,117155,504,9255,2697,68268,2753,79340,3200,147608,California
Monterey,2021-04-08,6350,224226,3457,94923,2101,119256,792,10047,3170,69056,3174,82514,3962,151570,California
Monterey,2021-04-09,5505,229731,3361,98284,1514,120770,630,10677,2232,68649,3267,85781,2860,154430,California
Monterey,2021-04-10,9748,239479,4933,103217,2696,123466,2119,12796,4932,70891,4808,90589,7050,161480,California
Monterey,2021-04-11,5438,244917,4274,107491,566,124032,598,13394,4397,74850,1035,91624,4994,166474,California
Monterey,2021-04-12,3985,248902,1841,109332,1856,125888,288,13682,890,73063,2965,94589,1178,167652,California
Monterey,2021-04-13,3106,252008,713,110045,2389,128277,4,13686,1486,72954,1599,96188,1490,169142,California
Monterey,2021-04-14,6390,258398,3031,113076,3357,131634,2,13688,1695,69968,4683,100871,1697,170839,California
Monterey,2021-04-15,5326,263724,3535,116611,1791,133425,0,13688,3484,71642,1812,102683,3486,174325,California
Monterey,2021-04-16,4598,268322,2333,118944,2252,135677,13,13701,2134,71339,2451,105134,2148,176473,California
Monterey,2021-04-17,2775,271097,1293,120237,1482,137159,0,13701,2105,72777,667,105801,2105,178578,California
Monterey,2021-04-18,830,271927,258,120495,572,137731,0,13701,240,72431,586,106387,240,178818,California
Monterey,2021-04-19,3526,275453,1193,121688,2333,140064,0,13701,1662,72235,1858,108245,1662,180480,California
Monterey,2021-04-20,2287,277740,1337,123025,950,141014,0,13701,1018,71989,1266,109511,1020,181500,California
Napa,2020-12-16,12,12,12,12,0,0,0,0,12,12,0,0,12,12,California
Napa,2020-12-17,44,56,44,56,0,0,0,0,44,56,0,0,44,56,California
Napa,2020-12-18,102,158,102,158,0,0,0,0,102,158,0,0,102,158,California
Napa,2020-12-19,221,379,221,379,0,0,0,0,221,379,0,0,221,379,California
Napa,2020-12-20,189,568,189,568,0,0,0,0,189,568,0,0,189,568,California
Napa,2020-12-21,309,877,309,877,0,0,0,0,310,878,0,0,310,878,California
Napa,2020-12-22,340,1217,331,1208,9,9,0,0,340,1218,0,0,340,1218,California
Napa,2020-12-23,428,1645,319,1527,109,118,0,0,428,1646,0,0,428,1646,California
Napa,2020-12-24,138,1783,77,1604,61,179,0,0,138,1784,0,0,138,1784,California
Napa,2020-12-25,1,1784,1,1605,0,179,0,0,1,1785,0,0,1,1785,California
Napa,2020-12-26,39,1823,11,1616,28,207,0,0,39,1824,0,0,39,1824,California
Napa,2020-12-27,32,1855,16,1632,16,223,0,0,32,1856,0,0,32,1856,California
Napa,2020-12-28,251,2106,185,1817,66,289,0,0,279,2135,0,0,279,2135,California
Napa,2020-12-29,273,2379,214,2031,59,348,0,0,307,2442,0,0,307,2442,California
Napa,2020-12-30,630,3009,486,2517,144,492,0,0,638,3080,0,0,638,3080,California
Napa,2020-12-31,461,3470,373,2890,88,580,0,0,461,3541,0,0,461,3541,California
Napa,2021-01-01,1,3471,1,2891,0,580,0,0,1,3542,0,0,1,3542,California
Napa,2021-01-02,98,3569,93,2984,5,585,0,0,98,3640,0,0,98,3640,California
Napa,2021-01-03,13,3582,11,2995,2,587,0,0,9,3649,0,0,9,3649,California
Napa,2021-01-04,107,3689,64,3059,43,630,0,0,107,3756,0,0,107,3756,California
Napa,2021-01-05,155,3844,85,3144,70,700,0,0,138,3870,24,24,138,3894,California
Napa,2021-01-06,455,4299,114,3258,341,1041,0,0,391,4199,62,86,391,4285,California
Napa,2021-01-07,496,4795,234,3492,262,1303,0,0,396,4496,99,185,396,4681,California
Napa,2021-01-08,442,5237,226,3718,216,1519,0,0,262,4579,179,364,262,4943,California
Napa,2021-01-09,325,5562,300,4018,25,1544,0,0,188,4630,137,501,188,5131,California
Napa,2021-01-10,185,5747,102,4120,83,1627,0,0,110,4665,75,576,110,5241,California
Napa,2021-01-11,880,6627,424,4544,456,2083,0,0,508,4801,373,949,509,5750,California
Napa,2021-01-12,1312,7939,370,4914,942,3025,0,0,997,5483,315,1264,997,6747,California
Napa,2021-01-13,1313,9252,264,5178,1049,4074,0,0,1151,6474,161,1425,1152,7899,California
Napa,2021-01-14,1051,10303,172,5350,879,4953,0,0,934,7293,115,1540,934,8833,California
Napa,2021-01-15,1452,11755,383,5733,1069,6022,0,0,1304,8442,156,1696,1305,10138,California
Napa,2021-01-16,355,12110,133,5866,222,6244,0,0,337,8761,18,1714,337,10475,California
Napa,2021-01-17,341,12451,176,6042,165,6409,0,0,331,9082,10,1724,331,10806,California
Napa,2021-01-18,1083,13534,197,6239,886,7295,0,0,992,9983,91,1815,992,11798,California
Napa,2021-01-19,1009,14543,406,6645,603,7898,0,0,766,10507,242,2057,766,12564,California
Napa,2021-01-20,825,15368,185,6830,640,8538,0,0,643,10970,180,2237,643,13207,California
Napa,2021-01-21,1333,16701,373,7203,960,9498,0,0,1078,11795,254,2491,1079,14286,California
Napa,2021-01-22,1539,18240,411,7614,1128,10626,0,0,1212,12682,326,2817,1213,15499,California
Napa,2021-01-23,398,18638,318,7932,80,10706,0,0,336,12956,62,2879,336,15835,California
Napa,2021-01-24,266,18904,189,8121,77,10783,0,0,208,13106,58,2937,208,16043,California
Napa,2021-01-25,1523,20427,231,8352,1292,12075,0,0,1433,14449,90,3027,1433,17476,California
Napa,2021-01-26,880,21307,282,8634,598,12673,0,0,786,15142,94,3121,787,18263,California
Napa,2021-01-27,625,21932,220,8854,405,13078,0,0,469,15456,156,3277,470,18733,California
Napa,2021-01-28,391,22323,178,9032,213,13291,0,0,199,15465,190,3467,199,18932,California
Napa,2021-01-29,254,22577,65,9097,189,13480,0,0,159,15529,95,3562,159,19091,California
Napa,2021-01-30,804,23381,695,9792,109,13589,0,0,640,16005,164,3726,640,19731,California
Napa,2021-01-31,655,24036,625,10417,30,13619,0,0,629,16608,26,3752,629,20360,California
Napa,2021-02-01,315,24351,110,10527,205,13824,0,0,162,16617,153,3905,162,20522,California
Napa,2021-02-02,591,24942,281,10808,310,14134,0,0,289,16607,299,4204,289,20811,California
Napa,2021-02-03,740,25682,309,11117,431,14565,0,0,431,16729,309,4513,431,21242,California
Napa,2021-02-04,789,26471,374,11491,415,14980,0,0,441,16824,346,4859,441,21683,California
Napa,2021-02-05,707,27178,314,11805,393,15373,0,0,340,16797,367,5226,340,22023,California
Napa,2021-02-06,433,27611,145,11950,288,15661,0,0,328,17020,105,5331,328,22351,California
Napa,2021-02-07,175,27786,162,12112,13,15674,0,0,71,16987,104,5435,71,22422,California
Napa,2021-02-08,834,28620,191,12303,643,16317,0,0,272,16700,559,5994,272,22694,California
Napa,2021-02-09,1075,29695,441,12744,634,16951,0,0,436,16497,639,6633,436,23130,California
Napa,2021-02-10,1716,31411,190,12934,1526,18477,0,0,448,15681,1265,7898,449,23579,California
Napa,2021-02-11,1496,32907,194,13128,1302,19779,0,0,411,15020,1073,8971,412,23991,California
Napa,2021-02-12,2155,35062,836,13964,1319,21098,0,0,720,14308,1432,10403,720,24711,California
Napa,2021-02-13,494,35556,52,14016,442,21540,0,0,312,14438,182,10585,312,25023,California
Napa,2021-02-14,356,35912,90,14106,266,21806,0,0,195,14472,161,10746,195,25218,California
Napa,2021-02-15,873,36785,183,14289,690,22496,0,0,221,14043,650,11396,221,25439,California
Napa,2021-02-16,1285,38070,597,14886,688,23184,0,0,611,13981,673,12069,611,26050,California
Napa,2021-02-17,1045,39115,529,15415,516,23700,0,0,479,13896,564,12633,479,26529,California
Napa,2021-02-18,1894,41009,484,15899,1410,25110,0,0,658,13321,1233,13866,658,27187,California
Napa,2021-02-19,1479,42488,585,16484,894,26004,0,0,677,13197,801,14667,677,27864,California
Napa,2021-02-20,819,43307,595,17079,224,26228,0,0,271,12920,548,15215,271,28135,California
Napa,2021-02-21,797,44104,735,17814,62,26290,0,0,195,12513,602,15817,195,28330,California
Napa,2021-02-22,440,44544,185,17999,255,26545,0,0,136,12345,304,16121,136,28466,California
Napa,2021-02-23,1126,45670,301,18300,825,27370,0,0,308,11835,818,16939,308,28774,California
Napa,2021-02-24,1157,46827,638,18938,519,27889,0,0,569,11819,586,17525,570,29344,California
Napa,2021-02-25,2534,49361,1210,20148,1324,29213,0,0,1822,12930,711,18236,1822,31166,California
Napa,2021-02-26,1496,50857,520,20668,976,30189,0,0,582,12600,912,19148,582,31748,California
Napa,2021-02-27,1116,51973,378,21046,738,30927,0,0,863,13213,250,19398,863,32611,California
Napa,2021-02-28,561,52534,460,21506,101,31028,0,0,461,13576,98,19496,461,33072,California
Napa,2021-03-01,1099,53633,814,22320,285,31313,0,0,832,14142,266,19762,832,33904,California
Napa,2021-03-02,1480,55113,1022,23342,458,31771,0,0,1146,14955,333,20095,1146,35050,California
Napa,2021-03-03,1537,56650,682,24024,855,32626,0,0,1353,16125,183,20278,1353,36403,California
Napa,2021-03-04,1702,58352,779,24803,923,33549,0,0,1464,17354,235,20513,1464,37867,California
Napa,2021-03-05,1889,60241,783,25586,1102,34651,4,4,1474,18419,413,20926,1478,39345,California
Napa,2021-03-06,640,60881,281,25867,328,34979,31,35,529,18870,109,21035,560,39905,California
Napa,2021-03-07,520,61401,319,26186,186,35165,15,50,369,19103,151,21186,384,40289,California
Napa,2021-03-08,694,62095,319,26505,322,35487,53,103,517,19498,175,21361,570,40859,California
Napa,2021-03-09,1627,63722,568,27073,1013,36500,46,149,1197,20314,427,21788,1243,42102,California
Napa,2021-03-10,1471,65193,914,27987,465,36965,92,241,772,20482,696,22484,864,42966,California
Napa,2021-03-11,1830,67023,1035,29022,667,37632,128,369,936,20654,892,23376,1064,44030,California
Napa,2021-03-12,1495,68518,909,29931,490,38122,96,465,794,20844,699,24075,889,44919,California
Napa,2021-03-13,1163,69681,300,30231,839,38961,24,489,827,21361,334,24409,851,45770,California
Napa,2021-03-14,612,70293,328,30559,136,39097,148,637,227,21352,384,24793,375,46145,California
Napa,2021-03-15,942,71235,402,30961,471,39568,69,706,476,21433,464,25257,545,46690,California
Napa,2021-03-16,1831,73066,386,31347,1319,40887,126,832,1372,22477,455,25712,1499,48189,California
Napa,2021-03-17,2468,75534,1841,33188,448,41335,179,1011,1568,23324,900,26612,1747,49936,California
Napa,2021-03-18,2101,77635,914,34102,1177,42512,10,1021,1291,23817,808,27420,1301,51237,California
Napa,2021-03-19,1427,79062,855,34957,545,43057,27,1048,709,23838,715,28135,736,51973,California
Napa,2021-03-20,990,80052,526,35483,311,43368,153,1201,417,23837,571,28706,570,52543,California
Napa,2021-03-21,703,80755,681,36164,20,43388,2,1203,353,23843,349,29055,355,52898,California
Napa,2021-03-22,1081,81836,903,37067,167,43555,11,1214,476,23729,601,29656,487,53385,California
Napa,2021-03-23,1501,83337,811,37878,673,44228,17,1231,997,24241,502,30158,1014,54399,California
Napa,2021-03-24,1694,85031,937,38815,749,44977,8,1239,816,24188,877,31035,824,55223,California
Napa,2021-03-25,1601,86632,1040,39855,507,45484,54,1293,743,24128,857,31892,797,56020,California
Napa,2021-03-26,1257,87889,817,40672,434,45918,6,1299,560,24000,694,32586,566,56586,California
Napa,2021-03-27,944,88833,433,41105,484,46402,27,1326,313,23709,631,33217,340,56926,California
Napa,2021-03-28,482,89315,372,41477,103,46505,7,1333,182,23599,299,33516,189,57115,California
Napa,2021-03-29,1173,90488,855,42332,313,46818,5,1338,722,23876,450,33966,727,57842,California
Napa,2021-03-30,2392,92880,929,43261,1459,48277,4,1342,1612,24712,780,34746,1616,59458,California
Napa,2021-03-31,1957,94837,955,44216,933,49210,69,1411,814,24452,1141,35887,881,60339,California
Napa,2021-04-01,1706,96543,813,45029,778,49988,115,1526,472,23811,1229,37116,588,60927,California
Napa,2021-04-02,1815,98358,812,45841,861,50849,142,1668,450,23042,1361,38477,592,61519,California
Napa,2021-04-03,624,98982,362,46203,203,51052,59,1727,209,22894,415,38892,267,61786,California
Napa,2021-04-04,348,99330,139,46342,151,51203,58,1785,119,22843,228,39120,177,61963,California
Napa,2021-04-05,1264,100594,753,47095,292,51495,219,2004,573,22946,689,39809,792,62755,California
Napa,2021-04-06,2211,102805,558,47653,1398,52893,255,2259,532,22057,1676,41485,787,63542,California
Napa,2021-04-07,1703,104508,683,48336,799,53692,221,2480,519,21616,1181,42666,740,64282,California
Napa,2021-04-08,1820,106328,1054,49390,396,54088,370,2850,975,22119,841,43507,1344,65626,California
Napa,2021-04-09,1448,107776,884,50274,288,54376,276,3126,649,22246,797,44304,924,66550,California
Napa,2021-04-10,1028,108804,345,50619,583,54959,100,3226,237,21793,790,45094,337,66887,California
Napa,2021-04-11,384,109188,301,50920,62,55021,21,3247,158,21746,226,45320,179,67066,California
Napa,2021-04-12,766,109954,294,51214,352,55373,120,3367,290,21679,475,45795,408,67474,California
Napa,2021-04-13,2292,112246,833,52047,1459,56832,0,3367,881,21153,1407,47202,881,68355,California
Napa,2021-04-14,1934,114180,927,52974,1007,57839,0,3367,959,21144,968,48170,959,69314,California
Napa,2021-04-15,1447,115627,529,53503,918,58757,0,3367,783,21266,661,48831,783,70097,California
Napa,2021-04-16,2004,117631,721,54224,1283,60040,0,3367,1339,21942,663,49494,1339,71436,California
Napa,2021-04-17,1048,118679,275,54499,773,60813,0,3367,814,22523,233,49727,814,72250,California
Napa,2021-04-18,266,118945,172,54671,94,60907,0,3367,122,22502,143,49870,122,72372,California
Napa,2021-04-19,593,119538,327,54998,266,61173,0,3367,253,22416,339,50209,253,72625,California
Napa,2021-04-20,187,119725,96,55094,91,61264,0,3367,83,22396,103,50312,83,72708,California
Nevada,2020-12-16,3,3,3,3,0,0,0,0,3,3,0,0,3,3,California
Nevada,2020-12-17,6,9,6,9,0,0,0,0,6,9,0,0,6,9,California
Nevada,2020-12-18,51,60,51,60,0,0,0,0,51,60,0,0,51,60,California
Nevada,2020-12-19,55,115,55,115,0,0,0,0,55,115,0,0,55,115,California
Nevada,2020-12-20,12,127,12,127,0,0,0,0,12,127,0,0,12,127,California
Nevada,2020-12-21,69,196,69,196,0,0,0,0,69,196,0,0,69,196,California
Nevada,2020-12-22,91,287,89,285,2,2,0,0,91,287,0,0,91,287,California
Nevada,2020-12-23,234,521,202,487,32,34,0,0,234,521,0,0,234,521,California
Nevada,2020-12-24,13,534,11,498,2,36,0,0,13,534,0,0,13,534,California
Nevada,2020-12-25,3,537,3,501,0,36,0,0,3,537,0,0,3,537,California
Nevada,2020-12-26,6,543,4,505,2,38,0,0,6,543,0,0,6,543,California
Nevada,2020-12-27,88,631,88,593,0,38,0,0,88,631,0,0,88,631,California
Nevada,2020-12-28,170,801,93,686,77,115,0,0,170,801,0,0,170,801,California
Nevada,2020-12-29,100,901,74,760,26,141,0,0,100,901,0,0,100,901,California
Nevada,2020-12-30,86,987,66,826,20,161,0,0,86,987,0,0,86,987,California
Nevada,2020-12-31,39,1026,9,835,30,191,0,0,39,1026,0,0,39,1026,California
Nevada,2021-01-01,1,1027,0,835,1,192,0,0,1,1027,0,0,1,1027,California
Nevada,2021-01-02,1,1028,1,836,0,192,0,0,1,1028,0,0,1,1028,California
Nevada,2021-01-03,129,1157,126,962,3,195,0,0,129,1157,0,0,129,1157,California
Nevada,2021-01-04,71,1228,47,1009,24,219,0,0,71,1228,0,0,71,1228,California
Nevada,2021-01-05,271,1499,130,1139,141,360,0,0,270,1497,1,1,270,1498,California
Nevada,2021-01-06,91,1590,43,1182,48,408,0,0,83,1572,8,9,83,1581,California
Nevada,2021-01-07,215,1805,43,1225,172,580,0,0,208,1775,6,15,209,1790,California
Nevada,2021-01-08,220,2025,126,1351,94,674,0,0,169,1893,51,66,169,1959,California
Nevada,2021-01-09,63,2088,56,1407,7,681,0,0,15,1860,48,114,15,1974,California
Nevada,2021-01-10,17,2105,9,1416,8,689,0,0,9,1861,8,122,9,1983,California
Nevada,2021-01-11,185,2290,131,1547,54,743,0,0,57,1790,128,250,57,2040,California
Nevada,2021-01-12,597,2887,451,1998,146,889,0,0,531,2255,66,316,531,2571,California
Nevada,2021-01-13,259,3146,146,2144,113,1002,0,0,124,2244,135,451,124,2695,California
Nevada,2021-01-14,232,3378,124,2268,108,1110,0,0,214,2441,17,468,214,2909,California
Nevada,2021-01-15,392,3770,168,2436,224,1334,0,0,294,2637,98,566,294,3203,California
Nevada,2021-01-16,296,4066,15,2451,281,1615,0,0,292,2925,4,570,292,3495,California
Nevada,2021-01-17,35,4101,31,2482,4,1619,0,0,33,2956,2,572,33,3528,California
Nevada,2021-01-18,149,4250,40,2522,109,1728,0,0,140,3087,9,581,140,3668,California
Nevada,2021-01-19,234,4484,85,2607,149,1877,0,0,215,3283,19,600,215,3883,California
Nevada,2021-01-20,258,4742,153,2760,105,1982,0,0,245,3515,13,613,245,4128,California
Nevada,2021-01-21,336,5078,207,2967,129,2111,0,0,323,3825,13,626,323,4451,California
Nevada,2021-01-22,343,5421,209,3176,134,2245,0,0,312,4106,31,657,312,4763,California
Nevada,2021-01-23,177,5598,104,3280,73,2318,0,0,177,4283,0,657,177,4940,California
Nevada,2021-01-24,105,5703,98,3378,7,2325,0,0,66,4310,39,696,66,5006,California
Nevada,2021-01-25,265,5968,137,3515,128,2453,0,0,204,4453,61,757,204,5210,California
Nevada,2021-01-26,400,6368,141,3656,259,2712,0,0,298,4649,102,859,298,5508,California
Nevada,2021-01-27,412,6780,245,3901,167,2879,0,0,388,5013,24,883,388,5896,California
Nevada,2021-01-28,460,7240,315,4216,145,3024,0,0,417,5388,42,925,417,6313,California
Nevada,2021-01-29,597,7837,391,4607,206,3230,0,0,574,5940,23,948,575,6888,California
Nevada,2021-01-30,231,8068,104,4711,127,3357,0,0,228,6165,3,951,228,7116,California
Nevada,2021-01-31,103,8171,87,4798,16,3373,0,0,103,6268,0,951,103,7219,California
Nevada,2021-02-01,290,8461,71,4869,219,3592,0,0,276,6530,14,965,276,7495,California
Nevada,2021-02-02,511,8972,173,5042,338,3930,0,0,323,6665,188,1153,323,7818,California
Nevada,2021-02-03,809,9781,569,5611,240,4170,0,0,757,7371,51,1204,757,8575,California
Nevada,2021-02-04,737,10518,391,6002,346,4516,0,0,489,7613,247,1451,489,9064,California
Nevada,2021-02-05,641,11159,363,6365,278,4794,0,0,453,7880,186,1637,453,9517,California
Nevada,2021-02-06,268,11427,82,6447,186,4980,0,0,241,8094,27,1664,241,9758,California
Nevada,2021-02-07,244,11671,191,6638,53,5033,0,0,190,8230,54,1718,190,9948,California
Nevada,2021-02-08,651,12322,408,7046,243,5276,0,0,552,8683,99,1817,552,10500,California
Nevada,2021-02-09,600,12922,336,7382,264,5540,0,0,462,9007,138,1955,462,10962,California
Nevada,2021-02-10,646,13568,322,7704,324,5864,0,0,417,9196,229,2184,418,11380,California
Nevada,2021-02-11,868,14436,502,8206,366,6230,0,0,540,9409,327,2511,540,11920,California
Nevada,2021-02-12,926,15362,434,8640,492,6722,0,0,612,9708,313,2824,612,12532,California
Nevada,2021-02-13,593,15955,233,8873,360,7082,0,0,386,9892,203,3027,387,12919,California
Nevada,2021-02-14,228,16183,119,8992,109,7191,0,0,200,10064,28,3055,200,13119,California
Nevada,2021-02-15,703,16886,438,9430,265,7456,0,0,534,10429,169,3224,534,13653,California
Nevada,2021-02-16,611,17497,197,9627,414,7870,0,0,451,10721,159,3383,451,14104,California
Nevada,2021-02-17,1178,18675,762,10389,416,8286,0,0,858,11259,320,3703,858,14962,California
Nevada,2021-02-18,997,19672,545,10934,452,8738,0,0,597,11457,399,4102,597,15559,California
Nevada,2021-02-19,1004,20676,629,11563,375,9113,0,0,650,11754,354,4456,651,16210,California
Nevada,2021-02-20,296,20972,104,11667,192,9305,0,0,173,11805,122,4578,173,16383,California
Nevada,2021-02-21,88,21060,83,11750,5,9310,0,0,8,11733,80,4658,8,16391,California
Nevada,2021-02-22,491,21551,327,12077,164,9474,0,0,346,11935,144,4802,346,16737,California
Nevada,2021-02-23,464,22015,217,12294,247,9721,0,0,205,11884,256,5058,205,16942,California
Nevada,2021-02-24,470,22485,233,12527,237,9958,0,0,248,11912,222,5280,250,17192,California
Nevada,2021-02-25,858,23343,464,12991,394,10352,0,0,433,11922,423,5703,433,17625,California
Nevada,2021-02-26,1232,24575,880,13871,352,10704,0,0,409,11511,820,6523,409,18034,California
Nevada,2021-02-27,352,24927,110,13981,242,10946,0,0,182,11523,170,6693,182,18216,California
Nevada,2021-02-28,265,25192,153,14134,112,11058,0,0,124,11507,140,6833,124,18340,California
Nevada,2021-03-01,812,26004,420,14554,392,11450,0,0,349,11394,462,7295,349,18689,California
Nevada,2021-03-02,700,26704,258,14812,442,11892,0,0,477,11652,219,7514,477,19166,California
Nevada,2021-03-03,958,27662,487,15299,470,12362,1,1,489,11674,468,7982,490,19656,California
Nevada,2021-03-04,1092,28754,609,15908,483,12845,0,1,462,11509,627,8609,462,20118,California
Nevada,2021-03-05,811,29565,455,16363,346,13191,10,11,357,11424,452,9061,367,20485,California
Nevada,2021-03-06,354,29919,118,16481,209,13400,27,38,142,11381,212,9273,169,20654,California
Nevada,2021-03-07,209,30128,110,16591,80,13480,19,57,68,11327,141,9414,87,20741,California
Nevada,2021-03-08,802,30930,538,17129,219,13699,45,102,356,11284,445,9859,402,21143,California
Nevada,2021-03-09,658,31588,315,17444,293,13992,50,152,358,11393,298,10157,407,21550,California
Nevada,2021-03-10,951,32539,602,18046,292,14284,57,209,317,11136,631,10788,374,21924,California
Nevada,2021-03-11,1090,33629,718,18764,347,14631,25,234,538,11154,545,11333,563,22487,California
Nevada,2021-03-12,1185,34814,722,19486,433,15064,30,264,503,11006,680,12013,532,23019,California
Nevada,2021-03-13,262,35076,51,19537,206,15270,5,269,93,10935,168,12181,97,23116,California
Nevada,2021-03-14,153,35229,21,19558,127,15397,5,274,33,10853,120,12301,38,23154,California
Nevada,2021-03-15,836,36065,454,20012,370,15767,12,286,355,10742,478,12779,367,23521,California
Nevada,2021-03-16,990,37055,462,20474,467,16234,61,347,643,11100,346,13125,704,24225,California
Nevada,2021-03-17,1012,38067,450,20924,552,16786,10,357,584,11269,425,13550,594,24819,California
Nevada,2021-03-18,962,39029,525,21449,414,17200,23,380,473,11280,485,14035,496,25315,California
Nevada,2021-03-19,748,39777,436,21885,280,17480,32,412,350,11267,395,14430,382,25697,California
Nevada,2021-03-20,819,40596,93,21978,303,17783,423,835,232,11338,581,15011,652,26349,California
Nevada,2021-03-21,58,40654,31,22009,26,17809,1,836,40,11362,17,15028,41,26390,California
Nevada,2021-03-22,798,41452,514,22523,279,18088,5,841,541,11652,256,15284,546,26936,California
Nevada,2021-03-23,849,42301,382,22905,441,18529,26,867,641,12114,205,15489,667,27603,California
Nevada,2021-03-24,1017,43318,539,23444,471,19000,7,874,650,12408,363,15852,657,28260,California
Nevada,2021-03-25,891,44209,448,23892,417,19417,26,900,489,12520,401,16253,513,28773,California
Nevada,2021-03-26,1137,45346,431,24323,669,20086,37,937,825,13073,309,16562,862,29635,California
Nevada,2021-03-27,558,45904,69,24392,473,20559,16,953,379,13289,179,16741,395,30030,California
Nevada,2021-03-28,173,46077,49,24441,111,20670,13,966,38,13207,133,16874,51,30081,California
Nevada,2021-03-29,821,46898,503,24944,296,20966,22,988,394,13198,424,17298,415,30496,California
Nevada,2021-03-30,1039,47937,471,25415,534,21500,34,1022,540,13281,491,17789,574,31070,California
Nevada,2021-03-31,1173,49110,665,26080,491,21991,17,1039,705,13543,459,18248,721,31791,California
Nevada,2021-04-01,1228,50338,720,26800,455,22446,53,1092,549,13470,675,18923,602,32393,California
Nevada,2021-04-02,1280,51618,656,27456,588,23034,36,1128,764,13757,513,19436,800,33193,California
Nevada,2021-04-03,284,51902,86,27542,160,23194,38,1166,79,13670,204,19640,117,33310,California
Nevada,2021-04-04,128,52030,42,27584,79,23273,7,1173,78,13705,50,19690,85,33395,California
Nevada,2021-04-05,934,52964,614,28198,302,23575,18,1191,627,14046,304,19994,645,34040,California
Nevada,2021-04-06,1066,54030,661,28859,262,23837,143,1334,472,14073,588,20582,615,34655,California
Nevada,2021-04-07,1133,55163,809,29668,242,24079,82,1416,602,14231,525,21107,683,35338,California
Nevada,2021-04-08,1271,56434,893,30561,296,24375,82,1498,709,14463,559,21666,791,36129,California
Nevada,2021-04-09,1155,57589,780,31341,307,24682,68,1566,799,14974,356,22022,867,36996,California
Nevada,2021-04-10,258,57847,80,31421,102,24784,76,1642,114,15021,143,22165,190,37186,California
Nevada,2021-04-11,94,57941,31,31452,59,24843,4,1646,35,15001,59,22224,39,37225,California
Nevada,2021-04-12,665,58606,477,31929,179,25022,9,1655,284,14916,378,22602,293,37518,California
Nevada,2021-04-13,848,59454,337,32266,511,25533,0,1655,452,14974,394,22996,452,37970,California
Nevada,2021-04-14,956,60410,494,32760,462,25995,0,1655,491,15008,457,23453,491,38461,California
Nevada,2021-04-15,897,61307,607,33367,290,26285,0,1655,496,15111,393,23846,496,38957,California
Nevada,2021-04-16,867,62174,668,34035,199,26484,0,1655,502,15249,364,24210,502,39459,California
Nevada,2021-04-17,183,62357,51,34086,132,26616,0,1655,83,15233,99,24309,83,39542,California
Nevada,2021-04-18,176,62533,19,34105,157,26773,0,1655,96,15251,78,24387,96,39638,California
Nevada,2021-04-19,597,63130,348,34453,249,27022,0,1655,272,15205,318,24705,272,39910,California
Nevada,2021-04-20,640,63770,244,34697,396,27418,0,1655,231,15032,404,25109,231,40141,California
Orange,2020-12-15,16,16,16,16,0,0,0,0,16,16,0,0,16,16,California
Orange,2020-12-16,367,383,367,383,0,0,0,0,367,383,0,0,367,383,California
Orange,2020-12-17,3716,4099,3716,4099,0,0,0,0,3715,4098,0,0,3715,4098,California
Orange,2020-12-18,5037,9136,5030,9129,7,7,0,0,5036,9134,0,0,5036,9134,California
Orange,2020-12-19,2224,11360,2217,11346,7,14,0,0,2223,11357,0,0,2223,11357,California
Orange,2020-12-20,1975,13335,1973,13319,2,16,0,0,1976,13333,0,0,1976,13333,California
Orange,2020-12-21,4240,17575,4234,17553,6,22,0,0,4240,17573,0,0,4240,17573,California
Orange,2020-12-22,3975,21550,3942,21495,33,55,0,0,3975,21548,0,0,3975,21548,California
Orange,2020-12-23,3553,25103,3199,24694,354,409,0,0,3555,25103,0,0,3555,25103,California
Orange,2020-12-24,1374,26477,1078,25772,296,705,0,0,1374,26477,0,0,1374,26477,California
Orange,2020-12-25,17,26494,12,25784,5,710,0,0,17,26494,0,0,17,26494,California
Orange,2020-12-26,1020,27514,422,26206,598,1308,0,0,1020,27514,0,0,1020,27514,California
Orange,2020-12-27,580,28094,275,26481,305,1613,0,0,580,28094,0,0,580,28094,California
Orange,2020-12-28,3535,31629,2564,29045,971,2584,0,0,3535,31629,0,0,3535,31629,California
Orange,2020-12-29,3559,35188,2561,31606,998,3582,0,0,3558,35186,1,1,3558,35187,California
Orange,2020-12-30,5121,40309,3555,35161,1566,5148,0,0,5121,40307,0,1,5121,40308,California
Orange,2020-12-31,1453,41762,757,35918,696,5844,0,0,1453,41760,0,1,1453,41761,California
Orange,2021-01-01,463,42225,254,36172,209,6053,0,0,462,42221,1,2,462,42223,California
Orange,2021-01-02,1400,43625,893,37065,507,6560,0,0,1400,43621,0,2,1400,43623,California
Orange,2021-01-03,569,44194,315,37380,254,6814,0,0,569,44190,0,2,569,44192,California
Orange,2021-01-04,2713,46907,1555,38935,1158,7972,0,0,2714,46903,1,3,2714,46906,California
Orange,2021-01-05,3503,50410,2284,41219,1219,9191,0,0,3096,49599,403,406,3099,50005,California
Orange,2021-01-06,4981,55391,3462,44681,1519,10710,0,0,3609,51849,1359,1765,3609,53614,California
Orange,2021-01-07,9236,64627,5149,49830,4087,14797,0,0,5674,53977,3549,5314,5677,59291,California
Orange,2021-01-08,9373,74000,5236,55066,4137,18934,0,0,5633,55882,3730,9044,5635,64926,California
Orange,2021-01-09,4986,78986,1733,56799,3253,22187,0,0,3708,58312,1278,10322,3708,68634,California
Orange,2021-01-10,4230,83216,1040,57839,3190,25377,0,0,3351,60789,878,11200,3355,71989,California
Orange,2021-01-11,9421,92637,4886,62725,4535,29912,0,0,5811,62988,3613,14813,5812,77801,California
Orange,2021-01-12,8787,101424,4707,67432,4080,33992,0,0,5330,64864,3455,18268,5331,83132,California
Orange,2021-01-13,10212,111636,4888,72320,5324,39316,0,0,7020,68703,3188,21456,7027,90159,California
Orange,2021-01-14,9944,121580,3765,76085,6179,45495,0,0,8358,75482,1584,23040,8363,98522,California
Orange,2021-01-15,10143,131723,2615,78700,7528,53023,0,0,9271,83878,880,23920,9276,107798,California
Orange,2021-01-16,8699,140422,2090,80790,6609,59632,0,0,8314,91811,385,24305,8318,116116,California
Orange,2021-01-17,8148,148570,1486,82276,6662,66294,0,0,8003,99678,145,24450,8012,124128,California
Orange,2021-01-18,9738,158308,4453,86729,5285,71579,0,0,7498,104935,2243,26693,7500,131628,California
Orange,2021-01-19,7465,165773,5405,92134,2060,73639,0,0,4840,107151,2625,29318,4841,136469,California
Orange,2021-01-20,8256,174029,5807,97941,2449,76088,0,0,5208,109316,3049,32367,5214,141683,California
Orange,2021-01-21,10832,184861,4808,102749,6024,82112,0,0,10045,118583,786,33153,10053,151736,California
Orange,2021-01-22,13557,198418,5073,107822,8484,90596,0,0,12731,130504,818,33971,12739,164475,California
Orange,2021-01-23,13105,211523,6167,113989,6938,97534,0,0,12136,141681,967,34938,12144,176619,California
Orange,2021-01-24,9806,221329,4286,118275,5520,103054,0,0,9490,150860,314,35252,9493,186112,California
Orange,2021-01-25,10413,231742,5844,124119,4569,107623,0,0,7706,155869,2702,37954,7711,193823,California
Orange,2021-01-26,11852,243594,7692,131811,4160,111783,0,0,9713,163449,2135,40089,9715,203538,California
Orange,2021-01-27,13371,256965,7985,139796,5386,117169,0,0,10698,171489,2662,42751,10702,214240,California
Orange,2021-01-28,12985,269950,7177,146973,5808,122977,0,0,11137,180798,1835,44586,11144,225384,California
Orange,2021-01-29,13554,283504,8393,155366,5161,128138,0,0,10698,188665,2843,47429,10710,236094,California
Orange,2021-01-30,12919,296423,4444,159810,8475,136613,0,0,12191,200145,714,48143,12194,248288,California
Orange,2021-01-31,13708,310131,4940,164750,8768,145381,0,0,13272,212991,431,48574,13277,261565,California
Orange,2021-02-01,13990,324121,5759,170509,8231,153612,0,0,12010,223043,1962,50536,12014,273579,California
Orange,2021-02-02,15368,339489,8352,178861,7016,160628,0,0,12634,233054,2626,53162,12637,286216,California
Orange,2021-02-03,16700,356189,12554,191415,4146,164774,0,0,13702,243839,2921,56083,13706,299922,California
Orange,2021-02-04,19785,375974,12937,204352,6848,171622,0,0,14714,253521,5039,61122,14721,314643,California
Orange,2021-02-05,20711,396685,11991,216343,8720,180342,0,0,14455,261760,6218,67340,14457,329100,California
Orange,2021-02-06,16311,412996,10779,227122,5532,185874,0,0,11061,267805,5234,72574,11279,340379,California
Orange,2021-02-07,11516,424512,8099,235221,3417,189291,0,0,7542,271558,3959,76533,7712,348091,California
Orange,2021-02-08,14793,439305,8455,243676,6338,195629,0,0,8812,274422,5954,82487,8818,356909,California
Orange,2021-02-09,17618,456923,11997,255673,5621,201250,0,0,10727,278334,6819,89306,10731,367640,California
Orange,2021-02-10,20868,477791,11162,266835,9706,210956,0,0,12659,282885,8115,97421,12666,380306,California
Orange,2021-02-11,21950,499741,11368,278203,10582,221538,0,0,12351,285780,9474,106895,12369,392675,California
Orange,2021-02-12,24714,524455,11877,290080,12837,234375,0,0,14617,290358,10043,116938,14621,407296,California
Orange,2021-02-13,21983,546438,11890,301970,10093,244468,0,0,11127,291471,10656,127594,11769,419065,California
Orange,2021-02-14,16167,562605,6563,308533,9604,254072,0,0,9543,294415,6600,134194,9544,428609,California
Orange,2021-02-15,17201,579806,7386,315919,9815,263887,0,0,8875,295015,8284,142478,8884,437493,California
Orange,2021-02-16,19881,599687,8965,324884,10916,274803,0,0,10698,296592,9144,151622,10721,448214,California
Orange,2021-02-17,17777,617464,9315,334199,8462,283265,0,0,9166,297217,8571,160193,9196,457410,California
Orange,2021-02-18,14850,632314,9821,344020,5029,288294,0,0,6782,295982,8025,168218,6790,464200,California
Orange,2021-02-19,17817,650131,10721,354741,7096,295390,0,0,6880,291980,10893,179111,6891,471091,California
Orange,2021-02-20,7384,657515,5566,360307,1818,297208,0,0,3742,292109,3622,182733,3751,474842,California
Orange,2021-02-21,4309,661824,3634,363941,675,297883,0,0,771,289376,3505,186238,772,475614,California
Orange,2021-02-22,9586,671410,7831,371772,1755,299638,0,0,3879,287585,5684,191922,3893,479507,California
Orange,2021-02-23,13203,684613,7210,378982,5993,305631,0,0,3482,281409,9668,201590,3492,482999,California
Orange,2021-02-24,21045,705658,12748,391730,8297,313928,0,0,5357,271155,15630,217220,5376,488375,California
Orange,2021-02-25,22531,728189,12205,403935,10326,324254,0,0,7953,264612,14512,231732,7969,496344,California
Orange,2021-02-26,27575,755764,13973,417908,13602,337856,0,0,11092,259350,16378,248110,11116,507460,California
Orange,2021-02-27,24909,780673,10047,427955,14860,352716,2,2,7233,249020,17579,265689,7249,514709,California
Orange,2021-02-28,18983,799656,7340,435295,11643,364359,0,2,4786,239725,14099,279788,4804,519513,California
Orange,2021-03-01,18261,817917,8314,443609,9945,374304,2,4,7039,235620,11158,290946,7053,526566,California
Orange,2021-03-02,18596,836513,8804,452413,9791,384095,1,5,9123,235335,9436,300382,9151,535717,California
Orange,2021-03-03,20000,856513,9254,461667,10743,394838,3,8,10704,236833,9229,309611,10727,546444,California
Orange,2021-03-04,21988,878501,12694,474361,9281,404119,13,21,11431,237778,10524,320135,11469,557913,California
Orange,2021-03-05,20515,899016,10621,484982,9851,413970,43,64,12616,242633,7863,327998,12718,570631,California
Orange,2021-03-06,23637,922653,13017,497999,9759,423729,861,925,12479,244870,11130,339128,13367,583998,California
Orange,2021-03-07,14758,937411,8277,506276,6099,429828,382,1307,8612,247770,6114,345242,9014,593012,California
Orange,2021-03-08,16057,953468,7356,513632,7444,437272,1257,2564,10335,253702,5685,350927,11617,604629,California
Orange,2021-03-09,19559,973027,8490,522122,8643,445915,2426,4990,11242,259093,8281,359208,13672,618301,California
Orange,2021-03-10,23813,996840,11659,533781,9013,454928,3141,8131,12059,262588,11702,370910,15197,633498,California
Orange,2021-03-11,28697,1025537,15630,549411,8988,463916,4079,12210,13365,264776,15253,386163,17441,650939,California
Orange,2021-03-12,29075,1054612,14177,563588,11088,475004,3810,16020,14620,268845,14385,400548,18454,669393,California
Orange,2021-03-13,27585,1082197,10107,573695,13567,488571,3911,19931,13961,273142,13577,414125,17874,687267,California
Orange,2021-03-14,18739,1100936,8121,581816,8104,496675,2514,22445,11831,280605,6880,421005,14343,701610,California
Orange,2021-03-15,22889,1123825,10072,591888,12067,508742,750,23195,14302,287126,8527,429532,15048,716658,California
Orange,2021-03-16,26207,1150032,11070,602958,14918,523660,219,23414,17061,295339,9075,438607,17288,733946,California
Orange,2021-03-17,27069,1177101,13499,616457,13100,536760,470,23884,19355,307510,7654,446261,19825,753771,California
Orange,2021-03-18,27487,1204588,13832,630289,13384,550144,271,24155,21440,323233,5990,452251,21713,775484,California
Orange,2021-03-19,33107,1237695,18182,648471,14498,564642,427,24582,24707,340075,8302,460553,25144,800628,California
Orange,2021-03-20,25557,1263252,13459,661930,11894,576536,204,24786,21888,358552,3614,464167,22091,822719,California
Orange,2021-03-21,18291,1281543,10639,672569,6924,583460,728,25514,15562,372132,2709,466876,16289,839008,California
Orange,2021-03-22,22523,1304066,11645,684214,10558,594018,320,25834,19083,388167,3375,470251,19410,858418,California
Orange,2021-03-23,25719,1329785,13372,697586,11719,605737,628,26462,20692,404526,4963,475214,21322,879740,California
Orange,2021-03-24,28797,1358582,16081,713667,11838,617575,878,27340,21886,420451,6838,482052,22763,902503,California
Orange,2021-03-25,31647,1390229,16754,730421,14234,631809,659,27999,23791,437116,7784,489836,24449,926952,California
Orange,2021-03-26,34318,1424547,17775,748196,15697,647506,846,28845,24812,453352,9421,499257,25657,952609,California
Orange,2021-03-27,28227,1452774,13490,761686,14423,661929,314,29159,19758,465028,8398,507655,20074,972683,California
Orange,2021-03-28,24621,1477395,12731,774417,11823,673752,67,29226,18605,477741,5962,513617,18675,991358,California
Orange,2021-03-29,26203,1503598,11982,786399,13672,687424,549,29775,17855,487866,8279,521896,18404,1009762,California
Orange,2021-03-30,30358,1533956,13753,800152,16224,703648,381,30156,21283,500514,9018,530914,21666,1031428,California
Orange,2021-03-31,36515,1570471,19115,819267,16820,720468,580,30736,23989,512641,12447,543361,24574,1056002,California
Orange,2021-04-01,39166,1609637,20565,839832,17083,737551,1518,32254,25850,526754,13254,556615,27367,1083369,California
Orange,2021-04-02,38947,1648584,19557,859389,17750,755301,1640,33894,22313,534162,16553,573168,23961,1107330,California
Orange,2021-04-03,29517,1678101,15393,874782,12523,767824,1601,35495,14066,534443,15388,588556,15669,1122999,California
Orange,2021-04-04,18095,1696196,10562,885344,6885,774709,648,36143,8116,533264,9942,598498,8763,1131762,California
Orange,2021-04-05,29230,1725426,13861,899205,12144,786853,3225,39368,13795,534896,15383,613881,17015,1148777,California
Orange,2021-04-06,32968,1758394,15479,914684,14189,801042,3300,42668,14342,533983,18547,632428,17634,1166411,California
Orange,2021-04-07,35347,1793741,19774,934458,11177,812219,4396,47064,15704,534499,19568,651996,20084,1186495,California
Orange,2021-04-08,37821,1831562,20976,955434,11544,823763,5301,52365,18474,538991,19264,671260,23756,1210251,California
Orange,2021-04-09,38791,1870353,22571,978005,11345,835108,4875,57240,17110,539352,21611,692871,21972,1232223,California
Orange,2021-04-10,33595,1903948,17699,995704,11787,846895,4109,61349,13880,537687,19637,712508,17972,1250195,California
Orange,2021-04-11,25282,1929230,14239,1009943,7834,854729,3209,64558,9702,535050,15538,728046,12901,1263096,California
Orange,2021-04-12,29610,1958840,14983,1024926,11260,865989,3367,67925,11668,532174,17895,745941,15019,1278115,California
Orange,2021-04-13,31833,1990673,17834,1042760,13937,879926,62,67987,14895,530250,16879,762820,14955,1293070,California
Orange,2021-04-14,32792,2023465,18746,1061506,14019,893945,27,68014,14265,526091,18453,781273,14294,1307364,California
Orange,2021-04-15,36565,2060030,21866,1083372,14688,908633,11,68025,16724,523085,19755,801028,16749,1324113,California
Orange,2021-04-16,39147,2099177,22912,1106284,16211,924844,24,68049,18078,520199,20995,822023,18109,1342222,California
Orange,2021-04-17,29241,2128418,17132,1123416,12107,936951,2,68051,12688,516410,16486,838509,12697,1354919,California
Orange,2021-04-18,21140,2149558,12787,1136203,8352,945303,1,68052,8386,512086,12714,851223,8390,1363309,California
Orange,2021-04-19,30389,2179947,16572,1152775,13814,959117,3,68055,13773,509312,16553,867776,13779,1377088,California
Orange,2021-04-20,18392,2198339,9957,1162732,8434,967551,1,68056,9957,510914,8391,876167,9993,1387081,California
Placer,2020-12-15,29,29,29,29,0,0,0,0,29,29,0,0,29,29,California
Placer,2020-12-16,53,82,53,82,0,0,0,0,53,82,0,0,53,82,California
Placer,2020-12-17,139,221,139,221,0,0,0,0,139,221,0,0,139,221,California
Placer,2020-12-18,330,551,330,551,0,0,0,0,330,551,0,0,330,551,California
Placer,2020-12-19,251,802,251,802,0,0,0,0,251,802,0,0,251,802,California
Placer,2020-12-20,234,1036,234,1036,0,0,0,0,234,1036,0,0,234,1036,California
Placer,2020-12-21,492,1528,491,1527,1,1,0,0,492,1528,0,0,492,1528,California
Placer,2020-12-22,676,2204,669,2196,7,8,0,0,676,2204,0,0,676,2204,California
Placer,2020-12-23,743,2947,658,2854,85,93,0,0,743,2947,0,0,743,2947,California
Placer,2020-12-24,398,3345,346,3200,52,145,0,0,398,3345,0,0,398,3345,California
Placer,2020-12-26,158,3503,113,3313,45,190,0,0,158,3503,0,0,158,3503,California
Placer,2020-12-27,186,3689,163,3476,23,213,0,0,186,3689,0,0,186,3689,California
Placer,2020-12-28,665,4354,537,4013,128,341,0,0,665,4354,0,0,665,4354,California
Placer,2020-12-29,761,5115,513,4526,248,589,0,0,761,5115,0,0,761,5115,California
Placer,2020-12-30,730,5845,454,4980,276,865,0,0,728,5843,0,0,728,5843,California
Placer,2020-12-31,528,6373,343,5323,185,1050,0,0,528,6371,0,0,528,6371,California
Placer,2021-01-01,14,6387,10,5333,4,1054,0,0,14,6385,0,0,14,6385,California
Placer,2021-01-02,184,6571,152,5485,32,1086,0,0,184,6569,0,0,184,6569,California
Placer,2021-01-03,155,6726,79,5564,76,1162,0,0,155,6724,0,0,155,6724,California
Placer,2021-01-04,618,7344,178,5742,440,1602,0,0,618,7342,0,0,618,7342,California
Placer,2021-01-05,723,8067,159,5901,564,2166,0,0,640,7901,82,82,641,7983,California
Placer,2021-01-06,758,8825,243,6144,515,2681,0,0,617,8377,141,223,617,8600,California
Placer,2021-01-07,981,9806,366,6510,615,3296,0,0,776,8948,205,428,776,9376,California
Placer,2021-01-08,1181,10987,527,7037,654,3950,0,0,855,9480,323,751,855,10231,California
Placer,2021-01-09,449,11436,321,7358,128,4078,0,0,233,9498,215,966,233,10464,California
Placer,2021-01-10,329,11765,186,7544,143,4221,0,0,164,9497,165,1131,164,10628,California
Placer,2021-01-11,1427,13192,808,8352,619,4840,0,0,838,9747,589,1720,839,11467,California
Placer,2021-01-12,1644,14836,874,9226,770,5610,0,0,1042,10187,602,2322,1042,12509,California
Placer,2021-01-13,1627,16463,819,10045,808,6418,0,0,1207,10978,418,2740,1209,13718,California
Placer,2021-01-14,1734,18197,652,10697,1082,7500,0,0,1379,12006,352,3092,1380,15098,California
Placer,2021-01-15,1905,20102,722,11419,1183,8683,0,0,1554,13211,350,3442,1555,16653,California
Placer,2021-01-16,1469,21571,718,12137,751,9434,0,0,1348,14439,121,3563,1349,18002,California
Placer,2021-01-17,560,22131,394,12531,166,9600,0,0,428,14735,132,3695,428,18430,California
Placer,2021-01-18,977,23108,540,13071,437,10037,0,0,747,15253,230,3925,748,19178,California
Placer,2021-01-19,2559,25667,1947,15018,612,10649,0,0,2108,16910,451,4376,2108,21286,California
Placer,2021-01-20,2240,27907,1692,16710,548,11197,0,0,1912,18495,328,4704,1913,23199,California
Placer,2021-01-21,2533,30440,1114,17824,1419,12616,0,0,2139,20242,393,5097,2140,25339,California
Placer,2021-01-22,2276,32716,589,18413,1687,14303,0,0,2103,22175,171,5268,2104,27443,California
Placer,2021-01-23,1189,33905,380,18793,809,15112,0,0,1034,23054,155,5423,1034,28477,California
Placer,2021-01-24,507,34412,264,19057,243,15355,0,0,431,23410,76,5499,432,28909,California
Placer,2021-01-25,1646,36058,798,19855,848,16203,0,0,1359,24483,287,5786,1360,30269,California
Placer,2021-01-26,1827,37885,1024,20879,803,17006,0,0,1564,25784,263,6049,1564,31833,California
Placer,2021-01-27,1815,39700,1154,22033,661,17667,0,0,1572,27116,241,6290,1573,33406,California
Placer,2021-01-28,1778,41478,1110,23143,668,18335,0,0,1531,28402,245,6535,1531,34937,California
Placer,2021-01-29,1865,43343,1173,24316,692,19027,0,0,1674,29888,190,6725,1676,36613,California
Placer,2021-01-30,1724,45067,971,25287,753,19780,0,0,1605,31375,118,6843,1605,38218,California
Placer,2021-01-31,780,45847,623,25910,157,19937,0,0,711,32018,69,6912,712,38930,California
Placer,2021-02-01,2065,47912,1086,26996,979,20916,0,0,1749,33451,316,7228,1749,40679,California
Placer,2021-02-02,2368,50280,1536,28532,832,21748,0,0,1883,34852,482,7710,1883,42562,California
Placer,2021-02-03,2911,53191,1873,30405,1038,22786,0,0,2291,36527,616,8326,2291,44853,California
Placer,2021-02-04,2753,55944,1186,31591,1567,24353,0,0,1933,37644,817,9143,1934,46787,California
Placer,2021-02-05,2727,58671,1201,32792,1526,25879,0,0,1400,37722,1322,10465,1400,48187,California
Placer,2021-02-06,1942,60613,1305,34097,637,26516,0,0,1394,38568,548,11013,1394,49581,California
Placer,2021-02-07,1217,61830,907,35004,310,26826,0,0,939,39230,277,11290,939,50520,California
Placer,2021-02-08,3298,65128,1766,36770,1532,28358,0,0,1974,39889,1316,12606,1975,52495,California
Placer,2021-02-09,3534,68662,2164,38934,1370,29728,0,0,1631,39619,1901,14507,1631,54126,California
Placer,2021-02-10,3743,72405,2188,41122,1555,31283,0,0,1746,39373,1994,16501,1748,55874,California
Placer,2021-02-11,3612,76017,1892,43014,1720,33003,0,0,1577,38924,2027,18528,1578,57452,California
Placer,2021-02-12,2749,78766,1316,44330,1433,34436,0,0,1660,39513,1072,19600,1661,59113,California
Placer,2021-02-13,2531,81297,1484,45814,1047,35483,0,0,1880,40742,651,20251,1880,60993,California
Placer,2021-02-14,1075,82372,673,46487,402,35885,0,0,735,41140,337,20588,735,61728,California
Placer,2021-02-15,2176,84548,1042,47529,1134,37019,0,0,1522,42008,655,21243,1523,63251,California
Placer,2021-02-16,3507,88055,1778,49307,1729,38748,0,0,1574,41659,1924,23167,1575,64826,California
Placer,2021-02-17,3499,91554,1960,51267,1539,40287,0,0,1501,41166,1994,25161,1501,66327,California
Placer,2021-02-18,3668,95222,1994,53261,1674,41961,0,0,1566,40640,2093,27254,1567,67894,California
Placer,2021-02-19,3541,98763,1912,55173,1629,43590,0,0,1311,39726,2226,29480,1312,69206,California
Placer,2021-02-20,1969,100732,1229,56402,740,44330,0,0,885,39535,1079,30559,888,70094,California
Placer,2021-02-21,951,101683,727,57129,224,44554,0,0,260,39108,688,31247,261,70355,California
Placer,2021-02-22,2490,104173,1767,58896,723,45277,0,0,601,37821,1888,33135,601,70956,California
Placer,2021-02-23,2504,106677,1562,60458,942,46219,0,0,868,37054,1635,34770,868,71824,California
Placer,2021-02-24,3232,109909,1172,61630,2060,48279,0,0,1780,37394,1442,36212,1782,73606,California
Placer,2021-02-25,3447,113356,1423,63053,2024,50303,0,0,1833,37621,1607,37819,1834,75440,California
Placer,2021-02-26,4062,117418,2372,65425,1690,51993,0,0,2341,38246,1716,39535,2341,77781,California
Placer,2021-02-27,2809,120227,1489,66914,1320,53313,0,0,1446,38338,1357,40892,1449,79230,California
Placer,2021-02-28,1380,121607,790,67704,590,53903,0,0,571,38105,804,41696,571,79801,California
Placer,2021-03-01,2977,124584,1983,69687,994,54897,0,0,1532,38197,1440,43136,1532,81333,California
Placer,2021-03-02,2824,127408,1757,71444,1067,55964,0,0,1858,39094,961,44097,1858,83191,California
Placer,2021-03-03,3244,130652,1385,72829,1859,57823,0,0,1771,39399,1467,45564,1772,84963,California
Placer,2021-03-04,3533,134185,1424,74253,2109,59932,0,0,1847,39573,1674,47238,1848,86811,California
Placer,2021-03-05,2969,137154,1025,75278,1922,61854,22,22,1792,40212,1175,48413,1814,88625,California
Placer,2021-03-06,2392,139546,1480,76758,816,62670,96,118,916,39755,1469,49882,1012,89637,California
Placer,2021-03-07,1292,140838,753,77511,501,63171,38,156,525,39554,764,50646,563,90200,California
Placer,2021-03-08,2883,143721,1825,79336,945,64116,113,269,1647,40079,1235,51881,1760,91960,California
Placer,2021-03-09,3126,146847,1676,81012,1361,65477,89,358,1780,40605,1343,53224,1869,93829,California
Placer,2021-03-10,3240,150087,1310,82322,1823,67300,107,465,1685,40846,1550,54774,1791,95620,California
Placer,2021-03-11,3514,153601,1582,83904,1808,69108,124,589,1686,40838,1820,56594,1812,97432,California
Placer,2021-03-12,3633,157234,1479,85383,1370,70478,784,1373,1217,40430,2410,59004,2002,99434,California
Placer,2021-03-13,2084,159318,733,86116,1234,71712,117,1490,1117,40701,964,59968,1235,100669,California
Placer,2021-03-14,1627,160945,669,86785,809,72521,149,1639,882,40987,745,60713,1031,101700,California
Placer,2021-03-15,3153,164098,1523,88308,1499,74020,131,1770,1745,41459,1406,62119,1878,103578,California
Placer,2021-03-16,3531,167629,1904,90212,1494,75514,133,1903,2268,42606,1255,63374,2402,105980,California
Placer,2021-03-17,3389,171018,1719,91931,1570,77084,100,2003,2196,43712,1191,64565,2297,108277,California
Placer,2021-03-18,3949,174967,2195,94126,1715,78799,39,2042,2824,45454,1120,65685,2862,111139,California
Placer,2021-03-19,3403,178370,2059,96185,1082,79881,262,2304,2178,46675,1218,66903,2439,113578,California
Placer,2021-03-20,2130,180500,891,97076,1141,81022,98,2402,1302,47250,824,67727,1399,114977,California
Placer,2021-03-21,1245,181745,570,97646,666,81688,9,2411,954,47925,288,68015,963,115940,California
Placer,2021-03-22,3263,185008,2094,99740,1082,82770,87,2498,2195,49144,1064,69079,2283,118223,California
Placer,2021-03-23,3484,188492,2076,101816,1317,84087,91,2589,2497,50751,982,70061,2589,120812,California
Placer,2021-03-24,3756,192248,1994,103810,1665,85752,97,2686,1964,51032,1780,71841,2061,122873,California
Placer,2021-03-25,3753,196001,1792,105602,1864,87616,97,2783,1724,50831,2021,73862,1820,124693,California
Placer,2021-03-26,3724,199725,1650,107252,1843,89459,231,3014,1577,50502,2137,75999,1808,126501,California
Placer,2021-03-27,1591,201316,469,107721,1101,90560,21,3035,650,50238,934,76933,670,127171,California
Placer,2021-03-28,1097,202413,529,108250,558,91118,10,3045,379,49914,713,77646,389,127560,California
Placer,2021-03-29,3556,205969,1989,110239,1535,92653,32,3077,1742,49885,1804,79450,1775,129335,California
Placer,2021-03-30,3983,209952,2114,112353,1826,94479,43,3120,2119,50194,1852,81302,2161,131496,California
Placer,2021-03-31,4050,214002,1826,114179,2150,96629,74,3194,1699,49621,2345,83647,1772,133268,California
Placer,2021-04-01,2854,216856,1363,115542,1446,98075,45,3239,1595,50004,1257,84904,1640,134908,California
Placer,2021-04-02,2781,219637,1437,116979,1281,99356,63,3302,1559,50410,1216,86120,1622,136530,California
Placer,2021-04-03,1851,221488,982,117961,739,100095,130,3432,890,50475,954,87074,1019,137549,California
Placer,2021-04-04,705,222193,359,118320,293,100388,53,3485,283,50391,420,87494,336,137885,California
Placer,2021-04-05,2982,225175,1895,120215,915,101303,172,3657,1749,51082,1230,88724,1921,139806,California
Placer,2021-04-06,4260,229435,2468,122683,1499,102802,293,3950,1549,50219,2705,91429,1842,141648,California
Placer,2021-04-07,4471,233906,2555,125238,1461,104263,455,4405,2059,50325,2406,93835,2512,144160,California
Placer,2021-04-08,4662,238568,2587,127825,1532,105795,543,4948,1586,49387,3066,96901,2128,146288,California
Placer,2021-04-09,4023,242591,2216,130041,1196,106991,611,5559,1206,48394,2811,99712,1818,148106,California
Placer,2021-04-10,1971,244562,854,130895,942,107933,175,5734,842,48285,1125,100837,1016,149122,California
Placer,2021-04-11,1308,245870,500,131395,776,108709,32,5766,425,47862,879,101716,456,149578,California
Placer,2021-04-12,4068,249938,2634,134029,1059,109768,375,6141,2457,49090,1603,103319,2831,152409,California
Placer,2021-04-13,4266,254204,2921,136950,1343,111111,2,6143,2139,49108,2123,105442,2141,154550,California
Placer,2021-04-14,3917,258121,2405,139355,1511,112622,1,6144,1736,48673,2171,107613,1736,156286,California
Placer,2021-04-15,3922,262043,2073,141428,1848,114470,1,6145,1907,48576,2007,109620,1910,158196,California
Placer,2021-04-16,3527,265570,2106,143534,1421,115891,0,6145,1342,47740,2178,111798,1342,159538,California
Placer,2021-04-17,2263,267833,772,144306,1491,117382,0,6145,1381,48242,879,112677,1381,160919,California
Placer,2021-04-18,1131,268964,225,144531,906,118288,0,6145,387,47887,742,113419,387,161306,California
Placer,2021-04-19,2770,271734,1750,146281,1020,119308,0,6145,1101,47324,1665,115084,1102,162408,California
Placer,2021-04-20,2092,273826,1641,147922,451,119759,0,6145,1590,48420,497,115581,1593,164001,California
Plumas,2020-12-18,4,4,4,4,0,0,0,0,4,4,0,0,4,4,California
Plumas,2020-12-19,1,5,1,5,0,0,0,0,1,5,0,0,1,5,California
Plumas,2020-12-21,45,50,45,50,0,0,0,0,45,50,0,0,45,50,California
Plumas,2020-12-22,92,142,92,142,0,0,0,0,92,142,0,0,92,142,California
Plumas,2020-12-23,50,192,50,192,0,0,0,0,50,192,0,0,50,192,California
Plumas,2020-12-24,6,198,6,198,0,0,0,0,6,198,0,0,6,198,California
Plumas,2020-12-28,8,206,0,198,8,8,0,0,8,206,0,0,8,206,California
Plumas,2020-12-29,32,238,22,220,10,18,0,0,32,238,0,0,32,238,California
Plumas,2020-12-30,22,260,1,221,21,39,0,0,22,260,0,0,22,260,California
Plumas,2020-12-31,4,264,1,222,3,42,0,0,4,264,0,0,4,264,California
Plumas,2021-01-04,10,274,4,226,6,48,0,0,10,274,0,0,10,274,California
Plumas,2021-01-05,22,296,2,228,20,68,0,0,22,296,0,0,22,296,California
Plumas,2021-01-06,124,420,5,233,119,187,0,0,124,420,0,0,124,420,California
Plumas,2021-01-07,53,473,2,235,51,238,0,0,52,471,1,1,52,472,California
Plumas,2021-01-08,12,485,5,240,7,245,0,0,8,475,4,5,8,480,California
Plumas,2021-01-09,2,487,2,242,0,245,0,0,1,475,1,6,1,481,California
Plumas,2021-01-11,59,546,50,292,9,254,0,0,12,440,47,53,12,493,California
Plumas,2021-01-12,155,701,86,378,69,323,0,0,71,427,84,137,71,564,California
Plumas,2021-01-13,56,757,50,428,6,329,0,0,10,391,46,183,10,574,California
Plumas,2021-01-14,96,853,14,442,82,411,0,0,91,477,5,188,91,665,California
Plumas,2021-01-15,62,915,7,449,55,466,0,0,60,535,2,190,60,725,California
Plumas,2021-01-16,58,973,1,450,57,523,0,0,58,593,0,190,58,783,California
Plumas,2021-01-18,2,975,1,451,1,524,0,0,2,595,0,190,2,785,California
Plumas,2021-01-19,36,1011,5,456,31,555,0,0,32,623,4,194,32,817,California
Plumas,2021-01-20,121,1132,3,459,118,673,0,0,119,740,2,196,119,936,California
Plumas,2021-01-21,113,1245,2,461,111,784,0,0,113,853,0,196,113,1049,California
Plumas,2021-01-22,4,1249,0,461,4,788,0,0,4,857,0,196,4,1053,California
Plumas,2021-01-23,92,1341,1,462,91,879,0,0,92,949,0,196,92,1145,California
Plumas,2021-01-24,1,1342,1,463,0,879,0,0,1,950,0,196,1,1146,California
Plumas,2021-01-25,8,1350,5,468,3,882,0,0,5,952,3,199,5,1151,California
Plumas,2021-01-26,60,1410,2,470,58,940,0,0,52,996,8,207,52,1203,California
Plumas,2021-01-27,25,1435,20,490,5,945,0,0,5,981,20,227,5,1208,California
Plumas,2021-01-28,23,1458,0,490,23,968,0,0,21,1000,2,229,21,1229,California
Plumas,2021-01-29,8,1466,2,492,6,974,0,0,7,1006,1,230,7,1236,California
Plumas,2021-01-30,8,1474,4,496,4,978,0,0,7,1012,1,231,7,1243,California
Plumas,2021-01-31,3,1477,3,499,0,978,0,0,3,1015,0,231,3,1246,California
Plumas,2021-02-01,16,1493,2,501,14,992,0,0,8,1015,8,239,8,1254,California
Plumas,2021-02-02,20,1513,1,502,19,1011,0,0,1,997,19,258,1,1255,California
Plumas,2021-02-03,128,1641,8,510,120,1131,0,0,13,896,114,372,13,1268,California
Plumas,2021-02-04,101,1742,8,518,93,1224,0,0,23,841,78,450,23,1291,California
Plumas,2021-02-05,24,1766,11,529,13,1237,0,0,9,835,15,465,9,1300,California
Plumas,2021-02-06,7,1773,0,529,7,1244,0,0,7,842,0,465,7,1307,California
Plumas,2021-02-08,15,1788,7,536,8,1252,0,0,3,833,12,477,3,1310,California
Plumas,2021-02-09,170,1958,1,537,169,1421,0,0,110,883,60,537,110,1420,California
Plumas,2021-02-10,89,2047,9,546,80,1501,0,0,80,955,9,546,81,1501,California
Plumas,2021-02-11,322,2369,7,553,315,1816,0,0,263,1159,59,605,263,1764,California
Plumas,2021-02-12,122,2491,3,556,119,1935,0,0,118,1273,4,609,118,1882,California
Plumas,2021-02-13,72,2563,3,559,69,2004,0,0,13,1227,59,668,13,1895,California
Plumas,2021-02-14,7,2570,4,563,3,2007,0,0,7,1234,0,668,7,1902,California
Plumas,2021-02-15,26,2596,3,566,23,2030,0,0,25,1258,1,669,25,1927,California
Plumas,2021-02-16,76,2672,4,570,72,2102,0,0,14,1210,62,731,14,1941,California
Plumas,2021-02-17,136,2808,5,575,131,2233,0,0,12,1098,124,855,12,1953,California
Plumas,2021-02-18,128,2936,6,581,122,2355,0,0,19,1008,109,964,19,1972,California
Plumas,2021-02-19,41,2977,4,585,37,2392,0,0,6,979,35,999,6,1978,California
Plumas,2021-02-20,103,3080,6,591,97,2489,0,0,11,898,92,1091,11,1989,California
Plumas,2021-02-21,6,3086,5,596,1,2490,0,0,2,896,4,1095,2,1991,California
Plumas,2021-02-22,3,3089,1,597,2,2492,0,0,0,893,3,1098,0,1991,California
Plumas,2021-02-23,24,3113,4,601,20,2512,0,0,16,901,8,1106,16,2007,California
Plumas,2021-02-24,455,3568,6,607,449,2961,0,0,443,1332,12,1118,443,2450,California
Plumas,2021-02-25,231,3799,9,616,222,3183,0,0,171,1443,60,1178,171,2621,California
Plumas,2021-02-26,264,4063,8,624,256,3439,0,0,256,1692,8,1186,257,2878,California
Plumas,2021-02-27,40,4103,4,628,36,3475,0,0,33,1718,7,1193,33,2911,California
Plumas,2021-02-28,1,4104,0,628,1,3476,0,0,1,1719,0,1193,1,2912,California
Plumas,2021-03-01,12,4116,3,631,9,3485,0,0,7,1722,4,1197,7,2919,California
Plumas,2021-03-02,9,4125,0,631,9,3494,0,0,6,1725,3,1200,6,2925,California
Plumas,2021-03-03,152,4277,10,641,142,3636,0,0,136,1845,16,1216,136,3061,California
Plumas,2021-03-04,250,4527,9,650,241,3877,0,0,229,2053,21,1237,229,3290,California
Plumas,2021-03-05,396,4923,6,656,385,4262,5,5,385,2432,11,1248,390,3680,California
Plumas,2021-03-06,16,4939,1,657,7,4269,8,13,3,2430,13,1261,11,3691,California
Plumas,2021-03-07,13,4952,2,659,2,4271,9,22,3,2432,10,1271,12,3703,California
Plumas,2021-03-08,29,4981,3,662,2,4273,24,46,3,2433,26,1297,27,3730,California
Plumas,2021-03-09,132,5113,1,663,116,4389,15,61,18,2352,114,1411,33,3763,California
Plumas,2021-03-10,254,5367,3,666,237,4626,14,75,107,2327,146,1557,121,3884,California
Plumas,2021-03-11,180,5547,8,674,167,4793,5,80,145,2442,35,1592,150,4034,California
Plumas,2021-03-12,593,6140,3,677,303,5096,287,367,23,2182,570,2162,310,4344,California
Plumas,2021-03-13,25,6165,4,681,10,5106,11,378,5,2178,20,2182,16,4360,California
Plumas,2021-03-14,11,6176,2,683,4,5110,5,383,1,2175,9,2191,6,4366,California
Plumas,2021-03-15,33,6209,1,684,26,5136,6,389,7,2162,26,2217,13,4379,California
Plumas,2021-03-16,59,6268,2,686,56,5192,1,390,49,2202,10,2227,50,4429,California
Plumas,2021-03-17,75,6343,10,696,64,5256,1,391,60,2249,14,2241,61,4490,California
Plumas,2021-03-18,58,6401,6,702,35,5291,17,408,9,2226,49,2290,26,4516,California
Plumas,2021-03-19,163,6564,6,708,155,5446,2,410,154,2376,7,2297,157,4673,California
Plumas,2021-03-20,691,7255,4,712,686,6132,1,411,670,3028,19,2316,671,5344,California
Plumas,2021-03-21,2,7257,1,713,1,6133,0,411,1,3029,0,2316,1,5345,California
Plumas,2021-03-22,180,7437,2,715,178,6311,0,411,173,3195,7,2323,173,5518,California
Plumas,2021-03-23,27,7464,2,717,25,6336,0,411,13,3194,14,2337,13,5531,California
Plumas,2021-03-24,650,8114,7,724,642,6978,1,412,220,2985,430,2767,221,5752,California
Plumas,2021-03-25,290,8404,5,729,283,7261,2,414,150,2995,140,2907,150,5902,California
Plumas,2021-03-26,308,8712,8,737,300,7561,0,414,46,2780,261,3168,46,5948,California
Plumas,2021-03-27,11,8723,1,738,9,7570,1,415,2,2774,9,3177,3,5951,California
Plumas,2021-03-28,5,8728,3,741,1,7571,1,416,3,2776,2,3179,4,5955,California
Plumas,2021-03-29,13,8741,4,745,8,7579,1,417,5,2774,8,3187,6,5961,California
Plumas,2021-03-30,151,8892,3,748,147,7726,1,418,24,2672,127,3314,25,5986,California
Plumas,2021-03-31,287,9179,2,750,284,8010,1,419,268,2922,19,3333,269,6255,California
Plumas,2021-04-01,291,9470,12,762,279,8289,0,419,59,2750,231,3564,59,6314,California
Plumas,2021-04-02,372,9842,4,766,367,8656,1,420,27,2445,333,3897,28,6342,California
Plumas,2021-04-03,15,9857,2,768,5,8661,8,428,3,2444,12,3909,11,6353,California
Plumas,2021-04-04,3,9860,1,769,1,8662,1,429,0,2442,3,3912,1,6354,California
Plumas,2021-04-05,14,9874,4,773,9,8671,1,430,7,2443,7,3919,8,6362,California
Plumas,2021-04-06,120,9994,6,779,83,8754,31,461,13,2375,107,4026,39,6401,California
Plumas,2021-04-07,280,10274,7,786,98,8852,175,636,27,2324,253,4279,202,6603,California
Plumas,2021-04-08,148,10422,3,789,130,8982,15,651,34,2259,113,4392,48,6651,California
Plumas,2021-04-09,48,10470,8,797,25,9007,15,666,18,2261,30,4422,32,6683,California
Plumas,2021-04-10,23,10493,2,799,5,9012,16,682,4,2262,19,4441,20,6703,California
Plumas,2021-04-11,4,10497,3,802,0,9012,1,683,3,2265,1,4442,4,6707,California
Plumas,2021-04-12,9,10506,4,806,4,9016,1,684,6,2269,3,4445,7,6714,California
Plumas,2021-04-13,202,10708,5,811,197,9213,0,684,139,2345,63,4508,139,6853,California
Plumas,2021-04-14,109,10817,7,818,102,9315,0,684,54,2344,55,4563,54,6907,California
Plumas,2021-04-15,47,10864,2,820,45,9360,0,684,32,2361,15,4578,32,6939,California
Plumas,2021-04-16,145,11009,6,826,139,9499,0,684,5,2226,140,4718,5,6944,California
Plumas,2021-04-17,664,11673,2,828,662,10161,0,684,21,1606,641,5359,21,6965,California
Plumas,2021-04-18,2,11675,2,830,0,10161,0,684,0,1604,2,5361,0,6965,California
Plumas,2021-04-19,36,11711,1,831,35,10196,0,684,4,1576,32,5393,4,6969,California
Plumas,2021-04-20,27,11738,2,833,25,10221,0,684,12,1573,15,5408,12,6981,California
Riverside,2020-12-15,4,4,4,4,0,0,0,0,4,4,0,0,4,4,California
Riverside,2020-12-16,63,67,63,67,0,0,0,0,63,67,0,0,63,67,California
Riverside,2020-12-17,806,873,806,873,0,0,0,0,806,873,0,0,806,873,California
Riverside,2020-12-18,1723,2596,1722,2595,1,1,0,0,1723,2596,0,0,1723,2596,California
Riverside,2020-12-19,1024,3620,1022,3617,2,3,0,0,1022,3617,1,1,1022,3618,California
Riverside,2020-12-20,1085,4705,1084,4701,1,4,0,0,1085,4702,0,1,1085,4703,California
Riverside,2020-12-21,2272,6977,2270,6971,2,6,0,0,2272,6974,0,1,2272,6975,California
Riverside,2020-12-22,2249,9226,2210,9181,39,45,0,0,2248,9222,0,1,2248,9223,California
Riverside,2020-12-23,2123,11349,1787,10968,336,381,0,0,2124,11346,0,1,2124,11347,California
Riverside,2020-12-24,827,12176,624,11592,203,584,0,0,827,12173,0,1,827,12174,California
Riverside,2020-12-25,28,12204,5,11597,23,607,0,0,28,12201,0,1,28,12202,California
Riverside,2020-12-26,400,12604,257,11854,143,750,0,0,400,12601,0,1,400,12602,California
Riverside,2020-12-27,361,12965,243,12097,118,868,0,0,361,12962,0,1,361,12963,California
Riverside,2020-12-28,1625,14590,1125,13222,500,1368,0,0,1625,14587,0,1,1625,14588,California
Riverside,2020-12-29,1736,16326,971,14193,765,2133,0,0,1736,16323,0,1,1736,16324,California
Riverside,2020-12-30,2571,18897,1681,15874,890,3023,0,0,2570,18893,0,1,2570,18894,California
Riverside,2020-12-31,1022,19919,395,16269,627,3650,0,0,1024,19917,0,1,1024,19918,California
Riverside,2021-01-01,105,20024,40,16309,65,3715,0,0,105,20022,0,1,105,20023,California
Riverside,2021-01-02,831,20855,691,17000,140,3855,0,0,831,20853,0,1,831,20854,California
Riverside,2021-01-03,345,21200,300,17300,45,3900,0,0,344,21197,0,1,344,21198,California
Riverside,2021-01-04,1256,22456,792,18092,464,4364,0,0,1256,22453,0,1,1256,22454,California
Riverside,2021-01-05,1977,24433,1362,19454,615,4979,0,0,1883,24248,88,89,1883,24337,California
Riverside,2021-01-06,2470,26903,1100,20554,1370,6349,0,0,2164,26110,302,391,2164,26501,California
Riverside,2021-01-07,2768,29671,1815,22369,953,7302,0,0,1704,26756,1060,1451,1706,28207,California
Riverside,2021-01-08,4041,33712,2934,25303,1107,8409,0,0,2233,27185,1804,3255,2233,30440,California
Riverside,2021-01-09,2070,35782,845,26148,1225,9634,0,0,1724,28564,345,3600,1724,32164,California
Riverside,2021-01-10,1663,37445,733,26881,930,10564,0,0,1060,29021,603,4203,1060,33224,California
Riverside,2021-01-11,4512,41957,3091,29972,1421,11985,0,0,2780,30073,1729,5932,2781,36005,California
Riverside,2021-01-12,3398,45355,2727,32699,671,12656,0,0,1712,30104,1681,7613,1712,37717,California
Riverside,2021-01-13,4381,49736,2868,35567,1513,14169,0,0,2779,31284,1599,9212,2779,40496,California
Riverside,2021-01-14,5457,55193,1862,37429,3595,17764,0,0,4872,35571,585,9797,4872,45368,California
Riverside,2021-01-15,6138,61331,2092,39521,4046,21810,0,0,5852,41138,285,10082,5852,51220,California
Riverside,2021-01-16,3610,64941,1017,40538,2593,24403,0,0,3365,44259,245,10327,3366,54586,California
Riverside,2021-01-17,3592,68533,582,41120,3010,27413,0,0,3397,47462,194,10521,3397,57983,California
Riverside,2021-01-18,3716,72249,2018,43138,1698,29111,0,0,2711,49168,1005,11526,2711,60694,California
Riverside,2021-01-19,7396,79645,2637,45775,4759,33870,0,0,6279,54331,1117,12643,6280,66974,California
Riverside,2021-01-20,7954,87599,2872,48647,5082,38952,0,0,6472,59333,1473,14116,6475,73449,California
Riverside,2021-01-21,8206,95805,3371,52018,4835,43787,0,0,7591,66308,616,14732,7591,81040,California
Riverside,2021-01-22,8694,104499,2963,54981,5731,49518,0,0,8265,74147,427,15159,8266,89306,California
Riverside,2021-01-23,5920,110419,2391,57372,3529,53047,0,0,5192,78612,728,15887,5193,94499,California
Riverside,2021-01-24,3033,113452,1431,58803,1602,54649,0,0,2820,81223,210,16097,2821,97320,California
Riverside,2021-01-25,7871,121323,4535,63338,3336,57985,0,0,6748,86850,1122,17219,6749,104069,California
Riverside,2021-01-26,9114,130437,5732,69070,3382,61367,0,0,7605,92949,1507,18726,7606,111675,California
Riverside,2021-01-27,10499,140936,6170,75240,4329,65696,0,0,8985,100428,1511,20237,8990,120665,California
Riverside,2021-01-28,11388,152324,6699,81939,4689,70385,0,0,10233,109516,1147,21384,10235,130900,California
Riverside,2021-01-29,11846,164170,7228,89167,4618,75003,0,0,10479,118660,1340,22724,10484,141384,California
Riverside,2021-01-30,9044,173214,4605,93772,4439,79442,0,0,8583,126786,458,23182,8584,149968,California
Riverside,2021-01-31,5145,178359,4243,98015,902,80344,0,0,5015,131675,129,23311,5018,154986,California
Riverside,2021-02-01,10820,189179,6675,104690,4145,84489,0,0,9044,138951,1770,25081,9046,164032,California
Riverside,2021-02-02,9382,198561,4773,109463,4609,89098,0,0,7906,145390,1469,26550,7908,171940,California
Riverside,2021-02-03,11994,210555,4974,114437,7020,96118,0,0,9766,152939,2217,28767,9766,181706,California
Riverside,2021-02-04,13546,224101,6045,120482,7501,103619,0,0,11460,162322,2079,30846,11462,193168,California
Riverside,2021-02-05,14308,238409,5394,125876,8914,112533,0,0,11272,170570,3028,33874,11276,204444,California
Riverside,2021-02-06,7251,245660,4282,130158,2969,115502,0,0,5616,174561,1628,35502,5619,210063,California
Riverside,2021-02-07,2160,247820,789,130947,1371,116873,0,0,1844,176091,315,35817,1845,211908,California
Riverside,2021-02-08,12431,260251,5521,136468,6910,123783,0,0,10152,183984,2262,38079,10155,222063,California
Riverside,2021-02-09,9630,269881,4515,140983,5115,128898,0,0,7718,189803,1904,39983,7723,229786,California
Riverside,2021-02-10,12006,281887,6973,147956,5033,133931,0,0,8898,195613,3096,43079,8906,238692,California
Riverside,2021-02-11,16472,298359,8979,156935,7493,141424,0,0,12098,203373,4352,47431,12112,250804,California
Riverside,2021-02-12,17649,316008,10803,167738,6846,148270,0,0,12813,211403,4793,52224,12823,263627,California
Riverside,2021-02-13,6310,322318,2116,169854,4194,152464,0,0,3081,211294,3211,55435,3102,266729,California
Riverside,2021-02-14,4925,327243,1121,170975,3804,156268,0,0,2176,210726,2745,58180,2177,268906,California
Riverside,2021-02-15,9808,337051,4998,175973,4810,161078,0,0,5403,211739,4397,62577,5410,274316,California
Riverside,2021-02-16,16096,353147,10101,186074,5995,167073,0,0,9245,214147,6844,69421,9252,283568,California
Riverside,2021-02-17,14988,368135,8184,194258,6804,173877,0,0,7555,214290,7421,76842,7564,291132,California
Riverside,2021-02-18,15453,383588,8929,203187,6524,180401,0,0,8057,214981,7379,84221,8070,299202,California
Riverside,2021-02-19,15217,398805,8204,211391,7013,187414,0,0,7200,214191,7998,92219,7208,306410,California
Riverside,2021-02-20,8055,406860,4253,215644,3802,191216,0,0,2087,210328,5953,98172,2090,308500,California
Riverside,2021-02-21,3403,410263,2889,218533,514,191730,0,0,1024,208985,2367,100539,1024,309524,California
Riverside,2021-02-22,12280,422543,7703,226236,4577,196307,0,0,5093,206912,7171,107710,5098,314622,California
Riverside,2021-02-23,10991,433534,7478,233714,3513,199820,0,0,5353,206655,5614,113324,5357,319979,California
Riverside,2021-02-24,14698,448232,8022,241736,6676,206496,0,0,6406,204824,8254,121578,6423,326402,California
Riverside,2021-02-25,17106,465338,7268,249004,9838,216334,0,0,7972,203707,9113,130691,7996,334398,California
Riverside,2021-02-26,18230,483568,6674,255678,11556,227890,0,0,9101,203765,9074,139765,9132,343530,California
Riverside,2021-02-27,11341,494909,4907,260585,6434,234324,0,0,5668,203818,5641,145406,5694,349224,California
Riverside,2021-02-28,4610,499519,2946,263531,1664,235988,0,0,2377,203979,2223,147629,2384,351608,California
Riverside,2021-03-01,14236,513755,6057,269588,8178,244166,1,1,8406,206610,5803,153432,8434,360042,California
Riverside,2021-03-02,14804,528559,7256,276844,7547,251713,1,2,8744,209342,6039,159471,8771,368813,California
Riverside,2021-03-03,16658,545217,8216,285060,8442,260155,0,2,7147,207148,9466,168937,7272,376085,California
Riverside,2021-03-04,16413,561630,5968,291028,10441,270596,4,6,7957,206835,8415,177352,8102,384187,California
Riverside,2021-03-05,17482,579112,6881,297909,10557,281153,44,50,8763,207244,8671,186023,9080,393267,California
Riverside,2021-03-06,9108,588220,4701,302610,3929,285082,478,528,4648,207953,4447,190470,5156,398423,California
Riverside,2021-03-07,4168,592388,2694,305304,1087,286169,387,915,1959,208104,2200,192670,2351,400774,California
Riverside,2021-03-08,10295,602683,4659,309963,5236,291405,400,1315,4389,207031,5890,198560,4817,405591,California
Riverside,2021-03-09,12805,615488,6024,315987,6328,297733,453,1768,5226,205262,7566,206126,5797,411388,California
Riverside,2021-03-10,13375,628863,6690,322677,5872,303605,813,2581,5535,203946,7812,213938,6496,417884,California
Riverside,2021-03-11,17199,646062,8515,331192,6987,310592,1697,4278,6859,202398,10311,224249,8763,426647,California
Riverside,2021-03-12,21037,667099,7896,339088,8467,319059,4674,8952,7069,200534,13938,238187,12074,438721,California
Riverside,2021-03-13,8238,675337,2499,341587,4582,323641,1157,10109,4266,202081,3956,242143,5503,444224,California
Riverside,2021-03-14,4574,679911,1576,343163,1709,325350,1289,11398,2032,202867,2532,244675,3318,447542,California
Riverside,2021-03-15,18556,698467,7823,350986,9065,334415,1668,13066,9108,204333,9411,254086,10877,458419,California
Riverside,2021-03-16,20844,719311,10100,361086,9933,344348,811,13877,11361,207154,9446,263532,12267,470686,California
Riverside,2021-03-17,21191,740502,10859,371945,9286,353634,1046,14923,12737,212574,8424,271956,13844,484530,California
Riverside,2021-03-18,22497,762999,11699,383644,9149,362783,1649,16572,12500,216778,9954,281910,14158,498688,California
Riverside,2021-03-19,23921,786920,12542,396186,10433,373216,946,17518,13984,222179,9889,291799,15290,513978,California
Riverside,2021-03-20,10540,797460,6825,403011,2557,375773,1158,18676,6777,226378,3737,295536,7936,521914,California
Riverside,2021-03-21,3663,801123,2861,405872,549,376322,253,18929,2514,228012,1135,296671,2769,524683,California
Riverside,2021-03-22,16584,817707,9895,415767,6133,382455,556,19485,10583,233189,5961,302632,11138,535821,California
Riverside,2021-03-23,18488,836195,10455,426222,7612,390067,421,19906,11982,239152,6458,309090,12421,548242,California
Riverside,2021-03-24,18588,854783,10370,436592,8099,398166,119,20025,12828,246386,5719,314809,12953,561195,California
Riverside,2021-03-25,20974,875757,11597,448189,9202,407368,175,20200,14248,254151,6663,321472,14428,575623,California
Riverside,2021-03-26,24008,899765,11853,460042,11984,419352,171,20371,15088,260581,8833,330305,15263,590886,California
Riverside,2021-03-27,9185,908950,4816,464858,3315,422667,1054,21425,4732,261931,4437,334742,5787,596673,California
Riverside,2021-03-28,4719,913669,3106,467964,1522,424189,91,21516,2842,262996,1869,336611,2934,599607,California
Riverside,2021-03-29,15573,929242,7905,475869,7553,431742,115,21631,10043,267660,5504,342115,10168,609775,California
Riverside,2021-03-30,18261,947503,9522,485391,8536,440278,203,21834,11915,273466,6316,348431,12122,621897,California
Riverside,2021-03-31,17957,965460,8366,493757,9291,449569,300,22134,11672,279203,6244,354675,11981,633878,California
Riverside,2021-04-01,25248,990708,12364,506121,12146,461715,738,22872,16834,288412,8364,363039,17573,651451,California
Riverside,2021-04-02,25846,1016554,13956,520077,10966,472681,924,23796,16405,296581,9388,372427,17557,669008,California
Riverside,2021-04-03,9092,1025646,5754,525831,2776,475457,562,24358,5873,299810,3205,375632,6434,675442,California
Riverside,2021-04-04,3286,1028932,1999,527830,1072,476529,215,24573,1701,300145,1581,377213,1916,677358,California
Riverside,2021-04-05,18077,1047009,9356,537186,6905,483434,1816,26389,10566,305047,7483,384696,12385,689743,California
Riverside,2021-04-06,23537,1070546,12241,549427,9216,492650,2080,28469,13305,310243,10186,394882,15382,705125,California
Riverside,2021-04-07,24439,1094985,13168,562595,8825,501475,2446,30915,14271,316833,10129,405011,16719,721844,California
Riverside,2021-04-08,26863,1121848,14790,577385,9167,510642,2906,33821,16941,326805,9863,414874,19835,741679,California
Riverside,2021-04-09,25495,1147343,15169,592554,7992,518634,2334,36155,15814,335339,9636,424510,18170,759849,California
Riverside,2021-04-10,11679,1159022,6573,599127,3734,522368,1372,37527,5035,335139,6604,431114,6404,766253,California
Riverside,2021-04-11,4538,1163560,2721,601848,1233,523601,584,38111,2162,335521,2365,433479,2747,769000,California
Riverside,2021-04-12,19731,1183291,8814,610662,8372,531973,2545,40656,10340,339051,9354,442833,12884,781884,California
Riverside,2021-04-13,19523,1202814,10925,621587,8570,540543,28,40684,11188,341975,8294,451127,11218,793102,California
Riverside,2021-04-14,21090,1223904,11524,633111,9552,550095,14,40698,10418,341792,10622,461749,10439,803541,California
Riverside,2021-04-15,19623,1243527,10899,644010,8719,558814,5,40703,9994,342232,9566,471315,10006,813547,California
Riverside,2021-04-16,23421,1266948,13330,657340,10086,568900,5,40708,10686,340259,12678,483993,10705,824252,California
Riverside,2021-04-17,9446,1276394,6187,663527,3259,572159,0,40708,4749,340335,4679,488672,4755,829007,California
Riverside,2021-04-18,3524,1279918,2496,666023,1023,573182,5,40713,1658,340141,1859,490531,1665,830672,California
Riverside,2021-04-19,17795,1297713,10593,676616,7200,580382,2,40715,6382,335150,11380,501911,6389,837061,California
Riverside,2021-04-20,8871,1306584,4905,681521,3965,584347,1,40716,3031,332425,5815,507726,3090,840151,California
Sacramento,2020-12-15,314,314,314,314,0,0,0,0,314,314,0,0,314,314,California
Sacramento,2020-12-16,644,958,644,958,0,0,0,0,644,958,0,0,644,958,California
Sacramento,2020-12-17,645,1603,645,1603,0,0,0,0,645,1603,0,0,645,1603,California
Sacramento,2020-12-18,974,2577,971,2574,3,3,0,0,974,2577,0,0,974,2577,California
Sacramento,2020-12-19,613,3190,613,3187,0,3,0,0,613,3190,0,0,613,3190,California
Sacramento,2020-12-20,634,3824,634,3821,0,3,0,0,634,3824,0,0,634,3824,California
Sacramento,2020-12-21,1679,5503,1678,5499,1,4,0,0,1680,5504,0,0,1680,5504,California
Sacramento,2020-12-22,2092,7595,2062,7561,30,34,0,0,2092,7596,0,0,2092,7596,California
Sacramento,2020-12-23,2246,9841,2080,9641,166,200,0,0,2246,9842,0,0,2246,9842,California
Sacramento,2020-12-24,1045,10886,834,10475,211,411,0,0,1045,10887,0,0,1045,10887,California
Sacramento,2020-12-25,1,10887,0,10475,1,412,0,0,1,10888,0,0,1,10888,California
Sacramento,2020-12-26,508,11395,291,10766,217,629,0,0,508,11396,0,0,508,11396,California
Sacramento,2020-12-27,350,11745,247,11013,103,732,0,0,350,11746,0,0,350,11746,California
Sacramento,2020-12-28,1902,13647,1322,12335,580,1312,0,0,1900,13645,1,1,1900,13646,California
Sacramento,2020-12-29,1950,15597,1187,13522,763,2075,0,0,1950,15595,0,1,1950,15596,California
Sacramento,2020-12-30,2566,18163,1464,14986,1102,3177,0,0,2567,18162,0,1,2567,18163,California
Sacramento,2020-12-31,1228,19391,695,15681,533,3710,0,0,1228,19390,0,1,1228,19391,California
Sacramento,2021-01-01,68,19459,59,15740,9,3719,0,0,68,19458,0,1,68,19459,California
Sacramento,2021-01-02,563,20022,362,16102,201,3920,0,0,563,20021,0,1,563,20022,California
Sacramento,2021-01-03,409,20431,220,16322,189,4109,0,0,409,20430,0,1,409,20431,California
Sacramento,2021-01-04,1959,22390,845,17167,1114,5223,0,0,1957,22386,1,2,1957,22388,California
Sacramento,2021-01-05,2208,24598,985,18152,1223,6446,0,0,1854,23893,354,356,1861,24249,California
Sacramento,2021-01-06,2731,27329,1623,19775,1108,7554,0,0,1956,25077,772,1128,1956,26205,California
Sacramento,2021-01-07,2830,30159,1505,21280,1325,8879,0,0,1971,26192,856,1984,1971,28176,California
Sacramento,2021-01-08,3286,33445,2087,23367,1199,10078,0,0,2247,27405,1035,3019,2248,30424,California
Sacramento,2021-01-09,1289,34734,798,24165,491,10569,0,0,898,27914,389,3408,898,31322,California
Sacramento,2021-01-10,1247,35981,712,24877,535,11104,0,0,774,28217,472,3880,775,32097,California
Sacramento,2021-01-11,4336,40317,2947,27824,1389,12493,0,0,2409,28702,1926,5806,2411,34508,California
Sacramento,2021-01-12,4418,44735,3033,30857,1385,13878,0,0,2453,29195,1964,7770,2457,36965,California
Sacramento,2021-01-13,3776,48511,2164,33021,1612,15490,0,0,2366,30154,1409,9179,2368,39333,California
Sacramento,2021-01-14,4592,53103,2361,35382,2231,17721,0,0,3669,32904,919,10098,3669,43002,California
Sacramento,2021-01-15,4402,57505,2263,37645,2139,19860,0,0,3680,35864,721,10819,3681,46683,California
Sacramento,2021-01-16,2092,59597,1292,38937,800,20660,0,0,1875,37522,217,11036,1875,48558,California
Sacramento,2021-01-17,1633,61230,950,39887,683,21343,0,0,1455,38802,178,11214,1458,50016,California
Sacramento,2021-01-18,2857,64087,1764,41651,1093,22436,0,0,2332,40611,524,11738,2333,52349,California
Sacramento,2021-01-19,4620,68707,3054,44705,1566,24002,0,0,3354,42700,1266,13004,3355,55704,California
Sacramento,2021-01-20,4766,73473,2818,47523,1948,25950,0,0,3554,45045,1214,14218,3559,59263,California
Sacramento,2021-01-21,5180,78653,2984,50507,2196,28146,0,0,4218,48308,956,15174,4219,63482,California
Sacramento,2021-01-22,4968,83621,2645,53152,2323,30469,0,0,4664,52670,303,15477,4665,68147,California
Sacramento,2021-01-23,3724,87345,1558,54710,2166,32635,0,0,3270,55486,454,15931,3270,71417,California
Sacramento,2021-01-24,1581,88926,990,55700,591,33226,0,0,1341,56588,240,16171,1342,72759,California
Sacramento,2021-01-25,4352,93278,2110,57810,2242,35468,0,0,2936,58110,1416,17587,2938,75697,California
Sacramento,2021-01-26,4704,97982,2130,59940,2574,38042,0,0,3505,60420,1197,18784,3507,79204,California
Sacramento,2021-01-27,5793,103775,3048,62988,2745,40787,0,0,4190,63012,1600,20384,4192,83396,California
Sacramento,2021-01-28,5351,109126,2706,65694,2645,43432,0,0,4255,66173,1095,21479,4256,87652,California
Sacramento,2021-01-29,5372,114498,2925,68619,2447,45879,0,0,4357,69523,1007,22486,4357,92009,California
Sacramento,2021-01-30,4499,118997,2198,70817,2301,48180,0,0,4066,73158,431,22917,4066,96075,California
Sacramento,2021-01-31,2291,121288,1997,72814,294,48474,0,0,2018,74907,271,23188,2020,98095,California
Sacramento,2021-02-01,5905,127193,3008,75822,2897,51371,0,0,4248,77500,1655,24843,4248,102343,California
Sacramento,2021-02-02,6852,134045,3761,79583,3091,54462,0,0,4772,80211,2063,26906,4774,107117,California
Sacramento,2021-02-03,7086,141131,3548,83131,3538,58000,0,0,5229,83594,1848,28754,5231,112348,California
Sacramento,2021-02-04,7693,148824,3622,86753,4071,62071,0,0,5485,86881,2198,30952,5485,117833,California
Sacramento,2021-02-05,7716,156540,4368,91121,3348,65419,0,0,4810,88811,2883,33835,4813,122646,California
Sacramento,2021-02-06,8420,164960,3442,94563,4978,70397,0,0,7089,94574,1327,35162,7090,129736,California
Sacramento,2021-02-07,4046,169006,2164,96727,1882,72279,0,0,2829,96196,1209,36371,2831,132567,California
Sacramento,2021-02-08,6191,175197,3199,99926,2992,75271,0,0,3884,97777,2303,38674,3884,136451,California
Sacramento,2021-02-09,6711,181908,3503,103429,3208,78479,0,0,3921,98918,2781,41455,3922,140373,California
Sacramento,2021-02-10,7647,189555,4178,107607,3469,81948,0,0,4530,100346,3104,44559,4532,144905,California
Sacramento,2021-02-11,8767,198322,4981,112588,3786,85734,0,0,4791,101175,3964,48523,4793,149698,California
Sacramento,2021-02-12,10556,208878,4134,116722,6422,92156,0,0,6374,103409,4143,52666,6377,156075,California
Sacramento,2021-02-13,7591,216469,2988,119710,4603,96759,0,0,6012,107844,1577,54243,6012,162087,California
Sacramento,2021-02-14,3112,219581,1926,121636,1186,97945,0,0,2067,108872,1043,55286,2071,164158,California
Sacramento,2021-02-15,5942,225523,2033,123669,3909,101854,0,0,4150,111240,1784,57070,4152,168310,California
Sacramento,2021-02-16,8843,234366,4195,127864,4648,106502,0,0,5263,112934,3573,60643,5267,173577,California
Sacramento,2021-02-17,8800,243166,4965,132829,3835,110337,0,0,5124,114395,3664,64307,5125,178702,California
Sacramento,2021-02-18,8819,251985,5048,137877,3771,114108,0,0,5077,115739,3736,68043,5080,183782,California
Sacramento,2021-02-19,9981,261966,6125,144002,3856,117964,0,0,5908,117591,4060,72103,5912,189694,California
Sacramento,2021-02-20,7333,269299,5354,149356,1979,119943,0,0,4288,118842,3038,75141,4289,193983,California
Sacramento,2021-02-21,2885,272184,2298,151654,587,120530,0,0,1003,117970,1875,77016,1003,194986,California
Sacramento,2021-02-22,6153,278337,3725,155379,2428,122958,0,0,2666,117161,3479,80495,2670,197656,California
Sacramento,2021-02-23,7098,285435,4415,159794,2683,125641,0,0,3462,117005,3621,84116,3465,201121,California
Sacramento,2021-02-24,9580,295015,5277,165071,4303,129944,0,0,5249,117942,4317,88433,5254,206375,California
Sacramento,2021-02-25,9989,305004,5385,170456,4604,134548,0,0,5521,119009,4454,92887,5521,211896,California
Sacramento,2021-02-26,13847,318851,6449,176905,7398,141946,0,0,9522,124241,4294,97181,9526,221422,California
Sacramento,2021-02-27,10772,329623,6698,183603,4071,146017,3,3,7923,129336,2832,100013,7927,229349,California
Sacramento,2021-02-28,5557,335180,2194,185797,3363,149380,0,3,2560,128914,2983,102996,2561,231910,California
Sacramento,2021-03-01,7948,343128,3422,189219,4526,153906,0,3,4271,129530,3657,106653,4273,236183,California
Sacramento,2021-03-02,8782,351910,3988,193207,4793,158699,1,4,5481,131728,3286,109939,5484,241667,California
Sacramento,2021-03-03,10682,362592,4894,198101,5785,164484,3,7,6303,133675,4361,114300,6308,247975,California
Sacramento,2021-03-04,12279,374871,5089,203190,7186,171670,4,11,7075,135586,5175,119475,7086,255061,California
Sacramento,2021-03-05,10497,385368,4869,208059,5598,177268,30,41,6967,139074,3510,122985,6998,262059,California
Sacramento,2021-03-06,8038,393406,3087,211146,4829,182097,122,163,4063,139300,3958,126943,4184,266243,California
Sacramento,2021-03-07,7544,400950,2182,213328,5278,187375,84,247,3700,139242,3841,130784,3783,270026,California
Sacramento,2021-03-08,9064,410014,4226,217554,4615,191990,223,470,5932,142276,3119,133903,6153,276179,California
Sacramento,2021-03-09,9452,419466,4512,222066,4671,196661,269,739,5419,143946,4018,137921,5688,281867,California
Sacramento,2021-03-10,11564,431030,7462,229528,3776,200437,326,1065,6748,146239,4783,142704,7076,288943,California
Sacramento,2021-03-11,13797,444827,8854,238382,4160,204597,783,1848,8191,149645,5567,148271,8973,297916,California
Sacramento,2021-03-12,17154,461981,8281,246663,8046,212643,827,2675,8092,149561,9011,157282,8927,306843,California
Sacramento,2021-03-13,12833,474814,3562,250225,8849,221492,422,3097,8071,153302,4750,162032,8491,315334,California
Sacramento,2021-03-14,8268,483082,3445,253670,4197,225689,626,3723,4391,154464,3854,165886,5016,320350,California
Sacramento,2021-03-15,12037,495119,4799,258469,6600,232289,638,4361,6989,157065,5027,170913,7628,327978,California
Sacramento,2021-03-16,13805,508924,6180,264649,6988,239277,637,4998,8505,160935,5269,176182,9139,337117,California
Sacramento,2021-03-17,13462,522386,6539,271188,6313,245590,610,5608,8674,165453,4763,180945,9281,346398,California
Sacramento,2021-03-18,13952,536338,6559,277747,6832,252422,561,6169,9251,170592,4671,185616,9810,356208,California
Sacramento,2021-03-19,14842,551180,7426,285173,6054,258476,1362,7531,7445,172026,7373,192989,8807,365015,California
Sacramento,2021-03-20,12696,563876,7524,292697,4833,263309,339,7870,7997,175691,4673,197662,8338,373353,California
Sacramento,2021-03-21,5530,569406,2747,295444,2744,266053,39,7909,4886,179986,632,198294,4927,378280,California
Sacramento,2021-03-22,9219,578625,4754,300198,3698,269751,767,8676,6235,184032,2958,201252,7004,385284,California
Sacramento,2021-03-23,11204,589829,6698,306896,3699,273450,807,9483,7236,188143,3932,205184,8043,393327,California
Sacramento,2021-03-24,11742,601571,7220,314116,3891,277341,631,10114,6783,190641,4918,210102,7416,400743,California
Sacramento,2021-03-25,12381,613952,6734,320850,4841,282182,806,10920,7169,193434,5180,215282,7973,408716,California
Sacramento,2021-03-26,17425,631377,8266,329116,8671,290853,488,11408,8503,193565,8863,224145,8994,417710,California
Sacramento,2021-03-27,9555,640932,3544,332660,5726,296579,285,11693,5136,194595,4389,228534,5419,423129,California
Sacramento,2021-03-28,6437,647369,3205,335865,2985,299564,247,11940,3086,194591,3342,231876,3338,426467,California
Sacramento,2021-03-29,10732,658101,5873,341738,4662,304226,197,12137,5169,194423,5537,237413,5369,431836,California
Sacramento,2021-03-30,11585,669686,6035,347773,5220,309446,330,12467,6070,195328,5494,242907,6399,438235,California
Sacramento,2021-03-31,13146,682832,7795,355568,4958,314404,393,12860,5649,193894,7472,250379,6038,444273,California
Sacramento,2021-04-01,15336,698168,8657,364225,6461,320865,218,13078,5790,190390,9519,259898,6015,450288,California
Sacramento,2021-04-02,15878,714046,8655,372880,6529,327394,694,13772,7949,191131,7905,267803,8646,458934,California
Sacramento,2021-04-03,10332,724378,6163,379043,3622,331016,547,14319,6365,194097,3943,271746,6909,465843,California
Sacramento,2021-04-04,3613,727991,1502,380545,1926,332942,185,14504,1415,193500,2194,273940,1597,467440,California
Sacramento,2021-04-05,11955,739946,7507,388052,3622,336564,826,15330,5357,193105,6575,280515,6180,473620,California
Sacramento,2021-04-06,15435,755381,8802,396854,5331,341895,1302,16632,6858,192719,8545,289060,8159,481779,California
Sacramento,2021-04-07,14604,769985,7929,404783,5132,347027,1543,18175,7122,193928,7449,296509,8658,490437,California
Sacramento,2021-04-08,14833,784818,6682,411465,5207,352234,2944,21119,5930,193922,8870,305379,8864,499301,California
Sacramento,2021-04-09,15537,800355,7605,419070,5795,358029,2137,23256,6023,192602,9474,314853,8154,507455,California
Sacramento,2021-04-10,11492,811847,3096,422166,7359,365388,1037,24293,4583,191330,6885,321738,5613,513068,California
Sacramento,2021-04-11,9447,821294,3089,425255,6137,371525,221,24514,2592,187308,6833,328571,2811,515879,California
Sacramento,2021-04-12,12775,834069,4951,430206,5989,377514,1835,26349,4949,186300,7779,336350,6771,522650,California
Sacramento,2021-04-13,14076,848145,7770,437976,6302,383816,4,26353,5512,183284,8536,344886,5520,528170,California
Sacramento,2021-04-14,13626,861771,6856,444832,6768,390584,2,26355,4960,179611,8639,353525,4966,533136,California
Sacramento,2021-04-15,13908,875679,6811,451643,7095,397679,2,26357,5714,177204,8163,361688,5756,538892,California
Sacramento,2021-04-16,15455,891134,7966,459609,7489,405168,0,26357,6862,175522,8550,370238,6868,545760,California
Sacramento,2021-04-17,11051,902185,3709,463318,7342,412510,0,26357,7399,179282,3642,373880,7402,553162,California
Sacramento,2021-04-18,7087,909272,1891,465209,5196,417706,0,26357,3353,178914,3722,377602,3354,556516,California
Sacramento,2021-04-19,9957,919229,5492,470701,4463,422169,2,26359,4417,177809,5526,383128,4421,560937,California
Sacramento,2021-04-20,4935,924164,3362,474063,1570,423739,3,26362,2688,178285,2235,385363,2711,563648,California
San Benito,2020-12-16,2,2,2,2,0,0,0,0,2,2,0,0,2,2,California
San Benito,2020-12-17,8,10,8,10,0,0,0,0,8,10,0,0,8,10,California
San Benito,2020-12-18,32,42,32,42,0,0,0,0,32,42,0,0,32,42,California
San Benito,2020-12-19,47,89,47,89,0,0,0,0,47,89,0,0,47,89,California
San Benito,2020-12-20,22,111,21,110,1,1,0,0,22,111,0,0,22,111,California
San Benito,2020-12-21,48,159,48,158,0,1,0,0,48,159,0,0,48,159,California
San Benito,2020-12-22,65,224,65,223,0,1,0,0,65,224,0,0,65,224,California
San Benito,2020-12-23,48,272,36,259,12,13,0,0,48,272,0,0,48,272,California
San Benito,2020-12-24,12,284,4,263,8,21,0,0,12,284,0,0,12,284,California
San Benito,2020-12-25,4,288,4,267,0,21,0,0,4,288,0,0,4,288,California
San Benito,2020-12-26,13,301,4,271,9,30,0,0,13,301,0,0,13,301,California
San Benito,2020-12-27,8,309,7,278,1,31,0,0,8,309,0,0,8,309,California
San Benito,2020-12-28,63,372,36,314,27,58,0,0,63,372,0,0,63,372,California
San Benito,2020-12-29,49,421,20,334,29,87,0,0,49,421,0,0,49,421,California
San Benito,2020-12-30,59,480,37,371,22,109,0,0,59,480,0,0,59,480,California
San Benito,2020-12-31,19,499,2,373,17,126,0,0,19,499,0,0,19,499,California
San Benito,2021-01-02,24,523,23,396,1,127,0,0,24,523,0,0,24,523,California
San Benito,2021-01-03,3,526,1,397,2,129,0,0,3,526,0,0,3,526,California
San Benito,2021-01-04,62,588,23,420,39,168,0,0,62,588,0,0,62,588,California
San Benito,2021-01-05,118,706,36,456,82,250,0,0,115,700,3,3,115,703,California
San Benito,2021-01-06,97,803,42,498,55,305,0,0,83,769,14,17,83,786,California
San Benito,2021-01-07,80,883,43,541,37,342,0,0,52,793,28,45,52,838,California
San Benito,2021-01-08,131,1014,67,608,64,406,0,0,88,838,43,88,88,926,California
San Benito,2021-01-09,44,1058,31,639,13,419,0,0,30,854,14,102,30,956,California
San Benito,2021-01-10,15,1073,13,652,2,421,0,0,5,849,10,112,5,961,California
San Benito,2021-01-11,102,1175,59,711,43,464,0,0,49,845,53,165,49,1010,California
San Benito,2021-01-12,156,1331,53,764,103,567,0,0,120,929,36,201,120,1130,California
San Benito,2021-01-13,190,1521,35,799,155,722,0,0,163,1065,27,228,163,1293,California
San Benito,2021-01-14,114,1635,23,822,91,813,0,0,97,1145,17,245,97,1390,California
San Benito,2021-01-15,214,1849,21,843,193,1006,0,0,200,1331,14,259,200,1590,California
San Benito,2021-01-16,27,1876,9,852,18,1024,0,0,21,1346,6,265,21,1611,California
San Benito,2021-01-17,11,1887,5,857,6,1030,0,0,8,1351,3,268,8,1619,California
San Benito,2021-01-18,36,1923,23,880,13,1043,0,0,21,1357,15,283,21,1640,California
San Benito,2021-01-19,150,2073,63,943,87,1130,0,0,124,1455,26,309,124,1764,California
San Benito,2021-01-20,261,2334,80,1023,181,1311,0,0,215,1625,45,354,215,1979,California
San Benito,2021-01-21,124,2458,31,1054,93,1404,0,0,100,1701,24,378,100,2079,California
San Benito,2021-01-22,230,2688,19,1073,211,1615,0,0,220,1911,10,388,220,2299,California
San Benito,2021-01-23,30,2718,16,1089,14,1629,0,0,13,1907,17,405,13,2312,California
San Benito,2021-01-24,11,2729,3,1092,8,1637,0,0,7,1910,4,409,7,2319,California
San Benito,2021-01-25,67,2796,25,1117,42,1679,0,0,22,1887,45,454,22,2341,California
San Benito,2021-01-26,134,2930,41,1158,93,1772,0,0,81,1915,53,507,81,2422,California
San Benito,2021-01-27,230,3160,69,1227,161,1933,0,0,190,2065,40,547,190,2612,California
San Benito,2021-01-28,156,3316,32,1259,124,2057,0,0,124,2158,31,578,124,2736,California
San Benito,2021-01-29,284,3600,32,1291,252,2309,0,0,260,2395,23,601,260,2996,California
San Benito,2021-01-30,49,3649,31,1322,18,2327,0,0,27,2400,22,623,27,3023,California
San Benito,2021-01-31,17,3666,5,1327,12,2339,0,0,12,2407,5,628,12,3035,California
San Benito,2021-02-01,133,3799,28,1355,105,2444,0,0,89,2452,44,672,89,3124,California
San Benito,2021-02-02,224,4023,48,1403,176,2620,0,0,134,2496,90,762,134,3258,California
San Benito,2021-02-03,336,4359,42,1445,294,2914,0,0,272,2704,64,826,272,3530,California
San Benito,2021-02-04,160,4519,24,1469,136,3050,0,0,116,2776,44,870,116,3646,California
San Benito,2021-02-05,290,4809,40,1509,250,3300,0,0,227,2940,63,933,227,3873,California
San Benito,2021-02-06,49,4858,9,1518,40,3340,0,0,32,2955,17,950,32,3905,California
San Benito,2021-02-07,15,4873,7,1525,8,3348,0,0,14,2968,1,951,14,3919,California
San Benito,2021-02-08,137,5010,15,1540,122,3470,0,0,91,3013,46,997,91,4010,California
San Benito,2021-02-09,326,5336,64,1604,262,3732,0,0,195,3077,131,1128,195,4205,California
San Benito,2021-02-10,318,5654,88,1692,230,3962,0,0,124,3007,194,1322,124,4329,California
San Benito,2021-02-11,295,5949,31,1723,264,4226,0,0,197,3106,98,1420,197,4526,California
San Benito,2021-02-12,411,6360,30,1753,381,4607,0,0,207,3110,203,1623,207,4733,California
San Benito,2021-02-13,57,6417,8,1761,49,4656,0,0,43,3139,14,1637,43,4776,California
San Benito,2021-02-14,40,6457,5,1766,35,4691,0,0,30,3159,10,1647,30,4806,California
San Benito,2021-02-15,106,6563,9,1775,97,4788,0,0,95,3243,11,1658,95,4901,California
San Benito,2021-02-16,204,6767,11,1786,193,4981,0,0,101,3241,103,1761,101,5002,California
San Benito,2021-02-17,327,7094,30,1816,297,5278,0,0,279,3472,48,1809,279,5281,California
San Benito,2021-02-18,291,7385,38,1854,253,5531,0,0,70,3321,221,2030,70,5351,California
San Benito,2021-02-19,324,7709,45,1899,279,5810,0,0,158,3313,166,2196,158,5509,California
San Benito,2021-02-20,45,7754,26,1925,19,5829,0,0,36,3340,9,2205,36,5545,California
San Benito,2021-02-21,23,7777,8,1933,15,5844,0,0,14,3345,9,2214,14,5559,California
San Benito,2021-02-22,131,7908,36,1969,95,5939,0,0,97,3409,33,2247,97,5656,California
San Benito,2021-02-23,374,8282,92,2061,282,6221,0,0,263,3561,111,2358,263,5919,California
San Benito,2021-02-24,373,8655,63,2124,310,6531,0,0,235,3658,138,2496,235,6154,California
San Benito,2021-02-25,391,9046,63,2187,328,6859,0,0,270,3805,123,2619,270,6424,California
San Benito,2021-02-26,640,9686,73,2260,567,7426,0,0,398,3961,242,2861,398,6822,California
San Benito,2021-02-27,98,9784,36,2296,62,7488,0,0,83,4029,15,2876,83,6905,California
San Benito,2021-02-28,248,10032,24,2320,224,7712,0,0,239,4259,9,2885,239,7144,California
San Benito,2021-03-01,224,10256,59,2379,165,7877,0,0,155,4344,70,2955,155,7299,California
San Benito,2021-03-02,258,10514,76,2455,182,8059,0,0,189,4464,69,3024,189,7488,California
San Benito,2021-03-03,387,10901,55,2510,332,8391,0,0,213,4505,172,3196,213,7701,California
San Benito,2021-03-04,609,11510,123,2633,471,8862,15,15,431,4762,178,3374,435,8136,California
San Benito,2021-03-05,582,12092,305,2938,264,9126,13,28,373,4940,208,3582,386,8522,California
San Benito,2021-03-06,188,12280,65,3003,109,9235,14,42,137,5040,51,3633,151,8673,California
San Benito,2021-03-07,647,12927,603,3606,22,9257,22,64,615,5645,32,3665,637,9310,California
San Benito,2021-03-08,287,13214,65,3671,176,9433,46,110,166,5736,121,3786,212,9522,California
San Benito,2021-03-09,422,13636,85,3756,239,9672,98,208,137,5660,284,4070,208,9730,California
San Benito,2021-03-10,401,14037,114,3870,193,9865,94,302,232,5817,169,4239,326,10056,California
San Benito,2021-03-11,467,14504,119,3989,196,10061,152,454,207,5916,260,4499,359,10415,California
San Benito,2021-03-12,508,15012,117,4106,297,10358,94,548,229,5963,277,4776,324,10739,California
San Benito,2021-03-13,201,15213,102,4208,81,10439,18,566,128,6038,71,4847,146,10885,California
San Benito,2021-03-14,232,15445,40,4248,172,10611,20,586,180,6187,51,4898,200,11085,California
San Benito,2021-03-15,323,15768,99,4347,205,10816,19,605,189,6261,134,5032,208,11293,California
San Benito,2021-03-16,488,16256,217,4564,240,11056,31,636,346,6495,142,5174,376,11669,California
San Benito,2021-03-17,780,17036,475,5039,283,11339,22,658,556,6845,220,5394,570,12239,California
San Benito,2021-03-18,785,17821,524,5563,205,11544,56,714,570,7249,213,5607,617,12856,California
San Benito,2021-03-19,775,18596,402,5965,350,11894,23,737,592,7681,183,5790,615,13471,California
San Benito,2021-03-20,235,18831,145,6110,78,11972,12,749,179,7816,56,5846,191,13662,California
San Benito,2021-03-21,106,18937,54,6164,47,12019,5,754,79,7873,27,5873,84,13746,California
San Benito,2021-03-22,342,19279,169,6333,148,12167,25,779,227,8010,115,5988,252,13998,California
San Benito,2021-03-23,476,19755,199,6532,267,12434,10,789,223,7989,253,6241,232,14230,California
San Benito,2021-03-24,573,20328,305,6837,261,12695,7,796,363,8150,208,6449,369,14599,California
San Benito,2021-03-25,711,21039,413,7250,294,12989,4,800,417,8279,292,6741,421,15020,California
San Benito,2021-03-26,995,22034,517,7767,475,13464,3,803,328,7944,666,7407,331,15351,California
San Benito,2021-03-27,327,22361,181,7948,113,13577,33,836,211,8073,115,7522,244,15595,California
San Benito,2021-03-28,692,23053,571,8519,116,13693,5,841,127,7640,565,8087,132,15727,California
San Benito,2021-03-29,347,23400,112,8631,215,13908,20,861,152,7616,195,8282,171,15898,California
San Benito,2021-03-30,567,23967,266,8897,210,14118,91,952,287,7714,280,8562,378,16276,California
San Benito,2021-03-31,577,24544,354,9251,199,14317,24,976,330,7823,245,8807,354,16630,California
San Benito,2021-04-01,929,25473,374,9625,517,14834,38,1014,553,8033,375,9182,585,17215,California
San Benito,2021-04-02,536,26009,261,9886,140,14974,135,1149,264,8160,272,9454,399,17614,California
San Benito,2021-04-03,252,26261,89,9975,104,15078,59,1208,78,8123,174,9628,137,17751,California
San Benito,2021-04-04,146,26407,110,10085,30,15108,6,1214,108,8199,38,9666,114,17865,California
San Benito,2021-04-05,350,26757,171,10256,138,15246,41,1255,143,8175,207,9873,183,18048,California
San Benito,2021-04-06,445,27202,158,10414,121,15367,166,1421,159,8214,286,10159,325,18373,California
San Benito,2021-04-07,896,28098,520,10934,213,15580,163,1584,255,7992,640,10799,418,18791,California
San Benito,2021-04-08,831,28929,424,11358,171,15751,236,1820,214,7826,616,11415,450,19241,California
San Benito,2021-04-09,850,29779,511,11869,249,16000,90,1910,303,7673,546,11961,393,19634,California
San Benito,2021-04-10,343,30122,216,12085,71,16071,56,1966,196,7778,147,12108,252,19886,California
San Benito,2021-04-11,500,30622,302,12387,167,16238,31,1997,277,7862,223,12331,307,20193,California
San Benito,2021-04-12,525,31147,287,12674,129,16367,109,2106,277,7999,247,12578,384,20577,California
San Benito,2021-04-13,781,31928,320,12994,438,16805,23,2129,551,8344,229,12807,574,21151,California
San Benito,2021-04-14,802,32730,627,13621,175,16980,0,2129,371,8290,426,13233,372,21523,California
San Benito,2021-04-15,889,33619,687,14308,201,17181,1,2130,429,8285,459,13692,454,21977,California
San Benito,2021-04-16,673,34292,357,14665,307,17488,9,2139,276,8176,394,14086,285,22262,California
San Benito,2021-04-17,278,34570,218,14883,60,17548,0,2139,102,8102,176,14262,102,22364,California
San Benito,2021-04-18,470,35040,398,15281,72,17620,0,2139,223,8079,247,14509,224,22588,California
San Benito,2021-04-19,566,35606,456,15737,110,17730,0,2139,329,8171,237,14746,329,22917,California
San Benito,2021-04-20,373,35979,126,15863,246,17976,1,2140,250,8298,123,14869,250,23167,California
San Bernardino,2020-12-15,13,13,13,13,0,0,0,0,13,13,0,0,13,13,California
San Bernardino,2020-12-16,107,120,107,120,0,0,0,0,107,120,0,0,107,120,California
San Bernardino,2020-12-17,2350,2470,2350,2470,0,0,0,0,2350,2470,0,0,2350,2470,California
San Bernardino,2020-12-18,3142,5612,3139,5609,3,3,0,0,3143,5613,0,0,3143,5613,California
San Bernardino,2020-12-19,1066,6678,1065,6674,1,4,0,0,1067,6680,0,0,1067,6680,California
San Bernardino,2020-12-20,1174,7852,1172,7846,2,6,0,0,1174,7854,0,0,1174,7854,California
San Bernardino,2020-12-21,2452,10304,2447,10293,5,11,0,0,2452,10306,0,0,2452,10306,California
San Bernardino,2020-12-22,2268,12572,2142,12435,126,137,0,0,2269,12575,0,0,2269,12575,California
San Bernardino,2020-12-23,2646,15218,1454,13889,1192,1329,0,0,2645,15220,0,0,2645,15220,California
San Bernardino,2020-12-24,1159,16377,585,14474,574,1903,0,0,1161,16381,0,0,1161,16381,California
San Bernardino,2020-12-25,74,16451,14,14488,60,1963,0,0,74,16455,0,0,74,16455,California
San Bernardino,2020-12-26,461,16912,253,14741,208,2171,0,0,461,16916,0,0,461,16916,California
San Bernardino,2020-12-27,343,17255,160,14901,183,2354,0,0,343,17259,0,0,343,17259,California
San Bernardino,2020-12-28,1562,18817,711,15612,851,3205,0,0,1563,18822,0,0,1563,18822,California
San Bernardino,2020-12-29,2210,21027,1042,16654,1168,4373,0,0,2209,21030,1,1,2209,21031,California
San Bernardino,2020-12-30,2891,23918,1460,18114,1431,5804,0,0,2892,23922,0,1,2892,23923,California
San Bernardino,2020-12-31,1356,25274,440,18554,916,6720,0,0,1354,25276,0,1,1354,25277,California
San Bernardino,2021-01-01,279,25553,149,18703,130,6850,0,0,278,25554,0,1,278,25555,California
San Bernardino,2021-01-02,474,26027,338,19041,136,6986,0,0,474,26028,0,1,474,26029,California
San Bernardino,2021-01-03,135,26162,85,19126,50,7036,0,0,135,26163,0,1,135,26164,California
San Bernardino,2021-01-04,2117,28279,1286,20412,831,7867,0,0,2116,28279,0,1,2116,28280,California
San Bernardino,2021-01-05,2325,30604,1455,21867,870,8737,0,0,2215,30385,109,110,2215,30495,California
San Bernardino,2021-01-06,3426,34030,2354,24221,1072,9809,0,0,2933,32832,487,597,2934,33429,California
San Bernardino,2021-01-07,5405,39435,4499,28720,906,10715,0,0,2475,32396,2911,3508,2475,35904,California
San Bernardino,2021-01-08,5358,44793,4440,33160,918,11633,0,0,2285,31615,3067,6575,2286,38190,California
San Bernardino,2021-01-09,1402,46195,1103,34263,299,11932,0,0,905,32023,497,7072,905,39095,California
San Bernardino,2021-01-10,1020,47215,598,34861,422,12354,0,0,573,32149,447,7519,573,39668,California
San Bernardino,2021-01-11,4980,52195,4078,38939,902,13256,0,0,2766,32704,2211,9730,2766,42434,California
San Bernardino,2021-01-12,4229,56424,3220,42159,1009,14265,0,0,2515,33506,1713,11443,2515,44949,California
San Bernardino,2021-01-13,4550,60974,2848,45007,1702,15967,0,0,3326,35622,1211,12654,3327,48276,California
San Bernardino,2021-01-14,4741,65715,2773,47780,1968,17935,0,0,4159,39203,578,13232,4159,52435,California
San Bernardino,2021-01-15,5979,71694,2973,50753,3006,20941,0,0,5584,44405,385,13617,5587,58022,California
San Bernardino,2021-01-16,2258,73952,1293,52046,965,21906,0,0,2117,46381,141,13758,2117,60139,California
San Bernardino,2021-01-17,1188,75140,515,52561,673,22579,0,0,1098,47392,89,13847,1100,61239,California
San Bernardino,2021-01-18,4263,79403,2637,55198,1626,24205,0,0,3645,50422,617,14464,3647,64886,California
San Bernardino,2021-01-19,6300,85703,3708,58906,2592,26797,0,0,5210,54546,1088,15552,5212,70098,California
San Bernardino,2021-01-20,6802,92505,3731,62637,3071,29868,0,0,4873,57500,1921,17473,4875,74973,California
San Bernardino,2021-01-21,5979,98484,3073,65710,2906,32774,0,0,4865,61262,1105,18578,4867,79840,California
San Bernardino,2021-01-22,6499,104983,3034,68744,3465,36239,0,0,5778,66322,719,19297,5779,85619,California
San Bernardino,2021-01-23,3102,108085,1886,70630,1216,37455,0,0,2715,68651,386,19683,2715,88334,California
San Bernardino,2021-01-24,1192,109277,460,71090,732,38187,0,0,1092,69643,100,19783,1092,89426,California
San Bernardino,2021-01-25,6860,116137,3395,74485,3465,41652,0,0,5016,72820,1842,21625,5019,94445,California
San Bernardino,2021-01-26,7098,123235,3562,78047,3536,45188,0,0,5008,75738,2090,23715,5008,99453,California
San Bernardino,2021-01-27,8288,131523,4119,82166,4169,49357,0,0,5589,78640,2690,26405,5592,105045,California
San Bernardino,2021-01-28,8561,140084,4062,86228,4499,53856,0,0,6245,82579,2312,28717,6251,111296,California
San Bernardino,2021-01-29,8141,148225,3740,89968,4401,58257,0,0,6189,86833,1939,30656,6193,117489,California
San Bernardino,2021-01-30,3083,151308,1895,91863,1188,59445,0,0,2799,89349,283,30939,2799,120288,California
San Bernardino,2021-01-31,923,152231,493,92356,430,59875,0,0,869,90165,53,30992,869,121157,California
San Bernardino,2021-02-01,7532,159763,4228,96584,3304,63179,0,0,4914,92464,2615,33607,4914,126071,California
San Bernardino,2021-02-02,10367,170130,3646,100230,6721,69900,0,0,8319,98739,2045,35652,8320,134391,California
San Bernardino,2021-02-03,8965,179095,4144,104374,4821,74721,0,0,6483,102749,2474,38126,6484,140875,California
San Bernardino,2021-02-04,10509,189604,5200,109574,5309,80030,0,0,7444,107139,3054,41180,7444,148319,California
San Bernardino,2021-02-05,10969,200573,5909,115483,5060,85090,0,0,7452,111086,3506,44686,7453,155772,California
San Bernardino,2021-02-06,5250,205823,2206,117689,3044,88134,0,0,3617,113098,1608,46294,3620,159392,California
San Bernardino,2021-02-07,844,206667,491,118180,353,88487,0,0,467,113192,374,46668,468,159860,California
San Bernardino,2021-02-08,7265,213932,3870,122050,3395,91882,0,0,5600,117131,1661,48329,5600,165460,California
San Bernardino,2021-02-09,9900,223832,5818,127868,4082,95964,0,0,6676,120589,3221,51550,6679,172139,California
San Bernardino,2021-02-10,11997,235829,6533,134401,5464,101428,0,0,7840,124284,4146,55696,7841,179980,California
San Bernardino,2021-02-11,12243,248072,7041,141442,5202,106630,0,0,7813,127692,4408,60104,7816,187796,California
San Bernardino,2021-02-12,10337,258409,5919,147361,4418,111048,0,0,5685,128739,4638,64742,5685,193481,California
San Bernardino,2021-02-13,6004,264413,3989,151350,2015,113063,0,0,3767,130290,2221,66963,3772,197253,California
San Bernardino,2021-02-14,1546,265959,648,151998,898,113961,0,0,870,130492,668,67631,870,198123,California
San Bernardino,2021-02-15,5455,271414,2995,154993,2460,116421,0,0,3056,131163,2385,70016,3056,201179,California
San Bernardino,2021-02-16,12585,283999,7372,162365,5213,121634,0,0,7966,134525,4606,74622,7968,209147,California
San Bernardino,2021-02-17,11776,295775,6455,168820,5321,126955,0,0,7163,137091,4598,79220,7164,216311,California
San Bernardino,2021-02-18,12447,308222,7582,176402,4865,131820,0,0,7707,140074,4725,83945,7708,224019,California
San Bernardino,2021-02-19,11471,319693,5903,182305,5568,137388,0,0,6787,142196,4665,88610,6787,230806,California
San Bernardino,2021-02-20,4492,324185,3448,185753,1044,138432,0,0,2040,141787,2450,91060,2041,232847,California
San Bernardino,2021-02-21,1020,325205,563,186316,457,138889,0,0,322,141414,695,91755,322,233169,California
San Bernardino,2021-02-22,8491,333696,5197,191513,3294,142183,0,0,4025,140985,4455,96210,4026,237195,California
San Bernardino,2021-02-23,8836,342532,5186,196699,3650,145833,0,0,4529,141238,4276,100486,4529,241724,California
San Bernardino,2021-02-24,11996,354528,6846,203545,5150,150983,0,0,6059,141386,5912,106398,6060,247784,California
San Bernardino,2021-02-25,12896,367424,6250,209795,6646,157629,0,0,7515,143539,5365,111763,7518,255302,California
San Bernardino,2021-02-26,13327,380751,6373,216168,6954,164583,0,0,7493,145259,5774,117537,7494,262796,California
San Bernardino,2021-02-27,6599,387350,3667,219835,2931,167514,1,1,4780,148230,1810,119347,4781,267577,California
San Bernardino,2021-02-28,1734,389084,709,220544,1025,168539,0,1,1121,148743,608,119955,1121,268698,California
San Bernardino,2021-03-01,8365,397449,4309,224853,4054,172593,2,3,3822,148052,4522,124477,3831,272529,California
San Bernardino,2021-03-02,13534,410983,5341,230194,8193,180786,0,3,6428,147404,7079,131556,6431,278960,California
San Bernardino,2021-03-03,12468,423451,6326,236520,6140,186926,2,5,5753,146465,6699,138255,5760,284720,California
San Bernardino,2021-03-04,12751,436202,6480,243000,6271,193197,0,5,5770,145274,6963,145218,5772,290492,California
San Bernardino,2021-03-05,13362,449564,6717,249717,6644,199841,1,6,6787,145532,6547,151765,6805,297297,California
San Bernardino,2021-03-06,9516,459080,5271,254988,4030,203871,215,221,4441,145126,5061,156826,4655,301952,California
San Bernardino,2021-03-07,1568,460648,926,255914,587,204458,55,276,998,145611,568,157394,1053,303005,California
San Bernardino,2021-03-08,7239,467887,3103,259017,3975,208433,161,437,3463,145465,3771,161165,3625,306630,California
San Bernardino,2021-03-09,11923,479810,6552,265569,5135,213568,236,673,4789,143371,7120,168285,5026,311656,California
San Bernardino,2021-03-10,13303,493113,7252,272821,5659,219227,392,1065,6150,142792,7127,175412,6548,318204,California
San Bernardino,2021-03-11,13707,506820,6470,279291,6437,225664,800,1865,7195,144296,6491,181903,7995,326199,California
San Bernardino,2021-03-12,15200,522020,6776,286067,6410,232074,2014,3879,7262,145707,7911,189814,9322,335521,California
San Bernardino,2021-03-13,8242,530262,4486,290553,3256,235330,500,4379,4894,147763,3339,193153,5395,340916,California
San Bernardino,2021-03-14,3197,533459,1600,292153,1030,236360,567,4946,1829,148793,1362,194515,2392,343308,California
San Bernardino,2021-03-15,11256,544715,5304,297457,3952,240312,2000,6946,5526,150595,5722,200237,7524,350832,California
San Bernardino,2021-03-16,15966,560681,7884,305341,7140,247452,942,7888,9745,155080,6199,206436,10684,361516,California
San Bernardino,2021-03-17,16805,577486,8445,313786,7613,255065,747,8635,10117,159274,6671,213107,10865,372381,California
San Bernardino,2021-03-18,16236,593722,8051,321837,7801,262866,384,9019,9542,162534,6667,219774,9927,382308,California
San Bernardino,2021-03-19,16646,610368,8192,330029,7869,270735,585,9604,9544,165639,7078,226852,10183,392491,California
San Bernardino,2021-03-20,9352,619720,5888,335917,2882,273617,582,10186,5556,168003,3772,230624,6136,398627,California
San Bernardino,2021-03-21,2738,622458,2233,338150,458,274075,47,10233,2216,169756,510,231134,2263,400890,California
San Bernardino,2021-03-22,9555,632013,4490,342640,4632,278707,433,10666,6941,174533,2598,233732,7375,408265,California
San Bernardino,2021-03-23,15288,647301,8671,351311,5997,284704,620,11286,9554,178989,5716,239448,10172,418437,California
San Bernardino,2021-03-24,14853,662154,7712,359023,6843,291547,298,11584,9915,184298,4905,244353,10214,428651,California
San Bernardino,2021-03-25,16622,678776,8175,367198,8157,299704,290,11874,10572,189149,6008,250361,10859,439510,California
San Bernardino,2021-03-26,17806,696582,8557,375755,8483,308187,766,12640,10866,193870,6912,257273,11633,451143,California
San Bernardino,2021-03-27,10665,707247,6871,382626,3047,311234,747,13387,6119,196205,4531,261804,6866,458009,California
San Bernardino,2021-03-28,3516,710763,2471,385097,934,312168,111,13498,2480,197766,1029,262833,2590,460599,California
San Bernardino,2021-03-29,11259,722022,5945,391042,4916,317084,398,13896,7645,202208,3600,266433,8042,468641,California
San Bernardino,2021-03-30,16725,738747,9387,400429,6630,323714,708,14604,10797,207814,5894,272327,11500,480141,California
San Bernardino,2021-03-31,16115,754862,9115,409544,6392,330106,608,15212,10890,214107,5203,277530,11496,491637,California
San Bernardino,2021-04-01,19371,774233,10249,419793,7774,337880,1348,16560,12663,221434,6681,284211,14008,505645,California
San Bernardino,2021-04-02,18389,792622,9210,429003,7910,345790,1269,17829,11141,226663,7221,291432,12450,518095,California
San Bernardino,2021-04-03,10851,803473,6768,435771,2961,348751,1122,18951,5943,228829,4896,296328,7062,525157,California
San Bernardino,2021-04-04,2410,805883,1451,437222,716,349467,243,19194,1226,229116,1182,297510,1469,526626,California
San Bernardino,2021-04-05,11647,817530,5242,442464,4682,354149,1723,20917,6042,231291,5586,303096,7761,534387,California
San Bernardino,2021-04-06,19594,837124,11014,453478,6490,360639,2090,23007,10464,234748,9095,312191,12552,546939,California
San Bernardino,2021-04-07,20793,857917,11150,464628,7202,367841,2441,25448,11452,239319,9312,321503,13883,560822,California
San Bernardino,2021-04-08,21537,879454,11027,475655,7929,375770,2581,28029,11961,244308,9548,331051,14537,575359,California
San Bernardino,2021-04-09,20820,900274,10433,486088,7939,383709,2448,30477,11477,248915,9311,340362,13918,589277,California
San Bernardino,2021-04-10,15405,915679,7953,494041,3784,387493,3668,34145,7666,252521,7720,348082,11326,600603,California
San Bernardino,2021-04-11,4303,919982,2531,496572,881,388374,891,35036,2000,253113,2298,350380,2890,603493,California
San Bernardino,2021-04-12,12822,932804,5875,502447,5381,393755,1566,36602,6067,254007,6737,357117,7631,611124,California
San Bernardino,2021-04-13,18648,951452,10569,513016,8060,401815,19,36621,10609,256613,8020,365137,10626,621750,California
San Bernardino,2021-04-14,17492,968944,9313,522329,8176,409991,3,36624,9838,258829,7627,372764,9843,631593,California
San Bernardino,2021-04-15,18376,987320,10169,532498,8204,418195,3,36627,9638,259801,8708,381472,9680,641273,California
San Bernardino,2021-04-16,18035,1005355,10243,542741,7792,425987,0,36627,8853,259507,9153,390625,8859,650132,California
San Bernardino,2021-04-17,11506,1016861,7570,550311,3936,429923,0,36627,5993,260009,5491,396116,5993,656125,California
San Bernardino,2021-04-18,2668,1019529,1786,552097,882,430805,0,36627,1182,259716,1475,397591,1182,657307,California
San Bernardino,2021-04-19,11688,1031217,6242,558339,5446,436251,0,36627,4484,257018,7186,404777,4488,661795,California
San Bernardino,2021-04-20,6807,1038024,4360,562699,2445,438696,2,36629,3664,257557,3137,407914,3676,665471,California
San Diego,2020-12-15,119,119,119,119,0,0,0,0,119,119,0,0,119,119,California
San Diego,2020-12-16,1101,1220,1101,1220,0,0,0,0,1101,1220,0,0,1101,1220,California
San Diego,2020-12-17,2348,3568,2348,3568,0,0,0,0,2348,3568,0,0,2348,3568,California
San Diego,2020-12-18,3671,7239,3670,7238,1,1,0,0,3671,7239,0,0,3671,7239,California
San Diego,2020-12-19,2310,9549,2310,9548,0,1,0,0,2310,9549,0,0,2310,9549,California
San Diego,2020-12-20,1184,10733,1183,10731,1,2,0,0,1184,10733,0,0,1184,10733,California
San Diego,2020-12-21,3521,14254,3520,14251,1,3,0,0,3521,14254,0,0,3521,14254,California
San Diego,2020-12-22,4054,18308,3411,17662,643,646,0,0,4054,18308,0,0,4054,18308,California
San Diego,2020-12-23,3178,21486,1976,19638,1202,1848,0,0,3178,21486,0,0,3178,21486,California
San Diego,2020-12-24,2733,24219,2217,21855,516,2364,0,0,2733,24219,0,0,2733,24219,California
San Diego,2020-12-25,874,25093,873,22728,1,2365,0,0,874,25093,0,0,874,25093,California
San Diego,2020-12-26,3294,28387,2143,24871,1151,3516,0,0,3294,28387,0,0,3294,28387,California
San Diego,2020-12-27,2507,30894,1617,26488,890,4406,0,0,2506,30892,1,1,2506,30893,California
San Diego,2020-12-28,5901,36795,4213,30701,1688,6094,0,0,5901,36793,0,1,5901,36794,California
San Diego,2020-12-29,5588,42383,3014,33715,2574,8668,0,0,5588,42381,0,1,5588,42382,California
San Diego,2020-12-30,5943,48326,3099,36814,2844,11512,0,0,5943,48324,0,1,5943,48325,California
San Diego,2020-12-31,2983,51309,1004,37818,1979,13491,0,0,2983,51307,0,1,2983,51308,California
San Diego,2021-01-01,1006,52315,452,38270,554,14045,0,0,1005,52312,0,1,1005,52313,California
San Diego,2021-01-02,3762,56077,1321,39591,2441,16486,0,0,3762,56074,0,1,3762,56075,California
San Diego,2021-01-03,859,56936,632,40223,227,16713,0,0,858,56932,0,1,858,56933,California
San Diego,2021-01-04,3703,60639,2052,42275,1651,18364,0,0,3696,60628,0,1,3696,60629,California
San Diego,2021-01-05,4310,64949,2122,44397,2188,20552,0,0,3693,63721,613,614,3706,64335,California
San Diego,2021-01-06,4948,69897,2300,46697,2648,23200,0,0,3713,66226,1212,1826,3717,68052,California
San Diego,2021-01-07,5606,75503,2980,49677,2626,25826,0,0,3451,67535,2148,3974,3457,71509,California
San Diego,2021-01-08,7722,83225,4959,54636,2763,28589,0,0,3936,67717,3769,7743,3951,75460,California
San Diego,2021-01-09,2955,86180,1554,56190,1401,29990,0,0,1787,68354,1158,8901,1795,77255,California
San Diego,2021-01-10,1881,88061,1292,57482,589,30579,0,0,780,68053,1089,9990,788,78043,California
San Diego,2021-01-11,10323,98384,5858,63340,4465,35044,0,0,6798,71347,3518,13508,6812,84855,California
San Diego,2021-01-12,11202,109586,5317,68657,5885,40929,0,0,7830,75927,3363,16871,7943,92798,California
San Diego,2021-01-13,11476,121062,5023,73680,6453,47382,0,0,8931,82349,2532,19403,8954,101752,California
San Diego,2021-01-14,12361,133423,4750,78430,7611,54993,0,0,10195,90421,2157,21560,10229,111981,California
San Diego,2021-01-15,15119,148542,5353,83783,9766,64759,0,0,12476,100325,2624,24184,12528,124509,California
San Diego,2021-01-16,10767,159309,3594,87377,7173,71932,0,0,9321,108237,1441,25625,9353,133862,California
San Diego,2021-01-17,8681,167990,2499,89876,6182,78114,0,0,7843,115260,838,26463,7861,141723,California
San Diego,2021-01-18,12498,180488,5942,95818,6556,84670,0,0,9668,122191,2791,29254,9722,151445,California
San Diego,2021-01-19,14750,195238,5823,101641,8927,93597,0,0,11624,130961,3112,32366,11882,163327,California
San Diego,2021-01-20,18324,213562,6385,108026,11939,105536,0,0,15034,142895,3271,35637,15205,178532,California
San Diego,2021-01-21,17401,230963,5898,113924,11503,117039,0,0,16010,157672,1380,37017,16157,194689,California
San Diego,2021-01-22,17677,248640,4754,118678,12923,129962,0,0,15623,171350,2041,39058,15719,210408,California
San Diego,2021-01-23,14476,263116,5270,123948,9206,139168,0,0,12114,181171,2349,41407,12170,222578,California
San Diego,2021-01-24,11912,275028,3358,127306,8554,147722,0,0,10937,191169,973,42380,10971,233549,California
San Diego,2021-01-25,12220,287248,5749,133055,6471,154193,0,0,9210,197527,3003,45383,9361,242910,California
San Diego,2021-01-26,14937,302185,7642,140697,7295,161488,0,0,11663,206107,3269,48652,11849,254759,California
San Diego,2021-01-27,20758,322943,8123,148820,12635,174123,0,0,17672,220842,3072,51724,17807,272566,California
San Diego,2021-01-28,21299,344242,7644,156464,13655,187778,0,0,19040,237709,2249,53973,19116,291682,California
San Diego,2021-01-29,19695,363937,6457,162921,13238,201016,0,0,17274,252615,2411,56384,17317,308999,California
San Diego,2021-01-30,15899,379836,3667,166588,12232,213248,0,0,13220,263263,2669,59053,13317,322316,California
San Diego,2021-01-31,14790,394626,5752,172340,9038,222286,0,0,14432,277368,354,59407,14459,336775,California
San Diego,2021-02-01,20519,415145,7233,179573,13286,235572,0,0,17330,291599,3175,62582,17406,354181,California
San Diego,2021-02-02,23198,438343,8691,188264,14507,250079,0,0,19667,307913,3521,66103,19835,374016,California
San Diego,2021-02-03,27448,465791,11562,199826,15886,265965,0,0,23276,327214,4154,70257,23455,397471,California
San Diego,2021-02-04,24376,490167,10027,209853,14349,280314,0,0,19678,342491,4681,74938,19958,417429,California
San Diego,2021-02-05,25023,515190,8986,218839,16037,296351,0,0,18478,354936,6522,81460,18967,436396,California
San Diego,2021-02-06,20778,535968,8556,227395,12222,308573,0,0,17583,369553,3189,84649,17806,454202,California
San Diego,2021-02-07,12127,548095,5375,232770,6752,315325,0,0,10262,378223,1845,86494,10515,464717,California
San Diego,2021-02-08,20098,568193,8520,241290,11578,326903,0,0,12688,384204,7394,93888,13375,478092,California
San Diego,2021-02-09,20391,588584,8238,249528,12153,339056,0,0,13195,391290,7176,101064,14262,492354,California
San Diego,2021-02-10,22986,611570,9360,258888,13626,352682,0,0,13886,397476,9056,110120,15242,507596,California
San Diego,2021-02-11,23778,635348,10141,269029,13637,366319,0,0,12735,400869,11016,121136,14409,522005,California
San Diego,2021-02-12,23837,659185,7457,276486,16380,382699,0,0,11921,403142,11899,133035,14172,536177,California
San Diego,2021-02-13,20021,679206,9013,285499,11008,393707,0,0,10896,406116,9116,142151,12090,548267,California
San Diego,2021-02-14,11187,690393,7431,292930,3756,397463,0,0,6337,409263,4846,146997,7993,556260,California
San Diego,2021-02-15,15187,705580,7682,300612,7505,404968,0,0,7843,412927,7325,154322,10989,567249,California
San Diego,2021-02-16,19282,724862,11251,311863,8031,412999,0,0,9235,415483,10036,164358,12592,579841,California
San Diego,2021-02-17,23392,748254,10980,322843,12412,425411,0,0,8149,411980,15232,179590,11729,591570,California
San Diego,2021-02-18,23571,771825,12018,334861,11553,436964,0,0,7795,408629,15770,195360,12419,603989,California
San Diego,2021-02-19,15908,787733,10919,345780,4989,441953,0,0,6634,408109,9254,204614,8734,612723,California
San Diego,2021-02-20,10258,797991,6362,352142,3896,445849,0,0,5818,411738,4436,209050,8065,620788,California
San Diego,2021-02-21,11526,809517,10115,362257,1411,447260,0,0,5202,412965,6299,215349,7526,628314,California
San Diego,2021-02-22,12441,821958,10580,372837,1861,449121,0,0,5804,414613,6632,221981,8280,636594,California
San Diego,2021-02-23,25904,847862,14525,387362,11379,460500,0,0,9672,415003,16227,238208,16617,653211,California
San Diego,2021-02-24,28949,876811,12761,400123,16188,476688,0,0,6866,408394,22065,260273,15456,668667,California
San Diego,2021-02-25,33180,909991,14705,414828,18475,495163,0,0,10164,404974,22998,283271,19578,688245,California
San Diego,2021-02-26,33445,943436,12390,427218,21055,516218,0,0,12147,403029,21272,304543,19327,707572,California
San Diego,2021-02-27,21240,964676,9674,436892,11566,527784,0,0,11453,409159,9780,314323,15910,723482,California
San Diego,2021-02-28,15236,979912,9938,446830,5298,533082,0,0,9492,416708,5742,320065,13291,736773,California
San Diego,2021-03-01,24156,1004068,14236,461066,9919,543001,1,1,14670,426758,9413,329478,19463,756236,California
San Diego,2021-03-02,26067,1030135,13989,475055,12078,555079,0,1,12724,433863,13336,342814,20441,776677,California
San Diego,2021-03-03,33946,1064081,15880,490935,18063,573142,3,4,14051,435924,19882,362696,21943,798620,California
San Diego,2021-03-04,28260,1092341,14057,504992,14203,587345,0,4,12636,440314,15605,378301,19995,818615,California
San Diego,2021-03-05,28884,1121225,14809,519801,13993,601338,82,86,13478,445794,15394,393695,20874,839489,California
San Diego,2021-03-06,23351,1144576,9517,529318,13131,614469,703,789,10300,449137,13043,406738,16386,855875,California
San Diego,2021-03-07,18196,1162772,9292,538610,8334,622803,570,1359,6913,450296,11277,418015,12436,868311,California
San Diego,2021-03-08,23017,1185789,11164,549774,10954,633757,899,2258,11420,455954,11586,429601,17244,885555,California
San Diego,2021-03-09,25788,1211577,11935,561709,12099,645856,1754,4012,10062,457914,15713,445314,17673,903228,California
San Diego,2021-03-10,25205,1236782,10726,572435,12089,657945,2390,6402,9847,460460,15350,460664,17896,921124,California
San Diego,2021-03-11,28658,1265440,10988,583423,14073,672018,3597,9999,10004,460801,18635,479299,18976,940100,California
San Diego,2021-03-12,27061,1292501,9444,592867,14487,686505,3130,13129,9962,460343,17086,496385,16628,956728,California
San Diego,2021-03-13,25958,1318459,7288,600155,17067,703572,1603,14732,10063,460311,15892,512277,15860,972588,California
San Diego,2021-03-14,13698,1332157,5355,605510,7608,711180,735,15467,4783,459355,8910,521187,7954,980542,California
San Diego,2021-03-15,22004,1354161,10155,615665,11072,722252,777,16244,9053,460238,12934,534121,13817,994359,California
San Diego,2021-03-16,29882,1384043,15693,631358,13776,736028,413,16657,15645,466493,14218,548339,20473,1014832,California
San Diego,2021-03-17,26221,1410264,12141,643499,13371,749399,709,17366,16700,477026,9511,557850,20044,1034876,California
San Diego,2021-03-18,31379,1441643,17693,661192,12791,762190,895,18261,16948,484251,14406,572256,21631,1056507,California
San Diego,2021-03-19,30147,1471790,14290,675482,14880,777070,977,19238,19275,495476,10855,583111,22080,1078587,California
San Diego,2021-03-20,27786,1499576,8354,683836,17641,794711,1791,21029,21374,513982,6405,589516,24911,1103498,California
San Diego,2021-03-21,16486,1516062,12003,695839,3767,798478,716,21745,7697,517078,8780,598296,11876,1115374,California
San Diego,2021-03-22,22433,1538495,13095,708934,9098,807576,240,21985,14290,527515,8135,606431,18572,1133946,California
San Diego,2021-03-23,25914,1564409,13599,722533,12054,819630,261,22246,17130,539631,8771,615202,20887,1154833,California
San Diego,2021-03-24,29463,1593872,19702,742235,9398,829028,363,22609,17079,548918,12376,627578,21663,1176496,California
San Diego,2021-03-25,30216,1624088,18219,760454,11338,840366,659,23268,17931,558418,12273,639851,21773,1198269,California
San Diego,2021-03-26,32038,1656126,17874,778328,13617,853983,547,23815,17535,566001,14474,654325,22057,1220326,California
San Diego,2021-03-27,25056,1681182,10996,789324,13667,867650,393,24208,15358,574338,9683,664008,18020,1238346,California
San Diego,2021-03-28,14867,1696049,9196,798520,5615,873265,56,24264,9154,579314,5707,669715,10683,1249029,California
San Diego,2021-03-29,26533,1722582,12836,811356,13100,886365,597,24861,16380,589825,10144,679859,20655,1269684,California
San Diego,2021-03-30,33094,1755676,17850,829206,14474,900839,770,25631,21949,603973,11129,690988,25277,1294961,California
San Diego,2021-03-31,30117,1785793,18697,847903,10781,911620,639,26270,20483,616607,9613,700601,22247,1317208,California
San Diego,2021-04-01,33890,1819683,19968,867871,12571,924191,1351,27621,23018,632164,10850,711451,26407,1343615,California
San Diego,2021-04-02,35356,1855039,20577,888448,12233,936424,2546,30167,24051,648942,11286,722737,28064,1371679,California
San Diego,2021-04-03,30605,1885644,14376,902824,11753,948177,4476,34643,19648,663628,10945,733682,25631,1397310,California
San Diego,2021-04-04,8878,1894522,5056,907880,2924,951101,898,35541,4684,665281,4190,737872,5843,1403153,California
San Diego,2021-04-05,29570,1924092,15350,923230,11672,962773,2548,38089,19373,679786,10185,748057,24690,1427843,California
San Diego,2021-04-06,38494,1962586,20343,943573,12385,975158,5766,43855,22343,694661,16132,764189,31007,1458850,California
San Diego,2021-04-07,35414,1998000,21849,965422,9144,984302,4421,48276,20276,706860,15113,779302,27312,1486162,California
San Diego,2021-04-08,34834,2032834,21213,986635,9634,993936,3987,52263,21211,721303,13606,792908,28049,1514211,California
San Diego,2021-04-09,37572,2070406,22548,1009183,10033,1003969,4991,57254,20544,733808,16957,809865,29462,1543673,California
San Diego,2021-04-10,28354,2098760,11680,1020863,12745,1016714,3929,61183,14611,742147,13733,823598,22072,1565745,California
San Diego,2021-04-11,15342,2114102,9232,1030095,3849,1020563,2261,63444,7206,746425,8133,831731,12411,1578156,California
San Diego,2021-04-12,29477,2143579,11816,1041911,13372,1033935,4289,67733,16875,757885,12588,844319,24048,1602204,California
San Diego,2021-04-13,36725,2180304,17400,1059311,19291,1053226,34,67767,24549,774268,12161,856480,28544,1630748,California
San Diego,2021-04-14,32404,2212708,18429,1077740,13964,1067190,11,67778,17616,783515,14774,871254,24021,1654769,California
San Diego,2021-04-15,38549,2251257,19807,1097547,18740,1085930,2,67780,23325,796436,15207,886461,28128,1682897,California
San Diego,2021-04-16,32826,2284083,18307,1115854,14518,1100448,1,67781,18944,804615,13820,900281,21999,1704896,California
San Diego,2021-04-17,27539,2311622,13422,1129276,14117,1114565,0,67781,12182,805539,15262,915543,16186,1721082,California
San Diego,2021-04-18,13588,2325210,8751,1138027,4834,1119399,3,67784,6493,808586,7092,922635,10139,1731221,California
San Diego,2021-04-19,13679,2338889,5583,1143610,8095,1127494,1,67785,6437,809227,7232,929867,7873,1739094,California
San Diego,2021-04-20,13216,2352105,3446,1147056,9770,1137264,0,67785,7720,816586,5492,935359,12851,1751945,California
San Francisco,2020-12-15,7,7,7,7,0,0,0,0,7,7,0,0,7,7,California
San Francisco,2020-12-16,229,236,229,236,0,0,0,0,229,236,0,0,229,236,California
San Francisco,2020-12-17,395,631,395,631,0,0,0,0,395,631,0,0,395,631,California
San Francisco,2020-12-18,878,1509,877,1508,1,1,0,0,878,1509,0,0,878,1509,California
San Francisco,2020-12-19,601,2110,601,2109,0,1,0,0,601,2110,0,0,601,2110,California
San Francisco,2020-12-20,483,2593,483,2592,0,1,0,0,483,2593,0,0,483,2593,California
San Francisco,2020-12-21,1162,3755,1162,3754,0,1,0,0,1162,3755,0,0,1162,3755,California
San Francisco,2020-12-22,1399,5154,1365,5119,34,35,0,0,1399,5154,0,0,1399,5154,California
San Francisco,2020-12-23,1330,6484,1040,6159,290,325,0,0,1330,6484,0,0,1330,6484,California
San Francisco,2020-12-24,839,7323,503,6662,336,661,0,0,839,7323,0,0,839,7323,California
San Francisco,2020-12-25,33,7356,28,6690,5,666,0,0,33,7356,0,0,33,7356,California
San Francisco,2020-12-26,245,7601,151,6841,94,760,0,0,245,7601,0,0,245,7601,California
San Francisco,2020-12-27,273,7874,60,6901,213,973,0,0,273,7874,0,0,273,7874,California
San Francisco,2020-12-28,1269,9143,685,7586,584,1557,0,0,1269,9143,0,0,1269,9143,California
San Francisco,2020-12-29,1244,10387,621,8207,623,2180,0,0,1244,10387,0,0,1244,10387,California
San Francisco,2020-12-30,1482,11869,778,8985,704,2884,0,0,1482,11869,0,0,1482,11869,California
San Francisco,2020-12-31,964,12833,412,9397,552,3436,0,0,963,12832,0,0,963,12832,California
San Francisco,2021-01-01,71,12904,61,9458,10,3446,0,0,71,12903,0,0,71,12903,California
San Francisco,2021-01-02,333,13237,302,9760,31,3477,0,0,333,13236,0,0,333,13236,California
San Francisco,2021-01-03,293,13530,101,9861,192,3669,0,0,292,13527,1,1,292,13528,California
San Francisco,2021-01-04,1836,15366,1356,11217,480,4149,0,0,1833,15357,3,4,1833,15361,California
San Francisco,2021-01-05,2234,17600,1414,12631,820,4969,0,0,2199,17523,35,39,2201,17562,California
San Francisco,2021-01-06,1868,19468,1161,13792,707,5676,0,0,1603,18864,263,302,1604,19166,California
San Francisco,2021-01-07,2059,21527,1201,14993,858,6534,0,0,1603,20014,453,755,1603,20769,California
San Francisco,2021-01-08,2328,23855,1631,16624,697,7231,0,0,1490,20671,833,1588,1490,22259,California
San Francisco,2021-01-09,1387,25242,892,17516,495,7726,0,0,883,21052,504,2092,885,23144,California
San Francisco,2021-01-10,921,26163,542,18058,379,8105,0,0,461,21054,459,2551,461,23605,California
San Francisco,2021-01-11,2500,28663,1869,19927,631,8736,0,0,1401,21355,1100,3651,1401,25006,California
San Francisco,2021-01-12,3084,31747,2054,21981,1030,9766,0,0,1893,22058,1191,4842,1894,26900,California
San Francisco,2021-01-13,2817,34564,1598,23579,1219,10985,0,0,1990,23221,827,5669,1990,28890,California
San Francisco,2021-01-14,2431,36995,1095,24674,1336,12321,0,0,1872,24534,559,6228,1872,30762,California
San Francisco,2021-01-15,2736,39731,1144,25818,1592,13913,0,0,2345,26492,389,6617,2347,33109,California
San Francisco,2021-01-16,2250,41981,964,26782,1286,15199,0,0,2086,28414,164,6781,2086,35195,California
San Francisco,2021-01-17,1917,43898,531,27313,1386,16585,0,0,1702,29901,215,6996,1702,36897,California
San Francisco,2021-01-18,1372,45270,587,27900,785,17370,0,0,1110,30752,261,7257,1112,38009,California
San Francisco,2021-01-19,2570,47840,1470,29370,1100,18470,0,0,1825,31832,745,8002,1825,39834,California
San Francisco,2021-01-20,2700,50540,1083,30453,1617,20087,0,0,1953,33042,744,8746,1954,41788,California
San Francisco,2021-01-21,3287,53827,927,31380,2360,22447,0,0,2466,34689,819,9565,2466,44254,California
San Francisco,2021-01-22,3167,56994,632,32012,2535,24982,0,0,2725,36974,440,10005,2725,46979,California
San Francisco,2021-01-23,3089,60083,609,32621,2480,27462,0,0,2722,39331,366,10371,2723,49702,California
San Francisco,2021-01-24,2398,62481,335,32956,2063,29525,0,0,2171,41278,224,10595,2171,51873,California
San Francisco,2021-01-25,4577,67058,1779,34735,2798,32323,0,0,3034,42772,1541,12136,3035,54908,California
San Francisco,2021-01-26,4654,71712,2128,36863,2526,34849,0,0,3065,44253,1586,13722,3067,57975,California
San Francisco,2021-01-27,4417,76129,2072,38935,2345,37194,0,0,3069,45978,1344,15066,3069,61044,California
San Francisco,2021-01-28,3749,79878,1552,40487,2197,39391,0,0,2589,47412,1155,16221,2589,63633,California
San Francisco,2021-01-29,4710,84588,1677,42164,3033,42424,0,0,3444,49597,1259,17480,3444,67077,California
San Francisco,2021-01-30,3722,88310,1792,43956,1930,44354,0,0,3277,52433,444,17924,3280,70357,California
San Francisco,2021-01-31,2346,90656,821,44777,1525,45879,0,0,2195,54479,150,18074,2196,72553,California
San Francisco,2021-02-01,3777,94433,1516,46293,2261,48140,0,0,2880,56463,897,18971,2881,75434,California
San Francisco,2021-02-02,4642,99075,1958,48251,2684,50824,0,0,2878,57583,1758,20729,2878,78312,California
San Francisco,2021-02-03,5055,104130,2370,50621,2685,53509,0,0,3752,60036,1300,22029,3753,82065,California
San Francisco,2021-02-04,5015,109145,2431,53052,2584,56093,0,0,3853,62729,1160,23189,3853,85918,California
San Francisco,2021-02-05,5912,115057,3190,56242,2722,58815,0,0,4577,65975,1332,24521,4578,90496,California
San Francisco,2021-02-06,5467,120524,3649,59891,1818,60633,0,0,4568,69647,897,25418,4569,95065,California
San Francisco,2021-02-07,4321,124845,3171,63062,1150,61783,0,0,3745,72820,575,25993,3748,98813,California
San Francisco,2021-02-08,6679,131524,4599,67661,2080,63863,0,0,5475,77110,1187,27180,5477,104290,California
San Francisco,2021-02-09,5911,137435,3983,71644,1928,65791,0,0,4361,79925,1547,28727,4362,108652,California
San Francisco,2021-02-10,6848,144283,4170,75814,2678,68469,0,0,5086,83260,1754,30481,5089,113741,California
San Francisco,2021-02-11,6678,150961,3956,79770,2722,71191,0,0,4873,86331,1803,32284,4874,118615,California
San Francisco,2021-02-12,5301,156262,2662,82432,2639,73830,0,0,3476,87983,1824,34108,3476,122091,California
San Francisco,2021-02-13,4353,160615,2547,84979,1806,75636,0,0,3030,89692,1323,35431,3032,125123,California
San Francisco,2021-02-14,3410,164025,2237,87216,1173,76809,0,0,2290,90864,1119,36550,2291,127414,California
San Francisco,2021-02-15,2753,166778,1488,88704,1265,78074,0,0,1673,91459,1078,37628,1673,129087,California
San Francisco,2021-02-16,4974,171752,2720,91424,2254,80328,0,0,2951,92400,2016,39644,2957,132044,California
San Francisco,2021-02-17,5392,177144,2678,94102,2714,83042,0,0,2955,92928,2428,42072,2956,135000,California
San Francisco,2021-02-18,5367,182511,2628,96730,2739,85781,0,0,2809,93182,2558,44630,2812,137812,California
San Francisco,2021-02-19,5620,188131,2640,99370,2980,88761,0,0,2924,93418,2690,47320,2926,140738,California
San Francisco,2021-02-20,4476,192607,2139,101509,2337,91098,0,0,1697,92345,2771,50091,1698,142436,California
San Francisco,2021-02-21,2733,195340,1364,102873,1369,92467,0,0,1139,91895,1590,51681,1140,143576,California
San Francisco,2021-02-22,5087,200427,3165,106038,1922,94389,0,0,2557,91932,2522,54203,2559,146135,California
San Francisco,2021-02-23,5443,205870,3078,109116,2365,96754,0,0,2761,92017,2676,56879,2761,148896,California
San Francisco,2021-02-24,8946,214816,5064,114180,3882,100636,0,0,4768,92617,4169,61048,4769,153665,California
San Francisco,2021-02-25,9735,224551,6841,121021,2894,103530,0,0,6282,95450,3451,64499,6284,159949,California
San Francisco,2021-02-26,11888,236439,7717,128738,4171,107701,0,0,7045,97650,4846,69345,7046,166995,California
San Francisco,2021-02-27,8881,245320,5649,134387,3231,110932,1,1,4498,97780,4370,73715,4500,171495,California
San Francisco,2021-02-28,7693,253013,5517,139904,2176,113108,0,1,3826,97741,3866,77581,3827,175322,California
San Francisco,2021-03-01,10649,263662,7142,147046,3505,116613,2,3,5149,97412,5483,83064,5154,180476,California
San Francisco,2021-03-02,8821,272483,5623,152669,3198,119811,0,3,5112,98823,3702,86766,5113,185589,California
San Francisco,2021-03-03,10856,283339,6182,158851,4673,124484,1,4,5879,99740,4966,91732,5883,191472,California
San Francisco,2021-03-04,8600,291939,5407,164258,3193,127677,0,4,4853,100851,3742,95474,4853,196325,California
San Francisco,2021-03-05,8623,300562,5108,169366,3512,131189,3,7,5422,103085,3192,98666,5426,201751,California
San Francisco,2021-03-06,6846,307408,4408,173774,2229,133418,209,216,4205,104841,2654,101320,4410,206161,California
San Francisco,2021-03-07,5116,312524,3972,177746,1087,134505,57,273,2881,105529,2249,103569,2937,209098,California
San Francisco,2021-03-08,7105,319629,5146,182892,1774,136279,185,458,5560,109697,1577,105146,5745,214843,California
San Francisco,2021-03-09,6682,326311,3916,186808,2392,138671,374,832,4562,112501,2127,107273,4931,219774,California
San Francisco,2021-03-10,10354,336665,5860,192668,4000,142671,494,1326,6333,115327,4002,111275,6828,226602,California
San Francisco,2021-03-11,10006,346671,6331,198999,2718,145389,957,2283,6566,119421,3423,114698,7517,234119,California
San Francisco,2021-03-12,10684,357355,6232,205231,3144,148533,1308,3591,5940,121945,4721,119419,7245,241364,California
San Francisco,2021-03-13,6558,363913,3831,209062,1678,150211,1049,4640,4069,124579,2482,121901,5116,246480,California
San Francisco,2021-03-14,7474,371387,4841,213903,2399,152610,234,4874,4039,125431,3421,125322,4273,250753,California
San Francisco,2021-03-15,11897,383284,9067,222970,1898,154508,932,5806,8242,130955,3643,128965,9167,259920,California
San Francisco,2021-03-16,12018,395302,8159,231129,3402,157910,457,6263,8741,136887,3264,132229,9196,269116,California
San Francisco,2021-03-17,13147,408449,8113,239242,4494,162404,540,6803,9510,143323,3610,135839,10046,279162,California
San Francisco,2021-03-18,9925,418374,6723,245965,2583,164987,619,7422,5649,145338,4251,140090,6266,285428,California
San Francisco,2021-03-19,11987,430361,8690,254655,2834,167821,463,7885,6386,146606,5578,145668,6846,292274,California
San Francisco,2021-03-20,8639,439000,6374,261029,1807,169628,458,8343,5133,148723,3475,149143,5592,297866,California
San Francisco,2021-03-21,6440,445440,5888,266917,418,170046,134,8477,3681,149791,2747,151890,3815,301681,California
San Francisco,2021-03-22,9645,455085,6799,273716,2005,172051,841,9318,5079,151161,4546,156436,5916,307597,California
San Francisco,2021-03-23,11106,466191,7339,281055,3121,175172,646,9964,6692,154113,4384,160820,7336,314933,California
San Francisco,2021-03-24,12225,478416,9373,290428,2317,177489,535,10499,6332,155121,5856,166676,6864,321797,California
San Francisco,2021-03-25,11737,490153,8624,299052,2558,180047,555,11054,5892,155786,5779,172455,6444,328241,California
San Francisco,2021-03-26,11809,501962,8174,307226,3405,183452,230,11284,6105,156442,5676,178131,6332,334573,California
San Francisco,2021-03-27,8592,510554,5736,312962,2511,185963,345,11629,3900,156010,4676,182807,4244,338817,California
San Francisco,2021-03-28,6553,517107,5226,318188,1286,187249,41,11670,3154,155826,3377,186184,3193,342010,California
San Francisco,2021-03-29,11356,528463,7867,326055,3307,190556,182,11852,5143,154961,6190,192374,5325,347335,California
San Francisco,2021-03-30,11469,539932,7158,333213,4020,194576,291,12143,6880,157565,4566,196940,7170,354505,California
San Francisco,2021-03-31,12078,552010,8013,341226,3771,198347,294,12437,5653,157111,6396,203336,5942,360447,California
San Francisco,2021-04-01,13629,565639,7250,348476,4748,203095,1631,14068,5938,157014,7663,210999,7566,368013,California
San Francisco,2021-04-02,14546,580185,6416,354892,6323,209418,1807,15875,6862,158016,7665,218664,8667,376680,California
San Francisco,2021-04-03,10214,590399,4752,359644,3686,213104,1776,17651,4674,158936,5528,224192,6448,383128,California
San Francisco,2021-04-04,8849,599248,4659,364303,2582,215686,1608,19259,3516,158740,5322,229514,5126,388254,California
San Francisco,2021-04-05,15840,615088,9692,373995,4275,219961,1873,21132,6334,157462,9483,238997,8205,396459,California
San Francisco,2021-04-06,15893,630981,9418,383413,4429,224390,2046,23178,6244,156117,9631,248628,8286,404745,California
San Francisco,2021-04-07,16547,647528,9947,393360,4392,228782,2208,25386,6943,155673,9583,258211,9139,413884,California
San Francisco,2021-04-08,14001,661529,6687,400047,2944,231726,4370,29756,4612,155278,9360,267571,8965,422849,California
San Francisco,2021-04-09,14578,676107,6716,406763,4712,236438,3150,32906,6535,156935,8015,275586,9672,432521,California
San Francisco,2021-04-10,12953,689060,5633,412396,5717,242155,1603,34509,7043,159688,5887,281473,8640,441161,California
San Francisco,2021-04-11,9945,699005,7443,419839,1336,243491,1166,35675,5188,161291,4748,286221,6351,447512,California
San Francisco,2021-04-12,10119,709124,6477,426316,2520,246011,1122,36797,4717,161749,5378,291599,5836,453348,California
San Francisco,2021-04-13,10519,719643,7124,433440,3385,249396,10,36807,5377,162018,5120,296719,5389,458737,California
San Francisco,2021-04-14,12809,732452,7564,441004,5244,254640,1,36808,6366,161970,6416,303135,6368,465105,California
San Francisco,2021-04-15,13193,745645,9215,450219,3977,258617,1,36809,7983,164774,5188,308323,7992,473097,California
San Francisco,2021-04-16,13077,758722,8792,459011,4243,262860,42,36851,7930,167627,5123,313446,7976,481073,California
San Francisco,2021-04-17,9718,768440,7111,466122,2607,265467,0,36851,6852,171631,2850,316296,6854,487927,California
San Francisco,2021-04-18,6557,774997,4969,471091,1588,267055,0,36851,4079,173254,2460,318756,4083,492010,California
San Francisco,2021-04-19,10577,785574,7928,479019,2644,269699,5,36856,6810,176323,3755,322511,6824,498834,California
San Francisco,2021-04-20,7956,793530,4390,483409,3565,273264,1,36857,5381,179147,2565,325076,5389,504223,California
San Joaquin,2020-12-15,12,12,12,12,0,0,0,0,12,12,0,0,12,12,California
San Joaquin,2020-12-16,438,450,438,450,0,0,0,0,438,450,0,0,438,450,California
San Joaquin,2020-12-17,385,835,385,835,0,0,0,0,385,835,0,0,385,835,California
San Joaquin,2020-12-18,573,1408,547,1382,26,26,0,0,573,1408,0,0,573,1408,California
San Joaquin,2020-12-19,200,1608,200,1582,0,26,0,0,200,1608,0,0,200,1608,California
San Joaquin,2020-12-20,112,1720,111,1693,1,27,0,0,112,1720,0,0,112,1720,California
San Joaquin,2020-12-21,555,2275,551,2244,4,31,0,0,555,2275,0,0,555,2275,California
San Joaquin,2020-12-22,1057,3332,897,3141,160,191,0,0,1056,3331,0,0,1056,3331,California
San Joaquin,2020-12-23,1023,4355,956,4097,67,258,0,0,1021,4352,0,0,1021,4352,California
San Joaquin,2020-12-24,221,4576,193,4290,28,286,0,0,220,4572,0,0,220,4572,California
San Joaquin,2020-12-25,14,4590,14,4304,0,286,0,0,14,4586,0,0,14,4586,California
San Joaquin,2020-12-26,101,4691,29,4333,72,358,0,0,101,4687,0,0,101,4687,California
San Joaquin,2020-12-27,41,4732,29,4362,12,370,0,0,41,4728,0,0,41,4728,California
San Joaquin,2020-12-28,649,5381,444,4806,205,575,0,0,649,5377,0,0,649,5377,California
San Joaquin,2020-12-29,877,6258,741,5547,136,711,0,0,877,6254,0,0,877,6254,California
San Joaquin,2020-12-30,1056,7314,749,6296,307,1018,0,0,1054,7308,0,0,1054,7308,California
San Joaquin,2020-12-31,450,7764,201,6497,249,1267,0,0,451,7759,0,0,451,7759,California
San Joaquin,2021-01-01,17,7781,10,6507,7,1274,0,0,17,7776,0,0,17,7776,California
San Joaquin,2021-01-02,260,8041,238,6745,22,1296,0,0,259,8035,0,0,259,8035,California
San Joaquin,2021-01-03,37,8078,19,6764,18,1314,0,0,36,8070,1,1,36,8071,California
San Joaquin,2021-01-04,486,8564,342,7106,144,1458,0,0,482,8551,1,2,482,8553,California
San Joaquin,2021-01-05,1043,9607,712,7818,331,1789,0,0,821,9185,223,225,857,9410,California
San Joaquin,2021-01-06,1306,10913,786,8604,520,2309,0,0,939,9767,360,585,942,10352,California
San Joaquin,2021-01-07,1131,12044,723,9327,408,2717,0,0,807,10255,320,905,808,11160,California
San Joaquin,2021-01-08,1339,13383,947,10274,392,3109,0,0,805,10532,530,1435,807,11967,California
San Joaquin,2021-01-09,376,13759,300,10574,76,3185,0,0,248,10652,128,1563,248,12215,California
San Joaquin,2021-01-10,221,13980,114,10688,107,3292,0,0,169,10769,52,1615,169,12384,California
San Joaquin,2021-01-11,1583,15563,1377,12065,206,3498,0,0,903,11020,679,2294,930,13314,California
San Joaquin,2021-01-12,1514,17077,1073,13138,441,3939,0,0,698,10976,812,3106,768,14082,California
San Joaquin,2021-01-13,1552,18629,852,13990,700,4639,0,0,1023,11475,530,3636,1029,15111,California
San Joaquin,2021-01-14,1743,20372,906,14896,837,5476,0,0,1376,12529,336,3972,1390,16501,California
San Joaquin,2021-01-15,1602,21974,669,15565,933,6409,0,0,1358,13665,224,4196,1360,17861,California
San Joaquin,2021-01-16,1174,23148,192,15757,982,7391,0,0,1148,14787,26,4222,1148,19009,California
San Joaquin,2021-01-17,1652,24800,129,15886,1523,8914,0,0,1617,16371,35,4257,1619,20628,California
San Joaquin,2021-01-18,767,25567,235,16121,532,9446,0,0,649,16906,114,4371,649,21277,California
San Joaquin,2021-01-19,1901,27468,890,17011,1011,10457,0,0,1198,17410,699,5070,1203,22480,California
San Joaquin,2021-01-20,2155,29623,1323,18334,832,11289,0,0,1469,18201,683,5753,1474,23954,California
San Joaquin,2021-01-21,2053,31676,946,19280,1107,12396,0,0,1625,19410,421,6174,1630,25584,California
San Joaquin,2021-01-22,2037,33713,967,20247,1070,13466,0,0,1894,21167,140,6314,1897,27481,California
San Joaquin,2021-01-23,932,34645,401,20648,531,13997,0,0,650,21538,281,6595,652,28133,California
San Joaquin,2021-01-24,359,35004,156,20804,203,14200,0,0,339,21859,18,6613,339,28472,California
San Joaquin,2021-01-25,2043,37047,1174,21978,869,15069,0,0,1467,22757,573,7186,1471,29943,California
San Joaquin,2021-01-26,2223,39270,1167,23145,1056,16125,0,0,1582,23704,639,7825,1586,31529,California
San Joaquin,2021-01-27,1820,41090,824,23969,996,17121,0,0,1307,24507,510,8335,1313,32842,California
San Joaquin,2021-01-28,2149,43239,857,24826,1292,18413,0,0,1462,25287,685,9020,1465,34307,California
San Joaquin,2021-01-29,2261,45500,1141,25967,1120,19533,0,0,1886,26810,370,9390,1893,36200,California
San Joaquin,2021-01-30,2449,47949,394,26361,2055,21588,0,0,2257,28896,173,9563,2259,38459,California
San Joaquin,2021-01-31,1572,49521,177,26538,1395,22983,0,0,1501,30342,56,9619,1502,39961,California
San Joaquin,2021-02-01,2618,52139,1411,27949,1207,24190,0,0,1847,31423,769,10388,1850,41811,California
San Joaquin,2021-02-02,2697,54836,1241,29190,1456,25646,0,0,2065,32919,573,10961,2069,43880,California
San Joaquin,2021-02-03,3183,58019,1312,30502,1871,27517,0,0,2291,34327,888,11849,2296,46176,California
San Joaquin,2021-02-04,3542,61561,1802,32304,1740,29257,0,0,2733,36256,806,12655,2735,48911,California
San Joaquin,2021-02-05,3363,64924,1962,34266,1401,30658,0,0,2494,37887,866,13521,2497,51408,California
San Joaquin,2021-02-06,1137,66061,788,35054,349,31007,0,0,964,38682,171,13692,966,52374,California
San Joaquin,2021-02-07,608,66669,482,35536,126,31133,0,0,411,38904,190,13882,412,52786,California
San Joaquin,2021-02-08,1826,68495,1061,36597,765,31898,0,0,1498,40096,310,14192,1502,54288,California
San Joaquin,2021-02-09,2155,70650,1173,37770,982,32880,0,0,1633,41272,458,14650,1634,55922,California
San Joaquin,2021-02-10,2694,73344,1303,39073,1391,34271,0,0,1393,41392,1273,15923,1393,57315,California
San Joaquin,2021-02-11,3080,76424,1562,40635,1518,35789,0,0,1791,41924,1264,17187,1796,59111,California
San Joaquin,2021-02-12,2856,79280,1196,41831,1660,37449,0,0,1693,42462,1159,18346,1697,60808,California
San Joaquin,2021-02-13,2128,81408,400,42231,1728,39177,0,0,853,42056,1265,19611,859,61667,California
San Joaquin,2021-02-14,1897,83305,259,42490,1638,40815,0,0,688,41555,1190,20801,689,62356,California
San Joaquin,2021-02-15,1994,85299,848,43338,1146,41961,0,0,1205,41998,766,21567,1209,63565,California
San Joaquin,2021-02-16,3237,88536,1457,44795,1780,43741,0,0,1778,42334,1449,23016,1785,65350,California
San Joaquin,2021-02-17,3415,91951,1370,46165,2045,45786,0,0,1945,42828,1455,24471,1949,67299,California
San Joaquin,2021-02-18,3520,95471,1494,47659,2026,47812,0,0,2016,43370,1480,25951,2022,69321,California
San Joaquin,2021-02-19,4704,100175,2781,50440,1923,49735,0,0,2820,44341,1850,27801,2821,72142,California
San Joaquin,2021-02-20,1699,101874,679,51119,1020,50755,0,0,1159,44961,539,28340,1159,73301,California
San Joaquin,2021-02-21,630,102504,474,51593,156,50911,0,0,403,45138,227,28567,404,73705,California
San Joaquin,2021-02-22,4129,106633,3053,54646,1076,51987,0,0,3081,47204,1020,29587,3086,76791,California
San Joaquin,2021-02-23,4898,111531,3285,57931,1613,53600,0,0,3290,48916,1584,31171,3296,80087,California
San Joaquin,2021-02-24,6709,118240,4294,62225,2415,56015,0,0,5010,52251,1679,32850,5014,85101,California
San Joaquin,2021-02-25,7177,125417,4787,67012,2390,58405,0,0,4889,54890,2260,35110,4899,90000,California
San Joaquin,2021-02-26,6020,131437,3379,70391,2641,61046,0,0,4250,57406,1742,36852,4258,94258,California
San Joaquin,2021-02-27,5603,137040,1612,72003,3991,65037,0,0,2644,57148,2917,39769,2659,96917,California
San Joaquin,2021-02-28,3028,140068,1085,73088,1943,66980,0,0,1995,58126,1020,40789,1998,98915,California
San Joaquin,2021-03-01,4138,144206,1812,74900,2326,69306,0,0,2328,58669,1795,42584,2338,101253,California
San Joaquin,2021-03-02,4202,148408,1683,76583,2519,71825,0,0,2611,59763,1577,44161,2671,103924,California
San Joaquin,2021-03-03,6305,154713,3965,80548,2338,74163,2,2,4660,62797,1626,45787,4660,108584,California
San Joaquin,2021-03-04,5899,160612,2467,83015,3429,77592,3,5,3820,64633,1992,47779,3828,112412,California
San Joaquin,2021-03-05,4523,165135,1963,84978,2558,80150,2,7,3086,66296,1428,49207,3091,115503,California
San Joaquin,2021-03-06,3597,168732,2463,87441,1005,81155,129,136,3004,68838,594,49801,3136,118639,California
San Joaquin,2021-03-07,1230,169962,552,87993,632,81787,46,182,951,69559,263,50064,984,119623,California
San Joaquin,2021-03-08,3138,173100,1247,89240,1770,83557,121,303,2119,70786,1012,51076,2239,121862,California
San Joaquin,2021-03-09,4145,177245,1874,91114,2145,85702,126,429,2735,72251,1399,52475,2864,124726,California
San Joaquin,2021-03-10,4936,182181,2674,93788,2124,87826,138,567,3660,74783,1266,53741,3798,128524,California
San Joaquin,2021-03-11,5085,187266,2457,96245,2037,89863,591,1158,3022,76292,2108,55849,3617,132141,California
San Joaquin,2021-03-12,6730,193996,3556,99801,2847,92710,327,1485,4293,78497,2419,58268,4624,136765,California
San Joaquin,2021-03-13,3205,197201,1587,101388,1492,94202,126,1611,2444,80322,753,59021,2578,139343,California
San Joaquin,2021-03-14,2147,199348,667,102055,1180,95382,300,1911,1040,80562,1105,60126,1345,140688,California
San Joaquin,2021-03-15,6661,206009,4095,106150,2168,97550,398,2309,3332,80994,3310,63436,3742,144430,California
San Joaquin,2021-03-16,7753,213762,4788,110938,2716,100266,249,2558,4363,82240,3375,66811,4621,149051,California
San Joaquin,2021-03-17,8951,222713,5828,116766,3049,103315,74,2632,4754,82904,4175,70986,4839,153890,California
San Joaquin,2021-03-18,8589,231302,5437,122203,2646,105961,506,3138,3926,82714,4628,75614,4438,158328,California
San Joaquin,2021-03-19,8574,239876,5174,127377,2859,108820,541,3679,4979,84695,3585,79199,5566,163894,California
San Joaquin,2021-03-20,3799,243675,2123,129500,1436,110256,240,3919,1891,84944,1895,81094,2144,166038,California
San Joaquin,2021-03-21,2331,246006,1688,131188,437,110693,206,4125,1424,85717,900,81994,1673,167711,California
San Joaquin,2021-03-22,4316,250322,2352,133540,1549,112242,415,4540,2643,87177,1604,83598,3064,170775,California
San Joaquin,2021-03-23,5619,255941,2879,136419,2575,114817,165,4705,3997,89719,1624,85222,4166,174941,California
San Joaquin,2021-03-24,7461,263402,4811,141230,2563,117380,87,4792,3174,88720,4268,89490,3269,178210,California
San Joaquin,2021-03-25,5829,269231,3543,144773,2246,119626,40,4832,3567,90096,2239,91729,3615,181825,California
San Joaquin,2021-03-26,6319,275550,2638,147411,3534,123160,147,4979,3352,90680,2935,94664,3519,185344,California
San Joaquin,2021-03-27,5089,280639,2908,150319,2140,125300,41,5020,2080,89825,2990,97654,2135,187479,California
San Joaquin,2021-03-28,3012,283651,2093,152412,894,126194,25,5045,1609,90161,1386,99040,1722,189201,California
San Joaquin,2021-03-29,4154,287805,2303,154715,1828,128022,23,5068,2186,90439,1959,100999,2237,191438,California
San Joaquin,2021-03-30,6427,294232,3398,158113,2989,131011,40,5108,3771,91639,2636,103635,3836,195274,California
San Joaquin,2021-03-31,6854,301086,4375,162488,2420,133431,59,5167,3552,91987,3290,106925,3638,198912,California
San Joaquin,2021-04-01,6654,307740,3249,165737,3326,136757,79,5246,3154,91795,3491,110416,3299,202211,California
San Joaquin,2021-04-02,6378,314118,2890,168627,2997,139754,491,5737,2548,91063,3813,114229,3081,205292,California
San Joaquin,2021-04-03,4236,318354,2422,171049,1487,141241,327,6064,2034,91247,2188,116417,2372,207664,California
San Joaquin,2021-04-04,2138,320492,1221,172270,716,141957,201,6265,1431,92186,701,117118,1640,209304,California
San Joaquin,2021-04-05,4230,324722,2601,174871,1465,143422,164,6429,2437,93016,1786,118904,2616,211920,California
San Joaquin,2021-04-06,7452,332174,4944,179815,2249,145671,259,6688,3546,92945,3888,122792,3817,215737,California
San Joaquin,2021-04-07,8973,341147,5087,184902,2291,147962,1595,8283,3916,93426,5046,127838,5527,221264,California
San Joaquin,2021-04-08,8997,350144,4948,189850,2019,149981,2030,10313,3488,93457,5493,133331,5524,226788,California
San Joaquin,2021-04-09,8900,359044,4195,194045,3248,153229,1457,11770,3614,93278,5268,138599,5089,231877,California
San Joaquin,2021-04-10,5398,364442,1649,195694,1837,155066,1912,13682,1889,93572,3506,142105,3800,235677,California
San Joaquin,2021-04-11,4358,368800,1669,197363,1520,156586,1169,14851,1845,94080,2502,144607,3010,238687,California
San Joaquin,2021-04-12,5582,374382,2294,199657,2052,158638,1236,16087,2085,93923,3484,148091,3327,242014,California
San Joaquin,2021-04-13,7189,381571,4067,203724,3119,161757,3,16090,4489,95742,2683,150774,4502,246516,California
San Joaquin,2021-04-14,6597,388168,3053,206777,3544,165301,0,16090,3805,96777,2778,153552,3813,250329,California
San Joaquin,2021-04-15,5628,393796,2609,209386,3019,168320,0,16090,2802,96791,2797,156349,2811,253140,California
San Joaquin,2021-04-16,5319,399115,1972,211358,3344,171664,3,16093,3258,98023,2038,158387,3270,256410,California
San Joaquin,2021-04-17,4144,403259,1739,213097,2405,174069,0,16093,2930,99763,1209,159596,2949,259359,California
San Joaquin,2021-04-18,2372,405631,1312,214409,1060,175129,0,16093,1181,99769,1182,160778,1188,260547,California
San Joaquin,2021-04-19,3870,409501,1740,216149,2130,177259,0,16093,1815,99557,2040,162818,1828,262375,California
San Joaquin,2021-04-20,1197,410698,516,216665,681,177940,0,16093,550,99936,644,163462,1023,263398,California
San Luis Obispo,2020-12-16,4,4,4,4,0,0,0,0,4,4,0,0,4,4,California
San Luis Obispo,2020-12-17,196,200,196,200,0,0,0,0,196,200,0,0,196,200,California
San Luis Obispo,2020-12-18,224,424,224,424,0,0,0,0,224,424,0,0,224,424,California
San Luis Obispo,2020-12-19,162,586,162,586,0,0,0,0,162,586,0,0,162,586,California
San Luis Obispo,2020-12-20,215,801,215,801,0,0,0,0,215,801,0,0,215,801,California
San Luis Obispo,2020-12-21,549,1350,549,1350,0,0,0,0,549,1350,0,0,549,1350,California
San Luis Obispo,2020-12-22,307,1657,303,1653,4,4,0,0,307,1657,0,0,307,1657,California
San Luis Obispo,2020-12-23,681,2338,368,2021,313,317,0,0,681,2338,0,0,681,2338,California
San Luis Obispo,2020-12-24,195,2533,19,2040,176,493,0,0,195,2533,0,0,195,2533,California
San Luis Obispo,2020-12-25,2,2535,1,2041,1,494,0,0,2,2535,0,0,2,2535,California
San Luis Obispo,2020-12-26,90,2625,12,2053,78,572,0,0,90,2625,0,0,90,2625,California
San Luis Obispo,2020-12-27,76,2701,0,2053,76,648,0,0,76,2701,0,0,76,2701,California
San Luis Obispo,2020-12-28,879,3580,430,2483,449,1097,0,0,879,3580,0,0,879,3580,California
San Luis Obispo,2020-12-29,903,4483,502,2985,401,1498,0,0,903,4483,0,0,903,4483,California
San Luis Obispo,2020-12-30,1174,5657,681,3666,493,1991,0,0,1174,5657,0,0,1174,5657,California
San Luis Obispo,2020-12-31,106,5763,4,3670,102,2093,0,0,106,5763,0,0,106,5763,California
San Luis Obispo,2021-01-01,12,5775,8,3678,4,2097,0,0,12,5775,0,0,12,5775,California
San Luis Obispo,2021-01-02,33,5808,8,3686,25,2122,0,0,33,5808,0,0,33,5808,California
San Luis Obispo,2021-01-03,16,5824,6,3692,10,2132,0,0,16,5824,0,0,16,5824,California
San Luis Obispo,2021-01-04,676,6500,524,4216,152,2284,0,0,676,6500,0,0,676,6500,California
San Luis Obispo,2021-01-05,975,7475,757,4973,218,2502,0,0,973,7471,2,2,973,7473,California
San Luis Obispo,2021-01-06,726,8201,481,5454,245,2747,0,0,718,8182,7,9,718,8191,California
San Luis Obispo,2021-01-07,1128,9329,950,6404,178,2925,0,0,686,8426,442,451,686,8877,California
San Luis Obispo,2021-01-08,882,10211,805,7209,77,3002,0,0,513,8571,368,819,513,9390,California
San Luis Obispo,2021-01-09,205,10416,196,7405,9,3011,0,0,28,8422,177,996,28,9418,California
San Luis Obispo,2021-01-10,12,10428,8,7413,4,3015,0,0,8,8426,4,1000,8,9426,California
San Luis Obispo,2021-01-11,526,10954,475,7888,51,3066,0,0,265,8431,260,1260,265,9691,California
San Luis Obispo,2021-01-12,597,11551,379,8267,218,3284,0,0,320,8474,277,1537,320,10011,California
San Luis Obispo,2021-01-13,882,12433,254,8521,628,3912,0,0,644,8882,236,1773,644,10655,California
San Luis Obispo,2021-01-14,728,13161,243,8764,485,4397,0,0,603,9373,112,1885,603,11258,California
San Luis Obispo,2021-01-15,730,13891,288,9052,442,4839,0,0,554,9756,171,2056,554,11812,California
San Luis Obispo,2021-01-16,99,13990,81,9133,18,4857,0,0,94,9845,5,2061,94,11906,California
San Luis Obispo,2021-01-17,66,14056,60,9193,6,4863,0,0,66,9911,0,2061,66,11972,California
San Luis Obispo,2021-01-18,1372,15428,389,9582,983,5846,0,0,1110,10759,262,2323,1110,13082,California
San Luis Obispo,2021-01-19,1585,17013,418,10000,1167,7013,0,0,1178,11530,407,2730,1178,14260,California
San Luis Obispo,2021-01-20,1882,18895,596,10596,1286,8299,0,0,1292,12235,588,3318,1293,15553,California
San Luis Obispo,2021-01-21,1571,20466,466,11062,1105,9404,0,0,1197,13063,370,3688,1198,16751,California
San Luis Obispo,2021-01-22,1521,21987,508,11570,1013,10417,0,0,1206,13956,313,4001,1206,17957,California
San Luis Obispo,2021-01-23,311,22298,293,11863,18,10435,0,0,295,14235,16,4017,295,18252,California
San Luis Obispo,2021-01-24,245,22543,238,12101,7,10442,0,0,239,14468,6,4023,239,18491,California
San Luis Obispo,2021-01-25,2071,24614,606,12707,1465,11907,0,0,1243,14883,828,4851,1243,19734,California
San Luis Obispo,2021-01-26,2003,26617,703,13410,1300,13207,0,0,1136,15153,866,5717,1136,20870,California
San Luis Obispo,2021-01-27,1612,28229,283,13693,1329,14536,0,0,1150,15841,462,6179,1150,22020,California
San Luis Obispo,2021-01-28,1484,29713,342,14035,1142,15678,0,0,1223,16804,260,6439,1223,23243,California
San Luis Obispo,2021-01-29,1734,31447,680,14715,1054,16732,0,0,1450,17970,284,6723,1450,24693,California
San Luis Obispo,2021-01-30,37,31484,18,14733,19,16751,0,0,26,17986,10,6733,26,24719,California
San Luis Obispo,2021-01-31,26,31510,20,14753,6,16757,0,0,23,18006,3,6736,23,24742,California
San Luis Obispo,2021-02-01,1664,33174,703,15456,961,17718,0,0,1395,19133,268,7004,1395,26137,California
San Luis Obispo,2021-02-02,1892,35066,675,16131,1217,18935,0,0,1518,20277,374,7378,1518,27655,California
San Luis Obispo,2021-02-03,1700,36766,726,16857,974,19909,0,0,1288,21153,412,7790,1288,28943,California
San Luis Obispo,2021-02-04,1654,38420,798,17655,856,20765,0,0,1088,21675,566,8356,1088,30031,California
San Luis Obispo,2021-02-05,1604,40024,718,18373,886,21651,0,0,1060,22191,545,8901,1061,31092,California
San Luis Obispo,2021-02-06,159,40183,92,18465,67,21718,0,0,93,22218,66,8967,93,31185,California
San Luis Obispo,2021-02-07,143,40326,98,18563,45,21763,0,0,73,22222,70,9037,74,31259,California
San Luis Obispo,2021-02-08,853,41179,468,19031,385,22148,0,0,495,22360,357,9394,495,31754,California
San Luis Obispo,2021-02-09,1124,42303,448,19479,676,22824,0,0,542,22333,576,9970,549,32303,California
San Luis Obispo,2021-02-10,1425,43728,484,19963,941,23765,0,0,519,21952,903,10873,522,32825,California
San Luis Obispo,2021-02-11,1330,45058,844,20807,486,24251,0,0,655,21935,672,11545,655,33480,California
San Luis Obispo,2021-02-12,786,45844,363,21170,423,24674,0,0,416,21981,370,11915,416,33896,California
San Luis Obispo,2021-02-13,389,46233,124,21294,265,24939,0,0,283,22159,105,12020,283,34179,California
San Luis Obispo,2021-02-14,316,46549,42,21336,274,25213,0,0,279,22402,37,12057,280,34459,California
San Luis Obispo,2021-02-15,723,47272,137,21473,586,25799,0,0,467,22616,253,12310,467,34926,California
San Luis Obispo,2021-02-16,2960,50232,1193,22666,1767,27566,0,0,1358,22378,1596,13906,1358,36284,California
San Luis Obispo,2021-02-17,2773,53005,1237,23903,1536,29102,0,0,1029,21671,1736,15642,1029,37313,California
San Luis Obispo,2021-02-18,2808,55813,1444,25347,1364,30466,0,0,1119,21110,1681,17323,1120,38433,California
San Luis Obispo,2021-02-19,1452,57265,1332,26679,120,30586,0,0,1130,21919,321,17644,1130,39563,California
San Luis Obispo,2021-02-20,248,57513,79,26758,169,30755,0,0,212,22095,36,17680,212,39775,California
San Luis Obispo,2021-02-21,48,57561,45,26803,3,30758,0,0,29,22105,19,17699,29,39804,California
San Luis Obispo,2021-02-22,2401,59962,1858,28661,543,31301,0,0,1461,22627,940,18639,1462,41266,California
San Luis Obispo,2021-02-23,1854,61816,1738,30399,116,31417,0,0,1365,23504,488,19127,1365,42631,California
San Luis Obispo,2021-02-24,2642,64458,1299,31698,1343,32760,0,0,834,22532,1806,20933,834,43465,California
San Luis Obispo,2021-02-25,2129,66587,1243,32941,886,33646,0,0,1205,22821,917,21850,1206,44671,California
San Luis Obispo,2021-02-26,2643,69230,1148,34089,1495,35141,0,0,1324,22832,1313,23163,1324,45995,California
San Luis Obispo,2021-02-27,566,69796,340,34429,226,35367,0,0,520,23306,46,23209,520,46515,California
San Luis Obispo,2021-02-28,196,69992,72,34501,124,35491,0,0,163,23440,29,23238,163,46678,California
San Luis Obispo,2021-03-01,2950,72942,1837,36338,1112,36603,1,1,2032,24556,918,24156,2034,48712,California
San Luis Obispo,2021-03-02,2951,75893,1862,38200,1089,37692,0,1,1831,25270,1118,25274,1832,50544,California
San Luis Obispo,2021-03-03,2265,78158,327,38527,1938,39630,0,1,821,24654,1438,26712,822,51366,California
San Luis Obispo,2021-03-04,2172,80330,1145,39672,1027,40657,0,1,1164,24814,1006,27718,1166,52532,California
San Luis Obispo,2021-03-05,2289,82619,1015,40687,1204,41861,70,71,1285,25180,989,28707,1355,53887,California
San Luis Obispo,2021-03-06,830,83449,308,40995,415,42276,107,178,611,25673,219,28926,712,54599,California
San Luis Obispo,2021-03-07,200,83649,32,41027,84,42360,84,262,71,25701,128,29054,156,54755,California
San Luis Obispo,2021-03-08,2721,86370,751,41778,1656,44016,314,576,1539,26373,1180,30234,1852,56607,California
San Luis Obispo,2021-03-09,2909,89279,954,42732,1719,45735,236,812,1509,26722,1397,31631,1746,58353,California
San Luis Obispo,2021-03-10,3176,92455,1240,43972,1666,47401,270,1082,1813,27445,1360,32991,2083,60436,California
San Luis Obispo,2021-03-11,3079,95534,1269,45241,1508,48909,302,1384,1691,28056,1381,34372,1992,62428,California
San Luis Obispo,2021-03-12,3154,98688,1279,46520,1536,50445,339,1723,1553,28358,1593,35965,1895,64323,California
San Luis Obispo,2021-03-13,784,99472,258,46778,417,50862,109,1832,428,28538,356,36321,536,64859,California
San Luis Obispo,2021-03-14,512,99984,54,46832,347,51209,111,1943,136,28410,375,36696,247,65106,California
San Luis Obispo,2021-03-15,3049,103033,1097,47929,1854,53063,98,2041,1528,28518,1518,38214,1626,66732,California
San Luis Obispo,2021-03-16,2843,105876,1511,49440,1232,54295,100,2141,1447,28674,1390,39604,1546,68278,California
San Luis Obispo,2021-03-17,3418,109294,1448,50888,1709,56004,261,2402,1978,29479,1433,41037,2238,70516,California
San Luis Obispo,2021-03-18,2742,112036,1445,52333,1103,57107,194,2596,1293,29519,1446,42483,1486,72002,California
San Luis Obispo,2021-03-19,2582,114618,1561,53894,699,57806,322,2918,961,29188,1616,44099,1285,73287,California
San Luis Obispo,2021-03-20,824,115442,493,54387,295,58101,36,2954,379,29158,445,44544,415,73702,California
San Luis Obispo,2021-03-21,183,115625,44,54431,136,58237,3,2957,154,29286,29,44573,157,73859,California
San Luis Obispo,2021-03-22,2676,118301,1168,55599,1461,59698,47,3004,1859,30380,812,45385,1906,75765,California
San Luis Obispo,2021-03-23,3357,121658,2214,57813,1125,60823,18,3022,2264,31573,1089,46474,2282,78047,California
San Luis Obispo,2021-03-24,3432,125090,2092,59905,1270,62093,70,3092,2587,33389,841,47315,2657,80704,California
San Luis Obispo,2021-03-25,3611,128701,2277,62182,1323,63416,11,3103,2594,34977,1016,48331,2604,83308,California
San Luis Obispo,2021-03-26,3129,131830,1757,63939,951,64367,421,3524,1752,35777,1373,49704,2173,85481,California
San Luis Obispo,2021-03-27,985,132815,502,64441,387,64754,96,3620,442,35774,541,50245,538,86019,California
San Luis Obispo,2021-03-28,442,133257,153,64594,233,64987,56,3676,242,35872,200,50445,298,86317,California
San Luis Obispo,2021-03-29,2575,135832,1271,65865,1170,66157,134,3810,1656,36755,907,51352,1790,88107,California
San Luis Obispo,2021-03-30,3494,139326,1907,67772,1445,67602,142,3952,2347,38099,1143,52495,2487,90594,California
San Luis Obispo,2021-03-31,3805,143131,2442,70214,1216,68818,147,4099,2445,39340,1351,53846,2592,93186,California
San Luis Obispo,2021-04-01,3797,146928,2420,72634,1283,70101,94,4193,2684,41013,1104,54950,2777,95963,California
San Luis Obispo,2021-04-02,1712,148640,681,73315,720,70821,311,4504,917,41446,794,55744,1227,97190,California
San Luis Obispo,2021-04-03,1087,149727,551,73866,409,71230,127,4631,472,41435,610,56354,599,97789,California
San Luis Obispo,2021-04-04,378,150105,130,73996,208,71438,40,4671,231,41559,147,56501,271,98060,California
San Luis Obispo,2021-04-05,3575,153680,1946,75942,1528,72966,101,4772,2045,42175,1528,58029,2144,100204,California
San Luis Obispo,2021-04-06,3984,157664,2138,78080,1545,74511,301,5073,1940,42378,2038,60067,2241,102445,California
San Luis Obispo,2021-04-07,4230,161894,2334,80414,1576,76087,320,5393,2467,43413,1750,61817,2785,105230,California
San Luis Obispo,2021-04-08,3990,165884,2186,82600,1412,77499,392,5785,2171,44164,1811,63628,2562,107792,California
San Luis Obispo,2021-04-09,3573,169457,1701,84301,1144,78643,728,6513,1529,44383,2035,65663,2254,110046,California
San Luis Obispo,2021-04-10,1540,170997,555,84856,338,78981,647,7160,475,44439,1064,66727,1120,111166,California
San Luis Obispo,2021-04-11,313,171310,63,84919,187,79168,63,7223,126,44443,185,66912,189,111355,California
San Luis Obispo,2021-04-12,3336,174646,1693,86612,1489,80657,154,7377,1392,44046,1944,68856,1547,112902,California
San Luis Obispo,2021-04-13,3621,178267,2097,88709,1519,82176,5,7382,1953,44339,1666,70522,1959,114861,California
San Luis Obispo,2021-04-14,2757,181024,1634,90343,1120,83296,3,7385,1618,44834,1127,71649,1622,116483,California
San Luis Obispo,2021-04-15,3556,184580,2335,92678,1220,84516,1,7386,1917,45131,1623,73272,1920,118403,California
San Luis Obispo,2021-04-16,3551,188131,2189,94867,1359,85875,3,7389,1775,45139,1772,75044,1780,120183,California
San Luis Obispo,2021-04-17,1057,189188,420,95287,635,86510,2,7391,687,45460,369,75413,690,120873,California
San Luis Obispo,2021-04-18,318,189506,96,95383,221,86731,1,7392,113,45371,203,75616,114,120987,California
San Luis Obispo,2021-04-19,2275,191781,892,96275,1347,88078,36,7428,973,45082,1301,76917,1012,121999,California
San Luis Obispo,2021-04-20,361,192142,43,96318,318,88396,0,7428,296,45314,64,76981,296,122295,California
San Mateo,2020-12-15,26,26,26,26,0,0,0,0,26,26,0,0,26,26,California
San Mateo,2020-12-16,110,136,110,136,0,0,0,0,110,136,0,0,110,136,California
San Mateo,2020-12-17,162,298,162,298,0,0,0,0,162,298,0,0,162,298,California
San Mateo,2020-12-18,741,1039,739,1037,2,2,0,0,741,1039,0,0,741,1039,California
San Mateo,2020-12-19,509,1548,509,1546,0,2,0,0,509,1548,0,0,509,1548,California
San Mateo,2020-12-20,507,2055,506,2052,1,3,0,0,507,2055,0,0,507,2055,California
San Mateo,2020-12-21,1153,3208,1153,3205,0,3,0,0,1153,3208,0,0,1153,3208,California
San Mateo,2020-12-22,1513,4721,1506,4711,7,10,0,0,1513,4721,0,0,1513,4721,California
San Mateo,2020-12-23,1571,6292,1385,6096,186,196,0,0,1571,6292,0,0,1571,6292,California
San Mateo,2020-12-24,867,7159,610,6706,257,453,0,0,867,7159,0,0,867,7159,California
San Mateo,2020-12-25,114,7273,110,6816,4,457,0,0,114,7273,0,0,114,7273,California
San Mateo,2020-12-26,560,7833,417,7233,143,600,0,0,560,7833,0,0,560,7833,California
San Mateo,2020-12-27,305,8138,175,7408,130,730,0,0,305,8138,0,0,305,8138,California
San Mateo,2020-12-28,1048,9186,701,8109,347,1077,0,0,1048,9186,0,0,1048,9186,California
San Mateo,2020-12-29,1128,10314,705,8814,423,1500,0,0,1128,10314,0,0,1128,10314,California
San Mateo,2020-12-30,1263,11577,761,9575,502,2002,0,0,1263,11577,0,0,1263,11577,California
San Mateo,2020-12-31,717,12294,232,9807,485,2487,0,0,716,12292,1,1,716,12293,California
San Mateo,2021-01-01,35,12329,30,9837,5,2492,0,0,35,12327,0,1,35,12328,California
San Mateo,2021-01-02,397,12726,268,10105,129,2621,0,0,397,12724,0,1,397,12725,California
San Mateo,2021-01-03,281,13007,206,10311,75,2696,0,0,278,12999,3,4,278,13003,California
San Mateo,2021-01-04,1056,14063,683,10994,373,3069,0,0,1056,14055,0,4,1056,14059,California
San Mateo,2021-01-05,1197,15260,704,11698,493,3562,0,0,1169,15197,28,32,1170,15229,California
San Mateo,2021-01-06,1446,16706,949,12647,497,4059,0,0,1266,16286,178,210,1267,16496,California
San Mateo,2021-01-07,1450,18156,805,13452,645,4704,0,0,1162,17168,281,491,1163,17659,California
San Mateo,2021-01-08,1838,19994,1191,14643,647,5351,0,0,1140,17618,691,1182,1141,18800,California
San Mateo,2021-01-09,1179,21173,775,15418,404,5755,0,0,723,17885,456,1638,723,19523,California
San Mateo,2021-01-10,698,21871,570,15988,128,5883,0,0,263,17713,435,2073,263,19786,California
San Mateo,2021-01-11,2583,24454,1479,17467,1104,6987,0,0,1522,18174,1062,3135,1523,21309,California
San Mateo,2021-01-12,3278,27732,1770,19237,1508,8495,0,0,2099,19098,1177,4312,2101,23410,California
San Mateo,2021-01-13,3469,31201,1749,20986,1720,10215,0,0,2436,20504,1033,5345,2439,25849,California
San Mateo,2021-01-14,3774,34975,1582,22568,2192,12407,0,0,3090,22915,684,6029,3095,28944,California
San Mateo,2021-01-15,4330,39305,1710,24278,2620,15027,0,0,3802,26193,526,6555,3804,32748,California
San Mateo,2021-01-16,3083,42388,777,25055,2306,17333,0,0,2764,28638,319,6874,2764,35512,California
San Mateo,2021-01-17,1308,43696,308,25363,1000,18333,0,0,1100,29530,208,7082,1100,36612,California
San Mateo,2021-01-18,1362,45058,531,25894,831,19164,0,0,989,30153,370,7452,993,37605,California
San Mateo,2021-01-19,2796,47854,1783,27677,1013,20177,0,0,2006,31372,787,8239,2006,39611,California
San Mateo,2021-01-20,2654,50508,1402,29079,1252,21429,0,0,1809,32340,842,9081,1810,41421,California
San Mateo,2021-01-21,2820,53328,1279,30358,1541,22970,0,0,2240,34004,579,9660,2243,43664,California
San Mateo,2021-01-22,2790,56118,1130,31488,1660,24630,0,0,2491,36199,297,9957,2492,46156,California
San Mateo,2021-01-23,2882,59000,1688,33176,1194,25824,0,0,2521,38360,361,10318,2522,48678,California
San Mateo,2021-01-24,1519,60519,373,33549,1146,26970,0,0,1210,39262,308,10626,1210,49888,California
San Mateo,2021-01-25,4432,64951,3149,36698,1283,28253,0,0,3535,41904,895,11521,3537,53425,California
San Mateo,2021-01-26,4288,69239,2979,39677,1309,29562,0,0,3386,44389,901,12422,3386,56811,California
San Mateo,2021-01-27,2780,72019,1462,41139,1318,30880,0,0,1789,45195,985,13407,1791,58602,California
San Mateo,2021-01-28,2789,74808,1343,42482,1446,32326,0,0,1943,46307,831,14238,1943,60545,California
San Mateo,2021-01-29,2971,77779,1331,43813,1640,33966,0,0,2141,47624,827,15065,2144,62689,California
San Mateo,2021-01-30,3371,81150,1472,45285,1899,35865,0,0,2914,50083,456,15521,2915,65604,California
San Mateo,2021-01-31,1682,82832,896,46181,786,36651,0,0,1520,51443,160,15681,1520,67124,California
San Mateo,2021-02-01,2919,85751,1341,47522,1578,38229,0,0,2213,52954,703,16384,2214,69338,California
San Mateo,2021-02-02,3167,88918,1728,49250,1439,39668,0,0,2155,54100,1009,17393,2155,71493,California
San Mateo,2021-02-03,4875,93793,1944,51194,2931,42599,0,0,3824,56877,1048,18441,3825,75318,California
San Mateo,2021-02-04,6279,100072,2585,53779,3694,46293,0,0,4920,60447,1353,19794,4923,80241,California
San Mateo,2021-02-05,6785,106857,2551,56330,4234,50527,0,0,4960,63599,1808,21602,4960,85201,California
San Mateo,2021-02-06,3282,110139,1917,58247,1365,51892,0,0,2617,65554,664,22266,2619,87820,California
San Mateo,2021-02-07,1895,112034,1342,59589,553,52445,0,0,1708,67075,187,22453,1708,89528,California
San Mateo,2021-02-08,5272,117306,2243,61832,3029,55474,0,0,3101,68068,2108,24561,3101,92629,California
San Mateo,2021-02-09,6170,123476,3217,65049,2953,58427,0,0,3332,68566,2834,27395,3332,95961,California
San Mateo,2021-02-10,6495,129971,3271,68320,3224,61651,0,0,3541,69162,2945,30340,3541,99502,California
San Mateo,2021-02-11,7023,136994,3565,71885,3458,65109,0,0,3812,69775,3202,33542,3815,103317,California
San Mateo,2021-02-12,6615,143609,2952,74837,3663,68772,0,0,4705,72576,1906,35448,4707,108024,California
San Mateo,2021-02-13,6083,149692,3988,78825,2095,70867,0,0,2636,71769,3443,38891,2636,110660,California
San Mateo,2021-02-14,4630,154322,3017,81842,1613,72480,0,0,1979,71101,2648,41539,1980,112640,California
San Mateo,2021-02-15,3163,157485,1458,83300,1705,74185,0,0,1788,71518,1371,42910,1788,114428,California
San Mateo,2021-02-16,7140,164625,1869,85169,5271,79456,0,0,5279,74939,1860,44770,5281,119709,California
San Mateo,2021-02-17,7046,171671,1932,87101,5114,84570,0,0,5062,78024,1979,46749,5064,124773,California
San Mateo,2021-02-18,6673,178344,4618,91719,2055,86625,0,0,4436,80228,2234,48983,4438,129211,California
San Mateo,2021-02-19,7808,186152,5609,97328,2199,88824,0,0,5823,84072,1979,50962,5823,135034,California
San Mateo,2021-02-20,3728,189880,2410,99738,1318,90142,0,0,2307,84964,1415,52377,2307,137341,California
San Mateo,2021-02-21,2299,192179,1458,101196,841,90983,0,0,1254,85177,1041,53418,1254,138595,California
San Mateo,2021-02-22,4413,196592,3189,104385,1224,92207,0,0,2783,86336,1624,55042,2783,141378,California
San Mateo,2021-02-23,4284,200876,3042,107427,1242,93449,0,0,2482,87022,1796,56838,2482,143860,California
San Mateo,2021-02-24,7270,208146,3247,110674,4023,97472,0,0,4849,89455,2416,59254,4849,148709,California
San Mateo,2021-02-25,9071,217217,4004,114678,5067,102539,0,0,6009,92417,3047,62301,6009,154718,California
San Mateo,2021-02-26,9733,226950,3700,118378,6033,108572,0,0,6818,96334,2903,65204,6820,161538,California
San Mateo,2021-02-27,6671,233621,3406,121784,3264,111836,1,1,3627,96929,3039,68243,3634,165172,California
San Mateo,2021-02-28,4120,237741,2501,124285,1619,113455,0,1,2553,97920,1563,69806,2554,167726,California
San Mateo,2021-03-01,5617,243358,3512,127797,2105,115560,0,1,2777,97866,2831,72637,2777,170503,California
San Mateo,2021-03-02,5737,249095,3945,131742,1791,117351,1,2,3300,98740,2428,75065,3302,173805,California
San Mateo,2021-03-03,8248,257343,3838,135580,4409,121760,1,3,3556,97614,4683,79748,3557,177362,California
San Mateo,2021-03-04,8356,265699,3920,139500,4434,126194,2,5,3791,96858,4551,84299,3795,181157,California
San Mateo,2021-03-05,9056,274755,5971,145471,3082,129276,3,8,6398,100625,2638,86937,6405,187562,California
San Mateo,2021-03-06,7824,282579,5419,150890,2229,131505,176,184,5721,104427,2094,89031,5896,193458,California
San Mateo,2021-03-07,3461,286040,2310,153200,1084,132589,67,251,2002,105041,1455,90486,2069,195527,California
San Mateo,2021-03-08,4392,290432,2460,155660,1732,134321,200,451,3193,107242,1193,91679,3394,198921,California
San Mateo,2021-03-09,4512,294944,2105,157765,2135,136456,272,723,2980,108967,1526,93205,3251,202172,California
San Mateo,2021-03-10,6905,301849,2630,160395,3991,140447,284,1007,4562,111481,2331,95536,4845,207017,California
San Mateo,2021-03-11,9103,310952,5713,166108,2999,143446,391,1398,3701,110196,5376,100912,4091,211108,California
San Mateo,2021-03-12,10461,321413,6599,172707,3492,146938,370,1768,3487,107092,6960,107872,3856,214964,California
San Mateo,2021-03-13,8069,329482,3403,176110,3037,149975,1629,3397,3898,108450,4163,112035,5521,220485,California
San Mateo,2021-03-14,4917,334399,3295,179405,1515,151490,107,3504,2903,109451,2009,114044,3010,223495,California
San Mateo,2021-03-15,7107,341506,4568,183973,2365,153855,174,3678,3759,110041,3343,117387,3933,227428,California
San Mateo,2021-03-16,11878,353384,4353,188326,7402,161257,123,3801,4843,107990,7020,124407,4969,232397,California
San Mateo,2021-03-17,10756,364140,4357,192683,6275,167532,124,3925,4865,107115,5868,130275,4993,237390,California
San Mateo,2021-03-18,7191,371331,4019,196702,2989,170521,183,4108,4275,108661,2912,133187,4458,241848,California
San Mateo,2021-03-19,7335,378666,4704,201406,1965,172486,666,4774,3596,109190,3732,136919,4261,246109,California
San Mateo,2021-03-20,8236,386902,6423,207829,1480,173966,333,5107,5371,112043,2851,139770,5704,251813,California
San Mateo,2021-03-21,4120,391022,3115,210944,774,174740,231,5338,2323,112807,1787,141557,2551,254364,California
San Mateo,2021-03-22,5191,396213,3534,214478,1239,175979,418,5756,2837,113722,2342,143899,3257,257621,California
San Mateo,2021-03-23,9728,405941,4415,218893,5117,181096,196,5952,4629,113476,5071,148970,4825,262446,California
San Mateo,2021-03-24,9416,415357,5419,224312,3854,184950,143,6095,4092,112446,5262,154232,4232,266678,California
San Mateo,2021-03-25,9877,425234,4823,229135,4798,189748,256,6351,4335,111597,5442,159674,4593,271271,California
San Mateo,2021-03-26,11059,436293,7625,236760,3271,193019,163,6514,4403,109541,6622,166296,4566,275837,California
San Mateo,2021-03-27,10360,446653,7921,244681,2335,195354,104,6618,4631,108564,5709,172005,4732,280569,California
San Mateo,2021-03-28,4199,450852,2706,247387,1382,196736,111,6729,2095,108675,2096,174101,2207,282776,California
San Mateo,2021-03-29,5981,456833,3729,251116,2002,198738,250,6979,2836,108633,3128,177229,3086,285862,California
San Mateo,2021-03-30,7021,463854,3974,255090,2895,201633,152,7131,4450,110677,2558,179787,4602,290464,California
San Mateo,2021-03-31,7144,470998,4520,259610,2487,204120,137,7268,4054,111791,3077,182864,4191,294655,California
San Mateo,2021-04-01,10327,481325,5059,264669,4089,208209,1179,8447,5534,113742,4761,187625,6712,301367,California
San Mateo,2021-04-02,10566,491891,5043,269712,3963,212172,1560,10007,5536,115825,5012,192637,7095,308462,California
San Mateo,2021-04-03,9559,501450,5414,275126,2418,214590,1727,11734,4796,117595,4755,197392,6525,314987,California
San Mateo,2021-04-04,5292,506742,2543,277669,1543,216133,1206,12940,1661,116841,3621,201013,2867,317854,California
San Mateo,2021-04-05,8883,515625,4712,282381,2439,218572,1732,14672,3827,117354,5046,206059,5559,323413,California
San Mateo,2021-04-06,13039,528664,8157,290538,3035,221607,1847,16519,7448,121078,5579,211638,9303,332716,California
San Mateo,2021-04-07,11266,539930,5226,295764,4374,225981,1666,18185,4786,121062,6462,218100,6446,339162,California
San Mateo,2021-04-08,9911,549841,4968,300732,2424,228405,2519,20704,4410,122498,5488,223588,6924,346086,California
San Mateo,2021-04-09,10721,560562,5174,305906,3280,231685,2267,22971,4959,123974,5748,229336,7224,353310,California
San Mateo,2021-04-10,11067,571629,5643,311549,4008,235693,1416,24387,4590,123524,6454,235790,6004,359314,California
San Mateo,2021-04-11,6593,578222,3269,314818,879,236572,2445,26832,2324,124026,4264,240054,4766,364080,California
San Mateo,2021-04-12,7106,585328,4286,319104,1863,238435,957,27789,3492,124876,3600,243654,4450,368530,California
San Mateo,2021-04-13,8020,593348,4982,324086,3031,241466,7,27796,4278,125428,3736,247390,4288,372818,California
San Mateo,2021-04-14,8052,601400,5129,329215,2921,244387,2,27798,4294,125979,3749,251139,4300,377118,California
San Mateo,2021-04-15,10520,611920,6986,336201,3533,247920,1,27799,6993,129476,3504,254643,7001,384119,California
San Mateo,2021-04-16,9809,621729,6850,343051,2944,250864,15,27814,6372,132448,3422,258065,6394,390513,California
San Mateo,2021-04-17,9024,630753,5999,349050,3022,253886,3,27817,5884,135207,3130,261195,5889,396402,California
San Mateo,2021-04-18,5244,635997,2515,351565,2729,256615,0,27817,3565,137104,1673,262868,3570,399972,California
San Mateo,2021-04-19,7538,643535,4900,356465,2638,259253,0,27817,4718,139020,2812,265680,4728,404700,California
San Mateo,2021-04-20,4957,648492,2526,358991,2431,261684,0,27817,3299,140682,1654,267334,3316,408016,California
Santa Barbara,2020-12-15,2,2,2,2,0,0,0,0,2,2,0,0,2,2,California
Santa Barbara,2020-12-16,2,4,2,4,0,0,0,0,2,4,0,0,2,4,California
Santa Barbara,2020-12-17,53,57,53,57,0,0,0,0,53,57,0,0,53,57,California
Santa Barbara,2020-12-18,378,435,377,434,1,1,0,0,378,435,0,0,378,435,California
Santa Barbara,2020-12-19,325,760,325,759,0,1,0,0,325,760,0,0,325,760,California
Santa Barbara,2020-12-20,235,995,235,994,0,1,0,0,235,995,0,0,235,995,California
Santa Barbara,2020-12-21,651,1646,649,1643,2,3,0,0,651,1646,0,0,651,1646,California
Santa Barbara,2020-12-22,243,1889,241,1884,2,5,0,0,243,1889,0,0,243,1889,California
Santa Barbara,2020-12-23,320,2209,202,2086,118,123,0,0,320,2209,0,0,320,2209,California
Santa Barbara,2020-12-24,87,2296,40,2126,47,170,0,0,87,2296,0,0,87,2296,California
Santa Barbara,2020-12-26,326,2622,66,2192,260,430,0,0,326,2622,0,0,326,2622,California
Santa Barbara,2020-12-27,62,2684,1,2193,61,491,0,0,62,2684,0,0,62,2684,California
Santa Barbara,2020-12-28,355,3039,222,2415,133,624,0,0,355,3039,0,0,355,3039,California
Santa Barbara,2020-12-29,554,3593,362,2777,192,816,0,0,554,3593,0,0,554,3593,California
Santa Barbara,2020-12-30,586,4179,405,3182,181,997,0,0,586,4179,0,0,586,4179,California
Santa Barbara,2020-12-31,239,4418,113,3295,126,1123,0,0,239,4418,0,0,239,4418,California
Santa Barbara,2021-01-01,108,4526,107,3402,1,1124,0,0,108,4526,0,0,108,4526,California
Santa Barbara,2021-01-02,586,5112,223,3625,363,1487,0,0,586,5112,0,0,586,5112,California
Santa Barbara,2021-01-03,23,5135,15,3640,8,1495,0,0,23,5135,0,0,23,5135,California
Santa Barbara,2021-01-04,308,5443,245,3885,63,1558,0,0,307,5442,0,0,307,5442,California
Santa Barbara,2021-01-05,752,6195,379,4264,373,1931,0,0,725,6140,27,27,725,6167,California
Santa Barbara,2021-01-06,654,6849,275,4539,379,2310,0,0,595,6677,58,85,595,6762,California
Santa Barbara,2021-01-07,1031,7880,708,5247,323,2633,0,0,526,6702,501,586,526,7288,California
Santa Barbara,2021-01-08,1201,9081,839,6086,362,2995,0,0,707,6915,494,1080,707,7995,California
Santa Barbara,2021-01-09,566,9647,293,6379,273,3268,0,0,320,6989,246,1326,320,8315,California
Santa Barbara,2021-01-10,62,9709,50,6429,12,3280,0,0,46,7019,16,1342,46,8361,California
Santa Barbara,2021-01-11,837,10546,668,7097,169,3449,0,0,614,7411,222,1564,614,8975,California
Santa Barbara,2021-01-12,1426,11972,634,7731,792,4241,0,0,1270,8525,156,1720,1270,10245,California
Santa Barbara,2021-01-13,1227,13199,281,8012,946,5187,0,0,1101,9500,126,1846,1101,11346,California
Santa Barbara,2021-01-14,1251,14450,134,8146,1117,6304,0,0,1197,10645,53,1899,1198,12544,California
Santa Barbara,2021-01-15,1798,16248,419,8565,1379,7683,0,0,1717,12282,80,1979,1717,14261,California
Santa Barbara,2021-01-16,1273,17521,203,8768,1070,8753,0,0,1234,13478,38,2017,1234,15495,California
Santa Barbara,2021-01-17,123,17644,20,8788,103,8856,0,0,120,13595,3,2020,120,15615,California
Santa Barbara,2021-01-18,1152,18796,417,9205,735,9591,0,0,967,14377,185,2205,967,16582,California
Santa Barbara,2021-01-19,1635,20431,566,9771,1069,10660,0,0,1356,15455,278,2483,1356,17938,California
Santa Barbara,2021-01-20,1990,22421,445,10216,1545,12205,0,0,1697,16860,292,2775,1697,19635,California
Santa Barbara,2021-01-21,3086,25507,1819,12035,1267,13472,0,0,2931,19637,155,2930,2932,22567,California
Santa Barbara,2021-01-22,2999,28506,1851,13886,1148,14620,0,0,2854,22349,142,3072,2854,25421,California
Santa Barbara,2021-01-23,1735,30241,1106,14992,629,15249,0,0,1226,23067,508,3580,1226,26647,California
Santa Barbara,2021-01-24,843,31084,752,15744,91,15340,0,0,835,23894,8,3588,835,27482,California
Santa Barbara,2021-01-25,1238,32322,500,16244,738,16078,0,0,1001,24658,237,3825,1001,28483,California
Santa Barbara,2021-01-26,2038,34360,462,16706,1576,17654,0,0,1654,25930,382,4207,1654,30137,California
Santa Barbara,2021-01-27,1156,35516,398,17104,758,18412,0,0,899,26574,256,4463,900,31037,California
Santa Barbara,2021-01-28,891,36407,295,17399,596,19008,0,0,678,27042,210,4673,678,31715,California
Santa Barbara,2021-01-29,1331,37738,538,17937,793,19801,0,0,979,27674,349,5022,981,32696,California
Santa Barbara,2021-01-30,1890,39628,1418,19355,472,20273,0,0,1486,28759,401,5423,1486,34182,California
Santa Barbara,2021-01-31,1456,41084,1218,20573,238,20511,0,0,1417,30137,39,5462,1417,35599,California
Santa Barbara,2021-02-01,935,42019,517,21090,418,20929,0,0,548,30298,387,5849,548,36147,California
Santa Barbara,2021-02-02,1821,43840,699,21789,1122,22051,0,0,1045,30569,774,6623,1045,37192,California
Santa Barbara,2021-02-03,1943,45783,1079,22868,864,22915,0,0,1501,31638,432,7055,1501,38693,California
Santa Barbara,2021-02-04,2776,48559,1861,24729,915,23830,0,0,2481,33829,290,7345,2481,41174,California
Santa Barbara,2021-02-05,2905,51464,2060,26789,845,24675,0,0,2262,35449,642,7987,2262,43436,California
Santa Barbara,2021-02-06,1207,52671,339,27128,868,25543,0,0,795,35832,412,8399,795,44231,California
Santa Barbara,2021-02-07,299,52970,262,27390,37,25580,0,0,264,36062,34,8433,264,44495,California
Santa Barbara,2021-02-08,956,53926,312,27702,644,26224,0,0,670,36446,286,8719,670,45165,California
Santa Barbara,2021-02-09,2442,56368,314,28016,2128,28352,0,0,1122,36257,1311,10030,1122,46287,California
Santa Barbara,2021-02-10,2757,59125,1494,29510,1263,29615,0,0,800,35108,1949,11979,800,47087,California
Santa Barbara,2021-02-11,4176,63301,2804,32314,1372,30987,0,0,619,32175,3552,15531,619,47706,California
Santa Barbara,2021-02-12,3304,66605,948,33262,2356,33343,0,0,772,30420,2527,18058,772,48478,California
Santa Barbara,2021-02-13,1237,67842,341,33603,896,34239,0,0,562,30310,672,18730,562,49040,California
Santa Barbara,2021-02-14,331,68173,34,33637,297,34536,0,0,285,30549,46,18776,285,49325,California
Santa Barbara,2021-02-15,963,69136,337,33974,626,35162,0,0,491,30572,468,19244,491,49816,California
Santa Barbara,2021-02-16,2108,71244,395,34369,1713,36875,0,0,718,29904,1386,20630,718,50534,California
Santa Barbara,2021-02-17,1434,72678,321,34690,1113,37988,0,0,520,29512,912,21542,520,51054,California
Santa Barbara,2021-02-18,3250,75928,2646,37336,604,38592,0,0,1520,29336,1696,23238,1520,52574,California
Santa Barbara,2021-02-19,3602,79530,2648,39984,954,39546,0,0,2333,30403,1266,24504,2333,54907,California
Santa Barbara,2021-02-20,2219,81749,1432,41416,787,40333,0,0,1667,31527,543,25047,1667,56574,California
Santa Barbara,2021-02-21,124,81873,97,41513,27,40360,0,0,57,31517,67,25114,57,56631,California
Santa Barbara,2021-02-22,933,82806,242,41755,691,41051,0,0,261,31112,666,25780,261,56892,California
Santa Barbara,2021-02-23,3182,85988,1044,42799,2138,43189,0,0,421,28774,2759,28539,421,57313,California
Santa Barbara,2021-02-24,3194,89182,1088,43887,2106,45295,0,0,720,27029,2465,31004,720,58033,California
Santa Barbara,2021-02-25,3450,92632,1915,45802,1535,46830,0,0,985,25557,2458,33462,986,59019,California
Santa Barbara,2021-02-26,3661,96293,2173,47975,1488,48318,0,0,1979,25860,1676,35138,1979,60998,California
Santa Barbara,2021-02-27,1527,97820,561,48536,966,49284,0,0,846,26033,675,35813,848,61846,California
Santa Barbara,2021-02-28,1080,98900,218,48754,862,50146,0,0,890,26738,186,35999,891,62737,California
Santa Barbara,2021-03-01,1618,100518,457,49211,1161,51307,0,0,1080,27286,533,36532,1081,63818,California
Santa Barbara,2021-03-02,2600,103118,404,49615,2196,53503,0,0,2112,28921,478,37010,2113,65931,California
Santa Barbara,2021-03-03,4619,107737,2090,51705,2528,56031,1,1,4028,32372,581,37591,4032,69963,California
Santa Barbara,2021-03-04,3402,111139,2278,53983,1124,57155,0,1,2851,34678,545,38136,2851,72814,California
Santa Barbara,2021-03-05,3799,114938,2150,56133,1590,58745,59,60,3078,37100,715,38851,3137,75951,California
Santa Barbara,2021-03-06,2438,117376,725,56858,1494,60239,219,279,1674,38231,761,39612,1892,77843,California
Santa Barbara,2021-03-07,556,117932,122,56980,306,60545,128,407,380,38565,175,39787,509,78352,California
Santa Barbara,2021-03-08,1572,119504,374,57354,856,61401,342,749,792,38925,774,40561,1134,79486,California
Santa Barbara,2021-03-09,2762,122266,323,57677,1670,63071,769,1518,716,38363,2043,42604,1481,80967,California
Santa Barbara,2021-03-10,2747,125013,540,58217,1160,64231,1047,2565,1030,38727,1712,44316,2076,83043,California
Santa Barbara,2021-03-11,5567,130580,3031,61248,1424,65655,1112,3677,2277,38833,3279,47595,3385,86428,California
Santa Barbara,2021-03-12,3641,134221,2089,63337,1126,66781,426,4103,2169,39963,1465,49060,2595,89023,California
Santa Barbara,2021-03-13,3464,137685,1917,65254,1338,68119,209,4312,2692,42094,771,49831,2902,91925,California
Santa Barbara,2021-03-14,773,138458,364,65618,352,68471,57,4369,455,42288,318,50149,512,92437,California
Santa Barbara,2021-03-15,2099,140557,695,66313,1114,69585,290,4659,1264,43008,832,50981,1552,93989,California
Santa Barbara,2021-03-16,3715,144272,1168,67481,2206,71791,341,5000,2731,45099,981,51962,3072,97061,California
Santa Barbara,2021-03-17,3282,147554,969,68450,1914,73705,399,5399,2298,46813,982,52944,2696,99757,California
Santa Barbara,2021-03-18,4337,151891,2795,71245,1342,75047,200,5599,3136,48958,1191,54135,3336,103093,California
Santa Barbara,2021-03-19,4427,156318,2761,74006,1335,76382,331,5930,3037,50941,1384,55519,3367,106460,California
Santa Barbara,2021-03-20,2153,158471,822,74828,1321,77703,10,5940,1318,51436,833,56352,1328,107788,California
Santa Barbara,2021-03-21,1148,159619,380,75208,739,78442,29,5969,826,51970,321,56673,855,108643,California
Santa Barbara,2021-03-22,2766,162385,1907,77115,816,79258,43,6012,2217,53687,543,57216,2260,110903,California
Santa Barbara,2021-03-23,4451,166836,2235,79350,2120,81378,96,6108,3694,56729,748,57964,3790,114693,California
Santa Barbara,2021-03-24,5367,172203,3143,82493,1491,82869,733,6841,2941,57995,2407,60371,3673,118366,California
Santa Barbara,2021-03-25,5491,177694,3264,85757,2046,84915,181,7022,2737,58173,2740,63111,2918,121284,California
Santa Barbara,2021-03-26,5062,182756,3212,88969,1552,86467,298,7320,2225,57876,2820,65931,2523,123807,California
Santa Barbara,2021-03-27,2927,185683,1222,90191,1663,88130,42,7362,1595,58185,1327,67258,1636,125443,California
Santa Barbara,2021-03-28,2766,188449,1647,91838,1091,89221,28,7390,1887,59224,876,68134,1915,127358,California
Santa Barbara,2021-03-29,4041,192490,2089,93927,1883,91104,69,7459,3236,61729,800,68934,3305,130663,California
Santa Barbara,2021-03-30,6777,199267,3501,97428,3128,94232,148,7607,4556,64225,2207,71141,4703,135366,California
Santa Barbara,2021-03-31,8616,207883,5489,102917,3063,97295,64,7671,5051,65791,3550,74691,5116,140482,California
Santa Barbara,2021-04-01,6881,214764,5074,107991,1549,98844,258,7929,4045,67268,2824,77515,4301,144783,California
Santa Barbara,2021-04-02,6591,221355,4524,112515,1475,100319,592,8521,3380,68035,3204,80719,3971,148754,California
Santa Barbara,2021-04-03,3783,225138,2100,114615,1615,101934,68,8589,2489,69301,1290,82009,2556,151310,California
Santa Barbara,2021-04-04,891,226029,441,115056,412,102346,38,8627,495,69440,394,82403,533,151843,California
Santa Barbara,2021-04-05,3436,229465,2265,117321,914,103260,257,8884,2145,70557,1286,83689,2403,154246,California
Santa Barbara,2021-04-06,5447,234912,2815,120136,2097,105357,535,9419,3336,72329,2096,85785,3868,158114,California
Santa Barbara,2021-04-07,5979,240891,3283,123419,2155,107512,541,9960,4084,75066,1884,87669,4621,162735,California
Santa Barbara,2021-04-08,7380,248271,5029,128448,636,108148,1715,11675,3415,76231,3962,91631,5127,167862,California
Santa Barbara,2021-04-09,7269,255540,4857,133305,1074,109222,1338,13013,3293,76892,3966,95597,4627,172489,California
Santa Barbara,2021-04-10,6620,262160,4600,137905,1410,110632,610,13623,4517,79920,2099,97696,5127,177616,California
Santa Barbara,2021-04-11,2662,264822,1949,139854,414,111046,299,13922,1841,81240,816,98512,2136,179752,California
Santa Barbara,2021-04-12,4383,269205,2804,142658,1025,112071,554,14476,1878,81172,2497,101009,2429,182181,California
Santa Barbara,2021-04-13,6285,275490,4134,146792,2140,114211,11,14487,2612,80125,3669,104678,2622,184803,California
Santa Barbara,2021-04-14,6428,281918,4148,150940,2278,116489,2,14489,3982,81671,2437,107115,3983,188786,California
Santa Barbara,2021-04-15,6315,288233,3596,154536,2718,119207,1,14490,3959,83285,2346,109461,3960,192746,California
Santa Barbara,2021-04-16,5984,294217,3377,157913,2596,121803,11,14501,4023,85368,1950,111411,4033,196779,California
Santa Barbara,2021-04-17,4940,299157,3503,161416,1437,123240,0,14501,3749,87935,1182,112593,3749,200528,California
Santa Barbara,2021-04-18,2102,301259,1480,162896,622,123862,0,14501,377,86591,1723,114316,379,200907,California
Santa Barbara,2021-04-19,3076,304335,2140,165036,931,124793,5,14506,967,85458,2105,116421,972,201879,California
Santa Barbara,2021-04-20,2022,306357,1790,166826,231,125024,1,14507,1032,85509,984,117405,1035,202914,California
Santa Clara,2020-12-15,64,64,64,64,0,0,0,0,64,64,0,0,64,64,California
Santa Clara,2020-12-16,136,200,136,200,0,0,0,0,136,200,0,0,136,200,California
Santa Clara,2020-12-17,389,589,389,589,0,0,0,0,389,589,0,0,389,589,California
Santa Clara,2020-12-18,1671,2260,1671,2260,0,0,0,0,1671,2260,0,0,1671,2260,California
Santa Clara,2020-12-19,2073,4333,2073,4333,0,0,0,0,2072,4332,0,0,2072,4332,California
Santa Clara,2020-12-20,1899,6232,1893,6226,6,6,0,0,1896,6228,0,0,1896,6228,California
Santa Clara,2020-12-21,2669,8901,2669,8895,0,6,0,0,2667,8895,0,0,2667,8895,California
Santa Clara,2020-12-22,3122,12023,3113,12008,9,15,0,0,3119,12014,0,0,3119,12014,California
Santa Clara,2020-12-23,3256,15279,3071,15079,185,200,0,0,3254,15268,0,0,3254,15268,California
Santa Clara,2020-12-24,1898,17177,1711,16790,187,387,0,0,1892,17159,1,1,1892,17160,California
Santa Clara,2020-12-25,343,17520,342,17132,1,388,0,0,343,17502,0,1,343,17503,California
Santa Clara,2020-12-26,1262,18782,1030,18162,232,620,0,0,1261,18763,0,1,1261,18764,California
Santa Clara,2020-12-27,647,19429,507,18669,140,760,0,0,647,19410,0,1,647,19411,California
Santa Clara,2020-12-28,2332,21761,1730,20399,602,1362,0,0,2332,21742,0,1,2332,21743,California
Santa Clara,2020-12-29,2327,24088,1466,21865,861,2223,0,0,2325,24067,0,1,2325,24068,California
Santa Clara,2020-12-30,2989,27077,1899,23764,1090,3313,0,0,2987,27052,2,3,2987,27055,California
Santa Clara,2020-12-31,1211,28288,389,24153,822,4135,0,0,1210,28261,1,4,1210,28265,California
Santa Clara,2021-01-01,137,28425,7,24160,130,4265,0,0,137,28398,0,4,137,28402,California
Santa Clara,2021-01-02,1081,29506,812,24972,269,4534,0,0,1081,29479,0,4,1081,29483,California
Santa Clara,2021-01-03,584,30090,369,25341,215,4749,0,0,579,30055,3,7,579,30062,California
Santa Clara,2021-01-04,2467,32557,1665,27006,802,5551,0,0,2465,32520,0,7,2465,32527,California
Santa Clara,2021-01-05,3056,35613,2000,29006,1056,6607,0,0,2869,35208,186,193,2874,35401,California
Santa Clara,2021-01-06,3315,38928,1952,30958,1363,7970,0,0,2740,37378,571,764,2741,38142,California
Santa Clara,2021-01-07,4214,43142,2554,33512,1660,9630,0,0,3148,39475,1056,1820,3153,41295,California
Santa Clara,2021-01-08,5838,48980,3817,37329,2021,11651,0,0,3787,41215,2047,3867,3787,45082,California
Santa Clara,2021-01-09,2966,51946,1859,39188,1107,12758,0,0,1685,41621,1281,5148,1687,46769,California
Santa Clara,2021-01-10,1951,53897,1508,40696,443,13201,0,0,741,41153,1209,6357,741,47510,California
Santa Clara,2021-01-11,5933,59830,3732,44428,2201,15402,0,0,3373,41972,2559,8916,3378,50888,California
Santa Clara,2021-01-12,6796,66626,3395,47823,3401,18803,0,0,4556,44291,2238,11154,4557,55445,California
Santa Clara,2021-01-13,7359,73985,3036,50859,4323,23126,0,0,5194,47323,2163,13317,5195,60640,California
Santa Clara,2021-01-14,8227,82212,2790,53649,5437,28563,0,0,6489,52080,1733,15050,6490,67130,California
Santa Clara,2021-01-15,9444,91656,2679,56328,6765,35328,0,0,8129,58902,1312,16362,8134,75264,California
Santa Clara,2021-01-16,4296,95952,1221,57549,3075,38403,0,0,3465,61540,827,17189,3465,78729,California
Santa Clara,2021-01-17,3212,99164,600,58149,2612,41015,0,0,2716,63760,496,17685,2716,81445,California
Santa Clara,2021-01-18,5090,104254,1153,59302,3937,44952,0,0,4537,67745,553,18238,4538,85983,California
Santa Clara,2021-01-19,8453,112707,2655,61957,5798,50750,0,0,6778,72854,1672,19910,6781,92764,California
Santa Clara,2021-01-20,7991,120698,4017,65974,3974,54724,0,0,6452,77772,1534,21444,6452,99216,California
Santa Clara,2021-01-21,8539,129237,3631,69605,4908,59632,0,0,7389,84015,1148,22592,7391,106607,California
Santa Clara,2021-01-22,8577,137814,3200,72805,5377,65009,0,0,8013,91467,563,23155,8015,114622,California
Santa Clara,2021-01-23,3776,141590,1684,74489,2092,67101,0,0,2819,93330,957,24112,2820,117442,California
Santa Clara,2021-01-24,2823,144413,1420,75909,1403,68504,0,0,2336,95181,485,24597,2336,119778,California
Santa Clara,2021-01-25,8358,152771,3776,79685,4582,73086,0,0,6305,99444,2046,26643,6309,126087,California
Santa Clara,2021-01-26,8227,160998,3756,83441,4471,77557,0,0,6118,103465,2099,28742,6120,132207,California
Santa Clara,2021-01-27,8698,169696,3821,87262,4877,82434,0,0,6782,108353,1895,30637,6783,138990,California
Santa Clara,2021-01-28,9411,179107,3768,91030,5643,88077,0,0,7466,113898,1925,32562,7470,146460,California
Santa Clara,2021-01-29,9474,188581,3918,94948,5556,93633,0,0,7312,119060,2153,34715,7315,153775,California
Santa Clara,2021-01-30,4162,192743,2057,97005,2105,95738,0,0,2961,120826,1196,35911,2962,156737,California
Santa Clara,2021-01-31,2169,194912,1302,98307,867,96605,0,0,1580,121820,586,36497,1580,158317,California
Santa Clara,2021-02-01,7830,202742,3480,101787,4350,100955,0,0,6141,126279,1683,38180,6142,164459,California
Santa Clara,2021-02-02,8197,210939,2867,104654,5330,106285,0,0,6208,130505,1985,40165,6211,170670,California
Santa Clara,2021-02-03,9190,220129,3481,108135,5709,111994,0,0,6921,135168,2264,42429,6927,177597,California
Santa Clara,2021-02-04,10562,230691,4111,112246,6451,118445,0,0,8283,141185,2269,44698,8286,185883,California
Santa Clara,2021-02-05,11899,242590,4339,116585,7560,126005,0,0,8444,146190,3440,48138,8445,194328,California
Santa Clara,2021-02-06,5167,247757,2805,119390,2362,128367,0,0,4009,149046,1155,49293,4011,198339,California
Santa Clara,2021-02-07,3473,251230,2348,121738,1125,129492,0,0,3023,151622,448,49741,3024,201363,California
Santa Clara,2021-02-08,10002,261232,3478,125216,6524,136016,0,0,7291,156217,2697,52438,7292,208655,California
Santa Clara,2021-02-09,10778,272010,3805,129021,6973,142989,0,0,7305,160062,3463,55901,7308,215963,California
Santa Clara,2021-02-10,12626,284636,4894,133915,7732,150721,0,0,6904,161259,5709,61610,6906,222869,California
Santa Clara,2021-02-11,13160,297796,4632,138547,8528,159249,0,0,7421,162956,5725,67335,7422,230291,California
Santa Clara,2021-02-12,14522,312318,4475,143022,10047,169296,0,0,7007,162469,7496,74831,7009,237300,California
Santa Clara,2021-02-13,6067,318385,1446,144468,4621,173917,0,0,2214,160837,3848,78679,2216,239516,California
Santa Clara,2021-02-14,4613,322998,1138,145606,3475,177392,0,0,1471,159169,3141,81820,1473,240989,California
Santa Clara,2021-02-15,6238,329236,2790,148396,3448,180840,0,0,2697,158331,3535,85355,2697,243686,California
Santa Clara,2021-02-16,13573,342809,3988,152384,9585,190425,0,0,6744,158263,6812,92167,6744,250430,California
Santa Clara,2021-02-17,14053,356862,5485,157869,8568,198993,0,0,7041,158314,6995,99162,7046,257476,California
Santa Clara,2021-02-18,13694,370556,8346,166215,5348,204341,0,0,7004,158653,6668,105830,7007,264483,California
Santa Clara,2021-02-19,14671,385227,9511,175726,5160,209501,0,0,8497,160994,6160,111990,8501,272984,California
Santa Clara,2021-02-20,6806,392033,5092,180818,1714,211215,0,0,3671,161539,3126,115116,3671,276655,California
Santa Clara,2021-02-21,3241,395274,2426,183244,815,212030,0,0,1162,160631,2072,117188,1164,277819,California
Santa Clara,2021-02-22,10130,405404,6071,189315,4059,216089,0,0,4729,159970,5391,122579,4730,282549,California
Santa Clara,2021-02-23,11826,417230,7691,197006,4135,220224,0,0,6699,161559,5115,127694,6704,289253,California
Santa Clara,2021-02-24,14095,431325,9084,206090,5011,225235,0,0,8728,164935,5352,133046,8728,297981,California
Santa Clara,2021-02-25,14387,445712,9217,215307,5170,230405,0,0,7716,166003,6653,139699,7721,305702,California
Santa Clara,2021-02-26,14546,460258,8432,223739,6114,236519,0,0,7998,167481,6523,146222,8001,313703,California
Santa Clara,2021-02-27,8040,468298,5489,229228,2550,239069,1,1,4447,168353,3583,149805,4455,318158,California
Santa Clara,2021-02-28,4711,473009,3062,232290,1649,240718,0,1,2202,168054,2501,152306,2202,320360,California
Santa Clara,2021-03-01,14045,487054,7957,240247,6087,246805,1,2,8682,171394,5343,157649,8683,329043,California
Santa Clara,2021-03-02,13937,500991,8237,248484,5700,252505,0,2,9325,176129,4592,162241,9327,338370,California
Santa Clara,2021-03-03,18229,519220,8870,257354,9358,261863,1,3,11292,180528,6900,169141,11299,349669,California
Santa Clara,2021-03-04,16334,535554,8897,266251,7434,269297,3,6,9831,183896,6467,175608,9835,359504,California
Santa Clara,2021-03-05,16360,551914,9116,275367,7119,276416,125,131,9063,185810,7278,182886,9192,368696,California
Santa Clara,2021-03-06,9335,561249,6264,281631,2635,279051,436,567,7050,191021,2273,185159,7484,376180,California
Santa Clara,2021-03-07,6709,567958,4403,286034,2077,281128,229,796,5351,195251,1350,186509,5580,381760,California
Santa Clara,2021-03-08,12827,580785,6679,292713,5588,286716,560,1356,8215,199433,4595,191104,8777,390537,California
Santa Clara,2021-03-09,14779,595564,6198,298911,7255,293971,1326,2682,6742,199479,8020,199124,8066,398603,California
Santa Clara,2021-03-10,14855,610419,6456,305367,6384,300355,2015,4697,6063,198773,8769,207893,8063,406666,California
Santa Clara,2021-03-11,16860,627279,7721,313088,7642,307997,1497,6194,6093,195613,10740,218633,7580,414246,California
Santa Clara,2021-03-12,17544,644823,9045,322133,6929,314926,1570,7764,5927,191523,11578,230211,7488,421734,California
Santa Clara,2021-03-13,10591,655414,6100,328233,3009,317935,1482,9246,4685,191799,5883,236094,6159,427893,California
Santa Clara,2021-03-14,6465,661879,3342,331575,1821,319756,1302,10548,3192,193026,3259,239353,4486,432379,California
Santa Clara,2021-03-15,12713,674592,6495,338070,5951,325707,267,10815,5949,192499,6744,246097,6217,438596,California
Santa Clara,2021-03-16,18004,692596,10238,348308,7561,333268,205,11020,8878,192479,9101,255198,9081,447677,California
Santa Clara,2021-03-17,19652,712248,11184,359492,8304,341572,164,11184,10136,193311,9468,264666,10300,457977,California
Santa Clara,2021-03-18,18900,731148,8837,368329,8906,350478,1157,12341,9110,193840,9737,274403,10266,468243,California
Santa Clara,2021-03-19,19077,750225,9801,378130,8279,358757,997,13338,9971,195752,9050,283453,10962,479205,California
Santa Clara,2021-03-20,11437,761662,6275,384405,4333,363090,829,14167,6725,198619,4682,288135,7549,486754,California
Santa Clara,2021-03-21,8240,769902,3718,388123,3122,366212,1400,15567,5525,202831,2706,290841,6918,493672,California
Santa Clara,2021-03-22,16200,786102,9028,397151,6828,373040,344,15911,9305,205607,6873,297714,9649,503321,California
Santa Clara,2021-03-23,19087,805189,12138,409289,6436,379476,513,16424,11463,210003,7580,305294,11976,515297,California
Santa Clara,2021-03-24,22392,827581,14437,423726,7544,387020,411,16835,14625,217314,7727,313021,15038,530335,California
Santa Clara,2021-03-25,22632,850213,12968,436694,8685,395705,979,17814,14699,225112,7872,320893,15670,546005,California
Santa Clara,2021-03-26,21686,871899,13821,450515,7483,403188,382,18196,13404,230645,8249,329142,13782,559787,California
Santa Clara,2021-03-27,15567,887466,10354,460869,4451,407639,762,18958,8396,232667,7136,336278,9158,568945,California
Santa Clara,2021-03-28,11958,899424,8262,469131,2983,410622,713,19671,6466,234373,5470,341748,7176,576121,California
Santa Clara,2021-03-29,20434,919858,12538,481669,7172,417794,724,20395,11194,237089,9199,350947,11915,588036,California
Santa Clara,2021-03-30,25394,945252,15119,496788,8344,426138,1931,22326,16508,246673,8849,359796,18433,606469,California
Santa Clara,2021-03-31,20206,965458,11718,508506,7367,433505,1121,23447,12593,252799,7582,367378,13708,620177,California
Santa Clara,2021-04-01,31284,996742,19575,528081,8727,442232,2982,26429,19745,264036,11484,378862,22721,642898,California
Santa Clara,2021-04-02,24847,1021589,14181,542262,8557,450789,2109,28538,16251,273826,8563,387425,18353,661251,California
Santa Clara,2021-04-03,15015,1036604,9110,551372,3434,454223,2471,31009,8314,277923,6680,394105,10777,672028,California
Santa Clara,2021-04-04,7507,1044111,3990,555362,2402,456625,1115,32124,3917,279371,3583,397688,5031,677059,California
Santa Clara,2021-04-05,21455,1065566,14308,569670,4705,461330,2442,34566,13985,288351,7446,405134,16426,693485,California
Santa Clara,2021-04-06,29115,1094681,15999,585669,7709,469039,5407,39973,17461,299600,11610,416744,22859,716344,California
Santa Clara,2021-04-07,30378,1125059,15685,601354,8304,477343,6389,46362,18540,312732,11785,428529,24917,741261,California
Santa Clara,2021-04-08,28765,1153824,15927,617281,5865,483208,6973,53335,15922,322838,12774,441303,22880,764141,California
Santa Clara,2021-04-09,27155,1180979,13444,630725,6742,489950,6969,60304,13936,330560,13165,454468,20887,785028,California
Santa Clara,2021-04-10,21088,1202067,12204,642929,3715,493665,5169,65473,11290,337224,9767,464235,16431,801459,California
Santa Clara,2021-04-11,15876,1217943,9489,652418,2625,496290,3762,69235,8211,341555,7633,471868,11964,813423,California
Santa Clara,2021-04-12,26443,1244386,18588,671006,5479,501769,2376,71611,18065,353669,8325,480193,20439,833862,California
Santa Clara,2021-04-13,33315,1277701,26672,697678,6617,508386,26,71637,25929,372332,7313,487506,25976,859838,California
Santa Clara,2021-04-14,33735,1311436,25061,722739,8671,517057,3,71640,24054,386799,9620,497126,24087,883925,California
Santa Clara,2021-04-15,41149,1352585,32350,755089,8798,525855,1,71641,31930,409623,9148,506274,31972,915897,California
Santa Clara,2021-04-16,36434,1389019,24958,780047,11470,537325,6,71647,26529,426335,9851,516125,26563,942460,California
Santa Clara,2021-04-17,21093,1410112,14608,794655,6484,543809,1,71648,14709,434707,6355,522480,14727,957187,California
Santa Clara,2021-04-18,15090,1425202,9666,804321,5424,549233,0,71648,9337,438322,5733,528213,9348,966535,California
Santa Clara,2021-04-19,15833,1441035,9061,813382,6771,556004,1,71649,8125,438791,7676,535889,8145,974680,California
Santa Clara,2021-04-20,7364,1448399,2817,816199,4547,560551,0,71649,3458,438410,3875,539764,3494,978174,California
Santa Cruz,2020-12-15,2,2,2,2,0,0,0,0,2,2,0,0,2,2,California
Santa Cruz,2020-12-16,57,59,57,59,0,0,0,0,57,59,0,0,57,59,California
Santa Cruz,2020-12-17,389,448,389,448,0,0,0,0,389,448,0,0,389,448,California
Santa Cruz,2020-12-18,465,913,465,913,0,0,0,0,465,913,0,0,465,913,California
Santa Cruz,2020-12-19,178,1091,177,1090,1,1,0,0,178,1091,0,0,178,1091,California
Santa Cruz,2020-12-20,95,1186,95,1185,0,1,0,0,95,1186,0,0,95,1186,California
Santa Cruz,2020-12-21,434,1620,434,1619,0,1,0,0,434,1620,0,0,434,1620,California
Santa Cruz,2020-12-22,424,2044,423,2042,1,2,0,0,424,2044,0,0,424,2044,California
Santa Cruz,2020-12-23,372,2416,329,2371,43,45,0,0,372,2416,0,0,372,2416,California
Santa Cruz,2020-12-24,125,2541,49,2420,76,121,0,0,125,2541,0,0,125,2541,California
Santa Cruz,2020-12-25,11,2552,11,2431,0,121,0,0,11,2552,0,0,11,2552,California
Santa Cruz,2020-12-26,64,2616,45,2476,19,140,0,0,64,2616,0,0,64,2616,California
Santa Cruz,2020-12-27,32,2648,27,2503,5,145,0,0,32,2648,0,0,32,2648,California
Santa Cruz,2020-12-28,484,3132,108,2611,376,521,0,0,484,3132,0,0,484,3132,California
Santa Cruz,2020-12-29,798,3930,370,2981,428,949,0,0,798,3930,0,0,798,3930,California
Santa Cruz,2020-12-30,356,4286,164,3145,192,1141,0,0,356,4286,0,0,356,4286,California
Santa Cruz,2020-12-31,313,4599,11,3156,302,1443,0,0,313,4599,0,0,313,4599,California
Santa Cruz,2021-01-01,33,4632,1,3157,32,1475,0,0,33,4632,0,0,33,4632,California
Santa Cruz,2021-01-02,71,4703,57,3214,14,1489,0,0,71,4703,0,0,71,4703,California
Santa Cruz,2021-01-03,15,4718,7,3221,8,1497,0,0,15,4718,0,0,15,4718,California
Santa Cruz,2021-01-04,281,4999,123,3344,158,1655,0,0,279,4997,0,0,279,4997,California
Santa Cruz,2021-01-05,566,5565,428,3772,138,1793,0,0,264,4959,302,302,264,5261,California
Santa Cruz,2021-01-06,803,6368,670,4442,133,1926,0,0,465,5087,337,639,465,5726,California
Santa Cruz,2021-01-07,540,6908,212,4654,328,2254,0,0,387,5322,153,792,388,6114,California
Santa Cruz,2021-01-08,934,7842,561,5215,373,2627,0,0,486,5361,448,1240,487,6601,California
Santa Cruz,2021-01-09,463,8305,123,5338,340,2967,0,0,409,5716,54,1294,409,7010,California
Santa Cruz,2021-01-10,80,8385,70,5408,10,2977,0,0,21,5678,59,1353,21,7031,California
Santa Cruz,2021-01-11,723,9108,588,5996,135,3112,0,0,192,5339,531,1884,192,7223,California
Santa Cruz,2021-01-12,736,9844,532,6528,204,3316,0,0,493,5589,243,2127,493,7716,California
Santa Cruz,2021-01-13,522,10366,228,6756,294,3610,0,0,438,5946,81,2208,438,8154,California
Santa Cruz,2021-01-14,553,10919,101,6857,452,4062,0,0,487,6367,66,2274,487,8641,California
Santa Cruz,2021-01-15,1459,12378,77,6934,1382,5444,0,0,1395,7700,63,2337,1396,10037,California
Santa Cruz,2021-01-16,426,12804,54,6988,372,5816,0,0,407,8088,19,2356,407,10444,California
Santa Cruz,2021-01-17,297,13101,41,7029,256,6072,0,0,272,8335,25,2381,272,10716,California
Santa Cruz,2021-01-18,1016,14117,105,7134,911,6983,0,0,954,9227,62,2443,954,11670,California
Santa Cruz,2021-01-19,1623,15740,524,7658,1099,8082,0,0,1270,10147,351,2794,1271,12941,California
Santa Cruz,2021-01-20,1236,16976,184,7842,1052,9134,0,0,1039,10992,194,2988,1039,13980,California
Santa Cruz,2021-01-21,1710,18686,200,8042,1510,10644,0,0,1602,12488,108,3096,1604,15584,California
Santa Cruz,2021-01-22,1797,20483,532,8574,1265,11909,0,0,1695,14085,99,3195,1696,17280,California
Santa Cruz,2021-01-23,402,20885,147,8721,255,12164,0,0,342,14368,59,3254,342,17622,California
Santa Cruz,2021-01-24,116,21001,21,8742,95,12259,0,0,98,14448,18,3272,98,17720,California
Santa Cruz,2021-01-25,1059,22060,359,9101,700,12959,0,0,549,14487,510,3782,549,18269,California
Santa Cruz,2021-01-26,1692,23752,247,9348,1445,14404,0,0,1180,15155,512,4294,1180,19449,California
Santa Cruz,2021-01-27,1653,25405,449,9797,1204,15608,0,0,1269,16042,382,4676,1269,20718,California
Santa Cruz,2021-01-28,1746,27151,292,10089,1454,17062,0,0,1470,17237,276,4952,1471,22189,California
Santa Cruz,2021-01-29,1734,28885,489,10578,1245,18307,0,0,1604,18712,129,5081,1604,23793,California
Santa Cruz,2021-01-30,1059,29944,308,10886,751,19058,0,0,926,19505,133,5214,926,24719,California
Santa Cruz,2021-01-31,219,30163,113,10999,106,19164,0,0,205,19696,14,5228,205,24924,California
Santa Cruz,2021-02-01,1232,31395,759,11758,473,19637,0,0,826,20116,406,5634,826,25750,California
Santa Cruz,2021-02-02,1007,32402,128,11886,879,20516,0,0,852,20814,154,5788,852,26602,California
Santa Cruz,2021-02-03,2238,34640,961,12847,1277,21793,0,0,1923,22426,311,6099,1923,28525,California
Santa Cruz,2021-02-04,1851,36491,773,13620,1078,22871,0,0,1514,23604,336,6435,1514,30039,California
Santa Cruz,2021-02-05,3174,39665,795,14415,2379,25250,0,0,2855,26141,318,6753,2855,32894,California
Santa Cruz,2021-02-06,2587,42252,164,14579,2423,27673,0,0,2239,28032,348,7101,2239,35133,California
Santa Cruz,2021-02-07,909,43161,122,14701,787,28460,0,0,891,28905,18,7119,891,36024,California
Santa Cruz,2021-02-08,716,43877,203,14904,513,28973,0,0,516,29222,199,7318,516,36540,California
Santa Cruz,2021-02-09,2371,46248,1056,15960,1315,30288,0,0,2106,31067,261,7579,2106,38646,California
Santa Cruz,2021-02-10,2201,48449,581,16541,1620,31908,0,0,1502,31879,691,8270,1503,40149,California
Santa Cruz,2021-02-11,1855,50304,317,16858,1538,33446,0,0,1330,32686,523,8793,1330,41479,California
Santa Cruz,2021-02-12,3221,53525,421,17279,2800,36246,0,0,1811,33098,1402,10195,1814,43293,California
Santa Cruz,2021-02-13,1709,55234,124,17403,1585,37831,0,0,1295,33979,414,10609,1295,44588,California
Santa Cruz,2021-02-14,1403,56637,70,17473,1333,39164,0,0,1139,34854,264,10873,1139,45727,California
Santa Cruz,2021-02-15,1583,58220,279,17752,1304,40468,0,0,566,34404,1017,11890,567,46294,California
Santa Cruz,2021-02-16,1697,59917,205,17957,1492,41960,0,0,538,33804,1138,13028,538,46832,California
Santa Cruz,2021-02-17,2918,62835,973,18930,1945,43905,0,0,1220,33342,1685,14713,1223,48055,California
Santa Cruz,2021-02-18,2880,65715,638,19568,2242,46147,0,0,1230,32926,1646,16359,1230,49285,California
Santa Cruz,2021-02-19,3267,68982,1146,20714,2121,48268,0,0,2008,33677,1257,17616,2008,51293,California
Santa Cruz,2021-02-20,2386,71368,1499,22213,887,49155,0,0,1892,35075,494,18110,1892,53185,California
Santa Cruz,2021-02-21,826,72194,360,22573,466,49621,0,0,700,35651,124,18234,700,53885,California
Santa Cruz,2021-02-22,1260,73454,969,23542,291,49912,0,0,535,35463,723,18957,535,54420,California
Santa Cruz,2021-02-23,2096,75550,937,24479,1159,51071,0,0,708,34784,1387,20344,708,55128,California
Santa Cruz,2021-02-24,3184,78734,1663,26142,1521,52592,0,0,1204,34012,1976,22320,1204,56332,California
Santa Cruz,2021-02-25,3240,81974,1432,27574,1808,54400,0,0,1782,34343,1451,23771,1782,58114,California
Santa Cruz,2021-02-26,2720,84694,763,28337,1957,56357,0,0,1548,34725,1168,24939,1550,59664,California
Santa Cruz,2021-02-27,2637,87331,930,29267,1707,58064,0,0,1838,35765,798,25737,1838,61502,California
Santa Cruz,2021-02-28,1296,88627,359,29626,937,59001,0,0,1086,36644,207,25944,1086,62588,California
Santa Cruz,2021-03-01,1829,90456,1255,30881,574,59575,0,0,689,36196,1137,27081,689,63277,California
Santa Cruz,2021-03-02,1504,91960,338,31219,1166,60741,0,0,835,36367,667,27748,838,64115,California
Santa Cruz,2021-03-03,2340,94300,604,31823,1736,62477,0,0,1270,36570,1067,28815,1270,65385,California
Santa Cruz,2021-03-04,3001,97301,1403,33226,1597,64074,1,1,2022,37625,969,29784,2024,67409,California
Santa Cruz,2021-03-05,2600,99901,477,33703,2105,66179,18,19,1121,37288,1476,31260,1139,68548,California
Santa Cruz,2021-03-06,3869,103770,1348,35051,2416,68595,105,124,2159,37840,1710,32970,2262,70810,California
Santa Cruz,2021-03-07,1346,105116,128,35179,1144,69739,74,198,555,37679,790,33760,629,71439,California
Santa Cruz,2021-03-08,1079,106195,218,35397,732,70471,129,327,649,38028,429,34189,778,72217,California
Santa Cruz,2021-03-09,1770,107965,237,35634,1386,71857,147,474,702,37812,1065,35254,849,73066,California
Santa Cruz,2021-03-10,3855,111820,2088,37722,1618,73475,149,623,1992,38095,1861,37115,2144,75210,California
Santa Cruz,2021-03-11,2803,114623,1217,38939,1412,74887,174,797,1548,38565,1254,38369,1724,76934,California
Santa Cruz,2021-03-12,2748,117371,890,39829,1567,76454,291,1088,908,37926,1837,40206,1198,78132,California
Santa Cruz,2021-03-13,2306,119677,1333,41162,928,77382,45,1133,1174,38016,1130,41336,1220,79352,California
Santa Cruz,2021-03-14,899,120576,214,41376,671,78053,14,1147,439,38010,458,41794,452,79804,California
Santa Cruz,2021-03-15,1350,121926,482,41858,833,78886,35,1182,580,37859,767,42561,616,80420,California
Santa Cruz,2021-03-16,2322,124248,1088,42946,1193,80079,41,1223,1345,38270,974,43535,1385,81805,California
Santa Cruz,2021-03-17,3865,128113,2235,45181,1620,81699,10,1233,2521,39464,1340,44875,2534,84339,California
Santa Cruz,2021-03-18,3866,131979,2094,47275,1652,83351,120,1353,2070,39861,1793,46668,2190,86529,California
Santa Cruz,2021-03-19,3273,135252,1319,48594,1729,85080,225,1578,1648,40115,1619,48287,1873,88402,California
Santa Cruz,2021-03-20,2168,137420,1615,50209,516,85596,37,1615,1095,40177,1070,49357,1132,89534,California
Santa Cruz,2021-03-21,825,138245,437,50646,267,85863,121,1736,444,40364,379,49736,566,90100,California
Santa Cruz,2021-03-22,1372,139617,849,51495,501,86364,22,1758,943,40904,426,50162,966,91066,California
Santa Cruz,2021-03-23,2559,142176,1436,52931,1073,87437,50,1808,1722,41841,835,50997,1772,92838,California
Santa Cruz,2021-03-24,3013,145189,2022,54953,969,88406,22,1830,1997,42848,1011,52008,2018,94856,California
Santa Cruz,2021-03-25,2613,147802,1328,56281,1252,89658,33,1863,1356,42988,1249,53257,1389,96245,California
Santa Cruz,2021-03-26,3029,150831,1820,58101,1182,90840,27,1890,2060,44113,962,54219,2087,98332,California
Santa Cruz,2021-03-27,3237,154068,2013,60114,1199,92039,25,1915,1530,43972,1697,55916,1556,99888,California
Santa Cruz,2021-03-28,926,154994,569,60683,344,92383,13,1928,492,44049,429,56345,506,100394,California
Santa Cruz,2021-03-29,1955,156949,875,61558,1011,93394,69,1997,1253,44672,699,57044,1322,101716,California
Santa Cruz,2021-03-30,2705,159654,817,62375,1725,95119,163,2160,1737,45606,966,58010,1900,103616,California
Santa Cruz,2021-03-31,4055,163709,2716,65091,1291,96410,48,2208,2085,45773,1966,59976,2133,105749,California
Santa Cruz,2021-04-01,4022,167731,2152,67243,1762,98172,108,2316,2028,45920,1989,61965,2136,107885,California
Santa Cruz,2021-04-02,3150,170881,1431,68674,1537,99709,182,2498,1745,46447,1400,63365,1927,109812,California
Santa Cruz,2021-04-03,2258,173139,1234,69908,891,100600,133,2631,889,46102,1366,64731,1021,110833,California
Santa Cruz,2021-04-04,939,174078,494,70402,390,100990,55,2686,554,46326,385,65116,609,111442,California
Santa Cruz,2021-04-05,2277,176355,812,71214,1294,102284,171,2857,1409,47039,867,65983,1580,113022,California
Santa Cruz,2021-04-06,3371,179726,1670,72884,1326,103610,375,3232,1987,48025,1374,67357,2360,115382,California
Santa Cruz,2021-04-07,4142,183868,1639,74523,2149,105759,354,3586,1866,47971,2273,69630,2219,117601,California
Santa Cruz,2021-04-08,4268,188136,2355,76878,1402,107161,511,4097,2516,49253,1743,71373,3025,120626,California
Santa Cruz,2021-04-09,3548,191684,1494,78372,1655,108816,399,4496,1955,50020,1588,72961,2355,122981,California
Santa Cruz,2021-04-10,2259,193943,1102,79474,908,109724,249,4745,1080,50172,1176,74137,1328,124309,California
Santa Cruz,2021-04-11,1003,194946,530,80004,382,110106,91,4836,490,50240,513,74650,581,124890,California
Santa Cruz,2021-04-12,2273,197219,805,80809,1036,111142,432,5268,1080,50572,1178,75828,1510,126400,California
Santa Cruz,2021-04-13,2899,200118,1456,82265,1441,112583,2,5270,1636,50952,1258,77086,1638,128038,California
Santa Cruz,2021-04-14,4372,204490,2026,84291,2346,114929,0,5270,2301,51190,2064,79150,2302,130340,California
Santa Cruz,2021-04-15,4480,208970,2774,87065,1706,116635,0,5270,2876,52473,1594,80744,2877,133217,California
Santa Cruz,2021-04-16,4323,213293,2493,89558,1828,118463,2,5272,2392,52942,1926,82670,2395,135612,California
Santa Cruz,2021-04-17,2159,215452,875,90433,1284,119747,0,5272,1410,53604,748,83418,1410,137022,California
Santa Cruz,2021-04-18,1050,216502,503,90936,547,120294,0,5272,574,53703,475,83893,574,137596,California
Santa Cruz,2021-04-19,2196,218698,1353,92289,843,121137,0,5272,1325,54158,870,84763,1325,138921,California
Santa Cruz,2021-04-20,1526,220224,878,93167,648,121785,0,5272,863,54362,660,85423,864,139785,California
Shasta,2020-12-16,131,131,131,131,0,0,0,0,131,131,0,0,131,131,California
Shasta,2020-12-17,417,548,417,548,0,0,0,0,417,548,0,0,417,548,California
Shasta,2020-12-18,166,714,166,714,0,0,0,0,166,714,0,0,166,714,California
Shasta,2020-12-19,1,715,1,715,0,0,0,0,1,715,0,0,1,715,California
Shasta,2020-12-21,80,795,80,795,0,0,0,0,80,795,0,0,80,795,California
Shasta,2020-12-22,191,986,186,981,5,5,0,0,191,986,0,0,191,986,California
Shasta,2020-12-23,174,1160,170,1151,4,9,0,0,174,1160,0,0,174,1160,California
Shasta,2020-12-24,18,1178,18,1169,0,9,0,0,18,1178,0,0,18,1178,California
Shasta,2020-12-26,4,1182,1,1170,3,12,0,0,4,1182,0,0,4,1182,California
Shasta,2020-12-27,1,1183,0,1170,1,13,0,0,1,1183,0,0,1,1183,California
Shasta,2020-12-28,40,1223,31,1201,9,22,0,0,40,1223,0,0,40,1223,California
Shasta,2020-12-29,186,1409,185,1386,1,23,0,0,186,1409,0,0,186,1409,California
Shasta,2020-12-30,178,1587,168,1554,10,33,0,0,178,1587,0,0,178,1587,California
Shasta,2020-12-31,83,1670,2,1556,81,114,0,0,83,1670,0,0,83,1670,California
Shasta,2021-01-02,2,1672,0,1556,2,116,0,0,2,1672,0,0,2,1672,California
Shasta,2021-01-03,1,1673,1,1557,0,116,0,0,1,1673,0,0,1,1673,California
Shasta,2021-01-04,347,2020,306,1863,41,157,0,0,348,2021,0,0,348,2021,California
Shasta,2021-01-05,335,2355,314,2177,21,178,0,0,254,2194,81,81,254,2275,California
Shasta,2021-01-06,437,2792,395,2572,42,220,0,0,175,2108,261,342,175,2450,California
Shasta,2021-01-07,116,2908,35,2607,81,301,0,0,95,2182,21,363,95,2545,California
Shasta,2021-01-08,507,3415,447,3054,60,361,0,0,299,2273,208,571,299,2844,California
Shasta,2021-01-09,72,3487,63,3117,9,370,0,0,70,2341,2,573,70,2914,California
Shasta,2021-01-10,5,3492,0,3117,5,375,0,0,4,2345,1,574,5,2919,California
Shasta,2021-01-11,353,3845,185,3302,168,543,0,0,317,2626,36,610,317,3236,California
Shasta,2021-01-12,444,4289,327,3629,117,660,0,0,270,2722,174,784,270,3506,California
Shasta,2021-01-13,541,4830,268,3897,273,933,0,0,371,2923,170,954,371,3877,California
Shasta,2021-01-14,453,5283,51,3948,402,1335,0,0,435,3340,18,972,435,4312,California
Shasta,2021-01-15,638,5921,136,4084,502,1837,0,0,636,3974,2,974,636,4948,California
Shasta,2021-01-16,899,6820,55,4139,844,2681,0,0,896,4867,3,977,896,5844,California
Shasta,2021-01-17,27,6847,6,4145,21,2702,0,0,23,4886,4,981,23,5867,California
Shasta,2021-01-18,599,7446,130,4275,469,3171,0,0,591,5469,8,989,591,6458,California
Shasta,2021-01-19,1018,8464,397,4672,621,3792,0,0,870,6191,148,1137,870,7328,California
Shasta,2021-01-20,677,9141,409,5081,268,4060,0,0,493,6505,179,1316,493,7821,California
Shasta,2021-01-21,629,9770,277,5358,352,4412,0,0,606,7088,23,1339,606,8427,California
Shasta,2021-01-22,445,10215,171,5529,274,4686,0,0,439,7521,6,1345,439,8866,California
Shasta,2021-01-23,68,10283,5,5534,63,4749,0,0,67,7587,1,1346,67,8933,California
Shasta,2021-01-24,25,10308,2,5536,23,4772,0,0,24,7610,1,1347,24,8957,California
Shasta,2021-01-25,749,11057,490,6026,259,5031,0,0,464,7790,284,1631,464,9421,California
Shasta,2021-01-26,707,11764,331,6357,376,5407,0,0,474,8033,231,1862,474,9895,California
Shasta,2021-01-27,459,12223,179,6536,280,5687,0,0,410,8394,49,1911,410,10305,California
Shasta,2021-01-28,855,13078,576,7112,279,5966,0,0,633,8805,222,2133,633,10938,California
Shasta,2021-01-29,831,13909,330,7442,501,6467,0,0,641,9257,190,2323,642,11580,California
Shasta,2021-01-30,617,14526,14,7456,603,7070,0,0,608,9856,9,2332,608,12188,California
Shasta,2021-01-31,28,14554,4,7460,24,7094,0,0,26,9880,2,2334,26,12214,California
Shasta,2021-02-01,509,15063,147,7607,362,7456,0,0,386,10143,123,2457,386,12600,California
Shasta,2021-02-02,937,16000,493,8100,444,7900,0,0,846,10900,89,2546,846,13446,California
Shasta,2021-02-03,676,16676,210,8310,466,8366,0,0,480,11184,196,2742,480,13926,California
Shasta,2021-02-04,1070,17746,663,8973,407,8773,0,0,879,11873,190,2932,879,14805,California
Shasta,2021-02-05,1218,18964,163,9136,1055,9828,0,0,1029,12714,188,3120,1029,15834,California
Shasta,2021-02-06,1729,20693,42,9178,1687,11515,0,0,1705,14395,24,3144,1705,17539,California
Shasta,2021-02-07,26,20719,3,9181,23,11538,0,0,24,14417,2,3146,24,17563,California
Shasta,2021-02-08,541,21260,168,9349,373,11911,0,0,303,14482,238,3384,303,17866,California
Shasta,2021-02-09,1026,22286,651,10000,375,12286,0,0,676,14808,350,3734,676,18542,California
Shasta,2021-02-10,1084,23370,782,10782,302,12588,0,0,594,14912,491,4225,595,19137,California
Shasta,2021-02-11,785,24155,187,10969,598,13186,0,0,304,14740,476,4701,304,19441,California
Shasta,2021-02-12,1662,25817,1141,12110,521,13707,0,0,1168,15414,494,5195,1168,20609,California
Shasta,2021-02-13,1383,27200,367,12477,1016,14723,0,0,571,15172,813,6008,571,21180,California
Shasta,2021-02-14,149,27349,4,12481,145,14868,0,0,125,15273,24,6032,125,21305,California
Shasta,2021-02-15,380,27729,90,12571,290,15158,0,0,211,15315,169,6201,211,21516,California
Shasta,2021-02-16,1086,28815,515,13086,571,15729,0,0,320,14870,765,6966,320,21836,California
Shasta,2021-02-17,994,29809,439,13525,555,16284,0,0,376,14628,618,7584,376,22212,California
Shasta,2021-02-18,875,30684,442,13967,433,16717,0,0,428,14609,447,8031,428,22640,California
Shasta,2021-02-19,1325,32009,934,14901,391,17108,0,0,858,15000,467,8498,858,23498,California
Shasta,2021-02-20,801,32810,88,14989,713,17821,0,0,302,14803,499,8997,302,23800,California
Shasta,2021-02-21,31,32841,2,14991,29,17850,0,0,9,14790,22,9019,9,23809,California
Shasta,2021-02-22,348,33189,74,15065,274,18124,0,0,99,14640,249,9268,99,23908,California
Shasta,2021-02-23,801,33990,466,15531,335,18459,0,0,216,14271,585,9853,216,24124,California
Shasta,2021-02-24,882,34872,503,16034,379,18838,0,0,268,13926,613,10466,268,24392,California
Shasta,2021-02-25,479,35351,158,16192,321,19159,0,0,159,13766,319,10785,159,24551,California
Shasta,2021-02-26,792,36143,95,16287,697,19856,0,0,331,13638,459,11244,331,24882,California
Shasta,2021-02-27,824,36967,27,16314,797,20653,0,0,185,13186,637,11881,185,25067,California
Shasta,2021-02-28,176,37143,4,16318,172,20825,0,0,126,13262,50,11931,126,25193,California
Shasta,2021-03-01,556,37699,59,16377,497,21322,0,0,266,13239,289,12220,266,25459,California
Shasta,2021-03-02,931,38630,465,16842,466,21788,0,0,268,12846,661,12881,268,25727,California
Shasta,2021-03-03,657,39287,163,17005,494,22282,0,0,241,12671,416,13297,241,25968,California
Shasta,2021-03-04,1056,40343,505,17510,551,22833,0,0,647,12911,408,13705,648,26616,California
Shasta,2021-03-05,985,41328,161,17671,795,23628,29,29,322,12598,664,14369,351,26967,California
Shasta,2021-03-06,844,42172,386,18057,411,24039,47,76,210,12221,634,15003,257,27224,California
Shasta,2021-03-07,91,42263,3,18060,56,24095,32,108,37,12236,54,15057,69,27293,California
Shasta,2021-03-08,558,42821,46,18106,373,24468,139,247,145,12109,411,15468,284,27577,California
Shasta,2021-03-09,623,43444,47,18153,397,24865,179,426,247,12158,376,15844,425,28002,California
Shasta,2021-03-10,796,44240,257,18410,337,25202,202,628,132,11828,663,16507,333,28335,California
Shasta,2021-03-11,1046,45286,173,18583,627,25829,246,874,645,12318,401,16908,891,29226,California
Shasta,2021-03-12,832,46118,171,18754,417,26246,244,1118,297,12323,534,17442,539,29765,California
Shasta,2021-03-13,757,46875,425,19179,232,26478,100,1218,475,12616,281,17723,574,30339,California
Shasta,2021-03-14,365,47240,8,19187,335,26813,22,1240,227,12727,138,17861,249,30588,California
Shasta,2021-03-15,495,47735,34,19221,361,27174,100,1340,209,12749,286,18147,308,30896,California
Shasta,2021-03-16,1077,48812,144,19365,866,28040,67,1407,800,13339,277,18424,867,31763,California
Shasta,2021-03-17,689,49501,190,19555,441,28481,58,1465,391,13496,292,18716,449,32212,California
Shasta,2021-03-18,1069,50570,233,19788,733,29214,103,1568,796,14126,269,18985,899,33111,California
Shasta,2021-03-19,632,51202,197,19985,380,29594,55,1623,400,14350,231,19216,455,33566,California
Shasta,2021-03-20,749,51951,490,20475,245,29839,14,1637,601,14817,148,19364,615,34181,California
Shasta,2021-03-21,312,52263,296,20771,4,29843,12,1649,286,15089,26,19390,298,34479,California
Shasta,2021-03-22,342,52605,36,20807,276,30119,30,1679,200,15178,141,19531,230,34709,California
Shasta,2021-03-23,819,53424,158,20965,603,30722,58,1737,627,15676,187,19718,685,35394,California
Shasta,2021-03-24,514,53938,156,21121,321,31043,37,1774,357,15914,156,19874,394,35788,California
Shasta,2021-03-25,764,54702,188,21309,559,31602,17,1791,625,16419,137,20011,642,36430,California
Shasta,2021-03-26,686,55388,261,21570,395,31997,30,1821,332,16428,354,20365,363,36793,California
Shasta,2021-03-27,1555,56943,404,21974,315,32312,836,2657,571,16850,982,21347,1404,38197,California
Shasta,2021-03-28,404,57347,299,22273,95,32407,10,2667,302,17062,100,21447,312,38509,California
Shasta,2021-03-29,415,57762,41,22314,362,32769,12,2679,161,16982,253,21700,173,38682,California
Shasta,2021-03-30,528,58290,186,22500,335,33104,7,2686,321,17106,204,21904,328,39010,California
Shasta,2021-03-31,622,58912,208,22708,409,33513,5,2691,389,17272,228,22132,394,39404,California
Shasta,2021-04-01,777,59689,245,22953,526,34039,6,2697,551,17604,226,22358,558,39962,California
Shasta,2021-04-02,746,60435,202,23155,493,34532,51,2748,413,17737,331,22689,464,40426,California
Shasta,2021-04-03,519,60954,367,23522,133,34665,19,2767,396,18029,123,22812,415,40841,California
Shasta,2021-04-04,291,61245,177,23699,94,34759,20,2787,217,18192,74,22886,237,41078,California
Shasta,2021-04-05,438,61683,67,23766,309,35068,62,2849,266,18348,172,23058,328,41406,California
Shasta,2021-04-06,717,62400,170,23936,376,35444,171,3020,277,18357,438,23496,447,41853,California
Shasta,2021-04-07,649,63049,211,24147,275,35719,163,3183,260,18396,384,23880,423,42276,California
Shasta,2021-04-08,1054,64103,260,24407,640,36359,154,3337,231,17960,821,24701,385,42661,California
Shasta,2021-04-09,1866,65969,1351,25758,307,36666,208,3545,1319,18942,543,25244,1525,44186,California
Shasta,2021-04-10,876,66845,594,26352,154,36820,128,3673,264,18722,612,25856,392,44578,California
Shasta,2021-04-11,449,67294,395,26747,34,36854,20,3693,140,18576,306,26162,160,44738,California
Shasta,2021-04-12,321,67615,8,26755,252,37106,61,3754,86,18488,234,26396,146,44884,California
Shasta,2021-04-13,972,68587,160,26915,811,37917,1,3755,229,17976,742,27138,230,45114,California
Shasta,2021-04-14,581,69168,128,27043,451,38368,2,3757,206,17810,374,27512,208,45322,California
Shasta,2021-04-15,909,70077,237,27280,672,39040,0,3757,276,17455,631,28143,276,45598,California
Shasta,2021-04-16,1242,71319,767,28047,475,39515,0,3757,827,17867,415,28558,827,46425,California
Shasta,2021-04-17,638,71957,410,28457,228,39743,0,3757,196,17621,442,29000,196,46621,California
Shasta,2021-04-18,275,72232,246,28703,29,39772,0,3757,42,17433,230,29230,42,46663,California
Shasta,2021-04-19,331,72563,32,28735,299,40071,0,3757,145,17392,186,29416,145,46808,California
Shasta,2021-04-20,296,72859,100,28835,196,40267,0,3757,111,17322,184,29600,114,46922,California
Sierra,2020-12-18,1,1,1,1,0,0,0,0,1,1,0,0,1,1,California
Sierra,2020-12-21,2,3,2,3,0,0,0,0,2,3,0,0,2,3,California
Sierra,2020-12-22,12,15,12,15,0,0,0,0,12,15,0,0,12,15,California
Sierra,2020-12-23,4,19,4,19,0,0,0,0,4,19,0,0,4,19,California
Sierra,2020-12-28,1,20,0,19,1,1,0,0,1,20,0,0,1,20,California
Sierra,2020-12-29,49,69,7,26,42,43,0,0,49,69,0,0,49,69,California
Sierra,2020-12-30,2,71,0,26,2,45,0,0,2,71,0,0,2,71,California
Sierra,2020-12-31,13,84,0,26,13,58,0,0,13,84,0,0,13,84,California
Sierra,2021-01-01,1,85,1,27,0,58,0,0,1,85,0,0,1,85,California
Sierra,2021-01-05,65,150,3,30,62,120,0,0,65,150,0,0,65,150,California
Sierra,2021-01-06,1,151,1,31,0,120,0,0,1,151,0,0,1,151,California
Sierra,2021-01-07,21,172,1,32,20,140,0,0,20,170,1,1,20,171,California
Sierra,2021-01-08,1,173,1,33,0,140,0,0,1,171,0,1,1,172,California
Sierra,2021-01-11,3,176,3,36,0,140,0,0,0,168,3,4,0,172,California
Sierra,2021-01-12,40,216,12,48,28,168,0,0,28,184,12,16,28,200,California
Sierra,2021-01-13,4,220,3,51,1,169,0,0,1,182,3,19,1,201,California
Sierra,2021-01-14,35,255,2,53,33,202,0,0,35,217,0,19,35,236,California
Sierra,2021-01-15,3,258,1,54,2,204,0,0,3,220,0,19,3,239,California
Sierra,2021-01-18,2,260,0,54,2,206,0,0,2,222,0,19,2,241,California
Sierra,2021-01-19,32,292,0,54,32,238,0,0,32,254,0,19,32,273,California
Sierra,2021-01-20,1,293,1,55,0,238,0,0,1,255,0,19,1,274,California
Sierra,2021-01-21,53,346,0,55,53,291,0,0,53,308,0,19,53,327,California
Sierra,2021-01-22,2,348,0,55,2,293,0,0,2,310,0,19,2,329,California
Sierra,2021-01-23,2,350,0,55,2,295,0,0,2,312,0,19,2,331,California
Sierra,2021-01-26,62,412,0,55,62,357,0,0,24,298,38,57,24,355,California
Sierra,2021-01-27,4,416,4,59,0,357,0,0,0,294,4,61,0,355,California
Sierra,2021-01-28,53,469,0,59,53,410,0,0,43,327,10,71,43,398,California
Sierra,2021-01-29,2,471,0,59,2,412,0,0,2,329,0,71,2,400,California
Sierra,2021-01-30,3,474,3,62,0,412,0,0,2,330,1,72,2,402,California
Sierra,2021-02-01,1,475,0,62,1,413,0,0,0,329,1,73,0,402,California
Sierra,2021-02-02,57,532,0,62,57,470,0,0,18,308,39,112,18,420,California
Sierra,2021-02-03,6,538,5,67,1,471,0,0,5,312,1,113,5,425,California
Sierra,2021-02-04,106,644,6,73,100,571,0,0,57,320,49,162,57,482,California
Sierra,2021-02-05,6,650,4,77,2,573,0,0,5,324,1,163,5,487,California
Sierra,2021-02-09,52,702,0,77,52,625,0,0,49,370,3,166,49,536,California
Sierra,2021-02-10,5,707,2,79,3,628,0,0,4,373,1,167,4,540,California
Sierra,2021-02-11,196,903,1,80,195,823,0,0,134,445,62,229,134,674,California
Sierra,2021-02-12,21,924,0,80,21,844,0,0,20,464,1,230,20,694,California
Sierra,2021-02-13,1,925,1,81,0,844,0,0,1,465,0,230,1,695,California
Sierra,2021-02-14,1,926,0,81,1,845,0,0,1,466,0,230,1,696,California
Sierra,2021-02-15,2,928,2,83,0,845,0,0,0,464,2,232,0,696,California
Sierra,2021-02-16,43,971,0,83,43,888,0,0,10,441,33,265,10,706,California
Sierra,2021-02-17,4,975,0,83,4,892,0,0,1,439,3,268,1,707,California
Sierra,2021-02-18,141,1116,0,83,141,1033,0,0,91,480,50,318,91,798,California
Sierra,2021-02-19,2,1118,1,84,1,1034,0,0,1,480,1,319,1,799,California
Sierra,2021-02-20,2,1120,2,86,0,1034,0,0,0,478,2,321,0,799,California
Sierra,2021-02-22,1,1121,1,87,0,1034,0,0,1,479,0,321,1,800,California
Sierra,2021-02-23,4,1125,0,87,4,1038,0,0,4,483,0,321,4,804,California
Sierra,2021-02-24,4,1129,3,90,1,1039,0,0,3,485,1,322,3,807,California
Sierra,2021-02-25,124,1253,1,91,123,1162,0,0,58,478,65,387,58,865,California
Sierra,2021-02-26,11,1264,6,97,5,1167,0,0,4,475,7,394,4,869,California
Sierra,2021-02-27,2,1266,2,99,0,1167,0,0,0,473,2,396,0,869,California
Sierra,2021-03-01,2,1268,2,101,0,1167,0,0,0,471,2,398,0,869,California
Sierra,2021-03-02,56,1324,0,101,56,1223,0,0,38,491,18,416,38,907,California
Sierra,2021-03-03,2,1326,2,103,0,1223,0,0,1,491,1,417,1,908,California
Sierra,2021-03-04,109,1435,0,103,109,1332,0,0,58,498,51,468,58,966,California
Sierra,2021-03-05,13,1448,1,104,12,1344,0,0,11,507,2,470,11,977,California
Sierra,2021-03-07,1,1449,1,105,0,1344,0,0,0,506,1,471,0,977,California
Sierra,2021-03-08,2,1451,2,107,0,1344,0,0,2,508,0,471,2,979,California
Sierra,2021-03-09,57,1508,0,107,57,1401,0,0,12,475,45,516,12,991,California
Sierra,2021-03-10,6,1514,0,107,6,1407,0,0,4,477,2,518,4,995,California
Sierra,2021-03-11,175,1689,0,107,175,1582,0,0,43,389,131,649,43,1038,California
Sierra,2021-03-12,20,1709,1,108,19,1601,0,0,0,369,20,669,0,1038,California
Sierra,2021-03-13,28,1737,0,108,28,1629,0,0,28,397,0,669,28,1066,California
Sierra,2021-03-14,1,1738,0,108,0,1629,1,1,0,397,1,670,1,1067,California
Sierra,2021-03-15,2,1740,1,109,1,1630,0,1,0,395,2,672,0,1067,California
Sierra,2021-03-16,36,1776,0,109,35,1665,1,2,23,406,13,685,24,1091,California
Sierra,2021-03-17,4,1780,3,112,1,1666,0,2,1,404,3,688,1,1092,California
Sierra,2021-03-18,159,1939,0,112,159,1825,0,2,66,377,93,781,66,1158,California
Sierra,2021-03-19,4,1943,2,114,2,1827,0,2,1,375,3,784,1,1159,California
Sierra,2021-03-20,1,1944,0,114,1,1828,0,2,1,376,0,784,1,1160,California
Sierra,2021-03-23,24,1968,0,114,24,1852,0,2,15,382,9,793,15,1175,California
Sierra,2021-03-24,2,1970,1,115,1,1853,0,2,0,380,2,795,0,1175,California
Sierra,2021-03-25,91,2061,0,115,91,1944,0,2,46,381,45,840,46,1221,California
Sierra,2021-03-26,12,2073,1,116,11,1955,0,2,9,387,3,843,9,1230,California
Sierra,2021-03-27,2,2075,1,117,1,1956,0,2,0,385,2,845,0,1230,California
Sierra,2021-03-29,1,2076,1,118,0,1956,0,2,0,384,1,846,0,1230,California
Sierra,2021-03-30,54,2130,0,118,54,2010,0,2,21,372,33,879,21,1251,California
Sierra,2021-03-31,8,2138,0,118,8,2018,0,2,8,380,0,879,8,1259,California
Sierra,2021-04-01,60,2198,2,120,58,2076,0,2,6,332,54,933,6,1265,California
Sierra,2021-04-02,3,2201,2,122,1,2077,0,2,2,333,1,934,2,1267,California
Sierra,2021-04-06,10,2211,0,122,10,2087,0,2,0,323,10,944,0,1267,California
Sierra,2021-04-07,14,2225,2,124,6,2093,6,8,2,320,11,955,8,1275,California
Sierra,2021-04-08,54,2279,2,126,52,2145,0,8,17,300,37,992,17,1292,California
Sierra,2021-04-09,2,2281,2,128,0,2145,0,8,1,300,1,993,1,1293,California
Sierra,2021-04-10,27,2308,0,128,27,2172,0,8,0,273,27,1020,0,1293,California
Sierra,2021-04-13,46,2354,0,128,46,2218,0,8,5,237,41,1061,5,1298,California
Sierra,2021-04-14,2,2356,1,129,1,2219,0,8,2,239,0,1061,2,1300,California
Sierra,2021-04-15,48,2404,1,130,47,2266,0,8,2,195,46,1107,2,1302,California
Sierra,2021-04-16,2,2406,1,131,1,2267,0,8,2,197,0,1107,2,1304,California
Sierra,2021-04-17,4,2410,1,132,3,2270,0,8,1,195,3,1110,1,1305,California
Sierra,2021-04-18,1,2411,1,133,0,2270,0,8,1,196,0,1110,1,1306,California
Sierra,2021-04-20,33,2444,0,133,33,2303,0,8,7,177,26,1136,7,1313,California
Siskiyou,2020-12-16,2,2,2,2,0,0,0,0,2,2,0,0,2,2,California
Siskiyou,2020-12-17,4,6,4,6,0,0,0,0,4,6,0,0,4,6,California
Siskiyou,2020-12-18,2,8,2,8,0,0,0,0,2,8,0,0,2,8,California
Siskiyou,2020-12-19,4,12,4,12,0,0,0,0,4,12,0,0,4,12,California
Siskiyou,2020-12-20,1,13,1,13,0,0,0,0,1,13,0,0,1,13,California
Siskiyou,2020-12-21,132,145,132,145,0,0,0,0,132,145,0,0,132,145,California
Siskiyou,2020-12-22,159,304,159,304,0,0,0,0,159,304,0,0,159,304,California
Siskiyou,2020-12-23,142,446,142,446,0,0,0,0,142,446,0,0,142,446,California
Siskiyou,2020-12-24,5,451,5,451,0,0,0,0,5,451,0,0,5,451,California
Siskiyou,2020-12-26,2,453,0,451,2,2,0,0,2,453,0,0,2,453,California
Siskiyou,2020-12-27,2,455,0,451,2,4,0,0,2,455,0,0,2,455,California
Siskiyou,2020-12-28,3,458,1,452,2,6,0,0,3,458,0,0,3,458,California
Siskiyou,2020-12-29,6,464,2,454,4,10,0,0,6,464,0,0,6,464,California
Siskiyou,2020-12-30,98,562,3,457,95,105,0,0,98,562,0,0,98,562,California
Siskiyou,2020-12-31,12,574,0,457,12,117,0,0,12,574,0,0,12,574,California
Siskiyou,2021-01-02,1,575,1,458,0,117,0,0,1,575,0,0,1,575,California
Siskiyou,2021-01-03,1,576,0,458,1,118,0,0,1,576,0,0,1,576,California
Siskiyou,2021-01-04,130,706,3,461,127,245,0,0,130,706,0,0,130,706,California
Siskiyou,2021-01-05,117,823,4,465,113,358,0,0,116,821,1,1,116,822,California
Siskiyou,2021-01-06,60,883,6,471,54,412,0,0,56,873,4,5,56,878,California
Siskiyou,2021-01-07,177,1060,4,475,173,585,0,0,176,1048,1,6,176,1054,California
Siskiyou,2021-01-08,41,1101,3,478,38,623,0,0,39,1085,2,8,39,1093,California
Siskiyou,2021-01-09,2,1103,2,480,0,623,0,0,0,1083,2,10,0,1093,California
Siskiyou,2021-01-11,226,1329,65,545,161,784,0,0,163,1183,63,73,163,1256,California
Siskiyou,2021-01-12,321,1650,273,818,48,832,0,0,87,1037,234,307,88,1344,California
Siskiyou,2021-01-13,157,1807,137,955,20,852,0,0,23,926,134,441,23,1367,California
Siskiyou,2021-01-14,26,1833,1,956,25,877,0,0,25,950,1,442,25,1392,California
Siskiyou,2021-01-15,35,1868,3,959,32,909,0,0,35,985,0,442,35,1427,California
Siskiyou,2021-01-16,7,1875,2,961,5,914,0,0,7,992,0,442,7,1434,California
Siskiyou,2021-01-17,1,1876,1,962,0,914,0,0,0,991,1,443,0,1434,California
Siskiyou,2021-01-18,76,1952,4,966,72,986,0,0,74,1063,2,445,74,1508,California
Siskiyou,2021-01-19,21,1973,1,967,20,1006,0,0,20,1082,1,446,20,1528,California
Siskiyou,2021-01-20,47,2020,35,1002,12,1018,0,0,43,1121,4,450,43,1571,California
Siskiyou,2021-01-21,42,2062,1,1003,41,1059,0,0,42,1163,0,450,42,1613,California
Siskiyou,2021-01-22,1330,3392,1178,2181,152,1211,0,0,1330,2493,0,450,1330,2943,California
Siskiyou,2021-01-23,5,3397,1,2182,4,1215,0,0,2,2492,3,453,2,2945,California
Siskiyou,2021-01-25,182,3579,8,2190,174,1389,0,0,178,2666,4,457,178,3123,California
Siskiyou,2021-01-26,148,3727,3,2193,145,1534,0,0,140,2798,8,465,140,3263,California
Siskiyou,2021-01-27,180,3907,1,2194,179,1713,0,0,125,2868,55,520,125,3388,California
Siskiyou,2021-01-28,232,4139,118,2312,114,1827,0,0,226,3088,6,526,226,3614,California
Siskiyou,2021-01-29,248,4387,2,2314,246,2073,0,0,246,3332,2,528,246,3860,California
Siskiyou,2021-01-30,3,4390,2,2316,1,2074,0,0,3,3335,0,528,3,3863,California
Siskiyou,2021-02-01,195,4585,3,2319,192,2266,0,0,105,3350,90,618,105,3968,California
Siskiyou,2021-02-02,288,4873,44,2363,244,2510,0,0,147,3356,141,759,147,4115,California
Siskiyou,2021-02-03,313,5186,1,2364,312,2822,0,0,264,3571,49,808,264,4379,California
Siskiyou,2021-02-04,319,5505,7,2371,312,3134,0,0,200,3652,119,927,200,4579,California
Siskiyou,2021-02-05,511,6016,4,2375,507,3641,0,0,346,3833,165,1092,346,4925,California
Siskiyou,2021-02-06,15,6031,0,2375,15,3656,0,0,15,3848,0,1092,15,4940,California
Siskiyou,2021-02-07,3,6034,2,2377,1,3657,0,0,3,3851,0,1092,3,4943,California
Siskiyou,2021-02-08,221,6255,5,2382,216,3873,0,0,216,4062,5,1097,216,5159,California
Siskiyou,2021-02-09,195,6450,3,2385,192,4065,0,0,162,4191,33,1130,162,5321,California
Siskiyou,2021-02-10,370,6820,40,2425,330,4395,0,0,316,4454,53,1183,316,5637,California
Siskiyou,2021-02-11,191,7011,1,2426,190,4585,0,0,175,4613,16,1199,175,5812,California
Siskiyou,2021-02-12,1692,8703,1200,3626,492,5077,0,0,500,3921,1192,2391,500,6312,California
Siskiyou,2021-02-13,36,8739,2,3628,34,5111,0,0,32,3949,4,2395,32,6344,California
Siskiyou,2021-02-14,5,8744,1,3629,4,5115,0,0,5,3954,0,2395,5,6349,California
Siskiyou,2021-02-15,107,8851,10,3639,97,5212,0,0,105,4057,2,2397,105,6454,California
Siskiyou,2021-02-16,114,8965,2,3641,112,5324,0,0,99,4141,15,2412,99,6553,California
Siskiyou,2021-02-17,184,9149,15,3656,169,5493,0,0,170,4297,14,2426,170,6723,California
Siskiyou,2021-02-18,221,9370,89,3745,132,5625,0,0,98,4272,123,2549,98,6821,California
Siskiyou,2021-02-19,70,9440,33,3778,37,5662,0,0,34,4270,36,2585,34,6855,California
Siskiyou,2021-02-20,21,9461,3,3781,18,5680,0,0,17,4283,4,2589,17,6872,California
Siskiyou,2021-02-21,2,9463,2,3783,0,5680,0,0,2,4285,0,2589,2,6874,California
Siskiyou,2021-02-22,124,9587,1,3784,123,5803,0,0,18,4197,106,2695,18,6892,California
Siskiyou,2021-02-23,195,9782,15,3799,180,5983,0,0,51,4104,144,2839,51,6943,California
Siskiyou,2021-02-24,147,9929,4,3803,143,6126,0,0,35,4027,112,2951,35,6978,California
Siskiyou,2021-02-25,300,10229,24,3827,276,6402,0,0,154,4035,146,3097,154,7132,California
Siskiyou,2021-02-26,667,10896,9,3836,658,7060,0,0,365,4098,302,3399,365,7497,California
Siskiyou,2021-02-27,32,10928,5,3841,27,7087,0,0,27,4120,5,3404,27,7524,California
Siskiyou,2021-02-28,4,10932,4,3845,0,7087,0,0,3,4122,1,3405,3,7527,California
Siskiyou,2021-03-01,280,11212,6,3851,274,7361,0,0,50,3942,230,3635,50,7577,California
Siskiyou,2021-03-02,191,11403,1,3852,190,7551,0,0,71,3893,120,3755,71,7648,California
Siskiyou,2021-03-03,343,11746,7,3859,336,7887,0,0,153,3856,190,3945,153,7801,California
Siskiyou,2021-03-04,772,12518,600,4459,172,8059,0,0,621,4326,151,4096,621,8422,California
Siskiyou,2021-03-05,321,12839,6,4465,304,8363,11,11,102,4223,216,4312,113,8535,California
Siskiyou,2021-03-06,36,12875,2,4467,27,8390,7,18,26,4246,10,4322,33,8568,California
Siskiyou,2021-03-07,12,12887,4,4471,0,8390,8,26,3,4248,9,4331,11,8579,California
Siskiyou,2021-03-08,361,13248,31,4502,295,8685,35,61,59,4040,302,4633,94,8673,California
Siskiyou,2021-03-09,162,13410,0,4502,109,8794,53,114,56,4043,106,4739,109,8782,California
Siskiyou,2021-03-10,221,13631,7,4509,184,8978,30,144,31,3914,190,4929,61,8843,California
Siskiyou,2021-03-11,469,14100,203,4712,219,9197,47,191,270,4033,198,5127,317,9160,California
Siskiyou,2021-03-12,636,14736,132,4844,465,9662,39,230,183,3804,451,5578,222,9382,California
Siskiyou,2021-03-13,428,15164,382,5226,23,9685,23,253,383,4165,45,5623,406,9788,California
Siskiyou,2021-03-14,23,15187,2,5228,5,9690,16,269,3,4164,20,5643,19,9807,California
Siskiyou,2021-03-15,453,15640,257,5485,176,9866,20,289,321,4373,132,5775,341,10148,California
Siskiyou,2021-03-16,255,15895,32,5517,206,10072,17,306,140,4416,114,5889,157,10305,California
Siskiyou,2021-03-17,199,16094,8,5525,183,10255,8,314,32,4289,167,6056,40,10345,California
Siskiyou,2021-03-18,924,17018,786,6311,126,10381,12,326,808,4993,116,6172,820,11165,California
Siskiyou,2021-03-19,67,17085,9,6320,45,10426,13,339,21,4981,46,6218,34,11199,California
Siskiyou,2021-03-20,30,17115,7,6327,18,10444,5,344,6,4968,24,6242,11,11210,California
Siskiyou,2021-03-21,10,17125,4,6331,1,10445,5,349,4,4971,6,6248,9,11219,California
Siskiyou,2021-03-22,207,17332,21,6352,164,10609,22,371,144,5077,60,6308,166,11385,California
Siskiyou,2021-03-23,192,17524,19,6371,163,10772,10,381,138,5171,54,6362,148,11533,California
Siskiyou,2021-03-24,141,17665,48,6419,93,10865,0,381,116,5262,25,6387,116,11649,California
Siskiyou,2021-03-25,541,18206,291,6710,247,11112,3,384,371,5466,170,6557,374,12023,California
Siskiyou,2021-03-26,294,18500,27,6737,267,11379,0,384,95,5364,197,6754,95,12118,California
Siskiyou,2021-03-27,37,18537,4,6741,28,11407,5,389,9,5350,28,6782,14,12132,California
Siskiyou,2021-03-28,7,18544,7,6748,0,11407,0,389,4,5351,3,6785,4,12136,California
Siskiyou,2021-03-29,97,18641,11,6759,84,11491,2,391,47,5351,49,6834,49,12185,California
Siskiyou,2021-03-30,99,18740,3,6762,95,11586,1,392,38,5329,61,6895,39,12224,California
Siskiyou,2021-03-31,189,18929,22,6784,165,11751,2,394,51,5246,137,7032,54,12278,California
Siskiyou,2021-04-01,826,19755,670,7454,156,11907,0,394,217,4854,609,7641,217,12495,California
Siskiyou,2021-04-02,343,20098,196,7650,143,12050,4,398,64,4644,278,7919,68,12563,California
Siskiyou,2021-04-03,25,20123,4,7654,14,12064,7,405,5,4636,20,7939,12,12575,California
Siskiyou,2021-04-04,2,20125,2,7656,0,12064,0,405,1,4636,1,7940,1,12576,California
Siskiyou,2021-04-05,436,20561,330,7986,79,12143,27,432,24,4276,411,8351,51,12627,California
Siskiyou,2021-04-06,215,20776,32,8018,130,12273,53,485,122,4358,92,8443,174,12801,California
Siskiyou,2021-04-07,115,20891,10,8028,63,12336,42,527,66,4417,49,8492,108,12909,California
Siskiyou,2021-04-08,346,21237,183,8211,122,12458,41,568,60,4232,286,8778,101,13010,California
Siskiyou,2021-04-09,542,21779,376,8587,129,12587,37,605,82,3893,459,9237,120,13130,California
Siskiyou,2021-04-10,46,21825,6,8593,2,12589,38,643,6,3897,40,9277,44,13174,California
Siskiyou,2021-04-11,7,21832,5,8598,0,12589,2,645,2,3896,5,9282,4,13178,California
Siskiyou,2021-04-12,129,21961,25,8623,103,12692,1,646,49,3866,80,9362,50,13228,California
Siskiyou,2021-04-13,205,22166,37,8660,167,12859,1,647,79,3820,126,9488,80,13308,California
Siskiyou,2021-04-14,154,22320,63,8723,91,12950,0,647,86,3840,66,9554,86,13394,California
Siskiyou,2021-04-15,1090,23410,938,9661,152,13102,0,647,415,3580,675,10229,415,13809,California
Siskiyou,2021-04-16,270,23680,184,9845,86,13188,0,647,245,3801,24,10253,245,14054,California
Siskiyou,2021-04-17,11,23691,7,9852,4,13192,0,647,8,3806,3,10256,8,14062,California
Siskiyou,2021-04-18,4,23695,3,9855,1,13193,0,647,1,3804,3,10259,1,14063,California
Siskiyou,2021-04-19,118,23813,19,9874,99,13292,0,647,36,3758,82,10341,36,14099,California
Siskiyou,2021-04-20,183,23996,2,9876,181,13473,0,647,54,3686,128,10469,56,14155,California
Solano,2020-12-15,4,4,4,4,0,0,0,0,4,4,0,0,4,4,California
Solano,2020-12-16,71,75,71,75,0,0,0,0,71,75,0,0,71,75,California
Solano,2020-12-17,151,226,151,226,0,0,0,0,151,226,0,0,151,226,California
Solano,2020-12-18,447,673,446,672,1,1,0,0,447,673,0,0,447,673,California
Solano,2020-12-19,516,1189,516,1188,0,1,0,0,516,1189,0,0,516,1189,California
Solano,2020-12-20,353,1542,352,1540,1,2,0,0,353,1542,0,0,353,1542,California
Solano,2020-12-21,572,2114,570,2110,2,4,0,0,572,2114,0,0,572,2114,California
Solano,2020-12-22,662,2776,629,2739,33,37,0,0,662,2776,0,0,662,2776,California
Solano,2020-12-23,858,3634,772,3511,86,123,0,0,857,3633,0,0,857,3633,California
Solano,2020-12-24,421,4055,170,3681,251,374,0,0,421,4054,0,0,421,4054,California
Solano,2020-12-25,10,4065,2,3683,8,382,0,0,10,4064,0,0,10,4064,California
Solano,2020-12-26,175,4240,48,3731,127,509,0,0,175,4239,0,0,175,4239,California
Solano,2020-12-27,104,4344,29,3760,75,584,0,0,104,4343,0,0,104,4343,California
Solano,2020-12-28,862,5206,421,4181,441,1025,0,0,862,5205,0,0,862,5205,California
Solano,2020-12-29,891,6097,374,4555,517,1542,0,0,891,6096,0,0,891,6096,California
Solano,2020-12-30,1209,7306,598,5153,611,2153,0,0,1209,7305,0,0,1209,7305,California
Solano,2020-12-31,532,7838,135,5288,397,2550,0,0,532,7837,0,0,532,7837,California
Solano,2021-01-01,13,7851,12,5300,1,2551,0,0,13,7850,0,0,13,7850,California
Solano,2021-01-02,212,8063,164,5464,48,2599,0,0,212,8062,0,0,212,8062,California
Solano,2021-01-03,58,8121,41,5505,17,2616,0,0,53,8115,0,0,53,8115,California
Solano,2021-01-04,450,8571,245,5750,205,2821,0,0,440,8552,3,3,440,8555,California
Solano,2021-01-05,695,9266,377,6127,318,3139,0,0,541,8944,149,152,541,9096,California
Solano,2021-01-06,822,10088,436,6563,386,3525,0,0,560,9244,260,412,560,9656,California
Solano,2021-01-07,1054,11142,683,7246,371,3896,0,0,597,9387,455,867,598,10254,California
Solano,2021-01-08,1128,12270,773,8019,355,4251,0,0,536,9351,574,1441,538,10792,California
Solano,2021-01-09,885,13155,763,8782,122,4373,0,0,428,9325,454,1895,428,11220,California
Solano,2021-01-10,253,13408,193,8975,60,4433,0,0,152,9376,101,1996,152,11372,California
Solano,2021-01-11,1324,14732,1111,10086,213,4646,0,0,809,9670,515,2511,809,12181,California
Solano,2021-01-12,1559,16291,1162,11248,397,5043,0,0,1011,10135,547,3058,1012,13193,California
Solano,2021-01-13,1454,17745,1001,12249,453,5496,0,0,1194,11071,258,3316,1194,14387,California
Solano,2021-01-14,1870,19615,797,13046,1073,6569,0,0,1556,12313,314,3630,1556,15943,California
Solano,2021-01-15,1682,21297,1055,14101,627,7196,0,0,1384,13399,298,3928,1384,17327,California
Solano,2021-01-16,1289,22586,903,15004,386,7582,0,0,1115,14340,174,4102,1115,18442,California
Solano,2021-01-17,1040,23626,759,15763,281,7863,0,0,1023,15346,17,4119,1023,19465,California
Solano,2021-01-18,1407,25033,857,16620,550,8413,0,0,1288,16517,119,4238,1290,20755,California
Solano,2021-01-19,1639,26672,1335,17955,304,8717,0,0,1368,17615,270,4508,1368,22123,California
Solano,2021-01-20,2028,28700,1419,19374,609,9326,0,0,1545,18680,480,4988,1545,23668,California
Solano,2021-01-21,3145,31845,1000,20374,2145,11471,0,0,2802,21140,343,5331,2803,26471,California
Solano,2021-01-22,1750,33595,842,21216,908,12379,0,0,1560,22510,190,5521,1560,28031,California
Solano,2021-01-23,731,34326,237,21453,494,12873,0,0,528,22835,204,5725,529,28560,California
Solano,2021-01-24,400,34726,60,21513,340,13213,0,0,334,23103,66,5791,334,28894,California
Solano,2021-01-25,1632,36358,621,22134,1011,14224,0,0,1083,23638,549,6340,1084,29978,California
Solano,2021-01-26,1764,38122,736,22870,1028,15252,0,0,1134,24144,629,6969,1135,31113,California
Solano,2021-01-27,1769,39891,727,23597,1042,16294,0,0,1179,24746,577,7546,1179,32292,California
Solano,2021-01-28,1901,41792,703,24300,1198,17492,0,0,1312,25471,588,8134,1313,33605,California
Solano,2021-01-29,1694,43486,781,25081,913,18405,0,0,1342,26463,350,8484,1342,34947,California
Solano,2021-01-30,710,44196,220,25301,490,18895,0,0,549,26851,161,8645,549,35496,California
Solano,2021-01-31,485,44681,393,25694,92,18987,0,0,230,26827,255,8900,231,35727,California
Solano,2021-02-01,1500,46181,980,26674,520,19507,0,0,761,26851,737,9637,761,36488,California
Solano,2021-02-02,3312,49493,1107,27781,2205,21712,0,0,2518,28579,790,10427,2518,39006,California
Solano,2021-02-03,2239,51732,1301,29082,938,22650,0,0,1163,28670,1072,11499,1163,40169,California
Solano,2021-02-04,1760,53492,906,29988,854,23504,0,0,1048,29011,707,12206,1048,41217,California
Solano,2021-02-05,3063,56555,1407,31395,1656,25160,0,0,2072,30101,982,13188,2072,43289,California
Solano,2021-02-06,3039,59594,1167,32562,1872,27032,0,0,2226,31517,810,13998,2226,45515,California
Solano,2021-02-07,846,60440,783,33345,63,27095,0,0,230,31131,616,14614,230,45745,California
Solano,2021-02-08,1713,62153,1233,34578,480,27575,0,0,681,30782,1030,15644,681,46426,California
Solano,2021-02-09,1895,64048,1468,36046,427,28002,0,0,675,30238,1219,16863,675,47101,California
Solano,2021-02-10,2253,66301,1497,37543,756,28758,0,0,827,29639,1426,18289,827,47928,California
Solano,2021-02-11,2436,68737,1438,38981,998,29756,0,0,1164,29541,1262,19551,1164,49092,California
Solano,2021-02-12,4133,72870,1597,40578,2536,32292,0,0,2824,31063,1302,20853,2824,51916,California
Solano,2021-02-13,2816,75686,243,40821,2573,34865,0,0,2431,33112,382,21235,2431,54347,California
Solano,2021-02-14,690,76376,201,41022,489,35354,0,0,412,33248,276,21511,412,54759,California
Solano,2021-02-15,1293,77669,323,41345,970,36324,0,0,671,33298,621,22132,671,55430,California
Solano,2021-02-16,2388,80057,1227,42572,1161,37485,0,0,1624,34159,763,22895,1624,57054,California
Solano,2021-02-17,2703,82760,1220,43792,1483,38968,0,0,1913,35286,787,23682,1914,58968,California
Solano,2021-02-18,2583,85343,700,44492,1883,40851,0,0,809,34329,1767,25449,810,59778,California
Solano,2021-02-19,2210,87553,1265,45757,945,41796,0,0,1129,34383,1077,26526,1131,60909,California
Solano,2021-02-20,2543,90096,380,46137,2163,43959,0,0,2074,35987,470,26996,2074,62983,California
Solano,2021-02-21,2139,92235,1858,47995,281,44240,0,0,1856,37563,280,27276,1856,64839,California
Solano,2021-02-22,1577,93812,912,48907,665,44905,0,0,814,37617,761,28037,815,65654,California
Solano,2021-02-23,2737,96549,1000,49907,1737,46642,0,0,1865,38613,869,28906,1865,67519,California
Solano,2021-02-24,2333,98882,1131,51038,1202,47844,0,0,1304,38890,1027,29933,1304,68823,California
Solano,2021-02-25,2291,101173,1348,52386,943,48787,0,0,1262,39129,1023,30956,1262,70085,California
Solano,2021-02-26,2636,103809,1528,53914,1108,49895,0,0,1378,39254,1253,32209,1378,71463,California
Solano,2021-02-27,3640,107449,1373,55287,2267,52162,0,0,2951,41523,682,32891,2951,74414,California
Solano,2021-02-28,1351,108800,1037,56324,314,52476,0,0,1080,42335,268,33159,1080,75494,California
Solano,2021-03-01,2395,111195,1058,57382,1337,53813,0,0,1790,43525,600,33759,1790,77284,California
Solano,2021-03-02,1969,113164,1238,58620,731,54544,0,0,1216,43988,753,34512,1216,78500,California
Solano,2021-03-03,2146,115310,1201,59821,945,55489,0,0,1337,44523,802,35314,1337,79837,California
Solano,2021-03-04,4237,119547,3304,63125,931,56420,2,2,3148,46593,1083,36397,3153,82990,California
Solano,2021-03-05,4802,124349,1606,64731,3193,59613,3,5,3891,49586,901,37298,3894,86884,California
Solano,2021-03-06,3775,128124,823,65554,2913,62526,39,44,2600,51059,1166,38464,2639,89523,California
Solano,2021-03-07,3461,131585,735,66289,2716,65242,10,54,1909,51436,1543,40007,1920,91443,California
Solano,2021-03-08,1605,133190,814,67103,520,65762,271,325,1095,52294,507,40514,1365,92808,California
Solano,2021-03-09,2916,136106,1340,68443,1524,67286,52,377,2085,53597,831,41345,2134,94942,California
Solano,2021-03-10,2208,138314,1559,70002,564,67850,85,462,1110,53697,1094,42439,1194,96136,California
Solano,2021-03-11,5645,143959,1407,71409,3983,71833,255,717,4611,57530,1033,43472,4866,101002,California
Solano,2021-03-12,5761,149720,1391,72800,4199,76032,171,888,3019,57982,2738,46210,3190,104192,California
Solano,2021-03-13,4568,154288,804,73604,3681,79713,83,971,2238,57984,2323,48533,2325,106517,California
Solano,2021-03-14,3980,158268,3103,76707,424,80137,453,1424,1650,57758,2326,50859,2100,108617,California
Solano,2021-03-15,3794,162062,2244,78951,1234,81371,316,1740,2437,59161,1350,52209,2753,111370,California
Solano,2021-03-16,2865,164927,1141,80092,1489,82860,235,1975,1437,59409,1423,53632,1671,113041,California
Solano,2021-03-17,6004,170931,1483,81575,4431,87291,90,2065,4652,62803,1348,54980,4742,117783,California
Solano,2021-03-18,5007,175938,1677,83252,3293,90584,37,2102,3697,65235,1302,56282,3734,121517,California
Solano,2021-03-19,2772,178710,1875,85127,824,91408,73,2175,1520,65582,1247,57529,1594,123111,California
Solano,2021-03-20,5449,184159,1662,86789,3733,95141,54,2229,2791,65780,2647,60176,2845,125956,California
Solano,2021-03-21,1659,185818,1565,88354,70,95211,24,2253,848,65840,810,60986,870,126826,California
Solano,2021-03-22,2400,188218,1784,90138,567,95778,49,2302,1441,66374,953,61939,1487,128313,California
Solano,2021-03-23,3328,191546,1497,91635,1789,97567,42,2344,1364,65820,1960,63899,1406,129719,California
Solano,2021-03-24,2682,194228,1638,93273,1010,98577,34,2378,1270,65718,1406,65305,1304,131023,California
Solano,2021-03-25,4539,198767,3671,96944,833,99410,35,2413,2000,65219,2535,67840,2036,133059,California
Solano,2021-03-26,2915,201682,1807,98751,1072,100482,36,2449,1564,65477,1342,69182,1600,134659,California
Solano,2021-03-27,4173,205855,1149,99900,2988,103470,36,2485,1796,64938,2371,71553,1832,136491,California
Solano,2021-03-28,1393,207248,1101,101001,274,103744,18,2503,562,64692,827,72380,581,137072,California
Solano,2021-03-29,2849,210097,1490,102491,1343,105087,16,2519,1516,64896,1328,73708,1532,138604,California
Solano,2021-03-30,2778,212875,1825,104316,867,105954,86,2605,1740,65686,1036,74744,1826,140430,California
Solano,2021-03-31,2930,215805,1923,106239,848,106802,159,2764,1687,66290,1240,75984,1844,142274,California
Solano,2021-04-01,5074,220879,1677,107916,3253,110055,144,2908,3411,68193,1652,77636,3555,145829,California
Solano,2021-04-02,5889,226768,1693,109609,4034,114089,162,3070,2445,67370,3430,81066,2607,148436,California
Solano,2021-04-03,1507,228275,955,110564,400,114489,152,3222,546,67109,959,82025,698,149134,California
Solano,2021-04-04,775,229050,287,110851,187,114676,301,3523,237,67114,533,82558,538,149672,California
Solano,2021-04-05,2822,231872,1882,112733,733,115409,207,3730,1395,67289,1426,83984,1601,151273,California
Solano,2021-04-06,5357,237229,1389,114122,3479,118888,489,4219,1546,65517,3807,87791,2035,153308,California
Solano,2021-04-07,5037,242266,3724,117846,922,119810,391,4610,2908,66693,2123,89914,3299,156607,California
Solano,2021-04-08,5555,247821,1518,119364,3183,122993,854,5464,1560,65123,3979,93893,2409,159016,California
Solano,2021-04-09,5553,253374,1442,120806,3411,126404,700,6164,1366,63020,4170,98063,2067,161083,California
Solano,2021-04-10,1700,255074,946,121752,444,126848,310,6474,791,63213,908,98971,1101,162184,California
Solano,2021-04-11,1172,256246,741,122493,304,127152,127,6601,608,63387,561,99532,735,162919,California
Solano,2021-04-12,3165,259411,1646,124139,1181,128333,338,6939,1481,63526,1679,101211,1818,164737,California
Solano,2021-04-13,2440,261851,1045,125184,1394,129727,1,6940,1300,63690,1137,102348,1301,166038,California
Solano,2021-04-14,5794,267645,1704,126888,4090,133817,0,6940,1822,61553,3959,106307,1822,167860,California
Solano,2021-04-15,3987,271632,1808,128696,2179,135996,0,6940,1409,60393,2571,108878,1411,169271,California
Solano,2021-04-16,3404,275036,2338,131034,1065,137061,1,6941,2236,61466,1164,110042,2237,171508,California
Solano,2021-04-17,1901,276937,1067,132101,834,137895,0,6941,1012,61597,883,110925,1014,172522,California
Solano,2021-04-18,973,277910,601,132702,372,138267,0,6941,510,61645,462,111387,510,173032,California
Solano,2021-04-19,1960,279870,1101,133803,859,139126,0,6941,1076,61844,878,112265,1077,174109,California
Solano,2021-04-20,1022,280892,558,134361,464,139590,0,6941,520,61868,500,112765,524,174633,California
Sonoma,2020-12-15,4,4,4,4,0,0,0,0,4,4,0,0,4,4,California
Sonoma,2020-12-16,27,31,27,31,0,0,0,0,27,31,0,0,27,31,California
Sonoma,2020-12-17,102,133,102,133,0,0,0,0,102,133,0,0,102,133,California
Sonoma,2020-12-18,422,555,422,555,0,0,0,0,422,555,0,0,422,555,California
Sonoma,2020-12-19,111,666,110,665,1,1,0,0,111,666,0,0,111,666,California
Sonoma,2020-12-20,174,840,174,839,0,1,0,0,174,840,0,0,174,840,California
Sonoma,2020-12-21,911,1751,909,1748,2,3,0,0,910,1750,0,0,910,1750,California
Sonoma,2020-12-22,1356,3107,1264,3012,92,95,0,0,1356,3106,0,0,1356,3106,California
Sonoma,2020-12-23,1604,4711,1228,4240,376,471,0,0,1605,4711,0,0,1605,4711,California
Sonoma,2020-12-24,305,5016,101,4341,204,675,0,0,305,5016,0,0,305,5016,California
Sonoma,2020-12-25,8,5024,2,4343,6,681,0,0,8,5024,0,0,8,5024,California
Sonoma,2020-12-26,266,5290,255,4598,11,692,0,0,266,5290,0,0,266,5290,California
Sonoma,2020-12-27,93,5383,80,4678,13,705,0,0,93,5383,0,0,93,5383,California
Sonoma,2020-12-28,987,6370,552,5230,435,1140,0,0,959,6342,0,0,959,6342,California
Sonoma,2020-12-29,1129,7499,776,6006,353,1493,0,0,1095,7437,0,0,1095,7437,California
Sonoma,2020-12-30,1092,8591,478,6484,614,2107,0,0,1084,8521,0,0,1084,8521,California
Sonoma,2020-12-31,518,9109,71,6555,447,2554,0,0,519,9040,0,0,519,9040,California
Sonoma,2021-01-01,10,9119,5,6560,5,2559,0,0,10,9050,0,0,10,9050,California
Sonoma,2021-01-02,132,9251,126,6686,6,2565,0,0,132,9182,0,0,132,9182,California
Sonoma,2021-01-03,25,9276,11,6697,14,2579,0,0,25,9207,0,0,25,9207,California
Sonoma,2021-01-04,341,9617,105,6802,236,2815,0,0,340,9547,0,0,340,9547,California
Sonoma,2021-01-05,437,10054,102,6904,335,3150,0,0,413,9945,15,15,413,9960,California
Sonoma,2021-01-06,948,11002,434,7338,514,3664,0,0,836,10676,105,120,836,10796,California
Sonoma,2021-01-07,1025,12027,533,7871,492,4156,0,0,855,11362,169,289,855,11651,California
Sonoma,2021-01-08,1784,13811,1228,9099,556,4712,0,0,1313,12206,469,758,1313,12964,California
Sonoma,2021-01-09,636,14447,400,9499,236,4948,0,0,588,12746,48,806,588,13552,California
Sonoma,2021-01-10,472,14919,461,9960,11,4959,0,0,279,12832,193,999,279,13831,California
Sonoma,2021-01-11,1382,16301,1236,11196,146,5105,0,0,413,12280,965,1964,413,14244,California
Sonoma,2021-01-12,1545,17846,1292,12488,253,5358,0,0,395,11527,1148,3112,395,14639,California
Sonoma,2021-01-13,2068,19914,1424,13912,644,6002,0,0,1205,11872,860,3972,1205,15844,California
Sonoma,2021-01-14,1532,21446,808,14720,724,6726,0,0,1302,12944,230,4202,1302,17146,California
Sonoma,2021-01-15,1562,23008,634,15354,928,7654,0,0,1342,14076,211,4413,1343,18489,California
Sonoma,2021-01-16,1144,24152,615,15969,529,8183,0,0,899,14734,241,4654,899,19388,California
Sonoma,2021-01-17,669,24821,549,16518,120,8303,0,0,588,15241,81,4735,588,19976,California
Sonoma,2021-01-18,1103,25924,931,17449,172,8475,0,0,612,15363,491,5226,613,20589,California
Sonoma,2021-01-19,2093,28017,1004,18453,1089,9564,0,0,1384,16041,707,5933,1385,21974,California
Sonoma,2021-01-20,2073,30090,623,19076,1450,11014,0,0,1413,16804,651,6584,1414,23388,California
Sonoma,2021-01-21,2234,32324,620,19696,1614,12628,0,0,2015,18603,217,6801,2016,25404,California
Sonoma,2021-01-22,2726,35050,1035,20731,1691,14319,0,0,2578,21034,147,6948,2578,27982,California
Sonoma,2021-01-23,766,35816,591,21322,175,14494,0,0,659,21587,106,7054,659,28641,California
Sonoma,2021-01-24,849,36665,713,22035,136,14630,0,0,834,22406,15,7069,834,29475,California
Sonoma,2021-01-25,2169,38834,519,22554,1650,16280,0,0,1682,23601,487,7556,1682,31157,California
Sonoma,2021-01-26,2006,40840,295,22849,1711,17991,0,0,1550,24696,455,8011,1550,32707,California
Sonoma,2021-01-27,3691,44531,1275,24124,2416,20407,0,0,3118,27246,571,8582,3121,35828,California
Sonoma,2021-01-28,4108,48639,1840,25964,2268,22675,0,0,3442,30026,663,9245,3443,39271,California
Sonoma,2021-01-29,2960,51599,1407,27371,1553,24228,0,0,2128,31328,830,10075,2132,41403,California
Sonoma,2021-01-30,2573,54172,2386,29757,187,24415,0,0,2239,33234,334,10409,2240,43643,California
Sonoma,2021-01-31,775,54947,663,30420,112,24527,0,0,577,33614,197,10606,577,44220,California
Sonoma,2021-02-01,2500,57447,881,31301,1619,26146,0,0,2095,35306,403,11009,2095,46315,California
Sonoma,2021-02-02,3444,60891,1366,32667,2078,28224,0,0,2879,37622,563,11572,2879,49194,California
Sonoma,2021-02-03,4023,64914,1319,33986,2704,30928,0,0,3098,39797,923,12495,3098,52292,California
Sonoma,2021-02-04,4188,69102,1704,35690,2484,33412,0,0,3413,42437,773,13268,3413,55705,California
Sonoma,2021-02-05,4801,73903,1733,37423,3068,36480,0,0,3789,45219,1008,14276,3790,59495,California
Sonoma,2021-02-06,2652,76555,2292,39715,360,36840,0,0,2094,46756,557,14833,2094,61589,California
Sonoma,2021-02-07,1530,78085,1396,41111,134,36974,0,0,1281,47788,249,15082,1281,62870,California
Sonoma,2021-02-08,3251,81336,1032,42143,2219,39193,0,0,2671,49880,579,15661,2671,65541,California
Sonoma,2021-02-09,3550,84886,1694,43837,1856,41049,0,0,3071,52475,477,16138,3072,68613,California
Sonoma,2021-02-10,4405,89291,2360,46197,2045,43094,0,0,3373,54823,1026,17164,3374,71987,California
Sonoma,2021-02-11,5331,94622,2786,48983,2545,45639,0,0,4158,57810,1171,18335,4158,76145,California
Sonoma,2021-02-12,5628,100250,2974,51957,2654,48293,0,0,4213,60614,1411,19746,4215,80360,California
Sonoma,2021-02-13,1985,102235,1153,53110,832,49125,0,0,1207,61046,775,20521,1207,81567,California
Sonoma,2021-02-14,2314,104549,1818,54928,496,49621,0,0,1570,61873,743,21264,1570,83137,California
Sonoma,2021-02-15,2130,106679,785,55713,1345,50966,0,0,1603,62950,526,21790,1603,84740,California
Sonoma,2021-02-16,4611,111290,2046,57759,2565,53531,0,0,3363,65069,1244,23034,3363,88103,California
Sonoma,2021-02-17,5322,116612,2887,60646,2435,55966,0,0,3327,66411,1986,25020,3328,91431,California
Sonoma,2021-02-18,6777,123389,3000,63646,3777,59743,0,0,3874,67390,2895,27915,3874,95305,California
Sonoma,2021-02-19,5362,128751,1656,65302,3706,63449,0,0,3273,68579,2084,29999,3273,98578,California
Sonoma,2021-02-20,3101,131852,2821,68123,280,63729,0,0,1221,67926,1874,31873,1221,99799,California
Sonoma,2021-02-21,515,132367,412,68535,103,63832,0,0,127,67668,385,32258,127,99926,California
Sonoma,2021-02-22,2713,135080,1353,69888,1360,65192,0,0,1042,67044,1666,33924,1042,100968,California
Sonoma,2021-02-23,3082,138162,2057,71945,1025,66217,0,0,1349,66664,1729,35653,1349,102317,California
Sonoma,2021-02-24,5454,143616,2539,74484,2915,69132,0,0,2738,66693,2711,38364,2740,105057,California
Sonoma,2021-02-25,5639,149255,2222,76706,3417,72549,0,0,2968,67011,2650,41014,2968,108025,California
Sonoma,2021-02-26,6008,155263,2738,79444,3270,75819,0,0,3736,68480,2267,43281,3736,111761,California
Sonoma,2021-02-27,3997,159260,1902,81346,2095,77914,0,0,2664,69813,1331,44612,2664,114425,California
Sonoma,2021-02-28,2327,161587,1844,83190,483,78397,0,0,611,68714,1710,46322,611,115036,California
Sonoma,2021-03-01,3660,165247,1126,84316,2534,80931,0,0,1814,68691,1838,48160,1815,116851,California
Sonoma,2021-03-02,4203,169450,1456,85772,2747,83678,0,0,2476,69448,1719,49879,2476,119327,California
Sonoma,2021-03-03,4809,174259,2506,88278,2303,85981,0,0,2223,69092,2579,52458,2223,121550,California
Sonoma,2021-03-04,5676,179935,2435,90713,3241,89222,0,0,2563,68556,3099,55557,2563,124113,California
Sonoma,2021-03-05,6155,186090,2550,93263,3590,92812,15,15,2705,67839,3438,58995,2721,126834,California
Sonoma,2021-03-06,2749,188839,1205,94468,1410,94222,134,149,1889,69006,855,59850,2022,128856,California
Sonoma,2021-03-07,1679,190518,1392,95860,252,94474,35,184,354,68072,1323,61173,389,129245,California
Sonoma,2021-03-08,3882,194400,652,96512,3055,97529,175,359,2217,68807,1655,62828,2390,131635,California
Sonoma,2021-03-09,5402,199802,2995,99507,2166,99695,241,600,2658,68969,2737,65565,2899,134534,California
Sonoma,2021-03-10,5933,205735,3166,102673,2442,102137,325,925,2396,68166,3523,69088,2720,137254,California
Sonoma,2021-03-11,7486,213221,2975,105648,3692,105829,819,1744,2647,66800,4831,73919,3465,140719,California
Sonoma,2021-03-12,7375,220596,2254,107902,3762,109591,1359,3103,2100,64998,5257,79176,3455,144174,California
Sonoma,2021-03-13,3228,223824,1540,109442,1455,111046,233,3336,1839,65679,1388,80564,2069,146243,California
Sonoma,2021-03-14,1373,225197,381,109823,850,111896,142,3478,846,66142,524,81088,987,147230,California
Sonoma,2021-03-15,5209,230406,1491,111314,3333,115229,385,3863,2190,65705,3011,84099,2574,149804,California
Sonoma,2021-03-16,6248,236654,2222,113536,3795,119024,231,4094,3155,66002,3088,87187,3385,153189,California
Sonoma,2021-03-17,6720,243374,3512,117048,3029,122053,179,4273,3531,66533,3180,90367,3711,156900,California
Sonoma,2021-03-18,7071,250445,2922,119970,3539,125592,610,4883,3161,66396,3905,94272,3768,160668,California
Sonoma,2021-03-19,7453,257898,3216,123186,4006,129598,231,5114,3307,65810,4128,98400,3542,164210,California
Sonoma,2021-03-20,3628,261526,1744,124930,1054,130652,830,5944,1972,66961,1649,100049,2800,167010,California
Sonoma,2021-03-21,1372,262898,601,125531,738,131390,33,5977,1207,68038,163,100212,1240,168250,California
Sonoma,2021-03-22,4478,267376,3080,128611,1298,132688,100,6077,3536,70736,939,101151,3637,171887,California
Sonoma,2021-03-23,5760,273136,3580,132191,2104,134792,76,6153,4639,74339,1112,102263,4715,176602,California
Sonoma,2021-03-24,6572,279708,4256,136447,2251,137043,65,6218,4144,76136,2411,104674,4208,180810,California
Sonoma,2021-03-25,6888,286596,4139,140586,2645,139688,104,6322,4273,77921,2593,107267,4378,185188,California
Sonoma,2021-03-26,7235,293831,3428,144014,3719,143407,88,6410,3994,78776,3227,110494,4082,189270,California
Sonoma,2021-03-27,3775,297606,1493,145507,1920,145327,362,6772,1123,77613,2647,113141,1484,190754,California
Sonoma,2021-03-28,1506,299112,949,146456,530,145857,27,6799,948,78032,556,113697,975,191729,California
Sonoma,2021-03-29,2817,301929,1077,147533,1707,147564,33,6832,1615,78482,1198,114895,1648,193377,California
Sonoma,2021-03-30,5633,307562,3116,150649,2456,150020,61,6893,3045,79007,2582,117477,3107,196484,California
Sonoma,2021-03-31,5483,313045,3329,153978,1941,151961,213,7106,3290,80327,2183,119660,3503,199987,California
Sonoma,2021-04-01,6664,319709,3963,157941,2369,154330,332,7438,3578,81160,3073,122733,3906,203893,California
Sonoma,2021-04-02,5898,325607,3534,161475,2255,156585,109,7547,3556,82489,2337,125070,3666,207559,California
Sonoma,2021-04-03,3357,328964,1641,163116,1497,158082,219,7766,1473,82309,1872,126942,1692,209251,California
Sonoma,2021-04-04,1050,330014,682,163798,279,158361,89,7855,665,82679,384,127326,754,210005,California
Sonoma,2021-04-05,4345,334359,576,164374,3433,161794,336,8191,1790,82256,2549,129875,2126,212131,California
Sonoma,2021-04-06,6816,341175,3455,167829,2963,164757,398,8589,3966,83782,2837,132712,4363,216494,California
Sonoma,2021-04-07,6737,347912,3806,171635,2102,166859,829,9418,3274,84426,3455,136167,4099,220593,California
Sonoma,2021-04-08,7463,355375,4085,175720,2611,169470,767,10185,4073,85883,3381,139548,4838,225431,California
Sonoma,2021-04-09,6554,361929,3599,179319,2107,171577,848,11033,3315,86813,3227,142775,4157,229588,California
Sonoma,2021-04-10,3710,365639,1677,180996,1479,173056,554,11587,1084,85828,2618,145393,1633,231221,California
Sonoma,2021-04-11,1274,366913,602,181598,591,173647,81,11668,434,85505,838,146231,515,231736,California
Sonoma,2021-04-12,4856,371769,1982,183580,2395,176042,479,12147,1784,84698,3064,149295,2257,233993,California
Sonoma,2021-04-13,7719,379488,4579,188159,3137,179179,3,12150,2925,82842,4785,154080,2929,236922,California
Sonoma,2021-04-14,6174,385662,3475,191634,2680,181859,19,12169,2383,81468,3777,157857,2403,239325,California
Sonoma,2021-04-15,6572,392234,3773,195407,2799,184658,0,12169,3233,81394,3323,161180,3249,242574,California
Sonoma,2021-04-16,6684,398918,3407,198814,3276,187934,1,12170,3794,82309,2880,164060,3795,246369,California
Sonoma,2021-04-17,2834,401752,1514,200328,1320,189254,0,12170,1350,82181,1478,165538,1350,247719,California
Sonoma,2021-04-18,1221,402973,818,201146,403,189657,0,12170,392,81750,823,166361,392,248111,California
Sonoma,2021-04-19,3123,406096,1772,202918,1351,191008,0,12170,1360,81350,1760,168121,1360,249471,California
Sonoma,2021-04-20,3032,409128,2056,204974,976,191984,0,12170,1473,81271,1554,169675,1475,250946,California
Stanislaus,2020-12-15,2,2,2,2,0,0,0,0,2,2,0,0,2,2,California
Stanislaus,2020-12-16,37,39,37,39,0,0,0,0,37,39,0,0,37,39,California
Stanislaus,2020-12-17,73,112,73,112,0,0,0,0,73,112,0,0,73,112,California
Stanislaus,2020-12-18,428,540,421,533,7,7,0,0,428,540,0,0,428,540,California
Stanislaus,2020-12-19,191,731,191,724,0,7,0,0,191,731,0,0,191,731,California
Stanislaus,2020-12-20,126,857,126,850,0,7,0,0,126,857,0,0,126,857,California
Stanislaus,2020-12-21,1124,1981,1121,1971,3,10,0,0,1123,1980,0,0,1123,1980,California
Stanislaus,2020-12-22,849,2830,837,2808,12,22,0,0,849,2829,0,0,849,2829,California
Stanislaus,2020-12-23,460,3290,443,3251,17,39,0,0,459,3288,0,0,459,3288,California
Stanislaus,2020-12-24,97,3387,88,3339,9,48,0,0,97,3385,0,0,97,3385,California
Stanislaus,2020-12-26,50,3437,8,3347,42,90,0,0,50,3435,0,0,50,3435,California
Stanislaus,2020-12-27,11,3448,6,3353,5,95,0,0,11,3446,0,0,11,3446,California
Stanislaus,2020-12-28,502,3950,406,3759,96,191,0,0,502,3948,0,0,502,3948,California
Stanislaus,2020-12-29,505,4455,430,4189,75,266,0,0,505,4453,0,0,505,4453,California
Stanislaus,2020-12-30,542,4997,286,4475,256,522,0,0,542,4994,1,1,542,4995,California
Stanislaus,2020-12-31,314,5311,171,4646,143,665,0,0,316,5310,0,1,316,5311,California
Stanislaus,2021-01-01,11,5322,3,4649,8,673,0,0,11,5321,0,1,11,5322,California
Stanislaus,2021-01-02,31,5353,24,4673,7,680,0,0,31,5352,0,1,31,5353,California
Stanislaus,2021-01-03,89,5442,85,4758,4,684,0,0,89,5441,0,1,89,5442,California
Stanislaus,2021-01-04,117,5559,33,4791,84,768,0,0,120,5561,0,1,120,5562,California
Stanislaus,2021-01-05,858,6417,341,5132,517,1285,0,0,827,6371,23,24,833,6395,California
Stanislaus,2021-01-06,978,7395,547,5679,431,1716,0,0,903,7211,64,88,904,7299,California
Stanislaus,2021-01-07,1092,8487,701,6380,391,2107,0,0,966,8065,113,201,967,8266,California
Stanislaus,2021-01-08,1319,9806,755,7135,564,2671,0,0,946,8648,367,568,950,9216,California
Stanislaus,2021-01-09,284,10090,141,7276,143,2814,0,0,194,8752,90,658,194,9410,California
Stanislaus,2021-01-10,48,10138,21,7297,27,2841,0,0,29,8762,19,677,29,9439,California
Stanislaus,2021-01-11,1552,11690,1266,8563,286,3127,0,0,606,8442,940,1617,620,10059,California
Stanislaus,2021-01-12,1494,13184,890,9453,604,3731,0,0,832,8623,658,2275,839,10898,California
Stanislaus,2021-01-13,1442,14626,677,10130,765,4496,0,0,1115,9419,326,2601,1122,12020,California
Stanislaus,2021-01-14,2220,16846,281,10411,1939,6435,0,0,2067,11391,151,2752,2123,14143,California
Stanislaus,2021-01-15,2886,19732,1145,11556,1741,8176,0,0,2730,14053,134,2886,2796,16939,California
Stanislaus,2021-01-16,567,20299,50,11606,517,8693,0,0,552,14593,14,2900,554,17493,California
Stanislaus,2021-01-17,241,20540,200,11806,41,8734,0,0,236,14824,5,2905,236,17729,California
Stanislaus,2021-01-18,2180,22720,1020,12826,1160,9894,0,0,1808,16323,369,3274,1868,19597,California
Stanislaus,2021-01-19,1272,23992,738,13564,534,10428,0,0,811,16677,458,3732,812,20409,California
Stanislaus,2021-01-20,999,24991,484,14048,515,10943,0,0,704,17087,294,4026,704,21113,California
Stanislaus,2021-01-21,3673,28664,2961,17009,712,11655,0,0,3356,20215,315,4341,3443,24556,California
Stanislaus,2021-01-22,1097,29761,309,17318,788,12443,0,0,1054,21234,39,4380,1058,25614,California
Stanislaus,2021-01-23,345,30106,38,17356,307,12750,0,0,290,21473,55,4435,294,25908,California
Stanislaus,2021-01-24,289,30395,99,17455,190,12940,0,0,223,21632,66,4501,225,26133,California
Stanislaus,2021-01-25,3145,33540,219,17674,2926,15866,0,0,2840,24297,306,4807,2971,29104,California
Stanislaus,2021-01-26,1733,35273,740,18414,993,16859,0,0,1313,25209,416,5223,1328,30432,California
Stanislaus,2021-01-27,1833,37106,975,19389,858,17717,0,0,1175,25735,650,5873,1176,31608,California
Stanislaus,2021-01-28,2247,39353,1496,20885,751,18468,0,0,1758,27065,478,6351,1808,33416,California
Stanislaus,2021-01-29,2481,41834,1201,22086,1280,19748,0,0,1947,28570,485,6836,1990,35406,California
Stanislaus,2021-01-30,298,42132,123,22209,175,19923,0,0,248,28766,52,6888,248,35654,California
Stanislaus,2021-01-31,364,42496,311,22520,53,19976,0,0,363,29119,10,6898,363,36017,California
Stanislaus,2021-02-01,1266,43762,544,23064,722,20698,0,0,926,29719,326,7224,926,36943,California
Stanislaus,2021-02-02,1246,45008,372,23436,874,21572,0,0,792,30071,444,7668,796,37739,California
Stanislaus,2021-02-03,2492,47500,1073,24509,1419,22991,0,0,1817,31222,671,8339,1822,39561,California
Stanislaus,2021-02-04,2102,49602,718,25227,1384,24375,0,0,1588,32307,507,8846,1592,41153,California
Stanislaus,2021-02-05,2846,52448,1451,26678,1395,25770,0,0,1608,32732,1187,10033,1612,42765,California
Stanislaus,2021-02-06,1009,53457,287,26965,722,26492,0,0,821,33367,187,10220,822,43587,California
Stanislaus,2021-02-07,212,53669,188,27153,24,26516,0,0,42,33241,169,10389,43,43630,California
Stanislaus,2021-02-08,2022,55691,1311,28464,711,27227,0,0,1119,33485,877,11266,1121,44751,California
Stanislaus,2021-02-09,1872,57563,788,29252,1084,28311,0,0,1100,33821,767,12033,1103,45854,California
Stanislaus,2021-02-10,1983,59546,565,29817,1418,29729,0,0,1064,33985,902,12935,1066,46920,California
Stanislaus,2021-02-11,5541,65087,3412,33229,2129,31858,0,0,1406,31426,3969,16904,1410,48330,California
Stanislaus,2021-02-12,3528,68615,1100,34329,2428,34286,0,0,1663,31275,1815,18719,1664,49994,California
Stanislaus,2021-02-13,1534,70149,743,35072,791,35077,0,0,1086,31919,447,19166,1091,51085,California
Stanislaus,2021-02-14,420,70569,169,35241,251,35328,0,0,355,32209,65,19231,355,51440,California
Stanislaus,2021-02-15,1844,72413,254,35495,1590,36918,0,0,631,31729,1116,20347,636,52076,California
Stanislaus,2021-02-16,1390,73803,415,35910,975,37893,0,0,615,31576,770,21117,617,52693,California
Stanislaus,2021-02-17,2748,76551,1664,37574,1084,38977,0,0,1975,32783,775,21892,1982,54675,California
Stanislaus,2021-02-18,3386,79937,1879,39453,1507,40484,0,0,1835,33146,1481,23373,1844,56519,California
Stanislaus,2021-02-19,2783,82720,1045,40498,1738,42222,0,0,1568,33536,1187,24560,1577,58096,California
Stanislaus,2021-02-20,756,83476,372,40870,384,42606,0,0,497,33786,249,24809,499,58595,California
Stanislaus,2021-02-21,869,84345,657,41527,212,42818,0,0,525,33992,330,25139,536,59131,California
Stanislaus,2021-02-22,2374,86719,1680,43207,694,43512,0,0,1663,34970,687,25826,1665,60796,California
Stanislaus,2021-02-23,3706,90425,680,43887,3026,46538,0,0,1755,34912,1818,27644,1760,62556,California
Stanislaus,2021-02-24,4208,94633,2860,46747,1348,47886,0,0,3196,37115,997,28641,3200,65756,California
Stanislaus,2021-02-25,3921,98554,2642,49389,1279,49165,0,0,3121,39453,786,29427,3124,68880,California
Stanislaus,2021-02-26,4235,102789,1212,50601,3023,52188,0,0,2872,41008,1326,30753,2881,71761,California
Stanislaus,2021-02-27,2221,105010,703,51304,1517,53705,1,1,1969,42749,229,30982,1970,73731,California
Stanislaus,2021-02-28,814,105824,264,51568,550,54255,0,1,763,43468,45,31027,764,74495,California
Stanislaus,2021-03-01,2788,108612,1599,53167,1189,55444,0,1,1653,44005,1120,32147,1657,76152,California
Stanislaus,2021-03-02,2407,111019,1424,54591,983,56427,0,1,1668,44939,735,32882,1669,77821,California
Stanislaus,2021-03-03,3776,114795,2265,56856,1508,57935,3,4,2923,47018,844,33726,2923,80744,California
Stanislaus,2021-03-04,5604,120399,3223,60079,2363,60298,18,22,4262,49968,1324,35050,4274,85018,California
Stanislaus,2021-03-05,4277,124676,1310,61389,2951,63249,16,38,3154,52025,1112,36162,3169,88187,California
Stanislaus,2021-03-06,3766,128442,2272,63661,1401,64650,93,131,2742,53840,1022,37184,2837,91024,California
Stanislaus,2021-03-07,843,129285,384,64045,422,65072,37,168,652,54344,184,37368,688,91712,California
Stanislaus,2021-03-08,2063,131348,921,64966,1054,66126,88,256,1327,55032,726,38094,1414,93126,California
Stanislaus,2021-03-09,2276,133624,945,65911,1238,67364,93,349,1697,56254,571,38665,1793,94919,California
Stanislaus,2021-03-10,5100,138724,2513,68424,2364,69728,223,572,3774,58951,1312,39977,4009,98928,California
Stanislaus,2021-03-11,5834,144558,3172,71596,2178,71906,484,1056,4241,62242,1436,41413,4727,103655,California
Stanislaus,2021-03-12,5837,150395,1240,72836,2653,74559,1944,3000,2965,64291,2857,44270,4906,108561,California
Stanislaus,2021-03-13,3480,153875,2164,75000,1249,75808,67,3067,2805,66496,672,44942,2877,111438,California
Stanislaus,2021-03-14,974,154849,582,75582,340,76148,52,3119,487,66553,485,45427,542,111980,California
Stanislaus,2021-03-15,3761,158610,1974,77556,1411,77559,376,3495,1664,66593,2008,47435,2048,114028,California
Stanislaus,2021-03-16,5001,163611,2456,80012,2102,79661,443,3938,3608,69240,1403,48838,4050,118078,California
Stanislaus,2021-03-17,4951,168562,3012,83024,1757,81418,182,4120,3107,70699,1837,50675,3296,121374,California
Stanislaus,2021-03-18,5763,174325,3548,86572,2148,83566,67,4187,3316,71772,2316,52991,3389,124763,California
Stanislaus,2021-03-19,6381,180706,1743,88315,3108,86674,1530,5717,3496,73938,2862,55853,5028,129791,California
Stanislaus,2021-03-20,4166,184872,3008,91323,1088,87762,70,5787,3684,77216,477,56330,3755,133546,California
Stanislaus,2021-03-21,992,185864,892,92215,35,87797,65,5852,758,77804,234,56564,822,134368,California
Stanislaus,2021-03-22,2854,188718,1335,93550,792,88589,727,6579,1266,78219,1576,58140,1991,136359,California
Stanislaus,2021-03-23,3985,192703,2038,95588,1685,90274,262,6841,2853,80226,1121,59261,3128,139487,California
Stanislaus,2021-03-24,4570,197273,3215,98803,1286,91560,69,6910,2668,81104,1863,61124,2741,142228,California
Stanislaus,2021-03-25,4427,201700,3027,101830,1383,92943,17,6927,1974,80716,2380,63504,1992,144220,California
Stanislaus,2021-03-26,4797,206497,1389,103219,3333,96276,75,7002,2432,80898,2338,65842,2520,146740,California
Stanislaus,2021-03-27,4411,210908,2713,105932,1675,97951,23,7025,1367,79272,3030,68872,1404,148144,California
Stanislaus,2021-03-28,1188,212096,448,106380,553,98504,187,7212,351,78993,831,69703,552,148696,California
Stanislaus,2021-03-29,3032,215128,1819,108199,1175,99679,38,7250,2029,80070,997,70700,2074,150770,California
Stanislaus,2021-03-30,3680,218808,2068,110267,1583,101262,29,7279,2249,80933,1424,72124,2287,153057,California
Stanislaus,2021-03-31,5489,224297,3864,114131,1487,102749,138,7417,2786,81182,2690,74814,2939,155996,California
Stanislaus,2021-04-01,5810,230107,3822,117953,1900,104649,88,7505,2652,80802,3146,77960,2766,158762,California
Stanislaus,2021-04-02,5077,235184,1269,119222,3646,108295,162,7667,2273,80533,2723,80683,2454,161216,California
Stanislaus,2021-04-03,4519,239703,3245,122467,1237,109532,37,7704,2207,80499,2305,82988,2271,163487,California
Stanislaus,2021-04-04,1320,241023,488,122955,805,110337,27,7731,658,80537,658,83646,696,164183,California
Stanislaus,2021-04-05,3706,244729,2517,125472,881,111218,308,8039,2375,81900,1326,84972,2689,166872,California
Stanislaus,2021-04-06,5756,250485,4169,129641,1289,112507,298,8337,3036,82531,2710,87682,3341,170213,California
Stanislaus,2021-04-07,6512,256997,3708,133349,2341,114848,463,8800,2812,82124,3686,91368,3279,173492,California
Stanislaus,2021-04-08,5891,262888,3441,136790,1969,116817,481,9281,2787,82305,3092,94460,3273,176765,California
Stanislaus,2021-04-09,4847,267735,2154,138944,2293,119110,400,9681,2136,82159,2695,97155,2549,179314,California
Stanislaus,2021-04-10,6590,274325,3953,142897,977,120087,1660,11341,1993,81227,4580,101735,3648,182962,California
Stanislaus,2021-04-11,1513,275838,853,143750,527,120614,133,11474,654,81156,858,102593,787,183749,California
Stanislaus,2021-04-12,3581,279419,2025,145775,1169,121783,387,11861,1888,81751,1687,104280,2282,186031,California
Stanislaus,2021-04-13,5234,284653,3439,149214,1783,123566,12,11873,2925,82404,2277,106557,2930,188961,California
Stanislaus,2021-04-14,4410,289063,3136,152350,1274,124840,0,11873,2159,82347,2222,108779,2165,191126,California
Stanislaus,2021-04-15,4706,293769,2850,155200,1851,126691,5,11878,2548,82798,2124,110903,2575,193701,California
Stanislaus,2021-04-16,4016,297785,943,156143,3073,129764,0,11878,1774,82383,2211,113114,1796,195497,California
Stanislaus,2021-04-17,3457,301242,2201,158344,1256,131020,0,11878,1922,82792,1530,114644,1939,197436,California
Stanislaus,2021-04-18,463,301705,153,158497,310,131330,0,11878,371,83082,85,114729,375,197811,California
Stanislaus,2021-04-19,2985,304690,2045,160542,940,132270,0,11878,1480,83093,1490,116219,1501,199312,California
Stanislaus,2021-04-20,1601,306291,1048,161590,553,132823,0,11878,564,83463,1037,117256,1407,200719,California
Sutter,2020-12-15,1,1,1,1,0,0,0,0,1,1,0,0,1,1,California
Sutter,2020-12-16,4,5,4,5,0,0,0,0,4,5,0,0,4,5,California
Sutter,2020-12-17,2,7,2,7,0,0,0,0,2,7,0,0,2,7,California
Sutter,2020-12-18,20,27,20,27,0,0,0,0,20,27,0,0,20,27,California
Sutter,2020-12-19,44,71,44,71,0,0,0,0,44,71,0,0,44,71,California
Sutter,2020-12-20,42,113,42,113,0,0,0,0,42,113,0,0,42,113,California
Sutter,2020-12-21,100,213,100,213,0,0,0,0,100,213,0,0,100,213,California
Sutter,2020-12-22,172,385,172,385,0,0,0,0,172,385,0,0,172,385,California
Sutter,2020-12-23,115,500,111,496,4,4,0,0,115,500,0,0,115,500,California
Sutter,2020-12-24,17,517,11,507,6,10,0,0,17,517,0,0,17,517,California
Sutter,2020-12-26,39,556,35,542,4,14,0,0,39,556,0,0,39,556,California
Sutter,2020-12-27,24,580,23,565,1,15,0,0,24,580,0,0,24,580,California
Sutter,2020-12-28,83,663,55,620,28,43,0,0,83,663,0,0,83,663,California
Sutter,2020-12-29,101,764,14,634,87,130,0,0,101,764,0,0,101,764,California
Sutter,2020-12-30,136,900,34,668,102,232,0,0,136,900,0,0,136,900,California
Sutter,2020-12-31,70,970,6,674,64,296,0,0,70,970,0,0,70,970,California
Sutter,2021-01-01,3,973,3,677,0,296,0,0,3,973,0,0,3,973,California
Sutter,2021-01-02,133,1106,131,808,2,298,0,0,133,1106,0,0,133,1106,California
Sutter,2021-01-03,1,1107,0,808,1,299,0,0,1,1107,0,0,1,1107,California
Sutter,2021-01-04,249,1356,140,948,109,408,0,0,249,1356,0,0,249,1356,California
Sutter,2021-01-05,99,1455,56,1004,43,451,0,0,97,1451,2,2,97,1453,California
Sutter,2021-01-06,205,1660,51,1055,154,605,0,0,200,1646,5,7,200,1653,California
Sutter,2021-01-07,253,1913,151,1206,102,707,0,0,244,1882,8,15,244,1897,California
Sutter,2021-01-08,147,2060,40,1246,107,814,0,0,130,1995,17,32,130,2027,California
Sutter,2021-01-09,45,2105,43,1289,2,816,0,0,4,1958,41,73,4,2031,California
Sutter,2021-01-10,397,2502,37,1326,360,1176,0,0,359,2280,37,110,359,2390,California
Sutter,2021-01-11,132,2634,114,1440,18,1194,0,0,26,2200,106,216,26,2416,California
Sutter,2021-01-12,200,2834,163,1603,37,1231,0,0,57,2114,143,359,57,2473,California
Sutter,2021-01-13,160,2994,98,1701,62,1293,0,0,71,2096,89,448,71,2544,California
Sutter,2021-01-14,144,3138,49,1750,95,1388,0,0,125,2202,19,467,125,2669,California
Sutter,2021-01-15,432,3570,130,1880,302,1690,0,0,417,2604,15,482,417,3086,California
Sutter,2021-01-16,386,3956,42,1922,344,2034,0,0,354,2927,31,513,354,3440,California
Sutter,2021-01-17,26,3982,24,1946,2,2036,0,0,10,2921,16,529,10,3450,California
Sutter,2021-01-18,116,4098,61,2007,55,2091,0,0,69,2943,47,576,69,3519,California
Sutter,2021-01-19,104,4202,43,2050,61,2152,0,0,79,2997,25,601,79,3598,California
Sutter,2021-01-20,254,4456,190,2240,64,2216,0,0,234,3211,20,621,234,3832,California
Sutter,2021-01-21,435,4891,267,2507,168,2384,0,0,416,3608,19,640,416,4248,California
Sutter,2021-01-22,269,5160,82,2589,187,2571,0,0,260,3859,9,649,260,4508,California
Sutter,2021-01-23,397,5557,40,2629,357,2928,0,0,371,4204,26,675,371,4879,California
Sutter,2021-01-24,17,5574,14,2643,3,2931,0,0,15,4217,2,677,15,4894,California
Sutter,2021-01-25,304,5878,196,2839,108,3039,0,0,151,4216,152,829,151,5045,California
Sutter,2021-01-26,243,6121,103,2942,140,3179,0,0,145,4264,97,926,145,5190,California
Sutter,2021-01-27,384,6505,254,3196,130,3309,0,0,319,4518,65,991,319,5509,California
Sutter,2021-01-28,525,7030,302,3498,223,3532,0,0,395,4784,129,1120,395,5904,California
Sutter,2021-01-29,416,7446,144,3642,272,3804,0,0,252,4872,164,1284,252,6156,California
Sutter,2021-01-30,775,8221,39,3681,736,4540,0,0,764,5625,11,1295,764,6920,California
Sutter,2021-01-31,27,8248,27,3708,0,4540,0,0,27,5652,0,1295,27,6947,California
Sutter,2021-02-01,164,8412,49,3757,115,4655,0,0,133,5754,31,1326,133,7080,California
Sutter,2021-02-02,241,8653,26,3783,215,4870,0,0,211,5935,30,1356,211,7291,California
Sutter,2021-02-03,443,9096,38,3821,405,5275,0,0,208,5908,235,1591,208,7499,California
Sutter,2021-02-04,670,9766,367,4188,303,5578,0,0,620,6478,50,1641,620,8119,California
Sutter,2021-02-05,284,10050,32,4220,252,5830,0,0,134,6462,150,1791,134,8253,California
Sutter,2021-02-06,733,10783,27,4247,706,6536,0,0,713,7155,20,1811,713,8966,California
Sutter,2021-02-07,23,10806,20,4267,3,6539,0,0,19,7170,4,1815,19,8985,California
Sutter,2021-02-08,134,10940,29,4296,105,6644,0,0,98,7232,36,1851,98,9083,California
Sutter,2021-02-09,245,11185,45,4341,200,6844,0,0,184,7355,61,1912,184,9267,California
Sutter,2021-02-10,800,11985,379,4720,421,7265,0,0,175,6906,624,2536,175,9442,California
Sutter,2021-02-11,601,12586,272,4992,329,7594,0,0,372,7049,229,2765,372,9814,California
Sutter,2021-02-12,627,13213,67,5059,560,8154,0,0,311,7044,316,3081,311,10125,California
Sutter,2021-02-13,897,14110,49,5108,848,9002,0,0,781,7709,116,3197,781,10906,California
Sutter,2021-02-14,91,14201,25,5133,66,9068,0,0,81,7780,10,3207,81,10987,California
Sutter,2021-02-15,198,14399,72,5205,126,9194,0,0,121,7824,77,3284,121,11108,California
Sutter,2021-02-16,288,14687,45,5250,243,9437,0,0,205,7947,82,3366,205,11313,California
Sutter,2021-02-17,828,15515,430,5680,398,9835,0,0,129,7377,699,4065,129,11442,California
Sutter,2021-02-18,694,16209,50,5730,644,10479,0,0,484,7652,209,4274,484,11926,California
Sutter,2021-02-19,662,16871,378,6108,284,10763,0,0,461,7914,199,4473,461,12387,California
Sutter,2021-02-20,616,17487,52,6160,564,11327,0,0,512,8323,103,4576,512,12899,California
Sutter,2021-02-21,29,17516,26,6186,3,11330,0,0,6,8306,23,4599,6,12905,California
Sutter,2021-02-22,207,17723,123,6309,84,11414,0,0,87,8273,120,4719,87,12992,California
Sutter,2021-02-23,221,17944,32,6341,189,11603,0,0,97,8246,124,4843,97,13089,California
Sutter,2021-02-24,956,18900,348,6689,608,12211,0,0,189,7669,766,5609,189,13278,California
Sutter,2021-02-25,769,19669,486,7175,283,12494,0,0,590,8083,176,5785,590,13868,California
Sutter,2021-02-26,365,20034,58,7233,307,12801,0,0,151,8022,212,5997,151,14019,California
Sutter,2021-02-27,863,20897,43,7276,820,13621,0,0,709,8575,156,6153,709,14728,California
Sutter,2021-02-28,82,20979,37,7313,45,13666,0,0,65,8623,17,6170,65,14793,California
Sutter,2021-03-01,247,21226,61,7374,186,13852,0,0,151,8678,96,6266,151,14944,California
Sutter,2021-03-02,333,21559,56,7430,277,14129,0,0,160,8666,172,6438,160,15104,California
Sutter,2021-03-03,1371,22930,502,7932,869,14998,0,0,635,8571,730,7168,635,15739,California
Sutter,2021-03-04,1248,24178,860,8792,388,15386,0,0,947,9221,297,7465,947,16686,California
Sutter,2021-03-05,333,24511,75,8867,257,15643,1,1,201,9292,131,7596,202,16888,California
Sutter,2021-03-06,1025,25536,45,8912,975,16618,5,6,864,10000,161,7757,869,17757,California
Sutter,2021-03-07,63,25599,23,8935,39,16657,1,7,43,10024,20,7777,44,17801,California
Sutter,2021-03-08,225,25824,77,9012,135,16792,13,20,156,10124,69,7846,169,17970,California
Sutter,2021-03-09,384,26208,134,9146,237,17029,13,33,181,10116,202,8048,194,18164,California
Sutter,2021-03-10,1564,27772,679,9825,824,17853,61,94,522,9660,1039,9087,583,18747,California
Sutter,2021-03-11,890,28662,437,10262,434,18287,19,113,644,10080,243,9330,663,19410,California
Sutter,2021-03-12,667,29329,108,10370,377,18664,182,295,195,9986,469,9799,375,19785,California
Sutter,2021-03-13,981,30310,750,11120,214,18878,17,312,783,10590,196,9995,800,20585,California
Sutter,2021-03-14,127,30437,20,11140,96,18974,11,323,41,10556,86,10081,52,20637,California
Sutter,2021-03-15,318,30755,66,11206,203,19177,49,372,150,10588,167,10248,199,20836,California
Sutter,2021-03-16,385,31140,86,11292,253,19430,46,418,208,10665,177,10425,254,21090,California
Sutter,2021-03-17,1475,32615,551,11843,905,20335,19,437,303,9823,1164,11589,322,21412,California
Sutter,2021-03-18,957,33572,163,12006,597,20932,197,634,572,10207,384,11973,768,22180,California
Sutter,2021-03-19,460,34032,163,12169,268,21200,29,663,283,10344,175,12148,312,22492,California
Sutter,2021-03-20,947,34979,115,12284,821,22021,11,674,860,11128,87,12235,871,23363,California
Sutter,2021-03-21,64,35043,46,12330,15,22036,3,677,35,11137,29,12264,38,23401,California
Sutter,2021-03-22,289,35332,122,12452,141,22177,26,703,213,11300,76,12340,239,23640,California
Sutter,2021-03-23,376,35708,117,12569,227,22404,32,735,253,11462,123,12463,285,23925,California
Sutter,2021-03-24,1623,37331,718,13287,836,23240,69,804,313,10546,1298,13761,382,24307,California
Sutter,2021-03-25,1028,38359,669,13956,318,23558,41,845,364,10289,662,14423,405,24712,California
Sutter,2021-03-26,482,38841,173,14129,292,23850,17,862,293,10413,186,14609,310,25022,California
Sutter,2021-03-27,930,39771,63,14192,865,24715,2,864,820,11129,106,14715,822,25844,California
Sutter,2021-03-28,126,39897,71,14263,55,24770,0,864,78,11161,46,14761,78,25922,California
Sutter,2021-03-29,423,40320,141,14404,227,24997,55,919,225,11245,196,14957,280,26202,California
Sutter,2021-03-30,474,40794,158,14562,306,25303,10,929,316,11413,158,15115,326,26528,California
Sutter,2021-03-31,1232,42026,174,14736,1041,26344,17,946,453,11112,770,15885,469,26997,California
Sutter,2021-04-01,1362,43388,720,15456,454,26798,188,1134,407,10758,950,16835,596,27593,California
Sutter,2021-04-02,489,43877,93,15549,294,27092,102,1236,200,10769,288,17123,299,27892,California
Sutter,2021-04-03,915,44792,77,15626,209,27301,629,1865,121,10727,792,17915,750,28642,California
Sutter,2021-04-04,117,44909,22,15648,89,27390,6,1871,56,10728,61,17976,62,28704,California
Sutter,2021-04-05,365,45274,142,15790,186,27576,37,1908,174,10751,188,18164,211,28915,California
Sutter,2021-04-06,485,45759,190,15980,239,27815,56,1964,256,10835,228,18392,312,29227,California
Sutter,2021-04-07,1478,47237,870,16850,533,28348,75,2039,615,10669,856,19248,690,29917,California
Sutter,2021-04-08,1028,48265,579,17429,341,28689,108,2147,564,10882,457,19705,670,30587,California
Sutter,2021-04-09,550,48815,244,17673,243,28932,63,2210,230,10857,318,20023,293,30880,California
Sutter,2021-04-10,822,49637,106,17779,88,29020,628,2838,102,10864,717,20740,724,31604,California
Sutter,2021-04-11,110,49747,26,17805,40,29060,44,2882,30,10857,80,20820,73,31677,California
Sutter,2021-04-12,334,50081,94,17899,188,29248,52,2934,139,10853,195,21015,191,31868,California
Sutter,2021-04-13,408,50489,109,18008,299,29547,0,2934,205,10858,200,21215,205,32073,California
Sutter,2021-04-14,1254,51743,133,18141,1120,30667,1,2935,209,10030,1039,22254,211,32284,California
Sutter,2021-04-15,436,52179,165,18306,271,30938,0,2935,165,9926,269,22523,165,32449,California
Sutter,2021-04-16,374,52553,113,18419,261,31199,0,2935,172,9898,200,22723,172,32621,California
Sutter,2021-04-17,581,53134,82,18501,499,31698,0,2935,511,10340,69,22792,511,33132,California
Sutter,2021-04-18,66,53200,8,18509,58,31756,0,2935,41,10358,23,22815,41,33173,California
Sutter,2021-04-19,269,53469,109,18618,160,31916,0,2935,115,10321,152,22967,115,33288,California
Sutter,2021-04-20,176,53645,35,18653,141,32057,0,2935,85,10315,91,23058,85,33373,California
Tehama,2020-12-15,1,1,1,1,0,0,0,0,1,1,0,0,1,1,California
Tehama,2020-12-16,2,3,2,3,0,0,0,0,2,3,0,0,2,3,California
Tehama,2020-12-17,12,15,12,15,0,0,0,0,12,15,0,0,12,15,California
Tehama,2020-12-18,2,17,2,17,0,0,0,0,3,18,0,0,3,18,California
Tehama,2020-12-21,33,50,33,50,0,0,0,0,33,51,0,0,33,51,California
Tehama,2020-12-22,68,118,62,112,6,6,0,0,68,119,0,0,68,119,California
Tehama,2020-12-23,48,166,40,152,8,14,0,0,48,167,0,0,48,167,California
Tehama,2020-12-24,5,171,3,155,2,16,0,0,5,172,0,0,5,172,California
Tehama,2020-12-26,3,174,2,157,1,17,0,0,3,175,0,0,3,175,California
Tehama,2020-12-27,2,176,2,159,0,17,0,0,2,177,0,0,2,177,California
Tehama,2020-12-28,56,232,43,202,13,30,0,0,56,233,0,0,56,233,California
Tehama,2020-12-29,31,263,31,233,0,30,0,0,31,264,0,0,31,264,California
Tehama,2020-12-30,54,317,38,271,16,46,0,0,53,317,0,0,53,317,California
Tehama,2020-12-31,14,331,4,275,10,56,0,0,14,331,0,0,14,331,California
Tehama,2021-01-01,2,333,0,275,2,58,0,0,2,333,0,0,2,333,California
Tehama,2021-01-04,31,364,8,283,23,81,0,0,31,364,0,0,31,364,California
Tehama,2021-01-05,71,435,44,327,27,108,0,0,68,429,3,3,68,432,California
Tehama,2021-01-06,71,506,21,348,50,158,0,0,62,483,8,11,62,494,California
Tehama,2021-01-07,56,562,7,355,49,207,0,0,55,537,1,12,55,549,California
Tehama,2021-01-08,30,592,24,379,6,213,0,0,25,557,5,17,25,574,California
Tehama,2021-01-09,7,599,5,384,2,215,0,0,5,560,2,19,5,579,California
Tehama,2021-01-10,1,600,0,384,1,216,0,0,1,561,0,19,1,580,California
Tehama,2021-01-11,47,647,46,430,1,217,0,0,14,542,33,52,14,594,California
Tehama,2021-01-12,116,763,96,526,20,237,0,0,71,568,45,97,71,665,California
Tehama,2021-01-13,72,835,55,581,17,254,0,0,26,548,46,143,26,691,California
Tehama,2021-01-14,224,1059,50,631,174,428,0,0,222,768,2,145,222,913,California
Tehama,2021-01-15,246,1305,74,705,172,600,0,0,242,1006,4,149,242,1155,California
Tehama,2021-01-16,272,1577,27,732,245,845,0,0,269,1272,3,152,269,1424,California
Tehama,2021-01-17,13,1590,9,741,4,849,0,0,11,1281,2,154,11,1435,California
Tehama,2021-01-18,10,1600,6,747,4,853,0,0,5,1281,5,159,5,1440,California
Tehama,2021-01-19,288,1888,62,809,226,1079,0,0,233,1459,55,214,233,1673,California
Tehama,2021-01-20,301,2189,87,896,214,1293,0,0,251,1661,49,263,251,1924,California
Tehama,2021-01-21,214,2403,11,907,203,1496,0,0,204,1855,10,273,204,2128,California
Tehama,2021-01-22,214,2617,12,919,202,1698,0,0,211,2063,3,276,211,2339,California
Tehama,2021-01-23,261,2878,10,929,251,1949,0,0,260,2322,1,277,260,2599,California
Tehama,2021-01-25,30,2908,13,942,17,1966,0,0,13,2318,17,294,13,2612,California
Tehama,2021-01-26,326,3234,43,985,283,2249,0,0,288,2568,38,332,288,2900,California
Tehama,2021-01-27,299,3533,21,1006,278,2527,0,0,279,2827,20,352,279,3179,California
Tehama,2021-01-28,340,3873,29,1035,311,2838,0,0,325,3137,15,367,325,3504,California
Tehama,2021-01-29,321,4194,19,1054,302,3140,0,0,304,3424,17,384,304,3808,California
Tehama,2021-01-30,102,4296,2,1056,100,3240,0,0,101,3524,1,385,101,3909,California
Tehama,2021-01-31,1,4297,0,1056,1,3241,0,0,1,3525,0,385,1,3910,California
Tehama,2021-02-01,77,4374,22,1078,55,3296,0,0,36,3520,41,426,36,3946,California
Tehama,2021-02-02,343,4717,63,1141,280,3576,0,0,246,3672,94,520,246,4192,California
Tehama,2021-02-03,376,5093,12,1153,364,3940,0,0,332,3960,44,564,332,4524,California
Tehama,2021-02-04,464,5557,99,1252,365,4305,0,0,385,4267,79,643,386,4910,California
Tehama,2021-02-05,162,5719,73,1325,89,4394,0,0,103,4311,59,702,103,5013,California
Tehama,2021-02-06,28,5747,13,1338,15,4409,0,0,16,4315,12,714,16,5029,California
Tehama,2021-02-07,5,5752,4,1342,1,4410,0,0,2,4314,3,717,2,5031,California
Tehama,2021-02-08,35,5787,14,1356,21,4431,0,0,27,4333,8,725,27,5058,California
Tehama,2021-02-09,76,5863,33,1389,43,4474,0,0,42,4341,34,759,42,5100,California
Tehama,2021-02-10,233,6096,62,1451,171,4645,0,0,158,4424,75,834,158,5258,California
Tehama,2021-02-11,219,6315,16,1467,203,4848,0,0,80,4367,137,971,80,5338,California
Tehama,2021-02-12,355,6670,57,1524,298,5146,0,0,174,4360,181,1152,174,5512,California
Tehama,2021-02-13,386,7056,13,1537,373,5519,0,0,147,4268,239,1391,147,5659,California
Tehama,2021-02-14,33,7089,0,1537,33,5552,0,0,32,4299,1,1392,32,5691,California
Tehama,2021-02-15,51,7140,9,1546,42,5594,0,0,45,4338,6,1398,45,5736,California
Tehama,2021-02-16,240,7380,16,1562,224,5818,0,0,58,4214,182,1580,58,5794,California
Tehama,2021-02-17,279,7659,11,1573,268,6086,0,0,53,4041,226,1806,53,5847,California
Tehama,2021-02-18,368,8027,32,1605,336,6422,0,0,144,3961,224,2030,144,5991,California
Tehama,2021-02-19,213,8240,18,1623,195,6617,0,0,42,3832,171,2201,42,6033,California
Tehama,2021-02-20,271,8511,6,1629,265,6882,0,0,26,3613,245,2446,26,6059,California
Tehama,2021-02-22,36,8547,13,1642,23,6905,0,0,24,3625,12,2458,24,6083,California
Tehama,2021-02-23,46,8593,19,1661,27,6932,0,0,26,3631,20,2478,26,6109,California
Tehama,2021-02-24,299,8892,12,1673,287,7219,0,0,26,3384,273,2751,26,6135,California
Tehama,2021-02-25,377,9269,61,1734,316,7535,0,0,37,3081,340,3091,37,6172,California
Tehama,2021-02-26,454,9723,19,1753,435,7970,0,0,70,2767,384,3475,70,6242,California
Tehama,2021-02-27,294,10017,5,1758,289,8259,0,0,34,2541,260,3735,34,6276,California
Tehama,2021-02-28,23,10040,2,1760,21,8280,0,0,20,2558,3,3738,20,6296,California
Tehama,2021-03-01,63,10103,8,1768,55,8335,0,0,29,2553,34,3772,29,6325,California
Tehama,2021-03-02,123,10226,17,1785,106,8441,0,0,29,2488,94,3866,29,6354,California
Tehama,2021-03-03,132,10358,33,1818,99,8540,0,0,48,2452,84,3950,48,6402,California
Tehama,2021-03-04,589,10947,22,1840,567,9107,0,0,218,2305,365,4315,218,6620,California
Tehama,2021-03-05,384,11331,18,1858,366,9473,0,0,214,2350,169,4484,214,6834,California
Tehama,2021-03-06,295,11626,17,1875,278,9751,0,0,80,2217,214,4698,81,6915,California
Tehama,2021-03-07,5,11631,1,1876,4,9755,0,0,3,2219,1,4699,3,6918,California
Tehama,2021-03-08,57,11688,12,1888,30,9785,15,15,26,2230,30,4729,41,6959,California
Tehama,2021-03-09,360,12048,5,1893,336,10121,19,34,305,2499,55,4784,324,7283,California
Tehama,2021-03-10,349,12397,11,1904,317,10438,21,55,68,2308,280,5064,89,7372,California
Tehama,2021-03-11,481,12878,14,1918,421,10859,46,101,339,2551,142,5206,385,7757,California
Tehama,2021-03-12,300,13178,17,1935,218,11077,65,166,176,2668,124,5330,241,7998,California
Tehama,2021-03-13,45,13223,8,1943,31,11108,6,172,6,2641,39,5369,12,8010,California
Tehama,2021-03-14,43,13266,3,1946,29,11137,11,183,2,2613,41,5410,13,8023,California
Tehama,2021-03-15,154,13420,21,1967,113,11250,20,203,87,2653,67,5477,107,8130,California
Tehama,2021-03-16,408,13828,14,1981,356,11606,38,241,309,2902,98,5575,347,8477,California
Tehama,2021-03-17,422,14250,22,2003,368,11974,32,273,337,3188,83,5658,369,8846,California
Tehama,2021-03-18,485,14735,25,2028,436,12410,24,297,307,3343,176,5834,331,9177,California
Tehama,2021-03-19,315,15050,23,2051,279,12689,13,310,273,3587,42,5876,286,9463,California
Tehama,2021-03-20,41,15091,8,2059,31,12720,2,312,29,3606,12,5888,31,9494,California
Tehama,2021-03-21,12,15103,5,2064,7,12727,0,312,12,3618,0,5888,12,9506,California
Tehama,2021-03-22,90,15193,7,2071,66,12793,17,329,49,3643,41,5929,66,9572,California
Tehama,2021-03-23,85,15278,24,2095,54,12847,7,336,66,3697,19,5948,73,9645,California
Tehama,2021-03-24,83,15361,15,2110,65,12912,3,339,53,3723,30,5978,56,9701,California
Tehama,2021-03-25,505,15866,345,2455,147,13059,13,352,459,4149,46,6024,472,10173,California
Tehama,2021-03-26,463,16329,355,2810,96,13155,12,364,388,4474,75,6099,400,10573,California
Tehama,2021-03-27,436,16765,347,3157,68,13223,21,385,373,4806,62,6161,394,10967,California
Tehama,2021-03-28,34,16799,13,3170,21,13244,0,385,22,4816,12,6173,22,10989,California
Tehama,2021-03-29,119,16918,30,3200,89,13333,0,385,74,4846,44,6217,74,11063,California
Tehama,2021-03-30,361,17279,212,3412,147,13480,2,387,247,4981,114,6331,249,11312,California
Tehama,2021-03-31,377,17656,276,3688,98,13578,3,390,303,5214,73,6404,306,11618,California
Tehama,2021-04-01,517,18173,242,3930,269,13847,6,396,386,5475,131,6535,392,12010,California
Tehama,2021-04-02,442,18615,204,4134,232,14079,6,402,257,5553,185,6720,263,12273,California
Tehama,2021-04-03,61,18676,3,4137,53,14132,5,407,30,5557,31,6751,35,12308,California
Tehama,2021-04-04,34,18710,6,4143,27,14159,1,408,22,5568,12,6763,23,12331,California
Tehama,2021-04-05,114,18824,20,4163,68,14227,26,434,59,5598,55,6818,85,12416,California
Tehama,2021-04-06,480,19304,105,4268,324,14551,51,485,133,5435,347,7165,184,12600,California
Tehama,2021-04-07,417,19721,279,4547,94,14645,44,529,304,5671,111,7276,347,12947,California
Tehama,2021-04-08,596,20317,172,4719,386,15031,38,567,228,5570,367,7643,266,13213,California
Tehama,2021-04-09,407,20724,179,4898,197,15228,31,598,197,5590,208,7851,228,13441,California
Tehama,2021-04-10,73,20797,9,4907,37,15265,27,625,39,5622,34,7885,66,13507,California
Tehama,2021-04-11,25,20822,7,4914,7,15272,11,636,8,5624,17,7902,19,13526,California
Tehama,2021-04-12,101,20923,5,4919,79,15351,17,653,41,5622,60,7962,58,13584,California
Tehama,2021-04-13,289,21212,53,4972,235,15586,1,654,57,5448,232,8194,58,13642,California
Tehama,2021-04-14,461,21673,49,5021,412,15998,0,654,50,5087,411,8605,50,13692,California
Tehama,2021-04-15,487,22160,187,5208,300,16298,0,654,84,4770,403,9008,86,13778,California
Tehama,2021-04-16,563,22723,314,5522,249,16547,0,654,94,4395,469,9477,94,13872,California
Tehama,2021-04-17,349,23072,268,5790,81,16628,0,654,55,4157,293,9770,55,13927,California
Tehama,2021-04-18,18,23090,3,5793,15,16643,0,654,14,4167,4,9774,14,13941,California
Tehama,2021-04-19,93,23183,4,5797,89,16732,0,654,41,4156,52,9826,41,13982,California
Tehama,2021-04-20,397,23580,352,6149,45,16777,0,654,125,4014,271,10097,129,14111,California
Trinity,2020-12-17,4,4,4,4,0,0,0,0,4,4,0,0,4,4,California
Trinity,2020-12-18,2,6,2,6,0,0,0,0,2,6,0,0,2,6,California
Trinity,2020-12-21,38,44,38,44,0,0,0,0,38,44,0,0,38,44,California
Trinity,2020-12-22,5,49,5,49,0,0,0,0,5,49,0,0,5,49,California
Trinity,2020-12-23,5,54,5,54,0,0,0,0,5,54,0,0,5,54,California
Trinity,2020-12-28,30,84,30,84,0,0,0,0,30,84,0,0,30,84,California
Trinity,2020-12-29,8,92,7,91,1,1,0,0,8,92,0,0,8,92,California
Trinity,2020-12-30,10,102,8,99,2,3,0,0,10,102,0,0,10,102,California
Trinity,2020-12-31,2,104,1,100,1,4,0,0,2,104,0,0,2,104,California
Trinity,2021-01-04,27,131,0,100,27,31,0,0,26,130,0,0,26,130,California
Trinity,2021-01-05,2,133,1,101,1,32,0,0,2,132,0,0,2,132,California
Trinity,2021-01-06,23,156,4,105,19,51,0,0,19,147,4,4,19,151,California
Trinity,2021-01-08,49,205,2,107,47,98,0,0,48,193,2,6,48,199,California
Trinity,2021-01-11,39,244,38,145,1,99,0,0,2,158,37,43,2,201,California
Trinity,2021-01-12,9,253,7,152,2,101,0,0,4,157,5,48,4,205,California
Trinity,2021-01-13,7,260,4,156,3,104,0,0,4,158,3,51,4,209,California
Trinity,2021-01-14,3,263,1,157,2,106,0,0,3,161,0,51,3,212,California
Trinity,2021-01-16,4,267,0,157,4,110,0,0,4,165,0,51,4,216,California
Trinity,2021-01-18,31,298,31,188,0,110,0,0,1,136,30,81,1,217,California
Trinity,2021-01-19,95,393,14,202,81,191,0,0,81,203,14,95,81,298,California
Trinity,2021-01-20,19,412,3,205,16,207,0,0,17,218,2,97,17,315,California
Trinity,2021-01-21,17,429,7,212,10,217,0,0,17,235,0,97,17,332,California
Trinity,2021-01-22,5,434,1,213,4,221,0,0,5,240,0,97,5,337,California
Trinity,2021-01-23,7,441,3,216,4,225,0,0,7,247,0,97,7,344,California
Trinity,2021-01-25,14,455,1,217,13,238,0,0,13,259,1,98,13,357,California
Trinity,2021-01-26,10,465,1,218,9,247,0,0,9,267,1,99,9,366,California
Trinity,2021-01-27,12,477,0,218,12,259,0,0,12,279,0,99,12,378,California
Trinity,2021-01-28,13,490,3,221,10,269,0,0,10,286,3,102,10,388,California
Trinity,2021-01-29,3,493,1,222,2,271,0,0,2,287,1,103,2,390,California
Trinity,2021-01-30,12,505,11,233,1,272,0,0,12,299,0,103,12,402,California
Trinity,2021-02-01,2,507,1,234,1,273,0,0,1,299,1,104,1,403,California
Trinity,2021-02-02,13,520,3,237,10,283,0,0,13,312,0,104,13,416,California
Trinity,2021-02-03,6,526,1,238,5,288,0,0,3,312,3,107,3,419,California
Trinity,2021-02-04,36,562,32,270,4,292,0,0,34,344,2,109,34,453,California
Trinity,2021-02-05,348,910,0,270,348,640,0,0,318,632,30,139,318,771,California
Trinity,2021-02-06,209,1119,5,275,204,844,0,0,202,827,7,146,202,973,California
Trinity,2021-02-07,1,1120,0,275,1,845,0,0,1,828,0,146,1,974,California
Trinity,2021-02-08,23,1143,0,275,23,868,0,0,15,835,8,154,15,989,California
Trinity,2021-02-09,21,1164,2,277,19,887,0,0,6,826,15,169,6,995,California
Trinity,2021-02-10,123,1287,10,287,113,1000,0,0,103,909,20,189,103,1098,California
Trinity,2021-02-11,335,1622,2,289,333,1333,0,0,329,1232,6,195,329,1427,California
Trinity,2021-02-12,9,1631,6,295,3,1336,0,0,9,1241,0,195,9,1436,California
Trinity,2021-02-13,12,1643,5,300,7,1343,0,0,5,1239,7,202,5,1441,California
Trinity,2021-02-14,2,1645,2,302,0,1343,0,0,2,1241,0,202,2,1443,California
Trinity,2021-02-15,46,1691,0,302,46,1389,0,0,46,1287,0,202,46,1489,California
Trinity,2021-02-16,7,1698,2,304,5,1394,0,0,4,1288,3,205,4,1493,California
Trinity,2021-02-17,94,1792,2,306,92,1486,0,0,84,1362,10,215,84,1577,California
Trinity,2021-02-18,4,1796,0,306,4,1490,0,0,1,1360,3,218,1,1578,California
Trinity,2021-02-19,210,2006,2,308,208,1698,0,0,197,1544,13,231,197,1775,California
Trinity,2021-02-20,141,2147,14,322,127,1825,0,0,113,1629,28,259,113,1888,California
Trinity,2021-02-22,3,2150,0,322,3,1828,0,0,0,1626,3,262,0,1888,California
Trinity,2021-02-23,8,2158,4,326,4,1832,0,0,3,1624,5,267,3,1891,California
Trinity,2021-02-24,30,2188,8,334,22,1854,0,0,7,1608,23,290,7,1898,California
Trinity,2021-02-25,36,2224,23,357,13,1867,0,0,5,1582,31,321,5,1903,California
Trinity,2021-02-26,11,2235,1,358,10,1877,0,0,5,1581,6,327,5,1908,California
Trinity,2021-02-27,9,2244,7,365,2,1879,0,0,4,1580,5,332,4,1912,California
Trinity,2021-03-01,8,2252,0,365,8,1887,0,0,5,1582,3,335,5,1917,California
Trinity,2021-03-02,8,2260,3,368,5,1892,0,0,1,1576,7,342,1,1918,California
Trinity,2021-03-03,5,2265,0,368,5,1897,0,0,4,1579,1,343,4,1922,California
Trinity,2021-03-04,15,2280,10,378,5,1902,0,0,13,1590,2,345,13,1935,California
Trinity,2021-03-05,298,2578,1,379,297,2199,0,0,35,1366,259,604,35,1970,California
Trinity,2021-03-06,195,2773,6,385,189,2388,0,0,25,1221,170,774,25,1995,California
Trinity,2021-03-07,3,2776,3,388,0,2388,0,0,2,1222,1,775,2,1997,California
Trinity,2021-03-08,3,2779,0,388,2,2390,1,1,1,1222,2,777,2,1999,California
Trinity,2021-03-09,93,2872,0,388,91,2481,2,3,89,1309,4,781,91,2090,California
Trinity,2021-03-10,127,2999,3,391,121,2602,3,6,38,1261,89,870,41,2131,California
Trinity,2021-03-11,7,3006,3,394,2,2604,2,8,3,1262,4,874,5,2136,California
Trinity,2021-03-12,336,3342,2,396,328,2932,6,14,45,1022,291,1165,51,2187,California
Trinity,2021-03-13,13,3355,8,404,3,2935,2,16,8,1027,5,1170,10,2197,California
Trinity,2021-03-15,66,3421,0,404,65,3000,1,17,14,990,52,1222,15,2212,California
Trinity,2021-03-16,114,3535,6,410,108,3108,0,17,100,1076,14,1236,100,2312,California
Trinity,2021-03-17,100,3635,3,413,97,3205,0,17,26,1028,74,1310,26,2338,California
Trinity,2021-03-18,10,3645,2,415,5,3210,3,20,5,1031,5,1315,8,2346,California
Trinity,2021-03-19,367,4012,5,420,252,3462,110,130,33,840,334,1649,143,2489,California
Trinity,2021-03-20,103,4115,7,427,96,3558,0,130,68,873,35,1684,68,2557,California
Trinity,2021-03-21,3,4118,0,427,2,3560,1,131,2,875,1,1685,3,2560,California
Trinity,2021-03-22,2,4120,0,427,2,3562,0,131,2,877,0,1685,2,2562,California
Trinity,2021-03-23,96,4216,1,428,95,3657,0,131,79,939,17,1702,79,2641,California
Trinity,2021-03-24,9,4225,1,429,8,3665,0,131,9,948,0,1702,9,2650,California
Trinity,2021-03-25,105,4330,6,435,93,3758,6,137,82,1013,23,1725,88,2738,California
Trinity,2021-03-26,15,4345,2,437,13,3771,0,137,9,1016,6,1731,9,2747,California
Trinity,2021-03-27,15,4360,3,440,3,3774,9,146,5,1020,10,1741,14,2761,California
Trinity,2021-03-28,6,4366,4,444,2,3776,0,146,1,1016,5,1746,1,2762,California
Trinity,2021-03-29,4,4370,0,444,4,3780,0,146,1,1014,3,1749,1,2763,California
Trinity,2021-03-30,75,4445,4,448,71,3851,0,146,67,1073,8,1757,67,2830,California
Trinity,2021-03-31,56,4501,5,453,19,3870,32,178,21,1090,35,1792,52,2882,California
Trinity,2021-04-01,38,4539,11,464,16,3886,11,189,19,1101,19,1811,30,2912,California
Trinity,2021-04-02,163,4702,6,470,83,3969,74,263,69,1151,93,1904,143,3055,California
Trinity,2021-04-03,19,4721,14,484,5,3974,0,263,9,1150,10,1914,9,3064,California
Trinity,2021-04-04,10,4731,8,492,2,3976,0,263,10,1160,0,1914,10,3074,California
Trinity,2021-04-05,58,4789,6,498,51,4027,1,264,54,1211,4,1918,55,3129,California
Trinity,2021-04-06,109,4898,12,510,94,4121,3,267,22,1149,87,2005,25,3154,California
Trinity,2021-04-07,21,4919,12,522,4,4125,5,272,14,1161,7,2012,19,3173,California
Trinity,2021-04-08,86,5005,10,532,74,4199,2,274,50,1177,36,2048,52,3225,California
Trinity,2021-04-09,117,5122,20,552,92,4291,5,279,84,1233,33,2081,89,3314,California
Trinity,2021-04-10,11,5133,7,559,4,4295,0,279,10,1242,1,2082,10,3324,California
Trinity,2021-04-11,8,5141,5,564,1,4296,2,281,4,1244,4,2086,6,3330,California
Trinity,2021-04-12,77,5218,5,569,71,4367,1,282,64,1296,12,2098,64,3394,California
Trinity,2021-04-13,96,5314,4,573,92,4459,0,282,10,1220,86,2184,10,3404,California
Trinity,2021-04-14,12,5326,7,580,5,4464,0,282,8,1224,4,2188,8,3412,California
Trinity,2021-04-15,43,5369,13,593,30,4494,0,282,16,1213,27,2215,16,3428,California
Trinity,2021-04-16,105,5474,9,602,96,4590,0,282,42,1192,63,2278,42,3470,California
Trinity,2021-04-17,11,5485,5,607,6,4596,0,282,9,1199,2,2280,9,3479,California
Trinity,2021-04-18,2,5487,2,609,0,4596,0,282,0,1198,1,2281,0,3479,California
Trinity,2021-04-19,5,5492,2,611,3,4599,0,282,4,1201,1,2282,4,3483,California
Trinity,2021-04-20,7,5499,4,615,3,4602,0,282,5,1204,2,2284,5,3488,California
Tulare,2020-12-16,3,3,3,3,0,0,0,0,3,3,0,0,3,3,California
Tulare,2020-12-17,110,113,110,113,0,0,0,0,110,113,0,0,110,113,California
Tulare,2020-12-18,290,403,290,403,0,0,0,0,290,403,0,0,290,403,California
Tulare,2020-12-19,327,730,327,730,0,0,0,0,327,730,0,0,327,730,California
Tulare,2020-12-20,167,897,166,896,1,1,0,0,167,897,0,0,167,897,California
Tulare,2020-12-21,422,1319,422,1318,0,1,0,0,442,1339,0,0,442,1339,California
Tulare,2020-12-22,469,1788,467,1785,2,3,0,0,468,1807,0,0,468,1807,California
Tulare,2020-12-23,328,2116,320,2105,8,11,0,0,326,2133,0,0,326,2133,California
Tulare,2020-12-24,18,2134,16,2121,2,13,0,0,18,2151,0,0,18,2151,California
Tulare,2020-12-26,8,2142,7,2128,1,14,0,0,8,2159,0,0,8,2159,California
Tulare,2020-12-27,16,2158,12,2140,4,18,0,0,16,2175,0,0,16,2175,California
Tulare,2020-12-28,483,2641,471,2611,12,30,0,0,482,2657,0,0,482,2657,California
Tulare,2020-12-29,545,3186,478,3089,67,97,0,0,545,3202,0,0,545,3202,California
Tulare,2020-12-30,473,3659,434,3523,39,136,0,0,473,3675,0,0,473,3675,California
Tulare,2020-12-31,94,3753,22,3545,72,208,0,0,94,3769,0,0,94,3769,California
Tulare,2021-01-01,1,3754,0,3545,1,209,0,0,1,3770,0,0,1,3770,California
Tulare,2021-01-02,28,3782,17,3562,11,220,0,0,28,3798,0,0,28,3798,California
Tulare,2021-01-03,23,3805,9,3571,14,234,0,0,23,3821,0,0,23,3821,California
Tulare,2021-01-04,91,3896,16,3587,75,309,0,0,91,3912,0,0,91,3912,California
Tulare,2021-01-05,460,4356,278,3865,182,491,0,0,458,4368,2,2,458,4370,California
Tulare,2021-01-06,866,5222,637,4502,229,720,0,0,856,5214,10,12,856,5226,California
Tulare,2021-01-07,784,6006,586,5088,198,918,0,0,678,5786,106,118,678,5904,California
Tulare,2021-01-08,1262,7268,574,5662,688,1606,0,0,924,6373,337,455,924,6828,California
Tulare,2021-01-09,741,8009,203,5865,538,2144,0,0,554,6740,187,642,554,7382,California
Tulare,2021-01-10,49,8058,43,5908,6,2150,0,0,10,6711,39,681,10,7392,California
Tulare,2021-01-11,1204,9262,767,6675,437,2587,0,0,768,7043,436,1117,768,8160,California
Tulare,2021-01-12,1400,10662,487,7162,913,3500,0,0,993,7631,406,1523,994,9154,California
Tulare,2021-01-13,457,11119,228,7390,229,3729,0,0,382,7938,75,1598,382,9536,California
Tulare,2021-01-14,492,11611,141,7531,351,4080,0,0,466,8389,15,1613,466,10002,California
Tulare,2021-01-15,1618,13229,151,7682,1467,5547,0,0,1609,9989,9,1622,1609,11611,California
Tulare,2021-01-16,1899,15128,114,7796,1785,7332,0,0,1885,11860,14,1636,1885,13496,California
Tulare,2021-01-17,140,15268,121,7917,19,7351,0,0,130,11980,10,1646,130,13626,California
Tulare,2021-01-18,694,15962,661,8578,33,7384,0,0,294,11874,400,2046,294,13920,California
Tulare,2021-01-19,1006,16968,683,9261,323,7707,0,0,578,12024,428,2474,578,14498,California
Tulare,2021-01-20,2376,19344,563,9824,1813,9520,0,0,1991,13630,385,2859,1991,16489,California
Tulare,2021-01-21,1505,20849,150,9974,1355,10875,0,0,1479,15088,21,2880,1479,17968,California
Tulare,2021-01-22,1055,21904,186,10160,869,11744,0,0,1031,16096,23,2903,1031,18999,California
Tulare,2021-01-23,438,22342,156,10316,282,12026,0,0,417,16492,21,2924,417,19416,California
Tulare,2021-01-24,30,22372,27,10343,3,12029,0,0,28,16518,2,2926,28,19444,California
Tulare,2021-01-25,1325,23697,980,11323,345,12374,0,0,1296,17785,29,2955,1296,20740,California
Tulare,2021-01-26,1497,25194,1099,12422,398,12772,0,0,1174,18637,322,3277,1174,21914,California
Tulare,2021-01-27,1455,26649,1070,13492,385,13157,0,0,877,18936,578,3855,877,22791,California
Tulare,2021-01-28,1203,27852,771,14263,432,13589,0,0,804,19344,399,4254,807,23598,California
Tulare,2021-01-29,1128,28980,719,14982,409,13998,0,0,818,19852,310,4564,818,24416,California
Tulare,2021-01-30,1671,30651,1578,16560,93,14091,0,0,1647,21476,24,4588,1648,26064,California
Tulare,2021-01-31,51,30702,47,16607,4,14095,0,0,48,21521,3,4591,48,26112,California
Tulare,2021-02-01,1180,31882,915,17522,265,14360,0,0,831,22004,348,4939,831,26943,California
Tulare,2021-02-02,675,32557,328,17850,347,14707,0,0,444,22220,229,5168,445,27388,California
Tulare,2021-02-03,611,33168,285,18135,326,15033,0,0,335,22281,274,5442,335,27723,California
Tulare,2021-02-04,551,33719,164,18299,387,15420,0,0,266,22263,285,5727,267,27990,California
Tulare,2021-02-05,1229,34948,232,18531,997,16417,0,0,417,21870,810,6537,417,28407,California
Tulare,2021-02-06,835,35783,158,18689,677,17094,0,0,269,21575,564,7101,269,28676,California
Tulare,2021-02-07,78,35861,66,18755,12,17106,0,0,23,21543,55,7156,23,28699,California
Tulare,2021-02-08,941,36802,327,19082,614,17720,0,0,300,21205,638,7794,300,28999,California
Tulare,2021-02-09,1403,38205,326,19408,1077,18797,0,0,360,20527,1038,8832,360,29359,California
Tulare,2021-02-10,2470,40675,1987,21395,483,19280,0,0,2070,22200,397,9229,2070,31429,California
Tulare,2021-02-11,1322,41997,376,21771,946,20226,0,0,938,22754,384,9613,938,32367,California
Tulare,2021-02-12,2778,44775,577,22348,2201,22427,0,0,1217,22417,1554,11167,1217,33584,California
Tulare,2021-02-13,2479,47254,157,22505,2322,24749,0,0,668,21277,1808,12975,668,34252,California
Tulare,2021-02-14,332,47586,36,22541,296,25045,0,0,299,21543,33,13008,299,34551,California
Tulare,2021-02-15,915,48501,291,22832,624,25669,0,0,658,21945,256,13264,658,35209,California
Tulare,2021-02-16,2832,51333,1596,24428,1236,26905,0,0,1080,21273,1752,15016,1080,36289,California
Tulare,2021-02-17,2698,54031,509,24937,2189,29094,0,0,463,19506,2230,17246,463,36752,California
Tulare,2021-02-18,2299,56330,456,25393,1843,30937,0,0,639,18493,1652,18898,639,37391,California
Tulare,2021-02-19,2294,58624,854,26247,1440,32377,0,0,943,18087,1349,20247,943,38334,California
Tulare,2021-02-20,2990,61614,1892,28139,1098,33475,0,0,1269,17640,1716,21963,1269,39603,California
Tulare,2021-02-21,95,61709,91,28230,4,33479,0,0,60,17665,35,21998,60,39663,California
Tulare,2021-02-22,1105,62814,701,28931,404,33883,0,0,212,16985,892,22890,212,39875,California
Tulare,2021-02-23,1944,64758,939,29870,1005,34888,0,0,1455,17952,488,23378,1455,41330,California
Tulare,2021-02-24,2471,67229,1547,31417,924,35812,0,0,2093,19669,377,23755,2094,43424,California
Tulare,2021-02-25,3485,70714,1948,33365,1537,37349,0,0,3069,22326,412,24167,3069,46493,California
Tulare,2021-02-26,3834,74548,1878,35243,1956,39305,0,0,3374,25242,458,24625,3374,49867,California
Tulare,2021-02-27,2893,77441,1386,36629,1507,40812,0,0,2762,27884,120,24745,2762,52629,California
Tulare,2021-02-28,1306,78747,1034,37663,272,41084,0,0,1286,29153,17,24762,1286,53915,California
Tulare,2021-03-01,1737,80484,772,38435,965,42049,0,0,1553,30524,182,24944,1553,55468,California
Tulare,2021-03-02,2675,83159,1188,39623,1487,43536,0,0,2511,32874,162,25106,2512,57980,California
Tulare,2021-03-03,3808,86967,2492,42115,1316,44852,0,0,1860,32790,1946,27052,1862,59842,California
Tulare,2021-03-04,2858,89825,1289,43404,1569,46421,0,0,2545,35025,310,27362,2545,62387,California
Tulare,2021-03-05,3281,93106,1692,45096,1574,47995,15,15,2778,37320,500,27862,2795,65182,California
Tulare,2021-03-06,3058,96164,1432,46528,1567,49562,59,74,2810,39942,245,28107,2867,68049,California
Tulare,2021-03-07,1094,97258,683,47211,390,49952,21,95,1054,40977,40,28147,1075,69124,California
Tulare,2021-03-08,1664,98922,977,48188,519,50471,168,263,1351,42185,310,28457,1518,70642,California
Tulare,2021-03-09,3077,101999,2089,50277,841,51312,147,410,2683,44619,394,28851,2828,73470,California
Tulare,2021-03-10,2787,104786,1383,51660,1229,52541,175,585,2408,46829,371,29222,2581,76051,California
Tulare,2021-03-11,4133,108919,1962,53622,1870,54411,301,886,3197,49393,934,30156,3498,79549,California
Tulare,2021-03-12,4334,113253,2376,55998,1610,56021,348,1234,3066,51549,1260,31416,3416,82965,California
Tulare,2021-03-13,3999,117252,1844,57842,2050,58071,105,1339,3070,53801,923,32339,3175,86140,California
Tulare,2021-03-14,1800,119052,973,58815,608,58679,219,1558,1273,54766,526,32865,1491,87631,California
Tulare,2021-03-15,2698,121750,1581,60396,1002,59681,115,1673,1926,56038,770,33635,2042,89673,California
Tulare,2021-03-16,3409,125159,2107,62503,1225,60906,77,1750,1868,56448,1538,35173,1948,91621,California
Tulare,2021-03-17,3993,129152,2593,65096,1323,62229,77,1827,2254,57054,1732,36905,2338,93959,California
Tulare,2021-03-18,4495,133647,3281,68377,1143,63372,71,1898,2381,57400,2108,39013,2454,96413,California
Tulare,2021-03-19,5069,138716,3309,71686,1564,64936,196,2094,2730,58001,2327,41340,2928,99341,California
Tulare,2021-03-20,4299,143015,2641,74327,1286,66222,372,2466,1992,58068,2300,43640,2367,101708,California
Tulare,2021-03-21,1877,144892,1606,75933,245,66467,26,2492,959,58138,915,44555,985,102693,California
Tulare,2021-03-22,2470,147362,1696,77629,663,67130,111,2603,1651,59089,813,45368,1764,104457,California
Tulare,2021-03-23,3716,151078,2136,79765,1529,68659,51,2654,2076,59593,1629,46997,2133,106590,California
Tulare,2021-03-24,3098,154176,1909,81674,1147,69806,42,2696,1816,60175,1276,48273,1858,108448,California
Tulare,2021-03-25,3374,157550,1730,83404,1470,71276,174,2870,1650,60283,1718,49991,1826,110274,California
Tulare,2021-03-26,5075,162625,3001,86405,1965,73241,109,2979,2467,60271,2588,52579,2576,112850,California
Tulare,2021-03-27,3398,166023,1724,88129,1577,74818,97,3076,920,58816,2471,55050,1016,113866,California
Tulare,2021-03-28,1411,167434,1017,89146,363,75181,31,3107,653,58749,757,55807,690,114556,California
Tulare,2021-03-29,2840,170274,1621,90767,1107,76288,112,3219,1213,58453,1623,57430,1327,115883,California
Tulare,2021-03-30,4532,174806,2577,93344,1725,78013,230,3449,1521,57195,3005,60435,1747,117630,California
Tulare,2021-03-31,3707,178513,2165,95509,1432,79445,110,3559,1525,56658,2174,62609,1637,119267,California
Tulare,2021-04-01,4302,182815,2320,97829,1918,81363,64,3623,1506,55441,2788,65397,1571,120838,California
Tulare,2021-04-02,5146,187961,2916,100745,2112,83475,118,3741,1649,53729,3480,68877,1768,122606,California
Tulare,2021-04-03,3435,191396,2001,102746,1123,84598,311,4052,848,52338,2550,71427,1159,123765,California
Tulare,2021-04-04,1577,192973,1116,103862,454,85052,7,4059,378,51526,1197,72624,385,124150,California
Tulare,2021-04-05,3277,196250,2299,106161,716,85768,262,4321,853,50228,2414,75038,1116,125266,California
Tulare,2021-04-06,3292,199542,1466,107627,1343,87111,483,4804,936,49300,2351,77389,1423,126689,California
Tulare,2021-04-07,3727,203269,1801,109428,1512,88623,414,5218,1231,48448,2489,79878,1637,128326,California
Tulare,2021-04-08,4520,207789,2584,112012,1480,90103,456,5674,1531,47450,2982,82860,1984,130310,California
Tulare,2021-04-09,4312,212101,2658,114670,1242,91345,412,6086,1654,46866,2651,85511,2067,132377,California
Tulare,2021-04-10,3787,215888,2038,116708,1434,92779,315,6401,1030,45459,2750,88261,1343,133720,California
Tulare,2021-04-11,1575,217463,1034,117742,469,93248,72,6473,597,45153,975,89236,669,134389,California
Tulare,2021-04-12,3149,220612,1972,119714,659,93907,518,6991,1054,44647,2079,91315,1573,135962,California
Tulare,2021-04-13,2337,222949,1524,121238,803,94710,10,7001,901,44131,1429,92744,913,136875,California
Tulare,2021-04-14,2540,225489,1489,122727,1051,95761,0,7001,869,43331,1670,94414,870,137745,California
Tulare,2021-04-15,2686,228175,1827,124554,859,96620,0,7001,1266,43183,1414,95828,1266,139011,California
Tulare,2021-04-16,3392,231567,2185,126739,1207,97827,0,7001,1465,42732,1916,97744,1465,140476,California
Tulare,2021-04-17,1909,233476,1254,127993,655,98482,0,7001,1120,43067,786,98530,1121,141597,California
Tulare,2021-04-18,1501,234977,1168,129161,333,98815,0,7001,826,43222,672,99202,827,142424,California
Tulare,2021-04-19,2020,236997,1195,130356,823,99638,2,7003,876,42957,1143,100345,878,143302,California
Tulare,2021-04-20,1214,238211,586,130942,628,100266,0,7003,566,42879,646,100991,568,143870,California
Tuolumne,2020-12-16,46,46,46,46,0,0,0,0,46,46,0,0,46,46,California
Tuolumne,2020-12-17,22,68,22,68,0,0,0,0,22,68,0,0,22,68,California
Tuolumne,2020-12-18,174,242,173,241,1,1,0,0,174,242,0,0,174,242,California
Tuolumne,2020-12-19,7,249,7,248,0,1,0,0,7,249,0,0,7,249,California
Tuolumne,2020-12-20,1,250,1,249,0,1,0,0,1,250,0,0,1,250,California
Tuolumne,2020-12-21,116,366,102,351,14,15,0,0,116,366,0,0,116,366,California
Tuolumne,2020-12-22,169,535,169,520,0,15,0,0,169,535,0,0,169,535,California
Tuolumne,2020-12-23,193,728,191,711,2,17,0,0,193,728,0,0,193,728,California
Tuolumne,2020-12-26,3,731,3,714,0,17,0,0,3,731,0,0,3,731,California
Tuolumne,2020-12-28,78,809,77,791,1,18,0,0,78,809,0,0,78,809,California
Tuolumne,2020-12-29,111,920,40,831,71,89,0,0,111,920,0,0,111,920,California
Tuolumne,2020-12-30,82,1002,22,853,60,149,0,0,82,1002,0,0,82,1002,California
Tuolumne,2020-12-31,27,1029,20,873,7,156,0,0,27,1029,0,0,27,1029,California
Tuolumne,2021-01-01,6,1035,5,878,1,157,0,0,6,1035,0,0,6,1035,California
Tuolumne,2021-01-02,118,1153,115,993,3,160,0,0,118,1153,0,0,118,1153,California
Tuolumne,2021-01-03,3,1156,2,995,1,161,0,0,3,1156,0,0,3,1156,California
Tuolumne,2021-01-04,70,1226,27,1022,43,204,0,0,70,1226,0,0,70,1226,California
Tuolumne,2021-01-05,95,1321,26,1048,69,273,0,0,93,1317,2,2,93,1319,California
Tuolumne,2021-01-06,112,1433,52,1100,60,333,0,0,68,1341,44,46,68,1387,California
Tuolumne,2021-01-07,119,1552,61,1161,58,391,0,0,65,1352,54,100,65,1452,California
Tuolumne,2021-01-08,177,1729,153,1314,24,415,0,0,26,1230,150,250,28,1480,California
Tuolumne,2021-01-09,2,1731,1,1315,1,416,0,0,1,1231,1,251,2,1482,California
Tuolumne,2021-01-10,3,1734,1,1316,2,418,0,0,3,1234,0,251,3,1485,California
Tuolumne,2021-01-11,116,1850,90,1406,26,444,0,0,33,1184,83,334,33,1518,California
Tuolumne,2021-01-12,103,1953,87,1493,16,460,0,0,17,1116,86,420,18,1536,California
Tuolumne,2021-01-13,239,2192,129,1622,110,570,0,0,185,1248,54,474,186,1722,California
Tuolumne,2021-01-14,131,2323,91,1713,40,610,0,0,44,1206,86,560,44,1766,California
Tuolumne,2021-01-15,475,2798,73,1786,402,1012,0,0,412,1557,62,622,413,2179,California
Tuolumne,2021-01-16,7,2805,3,1789,4,1016,0,0,6,1562,1,623,6,2185,California
Tuolumne,2021-01-17,5,2810,2,1791,3,1019,0,0,5,1567,0,623,5,2190,California
Tuolumne,2021-01-18,47,2857,39,1830,8,1027,0,0,9,1539,37,660,9,2199,California
Tuolumne,2021-01-19,474,3331,72,1902,402,1429,0,0,430,1925,44,704,430,2629,California
Tuolumne,2021-01-20,77,3408,60,1962,17,1446,0,0,24,1896,53,757,24,2653,California
Tuolumne,2021-01-21,56,3464,22,1984,34,1480,0,0,41,1922,15,772,41,2694,California
Tuolumne,2021-01-22,181,3645,13,1997,168,1648,0,0,175,2091,6,778,175,2869,California
Tuolumne,2021-01-23,664,4309,146,2143,518,2166,0,0,551,2539,113,891,561,3430,California
Tuolumne,2021-01-24,523,4832,1,2144,522,2688,0,0,519,3056,3,894,520,3950,California
Tuolumne,2021-01-25,48,4880,27,2171,21,2709,0,0,22,3053,26,920,23,3973,California
Tuolumne,2021-01-26,80,4960,68,2239,12,2721,0,0,40,3054,40,960,41,4014,California
Tuolumne,2021-01-27,61,5021,4,2243,57,2778,0,0,7,3008,53,1013,7,4021,California
Tuolumne,2021-01-28,27,5048,7,2250,20,2798,0,0,18,3017,9,1022,18,4039,California
Tuolumne,2021-01-29,70,5118,6,2256,64,2862,0,0,32,3011,38,1060,32,4071,California
Tuolumne,2021-01-30,710,5828,552,2808,158,3020,0,0,689,3694,21,1081,704,4775,California
Tuolumne,2021-01-31,8,5836,2,2810,6,3026,0,0,5,3696,3,1084,5,4780,California
Tuolumne,2021-02-01,24,5860,6,2816,18,3044,0,0,21,3714,3,1087,21,4801,California
Tuolumne,2021-02-02,649,6509,36,2852,613,3657,0,0,639,4344,9,1096,639,5440,California
Tuolumne,2021-02-03,239,6748,108,2960,131,3788,0,0,85,4275,154,1250,85,5525,California
Tuolumne,2021-02-04,125,6873,13,2973,112,3900,0,0,64,4276,63,1313,64,5589,California
Tuolumne,2021-02-05,100,6973,12,2985,88,3988,0,0,36,4249,63,1376,36,5625,California
Tuolumne,2021-02-06,856,7829,584,3569,272,4260,0,0,853,5099,3,1379,853,6478,California
Tuolumne,2021-02-07,7,7836,4,3573,3,4263,0,0,3,5098,4,1383,3,6481,California
Tuolumne,2021-02-08,91,7927,40,3613,51,4314,0,0,67,5141,24,1407,67,6548,California
Tuolumne,2021-02-09,869,8796,52,3665,817,5131,0,0,831,5934,38,1445,831,7379,California
Tuolumne,2021-02-10,88,8884,14,3679,74,5205,0,0,26,5900,60,1505,26,7405,California
Tuolumne,2021-02-11,141,9025,65,3744,76,5281,0,0,75,5909,66,1571,75,7480,California
Tuolumne,2021-02-12,641,9666,15,3759,626,5907,0,0,202,5674,438,2009,203,7683,California
Tuolumne,2021-02-13,147,9813,42,3801,105,6012,0,0,116,5765,25,2034,116,7799,California
Tuolumne,2021-02-14,148,9961,12,3813,136,6148,0,0,147,5911,1,2035,147,7946,California
Tuolumne,2021-02-15,185,10146,10,3823,175,6323,0,0,176,6078,9,2044,176,8122,California
Tuolumne,2021-02-16,526,10672,17,3840,509,6832,0,0,123,5802,401,2445,125,8247,California
Tuolumne,2021-02-17,109,10781,63,3903,46,6878,0,0,63,5820,45,2490,63,8310,California
Tuolumne,2021-02-18,680,11461,24,3927,656,7534,0,0,632,6404,48,2538,632,8942,California
Tuolumne,2021-02-19,132,11593,21,3948,111,7645,0,0,43,6358,89,2627,43,8985,California
Tuolumne,2021-02-20,904,12497,341,4289,563,8208,0,0,386,6239,506,3133,387,9372,California
Tuolumne,2021-02-21,976,13473,35,4324,941,9149,0,0,474,6214,499,3632,474,9846,California
Tuolumne,2021-02-22,79,13552,57,4381,22,9171,0,0,48,6232,30,3662,48,9894,California
Tuolumne,2021-02-23,46,13598,23,4404,23,9194,0,0,25,6237,20,3682,25,9919,California
Tuolumne,2021-02-24,89,13687,58,4462,31,9225,0,0,42,6233,46,3728,42,9961,California
Tuolumne,2021-02-25,1054,14741,34,4496,1020,10245,0,0,1023,7225,31,3759,1023,10984,California
Tuolumne,2021-02-26,142,14883,9,4505,133,10378,0,0,121,7325,21,3780,121,11105,California
Tuolumne,2021-02-27,950,15833,575,5080,375,10753,0,0,249,6888,686,4466,249,11354,California
Tuolumne,2021-02-28,55,15888,4,5084,51,10804,0,0,52,6938,2,4468,52,11406,California
Tuolumne,2021-03-01,108,15996,20,5104,88,10892,0,0,74,6980,33,4501,75,11481,California
Tuolumne,2021-03-02,709,16705,74,5178,635,11527,0,0,107,6485,602,5103,107,11588,California
Tuolumne,2021-03-03,87,16792,19,5197,68,11595,0,0,64,6526,23,5126,64,11652,California
Tuolumne,2021-03-04,1172,17964,72,5269,1100,12695,0,0,1109,7572,63,5189,1109,12761,California
Tuolumne,2021-03-05,83,18047,9,5278,74,12769,0,0,48,7587,34,5223,49,12810,California
Tuolumne,2021-03-06,1054,19101,606,5884,446,13215,2,2,204,6944,849,6072,206,13016,California
Tuolumne,2021-03-07,41,19142,12,5896,15,13230,14,16,19,6955,22,6094,33,13049,California
Tuolumne,2021-03-08,212,19354,89,5985,116,13346,7,23,157,7063,56,6150,164,13213,California
Tuolumne,2021-03-09,866,20220,15,6000,840,14186,11,34,77,6365,787,6937,89,13302,California
Tuolumne,2021-03-10,85,20305,13,6013,61,14247,11,45,61,6413,24,6961,72,13374,California
Tuolumne,2021-03-11,1279,21584,30,6043,1244,15491,5,50,1256,7653,23,6984,1263,14637,California
Tuolumne,2021-03-12,308,21892,31,6074,262,15753,15,65,202,7769,104,7088,220,14857,California
Tuolumne,2021-03-13,111,22003,12,6086,99,15852,0,65,92,7843,19,7107,93,14950,California
Tuolumne,2021-03-14,142,22145,8,6094,125,15977,9,74,8,7731,134,7241,22,14972,California
Tuolumne,2021-03-15,309,22454,79,6173,228,16205,2,76,117,7665,192,7433,126,15098,California
Tuolumne,2021-03-16,825,23279,39,6212,775,16980,11,87,687,8226,138,7571,699,15797,California
Tuolumne,2021-03-17,163,23442,30,6242,118,17098,15,102,88,8254,74,7645,102,15899,California
Tuolumne,2021-03-18,963,24405,26,6268,922,18020,15,117,331,7969,632,8277,347,16246,California
Tuolumne,2021-03-19,142,24547,15,6283,94,18114,33,150,80,8021,60,8337,112,16358,California
Tuolumne,2021-03-20,90,24637,6,6289,74,18188,10,160,37,8015,52,8389,46,16404,California
Tuolumne,2021-03-21,836,25473,392,6681,435,18623,9,169,43,7276,791,9180,52,16456,California
Tuolumne,2021-03-22,172,25645,72,6753,81,18704,19,188,105,7333,67,9247,124,16580,California
Tuolumne,2021-03-23,722,26367,636,7389,72,18776,14,202,684,7993,37,9284,697,17277,California
Tuolumne,2021-03-24,119,26486,19,7408,82,18858,18,220,87,8067,31,9315,105,17382,California
Tuolumne,2021-03-25,1296,27782,20,7428,1273,20131,3,223,325,7425,970,10285,328,17710,California
Tuolumne,2021-03-26,286,28068,11,7439,252,20383,23,246,131,7443,136,10421,154,17864,California
Tuolumne,2021-03-27,580,28648,54,7493,526,20909,0,246,317,7498,263,10684,318,18182,California
Tuolumne,2021-03-28,50,28698,7,7500,43,20952,0,246,10,7471,38,10722,11,18193,California
Tuolumne,2021-03-29,215,28913,81,7581,134,21086,0,246,120,7498,93,10815,120,18313,California
Tuolumne,2021-03-30,168,29081,12,7593,155,21241,1,247,125,7582,42,10857,126,18439,California
Tuolumne,2021-03-31,96,29177,13,7606,81,21322,2,249,40,7571,55,10912,44,18483,California
Tuolumne,2021-04-01,1251,30428,26,7632,1225,22547,0,249,231,6784,1019,11931,232,18715,California
Tuolumne,2021-04-02,176,30604,11,7643,139,22686,26,275,104,6842,72,12003,130,18845,California
Tuolumne,2021-04-03,415,31019,32,7675,382,23068,1,276,231,6892,184,12187,234,19079,California
Tuolumne,2021-04-04,34,31053,2,7677,32,23100,0,276,21,6902,11,12198,21,19100,California
Tuolumne,2021-04-05,146,31199,20,7697,120,23220,6,282,64,6890,82,12280,70,19170,California
Tuolumne,2021-04-06,657,31856,511,8208,120,23340,26,308,522,7304,135,12415,549,19719,California
Tuolumne,2021-04-07,134,31990,36,8244,81,23421,17,325,50,7287,84,12499,67,19786,California
Tuolumne,2021-04-08,1440,33430,26,8270,1400,24821,14,339,252,6367,1186,13685,266,20052,California
Tuolumne,2021-04-09,289,33719,41,8311,204,25025,44,383,142,6410,144,13829,187,20239,California
Tuolumne,2021-04-10,57,33776,3,8314,31,25056,23,406,23,6423,33,13862,46,20285,California
Tuolumne,2021-04-11,17,33793,3,8317,11,25067,3,409,11,6431,6,13868,14,20299,California
Tuolumne,2021-04-12,175,33968,65,8382,104,25171,6,415,92,6452,77,13945,98,20397,California
Tuolumne,2021-04-13,804,34772,34,8416,770,25941,0,415,174,6003,623,14568,174,20571,California
Tuolumne,2021-04-14,152,34924,24,8440,128,26069,0,415,71,5997,78,14646,72,20643,California
Tuolumne,2021-04-15,344,35268,21,8461,323,26392,0,415,66,5789,274,14920,66,20709,California
Tuolumne,2021-04-16,220,35488,46,8507,174,26566,0,415,127,5830,87,15007,128,20837,California
Tuolumne,2021-04-17,45,35533,7,8514,38,26604,0,415,29,5843,16,15023,29,20866,California
Tuolumne,2021-04-18,8,35541,2,8516,6,26610,0,415,4,5843,4,15027,4,20870,California
Tuolumne,2021-04-19,134,35675,73,8589,61,26671,0,415,81,5874,50,15077,81,20951,California
Tuolumne,2021-04-20,22,35697,6,8595,16,26687,0,415,12,5876,10,15087,12,20963,California
Ventura,2020-12-15,5,5,5,5,0,0,0,0,5,5,0,0,5,5,California
Ventura,2020-12-16,72,77,72,77,0,0,0,0,72,77,0,0,72,77,California
Ventura,2020-12-17,249,326,249,326,0,0,0,0,249,326,0,0,249,326,California
Ventura,2020-12-18,1411,1737,1411,1737,0,0,0,0,1411,1737,0,0,1411,1737,California
Ventura,2020-12-19,911,2648,911,2648,0,0,0,0,911,2648,0,0,911,2648,California
Ventura,2020-12-20,429,3077,429,3077,0,0,0,0,429,3077,0,0,429,3077,California
Ventura,2020-12-21,1472,4549,1472,4549,0,0,0,0,1472,4549,0,0,1472,4549,California
Ventura,2020-12-22,1105,5654,1100,5649,5,5,0,0,1105,5654,0,0,1105,5654,California
Ventura,2020-12-23,1025,6679,978,6627,47,52,0,0,1025,6679,0,0,1025,6679,California
Ventura,2020-12-24,477,7156,379,7006,98,150,0,0,477,7156,0,0,477,7156,California
Ventura,2020-12-25,11,7167,7,7013,4,154,0,0,11,7167,0,0,11,7167,California
Ventura,2020-12-26,110,7277,89,7102,21,175,0,0,110,7277,0,0,110,7277,California
Ventura,2020-12-27,58,7335,27,7129,31,206,0,0,58,7335,0,0,58,7335,California
Ventura,2020-12-28,1066,8401,928,8057,138,344,0,0,1066,8401,0,0,1066,8401,California
Ventura,2020-12-29,1165,9566,761,8818,404,748,0,0,1165,9566,0,0,1165,9566,California
Ventura,2020-12-30,1983,11549,1517,10335,466,1214,0,0,1983,11549,0,0,1983,11549,California
Ventura,2020-12-31,478,12027,162,10497,316,1530,0,0,478,12027,0,0,478,12027,California
Ventura,2021-01-01,19,12046,5,10502,14,1544,0,0,19,12046,0,0,19,12046,California
Ventura,2021-01-02,172,12218,79,10581,93,1637,0,0,172,12218,0,0,172,12218,California
Ventura,2021-01-03,15,12233,8,10589,7,1644,0,0,15,12233,0,0,15,12233,California
Ventura,2021-01-04,1079,13312,548,11137,531,2175,0,0,1078,13311,0,0,1078,13311,California
Ventura,2021-01-05,1371,14683,776,11913,595,2770,0,0,1331,14602,40,40,1331,14642,California
Ventura,2021-01-06,2055,16738,1179,13092,876,3646,0,0,1624,15806,422,462,1626,16268,California
Ventura,2021-01-07,2068,18806,1328,14420,740,4386,0,0,1181,16102,885,1347,1181,17449,California
Ventura,2021-01-08,2199,21005,1477,15897,722,5108,0,0,905,15716,1292,2639,906,18355,California
Ventura,2021-01-09,722,21727,501,16398,221,5329,0,0,319,15632,403,3042,319,18674,California
Ventura,2021-01-10,338,22065,325,16723,13,5342,0,0,124,15542,214,3256,124,18798,California
Ventura,2021-01-11,2445,24510,1489,18212,956,6298,0,0,1492,16083,953,4209,1494,20292,California
Ventura,2021-01-12,3037,27547,1605,19817,1432,7730,0,0,2014,17074,1023,5232,2014,22306,California
Ventura,2021-01-13,2923,30470,1421,21238,1502,9232,0,0,2041,18236,880,6112,2042,24348,California
Ventura,2021-01-14,2727,33197,1058,22296,1669,10901,0,0,2282,20075,444,6556,2283,26631,California
Ventura,2021-01-15,2885,36082,967,23263,1918,12819,0,0,2673,22537,212,6768,2674,29305,California
Ventura,2021-01-16,485,36567,187,23450,298,13117,0,0,404,22860,81,6849,404,29709,California
Ventura,2021-01-17,260,36827,137,23587,123,13240,0,0,254,23108,6,6855,254,29963,California
Ventura,2021-01-18,2219,39046,1672,25259,547,13787,0,0,1669,24229,549,7404,1670,31633,California
Ventura,2021-01-19,3030,42076,2113,27372,917,14704,0,0,2139,25479,891,8295,2141,33774,California
Ventura,2021-01-20,4057,46133,3107,30479,950,15654,0,0,3022,27470,1032,9327,3023,36797,California
Ventura,2021-01-21,3834,49967,2670,33149,1164,16818,0,0,3164,29968,667,9994,3165,39962,California
Ventura,2021-01-22,3604,53571,2485,35634,1119,17937,0,0,3443,33250,161,10155,3443,43405,California
Ventura,2021-01-23,1185,54756,651,36285,534,18471,0,0,1084,34236,100,10255,1086,44491,California
Ventura,2021-01-24,451,55207,137,36422,314,18785,0,0,438,34661,13,10268,438,44929,California
Ventura,2021-01-25,3148,58355,2028,38450,1120,19905,0,0,2599,36712,548,10816,2599,47528,California
Ventura,2021-01-26,3701,62056,2195,40645,1506,21411,0,0,2706,38425,994,11810,2707,50235,California
Ventura,2021-01-27,3456,65512,1557,42202,1899,23310,0,0,2717,40408,736,12546,2719,52954,California
Ventura,2021-01-28,3852,69364,1979,44181,1873,25183,0,0,3238,43050,597,13143,3239,56193,California
Ventura,2021-01-29,4248,73612,2516,46697,1732,26915,0,0,3752,46320,484,13627,3754,59947,California
Ventura,2021-01-30,3025,76637,1955,48652,1070,27985,0,0,2856,49011,166,13793,2857,62804,California
Ventura,2021-01-31,829,77466,444,49096,385,28370,0,0,745,49672,84,13877,745,63549,California
Ventura,2021-02-01,3925,81391,2102,51198,1823,30193,0,0,3159,52068,764,14641,3160,66709,California
Ventura,2021-02-02,4403,85794,2371,53569,2032,32225,0,0,3380,54430,1019,15660,3381,70090,California
Ventura,2021-02-03,4448,90242,2087,55656,2361,34586,0,0,3441,56870,1002,16662,3442,73532,California
Ventura,2021-02-04,4762,95004,2281,57937,2481,37067,0,0,3513,59143,1242,17904,3515,77047,California
Ventura,2021-02-05,4826,99830,2309,60246,2517,39584,0,0,3337,61006,1476,19380,3339,80386,California
Ventura,2021-02-06,2830,102660,1513,61759,1317,40901,0,0,2429,63034,401,19781,2429,82815,California
Ventura,2021-02-07,707,103367,240,61999,467,41368,0,0,582,63492,125,19906,583,83398,California
Ventura,2021-02-08,3496,106863,1623,63622,1873,43241,0,0,2427,64855,1064,20970,2427,85825,California
Ventura,2021-02-09,4713,111576,1970,65592,2743,45984,0,0,2465,65075,2247,23217,2467,88292,California
Ventura,2021-02-10,4706,116282,2236,67828,2470,48454,0,0,2400,65181,2295,25512,2401,90693,California
Ventura,2021-02-11,4654,120936,1859,69687,2795,51249,0,0,2443,65423,2204,27716,2446,93139,California
Ventura,2021-02-12,6292,127228,2653,72340,3639,54888,0,0,3217,65567,3073,30789,3217,96356,California
Ventura,2021-02-13,3293,130521,1827,74167,1466,56354,0,0,1840,65960,1449,32238,1842,98198,California
Ventura,2021-02-14,1227,131748,124,74291,1103,57457,0,0,1011,66756,216,32454,1012,99210,California
Ventura,2021-02-15,3989,135737,1798,76089,2191,59648,0,0,2116,67002,1870,34324,2116,101326,California
Ventura,2021-02-16,5524,141261,2697,78786,2827,62475,0,0,3009,67503,2508,36832,3009,104335,California
Ventura,2021-02-17,5227,146488,1919,80705,3308,65783,0,0,3262,68809,1956,38788,3262,107597,California
Ventura,2021-02-18,5771,152259,1829,82534,3942,69725,0,0,3633,70312,2130,40918,3633,111230,California
Ventura,2021-02-19,6441,158700,3765,86299,2676,72401,0,0,3005,69890,3429,44347,3007,114237,California
Ventura,2021-02-20,4920,163620,3159,89458,1761,74162,0,0,2767,70510,2149,46496,2769,117006,California
Ventura,2021-02-21,1042,164662,754,90212,288,74450,0,0,428,70329,609,47105,428,117434,California
Ventura,2021-02-22,5361,170023,2406,92618,2955,77405,0,0,3448,71873,1904,49009,3448,120882,California
Ventura,2021-02-23,5918,175941,2961,95579,2957,80362,0,0,3413,72798,2490,51499,3415,124297,California
Ventura,2021-02-24,6986,182927,2605,98184,4381,84743,0,0,4242,74311,2731,54230,4244,128541,California
Ventura,2021-02-25,7479,190406,2567,100751,4912,89655,0,0,4573,75992,2894,57124,4575,133116,California
Ventura,2021-02-26,9324,199730,2758,103509,6566,96221,0,0,6162,79016,3140,60264,6164,139280,California
Ventura,2021-02-27,9978,209708,5267,108776,4711,100932,0,0,7364,83787,2600,62864,7371,146651,California
Ventura,2021-02-28,2556,212264,1629,110405,926,101858,1,1,2095,85425,457,63321,2095,148746,California
Ventura,2021-03-01,6919,219183,2795,113200,4124,105982,0,1,4609,87747,2301,65622,4623,153369,California
Ventura,2021-03-02,7371,226554,3930,117130,3440,109422,1,2,5152,90688,2211,67833,5152,158521,California
Ventura,2021-03-03,8496,235050,3884,121014,4612,114034,0,2,6059,94326,2424,70257,6062,164583,California
Ventura,2021-03-04,8032,243082,3862,124876,4170,118204,0,2,5419,97145,2601,72858,5420,170003,California
Ventura,2021-03-05,9958,253040,4797,129673,5151,123355,10,12,7079,101376,2866,75724,7097,177100,California
Ventura,2021-03-06,7219,260259,4392,134065,2674,126029,153,165,5322,104958,1895,77619,5477,182577,California
Ventura,2021-03-07,1650,261909,601,134666,948,126977,101,266,1234,105877,416,78035,1335,183912,California
Ventura,2021-03-08,6730,268639,3414,138080,3164,130141,152,418,4631,108568,2095,80130,4786,188698,California
Ventura,2021-03-09,6505,275144,2803,140883,3506,133647,196,614,3650,109572,2844,82974,3848,192546,California
Ventura,2021-03-10,6764,281908,2965,143848,3561,137208,238,852,4471,111996,2285,85259,4709,197255,California
Ventura,2021-03-11,6253,288161,2878,146726,3161,140369,214,1066,3410,112787,2833,88092,3624,200879,California
Ventura,2021-03-12,8469,296630,3024,149750,4608,144977,837,1903,4082,113336,4371,92463,4920,205799,California
Ventura,2021-03-13,6669,303299,2492,152242,3337,148314,840,2743,3747,115006,2916,95379,4586,210385,California
Ventura,2021-03-14,2126,305425,474,152716,1158,149472,494,3237,726,114829,1399,96778,1222,211607,California
Ventura,2021-03-15,6894,312319,2043,154759,3505,152977,1346,4583,2965,115232,3908,100686,4311,215918,California
Ventura,2021-03-16,7846,320165,2438,157197,4298,157275,1110,5693,3946,116399,3887,104573,5054,220972,California
Ventura,2021-03-17,7406,327571,2742,159939,4319,161594,345,6038,4424,118203,2966,107539,4770,225742,California
Ventura,2021-03-18,7161,334732,3252,163191,3756,165350,153,6191,4659,120523,2490,110029,4810,230552,California
Ventura,2021-03-19,8289,343021,3748,166939,4431,169781,110,6301,4939,122236,3334,113363,5047,235599,California
Ventura,2021-03-20,8102,351123,5225,172164,2857,172638,20,6321,3870,121913,4214,117577,3891,239490,California
Ventura,2021-03-21,2758,353881,1501,173665,888,173526,369,6690,1305,122142,1445,119022,1674,241164,California
Ventura,2021-03-22,7296,361177,3665,177330,3529,177055,102,6792,4818,124596,2467,121489,4921,246085,California
Ventura,2021-03-23,8102,369279,3864,181194,4168,181223,70,6862,4628,125841,3452,124941,4697,250782,California
Ventura,2021-03-24,8795,378074,3389,184583,5331,186554,75,6937,4376,125903,4389,129330,4451,255233,California
Ventura,2021-03-25,8733,386807,3890,188473,4746,191300,97,7034,4415,126113,4302,133632,4512,259745,California
Ventura,2021-03-26,9639,396446,3322,191795,5666,196966,651,7685,3755,124659,5859,139491,4405,264150,California
Ventura,2021-03-27,8080,404526,3894,195689,4147,201113,39,7724,2380,121398,5682,145173,2421,266571,California
Ventura,2021-03-28,2505,407031,1391,197080,1105,202218,9,7733,1371,121646,1132,146305,1380,267951,California
Ventura,2021-03-29,8429,415460,4255,201335,4130,206348,44,7777,4212,121713,4189,150494,4256,272207,California
Ventura,2021-03-30,8886,424346,4377,205712,4386,210734,123,7900,4582,122123,4294,154788,4704,276911,California
Ventura,2021-03-31,10615,434961,4805,210517,5186,215920,624,8524,4615,121381,5981,160769,5239,282150,California
Ventura,2021-04-01,10556,445517,5163,215680,4531,220451,862,9386,5358,122416,5180,165949,6215,288365,California
Ventura,2021-04-02,11344,456861,4570,220250,5530,225981,1244,10630,5344,123034,5975,171924,6593,294958,California
Ventura,2021-04-03,7988,464849,3935,224185,2928,228909,1125,11755,3352,122884,4627,176551,4477,299435,California
Ventura,2021-04-04,1699,466548,952,225137,620,229529,127,11882,1146,123610,547,177098,1273,300708,California
Ventura,2021-04-05,9186,475734,4850,229987,3284,232813,1052,12934,4671,124824,4507,181605,5721,306429,California
Ventura,2021-04-06,10777,486511,5535,235522,3789,236602,1453,14387,5542,126601,5216,186821,6993,313422,California
Ventura,2021-04-07,11214,497725,5427,240949,4329,240931,1458,15845,5124,127104,6074,192895,6577,319999,California
Ventura,2021-04-08,10183,507908,5290,246239,3977,244908,916,16761,5103,128051,5064,197959,6011,326010,California
Ventura,2021-04-09,10230,518138,3837,250076,4966,249874,1427,18188,4389,128041,5821,203780,5811,331821,California
Ventura,2021-04-10,9088,527226,3473,253549,3473,253347,2142,20330,2992,127091,6080,209860,5130,336951,California
Ventura,2021-04-11,2412,529638,861,254410,994,254341,557,20887,688,126619,1716,211576,1244,338195,California
Ventura,2021-04-12,8276,537914,4040,258450,3543,257884,693,21580,3365,125777,4895,216471,4053,342248,California
Ventura,2021-04-13,8690,546604,4408,262858,4277,262161,5,21585,3720,124572,4930,221401,3725,345973,California
Ventura,2021-04-14,8012,554616,3634,266492,4364,266525,14,21599,3025,122656,4957,226358,3041,349014,California
Ventura,2021-04-15,8372,562988,4122,270614,4242,270767,8,21607,3687,121685,4668,231026,3697,352711,California
Ventura,2021-04-16,9696,572684,4366,274980,5330,276097,0,21607,4604,121212,5082,236108,4609,357320,California
Ventura,2021-04-17,8527,581211,5329,280309,3197,279294,1,21608,5019,122733,3499,239607,5020,362340,California
Ventura,2021-04-18,1995,583206,1020,281329,975,280269,0,21608,873,122490,1116,240723,873,363213,California
Ventura,2021-04-19,7654,590860,4670,285999,2983,283252,1,21609,4490,123835,3146,243869,4491,367704,California
Ventura,2021-04-20,4682,595542,2959,288958,1723,284975,0,21609,2585,124330,2091,245960,2586,370290,California
Yolo,2020-12-15,39,39,39,39,0,0,0,0,39,39,0,0,39,39,California
Yolo,2020-12-16,78,117,78,117,0,0,0,0,78,117,0,0,78,117,California
Yolo,2020-12-17,101,218,101,218,0,0,0,0,101,218,0,0,101,218,California
Yolo,2020-12-18,210,428,210,428,0,0,0,0,210,428,0,0,210,428,California
Yolo,2020-12-19,86,514,86,514,0,0,0,0,86,514,0,0,86,514,California
Yolo,2020-12-20,100,614,100,614,0,0,0,0,100,614,0,0,100,614,California
Yolo,2020-12-21,253,867,253,867,0,0,0,0,253,867,0,0,253,867,California
Yolo,2020-12-22,382,1249,381,1248,1,1,0,0,382,1249,0,0,382,1249,California
Yolo,2020-12-23,431,1680,412,1660,19,20,0,0,431,1680,0,0,431,1680,California
Yolo,2020-12-24,151,1831,94,1754,57,77,0,0,151,1831,0,0,151,1831,California
Yolo,2020-12-25,1,1832,1,1755,0,77,0,0,1,1832,0,0,1,1832,California
Yolo,2020-12-26,75,1907,25,1780,50,127,0,0,75,1907,0,0,75,1907,California
Yolo,2020-12-27,46,1953,19,1799,27,154,0,0,46,1953,0,0,46,1953,California
Yolo,2020-12-28,345,2298,178,1977,167,321,0,0,345,2298,0,0,345,2298,California
Yolo,2020-12-29,486,2784,268,2245,218,539,0,0,486,2784,0,0,486,2784,California
Yolo,2020-12-30,621,3405,255,2500,366,905,0,0,621,3405,0,0,621,3405,California
Yolo,2020-12-31,184,3589,95,2595,89,994,0,0,184,3589,0,0,184,3589,California
Yolo,2021-01-01,56,3645,55,2650,1,995,0,0,56,3645,0,0,56,3645,California
Yolo,2021-01-02,68,3713,25,2675,43,1038,0,0,68,3713,0,0,68,3713,California
Yolo,2021-01-03,43,3756,19,2694,24,1062,0,0,43,3756,0,0,43,3756,California
Yolo,2021-01-04,193,3949,43,2737,150,1212,0,0,193,3949,0,0,193,3949,California
Yolo,2021-01-05,610,4559,236,2973,374,1586,0,0,549,4437,61,61,549,4498,California
Yolo,2021-01-06,480,5039,183,3156,297,1883,0,0,349,4655,131,192,349,4847,California
Yolo,2021-01-07,710,5749,234,3390,476,2359,0,0,521,4988,188,380,521,5368,California
Yolo,2021-01-08,629,6378,310,3700,319,2678,0,0,413,5186,215,595,413,5781,California
Yolo,2021-01-09,409,6787,67,3767,342,3020,0,0,364,5505,45,640,364,6145,California
Yolo,2021-01-10,393,7180,80,3847,313,3333,0,0,323,5758,70,710,323,6468,California
Yolo,2021-01-11,557,7737,322,4169,235,3568,0,0,290,5781,267,977,290,6758,California
Yolo,2021-01-12,481,8218,364,4533,117,3685,0,0,173,5647,308,1285,174,6932,California
Yolo,2021-01-13,765,8983,309,4842,456,4141,0,0,516,5914,249,1534,516,7448,California
Yolo,2021-01-14,374,9357,181,5023,193,4334,0,0,270,6080,104,1638,270,7718,California
Yolo,2021-01-15,622,9979,321,5344,301,4635,0,0,544,6546,78,1716,544,8262,California
Yolo,2021-01-16,738,10717,95,5439,643,5278,0,0,707,7222,31,1747,707,8969,California
Yolo,2021-01-17,187,10904,118,5557,69,5347,0,0,180,7395,7,1754,180,9149,California
Yolo,2021-01-18,478,11382,303,5860,175,5522,0,0,380,7677,98,1852,380,9529,California
Yolo,2021-01-19,540,11922,370,6230,170,5692,0,0,366,7869,174,2026,366,9895,California
Yolo,2021-01-20,659,12581,381,6611,278,5970,0,0,474,8159,184,2210,474,10369,California
Yolo,2021-01-21,645,13226,382,6993,263,6233,0,0,456,8426,189,2399,456,10825,California
Yolo,2021-01-22,746,13972,250,7243,496,6729,0,0,628,8938,116,2515,628,11453,California
Yolo,2021-01-23,613,14585,124,7367,489,7218,0,0,566,9457,47,2562,566,12019,California
Yolo,2021-01-24,207,14792,124,7491,83,7301,0,0,166,9582,41,2603,166,12185,California
Yolo,2021-01-25,727,15519,152,7643,575,7876,0,0,513,9881,214,2817,513,12698,California
Yolo,2021-01-26,814,16333,325,7968,489,8365,0,0,426,9919,388,3205,426,13124,California
Yolo,2021-01-27,553,16886,222,8190,331,8696,0,0,381,10128,172,3377,381,13505,California
Yolo,2021-01-28,1047,17933,565,8755,482,9178,0,0,924,10930,122,3499,924,14429,California
Yolo,2021-01-29,864,18797,261,9016,603,9781,0,0,782,11631,81,3580,782,15211,California
Yolo,2021-01-30,1516,20313,916,9932,600,10381,0,0,1408,12937,102,3682,1408,16619,California
Yolo,2021-01-31,248,20561,210,10142,38,10419,0,0,213,13116,34,3716,213,16832,California
Yolo,2021-02-01,840,21401,359,10501,481,10900,0,0,611,13501,226,3942,611,17443,California
Yolo,2021-02-02,1318,22719,745,11246,573,11473,0,0,928,14040,390,4332,929,18372,California
Yolo,2021-02-03,1512,24231,396,11642,1116,12589,0,0,1184,14899,325,4657,1184,19556,California
Yolo,2021-02-04,1786,26017,281,11923,1505,14094,0,0,1237,15599,538,5195,1238,20794,California
Yolo,2021-02-05,1589,27606,896,12819,693,14787,0,0,1191,16393,398,5593,1192,21986,California
Yolo,2021-02-06,1918,29524,1246,14065,672,15459,0,0,1557,17590,361,5954,1558,23544,California
Yolo,2021-02-07,517,30041,248,14313,269,15728,0,0,169,17412,347,6301,169,23713,California
Yolo,2021-02-08,944,30985,331,14644,613,16341,0,0,603,17677,338,6639,603,24316,California
Yolo,2021-02-09,854,31839,383,15027,471,16812,0,0,574,17971,280,6919,574,24890,California
Yolo,2021-02-10,1451,33290,475,15502,976,17788,0,0,817,18157,633,7552,819,25709,California
Yolo,2021-02-11,1538,34828,774,16276,764,18552,0,0,1161,18941,377,7929,1161,26870,California
Yolo,2021-02-12,1901,36729,746,17022,1155,19707,0,0,1438,19919,460,8389,1438,28308,California
Yolo,2021-02-13,2049,38778,710,17732,1339,21046,0,0,1386,20642,663,9052,1386,29694,California
Yolo,2021-02-14,567,39345,152,17884,415,21461,0,0,442,20960,124,9176,442,30136,California
Yolo,2021-02-15,526,39871,188,18072,338,21799,0,0,264,20963,262,9438,265,30401,California
Yolo,2021-02-16,1113,40984,424,18496,689,22488,0,0,807,21464,306,9744,807,31208,California
Yolo,2021-02-17,1382,42366,699,19195,683,23171,0,0,990,22062,392,10136,990,32198,California
Yolo,2021-02-18,2440,44806,759,19954,1681,24852,0,0,1678,22978,762,10898,1678,33876,California
Yolo,2021-02-19,1732,46538,740,20694,992,25844,0,0,1117,23482,613,11511,1117,34993,California
Yolo,2021-02-20,2432,48970,941,21635,1491,27335,0,0,1361,23777,1066,12577,1361,36354,California
Yolo,2021-02-21,280,49250,224,21859,56,27391,0,0,73,23644,206,12783,73,36427,California
Yolo,2021-02-22,1360,50610,599,22458,761,28152,0,0,692,23669,667,13450,692,37119,California
Yolo,2021-02-23,1117,51727,838,23296,279,28431,0,0,437,23428,678,14128,437,37556,California
Yolo,2021-02-24,2091,53818,591,23887,1500,29931,0,0,1383,24105,706,14834,1383,38939,California
Yolo,2021-02-25,1336,55154,440,24327,896,30827,0,0,872,24514,463,15297,872,39811,California
Yolo,2021-02-26,2557,57711,978,25305,1579,32406,0,0,1362,24684,1192,16489,1362,41173,California
Yolo,2021-02-27,1646,59357,764,26069,882,33288,0,0,1197,25432,449,16938,1197,42370,California
Yolo,2021-02-28,1772,61129,1488,27557,284,33572,0,0,681,25024,1089,18027,681,43051,California
Yolo,2021-03-01,1083,62212,353,27910,730,34302,0,0,656,25255,425,18452,656,43707,California
Yolo,2021-03-02,1429,63641,677,28587,752,35054,0,0,908,25642,521,18973,908,44615,California
Yolo,2021-03-03,1811,65452,607,29194,1204,36258,0,0,806,25445,1003,19976,806,45421,California
Yolo,2021-03-04,2845,68297,1403,30597,1442,37700,0,0,1541,25684,1302,21278,1541,46962,California
Yolo,2021-03-05,2334,70631,1390,31987,933,38633,11,11,1467,26296,866,22144,1478,48440,California
Yolo,2021-03-06,1467,72098,1121,33108,317,38950,29,40,836,26532,629,22773,865,49305,California
Yolo,2021-03-07,902,73000,670,33778,218,39168,14,54,769,27182,133,22906,783,50088,California
Yolo,2021-03-08,1072,74072,479,34257,550,39718,43,97,747,27648,325,23231,791,50879,California
Yolo,2021-03-09,1242,75314,669,34926,513,40231,60,157,755,27978,485,23716,815,51694,California
Yolo,2021-03-10,1778,77092,1038,35964,450,40681,290,447,741,27968,1036,24752,1026,52720,California
Yolo,2021-03-11,2282,79374,1540,37504,676,41357,66,513,1572,28898,709,25461,1639,54359,California
Yolo,2021-03-12,2885,82259,1341,38845,1468,42825,76,589,1372,28838,1507,26968,1447,55806,California
Yolo,2021-03-13,1840,84099,729,39574,934,43759,177,766,1007,29192,830,27798,1184,56990,California
Yolo,2021-03-14,1008,85107,213,39787,646,44405,149,915,525,29383,482,28280,673,57663,California
Yolo,2021-03-15,1316,86423,772,40559,368,44773,176,1091,700,29644,614,28894,875,58538,California
Yolo,2021-03-16,1859,88282,714,41273,1072,45845,73,1164,1097,30052,762,29656,1170,59708,California
Yolo,2021-03-17,2481,90763,963,42236,1446,47291,72,1236,1733,31112,745,30401,1805,61513,California
Yolo,2021-03-18,2879,93642,887,43123,1768,49059,224,1460,1169,30796,1708,32109,1392,62905,California
Yolo,2021-03-19,2033,95675,817,43940,1148,50207,68,1528,1071,30979,956,33065,1139,64044,California
Yolo,2021-03-20,2750,98425,814,44754,1895,52102,41,1569,1118,30513,1627,34692,1161,65205,California
Yolo,2021-03-21,316,98741,217,44971,91,52193,8,1577,228,30662,87,34779,236,65441,California
Yolo,2021-03-22,1378,100119,480,45451,846,53039,52,1629,905,31147,471,35250,956,66397,California
Yolo,2021-03-23,1725,101844,929,46380,740,53779,56,1685,1066,31611,658,35908,1122,67519,California
Yolo,2021-03-24,2835,104679,1400,47780,1386,55165,49,1734,1418,31671,1407,37315,1467,68986,California
Yolo,2021-03-25,2399,107078,1278,49058,1094,56259,27,1761,1151,31611,1238,38553,1178,70164,California
Yolo,2021-03-26,2373,109451,1232,50290,1122,57381,19,1780,1019,31301,1347,39900,1037,71201,California
Yolo,2021-03-27,1631,111082,452,50742,1163,58544,16,1796,753,31193,877,40777,769,71970,California
Yolo,2021-03-28,1103,112185,860,51602,225,58769,18,1814,272,30656,827,41604,290,72260,California
Yolo,2021-03-29,1986,114171,815,52417,1157,59926,14,1828,984,30656,998,42602,998,73258,California
Yolo,2021-03-30,2267,116438,1065,53482,1179,61105,23,1851,1198,30813,1064,43666,1221,74479,California
Yolo,2021-03-31,2326,118764,1205,54687,1085,62190,36,1887,1208,30940,1117,44783,1244,75723,California
Yolo,2021-04-01,3750,122514,1765,56452,1511,63701,474,2361,1571,30810,2175,46958,2045,77768,California
Yolo,2021-04-02,3107,125621,1481,57933,1566,65267,60,2421,2033,31835,1068,48026,2093,79861,California
Yolo,2021-04-03,1783,127404,1078,59011,490,65757,215,2636,800,31868,982,49008,1015,80876,California
Yolo,2021-04-04,381,127785,149,59160,170,65927,62,2698,141,31831,240,49248,203,81079,California
Yolo,2021-04-05,1894,129679,722,59882,1074,67001,98,2796,1012,32063,878,50126,1110,82189,California
Yolo,2021-04-06,2557,132236,1294,61176,1093,68094,170,2966,1311,32310,1235,51361,1482,83671,California
Yolo,2021-04-07,2859,135095,1509,62685,1102,69196,248,3214,1923,33550,930,52291,2170,85841,California
Yolo,2021-04-08,2400,137495,992,63677,939,70135,469,3683,1022,33665,1374,53665,1489,87330,California
Yolo,2021-04-09,2384,139879,857,64534,1037,71172,490,4173,790,33353,1591,55256,1279,88609,California
Yolo,2021-04-10,1681,141560,791,65325,720,71892,170,4343,998,33841,679,55935,1167,89776,California
Yolo,2021-04-11,867,142427,261,65586,561,72453,45,4388,343,33708,520,56455,387,90163,California
Yolo,2021-04-12,1727,144154,513,66099,1075,73528,139,4527,1076,34275,648,57103,1215,91378,California
Yolo,2021-04-13,1912,146066,856,66955,1056,74584,0,4527,989,34343,921,58024,989,92367,California
Yolo,2021-04-14,2673,148739,716,67671,1957,76541,0,4527,1333,34340,1336,59360,1333,93700,California
Yolo,2021-04-15,2986,151725,995,68666,1991,78532,0,4527,2082,35524,901,60261,2085,95785,California
Yolo,2021-04-16,2798,154523,1778,70444,1020,79552,0,4527,1791,36311,1004,61265,1791,97576,California
Yolo,2021-04-17,1355,155878,424,70868,931,80483,0,4527,608,36176,743,62008,608,98184,California
Yolo,2021-04-18,565,156443,262,71130,303,80786,0,4527,324,36262,238,62246,324,98508,California
Yolo,2021-04-19,1622,158065,709,71839,912,81698,1,4528,738,36122,879,63125,739,99247,California
Yolo,2021-04-20,1295,159360,579,72418,716,82414,0,4528,626,36083,667,63792,628,99875,California
Yuba,2020-12-16,4,4,4,4,0,0,0,0,4,4,0,0,4,4,California
Yuba,2020-12-17,4,8,4,8,0,0,0,0,4,8,0,0,4,8,California
Yuba,2020-12-18,8,16,8,16,0,0,0,0,8,16,0,0,8,16,California
Yuba,2020-12-19,12,28,12,28,0,0,0,0,12,28,0,0,12,28,California
Yuba,2020-12-20,20,48,20,48,0,0,0,0,20,48,0,0,20,48,California
Yuba,2020-12-21,40,88,40,88,0,0,0,0,40,88,0,0,40,88,California
Yuba,2020-12-22,86,174,86,174,0,0,0,0,86,174,0,0,86,174,California
Yuba,2020-12-23,63,237,61,235,2,2,0,0,63,237,0,0,63,237,California
Yuba,2020-12-24,20,257,10,245,10,12,0,0,20,257,0,0,20,257,California
Yuba,2020-12-26,15,272,13,258,2,14,0,0,15,272,0,0,15,272,California
Yuba,2020-12-27,15,287,15,273,0,14,0,0,15,287,0,0,15,287,California
Yuba,2020-12-28,51,338,35,308,16,30,0,0,51,338,0,0,51,338,California
Yuba,2020-12-29,75,413,10,318,65,95,0,0,75,413,0,0,75,413,California
Yuba,2020-12-30,64,477,21,339,43,138,0,0,64,477,0,0,64,477,California
Yuba,2020-12-31,36,513,6,345,30,168,0,0,36,513,0,0,36,513,California
Yuba,2021-01-02,23,536,22,367,1,169,0,0,23,536,0,0,23,536,California
Yuba,2021-01-03,10,546,6,373,4,173,0,0,10,546,0,0,10,546,California
Yuba,2021-01-04,90,636,21,394,69,242,0,0,90,636,0,0,90,636,California
Yuba,2021-01-05,68,704,36,430,32,274,0,0,67,702,1,1,67,703,California
Yuba,2021-01-06,153,857,76,506,77,351,0,0,147,843,6,7,147,850,California
Yuba,2021-01-07,75,932,19,525,56,407,0,0,72,911,4,11,72,922,California
Yuba,2021-01-08,73,1005,25,550,48,455,0,0,66,970,7,18,66,988,California
Yuba,2021-01-09,19,1024,16,566,3,458,0,0,11,973,8,26,11,999,California
Yuba,2021-01-10,117,1141,22,588,95,553,0,0,95,1046,22,48,95,1094,California
Yuba,2021-01-11,73,1214,50,638,23,576,0,0,33,1039,40,88,33,1127,California
Yuba,2021-01-12,108,1322,78,716,30,606,0,0,43,1017,65,153,43,1170,California
Yuba,2021-01-13,118,1440,71,787,47,653,0,0,54,1008,63,216,54,1224,California
Yuba,2021-01-14,109,1549,43,830,66,719,0,0,97,1093,12,228,97,1321,California
Yuba,2021-01-15,206,1755,88,918,118,837,0,0,195,1277,11,239,195,1516,California
Yuba,2021-01-16,185,1940,21,939,164,1001,0,0,173,1437,13,252,173,1689,California
Yuba,2021-01-17,13,1953,9,948,4,1005,0,0,7,1438,6,258,7,1696,California
Yuba,2021-01-18,60,2013,32,980,28,1033,0,0,35,1448,25,283,35,1731,California
Yuba,2021-01-19,80,2093,29,1009,51,1084,0,0,65,1498,15,298,65,1796,California
Yuba,2021-01-20,132,2225,87,1096,45,1129,0,0,109,1584,23,321,109,1905,California
Yuba,2021-01-21,212,2437,96,1192,116,1245,0,0,203,1778,9,330,203,2108,California
Yuba,2021-01-22,103,2540,6,1198,97,1342,0,0,94,1863,9,339,94,2202,California
Yuba,2021-01-23,200,2740,7,1205,193,1535,0,0,197,2057,3,342,197,2399,California
Yuba,2021-01-24,10,2750,7,1212,3,1538,0,0,8,2063,2,344,8,2407,California
Yuba,2021-01-25,83,2833,27,1239,56,1594,0,0,52,2085,30,374,52,2459,California
Yuba,2021-01-26,148,2981,39,1278,109,1703,0,0,92,2121,56,430,92,2551,California
Yuba,2021-01-27,182,3163,128,1406,54,1757,0,0,115,2169,67,497,115,2666,California
Yuba,2021-01-28,215,3378,79,1485,136,1893,0,0,174,2302,41,538,174,2840,California
Yuba,2021-01-29,159,3537,56,1541,103,1996,0,0,112,2367,47,585,112,2952,California
Yuba,2021-01-30,409,3946,23,1564,386,2382,0,0,398,2754,11,596,398,3350,California
Yuba,2021-01-31,17,3963,12,1576,5,2387,0,0,15,2767,2,598,15,3365,California
Yuba,2021-02-01,154,4117,74,1650,80,2467,0,0,130,2875,23,621,131,3496,California
Yuba,2021-02-02,123,4240,23,1673,100,2567,0,0,101,2954,22,643,101,3597,California
Yuba,2021-02-03,225,4465,29,1702,196,2763,0,0,113,2956,111,754,113,3710,California
Yuba,2021-02-04,296,4761,121,1823,175,2938,0,0,253,3166,43,797,253,3963,California
Yuba,2021-02-05,146,4907,32,1855,114,3052,0,0,70,3160,76,873,70,4033,California
Yuba,2021-02-06,448,5355,26,1881,422,3474,0,0,440,3592,8,881,440,4473,California
Yuba,2021-02-07,18,5373,11,1892,7,3481,0,0,15,3604,3,884,15,4488,California
Yuba,2021-02-08,96,5469,35,1927,61,3542,0,0,66,3640,30,914,66,4554,California
Yuba,2021-02-09,153,5622,55,1982,98,3640,0,0,84,3655,69,983,84,4638,California
Yuba,2021-02-10,347,5969,172,2154,175,3815,0,0,113,3535,233,1216,113,4751,California
Yuba,2021-02-11,397,6366,63,2217,334,4149,0,0,301,3742,94,1310,301,5052,California
Yuba,2021-02-12,264,6630,27,2244,237,4386,0,0,151,3780,113,1423,151,5203,California
Yuba,2021-02-13,435,7065,35,2279,400,4786,0,0,387,4119,48,1471,387,5590,California
Yuba,2021-02-14,54,7119,11,2290,43,4829,0,0,49,4163,5,1476,49,5639,California
Yuba,2021-02-15,87,7206,36,2326,51,4880,0,0,68,4212,19,1495,68,5707,California
Yuba,2021-02-16,198,7404,53,2379,145,5025,0,0,140,4295,57,1552,140,5847,California
Yuba,2021-02-17,369,7773,155,2534,214,5239,0,0,98,4123,270,1822,98,5945,California
Yuba,2021-02-18,305,8078,33,2567,272,5511,0,0,181,4180,124,1946,181,6126,California
Yuba,2021-02-19,224,8302,84,2651,140,5651,0,0,141,4238,83,2029,141,6267,California
Yuba,2021-02-20,388,8690,30,2681,358,6009,0,0,334,4518,54,2083,334,6601,California
Yuba,2021-02-21,16,8706,14,2695,2,6011,0,0,6,4514,10,2093,6,6607,California
Yuba,2021-02-22,127,8833,78,2773,49,6060,0,0,37,4462,89,2182,37,6644,California
Yuba,2021-02-23,113,8946,25,2798,88,6148,0,0,46,4442,66,2248,46,6690,California
Yuba,2021-02-24,479,9425,136,2934,343,6491,0,0,106,4175,373,2621,106,6796,California
Yuba,2021-02-25,332,9757,133,3067,199,6690,0,0,204,4251,128,2749,204,7000,California
Yuba,2021-02-26,256,10013,68,3135,188,6878,0,0,143,4283,111,2860,143,7143,California
Yuba,2021-02-27,473,10486,47,3182,426,7304,0,0,384,4580,87,2947,384,7527,California
Yuba,2021-02-28,65,10551,21,3203,44,7348,0,0,44,4603,21,2968,44,7571,California
Yuba,2021-03-01,151,10702,38,3241,113,7461,0,0,75,4603,75,3043,75,7646,California
Yuba,2021-03-02,153,10855,35,3276,118,7579,0,0,76,4602,77,3120,76,7722,California
Yuba,2021-03-03,617,11472,156,3432,461,8040,0,0,197,4380,419,3539,197,7919,California
Yuba,2021-03-04,465,11937,271,3703,194,8234,0,0,323,4562,141,3680,323,8242,California
Yuba,2021-03-05,315,12252,59,3762,255,8489,1,1,248,4744,67,3747,249,8491,California
Yuba,2021-03-06,475,12727,35,3797,436,8925,4,5,369,5011,106,3853,373,8864,California
Yuba,2021-03-07,49,12776,27,3824,21,8946,1,6,33,5029,16,3869,34,8898,California
Yuba,2021-03-08,159,12935,49,3873,94,9040,16,22,100,5086,59,3928,116,9014,California
Yuba,2021-03-09,175,13110,46,3919,110,9150,19,41,83,5096,92,4020,102,9116,California
Yuba,2021-03-10,734,13844,232,4151,472,9622,30,71,229,4851,504,4524,259,9375,California
Yuba,2021-03-11,426,14270,185,4336,229,9851,12,83,293,5023,133,4657,305,9680,California
Yuba,2021-03-12,460,14730,86,4422,320,10171,54,137,148,4913,312,4969,202,9882,California
Yuba,2021-03-13,451,15181,331,4753,105,10276,15,152,357,5192,93,5062,372,10254,California
Yuba,2021-03-14,107,15288,21,4774,76,10352,10,162,46,5188,60,5122,56,10310,California
Yuba,2021-03-15,193,15481,49,4823,127,10479,17,179,99,5210,94,5216,116,10426,California
Yuba,2021-03-16,290,15771,71,4894,194,10673,25,204,177,5300,112,5328,202,10628,California
Yuba,2021-03-17,728,16499,161,5055,538,11211,29,233,188,4979,538,5866,217,10845,California
Yuba,2021-03-18,563,17062,148,5203,302,11513,113,346,341,5210,222,6088,453,11298,California
Yuba,2021-03-19,324,17386,120,5323,155,11668,49,395,185,5306,138,6226,234,11532,California
Yuba,2021-03-20,554,17940,80,5403,456,12124,18,413,473,5717,80,6306,491,12023,California
Yuba,2021-03-21,58,17998,35,5438,23,12147,0,413,46,5751,12,6318,46,12069,California
Yuba,2021-03-22,189,18187,70,5508,112,12259,7,420,147,5863,42,6360,154,12223,California
Yuba,2021-03-23,259,18446,79,5587,153,12412,27,447,174,5980,84,6444,201,12424,California
Yuba,2021-03-24,745,19191,237,5824,427,12839,81,528,182,5682,561,7005,263,12687,California
Yuba,2021-03-25,498,19689,263,6087,213,13052,22,550,249,5704,249,7254,271,12958,California
Yuba,2021-03-26,384,20073,142,6229,215,13267,27,577,219,5786,164,7418,246,13204,California
Yuba,2021-03-27,459,20532,27,6256,429,13696,3,580,406,6141,53,7471,408,13612,California
Yuba,2021-03-28,98,20630,40,6296,54,13750,4,584,37,6121,61,7532,41,13653,California
Yuba,2021-03-29,293,20923,85,6381,177,13927,31,615,181,6221,112,7644,212,13865,California
Yuba,2021-03-30,270,21193,67,6448,195,14122,8,623,191,6341,79,7723,199,14064,California
Yuba,2021-03-31,670,21863,113,6561,545,14667,12,635,245,6174,424,8147,257,14321,California
Yuba,2021-04-01,610,22473,283,6844,298,14965,29,664,279,6151,331,8478,308,14629,California
Yuba,2021-04-02,474,22947,89,6933,305,15270,80,744,177,6112,296,8774,257,14886,California
Yuba,2021-04-03,652,23599,56,6989,115,15385,481,1225,87,6116,564,9338,568,15454,California
Yuba,2021-04-04,57,23656,11,7000,40,15425,6,1231,32,6129,25,9363,38,15492,California
Yuba,2021-04-05,243,23899,79,7079,145,15570,19,1250,123,6152,118,9481,141,15633,California
Yuba,2021-04-06,334,24233,114,7193,160,15730,60,1310,159,6197,174,9655,219,15852,California
Yuba,2021-04-07,764,24997,398,7591,315,16045,51,1361,344,6174,417,10072,394,16246,California
Yuba,2021-04-08,727,25724,297,7888,166,16211,264,1625,259,6230,467,10539,523,16769,California
Yuba,2021-04-09,385,26109,169,8057,153,16364,63,1688,158,6225,226,10765,221,16990,California
Yuba,2021-04-10,592,26701,71,8128,74,16438,447,2135,70,6222,520,11285,517,17507,California
Yuba,2021-04-11,98,26799,22,8150,64,16502,12,2147,39,6214,59,11344,51,17558,California
Yuba,2021-04-12,207,27006,47,8197,131,16633,29,2176,80,6197,126,11470,109,17667,California
Yuba,2021-04-13,384,27390,101,8298,283,16916,0,2176,202,6218,181,11651,202,17869,California
Yuba,2021-04-14,659,28049,98,8396,561,17477,0,2176,103,5767,554,12205,103,17972,California
Yuba,2021-04-15,277,28326,129,8525,148,17625,0,2176,122,5734,155,12360,122,18094,California
Yuba,2021-04-16,310,28636,100,8625,210,17835,0,2176,174,5774,134,12494,174,18268,California
Yuba,2021-04-17,385,29021,52,8677,333,18168,0,2176,314,6018,70,12564,314,18582,California
Yuba,2021-04-18,48,29069,10,8687,38,18206,0,2176,22,6014,26,12590,22,18604,California
Yuba,2021-04-19,231,29300,100,8787,131,18337,0,2176,101,5985,130,12720,101,18705,California
Yuba,2021-04-20,139,29439,23,8810,116,18453,0,2176,79,6005,60,12780,80,18785,California
