county,administered_date,total_doses,cumulative_total_doses,pfizer_doses,cumulative_pfizer_doses,moderna_doses,cumulative_moderna_doses,jj_doses,cumulative_jj_doses,partially_vaccinated,total_partially_vaccinated,fully_vaccinated,cumulative_fully_vaccinated,at_least_one_dose,cumulative_at_least_one_dose,california_flag
All CA Counties,2020-12-15,1141,1141,1141,1141,0,0,0,0,1141,1141,0,0,1141,1141,
All CA Counties,2020-12-16,8437,9578,8437,9578,0,0,0,0,8437,9578,0,0,8437,9578,
All CA Counties,2020-12-17,25884,35462,25884,35462,0,0,0,0,25886,35464,0,0,25886,35464,
All CA Counties,2020-12-18,43916,79378,43860,79322,56,56,0,0,43917,79381,0,0,43917,79381,
All CA Counties,2020-12-19,25321,104699,25296,104618,25,81,0,0,25320,104700,1,1,25320,104701,
All CA Counties,2020-12-20,19050,123749,19023,123641,27,108,0,0,19049,123748,1,2,19049,123750,
All CA Counties,2020-12-21,49791,173540,49705,173346,86,194,0,0,49793,173540,2,4,49794,173544,
All CA Counties,2020-12-22,50171,223711,48041,221387,2130,2324,0,0,50169,223708,1,5,50169,223713,
All CA Counties,2020-12-23,50782,274493,42006,263393,8776,11100,0,0,50778,274485,4,9,50781,274494,
All CA Counties,2020-12-24,24161,298654,16439,279832,7722,18822,0,0,24158,298642,3,12,24160,298654,
All CA Counties,2020-12-25,2365,301019,2042,281874,323,19145,0,0,2365,301007,0,12,2365,301019,
All CA Counties,2020-12-26,14711,315730,9465,291339,5246,24391,0,0,14709,315715,1,13,14709,315728,
All CA Counties,2020-12-27,9440,325170,5590,296929,3850,28241,0,0,9439,325153,1,14,9439,325167,
All CA Counties,2020-12-28,45882,371052,29433,326362,16449,44690,0,0,45880,371030,3,17,45880,371047,
All CA Counties,2020-12-29,51010,422062,28438,354800,22572,67262,0,0,51006,422033,3,20,51006,422053,
All CA Counties,2020-12-30,62889,484951,35531,390331,27358,94620,0,0,62881,484911,6,26,62884,484937,
All CA Counties,2020-12-31,29354,514305,10859,401190,18495,113115,0,0,29345,514250,7,33,29346,514283,
All CA Counties,2021-01-01,4219,518524,1882,403072,2337,115452,0,0,4215,518462,3,36,4215,518498,
All CA Counties,2021-01-02,18446,536970,10367,413439,8079,123531,0,0,18445,536907,0,36,18445,536943,
All CA Counties,2021-01-03,6169,543139,3654,417093,2515,126046,0,0,6140,543035,12,48,6140,543083,
All CA Counties,2021-01-04,43590,586729,22215,439308,21375,147421,0,0,43511,586504,42,90,43511,586594,
All CA Counties,2021-01-05,56505,643234,30103,469411,26402,173823,0,0,51044,632237,5404,5494,51137,637731,
All CA Counties,2021-01-06,73349,716583,40645,510056,32704,206527,0,0,57957,675025,15213,20707,58001,695732,
All CA Counties,2021-01-07,92020,808603,52450,562506,39570,246097,0,0,61340,705928,30511,51218,61414,757146,
All CA Counties,2021-01-08,106692,915295,64181,626687,42511,288608,0,0,65507,730474,41051,92269,65597,822743,
All CA Counties,2021-01-09,44324,959619,25567,652254,18757,307365,0,0,27801,741807,16499,108768,27832,850575,
All CA Counties,2021-01-10,24311,983930,15018,667272,9293,316658,0,0,13082,743699,11212,119980,13104,863679,
All CA Counties,2021-01-11,104478,1088408,69514,736786,34964,351622,0,0,60650,760756,43786,163766,60843,924522,
All CA Counties,2021-01-12,113395,1201803,67137,803923,46258,397880,0,0,72408,792512,40908,204674,72664,997186,
All CA Counties,2021-01-13,119072,1320875,61793,865716,57279,455159,0,0,85387,844397,33599,238273,85484,1082670,
All CA Counties,2021-01-14,123715,1444590,49602,915318,74113,529272,0,0,104152,929264,19458,257731,104325,1186995,
All CA Counties,2021-01-15,141740,1586330,51804,967122,89936,619208,0,0,126701,1041228,14946,272677,126910,1313905,
All CA Counties,2021-01-16,80379,1666709,27329,994451,53050,672258,0,0,72822,1106573,7531,280208,72876,1386781,
All CA Counties,2021-01-17,48104,1714813,16801,1011252,31303,703561,0,0,44468,1147459,3629,283837,44515,1431296,
All CA Counties,2021-01-18,88083,1802896,45963,1057215,42120,745681,0,0,68814,1197258,19194,303031,68993,1500289,
All CA Counties,2021-01-19,141869,1944765,73600,1130815,68269,813950,0,0,110758,1277330,31020,334051,111092,1611381,
All CA Counties,2021-01-20,160168,2104933,81895,1212710,78273,892223,0,0,126630,1370909,33320,367371,126899,1738280,
All CA Counties,2021-01-21,173199,2278132,76889,1289599,96310,988533,0,0,154124,1506523,18865,386236,154479,1892759,
All CA Counties,2021-01-22,169377,2447509,69174,1358773,100203,1088736,0,0,155115,1647655,14129,400365,155261,2048020,
All CA Counties,2021-01-23,111241,2558750,49438,1408211,61803,1150539,0,0,98759,1734119,12424,412789,98888,2146908,
All CA Counties,2021-01-24,60944,2619694,29468,1437679,31476,1182015,0,0,56301,1785868,4613,417402,56362,2203270,
All CA Counties,2021-01-25,145034,2764728,65355,1503034,79679,1261694,0,0,109982,1861320,34927,452329,110379,2313649,
All CA Counties,2021-01-26,168404,2933132,82742,1585776,85662,1347356,0,0,131028,1955399,37243,489572,131322,2444971,
All CA Counties,2021-01-27,181946,3115078,87709,1673485,94237,1441593,0,0,142726,2059478,38902,528474,142981,2587952,
All CA Counties,2021-01-28,187551,3302629,86530,1760015,101021,1542614,0,0,153510,2179465,33756,562230,153743,2741695,
All CA Counties,2021-01-29,183263,3485892,88183,1848198,95080,1637694,0,0,148725,2294428,33967,596197,148930,2890625,
All CA Counties,2021-01-30,123346,3609238,55615,1903813,67731,1705425,0,0,107967,2387324,15217,611414,108113,2998738,
All CA Counties,2021-01-31,68952,3678190,38628,1942441,30324,1735749,0,0,64188,2446852,4715,616129,64243,3062981,
All CA Counties,2021-02-01,161741,3839931,75912,2018353,85829,1821578,0,0,121231,2528040,40351,656480,121539,3184520,
All CA Counties,2021-02-02,184465,4024396,77716,2096069,106749,1928327,0,0,140254,2624661,43935,700415,140556,3325076,
All CA Counties,2021-02-03,210702,4235098,95436,2191505,115266,2043593,0,0,156530,2727924,53676,754091,156939,3482015,
All CA Counties,2021-02-04,227604,4462702,99707,2291212,127897,2171490,0,0,167202,2835706,59867,813958,167649,3649664,
All CA Counties,2021-02-05,245717,4708419,106289,2397501,139428,2310918,0,0,167145,2925685,77805,891763,167784,3817448,
All CA Counties,2021-02-06,154736,4863155,74828,2472329,79908,2390826,0,0,120020,3011671,34550,926313,120536,3937984,
All CA Counties,2021-02-07,66817,4929972,43204,2515533,23613,2414439,0,0,50418,3046226,16320,942633,50875,3988859,
All CA Counties,2021-02-08,180607,5110579,88835,2604368,91772,2506211,0,0,119422,3105833,60756,1003389,120363,4109222,
All CA Counties,2021-02-09,211223,5321802,102126,2706494,109097,2615308,0,0,126753,3149749,84023,1087412,127939,4237161,
All CA Counties,2021-02-10,248278,5570080,119610,2826104,128668,2743976,0,0,137957,3179751,109510,1196922,139512,4376673,
All CA Counties,2021-02-11,265150,5835230,131296,2957400,133854,2877830,0,0,144997,3207541,119047,1315969,146837,4523510,
All CA Counties,2021-02-12,272061,6107291,119260,3076660,152801,3030631,0,0,146952,3232673,124252,1440221,149384,4672894,
All CA Counties,2021-02-13,166705,6273996,77244,3153904,89461,3120092,0,0,92209,3252745,74129,1514350,94201,4767095,
All CA Counties,2021-02-14,95254,6369250,47377,3201281,47877,3167969,0,0,51667,3262606,43423,1557773,53284,4820379,
All CA Counties,2021-02-15,142283,6511533,62401,3263682,79882,3247851,0,0,78831,3281541,63078,1620851,82013,4902392,
All CA Counties,2021-02-16,248659,6760192,117976,3381658,130683,3378534,0,0,133161,3302763,115119,1735970,136341,5038733,
All CA Counties,2021-02-17,258773,7018965,128766,3510424,130007,3508541,0,0,128997,3305776,129239,1865209,132252,5170985,
All CA Counties,2021-02-18,272375,7291340,142039,3652463,130336,3638877,0,0,131828,3302064,139850,2005059,136138,5307123,
All CA Counties,2021-02-19,252269,7543609,146312,3798775,105957,3744834,0,0,130454,3313435,121326,2126385,132697,5439820,
All CA Counties,2021-02-20,152606,7696215,97840,3896615,54766,3799600,0,0,84135,3331425,68212,2194597,86202,5526022,
All CA Counties,2021-02-21,82011,7778226,67967,3964582,14044,3813644,0,0,41352,3333976,40423,2235020,42974,5568996,
All CA Counties,2021-02-22,163726,7941952,109806,4074388,53920,3867564,0,0,82163,3336773,81247,2316267,84044,5653040,
All CA Counties,2021-02-23,225203,8167155,119300,4193688,105903,3973467,0,0,105011,3328221,119597,2435864,111045,5764085,
All CA Counties,2021-02-24,282744,8449899,142904,4336592,139840,4113307,0,0,134443,3322631,147678,2583542,142088,5906173,
All CA Counties,2021-02-25,319737,8769636,157416,4494008,162321,4275628,0,0,167385,3346985,151663,2735205,176017,6082190,
All CA Counties,2021-02-26,353173,9122809,164324,4658332,188849,4464477,0,0,197030,3396086,155237,2890442,204338,6286528,
All CA Counties,2021-02-27,251327,9374136,122083,4780415,129222,4593699,22,22,142797,3435426,107912,2998354,147252,6433780,
All CA Counties,2021-02-28,130341,9504477,77939,4858354,52397,4646096,5,27,76153,3460664,53766,3052120,79004,6512784,
All CA Counties,2021-03-01,239827,9744304,127742,4986096,111987,4758083,98,125,138549,3502820,100528,3152648,142684,6655468,
All CA Counties,2021-03-02,288794,10033098,146122,5132218,142652,4900735,20,145,174544,3570559,113741,3266389,181480,6836948,
All CA Counties,2021-03-03,331851,10364949,164671,5296889,167126,5067861,54,199,191282,3629353,139889,3406278,198683,7035631,
All CA Counties,2021-03-04,350988,10715937,177671,5474560,173227,5241088,90,289,206185,3698633,144058,3550336,213338,7248969,
All CA Counties,2021-03-05,339430,11055367,167076,5641636,171231,5412319,1123,1412,211514,3791454,127106,3677442,219927,7468896,
All CA Counties,2021-03-06,259475,11314842,133219,5774855,118407,5530726,7849,9261,161508,3867967,97556,3774998,174069,7642965,
All CA Counties,2021-03-07,127610,11442452,78474,5853329,44991,5575717,4145,13406,80002,3908380,47422,3822420,87835,7730800,
All CA Counties,2021-03-08,218807,11661259,106257,5959586,102104,5677821,10446,23852,143407,3992187,75019,3897439,158826,7889626,
All CA Counties,2021-03-09,291339,11952598,139358,6098944,136107,5813928,15874,39726,163726,4048749,127135,4024574,183697,8073323,
All CA Counties,2021-03-10,322510,12275108,160931,6259875,137139,5951067,24440,64166,175018,4105545,146843,4171417,203639,8276962,
All CA Counties,2021-03-11,376448,12651556,181961,6441836,161183,6112250,33304,97470,193623,4154834,181896,4353313,231185,8508147,
All CA Counties,2021-03-12,395031,13046587,176640,6618476,172113,6284363,46278,143748,194435,4200084,199800,4553113,245050,8753197,
All CA Counties,2021-03-13,283243,13329830,124874,6743350,127256,6411619,31113,174861,153404,4259658,129393,4682506,188967,8942164,
All CA Counties,2021-03-14,154879,13484709,83272,6826622,56523,6468142,15084,189945,78928,4280299,75669,4758175,96310,9038474,
All CA Counties,2021-03-15,290463,13775172,138800,6965422,131113,6599255,20550,210495,158428,4331388,131310,4889485,182399,9220873,
All CA Counties,2021-03-16,370104,14145276,173846,7139268,178970,6778225,17288,227783,214964,4412471,154411,5043896,235494,9456367,
All CA Counties,2021-03-17,383485,14528761,189692,7328960,175250,6953475,18543,246326,237913,4526716,144761,5188657,259006,9715373,
All CA Counties,2021-03-18,400642,14929403,205258,7534218,177405,7130880,17979,264305,238794,4624844,160764,5349421,258892,9974265,
All CA Counties,2021-03-19,410611,15340014,215915,7750133,173118,7303998,21578,285883,239774,4718380,169867,5519288,263403,10237668,
All CA Counties,2021-03-20,294696,15634710,155032,7905165,123807,7427805,15857,301740,187008,4815690,107030,5626318,204340,10442008,
All CA Counties,2021-03-21,143660,15778370,99324,8004489,36813,7464618,7523,309263,90228,4861743,53076,5679394,99129,10541137,
All CA Counties,2021-03-22,273125,16051495,159114,8163603,102811,7567429,11200,320463,179027,4961697,93326,5772720,193280,10734417,
All CA Counties,2021-03-23,357037,16408532,196577,8360180,149406,7716835,11054,331517,219801,5058841,136332,5909052,233476,10967893,
All CA Counties,2021-03-24,387202,16795734,221904,8582084,152842,7869677,12456,343973,226078,5139655,159897,6068949,240711,11208604,
All CA Counties,2021-03-25,417446,17213180,230165,8812249,172474,8042151,14807,358780,237406,5215421,178744,6247693,254510,11463114,
All CA Counties,2021-03-26,434683,17647863,232737,9044986,185878,8228029,16068,374848,235465,5271958,198018,6445711,254555,11717669,
All CA Counties,2021-03-27,312237,17960100,166366,9211352,134092,8362121,11779,386627,158183,5291062,153246,6598957,172350,11890019,
All CA Counties,2021-03-28,169116,18129216,108904,9320256,56634,8418755,3578,390205,89756,5307500,78914,6677871,95352,11985371,
All CA Counties,2021-03-29,310058,18439274,167403,9487659,133613,8552368,9042,399247,173425,5356667,135882,6813753,185049,12170420,
All CA Counties,2021-03-30,398069,18837343,201870,9689529,178008,8730376,18191,417438,224287,5428012,173005,6986758,244350,12414770,
All CA Counties,2021-03-31,426031,19263374,231997,9921526,172369,8902745,21665,439103,238417,5502651,186615,7173373,261254,12676024,
All CA Counties,2021-04-01,491147,19754521,251965,10173491,198990,9101735,40192,479295,271569,5597470,218288,7391661,313107,12989131,
All CA Counties,2021-04-02,473130,20227651,230851,10404342,199196,9300931,43083,522378,257452,5685426,214468,7606129,302424,13291555,
All CA Counties,2021-04-03,329281,20556932,167748,10572090,120137,9421068,41396,563774,164380,5728159,164275,7770404,207008,13498563,
All CA Counties,2021-04-04,132400,20689332,69089,10641179,44293,9465361,19018,582792,58200,5731675,73907,7844311,77423,13575986,
All CA Counties,2021-04-05,352964,21042296,182070,10823249,131283,9596644,39611,622403,174293,5770217,177988,8022299,216530,13792516,
All CA Counties,2021-04-06,456889,21499185,231652,11054901,159814,9756458,65423,687826,221868,5825702,234111,8256410,289596,14082112,
All CA Counties,2021-04-07,471269,21970454,244930,11299831,156537,9912995,69802,757628,230044,5886900,240309,8496719,301507,14383619,
All CA Counties,2021-04-08,498640,22469094,251844,11551675,162656,10075651,84140,841768,235244,5947265,262302,8759021,322667,14706286,
All CA Counties,2021-04-09,493764,22962858,246428,11798103,167761,10243412,79575,921343,228044,5994311,264713,9023734,311759,15018045,
All CA Counties,2021-04-10,366252,23329110,167756,11965859,124486,10367898,74010,995353,154062,6014283,211481,9235215,231453,15249498,
All CA Counties,2021-04-11,186929,23516039,104918,12070777,47963,10415861,34048,1029401,77401,6019754,109196,9344411,114667,15364165,
All CA Counties,2021-04-12,338134,23854173,173616,12244393,126572,10542433,37946,1067347,156862,6037993,180355,9524766,198594,15562759,
All CA Counties,2021-04-13,430774,24284947,241121,12485514,188716,10731149,937,1068284,240861,6094153,188954,9713720,245114,15807873,
All CA Counties,2021-04-14,449261,24734208,252057,12737571,196919,10928068,285,1068569,234933,6120967,213211,9926931,240025,16047898,
All CA Counties,2021-04-15,489522,25223730,285335,13022906,203947,11132015,240,1068809,274851,6185745,213273,10140204,278051,16325949,
All CA Counties,2021-04-16,474011,25697741,266979,13289885,206724,11338739,308,1069117,253270,6222384,219567,10359771,256206,16582155,
All CA Counties,2021-04-17,340295,26038036,190702,13480587,149551,11488290,42,1069159,193810,6273886,145682,10505453,197184,16779339,
All CA Counties,2021-04-18,153949,26191985,97769,13578356,56163,11544453,17,1069176,79347,6282221,74216,10579669,82551,16861890,
All CA Counties,2021-04-19,316966,26508951,182954,13761310,133923,11678376,89,1069265,150197,6268665,165904,10745573,152348,17014238,
All CA Counties,2021-04-20,406130,26915081,216170,13977480,189893,11868269,67,1069332,202672,6272212,202451,10948024,205998,17220236,
All CA Counties,2021-04-21,419058,27334139,237929,14215409,180867,12049136,262,1069594,201652,6261407,216031,11164055,205226,17425462,
All CA Counties,2021-04-22,445515,27779654,254028,14469437,191412,12240548,75,1069669,199257,6219232,244925,11408980,202750,17628212,
All CA Counties,2021-04-23,436938,28216592,249001,14718438,187849,12428397,88,1069757,198009,6183316,237567,11646547,201651,17829863,
All CA Counties,2021-04-24,322804,28539396,204094,14922532,118547,12546944,163,1069920,163961,6193043,157911,11804458,167638,17997501,
All CA Counties,2021-04-25,149285,28688681,98513,15021045,50706,12597650,66,1069986,80580,6207051,68270,11872728,82278,18079779,
All CA Counties,2021-04-26,279590,28968271,164107,15185152,114014,12711664,1469,1071455,121373,6177045,157293,12030021,127287,18207066,
All CA Counties,2021-04-27,349772,29318043,194784,15379936,149470,12861134,5518,1076973,141084,6119164,207607,12237628,149726,18356792,
All CA Counties,2021-04-28,347042,29665085,199167,15579103,140045,13001179,7830,1084803,141449,6066295,204580,12442208,151711,18508503,
All CA Counties,2021-04-29,355834,30020919,205004,15784107,142985,13144164,7845,1092648,128277,5977919,226450,12668658,138074,18646577,
All CA Counties,2021-04-30,371176,30392095,213173,15997280,149179,13293343,8824,1101472,140409,5899628,229556,12898214,151265,18797842,
All CA Counties,2021-05-01,246288,30638383,157566,16154846,82702,13376045,6020,1107492,89529,5841462,155990,13054204,97824,18895666,
All CA Counties,2021-05-02,116698,30755081,81561,16236407,31271,13407316,3866,1111358,40972,5811381,75342,13129546,45261,18940927,
All CA Counties,2021-05-03,250948,31006029,154808,16391215,87481,13494797,8659,1120017,76139,5723107,174013,13303559,85739,19026666,
All CA Counties,2021-05-04,324389,31330418,197815,16589030,116874,13611671,9700,1129717,95878,5602469,227471,13531030,106833,19133499,
All CA Counties,2021-05-05,327874,31658292,203860,16792890,114050,13725721,9964,1139681,92495,5471772,234212,13765242,103515,19237014,
All CA Counties,2021-05-06,346588,32004880,226316,17019206,109823,13835544,10449,1150130,88279,5316363,256754,14021996,101345,19338359,
All CA Counties,2021-05-07,343500,32348380,215417,17234623,118285,13953829,9798,1159928,93487,5172291,248709,14270705,104637,19442996,
All CA Counties,2021-05-08,222888,32571268,141293,17375916,74923,14028752,6672,1166600,61320,5081255,160538,14431243,69502,19512498,
All CA Counties,2021-05-09,92994,32664262,69914,17445830,20108,14048860,2972,1169572,25495,5043136,67052,14498295,28933,19541431,
All CA Counties,2021-05-10,200129,32864391,113938,17559768,78469,14127329,7722,1177294,49833,4952651,149423,14647718,58938,19600369,
All CA Counties,2021-05-11,258340,33122731,144728,17704496,105511,14232840,8101,1185395,68144,4841315,189309,14837027,77973,19678342,
All CA Counties,2021-05-12,251941,33374672,144704,17849200,98915,14331755,8322,1193717,69034,4737830,181955,15018982,78470,19756812,
All CA Counties,2021-05-13,289271,33663943,185743,18034943,96497,14428252,7031,1200748,107908,4675135,180237,15199219,117542,19874354,
All CA Counties,2021-05-14,331535,33995478,212312,18247255,110516,14538768,8707,1209455,131017,4617680,199382,15398601,141927,20016281,
All CA Counties,2021-05-15,272860,34268338,190877,18438132,76148,14614916,5835,1215290,112548,4577597,159502,15558103,119419,20135700,
All CA Counties,2021-05-16,134583,34402921,103012,18541144,28652,14643568,2919,1218209,54981,4556810,79174,15637277,58387,20194087,
All CA Counties,2021-05-17,236721,34639642,156147,18697291,73289,14716857,7285,1225494,99014,4527284,136872,15774149,107346,20301433,
All CA Counties,2021-05-18,277075,34916717,169379,18866670,100385,14817242,7311,1232805,113381,4486877,162582,15936731,122175,20423608,
All CA Counties,2021-05-19,271317,35188034,169598,19036268,94270,14911512,7449,1240254,116581,4458368,153729,16090460,125220,20548828,
All CA Counties,2021-05-20,222427,35410461,133157,19169425,81998,14993510,7272,1247526,88925,4423311,132561,16223021,97504,20646332,
All CA Counties,2021-05-21,239387,35649848,148273,19317698,84050,15077560,7064,1254590,93702,4380444,144662,16367683,101795,20748127,
All CA Counties,2021-05-22,166708,35816556,112170,19429868,49084,15126644,5454,1260044,73479,4367630,92634,16460317,79820,20827947,
All CA Counties,2021-05-23,61139,35877695,45951,19475819,13061,15139705,2127,1262171,28355,4365830,32510,16492827,30710,20858657,
All CA Counties,2021-05-24,164639,36042334,95682,19571501,60829,15200534,8128,1270299,64780,4340514,99104,16591931,73788,20932445,
All CA Counties,2021-05-25,185683,36228017,109264,19680765,68614,15269148,7805,1278104,73435,4311614,111283,16703214,82383,21014828,
All CA Counties,2021-05-26,178444,36406461,102649,19783414,68244,15337392,7551,1285655,71765,4285997,105682,16808896,80065,21094893,
All CA Counties,2021-05-27,167893,36574354,95962,19879376,63715,15401107,8216,1293871,69932,4268026,97177,16906073,79206,21174099,
All CA Counties,2021-05-28,183408,36757762,105970,19985346,70608,15471715,6830,1300701,80063,4253560,102478,17008551,88012,21262111,
All CA Counties,2021-05-29,102407,36860169,63238,20048584,35526,15507241,3643,1304344,48651,4253075,53259,17061810,52774,21314885,
All CA Counties,2021-05-30,46022,36906191,30498,20079082,13190,15520431,2334,1306678,20739,4251316,25068,17086878,23309,21338194,
All CA Counties,2021-05-31,19583,36925774,11620,20090702,7008,15527439,955,1307633,6525,4245971,12941,17099819,7596,21345790,
All CA Counties,2021-06-01,150873,37076647,84914,20175616,59391,15586830,6568,1314201,55228,4213790,94809,17194628,62628,21408418,
All CA Counties,2021-06-02,70674,37147321,41828,20217444,23955,15610785,4891,1319092,25199,4199188,45025,17239653,30423,21438841,
All CA and Non-CA Counties,2020-12-15,1148,1148,1148,1148,0,0,0,0,1148,1148,0,0,1148,1148,
All CA and Non-CA Counties,2020-12-16,8709,9857,8709,9857,0,0,0,0,8709,9857,0,0,8709,9857,
All CA and Non-CA Counties,2020-12-17,27486,37343,27486,37343,0,0,0,0,27486,37343,0,0,27486,37343,
All CA and Non-CA Counties,2020-12-18,46468,83811,46405,83748,63,63,0,0,46468,83811,0,0,46468,83811,
All CA and Non-CA Counties,2020-12-19,26358,110169,26332,110080,26,89,0,0,26357,110167,1,1,26357,110168,
All CA and Non-CA Counties,2020-12-20,19732,129901,19702,129782,30,119,0,0,19731,129897,1,2,19731,129899,
All CA and Non-CA Counties,2020-12-21,51984,181885,51895,181677,89,208,0,0,51982,181878,2,4,51983,181882,
All CA and Non-CA Counties,2020-12-22,52257,234142,50053,231730,2204,2412,0,0,52255,234132,1,5,52255,234137,
All CA and Non-CA Counties,2020-12-23,52316,286458,43400,275130,8916,11328,0,0,52311,286442,4,9,52314,286451,
All CA and Non-CA Counties,2020-12-24,24966,311424,17051,292181,7915,19243,0,0,24963,311404,3,12,24965,311416,
All CA and Non-CA Counties,2020-12-25,2399,313823,2071,294252,328,19571,0,0,2399,313803,0,12,2399,313815,
All CA and Non-CA Counties,2020-12-26,15018,328841,9668,303920,5350,24921,0,0,15016,328818,1,13,15016,328831,
All CA and Non-CA Counties,2020-12-27,9630,338471,5664,309584,3966,28887,0,0,9629,338446,1,14,9629,338460,
All CA and Non-CA Counties,2020-12-28,47298,385769,30328,339912,16970,45857,0,0,47295,385738,3,17,47295,385755,
All CA and Non-CA Counties,2020-12-29,52556,438325,29454,369366,23102,68959,0,0,52552,438287,3,20,52552,438307,
All CA and Non-CA Counties,2020-12-30,64859,503184,36814,406180,28045,97004,0,0,64851,503135,6,26,64854,503161,
All CA and Non-CA Counties,2020-12-31,30474,533658,11461,417641,19013,116017,0,0,30463,533591,8,34,30464,533625,
All CA and Non-CA Counties,2021-01-01,4331,537989,1907,419548,2424,118441,0,0,4327,537915,3,37,4327,537952,
All CA and Non-CA Counties,2021-01-02,18686,556675,10499,430047,8187,126628,0,0,18684,556598,1,38,18684,556636,
All CA and Non-CA Counties,2021-01-03,6339,563014,3745,433792,2594,129222,0,0,6310,562896,12,50,6310,562946,
All CA and Non-CA Counties,2021-01-04,44744,607758,22732,456524,22012,151234,0,0,44659,607512,43,93,44659,607605,
All CA and Non-CA Counties,2021-01-05,58051,665809,30920,487444,27131,178365,0,0,52398,654410,5594,5687,52492,660097,
All CA and Non-CA Counties,2021-01-06,76059,741868,42245,529689,33814,212179,0,0,59928,698434,15948,21635,59972,720069,
All CA and Non-CA Counties,2021-01-07,96229,838097,55052,584741,41177,253356,0,0,63895,730242,32163,53798,63971,784040,
All CA and Non-CA Counties,2021-01-08,111203,949300,67099,651840,44104,297460,0,0,68147,755569,42913,96711,68240,852280,
All CA and Non-CA Counties,2021-01-09,45647,994947,26102,677942,19545,317005,0,0,28797,767573,16826,113537,28830,881110,
All CA and Non-CA Counties,2021-01-10,24616,1019563,15200,693142,9416,326421,0,0,13266,769528,11333,124870,13288,894398,
All CA and Non-CA Counties,2021-01-11,107797,1127360,71540,764682,36257,362678,0,0,62641,787249,45113,169983,62834,957232,
All CA and Non-CA Counties,2021-01-12,117279,1244639,69463,834145,47816,410494,0,0,74750,819814,42445,212428,75010,1032242,
All CA and Non-CA Counties,2021-01-13,122758,1367397,63604,897749,59154,469648,0,0,87902,873045,34771,247199,88002,1120244,
All CA and Non-CA Counties,2021-01-14,127438,1494835,50881,948630,76557,546205,0,0,107235,960370,20085,267284,107410,1227654,
All CA and Non-CA Counties,2021-01-15,145985,1640820,52802,1001432,93183,639388,0,0,130479,1075658,15400,282684,130688,1358342,
All CA and Non-CA Counties,2021-01-16,83079,1723899,27721,1029153,55358,694746,0,0,75346,1143353,7705,290389,75400,1433742,
All CA and Non-CA Counties,2021-01-17,48609,1772508,16958,1046111,31651,726397,0,0,44922,1184642,3680,294069,44969,1478711,
All CA and Non-CA Counties,2021-01-18,89330,1861838,46781,1092892,42549,768946,0,0,69605,1234777,19649,313718,69784,1548495,
All CA and Non-CA Counties,2021-01-19,145965,2007803,74943,1167835,71022,839968,0,0,113962,1317165,31911,345629,114299,1662794,
All CA and Non-CA Counties,2021-01-20,164678,2172481,83381,1251216,81297,921265,0,0,130152,1413282,34305,379934,130422,1793216,
All CA and Non-CA Counties,2021-01-21,177393,2349874,78068,1329284,99325,1020590,0,0,157755,1551977,19415,399349,158110,1951326,
All CA and Non-CA Counties,2021-01-22,174056,2523930,70296,1399580,103760,1124350,0,0,159392,1696989,14527,413876,159539,2110865,
All CA and Non-CA Counties,2021-01-23,113527,2637457,49778,1449358,63749,1188099,0,0,100883,1785415,12586,426462,101012,2211877,
All CA and Non-CA Counties,2021-01-24,61554,2699011,29716,1479074,31838,1219937,0,0,56835,1837621,4690,431152,56896,2268773,
All CA and Non-CA Counties,2021-01-25,149586,2848597,67323,1546397,82263,1302200,0,0,113629,1915819,35829,466981,114027,2382800,
All CA and Non-CA Counties,2021-01-26,174446,3023043,85712,1632109,88734,1390934,0,0,136204,2014213,38111,505092,136505,2519305,
All CA and Non-CA Counties,2021-01-27,186992,3210035,90392,1722501,96600,1487534,0,0,147134,2122068,39535,544627,147390,2666695,
All CA and Non-CA Counties,2021-01-28,192999,3403034,89528,1812029,103471,1591005,0,0,158356,2246306,34351,578978,158589,2825284,
All CA and Non-CA Counties,2021-01-29,188328,3591362,91400,1903429,96928,1687933,0,0,153004,2364765,34752,613730,153211,2978495,
All CA and Non-CA Counties,2021-01-30,127846,3719208,58063,1961492,69783,1757716,0,0,112235,2461697,15450,629180,112382,3090877,
All CA and Non-CA Counties,2021-01-31,72023,3791231,41279,2002771,30744,1788460,0,0,67206,2524191,4768,633948,67262,3158139,
All CA and Non-CA Counties,2021-02-01,167294,3958525,78520,2081291,88774,1877234,0,0,126066,2609502,41063,675011,126374,3284513,
All CA and Non-CA Counties,2021-02-02,191317,4149842,79938,2161229,111379,1988613,0,0,146377,2711525,44656,719667,146679,3431192,
All CA and Non-CA Counties,2021-02-03,218057,4367899,97551,2258780,120506,2109119,0,0,163001,2820386,54552,774219,163413,3594605,
All CA and Non-CA Counties,2021-02-04,234460,4602359,101935,2360715,132525,2241644,0,0,173053,2933024,60863,835082,173501,3768106,
All CA and Non-CA Counties,2021-02-05,252545,4854904,108539,2469254,144006,2385650,0,0,172896,3027681,78878,913960,173535,3941641,
All CA and Non-CA Counties,2021-02-06,159188,5014092,77002,2546256,82186,2467836,0,0,123999,3117184,35015,948975,124518,4066159,
All CA and Non-CA Counties,2021-02-07,69061,5083153,45059,2591315,24002,2491838,0,0,52579,3153819,16403,965378,53038,4119197,
All CA and Non-CA Counties,2021-02-08,186006,5269159,92261,2683576,93745,2585583,0,0,123724,3216642,61842,1027220,124665,4243862,
All CA and Non-CA Counties,2021-02-09,215532,5484691,104069,2787645,111463,2697046,0,0,129739,3262246,85335,1112555,130939,4374801,
All CA and Non-CA Counties,2021-02-10,253921,5738612,121582,2909227,132339,2829385,0,0,141138,3293017,111963,1224518,142734,4517535,
All CA and Non-CA Counties,2021-02-11,270084,6008696,133647,3042874,136437,2965822,0,0,148586,3323078,120383,1344901,150444,4667979,
All CA and Non-CA Counties,2021-02-12,277355,6286051,121249,3164123,156106,3121928,0,0,150389,3349806,126097,1470998,152825,4820804,
All CA and Non-CA Counties,2021-02-13,169153,6455204,77972,3242095,91181,3213109,0,0,94101,3371227,74684,1545682,96105,4916909,
All CA and Non-CA Counties,2021-02-14,96605,6551809,47799,3289894,48806,3261915,0,0,52773,3381956,43663,1589345,54392,4971301,
All CA and Non-CA Counties,2021-02-15,144873,6696682,63967,3353861,80906,3342821,0,0,80092,3400842,64392,1653737,83278,5054579,
All CA and Non-CA Counties,2021-02-16,255191,6951873,120946,3474807,134245,3477066,0,0,135777,3420780,119024,1772761,138962,5193541,
All CA and Non-CA Counties,2021-02-17,264728,7216601,131751,3606558,132977,3610043,0,0,130852,3421560,133332,1906093,134112,5327653,
All CA and Non-CA Counties,2021-02-18,278880,7495481,145833,3752391,133047,3743090,0,0,133899,3415505,144265,2050358,138210,5465863,
All CA and Non-CA Counties,2021-02-19,258182,7753663,150456,3902847,107726,3850816,0,0,132934,3425932,124752,2175110,135179,5601042,
All CA and Non-CA Counties,2021-02-20,155950,7909613,100533,4003380,55417,3906233,0,0,85381,3443076,70306,2245416,87450,5688492,
All CA and Non-CA Counties,2021-02-21,84756,7994369,70495,4073875,14261,3920494,0,0,42206,3444598,42309,2287725,43831,5732323,
All CA and Non-CA Counties,2021-02-22,167210,8161579,112354,4186229,54856,3975350,0,0,83795,3447183,83096,2370821,85681,5818004,
All CA and Non-CA Counties,2021-02-23,231272,8392851,122718,4308947,108554,4083904,0,0,107372,3437306,123297,2494118,113420,5931424,
All CA and Non-CA Counties,2021-02-24,289189,8682040,146466,4455413,142723,4226627,0,0,136914,3430223,151647,2645765,144564,6075988,
All CA and Non-CA Counties,2021-02-25,326719,9008759,160978,4616391,165741,4392368,0,0,170482,3453823,155518,2801283,179118,6255106,
All CA and Non-CA Counties,2021-02-26,360061,9368820,167974,4784365,192087,4584455,0,0,200147,3502353,158926,2960209,207456,6462562,
All CA and Non-CA Counties,2021-02-27,256851,9625671,124868,4909233,131960,4716415,23,23,144683,3539959,111536,3071745,149142,6611704,
All CA and Non-CA Counties,2021-02-28,132798,9758469,79729,4988962,53063,4769478,6,29,76962,3564364,55410,3127155,79815,6691519,
All CA and Non-CA Counties,2021-03-01,244842,10003311,130931,5119893,113812,4883290,99,128,139923,3604268,104160,3231315,144064,6835583,
All CA and Non-CA Counties,2021-03-02,295554,10298865,148621,5268514,146913,5030203,20,148,176611,3669398,118419,3349734,183549,7019132,
All CA and Non-CA Counties,2021-03-03,339737,10638602,167751,5436265,171930,5202133,56,204,193928,3725619,145114,3494848,201335,7220467,
All CA and Non-CA Counties,2021-03-04,357836,10996438,180614,5616879,177126,5379259,96,300,208501,3792707,148574,3643422,215662,7436129,
All CA and Non-CA Counties,2021-03-05,344738,11341176,169766,5786645,173835,5553094,1137,1437,214263,3885748,129657,3773079,222698,7658827,
All CA and Non-CA Counties,2021-03-06,264109,11605285,135378,5922023,120725,5673819,8006,9443,163867,3962513,99828,3872907,176593,7835420,
All CA and Non-CA Counties,2021-03-07,129218,11734503,79506,6001529,45512,5719331,4200,13643,80981,4003333,48051,3920958,88871,7924291,
All CA and Non-CA Counties,2021-03-08,221952,11956455,108123,6109652,103133,5822464,10696,24339,145621,4088708,75922,3996880,161297,8085588,
All CA and Non-CA Counties,2021-03-09,296027,12252482,141753,6251405,138080,5960544,16194,40533,166479,4146411,129067,4125947,186770,8272358,
All CA and Non-CA Counties,2021-03-10,326937,12579419,163055,6414460,138926,6099470,24956,65489,177752,4204779,148528,4274475,206896,8479254,
All CA and Non-CA Counties,2021-03-11,382645,12962064,185122,6599582,163523,6262993,34000,99489,196959,4255246,184751,4459226,235218,8714472,
All CA and Non-CA Counties,2021-03-12,401584,13363648,180583,6780165,173992,6436985,47009,146498,198056,4301933,202722,4661948,249409,8963881,
All CA and Non-CA Counties,2021-03-13,287053,13650701,127070,6907235,128394,6565379,31589,178087,156011,4363408,130588,4792536,192063,9155944,
All CA and Non-CA Counties,2021-03-14,156712,13807413,84218,6991453,57068,6622447,15426,193513,79941,4384588,76488,4869024,97668,9253612,
All CA and Non-CA Counties,2021-03-15,294562,14101975,140935,7132388,132614,6755061,21013,214526,160631,4436455,133201,5002225,185068,9438680,
All CA and Non-CA Counties,2021-03-16,377671,14479646,178244,7310632,181752,6936813,17675,232201,219168,4518766,157771,5159996,240082,9678762,
All CA and Non-CA Counties,2021-03-17,391965,14871611,195164,7505796,177881,7114694,18920,251121,243025,4635138,148124,5308120,264496,9943258,
All CA and Non-CA Counties,2021-03-18,409001,15280612,210417,7716213,180066,7294760,18518,269639,243646,4735158,164262,5472382,264282,10207540,
All CA and Non-CA Counties,2021-03-19,417974,15698586,220277,7936490,175575,7470335,22122,291761,244202,4830740,172797,5645179,268379,10475919,
All CA and Non-CA Counties,2021-03-20,299490,15998076,158193,8094683,125353,7595688,15944,307705,190680,4930695,108144,5753323,208099,10684018,
All CA and Non-CA Counties,2021-03-21,145774,16143850,100775,8195458,37389,7633077,7610,315315,91923,4978114,53492,5806815,100911,10784929,
All CA and Non-CA Counties,2021-03-22,276405,16420255,161088,8356546,104028,7737105,11289,326604,181269,5079373,94352,5901167,195611,10980540,
All CA and Non-CA Counties,2021-03-23,363130,16783385,199683,8556229,152088,7889193,11359,337963,223946,5179034,138265,6039432,237926,11218466,
All CA and Non-CA Counties,2021-03-24,394557,17177942,225687,8781916,155965,8045158,12905,350868,231187,5263165,162136,6201568,246267,11464733,
All CA and Non-CA Counties,2021-03-25,425757,17603699,234044,9015960,176382,8221540,15331,366199,243465,5343279,180981,6382549,261095,11725828,
All CA and Non-CA Counties,2021-03-26,441387,18045086,236310,9252270,188831,8410371,16246,382445,239888,5402163,200271,6582820,259155,11984983,
All CA and Non-CA Counties,2021-03-27,317815,18362901,169520,9421790,136299,8546670,11996,394441,161684,5422911,155317,6738137,176065,12161048,
All CA and Non-CA Counties,2021-03-28,172216,18535117,110565,9532355,57912,8604582,3739,398180,91759,5440422,80005,6818142,97516,12258564,
All CA and Non-CA Counties,2021-03-29,315263,18850380,169757,9702112,136113,8740695,9393,407573,176390,5490672,138116,6956258,188366,12446930,
All CA and Non-CA Counties,2021-03-30,404970,19255350,205514,9907626,180700,8921395,18756,426329,228352,5563830,175830,7132088,248988,12695918,
All CA and Non-CA Counties,2021-03-31,432405,19687755,235838,10143464,174126,9095521,22441,448770,241804,5639648,189597,7321685,265415,12961333,
All CA and Non-CA Counties,2021-04-01,498664,20186419,256494,10399958,201333,9296854,40837,489607,275918,5736298,221448,7543133,318098,13279431,
All CA and Non-CA Counties,2021-04-02,481668,20668087,235409,10635367,202021,9498875,44238,533845,261881,5825735,218570,7761703,308007,13587438,
All CA and Non-CA Counties,2021-04-03,335468,21003555,171420,10806787,121487,9620362,42561,576406,167621,5869937,167212,7928915,211414,13798852,
All CA and Non-CA Counties,2021-04-04,134198,21137753,69970,10876757,44975,9665337,19253,595659,59181,5873852,74722,8003637,78637,13877489,
All CA and Non-CA Counties,2021-04-05,357101,21494854,184127,11060884,132700,9798037,40274,635933,176264,5912868,180148,8183785,219164,14096653,
All CA and Non-CA Counties,2021-04-06,463909,21958763,235437,11296321,161453,9959490,67019,702952,224709,5968623,238278,8422063,294033,14390686,
All CA and Non-CA Counties,2021-04-07,479491,22438254,249669,11545990,158328,10117818,71494,774446,233247,6029705,245320,8667383,306402,14697088,
All CA and Non-CA Counties,2021-04-08,506797,22945051,256195,11802185,164519,10282337,86083,860529,238433,6090241,267263,8934646,327799,15024887,
All CA and Non-CA Counties,2021-04-09,501235,23446286,250313,12052498,169425,10451762,81497,942026,230923,6137514,269297,9203943,316570,15341457,
All CA and Non-CA Counties,2021-04-10,372394,23818680,170863,12223361,125657,10577419,75874,1017900,155785,6156663,215894,9419837,235043,15576500,
All CA and Non-CA Counties,2021-04-11,189764,24008444,106460,12329821,48620,10626039,34684,1052584,78359,6161860,111070,9530907,116267,15692767,
All CA and Non-CA Counties,2021-04-12,342226,24350670,175908,12505729,127831,10753870,38487,1091071,158667,6180164,182636,9713543,200940,15893707,
All CA and Non-CA Counties,2021-04-13,436517,24787187,244824,12750553,190733,10944603,960,1092031,243806,6236501,191746,9905289,248083,16141790,
All CA and Non-CA Counties,2021-04-14,454564,25241751,255416,13005969,198859,11143462,289,1092320,237801,6263756,215644,10120933,242899,16384689,
All CA and Non-CA Counties,2021-04-15,495665,25737416,289212,13295181,206206,11349668,247,1092567,278131,6329012,216083,10337016,281339,16666028,
All CA and Non-CA Counties,2021-04-16,479881,26217297,270369,13565550,209197,11558865,315,1092882,256527,6366313,222170,10559186,259471,16925499,
All CA and Non-CA Counties,2021-04-17,345664,26562961,193961,13759511,151660,11710525,43,1092925,196859,6418551,147996,10707182,200234,17125733,
All CA and Non-CA Counties,2021-04-18,156040,26719001,98928,13858439,57094,11767619,18,1092943,80325,6426757,75325,10782507,83531,17209264,
All CA and Non-CA Counties,2021-04-19,321117,27040118,184981,14043420,136046,11903665,90,1093033,152335,6413341,167906,10950413,154490,17363754,
All CA and Non-CA Counties,2021-04-20,411505,27451623,218632,14262052,192806,12096471,67,1093100,204869,6415909,205627,11156040,208195,17571949,
All CA and Non-CA Counties,2021-04-21,425450,27877073,240655,14502707,184529,12281000,266,1093366,203931,6403284,220134,11376174,207509,17779458,
All CA and Non-CA Counties,2021-04-22,452280,28329353,257522,14760229,194679,12475679,79,1093445,201713,6359272,249224,11625398,205212,17984670,
All CA and Non-CA Counties,2021-04-23,442897,28772250,252025,15012254,190783,12666462,89,1093534,200478,6322352,241042,11866440,204122,18188792,
All CA and Non-CA Counties,2021-04-24,327301,29099551,207082,15219336,120052,12786514,167,1093701,165708,6331087,160657,12027097,169392,18358184,
All CA and Non-CA Counties,2021-04-25,151509,29251060,99791,15319127,51650,12838164,68,1093769,81754,6345226,69318,12096415,83457,18441641,
All CA and Non-CA Counties,2021-04-26,283263,29534323,165764,15484891,116004,12954168,1495,1095264,123021,6314873,159314,12255729,128961,18570602,
All CA and Non-CA Counties,2021-04-27,355157,29889480,196748,15681639,152594,13106762,5815,1101079,143065,6255870,211013,12466742,152010,18722612,
All CA and Non-CA Counties,2021-04-28,351996,30241476,201310,15882949,142461,13249223,8225,1109304,143450,6202450,207528,12674270,154108,18876720,
All CA and Non-CA Counties,2021-04-29,360822,30602298,207320,16090269,145225,13394448,8277,1117581,130236,6113452,229463,12903733,140465,19017185,
All CA and Non-CA Counties,2021-04-30,376223,30978521,215674,16305943,151296,13545744,9253,1126834,142402,6034534,232606,13136339,153688,19170873,
All CA and Non-CA Counties,2021-05-01,249597,31228118,159539,16465482,83609,13629353,6449,1133283,90926,5976283,157901,13294240,99650,19270523,
All CA and Non-CA Counties,2021-05-02,118591,31346709,82668,16548150,31933,13661286,3990,1137273,41840,5946170,76366,13370606,46253,19316776,
All CA and Non-CA Counties,2021-05-03,253999,31600708,156603,16704753,88455,13749741,8941,1146214,77426,5857700,175777,13546383,87307,19404083,
All CA and Non-CA Counties,2021-05-04,328672,31929380,200269,16905022,118256,13867997,10147,1156361,97550,5736564,230083,13776466,108947,19513030,
All CA and Non-CA Counties,2021-05-05,332509,32261889,206610,17111632,115563,13983560,10336,1166697,94367,5605357,236969,14013435,105762,19618792,
All CA and Non-CA Counties,2021-05-06,351138,32613027,229205,17340837,111141,14094701,10792,1177489,90025,5449234,259556,14272991,103433,19722225,
All CA and Non-CA Counties,2021-05-07,348422,32961449,218354,17559191,119882,14214583,10186,1187675,95445,5304552,251664,14524655,106982,19829207,
All CA and Non-CA Counties,2021-05-08,226480,33187929,143771,17702962,75790,14290373,6919,1194594,62817,5213224,162575,14687230,71247,19900454,
All CA and Non-CA Counties,2021-05-09,94378,33282307,70804,17773766,20473,14310846,3101,1197695,26091,5175061,67820,14755050,29657,19930111,
All CA and Non-CA Counties,2021-05-10,202822,33485129,115201,17888967,79573,14390419,8048,1205743,50916,5084393,151017,14906067,60349,19990460,
All CA and Non-CA Counties,2021-05-11,261249,33746378,146151,18035118,106711,14497130,8387,1214130,69310,4972769,191052,15097119,79428,20069888,
All CA and Non-CA Counties,2021-05-12,254831,34001209,146049,18181167,100162,14597292,8620,1222750,70151,4868930,183723,15280842,79884,20149772,
All CA and Non-CA Counties,2021-05-13,292064,34293273,187344,18368511,97489,14694781,7231,1229981,109176,4806186,181756,15462598,119012,20268784,
All CA and Non-CA Counties,2021-05-14,335087,34628360,214361,18582872,111784,14806565,8942,1238923,132668,4748724,201276,15663874,143814,20412598,
All CA and Non-CA Counties,2021-05-15,275518,34903878,192443,18775315,77096,14883661,5979,1244902,113718,4708475,160985,15824859,120736,20533334,
All CA and Non-CA Counties,2021-05-16,136231,35040109,104061,18879376,29181,14912842,2989,1247891,55768,4687688,80032,15904891,59245,20592579,
All CA and Non-CA Counties,2021-05-17,239806,35279915,157829,19037205,74455,14987297,7522,1255413,100457,4658210,138510,16043401,109032,20701611,
All CA and Non-CA Counties,2021-05-18,280353,35560268,171082,19208287,101640,15088937,7631,1263044,114961,4618020,164267,16207668,124077,20825688,
All CA and Non-CA Counties,2021-05-19,274689,35834957,171371,19379658,95595,15184532,7723,1270767,118121,4589500,155554,16363222,127034,20952722,
All CA and Non-CA Counties,2021-05-20,224777,36059734,134582,19514240,82717,15267249,7478,1278245,90131,4554721,133697,16496919,98918,21051640,
All CA and Non-CA Counties,2021-05-21,242172,36301906,150027,19664267,84854,15352103,7291,1285536,95082,4512066,146058,16642977,103403,21155043,
All CA and Non-CA Counties,2021-05-22,169177,36471083,113862,19778129,49676,15401779,5639,1291175,75047,4500111,93527,16736504,81572,21236615,
All CA and Non-CA Counties,2021-05-23,62309,36533392,46907,19825036,13213,15414992,2189,1293364,29036,4498569,32996,16769500,31454,21268069,
All CA and Non-CA Counties,2021-05-24,167683,36701075,97357,19922393,61828,15476820,8498,1301862,66357,4473741,100564,16870064,75736,21343805,
All CA and Non-CA Counties,2021-05-25,188949,36890024,111057,20033450,69726,15546546,8166,1310028,75010,4445099,112961,16983025,84319,21428124,
All CA and Non-CA Counties,2021-05-26,181668,37071692,104404,20137854,69358,15615904,7906,1317934,73224,4419539,107439,17090464,81879,21510003,
All CA and Non-CA Counties,2021-05-27,170897,37242589,97622,20235476,64739,15680643,8536,1326470,71376,4401778,98729,17189193,80968,21590971,
All CA and Non-CA Counties,2021-05-28,186794,37429383,107931,20343407,71646,15752289,7217,1333687,81651,4387501,104265,17293458,89988,21680959,
All CA and Non-CA Counties,2021-05-29,104485,37533868,64419,20407826,36067,15788356,3999,1337686,49705,4387404,54282,17347740,54185,21735144,
All CA and Non-CA Counties,2021-05-30,47195,37581063,31283,20439109,13452,15801808,2460,1340146,21438,4386000,25538,17373278,24134,21759278,
All CA and Non-CA Counties,2021-05-31,20051,37601114,11836,20450945,7219,15809027,996,1341142,6752,4380694,13170,17386448,7864,21767142,
All CA and Non-CA Counties,2021-06-01,153377,37754491,86298,20537243,60208,15869235,6871,1348013,56449,4348758,96088,17482536,64152,21831294,
All CA and Non-CA Counties,2021-06-02,71807,37826298,42372,20579615,24295,15893530,5140,1353153,25704,4334287,45647,17528183,31176,21862470,
Outside California,2020-12-15,7,7,7,7,0,0,0,0,7,7,0,0,7,7,Not in California
Outside California,2020-12-16,272,279,272,279,0,0,0,0,272,279,0,0,272,279,Not in California
Outside California,2020-12-17,1600,1879,1600,1879,0,0,0,0,1600,1879,0,0,1600,1879,Not in California
Outside California,2020-12-18,2551,4430,2544,4423,7,7,0,0,2551,4430,0,0,2551,4430,Not in California
Outside California,2020-12-19,1037,5467,1036,5459,1,8,0,0,1037,5467,0,0,1037,5467,Not in California
Outside California,2020-12-20,682,6149,679,6138,3,11,0,0,682,6149,0,0,682,6149,Not in California
Outside California,2020-12-21,2189,8338,2186,8324,3,14,0,0,2189,8338,0,0,2189,8338,Not in California
Outside California,2020-12-22,2086,10424,2012,10336,74,88,0,0,2086,10424,0,0,2086,10424,Not in California
Outside California,2020-12-23,1534,11958,1394,11730,140,228,0,0,1533,11957,0,0,1533,11957,Not in California
Outside California,2020-12-24,805,12763,612,12342,193,421,0,0,805,12762,0,0,805,12762,Not in California
Outside California,2020-12-25,34,12797,29,12371,5,426,0,0,34,12796,0,0,34,12796,Not in California
Outside California,2020-12-26,307,13104,203,12574,104,530,0,0,307,13103,0,0,307,13103,Not in California
Outside California,2020-12-27,190,13294,74,12648,116,646,0,0,190,13293,0,0,190,13293,Not in California
Outside California,2020-12-28,1412,14706,891,13539,521,1167,0,0,1412,14705,0,0,1412,14705,Not in California
Outside California,2020-12-29,1543,16249,1013,14552,530,1697,0,0,1543,16248,0,0,1543,16248,Not in California
Outside California,2020-12-30,1916,18165,1229,15781,687,2384,0,0,1916,18164,0,0,1916,18164,Not in California
Outside California,2020-12-31,1119,19284,602,16383,517,2901,0,0,1118,19281,1,1,1118,19282,Not in California
Outside California,2021-01-01,112,19396,25,16408,87,2988,0,0,112,19393,0,1,112,19394,Not in California
Outside California,2021-01-02,239,19635,132,16540,107,3095,0,0,238,19630,1,2,238,19632,Not in California
Outside California,2021-01-03,170,19805,91,16631,79,3174,0,0,170,19800,0,2,170,19802,Not in California
Outside California,2021-01-04,1151,20956,514,17145,637,3811,0,0,1146,20945,1,3,1146,20948,Not in California
Outside California,2021-01-05,1546,22502,817,17962,729,4540,0,0,1354,22110,190,193,1355,22303,Not in California
Outside California,2021-01-06,2704,25206,1596,19558,1108,5648,0,0,1965,23340,735,928,1965,24268,Not in California
Outside California,2021-01-07,4139,29345,2532,22090,1607,7255,0,0,2485,24175,1652,2580,2487,26755,Not in California
Outside California,2021-01-08,4510,33855,2917,25007,1593,8848,0,0,2638,24954,1862,4442,2641,29396,Not in California
Outside California,2021-01-09,1321,35176,533,25540,788,9636,0,0,993,25622,327,4769,995,30391,Not in California
Outside California,2021-01-10,305,35481,182,25722,123,9759,0,0,184,25685,121,4890,184,30575,Not in California
Outside California,2021-01-11,3300,38781,2007,27729,1293,11052,0,0,1973,26331,1327,6217,1973,32548,Not in California
Outside California,2021-01-12,3874,42655,2317,30046,1557,12609,0,0,2334,27132,1536,7753,2337,34885,Not in California
Outside California,2021-01-13,3676,46331,1801,31847,1875,14484,0,0,2504,28467,1172,8925,2507,37392,Not in California
Outside California,2021-01-14,3720,50051,1276,33123,2444,16928,0,0,3080,30922,627,9552,3082,40474,Not in California
Outside California,2021-01-15,4240,54291,994,34117,3246,20174,0,0,3773,34241,454,10006,3773,44247,Not in California
Outside California,2021-01-16,2694,56985,386,34503,2308,22482,0,0,2518,36585,174,10180,2518,46765,Not in California
Outside California,2021-01-17,502,57487,154,34657,348,22830,0,0,451,36985,51,10231,451,47216,Not in California
Outside California,2021-01-18,1196,58683,767,35424,429,23259,0,0,742,37274,453,10684,742,47958,Not in California
Outside California,2021-01-19,4074,62757,1321,36745,2753,26012,0,0,3185,39573,889,11573,3188,51146,Not in California
Outside California,2021-01-20,4431,67188,1407,38152,3024,29036,0,0,3494,42135,933,12506,3495,54641,Not in California
Outside California,2021-01-21,4138,71326,1125,39277,3013,32049,0,0,3574,45160,549,13055,3574,58215,Not in California
Outside California,2021-01-22,4645,75971,1093,40370,3552,35601,0,0,4243,49006,398,13453,4244,62459,Not in California
Outside California,2021-01-23,2275,78246,335,40705,1940,37541,0,0,2113,50957,162,13615,2113,64572,Not in California
Outside California,2021-01-24,608,78854,246,40951,362,37903,0,0,531,51411,77,13692,531,65103,Not in California
Outside California,2021-01-25,4533,83387,1951,42902,2582,40485,0,0,3631,54144,899,14591,3632,68735,Not in California
Outside California,2021-01-26,5949,89336,2877,45779,3072,43557,0,0,5080,58363,868,15459,5087,73822,Not in California
Outside California,2021-01-27,5030,94366,2667,48446,2363,45920,0,0,4394,62126,632,16091,4395,78217,Not in California
Outside California,2021-01-28,5308,99674,2860,51306,2448,48368,0,0,4763,66354,535,16626,4763,82980,Not in California
Outside California,2021-01-29,4926,104600,3078,54384,1848,50216,0,0,4136,69708,784,17410,4138,87118,Not in California
Outside California,2021-01-30,4489,109089,2439,56823,2050,52266,0,0,4255,73733,231,17641,4256,91374,Not in California
Outside California,2021-01-31,3057,112146,2637,59460,420,52686,0,0,3003,76684,53,17694,3004,94378,Not in California
Outside California,2021-02-01,5516,117662,2572,62032,2944,55630,0,0,4814,80804,694,18388,4814,99192,Not in California
Outside California,2021-02-02,6788,124450,2159,64191,4629,60259,0,0,6066,86155,715,19103,6066,105258,Not in California
Outside California,2021-02-03,7319,131769,2081,66272,5238,65497,0,0,6446,91739,865,19968,6449,111707,Not in California
Outside California,2021-02-04,6800,138569,2177,68449,4623,70120,0,0,5800,96549,991,20959,5801,117508,Not in California
Outside California,2021-02-05,6810,145379,2236,70685,4574,74694,0,0,5737,101217,1069,22028,5737,123245,Not in California
Outside California,2021-02-06,4438,149817,2160,72845,2278,76972,0,0,3970,104731,459,22487,3973,127218,Not in California
Outside California,2021-02-07,2236,152053,1847,74692,389,77361,0,0,2155,106807,81,22568,2157,129375,Not in California
Outside California,2021-02-08,5348,157401,3378,78070,1970,79331,0,0,4288,110046,1049,23617,4288,133663,Not in California
Outside California,2021-02-09,4291,161692,1925,79995,2366,81697,0,0,2982,111744,1298,24915,2996,136659,Not in California
Outside California,2021-02-10,5609,167301,1942,81937,3667,85364,0,0,3172,112529,2428,27343,3213,139872,Not in California
Outside California,2021-02-11,4849,172150,2267,84204,2582,87946,0,0,3546,114800,1293,28636,3564,143436,Not in California
Outside California,2021-02-12,5258,177408,1960,86164,3298,91244,0,0,3428,116414,1818,30454,3432,146868,Not in California
Outside California,2021-02-13,2439,179847,726,86890,1713,92957,0,0,1884,117756,554,31008,1896,148764,Not in California
Outside California,2021-02-14,1344,181191,421,87311,923,93880,0,0,1101,118620,239,31247,1103,149867,Not in California
Outside California,2021-02-15,2549,183740,1531,88842,1018,94898,0,0,1234,118556,1302,32549,1238,151105,Not in California
Outside California,2021-02-16,6431,190171,2879,91721,3552,98450,0,0,2587,117315,3833,36382,2592,153697,Not in California
Outside California,2021-02-17,5945,196116,2977,94698,2968,101418,0,0,1851,115083,4088,40470,1856,155553,Not in California
Outside California,2021-02-18,6416,202532,3710,98408,2706,104124,0,0,2055,112796,4343,44813,2056,157609,Not in California
Outside California,2021-02-19,5729,208261,3965,102373,1764,105888,0,0,2427,111929,3296,48109,2429,160038,Not in California
Outside California,2021-02-20,3337,211598,2688,105061,649,106537,0,0,1244,111086,2089,50198,1246,161284,Not in California
Outside California,2021-02-21,2731,214329,2514,107575,217,106754,0,0,853,110069,1873,52071,856,162140,Not in California
Outside California,2021-02-22,3475,217804,2539,110114,936,107690,0,0,1626,109854,1846,53917,1631,163771,Not in California
Outside California,2021-02-23,6008,223812,3369,113483,2639,110329,0,0,2346,108559,3655,57572,2360,166131,Not in California
Outside California,2021-02-24,6412,230224,3536,117019,2876,113205,0,0,2457,107071,3950,61522,2462,168593,Not in California
Outside California,2021-02-25,6915,237139,3508,120527,3407,116612,0,0,3072,106335,3812,65334,3076,171669,Not in California
Outside California,2021-02-26,6849,243988,3625,124152,3224,119836,0,0,3095,105756,3675,69009,3096,174765,Not in California
Outside California,2021-02-27,5502,249490,2769,126921,2732,122568,1,1,1875,104019,3616,72625,1879,176644,Not in California
Outside California,2021-02-28,2440,251930,1777,128698,662,123230,1,2,799,103181,1639,74264,801,177445,Not in California
Outside California,2021-03-01,4970,256900,3162,131860,1807,125037,1,3,1350,100925,3612,77876,1356,178801,Not in California
Outside California,2021-03-02,6741,263641,2492,134352,4249,129286,0,3,2055,98309,4673,82549,2057,180858,Not in California
Outside California,2021-03-03,7875,271516,3074,137426,4799,134085,2,5,2639,95732,5222,87771,2645,183503,Not in California
Outside California,2021-03-04,6805,278321,2903,140329,3896,137981,6,11,2303,93557,4486,92257,2311,185814,Not in California
Outside California,2021-03-05,5285,283606,2677,143006,2594,140575,14,25,2727,93759,2547,94804,2749,188563,Not in California
Outside California,2021-03-06,4614,288220,2147,145153,2312,142887,155,180,2343,93997,2268,97072,2506,191069,Not in California
Outside California,2021-03-07,1606,289826,1031,146184,520,143407,55,235,976,94401,629,97701,1033,192102,Not in California
Outside California,2021-03-08,3112,292938,1844,148028,1022,144429,246,481,2206,95983,877,98578,2459,194561,Not in California
Outside California,2021-03-09,4653,297591,2367,150395,1970,146399,316,797,2744,97138,1905,100483,3060,197621,Not in California
Outside California,2021-03-10,4418,302009,2118,152513,1786,148185,514,1311,2729,98708,1680,102163,3250,200871,Not in California
Outside California,2021-03-11,6169,308178,3149,155662,2338,150523,682,1993,3329,99886,2834,104997,4012,204883,Not in California
Outside California,2021-03-12,6485,314663,3891,159553,1868,152391,726,2719,3610,101362,2867,107864,4343,209226,Not in California
Outside California,2021-03-13,3794,318457,2192,161745,1130,153521,472,3191,2600,103262,1185,109049,3085,212311,Not in California
Outside California,2021-03-14,1819,320276,940,162685,539,154060,340,3531,1008,103802,811,109860,1351,213662,Not in California
Outside California,2021-03-15,4068,324344,2124,164809,1483,155543,461,3992,2183,104571,1878,111738,2647,216309,Not in California
Outside California,2021-03-16,7520,331864,4378,169187,2759,158302,383,4375,4177,105788,3340,115078,4557,220866,Not in California
Outside California,2021-03-17,8442,340306,5458,174645,2608,160910,376,4751,5079,107885,3359,118437,5456,226322,Not in California
Outside California,2021-03-18,8328,348634,5141,179786,2648,163558,539,5290,4834,109771,3486,121923,5372,231694,Not in California
Outside California,2021-03-19,7334,355968,4344,184130,2446,166004,544,5834,4406,111802,2923,124846,4954,236648,Not in California
Outside California,2021-03-20,4767,360735,3146,187276,1534,167538,87,5921,3657,114443,1103,125949,3744,240392,Not in California
Outside California,2021-03-21,2096,362831,1439,188715,570,168108,87,6008,1681,115798,413,126362,1768,242160,Not in California
Outside California,2021-03-22,3244,366075,1955,190670,1201,169309,88,6096,2223,117095,1014,127376,2311,244471,Not in California
Outside California,2021-03-23,6070,372145,3097,193767,2673,171982,300,6396,4134,119607,1922,129298,4434,248905,Not in California
Outside California,2021-03-24,7332,379477,3774,197541,3109,175091,449,6845,5091,122911,2234,131532,5538,254443,Not in California
Outside California,2021-03-25,8274,387751,3855,201396,3895,178986,524,7369,6034,127243,2228,133760,6560,261003,Not in California
Outside California,2021-03-26,6668,394419,3553,204949,2942,181928,173,7542,4405,129582,2238,135998,4577,265580,Not in California
Outside California,2021-03-27,5546,399965,3139,208088,2193,184121,214,7756,3483,131222,2054,138052,3694,269274,Not in California
Outside California,2021-03-28,3084,403049,1652,209740,1271,185392,161,7917,1992,132288,1087,139139,2153,271427,Not in California
Outside California,2021-03-29,5167,408216,2336,212076,2481,187873,350,8267,2942,133359,2222,141361,3293,274720,Not in California
Outside California,2021-03-30,6860,415076,3619,215695,2676,190549,565,8832,4039,135161,2810,144171,4612,279332,Not in California
Outside California,2021-03-31,6340,421416,3820,219515,1744,192293,776,9608,3364,136328,2971,147142,4138,283470,Not in California
Outside California,2021-04-01,7498,428914,4514,224029,2339,194632,645,10253,4336,138151,3155,150297,4978,288448,Not in California
Outside California,2021-04-02,8497,437411,4541,228570,2810,197442,1146,11399,4411,139628,4079,154376,5556,294004,Not in California
Outside California,2021-04-03,6168,443579,3663,232233,1340,198782,1165,12564,3232,141098,2927,157303,4397,298401,Not in California
Outside California,2021-04-04,1781,445360,877,233110,669,199451,235,12799,971,141493,809,158112,1204,299605,Not in California
Outside California,2021-04-05,4106,449466,2040,235150,1404,200855,662,13461,1954,141962,2147,160259,2616,302221,Not in California
Outside California,2021-04-06,6999,456465,3772,238922,1632,202487,1595,15056,2827,142227,4157,164416,4422,306643,Not in California
Outside California,2021-04-07,8190,464655,4716,243638,1782,204269,1692,16748,3179,142095,5003,169419,4871,311514,Not in California
Outside California,2021-04-08,8126,472781,4331,247969,1856,206125,1939,18687,3173,142263,4944,174363,5112,316626,Not in California
Outside California,2021-04-09,7436,480217,3860,251829,1654,207779,1922,20609,2854,142476,4573,178936,4786,321412,Not in California
Outside California,2021-04-10,6132,486349,3098,254927,1170,208949,1864,22473,1718,141654,4407,183343,3585,324997,Not in California
Outside California,2021-04-11,2824,489173,1535,256462,653,209602,636,23109,953,141380,1869,185212,1595,326592,Not in California
Outside California,2021-04-12,4055,493228,2272,258734,1243,210845,540,23649,1789,141451,2258,187470,2329,328921,Not in California
Outside California,2021-04-13,5699,498927,3677,262411,1999,212844,23,23672,2928,141638,2765,190235,2952,331873,Not in California
Outside California,2021-04-14,5276,504203,3351,265762,1921,214765,4,23676,2860,142093,2411,192646,2866,334739,Not in California
Outside California,2021-04-15,6112,510315,3861,269623,2245,217010,6,23682,3271,142583,2788,195434,3278,338017,Not in California
Outside California,2021-04-16,5845,516160,3375,272998,2463,219473,7,23689,3248,143252,2587,198021,3256,341273,Not in California
Outside California,2021-04-17,5347,521507,3246,276244,2100,221573,1,23690,3040,143993,2299,200320,3040,344313,Not in California
Outside California,2021-04-18,2071,523578,1151,277395,919,222492,1,23691,968,143866,1097,201417,970,345283,Not in California
Outside California,2021-04-19,4116,527694,2006,279401,2109,224601,1,23692,2122,144008,1984,203401,2126,347409,Not in California
Outside California,2021-04-20,5350,533044,2448,281849,2902,227503,0,23692,2187,143039,3156,206557,2187,349596,Not in California
Outside California,2021-04-21,6357,539401,2711,284560,3642,231145,4,23696,2258,141222,4079,210636,2262,351858,Not in California
Outside California,2021-04-22,6742,546143,3480,288040,3258,234403,4,23700,2448,139394,4282,214918,2454,354312,Not in California
Outside California,2021-04-23,5926,552069,3008,291048,2917,237320,1,23701,2450,138385,3461,218379,2452,356764,Not in California
Outside California,2021-04-24,4472,556541,2975,294023,1493,238813,4,23705,1728,137383,2737,221116,1735,358499,Not in California
Outside California,2021-04-25,2200,558741,1268,295291,930,239743,2,23707,1159,137510,1037,222153,1164,359663,Not in California
Outside California,2021-04-26,3653,562394,1644,296935,1983,241726,26,23733,1638,137167,2007,224160,1664,361327,Not in California
Outside California,2021-04-27,5355,567749,1949,298884,3109,244835,297,24030,1961,136046,3385,227545,2264,363591,Not in California
Outside California,2021-04-28,4927,572676,2124,301008,2409,247244,394,24424,1986,135498,2929,230474,2381,365972,Not in California
Outside California,2021-04-29,4955,577631,2294,303302,2229,249473,432,24856,1941,134878,2993,233467,2373,368345,Not in California
Outside California,2021-04-30,5018,582649,2487,305789,2107,251580,424,25280,1971,134239,3035,236502,2396,370741,Not in California
Outside California,2021-05-01,3281,585930,1952,307741,900,252480,429,25709,1370,134138,1900,238402,1799,372540,Not in California
Outside California,2021-05-02,1879,587809,1100,308841,656,253136,123,25832,861,134106,1016,239418,984,373524,Not in California
Outside California,2021-05-03,3025,590834,1777,310618,969,254105,279,26111,1276,133916,1745,241163,1555,375079,Not in California
Outside California,2021-05-04,4262,595096,2443,313061,1376,255481,443,26554,1660,133418,2596,243759,2098,377177,Not in California
Outside California,2021-05-05,4605,599701,2739,315800,1495,256976,371,26925,1853,132902,2743,246502,2227,379404,Not in California
Outside California,2021-05-06,4524,604225,2876,318676,1312,258288,336,27261,1732,132183,2786,249288,2067,381471,Not in California
Outside California,2021-05-07,4894,609119,2923,321599,1587,259875,384,27645,1943,131571,2938,252226,2326,383797,Not in California
Outside California,2021-05-08,3576,612695,2468,324067,863,260738,245,27890,1484,131272,2029,254255,1730,385527,Not in California
Outside California,2021-05-09,1366,614061,885,324952,356,261094,125,28015,588,131226,758,255013,712,386239,Not in California
Outside California,2021-05-10,2675,616736,1252,326204,1098,262192,325,28340,1078,131051,1580,256593,1405,387644,Not in California
Outside California,2021-05-11,2894,619630,1414,327618,1198,263390,282,28622,1157,130757,1736,258329,1442,389086,Not in California
Outside California,2021-05-12,2876,622506,1336,328954,1243,264633,297,28919,1111,130404,1760,260089,1407,390493,Not in California
Outside California,2021-05-13,2778,625284,1591,330545,991,265624,196,29115,1259,130348,1512,261601,1456,391949,Not in California
Outside California,2021-05-14,3528,628812,2029,332574,1265,266889,234,29349,1637,130336,1885,263486,1873,393822,Not in California
Outside California,2021-05-15,2637,631449,1547,334121,946,267835,144,29493,1158,130167,1474,264960,1305,395127,Not in California
Outside California,2021-05-16,1621,633070,1031,335152,521,268356,69,29562,771,130161,847,265807,841,395968,Not in California
Outside California,2021-05-17,3059,636129,1662,336814,1162,269518,235,29797,1426,130199,1629,267436,1667,397635,Not in California
Outside California,2021-05-18,3239,639368,1675,338489,1246,270764,318,30115,1549,130391,1677,269113,1869,399504,Not in California
Outside California,2021-05-19,3335,642703,1745,340234,1317,272081,273,30388,1520,130375,1809,270922,1793,401297,Not in California
Outside California,2021-05-20,2166,644869,1250,341484,711,272792,205,30593,1031,130485,1128,272050,1238,402535,Not in California
Outside California,2021-05-21,2591,647460,1567,343051,798,273590,226,30819,1194,130518,1388,273438,1421,403956,Not in California
Outside California,2021-05-22,2261,649721,1492,344543,586,274176,183,31002,1375,131197,878,274316,1557,405513,Not in California
Outside California,2021-05-23,1049,650770,836,345379,152,274328,61,31063,562,131336,485,274801,624,406137,Not in California
Outside California,2021-05-24,2667,653437,1402,346781,906,275234,359,31422,1224,131483,1437,276238,1584,407721,Not in California
Outside California,2021-05-25,2839,656276,1488,348269,1007,276241,344,31766,1189,131379,1637,277875,1533,409254,Not in California
Outside California,2021-05-26,2852,659128,1451,349720,1051,277292,350,32116,1114,131112,1731,279606,1464,410718,Not in California
Outside California,2021-05-27,2638,661766,1358,351078,969,278261,311,32427,1115,131020,1515,281121,1423,412141,Not in California
Outside California,2021-05-28,2997,664763,1646,352724,978,279239,373,32800,1233,130873,1754,282875,1607,413748,Not in California
Outside California,2021-05-29,1770,666533,923,353647,496,279735,351,33151,765,130986,1004,283879,1117,414865,Not in California
Outside California,2021-05-30,919,667452,571,354218,226,279961,122,33273,459,131111,456,284335,581,415446,Not in California
Outside California,2021-05-31,422,667874,188,354406,193,280154,41,33314,183,131108,227,284562,224,415670,Not in California
Outside California,2021-06-01,2203,670077,1155,355561,754,280908,294,33608,955,131112,1245,285807,1249,416919,Not in California
Outside California,2021-06-02,1133,671210,544,356105,340,281248,249,33857,505,131243,622,286429,753,417672,Not in California
Unknown,2020-12-17,2,2,2,2,0,0,0,0,0,0,0,0,0,0,Not in California
Unknown,2020-12-18,1,3,1,3,0,0,0,0,0,0,0,0,0,0,Not in California
Unknown,2020-12-21,4,7,4,7,0,0,0,0,0,0,0,0,0,0,Not in California
Unknown,2020-12-28,4,11,4,11,0,0,0,0,3,3,0,0,3,3,Not in California
Unknown,2020-12-29,3,14,3,14,0,0,0,0,3,6,0,0,3,6,Not in California
Unknown,2020-12-30,54,68,54,68,0,0,0,0,54,60,0,0,54,60,Not in California
Unknown,2020-12-31,1,69,0,68,1,1,0,0,0,60,0,0,0,60,Not in California
Unknown,2021-01-02,1,70,0,68,1,2,0,0,1,61,0,0,1,61,Not in California
Unknown,2021-01-04,3,73,3,71,0,2,0,0,2,63,0,0,2,63,Not in California
Unknown,2021-01-06,6,79,4,75,2,4,0,0,6,69,0,0,6,69,Not in California
Unknown,2021-01-07,70,149,70,145,0,4,0,0,70,139,0,0,70,139,Not in California
Unknown,2021-01-08,1,150,1,146,0,4,0,0,2,141,0,0,2,141,Not in California
Unknown,2021-01-09,2,152,2,148,0,4,0,0,3,144,0,0,3,144,Not in California
Unknown,2021-01-11,19,171,19,167,0,4,0,0,18,162,0,0,18,162,Not in California
Unknown,2021-01-12,10,181,9,176,1,5,0,0,8,170,1,1,9,171,Not in California
Unknown,2021-01-13,10,191,10,186,0,5,0,0,11,181,0,1,11,182,Not in California
Unknown,2021-01-14,3,194,3,189,0,5,0,0,3,184,0,1,3,185,Not in California
Unknown,2021-01-15,5,199,4,193,1,6,0,0,5,189,0,1,5,190,Not in California
Unknown,2021-01-16,6,205,6,199,0,6,0,0,6,195,0,1,6,196,Not in California
Unknown,2021-01-17,3,208,3,202,0,6,0,0,3,198,0,1,3,199,Not in California
Unknown,2021-01-18,51,259,51,253,0,6,0,0,49,245,2,3,49,248,Not in California
Unknown,2021-01-19,22,281,22,275,0,6,0,0,19,262,2,5,19,267,Not in California
Unknown,2021-01-20,79,360,79,354,0,6,0,0,28,238,52,57,28,295,Not in California
Unknown,2021-01-21,56,416,54,408,2,8,0,0,57,294,1,58,57,352,Not in California
Unknown,2021-01-22,34,450,29,437,5,13,0,0,34,328,0,58,34,386,Not in California
Unknown,2021-01-23,11,461,5,442,6,19,0,0,11,339,0,58,11,397,Not in California
Unknown,2021-01-24,2,463,2,444,0,19,0,0,3,342,0,58,3,400,Not in California
Unknown,2021-01-25,19,482,17,461,2,21,0,0,16,355,3,61,16,416,Not in California
Unknown,2021-01-26,93,575,93,554,0,21,0,0,96,451,0,61,96,512,Not in California
Unknown,2021-01-27,16,591,16,570,0,21,0,0,14,464,1,62,14,526,Not in California
Unknown,2021-01-28,140,731,138,708,2,23,0,0,83,487,60,122,83,609,Not in California
Unknown,2021-01-29,139,870,139,847,0,23,0,0,143,629,1,123,143,752,Not in California
Unknown,2021-01-30,11,881,9,856,2,25,0,0,13,640,2,125,13,765,Not in California
Unknown,2021-01-31,14,895,14,870,0,25,0,0,15,655,0,125,15,780,Not in California
Unknown,2021-02-01,37,932,36,906,1,26,0,0,21,658,18,143,21,801,Not in California
Unknown,2021-02-02,64,996,63,969,1,27,0,0,57,709,6,149,57,858,Not in California
Unknown,2021-02-03,36,1032,34,1003,2,29,0,0,25,723,11,160,25,883,Not in California
Unknown,2021-02-04,56,1088,51,1054,5,34,0,0,51,769,5,165,51,934,Not in California
Unknown,2021-02-05,18,1106,14,1068,4,38,0,0,14,779,4,169,14,948,Not in California
Unknown,2021-02-06,14,1120,14,1082,0,38,0,0,9,782,6,175,9,957,Not in California
Unknown,2021-02-07,8,1128,8,1090,0,38,0,0,6,786,2,177,6,963,Not in California
Unknown,2021-02-08,51,1179,48,1138,3,41,0,0,14,763,37,214,14,977,Not in California
Unknown,2021-02-09,18,1197,18,1156,0,41,0,0,4,753,14,228,4,981,Not in California
Unknown,2021-02-10,34,1231,30,1186,4,45,0,0,9,737,25,253,9,990,Not in California
Unknown,2021-02-11,85,1316,84,1270,1,46,0,0,43,737,43,296,43,1033,Not in California
Unknown,2021-02-12,36,1352,29,1299,7,53,0,0,9,719,27,323,9,1042,Not in California
Unknown,2021-02-13,9,1361,2,1301,7,60,0,0,8,726,1,324,8,1050,Not in California
Unknown,2021-02-14,7,1368,1,1302,6,66,0,0,5,730,1,325,5,1055,Not in California
Unknown,2021-02-15,41,1409,35,1337,6,72,0,0,27,745,12,337,27,1082,Not in California
Unknown,2021-02-16,101,1510,91,1428,10,82,0,0,29,702,72,409,29,1111,Not in California
Unknown,2021-02-17,10,1520,8,1436,2,84,0,0,4,701,5,414,4,1115,Not in California
Unknown,2021-02-18,89,1609,84,1520,5,89,0,0,16,645,72,486,16,1131,Not in California
Unknown,2021-02-19,184,1793,179,1699,5,94,0,0,53,568,130,616,53,1184,Not in California
Unknown,2021-02-20,7,1800,5,1704,2,96,0,0,2,565,5,621,2,1186,Not in California
Unknown,2021-02-21,14,1814,14,1718,0,96,0,0,1,553,13,634,1,1187,Not in California
Unknown,2021-02-22,9,1823,9,1727,0,96,0,0,6,556,3,637,6,1193,Not in California
Unknown,2021-02-23,61,1884,49,1776,12,108,0,0,15,526,45,682,15,1208,Not in California
Unknown,2021-02-24,33,1917,26,1802,7,115,0,0,14,521,19,701,14,1222,Not in California
Unknown,2021-02-25,67,1984,54,1856,13,128,0,0,25,503,43,744,25,1247,Not in California
Unknown,2021-02-26,39,2023,25,1881,14,142,0,0,22,511,14,758,22,1269,Not in California
Unknown,2021-02-27,22,2045,16,1897,6,148,0,0,11,514,8,766,11,1280,Not in California
Unknown,2021-02-28,17,2062,13,1910,4,152,0,0,10,519,5,771,10,1290,Not in California
Unknown,2021-03-01,45,2107,27,1937,18,170,0,0,24,523,20,791,24,1314,Not in California
Unknown,2021-03-02,19,2126,7,1944,12,182,0,0,12,530,5,796,12,1326,Not in California
Unknown,2021-03-03,11,2137,6,1950,5,187,0,0,7,534,3,799,7,1333,Not in California
Unknown,2021-03-04,43,2180,40,1990,3,190,0,0,13,517,30,829,13,1346,Not in California
Unknown,2021-03-05,23,2203,13,2003,10,200,0,0,22,535,4,833,22,1368,Not in California
Unknown,2021-03-06,20,2223,12,2015,6,206,2,2,16,549,4,837,18,1386,Not in California
Unknown,2021-03-07,2,2225,1,2016,1,207,0,2,3,552,0,837,3,1389,Not in California
Unknown,2021-03-08,33,2258,22,2038,7,214,4,6,8,538,26,863,12,1401,Not in California
Unknown,2021-03-09,35,2293,28,2066,3,217,4,10,9,524,27,890,13,1414,Not in California
Unknown,2021-03-10,9,2302,6,2072,1,218,2,12,5,526,5,895,7,1421,Not in California
Unknown,2021-03-11,28,2330,12,2084,2,220,14,26,7,526,21,916,21,1442,Not in California
Unknown,2021-03-12,68,2398,52,2136,11,231,5,31,11,487,55,971,16,1458,Not in California
Unknown,2021-03-13,16,2414,4,2140,8,239,4,35,7,488,10,981,11,1469,Not in California
Unknown,2021-03-14,14,2428,6,2146,6,245,2,37,5,487,8,989,7,1476,Not in California
Unknown,2021-03-15,31,2459,11,2157,18,263,2,39,20,496,13,1002,22,1498,Not in California
Unknown,2021-03-16,47,2506,20,2177,23,286,4,43,27,507,20,1022,31,1529,Not in California
Unknown,2021-03-17,38,2544,14,2191,23,309,1,44,33,537,4,1026,34,1563,Not in California
Unknown,2021-03-18,31,2575,18,2209,13,322,0,44,18,543,12,1038,18,1581,Not in California
Unknown,2021-03-19,29,2604,18,2227,11,333,0,44,22,558,7,1045,22,1603,Not in California
Unknown,2021-03-20,27,2631,15,2242,12,345,0,44,15,562,11,1056,15,1618,Not in California
Unknown,2021-03-21,18,2649,12,2254,6,351,0,44,14,573,3,1059,14,1632,Not in California
Unknown,2021-03-22,36,2685,19,2273,16,367,1,45,19,581,12,1071,20,1652,Not in California
Unknown,2021-03-23,23,2708,9,2282,9,376,5,50,11,586,11,1082,16,1668,Not in California
Unknown,2021-03-24,23,2731,9,2291,14,390,0,50,18,599,5,1087,18,1686,Not in California
Unknown,2021-03-25,37,2768,24,2315,13,403,0,50,25,615,9,1096,25,1711,Not in California
Unknown,2021-03-26,36,2804,20,2335,11,414,5,55,18,623,15,1111,23,1734,Not in California
Unknown,2021-03-27,32,2836,15,2350,14,428,3,58,18,627,17,1128,21,1755,Not in California
Unknown,2021-03-28,16,2852,9,2359,7,435,0,58,11,634,4,1132,11,1766,Not in California
Unknown,2021-03-29,38,2890,18,2377,19,454,1,59,23,646,12,1144,24,1790,Not in California
Unknown,2021-03-30,41,2931,25,2402,16,470,0,59,26,657,15,1159,26,1816,Not in California
Unknown,2021-03-31,34,2965,21,2423,13,483,0,59,23,669,11,1170,23,1839,Not in California
Unknown,2021-04-01,19,2984,15,2438,4,487,0,59,13,677,5,1175,13,1852,Not in California
Unknown,2021-04-02,41,3025,17,2455,15,502,9,68,18,681,23,1198,27,1879,Not in California
Unknown,2021-04-03,19,3044,9,2464,10,512,0,68,9,680,10,1208,9,1888,Not in California
Unknown,2021-04-04,17,3061,4,2468,13,525,0,68,10,684,6,1214,10,1898,Not in California
Unknown,2021-04-05,31,3092,17,2485,13,538,1,69,17,689,13,1227,18,1916,Not in California
Unknown,2021-04-06,21,3113,13,2498,7,545,1,70,14,694,10,1237,15,1931,Not in California
Unknown,2021-04-07,32,3145,23,2521,9,554,0,70,24,710,8,1245,24,1955,Not in California
Unknown,2021-04-08,31,3176,20,2541,7,561,4,74,16,713,17,1262,20,1975,Not in California
Unknown,2021-04-09,35,3211,25,2566,10,571,0,74,25,727,11,1273,25,2000,Not in California
Unknown,2021-04-10,10,3221,9,2575,1,572,0,74,5,726,6,1279,5,2005,Not in California
Unknown,2021-04-11,11,3232,7,2582,4,576,0,74,5,726,5,1284,5,2010,Not in California
Unknown,2021-04-12,37,3269,20,2602,16,592,1,75,16,720,23,1307,17,2027,Not in California
Unknown,2021-04-13,44,3313,26,2628,18,610,0,75,17,710,27,1334,17,2044,Not in California
Unknown,2021-04-14,27,3340,8,2636,19,629,0,75,8,696,22,1356,8,2052,Not in California
Unknown,2021-04-15,31,3371,16,2652,14,643,1,76,9,684,22,1378,10,2062,Not in California
Unknown,2021-04-16,25,3396,15,2667,10,653,0,76,9,677,16,1394,9,2071,Not in California
Unknown,2021-04-17,22,3418,13,2680,9,662,0,76,9,672,15,1409,10,2081,Not in California
Unknown,2021-04-18,20,3438,8,2688,12,674,0,76,10,670,12,1421,10,2091,Not in California
Unknown,2021-04-19,35,3473,21,2709,14,688,0,76,16,668,18,1439,16,2107,Not in California
Unknown,2021-04-20,25,3498,14,2723,11,699,0,76,10,658,20,1459,10,2117,Not in California
Unknown,2021-04-21,35,3533,15,2738,20,719,0,76,21,655,24,1483,21,2138,Not in California
Unknown,2021-04-22,23,3556,14,2752,9,728,0,76,8,646,17,1500,8,2146,Not in California
Unknown,2021-04-23,33,3589,16,2768,17,745,0,76,19,651,14,1514,19,2165,Not in California
Unknown,2021-04-24,25,3614,13,2781,12,757,0,76,19,661,9,1523,19,2184,Not in California
Unknown,2021-04-25,24,3638,10,2791,14,771,0,76,15,665,11,1534,15,2199,Not in California
Unknown,2021-04-26,20,3658,13,2804,7,778,0,76,10,661,14,1548,10,2209,Not in California
Unknown,2021-04-27,30,3688,15,2819,15,793,0,76,20,660,21,1569,20,2229,Not in California
Unknown,2021-04-28,27,3715,19,2838,7,800,1,77,15,657,19,1588,16,2245,Not in California
Unknown,2021-04-29,33,3748,22,2860,11,811,0,77,18,655,20,1608,18,2263,Not in California
Unknown,2021-04-30,29,3777,14,2874,10,821,5,82,22,667,15,1623,27,2290,Not in California
Unknown,2021-05-01,28,3805,21,2895,7,828,0,82,27,683,11,1634,27,2317,Not in California
Unknown,2021-05-02,14,3819,7,2902,6,834,1,83,7,683,8,1642,8,2325,Not in California
Unknown,2021-05-03,26,3845,18,2920,5,839,3,86,11,677,19,1661,13,2338,Not in California
Unknown,2021-05-04,21,3866,11,2931,6,845,4,90,12,677,16,1677,16,2354,Not in California
Unknown,2021-05-05,30,3896,11,2942,18,863,1,91,19,683,14,1691,20,2374,Not in California
Unknown,2021-05-06,26,3922,13,2955,6,869,7,98,14,688,16,1707,21,2395,Not in California
Unknown,2021-05-07,28,3950,14,2969,10,879,4,102,15,690,17,1724,19,2414,Not in California
Unknown,2021-05-08,16,3966,10,2979,4,883,2,104,13,697,8,1732,15,2429,Not in California
Unknown,2021-05-09,18,3984,5,2984,9,892,4,108,8,699,10,1742,12,2441,Not in California
Unknown,2021-05-10,18,4002,11,2995,6,898,1,109,5,691,14,1756,6,2447,Not in California
Unknown,2021-05-11,15,4017,9,3004,2,900,4,113,9,697,7,1763,13,2460,Not in California
Unknown,2021-05-12,14,4031,9,3013,4,904,1,114,6,696,8,1771,7,2467,Not in California
Unknown,2021-05-13,15,4046,10,3023,1,905,4,118,9,703,7,1778,14,2481,Not in California
Unknown,2021-05-14,24,4070,20,3043,3,908,1,119,14,708,9,1787,14,2495,Not in California
Unknown,2021-05-15,21,4091,19,3062,2,910,0,119,12,711,9,1796,12,2507,Not in California
Unknown,2021-05-16,27,4118,18,3080,8,918,1,120,16,717,11,1807,17,2524,Not in California
Unknown,2021-05-17,26,4144,20,3100,4,922,2,122,17,727,9,1816,19,2543,Not in California
Unknown,2021-05-18,39,4183,28,3128,9,931,2,124,31,752,8,1824,33,2576,Not in California
Unknown,2021-05-19,37,4220,28,3156,8,939,1,125,20,757,16,1840,21,2597,Not in California
Unknown,2021-05-20,184,4404,175,3331,8,947,1,126,175,925,8,1848,176,2773,Not in California
Unknown,2021-05-21,194,4598,187,3518,6,953,1,127,186,1104,8,1856,187,2960,Not in California
Unknown,2021-05-22,208,4806,200,3718,6,959,2,129,193,1284,15,1871,195,3155,Not in California
Unknown,2021-05-23,121,4927,120,3838,0,959,1,130,119,1403,1,1872,120,3275,Not in California
Unknown,2021-05-24,377,5304,273,4111,93,1052,11,141,353,1744,23,1895,364,3639,Not in California
Unknown,2021-05-25,427,5731,305,4416,105,1157,17,158,386,2106,41,1936,403,4042,Not in California
Unknown,2021-05-26,372,6103,304,4720,63,1220,5,163,345,2430,26,1962,350,4392,Not in California
Unknown,2021-05-27,366,6469,302,5022,55,1275,9,172,329,2732,37,1999,339,4731,Not in California
Unknown,2021-05-28,389,6858,315,5337,60,1335,14,186,355,3068,33,2032,369,5100,Not in California
Unknown,2021-05-29,308,7166,258,5595,45,1380,5,191,289,3343,19,2051,294,5394,Not in California
Unknown,2021-05-30,254,7420,214,5809,36,1416,4,195,240,3573,14,2065,244,5638,Not in California
Unknown,2021-05-31,46,7466,28,5837,18,1434,0,195,44,3615,2,2067,44,5682,Not in California
Unknown,2021-06-01,301,7767,229,6066,63,1497,9,204,266,3856,34,2101,275,5957,Not in California
Alameda,2020-12-15,37,37,37,37,0,0,0,0,37,37,0,0,37,37,California
Alameda,2020-12-16,208,245,208,245,0,0,0,0,208,245,0,0,208,245,California
Alameda,2020-12-17,399,644,399,644,0,0,0,0,399,644,0,0,399,644,California
Alameda,2020-12-18,1791,2435,1790,2434,1,1,0,0,1791,2435,0,0,1791,2435,California
Alameda,2020-12-19,1437,3872,1437,3871,0,1,0,0,1437,3872,0,0,1437,3872,California
Alameda,2020-12-20,1193,5065,1192,5063,1,2,0,0,1192,5063,1,1,1192,5064,California
Alameda,2020-12-21,1873,6938,1871,6934,2,4,0,0,1872,6935,0,1,1872,6936,California
Alameda,2020-12-22,2122,9060,2069,9003,53,57,0,0,2122,9057,0,1,2122,9058,California
Alameda,2020-12-23,1976,11036,1718,10721,258,315,0,0,1977,11034,0,1,1977,11035,California
Alameda,2020-12-24,1223,12259,766,11487,457,772,0,0,1223,12257,0,1,1223,12258,California
Alameda,2020-12-25,169,12428,132,11619,37,809,0,0,169,12426,0,1,169,12427,California
Alameda,2020-12-26,870,13298,327,11946,543,1352,0,0,870,13296,0,1,870,13297,California
Alameda,2020-12-27,502,13800,258,12204,244,1596,0,0,502,13798,0,1,502,13799,California
Alameda,2020-12-28,1883,15683,960,13164,923,2519,0,0,1883,15681,0,1,1883,15682,California
Alameda,2020-12-29,2479,18162,1072,14236,1407,3926,0,0,2478,18159,0,1,2478,18160,California
Alameda,2020-12-30,3087,21249,1316,15552,1771,5697,0,0,3087,21246,0,1,3087,21247,California
Alameda,2020-12-31,1794,23043,443,15995,1351,7048,0,0,1792,23037,1,2,1792,23039,California
Alameda,2021-01-01,174,23217,70,16065,104,7152,0,0,173,23209,1,3,173,23212,California
Alameda,2021-01-02,726,23943,526,16591,200,7352,0,0,725,23934,0,3,725,23937,California
Alameda,2021-01-03,341,24284,221,16812,120,7472,0,0,338,24269,3,6,338,24275,California
Alameda,2021-01-04,1646,25930,943,17755,703,8175,0,0,1634,25892,11,17,1634,25909,California
Alameda,2021-01-05,2218,28148,1277,19032,941,9116,0,0,1982,27641,233,250,1982,27891,California
Alameda,2021-01-06,3276,31424,1808,20840,1468,10584,0,0,2429,29228,844,1094,2431,30322,California
Alameda,2021-01-07,3814,35238,2150,22990,1664,12248,0,0,2683,30794,1122,2216,2688,33010,California
Alameda,2021-01-08,4766,40004,2729,25719,2037,14285,0,0,3111,32260,1650,3866,3116,36126,California
Alameda,2021-01-09,2033,42037,1383,27102,650,14935,0,0,1174,32575,859,4725,1174,37300,California
Alameda,2021-01-10,1068,43105,886,27988,182,15117,0,0,427,32360,642,5367,427,37727,California
Alameda,2021-01-11,4662,47767,3523,31511,1139,16256,0,0,2861,33428,1800,7167,2868,40595,California
Alameda,2021-01-12,4840,52607,3262,34773,1578,17834,0,0,3451,35494,1388,8555,3454,44049,California
Alameda,2021-01-13,5031,57638,2658,37431,2373,20207,0,0,3840,38149,1187,9742,3842,47891,California
Alameda,2021-01-14,5647,63285,2782,40213,2865,23072,0,0,4759,42032,879,10621,4762,52653,California
Alameda,2021-01-15,5831,69116,2311,42524,3520,26592,0,0,5065,46342,759,11380,5069,57722,California
Alameda,2021-01-16,3004,72120,1410,43934,1594,28186,0,0,2734,48807,270,11650,2735,60457,California
Alameda,2021-01-17,1871,73991,1086,45020,785,28971,0,0,1664,50266,206,11856,1665,62122,California
Alameda,2021-01-18,3197,77188,2055,47075,1142,30113,0,0,2603,52282,589,12445,2605,64727,California
Alameda,2021-01-19,5537,82725,3336,50411,2201,32314,0,0,4345,55439,1190,13635,4347,69074,California
Alameda,2021-01-20,6784,89509,4111,54522,2673,34987,0,0,5492,59656,1279,14914,5496,74570,California
Alameda,2021-01-21,7791,97300,3412,57934,4379,39366,0,0,6952,65780,833,15747,6957,81527,California
Alameda,2021-01-22,6850,104150,2045,59979,4805,44171,0,0,5710,70359,1133,16880,5712,87239,California
Alameda,2021-01-23,3285,107435,951,60930,2334,46505,0,0,2729,72532,556,17436,2729,89968,California
Alameda,2021-01-24,2049,109484,656,61586,1393,47898,0,0,1772,74031,273,17709,1772,91740,California
Alameda,2021-01-25,5205,114689,1975,63561,3230,51128,0,0,3620,76075,1577,19286,3621,95361,California
Alameda,2021-01-26,7255,121944,2300,65861,4955,56083,0,0,5387,79603,1860,21146,5388,100749,California
Alameda,2021-01-27,6649,128593,2062,67923,4587,60670,0,0,4803,82570,1836,22982,4803,105552,California
Alameda,2021-01-28,7895,136488,2554,70477,5341,66011,0,0,5654,86000,2225,25207,5655,111207,California
Alameda,2021-01-29,7941,144429,3193,73670,4748,70759,0,0,6120,90310,1811,27018,6121,117328,California
Alameda,2021-01-30,3431,147860,1684,75354,1747,72506,0,0,2719,92323,706,27724,2719,120047,California
Alameda,2021-01-31,1893,149753,957,76311,936,73442,0,0,1660,93753,230,27954,1660,121707,California
Alameda,2021-02-01,6499,156252,3897,80208,2602,76044,0,0,4350,95964,2140,30094,4351,126058,California
Alameda,2021-02-02,6959,163211,3751,83959,3208,79252,0,0,4657,98326,2295,32389,4657,130715,California
Alameda,2021-02-03,7097,170308,3737,87696,3360,82612,0,0,4398,100036,2693,35082,4403,135118,California
Alameda,2021-02-04,9526,179834,4146,91842,5380,87992,0,0,6411,103350,3102,38184,6416,141534,California
Alameda,2021-02-05,10331,190165,5392,97234,4939,92931,0,0,6457,105945,3868,42052,6463,147997,California
Alameda,2021-02-06,6985,197150,4429,101663,2556,95487,0,0,5853,110667,1131,43183,5853,153850,California
Alameda,2021-02-07,3597,200747,2906,104569,691,96178,0,0,2653,112380,941,44124,2654,156504,California
Alameda,2021-02-08,8086,208833,5782,110351,2304,98482,0,0,5528,115360,2550,46674,5530,162034,California
Alameda,2021-02-09,9721,218554,5858,116209,3863,102345,0,0,6056,117772,3646,50320,6058,168092,California
Alameda,2021-02-10,11468,230022,6784,122993,4684,107029,0,0,6562,119452,4890,55210,6570,174662,California
Alameda,2021-02-11,13941,243963,8006,130999,5935,112964,0,0,8371,122277,5550,60760,8375,183037,California
Alameda,2021-02-12,12557,256520,5720,136719,6837,119801,0,0,7768,125277,4771,65531,7771,190808,California
Alameda,2021-02-13,7797,264317,4052,140771,3745,123546,0,0,5833,129153,1959,67490,5835,196643,California
Alameda,2021-02-14,4042,268359,2541,143312,1501,125047,0,0,2873,130864,1165,68655,2876,199519,California
Alameda,2021-02-15,5680,274039,3190,146502,2490,127537,0,0,3697,132583,1981,70636,3700,203219,California
Alameda,2021-02-16,12539,286578,6959,153461,5580,133117,0,0,9321,138702,3208,73844,9327,212546,California
Alameda,2021-02-17,14178,300756,8426,161887,5752,138869,0,0,10544,145631,3617,77461,10546,223092,California
Alameda,2021-02-18,15910,316666,10099,171986,5811,144680,0,0,11553,152841,4349,81810,11559,234651,California
Alameda,2021-02-19,17686,334352,11477,183463,6209,150889,0,0,11714,158612,5949,87759,11720,246371,California
Alameda,2021-02-20,11892,346244,9635,193098,2257,153146,0,0,9163,165057,2724,90483,9169,255540,California
Alameda,2021-02-21,7696,353940,6765,199863,931,154077,0,0,5206,167785,2479,92962,5207,260747,California
Alameda,2021-02-22,10813,364753,8022,207885,2791,156868,0,0,6854,170702,3946,96908,6863,267610,California
Alameda,2021-02-23,12926,377679,7912,215797,5014,161882,0,0,8121,174035,4795,101703,8128,275738,California
Alameda,2021-02-24,14793,392472,8335,224132,6458,168340,0,0,9636,178583,5094,106797,9642,285380,California
Alameda,2021-02-25,15653,408125,9144,233276,6509,174849,0,0,9985,182945,5633,112430,9995,295375,California
Alameda,2021-02-26,18145,426270,10664,243940,7481,182330,0,0,11739,188326,6362,118792,11743,307118,California
Alameda,2021-02-27,14910,441180,11008,254948,3900,186230,2,2,9287,192020,5597,124389,9291,316409,California
Alameda,2021-02-28,9188,450368,7751,262699,1437,187667,0,2,6088,195034,3075,127464,6089,322498,California
Alameda,2021-03-01,13524,463892,9446,272145,4068,191735,10,12,8426,198427,5050,132514,8443,330941,California
Alameda,2021-03-02,15073,478965,10844,282989,4228,195963,1,13,9909,203201,5143,137657,9917,340858,California
Alameda,2021-03-03,15744,494709,10299,293288,5444,201407,1,14,10755,209000,4961,142618,10760,351618,California
Alameda,2021-03-04,17476,512185,11202,304490,6272,207679,2,16,11009,213578,6433,149051,11011,362629,California
Alameda,2021-03-05,16326,528511,10689,315179,5628,213307,9,25,11032,219379,5247,154298,11048,373677,California
Alameda,2021-03-06,14589,543100,10287,325466,4036,217343,266,291,9673,224450,4869,159167,9940,383617,California
Alameda,2021-03-07,9792,552892,8521,333987,1189,218532,82,373,6993,228758,2770,161937,7078,390695,California
Alameda,2021-03-08,11999,564891,7479,341466,4139,222671,381,754,8983,235158,2964,164901,9364,400059,California
Alameda,2021-03-09,14733,579624,10340,351806,3961,226632,432,1186,8054,237005,6643,171544,8490,408549,California
Alameda,2021-03-10,17571,597195,12202,364008,4808,231440,561,1747,7943,235905,9600,181144,8500,417049,California
Alameda,2021-03-11,19865,617060,11636,375644,6519,237959,1710,3457,6787,231346,13046,194190,8487,425536,California
Alameda,2021-03-12,21457,638517,12551,388195,7200,245159,1706,5163,7531,226677,13897,208087,9228,434764,California
Alameda,2021-03-13,16119,654636,10349,398544,4772,249931,998,6161,5164,221922,10919,219006,6164,440928,California
Alameda,2021-03-14,10926,665562,8035,406579,2099,252030,792,6953,3429,218655,7477,226483,4210,445138,California
Alameda,2021-03-15,14551,680113,9521,416100,4499,256529,531,7484,6345,217353,8175,234658,6873,452011,California
Alameda,2021-03-16,17331,697444,11253,427353,5538,262067,540,8024,7446,215507,9833,244491,7987,459998,California
Alameda,2021-03-17,17592,715036,9952,437305,6917,268984,723,8747,8149,214974,9402,253893,8869,468867,California
Alameda,2021-03-18,19283,734319,10510,447815,7875,276859,898,9645,8806,214237,10445,264338,9708,478575,California
Alameda,2021-03-19,19489,753808,10702,458517,6986,283845,1801,11446,7705,212000,11737,276075,9500,488075,California
Alameda,2021-03-20,15874,769682,10400,468917,4616,288461,858,12304,6450,209914,9390,285465,7304,495379,California
Alameda,2021-03-21,9278,778960,7295,476212,1426,289887,557,12861,3796,208794,5472,290937,4352,499731,California
Alameda,2021-03-22,15139,794099,10214,486426,3915,293802,1010,13871,7040,208766,8072,299009,8044,507775,California
Alameda,2021-03-23,19418,813517,11786,498212,6817,300619,815,14686,9871,209959,9499,308508,10692,518467,California
Alameda,2021-03-24,19332,832849,11730,509942,6581,307200,1021,15707,8439,208582,10829,319337,9452,527919,California
Alameda,2021-03-25,20636,853485,11487,521429,7740,314940,1409,17116,9497,208408,11069,330406,10895,538814,California
Alameda,2021-03-26,21071,874556,12723,534152,6775,321715,1573,18689,8548,206043,12475,342881,10110,548924,California
Alameda,2021-03-27,18441,892997,12575,546727,4903,326618,963,19652,7593,203780,10801,353682,8538,557462,California
Alameda,2021-03-28,10692,903689,8706,555433,1783,328401,203,19855,3529,200369,7150,360832,3739,561201,California
Alameda,2021-03-29,14798,918487,9493,564926,4307,332708,998,20853,6001,198606,8760,369592,6997,568198,California
Alameda,2021-03-30,18706,937193,9894,574820,7090,339798,1722,22575,9337,200322,9336,378928,11052,579250,California
Alameda,2021-03-31,19506,956699,10334,585154,7066,346864,2106,24681,9167,201273,10311,389239,11262,590512,California
Alameda,2021-04-01,23459,980158,10103,595257,7668,354532,5688,30369,11112,205758,12298,401537,16783,607295,California
Alameda,2021-04-02,24215,1004373,9999,605256,8347,362879,5869,36238,11707,210837,12469,414006,17548,624843,California
Alameda,2021-04-03,20428,1024801,9853,615109,5710,368589,4865,41103,10350,215987,10057,424063,15207,640050,California
Alameda,2021-04-04,10000,1034801,3996,619105,2291,370880,3713,44816,3466,216647,6514,430577,7174,647224,California
Alameda,2021-04-05,17904,1052705,7552,626657,5540,376420,4812,49628,7275,218129,10604,441181,12086,659310,California
Alameda,2021-04-06,22296,1075001,10741,637398,5691,382111,5864,55492,10103,221929,12156,453337,15956,675266,California
Alameda,2021-04-07,22632,1097633,11619,649017,5535,387646,5478,60970,11451,227718,11135,464472,16924,692190,California
Alameda,2021-04-08,25652,1123285,11571,660588,6058,393704,8023,68993,10952,232087,14625,479097,18994,711184,California
Alameda,2021-04-09,23535,1146820,10738,671326,7558,401262,5239,74232,12132,238123,11370,490467,17406,728590,California
Alameda,2021-04-10,19323,1166143,7456,678782,5667,406929,6200,80432,8203,241439,11096,501563,14412,743002,California
Alameda,2021-04-11,11028,1177171,4812,683594,2272,409201,3944,84376,4490,243338,6521,508084,8420,751422,California
Alameda,2021-04-12,18117,1195288,11743,695337,4383,413584,1991,86367,10200,247645,7881,515965,12188,763610,California
Alameda,2021-04-13,23069,1218357,14622,709959,8389,421973,58,86425,16967,258633,6048,522013,17036,780646,California
Alameda,2021-04-14,23135,1241492,15195,725154,7939,429912,1,86426,15608,266758,7492,529505,15617,796263,California
Alameda,2021-04-15,24134,1265626,15413,740567,8719,438631,2,86428,16000,274696,8072,537577,16010,812273,California
Alameda,2021-04-16,24475,1290101,14430,754997,10040,448671,5,86433,15751,281796,8667,546244,15767,828040,California
Alameda,2021-04-17,20914,1311015,14452,769449,6462,455133,0,86433,14443,289817,6436,552680,14457,842497,California
Alameda,2021-04-18,9993,1321008,7646,777095,2347,457480,0,86433,6909,293676,3055,555735,6914,849411,California
Alameda,2021-04-19,15680,1336688,9760,786855,5919,463399,1,86434,9084,296213,6557,562292,9094,858505,California
Alameda,2021-04-20,18204,1354892,11135,797990,7067,470466,2,86436,9986,298048,8173,570465,10008,868513,California
Alameda,2021-04-21,19172,1374064,11225,809215,7937,478403,10,86446,11186,301330,7932,578397,11214,879727,California
Alameda,2021-04-22,21480,1395544,13843,823058,7633,486036,4,86450,11432,302798,9992,588389,11460,891187,California
Alameda,2021-04-23,21884,1417428,14152,837210,7728,493764,4,86454,12249,305505,9571,597960,12278,903465,California
Alameda,2021-04-24,19033,1436461,14460,851670,4565,498329,8,86462,10068,306671,8919,606879,10085,913550,California
Alameda,2021-04-25,8946,1445407,6936,858606,2009,500338,1,86463,5835,309434,3083,609962,5846,919396,California
Alameda,2021-04-26,13835,1459242,9656,868262,4154,504492,25,86488,8600,312865,5202,615164,8633,928029,California
Alameda,2021-04-27,15856,1475098,9426,877688,6120,510612,310,86798,7472,312340,8332,623496,7807,935836,California
Alameda,2021-04-28,16017,1491115,10204,887892,5346,515958,467,87265,6269,309369,9717,633213,6746,942582,California
Alameda,2021-04-29,16803,1507918,10067,897959,6407,522365,329,87594,6016,304998,10735,643948,6364,948946,California
Alameda,2021-04-30,19505,1527423,12017,909976,7145,529510,343,87937,7902,301758,11524,655472,8284,957230,California
Alameda,2021-05-01,13990,1541413,9338,919314,4448,533958,204,88141,5218,298477,8732,664204,5451,962681,California
Alameda,2021-05-02,7055,1548468,4911,924225,1975,535933,169,88310,2871,297354,4168,668372,3045,965726,California
Alameda,2021-05-03,14503,1562971,10916,935141,3267,539200,320,88630,2852,288945,11609,679981,3200,968926,California
Alameda,2021-05-04,18266,1581237,13098,948239,4810,544010,358,88988,3639,278422,14551,694532,4028,972954,California
Alameda,2021-05-05,18325,1599562,13307,961546,4510,548520,508,89496,3749,268181,14512,709044,4271,977225,California
Alameda,2021-05-06,18616,1618178,14054,975600,3866,552386,696,90192,3601,257552,14939,723983,4310,981535,California
Alameda,2021-05-07,19139,1637317,12866,988466,5859,558245,414,90606,4372,247658,14698,738681,4804,986339,California
Alameda,2021-05-08,16467,1653784,11262,999728,4992,563237,213,90819,3104,237665,13325,752006,3332,989671,California
Alameda,2021-05-09,8519,1662303,6963,1006691,1413,564650,143,90962,1451,232215,7047,759053,1597,991268,California
Alameda,2021-05-10,10102,1672405,6898,1013589,2878,567528,326,91288,2485,227449,7585,766638,2819,994087,California
Alameda,2021-05-11,14986,1687391,8009,1021598,6678,574206,299,91587,2703,218247,12236,778874,3034,997121,California
Alameda,2021-05-12,12619,1700010,8267,1029865,3938,578144,414,92001,2619,211346,9959,788833,3058,1000179,California
Alameda,2021-05-13,16761,1716771,11971,1041836,4270,582414,520,92521,5159,205495,11560,800393,5709,1005888,California
Alameda,2021-05-14,20499,1737270,13871,1055707,6151,588565,477,92998,7035,199633,13387,813780,7525,1013413,California
Alameda,2021-05-15,17074,1754344,12425,1068132,4422,592987,227,93225,5793,194420,11240,825020,6027,1019440,California
Alameda,2021-05-16,8388,1762732,7161,1075293,1134,594121,93,93318,2800,191761,5557,830577,2898,1022338,California
Alameda,2021-05-17,13387,1776119,9963,1085256,2893,597014,531,93849,4333,187619,9020,839597,4878,1027216,California
Alameda,2021-05-18,14134,1790253,10256,1095512,3454,600468,424,94273,5162,184278,8930,848527,5589,1032805,California
Alameda,2021-05-19,14346,1804599,9799,1105311,4214,604682,333,94606,6119,182557,8176,856703,6455,1039260,California
Alameda,2021-05-20,11672,1816271,7802,1113113,3403,608085,467,95073,5381,182158,6248,862951,5849,1045109,California
Alameda,2021-05-21,13550,1829821,8918,1122031,4401,612486,231,95304,4582,178061,8909,871860,4812,1049921,California
Alameda,2021-05-22,8948,1838769,6600,1128631,2203,614689,145,95449,3720,176725,5202,877062,3866,1053787,California
Alameda,2021-05-23,3780,1842549,3077,1131708,634,615323,69,95518,1177,175379,2593,879655,1247,1055034,California
Alameda,2021-05-24,6996,1849545,3985,1135693,2749,618072,262,95780,2806,174291,4159,883814,3071,1058105,California
Alameda,2021-05-25,7964,1857509,5147,1140840,2562,620634,255,96035,3645,173902,4288,888102,3899,1062004,California
Alameda,2021-05-26,8192,1865701,5125,1145965,2764,623398,303,96338,3825,173677,4348,892450,4123,1066127,California
Alameda,2021-05-27,8035,1873736,4829,1150794,2856,626254,350,96688,3543,173104,4462,896912,3889,1070016,California
Alameda,2021-05-28,8621,1882357,5058,1155852,3340,629594,223,96911,3674,172086,4916,901828,3898,1073914,California
Alameda,2021-05-29,4859,1887216,2907,1158759,1774,631368,178,97089,2509,172442,2331,904159,2687,1076601,California
Alameda,2021-05-30,2429,1889645,1583,1160342,759,632127,87,97176,974,172057,1445,905604,1060,1077661,California
Alameda,2021-05-31,1137,1890782,841,1161183,243,632370,53,97229,341,171670,781,906385,394,1078055,California
Alameda,2021-06-01,6502,1897284,4407,1165590,1866,634236,229,97458,2798,171024,3670,910055,3024,1081079,California
Alameda,2021-06-02,3407,1900691,1920,1167510,1345,635581,142,97600,1227,170235,2157,912212,1368,1082447,California
Alpine,2020-12-18,2,2,2,2,0,0,0,0,2,2,0,0,2,2,California
Alpine,2020-12-19,2,4,2,4,0,0,0,0,2,4,0,0,2,4,California
Alpine,2020-12-21,2,6,2,6,0,0,0,0,2,6,0,0,2,6,California
Alpine,2020-12-30,14,20,0,6,14,14,0,0,14,20,0,0,14,20,California
Alpine,2020-12-31,1,21,0,6,1,15,0,0,1,21,0,0,1,21,California
Alpine,2021-01-01,1,22,0,6,1,16,0,0,1,22,0,0,1,22,California
Alpine,2021-01-02,1,23,1,7,0,16,0,0,1,23,0,0,1,23,California
Alpine,2021-01-04,10,33,0,7,10,26,0,0,10,33,0,0,10,33,California
Alpine,2021-01-05,9,42,1,8,8,34,0,0,9,42,0,0,9,42,California
Alpine,2021-01-06,31,73,0,8,31,65,0,0,31,73,0,0,31,73,California
Alpine,2021-01-07,8,81,0,8,8,73,0,0,8,81,0,0,8,81,California
Alpine,2021-01-08,4,85,2,10,2,75,0,0,2,81,2,2,2,83,California
Alpine,2021-01-09,2,87,2,12,0,75,0,0,0,79,2,4,0,83,California
Alpine,2021-01-11,32,119,1,13,31,106,0,0,31,109,1,5,31,114,California
Alpine,2021-01-13,35,154,0,13,35,141,0,0,35,144,0,5,35,149,California
Alpine,2021-01-14,1,155,0,13,1,142,0,0,1,145,0,5,1,150,California
Alpine,2021-01-15,1,156,0,13,1,143,0,0,1,146,0,5,1,151,California
Alpine,2021-01-20,21,177,0,13,21,164,0,0,21,167,0,5,21,172,California
Alpine,2021-01-21,1,178,0,13,1,165,0,0,1,168,0,5,1,173,California
Alpine,2021-01-22,33,211,0,13,33,198,0,0,33,201,0,5,33,206,California
Alpine,2021-01-23,1,212,1,14,0,198,0,0,0,200,1,6,0,206,California
Alpine,2021-01-25,16,228,0,14,16,214,0,0,16,216,0,6,16,222,California
Alpine,2021-01-27,1,229,1,15,0,214,0,0,0,215,1,7,0,222,California
Alpine,2021-01-28,1,230,0,15,1,215,0,0,0,214,1,8,0,222,California
Alpine,2021-01-29,1,231,0,15,1,216,0,0,1,215,0,8,1,223,California
Alpine,2021-02-01,25,256,0,15,25,241,0,0,7,204,18,26,7,230,California
Alpine,2021-02-03,34,290,0,15,34,275,0,0,10,190,24,50,10,240,California
Alpine,2021-02-04,8,298,0,15,8,283,0,0,3,188,5,55,3,243,California
Alpine,2021-02-05,31,329,0,15,31,314,0,0,12,181,19,74,12,255,California
Alpine,2021-02-08,32,361,0,15,32,346,0,0,4,157,28,102,4,259,California
Alpine,2021-02-10,34,395,0,15,34,380,0,0,0,123,34,136,0,259,California
Alpine,2021-02-11,6,401,0,15,6,386,0,0,3,123,3,139,3,262,California
Alpine,2021-02-12,1,402,0,15,1,387,0,0,0,122,1,140,0,262,California
Alpine,2021-02-17,23,425,0,15,23,410,0,0,3,105,20,160,3,265,California
Alpine,2021-02-18,2,427,0,15,2,412,0,0,1,105,1,161,1,266,California
Alpine,2021-02-19,34,461,1,16,33,445,0,0,2,75,32,193,2,268,California
Alpine,2021-02-22,27,488,0,16,27,472,0,0,8,64,19,212,8,276,California
Alpine,2021-02-24,1,489,1,17,0,472,0,0,1,65,0,212,1,277,California
Alpine,2021-02-25,6,495,1,18,5,477,0,0,6,71,0,212,6,283,California
Alpine,2021-02-26,30,525,1,19,29,506,0,0,29,99,1,213,29,312,California
Alpine,2021-02-27,1,526,0,19,1,507,0,0,1,100,0,213,1,313,California
Alpine,2021-03-01,36,562,0,19,36,543,0,0,26,116,10,223,26,339,California
Alpine,2021-03-03,29,591,0,19,29,572,0,0,18,123,11,234,18,357,California
Alpine,2021-03-04,11,602,1,20,10,582,0,0,11,134,0,234,11,368,California
Alpine,2021-03-05,30,632,0,20,30,612,0,0,22,148,8,242,22,390,California
Alpine,2021-03-08,31,663,0,20,31,643,0,0,29,175,2,244,29,419,California
Alpine,2021-03-10,73,736,0,20,73,716,0,0,73,248,0,244,73,492,California
Alpine,2021-03-11,35,771,0,20,35,751,0,0,31,275,4,248,31,523,California
Alpine,2021-03-12,19,790,0,20,19,770,0,0,17,290,2,250,17,540,California
Alpine,2021-03-15,21,811,1,21,20,790,0,0,20,309,1,251,20,560,California
Alpine,2021-03-17,23,834,0,21,22,812,1,1,19,325,4,255,20,580,California
Alpine,2021-03-18,38,872,3,24,35,847,0,1,35,357,3,258,35,615,California
Alpine,2021-03-19,2,874,1,25,1,848,0,1,1,357,1,259,1,616,California
Alpine,2021-03-22,24,898,0,25,24,872,0,1,15,363,9,268,15,631,California
Alpine,2021-03-24,19,917,0,25,19,891,0,1,8,360,11,279,8,639,California
Alpine,2021-03-25,35,952,1,26,33,924,1,2,28,382,7,286,29,668,California
Alpine,2021-03-27,1,953,0,26,1,925,0,2,0,381,1,287,0,668,California
Alpine,2021-03-28,1,954,1,27,0,925,0,2,1,382,0,287,1,669,California
Alpine,2021-03-29,19,973,0,27,18,943,1,3,2,368,17,304,3,672,California
Alpine,2021-04-01,18,991,0,27,18,961,0,3,8,366,10,314,8,680,California
Alpine,2021-04-02,101,1092,1,28,100,1061,0,3,46,358,54,368,46,726,California
Alpine,2021-04-05,4,1096,1,29,3,1064,0,3,0,354,4,372,0,726,California
Alpine,2021-04-06,3,1099,2,31,1,1065,0,3,2,355,1,373,2,728,California
Alpine,2021-04-07,117,1216,0,31,116,1181,1,4,30,300,86,459,31,759,California
Alpine,2021-04-08,36,1252,0,31,35,1216,1,5,10,285,26,485,11,770,California
Alpine,2021-04-09,2,1254,0,31,2,1218,0,5,2,287,0,485,2,772,California
Alpine,2021-04-14,47,1301,0,31,47,1265,0,5,10,260,37,522,10,782,California
Alpine,2021-04-15,35,1336,0,31,35,1300,0,5,3,231,32,554,3,785,California
Alpine,2021-04-16,1,1337,0,31,1,1301,0,5,1,232,0,554,1,786,California
Alpine,2021-04-19,1,1338,0,31,1,1302,0,5,1,233,0,554,1,787,California
Alpine,2021-04-21,31,1369,0,31,31,1333,0,5,15,232,16,570,15,802,California
Alpine,2021-04-22,24,1393,0,31,24,1357,0,5,1,210,23,593,1,803,California
Alpine,2021-04-24,2,1395,2,33,0,1357,0,5,0,209,2,595,1,804,California
Alpine,2021-04-25,1,1396,1,34,0,1357,0,5,0,208,1,596,0,804,California
Alpine,2021-04-27,2,1398,1,35,1,1358,0,5,1,208,1,597,1,805,California
Alpine,2021-04-28,36,1434,0,35,36,1394,0,5,6,184,30,627,6,811,California
Alpine,2021-04-29,7,1441,1,36,6,1400,0,5,1,179,6,633,1,812,California
Alpine,2021-04-30,2,1443,1,37,0,1400,1,6,1,180,1,634,2,814,California
Alpine,2021-05-02,1,1444,0,37,0,1400,1,7,0,180,1,635,1,815,California
Alpine,2021-05-05,17,1461,0,37,17,1417,0,7,4,171,13,648,4,819,California
Alpine,2021-05-06,8,1469,0,37,8,1425,0,7,0,163,8,656,0,819,California
Alpine,2021-05-07,1,1470,0,37,1,1426,0,7,0,162,1,657,0,819,California
Alpine,2021-05-10,1,1471,0,37,1,1427,0,7,1,163,0,657,1,820,California
Alpine,2021-05-12,1,1472,0,37,0,1427,1,8,0,163,1,658,1,821,California
Alpine,2021-05-13,3,1475,0,37,3,1430,0,8,0,160,3,661,0,821,California
Alpine,2021-05-17,2,1477,0,37,2,1432,0,8,1,160,1,662,1,822,California
Alpine,2021-05-18,1,1478,0,37,1,1433,0,8,1,161,0,662,1,823,California
Alpine,2021-05-19,15,1493,0,37,15,1448,0,8,0,146,15,677,0,823,California
Alpine,2021-05-20,1,1494,1,38,0,1448,0,8,0,145,1,678,0,823,California
Alpine,2021-05-21,1,1495,1,39,0,1448,0,8,0,144,1,679,0,823,California
Alpine,2021-05-25,2,1497,0,39,2,1450,0,8,0,142,2,681,0,823,California
Alpine,2021-05-27,1,1498,0,39,1,1451,0,8,1,143,0,681,1,824,California
Alpine,2021-05-28,1,1499,1,40,0,1451,0,8,1,144,0,681,1,825,California
Alpine,2021-05-29,1,1500,0,40,1,1452,0,8,1,145,0,681,1,826,California
Alpine,2021-06-02,7,1507,0,40,7,1459,0,8,0,138,7,688,0,826,California
Amador,2020-12-16,2,2,2,2,0,0,0,0,2,2,0,0,2,2,California
Amador,2020-12-17,5,7,5,7,0,0,0,0,5,7,0,0,5,7,California
Amador,2020-12-18,45,52,45,52,0,0,0,0,45,52,0,0,45,52,California
Amador,2020-12-19,17,69,17,69,0,0,0,0,17,69,0,0,17,69,California
Amador,2020-12-20,4,73,4,73,0,0,0,0,4,73,0,0,4,73,California
Amador,2020-12-21,31,104,31,104,0,0,0,0,31,104,0,0,31,104,California
Amador,2020-12-22,35,139,34,138,1,1,0,0,35,139,0,0,35,139,California
Amador,2020-12-23,40,179,39,177,1,2,0,0,40,179,0,0,40,179,California
Amador,2020-12-24,5,184,3,180,2,4,0,0,5,184,0,0,5,184,California
Amador,2020-12-26,5,189,4,184,1,5,0,0,5,189,0,0,5,189,California
Amador,2020-12-27,1,190,0,184,1,6,0,0,1,190,0,0,1,190,California
Amador,2020-12-28,31,221,27,211,4,10,0,0,31,221,0,0,31,221,California
Amador,2020-12-29,26,247,19,230,7,17,0,0,26,247,0,0,26,247,California
Amador,2020-12-30,124,371,78,308,46,63,0,0,124,371,0,0,124,371,California
Amador,2020-12-31,192,563,167,475,25,88,0,0,192,563,0,0,192,563,California
Amador,2021-01-01,2,565,0,475,2,90,0,0,2,565,0,0,2,565,California
Amador,2021-01-02,56,621,56,531,0,90,0,0,56,621,0,0,56,621,California
Amador,2021-01-03,65,686,17,548,48,138,0,0,65,686,0,0,65,686,California
Amador,2021-01-04,124,810,1,549,123,261,0,0,124,810,0,0,124,810,California
Amador,2021-01-05,33,843,3,552,30,291,0,0,31,840,2,2,32,842,California
Amador,2021-01-06,40,883,10,562,30,321,0,0,36,872,4,6,36,878,California
Amador,2021-01-07,230,1113,69,631,161,482,0,0,218,1078,12,18,218,1096,California
Amador,2021-01-08,85,1198,70,701,15,497,0,0,41,1076,44,62,42,1138,California
Amador,2021-01-09,11,1209,11,712,0,497,0,0,2,1069,9,71,2,1140,California
Amador,2021-01-10,6,1215,4,716,2,499,0,0,2,1067,4,75,2,1142,California
Amador,2021-01-11,125,1340,44,760,81,580,0,0,88,1119,37,112,89,1231,California
Amador,2021-01-12,65,1405,50,810,15,595,0,0,41,1136,24,136,41,1272,California
Amador,2021-01-13,40,1445,24,834,16,611,0,0,28,1152,12,148,28,1300,California
Amador,2021-01-14,150,1595,22,856,128,739,0,0,140,1283,10,158,141,1441,California
Amador,2021-01-15,60,1655,25,881,35,774,0,0,52,1327,8,166,52,1493,California
Amador,2021-01-16,18,1673,11,892,7,781,0,0,12,1334,6,172,13,1506,California
Amador,2021-01-17,25,1698,5,897,20,801,0,0,25,1359,0,172,25,1531,California
Amador,2021-01-18,31,1729,27,924,4,805,0,0,9,1346,22,194,9,1540,California
Amador,2021-01-19,125,1854,100,1024,25,830,0,0,81,1383,44,238,81,1621,California
Amador,2021-01-20,184,2038,34,1058,150,980,0,0,168,1536,15,253,168,1789,California
Amador,2021-01-21,259,2297,228,1286,31,1011,0,0,148,1574,111,364,149,1938,California
Amador,2021-01-22,137,2434,74,1360,63,1074,0,0,130,1697,7,371,130,2068,California
Amador,2021-01-23,52,2486,32,1392,20,1094,0,0,50,1745,2,373,50,2118,California
Amador,2021-01-24,29,2515,12,1404,17,1111,0,0,26,1768,3,376,26,2144,California
Amador,2021-01-25,59,2574,28,1432,31,1142,0,0,42,1793,17,393,42,2186,California
Amador,2021-01-26,245,2819,17,1449,228,1370,0,0,235,2018,10,403,235,2421,California
Amador,2021-01-27,301,3120,32,1481,269,1639,0,0,254,2228,45,448,255,2676,California
Amador,2021-01-28,369,3489,97,1578,272,1911,0,0,288,2436,81,529,289,2965,California
Amador,2021-01-29,97,3586,32,1610,65,1976,0,0,82,2503,15,544,82,3047,California
Amador,2021-01-30,169,3755,37,1647,132,2108,0,0,164,2662,5,549,164,3211,California
Amador,2021-01-31,32,3787,28,1675,4,2112,0,0,31,2692,1,550,31,3242,California
Amador,2021-02-01,64,3851,23,1698,41,2153,0,0,37,2702,27,577,37,3279,California
Amador,2021-02-02,213,4064,64,1762,149,2302,0,0,127,2746,83,660,127,3406,California
Amador,2021-02-03,142,4206,39,1801,103,2405,0,0,91,2787,50,710,91,3497,California
Amador,2021-02-04,251,4457,74,1875,177,2582,0,0,164,2866,87,797,166,3663,California
Amador,2021-02-05,332,4789,64,1939,268,2850,0,0,316,3166,16,813,316,3979,California
Amador,2021-02-06,99,4888,80,2019,19,2869,0,0,95,3257,4,817,95,4074,California
Amador,2021-02-07,39,4927,35,2054,4,2873,0,0,35,3289,4,821,36,4110,California
Amador,2021-02-08,90,5017,62,2116,28,2901,0,0,73,3345,17,838,73,4183,California
Amador,2021-02-09,175,5192,82,2198,93,2994,0,0,109,3388,66,904,109,4292,California
Amador,2021-02-10,980,6172,80,2278,900,3894,0,0,946,4300,34,938,946,5238,California
Amador,2021-02-11,310,6482,120,2398,190,4084,0,0,199,4390,109,1047,199,5437,California
Amador,2021-02-12,331,6813,122,2520,209,4293,0,0,257,4573,74,1121,257,5694,California
Amador,2021-02-13,168,6981,82,2602,86,4379,0,0,142,4689,26,1147,142,5836,California
Amador,2021-02-14,123,7104,54,2656,69,4448,0,0,106,4778,17,1164,106,5942,California
Amador,2021-02-15,188,7292,61,2717,127,4575,0,0,171,4933,16,1180,171,6113,California
Amador,2021-02-16,465,7757,53,2770,412,4987,0,0,426,5321,39,1219,427,6540,California
Amador,2021-02-17,263,8020,84,2854,179,5166,0,0,166,5390,97,1316,166,6706,California
Amador,2021-02-18,397,8417,99,2953,298,5464,0,0,333,5659,64,1380,333,7039,California
Amador,2021-02-19,195,8612,77,3030,118,5582,0,0,111,5686,84,1464,111,7150,California
Amador,2021-02-20,95,8707,33,3063,62,5644,0,0,67,5725,28,1492,67,7217,California
Amador,2021-02-21,45,8752,34,3097,11,5655,0,0,14,5708,31,1523,14,7231,California
Amador,2021-02-22,65,8817,25,3122,40,5695,0,0,32,5708,32,1555,32,7263,California
Amador,2021-02-23,320,9137,54,3176,266,5961,0,0,140,5668,180,1735,140,7403,California
Amador,2021-02-24,397,9534,58,3234,339,6300,0,0,264,5803,129,1864,264,7667,California
Amador,2021-02-25,524,10058,119,3353,405,6705,0,0,278,5836,245,2109,278,7945,California
Amador,2021-02-26,623,10681,76,3429,547,7252,0,0,509,6231,114,2223,509,8454,California
Amador,2021-02-27,292,10973,93,3522,199,7451,0,0,101,6144,190,2413,103,8557,California
Amador,2021-02-28,104,11077,53,3575,51,7502,0,0,58,6158,46,2459,60,8617,California
Amador,2021-03-01,191,11268,67,3642,124,7626,0,0,121,6210,70,2529,122,8739,California
Amador,2021-03-02,381,11649,63,3705,318,7944,0,0,332,6494,49,2578,333,9072,California
Amador,2021-03-03,243,11892,79,3784,164,8108,0,0,167,6587,75,2653,168,9240,California
Amador,2021-03-04,498,12390,116,3900,382,8490,0,0,395,6880,102,2755,395,9635,California
Amador,2021-03-05,513,12903,77,3977,436,8926,0,0,294,6958,218,2973,296,9931,California
Amador,2021-03-06,99,13002,46,4023,52,8978,1,1,54,6968,45,3018,55,9986,California
Amador,2021-03-07,65,13067,44,4067,21,8999,0,1,22,6947,43,3061,22,10008,California
Amador,2021-03-08,153,13220,71,4138,81,9080,1,2,92,6979,61,3122,93,10101,California
Amador,2021-03-09,373,13593,50,4188,323,9403,0,2,293,7195,77,3199,293,10394,California
Amador,2021-03-10,516,14109,77,4265,437,9840,2,4,112,6907,404,3603,116,10510,California
Amador,2021-03-11,475,14584,118,4383,346,10186,11,15,300,7047,174,3777,314,10824,California
Amador,2021-03-12,568,15152,66,4449,495,10681,7,22,337,7166,230,4007,349,11173,California
Amador,2021-03-13,115,15267,18,4467,90,10771,7,29,74,7210,41,4048,85,11258,California
Amador,2021-03-14,89,15356,19,4486,67,10838,3,32,21,7166,68,4116,24,11282,California
Amador,2021-03-15,180,15536,26,4512,147,10985,7,39,55,7104,125,4241,63,11345,California
Amador,2021-03-16,454,15990,54,4566,390,11375,10,49,139,6940,313,4554,149,11494,California
Amador,2021-03-17,198,16188,43,4609,152,11527,3,52,119,6984,79,4633,123,11617,California
Amador,2021-03-18,479,16667,102,4711,373,11900,4,56,253,7019,226,4859,261,11878,California
Amador,2021-03-19,541,17208,56,4767,468,12368,17,73,391,7282,148,5007,411,12289,California
Amador,2021-03-20,110,17318,46,4813,63,12431,1,74,46,7268,63,5070,49,12338,California
Amador,2021-03-21,48,17366,36,4849,11,12442,1,75,31,7286,16,5086,34,12372,California
Amador,2021-03-22,116,17482,34,4883,53,12495,29,104,52,7303,64,5150,81,12453,California
Amador,2021-03-23,434,17916,47,4930,380,12875,7,111,275,7428,158,5308,283,12736,California
Amador,2021-03-24,343,18259,36,4966,54,12929,253,364,35,7409,307,5615,288,13024,California
Amador,2021-03-25,607,18866,85,5051,516,13445,6,370,395,7599,211,5826,401,13425,California
Amador,2021-03-26,745,19611,44,5095,695,14140,6,376,281,7427,462,6288,290,13715,California
Amador,2021-03-27,90,19701,15,5110,73,14213,2,378,27,7395,63,6351,31,13746,California
Amador,2021-03-28,70,19771,16,5126,52,14265,2,380,12,7353,57,6408,15,13761,California
Amador,2021-03-29,182,19953,27,5153,154,14419,1,381,81,7341,99,6507,87,13848,California
Amador,2021-03-30,535,20488,28,5181,506,14925,1,382,294,7396,240,6747,295,14143,California
Amador,2021-03-31,199,20687,57,5238,137,15062,5,387,43,7289,155,6902,48,14191,California
Amador,2021-04-01,614,21301,87,5325,527,15589,0,387,263,7205,349,7251,265,14456,California
Amador,2021-04-02,607,21908,38,5363,557,16146,12,399,381,7375,225,7476,395,14851,California
Amador,2021-04-03,84,21992,21,5384,43,16189,20,419,21,7355,63,7539,43,14894,California
Amador,2021-04-04,38,22030,3,5387,29,16218,6,425,15,7353,23,7562,21,14915,California
Amador,2021-04-05,145,22175,52,5439,76,16294,17,442,49,7326,95,7657,68,14983,California
Amador,2021-04-06,502,22677,38,5477,446,16740,18,460,222,7288,278,7935,240,15223,California
Amador,2021-04-07,98,22775,34,5511,45,16785,19,479,41,7293,55,7990,60,15283,California
Amador,2021-04-08,497,23272,86,5597,390,17175,21,500,222,7262,274,8264,243,15526,California
Amador,2021-04-09,481,23753,20,5617,442,17617,19,519,211,7221,269,8533,228,15754,California
Amador,2021-04-10,50,23803,14,5631,27,17644,9,528,22,7224,28,8561,31,15785,California
Amador,2021-04-11,50,23853,25,5656,21,17665,4,532,23,7225,26,8587,27,15812,California
Amador,2021-04-12,98,23951,26,5682,62,17727,10,542,42,7221,56,8643,52,15864,California
Amador,2021-04-13,344,24295,50,5732,294,18021,0,542,67,7012,276,8919,67,15931,California
Amador,2021-04-14,281,24576,27,5759,254,18275,0,542,175,7084,103,9022,175,16106,California
Amador,2021-04-15,332,24908,74,5833,258,18533,0,542,71,6899,256,9278,71,16177,California
Amador,2021-04-16,482,25390,29,5862,453,18986,0,542,385,7188,96,9374,385,16562,California
Amador,2021-04-17,60,25450,34,5896,26,19012,0,542,25,7178,35,9409,25,16587,California
Amador,2021-04-18,26,25476,6,5902,20,19032,0,542,11,7175,14,9423,11,16598,California
Amador,2021-04-19,69,25545,27,5929,42,19074,0,542,30,7169,38,9461,32,16630,California
Amador,2021-04-20,436,25981,55,5984,381,19455,0,542,111,6964,318,9779,113,16743,California
Amador,2021-04-21,85,26066,33,6017,52,19507,0,542,43,6966,41,9820,43,16786,California
Amador,2021-04-22,497,26563,78,6095,418,19925,1,543,104,6685,386,10206,105,16891,California
Amador,2021-04-23,358,26921,46,6141,312,20237,0,543,286,6902,71,10277,288,17179,California
Amador,2021-04-24,48,26969,24,6165,24,20261,0,543,27,6909,20,10297,27,17206,California
Amador,2021-04-25,41,27010,19,6184,22,20283,0,543,29,6926,12,10309,29,17235,California
Amador,2021-04-26,86,27096,26,6210,59,20342,1,544,40,6922,45,10354,41,17276,California
Amador,2021-04-27,491,27587,38,6248,452,20794,1,545,87,6609,402,10756,89,17365,California
Amador,2021-04-28,67,27654,29,6277,34,20828,4,549,39,6624,28,10784,43,17408,California
Amador,2021-04-29,222,27876,69,6346,44,20872,109,658,64,6638,158,10942,172,17580,California
Amador,2021-04-30,338,28214,26,6372,308,21180,4,662,95,6494,243,11185,99,17679,California
Amador,2021-05-01,42,28256,16,6388,22,21202,4,666,22,6502,18,11203,26,17705,California
Amador,2021-05-02,27,28283,14,6402,10,21212,3,669,10,6499,17,11220,14,17719,California
Amador,2021-05-03,67,28350,33,6435,24,21236,10,679,27,6496,40,11260,37,17756,California
Amador,2021-05-04,465,28815,26,6461,432,21668,7,686,68,6174,397,11657,75,17831,California
Amador,2021-05-05,201,29016,153,6614,39,21707,9,695,163,6307,38,11695,171,18002,California
Amador,2021-05-06,108,29124,54,6668,49,21756,5,700,63,6332,43,11738,68,18070,California
Amador,2021-05-07,126,29250,29,6697,90,21846,7,707,66,6345,60,11798,73,18143,California
Amador,2021-05-08,41,29291,8,6705,30,21876,3,710,20,6347,21,11819,23,18166,California
Amador,2021-05-09,15,29306,0,6705,9,21885,6,716,4,6346,11,11830,10,18176,California
Amador,2021-05-10,62,29368,15,6720,44,21929,3,719,26,6339,36,11866,29,18205,California
Amador,2021-05-11,102,29470,34,6754,42,21971,26,745,45,6353,57,11923,71,18276,California
Amador,2021-05-12,63,29533,21,6775,41,22012,1,746,29,6349,34,11957,30,18306,California
Amador,2021-05-13,73,29606,39,6814,28,22040,6,752,36,6356,35,11992,42,18348,California
Amador,2021-05-14,395,30001,35,6849,356,22396,4,756,87,6139,308,12300,91,18439,California
Amador,2021-05-15,51,30052,20,6869,20,22416,11,767,23,6146,28,12328,35,18474,California
Amador,2021-05-16,38,30090,15,6884,23,22439,0,767,17,6142,21,12349,17,18491,California
Amador,2021-05-17,75,30165,22,6906,51,22490,2,769,36,6142,38,12387,38,18529,California
Amador,2021-05-18,247,30412,169,7075,43,22533,35,804,163,6257,83,12470,198,18727,California
Amador,2021-05-19,73,30485,22,7097,47,22580,4,808,33,6257,39,12509,39,18766,California
Amador,2021-05-20,79,30564,45,7142,31,22611,3,811,31,6244,47,12556,34,18800,California
Amador,2021-05-21,266,30830,29,7171,235,22846,2,813,40,6060,226,12782,42,18842,California
Amador,2021-05-22,41,30871,16,7187,20,22866,5,818,16,6056,25,12807,21,18863,California
Amador,2021-05-23,23,30894,7,7194,15,22881,1,819,8,6050,15,12822,9,18872,California
Amador,2021-05-24,86,30980,28,7222,46,22927,12,831,40,6057,45,12867,52,18924,California
Amador,2021-05-25,140,31120,88,7310,27,22954,25,856,82,6108,56,12923,107,19031,California
Amador,2021-05-26,204,31324,161,7471,37,22991,6,862,42,5994,161,13084,47,19078,California
Amador,2021-05-27,78,31402,36,7507,34,23025,8,870,29,5982,49,13133,37,19115,California
Amador,2021-05-28,65,31467,23,7530,39,23064,3,873,26,5972,39,13172,29,19144,California
Amador,2021-05-29,25,31492,1,7531,21,23085,3,876,11,5972,14,13186,14,19158,California
Amador,2021-05-30,18,31510,4,7535,8,23093,6,882,5,5970,13,13199,11,19169,California
Amador,2021-05-31,10,31520,0,7535,9,23102,1,883,2,5965,8,13207,3,19172,California
Amador,2021-06-01,78,31598,59,7594,17,23119,2,885,34,5958,43,13250,36,19208,California
Amador,2021-06-02,17,31615,7,7601,10,23129,0,885,8,5958,9,13259,9,19217,California
Butte,2020-12-16,3,3,3,3,0,0,0,0,3,3,0,0,3,3,California
Butte,2020-12-17,21,24,21,24,0,0,0,0,21,24,0,0,21,24,California
Butte,2020-12-18,50,74,50,74,0,0,0,0,50,74,0,0,50,74,California
Butte,2020-12-19,7,81,7,81,0,0,0,0,7,81,0,0,7,81,California
Butte,2020-12-20,10,91,10,91,0,0,0,0,10,91,0,0,10,91,California
Butte,2020-12-21,635,726,635,726,0,0,0,0,635,726,0,0,635,726,California
Butte,2020-12-22,619,1345,617,1343,2,2,0,0,619,1345,0,0,619,1345,California
Butte,2020-12-23,878,2223,862,2205,16,18,0,0,878,2223,0,0,878,2223,California
Butte,2020-12-24,159,2382,155,2360,4,22,0,0,159,2382,0,0,159,2382,California
Butte,2020-12-26,93,2475,91,2451,2,24,0,0,93,2475,0,0,93,2475,California
Butte,2020-12-27,35,2510,34,2485,1,25,0,0,35,2510,0,0,35,2510,California
Butte,2020-12-28,279,2789,273,2758,6,31,0,0,279,2789,0,0,279,2789,California
Butte,2020-12-29,202,2991,178,2936,24,55,0,0,202,2991,0,0,202,2991,California
Butte,2020-12-30,514,3505,291,3227,223,278,0,0,514,3505,0,0,514,3505,California
Butte,2020-12-31,211,3716,18,3245,193,471,0,0,211,3716,0,0,211,3716,California
Butte,2021-01-01,8,3724,1,3246,7,478,0,0,8,3724,0,0,8,3724,California
Butte,2021-01-02,41,3765,38,3284,3,481,0,0,41,3765,0,0,41,3765,California
Butte,2021-01-03,3,3768,0,3284,3,484,0,0,3,3768,0,0,3,3768,California
Butte,2021-01-04,208,3976,175,3459,33,517,0,0,208,3976,0,0,208,3976,California
Butte,2021-01-05,197,4173,152,3611,45,562,0,0,196,4171,1,1,196,4172,California
Butte,2021-01-06,624,4797,397,4008,227,789,0,0,619,4786,5,6,620,4792,California
Butte,2021-01-07,761,5558,369,4377,392,1181,0,0,741,5507,20,26,741,5533,California
Butte,2021-01-08,670,6228,530,4907,140,1321,0,0,624,6085,46,72,624,6157,California
Butte,2021-01-09,12,6240,7,4914,5,1326,0,0,7,6087,5,77,7,6164,California
Butte,2021-01-10,19,6259,5,4919,14,1340,0,0,14,6096,5,82,14,6178,California
Butte,2021-01-11,985,7244,949,5868,36,1376,0,0,357,5828,628,710,360,6538,California
Butte,2021-01-12,698,7942,653,6521,45,1421,0,0,274,5678,424,1134,274,6812,California
Butte,2021-01-13,1569,9511,1075,7596,494,1915,0,0,731,5573,838,1972,733,7545,California
Butte,2021-01-14,1633,11144,892,8488,741,2656,0,0,1437,6815,195,2167,1437,8982,California
Butte,2021-01-15,1054,12198,813,9301,241,2897,0,0,945,7650,110,2277,945,9927,California
Butte,2021-01-16,586,12784,300,9601,286,3183,0,0,541,8146,45,2322,541,10468,California
Butte,2021-01-17,238,13022,64,9665,174,3357,0,0,201,8310,37,2359,201,10669,California
Butte,2021-01-18,344,13366,302,9967,42,3399,0,0,276,8519,67,2426,276,10945,California
Butte,2021-01-19,495,13861,432,10399,63,3462,0,0,223,8470,272,2698,223,11168,California
Butte,2021-01-20,1369,15230,689,11088,680,4142,0,0,1066,9233,303,3001,1066,12234,California
Butte,2021-01-21,1475,16705,867,11955,608,4750,0,0,1367,10493,107,3108,1367,13601,California
Butte,2021-01-22,1137,17842,478,12433,659,5409,0,0,1084,11524,53,3161,1084,14685,California
Butte,2021-01-23,127,17969,85,12518,42,5451,0,0,101,11599,26,3187,101,14786,California
Butte,2021-01-24,9,17978,7,12525,2,5453,0,0,9,11608,0,3187,9,14795,California
Butte,2021-01-25,656,18634,335,12860,321,5774,0,0,493,11938,163,3350,493,15288,California
Butte,2021-01-26,1469,20103,377,13237,1092,6866,0,0,1332,13133,137,3487,1332,16620,California
Butte,2021-01-27,2097,22200,705,13942,1392,8258,0,0,1366,13769,730,4217,1366,17986,California
Butte,2021-01-28,2263,24463,262,14204,2001,10259,0,0,1951,15409,311,4528,1951,19937,California
Butte,2021-01-29,1685,26148,486,14690,1199,11458,0,0,1308,16341,376,4904,1308,21245,California
Butte,2021-01-30,31,26179,8,14698,23,11481,0,0,29,16368,2,4906,29,21274,California
Butte,2021-01-31,16,26195,14,14712,2,11483,0,0,15,16382,1,4907,15,21289,California
Butte,2021-02-01,1750,27945,406,15118,1344,12827,0,0,1361,17356,387,5294,1361,22650,California
Butte,2021-02-02,1932,29877,363,15481,1569,14396,0,0,1629,18681,304,5598,1629,24279,California
Butte,2021-02-03,2741,32618,777,16258,1964,16360,0,0,1849,19640,890,6488,1849,26128,California
Butte,2021-02-04,2958,35576,324,16582,2634,18994,0,0,2402,21488,554,7042,2402,28530,California
Butte,2021-02-05,1274,36850,667,17249,607,19601,0,0,553,21321,721,7763,554,29084,California
Butte,2021-02-06,145,36995,104,17353,41,19642,0,0,63,21302,82,7845,63,29147,California
Butte,2021-02-07,37,37032,33,17386,4,19646,0,0,13,21291,24,7869,13,29160,California
Butte,2021-02-08,699,37731,548,17934,151,19797,0,0,242,21076,457,8326,242,29402,California
Butte,2021-02-09,953,38684,459,18393,494,20291,0,0,723,21569,230,8556,723,30125,California
Butte,2021-02-10,1706,40390,1190,19583,516,20807,0,0,674,21213,1030,9586,674,30799,California
Butte,2021-02-11,2202,42592,1347,20930,855,21662,0,0,1005,21021,1197,10783,1005,31804,California
Butte,2021-02-12,1003,43595,436,21366,567,22229,0,0,330,20679,672,11455,330,32134,California
Butte,2021-02-13,251,43846,43,21409,208,22437,0,0,150,20728,101,11556,150,32284,California
Butte,2021-02-14,160,44006,9,21418,151,22588,0,0,156,20880,4,11560,156,32440,California
Butte,2021-02-15,263,44269,47,21465,216,22804,0,0,198,21013,65,11625,198,32638,California
Butte,2021-02-16,733,45002,432,21897,301,23105,0,0,277,20833,457,12082,277,32915,California
Butte,2021-02-17,1517,46519,849,22746,668,23773,0,0,842,21002,673,12755,842,33757,California
Butte,2021-02-18,1559,48078,763,23509,796,24569,0,0,749,20941,810,13565,749,34506,California
Butte,2021-02-19,1169,49247,389,23898,780,25349,0,0,402,20583,760,14325,402,34908,California
Butte,2021-02-20,479,49726,32,23930,447,25796,0,0,126,20357,352,14677,126,35034,California
Butte,2021-02-21,18,49744,16,23946,2,25798,0,0,13,20365,5,14682,13,35047,California
Butte,2021-02-22,1503,51247,297,24243,1206,27004,0,0,379,19623,1121,15803,379,35426,California
Butte,2021-02-23,1635,52882,297,24540,1338,28342,0,0,463,18919,1167,16970,463,35889,California
Butte,2021-02-24,2138,55020,598,25138,1540,29882,0,0,726,18241,1404,18374,726,36615,California
Butte,2021-02-25,2076,57096,577,25715,1499,31381,0,0,656,17483,1415,19789,657,37272,California
Butte,2021-02-26,920,58016,311,26026,609,31990,0,0,396,17358,521,20310,396,37668,California
Butte,2021-02-27,237,58253,50,26076,187,32177,0,0,186,17495,49,20359,186,37854,California
Butte,2021-02-28,139,58392,16,26092,123,32300,0,0,131,17618,8,20367,131,37985,California
Butte,2021-03-01,1629,60021,177,26269,1451,33751,1,1,329,16651,1297,21664,330,38315,California
Butte,2021-03-02,1750,61771,198,26467,1552,35303,0,1,313,15531,1433,23097,313,38628,California
Butte,2021-03-03,2788,64559,851,27318,1937,37240,0,1,482,13710,2304,25401,483,39111,California
Butte,2021-03-04,3152,67711,683,28001,2469,39709,0,1,628,11815,2523,27924,628,39739,California
Butte,2021-03-05,1354,69065,616,28617,737,40446,1,2,737,11940,613,28537,738,40477,California
Butte,2021-03-06,247,69312,27,28644,197,40643,23,25,186,12089,60,28597,209,40686,California
Butte,2021-03-07,54,69366,3,28647,34,40677,17,42,29,12110,25,28622,46,40732,California
Butte,2021-03-08,1267,70633,129,28776,1060,41737,78,120,1101,13126,163,28785,1179,41911,California
Butte,2021-03-09,1905,72538,284,29060,1518,43255,103,223,1414,14155,488,29273,1517,43428,California
Butte,2021-03-10,2318,74856,966,30026,1251,44506,101,324,1577,15096,736,30009,1677,45105,California
Butte,2021-03-11,2813,77669,1319,31345,1368,45874,126,450,1983,16386,819,30828,2109,47214,California
Butte,2021-03-12,1147,78816,330,31675,468,46342,349,799,356,16307,785,31613,706,47920,California
Butte,2021-03-13,255,79071,69,31744,137,46479,49,848,62,16225,193,31806,111,48031,California
Butte,2021-03-14,162,79233,16,31760,104,46583,42,890,20,16146,141,31947,62,48093,California
Butte,2021-03-15,1744,80977,360,32120,1090,47673,294,1184,1148,17000,588,32535,1442,49535,California
Butte,2021-03-16,1654,82631,416,32536,1160,48833,78,1262,1113,17652,538,33073,1190,50725,California
Butte,2021-03-17,1957,84588,1358,33894,518,49351,81,1343,1138,18059,811,33884,1218,51943,California
Butte,2021-03-18,1811,86399,1466,35360,216,49567,129,1472,1065,18512,740,34624,1193,53136,California
Butte,2021-03-19,702,87101,314,35674,304,49871,84,1556,348,18600,344,34968,432,53568,California
Butte,2021-03-20,208,87309,32,35706,160,50031,16,1572,96,18600,112,35080,112,53680,California
Butte,2021-03-21,58,87367,27,35733,2,50033,29,1601,15,18601,43,35123,44,53724,California
Butte,2021-03-22,1484,88851,352,36085,1038,51071,94,1695,1220,19653,262,35385,1314,55038,California
Butte,2021-03-23,1827,90678,493,36578,1220,52291,114,1809,1476,20895,348,35733,1590,56628,California
Butte,2021-03-24,2266,92944,1269,37847,871,53162,126,1935,1717,22192,545,36278,1842,58470,California
Butte,2021-03-25,1485,94429,1201,39048,192,53354,92,2027,1018,22839,463,36741,1110,59580,California
Butte,2021-03-26,1208,95637,441,39489,521,53875,246,2273,560,23005,640,37381,806,60386,California
Butte,2021-03-27,302,95939,85,39574,193,54068,24,2297,136,23000,163,37544,158,60544,California
Butte,2021-03-28,227,96166,44,39618,175,54243,8,2305,103,22989,121,37665,110,60654,California
Butte,2021-03-29,1759,97925,381,39999,1308,55551,70,2375,1342,23989,412,38077,1412,62066,California
Butte,2021-03-30,1040,98965,471,40470,479,56030,90,2465,493,24031,541,38618,583,62649,California
Butte,2021-03-31,1779,100744,1304,41774,408,56438,67,2532,1088,24501,685,39303,1155,63804,California
Butte,2021-04-01,3329,104073,2706,44480,496,56934,127,2659,2259,25824,1064,40367,2387,66191,California
Butte,2021-04-02,1003,105076,419,44899,464,57398,120,2779,566,26079,429,40796,684,66875,California
Butte,2021-04-03,347,105423,46,44945,226,57624,75,2854,164,26135,183,40979,239,67114,California
Butte,2021-04-04,188,105611,24,44969,141,57765,23,2877,110,26192,76,41055,133,67247,California
Butte,2021-04-05,1971,107582,420,45389,1379,59144,172,3049,593,25598,1369,42424,775,68022,California
Butte,2021-04-06,2200,109782,616,46005,1161,60305,423,3472,798,25421,1396,43820,1219,69241,California
Butte,2021-04-07,3044,112826,1323,47328,1328,61633,393,3865,717,24218,2321,46141,1118,70359,California
Butte,2021-04-08,2740,115566,1195,48523,1279,62912,266,4131,449,22651,2288,48429,721,71080,California
Butte,2021-04-09,1378,116944,354,48877,542,63454,482,4613,329,22416,1045,49474,810,71890,California
Butte,2021-04-10,224,117168,48,48925,78,63532,98,4711,101,22491,123,49597,198,72088,California
Butte,2021-04-11,107,117275,44,48969,53,63585,10,4721,83,22561,23,49620,93,72181,California
Butte,2021-04-12,1407,118682,314,49283,960,64545,133,4854,233,21753,1174,50794,366,72547,California
Butte,2021-04-13,1642,120324,572,49855,1064,65609,6,4860,336,20796,1299,52093,342,72889,California
Butte,2021-04-14,2823,123147,2335,52190,488,66097,0,4860,1305,20590,1512,53605,1306,74195,California
Butte,2021-04-15,642,123789,397,52587,245,66342,0,4860,485,20921,154,53759,485,74680,California
Butte,2021-04-16,810,124599,414,53001,396,66738,0,4860,475,21063,333,54092,475,75155,California
Butte,2021-04-17,342,124941,61,53062,281,67019,0,4860,238,21199,102,54194,238,75393,California
Butte,2021-04-18,42,124983,11,53073,31,67050,0,4860,38,21233,4,54198,38,75431,California
Butte,2021-04-19,1561,126544,381,53454,1180,68230,0,4860,428,20531,1130,55328,428,75859,California
Butte,2021-04-20,1969,128513,717,54171,1252,69482,0,4860,750,20070,1211,56539,750,76609,California
Butte,2021-04-21,2049,130562,1165,55336,884,70366,0,4860,465,18957,1578,58117,465,77074,California
Butte,2021-04-22,2220,132782,1942,57278,278,70644,0,4860,610,17961,1606,59723,610,77684,California
Butte,2021-04-23,942,133724,445,57723,497,71141,0,4860,490,17998,453,60176,490,78174,California
Butte,2021-04-24,345,134069,138,57861,207,71348,0,4860,190,18033,155,60331,190,78364,California
Butte,2021-04-25,172,134241,67,57928,105,71453,0,4860,63,17987,109,60440,63,78427,California
Butte,2021-04-26,1488,135729,428,58356,1055,72508,5,4865,383,17273,1102,61542,388,78815,California
Butte,2021-04-27,938,136667,641,58997,270,72778,27,4892,564,17495,369,61911,591,79406,California
Butte,2021-04-28,1393,138060,937,59934,431,73209,25,4917,504,17136,888,62799,529,79935,California
Butte,2021-04-29,885,138945,543,60477,317,73526,25,4942,298,16878,581,63380,323,80258,California
Butte,2021-04-30,894,139839,387,60864,486,74012,21,4963,451,16912,437,63817,471,80729,California
Butte,2021-05-01,240,140079,64,60928,157,74169,19,4982,71,16833,168,63985,89,80818,California
Butte,2021-05-02,149,140228,63,60991,73,74242,13,4995,42,16781,107,64092,55,80873,California
Butte,2021-05-03,626,140854,251,61242,344,74586,31,5026,170,16537,445,64537,201,81074,California
Butte,2021-05-04,818,141672,315,61557,471,75057,32,5058,212,16180,600,65137,243,81317,California
Butte,2021-05-05,1339,143011,1090,62647,213,75270,36,5094,276,15435,1057,66194,312,81629,California
Butte,2021-05-06,931,143942,670,63317,224,75494,37,5131,359,15262,569,66763,396,82025,California
Butte,2021-05-07,564,144506,292,63609,235,75729,37,5168,288,15314,273,67036,325,82350,California
Butte,2021-05-08,170,144676,36,63645,125,75854,9,5177,90,15334,79,67115,99,82449,California
Butte,2021-05-09,94,144770,20,63665,71,75925,3,5180,50,15343,44,67159,53,82502,California
Butte,2021-05-10,521,145291,307,63972,170,76095,44,5224,214,15297,304,67463,258,82760,California
Butte,2021-05-11,862,146153,641,64613,164,76259,57,5281,275,15045,584,68047,332,83092,California
Butte,2021-05-12,732,146885,472,65085,214,76473,46,5327,328,15019,400,68447,374,83466,California
Butte,2021-05-13,847,147732,569,65654,219,76692,59,5386,295,14830,541,68988,352,83818,California
Butte,2021-05-14,834,148566,522,66176,282,76974,30,5416,361,14751,469,69457,390,84208,California
Butte,2021-05-15,480,149046,223,66399,225,77199,32,5448,223,14750,256,69713,255,84463,California
Butte,2021-05-16,169,149215,83,66482,68,77267,18,5466,98,14796,70,69783,116,84579,California
Butte,2021-05-17,759,149974,486,66968,225,77492,48,5514,338,14763,418,70201,385,84964,California
Butte,2021-05-18,1058,151032,726,67694,284,77776,48,5562,479,14717,573,70774,527,85491,California
Butte,2021-05-19,833,151865,543,68237,246,78022,44,5606,335,14601,494,71268,378,85869,California
Butte,2021-05-20,836,152701,574,68811,160,78182,102,5708,333,14535,501,71769,435,86304,California
Butte,2021-05-21,781,153482,490,69301,264,78446,27,5735,261,14306,516,72285,287,86591,California
Butte,2021-05-22,218,153700,104,69405,109,78555,5,5740,108,14312,107,72392,113,86704,California
Butte,2021-05-23,75,153775,46,69451,26,78581,3,5743,43,14326,32,72424,46,86750,California
Butte,2021-05-24,327,154102,138,69589,145,78726,44,5787,168,14380,158,72582,212,86962,California
Butte,2021-05-25,673,154775,426,70015,213,78939,34,5821,334,14415,332,72914,367,87329,California
Butte,2021-05-26,551,155326,178,70193,354,79293,19,5840,248,14387,295,73209,267,87596,California
Butte,2021-05-27,827,156153,596,70789,214,79507,17,5857,393,14369,429,73638,411,88007,California
Butte,2021-05-28,499,156652,129,70918,295,79802,75,5932,201,14350,295,73933,276,88283,California
Butte,2021-05-29,202,156854,103,71021,88,79890,11,5943,128,14415,74,74007,139,88422,California
Butte,2021-05-30,107,156961,57,71078,48,79938,2,5945,60,14430,47,74054,62,88484,California
Butte,2021-05-31,41,157002,21,71099,17,79955,3,5948,22,14436,19,74073,25,88509,California
Butte,2021-06-01,623,157625,386,71485,206,80161,31,5979,227,14301,393,74466,258,88767,California
Butte,2021-06-02,544,158169,444,71929,85,80246,15,5994,237,14248,305,74771,252,89019,California
Calaveras,2020-12-16,5,5,5,5,0,0,0,0,5,5,0,0,5,5,California
Calaveras,2020-12-17,3,8,3,8,0,0,0,0,3,8,0,0,3,8,California
Calaveras,2020-12-18,39,47,39,47,0,0,0,0,39,47,0,0,39,47,California
Calaveras,2020-12-19,3,50,3,50,0,0,0,0,3,50,0,0,3,50,California
Calaveras,2020-12-20,4,54,4,54,0,0,0,0,4,54,0,0,4,54,California
Calaveras,2020-12-21,55,109,48,102,7,7,0,0,55,109,0,0,55,109,California
Calaveras,2020-12-22,82,191,78,180,4,11,0,0,83,192,0,0,83,192,California
Calaveras,2020-12-23,76,267,74,254,2,13,0,0,76,268,0,0,76,268,California
Calaveras,2020-12-24,2,269,2,256,0,13,0,0,2,270,0,0,2,270,California
Calaveras,2020-12-26,3,272,3,259,0,13,0,0,3,273,0,0,3,273,California
Calaveras,2020-12-28,21,293,17,276,4,17,0,0,20,292,1,1,20,293,California
Calaveras,2020-12-29,159,452,138,414,21,38,0,0,159,451,0,1,159,452,California
Calaveras,2020-12-30,94,546,82,496,12,50,0,0,94,545,0,1,94,546,California
Calaveras,2020-12-31,37,583,26,522,11,61,0,0,37,582,0,1,37,583,California
Calaveras,2021-01-02,11,594,11,533,0,61,0,0,11,593,0,1,11,594,California
Calaveras,2021-01-03,10,604,4,537,6,67,0,0,10,603,0,1,10,604,California
Calaveras,2021-01-04,33,637,5,542,28,95,0,0,33,636,0,1,33,637,California
Calaveras,2021-01-05,41,678,10,552,31,126,0,0,32,664,9,10,37,674,California
Calaveras,2021-01-06,107,785,30,582,77,203,0,0,97,751,10,20,97,771,California
Calaveras,2021-01-07,105,890,26,608,79,282,0,0,92,833,11,31,93,864,California
Calaveras,2021-01-08,69,959,39,647,30,312,0,0,45,855,24,55,46,910,California
Calaveras,2021-01-09,5,964,5,652,0,312,0,0,2,854,3,58,2,912,California
Calaveras,2021-01-10,2,966,0,652,2,314,0,0,2,856,0,58,2,914,California
Calaveras,2021-01-11,65,1031,59,711,6,320,0,0,27,848,37,95,29,943,California
Calaveras,2021-01-12,86,1117,53,764,33,353,0,0,52,867,34,129,53,996,California
Calaveras,2021-01-13,111,1228,45,809,66,419,0,0,77,911,34,163,78,1074,California
Calaveras,2021-01-14,140,1368,43,852,97,516,0,0,107,987,32,195,108,1182,California
Calaveras,2021-01-15,92,1460,28,880,64,580,0,0,72,1039,20,215,72,1254,California
Calaveras,2021-01-16,13,1473,2,882,11,591,0,0,12,1050,1,216,12,1266,California
Calaveras,2021-01-17,9,1482,1,883,8,599,0,0,9,1059,0,216,9,1275,California
Calaveras,2021-01-18,133,1615,20,903,113,712,0,0,119,1167,14,230,122,1397,California
Calaveras,2021-01-19,206,1821,175,1078,31,743,0,0,69,1101,136,366,70,1467,California
Calaveras,2021-01-20,378,2199,82,1160,296,1039,0,0,290,1316,87,453,302,1769,California
Calaveras,2021-01-21,464,2663,41,1201,423,1462,0,0,428,1720,36,489,440,2209,California
Calaveras,2021-01-22,402,3065,23,1224,379,1841,0,0,391,2108,11,500,399,2608,California
Calaveras,2021-01-23,20,3085,8,1232,12,1853,0,0,19,2126,1,501,19,2627,California
Calaveras,2021-01-24,14,3099,8,1240,6,1859,0,0,12,2136,2,503,12,2639,California
Calaveras,2021-01-25,86,3185,8,1248,78,1937,0,0,81,2212,5,508,81,2720,California
Calaveras,2021-01-26,48,3233,16,1264,32,1969,0,0,39,2242,9,517,39,2759,California
Calaveras,2021-01-27,131,3364,44,1308,87,2056,0,0,102,2316,28,545,102,2861,California
Calaveras,2021-01-28,165,3529,25,1333,140,2196,0,0,140,2435,25,570,144,3005,California
Calaveras,2021-01-29,375,3904,12,1345,363,2559,0,0,345,2763,30,600,358,3363,California
Calaveras,2021-01-30,27,3931,10,1355,17,2576,0,0,25,2788,0,600,25,3388,California
Calaveras,2021-01-31,6,3937,4,1359,2,2578,0,0,5,2792,1,601,5,3393,California
Calaveras,2021-02-01,26,3963,11,1370,15,2593,0,0,17,2800,9,610,17,3410,California
Calaveras,2021-02-02,109,4072,22,1392,87,2680,0,0,71,2839,33,643,72,3482,California
Calaveras,2021-02-03,434,4506,44,1436,390,3070,0,0,349,3106,84,727,351,3833,California
Calaveras,2021-02-04,381,4887,25,1461,356,3426,0,0,296,3320,85,812,299,4132,California
Calaveras,2021-02-05,79,4966,22,1483,57,3483,0,0,41,3324,38,850,42,4174,California
Calaveras,2021-02-06,21,4987,12,1495,9,3492,0,0,21,3345,0,850,21,4195,California
Calaveras,2021-02-07,5,4992,1,1496,4,3496,0,0,2,3345,2,852,2,4197,California
Calaveras,2021-02-08,39,5031,18,1514,21,3517,0,0,31,3370,6,858,31,4228,California
Calaveras,2021-02-09,193,5224,77,1591,116,3633,0,0,131,3442,60,918,132,4360,California
Calaveras,2021-02-10,515,5739,31,1622,484,4117,0,0,441,3815,74,992,447,4807,California
Calaveras,2021-02-11,583,6322,81,1703,502,4619,0,0,472,4183,108,1100,476,5283,California
Calaveras,2021-02-12,569,6891,324,2027,245,4864,0,0,492,4603,75,1175,495,5778,California
Calaveras,2021-02-13,201,7092,45,2072,156,5020,0,0,186,4774,15,1190,186,5964,California
Calaveras,2021-02-14,221,7313,71,2143,150,5170,0,0,206,4966,14,1204,206,6170,California
Calaveras,2021-02-15,382,7695,23,2166,359,5529,0,0,262,5111,117,1321,262,6432,California
Calaveras,2021-02-16,269,7964,145,2311,124,5653,0,0,230,5305,39,1360,233,6665,California
Calaveras,2021-02-17,512,8476,38,2349,474,6127,0,0,208,5225,292,1652,212,6877,California
Calaveras,2021-02-18,498,8974,91,2440,407,6534,0,0,95,4936,385,2037,96,6973,California
Calaveras,2021-02-19,440,9414,43,2483,397,6931,0,0,98,4703,331,2368,98,7071,California
Calaveras,2021-02-20,59,9473,15,2498,44,6975,0,0,48,4740,11,2379,48,7119,California
Calaveras,2021-02-21,24,9497,14,2512,10,6985,0,0,18,4753,5,2384,18,7137,California
Calaveras,2021-02-22,62,9559,38,2550,24,7009,0,0,33,4757,29,2413,33,7170,California
Calaveras,2021-02-23,127,9686,42,2592,85,7094,0,0,91,4813,36,2449,92,7262,California
Calaveras,2021-02-24,97,9783,48,2640,49,7143,0,0,67,4851,29,2478,67,7329,California
Calaveras,2021-02-25,550,10333,100,2740,450,7593,0,0,354,5019,191,2669,359,7688,California
Calaveras,2021-02-26,750,11083,46,2786,704,8297,0,0,397,5085,332,3001,398,8086,California
Calaveras,2021-02-27,204,11287,22,2808,182,8479,0,0,180,5241,24,3025,180,8266,California
Calaveras,2021-02-28,97,11384,15,2823,82,8561,0,0,91,5327,5,3030,91,8357,California
Calaveras,2021-03-01,230,11614,41,2864,189,8750,0,0,146,5394,80,3110,147,8504,California
Calaveras,2021-03-02,250,11864,97,2961,153,8903,0,0,204,5556,43,3153,205,8709,California
Calaveras,2021-03-03,514,12378,104,3065,410,9313,0,0,212,5472,296,3449,212,8921,California
Calaveras,2021-03-04,746,13124,69,3134,676,9989,1,1,354,5445,383,3832,356,9277,California
Calaveras,2021-03-05,454,13578,271,3405,179,10168,4,5,140,5280,309,4141,144,9421,California
Calaveras,2021-03-06,154,13732,42,3447,106,10274,6,11,114,5360,40,4181,120,9541,California
Calaveras,2021-03-07,75,13807,32,3479,36,10310,7,18,34,5360,41,4222,41,9582,California
Calaveras,2021-03-08,164,13971,28,3507,128,10438,8,26,130,5465,33,4255,138,9720,California
Calaveras,2021-03-09,361,14332,137,3644,218,10656,6,32,32,5180,323,4578,38,9758,California
Calaveras,2021-03-10,419,14751,31,3675,385,11041,3,35,58,4887,354,4932,61,9819,California
Calaveras,2021-03-11,852,15603,424,4099,415,11456,13,48,433,4922,413,5345,448,10267,California
Calaveras,2021-03-12,403,16006,214,4313,179,11635,10,58,327,5190,75,5420,343,10610,California
Calaveras,2021-03-13,177,16183,16,4329,153,11788,8,66,139,5303,37,5457,150,10760,California
Calaveras,2021-03-14,156,16339,11,4340,144,11932,1,67,18,5191,138,5595,26,10786,California
Calaveras,2021-03-15,330,16669,48,4388,256,12188,26,93,52,4996,277,5872,82,10868,California
Calaveras,2021-03-16,689,17358,553,4941,116,12304,20,113,546,5421,141,6013,566,11434,California
Calaveras,2021-03-17,281,17639,53,4994,214,12518,14,127,50,5260,226,6239,65,11499,California
Calaveras,2021-03-18,665,18304,570,5564,79,12597,16,143,549,5711,116,6355,567,12066,California
Calaveras,2021-03-19,233,18537,51,5615,108,12705,74,217,59,5672,170,6525,131,12197,California
Calaveras,2021-03-20,81,18618,22,5637,58,12763,1,218,23,5639,58,6583,25,12222,California
Calaveras,2021-03-21,47,18665,30,5667,6,12769,11,229,12,5627,35,6618,23,12245,California
Calaveras,2021-03-22,79,18744,35,5702,23,12792,21,250,25,5619,54,6672,46,12291,California
Calaveras,2021-03-23,295,19039,204,5906,81,12873,10,260,117,5578,168,6840,127,12418,California
Calaveras,2021-03-24,134,19173,51,5957,73,12946,10,270,43,5542,89,6929,53,12471,California
Calaveras,2021-03-25,743,19916,103,6060,636,13582,4,274,446,5703,289,7218,450,12921,California
Calaveras,2021-03-26,428,20344,28,6088,394,13976,6,280,88,5462,337,7555,96,13017,California
Calaveras,2021-03-27,212,20556,19,6107,189,14165,4,284,37,5333,172,7727,43,13060,California
Calaveras,2021-03-28,111,20667,12,6119,97,14262,2,286,8,5242,102,7829,11,13071,California
Calaveras,2021-03-29,178,20845,24,6143,151,14413,3,289,58,5186,118,7947,62,13133,California
Calaveras,2021-03-30,539,21384,25,6168,497,14910,17,306,361,5387,177,8124,378,13511,California
Calaveras,2021-03-31,324,21708,142,6310,172,15082,10,316,157,5388,167,8291,168,13679,California
Calaveras,2021-04-01,686,22394,444,6754,241,15323,1,317,187,5083,496,8787,191,13870,California
Calaveras,2021-04-02,394,22788,231,6985,155,15478,8,325,117,4935,274,9061,126,13996,California
Calaveras,2021-04-03,144,22932,34,7019,106,15584,4,329,40,4875,104,9165,44,14040,California
Calaveras,2021-04-04,78,23010,25,7044,53,15637,0,329,49,4895,29,9194,49,14089,California
Calaveras,2021-04-05,212,23222,81,7125,121,15758,10,339,100,4893,112,9306,110,14199,California
Calaveras,2021-04-06,651,23873,573,7698,64,15822,14,353,111,4482,536,9842,125,14324,California
Calaveras,2021-04-07,754,24627,658,8356,60,15882,36,389,617,4999,137,9979,654,14978,California
Calaveras,2021-04-08,946,25573,855,9211,70,15952,21,410,436,4950,507,10486,458,15436,California
Calaveras,2021-04-09,154,25727,58,9269,48,16000,48,458,57,4960,96,10582,106,15542,California
Calaveras,2021-04-10,192,25919,44,9313,130,16130,18,476,150,5088,41,10623,169,15711,California
Calaveras,2021-04-11,69,25988,44,9357,23,16153,2,478,48,5117,21,10644,50,15761,California
Calaveras,2021-04-12,104,26092,47,9404,38,16191,19,497,55,5143,49,10693,75,15836,California
Calaveras,2021-04-13,423,26515,368,9772,55,16246,0,497,364,5451,58,10751,366,16202,California
Calaveras,2021-04-14,181,26696,28,9800,153,16399,0,497,135,5541,46,10797,136,16338,California
Calaveras,2021-04-15,336,27032,287,10087,49,16448,0,497,253,5714,80,10877,253,16591,California
Calaveras,2021-04-16,100,27132,25,10112,75,16523,0,497,47,5712,49,10926,47,16638,California
Calaveras,2021-04-17,332,27464,127,10239,205,16728,0,497,289,5958,43,10969,289,16927,California
Calaveras,2021-04-18,17,27481,5,10244,12,16740,0,497,10,5961,7,10976,10,16937,California
Calaveras,2021-04-19,72,27553,27,10271,45,16785,0,497,45,5981,26,11002,46,16983,California
Calaveras,2021-04-20,263,27816,93,10364,170,16955,0,497,196,6112,65,11067,196,17179,California
Calaveras,2021-04-21,218,28034,147,10511,71,17026,0,497,85,6067,131,11198,86,17265,California
Calaveras,2021-04-22,542,28576,96,10607,446,17472,0,497,141,5811,399,11597,143,17408,California
Calaveras,2021-04-23,159,28735,81,10688,78,17550,0,497,65,5785,91,11688,65,17473,California
Calaveras,2021-04-24,173,28908,37,10725,136,17686,0,497,130,5874,42,11730,131,17604,California
Calaveras,2021-04-25,43,28951,28,10753,15,17701,0,497,22,5877,21,11751,24,17628,California
Calaveras,2021-04-26,96,29047,59,10812,37,17738,0,497,28,5838,68,11819,29,17657,California
Calaveras,2021-04-27,425,29472,59,10871,353,18091,13,510,53,5535,369,12188,66,17723,California
Calaveras,2021-04-28,642,30114,574,11445,37,18128,31,541,52,5035,590,12778,90,17813,California
Calaveras,2021-04-29,511,30625,440,11885,52,18180,19,560,72,4693,438,13216,96,17909,California
Calaveras,2021-04-30,148,30773,59,11944,84,18264,5,565,66,4689,81,13297,77,17986,California
Calaveras,2021-05-01,198,30971,110,12054,86,18350,2,567,131,4760,66,13363,137,18123,California
Calaveras,2021-05-02,52,31023,35,12089,16,18366,1,568,20,4751,31,13394,22,18145,California
Calaveras,2021-05-03,93,31116,69,12158,19,18385,5,573,29,4725,64,13458,38,18183,California
Calaveras,2021-05-04,414,31530,329,12487,48,18433,37,610,42,4434,371,13829,80,18263,California
Calaveras,2021-05-05,110,31640,57,12544,21,18454,32,642,48,4452,61,13890,79,18342,California
Calaveras,2021-05-06,254,31894,194,12738,36,18490,24,666,47,4317,207,14097,72,18414,California
Calaveras,2021-05-07,84,31978,24,12762,54,18544,6,672,54,4347,30,14127,60,18474,California
Calaveras,2021-05-08,290,32268,141,12903,147,18691,2,674,92,4245,196,14323,94,18568,California
Calaveras,2021-05-09,28,32296,12,12915,13,18704,3,677,12,4244,16,14339,15,18583,California
Calaveras,2021-05-10,54,32350,24,12939,29,18733,1,678,23,4240,29,14368,25,18608,California
Calaveras,2021-05-11,128,32478,85,13024,31,18764,12,690,89,4304,38,14406,102,18710,California
Calaveras,2021-05-12,157,32635,37,13061,120,18884,0,690,44,4236,112,14518,44,18754,California
Calaveras,2021-05-13,113,32748,60,13121,38,18922,15,705,59,4257,53,14571,74,18828,California
Calaveras,2021-05-14,150,32898,93,13214,54,18976,3,708,101,4313,48,14619,104,18932,California
Calaveras,2021-05-15,266,33164,93,13307,170,19146,3,711,105,4266,155,14774,108,19040,California
Calaveras,2021-05-16,28,33192,11,13318,17,19163,0,711,13,4265,15,14789,14,19054,California
Calaveras,2021-05-17,88,33280,41,13359,40,19203,7,718,47,4280,40,14829,55,19109,California
Calaveras,2021-05-18,224,33504,60,13419,142,19345,22,740,72,4223,151,14980,94,19203,California
Calaveras,2021-05-19,147,33651,59,13478,83,19428,5,745,71,4225,75,15055,77,19280,California
Calaveras,2021-05-20,181,33832,72,13550,87,19515,22,767,60,4188,118,15173,81,19361,California
Calaveras,2021-05-21,77,33909,48,13598,26,19541,3,770,49,4213,27,15200,52,19413,California
Calaveras,2021-05-22,275,34184,150,13748,125,19666,0,770,134,4208,139,15339,134,19547,California
Calaveras,2021-05-23,18,34202,15,13763,3,19669,0,770,10,4210,8,15347,10,19557,California
Calaveras,2021-05-24,67,34269,32,13795,20,19689,15,785,28,4215,39,15386,44,19601,California
Calaveras,2021-05-25,117,34386,46,13841,55,19744,16,801,56,4226,61,15447,72,19673,California
Calaveras,2021-05-26,120,34506,87,13928,29,19773,4,805,82,4274,37,15484,85,19758,California
Calaveras,2021-05-27,82,34588,43,13971,35,19808,4,809,26,4252,53,15537,31,19789,California
Calaveras,2021-05-28,78,34666,40,14011,34,19842,4,813,36,4250,42,15579,40,19829,California
Calaveras,2021-05-29,64,34730,20,14031,39,19881,5,818,30,4252,33,15612,35,19864,California
Calaveras,2021-05-30,34,34764,14,14045,15,19896,5,823,10,4243,24,15636,15,19879,California
Calaveras,2021-05-31,5,34769,0,14045,3,19899,2,825,0,4240,5,15641,2,19881,California
Calaveras,2021-06-01,141,34910,93,14138,42,19941,6,831,41,4187,100,15741,47,19928,California
Calaveras,2021-06-02,11,34921,5,14143,5,19946,1,832,1,4179,10,15751,2,19930,California
Colusa,2020-12-18,1,1,1,1,0,0,0,0,1,1,0,0,1,1,California
Colusa,2020-12-21,2,3,2,3,0,0,0,0,2,3,0,0,2,3,California
Colusa,2020-12-22,10,13,10,13,0,0,0,0,10,13,0,0,10,13,California
Colusa,2020-12-23,10,23,10,23,0,0,0,0,10,23,0,0,10,23,California
Colusa,2020-12-24,2,25,1,24,1,1,0,0,2,25,0,0,2,25,California
Colusa,2020-12-27,1,26,1,25,0,1,0,0,1,26,0,0,1,26,California
Colusa,2020-12-28,7,33,3,28,4,5,0,0,7,33,0,0,7,33,California
Colusa,2020-12-29,11,44,8,36,3,8,0,0,11,44,0,0,11,44,California
Colusa,2020-12-30,50,94,13,49,37,45,0,0,50,94,0,0,50,94,California
Colusa,2020-12-31,18,112,1,50,17,62,0,0,18,112,0,0,18,112,California
Colusa,2021-01-04,4,116,0,50,4,66,0,0,4,116,0,0,4,116,California
Colusa,2021-01-05,67,183,1,51,66,132,0,0,67,183,0,0,67,183,California
Colusa,2021-01-06,15,198,9,60,6,138,0,0,15,198,0,0,15,198,California
Colusa,2021-01-07,38,236,4,64,34,172,0,0,37,234,1,1,37,235,California
Colusa,2021-01-08,9,245,7,71,2,174,0,0,8,241,1,2,8,243,California
Colusa,2021-01-09,2,247,1,72,1,175,0,0,2,243,0,2,2,245,California
Colusa,2021-01-10,1,248,0,72,1,176,0,0,1,244,0,2,1,246,California
Colusa,2021-01-11,12,260,6,78,6,182,0,0,7,246,5,7,7,253,California
Colusa,2021-01-12,11,271,9,87,2,184,0,0,6,247,5,12,6,259,California
Colusa,2021-01-13,21,292,13,100,8,192,0,0,13,252,8,20,13,272,California
Colusa,2021-01-14,35,327,28,128,7,199,0,0,33,283,2,22,33,305,California
Colusa,2021-01-15,42,369,5,133,37,236,0,0,40,321,2,24,40,345,California
Colusa,2021-01-16,12,381,1,134,11,247,0,0,11,331,1,25,11,356,California
Colusa,2021-01-17,3,384,2,136,1,248,0,0,2,332,1,26,2,358,California
Colusa,2021-01-18,4,388,0,136,4,252,0,0,4,336,0,26,4,362,California
Colusa,2021-01-19,9,397,8,144,1,253,0,0,5,337,4,30,5,367,California
Colusa,2021-01-20,115,512,101,245,14,267,0,0,102,426,13,43,102,469,California
Colusa,2021-01-21,56,568,41,286,15,282,0,0,55,480,1,44,55,524,California
Colusa,2021-01-22,40,608,17,303,23,305,0,0,35,510,5,49,35,559,California
Colusa,2021-01-23,35,643,6,309,29,334,0,0,35,545,0,49,35,594,California
Colusa,2021-01-25,7,650,0,309,7,341,0,0,7,552,0,49,7,601,California
Colusa,2021-01-26,8,658,5,314,3,344,0,0,5,554,3,52,5,606,California
Colusa,2021-01-27,109,767,31,345,78,422,0,0,107,659,2,54,107,713,California
Colusa,2021-01-28,79,846,46,391,33,455,0,0,72,724,7,61,72,785,California
Colusa,2021-01-29,42,888,7,398,35,490,0,0,41,764,1,62,41,826,California
Colusa,2021-01-30,27,915,4,402,23,513,0,0,27,791,0,62,27,853,California
Colusa,2021-01-31,7,922,7,409,0,513,0,0,7,798,0,62,7,860,California
Colusa,2021-02-01,27,949,10,419,17,530,0,0,22,815,5,67,22,882,California
Colusa,2021-02-02,43,992,9,428,34,564,0,0,37,846,6,73,37,919,California
Colusa,2021-02-03,69,1061,10,438,59,623,0,0,59,895,10,83,59,978,California
Colusa,2021-02-04,143,1204,81,519,62,685,0,0,115,982,28,111,115,1093,California
Colusa,2021-02-05,32,1236,8,527,24,709,0,0,29,1008,3,114,29,1122,California
Colusa,2021-02-06,285,1521,9,536,276,985,0,0,274,1271,11,125,274,1396,California
Colusa,2021-02-07,2,1523,1,537,1,986,0,0,0,1269,2,127,0,1396,California
Colusa,2021-02-08,40,1563,5,542,35,1021,0,0,37,1303,3,130,37,1433,California
Colusa,2021-02-09,231,1794,14,556,217,1238,0,0,176,1424,55,185,176,1609,California
Colusa,2021-02-10,116,1910,41,597,75,1313,0,0,73,1454,43,228,73,1682,California
Colusa,2021-02-11,98,2008,36,633,62,1375,0,0,73,1502,25,253,73,1755,California
Colusa,2021-02-12,118,2126,9,642,109,1484,0,0,79,1541,40,293,79,1834,California
Colusa,2021-02-13,60,2186,8,650,52,1536,0,0,52,1585,8,301,52,1886,California
Colusa,2021-02-14,21,2207,8,658,13,1549,0,0,15,1594,6,307,15,1901,California
Colusa,2021-02-15,46,2253,10,668,36,1585,0,0,39,1626,7,314,39,1940,California
Colusa,2021-02-16,67,2320,4,672,63,1648,0,0,66,1691,1,315,66,2006,California
Colusa,2021-02-17,206,2526,143,815,63,1711,0,0,60,1605,146,461,60,2066,California
Colusa,2021-02-18,135,2661,35,850,100,1811,0,0,112,1694,23,484,112,2178,California
Colusa,2021-02-19,155,2816,19,869,136,1947,0,0,129,1797,26,510,129,2307,California
Colusa,2021-02-20,28,2844,6,875,22,1969,0,0,12,1793,16,526,12,2319,California
Colusa,2021-02-21,1,2845,1,876,0,1969,0,0,0,1792,1,527,0,2319,California
Colusa,2021-02-22,43,2888,26,902,17,1986,0,0,29,1807,14,541,29,2348,California
Colusa,2021-02-23,23,2911,7,909,16,2002,0,0,18,1820,5,546,18,2366,California
Colusa,2021-02-24,302,3213,54,963,248,2250,0,0,160,1838,142,688,160,2526,California
Colusa,2021-02-25,102,3315,55,1018,47,2297,0,0,66,1868,36,724,66,2592,California
Colusa,2021-02-26,100,3415,14,1032,86,2383,0,0,60,1888,40,764,60,2652,California
Colusa,2021-02-27,55,3470,4,1036,51,2434,0,0,40,1913,15,779,40,2692,California
Colusa,2021-02-28,26,3496,14,1050,12,2446,0,0,17,1921,9,788,17,2709,California
Colusa,2021-03-01,46,3542,15,1065,31,2477,0,0,29,1933,17,805,29,2738,California
Colusa,2021-03-02,49,3591,13,1078,36,2513,0,0,26,1936,23,828,26,2764,California
Colusa,2021-03-03,242,3833,43,1121,199,2712,0,0,185,2064,57,885,185,2949,California
Colusa,2021-03-04,138,3971,58,1179,80,2792,0,0,79,2084,59,944,79,3028,California
Colusa,2021-03-05,98,4069,25,1204,64,2856,9,9,53,2101,45,989,62,3090,California
Colusa,2021-03-06,274,4343,9,1213,265,3121,0,9,37,1901,237,1226,37,3127,California
Colusa,2021-03-07,8,4351,5,1218,3,3124,0,9,6,1905,2,1228,6,3133,California
Colusa,2021-03-08,89,4440,21,1239,33,3157,35,44,45,1941,44,1272,80,3213,California
Colusa,2021-03-09,277,4717,75,1314,179,3336,23,67,86,1859,191,1463,109,3322,California
Colusa,2021-03-10,289,5006,37,1351,216,3552,36,103,203,2012,86,1549,239,3561,California
Colusa,2021-03-11,420,5426,60,1411,339,3891,21,124,339,2289,81,1630,358,3919,California
Colusa,2021-03-12,109,5535,18,1429,78,3969,13,137,19,2231,90,1720,32,3951,California
Colusa,2021-03-13,61,5596,16,1445,36,4005,9,146,18,2215,43,1763,27,3978,California
Colusa,2021-03-14,20,5616,0,1445,18,4023,2,148,6,2210,13,1776,8,3986,California
Colusa,2021-03-15,71,5687,27,1472,36,4059,8,156,15,2177,56,1832,23,4009,California
Colusa,2021-03-16,297,5984,16,1488,235,4294,46,202,189,2304,108,1940,235,4244,California
Colusa,2021-03-17,196,6180,50,1538,146,4440,0,202,109,2326,87,2027,109,4353,California
Colusa,2021-03-18,324,6504,37,1575,216,4656,71,273,201,2475,123,2150,272,4625,California
Colusa,2021-03-19,78,6582,20,1595,56,4712,2,275,53,2505,25,2175,55,4680,California
Colusa,2021-03-20,49,6631,7,1602,41,4753,1,276,36,2529,13,2188,37,4717,California
Colusa,2021-03-21,6,6637,4,1606,2,4755,0,276,4,2531,2,2190,4,4721,California
Colusa,2021-03-22,62,6699,10,1616,43,4798,9,285,40,2558,22,2212,49,4770,California
Colusa,2021-03-23,82,6781,16,1632,64,4862,2,287,55,2588,27,2239,57,4827,California
Colusa,2021-03-24,340,7121,57,1689,277,5139,6,293,68,2389,272,2511,73,4900,California
Colusa,2021-03-25,107,7228,58,1747,44,5183,5,298,51,2389,56,2567,56,4956,California
Colusa,2021-03-26,300,7528,47,1794,249,5432,4,302,247,2587,53,2620,251,5207,California
Colusa,2021-03-27,63,7591,5,1799,58,5490,0,302,25,2574,38,2658,25,5232,California
Colusa,2021-03-28,16,7607,7,1806,9,5499,0,302,8,2574,8,2666,8,5240,California
Colusa,2021-03-29,72,7679,20,1826,46,5545,6,308,32,2572,40,2706,38,5278,California
Colusa,2021-03-30,152,7831,83,1909,67,5612,2,310,72,2567,80,2786,75,5353,California
Colusa,2021-03-31,234,8065,42,1951,192,5804,0,310,74,2482,159,2945,74,5427,California
Colusa,2021-04-01,432,8497,72,2023,305,6109,55,365,309,2723,122,3067,363,5790,California
Colusa,2021-04-02,82,8579,13,2036,55,6164,14,379,38,2731,44,3111,52,5842,California
Colusa,2021-04-03,61,8640,10,2046,28,6192,23,402,14,2720,47,3158,36,5878,California
Colusa,2021-04-04,18,8658,0,2046,8,6200,10,412,3,2718,15,3173,13,5891,California
Colusa,2021-04-05,97,8755,26,2072,55,6255,16,428,39,2715,58,3231,55,5946,California
Colusa,2021-04-06,130,8885,35,2107,45,6300,50,478,43,2722,87,3318,94,6040,California
Colusa,2021-04-07,357,9242,40,2147,294,6594,23,501,131,2651,226,3544,155,6195,California
Colusa,2021-04-08,430,9672,34,2181,369,6963,27,528,123,2498,304,3848,151,6346,California
Colusa,2021-04-09,77,9749,21,2202,32,6995,24,552,28,2501,49,3897,52,6398,California
Colusa,2021-04-10,45,9794,9,2211,15,7010,21,573,12,2501,33,3930,33,6431,California
Colusa,2021-04-11,16,9810,3,2214,11,7021,2,575,8,2503,8,3938,10,6441,California
Colusa,2021-04-12,32,9842,3,2217,29,7050,0,575,25,2521,7,3945,25,6466,California
Colusa,2021-04-13,279,10121,22,2239,257,7307,0,575,94,2431,184,4129,94,6560,California
Colusa,2021-04-14,95,10216,19,2258,76,7383,0,575,35,2405,61,4190,35,6595,California
Colusa,2021-04-15,323,10539,45,2303,278,7661,0,575,132,2346,191,4381,132,6727,California
Colusa,2021-04-16,79,10618,11,2314,68,7729,0,575,35,2338,43,4424,35,6762,California
Colusa,2021-04-17,51,10669,7,2321,44,7773,0,575,29,2345,22,4446,29,6791,California
Colusa,2021-04-18,9,10678,2,2323,7,7780,0,575,7,2350,2,4448,7,6798,California
Colusa,2021-04-19,61,10739,22,2345,39,7819,0,575,17,2323,44,4492,17,6815,California
Colusa,2021-04-20,176,10915,32,2377,144,7963,0,575,129,2403,49,4541,129,6944,California
Colusa,2021-04-21,170,11085,59,2436,111,8074,0,575,110,2453,60,4601,110,7054,California
Colusa,2021-04-22,420,11505,27,2463,392,8466,1,576,216,2466,203,4804,216,7270,California
Colusa,2021-04-23,92,11597,17,2480,75,8541,0,576,36,2446,56,4860,36,7306,California
Colusa,2021-04-24,237,11834,19,2499,217,8758,1,577,205,2619,32,4892,205,7511,California
Colusa,2021-04-25,12,11846,6,2505,6,8764,0,577,8,2623,4,4896,8,7519,California
Colusa,2021-04-26,23,11869,5,2510,17,8781,1,578,6,2613,16,4912,6,7525,California
Colusa,2021-04-27,94,11963,23,2533,67,8848,4,582,43,2609,51,4963,47,7572,California
Colusa,2021-04-28,188,12151,26,2559,159,9007,3,585,138,2701,49,5012,141,7713,California
Colusa,2021-04-29,317,12468,27,2586,286,9293,4,589,48,2486,267,5279,52,7765,California
Colusa,2021-04-30,65,12533,18,2604,47,9340,0,589,41,2503,24,5303,41,7806,California
Colusa,2021-05-01,19,12552,8,2612,8,9348,3,592,9,2505,10,5313,12,7818,California
Colusa,2021-05-02,4,12556,1,2613,2,9350,1,593,2,2506,2,5315,3,7821,California
Colusa,2021-05-03,30,12586,7,2620,23,9373,0,593,14,2504,16,5331,14,7835,California
Colusa,2021-05-04,95,12681,51,2671,43,9416,1,594,67,2544,28,5359,68,7903,California
Colusa,2021-05-05,78,12759,16,2687,61,9477,1,595,34,2535,44,5403,35,7938,California
Colusa,2021-05-06,253,13012,16,2703,235,9712,2,597,110,2504,143,5546,112,8050,California
Colusa,2021-05-07,67,13079,5,2708,58,9770,4,601,31,2503,36,5582,35,8085,California
Colusa,2021-05-08,18,13097,5,2713,13,9783,0,601,9,2503,9,5591,9,8094,California
Colusa,2021-05-09,13,13110,5,2718,5,9788,3,604,6,2505,7,5598,9,8103,California
Colusa,2021-05-10,16,13126,7,2725,9,9797,0,604,6,2501,10,5608,6,8109,California
Colusa,2021-05-11,93,13219,34,2759,59,9856,0,604,50,2508,43,5651,50,8159,California
Colusa,2021-05-12,73,13292,32,2791,37,9893,4,608,21,2481,52,5703,25,8184,California
Colusa,2021-05-13,241,13533,22,2813,218,10111,1,609,76,2393,165,5868,77,8261,California
Colusa,2021-05-14,85,13618,18,2831,52,10163,15,624,33,2390,51,5919,48,8309,California
Colusa,2021-05-15,38,13656,9,2840,27,10190,2,626,20,2394,18,5937,22,8331,California
Colusa,2021-05-16,23,13679,6,2846,10,10200,7,633,11,2400,12,5949,18,8349,California
Colusa,2021-05-17,24,13703,4,2850,18,10218,2,635,12,2402,12,5961,14,8363,California
Colusa,2021-05-18,99,13802,24,2874,73,10291,2,637,43,2391,56,6017,45,8408,California
Colusa,2021-05-19,217,14019,44,2918,153,10444,20,657,68,2330,149,6166,88,8496,California
Colusa,2021-05-20,277,14296,32,2950,241,10685,4,661,68,2194,209,6375,73,8569,California
Colusa,2021-05-21,63,14359,21,2971,40,10725,2,663,31,2195,32,6407,33,8602,California
Colusa,2021-05-22,209,14568,19,2990,190,10915,0,663,27,2040,182,6589,27,8629,California
Colusa,2021-05-23,18,14586,8,2998,6,10921,4,667,6,2038,12,6601,10,8639,California
Colusa,2021-05-24,28,14614,4,3002,19,10940,5,672,17,2049,11,6612,22,8661,California
Colusa,2021-05-25,132,14746,74,3076,55,10995,3,675,50,2020,82,6694,53,8714,California
Colusa,2021-05-26,69,14815,25,3101,44,11039,0,675,31,2013,38,6732,31,8745,California
Colusa,2021-05-27,167,14982,14,3115,153,11192,0,675,50,1946,117,6849,50,8795,California
Colusa,2021-05-28,79,15061,26,3141,52,11244,1,676,39,1946,40,6889,40,8835,California
Colusa,2021-05-29,38,15099,21,3162,16,11260,1,677,30,1970,7,6896,31,8866,California
Colusa,2021-05-30,7,15106,1,3163,2,11262,4,681,1,1969,6,6902,5,8871,California
Colusa,2021-05-31,4,15110,0,3163,4,11266,0,681,1,1967,3,6905,1,8872,California
Colusa,2021-06-01,50,15160,17,3180,33,11299,0,681,29,1975,21,6926,29,8901,California
Colusa,2021-06-02,111,15271,8,3188,101,11400,2,683,30,1928,79,7005,32,8933,California
Contra Costa,2020-12-15,18,18,18,18,0,0,0,0,18,18,0,0,18,18,California
Contra Costa,2020-12-16,521,539,521,539,0,0,0,0,521,539,0,0,521,539,California
Contra Costa,2020-12-17,913,1452,913,1452,0,0,0,0,913,1452,0,0,913,1452,California
Contra Costa,2020-12-18,1599,3051,1598,3050,1,1,0,0,1599,3051,0,0,1599,3051,California
Contra Costa,2020-12-19,1105,4156,1104,4154,1,2,0,0,1105,4156,0,0,1105,4156,California
Contra Costa,2020-12-20,584,4740,583,4737,1,3,0,0,584,4740,0,0,584,4740,California
Contra Costa,2020-12-21,1662,6402,1660,6397,2,5,0,0,1662,6402,0,0,1662,6402,California
Contra Costa,2020-12-22,1677,8079,1571,7968,106,111,0,0,1677,8079,0,0,1677,8079,California
Contra Costa,2020-12-23,1618,9697,1370,9338,248,359,0,0,1618,9697,0,0,1618,9697,California
Contra Costa,2020-12-24,661,10358,339,9677,322,681,0,0,661,10358,0,0,661,10358,California
Contra Costa,2020-12-25,40,10398,18,9695,22,703,0,0,40,10398,0,0,40,10398,California
Contra Costa,2020-12-26,646,11044,133,9828,513,1216,0,0,646,11044,0,0,646,11044,California
Contra Costa,2020-12-27,240,11284,86,9914,154,1370,0,0,240,11284,0,0,240,11284,California
Contra Costa,2020-12-28,1842,13126,867,10781,975,2345,0,0,1842,13126,0,0,1842,13126,California
Contra Costa,2020-12-29,1832,14958,822,11603,1010,3355,0,0,1832,14958,0,0,1832,14958,California
Contra Costa,2020-12-30,2394,17352,1213,12816,1181,4536,0,0,2393,17351,1,1,2394,17352,California
Contra Costa,2020-12-31,917,18269,307,13123,610,5146,0,0,916,18267,0,1,916,18268,California
Contra Costa,2021-01-01,62,18331,24,13147,38,5184,0,0,62,18329,0,1,62,18330,California
Contra Costa,2021-01-02,339,18670,174,13321,165,5349,0,0,339,18668,0,1,339,18669,California
Contra Costa,2021-01-03,179,18849,121,13442,58,5407,0,0,178,18846,0,1,178,18847,California
Contra Costa,2021-01-04,1908,20757,1251,14693,657,6064,0,0,1888,20716,18,19,1888,20735,California
Contra Costa,2021-01-05,2106,22863,1258,15951,848,6912,0,0,1847,22306,258,277,1848,22583,California
Contra Costa,2021-01-06,3290,26153,2254,18205,1036,7948,0,0,2527,24079,757,1034,2530,25113,California
Contra Costa,2021-01-07,3102,29255,2062,20267,1040,8988,0,0,1887,24754,1212,2246,1887,27000,California
Contra Costa,2021-01-08,3396,32651,2396,22663,1000,9988,0,0,1829,25024,1562,3808,1832,28832,California
Contra Costa,2021-01-09,1587,34238,1136,23799,451,10439,0,0,747,24934,839,4647,749,29581,California
Contra Costa,2021-01-10,362,34600,291,24090,71,10510,0,0,155,24882,207,4854,155,29736,California
Contra Costa,2021-01-11,3837,38437,3146,27236,691,11201,0,0,2231,25510,1606,6460,2234,31970,California
Contra Costa,2021-01-12,3923,42360,2945,30181,978,12179,0,0,2593,26777,1330,7790,2597,34567,California
Contra Costa,2021-01-13,4735,47095,2942,33123,1793,13972,0,0,3783,29613,948,8738,3784,38351,California
Contra Costa,2021-01-14,4327,51422,1565,34688,2762,16734,0,0,3944,33174,383,9121,3944,42295,California
Contra Costa,2021-01-15,5348,56770,2463,37151,2885,19619,0,0,5022,37875,325,9446,5026,47321,California
Contra Costa,2021-01-16,1726,58496,557,37708,1169,20788,0,0,1651,39451,75,9521,1651,48972,California
Contra Costa,2021-01-17,1639,60135,975,38683,664,21452,0,0,1517,40849,122,9643,1520,50492,California
Contra Costa,2021-01-18,3216,63351,1266,39949,1950,23402,0,0,2591,42822,619,10262,2592,53084,California
Contra Costa,2021-01-19,7064,70415,3156,43105,3908,27310,0,0,6059,47884,1002,11264,6064,59148,California
Contra Costa,2021-01-20,6691,77106,4124,47229,2567,29877,0,0,5456,52114,1231,12495,5461,64609,California
Contra Costa,2021-01-21,6981,84087,3108,50337,3873,33750,0,0,6252,57651,723,13218,6260,70869,California
Contra Costa,2021-01-22,6395,90482,2719,53056,3676,37426,0,0,5534,62336,852,14070,5537,76406,California
Contra Costa,2021-01-23,2038,92520,360,53416,1678,39104,0,0,1778,63858,258,14328,1780,78186,California
Contra Costa,2021-01-24,1591,94111,218,53634,1373,40477,0,0,1444,65159,147,14475,1448,79634,California
Contra Costa,2021-01-25,6694,100805,3043,56677,3651,44128,0,0,5123,68717,1569,16044,5127,84761,California
Contra Costa,2021-01-26,8104,108909,4688,61365,3416,47544,0,0,6253,73132,1843,17887,6258,91019,California
Contra Costa,2021-01-27,8168,117077,5409,66774,2759,50303,0,0,6328,77636,1828,19715,6332,97351,California
Contra Costa,2021-01-28,7472,124549,4091,70865,3381,53684,0,0,5860,81894,1606,21321,5864,103215,California
Contra Costa,2021-01-29,7449,131998,3892,74757,3557,57241,0,0,6137,86725,1308,22629,6139,109354,California
Contra Costa,2021-01-30,2144,134142,660,75417,1484,58725,0,0,1738,88064,399,23028,1738,111092,California
Contra Costa,2021-01-31,648,134790,428,75845,220,58945,0,0,556,88531,89,23117,556,111648,California
Contra Costa,2021-02-01,5874,140664,4099,79944,1775,60720,0,0,3968,90604,1898,25015,3971,115619,California
Contra Costa,2021-02-02,7577,148241,5082,85026,2495,63215,0,0,5879,94787,1697,26712,5880,121499,California
Contra Costa,2021-02-03,8291,156532,5479,90505,2812,66027,0,0,5629,97764,2653,29365,5630,127129,California
Contra Costa,2021-02-04,7515,164047,3587,94092,3928,69955,0,0,5747,101748,1766,31131,5750,132879,California
Contra Costa,2021-02-05,8441,172488,4816,98908,3625,73580,0,0,5747,104808,2687,33818,5747,138626,California
Contra Costa,2021-02-06,3488,175976,2164,101072,1324,74904,0,0,2834,106990,653,34471,2835,141461,California
Contra Costa,2021-02-07,984,176960,713,101785,271,75175,0,0,605,107217,378,34849,605,142066,California
Contra Costa,2021-02-08,5861,182821,3471,105256,2390,77565,0,0,4374,110111,1481,36330,4375,146441,California
Contra Costa,2021-02-09,8687,191508,4795,110051,3892,81457,0,0,5794,113019,2887,39217,5795,152236,California
Contra Costa,2021-02-10,8653,200161,4660,114711,3993,85450,0,0,5365,115116,3272,42489,5369,157605,California
Contra Costa,2021-02-11,9341,209502,4219,118930,5122,90572,0,0,5270,116326,4065,46554,5275,162880,California
Contra Costa,2021-02-12,10099,219601,4628,123558,5471,96043,0,0,5465,117167,4627,51181,5468,168348,California
Contra Costa,2021-02-13,4894,224495,1371,124929,3523,99566,0,0,3408,119093,1483,52664,3409,171757,California
Contra Costa,2021-02-14,2099,226594,867,125796,1232,100798,0,0,1233,119462,864,53528,1233,172990,California
Contra Costa,2021-02-15,4470,231064,2476,128272,1994,102792,0,0,2340,119679,2124,55652,2341,175331,California
Contra Costa,2021-02-16,10431,241495,4915,133187,5516,108308,0,0,4650,118560,5773,61425,4654,179985,California
Contra Costa,2021-02-17,12309,253804,6153,139340,6156,114464,0,0,5647,117561,6647,68072,5648,185633,California
Contra Costa,2021-02-18,11493,265297,5979,145319,5514,119978,0,0,5335,116751,6147,74219,5337,190970,California
Contra Costa,2021-02-19,11425,276722,7117,152436,4308,124286,0,0,5187,115715,6224,80443,5188,196158,California
Contra Costa,2021-02-20,6473,283195,2916,155352,3557,127843,0,0,4581,118422,1876,82319,4583,200741,California
Contra Costa,2021-02-21,2278,285473,1724,157076,554,128397,0,0,1547,119239,730,83049,1547,202288,California
Contra Costa,2021-02-22,7602,293075,5148,162224,2454,130851,0,0,3504,118661,4084,87133,3506,205794,California
Contra Costa,2021-02-23,12107,305182,7440,169664,4667,135518,0,0,6105,118783,5988,93121,6110,211904,California
Contra Costa,2021-02-24,10599,315781,7778,177442,2821,138339,0,0,5123,118450,5459,98580,5126,217030,California
Contra Costa,2021-02-25,11534,327315,7259,184701,4275,142614,0,0,5240,117421,6273,104853,5244,222274,California
Contra Costa,2021-02-26,10775,338090,6802,191503,3973,146587,0,0,5343,117348,5417,110270,5344,227618,California
Contra Costa,2021-02-27,6798,344888,4372,195875,2426,149013,0,0,4262,119084,2528,112798,4264,231882,California
Contra Costa,2021-02-28,3818,348706,3138,199013,680,149693,0,0,3217,121704,598,113396,3218,235100,California
Contra Costa,2021-03-01,8250,356956,6214,205227,2031,151724,5,5,5088,123653,3146,116542,5095,240195,California
Contra Costa,2021-03-02,10658,367614,6819,212046,3838,155562,1,6,5714,124441,4928,121470,5716,245911,California
Contra Costa,2021-03-03,11329,378943,7118,219164,4210,159772,1,7,6389,125908,4925,126395,6392,252303,California
Contra Costa,2021-03-04,11990,390933,7169,226333,4820,164592,1,8,6235,126409,5735,132130,6236,258539,California
Contra Costa,2021-03-05,11514,402447,6921,233254,4586,169178,7,15,6623,128166,4873,137003,6630,265169,California
Contra Costa,2021-03-06,7507,409954,4207,237461,2990,172168,310,325,4912,130804,2582,139585,5220,270389,California
Contra Costa,2021-03-07,3838,413792,2460,239921,1316,173484,62,387,3158,133346,678,140263,3220,273609,California
Contra Costa,2021-03-08,8252,422044,3926,243847,4021,177505,305,692,5544,136502,2697,142960,5853,279462,California
Contra Costa,2021-03-09,11186,433230,5936,249783,4954,182459,296,988,5864,137352,5312,148272,6162,285624,California
Contra Costa,2021-03-10,12452,445682,6221,256004,4727,187186,1504,2492,5685,137775,6755,155027,7178,292802,California
Contra Costa,2021-03-11,12543,458225,6598,262602,5379,192565,566,3058,6407,138636,6112,161139,6973,299775,California
Contra Costa,2021-03-12,12675,470900,5230,267832,6882,199447,563,3621,6335,139208,6324,167463,6896,306671,California
Contra Costa,2021-03-13,7883,478783,3161,270993,4293,203740,429,4050,3132,138034,4732,172195,3558,310229,California
Contra Costa,2021-03-14,4453,483236,2638,273631,1327,205067,488,4538,1719,137514,2726,174921,2206,312435,California
Contra Costa,2021-03-15,9494,492730,5153,278784,3578,208645,763,5301,4766,138331,4711,179632,5528,317963,California
Contra Costa,2021-03-16,14377,507107,8567,287351,5402,214047,408,5709,7167,138718,7187,186819,7574,325537,California
Contra Costa,2021-03-17,15120,522227,10447,297798,4457,218504,216,5925,8568,140980,6529,193348,8791,334328,California
Contra Costa,2021-03-18,15483,537710,8640,306438,6359,224863,484,6409,8817,143647,6632,199980,9299,343627,California
Contra Costa,2021-03-19,15708,553418,9080,315518,5222,230085,1406,7815,8333,146034,7356,207336,9743,353370,California
Contra Costa,2021-03-20,10753,564171,6453,321971,3987,234072,313,8128,5158,145930,5576,212912,5472,358842,California
Contra Costa,2021-03-21,4573,568744,3997,325968,478,234550,98,8226,2107,145678,2456,215368,2204,361046,California
Contra Costa,2021-03-22,11665,580409,8807,334775,2602,237152,256,8482,7026,148336,4623,219991,7281,368327,California
Contra Costa,2021-03-23,15707,596116,10838,345613,4697,241849,172,8654,9122,151075,6556,226547,9295,377622,California
Contra Costa,2021-03-24,15084,611200,11771,357384,3099,244948,214,8868,9135,154512,5917,232464,9354,386976,California
Contra Costa,2021-03-25,15388,626588,12008,369392,3093,248041,287,9155,9424,158294,5927,238391,9709,396685,California
Contra Costa,2021-03-26,15121,641709,10866,380258,3853,251894,402,9557,8691,160979,6403,244794,9088,405773,California
Contra Costa,2021-03-27,10574,652283,6881,387139,3180,255074,513,10070,5625,162171,4939,249733,6131,411904,California
Contra Costa,2021-03-28,4239,656522,3028,390167,1158,256232,53,10123,1618,161233,2609,252342,1671,413575,California
Contra Costa,2021-03-29,10933,667455,8537,398704,2280,258512,116,10239,6954,164345,3960,256302,7072,420647,California
Contra Costa,2021-03-30,16831,684286,9210,407914,6267,264779,1354,11593,10380,169645,6431,262733,11731,432378,California
Contra Costa,2021-03-31,18069,702355,12657,420571,3969,268748,1443,13036,11384,175828,6641,269374,12824,445202,California
Contra Costa,2021-04-01,17634,719989,12324,432895,3919,272667,1391,14427,11439,182492,6164,275538,12828,458030,California
Contra Costa,2021-04-02,17545,737534,12931,445826,3584,276251,1030,15457,11625,189239,5908,281446,12655,470685,California
Contra Costa,2021-04-03,10887,748421,6502,452328,2830,279081,1555,17012,6222,192364,4651,286097,7776,478461,California
Contra Costa,2021-04-04,3348,751769,1327,453655,1425,280506,596,17608,844,191307,2496,288593,1439,479900,California
Contra Costa,2021-04-05,12139,763908,7923,461578,3236,283742,980,18588,6597,193357,5528,294121,7578,487478,California
Contra Costa,2021-04-06,17356,781264,12020,473598,3042,286784,2294,20882,9731,197777,7604,301725,12024,499502,California
Contra Costa,2021-04-07,18615,799879,12605,486203,3187,289971,2823,23705,10553,203150,8041,309766,13414,512916,California
Contra Costa,2021-04-08,18737,818616,12489,498692,3323,293294,2925,26630,10046,207456,8664,318430,12970,525886,California
Contra Costa,2021-04-09,18887,837503,12057,510749,4330,297624,2500,29130,10107,211312,8754,327184,12610,538496,California
Contra Costa,2021-04-10,10564,848067,3817,514566,2175,299799,4572,33702,3286,211899,7261,334445,7848,546344,California
Contra Costa,2021-04-11,3345,851412,1997,516563,690,300489,658,34360,1121,211460,2218,336663,1779,548123,California
Contra Costa,2021-04-12,11942,863354,7886,524449,2985,303474,1071,35431,5608,211827,6319,342982,6686,554809,California
Contra Costa,2021-04-13,17811,881165,10930,535379,6874,310348,7,35438,11871,217795,5916,348898,11884,566693,California
Contra Costa,2021-04-14,17588,898753,11047,546426,6540,316888,1,35439,9713,219663,7849,356747,9717,576410,California
Contra Costa,2021-04-15,17514,916267,10753,557179,6760,323648,1,35440,8105,218409,9379,366126,8125,584535,California
Contra Costa,2021-04-16,16878,933145,10535,567714,6341,329989,2,35442,7569,216702,9285,375411,7578,592113,California
Contra Costa,2021-04-17,11450,944595,6296,574010,5154,335143,0,35442,6136,217547,5298,380709,6143,598256,California
Contra Costa,2021-04-18,2749,947344,2120,576130,629,335772,0,35442,1779,218365,961,381670,1779,600035,California
Contra Costa,2021-04-19,11384,958728,8509,584639,2875,338647,0,35442,3572,214154,7785,389455,3574,603609,California
Contra Costa,2021-04-20,16662,975390,10827,595466,5835,344482,0,35442,6241,210010,10389,399844,6245,609854,California
Contra Costa,2021-04-21,17334,992724,14141,609607,3192,347674,1,35443,6158,205038,11138,410982,6166,616020,California
Contra Costa,2021-04-22,17152,1009876,13882,623489,3268,350942,2,35445,6051,200030,11070,422052,6062,622082,California
Contra Costa,2021-04-23,16999,1026875,13502,636991,3497,354439,0,35445,5483,194039,11482,433534,5491,627573,California
Contra Costa,2021-04-24,10932,1037807,8429,645420,2502,356941,1,35446,4182,191496,6729,440263,4186,631759,California
Contra Costa,2021-04-25,3252,1041059,2191,647611,1059,358000,2,35448,2058,192365,1194,441457,2063,633822,California
Contra Costa,2021-04-26,9798,1050857,8204,655815,1570,359570,24,35472,2866,188353,6914,448371,2902,636724,California
Contra Costa,2021-04-27,14490,1065347,10609,666424,3723,363293,158,35630,3893,181839,10575,458946,4061,640785,California
Contra Costa,2021-04-28,13850,1079197,10765,677189,2798,366091,287,35917,3458,175233,10358,469304,3752,644537,California
Contra Costa,2021-04-29,13035,1092232,10084,687273,2781,368872,170,36087,2841,168080,10169,479473,3016,647553,California
Contra Costa,2021-04-30,13697,1105929,10792,698065,2648,371520,257,36344,3100,160877,10564,490037,3361,650914,California
Contra Costa,2021-05-01,8030,1113959,5855,703920,1851,373371,324,36668,1918,157028,6091,496128,2242,653156,California
Contra Costa,2021-05-02,2339,1116298,1590,705510,668,374039,81,36749,995,156770,1334,497462,1076,654232,California
Contra Costa,2021-05-03,9117,1125415,8017,713527,924,374963,176,36925,1926,151700,7175,504637,2105,656337,California
Contra Costa,2021-05-04,14075,1139490,12143,725670,1602,376565,330,37255,2289,142558,11761,516398,2619,658956,California
Contra Costa,2021-05-05,12512,1152002,10788,736458,1524,378089,200,37455,2397,135068,10088,526486,2598,661554,California
Contra Costa,2021-05-06,10293,1162295,8541,744999,1417,379506,335,37790,1941,129025,8327,534813,2284,663838,California
Contra Costa,2021-05-07,9626,1171921,7738,752737,1664,381170,224,38014,2220,124093,7373,542186,2441,666279,California
Contra Costa,2021-05-08,5289,1177210,3983,756720,1138,382308,168,38182,1247,121487,4025,546211,1419,667698,California
Contra Costa,2021-05-09,2103,1179313,1773,758493,270,382578,60,38242,456,120362,1643,547854,518,668216,California
Contra Costa,2021-05-10,4928,1184241,3947,762440,763,383341,218,38460,1344,118361,3562,551416,1561,669777,California
Contra Costa,2021-05-11,8696,1192937,4524,766964,3943,387284,229,38689,1711,113341,6966,558382,1946,671723,California
Contra Costa,2021-05-12,9011,1201948,4571,771535,4194,391478,246,38935,1552,107710,7434,565816,1803,673526,California
Contra Costa,2021-05-13,11312,1213260,7470,779005,3659,395137,183,39118,3940,104487,7346,573162,4123,677649,California
Contra Costa,2021-05-14,12113,1225373,8059,787064,3775,398912,279,39397,5013,102706,7073,580235,5292,682941,California
Contra Costa,2021-05-15,9954,1235327,7216,794280,2619,401531,119,39516,4387,101661,5553,585788,4508,687449,California
Contra Costa,2021-05-16,2429,1237756,2120,796400,264,401795,45,39561,1088,101459,1335,587123,1133,688582,California
Contra Costa,2021-05-17,7011,1244767,5659,802059,1182,402977,170,39731,3593,101825,3398,590521,3764,692346,California
Contra Costa,2021-05-18,10186,1254953,6961,809020,3009,405986,216,39947,4483,100851,5676,596197,4702,697048,California
Contra Costa,2021-05-19,8427,1263380,6817,815837,1419,407405,191,40138,4081,100802,4327,600524,4278,701326,California
Contra Costa,2021-05-20,6561,1269941,5197,821034,1187,408592,177,40315,3269,100978,3269,603793,3445,704771,California
Contra Costa,2021-05-21,6424,1276365,4900,825934,1332,409924,192,40507,2922,100618,3475,607268,3115,707886,California
Contra Costa,2021-05-22,4502,1280867,3554,829488,792,410716,156,40663,2136,100562,2351,609619,2295,710181,California
Contra Costa,2021-05-23,921,1281788,608,830096,267,410983,46,40709,431,100553,487,610106,478,710659,California
Contra Costa,2021-05-24,4607,1286395,3802,833898,627,411610,178,40887,2169,100476,2427,612533,2350,713009,California
Contra Costa,2021-05-25,6209,1292604,5057,838955,905,412515,247,41134,2653,99836,3539,616072,2899,715908,California
Contra Costa,2021-05-26,5565,1298169,3560,842515,1820,414335,185,41319,1958,98397,3583,619655,2144,718052,California
Contra Costa,2021-05-27,3780,1301949,2650,845165,948,415283,182,41501,1671,98155,2092,621747,1850,719902,California
Contra Costa,2021-05-28,5251,1307200,3653,848818,1432,416715,166,41667,2164,97418,3065,624812,2328,722230,California
Contra Costa,2021-05-29,3153,1310353,2022,850840,1016,417731,115,41782,1551,97494,1591,626403,1667,723897,California
Contra Costa,2021-05-30,915,1311268,574,851414,312,418043,29,41811,361,97334,550,626953,390,724287,California
Contra Costa,2021-05-31,390,1311658,264,851678,113,418156,13,41824,134,97226,255,627208,147,724434,California
Contra Costa,2021-06-01,4451,1316109,3241,854919,1063,419219,147,41971,1574,96085,2862,630070,1721,726155,California
Contra Costa,2021-06-02,2155,1318264,1626,856545,422,419641,107,42078,845,95734,1302,631372,951,727106,California
Del Norte,2020-12-21,23,23,23,23,0,0,0,0,23,23,0,0,23,23,California
Del Norte,2020-12-22,45,68,45,68,0,0,0,0,45,68,0,0,45,68,California
Del Norte,2020-12-23,58,126,48,116,10,10,0,0,56,124,0,0,56,124,California
Del Norte,2020-12-28,34,160,34,150,0,10,0,0,34,158,0,0,34,158,California
Del Norte,2020-12-29,4,164,4,154,0,10,0,0,4,162,0,0,4,162,California
Del Norte,2020-12-30,67,231,55,209,12,22,0,0,68,230,0,0,68,230,California
Del Norte,2020-12-31,16,247,13,222,3,25,0,0,16,246,0,0,16,246,California
Del Norte,2021-01-04,102,349,49,271,53,78,0,0,102,348,0,0,102,348,California
Del Norte,2021-01-05,33,382,0,271,33,111,0,0,32,380,1,1,33,381,California
Del Norte,2021-01-06,77,459,18,289,59,170,0,0,77,457,0,1,77,458,California
Del Norte,2021-01-07,21,480,1,290,20,190,0,0,21,478,0,1,21,479,California
Del Norte,2021-01-08,77,557,7,297,70,260,0,0,77,555,0,1,77,556,California
Del Norte,2021-01-11,40,597,21,318,19,279,0,0,18,552,22,23,19,575,California
Del Norte,2021-01-12,50,647,31,349,19,298,0,0,30,562,20,43,30,605,California
Del Norte,2021-01-13,86,733,40,389,46,344,0,0,53,582,33,76,53,658,California
Del Norte,2021-01-14,52,785,14,403,38,382,0,0,46,622,6,82,46,704,California
Del Norte,2021-01-15,107,892,18,421,89,471,0,0,95,705,12,94,95,799,California
Del Norte,2021-01-17,1,893,1,422,0,471,0,0,1,706,0,94,1,800,California
Del Norte,2021-01-18,2,895,0,422,2,473,0,0,2,708,0,94,2,802,California
Del Norte,2021-01-19,119,1014,56,478,63,536,0,0,77,743,42,136,77,879,California
Del Norte,2021-01-20,159,1173,84,562,75,611,0,0,96,777,62,198,96,975,California
Del Norte,2021-01-21,43,1216,40,602,3,614,0,0,32,798,11,209,32,1007,California
Del Norte,2021-01-22,20,1236,17,619,3,617,0,0,13,804,7,216,13,1020,California
Del Norte,2021-01-23,1,1237,0,619,1,618,0,0,1,805,0,216,1,1021,California
Del Norte,2021-01-24,1,1238,0,619,1,619,0,0,1,806,0,216,1,1022,California
Del Norte,2021-01-25,100,1338,82,701,18,637,0,0,56,818,44,260,56,1078,California
Del Norte,2021-01-26,18,1356,11,712,7,644,0,0,7,814,11,271,7,1085,California
Del Norte,2021-01-27,64,1420,21,733,43,687,0,0,61,872,3,274,61,1146,California
Del Norte,2021-01-28,292,1712,20,753,272,959,0,0,287,1154,5,279,287,1433,California
Del Norte,2021-01-29,61,1773,21,774,40,999,0,0,43,1179,18,297,43,1476,California
Del Norte,2021-01-30,8,1781,1,775,7,1006,0,0,8,1187,0,297,8,1484,California
Del Norte,2021-02-01,41,1822,1,776,40,1046,0,0,26,1198,15,312,26,1510,California
Del Norte,2021-02-02,141,1963,34,810,107,1153,0,0,73,1204,67,379,73,1583,California
Del Norte,2021-02-03,126,2089,40,850,86,1239,0,0,71,1220,55,434,71,1654,California
Del Norte,2021-02-04,71,2160,29,879,42,1281,0,0,42,1233,29,463,42,1696,California
Del Norte,2021-02-05,184,2344,22,901,162,1443,0,0,119,1288,64,527,119,1815,California
Del Norte,2021-02-06,310,2654,4,905,306,1749,0,0,310,1598,0,527,310,2125,California
Del Norte,2021-02-07,1,2655,0,905,1,1750,0,0,1,1599,0,527,1,2126,California
Del Norte,2021-02-08,36,2691,1,906,35,1785,0,0,32,1627,4,531,32,2158,California
Del Norte,2021-02-09,8,2699,5,911,3,1788,0,0,2,1623,6,537,2,2160,California
Del Norte,2021-02-10,142,2841,20,931,122,1910,0,0,85,1652,56,593,85,2245,California
Del Norte,2021-02-11,177,3018,59,990,118,2028,0,0,64,1603,113,706,64,2309,California
Del Norte,2021-02-12,121,3139,14,1004,107,2135,0,0,67,1616,54,760,67,2376,California
Del Norte,2021-02-13,2,3141,1,1005,1,2136,0,0,2,1618,0,760,2,2378,California
Del Norte,2021-02-14,3,3144,1,1006,2,2138,0,0,2,1619,1,761,2,2380,California
Del Norte,2021-02-15,4,3148,0,1006,4,2142,0,0,2,1619,2,763,2,2382,California
Del Norte,2021-02-16,132,3280,1,1007,131,2273,0,0,13,1513,119,882,13,2395,California
Del Norte,2021-02-17,92,3372,20,1027,72,2345,0,0,25,1471,67,949,25,2420,California
Del Norte,2021-02-18,77,3449,24,1051,53,2398,0,0,51,1496,26,975,51,2471,California
Del Norte,2021-02-19,43,3492,17,1068,26,2424,0,0,33,1519,10,985,33,2504,California
Del Norte,2021-02-20,8,3500,5,1073,3,2427,0,0,6,1523,2,987,6,2510,California
Del Norte,2021-02-22,2,3502,0,1073,2,2429,0,0,2,1525,0,987,2,2512,California
Del Norte,2021-02-23,107,3609,89,1162,18,2447,0,0,31,1481,76,1063,32,2544,California
Del Norte,2021-02-24,152,3761,98,1260,54,2501,0,0,79,1487,73,1136,79,2623,California
Del Norte,2021-02-25,477,4238,131,1391,346,2847,0,0,213,1438,262,1398,213,2836,California
Del Norte,2021-02-26,214,4452,177,1568,37,2884,0,0,168,1560,46,1444,168,3004,California
Del Norte,2021-02-27,149,4601,143,1711,5,2889,1,1,141,1694,8,1452,142,3146,California
Del Norte,2021-02-28,3,4604,0,1711,3,2892,0,1,3,1697,0,1452,3,3149,California
Del Norte,2021-03-01,29,4633,2,1713,27,2919,0,1,4,1677,24,1476,4,3153,California
Del Norte,2021-03-02,222,4855,142,1855,80,2999,0,1,188,1831,34,1510,188,3341,California
Del Norte,2021-03-03,167,5022,99,1954,68,3067,0,1,126,1916,41,1551,126,3467,California
Del Norte,2021-03-04,120,5142,83,2037,37,3104,0,1,91,1979,28,1579,91,3558,California
Del Norte,2021-03-05,121,5263,11,2048,110,3214,0,1,73,2004,48,1627,73,3631,California
Del Norte,2021-03-06,464,5727,77,2125,338,3552,49,50,163,1873,301,1928,170,3801,California
Del Norte,2021-03-07,2,5729,1,2126,1,3553,0,50,1,1873,1,1929,1,3802,California
Del Norte,2021-03-08,28,5757,1,2127,25,3578,2,52,5,1857,23,1952,7,3809,California
Del Norte,2021-03-09,194,5951,113,2240,78,3656,3,55,183,2032,11,1963,186,3995,California
Del Norte,2021-03-10,233,6184,96,2336,109,3765,28,83,134,2095,99,2062,162,4157,California
Del Norte,2021-03-11,151,6335,55,2391,91,3856,5,88,103,2155,48,2110,108,4265,California
Del Norte,2021-03-12,178,6513,89,2480,89,3945,0,88,125,2227,53,2163,125,4390,California
Del Norte,2021-03-13,94,6607,93,2573,1,3946,0,88,91,2315,3,2166,91,4481,California
Del Norte,2021-03-14,1,6608,0,2573,1,3947,0,88,1,2315,1,2167,1,4482,California
Del Norte,2021-03-15,39,6647,0,2573,38,3985,1,89,34,2345,5,2172,35,4517,California
Del Norte,2021-03-16,281,6928,135,2708,146,4131,0,89,260,2584,21,2193,260,4777,California
Del Norte,2021-03-17,282,7210,95,2803,185,4316,2,91,168,2640,114,2307,170,4947,California
Del Norte,2021-03-18,285,7495,107,2910,175,4491,3,94,149,2657,135,2442,152,5099,California
Del Norte,2021-03-19,268,7763,160,3070,102,4593,6,100,91,2577,177,2619,97,5196,California
Del Norte,2021-03-20,157,7920,154,3224,3,4596,0,100,15,2450,142,2761,15,5211,California
Del Norte,2021-03-21,4,7924,2,3226,2,4598,0,100,2,2450,2,2763,2,5213,California
Del Norte,2021-03-22,43,7967,3,3229,39,4637,1,101,39,2487,3,2766,40,5253,California
Del Norte,2021-03-23,335,8302,164,3393,153,4790,18,119,164,2499,169,2935,181,5434,California
Del Norte,2021-03-24,396,8698,107,3500,249,5039,40,159,235,2613,161,3096,275,5709,California
Del Norte,2021-03-25,192,8890,88,3588,104,5143,0,159,84,2590,107,3203,84,5793,California
Del Norte,2021-03-26,234,9124,113,3701,121,5264,0,159,197,2750,37,3240,197,5990,California
Del Norte,2021-03-27,107,9231,86,3787,4,5268,17,176,17,2694,90,3330,34,6024,California
Del Norte,2021-03-28,4,9235,2,3789,2,5270,0,176,1,2692,3,3333,1,6025,California
Del Norte,2021-03-29,57,9292,6,3795,34,5304,17,193,32,2716,25,3358,49,6074,California
Del Norte,2021-03-30,340,9632,119,3914,210,5514,11,204,128,2643,212,3570,139,6213,California
Del Norte,2021-03-31,354,9986,100,4014,237,5751,17,221,198,2704,154,3724,215,6428,California
Del Norte,2021-04-01,164,10150,58,4072,72,5823,34,255,69,2713,94,3818,103,6531,California
Del Norte,2021-04-02,232,10382,79,4151,104,5927,49,304,49,2629,183,4001,99,6630,California
Del Norte,2021-04-03,108,10490,83,4234,2,5929,23,327,5,2555,102,4103,28,6658,California
Del Norte,2021-04-04,4,10494,0,4234,0,5929,4,331,0,2555,4,4107,4,6662,California
Del Norte,2021-04-05,47,10541,5,4239,38,5967,4,335,40,2592,7,4114,44,6706,California
Del Norte,2021-04-06,379,10920,120,4359,222,6189,37,372,146,2547,229,4343,184,6890,California
Del Norte,2021-04-07,437,11357,115,4474,261,6450,61,433,291,2753,146,4489,352,7242,California
Del Norte,2021-04-08,228,11585,54,4528,106,6556,68,501,105,2804,123,4612,174,7416,California
Del Norte,2021-04-09,207,11792,46,4574,84,6640,77,578,100,2873,106,4718,175,7591,California
Del Norte,2021-04-10,47,11839,26,4600,4,6644,17,595,27,2897,20,4738,44,7635,California
Del Norte,2021-04-11,12,11851,3,4603,2,6646,7,602,2,2896,10,4748,9,7644,California
Del Norte,2021-04-12,27,11878,1,4604,9,6655,17,619,1,2889,25,4773,18,7662,California
Del Norte,2021-04-13,298,12176,50,4654,248,6903,0,619,155,2901,143,4916,155,7817,California
Del Norte,2021-04-14,327,12503,23,4677,304,7207,0,619,138,2855,189,5105,143,7960,California
Del Norte,2021-04-15,164,12667,31,4708,133,7340,0,619,45,2782,119,5224,46,8006,California
Del Norte,2021-04-16,161,12828,40,4748,121,7461,0,619,59,2740,102,5326,60,8066,California
Del Norte,2021-04-17,104,12932,72,4820,32,7493,0,619,99,2834,5,5331,99,8165,California
Del Norte,2021-04-18,5,12937,4,4824,1,7494,0,619,4,2837,1,5332,4,8169,California
Del Norte,2021-04-19,50,12987,6,4830,44,7538,0,619,8,2803,42,5374,8,8177,California
Del Norte,2021-04-20,208,13195,40,4870,168,7706,0,619,73,2741,135,5509,73,8250,California
Del Norte,2021-04-21,288,13483,23,4893,265,7971,0,619,63,2583,224,5733,66,8316,California
Del Norte,2021-04-22,114,13597,15,4908,99,8070,0,619,62,2593,52,5785,62,8378,California
Del Norte,2021-04-23,153,13750,22,4930,131,8201,0,619,40,2520,113,5898,40,8418,California
Del Norte,2021-04-24,25,13775,14,4944,11,8212,0,619,20,2535,5,5903,20,8438,California
Del Norte,2021-04-25,2,13777,0,4944,2,8214,0,619,2,2537,0,5903,2,8440,California
Del Norte,2021-04-26,31,13808,0,4944,31,8245,0,619,9,2524,22,5925,9,8449,California
Del Norte,2021-04-27,181,13989,19,4963,157,8402,5,624,49,2446,132,6057,54,8503,California
Del Norte,2021-04-28,351,14340,100,5063,246,8648,5,629,63,2228,287,6344,69,8572,California
Del Norte,2021-04-29,93,14433,6,5069,83,8731,4,633,26,2191,67,6411,30,8602,California
Del Norte,2021-04-30,83,14516,6,5075,67,8798,10,643,44,2206,39,6450,54,8656,California
Del Norte,2021-05-01,8,14524,3,5078,5,8803,0,643,6,2210,2,6452,6,8662,California
Del Norte,2021-05-02,8,14532,0,5078,8,8811,0,643,8,2218,0,6452,8,8670,California
Del Norte,2021-05-03,40,14572,3,5081,34,8845,3,646,2,2186,37,6489,5,8675,California
Del Norte,2021-05-04,221,14793,36,5117,180,9025,5,651,46,2063,174,6663,51,8726,California
Del Norte,2021-05-05,231,15024,19,5136,204,9229,8,659,56,1952,175,6838,64,8790,California
Del Norte,2021-05-06,111,15135,24,5160,74,9303,13,672,26,1906,85,6923,39,8829,California
Del Norte,2021-05-07,152,15287,29,5189,119,9422,4,676,32,1822,120,7043,36,8865,California
Del Norte,2021-05-08,64,15351,55,5244,7,9429,2,678,6,1772,58,7101,8,8873,California
Del Norte,2021-05-09,9,15360,3,5247,3,9432,3,681,2,1770,7,7108,5,8878,California
Del Norte,2021-05-10,25,15385,3,5250,18,9450,4,685,15,1779,10,7118,19,8897,California
Del Norte,2021-05-11,170,15555,49,5299,119,9569,2,687,33,1677,137,7255,35,8932,California
Del Norte,2021-05-12,148,15703,23,5322,115,9684,10,697,27,1594,120,7375,37,8969,California
Del Norte,2021-05-13,60,15763,29,5351,30,9714,1,698,32,1599,28,7403,33,9002,California
Del Norte,2021-05-14,77,15840,27,5378,49,9763,1,699,42,1607,35,7438,43,9045,California
Del Norte,2021-05-15,81,15921,53,5431,28,9791,0,699,53,1632,28,7466,53,9098,California
Del Norte,2021-05-16,11,15932,0,5431,11,9802,0,699,11,1643,0,7466,11,9109,California
Del Norte,2021-05-17,27,15959,3,5434,20,9822,4,703,15,1650,12,7478,19,9128,California
Del Norte,2021-05-18,126,16085,68,5502,57,9879,1,704,80,1685,46,7524,81,9209,California
Del Norte,2021-05-19,96,16181,14,5516,66,9945,16,720,38,1681,58,7582,54,9263,California
Del Norte,2021-05-20,98,16279,31,5547,64,10009,3,723,39,1665,58,7640,42,9305,California
Del Norte,2021-05-21,78,16357,32,5579,42,10051,4,727,41,1673,37,7677,45,9350,California
Del Norte,2021-05-22,21,16378,7,5586,14,10065,0,727,8,1668,13,7690,8,9358,California
Del Norte,2021-05-23,11,16389,4,5590,7,10072,0,727,4,1665,7,7697,4,9362,California
Del Norte,2021-05-24,29,16418,11,5601,17,10089,1,728,18,1674,10,7707,19,9381,California
Del Norte,2021-05-25,45,16463,7,5608,30,10119,8,736,14,1667,29,7736,22,9403,California
Del Norte,2021-05-26,113,16576,36,5644,71,10190,6,742,52,1665,60,7796,58,9461,California
Del Norte,2021-05-27,65,16641,22,5666,39,10229,4,746,31,1666,34,7830,35,9496,California
Del Norte,2021-05-28,51,16692,10,5676,37,10266,4,750,11,1641,40,7870,15,9511,California
Del Norte,2021-05-29,9,16701,0,5676,4,10270,5,755,3,1643,6,7876,8,9519,California
Del Norte,2021-05-30,7,16708,1,5677,6,10276,0,755,2,1640,5,7881,2,9521,California
Del Norte,2021-05-31,4,16712,2,5679,2,10278,0,755,3,1642,1,7882,3,9524,California
Del Norte,2021-06-01,46,16758,2,5681,38,10316,6,761,9,1620,37,7919,15,9539,California
Del Norte,2021-06-02,57,16815,4,5685,53,10369,0,761,7,1577,50,7969,7,9546,California
El Dorado,2020-12-15,12,12,12,12,0,0,0,0,12,12,0,0,12,12,California
El Dorado,2020-12-16,40,52,40,52,0,0,0,0,40,52,0,0,40,52,California
El Dorado,2020-12-17,31,83,31,83,0,0,0,0,31,83,0,0,31,83,California
El Dorado,2020-12-18,239,322,239,322,0,0,0,0,239,322,0,0,239,322,California
El Dorado,2020-12-19,116,438,116,438,0,0,0,0,116,438,0,0,116,438,California
El Dorado,2020-12-20,85,523,85,523,0,0,0,0,85,523,0,0,85,523,California
El Dorado,2020-12-21,311,834,310,833,1,1,0,0,311,834,0,0,311,834,California
El Dorado,2020-12-22,239,1073,215,1048,24,25,0,0,239,1073,0,0,239,1073,California
El Dorado,2020-12-23,190,1263,141,1189,49,74,0,0,190,1263,0,0,190,1263,California
El Dorado,2020-12-24,88,1351,67,1256,21,95,0,0,88,1351,0,0,88,1351,California
El Dorado,2020-12-25,8,1359,8,1264,0,95,0,0,8,1359,0,0,8,1359,California
El Dorado,2020-12-26,45,1404,27,1291,18,113,0,0,45,1404,0,0,45,1404,California
El Dorado,2020-12-27,37,1441,33,1324,4,117,0,0,37,1441,0,0,37,1441,California
El Dorado,2020-12-28,213,1654,166,1490,47,164,0,0,213,1654,0,0,213,1654,California
El Dorado,2020-12-29,460,2114,143,1633,317,481,0,0,460,2114,0,0,460,2114,California
El Dorado,2020-12-30,506,2620,137,1770,369,850,0,0,506,2620,0,0,506,2620,California
El Dorado,2020-12-31,110,2730,70,1840,40,890,0,0,110,2730,0,0,110,2730,California
El Dorado,2021-01-01,7,2737,4,1844,3,893,0,0,7,2737,0,0,7,2737,California
El Dorado,2021-01-02,153,2890,141,1985,12,905,0,0,153,2890,0,0,153,2890,California
El Dorado,2021-01-03,92,2982,17,2002,75,980,0,0,92,2982,0,0,92,2982,California
El Dorado,2021-01-04,190,3172,62,2064,128,1108,0,0,190,3172,0,0,190,3172,California
El Dorado,2021-01-05,228,3400,72,2136,156,1264,0,0,212,3368,16,16,212,3384,California
El Dorado,2021-01-06,239,3639,167,2303,72,1336,0,0,175,3479,64,80,175,3559,California
El Dorado,2021-01-07,332,3971,137,2440,195,1531,0,0,261,3669,71,151,261,3820,California
El Dorado,2021-01-08,978,4949,504,2944,474,2005,0,0,772,4236,206,357,773,4593,California
El Dorado,2021-01-09,193,5142,156,3100,37,2042,0,0,125,4293,68,425,125,4718,California
El Dorado,2021-01-10,179,5321,128,3228,51,2093,0,0,109,4333,70,495,110,4828,California
El Dorado,2021-01-11,659,5980,293,3521,366,2459,0,0,459,4594,199,694,460,5288,California
El Dorado,2021-01-12,806,6786,423,3944,383,2842,0,0,557,4902,249,943,557,5845,California
El Dorado,2021-01-13,702,7488,298,4242,404,3246,0,0,541,5282,161,1104,541,6386,California
El Dorado,2021-01-14,792,8280,220,4462,572,3818,0,0,697,5884,95,1199,697,7083,California
El Dorado,2021-01-15,791,9071,184,4646,607,4425,0,0,719,6531,72,1271,719,7802,California
El Dorado,2021-01-16,173,9244,103,4749,70,4495,0,0,146,6650,27,1298,146,7948,California
El Dorado,2021-01-17,99,9343,46,4795,53,4548,0,0,82,6715,17,1315,82,8030,California
El Dorado,2021-01-18,423,9766,140,4935,283,4831,0,0,354,7000,69,1384,354,8384,California
El Dorado,2021-01-19,754,10520,453,5388,301,5132,0,0,604,7455,150,1534,605,8989,California
El Dorado,2021-01-20,1014,11534,689,6077,325,5457,0,0,901,8244,112,1646,901,9890,California
El Dorado,2021-01-21,1265,12799,678,6755,587,6044,0,0,1057,9134,167,1813,1057,10947,California
El Dorado,2021-01-22,1230,14029,835,7590,395,6439,0,0,1175,10255,54,1867,1175,12122,California
El Dorado,2021-01-23,737,14766,615,8205,122,6561,0,0,626,10770,111,1978,626,12748,California
El Dorado,2021-01-24,126,14892,76,8281,50,6611,0,0,107,10858,19,1997,107,12855,California
El Dorado,2021-01-25,700,15592,293,8574,407,7018,0,0,613,11384,87,2084,613,13468,California
El Dorado,2021-01-26,676,16268,365,8939,311,7329,0,0,573,11854,103,2187,573,14041,California
El Dorado,2021-01-27,992,17260,390,9329,602,7931,0,0,654,12169,339,2526,654,14695,California
El Dorado,2021-01-28,1106,18366,452,9781,654,8585,0,0,745,12553,361,2887,745,15440,California
El Dorado,2021-01-29,1044,19410,556,10337,488,9073,0,0,752,13015,291,3178,753,16193,California
El Dorado,2021-01-30,543,19953,291,10628,252,9325,0,0,446,13365,96,3274,446,16639,California
El Dorado,2021-01-31,236,20189,215,10843,21,9346,0,0,184,13498,51,3325,184,16823,California
El Dorado,2021-02-01,798,20987,368,11211,430,9776,0,0,653,14006,145,3470,653,17476,California
El Dorado,2021-02-02,839,21826,367,11578,472,10248,0,0,676,14519,163,3633,676,18152,California
El Dorado,2021-02-03,902,22728,476,12054,426,10674,0,0,690,14997,212,3845,690,18842,California
El Dorado,2021-02-04,1244,23972,701,12755,543,11217,0,0,872,15497,372,4217,872,19714,California
El Dorado,2021-02-05,1485,25457,599,13354,886,12103,0,0,862,15773,586,4803,862,20576,California
El Dorado,2021-02-06,638,26095,332,13686,306,12409,0,0,532,16200,106,4909,533,21109,California
El Dorado,2021-02-07,260,26355,178,13864,82,12491,0,0,196,16332,64,4973,196,21305,California
El Dorado,2021-02-08,884,27239,418,14282,466,12957,0,0,610,16668,274,5247,610,21915,California
El Dorado,2021-02-09,971,28210,546,14828,425,13382,0,0,540,16777,431,5678,540,22455,California
El Dorado,2021-02-10,1258,29468,735,15563,523,13905,0,0,665,16850,592,6270,665,23120,California
El Dorado,2021-02-11,2151,31619,889,16452,1262,15167,0,0,756,16215,1392,7662,757,23877,California
El Dorado,2021-02-12,1577,33196,825,17277,752,15919,0,0,676,15992,900,8562,677,24554,California
El Dorado,2021-02-13,979,34175,667,17944,312,16231,0,0,435,15886,541,9103,435,24989,California
El Dorado,2021-02-14,487,34662,155,18099,332,16563,0,0,400,16199,87,9190,400,25389,California
El Dorado,2021-02-15,1181,35843,383,18482,798,17361,0,0,818,16658,363,9553,822,26211,California
El Dorado,2021-02-16,1206,37049,532,19014,674,18035,0,0,671,16796,534,10087,672,26883,California
El Dorado,2021-02-17,953,38002,420,19434,533,18568,0,0,459,16763,494,10581,461,27344,California
El Dorado,2021-02-18,2094,40096,1020,20454,1074,19642,0,0,1059,16788,1034,11615,1059,28403,California
El Dorado,2021-02-19,1210,41306,643,21097,567,20209,0,0,676,16931,533,12148,676,29079,California
El Dorado,2021-02-20,925,42231,441,21538,484,20693,0,0,671,17353,249,12397,671,29750,California
El Dorado,2021-02-21,286,42517,229,21767,57,20750,0,0,101,17269,185,12582,101,29851,California
El Dorado,2021-02-22,876,43393,440,22207,436,21186,0,0,273,16940,602,13184,273,30124,California
El Dorado,2021-02-23,846,44239,473,22680,373,21559,0,0,338,16771,507,13691,338,30462,California
El Dorado,2021-02-24,1027,45266,438,23118,589,22148,0,0,425,16595,602,14293,426,30888,California
El Dorado,2021-02-25,1891,47157,1140,24258,751,22899,0,0,674,16061,1210,15503,676,31564,California
El Dorado,2021-02-26,2357,49514,1481,25739,876,23775,0,0,1586,16879,768,16271,1586,33150,California
El Dorado,2021-02-27,1664,51178,440,26179,1224,24999,0,0,1222,17662,439,16710,1222,34372,California
El Dorado,2021-02-28,594,51772,207,26386,387,25386,0,0,435,17939,159,16869,436,34808,California
El Dorado,2021-03-01,1134,52906,448,26834,684,26070,2,2,624,18056,509,17378,626,35434,California
El Dorado,2021-03-02,925,53831,269,27103,655,26725,1,3,484,18102,439,17817,485,35919,California
El Dorado,2021-03-03,1695,55526,466,27569,1229,27954,0,3,1158,18733,530,18347,1161,37080,California
El Dorado,2021-03-04,2516,58042,1549,29118,967,28921,0,3,1197,18614,1316,19663,1197,38277,California
El Dorado,2021-03-05,1585,59627,429,29547,1151,30072,5,8,1048,19136,531,20194,1053,39330,California
El Dorado,2021-03-06,742,60369,213,29760,494,30566,35,43,394,19218,347,20541,429,39759,California
El Dorado,2021-03-07,406,60775,197,29957,191,30757,18,61,242,19316,162,20703,260,40019,California
El Dorado,2021-03-08,1331,62106,365,30322,894,31651,72,133,862,19783,466,21169,933,40952,California
El Dorado,2021-03-09,989,63095,231,30553,691,32342,67,200,587,20050,387,21556,654,41606,California
El Dorado,2021-03-10,955,64050,346,30899,553,32895,56,256,551,20259,397,21953,606,42212,California
El Dorado,2021-03-11,3023,67073,1834,32733,1006,33901,183,439,1288,20015,1714,23667,1470,43682,California
El Dorado,2021-03-12,1794,68867,622,33355,924,34825,248,687,750,19989,1026,24693,1000,44682,California
El Dorado,2021-03-13,1067,69934,344,33699,441,35266,282,969,375,19955,689,25382,655,45337,California
El Dorado,2021-03-14,795,70729,208,33907,475,35741,112,1081,279,19831,516,25898,392,45729,California
El Dorado,2021-03-15,1402,72131,304,34211,971,36712,127,1208,612,19785,786,26684,740,46469,California
El Dorado,2021-03-16,1224,73355,415,34626,664,37376,145,1353,573,19858,645,27329,718,47187,California
El Dorado,2021-03-17,1115,74470,351,34977,667,38043,97,1450,725,20290,389,27718,821,48008,California
El Dorado,2021-03-18,3001,77471,1774,36751,1182,39225,45,1495,1979,21300,1014,28732,2024,50032,California
El Dorado,2021-03-19,1120,78591,365,37116,608,39833,147,1642,642,21611,478,29210,789,50821,California
El Dorado,2021-03-20,949,79540,269,37385,663,40496,17,1659,369,21429,568,29778,386,51207,California
El Dorado,2021-03-21,1026,80566,419,37804,602,41098,5,1664,934,22278,90,29868,939,52146,California
El Dorado,2021-03-22,1507,82073,489,38293,936,42034,82,1746,1196,23250,306,30174,1278,53424,California
El Dorado,2021-03-23,1149,83222,452,38745,602,42636,95,1841,733,23673,405,30579,828,54252,California
El Dorado,2021-03-24,1459,84681,624,39369,639,43275,196,2037,664,23766,767,31346,860,55112,California
El Dorado,2021-03-25,2513,87194,1685,41054,724,43999,104,2141,1382,24128,1125,32471,1487,56599,California
El Dorado,2021-03-26,1821,89015,698,41752,1013,45012,110,2251,945,24331,853,33324,1056,57655,California
El Dorado,2021-03-27,1321,90336,188,41940,1129,46141,4,2255,334,23688,981,34305,338,57993,California
El Dorado,2021-03-28,636,90972,182,42122,444,46585,10,2265,203,23472,429,34734,213,58206,California
El Dorado,2021-03-29,1321,92293,433,42555,872,47457,16,2281,831,23832,487,35221,847,59053,California
El Dorado,2021-03-30,1364,93657,413,42968,858,48315,93,2374,684,23935,672,35893,775,59828,California
El Dorado,2021-03-31,1561,95218,582,43550,916,49231,63,2437,697,23832,862,36755,759,60587,California
El Dorado,2021-04-01,3241,98459,1769,45319,1389,50620,83,2520,1541,23760,1698,38453,1626,62213,California
El Dorado,2021-04-02,1891,100350,563,45882,1233,51853,95,2615,748,23468,1137,39590,845,63058,California
El Dorado,2021-04-03,752,101102,295,46177,335,52188,122,2737,231,23303,518,40108,353,63411,California
El Dorado,2021-04-04,272,101374,85,46262,140,52328,47,2784,98,23275,173,40281,145,63556,California
El Dorado,2021-04-05,1425,102799,425,46687,906,53234,94,2878,593,23134,827,41108,686,64242,California
El Dorado,2021-04-06,1416,104215,525,47212,670,53904,221,3099,453,22846,959,42067,671,64913,California
El Dorado,2021-04-07,1590,105805,559,47771,578,54482,453,3552,558,22826,1029,43096,1009,65922,California
El Dorado,2021-04-08,2688,108493,1731,49502,720,55202,237,3789,1117,22627,1562,44658,1363,67285,California
El Dorado,2021-04-09,1437,109930,454,49956,762,55964,221,4010,570,22556,864,45522,793,68078,California
El Dorado,2021-04-10,821,110751,225,50181,485,56449,111,4121,472,22793,346,45868,583,68661,California
El Dorado,2021-04-11,702,111453,454,50635,232,56681,16,4137,207,22522,494,46362,223,68884,California
El Dorado,2021-04-12,1282,112735,499,51134,634,57315,149,4286,561,22520,714,47076,712,69596,California
El Dorado,2021-04-13,1119,113854,610,51744,509,57824,0,4286,508,22421,607,47683,508,70104,California
El Dorado,2021-04-14,1088,114942,461,52205,626,58450,1,4287,388,22123,687,48370,389,70493,California
El Dorado,2021-04-15,2490,117432,1671,53876,819,59269,0,4287,953,21543,1534,49904,954,71447,California
El Dorado,2021-04-16,1467,118899,521,54397,946,60215,0,4287,602,21285,861,50765,603,72050,California
El Dorado,2021-04-17,792,119691,202,54599,590,60805,0,4287,492,21480,297,51062,492,72542,California
El Dorado,2021-04-18,991,120682,89,54688,902,61707,0,4287,395,21280,595,51657,395,72937,California
El Dorado,2021-04-19,1715,122397,438,55126,1277,62984,0,4287,690,20951,1019,52676,690,73627,California
El Dorado,2021-04-20,1110,123507,360,55486,750,63734,0,4287,461,20768,644,53320,461,74088,California
El Dorado,2021-04-21,1159,124666,466,55952,689,64423,4,4291,591,20800,560,53880,592,74680,California
El Dorado,2021-04-22,2550,127216,1679,57631,871,65294,0,4291,1067,20387,1480,55360,1067,75747,California
El Dorado,2021-04-23,1399,128615,491,58122,908,66202,0,4291,709,20410,687,56047,710,76457,California
El Dorado,2021-04-24,969,129584,516,58638,453,66655,0,4291,734,20911,233,56280,734,77191,California
El Dorado,2021-04-25,655,130239,450,59088,205,66860,0,4291,468,21192,187,56467,468,77659,California
El Dorado,2021-04-26,1141,131380,451,59539,673,67533,17,4308,537,21144,601,57068,553,78212,California
El Dorado,2021-04-27,1058,132438,379,59918,651,68184,28,4336,474,21068,578,57646,502,78714,California
El Dorado,2021-04-28,1034,133472,346,60264,648,68832,40,4376,403,20881,630,58276,443,79157,California
El Dorado,2021-04-29,1929,135401,1303,61567,594,69426,32,4408,538,20062,1389,59665,570,79727,California
El Dorado,2021-04-30,2120,137521,1331,62898,748,70174,41,4449,1359,20712,749,60414,1399,81126,California
El Dorado,2021-05-01,617,138138,282,63180,308,70482,27,4476,278,20685,332,60746,305,81431,California
El Dorado,2021-05-02,300,138438,214,63394,57,70539,29,4505,101,20618,196,60942,129,81560,California
El Dorado,2021-05-03,823,139261,403,63797,370,70909,50,4555,277,20403,543,61485,328,81888,California
El Dorado,2021-05-04,876,140137,431,64228,387,71296,58,4613,309,20207,563,62048,367,82255,California
El Dorado,2021-05-05,874,141011,432,64660,369,71665,73,4686,414,20236,458,62506,487,82742,California
El Dorado,2021-05-06,1114,142125,483,65143,584,72249,47,4733,473,20117,635,63141,516,83258,California
El Dorado,2021-05-07,978,143103,373,65516,547,72796,58,4791,399,19994,579,63720,456,83714,California
El Dorado,2021-05-08,484,143587,149,65665,298,73094,37,4828,186,19921,296,64016,223,83937,California
El Dorado,2021-05-09,218,143805,79,65744,112,73206,27,4855,100,19931,117,64133,127,84064,California
El Dorado,2021-05-10,828,144633,274,66018,495,73701,59,4914,241,19652,577,64710,298,84362,California
El Dorado,2021-05-11,660,145293,286,66304,320,74021,54,4968,290,19630,367,65077,345,84707,California
El Dorado,2021-05-12,585,145878,307,66611,243,74264,35,5003,235,19551,350,65427,271,84978,California
El Dorado,2021-05-13,1142,147020,732,67343,374,74638,36,5039,395,19239,742,66169,430,85408,California
El Dorado,2021-05-14,1400,148420,806,68149,510,75148,84,5123,681,19290,714,66883,765,86173,California
El Dorado,2021-05-15,896,149316,553,68702,287,75435,56,5179,313,19076,583,67466,369,86542,California
El Dorado,2021-05-16,658,149974,460,69162,172,75607,26,5205,230,18905,428,67894,257,86799,California
El Dorado,2021-05-17,1566,151540,662,69824,855,76462,49,5254,567,18525,995,68889,615,87414,California
El Dorado,2021-05-18,1012,152552,507,70331,451,76913,54,5308,445,18458,566,69455,499,87913,California
El Dorado,2021-05-19,810,153362,328,70659,430,77343,52,5360,315,18335,489,69944,366,88279,California
El Dorado,2021-05-20,1041,154403,602,71261,390,77733,49,5409,448,18242,590,70534,497,88776,California
El Dorado,2021-05-21,2171,156574,1663,72924,483,78216,25,5434,742,17585,1424,71958,767,89543,California
El Dorado,2021-05-22,570,157144,156,73080,397,78613,17,5451,191,17415,378,72336,208,89751,California
El Dorado,2021-05-23,192,157336,87,73167,86,78699,19,5470,62,17367,129,72465,81,89832,California
El Dorado,2021-05-24,867,158203,437,73604,363,79062,67,5537,305,17178,558,73023,369,90201,California
El Dorado,2021-05-25,584,158787,236,73840,315,79377,33,5570,221,17071,361,73384,254,90455,California
El Dorado,2021-05-26,773,159560,377,74217,376,79753,20,5590,291,16902,480,73864,311,90766,California
El Dorado,2021-05-27,606,160166,240,74457,332,80085,34,5624,300,16931,304,74168,333,91099,California
El Dorado,2021-05-28,701,160867,238,74695,406,80491,57,5681,294,16877,405,74573,351,91450,California
El Dorado,2021-05-29,373,161240,99,74794,257,80748,17,5698,156,16833,217,74790,173,91623,California
El Dorado,2021-05-30,170,161410,99,74893,56,80804,15,5713,79,16837,90,74880,94,91717,California
El Dorado,2021-05-31,30,161440,7,74900,15,80819,8,5721,6,16827,24,74904,14,91731,California
El Dorado,2021-06-01,592,162032,265,75165,297,81116,30,5751,206,16681,382,75286,236,91967,California
El Dorado,2021-06-02,210,162242,107,75272,72,81188,31,5782,78,16659,131,75417,109,92076,California
Fresno,2020-12-15,2,2,2,2,0,0,0,0,2,2,0,0,2,2,California
Fresno,2020-12-16,125,127,125,127,0,0,0,0,125,127,0,0,125,127,California
Fresno,2020-12-17,121,248,121,248,0,0,0,0,121,248,0,0,121,248,California
Fresno,2020-12-18,346,594,346,594,0,0,0,0,346,594,0,0,346,594,California
Fresno,2020-12-19,159,753,159,753,0,0,0,0,159,753,0,0,159,753,California
Fresno,2020-12-20,258,1011,256,1009,2,2,0,0,258,1011,0,0,258,1011,California
Fresno,2020-12-21,928,1939,926,1935,2,4,0,0,959,1970,0,0,959,1970,California
Fresno,2020-12-22,906,2845,876,2811,30,34,0,0,910,2880,0,0,910,2880,California
Fresno,2020-12-23,1091,3936,1049,3860,42,76,0,0,1092,3972,0,0,1092,3972,California
Fresno,2020-12-24,589,4525,563,4423,26,102,0,0,589,4561,0,0,589,4561,California
Fresno,2020-12-25,2,4527,1,4424,1,103,0,0,2,4563,0,0,2,4563,California
Fresno,2020-12-26,724,5251,715,5139,9,112,0,0,724,5287,0,0,724,5287,California
Fresno,2020-12-27,307,5558,208,5347,99,211,0,0,307,5594,0,0,307,5594,California
Fresno,2020-12-28,1091,6649,801,6148,290,501,0,0,1092,6686,0,0,1092,6686,California
Fresno,2020-12-29,1736,8385,991,7139,745,1246,0,0,1734,8419,1,1,1734,8420,California
Fresno,2020-12-30,955,9340,444,7583,511,1757,0,0,955,9374,0,1,955,9375,California
Fresno,2020-12-31,901,10241,309,7892,592,2349,0,0,900,10274,0,1,900,10275,California
Fresno,2021-01-01,9,10250,3,7895,6,2355,0,0,9,10283,0,1,9,10284,California
Fresno,2021-01-02,1029,11279,715,8610,314,2669,0,0,1029,11312,0,1,1029,11313,California
Fresno,2021-01-03,153,11432,128,8738,25,2694,0,0,153,11465,0,1,153,11466,California
Fresno,2021-01-04,620,12052,376,9114,244,2938,0,0,620,12085,0,1,620,12086,California
Fresno,2021-01-05,782,12834,313,9427,469,3407,0,0,708,12719,74,75,708,12794,California
Fresno,2021-01-06,986,13820,348,9775,638,4045,0,0,810,13353,176,251,810,13604,California
Fresno,2021-01-07,1895,15715,917,10692,978,5023,0,0,1642,14745,253,504,1645,15249,California
Fresno,2021-01-08,1789,17504,613,11305,1176,6199,0,0,1425,15808,362,866,1425,16674,California
Fresno,2021-01-09,634,18138,388,11693,246,6445,0,0,359,15892,275,1141,359,17033,California
Fresno,2021-01-10,518,18656,488,12181,30,6475,0,0,204,15782,314,1455,204,17237,California
Fresno,2021-01-11,2220,20876,1812,13993,408,6883,0,0,1526,16617,694,2149,1529,18766,California
Fresno,2021-01-12,2529,23405,1830,15823,699,7582,0,0,1678,17444,853,3002,1680,20446,California
Fresno,2021-01-13,3556,26961,2436,18259,1120,8702,0,0,2706,19303,850,3852,2709,23155,California
Fresno,2021-01-14,4138,31099,2183,20442,1955,10657,0,0,3667,22500,470,4322,3667,26822,California
Fresno,2021-01-15,3662,34761,2530,22972,1132,11789,0,0,3304,25450,358,4680,3308,30130,California
Fresno,2021-01-16,3153,37914,2309,25281,844,12633,0,0,2688,27675,464,5144,2689,32819,California
Fresno,2021-01-17,976,38890,555,25836,421,13054,0,0,778,28255,198,5342,778,33597,California
Fresno,2021-01-18,3079,41969,2371,28207,708,13762,0,0,2422,30024,655,5997,2424,36021,California
Fresno,2021-01-19,4406,46375,2620,30827,1786,15548,0,0,3692,33006,714,6711,3696,39717,California
Fresno,2021-01-20,3022,49397,1208,32035,1814,17362,0,0,2709,35407,311,7022,2712,42429,California
Fresno,2021-01-21,4395,53792,2033,34068,2362,19724,0,0,4034,39109,338,7360,4040,46469,California
Fresno,2021-01-22,3313,57105,1349,35417,1964,21688,0,0,2922,41658,374,7734,2923,49392,California
Fresno,2021-01-23,3050,60155,1975,37392,1075,22763,0,0,2327,43268,722,8456,2332,51724,California
Fresno,2021-01-24,559,60714,377,37769,182,22945,0,0,353,43417,206,8662,355,52079,California
Fresno,2021-01-25,2425,63139,866,38635,1559,24504,0,0,1873,44741,552,9214,1876,53955,California
Fresno,2021-01-26,2065,65204,586,39221,1479,25983,0,0,1319,45317,744,9958,1320,55275,California
Fresno,2021-01-27,2319,67523,1158,40379,1161,27144,0,0,1755,46512,563,10521,1758,57033,California
Fresno,2021-01-28,4527,72050,3049,43428,1478,28622,0,0,3475,48941,1049,11570,3478,60511,California
Fresno,2021-01-29,1711,73761,983,44411,728,29350,0,0,1411,50057,296,11866,1412,61923,California
Fresno,2021-01-30,1452,75213,550,44961,902,30252,0,0,1035,50675,417,12283,1035,62958,California
Fresno,2021-01-31,228,75441,219,45180,9,30261,0,0,74,50595,154,12437,74,63032,California
Fresno,2021-02-01,3348,78789,1673,46853,1675,31936,0,0,1787,50831,1560,13997,1796,64828,California
Fresno,2021-02-02,2723,81512,552,47405,2171,34107,0,0,1580,51298,1128,15125,1595,66423,California
Fresno,2021-02-03,3571,85083,2114,49519,1457,35564,0,0,1554,50851,2009,17134,1562,67985,California
Fresno,2021-02-04,4198,89281,1897,51416,2301,37865,0,0,1930,50548,2238,19372,1935,69920,California
Fresno,2021-02-05,5346,94627,2730,54146,2616,40481,0,0,2309,49829,3032,22404,2313,72233,California
Fresno,2021-02-06,2939,97566,2048,56194,891,41372,0,0,974,48844,1960,24364,975,73208,California
Fresno,2021-02-07,466,98032,284,56478,182,41554,0,0,272,48923,193,24557,272,73480,California
Fresno,2021-02-08,4280,102312,2292,58770,1988,43542,0,0,1815,48294,2453,27010,1824,75304,California
Fresno,2021-02-09,5344,107656,2091,60861,3253,46795,0,0,3127,49287,2143,29153,3136,78440,California
Fresno,2021-02-10,3894,111550,1233,62094,2661,49456,0,0,1996,49452,1846,30999,2011,80451,California
Fresno,2021-02-11,6460,118010,2095,64189,4365,53821,0,0,3359,49733,3083,34082,3364,83815,California
Fresno,2021-02-12,5400,123410,1384,65573,4016,57837,0,0,2738,49836,2643,36725,2746,86561,California
Fresno,2021-02-13,3757,127167,1562,67135,2195,60032,0,0,2085,50266,1661,38386,2091,88652,California
Fresno,2021-02-14,1563,128730,283,67418,1280,61312,0,0,838,50381,725,39111,840,89492,California
Fresno,2021-02-15,2895,131625,267,67685,2628,63940,0,0,1791,51076,1100,40211,1795,91287,California
Fresno,2021-02-16,6700,138325,2406,70091,4294,68234,0,0,4247,52893,2436,42647,4253,95540,California
Fresno,2021-02-17,5340,143665,2452,72543,2888,71122,0,0,2991,53584,2304,44951,2995,98535,California
Fresno,2021-02-18,6859,150524,2895,75438,3964,75086,0,0,2586,51952,4229,49180,2597,101132,California
Fresno,2021-02-19,3843,154367,1100,76538,2743,77829,0,0,1825,51774,2006,51186,1828,102960,California
Fresno,2021-02-20,4538,158905,2492,79030,2046,79875,0,0,3054,53356,1478,52664,3060,106020,California
Fresno,2021-02-21,191,159096,172,79202,19,79894,0,0,127,53433,50,52714,127,106147,California
Fresno,2021-02-22,2253,161349,1004,80206,1249,81143,0,0,1238,53668,1005,53719,1240,107387,California
Fresno,2021-02-23,4691,166040,2265,82471,2426,83569,0,0,3814,56619,865,54584,3816,111203,California
Fresno,2021-02-24,4213,170253,1503,83974,2710,86279,0,0,3457,59333,744,55328,3458,114661,California
Fresno,2021-02-25,8711,178964,3736,87710,4975,91254,0,0,7221,65136,1426,56754,7229,121890,California
Fresno,2021-02-26,9021,187985,3702,91412,5319,96573,0,0,7702,71549,1295,58049,7708,129598,California
Fresno,2021-02-27,7293,195278,3161,94573,4131,100704,1,1,6581,77437,696,58745,6584,136182,California
Fresno,2021-02-28,1656,196934,535,95108,1121,101825,0,1,1567,78928,77,58822,1568,137750,California
Fresno,2021-03-01,5084,202018,1310,96418,3774,105599,0,1,3682,81225,1389,60211,3686,141436,California
Fresno,2021-03-02,9872,211890,3384,99802,6488,112087,0,1,8488,88376,1360,61571,8511,149947,California
Fresno,2021-03-03,6954,218844,1704,101506,5249,117336,1,2,5939,93428,1002,62573,6054,156001,California
Fresno,2021-03-04,10453,229297,4119,105625,6334,123670,0,2,8714,100439,1711,64284,8722,164723,California
Fresno,2021-03-05,9255,238552,3634,109259,5619,129289,2,4,8024,107442,1098,65382,8101,172824,California
Fresno,2021-03-06,7011,245563,3949,113208,2944,132233,118,122,6019,112598,985,66367,6141,178965,California
Fresno,2021-03-07,1490,247053,681,113889,773,133006,36,158,1260,113668,227,66594,1297,180262,California
Fresno,2021-03-08,5279,252332,2026,115915,3102,136108,151,309,3988,116538,1280,67874,4150,184412,California
Fresno,2021-03-09,8635,260967,3794,119709,4570,140678,271,580,4654,117539,3960,71834,4961,189373,California
Fresno,2021-03-10,6853,267820,2868,122577,3593,144271,392,972,5385,121866,1459,73293,5786,195159,California
Fresno,2021-03-11,11632,279452,4585,127162,6481,150752,566,1538,6320,123543,5285,78578,6962,202121,California
Fresno,2021-03-12,12089,291541,5142,132304,6494,157246,453,1991,9072,130216,2996,81574,9669,211790,California
Fresno,2021-03-13,8368,299909,4063,136367,3272,160518,1033,3024,4047,131072,4300,85874,5156,216946,California
Fresno,2021-03-14,1770,301679,477,136844,1004,161522,289,3313,670,130942,1088,86962,958,217904,California
Fresno,2021-03-15,7138,308817,3183,140027,3782,165304,173,3486,4950,134079,2173,89135,5310,223214,California
Fresno,2021-03-16,10220,319037,4533,144560,5291,170595,396,3882,5428,135238,4760,93895,5919,229133,California
Fresno,2021-03-17,8677,327714,3934,148494,4052,174647,691,4573,5880,139419,2775,96670,6956,236089,California
Fresno,2021-03-18,12463,340177,6734,155228,5093,179740,636,5209,7070,142207,5343,102013,8131,244220,California
Fresno,2021-03-19,11196,351373,5882,161110,4700,184440,614,5823,6953,145855,4214,106227,7862,252082,California
Fresno,2021-03-20,7611,358984,4606,165716,2693,187133,312,6135,3806,146474,3775,110002,4394,256476,California
Fresno,2021-03-21,1788,360772,1211,166927,204,187337,373,6508,964,146993,819,110821,1338,257814,California
Fresno,2021-03-22,5672,366444,2896,169823,2179,189516,597,7105,3843,149820,1813,112634,4640,262454,California
Fresno,2021-03-23,10566,377010,5250,175073,4819,194335,497,7602,5070,150342,5474,118108,5996,268450,California
Fresno,2021-03-24,8875,385885,3839,178912,4204,198539,832,8434,4981,152352,3856,121964,5866,274316,California
Fresno,2021-03-25,12211,398096,5682,184594,5739,204278,790,9224,4767,150594,7397,129361,5639,279955,California
Fresno,2021-03-26,12246,410342,5457,190051,6142,210420,647,9871,4477,148023,7716,137077,5145,285100,California
Fresno,2021-03-27,9642,419984,4359,194410,4194,214614,1089,10960,2938,145386,6667,143744,4030,289130,California
Fresno,2021-03-28,3406,423390,1317,195727,1400,216014,689,11649,1280,145513,2118,145862,2245,291375,California
Fresno,2021-03-29,6001,429391,2008,197735,3442,219456,551,12200,2895,145893,3077,148939,3457,294832,California
Fresno,2021-03-30,10898,440289,4266,202001,5734,225190,898,13098,3846,143613,7024,155963,4744,299576,California
Fresno,2021-03-31,9704,449993,3389,205390,5327,230517,988,14086,3738,142417,5924,161887,4728,304304,California
Fresno,2021-04-01,12046,462039,4206,209596,6975,237492,865,14951,4023,139351,7920,169807,4854,309158,California
Fresno,2021-04-02,11861,473900,4571,214167,6500,243992,790,15741,4201,136870,7501,177308,5020,314178,California
Fresno,2021-04-03,6418,480318,3539,217706,2622,246614,257,15998,2160,135083,4241,181549,2454,316632,California
Fresno,2021-04-04,1494,481812,536,218242,913,247527,45,16043,548,134739,937,182486,593,317225,California
Fresno,2021-04-05,8345,490157,4477,222719,3066,250593,802,16845,2452,132194,5876,188362,3331,320556,California
Fresno,2021-04-06,9614,499771,4028,226747,4400,254993,1186,18031,3548,130933,6027,194389,4766,325322,California
Fresno,2021-04-07,10459,510230,5340,232087,3912,258905,1207,19238,3544,128857,6871,201260,4795,330117,California
Fresno,2021-04-08,10930,521160,5148,237235,4618,263523,1164,20402,3444,126090,7438,208698,4671,334788,California
Fresno,2021-04-09,11212,532372,5344,242579,4474,267997,1394,21796,3613,123590,7554,216252,5054,339842,California
Fresno,2021-04-10,7897,540269,5168,247747,2207,270204,522,22318,3682,123593,4203,220455,4206,344048,California
Fresno,2021-04-11,1392,541661,930,248677,372,270576,90,22408,443,123185,944,221399,536,344584,California
Fresno,2021-04-12,7185,548846,3771,252448,2488,273064,926,23334,2318,121595,4842,226241,3252,347836,California
Fresno,2021-04-13,8926,557772,4244,256692,4612,277676,70,23404,3463,119796,5429,231670,3630,351466,California
Fresno,2021-04-14,9455,567227,5738,262430,3716,281392,1,23405,3722,117874,5691,237361,3769,355235,California
Fresno,2021-04-15,8390,575617,4183,266613,4204,285596,3,23408,3156,115830,5206,242567,3162,358397,California
Fresno,2021-04-16,9377,584994,4629,271242,4746,290342,2,23410,3871,114239,5469,248036,3878,362275,California
Fresno,2021-04-17,5565,590559,3721,274963,1844,292186,0,23410,2643,113982,2902,250938,2645,364920,California
Fresno,2021-04-18,1029,591588,561,275524,468,292654,0,23410,473,113904,551,251489,473,365393,California
Fresno,2021-04-19,5532,597120,3018,278542,2511,295165,3,23413,2255,112924,3240,254729,2260,367653,California
Fresno,2021-04-20,6952,604072,3436,281978,3508,298673,8,23421,2623,111249,4307,259036,2632,370285,California
Fresno,2021-04-21,6385,610457,3530,285508,2847,301520,8,23429,2666,110241,3686,262722,2678,372963,California
Fresno,2021-04-22,6356,616813,3156,288664,3199,304719,1,23430,2314,108572,3987,266709,2318,375281,California
Fresno,2021-04-23,7106,623919,3823,292487,3265,307984,18,23448,2719,106993,4304,271013,2725,378006,California
Fresno,2021-04-24,4168,628087,2490,294977,1678,309662,0,23448,1922,106682,2233,273246,1922,379928,California
Fresno,2021-04-25,1372,629459,557,295534,813,310475,2,23450,689,106694,678,273924,690,380618,California
Fresno,2021-04-26,3939,633398,1976,297510,1918,312393,45,23495,1673,106176,2235,276159,1717,382335,California
Fresno,2021-04-27,4553,637951,2300,299810,2141,314534,112,23607,1806,105367,2727,278886,1918,384253,California
Fresno,2021-04-28,4714,642665,2623,302433,1962,316496,129,23736,1941,104686,2752,281638,2071,386324,California
Fresno,2021-04-29,4736,647401,2644,305077,1950,318446,142,23878,1763,103647,2942,284580,1903,388227,California
Fresno,2021-04-30,5401,652802,3282,308359,1983,320429,136,24014,2145,102703,3224,287804,2280,390507,California
Fresno,2021-05-01,4188,656990,3469,311828,580,321009,139,24153,1223,101115,2948,290752,1360,391867,California
Fresno,2021-05-02,1241,658231,771,312599,419,321428,51,24204,606,101148,623,291375,656,392523,California
Fresno,2021-05-03,4011,662242,2695,315294,1129,322557,187,24391,1296,99938,2689,294064,1479,394002,California
Fresno,2021-05-04,4831,667073,2502,317796,2177,324734,152,24543,1554,98394,3252,297316,1708,395710,California
Fresno,2021-05-05,4924,671997,2990,320786,1708,326442,226,24769,1549,96815,3351,300667,1772,397482,California
Fresno,2021-05-06,4114,676111,2529,323315,1480,327922,105,24874,1395,95625,2690,303357,1500,398982,California
Fresno,2021-05-07,4997,681108,3284,326599,1548,329470,165,25039,1553,93916,3423,306780,1714,400696,California
Fresno,2021-05-08,3884,684992,2484,329083,1253,330723,147,25186,1168,92535,2697,309477,1316,402012,California
Fresno,2021-05-09,680,685672,350,329433,287,331010,43,25229,338,92579,336,309813,380,402392,California
Fresno,2021-05-10,2949,688621,1581,331014,1227,332237,141,25370,920,91618,2022,311835,1061,403453,California
Fresno,2021-05-11,3613,692234,1842,332856,1681,333918,90,25460,1158,90423,2444,314279,1249,404702,California
Fresno,2021-05-12,3721,695955,2354,335210,1220,335138,147,25607,1343,89559,2355,316634,1491,406193,California
Fresno,2021-05-13,3605,699560,1953,337163,1545,336683,107,25714,1591,89281,1976,318610,1698,407891,California
Fresno,2021-05-14,5032,704592,3031,340194,1813,338496,188,25902,2141,88750,2860,321470,2329,410220,California
Fresno,2021-05-15,3572,708164,2669,342863,774,339270,129,26031,1817,88949,1746,323216,1945,412165,California
Fresno,2021-05-16,1436,709600,943,343806,459,339729,34,26065,803,89158,628,323844,837,413002,California
Fresno,2021-05-17,4107,713707,2755,346561,1190,340919,162,26227,2288,89818,1792,325636,2452,415454,California
Fresno,2021-05-18,4081,717788,2516,349077,1417,342336,148,26375,2132,90170,1926,327562,2278,417732,California
Fresno,2021-05-19,4340,722128,2762,351839,1403,343739,175,26550,2143,90313,2175,329737,2318,420050,California
Fresno,2021-05-20,3493,725621,2011,353850,1299,345038,183,26733,1611,90243,1863,331600,1793,421843,California
Fresno,2021-05-21,3806,729427,2456,356306,1255,346293,95,26828,1701,89958,2080,333680,1795,423638,California
Fresno,2021-05-22,3258,732685,2446,358752,645,346938,167,26995,1911,90701,1334,335014,2077,425715,California
Fresno,2021-05-23,540,733225,352,359104,158,347096,30,27025,298,90794,233,335247,326,426041,California
Fresno,2021-05-24,3173,736398,1989,361093,1067,348163,117,27142,1483,90730,1664,336911,1600,427641,California
Fresno,2021-05-25,3163,739561,1902,362995,1140,349303,121,27263,1366,90433,1785,338696,1488,429129,California
Fresno,2021-05-26,3213,742774,2121,365116,985,350288,107,27370,1638,90623,1552,340248,1742,430871,California
Fresno,2021-05-27,3079,745853,1873,366989,1107,351395,99,27469,1409,90480,1651,341899,1508,432379,California
Fresno,2021-05-28,3306,749159,2121,369110,1094,352489,91,27560,1808,90906,1474,343373,1900,434279,California
Fresno,2021-05-29,2193,751352,1588,370698,536,353025,69,27629,1170,91136,1009,344382,1239,435518,California
Fresno,2021-05-30,857,752209,515,371213,310,353335,32,27661,411,91149,430,344812,443,435961,California
Fresno,2021-05-31,312,752521,162,371375,139,353474,11,27672,129,91110,178,344990,139,436100,California
Fresno,2021-06-01,2750,755271,1573,372948,1098,354572,79,27751,1109,90680,1619,346609,1189,437289,California
Fresno,2021-06-02,1496,756767,962,373910,458,355030,76,27827,520,90321,955,347564,596,437885,California
Glenn,2020-12-17,1,1,1,1,0,0,0,0,1,1,0,0,1,1,California
Glenn,2020-12-19,1,2,1,2,0,0,0,0,1,2,0,0,1,2,California
Glenn,2020-12-20,1,3,1,3,0,0,0,0,1,3,0,0,1,3,California
Glenn,2020-12-21,11,14,11,14,0,0,0,0,11,14,0,0,11,14,California
Glenn,2020-12-22,59,73,59,73,0,0,0,0,59,73,0,0,59,73,California
Glenn,2020-12-23,28,101,28,101,0,0,0,0,28,101,0,0,28,101,California
Glenn,2020-12-24,9,110,9,110,0,0,0,0,9,110,0,0,9,110,California
Glenn,2020-12-26,2,112,2,112,0,0,0,0,2,112,0,0,2,112,California
Glenn,2020-12-27,4,116,4,116,0,0,0,0,4,116,0,0,4,116,California
Glenn,2020-12-28,21,137,21,137,0,0,0,0,21,137,0,0,21,137,California
Glenn,2020-12-29,82,219,82,219,0,0,0,0,82,219,0,0,82,219,California
Glenn,2020-12-30,129,348,106,325,23,23,0,0,129,348,0,0,129,348,California
Glenn,2020-12-31,38,386,9,334,29,52,0,0,38,386,0,0,38,386,California
Glenn,2021-01-02,2,388,2,336,0,52,0,0,2,388,0,0,2,388,California
Glenn,2021-01-04,7,395,5,341,2,54,0,0,7,395,0,0,7,395,California
Glenn,2021-01-05,9,404,8,349,1,55,0,0,9,404,0,0,9,404,California
Glenn,2021-01-06,60,464,8,357,52,107,0,0,60,464,0,0,60,464,California
Glenn,2021-01-07,67,531,12,369,55,162,0,0,65,527,2,2,65,529,California
Glenn,2021-01-08,12,543,9,378,3,165,0,0,12,539,0,2,12,541,California
Glenn,2021-01-10,1,544,1,379,0,165,0,0,0,538,1,3,0,541,California
Glenn,2021-01-11,30,574,30,409,0,165,0,0,12,532,18,21,12,553,California
Glenn,2021-01-12,42,616,37,446,5,170,0,0,14,518,28,49,14,567,California
Glenn,2021-01-13,221,837,156,602,65,235,0,0,177,651,44,93,177,744,California
Glenn,2021-01-14,117,954,28,630,89,324,0,0,107,748,10,103,107,851,California
Glenn,2021-01-15,42,996,35,665,7,331,0,0,37,780,5,108,37,888,California
Glenn,2021-01-16,33,1029,14,679,19,350,0,0,23,793,10,118,23,911,California
Glenn,2021-01-17,4,1033,2,681,2,352,0,0,2,793,2,120,2,913,California
Glenn,2021-01-18,17,1050,16,697,1,353,0,0,9,794,8,128,9,922,California
Glenn,2021-01-19,30,1080,20,717,10,363,0,0,13,790,17,145,13,935,California
Glenn,2021-01-20,163,1243,94,811,69,432,0,0,82,791,81,226,82,1017,California
Glenn,2021-01-21,124,1367,98,909,26,458,0,0,30,727,94,320,30,1047,California
Glenn,2021-01-22,338,1705,64,973,274,732,0,0,331,1051,7,327,331,1378,California
Glenn,2021-01-23,14,1719,7,980,7,739,0,0,12,1061,2,329,12,1390,California
Glenn,2021-01-24,2,1721,2,982,0,739,0,0,2,1063,0,329,2,1392,California
Glenn,2021-01-25,27,1748,9,991,18,757,0,0,24,1084,3,332,24,1416,California
Glenn,2021-01-26,29,1777,13,1004,16,773,0,0,23,1101,6,338,23,1439,California
Glenn,2021-01-27,188,1965,13,1017,175,948,0,0,166,1245,22,360,166,1605,California
Glenn,2021-01-28,146,2111,8,1025,138,1086,0,0,116,1331,30,390,116,1721,California
Glenn,2021-01-29,296,2407,12,1037,284,1370,0,0,282,1599,14,404,282,2003,California
Glenn,2021-01-30,4,2411,0,1037,4,1374,0,0,4,1603,0,404,4,2007,California
Glenn,2021-01-31,1,2412,0,1037,1,1375,0,0,1,1604,0,404,1,2008,California
Glenn,2021-02-01,28,2440,10,1047,18,1393,0,0,16,1608,12,416,16,2024,California
Glenn,2021-02-02,28,2468,13,1060,15,1408,0,0,19,1618,9,425,19,2043,California
Glenn,2021-02-03,274,2742,125,1185,149,1557,0,0,129,1603,145,570,130,2173,California
Glenn,2021-02-04,82,2824,16,1201,66,1623,0,0,27,1575,55,625,27,2200,California
Glenn,2021-02-05,320,3144,25,1226,295,1918,0,0,299,1853,21,646,299,2499,California
Glenn,2021-02-06,14,3158,2,1228,12,1930,0,0,13,1865,1,647,13,2512,California
Glenn,2021-02-07,2,3160,2,1230,0,1930,0,0,2,1867,0,647,2,2514,California
Glenn,2021-02-08,21,3181,17,1247,4,1934,0,0,4,1854,17,664,4,2518,California
Glenn,2021-02-09,49,3230,20,1267,29,1963,0,0,36,1877,13,677,36,2554,California
Glenn,2021-02-10,138,3368,19,1286,119,2082,0,0,65,1869,73,750,65,2619,California
Glenn,2021-02-11,233,3601,133,1419,100,2182,0,0,151,1937,83,833,151,2770,California
Glenn,2021-02-12,420,4021,99,1518,321,2503,0,0,355,2227,65,898,355,3125,California
Glenn,2021-02-13,34,4055,7,1525,27,2530,0,0,16,2225,18,916,16,3141,California
Glenn,2021-02-14,1,4056,0,1525,1,2531,0,0,1,2226,0,916,1,3142,California
Glenn,2021-02-15,8,4064,0,1525,8,2539,0,0,8,2234,0,916,8,3150,California
Glenn,2021-02-16,39,4103,9,1534,30,2569,0,0,21,2237,18,934,21,3171,California
Glenn,2021-02-17,380,4483,14,1548,366,2935,0,0,302,2461,78,1012,302,3473,California
Glenn,2021-02-18,134,4617,99,1647,35,2970,0,0,110,2547,24,1036,110,3583,California
Glenn,2021-02-19,303,4920,17,1664,286,3256,0,0,29,2302,274,1310,29,3612,California
Glenn,2021-02-20,8,4928,0,1664,8,3264,0,0,0,2294,8,1318,0,3612,California
Glenn,2021-02-21,1,4929,1,1665,0,3264,0,0,1,2295,0,1318,1,3613,California
Glenn,2021-02-22,33,4962,14,1679,19,3283,0,0,17,2296,16,1334,17,3630,California
Glenn,2021-02-23,40,5002,10,1689,30,3313,0,0,28,2312,12,1346,28,3658,California
Glenn,2021-02-24,243,5245,37,1726,206,3519,0,0,47,2163,196,1542,47,3705,California
Glenn,2021-02-25,234,5479,120,1846,114,3633,0,0,118,2165,116,1658,118,3823,California
Glenn,2021-02-26,304,5783,24,1870,280,3913,0,0,20,1902,283,1941,20,3843,California
Glenn,2021-02-27,15,5798,5,1875,10,3923,0,0,5,1898,9,1950,5,3848,California
Glenn,2021-02-28,6,5804,3,1878,3,3926,0,0,3,1899,2,1952,3,3851,California
Glenn,2021-03-01,28,5832,6,1884,22,3948,0,0,12,1895,16,1968,12,3863,California
Glenn,2021-03-02,35,5867,7,1891,28,3976,0,0,17,1894,18,1986,17,3880,California
Glenn,2021-03-03,192,6059,37,1928,155,4131,0,0,101,1906,89,2075,101,3981,California
Glenn,2021-03-04,521,6580,175,2103,346,4477,0,0,375,2135,146,2221,375,4356,California
Glenn,2021-03-05,357,6937,49,2152,308,4785,0,0,35,1848,322,2543,35,4391,California
Glenn,2021-03-06,26,6963,3,2155,22,4807,1,1,9,1841,17,2560,10,4401,California
Glenn,2021-03-07,5,6968,0,2155,5,4812,0,1,3,1843,1,2561,3,4404,California
Glenn,2021-03-08,20,6988,2,2157,17,4829,1,2,18,1860,2,2563,19,4423,California
Glenn,2021-03-09,82,7070,11,2168,68,4897,3,5,54,1888,28,2591,56,4479,California
Glenn,2021-03-10,172,7242,69,2237,101,4998,2,7,95,1908,77,2668,97,4576,California
Glenn,2021-03-11,583,7825,169,2406,391,5389,23,30,454,2256,129,2797,477,5053,California
Glenn,2021-03-12,418,8243,14,2420,342,5731,62,92,41,1982,377,3174,103,5156,California
Glenn,2021-03-13,12,8255,1,2421,3,5734,8,100,1,1980,11,3185,9,5165,California
Glenn,2021-03-14,3,8258,1,2422,2,5736,0,100,1,1979,2,3187,1,5166,California
Glenn,2021-03-15,76,8334,15,2437,56,5792,5,105,61,2030,15,3202,66,5232,California
Glenn,2021-03-16,110,8444,34,2471,65,5857,11,116,69,2069,41,3243,80,5312,California
Glenn,2021-03-17,417,8861,97,2568,313,6170,7,123,116,1889,301,3544,121,5433,California
Glenn,2021-03-18,521,9382,215,2783,50,6220,256,379,145,1913,376,3920,400,5833,California
Glenn,2021-03-19,97,9479,16,2799,75,6295,6,385,75,1974,20,3940,81,5914,California
Glenn,2021-03-20,132,9611,2,2801,129,6424,1,386,130,2103,2,3942,131,6045,California
Glenn,2021-03-21,6,9617,5,2806,0,6424,1,387,3,2105,2,3944,4,6049,California
Glenn,2021-03-22,123,9740,54,2860,61,6485,8,395,103,2198,18,3962,111,6160,California
Glenn,2021-03-23,176,9916,66,2926,59,6544,51,446,103,2280,72,4034,154,6314,California
Glenn,2021-03-24,208,10124,100,3026,103,6647,5,451,136,2350,71,4105,141,6455,California
Glenn,2021-03-25,470,10594,229,3255,147,6794,94,545,342,2659,127,4232,436,6891,California
Glenn,2021-03-26,237,10831,37,3292,164,6958,36,581,186,2830,51,4283,222,7113,California
Glenn,2021-03-27,166,10997,22,3314,138,7096,6,587,155,2980,11,4294,161,7274,California
Glenn,2021-03-28,15,11012,10,3324,5,7101,0,587,10,2985,5,4299,10,7284,California
Glenn,2021-03-29,61,11073,20,3344,38,7139,3,590,47,3021,14,4313,50,7334,California
Glenn,2021-03-30,75,11148,43,3387,31,7170,1,591,43,3035,30,4343,44,7378,California
Glenn,2021-03-31,125,11273,35,3422,89,7259,1,592,54,3020,70,4413,55,7433,California
Glenn,2021-04-01,656,11929,189,3611,458,7717,9,601,244,2863,410,4823,253,7686,California
Glenn,2021-04-02,169,12098,26,3637,131,7848,12,613,133,2972,36,4859,145,7831,California
Glenn,2021-04-03,95,12193,4,3641,84,7932,7,620,84,3052,11,4870,91,7922,California
Glenn,2021-04-04,9,12202,3,3644,4,7936,2,622,5,3055,4,4874,7,7929,California
Glenn,2021-04-05,65,12267,25,3669,27,7963,13,635,28,3059,37,4911,41,7970,California
Glenn,2021-04-06,144,12411,52,3721,53,8016,39,674,37,3028,106,5017,75,8045,California
Glenn,2021-04-07,160,12571,46,3767,60,8076,54,728,74,3070,86,5103,128,8173,California
Glenn,2021-04-08,641,13212,189,3956,418,8494,34,762,139,2743,500,5603,173,8346,California
Glenn,2021-04-09,158,13370,57,4013,85,8579,16,778,101,2804,57,5660,118,8464,California
Glenn,2021-04-10,74,13444,1,4014,61,8640,12,790,59,2861,14,5674,71,8535,California
Glenn,2021-04-11,17,13461,8,4022,4,8644,5,795,7,2863,10,5684,12,8547,California
Glenn,2021-04-12,115,13576,25,4047,61,8705,29,824,20,2817,95,5779,49,8596,California
Glenn,2021-04-13,119,13695,63,4110,56,8761,0,824,30,2759,88,5867,30,8626,California
Glenn,2021-04-14,123,13818,47,4157,76,8837,0,824,68,2772,55,5922,68,8694,California
Glenn,2021-04-15,362,14180,275,4432,87,8924,0,824,124,2658,238,6160,124,8818,California
Glenn,2021-04-16,167,14347,42,4474,125,9049,0,824,77,2646,89,6249,77,8895,California
Glenn,2021-04-17,165,14512,18,4492,147,9196,0,824,26,2540,132,6381,26,8921,California
Glenn,2021-04-18,16,14528,3,4495,13,9209,0,824,13,2550,3,6384,13,8934,California
Glenn,2021-04-19,83,14611,17,4512,66,9275,0,824,22,2512,60,6444,22,8956,California
Glenn,2021-04-20,126,14737,82,4594,44,9319,0,824,53,2492,73,6517,53,9009,California
Glenn,2021-04-21,412,15149,309,4903,103,9422,0,824,280,2640,132,6649,280,9289,California
Glenn,2021-04-22,208,15357,48,4951,160,9582,0,824,33,2499,174,6823,33,9322,California
Glenn,2021-04-23,178,15535,24,4975,154,9736,0,824,40,2403,136,6959,40,9362,California
Glenn,2021-04-24,179,15714,32,5007,147,9883,0,824,30,2284,149,7108,30,9392,California
Glenn,2021-04-25,30,15744,18,5025,12,9895,0,824,22,2298,8,7116,22,9414,California
Glenn,2021-04-26,46,15790,11,5036,35,9930,0,824,18,2288,28,7144,18,9432,California
Glenn,2021-04-27,60,15850,47,5083,8,9938,5,829,30,2292,30,7174,34,9466,California
Glenn,2021-04-28,260,16110,182,5265,67,10005,11,840,127,2301,129,7303,138,9604,California
Glenn,2021-04-29,181,16291,22,5287,157,10162,2,842,35,2192,146,7449,37,9641,California
Glenn,2021-04-30,156,16447,35,5322,119,10281,2,844,38,2114,118,7567,40,9681,California
Glenn,2021-05-01,108,16555,13,5335,94,10375,1,845,26,2059,82,7649,27,9708,California
Glenn,2021-05-02,30,16585,12,5347,9,10384,9,854,15,2068,15,7664,24,9732,California
Glenn,2021-05-03,37,16622,23,5370,13,10397,1,855,14,2060,23,7687,15,9747,California
Glenn,2021-05-04,57,16679,33,5403,19,10416,5,860,28,2064,29,7716,33,9780,California
Glenn,2021-05-05,122,16801,35,5438,77,10493,10,870,51,2054,71,7787,61,9841,California
Glenn,2021-05-06,112,16913,41,5479,66,10559,5,875,41,2029,71,7858,46,9887,California
Glenn,2021-05-07,120,17033,33,5512,78,10637,9,884,31,1981,88,7946,40,9927,California
Glenn,2021-05-08,66,17099,12,5524,50,10687,4,888,21,1962,44,7990,25,9952,California
Glenn,2021-05-09,17,17116,11,5535,6,10693,0,888,13,1971,4,7994,13,9965,California
Glenn,2021-05-10,37,17153,15,5550,17,10710,5,893,15,1969,22,8016,20,9985,California
Glenn,2021-05-11,76,17229,53,5603,14,10724,9,902,16,1934,60,8076,25,10010,California
Glenn,2021-05-12,327,17556,246,5849,67,10791,14,916,45,1711,282,8358,59,10069,California
Glenn,2021-05-13,151,17707,56,5905,77,10868,18,934,65,1708,86,8444,83,10152,California
Glenn,2021-05-14,106,17813,25,5930,76,10944,5,939,42,1691,64,8508,47,10199,California
Glenn,2021-05-15,68,17881,40,5970,25,10969,3,942,35,1696,32,8540,37,10236,California
Glenn,2021-05-16,30,17911,18,5988,12,10981,0,942,9,1684,21,8561,9,10245,California
Glenn,2021-05-17,78,17989,53,6041,21,11002,4,946,53,1716,25,8586,57,10302,California
Glenn,2021-05-18,65,18054,47,6088,13,11015,5,951,21,1698,44,8630,26,10328,California
Glenn,2021-05-19,193,18247,112,6200,69,11084,12,963,71,1659,121,8751,82,10410,California
Glenn,2021-05-20,111,18358,70,6270,39,11123,2,965,79,1708,32,8783,81,10491,California
Glenn,2021-05-21,66,18424,23,6293,43,11166,0,965,29,1700,37,8820,29,10520,California
Glenn,2021-05-22,48,18472,17,6310,31,11197,0,965,23,1698,25,8845,23,10543,California
Glenn,2021-05-23,25,18497,14,6324,11,11208,0,965,11,1696,13,8858,11,10554,California
Glenn,2021-05-24,34,18531,12,6336,17,11225,5,970,13,1694,20,8878,18,10572,California
Glenn,2021-05-25,48,18579,37,6373,9,11234,2,972,25,1698,23,8901,27,10599,California
Glenn,2021-05-26,76,18655,14,6387,58,11292,4,976,27,1680,49,8950,31,10630,California
Glenn,2021-05-27,97,18752,62,6449,34,11326,1,977,44,1674,51,9001,45,10675,California
Glenn,2021-05-28,62,18814,19,6468,37,11363,6,983,33,1685,28,9029,39,10714,California
Glenn,2021-05-29,46,18860,10,6478,32,11395,4,987,19,1681,27,9056,23,10737,California
Glenn,2021-05-30,19,18879,10,6488,9,11404,0,987,7,1676,12,9068,7,10744,California
Glenn,2021-05-31,4,18883,0,6488,4,11408,0,987,0,1672,4,9072,0,10744,California
Glenn,2021-06-01,55,18938,28,6516,23,11431,4,991,25,1671,30,9102,29,10773,California
Glenn,2021-06-02,66,19004,26,6542,40,11471,0,991,26,1657,40,9142,26,10799,California
Humboldt,2020-12-15,2,2,2,2,0,0,0,0,2,2,0,0,2,2,California
Humboldt,2020-12-16,16,18,16,18,0,0,0,0,16,18,0,0,16,18,California
Humboldt,2020-12-17,117,135,117,135,0,0,0,0,117,135,0,0,117,135,California
Humboldt,2020-12-18,177,312,177,312,0,0,0,0,177,312,0,0,177,312,California
Humboldt,2020-12-19,10,322,10,322,0,0,0,0,10,322,0,0,10,322,California
Humboldt,2020-12-20,28,350,28,350,0,0,0,0,28,350,0,0,28,350,California
Humboldt,2020-12-21,166,516,166,516,0,0,0,0,166,516,0,0,166,516,California
Humboldt,2020-12-22,297,813,297,813,0,0,0,0,297,813,0,0,297,813,California
Humboldt,2020-12-23,311,1124,263,1076,48,48,0,0,313,1126,0,0,313,1126,California
Humboldt,2020-12-24,25,1149,2,1078,23,71,0,0,25,1151,0,0,25,1151,California
Humboldt,2020-12-25,2,1151,2,1080,0,71,0,0,2,1153,0,0,2,1153,California
Humboldt,2020-12-26,6,1157,5,1085,1,72,0,0,6,1159,0,0,6,1159,California
Humboldt,2020-12-28,160,1317,148,1233,12,84,0,0,160,1319,0,0,160,1319,California
Humboldt,2020-12-29,171,1488,123,1356,48,132,0,0,171,1490,0,0,171,1490,California
Humboldt,2020-12-30,226,1714,124,1480,102,234,0,0,226,1716,0,0,226,1716,California
Humboldt,2020-12-31,241,1955,79,1559,162,396,0,0,241,1957,0,0,241,1957,California
Humboldt,2021-01-01,2,1957,1,1560,1,397,0,0,2,1959,0,0,2,1959,California
Humboldt,2021-01-02,38,1995,1,1561,37,434,0,0,38,1997,0,0,38,1997,California
Humboldt,2021-01-04,218,2213,142,1703,76,510,0,0,220,2217,0,0,220,2217,California
Humboldt,2021-01-05,130,2343,18,1721,112,622,0,0,130,2346,1,1,130,2347,California
Humboldt,2021-01-06,304,2647,205,1926,99,721,0,0,231,2516,61,62,231,2578,California
Humboldt,2021-01-07,423,3070,311,2237,112,833,0,0,309,2726,99,161,309,2887,California
Humboldt,2021-01-08,420,3490,281,2518,139,972,0,0,283,2878,131,292,283,3170,California
Humboldt,2021-01-09,69,3559,45,2563,24,996,0,0,66,2942,3,295,67,3237,California
Humboldt,2021-01-10,84,3643,84,2647,0,996,0,0,4,2866,80,375,4,3241,California
Humboldt,2021-01-11,289,3932,278,2925,11,1007,0,0,72,2725,213,588,72,3313,California
Humboldt,2021-01-12,483,4415,320,3245,163,1170,0,0,299,2862,162,750,299,3612,California
Humboldt,2021-01-13,495,4910,279,3524,216,1386,0,0,317,3005,175,925,318,3930,California
Humboldt,2021-01-14,525,5435,166,3690,359,1745,0,0,469,3419,56,981,470,4400,California
Humboldt,2021-01-15,375,5810,39,3729,336,2081,0,0,358,3760,17,998,358,4758,California
Humboldt,2021-01-16,170,5980,6,3735,164,2245,0,0,169,3928,1,999,169,4927,California
Humboldt,2021-01-17,6,5986,4,3739,2,2247,0,0,6,3934,0,999,6,4933,California
Humboldt,2021-01-18,296,6282,261,4000,35,2282,0,0,146,3930,150,1149,146,5079,California
Humboldt,2021-01-19,634,6916,390,4390,244,2526,0,0,507,4316,121,1270,507,5586,California
Humboldt,2021-01-20,899,7815,387,4777,512,3038,0,0,750,4927,141,1411,752,6338,California
Humboldt,2021-01-21,959,8774,261,5038,698,3736,0,0,917,5802,42,1453,917,7255,California
Humboldt,2021-01-22,676,9450,376,5414,300,4036,0,0,667,6461,9,1462,668,7923,California
Humboldt,2021-01-23,830,10280,273,5687,557,4593,0,0,821,7274,9,1471,822,8745,California
Humboldt,2021-01-24,229,10509,1,5688,228,4821,0,0,228,7501,1,1472,228,8973,California
Humboldt,2021-01-25,305,10814,233,5921,72,4893,0,0,149,7494,156,1628,149,9122,California
Humboldt,2021-01-26,527,11341,142,6063,385,5278,0,0,476,7919,51,1679,476,9598,California
Humboldt,2021-01-27,1260,12601,587,6650,673,5951,0,0,1193,9054,60,1739,1195,10793,California
Humboldt,2021-01-28,1457,14058,634,7284,823,6774,0,0,1320,10242,134,1873,1322,12115,California
Humboldt,2021-01-29,1148,15206,547,7831,601,7375,0,0,705,10505,443,2316,706,12821,California
Humboldt,2021-01-30,974,16180,456,8287,518,7893,0,0,961,11454,13,2329,962,13783,California
Humboldt,2021-01-31,315,16495,313,8600,2,7895,0,0,314,11767,1,2330,314,14097,California
Humboldt,2021-02-01,334,16829,192,8792,142,8037,0,0,187,11808,146,2476,187,14284,California
Humboldt,2021-02-02,445,17274,74,8866,371,8408,0,0,340,12048,102,2578,342,14626,California
Humboldt,2021-02-03,664,17938,258,9124,406,8814,0,0,512,12408,152,2730,512,15138,California
Humboldt,2021-02-04,639,18577,263,9387,376,9190,0,0,441,12654,195,2925,441,15579,California
Humboldt,2021-02-05,812,19389,94,9481,718,9908,0,0,625,13092,187,3112,625,16204,California
Humboldt,2021-02-06,1058,20447,447,9928,611,10519,0,0,1015,14066,42,3154,1016,17220,California
Humboldt,2021-02-07,379,20826,9,9937,370,10889,0,0,374,14437,4,3158,375,17595,California
Humboldt,2021-02-08,325,21151,142,10079,183,11072,0,0,184,14481,140,3298,184,17779,California
Humboldt,2021-02-09,494,21645,220,10299,274,11346,0,0,178,14343,316,3614,178,17957,California
Humboldt,2021-02-10,564,22209,371,10670,193,11539,0,0,234,14252,325,3939,234,18191,California
Humboldt,2021-02-11,1300,23509,396,11066,904,12443,0,0,501,13958,796,4735,502,18693,California
Humboldt,2021-02-12,1149,24658,738,11804,411,12854,0,0,708,14225,441,5176,708,19401,California
Humboldt,2021-02-13,1507,26165,557,12361,950,13804,0,0,916,14552,589,5765,916,20317,California
Humboldt,2021-02-14,112,26277,5,12366,107,13911,0,0,109,14659,2,5767,109,20426,California
Humboldt,2021-02-15,293,26570,78,12444,215,14126,0,0,196,14759,96,5863,196,20622,California
Humboldt,2021-02-16,535,27105,119,12563,416,14542,0,0,254,14733,281,6144,255,20877,California
Humboldt,2021-02-17,450,27555,278,12841,172,14714,0,0,134,14552,315,6459,134,21011,California
Humboldt,2021-02-18,971,28526,596,13437,375,15089,0,0,230,14043,739,7198,230,21241,California
Humboldt,2021-02-19,476,29002,434,13871,42,15131,0,0,89,13748,384,7582,89,21330,California
Humboldt,2021-02-20,1616,30618,988,14859,628,15759,0,0,476,13090,1137,8719,479,21809,California
Humboldt,2021-02-21,479,31097,471,15330,8,15767,0,0,182,12976,297,9016,183,21992,California
Humboldt,2021-02-22,132,31229,92,15422,40,15807,0,0,29,12904,101,9117,29,22021,California
Humboldt,2021-02-23,176,31405,71,15493,105,15912,0,0,41,12812,133,9250,41,22062,California
Humboldt,2021-02-24,1166,32571,706,16199,460,16372,0,0,586,12819,579,9829,586,22648,California
Humboldt,2021-02-25,835,33406,319,16518,516,16888,0,0,231,12448,602,10431,231,22879,California
Humboldt,2021-02-26,2147,35553,106,16624,2041,18929,0,0,448,11204,1693,12124,449,23328,California
Humboldt,2021-02-27,1697,37250,1079,17703,618,19547,0,0,871,11255,824,12948,875,24203,California
Humboldt,2021-02-28,122,37372,10,17713,112,19659,0,0,116,11365,6,12954,116,24319,California
Humboldt,2021-03-01,259,37631,47,17760,212,19871,0,0,184,11474,75,13029,184,24503,California
Humboldt,2021-03-02,293,37924,50,17810,243,20114,0,0,162,11505,131,13160,162,24665,California
Humboldt,2021-03-03,1664,39588,1100,18910,564,20678,0,0,1221,12290,437,13597,1222,25887,California
Humboldt,2021-03-04,904,40492,112,19022,792,21470,0,0,284,11956,620,14217,286,26173,California
Humboldt,2021-03-05,949,41441,188,19210,750,22220,11,11,392,11806,553,14770,403,26576,California
Humboldt,2021-03-06,1769,43210,911,20121,809,23029,49,60,783,11653,985,15755,832,27408,California
Humboldt,2021-03-07,365,43575,296,20417,51,23080,18,78,157,11620,208,15963,175,27583,California
Humboldt,2021-03-08,277,43852,7,20424,192,23272,78,156,183,11787,94,16057,261,27844,California
Humboldt,2021-03-09,493,44345,211,20635,134,23406,148,304,240,11923,251,16308,387,28231,California
Humboldt,2021-03-10,690,45035,466,21101,70,23476,154,458,421,12228,268,16576,573,28804,California
Humboldt,2021-03-11,1466,46501,461,21562,905,24381,100,558,642,12150,819,17395,741,29545,California
Humboldt,2021-03-12,1748,48249,1084,22646,442,24823,222,780,1055,12746,685,18080,1281,30826,California
Humboldt,2021-03-13,1573,49822,1024,23670,497,25320,52,832,676,12584,891,18971,729,31555,California
Humboldt,2021-03-14,143,49965,19,23689,115,25435,9,841,29,12508,114,19085,38,31593,California
Humboldt,2021-03-15,278,50243,51,23740,206,25641,21,862,59,12369,219,19304,80,31673,California
Humboldt,2021-03-16,638,50881,201,23941,176,25817,261,1123,262,12515,375,19679,521,32194,California
Humboldt,2021-03-17,732,51613,396,24337,228,26045,108,1231,340,12572,391,20070,448,32642,California
Humboldt,2021-03-18,1736,53349,1166,25503,527,26572,43,1274,1040,12964,691,20761,1083,33725,California
Humboldt,2021-03-19,1075,54424,60,25563,701,27273,314,1588,440,13085,632,21393,753,34478,California
Humboldt,2021-03-20,1381,55805,754,26317,613,27886,14,1602,424,12569,955,22348,439,34917,California
Humboldt,2021-03-21,249,56054,32,26349,188,28074,29,1631,204,12756,45,22393,232,35149,California
Humboldt,2021-03-22,119,56173,16,26365,53,28127,50,1681,62,12813,55,22448,112,35261,California
Humboldt,2021-03-23,412,56585,42,26407,327,28454,43,1724,319,13084,91,22539,362,35623,California
Humboldt,2021-03-24,1415,58000,389,26796,978,29432,48,1772,1038,13800,369,22908,1085,36708,California
Humboldt,2021-03-25,1836,59836,1210,28006,564,29996,62,1834,947,13922,887,23795,1009,37717,California
Humboldt,2021-03-26,2041,61877,437,28443,1547,31543,57,1891,1594,15131,441,24236,1650,39367,California
Humboldt,2021-03-27,2055,63932,1478,29921,405,31948,172,2063,1094,15441,957,25193,1267,40634,California
Humboldt,2021-03-28,266,64198,81,30002,114,32062,71,2134,83,15413,183,25376,155,40789,California
Humboldt,2021-03-29,472,64670,127,30129,249,32311,96,2230,202,15441,269,25645,297,41086,California
Humboldt,2021-03-30,942,65612,304,30433,524,32835,114,2344,561,15739,376,26021,674,41760,California
Humboldt,2021-03-31,1867,67479,521,30954,1248,34083,98,2442,1411,16797,453,26474,1511,43271,California
Humboldt,2021-04-01,2113,69592,705,31659,1314,35397,94,2536,1482,17750,624,27098,1577,44848,California
Humboldt,2021-04-02,1726,71318,1111,32770,510,35907,105,2641,622,17378,1099,28197,727,45575,California
Humboldt,2021-04-03,1668,72986,1508,34278,145,36052,15,2656,672,17079,986,29183,687,46262,California
Humboldt,2021-04-04,484,73470,371,34649,104,36156,9,2665,405,17415,79,29262,415,46677,California
Humboldt,2021-04-05,776,74246,462,35111,266,36422,48,2713,442,17573,332,29594,490,47167,California
Humboldt,2021-04-06,843,75089,319,35430,390,36812,134,2847,588,18046,249,29843,722,47889,California
Humboldt,2021-04-07,1493,76582,1062,36492,291,37103,140,2987,989,18673,502,30345,1129,49018,California
Humboldt,2021-04-08,1745,78327,1094,37586,493,37596,158,3145,740,18572,1003,31348,902,49920,California
Humboldt,2021-04-09,1442,79769,439,38025,848,38444,155,3300,1154,19586,288,31636,1302,51222,California
Humboldt,2021-04-10,935,80704,138,38163,621,39065,176,3476,734,20295,199,31835,908,52130,California
Humboldt,2021-04-11,641,81345,138,38301,35,39100,468,3944,127,20376,514,32349,595,52725,California
Humboldt,2021-04-12,433,81778,224,38525,84,39184,125,4069,275,20618,158,32507,400,53125,California
Humboldt,2021-04-13,588,82366,322,38847,262,39446,4,4073,552,21140,33,32540,555,53680,California
Humboldt,2021-04-14,1429,83795,1033,39880,396,39842,0,4073,1316,22345,111,32651,1316,54996,California
Humboldt,2021-04-15,1817,85612,1196,41076,617,40459,4,4077,1249,23046,550,33201,1251,56247,California
Humboldt,2021-04-16,1124,86736,520,41596,604,41063,0,4077,538,23002,582,33783,538,56785,California
Humboldt,2021-04-17,1638,88374,1315,42911,323,41386,0,4077,1015,23400,617,34400,1015,57800,California
Humboldt,2021-04-18,661,89035,348,43259,312,41698,1,4078,94,22933,561,34961,94,57894,California
Humboldt,2021-04-19,198,89233,84,43343,114,41812,0,4078,83,22903,113,35074,83,57977,California
Humboldt,2021-04-20,477,89710,129,43472,348,42160,0,4078,231,22889,245,35319,231,58208,California
Humboldt,2021-04-21,1092,90802,382,43854,710,42870,0,4078,431,22670,651,35970,432,58640,California
Humboldt,2021-04-22,877,91679,524,44378,351,43221,2,4080,442,22679,433,36403,442,59082,California
Humboldt,2021-04-23,2157,93836,304,44682,1853,45074,0,4080,312,21150,1841,38244,312,59394,California
Humboldt,2021-04-24,1085,94921,880,45562,200,45274,5,4085,362,20796,721,38965,367,59761,California
Humboldt,2021-04-25,374,95295,239,45801,135,45409,0,4085,190,20805,181,39146,190,59951,California
Humboldt,2021-04-26,307,95602,213,46014,90,45499,4,4089,87,20676,218,39364,89,60040,California
Humboldt,2021-04-27,707,96309,228,46242,460,45959,19,4108,144,20278,561,39925,163,60203,California
Humboldt,2021-04-28,1541,97850,796,47038,700,46659,45,4153,400,19584,1139,41064,445,60648,California
Humboldt,2021-04-29,1726,99576,580,47618,1108,47767,38,4191,281,18462,1441,42505,319,60967,California
Humboldt,2021-04-30,1253,100829,395,48013,824,48591,34,4225,197,17641,1050,43555,229,61196,California
Humboldt,2021-05-01,460,101289,379,48392,59,48650,22,4247,283,17770,176,43731,305,61501,California
Humboldt,2021-05-02,229,101518,183,48575,37,48687,9,4256,113,17778,115,43846,123,61624,California
Humboldt,2021-05-03,611,102129,376,48951,211,48898,24,4280,99,17392,510,44356,124,61748,California
Humboldt,2021-05-04,820,102949,482,49433,292,49190,46,4326,248,17116,569,44925,293,62041,California
Humboldt,2021-05-05,1686,104635,1076,50509,553,49743,57,4383,179,15850,1500,46425,234,62275,California
Humboldt,2021-05-06,1690,106325,1074,51583,364,50107,252,4635,138,14692,1549,47974,391,62666,California
Humboldt,2021-05-07,1423,107748,305,51888,1059,51166,59,4694,238,13804,1183,49157,295,62961,California
Humboldt,2021-05-08,740,108488,146,52034,571,51737,23,4717,91,13271,647,49804,114,63075,California
Humboldt,2021-05-09,907,109395,855,52889,42,51779,10,4727,48,12470,859,50663,58,63133,California
Humboldt,2021-05-10,214,109609,36,52925,140,51919,38,4765,81,12456,133,50796,119,63252,California
Humboldt,2021-05-11,490,110099,147,53072,272,52191,71,4836,184,12405,306,51102,255,63507,California
Humboldt,2021-05-12,577,110676,122,53194,413,52604,42,4878,203,12277,373,51475,245,63752,California
Humboldt,2021-05-13,501,111177,240,53434,236,52840,25,4903,209,12221,290,51765,234,63986,California
Humboldt,2021-05-14,695,111872,140,53574,452,53292,103,5006,231,12093,461,52226,333,64319,California
Humboldt,2021-05-15,780,112652,641,54215,131,53423,8,5014,209,11740,570,52796,217,64536,California
Humboldt,2021-05-16,128,112780,57,54272,67,53490,4,5018,73,11762,55,52851,77,64613,California
Humboldt,2021-05-17,395,113175,213,54485,160,53650,22,5040,220,11830,173,53024,241,64854,California
Humboldt,2021-05-18,659,113834,327,54812,303,53953,29,5069,367,11935,291,53315,396,65250,California
Humboldt,2021-05-19,949,114783,528,55340,378,54331,43,5112,336,11703,609,53924,377,65627,California
Humboldt,2021-05-20,691,115474,517,55857,161,54492,13,5125,516,12061,172,54096,530,66157,California
Humboldt,2021-05-21,769,116243,223,56080,485,54977,61,5186,301,11955,468,54564,362,66519,California
Humboldt,2021-05-22,352,116595,269,56349,75,55052,8,5194,102,11816,249,54813,110,66629,California
Humboldt,2021-05-23,344,116939,297,56646,44,55096,3,5197,58,11591,286,55099,61,66690,California
Humboldt,2021-05-24,309,117248,167,56813,113,55209,29,5226,181,11675,126,55225,210,66900,California
Humboldt,2021-05-25,536,117784,354,57167,158,55367,24,5250,310,11786,223,55448,334,67234,California
Humboldt,2021-05-26,628,118412,312,57479,293,55660,23,5273,303,11787,325,55773,326,67560,California
Humboldt,2021-05-27,448,118860,239,57718,176,55836,33,5306,276,11924,172,55945,309,67869,California
Humboldt,2021-05-28,395,119255,192,57910,159,55995,44,5350,173,11920,221,56166,217,68086,California
Humboldt,2021-05-29,160,119415,97,58007,61,56056,2,5352,93,11948,67,56233,95,68181,California
Humboldt,2021-05-30,102,119517,45,58052,53,56109,4,5356,48,11947,53,56286,52,68233,California
Humboldt,2021-05-31,91,119608,49,58101,36,56145,6,5362,68,11998,22,56308,73,68306,California
Humboldt,2021-06-01,312,119920,197,58298,107,56252,8,5370,136,11966,176,56484,144,68450,California
Humboldt,2021-06-02,334,120254,158,58456,130,56382,46,5416,164,12006,168,56652,208,68658,California
Imperial,2020-12-16,1,1,1,1,0,0,0,0,1,1,0,0,1,1,California
Imperial,2020-12-17,5,6,5,6,0,0,0,0,5,6,0,0,5,6,California
Imperial,2020-12-18,12,18,12,18,0,0,0,0,12,18,0,0,12,18,California
Imperial,2020-12-20,2,20,2,20,0,0,0,0,2,20,0,0,2,20,California
Imperial,2020-12-21,186,206,186,206,0,0,0,0,186,206,0,0,186,206,California
Imperial,2020-12-22,241,447,239,445,2,2,0,0,241,447,0,0,241,447,California
Imperial,2020-12-23,211,658,210,655,1,3,0,0,210,657,0,0,210,657,California
Imperial,2020-12-24,5,663,5,660,0,3,0,0,5,662,0,0,5,662,California
Imperial,2020-12-26,1,664,0,660,1,4,0,0,1,663,0,0,1,663,California
Imperial,2020-12-27,62,726,0,660,62,66,0,0,62,725,0,0,62,725,California
Imperial,2020-12-28,214,940,114,774,100,166,0,0,214,939,0,0,214,939,California
Imperial,2020-12-29,189,1129,36,810,153,319,0,0,189,1128,0,0,189,1128,California
Imperial,2020-12-30,366,1495,50,860,316,635,0,0,366,1494,0,0,366,1494,California
Imperial,2020-12-31,197,1692,26,886,171,806,0,0,197,1691,0,0,197,1691,California
Imperial,2021-01-01,47,1739,5,891,42,848,0,0,47,1738,0,0,47,1738,California
Imperial,2021-01-02,4,1743,0,891,4,852,0,0,4,1742,0,0,4,1742,California
Imperial,2021-01-03,90,1833,0,891,90,942,0,0,90,1832,0,0,90,1832,California
Imperial,2021-01-04,85,1918,5,896,80,1022,0,0,85,1917,0,0,85,1917,California
Imperial,2021-01-05,174,2092,14,910,160,1182,0,0,174,2091,0,0,174,2091,California
Imperial,2021-01-06,190,2282,25,935,165,1347,0,0,189,2279,1,1,189,2280,California
Imperial,2021-01-07,323,2605,11,946,312,1659,0,0,319,2594,4,5,319,2599,California
Imperial,2021-01-08,192,2797,52,998,140,1799,0,0,182,2766,10,15,182,2781,California
Imperial,2021-01-09,24,2821,21,1019,3,1802,0,0,24,2790,0,15,24,2805,California
Imperial,2021-01-10,1,2822,0,1019,1,1803,0,0,1,2791,0,15,1,2806,California
Imperial,2021-01-11,403,3225,244,1263,159,1962,0,0,175,2738,228,243,175,2981,California
Imperial,2021-01-12,405,3630,303,1566,102,2064,0,0,143,2620,261,504,143,3124,California
Imperial,2021-01-13,379,4009,133,1699,246,2310,0,0,280,2801,99,603,280,3404,California
Imperial,2021-01-14,261,4270,151,1850,110,2420,0,0,255,3051,5,608,255,3659,California
Imperial,2021-01-15,241,4511,182,2032,59,2479,0,0,234,3278,7,615,234,3893,California
Imperial,2021-01-16,78,4589,74,2106,4,2483,0,0,77,3354,1,616,77,3970,California
Imperial,2021-01-17,10,4599,2,2108,8,2491,0,0,10,3364,0,616,10,3980,California
Imperial,2021-01-18,1058,5657,399,2507,659,3150,0,0,960,4227,98,714,961,4941,California
Imperial,2021-01-19,165,5822,129,2636,36,3186,0,0,118,4298,47,761,118,5059,California
Imperial,2021-01-20,293,6115,196,2832,97,3283,0,0,255,4515,38,799,255,5314,California
Imperial,2021-01-21,416,6531,183,3015,233,3516,0,0,396,4891,20,819,396,5710,California
Imperial,2021-01-22,457,6988,189,3204,268,3784,0,0,448,5330,9,828,448,6158,California
Imperial,2021-01-23,1040,8028,290,3494,750,4534,0,0,1039,6368,1,829,1039,7197,California
Imperial,2021-01-24,11,8039,4,3498,7,4541,0,0,11,6379,0,829,11,7208,California
Imperial,2021-01-25,214,8253,5,3503,209,4750,0,0,34,6235,178,1007,34,7242,California
Imperial,2021-01-26,364,8617,185,3688,179,4929,0,0,220,6312,143,1150,220,7462,California
Imperial,2021-01-27,570,9187,162,3850,408,5337,0,0,237,6216,333,1483,237,7699,California
Imperial,2021-01-28,635,9822,160,4010,475,5812,0,0,527,6635,108,1591,527,8226,California
Imperial,2021-01-29,425,10247,296,4306,129,5941,0,0,375,6960,50,1641,375,8601,California
Imperial,2021-01-30,56,10303,31,4337,25,5966,0,0,39,6982,17,1658,39,8640,California
Imperial,2021-01-31,17,10320,7,4344,10,5976,0,0,16,6997,1,1659,16,8656,California
Imperial,2021-02-01,422,10742,55,4399,367,6343,0,0,211,6999,209,1868,211,8867,California
Imperial,2021-02-02,685,11427,57,4456,628,6971,0,0,503,7320,182,2050,503,9370,California
Imperial,2021-02-03,459,11886,51,4507,408,7379,0,0,263,7388,195,2245,263,9633,California
Imperial,2021-02-04,1722,13608,1200,5707,522,7901,0,0,1407,8482,313,2558,1407,11040,California
Imperial,2021-02-05,391,13999,243,5950,148,8049,0,0,157,8404,235,2793,157,11197,California
Imperial,2021-02-06,862,14861,837,6787,25,8074,0,0,826,9193,37,2830,826,12023,California
Imperial,2021-02-07,21,14882,9,6796,12,8086,0,0,20,9212,1,2831,20,12043,California
Imperial,2021-02-08,249,15131,42,6838,207,8293,0,0,181,9325,68,2899,181,12224,California
Imperial,2021-02-09,464,15595,147,6985,317,8610,0,0,306,9473,158,3057,306,12530,California
Imperial,2021-02-10,459,16054,56,7041,403,9013,0,0,96,9207,363,3420,97,12627,California
Imperial,2021-02-11,1024,17078,367,7408,657,9670,0,0,146,8480,873,4293,146,12773,California
Imperial,2021-02-12,2131,19209,1410,8818,721,10391,0,0,1781,9909,353,4646,1782,14555,California
Imperial,2021-02-13,47,19256,18,8836,29,10420,0,0,42,9944,8,4654,43,14598,California
Imperial,2021-02-14,24,19280,12,8848,12,10432,0,0,21,9962,3,4657,21,14619,California
Imperial,2021-02-15,95,19375,11,8859,84,10516,0,0,84,10035,11,4668,84,14703,California
Imperial,2021-02-16,514,19889,267,9126,247,10763,0,0,293,10107,221,4889,293,14996,California
Imperial,2021-02-17,439,20328,285,9411,154,10917,0,0,83,9834,356,5245,83,15079,California
Imperial,2021-02-18,646,20974,308,9719,338,11255,0,0,140,9469,505,5750,140,15219,California
Imperial,2021-02-19,770,21744,383,10102,387,11642,0,0,195,9090,574,6324,195,15414,California
Imperial,2021-02-20,1041,22785,191,10293,850,12492,0,0,327,8707,712,7036,329,15743,California
Imperial,2021-02-21,591,23376,557,10850,34,12526,0,0,580,9277,10,7046,580,16323,California
Imperial,2021-02-22,806,24182,567,11417,239,12765,0,0,757,9985,49,7095,757,17080,California
Imperial,2021-02-23,963,25145,395,11812,568,13333,0,0,908,10839,55,7150,909,17989,California
Imperial,2021-02-24,719,25864,302,12114,417,13750,0,0,622,11365,96,7246,622,18611,California
Imperial,2021-02-25,858,26722,341,12455,517,14267,0,0,488,11489,369,7615,493,19104,California
Imperial,2021-02-26,2277,28999,1351,13806,926,15193,0,0,1800,12814,476,8091,1801,20905,California
Imperial,2021-02-27,868,29867,812,14618,56,15249,0,0,132,12209,738,8829,133,21038,California
Imperial,2021-02-28,32,29899,20,14638,12,15261,0,0,22,12221,10,8839,22,21060,California
Imperial,2021-03-01,506,30405,297,14935,206,15467,3,3,437,12596,66,8905,441,21501,California
Imperial,2021-03-02,679,31084,247,15182,432,15899,0,3,388,12697,289,9194,390,21891,California
Imperial,2021-03-03,929,32013,49,15231,878,16777,2,5,559,12901,367,9561,571,22462,California
Imperial,2021-03-04,756,32769,85,15316,670,17447,1,6,493,13163,261,9822,523,22985,California
Imperial,2021-03-05,3028,35797,2201,17517,827,18274,0,6,1688,13510,1343,11165,1690,24675,California
Imperial,2021-03-06,704,36501,238,17755,466,18740,0,6,659,14131,42,11207,663,25338,California
Imperial,2021-03-07,86,36587,41,17796,45,18785,0,6,61,14169,24,11231,62,25400,California
Imperial,2021-03-08,417,37004,332,18128,50,18835,35,41,364,14516,52,11283,399,25799,California
Imperial,2021-03-09,682,37686,311,18439,124,18959,247,288,398,14876,284,11567,644,26443,California
Imperial,2021-03-10,685,38371,313,18752,267,19226,105,393,322,14941,362,11929,427,26870,California
Imperial,2021-03-11,1794,40165,479,19231,1123,20349,192,585,1192,15737,599,12528,1395,28265,California
Imperial,2021-03-12,4736,44901,3441,22672,1108,21457,187,772,3043,17279,1688,14216,3230,31495,California
Imperial,2021-03-13,1157,46058,94,22766,838,22295,225,997,861,18077,293,14509,1091,32586,California
Imperial,2021-03-14,176,46234,36,22802,126,22421,14,1011,140,18196,36,14545,155,32741,California
Imperial,2021-03-15,687,46921,227,23029,201,22622,259,1270,390,18550,295,14840,649,33390,California
Imperial,2021-03-16,1102,48023,275,23304,360,22982,467,1737,551,19018,549,15389,1017,34407,California
Imperial,2021-03-17,1600,49623,692,23996,771,23753,137,1874,1015,19593,578,15967,1153,35560,California
Imperial,2021-03-18,1805,51428,1193,25189,552,24305,60,1934,1271,20395,531,16498,1333,36893,California
Imperial,2021-03-19,3744,55172,2745,27934,995,25300,4,1938,1888,20440,1848,18346,1893,38786,California
Imperial,2021-03-20,1762,56934,553,28487,1204,26504,5,1943,1313,21321,443,18789,1324,40110,California
Imperial,2021-03-21,217,57151,35,28522,178,26682,4,1947,159,21430,58,18847,167,40277,California
Imperial,2021-03-22,1048,58199,340,28862,701,27383,7,1954,623,21638,424,19271,632,40909,California
Imperial,2021-03-23,1423,59622,437,29299,979,28362,7,1961,921,22069,498,19769,929,41838,California
Imperial,2021-03-24,2129,61751,565,29864,1139,29501,425,2386,1152,22671,974,20743,1576,43414,California
Imperial,2021-03-25,3198,64949,690,30554,889,30390,1619,4005,1198,23484,1994,22737,2807,46221,California
Imperial,2021-03-26,3177,68126,1174,31728,1025,31415,978,4983,907,23109,2259,24996,1884,48105,California
Imperial,2021-03-27,614,68740,284,32012,278,31693,52,5035,445,23440,166,25162,497,48602,California
Imperial,2021-03-28,210,68950,51,32063,157,31850,2,5037,171,23575,38,25200,173,48775,California
Imperial,2021-03-29,1456,70406,348,32411,393,32243,715,5752,319,23473,1135,26335,1033,49808,California
Imperial,2021-03-30,2086,72492,686,33097,594,32837,806,6558,684,23562,1402,27737,1491,51299,California
Imperial,2021-03-31,1542,74034,728,33825,808,33645,6,6564,1021,24070,518,28255,1026,52325,California
Imperial,2021-04-01,2031,76065,423,34248,1364,35009,244,6808,872,24033,1153,29408,1116,53441,California
Imperial,2021-04-02,1931,77996,476,34724,1381,36390,74,6882,1318,24816,607,30015,1390,54831,California
Imperial,2021-04-03,1519,79515,430,35154,1010,37400,79,6961,702,24783,814,30829,781,55612,California
Imperial,2021-04-04,85,79600,40,35194,28,37428,17,6978,23,24761,62,30891,40,55652,California
Imperial,2021-04-05,3399,82999,2319,37513,915,38343,165,7143,805,23147,2584,33475,970,56622,California
Imperial,2021-04-06,1309,84308,527,38040,592,38935,190,7333,681,23396,623,34098,872,57494,California
Imperial,2021-04-07,2160,86468,556,38596,1227,40162,377,7710,1559,24728,605,34703,1937,59431,California
Imperial,2021-04-08,2205,88673,1079,39675,829,40991,297,8007,1069,24966,1133,35836,1371,60802,California
Imperial,2021-04-09,3209,91882,1657,41332,931,41922,621,8628,1503,25399,1700,37536,2133,62935,California
Imperial,2021-04-10,1280,93162,185,41517,822,42744,273,8901,215,24822,1063,38599,486,63421,California
Imperial,2021-04-11,219,93381,30,41547,157,42901,32,8933,75,24785,144,38743,107,63528,California
Imperial,2021-04-12,1438,94819,767,42314,450,43351,221,9154,814,25203,619,39362,1037,64565,California
Imperial,2021-04-13,2908,97727,1894,44208,1012,44363,2,9156,2030,26360,874,40236,2031,66596,California
Imperial,2021-04-14,2023,99750,944,45152,1079,45442,0,9156,1391,27125,627,40863,1392,67988,California
Imperial,2021-04-15,1977,101727,908,46060,1069,46511,0,9156,1354,27862,619,41482,1356,69344,California
Imperial,2021-04-16,3443,105170,1795,47855,1648,48159,0,9156,2150,28734,1279,42761,2151,71495,California
Imperial,2021-04-17,1816,106986,933,48788,881,49040,2,9158,1417,29760,394,43155,1420,72915,California
Imperial,2021-04-18,253,107239,71,48859,182,49222,0,9158,88,29685,163,43318,88,73003,California
Imperial,2021-04-19,837,108076,267,49126,570,49792,0,9158,467,29789,367,43685,471,73474,California
Imperial,2021-04-20,1323,109399,528,49654,795,50587,0,9158,740,29950,580,44265,741,74215,California
Imperial,2021-04-21,1373,110772,338,49992,1034,51621,1,9159,797,30177,570,44835,797,75012,California
Imperial,2021-04-22,2225,112997,806,50798,1419,53040,0,9159,1522,31008,693,45528,1524,76536,California
Imperial,2021-04-23,2804,115801,534,51332,2270,55310,0,9159,1083,30405,1690,47218,1087,77623,California
Imperial,2021-04-24,550,116351,326,51658,224,55534,0,9159,200,30258,347,47565,200,77823,California
Imperial,2021-04-25,264,116615,97,51755,167,55701,0,9159,134,30264,128,47693,134,77957,California
Imperial,2021-04-26,1159,117774,460,52215,695,56396,4,9163,685,30484,468,48161,688,78645,California
Imperial,2021-04-27,1055,118829,344,52559,701,57097,10,9173,531,30506,518,48679,540,79185,California
Imperial,2021-04-28,1487,120316,645,53204,813,57910,29,9202,673,30400,808,49487,702,79887,California
Imperial,2021-04-29,1831,122147,857,54061,928,58838,46,9248,811,30247,1011,50498,858,80745,California
Imperial,2021-04-30,3214,125361,1672,55733,1509,60347,33,9281,1568,30215,1634,52132,1602,82347,California
Imperial,2021-05-01,318,125679,125,55858,190,60537,3,9284,161,30223,157,52289,165,82512,California
Imperial,2021-05-02,83,125762,25,55883,56,60593,2,9286,51,30245,32,52321,54,82566,California
Imperial,2021-05-03,1623,127385,542,56425,1033,61626,48,9334,373,29427,1239,53560,421,82987,California
Imperial,2021-05-04,1747,129132,955,57380,765,62391,27,9361,531,28779,1206,54766,558,83545,California
Imperial,2021-05-05,1505,130637,892,58272,592,62983,21,9382,440,28188,1053,55819,462,84007,California
Imperial,2021-05-06,1676,132313,1107,59379,530,63513,39,9421,536,27629,1134,56953,575,84582,California
Imperial,2021-05-07,2416,134729,1344,60723,1027,64540,45,9466,834,26944,1567,58520,882,85464,California
Imperial,2021-05-08,555,135284,416,61139,131,64671,8,9474,160,26724,388,58908,168,85632,California
Imperial,2021-05-09,94,135378,63,61202,30,64701,1,9475,28,26690,63,58971,29,85661,California
Imperial,2021-05-10,1097,136475,280,61482,694,65395,123,9598,325,26372,765,59736,447,86108,California
Imperial,2021-05-11,1439,137914,459,61941,961,66356,19,9617,481,25927,949,60685,504,86612,California
Imperial,2021-05-12,847,138761,269,62210,540,66896,38,9655,298,25717,545,61230,335,86947,California
Imperial,2021-05-13,1575,140336,991,63201,512,67408,72,9727,673,25568,894,62124,745,87692,California
Imperial,2021-05-14,1737,142073,962,64163,717,68125,58,9785,1141,26181,586,62710,1199,88891,California
Imperial,2021-05-15,1212,143285,463,64626,729,68854,20,9805,458,25912,748,63458,479,89370,California
Imperial,2021-05-16,119,143404,80,64706,36,68890,3,9808,47,25891,71,63529,50,89420,California
Imperial,2021-05-17,1891,145295,700,65406,1149,70039,42,9850,679,25406,1207,64736,722,90142,California
Imperial,2021-05-18,1562,146857,788,66194,703,70742,71,9921,860,25641,696,65432,931,91073,California
Imperial,2021-05-19,1263,148120,592,66786,603,71345,68,9989,597,25647,659,66091,665,91738,California
Imperial,2021-05-20,1377,149497,914,67700,397,71742,66,10055,655,25657,712,66803,722,92460,California
Imperial,2021-05-21,1717,151214,1086,68786,570,72312,61,10116,877,25762,833,67636,938,93398,California
Imperial,2021-05-22,244,151458,163,68949,64,72376,17,10133,129,25797,111,67747,146,93544,California
Imperial,2021-05-23,68,151526,21,68970,39,72415,8,10141,23,25786,42,67789,31,93575,California
Imperial,2021-05-24,1218,152744,595,69565,570,72985,53,10194,498,25624,713,68502,551,94126,California
Imperial,2021-05-25,1312,154056,437,70002,842,73827,33,10227,483,25318,822,69324,516,94642,California
Imperial,2021-05-26,931,154987,490,70492,399,74226,42,10269,401,25235,525,69849,442,95084,California
Imperial,2021-05-27,1280,156267,698,71190,515,74741,67,10336,620,25268,654,70503,687,95771,California
Imperial,2021-05-28,961,157228,544,71734,353,75094,64,10400,360,25097,595,71098,424,96195,California
Imperial,2021-05-29,209,157437,113,71847,89,75183,7,10407,99,25094,109,71207,106,96301,California
Imperial,2021-05-30,95,157532,28,71875,65,75248,2,10409,64,25129,31,71238,66,96367,California
Imperial,2021-05-31,73,157605,18,71893,51,75299,4,10413,33,25126,40,71278,37,96404,California
Imperial,2021-06-01,936,158541,444,72337,434,75733,58,10471,365,24985,564,71842,423,96827,California
Imperial,2021-06-02,772,159313,431,72768,275,76008,66,10537,372,25027,396,72238,438,97265,California
Inyo,2020-12-19,85,85,85,85,0,0,0,0,85,85,0,0,85,85,California
Inyo,2020-12-20,58,143,58,143,0,0,0,0,58,143,0,0,58,143,California
Inyo,2020-12-21,88,231,85,228,3,3,0,0,88,231,0,0,88,231,California
Inyo,2020-12-22,105,336,105,333,0,3,0,0,105,336,0,0,105,336,California
Inyo,2020-12-23,70,406,67,400,3,6,0,0,70,406,0,0,70,406,California
Inyo,2020-12-24,16,422,16,416,0,6,0,0,16,422,0,0,16,422,California
Inyo,2020-12-25,1,423,0,416,1,7,0,0,1,423,0,0,1,423,California
Inyo,2020-12-26,74,497,74,490,0,7,0,0,74,497,0,0,74,497,California
Inyo,2020-12-28,48,545,36,526,12,19,0,0,48,545,0,0,48,545,California
Inyo,2020-12-29,19,564,19,545,0,19,0,0,19,564,0,0,19,564,California
Inyo,2020-12-30,56,620,54,599,2,21,0,0,56,620,0,0,56,620,California
Inyo,2020-12-31,29,649,0,599,29,50,0,0,29,649,0,0,29,649,California
Inyo,2021-01-01,1,650,0,599,1,51,0,0,1,650,0,0,1,650,California
Inyo,2021-01-03,1,651,0,599,1,52,0,0,1,651,0,0,1,651,California
Inyo,2021-01-04,2,653,1,600,1,53,0,0,2,653,0,0,2,653,California
Inyo,2021-01-05,34,687,0,600,34,87,0,0,34,687,0,0,34,687,California
Inyo,2021-01-06,68,755,0,600,68,155,0,0,68,755,0,0,68,755,California
Inyo,2021-01-07,31,786,1,601,30,185,0,0,31,786,0,0,31,786,California
Inyo,2021-01-08,9,795,8,609,1,186,0,0,4,786,5,5,5,791,California
Inyo,2021-01-09,87,882,86,695,1,187,0,0,1,701,86,91,1,792,California
Inyo,2021-01-10,52,934,52,747,0,187,0,0,0,649,52,143,0,792,California
Inyo,2021-01-11,97,1031,82,829,15,202,0,0,16,584,81,224,16,808,California
Inyo,2021-01-12,139,1170,118,947,21,223,0,0,28,501,111,335,28,836,California
Inyo,2021-01-13,86,1256,68,1015,18,241,0,0,21,458,65,400,22,858,California
Inyo,2021-01-14,59,1315,13,1028,46,287,0,0,49,497,10,410,49,907,California
Inyo,2021-01-15,163,1478,28,1056,135,422,0,0,163,660,0,410,163,1070,California
Inyo,2021-01-16,74,1552,73,1129,1,423,0,0,1,588,73,483,1,1071,California
Inyo,2021-01-18,58,1610,36,1165,22,445,0,0,19,568,39,522,19,1090,California
Inyo,2021-01-19,114,1724,72,1237,42,487,0,0,97,648,17,539,97,1187,California
Inyo,2021-01-20,147,1871,71,1308,76,563,0,0,93,687,54,593,93,1280,California
Inyo,2021-01-21,120,1991,57,1365,63,626,0,0,119,805,1,594,119,1399,California
Inyo,2021-01-22,62,2053,0,1365,62,688,0,0,61,865,1,595,61,1460,California
Inyo,2021-01-23,52,2105,52,1417,0,688,0,0,52,917,0,595,52,1512,California
Inyo,2021-01-25,49,2154,6,1423,43,731,0,0,37,942,12,607,37,1549,California
Inyo,2021-01-26,135,2289,54,1477,81,812,0,0,129,1065,6,613,129,1678,California
Inyo,2021-01-27,24,2313,2,1479,22,834,0,0,23,1087,1,614,23,1701,California
Inyo,2021-01-28,92,2405,2,1481,90,924,0,0,63,1121,29,643,63,1764,California
Inyo,2021-01-29,25,2430,3,1484,22,946,0,0,23,1142,2,645,23,1787,California
Inyo,2021-01-30,11,2441,1,1485,10,956,0,0,11,1153,0,645,11,1798,California
Inyo,2021-01-31,32,2473,4,1489,28,984,0,0,4,1129,28,673,4,1802,California
Inyo,2021-02-01,10,2483,9,1498,1,985,0,0,0,1119,10,683,0,1802,California
Inyo,2021-02-02,130,2613,14,1512,116,1101,0,0,104,1197,26,709,104,1906,California
Inyo,2021-02-03,116,2729,0,1512,116,1217,0,0,74,1229,42,751,74,1980,California
Inyo,2021-02-04,151,2880,33,1545,118,1335,0,0,92,1262,59,810,92,2072,California
Inyo,2021-02-05,117,2997,61,1606,56,1391,0,0,115,1375,2,812,115,2187,California
Inyo,2021-02-06,4,3001,2,1608,2,1393,0,0,3,1377,1,813,3,2190,California
Inyo,2021-02-07,4,3005,2,1610,2,1395,0,0,4,1381,0,813,4,2194,California
Inyo,2021-02-08,117,3122,7,1617,110,1505,0,0,97,1458,20,833,97,2291,California
Inyo,2021-02-09,196,3318,52,1669,144,1649,0,0,125,1512,71,904,125,2416,California
Inyo,2021-02-10,141,3459,17,1686,124,1773,0,0,107,1585,34,938,107,2523,California
Inyo,2021-02-11,220,3679,56,1742,164,1937,0,0,126,1617,94,1032,126,2649,California
Inyo,2021-02-12,299,3978,51,1793,248,2185,0,0,167,1652,132,1164,167,2816,California
Inyo,2021-02-13,60,4038,55,1848,5,2190,0,0,8,1608,52,1216,8,2824,California
Inyo,2021-02-14,1,4039,0,1848,1,2191,0,0,1,1609,0,1216,1,2825,California
Inyo,2021-02-15,29,4068,9,1857,20,2211,0,0,5,1590,24,1240,5,2830,California
Inyo,2021-02-16,179,4247,50,1907,129,2340,0,0,92,1596,86,1326,92,2922,California
Inyo,2021-02-17,38,4285,4,1911,34,2374,0,0,8,1574,30,1356,8,2930,California
Inyo,2021-02-18,122,4407,6,1917,116,2490,0,0,79,1610,43,1399,79,3009,California
Inyo,2021-02-19,52,4459,4,1921,48,2538,0,0,9,1576,43,1442,9,3018,California
Inyo,2021-02-20,507,4966,503,2424,4,2542,0,0,505,2079,2,1444,505,3523,California
Inyo,2021-02-21,441,5407,441,2865,0,2542,0,0,441,2520,0,1444,441,3964,California
Inyo,2021-02-22,61,5468,19,2884,42,2584,0,0,27,2513,34,1478,27,3991,California
Inyo,2021-02-23,199,5667,20,2904,179,2763,0,0,95,2505,103,1581,95,4086,California
Inyo,2021-02-24,118,5785,0,2904,118,2881,0,0,57,2501,61,1642,57,4143,California
Inyo,2021-02-25,132,5917,5,2909,127,3008,0,0,62,2493,70,1712,62,4205,California
Inyo,2021-02-26,103,6020,60,2969,43,3051,0,0,19,2428,84,1796,19,4224,California
Inyo,2021-02-27,14,6034,3,2972,11,3062,0,0,2,2418,12,1808,2,4226,California
Inyo,2021-02-28,3,6037,1,2973,2,3064,0,0,2,2419,1,1809,2,4228,California
Inyo,2021-03-01,19,6056,2,2975,17,3081,0,0,17,2434,2,1811,17,4245,California
Inyo,2021-03-02,196,6252,1,2976,195,3276,0,0,111,2460,85,1896,111,4356,California
Inyo,2021-03-03,84,6336,3,2979,81,3357,0,0,41,2458,43,1939,41,4397,California
Inyo,2021-03-04,128,6464,4,2983,124,3481,0,0,46,2422,82,2021,46,4443,California
Inyo,2021-03-05,141,6605,56,3039,85,3566,0,0,38,2357,103,2124,38,4481,California
Inyo,2021-03-06,30,6635,1,3040,29,3595,0,0,29,2385,1,2125,29,4510,California
Inyo,2021-03-07,7,6642,4,3044,3,3598,0,0,5,2388,2,2127,5,4515,California
Inyo,2021-03-08,182,6824,5,3049,177,3775,0,0,91,2388,91,2218,91,4606,California
Inyo,2021-03-09,190,7014,3,3052,187,3962,0,0,74,2346,116,2334,74,4680,California
Inyo,2021-03-10,70,7084,8,3060,61,4023,1,1,30,2337,40,2374,31,4711,California
Inyo,2021-03-11,204,7288,1,3061,198,4221,5,6,74,2286,130,2504,79,4790,California
Inyo,2021-03-12,176,7464,4,3065,167,4388,5,11,78,2271,98,2602,83,4873,California
Inyo,2021-03-13,584,8048,549,3614,25,4413,10,21,72,1842,511,3113,82,4955,California
Inyo,2021-03-14,439,8487,438,4052,1,4414,0,21,5,1413,434,3547,5,4960,California
Inyo,2021-03-15,51,8538,15,4067,34,4448,2,23,30,1424,21,3568,32,4992,California
Inyo,2021-03-16,164,8702,4,4071,154,4602,6,29,64,1395,99,3667,70,5062,California
Inyo,2021-03-17,108,8810,3,4074,98,4700,7,36,92,1478,16,3683,99,5161,California
Inyo,2021-03-18,185,8995,16,4090,162,4862,7,43,104,1508,81,3764,111,5272,California
Inyo,2021-03-19,46,9041,4,4094,38,4900,4,47,36,1538,10,3774,40,5312,California
Inyo,2021-03-20,20,9061,1,4095,10,4910,9,56,1,1529,19,3793,10,5322,California
Inyo,2021-03-22,58,9119,2,4097,51,4961,5,61,38,1552,20,3813,43,5365,California
Inyo,2021-03-23,195,9314,4,4101,187,5148,4,65,105,1571,90,3903,109,5474,California
Inyo,2021-03-24,140,9454,3,4104,133,5281,4,69,86,1607,54,3957,90,5564,California
Inyo,2021-03-25,331,9785,110,4214,218,5499,3,72,265,1809,66,4023,268,5832,California
Inyo,2021-03-26,91,9876,3,4217,84,5583,4,76,71,1864,20,4043,75,5907,California
Inyo,2021-03-27,53,9929,45,4262,5,5588,3,79,47,1908,6,4049,50,5957,California
Inyo,2021-03-28,4,9933,1,4263,2,5590,1,80,1,1907,3,4052,2,5959,California
Inyo,2021-03-29,109,10042,2,4265,102,5692,5,85,82,1968,26,4078,87,6046,California
Inyo,2021-03-30,220,10262,2,4267,213,5905,5,90,108,1969,112,4190,113,6159,California
Inyo,2021-03-31,150,10412,4,4271,141,6046,5,95,109,2042,41,4231,114,6273,California
Inyo,2021-04-01,166,10578,4,4275,161,6207,1,96,117,2111,49,4280,118,6391,California
Inyo,2021-04-02,80,10658,1,4276,77,6284,2,98,51,2135,29,4309,53,6444,California
Inyo,2021-04-03,93,10751,47,4323,32,6316,14,112,5,2067,86,4395,18,6462,California
Inyo,2021-04-04,5,10756,4,4327,0,6316,1,113,1,2065,4,4399,2,6464,California
Inyo,2021-04-05,117,10873,1,4328,112,6428,4,117,29,2010,88,4487,33,6497,California
Inyo,2021-04-06,235,11108,5,4333,167,6595,63,180,103,2044,132,4619,166,6663,California
Inyo,2021-04-07,204,11312,2,4335,75,6670,127,307,47,2061,158,4777,175,6838,California
Inyo,2021-04-08,180,11492,15,4350,148,6818,17,324,80,2058,100,4877,97,6935,California
Inyo,2021-04-09,126,11618,7,4357,96,6914,23,347,37,2031,88,4965,61,6996,California
Inyo,2021-04-10,42,11660,1,4358,24,6938,17,364,3,2012,39,5004,20,7016,California
Inyo,2021-04-11,1,11661,0,4358,1,6939,0,364,1,2013,0,5004,1,7017,California
Inyo,2021-04-12,79,11740,0,4358,74,7013,5,369,41,2021,38,5042,46,7063,California
Inyo,2021-04-13,121,11861,4,4362,114,7127,3,372,62,2028,58,5100,65,7128,California
Inyo,2021-04-14,127,11988,2,4364,125,7252,0,372,42,1985,85,5185,42,7170,California
Inyo,2021-04-15,275,12263,117,4481,158,7410,0,372,79,1868,196,5381,79,7249,California
Inyo,2021-04-16,47,12310,5,4486,42,7452,0,372,19,1859,28,5409,19,7268,California
Inyo,2021-04-17,2,12312,1,4487,1,7453,0,372,1,1859,1,5410,1,7269,California
Inyo,2021-04-19,128,12440,43,4530,85,7538,0,372,43,1817,85,5495,43,7312,California
Inyo,2021-04-20,163,12603,2,4532,161,7699,0,372,79,1812,84,5579,79,7391,California
Inyo,2021-04-21,113,12716,4,4536,109,7808,0,372,32,1763,81,5660,32,7423,California
Inyo,2021-04-22,196,12912,1,4537,195,8003,0,372,51,1669,145,5805,51,7474,California
Inyo,2021-04-23,95,13007,4,4541,91,8094,0,372,22,1618,73,5878,22,7496,California
Inyo,2021-04-24,309,13316,308,4849,1,8095,0,372,304,1917,5,5883,304,7800,California
Inyo,2021-04-25,135,13451,134,4983,1,8096,0,372,135,2052,0,5883,135,7935,California
Inyo,2021-04-26,91,13542,0,4983,90,8186,1,373,10,1982,81,5964,11,7946,California
Inyo,2021-04-27,181,13723,6,4989,170,8356,5,378,44,1895,136,6100,49,7995,California
Inyo,2021-04-28,122,13845,2,4991,118,8474,2,380,20,1815,102,6202,22,8017,California
Inyo,2021-04-29,172,14017,56,5047,116,8590,0,380,77,1798,94,6296,77,8094,California
Inyo,2021-04-30,85,14102,5,5052,79,8669,1,381,24,1762,61,6357,25,8119,California
Inyo,2021-05-01,11,14113,3,5055,8,8677,0,381,9,1769,2,6359,9,8128,California
Inyo,2021-05-02,7,14120,3,5058,2,8679,2,383,4,1772,3,6362,6,8134,California
Inyo,2021-05-03,38,14158,1,5059,33,8712,4,387,5,1748,33,6395,9,8143,California
Inyo,2021-05-04,123,14281,2,5061,117,8829,4,391,22,1673,101,6496,26,8169,California
Inyo,2021-05-05,35,14316,0,5061,33,8862,2,393,11,1662,24,6520,13,8182,California
Inyo,2021-05-06,93,14409,5,5066,80,8942,8,401,13,1603,80,6600,21,8203,California
Inyo,2021-05-07,49,14458,4,5070,37,8979,8,409,24,1611,24,6624,32,8235,California
Inyo,2021-05-08,11,14469,2,5072,4,8983,5,414,4,1613,7,6631,9,8244,California
Inyo,2021-05-09,1,14470,0,5072,1,8984,0,414,0,1612,1,6632,0,8244,California
Inyo,2021-05-10,69,14539,1,5073,66,9050,2,416,30,1606,39,6671,33,8277,California
Inyo,2021-05-11,87,14626,1,5074,83,9133,3,419,20,1562,67,6738,23,8300,California
Inyo,2021-05-12,43,14669,1,5075,40,9173,2,421,11,1543,32,6770,13,8313,California
Inyo,2021-05-13,74,14743,1,5076,72,9245,1,422,11,1492,63,6833,12,8325,California
Inyo,2021-05-14,26,14769,3,5079,18,9263,5,427,12,1495,14,6847,17,8342,California
Inyo,2021-05-15,380,15149,367,5446,11,9274,2,429,87,1291,293,7140,89,8431,California
Inyo,2021-05-16,198,15347,198,5644,0,9274,0,429,71,1235,127,7267,71,8502,California
Inyo,2021-05-17,62,15409,2,5646,56,9330,4,433,19,1215,43,7310,23,8525,California
Inyo,2021-05-18,83,15492,2,5648,80,9410,1,434,17,1167,66,7376,18,8543,California
Inyo,2021-05-19,48,15540,2,5650,41,9451,5,439,14,1152,34,7410,19,8562,California
Inyo,2021-05-20,144,15684,81,5731,62,9513,1,440,34,1077,110,7520,35,8597,California
Inyo,2021-05-21,46,15730,17,5748,24,9537,5,445,17,1070,29,7549,22,8619,California
Inyo,2021-05-22,24,15754,14,5762,7,9544,3,448,17,1083,7,7556,20,8639,California
Inyo,2021-05-23,4,15758,3,5765,0,9544,1,449,2,1084,2,7558,3,8642,California
Inyo,2021-05-24,33,15791,5,5770,25,9569,3,452,13,1080,20,7578,16,8658,California
Inyo,2021-05-25,83,15874,40,5810,42,9611,1,453,49,1096,34,7612,50,8708,California
Inyo,2021-05-26,35,15909,7,5817,25,9636,3,456,11,1086,23,7635,13,8721,California
Inyo,2021-05-27,36,15945,8,5825,20,9656,8,464,10,1078,26,7661,18,8739,California
Inyo,2021-05-28,25,15970,6,5831,14,9670,5,469,8,1074,17,7678,13,8752,California
Inyo,2021-05-29,16,15986,5,5836,11,9681,0,469,8,1074,8,7686,8,8760,California
Inyo,2021-05-30,2,15988,0,5836,2,9683,0,469,0,1072,2,7688,0,8760,California
Inyo,2021-06-01,52,16040,16,5852,30,9713,6,475,22,1070,30,7718,28,8788,California
Inyo,2021-06-02,2,16042,1,5853,0,9713,1,476,1,1071,1,7719,2,8790,California
Kern,2020-12-15,1,1,1,1,0,0,0,0,1,1,0,0,1,1,California
Kern,2020-12-16,18,19,18,19,0,0,0,0,18,19,0,0,18,19,California
Kern,2020-12-17,164,183,164,183,0,0,0,0,164,183,0,0,164,183,California
Kern,2020-12-18,322,505,322,505,0,0,0,0,322,505,0,0,322,505,California
Kern,2020-12-19,98,603,98,603,0,0,0,0,99,604,0,0,99,604,California
Kern,2020-12-20,61,664,61,664,0,0,0,0,61,665,0,0,61,665,California
Kern,2020-12-21,671,1335,670,1334,1,1,0,0,671,1336,0,0,671,1336,California
Kern,2020-12-22,530,1865,527,1861,3,4,0,0,530,1866,0,0,530,1866,California
Kern,2020-12-23,558,2423,420,2281,138,142,0,0,558,2424,0,0,558,2424,California
Kern,2020-12-24,123,2546,44,2325,79,221,0,0,123,2547,0,0,123,2547,California
Kern,2020-12-25,1,2547,1,2326,0,221,0,0,1,2548,0,0,1,2548,California
Kern,2020-12-26,33,2580,1,2327,32,253,0,0,33,2581,0,0,33,2581,California
Kern,2020-12-27,35,2615,3,2330,32,285,0,0,35,2616,0,0,35,2616,California
Kern,2020-12-28,828,3443,664,2994,164,449,0,0,828,3444,0,0,828,3444,California
Kern,2020-12-29,745,4188,452,3446,293,742,0,0,744,4187,1,1,744,4188,California
Kern,2020-12-30,1204,5392,911,4357,293,1035,0,0,1204,5391,0,1,1204,5392,California
Kern,2020-12-31,277,5669,99,4456,178,1213,0,0,277,5668,0,1,277,5669,California
Kern,2021-01-01,16,5685,9,4465,7,1220,0,0,16,5684,0,1,16,5685,California
Kern,2021-01-02,79,5764,18,4483,61,1281,0,0,79,5763,0,1,79,5764,California
Kern,2021-01-03,23,5787,4,4487,19,1300,0,0,23,5786,0,1,23,5787,California
Kern,2021-01-04,556,6343,361,4848,195,1495,0,0,556,6342,0,1,556,6343,California
Kern,2021-01-05,1133,7476,738,5586,395,1890,0,0,1121,7451,12,13,1121,7464,California
Kern,2021-01-06,1162,8638,451,6037,711,2601,0,0,1132,8553,30,43,1132,8596,California
Kern,2021-01-07,1401,10039,489,6526,912,3513,0,0,1232,9617,168,211,1232,9828,California
Kern,2021-01-08,1627,11666,768,7294,859,4372,0,0,1329,10648,299,510,1330,11158,California
Kern,2021-01-09,227,11893,77,7371,150,4522,0,0,193,10807,34,544,193,11351,California
Kern,2021-01-10,194,12087,148,7519,46,4568,0,0,153,10919,41,585,153,11504,California
Kern,2021-01-11,1557,13644,985,8504,572,5140,0,0,1001,11364,556,1141,1001,12505,California
Kern,2021-01-12,1869,15513,811,9315,1058,6198,0,0,1358,12211,511,1652,1358,13863,California
Kern,2021-01-13,1851,17364,869,10184,982,7180,0,0,1431,13222,420,2072,1431,15294,California
Kern,2021-01-14,2187,19551,646,10830,1541,8721,0,0,2142,15318,46,2118,2142,17436,California
Kern,2021-01-15,2709,22260,857,11687,1852,10573,0,0,2612,17836,95,2213,2613,20049,California
Kern,2021-01-16,670,22930,211,11898,459,11032,0,0,635,18436,35,2248,635,20684,California
Kern,2021-01-17,73,23003,7,11905,66,11098,0,0,71,18505,2,2250,71,20755,California
Kern,2021-01-18,1647,24650,660,12565,987,12085,0,0,1480,19818,167,2417,1480,22235,California
Kern,2021-01-19,1855,26505,1034,13599,821,12906,0,0,1388,20740,467,2884,1389,23624,California
Kern,2021-01-20,2615,29120,1680,15279,935,13841,0,0,1912,21956,698,3582,1914,25538,California
Kern,2021-01-21,2116,31236,869,16148,1247,15088,0,0,1920,23681,195,3777,1920,27458,California
Kern,2021-01-22,2716,33952,1299,17447,1417,16505,0,0,2438,25842,277,4054,2438,29896,California
Kern,2021-01-23,1251,35203,542,17989,709,17214,0,0,1205,27001,46,4100,1205,31101,California
Kern,2021-01-24,154,35357,12,18001,142,17356,0,0,148,27143,6,4106,148,31249,California
Kern,2021-01-25,2386,37743,1086,19087,1300,18656,0,0,1901,28561,484,4590,1902,33151,California
Kern,2021-01-26,2773,40516,1128,20215,1645,20301,0,0,1913,29615,859,5449,1913,35064,California
Kern,2021-01-27,3562,44078,1905,22120,1657,21958,0,0,2861,31778,698,6147,2861,37925,California
Kern,2021-01-28,2874,46952,1358,23478,1516,23474,0,0,2443,33798,426,6573,2446,40371,California
Kern,2021-01-29,3784,50736,1802,25280,1982,25456,0,0,3238,36493,543,7116,3238,43609,California
Kern,2021-01-30,1329,52065,498,25778,831,26287,0,0,1279,37724,48,7164,1279,44888,California
Kern,2021-01-31,405,52470,277,26055,128,26415,0,0,270,37859,135,7299,270,45158,California
Kern,2021-02-01,2600,55070,992,27047,1608,28023,0,0,1886,39035,711,8010,1887,47045,California
Kern,2021-02-02,2752,57822,798,27845,1954,29977,0,0,2049,40382,703,8713,2050,49095,California
Kern,2021-02-03,3666,61488,1553,29398,2113,32090,0,0,2697,42117,962,9675,2697,51792,California
Kern,2021-02-04,3802,65290,1452,30850,2350,34440,0,0,2586,43497,1206,10881,2586,54378,California
Kern,2021-02-05,4856,70146,1990,32840,2866,37306,0,0,3095,44850,1742,12623,3095,57473,California
Kern,2021-02-06,1739,71885,769,33609,970,38276,0,0,1513,46140,223,12846,1513,58986,California
Kern,2021-02-07,283,72168,150,33759,133,38409,0,0,267,46393,14,12860,267,59253,California
Kern,2021-02-08,2572,74740,790,34549,1782,40191,0,0,1258,46357,1296,14156,1260,60513,California
Kern,2021-02-09,3038,77778,986,35535,2052,42243,0,0,1465,46258,1564,15720,1465,61978,California
Kern,2021-02-10,3793,81571,1661,37196,2132,44375,0,0,1873,46228,1904,17624,1874,63852,California
Kern,2021-02-11,4269,85840,1537,38733,2732,47107,0,0,2224,46421,2032,19656,2225,66077,California
Kern,2021-02-12,4958,90798,1894,40627,3064,50171,0,0,2478,46433,2466,22122,2478,68555,California
Kern,2021-02-13,2012,92810,729,41356,1283,51454,0,0,1165,46753,845,22967,1165,69720,California
Kern,2021-02-14,351,93161,12,41368,339,51793,0,0,269,46941,81,23048,269,69989,California
Kern,2021-02-15,2745,95906,896,42264,1849,53642,0,0,1212,46629,1524,24572,1212,71201,California
Kern,2021-02-16,2939,98845,712,42976,2227,55869,0,0,1649,46998,1281,25853,1650,72851,California
Kern,2021-02-17,4070,102915,2078,45054,1992,57861,0,0,1926,46787,2138,27991,1927,74778,California
Kern,2021-02-18,3765,106680,1488,46542,2277,60138,0,0,1627,46286,2128,30119,1627,76405,California
Kern,2021-02-19,4200,110880,1916,48458,2284,62422,0,0,1740,45573,2453,32572,1740,78145,California
Kern,2021-02-20,2581,113461,967,49425,1614,64036,0,0,1350,45696,1227,33799,1350,79495,California
Kern,2021-02-21,259,113720,153,49578,106,64142,0,0,90,45619,167,33966,90,79585,California
Kern,2021-02-22,2671,116391,1155,50733,1516,65658,0,0,1431,45817,1235,35201,1433,81018,California
Kern,2021-02-23,3559,119950,1129,51862,2430,68088,0,0,1984,46229,1573,36774,1985,83003,California
Kern,2021-02-24,5199,125149,2290,54152,2909,70997,0,0,3102,47238,2093,38867,3102,86105,California
Kern,2021-02-25,5373,130522,2456,56608,2917,73914,0,0,3191,48266,2163,41030,3191,89296,California
Kern,2021-02-26,6904,137426,3531,60139,3373,77287,0,0,4356,50082,2541,43571,4357,93653,California
Kern,2021-02-27,3960,141386,1986,62125,1974,79261,0,0,2618,51366,1334,44905,2618,96271,California
Kern,2021-02-28,917,142303,503,62628,413,79674,1,1,696,51844,219,45124,697,96968,California
Kern,2021-03-01,4004,146307,1820,64448,2180,81854,4,5,2687,53227,1308,46432,2691,99659,California
Kern,2021-03-02,4473,150780,1415,65863,3057,84911,1,6,2952,54669,1510,47942,2952,102611,California
Kern,2021-03-03,5930,156710,2812,68675,3118,88029,0,6,3834,56422,2082,50024,3835,106446,California
Kern,2021-03-04,5597,162307,2197,70872,3397,91426,3,9,3600,58041,1983,52007,3602,110048,California
Kern,2021-03-05,6673,168980,2863,73735,3791,95217,19,28,4232,59861,2431,54438,4251,114299,California
Kern,2021-03-06,4742,173722,1927,75662,2708,97925,107,135,3467,62166,1268,55706,3573,117872,California
Kern,2021-03-07,2061,175783,1592,77254,413,98338,56,191,1862,63886,198,55904,1918,119790,California
Kern,2021-03-08,2899,178682,923,78177,1755,100093,221,412,1526,64261,1370,57274,1745,121535,California
Kern,2021-03-09,3720,182402,808,78985,2529,102622,383,795,2319,65567,1393,58667,2699,124234,California
Kern,2021-03-10,6139,188541,2564,81549,2501,105123,1074,1869,3597,67709,2527,61194,4669,128903,California
Kern,2021-03-11,6339,194880,2444,83993,2869,107992,1026,2895,3779,69962,2549,63743,4802,133705,California
Kern,2021-03-12,7832,202712,3071,87064,3409,111401,1352,4247,4317,72119,3502,67245,5659,139364,California
Kern,2021-03-13,4662,207374,2526,89590,1801,113202,335,4582,3242,74279,1413,68658,3573,142937,California
Kern,2021-03-14,2298,209672,1522,91112,535,113737,241,4823,1777,75773,521,69179,2015,144952,California
Kern,2021-03-15,4268,213940,1100,92212,2455,116192,713,5536,2199,76621,2057,71236,2905,147857,California
Kern,2021-03-16,4346,218286,1015,93227,2799,118991,532,6068,2336,77486,2000,73236,2865,150722,California
Kern,2021-03-17,7488,225774,4054,97281,2884,121875,550,6618,4524,79607,2952,76188,5073,155795,California
Kern,2021-03-18,7276,233050,3681,100962,3010,124885,585,7203,4404,81740,2852,79040,4985,160780,California
Kern,2021-03-19,8983,242033,4983,105945,3345,128230,655,7858,4715,82852,4252,83292,5364,166144,California
Kern,2021-03-20,6182,248215,3827,109772,2181,130411,174,8032,3917,84690,2254,85546,4092,170236,California
Kern,2021-03-21,3047,251262,1929,111701,236,130647,882,8914,1846,86222,1195,86741,2727,172963,California
Kern,2021-03-22,3994,255256,1568,113269,2069,132716,357,9271,1940,86482,2037,88778,2297,175260,California
Kern,2021-03-23,4736,259992,1676,114945,2861,135577,199,9470,2484,86940,2223,91001,2681,177941,California
Kern,2021-03-24,7182,267174,3674,118619,3031,138608,477,9947,3656,87564,3508,94509,4132,182073,California
Kern,2021-03-25,6758,273932,2996,121615,3431,142039,331,10278,3278,87707,3463,97972,3606,185679,California
Kern,2021-03-26,9874,283806,4416,126031,4201,146240,1257,11535,4742,88590,5114,103086,5997,191676,California
Kern,2021-03-27,5706,289512,3996,130027,1582,147822,128,11663,3444,89901,2260,105346,3571,195247,California
Kern,2021-03-28,4684,294196,4192,134219,478,148300,14,11677,2955,91142,1728,107074,2969,198216,California
Kern,2021-03-29,4253,298449,1680,135899,2294,150594,279,11956,2610,92397,1631,108705,2886,201102,California
Kern,2021-03-30,5602,304051,1873,137772,3344,153938,385,12341,3074,93331,2524,111229,3458,204560,California
Kern,2021-03-31,8409,312460,4545,142317,3215,157153,649,12990,4350,94286,4043,115272,4998,209558,California
Kern,2021-04-01,7889,320349,3876,146193,3715,160868,298,13288,4228,95169,3640,118912,4523,214081,California
Kern,2021-04-02,8440,328789,4455,150648,3378,164246,607,13895,4218,95781,4206,123118,4818,218899,California
Kern,2021-04-03,5990,334779,3672,154320,2135,166381,183,14078,2663,95306,3318,126436,2843,221742,California
Kern,2021-04-04,1338,336117,875,155195,379,166760,84,14162,476,95007,859,127295,560,222302,California
Kern,2021-04-05,5373,341490,2224,157419,2379,169139,770,14932,2908,96211,2453,129748,3657,225959,California
Kern,2021-04-06,7112,348602,2473,159892,3266,172405,1373,16305,3569,97636,3518,133266,4943,230902,California
Kern,2021-04-07,9374,357976,5468,165360,2944,175349,962,17267,4573,98399,4782,138048,5545,236447,California
Kern,2021-04-08,8655,366631,4792,170152,2954,178303,909,18176,3719,98120,4913,142961,4634,241081,California
Kern,2021-04-09,10223,376854,5135,175287,4098,182401,990,19166,4347,97621,5851,148812,5352,246433,California
Kern,2021-04-10,6556,383410,3437,178724,1873,184274,1246,20412,2128,96576,4418,153230,3373,249806,California
Kern,2021-04-11,3835,387245,2893,181617,357,184631,585,20997,1251,95836,2572,155802,1832,251638,California
Kern,2021-04-12,4387,391632,984,182601,2430,187061,973,21970,1569,95579,2801,158603,2544,254182,California
Kern,2021-04-13,4287,395919,1409,184010,2853,189914,25,21995,2115,95562,2161,160764,2144,256326,California
Kern,2021-04-14,6043,401962,2965,186975,3056,192970,22,22017,2988,95531,3040,163804,3009,259335,California
Kern,2021-04-15,5268,407230,2469,189444,2797,195767,2,22019,2502,95286,2749,166553,2504,261839,California
Kern,2021-04-16,7246,414476,3435,192879,3810,199577,1,22020,2955,93976,4267,170820,2957,264796,California
Kern,2021-04-17,5893,420369,3854,196733,2039,201616,0,22020,2096,92291,3782,174602,2097,266893,California
Kern,2021-04-18,3776,424145,3539,200272,237,201853,0,22020,913,90349,2855,177457,913,267806,California
Kern,2021-04-19,3817,427962,1727,201999,2088,203941,2,22022,1411,89374,2386,179843,1411,269217,California
Kern,2021-04-20,4342,432304,1566,203565,2775,206716,1,22023,1635,88320,2691,182534,1637,270854,California
Kern,2021-04-21,5859,438163,3127,206692,2727,209443,5,22028,2131,86749,3705,186239,2134,272988,California
Kern,2021-04-22,4779,442942,2308,209000,2471,211914,0,22028,1689,85369,3070,189309,1690,274678,California
Kern,2021-04-23,6056,448998,2936,211936,3119,215033,1,22029,1893,83136,4127,193436,1894,276572,California
Kern,2021-04-24,4010,453008,2804,214740,1195,216228,11,22040,1443,82040,2549,195985,1453,278025,California
Kern,2021-04-25,1393,454401,1115,215855,278,216506,0,22040,817,82287,570,196555,817,278842,California
Kern,2021-04-26,3788,458189,1820,217675,1916,218422,52,22092,1035,80633,2743,199298,1089,279931,California
Kern,2021-04-27,4644,462833,2276,219951,2265,220687,103,22195,1408,78917,3224,202522,1508,281439,California
Kern,2021-04-28,6252,469085,3677,223628,2452,223139,123,22318,1775,76352,4460,206982,1895,283334,California
Kern,2021-04-29,5513,474598,3063,226691,2350,225489,100,22418,1622,74204,3871,210853,1723,285057,California
Kern,2021-04-30,5597,480195,3130,229821,2307,227796,160,22578,1620,72018,3965,214818,1779,286836,California
Kern,2021-05-01,2584,482779,1805,231626,720,228516,59,22637,957,71417,1616,216434,1015,287851,California
Kern,2021-05-02,1888,484667,1603,233229,263,228779,22,22659,692,70941,1190,217624,714,288565,California
Kern,2021-05-03,2487,487154,987,234216,1368,230147,132,22791,762,70125,1711,219335,895,289460,California
Kern,2021-05-04,3611,490765,1284,235500,2218,232365,109,22900,1258,69152,2338,221673,1365,290825,California
Kern,2021-05-05,4140,494905,2135,237635,1855,234220,150,23050,1368,67910,2758,224431,1516,292341,California
Kern,2021-05-06,3529,498434,1570,239205,1816,236036,143,23193,1084,66707,2427,226858,1224,293565,California
Kern,2021-05-07,4569,503003,2298,241503,2096,238132,175,23368,1278,64893,3265,230123,1451,295016,California
Kern,2021-05-08,2893,505896,1822,243325,956,239088,115,23483,900,63927,1979,232102,1013,296029,California
Kern,2021-05-09,1297,507193,1122,244447,145,239233,30,23513,448,63563,842,232944,478,296507,California
Kern,2021-05-10,2208,509401,845,245292,1264,240497,99,23612,642,62753,1549,234493,739,297246,California
Kern,2021-05-11,2602,512003,909,246201,1570,242067,123,23735,943,62171,1649,236142,1067,298313,California
Kern,2021-05-12,3520,515523,1395,247596,1976,244043,149,23884,1111,61034,2397,238539,1260,299573,California
Kern,2021-05-13,3335,518858,1733,249329,1460,245503,142,24026,1552,60953,1771,240310,1690,301263,California
Kern,2021-05-14,4262,523120,2526,251855,1519,247022,217,24243,1970,60865,2274,242584,2186,303449,California
Kern,2021-05-15,2911,526031,1898,253753,926,247948,87,24330,1546,61146,1352,243936,1633,305082,California
Kern,2021-05-16,1541,527572,1319,255072,183,248131,39,24369,885,61419,651,244587,924,306006,California
Kern,2021-05-17,2307,529879,995,256067,1165,249296,147,24516,1178,61626,1117,245704,1324,307330,California
Kern,2021-05-18,3131,533010,1426,257493,1575,250871,130,24646,1606,61852,1509,247213,1735,309065,California
Kern,2021-05-19,3807,536817,2376,259869,1304,252175,127,24773,1841,61865,1954,249167,1967,311032,California
Kern,2021-05-20,2915,539732,1583,261452,1201,253376,131,24904,1331,61762,1563,250730,1460,312492,California
Kern,2021-05-21,3382,543114,2080,263532,1184,254560,118,25022,1712,61948,1644,252374,1830,314322,California
Kern,2021-05-22,2590,545704,2013,265545,540,255100,37,25059,1217,61837,1364,253738,1253,315575,California
Kern,2021-05-23,1153,546857,1004,266549,131,255231,18,25077,608,61923,539,254277,625,316200,California
Kern,2021-05-24,1829,548686,776,267325,936,256167,117,25194,873,61962,948,255225,987,317187,California
Kern,2021-05-25,2358,551044,1094,268419,1183,257350,81,25275,1121,61939,1225,256450,1202,318389,California
Kern,2021-05-26,2728,553772,1573,269992,1058,258408,97,25372,1180,61679,1535,257985,1275,319664,California
Kern,2021-05-27,2265,556037,1124,271116,1038,259446,103,25475,1145,61828,1098,259083,1247,320911,California
Kern,2021-05-28,2709,558746,1392,272508,1211,260657,106,25581,1268,61775,1426,260509,1373,322284,California
Kern,2021-05-29,1878,560624,1241,273749,590,261247,47,25628,912,61787,946,261455,958,323242,California
Kern,2021-05-30,860,561484,702,274451,140,261387,18,25646,437,61825,416,261871,454,323696,California
Kern,2021-05-31,131,561615,42,274493,79,261466,10,25656,46,61799,82,261953,56,323752,California
Kern,2021-06-01,2071,563686,805,275298,1198,262664,68,25724,889,61591,1165,263118,957,324709,California
Kern,2021-06-02,1392,565078,907,276205,417,263081,68,25792,549,61371,835,263953,615,325324,California
Kings,2020-12-16,1,1,1,1,0,0,0,0,1,1,0,0,1,1,California
Kings,2020-12-17,8,9,8,9,0,0,0,0,8,9,0,0,8,9,California
Kings,2020-12-18,12,21,12,21,0,0,0,0,12,21,0,0,12,21,California
Kings,2020-12-19,11,32,11,32,0,0,0,0,11,32,0,0,11,32,California
Kings,2020-12-20,13,45,13,45,0,0,0,0,13,45,0,0,13,45,California
Kings,2020-12-21,156,201,156,201,0,0,0,0,269,314,0,0,269,314,California
Kings,2020-12-22,143,344,143,344,0,0,0,0,140,454,0,0,140,454,California
Kings,2020-12-23,136,480,123,467,13,13,0,0,137,591,0,0,137,591,California
Kings,2020-12-24,11,491,9,476,2,15,0,0,11,602,0,0,11,602,California
Kings,2020-12-26,7,498,4,480,3,18,0,0,7,609,0,0,7,609,California
Kings,2020-12-27,4,502,4,484,0,18,0,0,4,613,0,0,4,613,California
Kings,2020-12-28,131,633,103,587,28,46,0,0,132,745,0,0,132,745,California
Kings,2020-12-29,77,710,50,637,27,73,0,0,78,823,0,0,78,823,California
Kings,2020-12-30,149,859,109,746,40,113,0,0,149,972,0,0,149,972,California
Kings,2020-12-31,45,904,6,752,39,152,0,0,45,1017,0,0,45,1017,California
Kings,2021-01-01,1,905,0,752,1,153,0,0,1,1018,0,0,1,1018,California
Kings,2021-01-02,10,915,9,761,1,154,0,0,10,1028,0,0,10,1028,California
Kings,2021-01-04,111,1026,41,802,70,224,0,0,111,1139,0,0,111,1139,California
Kings,2021-01-05,195,1221,39,841,156,380,0,0,195,1334,0,0,195,1334,California
Kings,2021-01-06,277,1498,178,1019,99,479,0,0,274,1605,3,3,274,1608,California
Kings,2021-01-07,181,1679,82,1101,99,578,0,0,173,1770,8,11,173,1781,California
Kings,2021-01-08,248,1927,54,1155,194,772,0,0,229,1980,19,30,229,2010,California
Kings,2021-01-09,63,1990,9,1164,54,826,0,0,55,2027,8,38,55,2065,California
Kings,2021-01-10,15,2005,3,1167,12,838,0,0,12,2036,3,41,12,2077,California
Kings,2021-01-11,518,2523,354,1521,164,1002,0,0,276,2071,242,283,277,2354,California
Kings,2021-01-12,349,2872,252,1773,97,1099,0,0,215,2155,131,414,215,2569,California
Kings,2021-01-13,422,3294,275,2048,147,1246,0,0,330,2393,92,506,330,2899,California
Kings,2021-01-14,208,3502,30,2078,178,1424,0,0,198,2571,21,527,199,3098,California
Kings,2021-01-15,418,3920,30,2108,388,1812,0,0,406,2965,12,539,406,3504,California
Kings,2021-01-16,28,3948,9,2117,19,1831,0,0,27,2991,1,540,27,3531,California
Kings,2021-01-17,9,3957,6,2123,3,1834,0,0,7,2996,2,542,7,3538,California
Kings,2021-01-18,172,4129,40,2163,132,1966,0,0,146,3116,26,568,146,3684,California
Kings,2021-01-19,379,4508,160,2323,219,2185,0,0,251,3239,128,696,251,3935,California
Kings,2021-01-20,237,4745,146,2469,91,2276,0,0,127,3261,105,801,127,4062,California
Kings,2021-01-21,212,4957,57,2526,155,2431,0,0,197,3441,17,818,197,4259,California
Kings,2021-01-22,102,5059,16,2542,86,2517,0,0,102,3538,5,823,102,4361,California
Kings,2021-01-23,26,5085,14,2556,12,2529,0,0,20,3552,6,829,20,4381,California
Kings,2021-01-24,4,5089,4,2560,0,2529,0,0,2,3552,2,831,2,4383,California
Kings,2021-01-25,126,5215,27,2587,99,2628,0,0,91,3608,35,866,91,4474,California
Kings,2021-01-26,153,5368,34,2621,119,2747,0,0,114,3683,39,905,114,4588,California
Kings,2021-01-27,322,5690,34,2655,288,3035,0,0,248,3858,73,978,248,4836,California
Kings,2021-01-28,329,6019,46,2701,283,3318,0,0,273,4075,56,1034,273,5109,California
Kings,2021-01-29,86,6105,26,2727,60,3378,0,0,69,4127,17,1051,69,5178,California
Kings,2021-01-30,1558,7663,31,2758,1527,4905,0,0,1555,5681,3,1054,1557,6735,California
Kings,2021-02-01,199,7862,64,2822,135,5040,0,0,72,5628,125,1179,72,6807,California
Kings,2021-02-02,232,8094,14,2836,218,5258,0,0,82,5561,149,1328,82,6889,California
Kings,2021-02-03,357,8451,191,3027,166,5424,0,0,201,5607,155,1483,201,7090,California
Kings,2021-02-04,398,8849,99,3126,299,5723,0,0,200,5610,197,1680,200,7290,California
Kings,2021-02-05,260,9109,15,3141,245,5968,0,0,101,5554,157,1837,101,7391,California
Kings,2021-02-06,61,9170,10,3151,51,6019,0,0,28,5549,33,1870,28,7419,California
Kings,2021-02-07,5,9175,3,3154,2,6021,0,0,3,5550,2,1872,3,7422,California
Kings,2021-02-08,174,9349,29,3183,145,6166,0,0,68,5512,106,1978,68,7490,California
Kings,2021-02-09,254,9603,57,3240,197,6363,0,0,110,5480,142,2120,110,7600,California
Kings,2021-02-10,286,9889,113,3353,173,6536,0,0,169,5532,117,2237,169,7769,California
Kings,2021-02-11,432,10321,65,3418,367,6903,0,0,316,5733,115,2352,316,8085,California
Kings,2021-02-12,622,10943,36,3454,586,7489,0,0,346,5804,275,2627,346,8431,California
Kings,2021-02-13,104,11047,6,3460,98,7587,0,0,78,5856,26,2653,78,8509,California
Kings,2021-02-14,102,11149,4,3464,98,7685,0,0,94,5942,8,2661,94,8603,California
Kings,2021-02-15,246,11395,5,3469,241,7926,0,0,137,5971,108,2769,137,8740,California
Kings,2021-02-16,488,11883,33,3502,455,8381,0,0,251,5986,236,3005,251,8991,California
Kings,2021-02-17,380,12263,23,3525,357,8738,0,0,243,6093,137,3142,244,9235,California
Kings,2021-02-18,156,12419,23,3548,133,8871,0,0,98,6133,58,3200,98,9333,California
Kings,2021-02-19,159,12578,24,3572,135,9006,0,0,103,6183,53,3253,103,9436,California
Kings,2021-02-20,171,12749,40,3612,131,9137,0,0,134,6280,37,3290,134,9570,California
Kings,2021-02-21,3,12752,2,3614,1,9138,0,0,3,6283,0,3290,3,9573,California
Kings,2021-02-22,110,12862,19,3633,91,9229,0,0,50,6273,60,3350,50,9623,California
Kings,2021-02-23,298,13160,70,3703,228,9457,0,0,181,6337,117,3467,181,9804,California
Kings,2021-02-24,598,13758,154,3857,444,9901,0,0,385,6510,213,3680,386,10190,California
Kings,2021-02-25,686,14444,131,3988,555,10456,0,0,466,6759,218,3898,467,10657,California
Kings,2021-02-26,667,15111,137,4125,530,10986,0,0,605,7302,62,3960,605,11262,California
Kings,2021-02-27,1516,16627,65,4190,1451,12437,0,0,580,6947,935,4895,580,11842,California
Kings,2021-02-28,1171,17798,597,4787,574,13011,0,0,674,7127,494,5389,674,12516,California
Kings,2021-03-01,263,18061,80,4867,183,13194,0,0,216,7296,47,5436,216,12732,California
Kings,2021-03-02,508,18569,242,5109,266,13460,0,0,458,7705,50,5486,459,13191,California
Kings,2021-03-03,640,19209,314,5423,326,13786,0,0,449,7965,189,5675,449,13640,California
Kings,2021-03-04,732,19941,352,5775,380,14166,0,0,632,8498,100,5775,633,14273,California
Kings,2021-03-05,1088,21029,368,6143,711,14877,9,9,968,9356,120,5895,978,15251,California
Kings,2021-03-06,514,21543,187,6330,314,15191,13,22,484,9823,30,5925,497,15748,California
Kings,2021-03-07,366,21909,224,6554,138,15329,4,26,358,10177,8,5933,362,16110,California
Kings,2021-03-08,374,22283,96,6650,225,15554,53,79,263,10381,111,6044,315,16425,California
Kings,2021-03-09,551,22834,252,6902,244,15798,55,134,443,10773,107,6151,499,16924,California
Kings,2021-03-10,575,23409,128,7030,356,16154,91,225,390,11069,184,6335,480,17404,California
Kings,2021-03-11,1035,24444,307,7337,618,16772,110,335,629,11404,404,6739,739,18143,California
Kings,2021-03-12,1379,25823,445,7782,840,17612,94,429,976,12076,401,7140,1073,19216,California
Kings,2021-03-13,682,26505,334,8116,304,17916,44,473,556,12551,126,7266,601,19817,California
Kings,2021-03-14,675,27180,101,8217,185,18101,389,862,201,12667,474,7740,590,20407,California
Kings,2021-03-15,703,27883,266,8483,322,18423,115,977,466,13014,236,7976,583,20990,California
Kings,2021-03-16,1058,28941,446,8929,550,18973,62,1039,720,13458,338,8314,782,21772,California
Kings,2021-03-17,1099,30040,418,9347,620,19593,61,1100,781,13988,319,8633,849,22621,California
Kings,2021-03-18,1124,31164,474,9821,427,20020,223,1323,774,14639,349,8982,1000,23621,California
Kings,2021-03-19,965,32129,469,10290,411,20431,85,1408,738,15249,226,9208,836,24457,California
Kings,2021-03-20,640,32769,255,10545,354,20785,31,1439,465,15579,173,9381,503,24960,California
Kings,2021-03-21,1419,34188,1088,11633,320,21105,11,1450,865,15901,554,9935,876,25836,California
Kings,2021-03-22,447,34635,199,11832,164,21269,84,1534,272,16086,175,10110,360,26196,California
Kings,2021-03-23,917,35552,508,12340,346,21615,63,1597,556,16350,359,10469,623,26819,California
Kings,2021-03-24,957,36509,487,12827,447,22062,23,1620,506,16432,449,10918,531,27350,California
Kings,2021-03-25,918,37427,465,13292,427,22489,26,1646,447,16436,469,11387,473,27823,California
Kings,2021-03-26,1294,38721,379,13671,830,23319,85,1731,515,16261,774,12161,599,28422,California
Kings,2021-03-27,641,39362,258,13929,371,23690,12,1743,158,15950,481,12642,170,28592,California
Kings,2021-03-28,672,40034,601,14530,64,23754,7,1750,405,16103,267,12909,420,29012,California
Kings,2021-03-29,467,40501,210,14740,196,23950,61,1811,259,16216,206,13115,319,29331,California
Kings,2021-03-30,858,41359,473,15213,347,24297,38,1849,425,16247,432,13547,463,29794,California
Kings,2021-03-31,767,42126,378,15591,316,24613,73,1922,423,16407,336,13883,496,30290,California
Kings,2021-04-01,779,42905,388,15979,301,24914,90,2012,353,16430,420,14303,443,30733,California
Kings,2021-04-02,1015,43920,448,16427,443,25357,124,2136,391,16327,619,14922,516,31249,California
Kings,2021-04-03,489,44409,345,16772,135,25492,9,2145,166,16186,317,15239,176,31425,California
Kings,2021-04-04,156,44565,82,16854,68,25560,6,2151,42,16121,113,15352,48,31473,California
Kings,2021-04-05,1055,45620,325,17179,477,26037,253,2404,236,15791,818,16170,488,31961,California
Kings,2021-04-06,1202,46822,450,17629,440,26477,312,2716,280,15464,919,17089,592,32553,California
Kings,2021-04-07,1364,48186,648,18277,529,27006,187,2903,358,15015,1003,18092,554,33107,California
Kings,2021-04-08,1616,49802,633,18910,730,27736,253,3156,364,14397,1245,19337,627,33734,California
Kings,2021-04-09,1156,50958,544,19454,434,28170,178,3334,235,13890,919,20256,412,34146,California
Kings,2021-04-10,591,51549,330,19784,159,28329,102,3436,169,13742,420,20676,272,34418,California
Kings,2021-04-11,353,51902,75,19859,271,28600,7,3443,194,13785,158,20834,201,34619,California
Kings,2021-04-12,703,52605,311,20170,191,28791,201,3644,195,13676,507,21341,398,35017,California
Kings,2021-04-13,905,53510,517,20687,388,29179,0,3644,288,13354,616,21957,294,35311,California
Kings,2021-04-14,1039,54549,575,21262,464,29643,0,3644,375,13066,664,22621,376,35687,California
Kings,2021-04-15,1048,55597,520,21782,527,30170,1,3645,450,12920,597,23218,451,36138,California
Kings,2021-04-16,770,56367,360,22142,410,30580,0,3645,257,12665,512,23730,257,36395,California
Kings,2021-04-17,458,56825,244,22386,214,30794,0,3645,186,12580,271,24001,186,36581,California
Kings,2021-04-18,562,57387,239,22625,323,31117,0,3645,43,12104,519,24520,43,36624,California
Kings,2021-04-19,531,57918,294,22919,237,31354,0,3645,285,12145,244,24764,285,36909,California
Kings,2021-04-20,738,58656,447,23366,291,31645,0,3645,236,11880,501,25265,236,37145,California
Kings,2021-04-21,642,59298,308,23674,334,31979,0,3645,222,11689,413,25678,222,37367,California
Kings,2021-04-22,553,59851,276,23950,277,32256,0,3645,202,11544,348,26026,203,37570,California
Kings,2021-04-23,664,60515,289,24239,375,32631,0,3645,327,11536,335,26361,327,37897,California
Kings,2021-04-24,246,60761,178,24417,67,32698,1,3646,118,11528,127,26488,119,38016,California
Kings,2021-04-25,200,60961,181,24598,19,32717,0,3646,164,11656,36,26524,164,38180,California
Kings,2021-04-26,300,61261,158,24756,139,32856,3,3649,189,11738,110,26634,192,38372,California
Kings,2021-04-27,409,61670,179,24935,211,33067,19,3668,171,11691,237,26871,190,38562,California
Kings,2021-04-28,510,62180,253,25188,237,33304,20,3688,263,11727,247,27118,283,38845,California
Kings,2021-04-29,288,62468,112,25300,165,33469,11,3699,135,11722,151,27269,146,38991,California
Kings,2021-04-30,367,62835,164,25464,186,33655,17,3716,154,11684,209,27478,171,39162,California
Kings,2021-05-01,230,63065,167,25631,53,33708,10,3726,74,11614,154,27632,84,39246,California
Kings,2021-05-02,168,63233,146,25777,22,33730,0,3726,126,11698,42,27674,126,39372,California
Kings,2021-05-03,473,63706,256,26033,204,33934,13,3739,122,11483,350,28024,135,39507,California
Kings,2021-05-04,519,64225,260,26293,239,34173,20,3759,161,11306,358,28382,181,39688,California
Kings,2021-05-05,552,64777,287,26580,245,34418,20,3779,137,11048,415,28797,157,39845,California
Kings,2021-05-06,541,65318,270,26850,248,34666,23,3802,121,10774,418,29215,144,39989,California
Kings,2021-05-07,365,65683,209,27059,142,34808,14,3816,147,10719,216,29431,161,40150,California
Kings,2021-05-08,230,65913,166,27225,52,34860,12,3828,74,10649,155,29586,85,40235,California
Kings,2021-05-09,192,66105,64,27289,128,34988,0,3828,40,10537,152,29738,40,40275,California
Kings,2021-05-10,339,66444,263,27552,66,35054,10,3838,115,10438,223,29961,124,40399,California
Kings,2021-05-11,373,66817,230,27782,115,35169,28,3866,117,10328,256,30217,146,40545,California
Kings,2021-05-12,372,67189,140,27922,219,35388,13,3879,160,10291,210,30427,173,40718,California
Kings,2021-05-13,385,67574,135,28057,232,35620,18,3897,149,10222,236,30663,167,40885,California
Kings,2021-05-14,463,68037,316,28373,116,35736,31,3928,241,10273,221,30884,272,41157,California
Kings,2021-05-15,348,68385,249,28622,82,35818,17,3945,194,10330,154,31038,211,41368,California
Kings,2021-05-16,250,68635,222,28844,27,35845,1,3946,79,10239,171,31209,80,41448,California
Kings,2021-05-17,405,69040,323,29167,65,35910,17,3963,218,10289,185,31394,235,41683,California
Kings,2021-05-18,390,69430,274,29441,103,36013,13,3976,225,10363,165,31559,239,41922,California
Kings,2021-05-19,574,70004,282,29723,270,36283,22,3998,231,10275,341,31900,253,42175,California
Kings,2021-05-20,398,70402,193,29916,178,36461,27,4025,241,10387,157,32057,269,42444,California
Kings,2021-05-21,450,70852,218,30134,222,36683,10,4035,225,10401,221,32278,235,42679,California
Kings,2021-05-22,254,71106,204,30338,39,36722,11,4046,192,10544,60,32338,203,42882,California
Kings,2021-05-23,200,71306,198,30536,2,36724,0,4046,97,10538,103,32441,97,42979,California
Kings,2021-05-24,248,71554,163,30699,71,36795,14,4060,122,10548,126,32567,136,43115,California
Kings,2021-05-25,386,71940,263,30962,102,36897,21,4081,240,10664,145,32712,261,43376,California
Kings,2021-05-26,306,72246,124,31086,164,37061,18,4099,133,10642,173,32885,151,43527,California
Kings,2021-05-27,328,72574,183,31269,127,37188,18,4117,184,10703,141,33026,202,43729,California
Kings,2021-05-28,289,72863,141,31410,130,37318,18,4135,140,10714,146,33172,157,43886,California
Kings,2021-05-29,176,73039,102,31512,62,37380,12,4147,92,10735,83,33255,104,43990,California
Kings,2021-05-30,128,73167,111,31623,15,37395,2,4149,68,10745,60,33315,70,44060,California
Kings,2021-05-31,38,73205,19,31642,17,37412,2,4151,14,10737,24,33339,16,44076,California
Kings,2021-06-01,294,73499,168,31810,110,37522,16,4167,110,10681,181,33520,125,44201,California
Kings,2021-06-02,143,73642,40,31850,100,37622,3,4170,30,10602,112,33632,33,44234,California
Lake,2020-12-17,4,4,4,4,0,0,0,0,4,4,0,0,4,4,California
Lake,2020-12-18,51,55,51,55,0,0,0,0,51,55,0,0,51,55,California
Lake,2020-12-19,3,58,3,58,0,0,0,0,3,58,0,0,3,58,California
Lake,2020-12-20,6,64,6,64,0,0,0,0,6,64,0,0,6,64,California
Lake,2020-12-21,87,151,87,151,0,0,0,0,87,151,0,0,87,151,California
Lake,2020-12-22,63,214,60,211,3,3,0,0,63,214,0,0,63,214,California
Lake,2020-12-23,124,338,115,326,9,12,0,0,124,338,0,0,124,338,California
Lake,2020-12-24,2,340,0,326,2,14,0,0,2,340,0,0,2,340,California
Lake,2020-12-26,2,342,2,328,0,14,0,0,2,342,0,0,2,342,California
Lake,2020-12-27,2,344,2,330,0,14,0,0,2,344,0,0,2,344,California
Lake,2020-12-28,52,396,43,373,9,23,0,0,52,396,0,0,52,396,California
Lake,2020-12-29,50,446,45,418,5,28,0,0,50,446,0,0,50,446,California
Lake,2020-12-30,129,575,122,540,7,35,0,0,129,575,0,0,129,575,California
Lake,2020-12-31,67,642,64,604,3,38,0,0,67,642,0,0,67,642,California
Lake,2021-01-01,1,643,0,604,1,39,0,0,1,643,0,0,1,643,California
Lake,2021-01-02,2,645,1,605,1,40,0,0,2,645,0,0,2,645,California
Lake,2021-01-04,88,733,21,626,67,107,0,0,88,733,0,0,88,733,California
Lake,2021-01-05,120,853,59,685,61,168,0,0,118,849,2,2,118,851,California
Lake,2021-01-06,105,958,65,750,40,208,0,0,103,950,2,4,103,954,California
Lake,2021-01-07,108,1066,85,835,23,231,0,0,99,1040,9,13,99,1053,California
Lake,2021-01-08,153,1219,124,959,29,260,0,0,101,1089,52,65,101,1154,California
Lake,2021-01-09,63,1282,61,1020,2,262,0,0,59,1144,4,69,59,1213,California
Lake,2021-01-10,3,1285,3,1023,0,262,0,0,0,1141,3,72,0,1213,California
Lake,2021-01-11,192,1477,151,1174,41,303,0,0,112,1173,80,152,112,1325,California
Lake,2021-01-12,81,1558,48,1222,33,336,0,0,57,1206,24,176,57,1382,California
Lake,2021-01-13,167,1725,114,1336,53,389,0,0,108,1255,59,235,108,1490,California
Lake,2021-01-14,149,1874,48,1384,101,490,0,0,127,1360,22,257,127,1617,California
Lake,2021-01-15,218,2092,92,1476,126,616,0,0,191,1524,27,284,191,1808,California
Lake,2021-01-16,134,2226,81,1557,53,669,0,0,132,1654,2,286,132,1940,California
Lake,2021-01-17,18,2244,6,1563,12,681,0,0,12,1660,6,292,12,1952,California
Lake,2021-01-18,246,2490,227,1790,19,700,0,0,125,1664,121,413,125,2077,California
Lake,2021-01-19,313,2803,119,1909,194,894,0,0,267,1886,46,459,268,2345,California
Lake,2021-01-20,423,3226,81,1990,342,1236,0,0,358,2180,64,523,358,2703,California
Lake,2021-01-21,435,3661,49,2039,386,1622,0,0,400,2545,35,558,400,3103,California
Lake,2021-01-22,319,3980,47,2086,272,1894,0,0,283,2792,36,594,283,3386,California
Lake,2021-01-23,123,4103,5,2091,118,2012,0,0,122,2913,1,595,122,3508,California
Lake,2021-01-24,5,4108,2,2093,3,2015,0,0,5,2918,0,595,5,3513,California
Lake,2021-01-25,259,4367,96,2189,163,2178,0,0,177,3013,82,677,177,3690,California
Lake,2021-01-26,430,4797,36,2225,394,2572,0,0,407,3397,23,700,407,4097,California
Lake,2021-01-27,359,5156,41,2266,318,2890,0,0,331,3701,28,728,332,4429,California
Lake,2021-01-28,498,5654,161,2427,337,3227,0,0,368,3939,130,858,368,4797,California
Lake,2021-01-29,639,6293,86,2513,553,3780,0,0,579,4458,60,918,579,5376,California
Lake,2021-01-30,553,6846,44,2557,509,4289,0,0,547,4999,6,924,547,5923,California
Lake,2021-01-31,14,6860,8,2565,6,4295,0,0,12,5009,2,926,12,5935,California
Lake,2021-02-01,180,7040,18,2583,162,4457,0,0,166,5161,14,940,166,6101,California
Lake,2021-02-02,564,7604,152,2735,412,4869,0,0,398,5393,166,1106,398,6499,California
Lake,2021-02-03,445,8049,33,2768,412,5281,0,0,340,5628,105,1211,340,6839,California
Lake,2021-02-04,121,8170,70,2838,51,5332,0,0,72,5653,49,1260,74,6913,California
Lake,2021-02-05,380,8550,70,2908,310,5642,0,0,288,5851,90,1350,288,7201,California
Lake,2021-02-06,275,8825,40,2948,235,5877,0,0,264,6104,11,1361,264,7465,California
Lake,2021-02-07,2,8827,1,2949,1,5878,0,0,2,6106,0,1361,2,7467,California
Lake,2021-02-08,279,9106,207,3156,72,5950,0,0,159,6145,120,1481,159,7626,California
Lake,2021-02-09,345,9451,24,3180,321,6271,0,0,301,6403,43,1524,301,7927,California
Lake,2021-02-10,352,9803,54,3234,298,6569,0,0,274,6599,78,1602,274,8201,California
Lake,2021-02-11,176,9979,18,3252,158,6727,0,0,58,6539,118,1720,58,8259,California
Lake,2021-02-12,374,10353,29,3281,345,7072,0,0,285,6736,88,1808,285,8544,California
Lake,2021-02-13,247,10600,7,3288,240,7312,0,0,236,6961,11,1819,236,8780,California
Lake,2021-02-14,20,10620,5,3293,15,7327,0,0,6,6953,14,1833,6,8786,California
Lake,2021-02-15,171,10791,13,3306,158,7485,0,0,8,6799,162,1995,8,8794,California
Lake,2021-02-16,424,11215,23,3329,401,7886,0,0,176,6727,248,2243,176,8970,California
Lake,2021-02-17,351,11566,54,3383,297,8183,0,0,70,6517,280,2523,70,9040,California
Lake,2021-02-18,459,12025,70,3453,389,8572,0,0,115,6288,344,2867,115,9155,California
Lake,2021-02-19,422,12447,28,3481,394,8966,0,0,94,6054,328,3195,94,9249,California
Lake,2021-02-20,295,12742,61,3542,234,9200,0,0,252,6264,42,3237,252,9501,California
Lake,2021-02-21,6,12748,6,3548,0,9200,0,0,0,6258,6,3243,0,9501,California
Lake,2021-02-22,141,12889,24,3572,117,9317,0,0,43,6203,98,3341,43,9544,California
Lake,2021-02-23,214,13103,14,3586,200,9517,0,0,28,6045,186,3527,28,9572,California
Lake,2021-02-24,958,14061,379,3965,579,10096,0,0,418,5924,539,4066,418,9990,California
Lake,2021-02-25,732,14793,467,4432,265,10361,0,0,472,6139,257,4323,472,10462,California
Lake,2021-02-26,995,15788,304,4736,691,11052,0,0,350,5847,642,4965,350,10812,California
Lake,2021-02-27,410,16198,98,4834,312,11364,0,0,328,6093,82,5047,328,11140,California
Lake,2021-02-28,17,16215,11,4845,6,11370,0,0,10,6096,7,5054,10,11150,California
Lake,2021-03-01,596,16811,53,4898,543,11913,0,0,443,6386,153,5207,443,11593,California
Lake,2021-03-02,744,17555,17,4915,727,12640,0,0,289,6220,455,5662,289,11882,California
Lake,2021-03-03,369,17924,196,5111,173,12813,0,0,146,6143,223,5885,146,12028,California
Lake,2021-03-04,579,18503,507,5618,72,12885,0,0,562,6688,17,5902,562,12590,California
Lake,2021-03-05,1048,19551,52,5670,996,13881,0,0,186,6016,858,6760,186,12776,California
Lake,2021-03-06,34,19585,9,5679,24,13905,1,1,21,6025,13,6773,22,12798,California
Lake,2021-03-07,7,19592,5,5684,2,13907,0,1,4,6026,3,6776,4,12802,California
Lake,2021-03-08,339,19931,267,5951,63,13970,9,10,299,6294,40,6816,308,13110,California
Lake,2021-03-09,930,20861,42,5993,871,14841,17,27,406,6194,523,7339,423,13533,California
Lake,2021-03-10,205,21066,60,6053,131,14972,14,41,135,6274,70,7409,150,13683,California
Lake,2021-03-11,585,21651,48,6101,62,15034,475,516,47,6258,538,7947,522,14205,California
Lake,2021-03-12,851,22502,203,6304,623,15657,25,541,362,6157,488,8435,387,14592,California
Lake,2021-03-13,278,22780,22,6326,20,15677,236,777,16,6147,261,8696,251,14843,California
Lake,2021-03-14,11,22791,2,6328,9,15686,0,777,7,6150,4,8700,7,14850,California
Lake,2021-03-15,642,23433,14,6342,611,16297,17,794,482,6489,160,8860,499,15349,California
Lake,2021-03-16,1114,24547,834,7176,263,16560,17,811,444,6283,666,9526,460,15809,California
Lake,2021-03-17,248,24795,121,7297,105,16665,22,833,92,6241,156,9682,114,15923,California
Lake,2021-03-18,748,25543,373,7670,338,17003,37,870,371,6272,376,10058,407,16330,California
Lake,2021-03-19,582,26125,315,7985,247,17250,20,890,475,6661,106,10164,495,16825,California
Lake,2021-03-20,250,26375,9,7994,238,17488,3,893,31,6478,217,10381,34,16859,California
Lake,2021-03-21,16,26391,11,8005,4,17492,1,894,11,6485,5,10386,12,16871,California
Lake,2021-03-22,337,26728,256,8261,67,17559,14,908,251,6664,86,10472,265,17136,California
Lake,2021-03-23,429,27157,21,8282,395,17954,13,921,364,6977,64,10536,377,17513,California
Lake,2021-03-24,423,27580,62,8344,353,18307,8,929,326,7216,96,10632,335,17848,California
Lake,2021-03-25,676,28256,485,8829,185,18492,6,935,178,6901,498,11130,183,18031,California
Lake,2021-03-26,68,28324,33,8862,34,18526,1,936,32,6898,36,11166,33,18064,California
Lake,2021-03-27,309,28633,7,8869,299,18825,3,939,17,6628,290,11456,20,18084,California
Lake,2021-03-28,17,28650,8,8877,9,18834,0,939,11,6633,6,11462,11,18095,California
Lake,2021-03-29,989,29639,286,9163,701,19535,2,941,205,6058,782,12244,207,18302,California
Lake,2021-03-30,464,30103,315,9478,147,19682,2,943,366,6329,97,12341,368,18670,California
Lake,2021-03-31,616,30719,60,9538,556,20238,0,943,434,6590,173,12514,434,19104,California
Lake,2021-04-01,448,31167,234,9772,202,20440,12,955,187,6532,257,12771,199,19303,California
Lake,2021-04-02,222,31389,41,9813,153,20593,28,983,97,6532,125,12896,125,19428,California
Lake,2021-04-03,32,31421,6,9819,23,20616,3,986,13,6529,19,12915,16,19444,California
Lake,2021-04-04,20,31441,11,9830,7,20623,2,988,15,6541,5,12920,17,19461,California
Lake,2021-04-05,642,32083,70,9900,553,21176,19,1007,402,6725,237,13157,421,19882,California
Lake,2021-04-06,477,32560,17,9917,434,21610,26,1033,304,6883,172,13329,330,20212,California
Lake,2021-04-07,522,33082,57,9974,414,22024,51,1084,353,7121,167,13496,405,20617,California
Lake,2021-04-08,602,33684,492,10466,45,22069,65,1149,102,6795,497,13993,171,20788,California
Lake,2021-04-09,281,33965,39,10505,173,22242,69,1218,48,6681,230,14223,116,20904,California
Lake,2021-04-10,254,34219,15,10520,14,22256,225,1443,10,6672,244,14467,235,21139,California
Lake,2021-04-11,22,34241,17,10537,3,22259,2,1445,7,6666,15,14482,9,21148,California
Lake,2021-04-12,1068,35309,232,10769,803,23062,33,1478,237,6106,830,15312,270,21418,California
Lake,2021-04-13,181,35490,110,10879,71,23133,0,1478,54,6034,127,15439,55,21473,California
Lake,2021-04-14,614,36104,38,10917,576,23709,0,1478,549,6519,64,15503,549,22022,California
Lake,2021-04-15,640,36744,192,11109,448,24157,0,1478,331,6541,309,15812,331,22353,California
Lake,2021-04-16,265,37009,30,11139,234,24391,1,1479,74,6426,190,16002,75,22428,California
Lake,2021-04-17,43,37052,12,11151,31,24422,0,1479,33,6449,10,16012,33,22461,California
Lake,2021-04-18,8,37060,5,11156,3,24425,0,1479,0,6441,8,16020,0,22461,California
Lake,2021-04-19,297,37357,38,11194,259,24684,0,1479,246,6636,51,16071,246,22707,California
Lake,2021-04-20,691,38048,277,11471,414,25098,0,1479,91,6129,599,16670,92,22799,California
Lake,2021-04-21,533,38581,64,11535,469,25567,0,1479,199,5994,334,17004,199,22998,California
Lake,2021-04-22,467,39048,50,11585,417,25984,0,1479,318,6164,148,17152,318,23316,California
Lake,2021-04-23,116,39164,60,11645,56,26040,0,1479,69,6187,46,17198,69,23385,California
Lake,2021-04-24,53,39217,9,11654,44,26084,0,1479,39,6212,14,17212,39,23424,California
Lake,2021-04-25,36,39253,19,11673,17,26101,0,1479,24,6224,12,17224,24,23448,California
Lake,2021-04-26,289,39542,80,11753,208,26309,1,1480,85,6106,204,17428,86,23534,California
Lake,2021-04-27,244,39786,22,11775,204,26513,18,1498,81,6042,163,17591,99,23633,California
Lake,2021-04-28,508,40294,48,11823,445,26958,15,1513,89,5728,417,18008,103,23736,California
Lake,2021-04-29,213,40507,84,11907,113,27071,16,1529,113,5757,100,18108,129,23865,California
Lake,2021-04-30,289,40796,46,11953,212,27283,31,1560,149,5797,140,18248,180,24045,California
Lake,2021-05-01,47,40843,26,11979,19,27302,2,1562,32,5816,15,18263,34,24079,California
Lake,2021-05-02,18,40861,9,11988,8,27310,1,1563,9,5817,9,18272,10,24089,California
Lake,2021-05-03,411,41272,27,12015,349,27659,35,1598,64,5570,346,18618,99,24188,California
Lake,2021-05-04,404,41676,216,12231,140,27799,48,1646,124,5463,279,18897,172,24360,California
Lake,2021-05-05,630,42306,45,12276,573,28372,12,1658,87,5021,540,19437,98,24458,California
Lake,2021-05-06,142,42448,19,12295,94,28466,29,1687,73,5053,69,19506,101,24559,California
Lake,2021-05-07,166,42614,30,12325,116,28582,20,1707,102,5113,62,19568,122,24681,California
Lake,2021-05-08,43,42657,8,12333,35,28617,0,1707,36,5142,7,19575,36,24717,California
Lake,2021-05-09,17,42674,2,12335,10,28627,5,1712,10,5150,7,19582,15,24732,California
Lake,2021-05-10,244,42918,12,12347,205,28832,27,1739,59,5052,184,19766,86,24818,California
Lake,2021-05-11,195,43113,27,12374,151,28983,17,1756,117,5109,78,19844,135,24953,California
Lake,2021-05-12,541,43654,31,12405,490,29473,20,1776,55,4697,486,20330,74,25027,California
Lake,2021-05-13,301,43955,58,12463,230,29703,13,1789,65,4541,234,20564,78,25105,California
Lake,2021-05-14,264,44219,81,12544,164,29867,19,1808,161,4619,101,20665,179,25284,California
Lake,2021-05-15,45,44264,18,12562,24,29891,3,1811,27,4631,18,20683,30,25314,California
Lake,2021-05-16,32,44296,18,12580,13,29904,1,1812,17,4634,15,20698,18,25332,California
Lake,2021-05-17,315,44611,44,12624,256,30160,15,1827,84,4505,228,20926,99,25431,California
Lake,2021-05-18,303,44914,67,12691,217,30377,19,1846,175,4572,127,21053,194,25625,California
Lake,2021-05-19,312,45226,57,12748,240,30617,15,1861,88,4452,223,21276,103,25728,California
Lake,2021-05-20,227,45453,60,12808,156,30773,11,1872,90,4416,137,21413,101,25829,California
Lake,2021-05-21,258,45711,53,12861,182,30955,23,1895,102,4387,154,21567,125,25954,California
Lake,2021-05-22,87,45798,51,12912,34,30989,2,1897,45,4392,42,21609,47,26001,California
Lake,2021-05-23,51,45849,27,12939,23,31012,1,1898,27,4396,24,21633,28,26029,California
Lake,2021-05-24,152,46001,36,12975,103,31115,13,1911,70,4397,82,21715,83,26112,California
Lake,2021-05-25,194,46195,51,13026,129,31244,14,1925,69,4356,124,21839,83,26195,California
Lake,2021-05-26,150,46345,45,13071,93,31337,12,1937,53,4326,95,21934,65,26260,California
Lake,2021-05-27,159,46504,45,13116,100,31437,14,1951,63,4308,95,22029,77,26337,California
Lake,2021-05-28,180,46684,22,13138,128,31565,30,1981,45,4248,135,22164,75,26412,California
Lake,2021-05-29,40,46724,14,13152,21,31586,5,1986,17,4247,23,22187,22,26434,California
Lake,2021-05-30,22,46746,7,13159,13,31599,2,1988,12,4251,10,22197,14,26448,California
Lake,2021-05-31,55,46801,19,13178,35,31634,1,1989,47,4291,8,22205,48,26496,California
Lake,2021-06-01,203,47004,43,13221,151,31785,9,1998,71,4239,131,22336,79,26575,California
Lake,2021-06-02,80,47084,30,13251,39,31824,11,2009,38,4246,42,22378,49,26624,California
Lassen,2020-12-16,8,8,8,8,0,0,0,0,8,8,0,0,8,8,California
Lassen,2020-12-17,6,14,6,14,0,0,0,0,6,14,0,0,6,14,California
Lassen,2020-12-18,1,15,1,15,0,0,0,0,1,15,0,0,1,15,California
Lassen,2020-12-19,5,20,5,20,0,0,0,0,5,20,0,0,5,20,California
Lassen,2020-12-20,2,22,2,22,0,0,0,0,2,22,0,0,2,22,California
Lassen,2020-12-21,11,33,11,33,0,0,0,0,11,33,0,0,11,33,California
Lassen,2020-12-22,22,55,22,55,0,0,0,0,22,55,0,0,22,55,California
Lassen,2020-12-23,6,61,6,61,0,0,0,0,6,61,0,0,6,61,California
Lassen,2020-12-24,11,72,11,72,0,0,0,0,11,72,0,0,11,72,California
Lassen,2020-12-28,3,75,2,74,1,1,0,0,3,75,0,0,3,75,California
Lassen,2020-12-29,35,110,35,109,0,1,0,0,35,110,0,0,35,110,California
Lassen,2020-12-30,36,146,35,144,1,2,0,0,36,146,0,0,36,146,California
Lassen,2020-12-31,49,195,42,186,7,9,0,0,49,195,0,0,49,195,California
Lassen,2021-01-02,1,196,0,186,1,10,0,0,1,196,0,0,1,196,California
Lassen,2021-01-04,15,211,2,188,13,23,0,0,15,211,0,0,15,211,California
Lassen,2021-01-05,193,404,52,240,141,164,0,0,193,404,0,0,193,404,California
Lassen,2021-01-06,95,499,44,284,51,215,0,0,87,484,8,8,88,492,California
Lassen,2021-01-07,43,542,7,291,36,251,0,0,37,515,6,14,37,529,California
Lassen,2021-01-08,50,592,2,293,48,299,0,0,50,565,0,14,50,579,California
Lassen,2021-01-09,12,604,6,299,6,305,0,0,12,577,0,14,12,591,California
Lassen,2021-01-11,27,631,5,304,22,327,0,0,27,604,0,14,27,618,California
Lassen,2021-01-12,48,679,28,332,20,347,0,0,30,616,18,32,30,648,California
Lassen,2021-01-13,162,841,19,351,143,490,0,0,147,748,15,47,147,795,California
Lassen,2021-01-14,162,1003,18,369,144,634,0,0,150,886,12,59,150,945,California
Lassen,2021-01-15,32,1035,6,375,26,660,0,0,32,918,0,59,32,977,California
Lassen,2021-01-16,34,1069,33,408,1,661,0,0,34,952,0,59,34,1011,California
Lassen,2021-01-17,1,1070,0,408,1,662,0,0,1,953,0,59,1,1012,California
Lassen,2021-01-18,5,1075,2,410,3,665,0,0,4,956,1,60,4,1016,California
Lassen,2021-01-19,186,1261,36,446,150,815,0,0,158,1086,28,88,158,1174,California
Lassen,2021-01-20,188,1449,100,546,88,903,0,0,105,1123,68,156,105,1279,California
Lassen,2021-01-21,145,1594,93,639,52,955,0,0,121,1226,18,174,121,1400,California
Lassen,2021-01-22,31,1625,18,657,13,968,0,0,21,1237,10,184,21,1421,California
Lassen,2021-01-23,2,1627,0,657,2,970,0,0,2,1239,0,184,2,1423,California
Lassen,2021-01-24,1,1628,0,657,1,971,0,0,1,1240,0,184,1,1424,California
Lassen,2021-01-25,12,1640,1,658,11,982,0,0,11,1250,1,185,11,1435,California
Lassen,2021-01-26,126,1766,12,670,114,1096,0,0,122,1368,4,189,122,1557,California
Lassen,2021-01-27,87,1853,35,705,52,1148,0,0,69,1419,18,207,69,1626,California
Lassen,2021-01-28,85,1938,15,720,70,1218,0,0,84,1502,1,208,84,1710,California
Lassen,2021-01-29,23,1961,7,727,16,1234,0,0,22,1523,1,209,22,1732,California
Lassen,2021-02-01,61,2022,4,731,57,1291,0,0,36,1534,25,234,36,1768,California
Lassen,2021-02-02,177,2199,12,743,165,1456,0,0,44,1445,133,367,44,1812,California
Lassen,2021-02-03,96,2295,21,764,75,1531,0,0,50,1449,46,413,50,1862,California
Lassen,2021-02-04,112,2407,15,779,97,1628,0,0,63,1463,49,462,63,1925,California
Lassen,2021-02-05,66,2473,12,791,54,1682,0,0,24,1445,42,504,24,1949,California
Lassen,2021-02-06,69,2542,34,825,35,1717,0,0,36,1449,32,536,36,1985,California
Lassen,2021-02-07,1,2543,1,826,0,1717,0,0,1,1450,0,536,1,1986,California
Lassen,2021-02-08,44,2587,4,830,40,1757,0,0,18,1442,26,562,18,2004,California
Lassen,2021-02-09,128,2715,7,837,121,1878,0,0,49,1412,79,641,49,2053,California
Lassen,2021-02-10,182,2897,21,858,161,2039,0,0,74,1378,108,749,74,2127,California
Lassen,2021-02-11,183,3080,16,874,167,2206,0,0,80,1356,102,851,80,2207,California
Lassen,2021-02-12,42,3122,11,885,31,2237,0,0,15,1344,27,878,15,2222,California
Lassen,2021-02-13,11,3133,3,888,8,2245,0,0,9,1351,2,880,9,2231,California
Lassen,2021-02-14,13,3146,0,888,13,2258,0,0,12,1362,1,881,12,2243,California
Lassen,2021-02-15,22,3168,3,891,19,2277,0,0,17,1375,4,885,17,2260,California
Lassen,2021-02-16,192,3360,4,895,188,2465,0,0,30,1245,160,1045,30,2290,California
Lassen,2021-02-17,183,3543,94,989,89,2554,0,0,10,1082,173,1218,10,2300,California
Lassen,2021-02-18,79,3622,22,1011,57,2611,0,0,19,1041,60,1278,19,2319,California
Lassen,2021-02-19,80,3702,60,1071,20,2631,0,0,17,995,63,1341,17,2336,California
Lassen,2021-02-20,8,3710,0,1071,8,2639,0,0,6,999,2,1343,6,2342,California
Lassen,2021-02-21,22,3732,2,1073,20,2659,0,0,18,1013,4,1347,18,2360,California
Lassen,2021-02-22,24,3756,10,1083,14,2673,0,0,6,1001,18,1365,6,2366,California
Lassen,2021-02-23,155,3911,11,1094,144,2817,0,0,43,932,112,1477,43,2409,California
Lassen,2021-02-24,164,4075,16,1110,148,2965,0,0,106,981,57,1534,106,2515,California
Lassen,2021-02-25,158,4233,21,1131,137,3102,0,0,99,1021,59,1593,99,2614,California
Lassen,2021-02-26,73,4306,16,1147,57,3159,0,0,36,1020,37,1630,36,2650,California
Lassen,2021-02-27,8,4314,7,1154,1,3160,0,0,3,1018,5,1635,3,2653,California
Lassen,2021-02-28,5,4319,0,1154,5,3165,0,0,3,1019,2,1637,3,2656,California
Lassen,2021-03-01,42,4361,4,1158,38,3203,0,0,8,994,33,1670,8,2664,California
Lassen,2021-03-02,106,4467,7,1165,99,3302,0,0,80,1049,25,1695,80,2744,California
Lassen,2021-03-03,167,4634,12,1177,155,3457,0,0,110,1102,57,1752,110,2854,California
Lassen,2021-03-04,149,4783,17,1194,132,3589,0,0,98,1150,50,1802,98,2952,California
Lassen,2021-03-05,49,4832,7,1201,18,3607,24,24,11,1147,38,1840,35,2987,California
Lassen,2021-03-06,55,4887,4,1205,29,3636,22,46,5,1124,50,1890,27,3014,California
Lassen,2021-03-07,57,4944,2,1207,0,3636,55,101,2,1126,55,1945,57,3071,California
Lassen,2021-03-08,89,5033,2,1209,7,3643,80,181,3,1123,86,2031,83,3154,California
Lassen,2021-03-09,137,5170,11,1220,109,3752,17,198,89,1181,48,2079,106,3260,California
Lassen,2021-03-10,173,5343,10,1230,161,3913,2,200,79,1169,93,2172,81,3341,California
Lassen,2021-03-11,183,5526,15,1245,161,4074,7,207,111,1218,69,2241,118,3459,California
Lassen,2021-03-12,34,5560,17,1262,13,4087,4,211,12,1212,22,2263,16,3475,California
Lassen,2021-03-13,48,5608,0,1262,2,4089,46,257,1,1211,47,2310,46,3521,California
Lassen,2021-03-14,14,5622,2,1264,11,4100,1,258,2,1202,12,2322,3,3524,California
Lassen,2021-03-15,34,5656,3,1267,31,4131,0,258,16,1200,18,2340,16,3540,California
Lassen,2021-03-16,93,5749,2,1269,85,4216,6,264,74,1261,19,2359,80,3620,California
Lassen,2021-03-17,1083,6832,9,1278,1069,5285,5,269,1064,2311,19,2378,1069,4689,California
Lassen,2021-03-18,93,6925,9,1287,83,5368,1,270,80,2379,13,2391,81,4770,California
Lassen,2021-03-19,17,6942,11,1298,2,5370,4,274,7,2380,10,2401,11,4781,California
Lassen,2021-03-20,28,6970,3,1301,22,5392,3,277,21,2397,7,2408,24,4805,California
Lassen,2021-03-21,34,7004,0,1301,34,5426,0,277,14,2392,19,2427,14,4819,California
Lassen,2021-03-22,58,7062,1,1302,57,5483,0,277,55,2444,3,2430,55,4874,California
Lassen,2021-03-23,120,7182,11,1313,108,5591,1,278,67,2459,53,2483,68,4942,California
Lassen,2021-03-24,213,7395,13,1326,199,5790,1,279,107,2463,104,2587,108,5050,California
Lassen,2021-03-25,152,7547,21,1347,131,5921,0,279,69,2449,83,2670,69,5119,California
Lassen,2021-03-26,78,7625,13,1360,26,5947,39,318,19,2448,58,2728,57,5176,California
Lassen,2021-03-27,19,7644,3,1363,1,5948,15,333,2,2448,17,2745,17,5193,California
Lassen,2021-03-28,18,7662,3,1366,5,5953,10,343,3,2446,15,2760,13,5206,California
Lassen,2021-03-29,52,7714,0,1366,27,5980,25,368,20,2460,31,2791,45,5251,California
Lassen,2021-03-30,197,7911,10,1376,161,6141,26,394,52,2393,145,2936,78,5329,California
Lassen,2021-03-31,147,8058,12,1388,113,6254,22,416,62,2393,84,3020,84,5413,California
Lassen,2021-04-01,165,8223,15,1403,131,6385,19,435,48,2344,116,3136,67,5480,California
Lassen,2021-04-02,30,8253,4,1407,3,6388,23,458,2,2341,28,3164,25,5505,California
Lassen,2021-04-03,12,8265,0,1407,2,6390,10,468,0,2339,12,3176,10,5515,California
Lassen,2021-04-04,7,8272,2,1409,0,6390,5,473,1,2339,6,3182,6,5521,California
Lassen,2021-04-05,22,8294,4,1413,11,6401,7,480,11,2346,11,3193,18,5539,California
Lassen,2021-04-06,183,8477,9,1422,144,6545,30,510,52,2297,131,3324,82,5621,California
Lassen,2021-04-07,134,8611,6,1428,91,6636,37,547,32,2266,102,3426,71,5692,California
Lassen,2021-04-08,166,8777,8,1436,102,6738,56,603,31,2222,131,3557,87,5779,California
Lassen,2021-04-09,51,8828,6,1442,10,6748,35,638,8,2222,42,3599,42,5821,California
Lassen,2021-04-10,9,8837,0,1442,2,6750,7,645,0,2221,8,3607,7,5828,California
Lassen,2021-04-11,5,8842,2,1444,0,6750,3,648,2,2223,3,3610,5,5833,California
Lassen,2021-04-12,31,8873,3,1447,15,6765,13,661,3,2211,28,3638,16,5849,California
Lassen,2021-04-13,129,9002,6,1453,123,6888,0,661,40,2163,88,3726,40,5889,California
Lassen,2021-04-14,987,9989,16,1469,971,7859,0,661,50,1277,936,4662,50,5939,California
Lassen,2021-04-15,147,10136,14,1483,133,7992,0,661,19,1168,128,4790,19,5958,California
Lassen,2021-04-16,12,10148,4,1487,8,8000,0,661,5,1166,7,4797,5,5963,California
Lassen,2021-04-17,22,10170,2,1489,20,8020,0,661,4,1152,18,4815,4,5967,California
Lassen,2021-04-18,5,10175,2,1491,3,8023,0,661,2,1151,3,4818,2,5969,California
Lassen,2021-04-19,32,10207,0,1491,32,8055,0,661,16,1151,16,4834,16,5985,California
Lassen,2021-04-20,138,10345,7,1498,131,8186,0,661,52,1117,86,4920,52,6037,California
Lassen,2021-04-21,164,10509,10,1508,154,8340,0,661,32,1019,130,5050,32,6069,California
Lassen,2021-04-22,103,10612,17,1525,86,8426,0,661,33,982,70,5120,33,6102,California
Lassen,2021-04-23,26,10638,1,1526,25,8451,0,661,20,996,6,5126,20,6122,California
Lassen,2021-04-24,9,10647,5,1531,4,8455,0,661,3,993,6,5132,3,6125,California
Lassen,2021-04-25,5,10652,0,1531,4,8459,1,662,3,995,2,5134,4,6129,California
Lassen,2021-04-26,40,10692,0,1531,36,8495,4,666,7,973,33,5167,11,6140,California
Lassen,2021-04-27,123,10815,9,1540,111,8606,3,669,70,993,53,5220,73,6213,California
Lassen,2021-04-28,84,10899,8,1548,74,8680,2,671,31,973,53,5273,33,6246,California
Lassen,2021-04-29,65,10964,6,1554,56,8736,3,674,22,956,42,5315,25,6271,California
Lassen,2021-04-30,13,10977,8,1562,2,8738,3,677,4,954,9,5324,7,6278,California
Lassen,2021-05-01,4,10981,0,1562,3,8741,1,678,3,957,1,5325,4,6282,California
Lassen,2021-05-02,11,10992,7,1569,4,8745,0,678,7,960,4,5329,7,6289,California
Lassen,2021-05-03,18,11010,1,1570,10,8755,7,685,3,955,15,5344,10,6299,California
Lassen,2021-05-04,71,11081,4,1574,59,8814,8,693,20,932,51,5395,28,6327,California
Lassen,2021-05-05,81,11162,4,1578,67,8881,10,703,26,914,54,5449,36,6363,California
Lassen,2021-05-06,83,11245,21,1599,40,8921,22,725,24,901,59,5508,46,6409,California
Lassen,2021-05-07,47,11292,32,1631,10,8931,5,730,39,937,8,5516,44,6453,California
Lassen,2021-05-08,11,11303,0,1631,5,8936,6,736,4,940,7,5523,10,6463,California
Lassen,2021-05-09,3,11306,1,1632,0,8936,2,738,0,939,3,5526,2,6465,California
Lassen,2021-05-10,13,11319,1,1633,9,8945,3,741,7,943,6,5532,10,6475,California
Lassen,2021-05-11,71,11390,2,1635,60,9005,9,750,20,921,51,5583,29,6504,California
Lassen,2021-05-12,41,11431,4,1639,32,9037,5,755,12,909,29,5612,17,6521,California
Lassen,2021-05-13,37,11468,11,1650,21,9058,5,760,12,901,25,5637,17,6538,California
Lassen,2021-05-14,23,11491,5,1655,10,9068,8,768,12,910,11,5648,20,6558,California
Lassen,2021-05-15,16,11507,2,1657,4,9072,10,778,4,912,12,5660,14,6572,California
Lassen,2021-05-16,7,11514,2,1659,3,9075,2,780,2,912,4,5664,4,6576,California
Lassen,2021-05-17,35,11549,3,1662,20,9095,12,792,11,911,24,5688,23,6599,California
Lassen,2021-05-18,95,11644,12,1674,70,9165,13,805,31,891,64,5752,44,6643,California
Lassen,2021-05-19,64,11708,6,1680,47,9212,11,816,11,860,52,5804,21,6664,California
Lassen,2021-05-20,32,11740,7,1687,16,9228,9,825,11,859,21,5825,20,6684,California
Lassen,2021-05-21,65,11805,31,1718,21,9249,13,838,35,877,30,5855,48,6732,California
Lassen,2021-05-22,16,11821,1,1719,7,9256,8,846,6,881,10,5865,14,6746,California
Lassen,2021-05-23,7,11828,4,1723,2,9258,1,847,1,877,6,5871,2,6748,California
Lassen,2021-05-24,13,11841,1,1724,9,9267,3,850,6,880,6,5877,9,6757,California
Lassen,2021-05-25,98,11939,5,1729,86,9353,7,857,32,853,66,5943,39,6796,California
Lassen,2021-05-26,59,11998,2,1731,43,9396,14,871,12,832,47,5990,26,6822,California
Lassen,2021-05-27,43,12041,17,1748,18,9414,8,879,11,820,31,6021,19,6841,California
Lassen,2021-05-28,72,12113,45,1793,19,9433,8,887,31,818,41,6062,39,6880,California
Lassen,2021-05-29,15,12128,1,1794,12,9445,2,889,9,823,6,6068,11,6891,California
Lassen,2021-05-30,2,12130,1,1795,0,9445,1,890,0,822,2,6070,1,6892,California
Lassen,2021-05-31,7,12137,0,1795,6,9451,1,891,1,818,6,6076,2,6894,California
Lassen,2021-06-01,42,12179,3,1798,33,9484,6,897,14,810,28,6104,20,6914,California
Lassen,2021-06-02,43,12222,2,1800,31,9515,10,907,12,802,30,6134,22,6936,California
Los Angeles,2020-12-15,396,396,396,396,0,0,0,0,396,396,0,0,396,396,California
Los Angeles,2020-12-16,3586,3982,3586,3982,0,0,0,0,3586,3982,0,0,3586,3982,California
Los Angeles,2020-12-17,10292,14274,10292,14274,0,0,0,0,10293,14275,0,0,10293,14275,California
Los Angeles,2020-12-18,14558,28832,14535,28809,23,23,0,0,14558,28833,0,0,14558,28833,California
Los Angeles,2020-12-19,7234,36066,7225,36034,9,32,0,0,7235,36068,0,0,7235,36068,California
Los Angeles,2020-12-20,4605,40671,4597,40631,8,40,0,0,4607,40675,0,0,4607,40675,California
Los Angeles,2020-12-21,13734,54405,13717,54348,17,57,0,0,13734,54408,1,1,13734,54409,California
Los Angeles,2020-12-22,11552,65957,11161,65509,391,448,0,0,11553,65960,1,2,11553,65962,California
Los Angeles,2020-12-23,11975,77932,10205,75714,1770,2218,0,0,11975,77935,0,2,11975,77937,California
Los Angeles,2020-12-24,7041,84973,4268,79982,2773,4991,0,0,7043,84978,0,2,7043,84980,California
Los Angeles,2020-12-25,529,85502,422,80404,107,5098,0,0,529,85507,0,2,529,85509,California
Los Angeles,2020-12-26,2543,88045,2191,82595,352,5450,0,0,2542,88048,1,3,2542,88051,California
Los Angeles,2020-12-27,1773,89818,1036,83631,737,6187,0,0,1773,89821,0,3,1773,89824,California
Los Angeles,2020-12-28,10331,100149,6404,90035,3927,10114,0,0,10328,100148,1,4,10328,100152,California
Los Angeles,2020-12-29,11619,111768,6087,96122,5532,15646,0,0,11620,111768,0,4,11620,111772,California
Los Angeles,2020-12-30,14892,126660,8100,104222,6792,22438,0,0,14891,126659,0,4,14891,126663,California
Los Angeles,2020-12-31,7960,134620,2764,106986,5196,27634,0,0,7957,134614,2,6,7957,134620,California
Los Angeles,2021-01-01,1038,135658,290,107276,748,28382,0,0,1038,135652,0,6,1038,135658,California
Los Angeles,2021-01-02,4487,140145,1829,109105,2658,31040,0,0,4487,140139,0,6,4487,140145,California
Los Angeles,2021-01-03,957,141102,377,109482,580,31620,0,0,956,141094,1,7,956,141101,California
Los Angeles,2021-01-04,12741,153843,5018,114500,7723,39343,0,0,12726,153817,3,10,12726,153827,California
Los Angeles,2021-01-05,16091,169934,7409,121909,8682,48025,0,0,14177,166112,1886,1896,14181,168008,California
Los Angeles,2021-01-06,22725,192659,12244,134153,10481,58506,0,0,17089,177644,5567,7463,17099,185107,California
Los Angeles,2021-01-07,29423,222082,15949,150102,13474,71980,0,0,18867,186018,10508,17971,18882,203989,California
Los Angeles,2021-01-08,33191,255273,18023,168125,15168,87148,0,0,20920,194704,12245,30216,20931,224920,California
Los Angeles,2021-01-09,12402,267675,7163,175288,5239,92387,0,0,7515,197343,4884,35100,7523,232443,California
Los Angeles,2021-01-10,4699,272374,3732,179020,967,93354,0,0,1965,196575,2734,37834,1966,234409,California
Los Angeles,2021-01-11,25855,298229,16282,195302,9573,102927,0,0,14898,200537,10946,48780,14908,249317,California
Los Angeles,2021-01-12,29381,327610,16232,211534,13149,116076,0,0,19233,209652,10130,58910,19245,268562,California
Los Angeles,2021-01-13,29325,356935,15679,227213,13646,129722,0,0,20364,221078,8943,67853,20369,288931,California
Los Angeles,2021-01-14,29302,386237,12727,239940,16575,146297,0,0,23772,239351,5511,73364,23784,312715,California
Los Angeles,2021-01-15,33869,420106,12400,252340,21469,167766,0,0,30285,266086,3558,76922,30293,343008,California
Los Angeles,2021-01-16,17594,437700,4966,257306,12628,180394,0,0,15810,280125,1776,78698,15815,358823,California
Los Angeles,2021-01-17,5207,442907,2317,259623,2890,183284,0,0,4959,284839,247,78945,4961,363784,California
Los Angeles,2021-01-18,15651,458558,10105,269728,5546,188830,0,0,10924,291050,4715,83660,10926,374710,California
Los Angeles,2021-01-19,38657,497215,20635,290363,18022,206852,0,0,30840,314126,7776,91436,30852,405562,California
Los Angeles,2021-01-20,46316,543531,24200,314563,22116,228968,0,0,38823,345497,7462,98898,38833,444395,California
Los Angeles,2021-01-21,48820,592351,22463,337026,26357,255325,0,0,44534,385825,4221,103119,44549,488944,California
Los Angeles,2021-01-22,48175,640526,22357,359383,25818,281143,0,0,44733,427175,3395,106514,44745,533689,California
Los Angeles,2021-01-23,34099,674625,15735,375118,18364,299507,0,0,32033,457188,2033,108547,32046,565735,California
Los Angeles,2021-01-24,15749,690374,12220,387338,3529,303036,0,0,15200,471849,542,109089,15203,580938,California
Los Angeles,2021-01-25,39390,729764,16627,403965,22763,325799,0,0,30749,494003,8611,117700,30765,611703,California
Los Angeles,2021-01-26,49554,779318,24572,428537,24982,350781,0,0,41317,527138,8201,125901,41336,653039,California
Los Angeles,2021-01-27,50921,830239,25905,454442,25016,375797,0,0,41505,559392,9274,135175,41528,694567,California
Los Angeles,2021-01-28,48853,879092,23378,477820,25475,401272,0,0,40396,591469,8334,143509,40411,734978,California
Los Angeles,2021-01-29,49644,928736,25601,503421,24043,425315,0,0,39535,621265,9756,153265,39552,774530,California
Los Angeles,2021-01-30,30254,958990,15588,519009,14666,439981,0,0,25956,643006,4220,157485,25961,800491,California
Los Angeles,2021-01-31,12986,971976,10335,529344,2651,442632,0,0,12165,654368,807,158292,12169,812660,California
Los Angeles,2021-02-01,38703,1010679,16559,545903,22144,464776,0,0,28147,672005,10520,168812,28157,840817,California
Los Angeles,2021-02-02,44586,1055265,17938,563841,26648,491424,0,0,32386,692239,12159,180971,32393,873210,California
Los Angeles,2021-02-03,52229,1107494,19578,583419,32651,524075,0,0,37324,714912,14659,195630,37332,910542,California
Los Angeles,2021-02-04,57213,1164707,20679,604098,36534,560609,0,0,39133,736288,17771,213401,39147,949689,California
Los Angeles,2021-02-05,61409,1226116,21141,625239,40268,600877,0,0,39415,754140,21572,234973,39424,989113,California
Los Angeles,2021-02-06,35649,1261765,13402,638641,22247,623124,0,0,27178,772946,8394,243367,27200,1016313,California
Los Angeles,2021-02-07,10900,1272665,8466,647107,2434,625558,0,0,8502,779073,2382,245749,8509,1024822,California
Los Angeles,2021-02-08,47002,1319667,21731,668838,25271,650829,0,0,30756,793719,16112,261861,30758,1055580,California
Los Angeles,2021-02-09,56021,1375688,24763,693601,31258,682087,0,0,28528,794842,27412,289273,28535,1084115,California
Los Angeles,2021-02-10,66983,1442671,29395,722996,37588,719675,0,0,30720,789691,35881,325154,30730,1114845,California
Los Angeles,2021-02-11,58418,1501089,31230,754226,27188,746863,0,0,28235,788196,29734,354888,28239,1143084,California
Los Angeles,2021-02-12,59782,1560871,29897,784123,29885,776748,0,0,26095,780972,33336,388224,26112,1169196,California
Los Angeles,2021-02-13,33955,1594826,19759,803882,14196,790944,0,0,15540,778222,18329,406553,15579,1184775,California
Los Angeles,2021-02-14,21819,1616645,14893,818775,6926,797870,0,0,8767,774003,12989,419542,8770,1193545,California
Los Angeles,2021-02-15,32887,1649532,15969,834744,16918,814788,0,0,18062,777313,14758,434300,18068,1211613,California
Los Angeles,2021-02-16,64361,1713893,32686,867430,31675,846463,0,0,29921,772906,34341,468641,29934,1241547,California
Los Angeles,2021-02-17,64983,1778876,34618,902048,30365,876828,0,0,26529,761180,38261,506902,26535,1268082,California
Los Angeles,2021-02-18,68671,1847547,34866,936914,33805,910633,0,0,28672,750051,39812,546714,28683,1296765,California
Los Angeles,2021-02-19,58416,1905963,36077,972991,22339,932972,0,0,28630,749014,29683,576397,28646,1325411,California
Los Angeles,2021-02-20,32968,1938931,24000,996991,8968,941940,0,0,15885,747873,17034,593431,15893,1341304,California
Los Angeles,2021-02-21,22225,1961156,20558,1017549,1667,943607,0,0,11091,747914,11077,604508,11118,1352422,California
Los Angeles,2021-02-22,34634,1995790,25227,1042776,9407,953014,0,0,17886,749155,16667,621175,17908,1370330,California
Los Angeles,2021-02-23,54950,2050740,23724,1066500,31226,984240,0,0,21605,737551,33221,654396,21617,1391947,California
Los Angeles,2021-02-24,65085,2115825,28975,1095475,36110,1020350,0,0,28135,728936,36771,691167,28156,1420103,California
Los Angeles,2021-02-25,74221,2190046,33976,1129451,40245,1060595,0,0,38330,731558,35721,726888,38343,1458446,California
Los Angeles,2021-02-26,83783,2273829,38786,1168237,44997,1105592,0,0,47053,742146,36495,763383,47083,1505529,California
Los Angeles,2021-02-27,60310,2334139,26525,1194762,33779,1139371,6,6,30846,743723,29298,792681,30875,1536404,California
Los Angeles,2021-02-28,26901,2361040,18563,1213325,8335,1147706,3,9,18894,754725,7901,800582,18903,1555307,California
Los Angeles,2021-03-01,56946,2417986,32343,1245668,24575,1172281,28,37,34229,766459,22539,823121,34273,1589580,California
Los Angeles,2021-03-02,77640,2495626,37738,1283406,39899,1212180,3,40,48942,786856,28560,851681,48957,1638537,California
Los Angeles,2021-03-03,84667,2580293,43188,1326594,41465,1253645,14,54,53506,809420,30987,882668,53551,1692088,California
Los Angeles,2021-03-04,90702,2670995,46566,1373160,44123,1297768,13,67,57230,833395,33287,915955,57262,1749350,California
Los Angeles,2021-03-05,89990,2760985,44434,1417594,45526,1343294,30,97,60300,864270,29492,945447,60367,1809717,California
Los Angeles,2021-03-06,67330,2828315,34317,1451911,31185,1374479,1828,1925,43410,885737,23776,969223,45243,1854960,California
Los Angeles,2021-03-07,27238,2855553,20774,1472685,5634,1380113,830,2755,21076,901506,6133,975356,21902,1876862,California
Los Angeles,2021-03-08,52787,2908340,27914,1500599,22907,1403020,1966,4721,39894,930574,12789,988145,41857,1918719,California
Los Angeles,2021-03-09,81439,2989779,38692,1539291,39469,1442489,3278,7999,51884,956320,29405,1017550,55151,1973870,California
Los Angeles,2021-03-10,83117,3072896,40909,1580200,37325,1479814,4883,12882,52620,983455,30328,1047878,57463,2031333,California
Los Angeles,2021-03-11,92812,3165708,45315,1625515,40807,1520621,6690,19572,54354,1006188,38266,1086144,60999,2092332,California
Los Angeles,2021-03-12,98970,3264678,44568,1670083,40486,1561107,13916,33488,57692,1036724,41074,1127218,71610,2163942,California
Los Angeles,2021-03-13,75714,3340392,35793,1705876,27947,1589054,11974,45462,45239,1063587,30364,1157582,57227,2221169,California
Los Angeles,2021-03-14,39092,3379484,26294,1732170,10251,1599305,2547,48009,24006,1075104,15019,1172601,26536,2247705,California
Los Angeles,2021-03-15,74935,3454419,36522,1768692,32962,1632267,5451,53460,45401,1096580,29351,1201952,50827,2298532,California
Los Angeles,2021-03-16,99905,3554324,43682,1812374,50343,1682610,5880,59340,64714,1132140,34999,1236951,70559,2369091,California
Los Angeles,2021-03-17,97177,3651501,44036,1856410,44830,1727440,8311,67651,65020,1173386,31953,1268904,73199,2442290,California
Los Angeles,2021-03-18,101875,3753376,48718,1905128,47831,1775271,5326,72977,64660,1206427,36928,1305832,69969,2512259,California
Los Angeles,2021-03-19,109177,3862553,56943,1962071,47464,1822735,4770,77747,67320,1236881,41584,1347416,72038,2584297,California
Los Angeles,2021-03-20,76349,3938902,37722,1999793,34041,1856776,4586,82333,51822,1268928,24343,1371759,56390,2640687,California
Los Angeles,2021-03-21,34624,3973526,25759,2025552,7964,1864740,901,83234,22217,1279759,12285,1384044,23116,2663803,California
Los Angeles,2021-03-22,70802,4044328,41575,2067127,27074,1891814,2153,85387,49695,1310758,20845,1404889,51844,2715647,California
Los Angeles,2021-03-23,96363,4140691,52115,2119242,41020,1932834,3228,88615,58360,1334599,37735,1442624,61576,2777223,California
Los Angeles,2021-03-24,104893,4245584,55761,2175003,45984,1978818,3148,91763,60816,1354798,43753,1486377,63952,2841175,California
Los Angeles,2021-03-25,110582,4356166,59322,2234325,47371,2026189,3889,95652,62168,1372729,48113,1534490,66044,2907219,California
Los Angeles,2021-03-26,115238,4471404,63321,2297646,47740,2073929,4177,99829,63579,1389093,51373,1585863,67737,2974956,California
Los Angeles,2021-03-27,83549,4554953,44300,2341946,37116,2111045,2133,101962,42687,1393323,40598,1626461,44828,3019784,California
Los Angeles,2021-03-28,42174,4597127,28604,2370550,12985,2124030,585,102547,20053,1391973,21988,1648449,20638,3040422,California
Los Angeles,2021-03-29,82975,4680102,47139,2417689,34064,2158094,1772,104319,46081,1403150,36689,1685138,47866,3088288,California
Los Angeles,2021-03-30,108912,4789014,52022,2469711,50958,2209052,5932,110251,56932,1414249,51743,1736881,62842,3151130,California
Los Angeles,2021-03-31,122620,4911634,62100,2531811,51683,2260735,8837,119088,68605,1437956,53711,1790592,77418,3228548,California
Los Angeles,2021-04-01,133278,5044912,62571,2594382,55334,2316069,15373,134461,71912,1464175,61041,1851633,87260,3315808,California
Los Angeles,2021-04-02,132104,5177016,58816,2653198,57790,2373859,15498,149959,70318,1488568,61451,1913084,85844,3401652,California
Los Angeles,2021-04-03,98535,5275551,45125,2698323,39802,2413661,13608,163567,48486,1500739,49863,1962947,62034,3463686,California
Los Angeles,2021-04-04,39192,5314743,20515,2718838,12043,2425704,6634,170201,16364,1500950,22751,1985698,22962,3486648,California
Los Angeles,2021-04-05,93844,5408587,44454,2763292,39172,2464876,10218,180419,44554,1506611,49084,2034782,54745,3541393,California
Los Angeles,2021-04-06,121075,5529662,57009,2820301,43761,2508637,20305,200724,55503,1517042,65323,2100105,75754,3617147,California
Los Angeles,2021-04-07,120114,5649776,54654,2874955,44340,2552977,21120,221844,54309,1526921,65551,2165656,75430,3692577,California
Los Angeles,2021-04-08,132810,5782586,58580,2933535,50156,2603133,24074,245918,60001,1538518,72525,2238181,84122,3776699,California
Los Angeles,2021-04-09,131529,5914115,56971,2990506,50628,2653761,23930,269848,56372,1544051,74865,2313046,80398,3857097,California
Los Angeles,2021-04-10,101440,6015555,43008,3033514,34419,2688180,24013,293861,37127,1541150,64082,2377128,61181,3918278,California
Los Angeles,2021-04-11,41733,6057288,22560,3056074,9630,2697810,9543,303404,14141,1537290,27511,2404639,23651,3941929,California
Los Angeles,2021-04-12,78737,6136025,38494,3094568,33919,2731729,6324,309728,32173,1529408,46359,2450998,38477,3980406,California
Los Angeles,2021-04-13,117195,6253220,59015,3153583,57755,2789484,425,310153,61732,1536376,55228,2506226,62196,4042602,California
Los Angeles,2021-04-14,118767,6371987,59499,3213082,59137,2848621,131,310284,64359,1546742,54143,2560369,64509,4107111,California
Los Angeles,2021-04-15,129757,6501744,70216,3283298,59369,2907990,172,310456,74274,1565844,55209,2615578,74311,4181422,California
Los Angeles,2021-04-16,130081,6631825,68761,3352059,61178,2969168,142,310598,68435,1572987,61364,2676942,68507,4249929,California
Los Angeles,2021-04-17,98076,6729901,51290,3403349,46761,3015929,25,310623,55894,1586937,41968,2718910,55918,4305847,California
Los Angeles,2021-04-18,33859,6763760,22459,3425808,11399,3027328,1,310624,18451,1590062,15333,2734243,18458,4324305,California
Los Angeles,2021-04-19,74849,6838609,39609,3465417,35227,3062555,13,310637,33233,1581883,41434,2775677,33255,4357560,California
Los Angeles,2021-04-20,102869,6941478,50204,3515621,52643,3115198,22,310659,51102,1581482,51527,2827204,51126,4408686,California
Los Angeles,2021-04-21,109456,7050934,52678,3568299,56589,3171787,189,310848,48249,1569033,60886,2888090,48437,4457123,California
Los Angeles,2021-04-22,116266,7167200,59730,3628029,56503,3228290,33,310881,51276,1555661,64685,2952775,51313,4508436,California
Los Angeles,2021-04-23,114258,7281458,62584,3690613,51654,3279944,20,310901,54149,1550021,59808,3012583,54168,4562604,California
Los Angeles,2021-04-24,88530,7369988,57137,3747750,31367,3311311,26,310927,49191,1560135,39110,3051693,49224,4611828,California
Los Angeles,2021-04-25,37827,7407815,25146,3772896,12676,3323987,5,310932,20426,1563268,17298,3068991,20431,4632259,California
Los Angeles,2021-04-26,69481,7477296,37238,3810134,31784,3355771,459,311391,34145,1562735,35130,3104121,34597,4666856,California
Los Angeles,2021-04-27,86920,7564216,42069,3852203,43123,3398894,1728,313119,33134,1544069,53516,3157637,34850,4701706,California
Los Angeles,2021-04-28,84772,7648988,40923,3893126,41813,3440707,2036,315155,33056,1527734,51414,3209051,35079,4736785,California
Los Angeles,2021-04-29,91305,7740293,45460,3938586,43708,3484415,2137,317292,32359,1503651,58571,3267622,34488,4771273,California
Los Angeles,2021-04-30,99008,7839301,49172,3987758,47437,3531852,2399,319691,35699,1478830,62902,3330524,38081,4809354,California
Los Angeles,2021-05-01,75095,7914396,42175,4029933,31422,3563274,1498,321189,28261,1462040,46544,3377068,29754,4839108,California
Los Angeles,2021-05-02,27917,7942313,17915,4047848,9269,3572543,733,321922,10101,1455167,17703,3394771,10830,4849938,California
Los Angeles,2021-05-03,60457,8002770,29691,4077539,28607,3601150,2159,324081,21300,1439696,38915,3433686,23444,4873382,California
Los Angeles,2021-05-04,85186,8087956,46966,4124505,36001,3637151,2219,326300,26029,1409080,58845,3492531,28229,4901611,California
Los Angeles,2021-05-05,88145,8176101,51397,4175902,34417,3671568,2331,328631,24033,1371638,63794,3556325,26352,4927963,California
Los Angeles,2021-05-06,95883,8271984,57808,4233710,35588,3707156,2487,331118,22814,1324234,72687,3629012,25283,4953246,California
Los Angeles,2021-05-07,95119,8367103,56707,4290417,36087,3743243,2325,333443,25823,1283402,68959,3697971,28127,4981373,California
Los Angeles,2021-05-08,63441,8430544,41766,4332183,20065,3763308,1610,335053,17135,1256311,45826,3743797,18735,5000108,California
Los Angeles,2021-05-09,23708,8454252,17923,4350106,5054,3768362,731,335784,6064,1245667,17434,3761231,6790,5006898,California
Los Angeles,2021-05-10,48315,8502567,25385,4375491,21091,3789453,1839,337623,14478,1228445,33531,3794762,16309,5023207,California
Los Angeles,2021-05-11,66767,8569334,35821,4411312,28945,3818398,2001,339624,17024,1197951,49498,3844260,19004,5042211,California
Los Angeles,2021-05-12,66913,8636247,36072,4447384,28726,3847124,2115,341739,18793,1171009,47836,3892096,20894,5063105,California
Los Angeles,2021-05-13,69484,8705731,42030,4489414,25824,3872948,1630,343369,24413,1152398,44643,3936739,26032,5089137,California
Los Angeles,2021-05-14,86777,8792508,55309,4544723,29672,3902620,1796,345165,32797,1133314,53670,3990409,34586,5123723,California
Los Angeles,2021-05-15,73585,8866093,52082,4596805,20033,3922653,1470,346635,28568,1118583,44759,4035168,30028,5153751,California
Los Angeles,2021-05-16,30359,8896452,24010,4620815,5745,3928398,604,347239,12146,1113207,18124,4053292,12748,5166499,California
Los Angeles,2021-05-17,61050,8957502,39877,4660692,19451,3947849,1722,348961,26267,1106646,34565,4087857,28004,5194503,California
Los Angeles,2021-05-18,63691,9021193,38190,4698882,23733,3971582,1768,350729,26892,1098750,36523,4124380,28627,5223130,California
Los Angeles,2021-05-19,66722,9087915,40455,4739337,24454,3996036,1813,352542,29402,1092886,37061,4161441,31197,5254327,California
Los Angeles,2021-05-20,52896,9140811,29792,4769129,21289,4017325,1815,354357,20774,1083644,31826,4193267,22584,5276911,California
Los Angeles,2021-05-21,55414,9196225,34462,4803591,19160,4036485,1792,356149,23062,1076424,32071,4225338,24851,5301762,California
Los Angeles,2021-05-22,44275,9240500,29553,4833144,13256,4049741,1466,357615,19112,1072003,24991,4250329,20570,5322332,California
Los Angeles,2021-05-23,14478,9254978,11352,4844496,2465,4052206,661,358276,7455,1073158,6958,4257287,8113,5330445,California
Los Angeles,2021-05-24,47520,9302498,26205,4870701,19503,4071709,1812,360088,19026,1065695,28288,4285575,20825,5351270,California
Los Angeles,2021-05-25,48784,9351282,28365,4899066,18656,4090365,1763,361851,19895,1058695,28646,4314221,21646,5372916,California
Los Angeles,2021-05-26,45747,9397029,25779,4924845,18190,4108555,1778,363629,19758,1054536,25578,4339799,21419,5394335,California
Los Angeles,2021-05-27,44320,9441349,24743,4949588,17797,4126352,1780,365409,18853,1049919,25230,4365029,20613,5414948,California
Los Angeles,2021-05-28,50505,9491854,28499,4978087,20163,4146515,1843,367252,22788,1047091,27444,4392473,24616,5439564,California
Los Angeles,2021-05-29,28713,9520567,16837,4994924,10859,4157374,1017,368269,13446,1046438,15104,4407577,14451,5454015,California
Los Angeles,2021-05-30,12219,9532786,8060,5002984,3461,4160835,698,368967,5825,1046611,6345,4413922,6518,5460533,California
Los Angeles,2021-05-31,5890,9538676,3688,5006672,1905,4162740,297,369264,1692,1044443,4154,4418076,1986,5462519,California
Los Angeles,2021-06-01,41804,9580480,22591,5029263,17720,4180460,1493,370757,16012,1036434,25490,4443566,17481,5480000,California
Los Angeles,2021-06-02,17923,9598403,10588,5039851,6559,4187019,776,371533,6776,1032984,10981,4454547,7531,5487531,California
Madera,2020-12-16,21,21,21,21,0,0,0,0,21,21,0,0,21,21,California
Madera,2020-12-17,13,34,13,34,0,0,0,0,13,34,0,0,13,34,California
Madera,2020-12-18,60,94,60,94,0,0,0,0,60,94,0,0,60,94,California
Madera,2020-12-19,5,99,5,99,0,0,0,0,5,99,0,0,5,99,California
Madera,2020-12-20,14,113,14,113,0,0,0,0,14,113,0,0,14,113,California
Madera,2020-12-21,59,172,59,172,0,0,0,0,59,172,0,0,59,172,California
Madera,2020-12-22,97,269,95,267,2,2,0,0,97,269,0,0,97,269,California
Madera,2020-12-23,68,337,68,335,0,2,0,0,68,337,0,0,68,337,California
Madera,2020-12-24,45,382,40,375,5,7,0,0,45,382,0,0,45,382,California
Madera,2020-12-26,28,410,26,401,2,9,0,0,28,410,0,0,28,410,California
Madera,2020-12-27,29,439,12,413,17,26,0,0,29,439,0,0,29,439,California
Madera,2020-12-28,106,545,36,449,70,96,0,0,106,545,0,0,106,545,California
Madera,2020-12-29,172,717,37,486,135,231,0,0,172,717,0,0,172,717,California
Madera,2020-12-30,221,938,87,573,134,365,0,0,221,938,0,0,221,938,California
Madera,2020-12-31,201,1139,80,653,121,486,0,0,201,1139,0,0,201,1139,California
Madera,2021-01-01,1,1140,1,654,0,486,0,0,1,1140,0,0,1,1140,California
Madera,2021-01-02,89,1229,33,687,56,542,0,0,89,1229,0,0,89,1229,California
Madera,2021-01-03,5,1234,5,692,0,542,0,0,5,1234,0,0,5,1234,California
Madera,2021-01-04,129,1363,65,757,64,606,0,0,129,1363,0,0,129,1363,California
Madera,2021-01-05,279,1642,143,900,136,742,0,0,275,1634,4,4,275,1638,California
Madera,2021-01-06,183,1825,26,926,157,899,0,0,164,1779,19,23,164,1802,California
Madera,2021-01-07,400,2225,116,1042,284,1183,0,0,377,2134,23,46,378,2180,California
Madera,2021-01-08,418,2643,72,1114,346,1529,0,0,363,2444,54,100,364,2544,California
Madera,2021-01-09,36,2679,14,1128,22,1551,0,0,27,2462,9,109,27,2571,California
Madera,2021-01-10,17,2696,14,1142,3,1554,0,0,5,2455,12,121,5,2576,California
Madera,2021-01-11,238,2934,190,1332,48,1602,0,0,197,2611,41,162,197,2773,California
Madera,2021-01-12,392,3326,159,1491,233,1835,0,0,287,2793,105,267,287,3060,California
Madera,2021-01-13,184,3510,92,1583,92,1927,0,0,127,2864,57,324,128,3188,California
Madera,2021-01-14,554,4064,81,1664,473,2400,0,0,520,3350,34,358,520,3708,California
Madera,2021-01-15,599,4663,160,1824,439,2839,0,0,578,3907,21,379,578,4286,California
Madera,2021-01-16,382,5045,48,1872,334,3173,0,0,354,4233,28,407,354,4640,California
Madera,2021-01-17,335,5380,15,1887,320,3493,0,0,331,4560,4,411,331,4971,California
Madera,2021-01-18,77,5457,60,1947,17,3510,0,0,58,4600,18,429,58,5029,California
Madera,2021-01-19,573,6030,137,2084,436,3946,0,0,545,5118,28,457,546,5575,California
Madera,2021-01-20,235,6265,80,2164,155,4101,0,0,207,5298,27,484,207,5782,California
Madera,2021-01-21,239,6504,131,2295,108,4209,0,0,206,5473,31,515,206,5988,California
Madera,2021-01-22,257,6761,83,2378,174,4383,0,0,242,5700,15,530,242,6230,California
Madera,2021-01-23,100,6861,52,2430,48,4431,0,0,76,5752,24,554,76,6306,California
Madera,2021-01-24,100,6961,82,2512,18,4449,0,0,78,5808,22,576,78,6384,California
Madera,2021-01-25,264,7225,126,2638,138,4587,0,0,145,5834,119,695,145,6529,California
Madera,2021-01-26,486,7711,189,2827,297,4884,0,0,295,5940,190,885,296,6825,California
Madera,2021-01-27,738,8449,63,2890,675,5559,0,0,601,6406,137,1022,603,7428,California
Madera,2021-01-28,545,8994,108,2998,437,5996,0,0,441,6743,104,1126,441,7869,California
Madera,2021-01-29,467,9461,94,3092,373,6369,0,0,412,7100,55,1181,412,8281,California
Madera,2021-01-30,505,9966,16,3108,489,6858,0,0,451,7497,54,1235,451,8732,California
Madera,2021-01-31,9,9975,6,3114,3,6861,0,0,8,7504,1,1236,8,8740,California
Madera,2021-02-01,332,10307,148,3262,184,7045,0,0,206,7584,126,1362,206,8946,California
Madera,2021-02-02,252,10559,88,3350,164,7209,0,0,161,7656,90,1452,162,9108,California
Madera,2021-02-03,596,11155,462,3812,134,7343,0,0,475,8014,119,1571,477,9585,California
Madera,2021-02-04,392,11547,124,3936,268,7611,0,0,114,7852,277,1848,115,9700,California
Madera,2021-02-05,976,12523,297,4233,679,8290,0,0,370,7623,600,2448,371,10071,California
Madera,2021-02-06,360,12883,326,4559,34,8324,0,0,320,7904,39,2487,320,10391,California
Madera,2021-02-07,34,12917,6,4565,28,8352,0,0,29,7928,5,2492,29,10420,California
Madera,2021-02-08,383,13300,307,4872,76,8428,0,0,269,8084,113,2605,269,10689,California
Madera,2021-02-09,479,13779,118,4990,361,8789,0,0,197,8003,279,2884,198,10887,California
Madera,2021-02-10,430,14209,149,5139,281,9070,0,0,325,8223,105,2989,325,11212,California
Madera,2021-02-11,939,15148,308,5447,631,9701,0,0,407,8100,531,3520,408,11620,California
Madera,2021-02-12,842,15990,120,5567,722,10423,0,0,311,7889,525,4045,314,11934,California
Madera,2021-02-13,484,16474,43,5610,441,10864,0,0,138,7685,345,4390,141,12075,California
Madera,2021-02-14,399,16873,75,5685,324,11188,0,0,135,7557,264,4654,136,12211,California
Madera,2021-02-15,246,17119,100,5785,146,11334,0,0,175,7662,70,4724,175,12386,California
Madera,2021-02-16,774,17893,183,5968,591,11925,0,0,228,7347,544,5268,229,12615,California
Madera,2021-02-17,611,18504,274,6242,337,12262,0,0,340,7423,266,5534,342,12957,California
Madera,2021-02-18,1300,19804,540,6782,760,13022,0,0,1121,8366,179,5713,1122,14079,California
Madera,2021-02-19,858,20662,543,7325,315,13337,0,0,716,8941,142,5855,717,14796,California
Madera,2021-02-20,1071,21733,979,8304,92,13429,0,0,998,9868,72,5927,999,15795,California
Madera,2021-02-21,962,22695,819,9123,143,13572,0,0,957,10820,5,5932,957,16752,California
Madera,2021-02-22,912,23607,834,9957,78,13650,0,0,856,11620,56,5988,856,17608,California
Madera,2021-02-23,774,24381,501,10458,273,13923,0,0,546,11941,225,6213,546,18154,California
Madera,2021-02-24,909,25290,299,10757,610,14533,0,0,379,11791,529,6742,379,18533,California
Madera,2021-02-25,1032,26322,317,11074,715,15248,0,0,599,11959,431,7173,599,19132,California
Madera,2021-02-26,1088,27410,197,11271,891,16139,0,0,710,12293,376,7549,710,19842,California
Madera,2021-02-27,893,28303,261,11532,632,16771,0,0,469,12344,421,7970,472,20314,California
Madera,2021-02-28,189,28492,29,11561,160,16931,0,0,184,12523,5,7975,184,20498,California
Madera,2021-03-01,378,28870,119,11680,259,17190,0,0,196,12539,180,8155,196,20694,California
Madera,2021-03-02,744,29614,351,12031,393,17583,0,0,631,13059,112,8267,632,21326,California
Madera,2021-03-03,1347,30961,720,12751,627,18210,0,0,943,13627,401,8668,969,22295,California
Madera,2021-03-04,1205,32166,527,13278,678,18888,0,0,954,14332,252,8920,957,23252,California
Madera,2021-03-05,1361,33527,421,13699,927,19815,13,13,1082,15161,277,9197,1106,24358,California
Madera,2021-03-06,815,34342,634,14333,149,19964,32,45,497,15374,317,9514,530,24888,California
Madera,2021-03-07,154,34496,28,14361,104,20068,22,67,104,15450,50,9564,126,25014,California
Madera,2021-03-08,600,35096,335,14696,206,20274,59,126,306,15523,294,9858,367,25381,California
Madera,2021-03-09,596,35692,296,14992,266,20540,34,160,408,15787,186,10044,450,25831,California
Madera,2021-03-10,1189,36881,560,15552,551,21091,78,238,758,16197,427,10471,837,26668,California
Madera,2021-03-11,1687,38568,865,16417,490,21581,332,570,768,16392,917,11388,1112,27780,California
Madera,2021-03-12,1573,40141,813,17230,605,22186,155,725,795,16593,776,12164,977,28757,California
Madera,2021-03-13,1883,42024,1330,18560,355,22541,198,923,816,16560,1063,13227,1030,29787,California
Madera,2021-03-14,584,42608,449,19009,103,22644,32,955,294,16600,287,13514,327,30114,California
Madera,2021-03-15,739,43347,223,19232,469,23113,47,1002,513,16963,223,13737,586,30700,California
Madera,2021-03-16,930,44277,525,19757,358,23471,47,1049,740,17580,187,13924,804,31504,California
Madera,2021-03-17,1463,45740,979,20736,421,23892,63,1112,909,18096,546,14470,1062,32566,California
Madera,2021-03-18,1947,47687,684,21420,1202,25094,61,1173,974,18247,968,15438,1119,33685,California
Madera,2021-03-19,1583,49270,589,22009,910,26004,84,1257,1041,18899,539,15977,1191,34876,California
Madera,2021-03-20,1181,50451,775,22784,355,26359,51,1308,619,19056,561,16538,718,35594,California
Madera,2021-03-21,1100,51551,898,23682,156,26515,46,1354,382,18770,715,17253,429,36023,California
Madera,2021-03-22,1362,52913,852,24534,442,26957,68,1422,687,18895,672,17925,797,36820,California
Madera,2021-03-23,1419,54332,862,25396,467,27424,90,1512,677,19004,740,18665,849,37669,California
Madera,2021-03-24,947,55279,508,25904,408,27832,31,1543,618,19331,326,18991,653,38322,California
Madera,2021-03-25,1167,56446,528,26432,615,28447,24,1567,645,19501,512,19503,682,39004,California
Madera,2021-03-26,1519,57965,579,27011,808,29255,132,1699,710,19541,805,20308,845,39849,California
Madera,2021-03-27,920,58885,600,27611,296,29551,24,1723,416,19482,500,20808,441,40290,California
Madera,2021-03-28,435,59320,152,27763,222,29773,61,1784,242,19646,192,21000,356,40646,California
Madera,2021-03-29,685,60005,179,27942,477,30250,29,1813,491,19980,190,21190,524,41170,California
Madera,2021-03-30,1072,61077,605,28547,435,30685,32,1845,480,19905,589,21779,514,41684,California
Madera,2021-03-31,1395,62472,544,29091,717,31402,134,1979,428,19508,961,22740,564,42248,California
Madera,2021-04-01,1357,63829,620,29711,686,32088,51,2030,475,19159,874,23614,525,42773,California
Madera,2021-04-02,1603,65432,459,30170,1085,33173,59,2089,476,18581,1116,24730,538,43311,California
Madera,2021-04-03,958,66390,761,30931,177,33350,20,2109,394,18442,562,25292,423,43734,California
Madera,2021-04-04,187,66577,65,30996,120,33470,2,2111,88,18433,99,25391,90,43824,California
Madera,2021-04-05,737,67314,255,31251,424,33894,58,2169,343,18455,393,25784,415,44239,California
Madera,2021-04-06,1707,69021,891,32142,465,34359,351,2520,533,18169,1173,26957,887,45126,California
Madera,2021-04-07,1215,70236,376,32518,689,35048,150,2670,419,17953,793,27750,577,45703,California
Madera,2021-04-08,1710,71946,662,33180,790,35838,258,2928,550,17615,1154,28904,816,46519,California
Madera,2021-04-09,1629,73575,685,33865,796,36634,148,3076,941,18026,683,29587,1094,47613,California
Madera,2021-04-10,967,74542,681,34546,218,36852,68,3144,707,18541,261,29848,776,48389,California
Madera,2021-04-11,801,75343,648,35194,75,36927,78,3222,283,18385,515,30363,359,48748,California
Madera,2021-04-12,781,76124,268,35462,436,37363,77,3299,302,18286,479,30842,380,49128,California
Madera,2021-04-13,1236,77360,608,36070,587,37950,41,3340,719,18541,515,31357,770,49898,California
Madera,2021-04-14,1381,78741,854,36924,527,38477,0,3340,568,18302,813,32170,574,50472,California
Madera,2021-04-15,1154,79895,500,37424,653,39130,1,3341,418,17998,724,32894,420,50892,California
Madera,2021-04-16,1307,81202,535,37959,772,39902,0,3341,365,17434,930,33824,366,51258,California
Madera,2021-04-17,1271,82473,1072,39031,199,40101,0,3341,759,17682,511,34335,759,52017,California
Madera,2021-04-18,246,82719,207,39238,39,40140,0,3341,88,17614,156,34491,88,52105,California
Madera,2021-04-19,804,83523,236,39474,567,40707,1,3342,277,17370,521,35012,277,52382,California
Madera,2021-04-20,871,84394,427,39901,444,41151,0,3342,215,16934,653,35665,217,52599,California
Madera,2021-04-21,857,85251,452,40353,405,41556,0,3342,289,16657,568,36233,291,52890,California
Madera,2021-04-22,1059,86310,510,40863,549,42105,0,3342,371,16345,684,36917,372,53262,California
Madera,2021-04-23,960,87270,306,41169,654,42759,0,3342,334,16058,621,37538,334,53596,California
Madera,2021-04-24,705,87975,463,41632,242,43001,0,3342,246,15850,455,37993,247,53843,California
Madera,2021-04-25,265,88240,161,41793,101,43102,3,3345,118,15829,143,38136,122,53965,California
Madera,2021-04-26,520,88760,97,41890,417,43519,6,3351,113,15544,404,38540,119,54084,California
Madera,2021-04-27,570,89330,266,42156,282,43801,22,3373,300,15598,269,38809,323,54407,California
Madera,2021-04-28,490,89820,196,42352,275,44076,19,3392,241,15610,247,39056,259,54666,California
Madera,2021-04-29,538,90358,241,42593,270,44346,27,3419,251,15608,280,39336,278,54944,California
Madera,2021-04-30,924,91282,501,43094,407,44753,16,3435,259,15224,659,39995,275,55219,California
Madera,2021-05-01,959,92241,865,43959,81,44834,13,3448,384,15048,573,40568,397,55616,California
Madera,2021-05-02,400,92641,351,44310,45,44879,4,3452,148,14948,252,40820,152,55768,California
Madera,2021-05-03,504,93145,201,44511,263,45142,40,3492,102,14691,399,41219,142,55910,California
Madera,2021-05-04,883,94028,433,44944,410,45552,40,3532,212,14272,671,41890,252,56162,California
Madera,2021-05-05,996,95024,475,45419,462,46014,59,3591,274,13885,720,42610,333,56495,California
Madera,2021-05-06,696,95720,248,45667,417,46431,31,3622,154,13533,537,43147,185,56680,California
Madera,2021-05-07,806,96526,279,45946,506,46937,21,3643,194,13140,607,43754,214,56894,California
Madera,2021-05-08,969,97495,756,46702,202,47139,11,3654,185,12553,783,44537,196,57090,California
Madera,2021-05-09,145,97640,19,46721,115,47254,11,3665,34,12488,110,44647,45,57135,California
Madera,2021-05-10,343,97983,73,46794,258,47512,12,3677,99,12356,243,44890,111,57246,California
Madera,2021-05-11,526,98509,174,46968,344,47856,8,3685,171,12182,353,45243,179,57425,California
Madera,2021-05-12,491,99000,222,47190,233,48089,36,3721,119,11967,370,45613,155,57580,California
Madera,2021-05-13,477,99477,287,47477,158,48247,32,3753,155,11834,320,45933,187,57767,California
Madera,2021-05-14,523,100000,261,47738,239,48486,23,3776,230,11797,290,46223,253,58020,California
Madera,2021-05-15,560,100560,475,48213,77,48563,8,3784,363,11973,195,46418,371,58391,California
Madera,2021-05-16,255,100815,186,48399,37,48600,32,3816,103,11956,152,46570,135,58526,California
Madera,2021-05-17,451,101266,186,48585,236,48836,29,3845,206,11950,242,46812,236,58762,California
Madera,2021-05-18,544,101810,364,48949,158,48994,22,3867,287,12006,253,47065,309,59071,California
Madera,2021-05-19,485,102295,226,49175,237,49231,22,3889,215,11974,269,47334,237,59308,California
Madera,2021-05-20,541,102836,241,49416,262,49493,38,3927,204,11885,331,47665,242,59550,California
Madera,2021-05-21,451,103287,166,49582,260,49753,25,3952,165,11794,281,47946,190,59740,California
Madera,2021-05-22,852,104139,777,50359,61,49814,14,3966,499,11955,352,48298,513,60253,California
Madera,2021-05-23,242,104381,227,50586,6,49820,9,3975,128,11979,113,48411,137,60390,California
Madera,2021-05-24,293,104674,140,50726,114,49934,39,4014,126,11977,167,48578,165,60555,California
Madera,2021-05-25,371,105045,167,50893,177,50111,27,4041,150,11937,217,48795,177,60732,California
Madera,2021-05-26,425,105470,257,51150,146,50257,22,4063,235,12005,189,48984,257,60989,California
Madera,2021-05-27,358,105828,135,51285,186,50443,37,4100,128,11943,227,49211,165,61154,California
Madera,2021-05-28,434,106262,170,51455,235,50678,29,4129,175,11890,257,49468,204,61358,California
Madera,2021-05-29,297,106559,216,51671,65,50743,16,4145,168,11945,129,49597,184,61542,California
Madera,2021-05-30,60,106619,25,51696,31,50774,4,4149,28,11946,31,49628,32,61574,California
Madera,2021-05-31,25,106644,8,51704,14,50788,3,4152,12,11948,13,49641,15,61589,California
Madera,2021-06-01,236,106880,114,51818,99,50887,23,4175,87,11910,148,49789,110,61699,California
Madera,2021-06-02,248,107128,68,51886,161,51048,19,4194,57,11797,189,49978,76,61775,California
Marin,2020-12-15,2,2,2,2,0,0,0,0,2,2,0,0,2,2,California
Marin,2020-12-16,109,111,109,111,0,0,0,0,109,111,0,0,109,111,California
Marin,2020-12-17,262,373,262,373,0,0,0,0,262,373,0,0,262,373,California
Marin,2020-12-18,376,749,376,749,0,0,0,0,376,749,0,0,376,749,California
Marin,2020-12-19,349,1098,348,1097,1,1,0,0,349,1098,0,0,349,1098,California
Marin,2020-12-20,166,1264,165,1262,1,2,0,0,166,1264,0,0,166,1264,California
Marin,2020-12-21,239,1503,236,1498,3,5,0,0,239,1503,0,0,239,1503,California
Marin,2020-12-22,523,2026,319,1817,204,209,0,0,523,2026,0,0,523,2026,California
Marin,2020-12-23,735,2761,321,2138,414,623,0,0,735,2761,0,0,735,2761,California
Marin,2020-12-24,357,3118,159,2297,198,821,0,0,357,3118,0,0,357,3118,California
Marin,2020-12-25,27,3145,0,2297,27,848,0,0,27,3145,0,0,27,3145,California
Marin,2020-12-26,144,3289,94,2391,50,898,0,0,144,3289,0,0,144,3289,California
Marin,2020-12-27,92,3381,55,2446,37,935,0,0,92,3381,0,0,92,3381,California
Marin,2020-12-28,408,3789,99,2545,309,1244,0,0,408,3789,0,0,408,3789,California
Marin,2020-12-29,403,4192,88,2633,315,1559,0,0,403,4192,0,0,403,4192,California
Marin,2020-12-30,626,4818,389,3022,237,1796,0,0,626,4818,0,0,626,4818,California
Marin,2020-12-31,198,5016,34,3056,164,1960,0,0,198,5016,0,0,198,5016,California
Marin,2021-01-01,21,5037,10,3066,11,1971,0,0,21,5037,0,0,21,5037,California
Marin,2021-01-02,113,5150,107,3173,6,1977,0,0,113,5150,0,0,113,5150,California
Marin,2021-01-03,49,5199,31,3204,18,1995,0,0,46,5196,0,0,46,5196,California
Marin,2021-01-04,295,5494,192,3396,103,2098,0,0,294,5489,1,1,294,5490,California
Marin,2021-01-05,369,5863,222,3618,147,2245,0,0,326,5772,43,44,326,5816,California
Marin,2021-01-06,818,6681,318,3936,500,2745,0,0,638,6230,180,224,638,6454,California
Marin,2021-01-07,887,7568,500,4436,387,3132,0,0,542,6427,345,569,542,6996,California
Marin,2021-01-08,971,8539,516,4952,455,3587,0,0,593,6643,377,946,593,7589,California
Marin,2021-01-09,620,9159,223,5175,397,3984,0,0,488,6999,132,1078,488,8077,California
Marin,2021-01-10,128,9287,99,5274,29,4013,0,0,55,6981,73,1151,55,8132,California
Marin,2021-01-11,470,9757,327,5601,143,4156,0,0,249,7011,221,1372,251,8383,California
Marin,2021-01-12,938,10695,543,6144,395,4551,0,0,570,7216,365,1737,570,8953,California
Marin,2021-01-13,1177,11872,497,6641,680,5231,0,0,939,7917,238,1975,939,9892,California
Marin,2021-01-14,1071,12943,318,6959,753,5984,0,0,921,8690,148,2123,921,10813,California
Marin,2021-01-15,1156,14099,353,7312,803,6787,0,0,1026,9588,129,2252,1027,11840,California
Marin,2021-01-16,1124,15223,915,8227,209,6996,0,0,1050,10564,74,2326,1050,12890,California
Marin,2021-01-17,1231,16454,1113,9340,118,7114,0,0,1202,11741,28,2354,1205,14095,California
Marin,2021-01-18,360,16814,158,9498,202,7316,0,0,309,11999,51,2405,309,14404,California
Marin,2021-01-19,1156,17970,913,10411,243,7559,0,0,983,12810,172,2577,983,15387,California
Marin,2021-01-20,1796,19766,1211,11622,585,8144,0,0,1066,13157,719,3296,1066,16453,California
Marin,2021-01-21,1683,21449,1061,12683,622,8766,0,0,1329,14137,351,3647,1331,17784,California
Marin,2021-01-22,1703,23152,1091,13774,612,9378,0,0,1531,15497,172,3819,1532,19316,California
Marin,2021-01-23,1847,24999,1344,15118,503,9881,0,0,1758,17167,88,3907,1758,21074,California
Marin,2021-01-24,614,25613,165,15283,449,10330,0,0,582,17717,32,3939,582,21656,California
Marin,2021-01-25,1135,26748,233,15516,902,11232,0,0,697,17977,438,4377,698,22354,California
Marin,2021-01-26,1509,28257,785,16301,724,11956,0,0,1133,18735,375,4752,1133,23487,California
Marin,2021-01-27,1716,29973,888,17189,828,12784,0,0,1356,19734,358,5110,1357,24844,California
Marin,2021-01-28,2085,32058,1071,18260,1014,13798,0,0,1820,21291,264,5374,1821,26665,California
Marin,2021-01-29,2193,34251,1445,19705,748,14546,0,0,1989,23089,192,5566,1990,28655,California
Marin,2021-01-30,1722,35973,907,20612,815,15361,0,0,1643,24654,79,5645,1644,30299,California
Marin,2021-01-31,458,36431,321,20933,137,15498,0,0,432,25060,26,5671,432,30731,California
Marin,2021-02-01,1093,37524,418,21351,675,16173,0,0,895,25759,197,5868,896,31627,California
Marin,2021-02-02,1379,38903,488,21839,891,17064,0,0,724,25839,644,6512,724,32351,California
Marin,2021-02-03,1774,40677,421,22260,1353,18417,0,0,1272,26610,501,7013,1272,33623,California
Marin,2021-02-04,1524,42201,498,22758,1026,19443,0,0,922,26933,599,7612,922,34545,California
Marin,2021-02-05,2172,44373,679,23437,1493,20936,0,0,1336,27437,832,8444,1336,35881,California
Marin,2021-02-06,1430,45803,851,24288,579,21515,0,0,607,27222,822,9266,607,36488,California
Marin,2021-02-07,1291,47094,1009,25297,282,21797,0,0,489,26910,801,10067,489,36977,California
Marin,2021-02-08,1521,48615,751,26048,770,22567,0,0,723,26837,796,10863,723,37700,California
Marin,2021-02-09,1781,50396,1121,27169,660,23227,0,0,834,26724,947,11810,834,38534,California
Marin,2021-02-10,2337,52733,1489,28658,848,24075,0,0,1214,26818,1121,12931,1215,39749,California
Marin,2021-02-11,2867,55600,1640,30298,1227,25302,0,0,1449,26857,1413,14344,1452,41201,California
Marin,2021-02-12,3065,58665,1540,31838,1525,26827,0,0,1560,26916,1502,15846,1561,42762,California
Marin,2021-02-13,2342,61007,1244,33082,1098,27925,0,0,1132,26840,1208,17054,1132,43894,California
Marin,2021-02-14,814,61821,302,33384,512,28437,0,0,721,27469,93,17147,722,44616,California
Marin,2021-02-15,1215,63036,356,33740,859,29296,0,0,835,27926,379,17526,836,45452,California
Marin,2021-02-16,2470,65506,1058,34798,1412,30708,0,0,1506,28469,963,18489,1506,46958,California
Marin,2021-02-17,2108,67614,947,35745,1161,31869,0,0,1090,28544,1016,19505,1091,48049,California
Marin,2021-02-18,2419,70033,1584,37329,835,32704,0,0,1058,28244,1358,20863,1058,49107,California
Marin,2021-02-19,2765,72798,2159,39488,606,33310,0,0,1221,27935,1531,22394,1222,50329,California
Marin,2021-02-20,2566,75364,2112,41600,454,33764,0,0,1216,27810,1342,23736,1217,51546,California
Marin,2021-02-21,1311,76675,1117,42717,194,33958,0,0,932,28367,375,24111,932,52478,California
Marin,2021-02-22,1834,78509,1412,44129,422,34380,0,0,1219,28974,613,24724,1220,53698,California
Marin,2021-02-23,2863,81372,1641,45770,1222,35602,0,0,1928,29980,923,25647,1929,55627,California
Marin,2021-02-24,3515,84887,1615,47385,1900,37502,0,0,2254,30981,1254,26901,2255,57882,California
Marin,2021-02-25,3941,88828,1814,49199,2127,39629,0,0,2779,32606,1155,28056,2780,60662,California
Marin,2021-02-26,3496,92324,1892,51091,1604,41233,0,0,2538,34199,946,29002,2539,63201,California
Marin,2021-02-27,2627,94951,1510,52601,1117,42350,0,0,1788,35153,836,29838,1790,64991,California
Marin,2021-02-28,1377,96328,916,53517,461,42811,0,0,1042,35863,332,30170,1042,66033,California
Marin,2021-03-01,2515,98843,1559,55076,955,43766,1,1,1691,36738,817,30987,1692,67725,California
Marin,2021-03-02,2524,101367,1682,56758,841,44607,1,2,1753,37725,767,31754,1754,69479,California
Marin,2021-03-03,4342,105709,2414,59172,1924,46531,4,6,2812,39017,1524,33278,2816,72295,California
Marin,2021-03-04,3389,109098,1665,60837,1723,48254,1,7,2369,40377,1013,34291,2373,74668,California
Marin,2021-03-05,3078,112176,1177,62014,1889,50143,12,19,1804,40924,1269,35560,1816,76484,California
Marin,2021-03-06,3255,115431,2338,64352,839,50982,78,97,2679,43109,571,36131,2756,79240,California
Marin,2021-03-07,1389,116820,1169,65521,196,51178,24,121,998,43745,386,36517,1022,80262,California
Marin,2021-03-08,1897,118717,1392,66913,388,51566,117,238,1426,44820,468,36985,1543,81805,California
Marin,2021-03-09,2226,120943,1343,68256,774,52340,109,347,1549,45802,675,37660,1657,83462,California
Marin,2021-03-10,4462,125405,2505,70761,1663,54003,294,641,3215,48071,1242,38902,3511,86973,California
Marin,2021-03-11,4583,129988,1883,72644,2564,56567,136,777,3285,50201,1291,40193,3421,90394,California
Marin,2021-03-12,3989,133977,1546,74190,2087,58654,356,1133,1575,49729,2403,42596,1931,92325,California
Marin,2021-03-13,4125,138102,2881,77071,1172,59826,72,1205,2446,50567,1677,44273,2515,94840,California
Marin,2021-03-14,2286,140388,1104,78175,1064,60890,118,1323,713,49826,1571,45844,830,95670,California
Marin,2021-03-15,3248,143636,1778,79953,1421,62311,49,1372,1232,49101,2005,47849,1280,96950,California
Marin,2021-03-16,4310,147946,2323,82276,1623,63934,364,1736,1501,48158,2806,50655,1863,98813,California
Marin,2021-03-17,4208,152154,2280,84556,1881,65815,47,1783,2070,48148,2126,52781,2116,100929,California
Marin,2021-03-18,4496,156650,2270,86826,2151,67966,75,1858,2251,48242,2229,55010,2323,103252,California
Marin,2021-03-19,4482,161132,2298,89124,1965,69931,219,2077,2434,48854,2038,57048,2650,105902,California
Marin,2021-03-20,3599,164731,1997,91121,1488,71419,114,2191,2037,49453,1553,58601,2152,108054,California
Marin,2021-03-21,1546,166277,1141,92262,381,71800,24,2215,805,49543,739,59340,829,108883,California
Marin,2021-03-22,2489,168766,2149,94411,173,71973,167,2382,998,49222,1486,60826,1165,110048,California
Marin,2021-03-23,4250,173016,2204,96615,1916,73889,130,2512,1875,48858,2369,63195,2005,112053,California
Marin,2021-03-24,4450,177466,2906,99521,1439,75328,105,2617,1816,48156,2621,65816,1919,113972,California
Marin,2021-03-25,4651,182117,2843,102364,1740,77068,68,2685,2258,48101,2379,68195,2324,116296,California
Marin,2021-03-26,4310,186427,2346,104710,1750,78818,214,2899,2414,48849,1880,70075,2628,118924,California
Marin,2021-03-27,3720,190147,2673,107383,1028,79846,19,2918,1139,47435,2571,72646,1157,120081,California
Marin,2021-03-28,2386,192533,1726,109109,654,80500,6,2924,1087,47236,1292,73938,1093,121174,California
Marin,2021-03-29,2696,195229,2099,111208,572,81072,25,2949,1164,46897,1529,75467,1190,122364,California
Marin,2021-03-30,4675,199904,3656,114864,985,82057,34,2983,2956,48171,1716,77183,2990,125354,California
Marin,2021-03-31,5836,205740,4134,118998,1653,83710,49,3032,2553,47502,3271,80454,2602,127956,California
Marin,2021-04-01,4450,210190,2286,121284,1907,85617,257,3289,2115,47551,2323,82777,2372,130328,California
Marin,2021-04-02,3743,213933,1862,123146,1510,87127,371,3660,2003,48186,1732,84509,2367,132695,California
Marin,2021-04-03,3907,217840,2557,125703,972,88099,378,4038,1481,47635,2412,86921,1861,134556,California
Marin,2021-04-04,1651,219491,1241,126944,207,88306,203,4241,1201,48591,448,87369,1404,135960,California
Marin,2021-04-05,2209,221700,1529,128473,304,88610,376,4617,1263,49288,940,88309,1637,137597,California
Marin,2021-04-06,3977,225677,2119,130592,1306,89916,552,5169,2212,50292,1760,90069,2764,140361,California
Marin,2021-04-07,3970,229647,2005,132597,1322,91238,643,5812,1457,49898,2505,92574,2111,142472,California
Marin,2021-04-08,5040,234687,1971,134568,2460,93698,609,6421,2300,50076,2731,95305,2909,145381,California
Marin,2021-04-09,3995,238682,1558,136126,1706,95404,731,7152,1314,49448,2676,97981,2048,147429,California
Marin,2021-04-10,3214,241896,1477,137603,1303,96707,434,7586,1445,49570,1754,99735,1876,149305,California
Marin,2021-04-11,1060,242956,806,138409,92,96799,162,7748,473,49619,585,100320,634,149939,California
Marin,2021-04-12,1738,244694,1235,139644,343,97142,160,7908,915,49877,819,101139,1077,151016,California
Marin,2021-04-13,3723,248417,2281,141925,1435,98577,7,7915,1353,48883,2359,103498,1365,152381,California
Marin,2021-04-14,4167,252584,2482,144407,1682,100259,3,7918,1701,48137,2455,105953,1709,154090,California
Marin,2021-04-15,5569,258153,3945,148352,1624,101883,0,7918,3191,48964,2365,108318,3192,157282,California
Marin,2021-04-16,4250,262403,2236,150588,2011,103894,3,7921,2067,48866,2169,110487,2071,159353,California
Marin,2021-04-17,3530,265933,2156,152744,1374,105268,0,7921,1761,48863,1764,112251,1761,161114,California
Marin,2021-04-18,3172,269105,3070,155814,102,105370,0,7921,2537,50768,632,112883,2537,163651,California
Marin,2021-04-19,2043,271148,1871,157685,172,105542,0,7921,1160,51052,878,113761,1162,164813,California
Marin,2021-04-20,3691,274839,2550,160235,1141,106683,0,7921,1467,50303,2217,115978,1468,166281,California
Marin,2021-04-21,4009,278848,2943,163178,1063,107746,3,7924,1357,49025,2636,118614,1358,167639,California
Marin,2021-04-22,4224,283072,3223,166401,1001,108747,0,7924,1492,47796,2724,121338,1495,169134,California
Marin,2021-04-23,3223,286295,1818,168219,1405,110152,0,7924,1225,47031,1991,123329,1226,170360,California
Marin,2021-04-24,2519,288814,1683,169902,835,110987,1,7925,916,46352,1596,124925,917,171277,California
Marin,2021-04-25,1383,290197,1265,171167,118,111105,0,7925,306,45589,1069,125994,306,171583,California
Marin,2021-04-26,1550,291747,1352,172519,195,111300,3,7928,353,44752,1194,127188,357,171940,California
Marin,2021-04-27,2981,294728,2178,174697,764,112064,39,7967,969,43753,2003,129191,1004,172944,California
Marin,2021-04-28,2300,297028,1586,176283,664,112728,50,8017,722,42949,1574,130765,770,173714,California
Marin,2021-04-29,2880,299908,1973,178256,845,113573,62,8079,788,41717,2082,132847,850,174564,California
Marin,2021-04-30,1956,301864,1278,179534,590,114163,88,8167,700,41257,1248,134095,788,175352,California
Marin,2021-05-01,1822,303686,1013,180547,786,114949,23,8190,531,40527,1283,135378,553,175905,California
Marin,2021-05-02,725,304411,587,181134,109,115058,29,8219,200,40236,519,135897,228,176133,California
Marin,2021-05-03,1211,305622,988,182122,167,115225,56,8275,261,39604,948,136845,316,176449,California
Marin,2021-05-04,2920,308542,1965,184087,865,116090,90,8365,470,37722,2442,139287,560,177009,California
Marin,2021-05-05,2721,311263,1997,186084,602,116692,122,8487,442,36013,2273,141560,564,177573,California
Marin,2021-05-06,3259,314522,2532,188616,638,117330,89,8576,426,33701,2825,144385,513,178086,California
Marin,2021-05-07,2033,316555,1546,190162,401,117731,86,8662,381,32520,1645,146030,464,178550,California
Marin,2021-05-08,2469,319024,1863,192025,484,118215,122,8784,341,30863,2120,148150,463,179013,California
Marin,2021-05-09,985,320009,900,192925,65,118280,20,8804,117,30137,864,149014,138,179151,California
Marin,2021-05-10,1405,321414,1150,194075,185,118465,70,8874,199,29203,1202,150216,268,179419,California
Marin,2021-05-11,2285,323699,1833,195908,399,118864,53,8927,294,27561,1988,152204,346,179765,California
Marin,2021-05-12,1394,325093,1030,196938,297,119161,67,8994,274,26785,1116,153320,340,180105,California
Marin,2021-05-13,2503,327596,2166,199104,281,119442,56,9050,1343,27030,1153,154473,1398,181503,California
Marin,2021-05-14,2202,329798,1453,200557,649,120091,100,9150,882,26698,1314,155787,982,182485,California
Marin,2021-05-15,2712,332510,2246,202803,386,120477,80,9230,1641,27349,1070,156857,1721,184206,California
Marin,2021-05-16,1646,334156,1591,204394,50,120527,5,9235,1330,28370,313,157170,1334,185540,California
Marin,2021-05-17,2129,336285,1981,206375,105,120632,43,9278,1717,29725,405,157575,1760,187300,California
Marin,2021-05-18,1520,337805,1185,207560,280,120912,55,9333,800,29865,714,158289,854,188154,California
Marin,2021-05-19,1536,339341,1239,208799,228,121140,69,9402,780,29963,750,159039,848,189002,California
Marin,2021-05-20,1711,341052,1414,210213,213,121353,84,9486,713,29769,991,160030,797,189799,California
Marin,2021-05-21,1357,342409,777,210990,533,121886,47,9533,391,29248,960,160990,439,190238,California
Marin,2021-05-22,1337,343746,1013,212003,268,122154,56,9589,919,29808,415,161405,975,191213,California
Marin,2021-05-23,420,344166,381,212384,29,122183,10,9599,196,29793,221,161626,206,191419,California
Marin,2021-05-24,650,344816,497,212881,110,122293,43,9642,361,29911,285,161911,403,191822,California
Marin,2021-05-25,1003,345819,625,213506,331,122624,47,9689,320,29601,674,162585,364,192186,California
Marin,2021-05-26,725,346544,491,213997,182,122806,52,9741,269,29470,452,163037,321,192507,California
Marin,2021-05-27,1039,347583,665,214662,296,123102,78,9819,354,29219,683,163720,432,192939,California
Marin,2021-05-28,1126,348709,737,215399,307,123409,82,9901,348,28875,772,164492,428,193367,California
Marin,2021-05-29,374,349083,218,215617,147,123556,9,9910,215,28940,159,164651,224,193591,California
Marin,2021-05-30,98,349181,58,215675,36,123592,4,9914,57,28960,41,164692,61,193652,California
Marin,2021-05-31,30,349211,14,215689,14,123606,2,9916,16,28964,14,164706,18,193670,California
Marin,2021-06-01,679,349890,535,216224,111,123717,33,9949,302,28924,374,165080,334,194004,California
Marin,2021-06-02,376,350266,321,216545,27,123744,28,9977,114,28804,261,165341,141,194145,California
Mariposa,2020-12-17,36,36,36,36,0,0,0,0,38,38,0,0,38,38,California
Mariposa,2020-12-18,55,91,55,91,0,0,0,0,56,94,0,0,56,94,California
Mariposa,2020-12-20,2,93,2,93,0,0,0,0,2,96,0,0,2,96,California
Mariposa,2020-12-21,49,142,49,142,0,0,0,0,53,149,0,0,53,149,California
Mariposa,2020-12-22,5,147,5,147,0,0,0,0,5,154,0,0,5,154,California
Mariposa,2020-12-23,16,163,16,163,0,0,0,0,16,170,0,0,16,170,California
Mariposa,2020-12-24,1,164,0,163,1,1,0,0,0,170,1,1,1,171,California
Mariposa,2020-12-26,1,165,1,164,0,1,0,0,1,171,0,1,1,172,California
Mariposa,2020-12-27,1,166,0,164,1,2,0,0,1,172,0,1,1,173,California
Mariposa,2020-12-28,6,172,3,167,3,5,0,0,6,178,0,1,6,179,California
Mariposa,2020-12-29,33,205,3,170,30,35,0,0,33,211,0,1,33,212,California
Mariposa,2020-12-30,25,230,4,174,21,56,0,0,25,236,0,1,25,237,California
Mariposa,2020-12-31,16,246,0,174,16,72,0,0,16,252,0,1,16,253,California
Mariposa,2021-01-02,1,247,1,175,0,72,0,0,1,253,0,1,1,254,California
Mariposa,2021-01-04,8,255,1,176,7,79,0,0,8,261,0,1,8,262,California
Mariposa,2021-01-05,24,279,14,190,10,89,0,0,14,265,10,11,14,276,California
Mariposa,2021-01-06,6,285,3,193,3,92,0,0,3,265,3,14,3,279,California
Mariposa,2021-01-07,50,335,45,238,5,97,0,0,5,225,45,59,5,284,California
Mariposa,2021-01-08,108,443,79,317,29,126,0,0,33,183,75,134,33,317,California
Mariposa,2021-01-09,1,444,0,317,1,127,0,0,1,184,0,134,1,318,California
Mariposa,2021-01-11,31,475,10,327,21,148,0,0,23,199,8,142,23,341,California
Mariposa,2021-01-12,19,494,4,331,15,163,0,0,15,210,4,146,15,356,California
Mariposa,2021-01-13,21,515,4,335,17,180,0,0,18,225,3,149,18,374,California
Mariposa,2021-01-14,73,588,7,342,66,246,0,0,67,286,6,155,67,441,California
Mariposa,2021-01-15,68,656,27,369,41,287,0,0,58,334,10,165,58,499,California
Mariposa,2021-01-16,14,670,2,371,12,299,0,0,13,346,1,166,13,512,California
Mariposa,2021-01-17,2,672,0,371,2,301,0,0,2,348,0,166,2,514,California
Mariposa,2021-01-18,3,675,3,374,0,301,0,0,1,347,2,168,1,515,California
Mariposa,2021-01-19,8,683,4,378,4,305,0,0,5,350,2,170,5,520,California
Mariposa,2021-01-20,23,706,1,379,22,327,0,0,22,371,1,171,22,542,California
Mariposa,2021-01-21,66,772,8,387,58,385,0,0,62,429,4,175,62,604,California
Mariposa,2021-01-22,56,828,2,389,54,439,0,0,56,485,0,175,56,660,California
Mariposa,2021-01-23,116,944,2,391,114,553,0,0,114,597,2,177,114,774,California
Mariposa,2021-01-24,2,946,2,393,0,553,0,0,2,599,0,177,2,776,California
Mariposa,2021-01-25,4,950,1,394,3,556,0,0,0,595,4,181,0,776,California
Mariposa,2021-01-26,36,986,4,398,32,588,0,0,4,571,32,213,8,784,California
Mariposa,2021-01-27,23,1009,1,399,22,610,0,0,12,573,10,223,12,796,California
Mariposa,2021-01-28,126,1135,3,402,123,733,0,0,113,674,12,235,113,909,California
Mariposa,2021-01-29,84,1219,22,424,62,795,0,0,83,756,1,236,83,992,California
Mariposa,2021-01-30,9,1228,1,425,8,803,0,0,8,763,1,237,8,1000,California
Mariposa,2021-01-31,1,1229,0,425,1,804,0,0,1,764,0,237,1,1001,California
Mariposa,2021-02-01,87,1316,30,455,57,861,0,0,66,809,21,258,66,1067,California
Mariposa,2021-02-02,15,1331,3,458,12,873,0,0,9,812,6,264,9,1076,California
Mariposa,2021-02-03,20,1351,1,459,19,892,0,0,14,820,6,270,14,1090,California
Mariposa,2021-02-04,99,1450,8,467,91,983,0,0,94,911,4,274,95,1185,California
Mariposa,2021-02-05,192,1642,5,472,187,1170,0,0,166,1051,26,300,166,1351,California
Mariposa,2021-02-06,11,1653,4,476,7,1177,0,0,10,1060,1,301,10,1361,California
Mariposa,2021-02-07,1,1654,0,476,1,1178,0,0,1,1061,0,301,1,1362,California
Mariposa,2021-02-08,40,1694,2,478,38,1216,0,0,21,1063,19,320,21,1383,California
Mariposa,2021-02-09,42,1736,24,502,18,1234,0,0,36,1093,6,326,36,1419,California
Mariposa,2021-02-10,28,1764,5,507,23,1257,0,0,17,1106,10,336,23,1442,California
Mariposa,2021-02-11,374,2138,5,512,369,1626,0,0,360,1455,14,350,363,1805,California
Mariposa,2021-02-12,185,2323,8,520,177,1803,0,0,141,1552,44,394,141,1946,California
Mariposa,2021-02-13,11,2334,3,523,8,1811,0,0,9,1559,2,396,9,1955,California
Mariposa,2021-02-14,8,2342,4,527,4,1815,0,0,5,1561,3,399,5,1960,California
Mariposa,2021-02-15,9,2351,3,530,6,1821,0,0,7,1566,2,401,7,1967,California
Mariposa,2021-02-16,57,2408,34,564,23,1844,0,0,34,1577,23,424,34,2001,California
Mariposa,2021-02-17,37,2445,9,573,28,1872,0,0,27,1596,9,433,28,2029,California
Mariposa,2021-02-18,58,2503,7,580,51,1923,0,0,21,1580,37,470,21,2050,California
Mariposa,2021-02-19,82,2585,3,583,79,2002,0,0,76,1650,6,476,76,2126,California
Mariposa,2021-02-20,253,2838,4,587,249,2251,0,0,223,1844,29,505,223,2349,California
Mariposa,2021-02-21,237,3075,4,591,233,2484,0,0,235,2078,1,506,235,2584,California
Mariposa,2021-02-22,23,3098,7,598,16,2500,0,0,21,2097,2,508,21,2605,California
Mariposa,2021-02-23,43,3141,37,635,6,2506,0,0,26,2106,17,525,26,2631,California
Mariposa,2021-02-24,20,3161,3,638,17,2523,0,0,8,2103,11,536,8,2639,California
Mariposa,2021-02-25,18,3179,9,647,9,2532,0,0,12,2109,6,542,12,2651,California
Mariposa,2021-02-26,424,3603,7,654,417,2949,0,0,363,2412,61,603,364,3015,California
Mariposa,2021-02-27,169,3772,5,659,164,3113,0,0,158,2559,11,614,158,3173,California
Mariposa,2021-02-28,2,3774,1,660,1,3114,0,0,0,2557,2,616,0,3173,California
Mariposa,2021-03-01,81,3855,26,686,55,3169,0,0,16,2509,64,680,16,3189,California
Mariposa,2021-03-02,20,3875,13,699,7,3176,0,0,11,2512,8,688,11,3200,California
Mariposa,2021-03-03,71,3946,5,704,66,3242,0,0,65,2572,6,694,66,3266,California
Mariposa,2021-03-04,41,3987,9,713,32,3274,0,0,20,2572,21,715,21,3287,California
Mariposa,2021-03-05,57,4044,9,722,48,3322,0,0,40,2600,17,732,45,3332,California
Mariposa,2021-03-06,15,4059,6,728,9,3331,0,0,7,2599,8,740,7,3339,California
Mariposa,2021-03-07,1,4060,1,729,0,3331,0,0,0,2598,1,741,0,3339,California
Mariposa,2021-03-08,38,4098,4,733,23,3354,11,11,9,2589,29,770,20,3359,California
Mariposa,2021-03-09,46,4144,18,751,18,3372,10,21,15,2583,31,801,25,3384,California
Mariposa,2021-03-10,31,4175,9,760,12,3384,10,31,10,2582,21,822,20,3404,California
Mariposa,2021-03-11,467,4642,6,766,442,3826,19,50,226,2590,240,1062,248,3652,California
Mariposa,2021-03-12,255,4897,8,774,220,4046,27,77,115,2591,140,1202,141,3793,California
Mariposa,2021-03-13,32,4929,6,780,11,4057,15,92,11,2595,21,1223,25,3818,California
Mariposa,2021-03-14,17,4946,2,782,4,4061,11,103,3,2595,14,1237,14,3832,California
Mariposa,2021-03-15,76,5022,7,789,31,4092,38,141,31,2619,45,1282,69,3901,California
Mariposa,2021-03-16,82,5104,33,822,14,4106,35,176,23,2618,59,1341,58,3959,California
Mariposa,2021-03-17,72,5176,10,832,54,4160,8,184,51,2657,20,1361,59,4018,California
Mariposa,2021-03-18,66,5242,15,847,41,4201,10,194,40,2681,26,1387,50,4068,California
Mariposa,2021-03-19,338,5580,11,858,322,4523,5,199,303,2954,35,1422,308,4376,California
Mariposa,2021-03-20,426,6006,5,863,419,4942,2,201,46,2623,380,1802,49,4425,California
Mariposa,2021-03-21,15,6021,9,872,5,4947,1,202,10,2630,4,1806,11,4436,California
Mariposa,2021-03-22,38,6059,7,879,23,4970,8,210,26,2653,12,1818,35,4471,California
Mariposa,2021-03-23,53,6112,33,912,10,4980,10,220,32,2674,21,1839,42,4513,California
Mariposa,2021-03-24,55,6167,5,917,48,5028,2,222,50,2721,5,1844,52,4565,California
Mariposa,2021-03-25,76,6243,15,932,53,5081,8,230,54,2763,20,1864,62,4627,California
Mariposa,2021-03-26,488,6731,9,941,478,5559,1,231,252,2780,236,2100,253,4880,California
Mariposa,2021-03-27,224,6955,8,949,216,5775,0,231,90,2738,134,2234,92,4972,California
Mariposa,2021-03-28,5,6960,0,949,2,5777,3,234,1,2738,4,2238,4,4976,California
Mariposa,2021-03-29,19,6979,6,955,13,5790,0,234,12,2743,7,2245,12,4988,California
Mariposa,2021-03-30,36,7015,13,968,7,5797,16,250,13,2749,23,2268,29,5017,California
Mariposa,2021-03-31,88,7103,15,983,66,5863,7,257,68,2804,20,2288,75,5092,California
Mariposa,2021-04-01,54,7157,10,993,36,5899,8,265,34,2826,20,2308,42,5134,California
Mariposa,2021-04-02,347,7504,11,1004,334,6233,2,267,305,3092,41,2349,307,5441,California
Mariposa,2021-04-03,10,7514,7,1011,3,6236,0,267,5,3092,5,2354,5,5446,California
Mariposa,2021-04-04,2,7516,1,1012,0,6236,1,268,0,3091,2,2356,1,5447,California
Mariposa,2021-04-05,33,7549,22,1034,7,6243,4,272,16,3094,17,2373,20,5467,California
Mariposa,2021-04-06,43,7592,20,1054,7,6250,16,288,13,3094,29,2402,29,5496,California
Mariposa,2021-04-07,98,7690,6,1060,73,6323,19,307,28,3071,70,2472,47,5543,California
Mariposa,2021-04-08,279,7969,14,1074,246,6569,19,326,143,3100,134,2606,163,5706,California
Mariposa,2021-04-09,38,8007,9,1083,14,6583,15,341,11,3099,27,2633,26,5732,California
Mariposa,2021-04-10,201,8208,4,1087,187,6770,10,351,186,3281,13,2646,195,5927,California
Mariposa,2021-04-11,124,8332,4,1091,118,6888,2,353,57,3274,67,2713,60,5987,California
Mariposa,2021-04-12,42,8374,13,1104,27,6915,2,355,13,3260,29,2742,15,6002,California
Mariposa,2021-04-13,52,8426,45,1149,7,6922,0,355,34,3276,18,2760,34,6036,California
Mariposa,2021-04-14,113,8539,8,1157,105,7027,0,355,58,3280,54,2814,58,6094,California
Mariposa,2021-04-15,57,8596,15,1172,42,7069,0,355,43,3312,11,2825,43,6137,California
Mariposa,2021-04-16,382,8978,11,1183,371,7440,0,355,106,3142,276,3101,106,6243,California
Mariposa,2021-04-17,10,8988,6,1189,4,7444,0,355,7,3146,3,3104,7,6250,California
Mariposa,2021-04-18,7,8995,0,1189,7,7451,0,355,3,3145,4,3108,3,6253,California
Mariposa,2021-04-19,57,9052,25,1214,32,7483,0,355,29,3148,26,3134,29,6282,California
Mariposa,2021-04-20,62,9114,49,1263,13,7496,0,355,39,3166,21,3155,39,6321,California
Mariposa,2021-04-21,91,9205,14,1277,77,7573,0,355,42,3160,48,3203,42,6363,California
Mariposa,2021-04-22,47,9252,8,1285,39,7612,0,355,37,3188,9,3212,37,6400,California
Mariposa,2021-04-23,315,9567,70,1355,245,7857,0,355,144,3163,171,3383,146,6546,California
Mariposa,2021-04-24,105,9672,10,1365,95,7952,0,355,42,3143,62,3445,42,6588,California
Mariposa,2021-04-26,14,9686,10,1375,4,7956,0,355,4,3137,10,3455,4,6592,California
Mariposa,2021-04-27,32,9718,17,1392,14,7970,1,356,15,3139,14,3469,16,6608,California
Mariposa,2021-04-28,74,9792,13,1405,54,8024,7,363,29,3130,45,3514,36,6644,California
Mariposa,2021-04-29,84,9876,12,1417,71,8095,1,364,79,3205,5,3519,80,6724,California
Mariposa,2021-04-30,208,10084,4,1421,199,8294,5,369,62,3126,146,3665,67,6791,California
Mariposa,2021-05-01,2,10086,2,1423,0,8294,0,369,0,3124,2,3667,0,6791,California
Mariposa,2021-05-02,3,10089,2,1425,0,8294,1,370,0,3122,3,3670,1,6792,California
Mariposa,2021-05-03,16,10105,12,1437,3,8297,1,371,7,3122,8,3678,8,6800,California
Mariposa,2021-05-04,50,10155,31,1468,15,8312,4,375,36,3148,14,3692,40,6840,California
Mariposa,2021-05-05,56,10211,8,1476,46,8358,2,377,17,3128,39,3731,19,6859,California
Mariposa,2021-05-06,55,10266,36,1512,14,8372,5,382,39,3156,16,3747,44,6903,California
Mariposa,2021-05-07,27,10293,7,1519,17,8389,3,385,13,3158,14,3761,16,6919,California
Mariposa,2021-05-08,281,10574,6,1525,275,8664,0,385,34,2947,247,4008,36,6955,California
Mariposa,2021-05-09,2,10576,1,1526,1,8665,0,385,0,2945,2,4010,0,6955,California
Mariposa,2021-05-10,19,10595,8,1534,9,8674,2,387,4,2936,15,4025,6,6961,California
Mariposa,2021-05-11,28,10623,19,1553,9,8683,0,387,20,2949,7,4032,20,6981,California
Mariposa,2021-05-12,66,10689,4,1557,59,8742,3,390,6,2898,60,4092,9,6990,California
Mariposa,2021-05-13,48,10737,8,1565,38,8780,2,392,14,2880,34,4126,16,7006,California
Mariposa,2021-05-14,251,10988,123,1688,121,8901,7,399,119,2874,132,4258,126,7132,California
Mariposa,2021-05-15,17,11005,8,1696,8,8909,1,400,10,2879,6,4264,11,7143,California
Mariposa,2021-05-16,3,11008,1,1697,1,8910,1,401,1,2879,2,4266,2,7145,California
Mariposa,2021-05-17,16,11024,7,1704,6,8916,3,404,7,2880,9,4275,10,7155,California
Mariposa,2021-05-18,61,11085,41,1745,15,8931,5,409,44,2913,16,4291,49,7204,California
Mariposa,2021-05-19,70,11155,32,1777,37,8968,1,410,51,2947,18,4309,52,7256,California
Mariposa,2021-05-20,35,11190,20,1797,13,8981,2,412,14,2942,21,4330,16,7272,California
Mariposa,2021-05-21,93,11283,9,1806,82,9063,2,414,42,2937,49,4379,44,7316,California
Mariposa,2021-05-22,47,11330,6,1812,40,9103,1,415,17,2925,30,4409,18,7334,California
Mariposa,2021-05-23,3,11333,2,1814,0,9103,1,416,2,2927,1,4410,3,7337,California
Mariposa,2021-05-24,12,11345,7,1821,3,9106,2,418,8,2933,4,4414,10,7347,California
Mariposa,2021-05-25,26,11371,17,1838,9,9115,0,418,18,2943,8,4422,18,7365,California
Mariposa,2021-05-26,36,11407,3,1841,29,9144,4,422,28,2967,8,4430,32,7397,California
Mariposa,2021-05-27,119,11526,63,1904,55,9199,1,423,61,2971,58,4488,62,7459,California
Mariposa,2021-05-28,67,11593,6,1910,56,9255,5,428,24,2957,43,4531,29,7488,California
Mariposa,2021-05-29,7,11600,2,1912,4,9259,1,429,2,2957,3,4534,3,7491,California
Mariposa,2021-05-30,1,11601,0,1912,0,9259,1,430,0,2957,1,4535,1,7492,California
Mariposa,2021-05-31,1,11602,0,1912,1,9260,0,430,0,2956,1,4536,0,7492,California
Mariposa,2021-06-01,15,11617,3,1915,11,9271,1,431,5,2952,10,4546,6,7498,California
Mariposa,2021-06-02,7,11624,1,1916,4,9275,2,433,3,2953,4,4550,5,7503,California
Mendocino,2020-12-17,70,70,70,70,0,0,0,0,70,70,0,0,70,70,California
Mendocino,2020-12-18,85,155,84,154,1,1,0,0,84,154,0,0,84,154,California
Mendocino,2020-12-19,4,159,4,158,0,1,0,0,4,158,0,0,4,158,California
Mendocino,2020-12-20,7,166,7,165,0,1,0,0,7,165,0,0,7,165,California
Mendocino,2020-12-21,241,407,241,406,0,1,0,0,77,242,0,0,77,242,California
Mendocino,2020-12-22,252,659,191,597,61,62,0,0,252,494,0,0,252,494,California
Mendocino,2020-12-23,270,929,47,644,223,285,0,0,269,763,0,0,269,763,California
Mendocino,2020-12-24,49,978,8,652,41,326,0,0,49,812,0,0,49,812,California
Mendocino,2020-12-25,1,979,0,652,1,327,0,0,1,813,0,0,1,813,California
Mendocino,2020-12-26,2,981,2,654,0,327,0,0,2,815,0,0,2,815,California
Mendocino,2020-12-27,1,982,0,654,1,328,0,0,1,816,0,0,1,816,California
Mendocino,2020-12-28,74,1056,9,663,65,393,0,0,74,890,0,0,74,890,California
Mendocino,2020-12-29,122,1178,61,724,61,454,0,0,122,1012,0,0,122,1012,California
Mendocino,2020-12-30,121,1299,67,791,54,508,0,0,121,1133,0,0,121,1133,California
Mendocino,2020-12-31,132,1431,97,888,35,543,0,0,132,1265,0,0,132,1265,California
Mendocino,2021-01-01,8,1439,6,894,2,545,0,0,8,1273,0,0,8,1273,California
Mendocino,2021-01-04,838,2277,18,912,820,1365,0,0,838,2111,0,0,838,2111,California
Mendocino,2021-01-05,74,2351,36,948,38,1403,0,0,61,2159,13,13,61,2172,California
Mendocino,2021-01-06,155,2506,133,1081,22,1425,0,0,145,2294,10,23,145,2317,California
Mendocino,2021-01-07,361,2867,238,1319,123,1548,0,0,298,2529,63,86,298,2615,California
Mendocino,2021-01-08,95,2962,82,1401,13,1561,0,0,41,2517,54,140,42,2657,California
Mendocino,2021-01-09,10,2972,6,1407,4,1565,0,0,8,2523,2,142,8,2665,California
Mendocino,2021-01-10,9,2981,8,1415,1,1566,0,0,2,2518,7,149,2,2667,California
Mendocino,2021-01-11,101,3082,92,1507,9,1575,0,0,43,2504,57,206,43,2710,California
Mendocino,2021-01-12,387,3469,377,1884,10,1585,0,0,270,2657,117,323,270,2980,California
Mendocino,2021-01-13,491,3960,145,2029,346,1931,0,0,449,3067,40,363,450,3430,California
Mendocino,2021-01-14,652,4612,20,2049,632,2563,0,0,643,3701,9,372,643,4073,California
Mendocino,2021-01-15,1872,6484,861,2910,1011,3574,0,0,1867,5564,5,377,1868,5941,California
Mendocino,2021-01-16,792,7276,50,2960,742,4316,0,0,790,6352,2,379,790,6731,California
Mendocino,2021-01-17,554,7830,1,2961,553,4869,0,0,553,6904,1,380,553,7284,California
Mendocino,2021-01-18,487,8317,462,3423,25,4894,0,0,476,7369,11,391,476,7760,California
Mendocino,2021-01-19,334,8651,148,3571,186,5080,0,0,158,7351,176,567,158,7918,California
Mendocino,2021-01-20,555,9206,407,3978,148,5228,0,0,449,7697,104,671,450,8368,California
Mendocino,2021-01-21,538,9744,225,4203,313,5541,0,0,352,7864,185,856,352,8720,California
Mendocino,2021-01-22,149,9893,58,4261,91,5632,0,0,110,7935,39,895,110,8830,California
Mendocino,2021-01-23,156,10049,84,4345,72,5704,0,0,150,8079,6,901,150,8980,California
Mendocino,2021-01-24,5,10054,3,4348,2,5706,0,0,5,8084,0,901,5,8985,California
Mendocino,2021-01-25,192,10246,18,4366,174,5880,0,0,122,8136,70,971,122,9107,California
Mendocino,2021-01-26,153,10399,53,4419,100,5980,0,0,94,8171,59,1030,94,9201,California
Mendocino,2021-01-27,441,10840,371,4790,70,6050,0,0,176,8089,258,1288,176,9377,California
Mendocino,2021-01-28,593,11433,529,5319,64,6114,0,0,498,8493,94,1382,498,9875,California
Mendocino,2021-01-29,394,11827,352,5671,42,6156,0,0,365,8830,29,1411,366,10241,California
Mendocino,2021-01-30,50,11877,31,5702,19,6175,0,0,43,8866,7,1418,43,10284,California
Mendocino,2021-01-31,275,12152,2,5704,273,6448,0,0,4,8599,271,1689,4,10288,California
Mendocino,2021-02-01,381,12533,52,5756,329,6777,0,0,59,8336,322,2011,59,10347,California
Mendocino,2021-02-02,737,13270,516,6272,221,6998,0,0,377,8353,360,2371,377,10724,California
Mendocino,2021-02-03,392,13662,207,6479,185,7183,0,0,222,8407,168,2539,222,10946,California
Mendocino,2021-02-04,625,14287,530,7009,95,7278,0,0,500,8782,125,2664,500,11446,California
Mendocino,2021-02-05,1304,15591,1214,8223,90,7368,0,0,584,8648,718,3382,584,12030,California
Mendocino,2021-02-06,558,16149,157,8380,401,7769,0,0,543,9176,15,3397,543,12573,California
Mendocino,2021-02-07,33,16182,29,8409,4,7773,0,0,33,9209,0,3397,33,12606,California
Mendocino,2021-02-08,748,16930,716,9125,32,7805,0,0,285,9031,463,3860,285,12891,California
Mendocino,2021-02-09,141,17071,58,9183,83,7888,0,0,89,9068,52,3912,89,12980,California
Mendocino,2021-02-10,1490,18561,924,10107,566,8454,0,0,743,9071,740,4652,743,13723,California
Mendocino,2021-02-11,1210,19771,208,10315,1002,9456,0,0,299,8459,911,5563,299,14022,California
Mendocino,2021-02-12,1455,21226,163,10478,1292,10748,0,0,656,8317,798,6361,656,14678,California
Mendocino,2021-02-13,503,21729,15,10493,488,11236,0,0,106,8032,396,6757,111,14789,California
Mendocino,2021-02-14,695,22424,3,10496,692,11928,0,0,135,7607,560,7317,135,14924,California
Mendocino,2021-02-15,331,22755,42,10538,289,12217,0,0,176,7628,155,7472,176,15100,California
Mendocino,2021-02-16,201,22956,51,10589,150,12367,0,0,130,7687,71,7543,130,15230,California
Mendocino,2021-02-17,1354,24310,1191,11780,163,12530,0,0,877,8089,475,8018,877,16107,California
Mendocino,2021-02-18,1792,26102,646,12426,1146,13676,0,0,1225,8748,566,8584,1225,17332,California
Mendocino,2021-02-19,756,26858,148,12574,608,14284,0,0,616,9224,140,8724,616,17948,California
Mendocino,2021-02-20,575,27433,549,13123,26,14310,0,0,544,9739,29,8753,544,18492,California
Mendocino,2021-02-21,326,27759,6,13129,320,14630,0,0,314,10042,11,8764,314,18806,California
Mendocino,2021-02-22,161,27920,29,13158,132,14762,0,0,69,10021,90,8854,69,18875,California
Mendocino,2021-02-23,857,28777,843,14001,14,14776,0,0,645,10456,210,9064,645,19520,California
Mendocino,2021-02-24,1848,30625,1766,15767,82,14858,0,0,1436,11487,407,9471,1438,20958,California
Mendocino,2021-02-25,1709,32334,533,16300,1176,16034,0,0,1287,12353,421,9892,1287,22245,California
Mendocino,2021-02-26,1416,33750,748,17048,668,16702,0,0,1050,13040,363,10255,1050,23295,California
Mendocino,2021-02-27,200,33950,151,17199,49,16751,0,0,77,12995,122,10377,77,23372,California
Mendocino,2021-02-28,36,33986,14,17213,22,16773,0,0,24,13007,12,10389,24,23396,California
Mendocino,2021-03-01,589,34575,547,17760,42,16815,0,0,549,13519,37,10426,549,23945,California
Mendocino,2021-03-02,75,34650,27,17787,48,16863,0,0,41,13527,33,10459,41,23986,California
Mendocino,2021-03-03,2034,36684,1333,19120,701,17564,0,0,1384,14263,648,11107,1384,25370,California
Mendocino,2021-03-04,1850,38534,148,19268,1702,19266,0,0,1632,15681,215,11322,1633,27003,California
Mendocino,2021-03-05,475,39009,416,19684,50,19316,9,9,372,15963,99,11421,381,27384,California
Mendocino,2021-03-06,246,39255,23,19707,198,19514,25,34,203,16149,42,11463,228,27612,California
Mendocino,2021-03-07,506,39761,8,19715,478,19992,20,54,118,15899,387,11850,137,27749,California
Mendocino,2021-03-08,124,39885,28,19743,58,20050,38,92,64,15943,58,11908,102,27851,California
Mendocino,2021-03-09,941,40826,601,20344,299,20349,41,133,834,16711,107,12015,875,28726,California
Mendocino,2021-03-10,1147,41973,984,21328,98,20447,65,198,272,16180,871,12886,340,29066,California
Mendocino,2021-03-11,842,42815,626,21954,162,20609,54,252,400,16195,439,13325,454,29520,California
Mendocino,2021-03-12,2063,44878,1051,23005,899,21508,113,365,1232,16716,824,14149,1345,30865,California
Mendocino,2021-03-13,703,45581,570,23575,75,21583,58,423,107,16290,592,14741,166,31031,California
Mendocino,2021-03-14,106,45687,4,23579,95,21678,7,430,12,16219,90,14831,19,31050,California
Mendocino,2021-03-15,599,46286,50,23629,491,22169,58,488,210,16098,388,15219,267,31317,California
Mendocino,2021-03-16,583,46869,386,24015,151,22320,46,534,121,15805,460,15679,167,31484,California
Mendocino,2021-03-17,1583,48452,1379,25394,55,22375,149,683,218,14817,1361,17040,373,31857,California
Mendocino,2021-03-18,1314,49766,248,25642,1028,23403,38,721,284,14116,1022,18062,321,32178,California
Mendocino,2021-03-19,1781,51547,855,26497,865,24268,61,782,333,13068,1444,19506,396,32574,California
Mendocino,2021-03-20,69,51616,10,26507,38,24306,21,803,12,13044,57,19563,33,32607,California
Mendocino,2021-03-21,8,51624,1,26508,2,24308,5,808,3,13047,5,19568,8,32615,California
Mendocino,2021-03-22,657,52281,613,27121,15,24323,29,837,146,12714,507,20075,174,32789,California
Mendocino,2021-03-23,165,52446,33,27154,102,24425,30,867,114,12807,51,20126,144,32933,California
Mendocino,2021-03-24,916,53362,841,27995,28,24453,47,914,113,12166,801,20927,160,33093,California
Mendocino,2021-03-25,2018,55380,52,28047,1946,26399,20,934,176,10524,1836,22763,194,33287,California
Mendocino,2021-03-26,546,55926,395,28442,126,26525,25,959,114,10231,432,23195,139,33426,California
Mendocino,2021-03-27,142,56068,13,28455,117,26642,12,971,80,10261,61,23256,91,33517,California
Mendocino,2021-03-28,25,56093,5,28460,16,26658,4,975,3,10247,21,23277,7,33524,California
Mendocino,2021-03-29,189,56282,100,28560,45,26703,44,1019,95,10292,94,23371,139,33663,California
Mendocino,2021-03-30,719,57001,634,29194,48,26751,37,1056,106,9824,611,23982,143,33806,California
Mendocino,2021-03-31,916,57917,280,29474,575,27326,61,1117,153,9278,761,24743,215,34021,California
Mendocino,2021-04-01,1745,59662,417,29891,1247,28573,81,1198,379,8386,1356,26099,464,34485,California
Mendocino,2021-04-02,1304,60966,1073,30964,158,28731,73,1271,158,7474,1143,27242,231,34716,California
Mendocino,2021-04-03,710,61676,10,30974,679,29410,21,1292,87,6964,619,27861,109,34825,California
Mendocino,2021-04-04,71,61747,35,31009,30,29440,6,1298,55,7009,16,27877,61,34886,California
Mendocino,2021-04-05,211,61958,141,31150,46,29486,24,1322,125,7069,86,27963,146,35032,California
Mendocino,2021-04-06,398,62356,123,31273,180,29666,95,1417,106,6979,292,28255,202,35234,California
Mendocino,2021-04-07,490,62846,179,31452,65,29731,246,1663,116,6970,371,28626,362,35596,California
Mendocino,2021-04-08,1502,64348,923,32375,464,30195,115,1778,1010,7610,486,29112,1126,36722,California
Mendocino,2021-04-09,759,65107,427,32802,171,30366,161,1939,396,7806,362,29474,558,37280,California
Mendocino,2021-04-10,406,65513,91,32893,269,30635,46,1985,99,7644,307,29781,145,37425,California
Mendocino,2021-04-11,122,65635,47,32940,19,30654,56,2041,59,7696,63,29844,115,37540,California
Mendocino,2021-04-12,621,66256,513,33453,48,30702,60,2101,407,7949,214,30058,467,38007,California
Mendocino,2021-04-13,292,66548,227,33680,65,30767,0,2101,222,8102,70,30128,223,38230,California
Mendocino,2021-04-14,520,67068,428,34108,92,30859,0,2101,417,8416,103,30231,417,38647,California
Mendocino,2021-04-15,659,67727,329,34437,330,31189,0,2101,388,8538,266,30497,388,39035,California
Mendocino,2021-04-16,126,67853,53,34490,72,31261,1,2102,78,8569,47,30544,78,39113,California
Mendocino,2021-04-17,197,68050,13,34503,184,31445,0,2102,68,8510,127,30671,68,39181,California
Mendocino,2021-04-18,13,68063,6,34509,7,31452,0,2102,8,8514,4,30675,8,39189,California
Mendocino,2021-04-19,539,68602,515,35024,23,31475,1,2103,427,8831,111,30786,428,39617,California
Mendocino,2021-04-20,419,69021,292,35316,127,31602,0,2103,262,8937,156,30942,262,39879,California
Mendocino,2021-04-21,193,69214,133,35449,59,31661,1,2104,114,8974,77,31019,114,39993,California
Mendocino,2021-04-22,490,69704,314,35763,175,31836,1,2105,318,9123,169,31188,318,40311,California
Mendocino,2021-04-23,846,70550,704,36467,142,31978,0,2105,688,9656,155,31343,688,40999,California
Mendocino,2021-04-24,109,70659,15,36482,94,32072,0,2105,102,9751,7,31350,102,41101,California
Mendocino,2021-04-25,57,70716,33,36515,20,32092,4,2109,18,9734,39,31389,22,41123,California
Mendocino,2021-04-26,303,71019,237,36752,61,32153,5,2114,196,9829,106,31495,201,41324,California
Mendocino,2021-04-27,201,71220,89,36841,85,32238,27,2141,92,9839,108,31603,118,41442,California
Mendocino,2021-04-28,220,71440,148,36989,53,32291,19,2160,125,9889,95,31698,145,41587,California
Mendocino,2021-04-29,1143,72583,844,37833,284,32575,15,2175,107,8978,1033,32731,122,41709,California
Mendocino,2021-04-30,607,73190,385,38218,212,32787,10,2185,228,8838,378,33109,238,41947,California
Mendocino,2021-05-01,472,73662,434,38652,32,32819,6,2191,367,9107,104,33213,373,42320,California
Mendocino,2021-05-02,55,73717,46,38698,6,32825,3,2194,8,9072,46,33259,11,42331,California
Mendocino,2021-05-03,147,73864,86,38784,39,32864,22,2216,43,9035,102,33361,65,42396,California
Mendocino,2021-05-04,379,74243,254,39038,92,32956,33,2249,141,8971,238,33599,174,42570,California
Mendocino,2021-05-05,872,75115,787,39825,70,33026,15,2264,220,8555,651,34250,235,42805,California
Mendocino,2021-05-06,631,75746,381,40206,228,33254,22,2286,154,8256,475,34725,176,42981,California
Mendocino,2021-05-07,188,75934,36,40242,128,33382,24,2310,123,8339,64,34789,147,43128,California
Mendocino,2021-05-08,125,76059,4,40246,120,33502,1,2311,109,8434,15,34804,110,43238,California
Mendocino,2021-05-09,20,76079,5,40251,14,33516,1,2312,3,8421,17,34821,4,43242,California
Mendocino,2021-05-10,244,76323,161,40412,78,33594,5,2317,150,8482,94,34915,155,43397,California
Mendocino,2021-05-11,277,76600,143,40555,117,33711,17,2334,128,8477,149,35064,144,43541,California
Mendocino,2021-05-12,135,76735,80,40635,47,33758,8,2342,42,8436,91,35155,50,43591,California
Mendocino,2021-05-13,1209,77944,1108,41743,85,33843,16,2358,307,7858,901,36056,323,43914,California
Mendocino,2021-05-14,718,78662,491,42234,164,34007,63,2421,244,7697,469,36525,308,44222,California
Mendocino,2021-05-15,85,78747,29,42263,52,34059,4,2425,40,7696,45,36570,44,44266,California
Mendocino,2021-05-16,115,78862,102,42365,11,34070,2,2427,99,7781,16,36586,101,44367,California
Mendocino,2021-05-17,172,79034,83,42448,73,34143,16,2443,97,7819,75,36661,113,44480,California
Mendocino,2021-05-18,243,79277,117,42565,98,34241,28,2471,109,7822,133,36794,136,44616,California
Mendocino,2021-05-19,326,79603,193,42758,112,34353,21,2492,242,8003,82,36876,263,44879,California
Mendocino,2021-05-20,285,79888,112,42870,131,34484,42,2534,103,7969,179,37055,145,45024,California
Mendocino,2021-05-21,615,80503,459,43329,144,34628,12,2546,488,8343,126,37181,500,45524,California
Mendocino,2021-05-22,758,81261,659,43988,91,34719,8,2554,228,8050,529,37710,236,45760,California
Mendocino,2021-05-23,18,81279,11,43999,1,34720,6,2560,10,8059,7,37717,16,45776,California
Mendocino,2021-05-24,123,81402,46,44045,59,34779,18,2578,60,8075,62,37779,78,45854,California
Mendocino,2021-05-25,295,81697,175,44220,91,34870,29,2607,133,8075,162,37941,162,46016,California
Mendocino,2021-05-26,306,82003,229,44449,66,34936,11,2618,122,8025,183,38124,133,46149,California
Mendocino,2021-05-27,242,82245,113,44562,110,35046,19,2637,103,8009,138,38262,122,46271,California
Mendocino,2021-05-28,219,82464,94,44656,118,35164,7,2644,142,8083,75,38337,149,46420,California
Mendocino,2021-05-29,41,82505,14,44670,22,35186,5,2649,24,8095,17,38354,29,46449,California
Mendocino,2021-05-30,15,82520,3,44673,11,35197,1,2650,10,8101,5,38359,11,46460,California
Mendocino,2021-05-31,4,82524,0,44673,3,35200,1,2651,1,8100,3,38362,2,46462,California
Mendocino,2021-06-01,274,82798,86,44759,180,35380,8,2659,70,7974,204,38566,78,46540,California
Mendocino,2021-06-02,65,82863,32,44791,28,35408,5,2664,24,7963,40,38606,29,46569,California
Merced,2020-12-16,3,3,3,3,0,0,0,0,3,3,0,0,3,3,California
Merced,2020-12-17,6,9,6,9,0,0,0,0,6,9,0,0,6,9,California
Merced,2020-12-18,143,152,143,152,0,0,0,0,143,152,0,0,143,152,California
Merced,2020-12-19,39,191,39,191,0,0,0,0,39,191,0,0,39,191,California
Merced,2020-12-20,18,209,18,209,0,0,0,0,18,209,0,0,18,209,California
Merced,2020-12-21,125,334,122,331,3,3,0,0,125,334,0,0,125,334,California
Merced,2020-12-22,152,486,152,483,0,3,0,0,152,486,0,0,152,486,California
Merced,2020-12-23,250,736,244,727,6,9,0,0,250,736,0,0,250,736,California
Merced,2020-12-24,72,808,72,799,0,9,0,0,72,808,0,0,72,808,California
Merced,2020-12-25,4,812,4,803,0,9,0,0,4,812,0,0,4,812,California
Merced,2020-12-26,6,818,3,806,3,12,0,0,6,818,0,0,6,818,California
Merced,2020-12-27,12,830,11,817,1,13,0,0,12,830,0,0,12,830,California
Merced,2020-12-28,122,952,97,914,25,38,0,0,122,952,0,0,122,952,California
Merced,2020-12-29,179,1131,123,1037,56,94,0,0,179,1131,0,0,179,1131,California
Merced,2020-12-30,215,1346,89,1126,126,220,0,0,215,1346,0,0,215,1346,California
Merced,2020-12-31,103,1449,34,1160,69,289,0,0,103,1449,0,0,103,1449,California
Merced,2021-01-01,5,1454,1,1161,4,293,0,0,5,1454,0,0,5,1454,California
Merced,2021-01-02,129,1583,118,1279,11,304,0,0,129,1583,0,0,129,1583,California
Merced,2021-01-03,9,1592,5,1284,4,308,0,0,9,1592,0,0,9,1592,California
Merced,2021-01-04,80,1672,42,1326,38,346,0,0,80,1672,0,0,80,1672,California
Merced,2021-01-05,321,1993,232,1558,89,435,0,0,315,1983,6,6,317,1989,California
Merced,2021-01-06,257,2250,105,1663,152,587,0,0,251,2228,6,12,251,2240,California
Merced,2021-01-07,187,2437,83,1746,104,691,0,0,176,2392,12,24,176,2416,California
Merced,2021-01-08,527,2964,392,2138,135,826,0,0,376,2618,150,174,376,2792,California
Merced,2021-01-09,23,2987,10,2148,13,839,0,0,17,2629,6,180,17,2809,California
Merced,2021-01-10,11,2998,7,2155,4,843,0,0,7,2632,4,184,7,2816,California
Merced,2021-01-11,228,3226,169,2324,59,902,0,0,102,2610,126,310,104,2920,California
Merced,2021-01-12,294,3520,171,2495,123,1025,0,0,244,2803,51,361,244,3164,California
Merced,2021-01-13,378,3898,176,2671,202,1227,0,0,225,2878,153,514,228,3392,California
Merced,2021-01-14,323,4221,200,2871,123,1350,0,0,158,2873,164,678,159,3551,California
Merced,2021-01-15,587,4808,131,3002,456,1806,0,0,548,3384,40,718,551,4102,California
Merced,2021-01-16,214,5022,130,3132,84,1890,0,0,197,3564,17,735,197,4299,California
Merced,2021-01-17,50,5072,12,3144,38,1928,0,0,49,3612,1,736,49,4348,California
Merced,2021-01-18,262,5334,126,3270,136,2064,0,0,239,3832,23,759,243,4591,California
Merced,2021-01-19,711,6045,587,3857,124,2188,0,0,540,4206,171,930,545,5136,California
Merced,2021-01-20,572,6617,467,4324,105,2293,0,0,515,4667,57,987,518,5654,California
Merced,2021-01-21,1012,7629,651,4975,361,2654,0,0,912,5482,100,1087,915,6569,California
Merced,2021-01-22,1311,8940,692,5667,619,3273,0,0,1283,6750,27,1114,1295,7864,California
Merced,2021-01-23,324,9264,197,5864,127,3400,0,0,217,6860,107,1221,217,8081,California
Merced,2021-01-24,37,9301,15,5879,22,3422,0,0,28,6880,8,1229,28,8109,California
Merced,2021-01-25,729,10030,241,6120,488,3910,0,0,670,7493,58,1287,671,8780,California
Merced,2021-01-26,917,10947,487,6607,430,4340,0,0,675,7954,215,1502,676,9456,California
Merced,2021-01-27,983,11930,586,7193,397,4737,0,0,814,8601,167,1669,814,10270,California
Merced,2021-01-28,1140,13070,594,7787,546,5283,0,0,1016,9495,123,1792,1017,11287,California
Merced,2021-01-29,853,13923,324,8111,529,5812,0,0,599,9856,241,2033,602,11889,California
Merced,2021-01-30,262,14185,28,8139,234,6046,0,0,245,10084,17,2050,245,12134,California
Merced,2021-01-31,47,14232,11,8150,36,6082,0,0,46,10129,1,2051,46,12180,California
Merced,2021-02-01,377,14609,54,8204,323,6405,0,0,327,10408,49,2100,328,12508,California
Merced,2021-02-02,298,14907,181,8385,117,6522,0,0,176,10466,119,2219,177,12685,California
Merced,2021-02-03,349,15256,72,8457,277,6799,0,0,168,10453,181,2400,168,12853,California
Merced,2021-02-04,371,15627,145,8602,226,7025,0,0,240,10564,130,2530,241,13094,California
Merced,2021-02-05,512,16139,171,8773,341,7366,0,0,271,10597,240,2770,273,13367,California
Merced,2021-02-06,389,16528,218,8991,171,7537,0,0,245,10702,141,2911,246,13613,California
Merced,2021-02-07,21,16549,13,9004,8,7545,0,0,14,10709,7,2918,14,13627,California
Merced,2021-02-08,282,16831,198,9202,84,7629,0,0,171,10771,110,3028,172,13799,California
Merced,2021-02-09,1215,18046,955,10157,260,7889,0,0,772,11109,435,3463,773,14572,California
Merced,2021-02-10,1857,19903,1433,11590,424,8313,0,0,1274,11810,573,4036,1274,15846,California
Merced,2021-02-11,2510,22413,2011,13601,499,8812,0,0,1816,12944,682,4718,1816,17662,California
Merced,2021-02-12,1716,24129,1014,14615,702,9514,0,0,745,12737,954,5672,747,18409,California
Merced,2021-02-13,361,24490,206,14821,155,9669,0,0,262,12906,95,5767,264,18673,California
Merced,2021-02-14,117,24607,26,14847,91,9760,0,0,95,12980,22,5789,96,18769,California
Merced,2021-02-15,274,24881,42,14889,232,9992,0,0,169,13052,98,5887,170,18939,California
Merced,2021-02-16,1216,26097,844,15733,372,10364,0,0,835,13529,362,6249,839,19778,California
Merced,2021-02-17,1883,27980,1638,17371,245,10609,0,0,1311,14292,557,6806,1320,21098,California
Merced,2021-02-18,1213,29193,823,18194,390,10999,0,0,404,13911,788,7594,407,21505,California
Merced,2021-02-19,1266,30459,416,18610,850,11849,0,0,540,13733,720,8314,542,22047,California
Merced,2021-02-20,278,30737,32,18642,246,12095,0,0,140,13737,136,8450,140,22187,California
Merced,2021-02-21,77,30814,62,18704,15,12110,0,0,31,13723,45,8495,31,22218,California
Merced,2021-02-22,832,31646,294,18998,538,12648,0,0,481,13856,349,8844,482,22700,California
Merced,2021-02-23,1084,32730,423,19421,661,13309,0,0,639,14057,439,9283,640,23340,California
Merced,2021-02-24,819,33549,302,19723,517,13826,0,0,447,14142,363,9646,448,23788,California
Merced,2021-02-25,1770,35319,877,20600,893,14719,0,0,1317,15012,450,10096,1320,25108,California
Merced,2021-02-26,2155,37474,1379,21979,776,15495,0,0,1742,16349,406,10502,1743,26851,California
Merced,2021-02-27,2607,40081,1179,23158,1428,16923,0,0,2322,18387,284,10786,2322,29173,California
Merced,2021-02-28,309,40390,73,23231,236,17159,0,0,254,18590,51,10837,254,29427,California
Merced,2021-03-01,1121,41511,281,23512,839,17998,1,1,778,19035,334,11171,779,30206,California
Merced,2021-03-02,1756,43267,910,24422,845,18843,1,2,1364,20017,385,11556,1367,31573,California
Merced,2021-03-03,2230,45497,1734,26156,495,19338,1,3,1469,20746,742,12298,1471,33044,California
Merced,2021-03-04,2896,48393,2276,28432,618,19956,2,5,1921,21714,957,13255,1925,34969,California
Merced,2021-03-05,2073,50466,1195,29627,854,20810,24,29,1532,22744,527,13782,1557,36526,California
Merced,2021-03-06,1167,51633,663,30290,482,21292,22,51,911,23422,255,14037,933,37459,California
Merced,2021-03-07,230,51863,66,30356,139,21431,25,76,201,23619,29,14066,226,37685,California
Merced,2021-03-08,1408,53271,809,31165,534,21965,65,141,1192,24660,215,14281,1256,38941,California
Merced,2021-03-09,1701,54972,1004,32169,589,22554,108,249,1101,25275,594,14875,1209,40150,California
Merced,2021-03-10,2704,57676,1870,34039,634,23188,200,449,1628,26045,1061,15936,1831,41981,California
Merced,2021-03-11,1948,59624,695,34734,1048,24236,205,654,1227,26793,706,16642,1454,43435,California
Merced,2021-03-12,2212,61836,903,35637,1041,25277,268,922,1496,27858,711,17353,1776,45211,California
Merced,2021-03-13,829,62665,310,35947,277,25554,242,1164,522,28324,299,17652,765,45976,California
Merced,2021-03-14,249,62914,136,36083,83,25637,30,1194,149,28404,99,17751,179,46155,California
Merced,2021-03-15,1521,64435,497,36580,768,26405,256,1450,1002,29149,512,18263,1257,47412,California
Merced,2021-03-16,1470,65905,715,37295,529,26934,226,1676,980,29877,479,18742,1207,48619,California
Merced,2021-03-17,1974,67879,1065,38360,729,27663,180,1856,1516,31127,448,19190,1698,50317,California
Merced,2021-03-18,2118,69997,1246,39606,725,28388,147,2003,1395,31974,708,19898,1555,51872,California
Merced,2021-03-19,2669,72666,1456,41062,1020,29408,193,2196,1386,32281,1272,21170,1579,53451,California
Merced,2021-03-20,2447,75113,1518,42580,534,29942,395,2591,956,32149,1487,22657,1355,54806,California
Merced,2021-03-21,557,75670,343,42923,201,30143,13,2604,437,32481,120,22777,452,55258,California
Merced,2021-03-22,1264,76934,631,43554,557,30700,76,2680,886,33075,370,23147,964,56222,California
Merced,2021-03-23,1836,78770,1109,44663,663,31363,64,2744,1354,34016,477,23624,1418,57640,California
Merced,2021-03-24,1468,80238,928,45591,505,31868,35,2779,989,34567,473,24097,1024,58664,California
Merced,2021-03-25,3324,83562,2281,47872,1020,32888,23,2802,2083,35447,1229,25326,2109,60773,California
Merced,2021-03-26,1938,85500,1089,48961,814,33702,35,2837,891,35335,1037,26363,925,61698,California
Merced,2021-03-27,3564,89064,1907,50868,1240,34942,417,3254,1554,35310,1997,28360,1972,63670,California
Merced,2021-03-28,521,89585,215,51083,298,35240,8,3262,214,35227,305,28665,222,63892,California
Merced,2021-03-29,1830,91415,781,51864,882,36122,167,3429,670,34917,1151,29816,841,64733,California
Merced,2021-03-30,2150,93565,803,52667,1288,37410,59,3488,991,34816,1153,30969,1052,65785,California
Merced,2021-03-31,2145,95710,1410,54077,697,38107,38,3526,954,34633,1176,32145,993,66778,California
Merced,2021-04-01,2230,97940,1025,55102,1078,39185,127,3653,1009,34556,1215,33360,1138,67916,California
Merced,2021-04-02,2342,100282,640,55742,1298,40483,404,4057,787,34210,1538,34898,1192,69108,California
Merced,2021-04-03,915,101197,436,56178,464,40947,15,4072,505,34326,406,35304,522,69630,California
Merced,2021-04-04,371,101568,143,56321,224,41171,4,4076,142,34246,228,35532,148,69778,California
Merced,2021-04-05,1273,102841,607,56928,454,41625,212,4288,418,34027,848,36380,629,70407,California
Merced,2021-04-06,2426,105267,898,57826,700,42325,828,5116,891,34215,1530,37910,1718,72125,California
Merced,2021-04-07,1659,106926,890,58716,662,42987,107,5223,586,33856,1055,38965,696,72821,California
Merced,2021-04-08,2325,109251,1195,59911,915,43902,215,5438,838,33451,1456,40421,1051,73872,California
Merced,2021-04-09,1693,110944,471,60382,645,44547,577,6015,565,33484,1112,41533,1145,75017,California
Merced,2021-04-10,798,111742,365,60747,245,44792,188,6203,176,33230,616,42149,362,75379,California
Merced,2021-04-11,488,112230,281,61028,72,44864,135,6338,147,33174,339,42488,283,75662,California
Merced,2021-04-12,1457,113687,945,61973,390,45254,122,6460,827,33529,594,43082,949,76611,California
Merced,2021-04-13,2042,115729,1463,63436,576,45830,3,6463,937,33459,1014,44096,944,77555,California
Merced,2021-04-14,2051,117780,1217,64653,834,46664,0,6463,903,33348,1016,45112,905,78460,California
Merced,2021-04-15,3022,120802,1980,66633,1042,47706,0,6463,956,32476,1834,46946,962,79422,California
Merced,2021-04-16,2381,123183,1165,67798,1216,48922,0,6463,971,32136,1311,48257,971,80393,California
Merced,2021-04-17,1964,125147,1308,69106,655,49577,1,6464,588,31358,1368,49625,590,80983,California
Merced,2021-04-18,469,125616,247,69353,222,49799,0,6464,191,31298,251,49876,191,81174,California
Merced,2021-04-19,1338,126954,752,70105,586,50385,0,6464,708,31472,535,50411,709,81883,California
Merced,2021-04-20,1470,128424,738,70843,732,51117,0,6464,800,31672,600,51011,800,82683,California
Merced,2021-04-21,1479,129903,891,71734,588,51705,0,6464,753,31811,614,51625,753,83436,California
Merced,2021-04-22,1615,131518,743,72477,872,52577,0,6464,782,31842,752,52377,783,84219,California
Merced,2021-04-23,1647,133165,684,73161,963,53540,0,6464,889,32020,712,53089,890,85109,California
Merced,2021-04-24,575,133740,406,73567,169,53709,0,6464,391,32231,180,53269,391,85500,California
Merced,2021-04-25,327,134067,187,73754,140,53849,0,6464,193,32293,131,53400,193,85693,California
Merced,2021-04-26,1192,135259,524,74278,668,54517,0,6464,620,32376,539,53939,622,86315,California
Merced,2021-04-27,1744,137003,882,75160,852,55369,10,6474,698,32106,979,54918,709,87024,California
Merced,2021-04-28,1372,138375,681,75841,682,56051,9,6483,784,32334,566,55484,794,87818,California
Merced,2021-04-29,1408,139783,600,76441,783,56834,25,6508,654,32270,745,56229,681,88499,California
Merced,2021-04-30,1457,141240,615,77056,798,57632,44,6552,747,32356,706,56935,792,89291,California
Merced,2021-05-01,556,141796,240,77296,311,57943,5,6557,258,32323,295,57230,262,89553,California
Merced,2021-05-02,294,142090,118,77414,161,58104,15,6572,129,32305,164,57394,146,89699,California
Merced,2021-05-03,840,142930,546,77960,223,58327,71,6643,298,32136,539,57933,370,90069,California
Merced,2021-05-04,1013,143943,540,78500,421,58748,52,6695,371,31921,638,58571,423,90492,California
Merced,2021-05-05,1209,145152,715,79215,418,59166,76,6771,531,31861,667,59238,607,91099,California
Merced,2021-05-06,906,146058,472,79687,384,59550,50,6821,302,31617,596,59834,352,91451,California
Merced,2021-05-07,928,146986,291,79978,595,60145,42,6863,392,31521,532,60366,436,91887,California
Merced,2021-05-08,397,147383,202,80180,159,60304,36,6899,181,31523,215,60581,217,92104,California
Merced,2021-05-09,213,147596,107,80287,99,60403,7,6906,102,31522,110,60691,109,92213,California
Merced,2021-05-10,690,148286,353,80640,301,60704,36,6942,189,31247,500,61191,225,92438,California
Merced,2021-05-11,1108,149394,653,81293,402,61106,53,6995,426,31050,676,61867,479,92917,California
Merced,2021-05-12,986,150380,527,81820,420,61526,39,7034,314,30734,669,62536,353,93270,California
Merced,2021-05-13,801,151181,401,82221,358,61884,42,7076,297,30574,500,63036,340,93610,California
Merced,2021-05-14,1004,152185,616,82837,348,62232,40,7116,524,30665,473,63509,564,94174,California
Merced,2021-05-15,748,152933,566,83403,163,62395,19,7135,443,30830,298,63807,463,94637,California
Merced,2021-05-16,346,153279,231,83634,107,62502,8,7143,199,30894,144,63951,208,94845,California
Merced,2021-05-17,1047,154326,667,84301,351,62853,29,7172,505,30891,538,64489,535,95380,California
Merced,2021-05-18,1264,155590,845,85146,388,63241,31,7203,720,31105,537,65026,751,96131,California
Merced,2021-05-19,1088,156678,738,85884,343,63584,7,7210,610,31252,474,65500,621,96752,California
Merced,2021-05-20,905,157583,465,86349,385,63969,55,7265,338,31080,565,66065,393,97145,California
Merced,2021-05-21,1057,158640,605,86954,426,64395,26,7291,427,30913,620,66685,453,97598,California
Merced,2021-05-22,592,159232,409,87363,171,64566,12,7303,342,31019,248,66933,354,97952,California
Merced,2021-05-23,271,159503,200,87563,60,64626,11,7314,194,31147,77,67010,205,98157,California
Merced,2021-05-24,510,160013,224,87787,254,64880,32,7346,206,31084,301,67311,238,98395,California
Merced,2021-05-25,749,160762,420,88207,296,65176,33,7379,399,31170,346,67657,432,98827,California
Merced,2021-05-26,826,161588,500,88707,293,65469,33,7412,311,31000,514,68171,344,99171,California
Merced,2021-05-27,919,162507,648,89355,239,65708,32,7444,575,31269,339,68510,608,99779,California
Merced,2021-05-28,740,163247,339,89694,357,66065,44,7488,330,31240,405,68915,376,100155,California
Merced,2021-05-29,380,163627,265,89959,107,66172,8,7496,164,31198,214,69129,172,100327,California
Merced,2021-05-30,212,163839,144,90103,56,66228,12,7508,134,31266,78,69207,146,100473,California
Merced,2021-05-31,111,163950,24,90127,81,66309,6,7514,32,31227,77,69284,38,100511,California
Merced,2021-06-01,618,164568,345,90472,244,66553,29,7543,248,31136,368,69652,277,100788,California
Merced,2021-06-02,201,164769,100,90572,83,66636,18,7561,83,31123,114,69766,101,100889,California
Modoc,2020-12-16,1,1,1,1,0,0,0,0,1,1,0,0,1,1,California
Modoc,2020-12-21,99,100,99,100,0,0,0,0,99,100,0,0,99,100,California
Modoc,2020-12-22,14,114,14,114,0,0,0,0,14,114,0,0,14,114,California
Modoc,2020-12-23,4,118,4,118,0,0,0,0,4,118,0,0,4,118,California
Modoc,2020-12-24,1,119,1,119,0,0,0,0,1,119,0,0,1,119,California
Modoc,2020-12-28,2,121,2,121,0,0,0,0,2,121,0,0,2,121,California
Modoc,2020-12-29,10,131,1,122,9,9,0,0,10,131,0,0,10,131,California
Modoc,2020-12-30,7,138,0,122,7,16,0,0,7,138,0,0,7,138,California
Modoc,2021-01-02,3,141,1,123,2,18,0,0,3,141,0,0,3,141,California
Modoc,2021-01-04,8,149,0,123,8,26,0,0,8,149,0,0,8,149,California
Modoc,2021-01-05,3,152,2,125,1,27,0,0,3,152,0,0,3,152,California
Modoc,2021-01-06,3,155,2,127,1,28,0,0,2,153,1,1,2,154,California
Modoc,2021-01-07,72,227,0,127,72,100,0,0,72,225,0,1,72,226,California
Modoc,2021-01-08,105,332,0,127,105,205,0,0,105,330,0,1,105,331,California
Modoc,2021-01-10,1,333,1,128,0,205,0,0,0,329,1,2,0,331,California
Modoc,2021-01-11,90,423,81,209,9,214,0,0,19,277,71,73,19,350,California
Modoc,2021-01-12,94,517,25,234,69,283,0,0,68,319,26,99,68,418,California
Modoc,2021-01-13,24,541,4,238,20,303,0,0,22,339,2,101,22,440,California
Modoc,2021-01-14,129,670,6,244,123,426,0,0,124,458,5,106,124,564,California
Modoc,2021-01-15,6,676,1,245,5,431,0,0,6,464,0,106,6,570,California
Modoc,2021-01-16,1,677,1,246,0,431,0,0,1,465,0,106,1,571,California
Modoc,2021-01-18,1,678,1,247,0,431,0,0,1,466,0,106,1,572,California
Modoc,2021-01-19,5,683,3,250,2,433,0,0,3,467,2,108,3,575,California
Modoc,2021-01-20,11,694,1,251,10,443,0,0,11,478,0,108,11,586,California
Modoc,2021-01-21,157,851,2,253,155,598,0,0,157,635,0,108,157,743,California
Modoc,2021-01-22,2,853,0,253,2,600,0,0,2,637,0,108,2,745,California
Modoc,2021-01-25,11,864,0,253,11,611,0,0,11,648,0,108,11,756,California
Modoc,2021-01-26,65,929,1,254,64,675,0,0,65,713,0,108,65,821,California
Modoc,2021-01-27,41,970,2,256,39,714,0,0,25,722,16,124,25,846,California
Modoc,2021-01-28,146,1116,2,258,144,858,0,0,145,866,1,125,145,991,California
Modoc,2021-01-29,3,1119,1,259,2,860,0,0,3,869,0,125,3,994,California
Modoc,2021-02-01,26,1145,13,272,13,873,0,0,12,867,14,139,12,1006,California
Modoc,2021-02-02,170,1315,2,274,168,1041,0,0,167,1031,3,142,167,1173,California
Modoc,2021-02-03,18,1333,13,287,5,1046,0,0,11,1035,7,149,11,1184,California
Modoc,2021-02-04,154,1487,3,290,151,1197,0,0,26,933,128,277,26,1210,California
Modoc,2021-02-05,3,1490,2,292,1,1198,0,0,2,934,1,278,2,1212,California
Modoc,2021-02-08,9,1499,2,294,7,1205,0,0,8,941,1,279,8,1220,California
Modoc,2021-02-09,197,1696,13,307,184,1389,0,0,65,874,132,411,65,1285,California
Modoc,2021-02-10,5,1701,2,309,3,1392,0,0,4,877,1,412,4,1289,California
Modoc,2021-02-11,201,1902,3,312,198,1590,0,0,83,842,118,530,83,1372,California
Modoc,2021-02-12,4,1906,0,312,4,1594,0,0,2,842,2,532,2,1374,California
Modoc,2021-02-13,1,1907,0,312,1,1595,0,0,1,843,0,532,1,1375,California
Modoc,2021-02-16,147,2054,6,318,141,1736,0,0,143,982,4,536,143,1518,California
Modoc,2021-02-17,24,2078,1,319,23,1759,0,0,12,982,12,548,12,1530,California
Modoc,2021-02-18,188,2266,2,321,186,1945,0,0,25,846,162,710,26,1556,California
Modoc,2021-02-19,4,2270,4,325,0,1945,0,0,3,848,1,711,3,1559,California
Modoc,2021-02-20,1,2271,1,326,0,1945,0,0,0,847,1,712,0,1559,California
Modoc,2021-02-22,17,2288,9,335,8,1953,0,0,3,836,14,726,3,1562,California
Modoc,2021-02-23,20,2308,2,337,18,1971,0,0,1,818,19,745,1,1563,California
Modoc,2021-02-24,91,2399,1,338,90,2061,0,0,31,789,60,805,31,1594,California
Modoc,2021-02-25,169,2568,0,338,169,2230,0,0,12,644,157,962,12,1606,California
Modoc,2021-02-26,3,2571,0,338,3,2233,0,0,1,643,2,964,1,1607,California
Modoc,2021-02-27,3,2574,3,341,0,2233,0,0,2,644,1,965,2,1609,California
Modoc,2021-03-01,5,2579,0,341,5,2238,0,0,0,640,4,969,0,1609,California
Modoc,2021-03-02,193,2772,12,353,181,2419,0,0,26,499,167,1136,26,1635,California
Modoc,2021-03-03,12,2784,6,359,6,2425,0,0,2,491,10,1146,2,1637,California
Modoc,2021-03-04,174,2958,2,361,172,2597,0,0,147,611,27,1173,147,1784,California
Modoc,2021-03-05,4,2962,3,364,1,2598,0,0,2,611,2,1175,2,1786,California
Modoc,2021-03-06,11,2973,0,364,1,2599,10,10,1,612,10,1185,11,1797,California
Modoc,2021-03-07,8,2981,2,366,0,2599,6,16,2,614,6,1191,8,1805,California
Modoc,2021-03-08,8,2989,1,367,3,2602,4,20,1,613,6,1197,5,1810,California
Modoc,2021-03-09,126,3115,10,377,108,2710,8,28,61,617,65,1262,69,1879,California
Modoc,2021-03-10,9,3124,3,380,2,2712,4,32,4,620,5,1267,8,1887,California
Modoc,2021-03-11,207,3331,0,380,99,2811,108,140,22,565,185,1452,130,2017,California
Modoc,2021-03-12,11,3342,2,382,4,2815,5,145,4,567,7,1459,9,2026,California
Modoc,2021-03-13,4,3346,0,382,1,2816,3,148,1,568,3,1462,4,2030,California
Modoc,2021-03-15,12,3358,1,383,10,2826,1,149,10,577,2,1464,11,2041,California
Modoc,2021-03-16,173,3531,1,384,168,2994,4,153,42,491,131,1595,45,2086,California
Modoc,2021-03-17,10,3541,1,385,4,2998,5,158,2,490,8,1603,7,2093,California
Modoc,2021-03-18,68,3609,2,387,59,3057,7,165,36,501,32,1635,43,2136,California
Modoc,2021-03-19,5,3614,0,387,0,3057,5,170,0,501,5,1640,5,2141,California
Modoc,2021-03-20,5,3619,2,389,0,3057,3,173,0,499,5,1645,3,2144,California
Modoc,2021-03-21,4,3623,1,390,1,3058,2,175,2,501,2,1647,4,2148,California
Modoc,2021-03-22,17,3640,1,391,11,3069,5,180,12,513,5,1652,17,2165,California
Modoc,2021-03-23,37,3677,7,398,27,3096,3,183,28,535,9,1661,31,2196,California
Modoc,2021-03-24,29,3706,1,399,18,3114,10,193,1,518,28,1689,11,2207,California
Modoc,2021-03-25,77,3783,1,400,74,3188,2,195,45,533,32,1721,47,2254,California
Modoc,2021-03-26,7,3790,2,402,2,3190,3,198,2,533,5,1726,5,2259,California
Modoc,2021-03-27,2,3792,0,402,1,3191,1,199,1,534,1,1727,2,2261,California
Modoc,2021-03-28,2,3794,1,403,0,3191,1,200,0,533,2,1729,1,2262,California
Modoc,2021-03-29,14,3808,1,404,5,3196,8,208,5,537,9,1738,13,2275,California
Modoc,2021-03-30,55,3863,10,414,38,3234,7,215,21,531,34,1772,28,2303,California
Modoc,2021-03-31,9,3872,3,417,2,3236,4,219,3,532,6,1778,7,2310,California
Modoc,2021-04-01,167,4039,2,419,160,3396,5,224,32,434,135,1913,37,2347,California
Modoc,2021-04-02,5,4044,0,419,2,3398,3,227,1,435,3,1916,4,2351,California
Modoc,2021-04-03,5,4049,2,421,0,3398,3,230,2,437,2,1918,4,2355,California
Modoc,2021-04-05,9,4058,0,421,9,3407,0,230,9,446,0,1918,9,2364,California
Modoc,2021-04-06,24,4082,5,426,9,3416,10,240,6,444,18,1936,16,2380,California
Modoc,2021-04-07,12,4094,1,427,4,3420,7,247,3,445,9,1945,10,2390,California
Modoc,2021-04-08,96,4190,1,428,92,3512,3,250,26,404,70,2015,29,2419,California
Modoc,2021-04-09,11,4201,2,430,6,3518,3,253,2,399,9,2024,4,2423,California
Modoc,2021-04-10,5,4206,0,430,1,3519,4,257,0,398,5,2029,4,2427,California
Modoc,2021-04-11,2,4208,2,432,0,3519,0,257,1,398,1,2030,1,2428,California
Modoc,2021-04-12,14,4222,0,432,10,3529,4,261,1,392,11,2041,5,2433,California
Modoc,2021-04-13,30,4252,29,461,1,3530,0,261,21,404,9,2050,21,2454,California
Modoc,2021-04-14,2,4254,2,463,0,3530,0,261,1,404,1,2051,1,2455,California
Modoc,2021-04-15,100,4354,0,463,100,3630,0,261,27,358,73,2124,27,2482,California
Modoc,2021-04-16,4,4358,4,467,0,3630,0,261,3,360,1,2125,3,2485,California
Modoc,2021-04-17,2,4360,2,469,0,3630,0,261,2,362,0,2125,2,2487,California
Modoc,2021-04-18,1,4361,0,469,1,3631,0,261,1,363,0,2125,1,2488,California
Modoc,2021-04-19,6,4367,0,469,6,3637,0,261,1,359,5,2130,1,2489,California
Modoc,2021-04-20,26,4393,2,471,24,3661,0,261,8,349,18,2148,8,2497,California
Modoc,2021-04-21,4,4397,4,475,0,3661,0,261,1,347,3,2151,1,2498,California
Modoc,2021-04-22,97,4494,3,478,94,3755,0,261,40,330,57,2208,40,2538,California
Modoc,2021-04-23,4,4498,0,478,4,3759,0,261,3,332,1,2209,3,2541,California
Modoc,2021-04-24,3,4501,1,479,1,3760,1,262,2,334,1,2210,3,2544,California
Modoc,2021-04-25,1,4502,1,480,0,3760,0,262,1,335,0,2210,1,2545,California
Modoc,2021-04-26,8,4510,1,481,7,3767,0,262,3,333,5,2215,3,2548,California
Modoc,2021-04-27,6,4516,4,485,1,3768,1,263,1,330,5,2220,2,2550,California
Modoc,2021-04-28,6,4522,1,486,4,3772,1,264,2,329,4,2224,3,2553,California
Modoc,2021-04-29,66,4588,2,488,64,3836,0,264,24,311,42,2266,24,2577,California
Modoc,2021-04-30,5,4593,4,492,1,3837,0,264,3,312,2,2268,3,2580,California
Modoc,2021-05-01,1,4594,1,493,0,3837,0,264,0,311,1,2269,0,2580,California
Modoc,2021-05-02,4,4598,3,496,1,3838,0,264,3,313,1,2270,3,2583,California
Modoc,2021-05-03,10,4608,0,496,9,3847,1,265,0,304,10,2280,1,2584,California
Modoc,2021-05-04,11,4619,3,499,6,3853,2,267,5,305,6,2286,7,2591,California
Modoc,2021-05-05,27,4646,24,523,2,3855,1,268,8,295,19,2305,9,2600,California
Modoc,2021-05-06,54,4700,3,526,49,3904,2,270,21,285,33,2338,23,2623,California
Modoc,2021-05-07,8,4708,3,529,3,3907,2,272,2,283,6,2344,4,2627,California
Modoc,2021-05-08,3,4711,2,531,0,3907,1,273,1,283,2,2346,2,2629,California
Modoc,2021-05-09,2,4713,2,533,0,3907,0,273,1,283,1,2347,1,2630,California
Modoc,2021-05-10,2,4715,0,533,1,3908,1,274,1,284,1,2348,2,2632,California
Modoc,2021-05-11,3,4718,2,535,0,3908,1,275,0,282,3,2351,1,2633,California
Modoc,2021-05-12,2,4720,0,535,0,3908,2,277,0,282,2,2353,2,2635,California
Modoc,2021-05-13,43,4763,1,536,38,3946,4,281,14,271,29,2382,18,2653,California
Modoc,2021-05-14,10,4773,4,540,1,3947,5,286,4,274,6,2388,9,2662,California
Modoc,2021-05-15,4,4777,3,543,1,3948,0,286,4,278,0,2388,4,2666,California
Modoc,2021-05-16,3,4780,2,545,1,3949,0,286,0,275,3,2391,0,2666,California
Modoc,2021-05-17,5,4785,3,548,2,3951,0,286,4,278,1,2392,4,2670,California
Modoc,2021-05-18,22,4807,11,559,9,3960,2,288,13,284,9,2401,15,2685,California
Modoc,2021-05-19,9,4816,2,561,3,3963,4,292,5,289,4,2405,9,2694,California
Modoc,2021-05-20,59,4875,3,564,47,4010,9,301,8,255,51,2456,17,2711,California
Modoc,2021-05-21,8,4883,6,570,1,4011,1,302,1,250,7,2463,2,2713,California
Modoc,2021-05-22,1,4884,1,571,0,4011,0,302,0,249,1,2464,0,2713,California
Modoc,2021-05-23,2,4886,2,573,0,4011,0,302,0,247,2,2466,0,2713,California
Modoc,2021-05-24,3,4889,1,574,0,4011,2,304,1,248,2,2468,3,2716,California
Modoc,2021-05-25,3,4892,1,575,2,4013,0,304,1,247,2,2470,1,2717,California
Modoc,2021-05-26,32,4924,29,604,3,4016,0,304,22,260,10,2480,23,2740,California
Modoc,2021-05-27,30,4954,2,606,23,4039,5,309,7,249,23,2503,12,2752,California
Modoc,2021-05-28,8,4962,1,607,4,4043,3,312,3,250,5,2508,6,2758,California
Modoc,2021-05-29,2,4964,1,608,1,4044,0,312,0,248,2,2510,0,2758,California
Modoc,2021-06-01,7,4971,0,608,6,4050,1,313,2,246,5,2515,3,2761,California
Modoc,2021-06-02,4,4975,0,608,4,4054,0,313,3,248,1,2516,3,2764,California
Mono,2020-12-18,1,1,1,1,0,0,0,0,1,1,0,0,1,1,California
Mono,2020-12-19,5,6,5,6,0,0,0,0,5,6,0,0,5,6,California
Mono,2020-12-20,7,13,7,13,0,0,0,0,7,13,0,0,7,13,California
Mono,2020-12-21,24,37,17,30,7,7,0,0,24,37,0,0,24,37,California
Mono,2020-12-22,66,103,65,95,1,8,0,0,66,103,0,0,66,103,California
Mono,2020-12-23,70,173,42,137,28,36,0,0,70,173,0,0,70,173,California
Mono,2020-12-24,3,176,1,138,2,38,0,0,3,176,0,0,3,176,California
Mono,2020-12-26,3,179,3,141,0,38,0,0,3,179,0,0,3,179,California
Mono,2020-12-27,1,180,0,141,1,39,0,0,1,180,0,0,1,180,California
Mono,2020-12-28,94,274,63,204,31,70,0,0,94,274,0,0,94,274,California
Mono,2020-12-29,29,303,29,233,0,70,0,0,29,303,0,0,29,303,California
Mono,2020-12-30,77,380,36,269,41,111,0,0,77,380,0,0,77,380,California
Mono,2020-12-31,4,384,1,270,3,114,0,0,4,384,0,0,4,384,California
Mono,2021-01-01,4,388,4,274,0,114,0,0,4,388,0,0,4,388,California
Mono,2021-01-02,2,390,2,276,0,114,0,0,2,390,0,0,2,390,California
Mono,2021-01-04,2,392,0,276,2,116,0,0,2,392,0,0,2,392,California
Mono,2021-01-05,45,437,2,278,43,159,0,0,44,435,1,1,44,436,California
Mono,2021-01-06,44,481,0,278,44,203,0,0,44,479,0,1,44,480,California
Mono,2021-01-07,55,536,3,281,52,255,0,0,54,532,1,2,54,534,California
Mono,2021-01-08,2,538,1,282,1,256,0,0,1,532,1,3,1,535,California
Mono,2021-01-09,4,542,4,286,0,256,0,0,0,528,4,7,0,535,California
Mono,2021-01-10,5,547,5,291,0,256,0,0,0,523,5,12,0,535,California
Mono,2021-01-11,8,555,5,296,3,259,0,0,4,523,4,16,4,539,California
Mono,2021-01-12,283,838,75,371,208,467,0,0,219,679,63,79,219,758,California
Mono,2021-01-13,233,1071,73,444,160,627,0,0,178,802,55,134,178,936,California
Mono,2021-01-14,73,1144,71,515,2,629,0,0,73,875,0,134,73,1009,California
Mono,2021-01-15,62,1206,2,517,60,689,0,0,62,937,0,134,62,1071,California
Mono,2021-01-16,4,1210,3,520,1,690,0,0,1,935,3,137,1,1072,California
Mono,2021-01-18,64,1274,55,575,9,699,0,0,2,875,62,199,2,1074,California
Mono,2021-01-19,210,1484,208,783,2,701,0,0,172,1010,38,237,173,1247,California
Mono,2021-01-20,231,1715,198,981,33,734,0,0,170,1119,61,298,170,1417,California
Mono,2021-01-21,3,1718,3,984,0,734,0,0,3,1122,0,298,3,1420,California
Mono,2021-01-22,4,1722,0,984,4,738,0,0,4,1126,0,298,4,1424,California
Mono,2021-01-23,594,2316,594,1578,0,738,0,0,593,1718,1,299,593,2017,California
Mono,2021-01-24,1,2317,0,1578,1,739,0,0,0,1717,1,300,0,2017,California
Mono,2021-01-25,201,2518,163,1741,38,777,0,0,162,1840,39,339,162,2179,California
Mono,2021-01-26,505,3023,503,2244,2,779,0,0,499,2333,6,345,499,2678,California
Mono,2021-01-27,5,3028,1,2245,4,783,0,0,5,2338,0,345,5,2683,California
Mono,2021-01-28,6,3034,2,2247,4,787,0,0,2,2336,4,349,2,2685,California
Mono,2021-01-30,200,3234,198,2445,2,789,0,0,199,2534,1,350,199,2884,California
Mono,2021-01-31,242,3476,137,2582,105,894,0,0,138,2568,104,454,138,3022,California
Mono,2021-02-01,27,3503,27,2609,0,894,0,0,0,2541,27,481,0,3022,California
Mono,2021-02-02,5,3508,0,2609,5,899,0,0,2,2540,3,484,2,3024,California
Mono,2021-02-03,4,3512,2,2611,2,901,0,0,2,2540,2,486,2,3026,California
Mono,2021-02-04,211,3723,158,2769,53,954,0,0,90,2509,121,607,90,3116,California
Mono,2021-02-05,617,4340,611,3380,6,960,0,0,614,3120,3,610,614,3730,California
Mono,2021-02-06,138,4478,137,3517,1,961,0,0,137,3256,1,611,137,3867,California
Mono,2021-02-07,2,4480,0,3517,2,963,0,0,2,3258,0,611,2,3869,California
Mono,2021-02-08,172,4652,172,3689,0,963,0,0,15,3117,156,767,15,3884,California
Mono,2021-02-09,226,4878,6,3695,220,1183,0,0,13,2917,213,980,13,3897,California
Mono,2021-02-10,536,5414,186,3881,350,1533,0,0,193,2768,343,1323,194,4091,California
Mono,2021-02-11,7,5421,4,3885,3,1536,0,0,2,2765,5,1328,2,4093,California
Mono,2021-02-12,84,5505,20,3905,64,1600,0,0,26,2733,58,1386,26,4119,California
Mono,2021-02-13,585,6090,585,4490,0,1600,0,0,25,2199,559,1945,25,4144,California
Mono,2021-02-15,165,6255,163,4653,2,1602,0,0,3,2042,160,2105,3,4147,California
Mono,2021-02-16,517,6772,514,5167,3,1605,0,0,45,1618,469,2574,45,4192,California
Mono,2021-02-17,7,6779,2,5169,5,1610,0,0,2,1615,5,2579,2,4194,California
Mono,2021-02-18,3,6782,2,5171,1,1611,0,0,2,1616,1,2580,2,4196,California
Mono,2021-02-19,54,6836,53,5224,1,1612,0,0,54,1670,0,2580,54,4250,California
Mono,2021-02-20,4,6840,4,5228,0,1612,0,0,4,1674,0,2580,4,4254,California
Mono,2021-02-21,6,6846,6,5234,0,1612,0,0,4,1676,2,2582,4,4258,California
Mono,2021-02-22,283,7129,282,5516,1,1613,0,0,24,1442,258,2840,24,4282,California
Mono,2021-02-23,137,7266,117,5633,20,1633,0,0,22,1349,115,2955,22,4304,California
Mono,2021-02-24,11,7277,3,5636,8,1641,0,0,4,1346,7,2962,4,4308,California
Mono,2021-02-25,5,7282,2,5638,3,1644,0,0,3,1348,1,2963,3,4311,California
Mono,2021-02-26,598,7880,596,6234,2,1646,0,0,21,793,576,3539,21,4332,California
Mono,2021-02-27,141,8021,137,6371,4,1650,0,0,4,662,135,3674,4,4336,California
Mono,2021-03-01,2,8023,2,6373,0,1650,0,0,1,663,0,3674,1,4337,California
Mono,2021-03-02,6,8029,4,6377,2,1652,0,0,4,665,2,3676,4,4341,California
Mono,2021-03-03,112,8141,2,6379,110,1762,0,0,109,772,2,3678,109,4450,California
Mono,2021-03-04,5,8146,1,6380,4,1766,0,0,3,773,2,3680,3,4453,California
Mono,2021-03-05,37,8183,27,6407,10,1776,0,0,14,764,23,3703,14,4467,California
Mono,2021-03-06,508,8691,18,6425,490,2266,0,0,499,1257,7,3710,500,4967,California
Mono,2021-03-07,1,8692,0,6425,1,2267,0,0,0,1256,1,3711,0,4967,California
Mono,2021-03-08,536,9228,11,6436,522,2789,3,3,527,1777,9,3720,530,5497,California
Mono,2021-03-09,6,9234,2,6438,3,2792,1,4,3,1779,2,3722,4,5501,California
Mono,2021-03-10,286,9520,90,6528,193,2985,3,7,9,1517,274,3996,12,5513,California
Mono,2021-03-11,10,9530,0,6528,1,2986,9,16,0,1516,10,4006,9,5522,California
Mono,2021-03-12,7,9537,1,6529,1,2987,5,21,0,1514,7,4013,5,5527,California
Mono,2021-03-13,823,10360,386,6915,437,3424,0,21,815,2321,8,4021,815,6342,California
Mono,2021-03-14,4,10364,4,6919,0,3424,0,21,0,2317,4,4025,0,6342,California
Mono,2021-03-15,31,10395,23,6942,3,3427,5,26,14,2320,16,4041,19,6361,California
Mono,2021-03-16,16,10411,6,6948,4,3431,6,32,8,2326,8,4049,14,6375,California
Mono,2021-03-17,33,10444,5,6953,20,3451,8,40,21,2343,12,4061,29,6404,California
Mono,2021-03-18,21,10465,2,6955,11,3462,8,48,9,2348,12,4073,17,6421,California
Mono,2021-03-19,21,10486,1,6956,17,3479,3,51,17,2365,3,4076,20,6441,California
Mono,2021-03-20,5,10491,3,6959,1,3480,1,52,4,2369,1,4077,5,6446,California
Mono,2021-03-21,1,10492,1,6960,0,3480,0,52,1,2370,0,4077,1,6447,California
Mono,2021-03-22,11,10503,0,6960,6,3486,5,57,5,2374,6,4083,10,6457,California
Mono,2021-03-23,43,10546,6,6966,32,3518,5,62,17,2370,26,4109,22,6479,California
Mono,2021-03-24,13,10559,1,6967,7,3525,5,67,5,2372,8,4117,10,6489,California
Mono,2021-03-25,19,10578,3,6970,12,3537,4,71,12,2381,7,4124,16,6505,California
Mono,2021-03-26,19,10597,3,6973,11,3548,5,76,10,2388,8,4132,15,6520,California
Mono,2021-03-27,356,10953,353,7326,3,3551,0,76,329,2690,27,4159,329,6849,California
Mono,2021-03-29,10,10963,3,7329,6,3557,1,77,8,2697,2,4161,9,6858,California
Mono,2021-03-30,12,10975,0,7329,8,3565,4,81,7,2703,5,4166,11,6869,California
Mono,2021-03-31,133,11108,7,7336,125,3690,1,82,22,2616,110,4276,23,6892,California
Mono,2021-04-01,8,11116,0,7336,7,3697,1,83,3,2615,5,4281,4,6896,California
Mono,2021-04-02,18,11134,2,7338,16,3713,0,83,7,2611,11,4292,7,6903,California
Mono,2021-04-03,867,12001,372,7710,495,4208,0,83,50,1846,815,5107,50,6953,California
Mono,2021-04-05,533,12534,18,7728,514,4722,1,84,34,1385,498,5605,37,6990,California
Mono,2021-04-06,19,12553,1,7729,5,4727,13,97,1,1381,18,5623,14,7004,California
Mono,2021-04-07,26,12579,3,7732,3,4730,20,117,4,1383,22,5645,24,7028,California
Mono,2021-04-08,23,12602,4,7736,2,4732,17,134,5,1387,18,5663,22,7050,California
Mono,2021-04-09,37,12639,4,7740,4,4736,29,163,7,1393,30,5693,36,7086,California
Mono,2021-04-10,451,13090,2,7742,442,5178,7,170,30,1012,421,6114,40,7126,California
Mono,2021-04-11,1,13091,1,7743,0,5178,0,170,0,1011,1,6115,0,7126,California
Mono,2021-04-12,6,13097,0,7743,3,5181,3,173,3,1014,3,6118,6,7132,California
Mono,2021-04-13,20,13117,2,7745,17,5198,1,174,14,1023,6,6124,15,7147,California
Mono,2021-04-14,25,13142,1,7746,24,5222,0,174,7,1012,18,6142,7,7154,California
Mono,2021-04-15,20,13162,5,7751,15,5237,0,174,11,1014,9,6151,11,7165,California
Mono,2021-04-16,17,13179,1,7752,16,5253,0,174,6,1009,11,6162,6,7171,California
Mono,2021-04-17,51,13230,2,7754,49,5302,0,174,44,1046,7,6169,44,7215,California
Mono,2021-04-18,1,13231,0,7754,1,5303,0,174,1,1047,0,6169,1,7216,California
Mono,2021-04-19,526,13757,319,8073,207,5510,0,174,201,925,323,6492,201,7417,California
Mono,2021-04-20,16,13773,2,8075,14,5524,0,174,11,931,5,6497,11,7428,California
Mono,2021-04-21,8,13781,1,8076,7,5531,0,174,3,929,5,6502,3,7431,California
Mono,2021-04-22,25,13806,11,8087,14,5545,0,174,11,926,14,6516,11,7442,California
Mono,2021-04-23,22,13828,2,8089,20,5565,0,174,12,928,10,6526,12,7454,California
Mono,2021-04-24,36,13864,22,8111,14,5579,0,174,21,934,15,6541,21,7475,California
Mono,2021-04-25,3,13867,2,8113,1,5580,0,174,3,937,0,6541,3,7478,California
Mono,2021-04-26,10,13877,1,8114,9,5589,0,174,2,931,8,6549,2,7480,California
Mono,2021-04-27,66,13943,40,8154,19,5608,7,181,50,972,16,6565,57,7537,California
Mono,2021-04-28,63,14006,41,8195,18,5626,4,185,48,1011,13,6578,52,7589,California
Mono,2021-04-29,9,14015,2,8197,4,5630,3,188,2,1009,7,6585,5,7594,California
Mono,2021-04-30,16,14031,3,8200,10,5640,3,191,8,1012,8,6593,11,7605,California
Mono,2021-05-01,110,14141,4,8204,106,5746,0,191,97,1097,12,6605,97,7702,California
Mono,2021-05-03,1,14142,0,8204,1,5747,0,191,0,1096,1,6606,0,7702,California
Mono,2021-05-04,19,14161,0,8204,13,5760,6,197,10,1103,9,6615,16,7718,California
Mono,2021-05-05,54,14215,8,8212,42,5802,4,201,46,1145,8,6623,50,7768,California
Mono,2021-05-06,13,14228,3,8215,9,5811,1,202,9,1151,4,6627,10,7778,California
Mono,2021-05-07,29,14257,22,8237,7,5818,0,202,25,1172,4,6631,25,7803,California
Mono,2021-05-08,50,14307,5,8242,45,5863,0,202,22,1166,28,6659,22,7825,California
Mono,2021-05-10,17,14324,1,8243,12,5875,4,206,9,1171,8,6667,13,7838,California
Mono,2021-05-11,16,14340,2,8245,11,5886,3,209,5,1168,11,6678,8,7846,California
Mono,2021-05-12,12,14352,0,8245,11,5897,1,210,4,1165,8,6686,5,7851,California
Mono,2021-05-13,45,14397,32,8277,13,5910,0,210,36,1192,9,6695,36,7887,California
Mono,2021-05-14,10,14407,1,8278,8,5918,1,211,5,1193,5,6700,6,7893,California
Mono,2021-05-15,66,14473,25,8303,34,5952,7,218,18,1170,48,6748,25,7918,California
Mono,2021-05-16,6,14479,5,8308,1,5953,0,218,3,1170,3,6751,3,7921,California
Mono,2021-05-17,246,14725,33,8341,206,6159,7,225,54,1041,191,6942,62,7983,California
Mono,2021-05-18,133,14858,109,8450,23,6182,1,226,87,1083,46,6988,88,8071,California
Mono,2021-05-19,118,14976,112,8562,1,6183,5,231,75,1120,43,7031,80,8151,California
Mono,2021-05-20,70,15046,54,8616,10,6193,6,237,53,1162,17,7048,59,8210,California
Mono,2021-05-21,26,15072,5,8621,19,6212,2,239,12,1162,14,7062,14,8224,California
Mono,2021-05-22,19,15091,10,8631,7,6219,2,241,13,1171,6,7068,15,8239,California
Mono,2021-05-23,4,15095,1,8632,3,6222,0,241,3,1173,1,7069,3,8242,California
Mono,2021-05-24,10,15105,1,8633,9,6231,0,241,7,1177,3,7072,7,8249,California
Mono,2021-05-25,15,15120,6,8639,9,6240,0,241,8,1178,7,7079,8,8257,California
Mono,2021-05-26,18,15138,3,8642,14,6254,1,242,8,1177,10,7089,9,8266,California
Mono,2021-05-27,6,15144,2,8644,4,6258,0,242,5,1181,1,7090,5,8271,California
Mono,2021-05-28,42,15186,27,8671,14,6272,1,243,10,1160,32,7122,11,8282,California
Mono,2021-05-29,125,15311,26,8697,97,6369,2,245,31,1099,94,7216,33,8315,California
Mono,2021-06-01,15,15326,6,8703,8,6377,1,246,8,1101,7,7223,9,8324,California
Mono,2021-06-02,36,15362,0,8703,36,6413,0,246,2,1069,34,7257,2,8326,California
Monterey,2020-12-16,5,5,5,5,0,0,0,0,5,5,0,0,5,5,California
Monterey,2020-12-17,89,94,89,94,0,0,0,0,89,94,0,0,89,94,California
Monterey,2020-12-18,486,580,486,580,0,0,0,0,486,580,0,0,486,580,California
Monterey,2020-12-19,582,1162,581,1161,1,1,0,0,582,1162,0,0,582,1162,California
Monterey,2020-12-20,422,1584,422,1583,0,1,0,0,422,1584,0,0,422,1584,California
Monterey,2020-12-21,723,2307,723,2306,0,1,0,0,723,2307,0,0,723,2307,California
Monterey,2020-12-22,538,2845,525,2831,13,14,0,0,538,2845,0,0,538,2845,California
Monterey,2020-12-23,441,3286,266,3097,175,189,0,0,441,3286,0,0,441,3286,California
Monterey,2020-12-24,84,3370,10,3107,74,263,0,0,84,3370,0,0,84,3370,California
Monterey,2020-12-25,6,3376,0,3107,6,269,0,0,6,3376,0,0,6,3376,California
Monterey,2020-12-26,92,3468,5,3112,87,356,0,0,92,3468,0,0,92,3468,California
Monterey,2020-12-27,7,3475,4,3116,3,359,0,0,7,3475,0,0,7,3475,California
Monterey,2020-12-28,480,3955,25,3141,455,814,0,0,480,3955,0,0,480,3955,California
Monterey,2020-12-29,902,4857,168,3309,734,1548,0,0,902,4857,0,0,902,4857,California
Monterey,2020-12-30,568,5425,97,3406,471,2019,0,0,568,5425,0,0,568,5425,California
Monterey,2020-12-31,33,5458,11,3417,22,2041,0,0,33,5458,0,0,33,5458,California
Monterey,2021-01-01,13,5471,3,3420,10,2051,0,0,13,5471,0,0,13,5471,California
Monterey,2021-01-02,137,5608,134,3554,3,2054,0,0,137,5608,0,0,137,5608,California
Monterey,2021-01-03,30,5638,29,3583,1,2055,0,0,30,5638,0,0,30,5638,California
Monterey,2021-01-04,411,6049,18,3601,393,2448,0,0,411,6049,0,0,411,6049,California
Monterey,2021-01-05,753,6802,327,3928,426,2874,0,0,739,6774,14,14,739,6788,California
Monterey,2021-01-06,660,7462,175,4103,485,3359,0,0,637,7388,23,37,637,7425,California
Monterey,2021-01-07,750,8212,574,4677,176,3535,0,0,424,7488,324,361,424,7849,California
Monterey,2021-01-08,1095,9307,737,5414,358,3893,0,0,400,7193,695,1056,400,8249,California
Monterey,2021-01-09,967,10274,935,6349,32,3925,0,0,314,6855,652,1708,314,8563,California
Monterey,2021-01-10,274,10548,271,6620,3,3928,0,0,9,6599,265,1973,9,8572,California
Monterey,2021-01-11,1074,11622,988,7608,86,4014,0,0,369,6263,705,2678,369,8941,California
Monterey,2021-01-12,474,12096,395,8003,79,4093,0,0,211,6211,263,2941,211,9152,California
Monterey,2021-01-13,1218,13314,593,8596,625,4718,0,0,1172,7337,46,2987,1172,10324,California
Monterey,2021-01-14,1129,14443,169,8765,960,5678,0,0,1110,8432,19,3006,1114,11438,California
Monterey,2021-01-15,1049,15492,45,8810,1004,6682,0,0,1036,9455,13,3019,1036,12474,California
Monterey,2021-01-16,366,15858,301,9111,65,6747,0,0,361,9811,5,3024,361,12835,California
Monterey,2021-01-17,314,16172,293,9404,21,6768,0,0,301,10099,13,3037,301,13136,California
Monterey,2021-01-18,403,16575,46,9450,357,7125,0,0,381,10458,22,3059,381,13517,California
Monterey,2021-01-19,578,17153,395,9845,183,7308,0,0,419,10720,157,3216,419,13936,California
Monterey,2021-01-20,539,17692,268,10113,271,7579,0,0,333,10847,206,3422,333,14269,California
Monterey,2021-01-21,851,18543,93,10206,758,8337,0,0,741,11482,110,3532,745,15014,California
Monterey,2021-01-22,1057,19600,195,10401,862,9199,0,0,1018,12461,39,3571,1018,16032,California
Monterey,2021-01-23,243,19843,175,10576,68,9267,0,0,119,12459,123,3694,121,16153,California
Monterey,2021-01-24,57,19900,38,10614,19,9286,0,0,23,12448,34,3728,23,16176,California
Monterey,2021-01-25,804,20704,175,10789,629,9915,0,0,177,12005,620,4348,177,16353,California
Monterey,2021-01-26,948,21652,227,11016,721,10636,0,0,251,11559,697,5045,251,16604,California
Monterey,2021-01-27,872,22524,315,11331,557,11193,0,0,390,11467,482,5527,390,16994,California
Monterey,2021-01-28,2031,24555,739,12070,1292,12485,0,0,1690,12818,341,5868,1692,18686,California
Monterey,2021-01-29,1279,25834,709,12779,570,13055,0,0,1161,13863,117,5985,1162,19848,California
Monterey,2021-01-30,467,26301,295,13074,172,13227,0,0,211,13818,256,6241,211,20059,California
Monterey,2021-01-31,496,26797,72,13146,424,13651,0,0,485,14293,11,6252,486,20545,California
Monterey,2021-02-01,1660,28457,1149,14295,511,14162,0,0,1092,14818,567,6819,1092,21637,California
Monterey,2021-02-02,2174,30631,462,14757,1712,15874,0,0,1566,15777,607,7426,1566,23203,California
Monterey,2021-02-03,2343,32974,1052,15809,1291,17165,0,0,1565,16568,774,8200,1565,24768,California
Monterey,2021-02-04,2794,35768,2088,17897,706,17871,0,0,2484,18744,308,8508,2484,27252,California
Monterey,2021-02-05,3675,39443,2832,20729,843,18714,0,0,3234,21542,436,8944,3234,30486,California
Monterey,2021-02-06,1109,40552,380,21109,729,19443,0,0,762,21959,345,9289,762,31248,California
Monterey,2021-02-07,317,40869,268,21377,49,19492,0,0,99,21840,218,9507,99,31347,California
Monterey,2021-02-08,521,41390,291,21668,230,19722,0,0,430,22179,91,9598,430,31777,California
Monterey,2021-02-09,882,42272,684,22352,198,19920,0,0,570,22439,312,9910,572,32349,California
Monterey,2021-02-10,2093,44365,1110,23462,983,20903,0,0,1247,22841,846,10756,1248,33597,California
Monterey,2021-02-11,2513,46878,975,24437,1538,22441,0,0,1550,23432,961,11717,1552,35149,California
Monterey,2021-02-12,2604,49482,432,24869,2172,24613,0,0,1530,23890,1073,12790,1531,36680,California
Monterey,2021-02-13,1079,50561,49,24918,1030,25643,0,0,988,24788,90,12880,988,37668,California
Monterey,2021-02-14,600,51161,73,24991,527,26170,0,0,527,25242,73,12953,527,38195,California
Monterey,2021-02-15,1375,52536,161,25152,1214,27384,0,0,984,25838,389,13342,985,39180,California
Monterey,2021-02-16,1098,53634,245,25397,853,28237,0,0,873,26486,225,13567,873,40053,California
Monterey,2021-02-17,1957,55591,1167,26564,790,29027,0,0,1652,27836,304,13871,1654,41707,California
Monterey,2021-02-18,2239,57830,1179,27743,1060,30087,0,0,914,27441,1311,15182,916,42623,California
Monterey,2021-02-19,2952,60782,1539,29282,1413,31500,0,0,1353,27197,1598,16780,1354,43977,California
Monterey,2021-02-20,1023,61805,617,29899,406,31906,0,0,964,28103,58,16838,964,44941,California
Monterey,2021-02-21,1254,63059,1225,31124,29,31935,0,0,1183,29217,69,16907,1183,46124,California
Monterey,2021-02-22,1004,64063,855,31979,149,32084,0,0,652,29519,350,17257,652,46776,California
Monterey,2021-02-23,971,65034,624,32603,347,32431,0,0,305,29160,665,17922,306,47082,California
Monterey,2021-02-24,2482,67516,1326,33929,1156,33587,0,0,1857,30398,620,18542,1858,48940,California
Monterey,2021-02-25,4434,71950,2430,36359,2004,35591,0,0,1486,28944,2941,21483,1487,50427,California
Monterey,2021-02-26,5305,77255,3088,39447,2217,37808,0,0,2635,28913,2667,24150,2636,53063,California
Monterey,2021-02-27,1030,78285,186,39633,844,38652,0,0,813,29514,212,24362,813,53876,California
Monterey,2021-02-28,1539,79824,82,39715,1457,40109,0,0,1076,30132,458,24820,1076,54952,California
Monterey,2021-03-01,1291,81115,146,39861,1142,41251,3,3,748,30346,538,25358,752,55704,California
Monterey,2021-03-02,2808,83923,1735,41596,1073,42324,0,3,1940,31422,864,26222,1940,57644,California
Monterey,2021-03-03,3223,87146,1246,42842,1977,44301,0,3,1278,30758,1943,28165,1279,58923,California
Monterey,2021-03-04,4584,91730,1474,44316,3110,47411,0,3,2957,32092,1623,29788,2957,61880,California
Monterey,2021-03-05,3678,95408,1626,45942,1775,49186,277,280,3008,34708,669,30457,3285,65165,California
Monterey,2021-03-06,5090,100498,1081,47023,3703,52889,306,586,4175,38275,912,31369,4479,69644,California
Monterey,2021-03-07,525,101023,107,47130,170,53059,248,834,234,38464,291,31660,480,70124,California
Monterey,2021-03-08,1670,102693,327,47457,954,54013,389,1223,1121,39423,549,32209,1508,71632,California
Monterey,2021-03-09,1995,104688,696,48153,1024,55037,275,1498,1493,40688,501,32710,1766,73398,California
Monterey,2021-03-10,3196,107884,1038,49191,1668,56705,490,1988,1467,40920,1725,34435,1957,75355,California
Monterey,2021-03-11,4174,112058,1415,50606,2384,59089,375,2363,2402,41932,1765,36200,2777,78132,California
Monterey,2021-03-12,4426,116484,2054,52660,2232,61321,140,2503,2725,43100,1698,37898,2866,80998,California
Monterey,2021-03-13,5314,121798,970,53630,3997,65318,347,2850,3990,46117,1323,39221,4340,85338,California
Monterey,2021-03-14,2162,123960,1336,54966,801,66119,25,2875,579,45148,1573,40794,604,85942,California
Monterey,2021-03-15,3976,127936,1274,56240,2412,68531,290,3165,2279,46023,1693,42487,2568,88510,California
Monterey,2021-03-16,3535,131471,579,56819,2579,71110,377,3542,2113,47088,1420,43907,2485,90995,California
Monterey,2021-03-17,5836,137307,2364,59183,3215,74325,257,3799,4224,49968,1606,45513,4486,95481,California
Monterey,2021-03-18,4475,141782,2171,61354,2135,76460,169,3968,3110,51925,1359,46872,3316,98797,California
Monterey,2021-03-19,5496,147278,2564,63918,2785,79245,147,4115,4207,54996,1284,48156,4355,103152,California
Monterey,2021-03-20,3374,150652,421,64339,2258,81503,695,4810,2289,56898,1081,49237,2983,106135,California
Monterey,2021-03-21,634,151286,206,64545,419,81922,9,4819,561,57396,71,49308,569,106704,California
Monterey,2021-03-22,2498,153784,1443,65988,993,82915,62,4881,2285,59532,209,49517,2345,109049,California
Monterey,2021-03-23,4030,157814,2364,68352,1623,84538,43,4924,2562,60673,1463,50980,2604,111653,California
Monterey,2021-03-24,5128,162942,2126,70478,2686,87224,316,5240,3759,63380,1365,52345,4072,115725,California
Monterey,2021-03-25,5324,168266,1226,71704,3739,90963,359,5599,2683,63790,2633,54978,3043,118768,California
Monterey,2021-03-26,5457,173723,2620,74324,2759,93722,78,5677,2792,64008,2654,57632,2872,121640,California
Monterey,2021-03-27,4868,178591,1458,75782,3154,96876,256,5933,3130,65659,1735,59367,3386,125026,California
Monterey,2021-03-28,1120,179711,346,76128,765,97641,9,5942,626,65805,489,59856,635,125661,California
Monterey,2021-03-29,3231,182942,1415,77543,1802,99443,14,5956,2009,66618,1214,61070,2027,127688,California
Monterey,2021-03-30,4531,187473,2136,79679,2347,101790,48,6004,2790,67729,1731,62801,2842,130530,California
Monterey,2021-03-31,5448,192921,2426,82105,2223,104013,799,6803,3460,69995,1985,64786,4251,134781,California
Monterey,2021-04-01,6158,199079,2065,84170,3680,107693,413,7216,3118,70499,3025,67811,3529,138310,California
Monterey,2021-04-02,4807,203886,2276,86446,2465,110158,66,7282,3250,72265,1554,69365,3320,141630,California
Monterey,2021-04-03,5951,209837,1121,87567,3788,113946,1042,8324,1238,69836,4701,74066,2272,143902,California
Monterey,2021-04-04,774,210611,162,87729,597,114543,15,8339,498,70075,276,74342,515,144417,California
Monterey,2021-04-05,4021,214632,2482,90211,1307,115850,232,8571,1496,69286,2519,76861,1730,146147,California
Monterey,2021-04-06,3444,218076,1348,91559,1621,117471,475,9046,1179,68676,2263,79124,1653,147800,California
Monterey,2021-04-07,5702,223778,1388,92947,3799,121270,515,9561,2768,69039,2922,82046,3285,151085,California
Monterey,2021-04-08,6697,230475,3523,96470,2366,123636,808,10369,3307,69800,3384,85430,4145,155230,California
Monterey,2021-04-09,5796,236271,3470,99940,1686,125322,640,11009,2339,69393,3454,88884,3047,158277,California
Monterey,2021-04-10,10228,246499,4970,104910,3096,128418,2162,13171,4991,71324,5226,94110,7157,165434,California
Monterey,2021-04-11,5444,251943,4269,109179,570,128988,605,13776,4395,75277,1043,95153,4996,170430,California
Monterey,2021-04-12,4121,256064,1853,111032,1949,130937,319,14095,940,73496,3043,98196,1262,171692,California
Monterey,2021-04-13,3193,259257,731,111763,2457,133394,5,14100,1523,73377,1651,99847,1532,173224,California
Monterey,2021-04-14,6763,266020,3145,114908,3615,137009,3,14103,1837,70330,4908,104755,1861,175085,California
Monterey,2021-04-15,5896,271916,3906,118814,1990,138999,0,14103,3870,72205,1996,106751,3871,178956,California
Monterey,2021-04-16,4854,276770,2442,121256,2398,141397,14,14117,2250,71877,2592,109343,2264,181220,California
Monterey,2021-04-17,5626,282396,1359,122615,4267,145664,0,14117,3723,73712,1888,111231,3723,184943,California
Monterey,2021-04-18,843,283239,256,122871,587,146251,0,14117,237,73347,602,111833,237,185180,California
Monterey,2021-04-19,3734,286973,1290,124161,2444,148695,0,14117,1772,73165,1954,113787,1772,186952,California
Monterey,2021-04-20,3852,290825,1583,125744,2269,150964,0,14117,1590,72517,2239,116026,1591,188543,California
Monterey,2021-04-21,5934,296759,3179,128923,2755,153719,0,14117,2860,72341,3038,119064,2862,191405,California
Monterey,2021-04-22,4836,301595,1029,129952,3807,157526,0,14117,1990,71526,2805,121869,1990,193395,California
Monterey,2021-04-23,5793,307388,2634,132586,3158,160684,1,14118,2237,70232,3536,125405,2242,195637,California
Monterey,2021-04-24,4253,311641,587,133173,3666,164350,0,14118,1561,69118,2675,128080,1561,197198,California
Monterey,2021-04-25,1243,312884,610,133783,633,164983,0,14118,793,69471,440,128520,793,197991,California
Monterey,2021-04-26,3501,316385,2178,135961,1306,166289,17,14135,881,67774,2595,131115,898,198889,California
Monterey,2021-04-27,2646,319031,900,136861,1626,167915,120,14255,1154,67559,1488,132603,1273,200162,California
Monterey,2021-04-28,3615,322646,1373,138234,2089,170004,153,14408,2234,68572,1368,133971,2381,202543,California
Monterey,2021-04-29,4516,327162,2423,140657,2017,172021,76,14484,1653,67450,2852,136823,1730,204273,California
Monterey,2021-04-30,3193,330355,1657,142314,1461,173482,75,14559,795,65929,2389,139212,868,205141,California
Monterey,2021-05-01,5617,335972,4240,146554,1337,174819,40,14599,682,61732,4917,144129,720,205861,California
Monterey,2021-05-02,4362,340334,3935,150489,400,175219,27,14626,325,58060,4024,148153,352,206213,California
Monterey,2021-05-03,2551,342885,1567,152056,868,176087,116,14742,599,56833,1942,150095,715,206928,California
Monterey,2021-05-04,1789,344674,600,152656,1099,177186,90,14832,645,56438,1131,151226,736,207664,California
Monterey,2021-05-05,3319,347993,1196,153852,2038,179224,85,14917,1047,55310,2261,153487,1133,208797,California
Monterey,2021-05-06,4177,352170,2749,156601,1211,180435,217,15134,1126,53618,3035,156522,1343,210140,California
Monterey,2021-05-07,1991,354161,973,157574,919,181354,99,15233,704,53141,1279,157801,802,210942,California
Monterey,2021-05-08,2596,356757,1368,158942,904,182258,324,15557,929,52734,1656,159457,1249,212191,California
Monterey,2021-05-09,398,357155,116,159058,256,182514,26,15583,145,52653,252,159709,171,212362,California
Monterey,2021-05-10,2596,359751,1859,160917,690,183204,47,15630,330,50775,2256,161965,378,212740,California
Monterey,2021-05-11,1770,361521,908,161825,798,184002,64,15694,732,50549,1023,162988,797,213537,California
Monterey,2021-05-12,3677,365198,1965,163790,1639,185641,73,15767,786,48529,2880,165868,860,214397,California
Monterey,2021-05-13,2300,367498,1314,165104,929,186570,57,15824,1266,48826,1024,166892,1321,215718,California
Monterey,2021-05-14,1755,369253,501,165605,1177,187747,77,15901,695,48546,1051,167943,771,216489,California
Monterey,2021-05-15,3010,372263,527,166132,2248,189995,235,16136,647,47075,2352,170295,881,217370,California
Monterey,2021-05-16,886,373149,533,166665,281,190276,72,16208,226,46718,654,170949,297,217667,California
Monterey,2021-05-17,2195,375344,1291,167956,829,191105,75,16283,1039,46690,1143,172092,1115,218782,California
Monterey,2021-05-18,1735,377079,668,168624,1023,192128,44,16327,798,46606,928,173020,844,219626,California
Monterey,2021-05-19,3584,380663,2347,170971,1150,193278,87,16414,1938,46993,1639,174659,2026,221652,California
Monterey,2021-05-20,2321,382984,818,171789,1397,194675,106,16520,748,46291,1558,176217,856,222508,California
Monterey,2021-05-21,2847,385831,1214,173003,1542,196217,91,16611,889,45320,1951,178168,980,223488,California
Monterey,2021-05-22,1704,387535,611,173614,815,197032,278,16889,641,45177,1060,179228,917,224405,California
Monterey,2021-05-23,552,388087,410,174024,127,197159,15,16904,389,45423,158,179386,404,224809,California
Monterey,2021-05-24,1658,389745,496,174520,1098,198257,64,16968,592,45019,1060,180446,656,225465,California
Monterey,2021-05-25,1395,391140,524,175044,803,199060,68,17036,586,44880,793,181239,654,226119,California
Monterey,2021-05-26,2426,393566,989,176033,1384,200444,53,17089,975,44469,1439,182678,1028,227147,California
Monterey,2021-05-27,2464,396030,1340,177373,1066,201510,58,17147,891,43860,1558,184236,949,228096,California
Monterey,2021-05-28,1721,397751,577,177950,1088,202598,56,17203,755,43715,957,185193,812,228908,California
Monterey,2021-05-29,949,398700,613,178563,309,202907,27,17230,405,43604,543,185736,432,229340,California
Monterey,2021-05-30,353,399053,160,178723,180,203087,13,17243,147,43559,205,185941,160,229500,California
Monterey,2021-05-31,180,399233,31,178754,140,203227,9,17252,54,43496,126,186067,63,229563,California
Monterey,2021-06-01,1554,400787,795,179549,637,203864,122,17374,634,43344,905,186972,753,230316,California
Monterey,2021-06-02,1060,401847,736,180285,294,204158,30,17404,426,43170,629,187601,455,230771,California
Napa,2020-12-16,12,12,12,12,0,0,0,0,12,12,0,0,12,12,California
Napa,2020-12-17,44,56,44,56,0,0,0,0,44,56,0,0,44,56,California
Napa,2020-12-18,102,158,102,158,0,0,0,0,102,158,0,0,102,158,California
Napa,2020-12-19,221,379,221,379,0,0,0,0,221,379,0,0,221,379,California
Napa,2020-12-20,190,569,190,569,0,0,0,0,190,569,0,0,190,569,California
Napa,2020-12-21,314,883,314,883,0,0,0,0,315,884,0,0,315,884,California
Napa,2020-12-22,341,1224,332,1215,9,9,0,0,341,1225,0,0,341,1225,California
Napa,2020-12-23,431,1655,321,1536,110,119,0,0,431,1656,0,0,431,1656,California
Napa,2020-12-24,139,1794,78,1614,61,180,0,0,139,1795,0,0,139,1795,California
Napa,2020-12-25,1,1795,1,1615,0,180,0,0,1,1796,0,0,1,1796,California
Napa,2020-12-26,39,1834,11,1626,28,208,0,0,39,1835,0,0,39,1835,California
Napa,2020-12-27,32,1866,16,1642,16,224,0,0,32,1867,0,0,32,1867,California
Napa,2020-12-28,252,2118,186,1828,66,290,0,0,281,2148,0,0,281,2148,California
Napa,2020-12-29,271,2389,214,2042,57,347,0,0,304,2452,0,0,304,2452,California
Napa,2020-12-30,631,3020,486,2528,145,492,0,0,639,3091,0,0,639,3091,California
Napa,2020-12-31,460,3480,371,2899,89,581,0,0,460,3551,0,0,460,3551,California
Napa,2021-01-01,1,3481,1,2900,0,581,0,0,1,3552,0,0,1,3552,California
Napa,2021-01-02,98,3579,93,2993,5,586,0,0,98,3650,0,0,98,3650,California
Napa,2021-01-03,13,3592,11,3004,2,588,0,0,9,3659,0,0,9,3659,California
Napa,2021-01-04,106,3698,63,3067,43,631,0,0,106,3765,0,0,106,3765,California
Napa,2021-01-05,162,3860,85,3152,77,708,0,0,145,3886,24,24,145,3910,California
Napa,2021-01-06,459,4319,113,3265,346,1054,0,0,396,4221,61,85,396,4306,California
Napa,2021-01-07,499,4818,235,3500,264,1318,0,0,398,4519,100,185,398,4704,California
Napa,2021-01-08,445,5263,230,3730,215,1533,0,0,261,4597,183,368,261,4965,California
Napa,2021-01-09,327,5590,302,4032,25,1558,0,0,190,4650,137,505,190,5155,California
Napa,2021-01-10,185,5775,102,4134,83,1641,0,0,108,4681,77,582,108,5263,California
Napa,2021-01-11,881,6656,427,4561,454,2095,0,0,507,4815,375,957,509,5772,California
Napa,2021-01-12,1319,7975,373,4934,946,3041,0,0,1001,5498,318,1275,1001,6773,California
Napa,2021-01-13,1313,9288,265,5199,1048,4089,0,0,1150,6487,162,1437,1151,7924,California
Napa,2021-01-14,1051,10339,171,5370,880,4969,0,0,933,7304,116,1553,933,8857,California
Napa,2021-01-15,1457,11796,384,5754,1073,6042,0,0,1308,8456,157,1710,1309,10166,California
Napa,2021-01-16,357,12153,133,5887,224,6266,0,0,340,8779,17,1727,340,10506,California
Napa,2021-01-17,338,12491,173,6060,165,6431,0,0,328,9097,10,1737,328,10834,California
Napa,2021-01-18,1080,13571,197,6257,883,7314,0,0,989,9995,91,1828,989,11823,California
Napa,2021-01-19,1009,14580,405,6662,604,7918,0,0,766,10519,242,2070,766,12589,California
Napa,2021-01-20,827,15407,187,6849,640,8558,0,0,643,10980,182,2252,643,13232,California
Napa,2021-01-21,1336,16743,374,7223,962,9520,0,0,1081,11808,254,2506,1082,14314,California
Napa,2021-01-22,1545,18288,414,7637,1131,10651,0,0,1218,12701,326,2832,1219,15533,California
Napa,2021-01-23,398,18686,318,7955,80,10731,0,0,336,12975,62,2894,336,15869,California
Napa,2021-01-24,264,18950,187,8142,77,10808,0,0,207,13125,57,2951,207,16076,California
Napa,2021-01-25,1521,20471,229,8371,1292,12100,0,0,1431,14466,90,3041,1431,17507,California
Napa,2021-01-26,878,21349,285,8656,593,12693,0,0,786,15161,92,3133,787,18294,California
Napa,2021-01-27,628,21977,220,8876,408,13101,0,0,471,15475,158,3291,472,18766,California
Napa,2021-01-28,387,22364,175,9051,212,13313,0,0,196,15482,189,3480,196,18962,California
Napa,2021-01-29,255,22619,63,9114,192,13505,0,0,160,15547,95,3575,160,19122,California
Napa,2021-01-30,807,23426,697,9811,110,13615,0,0,640,16020,167,3742,640,19762,California
Napa,2021-01-31,652,24078,621,10432,31,13646,0,0,629,16626,23,3765,629,20391,California
Napa,2021-02-01,320,24398,112,10544,208,13854,0,0,164,16634,156,3921,164,20555,California
Napa,2021-02-02,606,25004,279,10823,327,14181,0,0,297,16625,306,4227,297,20852,California
Napa,2021-02-03,744,25748,308,11131,436,14617,0,0,429,16740,314,4541,429,21281,California
Napa,2021-02-04,787,26535,370,11501,417,15034,0,0,438,16831,347,4888,438,21719,California
Napa,2021-02-05,709,27244,308,11809,401,15435,0,0,342,16806,367,5255,342,22061,California
Napa,2021-02-06,434,27678,146,11955,288,15723,0,0,328,17028,106,5361,328,22389,California
Napa,2021-02-07,173,27851,160,12115,13,15736,0,0,71,16997,102,5463,71,22460,California
Napa,2021-02-08,835,28686,191,12306,644,16380,0,0,274,16713,558,6021,274,22734,California
Napa,2021-02-09,1083,29769,448,12754,635,17015,0,0,440,16511,642,6663,440,23174,California
Napa,2021-02-10,1725,31494,193,12947,1532,18547,0,0,451,15692,1271,7934,452,23626,California
Napa,2021-02-11,1492,32986,192,13139,1300,19847,0,0,404,15021,1075,9009,404,24030,California
Napa,2021-02-12,2170,35156,844,13983,1326,21173,0,0,729,14313,1437,10446,729,24759,California
Napa,2021-02-13,503,35659,53,14036,450,21623,0,0,317,14444,186,10632,317,25076,California
Napa,2021-02-14,355,36014,86,14122,269,21892,0,0,193,14475,162,10794,193,25269,California
Napa,2021-02-15,876,36890,182,14304,694,22586,0,0,223,14047,651,11445,223,25492,California
Napa,2021-02-16,1289,38179,597,14901,692,23278,0,0,613,13986,674,12119,613,26105,California
Napa,2021-02-17,1048,39227,531,15432,517,23795,0,0,477,13895,569,12688,478,26583,California
Napa,2021-02-18,1903,41130,485,15917,1418,25213,0,0,661,13317,1239,13927,661,27244,California
Napa,2021-02-19,1480,42610,585,16502,895,26108,0,0,675,13188,804,14731,675,27919,California
Napa,2021-02-20,823,43433,597,17099,226,26334,0,0,275,12915,548,15279,275,28194,California
Napa,2021-02-21,816,44249,752,17851,64,26398,0,0,212,12523,604,15883,212,28406,California
Napa,2021-02-22,447,44696,190,18041,257,26655,0,0,141,12358,306,16189,141,28547,California
Napa,2021-02-23,1132,45828,306,18347,826,27481,0,0,316,11858,816,17005,316,28863,California
Napa,2021-02-24,1165,46993,644,18991,521,28002,0,0,577,11849,586,17591,577,29440,California
Napa,2021-02-25,2560,49553,1224,20215,1336,29338,0,0,1848,12986,711,18302,1848,31288,California
Napa,2021-02-26,1508,51061,527,20742,981,30319,0,0,596,12672,910,19212,596,31884,California
Napa,2021-02-27,1117,52178,386,21128,731,31050,0,0,865,13287,250,19462,865,32749,California
Napa,2021-02-28,563,52741,461,21589,102,31152,0,0,463,13652,98,19560,463,33212,California
Napa,2021-03-01,1107,53848,817,22406,290,31442,0,0,832,14212,272,19832,832,34044,California
Napa,2021-03-02,1507,55355,1048,23454,459,31901,0,0,1166,15038,340,20172,1166,35210,California
Napa,2021-03-03,1565,56920,694,24148,871,32772,0,0,1377,16228,187,20359,1377,36587,California
Napa,2021-03-04,1715,58635,787,24935,928,33700,0,0,1476,17468,236,20595,1476,38063,California
Napa,2021-03-05,1900,60535,790,25725,1106,34806,4,4,1482,18538,416,21011,1486,39549,California
Napa,2021-03-06,656,61191,289,26014,336,35142,31,35,544,19003,110,21121,575,40124,California
Napa,2021-03-07,521,61712,317,26331,189,35331,15,50,377,19251,144,21265,392,40516,California
Napa,2021-03-08,715,62427,336,26667,326,35657,53,103,538,19667,175,21440,591,41107,California
Napa,2021-03-09,1686,64113,606,27273,1034,36691,46,149,1251,20532,432,21872,1297,42404,California
Napa,2021-03-10,1498,65611,923,28196,481,37172,94,243,798,20725,696,22568,889,43293,California
Napa,2021-03-11,1881,67492,1061,29257,690,37862,130,373,989,20951,892,23460,1118,44411,California
Napa,2021-03-12,1517,69009,918,30175,503,38365,96,469,810,21151,705,24165,905,45316,California
Napa,2021-03-13,1177,70186,310,30485,842,39207,25,494,836,21673,339,24504,861,46177,California
Napa,2021-03-14,620,70806,336,30821,135,39342,149,643,218,21638,401,24905,366,46543,California
Napa,2021-03-15,955,71761,411,31232,474,39816,70,713,480,21715,473,25378,550,47093,California
Napa,2021-03-16,1852,73613,392,31624,1333,41149,127,840,1384,22762,465,25843,1512,48605,California
Napa,2021-03-17,2519,76132,1855,33479,485,41634,179,1019,1606,23635,912,26755,1785,50390,California
Napa,2021-03-18,2135,78267,941,34420,1183,42817,11,1030,1304,24122,828,27583,1315,51705,California
Napa,2021-03-19,1450,79717,878,35298,544,43361,28,1058,709,24121,738,28321,737,52442,California
Napa,2021-03-20,1010,80727,530,35828,327,43688,153,1211,427,24119,582,28903,580,53022,California
Napa,2021-03-21,705,81432,682,36510,20,43708,3,1214,349,24116,355,29258,352,53374,California
Napa,2021-03-22,1298,82730,1122,37632,165,43873,11,1225,495,23824,798,30056,506,53880,California
Napa,2021-03-23,1875,84605,1182,38814,676,44549,17,1242,1003,23976,868,30924,1020,54900,California
Napa,2021-03-24,1709,86314,945,39759,756,45305,8,1250,818,23912,890,31814,826,55726,California
Napa,2021-03-25,1926,88240,1053,40812,819,46124,54,1304,769,23584,1151,32965,823,56549,California
Napa,2021-03-26,1307,89547,838,41650,463,46587,6,1310,592,23472,710,33675,598,57147,California
Napa,2021-03-27,942,90489,434,42084,481,47068,27,1337,311,23179,631,34306,338,57485,California
Napa,2021-03-28,489,90978,378,42462,104,47172,7,1344,180,23059,307,34613,187,57672,California
Napa,2021-03-29,1201,92179,874,43336,322,47494,5,1349,729,23323,470,35083,734,58406,California
Napa,2021-03-30,2737,94916,933,44269,1800,49294,4,1353,1919,24429,818,35901,1924,60330,California
Napa,2021-03-31,1976,96892,963,45232,944,50238,69,1422,806,24135,1167,37068,873,61203,California
Napa,2021-04-01,1755,98647,844,46076,793,51031,118,1540,479,23464,1269,38337,598,61801,California
Napa,2021-04-02,1867,100514,837,46913,888,51919,142,1682,477,22699,1387,39724,622,62423,California
Napa,2021-04-03,634,101148,369,47282,206,52125,59,1741,211,22545,423,40147,269,62692,California
Napa,2021-04-04,358,101506,144,47426,156,52281,58,1799,123,22492,234,40381,181,62873,California
Napa,2021-04-05,1274,102780,758,48184,297,52578,219,2018,574,22586,699,41080,793,63666,California
Napa,2021-04-06,2246,105026,560,48744,1430,54008,256,2274,518,21638,1725,42805,777,64443,California
Napa,2021-04-07,1744,106770,710,49454,813,54821,221,2495,529,21184,1210,44015,756,65199,California
Napa,2021-04-08,1863,108633,1069,50523,420,55241,374,2869,961,21623,898,44913,1337,66536,California
Napa,2021-04-09,1552,110185,932,51455,316,55557,304,3173,683,21748,867,45780,992,67528,California
Napa,2021-04-10,1043,111228,348,51803,594,56151,101,3274,242,21299,800,46580,351,67879,California
Napa,2021-04-11,386,111614,299,52102,64,56215,23,3297,158,21252,228,46808,181,68060,California
Napa,2021-04-12,791,112405,305,52407,361,56576,125,3422,292,21168,497,47305,413,68473,California
Napa,2021-04-13,2543,114948,849,53256,1694,58270,0,3422,925,20483,1613,48918,928,69401,California
Napa,2021-04-14,2085,117033,984,54240,1101,59371,0,3422,1009,20424,1068,49986,1009,70410,California
Napa,2021-04-15,2057,119090,528,54768,1529,60900,0,3422,876,20125,1175,51161,876,71286,California
Napa,2021-04-16,2904,121994,1578,56346,1326,62226,0,3422,2190,21603,712,51873,2190,73476,California
Napa,2021-04-17,1133,123127,269,56615,864,63090,0,3422,834,22139,298,52171,834,74310,California
Napa,2021-04-18,265,123392,172,56787,93,63183,0,3422,119,22112,146,52317,119,74429,California
Napa,2021-04-19,609,124001,338,57125,271,63454,0,3422,265,22034,343,52660,265,74694,California
Napa,2021-04-20,3034,127035,2061,59186,973,64427,0,3422,2082,23166,951,53611,2083,76777,California
Napa,2021-04-21,2921,129956,2157,61343,764,65191,0,3422,1855,23962,1060,54671,1856,78633,California
Napa,2021-04-22,1690,131646,1170,62513,520,65711,0,3422,840,23957,845,55516,840,79473,California
Napa,2021-04-23,1625,133271,1248,63761,375,66086,2,3424,1148,24632,473,55989,1148,80621,California
Napa,2021-04-24,559,133830,317,64078,242,66328,0,3424,285,24646,271,56260,285,80906,California
Napa,2021-04-25,250,134080,192,64270,58,66386,0,3424,130,24657,119,56379,130,81036,California
Napa,2021-04-26,511,134591,263,64533,248,66634,0,3424,266,24683,240,56619,266,81302,California
Napa,2021-04-27,1681,136272,439,64972,1231,67865,11,3435,586,24188,1092,57711,597,81899,California
Napa,2021-04-28,982,137254,438,65410,527,68392,17,3452,322,23868,659,58370,339,82238,California
Napa,2021-04-29,650,137904,326,65736,305,68697,19,3471,199,23641,444,58814,217,82455,California
Napa,2021-04-30,603,138507,303,66039,236,68933,64,3535,248,23598,354,59168,311,82766,California
Napa,2021-05-01,323,138830,266,66305,46,68979,11,3546,119,23524,204,59372,130,82896,California
Napa,2021-05-02,237,139067,193,66498,38,69017,6,3552,99,23492,137,59509,105,83001,California
Napa,2021-05-03,624,139691,499,66997,90,69107,35,3587,103,23115,516,60025,139,83140,California
Napa,2021-05-04,1126,140817,717,67714,298,69405,111,3698,294,22692,828,60853,405,83545,California
Napa,2021-05-05,1018,141835,687,68401,295,69700,36,3734,255,22223,760,61613,291,83836,California
Napa,2021-05-06,717,142552,318,68719,376,70076,23,3757,372,22283,336,61949,396,84232,California
Napa,2021-05-07,848,143400,629,69348,158,70234,61,3818,191,21893,641,62590,251,84483,California
Napa,2021-05-08,255,143655,164,69512,80,70314,11,3829,89,21828,165,62755,100,84583,California
Napa,2021-05-09,108,143763,77,69589,31,70345,0,3829,50,21820,58,62813,50,84633,California
Napa,2021-05-10,418,144181,141,69730,258,70603,19,3848,108,21638,309,63122,127,84760,California
Napa,2021-05-11,2161,146342,1780,71510,355,70958,26,3874,371,20251,1784,64906,397,85157,California
Napa,2021-05-12,2155,148497,1346,72856,754,71712,55,3929,295,18746,1855,66761,350,85507,California
Napa,2021-05-13,1822,150319,1130,73986,654,72366,38,3967,765,18499,1050,67811,803,86310,California
Napa,2021-05-14,1911,152230,1143,75129,681,73047,87,4054,519,17720,1386,69197,607,86917,California
Napa,2021-05-15,1053,153283,347,75476,695,73742,11,4065,261,17205,788,69985,273,87190,California
Napa,2021-05-16,239,153522,159,75635,78,73820,2,4067,67,17102,172,70157,69,87259,California
Napa,2021-05-17,878,154400,347,75982,501,74321,30,4097,311,16933,510,70667,341,87600,California
Napa,2021-05-18,1039,155439,545,76527,436,74757,58,4155,502,16961,532,71199,560,88160,California
Napa,2021-05-19,928,156367,547,77074,351,75108,30,4185,522,17108,404,71603,551,88711,California
Napa,2021-05-20,578,156945,381,77455,169,75277,28,4213,375,17308,203,71806,403,89114,California
Napa,2021-05-21,431,157376,213,77668,187,75464,31,4244,187,17282,244,72050,218,89332,California
Napa,2021-05-22,392,157768,215,77883,170,75634,7,4251,158,17213,234,72284,165,89497,California
Napa,2021-05-23,351,158119,320,78203,21,75655,10,4261,272,17417,78,72362,282,89779,California
Napa,2021-05-24,364,158483,174,78377,169,75824,21,4282,148,17372,214,72576,169,89948,California
Napa,2021-05-25,400,158883,164,78541,169,75993,67,4349,136,17313,262,72838,203,90151,California
Napa,2021-05-26,543,159426,354,78895,164,76157,25,4374,320,17438,220,73058,345,90496,California
Napa,2021-05-27,373,159799,161,79056,184,76341,28,4402,158,17409,215,73273,186,90682,California
Napa,2021-05-28,393,160192,204,79260,165,76506,24,4426,164,17370,225,73498,186,90868,California
Napa,2021-05-29,130,160322,78,79338,46,76552,6,4432,76,17398,54,73552,82,90950,California
Napa,2021-05-30,100,160422,63,79401,32,76584,5,4437,34,17372,65,73617,39,90989,California
Napa,2021-05-31,46,160468,19,79420,20,76604,7,4444,11,17355,35,73652,18,91007,California
Napa,2021-06-01,577,161045,298,79718,256,76860,23,4467,267,17340,304,73956,289,91296,California
Napa,2021-06-02,273,161318,142,79860,114,76974,17,4484,127,17340,144,74100,144,91440,California
Nevada,2020-12-16,3,3,3,3,0,0,0,0,3,3,0,0,3,3,California
Nevada,2020-12-17,6,9,6,9,0,0,0,0,6,9,0,0,6,9,California
Nevada,2020-12-18,52,61,52,61,0,0,0,0,52,61,0,0,52,61,California
Nevada,2020-12-19,55,116,55,116,0,0,0,0,55,116,0,0,55,116,California
Nevada,2020-12-20,12,128,12,128,0,0,0,0,12,128,0,0,12,128,California
Nevada,2020-12-21,69,197,69,197,0,0,0,0,69,197,0,0,69,197,California
Nevada,2020-12-22,92,289,90,287,2,2,0,0,92,289,0,0,92,289,California
Nevada,2020-12-23,234,523,203,490,31,33,0,0,234,523,0,0,234,523,California
Nevada,2020-12-24,13,536,11,501,2,35,0,0,13,536,0,0,13,536,California
Nevada,2020-12-25,3,539,3,504,0,35,0,0,3,539,0,0,3,539,California
Nevada,2020-12-26,6,545,4,508,2,37,0,0,6,545,0,0,6,545,California
Nevada,2020-12-27,88,633,88,596,0,37,0,0,88,633,0,0,88,633,California
Nevada,2020-12-28,169,802,92,688,77,114,0,0,169,802,0,0,169,802,California
Nevada,2020-12-29,99,901,73,761,26,140,0,0,99,901,0,0,99,901,California
Nevada,2020-12-30,86,987,66,827,20,160,0,0,86,987,0,0,86,987,California
Nevada,2020-12-31,39,1026,9,836,30,190,0,0,39,1026,0,0,39,1026,California
Nevada,2021-01-01,2,1028,0,836,2,192,0,0,2,1028,0,0,2,1028,California
Nevada,2021-01-02,1,1029,1,837,0,192,0,0,1,1029,0,0,1,1029,California
Nevada,2021-01-03,129,1158,126,963,3,195,0,0,129,1158,0,0,129,1158,California
Nevada,2021-01-04,71,1229,47,1010,24,219,0,0,71,1229,0,0,71,1229,California
Nevada,2021-01-05,273,1502,132,1142,141,360,0,0,272,1500,1,1,272,1501,California
Nevada,2021-01-06,91,1593,43,1185,48,408,0,0,83,1575,8,9,83,1584,California
Nevada,2021-01-07,215,1808,43,1228,172,580,0,0,208,1778,6,15,209,1793,California
Nevada,2021-01-08,223,2031,129,1357,94,674,0,0,170,1896,53,68,171,1964,California
Nevada,2021-01-09,63,2094,56,1413,7,681,0,0,15,1863,48,116,15,1979,California
Nevada,2021-01-10,18,2112,9,1422,9,690,0,0,10,1865,8,124,10,1989,California
Nevada,2021-01-11,185,2297,131,1553,54,744,0,0,57,1794,128,252,57,2046,California
Nevada,2021-01-12,595,2892,449,2002,146,890,0,0,529,2257,66,318,529,2575,California
Nevada,2021-01-13,259,3151,146,2148,113,1003,0,0,125,2248,134,452,125,2700,California
Nevada,2021-01-14,237,3388,127,2275,110,1113,0,0,219,2450,17,469,219,2919,California
Nevada,2021-01-15,396,3784,170,2445,226,1339,0,0,298,2650,98,567,298,3217,California
Nevada,2021-01-16,297,4081,15,2460,282,1621,0,0,293,2939,4,571,293,3510,California
Nevada,2021-01-17,36,4117,32,2492,4,1625,0,0,34,2971,2,573,34,3544,California
Nevada,2021-01-18,155,4272,45,2537,110,1735,0,0,143,3102,12,585,143,3687,California
Nevada,2021-01-19,243,4515,85,2622,158,1893,0,0,223,3305,20,605,223,3910,California
Nevada,2021-01-20,269,4784,164,2786,105,1998,0,0,256,3548,13,618,256,4166,California
Nevada,2021-01-21,339,5123,207,2993,132,2130,0,0,326,3861,13,631,326,4492,California
Nevada,2021-01-22,368,5491,231,3224,137,2267,0,0,338,4169,30,661,338,4830,California
Nevada,2021-01-23,178,5669,105,3329,73,2340,0,0,178,4347,0,661,178,5008,California
Nevada,2021-01-24,106,5775,98,3427,8,2348,0,0,67,4375,39,700,67,5075,California
Nevada,2021-01-25,265,6040,136,3563,129,2477,0,0,204,4518,61,761,204,5279,California
Nevada,2021-01-26,402,6442,141,3704,261,2738,0,0,298,4712,104,865,298,5577,California
Nevada,2021-01-27,421,6863,248,3952,173,2911,0,0,397,5085,24,889,397,5974,California
Nevada,2021-01-28,470,7333,319,4271,151,3062,0,0,426,5468,43,932,426,6400,California
Nevada,2021-01-29,606,7939,394,4665,212,3274,0,0,579,6022,26,958,580,6980,California
Nevada,2021-01-30,232,8171,105,4770,127,3401,0,0,229,6248,3,961,229,7209,California
Nevada,2021-01-31,104,8275,87,4857,17,3418,0,0,102,6350,1,962,103,7312,California
Nevada,2021-02-01,291,8566,71,4928,220,3638,0,0,277,6613,14,976,277,7589,California
Nevada,2021-02-02,520,9086,182,5110,338,3976,0,0,321,6735,199,1175,321,7910,California
Nevada,2021-02-03,814,9900,573,5683,241,4217,0,0,760,7442,53,1228,760,8670,California
Nevada,2021-02-04,737,10637,388,6071,349,4566,0,0,487,7680,249,1477,487,9157,California
Nevada,2021-02-05,649,11286,369,6440,280,4846,0,0,459,7951,188,1665,459,9616,California
Nevada,2021-02-06,269,11555,82,6522,187,5033,0,0,242,8166,27,1692,242,9858,California
Nevada,2021-02-07,247,11802,194,6716,53,5086,0,0,193,8305,54,1746,193,10051,California
Nevada,2021-02-08,653,12455,407,7123,246,5332,0,0,552,8756,101,1847,552,10603,California
Nevada,2021-02-09,603,13058,337,7460,266,5598,0,0,464,9081,139,1986,464,11067,California
Nevada,2021-02-10,650,13708,325,7785,325,5923,0,0,419,9270,231,2217,420,11487,California
Nevada,2021-02-11,873,14581,505,8290,368,6291,0,0,544,9486,328,2545,544,12031,California
Nevada,2021-02-12,942,15523,438,8728,504,6795,0,0,621,9789,318,2863,621,12652,California
Nevada,2021-02-13,601,16124,236,8964,365,7160,0,0,387,9967,210,3073,388,13040,California
Nevada,2021-02-14,231,16355,120,9084,111,7271,0,0,203,10142,28,3101,203,13243,California
Nevada,2021-02-15,713,17068,438,9522,275,7546,0,0,539,10507,174,3275,539,13782,California
Nevada,2021-02-16,622,17690,199,9721,423,7969,0,0,455,10796,166,3441,455,14237,California
Nevada,2021-02-17,1184,18874,763,10484,421,8390,0,0,856,11324,328,3769,856,15093,California
Nevada,2021-02-18,1014,19888,551,11035,463,8853,0,0,604,11520,408,4177,604,15697,California
Nevada,2021-02-19,1014,20902,631,11666,383,9236,0,0,650,11809,362,4539,651,16348,California
Nevada,2021-02-20,298,21200,107,11773,191,9427,0,0,173,11858,124,4663,173,16521,California
Nevada,2021-02-21,95,21295,89,11862,6,9433,0,0,8,11780,86,4749,8,16529,California
Nevada,2021-02-22,498,21793,332,12194,166,9599,0,0,351,11985,146,4895,351,16880,California
Nevada,2021-02-23,484,22277,235,12429,249,9848,0,0,220,11944,261,5156,220,17100,California
Nevada,2021-02-24,478,22755,242,12671,236,10084,0,0,253,11974,225,5381,255,17355,California
Nevada,2021-02-25,860,23615,467,13138,393,10477,0,0,432,11980,426,5807,432,17787,California
Nevada,2021-02-26,1241,24856,883,14021,358,10835,0,0,411,11564,827,6634,411,18198,California
Nevada,2021-02-27,356,25212,111,14132,245,11080,0,0,187,11582,169,6803,187,18385,California
Nevada,2021-02-28,274,25486,160,14292,114,11194,0,0,125,11560,148,6951,126,18511,California
Nevada,2021-03-01,832,26318,435,14727,397,11591,0,0,363,11456,467,7418,363,18874,California
Nevada,2021-03-02,743,27061,293,15020,450,12041,0,0,510,11738,228,7646,510,19384,California
Nevada,2021-03-03,980,28041,502,15522,477,12518,1,1,508,11777,471,8117,510,19894,California
Nevada,2021-03-04,1109,29150,618,16140,491,13009,0,1,467,11606,638,8755,467,20361,California
Nevada,2021-03-05,836,29986,474,16614,352,13361,10,11,374,11530,460,9215,384,20745,California
Nevada,2021-03-06,360,30346,121,16735,212,13573,27,38,144,11484,216,9431,170,20915,California
Nevada,2021-03-07,212,30558,110,16845,83,13656,19,57,70,11431,142,9573,89,21004,California
Nevada,2021-03-08,827,31385,557,17402,224,13880,46,103,377,11406,449,10022,424,21428,California
Nevada,2021-03-09,791,32176,404,17806,338,14218,49,152,465,11595,324,10346,513,21941,California
Nevada,2021-03-10,1003,33179,646,18452,301,14519,56,208,341,11334,657,11003,396,22337,California
Nevada,2021-03-11,1106,34285,727,19179,354,14873,25,233,550,11361,548,11551,575,22912,California
Nevada,2021-03-12,1202,35487,729,19908,443,15316,30,263,509,11209,690,12241,538,23450,California
Nevada,2021-03-13,285,35772,57,19965,223,15539,5,268,111,11152,172,12413,115,23565,California
Nevada,2021-03-14,156,35928,22,19987,128,15667,6,274,33,11068,123,12536,39,23604,California
Nevada,2021-03-15,853,36781,461,20448,380,16047,12,286,361,10952,489,13025,373,23977,California
Nevada,2021-03-16,999,37780,469,20917,468,16515,62,348,640,11296,357,13382,701,24678,California
Nevada,2021-03-17,1021,38801,453,21370,558,17073,10,358,583,11454,435,13817,593,25271,California
Nevada,2021-03-18,983,39784,533,21903,427,17500,23,381,479,11456,500,14317,502,25773,California
Nevada,2021-03-19,760,40544,441,22344,282,17782,37,418,356,11449,400,14717,393,26166,California
Nevada,2021-03-20,822,41366,92,22436,302,18084,428,846,229,11515,587,15304,653,26819,California
Nevada,2021-03-21,58,41424,32,22468,25,18109,1,847,40,11539,17,15321,41,26860,California
Nevada,2021-03-22,800,42224,518,22986,277,18386,5,852,533,11812,265,15586,538,27398,California
Nevada,2021-03-23,858,43082,390,23376,442,18828,26,878,616,12215,239,15825,642,28040,California
Nevada,2021-03-24,1023,44105,543,23919,473,19301,7,885,641,12486,376,16201,647,28687,California
Nevada,2021-03-25,908,45013,458,24377,425,19726,25,910,496,12596,410,16611,520,29207,California
Nevada,2021-03-26,1143,46156,437,24814,667,20393,39,949,818,13130,322,16933,856,30063,California
Nevada,2021-03-27,567,46723,70,24884,481,20874,16,965,385,13349,182,17115,401,30464,California
Nevada,2021-03-28,176,46899,50,24934,113,20987,13,978,38,13265,135,17250,51,30515,California
Nevada,2021-03-29,821,47720,502,25436,297,21284,22,1000,374,13216,444,17694,395,30910,California
Nevada,2021-03-30,1055,48775,482,25918,539,21823,34,1034,486,13175,561,18255,520,31430,California
Nevada,2021-03-31,1181,49956,661,26579,503,22326,17,1051,678,13375,494,18749,694,32124,California
Nevada,2021-04-01,1239,51195,722,27301,464,22790,53,1104,546,13290,684,19433,599,32723,California
Nevada,2021-04-02,1291,52486,661,27962,594,23384,36,1140,763,13566,524,19957,800,33523,California
Nevada,2021-04-03,292,52778,92,28054,161,23545,39,1179,85,13484,206,20163,124,33647,California
Nevada,2021-04-04,130,52908,44,28098,79,23624,7,1186,78,13517,52,20215,85,33732,California
Nevada,2021-04-05,935,53843,616,28714,299,23923,20,1206,622,13850,309,20524,642,34374,California
Nevada,2021-04-06,1078,54921,669,29383,266,24189,143,1349,435,13794,636,21160,580,34954,California
Nevada,2021-04-07,1147,56068,819,30202,245,24434,83,1432,610,13956,530,21690,692,35646,California
Nevada,2021-04-08,1280,57348,892,31094,305,24739,83,1515,705,14172,572,22262,788,36434,California
Nevada,2021-04-09,1248,58596,847,31941,332,25071,69,1584,845,14685,401,22663,914,37348,California
Nevada,2021-04-10,269,58865,77,32018,116,25187,76,1660,108,14709,160,22823,184,37532,California
Nevada,2021-04-11,100,58965,32,32050,64,25251,4,1664,39,14691,61,22884,43,37575,California
Nevada,2021-04-12,746,59711,539,32589,191,25442,16,1680,316,14597,426,23310,332,37907,California
Nevada,2021-04-13,884,60595,352,32941,532,25974,0,1680,469,14653,413,23723,469,38376,California
Nevada,2021-04-14,1048,61643,568,33509,480,26454,0,1680,531,14675,509,24232,531,38907,California
Nevada,2021-04-15,1069,62712,702,34211,367,26821,0,1680,615,14848,442,24674,615,39522,California
Nevada,2021-04-16,891,63603,691,34902,200,27021,0,1680,515,14988,375,25049,515,40037,California
Nevada,2021-04-17,195,63798,50,34952,145,27166,0,1680,85,14965,108,25157,85,40122,California
Nevada,2021-04-18,185,63983,20,34972,165,27331,0,1680,102,14984,83,25240,102,40224,California
Nevada,2021-04-19,749,64732,480,35452,269,27600,0,1680,304,14852,436,25676,304,40528,California
Nevada,2021-04-20,799,65531,310,35762,489,28089,0,1680,302,14663,491,26167,302,40830,California
Nevada,2021-04-21,907,66438,495,36257,412,28501,0,1680,273,14311,625,26792,273,41103,California
Nevada,2021-04-22,996,67434,621,36878,375,28876,0,1680,342,14010,643,27435,342,41445,California
Nevada,2021-04-23,1220,68654,540,37418,680,29556,0,1680,396,13593,813,28248,396,41841,California
Nevada,2021-04-24,521,69175,72,37490,449,30005,0,1680,168,13410,351,28599,168,42009,California
Nevada,2021-04-25,116,69291,60,37550,51,30056,5,1685,52,13403,63,28662,56,42065,California
Nevada,2021-04-26,712,70003,533,38083,171,30227,8,1693,204,13117,498,29160,212,42277,California
Nevada,2021-04-27,778,70781,352,38435,421,30648,5,1698,398,13149,371,29531,403,42680,California
Nevada,2021-04-28,987,71768,579,39014,403,31051,5,1703,383,12939,598,30129,388,43068,California
Nevada,2021-04-29,1010,72778,707,39721,299,31350,4,1707,274,12484,733,30862,278,43346,California
Nevada,2021-04-30,1223,74001,724,40445,490,31840,9,1716,201,11674,1020,31882,210,43556,California
Nevada,2021-05-01,144,74145,65,40510,75,31915,4,1720,64,11664,78,31960,68,43624,California
Nevada,2021-05-02,55,74200,30,40540,21,31936,4,1724,19,11651,36,31996,23,43647,California
Nevada,2021-05-03,607,74807,404,40944,184,32120,19,1743,178,11422,425,32421,196,43843,California
Nevada,2021-05-04,585,75392,169,41113,398,32518,18,1761,332,11523,249,32670,350,44193,California
Nevada,2021-05-05,731,76123,380,41493,337,32855,14,1775,318,11451,404,33074,332,44525,California
Nevada,2021-05-06,800,76923,561,42054,228,33083,11,1786,196,11063,595,33669,207,44732,California
Nevada,2021-05-07,881,77804,488,42542,358,33441,35,1821,193,10607,684,34353,228,44960,California
Nevada,2021-05-08,172,77976,20,42562,132,33573,20,1841,81,10618,90,34443,101,45061,California
Nevada,2021-05-09,41,78017,7,42569,32,33605,2,1843,18,10615,23,34466,20,45081,California
Nevada,2021-05-10,389,78406,247,42816,118,33723,24,1867,75,10401,313,34779,99,45180,California
Nevada,2021-05-11,510,78916,150,42966,347,34070,13,1880,127,10166,375,35154,140,45320,California
Nevada,2021-05-12,531,79447,228,43194,292,34362,11,1891,149,9952,374,35528,160,45480,California
Nevada,2021-05-13,801,80248,534,43728,258,34620,9,1900,412,9993,380,35908,421,45901,California
Nevada,2021-05-14,771,81019,580,44308,173,34793,18,1918,429,10101,339,36247,447,46348,California
Nevada,2021-05-15,181,81200,82,44390,91,34884,8,1926,83,10095,97,36344,91,46439,California
Nevada,2021-05-16,155,81355,51,44441,104,34988,0,1926,53,10046,102,36446,53,46492,California
Nevada,2021-05-17,492,81847,313,44754,149,35137,30,1956,216,10027,265,36711,246,46738,California
Nevada,2021-05-18,412,82259,253,45007,155,35292,4,1960,219,10059,191,36902,223,46961,California
Nevada,2021-05-19,489,82748,356,45363,129,35421,4,1964,255,10093,225,37127,259,47220,California
Nevada,2021-05-20,564,83312,321,45684,232,35653,11,1975,198,9941,361,37488,209,47429,California
Nevada,2021-05-21,447,83759,284,45968,155,35808,8,1983,197,9900,246,37734,205,47634,California
Nevada,2021-05-22,201,83960,16,45984,96,35904,89,2072,27,9842,174,37908,116,47750,California
Nevada,2021-05-23,25,83985,5,45989,20,35924,0,2072,7,9831,18,37926,7,47757,California
Nevada,2021-05-24,303,84288,213,46202,77,36001,13,2085,103,9750,197,38123,116,47873,California
Nevada,2021-05-25,334,84622,80,46282,243,36244,11,2096,83,9598,246,38369,94,47967,California
Nevada,2021-05-26,431,85053,182,46464,240,36484,9,2105,114,9411,310,38679,123,48090,California
Nevada,2021-05-27,422,85475,227,46691,178,36662,17,2122,187,9384,231,38910,204,48294,California
Nevada,2021-05-28,326,85801,210,46901,105,36767,11,2133,195,9460,130,39040,206,48500,California
Nevada,2021-05-29,64,85865,11,46912,53,36820,0,2133,42,9480,22,39062,42,48542,California
Nevada,2021-05-30,34,85899,18,46930,14,36834,2,2135,23,9494,11,39073,25,48567,California
Nevada,2021-05-31,3,85902,2,46932,0,36834,1,2136,1,9494,2,39075,2,48569,California
Nevada,2021-06-01,375,86277,120,47052,247,37081,8,2144,90,9315,277,39352,98,48667,California
Nevada,2021-06-02,293,86570,116,47168,171,37252,6,2150,59,9153,227,39579,65,48732,California
Orange,2020-12-15,16,16,16,16,0,0,0,0,16,16,0,0,16,16,California
Orange,2020-12-16,392,408,392,408,0,0,0,0,392,408,0,0,392,408,California
Orange,2020-12-17,3740,4148,3740,4148,0,0,0,0,3739,4147,0,0,3739,4147,California
Orange,2020-12-18,5070,9218,5062,9210,8,8,0,0,5069,9216,0,0,5069,9216,California
Orange,2020-12-19,2232,11450,2225,11435,7,15,0,0,2231,11447,0,0,2231,11447,California
Orange,2020-12-20,1989,13439,1986,13421,3,18,0,0,1990,13437,0,0,1990,13437,California
Orange,2020-12-21,4261,17700,4255,17676,6,24,0,0,4261,17698,0,0,4261,17698,California
Orange,2020-12-22,3993,21693,3958,21634,35,59,0,0,3993,21691,0,0,3993,21691,California
Orange,2020-12-23,3592,25285,3225,24859,367,426,0,0,3594,25285,0,0,3594,25285,California
Orange,2020-12-24,1382,26667,1078,25937,304,730,0,0,1382,26667,0,0,1382,26667,California
Orange,2020-12-25,17,26684,12,25949,5,735,0,0,17,26684,0,0,17,26684,California
Orange,2020-12-26,1081,27765,424,26373,657,1392,0,0,1081,27765,0,0,1081,27765,California
Orange,2020-12-27,583,28348,276,26649,307,1699,0,0,583,28348,0,0,583,28348,California
Orange,2020-12-28,3616,31964,2638,29287,978,2677,0,0,3616,31964,0,0,3616,31964,California
Orange,2020-12-29,3504,35468,2491,31778,1013,3690,0,0,3503,35466,1,1,3503,35467,California
Orange,2020-12-30,5123,40591,3546,35324,1577,5267,0,0,5123,40589,0,1,5123,40590,California
Orange,2020-12-31,1503,42094,803,36127,700,5967,0,0,1502,42090,1,2,1502,42092,California
Orange,2021-01-01,629,42723,339,36466,290,6257,0,0,628,42717,1,3,628,42720,California
Orange,2021-01-02,1356,44079,851,37317,505,6762,0,0,1356,44073,0,3,1356,44076,California
Orange,2021-01-03,584,44663,325,37642,259,7021,0,0,584,44657,0,3,584,44660,California
Orange,2021-01-04,2758,47421,1574,39216,1184,8205,0,0,2759,47415,1,4,2759,47419,California
Orange,2021-01-05,3541,50962,2320,41536,1221,9426,0,0,3132,50145,405,409,3135,50554,California
Orange,2021-01-06,5009,55971,3477,45013,1532,10958,0,0,3641,52430,1356,1765,3641,54195,California
Orange,2021-01-07,9297,65268,5189,50202,4108,15066,0,0,5712,54575,3572,5337,5717,59912,California
Orange,2021-01-08,9445,74713,5288,55490,4157,19223,0,0,5669,56482,3766,9103,5673,65585,California
Orange,2021-01-09,5022,79735,1757,57247,3265,22488,0,0,3737,58934,1285,10388,3737,69322,California
Orange,2021-01-10,4248,83983,1049,58296,3199,25687,0,0,3367,61425,880,11268,3371,72693,California
Orange,2021-01-11,9458,93441,4910,63206,4548,30235,0,0,5832,63629,3629,14897,5833,78526,California
Orange,2021-01-12,8934,102375,4836,68042,4098,34333,0,0,5461,65620,3471,18368,5462,83988,California
Orange,2021-01-13,10277,112652,4934,72976,5343,39676,0,0,7068,69490,3205,21573,7075,91063,California
Orange,2021-01-14,9994,122646,3786,76762,6208,45884,0,0,8403,76310,1589,23162,8409,99472,California
Orange,2021-01-15,10201,132847,2633,79395,7568,53452,0,0,9320,84747,889,24051,9326,108798,California
Orange,2021-01-16,8718,141565,2093,81488,6625,60077,0,0,8321,92677,396,24447,8326,117124,California
Orange,2021-01-17,8165,149730,1485,82973,6680,66757,0,0,8015,100552,150,24597,8025,125149,California
Orange,2021-01-18,9711,159441,4412,87385,5299,72056,0,0,7447,105737,2265,26862,7450,132599,California
Orange,2021-01-19,7542,166983,5458,92843,2084,74140,0,0,4908,108012,2634,29496,4909,137508,California
Orange,2021-01-20,8400,175383,5922,98765,2478,76618,0,0,5347,110313,3053,32549,5354,142862,California
Orange,2021-01-21,11027,186410,4912,103677,6115,82733,0,0,10203,119704,823,33372,10214,153076,California
Orange,2021-01-22,13696,200106,5159,108836,8537,91270,0,0,12836,131695,853,34225,12844,165920,California
Orange,2021-01-23,13157,213263,6192,115028,6965,98235,0,0,12224,142996,931,35156,12232,178152,California
Orange,2021-01-24,9826,223089,4297,119325,5529,103764,0,0,9492,152162,330,35486,9496,187648,California
Orange,2021-01-25,10472,233561,5874,125199,4598,108362,0,0,7732,157166,2733,38219,7737,195385,California
Orange,2021-01-26,11912,245473,7721,132920,4191,112553,0,0,9739,164739,2169,40388,9742,205127,California
Orange,2021-01-27,13490,258963,8020,140940,5470,118023,0,0,10771,172810,2708,43096,10779,215906,California
Orange,2021-01-28,13068,272031,7226,148166,5842,123865,0,0,11180,182125,1873,44969,11188,227094,California
Orange,2021-01-29,13662,285693,8472,156638,5190,129055,0,0,10759,190002,2887,47856,10764,237858,California
Orange,2021-01-30,12979,298672,4479,161117,8500,137555,0,0,12201,201443,763,48619,12204,250062,California
Orange,2021-01-31,13708,312380,4928,166045,8780,146335,0,0,13262,214272,440,49059,13269,263331,California
Orange,2021-02-01,14836,327216,6514,172559,8322,154657,0,0,12359,224184,2453,51512,12365,275696,California
Orange,2021-02-02,15040,342256,7965,180524,7075,161732,0,0,12565,234310,2444,53956,12570,288266,California
Orange,2021-02-03,16599,358855,12409,192933,4190,165922,0,0,13640,245074,2881,56837,13645,301911,California
Orange,2021-02-04,19951,378806,13053,205986,6898,172820,0,0,14836,254835,5084,61921,14845,316756,California
Orange,2021-02-05,20766,399572,12002,217988,8764,181584,0,0,14445,263007,6278,68199,14450,331206,California
Orange,2021-02-06,16381,415953,10827,228815,5554,187138,0,0,11107,269073,5259,73458,11325,342531,California
Orange,2021-02-07,11535,427488,8105,236920,3430,190568,0,0,7553,272829,3966,77424,7722,350253,California
Orange,2021-02-08,15029,442517,8645,245565,6384,196952,0,0,8992,275812,6010,83434,8993,359246,California
Orange,2021-02-09,17748,460265,12088,257653,5660,202612,0,0,10708,279558,6967,90401,10713,369959,California
Orange,2021-02-10,20917,481182,11167,268820,9750,212362,0,0,12690,284123,8134,98535,12699,382658,California
Orange,2021-02-11,22166,503348,11531,280351,10635,222997,0,0,12404,286915,9630,108165,12422,395080,California
Orange,2021-02-12,24885,528233,11988,292339,12897,235894,0,0,14643,291387,10177,118342,14649,409729,California
Orange,2021-02-13,22021,550254,11905,304244,10116,246010,0,0,11164,292492,10703,129045,11808,421537,California
Orange,2021-02-14,16175,566429,6539,310783,9636,255646,0,0,9541,295428,6606,135651,9542,431079,California
Orange,2021-02-15,17275,583704,7405,318188,9870,265516,0,0,8900,296007,8331,143982,8910,439989,California
Orange,2021-02-16,19987,603691,9009,327197,10978,276494,0,0,10756,297609,9179,153161,10781,450770,California
Orange,2021-02-17,17961,621652,9371,336568,8590,285084,0,0,9214,298159,8695,161856,9245,460015,California
Orange,2021-02-18,15086,636738,9898,346466,5188,290272,0,0,6815,296768,8216,170072,6825,466840,California
Orange,2021-02-19,18216,654954,10885,357351,7331,297603,0,0,6930,292480,11232,181304,6944,473784,California
Orange,2021-02-20,7542,662496,5628,362979,1914,299517,0,0,3787,292547,3731,185035,3798,477582,California
Orange,2021-02-21,4592,667088,3900,366879,692,300209,0,0,936,289874,3616,188651,943,478525,California
Orange,2021-02-22,9715,676803,7921,374800,1794,302003,0,0,3917,288046,5766,194417,3938,482463,California
Orange,2021-02-23,13362,690165,7325,382125,6037,308040,0,0,3518,281800,9778,204195,3532,485995,California
Orange,2021-02-24,21187,711352,12841,394966,8346,316386,0,0,5397,271494,15721,219916,5415,491410,California
Orange,2021-02-25,22728,734080,12321,407287,10407,326793,0,0,8003,264864,14649,234565,8019,499429,California
Orange,2021-02-26,27856,761936,14099,421386,13757,340550,0,0,11249,259664,16474,251039,11274,510703,California
Orange,2021-02-27,25131,787067,10208,431594,14920,355470,3,3,7332,249328,17687,268726,7351,518054,California
Orange,2021-02-28,19135,806202,7424,439018,11711,367181,0,3,4830,239996,14181,282907,4849,522903,California
Orange,2021-03-01,18626,824828,8515,447533,10101,377282,10,13,7225,235944,11301,294208,7249,530152,California
Orange,2021-03-02,19326,844154,9325,456858,9998,387280,3,16,9461,235625,9811,304019,9492,539644,California
Orange,2021-03-03,20683,864837,9764,466622,10915,398195,4,20,11111,237274,9488,313507,11137,550781,California
Orange,2021-03-04,22489,887326,12967,479589,9508,407703,14,34,11640,238145,10809,324316,11680,562461,California
Orange,2021-03-05,21119,908445,11023,490612,10048,417751,48,82,12967,243116,8105,332421,13076,575537,California
Orange,2021-03-06,24179,932624,13312,503924,9993,427744,874,956,12778,245434,11356,343777,13674,589211,California
Orange,2021-03-07,15089,947713,8497,512421,6181,433925,411,1367,8805,248427,6243,350020,9236,598447,California
Orange,2021-03-08,16466,964179,7608,520029,7584,441509,1274,2641,10624,254561,5788,355808,11922,610369,California
Orange,2021-03-09,20929,985108,9697,529726,8788,450297,2444,5085,12381,260876,8505,364313,14820,625189,California
Orange,2021-03-10,24771,1009879,12157,541883,9164,459461,3450,8535,12518,264648,12190,376503,15962,641151,California
Orange,2021-03-11,29069,1038948,15734,557617,9114,468575,4221,12756,13475,266842,15497,392000,17691,658842,California
Orange,2021-03-12,29464,1068412,14364,571981,11233,479808,3867,16623,14823,271017,14556,406556,18731,677573,California
Orange,2021-03-13,27883,1096295,10262,582243,13684,493492,3937,20560,14118,275394,13702,420258,18079,695652,California
Orange,2021-03-14,18915,1115210,8227,590470,8143,501635,2545,23105,11813,282667,7069,427327,14342,709994,California
Orange,2021-03-15,23088,1138298,10181,600651,12144,513779,763,23868,14393,289207,8608,435935,15148,725142,California
Orange,2021-03-16,26446,1164744,11181,611832,15034,528813,231,24099,17164,297406,9201,445136,17400,742542,California
Orange,2021-03-17,27406,1192150,13602,625434,13210,542023,594,24693,19483,309634,7847,452983,20075,762617,California
Orange,2021-03-18,27842,1219992,14005,639439,13556,555579,281,24974,21649,325442,6125,459108,21933,784550,California
Orange,2021-03-19,33660,1253652,18504,657943,14709,570288,447,25421,24975,342305,8570,467678,25433,809983,California
Orange,2021-03-20,25832,1279484,13603,671546,12021,582309,208,25629,22018,360789,3749,471427,22233,832216,California
Orange,2021-03-21,18530,1298014,10706,682252,7090,589399,734,26363,15735,374494,2764,474191,16469,848685,California
Orange,2021-03-22,22787,1320801,11796,694048,10669,600068,322,26685,19199,390532,3493,477684,19531,868216,California
Orange,2021-03-23,26069,1346870,13553,707601,11874,611942,642,27327,20692,406577,5294,482978,21339,889555,California
Orange,2021-03-24,29165,1376035,16278,723879,11965,623907,922,28249,21992,422414,7080,490058,22917,912472,California
Orange,2021-03-25,32497,1408532,17283,741162,14504,638411,710,28959,24279,439282,8122,498180,24990,937462,California
Orange,2021-03-26,34941,1443473,18137,759299,15940,654351,864,29823,24882,455088,9945,508125,25751,963213,California
Orange,2021-03-27,28550,1472023,13681,772980,14554,668905,315,30138,19810,466574,8643,516768,20129,983342,California
Orange,2021-03-28,24810,1496833,12881,785861,11861,680766,68,30206,18555,479024,6176,522944,18626,1001968,California
Orange,2021-03-29,26569,1523402,12165,798026,13836,694602,568,30774,17827,488774,8650,531594,18400,1020368,California
Orange,2021-03-30,30919,1554321,13972,811998,16310,710912,637,31411,20456,499495,10372,541966,21093,1041461,California
Orange,2021-03-31,37219,1591540,19538,831536,16969,727881,712,32123,23860,510832,13247,555213,24584,1066045,California
Orange,2021-04-01,40532,1632072,21289,852825,17362,745243,1881,34004,26200,524723,14187,569400,28078,1094123,California
Orange,2021-04-02,40217,1672289,20300,873125,18096,763339,1821,35825,22735,531931,17375,586775,24583,1118706,California
Orange,2021-04-03,30240,1702529,15740,888865,12747,776086,1753,37578,14288,532091,15875,602650,16035,1134741,California
Orange,2021-04-04,18482,1721011,10738,899603,6977,783063,767,38345,8213,530857,10211,612861,8977,1143718,California
Orange,2021-04-05,30069,1751080,14042,913645,12618,795681,3409,41754,13945,532163,16043,628904,17349,1161067,California
Orange,2021-04-06,33483,1784563,15658,929303,14377,810058,3448,45202,14451,531151,18938,647842,17926,1178993,California
Orange,2021-04-07,36128,1820691,20162,949465,11376,821434,4590,49792,15886,531465,20158,668000,20472,1199465,California
Orange,2021-04-08,39212,1859903,21693,971158,12042,833476,5477,55269,19009,535984,20097,688097,24616,1224081,California
Orange,2021-04-09,41098,1901001,23923,995081,11950,845426,5225,60494,18177,536725,22829,710926,23570,1247651,California
Orange,2021-04-10,34638,1935639,18334,1013415,12061,857487,4243,64737,14371,535334,20179,731105,18788,1266439,California
Orange,2021-04-11,25772,1961411,14583,1027998,7913,865400,3276,68013,9876,532811,15846,746951,13323,1279762,California
Orange,2021-04-12,30440,1991851,15393,1043391,11473,876873,3574,71587,11962,529911,18411,765362,15511,1295273,California
Orange,2021-04-13,32359,2024210,18226,1061617,14066,890939,67,71654,15058,527804,17231,782593,15124,1310397,California
Orange,2021-04-14,34450,2058660,20169,1081786,14247,905186,34,71688,15124,523734,19233,801826,15163,1325560,California
Orange,2021-04-15,40193,2098853,24491,1106277,15688,920874,14,71702,18710,521079,21376,823202,18721,1344281,California
Orange,2021-04-16,41278,2140131,24255,1130532,16994,937868,29,71731,18631,517207,22538,845740,18666,1362947,California
Orange,2021-04-17,30407,2170538,17271,1147803,13132,951000,4,71735,13373,513673,16915,862655,13381,1376328,California
Orange,2021-04-18,21437,2191975,12970,1160773,8467,959467,0,71735,8478,509249,12905,875560,8481,1384809,California
Orange,2021-04-19,32479,2224454,17940,1178713,14537,974004,2,71737,14921,506713,17464,893024,14928,1399737,California
Orange,2021-04-20,35201,2259655,18280,1196993,16916,990920,5,71742,17597,506794,17521,910545,17602,1417339,California
Orange,2021-04-21,40669,2300324,23428,1220421,17232,1008152,9,71751,19264,504771,21297,931842,19274,1436613,California
Orange,2021-04-22,39273,2339597,20753,1241174,18511,1026663,9,71760,16332,498305,22810,954652,16344,1452957,California
Orange,2021-04-23,40166,2379763,20772,1261946,19387,1046050,7,71767,17920,494101,22136,976788,17932,1470889,California
Orange,2021-04-24,31979,2411742,16709,1278655,15235,1061285,35,71802,13389,489024,18504,995292,13427,1484316,California
Orange,2021-04-25,22988,2434730,12990,1291645,9984,1071269,14,71816,9871,485858,13056,1008348,9890,1494206,California
Orange,2021-04-26,26125,2460855,12768,1304413,13163,1084432,194,72010,11514,483049,14516,1022864,11707,1505913,California
Orange,2021-04-27,28823,2489678,13472,1317885,14837,1099269,514,72524,11062,477022,17605,1040469,11578,1517491,California
Orange,2021-04-28,30825,2520503,15426,1333311,14524,1113793,875,73399,12370,471914,18348,1058817,13240,1530731,California
Orange,2021-04-29,31869,2552372,17411,1350722,13498,1127291,960,74359,11331,463754,20442,1079259,12282,1543013,California
Orange,2021-04-30,29781,2582153,16990,1367712,11853,1139144,938,75297,12679,460356,17009,1096268,13611,1556624,California
Orange,2021-05-01,22356,2604509,15206,1382918,6164,1145308,986,76283,8711,456483,13560,1109828,9687,1566311,California
Orange,2021-05-02,15401,2619910,10243,1393161,4515,1149823,643,76926,5379,452546,9955,1119783,6018,1572329,California
Orange,2021-05-03,20560,2640470,12542,1405703,7260,1157083,758,77684,6471,445756,14017,1133800,7227,1579556,California
Orange,2021-05-04,23612,2664082,13463,1419166,9240,1166323,909,78593,8176,439492,15336,1149136,9072,1588628,California
Orange,2021-05-05,24734,2688816,13804,1432970,10035,1176358,895,79488,8092,431962,16517,1165653,8987,1597615,California
Orange,2021-05-06,26399,2715215,15975,1448945,9423,1185781,1001,80489,7293,421270,18979,1184632,8287,1605902,California
Orange,2021-05-07,28395,2743610,16868,1465813,10475,1196256,1052,81541,8038,410199,20155,1204787,9084,1614986,California
Orange,2021-05-08,18407,2762017,12164,1477977,5469,1201725,774,82315,5432,403502,12898,1217685,6201,1621187,California
Orange,2021-05-09,10963,2772980,8329,1486306,2258,1203983,376,82691,2888,398739,8025,1225710,3262,1624449,California
Orange,2021-05-10,18993,2791973,11565,1497871,6653,1210636,775,83466,4266,389142,14637,1240347,5040,1629489,California
Orange,2021-05-11,21249,2813222,11724,1509595,8852,1219488,673,84139,5040,378740,16111,1256458,5709,1635198,California
Orange,2021-05-12,22563,2835785,13882,1523477,7926,1227414,755,84894,6305,369657,16141,1272599,7058,1642256,California
Orange,2021-05-13,19884,2855669,12121,1535598,7230,1234644,533,85427,7209,364823,12577,1285176,7743,1649999,California
Orange,2021-05-14,25654,2881323,16735,1552333,8115,1242759,804,86231,10410,360884,15146,1300322,11207,1661206,California
Orange,2021-05-15,19806,2901129,14335,1566668,4923,1247682,548,86779,8027,357738,11719,1312041,8573,1669779,California
Orange,2021-05-16,15101,2916230,12410,1579078,2349,1250031,342,87121,6510,356051,8541,1320582,6854,1676633,California
Orange,2021-05-17,19284,2935514,12628,1591706,5961,1255992,695,87816,7298,352117,11929,1332511,7995,1684628,California
Orange,2021-05-18,20411,2955925,11932,1603638,7814,1263806,665,88481,8453,349351,11874,1344385,9108,1693736,California
Orange,2021-05-19,22327,2978252,12724,1616362,8938,1272744,665,89146,8024,343840,14192,1358577,8681,1702417,California
Orange,2021-05-20,18071,2996323,10326,1626688,7169,1279913,576,89722,6113,338654,11874,1370451,6688,1709105,California
Orange,2021-05-21,21091,3017414,11773,1638461,8711,1288624,607,90329,6761,331786,14240,1384691,7372,1716477,California
Orange,2021-05-22,14317,3031731,9684,1648145,4163,1292787,470,90799,5556,329112,8694,1393385,6020,1722497,California
Orange,2021-05-23,6770,3038501,4819,1652964,1741,1294528,210,91009,2293,327167,4447,1397832,2502,1724999,California
Orange,2021-05-24,15110,3053611,8862,1661826,5644,1300172,604,91613,5728,324197,9299,1407131,6329,1731328,California
Orange,2021-05-25,15373,3068984,9012,1670838,5868,1306040,493,92106,5751,320909,9524,1416655,6236,1737564,California
Orange,2021-05-26,15005,3083989,8363,1679201,6149,1312189,493,92599,5605,317681,9320,1425975,6092,1743656,California
Orange,2021-05-27,14183,3098172,8530,1687731,5127,1317316,526,93125,6308,316707,7804,1433779,6830,1750486,California
Orange,2021-05-28,16322,3114494,9582,1697313,6146,1323462,594,93719,7167,315392,9068,1442847,7753,1758239,California
Orange,2021-05-29,8668,3123162,5102,1702415,3219,1326681,347,94066,3943,314999,4678,1447525,4285,1762524,California
Orange,2021-05-30,5852,3129014,3843,1706258,1770,1328451,239,94305,2104,313621,3718,1451243,2340,1764864,California
Orange,2021-05-31,1684,3130698,1044,1707302,594,1329045,46,94351,537,313072,1132,1452375,583,1765447,California
Orange,2021-06-01,12026,3142724,6737,1714039,4862,1333907,427,94778,4606,310766,7333,1459708,5027,1770474,California
Orange,2021-06-02,6419,3149143,3612,1717651,2608,1336515,199,94977,1610,307794,4779,1464487,1807,1772281,California
Placer,2020-12-15,29,29,29,29,0,0,0,0,29,29,0,0,29,29,California
Placer,2020-12-16,56,85,56,85,0,0,0,0,56,85,0,0,56,85,California
Placer,2020-12-17,140,225,140,225,0,0,0,0,140,225,0,0,140,225,California
Placer,2020-12-18,332,557,332,557,0,0,0,0,332,557,0,0,332,557,California
Placer,2020-12-19,252,809,252,809,0,0,0,0,252,809,0,0,252,809,California
Placer,2020-12-20,235,1044,235,1044,0,0,0,0,235,1044,0,0,235,1044,California
Placer,2020-12-21,495,1539,493,1537,2,2,0,0,495,1539,0,0,495,1539,California
Placer,2020-12-22,676,2215,669,2206,7,9,0,0,676,2215,0,0,676,2215,California
Placer,2020-12-23,753,2968,665,2871,88,97,0,0,753,2968,0,0,753,2968,California
Placer,2020-12-24,400,3368,348,3219,52,149,0,0,400,3368,0,0,400,3368,California
Placer,2020-12-26,156,3524,112,3331,44,193,0,0,156,3524,0,0,156,3524,California
Placer,2020-12-27,187,3711,164,3495,23,216,0,0,187,3711,0,0,187,3711,California
Placer,2020-12-28,670,4381,543,4038,127,343,0,0,670,4381,0,0,670,4381,California
Placer,2020-12-29,763,5144,514,4552,249,592,0,0,763,5144,0,0,763,5144,California
Placer,2020-12-30,729,5873,456,5008,273,865,0,0,727,5871,0,0,727,5871,California
Placer,2020-12-31,530,6403,344,5352,186,1051,0,0,530,6401,0,0,530,6401,California
Placer,2021-01-01,15,6418,11,5363,4,1055,0,0,15,6416,0,0,15,6416,California
Placer,2021-01-02,185,6603,153,5516,32,1087,0,0,185,6601,0,0,185,6601,California
Placer,2021-01-03,153,6756,78,5594,75,1162,0,0,153,6754,0,0,153,6754,California
Placer,2021-01-04,620,7376,181,5775,439,1601,0,0,620,7374,0,0,620,7374,California
Placer,2021-01-05,725,8101,159,5934,566,2167,0,0,642,7935,82,82,643,8017,California
Placer,2021-01-06,761,8862,247,6181,514,2681,0,0,617,8408,144,226,617,8634,California
Placer,2021-01-07,986,9848,368,6549,618,3299,0,0,781,8984,205,431,781,9415,California
Placer,2021-01-08,1181,11029,528,7077,653,3952,0,0,852,9510,326,757,852,10267,California
Placer,2021-01-09,450,11479,321,7398,129,4081,0,0,234,9529,215,972,234,10501,California
Placer,2021-01-10,329,11808,186,7584,143,4224,0,0,164,9528,165,1137,164,10665,California
Placer,2021-01-11,1428,13236,808,8392,620,4844,0,0,838,9777,590,1727,839,11504,California
Placer,2021-01-12,1655,14891,878,9270,777,5621,0,0,1054,10230,601,2328,1054,12558,California
Placer,2021-01-13,1637,16528,822,10092,815,6436,0,0,1212,11022,423,2751,1215,13773,California
Placer,2021-01-14,1792,18320,659,10751,1133,7569,0,0,1434,12102,355,3106,1435,15208,California
Placer,2021-01-15,1933,20253,717,11468,1216,8785,0,0,1582,13335,350,3456,1583,16791,California
Placer,2021-01-16,1467,21720,716,12184,751,9536,0,0,1346,14561,121,3577,1347,18138,California
Placer,2021-01-17,562,22282,395,12579,167,9703,0,0,429,14857,133,3710,429,18567,California
Placer,2021-01-18,992,23274,554,13133,438,10141,0,0,751,15368,241,3951,752,19319,California
Placer,2021-01-19,2626,25900,1962,15095,664,10805,0,0,2172,17086,454,4405,2172,21491,California
Placer,2021-01-20,2280,28180,1707,16802,573,11378,0,0,1948,18703,332,4737,1949,23440,California
Placer,2021-01-21,2562,30742,1120,17922,1442,12820,0,0,2170,20483,391,5128,2171,25611,California
Placer,2021-01-22,2352,33094,645,18567,1707,14527,0,0,2178,22490,172,5300,2179,27790,California
Placer,2021-01-23,1189,34283,380,18947,809,15336,0,0,1034,23369,155,5455,1034,28824,California
Placer,2021-01-24,503,34786,259,19206,244,15580,0,0,431,23729,72,5527,432,29256,California
Placer,2021-01-25,1680,36466,809,20015,871,16451,0,0,1387,24824,293,5820,1388,30644,California
Placer,2021-01-26,1860,38326,1035,21050,825,17276,0,0,1595,26154,265,6085,1595,32239,California
Placer,2021-01-27,1843,40169,1157,22207,686,17962,0,0,1599,27512,242,6327,1600,33839,California
Placer,2021-01-28,1808,41977,1119,23326,689,18651,0,0,1559,28824,247,6574,1559,35398,California
Placer,2021-01-29,1898,43875,1172,24498,726,19377,0,0,1706,30341,191,6765,1708,37106,California
Placer,2021-01-30,1728,45603,973,25471,755,20132,0,0,1607,31828,120,6885,1607,38713,California
Placer,2021-01-31,783,46386,626,26097,157,20289,0,0,715,32476,68,6953,716,39429,California
Placer,2021-02-01,2074,48460,1094,27191,980,21269,0,0,1760,33922,314,7267,1760,41189,California
Placer,2021-02-02,2388,50848,1547,28738,841,22110,0,0,1895,35327,490,7757,1895,43084,California
Placer,2021-02-03,2922,53770,1881,30619,1041,23151,0,0,2296,37001,622,8379,2296,45380,California
Placer,2021-02-04,2762,56532,1192,31811,1570,24721,0,0,1936,38116,822,9201,1937,47317,California
Placer,2021-02-05,2734,59266,1215,33026,1519,26240,0,0,1403,38193,1326,10527,1403,48720,California
Placer,2021-02-06,1967,61233,1326,34352,641,26881,0,0,1420,39066,547,11074,1420,50140,California
Placer,2021-02-07,1223,62456,912,35264,311,27192,0,0,939,39722,283,11357,939,51079,California
Placer,2021-02-08,3300,65756,1766,37030,1534,28726,0,0,1943,40316,1350,12707,1944,53023,California
Placer,2021-02-09,3553,69309,2179,39209,1374,30100,0,0,1646,40057,1905,14612,1646,54669,California
Placer,2021-02-10,3768,73077,2206,41415,1562,31662,0,0,1759,39812,2006,16618,1761,56430,California
Placer,2021-02-11,3707,76784,1914,43329,1793,33455,0,0,1576,39271,2118,18736,1577,58007,California
Placer,2021-02-12,2856,79640,1330,44659,1526,34981,0,0,1666,39785,1153,19889,1667,59674,California
Placer,2021-02-13,2532,82172,1474,46133,1058,36039,0,0,1891,41035,641,20530,1891,61565,California
Placer,2021-02-14,1087,83259,679,46812,408,36447,0,0,739,41428,346,20876,739,62304,California
Placer,2021-02-15,2255,85514,1049,47861,1206,37653,0,0,1538,42250,717,21593,1539,63843,California
Placer,2021-02-16,3584,89098,1787,49648,1797,39450,0,0,1592,41860,1983,23576,1593,65436,California
Placer,2021-02-17,3548,92646,1968,51616,1580,41030,0,0,1514,41344,2030,25606,1514,66950,California
Placer,2021-02-18,3803,96449,2053,53669,1750,42780,0,0,1618,40787,2176,27782,1619,68569,California
Placer,2021-02-19,3601,100050,1920,55589,1681,44461,0,0,1339,39870,2257,30039,1340,69909,California
Placer,2021-02-20,2010,102060,1263,56852,747,45208,0,0,917,39703,1087,31126,920,70829,California
Placer,2021-02-21,975,103035,729,57581,246,45454,0,0,279,39290,693,31819,280,71109,California
Placer,2021-02-22,2528,105563,1777,59358,751,46205,0,0,605,37973,1922,33741,605,71714,California
Placer,2021-02-23,2571,108134,1594,60952,977,47182,0,0,885,37173,1685,35426,885,72599,California
Placer,2021-02-24,3299,111433,1182,62134,2117,49299,0,0,1797,37480,1492,36918,1799,74398,California
Placer,2021-02-25,3642,115075,1525,63659,2117,51416,0,0,1971,37790,1663,38581,1973,76371,California
Placer,2021-02-26,4101,119176,2374,66033,1727,53143,0,0,2352,38397,1745,40326,2352,78723,California
Placer,2021-02-27,2824,122000,1497,67530,1327,54470,0,0,1446,38474,1372,41698,1449,80172,California
Placer,2021-02-28,1407,123407,801,68331,606,55076,0,0,588,38248,814,42512,588,80760,California
Placer,2021-03-01,3008,126415,1994,70325,1014,56090,0,0,1562,38369,1441,43953,1562,82322,California
Placer,2021-03-02,2889,129304,1780,72105,1109,57199,0,0,1890,39265,994,44947,1890,84212,California
Placer,2021-03-03,3336,132640,1430,73535,1906,59105,0,0,1820,39577,1509,46456,1821,86033,California
Placer,2021-03-04,3638,136278,1461,74996,2177,61282,0,0,1899,39750,1727,48183,1900,87933,California
Placer,2021-03-05,3018,139296,1039,76035,1958,63240,21,21,1814,40384,1201,49384,1835,89768,California
Placer,2021-03-06,2442,141738,1510,77545,836,64076,96,117,940,39927,1493,50877,1036,90804,California
Placer,2021-03-07,1307,143045,759,78304,510,64586,38,155,537,39735,767,51644,575,91379,California
Placer,2021-03-08,2917,145962,1832,80136,972,65558,113,268,1652,40237,1263,52907,1765,93144,California
Placer,2021-03-09,3193,149155,1696,81832,1405,66963,92,360,1827,40793,1363,54270,1919,95063,California
Placer,2021-03-10,3306,152461,1336,83168,1863,68826,107,467,1722,41043,1579,55849,1829,96892,California
Placer,2021-03-11,3653,156114,1656,84824,1871,70697,126,593,1754,41037,1889,57738,1883,98775,California
Placer,2021-03-12,3691,159805,1494,86318,1415,72112,782,1375,1262,40660,2423,60161,2046,100821,California
Placer,2021-03-13,2123,161928,746,87064,1257,73369,120,1495,1121,40904,999,61160,1243,102064,California
Placer,2021-03-14,1649,163577,678,87742,822,74191,149,1644,900,41204,749,61909,1049,103113,California
Placer,2021-03-15,3190,166767,1539,89281,1519,75710,132,1776,1767,41683,1421,63330,1900,105013,California
Placer,2021-03-16,3575,170342,1920,91201,1521,77231,134,1910,2286,42825,1278,64608,2420,107433,California
Placer,2021-03-17,3456,173798,1745,92946,1607,78838,104,2014,2227,43931,1226,65834,2332,109765,California
Placer,2021-03-18,4100,177898,2328,95274,1733,80571,39,2053,2866,45608,1227,67061,2904,112669,California
Placer,2021-03-19,3449,181347,2074,97348,1111,81682,264,2317,2201,46832,1240,68301,2464,115133,California
Placer,2021-03-20,2153,183500,905,98253,1151,82833,97,2414,1309,47398,839,69140,1405,116538,California
Placer,2021-03-21,1262,184762,578,98831,674,83507,10,2424,952,48053,307,69447,962,117500,California
Placer,2021-03-22,3277,188039,2108,100939,1079,84586,90,2514,2190,49250,1083,70530,2280,119780,California
Placer,2021-03-23,3538,191577,2106,103045,1341,85927,91,2605,2525,50859,1008,71538,2617,122397,California
Placer,2021-03-24,3795,195372,2002,105047,1696,87623,97,2702,1950,51084,1823,73361,2048,124445,California
Placer,2021-03-25,3856,199228,1865,106912,1893,89516,98,2800,1788,50912,2057,75418,1885,126330,California
Placer,2021-03-26,3779,203007,1673,108585,1875,91391,231,3031,1589,50557,2175,77593,1820,128150,California
Placer,2021-03-27,1594,204601,472,109057,1103,92494,19,3050,648,50285,939,78532,667,128817,California
Placer,2021-03-28,1111,205712,531,109588,570,93064,10,3060,365,49919,741,79273,375,129192,California
Placer,2021-03-29,3581,209293,2000,111588,1547,94611,34,3094,1737,49860,1835,81108,1776,130968,California
Placer,2021-03-30,3977,213270,2096,113684,1838,96449,43,3137,2084,50107,1879,82987,2126,133094,California
Placer,2021-03-31,4102,217372,1832,115516,2195,98644,75,3212,1692,49472,2403,85390,1768,134862,California
Placer,2021-04-01,2987,220359,1438,116954,1502,100146,47,3259,1664,49863,1320,86710,1711,136573,California
Placer,2021-04-02,2857,223216,1464,118418,1329,101475,64,3323,1600,50276,1250,87960,1663,138236,California
Placer,2021-04-03,1857,225073,989,119407,739,102214,129,3452,890,50336,959,88919,1019,139255,California
Placer,2021-04-04,712,225785,362,119769,297,102511,53,3505,284,50249,424,89343,337,139592,California
Placer,2021-04-05,3012,228797,1904,121673,924,103435,184,3689,1752,50932,1254,90597,1937,141529,California
Placer,2021-04-06,4301,233098,2483,124156,1516,104951,302,3991,1530,50002,2763,93360,1833,143362,California
Placer,2021-04-07,4550,237648,2596,126752,1493,106444,461,4452,2075,50072,2469,95829,2539,145901,California
Placer,2021-04-08,4726,242374,2610,129362,1570,108014,546,4998,1584,49087,3130,98959,2145,148046,California
Placer,2021-04-09,4141,246515,2279,131641,1240,109254,622,5620,1242,48069,2891,101850,1873,149919,California
Placer,2021-04-10,2029,248544,881,132522,963,110217,185,5805,864,47955,1162,103012,1048,150967,California
Placer,2021-04-11,1362,249906,535,133057,793,111010,34,5839,458,47547,900,103912,492,151459,California
Placer,2021-04-12,4104,254010,2651,135708,1073,112083,380,6219,2468,48766,1627,105539,2846,154305,California
Placer,2021-04-13,4351,258361,2997,138705,1353,113436,1,6220,2190,48802,2157,107696,2193,156498,California
Placer,2021-04-14,4138,262499,2572,141277,1565,115001,1,6221,1848,48372,2280,109976,1850,158348,California
Placer,2021-04-15,4495,266994,2509,143786,1985,116986,1,6222,2346,48580,2139,112115,2347,160695,California
Placer,2021-04-16,3685,270679,2192,145978,1493,118479,0,6222,1440,47781,2239,114354,1440,162135,California
Placer,2021-04-17,2431,273110,844,146822,1587,120066,0,6222,1521,48397,905,115259,1521,163656,California
Placer,2021-04-18,1183,274293,255,147077,928,120994,0,6222,408,48032,773,116032,408,164064,California
Placer,2021-04-19,2942,277235,1811,148888,1131,122125,0,6222,1171,47436,1768,117800,1172,165236,California
Placer,2021-04-20,3798,281033,2465,151353,1333,123458,0,6222,2422,48490,1368,119168,2422,167658,California
Placer,2021-04-21,3665,284698,2402,153755,1262,124720,1,6223,2390,49609,1272,120440,2391,170049,California
Placer,2021-04-22,3660,288358,2262,156017,1398,126118,0,6223,1742,49437,1914,122354,1742,171791,California
Placer,2021-04-23,3513,291871,2329,158346,1183,127301,1,6224,1374,48680,2132,124486,1375,173166,California
Placer,2021-04-24,2087,293958,1267,159613,819,128120,1,6225,1223,49047,856,125342,1223,174389,California
Placer,2021-04-25,910,294868,501,160114,409,128529,0,6225,562,49261,348,125690,562,174951,California
Placer,2021-04-26,2354,297222,1248,161362,1083,129612,23,6248,1155,49249,1189,126879,1177,176128,California
Placer,2021-04-27,2651,299873,1382,162744,1234,130846,35,6283,1526,49690,1121,128000,1562,177690,California
Placer,2021-04-28,2920,302793,1812,164556,1071,131917,37,6320,1520,49856,1391,129391,1557,179247,California
Placer,2021-04-29,3263,306056,2072,166628,1138,133055,53,6373,1309,49270,1948,131339,1362,180609,California
Placer,2021-04-30,2987,309043,1804,168432,1134,134189,49,6422,1191,48720,1790,133129,1240,181849,California
Placer,2021-05-01,1334,310377,936,169368,374,134563,24,6446,611,48637,717,133846,634,182483,California
Placer,2021-05-02,735,311112,572,169940,141,134704,22,6468,332,48590,401,134247,354,182837,California
Placer,2021-05-03,1610,312722,992,170932,552,135256,66,6534,437,47923,1169,135416,502,183339,California
Placer,2021-05-04,2299,315021,1297,172229,835,136091,167,6701,863,47523,1430,136846,1030,184369,California
Placer,2021-05-05,3670,318691,2476,174705,1088,137179,106,6807,969,45903,2695,139541,1075,185444,California
Placer,2021-05-06,3092,321783,1893,176598,1123,138302,76,6883,810,44533,2256,141797,886,186330,California
Placer,2021-05-07,2805,324588,1887,178485,826,139128,92,6975,786,43402,2009,143806,878,187208,California
Placer,2021-05-08,1330,325918,706,179191,582,139710,42,7017,390,42894,938,144744,430,187638,California
Placer,2021-05-09,439,326357,202,179393,216,139926,21,7038,217,42909,222,144966,237,187875,California
Placer,2021-05-10,1930,328287,1031,180424,802,140728,97,7135,433,41946,1493,146459,530,188405,California
Placer,2021-05-11,2823,331110,2034,182458,685,141413,104,7239,584,40406,2228,148687,688,189093,California
Placer,2021-05-12,2776,333886,1927,184385,801,142214,48,7287,660,39006,2109,150796,709,189802,California
Placer,2021-05-13,2701,336587,1748,186133,905,143119,48,7335,955,38263,1744,152540,1001,190803,California
Placer,2021-05-14,2746,339333,1809,187942,807,143926,130,7465,1336,38328,1398,153938,1463,192266,California
Placer,2021-05-15,2054,341387,1347,189289,684,144610,23,7488,908,38119,1140,155078,931,193197,California
Placer,2021-05-16,1006,342393,521,189810,466,145076,19,7507,339,37812,665,155743,358,193555,California
Placer,2021-05-17,2344,344737,1552,191362,715,145791,77,7584,1031,37612,1308,157051,1108,194663,California
Placer,2021-05-18,2484,347221,1661,193023,743,146534,80,7664,1127,37466,1352,158403,1206,195869,California
Placer,2021-05-19,2504,349725,1584,194607,875,147409,45,7709,928,36868,1571,159974,973,196842,California
Placer,2021-05-20,2256,351981,1488,196095,735,148144,33,7742,859,36367,1391,161365,890,197732,California
Placer,2021-05-21,2171,354152,1372,197467,661,148805,138,7880,958,36256,1205,162570,1094,198826,California
Placer,2021-05-22,1378,355530,962,198429,379,149184,37,7917,691,36301,683,163253,728,199554,California
Placer,2021-05-23,371,355901,223,198652,134,149318,14,7931,206,36358,163,163416,220,199774,California
Placer,2021-05-24,1465,357366,734,199386,613,149931,118,8049,467,35950,993,164409,585,200359,California
Placer,2021-05-25,1782,359148,945,200331,737,150668,100,8149,660,35593,1117,165526,760,201119,California
Placer,2021-05-26,1524,360672,877,201208,615,151283,32,8181,590,35287,929,166455,623,201742,California
Placer,2021-05-27,1428,362100,713,201921,669,151952,46,8227,643,35199,777,167232,689,202431,California
Placer,2021-05-28,1611,363711,815,202736,712,152664,84,8311,672,35020,935,168167,756,203187,California
Placer,2021-05-29,703,364414,388,203124,290,152954,25,8336,349,35043,351,168518,374,203561,California
Placer,2021-05-30,303,364717,203,203327,89,153043,11,8347,184,35120,118,168636,195,203756,California
Placer,2021-05-31,151,364868,73,203400,64,153107,14,8361,35,35053,115,168751,48,203804,California
Placer,2021-06-01,1447,366315,722,204122,659,153766,66,8427,497,34671,945,169696,563,204367,California
Placer,2021-06-02,724,367039,305,204427,385,154151,34,8461,169,34320,554,170250,203,204570,California
Plumas,2020-12-18,4,4,4,4,0,0,0,0,4,4,0,0,4,4,California
Plumas,2020-12-19,1,5,1,5,0,0,0,0,1,5,0,0,1,5,California
Plumas,2020-12-21,45,50,45,50,0,0,0,0,45,50,0,0,45,50,California
Plumas,2020-12-22,93,143,93,143,0,0,0,0,93,143,0,0,93,143,California
Plumas,2020-12-23,50,193,50,193,0,0,0,0,50,193,0,0,50,193,California
Plumas,2020-12-24,6,199,6,199,0,0,0,0,6,199,0,0,6,199,California
Plumas,2020-12-28,8,207,0,199,8,8,0,0,8,207,0,0,8,207,California
Plumas,2020-12-29,32,239,22,221,10,18,0,0,32,239,0,0,32,239,California
Plumas,2020-12-30,23,262,1,222,22,40,0,0,23,262,0,0,23,262,California
Plumas,2020-12-31,4,266,1,223,3,43,0,0,4,266,0,0,4,266,California
Plumas,2021-01-04,10,276,4,227,6,49,0,0,10,276,0,0,10,276,California
Plumas,2021-01-05,22,298,2,229,20,69,0,0,22,298,0,0,22,298,California
Plumas,2021-01-06,123,421,5,234,118,187,0,0,123,421,0,0,123,421,California
Plumas,2021-01-07,53,474,2,236,51,238,0,0,52,472,1,1,52,473,California
Plumas,2021-01-08,12,486,5,241,7,245,0,0,8,476,4,5,8,481,California
Plumas,2021-01-09,2,488,2,243,0,245,0,0,1,476,1,6,1,482,California
Plumas,2021-01-11,58,546,50,293,8,253,0,0,11,440,47,53,11,493,California
Plumas,2021-01-12,156,702,87,380,69,322,0,0,71,426,85,138,71,564,California
Plumas,2021-01-13,56,758,50,430,6,328,0,0,10,390,46,184,10,574,California
Plumas,2021-01-14,98,856,14,444,84,412,0,0,93,478,5,189,93,667,California
Plumas,2021-01-15,63,919,7,451,56,468,0,0,61,537,2,191,61,728,California
Plumas,2021-01-16,58,977,1,452,57,525,0,0,58,595,0,191,58,786,California
Plumas,2021-01-18,2,979,1,453,1,526,0,0,2,597,0,191,2,788,California
Plumas,2021-01-19,36,1015,5,458,31,557,0,0,32,625,4,195,32,820,California
Plumas,2021-01-20,121,1136,3,461,118,675,0,0,119,742,2,197,119,939,California
Plumas,2021-01-21,112,1248,2,463,110,785,0,0,112,854,0,197,112,1051,California
Plumas,2021-01-22,5,1253,1,464,4,789,0,0,5,859,0,197,5,1056,California
Plumas,2021-01-23,93,1346,2,466,91,880,0,0,93,952,0,197,93,1149,California
Plumas,2021-01-24,1,1347,1,467,0,880,0,0,1,953,0,197,1,1150,California
Plumas,2021-01-25,10,1357,7,474,3,883,0,0,7,957,3,200,7,1157,California
Plumas,2021-01-26,60,1417,2,476,58,941,0,0,52,1001,8,208,52,1209,California
Plumas,2021-01-27,25,1442,20,496,5,946,0,0,5,986,20,228,5,1214,California
Plumas,2021-01-28,23,1465,0,496,23,969,0,0,21,1005,2,230,21,1235,California
Plumas,2021-01-29,8,1473,2,498,6,975,0,0,7,1011,1,231,7,1242,California
Plumas,2021-01-30,8,1481,4,502,4,979,0,0,7,1017,1,232,7,1249,California
Plumas,2021-01-31,3,1484,3,505,0,979,0,0,3,1020,0,232,3,1252,California
Plumas,2021-02-01,16,1500,2,507,14,993,0,0,8,1020,8,240,8,1260,California
Plumas,2021-02-02,21,1521,2,509,19,1012,0,0,2,1003,19,259,2,1262,California
Plumas,2021-02-03,128,1649,8,517,120,1132,0,0,13,902,114,373,13,1275,California
Plumas,2021-02-04,102,1751,8,525,94,1226,0,0,23,846,79,452,23,1298,California
Plumas,2021-02-05,24,1775,11,536,13,1239,0,0,9,840,15,467,9,1307,California
Plumas,2021-02-06,7,1782,0,536,7,1246,0,0,7,847,0,467,7,1314,California
Plumas,2021-02-08,15,1797,6,542,9,1255,0,0,3,838,12,479,3,1317,California
Plumas,2021-02-09,172,1969,2,544,170,1425,0,0,112,890,60,539,112,1429,California
Plumas,2021-02-10,91,2060,9,553,82,1507,0,0,82,964,9,548,83,1512,California
Plumas,2021-02-11,323,2383,7,560,316,1823,0,0,263,1167,60,608,263,1775,California
Plumas,2021-02-12,124,2507,4,564,120,1943,0,0,118,1279,6,614,118,1893,California
Plumas,2021-02-13,75,2582,5,569,70,2013,0,0,15,1234,60,674,15,1908,California
Plumas,2021-02-14,8,2590,5,574,3,2016,0,0,8,1242,0,674,8,1916,California
Plumas,2021-02-15,26,2616,5,579,21,2037,0,0,23,1262,3,677,23,1939,California
Plumas,2021-02-16,77,2693,4,583,73,2110,0,0,14,1213,63,740,14,1953,California
Plumas,2021-02-17,136,2829,5,588,131,2241,0,0,12,1101,124,864,12,1965,California
Plumas,2021-02-18,129,2958,6,594,123,2364,0,0,20,1013,109,973,21,1986,California
Plumas,2021-02-19,42,3000,5,599,37,2401,0,0,7,985,35,1008,7,1993,California
Plumas,2021-02-20,105,3105,7,606,98,2499,0,0,13,906,92,1100,13,2006,California
Plumas,2021-02-21,6,3111,5,611,1,2500,0,0,2,904,4,1104,2,2008,California
Plumas,2021-02-22,3,3114,1,612,2,2502,0,0,0,901,3,1107,0,2008,California
Plumas,2021-02-23,25,3139,5,617,20,2522,0,0,17,910,8,1115,17,2025,California
Plumas,2021-02-24,458,3597,7,624,451,2973,0,0,445,1342,13,1128,445,2470,California
Plumas,2021-02-25,230,3827,10,634,220,3193,0,0,169,1450,61,1189,169,2639,California
Plumas,2021-02-26,267,4094,8,642,259,3452,0,0,259,1702,8,1197,260,2899,California
Plumas,2021-02-27,40,4134,4,646,36,3488,0,0,33,1728,7,1204,33,2932,California
Plumas,2021-02-28,1,4135,0,646,1,3489,0,0,1,1729,0,1204,1,2933,California
Plumas,2021-03-01,14,4149,3,649,11,3500,0,0,8,1732,5,1209,8,2941,California
Plumas,2021-03-02,10,4159,1,650,9,3509,0,0,7,1736,3,1212,7,2948,California
Plumas,2021-03-03,152,4311,8,658,144,3653,0,0,137,1858,15,1227,137,3085,California
Plumas,2021-03-04,252,4563,9,667,243,3896,0,0,230,2066,22,1249,230,3315,California
Plumas,2021-03-05,400,4963,7,674,388,4284,5,5,389,2449,11,1260,394,3709,California
Plumas,2021-03-06,19,4982,2,676,9,4293,8,13,3,2444,16,1276,11,3720,California
Plumas,2021-03-07,14,4996,3,679,2,4295,9,22,4,2447,10,1286,13,3733,California
Plumas,2021-03-08,29,5025,3,682,2,4297,24,46,3,2448,26,1312,27,3760,California
Plumas,2021-03-09,133,5158,2,684,116,4413,15,61,18,2366,115,1427,33,3793,California
Plumas,2021-03-10,255,5413,3,687,239,4652,13,74,107,2339,147,1574,120,3913,California
Plumas,2021-03-11,179,5592,8,695,166,4818,5,79,144,2453,35,1609,149,4062,California
Plumas,2021-03-12,594,6186,4,699,303,5121,287,366,23,2192,571,2180,310,4372,California
Plumas,2021-03-13,25,6211,4,703,10,5131,11,377,4,2186,21,2201,15,4387,California
Plumas,2021-03-14,12,6223,3,706,4,5135,5,382,1,2182,10,2211,6,4393,California
Plumas,2021-03-15,30,6253,0,706,23,5158,7,389,5,2169,25,2236,12,4405,California
Plumas,2021-03-16,60,6313,3,709,56,5214,1,390,49,2208,11,2247,50,4455,California
Plumas,2021-03-17,73,6386,9,718,63,5277,1,391,58,2253,14,2261,59,4514,California
Plumas,2021-03-18,61,6447,6,724,39,5316,16,407,12,2232,49,2310,28,4542,California
Plumas,2021-03-19,164,6611,6,730,156,5472,2,409,155,2383,7,2317,158,4700,California
Plumas,2021-03-20,697,7308,4,734,692,6164,1,410,676,3041,19,2336,677,5377,California
Plumas,2021-03-21,2,7310,1,735,1,6165,0,410,1,3042,0,2336,1,5378,California
Plumas,2021-03-22,182,7492,2,737,180,6345,0,410,175,3210,7,2343,175,5553,California
Plumas,2021-03-23,28,7520,2,739,26,6371,0,410,14,3210,14,2357,14,5567,California
Plumas,2021-03-24,655,8175,6,745,648,7019,1,411,224,3005,430,2787,225,5792,California
Plumas,2021-03-25,304,8479,7,752,295,7314,2,413,160,3021,144,2931,160,5952,California
Plumas,2021-03-26,315,8794,9,761,306,7620,0,413,46,2799,268,3199,46,5998,California
Plumas,2021-03-27,13,8807,1,762,11,7631,1,414,3,2793,10,3209,4,6002,California
Plumas,2021-03-28,6,8813,4,766,1,7632,1,415,3,2794,3,3212,4,6006,California
Plumas,2021-03-29,12,8825,4,770,7,7639,1,416,4,2791,8,3220,5,6011,California
Plumas,2021-03-30,155,8980,3,773,151,7790,1,417,25,2687,130,3350,26,6037,California
Plumas,2021-03-31,289,9269,3,776,285,8075,1,418,268,2935,21,3371,269,6306,California
Plumas,2021-04-01,299,9568,10,786,288,8363,1,419,60,2758,237,3608,60,6366,California
Plumas,2021-04-02,375,9943,4,790,370,8733,1,420,29,2453,335,3943,30,6396,California
Plumas,2021-04-03,16,9959,3,793,5,8738,8,428,4,2453,12,3955,12,6408,California
Plumas,2021-04-04,3,9962,1,794,1,8739,1,429,0,2451,3,3958,1,6409,California
Plumas,2021-04-05,11,9973,4,798,6,8745,1,430,4,2449,7,3965,5,6414,California
Plumas,2021-04-06,121,10094,6,804,89,8834,26,456,14,2382,107,4072,40,6454,California
Plumas,2021-04-07,282,10376,7,811,99,8933,176,632,28,2332,254,4326,204,6658,California
Plumas,2021-04-08,150,10526,3,814,132,9065,15,647,34,2265,115,4441,48,6706,California
Plumas,2021-04-09,52,10578,10,824,25,9090,17,664,19,2267,33,4474,35,6741,California
Plumas,2021-04-10,24,10602,2,826,5,9095,17,681,5,2270,19,4493,22,6763,California
Plumas,2021-04-11,3,10605,2,828,0,9095,1,682,2,2272,1,4494,3,6766,California
Plumas,2021-04-12,11,10616,5,833,3,9098,3,685,7,2278,4,4498,10,6776,California
Plumas,2021-04-13,207,10823,5,838,202,9300,0,685,139,2349,68,4566,139,6915,California
Plumas,2021-04-14,109,10932,8,846,101,9401,0,685,55,2350,54,4620,55,6970,California
Plumas,2021-04-15,50,10982,2,848,48,9449,0,685,32,2364,18,4638,32,7002,California
Plumas,2021-04-16,142,11124,2,850,140,9589,0,685,2,2226,140,4778,2,7004,California
Plumas,2021-04-17,668,11792,2,852,666,10255,0,685,20,1600,646,5424,20,7024,California
Plumas,2021-04-18,4,11796,3,855,1,10256,0,685,1,1598,3,5427,1,7025,California
Plumas,2021-04-19,38,11834,3,858,35,10291,0,685,5,1570,33,5460,5,7030,California
Plumas,2021-04-20,42,11876,5,863,37,10328,0,685,26,1581,15,5475,26,7056,California
Plumas,2021-04-21,310,12186,5,868,304,10632,1,686,17,1305,293,5768,17,7073,California
Plumas,2021-04-22,273,12459,7,875,266,10898,0,686,128,1288,145,5913,128,7201,California
Plumas,2021-04-23,72,12531,5,880,67,10965,0,686,16,1248,56,5969,16,7217,California
Plumas,2021-04-24,172,12703,5,885,167,11132,0,686,146,1369,25,5994,146,7363,California
Plumas,2021-04-26,29,12732,4,889,25,11157,0,686,8,1357,20,6014,8,7371,California
Plumas,2021-04-27,88,12820,3,892,85,11242,0,686,51,1371,37,6051,51,7422,California
Plumas,2021-04-28,284,13104,4,896,280,11522,0,686,38,1164,245,6296,38,7460,California
Plumas,2021-04-29,172,13276,69,965,103,11625,0,686,118,1228,54,6350,118,7578,California
Plumas,2021-04-30,23,13299,11,976,12,11637,0,686,7,1219,16,6366,7,7585,California
Plumas,2021-05-01,3,13302,1,977,1,11638,1,687,0,1218,2,6368,1,7586,California
Plumas,2021-05-02,2,13304,2,979,0,11638,0,687,1,1218,1,6369,1,7587,California
Plumas,2021-05-03,18,13322,7,986,5,11643,6,693,6,1219,11,6380,12,7599,California
Plumas,2021-05-04,29,13351,3,989,20,11663,6,699,16,1229,12,6392,22,7621,California
Plumas,2021-05-05,49,13400,6,995,42,11705,1,700,22,1225,27,6419,23,7644,California
Plumas,2021-05-06,56,13456,2,997,49,11754,5,705,15,1204,41,6460,20,7664,California
Plumas,2021-05-07,22,13478,5,1002,16,11770,1,706,8,1199,14,6474,9,7673,California
Plumas,2021-05-08,6,13484,0,1002,4,11774,2,708,4,1203,2,6476,6,7679,California
Plumas,2021-05-10,50,13534,1,1003,26,11800,23,731,22,1220,28,6504,45,7724,California
Plumas,2021-05-11,163,13697,3,1006,141,11941,19,750,14,1104,149,6653,33,7757,California
Plumas,2021-05-12,98,13795,2,1008,89,12030,7,757,37,1088,60,6713,44,7801,California
Plumas,2021-05-13,35,13830,4,1012,29,12059,2,759,13,1081,22,6735,15,7816,California
Plumas,2021-05-14,19,13849,3,1015,11,12070,5,764,9,1085,10,6745,14,7830,California
Plumas,2021-05-15,10,13859,4,1019,4,12074,2,766,4,1085,6,6751,6,7836,California
Plumas,2021-05-16,2,13861,1,1020,1,12075,0,766,1,1085,1,6752,1,7837,California
Plumas,2021-05-17,13,13874,0,1020,4,12079,9,775,4,1089,9,6761,13,7850,California
Plumas,2021-05-18,42,13916,7,1027,34,12113,1,776,22,1092,20,6781,23,7873,California
Plumas,2021-05-19,45,13961,3,1030,28,12141,14,790,11,1084,34,6815,26,7899,California
Plumas,2021-05-20,189,14150,133,1163,45,12186,11,801,78,1062,111,6926,89,7988,California
Plumas,2021-05-21,28,14178,8,1171,15,12201,5,806,15,1069,13,6939,20,8008,California
Plumas,2021-05-22,136,14314,1,1172,135,12336,0,806,5,944,130,7069,5,8013,California
Plumas,2021-05-23,2,14316,2,1174,0,12336,0,806,1,944,1,7070,1,8014,California
Plumas,2021-05-24,52,14368,39,1213,12,12348,1,807,42,977,10,7080,43,8057,California
Plumas,2021-05-25,63,14431,4,1217,58,12406,1,808,16,947,47,7127,17,8074,California
Plumas,2021-05-26,39,14470,5,1222,27,12433,7,815,16,947,23,7150,23,8097,California
Plumas,2021-05-27,100,14570,28,1250,62,12495,10,825,43,945,56,7206,54,8151,California
Plumas,2021-05-28,37,14607,11,1261,25,12520,1,826,19,947,18,7224,20,8171,California
Plumas,2021-05-29,10,14617,1,1262,9,12529,0,826,7,952,3,7227,8,8179,California
Plumas,2021-05-31,5,14622,0,1262,2,12531,3,829,0,951,4,7231,3,8182,California
Plumas,2021-06-01,30,14652,8,1270,18,12549,4,833,10,946,20,7251,15,8197,California
Plumas,2021-06-02,44,14696,3,1273,21,12570,20,853,5,932,39,7290,25,8222,California
Riverside,2020-12-15,5,5,5,5,0,0,0,0,5,5,0,0,5,5,California
Riverside,2020-12-16,69,74,69,74,0,0,0,0,69,74,0,0,69,74,California
Riverside,2020-12-17,811,885,811,885,0,0,0,0,811,885,0,0,811,885,California
Riverside,2020-12-18,1729,2614,1728,2613,1,1,0,0,1729,2614,0,0,1729,2614,California
Riverside,2020-12-19,1027,3641,1024,3637,3,4,0,0,1025,3638,1,1,1025,3639,California
Riverside,2020-12-20,1084,4725,1083,4720,1,5,0,0,1084,4722,0,1,1084,4723,California
Riverside,2020-12-21,2278,7003,2276,6996,2,7,0,0,2278,7000,0,1,2278,7001,California
Riverside,2020-12-22,2260,9263,2221,9217,39,46,0,0,2259,9259,0,1,2259,9260,California
Riverside,2020-12-23,2150,11413,1808,11025,342,388,0,0,2151,11410,0,1,2151,11411,California
Riverside,2020-12-24,828,12241,626,11651,202,590,0,0,828,12238,0,1,828,12239,California
Riverside,2020-12-25,28,12269,5,11656,23,613,0,0,28,12266,0,1,28,12267,California
Riverside,2020-12-26,404,12673,257,11913,147,760,0,0,404,12670,0,1,404,12671,California
Riverside,2020-12-27,367,13040,245,12158,122,882,0,0,367,13037,0,1,367,13038,California
Riverside,2020-12-28,1635,14675,1130,13288,505,1387,0,0,1636,14673,0,1,1636,14674,California
Riverside,2020-12-29,1735,16410,968,14256,767,2154,0,0,1735,16408,0,1,1735,16409,California
Riverside,2020-12-30,2574,18984,1679,15935,895,3049,0,0,2573,18981,0,1,2573,18982,California
Riverside,2020-12-31,1022,20006,395,16330,627,3676,0,0,1024,20005,0,1,1024,20006,California
Riverside,2021-01-01,118,20124,46,16376,72,3748,0,0,118,20123,0,1,118,20124,California
Riverside,2021-01-02,833,20957,693,17069,140,3888,0,0,833,20956,0,1,833,20957,California
Riverside,2021-01-03,344,21301,299,17368,45,3933,0,0,343,21299,0,1,343,21300,California
Riverside,2021-01-04,1264,22565,794,18162,470,4403,0,0,1264,22563,0,1,1264,22564,California
Riverside,2021-01-05,1988,24553,1367,19529,621,5024,0,0,1892,24365,90,91,1892,24456,California
Riverside,2021-01-06,2502,27055,1120,20649,1382,6406,0,0,2192,26251,306,397,2192,26648,California
Riverside,2021-01-07,2779,29834,1825,22474,954,7360,0,0,1714,26907,1060,1457,1716,28364,California
Riverside,2021-01-08,4058,33892,2931,25405,1127,8487,0,0,2245,27343,1809,3266,2245,30609,California
Riverside,2021-01-09,2077,35969,846,26251,1231,9718,0,0,1727,28721,349,3615,1727,32336,California
Riverside,2021-01-10,1669,37638,740,26991,929,10647,0,0,1065,29182,604,4219,1065,33401,California
Riverside,2021-01-11,4524,42162,3098,30089,1426,12073,0,0,2787,30235,1735,5954,2788,36189,California
Riverside,2021-01-12,3420,45582,2740,32829,680,12753,0,0,1726,30272,1689,7643,1726,37915,California
Riverside,2021-01-13,4458,50040,2937,35766,1521,14274,0,0,2847,31511,1608,9251,2847,40762,California
Riverside,2021-01-14,5518,55558,1913,37679,3605,17879,0,0,4928,35850,589,9840,4928,45690,California
Riverside,2021-01-15,6097,61655,2024,39703,4073,21952,0,0,5808,41370,288,10128,5808,51498,California
Riverside,2021-01-16,3613,65268,1017,40720,2596,24548,0,0,3367,44492,246,10374,3368,54866,California
Riverside,2021-01-17,3597,68865,585,41305,3012,27560,0,0,3400,47697,195,10569,3400,58266,California
Riverside,2021-01-18,3749,72614,2040,43345,1709,29269,0,0,2741,49430,1008,11577,2741,61007,California
Riverside,2021-01-19,7420,80034,2647,45992,4773,34042,0,0,6300,54611,1120,12697,6301,67308,California
Riverside,2021-01-20,8219,88253,3132,49124,5087,39129,0,0,6560,59528,1647,14344,6564,73872,California
Riverside,2021-01-21,8354,96607,3508,52632,4846,43975,0,0,7702,66578,653,14997,7703,81575,California
Riverside,2021-01-22,8718,105325,2967,55599,5751,49726,0,0,8288,74439,428,15425,8289,89864,California
Riverside,2021-01-23,5899,111224,2363,57962,3536,53262,0,0,5179,78899,720,16145,5180,95044,California
Riverside,2021-01-24,3038,114262,1433,59395,1605,54867,0,0,2823,81510,213,16358,2824,97868,California
Riverside,2021-01-25,7880,122142,4531,63926,3349,58216,0,0,6759,87150,1120,17478,6760,104628,California
Riverside,2021-01-26,9144,131286,5717,69643,3427,61643,0,0,7634,93278,1507,18985,7635,112263,California
Riverside,2021-01-27,10929,142215,6395,76038,4534,66177,0,0,9313,100982,1612,20597,9316,121579,California
Riverside,2021-01-28,11504,153719,6788,82826,4716,70893,0,0,10339,110165,1157,21754,10340,131919,California
Riverside,2021-01-29,11940,165659,7283,90109,4657,75550,0,0,10566,119387,1348,23102,10570,142489,California
Riverside,2021-01-30,9064,174723,4614,94723,4450,80000,0,0,8600,127527,461,23563,8601,151090,California
Riverside,2021-01-31,5169,179892,4256,98979,913,80913,0,0,5039,132441,129,23692,5043,156133,California
Riverside,2021-02-01,10970,190862,6784,105763,4186,85099,0,0,9121,139723,1842,25534,9124,165257,California
Riverside,2021-02-02,9479,200341,4816,110579,4663,89762,0,0,8011,146277,1460,26994,8014,173271,California
Riverside,2021-02-03,12183,212524,5145,115724,7038,96800,0,0,9815,153734,2358,29352,9815,183086,California
Riverside,2021-02-04,13510,226034,5999,121723,7511,104311,0,0,11435,163106,2066,31418,11438,194524,California
Riverside,2021-02-05,14355,240389,5409,127132,8946,113257,0,0,11289,171340,3059,34477,11293,205817,California
Riverside,2021-02-06,7239,247628,4265,131397,2974,116231,0,0,5598,175307,1634,36111,5601,211418,California
Riverside,2021-02-07,2167,249795,798,132195,1369,117600,0,0,1848,176839,317,36428,1849,213267,California
Riverside,2021-02-08,12480,262275,5555,137750,6925,124525,0,0,10173,184724,2292,38720,10177,223444,California
Riverside,2021-02-09,9650,271925,4522,142272,5128,129653,0,0,7700,190488,1941,40661,7705,231149,California
Riverside,2021-02-10,12078,284003,6972,149244,5106,134759,0,0,8904,196237,3163,43824,8912,240061,California
Riverside,2021-02-11,16618,300621,9054,158298,7564,142323,0,0,12097,203850,4499,48323,12112,252173,California
Riverside,2021-02-12,17690,318311,10805,169103,6885,149208,0,0,12802,211820,4844,53167,12814,264987,California
Riverside,2021-02-13,6328,324639,2127,171230,4201,153409,0,0,3106,211741,3206,56373,3127,268114,California
Riverside,2021-02-14,4923,329562,1116,172346,3807,157216,0,0,2178,211178,2741,59114,2178,270292,California
Riverside,2021-02-15,9830,339392,5007,177353,4823,162039,0,0,5405,212174,4416,63530,5412,275704,California
Riverside,2021-02-16,16121,355513,10112,187465,6009,168048,0,0,9251,214573,6860,70390,9259,284963,California
Riverside,2021-02-17,15036,370549,8212,195677,6824,174872,0,0,7450,214460,7573,77963,7460,292423,California
Riverside,2021-02-18,15548,386097,8986,204663,6562,181434,0,0,8020,214988,7506,85469,8034,300457,California
Riverside,2021-02-19,15300,401397,8225,212888,7075,188509,0,0,7223,214161,8058,93527,7231,307688,California
Riverside,2021-02-20,8314,409711,4497,217385,3817,192326,0,0,2165,210197,6132,99659,2168,309856,California
Riverside,2021-02-21,4401,414112,3878,221263,523,192849,0,0,1233,208278,3153,102812,1234,311090,California
Riverside,2021-02-22,12381,426493,7774,229037,4607,197456,0,0,5115,206151,7250,110062,5123,316213,California
Riverside,2021-02-23,11126,437619,7578,236615,3548,201004,0,0,5402,205861,5696,115758,5406,321619,California
Riverside,2021-02-24,14813,452432,8103,244718,6710,207714,0,0,6299,203701,8476,124234,6316,327935,California
Riverside,2021-02-25,17366,469798,7405,252123,9961,217675,0,0,8069,202523,9272,133506,8094,336029,California
Riverside,2021-02-26,18647,488445,6738,258861,11909,229584,0,0,9311,202590,9278,142784,9345,345374,California
Riverside,2021-02-27,12089,500534,5612,264473,6477,236061,0,0,5766,202093,6290,149074,5793,351167,California
Riverside,2021-02-28,4887,505421,3223,267696,1664,237725,0,0,2409,202044,2465,151539,2416,353583,California
Riverside,2021-03-01,14373,519794,6111,273807,8260,245985,2,2,8463,204665,5872,157411,8493,362076,California
Riverside,2021-03-02,15386,535180,7519,281326,7866,253851,1,3,9026,207382,6337,163748,9054,371130,California
Riverside,2021-03-03,16935,552115,8392,289718,8543,262394,0,3,7322,205274,9562,173310,7454,378584,California
Riverside,2021-03-04,18765,570880,7468,297186,11292,273686,5,8,8919,204547,9801,183111,9074,387658,California
Riverside,2021-03-05,18943,589823,7617,304803,11282,284968,44,52,9385,204747,9507,192618,9707,397365,California
Riverside,2021-03-06,9535,599358,5077,309880,3976,288944,482,534,4751,205239,4770,197388,5262,402627,California
Riverside,2021-03-07,4256,603614,2753,312633,1114,290058,389,923,2006,205398,2240,199628,2399,405026,California
Riverside,2021-03-08,11967,615581,4761,317394,6795,296853,411,1334,5336,204581,6611,206239,5794,410820,California
Riverside,2021-03-09,14816,630397,6908,324302,7408,304261,500,1834,5910,202241,8885,215124,6545,417365,California
Riverside,2021-03-10,15929,646326,8526,332828,6476,310737,927,2761,6218,199871,9667,224791,7297,424662,California
Riverside,2021-03-11,19312,665638,9471,342299,7992,318729,1849,4610,7612,197877,11664,236455,9670,434332,California
Riverside,2021-03-12,21218,686856,7957,350256,8521,327250,4740,9350,7130,196030,14050,250505,12203,446535,California
Riverside,2021-03-13,8502,695358,2544,352800,4730,331980,1228,10578,4367,197603,4113,254618,5686,452221,California
Riverside,2021-03-14,4744,700102,1618,354418,1758,333738,1368,11946,2085,198407,2648,257266,3452,455673,California
Riverside,2021-03-15,18706,718808,7869,362287,9167,342905,1670,13616,9212,199938,9451,266717,10982,466655,California
Riverside,2021-03-16,20917,739725,10151,372438,9951,352856,815,14431,11395,202758,9483,276200,12303,478958,California
Riverside,2021-03-17,21347,761072,10962,383400,9326,362182,1059,15490,12826,208218,8484,284684,13944,492902,California
Riverside,2021-03-18,22635,783707,11789,395189,9180,371362,1666,17156,12566,212440,10019,294703,14241,507143,California
Riverside,2021-03-19,24158,807865,12687,407876,10498,381860,973,18129,14107,217895,9993,304696,15448,522591,California
Riverside,2021-03-20,10695,818560,6907,414783,2608,384468,1180,19309,6881,222172,3783,308479,8060,530651,California
Riverside,2021-03-21,3750,822310,2923,417706,561,385029,266,19575,2556,223819,1176,309655,2823,533474,California
Riverside,2021-03-22,16660,838970,9936,427642,6171,391200,553,20128,10600,228967,6003,315658,11151,544625,California
Riverside,2021-03-23,18586,857556,10529,438171,7636,398836,421,20549,11950,234776,6576,322234,12385,557010,California
Riverside,2021-03-24,18773,876329,10474,448645,8179,407015,120,20669,12884,241947,5839,328073,13010,570020,California
Riverside,2021-03-25,21186,897515,11686,460331,9319,416334,181,20850,14200,249421,6913,334986,14387,584407,California
Riverside,2021-03-26,24179,921694,11947,472278,12057,428391,175,21025,15034,255593,9040,344026,15212,599619,California
Riverside,2021-03-27,9337,931031,4907,477185,3377,431768,1053,22078,4819,256971,4495,348521,5873,605492,California
Riverside,2021-03-28,4775,935806,3139,480324,1544,433312,92,22170,2843,257989,1919,350440,2937,608429,California
Riverside,2021-03-29,17692,953498,8459,488783,9112,442424,121,22291,10949,262370,6700,357140,11081,619510,California
Riverside,2021-03-30,18375,971873,9570,498353,8598,451022,207,22498,11719,267682,6616,363756,11928,631438,California
Riverside,2021-03-31,18140,990013,8443,506796,9392,460414,305,22803,11455,272813,6640,370396,11771,643209,California
Riverside,2021-04-01,25594,1015607,12507,519303,12306,472720,781,23584,16522,281110,9007,379403,17304,660513,California
Riverside,2021-04-02,26167,1041774,14084,533387,11131,483851,952,24536,16387,288959,9719,389122,17568,678081,California
Riverside,2021-04-03,9391,1051165,5974,539361,2826,486677,591,25127,6055,292285,3317,392439,6643,684724,California
Riverside,2021-04-04,3401,1054566,2070,541431,1087,487764,244,25371,1721,292581,1670,394109,1966,686690,California
Riverside,2021-04-05,18481,1073047,9467,550898,7154,494918,1860,27231,9950,295904,8490,402599,11813,698503,California
Riverside,2021-04-06,23803,1096850,12369,563267,9297,504215,2137,29368,13273,300834,10479,413078,15409,713912,California
Riverside,2021-04-07,24882,1121732,13431,576698,8936,513151,2515,31883,13845,306213,10992,424070,16371,730283,California
Riverside,2021-04-08,27428,1149160,15167,591865,9286,522437,2975,34858,16771,315392,10596,434666,19775,750058,California
Riverside,2021-04-09,26294,1175454,15468,607333,8371,530808,2455,37313,16040,323747,10210,444876,18565,768623,California
Riverside,2021-04-10,12026,1187480,6754,614087,3879,534687,1393,38706,5267,323698,6716,451592,6667,775290,California
Riverside,2021-04-11,4621,1192101,2744,616831,1255,535942,622,39328,2176,324066,2434,454026,2802,778092,California
Riverside,2021-04-12,20122,1212223,8958,625789,8524,544466,2640,41968,10091,326815,9993,464019,12742,790834,California
Riverside,2021-04-13,19919,1232142,11140,636929,8752,553218,27,41995,11363,329699,8516,472535,11400,802234,California
Riverside,2021-04-14,22118,1254260,12178,649107,9925,563143,15,42010,10833,329335,11217,483752,10853,813087,California
Riverside,2021-04-15,21904,1276164,12388,661495,9508,572651,8,42018,11536,330580,10300,494052,11545,824632,California
Riverside,2021-04-16,24922,1301086,14427,675922,10489,583140,6,42024,11537,328797,13333,507385,11550,836182,California
Riverside,2021-04-17,9863,1310949,6498,682420,3365,586505,0,42024,4959,328874,4889,512274,4966,841148,California
Riverside,2021-04-18,3859,1314808,2811,685231,1041,587546,7,42031,1814,328667,2031,514305,1824,842972,California
Riverside,2021-04-19,19474,1334282,11589,696820,7882,595428,3,42034,6958,323158,12475,526780,6966,849938,California
Riverside,2021-04-20,18877,1353159,9951,706771,8916,604344,10,42044,7729,319795,11105,537885,7742,857680,California
Riverside,2021-04-21,19850,1373009,11418,718189,8423,612767,9,42053,7991,316009,11792,549677,8006,865686,California
Riverside,2021-04-22,23271,1396280,13573,731762,9695,622462,3,42056,8668,310149,14535,564212,8675,874361,California
Riverside,2021-04-23,23337,1419617,13730,745492,9593,632055,14,42070,9152,305197,14126,578338,9174,883535,California
Riverside,2021-04-24,10485,1430102,7313,752805,3169,635224,3,42073,4830,304411,5619,583957,4833,888368,California
Riverside,2021-04-25,4211,1434313,2819,755624,1391,636615,1,42074,2183,304585,2011,585968,2185,890553,California
Riverside,2021-04-26,16496,1450809,10361,765985,6090,642705,45,42119,5525,299229,10930,596898,5574,896127,California
Riverside,2021-04-27,17726,1468535,10170,776155,7394,650099,162,42281,6129,293967,11553,608451,6291,902418,California
Riverside,2021-04-28,16465,1485000,8861,785016,7347,657446,257,42538,5540,288894,10870,619321,5797,908215,California
Riverside,2021-04-29,18700,1503700,11437,796453,6915,664361,348,42886,5387,281374,13252,632573,5732,913947,California
Riverside,2021-04-30,19709,1523409,11357,807810,7973,672334,379,43265,6317,274732,13340,645913,6698,920645,California
Riverside,2021-05-01,6769,1530178,4877,812687,1724,674058,168,43433,2329,272813,4414,650327,2495,923140,California
Riverside,2021-05-02,3350,1533528,2182,814869,960,675018,208,43641,1068,271830,2265,652592,1282,924422,California
Riverside,2021-05-03,17986,1551514,11041,825910,6458,681476,487,44128,4158,262704,13769,666361,4643,929065,California
Riverside,2021-05-04,17253,1568767,10959,836869,5879,687355,415,44543,4882,255692,12307,678668,5295,934360,California
Riverside,2021-05-05,15756,1584523,8920,845789,6482,693837,354,44897,4547,249444,11149,689817,4901,939261,California
Riverside,2021-05-06,17773,1602296,9955,855744,7409,701246,409,45306,4522,241195,13181,702998,4932,944193,California
Riverside,2021-05-07,20309,1622605,11596,867340,8283,709529,430,45736,5361,232111,14872,717870,5788,949981,California
Riverside,2021-05-08,6813,1629418,4530,871870,2054,711583,229,45965,2555,230665,4228,722098,2782,952763,California
Riverside,2021-05-09,2308,1631726,1509,873379,644,712227,155,46120,851,230225,1446,723544,1006,953769,California
Riverside,2021-05-10,10016,1641742,5135,878514,4510,716737,371,46491,2858,226345,7108,730652,3228,956997,California
Riverside,2021-05-11,13543,1655285,8124,886638,4926,721663,493,46984,3692,220758,9773,740425,4186,961183,California
Riverside,2021-05-12,11917,1667202,5812,892450,5829,727492,276,47260,3610,216386,8256,748681,3884,965067,California
Riverside,2021-05-13,13717,1680919,8140,900590,5313,732805,264,47524,4862,212711,8805,757486,5130,970197,California
Riverside,2021-05-14,17719,1698638,11191,911781,5738,738543,790,48314,6923,209692,10730,768216,7711,977908,California
Riverside,2021-05-15,9675,1708313,6927,918708,2353,740896,395,48709,4936,210316,4707,772923,5331,983239,California
Riverside,2021-05-16,3454,1711767,2506,921214,838,741734,110,48819,1697,210378,1744,774667,1806,985045,California
Riverside,2021-05-17,11726,1723493,7567,928781,3821,745555,338,49157,5280,209595,6413,781080,5630,990675,California
Riverside,2021-05-18,15029,1738522,9301,938082,5386,750941,342,49499,6259,207472,8723,789803,6600,997275,California
Riverside,2021-05-19,12121,1750643,7676,945758,4228,755169,217,49716,6010,207639,6061,795864,6228,1003503,California
Riverside,2021-05-20,10172,1760815,6215,951973,3700,758869,257,49973,4470,206708,5661,801525,4730,1008233,California
Riverside,2021-05-21,12411,1773226,7528,959501,4577,763446,306,50279,5234,205120,7129,808654,5541,1013774,California
Riverside,2021-05-22,5529,1778755,3813,963314,1538,764984,178,50457,3081,205963,2417,811071,3260,1017034,California
Riverside,2021-05-23,1478,1780233,1034,964348,372,765356,72,50529,815,206196,654,811725,887,1017921,California
Riverside,2021-05-24,8483,1788716,5452,969800,2722,768078,309,50838,3787,205625,4667,816392,4096,1022017,California
Riverside,2021-05-25,9462,1798178,5649,975449,3559,771637,254,51092,3847,204150,5575,821967,4100,1026117,California
Riverside,2021-05-26,8550,1806728,5265,980714,2978,774615,307,51399,3778,203515,4725,826692,4090,1030207,California
Riverside,2021-05-27,8321,1815049,4960,985674,3135,777750,226,51625,3882,203225,4395,831087,4105,1034312,California
Riverside,2021-05-28,10417,1825466,6366,992040,3765,781515,286,51911,4848,202843,5517,836604,5135,1039447,California
Riverside,2021-05-29,4748,1830214,3239,995279,1383,782898,126,52037,2659,203560,2070,838674,2787,1042234,California
Riverside,2021-05-30,1901,1832115,1364,996643,480,783378,57,52094,1041,203804,855,839529,1099,1043333,California
Riverside,2021-05-31,860,1832975,485,997128,343,783721,32,52126,331,203641,526,840055,363,1043696,California
Riverside,2021-06-01,7949,1840924,4602,1001730,3126,786847,221,52347,3020,201992,4887,844942,3238,1046934,California
Riverside,2021-06-02,3288,1844212,1822,1003552,1281,788128,185,52532,1130,201160,2145,847087,1313,1048247,California
Sacramento,2020-12-15,315,315,315,315,0,0,0,0,315,315,0,0,315,315,California
Sacramento,2020-12-16,647,962,647,962,0,0,0,0,647,962,0,0,647,962,California
Sacramento,2020-12-17,649,1611,649,1611,0,0,0,0,649,1611,0,0,649,1611,California
Sacramento,2020-12-18,970,2581,970,2581,0,0,0,0,970,2581,0,0,970,2581,California
Sacramento,2020-12-19,610,3191,610,3191,0,0,0,0,610,3191,0,0,610,3191,California
Sacramento,2020-12-20,634,3825,634,3825,0,0,0,0,634,3825,0,0,634,3825,California
Sacramento,2020-12-21,1677,5502,1677,5502,0,0,0,0,1678,5503,0,0,1678,5503,California
Sacramento,2020-12-22,2107,7609,2073,7575,34,34,0,0,2107,7610,0,0,2107,7610,California
Sacramento,2020-12-23,2263,9872,2092,9667,171,205,0,0,2263,9873,0,0,2263,9873,California
Sacramento,2020-12-24,1046,10918,834,10501,212,417,0,0,1046,10919,0,0,1046,10919,California
Sacramento,2020-12-25,1,10919,0,10501,1,418,0,0,1,10920,0,0,1,10920,California
Sacramento,2020-12-26,510,11429,291,10792,219,637,0,0,510,11430,0,0,510,11430,California
Sacramento,2020-12-27,355,11784,249,11041,106,743,0,0,355,11785,0,0,355,11785,California
Sacramento,2020-12-28,1911,13695,1329,12370,582,1325,0,0,1910,13694,1,1,1910,13695,California
Sacramento,2020-12-29,1959,15654,1193,13563,766,2091,0,0,1959,15653,0,1,1959,15654,California
Sacramento,2020-12-30,2563,18217,1456,15019,1107,3198,0,0,2564,18217,0,1,2564,18218,California
Sacramento,2020-12-31,1233,19450,696,15715,537,3735,0,0,1234,19451,0,1,1234,19452,California
Sacramento,2021-01-01,81,19531,70,15785,11,3746,0,0,81,19532,0,1,81,19533,California
Sacramento,2021-01-02,568,20099,366,16151,202,3948,0,0,568,20100,0,1,568,20101,California
Sacramento,2021-01-03,412,20511,223,16374,189,4137,0,0,412,20512,0,1,412,20513,California
Sacramento,2021-01-04,1961,22472,847,17221,1114,5251,0,0,1959,22470,1,2,1959,22472,California
Sacramento,2021-01-05,2216,24688,989,18210,1227,6478,0,0,1862,23985,354,356,1869,24341,California
Sacramento,2021-01-06,2727,27415,1617,19827,1110,7588,0,0,1952,25165,772,1128,1952,26293,California
Sacramento,2021-01-07,2841,30256,1508,21335,1333,8921,0,0,1978,26283,860,1988,1978,28271,California
Sacramento,2021-01-08,3303,33559,2095,23430,1208,10129,0,0,2268,27521,1031,3019,2269,30540,California
Sacramento,2021-01-09,1291,34850,796,24226,495,10624,0,0,903,28038,386,3405,903,31443,California
Sacramento,2021-01-10,1247,36097,711,24937,536,11160,0,0,776,28345,470,3875,777,32220,California
Sacramento,2021-01-11,4350,40447,2960,27897,1390,12550,0,0,2410,28828,1939,5814,2422,34642,California
Sacramento,2021-01-12,4583,45030,3199,31096,1384,13934,0,0,2610,29470,1972,7786,2614,37256,California
Sacramento,2021-01-13,3834,48864,2213,33309,1621,15555,0,0,2418,30474,1415,9201,2419,39675,California
Sacramento,2021-01-14,4628,53492,2337,35646,2291,17846,0,0,3707,33264,917,10118,3707,43382,California
Sacramento,2021-01-15,4450,57942,2263,37909,2187,20033,0,0,3729,36273,721,10839,3730,47112,California
Sacramento,2021-01-16,2080,60022,1276,39185,804,20837,0,0,1862,37917,218,11057,1862,48974,California
Sacramento,2021-01-17,1671,61693,977,40162,694,21531,0,0,1492,39233,179,11236,1495,50469,California
Sacramento,2021-01-18,2818,64511,1722,41884,1096,22627,0,0,2242,40901,575,11811,2243,52712,California
Sacramento,2021-01-19,4973,69484,3024,44908,1949,24576,0,0,3738,43406,1235,13046,3740,56452,California
Sacramento,2021-01-20,4814,74298,2849,47757,1965,26541,0,0,3592,45780,1224,14270,3598,60050,California
Sacramento,2021-01-21,5208,79506,3003,50760,2205,28746,0,0,4239,49058,963,15233,4241,64291,California
Sacramento,2021-01-22,5007,84513,2674,53434,2333,31079,0,0,4704,53461,302,15535,4705,68996,California
Sacramento,2021-01-23,3744,88257,1564,54998,2180,33259,0,0,3284,56285,460,15995,3284,72280,California
Sacramento,2021-01-24,1616,89873,1007,56005,609,33868,0,0,1375,57420,241,16236,1376,73656,California
Sacramento,2021-01-25,4423,94296,2167,58172,2256,36124,0,0,2949,58897,1474,17710,2951,76607,California
Sacramento,2021-01-26,4733,99029,2145,60317,2588,38712,0,0,3532,61232,1199,18909,3534,80141,California
Sacramento,2021-01-27,5811,104840,3046,63363,2765,41477,0,0,4200,63826,1608,20517,4202,84343,California
Sacramento,2021-01-28,5388,110228,2729,66092,2659,44136,0,0,4286,67012,1101,21618,4287,88630,California
Sacramento,2021-01-29,5405,115633,2940,69032,2465,46601,0,0,4381,70378,1015,22633,4381,93011,California
Sacramento,2021-01-30,4509,120142,2200,71232,2309,48910,0,0,4080,74031,427,23060,4080,97091,California
Sacramento,2021-01-31,2321,122463,2027,73259,294,49204,0,0,2046,75806,273,23333,2048,99139,California
Sacramento,2021-02-01,5944,128407,3037,76296,2907,52111,0,0,4259,78384,1681,25014,4259,103398,California
Sacramento,2021-02-02,6931,135338,3760,80056,3171,55282,0,0,4800,81073,2113,27127,4802,108200,California
Sacramento,2021-02-03,7150,142488,3604,83660,3546,58828,0,0,5286,84506,1855,28982,5288,113488,California
Sacramento,2021-02-04,7760,150248,3672,87332,4088,62916,0,0,5514,87783,2237,31219,5514,119002,California
Sacramento,2021-02-05,7856,158104,4486,91818,3370,66286,0,0,4918,89789,2915,34134,4921,123923,California
Sacramento,2021-02-06,8486,166590,3487,95305,4999,71285,0,0,7130,95566,1354,35488,7131,131054,California
Sacramento,2021-02-07,4077,170667,2188,97493,1889,73174,0,0,2871,97238,1201,36689,2873,133927,California
Sacramento,2021-02-08,6234,176901,3241,100734,2993,76167,0,0,3898,98804,2332,39021,3898,137825,California
Sacramento,2021-02-09,6774,183675,3556,104290,3218,79385,0,0,3995,100030,2770,41791,3996,141821,California
Sacramento,2021-02-10,7701,191376,4211,108501,3490,82875,0,0,4543,101431,3144,44935,4545,146366,California
Sacramento,2021-02-11,9602,200978,5729,114230,3873,86748,0,0,5511,102868,4076,49011,5513,151879,California
Sacramento,2021-02-12,10686,211664,4144,118374,6542,93290,0,0,6412,105070,4213,53224,6415,158294,California
Sacramento,2021-02-13,7673,219337,2981,121355,4692,97982,0,0,6088,109577,1582,54806,6089,164383,California
Sacramento,2021-02-14,3194,222531,1959,123314,1235,99217,0,0,2100,110589,1092,55898,2104,166487,California
Sacramento,2021-02-15,5995,228526,2046,125360,3949,103166,0,0,4165,112933,1824,57722,4168,170655,California
Sacramento,2021-02-16,9237,237763,4206,129566,5031,108197,0,0,5319,114345,3911,61633,5323,175978,California
Sacramento,2021-02-17,8848,246611,4991,134557,3857,112054,0,0,5147,115804,3690,65323,5149,181127,California
Sacramento,2021-02-18,9565,256176,5726,140283,3839,115893,0,0,5709,117668,3848,69171,5712,186839,California
Sacramento,2021-02-19,10013,266189,6141,146424,3872,119765,0,0,5916,119504,4086,73257,5922,192761,California
Sacramento,2021-02-20,7758,273947,5730,152154,2028,121793,0,0,4694,121142,3058,76315,4696,197457,California
Sacramento,2021-02-21,2983,276930,2371,154525,612,122405,0,0,1043,120252,1934,78249,1044,198501,California
Sacramento,2021-02-22,6200,283130,3754,158279,2446,124851,0,0,2690,119447,3499,81748,2694,201195,California
Sacramento,2021-02-23,7158,290288,4448,162727,2710,127561,0,0,3471,119252,3670,85418,3475,204670,California
Sacramento,2021-02-24,9679,299967,5311,168038,4368,131929,0,0,5269,120131,4394,89812,5273,209943,California
Sacramento,2021-02-25,10942,310909,6241,174279,4701,136630,0,0,6413,122030,4514,94326,6413,216356,California
Sacramento,2021-02-26,13937,324846,6482,180761,7455,144085,0,0,9593,127312,4314,98640,9596,225952,California
Sacramento,2021-02-27,10843,335689,6741,187502,4099,148184,3,3,7971,132437,2849,101489,7974,233926,California
Sacramento,2021-02-28,5649,341338,2250,189752,3399,151583,0,3,2600,132003,3035,104524,2601,236527,California
Sacramento,2021-03-01,8078,349416,3491,193243,4586,156169,1,4,4367,132683,3690,108214,4370,240897,California
Sacramento,2021-03-02,9297,358713,4048,197291,5248,161417,1,5,5721,134849,3559,111773,5725,246622,California
Sacramento,2021-03-03,10997,369710,5030,202321,5964,167381,3,8,6570,137018,4406,116179,6575,253197,California
Sacramento,2021-03-04,13474,383184,6202,208523,7268,174649,4,12,7496,138578,5946,122125,7506,260703,California
Sacramento,2021-03-05,10635,393819,4911,213434,5694,180343,30,42,7072,142140,3542,125667,7104,267807,California
Sacramento,2021-03-06,8130,401949,3123,216557,4885,185228,122,164,4127,142400,3988,129655,4248,272055,California
Sacramento,2021-03-07,7619,409568,2214,218771,5316,190544,89,253,3754,142381,3860,133515,3841,275896,California
Sacramento,2021-03-08,9132,418700,4264,223035,4643,195187,225,478,5986,145456,3134,136649,6209,282105,California
Sacramento,2021-03-09,9619,428319,4567,227602,4760,199947,292,770,5539,147225,4063,140712,5832,287937,California
Sacramento,2021-03-10,11789,440108,7514,235116,3919,203866,356,1126,6897,149621,4858,145570,7254,295191,California
Sacramento,2021-03-11,15087,455195,10016,245132,4252,208118,819,1945,8975,153342,6072,151642,9793,304984,California
Sacramento,2021-03-12,18055,473250,8343,253475,8851,216969,861,2806,8885,153978,9120,160762,9756,314740,California
Sacramento,2021-03-13,13010,486260,3574,257049,9008,225977,428,3234,7901,157210,5098,165860,8330,323070,California
Sacramento,2021-03-14,8393,494653,3469,260518,4293,230270,631,3865,4472,158414,3897,169757,5101,328171,California
Sacramento,2021-03-15,12225,506878,4847,265365,6716,236986,662,4527,7106,161085,5098,174855,7769,335940,California
Sacramento,2021-03-16,14024,520902,6223,271588,7152,244138,649,5176,8666,165070,5324,180179,9309,345249,California
Sacramento,2021-03-17,13758,534660,6618,278206,6503,250641,637,5813,8877,169732,4856,185035,9518,354767,California
Sacramento,2021-03-18,15701,550361,8241,286447,6870,257511,590,6403,10131,174914,5539,190574,10721,365488,California
Sacramento,2021-03-19,15620,565981,7971,294418,6272,263783,1377,7780,8144,176980,7449,198023,9515,375003,California
Sacramento,2021-03-20,12942,578923,7549,301967,5052,268835,341,8121,8186,180782,4727,202750,8529,383532,California
Sacramento,2021-03-21,5606,584529,2760,304727,2807,271642,39,8160,4950,185129,644,203394,4991,388523,California
Sacramento,2021-03-22,9413,593942,4820,309547,3739,275381,854,9014,6311,189219,3075,206469,7165,395688,California
Sacramento,2021-03-23,11360,605302,6770,316317,3782,279163,808,9822,7322,193350,3997,210466,8128,403816,California
Sacramento,2021-03-24,11883,617185,7277,323594,3974,283137,632,10454,6760,195702,5042,215508,7394,411210,California
Sacramento,2021-03-25,14170,631355,8362,331956,4982,288119,826,11280,8577,199554,5548,221056,9400,420610,California
Sacramento,2021-03-26,18271,649626,8945,340901,8838,296957,488,11768,9229,200301,8972,230028,9719,430329,California
Sacramento,2021-03-27,9707,659333,3576,344477,5840,302797,291,12059,5218,201349,4457,234485,5505,435834,California
Sacramento,2021-03-28,6535,665868,3221,347698,3065,305862,249,12308,3120,201316,3405,237890,3372,439206,California
Sacramento,2021-03-29,11018,676886,5899,353597,4747,310609,372,12680,5209,201119,5781,243671,5584,444790,California
Sacramento,2021-03-30,11854,688740,6087,359684,5375,315984,392,13072,6030,201740,5801,249472,6422,451212,California
Sacramento,2021-03-31,13457,702197,7866,367550,5196,321180,395,13467,5666,200033,7763,257235,6056,457268,California
Sacramento,2021-04-01,17432,719629,10467,378017,6739,327919,226,13693,7328,197539,10062,267297,7568,464836,California
Sacramento,2021-04-02,17140,736769,9704,387721,6696,334615,740,14433,9014,199204,8096,275393,9761,474597,California
Sacramento,2021-04-03,10439,747208,6226,393947,3661,338276,552,14985,6412,202168,3999,279392,6963,481560,California
Sacramento,2021-04-04,3707,750915,1529,395476,1987,340263,191,15176,1451,201556,2251,281643,1639,483199,California
Sacramento,2021-04-05,12063,762978,7569,403045,3662,343925,832,16008,5394,201143,6634,288277,6221,489420,California
Sacramento,2021-04-06,15644,778622,8884,411929,5428,349353,1332,17340,6927,200721,8684,296961,8262,497682,California
Sacramento,2021-04-07,14828,793450,8027,419956,5211,354564,1590,18930,7155,201840,7637,304598,8756,506438,California
Sacramento,2021-04-08,15058,808508,6772,426728,5313,359877,2973,21903,5989,201787,9037,313635,8984,515422,California
Sacramento,2021-04-09,18276,826784,9357,436085,6723,366600,2196,24099,7430,200625,10809,324444,9647,525069,California
Sacramento,2021-04-10,12832,839616,3842,439927,7775,374375,1215,25314,5321,199666,7484,331928,6525,531594,California
Sacramento,2021-04-11,10766,850382,4340,444267,6202,380577,224,25538,3825,196800,6916,338844,4050,535644,California
Sacramento,2021-04-12,12952,863334,5043,449310,6042,386619,1867,27405,4952,195679,7941,346785,6820,542464,California
Sacramento,2021-04-13,16255,879589,9948,459258,6303,392922,4,27409,7558,194581,8668,355453,7570,550034,California
Sacramento,2021-04-14,14921,894510,7948,467206,6971,399893,2,27411,5877,191450,9016,364469,5885,555919,California
Sacramento,2021-04-15,16315,910825,8393,475599,7919,407812,3,27414,6616,188411,9660,374129,6621,562540,California
Sacramento,2021-04-16,17380,928205,9607,485206,7773,415585,0,27414,7867,186804,9476,383605,7869,570409,California
Sacramento,2021-04-17,15267,943472,6144,491350,9123,424708,0,27414,11047,193656,4200,387805,11052,581461,California
Sacramento,2021-04-18,8439,951911,3071,494421,5368,430076,0,27414,3734,192704,4688,392493,3736,585197,California
Sacramento,2021-04-19,10574,962485,5711,500132,4858,434934,5,27419,4686,191529,5867,398360,4692,589889,California
Sacramento,2021-04-20,11114,973599,6750,506882,4361,439295,3,27422,5913,192268,5181,403541,5920,595809,California
Sacramento,2021-04-21,11477,985076,6633,513515,4842,444137,2,27424,6215,193246,5240,408781,6218,602027,California
Sacramento,2021-04-22,14812,999888,9896,523411,4912,449049,4,27428,6818,192107,7963,416744,6824,608851,California
Sacramento,2021-04-23,15829,1015717,10008,533419,5821,454870,0,27428,7337,190989,8456,425200,7338,616189,California
Sacramento,2021-04-24,11323,1027040,7004,540423,4318,459188,1,27429,5935,191575,5351,430551,5937,622126,California
Sacramento,2021-04-25,7997,1035037,4485,544908,3512,462700,0,27429,4169,191929,3816,434367,4170,626296,California
Sacramento,2021-04-26,10232,1045269,6430,551338,3777,466477,25,27454,4696,191141,5509,439876,4721,631017,California
Sacramento,2021-04-27,11679,1056948,7667,559005,3889,470366,123,27577,5663,190941,5987,445863,5787,636804,California
Sacramento,2021-04-28,10029,1066977,5715,564720,4112,474478,202,27779,5374,191897,4626,450489,5582,642386,California
Sacramento,2021-04-29,10196,1077173,6815,571535,3076,477554,305,28084,5351,192741,4812,455301,5656,648042,California
Sacramento,2021-04-30,12441,1089614,7814,579349,4365,481919,262,28346,5866,192336,6533,461834,6128,654170,California
Sacramento,2021-05-01,7568,1097182,5471,584820,1923,483842,174,28520,2753,190479,4782,466616,2925,657095,California
Sacramento,2021-05-02,4983,1102165,4285,589105,547,484389,151,28671,2216,190101,2743,469359,2365,659460,California
Sacramento,2021-05-03,9104,1111269,7277,596382,1545,485934,282,28953,3945,189188,5135,474494,4222,663682,California
Sacramento,2021-05-04,9365,1120634,5691,602073,3363,489297,311,29264,3786,187747,5537,480031,4096,667778,California
Sacramento,2021-05-05,10973,1131607,5920,607993,4601,493898,452,29716,4426,186113,6507,486538,4873,672651,California
Sacramento,2021-05-06,11168,1142775,6194,614187,4672,498570,302,30018,4613,184783,6243,492781,4913,677564,California
Sacramento,2021-05-07,10602,1153377,6163,620350,4064,502634,375,30393,4469,183546,6082,498863,4845,682409,California
Sacramento,2021-05-08,8163,1161540,3816,624166,4118,506752,229,30622,2698,181038,5430,504293,2922,685331,California
Sacramento,2021-05-09,3165,1164705,1653,625819,1399,508151,113,30735,1188,180375,1964,506257,1301,686632,California
Sacramento,2021-05-10,8073,1172778,3736,629555,4070,512221,267,31002,1978,176558,6065,512322,2248,688880,California
Sacramento,2021-05-11,8071,1180849,5031,634586,2796,515017,244,31246,2782,174323,5259,517581,3024,691904,California
Sacramento,2021-05-12,8068,1188917,4793,639379,3037,518054,238,31484,2763,172049,5274,522855,3000,694904,California
Sacramento,2021-05-13,10891,1199808,6932,646311,3702,521756,257,31741,4091,169637,6765,529620,4353,699257,California
Sacramento,2021-05-14,12157,1211965,6870,653181,4999,526755,288,32029,5016,167854,7086,536706,5303,704560,California
Sacramento,2021-05-15,13059,1225024,7892,661073,5024,531779,143,32172,5794,166560,7229,543935,5935,710495,California
Sacramento,2021-05-16,7793,1232817,4068,665141,3612,535391,113,32285,2099,163103,5670,549605,2213,712708,California
Sacramento,2021-05-17,10381,1243198,6315,671456,3779,539170,287,32572,4111,161267,6239,555844,4403,717111,California
Sacramento,2021-05-18,9696,1252894,6092,677548,3395,542565,209,32781,3835,159494,5821,561665,4048,721159,California
Sacramento,2021-05-19,9764,1262658,6261,683809,3240,545805,263,33044,4630,159299,5092,566757,4897,726056,California
Sacramento,2021-05-20,8942,1271600,6081,689890,2640,548445,221,33265,3992,158608,4904,571661,4213,730269,California
Sacramento,2021-05-21,9337,1280937,6086,695976,2987,551432,264,33529,4240,158057,5063,576724,4512,734781,California
Sacramento,2021-05-22,6262,1287199,3987,699963,2141,553573,134,33663,3148,158242,3096,579820,3281,738062,California
Sacramento,2021-05-23,3327,1290526,2467,702430,787,554360,73,33736,1728,158459,1583,581403,1800,739862,California
Sacramento,2021-05-24,7572,1298098,4536,706966,2725,557085,311,34047,2472,156187,5053,586456,2781,742643,California
Sacramento,2021-05-25,6568,1304666,3814,710780,2466,559551,288,34335,2417,154764,4126,590582,2703,745346,California
Sacramento,2021-05-26,8323,1312989,4614,715394,3405,562956,304,34639,3001,152791,5275,595857,3302,748648,California
Sacramento,2021-05-27,6542,1319531,3566,718960,2745,565701,231,34870,3045,152603,3461,599318,3273,751921,California
Sacramento,2021-05-28,8155,1327686,4542,723502,3243,568944,370,35240,3466,151775,4660,603978,3832,755753,California
Sacramento,2021-05-29,4282,1331968,2637,726139,1496,570440,149,35389,2174,152010,2087,606065,2322,758075,California
Sacramento,2021-05-30,1642,1333610,1023,727162,577,571017,42,35431,758,151931,879,606944,800,758875,California
Sacramento,2021-05-31,895,1334505,446,727608,431,571448,18,35449,322,151698,573,607517,340,759215,California
Sacramento,2021-06-01,6195,1340700,3549,731157,2453,573901,193,35642,2310,150351,3848,611365,2501,761716,California
Sacramento,2021-06-02,3362,1344062,1795,732952,1434,575335,133,35775,1200,149543,2139,613504,1331,763047,California
San Benito,2020-12-16,30,30,30,30,0,0,0,0,30,30,0,0,30,30,California
San Benito,2020-12-17,38,68,38,68,0,0,0,0,38,68,0,0,38,68,California
San Benito,2020-12-18,72,140,72,140,0,0,0,0,72,140,0,0,72,140,California
San Benito,2020-12-19,47,187,47,187,0,0,0,0,47,187,0,0,47,187,California
San Benito,2020-12-20,23,210,23,210,0,0,0,0,23,210,0,0,23,210,California
San Benito,2020-12-21,76,286,76,286,0,0,0,0,76,286,0,0,76,286,California
San Benito,2020-12-22,100,386,100,386,0,0,0,0,100,386,0,0,100,386,California
San Benito,2020-12-23,86,472,74,460,12,12,0,0,86,472,0,0,86,472,California
San Benito,2020-12-24,13,485,5,465,8,20,0,0,13,485,0,0,13,485,California
San Benito,2020-12-25,4,489,4,469,0,20,0,0,4,489,0,0,4,489,California
San Benito,2020-12-26,13,502,4,473,9,29,0,0,13,502,0,0,13,502,California
San Benito,2020-12-27,8,510,7,480,1,30,0,0,8,510,0,0,8,510,California
San Benito,2020-12-28,65,575,36,516,29,59,0,0,65,575,0,0,65,575,California
San Benito,2020-12-29,50,625,21,537,29,88,0,0,50,625,0,0,50,625,California
San Benito,2020-12-30,59,684,37,574,22,110,0,0,59,684,0,0,59,684,California
San Benito,2020-12-31,19,703,2,576,17,127,0,0,19,703,0,0,19,703,California
San Benito,2021-01-02,25,728,24,600,1,128,0,0,25,728,0,0,25,728,California
San Benito,2021-01-03,3,731,1,601,2,130,0,0,3,731,0,0,3,731,California
San Benito,2021-01-04,62,793,23,624,39,169,0,0,62,793,0,0,62,793,California
San Benito,2021-01-05,119,912,37,661,82,251,0,0,116,906,3,3,116,909,California
San Benito,2021-01-06,100,1012,43,704,57,308,0,0,85,976,15,18,85,994,California
San Benito,2021-01-07,97,1109,60,764,37,345,0,0,52,983,45,63,52,1046,California
San Benito,2021-01-08,174,1283,89,853,85,430,0,0,109,1027,65,128,109,1155,California
San Benito,2021-01-09,43,1326,30,883,13,443,0,0,30,1044,13,141,30,1185,California
San Benito,2021-01-10,16,1342,14,897,2,445,0,0,5,1038,11,152,5,1190,California
San Benito,2021-01-11,169,1511,107,1004,62,507,0,0,69,1007,100,252,69,1259,California
San Benito,2021-01-12,158,1669,55,1059,103,610,0,0,120,1089,38,290,120,1379,California
San Benito,2021-01-13,218,1887,62,1121,156,766,0,0,172,1215,46,336,172,1551,California
San Benito,2021-01-14,116,2003,23,1144,93,859,0,0,98,1295,18,354,98,1649,California
San Benito,2021-01-15,216,2219,21,1165,195,1054,0,0,202,1483,14,368,202,1851,California
San Benito,2021-01-16,27,2246,9,1174,18,1072,0,0,21,1498,6,374,21,1872,California
San Benito,2021-01-17,11,2257,5,1179,6,1078,0,0,8,1503,3,377,8,1880,California
San Benito,2021-01-18,36,2293,23,1202,13,1091,0,0,21,1509,15,392,21,1901,California
San Benito,2021-01-19,152,2445,65,1267,87,1178,0,0,125,1607,27,419,125,2026,California
San Benito,2021-01-20,275,2720,94,1361,181,1359,0,0,229,1791,45,464,229,2255,California
San Benito,2021-01-21,125,2845,32,1393,93,1452,0,0,100,1866,25,489,100,2355,California
San Benito,2021-01-22,233,3078,19,1412,214,1666,0,0,223,2079,10,499,223,2578,California
San Benito,2021-01-23,31,3109,17,1429,14,1680,0,0,13,2074,18,517,13,2591,California
San Benito,2021-01-24,11,3120,3,1432,8,1688,0,0,7,2077,4,521,7,2598,California
San Benito,2021-01-25,67,3187,25,1457,42,1730,0,0,20,2050,47,568,20,2618,California
San Benito,2021-01-26,138,3325,41,1498,97,1827,0,0,85,2082,53,621,85,2703,California
San Benito,2021-01-27,229,3554,69,1567,160,1987,0,0,189,2231,40,661,189,2892,California
San Benito,2021-01-28,155,3709,32,1599,123,2110,0,0,123,2323,31,692,123,3015,California
San Benito,2021-01-29,290,3999,32,1631,258,2368,0,0,266,2566,23,715,266,3281,California
San Benito,2021-01-30,50,4049,32,1663,18,2386,0,0,27,2570,23,738,27,3308,California
San Benito,2021-01-31,16,4065,5,1668,11,2397,0,0,11,2576,5,743,11,3319,California
San Benito,2021-02-01,133,4198,28,1696,105,2502,0,0,89,2621,44,787,89,3408,California
San Benito,2021-02-02,227,4425,49,1745,178,2680,0,0,137,2668,90,877,137,3545,California
San Benito,2021-02-03,340,4765,42,1787,298,2978,0,0,274,2876,66,943,274,3819,California
San Benito,2021-02-04,164,4929,24,1811,140,3118,0,0,120,2952,44,987,120,3939,California
San Benito,2021-02-05,292,5221,40,1851,252,3370,0,0,229,3118,63,1050,229,4168,California
San Benito,2021-02-06,48,5269,8,1859,40,3410,0,0,31,3132,17,1067,31,4199,California
San Benito,2021-02-07,16,5285,8,1867,8,3418,0,0,15,3146,1,1068,15,4214,California
San Benito,2021-02-08,139,5424,16,1883,123,3541,0,0,93,3193,46,1114,93,4307,California
San Benito,2021-02-09,326,5750,63,1946,263,3804,0,0,194,3255,132,1246,194,4501,California
San Benito,2021-02-10,322,6072,89,2035,233,4037,0,0,113,3160,208,1454,113,4614,California
San Benito,2021-02-11,299,6371,33,2068,266,4303,0,0,201,3263,98,1552,201,4815,California
San Benito,2021-02-12,414,6785,31,2099,383,4686,0,0,208,3266,205,1757,208,5023,California
San Benito,2021-02-13,56,6841,7,2106,49,4735,0,0,43,3296,13,1770,43,5066,California
San Benito,2021-02-14,41,6882,5,2111,36,4771,0,0,31,3317,10,1780,31,5097,California
San Benito,2021-02-15,106,6988,10,2121,96,4867,0,0,95,3401,11,1791,95,5192,California
San Benito,2021-02-16,207,7195,11,2132,196,5063,0,0,102,3398,105,1896,102,5294,California
San Benito,2021-02-17,328,7523,29,2161,299,5362,0,0,279,3628,49,1945,279,5573,California
San Benito,2021-02-18,293,7816,37,2198,256,5618,0,0,71,3477,222,2167,71,5644,California
San Benito,2021-02-19,346,8162,47,2245,299,5917,0,0,180,3491,166,2333,180,5824,California
San Benito,2021-02-20,45,8207,26,2271,19,5936,0,0,36,3518,9,2342,36,5860,California
San Benito,2021-02-21,24,8231,8,2279,16,5952,0,0,14,3522,10,2352,14,5874,California
San Benito,2021-02-22,135,8366,36,2315,99,6051,0,0,101,3590,33,2385,101,5975,California
San Benito,2021-02-23,379,8745,94,2409,285,6336,0,0,263,3737,116,2501,263,6238,California
San Benito,2021-02-24,378,9123,65,2474,313,6649,0,0,239,3837,139,2640,239,6477,California
San Benito,2021-02-25,394,9517,64,2538,330,6979,0,0,273,3987,123,2763,273,6750,California
San Benito,2021-02-26,647,10164,72,2610,575,7554,0,0,400,4140,247,3010,400,7150,California
San Benito,2021-02-27,100,10264,39,2649,61,7615,0,0,86,4212,14,3024,86,7236,California
San Benito,2021-02-28,247,10511,23,2672,224,7839,0,0,238,4441,9,3033,238,7474,California
San Benito,2021-03-01,226,10737,58,2730,168,8007,0,0,156,4526,71,3104,156,7630,California
San Benito,2021-03-02,279,11016,93,2823,186,8193,0,0,209,4665,70,3174,209,7839,California
San Benito,2021-03-03,403,11419,60,2883,343,8536,0,0,224,4712,177,3351,224,8063,California
San Benito,2021-03-04,617,12036,127,3010,475,9011,15,15,431,4961,186,3537,435,8498,California
San Benito,2021-03-05,586,12622,306,3316,268,9279,12,27,375,5139,209,3746,387,8885,California
San Benito,2021-03-06,194,12816,70,3386,110,9389,14,41,142,5243,52,3798,156,9041,California
San Benito,2021-03-07,650,13466,605,3991,22,9411,23,64,617,5850,33,3831,640,9681,California
San Benito,2021-03-08,290,13756,67,4058,176,9587,47,111,167,5941,123,3954,214,9895,California
San Benito,2021-03-09,426,14182,84,4142,243,9830,99,210,139,5866,286,4240,211,10106,California
San Benito,2021-03-10,404,14586,113,4255,194,10024,97,307,231,6021,173,4413,328,10434,California
San Benito,2021-03-11,473,15059,120,4375,199,10223,154,461,209,6120,264,4677,363,10797,California
San Benito,2021-03-12,518,15577,121,4496,303,10526,94,555,233,6165,283,4960,328,11125,California
San Benito,2021-03-13,202,15779,101,4597,83,10609,18,573,128,6240,71,5031,146,11271,California
San Benito,2021-03-14,232,16011,40,4637,172,10781,20,593,179,6387,52,5083,199,11470,California
San Benito,2021-03-15,325,16336,101,4738,205,10986,19,612,191,6463,134,5217,210,11680,California
San Benito,2021-03-16,501,16837,221,4959,249,11235,31,643,352,6696,149,5366,382,12062,California
San Benito,2021-03-17,791,17628,477,5436,292,11527,22,665,561,7045,226,5592,575,12637,California
San Benito,2021-03-18,790,18418,527,5963,207,11734,56,721,573,7450,215,5807,620,13257,California
San Benito,2021-03-19,781,19199,404,6367,354,12088,23,744,580,7852,201,6008,603,13860,California
San Benito,2021-03-20,247,19446,152,6519,83,12171,12,756,188,7993,59,6067,200,14060,California
San Benito,2021-03-21,109,19555,56,6575,48,12219,5,761,82,8053,27,6094,87,14147,California
San Benito,2021-03-22,351,19906,171,6746,155,12374,25,786,224,8175,127,6221,249,14396,California
San Benito,2021-03-23,480,20386,202,6948,268,12642,10,796,218,8140,262,6483,227,14623,California
San Benito,2021-03-24,575,20961,305,7253,263,12905,7,803,361,8295,213,6696,368,14991,California
San Benito,2021-03-25,743,21704,441,7694,298,13203,4,807,441,8442,298,6994,445,15436,California
San Benito,2021-03-26,1020,22724,518,8212,498,13701,4,811,338,8103,681,7675,342,15778,California
San Benito,2021-03-27,336,23060,187,8399,116,13817,33,844,215,8232,120,7795,249,16027,California
San Benito,2021-03-28,732,23792,608,9007,119,13936,5,849,128,7761,604,8399,133,16160,California
San Benito,2021-03-29,344,24136,109,9116,215,14151,20,869,148,7732,196,8595,167,16327,California
San Benito,2021-03-30,577,24713,273,9389,210,14361,94,963,292,7833,285,8880,386,16713,California
San Benito,2021-03-31,597,25310,367,9756,206,14567,24,987,343,7949,251,9131,367,17080,California
San Benito,2021-04-01,948,26258,383,10139,527,15094,38,1025,567,8170,380,9511,601,17681,California
San Benito,2021-04-02,542,26800,263,10402,144,15238,135,1160,267,8298,275,9786,403,18084,California
San Benito,2021-04-03,255,27055,88,10490,104,15342,63,1223,75,8256,180,9966,138,18222,California
San Benito,2021-04-04,143,27198,108,10598,30,15372,5,1228,106,8330,37,10003,111,18333,California
San Benito,2021-04-05,352,27550,170,10768,140,15512,42,1270,143,8305,209,10212,184,18517,California
San Benito,2021-04-06,471,28021,164,10932,128,15640,179,1449,159,8331,312,10524,338,18855,California
San Benito,2021-04-07,946,28967,530,11462,227,15867,189,1638,268,8115,676,11200,460,19315,California
San Benito,2021-04-08,864,29831,433,11895,178,16045,253,1891,226,7958,637,11837,480,19795,California
San Benito,2021-04-09,846,30677,500,12395,254,16299,92,1983,293,7792,553,12390,387,20182,California
San Benito,2021-04-10,340,31017,204,12599,77,16376,59,2042,191,7893,149,12539,250,20432,California
San Benito,2021-04-11,475,31492,270,12869,171,16547,34,2076,265,7965,210,12749,282,20714,California
San Benito,2021-04-12,530,32022,285,13154,133,16680,112,2188,277,8098,252,13001,385,21099,California
San Benito,2021-04-13,754,32776,292,13446,439,17119,23,2211,522,8413,231,13232,546,21645,California
San Benito,2021-04-14,832,33608,654,14100,178,17297,0,2211,395,8376,432,13664,395,22040,California
San Benito,2021-04-15,942,34550,734,14834,207,17504,1,2212,469,8375,471,14135,470,22510,California
San Benito,2021-04-16,704,35254,368,15202,327,17831,9,2221,296,8276,405,14540,306,22816,California
San Benito,2021-04-17,321,35575,226,15428,95,17926,0,2221,130,8213,193,14733,130,22946,California
San Benito,2021-04-18,491,36066,410,15838,81,18007,0,2221,235,8195,255,14988,237,23183,California
San Benito,2021-04-19,736,36802,590,16428,146,18153,0,2221,416,8293,319,15307,417,23600,California
San Benito,2021-04-20,768,37570,398,16826,368,18521,2,2223,486,8503,277,15584,487,24087,California
San Benito,2021-04-21,953,38523,702,17528,251,18772,0,2223,513,8590,426,16010,513,24600,California
San Benito,2021-04-22,896,39419,691,18219,205,18977,0,2223,565,8832,323,16333,565,25165,California
San Benito,2021-04-23,635,40054,397,18616,237,19214,1,2224,342,8930,244,16577,342,25507,California
San Benito,2021-04-24,360,40414,203,18819,157,19371,0,2224,168,8945,153,16730,168,25675,California
San Benito,2021-04-25,205,40619,127,18946,78,19449,0,2224,95,8948,92,16822,95,25770,California
San Benito,2021-04-26,479,41098,383,19329,96,19545,0,2224,253,9035,166,16988,253,26023,California
San Benito,2021-04-27,539,41637,277,19606,255,19800,7,2231,403,9320,125,17113,410,26433,California
San Benito,2021-04-28,541,42178,384,19990,148,19948,9,2240,379,9550,157,17270,387,26820,California
San Benito,2021-04-29,628,42806,231,20221,387,20335,10,2250,249,9447,379,17649,276,27096,California
San Benito,2021-04-30,376,43182,208,20429,161,20496,7,2257,202,9484,172,17821,209,27305,California
San Benito,2021-05-01,197,43379,143,20572,45,20541,9,2266,66,9430,129,17950,75,27380,California
San Benito,2021-05-02,189,43568,161,20733,24,20565,4,2270,58,9361,131,18081,62,27442,California
San Benito,2021-05-03,355,43923,281,21014,65,20630,9,2279,85,9187,270,18351,96,27538,California
San Benito,2021-05-04,403,44326,243,21257,152,20782,8,2287,148,9089,253,18604,155,27693,California
San Benito,2021-05-05,600,44926,422,21679,162,20944,16,2303,209,8925,389,18993,225,27918,California
San Benito,2021-05-06,612,45538,485,22164,112,21056,15,2318,222,8776,386,19379,237,28155,California
San Benito,2021-05-07,446,45984,283,22447,153,21209,10,2328,171,8687,273,19652,184,28339,California
San Benito,2021-05-08,276,46260,225,22672,46,21255,5,2333,158,8732,118,19770,163,28502,California
San Benito,2021-05-09,101,46361,76,22748,22,21277,3,2336,48,8731,52,19822,51,28553,California
San Benito,2021-05-10,410,46771,323,23071,63,21340,24,2360,51,8448,359,20181,76,28629,California
San Benito,2021-05-11,806,47577,401,23472,392,21732,13,2373,177,8012,627,20808,191,28820,California
San Benito,2021-05-12,482,48059,386,23858,84,21816,12,2385,111,7767,369,21177,124,28944,California
San Benito,2021-05-13,660,48719,564,24422,86,21902,10,2395,166,7451,491,21668,175,29119,California
San Benito,2021-05-14,595,49314,439,24861,149,22051,7,2402,230,7324,364,22032,237,29356,California
San Benito,2021-05-15,229,49543,172,25033,50,22101,7,2409,127,7356,102,22134,134,29490,California
San Benito,2021-05-16,161,49704,133,25166,26,22127,2,2411,92,7381,69,22203,94,29584,California
San Benito,2021-05-17,378,50082,308,25474,61,22188,9,2420,175,7363,202,22405,184,29768,California
San Benito,2021-05-18,664,50746,345,25819,314,22502,5,2425,207,7119,457,22862,213,29981,California
San Benito,2021-05-19,565,51311,415,26234,142,22644,8,2433,234,7031,330,23192,242,30223,California
San Benito,2021-05-20,563,51874,454,26688,98,22742,11,2444,309,7098,253,23445,320,30543,California
San Benito,2021-05-21,433,52307,257,26945,162,22904,14,2458,201,7083,231,23676,216,30759,California
San Benito,2021-05-22,273,52580,214,27159,55,22959,4,2462,176,7168,96,23772,181,30940,California
San Benito,2021-05-23,68,52648,46,27205,17,22976,5,2467,24,7152,44,23816,28,30968,California
San Benito,2021-05-24,279,52927,236,27441,39,23015,4,2471,172,7221,107,23923,176,31144,California
San Benito,2021-05-25,518,53445,232,27673,279,23294,7,2478,166,7044,350,24273,173,31317,California
San Benito,2021-05-26,278,53723,176,27849,96,23390,6,2484,111,6994,166,24439,116,31433,California
San Benito,2021-05-27,399,54122,302,28151,72,23462,25,2509,147,6918,251,24690,175,31608,California
San Benito,2021-05-28,273,54395,165,28316,102,23564,6,2515,102,6856,170,24860,108,31716,California
San Benito,2021-05-29,145,54540,122,28438,21,23585,2,2517,61,6835,84,24944,63,31779,California
San Benito,2021-05-30,268,54808,252,28690,16,23601,0,2517,91,6751,175,25119,91,31870,California
San Benito,2021-05-31,97,54905,85,28775,10,23611,2,2519,40,6737,56,25175,42,31912,California
San Benito,2021-06-01,260,55165,108,28883,124,23735,28,2547,89,6683,170,25345,116,32028,California
San Benito,2021-06-02,178,55343,130,29013,46,23781,2,2549,39,6585,139,25484,41,32069,California
San Bernardino,2020-12-15,13,13,13,13,0,0,0,0,13,13,0,0,13,13,California
San Bernardino,2020-12-16,113,126,113,126,0,0,0,0,113,126,0,0,113,126,California
San Bernardino,2020-12-17,2369,2495,2369,2495,0,0,0,0,2369,2495,0,0,2369,2495,California
San Bernardino,2020-12-18,3151,5646,3148,5643,3,3,0,0,3152,5647,0,0,3152,5647,California
San Bernardino,2020-12-19,1070,6716,1069,6712,1,4,0,0,1071,6718,0,0,1071,6718,California
San Bernardino,2020-12-20,1178,7894,1175,7887,3,7,0,0,1178,7896,0,0,1178,7896,California
San Bernardino,2020-12-21,2458,10352,2453,10340,5,12,0,0,2458,10354,0,0,2458,10354,California
San Bernardino,2020-12-22,2278,12630,2149,12489,129,141,0,0,2279,12633,0,0,2279,12633,California
San Bernardino,2020-12-23,2669,15299,1464,13953,1205,1346,0,0,2667,15300,0,0,2667,15300,California
San Bernardino,2020-12-24,1163,16462,583,14536,580,1926,0,0,1165,16465,0,0,1165,16465,California
San Bernardino,2020-12-25,75,16537,14,14550,61,1987,0,0,75,16540,0,0,75,16540,California
San Bernardino,2020-12-26,462,16999,254,14804,208,2195,0,0,462,17002,0,0,462,17002,California
San Bernardino,2020-12-27,348,17347,162,14966,186,2381,0,0,348,17350,0,0,348,17350,California
San Bernardino,2020-12-28,1572,18919,712,15678,860,3241,0,0,1573,18923,0,0,1573,18923,California
San Bernardino,2020-12-29,2214,21133,1042,16720,1172,4413,0,0,2214,21137,0,0,2214,21137,California
San Bernardino,2020-12-30,2894,24027,1458,18178,1436,5849,0,0,2895,24032,0,0,2895,24032,California
San Bernardino,2020-12-31,1359,25386,439,18617,920,6769,0,0,1357,25389,0,0,1357,25389,California
San Bernardino,2021-01-01,284,25670,151,18768,133,6902,0,0,283,25672,0,0,283,25672,California
San Bernardino,2021-01-02,478,26148,340,19108,138,7040,0,0,478,26150,0,0,478,26150,California
San Bernardino,2021-01-03,136,26284,88,19196,48,7088,0,0,136,26286,0,0,136,26286,California
San Bernardino,2021-01-04,2125,28409,1287,20483,838,7926,0,0,2124,28410,0,0,2124,28410,California
San Bernardino,2021-01-05,2334,30743,1463,21946,871,8797,0,0,2224,30525,109,109,2224,30634,California
San Bernardino,2021-01-06,3437,34180,2350,24296,1087,9884,0,0,2939,32973,492,601,2940,33574,California
San Bernardino,2021-01-07,5418,39598,4506,28802,912,10796,0,0,2468,32510,2931,3532,2468,36042,California
San Bernardino,2021-01-08,5368,44966,4448,33250,920,11716,0,0,2287,31721,3077,6609,2288,38330,California
San Bernardino,2021-01-09,1405,46371,1102,34352,303,12019,0,0,906,32128,499,7108,906,39236,California
San Bernardino,2021-01-10,1027,47398,611,34963,416,12435,0,0,578,32257,449,7557,578,39814,California
San Bernardino,2021-01-11,4985,52383,4077,39040,908,13343,0,0,2768,32812,2213,9770,2768,42582,California
San Bernardino,2021-01-12,4229,56612,3211,42251,1018,14361,0,0,2514,33612,1714,11484,2514,45096,California
San Bernardino,2021-01-13,4571,61183,2849,45100,1722,16083,0,0,3349,35752,1210,12694,3350,48446,California
San Bernardino,2021-01-14,4817,66000,2840,47940,1977,18060,0,0,4236,39411,577,13271,4236,52682,California
San Bernardino,2021-01-15,5968,71968,2954,50894,3014,21074,0,0,5570,44596,388,13659,5573,58255,California
San Bernardino,2021-01-16,2255,74223,1287,52181,968,22042,0,0,2113,46567,142,13801,2113,60368,California
San Bernardino,2021-01-17,1184,75407,508,52689,676,22718,0,0,1101,47588,82,13883,1103,61471,California
San Bernardino,2021-01-18,4268,79675,2637,55326,1631,24349,0,0,3644,50612,623,14506,3647,65118,California
San Bernardino,2021-01-19,6319,85994,3706,59032,2613,26962,0,0,5233,54763,1084,15590,5235,70353,California
San Bernardino,2021-01-20,6844,92838,3768,62800,3076,30038,0,0,4895,57719,1941,17531,4897,75250,California
San Bernardino,2021-01-21,5990,98828,3079,65879,2911,32949,0,0,4871,61483,1110,18641,4874,80124,California
San Bernardino,2021-01-22,6530,105358,3052,68931,3478,36427,0,0,5805,66566,723,19364,5806,85930,California
San Bernardino,2021-01-23,3121,108479,1896,70827,1225,37652,0,0,2730,68906,390,19754,2730,88660,California
San Bernardino,2021-01-24,1195,109674,461,71288,734,38386,0,0,1094,69899,101,19855,1094,89754,California
San Bernardino,2021-01-25,6890,116564,3407,74695,3483,41869,0,0,5052,73119,1835,21690,5055,94809,California
San Bernardino,2021-01-26,7077,123641,3534,78229,3543,45412,0,0,4977,75998,2099,23789,4978,99787,California
San Bernardino,2021-01-27,8520,132161,4143,82372,4377,49789,0,0,5719,78924,2793,26582,5719,105506,California
San Bernardino,2021-01-28,8596,140757,4078,86450,4518,54307,0,0,6274,82881,2317,28899,6274,111780,California
San Bernardino,2021-01-29,8199,148956,3771,90221,4428,58735,0,0,6224,87145,1961,30860,6225,118005,California
San Bernardino,2021-01-30,3094,152050,1900,92121,1194,59929,0,0,2805,89662,288,31148,2805,120810,California
San Bernardino,2021-01-31,926,152976,493,92614,433,60362,0,0,872,90481,53,31201,872,121682,California
San Bernardino,2021-02-01,7586,160562,4253,96867,3333,63695,0,0,4953,92805,2630,33831,4954,126636,California
San Bernardino,2021-02-02,10453,171015,3657,100524,6796,70491,0,0,8393,99143,2056,35887,8394,135030,California
San Bernardino,2021-02-03,9011,180026,4149,104673,4862,75353,0,0,6509,103159,2494,38381,6510,141540,California
San Bernardino,2021-02-04,10526,190552,5187,109860,5339,80692,0,0,7425,107494,3090,41471,7425,148965,California
San Bernardino,2021-02-05,11014,201566,5909,115769,5105,85797,0,0,7492,111476,3511,44982,7493,156458,California
San Bernardino,2021-02-06,5265,206831,2213,117982,3052,88849,0,0,3635,113508,1606,46588,3638,160096,California
San Bernardino,2021-02-07,843,207674,489,118471,354,89203,0,0,468,113605,372,46960,469,160565,California
San Bernardino,2021-02-08,7285,214959,3883,122354,3402,92605,0,0,5616,117554,1667,48627,5616,166181,California
San Bernardino,2021-02-09,10142,225101,5906,128260,4236,96841,0,0,6843,121103,3297,51924,6846,173027,California
San Bernardino,2021-02-10,12086,237187,6455,134715,5631,102472,0,0,7966,124961,4109,56033,7967,180994,California
San Bernardino,2021-02-11,12449,249636,7139,141854,5310,107782,0,0,7936,128410,4490,60523,7939,188933,California
San Bernardino,2021-02-12,10430,260066,5947,147801,4483,112265,0,0,5691,129379,4722,65245,5691,194624,California
San Bernardino,2021-02-13,6049,266115,4021,151822,2028,114293,0,0,3809,130969,2224,67469,3814,198438,California
San Bernardino,2021-02-14,1553,267668,649,152471,904,115197,0,0,873,131169,673,68142,873,199311,California
San Bernardino,2021-02-15,5478,273146,2995,155466,2483,117680,0,0,3062,131829,2402,70544,3062,202373,California
San Bernardino,2021-02-16,12626,285772,7382,162848,5244,122924,0,0,7973,135162,4641,75185,7974,210347,California
San Bernardino,2021-02-17,11813,297585,6464,169312,5349,128273,0,0,7148,137664,4648,79833,7150,217497,California
San Bernardino,2021-02-18,12489,310074,7585,176897,4904,133177,0,0,7703,140596,4772,84605,7704,225201,California
San Bernardino,2021-02-19,11531,321605,5933,182830,5598,138775,0,0,6815,142715,4696,89301,6815,232016,California
San Bernardino,2021-02-20,4523,326128,3470,186300,1053,139828,0,0,2041,142280,2478,91779,2043,234059,California
San Bernardino,2021-02-21,1132,327260,673,186973,459,140287,0,0,393,141936,739,92518,395,234454,California
San Bernardino,2021-02-22,8676,335936,5343,192316,3333,143620,0,0,4044,141361,4621,97139,4046,238500,California
San Bernardino,2021-02-23,9135,345071,5451,197767,3684,147304,0,0,4598,141447,4512,101651,4598,243098,California
San Bernardino,2021-02-24,12453,357524,7178,204945,5275,152579,0,0,6150,141315,6283,107934,6151,249249,California
San Bernardino,2021-02-25,13082,370606,6281,211226,6801,159380,0,0,7614,143481,5451,113385,7617,256866,California
San Bernardino,2021-02-26,13619,384225,6381,217607,7238,166618,0,0,7583,145092,5974,119359,7585,264451,California
San Bernardino,2021-02-27,6668,390893,3727,221334,2940,169558,1,1,4814,148062,1845,121204,4815,269266,California
San Bernardino,2021-02-28,1766,392659,732,222066,1034,170592,0,1,1137,148575,624,121828,1137,270403,California
San Bernardino,2021-03-01,8460,401119,4361,226427,4096,174688,3,4,3842,147833,4595,126423,3853,274256,California
San Bernardino,2021-03-02,13864,414983,5542,231969,8322,183010,0,4,6545,147093,7288,133711,6548,280804,California
San Bernardino,2021-03-03,12902,427885,6542,238511,6357,189367,3,7,6028,146278,6853,140564,6038,286842,California
San Bernardino,2021-03-04,13766,441651,6913,245424,6853,196220,0,7,5982,144501,7763,148327,5986,292828,California
San Bernardino,2021-03-05,14421,456072,7543,252967,6877,203097,1,8,7042,144215,7347,155674,7061,299889,California
San Bernardino,2021-03-06,9729,465801,5458,258425,4047,207144,224,232,4546,143818,5165,160839,4768,304657,California
San Bernardino,2021-03-07,1667,467468,1005,259430,592,207736,70,302,1049,144321,616,161455,1119,305776,California
San Bernardino,2021-03-08,8092,475560,3576,263006,4345,212081,171,473,3595,143601,4489,165944,3769,309545,California
San Bernardino,2021-03-09,13080,488640,7486,270492,5349,217430,245,718,5273,141327,7793,173737,5519,315064,California
San Bernardino,2021-03-10,14217,502857,7853,278345,5808,223238,556,1274,6365,140426,7825,181562,6924,321988,California
San Bernardino,2021-03-11,15625,518482,7242,285587,6794,230032,1589,2863,7395,141195,8209,189771,8978,330966,California
San Bernardino,2021-03-12,15564,534046,6940,292527,6576,236608,2048,4911,7368,142496,8166,197937,9467,340433,California
San Bernardino,2021-03-13,8390,542436,4583,297110,3294,239902,513,5424,4980,144598,3399,201336,5501,345934,California
San Bernardino,2021-03-14,3285,545721,1662,298772,1042,240944,581,6005,1834,145563,1444,202780,2409,348343,California
San Bernardino,2021-03-15,11396,557117,5375,304147,3987,244931,2034,8039,5583,147374,5798,208578,7609,355952,California
San Bernardino,2021-03-16,16225,573342,8033,312180,7246,252177,946,8985,9918,151954,6280,214858,10860,366812,California
San Bernardino,2021-03-17,17388,590730,8646,320826,7993,260170,749,9734,10542,156419,6827,221685,11292,378104,California
San Bernardino,2021-03-18,16630,607360,8230,329056,8013,268183,387,10121,9851,159902,6753,228438,10236,388340,California
San Bernardino,2021-03-19,16983,624343,8430,337486,7964,276147,589,10710,9759,163103,7199,235637,10400,398740,California
San Bernardino,2021-03-20,9445,633788,5962,343448,2893,279040,590,11300,5589,165447,3831,239468,6175,404915,California
San Bernardino,2021-03-21,2795,636583,2275,345723,470,279510,50,11350,2251,167217,531,239999,2301,407216,California
San Bernardino,2021-03-22,9626,646209,4528,350251,4660,284170,438,11788,6973,171995,2632,242631,7410,414626,California
San Bernardino,2021-03-23,15504,661713,8800,359051,6085,290255,619,12407,9599,176328,5884,248515,10217,424843,California
San Bernardino,2021-03-24,15172,676885,7842,366893,7025,297280,305,12712,10078,181653,5059,253574,10384,435227,California
San Bernardino,2021-03-25,17041,693926,8366,375259,8375,305655,300,13012,10797,186552,6194,259768,11093,446320,California
San Bernardino,2021-03-26,18212,712138,8685,383944,8756,314411,771,13783,10900,190942,7282,267050,11672,457992,California
San Bernardino,2021-03-27,10853,722991,7015,390959,3086,317497,752,14535,6190,193240,4643,271693,6941,464933,California
San Bernardino,2021-03-28,3622,726613,2550,393509,959,318456,113,14648,2511,194762,1101,272794,2623,467556,California
San Bernardino,2021-03-29,11781,738394,6122,399631,5258,323714,401,15049,7961,199322,3802,276596,8362,475918,California
San Bernardino,2021-03-30,16998,755392,9486,409117,6795,330509,717,15766,10537,204144,6423,283019,11245,487163,California
San Bernardino,2021-03-31,16612,772004,9347,418464,6627,337136,638,16404,10929,210061,5654,288673,11571,498734,California
San Bernardino,2021-04-01,19803,791807,10463,428927,7924,345060,1416,17820,12747,217205,7013,295686,14157,512891,California
San Bernardino,2021-04-02,18921,810728,9540,438467,8087,353147,1294,19114,11433,222516,7459,303145,12770,525661,California
San Bernardino,2021-04-03,11166,821894,6985,445452,3042,356189,1139,20253,6068,224639,5080,308225,7203,532864,California
San Bernardino,2021-04-04,2499,824393,1505,446957,745,356934,249,20502,1258,224911,1235,309460,1507,534371,California
San Bernardino,2021-04-05,11791,836184,5296,452253,4759,361693,1736,22238,6016,226904,5755,315215,7748,542119,California
San Bernardino,2021-04-06,19764,855948,11121,463374,6525,368218,2118,24356,10446,230201,9273,324488,12570,554689,California
San Bernardino,2021-04-07,21013,876961,11247,474621,7275,375493,2491,26847,11456,234632,9528,334016,13959,568648,California
San Bernardino,2021-04-08,21949,898910,11233,485854,8099,383592,2617,29464,12073,239534,9850,343866,14752,583400,California
San Bernardino,2021-04-09,21799,920709,11094,496948,8134,391726,2571,32035,11868,244108,9896,353762,14470,597870,California
San Bernardino,2021-04-10,15688,936397,8122,505070,3833,395559,3733,35768,7764,247711,7904,361666,11507,609377,California
San Bernardino,2021-04-11,4425,940822,2578,507648,888,396447,959,36727,2029,248305,2390,364056,2984,612361,California
San Bernardino,2021-04-12,13410,954232,6195,513843,5551,401998,1664,38391,6334,249245,7055,371111,7995,620356,California
San Bernardino,2021-04-13,19268,973500,10976,524819,8272,410270,20,38411,11023,252082,8219,379330,11056,631412,California
San Bernardino,2021-04-14,19235,992735,10285,535104,8947,419217,3,38414,10862,254617,8341,387671,10876,642288,California
San Bernardino,2021-04-15,20262,1012997,11323,546427,8933,428150,6,38420,10745,255890,9478,397149,10751,653039,California
San Bernardino,2021-04-16,18576,1031573,10539,556966,8036,436186,1,38421,9125,255608,9407,406556,9125,662164,California
San Bernardino,2021-04-17,11921,1043494,7846,564812,4075,440261,0,38421,6230,256182,5656,412212,6230,668394,California
San Bernardino,2021-04-18,2885,1046379,1980,566792,905,441166,0,38421,1265,255839,1608,413820,1265,669659,California
San Bernardino,2021-04-19,12533,1058912,6682,573474,5851,447017,0,38421,4860,253052,7651,421471,4864,674523,California
San Bernardino,2021-04-20,17606,1076518,9815,583289,7788,454805,3,38424,8041,251558,9539,431010,8045,682568,California
San Bernardino,2021-04-21,18100,1094618,10329,593618,7768,462573,3,38427,7923,249367,10117,441127,7926,690494,California
San Bernardino,2021-04-22,19185,1113803,10966,604584,8215,470788,4,38431,7793,245828,11336,452463,7797,698291,California
San Bernardino,2021-04-23,18474,1132277,10572,615156,7901,478689,1,38432,8051,243505,10377,462840,8054,706345,California
San Bernardino,2021-04-24,12825,1145102,9477,624633,3346,482035,2,38434,6890,244477,5920,468760,6892,713237,California
San Bernardino,2021-04-25,3397,1148499,2226,626859,1171,483206,0,38434,1678,244452,1704,470464,1679,714916,California
San Bernardino,2021-04-26,10508,1159007,5631,632490,4788,487994,89,38523,4448,242963,6025,476489,4536,719452,California
San Bernardino,2021-04-27,15933,1174940,9611,642101,6151,494145,171,38694,6509,240260,9382,485871,6679,726131,California
San Bernardino,2021-04-28,14682,1189622,8716,650817,5691,499836,275,38969,5270,236412,9384,495255,5536,731667,California
San Bernardino,2021-04-29,16176,1205798,9317,660134,6590,506426,269,39238,5368,231269,10776,506031,5633,737300,California
San Bernardino,2021-04-30,16543,1222341,10444,670578,5819,512245,280,39518,6098,227236,10408,516439,6375,743675,California
San Bernardino,2021-05-01,10713,1233054,8404,678982,2000,514245,309,39827,3691,224212,7020,523459,3996,747671,California
San Bernardino,2021-05-02,2928,1235982,2118,681100,678,514923,132,39959,1043,223508,1877,525336,1173,748844,California
San Bernardino,2021-05-03,10030,1246012,5765,686865,3860,518783,405,40364,2900,219693,7118,532454,3303,752147,California
San Bernardino,2021-05-04,15656,1261668,9514,696379,5688,524471,454,40818,4544,213616,11072,543526,4995,757142,California
San Bernardino,2021-05-05,15319,1276987,8805,705184,6101,530572,413,41231,4329,207409,10945,554471,4738,761880,California
San Bernardino,2021-05-06,15749,1292736,8974,714158,6360,536932,415,41646,4287,200684,11426,565897,4701,766581,California
San Bernardino,2021-05-07,15437,1308173,8670,722828,6392,543324,375,42021,4625,194921,10758,576655,4995,771576,California
San Bernardino,2021-05-08,9183,1317356,6110,728938,2829,546153,244,42265,3133,192282,6015,582670,3376,774952,California
San Bernardino,2021-05-09,1808,1319164,1111,730049,607,546760,90,42355,726,192026,1072,583742,816,775768,California
San Bernardino,2021-05-10,7418,1326582,3417,733466,3686,550446,315,42670,2279,189522,5095,588837,2591,778359,California
San Bernardino,2021-05-11,11879,1338461,6546,740012,5007,555453,326,42996,3724,185456,8117,596954,4051,782410,California
San Bernardino,2021-05-12,12003,1350464,6391,746403,5323,560776,289,43285,3433,180649,8525,605479,3718,786128,California
San Bernardino,2021-05-13,12457,1362921,7391,753794,4725,565501,341,43626,4770,178111,7643,613122,5105,791233,California
San Bernardino,2021-05-14,13584,1376505,9028,762822,4222,569723,334,43960,5652,176223,7874,620996,5986,797219,California
San Bernardino,2021-05-15,11220,1387725,8319,771141,2713,572436,188,44148,4502,174222,6686,627682,4685,801904,California
San Bernardino,2021-05-16,2766,1390491,2039,773180,666,573102,61,44209,1311,174155,1438,629120,1371,803275,California
San Bernardino,2021-05-17,9897,1400388,6732,779912,2893,575995,272,44481,4619,173808,5241,634361,4894,808169,California
San Bernardino,2021-05-18,13295,1413683,8768,788680,4272,580267,255,44736,6167,173133,7093,641454,6418,814587,California
San Bernardino,2021-05-19,11468,1425151,7183,795863,3912,584179,373,45109,5345,172765,6083,647537,5715,820302,California
San Bernardino,2021-05-20,9943,1435094,5859,801722,3786,587965,298,45407,4481,172114,5427,652964,4776,825078,California
San Bernardino,2021-05-21,10795,1445889,7148,808870,3296,591261,351,45758,4720,171153,6031,658995,5070,830148,California
San Bernardino,2021-05-22,7313,1453202,5571,814441,1550,592811,192,45950,3651,171368,3626,662621,3841,833989,California
San Bernardino,2021-05-23,1285,1454487,827,815268,385,593196,73,46023,650,171462,629,663250,723,834712,California
San Bernardino,2021-05-24,6575,1461062,4127,819395,2155,595351,293,46316,2971,171164,3561,666811,3263,837975,California
San Bernardino,2021-05-25,9183,1470245,5626,825021,3296,598647,261,46577,4140,170550,5015,671826,4401,842376,California
San Bernardino,2021-05-26,8008,1478253,5091,830112,2688,601335,229,46806,3716,170231,4257,676083,3938,846314,California
San Bernardino,2021-05-27,7482,1485735,4559,834671,2692,604027,231,47037,3426,169871,4014,680097,3654,849968,California
San Bernardino,2021-05-28,8626,1494361,5363,840034,2985,607012,278,47315,4286,170140,4296,684393,4565,854533,California
San Bernardino,2021-05-29,4795,1499156,3208,843242,1479,608491,108,47423,2482,170433,2296,686689,2589,857122,California
San Bernardino,2021-05-30,1714,1500870,1218,844460,433,608924,63,47486,901,170589,807,687496,963,858085,California
San Bernardino,2021-05-31,891,1501761,555,845015,315,609239,21,47507,320,170362,568,688064,341,858426,California
San Bernardino,2021-06-01,7686,1509447,4776,849791,2701,611940,209,47716,3081,169087,4561,692625,3286,861712,California
San Bernardino,2021-06-02,3232,1512679,2132,851923,919,612859,181,47897,1352,168752,1865,694490,1530,863242,California
San Diego,2020-12-15,119,119,119,119,0,0,0,0,119,119,0,0,119,119,California
San Diego,2020-12-16,1103,1222,1103,1222,0,0,0,0,1103,1222,0,0,1103,1222,California
San Diego,2020-12-17,2350,3572,2350,3572,0,0,0,0,2350,3572,0,0,2350,3572,California
San Diego,2020-12-18,3670,7242,3669,7241,1,1,0,0,3670,7242,0,0,3670,7242,California
San Diego,2020-12-19,2313,9555,2313,9554,0,1,0,0,2313,9555,0,0,2313,9555,California
San Diego,2020-12-20,1187,10742,1186,10740,1,2,0,0,1187,10742,0,0,1187,10742,California
San Diego,2020-12-21,3523,14265,3522,14262,1,3,0,0,3523,14265,0,0,3523,14265,California
San Diego,2020-12-22,4061,18326,3417,17679,644,647,0,0,4061,18326,0,0,4061,18326,California
San Diego,2020-12-23,3183,21509,1979,19658,1204,1851,0,0,3183,21509,0,0,3183,21509,California
San Diego,2020-12-24,2736,24245,2219,21877,517,2368,0,0,2736,24245,0,0,2736,24245,California
San Diego,2020-12-25,876,25121,875,22752,1,2369,0,0,876,25121,0,0,876,25121,California
San Diego,2020-12-26,3294,28415,2143,24895,1151,3520,0,0,3294,28415,0,0,3294,28415,California
San Diego,2020-12-27,2510,30925,1619,26514,891,4411,0,0,2509,30923,1,1,2509,30924,California
San Diego,2020-12-28,5912,36837,4225,30739,1687,6098,0,0,5912,36835,0,1,5912,36836,California
San Diego,2020-12-29,5572,42409,2999,33738,2573,8671,0,0,5572,42407,0,1,5572,42408,California
San Diego,2020-12-30,5943,48352,3099,36837,2844,11515,0,0,5943,48350,0,1,5943,48351,California
San Diego,2020-12-31,3038,51390,1054,37891,1984,13499,0,0,3038,51388,0,1,3038,51389,California
San Diego,2021-01-01,1006,52396,452,38343,554,14053,0,0,1006,52394,0,1,1006,52395,California
San Diego,2021-01-02,3746,56142,1304,39647,2442,16495,0,0,3746,56140,0,1,3746,56141,California
San Diego,2021-01-03,859,57001,633,40280,226,16721,0,0,858,56998,0,1,858,56999,California
San Diego,2021-01-04,3702,60703,2049,42329,1653,18374,0,0,3695,60693,0,1,3695,60694,California
San Diego,2021-01-05,4377,65080,2185,44514,2192,20566,0,0,3760,63853,613,614,3773,64467,California
San Diego,2021-01-06,4947,70027,2290,46804,2657,23223,0,0,3720,66382,1204,1818,3733,68200,California
San Diego,2021-01-07,5666,75693,2984,49788,2682,25905,0,0,3521,67795,2137,3955,3550,71750,California
San Diego,2021-01-08,7866,83559,4941,54729,2925,28830,0,0,4093,68173,3756,7711,4134,75884,California
San Diego,2021-01-09,3501,87060,1941,56670,1560,30390,0,0,1955,68608,1534,9245,1969,77853,California
San Diego,2021-01-10,1882,88942,1294,57964,588,30978,0,0,781,68314,1089,10334,795,78648,California
San Diego,2021-01-11,10335,99277,5861,63825,4474,35452,0,0,6821,71670,3507,13841,6863,85511,California
San Diego,2021-01-12,11199,110476,5313,69138,5886,41338,0,0,7841,76299,3349,17190,7978,93489,California
San Diego,2021-01-13,11513,121989,5054,74192,6459,47797,0,0,8990,82819,2511,19701,9031,102520,California
San Diego,2021-01-14,12366,134355,4746,78938,7620,55417,0,0,10206,90920,2152,21853,10253,112773,California
San Diego,2021-01-15,15133,149488,5355,84293,9778,65195,0,0,12492,100847,2622,24475,12549,125322,California
San Diego,2021-01-16,10775,160263,3594,87887,7181,72376,0,0,9330,108772,1440,25915,9365,134687,California
San Diego,2021-01-17,8684,168947,2498,90385,6186,78562,0,0,7844,115796,840,26755,7864,142551,California
San Diego,2021-01-18,12880,181827,6316,96701,6564,85126,0,0,10046,123116,2802,29557,10122,152673,California
San Diego,2021-01-19,14598,196425,5669,102370,8929,94055,0,0,11501,131807,3087,32644,11778,164451,California
San Diego,2021-01-20,18329,214754,6387,108757,11942,105997,0,0,15021,143736,3288,35932,15217,179668,California
San Diego,2021-01-21,17298,232052,5784,114541,11514,117511,0,0,15914,158424,1375,37307,16063,195731,California
San Diego,2021-01-22,17578,249630,4655,119196,12923,130434,0,0,15552,172046,2012,39319,15634,211365,California
San Diego,2021-01-23,14487,264117,5276,124472,9211,139645,0,0,12143,181932,2333,41652,12219,223584,California
San Diego,2021-01-24,11877,275994,3320,127792,8557,148202,0,0,10903,191904,972,42624,10944,234528,California
San Diego,2021-01-25,12256,288250,5785,133577,6471,154673,0,0,9259,198369,2990,45614,9455,243983,California
San Diego,2021-01-26,15146,303396,7847,141424,7299,161972,0,0,11787,207023,3357,48971,12011,255994,California
San Diego,2021-01-27,20571,323967,7929,149353,12642,174614,0,0,17583,221813,2980,51951,17770,273764,California
San Diego,2021-01-28,21298,345265,7639,156992,13659,188273,0,0,19051,238736,2237,54188,19160,292924,California
San Diego,2021-01-29,19669,364934,6421,163413,13248,201521,0,0,17249,253659,2410,56598,17333,310257,California
San Diego,2021-01-30,15858,380792,3620,167033,12238,213759,0,0,13177,264269,2672,59270,13282,323539,California
San Diego,2021-01-31,14790,395582,5742,172775,9048,222807,0,0,14429,278374,357,59627,14462,338001,California
San Diego,2021-02-01,20935,416517,7632,180407,13303,236110,0,0,17538,292789,3384,63011,17799,355800,California
San Diego,2021-02-02,22895,439412,8369,188776,14526,250636,0,0,19686,309524,3200,66211,19935,375735,California
San Diego,2021-02-03,27550,466962,11651,200427,15899,266535,0,0,23377,329093,4154,70365,23723,399458,California
San Diego,2021-02-04,24203,491165,9846,210273,14357,280892,0,0,19691,344659,4495,74860,20061,419519,California
San Diego,2021-02-05,24901,516066,8857,219130,16044,296936,0,0,18326,357003,6552,81412,18896,438415,California
San Diego,2021-02-06,20772,536838,8545,227675,12227,309163,0,0,17544,371571,3225,84637,17793,456208,California
San Diego,2021-02-07,12138,548976,5376,233051,6762,315925,0,0,10266,380242,1861,86498,10532,466740,California
San Diego,2021-02-08,20117,569093,8526,241577,11591,327516,0,0,12867,386756,7239,93737,13753,480493,California
San Diego,2021-02-09,20488,589581,8321,249898,12167,339683,0,0,13248,393903,7220,100957,14367,494860,California
San Diego,2021-02-10,22970,612551,9333,259231,13637,353320,0,0,13939,400326,8975,109932,15398,510258,California
San Diego,2021-02-11,23837,636388,10175,269406,13662,366982,0,0,12818,403897,10993,120925,14564,524822,California
San Diego,2021-02-12,23829,660217,7436,276842,16393,383375,0,0,11928,406285,11884,132809,14272,539094,California
San Diego,2021-02-13,20027,680244,9021,285863,11006,394381,0,0,10941,409390,9080,141889,12185,551279,California
San Diego,2021-02-14,11184,691428,7430,293293,3754,398135,0,0,6395,412592,4785,146674,7987,559266,California
San Diego,2021-02-15,15260,706688,7749,301042,7511,405646,0,0,7883,416249,7355,154029,11012,570278,California
San Diego,2021-02-16,19291,725979,11265,312307,8026,413672,0,0,9286,418616,9993,164022,12360,582638,California
San Diego,2021-02-17,23416,749395,11000,323307,12416,426088,0,0,8153,414665,15248,179270,11297,593935,California
San Diego,2021-02-18,23576,772971,12011,335318,11565,437653,0,0,7861,411010,15704,194974,12049,605984,California
San Diego,2021-02-19,15903,788874,10908,346226,4995,442648,0,0,6780,410830,9106,204080,8926,614910,California
San Diego,2021-02-20,10262,799136,6363,352589,3899,446547,0,0,5892,414362,4368,208448,7900,622810,California
San Diego,2021-02-21,11571,810707,10156,362745,1415,447962,0,0,5230,414814,6336,214784,6788,629598,California
San Diego,2021-02-22,12447,823154,10588,373333,1859,449821,0,0,5849,415858,6594,221378,7638,637236,California
San Diego,2021-02-23,25867,849021,14488,387821,11379,461200,0,0,9647,415248,16212,237590,15602,652838,California
San Diego,2021-02-24,28957,877978,12761,400582,16196,477396,0,0,6950,407760,21987,259577,14499,667337,California
San Diego,2021-02-25,33198,911176,14720,415302,18478,495874,0,0,10195,403477,22985,282562,18702,686039,California
San Diego,2021-02-26,33479,944655,12402,427704,21077,516951,0,0,12164,401518,21286,303848,19327,705366,California
San Diego,2021-02-27,21245,965900,9684,437388,11561,528512,0,0,11467,407517,9772,313620,15771,721137,California
San Diego,2021-02-28,15283,981183,9985,447373,5298,533810,0,0,9526,414087,5756,319376,12326,733463,California
San Diego,2021-03-01,24259,1005442,14318,461691,9939,543749,2,2,14760,423342,9421,328797,18676,752139,California
San Diego,2021-03-02,26177,1031619,14089,475780,12088,555837,0,2,12790,429495,13378,342175,19531,771670,California
San Diego,2021-03-03,34027,1065646,15951,491731,18073,573910,3,5,14115,430685,19893,362068,21083,792753,California
San Diego,2021-03-04,28316,1093962,14109,505840,14207,588117,0,5,12646,434490,15648,377716,19453,812206,California
San Diego,2021-03-05,29009,1122971,14909,520749,14018,602135,82,87,13541,439435,15444,393160,20389,832595,California
San Diego,2021-03-06,23433,1146404,9592,530341,13140,615275,701,788,10362,442143,13059,406219,15767,848362,California
San Diego,2021-03-07,18239,1164643,9332,539673,8336,623611,571,1359,6939,442045,11291,417510,11193,859555,California
San Diego,2021-03-08,23105,1187748,11227,550900,10970,634581,908,2267,11460,447687,11625,429135,17267,876822,California
San Diego,2021-03-09,25905,1213653,11988,562888,12158,646739,1759,4026,10183,447896,15707,444842,15916,892738,California
San Diego,2021-03-10,25546,1239199,10799,573687,12349,659088,2398,6424,10140,449144,15390,460232,16638,909376,California
San Diego,2021-03-11,28652,1267851,11014,584701,14041,673129,3597,10021,10005,448133,18624,478856,17613,926989,California
San Diego,2021-03-12,27314,1295165,9555,594256,14619,687748,3140,13161,10086,447869,17215,496071,16951,943940,California
San Diego,2021-03-13,26219,1321384,7293,601549,17137,704885,1789,14950,10168,447997,16047,512118,16175,960115,California
San Diego,2021-03-14,13878,1335262,5497,607046,7641,712526,740,15690,4842,446907,9027,521145,7937,968052,California
San Diego,2021-03-15,22031,1357293,10173,617219,11078,723604,780,16470,9051,446919,12967,534112,12979,981031,California
San Diego,2021-03-16,30010,1387303,15794,633013,13804,737408,412,16882,15761,451959,14227,548339,19267,1000298,California
San Diego,2021-03-17,26342,1413645,12237,645250,13385,750793,720,17602,16798,462036,9527,557866,19604,1019902,California
San Diego,2021-03-18,31526,1445171,17811,663061,12795,763588,920,18522,17051,467146,14442,572308,19552,1039454,California
San Diego,2021-03-19,30354,1475525,14404,677465,14910,778498,1040,19562,19446,478018,10887,583195,21759,1061213,California
San Diego,2021-03-20,27899,1503424,8456,685921,17639,796137,1804,21366,21458,495992,6429,589624,24403,1085616,California
San Diego,2021-03-21,16580,1520004,12103,698024,3760,799897,717,22083,7738,496970,8827,598451,9805,1095421,California
San Diego,2021-03-22,22546,1542550,13150,711174,9119,809016,277,22360,14361,506244,8174,606625,17448,1112869,California
San Diego,2021-03-23,26001,1568551,13639,724813,12083,821099,279,22639,17162,516933,8825,615450,19514,1132383,California
San Diego,2021-03-24,29586,1598137,19782,744595,9422,830521,382,23021,17162,524195,12413,627863,19675,1152058,California
San Diego,2021-03-25,30391,1628528,18313,762908,11394,841915,684,23705,18115,532982,12260,640123,21047,1173105,California
San Diego,2021-03-26,32154,1660682,17942,780850,13639,855554,573,24278,17648,539706,14482,654605,21206,1194311,California
San Diego,2021-03-27,25518,1686200,11049,791899,14075,869629,394,24672,15809,548597,9694,664299,18585,1212896,California
San Diego,2021-03-28,15083,1701283,9238,801137,5788,875417,57,24729,9376,553900,5702,670001,11005,1223901,California
San Diego,2021-03-29,26733,1728016,12919,814056,13181,888598,633,25362,16511,563335,10212,680213,19647,1243548,California
San Diego,2021-03-30,33247,1761263,17902,831958,14555,903153,790,26152,22089,576962,11145,691358,24772,1268320,California
San Diego,2021-03-31,30480,1791743,18800,850758,10974,914127,706,26858,20710,589801,9753,701111,22592,1290912,California
San Diego,2021-04-01,34358,1826101,20062,870820,12796,926923,1500,28358,23311,604971,11027,712138,26197,1317109,California
San Diego,2021-04-02,35807,1861908,20674,891494,12326,939249,2807,31165,24194,621889,11596,723734,28514,1345623,California
San Diego,2021-04-03,30875,1892783,14465,905959,11795,951044,4615,35780,19807,636536,11056,734790,25703,1371326,California
San Diego,2021-04-04,9058,1901841,5204,911163,2926,953970,928,36708,4875,638398,4178,738968,6040,1377366,California
San Diego,2021-04-05,29762,1931603,15406,926569,11704,965674,2652,39360,19458,652796,10287,749255,24685,1402051,California
San Diego,2021-04-06,38758,1970361,20394,946963,12450,978124,5914,45274,22421,667039,16325,765580,30568,1432619,California
San Diego,2021-04-07,35850,2006211,21988,968951,9287,987411,4575,49849,20517,678229,15311,780891,26501,1459120,California
San Diego,2021-04-08,35260,2041471,21376,990327,9712,997123,4172,54021,21529,693007,13714,794605,28492,1487612,California
San Diego,2021-04-09,38437,2079908,22930,1013257,10291,1007414,5216,59237,20966,705234,17405,812010,29632,1517244,California
San Diego,2021-04-10,29193,2109101,11788,1025045,13395,1020809,4010,63247,15265,713776,13918,825928,22460,1539704,California
San Diego,2021-04-11,16260,2125361,10078,1035123,3868,1024677,2314,65561,7404,717791,8852,834780,12867,1552571,California
San Diego,2021-04-12,30857,2156218,12864,1047987,13662,1038339,4331,69892,17332,729744,13511,848291,25464,1578035,California
San Diego,2021-04-13,37214,2193432,17787,1065774,19391,1057730,36,69928,24970,745543,12224,860515,28023,1606058,California
San Diego,2021-04-14,33094,2226526,18931,1084705,14150,1071880,13,69941,18087,753232,14996,875511,22685,1628743,California
San Diego,2021-04-15,39576,2266102,20387,1105092,19185,1091065,4,69945,24299,765292,15260,890771,27320,1656063,California
San Diego,2021-04-16,33848,2299950,18588,1123680,15257,1106322,3,69948,19854,773819,13936,904707,22463,1678526,California
San Diego,2021-04-17,27898,2327848,13544,1137224,14354,1120676,0,69948,12594,774445,15211,919918,15837,1694363,California
San Diego,2021-04-18,14496,2342344,8910,1146134,5583,1126259,3,69951,6937,776977,7546,927464,10078,1704441,California
San Diego,2021-04-19,26595,2368939,13568,1159702,13026,1139285,1,69952,12722,777790,13856,941320,14669,1719110,California
San Diego,2021-04-20,39041,2407980,17773,1177475,21266,1160551,2,69954,20170,782267,18851,960171,23328,1742438,California
San Diego,2021-04-21,35041,2443021,20930,1198405,14111,1174662,0,69954,17230,784943,17776,977947,20452,1762890,California
San Diego,2021-04-22,44672,2487693,22947,1221352,21721,1196383,4,69958,22675,788923,21958,999905,25938,1788828,California
San Diego,2021-04-23,42252,2529945,26024,1247376,16226,1212609,2,69960,16034,782185,26189,1026094,19451,1808279,California
San Diego,2021-04-24,34977,2564922,18868,1266244,16094,1228703,15,69975,15905,782503,19038,1045132,19356,1827635,California
San Diego,2021-04-25,12649,2577571,7709,1273953,4940,1233643,0,69975,6120,783667,6522,1051654,7686,1835321,California
San Diego,2021-04-26,31130,2608701,15529,1289482,15470,1249113,131,70106,10769,778599,20349,1072003,15281,1850602,California
San Diego,2021-04-27,42758,2651459,23577,1313059,18753,1267866,428,70534,18994,777338,23734,1095737,22473,1873075,California
San Diego,2021-04-28,38337,2689796,22629,1335688,15034,1282900,674,71208,17532,777132,20776,1116513,20570,1893645,California
San Diego,2021-04-29,38121,2727917,24280,1359968,13187,1296087,654,71862,15545,772621,22541,1139054,18030,1911675,California
San Diego,2021-04-30,38148,2766065,23141,1383109,13966,1310053,1041,72903,15066,767609,23045,1162099,18033,1929708,California
San Diego,2021-05-01,24345,2790410,10731,1393840,12970,1323023,644,73547,9656,765430,14680,1176779,12501,1942209,California
San Diego,2021-05-02,10732,2801142,7540,1401380,2605,1325628,587,74134,3361,762395,7366,1184145,4331,1946540,California
San Diego,2021-05-03,25341,2826483,12481,1413861,11702,1337330,1158,75292,9434,757991,15884,1200029,11480,1958020,California
San Diego,2021-05-04,31991,2858474,17659,1431520,13002,1350332,1330,76622,11667,751898,20296,1220325,14203,1972223,California
San Diego,2021-05-05,27743,2886217,17043,1448563,9411,1359743,1289,77911,10725,747949,16998,1237323,13049,1985272,California
San Diego,2021-05-06,28461,2914678,18840,1467403,8707,1368450,914,78825,10949,744924,17483,1254806,14458,1999730,California
San Diego,2021-05-07,29675,2944353,19542,1486945,9083,1377533,1050,79875,11191,740038,18447,1273253,13561,2013291,California
San Diego,2021-05-08,22663,2967016,10772,1497717,11178,1388711,713,80588,7365,734324,15277,1288530,9563,2022854,California
San Diego,2021-05-09,7495,2974511,5679,1503396,1407,1390118,409,80997,2657,733014,4832,1293362,3522,2026376,California
San Diego,2021-05-10,21682,2996193,8464,1511860,12403,1402521,815,81812,6075,725691,15578,1308940,8255,2034631,California
San Diego,2021-05-11,27707,3023900,11257,1523117,15674,1418195,776,82588,9754,719957,17933,1326873,12199,2046830,California
San Diego,2021-05-12,21957,3045857,11694,1534811,9472,1427667,791,83379,8100,716096,13833,1340706,9972,2056802,California
San Diego,2021-05-13,29657,3075514,17700,1552511,11346,1439013,611,83990,12392,714446,17211,1357917,15561,2072363,California
San Diego,2021-05-14,30755,3106269,19700,1572211,10208,1449221,847,84837,14147,715043,16574,1374491,17171,2089534,California
San Diego,2021-05-15,26162,3132431,16495,1588706,8845,1458066,822,85659,11013,712772,15099,1389590,12828,2102362,California
San Diego,2021-05-16,12984,3145415,9710,1598416,2698,1460764,576,86235,6586,714010,6388,1395978,7626,2109988,California
San Diego,2021-05-17,21466,3166881,13036,1611452,7672,1468436,758,86993,9542,713389,11888,1407866,11267,2121255,California
San Diego,2021-05-18,34245,3201126,19396,1630848,13973,1482409,876,87869,13981,709542,20230,1428096,16383,2137638,California
San Diego,2021-05-19,28523,3229649,17939,1648787,9776,1492185,808,88677,12462,707968,16032,1444128,14458,2152096,California
San Diego,2021-05-20,30570,3260219,16345,1665132,13459,1505644,766,89443,10358,700227,20182,1464310,12441,2164537,California
San Diego,2021-05-21,22855,3283074,14371,1679503,7549,1513193,935,90378,9502,698358,13326,1477636,11457,2175994,California
San Diego,2021-05-22,17448,3300522,9668,1689171,6686,1519879,1094,91472,7466,697844,9965,1487601,9451,2185445,California
San Diego,2021-05-23,4829,3305351,3603,1692774,942,1520821,284,91756,2601,698751,2207,1489808,3114,2188559,California
San Diego,2021-05-24,17645,3322996,8997,1701771,6759,1527580,1889,93645,6580,697060,11050,1500858,9359,2197918,California
San Diego,2021-05-25,24216,3347212,13233,1715004,9150,1536730,1833,95478,8785,693460,15399,1516257,11799,2209717,California
San Diego,2021-05-26,19193,3366405,10665,1725669,6519,1543249,2009,97487,6762,690727,12398,1528655,9665,2219382,California
San Diego,2021-05-27,20566,3386971,12036,1737705,6144,1549393,2386,99873,7040,687737,13509,1542164,10519,2229901,California
San Diego,2021-05-28,21069,3408040,13265,1750970,7096,1556489,708,100581,8440,685412,12613,1554777,10288,2240189,California
San Diego,2021-05-29,11807,3419847,7522,1758492,3797,1560286,488,101069,5098,684802,6694,1561471,6084,2246273,California
San Diego,2021-05-30,4697,3424544,3217,1761709,1106,1561392,374,101443,2073,684875,2619,1564090,2692,2248965,California
San Diego,2021-05-31,2611,3427155,1768,1763477,672,1562064,171,101614,888,684337,1720,1565810,1182,2250147,California
San Diego,2021-06-01,20323,3447478,10628,1774105,8075,1570139,1620,103234,5676,677884,14627,1580437,8174,2258321,California
San Diego,2021-06-02,7069,3454547,3697,1777802,1483,1571622,1889,105123,2143,677386,4916,1585353,4418,2262739,California
San Francisco,2020-12-15,7,7,7,7,0,0,0,0,7,7,0,0,7,7,California
San Francisco,2020-12-16,230,237,230,237,0,0,0,0,230,237,0,0,230,237,California
San Francisco,2020-12-17,394,631,394,631,0,0,0,0,394,631,0,0,394,631,California
San Francisco,2020-12-18,879,1510,878,1509,1,1,0,0,879,1510,0,0,879,1510,California
San Francisco,2020-12-19,603,2113,603,2112,0,1,0,0,603,2113,0,0,603,2113,California
San Francisco,2020-12-20,484,2597,484,2596,0,1,0,0,484,2597,0,0,484,2597,California
San Francisco,2020-12-21,1167,3764,1167,3763,0,1,0,0,1167,3764,0,0,1167,3764,California
San Francisco,2020-12-22,1407,5171,1373,5136,34,35,0,0,1407,5171,0,0,1407,5171,California
San Francisco,2020-12-23,1360,6531,1064,6200,296,331,0,0,1360,6531,0,0,1360,6531,California
San Francisco,2020-12-24,845,7376,506,6706,339,670,0,0,845,7376,0,0,845,7376,California
San Francisco,2020-12-25,35,7411,30,6736,5,675,0,0,35,7411,0,0,35,7411,California
San Francisco,2020-12-26,247,7658,152,6888,95,770,0,0,247,7658,0,0,247,7658,California
San Francisco,2020-12-27,274,7932,60,6948,214,984,0,0,274,7932,0,0,274,7932,California
San Francisco,2020-12-28,1273,9205,689,7637,584,1568,0,0,1273,9205,0,0,1273,9205,California
San Francisco,2020-12-29,1253,10458,628,8265,625,2193,0,0,1253,10458,0,0,1253,10458,California
San Francisco,2020-12-30,1489,11947,780,9045,709,2902,0,0,1489,11947,0,0,1489,11947,California
San Francisco,2020-12-31,964,12911,410,9455,554,3456,0,0,963,12910,0,0,963,12910,California
San Francisco,2021-01-01,94,13005,72,9527,22,3478,0,0,94,13004,0,0,94,13004,California
San Francisco,2021-01-02,337,13342,303,9830,34,3512,0,0,337,13341,0,0,337,13341,California
San Francisco,2021-01-03,298,13640,105,9935,193,3705,0,0,297,13637,1,1,297,13638,California
San Francisco,2021-01-04,1840,15480,1356,11291,484,4189,0,0,1837,15471,3,4,1837,15475,California
San Francisco,2021-01-05,2236,17716,1420,12711,816,5005,0,0,2201,17639,35,39,2203,17678,California
San Francisco,2021-01-06,1874,19590,1161,13872,713,5718,0,0,1610,18988,262,301,1611,19289,California
San Francisco,2021-01-07,2068,21658,1207,15079,861,6579,0,0,1608,20139,457,758,1608,20897,California
San Francisco,2021-01-08,2335,23993,1638,16717,697,7276,0,0,1496,20801,834,1592,1496,22393,California
San Francisco,2021-01-09,1389,25382,894,17611,495,7771,0,0,884,21182,505,2097,886,23279,California
San Francisco,2021-01-10,919,26301,541,18152,378,8149,0,0,460,21184,458,2555,460,23739,California
San Francisco,2021-01-11,2507,28808,1872,20024,635,8784,0,0,1404,21484,1104,3659,1404,25143,California
San Francisco,2021-01-12,3093,31901,2071,22095,1022,9806,0,0,1898,22189,1195,4854,1900,27043,California
San Francisco,2021-01-13,2833,34734,1618,23713,1215,11021,0,0,1999,23354,834,5688,1999,29042,California
San Francisco,2021-01-14,2445,37179,1103,24816,1342,12363,0,0,1884,24677,561,6249,1884,30926,California
San Francisco,2021-01-15,2749,39928,1148,25964,1601,13964,0,0,2358,26648,389,6638,2360,33286,California
San Francisco,2021-01-16,2259,42187,966,26930,1293,15257,0,0,2092,28574,167,6805,2093,35379,California
San Francisco,2021-01-17,1926,44113,533,27463,1393,16650,0,0,1710,30068,216,7021,1710,37089,California
San Francisco,2021-01-18,1380,45493,595,28058,785,17435,0,0,1114,30918,265,7286,1115,38204,California
San Francisco,2021-01-19,2583,48076,1476,29534,1107,18542,0,0,1832,31999,751,8037,1832,40036,California
San Francisco,2021-01-20,2763,50839,1130,30664,1633,20175,0,0,2009,33258,751,8788,2010,42046,California
San Francisco,2021-01-21,3324,54163,946,31610,2378,22553,0,0,2487,34910,835,9623,2487,44533,California
San Francisco,2021-01-22,3190,57353,644,32254,2546,25099,0,0,2748,37218,440,10063,2748,47281,California
San Francisco,2021-01-23,3093,60446,611,32865,2482,27581,0,0,2725,39577,367,10430,2726,50007,California
San Francisco,2021-01-24,2431,62877,365,33230,2066,29647,0,0,2200,41549,228,10658,2200,52207,California
San Francisco,2021-01-25,4638,67515,1833,35063,2805,32452,0,0,3050,43014,1586,12244,3051,55258,California
San Francisco,2021-01-26,4711,72226,2172,37235,2539,34991,0,0,3080,44468,1628,13872,3082,58340,California
San Francisco,2021-01-27,4359,76585,2001,39236,2358,37349,0,0,3073,46257,1284,15156,3073,61413,California
San Francisco,2021-01-28,3760,80345,1555,40791,2205,39554,0,0,2599,47700,1156,16312,2599,64012,California
San Francisco,2021-01-29,4725,85070,1683,42474,3042,42596,0,0,3452,49886,1266,17578,3452,67464,California
San Francisco,2021-01-30,3785,88855,1847,44321,1938,44534,0,0,3330,52766,454,18032,3334,70798,California
San Francisco,2021-01-31,2352,91207,825,45146,1527,46061,0,0,2201,54818,150,18182,2202,73000,California
San Francisco,2021-02-01,3978,95185,1703,46849,2275,48336,0,0,2906,56653,1072,19254,2907,75907,California
San Francisco,2021-02-02,4489,99674,1796,48645,2693,51029,0,0,2894,57958,1589,20843,2894,78801,California
San Francisco,2021-02-03,5072,104746,2378,51023,2694,53723,0,0,3755,60400,1314,22157,3756,82557,California
San Francisco,2021-02-04,5028,109774,2429,53452,2599,56322,0,0,3865,63104,1161,23318,3865,86422,California
San Francisco,2021-02-05,5961,115735,3215,56667,2746,59068,0,0,4617,66380,1342,24660,4618,91040,California
San Francisco,2021-02-06,5492,121227,3671,60338,1821,60889,0,0,4591,70074,899,25559,4593,95633,California
San Francisco,2021-02-07,4344,125571,3195,63533,1149,62038,0,0,3767,73270,574,26133,3770,99403,California
San Francisco,2021-02-08,6738,132309,4644,68177,2094,64132,0,0,5516,77582,1206,27339,5518,104921,California
San Francisco,2021-02-09,5940,138249,3995,72172,1945,66077,0,0,4388,80410,1561,28900,4389,109310,California
San Francisco,2021-02-10,6898,145147,4191,76363,2707,68784,0,0,5091,83702,1802,30702,5094,114404,California
San Francisco,2021-02-11,6724,151871,3987,80350,2737,71521,0,0,4902,86788,1817,32519,4903,119307,California
San Francisco,2021-02-12,5336,157207,2676,83026,2660,74181,0,0,3497,88444,1841,34360,3497,122804,California
San Francisco,2021-02-13,4384,161591,2563,85589,1821,76002,0,0,3048,90158,1336,35696,3050,125854,California
San Francisco,2021-02-14,3428,165019,2249,87838,1179,77181,0,0,2299,91331,1128,36824,2301,128155,California
San Francisco,2021-02-15,2775,167794,1507,89345,1268,78449,0,0,1681,91920,1092,37916,1681,129836,California
San Francisco,2021-02-16,5080,172874,2792,92137,2288,80737,0,0,2986,92825,2087,40003,2992,132828,California
San Francisco,2021-02-17,5343,178217,2615,94752,2728,83465,0,0,2956,93405,2377,42380,2957,135785,California
San Francisco,2021-02-18,5371,183588,2627,97379,2744,86209,0,0,2788,93614,2582,44962,2791,138576,California
San Francisco,2021-02-19,5644,189232,2648,100027,2996,89205,0,0,2930,93838,2708,47670,2932,141508,California
San Francisco,2021-02-20,4528,193760,2181,102208,2347,91552,0,0,1698,92716,2821,50491,1699,143207,California
San Francisco,2021-02-21,2889,196649,1518,103726,1371,92923,0,0,1279,92394,1602,52093,1280,144487,California
San Francisco,2021-02-22,5127,201776,3193,106919,1934,94857,0,0,2579,92436,2540,54633,2582,147069,California
San Francisco,2021-02-23,5538,207314,3158,110077,2380,97237,0,0,2837,92579,2694,57327,2837,149906,California
San Francisco,2021-02-24,9042,216356,5122,115199,3920,101157,0,0,4838,93224,4194,61521,4839,154745,California
San Francisco,2021-02-25,9800,226156,6883,122082,2917,104074,0,0,6336,96101,3461,64982,6338,161083,California
San Francisco,2021-02-26,11998,238154,7783,129865,4215,108289,0,0,7111,98326,4887,69869,7112,168195,California
San Francisco,2021-02-27,9263,247417,6002,135867,3260,111549,1,1,4652,98384,4597,74466,4655,172850,California
San Francisco,2021-02-28,7771,255188,5584,141451,2187,113736,0,1,3861,98337,3909,78375,3862,176712,California
San Francisco,2021-03-01,11110,266298,7497,148948,3609,117345,4,5,5409,98076,5676,84051,5415,182127,California
San Francisco,2021-03-02,9981,276279,6730,155678,3251,120596,0,5,5661,99428,4310,88361,5662,187789,California
San Francisco,2021-03-03,11286,287565,6556,162234,4729,125325,1,6,6159,100477,5114,93475,6163,193952,California
San Francisco,2021-03-04,8774,296339,5512,167746,3262,128587,0,6,4951,101613,3815,97290,4951,198903,California
San Francisco,2021-03-05,9221,305560,5657,173403,3560,132147,4,10,5779,103967,3430,100720,5784,204687,California
San Francisco,2021-03-06,7122,312682,4659,178062,2254,134401,209,219,4445,105927,2691,103411,4651,209338,California
San Francisco,2021-03-07,5395,318077,4221,182283,1115,135516,59,278,3108,106794,2300,105711,3167,212505,California
San Francisco,2021-03-08,7538,325615,5475,187758,1877,137393,186,464,5961,111332,1609,107320,6147,218652,California
San Francisco,2021-03-09,8341,333956,5539,193297,2427,139820,375,839,6104,115563,2243,109563,6474,225126,California
San Francisco,2021-03-10,11237,345193,6609,199906,4128,143948,500,1339,7045,118939,4170,113733,7546,232672,California
San Francisco,2021-03-11,10110,355303,6389,206295,2755,146703,966,2305,6635,123077,3456,117189,7594,240266,California
San Francisco,2021-03-12,10878,366181,6359,212654,3176,149879,1343,3648,6060,125680,4796,121985,7399,247665,California
San Francisco,2021-03-13,6715,372896,3944,216598,1709,151588,1062,4710,4180,128395,2526,124511,5241,252906,California
San Francisco,2021-03-14,7579,380475,4929,221527,2406,153994,244,4954,3986,129046,3577,128088,4228,257134,California
San Francisco,2021-03-15,12098,392573,9255,230782,1897,155891,946,5900,8394,134684,3689,131777,9327,266461,California
San Francisco,2021-03-16,12228,404801,8337,239119,3431,159322,460,6360,8831,140600,3374,135151,9290,275751,California
San Francisco,2021-03-17,13369,418170,8291,247410,4514,163836,564,6924,9631,147082,3709,138860,10191,285942,California
San Francisco,2021-03-18,10096,428266,6868,254278,2604,166440,624,7548,5757,149142,4315,143175,6375,292317,California
San Francisco,2021-03-19,12416,440682,9075,263353,2873,169313,468,8016,6581,150378,5807,148982,7043,299360,California
San Francisco,2021-03-20,8895,449577,6548,269901,1881,171194,466,8482,5176,152334,3688,152670,5644,305004,California
San Francisco,2021-03-21,6615,456192,6058,275959,420,171614,137,8619,3734,153341,2863,155533,3870,308874,California
San Francisco,2021-03-22,9875,466067,6939,282898,2089,173703,847,9466,5117,154565,4733,160266,5957,314831,California
San Francisco,2021-03-23,11277,477344,7481,290379,3146,176849,650,10116,6317,156599,4930,165196,6964,321795,California
San Francisco,2021-03-24,12393,489737,9497,299876,2360,179209,536,10652,6271,157321,6079,171275,6801,328596,California
San Francisco,2021-03-25,11965,501702,8747,308623,2654,181863,564,11216,5898,157782,5997,177272,6458,335054,California
San Francisco,2021-03-26,12024,513726,8340,316963,3450,185313,234,11450,5887,157798,6103,183375,6119,341173,California
San Francisco,2021-03-27,8793,522519,5895,322858,2548,187861,350,11800,3759,156893,5013,188388,4108,345281,California
San Francisco,2021-03-28,6690,529209,5346,328204,1302,189163,42,11842,3003,156273,3662,192050,3042,348323,California
San Francisco,2021-03-29,11615,540824,7997,336201,3431,192594,187,12029,4847,154567,6738,198788,5032,353355,California
San Francisco,2021-03-30,11677,552501,7326,343527,4058,196652,293,12322,5516,154239,6136,204924,5808,359163,California
San Francisco,2021-03-31,12293,564794,8186,351713,3806,200458,301,12623,4959,152194,7299,212223,5254,364417,California
San Francisco,2021-04-01,13999,578793,7436,359149,4861,205319,1702,14325,6018,151958,7943,220166,7707,372124,California
San Francisco,2021-04-02,14866,593659,6565,365714,6415,211734,1886,16211,6956,152904,7887,228053,8833,380957,California
San Francisco,2021-04-03,10593,604252,4910,370624,3857,215591,1826,18037,4859,153866,5718,233771,6680,387637,California
San Francisco,2021-04-04,9049,613301,4795,375419,2596,218187,1658,19695,3576,153637,5459,239230,5230,392867,California
San Francisco,2021-04-05,16048,629349,9824,385243,4338,222525,1886,21581,6259,152018,9759,248989,8140,401007,California
San Francisco,2021-04-06,16068,645417,9513,394756,4487,227012,2068,23649,6234,150508,9808,258797,8298,409305,California
San Francisco,2021-04-07,16859,662276,10030,404786,4596,231608,2233,25882,6983,149867,9850,268647,9209,418514,California
San Francisco,2021-04-08,14197,676473,6750,411536,3027,234635,4420,30302,4621,149344,9543,278190,9020,427534,California
San Francisco,2021-04-09,15841,692314,7657,419193,4830,239465,3354,33656,6603,150084,9206,287396,9946,437480,California
San Francisco,2021-04-10,13326,705640,5693,424886,5880,245345,1753,35409,7107,152743,6193,293589,8852,446332,California
San Francisco,2021-04-11,10010,715650,7502,432388,1334,246679,1174,36583,5169,154255,4828,298417,6340,452672,California
San Francisco,2021-04-12,10604,726254,6886,439274,2566,249245,1152,37735,4849,154518,5733,304150,5996,458668,California
San Francisco,2021-04-13,10795,737049,7312,446586,3470,252715,13,37748,5440,154644,5333,309483,5459,464127,California
San Francisco,2021-04-14,13281,750330,8000,454586,5280,257995,1,37749,6377,154154,6868,316351,6378,470505,California
San Francisco,2021-04-15,13712,764042,9510,464096,4201,262196,1,37750,8050,156577,5631,321982,8054,478559,California
San Francisco,2021-04-16,12920,776962,8692,472788,4184,266380,44,37794,7621,158978,5268,327250,7669,486228,California
San Francisco,2021-04-17,10058,787020,7302,480090,2755,269135,1,37795,7090,163122,2951,330201,7095,493323,California
San Francisco,2021-04-18,6607,793627,5046,485136,1559,270694,2,37797,4087,164710,2503,332704,4091,497414,California
San Francisco,2021-04-19,10868,804495,8168,493304,2695,273389,5,37802,6984,167842,3867,336571,6999,504413,California
San Francisco,2021-04-20,12332,816827,7213,500517,5117,278506,2,37804,8505,172550,3800,340371,8508,512921,California
San Francisco,2021-04-21,10559,827386,7544,508061,3010,281516,5,37809,6431,174889,4101,344472,6440,519361,California
San Francisco,2021-04-22,10438,837824,7721,515782,2716,284232,1,37810,6021,176524,4393,348865,6028,525389,California
San Francisco,2021-04-23,10329,848153,5923,521705,4406,288638,0,37810,6135,178501,4165,353030,6142,531531,California
San Francisco,2021-04-24,7946,856099,5467,527172,2479,291117,0,37810,4698,179980,3227,356257,4706,536237,California
San Francisco,2021-04-25,5026,861125,4326,531498,694,291811,6,37816,2937,180852,2074,358331,2946,539183,California
San Francisco,2021-04-26,7943,869068,5626,537124,2305,294116,12,37828,3910,180778,4008,362339,3934,543117,California
San Francisco,2021-04-27,8460,877528,5711,542835,2615,296731,134,37962,4205,180896,4231,366570,4349,547466,California
San Francisco,2021-04-28,9250,886778,6522,549357,2537,299268,191,38153,4756,181385,4462,371032,4951,552417,California
San Francisco,2021-04-29,9107,895885,5386,554743,3528,302796,193,38346,4368,181246,4712,375744,4573,556990,California
San Francisco,2021-04-30,10866,906751,5182,559925,5484,308280,200,38546,3976,178575,6852,382596,4181,561171,California
San Francisco,2021-05-01,6940,913691,3587,563512,3239,311519,114,38660,1706,175193,5204,387800,1822,562993,California
San Francisco,2021-05-02,5324,919015,3092,566604,2134,313653,98,38758,975,171927,4342,392142,1076,564069,California
San Francisco,2021-05-03,9664,928679,6580,573184,2923,316576,161,38919,2461,167383,7173,399315,2629,566698,California
San Francisco,2021-05-04,9349,938028,5984,579168,3115,319691,250,39169,2291,162903,7026,406341,2546,569244,California
San Francisco,2021-05-05,8763,946791,6123,585291,2330,322021,310,39479,2146,158789,6573,412914,2459,571703,California
San Francisco,2021-05-06,10711,957502,8564,593855,1677,323698,470,39949,1853,152288,8825,421739,2324,574027,California
San Francisco,2021-05-07,10092,967594,6458,600313,3365,327063,269,40218,1638,145767,8428,430167,1907,575934,California
San Francisco,2021-05-08,8360,975954,3546,603859,4684,331747,130,40348,982,139533,7347,437514,1113,577047,California
San Francisco,2021-05-09,6689,982643,5830,609689,777,332524,82,40430,1221,135386,5444,442958,1297,578344,California
San Francisco,2021-05-10,6970,989613,4931,614620,1789,334313,250,40680,1043,130777,5900,448858,1291,579635,California
San Francisco,2021-05-11,7141,996754,5116,619736,1822,336135,203,40883,1381,126635,5727,454585,1585,581220,California
San Francisco,2021-05-12,7418,1004172,5330,625066,1654,337789,434,41317,1503,122679,5885,460470,1929,583149,California
San Francisco,2021-05-13,10361,1014533,7544,632610,2604,340393,213,41530,3832,120229,6502,466972,4052,587201,California
San Francisco,2021-05-14,9273,1023806,6573,639183,2530,342923,170,41700,3000,117165,6244,473216,3180,590381,California
San Francisco,2021-05-15,7836,1031642,6249,645432,1530,344453,57,41757,3054,115523,4765,477981,3123,593504,California
San Francisco,2021-05-16,4957,1036599,4175,649607,724,345177,58,41815,1841,114326,3096,481077,1899,595403,California
San Francisco,2021-05-17,7233,1043832,5388,654995,1679,346856,166,41981,2552,112386,4661,485738,2721,598124,California
San Francisco,2021-05-18,8642,1052474,4968,659963,3500,350356,174,42155,2030,108023,6568,492306,2205,600329,California
San Francisco,2021-05-19,7438,1059912,5526,665489,1680,352036,232,42387,2470,105783,4941,497247,2701,603030,California
San Francisco,2021-05-20,5346,1065258,3637,669126,1511,353547,198,42585,1549,103762,3765,501012,1744,604774,California
San Francisco,2021-05-21,6643,1071901,3760,672886,2734,356281,149,42734,1739,100785,4862,505874,1885,606659,California
San Francisco,2021-05-22,4352,1076253,3378,676264,925,357206,49,42783,2106,100713,2228,508102,2156,608815,California
San Francisco,2021-05-23,1542,1077795,1254,677518,256,357462,32,42815,785,100785,747,508849,819,609634,California
San Francisco,2021-05-24,4068,1081863,2872,680390,1029,358491,167,42982,1263,99434,2781,511630,1430,611064,California
San Francisco,2021-05-25,3734,1085597,2416,682806,1087,359578,231,43213,1161,98267,2554,514184,1387,612451,California
San Francisco,2021-05-26,3973,1089570,2583,685389,1239,360817,151,43364,1271,97012,2677,516861,1422,613873,California
San Francisco,2021-05-27,3735,1093305,2170,687559,1381,362198,184,43548,1436,96339,2291,519152,1618,615491,California
San Francisco,2021-05-28,3795,1097100,2170,689729,1461,363659,164,43712,1437,95606,2333,521485,1600,617091,California
San Francisco,2021-05-29,2018,1099118,1463,691192,473,364132,82,43794,897,95477,1103,522588,974,618065,California
San Francisco,2021-05-30,1003,1100121,712,691904,246,364378,45,43839,425,95376,569,523157,468,618533,California
San Francisco,2021-05-31,258,1100379,209,692113,42,364420,7,43846,90,95306,167,523324,97,618630,California
San Francisco,2021-06-01,2970,1103349,1606,693719,1175,365595,189,44035,964,94462,1995,525319,1151,619781,California
San Francisco,2021-06-02,1267,1104616,886,694605,301,365896,80,44115,472,94218,792,526111,548,620329,California
San Joaquin,2020-12-15,12,12,12,12,0,0,0,0,12,12,0,0,12,12,California
San Joaquin,2020-12-16,309,321,309,321,0,0,0,0,309,321,0,0,309,321,California
San Joaquin,2020-12-17,312,633,312,633,0,0,0,0,312,633,0,0,312,633,California
San Joaquin,2020-12-18,523,1156,519,1152,4,4,0,0,523,1156,0,0,523,1156,California
San Joaquin,2020-12-19,189,1345,189,1341,0,4,0,0,189,1345,0,0,189,1345,California
San Joaquin,2020-12-20,114,1459,113,1454,1,5,0,0,114,1459,0,0,114,1459,California
San Joaquin,2020-12-21,492,1951,492,1946,0,5,0,0,492,1951,0,0,492,1951,California
San Joaquin,2020-12-22,971,2922,851,2797,120,125,0,0,970,2921,0,0,970,2921,California
San Joaquin,2020-12-23,989,3911,930,3727,59,184,0,0,987,3908,2,2,989,3910,California
San Joaquin,2020-12-24,216,4127,188,3915,28,212,0,0,215,4123,1,3,216,4126,California
San Joaquin,2020-12-25,14,4141,14,3929,0,212,0,0,14,4137,0,3,14,4140,California
San Joaquin,2020-12-26,102,4243,30,3959,72,284,0,0,102,4239,0,3,102,4242,California
San Joaquin,2020-12-27,42,4285,29,3988,13,297,0,0,42,4281,0,3,42,4284,California
San Joaquin,2020-12-28,624,4909,421,4409,203,500,0,0,624,4905,0,3,624,4908,California
San Joaquin,2020-12-29,792,5701,665,5074,127,627,0,0,792,5697,0,3,792,5700,California
San Joaquin,2020-12-30,1010,6711,718,5792,292,919,0,0,1008,6705,2,5,1010,6710,California
San Joaquin,2020-12-31,453,7164,202,5994,251,1170,0,0,453,7158,1,6,454,7164,California
San Joaquin,2021-01-01,23,7187,13,6007,10,1180,0,0,23,7181,0,6,23,7187,California
San Joaquin,2021-01-02,265,7452,243,6250,22,1202,0,0,265,7446,0,6,265,7452,California
San Joaquin,2021-01-03,38,7490,20,6270,18,1220,0,0,37,7482,1,7,37,7489,California
San Joaquin,2021-01-04,477,7967,338,6608,139,1359,0,0,475,7956,1,8,475,7964,California
San Joaquin,2021-01-05,981,8948,648,7256,333,1692,0,0,811,8634,170,178,848,8812,California
San Joaquin,2021-01-06,1223,10171,710,7966,513,2205,0,0,918,9256,300,478,922,9734,California
San Joaquin,2021-01-07,1081,11252,684,8650,397,2602,0,0,791,9761,287,765,792,10526,California
San Joaquin,2021-01-08,1200,12452,820,9470,380,2982,0,0,715,9996,484,1249,719,11245,California
San Joaquin,2021-01-09,380,12832,301,9771,79,3061,0,0,249,10115,131,1380,250,11495,California
San Joaquin,2021-01-10,224,13056,118,9889,106,3167,0,0,171,10234,52,1432,171,11666,California
San Joaquin,2021-01-11,1530,14586,1323,11212,207,3374,0,0,864,10500,665,2097,931,12597,California
San Joaquin,2021-01-12,1465,16051,1053,12265,412,3786,0,0,696,10502,765,2862,767,13364,California
San Joaquin,2021-01-13,1529,17580,896,13161,633,4419,0,0,956,10892,571,3433,961,14325,California
San Joaquin,2021-01-14,1749,19329,972,14133,777,5196,0,0,1406,11992,322,3755,1422,15747,California
San Joaquin,2021-01-15,1529,20858,541,14674,988,6184,0,0,1303,13101,211,3966,1320,17067,California
San Joaquin,2021-01-16,1128,21986,179,14853,949,7133,0,0,1098,14170,29,3995,1098,18165,California
San Joaquin,2021-01-17,1620,23606,135,14988,1485,8618,0,0,1579,15710,41,4036,1581,19746,California
San Joaquin,2021-01-18,740,24346,238,15226,502,9120,0,0,619,16212,117,4153,619,20365,California
San Joaquin,2021-01-19,1873,26219,898,16124,975,10095,0,0,1191,16734,677,4830,1199,21564,California
San Joaquin,2021-01-20,2088,28307,1285,17409,803,10898,0,0,1440,17539,641,5471,1446,23010,California
San Joaquin,2021-01-21,1973,30280,894,18303,1079,11977,0,0,1577,18735,389,5860,1585,24595,California
San Joaquin,2021-01-22,1956,32236,896,19199,1060,13037,0,0,1814,20414,137,5997,1816,26411,California
San Joaquin,2021-01-23,899,33135,398,19597,501,13538,0,0,615,20748,283,6280,617,27028,California
San Joaquin,2021-01-24,352,33487,136,19733,216,13754,0,0,329,21057,20,6300,329,27357,California
San Joaquin,2021-01-25,2000,35487,1146,20879,854,14608,0,0,1434,21930,563,6863,1436,28793,California
San Joaquin,2021-01-26,2152,37639,1116,21995,1036,15644,0,0,1539,22868,606,7469,1544,30337,California
San Joaquin,2021-01-27,1732,39371,770,22765,962,16606,0,0,1235,23618,492,7961,1242,31579,California
San Joaquin,2021-01-28,2039,41410,767,23532,1272,17878,0,0,1385,24360,650,8611,1392,32971,California
San Joaquin,2021-01-29,2153,43563,1047,24579,1106,18984,0,0,1804,25830,343,8954,1813,34784,California
San Joaquin,2021-01-30,2171,45734,352,24931,1819,20803,0,0,1993,27648,177,9131,1995,36779,California
San Joaquin,2021-01-31,1559,47293,181,25112,1378,22181,0,0,1494,29079,64,9195,1495,38274,California
San Joaquin,2021-02-01,2525,49818,1340,26452,1185,23366,0,0,1767,30091,758,9953,1770,40044,California
San Joaquin,2021-02-02,2582,52400,1155,27607,1427,24793,0,0,1972,31517,550,10503,1976,42020,California
San Joaquin,2021-02-03,3077,55477,1215,28822,1862,26655,0,0,2211,32875,859,11362,2217,44237,California
San Joaquin,2021-02-04,3539,59016,1813,30635,1726,28381,0,0,2646,34639,888,12250,2652,46889,California
San Joaquin,2021-02-05,3167,62183,1804,32439,1363,29744,0,0,2343,36180,814,13064,2355,49244,California
San Joaquin,2021-02-06,1085,63268,746,33185,339,30083,0,0,942,36983,140,13204,943,50187,California
San Joaquin,2021-02-07,618,63886,489,33674,129,30212,0,0,414,37199,199,13403,415,50602,California
San Joaquin,2021-02-08,1783,65669,1034,34708,749,30961,0,0,1443,38331,317,13720,1449,52051,California
San Joaquin,2021-02-09,2121,67790,1153,35861,968,31929,0,0,1580,39443,471,14191,1583,53634,California
San Joaquin,2021-02-10,2558,70348,1246,37107,1312,33241,0,0,1340,39588,1196,15387,1341,54975,California
San Joaquin,2021-02-11,2912,73260,1482,38589,1430,34671,0,0,1698,40111,1182,16569,1705,56680,California
San Joaquin,2021-02-12,2817,76077,1127,39716,1690,36361,0,0,1595,40510,1201,17770,1600,58280,California
San Joaquin,2021-02-13,2117,78194,396,40112,1721,38082,0,0,855,40123,1248,19018,861,59141,California
San Joaquin,2021-02-14,1902,80096,260,40372,1642,39724,0,0,690,39631,1183,20201,691,59832,California
San Joaquin,2021-02-15,1990,82086,837,41209,1153,40877,0,0,1196,40067,764,20965,1200,61032,California
San Joaquin,2021-02-16,3159,85245,1374,42583,1785,42662,0,0,1747,40428,1397,22362,1758,62790,California
San Joaquin,2021-02-17,3276,88521,1265,43848,2011,44673,0,0,1866,40901,1397,23759,1870,64660,California
San Joaquin,2021-02-18,3339,91860,1372,45220,1967,46640,0,0,1899,41398,1407,25166,1904,66564,California
San Joaquin,2021-02-19,4265,96125,2408,47628,1857,48497,0,0,2386,41960,1824,26990,2386,68950,California
San Joaquin,2021-02-20,1551,97676,658,48286,893,49390,0,0,1056,42522,494,27484,1056,70006,California
San Joaquin,2021-02-21,667,98343,505,48791,162,49552,0,0,417,42695,247,27731,420,70426,California
San Joaquin,2021-02-22,3538,101881,2495,51286,1043,50595,0,0,2527,44246,981,28712,2532,72958,California
San Joaquin,2021-02-23,4308,106189,2622,53908,1686,52281,0,0,2651,45273,1629,30341,2656,75614,California
San Joaquin,2021-02-24,5747,111936,3414,57322,2333,54614,0,0,4128,47813,1593,31934,4133,79747,California
San Joaquin,2021-02-25,6334,118270,3915,61237,2419,57033,0,0,4084,49695,2212,34146,4094,83841,California
San Joaquin,2021-02-26,5478,123748,2848,64085,2630,59663,0,0,3769,51795,1675,35821,3775,87616,California
San Joaquin,2021-02-27,5460,129208,1620,65705,3840,63503,0,0,2629,51660,2776,38597,2641,90257,California
San Joaquin,2021-02-28,3084,132292,1108,66813,1976,65479,0,0,2036,52675,1023,39620,2038,92295,California
San Joaquin,2021-03-01,4108,136400,1806,68619,2300,67779,2,2,2328,53249,1763,41383,2337,94632,California
San Joaquin,2021-03-02,4206,140606,1681,70300,2525,70304,0,2,2641,54403,1542,42925,2696,97328,California
San Joaquin,2021-03-03,5784,146390,3435,73735,2347,72651,2,4,4171,56987,1589,44514,4173,101501,California
San Joaquin,2021-03-04,5714,152104,2268,76003,3443,76094,3,7,3736,58764,1963,46477,3740,105241,California
San Joaquin,2021-03-05,4453,156557,1896,77899,2552,78646,5,12,3070,60476,1367,47844,3079,108320,California
San Joaquin,2021-03-06,3301,159858,2173,80072,998,79644,130,142,2718,62748,579,48423,2851,111171,California
San Joaquin,2021-03-07,1222,161080,564,80636,610,80254,48,190,936,63449,268,48691,969,112140,California
San Joaquin,2021-03-08,3148,164228,1264,81900,1759,82013,125,315,2134,64705,1002,49693,2258,114398,California
San Joaquin,2021-03-09,4025,168253,1825,83725,2072,84085,128,443,2669,66166,1341,51034,2802,117200,California
San Joaquin,2021-03-10,4643,172896,2467,86192,2037,86122,139,582,3416,68510,1212,52246,3556,120756,California
San Joaquin,2021-03-11,4943,177839,2346,88538,1994,88116,603,1185,2936,70057,1995,54241,3542,124298,California
San Joaquin,2021-03-12,6283,184122,3135,91673,2812,90928,336,1521,4158,72459,2099,56340,4501,128799,California
San Joaquin,2021-03-13,3070,187192,1455,93128,1489,92417,126,1647,2290,74111,772,57112,2424,131223,California
San Joaquin,2021-03-14,2162,189354,671,93799,1187,93604,304,1951,1028,74320,1127,58239,1336,132559,California
San Joaquin,2021-03-15,6075,195429,3497,97296,2173,95777,405,2356,3178,75052,2864,61103,3596,136155,California
San Joaquin,2021-03-16,6853,202282,3900,101196,2695,98472,258,2614,4035,76556,2795,63898,4299,140454,California
San Joaquin,2021-03-17,7807,210089,4677,105873,3060,101532,70,2684,4341,77549,3427,67325,4420,144874,California
San Joaquin,2021-03-18,7639,217728,4493,110366,2641,104173,505,3189,3775,78017,3820,71145,4288,149162,California
San Joaquin,2021-03-19,7937,225665,4654,115020,2741,106914,542,3731,4807,80307,3106,74251,5396,154558,California
San Joaquin,2021-03-20,3683,229348,2127,117147,1312,108226,244,3975,1832,80560,1834,76085,2087,156645,California
San Joaquin,2021-03-21,2111,231459,1498,118645,406,108632,207,4182,1185,81082,914,76999,1436,158081,California
San Joaquin,2021-03-22,3976,235435,2039,120684,1521,110153,416,4598,2350,82245,1609,78608,2772,160853,California
San Joaquin,2021-03-23,5383,240818,2644,123328,2572,112725,167,4765,3713,84483,1649,80257,3887,164740,California
San Joaquin,2021-03-24,6836,247654,4242,127570,2507,115232,87,4852,3018,83815,3781,84038,3113,167853,California
San Joaquin,2021-03-25,5559,253213,3302,130872,2214,117446,43,4895,3294,84916,2243,86281,3344,171197,California
San Joaquin,2021-03-26,6172,259385,2558,133430,3464,120910,150,5045,3232,85403,2914,89195,3401,174598,California
San Joaquin,2021-03-27,4663,264048,2625,136055,1966,122876,72,5117,1807,84460,2833,92028,1890,176488,California
San Joaquin,2021-03-28,2723,266771,1807,137862,891,123767,25,5142,1294,84449,1409,93437,1398,177886,California
San Joaquin,2021-03-29,4042,270813,2183,140045,1836,125603,23,5165,2021,84503,2005,95442,2059,179945,California
San Joaquin,2021-03-30,6222,277035,3167,143212,2963,128566,92,5257,3429,85280,2764,98206,3541,183486,California
San Joaquin,2021-03-31,6589,283624,4150,147362,2378,130944,61,5318,3337,85467,3234,101440,3421,186907,California
San Joaquin,2021-04-01,6415,290039,2976,150338,3352,134296,87,5405,2833,84885,3559,104999,2977,189884,California
San Joaquin,2021-04-02,6334,296373,2880,153218,2961,137257,493,5898,2531,84163,3778,108777,3056,192940,California
San Joaquin,2021-04-03,4140,300513,2331,155549,1484,138741,325,6223,1996,84368,2127,110904,2332,195272,California
San Joaquin,2021-04-04,2282,302795,1365,156914,715,139456,202,6425,1548,85410,725,111629,1767,197039,California
San Joaquin,2021-04-05,4763,307558,2831,159745,1700,141156,232,6657,2634,86169,2117,113746,2876,199915,California
San Joaquin,2021-04-06,7044,314602,4529,164274,2248,143404,267,6924,3334,86105,3681,117427,3617,203532,California
San Joaquin,2021-04-07,8329,322931,4529,168803,2213,145617,1587,8511,3496,86386,4817,122244,5098,208630,California
San Joaquin,2021-04-08,8744,331675,4703,173506,1936,147553,2105,10616,3307,86390,5408,127652,5412,214042,California
San Joaquin,2021-04-09,8868,340543,4276,177782,3032,150585,1560,12176,3212,85551,5633,133285,4794,218836,California
San Joaquin,2021-04-10,5213,345756,1627,179409,1679,152264,1907,14083,1759,85770,3443,136728,3662,222498,California
San Joaquin,2021-04-11,4077,349833,1549,180958,1362,153626,1166,15249,1769,86402,2298,139026,2930,225428,California
San Joaquin,2021-04-12,5973,355806,2381,183339,2056,155682,1536,16785,2333,86656,3620,142646,3874,229302,California
San Joaquin,2021-04-13,7460,363266,4298,187637,3155,158837,7,16792,4571,88376,2866,145512,4586,233888,California
San Joaquin,2021-04-14,7459,370725,3726,191363,3732,162569,1,16793,4468,89882,2973,148485,4479,238367,California
San Joaquin,2021-04-15,7802,378527,4601,195964,3201,165770,0,16793,4355,90830,3413,151898,4361,242728,California
San Joaquin,2021-04-16,7631,386158,4073,200037,3555,169325,3,16796,4572,92384,3032,154930,4586,247314,California
San Joaquin,2021-04-17,5151,391309,2784,202821,2365,171690,2,16798,3657,94575,1484,156414,3675,250989,California
San Joaquin,2021-04-18,2465,393774,1366,204187,1099,172789,0,16798,1307,94747,1143,157557,1315,252304,California
San Joaquin,2021-04-19,5178,398952,2801,206988,2377,175166,0,16798,2764,95132,2389,159946,2774,255078,California
San Joaquin,2021-04-20,6227,405179,3280,210268,2947,178113,0,16798,2953,94847,3248,163194,2963,258041,California
San Joaquin,2021-04-21,5647,410826,3131,213399,2516,180629,0,16798,2919,95094,2679,165873,2926,260967,California
San Joaquin,2021-04-22,5292,416118,3132,216531,2158,182787,2,16800,3066,95979,2200,168073,3085,264052,California
San Joaquin,2021-04-23,5909,422027,2838,219369,3070,185857,1,16801,3751,97598,2137,170210,3756,267808,California
San Joaquin,2021-04-24,5233,427260,3606,222975,1626,187483,1,16802,3411,99221,1796,172006,3419,271227,California
San Joaquin,2021-04-25,3043,430303,2560,225535,483,187966,0,16802,2012,100229,1011,173017,2019,273246,California
San Joaquin,2021-04-26,3921,434224,2595,228130,1322,189288,4,16806,2060,100449,1848,174865,2068,275314,California
San Joaquin,2021-04-27,4510,438734,2610,230740,1848,191136,52,16858,1902,99823,2586,177451,1960,277274,California
San Joaquin,2021-04-28,5528,444262,3330,234070,2123,193259,75,16933,2728,99864,2770,180221,2811,280085,California
San Joaquin,2021-04-29,4827,449089,2822,236892,1949,195208,56,16989,2443,100004,2365,182586,2505,282590,California
San Joaquin,2021-04-30,4949,454038,2411,239303,2471,197679,67,17056,2565,100277,2368,184954,2641,285231,California
San Joaquin,2021-05-01,3329,457367,1908,241211,1362,199041,59,17115,2121,101269,1201,186155,2193,287424,California
San Joaquin,2021-05-02,2296,459663,1599,242810,641,199682,56,17171,1172,101379,1120,187275,1230,288654,California
San Joaquin,2021-05-03,3316,462979,2247,245057,994,200676,75,17246,1400,100960,1901,189176,1482,290136,California
San Joaquin,2021-05-04,4838,467817,3294,248351,1388,202064,156,17402,1783,99874,3035,192211,1949,292085,California
San Joaquin,2021-05-05,4859,472676,3305,251656,1392,203456,162,17564,2078,99366,2755,194966,2247,294332,California
San Joaquin,2021-05-06,4621,477297,3087,254743,1406,204862,128,17692,2036,98972,2568,197534,2174,296506,California
San Joaquin,2021-05-07,5076,482373,2943,257686,1980,206842,153,17845,1888,97856,3165,200699,2049,298555,California
San Joaquin,2021-05-08,3261,485634,2097,259783,1063,207905,101,17946,1204,97127,2042,202741,1313,299868,California
San Joaquin,2021-05-09,1476,487110,839,260622,567,208472,70,18016,593,96915,880,203621,668,300536,California
San Joaquin,2021-05-10,2797,489907,1465,262087,1209,209681,123,18139,917,96096,1865,205486,1046,301582,California
San Joaquin,2021-05-11,4076,493983,2156,264243,1805,211486,115,18254,1301,94780,2760,208246,1444,303026,California
San Joaquin,2021-05-12,4088,498071,1892,266135,2082,213568,114,18368,1295,93423,2779,211025,1422,304448,California
San Joaquin,2021-05-13,4264,502335,2402,268537,1777,215345,85,18453,1577,92425,2672,213697,1674,306122,California
San Joaquin,2021-05-14,5717,508052,3401,271938,2208,217553,108,18561,2403,91656,3288,216985,2519,308641,California
San Joaquin,2021-05-15,5209,513261,3091,275029,2040,219593,78,18639,1628,89816,3549,220534,1709,310350,California
San Joaquin,2021-05-16,3535,516796,2761,277790,725,220318,49,18688,1432,89216,2090,222624,1490,311840,California
San Joaquin,2021-05-17,4109,520905,2456,280246,1556,221874,97,18785,1799,88830,2295,224919,1909,313749,California
San Joaquin,2021-05-18,3921,524826,2263,282509,1539,223413,119,18904,1894,88833,2010,226929,2013,315762,California
San Joaquin,2021-05-19,4703,529529,2721,285230,1850,225263,132,19036,2071,88445,2600,229529,2212,317974,California
San Joaquin,2021-05-20,3494,533023,2156,287386,1252,226515,86,19122,1606,88267,1870,231399,1692,319666,California
San Joaquin,2021-05-21,4423,537446,2652,290038,1667,228182,104,19226,2074,88133,2320,233719,2186,321852,California
San Joaquin,2021-05-22,3441,540887,2174,292212,1188,229370,79,19305,1619,88030,1809,235528,1706,323558,California
San Joaquin,2021-05-23,2084,542971,1805,294017,248,229618,31,19336,1295,88574,783,236311,1327,324885,California
San Joaquin,2021-05-24,2932,545903,1674,295691,1166,230784,92,19428,1397,88552,1518,237829,1496,326381,California
San Joaquin,2021-05-25,2995,548898,1892,297583,1004,231788,99,19527,1462,88602,1512,239341,1562,327943,California
San Joaquin,2021-05-26,3049,551947,1583,299166,1394,233182,72,19599,1257,88153,1783,241124,1334,329277,California
San Joaquin,2021-05-27,2880,554827,1472,300638,1332,234514,76,19675,1138,87648,1728,242852,1223,330500,California
San Joaquin,2021-05-28,2987,557814,1567,302205,1332,235846,88,19763,1379,87541,1586,244438,1479,331979,California
San Joaquin,2021-05-29,2058,559872,1121,303326,907,236753,30,19793,908,87339,1146,245584,944,332923,California
San Joaquin,2021-05-30,945,560817,498,303824,422,237175,25,19818,387,87200,556,246140,417,333340,California
San Joaquin,2021-05-31,619,561436,261,304085,352,237527,6,19824,239,87070,376,246516,246,333586,California
San Joaquin,2021-06-01,2078,563514,1219,305304,778,238305,81,19905,1017,87119,1054,247570,1103,334689,California
San Joaquin,2021-06-02,1196,564710,672,305976,503,238808,21,19926,456,86865,733,248303,479,335168,California
San Luis Obispo,2020-12-16,4,4,4,4,0,0,0,0,4,4,0,0,4,4,California
San Luis Obispo,2020-12-17,196,200,196,200,0,0,0,0,196,200,0,0,196,200,California
San Luis Obispo,2020-12-18,224,424,224,424,0,0,0,0,224,424,0,0,224,424,California
San Luis Obispo,2020-12-19,162,586,162,586,0,0,0,0,162,586,0,0,162,586,California
San Luis Obispo,2020-12-20,215,801,215,801,0,0,0,0,215,801,0,0,215,801,California
San Luis Obispo,2020-12-21,550,1351,549,1350,1,1,0,0,550,1351,0,0,550,1351,California
San Luis Obispo,2020-12-22,312,1663,308,1658,4,5,0,0,312,1663,0,0,312,1663,California
San Luis Obispo,2020-12-23,680,2343,366,2024,314,319,0,0,680,2343,0,0,680,2343,California
San Luis Obispo,2020-12-24,195,2538,19,2043,176,495,0,0,195,2538,0,0,195,2538,California
San Luis Obispo,2020-12-25,2,2540,1,2044,1,496,0,0,2,2540,0,0,2,2540,California
San Luis Obispo,2020-12-26,90,2630,12,2056,78,574,0,0,90,2630,0,0,90,2630,California
San Luis Obispo,2020-12-27,76,2706,0,2056,76,650,0,0,76,2706,0,0,76,2706,California
San Luis Obispo,2020-12-28,879,3585,429,2485,450,1100,0,0,879,3585,0,0,879,3585,California
San Luis Obispo,2020-12-29,903,4488,504,2989,399,1499,0,0,903,4488,0,0,903,4488,California
San Luis Obispo,2020-12-30,1170,5658,679,3668,491,1990,0,0,1170,5658,0,0,1170,5658,California
San Luis Obispo,2020-12-31,107,5765,4,3672,103,2093,0,0,107,5765,0,0,107,5765,California
San Luis Obispo,2021-01-01,13,5778,8,3680,5,2098,0,0,13,5778,0,0,13,5778,California
San Luis Obispo,2021-01-02,34,5812,8,3688,26,2124,0,0,34,5812,0,0,34,5812,California
San Luis Obispo,2021-01-03,16,5828,6,3694,10,2134,0,0,16,5828,0,0,16,5828,California
San Luis Obispo,2021-01-04,681,6509,525,4219,156,2290,0,0,681,6509,0,0,681,6509,California
San Luis Obispo,2021-01-05,972,7481,754,4973,218,2508,0,0,970,7477,2,2,970,7479,California
San Luis Obispo,2021-01-06,727,8208,480,5453,247,2755,0,0,719,8189,7,9,719,8198,California
San Luis Obispo,2021-01-07,1127,9335,949,6402,178,2933,0,0,684,8430,443,452,684,8882,California
San Luis Obispo,2021-01-08,882,10217,804,7206,78,3011,0,0,513,8575,368,820,513,9395,California
San Luis Obispo,2021-01-09,205,10422,195,7401,10,3021,0,0,28,8426,177,997,28,9423,California
San Luis Obispo,2021-01-10,12,10434,8,7409,4,3025,0,0,8,8430,4,1001,8,9431,California
San Luis Obispo,2021-01-11,560,10994,509,7918,51,3076,0,0,298,8467,261,1262,298,9729,California
San Luis Obispo,2021-01-12,599,11593,382,8300,217,3293,0,0,318,8504,281,1543,318,10047,California
San Luis Obispo,2021-01-13,884,12477,256,8556,628,3921,0,0,648,8918,234,1777,648,10695,California
San Luis Obispo,2021-01-14,728,13205,242,8798,486,4407,0,0,602,9407,113,1890,602,11297,California
San Luis Obispo,2021-01-15,727,13932,286,9084,441,4848,0,0,554,9793,168,2058,554,11851,California
San Luis Obispo,2021-01-16,100,14032,81,9165,19,4867,0,0,95,9883,5,2063,95,11946,California
San Luis Obispo,2021-01-17,64,14096,58,9223,6,4873,0,0,64,9947,0,2063,64,12010,California
San Luis Obispo,2021-01-18,1371,15467,388,9611,983,5856,0,0,1108,10792,263,2326,1108,13118,California
San Luis Obispo,2021-01-19,1583,17050,417,10028,1166,7022,0,0,1175,11559,408,2734,1175,14293,California
San Luis Obispo,2021-01-20,1887,18937,598,10626,1289,8311,0,0,1297,12269,588,3322,1298,15591,California
San Luis Obispo,2021-01-21,1572,20509,467,11093,1105,9416,0,0,1200,13102,368,3690,1201,16792,California
San Luis Obispo,2021-01-22,1519,22028,505,11598,1014,10430,0,0,1204,13993,313,4003,1204,17996,California
San Luis Obispo,2021-01-23,311,22339,293,11891,18,10448,0,0,295,14272,16,4019,295,18291,California
San Luis Obispo,2021-01-24,244,22583,236,12127,8,10456,0,0,238,14504,6,4025,238,18529,California
San Luis Obispo,2021-01-25,2075,24658,600,12727,1475,11931,0,0,1246,14921,829,4854,1246,19775,California
San Luis Obispo,2021-01-26,2000,26658,699,13426,1301,13232,0,0,1139,15199,861,5715,1139,20914,California
San Luis Obispo,2021-01-27,1609,28267,283,13709,1326,14558,0,0,1151,15892,458,6173,1151,22065,California
San Luis Obispo,2021-01-28,1496,29763,344,14053,1152,15710,0,0,1234,16866,260,6433,1234,23299,California
San Luis Obispo,2021-01-29,1737,31500,681,14734,1056,16766,0,0,1452,18033,285,6718,1452,24751,California
San Luis Obispo,2021-01-30,38,31538,19,14753,19,16785,0,0,26,18048,11,6729,26,24777,California
San Luis Obispo,2021-01-31,27,31565,19,14772,8,16793,0,0,25,18071,2,6731,25,24802,California
San Luis Obispo,2021-02-01,1710,33275,741,15513,969,17762,0,0,1407,19176,302,7033,1407,26209,California
San Luis Obispo,2021-02-02,1897,35172,679,16192,1218,18980,0,0,1522,20323,375,7408,1522,27731,California
San Luis Obispo,2021-02-03,1708,36880,729,16921,979,19959,0,0,1294,21203,414,7822,1294,29025,California
San Luis Obispo,2021-02-04,1660,38540,802,17723,858,20817,0,0,1093,21730,567,8389,1094,30119,California
San Luis Obispo,2021-02-05,1604,40144,715,18438,889,21706,0,0,1060,22246,545,8934,1061,31180,California
San Luis Obispo,2021-02-06,175,40319,108,18546,67,21773,0,0,95,22261,80,9014,95,31275,California
San Luis Obispo,2021-02-07,125,40444,80,18626,45,21818,0,0,72,22281,53,9067,73,31348,California
San Luis Obispo,2021-02-08,857,41301,469,19095,388,22206,0,0,499,22423,357,9424,499,31847,California
San Luis Obispo,2021-02-09,1124,42425,449,19544,675,22881,0,0,543,22398,575,9999,550,32397,California
San Luis Obispo,2021-02-10,1438,43863,489,20033,949,23830,0,0,530,22024,907,10906,533,32930,California
San Luis Obispo,2021-02-11,1330,45193,843,20876,487,24317,0,0,656,22008,672,11578,656,33586,California
San Luis Obispo,2021-02-12,786,45979,362,21238,424,24741,0,0,421,22064,365,11943,421,34007,California
San Luis Obispo,2021-02-13,394,46373,127,21365,267,25008,0,0,286,22243,107,12050,286,34293,California
San Luis Obispo,2021-02-14,318,46691,41,21406,277,25285,0,0,282,22490,36,12086,283,34576,California
San Luis Obispo,2021-02-15,728,47419,138,21544,590,25875,0,0,474,22711,253,12339,474,35050,California
San Luis Obispo,2021-02-16,2965,50384,1198,22742,1767,27642,0,0,1359,22464,1606,13945,1359,36409,California
San Luis Obispo,2021-02-17,2779,53163,1238,23980,1541,29183,0,0,1029,21752,1741,15686,1029,37438,California
San Luis Obispo,2021-02-18,2828,55991,1461,25441,1367,30550,0,0,1135,21203,1685,17371,1136,38574,California
San Luis Obispo,2021-02-19,1459,57450,1338,26779,121,30671,0,0,1134,22013,324,17695,1134,39708,California
San Luis Obispo,2021-02-20,254,57704,81,26860,173,30844,0,0,216,22191,38,17733,216,39924,California
San Luis Obispo,2021-02-21,57,57761,53,26913,4,30848,0,0,32,22198,25,17758,32,39956,California
San Luis Obispo,2021-02-22,2412,60173,1865,28778,547,31395,0,0,1466,22719,946,18704,1467,41423,California
San Luis Obispo,2021-02-23,1861,62034,1746,30524,115,31510,0,0,1367,23594,493,19197,1368,42791,California
San Luis Obispo,2021-02-24,2645,64679,1301,31825,1344,32854,0,0,835,22622,1807,21004,835,43626,California
San Luis Obispo,2021-02-25,2132,66811,1243,33068,889,33743,0,0,1206,22909,920,21924,1207,44833,California
San Luis Obispo,2021-02-26,2649,69460,1150,34218,1499,35242,0,0,1326,22921,1314,23238,1326,46159,California
San Luis Obispo,2021-02-27,575,70035,349,34567,226,35468,0,0,525,23396,50,23288,525,46684,California
San Luis Obispo,2021-02-28,196,70231,69,34636,127,35595,0,0,161,23523,34,23322,161,46845,California
San Luis Obispo,2021-03-01,3004,73235,1877,36513,1125,36720,2,2,2074,24669,931,24253,2077,48922,California
San Luis Obispo,2021-03-02,3027,76262,1910,38423,1117,37837,0,2,1874,25396,1148,25401,1875,50797,California
San Luis Obispo,2021-03-03,2343,78605,339,38762,2004,39841,0,2,849,24759,1488,26889,851,51648,California
San Luis Obispo,2021-03-04,2197,80802,1160,39922,1037,40878,0,2,1181,24929,1013,27902,1183,52831,California
San Luis Obispo,2021-03-05,2301,83103,1021,40943,1210,42088,70,72,1297,25306,990,28892,1367,54198,California
San Luis Obispo,2021-03-06,837,83940,310,41253,420,42508,107,179,617,25804,220,29112,718,54916,California
San Luis Obispo,2021-03-07,201,84141,33,41286,84,42592,84,263,73,25834,127,29239,157,55073,California
San Luis Obispo,2021-03-08,2738,86879,760,42046,1662,44254,316,579,1543,26502,1191,30430,1859,56932,California
San Luis Obispo,2021-03-09,2950,89829,968,43014,1734,45988,248,827,1526,26856,1420,31850,1774,58706,California
San Luis Obispo,2021-03-10,3196,93025,1241,44255,1673,47661,282,1109,1814,27574,1378,33228,2096,60802,California
San Luis Obispo,2021-03-11,3297,96322,1272,45527,1702,49363,323,1432,1805,28219,1482,34710,2127,62929,California
San Luis Obispo,2021-03-12,3251,99573,1282,46809,1631,50994,338,1770,1617,28551,1626,36336,1958,64887,California
San Luis Obispo,2021-03-13,798,100371,262,47071,427,51421,109,1879,432,28729,365,36701,543,65430,California
San Luis Obispo,2021-03-14,514,100885,53,47124,350,51771,111,1990,134,28595,379,37080,245,65675,California
San Luis Obispo,2021-03-15,3058,103943,1098,48222,1862,53633,98,2088,1529,28698,1525,38605,1628,67303,California
San Luis Obispo,2021-03-16,2849,106792,1510,49732,1229,54862,110,2198,1435,28834,1408,40013,1544,68847,California
San Luis Obispo,2021-03-17,3436,110228,1449,51181,1726,56588,261,2459,1989,29647,1436,41449,2249,71096,California
San Luis Obispo,2021-03-18,2810,113038,1447,52628,1149,57737,214,2673,1337,29729,1468,42917,1550,72646,California
San Luis Obispo,2021-03-19,2590,115628,1567,54195,702,58439,321,2994,958,29386,1624,44541,1281,73927,California
San Luis Obispo,2021-03-20,840,116468,502,54697,301,58740,37,3031,386,29356,453,44994,423,74350,California
San Luis Obispo,2021-03-21,187,116655,45,54742,139,58879,3,3034,157,29487,29,45023,160,74510,California
San Luis Obispo,2021-03-22,2697,119352,1171,55913,1478,60357,48,3082,1867,30576,826,45849,1915,76425,California
San Luis Obispo,2021-03-23,3381,122733,2211,58124,1138,61495,32,3114,2263,31758,1113,46962,2295,78720,California
San Luis Obispo,2021-03-24,3526,126259,2146,60270,1295,62790,85,3199,2624,33570,896,47858,2708,81428,California
San Luis Obispo,2021-03-25,3682,129941,2299,62569,1371,64161,12,3211,2634,35171,1044,48902,2645,84073,California
San Luis Obispo,2021-03-26,3217,133158,1782,64351,1002,65163,433,3644,1803,36001,1409,50311,2239,86312,California
San Luis Obispo,2021-03-27,994,134152,507,64858,395,65558,92,3736,452,36005,540,50851,544,86856,California
San Luis Obispo,2021-03-28,446,134598,153,65011,237,65795,56,3792,245,36106,200,51051,301,87157,California
San Luis Obispo,2021-03-29,2597,137195,1296,66307,1168,66963,133,3925,1657,36970,926,51977,1790,88947,California
San Luis Obispo,2021-03-30,3512,140707,1921,68228,1448,68411,143,4068,2336,38278,1170,53147,2478,91425,California
San Luis Obispo,2021-03-31,3879,144586,2467,70695,1266,69677,146,4214,2500,39555,1368,54515,2645,94070,California
San Luis Obispo,2021-04-01,3865,148451,2439,73134,1307,70984,119,4333,2703,41229,1149,55664,2823,96893,California
San Luis Obispo,2021-04-02,1750,150201,689,73823,748,71732,313,4646,950,41692,798,56462,1261,98154,California
San Luis Obispo,2021-04-03,1110,151311,557,74380,426,72158,127,4773,493,41699,613,57075,620,98774,California
San Luis Obispo,2021-04-04,383,151694,131,74511,212,72370,40,4813,236,41828,147,57222,276,99050,California
San Luis Obispo,2021-04-05,3617,155311,1949,76460,1557,73927,111,4924,2025,42378,1589,58811,2139,101189,California
San Luis Obispo,2021-04-06,4054,159365,2158,78618,1573,75500,323,5247,1938,42545,2107,60918,2274,103463,California
San Luis Obispo,2021-04-07,4310,163675,2347,80965,1597,77097,366,5613,2460,43543,1835,62753,2833,106296,California
San Luis Obispo,2021-04-08,4051,167726,2203,83168,1442,78539,406,6019,2157,44228,1887,64640,2572,108868,California
San Luis Obispo,2021-04-09,3673,171399,1750,84918,1163,79702,760,6779,1511,44342,2151,66791,2265,111133,California
San Luis Obispo,2021-04-10,1587,172986,567,85485,355,80057,665,7444,496,44410,1091,67882,1159,112292,California
San Luis Obispo,2021-04-11,314,173300,63,85548,186,80243,65,7509,125,44413,187,68069,190,112482,California
San Luis Obispo,2021-04-12,3389,176689,1704,87252,1522,81765,163,7672,1416,44024,1973,70042,1584,114066,California
San Luis Obispo,2021-04-13,3654,180343,2108,89360,1545,83310,1,7673,1968,44312,1684,71726,1972,116038,California
San Luis Obispo,2021-04-14,3518,183861,1985,91345,1528,84838,5,7678,1768,44345,1736,73462,1769,117807,California
San Luis Obispo,2021-04-15,3699,187560,2409,93754,1289,86127,1,7679,1980,44626,1701,75163,1982,119789,California
San Luis Obispo,2021-04-16,3634,191194,2214,95968,1416,87543,4,7683,1788,44575,1841,77004,1790,121579,California
San Luis Obispo,2021-04-17,1093,192287,431,96399,660,88203,2,7685,711,44907,381,77385,713,122292,California
San Luis Obispo,2021-04-18,321,192608,99,96498,221,88424,1,7686,111,44811,207,77592,111,122403,California
San Luis Obispo,2021-04-19,3169,195777,1321,97819,1810,90234,38,7724,1125,43938,2038,79630,1165,123568,California
San Luis Obispo,2021-04-20,3579,199356,1983,99802,1596,91830,0,7724,1343,43059,2223,81853,1344,124912,California
San Luis Obispo,2021-04-21,3916,203272,1803,101605,2113,93943,0,7724,1590,42344,2305,84158,1590,126502,California
San Luis Obispo,2021-04-22,4580,207852,2056,103661,2524,96467,0,7724,1428,40639,3135,87293,1430,127932,California
San Luis Obispo,2021-04-23,1460,209312,843,104504,613,97080,4,7728,699,40593,756,88049,710,128642,California
San Luis Obispo,2021-04-24,1079,210391,439,104943,621,97701,19,7747,505,40536,581,88630,524,129166,California
San Luis Obispo,2021-04-25,346,210737,161,105104,185,97886,0,7747,113,40417,232,88862,113,129279,California
San Luis Obispo,2021-04-26,964,211701,336,105440,611,98497,17,7764,357,40195,595,89457,373,129652,California
San Luis Obispo,2021-04-27,3706,215407,1922,107362,1714,100211,70,7834,1429,39424,2269,91726,1498,131150,California
San Luis Obispo,2021-04-28,3729,219136,2089,109451,1568,101779,72,7906,1279,38340,2435,94161,1351,132501,California
San Luis Obispo,2021-04-29,3661,222797,2112,111563,1480,103259,69,7975,1215,37193,2432,96593,1285,133786,California
San Luis Obispo,2021-04-30,2974,225771,1668,113231,1232,104491,74,8049,928,36164,2029,98622,1000,134786,California
San Luis Obispo,2021-05-01,473,226244,161,113392,276,104767,36,8085,100,35930,369,98991,135,134921,California
San Luis Obispo,2021-05-02,170,226414,52,113444,98,104865,20,8105,42,35864,128,99119,62,134983,California
San Luis Obispo,2021-05-03,887,227301,290,113734,494,105359,103,8208,225,35529,661,99780,326,135309,California
San Luis Obispo,2021-05-04,2923,230224,1897,115631,963,106322,63,8271,863,34400,2052,101832,923,136232,California
San Luis Obispo,2021-05-05,2805,233029,1851,117482,888,107210,66,8337,688,33049,2106,103938,755,136987,California
San Luis Obispo,2021-05-06,2801,235830,1887,119369,854,108064,60,8397,731,31785,2055,105993,791,137778,California
San Luis Obispo,2021-05-07,2315,238145,1755,121124,498,108562,62,8459,607,30770,1687,107680,672,138450,California
San Luis Obispo,2021-05-08,566,238711,333,121457,209,108771,24,8483,191,30628,357,108037,215,138665,California
San Luis Obispo,2021-05-09,164,238875,41,121498,104,108875,19,8502,46,30576,117,108154,65,138730,California
San Luis Obispo,2021-05-10,720,239595,151,121649,521,109396,48,8550,153,30214,562,108716,200,138930,California
San Luis Obispo,2021-05-11,1165,240760,596,122245,499,109895,70,8620,357,29837,804,109520,427,139357,California
San Luis Obispo,2021-05-12,2365,243125,1576,123821,707,110602,82,8702,660,28889,1690,111210,742,140099,California
San Luis Obispo,2021-05-13,1038,244163,650,124471,329,110931,59,8761,445,28803,589,111799,503,140602,California
San Luis Obispo,2021-05-14,2206,246369,1619,126090,543,111474,44,8805,917,28494,1272,113071,963,141565,California
San Luis Obispo,2021-05-15,994,247363,459,126549,501,111975,34,8839,471,28479,521,113592,506,142071,California
San Luis Obispo,2021-05-16,305,247668,163,126712,136,112111,6,8845,172,28525,132,113724,178,142249,California
San Luis Obispo,2021-05-17,1658,249326,964,127676,642,112753,52,8897,668,28265,981,114705,721,142970,California
San Luis Obispo,2021-05-18,1888,251214,1150,128826,706,113459,32,8929,727,27869,1156,115861,760,143730,California
San Luis Obispo,2021-05-19,1444,252658,623,129449,759,114218,62,8991,416,27323,1023,116884,477,144207,California
San Luis Obispo,2021-05-20,973,253631,444,129893,498,114716,31,9022,274,26940,688,117572,305,144512,California
San Luis Obispo,2021-05-21,864,254495,488,130381,339,115055,37,9059,405,26932,450,118022,442,144954,California
San Luis Obispo,2021-05-22,533,255028,282,130663,226,115281,25,9084,283,26996,243,118265,307,145261,California
San Luis Obispo,2021-05-23,74,255102,43,130706,27,115308,4,9088,33,26992,41,118306,37,145298,California
San Luis Obispo,2021-05-24,562,255664,261,130967,266,115574,35,9123,220,26907,340,118646,255,145553,California
San Luis Obispo,2021-05-25,849,256513,425,131392,402,115976,22,9145,357,26800,486,119132,379,145932,California
San Luis Obispo,2021-05-26,2029,258542,960,132352,1015,116991,54,9199,662,26151,1363,120495,714,146646,California
San Luis Obispo,2021-05-27,1790,260332,641,132993,1116,118107,33,9232,471,25341,1314,121809,504,147150,California
San Luis Obispo,2021-05-28,871,261203,460,133453,390,118497,21,9253,462,25418,407,122216,484,147634,California
San Luis Obispo,2021-05-29,365,261568,152,133605,202,118699,11,9264,203,25472,161,122377,215,147849,California
San Luis Obispo,2021-05-30,86,261654,36,133641,43,118742,7,9271,34,25461,51,122428,40,147889,California
San Luis Obispo,2021-05-31,39,261693,4,133645,21,118763,14,9285,13,25463,24,122452,26,147915,California
San Luis Obispo,2021-06-01,715,262408,316,133961,371,119134,28,9313,255,25289,456,122908,282,148197,California
San Luis Obispo,2021-06-02,113,262521,19,133980,79,119213,15,9328,30,25250,82,122990,43,148240,California
San Mateo,2020-12-15,26,26,26,26,0,0,0,0,26,26,0,0,26,26,California
San Mateo,2020-12-16,111,137,111,137,0,0,0,0,111,137,0,0,111,137,California
San Mateo,2020-12-17,164,301,164,301,0,0,0,0,164,301,0,0,164,301,California
San Mateo,2020-12-18,741,1042,739,1040,2,2,0,0,741,1042,0,0,741,1042,California
San Mateo,2020-12-19,514,1556,514,1554,0,2,0,0,514,1556,0,0,514,1556,California
San Mateo,2020-12-20,522,2078,521,2075,1,3,0,0,522,2078,0,0,522,2078,California
San Mateo,2020-12-21,1180,3258,1180,3255,0,3,0,0,1180,3258,0,0,1180,3258,California
San Mateo,2020-12-22,1561,4819,1553,4808,8,11,0,0,1561,4819,0,0,1561,4819,California
San Mateo,2020-12-23,1606,6425,1415,6223,191,202,0,0,1606,6425,0,0,1606,6425,California
San Mateo,2020-12-24,884,7309,627,6850,257,459,0,0,884,7309,0,0,884,7309,California
San Mateo,2020-12-25,119,7428,115,6965,4,463,0,0,119,7428,0,0,119,7428,California
San Mateo,2020-12-26,562,7990,419,7384,143,606,0,0,562,7990,0,0,562,7990,California
San Mateo,2020-12-27,305,8295,175,7559,130,736,0,0,305,8295,0,0,305,8295,California
San Mateo,2020-12-28,1058,9353,712,8271,346,1082,0,0,1058,9353,0,0,1058,9353,California
San Mateo,2020-12-29,1131,10484,705,8976,426,1508,0,0,1131,10484,0,0,1131,10484,California
San Mateo,2020-12-30,1264,11748,759,9735,505,2013,0,0,1264,11748,0,0,1264,11748,California
San Mateo,2020-12-31,718,12466,231,9966,487,2500,0,0,717,12464,1,1,717,12465,California
San Mateo,2021-01-01,89,12555,60,10026,29,2529,0,0,89,12553,0,1,89,12554,California
San Mateo,2021-01-02,398,12953,268,10294,130,2659,0,0,398,12951,0,1,398,12952,California
San Mateo,2021-01-03,284,13237,209,10503,75,2734,0,0,281,13229,3,4,281,13233,California
San Mateo,2021-01-04,1051,14288,678,11181,373,3107,0,0,1051,14280,0,4,1051,14284,California
San Mateo,2021-01-05,1207,15495,711,11892,496,3603,0,0,1178,15430,29,33,1179,15463,California
San Mateo,2021-01-06,1454,16949,955,12847,499,4102,0,0,1270,16520,181,214,1271,16734,California
San Mateo,2021-01-07,1458,18407,810,13657,648,4750,0,0,1169,17408,282,496,1170,17904,California
San Mateo,2021-01-08,1846,20253,1195,14852,651,5401,0,0,1149,17868,690,1186,1150,19054,California
San Mateo,2021-01-09,1178,21431,776,15628,402,5803,0,0,720,18130,458,1644,720,19774,California
San Mateo,2021-01-10,706,22137,580,16208,126,5929,0,0,266,17956,440,2084,266,20040,California
San Mateo,2021-01-11,2601,24738,1493,17701,1108,7037,0,0,1528,18412,1074,3158,1530,21570,California
San Mateo,2021-01-12,3404,28142,1896,19597,1508,8545,0,0,2215,19444,1187,4345,2219,23789,California
San Mateo,2021-01-13,3394,31536,1660,21257,1734,10279,0,0,2357,20766,1037,5382,2359,26148,California
San Mateo,2021-01-14,3782,35318,1587,22844,2195,12474,0,0,3095,23179,687,6069,3100,29248,California
San Mateo,2021-01-15,4328,39646,1709,24553,2619,15093,0,0,3796,26447,530,6599,3798,33046,California
San Mateo,2021-01-16,3073,42719,764,25317,2309,17402,0,0,2751,28877,322,6921,2752,35798,California
San Mateo,2021-01-17,1316,44035,308,25625,1008,18410,0,0,1108,29777,208,7129,1108,36906,California
San Mateo,2021-01-18,1373,45408,538,26163,835,19245,0,0,995,30397,375,7504,995,37901,California
San Mateo,2021-01-19,2803,48211,1797,27960,1006,20251,0,0,2004,31605,796,8300,2004,39905,California
San Mateo,2021-01-20,2804,51015,1547,29507,1257,21508,0,0,1960,32725,841,9141,1961,41866,California
San Mateo,2021-01-21,2859,53874,1302,30809,1557,23065,0,0,2266,34403,591,9732,2269,44135,California
San Mateo,2021-01-22,2802,56676,1138,31947,1664,24729,0,0,2502,36608,298,10030,2503,46638,California
San Mateo,2021-01-23,2882,59558,1689,33636,1193,25922,0,0,2519,38765,363,10393,2520,49158,California
San Mateo,2021-01-24,1519,61077,375,34011,1144,27066,0,0,1208,39664,310,10703,1209,50367,California
San Mateo,2021-01-25,4435,65512,3156,37167,1279,28345,0,0,3534,42303,899,11602,3538,53905,California
San Mateo,2021-01-26,4298,69810,2984,40151,1314,29659,0,0,3379,44765,918,12520,3380,57285,California
San Mateo,2021-01-27,2787,72597,1466,41617,1321,30980,0,0,1794,45573,987,13507,1795,59080,California
San Mateo,2021-01-28,2803,75400,1355,42972,1448,32428,0,0,1948,46681,840,14347,1948,61028,California
San Mateo,2021-01-29,2989,78389,1347,44319,1642,34070,0,0,2150,47997,837,15184,2153,63181,California
San Mateo,2021-01-30,3410,81799,1482,45801,1928,35998,0,0,2951,50491,458,15642,2952,66133,California
San Mateo,2021-01-31,1679,83478,896,46697,783,36781,0,0,1517,51847,161,15803,1517,67650,California
San Mateo,2021-02-01,2940,86418,1356,48053,1584,38365,0,0,2222,53356,714,16517,2223,69873,California
San Mateo,2021-02-02,3175,89593,1734,49787,1441,39806,0,0,2161,54506,1011,17528,2161,72034,California
San Mateo,2021-02-03,4995,94588,2059,51846,2936,42742,0,0,3850,57214,1143,18671,3851,75885,California
San Mateo,2021-02-04,6200,100788,2495,54341,3705,46447,0,0,4922,60867,1273,19944,4926,80811,California
San Mateo,2021-02-05,6804,107592,2556,56897,4248,50695,0,0,4975,64030,1812,21756,4975,85786,California
San Mateo,2021-02-06,3280,110872,1914,58811,1366,52061,0,0,2625,66003,654,22410,2627,88413,California
San Mateo,2021-02-07,1905,112777,1352,60163,553,52614,0,0,1713,67524,192,22602,1713,90126,California
San Mateo,2021-02-08,5286,118063,2254,62417,3032,55646,0,0,3111,68525,2110,24712,3111,93237,California
San Mateo,2021-02-09,6188,124251,3226,65643,2962,58608,0,0,3340,69023,2842,27554,3340,96577,California
San Mateo,2021-02-10,6515,130766,3280,68923,3235,61843,0,0,3426,69371,3078,30632,3426,100003,California
San Mateo,2021-02-11,7048,137814,3574,72497,3474,65317,0,0,3789,69913,3250,33882,3792,103795,California
San Mateo,2021-02-12,6636,144450,2964,75461,3672,68989,0,0,4704,72690,1929,35811,4706,108501,California
San Mateo,2021-02-13,6120,150570,4021,79482,2099,71088,0,0,2639,71853,3476,39287,2639,111140,California
San Mateo,2021-02-14,4643,155213,3025,82507,1618,72706,0,0,1984,71186,2652,41939,1985,113125,California
San Mateo,2021-02-15,3166,158379,1456,83963,1710,74416,0,0,1790,71607,1370,43309,1791,114916,California
San Mateo,2021-02-16,7159,165538,1883,85846,5276,79692,0,0,5285,75022,1872,45181,5287,120203,California
San Mateo,2021-02-17,7079,172617,1951,87797,5128,84820,0,0,5060,78069,2015,47196,5062,125265,California
San Mateo,2021-02-18,6665,179282,4600,92397,2065,86885,0,0,4439,80289,2222,49418,4442,129707,California
San Mateo,2021-02-19,7780,187062,5585,97982,2195,89080,0,0,5778,84072,1995,51413,5778,135485,California
San Mateo,2021-02-20,3737,190799,2423,100405,1314,90394,0,0,2307,84956,1423,52836,2307,137792,California
San Mateo,2021-02-21,2612,193411,1772,102177,840,91234,0,0,1564,85479,1041,53877,1564,139356,California
San Mateo,2021-02-22,4433,197844,3215,105392,1218,92452,0,0,2799,86651,1628,55505,2800,142156,California
San Mateo,2021-02-23,4351,202195,3108,108500,1243,93695,0,0,2539,87386,1804,57309,2539,144695,California
San Mateo,2021-02-24,7311,209506,3286,111786,4025,97720,0,0,4882,89849,2420,59729,4883,149578,California
San Mateo,2021-02-25,9118,218624,4031,115817,5087,102807,0,0,6036,92820,3066,62795,6037,155615,California
San Mateo,2021-02-26,9782,228406,3725,119542,6057,108864,0,0,6854,96764,2914,65709,6858,162473,California
San Mateo,2021-02-27,6794,235200,3498,123040,3295,112159,1,1,3686,97354,3102,68811,3692,166165,California
San Mateo,2021-02-28,4135,239335,2520,125560,1615,113774,0,1,2557,98340,1572,70383,2558,168723,California
San Mateo,2021-03-01,5756,245091,3628,129188,2126,115900,2,3,2873,98347,2868,73251,2875,171598,California
San Mateo,2021-03-02,6271,251362,4457,133645,1813,117713,1,4,3639,99364,2624,75875,3641,175239,California
San Mateo,2021-03-03,8474,259836,3992,137637,4480,122193,2,6,3665,98234,4797,80672,3667,178906,California
San Mateo,2021-03-04,8522,268358,4007,141644,4512,126705,3,9,3857,97451,4645,85317,3862,182768,California
San Mateo,2021-03-05,9365,277723,6243,147887,3118,129823,4,13,6582,101277,2763,88080,6589,189357,California
San Mateo,2021-03-06,7976,285699,5555,153442,2246,132069,175,188,5855,105195,2111,90191,6029,195386,California
San Mateo,2021-03-07,3611,289310,2451,155893,1090,133159,70,258,2135,105928,1472,91663,2205,197591,California
San Mateo,2021-03-08,4546,293856,2579,158472,1750,134909,217,475,3321,108246,1218,92881,3536,201127,California
San Mateo,2021-03-09,5342,299198,2868,161340,2197,137106,277,752,3746,110680,1585,94466,4019,205146,California
San Mateo,2021-03-10,7212,306410,2912,164252,4015,141121,285,1037,4818,113401,2381,96847,5102,210248,California
San Mateo,2021-03-11,9159,315569,5760,170012,3006,144127,393,1430,3737,112139,5391,102238,4129,214377,California
San Mateo,2021-03-12,10615,326184,6692,176704,3537,147664,386,1816,3597,109126,7000,109238,3987,218364,California
San Mateo,2021-03-13,8227,334411,3513,180217,3081,150745,1633,3449,3989,110515,4226,113464,5615,223979,California
San Mateo,2021-03-14,5011,339422,3382,183599,1522,152267,107,3556,2674,110967,2330,115794,2782,226761,California
San Mateo,2021-03-15,7224,346646,4670,188269,2378,154645,176,3732,3810,111546,3408,119202,3987,230748,California
San Mateo,2021-03-16,11965,358611,4405,192674,7438,162083,122,3854,4830,109383,7118,126320,4955,235703,California
San Mateo,2021-03-17,10890,369501,4432,197106,6330,168413,128,3982,4925,108501,5938,132258,5056,240759,California
San Mateo,2021-03-18,7318,376819,4114,201220,3021,171434,183,4165,4344,110060,2967,135225,4526,245285,California
San Mateo,2021-03-19,7482,384301,4841,206061,1971,173405,670,4835,3654,110566,3818,139043,4324,249609,California
San Mateo,2021-03-20,8423,392724,6536,212597,1545,174950,342,5177,5431,113360,2978,142021,5772,255381,California
San Mateo,2021-03-21,4253,396977,3221,215818,798,175748,234,5411,2380,114109,1862,143883,2611,257992,California
San Mateo,2021-03-22,5294,402271,3605,219423,1268,177016,421,5832,2839,114928,2441,146324,3260,261252,California
San Mateo,2021-03-23,9843,412114,4504,223927,5143,182159,196,6028,4424,114158,5389,151713,4619,265871,California
San Mateo,2021-03-24,9525,421639,5517,229444,3864,186023,144,6172,4092,113030,5362,157075,4234,270105,California
San Mateo,2021-03-25,10143,431782,4977,234421,4886,190909,280,6452,4456,112186,5583,162658,4739,274844,California
San Mateo,2021-03-26,11290,443072,7780,242201,3344,194253,166,6618,4350,109809,6901,169559,4524,279368,California
San Mateo,2021-03-27,10582,453654,8104,250305,2371,196624,107,6725,4675,108700,5888,175447,4779,284147,California
San Mateo,2021-03-28,4306,457960,2794,253099,1400,198024,112,6837,2017,108551,2279,177726,2130,286277,California
San Mateo,2021-03-29,6079,464039,3788,256887,2039,200063,252,7089,2762,108268,3298,181024,3015,289292,California
San Mateo,2021-03-30,7167,471206,4094,260981,2920,202983,153,7242,3846,108963,3305,184329,4000,293292,California
San Mateo,2021-03-31,7310,478516,4628,265609,2540,205523,142,7384,3858,109530,3434,187763,4001,297293,California
San Mateo,2021-04-01,10623,489139,5249,270858,4165,209688,1209,8593,5692,111543,4885,192648,6898,304191,California
San Mateo,2021-04-02,10905,500044,5226,276084,4064,213752,1615,10208,5711,113699,5173,197821,7329,311520,California
San Mateo,2021-04-03,10009,510053,5756,281840,2474,216226,1779,11987,5112,115703,4888,202709,6892,318412,California
San Mateo,2021-04-04,5454,515507,2628,284468,1572,217798,1254,13241,1701,114919,3738,206447,2954,321366,California
San Mateo,2021-04-05,9000,524507,4801,289269,2460,220258,1739,14980,3839,115349,5144,211591,5574,326940,California
San Mateo,2021-04-06,13235,537742,8255,297524,3119,223377,1861,16841,7522,119038,5699,217290,9388,336328,California
San Mateo,2021-04-07,11441,549183,5285,302809,4462,227839,1694,18535,4850,119011,6570,223860,6543,342871,California
San Mateo,2021-04-08,10187,559370,5072,307881,2511,230350,2604,21139,4510,120457,5660,229520,7106,349977,California
San Mateo,2021-04-09,11373,570743,5535,313416,3352,233702,2486,23625,5103,121790,6268,235788,7601,357578,California
San Mateo,2021-04-10,11276,582019,5719,319135,4113,237815,1444,25069,4667,121325,6582,242370,6117,363695,California
San Mateo,2021-04-11,6635,588654,3297,322432,873,238688,2465,27534,2305,121768,4322,246692,4765,368460,California
San Mateo,2021-04-12,7322,595976,4475,326907,1885,240573,962,28496,3536,122501,3765,250457,4498,372958,California
San Mateo,2021-04-13,8189,604165,5104,332011,3076,243649,9,28505,4336,123004,3845,254302,4348,377306,California
San Mateo,2021-04-14,8318,612483,5374,337385,2943,246592,1,28506,4254,123219,4047,258349,4262,381568,California
San Mateo,2021-04-15,11114,623597,7388,344773,3724,250316,2,28508,7267,126667,3822,262171,7270,388838,California
San Mateo,2021-04-16,9985,633582,6877,351650,3092,253408,16,28524,6328,129378,3638,265809,6349,395187,California
San Mateo,2021-04-17,9769,643351,6482,358132,3285,256693,2,28526,6167,131960,3592,269401,6174,401361,California
San Mateo,2021-04-18,5432,648783,2596,360728,2836,259529,0,28526,3662,133868,1760,271161,3668,405029,California
San Mateo,2021-04-19,8384,657167,5452,366180,2932,262461,0,28526,5448,136403,2922,274083,5457,410486,California
San Mateo,2021-04-20,10317,667484,5747,371927,4569,267030,1,28527,6636,139390,3660,277743,6647,417133,California
San Mateo,2021-04-21,9015,676499,6089,378016,2926,269956,0,28527,5564,141527,3433,281176,5570,422703,California
San Mateo,2021-04-22,9601,686100,6415,384431,3185,273141,1,28528,5329,142620,4241,285417,5334,428037,California
San Mateo,2021-04-23,9459,695559,6215,390646,3244,276385,0,28528,5299,143800,4134,289551,5314,433351,California
San Mateo,2021-04-24,11278,706837,8040,398686,3238,279623,0,28528,5814,144181,5441,294992,5822,439173,California
San Mateo,2021-04-25,5532,712369,3865,402551,1665,281288,2,28530,3930,146534,1588,296580,3941,443114,California
San Mateo,2021-04-26,6328,718697,4625,407176,1695,282983,8,28538,3645,147527,2672,299252,3665,446779,California
San Mateo,2021-04-27,11037,729734,7846,415022,3082,286065,109,28647,4449,145532,6558,305810,4563,451342,California
San Mateo,2021-04-28,7683,737417,4435,419457,3044,289109,204,28851,4024,146115,3649,309459,4232,455574,California
San Mateo,2021-04-29,7933,745350,3718,423175,4041,293150,174,29025,3510,145416,4395,313854,3696,459270,California
San Mateo,2021-04-30,8083,753433,5070,428245,2859,296009,154,29179,3413,144352,4645,318499,3581,462851,California
San Mateo,2021-05-01,6154,759587,4125,432370,1911,297920,118,29297,2661,143665,3477,321976,2790,465641,California
San Mateo,2021-05-02,3180,762767,1744,434114,1365,299285,71,29368,1147,142862,2025,324001,1222,466863,California
San Mateo,2021-05-03,5985,768752,4464,438578,1377,300662,144,29512,1847,140723,4130,328131,1991,468854,California
San Mateo,2021-05-04,7240,775992,4903,443481,2165,302827,172,29684,2470,138612,4765,332896,2654,471508,California
San Mateo,2021-05-05,6840,782832,4464,447945,2216,305043,160,29844,2376,136717,4434,337330,2539,474047,California
San Mateo,2021-05-06,8536,791368,6660,454605,1701,306744,175,30019,1738,131855,6779,344109,1917,475964,California
San Mateo,2021-05-07,8197,799565,5860,460465,2052,308796,285,30304,1827,127633,6345,350454,2123,478087,California
San Mateo,2021-05-08,6649,806214,4027,464492,2383,311179,239,30543,1832,124904,4805,355259,2076,480163,California
San Mateo,2021-05-09,3116,809330,2430,466922,612,311791,74,30617,1056,123982,2052,357311,1130,481293,California
San Mateo,2021-05-10,4617,813947,3318,470240,1129,312920,170,30787,766,121085,3841,361152,944,482237,California
San Mateo,2021-05-11,6496,820443,4865,475105,1518,314438,113,30900,1667,118049,4818,365970,1782,484019,California
San Mateo,2021-05-12,6406,826849,4616,479721,1600,316038,190,31090,1538,114922,4858,370828,1731,485750,California
San Mateo,2021-05-13,8934,835783,6685,486406,2163,318201,86,31176,3285,112685,5617,376445,3380,489130,California
San Mateo,2021-05-14,8339,844122,6151,492557,2076,320277,112,31288,2702,109883,5623,382068,2821,491951,California
San Mateo,2021-05-15,10398,854520,8104,500661,2193,322470,101,31389,4553,108728,5831,387899,4676,496627,California
San Mateo,2021-05-16,7163,861683,5101,505762,1993,324463,69,31458,2204,106062,4941,392840,2275,498902,California
San Mateo,2021-05-17,7039,868722,4979,510741,1951,326414,109,31567,2210,103570,4814,397654,2322,501224,California
San Mateo,2021-05-18,8456,877178,5827,516568,2531,328945,98,31665,3161,101663,5170,402824,3263,504487,California
San Mateo,2021-05-19,7839,885017,5851,522419,1867,330812,121,31786,3705,101404,4086,406910,3827,508314,California
San Mateo,2021-05-20,4789,889806,3081,525500,1615,332427,93,31879,2031,100788,2739,409649,2123,510437,California
San Mateo,2021-05-21,6141,895947,4364,529864,1679,334106,98,31977,1804,98367,4321,413970,1900,512337,California
San Mateo,2021-05-22,5377,901324,3762,533626,1577,335683,38,32015,2187,97418,3175,417145,2226,514563,California
San Mateo,2021-05-23,2402,903726,1406,535032,940,336623,56,32071,969,97017,1426,418571,1025,515588,California
San Mateo,2021-05-24,3409,907135,2233,537265,1031,337654,145,32216,1192,96157,2195,420766,1335,516923,California
San Mateo,2021-05-25,4692,911827,2974,540239,1559,339213,159,32375,1689,95026,2981,423747,1850,518773,California
San Mateo,2021-05-26,5562,917389,2976,543215,2479,341692,107,32482,1845,93279,3699,427446,1952,520725,California
San Mateo,2021-05-27,3760,921149,2212,545427,1460,343152,88,32570,1394,92414,2343,429789,1478,522203,California
San Mateo,2021-05-28,3481,924630,2196,547623,1199,344351,86,32656,1381,91820,2060,431849,1466,523669,California
San Mateo,2021-05-29,3172,927802,2260,549883,866,345217,46,32702,1296,91311,1850,433699,1341,525010,California
San Mateo,2021-05-30,1623,929425,1100,550983,461,345678,62,32764,657,91074,956,434655,719,525729,California
San Mateo,2021-05-31,496,929921,331,551314,154,345832,11,32775,220,91030,275,434930,231,525960,California
San Mateo,2021-06-01,2956,932877,1647,552961,1211,347043,98,32873,921,90025,2025,436955,1020,526980,California
San Mateo,2021-06-02,1464,934341,1067,554028,357,347400,40,32913,591,89791,865,437820,631,527611,California
Santa Barbara,2020-12-15,2,2,2,2,0,0,0,0,2,2,0,0,2,2,California
Santa Barbara,2020-12-16,2,4,2,4,0,0,0,0,2,4,0,0,2,4,California
Santa Barbara,2020-12-17,56,60,56,60,0,0,0,0,56,60,0,0,56,60,California
Santa Barbara,2020-12-18,379,439,378,438,1,1,0,0,379,439,0,0,379,439,California
Santa Barbara,2020-12-19,325,764,325,763,0,1,0,0,325,764,0,0,325,764,California
Santa Barbara,2020-12-20,235,999,235,998,0,1,0,0,235,999,0,0,235,999,California
Santa Barbara,2020-12-21,653,1652,651,1649,2,3,0,0,653,1652,0,0,653,1652,California
Santa Barbara,2020-12-22,245,1897,243,1892,2,5,0,0,245,1897,0,0,245,1897,California
Santa Barbara,2020-12-23,322,2219,204,2096,118,123,0,0,322,2219,0,0,322,2219,California
Santa Barbara,2020-12-24,88,2307,40,2136,48,171,0,0,88,2307,0,0,88,2307,California
Santa Barbara,2020-12-26,326,2633,66,2202,260,431,0,0,326,2633,0,0,326,2633,California
Santa Barbara,2020-12-27,62,2695,1,2203,61,492,0,0,62,2695,0,0,62,2695,California
Santa Barbara,2020-12-28,356,3051,223,2426,133,625,0,0,356,3051,0,0,356,3051,California
Santa Barbara,2020-12-29,553,3604,358,2784,195,820,0,0,553,3604,0,0,553,3604,California
Santa Barbara,2020-12-30,578,4182,395,3179,183,1003,0,0,578,4182,0,0,578,4182,California
Santa Barbara,2020-12-31,240,4422,114,3293,126,1129,0,0,240,4422,0,0,240,4422,California
Santa Barbara,2021-01-01,116,4538,110,3403,6,1135,0,0,116,4538,0,0,116,4538,California
Santa Barbara,2021-01-02,588,5126,223,3626,365,1500,0,0,588,5126,0,0,588,5126,California
Santa Barbara,2021-01-03,23,5149,15,3641,8,1508,0,0,23,5149,0,0,23,5149,California
Santa Barbara,2021-01-04,305,5454,242,3883,63,1571,0,0,304,5453,0,0,304,5453,California
Santa Barbara,2021-01-05,751,6205,378,4261,373,1944,0,0,724,6150,27,27,724,6177,California
Santa Barbara,2021-01-06,656,6861,276,4537,380,2324,0,0,595,6685,60,87,595,6772,California
Santa Barbara,2021-01-07,1035,7896,711,5248,324,2648,0,0,530,6714,501,588,530,7302,California
Santa Barbara,2021-01-08,1205,9101,845,6093,360,3008,0,0,711,6931,494,1082,711,8013,California
Santa Barbara,2021-01-09,566,9667,293,6386,273,3281,0,0,320,7005,246,1328,320,8333,California
Santa Barbara,2021-01-10,62,9729,50,6436,12,3293,0,0,46,7035,16,1344,46,8379,California
Santa Barbara,2021-01-11,839,10568,670,7106,169,3462,0,0,615,7427,223,1567,615,8994,California
Santa Barbara,2021-01-12,1434,12002,640,7746,794,4256,0,0,1278,8549,156,1723,1278,10272,California
Santa Barbara,2021-01-13,1220,13222,271,8017,949,5205,0,0,1093,9515,127,1850,1093,11365,California
Santa Barbara,2021-01-14,1253,14475,135,8152,1118,6323,0,0,1198,10660,54,1904,1199,12564,California
Santa Barbara,2021-01-15,1801,16276,419,8571,1382,7705,0,0,1720,12300,80,1984,1720,14284,California
Santa Barbara,2021-01-16,1270,17546,200,8771,1070,8775,0,0,1231,13493,38,2022,1231,15515,California
Santa Barbara,2021-01-17,123,17669,20,8791,103,8878,0,0,120,13610,3,2025,120,15635,California
Santa Barbara,2021-01-18,1152,18821,418,9209,734,9612,0,0,967,14392,185,2210,967,16602,California
Santa Barbara,2021-01-19,1639,20460,570,9779,1069,10681,0,0,1361,15476,277,2487,1361,17963,California
Santa Barbara,2021-01-20,2096,22556,545,10324,1551,12232,0,0,1741,16863,354,2841,1741,19704,California
Santa Barbara,2021-01-21,3183,25739,1911,12235,1272,13504,0,0,3024,19729,159,3000,3025,22729,California
Santa Barbara,2021-01-22,2926,28665,1772,14007,1154,14658,0,0,2762,22331,161,3161,2763,25492,California
Santa Barbara,2021-01-23,1734,30399,1106,15113,628,15286,0,0,1225,23048,508,3669,1225,26717,California
Santa Barbara,2021-01-24,844,31243,752,15865,92,15378,0,0,835,23874,9,3678,835,27552,California
Santa Barbara,2021-01-25,1243,32486,498,16363,745,16123,0,0,1006,24643,237,3915,1006,28558,California
Santa Barbara,2021-01-26,2045,34531,463,16826,1582,17705,0,0,1661,25922,382,4297,1661,30219,California
Santa Barbara,2021-01-27,1165,35696,400,17226,765,18470,0,0,903,26566,261,4558,905,31124,California
Santa Barbara,2021-01-28,892,36588,295,17521,597,19067,0,0,678,27033,211,4769,678,31802,California
Santa Barbara,2021-01-29,1333,37921,536,18057,797,19864,0,0,979,27663,351,5120,981,32783,California
Santa Barbara,2021-01-30,1893,39814,1420,19477,473,20337,0,0,1488,28749,402,5522,1488,34271,California
Santa Barbara,2021-01-31,1453,41267,1215,20692,238,20575,0,0,1414,30124,39,5561,1414,35685,California
Santa Barbara,2021-02-01,954,42221,529,21221,425,21000,0,0,556,30282,398,5959,556,36241,California
Santa Barbara,2021-02-02,1808,44029,679,21900,1129,22129,0,0,1044,30565,761,6720,1044,37285,California
Santa Barbara,2021-02-03,1940,45969,1077,22977,863,22992,0,0,1500,31635,430,7150,1500,38785,California
Santa Barbara,2021-02-04,2780,48749,1865,24842,915,23907,0,0,2482,33825,292,7442,2482,41267,California
Santa Barbara,2021-02-05,2901,51650,2057,26899,844,24751,0,0,2260,35446,639,8081,2260,43527,California
Santa Barbara,2021-02-06,1204,52854,339,27238,865,25616,0,0,794,35830,410,8491,794,44321,California
Santa Barbara,2021-02-07,302,53156,263,27501,39,25655,0,0,267,36063,34,8525,267,44588,California
Santa Barbara,2021-02-08,955,54111,311,27812,644,26299,0,0,665,36438,290,8815,665,45253,California
Santa Barbara,2021-02-09,2438,56549,313,28125,2125,28424,0,0,1119,36247,1310,10125,1119,46372,California
Santa Barbara,2021-02-10,2763,59312,1496,29621,1267,29691,0,0,780,35051,1976,12101,780,47152,California
Santa Barbara,2021-02-11,4188,63500,2809,32430,1379,31070,0,0,623,32119,3555,15656,623,47775,California
Santa Barbara,2021-02-12,3308,66808,948,33378,2360,33430,0,0,774,30365,2528,18184,774,48549,California
Santa Barbara,2021-02-13,1234,68042,341,33719,893,34323,0,0,561,30255,671,18855,561,49110,California
Santa Barbara,2021-02-14,332,68374,35,33754,297,34620,0,0,287,30497,45,18900,287,49397,California
Santa Barbara,2021-02-15,969,69343,338,34092,631,35251,0,0,495,30521,471,19371,495,49892,California
Santa Barbara,2021-02-16,2108,71451,395,34487,1713,36964,0,0,719,29855,1385,20756,719,50611,California
Santa Barbara,2021-02-17,1436,72887,321,34808,1115,38079,0,0,523,29469,909,21665,523,51134,California
Santa Barbara,2021-02-18,3258,76145,2650,37458,608,38687,0,0,1520,29287,1702,23367,1520,52654,California
Santa Barbara,2021-02-19,3596,79741,2641,40099,955,39642,0,0,2329,30352,1264,24631,2329,54983,California
Santa Barbara,2021-02-20,2225,81966,1439,41538,786,40428,0,0,1669,31475,546,25177,1669,56652,California
Santa Barbara,2021-02-21,135,82101,106,41644,29,40457,0,0,60,31462,73,25250,60,56712,California
Santa Barbara,2021-02-22,940,83041,248,41892,692,41149,0,0,271,31068,666,25916,272,56984,California
Santa Barbara,2021-02-23,3189,86230,1046,42938,2143,43292,0,0,422,28727,2763,28679,422,57406,California
Santa Barbara,2021-02-24,3209,89439,1094,44032,2115,45407,0,0,722,26972,2477,31156,722,58128,California
Santa Barbara,2021-02-25,3457,92896,1923,45955,1534,46941,0,0,992,25508,2457,33613,993,59121,California
Santa Barbara,2021-02-26,3668,96564,2177,48132,1491,48432,0,0,1979,25806,1681,35294,1979,61100,California
Santa Barbara,2021-02-27,1532,98096,562,48694,970,49402,0,0,852,25984,676,35970,854,61954,California
Santa Barbara,2021-02-28,1085,99181,220,48914,865,50267,0,0,893,26691,187,36157,894,62848,California
Santa Barbara,2021-03-01,1645,100826,471,49385,1173,51440,1,1,1089,27242,540,36697,1091,63939,California
Santa Barbara,2021-03-02,2651,103477,424,49809,2227,53667,0,1,2150,28905,488,37185,2151,66090,California
Santa Barbara,2021-03-03,4631,108108,2102,51911,2527,56194,2,3,4035,32361,585,37770,4041,70131,California
Santa Barbara,2021-03-04,3421,111529,2283,54194,1138,57332,0,3,2865,34678,548,38318,2865,72996,California
Santa Barbara,2021-03-05,3819,115348,2164,56358,1596,58928,59,62,3095,37113,719,39037,3154,76150,California
Santa Barbara,2021-03-06,2433,117781,727,57085,1487,60415,219,281,1670,38241,759,39796,1887,78037,California
Santa Barbara,2021-03-07,564,118345,123,57208,310,60725,131,412,383,38576,180,39976,515,78552,California
Santa Barbara,2021-03-08,1580,119925,381,57589,856,61581,343,755,797,38939,777,40753,1140,79692,California
Santa Barbara,2021-03-09,2798,122723,345,57934,1679,63260,774,1529,739,38392,2056,42809,1509,81201,California
Santa Barbara,2021-03-10,2762,125485,553,58487,1162,64422,1047,2576,1042,38763,1715,44524,2086,83287,California
Santa Barbara,2021-03-11,5582,131067,3029,61516,1438,65860,1115,3691,2282,38867,3286,47810,3390,86677,California
Santa Barbara,2021-03-12,3682,134749,2100,63616,1152,67012,430,4121,2183,39986,1491,49301,2610,89287,California
Santa Barbara,2021-03-13,3495,138244,1936,65552,1351,68363,208,4329,2700,42102,793,50094,2909,92196,California
Santa Barbara,2021-03-14,796,139040,381,65933,358,68721,57,4386,474,42312,321,50415,531,92727,California
Santa Barbara,2021-03-15,2118,141158,698,66631,1129,69850,291,4677,1272,43034,839,51254,1561,94288,California
Santa Barbara,2021-03-16,3726,144884,1175,67806,2209,72059,342,5019,2736,45126,986,52240,3078,97366,California
Santa Barbara,2021-03-17,3311,148195,971,68777,1935,73994,405,5424,2319,46856,990,53230,2720,100086,California
Santa Barbara,2021-03-18,5230,153425,2800,71577,2228,76222,202,5626,4005,49854,1209,54439,4207,104293,California
Santa Barbara,2021-03-19,4450,157875,2770,74347,1347,77569,333,5959,3057,51854,1389,55828,3389,107682,California
Santa Barbara,2021-03-20,2179,160054,836,75183,1329,78898,14,5973,1334,52359,842,56670,1347,109029,California
Santa Barbara,2021-03-21,1166,161220,383,75566,753,79651,30,6003,839,52903,325,56995,869,109898,California
Santa Barbara,2021-03-22,2780,164000,1913,77479,823,80474,44,6047,2223,54622,548,57543,2267,112165,California
Santa Barbara,2021-03-23,4482,168482,2254,79733,2127,82601,101,6148,3708,57665,765,58308,3808,115973,California
Santa Barbara,2021-03-24,5421,173903,3157,82890,1514,84115,750,6898,2972,58958,2425,60733,3718,119691,California
Santa Barbara,2021-03-25,5565,179468,3276,86166,2098,86213,191,7089,2788,59176,2761,63494,2979,122670,California
Santa Barbara,2021-03-26,5095,184563,3228,89394,1568,87781,299,7388,2244,58884,2835,66329,2543,125213,California
Santa Barbara,2021-03-27,2957,187520,1225,90619,1689,89470,43,7431,1621,59214,1332,67661,1662,126875,California
Santa Barbara,2021-03-28,2779,190299,1657,92276,1094,90564,28,7459,1893,60255,881,68542,1922,128797,California
Santa Barbara,2021-03-29,4044,194343,2087,94363,1886,92450,71,7530,3228,62742,812,69354,3299,132096,California
Santa Barbara,2021-03-30,6803,201146,3514,97877,3138,95588,151,7681,4541,65184,2247,71601,4689,136785,California
Santa Barbara,2021-03-31,8681,209827,5527,103404,3087,98675,67,7748,5059,66709,3601,75202,5126,141911,California
Santa Barbara,2021-04-01,7045,216872,5208,108612,1576,100251,261,8009,4179,68299,2848,78050,4438,146349,California
Santa Barbara,2021-04-02,6649,223521,4560,113172,1494,101745,595,8604,3423,69101,3218,81268,4020,150369,California
Santa Barbara,2021-04-03,3814,227335,2115,115287,1631,103376,68,8672,2521,70400,1289,82557,2588,152957,California
Santa Barbara,2021-04-04,900,228235,444,115731,416,103792,40,8712,501,70544,397,82954,541,153498,California
Santa Barbara,2021-04-05,3466,231701,2290,118021,917,104709,259,8971,2168,71681,1291,84245,2428,155926,California
Santa Barbara,2021-04-06,5487,237188,2832,120853,2116,106825,539,9510,3357,73464,2114,86359,3897,159823,California
Santa Barbara,2021-04-07,6007,243195,3286,124139,2179,109004,542,10052,4083,76188,1914,88273,4638,164461,California
Santa Barbara,2021-04-08,7412,250607,5038,129177,645,109649,1729,11781,3420,77347,3988,92261,5147,169608,California
Santa Barbara,2021-04-09,7304,257911,4854,134031,1094,110743,1356,13137,3288,77985,4007,96268,4645,174253,California
Santa Barbara,2021-04-10,6719,264630,4653,138684,1443,112186,623,13760,4569,81045,2143,98411,5203,179456,California
Santa Barbara,2021-04-11,2649,267279,1939,140623,411,112597,299,14059,1829,82354,814,99225,2123,181579,California
Santa Barbara,2021-04-12,4433,271712,2853,143476,1026,113623,554,14613,1928,82337,2498,101723,2481,184060,California
Santa Barbara,2021-04-13,6336,278048,4171,147647,2159,115782,6,14619,2639,81300,3692,105415,2655,186715,California
Santa Barbara,2021-04-14,6731,284779,4399,152046,2330,118112,2,14621,4204,82991,2516,107931,4207,190922,California
Santa Barbara,2021-04-15,6943,291722,4079,156125,2863,120975,1,14622,3753,83566,3180,111111,3755,194677,California
Santa Barbara,2021-04-16,6372,298094,3742,159867,2619,123594,11,14633,4381,85982,1975,113086,4391,199068,California
Santa Barbara,2021-04-17,5315,303409,3855,163722,1460,125054,0,14633,4096,88871,1207,114293,4096,203164,California
Santa Barbara,2021-04-18,2133,305542,1480,165202,653,125707,0,14633,373,87489,1756,116049,374,203538,California
Santa Barbara,2021-04-19,3237,308779,2226,167428,1005,126712,6,14639,1031,86326,2201,118250,1038,204576,California
Santa Barbara,2021-04-20,5867,314646,3946,171374,1920,128632,1,14640,1652,83776,4203,122453,1653,206229,California
Santa Barbara,2021-04-21,5471,320117,3630,175004,1841,130473,0,14640,1735,81786,3725,126178,1735,207964,California
Santa Barbara,2021-04-22,5091,325208,2560,177564,2530,133003,1,14641,1453,79620,3622,129800,1456,209420,California
Santa Barbara,2021-04-23,5582,330790,3873,181437,1709,134712,0,14641,1963,77977,3606,133406,1963,211383,California
Santa Barbara,2021-04-24,4424,335214,2877,184314,1542,136254,5,14646,1637,76851,2768,136174,1642,213025,California
Santa Barbara,2021-04-25,1832,337046,1184,185498,648,136902,0,14646,500,76027,1324,137498,500,213525,California
Santa Barbara,2021-04-26,2932,339978,1806,187304,1105,138007,21,14667,463,74049,2462,139960,484,214009,California
Santa Barbara,2021-04-27,3703,343681,2037,189341,1578,139585,88,14755,1109,72661,2584,142544,1196,215205,California
Santa Barbara,2021-04-28,4906,348587,2861,192202,1928,141513,117,14872,1402,70692,3491,146035,1522,216727,California
Santa Barbara,2021-04-29,5247,353834,3798,196000,1222,142735,227,15099,1445,68576,3786,149821,1670,218397,California
Santa Barbara,2021-04-30,4951,358785,3697,199697,1089,143824,165,15264,1424,66652,3512,153333,1588,219985,California
Santa Barbara,2021-05-01,5235,364020,4056,203753,1146,144970,33,15297,901,63262,4326,157659,936,220921,California
Santa Barbara,2021-05-02,1132,365152,667,204420,337,145307,128,15425,309,62876,823,158482,437,221358,California
Santa Barbara,2021-05-03,2208,367360,1481,205901,588,145895,139,15564,445,61701,1757,160239,582,221940,California
Santa Barbara,2021-05-04,3281,370641,1661,207562,1549,147444,71,15635,1141,60785,2127,162366,1211,223151,California
Santa Barbara,2021-05-05,5420,376061,3669,211231,1605,149049,146,15781,629,56782,4779,167145,776,223927,California
Santa Barbara,2021-05-06,5044,381105,3907,215138,1033,150082,104,15885,962,53782,4066,171211,1066,224993,California
Santa Barbara,2021-05-07,4660,385765,3650,218788,832,150914,178,16063,1001,51310,3649,174860,1177,226170,California
Santa Barbara,2021-05-08,4230,389995,3152,221940,980,151894,98,16161,890,48971,3327,178187,988,227158,California
Santa Barbara,2021-05-09,700,390695,109,222049,551,152445,40,16201,467,49247,232,178419,508,227666,California
Santa Barbara,2021-05-10,1322,392017,621,222670,617,153062,84,16285,367,48744,953,179372,450,228116,California
Santa Barbara,2021-05-11,1829,393846,769,223439,769,153831,291,16576,412,48035,1410,180782,701,228817,California
Santa Barbara,2021-05-12,1545,395391,686,224125,657,154488,202,16778,440,47580,1097,181879,642,229459,California
Santa Barbara,2021-05-13,3569,398960,2711,226836,665,155153,193,16971,1175,46564,2383,184262,1367,230826,California
Santa Barbara,2021-05-14,4149,403109,2532,229368,1523,156676,94,17065,1638,45797,2497,186759,1730,232556,California
Santa Barbara,2021-05-15,3511,406620,2568,231936,924,157600,19,17084,1843,46003,1657,188416,1863,234419,California
Santa Barbara,2021-05-16,1066,407686,467,232403,484,158084,115,17199,471,45998,591,189007,586,235005,California
Santa Barbara,2021-05-17,1639,409325,933,233336,644,158728,62,17261,915,46260,717,189724,979,235984,California
Santa Barbara,2021-05-18,1841,411166,1158,234494,589,159317,94,17355,1013,46556,812,190536,1108,237092,California
Santa Barbara,2021-05-19,1759,412925,972,235466,746,160063,41,17396,820,46485,931,191467,860,237952,California
Santa Barbara,2021-05-20,1270,414195,651,236117,502,160565,117,17513,668,46679,590,192057,784,238736,California
Santa Barbara,2021-05-21,2971,417166,2001,238118,917,161482,53,17566,1095,45966,1862,193919,1149,239885,California
Santa Barbara,2021-05-22,2179,419345,1534,239652,600,162082,45,17611,1290,46417,885,194804,1336,241221,California
Santa Barbara,2021-05-23,565,419910,214,239866,324,162406,27,17638,323,46525,242,195046,350,241571,California
Santa Barbara,2021-05-24,1007,420917,593,240459,356,162762,58,17696,513,46609,488,195534,572,242143,California
Santa Barbara,2021-05-25,1402,422319,579,241038,754,163516,69,17765,473,46225,923,196457,539,242682,California
Santa Barbara,2021-05-26,2975,425294,1682,242720,1167,164683,126,17891,821,45032,2139,198596,946,243628,California
Santa Barbara,2021-05-27,1930,427224,1191,243911,604,165287,135,18026,821,44887,1102,199698,957,244585,California
Santa Barbara,2021-05-28,1514,428738,700,244611,661,165948,153,18179,627,44785,881,200579,779,245364,California
Santa Barbara,2021-05-29,878,429616,293,244904,546,166494,39,18218,346,44641,529,201108,385,245749,California
Santa Barbara,2021-05-30,499,430115,185,245089,215,166709,99,18317,185,44612,312,201420,283,246032,California
Santa Barbara,2021-05-31,97,430212,43,245132,44,166753,10,18327,25,44575,71,201491,34,246066,California
Santa Barbara,2021-06-01,1049,431261,543,245675,451,167204,55,18382,405,44397,638,202129,460,246526,California
Santa Barbara,2021-06-02,364,431625,191,245866,123,167327,50,18432,200,44483,163,202292,249,246775,California
Santa Clara,2020-12-15,67,67,67,67,0,0,0,0,67,67,0,0,67,67,California
Santa Clara,2020-12-16,145,212,145,212,0,0,0,0,145,212,0,0,145,212,California
Santa Clara,2020-12-17,400,612,400,612,0,0,0,0,400,612,0,0,400,612,California
Santa Clara,2020-12-18,1681,2293,1681,2293,0,0,0,0,1681,2293,0,0,1681,2293,California
Santa Clara,2020-12-19,2081,4374,2081,4374,0,0,0,0,2080,4373,0,0,2080,4373,California
Santa Clara,2020-12-20,1921,6295,1920,6294,1,1,0,0,1918,6291,0,0,1918,6291,California
Santa Clara,2020-12-21,2755,9050,2755,9049,0,1,0,0,2754,9045,0,0,2754,9045,California
Santa Clara,2020-12-22,3227,12277,3220,12269,7,8,0,0,3224,12269,0,0,3224,12269,California
Santa Clara,2020-12-23,3370,15647,3181,15450,189,197,0,0,3369,15638,0,0,3369,15638,California
Santa Clara,2020-12-24,1956,17603,1769,17219,187,384,0,0,1951,17588,1,1,1951,17589,California
Santa Clara,2020-12-25,357,17960,356,17575,1,385,0,0,357,17945,0,1,357,17946,California
Santa Clara,2020-12-26,1269,19229,1036,18611,233,618,0,0,1268,19213,0,1,1268,19214,California
Santa Clara,2020-12-27,650,19879,508,19119,142,760,0,0,650,19863,0,1,650,19864,California
Santa Clara,2020-12-28,2336,22215,1729,20848,607,1367,0,0,2336,22199,0,1,2336,22200,California
Santa Clara,2020-12-29,2352,24567,1492,22340,860,2227,0,0,2351,24550,0,1,2351,24551,California
Santa Clara,2020-12-30,2985,27552,1890,24230,1095,3322,0,0,2983,27531,2,3,2983,27534,California
Santa Clara,2020-12-31,1217,28769,392,24622,825,4147,0,0,1216,28746,1,4,1216,28750,California
Santa Clara,2021-01-01,145,28914,12,24634,133,4280,0,0,144,28889,1,5,144,28894,California
Santa Clara,2021-01-02,1085,29999,815,25449,270,4550,0,0,1085,29974,0,5,1085,29979,California
Santa Clara,2021-01-03,584,30583,367,25816,217,4767,0,0,579,30550,3,8,579,30558,California
Santa Clara,2021-01-04,2471,33054,1670,27486,801,5568,0,0,2468,33018,0,8,2468,33026,California
Santa Clara,2021-01-05,3069,36123,2011,29497,1058,6626,0,0,2882,35720,186,194,2888,35914,California
Santa Clara,2021-01-06,3340,39463,1971,31468,1369,7995,0,0,2761,37908,575,769,2763,38677,California
Santa Clara,2021-01-07,4222,43685,2562,34030,1660,9655,0,0,3150,40002,1062,1831,3156,41833,California
Santa Clara,2021-01-08,5855,49540,3825,37855,2030,11685,0,0,3795,41741,2056,3887,3795,45628,California
Santa Clara,2021-01-09,2982,52522,1870,39725,1112,12797,0,0,1692,42146,1290,5177,1695,47323,California
Santa Clara,2021-01-10,1958,54480,1514,41239,444,13241,0,0,748,41685,1209,6386,748,48071,California
Santa Clara,2021-01-11,5961,60441,3755,44994,2206,15447,0,0,3385,42500,2575,8961,3390,51461,California
Santa Clara,2021-01-12,6812,67253,3411,48405,3401,18848,0,0,4565,44820,2246,11207,4566,56027,California
Santa Clara,2021-01-13,7385,74638,3059,51464,4326,23174,0,0,5211,47860,2172,13379,5212,61239,California
Santa Clara,2021-01-14,8233,82871,2799,54263,5434,28608,0,0,6492,52618,1736,15115,6494,67733,California
Santa Clara,2021-01-15,9459,92330,2681,56944,6778,35386,0,0,8138,59444,1317,16432,8143,75876,California
Santa Clara,2021-01-16,4295,96625,1230,58174,3065,38451,0,0,3459,62071,832,17264,3459,79335,California
Santa Clara,2021-01-17,3213,99838,603,58777,2610,41061,0,0,2716,64290,497,17761,2716,82051,California
Santa Clara,2021-01-18,5097,104935,1158,59935,3939,45000,0,0,4542,68278,555,18316,4543,86594,California
Santa Clara,2021-01-19,8505,113440,2689,62624,5816,50816,0,0,6817,73413,1685,20001,6820,93414,California
Santa Clara,2021-01-20,8088,121528,4113,66737,3975,54791,0,0,6541,78412,1542,21543,6541,99955,California
Santa Clara,2021-01-21,8700,130228,3776,70513,4924,59715,0,0,7496,84708,1202,22745,7498,107453,California
Santa Clara,2021-01-22,8638,138866,3252,73765,5386,65101,0,0,8070,92214,567,23312,8073,115526,California
Santa Clara,2021-01-23,3781,142647,1686,75451,2095,67196,0,0,2822,94078,959,24271,2823,118349,California
Santa Clara,2021-01-24,2830,145477,1423,76874,1407,68603,0,0,2345,95941,482,24753,2345,120694,California
Santa Clara,2021-01-25,8399,153876,3800,80674,4599,73202,0,0,6326,100204,2065,26818,6328,127022,California
Santa Clara,2021-01-26,8254,162130,3780,84454,4474,77676,0,0,6137,104236,2107,28925,6139,133161,California
Santa Clara,2021-01-27,8720,170850,3832,88286,4888,82564,0,0,6800,109135,1902,30827,6801,139962,California
Santa Clara,2021-01-28,9500,180350,3818,92104,5682,88246,0,0,7537,114734,1942,32769,7541,147503,California
Santa Clara,2021-01-29,9521,189871,3949,96053,5572,93818,0,0,7347,119917,2165,34934,7348,154851,California
Santa Clara,2021-01-30,4161,194032,2075,98128,2086,95904,0,0,2950,121664,1204,36138,2951,157802,California
Santa Clara,2021-01-31,2176,196208,1306,99434,870,96774,0,0,1582,122656,590,36728,1582,159384,California
Santa Clara,2021-02-01,7858,204066,3513,102947,4345,101119,0,0,6151,127110,1699,38427,6153,165537,California
Santa Clara,2021-02-02,8548,212614,2879,105826,5669,106788,0,0,6549,131670,1992,40419,6552,172089,California
Santa Clara,2021-02-03,9212,221826,3491,109317,5721,112509,0,0,6924,136319,2281,42700,6930,179019,California
Santa Clara,2021-02-04,10951,232777,4144,113461,6807,119316,0,0,8659,142699,2282,44982,8662,187681,California
Santa Clara,2021-02-05,11944,244721,4353,117814,7591,126907,0,0,8484,147738,3446,48428,8485,196166,California
Santa Clara,2021-02-06,5207,249928,2826,120640,2381,129288,0,0,4035,150607,1168,49596,4037,200203,California
Santa Clara,2021-02-07,3482,253410,2350,122990,1132,130420,0,0,3028,153183,453,50049,3029,203232,California
Santa Clara,2021-02-08,10024,263434,3487,126477,6537,136957,0,0,7308,157789,2703,52752,7309,210541,California
Santa Clara,2021-02-09,11168,274602,3819,130296,7349,144306,0,0,7669,161974,3488,56240,7673,218214,California
Santa Clara,2021-02-10,12645,287247,4911,135207,7734,152040,0,0,6833,163007,5802,62042,6835,225049,California
Santa Clara,2021-02-11,13552,300799,4734,139941,8818,160858,0,0,7699,164869,5838,67880,7700,232749,California
Santa Clara,2021-02-12,14567,315366,4502,144443,10065,170923,0,0,6993,164310,7554,75434,6995,239744,California
Santa Clara,2021-02-13,6079,321445,1459,145902,4620,175543,0,0,2222,162684,3850,79284,2224,241968,California
Santa Clara,2021-02-14,4608,326053,1140,147042,3468,179011,0,0,1467,161014,3139,82423,1469,243437,California
Santa Clara,2021-02-15,6258,332311,2789,149831,3469,182480,0,0,2703,160169,3548,85971,2703,246140,California
Santa Clara,2021-02-16,13798,346109,4016,153847,9782,192262,0,0,6941,160270,6840,92811,6941,253081,California
Santa Clara,2021-02-17,14092,360201,5507,159354,8585,200847,0,0,7056,160313,7018,99829,7061,260142,California
Santa Clara,2021-02-18,14233,374434,8388,167742,5845,206692,0,0,7245,160613,6948,106777,7248,267390,California
Santa Clara,2021-02-19,14838,389272,9530,177272,5308,212000,0,0,8635,163065,6188,112965,8640,276030,California
Santa Clara,2021-02-20,6826,396098,5107,182379,1719,213719,0,0,3677,163603,3139,116104,3677,279707,California
Santa Clara,2021-02-21,3308,399406,2482,184861,826,214545,0,0,1215,162736,2084,118188,1217,280924,California
Santa Clara,2021-02-22,10181,409587,6098,190959,4083,218628,0,0,4729,162024,5442,123630,4730,285654,California
Santa Clara,2021-02-23,11924,421511,7739,198698,4185,222813,0,0,6769,163655,5142,128772,6773,292427,California
Santa Clara,2021-02-24,14176,435687,9131,207829,5045,227858,0,0,8770,167035,5390,134162,8770,301197,California
Santa Clara,2021-02-25,14652,450339,9275,217104,5377,233235,0,0,7905,168220,6724,140886,7909,309106,California
Santa Clara,2021-02-26,14593,464932,8454,225558,6139,239374,0,0,8020,169692,6551,147437,8023,317129,California
Santa Clara,2021-02-27,8063,472995,5523,231081,2539,241913,1,1,4481,170610,3571,151008,4489,321618,California
Santa Clara,2021-02-28,4736,477731,3081,234162,1655,243568,0,1,2210,170303,2517,153525,2210,323828,California
Santa Clara,2021-03-01,14116,491847,8010,242172,6102,249670,4,5,8741,173693,5355,158880,8745,332573,California
Santa Clara,2021-03-02,16046,507893,9528,251700,6517,256187,1,6,10262,178199,5758,164638,10264,342837,California
Santa Clara,2021-03-03,18482,526375,9082,260782,9397,265584,3,9,11478,182719,6966,171604,11486,354323,California
Santa Clara,2021-03-04,16498,542873,8986,269768,7509,273093,3,12,9601,185508,6817,178421,9606,363929,California
Santa Clara,2021-03-05,16604,559477,9234,279002,7243,280336,127,139,9217,187492,7365,185786,9349,373278,California
Santa Clara,2021-03-06,9453,568930,6322,285324,2679,283015,452,591,7100,192703,2340,188126,7551,380829,California
Santa Clara,2021-03-07,6826,575756,4472,289796,2109,285124,245,836,5436,197000,1382,189508,5679,386508,California
Santa Clara,2021-03-08,12916,588672,6736,296532,5609,290733,571,1407,8295,201262,4603,194111,8865,395373,California
Santa Clara,2021-03-09,15240,603912,6514,303046,7391,298124,1335,2742,6866,201102,8355,202466,8195,403568,California
Santa Clara,2021-03-10,15133,619045,6590,309636,6428,304552,2115,4857,6217,200522,8888,211354,8308,411876,California
Santa Clara,2021-03-11,17079,636124,7770,317406,7800,312352,1509,6366,6056,197077,10995,222349,7550,419426,California
Santa Clara,2021-03-12,17717,653841,9117,326523,7026,319378,1574,7940,5995,192947,11682,234031,7552,426978,California
Santa Clara,2021-03-13,10773,664614,6244,332767,3033,322411,1496,9436,4844,193359,5906,239937,6318,433296,California
Santa Clara,2021-03-14,6519,671133,3378,336145,1835,324246,1306,10742,3182,194515,3320,243257,4476,437772,California
Santa Clara,2021-03-15,12800,683933,6546,342691,5982,330228,272,11014,6007,194024,6770,250027,6279,444051,California
Santa Clara,2021-03-16,18198,702131,10299,352990,7690,337918,209,11223,8816,193693,9353,259380,9022,453073,California
Santa Clara,2021-03-17,19942,722073,11298,364288,8475,346393,169,11392,10308,194581,9583,268963,10471,463544,California
Santa Clara,2021-03-18,19082,741155,8939,373227,8979,355372,1164,12556,9095,194901,9932,278895,10252,473796,California
Santa Clara,2021-03-19,19291,760446,9937,383164,8350,363722,1004,13560,10018,196700,9213,288108,11012,484808,California
Santa Clara,2021-03-20,11517,771963,6349,389513,4340,368062,828,14388,6770,199578,4717,292825,7595,492403,California
Santa Clara,2021-03-21,8316,780279,3775,393288,3140,371202,1401,15789,5579,203819,2725,295550,6966,499369,California
Santa Clara,2021-03-22,16328,796607,9118,402406,6859,378061,351,16140,9312,206492,6988,302538,9661,509030,California
Santa Clara,2021-03-23,19246,815853,12239,414645,6484,384545,523,16663,11179,210175,8020,310558,11703,520733,California
Santa Clara,2021-03-24,22602,838455,14562,429207,7624,392169,416,17079,14660,217353,7901,318459,15079,535812,California
Santa Clara,2021-03-25,22947,861402,13152,442359,8813,400982,982,18061,14790,225017,8094,326553,15758,551570,California
Santa Clara,2021-03-26,21936,883338,13978,456337,7572,408554,386,18447,13516,230532,8383,334936,13898,565468,California
Santa Clara,2021-03-27,15714,899052,10457,466794,4489,413043,768,19215,8425,232477,7247,342183,9192,574660,California
Santa Clara,2021-03-28,12054,911106,8355,475149,2986,416029,713,19928,6473,234103,5556,347739,7182,581842,California
Santa Clara,2021-03-29,20583,931689,12625,487774,7231,423260,727,20655,11163,236606,9379,357118,11882,593724,California
Santa Clara,2021-03-30,25633,957322,15258,503032,8429,431689,1946,22601,16151,245251,9446,366564,18091,611815,California
Santa Clara,2021-03-31,20496,977818,11904,514936,7461,439150,1131,23732,12604,251123,7852,374416,13724,625539,California
Santa Clara,2021-04-01,31844,1009662,19860,534796,8922,448072,3062,26794,20135,262656,11643,386059,23176,648715,California
Santa Clara,2021-04-02,25195,1034857,14349,549145,8677,456749,2169,28963,16459,272577,8696,394755,18617,667332,California
Santa Clara,2021-04-03,15294,1050151,9270,558415,3507,460256,2517,31480,8491,276791,6782,401537,10996,678328,California
Santa Clara,2021-04-04,7647,1057798,4042,562457,2437,462693,1168,32648,3969,278256,3666,405203,5131,683459,California
Santa Clara,2021-04-05,21884,1079682,14579,577036,4827,467520,2478,35126,14288,287442,7570,412773,16756,700215,California
Santa Clara,2021-04-06,29571,1109253,16293,593329,7825,475345,5453,40579,17759,298873,11768,424541,23199,723414,California
Santa Clara,2021-04-07,30884,1140137,15941,609270,8442,483787,6501,47080,18847,312217,11984,436525,25328,748742,California
Santa Clara,2021-04-08,29933,1170070,16355,625625,5982,489769,7596,54676,16311,322542,13554,450079,23879,772621,California
Santa Clara,2021-04-09,28076,1198146,13907,639532,6903,496672,7266,61942,14356,330479,13664,463743,21601,794222,California
Santa Clara,2021-04-10,21398,1219544,12352,651884,3754,500426,5292,67234,11418,337196,9948,473691,16665,810887,California
Santa Clara,2021-04-11,16017,1235561,9615,661499,2648,503074,3754,70988,8322,341589,7665,481356,12058,822945,California
Santa Clara,2021-04-12,26925,1262486,18957,680456,5537,508611,2431,73419,18384,353906,8490,489846,20807,843752,California
Santa Clara,2021-04-13,34338,1296824,27022,707478,7287,515898,29,73448,26501,372709,7762,497608,26565,870317,California
Santa Clara,2021-04-14,36776,1333600,27876,735354,8896,524794,4,73452,26143,388317,10569,508177,26177,896494,California
Santa Clara,2021-04-15,44022,1377622,34150,769504,9869,534663,3,73455,33948,412321,9969,518146,33973,930467,California
Santa Clara,2021-04-16,38350,1415972,26281,795785,12067,546730,2,73457,27511,429080,10778,528924,27537,958004,California
Santa Clara,2021-04-17,21966,1437938,15025,810810,6939,553669,2,73459,15075,437327,6845,535769,15092,973096,California
Santa Clara,2021-04-18,16392,1454330,10666,821476,5726,559395,0,73459,10247,441467,6118,541887,10258,983354,California
Santa Clara,2021-04-19,28815,1483145,20863,842339,7951,567346,1,73460,17249,447250,11496,553383,17279,1000633,California
Santa Clara,2021-04-20,36896,1520041,22457,864796,14438,581784,1,73461,22541,455572,14250,567633,22572,1023205,California
Santa Clara,2021-04-21,36793,1556834,21348,886144,15443,597227,2,73463,24363,467626,12341,579974,24395,1047600,California
Santa Clara,2021-04-22,37219,1594053,24823,910967,12395,609622,1,73464,17610,465790,19512,599486,17676,1065276,California
Santa Clara,2021-04-23,31998,1626051,19461,930428,12536,622158,1,73465,15059,464058,16842,616328,15110,1080386,California
Santa Clara,2021-04-24,21098,1647149,15447,945875,5650,627808,1,73466,11979,467018,9047,625375,12007,1092393,California
Santa Clara,2021-04-25,13583,1660732,9819,955694,3757,631565,7,73473,8674,470853,4868,630243,8703,1101096,California
Santa Clara,2021-04-26,24247,1684979,18954,974648,5235,636800,58,73531,10118,467016,14037,644280,10200,1111296,California
Santa Clara,2021-04-27,26727,1711706,19272,993920,7161,643961,294,73825,11730,464172,14906,659186,12062,1123358,California
Santa Clara,2021-04-28,25305,1737011,18664,1012584,6204,650165,437,74262,10416,460273,14809,673995,10910,1134268,California
Santa Clara,2021-04-29,23175,1760186,16830,1029414,5947,656112,398,74660,8357,454340,14750,688745,8817,1143085,California
Santa Clara,2021-04-30,22949,1783135,15720,1045134,6865,662977,364,75024,9757,451424,13108,701853,10192,1153277,California
Santa Clara,2021-05-01,17449,1800584,14511,1059645,2678,665655,260,75284,5495,445314,11906,713759,5796,1159073,California
Santa Clara,2021-05-02,11301,1811885,9377,1069022,1694,667349,230,75514,3500,441304,7760,721519,3750,1162823,California
Santa Clara,2021-05-03,22810,1834695,19375,1088397,3002,670351,433,75947,5152,429336,17586,739105,5618,1168441,California
Santa Clara,2021-05-04,30546,1865241,23914,1112311,6091,676442,541,76488,5495,410457,24955,764060,6076,1174517,California
Santa Clara,2021-05-05,32179,1897420,24459,1136770,7177,683619,543,77031,5439,389819,26643,790703,6005,1180522,California
Santa Clara,2021-05-06,35372,1932792,29482,1166252,5415,689034,475,77506,4675,364420,30568,821271,5169,1185691,California
Santa Clara,2021-05-07,32498,1965290,26149,1192401,5859,694893,490,77996,4636,341854,27732,849003,5166,1190857,California
Santa Clara,2021-05-08,16451,1981741,13383,1205784,2645,697538,423,78419,3473,332872,12894,861897,3912,1194769,California
Santa Clara,2021-05-09,10326,1992067,8958,1214742,1181,698719,187,78606,2454,327690,7836,869733,2654,1197423,California
Santa Clara,2021-05-10,20759,2012826,16637,1231379,3722,702441,400,79006,2736,312903,17943,887676,3156,1200579,California
Santa Clara,2021-05-11,21652,2034478,16286,1247665,4950,707391,416,79422,3911,299585,17652,905328,4334,1204913,California
Santa Clara,2021-05-12,20167,2054645,14792,1262457,4912,712303,463,79885,4181,288337,15906,921234,4658,1209571,California
Santa Clara,2021-05-13,26907,2081552,21906,1284363,4709,717012,292,80177,10693,283196,16132,937366,10991,1220562,California
Santa Clara,2021-05-14,27422,2108974,19119,1303482,7921,724933,382,80559,9548,275352,17783,955149,9939,1230501,California
Santa Clara,2021-05-15,20497,2129471,16427,1319909,3790,728723,280,80839,8029,271278,12390,967539,8316,1238817,California
Santa Clara,2021-05-16,15438,2144909,12438,1332347,2823,731546,177,81016,5077,266252,10282,977821,5256,1244073,California
Santa Clara,2021-05-17,20093,2165002,15803,1348150,3927,735473,363,81379,6886,260371,13134,990955,7253,1251326,California
Santa Clara,2021-05-18,25875,2190877,16450,1364600,9007,744480,418,81797,7261,249571,18476,1009431,7676,1259002,California
Santa Clara,2021-05-19,24075,2214952,13885,1378485,9767,754247,423,82220,7877,241784,16094,1025525,8307,1267309,California
Santa Clara,2021-05-20,16685,2231637,11181,1389666,5115,759362,389,82609,5981,237519,10632,1036157,6367,1273676,California
Santa Clara,2021-05-21,20446,2252083,13768,1403434,6240,765602,438,83047,6964,231531,13402,1049559,7414,1281090,California
Santa Clara,2021-05-22,11337,2263420,8835,1412269,2214,767816,288,83335,4810,230160,6472,1056031,5101,1286191,California
Santa Clara,2021-05-23,6727,2270147,5202,1417471,1377,769193,148,83483,2452,228521,4243,1060274,2604,1288795,California
Santa Clara,2021-05-24,10153,2280300,7161,1424632,2544,771737,448,83931,3657,226191,6434,1066708,4104,1292899,California
Santa Clara,2021-05-25,10971,2291271,7475,1432107,3080,774817,416,84347,4346,224393,6562,1073270,4764,1297663,California
Santa Clara,2021-05-26,9895,2301166,6582,1438689,3017,777834,296,84643,3965,222779,5870,1079140,4256,1301919,California
Santa Clara,2021-05-27,9052,2310218,5714,1444403,2895,780729,443,85086,3502,221235,5484,1084624,3940,1305859,California
Santa Clara,2021-05-28,10627,2320845,6833,1451236,3377,784106,417,85503,4315,219717,6251,1090875,4733,1310592,California
Santa Clara,2021-05-29,6204,2327049,4234,1455470,1705,785811,265,85768,2837,219493,3324,1094199,3100,1313692,California
Santa Clara,2021-05-30,3748,2330797,2811,1458281,734,786545,203,85971,1822,219618,1901,1096100,2026,1315718,California
Santa Clara,2021-05-31,1081,2331878,627,1458908,350,786895,104,86075,439,219526,635,1096735,543,1316261,California
Santa Clara,2021-06-01,7633,2339511,5177,1464085,2144,789039,312,86387,2577,217422,4992,1101727,2888,1319149,California
Santa Clara,2021-06-02,4594,2344105,3335,1467420,1053,790092,206,86593,1667,216397,2893,1104620,1868,1321017,California
Santa Cruz,2020-12-15,2,2,2,2,0,0,0,0,2,2,0,0,2,2,California
Santa Cruz,2020-12-16,58,60,58,60,0,0,0,0,58,60,0,0,58,60,California
Santa Cruz,2020-12-17,391,451,391,451,0,0,0,0,391,451,0,0,391,451,California
Santa Cruz,2020-12-18,463,914,463,914,0,0,0,0,463,914,0,0,463,914,California
Santa Cruz,2020-12-19,179,1093,178,1092,1,1,0,0,179,1093,0,0,179,1093,California
Santa Cruz,2020-12-20,96,1189,96,1188,0,1,0,0,96,1189,0,0,96,1189,California
Santa Cruz,2020-12-21,439,1628,439,1627,0,1,0,0,439,1628,0,0,439,1628,California
Santa Cruz,2020-12-22,417,2045,416,2043,1,2,0,0,417,2045,0,0,417,2045,California
Santa Cruz,2020-12-23,370,2415,327,2370,43,45,0,0,370,2415,0,0,370,2415,California
Santa Cruz,2020-12-24,127,2542,51,2421,76,121,0,0,127,2542,0,0,127,2542,California
Santa Cruz,2020-12-25,12,2554,12,2433,0,121,0,0,12,2554,0,0,12,2554,California
Santa Cruz,2020-12-26,66,2620,47,2480,19,140,0,0,66,2620,0,0,66,2620,California
Santa Cruz,2020-12-27,32,2652,27,2507,5,145,0,0,32,2652,0,0,32,2652,California
Santa Cruz,2020-12-28,487,3139,108,2615,379,524,0,0,487,3139,0,0,487,3139,California
Santa Cruz,2020-12-29,790,3929,366,2981,424,948,0,0,790,3929,0,0,790,3929,California
Santa Cruz,2020-12-30,354,4283,163,3144,191,1139,0,0,354,4283,0,0,354,4283,California
Santa Cruz,2020-12-31,312,4595,11,3155,301,1440,0,0,312,4595,0,0,312,4595,California
Santa Cruz,2021-01-01,33,4628,1,3156,32,1472,0,0,33,4628,0,0,33,4628,California
Santa Cruz,2021-01-02,68,4696,54,3210,14,1486,0,0,68,4696,0,0,68,4696,California
Santa Cruz,2021-01-03,15,4711,7,3217,8,1494,0,0,15,4711,0,0,15,4711,California
Santa Cruz,2021-01-04,281,4992,124,3341,157,1651,0,0,279,4990,0,0,279,4990,California
Santa Cruz,2021-01-05,565,5557,429,3770,136,1787,0,0,263,4951,302,302,263,5253,California
Santa Cruz,2021-01-06,799,6356,667,4437,132,1919,0,0,460,5073,338,640,460,5713,California
Santa Cruz,2021-01-07,539,6895,214,4651,325,2244,0,0,383,5301,156,796,384,6097,California
Santa Cruz,2021-01-08,931,7826,559,5210,372,2616,0,0,485,5341,446,1242,486,6583,California
Santa Cruz,2021-01-09,462,8288,123,5333,339,2955,0,0,408,5695,54,1296,408,6991,California
Santa Cruz,2021-01-10,78,8366,70,5403,8,2963,0,0,20,5657,58,1354,20,7011,California
Santa Cruz,2021-01-11,716,9082,585,5988,131,3094,0,0,186,5314,530,1884,187,7198,California
Santa Cruz,2021-01-12,718,9800,518,6506,200,3294,0,0,479,5554,239,2123,479,7677,California
Santa Cruz,2021-01-13,520,10320,227,6733,293,3587,0,0,438,5913,79,2202,438,8115,California
Santa Cruz,2021-01-14,549,10869,103,6836,446,4033,0,0,483,6330,66,2268,483,8598,California
Santa Cruz,2021-01-15,1452,12321,75,6911,1377,5410,0,0,1388,7656,64,2332,1390,9988,California
Santa Cruz,2021-01-16,425,12746,52,6963,373,5783,0,0,406,8043,19,2351,406,10394,California
Santa Cruz,2021-01-17,296,13042,41,7004,255,6038,0,0,271,8289,25,2376,271,10665,California
Santa Cruz,2021-01-18,1004,14046,104,7108,900,6938,0,0,943,9171,61,2437,943,11608,California
Santa Cruz,2021-01-19,1610,15656,520,7628,1090,8028,0,0,1261,10086,347,2784,1262,12870,California
Santa Cruz,2021-01-20,1234,16890,181,7809,1053,9081,0,0,1037,10929,194,2978,1037,13907,California
Santa Cruz,2021-01-21,1691,18581,198,8007,1493,10574,0,0,1582,12404,109,3087,1584,15491,California
Santa Cruz,2021-01-22,1783,20364,525,8532,1258,11832,0,0,1680,13985,100,3187,1681,17172,California
Santa Cruz,2021-01-23,396,20760,144,8676,252,12084,0,0,338,14266,57,3244,338,17510,California
Santa Cruz,2021-01-24,115,20875,19,8695,96,12180,0,0,97,14345,18,3262,97,17607,California
Santa Cruz,2021-01-25,1059,21934,359,9054,700,12880,0,0,553,14392,506,3768,553,18160,California
Santa Cruz,2021-01-26,1688,23622,247,9301,1441,14321,0,0,1180,15064,508,4276,1180,19340,California
Santa Cruz,2021-01-27,1644,25266,445,9746,1199,15520,0,0,1261,15944,381,4657,1261,20601,California
Santa Cruz,2021-01-28,1739,27005,289,10035,1450,16970,0,0,1462,17130,277,4934,1463,22064,California
Santa Cruz,2021-01-29,1727,28732,488,10523,1239,18209,0,0,1598,18600,128,5062,1598,23662,California
Santa Cruz,2021-01-30,1054,29786,310,10833,744,18953,0,0,920,19386,134,5196,920,24582,California
Santa Cruz,2021-01-31,222,30008,113,10946,109,19062,0,0,208,19580,14,5210,208,24790,California
Santa Cruz,2021-02-01,1219,31227,748,11694,471,19533,0,0,824,20009,395,5605,824,25614,California
Santa Cruz,2021-02-02,992,32219,125,11819,867,20400,0,0,840,20698,151,5756,840,26454,California
Santa Cruz,2021-02-03,2215,34434,956,12775,1259,21659,0,0,1903,22292,309,6065,1903,28357,California
Santa Cruz,2021-02-04,1840,36274,767,13542,1073,22732,0,0,1502,23457,337,6402,1502,29859,California
Santa Cruz,2021-02-05,3140,39414,778,14320,2362,25094,0,0,2822,25962,317,6719,2822,32681,California
Santa Cruz,2021-02-06,2567,41981,160,14480,2407,27501,0,0,2223,27841,344,7063,2223,34904,California
Santa Cruz,2021-02-07,904,42885,122,14602,782,28283,0,0,887,28711,17,7080,887,35791,California
Santa Cruz,2021-02-08,702,43587,201,14803,501,28784,0,0,507,29024,194,7274,507,36298,California
Santa Cruz,2021-02-09,2357,45944,1050,15853,1307,30091,0,0,2091,30849,266,7540,2091,38389,California
Santa Cruz,2021-02-10,2180,48124,575,16428,1605,31696,0,0,1481,31642,689,8229,1482,39871,California
Santa Cruz,2021-02-11,1826,49950,309,16737,1517,33213,0,0,1312,32442,512,8741,1312,41183,California
Santa Cruz,2021-02-12,3199,53149,415,17152,2784,35997,0,0,1795,32844,1395,10136,1797,42980,California
Santa Cruz,2021-02-13,1699,54848,123,17275,1576,37573,0,0,1287,33719,412,10548,1287,44267,California
Santa Cruz,2021-02-14,1400,56248,71,17346,1329,38902,0,0,1136,34591,264,10812,1136,45403,California
Santa Cruz,2021-02-15,1568,57816,280,17626,1288,40190,0,0,562,34148,1006,11818,563,45966,California
Santa Cruz,2021-02-16,1680,59496,204,17830,1476,41666,0,0,525,33540,1133,12951,525,46491,California
Santa Cruz,2021-02-17,2902,62398,971,18801,1931,43597,0,0,1206,33066,1683,14634,1209,47700,California
Santa Cruz,2021-02-18,2861,65259,631,19432,2230,45827,0,0,1231,32671,1626,16260,1231,48931,California
Santa Cruz,2021-02-19,3240,68499,1133,20565,2107,47934,0,0,1996,33426,1241,17501,1996,50927,California
Santa Cruz,2021-02-20,2373,70872,1490,22055,883,48817,0,0,1877,34807,496,17997,1877,52804,California
Santa Cruz,2021-02-21,836,71708,369,22424,467,49284,0,0,707,35388,127,18124,708,53512,California
Santa Cruz,2021-02-22,1244,72952,956,23380,288,49572,0,0,528,35202,714,18838,528,54040,California
Santa Cruz,2021-02-23,2094,75046,933,24313,1161,50733,0,0,706,34522,1387,20225,707,54747,California
Santa Cruz,2021-02-24,3168,78214,1655,25968,1513,52246,0,0,1202,33763,1961,22186,1202,55949,California
Santa Cruz,2021-02-25,3208,81422,1416,27384,1792,54038,0,0,1765,34094,1435,23621,1766,57715,California
Santa Cruz,2021-02-26,2707,84129,759,28143,1948,55986,0,0,1541,34475,1162,24783,1543,59258,California
Santa Cruz,2021-02-27,2621,86750,931,29074,1690,57676,0,0,1826,35508,793,25576,1826,61084,California
Santa Cruz,2021-02-28,1286,88036,358,29432,928,58604,0,0,1074,36373,209,25785,1074,62158,California
Santa Cruz,2021-03-01,1821,89857,1249,30681,572,59176,0,0,688,35930,1131,26916,688,62846,California
Santa Cruz,2021-03-02,1536,91393,364,31045,1172,60348,0,0,873,36145,661,27577,876,63722,California
Santa Cruz,2021-03-03,2349,93742,633,31678,1716,62064,0,0,1288,36375,1058,28635,1288,65010,California
Santa Cruz,2021-03-04,2998,96740,1412,33090,1585,63649,1,1,2027,37444,960,29595,2029,67039,California
Santa Cruz,2021-03-05,2615,99355,489,33579,2108,65757,18,19,1141,37132,1471,31066,1159,68198,California
Santa Cruz,2021-03-06,3842,103197,1336,34915,2404,68161,102,121,2145,37681,1697,32763,2246,70444,California
Santa Cruz,2021-03-07,1343,104540,128,35043,1144,69305,71,192,558,37526,784,33547,629,71073,California
Santa Cruz,2021-03-08,1089,105629,222,35265,738,70043,129,321,657,37880,432,33979,786,71859,California
Santa Cruz,2021-03-09,1780,107409,262,35527,1370,71413,148,469,711,37673,1066,35045,859,72718,California
Santa Cruz,2021-03-10,3852,111261,2087,37614,1619,73032,146,615,2006,37983,1844,36889,2154,74872,California
Santa Cruz,2021-03-11,2791,114052,1213,38827,1406,74438,172,787,1543,38453,1247,38136,1717,76589,California
Santa Cruz,2021-03-12,2748,116800,882,39709,1574,76012,292,1079,919,37837,1825,39961,1209,77798,California
Santa Cruz,2021-03-13,2309,119109,1327,41036,940,76952,42,1121,1181,37937,1125,41086,1225,79023,California
Santa Cruz,2021-03-14,897,120006,212,41248,671,77623,14,1135,428,37911,467,41553,441,79464,California
Santa Cruz,2021-03-15,1334,121340,474,41722,825,78448,35,1170,574,37765,756,42309,610,80074,California
Santa Cruz,2021-03-16,2307,123647,1090,42812,1177,79625,40,1210,1337,38175,966,43275,1376,81450,California
Santa Cruz,2021-03-17,3948,127595,2323,45135,1615,81240,10,1220,2604,39454,1339,44614,2618,84068,California
Santa Cruz,2021-03-18,3850,131445,2073,47208,1659,82899,118,1338,2060,39845,1787,46401,2178,86246,California
Santa Cruz,2021-03-19,3374,134819,1319,48527,1831,84730,224,1562,1760,40219,1609,48010,1983,88229,California
Santa Cruz,2021-03-20,2162,136981,1613,50140,513,85243,36,1598,1087,40269,1073,49083,1123,89352,California
Santa Cruz,2021-03-21,821,137802,440,50580,259,85502,122,1720,439,40451,380,49463,562,89914,California
Santa Cruz,2021-03-22,1364,139166,845,51425,497,85999,22,1742,941,40995,420,49883,964,90878,California
Santa Cruz,2021-03-23,2550,141716,1433,52858,1067,87066,50,1792,1686,41870,861,50744,1736,92614,California
Santa Cruz,2021-03-24,3099,144815,2111,54969,967,88033,21,1813,2066,42929,1027,51771,2086,94700,California
Santa Cruz,2021-03-25,2638,147453,1323,56292,1278,89311,37,1850,1345,43025,1286,53057,1382,96082,California
Santa Cruz,2021-03-26,3120,150573,1812,58104,1281,90592,27,1877,2146,44230,967,54024,2172,98254,California
Santa Cruz,2021-03-27,3209,153782,2003,60107,1181,91773,25,1902,1509,44075,1690,55714,1535,99789,California
Santa Cruz,2021-03-28,935,154717,577,60684,344,92117,14,1916,493,44144,438,56152,507,100296,California
Santa Cruz,2021-03-29,1986,156703,878,61562,1040,93157,68,1984,1285,44799,698,56850,1353,101649,California
Santa Cruz,2021-03-30,2693,159396,812,62374,1723,94880,158,2142,1712,45691,978,57828,1870,103519,California
Santa Cruz,2021-03-31,4175,163571,2834,65208,1293,96173,48,2190,2198,45965,1972,59800,2246,105765,California
Santa Cruz,2021-04-01,4051,167622,2167,67375,1776,97949,108,2298,2052,46133,1992,61792,2160,107925,California
Santa Cruz,2021-04-02,3291,170913,1425,68800,1688,99637,178,2476,1886,46795,1402,63194,2064,109989,California
Santa Cruz,2021-04-03,2249,173162,1226,70026,889,100526,134,2610,883,46447,1364,64558,1016,111005,California
Santa Cruz,2021-04-04,937,174099,489,70515,392,100918,56,2666,549,46664,388,64946,605,111610,California
Santa Cruz,2021-04-05,2271,176370,790,71305,1312,102230,169,2835,1405,47374,865,65811,1575,113185,California
Santa Cruz,2021-04-06,3398,179768,1650,72955,1368,103598,380,3215,1965,48292,1422,67233,2340,115525,California
Santa Cruz,2021-04-07,4175,183943,1635,74590,2177,105775,363,3578,1811,48112,2361,69594,2181,117706,California
Santa Cruz,2021-04-08,4280,188223,2352,76942,1411,107186,517,4095,2527,49412,1744,71338,3044,120750,California
Santa Cruz,2021-04-09,3717,191940,1519,78461,1798,108984,400,4495,2100,50306,1611,72949,2505,123255,California
Santa Cruz,2021-04-10,2257,194197,1084,79545,921,109905,252,4747,1054,50413,1199,74148,1306,124561,California
Santa Cruz,2021-04-11,991,195188,515,80060,384,110289,92,4839,477,50468,514,74662,569,125130,California
Santa Cruz,2021-04-12,2293,197481,823,80883,1046,111335,424,5263,1100,50812,1179,75841,1523,126653,California
Santa Cruz,2021-04-13,2894,200375,1451,82334,1441,112776,2,5265,1634,51194,1254,77095,1636,128289,California
Santa Cruz,2021-04-14,4609,204984,2244,84578,2365,115141,0,5265,2244,51083,2358,79453,2247,130536,California
Santa Cruz,2021-04-15,5006,209990,3192,87770,1814,116955,0,5265,3161,52410,1834,81287,3161,133697,California
Santa Cruz,2021-04-16,4487,214477,2486,90256,1999,118954,2,5267,2438,52810,2041,83328,2441,136138,California
Santa Cruz,2021-04-17,2249,216726,890,91146,1359,120313,0,5267,1496,53555,751,84079,1496,137634,California
Santa Cruz,2021-04-18,1058,217784,511,91657,546,120859,1,5268,586,53672,470,84549,587,138221,California
Santa Cruz,2021-04-19,2538,220322,1516,93173,1021,121880,1,5269,1611,54359,924,85473,1611,139832,California
Santa Cruz,2021-04-20,3134,223456,1669,94842,1465,123345,0,5269,1794,54823,1331,86804,1795,141627,California
Santa Cruz,2021-04-21,4258,227714,2848,97690,1410,124755,0,5269,2311,55205,1929,88733,2311,143938,California
Santa Cruz,2021-04-22,4310,232024,2906,100596,1404,126159,0,5269,2421,55746,1880,90613,2421,146359,California
Santa Cruz,2021-04-23,3198,235222,1734,102330,1463,127622,1,5270,1389,55335,1800,92413,1389,147748,California
Santa Cruz,2021-04-24,2244,237466,1086,103416,1155,128777,3,5273,702,54509,1531,93944,705,148453,California
Santa Cruz,2021-04-25,1090,238556,696,104112,382,129159,12,5285,450,54338,632,94576,461,148914,California
Santa Cruz,2021-04-26,1895,240451,931,105043,950,130109,14,5299,751,53970,1134,95710,766,149680,California
Santa Cruz,2021-04-27,2819,243270,888,105931,1862,131971,69,5368,1408,54042,1405,97115,1477,151157,California
Santa Cruz,2021-04-28,3415,246685,1888,107819,1450,133421,77,5445,1795,54302,1609,98724,1869,153026,California
Santa Cruz,2021-04-29,3708,250393,2459,110278,1186,134607,63,5508,1277,53225,2418,101142,1341,154367,California
Santa Cruz,2021-04-30,2390,252783,1215,111493,1131,135738,44,5552,1023,52933,1359,102501,1067,155434,California
Santa Cruz,2021-05-01,1288,254071,1022,112515,233,135971,33,5585,598,52876,688,103189,631,156065,California
Santa Cruz,2021-05-02,642,254713,457,112972,160,136131,25,5610,213,52686,429,103618,239,156304,California
Santa Cruz,2021-05-03,1926,256639,993,113965,866,136997,67,5677,659,52158,1255,104873,727,157031,California
Santa Cruz,2021-05-04,2687,259326,1563,115528,1054,138051,70,5747,869,51280,1815,106688,937,157968,California
Santa Cruz,2021-05-05,2773,262099,1378,116906,1316,139367,79,5826,732,50095,2000,108688,815,158783,California
Santa Cruz,2021-05-06,3839,265938,2446,119352,1174,140541,219,6045,855,48200,2966,111654,1071,159854,California
Santa Cruz,2021-05-07,2751,268689,1247,120599,1422,141963,82,6127,433,46403,2313,113967,516,160370,California
Santa Cruz,2021-05-08,1369,270058,687,121286,654,142617,28,6155,387,45838,982,114949,417,160787,California
Santa Cruz,2021-05-09,509,270567,327,121613,159,142776,23,6178,152,45659,354,115303,175,160962,California
Santa Cruz,2021-05-10,2030,272597,1221,122834,744,143520,65,6243,412,44527,1609,116912,477,161439,California
Santa Cruz,2021-05-11,2302,274899,1305,124139,918,144438,79,6322,643,43594,1654,118566,721,162160,California
Santa Cruz,2021-05-12,3026,277925,1295,125434,1657,146095,74,6396,529,41709,2489,121055,604,162764,California
Santa Cruz,2021-05-13,3717,281642,2541,127975,1085,147180,91,6487,1323,40735,2390,123445,1416,164180,California
Santa Cruz,2021-05-14,2907,284549,1646,129621,1221,148401,40,6527,1165,40209,1734,125179,1208,165388,California
Santa Cruz,2021-05-15,2299,286848,1333,130954,954,149355,12,6539,1122,40169,1174,126353,1134,166522,California
Santa Cruz,2021-05-16,724,287572,374,131328,329,149684,21,6560,207,39882,516,126869,229,166751,California
Santa Cruz,2021-05-17,1528,289100,808,132136,649,150333,71,6631,590,39606,937,127806,661,167412,California
Santa Cruz,2021-05-18,2304,291404,1431,133567,850,151183,23,6654,1166,39665,1130,128936,1189,168601,California
Santa Cruz,2021-05-19,3080,294484,1852,135419,1192,152375,36,6690,1336,39302,1735,130671,1372,169973,California
Santa Cruz,2021-05-20,2765,297249,2034,137453,589,152964,142,6832,1297,39286,1461,132132,1445,171418,California
Santa Cruz,2021-05-21,1383,298632,735,138188,559,153523,89,6921,527,39051,852,132984,617,172035,California
Santa Cruz,2021-05-22,1424,300056,1200,139388,216,153739,8,6929,537,38712,884,133868,545,172580,California
Santa Cruz,2021-05-23,216,300272,168,139556,33,153772,15,6944,92,38698,121,133989,107,172687,California
Santa Cruz,2021-05-24,1171,301443,670,140226,422,154194,79,7023,357,38329,803,134792,434,173121,California
Santa Cruz,2021-05-25,2286,303729,1307,141533,934,155128,45,7068,513,37264,1622,136414,557,173678,California
Santa Cruz,2021-05-26,1725,305454,806,142339,877,156005,42,7110,501,36598,1210,137624,544,174222,California
Santa Cruz,2021-05-27,1234,306688,658,142997,491,156496,85,7195,472,36399,756,138380,557,174779,California
Santa Cruz,2021-05-28,864,307552,392,143389,442,156938,30,7225,391,36356,465,138845,422,175201,California
Santa Cruz,2021-05-29,565,308117,332,143721,222,157160,11,7236,306,36417,256,139101,317,175518,California
Santa Cruz,2021-05-30,238,308355,126,143847,98,157258,14,7250,98,36393,135,139236,111,175629,California
Santa Cruz,2021-05-31,144,308499,65,143912,78,157336,1,7251,48,36346,96,139332,49,175678,California
Santa Cruz,2021-06-01,853,309352,511,144423,329,157665,13,7264,329,36166,522,139854,342,176020,California
Santa Cruz,2021-06-02,432,309784,307,144730,107,157772,18,7282,178,36110,252,140106,196,176216,California
Shasta,2020-12-16,131,131,131,131,0,0,0,0,131,131,0,0,131,131,California
Shasta,2020-12-17,420,551,420,551,0,0,0,0,420,551,0,0,420,551,California
Shasta,2020-12-18,166,717,166,717,0,0,0,0,166,717,0,0,166,717,California
Shasta,2020-12-19,1,718,1,718,0,0,0,0,1,718,0,0,1,718,California
Shasta,2020-12-21,79,797,79,797,0,0,0,0,79,797,0,0,79,797,California
Shasta,2020-12-22,192,989,187,984,5,5,0,0,192,989,0,0,192,989,California
Shasta,2020-12-23,174,1163,170,1154,4,9,0,0,174,1163,0,0,174,1163,California
Shasta,2020-12-24,18,1181,18,1172,0,9,0,0,18,1181,0,0,18,1181,California
Shasta,2020-12-26,4,1185,1,1173,3,12,0,0,4,1185,0,0,4,1185,California
Shasta,2020-12-27,1,1186,0,1173,1,13,0,0,1,1186,0,0,1,1186,California
Shasta,2020-12-28,40,1226,31,1204,9,22,0,0,40,1226,0,0,40,1226,California
Shasta,2020-12-29,186,1412,185,1389,1,23,0,0,186,1412,0,0,186,1412,California
Shasta,2020-12-30,178,1590,168,1557,10,33,0,0,178,1590,0,0,178,1590,California
Shasta,2020-12-31,83,1673,2,1559,81,114,0,0,83,1673,0,0,83,1673,California
Shasta,2021-01-02,2,1675,0,1559,2,116,0,0,2,1675,0,0,2,1675,California
Shasta,2021-01-03,1,1676,1,1560,0,116,0,0,1,1676,0,0,1,1676,California
Shasta,2021-01-04,372,2048,306,1866,66,182,0,0,373,2049,0,0,373,2049,California
Shasta,2021-01-05,335,2383,314,2180,21,203,0,0,253,2220,82,82,253,2302,California
Shasta,2021-01-06,466,2849,395,2575,71,274,0,0,203,2161,262,344,203,2505,California
Shasta,2021-01-07,125,2974,36,2611,89,363,0,0,104,2244,21,365,104,2609,California
Shasta,2021-01-08,525,3499,448,3059,77,440,0,0,317,2353,208,573,317,2926,California
Shasta,2021-01-09,73,3572,64,3123,9,449,0,0,71,2422,2,575,71,2997,California
Shasta,2021-01-10,5,3577,0,3123,5,454,0,0,4,2426,1,576,5,3002,California
Shasta,2021-01-11,405,3982,184,3307,221,675,0,0,370,2761,35,611,370,3372,California
Shasta,2021-01-12,487,4469,330,3637,157,832,0,0,312,2898,175,786,312,3684,California
Shasta,2021-01-13,599,5068,267,3904,332,1164,0,0,430,3159,169,955,430,4114,California
Shasta,2021-01-14,501,5569,52,3956,449,1613,0,0,483,3624,18,973,483,4597,California
Shasta,2021-01-15,686,6255,134,4090,552,2165,0,0,684,4306,2,975,684,5281,California
Shasta,2021-01-16,897,7152,54,4144,843,3008,0,0,894,5197,3,978,894,6175,California
Shasta,2021-01-17,27,7179,6,4150,21,3029,0,0,23,5216,4,982,23,6198,California
Shasta,2021-01-18,598,7777,128,4278,470,3499,0,0,590,5798,8,990,590,6788,California
Shasta,2021-01-19,1058,8835,398,4676,660,4159,0,0,910,6560,148,1138,910,7698,California
Shasta,2021-01-20,681,9516,413,5089,268,4427,0,0,494,6872,182,1320,494,8192,California
Shasta,2021-01-21,633,10149,280,5369,353,4780,0,0,610,7459,23,1343,610,8802,California
Shasta,2021-01-22,447,10596,173,5542,274,5054,0,0,441,7894,6,1349,441,9243,California
Shasta,2021-01-23,68,10664,5,5547,63,5117,0,0,67,7960,1,1350,67,9310,California
Shasta,2021-01-24,25,10689,2,5549,23,5140,0,0,24,7983,1,1351,24,9334,California
Shasta,2021-01-25,750,11439,491,6040,259,5399,0,0,464,8162,285,1636,464,9798,California
Shasta,2021-01-26,709,12148,333,6373,376,5775,0,0,475,8405,232,1868,475,10273,California
Shasta,2021-01-27,459,12607,179,6552,280,6055,0,0,410,8766,49,1917,410,10683,California
Shasta,2021-01-28,888,13495,577,7129,311,6366,0,0,666,9210,222,2139,666,11349,California
Shasta,2021-01-29,833,14328,332,7461,501,6867,0,0,643,9664,190,2329,644,11993,California
Shasta,2021-01-30,616,14944,15,7476,601,7468,0,0,606,10260,10,2339,606,12599,California
Shasta,2021-01-31,27,14971,3,7479,24,7492,0,0,26,10285,1,2340,26,12625,California
Shasta,2021-02-01,530,15501,148,7627,382,7874,0,0,386,10527,144,2484,386,13011,California
Shasta,2021-02-02,988,16489,500,8127,488,8362,0,0,896,11333,90,2574,896,13907,California
Shasta,2021-02-03,723,17212,211,8338,512,8874,0,0,488,11586,235,2809,488,14395,California
Shasta,2021-02-04,1098,18310,675,9013,423,9297,0,0,905,12299,192,3001,905,15300,California
Shasta,2021-02-05,1261,19571,165,9178,1096,10393,0,0,1054,13147,206,3207,1054,16354,California
Shasta,2021-02-06,1746,21317,41,9219,1705,12098,0,0,1723,14847,23,3230,1723,18077,California
Shasta,2021-02-07,25,21342,3,9222,22,12120,0,0,23,14868,2,3232,23,18100,California
Shasta,2021-02-08,596,21938,168,9390,428,12548,0,0,306,14884,290,3522,306,18406,California
Shasta,2021-02-09,1124,23062,654,10044,470,13018,0,0,731,15223,393,3915,732,19138,California
Shasta,2021-02-10,1124,24186,788,10832,336,13354,0,0,599,15297,526,4441,600,19738,California
Shasta,2021-02-11,891,25077,186,11018,705,14059,0,0,369,15149,517,4958,369,20107,California
Shasta,2021-02-12,1778,26855,1199,12217,579,14638,0,0,1227,15825,551,5509,1227,21334,California
Shasta,2021-02-13,1381,28236,368,12585,1013,15651,0,0,570,15584,812,6321,571,21905,California
Shasta,2021-02-14,150,28386,4,12589,146,15797,0,0,126,15686,24,6345,126,22031,California
Shasta,2021-02-15,377,28763,89,12678,288,16085,0,0,208,15725,169,6514,208,22239,California
Shasta,2021-02-16,1197,29960,522,13200,675,16760,0,0,423,15375,773,7287,423,22662,California
Shasta,2021-02-17,1034,30994,438,13638,596,17356,0,0,414,15169,620,7907,414,23076,California
Shasta,2021-02-18,950,31944,469,14107,481,17837,0,0,459,15138,491,8398,460,23536,California
Shasta,2021-02-19,1338,33282,946,15053,392,18229,0,0,871,15542,467,8865,871,24407,California
Shasta,2021-02-20,803,34085,90,15143,713,18942,0,0,304,15347,499,9364,304,24711,California
Shasta,2021-02-21,32,34117,3,15146,29,18971,0,0,10,15335,22,9386,10,24721,California
Shasta,2021-02-22,430,34547,77,15223,353,19324,0,0,178,15262,251,9637,178,24899,California
Shasta,2021-02-23,910,35457,469,15692,441,19765,0,0,327,15006,583,10220,327,25226,California
Shasta,2021-02-24,891,36348,509,16201,382,20147,0,0,274,14664,616,10836,274,25500,California
Shasta,2021-02-25,519,36867,163,16364,356,20503,0,0,162,14470,356,11192,162,25662,California
Shasta,2021-02-26,791,37658,94,16458,697,21200,0,0,332,14344,458,11650,332,25994,California
Shasta,2021-02-27,827,38485,27,16485,800,22000,0,0,188,13895,637,12287,188,26182,California
Shasta,2021-02-28,176,38661,4,16489,172,22172,0,0,126,13971,50,12337,126,26308,California
Shasta,2021-03-01,583,39244,58,16547,525,22697,0,0,295,13979,287,12624,295,26603,California
Shasta,2021-03-02,1030,40274,474,17021,556,23253,0,0,339,13629,689,13313,339,26942,California
Shasta,2021-03-03,674,40948,172,17193,502,23755,0,0,245,13445,429,13742,245,27187,California
Shasta,2021-03-04,3034,43982,2419,19612,615,24370,0,0,1749,13911,1284,15026,1750,28937,California
Shasta,2021-03-05,1560,45542,161,19773,1370,25740,29,29,785,13949,776,15802,814,29751,California
Shasta,2021-03-06,2743,48285,385,20158,2311,28051,47,76,855,12965,1886,17688,902,30653,California
Shasta,2021-03-07,92,48377,4,20162,56,28107,32,108,38,12981,54,17742,70,30723,California
Shasta,2021-03-08,570,48947,46,20208,385,28492,139,247,157,12866,411,18153,296,31019,California
Shasta,2021-03-09,1254,50201,595,20803,481,28973,178,425,698,13185,556,18709,875,31894,California
Shasta,2021-03-10,801,51002,257,21060,342,29315,202,627,138,12861,662,19371,338,32232,California
Shasta,2021-03-11,1558,52560,471,21531,815,30130,272,899,940,13458,615,19986,1212,33444,California
Shasta,2021-03-12,1561,54121,848,22379,463,30593,250,1149,412,12970,1148,21134,660,34104,California
Shasta,2021-03-13,758,54879,425,22804,232,30825,101,1250,474,13260,283,21417,573,34677,California
Shasta,2021-03-14,1019,55898,8,22812,989,31814,22,1272,880,14024,139,21556,903,35580,California
Shasta,2021-03-15,496,56394,35,22847,361,32175,100,1372,210,14047,286,21842,309,35889,California
Shasta,2021-03-16,1138,57532,149,22996,922,33097,67,1439,854,14684,284,22126,921,36810,California
Shasta,2021-03-17,734,58266,191,23187,485,33582,58,1497,394,14803,333,22459,452,37262,California
Shasta,2021-03-18,1545,59811,586,23773,855,34437,104,1601,1118,15602,423,22882,1222,38484,California
Shasta,2021-03-19,648,60459,196,23969,396,34833,56,1657,414,15839,233,23115,470,38954,California
Shasta,2021-03-20,747,61206,489,24458,244,35077,14,1671,599,16304,148,23263,613,39567,California
Shasta,2021-03-21,313,61519,298,24756,4,35081,11,1682,286,16575,26,23289,297,39864,California
Shasta,2021-03-22,347,61866,37,24793,274,35355,36,1718,199,16663,147,23436,235,40099,California
Shasta,2021-03-23,1312,63178,653,25446,599,35954,60,1778,757,16930,550,23986,817,40916,California
Shasta,2021-03-24,611,63789,156,25602,417,36371,38,1816,367,17092,243,24229,405,41321,California
Shasta,2021-03-25,1134,64923,449,26051,664,37035,21,1837,820,17623,311,24540,842,42163,California
Shasta,2021-03-26,1836,66759,1404,27455,402,37437,30,1867,1477,18772,359,24899,1508,43671,California
Shasta,2021-03-27,1594,68353,405,27860,317,37754,872,2739,576,19200,1016,25915,1444,45115,California
Shasta,2021-03-28,405,68758,299,28159,96,37850,10,2749,300,19407,103,26018,310,45425,California
Shasta,2021-03-29,420,69178,40,28199,368,38218,12,2761,166,19332,253,26271,178,45603,California
Shasta,2021-03-30,1247,70425,766,28965,464,38682,17,2778,625,19355,619,26890,642,46245,California
Shasta,2021-03-31,620,71045,206,29171,408,39090,6,2784,384,19514,231,27121,390,46635,California
Shasta,2021-04-01,898,71943,248,29419,638,39728,12,2796,577,19784,319,27440,589,47224,California
Shasta,2021-04-02,755,72698,200,29619,501,40229,54,2850,415,19915,338,27778,469,47693,California
Shasta,2021-04-03,515,73213,363,29982,133,40362,19,2869,390,20199,125,27903,409,48102,California
Shasta,2021-04-04,293,73506,176,30158,96,40458,21,2890,218,20363,75,27978,239,48341,California
Shasta,2021-04-05,445,73951,69,30227,312,40770,64,2954,254,20490,191,28169,318,48659,California
Shasta,2021-04-06,1165,75116,487,30714,504,41274,174,3128,539,20582,621,28790,713,49372,California
Shasta,2021-04-07,656,75772,213,30927,280,41554,163,3291,256,20605,396,29186,419,49791,California
Shasta,2021-04-08,1156,76928,264,31191,736,42290,156,3447,224,20059,930,30116,384,50175,California
Shasta,2021-04-09,2590,79518,2072,33263,307,42597,211,3658,2009,21703,574,30690,2218,52393,California
Shasta,2021-04-10,885,80403,596,33859,158,42755,131,3789,269,21486,616,31306,399,52792,California
Shasta,2021-04-11,1252,81655,398,34257,834,43589,20,3809,144,20547,1104,32410,165,52957,California
Shasta,2021-04-12,338,81993,7,34264,269,43858,62,3871,97,20465,240,32650,158,53115,California
Shasta,2021-04-13,1268,83261,366,34630,900,44758,2,3873,335,19872,929,33579,336,53451,California
Shasta,2021-04-14,594,83855,144,34774,448,45206,2,3875,222,19725,371,33950,224,53675,California
Shasta,2021-04-15,1072,84927,258,35032,814,46020,0,3875,299,19254,770,34720,299,53974,California
Shasta,2021-04-16,2340,87267,1845,36877,495,46515,0,3875,935,18786,1403,36123,935,54909,California
Shasta,2021-04-17,642,87909,411,37288,231,46746,0,3875,189,18523,453,36576,190,55099,California
Shasta,2021-04-18,265,88174,240,37528,25,46771,0,3875,32,18324,231,36807,32,55131,California
Shasta,2021-04-19,381,88555,27,37555,354,47125,0,3875,162,18267,219,37026,162,55293,California
Shasta,2021-04-20,1011,89566,256,37811,755,47880,0,3875,377,18011,633,37659,377,55670,California
Shasta,2021-04-21,606,90172,221,38032,385,48265,0,3875,305,18015,301,37960,305,55975,California
Shasta,2021-04-22,965,91137,283,38315,682,48947,0,3875,299,17650,664,38624,299,56274,California
Shasta,2021-04-23,659,91796,264,38579,395,49342,0,3875,328,17648,330,38954,328,56602,California
Shasta,2021-04-24,600,92396,357,38936,242,49584,1,3876,108,17266,490,39444,108,56710,California
Shasta,2021-04-25,211,92607,182,39118,28,49612,1,3877,37,17130,174,39618,38,56748,California
Shasta,2021-04-26,485,93092,52,39170,428,50040,5,3882,337,17325,146,39764,341,57089,California
Shasta,2021-04-27,537,93629,178,39348,322,50362,37,3919,296,17418,238,40002,331,57420,California
Shasta,2021-04-28,578,94207,158,39506,387,50749,33,3952,253,17378,325,40327,285,57705,California
Shasta,2021-04-29,784,94991,120,39626,641,51390,23,3975,182,16982,601,40928,205,57910,California
Shasta,2021-04-30,2268,97259,1842,41468,395,51785,31,4006,270,15286,1997,42925,301,58211,California
Shasta,2021-05-01,224,97483,20,41488,128,51913,76,4082,96,15330,128,43053,172,58383,California
Shasta,2021-05-02,47,97530,17,41505,17,51930,13,4095,20,15336,27,43080,33,58416,California
Shasta,2021-05-03,351,97881,94,41599,231,52161,26,4121,112,15236,238,43318,138,58554,California
Shasta,2021-05-04,528,98409,193,41792,296,52457,39,4160,254,15258,271,43589,293,58847,California
Shasta,2021-05-05,432,98841,140,41932,275,52732,17,4177,200,15243,232,43821,217,59064,California
Shasta,2021-05-06,696,99537,266,42198,390,53122,40,4217,297,15190,390,44211,337,59401,California
Shasta,2021-05-07,1116,100653,735,42933,342,53464,39,4256,304,14722,811,45022,343,59744,California
Shasta,2021-05-08,167,100820,83,43016,74,53538,10,4266,98,14761,68,45090,107,59851,California
Shasta,2021-05-09,66,100886,15,43031,46,53584,5,4271,35,14770,31,45121,40,59891,California
Shasta,2021-05-10,260,101146,21,43052,189,53773,50,4321,113,14786,144,45265,160,60051,California
Shasta,2021-05-11,511,101657,163,43215,199,53972,149,4470,178,14781,332,45597,327,60378,California
Shasta,2021-05-12,369,102026,142,43357,205,54177,22,4492,119,14673,249,45846,141,60519,California
Shasta,2021-05-13,536,102562,226,43583,294,54471,16,4508,197,14549,337,46183,213,60732,California
Shasta,2021-05-14,636,103198,266,43849,344,54815,26,4534,287,14515,348,46531,314,61046,California
Shasta,2021-05-15,396,103594,127,43976,164,54979,105,4639,165,14554,230,46761,269,61315,California
Shasta,2021-05-16,223,103817,155,44131,58,55037,10,4649,164,14669,59,46820,174,61489,California
Shasta,2021-05-17,539,104356,243,44374,236,55273,60,4709,286,14763,252,47072,346,61835,California
Shasta,2021-05-18,609,104965,293,44667,292,55565,24,4733,326,14830,283,47355,350,62185,California
Shasta,2021-05-19,578,105543,280,44947,230,55795,68,4801,285,14893,290,47645,353,62538,California
Shasta,2021-05-20,516,106059,239,45186,260,56055,17,4818,248,14893,265,47910,265,62803,California
Shasta,2021-05-21,538,106597,258,45444,261,56316,19,4837,275,14926,261,48171,294,63097,California
Shasta,2021-05-22,191,106788,112,45556,72,56388,7,4844,121,14986,68,48239,128,63225,California
Shasta,2021-05-23,95,106883,43,45599,41,56429,11,4855,59,15020,36,48275,70,63295,California
Shasta,2021-05-24,522,107405,159,45758,332,56761,31,4886,186,14902,335,48610,217,63512,California
Shasta,2021-05-25,431,107836,176,45934,212,56973,43,4929,155,14826,273,48883,197,63709,California
Shasta,2021-05-26,353,108189,139,46073,188,57161,26,4955,148,14795,205,49088,174,63883,California
Shasta,2021-05-27,433,108622,161,46234,263,57424,9,4964,162,14699,267,49355,171,64054,California
Shasta,2021-05-28,444,109066,203,46437,214,57638,27,4991,210,14704,232,49587,237,64291,California
Shasta,2021-05-29,219,109285,64,46501,125,57763,30,5021,92,14698,127,49714,121,64412,California
Shasta,2021-05-30,81,109366,45,46546,33,57796,3,5024,54,14728,27,49741,57,64469,California
Shasta,2021-05-31,36,109402,11,46557,24,57820,1,5025,11,14716,24,49765,12,64481,California
Shasta,2021-06-01,468,109870,135,46692,192,58012,141,5166,111,14618,351,50116,253,64734,California
Shasta,2021-06-02,112,109982,40,46732,71,58083,1,5167,47,14603,63,50179,48,64782,California
Sierra,2020-12-18,1,1,1,1,0,0,0,0,1,1,0,0,1,1,California
Sierra,2020-12-21,2,3,2,3,0,0,0,0,2,3,0,0,2,3,California
Sierra,2020-12-22,12,15,12,15,0,0,0,0,12,15,0,0,12,15,California
Sierra,2020-12-23,4,19,4,19,0,0,0,0,4,19,0,0,4,19,California
Sierra,2020-12-28,1,20,0,19,1,1,0,0,1,20,0,0,1,20,California
Sierra,2020-12-29,49,69,7,26,42,43,0,0,49,69,0,0,49,69,California
Sierra,2020-12-30,2,71,0,26,2,45,0,0,2,71,0,0,2,71,California
Sierra,2020-12-31,13,84,0,26,13,58,0,0,13,84,0,0,13,84,California
Sierra,2021-01-01,1,85,1,27,0,58,0,0,1,85,0,0,1,85,California
Sierra,2021-01-05,64,149,2,29,62,120,0,0,64,149,0,0,64,149,California
Sierra,2021-01-06,1,150,1,30,0,120,0,0,1,150,0,0,1,150,California
Sierra,2021-01-07,21,171,1,31,20,140,0,0,20,169,1,1,20,170,California
Sierra,2021-01-08,1,172,1,32,0,140,0,0,1,170,0,1,1,171,California
Sierra,2021-01-11,3,175,3,35,0,140,0,0,0,167,3,4,0,171,California
Sierra,2021-01-12,39,214,12,47,27,167,0,0,27,182,12,16,27,198,California
Sierra,2021-01-13,3,217,3,50,0,167,0,0,0,179,3,19,0,198,California
Sierra,2021-01-14,35,252,2,52,33,200,0,0,35,214,0,19,35,233,California
Sierra,2021-01-15,3,255,1,53,2,202,0,0,3,217,0,19,3,236,California
Sierra,2021-01-18,2,257,0,53,2,204,0,0,2,219,0,19,2,238,California
Sierra,2021-01-19,32,289,0,53,32,236,0,0,32,251,0,19,32,270,California
Sierra,2021-01-20,1,290,1,54,0,236,0,0,1,252,0,19,1,271,California
Sierra,2021-01-21,52,342,0,54,52,288,0,0,52,304,0,19,52,323,California
Sierra,2021-01-22,2,344,0,54,2,290,0,0,2,306,0,19,2,325,California
Sierra,2021-01-23,2,346,0,54,2,292,0,0,2,308,0,19,2,327,California
Sierra,2021-01-26,62,408,0,54,62,354,0,0,24,294,38,57,24,351,California
Sierra,2021-01-27,4,412,4,58,0,354,0,0,0,290,4,61,0,351,California
Sierra,2021-01-28,53,465,0,58,53,407,0,0,43,323,10,71,43,394,California
Sierra,2021-01-29,2,467,0,58,2,409,0,0,2,325,0,71,2,396,California
Sierra,2021-01-30,3,470,3,61,0,409,0,0,2,326,1,72,2,398,California
Sierra,2021-02-01,1,471,0,61,1,410,0,0,0,325,1,73,0,398,California
Sierra,2021-02-02,58,529,1,62,57,467,0,0,19,305,39,112,19,417,California
Sierra,2021-02-03,6,535,5,67,1,468,0,0,5,309,1,113,5,422,California
Sierra,2021-02-04,102,637,5,72,97,565,0,0,53,313,49,162,53,475,California
Sierra,2021-02-05,6,643,4,76,2,567,0,0,5,317,1,163,5,480,California
Sierra,2021-02-09,51,694,0,76,51,618,0,0,48,362,3,166,48,528,California
Sierra,2021-02-10,4,698,2,78,2,620,0,0,4,366,0,166,4,532,California
Sierra,2021-02-11,195,893,1,79,194,814,0,0,134,439,61,227,134,666,California
Sierra,2021-02-12,20,913,0,79,20,834,0,0,20,459,0,227,20,686,California
Sierra,2021-02-13,1,914,1,80,0,834,0,0,1,460,0,227,1,687,California
Sierra,2021-02-15,2,916,2,82,0,834,0,0,0,458,2,229,0,687,California
Sierra,2021-02-16,43,959,0,82,43,877,0,0,10,435,33,262,10,697,California
Sierra,2021-02-17,4,963,0,82,4,881,0,0,1,433,3,265,1,698,California
Sierra,2021-02-18,140,1103,0,82,140,1021,0,0,91,475,49,314,91,789,California
Sierra,2021-02-19,2,1105,1,83,1,1022,0,0,1,475,1,315,1,790,California
Sierra,2021-02-20,2,1107,2,85,0,1022,0,0,0,473,2,317,0,790,California
Sierra,2021-02-22,1,1108,1,86,0,1022,0,0,1,474,0,317,1,791,California
Sierra,2021-02-23,4,1112,0,86,4,1026,0,0,4,478,0,317,4,795,California
Sierra,2021-02-24,3,1115,2,88,1,1027,0,0,3,481,0,317,3,798,California
Sierra,2021-02-25,126,1241,2,90,124,1151,0,0,59,474,66,383,59,857,California
Sierra,2021-02-26,11,1252,6,96,5,1156,0,0,4,471,7,390,4,861,California
Sierra,2021-02-27,2,1254,2,98,0,1156,0,0,0,469,2,392,0,861,California
Sierra,2021-03-01,2,1256,2,100,0,1156,0,0,0,467,2,394,0,861,California
Sierra,2021-03-02,56,1312,0,100,56,1212,0,0,38,487,18,412,38,899,California
Sierra,2021-03-03,2,1314,2,102,0,1212,0,0,1,487,1,413,1,900,California
Sierra,2021-03-04,108,1422,0,102,108,1320,0,0,60,499,48,461,60,960,California
Sierra,2021-03-05,13,1435,1,103,12,1332,0,0,11,508,2,463,11,971,California
Sierra,2021-03-07,1,1436,1,104,0,1332,0,0,0,507,1,464,0,971,California
Sierra,2021-03-08,2,1438,2,106,0,1332,0,0,2,509,0,464,2,973,California
Sierra,2021-03-09,56,1494,0,106,56,1388,0,0,12,477,44,508,12,985,California
Sierra,2021-03-10,6,1500,0,106,6,1394,0,0,4,479,2,510,4,989,California
Sierra,2021-03-11,176,1676,0,106,176,1570,0,0,44,391,132,642,44,1033,California
Sierra,2021-03-12,20,1696,1,107,19,1589,0,0,0,371,20,662,0,1033,California
Sierra,2021-03-13,28,1724,0,107,28,1617,0,0,28,399,0,662,28,1061,California
Sierra,2021-03-14,1,1725,0,107,0,1617,1,1,0,399,1,663,1,1062,California
Sierra,2021-03-15,2,1727,1,108,0,1617,1,2,0,398,2,665,1,1063,California
Sierra,2021-03-16,35,1762,0,108,34,1651,1,3,22,408,13,678,23,1086,California
Sierra,2021-03-17,3,1765,2,110,1,1652,0,3,0,405,3,681,0,1086,California
Sierra,2021-03-18,158,1923,0,110,158,1810,0,3,65,377,93,774,65,1151,California
Sierra,2021-03-19,4,1927,2,112,2,1812,0,3,1,375,3,777,1,1152,California
Sierra,2021-03-20,1,1928,0,112,1,1813,0,3,1,376,0,777,1,1153,California
Sierra,2021-03-23,22,1950,0,112,22,1835,0,3,13,380,9,786,13,1166,California
Sierra,2021-03-24,3,1953,1,113,2,1837,0,3,1,379,2,788,1,1167,California
Sierra,2021-03-25,99,2052,1,114,98,1935,0,3,50,380,49,837,50,1217,California
Sierra,2021-03-26,12,2064,1,115,11,1946,0,3,8,384,4,841,8,1225,California
Sierra,2021-03-27,1,2065,0,115,1,1947,0,3,0,383,1,842,0,1225,California
Sierra,2021-03-29,1,2066,1,116,0,1947,0,3,0,382,1,843,0,1225,California
Sierra,2021-03-30,55,2121,1,117,54,2001,0,3,22,371,33,876,22,1247,California
Sierra,2021-03-31,8,2129,0,117,8,2009,0,3,8,379,0,876,8,1255,California
Sierra,2021-04-01,63,2192,1,118,62,2071,0,3,5,328,56,932,5,1260,California
Sierra,2021-04-02,3,2195,2,120,1,2072,0,3,2,329,1,933,2,1262,California
Sierra,2021-04-04,1,2196,0,120,1,2073,0,3,0,329,0,933,0,1262,California
Sierra,2021-04-06,11,2207,0,120,11,2084,0,3,1,320,10,943,1,1263,California
Sierra,2021-04-07,14,2221,3,123,6,2090,5,8,3,318,10,953,8,1271,California
Sierra,2021-04-08,54,2275,2,125,52,2142,0,8,16,296,38,991,16,1287,California
Sierra,2021-04-09,2,2277,2,127,0,2142,0,8,1,296,1,992,1,1288,California
Sierra,2021-04-10,27,2304,0,127,27,2169,0,8,0,269,27,1019,0,1288,California
Sierra,2021-04-12,1,2305,0,127,0,2169,1,9,0,269,1,1020,1,1289,California
Sierra,2021-04-13,45,2350,0,127,45,2214,0,9,5,234,40,1060,5,1294,California
Sierra,2021-04-14,1,2351,0,127,1,2215,0,9,1,235,0,1060,1,1295,California
Sierra,2021-04-15,49,2400,1,128,48,2263,0,9,2,190,47,1107,2,1297,California
Sierra,2021-04-17,2,2402,1,129,1,2264,0,9,1,190,1,1108,1,1298,California
Sierra,2021-04-18,1,2403,0,129,1,2265,0,9,0,190,0,1108,0,1298,California
Sierra,2021-04-19,1,2404,1,130,0,2265,0,9,0,189,1,1109,0,1298,California
Sierra,2021-04-20,34,2438,1,131,33,2298,0,9,7,169,27,1136,7,1305,California
Sierra,2021-04-21,2,2440,1,132,1,2299,0,9,1,169,1,1137,1,1306,California
Sierra,2021-04-22,64,2504,1,133,63,2362,0,9,5,116,58,1195,5,1311,California
Sierra,2021-04-23,11,2515,0,133,11,2373,0,9,3,111,8,1203,3,1314,California
Sierra,2021-04-24,4,2519,0,133,4,2377,0,9,4,115,0,1203,4,1318,California
Sierra,2021-04-27,28,2547,1,134,27,2404,0,9,5,97,23,1226,5,1323,California
Sierra,2021-04-28,10,2557,2,136,8,2412,0,9,1,89,9,1235,1,1324,California
Sierra,2021-04-29,20,2577,2,138,18,2430,0,9,14,97,6,1241,14,1338,California
Sierra,2021-04-30,4,2581,2,140,2,2432,0,9,2,97,2,1243,2,1340,California
Sierra,2021-05-03,1,2582,1,141,0,2432,0,9,1,98,0,1243,1,1341,California
Sierra,2021-05-04,1,2583,0,141,1,2433,0,9,0,97,1,1244,0,1341,California
Sierra,2021-05-05,22,2605,0,141,22,2455,0,9,7,89,15,1259,7,1348,California
Sierra,2021-05-06,1,2606,1,142,0,2455,0,9,0,88,1,1260,0,1348,California
Sierra,2021-05-07,1,2607,1,143,0,2455,0,9,1,89,0,1260,1,1349,California
Sierra,2021-05-08,1,2608,0,143,0,2455,1,10,0,89,1,1261,1,1350,California
Sierra,2021-05-11,11,2619,0,143,4,2459,7,17,0,85,11,1272,7,1357,California
Sierra,2021-05-12,10,2629,1,144,9,2468,0,17,7,89,3,1275,7,1364,California
Sierra,2021-05-13,3,2632,2,146,1,2469,0,17,2,90,1,1276,2,1366,California
Sierra,2021-05-14,3,2635,1,147,2,2471,0,17,3,93,0,1276,3,1369,California
Sierra,2021-05-17,1,2636,1,148,0,2471,0,17,1,94,0,1276,1,1370,California
Sierra,2021-05-18,3,2639,1,149,1,2472,1,18,0,92,3,1279,1,1371,California
Sierra,2021-05-19,6,2645,3,152,3,2475,0,18,2,90,4,1283,2,1373,California
Sierra,2021-05-20,9,2654,8,160,0,2475,1,19,8,98,1,1284,9,1382,California
Sierra,2021-05-21,4,2658,2,162,2,2477,0,19,1,96,3,1287,1,1383,California
Sierra,2021-05-22,4,2662,0,162,4,2481,0,19,0,92,4,1291,0,1383,California
Sierra,2021-05-23,1,2663,0,162,1,2482,0,19,1,93,0,1291,1,1384,California
Sierra,2021-05-24,2,2665,1,163,1,2483,0,19,1,93,1,1292,1,1385,California
Sierra,2021-05-25,2,2667,0,163,2,2485,0,19,0,91,2,1294,0,1385,California
Sierra,2021-05-26,8,2675,0,163,8,2493,0,19,4,91,4,1298,4,1389,California
Sierra,2021-05-27,9,2684,2,165,6,2499,1,20,3,89,6,1304,4,1393,California
Sierra,2021-05-28,4,2688,2,167,2,2501,0,20,2,89,2,1306,2,1395,California
Sierra,2021-05-29,2,2690,0,167,2,2503,0,20,2,91,0,1306,2,1397,California
Sierra,2021-05-30,1,2691,1,168,0,2503,0,20,1,92,0,1306,1,1398,California
Sierra,2021-06-01,1,2692,0,168,1,2504,0,20,0,91,1,1307,0,1398,California
Sierra,2021-06-02,21,2713,0,168,21,2525,0,20,0,71,20,1327,0,1398,California
Siskiyou,2020-12-16,2,2,2,2,0,0,0,0,2,2,0,0,2,2,California
Siskiyou,2020-12-17,4,6,4,6,0,0,0,0,4,6,0,0,4,6,California
Siskiyou,2020-12-18,2,8,2,8,0,0,0,0,2,8,0,0,2,8,California
Siskiyou,2020-12-19,4,12,4,12,0,0,0,0,4,12,0,0,4,12,California
Siskiyou,2020-12-20,1,13,1,13,0,0,0,0,1,13,0,0,1,13,California
Siskiyou,2020-12-21,132,145,132,145,0,0,0,0,132,145,0,0,132,145,California
Siskiyou,2020-12-22,158,303,158,303,0,0,0,0,158,303,0,0,158,303,California
Siskiyou,2020-12-23,142,445,142,445,0,0,0,0,142,445,0,0,142,445,California
Siskiyou,2020-12-24,5,450,5,450,0,0,0,0,5,450,0,0,5,450,California
Siskiyou,2020-12-26,2,452,0,450,2,2,0,0,2,452,0,0,2,452,California
Siskiyou,2020-12-27,2,454,0,450,2,4,0,0,2,454,0,0,2,454,California
Siskiyou,2020-12-28,3,457,1,451,2,6,0,0,3,457,0,0,3,457,California
Siskiyou,2020-12-29,6,463,2,453,4,10,0,0,6,463,0,0,6,463,California
Siskiyou,2020-12-30,98,561,3,456,95,105,0,0,98,561,0,0,98,561,California
Siskiyou,2020-12-31,12,573,0,456,12,117,0,0,12,573,0,0,12,573,California
Siskiyou,2021-01-02,1,574,1,457,0,117,0,0,1,574,0,0,1,574,California
Siskiyou,2021-01-03,1,575,0,457,1,118,0,0,1,575,0,0,1,575,California
Siskiyou,2021-01-04,130,705,3,460,127,245,0,0,130,705,0,0,130,705,California
Siskiyou,2021-01-05,116,821,4,464,112,357,0,0,115,819,1,1,115,820,California
Siskiyou,2021-01-06,59,880,6,470,53,410,0,0,55,870,4,5,55,875,California
Siskiyou,2021-01-07,175,1055,4,474,171,581,0,0,174,1043,1,6,174,1049,California
Siskiyou,2021-01-08,41,1096,3,477,38,619,0,0,39,1080,2,8,39,1088,California
Siskiyou,2021-01-09,2,1098,2,479,0,619,0,0,0,1078,2,10,0,1088,California
Siskiyou,2021-01-11,226,1324,65,544,161,780,0,0,163,1178,63,73,163,1251,California
Siskiyou,2021-01-12,322,1646,274,818,48,828,0,0,89,1035,233,306,90,1341,California
Siskiyou,2021-01-13,157,1803,137,955,20,848,0,0,23,924,134,440,23,1364,California
Siskiyou,2021-01-14,25,1828,1,956,24,872,0,0,24,947,1,441,24,1388,California
Siskiyou,2021-01-15,35,1863,3,959,32,904,0,0,35,982,0,441,35,1423,California
Siskiyou,2021-01-16,7,1870,2,961,5,909,0,0,7,989,0,441,7,1430,California
Siskiyou,2021-01-17,1,1871,1,962,0,909,0,0,0,988,1,442,0,1430,California
Siskiyou,2021-01-18,77,1948,4,966,73,982,0,0,75,1061,2,444,75,1505,California
Siskiyou,2021-01-19,21,1969,1,967,20,1002,0,0,20,1080,1,445,20,1525,California
Siskiyou,2021-01-20,47,2016,35,1002,12,1014,0,0,43,1119,4,449,43,1568,California
Siskiyou,2021-01-21,42,2058,1,1003,41,1055,0,0,42,1161,0,449,42,1610,California
Siskiyou,2021-01-22,1327,3385,1175,2178,152,1207,0,0,1327,2488,0,449,1327,2937,California
Siskiyou,2021-01-23,5,3390,1,2179,4,1211,0,0,2,2487,3,452,2,2939,California
Siskiyou,2021-01-25,182,3572,8,2187,174,1385,0,0,178,2661,4,456,178,3117,California
Siskiyou,2021-01-26,148,3720,3,2190,145,1530,0,0,140,2793,8,464,140,3257,California
Siskiyou,2021-01-27,181,3901,1,2191,180,1710,0,0,126,2864,55,519,126,3383,California
Siskiyou,2021-01-28,231,4132,117,2308,114,1824,0,0,225,3083,6,525,225,3608,California
Siskiyou,2021-01-29,249,4381,3,2311,246,2070,0,0,247,3328,2,527,247,3855,California
Siskiyou,2021-01-30,4,4385,3,2314,1,2071,0,0,4,3332,0,527,4,3859,California
Siskiyou,2021-02-01,195,4580,3,2317,192,2263,0,0,105,3347,90,617,105,3964,California
Siskiyou,2021-02-02,289,4869,45,2362,244,2507,0,0,147,3352,142,759,147,4111,California
Siskiyou,2021-02-03,314,5183,1,2363,313,2820,0,0,264,3566,50,809,264,4375,California
Siskiyou,2021-02-04,322,5505,7,2370,315,3135,0,0,200,3644,122,931,200,4575,California
Siskiyou,2021-02-05,511,6016,4,2374,507,3642,0,0,349,3831,162,1093,349,4924,California
Siskiyou,2021-02-06,15,6031,0,2374,15,3657,0,0,15,3846,0,1093,15,4939,California
Siskiyou,2021-02-07,3,6034,2,2376,1,3658,0,0,3,3849,0,1093,3,4942,California
Siskiyou,2021-02-08,221,6255,5,2381,216,3874,0,0,216,4060,5,1098,216,5158,California
Siskiyou,2021-02-09,197,6452,4,2385,193,4067,0,0,164,4191,33,1131,164,5322,California
Siskiyou,2021-02-10,370,6822,40,2425,330,4397,0,0,317,4456,52,1183,317,5639,California
Siskiyou,2021-02-11,189,7011,1,2426,188,4585,0,0,174,4615,15,1198,174,5813,California
Siskiyou,2021-02-12,1690,8701,1198,3624,492,5077,0,0,501,3927,1189,2387,501,6314,California
Siskiyou,2021-02-13,37,8738,2,3626,35,5112,0,0,33,3956,4,2391,33,6347,California
Siskiyou,2021-02-14,5,8743,1,3627,4,5116,0,0,5,3961,0,2391,5,6352,California
Siskiyou,2021-02-15,108,8851,10,3637,98,5214,0,0,106,4065,2,2393,106,6458,California
Siskiyou,2021-02-16,114,8965,2,3639,112,5326,0,0,99,4149,15,2408,99,6557,California
Siskiyou,2021-02-17,184,9149,15,3654,169,5495,0,0,170,4305,14,2422,170,6727,California
Siskiyou,2021-02-18,221,9370,88,3742,133,5628,0,0,98,4280,123,2545,98,6825,California
Siskiyou,2021-02-19,71,9441,34,3776,37,5665,0,0,34,4277,37,2582,34,6859,California
Siskiyou,2021-02-20,21,9462,3,3779,18,5683,0,0,16,4288,5,2587,16,6875,California
Siskiyou,2021-02-21,1,9463,1,3780,0,5683,0,0,1,4289,0,2587,1,6876,California
Siskiyou,2021-02-22,125,9588,2,3782,123,5806,0,0,19,4202,106,2693,19,6895,California
Siskiyou,2021-02-23,197,9785,15,3797,182,5988,0,0,53,4111,144,2837,53,6948,California
Siskiyou,2021-02-24,150,9935,5,3802,145,6133,0,0,38,4037,112,2949,38,6986,California
Siskiyou,2021-02-25,301,10236,24,3826,277,6410,0,0,155,4046,146,3095,155,7141,California
Siskiyou,2021-02-26,671,10907,11,3837,660,7070,0,0,369,4113,302,3397,369,7510,California
Siskiyou,2021-02-27,32,10939,5,3842,27,7097,0,0,28,4137,4,3401,28,7538,California
Siskiyou,2021-02-28,6,10945,5,3847,1,7098,0,0,4,4139,2,3403,4,7542,California
Siskiyou,2021-03-01,280,11225,6,3853,274,7372,0,0,50,3959,230,3633,50,7592,California
Siskiyou,2021-03-02,190,11415,1,3854,189,7561,0,0,70,3909,120,3753,70,7662,California
Siskiyou,2021-03-03,348,11763,10,3864,338,7899,0,0,155,3871,193,3946,155,7817,California
Siskiyou,2021-03-04,793,12556,620,4484,173,8072,0,0,635,4348,158,4104,635,8452,California
Siskiyou,2021-03-05,326,12882,6,4490,309,8381,11,11,105,4246,218,4322,116,8568,California
Siskiyou,2021-03-06,43,12925,3,4493,33,8414,7,18,28,4266,15,4337,35,8603,California
Siskiyou,2021-03-07,12,12937,4,4497,0,8414,8,26,3,4268,9,4346,11,8614,California
Siskiyou,2021-03-08,360,13297,30,4527,295,8709,35,61,59,4061,301,4647,94,8708,California
Siskiyou,2021-03-09,164,13461,2,4529,108,8817,54,115,57,4065,107,4754,111,8819,California
Siskiyou,2021-03-10,222,13683,7,4536,185,9002,30,145,30,3933,192,4946,60,8879,California
Siskiyou,2021-03-11,476,14159,206,4742,223,9225,47,192,276,4057,199,5145,323,9202,California
Siskiyou,2021-03-12,651,14810,141,4883,471,9696,39,231,184,3817,465,5610,225,9427,California
Siskiyou,2021-03-13,429,15239,380,5263,26,9722,23,254,381,4174,48,5658,405,9832,California
Siskiyou,2021-03-14,20,15259,1,5264,3,9725,16,270,2,4174,18,5676,18,9850,California
Siskiyou,2021-03-15,457,15716,258,5522,177,9902,22,292,322,4383,135,5811,344,10194,California
Siskiyou,2021-03-16,257,15973,34,5556,206,10108,17,309,140,4424,116,5927,157,10351,California
Siskiyou,2021-03-17,201,16174,9,5565,184,10292,8,317,34,4299,167,6094,42,10393,California
Siskiyou,2021-03-18,929,17103,791,6356,126,10418,12,329,813,5008,116,6210,825,11218,California
Siskiyou,2021-03-19,68,17171,10,6366,45,10463,13,342,20,4993,48,6258,33,11251,California
Siskiyou,2021-03-20,30,17201,7,6373,18,10481,5,347,6,4980,24,6282,11,11262,California
Siskiyou,2021-03-21,10,17211,4,6377,1,10482,5,352,4,4983,6,6288,9,11271,California
Siskiyou,2021-03-22,208,17419,21,6398,165,10647,22,374,145,5090,60,6348,167,11438,California
Siskiyou,2021-03-23,196,17615,19,6417,167,10814,10,384,141,5186,55,6403,151,11589,California
Siskiyou,2021-03-24,142,17757,47,6464,95,10909,0,384,115,5274,27,6430,115,11704,California
Siskiyou,2021-03-25,571,18328,319,6783,249,11158,3,387,400,5506,171,6601,403,12107,California
Siskiyou,2021-03-26,305,18633,35,6818,270,11428,0,387,104,5411,199,6800,104,12211,California
Siskiyou,2021-03-27,37,18670,4,6822,28,11456,5,392,9,5397,28,6828,14,12225,California
Siskiyou,2021-03-28,9,18679,8,6830,1,11457,0,392,5,5398,4,6832,5,12230,California
Siskiyou,2021-03-29,96,18775,10,6840,84,11541,2,394,46,5396,50,6882,48,12278,California
Siskiyou,2021-03-30,102,18877,7,6847,94,11635,1,395,41,5377,61,6943,42,12320,California
Siskiyou,2021-03-31,190,19067,20,6867,167,11802,3,398,48,5288,141,7084,52,12372,California
Siskiyou,2021-04-01,831,19898,673,7540,158,11960,0,398,214,4885,617,7701,214,12586,California
Siskiyou,2021-04-02,347,20245,197,7737,146,12106,4,402,66,4676,279,7980,70,12656,California
Siskiyou,2021-04-03,26,20271,5,7742,14,12120,7,409,5,4667,21,8001,12,12668,California
Siskiyou,2021-04-04,2,20273,1,7743,1,12121,0,409,1,4667,1,8002,1,12669,California
Siskiyou,2021-04-05,439,20712,332,8075,81,12202,26,435,27,4309,411,8413,53,12722,California
Siskiyou,2021-04-06,219,20931,36,8111,130,12332,53,488,125,4393,93,8506,177,12899,California
Siskiyou,2021-04-07,116,21047,11,8122,63,12395,42,530,66,4451,50,8556,108,13007,California
Siskiyou,2021-04-08,354,21401,186,8308,127,12522,41,571,64,4266,290,8846,105,13112,California
Siskiyou,2021-04-09,548,21949,379,8687,131,12653,38,609,84,3926,463,9309,123,13235,California
Siskiyou,2021-04-10,45,21994,6,8693,2,12655,37,646,6,3930,39,9348,43,13278,California
Siskiyou,2021-04-11,8,22002,5,8698,1,12656,2,648,2,3928,6,9354,4,13282,California
Siskiyou,2021-04-12,129,22131,25,8723,103,12759,1,649,49,3898,80,9434,50,13332,California
Siskiyou,2021-04-13,208,22339,37,8760,170,12929,1,650,82,3855,126,9560,83,13415,California
Siskiyou,2021-04-14,156,22495,65,8825,91,13020,0,650,85,3871,69,9629,85,13500,California
Siskiyou,2021-04-15,1118,23613,959,9784,159,13179,0,650,438,3629,680,10309,438,13938,California
Siskiyou,2021-04-16,301,23914,207,9991,94,13273,0,650,270,3869,30,10339,270,14208,California
Siskiyou,2021-04-17,11,23925,8,9999,3,13276,0,650,7,3872,4,10343,7,14215,California
Siskiyou,2021-04-18,6,23931,3,10002,3,13279,0,650,2,3870,4,10347,2,14217,California
Siskiyou,2021-04-19,128,24059,25,10027,103,13382,0,650,45,3832,83,10430,45,14262,California
Siskiyou,2021-04-20,237,24296,5,10032,232,13614,0,650,94,3783,143,10573,94,14356,California
Siskiyou,2021-04-21,94,24390,10,10042,84,13698,0,650,25,3739,69,10642,25,14381,California
Siskiyou,2021-04-22,416,24806,302,10344,114,13812,0,650,51,3425,365,11007,51,14432,California
Siskiyou,2021-04-23,181,24987,15,10359,166,13978,0,650,159,3563,21,11028,159,14591,California
Siskiyou,2021-04-24,27,25014,4,10363,23,14001,0,650,19,3574,8,11036,19,14610,California
Siskiyou,2021-04-25,2,25016,0,10363,2,14003,0,650,2,3576,0,11036,2,14612,California
Siskiyou,2021-04-26,100,25116,6,10369,89,14092,5,655,25,3531,75,11111,30,14642,California
Siskiyou,2021-04-27,102,25218,4,10373,96,14188,2,657,83,3599,17,11128,85,14727,California
Siskiyou,2021-04-28,110,25328,8,10381,94,14282,8,665,52,3601,58,11186,60,14787,California
Siskiyou,2021-04-29,105,25433,14,10395,91,14373,0,665,25,3546,80,11266,25,14812,California
Siskiyou,2021-04-30,101,25534,20,10415,80,14453,1,666,44,3536,54,11320,44,14856,California
Siskiyou,2021-05-01,11,25545,7,10422,1,14454,3,669,7,3542,4,11324,10,14866,California
Siskiyou,2021-05-02,11,25556,5,10427,6,14460,0,669,9,3549,2,11326,9,14875,California
Siskiyou,2021-05-03,110,25666,23,10450,85,14545,2,671,47,3535,63,11389,49,14924,California
Siskiyou,2021-05-04,123,25789,6,10456,115,14660,2,673,62,3539,60,11449,64,14988,California
Siskiyou,2021-05-05,118,25907,22,10478,87,14747,9,682,40,3511,77,11526,49,15037,California
Siskiyou,2021-05-06,367,26274,296,10774,65,14812,6,688,190,3530,177,11703,196,15233,California
Siskiyou,2021-05-07,309,26583,219,10993,85,14897,5,693,33,3293,275,11978,38,15271,California
Siskiyou,2021-05-08,24,26607,4,10997,19,14916,1,694,18,3306,6,11984,19,15290,California
Siskiyou,2021-05-09,1,26608,0,10997,1,14917,0,694,0,3305,1,11985,0,15290,California
Siskiyou,2021-05-10,98,26706,67,11064,30,14947,1,695,20,3248,78,12063,21,15311,California
Siskiyou,2021-05-11,82,26788,4,11068,73,15020,5,700,47,3265,35,12098,52,15363,California
Siskiyou,2021-05-12,52,26840,3,11071,45,15065,4,704,15,3247,37,12135,19,15382,California
Siskiyou,2021-05-13,76,26916,31,11102,36,15101,9,713,33,3246,43,12178,42,15424,California
Siskiyou,2021-05-14,170,27086,82,11184,87,15188,1,714,103,3284,66,12244,104,15528,California
Siskiyou,2021-05-15,45,27131,14,11198,29,15217,2,716,38,3318,6,12250,40,15568,California
Siskiyou,2021-05-16,6,27137,2,11200,4,15221,0,716,4,3320,2,12252,4,15572,California
Siskiyou,2021-05-17,66,27203,2,11202,41,15262,23,739,12,3301,54,12306,35,15607,California
Siskiyou,2021-05-18,220,27423,82,11284,134,15396,4,743,123,3332,96,12402,127,15734,California
Siskiyou,2021-05-19,156,27579,96,11380,59,15455,1,744,124,3425,32,12434,125,15859,California
Siskiyou,2021-05-20,496,28075,425,11805,69,15524,2,746,228,3387,268,12702,230,16089,California
Siskiyou,2021-05-21,172,28247,86,11891,85,15609,1,747,98,3413,73,12775,99,16188,California
Siskiyou,2021-05-22,40,28287,19,11910,21,15630,0,747,24,3421,16,12791,24,16212,California
Siskiyou,2021-05-23,3,28290,3,11913,0,15630,0,747,1,3420,2,12793,1,16213,California
Siskiyou,2021-05-24,22,28312,5,11918,17,15647,0,747,10,3419,11,12804,10,16223,California
Siskiyou,2021-05-25,143,28455,13,11931,114,15761,16,763,43,3379,99,12903,59,16282,California
Siskiyou,2021-05-26,75,28530,20,11951,55,15816,0,763,42,3388,33,12936,42,16324,California
Siskiyou,2021-05-27,135,28665,96,12047,36,15852,3,766,61,3379,74,13010,65,16389,California
Siskiyou,2021-05-28,132,28797,53,12100,78,15930,1,767,81,3411,50,13060,82,16471,California
Siskiyou,2021-05-29,17,28814,9,12109,6,15936,2,769,8,3412,9,13069,10,16481,California
Siskiyou,2021-05-31,2,28816,1,12110,0,15936,1,770,1,3413,1,13070,2,16483,California
Siskiyou,2021-06-01,81,28897,16,12126,65,16001,0,770,26,3385,54,13124,26,16509,California
Siskiyou,2021-06-02,91,28988,25,12151,66,16067,0,770,35,3364,56,13180,35,16544,California
Solano,2020-12-15,4,4,4,4,0,0,0,0,4,4,0,0,4,4,California
Solano,2020-12-16,71,75,71,75,0,0,0,0,71,75,0,0,71,75,California
Solano,2020-12-17,154,229,154,229,0,0,0,0,154,229,0,0,154,229,California
Solano,2020-12-18,446,675,445,674,1,1,0,0,446,675,0,0,446,675,California
Solano,2020-12-19,522,1197,522,1196,0,1,0,0,522,1197,0,0,522,1197,California
Solano,2020-12-20,356,1553,354,1550,2,3,0,0,356,1553,0,0,356,1553,California
Solano,2020-12-21,572,2125,570,2120,2,5,0,0,572,2125,0,0,572,2125,California
Solano,2020-12-22,663,2788,630,2750,33,38,0,0,663,2788,0,0,663,2788,California
Solano,2020-12-23,870,3658,779,3529,91,129,0,0,869,3656,1,1,869,3657,California
Solano,2020-12-24,423,4081,171,3700,252,381,0,0,423,4079,0,1,423,4080,California
Solano,2020-12-25,10,4091,2,3702,8,389,0,0,10,4089,0,1,10,4090,California
Solano,2020-12-26,173,4264,47,3749,126,515,0,0,173,4262,0,1,173,4263,California
Solano,2020-12-27,105,4369,29,3778,76,591,0,0,105,4367,0,1,105,4368,California
Solano,2020-12-28,867,5236,422,4200,445,1036,0,0,867,5234,0,1,867,5235,California
Solano,2020-12-29,903,6139,375,4575,528,1564,0,0,903,6137,0,1,903,6138,California
Solano,2020-12-30,1235,7374,599,5174,636,2200,0,0,1235,7372,0,1,1235,7373,California
Solano,2020-12-31,538,7912,137,5311,401,2601,0,0,538,7910,0,1,538,7911,California
Solano,2021-01-01,14,7926,13,5324,1,2602,0,0,14,7924,0,1,14,7925,California
Solano,2021-01-02,213,8139,165,5489,48,2650,0,0,213,8137,0,1,213,8138,California
Solano,2021-01-03,57,8196,40,5529,17,2667,0,0,52,8189,0,1,52,8190,California
Solano,2021-01-04,452,8648,246,5775,206,2873,0,0,442,8628,3,4,442,8632,California
Solano,2021-01-05,729,9377,376,6151,353,3226,0,0,575,9054,149,153,575,9207,California
Solano,2021-01-06,846,10223,439,6590,407,3633,0,0,581,9372,263,416,581,9788,California
Solano,2021-01-07,1068,11291,685,7275,383,4016,0,0,609,9525,457,873,610,10398,California
Solano,2021-01-08,1145,12436,779,8054,366,4382,0,0,554,9508,573,1446,556,10954,California
Solano,2021-01-09,888,13324,765,8819,123,4505,0,0,428,9479,457,1903,428,11382,California
Solano,2021-01-10,254,13578,194,9013,60,4565,0,0,152,9529,102,2005,152,11534,California
Solano,2021-01-11,1334,14912,1120,10133,214,4779,0,0,817,9829,517,2522,817,12351,California
Solano,2021-01-12,1571,16483,1173,11306,398,5177,0,0,1020,10300,550,3072,1021,13372,California
Solano,2021-01-13,1464,17947,1006,12312,458,5635,0,0,1205,11248,257,3329,1205,14577,California
Solano,2021-01-14,1892,19839,814,13126,1078,6713,0,0,1577,12511,314,3643,1577,16154,California
Solano,2021-01-15,1698,21537,1059,14185,639,7352,0,0,1401,13615,297,3940,1401,17555,California
Solano,2021-01-16,1293,22830,904,15089,389,7741,0,0,1118,14558,175,4115,1118,18673,California
Solano,2021-01-17,1042,23872,758,15847,284,8025,0,0,1022,15561,20,4135,1023,19696,California
Solano,2021-01-18,1413,25285,854,16701,559,8584,0,0,1296,16741,117,4252,1297,20993,California
Solano,2021-01-19,1653,26938,1338,18039,315,8899,0,0,1382,17853,270,4522,1382,22375,California
Solano,2021-01-20,2034,28972,1421,19460,613,9512,0,0,1547,18916,484,5006,1547,23922,California
Solano,2021-01-21,3187,32159,1016,20476,2171,11683,0,0,2835,21400,352,5358,2836,26758,California
Solano,2021-01-22,1772,33931,845,21321,927,12610,0,0,1579,22786,193,5551,1579,28337,California
Solano,2021-01-23,737,34668,242,21563,495,13105,0,0,532,23113,206,5757,533,28870,California
Solano,2021-01-24,403,35071,61,21624,342,13447,0,0,336,23382,67,5824,336,29206,California
Solano,2021-01-25,1671,36742,631,22255,1040,14487,0,0,1114,23941,556,6380,1115,30321,California
Solano,2021-01-26,1783,38525,741,22996,1042,15529,0,0,1150,24459,633,7013,1151,31472,California
Solano,2021-01-27,1787,40312,719,23715,1068,16597,0,0,1183,25042,600,7613,1183,32655,California
Solano,2021-01-28,1965,42277,709,24424,1256,17853,0,0,1372,25823,592,8205,1373,34028,California
Solano,2021-01-29,1702,43979,784,25208,918,18771,0,0,1342,26807,358,8563,1342,35370,California
Solano,2021-01-30,952,44931,457,25665,495,19266,0,0,608,27072,344,8907,609,35979,California
Solano,2021-01-31,245,45176,153,25818,92,19358,0,0,174,27175,71,8978,174,36153,California
Solano,2021-02-01,1558,46734,1036,26854,522,19880,0,0,777,27174,778,9756,777,36930,California
Solano,2021-02-02,3349,50083,1095,27949,2254,22134,0,0,2540,28909,805,10561,2540,39470,California
Solano,2021-02-03,2266,52349,1308,29257,958,23092,0,0,1166,28978,1097,11658,1166,40636,California
Solano,2021-02-04,1797,54146,900,30157,897,23989,0,0,1072,29330,720,12378,1072,41708,California
Solano,2021-02-05,3098,57244,1417,31574,1681,25670,0,0,2093,30426,997,13375,2093,43801,California
Solano,2021-02-06,3062,60306,1169,32743,1893,27563,0,0,2245,31858,813,14188,2245,46046,California
Solano,2021-02-07,848,61154,784,33527,64,27627,0,0,237,31485,610,14798,237,46283,California
Solano,2021-02-08,1758,62912,1236,34763,522,28149,0,0,716,31161,1040,15838,716,46999,California
Solano,2021-02-09,1950,64862,1484,36247,466,28615,0,0,698,30608,1251,17089,698,47697,California
Solano,2021-02-10,2266,67128,1496,37743,770,29385,0,0,824,29990,1442,18531,824,48521,California
Solano,2021-02-11,2518,69646,1492,39235,1026,30411,0,0,1198,29879,1309,19840,1198,49719,California
Solano,2021-02-12,4231,73877,1630,40865,2601,33012,0,0,2881,31417,1343,21183,2881,52600,California
Solano,2021-02-13,2869,76746,250,41115,2619,35631,0,0,2454,33459,412,21595,2454,55054,California
Solano,2021-02-14,726,77472,204,41319,522,36153,0,0,416,33568,308,21903,417,55471,California
Solano,2021-02-15,1328,78800,324,41643,1004,37157,0,0,692,33625,635,22538,692,56163,California
Solano,2021-02-16,2561,81361,1387,43030,1174,38331,0,0,1664,34394,896,23434,1665,57828,California
Solano,2021-02-17,3226,84587,1455,44485,1771,40102,0,0,2181,35534,1042,24476,2182,60010,California
Solano,2021-02-18,2882,87469,843,45328,2039,42141,0,0,866,34391,2010,26486,867,60877,California
Solano,2021-02-19,2401,89870,1446,46774,955,43096,0,0,1170,34337,1226,27712,1172,62049,California
Solano,2021-02-20,2577,92447,383,47157,2194,45290,0,0,2107,35973,471,28183,2107,64156,California
Solano,2021-02-21,2192,94639,1879,49036,313,45603,0,0,1882,37549,306,28489,1882,66038,California
Solano,2021-02-22,1776,96415,1053,50089,723,46326,0,0,935,37647,839,29328,937,66975,California
Solano,2021-02-23,2866,99281,1089,51178,1777,48103,0,0,1958,38701,904,30232,1958,68933,California
Solano,2021-02-24,2486,101767,1244,52422,1242,49345,0,0,1391,38999,1093,31325,1391,70324,California
Solano,2021-02-25,2413,104180,1450,53872,963,50308,0,0,1319,39229,1089,32414,1319,71643,California
Solano,2021-02-26,3191,107371,2034,55906,1157,51465,0,0,1872,39787,1314,33728,1872,73515,California
Solano,2021-02-27,3663,111034,1382,57288,2280,53745,1,1,2962,42057,693,34421,2963,76478,California
Solano,2021-02-28,1369,112403,1038,58326,331,54076,0,1,1087,42866,279,34700,1088,77566,California
Solano,2021-03-01,2458,114861,1057,59383,1400,55476,1,2,1857,44128,596,35296,1858,79424,California
Solano,2021-03-02,2252,117113,1402,60785,850,56326,0,2,1295,44467,956,36252,1295,80719,California
Solano,2021-03-03,2242,119355,1261,62046,981,57307,0,2,1390,45014,844,37096,1391,82110,California
Solano,2021-03-04,4387,123742,3437,65483,948,58255,2,4,3164,46970,1213,38309,3169,85279,California
Solano,2021-03-05,4938,128680,1685,67168,3248,61503,5,9,3967,49981,961,39270,3972,89251,California
Solano,2021-03-06,3857,132537,834,68002,2984,64487,39,48,2654,51482,1192,40462,2693,91944,California
Solano,2021-03-07,3584,136121,761,68763,2813,67300,10,58,1968,51857,1604,42066,1979,93923,California
Solano,2021-03-08,2142,138263,1342,70105,530,67830,270,328,1620,53228,517,42583,1888,95811,California
Solano,2021-03-09,3225,141488,1569,71674,1602,69432,54,382,2326,54707,898,43481,2377,98188,California
Solano,2021-03-10,2430,143918,1766,73440,579,70011,85,467,1274,54915,1151,44632,1359,99547,California
Solano,2021-03-11,6033,149951,1760,75200,4019,74030,254,721,4979,59099,1050,45682,5234,104781,California
Solano,2021-03-12,6034,155985,1571,76771,4285,78315,178,899,3193,59635,2837,48519,3373,108154,California
Solano,2021-03-13,4587,160572,805,77576,3698,82013,84,983,2240,59623,2340,50859,2328,110482,California
Solano,2021-03-14,4005,164577,3127,80703,423,82436,455,1438,1645,59365,2355,53214,2097,112579,California
Solano,2021-03-15,4022,168599,2457,83160,1245,83681,320,1758,2519,60708,1495,54709,2838,115417,California
Solano,2021-03-16,3093,171692,1324,84484,1533,85214,236,1994,1576,61007,1513,56222,1812,117229,California
Solano,2021-03-17,6466,178158,1682,86166,4693,89907,91,2085,4967,64569,1496,57718,5058,122287,California
Solano,2021-03-18,5211,183369,1849,88015,3323,93230,39,2124,3835,67076,1368,59086,3875,126162,California
Solano,2021-03-19,3568,186937,2637,90652,856,94086,75,2199,1811,67216,1749,60835,1889,128051,California
Solano,2021-03-20,5565,192502,1677,92329,3834,97920,54,2253,2849,67412,2707,63542,2903,130954,California
Solano,2021-03-21,1684,194186,1578,93907,81,98001,25,2278,859,67472,822,64364,882,131836,California
Solano,2021-03-22,2677,196863,2042,95949,584,98585,51,2329,1662,68173,1008,65372,1709,133545,California
Solano,2021-03-23,3530,200393,1672,97621,1815,100400,43,2372,1415,67519,2111,67483,1457,135002,California
Solano,2021-03-24,2833,203226,1774,99395,1024,101424,35,2407,1373,67472,1454,68937,1407,136409,California
Solano,2021-03-25,4874,208100,3992,103387,847,102271,35,2442,2275,67188,2595,71532,2311,138720,California
Solano,2021-03-26,3229,211329,2098,105485,1094,103365,37,2479,1742,67489,1478,73010,1779,140499,California
Solano,2021-03-27,4200,215529,1157,106642,3006,106371,37,2516,1792,66916,2402,75412,1829,142328,California
Solano,2021-03-28,1419,216948,1111,107753,290,106661,18,2534,550,66619,865,76277,568,142896,California
Solano,2021-03-29,3513,220461,2044,109797,1452,108113,17,2551,1579,66298,1921,78198,1600,144496,California
Solano,2021-03-30,3034,223495,2014,111811,929,109042,91,2642,1890,67136,1143,79341,1981,146477,California
Solano,2021-03-31,3144,226639,2140,113951,844,109886,160,2802,1844,67840,1297,80638,2001,148478,California
Solano,2021-04-01,5558,232197,2113,116064,3293,113179,152,2954,3515,69477,2030,82668,3667,152145,California
Solano,2021-04-02,6620,238817,2233,118297,4220,117399,167,3121,2555,68159,4049,86717,2731,154876,California
Solano,2021-04-03,1533,240350,966,119263,412,117811,155,3276,569,67921,962,87679,724,155600,California
Solano,2021-04-04,782,241132,288,119551,191,118002,303,3579,240,67926,538,88217,543,156143,California
Solano,2021-04-05,2991,244123,2044,121595,740,118742,207,3786,1514,68171,1475,89692,1720,157863,California
Solano,2021-04-06,6059,250182,1640,123235,3928,122670,491,4277,1641,65919,4411,94103,2159,160022,California
Solano,2021-04-07,5941,256123,4595,127830,946,123616,400,4677,3374,67153,2548,96651,3782,163804,California
Solano,2021-04-08,6468,262591,1800,129630,3801,127417,867,5544,1817,65222,4622,101273,2691,166495,California
Solano,2021-04-09,6294,268885,1666,131296,3776,131193,852,6396,1518,62843,4752,106025,2373,168868,California
Solano,2021-04-10,1738,270623,956,132252,453,131646,329,6725,801,63036,936,106961,1129,169997,California
Solano,2021-04-11,1233,271856,767,133019,337,131983,129,6854,640,63215,590,107551,769,170766,California
Solano,2021-04-12,3261,275117,1679,134698,1222,133205,360,7214,1343,63004,1913,109464,1702,172468,California
Solano,2021-04-13,2540,277657,1095,135793,1444,134649,1,7215,1324,63118,1212,110676,1326,173794,California
Solano,2021-04-14,6459,284116,1949,137742,4510,139159,0,7215,1810,60289,4641,115317,1812,175606,California
Solano,2021-04-15,5671,289787,2141,139883,3530,142689,0,7215,1715,58062,3942,119259,1715,177321,California
Solano,2021-04-16,3673,293460,2577,142460,1094,143783,2,7217,2281,58958,1387,120646,2283,179604,California
Solano,2021-04-17,3253,296713,1062,143522,2191,145974,0,7217,1116,57946,2129,122775,1117,180721,California
Solano,2021-04-18,1004,297717,610,144132,394,146368,0,7217,529,58001,474,123249,529,181250,California
Solano,2021-04-19,2107,299824,1158,145290,949,147317,0,7217,1173,58247,929,124178,1175,182425,California
Solano,2021-04-20,3024,302848,1845,147135,1179,148496,0,7217,1682,58591,1338,125516,1682,184107,California
Solano,2021-04-21,3566,306414,2333,149468,1233,149729,0,7217,1791,58612,1770,127286,1791,185898,California
Solano,2021-04-22,2938,309352,1485,150953,1453,151182,0,7217,1780,59236,1156,128442,1780,187678,California
Solano,2021-04-23,4152,313504,2086,153039,2066,153248,0,7217,2499,60089,1647,130089,2500,190178,California
Solano,2021-04-24,3825,317329,2293,155332,1530,154778,2,7219,2531,61414,1208,131297,2533,192711,California
Solano,2021-04-25,1427,318756,1113,156445,314,155092,0,7219,1128,62250,292,131589,1128,193839,California
Solano,2021-04-26,2469,321225,1598,158043,867,155959,4,7223,1323,62443,1134,132723,1327,195166,California
Solano,2021-04-27,2508,323733,1250,159293,1233,157192,25,7248,1417,62803,1083,133806,1443,196609,California
Solano,2021-04-28,5574,329307,4591,163884,937,158129,46,7294,3426,64137,2138,135944,3472,200081,California
Solano,2021-04-29,4159,333466,1265,165149,2862,160991,32,7326,1691,63400,2460,138404,1723,201804,California
Solano,2021-04-30,4036,337502,2189,167338,1711,162702,136,7462,1868,63251,2153,140557,2004,203808,California
Solano,2021-05-01,2174,339676,1676,169014,298,163000,200,7662,1293,63868,876,141433,1493,205301,California
Solano,2021-05-02,1207,340883,946,169960,236,163236,25,7687,667,64025,535,141968,692,205993,California
Solano,2021-05-03,1450,342333,1008,170968,355,163591,87,7774,592,63848,857,142825,680,206673,California
Solano,2021-05-04,1794,344127,1048,172016,681,164272,65,7839,806,63733,986,143811,871,207544,California
Solano,2021-05-05,2253,346380,1410,173426,730,165002,113,7952,1082,63759,1167,144978,1193,208737,California
Solano,2021-05-06,1947,348327,1183,174609,591,165593,173,8125,719,63431,1220,146198,892,209629,California
Solano,2021-05-07,2766,351093,1912,176521,736,166329,118,8243,958,62704,1801,147999,1074,210703,California
Solano,2021-05-08,1370,352463,830,177351,425,166754,115,8358,476,62405,890,148889,591,211294,California
Solano,2021-05-09,417,352880,241,177592,165,166919,11,8369,155,62313,259,149148,167,211461,California
Solano,2021-05-10,1317,354197,604,178196,610,167529,103,8472,381,61865,933,150081,485,211946,California
Solano,2021-05-11,2245,356442,1136,179332,1025,168554,84,8556,631,60971,1609,151690,715,212661,California
Solano,2021-05-12,2047,358489,1152,180484,725,169279,170,8726,676,60458,1357,153047,844,213505,California
Solano,2021-05-13,2878,361367,1979,182463,691,169970,208,8934,1520,60832,1354,154401,1728,215233,California
Solano,2021-05-14,2413,363780,1625,184088,668,170638,120,9054,1010,60568,1394,155795,1130,216363,California
Solano,2021-05-15,2866,366646,2235,186323,569,171207,62,9116,1178,60131,1677,157472,1240,217603,California
Solano,2021-05-16,1487,368133,1090,187413,364,171571,33,9149,241,59161,1243,158715,273,217876,California
Solano,2021-05-17,2454,370587,1405,188818,963,172534,86,9235,935,58679,1499,160214,1017,218893,California
Solano,2021-05-18,2900,373487,1612,190430,1199,173733,89,9324,1484,58847,1404,161618,1572,220465,California
Solano,2021-05-19,4924,378411,3395,193825,1423,175156,106,9430,2296,58633,2617,164235,2403,222868,California
Solano,2021-05-20,2251,380662,1359,195184,842,175998,50,9480,982,58403,1262,165497,1032,223900,California
Solano,2021-05-21,3144,383806,1596,196780,1488,177486,60,9540,1257,57844,1876,167373,1317,225217,California
Solano,2021-05-22,2137,385943,1652,198432,427,177913,58,9598,911,57594,1219,168592,969,226186,California
Solano,2021-05-23,1198,387141,1037,199469,151,178064,10,9608,663,57735,532,169124,673,226859,California
Solano,2021-05-24,1822,388963,1030,200499,722,178786,70,9678,634,57255,1183,170307,703,227562,California
Solano,2021-05-25,1608,390571,813,201312,739,179525,56,9734,588,56887,1012,171319,644,228206,California
Solano,2021-05-26,1857,392428,1068,202380,737,180262,52,9786,762,56614,1087,172406,814,229020,California
Solano,2021-05-27,1807,394235,792,203172,943,181205,72,9858,815,56513,987,173393,886,229906,California
Solano,2021-05-28,1892,396127,914,204086,926,182131,52,9910,679,56040,1205,174598,732,230638,California
Solano,2021-05-29,622,396749,302,204388,291,182422,29,9939,315,56078,305,174903,343,230981,California
Solano,2021-05-30,332,397081,160,204548,148,182570,24,9963,125,56023,204,175107,149,231130,California
Solano,2021-05-31,127,397208,18,204566,98,182668,11,9974,25,55957,102,175209,36,231166,California
Solano,2021-06-01,1655,398863,1009,205575,573,183241,73,10047,672,55723,978,176187,744,231910,California
Solano,2021-06-02,946,399809,649,206224,247,183488,50,10097,425,55679,517,176704,473,232383,California
Sonoma,2020-12-15,4,4,4,4,0,0,0,0,4,4,0,0,4,4,California
Sonoma,2020-12-16,27,31,27,31,0,0,0,0,27,31,0,0,27,31,California
Sonoma,2020-12-17,105,136,105,136,0,0,0,0,105,136,0,0,105,136,California
Sonoma,2020-12-18,423,559,423,559,0,0,0,0,423,559,0,0,423,559,California
Sonoma,2020-12-19,112,671,111,670,1,1,0,0,112,671,0,0,112,671,California
Sonoma,2020-12-20,175,846,175,845,0,1,0,0,175,846,0,0,175,846,California
Sonoma,2020-12-21,910,1756,908,1753,2,3,0,0,909,1755,0,0,909,1755,California
Sonoma,2020-12-22,1354,3110,1263,3016,91,94,0,0,1354,3109,0,0,1354,3109,California
Sonoma,2020-12-23,1608,4718,1233,4249,375,469,0,0,1609,4718,0,0,1609,4718,California
Sonoma,2020-12-24,305,5023,101,4350,204,673,0,0,305,5023,0,0,305,5023,California
Sonoma,2020-12-25,8,5031,2,4352,6,679,0,0,8,5031,0,0,8,5031,California
Sonoma,2020-12-26,268,5299,257,4609,11,690,0,0,268,5299,0,0,268,5299,California
Sonoma,2020-12-27,94,5393,80,4689,14,704,0,0,94,5393,0,0,94,5393,California
Sonoma,2020-12-28,985,6378,552,5241,433,1137,0,0,956,6349,0,0,956,6349,California
Sonoma,2020-12-29,1129,7507,777,6018,352,1489,0,0,1096,7445,0,0,1096,7445,California
Sonoma,2020-12-30,1095,8602,480,6498,615,2104,0,0,1087,8532,0,0,1087,8532,California
Sonoma,2020-12-31,517,9119,71,6569,446,2550,0,0,518,9050,0,0,518,9050,California
Sonoma,2021-01-01,16,9135,8,6577,8,2558,0,0,16,9066,0,0,16,9066,California
Sonoma,2021-01-02,133,9268,126,6703,7,2565,0,0,133,9199,0,0,133,9199,California
Sonoma,2021-01-03,25,9293,10,6713,15,2580,0,0,25,9224,0,0,25,9224,California
Sonoma,2021-01-04,343,9636,106,6819,237,2817,0,0,342,9566,0,0,342,9566,California
Sonoma,2021-01-05,435,10071,102,6921,333,3150,0,0,410,9961,15,15,410,9976,California
Sonoma,2021-01-06,952,11023,435,7356,517,3667,0,0,840,10695,106,121,840,10816,California
Sonoma,2021-01-07,1034,12057,538,7894,496,4163,0,0,863,11388,170,291,863,11679,California
Sonoma,2021-01-08,1795,13852,1234,9128,561,4724,0,0,1322,12239,471,762,1322,13001,California
Sonoma,2021-01-09,641,14493,404,9532,237,4961,0,0,592,12782,49,811,592,13593,California
Sonoma,2021-01-10,472,14965,461,9993,11,4972,0,0,277,12864,195,1006,277,13870,California
Sonoma,2021-01-11,1385,16350,1238,11231,147,5119,0,0,414,12312,966,1972,414,14284,California
Sonoma,2021-01-12,1545,17895,1292,12523,253,5372,0,0,395,11559,1148,3120,395,14679,California
Sonoma,2021-01-13,2048,19943,1368,13891,680,6052,0,0,1181,11877,864,3984,1182,15861,California
Sonoma,2021-01-14,1541,21484,808,14699,733,6785,0,0,1311,12958,230,4214,1311,17172,California
Sonoma,2021-01-15,1560,23044,628,15327,932,7717,0,0,1339,14086,212,4426,1340,18512,California
Sonoma,2021-01-16,1147,24191,618,15945,529,8246,0,0,899,14741,244,4670,899,19411,California
Sonoma,2021-01-17,669,24860,548,16493,121,8367,0,0,589,15250,80,4750,589,20000,California
Sonoma,2021-01-18,1114,25974,938,17431,176,8543,0,0,624,15385,490,5240,625,20625,California
Sonoma,2021-01-19,2101,28075,1005,18436,1096,9639,0,0,1389,16065,710,5950,1390,22015,California
Sonoma,2021-01-20,2089,30164,630,19066,1459,11098,0,0,1424,16835,655,6605,1425,23440,California
Sonoma,2021-01-21,2271,32435,647,19713,1624,12722,0,0,2050,18667,219,6824,2051,25491,California
Sonoma,2021-01-22,2743,35178,1045,20758,1698,14420,0,0,2594,21113,148,6972,2594,28085,California
Sonoma,2021-01-23,765,35943,593,21351,172,14592,0,0,658,21665,106,7078,658,28743,California
Sonoma,2021-01-24,848,36791,717,22068,131,14723,0,0,831,22479,17,7095,831,29574,California
Sonoma,2021-01-25,2179,38970,521,22589,1658,16381,0,0,1693,23686,486,7581,1693,31267,California
Sonoma,2021-01-26,2017,40987,303,22892,1714,18095,0,0,1562,24794,454,8035,1562,32829,California
Sonoma,2021-01-27,3709,44696,1280,24172,2429,20524,0,0,3134,27358,573,8608,3137,35966,California
Sonoma,2021-01-28,4124,48820,1850,26022,2274,22798,0,0,3450,30138,671,9279,3451,39417,California
Sonoma,2021-01-29,2971,51791,1412,27434,1559,24357,0,0,2133,31436,836,10115,2134,41551,California
Sonoma,2021-01-30,2592,54383,2403,29837,189,24546,0,0,2248,33341,344,10459,2249,43800,California
Sonoma,2021-01-31,809,55192,697,30534,112,24658,0,0,580,33693,228,10687,580,44380,California
Sonoma,2021-02-01,2476,57668,852,31386,1624,26282,0,0,2099,35418,374,11061,2099,46479,California
Sonoma,2021-02-02,3527,61195,1372,32758,2155,28437,0,0,2959,37812,565,11626,2959,49438,California
Sonoma,2021-02-03,4048,65243,1325,34083,2723,31160,0,0,3116,40000,928,12554,3116,52554,California
Sonoma,2021-02-04,4218,69461,1729,35812,2489,33649,0,0,3427,42639,789,13343,3428,55982,California
Sonoma,2021-02-05,4822,74283,1741,37553,3081,36730,0,0,3800,45422,1018,14361,3801,59783,California
Sonoma,2021-02-06,2639,76922,2278,39831,361,37091,0,0,2107,46998,531,14892,2107,61890,California
Sonoma,2021-02-07,1540,78462,1404,41235,136,37227,0,0,1288,48034,252,15144,1288,63178,California
Sonoma,2021-02-08,3268,81730,1039,42274,2229,39456,0,0,2678,50123,589,15733,2678,65856,California
Sonoma,2021-02-09,3577,85307,1704,43978,1873,41329,0,0,3098,52745,477,16210,3099,68955,California
Sonoma,2021-02-10,4554,89861,2485,46463,2069,43398,0,0,3546,55290,1002,17212,3547,72502,California
Sonoma,2021-02-11,5593,95454,3027,49490,2566,45964,0,0,4402,58503,1189,18401,4402,76904,California
Sonoma,2021-02-12,5910,101364,3247,52737,2663,48627,0,0,4481,61562,1425,19826,4484,81388,California
Sonoma,2021-02-13,1993,103357,1151,53888,842,49469,0,0,1206,61984,784,20610,1206,82594,California
Sonoma,2021-02-14,2312,105669,1819,55707,493,49962,0,0,1568,62809,743,21353,1568,84162,California
Sonoma,2021-02-15,2149,107818,794,56501,1355,51317,0,0,1608,63876,541,21894,1608,85770,California
Sonoma,2021-02-16,4910,112728,2058,58559,2852,54169,0,0,3646,66263,1260,23154,3647,89417,California
Sonoma,2021-02-17,5614,118342,2910,61469,2704,56873,0,0,3581,67822,2024,25178,3583,93000,California
Sonoma,2021-02-18,6938,125280,3138,64607,3800,60673,0,0,4001,68898,2927,28105,4003,97003,California
Sonoma,2021-02-19,5521,130801,1665,66272,3856,64529,0,0,3422,70227,2094,30199,3423,100426,California
Sonoma,2021-02-20,3109,133910,2832,69104,277,64806,0,0,1208,69539,1896,32095,1208,101634,California
Sonoma,2021-02-21,533,134443,428,69532,105,64911,0,0,141,69291,389,32484,141,101775,California
Sonoma,2021-02-22,2877,137320,1357,70889,1520,66431,0,0,1195,68810,1677,34161,1196,102971,California
Sonoma,2021-02-23,3378,140698,2082,72971,1296,67727,0,0,1627,68690,1747,35908,1627,104598,California
Sonoma,2021-02-24,5653,146351,2550,75521,3103,70830,0,0,2922,68888,2725,38633,2923,107521,California
Sonoma,2021-02-25,5811,152162,2242,77763,3569,74399,0,0,3118,69336,2670,41303,3118,110639,California
Sonoma,2021-02-26,6272,158434,2764,80527,3508,77907,0,0,3975,71020,2291,43594,3975,114614,California
Sonoma,2021-02-27,4064,162498,1924,82451,2140,80047,0,0,2713,72384,1349,44943,2713,117327,California
Sonoma,2021-02-28,2327,164825,1839,84290,488,80535,0,0,611,71293,1702,46645,611,117938,California
Sonoma,2021-03-01,3767,168592,1154,85444,2612,83147,1,1,1898,71334,1859,48504,1900,119838,California
Sonoma,2021-03-02,4390,172982,1514,86958,2876,86023,0,1,2566,72083,1817,50321,2566,122404,California
Sonoma,2021-03-03,5070,178052,2643,89601,2427,88450,0,1,2335,71690,2728,53049,2335,124739,California
Sonoma,2021-03-04,5965,184017,2686,92287,3279,91729,0,1,2597,70933,3354,56403,2597,127336,California
Sonoma,2021-03-05,6504,190521,2866,95153,3623,95352,15,16,2753,69965,3737,60140,2769,130105,California
Sonoma,2021-03-06,2798,193319,1222,96375,1441,96793,135,151,1925,71158,866,61006,2059,132164,California
Sonoma,2021-03-07,1714,195033,1400,97775,279,97072,35,186,384,70249,1328,62334,419,132583,California
Sonoma,2021-03-08,4074,199107,662,98437,3237,100309,175,361,2400,71159,1663,63997,2573,135156,California
Sonoma,2021-03-09,5600,204707,3088,101525,2252,102561,260,621,2753,71330,2840,66837,3011,138167,California
Sonoma,2021-03-10,6041,210748,3212,104737,2481,105042,348,969,2445,70540,3582,70419,2792,140959,California
Sonoma,2021-03-11,7563,218311,3018,107755,3721,108763,824,1793,2583,68977,4970,75389,3407,144366,California
Sonoma,2021-03-12,7421,225732,2272,110027,3785,112548,1364,3157,2117,67170,5285,80674,3478,147844,California
Sonoma,2021-03-13,3421,229153,1694,111721,1489,114037,238,3395,2009,68005,1411,82085,2246,150090,California
Sonoma,2021-03-14,1386,230539,386,112107,859,114896,141,3536,849,68460,534,82619,989,151079,California
Sonoma,2021-03-15,5254,235793,1519,113626,3348,118244,387,3923,2198,67999,3045,85664,2584,153663,California
Sonoma,2021-03-16,6300,242093,2251,115877,3818,122062,231,4154,2913,67761,3380,89044,3142,156805,California
Sonoma,2021-03-17,6785,248878,3540,119417,3064,125126,181,4335,3298,67764,3475,92519,3478,160283,California
Sonoma,2021-03-18,7145,256023,2947,122364,3583,128709,615,4950,3188,67618,3946,96465,3800,164083,California
Sonoma,2021-03-19,7518,263541,3258,125622,4029,132738,231,5181,3210,66775,4289,100754,3446,167529,California
Sonoma,2021-03-20,3721,267262,1754,127376,1136,133874,831,6012,2041,67970,1672,102426,2867,170396,California
Sonoma,2021-03-21,1389,268651,603,127979,751,134625,35,6047,1215,69050,170,102596,1250,171646,California
Sonoma,2021-03-22,4574,273225,3115,131094,1356,135981,103,6150,3453,71492,1114,103710,3556,175202,California
Sonoma,2021-03-23,5861,279086,3638,134732,2148,138129,75,6225,4433,74582,1418,105128,4508,179710,California
Sonoma,2021-03-24,6819,285905,4278,139010,2474,140603,67,6292,4175,76199,2624,107752,4241,183951,California
Sonoma,2021-03-25,7128,293033,4201,143211,2815,143418,112,6404,4336,77881,2767,110519,4449,188400,California
Sonoma,2021-03-26,7454,300487,3468,146679,3891,147309,95,6499,3923,78388,3511,114030,4018,192418,California
Sonoma,2021-03-27,3865,304352,1510,148189,1993,149302,362,6861,1122,77138,2734,116764,1484,193902,California
Sonoma,2021-03-28,1511,305863,950,149139,534,149836,27,6888,944,77545,564,117328,971,194873,California
Sonoma,2021-03-29,2961,308824,1105,150244,1823,151659,33,6921,1668,77959,1287,118615,1701,196574,California
Sonoma,2021-03-30,5842,314666,3216,153460,2564,154223,62,6983,3045,78277,2790,121405,3108,199682,California
Sonoma,2021-03-31,5622,320288,3408,156868,2000,156223,214,7197,3245,79375,2364,123769,3462,203144,California
Sonoma,2021-04-01,6887,327175,4049,160917,2498,158721,340,7537,3720,80286,3141,126910,4052,207196,California
Sonoma,2021-04-02,5963,333138,3572,164489,2282,161003,109,7646,3577,81594,2378,129288,3686,210882,California
Sonoma,2021-04-03,3656,336794,1828,166317,1603,162606,225,7871,1608,81389,2036,131324,1831,212713,California
Sonoma,2021-04-04,1067,337861,694,167011,282,162888,91,7962,660,81738,402,131726,751,213464,California
Sonoma,2021-04-05,4407,342268,625,167636,3438,166326,344,8306,1648,80977,2752,134478,1991,215455,California
Sonoma,2021-04-06,6896,349164,3493,171129,2997,169323,406,8712,4009,82518,2873,137351,4414,219869,California
Sonoma,2021-04-07,6843,356007,3866,174995,2137,171460,840,9552,3330,83188,3503,140854,4173,224042,California
Sonoma,2021-04-08,7605,363612,4141,179136,2691,174151,773,10325,4164,84697,3432,144286,4941,228983,California
Sonoma,2021-04-09,6843,370455,3820,182956,2139,176290,884,11209,3524,85796,3306,147592,4405,233388,California
Sonoma,2021-04-10,3889,374344,1694,184650,1638,177928,557,11766,1131,84733,2749,150341,1686,235074,California
Sonoma,2021-04-11,1285,375629,606,185256,596,178524,83,11849,438,84408,846,151187,521,235595,California
Sonoma,2021-04-12,4945,380574,2058,187314,2403,180927,484,12333,1842,83637,3092,154279,2321,237916,California
Sonoma,2021-04-13,7838,388412,4645,191959,3191,184118,2,12335,2980,81779,4847,159126,2989,240905,California
Sonoma,2021-04-14,6559,394971,3733,195692,2806,186924,20,12355,2522,80298,4024,163150,2543,243448,California
Sonoma,2021-04-15,7229,402200,4099,199791,3130,190054,0,12355,3567,80216,3650,166800,3568,247016,California
Sonoma,2021-04-16,6789,408989,3410,203201,3377,193431,2,12357,3837,81110,2945,169745,3839,250855,California
Sonoma,2021-04-17,3195,412184,1556,204757,1639,195070,0,12357,1543,81016,1638,171383,1544,252399,California
Sonoma,2021-04-18,1291,413475,894,205651,397,195467,0,12357,453,80632,837,172220,453,252852,California
Sonoma,2021-04-19,3311,416786,1873,207524,1437,196904,1,12358,1439,80204,1868,174088,1440,254292,California
Sonoma,2021-04-20,6260,423046,3459,210983,2801,199705,0,12358,2340,78636,3909,177997,2341,256633,California
Sonoma,2021-04-21,6594,429640,4217,215200,2375,202080,2,12360,3026,78114,3549,181546,3027,259660,California
Sonoma,2021-04-22,6221,435861,4470,219670,1751,203831,0,12360,2507,76923,3698,185244,2507,262167,California
Sonoma,2021-04-23,7420,443281,4624,224294,2790,206621,6,12366,3626,76775,3781,189025,3633,265800,California
Sonoma,2021-04-24,2776,446057,1512,225806,1250,207871,14,12380,1545,77108,1226,190251,1559,267359,California
Sonoma,2021-04-25,1086,447143,788,226594,298,208169,0,12380,433,76891,650,190901,433,267792,California
Sonoma,2021-04-26,2777,449920,1293,227887,1456,209625,28,12408,1517,77183,1253,192154,1545,269337,California
Sonoma,2021-04-27,5331,455251,3639,231526,1590,211215,102,12510,2169,76304,3149,195303,2270,271607,California
Sonoma,2021-04-28,4867,460118,3199,234725,1473,212688,195,12705,2084,75811,2767,198070,2274,273881,California
Sonoma,2021-04-29,4839,464957,3437,238162,1257,213945,145,12850,1705,74537,3124,201194,1850,275731,California
Sonoma,2021-04-30,5442,470399,3623,241785,1526,215471,293,13143,1808,73016,3621,204815,2100,277831,California
Sonoma,2021-05-01,2481,472880,1780,243565,595,216066,106,13249,1234,73114,1238,206053,1336,279167,California
Sonoma,2021-05-02,866,473746,646,244211,169,216235,51,13300,553,73406,313,206366,605,279772,California
Sonoma,2021-05-03,3182,476928,1682,245893,1355,217590,145,13445,1053,72482,2120,208486,1196,280968,California
Sonoma,2021-05-04,4582,481510,2411,248304,1994,219584,177,13622,1468,71028,3094,211580,1640,282608,California
Sonoma,2021-05-05,3667,485177,2185,250489,1289,220873,193,13815,1309,70181,2347,213927,1500,284108,California
Sonoma,2021-05-06,4505,489682,2407,252896,1971,222844,127,13942,1342,68498,3150,217077,1467,285575,California
Sonoma,2021-05-07,3593,493275,2316,255212,1155,223999,122,14064,1087,67211,2496,219573,1209,286784,California
Sonoma,2021-05-08,1848,495123,1256,256468,500,224499,92,14156,751,66961,1093,220666,843,287627,California
Sonoma,2021-05-09,510,495633,294,256762,175,224674,41,14197,182,66859,325,220991,223,287850,California
Sonoma,2021-05-10,2308,497941,1035,257797,1139,225813,134,14331,289,65274,2005,222996,420,288270,California
Sonoma,2021-05-11,3506,501447,1897,259694,1494,227307,115,14446,955,63807,2537,225533,1070,289340,California
Sonoma,2021-05-12,3921,505368,2446,262140,1336,228643,139,14585,856,61746,3055,228588,994,290334,California
Sonoma,2021-05-13,4732,510100,2723,264863,1894,230537,115,14700,1568,60274,3153,231741,1681,292015,California
Sonoma,2021-05-14,5815,515915,3614,268477,2064,232601,137,14837,2231,59073,3570,235311,2369,294384,California
Sonoma,2021-05-15,2926,518841,2154,270631,710,233311,62,14899,1847,59910,1071,236382,1908,296292,California
Sonoma,2021-05-16,1308,520149,1089,271720,160,233471,59,14958,971,60608,333,236715,1031,297323,California
Sonoma,2021-05-17,2448,522597,1822,273542,531,234002,95,15053,965,60189,1478,238193,1059,298382,California
Sonoma,2021-05-18,4316,526913,2851,276393,1356,235358,109,15162,1517,59033,2781,240974,1625,300007,California
Sonoma,2021-05-19,3729,530642,2397,278790,1218,236576,114,15276,1499,58429,2217,243191,1613,301620,California
Sonoma,2021-05-20,3030,533672,2071,280861,867,237443,92,15368,1363,58222,1657,244848,1450,303070,California
Sonoma,2021-05-21,3790,537462,2144,283005,1517,238960,129,15497,1349,57267,2420,247268,1465,304535,California
Sonoma,2021-05-22,2063,539525,1116,284121,908,239868,39,15536,560,56375,1491,248759,599,305134,California
Sonoma,2021-05-23,1113,540638,964,285085,136,240004,13,15549,576,56433,531,249290,589,305723,California
Sonoma,2021-05-24,1927,542565,1210,286295,585,240589,132,15681,645,55958,1251,250541,776,306499,California
Sonoma,2021-05-25,2905,545470,1793,288088,1025,241614,87,15768,778,54708,2112,252653,862,307361,California
Sonoma,2021-05-26,2453,547923,1725,289813,628,242242,100,15868,1009,54381,1433,254086,1106,308467,California
Sonoma,2021-05-27,2053,549976,1130,290943,826,243068,97,15965,765,53963,1279,255365,861,309328,California
Sonoma,2021-05-28,2138,552114,1119,292062,925,243993,94,16059,614,53158,1512,256877,707,310035,California
Sonoma,2021-05-29,1255,553369,836,292898,353,244346,66,16125,625,53226,623,257500,691,310726,California
Sonoma,2021-05-30,345,553714,219,293117,116,244462,10,16135,141,53177,200,257700,151,310877,California
Sonoma,2021-05-31,73,553787,28,293145,44,244506,1,16136,20,53145,53,257753,21,310898,California
Sonoma,2021-06-01,1833,555620,1062,294207,696,245202,75,16211,664,52724,1157,258910,736,311634,California
Sonoma,2021-06-02,903,556523,560,294767,252,245454,91,16302,452,52817,449,259359,542,312176,California
Stanislaus,2020-12-15,3,3,3,3,0,0,0,0,3,3,0,0,3,3,California
Stanislaus,2020-12-16,37,40,37,40,0,0,0,0,37,40,0,0,37,40,California
Stanislaus,2020-12-17,75,115,75,115,0,0,0,0,75,115,0,0,75,115,California
Stanislaus,2020-12-18,338,453,332,447,6,6,0,0,338,453,0,0,338,453,California
Stanislaus,2020-12-19,134,587,134,581,0,6,0,0,134,587,0,0,134,587,California
Stanislaus,2020-12-20,86,673,86,667,0,6,0,0,86,673,0,0,86,673,California
Stanislaus,2020-12-21,1000,1673,999,1666,1,7,0,0,999,1672,1,1,1000,1673,California
Stanislaus,2020-12-22,795,2468,783,2449,12,19,0,0,795,2467,0,1,795,2468,California
Stanislaus,2020-12-23,451,2919,433,2882,18,37,0,0,450,2917,1,2,451,2919,California
Stanislaus,2020-12-24,98,3017,89,2971,9,46,0,0,98,3015,0,2,98,3017,California
Stanislaus,2020-12-26,52,3069,9,2980,43,89,0,0,52,3067,0,2,52,3069,California
Stanislaus,2020-12-27,11,3080,6,2986,5,94,0,0,11,3078,0,2,11,3080,California
Stanislaus,2020-12-28,488,3568,395,3381,93,187,0,0,488,3566,0,2,488,3568,California
Stanislaus,2020-12-29,495,4063,415,3796,80,267,0,0,495,4061,0,2,495,4063,California
Stanislaus,2020-12-30,535,4598,280,4076,255,522,0,0,534,4594,1,3,534,4597,California
Stanislaus,2020-12-31,276,4874,156,4232,120,642,0,0,276,4870,0,3,276,4873,California
Stanislaus,2021-01-01,14,4888,5,4237,9,651,0,0,14,4884,0,3,14,4887,California
Stanislaus,2021-01-02,34,4922,26,4263,8,659,0,0,34,4918,0,3,34,4921,California
Stanislaus,2021-01-03,90,5012,87,4350,3,662,0,0,90,5008,0,3,90,5011,California
Stanislaus,2021-01-04,232,5244,152,4502,80,742,0,0,232,5240,0,3,232,5243,California
Stanislaus,2021-01-05,837,6081,345,4847,492,1234,0,0,812,6036,24,27,820,6063,California
Stanislaus,2021-01-06,1004,7085,600,5447,404,1638,0,0,930,6898,71,98,933,6996,California
Stanislaus,2021-01-07,1079,8164,703,6150,376,2014,0,0,888,7603,185,283,890,7886,California
Stanislaus,2021-01-08,1276,9440,720,6870,556,2570,0,0,932,8200,341,624,938,8824,California
Stanislaus,2021-01-09,288,9728,142,7012,146,2716,0,0,198,8308,90,714,198,9022,California
Stanislaus,2021-01-10,48,9776,22,7034,26,2742,0,0,29,8318,19,733,29,9051,California
Stanislaus,2021-01-11,1499,11275,1218,8252,281,3023,0,0,570,7983,923,1656,588,9639,California
Stanislaus,2021-01-12,1470,12745,864,9116,606,3629,0,0,830,8187,636,2292,840,10479,California
Stanislaus,2021-01-13,1448,14193,689,9805,759,4388,0,0,1123,8997,324,2616,1134,11613,California
Stanislaus,2021-01-14,2238,16431,283,10088,1955,6343,0,0,2066,10964,169,2785,2136,13749,California
Stanislaus,2021-01-15,2829,19260,1162,11250,1667,8010,0,0,2673,13567,152,2937,2755,16504,California
Stanislaus,2021-01-16,473,19733,50,11300,423,8433,0,0,455,14007,17,2954,457,16961,California
Stanislaus,2021-01-17,244,19977,202,11502,42,8475,0,0,237,14238,6,2960,237,17198,California
Stanislaus,2021-01-18,2188,22165,1022,12524,1166,9641,0,0,1797,15724,386,3346,1872,19070,California
Stanislaus,2021-01-19,1256,23421,725,13249,531,10172,0,0,807,16087,445,3791,808,19878,California
Stanislaus,2021-01-20,1012,24433,490,13739,522,10694,0,0,717,16510,294,4085,717,20595,California
Stanislaus,2021-01-21,3693,28126,2977,16716,716,11410,0,0,3364,19659,325,4410,3474,24069,California
Stanislaus,2021-01-22,1095,29221,308,17024,787,12197,0,0,1050,20671,41,4451,1053,25122,California
Stanislaus,2021-01-23,359,29580,44,17068,315,12512,0,0,300,20914,58,4509,301,25423,California
Stanislaus,2021-01-24,302,29882,100,17168,202,12714,0,0,236,21086,66,4575,238,25661,California
Stanislaus,2021-01-25,3158,33040,227,17395,2931,15645,0,0,2829,23772,293,4868,2979,28640,California
Stanislaus,2021-01-26,1729,34769,747,18142,982,16627,0,0,1300,24667,422,5290,1317,29957,California
Stanislaus,2021-01-27,1895,36664,1055,19197,840,17467,0,0,1190,25199,659,5949,1191,31148,California
Stanislaus,2021-01-28,2209,38873,1511,20708,698,18165,0,0,1718,26496,483,6432,1780,32928,California
Stanislaus,2021-01-29,2444,41317,1197,21905,1247,19412,0,0,1912,27971,486,6918,1961,34889,California
Stanislaus,2021-01-30,294,41611,133,22038,161,19573,0,0,230,28148,53,6971,230,35119,California
Stanislaus,2021-01-31,369,41980,315,22353,54,19627,0,0,354,28490,12,6983,354,35473,California
Stanislaus,2021-02-01,1299,43279,586,22939,713,20340,0,0,943,29089,345,7328,944,36417,California
Stanislaus,2021-02-02,1211,44490,348,23287,863,21203,0,0,777,29445,423,7751,779,37196,California
Stanislaus,2021-02-03,2611,47101,1229,24516,1382,22585,0,0,1914,30681,691,8442,1927,39123,California
Stanislaus,2021-02-04,2091,49192,710,25226,1381,23966,0,0,1581,31772,496,8938,1587,40710,California
Stanislaus,2021-02-05,2857,52049,1473,26699,1384,25350,0,0,1593,32174,1204,10142,1606,42316,California
Stanislaus,2021-02-06,886,52935,300,26999,586,25936,0,0,694,32680,190,10332,696,43012,California
Stanislaus,2021-02-07,233,53168,208,27207,25,25961,0,0,43,32537,187,10519,44,43056,California
Stanislaus,2021-02-08,2037,55205,1336,28543,701,26662,0,0,1098,32761,897,11416,1121,44177,California
Stanislaus,2021-02-09,1841,57046,783,29326,1058,27720,0,0,1043,33038,775,12191,1052,45229,California
Stanislaus,2021-02-10,1936,58982,534,29860,1402,29122,0,0,1012,33150,902,13093,1014,46243,California
Stanislaus,2021-02-11,5398,64380,3276,33136,2122,31244,0,0,1233,30437,3952,17045,1239,47482,California
Stanislaus,2021-02-12,3303,67683,916,34052,2387,33631,0,0,1451,30127,1770,18815,1460,48942,California
Stanislaus,2021-02-13,1354,69037,652,34704,702,34333,0,0,982,30747,366,19181,986,49928,California
Stanislaus,2021-02-14,421,69458,167,34871,254,34587,0,0,353,31034,66,19247,353,50281,California
Stanislaus,2021-02-15,1818,71276,230,35101,1588,36175,0,0,582,30498,1122,20369,586,50867,California
Stanislaus,2021-02-16,1363,72639,423,35524,940,37115,0,0,580,30309,771,21140,582,51449,California
Stanislaus,2021-02-17,2756,75395,1688,37212,1068,38183,0,0,1921,31411,830,21970,1932,53381,California
Stanislaus,2021-02-18,3364,78759,1902,39114,1462,39645,0,0,1782,31732,1494,23464,1815,55196,California
Stanislaus,2021-02-19,2766,81525,1070,40184,1696,41341,0,0,1516,32065,1207,24671,1540,56736,California
Stanislaus,2021-02-20,752,82277,382,40566,370,41711,0,0,474,32283,258,24929,476,57212,California
Stanislaus,2021-02-21,906,83183,692,41258,214,41925,0,0,545,32502,337,25266,556,57768,California
Stanislaus,2021-02-22,2349,85532,1696,42954,653,42578,0,0,1631,33437,698,25964,1633,59401,California
Stanislaus,2021-02-23,3745,89277,678,43632,3067,45645,0,0,1739,33341,1846,27810,1750,61151,California
Stanislaus,2021-02-24,4183,93460,2849,46481,1334,46979,0,0,3123,35426,1041,28851,3126,64277,California
Stanislaus,2021-02-25,3953,97413,2716,49197,1237,48216,0,0,3149,37792,786,29637,3152,67429,California
Stanislaus,2021-02-26,4208,101621,1218,50415,2990,51206,0,0,2840,39330,1312,30949,2850,70279,California
Stanislaus,2021-02-27,2092,103713,711,51126,1380,52586,1,1,1859,40987,204,31153,1861,72140,California
Stanislaus,2021-02-28,820,104533,263,51389,557,53143,0,1,769,41717,40,31193,770,72910,California
Stanislaus,2021-03-01,2777,107310,1634,53023,1141,54284,2,3,1629,42253,1107,32300,1643,74553,California
Stanislaus,2021-03-02,2398,109708,1425,54448,972,55256,1,4,1662,43195,723,33023,1665,76218,California
Stanislaus,2021-03-03,3717,113425,2230,56678,1483,56739,4,8,2909,45316,791,33814,2912,79130,California
Stanislaus,2021-03-04,5448,118873,3108,59786,2324,59063,16,24,4197,48306,1219,35033,4209,83339,California
Stanislaus,2021-03-05,4087,122960,1119,60905,2952,62015,16,40,3091,50445,967,36000,3106,86445,California
Stanislaus,2021-03-06,3579,126539,2231,63136,1255,63270,93,133,2723,52411,852,36852,2818,89263,California
Stanislaus,2021-03-07,852,127391,390,63526,426,63696,36,169,663,52927,183,37035,699,89962,California
Stanislaus,2021-03-08,1993,129384,862,64388,1042,64738,89,258,1332,53705,642,37677,1420,91382,California
Stanislaus,2021-03-09,2179,131563,903,65291,1184,65922,92,350,1637,54908,530,38207,1733,93115,California
Stanislaus,2021-03-10,5072,136635,2508,67799,2341,68263,223,573,3743,57577,1310,39517,3979,97094,California
Stanislaus,2021-03-11,5723,142358,3145,70944,2102,70365,476,1049,4127,60758,1426,40943,4607,101701,California
Stanislaus,2021-03-12,5771,148129,1232,72176,2617,72982,1922,2971,2914,62760,2831,43774,4833,106534,California
Stanislaus,2021-03-13,3387,151516,2182,74358,1135,74117,70,3041,2692,64841,687,44461,2768,109302,California
Stanislaus,2021-03-14,997,152513,596,74954,350,74467,51,3092,491,64883,503,44964,545,109847,California
Stanislaus,2021-03-15,3697,156210,1977,76931,1359,75826,361,3453,1608,64865,1993,46957,1975,111822,California
Stanislaus,2021-03-16,4927,161137,2455,79386,2060,77886,412,3865,3548,67466,1358,48315,3959,115781,California
Stanislaus,2021-03-17,4724,165861,2855,82241,1691,79577,178,4043,2884,68722,1812,50127,3068,118849,California
Stanislaus,2021-03-18,5427,171288,3425,85666,1936,81513,66,4109,2932,69383,2342,52469,3003,121852,California
Stanislaus,2021-03-19,5930,177218,1542,87208,2864,84377,1524,5633,3108,71230,2782,55251,4629,126481,California
Stanislaus,2021-03-20,3844,181062,3009,90217,767,85144,68,5701,3366,74194,471,55722,3435,129916,California
Stanislaus,2021-03-21,1006,182068,905,91122,36,85180,65,5766,764,74784,239,55961,829,130745,California
Stanislaus,2021-03-22,2821,184889,1328,92450,768,85948,725,6491,1241,75200,1552,57513,1968,132713,California
Stanislaus,2021-03-23,3949,188838,2022,94472,1667,87615,260,6751,2806,77160,1126,58639,3086,135799,California
Stanislaus,2021-03-24,4556,193394,3224,97696,1264,88879,68,6819,2640,78002,1869,60508,2711,138510,California
Stanislaus,2021-03-25,4256,197650,2926,100622,1313,90192,17,6836,1817,77476,2361,62869,1835,140345,California
Stanislaus,2021-03-26,4755,202405,1337,101959,3343,93535,75,6911,2380,77602,2342,65211,2468,142813,California
Stanislaus,2021-03-27,4414,206819,2743,104702,1589,95124,82,6993,1392,76080,3004,68215,1482,144295,California
Stanislaus,2021-03-28,1109,207928,444,105146,558,95682,107,7100,325,75746,772,68987,438,144733,California
Stanislaus,2021-03-29,2983,210911,1830,106976,1114,96796,39,7139,1986,76790,987,69974,2031,146764,California
Stanislaus,2021-03-30,3685,214596,2070,109046,1588,98384,27,7166,2238,77623,1438,71412,2271,149035,California
Stanislaus,2021-03-31,5425,220021,3852,112898,1455,99839,118,7284,2772,77884,2633,74045,2894,151929,California
Stanislaus,2021-04-01,5744,225765,3837,116735,1816,101655,91,7375,2629,77520,3095,77140,2731,154660,California
Stanislaus,2021-04-02,5010,230775,1212,117947,3643,105298,155,7530,2235,77236,2685,79825,2401,157061,California
Stanislaus,2021-04-03,4547,235322,3303,121250,1207,106505,37,7567,2242,77233,2295,82120,2292,159353,California
Stanislaus,2021-04-04,1320,236642,472,121722,818,107323,30,7597,651,77255,663,82783,685,160038,California
Stanislaus,2021-04-05,3640,240282,2534,124256,856,108179,250,7847,2357,78593,1273,84056,2611,162649,California
Stanislaus,2021-04-06,5750,246032,4169,128425,1305,109484,276,8123,3074,79287,2662,86718,3356,166005,California
Stanislaus,2021-04-07,6350,252382,3601,132026,2327,111811,422,8545,2830,79041,3504,90222,3258,169263,California
Stanislaus,2021-04-08,5678,258060,3322,135348,1924,113735,432,8977,2770,79361,2885,93107,3205,172468,California
Stanislaus,2021-04-09,4821,262881,2107,137455,2342,116077,372,9349,2183,79315,2614,95721,2568,175036,California
Stanislaus,2021-04-10,6484,269365,3983,141438,862,116939,1639,10988,1998,78485,4460,100181,3630,178666,California
Stanislaus,2021-04-11,1524,270889,850,142288,541,117480,133,11121,668,78433,854,101035,802,179468,California
Stanislaus,2021-04-12,3595,274484,2045,144333,1103,118583,447,11568,1871,79055,1704,102739,2326,181794,California
Stanislaus,2021-04-13,5197,279681,3420,147753,1764,120347,13,11581,2920,79744,2237,104976,2926,184720,California
Stanislaus,2021-04-14,4653,284334,3253,151006,1398,121745,2,11583,2257,79643,2364,107340,2263,186983,California
Stanislaus,2021-04-15,5388,289722,3315,154321,2071,123816,2,11585,3239,80775,2110,109450,3242,190225,California
Stanislaus,2021-04-16,4311,294033,998,155319,3312,127128,1,11586,1822,80153,2447,111897,1825,192050,California
Stanislaus,2021-04-17,3161,297194,2125,157444,1036,128164,0,11586,1837,80680,1313,113210,1840,193890,California
Stanislaus,2021-04-18,536,297730,221,157665,314,128478,1,11587,410,80973,119,113329,412,194302,California
Stanislaus,2021-04-19,3458,301188,2450,160115,1007,129485,1,11588,1637,80829,1789,115118,1645,195947,California
Stanislaus,2021-04-20,3977,305165,2417,162532,1560,131045,0,11588,1734,80351,2214,117332,1736,197683,California
Stanislaus,2021-04-21,3826,308991,2558,165090,1267,132312,1,11589,1599,79769,2188,119520,1606,199289,California
Stanislaus,2021-04-22,3946,312937,2402,167492,1544,133856,0,11589,1570,79013,2331,121851,1575,200864,California
Stanislaus,2021-04-23,3592,316529,845,168337,2746,136602,1,11590,1462,78444,2039,123890,1470,202334,California
Stanislaus,2021-04-24,3786,320315,2928,171265,858,137460,0,11590,1790,78260,1979,125869,1795,204129,California
Stanislaus,2021-04-25,936,321251,479,171744,457,137917,0,11590,686,78706,244,126113,690,204819,California
Stanislaus,2021-04-26,3251,324502,2287,174031,958,138875,6,11596,963,77411,2268,128381,973,205792,California
Stanislaus,2021-04-27,3953,328455,2757,176788,1154,140029,42,11638,1120,75766,2808,131189,1163,206955,California
Stanislaus,2021-04-28,4242,332697,3011,179799,1169,141198,62,11700,1823,75259,2400,133589,1893,208848,California
Stanislaus,2021-04-29,3609,336306,2249,182048,1312,142510,48,11748,1424,74570,2170,135759,1481,210329,California
Stanislaus,2021-04-30,4493,340799,2045,184093,2364,144874,84,11832,1775,73731,2706,138465,1867,212196,California
Stanislaus,2021-05-01,2704,343503,1922,186015,742,145616,40,11872,1012,73107,1684,140149,1060,213256,California
Stanislaus,2021-05-02,1078,344581,618,186633,424,146040,36,11908,524,73125,548,140697,566,213822,California
Stanislaus,2021-05-03,2412,346993,1926,188559,416,146456,70,11978,910,72620,1489,142186,984,214806,California
Stanislaus,2021-05-04,3469,350462,2468,191027,911,147367,90,12068,1069,71397,2388,144574,1165,215971,California
Stanislaus,2021-05-05,3183,353645,2130,193157,978,148345,75,12143,1084,70480,2080,146654,1163,217134,California
Stanislaus,2021-05-06,3152,356797,2340,195497,688,149033,124,12267,1015,69507,2119,148773,1146,218280,California
Stanislaus,2021-05-07,2306,359103,887,196384,1256,150289,163,12430,939,69252,1359,150132,1104,219384,California
Stanislaus,2021-05-08,1962,361065,1342,197726,587,150876,33,12463,713,68771,1234,151366,753,220137,California
Stanislaus,2021-05-09,707,361772,338,198064,343,151219,26,12489,305,68702,400,151766,331,220468,California
Stanislaus,2021-05-10,1659,363431,1135,199199,444,151663,80,12569,447,68029,1201,152967,528,220996,California
Stanislaus,2021-05-11,2333,365764,1472,200671,705,152368,156,12725,659,67185,1663,154630,819,221815,California
Stanislaus,2021-05-12,2142,367906,1217,201888,825,153193,100,12825,826,66810,1303,155933,928,222743,California
Stanislaus,2021-05-13,1850,369756,1023,202911,712,153905,115,12940,842,66765,1003,156936,958,223701,California
Stanislaus,2021-05-14,2595,372351,1158,204069,1303,155208,134,13074,1196,66714,1382,158318,1331,225032,California
Stanislaus,2021-05-15,2478,374829,1773,205842,655,155863,50,13124,1203,66709,1266,159584,1261,226293,California
Stanislaus,2021-05-16,1016,375845,662,206504,346,156209,8,13132,553,66817,457,160041,565,226858,California
Stanislaus,2021-05-17,1928,377773,1293,207797,554,156763,81,13213,977,66933,945,160986,1061,227919,California
Stanislaus,2021-05-18,2199,379972,1502,209299,583,157346,114,13327,1180,67219,1007,161993,1293,229212,California
Stanislaus,2021-05-19,3017,382989,2065,211364,802,158148,150,13477,1349,67064,1659,163652,1504,230716,California
Stanislaus,2021-05-20,1848,384837,966,212330,782,158930,100,13577,765,66857,1076,164728,869,231585,California
Stanislaus,2021-05-21,2068,386905,967,213297,1009,159939,92,13669,851,66599,1202,165930,944,232529,California
Stanislaus,2021-05-22,1669,388574,1005,214302,597,160536,67,13736,741,66485,921,166851,807,233336,California
Stanislaus,2021-05-23,863,389437,560,214862,291,160827,12,13748,403,66443,457,167308,415,233751,California
Stanislaus,2021-05-24,1552,390989,1064,215926,412,161239,76,13824,599,66177,949,168257,683,234434,California
Stanislaus,2021-05-25,1684,392673,1154,217080,434,161673,96,13920,826,66244,855,169112,922,235356,California
Stanislaus,2021-05-26,1871,394544,1174,218254,645,162318,52,13972,890,66214,972,170084,942,236298,California
Stanislaus,2021-05-27,1696,396240,932,219186,694,163012,70,14042,638,65873,1049,171133,708,237006,California
Stanislaus,2021-05-28,1933,398173,870,220056,984,163996,79,14121,843,65712,1084,172217,923,237929,California
Stanislaus,2021-05-29,1288,399461,826,220882,420,164416,42,14163,591,65655,693,172910,636,238565,California
Stanislaus,2021-05-30,438,399899,266,221148,139,164555,33,14196,203,65658,232,173142,235,238800,California
Stanislaus,2021-05-31,257,400156,120,221268,129,164684,8,14204,94,65598,162,173304,102,238902,California
Stanislaus,2021-06-01,1328,401484,790,222058,498,165182,40,14244,533,65383,791,174095,576,239478,California
Stanislaus,2021-06-02,920,402404,589,222647,272,165454,59,14303,378,65283,537,174632,437,239915,California
Sutter,2020-12-15,1,1,1,1,0,0,0,0,1,1,0,0,1,1,California
Sutter,2020-12-16,4,5,4,5,0,0,0,0,4,5,0,0,4,5,California
Sutter,2020-12-17,2,7,2,7,0,0,0,0,2,7,0,0,2,7,California
Sutter,2020-12-18,20,27,20,27,0,0,0,0,20,27,0,0,20,27,California
Sutter,2020-12-19,44,71,44,71,0,0,0,0,44,71,0,0,44,71,California
Sutter,2020-12-20,42,113,42,113,0,0,0,0,42,113,0,0,42,113,California
Sutter,2020-12-21,100,213,100,213,0,0,0,0,100,213,0,0,100,213,California
Sutter,2020-12-22,172,385,172,385,0,0,0,0,172,385,0,0,172,385,California
Sutter,2020-12-23,116,501,111,496,5,5,0,0,116,501,0,0,116,501,California
Sutter,2020-12-24,17,518,11,507,6,11,0,0,17,518,0,0,17,518,California
Sutter,2020-12-26,38,556,34,541,4,15,0,0,38,556,0,0,38,556,California
Sutter,2020-12-27,24,580,23,564,1,16,0,0,24,580,0,0,24,580,California
Sutter,2020-12-28,83,663,55,619,28,44,0,0,83,663,0,0,83,663,California
Sutter,2020-12-29,101,764,14,633,87,131,0,0,101,764,0,0,101,764,California
Sutter,2020-12-30,137,901,34,667,103,234,0,0,137,901,0,0,137,901,California
Sutter,2020-12-31,70,971,6,673,64,298,0,0,70,971,0,0,70,971,California
Sutter,2021-01-01,3,974,3,676,0,298,0,0,3,974,0,0,3,974,California
Sutter,2021-01-02,131,1105,129,805,2,300,0,0,131,1105,0,0,131,1105,California
Sutter,2021-01-03,1,1106,0,805,1,301,0,0,1,1106,0,0,1,1106,California
Sutter,2021-01-04,247,1353,139,944,108,409,0,0,247,1353,0,0,247,1353,California
Sutter,2021-01-05,101,1454,57,1001,44,453,0,0,99,1450,2,2,99,1452,California
Sutter,2021-01-06,204,1658,50,1051,154,607,0,0,199,1644,5,7,199,1651,California
Sutter,2021-01-07,251,1909,151,1202,100,707,0,0,242,1878,8,15,242,1893,California
Sutter,2021-01-08,149,2058,40,1242,109,816,0,0,132,1993,17,32,132,2025,California
Sutter,2021-01-09,46,2104,43,1285,3,819,0,0,5,1957,41,73,5,2030,California
Sutter,2021-01-10,397,2501,37,1322,360,1179,0,0,359,2279,37,110,359,2389,California
Sutter,2021-01-11,132,2633,114,1436,18,1197,0,0,26,2199,106,216,26,2415,California
Sutter,2021-01-12,201,2834,164,1600,37,1234,0,0,58,2114,143,359,58,2473,California
Sutter,2021-01-13,162,2996,99,1699,63,1297,0,0,72,2097,89,448,72,2545,California
Sutter,2021-01-14,147,3143,51,1750,96,1393,0,0,128,2206,19,467,128,2673,California
Sutter,2021-01-15,438,3581,133,1883,305,1698,0,0,423,2614,15,482,423,3096,California
Sutter,2021-01-16,384,3965,41,1924,343,2041,0,0,353,2937,30,512,353,3449,California
Sutter,2021-01-17,26,3991,24,1948,2,2043,0,0,10,2931,16,528,10,3459,California
Sutter,2021-01-18,118,4109,63,2011,55,2098,0,0,70,2953,48,576,70,3529,California
Sutter,2021-01-19,103,4212,42,2053,61,2159,0,0,79,3008,24,600,79,3608,California
Sutter,2021-01-20,270,4482,206,2259,64,2223,0,0,250,3238,20,620,250,3858,California
Sutter,2021-01-21,486,4968,317,2576,169,2392,0,0,467,3686,19,639,467,4325,California
Sutter,2021-01-22,239,5207,52,2628,187,2579,0,0,230,3907,9,648,230,4555,California
Sutter,2021-01-23,396,5603,39,2667,357,2936,0,0,370,4251,26,674,370,4925,California
Sutter,2021-01-24,17,5620,14,2681,3,2939,0,0,15,4264,2,676,15,4940,California
Sutter,2021-01-25,306,5926,196,2877,110,3049,0,0,151,4261,154,830,151,5091,California
Sutter,2021-01-26,248,6174,108,2985,140,3189,0,0,144,4302,103,933,144,5235,California
Sutter,2021-01-27,386,6560,255,3240,131,3320,0,0,320,4556,66,999,320,5555,California
Sutter,2021-01-28,584,7144,361,3601,223,3543,0,0,409,4791,174,1173,409,5964,California
Sutter,2021-01-29,360,7504,86,3687,274,3817,0,0,240,4911,120,1293,240,6204,California
Sutter,2021-01-30,775,8279,38,3725,737,4554,0,0,764,5664,11,1304,764,6968,California
Sutter,2021-01-31,28,8307,27,3752,1,4555,0,0,28,5692,0,1304,28,6996,California
Sutter,2021-02-01,166,8473,50,3802,116,4671,0,0,135,5796,31,1335,135,7131,California
Sutter,2021-02-02,243,8716,26,3828,217,4888,0,0,211,5975,32,1367,211,7342,California
Sutter,2021-02-03,444,9160,39,3867,405,5293,0,0,210,5951,234,1601,210,7552,California
Sutter,2021-02-04,669,9829,365,4232,304,5597,0,0,619,6520,50,1651,619,8171,California
Sutter,2021-02-05,287,10116,32,4264,255,5852,0,0,136,6505,151,1802,136,8307,California
Sutter,2021-02-06,736,10852,29,4293,707,6559,0,0,714,7197,22,1824,714,9021,California
Sutter,2021-02-07,23,10875,20,4313,3,6562,0,0,19,7212,4,1828,19,9040,California
Sutter,2021-02-08,134,11009,29,4342,105,6667,0,0,98,7274,36,1864,98,9138,California
Sutter,2021-02-09,246,11255,45,4387,201,6868,0,0,184,7396,62,1926,184,9322,California
Sutter,2021-02-10,819,12074,380,4767,439,7307,0,0,177,6932,641,2567,177,9499,California
Sutter,2021-02-11,604,12678,275,5042,329,7636,0,0,346,7020,258,2825,346,9845,California
Sutter,2021-02-12,633,13311,67,5109,566,8202,0,0,310,7008,322,3147,310,10155,California
Sutter,2021-02-13,897,14208,48,5157,849,9051,0,0,781,7673,116,3263,781,10936,California
Sutter,2021-02-14,90,14298,25,5182,65,9116,0,0,79,7741,11,3274,79,11015,California
Sutter,2021-02-15,197,14495,72,5254,125,9241,0,0,118,7780,79,3353,118,11133,California
Sutter,2021-02-16,288,14783,45,5299,243,9484,0,0,204,7901,83,3436,204,11337,California
Sutter,2021-02-17,823,15606,428,5727,395,9879,0,0,129,7336,694,4130,129,11466,California
Sutter,2021-02-18,701,16307,55,5782,646,10525,0,0,489,7614,211,4341,489,11955,California
Sutter,2021-02-19,662,16969,377,6159,285,10810,0,0,460,7874,200,4541,460,12415,California
Sutter,2021-02-20,620,17589,55,6214,565,11375,0,0,517,8289,102,4643,517,12932,California
Sutter,2021-02-21,30,17619,27,6241,3,11378,0,0,7,8273,23,4666,7,12939,California
Sutter,2021-02-22,207,17826,122,6363,85,11463,0,0,87,8240,120,4786,87,13026,California
Sutter,2021-02-23,223,18049,33,6396,190,11653,0,0,97,8211,126,4912,97,13123,California
Sutter,2021-02-24,966,19015,349,6745,617,12270,0,0,194,7634,771,5683,194,13317,California
Sutter,2021-02-25,785,19800,498,7243,287,12557,0,0,604,8060,178,5861,604,13921,California
Sutter,2021-02-26,374,20174,61,7304,313,12870,0,0,155,7998,217,6078,155,14076,California
Sutter,2021-02-27,865,21039,45,7349,820,13690,0,0,710,8551,157,6235,710,14786,California
Sutter,2021-02-28,84,21123,38,7387,46,13736,0,0,64,8596,19,6254,64,14850,California
Sutter,2021-03-01,249,21372,62,7449,187,13923,0,0,152,8651,97,6351,152,15002,California
Sutter,2021-03-02,334,21706,57,7506,277,14200,0,0,160,8638,173,6524,160,15162,California
Sutter,2021-03-03,1386,23092,514,8020,872,15072,0,0,646,8550,734,7258,646,15808,California
Sutter,2021-03-04,1256,24348,867,8887,389,15461,0,0,948,9194,304,7562,948,16756,California
Sutter,2021-03-05,338,24686,79,8966,258,15719,1,1,206,9269,132,7694,207,16963,California
Sutter,2021-03-06,1023,25709,46,9012,972,16691,5,6,860,9971,163,7857,865,17828,California
Sutter,2021-03-07,66,25775,23,9035,42,16733,1,7,46,9998,20,7877,47,17875,California
Sutter,2021-03-08,226,26001,79,9114,135,16868,12,19,157,10098,69,7946,169,18044,California
Sutter,2021-03-09,386,26387,138,9252,235,17103,13,32,184,10093,202,8148,197,18241,California
Sutter,2021-03-10,1569,27956,681,9933,827,17930,61,93,525,9638,1041,9189,586,18827,California
Sutter,2021-03-11,894,28850,441,10374,434,18364,19,112,648,10062,243,9432,667,19494,California
Sutter,2021-03-12,674,29524,110,10484,382,18746,182,294,199,9969,472,9904,379,19873,California
Sutter,2021-03-13,985,30509,749,11233,218,18964,18,312,781,10565,202,10106,798,20671,California
Sutter,2021-03-14,130,30639,22,11255,97,19061,11,323,44,10534,86,10192,55,20726,California
Sutter,2021-03-15,320,30959,66,11321,205,19266,49,372,153,10571,165,10357,202,20928,California
Sutter,2021-03-16,392,31351,86,11407,259,19525,47,419,213,10651,179,10536,259,21187,California
Sutter,2021-03-17,1498,32849,563,11970,914,20439,21,440,313,9808,1176,11712,333,21520,California
Sutter,2021-03-18,973,33822,182,12152,589,21028,202,642,571,10180,400,12112,772,22292,California
Sutter,2021-03-19,463,34285,165,12317,269,21297,29,671,284,10316,177,12289,313,22605,California
Sutter,2021-03-20,949,35234,116,12433,822,22119,11,682,860,11098,89,12378,871,23476,California
Sutter,2021-03-21,67,35301,47,12480,17,22136,3,685,37,11108,30,12408,40,23516,California
Sutter,2021-03-22,289,35590,121,12601,142,22278,26,711,213,11272,75,12483,239,23755,California
Sutter,2021-03-23,377,35967,115,12716,230,22508,32,743,256,11438,121,12604,287,24042,California
Sutter,2021-03-24,1685,37652,772,13488,843,23351,70,813,314,10465,1357,13961,384,24426,California
Sutter,2021-03-25,1042,38694,680,14168,319,23670,43,856,370,10209,669,14630,413,24839,California
Sutter,2021-03-26,491,39185,174,14342,300,23970,17,873,296,10330,192,14822,313,25152,California
Sutter,2021-03-27,928,40113,63,14405,863,24833,2,875,821,11049,104,14926,823,25975,California
Sutter,2021-03-28,125,40238,71,14476,54,24887,0,875,77,11080,46,14972,77,26052,California
Sutter,2021-03-29,429,40667,145,14621,229,25116,55,930,226,11160,201,15173,281,26333,California
Sutter,2021-03-30,479,41146,160,14781,309,25425,10,940,317,11325,162,15335,327,26660,California
Sutter,2021-03-31,1256,42402,177,14958,1063,26488,16,956,452,11001,793,16128,469,27129,California
Sutter,2021-04-01,1384,43786,738,15696,459,26947,187,1143,428,10668,949,17077,616,27745,California
Sutter,2021-04-02,511,44297,99,15795,294,27241,118,1261,201,10675,308,17385,315,28060,California
Sutter,2021-04-03,910,45207,77,15872,210,27451,623,1884,121,10632,787,18172,744,28804,California
Sutter,2021-04-04,118,45325,22,15894,90,27541,6,1890,54,10628,64,18236,60,28864,California
Sutter,2021-04-05,369,45694,146,16040,187,27728,36,1926,177,10652,189,18425,213,29077,California
Sutter,2021-04-06,510,46204,198,16238,256,27984,56,1982,273,10746,236,18661,330,29407,California
Sutter,2021-04-07,1484,47688,884,17122,525,28509,75,2057,615,10580,862,19523,696,30103,California
Sutter,2021-04-08,1054,48742,584,17706,356,28865,114,2171,578,10802,472,19995,694,30797,California
Sutter,2021-04-09,569,49311,250,17956,254,29119,65,2236,240,10782,327,20322,307,31104,California
Sutter,2021-04-10,825,50136,108,18064,88,29207,629,2865,108,10797,714,21036,729,31833,California
Sutter,2021-04-11,112,50248,28,18092,40,29247,44,2909,33,10794,79,21115,76,31909,California
Sutter,2021-04-12,338,50586,91,18183,193,29440,54,2963,136,10782,202,21317,190,32099,California
Sutter,2021-04-13,429,51015,127,18310,302,29742,0,2963,211,10777,216,21533,211,32310,California
Sutter,2021-04-14,1297,52312,160,18470,1136,30878,1,2964,215,9921,1076,22609,220,32530,California
Sutter,2021-04-15,535,52847,174,18644,361,31239,0,2964,213,9814,320,22929,213,32743,California
Sutter,2021-04-16,394,53241,125,18769,269,31508,0,2964,181,9783,212,23141,181,32924,California
Sutter,2021-04-17,578,53819,84,18853,494,32002,0,2964,507,10220,70,23211,507,33431,California
Sutter,2021-04-18,70,53889,11,18864,59,32061,0,2964,43,10237,26,23237,43,33474,California
Sutter,2021-04-19,289,54178,111,18975,178,32239,0,2964,119,10188,168,23405,119,33593,California
Sutter,2021-04-20,413,54591,134,19109,279,32518,0,2964,200,10176,212,23617,200,33793,California
Sutter,2021-04-21,1233,55824,420,19529,813,33331,0,2964,477,9906,747,24364,477,34270,California
Sutter,2021-04-22,483,56307,165,19694,318,33649,0,2964,250,9925,231,24595,250,34520,California
Sutter,2021-04-23,399,56706,115,19809,284,33933,0,2964,186,9900,211,24806,186,34706,California
Sutter,2021-04-24,326,57032,105,19914,220,34153,1,2965,185,9945,140,24946,185,34891,California
Sutter,2021-04-25,157,57189,75,19989,82,34235,0,2965,86,9962,69,25015,86,34977,California
Sutter,2021-04-26,287,57476,87,20076,198,34433,2,2967,121,9921,164,25179,123,35100,California
Sutter,2021-04-27,528,58004,266,20342,258,34691,4,2971,243,9886,282,25461,247,35347,California
Sutter,2021-04-28,819,58823,342,20684,469,35160,8,2979,261,9602,553,26014,269,35616,California
Sutter,2021-04-29,774,59597,136,20820,637,35797,1,2980,310,9452,461,26475,311,35927,California
Sutter,2021-04-30,358,59955,109,20929,236,36033,13,2993,146,9401,209,26684,158,36085,California
Sutter,2021-05-01,295,60250,106,21035,148,36181,41,3034,125,9400,167,26851,166,36251,California
Sutter,2021-05-02,81,60331,53,21088,26,36207,2,3036,46,9413,35,26886,48,36299,California
Sutter,2021-05-03,215,60546,108,21196,98,36305,9,3045,86,9379,129,27015,95,36394,California
Sutter,2021-05-04,535,61081,236,21432,234,36539,65,3110,223,9357,309,27324,287,36681,California
Sutter,2021-05-05,537,61618,143,21575,386,36925,8,3118,158,9151,372,27696,166,36847,California
Sutter,2021-05-06,426,62044,231,21806,175,37100,20,3138,192,9129,234,27930,212,37059,California
Sutter,2021-05-07,407,62451,146,21952,239,37339,22,3160,153,9052,252,28182,175,37234,California
Sutter,2021-05-08,196,62647,49,22001,141,37480,6,3166,106,9074,90,28272,112,37346,California
Sutter,2021-05-09,81,62728,52,22053,24,37504,5,3171,56,9110,25,28297,61,37407,California
Sutter,2021-05-10,188,62916,42,22095,129,37633,17,3188,47,9035,139,28436,64,37471,California
Sutter,2021-05-11,433,63349,212,22307,203,37836,18,3206,180,8982,250,28686,197,37668,California
Sutter,2021-05-12,397,63746,211,22518,177,38013,9,3215,134,8866,259,28945,143,37811,California
Sutter,2021-05-13,442,64188,228,22746,192,38205,22,3237,170,8789,269,29214,192,38003,California
Sutter,2021-05-14,435,64623,184,22930,235,38440,16,3253,214,8803,216,29430,230,38233,California
Sutter,2021-05-15,841,65464,308,23238,502,38942,31,3284,306,8606,534,29964,337,38570,California
Sutter,2021-05-16,137,65601,82,23320,47,38989,8,3292,75,8628,61,30025,83,38653,California
Sutter,2021-05-17,289,65890,114,23434,161,39150,14,3306,154,8662,134,30159,168,38821,California
Sutter,2021-05-18,537,66427,311,23745,222,39372,4,3310,294,8720,240,30399,298,39119,California
Sutter,2021-05-19,464,66891,265,24010,192,39564,7,3317,246,8758,215,30614,253,39372,California
Sutter,2021-05-20,405,67296,220,24230,173,39737,12,3329,201,8769,202,30816,213,39585,California
Sutter,2021-05-21,455,67751,211,24441,232,39969,12,3341,221,8770,231,31047,232,39817,California
Sutter,2021-05-22,309,68060,175,24616,131,40100,3,3344,151,8769,154,31201,153,39970,California
Sutter,2021-05-23,156,68216,75,24691,74,40174,7,3351,79,8784,71,31272,86,40056,California
Sutter,2021-05-24,233,68449,89,24780,123,40297,21,3372,103,8782,126,31398,124,40180,California
Sutter,2021-05-25,402,68851,195,24975,192,40489,15,3387,171,8742,226,31624,186,40366,California
Sutter,2021-05-26,339,69190,173,25148,155,40644,11,3398,134,8687,200,31824,145,40511,California
Sutter,2021-05-27,441,69631,119,25267,303,40947,19,3417,131,8531,306,32130,150,40661,California
Sutter,2021-05-28,327,69958,161,25428,156,41103,10,3427,173,8566,148,32278,183,40844,California
Sutter,2021-05-29,248,70206,117,25545,116,41219,15,3442,136,8610,107,32385,151,40995,California
Sutter,2021-05-30,84,70290,63,25608,19,41238,2,3444,51,8630,33,32418,53,41048,California
Sutter,2021-05-31,17,70307,1,25609,13,41251,3,3447,4,8624,13,32431,7,41055,California
Sutter,2021-06-01,244,70551,72,25681,164,41415,8,3455,100,8590,142,32573,108,41163,California
Sutter,2021-06-02,125,70676,15,25696,106,41521,4,3459,48,8568,74,32647,52,41215,California
Tehama,2020-12-15,1,1,1,1,0,0,0,0,1,1,0,0,1,1,California
Tehama,2020-12-16,2,3,2,3,0,0,0,0,2,3,0,0,2,3,California
Tehama,2020-12-17,12,15,12,15,0,0,0,0,12,15,0,0,12,15,California
Tehama,2020-12-18,2,17,2,17,0,0,0,0,3,18,0,0,3,18,California
Tehama,2020-12-21,33,50,33,50,0,0,0,0,33,51,0,0,33,51,California
Tehama,2020-12-22,68,118,62,112,6,6,0,0,68,119,0,0,68,119,California
Tehama,2020-12-23,49,167,41,153,8,14,0,0,49,168,0,0,49,168,California
Tehama,2020-12-24,5,172,3,156,2,16,0,0,5,173,0,0,5,173,California
Tehama,2020-12-26,3,175,2,158,1,17,0,0,3,176,0,0,3,176,California
Tehama,2020-12-27,2,177,2,160,0,17,0,0,2,178,0,0,2,178,California
Tehama,2020-12-28,56,233,43,203,13,30,0,0,56,234,0,0,56,234,California
Tehama,2020-12-29,31,264,31,234,0,30,0,0,31,265,0,0,31,265,California
Tehama,2020-12-30,54,318,38,272,16,46,0,0,53,318,0,0,53,318,California
Tehama,2020-12-31,14,332,4,276,10,56,0,0,14,332,0,0,14,332,California
Tehama,2021-01-01,2,334,0,276,2,58,0,0,2,334,0,0,2,334,California
Tehama,2021-01-04,32,366,9,285,23,81,0,0,32,366,0,0,32,366,California
Tehama,2021-01-05,70,436,43,328,27,108,0,0,67,430,3,3,67,433,California
Tehama,2021-01-06,71,507,21,349,50,158,0,0,62,484,8,11,62,495,California
Tehama,2021-01-07,57,564,7,356,50,208,0,0,56,539,1,12,56,551,California
Tehama,2021-01-08,33,597,24,380,9,217,0,0,28,562,5,17,28,579,California
Tehama,2021-01-09,7,604,5,385,2,219,0,0,5,565,2,19,5,584,California
Tehama,2021-01-10,1,605,0,385,1,220,0,0,1,566,0,19,1,585,California
Tehama,2021-01-11,48,653,46,431,2,222,0,0,15,548,33,52,15,600,California
Tehama,2021-01-12,131,784,111,542,20,242,0,0,86,589,45,97,86,686,California
Tehama,2021-01-13,73,857,55,597,18,260,0,0,27,570,46,143,27,713,California
Tehama,2021-01-14,224,1081,50,647,174,434,0,0,222,790,2,145,222,935,California
Tehama,2021-01-15,249,1330,74,721,175,609,0,0,245,1031,4,149,245,1180,California
Tehama,2021-01-16,263,1593,19,740,244,853,0,0,260,1288,3,152,260,1440,California
Tehama,2021-01-17,6,1599,2,742,4,857,0,0,4,1290,2,154,4,1444,California
Tehama,2021-01-18,10,1609,6,748,4,861,0,0,5,1290,5,159,5,1449,California
Tehama,2021-01-19,291,1900,65,813,226,1087,0,0,236,1471,55,214,236,1685,California
Tehama,2021-01-20,301,2201,87,900,214,1301,0,0,251,1673,49,263,251,1936,California
Tehama,2021-01-21,215,2416,11,911,204,1505,0,0,205,1868,10,273,205,2141,California
Tehama,2021-01-22,223,2639,21,932,202,1707,0,0,220,2085,3,276,220,2361,California
Tehama,2021-01-23,258,2897,7,939,251,1958,0,0,257,2341,1,277,257,2618,California
Tehama,2021-01-24,1,2898,1,940,0,1958,0,0,1,2342,0,277,1,2619,California
Tehama,2021-01-25,32,2930,14,954,18,1976,0,0,14,2338,18,295,14,2633,California
Tehama,2021-01-26,324,3254,42,996,282,2258,0,0,287,2588,37,332,287,2920,California
Tehama,2021-01-27,299,3553,21,1017,278,2536,0,0,279,2847,20,352,279,3199,California
Tehama,2021-01-28,340,3893,29,1046,311,2847,0,0,325,3157,15,367,325,3524,California
Tehama,2021-01-29,321,4214,19,1065,302,3149,0,0,304,3444,17,384,304,3828,California
Tehama,2021-01-30,103,4317,2,1067,101,3250,0,0,102,3545,1,385,102,3930,California
Tehama,2021-01-31,1,4318,0,1067,1,3251,0,0,1,3546,0,385,1,3931,California
Tehama,2021-02-01,78,4396,22,1089,56,3307,0,0,36,3540,42,427,36,3967,California
Tehama,2021-02-02,352,4748,63,1152,289,3596,0,0,255,3698,97,524,255,4222,California
Tehama,2021-02-03,389,5137,12,1164,377,3973,0,0,345,3999,44,568,345,4567,California
Tehama,2021-02-04,487,5624,99,1263,388,4361,0,0,406,4325,81,649,407,4974,California
Tehama,2021-02-05,177,5801,73,1336,104,4465,0,0,115,4378,62,711,115,5089,California
Tehama,2021-02-06,28,5829,13,1349,15,4480,0,0,16,4382,12,723,16,5105,California
Tehama,2021-02-07,5,5834,4,1353,1,4481,0,0,2,4381,3,726,2,5107,California
Tehama,2021-02-08,36,5870,14,1367,22,4503,0,0,27,4399,9,735,27,5134,California
Tehama,2021-02-09,78,5948,34,1401,44,4547,0,0,44,4409,34,769,44,5178,California
Tehama,2021-02-10,233,6181,62,1463,171,4718,0,0,157,4490,76,845,157,5335,California
Tehama,2021-02-11,221,6402,16,1479,205,4923,0,0,82,4435,137,982,82,5417,California
Tehama,2021-02-12,367,6769,66,1545,301,5224,0,0,175,4418,192,1174,175,5592,California
Tehama,2021-02-13,385,7154,13,1558,372,5596,0,0,147,4327,238,1412,147,5739,California
Tehama,2021-02-14,35,7189,2,1560,33,5629,0,0,33,4358,2,1414,33,5772,California
Tehama,2021-02-15,53,7242,10,1570,43,5672,0,0,47,4399,6,1420,47,5819,California
Tehama,2021-02-16,242,7484,16,1586,226,5898,0,0,60,4277,182,1602,60,5879,California
Tehama,2021-02-17,280,7764,12,1598,268,6166,0,0,54,4105,226,1828,54,5933,California
Tehama,2021-02-18,370,8134,32,1630,338,6504,0,0,145,4025,225,2053,145,6078,California
Tehama,2021-02-19,214,8348,18,1648,196,6700,0,0,43,3897,171,2224,43,6121,California
Tehama,2021-02-20,272,8620,7,1655,265,6965,0,0,27,3679,245,2469,27,6148,California
Tehama,2021-02-21,1,8621,1,1656,0,6965,0,0,1,3680,0,2469,1,6149,California
Tehama,2021-02-22,39,8660,15,1671,24,6989,0,0,26,3693,13,2482,26,6175,California
Tehama,2021-02-23,46,8706,19,1690,27,7016,0,0,26,3699,20,2502,26,6201,California
Tehama,2021-02-24,300,9006,13,1703,287,7303,0,0,27,3453,273,2775,27,6228,California
Tehama,2021-02-25,376,9382,60,1763,316,7619,0,0,39,3155,337,3112,39,6267,California
Tehama,2021-02-26,455,9837,19,1782,436,8055,0,0,70,2840,385,3497,70,6337,California
Tehama,2021-02-27,295,10132,5,1787,290,8345,0,0,34,2613,261,3758,34,6371,California
Tehama,2021-02-28,23,10155,2,1789,21,8366,0,0,20,2630,3,3761,20,6391,California
Tehama,2021-03-01,67,10222,8,1797,59,8425,0,0,33,2629,34,3795,33,6424,California
Tehama,2021-03-02,141,10363,18,1815,123,8548,0,0,30,2548,111,3906,30,6454,California
Tehama,2021-03-03,151,10514,33,1848,118,8666,0,0,48,2493,103,4009,48,6502,California
Tehama,2021-03-04,633,11147,36,1884,597,9263,0,0,221,2309,405,4414,221,6723,California
Tehama,2021-03-05,401,11548,19,1903,382,9645,0,0,216,2341,184,4598,216,6939,California
Tehama,2021-03-06,297,11845,15,1918,282,9927,0,0,80,2206,216,4814,81,7020,California
Tehama,2021-03-07,5,11850,1,1919,4,9931,0,0,3,2208,1,4815,3,7023,California
Tehama,2021-03-08,58,11908,12,1931,31,9962,15,15,27,2220,30,4845,42,7065,California
Tehama,2021-03-09,369,12277,9,1940,341,10303,19,34,313,2496,56,4901,332,7397,California
Tehama,2021-03-10,354,12631,14,1954,319,10622,21,55,71,2306,282,5183,92,7489,California
Tehama,2021-03-11,489,13120,17,1971,425,11047,47,102,345,2554,144,5327,392,7881,California
Tehama,2021-03-12,306,13426,19,1990,222,11269,65,167,181,2675,125,5452,246,8127,California
Tehama,2021-03-13,45,13471,8,1998,31,11300,6,173,5,2646,40,5492,11,8138,California
Tehama,2021-03-14,51,13522,3,2001,37,11337,11,184,9,2624,42,5534,20,8158,California
Tehama,2021-03-15,154,13676,21,2022,113,11450,20,204,84,2658,70,5604,104,8262,California
Tehama,2021-03-16,418,14094,14,2036,366,11816,38,242,315,2909,102,5706,353,8615,California
Tehama,2021-03-17,423,14517,22,2058,369,12185,32,274,340,3200,81,5787,372,8987,California
Tehama,2021-03-18,499,15016,26,2084,449,12634,24,298,320,3367,177,5964,344,9331,California
Tehama,2021-03-19,321,15337,23,2107,285,12919,13,311,278,3615,43,6007,291,9622,California
Tehama,2021-03-20,42,15379,9,2116,31,12950,2,313,30,3635,12,6019,32,9654,California
Tehama,2021-03-21,12,15391,5,2121,7,12957,0,313,12,3647,0,6019,12,9666,California
Tehama,2021-03-22,91,15482,7,2128,67,13024,17,330,50,3673,41,6060,67,9733,California
Tehama,2021-03-23,88,15570,27,2155,54,13078,7,337,69,3730,19,6079,76,9809,California
Tehama,2021-03-24,86,15656,16,2171,68,13146,2,339,55,3756,31,6110,57,9866,California
Tehama,2021-03-25,521,16177,355,2526,153,13299,13,352,470,4189,50,6160,483,10349,California
Tehama,2021-03-26,515,16692,403,2929,100,13399,12,364,439,4565,75,6235,451,10800,California
Tehama,2021-03-27,457,17149,361,3290,71,13470,25,389,389,4912,67,6302,414,11214,California
Tehama,2021-03-28,34,17183,13,3303,21,13491,0,389,22,4922,12,6314,22,11236,California
Tehama,2021-03-29,124,17307,31,3334,92,13583,1,390,78,4954,46,6360,78,11314,California
Tehama,2021-03-30,372,17679,222,3556,148,13731,2,392,254,5092,118,6478,256,11570,California
Tehama,2021-03-31,398,18077,296,3852,99,13830,3,395,326,5349,71,6549,328,11898,California
Tehama,2021-04-01,526,18603,246,4098,274,14104,6,401,392,5614,133,6682,398,12296,California
Tehama,2021-04-02,459,19062,215,4313,238,14342,6,407,272,5704,187,6869,277,12573,California
Tehama,2021-04-03,60,19122,3,4316,52,14394,5,412,30,5709,30,6899,35,12608,California
Tehama,2021-04-04,34,19156,6,4322,27,14421,1,413,22,5720,12,6911,23,12631,California
Tehama,2021-04-05,117,19273,21,4343,69,14490,27,440,61,5752,56,6967,88,12719,California
Tehama,2021-04-06,495,19768,110,4453,333,14823,52,492,140,5589,355,7322,192,12911,California
Tehama,2021-04-07,418,20186,282,4735,92,14915,44,536,303,5821,114,7436,346,13257,California
Tehama,2021-04-08,604,20790,175,4910,390,15305,39,575,230,5717,373,7809,269,13526,California
Tehama,2021-04-09,433,21223,194,5104,206,15511,33,608,216,5750,216,8025,249,13775,California
Tehama,2021-04-10,73,21296,9,5113,37,15548,27,635,39,5782,34,8059,66,13841,California
Tehama,2021-04-11,33,21329,7,5120,15,15563,11,646,8,5776,25,8084,19,13860,California
Tehama,2021-04-12,112,21441,6,5126,87,15650,19,665,40,5763,72,8156,59,13919,California
Tehama,2021-04-13,388,21829,64,5190,324,15974,0,665,67,5509,321,8477,67,13986,California
Tehama,2021-04-14,407,22236,52,5242,355,16329,0,665,48,5200,357,8834,48,14034,California
Tehama,2021-04-15,513,22749,193,5435,320,16649,0,665,79,4845,434,9268,79,14113,California
Tehama,2021-04-16,598,23347,343,5778,255,16904,0,665,75,4397,523,9791,75,14188,California
Tehama,2021-04-17,348,23695,268,6046,80,16984,0,665,41,4133,306,10097,42,14230,California
Tehama,2021-04-18,17,23712,3,6049,14,16998,0,665,13,4142,4,10101,13,14243,California
Tehama,2021-04-19,93,23805,7,6056,86,17084,0,665,39,4127,54,10155,39,14282,California
Tehama,2021-04-20,514,24319,423,6479,91,17175,0,665,150,3918,361,10516,152,14434,California
Tehama,2021-04-21,518,24837,445,6924,73,17248,0,665,167,3736,349,10865,167,14601,California
Tehama,2021-04-22,515,25352,364,7288,151,17399,0,665,148,3520,364,11229,148,14749,California
Tehama,2021-04-23,445,25797,346,7634,99,17498,0,665,197,3471,247,11476,198,14947,California
Tehama,2021-04-24,103,25900,17,7651,86,17584,0,665,27,3422,76,11552,27,14974,California
Tehama,2021-04-25,28,25928,17,7668,11,17595,0,665,10,3414,18,11570,10,14984,California
Tehama,2021-04-26,74,26002,9,7677,65,17660,0,665,42,3424,32,11602,42,15026,California
Tehama,2021-04-27,251,26253,206,7883,45,17705,0,665,93,3358,159,11761,93,15119,California
Tehama,2021-04-28,395,26648,318,8201,60,17765,17,682,65,3110,330,12091,82,15201,California
Tehama,2021-04-29,353,27001,171,8372,176,17941,6,688,69,2902,283,12374,75,15276,California
Tehama,2021-04-30,325,27326,241,8613,78,18019,6,694,112,2807,213,12587,118,15394,California
Tehama,2021-05-01,72,27398,4,8617,65,18084,3,697,14,2766,58,12645,17,15411,California
Tehama,2021-05-02,47,27445,24,8641,11,18095,12,709,27,2785,20,12665,39,15450,California
Tehama,2021-05-03,117,27562,41,8682,68,18163,8,717,62,2800,55,12720,70,15520,California
Tehama,2021-05-04,158,27720,56,8738,95,18258,7,724,67,2783,91,12811,74,15594,California
Tehama,2021-05-05,86,27806,21,8759,55,18313,10,734,38,2783,48,12859,48,15642,California
Tehama,2021-05-06,164,27970,91,8850,58,18371,15,749,99,2832,65,12924,114,15756,California
Tehama,2021-05-07,171,28141,71,8921,89,18460,11,760,47,2768,122,13046,58,15814,California
Tehama,2021-05-08,49,28190,6,8927,42,18502,1,761,13,2746,36,13082,14,15828,California
Tehama,2021-05-09,15,28205,3,8930,12,18514,0,761,6,2743,9,13091,6,15834,California
Tehama,2021-05-10,77,28282,7,8937,64,18578,6,767,36,2745,40,13131,42,15876,California
Tehama,2021-05-11,164,28446,116,9053,37,18615,11,778,30,2652,134,13265,41,15917,California
Tehama,2021-05-12,203,28649,134,9187,59,18674,10,788,42,2544,160,13425,52,15969,California
Tehama,2021-05-13,234,28883,162,9349,64,18738,8,796,105,2529,128,13553,113,16082,California
Tehama,2021-05-14,242,29125,130,9479,91,18829,21,817,57,2423,184,13737,78,16160,California
Tehama,2021-05-15,224,29349,133,9612,56,18885,35,852,161,2557,62,13799,196,16356,California
Tehama,2021-05-16,26,29375,6,9618,17,18902,3,855,14,2562,12,13811,17,16373,California
Tehama,2021-05-17,111,29486,29,9647,67,18969,15,870,53,2574,56,13867,68,16441,California
Tehama,2021-05-18,148,29634,76,9723,57,19026,15,885,45,2533,101,13968,60,16501,California
Tehama,2021-05-19,123,29757,52,9775,61,19087,10,895,42,2504,81,14049,52,16553,California
Tehama,2021-05-20,302,30059,220,9995,59,19146,23,918,212,2649,90,14139,235,16788,California
Tehama,2021-05-21,195,30254,94,10089,91,19237,10,928,69,2604,124,14263,79,16867,California
Tehama,2021-05-22,57,30311,31,10120,22,19259,4,932,35,2621,22,14285,39,16906,California
Tehama,2021-05-23,40,30351,23,10143,8,19267,9,941,12,2614,28,14313,21,16927,California
Tehama,2021-05-24,96,30447,30,10173,59,19326,7,948,35,2595,61,14374,42,16969,California
Tehama,2021-05-25,76,30523,20,10193,48,19374,8,956,47,2621,29,14403,55,17024,California
Tehama,2021-05-26,74,30597,28,10221,42,19416,4,960,47,2646,26,14429,51,17075,California
Tehama,2021-05-27,149,30746,95,10316,48,19464,6,966,48,2600,100,14529,54,17129,California
Tehama,2021-05-28,134,30880,40,10356,86,19550,8,974,60,2595,73,14602,68,17197,California
Tehama,2021-05-29,56,30936,9,10365,41,19591,6,980,37,2619,19,14621,43,17240,California
Tehama,2021-05-30,15,30951,3,10368,11,19602,1,981,6,2617,9,14630,7,17247,California
Tehama,2021-05-31,13,30964,0,10368,12,19614,1,982,2,2609,11,14641,3,17250,California
Tehama,2021-06-01,81,31045,14,10382,53,19667,14,996,25,2592,56,14697,39,17289,California
Tehama,2021-06-02,49,31094,19,10401,27,19694,3,999,20,2586,29,14726,23,17312,California
Trinity,2020-12-17,4,4,4,4,0,0,0,0,4,4,0,0,4,4,California
Trinity,2020-12-18,2,6,2,6,0,0,0,0,2,6,0,0,2,6,California
Trinity,2020-12-21,39,45,39,45,0,0,0,0,39,45,0,0,39,45,California
Trinity,2020-12-22,5,50,5,50,0,0,0,0,5,50,0,0,5,50,California
Trinity,2020-12-23,5,55,5,55,0,0,0,0,5,55,0,0,5,55,California
Trinity,2020-12-28,31,86,31,86,0,0,0,0,31,86,0,0,31,86,California
Trinity,2020-12-29,8,94,7,93,1,1,0,0,8,94,0,0,8,94,California
Trinity,2020-12-30,10,104,8,101,2,3,0,0,10,104,0,0,10,104,California
Trinity,2020-12-31,2,106,1,102,1,4,0,0,2,106,0,0,2,106,California
Trinity,2021-01-04,28,134,0,102,28,32,0,0,26,132,0,0,26,132,California
Trinity,2021-01-05,3,137,1,103,2,34,0,0,3,135,0,0,3,135,California
Trinity,2021-01-06,24,161,4,107,20,54,0,0,20,151,4,4,20,155,California
Trinity,2021-01-08,49,210,2,109,47,101,0,0,48,197,2,6,48,203,California
Trinity,2021-01-11,42,252,39,148,3,104,0,0,4,163,38,44,4,207,California
Trinity,2021-01-12,9,261,6,154,3,107,0,0,4,162,5,49,4,211,California
Trinity,2021-01-13,7,268,4,158,3,110,0,0,4,163,3,52,4,215,California
Trinity,2021-01-14,4,272,1,159,3,113,0,0,4,167,0,52,4,219,California
Trinity,2021-01-15,4,276,0,159,4,117,0,0,4,171,0,52,4,223,California
Trinity,2021-01-16,4,280,0,159,4,121,0,0,4,175,0,52,4,227,California
Trinity,2021-01-18,31,311,31,190,0,121,0,0,0,144,31,83,0,227,California
Trinity,2021-01-19,34,345,14,204,20,141,0,0,20,150,14,97,20,247,California
Trinity,2021-01-20,19,364,3,207,16,157,0,0,17,165,2,99,17,264,California
Trinity,2021-01-21,17,381,7,214,10,167,0,0,17,182,0,99,17,281,California
Trinity,2021-01-22,5,386,1,215,4,171,0,0,5,187,0,99,5,286,California
Trinity,2021-01-23,7,393,3,218,4,175,0,0,7,194,0,99,7,293,California
Trinity,2021-01-25,14,407,1,219,13,188,0,0,13,206,1,100,13,306,California
Trinity,2021-01-26,10,417,1,220,9,197,0,0,9,214,1,101,9,315,California
Trinity,2021-01-27,12,429,0,220,12,209,0,0,12,226,0,101,12,327,California
Trinity,2021-01-28,13,442,3,223,10,219,0,0,10,233,3,104,10,337,California
Trinity,2021-01-29,2,444,0,223,2,221,0,0,1,233,1,105,1,338,California
Trinity,2021-01-30,12,456,11,234,1,222,0,0,12,245,0,105,12,350,California
Trinity,2021-02-01,2,458,1,235,1,223,0,0,1,245,1,106,1,351,California
Trinity,2021-02-02,15,473,3,238,12,235,0,0,14,258,1,107,14,365,California
Trinity,2021-02-03,6,479,1,239,5,240,0,0,3,258,3,110,3,368,California
Trinity,2021-02-04,42,521,32,271,10,250,0,0,35,286,7,117,35,403,California
Trinity,2021-02-05,350,871,0,271,350,600,0,0,320,576,30,147,320,723,California
Trinity,2021-02-06,210,1081,5,276,205,805,0,0,203,772,7,154,203,926,California
Trinity,2021-02-07,1,1082,0,276,1,806,0,0,1,773,0,154,1,927,California
Trinity,2021-02-08,26,1108,0,276,26,832,0,0,15,777,11,165,15,942,California
Trinity,2021-02-09,27,1135,2,278,25,857,0,0,11,772,16,181,11,953,California
Trinity,2021-02-10,122,1257,10,288,112,969,0,0,102,854,20,201,102,1055,California
Trinity,2021-02-11,338,1595,2,290,336,1305,0,0,331,1178,7,208,331,1386,California
Trinity,2021-02-12,18,1613,10,300,8,1313,0,0,14,1188,4,212,14,1400,California
Trinity,2021-02-13,12,1625,5,305,7,1320,0,0,5,1186,7,219,5,1405,California
Trinity,2021-02-14,2,1627,2,307,0,1320,0,0,2,1188,0,219,2,1407,California
Trinity,2021-02-15,47,1674,0,307,47,1367,0,0,47,1235,0,219,47,1454,California
Trinity,2021-02-16,4,1678,1,308,3,1370,0,0,2,1235,2,221,2,1456,California
Trinity,2021-02-17,94,1772,2,310,92,1462,0,0,84,1309,10,231,84,1540,California
Trinity,2021-02-18,4,1776,0,310,4,1466,0,0,1,1307,3,234,1,1541,California
Trinity,2021-02-19,305,2081,2,312,303,1769,0,0,291,1584,14,248,291,1832,California
Trinity,2021-02-20,141,2222,14,326,127,1896,0,0,113,1669,28,276,113,1945,California
Trinity,2021-02-21,1,2223,1,327,0,1896,0,0,1,1670,0,276,1,1946,California
Trinity,2021-02-22,8,2231,0,327,8,1904,0,0,5,1672,3,279,5,1951,California
Trinity,2021-02-23,11,2242,4,331,7,1911,0,0,6,1673,5,284,6,1957,California
Trinity,2021-02-24,30,2272,8,339,22,1933,0,0,7,1657,23,307,7,1964,California
Trinity,2021-02-25,36,2308,23,362,13,1946,0,0,5,1631,31,338,5,1969,California
Trinity,2021-02-26,11,2319,1,363,10,1956,0,0,5,1630,6,344,5,1974,California
Trinity,2021-02-27,9,2328,7,370,2,1958,0,0,4,1629,5,349,4,1978,California
Trinity,2021-03-01,9,2337,0,370,9,1967,0,0,5,1630,4,353,5,1983,California
Trinity,2021-03-02,9,2346,3,373,6,1973,0,0,2,1625,7,360,2,1985,California
Trinity,2021-03-03,5,2351,0,373,5,1978,0,0,4,1628,1,361,4,1989,California
Trinity,2021-03-04,24,2375,19,392,5,1983,0,0,10,1624,14,375,10,1999,California
Trinity,2021-03-05,388,2763,1,393,387,2370,0,0,121,1482,263,638,121,2120,California
Trinity,2021-03-06,202,2965,7,400,195,2565,0,0,27,1334,175,813,27,2147,California
Trinity,2021-03-07,4,2969,3,403,1,2566,0,0,3,1336,1,814,3,2150,California
Trinity,2021-03-08,3,2972,0,403,2,2568,1,1,1,1336,2,816,2,2152,California
Trinity,2021-03-09,94,3066,0,403,92,2660,2,3,89,1422,5,821,91,2243,California
Trinity,2021-03-10,126,3192,3,406,120,2780,3,6,38,1375,88,909,41,2284,California
Trinity,2021-03-11,16,3208,4,410,10,2790,2,8,5,1371,11,920,7,2291,California
Trinity,2021-03-12,397,3605,5,415,386,3176,6,14,96,1172,301,1221,102,2393,California
Trinity,2021-03-13,13,3618,8,423,3,3179,2,16,8,1177,5,1226,10,2403,California
Trinity,2021-03-14,3,3621,1,424,2,3181,0,16,2,1178,1,1227,2,2405,California
Trinity,2021-03-15,67,3688,0,424,66,3247,1,17,14,1140,53,1280,15,2420,California
Trinity,2021-03-16,115,3803,7,431,108,3355,0,17,102,1229,13,1293,102,2522,California
Trinity,2021-03-17,100,3903,3,434,97,3452,0,17,26,1181,74,1367,26,2548,California
Trinity,2021-03-18,10,3913,2,436,5,3457,3,20,5,1184,5,1372,8,2556,California
Trinity,2021-03-19,459,4372,4,440,345,3802,110,130,36,907,423,1795,146,2702,California
Trinity,2021-03-20,105,4477,7,447,98,3900,0,130,70,943,34,1829,70,2772,California
Trinity,2021-03-21,4,4481,0,447,3,3903,1,131,3,946,1,1830,4,2776,California
Trinity,2021-03-22,2,4483,0,447,2,3905,0,131,2,948,0,1830,2,2778,California
Trinity,2021-03-23,96,4579,2,449,94,3999,0,131,78,1008,18,1848,78,2856,California
Trinity,2021-03-24,12,4591,1,450,11,4010,0,131,9,1014,3,1851,9,2865,California
Trinity,2021-03-25,110,4701,8,458,96,4106,6,137,84,1078,26,1877,90,2955,California
Trinity,2021-03-26,85,4786,8,466,77,4183,0,137,78,1149,7,1884,78,3033,California
Trinity,2021-03-27,20,4806,4,470,7,4190,9,146,9,1156,11,1895,18,3051,California
Trinity,2021-03-28,5,4811,3,473,2,4192,0,146,1,1153,4,1899,1,3052,California
Trinity,2021-03-29,6,4817,0,473,5,4197,1,147,2,1152,4,1903,3,3055,California
Trinity,2021-03-30,77,4894,5,478,72,4269,0,147,67,1209,10,1913,67,3122,California
Trinity,2021-03-31,56,4950,5,483,19,4288,32,179,21,1226,35,1948,52,3174,California
Trinity,2021-04-01,41,4991,11,494,19,4307,11,190,21,1238,20,1968,32,3206,California
Trinity,2021-04-02,247,5238,5,499,168,4475,74,264,75,1216,171,2139,149,3355,California
Trinity,2021-04-03,17,5255,12,511,5,4480,0,264,7,1213,10,2149,7,3362,California
Trinity,2021-04-04,10,5265,8,519,2,4482,0,264,8,1219,2,2151,8,3370,California
Trinity,2021-04-05,59,5324,6,525,52,4534,1,265,55,1271,4,2155,56,3426,California
Trinity,2021-04-06,117,5441,15,540,99,4633,3,268,28,1214,89,2244,32,3458,California
Trinity,2021-04-07,24,5465,12,552,7,4640,5,273,16,1227,8,2252,21,3479,California
Trinity,2021-04-08,89,5554,10,562,77,4717,2,275,52,1244,37,2289,54,3533,California
Trinity,2021-04-09,168,5722,20,582,144,4861,4,279,90,1260,78,2367,94,3627,California
Trinity,2021-04-10,11,5733,7,589,4,4865,0,279,10,1269,1,2368,10,3637,California
Trinity,2021-04-11,9,5742,5,594,2,4867,2,281,4,1270,5,2373,6,3643,California
Trinity,2021-04-12,77,5819,5,599,71,4938,1,282,64,1322,12,2385,64,3707,California
Trinity,2021-04-13,97,5916,5,604,92,5030,0,282,9,1243,88,2473,9,3716,California
Trinity,2021-04-14,10,5926,5,609,5,5035,0,282,6,1245,4,2477,6,3722,California
Trinity,2021-04-15,44,5970,10,619,34,5069,0,282,14,1230,29,2506,14,3736,California
Trinity,2021-04-16,146,6116,13,632,133,5202,0,282,73,1231,72,2578,73,3809,California
Trinity,2021-04-17,11,6127,5,637,6,5208,0,282,9,1238,2,2580,9,3818,California
Trinity,2021-04-18,3,6130,1,638,2,5210,0,282,0,1235,3,2583,0,3818,California
Trinity,2021-04-19,69,6199,2,640,67,5277,0,282,68,1302,1,2584,68,3886,California
Trinity,2021-04-20,92,6291,8,648,84,5361,0,282,20,1250,72,2656,20,3906,California
Trinity,2021-04-21,22,6313,9,657,13,5374,0,282,9,1246,13,2669,9,3915,California
Trinity,2021-04-22,91,6404,5,662,86,5460,0,282,14,1183,77,2746,14,3929,California
Trinity,2021-04-23,182,6586,6,668,176,5636,0,282,113,1227,69,2815,113,4042,California
Trinity,2021-04-24,23,6609,13,681,10,5646,0,282,6,1216,17,2832,6,4048,California
Trinity,2021-04-25,10,6619,9,690,1,5647,0,282,3,1213,6,2838,3,4051,California
Trinity,2021-04-26,45,6664,6,696,39,5686,0,282,40,1248,5,2843,40,4091,California
Trinity,2021-04-27,85,6749,7,703,78,5764,0,282,22,1207,63,2906,22,4113,California
Trinity,2021-04-28,33,6782,11,714,22,5786,0,282,12,1198,21,2927,12,4125,California
Trinity,2021-04-29,34,6816,13,727,21,5807,0,282,12,1188,22,2949,12,4137,California
Trinity,2021-04-30,27,6843,21,748,6,5813,0,282,8,1178,18,2967,8,4145,California
Trinity,2021-05-01,14,6857,8,756,1,5814,5,287,4,1177,10,2977,9,4154,California
Trinity,2021-05-02,8,6865,5,761,1,5815,2,289,2,1175,6,2983,4,4158,California
Trinity,2021-05-03,58,6923,13,774,44,5859,1,290,9,1137,48,3031,10,4168,California
Trinity,2021-05-04,23,6946,11,785,11,5870,1,291,8,1131,15,3046,9,4177,California
Trinity,2021-05-05,10,6956,6,791,4,5874,0,291,3,1127,7,3053,3,4180,California
Trinity,2021-05-06,72,7028,10,801,60,5934,2,293,15,1087,57,3110,17,4197,California
Trinity,2021-05-07,175,7203,12,813,129,6063,34,327,14,974,161,3271,48,4245,California
Trinity,2021-05-08,6,7209,2,815,4,6067,0,327,2,972,4,3275,2,4247,California
Trinity,2021-05-09,11,7220,8,823,3,6070,0,327,7,975,4,3279,7,4254,California
Trinity,2021-05-10,15,7235,5,828,9,6079,1,328,8,977,7,3286,9,4263,California
Trinity,2021-05-11,7,7242,3,831,4,6083,0,328,5,980,2,3288,5,4268,California
Trinity,2021-05-12,17,7259,14,845,2,6085,1,329,13,990,4,3292,14,4282,California
Trinity,2021-05-13,10,7269,7,852,2,6087,1,330,7,995,3,3295,8,4290,California
Trinity,2021-05-14,129,7398,19,871,82,6169,28,358,37,968,92,3387,65,4355,California
Trinity,2021-05-15,14,7412,9,880,4,6173,1,359,7,970,6,3393,8,4363,California
Trinity,2021-05-16,7,7419,6,886,1,6174,0,359,5,973,2,3395,5,4368,California
Trinity,2021-05-17,108,7527,20,906,86,6260,2,361,42,951,66,3461,44,4412,California
Trinity,2021-05-18,37,7564,7,913,29,6289,1,362,11,937,26,3487,12,4424,California
Trinity,2021-05-19,143,7707,16,929,98,6387,29,391,28,880,114,3601,57,4481,California
Trinity,2021-05-20,12,7719,6,935,3,6390,3,394,6,883,6,3607,9,4490,California
Trinity,2021-05-21,7,7726,2,937,5,6395,0,394,4,884,3,3610,4,4494,California
Trinity,2021-05-22,3,7729,2,939,1,6396,0,394,2,885,1,3611,2,4496,California
Trinity,2021-05-23,5,7734,4,943,1,6397,0,394,3,886,2,3613,3,4499,California
Trinity,2021-05-24,110,7844,12,955,97,6494,1,395,9,796,100,3713,10,4509,California
Trinity,2021-05-25,41,7885,12,967,29,6523,0,395,17,789,24,3737,17,4526,California
Trinity,2021-05-26,10,7895,4,971,6,6529,0,395,3,785,7,3744,3,4529,California
Trinity,2021-05-27,31,7926,13,984,15,6544,3,398,11,779,20,3764,14,4543,California
Trinity,2021-05-28,12,7938,9,993,2,6546,1,399,5,778,7,3771,6,4549,California
Trinity,2021-05-29,10,7948,7,1000,2,6548,1,400,7,783,3,3774,8,4557,California
Trinity,2021-05-30,5,7953,4,1004,1,6549,0,400,0,778,5,3779,0,4557,California
Trinity,2021-05-31,4,7957,3,1007,1,6550,0,400,2,778,2,3781,2,4559,California
Trinity,2021-06-01,15,7972,9,1016,5,6555,1,401,5,774,10,3791,6,4565,California
Trinity,2021-06-02,4,7976,2,1018,0,6555,2,403,1,774,3,3794,3,4568,California
Tulare,2020-12-15,1,1,1,1,0,0,0,0,1,1,0,0,1,1,California
Tulare,2020-12-16,4,5,4,5,0,0,0,0,4,5,0,0,4,5,California
Tulare,2020-12-17,110,115,110,115,0,0,0,0,110,115,0,0,110,115,California
Tulare,2020-12-18,290,405,289,404,1,1,0,0,290,405,0,0,290,405,California
Tulare,2020-12-19,327,732,327,731,0,1,0,0,327,732,0,0,327,732,California
Tulare,2020-12-20,167,899,166,897,1,2,0,0,167,899,0,0,167,899,California
Tulare,2020-12-21,422,1321,422,1319,0,2,0,0,442,1341,0,0,442,1341,California
Tulare,2020-12-22,470,1791,468,1787,2,4,0,0,469,1810,0,0,469,1810,California
Tulare,2020-12-23,327,2118,319,2106,8,12,0,0,325,2135,0,0,325,2135,California
Tulare,2020-12-24,18,2136,16,2122,2,14,0,0,18,2153,0,0,18,2153,California
Tulare,2020-12-26,9,2145,8,2130,1,15,0,0,9,2162,0,0,9,2162,California
Tulare,2020-12-27,17,2162,12,2142,5,20,0,0,17,2179,0,0,17,2179,California
Tulare,2020-12-28,478,2640,466,2608,12,32,0,0,477,2656,0,0,477,2656,California
Tulare,2020-12-29,548,3188,478,3086,70,102,0,0,548,3204,0,0,548,3204,California
Tulare,2020-12-30,465,3653,425,3511,40,142,0,0,465,3669,0,0,465,3669,California
Tulare,2020-12-31,95,3748,22,3533,73,215,0,0,95,3764,0,0,95,3764,California
Tulare,2021-01-01,2,3750,1,3534,1,216,0,0,2,3766,0,0,2,3766,California
Tulare,2021-01-02,30,3780,17,3551,13,229,0,0,30,3796,0,0,30,3796,California
Tulare,2021-01-03,23,3803,9,3560,14,243,0,0,23,3819,0,0,23,3819,California
Tulare,2021-01-04,91,3894,15,3575,76,319,0,0,91,3910,0,0,91,3910,California
Tulare,2021-01-05,463,4357,278,3853,185,504,0,0,461,4369,2,2,461,4371,California
Tulare,2021-01-06,864,5221,634,4487,230,734,0,0,854,5213,10,12,854,5225,California
Tulare,2021-01-07,783,6004,584,5071,199,933,0,0,676,5782,107,119,676,5901,California
Tulare,2021-01-08,1277,7281,574,5645,703,1636,0,0,939,6384,337,456,939,6840,California
Tulare,2021-01-09,798,8079,203,5848,595,2231,0,0,611,6808,187,643,611,7451,California
Tulare,2021-01-10,50,8129,44,5892,6,2237,0,0,11,6780,39,682,11,7462,California
Tulare,2021-01-11,1273,9402,770,6662,503,2740,0,0,836,7179,437,1119,836,8298,California
Tulare,2021-01-12,1416,10818,501,7163,915,3655,0,0,1006,7777,409,1528,1007,9305,California
Tulare,2021-01-13,428,11246,199,7362,229,3884,0,0,353,8055,75,1603,353,9658,California
Tulare,2021-01-14,491,11737,141,7503,350,4234,0,0,465,8505,15,1618,465,10123,California
Tulare,2021-01-15,1638,13375,154,7657,1484,5718,0,0,1629,10125,9,1627,1629,11752,California
Tulare,2021-01-16,1899,15274,112,7769,1787,7505,0,0,1885,11996,14,1641,1885,13637,California
Tulare,2021-01-17,142,15416,122,7891,20,7525,0,0,132,12118,10,1651,132,13769,California
Tulare,2021-01-18,694,16110,661,8552,33,7558,0,0,297,12018,397,2048,297,14066,California
Tulare,2021-01-19,1011,17121,688,9240,323,7881,0,0,584,12175,427,2475,584,14650,California
Tulare,2021-01-20,2425,19546,612,9852,1813,9694,0,0,2013,13802,386,2861,2013,16663,California
Tulare,2021-01-21,1550,21096,182,10034,1368,11062,0,0,1524,15305,21,2882,1524,18187,California
Tulare,2021-01-22,1058,22154,189,10223,869,11931,0,0,1033,16314,24,2906,1033,19220,California
Tulare,2021-01-23,437,22591,155,10378,282,12213,0,0,417,16711,20,2926,417,19637,California
Tulare,2021-01-24,30,22621,27,10405,3,12216,0,0,28,16737,2,2928,28,19665,California
Tulare,2021-01-25,1342,23963,981,11386,361,12577,0,0,1299,17993,43,2971,1299,20964,California
Tulare,2021-01-26,1503,25466,1097,12483,406,12983,0,0,1170,18831,332,3303,1170,22134,California
Tulare,2021-01-27,1502,26968,1071,13554,431,13414,0,0,923,19176,578,3881,923,23057,California
Tulare,2021-01-28,1215,28183,777,14331,438,13852,0,0,817,19595,398,4279,817,23874,California
Tulare,2021-01-29,1129,29312,719,15050,410,14262,0,0,820,20106,309,4588,820,24694,California
Tulare,2021-01-30,1675,30987,1581,16631,94,14356,0,0,1651,21734,24,4612,1652,26346,California
Tulare,2021-01-31,67,31054,62,16693,5,14361,0,0,64,21795,3,4615,64,26410,California
Tulare,2021-02-01,1185,32239,915,17608,270,14631,0,0,829,22269,355,4970,829,27239,California
Tulare,2021-02-02,696,32935,347,17955,349,14980,0,0,455,22486,239,5209,456,27695,California
Tulare,2021-02-03,568,33503,241,18196,327,15307,0,0,327,22592,221,5430,327,28022,California
Tulare,2021-02-04,564,34067,169,18365,395,15702,0,0,275,22580,288,5718,276,28298,California
Tulare,2021-02-05,1240,35307,238,18603,1002,16704,0,0,409,22160,829,6547,409,28707,California
Tulare,2021-02-06,832,36139,156,18759,676,17380,0,0,211,21752,619,7166,211,28918,California
Tulare,2021-02-07,83,36222,71,18830,12,17392,0,0,23,21715,60,7226,23,28941,California
Tulare,2021-02-08,941,37163,325,19155,616,18008,0,0,240,21256,699,7925,240,29181,California
Tulare,2021-02-09,1415,38578,335,19490,1080,19088,0,0,369,20584,1041,8966,369,29550,California
Tulare,2021-02-10,2474,41052,1986,21476,488,19576,0,0,2073,22257,400,9366,2073,31623,California
Tulare,2021-02-11,1326,42378,377,21853,949,20525,0,0,907,22745,419,9785,907,32530,California
Tulare,2021-02-12,2784,45162,575,22428,2209,22734,0,0,1196,22360,1581,11366,1196,33726,California
Tulare,2021-02-13,2479,47641,157,22585,2322,25056,0,0,664,21213,1811,13177,664,34390,California
Tulare,2021-02-14,337,47978,40,22625,297,25353,0,0,300,21476,37,13214,300,34690,California
Tulare,2021-02-15,920,48898,294,22919,626,25979,0,0,663,21883,256,13470,663,35353,California
Tulare,2021-02-16,2833,51731,1594,24513,1239,27218,0,0,1079,21209,1753,15223,1079,36432,California
Tulare,2021-02-17,2702,54433,512,25025,2190,29408,0,0,464,19441,2232,17455,464,36896,California
Tulare,2021-02-18,2320,56753,456,25481,1864,31272,0,0,638,18405,1674,19129,638,37534,California
Tulare,2021-02-19,2311,59064,871,26352,1440,32712,0,0,953,18001,1357,20486,953,38487,California
Tulare,2021-02-20,2979,62043,1881,28233,1098,33810,0,0,1257,17541,1717,22203,1257,39744,California
Tulare,2021-02-21,94,62137,90,28323,4,33814,0,0,48,17544,45,22248,48,39792,California
Tulare,2021-02-22,1105,63242,699,29022,406,34220,0,0,210,16860,894,23142,210,40002,California
Tulare,2021-02-23,1959,65201,949,29971,1010,35230,0,0,1466,17834,492,23634,1466,41468,California
Tulare,2021-02-24,2486,67687,1549,31520,937,36167,0,0,2108,19566,377,24011,2109,43577,California
Tulare,2021-02-25,3510,71197,1979,33499,1531,37698,0,0,3094,22248,412,24423,3094,46671,California
Tulare,2021-02-26,3854,75051,1887,35386,1967,39665,0,0,3387,25171,465,24888,3388,50059,California
Tulare,2021-02-27,2999,78050,1491,36877,1508,41173,0,0,2866,27916,121,25009,2866,52925,California
Tulare,2021-02-28,1308,79358,1036,37913,272,41445,0,0,1288,29187,17,25026,1288,54213,California
Tulare,2021-03-01,1775,81133,798,38711,977,42422,0,0,1584,30582,189,25215,1584,55797,California
Tulare,2021-03-02,2776,83909,1270,39981,1505,43927,1,1,2600,33010,174,25389,2602,58399,California
Tulare,2021-03-03,3956,87865,2619,42600,1337,45264,0,1,2007,33073,1946,27335,2009,60408,California
Tulare,2021-03-04,2949,90814,1332,43932,1617,46881,0,1,2621,35370,324,27659,2621,63029,California
Tulare,2021-03-05,3440,94254,1760,45692,1665,48546,15,16,2923,37796,514,28173,2940,65969,California
Tulare,2021-03-06,3089,97343,1440,47132,1589,50135,60,76,2839,40446,247,28420,2897,68866,California
Tulare,2021-03-07,1137,98480,703,47835,413,50548,21,97,1096,41523,40,28460,1117,69983,California
Tulare,2021-03-08,1722,100202,1007,48842,546,51094,169,266,1394,42762,323,28783,1562,71545,California
Tulare,2021-03-09,3262,103464,2246,51088,869,51963,147,413,2853,45353,408,29191,2999,74544,California
Tulare,2021-03-10,2965,106429,1398,52486,1392,53355,175,588,2563,47696,393,29584,2736,77280,California
Tulare,2021-03-11,4186,110615,1979,54465,1906,55261,301,889,3246,50303,940,30524,3547,80827,California
Tulare,2021-03-12,4406,115021,2432,56897,1625,56886,349,1238,3131,52520,1267,31791,3484,84311,California
Tulare,2021-03-13,4149,119170,1944,58841,2100,58986,105,1343,3202,54890,941,32732,3311,87622,California
Tulare,2021-03-14,1860,121030,986,59827,655,59641,219,1562,1335,55917,524,33256,1551,89173,California
Tulare,2021-03-15,2747,123777,1628,61455,1004,60645,115,1677,1973,57234,772,34028,2089,91262,California
Tulare,2021-03-16,3436,127213,2124,63579,1234,61879,78,1755,1880,57642,1552,35580,1960,93222,California
Tulare,2021-03-17,4051,131264,2636,66215,1338,63217,77,1832,2306,58294,1738,37318,2390,95612,California
Tulare,2021-03-18,4633,135897,3380,69595,1181,64398,72,1904,2449,58640,2177,39495,2523,98135,California
Tulare,2021-03-19,5097,140994,3352,72947,1550,65948,195,2099,2730,59219,2348,41843,2927,101062,California
Tulare,2021-03-20,4481,145475,2788,75735,1321,67269,372,2471,2061,59243,2412,44255,2436,103498,California
Tulare,2021-03-21,1997,147472,1706,77441,265,67534,26,2497,1056,59387,937,45192,1081,104579,California
Tulare,2021-03-22,2564,150036,1775,79216,677,68211,112,2609,1693,60329,865,46057,1807,106386,California
Tulare,2021-03-23,3757,153793,2157,81373,1548,69759,52,2661,2062,60764,1685,47742,2120,108506,California
Tulare,2021-03-24,3204,156997,1989,83362,1173,70932,42,2703,1811,61232,1385,49127,1853,110359,California
Tulare,2021-03-25,3481,160478,1814,85176,1495,72427,172,2875,1692,61316,1782,50909,1866,112225,California
Tulare,2021-03-26,5254,165732,3136,88312,2009,74436,109,2984,2545,61280,2691,53600,2655,114880,California
Tulare,2021-03-27,3538,169270,1815,90127,1625,76061,98,3082,991,59829,2539,56139,1088,115968,California
Tulare,2021-03-28,1469,170739,1064,91191,374,76435,31,3113,678,59755,789,56928,715,116683,California
Tulare,2021-03-29,2895,173634,1675,92866,1108,77543,112,3225,1229,59437,1661,58589,1343,118026,California
Tulare,2021-03-30,4832,178466,2786,95652,1816,79359,230,3455,1531,57900,3292,61881,1755,119781,California
Tulare,2021-03-31,3956,182422,2340,97992,1503,80862,113,3568,1577,57223,2371,64252,1694,121475,California
Tulare,2021-04-01,4524,186946,2452,100444,2004,82866,68,3636,1560,55900,2954,67206,1631,123106,California
Tulare,2021-04-02,5337,192283,3054,103498,2165,85031,118,3754,1577,53855,3744,70950,1699,124805,California
Tulare,2021-04-03,3627,195910,2098,105596,1158,86189,371,4125,837,52310,2752,73702,1207,126012,California
Tulare,2021-04-04,1633,197543,1146,106742,480,86669,7,4132,359,51406,1270,74972,366,126378,California
Tulare,2021-04-05,3367,200910,2354,109096,743,87412,270,4402,861,50055,2494,77466,1143,127521,California
Tulare,2021-04-06,3430,204340,1469,110565,1467,88879,494,4896,921,48973,2502,79968,1420,128941,California
Tulare,2021-04-07,3892,208232,1833,112398,1624,90503,435,5331,1178,47890,2704,82672,1621,130562,California
Tulare,2021-04-08,4755,212987,2612,115010,1683,92186,460,5791,1515,46650,3228,85900,1988,132550,California
Tulare,2021-04-09,4840,217827,2994,118004,1412,93598,434,6225,1831,45945,3001,88901,2296,134846,California
Tulare,2021-04-10,3842,221669,2071,120075,1451,95049,320,6545,942,44319,2892,91793,1266,136112,California
Tulare,2021-04-11,1583,223252,1044,121119,466,95515,73,6618,486,43788,1094,92887,563,136675,California
Tulare,2021-04-12,3374,226626,2115,123234,665,96180,594,7212,1056,43134,2310,95197,1656,138331,California
Tulare,2021-04-13,2415,229041,1587,124821,818,96998,10,7222,901,42546,1503,96700,915,139246,California
Tulare,2021-04-14,2848,231889,1682,126503,1166,98164,0,7222,908,41517,1937,98637,908,140154,California
Tulare,2021-04-15,3273,235162,2133,128636,1140,99304,0,7222,1469,41193,1793,100430,1469,141623,California
Tulare,2021-04-16,3653,238815,2216,130852,1437,100741,0,7222,1478,40506,2165,102595,1478,143101,California
Tulare,2021-04-17,2213,241028,1300,132152,913,101654,0,7222,1175,40649,1033,103628,1176,144277,California
Tulare,2021-04-18,1521,242549,1190,133342,331,101985,0,7222,814,40757,706,104334,814,145091,California
Tulare,2021-04-19,2122,244671,1220,134562,900,102885,2,7224,897,40435,1221,105555,899,145990,California
Tulare,2021-04-20,2343,247014,1314,135876,1029,103914,0,7224,995,40097,1333,106888,995,146985,California
Tulare,2021-04-21,2208,249222,1327,137203,881,104795,0,7224,807,39544,1361,108249,808,147793,California
Tulare,2021-04-22,2108,251330,1171,138374,937,105732,0,7224,727,38910,1361,109610,727,148520,California
Tulare,2021-04-23,2579,253909,1582,139956,996,106728,1,7225,1019,38380,1549,111159,1019,149539,California
Tulare,2021-04-24,1637,255546,1051,141007,584,107312,2,7227,849,38448,783,111942,851,150390,California
Tulare,2021-04-25,693,256239,520,141527,173,107485,0,7227,264,38283,429,112371,264,150654,California
Tulare,2021-04-26,1463,257702,874,142401,570,108055,19,7246,610,38065,845,113216,627,151281,California
Tulare,2021-04-27,1597,259299,635,143036,926,108981,36,7282,672,37850,922,114138,707,151988,California
Tulare,2021-04-28,1703,261002,971,144007,690,109671,42,7324,668,37530,1030,115168,710,152698,California
Tulare,2021-04-29,1990,262992,1194,145201,759,110430,37,7361,768,37121,1212,116380,803,153501,California
Tulare,2021-04-30,2432,265424,1772,146973,610,111040,50,7411,896,36537,1529,117909,945,154446,California
Tulare,2021-05-01,1410,266834,1211,148184,187,111227,12,7423,720,36589,680,118589,732,155178,California
Tulare,2021-05-02,584,267418,496,148680,72,111299,16,7439,188,36400,393,118982,204,155382,California
Tulare,2021-05-03,1619,269037,1094,149774,400,111699,125,7564,349,35611,1263,120245,474,155856,California
Tulare,2021-05-04,1551,270588,826,150600,655,112354,70,7634,625,35385,918,121163,692,156548,California
Tulare,2021-05-05,1269,271857,612,151212,569,112923,88,7722,437,35089,821,121984,525,157073,California
Tulare,2021-05-06,1950,273807,1325,152537,576,113499,49,7771,588,34372,1354,123338,637,157710,California
Tulare,2021-05-07,1841,275648,1250,153787,523,114022,68,7839,526,33657,1308,124646,593,158303,California
Tulare,2021-05-08,1234,276882,804,154591,405,114427,25,7864,526,33508,700,125346,551,158854,California
Tulare,2021-05-09,590,277472,468,155059,101,114528,21,7885,117,33178,469,125815,139,158993,California
Tulare,2021-05-10,1015,278487,587,155646,363,114891,65,7950,307,32845,705,126520,372,159365,California
Tulare,2021-05-11,1211,279698,614,156260,520,115411,77,8027,501,32720,703,127223,578,159943,California
Tulare,2021-05-12,1502,281200,968,157228,482,115893,52,8079,398,32079,1090,128313,449,160392,California
Tulare,2021-05-13,1448,282648,902,158130,508,116401,38,8117,645,31963,799,129112,683,161075,California
Tulare,2021-05-14,1927,284575,1240,159370,625,117026,62,8179,859,31827,1057,130169,921,161996,California
Tulare,2021-05-15,1560,286135,875,160245,639,117665,46,8225,661,31641,892,131061,706,162702,California
Tulare,2021-05-16,694,286829,553,160798,129,117794,12,8237,324,31608,369,131430,336,163038,California
Tulare,2021-05-17,1538,288367,954,161752,511,118305,73,8310,745,31640,786,132216,818,163856,California
Tulare,2021-05-18,1578,289945,851,162603,674,118979,53,8363,805,31728,768,132984,856,164712,California
Tulare,2021-05-19,1467,291412,944,163547,489,119468,34,8397,767,31834,695,133679,801,165513,California
Tulare,2021-05-20,1348,292760,920,164467,344,119812,84,8481,658,31888,688,134367,742,166255,California
Tulare,2021-05-21,1657,294417,1253,165720,363,120175,41,8522,928,32136,721,135088,969,167224,California
Tulare,2021-05-22,1414,295831,1027,166747,362,120537,25,8547,535,31823,874,135962,561,167785,California
Tulare,2021-05-23,294,296125,249,166996,36,120573,9,8556,147,31833,146,136108,156,167941,California
Tulare,2021-05-24,918,297043,554,167550,304,120877,60,8616,425,31830,488,136596,485,168426,California
Tulare,2021-05-25,1191,298234,704,168254,450,121327,37,8653,530,31742,655,137251,567,168993,California
Tulare,2021-05-26,855,299089,475,168729,339,121666,41,8694,394,31718,458,137709,434,169427,California
Tulare,2021-05-27,1252,300341,788,169517,432,122098,32,8726,588,31682,658,138367,622,170049,California
Tulare,2021-05-28,1180,301521,663,170180,471,122569,46,8772,633,31818,542,138909,678,170727,California
Tulare,2021-05-29,847,302368,627,170807,200,122769,20,8792,478,31951,365,139274,498,171225,California
Tulare,2021-05-30,284,302652,209,171016,68,122837,7,8799,165,32007,117,139391,173,171398,California
Tulare,2021-05-31,137,302789,54,171070,71,122908,12,8811,58,31999,78,139469,70,171468,California
Tulare,2021-06-01,978,303767,564,171634,382,123290,32,8843,380,31820,591,140060,412,171880,California
Tulare,2021-06-02,340,304107,195,171829,128,123418,17,8860,138,31779,195,140255,154,172034,California
Tuolumne,2020-12-16,47,47,47,47,0,0,0,0,47,47,0,0,47,47,California
Tuolumne,2020-12-17,18,65,18,65,0,0,0,0,18,65,0,0,18,65,California
Tuolumne,2020-12-18,101,166,100,165,1,1,0,0,101,166,0,0,101,166,California
Tuolumne,2020-12-19,5,171,5,170,0,1,0,0,5,171,0,0,5,171,California
Tuolumne,2020-12-20,2,173,2,172,0,1,0,0,2,173,0,0,2,173,California
Tuolumne,2020-12-21,115,288,101,273,14,15,0,0,115,288,0,0,115,288,California
Tuolumne,2020-12-22,172,460,172,445,0,15,0,0,172,460,0,0,172,460,California
Tuolumne,2020-12-23,185,645,183,628,2,17,0,0,185,645,0,0,185,645,California
Tuolumne,2020-12-26,2,647,2,630,0,17,0,0,2,647,0,0,2,647,California
Tuolumne,2020-12-28,77,724,75,705,2,19,0,0,77,724,0,0,77,724,California
Tuolumne,2020-12-29,102,826,39,744,63,82,0,0,102,826,0,0,102,826,California
Tuolumne,2020-12-30,78,904,22,766,56,138,0,0,78,904,0,0,78,904,California
Tuolumne,2020-12-31,27,931,20,786,7,145,0,0,27,931,0,0,27,931,California
Tuolumne,2021-01-01,6,937,5,791,1,146,0,0,6,937,0,0,6,937,California
Tuolumne,2021-01-02,118,1055,115,906,3,149,0,0,118,1055,0,0,118,1055,California
Tuolumne,2021-01-03,2,1057,2,908,0,149,0,0,2,1057,0,0,2,1057,California
Tuolumne,2021-01-04,69,1126,26,934,43,192,0,0,69,1126,0,0,69,1126,California
Tuolumne,2021-01-05,93,1219,27,961,66,258,0,0,90,1214,3,3,91,1217,California
Tuolumne,2021-01-06,132,1351,72,1033,60,318,0,0,68,1218,64,67,68,1285,California
Tuolumne,2021-01-07,120,1471,64,1097,56,374,0,0,64,1226,56,123,64,1349,California
Tuolumne,2021-01-08,105,1576,81,1178,24,398,0,0,27,1177,77,200,28,1377,California
Tuolumne,2021-01-09,2,1578,0,1178,2,400,0,0,2,1179,0,200,2,1379,California
Tuolumne,2021-01-10,3,1581,1,1179,2,402,0,0,3,1182,0,200,3,1382,California
Tuolumne,2021-01-11,116,1697,90,1269,26,428,0,0,34,1134,82,282,34,1416,California
Tuolumne,2021-01-12,102,1799,86,1355,16,444,0,0,18,1068,84,366,18,1434,California
Tuolumne,2021-01-13,231,2030,125,1480,106,550,0,0,182,1202,49,415,183,1617,California
Tuolumne,2021-01-14,148,2178,108,1588,40,590,0,0,43,1141,104,519,43,1660,California
Tuolumne,2021-01-15,474,2652,72,1660,402,992,0,0,412,1493,61,580,413,2073,California
Tuolumne,2021-01-16,7,2659,3,1663,4,996,0,0,6,1498,1,581,6,2079,California
Tuolumne,2021-01-17,7,2666,4,1667,3,999,0,0,7,1505,0,581,7,2086,California
Tuolumne,2021-01-18,46,2712,38,1705,8,1007,0,0,9,1478,36,617,9,2095,California
Tuolumne,2021-01-19,478,3190,73,1778,405,1412,0,0,432,1864,46,663,432,2527,California
Tuolumne,2021-01-20,76,3266,58,1836,18,1430,0,0,24,1837,51,714,24,2551,California
Tuolumne,2021-01-21,56,3322,23,1859,33,1463,0,0,40,1861,16,730,40,2591,California
Tuolumne,2021-01-22,169,3491,16,1875,153,1616,0,0,162,2016,7,737,162,2753,California
Tuolumne,2021-01-23,653,4144,134,2009,519,2135,0,0,548,2471,105,842,560,3313,California
Tuolumne,2021-01-24,523,4667,2,2011,521,2656,0,0,521,2991,2,844,522,3835,California
Tuolumne,2021-01-25,50,4717,28,2039,22,2678,0,0,24,2990,26,870,25,3860,California
Tuolumne,2021-01-26,80,4797,68,2107,12,2690,0,0,40,2991,40,910,41,3901,California
Tuolumne,2021-01-27,61,4858,4,2111,57,2747,0,0,8,2947,52,962,8,3909,California
Tuolumne,2021-01-28,27,4885,7,2118,20,2767,0,0,18,2956,9,971,18,3927,California
Tuolumne,2021-01-29,72,4957,6,2124,66,2833,0,0,33,2950,39,1010,33,3960,California
Tuolumne,2021-01-30,711,5668,553,2677,158,2991,0,0,689,3633,22,1032,705,4665,California
Tuolumne,2021-01-31,8,5676,2,2679,6,2997,0,0,5,3635,3,1035,5,4670,California
Tuolumne,2021-02-01,26,5702,7,2686,19,3016,0,0,23,3655,3,1038,23,4693,California
Tuolumne,2021-02-02,647,6349,40,2726,607,3623,0,0,635,4280,10,1048,635,5328,California
Tuolumne,2021-02-03,241,6590,112,2838,129,3752,0,0,88,4215,153,1201,88,5416,California
Tuolumne,2021-02-04,123,6713,13,2851,110,3862,0,0,60,4212,63,1264,60,5476,California
Tuolumne,2021-02-05,99,6812,13,2864,86,3948,0,0,35,4184,63,1327,35,5511,California
Tuolumne,2021-02-06,857,7669,583,3447,274,4222,0,0,849,5030,8,1335,854,6365,California
Tuolumne,2021-02-07,8,7677,4,3451,4,4226,0,0,4,5030,4,1339,4,6369,California
Tuolumne,2021-02-08,91,7768,40,3491,51,4277,0,0,67,5073,24,1363,67,6436,California
Tuolumne,2021-02-09,863,8631,53,3544,810,5087,0,0,822,5854,41,1404,822,7258,California
Tuolumne,2021-02-10,92,8723,17,3561,75,5162,0,0,31,5825,60,1464,31,7289,California
Tuolumne,2021-02-11,144,8867,68,3629,76,5238,0,0,78,5837,66,1530,78,7367,California
Tuolumne,2021-02-12,646,9513,19,3648,627,5865,0,0,205,5602,440,1970,205,7572,California
Tuolumne,2021-02-13,150,9663,42,3690,108,5973,0,0,119,5691,30,2000,119,7691,California
Tuolumne,2021-02-14,150,9813,13,3703,137,6110,0,0,149,5839,1,2001,149,7840,California
Tuolumne,2021-02-15,186,9999,10,3713,176,6286,0,0,177,6007,9,2010,177,8017,California
Tuolumne,2021-02-16,531,10530,18,3731,513,6799,0,0,122,5726,405,2415,124,8141,California
Tuolumne,2021-02-17,111,10641,63,3794,48,6847,0,0,61,5738,49,2464,61,8202,California
Tuolumne,2021-02-18,679,11320,25,3819,654,7501,0,0,628,6316,51,2515,629,8831,California
Tuolumne,2021-02-19,143,11463,23,3842,120,7621,0,0,43,6259,100,2615,43,8874,California
Tuolumne,2021-02-20,905,12368,341,4183,564,8185,0,0,385,6139,506,3121,386,9260,California
Tuolumne,2021-02-21,977,13345,39,4222,938,9123,0,0,470,6106,506,3627,473,9733,California
Tuolumne,2021-02-22,81,13426,58,4280,23,9146,0,0,47,6120,33,3660,47,9780,California
Tuolumne,2021-02-23,48,13474,24,4304,24,9170,0,0,26,6125,21,3681,26,9806,California
Tuolumne,2021-02-24,105,13579,59,4363,46,9216,0,0,44,6109,60,3741,44,9850,California
Tuolumne,2021-02-25,1051,14630,35,4398,1016,10232,0,0,1020,7098,31,3772,1020,10870,California
Tuolumne,2021-02-26,150,14780,11,4409,139,10371,0,0,124,7197,26,3798,125,10995,California
Tuolumne,2021-02-27,954,15734,579,4988,375,10746,0,0,249,6761,688,4486,252,11247,California
Tuolumne,2021-02-28,56,15790,4,4992,52,10798,0,0,52,6810,3,4489,52,11299,California
Tuolumne,2021-03-01,114,15904,22,5014,91,10889,1,1,77,6853,36,4525,79,11378,California
Tuolumne,2021-03-02,705,16609,73,5087,632,11521,0,1,106,6360,599,5124,106,11484,California
Tuolumne,2021-03-03,89,16698,21,5108,68,11589,0,1,64,6399,25,5149,64,11548,California
Tuolumne,2021-03-04,1171,17869,76,5184,1095,12684,0,1,1105,7438,66,5215,1105,12653,California
Tuolumne,2021-03-05,86,17955,10,5194,76,12760,0,1,49,7452,36,5251,50,12703,California
Tuolumne,2021-03-06,1058,19013,606,5800,450,13210,2,3,204,6811,849,6100,208,12911,California
Tuolumne,2021-03-07,42,19055,13,5813,14,13224,15,18,19,6822,23,6123,34,12945,California
Tuolumne,2021-03-08,196,19251,90,5903,99,13323,7,25,139,6911,57,6180,146,13091,California
Tuolumne,2021-03-09,857,20108,16,5919,830,14153,11,36,68,6207,784,6964,80,13171,California
Tuolumne,2021-03-10,78,20186,12,5931,55,14208,11,47,53,6246,25,6989,64,13235,California
Tuolumne,2021-03-11,1281,21467,36,5967,1240,15448,5,52,1255,7482,26,7015,1262,14497,California
Tuolumne,2021-03-12,299,21766,36,6003,248,15696,15,67,190,7582,108,7123,208,14705,California
Tuolumne,2021-03-13,114,21880,13,6016,101,15797,0,67,85,7640,28,7151,86,14791,California
Tuolumne,2021-03-14,144,22024,8,6024,127,15924,9,76,7,7523,137,7288,20,14811,California
Tuolumne,2021-03-15,299,22323,80,6104,216,16140,3,79,104,7442,194,7482,113,14924,California
Tuolumne,2021-03-16,803,23126,40,6144,752,16892,11,90,666,7983,136,7618,677,15601,California
Tuolumne,2021-03-17,153,23279,33,6177,107,16999,13,103,79,8002,73,7691,92,15693,California
Tuolumne,2021-03-18,947,24226,27,6204,907,17906,13,116,317,7705,627,8318,330,16023,California
Tuolumne,2021-03-19,135,24361,18,6222,87,17993,30,146,74,7749,60,8378,104,16127,California
Tuolumne,2021-03-20,91,24452,7,6229,74,18067,10,156,37,7742,53,8431,46,16173,California
Tuolumne,2021-03-21,833,25285,389,6618,434,18501,10,166,41,7010,784,9215,52,16225,California
Tuolumne,2021-03-22,164,25449,73,6691,72,18573,19,185,97,7060,66,9281,116,16341,California
Tuolumne,2021-03-23,706,26155,636,7327,56,18629,14,199,668,7703,38,9319,681,17022,California
Tuolumne,2021-03-24,111,26266,20,7347,73,18702,18,217,77,7765,33,9352,95,17117,California
Tuolumne,2021-03-25,1297,27563,23,7370,1271,19973,3,220,326,7125,969,10321,329,17446,California
Tuolumne,2021-03-26,275,27838,16,7386,236,20209,23,243,117,7118,148,10469,141,17587,California
Tuolumne,2021-03-27,581,28419,54,7440,527,20736,0,243,317,7175,262,10731,319,17906,California
Tuolumne,2021-03-28,48,28467,7,7447,41,20777,0,243,8,7145,39,10770,9,17915,California
Tuolumne,2021-03-29,206,28673,83,7530,123,20900,0,243,109,7160,94,10864,109,18024,California
Tuolumne,2021-03-30,164,28837,11,7541,152,21052,1,244,122,7242,41,10905,123,18147,California
Tuolumne,2021-03-31,95,28932,14,7555,79,21131,2,246,38,7227,55,10960,40,18187,California
Tuolumne,2021-04-01,1249,30181,30,7585,1219,22350,0,246,228,6437,1018,11978,228,18415,California
Tuolumne,2021-04-02,165,30346,12,7597,127,22477,26,272,91,6482,72,12050,117,18532,California
Tuolumne,2021-04-03,427,30773,35,7632,390,22867,2,274,238,6534,188,12238,240,18772,California
Tuolumne,2021-04-04,33,30806,3,7635,30,22897,0,274,21,6544,11,12249,21,18793,California
Tuolumne,2021-04-05,132,30938,19,7654,106,23003,7,281,59,6538,72,12321,66,18859,California
Tuolumne,2021-04-06,649,31587,517,8171,105,23108,27,308,514,6946,134,12455,542,19401,California
Tuolumne,2021-04-07,128,31715,37,8208,75,23183,16,324,50,6934,78,12533,66,19467,California
Tuolumne,2021-04-08,1447,33162,33,8241,1399,24582,15,339,248,6002,1195,13728,263,19730,California
Tuolumne,2021-04-09,274,33436,41,8282,189,24771,44,383,131,6038,143,13871,179,19909,California
Tuolumne,2021-04-10,56,33492,2,8284,34,24805,20,403,23,6049,32,13903,43,19952,California
Tuolumne,2021-04-11,18,33510,3,8287,12,24817,3,406,12,6058,6,13909,15,19967,California
Tuolumne,2021-04-12,164,33674,66,8353,93,24910,5,411,90,6084,69,13978,95,20062,California
Tuolumne,2021-04-13,784,34458,35,8388,749,25659,0,411,169,5646,607,14585,169,20231,California
Tuolumne,2021-04-14,155,34613,29,8417,126,25785,0,411,78,5651,74,14659,79,20310,California
Tuolumne,2021-04-15,342,34955,20,8437,322,26107,0,411,60,5435,276,14935,60,20370,California
Tuolumne,2021-04-16,251,35206,50,8487,201,26308,0,411,141,5474,103,15038,142,20512,California
Tuolumne,2021-04-17,43,35249,6,8493,37,26345,0,411,27,5485,16,15054,27,20539,California
Tuolumne,2021-04-18,9,35258,3,8496,6,26351,0,411,4,5485,5,15059,5,20544,California
Tuolumne,2021-04-19,170,35428,79,8575,91,26442,0,411,92,5501,76,15135,92,20636,California
Tuolumne,2021-04-20,711,36139,615,9190,96,26538,0,411,76,4950,627,15762,76,20712,California
Tuolumne,2021-04-21,119,36258,26,9216,93,26631,0,411,63,4962,51,15813,63,20775,California
Tuolumne,2021-04-22,710,36968,46,9262,664,27295,0,411,431,5123,270,16083,431,21206,California
Tuolumne,2021-04-23,177,37145,31,9293,146,27441,0,411,86,5120,89,16172,86,21292,California
Tuolumne,2021-04-24,80,37225,18,9311,62,27503,0,411,52,5144,28,16200,52,21344,California
Tuolumne,2021-04-25,27,37252,10,9321,17,27520,0,411,24,5165,3,16203,24,21368,California
Tuolumne,2021-04-26,156,37408,56,9377,100,27620,0,411,73,5157,82,16285,74,21442,California
Tuolumne,2021-04-27,137,37545,23,9400,107,27727,7,418,63,5155,72,16357,70,21512,California
Tuolumne,2021-04-28,118,37663,26,9426,81,27808,11,429,65,5179,52,16409,76,21588,California
Tuolumne,2021-04-29,277,37940,16,9442,253,28061,8,437,53,5018,222,16631,61,21649,California
Tuolumne,2021-04-30,354,38294,22,9464,320,28381,12,449,68,4816,282,16913,80,21729,California
Tuolumne,2021-05-01,25,38319,7,9471,13,28394,5,454,16,4828,9,16922,21,21750,California
Tuolumne,2021-05-02,26,38345,3,9474,21,28415,2,456,19,4842,7,16929,21,21771,California
Tuolumne,2021-05-03,102,38447,14,9488,83,28498,5,461,30,4807,70,16999,35,21806,California
Tuolumne,2021-05-04,695,39142,601,10089,89,28587,5,466,207,4531,487,17486,211,22017,California
Tuolumne,2021-05-05,107,39249,25,10114,76,28663,6,472,56,4544,49,17535,62,22079,California
Tuolumne,2021-05-06,285,39534,13,10127,258,28921,14,486,40,4357,240,17775,53,22132,California
Tuolumne,2021-05-07,323,39857,25,10152,290,29211,8,494,65,4173,257,18032,73,22205,California
Tuolumne,2021-05-08,47,39904,7,10159,36,29247,4,498,29,4188,18,18050,33,22238,California
Tuolumne,2021-05-09,15,39919,2,10161,11,29258,2,500,2,4179,13,18063,4,22242,California
Tuolumne,2021-05-10,111,40030,44,10205,62,29320,5,505,31,4136,79,18142,36,22278,California
Tuolumne,2021-05-11,196,40226,62,10267,122,29442,12,517,55,4063,140,18282,67,22345,California
Tuolumne,2021-05-12,128,40354,20,10287,105,29547,3,520,50,4038,78,18360,53,22398,California
Tuolumne,2021-05-13,109,40463,18,10305,83,29630,8,528,68,4074,41,18401,77,22475,California
Tuolumne,2021-05-14,207,40670,75,10380,120,29750,12,540,106,4093,99,18500,118,22593,California
Tuolumne,2021-05-15,57,40727,15,10395,35,29785,7,547,19,4082,38,18538,27,22620,California
Tuolumne,2021-05-16,26,40753,8,10403,16,29801,2,549,12,4082,14,18552,14,22634,California
Tuolumne,2021-05-17,110,40863,29,10432,78,29879,3,552,47,4070,63,18615,51,22685,California
Tuolumne,2021-05-18,176,41039,54,10486,75,29954,47,599,58,4057,118,18733,105,22790,California
Tuolumne,2021-05-19,120,41159,22,10508,65,30019,33,632,47,4065,72,18805,80,22870,California
Tuolumne,2021-05-20,396,41555,20,10528,371,30390,5,637,52,3779,343,19148,57,22927,California
Tuolumne,2021-05-21,192,41747,89,10617,98,30488,5,642,116,3825,75,19223,121,23048,California
Tuolumne,2021-05-22,52,41799,15,10632,32,30520,5,647,21,3820,30,19253,25,23073,California
Tuolumne,2021-05-23,17,41816,4,10636,13,30533,0,647,8,3819,9,19262,8,23081,California
Tuolumne,2021-05-24,126,41942,41,10677,79,30612,6,653,53,3806,72,19334,59,23140,California
Tuolumne,2021-05-25,282,42224,216,10893,60,30672,6,659,107,3745,174,19508,113,23253,California
Tuolumne,2021-05-26,83,42307,20,10913,61,30733,2,661,35,3734,48,19556,37,23290,California
Tuolumne,2021-05-27,72,42379,14,10927,56,30789,2,663,29,3723,42,19598,31,23321,California
Tuolumne,2021-05-28,104,42483,50,10977,53,30842,1,664,64,3750,38,19636,65,23386,California
Tuolumne,2021-05-29,36,42519,6,10983,24,30866,6,670,15,3750,21,19657,21,23407,California
Tuolumne,2021-05-30,18,42537,1,10984,14,30880,3,673,4,3743,14,19671,7,23414,California
Tuolumne,2021-05-31,10,42547,2,10986,7,30887,1,674,2,3738,8,19679,3,23417,California
Tuolumne,2021-06-01,68,42615,19,11005,46,30933,3,677,22,3717,46,19725,25,23442,California
Tuolumne,2021-06-02,29,42644,2,11007,23,30956,4,681,8,3708,20,19745,11,23453,California
Ventura,2020-12-15,5,5,5,5,0,0,0,0,5,5,0,0,5,5,California
Ventura,2020-12-16,73,78,73,78,0,0,0,0,73,78,0,0,73,78,California
Ventura,2020-12-17,249,327,249,327,0,0,0,0,249,327,0,0,249,327,California
Ventura,2020-12-18,1415,1742,1415,1742,0,0,0,0,1415,1742,0,0,1415,1742,California
Ventura,2020-12-19,914,2656,914,2656,0,0,0,0,914,2656,0,0,914,2656,California
Ventura,2020-12-20,432,3088,432,3088,0,0,0,0,432,3088,0,0,432,3088,California
Ventura,2020-12-21,1470,4558,1470,4558,0,0,0,0,1470,4558,0,0,1470,4558,California
Ventura,2020-12-22,1108,5666,1103,5661,5,5,0,0,1108,5666,0,0,1108,5666,California
Ventura,2020-12-23,1036,6702,987,6648,49,54,0,0,1036,6702,0,0,1036,6702,California
Ventura,2020-12-24,478,7180,380,7028,98,152,0,0,478,7180,0,0,478,7180,California
Ventura,2020-12-25,12,7192,7,7035,5,157,0,0,12,7192,0,0,12,7192,California
Ventura,2020-12-26,113,7305,92,7127,21,178,0,0,113,7305,0,0,113,7305,California
Ventura,2020-12-27,58,7363,27,7154,31,209,0,0,58,7363,0,0,58,7363,California
Ventura,2020-12-28,1069,8432,928,8082,141,350,0,0,1069,8432,0,0,1069,8432,California
Ventura,2020-12-29,1169,9601,762,8844,407,757,0,0,1169,9601,0,0,1169,9601,California
Ventura,2020-12-30,1988,11589,1522,10366,466,1223,0,0,1988,11589,0,0,1988,11589,California
Ventura,2020-12-31,479,12068,160,10526,319,1542,0,0,479,12068,0,0,479,12068,California
Ventura,2021-01-01,33,12101,12,10538,21,1563,0,0,33,12101,0,0,33,12101,California
Ventura,2021-01-02,174,12275,83,10621,91,1654,0,0,174,12275,0,0,174,12275,California
Ventura,2021-01-03,16,12291,8,10629,8,1662,0,0,16,12291,0,0,16,12291,California
Ventura,2021-01-04,1085,13376,552,11181,533,2195,0,0,1084,13375,0,0,1084,13375,California
Ventura,2021-01-05,1375,14751,786,11967,589,2784,0,0,1332,14664,43,43,1332,14707,California
Ventura,2021-01-06,2063,16814,1181,13148,882,3666,0,0,1630,15872,424,467,1632,16339,California
Ventura,2021-01-07,2073,18887,1327,14475,746,4412,0,0,1182,16166,888,1355,1182,17521,California
Ventura,2021-01-08,2195,21082,1472,15947,723,5135,0,0,903,15780,1290,2645,904,18425,California
Ventura,2021-01-09,721,21803,500,16447,221,5356,0,0,318,15695,403,3048,318,18743,California
Ventura,2021-01-10,342,22145,330,16777,12,5368,0,0,128,15609,214,3262,128,18871,California
Ventura,2021-01-11,2449,24594,1490,18267,959,6327,0,0,1496,16155,953,4215,1499,20370,California
Ventura,2021-01-12,3049,27643,1613,19880,1436,7763,0,0,2023,17152,1026,5241,2023,22393,California
Ventura,2021-01-13,2938,30581,1431,21311,1507,9270,0,0,2054,18326,881,6122,2055,24448,California
Ventura,2021-01-14,2735,33316,1060,22371,1675,10945,0,0,2288,20169,446,6568,2289,26737,California
Ventura,2021-01-15,2885,36201,965,23336,1920,12865,0,0,2674,22633,211,6779,2675,29412,California
Ventura,2021-01-16,485,36686,187,23523,298,13163,0,0,405,22958,80,6859,405,29817,California
Ventura,2021-01-17,259,36945,137,23660,122,13285,0,0,253,23205,6,6865,253,30070,California
Ventura,2021-01-18,2207,39152,1658,25318,549,13834,0,0,1662,24324,544,7409,1663,31733,California
Ventura,2021-01-19,3055,42207,2129,27447,926,14760,0,0,2158,25588,897,8306,2161,33894,California
Ventura,2021-01-20,4101,46308,3149,30596,952,15712,0,0,3050,27591,1048,9354,3051,36945,California
Ventura,2021-01-21,3853,50161,2679,33275,1174,16886,0,0,3177,30097,673,10027,3179,40124,California
Ventura,2021-01-22,3622,53783,2498,35773,1124,18010,0,0,3458,33391,164,10191,3458,43582,California
Ventura,2021-01-23,1183,54966,647,36420,536,18546,0,0,1083,34377,99,10290,1085,44667,California
Ventura,2021-01-24,456,55422,137,36557,319,18865,0,0,443,34807,13,10303,443,45110,California
Ventura,2021-01-25,3164,58586,2032,38589,1132,19997,0,0,2607,36859,556,10859,2608,47718,California
Ventura,2021-01-26,3724,62310,2213,40802,1511,21508,0,0,2722,38581,1001,11860,2723,50441,California
Ventura,2021-01-27,3482,65792,1560,42362,1922,23430,0,0,2738,40580,740,12600,2739,53180,California
Ventura,2021-01-28,3888,69680,1999,44361,1889,25319,0,0,3271,43250,602,13202,3272,56452,California
Ventura,2021-01-29,4271,73951,2524,46885,1747,27066,0,0,3770,46531,489,13691,3770,60222,California
Ventura,2021-01-30,3041,76992,1966,48851,1075,28141,0,0,2868,49231,169,13860,2869,63091,California
Ventura,2021-01-31,836,77828,447,49298,389,28530,0,0,750,49896,85,13945,750,63841,California
Ventura,2021-02-01,3962,81790,2117,51415,1845,30375,0,0,3185,52312,771,14716,3187,67028,California
Ventura,2021-02-02,4414,86204,2373,53788,2041,32416,0,0,3390,54684,1020,15736,3392,70420,California
Ventura,2021-02-03,4458,90662,2090,55878,2368,34784,0,0,3443,57118,1010,16746,3444,73864,California
Ventura,2021-02-04,4793,95455,2300,58178,2493,37277,0,0,3524,59384,1261,18007,3527,77391,California
Ventura,2021-02-05,4845,100300,2323,60501,2522,39799,0,0,3352,61258,1480,19487,3354,80745,California
Ventura,2021-02-06,2839,103139,1514,62015,1325,41124,0,0,2437,63294,401,19888,2437,83182,California
Ventura,2021-02-07,722,103861,241,62256,481,41605,0,0,597,63767,125,20013,598,83780,California
Ventura,2021-02-08,3512,107373,1632,63888,1880,43485,0,0,2436,65132,1071,21084,2436,86216,California
Ventura,2021-02-09,4730,112103,1976,65864,2754,46239,0,0,2468,65343,2260,23344,2471,88687,California
Ventura,2021-02-10,4718,116821,2233,68097,2485,48724,0,0,2392,65420,2316,25660,2393,91080,California
Ventura,2021-02-11,4673,121494,1866,69963,2807,51531,0,0,2451,65660,2214,27874,2454,93534,California
Ventura,2021-02-12,6313,127807,2665,72628,3648,55179,0,0,3225,65803,3082,30956,3225,96759,California
Ventura,2021-02-13,3311,131118,1830,74458,1481,56660,0,0,1847,66192,1460,32416,1849,98608,California
Ventura,2021-02-14,1226,132344,123,74581,1103,57763,0,0,1009,66985,217,32633,1010,99618,California
Ventura,2021-02-15,3990,136334,1801,76382,2189,59952,0,0,2118,67234,1869,34502,2118,101736,California
Ventura,2021-02-16,5559,141893,2711,79093,2848,62800,0,0,3016,67717,2533,37035,3016,104752,California
Ventura,2021-02-17,5307,147200,1923,81016,3384,66184,0,0,3334,69087,1964,38999,3334,108086,California
Ventura,2021-02-18,5787,152987,1834,82850,3953,70137,0,0,3639,70589,2137,41136,3639,111725,California
Ventura,2021-02-19,6474,159461,3771,86621,2703,72840,0,0,3013,70150,3454,44590,3015,114740,California
Ventura,2021-02-20,4942,164403,3172,89793,1770,74610,0,0,2773,70764,2163,46753,2777,117517,California
Ventura,2021-02-21,1104,165507,813,90606,291,74901,0,0,451,70569,648,47401,453,117970,California
Ventura,2021-02-22,5406,170913,2412,93018,2994,77895,0,0,3462,72097,1935,49336,3463,121433,California
Ventura,2021-02-23,5980,176893,2977,95995,3003,80898,0,0,3423,72982,2540,51876,3425,124858,California
Ventura,2021-02-24,7087,183980,2617,98612,4470,85368,0,0,4256,74425,2815,54691,4258,129116,California
Ventura,2021-02-25,7598,191578,2576,101188,5022,90390,0,0,4577,75996,3008,57699,4579,133695,California
Ventura,2021-02-26,9466,201044,2776,103964,6690,97080,0,0,6176,78911,3264,60963,6179,139874,California
Ventura,2021-02-27,10596,211640,5289,109253,5307,102387,0,0,7950,84243,2628,63591,7960,147834,California
Ventura,2021-02-28,2571,214211,1637,110890,933,103320,1,1,2096,85871,468,64059,2096,149930,California
Ventura,2021-03-01,7145,221356,2841,113731,4302,107622,2,3,4749,88256,2379,66438,4764,154694,California
Ventura,2021-03-02,7703,229059,4036,117767,3665,111287,2,5,5400,91364,2292,68730,5400,160094,California
Ventura,2021-03-03,8684,237743,3921,121688,4761,116048,2,7,6129,94960,2539,71269,6135,166229,California
Ventura,2021-03-04,8249,245992,3879,125567,4370,120418,0,7,5548,97825,2686,73955,5551,171780,California
Ventura,2021-03-05,10088,256080,4812,130379,5266,125684,10,17,7190,102151,2882,76837,7208,178988,California
Ventura,2021-03-06,7785,263865,4405,134784,3227,128911,153,170,5819,106166,1959,78796,5974,184962,California
Ventura,2021-03-07,1662,265527,614,135398,948,129859,100,270,1246,107096,416,79212,1346,186308,California
Ventura,2021-03-08,6849,272376,3436,138834,3259,133118,154,424,4736,109883,2106,81318,4893,191201,California
Ventura,2021-03-09,6867,279243,3026,141860,3641,136759,200,624,3984,111202,2869,84187,4188,195389,California
Ventura,2021-03-10,7008,286251,3018,144878,3750,140509,240,864,4677,113800,2318,86505,4916,200305,California
Ventura,2021-03-11,6536,292787,2896,147774,3326,143835,314,1178,3569,114729,2953,89458,3882,204187,California
Ventura,2021-03-12,8688,301475,3051,150825,4792,148627,845,2023,4249,115400,4423,93881,5094,209281,California
Ventura,2021-03-13,7251,308726,2510,153335,3897,152524,844,2867,4308,117618,2934,96815,5152,214433,California
Ventura,2021-03-14,2146,310872,487,153822,1161,153685,498,3365,725,117423,1420,98235,1225,215658,California
Ventura,2021-03-15,7080,317952,2051,155873,3682,157367,1347,4712,3133,117977,3923,102158,4477,220135,California
Ventura,2021-03-16,8132,326084,2466,158339,4552,161919,1114,5826,4190,119350,3929,106087,5302,225437,California
Ventura,2021-03-17,7718,333802,2778,161117,4592,166511,348,6174,4697,121398,2998,109085,5046,230483,California
Ventura,2021-03-18,7418,341220,3280,164397,3986,170497,152,6326,4839,123822,2565,111650,4989,235472,California
Ventura,2021-03-19,8658,349878,3804,168201,4741,175238,113,6439,5263,125824,3373,115023,5375,240847,California
Ventura,2021-03-20,8708,358586,5752,173953,2934,178172,22,6461,4441,126043,4245,119268,4464,245311,California
Ventura,2021-03-21,2799,361385,1523,175476,904,179076,372,6833,1322,126270,1464,120732,1691,247002,California
Ventura,2021-03-22,7427,368812,3707,179183,3617,182693,103,6936,4910,128786,2499,123231,5015,252017,California
Ventura,2021-03-23,8261,377073,3931,183114,4258,186951,72,7008,4644,129912,3589,126820,4715,256732,California
Ventura,2021-03-24,8940,386013,3423,186537,5439,192390,78,7086,4476,130034,4433,131253,4555,261287,California
Ventura,2021-03-25,8862,394875,3926,190463,4834,197224,102,7188,4494,130280,4350,135603,4596,265883,California
Ventura,2021-03-26,9942,404817,3373,193836,5914,203138,655,7843,3986,128995,5925,141528,4640,270523,California
Ventura,2021-03-27,8499,413316,3940,197776,4519,207657,40,7883,2428,125425,6044,147572,2474,272997,California
Ventura,2021-03-28,2545,415861,1427,199203,1109,208766,9,7892,1375,125651,1164,148736,1390,274387,California
Ventura,2021-03-29,8578,424439,4298,203501,4235,213001,45,7937,4260,125669,4290,153026,4308,278695,California
Ventura,2021-03-30,9014,433453,4472,207973,4411,217412,131,8068,4406,125611,4594,157620,4536,283231,California
Ventura,2021-03-31,10812,444265,4874,212847,5309,222721,629,8697,4687,124824,6103,163723,5316,288547,California
Ventura,2021-04-01,10861,455126,5299,218146,4678,227399,884,9581,5518,125915,5309,169032,6400,294947,California
Ventura,2021-04-02,11819,466945,4661,222807,5815,233214,1343,10924,5658,126793,6128,175160,7006,301953,California
Ventura,2021-04-03,8140,475085,4029,226836,2935,236149,1176,12100,3431,126695,4697,179857,4599,306552,California
Ventura,2021-04-04,1717,476802,960,227796,622,236771,135,12235,1148,127416,562,180419,1283,307835,California
Ventura,2021-04-05,9428,486230,4910,232706,3400,240171,1118,13353,4806,128731,4609,185028,5924,313759,California
Ventura,2021-04-06,10957,497187,5589,238295,3874,244045,1494,14847,5630,130564,5300,190328,7133,320892,California
Ventura,2021-04-07,11455,508642,5458,243753,4482,248527,1515,16362,5232,131132,6206,196534,6774,327666,California
Ventura,2021-04-08,10435,519077,5359,249112,4094,252621,982,17344,5197,132132,5219,201753,6219,333885,California
Ventura,2021-04-09,11299,530376,4382,253494,5196,257817,1721,19065,4934,132507,6341,208094,6716,340601,California
Ventura,2021-04-10,9559,539935,3872,257366,3523,261340,2164,21229,3129,131415,6413,214507,5321,345922,California
Ventura,2021-04-11,2425,542360,862,258228,993,262333,570,21799,682,130931,1735,216242,1251,347173,California
Ventura,2021-04-12,8961,551321,4480,262708,3657,265990,824,22623,3750,130314,5193,221435,4576,351749,California
Ventura,2021-04-13,8842,560163,4493,267201,4343,270333,6,22629,3756,129029,5053,226488,3768,355517,California
Ventura,2021-04-14,8742,568905,4086,271287,4641,274974,15,22644,3356,127066,5350,231838,3387,358904,California
Ventura,2021-04-15,9345,578250,4540,275827,4798,279772,7,22651,4088,125932,5230,237068,4096,363000,California
Ventura,2021-04-16,10161,588411,4492,280319,5667,285439,2,22653,4812,125418,5332,242400,4818,367818,California
Ventura,2021-04-17,8751,597162,5323,285642,3427,288866,1,22654,5092,126868,3643,246043,5093,372911,California
Ventura,2021-04-18,2137,599299,1015,286657,1122,289988,0,22654,910,126555,1223,247266,910,373821,California
Ventura,2021-04-19,8065,607364,4848,291505,3216,293204,1,22655,4628,127767,3418,250684,4630,378451,California
Ventura,2021-04-20,9315,616679,4919,296424,4392,297596,4,22659,4374,127223,4922,255606,4378,382829,California
Ventura,2021-04-21,8929,625608,4577,301001,4347,301943,5,22664,4252,126819,4662,260268,4258,387087,California
Ventura,2021-04-22,10075,635683,5493,306494,4582,306525,0,22664,4472,125705,5587,265855,4473,391560,California
Ventura,2021-04-23,10865,646548,5401,311895,5463,311988,1,22665,5416,125698,5424,271279,5417,396977,California
Ventura,2021-04-24,10436,656984,5894,317789,4542,316530,0,22665,6126,127529,4297,275576,6128,403105,California
Ventura,2021-04-25,2473,659457,1702,319491,771,317301,0,22665,1147,127354,1322,276898,1147,404252,California
Ventura,2021-04-26,7242,666699,4128,323619,3047,320348,67,22732,3020,126238,4198,281096,3082,407334,California
Ventura,2021-04-27,8454,675153,4667,328286,3610,323958,177,22909,3202,124378,5237,286333,3377,410711,California
Ventura,2021-04-28,8309,683462,4823,333109,3170,327128,316,23225,3265,122935,5024,291357,3581,414292,California
Ventura,2021-04-29,7831,691293,4219,337328,3348,330476,264,23489,2802,120997,5003,296360,3065,417357,California
Ventura,2021-04-30,9396,700689,5446,342774,3676,334152,274,23763,3890,119679,5471,301831,4153,421510,California
Ventura,2021-05-01,5040,705729,3629,346403,1309,335461,102,23865,1952,118669,3064,304895,2054,423564,California
Ventura,2021-05-02,2129,707858,1426,347829,614,336075,89,23954,1038,118709,1088,305983,1128,424692,California
Ventura,2021-05-03,6268,714126,3912,351741,2077,338152,279,24233,1981,116700,4267,310250,2258,426950,California
Ventura,2021-05-04,6322,720448,3319,355060,2704,340856,299,24532,2301,115293,4007,314257,2600,429550,California
Ventura,2021-05-05,5328,725776,3023,358083,2045,342901,260,24792,1944,114130,3360,317617,2197,431747,California
Ventura,2021-05-06,6145,731921,3212,361295,2663,345564,270,25062,1977,112227,4150,321767,2247,433994,California
Ventura,2021-05-07,6806,738727,3422,364717,3111,348675,273,25335,2352,110426,4426,326193,2625,436619,California
Ventura,2021-05-08,5304,744031,4121,368838,1030,349705,153,25488,1218,107723,4072,330265,1369,437988,California
Ventura,2021-05-09,1048,745079,734,369572,268,349973,46,25534,399,107525,641,330906,443,438431,California
Ventura,2021-05-10,6077,751156,4077,373649,1792,351765,208,25742,1400,104466,4666,335572,1607,440038,California
Ventura,2021-05-11,5155,756311,3206,376855,1739,353504,210,25952,1506,102542,3639,339211,1715,441753,California
Ventura,2021-05-12,4781,761092,2766,379621,1811,355315,204,26156,1481,100943,3284,342495,1685,443438,California
Ventura,2021-05-13,5694,766786,3353,382974,2138,357453,203,26359,1925,99314,3757,346252,2128,445566,California
Ventura,2021-05-14,7237,774023,4454,387428,2583,360036,200,26559,2754,97802,4463,350715,2951,448517,California
Ventura,2021-05-15,6623,780646,5370,392798,1168,361204,85,26644,2831,96945,3774,354489,2917,451434,California
Ventura,2021-05-16,2160,782806,1670,394468,438,361642,52,26696,1029,96900,1126,355615,1081,452515,California
Ventura,2021-05-17,5839,788645,3569,398037,2063,363705,207,26903,2579,96443,3242,358857,2785,455300,California
Ventura,2021-05-18,5368,794013,3170,401207,2018,365723,180,27083,2299,95871,3049,361906,2477,457777,California
Ventura,2021-05-19,5796,799809,3519,404726,2067,367790,210,27293,2432,95171,3339,365245,2639,460416,California
Ventura,2021-05-20,4347,804156,2294,407020,1898,369688,155,27448,1778,94559,2544,367789,1932,462348,California
Ventura,2021-05-21,6722,810878,3666,410686,2882,372570,174,27622,2145,92329,4548,372337,2318,464666,California
Ventura,2021-05-22,4763,815641,2315,413001,2374,374944,74,27696,1489,90624,3268,375605,1563,466229,California
Ventura,2021-05-23,1272,816913,1061,414062,141,375085,70,27766,494,90412,776,376381,564,466793,California
Ventura,2021-05-24,4508,821421,2456,416518,1896,376981,156,27922,1538,89150,2956,379337,1694,468487,California
Ventura,2021-05-25,4258,825679,2199,418717,1904,378885,155,28077,1461,87986,2778,382115,1614,470101,California
Ventura,2021-05-26,4082,829761,2188,420905,1760,380645,134,28211,1588,87233,2475,384590,1722,471823,California
Ventura,2021-05-27,3770,833531,1842,422747,1816,382461,112,28323,1375,86337,2383,386973,1487,473310,California
Ventura,2021-05-28,4439,837970,2443,425190,1812,384273,184,28507,1974,86038,2454,389427,2155,475465,California
Ventura,2021-05-29,2124,840094,1327,426517,729,385002,68,28575,1031,86060,1077,390504,1099,476564,California
Ventura,2021-05-30,865,840959,572,427089,241,385243,52,28627,361,85972,501,391005,413,476977,California
Ventura,2021-05-31,255,841214,133,427222,113,385356,9,28636,59,85844,196,391201,68,477045,California
Ventura,2021-06-01,3716,844930,2111,429333,1449,386805,156,28792,1245,84784,2462,393663,1402,478447,California
Ventura,2021-06-02,1449,846379,789,430122,572,387377,88,28880,422,84277,1016,394679,509,478956,California
Yolo,2020-12-15,39,39,39,39,0,0,0,0,39,39,0,0,39,39,California
Yolo,2020-12-16,78,117,78,117,0,0,0,0,78,117,0,0,78,117,California
Yolo,2020-12-17,101,218,101,218,0,0,0,0,101,218,0,0,101,218,California
Yolo,2020-12-18,209,427,209,427,0,0,0,0,209,427,0,0,209,427,California
Yolo,2020-12-19,88,515,88,515,0,0,0,0,88,515,0,0,88,515,California
Yolo,2020-12-20,100,615,100,615,0,0,0,0,100,615,0,0,100,615,California
Yolo,2020-12-21,254,869,254,869,0,0,0,0,254,869,0,0,254,869,California
Yolo,2020-12-22,381,1250,380,1249,1,1,0,0,381,1250,0,0,381,1250,California
Yolo,2020-12-23,433,1683,413,1662,20,21,0,0,433,1683,0,0,433,1683,California
Yolo,2020-12-24,153,1836,96,1758,57,78,0,0,153,1836,0,0,153,1836,California
Yolo,2020-12-25,1,1837,1,1759,0,78,0,0,1,1837,0,0,1,1837,California
Yolo,2020-12-26,75,1912,25,1784,50,128,0,0,75,1912,0,0,75,1912,California
Yolo,2020-12-27,46,1958,19,1803,27,155,0,0,46,1958,0,0,46,1958,California
Yolo,2020-12-28,349,2307,180,1983,169,324,0,0,349,2307,0,0,349,2307,California
Yolo,2020-12-29,489,2796,267,2250,222,546,0,0,489,2796,0,0,489,2796,California
Yolo,2020-12-30,623,3419,255,2505,368,914,0,0,623,3419,0,0,623,3419,California
Yolo,2020-12-31,185,3604,95,2600,90,1004,0,0,185,3604,0,0,185,3604,California
Yolo,2021-01-01,58,3662,56,2656,2,1006,0,0,58,3662,0,0,58,3662,California
Yolo,2021-01-02,69,3731,26,2682,43,1049,0,0,69,3731,0,0,69,3731,California
Yolo,2021-01-03,45,3776,19,2701,26,1075,0,0,45,3776,0,0,45,3776,California
Yolo,2021-01-04,194,3970,43,2744,151,1226,0,0,194,3970,0,0,194,3970,California
Yolo,2021-01-05,615,4585,238,2982,377,1603,0,0,554,4463,61,61,554,4524,California
Yolo,2021-01-06,483,5068,183,3165,300,1903,0,0,352,4684,131,192,352,4876,California
Yolo,2021-01-07,710,5778,233,3398,477,2380,0,0,521,5017,188,380,521,5397,California
Yolo,2021-01-08,634,6412,312,3710,322,2702,0,0,418,5220,215,595,418,5815,California
Yolo,2021-01-09,409,6821,69,3779,340,3042,0,0,363,5537,46,641,363,6178,California
Yolo,2021-01-10,393,7214,80,3859,313,3355,0,0,323,5790,70,711,323,6501,California
Yolo,2021-01-11,562,7776,324,4183,238,3593,0,0,293,5816,269,980,295,6796,California
Yolo,2021-01-12,486,8262,367,4550,119,3712,0,0,178,5687,308,1288,179,6975,California
Yolo,2021-01-13,773,9035,312,4862,461,4173,0,0,523,5960,250,1538,523,7498,California
Yolo,2021-01-14,378,9413,183,5045,195,4368,0,0,274,6130,104,1642,274,7772,California
Yolo,2021-01-15,624,10037,319,5364,305,4673,0,0,545,6597,79,1721,546,8318,California
Yolo,2021-01-16,741,10778,95,5459,646,5319,0,0,710,7276,31,1752,710,9028,California
Yolo,2021-01-17,187,10965,119,5578,68,5387,0,0,180,7449,7,1759,180,9208,California
Yolo,2021-01-18,481,11446,304,5882,177,5564,0,0,378,7724,103,1862,378,9586,California
Yolo,2021-01-19,558,12004,373,6255,185,5749,0,0,385,7936,173,2035,385,9971,California
Yolo,2021-01-20,661,12665,381,6636,280,6029,0,0,475,8226,185,2220,475,10446,California
Yolo,2021-01-21,652,13317,385,7021,267,6296,0,0,464,8502,188,2408,464,10910,California
Yolo,2021-01-22,752,14069,252,7273,500,6796,0,0,634,9020,116,2524,634,11544,California
Yolo,2021-01-23,615,14684,122,7395,493,7289,0,0,567,9539,48,2572,567,12111,California
Yolo,2021-01-24,208,14892,124,7519,84,7373,0,0,167,9665,41,2613,167,12278,California
Yolo,2021-01-25,731,15623,156,7675,575,7948,0,0,513,9960,218,2831,513,12791,California
Yolo,2021-01-26,823,16446,328,8003,495,8443,0,0,428,9993,395,3226,428,13219,California
Yolo,2021-01-27,558,17004,223,8226,335,8778,0,0,381,10197,177,3403,381,13600,California
Yolo,2021-01-28,1051,18055,567,8793,484,9262,0,0,926,10999,124,3527,926,14526,California
Yolo,2021-01-29,893,18948,266,9059,627,9889,0,0,808,11723,84,3611,808,15334,California
Yolo,2021-01-30,1531,20479,928,9987,603,10492,0,0,1410,13018,115,3726,1410,16744,California
Yolo,2021-01-31,240,20719,202,10189,38,10530,0,0,213,13205,26,3752,213,16957,California
Yolo,2021-02-01,847,21566,361,10550,486,11016,0,0,614,13589,230,3982,614,17571,California
Yolo,2021-02-02,1336,22902,751,11301,585,11601,0,0,929,14112,407,4389,930,18501,California
Yolo,2021-02-03,1532,24434,401,11702,1131,12732,0,0,1191,14965,338,4727,1191,19692,California
Yolo,2021-02-04,1797,26231,283,11985,1514,14246,0,0,1245,15670,541,5268,1246,20938,California
Yolo,2021-02-05,1599,27830,908,12893,691,14937,0,0,1199,16471,399,5667,1200,22138,California
Yolo,2021-02-06,1923,29753,1253,14146,670,15607,0,0,1562,17673,361,6028,1563,23701,California
Yolo,2021-02-07,520,30273,250,14396,270,15877,0,0,171,17496,348,6376,171,23872,California
Yolo,2021-02-08,953,31226,335,14731,618,16495,0,0,606,17758,344,6720,606,24478,California
Yolo,2021-02-09,860,32086,387,15118,473,16968,0,0,577,18052,283,7003,577,25055,California
Yolo,2021-02-10,1466,33552,478,15596,988,17956,0,0,824,18236,642,7645,826,25881,California
Yolo,2021-02-11,1573,35125,804,16400,769,18725,0,0,1186,19035,387,8032,1186,27067,California
Yolo,2021-02-12,1920,37045,757,17157,1163,19888,0,0,1446,20011,470,8502,1446,28513,California
Yolo,2021-02-13,2056,39101,712,17869,1344,21232,0,0,1390,20735,666,9168,1390,29903,California
Yolo,2021-02-14,569,39670,154,18023,415,21647,0,0,445,21057,123,9291,445,30348,California
Yolo,2021-02-15,533,40203,190,18213,343,21990,0,0,267,21059,266,9557,268,30616,California
Yolo,2021-02-16,1132,41335,427,18640,705,22695,0,0,811,21550,321,9878,812,31428,California
Yolo,2021-02-17,1392,42727,700,19340,692,23387,0,0,997,22152,395,10273,997,32425,California
Yolo,2021-02-18,2502,45229,817,20157,1685,25072,0,0,1725,23102,776,11049,1726,34151,California
Yolo,2021-02-19,1751,46980,752,20909,999,26071,0,0,1129,23611,620,11669,1129,35280,California
Yolo,2021-02-20,2455,49435,957,21866,1498,27569,0,0,1372,23906,1078,12747,1373,36653,California
Yolo,2021-02-21,285,49720,228,22094,57,27626,0,0,76,23774,208,12955,76,36729,California
Yolo,2021-02-22,1365,51085,600,22694,765,28391,0,0,694,23798,670,13625,694,37423,California
Yolo,2021-02-23,1132,52217,849,23543,283,28674,0,0,437,23542,693,14318,437,37860,California
Yolo,2021-02-24,2093,54310,592,24135,1501,30175,0,0,1384,24219,707,15025,1384,39244,California
Yolo,2021-02-25,1382,55692,487,24622,895,31070,0,0,916,24670,465,15490,916,40160,California
Yolo,2021-02-26,2611,58303,1017,25639,1594,32664,0,0,1384,24830,1224,16714,1384,41544,California
Yolo,2021-02-27,1663,59966,769,26408,894,33558,0,0,1213,25593,450,17164,1213,42757,California
Yolo,2021-02-28,1778,61744,1500,27908,278,33836,0,0,675,25167,1101,18265,675,43432,California
Yolo,2021-03-01,1104,62848,367,28275,737,34573,0,0,673,25411,429,18694,673,44105,California
Yolo,2021-03-02,1474,64322,694,28969,780,35353,0,0,944,25825,530,19224,944,45049,California
Yolo,2021-03-03,1857,66179,640,29609,1217,36570,0,0,832,25634,1023,20247,832,45881,California
Yolo,2021-03-04,2928,69107,1467,31076,1461,38031,0,0,1565,25839,1360,21607,1565,47446,California
Yolo,2021-03-05,2364,71471,1410,32486,943,38974,11,11,1476,26439,887,22494,1487,48933,California
Yolo,2021-03-06,1486,72957,1137,33623,320,39294,29,40,846,26676,638,23132,875,49808,California
Yolo,2021-03-07,916,73873,679,34302,223,39517,14,54,781,27336,135,23267,795,50603,California
Yolo,2021-03-08,1099,74972,491,34793,565,40082,43,97,770,27822,328,23595,814,51417,California
Yolo,2021-03-09,1280,76252,689,35482,528,40610,63,160,783,28173,495,24090,846,52263,California
Yolo,2021-03-10,1818,78070,1061,36543,467,41077,290,450,756,28154,1058,25148,1039,53302,California
Yolo,2021-03-11,2354,80424,1606,38149,680,41757,68,518,1607,29084,746,25894,1676,54978,California
Yolo,2021-03-12,2912,83336,1357,39506,1475,43232,80,598,1374,29010,1530,27424,1456,56434,California
Yolo,2021-03-13,1852,85188,736,40242,939,44171,177,775,1007,29352,842,28266,1184,57618,California
Yolo,2021-03-14,1016,86204,214,40456,652,44823,150,925,529,29545,486,28752,679,58297,California
Yolo,2021-03-15,1325,87529,774,41230,373,45196,178,1103,708,29814,615,29367,884,59181,California
Yolo,2021-03-16,1871,89400,719,41949,1080,46276,72,1175,1105,30225,766,30133,1177,60358,California
Yolo,2021-03-17,2513,91913,979,42928,1462,47738,72,1247,1724,31267,786,30919,1828,62186,California
Yolo,2021-03-18,3034,94947,1033,43961,1776,49514,225,1472,1259,30980,1771,32690,1484,63670,California
Yolo,2021-03-19,2097,97044,871,44832,1158,50672,68,1540,1099,31156,992,33682,1168,64838,California
Yolo,2021-03-20,2773,99817,819,45651,1913,52585,41,1581,1109,30650,1658,35340,1152,65990,California
Yolo,2021-03-21,314,100131,214,45865,92,52677,8,1589,228,30801,85,35425,236,66226,California
Yolo,2021-03-22,1403,101534,490,46355,855,53532,58,1647,923,31304,477,35902,980,67206,California
Yolo,2021-03-23,1740,103274,939,47294,745,54277,56,1703,1071,31762,668,36570,1126,68332,California
Yolo,2021-03-24,2877,106151,1408,48702,1420,55697,49,1752,1405,31757,1460,38030,1455,69787,California
Yolo,2021-03-25,2552,108703,1417,50119,1106,56803,29,1781,1255,31755,1286,39316,1284,71071,California
Yolo,2021-03-26,2402,111105,1259,51378,1124,57927,19,1800,1025,31428,1370,40686,1043,72114,California
Yolo,2021-03-27,1654,112759,456,51834,1181,59108,17,1817,757,31306,896,41582,774,72888,California
Yolo,2021-03-28,1109,113868,866,52700,225,59333,18,1835,269,30757,836,42418,287,73175,California
Yolo,2021-03-29,2024,115892,822,53522,1172,60505,30,1865,977,30721,1043,43461,1007,74182,California
Yolo,2021-03-30,2279,118171,1081,54603,1176,61681,22,1887,1168,30807,1106,44567,1192,75374,California
Yolo,2021-03-31,2354,120525,1224,55827,1094,62775,36,1923,1193,30876,1160,45727,1229,76603,California
Yolo,2021-04-01,3850,124375,1859,57686,1515,64290,476,2399,1617,30743,2230,47957,2097,78700,California
Yolo,2021-04-02,3407,127782,1523,59209,1737,66027,147,2546,2111,31713,1290,49247,2260,80960,California
Yolo,2021-04-03,1811,129593,1093,60302,499,66526,219,2765,806,31734,1004,50251,1025,81985,California
Yolo,2021-04-04,394,129987,157,60459,175,66701,62,2827,147,31696,247,50498,209,82194,California
Yolo,2021-04-05,1918,131905,736,61195,1082,67783,100,2927,1018,31920,895,51393,1119,83313,California
Yolo,2021-04-06,2584,134489,1314,62509,1099,68882,171,3098,1303,32127,1272,52665,1479,84792,California
Yolo,2021-04-07,2998,137487,1525,64034,1119,70001,354,3452,1934,33362,1058,53723,2293,87085,California
Yolo,2021-04-08,2421,139908,1006,65040,942,70943,473,3925,1026,33465,1392,55115,1495,88580,California
Yolo,2021-04-09,2583,142491,917,65957,1090,72033,576,4501,851,33162,1729,56844,1426,90006,California
Yolo,2021-04-10,1751,144242,822,66779,747,72780,182,4683,1034,33663,714,57558,1215,91221,California
Yolo,2021-04-11,891,145133,283,67062,564,73344,44,4727,367,33552,521,58079,410,91631,California
Yolo,2021-04-12,1762,146895,520,67582,1098,74442,144,4871,1089,34117,669,58748,1234,92865,California
Yolo,2021-04-13,1975,148870,913,68495,1062,75504,0,4871,1043,34229,931,59679,1043,93908,California
Yolo,2021-04-14,2768,151638,760,69255,2008,77512,0,4871,1365,34197,1398,61077,1366,95274,California
Yolo,2021-04-15,3318,154956,1136,70391,2182,79694,0,4871,2276,35437,1036,62113,2276,97550,California
Yolo,2021-04-16,3043,157999,1959,72350,1084,80778,0,4871,1939,36278,1098,63211,1939,99489,California
Yolo,2021-04-17,1606,159605,472,72822,1134,81912,0,4871,833,36341,770,63981,833,100322,California
Yolo,2021-04-18,631,160236,306,73128,325,82237,0,4871,351,36416,276,64257,351,100673,California
Yolo,2021-04-19,1663,161899,716,73844,946,83183,1,4872,762,36283,896,65153,763,101436,California
Yolo,2021-04-20,1997,163896,1013,74857,984,84167,0,4872,1071,36430,924,66077,1071,102507,California
Yolo,2021-04-21,1979,165875,986,75843,993,85160,0,4872,1075,36606,899,66976,1075,103582,California
Yolo,2021-04-22,1950,167825,886,76729,1064,86224,0,4872,971,36604,974,67950,972,104554,California
Yolo,2021-04-23,2618,170443,1527,78256,1091,87315,0,4872,1162,36321,1445,69395,1162,105716,California
Yolo,2021-04-24,1168,171611,642,78898,524,87839,2,4874,463,36088,698,70093,465,106181,California
Yolo,2021-04-25,949,172560,406,79304,543,88382,0,4874,728,36596,220,70313,728,106909,California
Yolo,2021-04-26,1176,173736,450,79754,723,89105,3,4877,484,36394,690,71003,488,107397,California
Yolo,2021-04-27,1493,175229,702,80456,782,89887,9,4886,577,36066,916,71919,588,107985,California
Yolo,2021-04-28,2019,177248,1002,81458,990,90877,27,4913,710,35498,1305,73224,737,108722,California
Yolo,2021-04-29,1712,178960,793,82251,837,91714,82,4995,650,35169,1061,74285,732,109454,California
Yolo,2021-04-30,2013,180973,995,83246,960,92674,58,5053,962,35144,1044,75329,1019,110473,California
Yolo,2021-05-01,1284,182257,998,84244,266,92940,20,5073,380,34642,902,76231,400,110873,California
Yolo,2021-05-02,517,182774,424,84668,70,93010,23,5096,322,34792,195,76426,345,111218,California
Yolo,2021-05-03,1123,183897,409,85077,680,93690,34,5130,303,34310,818,77244,336,111554,California
Yolo,2021-05-04,1438,185335,656,85733,758,94448,24,5154,487,33874,947,78191,511,112065,California
Yolo,2021-05-05,1553,186888,421,86154,1066,95514,66,5220,437,33268,1109,79300,503,112568,California
Yolo,2021-05-06,1508,188396,704,86858,724,96238,80,5300,496,32845,999,80299,576,113144,California
Yolo,2021-05-07,2300,190696,1375,88233,874,97112,51,5351,458,31519,1834,82133,508,113652,California
Yolo,2021-05-08,835,191531,358,88591,420,97532,57,5408,311,31365,521,82654,367,114019,California
Yolo,2021-05-09,393,191924,163,88754,217,97749,13,5421,90,31166,302,82956,103,114122,California
Yolo,2021-05-10,900,192824,355,89109,500,98249,45,5466,153,30618,745,83701,197,114319,California
Yolo,2021-05-11,1123,193947,651,89760,451,98700,21,5487,273,30065,847,84548,294,114613,California
Yolo,2021-05-12,1504,195451,666,90426,809,99509,29,5516,280,29156,1221,85769,312,114925,California
Yolo,2021-05-13,2075,197526,783,91209,1240,100749,52,5568,589,28315,1482,87251,641,115566,California
Yolo,2021-05-14,2026,199552,1506,92715,489,101238,31,5599,1152,28627,871,88122,1183,116749,California
Yolo,2021-05-15,1245,200797,704,93419,494,101732,47,5646,639,28707,606,88728,686,117435,California
Yolo,2021-05-16,1403,202200,1194,94613,203,101935,6,5652,984,29282,415,89143,990,118425,California
Yolo,2021-05-17,1073,203273,392,95005,662,102597,19,5671,330,28893,738,89881,349,118774,California
Yolo,2021-05-18,1680,204953,1101,96106,558,103155,21,5692,935,29109,740,90621,956,119730,California
Yolo,2021-05-19,1005,205958,591,96697,379,103534,35,5727,500,29141,503,91124,535,120265,California
Yolo,2021-05-20,942,206900,626,97323,294,103828,22,5749,379,28985,557,91681,401,120666,California
Yolo,2021-05-21,1260,208160,851,98174,391,104219,18,5767,322,28392,932,92613,339,121005,California
Yolo,2021-05-22,674,208834,470,98644,196,104415,8,5775,261,28251,410,93023,269,121274,California
Yolo,2021-05-23,509,209343,107,98751,387,104802,15,5790,91,27940,416,93439,105,121379,California
Yolo,2021-05-24,706,210049,352,99103,336,105138,18,5808,228,27710,476,93915,246,121625,California
Yolo,2021-05-25,838,210887,472,99575,343,105481,23,5831,335,27570,498,94413,358,121983,California
Yolo,2021-05-26,809,211696,260,99835,518,105999,31,5862,272,27343,531,94944,304,122287,California
Yolo,2021-05-27,743,212439,374,100209,319,106318,50,5912,310,27275,428,95372,360,122647,California
Yolo,2021-05-28,838,213277,375,100584,435,106753,28,5940,355,27179,478,95850,382,123029,California
Yolo,2021-05-29,574,213851,343,100927,196,106949,35,5975,252,27144,320,96170,285,123314,California
Yolo,2021-05-30,122,213973,66,100993,51,107000,5,5980,53,27134,68,96238,58,123372,California
Yolo,2021-05-31,72,214045,19,101012,52,107052,1,5981,21,27105,51,96289,22,123394,California
Yolo,2021-06-01,680,214725,259,101271,394,107446,27,6008,228,26910,450,96739,255,123649,California
Yolo,2021-06-02,514,215239,169,101440,329,107775,16,6024,139,26695,370,97109,155,123804,California
Yuba,2020-12-16,4,4,4,4,0,0,0,0,4,4,0,0,4,4,California
Yuba,2020-12-17,4,8,4,8,0,0,0,0,4,8,0,0,4,8,California
Yuba,2020-12-18,8,16,8,16,0,0,0,0,8,16,0,0,8,16,California
Yuba,2020-12-19,12,28,12,28,0,0,0,0,12,28,0,0,12,28,California
Yuba,2020-12-20,20,48,20,48,0,0,0,0,20,48,0,0,20,48,California
Yuba,2020-12-21,40,88,40,88,0,0,0,0,40,88,0,0,40,88,California
Yuba,2020-12-22,86,174,86,174,0,0,0,0,86,174,0,0,86,174,California
Yuba,2020-12-23,64,238,62,236,2,2,0,0,64,238,0,0,64,238,California
Yuba,2020-12-24,20,258,10,246,10,12,0,0,20,258,0,0,20,258,California
Yuba,2020-12-26,15,273,13,259,2,14,0,0,15,273,0,0,15,273,California
Yuba,2020-12-27,15,288,15,274,0,14,0,0,15,288,0,0,15,288,California
Yuba,2020-12-28,51,339,35,309,16,30,0,0,51,339,0,0,51,339,California
Yuba,2020-12-29,75,414,10,319,65,95,0,0,75,414,0,0,75,414,California
Yuba,2020-12-30,64,478,20,339,44,139,0,0,64,478,0,0,64,478,California
Yuba,2020-12-31,38,516,7,346,31,170,0,0,38,516,0,0,38,516,California
Yuba,2021-01-02,23,539,22,368,1,171,0,0,23,539,0,0,23,539,California
Yuba,2021-01-03,10,549,6,374,4,175,0,0,10,549,0,0,10,549,California
Yuba,2021-01-04,91,640,22,396,69,244,0,0,91,640,0,0,91,640,California
Yuba,2021-01-05,70,710,38,434,32,276,0,0,69,708,1,1,69,709,California
Yuba,2021-01-06,154,864,76,510,78,354,0,0,148,850,6,7,148,857,California
Yuba,2021-01-07,75,939,19,529,56,410,0,0,72,918,4,11,72,929,California
Yuba,2021-01-08,72,1011,24,553,48,458,0,0,65,976,7,18,65,994,California
Yuba,2021-01-09,19,1030,16,569,3,461,0,0,11,979,8,26,11,1005,California
Yuba,2021-01-10,117,1147,22,591,95,556,0,0,95,1052,22,48,95,1100,California
Yuba,2021-01-11,72,1219,50,641,22,578,0,0,32,1044,40,88,32,1132,California
Yuba,2021-01-12,108,1327,78,719,30,608,0,0,43,1022,65,153,43,1175,California
Yuba,2021-01-13,120,1447,72,791,48,656,0,0,55,1013,64,217,55,1230,California
Yuba,2021-01-14,111,1558,43,834,68,724,0,0,99,1100,12,229,99,1329,California
Yuba,2021-01-15,204,1762,87,921,117,841,0,0,193,1282,11,240,193,1522,California
Yuba,2021-01-16,185,1947,21,942,164,1005,0,0,173,1442,13,253,173,1695,California
Yuba,2021-01-17,13,1960,9,951,4,1009,0,0,7,1443,6,259,7,1702,California
Yuba,2021-01-18,60,2020,32,983,28,1037,0,0,35,1453,25,284,35,1737,California
Yuba,2021-01-19,81,2101,30,1013,51,1088,0,0,66,1504,15,299,66,1803,California
Yuba,2021-01-20,133,2234,87,1100,46,1134,0,0,110,1591,23,322,110,1913,California
Yuba,2021-01-21,213,2447,97,1197,116,1250,0,0,205,1788,8,330,205,2118,California
Yuba,2021-01-22,105,2552,6,1203,99,1349,0,0,96,1875,9,339,96,2214,California
Yuba,2021-01-23,200,2752,7,1210,193,1542,0,0,197,2069,3,342,197,2411,California
Yuba,2021-01-24,10,2762,7,1217,3,1545,0,0,8,2075,2,344,8,2419,California
Yuba,2021-01-25,86,2848,30,1247,56,1601,0,0,53,2096,32,376,53,2472,California
Yuba,2021-01-26,148,2996,39,1286,109,1710,0,0,90,2128,58,434,90,2562,California
Yuba,2021-01-27,185,3181,129,1415,56,1766,0,0,116,2175,69,503,116,2678,California
Yuba,2021-01-28,227,3408,89,1504,138,1904,0,0,175,2298,52,555,175,2853,California
Yuba,2021-01-29,148,3556,45,1549,103,2007,0,0,111,2372,37,592,111,2964,California
Yuba,2021-01-30,410,3966,23,1572,387,2394,0,0,399,2760,11,603,399,3363,California
Yuba,2021-01-31,18,3984,12,1584,6,2400,0,0,16,2774,2,605,16,3379,California
Yuba,2021-02-01,155,4139,75,1659,80,2480,0,0,131,2883,23,628,132,3511,California
Yuba,2021-02-02,124,4263,23,1682,101,2581,0,0,102,2963,22,650,102,3613,California
Yuba,2021-02-03,227,4490,30,1712,197,2778,0,0,115,2967,111,761,115,3728,California
Yuba,2021-02-04,296,4786,121,1833,175,2953,0,0,253,3177,43,804,253,3981,California
Yuba,2021-02-05,147,4933,32,1865,115,3068,0,0,71,3172,76,880,71,4052,California
Yuba,2021-02-06,449,5382,26,1891,423,3491,0,0,441,3605,8,888,441,4493,California
Yuba,2021-02-07,20,5402,13,1904,7,3498,0,0,16,3617,4,892,16,4509,California
Yuba,2021-02-08,96,5498,35,1939,61,3559,0,0,66,3653,30,922,66,4575,California
Yuba,2021-02-09,154,5652,56,1995,98,3657,0,0,84,3667,70,992,84,4659,California
Yuba,2021-02-10,355,6007,172,2167,183,3840,0,0,116,3545,238,1230,116,4775,California
Yuba,2021-02-11,396,6403,64,2231,332,4172,0,0,298,3747,96,1326,298,5073,California
Yuba,2021-02-12,265,6668,26,2257,239,4411,0,0,150,3782,115,1441,150,5223,California
Yuba,2021-02-13,436,7104,36,2293,400,4811,0,0,387,4120,49,1490,387,5610,California
Yuba,2021-02-14,54,7158,11,2304,43,4854,0,0,49,4164,5,1495,49,5659,California
Yuba,2021-02-15,87,7245,36,2340,51,4905,0,0,68,4213,19,1514,68,5727,California
Yuba,2021-02-16,199,7444,53,2393,146,5051,0,0,140,4295,58,1572,140,5867,California
Yuba,2021-02-17,373,7817,156,2549,217,5268,0,0,99,4121,273,1845,99,5966,California
Yuba,2021-02-18,317,8134,47,2596,270,5538,0,0,193,4190,124,1969,193,6159,California
Yuba,2021-02-19,227,8361,82,2678,145,5683,0,0,143,4249,84,2053,143,6302,California
Yuba,2021-02-20,391,8752,31,2709,360,6043,0,0,337,4532,54,2107,337,6639,California
Yuba,2021-02-21,17,8769,14,2723,3,6046,0,0,7,4529,10,2117,7,6646,California
Yuba,2021-02-22,128,8897,79,2802,49,6095,0,0,38,4478,89,2206,38,6684,California
Yuba,2021-02-23,115,9012,25,2827,90,6185,0,0,48,4460,66,2272,48,6732,California
Yuba,2021-02-24,482,9494,136,2963,346,6531,0,0,107,4192,375,2647,107,6839,California
Yuba,2021-02-25,342,9836,137,3100,205,6736,0,0,212,4274,130,2777,212,7051,California
Yuba,2021-02-26,258,10094,67,3167,191,6927,0,0,143,4304,113,2890,143,7194,California
Yuba,2021-02-27,474,10568,48,3215,426,7353,0,0,384,4600,88,2978,384,7578,California
Yuba,2021-02-28,67,10635,22,3237,45,7398,0,0,45,4623,22,3000,45,7623,California
Yuba,2021-03-01,156,10791,40,3277,116,7514,0,0,80,4628,75,3075,80,7703,California
Yuba,2021-03-02,160,10951,36,3313,124,7638,0,0,80,4628,80,3155,80,7783,California
Yuba,2021-03-03,623,11574,159,3472,464,8102,0,0,200,4406,422,3577,200,7983,California
Yuba,2021-03-04,466,12040,270,3742,196,8298,0,0,325,4591,140,3717,325,8308,California
Yuba,2021-03-05,316,12356,59,3801,256,8554,1,1,249,4774,67,3784,250,8558,California
Yuba,2021-03-06,476,12832,35,3836,437,8991,4,5,370,5042,106,3890,374,8932,California
Yuba,2021-03-07,51,12883,28,3864,22,9013,1,6,35,5062,16,3906,36,8968,California
Yuba,2021-03-08,160,13043,49,3913,95,9108,16,22,101,5120,59,3965,117,9085,California
Yuba,2021-03-09,178,13221,47,3960,111,9219,20,42,84,5130,94,4059,104,9189,California
Yuba,2021-03-10,738,13959,235,4195,473,9692,30,72,233,4889,504,4563,263,9452,California
Yuba,2021-03-11,437,14396,196,4391,229,9921,12,84,294,5052,143,4706,306,9758,California
Yuba,2021-03-12,461,14857,86,4477,321,10242,54,138,150,4945,311,5017,204,9962,California
Yuba,2021-03-13,459,15316,340,4817,104,10346,15,153,360,5222,98,5115,375,10337,California
Yuba,2021-03-14,108,15424,21,4838,77,10423,10,163,46,5218,60,5175,56,10393,California
Yuba,2021-03-15,191,15615,49,4887,125,10548,17,180,97,5238,94,5269,114,10507,California
Yuba,2021-03-16,296,15911,71,4958,200,10748,25,205,182,5332,113,5382,207,10714,California
Yuba,2021-03-17,740,16651,162,5120,549,11297,29,234,193,5009,545,5927,222,10936,California
Yuba,2021-03-18,585,17236,159,5279,312,11609,114,348,356,5249,229,6156,469,11405,California
Yuba,2021-03-19,328,17564,120,5399,159,11768,49,397,188,5347,139,6295,237,11642,California
Yuba,2021-03-20,556,18120,81,5480,456,12224,19,416,475,5761,80,6375,494,12136,California
Yuba,2021-03-21,61,18181,36,5516,25,12249,0,416,49,5798,12,6387,49,12185,California
Yuba,2021-03-22,191,18372,70,5586,114,12363,7,423,149,5912,42,6429,156,12341,California
Yuba,2021-03-23,264,18636,79,5665,158,12521,27,450,176,6029,86,6515,203,12544,California
Yuba,2021-03-24,771,19407,255,5920,435,12956,81,531,188,5716,581,7096,268,12812,California
Yuba,2021-03-25,504,19911,269,6189,213,13169,22,553,250,5734,254,7350,272,13084,California
Yuba,2021-03-26,397,20308,143,6332,225,13394,29,582,227,5821,169,7519,256,13340,California
Yuba,2021-03-27,459,20767,28,6360,428,13822,3,585,404,6173,54,7573,406,13746,California
Yuba,2021-03-28,100,20867,41,6401,55,13877,4,589,37,6151,63,7636,41,13787,California
Yuba,2021-03-29,296,21163,87,6488,177,14054,32,621,180,6247,116,7752,212,13999,California
Yuba,2021-03-30,275,21438,69,6557,198,14252,8,629,189,6358,86,7838,197,14196,California
Yuba,2021-03-31,676,22114,116,6673,548,14800,12,641,244,6185,431,8269,258,14454,California
Yuba,2021-04-01,625,22739,290,6963,306,15106,29,670,291,6171,334,8603,320,14774,California
Yuba,2021-04-02,496,23235,95,7058,318,15424,83,753,187,6132,308,8911,269,15043,California
Yuba,2021-04-03,653,23888,54,7112,117,15541,482,1235,86,6134,566,9477,568,15611,California
Yuba,2021-04-04,59,23947,11,7123,42,15583,6,1241,33,6147,26,9503,39,15650,California
Yuba,2021-04-05,245,24192,78,7201,146,15729,21,1262,123,6171,120,9623,144,15794,California
Yuba,2021-04-06,356,24548,113,7314,182,15911,61,1323,172,6220,183,9806,232,16026,California
Yuba,2021-04-07,775,25323,400,7714,322,16233,53,1376,350,6202,422,10228,404,16430,California
Yuba,2021-04-08,750,26073,291,8005,195,16428,264,1640,281,6279,468,10696,545,16975,California
Yuba,2021-04-09,402,26475,173,8178,162,16590,67,1707,167,6279,234,10930,234,17209,California
Yuba,2021-04-10,595,27070,71,8249,75,16665,449,2156,70,6274,523,11453,518,17727,California
Yuba,2021-04-11,104,27174,26,8275,66,16731,12,2168,44,6271,59,11512,56,17783,California
Yuba,2021-04-12,210,27384,45,8320,136,16867,29,2197,80,6251,129,11641,109,17892,California
Yuba,2021-04-13,396,27780,102,8422,294,17161,0,2197,202,6260,193,11834,202,18094,California
Yuba,2021-04-14,696,28476,109,8531,587,17748,0,2197,122,5809,573,12407,122,18216,California
Yuba,2021-04-15,336,28812,129,8660,207,17955,0,2197,145,5763,191,12598,145,18361,California
Yuba,2021-04-16,336,29148,99,8759,237,18192,0,2197,179,5786,156,12754,179,18540,California
Yuba,2021-04-17,402,29550,59,8818,343,18535,0,2197,330,6045,71,12825,330,18870,California
Yuba,2021-04-18,53,29603,10,8828,43,18578,0,2197,24,6040,29,12854,24,18894,California
Yuba,2021-04-19,247,29850,103,8931,144,18722,0,2197,105,6003,142,12996,105,18999,California
Yuba,2021-04-20,316,30166,78,9009,238,18960,0,2197,179,6047,136,13132,180,19179,California
Yuba,2021-04-21,700,30866,281,9290,419,19379,0,2197,297,5941,403,13535,297,19476,California
Yuba,2021-04-22,352,31218,137,9427,215,19594,0,2197,196,5981,156,13691,196,19672,California
Yuba,2021-04-23,344,31562,114,9541,230,19824,0,2197,164,5967,178,13869,164,19836,California
Yuba,2021-04-24,215,31777,68,9609,147,19971,0,2197,122,5996,93,13962,122,19958,California
Yuba,2021-04-25,72,31849,29,9638,43,20014,0,2197,35,5994,37,13999,35,19993,California
Yuba,2021-04-26,223,32072,53,9691,166,20180,4,2201,101,5977,122,14121,105,20098,California
Yuba,2021-04-27,473,32545,162,9853,301,20481,10,2211,235,5986,236,14357,245,20343,California
Yuba,2021-04-28,429,32974,175,10028,249,20730,5,2216,144,5856,279,14636,149,20492,California
Yuba,2021-04-29,428,33402,64,10092,363,21093,1,2217,146,5722,281,14917,147,20639,California
Yuba,2021-04-30,330,33732,94,10186,206,21299,30,2247,140,5705,187,15104,170,20809,California
Yuba,2021-05-01,206,33938,91,10277,96,21395,19,2266,93,5705,112,15216,112,20921,California
Yuba,2021-05-02,70,34008,40,10317,26,21421,4,2270,37,5713,33,15249,41,20962,California
Yuba,2021-05-03,164,34172,66,10383,89,21510,9,2279,53,5665,110,15359,62,21024,California
Yuba,2021-05-04,324,34496,94,10477,209,21719,21,2300,144,5650,180,15539,165,21189,California
Yuba,2021-05-05,316,34812,77,10554,232,21951,7,2307,113,5567,203,15742,120,21309,California
Yuba,2021-05-06,277,35089,103,10657,136,22087,38,2345,90,5511,184,15926,128,21437,California
Yuba,2021-05-07,359,35448,94,10751,237,22324,28,2373,122,5423,237,16163,149,21586,California
Yuba,2021-05-08,104,35552,32,10783,69,22393,3,2376,46,5414,58,16221,49,21635,California
Yuba,2021-05-09,52,35604,23,10806,26,22419,3,2379,37,5439,15,16236,40,21675,California
Yuba,2021-05-10,172,35776,56,10862,98,22517,18,2397,54,5394,117,16353,72,21747,California
Yuba,2021-05-11,367,36143,162,11024,191,22708,14,2411,135,5312,230,16583,148,21895,California
Yuba,2021-05-12,249,36392,124,11148,118,22826,7,2418,97,5264,152,16735,104,21999,California
Yuba,2021-05-13,343,36735,186,11334,114,22940,43,2461,108,5182,233,16968,151,22150,California
Yuba,2021-05-14,365,37100,140,11474,205,23145,20,2481,160,5156,205,17173,179,22329,California
Yuba,2021-05-15,433,37533,109,11583,303,23448,21,2502,110,4965,321,17494,130,22459,California
Yuba,2021-05-16,137,37670,44,11627,84,23532,9,2511,85,5008,51,17545,94,22553,California
Yuba,2021-05-17,214,37884,89,11716,105,23637,20,2531,93,5002,119,17664,113,22666,California
Yuba,2021-05-18,391,38275,161,11877,221,23858,9,2540,168,4956,223,17887,177,22843,California
Yuba,2021-05-19,265,38540,148,12025,111,23969,6,2546,138,4973,127,18014,144,22987,California
Yuba,2021-05-20,398,38938,285,12310,102,24071,11,2557,254,5095,143,18157,265,23252,California
Yuba,2021-05-21,475,39413,254,12564,215,24286,6,2563,299,5226,174,18331,305,23557,California
Yuba,2021-05-22,198,39611,112,12676,77,24363,9,2572,84,5205,114,18445,93,23650,California
Yuba,2021-05-23,37,39648,25,12701,12,24375,0,2572,29,5226,8,18453,29,23679,California
Yuba,2021-05-24,150,39798,47,12748,90,24465,13,2585,48,5186,101,18554,61,23740,California
Yuba,2021-05-25,309,40107,106,12854,188,24653,15,2600,115,5123,193,18747,130,23870,California
Yuba,2021-05-26,219,40326,94,12948,113,24766,12,2612,87,5092,130,18877,99,23969,California
Yuba,2021-05-27,232,40558,74,13022,148,24914,10,2622,100,5071,131,19008,110,24079,California
Yuba,2021-05-28,256,40814,117,13139,136,25050,3,2625,132,5082,123,19131,134,24213,California
Yuba,2021-05-29,152,40966,66,13205,66,25116,20,2645,85,5121,66,19197,105,24318,California
Yuba,2021-05-30,47,41013,18,13223,25,25141,4,2649,18,5114,29,19226,22,24340,California
Yuba,2021-05-31,30,41043,4,13227,21,25162,5,2654,13,5115,17,19243,18,24358,California
Yuba,2021-06-01,203,41246,65,13292,131,25293,7,2661,76,5074,123,19366,82,24440,California
Yuba,2021-06-02,92,41338,19,13311,70,25363,3,2664,25,5035,67,19433,28,24468,California
