county,administered_date,total_doses,cumulative_total_doses,pfizer_doses,cumulative_pfizer_doses,moderna_doses,cumulative_moderna_doses,jj_doses,cumulative_jj_doses,partially_vaccinated,total_partially_vaccinated,fully_vaccinated,cumulative_fully_vaccinated,at_least_one_dose,cumulative_at_least_one_dose,california_flag
All CA Counties,2020-12-15,1150,1150,1150,1150,0,0,0,0,1150,1150,0,0,1150,1150,
All CA Counties,2020-12-16,8441,9591,8441,9591,0,0,0,0,8441,9591,0,0,8441,9591,
All CA Counties,2020-12-17,26416,36007,26416,36007,0,0,0,0,26418,36009,0,0,26418,36009,
All CA Counties,2020-12-18,44973,80980,44893,80900,80,80,0,0,44948,80931,26,26,44948,80957,
All CA Counties,2020-12-19,25323,106303,25297,106197,26,106,0,0,25322,106252,1,27,25322,106279,
All CA Counties,2020-12-20,19015,125318,18986,125183,29,135,0,0,19013,125263,2,29,19013,125292,
All CA Counties,2020-12-21,49732,175050,49631,174814,101,236,0,0,49724,174976,12,41,49725,175017,
All CA Counties,2020-12-22,50055,225105,47918,222732,2137,2373,0,0,50047,225019,4,45,50047,225064,
All CA Counties,2020-12-23,50589,275694,41788,264520,8801,11174,0,0,50579,275593,8,53,50582,275646,
All CA Counties,2020-12-24,24077,299771,16336,280856,7741,18915,0,0,24071,299661,5,58,24073,299719,
All CA Counties,2020-12-25,2344,302115,2019,282875,325,19240,0,0,2344,302005,0,58,2344,302063,
All CA Counties,2020-12-26,14595,316710,9442,292317,5153,24393,0,0,14593,316596,2,60,14593,316656,
All CA Counties,2020-12-27,9451,326161,5598,297915,3853,28246,0,0,9448,326041,3,63,9448,326104,
All CA Counties,2020-12-28,46040,372201,29485,327400,16555,44801,0,0,46033,372067,7,70,46033,372137,
All CA Counties,2020-12-29,51258,423459,28573,355973,22685,67486,0,0,51251,423313,5,75,51251,423388,
All CA Counties,2020-12-30,63069,486528,35614,391587,27455,94941,0,0,63055,486359,12,87,63058,486446,
All CA Counties,2020-12-31,29537,516065,10920,402507,18617,113558,0,0,29515,515856,19,106,29516,515962,
All CA Counties,2021-01-01,4452,520517,2012,404519,2440,115998,0,0,4444,520293,7,113,4444,520406,
All CA Counties,2021-01-02,18508,539025,10238,414757,8270,124268,0,0,18506,538799,0,113,18506,538912,
All CA Counties,2021-01-03,6192,545217,3501,418258,2691,126959,0,0,6157,544943,13,126,6157,545069,
All CA Counties,2021-01-04,43649,588866,22078,440336,21571,148530,0,0,43568,588468,43,169,43568,588637,
All CA Counties,2021-01-05,56730,645596,29876,470212,26854,175384,0,0,51154,634139,5515,5684,51186,639823,
All CA Counties,2021-01-06,73523,719119,40583,510795,32940,208324,0,0,57907,676648,15430,21114,57939,697762,
All CA Counties,2021-01-07,92204,811323,52441,563236,39763,248087,0,0,61083,706845,30940,52054,61137,758899,
All CA Counties,2021-01-08,106949,918272,64237,627473,42712,290799,0,0,65192,730532,41566,93620,65253,824152,
All CA Counties,2021-01-09,44453,962725,25567,653040,18886,309685,0,0,27835,741806,16588,110208,27862,852014,
All CA Counties,2021-01-10,24347,987072,14873,667913,9474,319159,0,0,13098,743692,11231,121439,13117,865131,
All CA Counties,2021-01-11,104776,1091848,69697,737610,35079,354238,0,0,60744,760609,43901,165340,60818,925949,
All CA Counties,2021-01-12,113943,1205791,67385,804995,46558,400796,0,0,72594,792206,41189,206529,72786,998735,
All CA Counties,2021-01-13,119538,1325329,62022,867017,57516,458312,0,0,85555,844045,33882,240411,85721,1084456,
All CA Counties,2021-01-14,124314,1449643,49854,916871,74460,532772,0,0,104534,929107,19666,260077,104728,1189184,
All CA Counties,2021-01-15,142510,1592153,52139,969010,90371,623143,0,0,127223,1041364,15163,275240,127420,1316604,
All CA Counties,2021-01-16,80673,1672826,27439,996449,53234,676377,0,0,73051,1106901,7582,282822,73119,1389723,
All CA Counties,2021-01-17,48299,1721125,16892,1013341,31407,707784,0,0,44627,1147915,3660,286482,44674,1434397,
All CA Counties,2021-01-18,88412,1809537,46137,1059478,42275,750059,0,0,69017,1197702,19316,305798,69103,1503500,
All CA Counties,2021-01-19,142261,1951798,73771,1133249,68490,818549,0,0,111004,1277889,31146,336944,111333,1614833,
All CA Counties,2021-01-20,161062,2112860,82208,1215457,78854,897403,0,0,127303,1371933,33526,370470,127570,1742403,
All CA Counties,2021-01-21,174449,2287309,77414,1292871,97035,994438,0,0,155127,1508233,19079,389549,155379,1897782,
All CA Counties,2021-01-22,170137,2457446,69404,1362275,100733,1095171,0,0,155757,1649893,14240,403789,155900,2053682,
All CA Counties,2021-01-23,111627,2569073,49550,1411825,62077,1157248,0,0,99054,1736539,12514,416303,99160,2152842,
All CA Counties,2021-01-24,60992,2630065,29477,1441302,31515,1188763,0,0,56314,1788267,4646,420949,56374,2209216,
All CA Counties,2021-01-25,145631,2775696,65470,1506772,80161,1268924,0,0,110308,1863628,35165,456114,110526,2319742,
All CA Counties,2021-01-26,169606,2945302,83258,1590030,86348,1355272,0,0,131851,1958178,37567,493681,132117,2451859,
All CA Counties,2021-01-27,183205,3128507,88158,1678188,95047,1450319,0,0,143603,2062772,39245,532926,143839,2595698,
All CA Counties,2021-01-28,188836,3317343,87227,1765415,101609,1551928,0,0,154479,2183396,34035,566961,154659,2750357,
All CA Counties,2021-01-29,184651,3501994,88791,1854206,95860,1647788,0,0,149740,2298995,34295,601256,149894,2900251,
All CA Counties,2021-01-30,124125,3626119,56026,1910232,68099,1715887,0,0,108623,2392420,15330,616586,108755,3009006,
All CA Counties,2021-01-31,69385,3695504,38908,1949140,30477,1746364,0,0,64569,2452280,4766,621352,64626,3073632,
All CA Counties,2021-02-01,162097,3857601,76008,2025148,86089,1832453,0,0,121290,2533076,40629,661981,121425,3195057,
All CA Counties,2021-02-02,185586,4043187,78173,2103321,107413,1939866,0,0,141015,2630039,44274,706255,141237,3336294,
All CA Counties,2021-02-03,211140,4254327,95628,2198949,115512,2055378,0,0,156624,2732916,53992,760247,156869,3493163,
All CA Counties,2021-02-04,228102,4482429,99935,2298884,128167,2183545,0,0,167373,2840470,60174,820421,167728,3660891,
All CA Counties,2021-02-05,246498,4728927,106612,2405496,139886,2323431,0,0,167494,2930364,78132,898553,168026,3828917,
All CA Counties,2021-02-06,155232,4884159,75243,2480739,79989,2403420,0,0,120386,3016567,34672,933225,120875,3949792,
All CA Counties,2021-02-07,67209,4951368,43562,2524301,23647,2427067,0,0,50751,3051394,16376,949601,51203,4000995,
All CA Counties,2021-02-08,181871,5133239,89797,2614098,92074,2519141,0,0,120078,3110928,61270,1010871,120804,4121799,
All CA Counties,2021-02-09,211761,5345000,102488,2716586,109273,2628414,0,0,126955,3154727,84300,1095171,128099,4249898,
All CA Counties,2021-02-10,249018,5594018,119971,2836557,129047,2757461,0,0,138244,3184562,109885,1205056,139720,4389618,
All CA Counties,2021-02-11,266215,5860233,131877,2968434,134338,2891799,0,0,145357,3212296,119412,1324468,147146,4536764,
All CA Counties,2021-02-12,272842,6133075,119522,3087956,153320,3045119,0,0,147187,3237251,124600,1449068,149555,4686319,
All CA Counties,2021-02-13,166870,6299945,77403,3165359,89467,3134586,0,0,92153,3257040,74317,1523385,94106,4780425,
All CA Counties,2021-02-14,95391,6395336,47464,3212823,47927,3182513,0,0,51605,3266584,43607,1566992,53151,4833576,
All CA Counties,2021-02-15,142657,6537993,62565,3275388,80092,3262605,0,0,78828,3285197,63339,1630331,81952,4915528,
All CA Counties,2021-02-16,249390,6787383,118439,3393827,130951,3393556,0,0,133238,3305795,115734,1746065,136332,5051860,
All CA Counties,2021-02-17,259938,7047321,129596,3523423,130342,3523898,0,0,129124,3307982,130133,1876198,132320,5184180,
All CA Counties,2021-02-18,273875,7321196,143008,3666431,130867,3654765,0,0,132080,3303496,140764,2016962,136278,5320458,
All CA Counties,2021-02-19,254028,7575224,147275,3813706,106753,3761518,0,0,130780,3313709,122652,2139614,132865,5453323,
All CA Counties,2021-02-20,154076,7729300,98718,3912424,55358,3816876,0,0,84642,3331200,69136,2208750,86627,5539950,
All CA Counties,2021-02-21,83096,7812396,68811,3981235,14285,3831161,0,0,41716,3333360,41104,2249854,43264,5583214,
All CA Counties,2021-02-22,165148,7977544,110615,4091850,54533,3885694,0,0,82629,3335553,82164,2332018,84357,5667571,
All CA Counties,2021-02-23,226856,8204400,120057,4211907,106799,3992493,0,0,105639,3326673,120512,2452530,111632,5779203,
All CA Counties,2021-02-24,284464,8488864,143920,4355827,140544,4133037,0,0,135026,3320525,148722,2601252,142574,5921777,
All CA Counties,2021-02-25,323274,8812138,159534,4515361,163740,4296777,0,0,169282,3345139,153224,2754476,177838,6099615,
All CA Counties,2021-02-26,357800,9169938,166854,4682215,190946,4487723,0,0,199170,3393954,157640,2912116,206455,6306070,
All CA Counties,2021-02-27,253930,9423868,123694,4805909,130213,4617936,23,23,144177,3433497,109071,3021187,148614,6454684,
All CA Counties,2021-02-28,135418,9559286,81259,4887168,54148,4672084,11,34,79579,3460536,55392,3076579,82431,6537115,
All CA Counties,2021-03-01,244861,9804147,130821,5017989,113916,4786000,124,158,141027,3502829,102860,3179439,145153,6682268,
All CA Counties,2021-03-02,289980,10094127,146678,5164667,143275,4929275,27,185,174768,3569912,114602,3294041,181685,6863953,
All CA Counties,2021-03-03,335061,10429188,166915,5331582,168083,5097358,63,248,193469,3629903,140839,3434880,200830,7064783,
All CA Counties,2021-03-04,353189,10782377,178539,5510121,174556,5271914,94,342,207518,3699737,144810,3579690,214644,7279427,
All CA Counties,2021-03-05,340380,11122757,167386,5677507,171867,5443781,1127,1469,211778,3792236,127671,3707361,220170,7499597,
All CA Counties,2021-03-06,259914,11382671,133477,5810984,118579,5562360,7858,9327,161645,3868646,97801,3805162,174211,7673808,
All CA Counties,2021-03-07,128080,11510751,78674,5889658,45244,5607604,4162,13489,80285,3909168,47601,3852763,88123,7761931,
All CA Counties,2021-03-08,219533,11730284,106566,5996224,102462,5710066,10505,23994,143702,3992951,75386,3928149,159169,7921100,
All CA Counties,2021-03-09,292053,12022337,139625,6135849,136483,5846549,15945,39939,163918,4049293,127565,4055714,183907,8105007,
All CA Counties,2021-03-10,323203,12345540,161186,6297035,137538,5984087,24479,64418,175237,4106239,146933,4202647,203879,8308886,
All CA Counties,2021-03-11,376980,12722520,182211,6479246,161440,6145527,33329,97747,193676,4155376,182049,4384696,231186,8540072,
All CA Counties,2021-03-12,395765,13118285,176850,6656096,172595,6318122,46320,144067,194196,4199438,200616,4585312,244678,8784750,
All CA Counties,2021-03-13,284014,13402299,124977,6781073,127860,6445982,31177,175244,153473,4258205,130073,4715385,188840,8973590,
All CA Counties,2021-03-14,155116,13557415,83391,6864464,56619,6502601,15106,190350,78655,4278067,76162,4791547,96024,9069614,
All CA Counties,2021-03-15,291098,13848513,139085,7003549,131390,6633991,20623,210973,158319,4328338,132001,4923548,182272,9251886,
All CA Counties,2021-03-16,370667,14219180,174115,7177664,179243,6813234,17309,228282,214778,4408507,155116,5078664,235285,9487171,
All CA Counties,2021-03-17,385228,14604408,190842,7368506,175701,6988935,18685,246967,238534,4522521,145719,5224383,259733,9746904,
All CA Counties,2021-03-18,401189,15005597,205423,7573929,177717,7166652,18049,265016,237750,4618136,162276,5386659,257891,10004795,
All CA Counties,2021-03-19,411121,15416718,216103,7790032,173373,7340025,21645,286661,238260,4708418,171684,5558343,261966,10266761,
All CA Counties,2021-03-20,295502,15712220,155560,7945592,124056,7464081,15886,302547,186512,4804064,108256,5666599,203902,10470663,
All CA Counties,2021-03-21,143900,15856120,99472,8045064,36890,7500971,7538,310085,88297,4846110,55179,5721778,97225,10567888,
All CA Counties,2021-03-22,273643,16129763,159374,8204438,103028,7603999,11241,321326,177671,4942945,95114,5816892,191949,10759837,
All CA Counties,2021-03-23,357552,16487315,196803,8401241,149667,7753666,11082,332408,219318,5038677,137261,5954153,232993,10992830,
All CA Counties,2021-03-24,388050,16875365,222147,8623388,153373,7907039,12530,344938,225541,5117593,161245,6115398,240161,11232991,
All CA Counties,2021-03-25,418331,17293696,230491,8853879,172948,8079987,14892,359830,236771,5191245,180161,6295559,253813,11486804,
All CA Counties,2021-03-26,435382,17729078,232907,9086786,186369,8266356,16106,375936,234899,5245874,199218,6494777,253847,11740651,
All CA Counties,2021-03-27,313288,18042366,166623,9253409,134886,8401242,11779,387715,157642,5262763,154780,6649557,171669,11912320,
All CA Counties,2021-03-28,169536,18211902,109149,9362558,56798,8458040,3589,391304,88509,5276504,80529,6730086,94270,12006590,
All CA Counties,2021-03-29,310574,18522476,167178,9529736,134334,8592374,9062,400366,172657,5323609,137118,6867204,184223,12190813,
All CA Counties,2021-03-30,398779,18921255,202004,9731740,178520,8770894,18255,418621,224245,5394166,173707,7040911,244264,12435077,
All CA Counties,2021-03-31,426593,19347848,232139,9963879,172757,8943651,21697,440318,237278,5465932,188217,7229128,259983,12695060,
All CA Counties,2021-04-01,492599,19840447,252275,10216154,200000,9143651,40324,480642,271287,5558842,219825,7448953,312735,13007795,
All CA Counties,2021-04-02,474098,20314545,231171,10447325,199714,9343365,43213,523855,257502,5645847,215317,7664270,302322,13310117,
All CA Counties,2021-04-03,329842,20644387,168067,10615392,120283,9463648,41492,565347,164481,5688255,164673,7828943,207081,13517198,
All CA Counties,2021-04-04,132615,20777002,69190,10684582,44357,9508005,19068,584415,58083,5691320,74213,7903156,77278,13594476,
All CA Counties,2021-04-05,353594,21130596,182244,10866826,131568,9639573,39782,624197,174195,5729052,178668,8081824,216400,13810876,
All CA Counties,2021-04-06,457774,21588370,231996,11098822,160179,9799752,65599,689796,221991,5783703,234822,8316646,289473,14100349,
All CA Counties,2021-04-07,472612,22060982,245317,11344139,157296,9957048,69999,759795,230323,5843707,241300,8557946,301304,14401653,
All CA Counties,2021-04-08,500306,22561288,252283,11596422,163560,10120608,84463,844258,235776,5902874,263273,8821219,322440,14724093,
All CA Counties,2021-04-09,495132,23056420,246801,11843223,168429,10289037,79902,924160,228358,5948537,265655,9086874,311318,15035411,
All CA Counties,2021-04-10,368157,23424577,168532,12011755,125285,10414322,74340,998500,154515,5967190,212866,9299740,231519,15266930,
All CA Counties,2021-04-11,187799,23612376,105410,12117165,48183,10462505,34206,1032706,77799,5972379,109639,9409379,114828,15381758,
All CA Counties,2021-04-12,340505,23952881,174813,12291978,127509,10590014,38183,1070889,157871,5990404,181608,9590987,199633,15581391,
All CA Counties,2021-04-13,433859,24386740,242815,12534793,190085,10780099,959,1071848,242715,6047182,190079,9781066,246857,15828248,
All CA Counties,2021-04-14,453910,24840650,254413,12789206,199204,10979303,293,1072141,236893,6073396,215804,9996870,242018,16070266,
All CA Counties,2021-04-15,494132,25334782,287786,13076992,206057,11185360,289,1072430,277621,6139523,215041,10211911,281168,16351434,
All CA Counties,2021-04-16,477408,25812190,268677,13345669,208421,11393781,310,1072740,255276,6177293,220884,10432795,258654,16610088,
All CA Counties,2021-04-17,343056,26155246,192156,13537825,150836,11544617,64,1072804,195074,6228807,147131,10579926,198645,16808733,
All CA Counties,2021-04-18,155060,26310306,98506,13636331,56536,11601153,18,1072822,79860,6237081,74785,10654711,83059,16891792,
All CA Counties,2021-04-19,319726,26630032,184059,13820390,135573,11736726,94,1072916,151606,6223604,167197,10821908,153720,17045512,
All CA Counties,2021-04-20,406946,27036978,216551,14036941,190323,11927049,72,1072988,202679,6226329,203206,11025114,205931,17251443,
All CA Counties,2021-04-21,421280,27458258,238400,14275341,182615,12109664,265,1073253,202703,6215293,217137,11242251,206101,17457544,
All CA Counties,2021-04-22,446466,27904724,254348,14529689,192041,12301705,77,1073330,199318,6172144,245745,11487996,202596,17660140,
All CA Counties,2021-04-23,439180,28343904,249700,14779389,189392,12491097,88,1073418,199205,6136215,238547,11726543,202618,17862758,
All CA Counties,2021-04-24,325367,28669271,204885,14984274,120305,12611402,177,1073595,165316,6145912,159058,11885601,168755,18031513,
All CA Counties,2021-04-25,149754,28819025,98709,15082983,50977,12662379,68,1073663,80506,6159199,68729,11954330,82016,18113529,
All CA Counties,2021-04-26,300000,29119025,173333,15256316,125139,12787518,1528,1075191,131341,6129022,167653,12121983,137476,18251005,
All CA Counties,2021-04-27,367289,29486314,202738,15459054,157963,12945481,6588,1081779,147900,6068554,218222,12340205,157754,18408759,
All CA Counties,2021-04-28,352274,29838588,201603,15660657,142760,13088241,7911,1089690,145360,6018361,205799,12546004,155606,18564365,
All CA Counties,2021-04-29,361834,30200422,208021,15868678,145892,13234133,7921,1097611,132955,5933398,227682,12773686,142719,18707084,
All CA Counties,2021-04-30,372841,30573263,213871,16082549,150077,13384210,8893,1106504,140990,5854677,230549,13004235,151828,18858912,
All CA Counties,2021-05-01,247653,30820916,158299,16240848,83296,13467506,6058,1112562,89876,5795913,156921,13161156,98157,18957069,
All CA Counties,2021-05-02,116832,30937748,81647,16322495,31308,13498814,3877,1116439,40897,5765526,75536,13236692,45149,19002218,
All CA Counties,2021-05-03,253102,31190850,155418,16477913,88944,13587758,8740,1125179,77272,5677432,174964,13411656,86870,19089088,
All CA Counties,2021-05-04,325466,31516316,198326,16676239,117395,13705153,9745,1134924,96177,5556312,228205,13639861,107085,19196173,
All CA Counties,2021-05-05,329520,31845836,204732,16880971,114780,13819933,10008,1144932,93077,5425161,235217,13875078,104066,19300239,
All CA Counties,2021-05-06,348328,32194164,227198,17108169,110591,13930524,10539,1155471,88466,5268461,258203,14133281,101503,19401742,
All CA Counties,2021-05-07,346073,32540237,217066,17325235,119179,14049703,9828,1165299,94051,5122919,250651,14383932,105109,19506851,
All CA Counties,2021-05-08,224806,32765043,142419,17467654,75510,14125213,6877,1172176,61817,5031020,162062,14545994,70163,19577014,
All CA Counties,2021-05-09,93301,32858344,70326,17537980,20005,14145218,2970,1175146,25461,4992383,67511,14613505,28874,19605888,
All CA Counties,2021-05-10,201782,33060126,114939,17652919,79016,14224234,7827,1182973,50451,4901432,150528,14764033,59577,19665465,
All CA Counties,2021-05-11,265100,33325226,148648,17801567,107880,14332114,8572,1191545,70435,4788476,193732,14957765,80776,19746241,
All CA Counties,2021-05-12,265307,33590533,153830,17955397,102425,14434539,9052,1200597,75222,4684913,189052,15146817,85489,19831730,
All CA Counties,2021-05-13,308878,33899411,199282,18154679,102288,14536827,7308,1207905,118003,4623188,189760,15336577,128035,19959765,
All CA Counties,2021-05-14,332996,34232407,212921,18367600,111304,14648131,8771,1216676,131434,4565115,200378,15536955,142305,20102070,
All CA Counties,2021-05-15,276007,34508414,192557,18560157,77496,14725627,5954,1222630,113289,4523451,161858,15698813,120194,20222264,
All CA Counties,2021-05-16,136086,34644500,104438,18664595,28730,14754357,2918,1225548,55124,4501373,80520,15779333,58442,20280706,
All CA Counties,2021-05-17,238031,34882531,156613,18821208,74042,14828399,7376,1232924,95648,4463757,141506,15920839,103890,20384596,
All CA Counties,2021-05-18,279104,35161635,170014,18991222,101712,14930111,7378,1240302,110369,4415289,167622,16088461,119154,20503750,
All CA Counties,2021-05-19,273208,35434843,170814,19162036,94885,15024996,7509,1247811,114755,4381241,157424,16245885,123376,20627126,
All CA Counties,2021-05-20,260490,35695333,155595,19317631,96800,15121796,8095,1255906,101608,4334927,157750,16403635,111436,20738562,
All CA Counties,2021-05-21,280193,35975526,172575,19490206,99683,15221479,7935,1263841,108537,4282398,170433,16574068,117904,20856466,
All CA Counties,2021-05-22,201597,36177123,133473,19623679,62030,15283509,6094,1269935,85671,4260384,115146,16689214,93132,20949598,
All CA Counties,2021-05-23,86038,36263161,59813,19683492,23543,15307052,2682,1272617,37610,4253166,48028,16737242,40810,20990408,
All CA Counties,2021-05-24,166241,36429402,96545,19780037,61441,15368493,8255,1280872,62785,4222384,102658,16839900,71876,21062284,
All CA Counties,2021-05-25,188193,36617595,110791,19890828,69448,15437941,7954,1288826,72316,4188901,114877,16954777,81394,21143678,
All CA Counties,2021-05-26,182954,36800549,105365,19996193,69801,15507742,7788,1296614,72256,4160192,109635,17064412,80926,21224604,
All CA Counties,2021-05-27,170880,36971429,97686,20093879,64706,15572448,8488,1305102,69945,4139692,100120,17164532,79620,21304224,
All CA Counties,2021-05-28,187003,37158432,108105,20201984,71879,15644327,7019,1312121,81640,4125202,104451,17268983,89961,21394185,
All CA Counties,2021-05-29,105816,37264248,65018,20267002,37031,15681358,3767,1315888,50673,4125612,54624,17323607,55034,21449219,
All CA Counties,2021-05-30,46766,37311014,30894,20297896,13427,15694785,2445,1318333,21040,4123871,25501,17349108,23760,21472979,
All CA Counties,2021-05-31,19807,37330821,11700,20309596,7130,15701915,977,1319310,6587,4118489,13081,17362189,7699,21480678,
All CA Counties,2021-06-01,167063,37497884,97696,20407292,62370,15764285,6997,1326307,62229,4084865,103887,17466076,70263,21550941,
All CA Counties,2021-06-02,141370,37639254,83674,20490966,50637,15814922,7059,1333366,54844,4061917,85650,17551726,62702,21613643,
All CA Counties,2021-06-03,169552,37808806,116101,20607067,46477,15861399,6974,1340340,53795,4008869,114949,17666675,61901,21675544,
All CA Counties,2021-06-04,197386,38006192,139391,20746458,51903,15913302,6092,1346432,61778,3944142,134605,17801280,69878,21745422,
All CA Counties,2021-06-05,155606,38161798,117575,20864033,32518,15945820,5513,1351945,44782,3885454,110050,17911330,51362,21796784,
All CA Counties,2021-06-06,62914,38224712,53023,20917056,7712,15953532,2179,1354124,18411,3862725,44219,17955549,21490,21818274,
All CA Counties,2021-06-07,135128,38359840,99339,21016395,29959,15983491,5830,1359954,40833,3816535,93709,18049258,47519,21865793,
All CA Counties,2021-06-08,156429,38516269,113719,21130114,36010,16019501,6700,1366654,47553,3764028,108013,18157271,55506,21921299,
All CA Counties,2021-06-09,150228,38666497,109408,21239522,34147,16053648,6673,1373327,41833,3706090,107623,18264894,49685,21970984,
All CA Counties,2021-06-10,143817,38810314,103699,21343221,33001,16086649,7117,1380444,42495,3656307,100620,18365514,50837,22021821,
All CA Counties,2021-06-11,155965,38966279,109792,21453013,39623,16126272,6550,1386994,48581,3605962,106521,18472035,56176,22077997,
All CA Counties,2021-06-12,112196,39078475,85039,21538052,23527,16149799,3630,1390624,31818,3562310,79856,18551891,36204,22114201,
All CA Counties,2021-06-13,43758,39122233,32544,21570596,9228,16159027,1986,1392610,11115,3543474,32406,18584297,13570,22127771,
All CA Counties,2021-06-14,98787,39221020,67040,21637636,25366,16184393,6381,1398991,31271,3514847,67005,18651302,38378,22166149,
All CA Counties,2021-06-15,126141,39347161,85352,21722988,32678,16217071,8111,1407102,42830,3484385,82517,18733819,52055,22218204,
All CA Counties,2021-06-16,60091,39407252,40840,21763828,13007,16230078,6244,1413346,18619,3468761,41111,18774930,25487,22243691,
All CA and Non-CA Counties,2020-12-15,1158,1158,1158,1158,0,0,0,0,1158,1158,0,0,1158,1158,
All CA and Non-CA Counties,2020-12-16,8716,9874,8716,9874,0,0,0,0,8716,9874,0,0,8716,9874,
All CA and Non-CA Counties,2020-12-17,28026,37900,28026,37900,0,0,0,0,28026,37900,0,0,28026,37900,
All CA and Non-CA Counties,2020-12-18,47528,85428,47441,85341,87,87,0,0,47502,85376,26,26,47502,85402,
All CA and Non-CA Counties,2020-12-19,26360,111788,26333,111674,27,114,0,0,26359,111734,1,27,26359,111761,
All CA and Non-CA Counties,2020-12-20,19695,131483,19663,131337,32,146,0,0,19693,131425,2,29,19693,131454,
All CA and Non-CA Counties,2020-12-21,51926,183409,51822,183159,104,250,0,0,51914,183328,12,41,51915,183369,
All CA and Non-CA Counties,2020-12-22,52125,235534,49913,233072,2212,2462,0,0,52117,235441,4,45,52117,235486,
All CA and Non-CA Counties,2020-12-23,52130,287664,43184,276256,8946,11408,0,0,52119,287554,9,54,52122,287608,
All CA and Non-CA Counties,2020-12-24,24886,312550,16953,293209,7933,19341,0,0,24878,312428,6,60,24880,312488,
All CA and Non-CA Counties,2020-12-25,2379,314929,2049,295258,330,19671,0,0,2379,314807,0,60,2379,314867,
All CA and Non-CA Counties,2020-12-26,14902,329831,9647,304905,5255,24926,0,0,14900,329705,2,62,14900,329767,
All CA and Non-CA Counties,2020-12-27,9640,339471,5670,310575,3970,28896,0,0,9637,339339,3,65,9637,339404,
All CA and Non-CA Counties,2020-12-28,47453,386924,30385,340960,17068,45964,0,0,47446,386778,7,72,47446,386850,
All CA and Non-CA Counties,2020-12-29,52804,439728,29598,370558,23206,69170,0,0,52797,439570,5,77,52797,439647,
All CA and Non-CA Counties,2020-12-30,65007,504735,36897,407455,28110,97280,0,0,64993,504554,12,89,64996,504643,
All CA and Non-CA Counties,2020-12-31,30643,535378,11523,418978,19120,116400,0,0,30619,535154,20,109,30620,535263,
All CA and Non-CA Counties,2021-01-01,4567,539945,2038,421016,2529,118929,0,0,4559,539706,7,116,4559,539822,
All CA and Non-CA Counties,2021-01-02,18753,558698,10373,431389,8380,127309,0,0,18750,558455,1,117,18750,558572,
All CA and Non-CA Counties,2021-01-03,6364,565062,3592,434981,2772,130081,0,0,6329,564771,13,130,6329,564901,
All CA and Non-CA Counties,2021-01-04,44798,609860,22588,457569,22210,152291,0,0,44712,609439,44,174,44712,609613,
All CA and Non-CA Counties,2021-01-05,58285,668145,30701,488270,27584,179875,0,0,52515,656280,5707,5881,52548,662161,
All CA and Non-CA Counties,2021-01-06,76219,744364,42178,530448,34041,213916,0,0,59863,700009,16166,22047,59895,722056,
All CA and Non-CA Counties,2021-01-07,96421,840785,55044,585492,41377,255293,0,0,63642,731112,32596,54643,63699,785755,
All CA and Non-CA Counties,2021-01-08,111449,952234,67153,652645,44296,299589,0,0,67807,755543,43442,98085,67873,853628,
All CA and Non-CA Counties,2021-01-09,45757,997991,26100,678745,19657,319246,0,0,28812,767469,16915,115000,28841,882469,
All CA and Non-CA Counties,2021-01-10,24648,1022639,15057,693802,9591,328837,0,0,13276,769410,11354,126354,13295,895764,
All CA and Non-CA Counties,2021-01-11,108082,1130721,71727,765529,36355,365192,0,0,62709,786954,45241,171595,62785,958549,
All CA and Non-CA Counties,2021-01-12,117800,1248521,69699,835228,48101,413293,0,0,74902,819322,42732,214327,75100,1033649,
All CA and Non-CA Counties,2021-01-13,123216,1371737,63839,899067,59377,472670,0,0,88041,872456,35075,249402,88209,1121858,
All CA and Non-CA Counties,2021-01-14,128028,1499765,51141,950208,76887,549557,0,0,107599,959953,20302,269704,107799,1229657,
All CA and Non-CA Counties,2021-01-15,146721,1646486,53155,1003363,93566,643123,0,0,130953,1075473,15631,285335,131151,1360808,
All CA and Non-CA Counties,2021-01-16,83369,1729855,27837,1031200,55532,698655,0,0,75567,1143355,7753,293088,75635,1436443,
All CA and Non-CA Counties,2021-01-17,48807,1778662,17047,1048247,31760,730415,0,0,45085,1184777,3710,296798,45132,1481575,
All CA and Non-CA Counties,2021-01-18,89643,1868305,46930,1095177,42713,773128,0,0,69793,1234886,19770,316568,69879,1551454,
All CA and Non-CA Counties,2021-01-19,146386,2014691,75112,1170289,71274,844402,0,0,114230,1317405,32044,348612,114563,1666017,
All CA and Non-CA Counties,2021-01-20,165566,2180257,83698,1253987,81868,926270,0,0,130807,1413960,34523,383135,131078,1797095,
All CA and Non-CA Counties,2021-01-21,178718,2358975,78609,1332596,100109,1026379,0,0,158815,1553390,19644,402779,159074,1956169,
All CA and Non-CA Counties,2021-01-22,174742,2533717,70523,1403119,104219,1130598,0,0,159951,1698840,14646,417425,160096,2116265,
All CA and Non-CA Counties,2021-01-23,113858,2647575,49890,1453009,63968,1194566,0,0,101120,1787387,12679,430104,101226,2217491,
All CA and Non-CA Counties,2021-01-24,61578,2709153,29714,1482723,31864,1226430,0,0,56821,1839543,4725,434829,56881,2274372,
All CA and Non-CA Counties,2021-01-25,150091,2859244,67396,1550119,82695,1309125,0,0,113898,1917629,36031,470860,114117,2388489,
All CA and Non-CA Counties,2021-01-26,175474,3034718,86076,1636195,89398,1398523,0,0,136865,2016344,38423,509283,137138,2525627,
All CA and Non-CA Counties,2021-01-27,188067,3222785,90682,1726877,97385,1495908,0,0,147830,2124539,39876,549159,148071,2673698,
All CA and Non-CA Counties,2021-01-28,193888,3416673,89913,1816790,103975,1599883,0,0,158937,2249036,34621,583780,159118,2832816,
All CA and Non-CA Counties,2021-01-29,189404,3606077,91735,1908525,97669,1697552,0,0,153691,2367790,35092,618872,153846,2986662,
All CA and Non-CA Counties,2021-01-30,128317,3734394,58215,1966740,70102,1767654,0,0,112586,2464948,15561,634433,112719,3099381,
All CA and Non-CA Counties,2021-01-31,72185,3806579,41306,2008046,30879,1798533,0,0,67314,2527499,4821,639254,67372,3166753,
All CA and Non-CA Counties,2021-02-01,167431,3974010,78469,2086515,88962,1887495,0,0,125901,2612190,41345,680599,126036,3292789,
All CA and Non-CA Counties,2021-02-02,192158,4166168,80219,2166734,111939,1999434,0,0,146864,2714286,44990,725589,147086,3439875,
All CA and Non-CA Counties,2021-02-03,218310,4384478,97571,2264305,120739,2120173,0,0,162921,2822595,54858,780447,163167,3603042,
All CA and Non-CA Counties,2021-02-04,234749,4619227,101961,2366266,132788,2252961,0,0,173010,2934786,61175,841622,173366,3776408,
All CA and Non-CA Counties,2021-02-05,253128,4872355,108666,2474932,144462,2397423,0,0,173038,3029143,79213,920835,173570,3949978,
All CA and Non-CA Counties,2021-02-06,159360,5031715,77109,2552041,82251,2479674,0,0,124047,3118551,35131,955966,124539,4074517,
All CA and Non-CA Counties,2021-02-07,69157,5100872,45122,2597163,24035,2503709,0,0,52620,3155170,16455,972421,53074,4127591,
All CA and Non-CA Counties,2021-02-08,186650,5287522,92618,2689781,94032,2597741,0,0,123788,3217356,62328,1034749,124514,4252105,
All CA and Non-CA Counties,2021-02-09,215812,5503334,104192,2793973,111620,2709361,0,0,129702,3262622,85594,1120343,130860,4382965,
All CA and Non-CA Counties,2021-02-10,254420,5757754,121723,2915696,132697,2842058,0,0,141207,3293030,112316,1232659,142724,4525689,
All CA and Non-CA Counties,2021-02-11,270872,6028626,133974,3049670,136898,2978956,0,0,148685,3322791,120731,1353390,150492,4676181,
All CA and Non-CA Counties,2021-02-12,278019,6306645,121411,3171081,156608,3135564,0,0,150528,3349270,126422,1479812,152901,4829082,
All CA and Non-CA Counties,2021-02-13,169204,6475849,78069,3249150,91135,3226699,0,0,93931,3370295,74871,1554683,95896,4924978,
All CA and Non-CA Counties,2021-02-14,96685,6572534,47838,3296988,48847,3275546,0,0,52658,3380657,43844,1598527,54206,4979184,
All CA and Non-CA Counties,2021-02-15,145139,6717673,64042,3361030,81097,3356643,0,0,80044,3399238,64590,1663117,83171,5062355,
All CA and Non-CA Counties,2021-02-16,255646,6973319,121164,3482194,134482,3491125,0,0,135771,3418662,119445,1782562,138869,5201224,
All CA and Non-CA Counties,2021-02-17,265577,7238896,132291,3614485,133286,3624411,0,0,130912,3418797,133978,1916540,134113,5335337,
All CA and Non-CA Counties,2021-02-18,280044,7518940,146453,3760938,133591,3758002,0,0,134115,3412234,144876,2061416,138313,5473650,
All CA and Non-CA Counties,2021-02-19,259588,7778528,151080,3912018,108508,3866510,0,0,133201,3421738,125784,2187200,135288,5608938,
All CA and Non-CA Counties,2021-02-20,157154,7935682,101146,4013164,56008,3922518,0,0,85879,3438630,70973,2258173,87865,5696803,
All CA and Non-CA Counties,2021-02-21,85577,8021259,71074,4084238,14503,3937021,0,0,42545,3439973,42750,2300923,44093,5740896,
All CA and Non-CA Counties,2021-02-22,168479,8189738,113006,4197244,55473,3992494,0,0,84253,3442090,83868,2384791,85985,5826881,
All CA and Non-CA Counties,2021-02-23,232710,8422448,123294,4320538,109416,4101910,0,0,107973,3432046,124024,2508815,113980,5940861,
All CA and Non-CA Counties,2021-02-24,290684,8713132,147309,4467847,143375,4245285,0,0,137478,3424593,152483,2661298,145030,6085891,
All CA and Non-CA Counties,2021-02-25,330006,9043138,162918,4630765,167088,4412373,0,0,172361,3448667,156847,2818145,180921,6266812,
All CA and Non-CA Counties,2021-02-26,364476,9407614,170315,4801080,194161,4606534,0,0,202273,3497100,161126,2979271,209559,6476371,
All CA and Non-CA Counties,2021-02-27,259164,9666778,126228,4927308,132912,4739446,24,24,146057,3535186,112412,3091683,150498,6626869,
All CA and Non-CA Counties,2021-02-28,137638,9804416,82825,5010133,54801,4794247,12,36,80380,3561613,56807,3148490,83234,6710103,
All CA and Non-CA Counties,2021-03-01,249395,10053811,133561,5143694,115709,4909956,125,161,142381,3602098,106028,3254518,146513,6856616,
All CA and Non-CA Counties,2021-03-02,296506,10350317,148997,5292691,147482,5057438,27,188,176827,3666788,119056,3373574,183746,7040362,
All CA and Non-CA Counties,2021-03-03,342814,10693131,169866,5462557,172883,5230321,65,253,196155,3724418,145891,3519465,203521,7243883,
All CA and Non-CA Counties,2021-03-04,359860,11052991,181296,5643853,178464,5408785,100,353,209844,3792260,149136,3668601,216978,7460861,
All CA and Non-CA Counties,2021-03-05,345597,11398588,169984,5813837,174472,5583257,1141,1494,214514,3885044,130144,3798745,222928,7683789,
All CA and Non-CA Counties,2021-03-06,264480,11663068,135573,5949410,120891,5704148,8016,9510,163986,3961738,100025,3898770,176719,7860508,
All CA and Non-CA Counties,2021-03-07,129627,11792695,79660,6029070,45748,5749896,4219,13729,81236,4002675,48196,3946966,89133,7949641,
All CA and Non-CA Counties,2021-03-08,222644,12015339,108419,6137489,103484,5853380,10741,24470,145899,4088013,76271,4023237,161609,8111250,
All CA and Non-CA Counties,2021-03-09,296723,12312062,142039,6279528,138442,5991822,16242,40712,166695,4145539,129455,4152692,186981,8298231,
All CA and Non-CA Counties,2021-03-10,327534,12639596,163270,6442798,139292,6131114,24972,65684,177936,4204061,148556,4301248,207078,8505309,
All CA and Non-CA Counties,2021-03-11,383085,13022681,185326,6628124,163757,6294871,34002,99686,196971,4254365,184851,4486099,235155,8740464,
All CA and Non-CA Counties,2021-03-12,402211,13424892,180740,6808864,174432,6469303,47039,146725,197758,4299836,203489,4689588,248960,8989424,
All CA and Non-CA Counties,2021-03-13,287760,13712652,127152,6936016,128977,6598280,31631,178356,156035,4360447,131249,4820837,191860,9181284,
All CA and Non-CA Counties,2021-03-14,156888,13869540,84308,7020324,57138,6655418,15442,193798,79619,4380802,76970,4897807,97325,9278609,
All CA and Non-CA Counties,2021-03-15,295130,14164670,141204,7161528,132837,6788255,21089,214887,160477,4431832,133870,5031677,184900,9463509,
All CA and Non-CA Counties,2021-03-16,378181,14542851,178483,7340011,181996,6970251,17702,232589,218963,4513248,158443,5190120,239859,9703368,
All CA and Non-CA Counties,2021-03-17,393655,14936506,196306,7536317,178286,7148537,19063,251652,243616,4629380,149062,5339182,265194,9968562,
All CA and Non-CA Counties,2021-03-18,409500,15346006,210558,7746875,180351,7328888,18591,270243,242559,4726854,165768,5504950,263242,10231804,
All CA and Non-CA Counties,2021-03-19,418428,15764434,220440,7967315,175799,7504687,22189,292432,242637,4819135,174610,5679560,266891,10498695,
All CA and Non-CA Counties,2021-03-20,300241,16064675,158690,8126005,125577,7630264,15974,308406,190132,4917388,109358,5788918,207611,10706306,
All CA and Non-CA Counties,2021-03-21,145985,16210660,100905,8226910,37454,7667718,7626,316032,89965,4960775,55594,5844512,98981,10805287,
All CA and Non-CA Counties,2021-03-22,276922,16487582,161348,8388258,104243,7771961,11331,327363,179915,5058920,96137,5940649,194282,10999569,
All CA and Non-CA Counties,2021-03-23,363625,16851207,199892,8588150,152342,7924303,11391,338754,223432,5157131,139205,6079854,237416,11236985,
All CA and Non-CA Counties,2021-03-24,395374,17246581,225891,8814041,156508,8080811,12975,351729,230590,5239271,163513,6243367,245653,11482638,
All CA and Non-CA Counties,2021-03-25,426605,17673186,234327,9048368,176860,8257671,15418,367147,242787,5317220,182406,6425773,260355,11742993,
All CA and Non-CA Counties,2021-03-26,442051,18115237,236420,9284788,189344,8447015,16287,383434,239297,5374182,201463,6627236,258425,12001418,
All CA and Non-CA Counties,2021-03-27,318833,18434070,169728,9454516,137108,8584123,11997,395431,161120,5392704,156841,6784077,175363,12176781,
All CA and Non-CA Counties,2021-03-28,172623,18606693,110801,9565317,58071,8642194,3751,399182,90503,5407515,81614,6865691,96425,12273206,
All CA and Non-CA Counties,2021-03-29,315766,18922459,169483,9734800,136875,8779069,9408,408590,175629,5455724,139332,7005023,187541,12460747,
All CA and Non-CA Counties,2021-03-30,405665,19328124,205632,9940432,181214,8960283,18819,427409,228317,5528120,176511,7181534,248907,12709654,
All CA and Non-CA Counties,2021-03-31,432937,19761061,235919,10176351,174543,9134826,22475,449884,240641,5601049,191192,7372726,264121,12973775,
All CA and Non-CA Counties,2021-04-01,500120,20261181,256773,10433124,202375,9337201,40972,490856,275633,5695778,222991,7595717,317720,13291495,
All CA and Non-CA Counties,2021-04-02,482570,20743751,235669,10668793,202538,9539739,44363,535219,261877,5784218,219405,7815122,307845,13599340,
All CA and Non-CA Counties,2021-04-03,336101,21079852,171807,10840600,121644,9661383,42650,577869,167811,5828191,167595,7982717,211568,13810908,
All CA and Non-CA Counties,2021-04-04,134400,21214252,70064,10910664,45033,9706416,19303,597172,59060,5831660,75019,8057736,78488,13889396,
All CA and Non-CA Counties,2021-04-05,357750,21572002,184253,11094917,133047,9839463,40450,637622,176175,5869869,180838,8238574,219047,14108443,
All CA and Non-CA Counties,2021-04-06,464965,22036967,235872,11330789,161854,10001317,67239,704861,224884,5924767,239105,8477679,294003,14402446,
All CA and Non-CA Counties,2021-04-07,480844,22517811,249945,11580734,159204,10160521,71695,776556,233527,5984641,246319,8723998,306193,14708639,
All CA and Non-CA Counties,2021-04-08,508564,23026375,256620,11837354,165540,10326061,86404,862960,239061,6044059,268235,8992233,327653,15036292,
All CA and Non-CA Counties,2021-04-09,502700,23529075,250673,12088027,170164,10496225,81863,944823,231262,6089932,270307,9262540,316180,15352472,
All CA and Non-CA Counties,2021-04-10,374243,23903318,171509,12259536,126533,10622758,76201,1021024,156178,6107689,217282,9479822,235039,15587511,
All CA and Non-CA Counties,2021-04-11,190652,24093970,106971,12366507,48836,10671594,34845,1055869,78763,6112597,111523,9591345,116431,15703942,
All CA and Non-CA Counties,2021-04-12,344676,24438646,177149,12543656,128789,10800383,38738,1094607,159730,6130732,183911,9775256,202046,15905988,
All CA and Non-CA Counties,2021-04-13,439701,24878347,246541,12790197,192176,10992559,984,1095591,245731,6187737,192900,9968156,249905,16155893,
All CA and Non-CA Counties,2021-04-14,459299,25337646,257833,13048030,201169,11193728,297,1095888,239830,6214453,218250,10186406,244966,16400859,
All CA and Non-CA Counties,2021-04-15,500314,25837960,291684,13339714,208334,11402062,296,1096184,280954,6281125,217838,10404244,284510,16685369,
All CA and Non-CA Counties,2021-04-16,483303,26321263,272045,13611759,210941,11613003,317,1096501,258564,6319606,223480,10627724,261961,16947330,
All CA and Non-CA Counties,2021-04-17,348569,26669832,195621,13807380,152883,11765886,65,1096566,198276,6372029,149431,10777155,201854,17149184,
All CA and Non-CA Counties,2021-04-18,157180,26827012,99688,13907068,57473,11823359,19,1096585,80869,6380210,75891,10853046,84072,17233256,
All CA and Non-CA Counties,2021-04-19,323906,27150918,186068,14093136,137743,11961102,95,1096680,153764,6366887,169208,11022254,155885,17389141,
All CA and Non-CA Counties,2021-04-20,412336,27563254,218999,14312135,193265,12154367,72,1096752,204884,6368640,206383,11228637,208136,17597277,
All CA and Non-CA Counties,2021-04-21,427686,27990940,241075,14553210,186342,12340709,269,1097021,204997,6355811,221229,11449866,208400,17805677,
All CA and Non-CA Counties,2021-04-22,453240,28444180,257791,14811001,195368,12536077,81,1097102,201802,6310875,250022,11699888,205086,18010763,
All CA and Non-CA Counties,2021-04-23,445081,28889261,252698,15063699,192294,12728371,89,1097191,201651,6273955,241987,11941875,205067,18215830,
All CA and Non-CA Counties,2021-04-24,330025,29219286,207934,15271633,121909,12850280,182,1097373,167186,6282745,161843,12103718,170633,18386463,
All CA and Non-CA Counties,2021-04-25,151989,29371275,99968,15371601,51952,12902232,69,1097442,81692,6296176,69775,12173493,83206,18469669,
All CA and Non-CA Counties,2021-04-26,304150,29675425,175163,15546764,127431,13029663,1556,1098998,133222,6265649,169912,12343405,139385,18609054,
All CA and Non-CA Counties,2021-04-27,372980,30048405,204854,15751618,161168,13190831,6958,1105956,149889,6203855,221915,12565320,160121,18769175,
All CA and Non-CA Counties,2021-04-28,357142,30405547,203682,15955300,145152,13335983,8308,1114264,147279,6153034,208738,12774058,157917,18927092,
All CA and Non-CA Counties,2021-04-29,366696,30772243,210263,16165563,148079,13484062,8354,1122618,134795,6067342,230684,13004742,144992,19072084,
All CA and Non-CA Counties,2021-04-30,377751,31149994,216236,16381799,152198,13636260,9317,1131935,142848,5987867,233588,13238330,154113,19226197,
All CA and Non-CA Counties,2021-05-01,250832,31400826,160143,16541942,84203,13720463,6486,1138421,91188,5928986,158778,13397108,99897,19326094,
All CA and Non-CA Counties,2021-05-02,118707,31519533,82740,16624682,31967,13752430,4000,1142421,41742,5898541,76562,13473670,46117,19372211,
All CA and Non-CA Counties,2021-05-03,256009,31775542,156994,16781676,89991,13842421,9024,1151445,78402,5810088,176736,13650406,88283,19460494,
All CA and Non-CA Counties,2021-05-04,329404,32104946,200432,16982108,118784,13961205,10188,1161633,97488,5688100,230825,13881231,108837,19569331,
All CA and Non-CA Counties,2021-05-05,333921,32438867,207180,17189288,116362,14077567,10379,1172012,94692,5556159,237996,14119227,106055,19675386,
All CA and Non-CA Counties,2021-05-06,352800,32791667,229935,17419223,111982,14189549,10883,1182895,90033,5398467,261106,14380333,103414,19778800,
All CA and Non-CA Counties,2021-05-07,350710,33142377,219730,17638953,120763,14310312,10217,1193112,95660,5251908,253666,14633999,107107,19885907,
All CA and Non-CA Counties,2021-05-08,228030,33370407,144587,17783540,76313,14386625,7130,1200242,62895,5159207,164196,14798195,71495,19957402,
All CA and Non-CA Counties,2021-05-09,94672,33465079,71232,17854772,20343,14406968,3097,1203339,26049,5120505,68289,14866484,29587,19986989,
All CA and Non-CA Counties,2021-05-10,204329,33669408,116103,17970875,80066,14487034,8160,1211499,51363,5029172,152157,15018641,60824,20047813,
All CA and Non-CA Counties,2021-05-11,268055,33937463,150044,18120919,109138,14596172,8873,1220372,71547,4915789,195574,15214215,82191,20130004,
All CA and Non-CA Counties,2021-05-12,268493,34205956,155346,18276265,103767,14699939,9380,1229752,76498,4811923,190959,15405174,87093,20217097,
All CA and Non-CA Counties,2021-05-13,312001,34517957,201074,18477339,103407,14803346,7520,1237272,119385,4750055,191498,15596672,129630,20346727,
All CA and Non-CA Counties,2021-05-14,336522,34854479,214891,18692230,112619,14915965,9012,1246284,133033,4691898,202303,15798975,144146,20490873,
All CA and Non-CA Counties,2021-05-15,278635,35133114,194093,18886323,78444,14994409,6098,1252382,114428,4650033,163345,15962320,121480,20612353,
All CA and Non-CA Counties,2021-05-16,137728,35270842,105486,18991809,29254,15023663,2988,1255370,55874,4627887,81409,16043729,59263,20671616,
All CA and Non-CA Counties,2021-05-17,241099,35511941,158235,19150044,75249,15098912,7615,1262985,96986,4590119,143235,16186964,105467,20777083,
All CA and Non-CA Counties,2021-05-18,282359,35794300,171659,19321703,103001,15201913,7699,1270684,111847,4541685,169390,16356354,120956,20898039,
All CA and Non-CA Counties,2021-05-19,276553,36070853,172505,19494208,96271,15298184,7777,1278461,116244,4507540,159277,16515631,125132,21023171,
All CA and Non-CA Counties,2021-05-20,263606,36334459,157319,19651527,97957,15396141,8330,1286791,103046,4461228,159424,16675055,113112,21136283,
All CA and Non-CA Counties,2021-05-21,283416,36617875,174383,19825910,100845,15496986,8188,1294979,109951,4408563,172235,16847290,119570,21255853,
All CA and Non-CA Counties,2021-05-22,204450,36822325,135377,19961287,62777,15559763,6296,1301275,87264,4387086,116405,16963695,94928,21350781,
All CA and Non-CA Counties,2021-05-23,87587,36909912,60826,20022113,24001,15583764,2760,1304035,38389,4379955,48799,17012494,41668,21392449,
All CA and Non-CA Counties,2021-05-24,168702,37078614,97751,20119864,62348,15646112,8603,1312638,63912,4349321,103985,17116479,73351,21465800,
All CA and Non-CA Counties,2021-05-25,190582,37269196,111902,20231766,70390,15716502,8290,1320928,73364,4315882,116215,17232694,82776,21548576,
All CA and Non-CA Counties,2021-05-26,185342,37454538,106473,20338239,70725,15787227,8144,1329072,73272,4287181,111000,17343694,82299,21630875,
All CA and Non-CA Counties,2021-05-27,173068,37627606,98787,20437026,65505,15852732,8776,1337848,70968,4266830,101281,17444975,80930,21711805,
All CA and Non-CA Counties,2021-05-28,189436,37817042,109332,20546358,72732,15925464,7372,1345220,82757,4252502,105759,17550734,91431,21803236,
All CA and Non-CA Counties,2021-05-29,107505,37924547,65881,20612239,37502,15962966,4122,1349342,51414,4253064,55568,17606302,56130,21859366,
All CA and Non-CA Counties,2021-05-30,47684,37972231,31457,20643696,13657,15976623,2570,1351912,21507,4251468,25949,17632251,24353,21883719,
All CA and Non-CA Counties,2021-05-31,20224,37992455,11884,20655580,7326,15983949,1014,1352926,6764,4246073,13309,17645560,7914,21891633,
All CA and Non-CA Counties,2021-06-01,169205,38161660,98812,20754392,63089,16047038,7304,1360230,63286,4212733,104968,17750528,71628,21963261,
All CA and Non-CA Counties,2021-06-02,143458,38305118,84751,20839143,51306,16098344,7401,1367631,55859,4190078,86714,17837242,64059,22027320,
All CA and Non-CA Counties,2021-06-03,171731,38476849,117315,20956458,47132,16145476,7284,1374915,54808,4137195,116107,17953349,63224,22090544,
All CA and Non-CA Counties,2021-06-04,199948,38676797,140830,21097288,52710,16198186,6408,1381323,62916,4072503,136023,18089372,71331,22161875,
All CA and Non-CA Counties,2021-06-05,157341,38834138,118795,21216083,32871,16231057,5675,1386998,45601,4013884,110963,18200335,52344,22214219,
All CA and Non-CA Counties,2021-06-06,63861,38897999,53733,21269816,7865,16238922,2263,1389261,18871,3991214,44704,18245039,22034,22236253,
All CA and Non-CA Counties,2021-06-07,137052,39035051,100378,21370194,30514,16269436,6160,1395421,41657,3945078,94808,18339847,48672,22284925,
All CA and Non-CA Counties,2021-06-08,158499,39193550,114908,21485102,36550,16305986,7041,1402462,48364,3892469,109266,18449113,56657,22341582,
All CA and Non-CA Counties,2021-06-09,152381,39345931,110722,21595824,34699,16340685,6960,1409422,42811,3834626,108792,18557905,50949,22392531,
All CA and Non-CA Counties,2021-06-10,145992,39491923,104998,21700822,33566,16374251,7428,1416850,43535,3785064,101751,18659656,52189,22444720,
All CA and Non-CA Counties,2021-06-11,158480,39650403,111281,21812103,40314,16414565,6885,1423735,49802,3734987,107807,18767463,57730,22502450,
All CA and Non-CA Counties,2021-06-12,114102,39764505,86456,21898559,23882,16438447,3764,1427499,32681,3691293,80896,18848359,37202,22539652,
All CA and Non-CA Counties,2021-06-13,44788,39809293,33222,21931781,9471,16447918,2095,1429594,11598,3672505,32950,18881309,14162,22553814,
All CA and Non-CA Counties,2021-06-14,100489,39909782,67917,21999698,25893,16473811,6679,1436273,32015,3643965,67959,18949268,39419,22593233,
All CA and Non-CA Counties,2021-06-15,128133,40037915,86536,22086234,33232,16507043,8365,1444638,43810,3613733,83523,19032791,53291,22646524,
All CA and Non-CA Counties,2021-06-16,60888,40098803,41205,22127439,13232,16520275,6451,1451089,18912,3598116,41605,19074396,25988,22672512,
Outside California,2020-12-15,8,8,8,8,0,0,0,0,8,8,0,0,8,8,Not in California
Outside California,2020-12-16,275,283,275,283,0,0,0,0,275,283,0,0,275,283,Not in California
Outside California,2020-12-17,1608,1891,1608,1891,0,0,0,0,1608,1891,0,0,1608,1891,Not in California
Outside California,2020-12-18,2554,4445,2547,4438,7,7,0,0,2554,4445,0,0,2554,4445,Not in California
Outside California,2020-12-19,1037,5482,1036,5474,1,8,0,0,1037,5482,0,0,1037,5482,Not in California
Outside California,2020-12-20,680,6162,677,6151,3,11,0,0,680,6162,0,0,680,6162,Not in California
Outside California,2020-12-21,2190,8352,2187,8338,3,14,0,0,2190,8352,0,0,2190,8352,Not in California
Outside California,2020-12-22,2070,10422,1995,10333,75,89,0,0,2070,10422,0,0,2070,10422,Not in California
Outside California,2020-12-23,1541,11963,1396,11729,145,234,0,0,1540,11961,1,1,1540,11962,Not in California
Outside California,2020-12-24,809,12772,617,12346,192,426,0,0,807,12767,1,2,807,12769,Not in California
Outside California,2020-12-25,35,12807,30,12376,5,431,0,0,35,12802,0,2,35,12804,Not in California
Outside California,2020-12-26,307,13114,205,12581,102,533,0,0,307,13109,0,2,307,13111,Not in California
Outside California,2020-12-27,189,13303,72,12653,117,650,0,0,189,13298,0,2,189,13300,Not in California
Outside California,2020-12-28,1412,14715,899,13552,513,1163,0,0,1412,14710,0,2,1412,14712,Not in California
Outside California,2020-12-29,1545,16260,1024,14576,521,1684,0,0,1545,16255,0,2,1545,16257,Not in California
Outside California,2020-12-30,1884,18144,1229,15805,655,2339,0,0,1884,18139,0,2,1884,18141,Not in California
Outside California,2020-12-31,1105,19249,603,16408,502,2841,0,0,1104,19242,1,3,1104,19245,Not in California
Outside California,2021-01-01,115,19364,26,16434,89,2930,0,0,115,19357,0,3,115,19360,Not in California
Outside California,2021-01-02,244,19608,135,16569,109,3039,0,0,243,19599,1,4,243,19603,Not in California
Outside California,2021-01-03,172,19780,91,16660,81,3120,0,0,172,19771,0,4,172,19775,Not in California
Outside California,2021-01-04,1148,20928,509,17169,639,3759,0,0,1143,20913,1,5,1143,20918,Not in California
Outside California,2021-01-05,1555,22483,825,17994,730,4489,0,0,1361,22083,192,197,1362,22280,Not in California
Outside California,2021-01-06,2692,25175,1593,19587,1099,5588,0,0,1952,23299,736,933,1952,24232,Not in California
Outside California,2021-01-07,4150,29325,2536,22123,1614,7202,0,0,2492,24138,1656,2589,2495,26727,Not in California
Outside California,2021-01-08,4500,33825,2916,25039,1584,8786,0,0,2614,24881,1876,4465,2619,29346,Not in California
Outside California,2021-01-09,1303,35128,532,25571,771,9557,0,0,975,25531,327,4792,977,30323,Not in California
Outside California,2021-01-10,301,35429,184,25755,117,9674,0,0,178,25586,123,4915,178,30501,Not in California
Outside California,2021-01-11,3286,38715,2010,27765,1276,10950,0,0,1946,26194,1340,6255,1948,32449,Not in California
Outside California,2021-01-12,3848,42563,2306,30071,1542,12492,0,0,2301,26958,1542,7797,2306,34755,Not in California
Outside California,2021-01-13,3675,46238,1814,31885,1861,14353,0,0,2482,28249,1193,8990,2484,37239,Not in California
Outside California,2021-01-14,3711,49949,1284,33169,2427,16780,0,0,3062,30681,636,9626,3068,40307,Not in California
Outside California,2021-01-15,4205,54154,1011,34180,3194,19974,0,0,3724,33938,468,10094,3725,44032,Not in California
Outside California,2021-01-16,2690,56844,392,34572,2298,22272,0,0,2510,36277,171,10265,2510,46542,Not in California
Outside California,2021-01-17,506,57350,153,34725,353,22625,0,0,456,36683,50,10315,456,46998,Not in California
Outside California,2021-01-18,1210,58560,772,35497,438,23063,0,0,755,36984,454,10769,755,47753,Not in California
Outside California,2021-01-19,4116,62676,1332,36829,2784,25847,0,0,3218,39308,898,11667,3222,50975,Not in California
Outside California,2021-01-20,4440,67116,1426,38255,3014,28861,0,0,3491,41858,945,12612,3495,54470,Not in California
Outside California,2021-01-21,4240,71356,1168,39423,3072,31933,0,0,3658,44959,564,13176,3665,58135,Not in California
Outside California,2021-01-22,4589,75945,1108,40531,3481,35414,0,0,4178,48733,406,13582,4180,62315,Not in California
Outside California,2021-01-23,2221,78166,336,40867,1885,37299,0,0,2056,50624,165,13747,2056,64371,Not in California
Outside California,2021-01-24,584,78750,235,41102,349,37648,0,0,504,51049,79,13826,504,64875,Not in California
Outside California,2021-01-25,4452,83202,1920,43022,2532,40180,0,0,3584,53770,864,14690,3585,68460,Not in California
Outside California,2021-01-26,5836,89038,2786,45808,3050,43230,0,0,4979,57900,856,15546,4986,73446,Not in California
Outside California,2021-01-27,4852,93890,2514,48322,2338,45568,0,0,4218,61493,630,16176,4223,77669,Not in California
Outside California,2021-01-28,4956,98846,2592,50914,2364,47932,0,0,4418,65385,527,16703,4419,82088,Not in California
Outside California,2021-01-29,4637,103483,2828,53742,1809,49741,0,0,3831,68421,796,17499,3832,85920,Not in California
Outside California,2021-01-30,4184,107667,2183,55925,2001,51742,0,0,3952,72144,230,17729,3953,89873,Not in California
Outside California,2021-01-31,2795,110462,2393,58318,402,52144,0,0,2739,74829,55,17784,2740,92613,Not in California
Outside California,2021-02-01,5299,115761,2428,60746,2871,55015,0,0,4592,78723,698,18482,4592,97205,Not in California
Outside California,2021-02-02,6544,122305,2019,62765,4525,59540,0,0,5825,83836,712,19194,5825,103030,Not in California
Outside California,2021-02-03,7162,129467,1935,64700,5227,64767,0,0,6293,89268,862,20056,6294,109324,Not in California
Outside California,2021-02-04,6618,136085,2001,66701,4617,69384,0,0,5613,93886,996,21052,5614,114938,Not in California
Outside California,2021-02-05,6615,142700,2042,68743,4573,73957,0,0,5532,98340,1078,22130,5532,120470,Not in California
Outside California,2021-02-06,4120,146820,1858,70601,2262,76219,0,0,3658,101548,453,22583,3661,124131,Not in California
Outside California,2021-02-07,1945,148765,1557,72158,388,76607,0,0,1866,103337,79,22662,1868,125999,Not in California
Outside California,2021-02-08,4760,153525,2803,74961,1957,78564,0,0,3705,105998,1044,23706,3705,129704,Not in California
Outside California,2021-02-09,4044,157569,1697,76658,2347,80911,0,0,2745,107468,1289,24995,2759,132463,Not in California
Outside California,2021-02-10,5386,162955,1740,78398,3646,84557,0,0,2957,108045,2421,27416,2998,135461,Not in California
Outside California,2021-02-11,4623,167578,2064,80462,2559,87116,0,0,3314,110079,1298,28714,3332,138793,Not in California
Outside California,2021-02-12,5166,172744,1880,82342,3286,90402,0,0,3338,111608,1814,30528,3343,142136,Not in California
Outside California,2021-02-13,2328,175072,665,83007,1663,92065,0,0,1773,112840,553,31081,1785,143921,Not in California
Outside California,2021-02-14,1292,176364,373,83380,919,92984,0,0,1052,113658,236,31317,1054,144975,Not in California
Outside California,2021-02-15,2452,178816,1451,84831,1001,93985,0,0,1191,113604,1248,32565,1194,146169,Not in California
Outside California,2021-02-16,6221,185037,2697,87528,3524,97509,0,0,2517,112433,3692,36257,2521,148690,Not in California
Outside California,2021-02-17,5634,190671,2692,90220,2942,100451,0,0,1786,110381,3843,40100,1791,150481,Not in California
Outside California,2021-02-18,6135,196806,3416,93636,2719,103170,0,0,2027,108322,4086,44186,2027,152508,Not in California
Outside California,2021-02-19,5416,202222,3666,97302,1750,104920,0,0,2385,107684,3025,47211,2387,154895,Not in California
Outside California,2021-02-20,3076,205298,2426,99728,650,105570,0,0,1237,107087,1835,49046,1238,156133,Not in California
Outside California,2021-02-21,2477,207775,2259,101987,218,105788,0,0,829,106274,1642,50688,829,156962,Not in California
Outside California,2021-02-22,3330,211105,2390,104377,940,106728,0,0,1624,106199,1703,52391,1628,158590,Not in California
Outside California,2021-02-23,5822,216927,3217,107594,2605,109333,0,0,2324,105046,3491,55882,2338,160928,Not in California
Outside California,2021-02-24,6209,223136,3385,110979,2824,112157,0,0,2444,103736,3758,59640,2448,163376,Not in California
Outside California,2021-02-25,6694,229830,3359,114338,3335,115492,0,0,3063,103203,3600,63240,3067,166443,Not in California
Outside California,2021-02-26,6650,236480,3448,117786,3202,118694,0,0,3092,102823,3473,66713,3093,169536,Not in California
Outside California,2021-02-27,5223,241703,2526,120312,2696,121390,1,1,1873,101361,3339,70052,1877,171413,Not in California
Outside California,2021-02-28,2209,243912,1557,121869,651,122041,1,2,795,100746,1412,71464,797,172210,Not in California
Outside California,2021-03-01,4515,248427,2732,124601,1782,123823,1,3,1346,98940,3158,74622,1352,173562,Not in California
Outside California,2021-03-02,6512,254939,2314,126915,4198,128021,0,3,2051,96544,4449,79071,2053,175615,Not in California
Outside California,2021-03-03,7748,262687,2950,129865,4796,132817,2,5,2682,94179,5052,84123,2687,178302,Not in California
Outside California,2021-03-04,6653,269340,2742,132607,3905,136722,6,11,2318,92188,4317,88440,2326,180628,Not in California
Outside California,2021-03-05,5203,274543,2593,135200,2596,139318,14,25,2722,92462,2470,90910,2744,183372,Not in California
Outside California,2021-03-06,4552,279095,2088,137288,2308,141626,156,181,2329,92735,2221,93131,2494,185866,Not in California
Outside California,2021-03-07,1547,280642,986,138274,504,142130,57,238,951,93150,595,93726,1010,186876,Not in California
Outside California,2021-03-08,3083,283725,1831,140105,1017,143147,235,473,2190,94718,864,94590,2432,189308,Not in California
Outside California,2021-03-09,4651,288376,2400,142505,1957,145104,294,767,2771,95907,1876,96466,3065,192373,Not in California
Outside California,2021-03-10,4325,292701,2081,144586,1753,146857,491,1258,2695,97480,1620,98086,3193,195566,Not in California
Outside California,2021-03-11,6085,298786,3111,147697,2315,149172,659,1917,3293,98648,2785,100871,3953,199519,Not in California
Outside California,2021-03-12,6402,305188,3856,151553,1832,151004,714,2631,3555,100080,2838,103709,4270,203789,Not in California
Outside California,2021-03-13,3734,308922,2172,153725,1112,152116,450,3081,2558,101924,1168,104877,3012,206801,Not in California
Outside California,2021-03-14,1768,310690,917,154642,517,152633,334,3415,963,102417,805,105682,1298,208099,Not in California
Outside California,2021-03-15,4011,314701,2113,156755,1434,154067,464,3879,2144,103168,1861,107543,2612,210711,Not in California
Outside California,2021-03-16,7485,322186,4360,161115,2736,156803,389,4268,4168,104407,3314,110857,4553,215264,Not in California
Outside California,2021-03-17,8399,330585,5457,166572,2565,159368,377,4645,5054,106498,3341,114198,5432,220696,Not in California
Outside California,2021-03-18,8287,338872,5123,171695,2622,161990,542,5187,4794,108350,3484,117682,5336,226032,Not in California
Outside California,2021-03-19,7294,346166,4330,176025,2420,164410,544,5731,4365,110340,2923,120605,4913,230945,Not in California
Outside California,2021-03-20,4726,350892,3123,179148,1515,165925,88,5819,3616,112948,1097,121702,3705,234650,Not in California
Outside California,2021-03-21,2076,352968,1429,180577,559,166484,88,5907,1660,114282,414,122116,1748,236398,Not in California
Outside California,2021-03-22,3255,356223,1966,182543,1200,167684,89,5996,2234,115590,1014,123130,2322,238720,Not in California
Outside California,2021-03-23,6055,362278,3085,185628,2666,170350,304,6300,4107,118067,1934,125064,4411,243131,Not in California
Outside California,2021-03-24,7308,369586,3740,189368,3123,173473,445,6745,5037,121283,2264,127328,5480,248611,Not in California
Outside California,2021-03-25,8253,377839,3826,193194,3901,177374,526,7271,6001,125570,2240,129568,6527,255138,Not in California
Outside California,2021-03-26,6647,384486,3505,196699,2966,180340,176,7447,4386,127895,2236,131804,4561,259699,Not in California
Outside California,2021-03-27,5523,390009,3094,199793,2214,182554,215,7662,3465,129524,2049,133853,3678,263377,Not in California
Outside California,2021-03-28,3076,393085,1648,201441,1266,183820,162,7824,1985,130587,1083,134936,2146,265523,Not in California
Outside California,2021-03-29,5172,398257,2297,203738,2529,186349,346,8170,2957,131680,2210,137146,3303,268826,Not in California
Outside California,2021-03-30,6867,405124,3618,207356,2685,189034,564,8734,4058,133511,2798,139944,4629,273455,Not in California
Outside California,2021-03-31,6321,411445,3768,211124,1775,190809,778,9512,3346,134664,2968,142912,4121,277576,Not in California
Outside California,2021-04-01,7507,418952,4488,215612,2371,193180,648,10160,4335,136474,3164,146076,4974,282550,Not in California
Outside California,2021-04-02,8440,427392,4486,220098,2813,195993,1141,11301,4361,137904,4070,150146,5500,288050,Not in California
Outside California,2021-04-03,6243,433635,3734,223832,1351,197344,1158,12459,3319,139466,2914,153060,4476,292526,Not in California
Outside California,2021-04-04,1774,435409,871,224703,668,198012,235,12694,969,139864,804,153864,1202,293728,Not in California
Outside California,2021-04-05,4136,439545,2001,226704,1468,199480,667,13361,1972,140343,2159,156023,2638,296366,Not in California
Outside California,2021-04-06,7176,446721,3867,230571,1670,201150,1639,15000,2884,140587,4276,160299,4520,300886,Not in California
Outside California,2021-04-07,8203,454924,4609,235180,1899,203049,1695,16695,3182,140441,5013,165312,4867,305753,Not in California
Outside California,2021-04-08,8233,463157,4324,239504,1973,205022,1936,18631,3272,140687,4949,170261,5195,310948,Not in California
Outside California,2021-04-09,7550,470707,3861,243365,1728,206750,1961,20592,2889,140886,4648,174909,4847,315795,Not in California
Outside California,2021-04-10,6079,476786,2972,246337,1247,207997,1860,22452,1659,139989,4412,179321,3515,319310,Not in California
Outside California,2021-04-11,2846,479632,1556,247893,651,208648,639,23091,961,139708,1881,181202,1600,320910,Not in California
Outside California,2021-04-12,4148,483780,2326,250219,1268,209916,554,23645,1847,139817,2291,183493,2400,323310,Not in California
Outside California,2021-04-13,5814,489594,3713,253932,2076,211992,25,23670,3004,140048,2805,186298,3036,326346,Not in California
Outside California,2021-04-14,5368,494962,3416,257348,1948,213940,4,23674,2932,140561,2430,188728,2943,329289,Not in California
Outside California,2021-04-15,6156,501118,3886,261234,2264,216204,6,23680,3322,141110,2782,191510,3331,332620,Not in California
Outside California,2021-04-16,5880,506998,3359,264593,2514,218718,7,23687,3281,141821,2589,194099,3300,335920,Not in California
Outside California,2021-04-17,5498,512496,3454,268047,2043,220761,1,23688,3197,142733,2291,196390,3203,339123,Not in California
Outside California,2021-04-18,2107,514603,1177,269224,929,221690,1,23689,1003,142642,1098,197488,1007,340130,Not in California
Outside California,2021-04-19,4162,518765,2002,271226,2159,223849,1,23690,2151,142799,2001,199489,2158,342288,Not in California
Outside California,2021-04-20,5374,524139,2440,273666,2934,226783,0,23690,2203,141839,3163,202652,2203,344491,Not in California
Outside California,2021-04-21,6379,530518,2665,276331,3710,230493,4,23694,2284,140054,4074,206726,2289,346780,Not in California
Outside California,2021-04-22,6760,537278,3436,279767,3320,233813,4,23698,2479,138272,4267,210993,2485,349265,Not in California
Outside California,2021-04-23,5875,543153,2986,282753,2888,236701,1,23699,2430,137276,3429,214422,2433,351698,Not in California
Outside California,2021-04-24,4632,547785,3031,285784,1596,238297,5,23704,1853,136363,2774,217196,1861,353559,Not in California
Outside California,2021-04-25,2219,550004,1252,287036,966,239263,1,23705,1178,136508,1037,218233,1182,354741,Not in California
Outside California,2021-04-26,4133,554137,1822,288858,2283,241546,28,23733,1875,136162,2249,220482,1903,356644,Not in California
Outside California,2021-04-27,5666,559803,2103,290961,3194,244740,369,24102,1979,134841,3677,224159,2356,359000,Not in California
Outside California,2021-04-28,4845,564648,2062,293023,2388,247128,395,24497,1910,134218,2923,227082,2300,361300,Not in California
Outside California,2021-04-29,4835,569483,2223,295246,2179,249307,433,24930,1828,133492,2987,230069,2261,363561,Not in California
Outside California,2021-04-30,4888,574371,2356,297602,2112,251419,420,25350,1846,132733,3028,233097,2269,365830,Not in California
Outside California,2021-05-01,3154,577525,1824,299426,902,252321,428,25778,1298,132613,1846,234943,1726,367556,Not in California
Outside California,2021-05-02,1864,579389,1088,300514,653,252974,123,25901,842,132559,1019,235962,965,368521,Not in California
Outside California,2021-05-03,2888,582277,1564,302078,1043,254017,281,26182,1124,132205,1759,237721,1405,369926,Not in California
Outside California,2021-05-04,3921,586198,2098,304176,1384,255401,439,26621,1308,131344,2606,240327,1745,371671,Not in California
Outside California,2021-05-05,4383,590581,2443,306619,1570,256971,370,26991,1607,130556,2768,243095,1980,373651,Not in California
Outside California,2021-05-06,4445,595026,2722,309341,1386,258357,337,27328,1555,129564,2884,245979,1892,375543,Not in California
Outside California,2021-05-07,4614,599640,2651,311992,1577,259934,386,27714,1600,128549,3001,248980,1986,377529,Not in California
Outside California,2021-05-08,3213,602853,2161,314153,801,260735,251,27965,1073,127745,2129,251109,1325,378854,Not in California
Outside California,2021-05-09,1355,604208,902,315055,330,261065,123,28088,580,127676,770,251879,701,379555,Not in California
Outside California,2021-05-10,2534,606742,1159,316214,1045,262110,330,28418,908,127296,1620,253499,1240,380795,Not in California
Outside California,2021-05-11,2943,609685,1390,317604,1255,263365,298,28716,1106,126866,1836,255335,1406,382201,Not in California
Outside California,2021-05-12,3177,612862,1511,319115,1339,264704,327,29043,1269,126559,1903,257238,1596,383797,Not in California
Outside California,2021-05-13,3109,615971,1784,320899,1118,265822,207,29250,1371,126406,1731,258969,1578,385375,Not in California
Outside California,2021-05-14,3509,619480,1956,322855,1313,267135,240,29490,1583,126312,1919,260888,1825,387200,Not in California
Outside California,2021-05-15,2615,622095,1525,324380,946,268081,144,29634,1128,126105,1482,262370,1275,388475,Not in California
Outside California,2021-05-16,1623,623718,1035,325415,519,268600,69,29703,738,126031,882,263252,808,389283,Not in California
Outside California,2021-05-17,3049,626767,1608,327023,1204,269804,237,29940,1324,125871,1721,264973,1561,390844,Not in California
Outside California,2021-05-18,3229,629996,1628,328651,1282,271086,319,30259,1460,125895,1758,266731,1782,392626,Not in California
Outside California,2021-05-19,3316,633312,1669,330320,1380,272466,267,30526,1471,125794,1838,268569,1737,394363,Not in California
Outside California,2021-05-20,3100,636412,1711,332031,1155,273621,234,30760,1426,125790,1667,270236,1663,396026,Not in California
Outside California,2021-05-21,3202,639614,1798,333829,1155,274776,249,31009,1402,125651,1789,272025,1650,397676,Not in California
Outside California,2021-05-22,2830,642444,1885,335714,744,275520,201,31210,1577,126183,1247,273272,1779,399455,Not in California
Outside California,2021-05-23,1540,643984,1007,336721,455,275975,78,31288,771,126265,768,274040,850,400305,Not in California
Outside California,2021-05-24,2453,646437,1201,337922,905,276880,347,31635,1122,126411,1323,275363,1469,401774,Not in California
Outside California,2021-05-25,2372,648809,1105,339027,937,277817,330,31965,1034,126444,1329,276692,1362,403136,Not in California
Outside California,2021-05-26,2380,651189,1103,340130,922,278739,355,32320,1012,126451,1361,278053,1368,404504,Not in California
Outside California,2021-05-27,2170,653359,1089,341219,795,279534,286,32606,1017,126603,1150,279203,1302,405806,Not in California
Outside California,2021-05-28,2410,655769,1214,342433,848,280382,348,32954,1104,126757,1298,280501,1452,407258,Not in California
Outside California,2021-05-29,1679,657448,853,343286,471,280853,355,33309,734,126905,941,281442,1089,408347,Not in California
Outside California,2021-05-30,912,658360,559,343845,229,281082,124,33433,464,127049,445,281887,589,408936,Not in California
Outside California,2021-05-31,416,658776,183,344028,196,281278,37,33470,177,127037,227,282114,215,409151,Not in California
Outside California,2021-06-01,2119,660895,1105,345133,713,281991,301,33771,1045,127314,1070,283184,1347,410498,Not in California
Outside California,2021-06-02,2081,662976,1074,346207,665,282656,342,34113,1012,127608,1060,284244,1354,411852,Not in California
Outside California,2021-06-03,2161,665137,1196,347403,655,283311,310,34423,1004,127773,1149,285393,1314,413166,Not in California
Outside California,2021-06-04,2539,667676,1425,348828,798,284109,316,34739,1125,127805,1408,286801,1440,414606,Not in California
Outside California,2021-06-05,1723,669399,1213,350041,349,284458,161,34900,813,127873,907,287708,975,415581,Not in California
Outside California,2021-06-06,924,670323,695,350736,148,284606,81,34981,452,127936,470,288178,533,416114,Not in California
Outside California,2021-06-07,1907,672230,1032,351768,547,285153,328,35309,816,127989,1090,289268,1143,417257,Not in California
Outside California,2021-06-08,2055,674285,1179,352947,537,285690,339,35648,808,127893,1242,290510,1146,418403,Not in California
Outside California,2021-06-09,1963,676248,1178,354125,501,286191,284,35932,811,127841,1146,291656,1094,419497,Not in California
Outside California,2021-06-10,1935,678183,1118,355243,512,286703,305,36237,824,127864,1107,292763,1130,420627,Not in California
Outside California,2021-06-11,2256,680439,1299,356542,627,287330,330,36567,977,127897,1272,294035,1305,421932,Not in California
Outside California,2021-06-12,1665,682104,1233,357775,304,287634,128,36695,648,127659,1015,295050,777,422709,Not in California
Outside California,2021-06-13,940,683044,637,358412,201,287835,102,36797,413,127650,524,295574,515,423224,Not in California
Outside California,2021-06-14,1487,684531,729,359141,465,288300,293,37090,546,127551,937,296511,838,424062,Not in California
Outside California,2021-06-15,1717,686248,983,360124,491,288791,243,37333,739,127561,974,297485,984,425046,Not in California
Outside California,2021-06-16,796,687044,364,360488,225,289016,207,37540,292,127567,494,297979,500,425546,Not in California
Unknown,2020-12-17,2,2,2,2,0,0,0,0,0,0,0,0,0,0,Not in California
Unknown,2020-12-18,1,3,1,3,0,0,0,0,0,0,0,0,0,0,Not in California
Unknown,2020-12-21,4,7,4,7,0,0,0,0,0,0,0,0,0,0,Not in California
Unknown,2020-12-28,1,8,1,8,0,0,0,0,1,1,0,0,1,1,Not in California
Unknown,2020-12-29,1,9,1,9,0,0,0,0,1,2,0,0,1,2,Not in California
Unknown,2020-12-30,54,63,54,63,0,0,0,0,54,56,0,0,54,56,Not in California
Unknown,2020-12-31,1,64,0,63,1,1,0,0,0,56,0,0,0,56,Not in California
Unknown,2021-01-02,1,65,0,63,1,2,0,0,1,57,0,0,1,57,Not in California
Unknown,2021-01-04,1,66,1,64,0,2,0,0,1,58,0,0,1,58,Not in California
Unknown,2021-01-06,4,70,2,66,2,4,0,0,4,62,0,0,4,62,Not in California
Unknown,2021-01-07,67,137,67,133,0,4,0,0,67,129,0,0,67,129,Not in California
Unknown,2021-01-09,1,138,1,134,0,4,0,0,2,131,0,0,2,131,Not in California
Unknown,2021-01-11,20,158,20,154,0,4,0,0,19,150,0,0,19,150,Not in California
Unknown,2021-01-12,9,167,8,162,1,5,0,0,7,157,1,1,8,158,Not in California
Unknown,2021-01-13,3,170,3,165,0,5,0,0,4,161,0,1,4,162,Not in California
Unknown,2021-01-14,3,173,3,168,0,5,0,0,3,164,0,1,3,165,Not in California
Unknown,2021-01-15,6,179,5,173,1,6,0,0,6,170,0,1,6,171,Not in California
Unknown,2021-01-16,6,185,6,179,0,6,0,0,6,176,0,1,6,177,Not in California
Unknown,2021-01-17,2,187,2,181,0,6,0,0,2,178,0,1,2,179,Not in California
Unknown,2021-01-18,21,208,21,202,0,6,0,0,21,199,0,1,21,200,Not in California
Unknown,2021-01-19,9,217,9,211,0,6,0,0,8,207,0,1,8,208,Not in California
Unknown,2021-01-20,64,281,64,275,0,6,0,0,13,168,52,53,13,221,Not in California
Unknown,2021-01-21,29,310,27,302,2,8,0,0,30,197,1,54,30,251,Not in California
Unknown,2021-01-22,16,326,11,313,5,13,0,0,16,213,0,54,16,267,Not in California
Unknown,2021-01-23,10,336,4,317,6,19,0,0,10,223,0,54,10,277,Not in California
Unknown,2021-01-24,2,338,2,319,0,19,0,0,3,226,0,54,3,280,Not in California
Unknown,2021-01-25,8,346,6,325,2,21,0,0,6,230,2,56,6,286,Not in California
Unknown,2021-01-26,32,378,32,357,0,21,0,0,35,265,0,56,35,321,Not in California
Unknown,2021-01-27,10,388,10,367,0,21,0,0,9,273,1,57,9,330,Not in California
Unknown,2021-01-28,96,484,94,461,2,23,0,0,40,254,59,116,40,370,Not in California
Unknown,2021-01-29,116,600,116,577,0,23,0,0,120,373,1,117,120,490,Not in California
Unknown,2021-01-30,8,608,6,583,2,25,0,0,11,383,1,118,11,501,Not in California
Unknown,2021-01-31,5,613,5,588,0,25,0,0,6,389,0,118,6,507,Not in California
Unknown,2021-02-01,35,648,33,621,2,27,0,0,19,390,18,136,19,526,Not in California
Unknown,2021-02-02,28,676,27,648,1,28,0,0,24,410,4,140,24,550,Not in California
Unknown,2021-02-03,8,684,8,656,0,28,0,0,4,410,4,144,4,554,Not in California
Unknown,2021-02-04,29,713,25,681,4,32,0,0,24,429,5,149,24,578,Not in California
Unknown,2021-02-05,15,728,12,693,3,35,0,0,12,438,3,152,12,590,Not in California
Unknown,2021-02-06,8,736,8,701,0,35,0,0,3,435,6,158,3,593,Not in California
Unknown,2021-02-07,3,739,3,704,0,35,0,0,3,438,0,158,3,596,Not in California
Unknown,2021-02-08,19,758,18,722,1,36,0,0,5,429,14,172,5,601,Not in California
Unknown,2021-02-09,7,765,7,729,0,36,0,0,2,426,5,177,2,603,Not in California
Unknown,2021-02-10,16,781,12,741,4,40,0,0,6,422,10,187,6,609,Not in California
Unknown,2021-02-11,34,815,33,774,1,41,0,0,14,415,21,208,14,623,Not in California
Unknown,2021-02-12,11,826,9,783,2,43,0,0,3,410,8,216,3,626,Not in California
Unknown,2021-02-13,6,832,1,784,5,48,0,0,5,414,1,217,5,631,Not in California
Unknown,2021-02-14,2,834,1,785,1,49,0,0,1,414,1,218,1,632,Not in California
Unknown,2021-02-15,30,864,26,811,4,53,0,0,25,436,3,221,25,657,Not in California
Unknown,2021-02-16,35,899,28,839,7,60,0,0,16,433,19,240,16,673,Not in California
Unknown,2021-02-17,5,904,3,842,2,62,0,0,2,433,2,242,2,675,Not in California
Unknown,2021-02-18,34,938,29,871,5,67,0,0,8,415,26,268,8,683,Not in California
Unknown,2021-02-19,144,1082,139,1010,5,72,0,0,36,344,107,375,36,719,Not in California
Unknown,2021-02-20,2,1084,2,1012,0,72,0,0,0,342,2,377,0,719,Not in California
Unknown,2021-02-21,4,1088,4,1016,0,72,0,0,0,338,4,381,0,719,Not in California
Unknown,2021-02-22,1,1089,1,1017,0,72,0,0,0,337,1,382,0,719,Not in California
Unknown,2021-02-23,32,1121,20,1037,12,84,0,0,10,326,21,403,10,729,Not in California
Unknown,2021-02-24,11,1132,4,1041,7,91,0,0,8,331,3,406,8,737,Not in California
Unknown,2021-02-25,38,1170,25,1066,13,104,0,0,16,324,23,429,16,753,Not in California
Unknown,2021-02-26,26,1196,13,1079,13,117,0,0,11,322,13,442,11,764,Not in California
Unknown,2021-02-27,11,1207,8,1087,3,120,0,0,7,327,2,444,7,771,Not in California
Unknown,2021-02-28,11,1218,9,1096,2,122,0,0,6,330,3,447,6,777,Not in California
Unknown,2021-03-01,19,1237,8,1104,11,133,0,0,8,328,10,457,8,785,Not in California
Unknown,2021-03-02,14,1251,5,1109,9,142,0,0,8,331,5,462,8,793,Not in California
Unknown,2021-03-03,5,1256,1,1110,4,146,0,0,4,335,0,462,4,797,Not in California
Unknown,2021-03-04,18,1274,15,1125,3,149,0,0,8,334,9,471,8,805,Not in California
Unknown,2021-03-05,14,1288,5,1130,9,158,0,0,14,345,3,474,14,819,Not in California
Unknown,2021-03-06,14,1302,8,1138,4,162,2,2,12,356,3,477,14,833,Not in California
Unknown,2021-03-08,28,1330,22,1160,5,167,1,3,7,343,21,498,8,841,Not in California
Unknown,2021-03-09,19,1349,14,1174,2,169,3,6,6,338,14,512,9,850,Not in California
Unknown,2021-03-10,6,1355,3,1177,1,170,2,8,4,341,3,515,6,856,Not in California
Unknown,2021-03-11,20,1375,4,1181,2,172,14,22,2,340,17,532,16,872,Not in California
Unknown,2021-03-12,44,1419,34,1215,5,177,5,27,7,317,35,567,12,884,Not in California
Unknown,2021-03-13,12,1431,3,1218,5,182,4,31,4,317,8,575,8,892,Not in California
Unknown,2021-03-14,4,1435,0,1218,2,184,2,33,1,317,3,578,3,895,Not in California
Unknown,2021-03-15,21,1456,6,1224,13,197,2,35,14,325,8,586,16,911,Not in California
Unknown,2021-03-16,29,1485,8,1232,17,214,4,39,17,333,13,599,21,932,Not in California
Unknown,2021-03-17,28,1513,7,1239,20,234,1,40,28,360,2,601,29,961,Not in California
Unknown,2021-03-18,24,1537,12,1251,12,246,0,40,15,367,8,609,15,976,Not in California
Unknown,2021-03-19,13,1550,7,1258,6,252,0,40,12,376,3,612,12,988,Not in California
Unknown,2021-03-20,13,1563,7,1265,6,258,0,40,4,375,5,617,4,992,Not in California
Unknown,2021-03-21,9,1572,4,1269,5,263,0,40,8,382,1,618,8,1000,Not in California
Unknown,2021-03-22,24,1596,8,1277,15,278,1,41,10,384,9,627,11,1011,Not in California
Unknown,2021-03-23,18,1614,4,1281,9,287,5,46,7,386,10,637,12,1023,Not in California
Unknown,2021-03-24,16,1630,4,1285,12,299,0,46,12,394,4,641,12,1035,Not in California
Unknown,2021-03-25,21,1651,10,1295,11,310,0,46,15,404,5,646,15,1050,Not in California
Unknown,2021-03-26,22,1673,8,1303,9,319,5,51,12,412,9,655,17,1067,Not in California
Unknown,2021-03-27,22,1695,11,1314,8,327,3,54,13,416,12,667,16,1083,Not in California
Unknown,2021-03-28,11,1706,4,1318,7,334,0,54,9,423,2,669,9,1092,Not in California
Unknown,2021-03-29,20,1726,8,1326,12,346,0,54,15,434,4,673,15,1107,Not in California
Unknown,2021-03-30,19,1745,10,1336,9,355,0,54,14,442,6,679,14,1121,Not in California
Unknown,2021-03-31,23,1768,12,1348,11,366,0,54,17,452,7,686,17,1138,Not in California
Unknown,2021-04-01,14,1782,10,1358,4,370,0,54,11,461,2,688,11,1149,Not in California
Unknown,2021-04-02,32,1814,12,1370,11,381,9,63,14,466,18,706,23,1172,Not in California
Unknown,2021-04-03,16,1830,6,1376,10,391,0,63,11,469,8,714,11,1183,Not in California
Unknown,2021-04-04,11,1841,3,1379,8,399,0,63,8,475,2,716,8,1191,Not in California
Unknown,2021-04-05,20,1861,8,1387,11,410,1,64,8,473,11,727,9,1200,Not in California
Unknown,2021-04-06,15,1876,9,1396,5,415,1,65,9,476,7,734,10,1210,Not in California
Unknown,2021-04-07,29,1905,19,1415,9,424,1,66,22,492,6,740,22,1232,Not in California
Unknown,2021-04-08,25,1930,13,1428,7,431,5,71,13,497,13,753,18,1250,Not in California
Unknown,2021-04-09,18,1948,11,1439,7,438,0,71,15,508,4,757,15,1265,Not in California
Unknown,2021-04-10,7,1955,5,1444,1,439,1,72,4,509,4,761,5,1270,Not in California
Unknown,2021-04-11,7,1962,5,1449,2,441,0,72,3,509,3,764,3,1273,Not in California
Unknown,2021-04-12,23,1985,10,1459,12,453,1,73,12,510,12,776,13,1286,Not in California
Unknown,2021-04-13,28,2013,13,1472,15,468,0,73,12,506,16,792,12,1298,Not in California
Unknown,2021-04-14,21,2034,4,1476,17,485,0,73,5,495,16,808,5,1303,Not in California
Unknown,2021-04-15,26,2060,12,1488,13,498,1,74,11,491,15,823,11,1314,Not in California
Unknown,2021-04-16,15,2075,9,1497,6,504,0,74,7,491,7,830,7,1321,Not in California
Unknown,2021-04-17,15,2090,11,1508,4,508,0,74,5,488,9,839,6,1327,Not in California
Unknown,2021-04-18,13,2103,5,1513,8,516,0,74,6,486,8,847,6,1333,Not in California
Unknown,2021-04-19,18,2121,7,1520,11,527,0,74,7,483,10,857,7,1340,Not in California
Unknown,2021-04-20,16,2137,8,1528,8,535,0,74,2,471,14,871,2,1342,Not in California
Unknown,2021-04-21,27,2164,10,1538,17,552,0,74,10,463,18,889,10,1352,Not in California
Unknown,2021-04-22,14,2178,7,1545,7,559,0,74,5,458,10,899,5,1357,Not in California
Unknown,2021-04-23,26,2204,12,1557,14,573,0,74,16,463,11,910,16,1373,Not in California
Unknown,2021-04-24,26,2230,18,1575,8,581,0,74,17,469,11,921,17,1390,Not in California
Unknown,2021-04-25,16,2246,7,1582,9,590,0,74,8,468,9,930,8,1398,Not in California
Unknown,2021-04-26,17,2263,8,1590,9,599,0,74,6,464,10,940,6,1404,Not in California
Unknown,2021-04-27,25,2288,13,1603,11,610,1,75,10,459,16,956,11,1415,Not in California
Unknown,2021-04-28,23,2311,17,1620,4,614,2,77,9,454,16,972,11,1426,Not in California
Unknown,2021-04-29,27,2338,19,1639,8,622,0,77,12,451,15,987,12,1438,Not in California
Unknown,2021-04-30,22,2360,9,1648,9,631,4,81,12,456,11,998,16,1454,Not in California
Unknown,2021-05-01,25,2385,20,1668,5,636,0,81,14,459,11,1009,14,1468,Not in California
Unknown,2021-05-02,11,2396,5,1673,6,642,0,81,3,455,7,1016,3,1471,Not in California
Unknown,2021-05-03,19,2415,12,1685,4,646,3,84,6,450,13,1029,8,1479,Not in California
Unknown,2021-05-04,17,2432,8,1693,5,651,4,88,3,443,14,1043,7,1486,Not in California
Unknown,2021-05-05,18,2450,5,1698,12,663,1,89,8,441,11,1054,9,1495,Not in California
Unknown,2021-05-06,27,2477,15,1713,5,668,7,96,12,441,19,1073,19,1514,Not in California
Unknown,2021-05-07,23,2500,13,1726,7,675,3,99,9,439,14,1087,12,1526,Not in California
Unknown,2021-05-08,11,2511,7,1733,2,677,2,101,5,441,5,1092,7,1533,Not in California
Unknown,2021-05-09,16,2527,4,1737,8,685,4,105,8,445,8,1100,12,1545,Not in California
Unknown,2021-05-10,13,2540,5,1742,5,690,3,108,4,443,9,1109,7,1552,Not in California
Unknown,2021-05-11,12,2552,6,1748,3,693,3,111,6,446,6,1115,9,1561,Not in California
Unknown,2021-05-12,9,2561,5,1753,3,696,1,112,7,450,4,1119,8,1569,Not in California
Unknown,2021-05-13,14,2575,8,1761,1,697,5,117,11,460,7,1126,17,1586,Not in California
Unknown,2021-05-14,17,2592,14,1775,2,699,1,118,16,470,6,1132,16,1602,Not in California
Unknown,2021-05-15,13,2605,11,1786,2,701,0,118,11,476,5,1137,11,1613,Not in California
Unknown,2021-05-16,19,2624,13,1799,5,706,1,119,12,482,7,1144,13,1626,Not in California
Unknown,2021-05-17,19,2643,14,1813,3,709,2,121,14,490,8,1152,16,1642,Not in California
Unknown,2021-05-18,26,2669,17,1830,7,716,2,123,18,500,10,1162,20,1662,Not in California
Unknown,2021-05-19,29,2698,22,1852,6,722,1,124,18,504,15,1177,19,1681,Not in California
Unknown,2021-05-20,16,2714,13,1865,2,724,1,125,12,510,7,1184,13,1694,Not in California
Unknown,2021-05-21,21,2735,10,1875,7,731,4,129,12,513,13,1197,16,1710,Not in California
Unknown,2021-05-22,23,2758,19,1894,3,734,1,130,16,518,12,1209,17,1727,Not in California
Unknown,2021-05-23,9,2767,6,1900,3,737,0,130,8,523,3,1212,8,1735,Not in California
Unknown,2021-05-24,8,2775,5,1905,2,739,1,131,5,525,4,1216,6,1741,Not in California
Unknown,2021-05-25,17,2792,6,1911,5,744,6,137,14,536,9,1225,20,1761,Not in California
Unknown,2021-05-26,8,2800,5,1916,2,746,1,138,4,537,4,1229,5,1766,Not in California
Unknown,2021-05-27,18,2818,12,1928,4,750,2,140,6,534,11,1240,8,1774,Not in California
Unknown,2021-05-28,23,2841,13,1941,5,755,5,145,13,542,10,1250,18,1792,Not in California
Unknown,2021-05-29,10,2851,10,1951,0,755,0,145,7,546,3,1253,7,1799,Not in California
Unknown,2021-05-30,6,2857,4,1955,1,756,1,146,3,547,3,1256,4,1803,Not in California
Unknown,2021-05-31,1,2858,1,1956,0,756,0,146,0,546,1,1257,0,1803,Not in California
Unknown,2021-06-01,23,2881,11,1967,6,762,6,152,12,553,11,1268,18,1821,Not in California
Unknown,2021-06-02,7,2888,3,1970,4,766,0,152,3,552,4,1272,3,1824,Not in California
Unknown,2021-06-03,18,2906,18,1988,0,766,0,152,9,552,9,1281,9,1833,Not in California
Unknown,2021-06-04,23,2929,14,2002,9,775,0,152,13,555,10,1291,13,1846,Not in California
Unknown,2021-06-05,12,2941,7,2009,4,779,1,153,6,556,6,1297,7,1853,Not in California
Unknown,2021-06-06,23,2964,15,2024,5,784,3,156,8,552,15,1312,11,1864,Not in California
Unknown,2021-06-07,17,2981,7,2031,8,792,2,158,8,553,9,1321,10,1874,Not in California
Unknown,2021-06-08,15,2996,10,2041,3,795,2,160,3,547,11,1332,5,1879,Not in California
Unknown,2021-06-09,190,3186,136,2177,51,846,3,163,167,694,23,1355,170,2049,Not in California
Unknown,2021-06-10,240,3426,181,2358,53,899,6,169,216,892,24,1379,222,2271,Not in California
Unknown,2021-06-11,259,3685,190,2548,64,963,5,174,244,1127,14,1393,249,2520,Not in California
Unknown,2021-06-12,241,3926,184,2732,51,1014,6,180,215,1323,25,1418,221,2741,Not in California
Unknown,2021-06-13,90,4016,41,2773,42,1056,7,187,70,1380,20,1438,77,2818,Not in California
Unknown,2021-06-14,215,4231,148,2921,62,1118,5,192,198,1566,17,1455,203,3021,Not in California
Unknown,2021-06-15,275,4506,201,3122,63,1181,11,203,241,1786,32,1487,252,3273,Not in California
Unknown,2021-06-16,1,4507,1,3123,0,1181,0,203,1,1787,0,1487,1,3274,Not in California
Alameda,2020-12-15,37,37,37,37,0,0,0,0,37,37,0,0,37,37,California
Alameda,2020-12-16,211,248,211,248,0,0,0,0,211,248,0,0,211,248,California
Alameda,2020-12-17,506,754,506,754,0,0,0,0,506,754,0,0,506,754,California
Alameda,2020-12-18,1904,2658,1902,2656,2,2,0,0,1903,2656,1,1,1903,2657,California
Alameda,2020-12-19,1421,4079,1421,4077,0,2,0,0,1421,4077,0,1,1421,4078,California
Alameda,2020-12-20,1173,5252,1172,5249,1,3,0,0,1172,5248,1,2,1172,5250,California
Alameda,2020-12-21,1835,7087,1833,7082,2,5,0,0,1834,7082,0,2,1834,7084,California
Alameda,2020-12-22,2087,9174,2033,9115,54,59,0,0,2086,9168,0,2,2086,9170,California
Alameda,2020-12-23,1911,11085,1654,10769,257,316,0,0,1910,11077,1,3,1910,11080,California
Alameda,2020-12-24,1203,12288,747,11516,456,772,0,0,1203,12280,0,3,1203,12283,California
Alameda,2020-12-25,160,12448,125,11641,35,807,0,0,160,12440,0,3,160,12443,California
Alameda,2020-12-26,851,13299,317,11958,534,1341,0,0,851,13291,0,3,851,13294,California
Alameda,2020-12-27,493,13792,254,12212,239,1580,0,0,493,13784,0,3,493,13787,California
Alameda,2020-12-28,1866,15658,958,13170,908,2488,0,0,1866,15650,0,3,1866,15653,California
Alameda,2020-12-29,2474,18132,1076,14246,1398,3886,0,0,2473,18123,0,3,2473,18126,California
Alameda,2020-12-30,3063,21195,1321,15567,1742,5628,0,0,3063,21186,0,3,3063,21189,California
Alameda,2020-12-31,1796,22991,448,16015,1348,6976,0,0,1794,22979,1,4,1794,22983,California
Alameda,2021-01-01,177,23168,74,16089,103,7079,0,0,175,23152,2,6,175,23158,California
Alameda,2021-01-02,726,23894,524,16613,202,7281,0,0,725,23877,0,6,725,23883,California
Alameda,2021-01-03,329,24223,214,16827,115,7396,0,0,326,24200,3,9,326,24209,California
Alameda,2021-01-04,1604,25827,910,17737,694,8090,0,0,1592,25781,11,20,1592,25801,California
Alameda,2021-01-05,2204,28031,1274,19011,930,9020,0,0,1948,27476,253,273,1948,27749,California
Alameda,2021-01-06,3250,31281,1800,20811,1450,10470,0,0,2374,28979,873,1146,2376,30125,California
Alameda,2021-01-07,3792,35073,2125,22936,1667,12137,0,0,2619,30438,1164,2310,2623,32748,California
Alameda,2021-01-08,4753,39826,2715,25651,2038,14175,0,0,3023,31744,1722,4032,3028,35776,California
Alameda,2021-01-09,2015,41841,1371,27022,644,14819,0,0,1160,32049,855,4887,1160,36936,California
Alameda,2021-01-10,1057,42898,837,27859,220,15039,0,0,425,31841,633,5520,425,37361,California
Alameda,2021-01-11,4650,47548,3519,31378,1131,16170,0,0,2849,32896,1799,7319,2854,40215,California
Alameda,2021-01-12,4842,52390,3260,34638,1582,17752,0,0,3454,34970,1386,8705,3460,43675,California
Alameda,2021-01-13,5024,57414,2658,37296,2366,20118,0,0,3826,37618,1193,9898,3841,47516,California
Alameda,2021-01-14,5646,63060,2794,40090,2852,22970,0,0,4750,41499,887,10785,4768,52284,California
Alameda,2021-01-15,5813,68873,2316,42406,3497,26467,0,0,5041,45788,765,11550,5054,57338,California
Alameda,2021-01-16,2978,71851,1398,43804,1580,28047,0,0,2712,48236,266,11816,2714,60052,California
Alameda,2021-01-17,1869,73720,1087,44891,782,28829,0,0,1664,49696,205,12021,1665,61717,California
Alameda,2021-01-18,3155,76875,2027,46918,1128,29957,0,0,2562,51673,587,12608,2564,64281,California
Alameda,2021-01-19,5505,82380,3316,50234,2189,32146,0,0,4311,54795,1192,13800,4314,68595,California
Alameda,2021-01-20,6764,89144,4094,54328,2670,34816,0,0,5468,58985,1283,15083,5473,74068,California
Alameda,2021-01-21,7801,96945,3427,57755,4374,39190,0,0,6956,65110,838,15921,6963,81031,California
Alameda,2021-01-22,6819,103764,2026,59781,4793,43983,0,0,5678,69657,1132,17053,5679,86710,California
Alameda,2021-01-23,3262,107026,945,60726,2317,46300,0,0,2711,71818,550,17603,2711,89421,California
Alameda,2021-01-24,2026,109052,654,61380,1372,47672,0,0,1755,73305,268,17871,1755,91176,California
Alameda,2021-01-25,5166,114218,1974,63354,3192,50864,0,0,3600,75348,1558,19429,3601,94777,California
Alameda,2021-01-26,7310,121528,2309,65663,5001,55865,0,0,5422,78892,1880,21309,5424,100201,California
Alameda,2021-01-27,6688,128216,2062,67725,4626,60491,0,0,4843,81903,1833,23142,4844,105045,California
Alameda,2021-01-28,7872,136088,2559,70284,5313,65804,0,0,5634,85318,2222,25364,5637,110682,California
Alameda,2021-01-29,7995,144083,3199,73483,4796,70600,0,0,6156,89651,1829,27193,6162,116844,California
Alameda,2021-01-30,3432,147515,1688,75171,1744,72344,0,0,2720,91665,706,27899,2720,119564,California
Alameda,2021-01-31,1913,149428,943,76114,970,73314,0,0,1675,93105,235,28134,1675,121239,California
Alameda,2021-02-01,6452,155880,3876,79990,2576,75890,0,0,4319,95301,2124,30258,4320,125559,California
Alameda,2021-02-02,7001,162881,3772,83762,3229,79119,0,0,4673,97653,2321,32579,4673,130232,California
Alameda,2021-02-03,7011,169892,3697,87459,3314,82433,0,0,4330,99313,2675,35254,4335,134567,California
Alameda,2021-02-04,9436,179328,4118,91577,5318,87751,0,0,6329,102553,3094,38348,6334,140901,California
Alameda,2021-02-05,10237,189565,5345,96922,4892,92643,0,0,6370,105069,3861,42209,6377,147278,California
Alameda,2021-02-06,6930,196495,4408,101330,2522,95165,0,0,5804,109747,1126,43335,5804,153082,California
Alameda,2021-02-07,3579,200074,2891,104221,688,95853,0,0,2634,111441,942,44277,2636,155718,California
Alameda,2021-02-08,8082,208156,5792,110013,2290,98143,0,0,5527,114424,2546,46823,5529,161247,California
Alameda,2021-02-09,9627,217783,5794,115807,3833,101976,0,0,5991,116794,3623,50446,5993,167240,California
Alameda,2021-02-10,11424,229207,6754,122561,4670,106646,0,0,6522,118438,4886,55332,6530,173770,California
Alameda,2021-02-11,13928,243135,8019,130580,5909,112555,0,0,8353,121239,5555,60887,8356,182126,California
Alameda,2021-02-12,12464,255599,5673,136253,6791,119346,0,0,7720,124234,4728,65615,7723,189849,California
Alameda,2021-02-13,7755,263354,4042,140295,3713,123059,0,0,5809,128103,1942,67557,5811,195660,California
Alameda,2021-02-14,4036,267390,2546,142841,1490,124549,0,0,2859,129792,1173,68730,2862,198522,California
Alameda,2021-02-15,5643,273033,3185,146026,2458,127007,0,0,3675,131504,1965,70695,3677,202199,California
Alameda,2021-02-16,12487,285520,6962,152988,5525,132532,0,0,9284,137602,3192,73887,9290,211489,California
Alameda,2021-02-17,14100,299620,8378,161366,5722,138254,0,0,10468,144456,3616,77503,10470,221959,California
Alameda,2021-02-18,15843,315463,10075,171441,5768,144022,0,0,11516,151661,4317,81820,11522,233481,California
Alameda,2021-02-19,17823,333286,11572,183013,6251,150273,0,0,11778,157423,6021,87841,11783,245264,California
Alameda,2021-02-20,12002,345288,9704,192717,2298,152571,0,0,9232,163896,2765,90606,9238,254502,California
Alameda,2021-02-21,7789,353077,6836,199553,953,153524,0,0,5284,166688,2492,93098,5284,259786,California
Alameda,2021-02-22,10933,364010,8061,207614,2872,156396,0,0,6868,169513,4052,97150,6877,266663,California
Alameda,2021-02-23,12953,376963,7896,215510,5057,161453,0,0,8071,172718,4872,102022,8077,274740,California
Alameda,2021-02-24,14800,391763,8313,223823,6487,167940,0,0,9584,177155,5153,107175,9590,284330,California
Alameda,2021-02-25,15965,407728,9261,233084,6704,174644,0,0,10094,181419,5839,113014,10103,294433,California
Alameda,2021-02-26,18597,426325,10835,243919,7762,182406,0,0,11807,186487,6743,119757,11811,306244,California
Alameda,2021-02-27,15141,441466,11174,255093,3965,186371,2,2,9363,190099,5755,125512,9367,315611,California
Alameda,2021-02-28,10082,451548,8412,263505,1669,188040,1,3,6522,193091,3532,129044,6524,322135,California
Alameda,2021-03-01,14043,465591,9711,273216,4321,192361,11,14,8583,196281,5412,134456,8602,330737,California
Alameda,2021-03-02,15007,480598,10800,284016,4206,196567,1,15,9824,200950,5163,139619,9832,340569,California
Alameda,2021-03-03,15757,496355,10332,294348,5422,201989,3,18,10796,206821,4932,144551,10803,351372,California
Alameda,2021-03-04,17390,513745,11185,305533,6203,208192,2,20,10972,211414,6381,150932,10974,362346,California
Alameda,2021-03-05,16176,529921,10615,316148,5551,213743,10,30,10940,217178,5192,156124,10956,373302,California
Alameda,2021-03-06,14516,544437,10257,326405,3993,217736,266,296,9619,222215,4848,160972,9885,383187,California
Alameda,2021-03-07,9763,554200,8511,334916,1169,218905,83,379,6966,226496,2770,163742,7051,390238,California
Alameda,2021-03-08,11924,566124,7448,342364,4099,223004,377,756,8916,232829,2958,166700,9291,399529,California
Alameda,2021-03-09,14643,580767,10307,352671,3906,226910,430,1186,7981,234611,6630,173330,8412,407941,California
Alameda,2021-03-10,17422,598189,12095,364766,4776,231686,551,1737,7861,233486,9533,182863,8408,416349,California
Alameda,2021-03-11,19732,617921,11567,376333,6453,238139,1712,3449,6696,228877,13005,195868,8396,424745,California
Alameda,2021-03-12,21322,639243,12508,388841,7113,245252,1701,5150,7342,223960,13947,209815,9030,433775,California
Alameda,2021-03-13,16032,655275,10313,399154,4717,249969,1002,6152,5041,219040,10956,220771,6036,439811,California
Alameda,2021-03-14,10871,666146,8020,407174,2070,252039,781,6933,3295,215553,7554,228325,4067,443878,California
Alameda,2021-03-15,14421,680567,9446,416620,4448,256487,527,7460,6208,214103,8182,236507,6732,450610,California
Alameda,2021-03-16,17172,697739,11168,427788,5471,261958,533,7993,7326,212169,9794,246301,7860,458470,California
Alameda,2021-03-17,17557,715296,9947,437735,6883,268841,727,8720,8125,211633,9384,255685,8848,467318,California
Alameda,2021-03-18,19146,734442,10442,448177,7812,276653,892,9612,8618,210651,10496,266181,9514,476832,California
Alameda,2021-03-19,19367,753809,10626,458803,6946,283599,1795,11407,7544,208207,11773,277954,9329,486161,California
Alameda,2021-03-20,15781,769590,10346,469149,4581,288180,854,12261,6311,205930,9437,287391,7160,493321,California
Alameda,2021-03-21,9202,778792,7233,476382,1416,289596,553,12814,3378,204048,5813,293204,3931,497252,California
Alameda,2021-03-22,15031,793823,10128,486510,3890,293486,1013,13827,6787,203627,8213,301417,7792,505044,California
Alameda,2021-03-23,19286,813109,11709,498219,6760,300246,817,14644,9754,204721,9480,310897,10574,515618,California
Alameda,2021-03-24,19265,832374,11676,509895,6563,306809,1026,15670,8382,203301,10818,321715,9398,525016,California
Alameda,2021-03-25,20534,852908,11402,521297,7723,314532,1409,17079,9359,202953,11104,332819,10756,535772,California
Alameda,2021-03-26,20940,873848,12635,533932,6739,321271,1566,18645,8410,200434,12481,345300,9962,545734,California
Alameda,2021-03-27,18340,892188,12514,546446,4875,326146,951,19596,7510,198103,10780,356080,8449,554183,California
Alameda,2021-03-28,10657,902845,8689,555135,1765,327911,203,19799,3453,194574,7188,363268,3659,557842,California
Alameda,2021-03-29,14689,917534,9415,564550,4280,332191,994,20793,5825,192565,8826,372094,6817,564659,California
Alameda,2021-03-30,18569,936103,9802,574352,7043,339234,1724,22517,9251,194247,9282,381376,10964,575623,California
Alameda,2021-03-31,19342,955445,10187,584539,7049,346283,2106,24623,8974,194978,10337,391713,11068,586691,California
Alameda,2021-04-01,23302,978747,9975,594514,7641,353924,5686,30309,11010,199404,12240,403953,16666,603357,California
Alameda,2021-04-02,24065,1002812,9877,604391,8309,362233,5879,36188,11610,204442,12418,416371,17456,620813,California
Alameda,2021-04-03,20332,1023144,9796,614187,5670,367903,4866,41054,10264,209520,10044,426415,15122,635935,California
Alameda,2021-04-04,9950,1033094,3988,618175,2259,370162,3703,44757,3449,210186,6481,432896,7147,643082,California
Alameda,2021-04-05,17824,1050918,7505,625680,5503,375665,4816,49573,7251,211701,10548,443444,12063,655145,California
Alameda,2021-04-06,22182,1073100,10659,636339,5651,381316,5872,55445,10054,215512,12091,455535,15902,671047,California
Alameda,2021-04-07,22562,1095662,11557,647896,5522,386838,5483,60928,11414,221292,11103,466638,16883,687930,California
Alameda,2021-04-08,25561,1121223,11501,659397,6035,392873,8025,68953,10919,225651,14560,481198,18919,706849,California
Alameda,2021-04-09,23399,1144622,10665,670062,7482,400355,5252,74205,12066,231669,11298,492496,17316,724165,California
Alameda,2021-04-10,19304,1163926,7491,677553,5638,405993,6175,80380,8252,235053,11026,503522,14410,738575,California
Alameda,2021-04-11,11013,1174939,4817,682370,2236,408229,3960,84340,4500,237003,6494,510016,8444,747019,California
Alameda,2021-04-12,18130,1193069,11803,694173,4351,412580,1976,86316,10289,241458,7804,517820,12259,759278,California
Alameda,2021-04-13,23152,1216221,14731,708904,8361,420941,60,86376,17114,252657,5986,523806,17185,776463,California
Alameda,2021-04-14,23277,1239498,15307,724211,7968,428909,2,86378,15703,260842,7535,531341,15720,792183,California
Alameda,2021-04-15,24250,1263748,15491,739702,8756,437665,3,86381,16174,269020,8013,539354,16191,808374,California
Alameda,2021-04-16,24502,1288250,14432,754134,10064,447729,6,86387,15836,276288,8608,547962,15876,824250,California
Alameda,2021-04-17,21005,1309255,14524,768658,6479,454208,2,86389,14559,284472,6411,554373,14595,838845,California
Alameda,2021-04-18,10040,1319295,7714,776372,2326,456534,0,86389,6973,288417,3038,557411,6983,845828,California
Alameda,2021-04-19,15658,1334953,9752,786124,5905,462439,1,86390,9106,291024,6512,563923,9119,854947,California
Alameda,2021-04-20,18131,1353084,11113,797237,7016,469455,2,86392,9999,292962,8087,572010,10025,864972,California
Alameda,2021-04-21,19098,1372182,11163,808400,7924,477379,11,86403,11179,296304,7865,579875,11207,876179,California
Alameda,2021-04-22,21396,1393578,13772,822172,7619,484998,5,86408,11423,297836,9919,589794,11451,887630,California
Alameda,2021-04-23,21785,1415363,14074,836246,7707,492705,4,86412,12253,300646,9474,599268,12284,899914,California
Alameda,2021-04-24,18962,1434325,14412,850658,4542,497247,8,86420,10064,301876,8852,608120,10082,909996,California
Alameda,2021-04-25,8991,1443316,6996,857654,1994,499241,1,86421,5892,304706,3073,611193,5903,915899,California
Alameda,2021-04-26,14399,1457715,9971,867625,4402,503643,26,86447,8978,308332,5388,616581,9014,924913,California
Alameda,2021-04-27,16275,1473990,9635,877260,6274,509917,366,86813,7713,307924,8510,625091,8102,933015,California
Alameda,2021-04-28,16434,1490424,10383,887643,5586,515503,465,87278,6684,305370,9716,634807,7162,940177,California
Alameda,2021-04-29,17177,1507601,10287,897930,6560,522063,330,87608,6406,301413,10714,645521,6757,946934,California
Alameda,2021-04-30,19990,1527591,12522,910452,7128,529191,340,87948,8270,298420,11640,657161,8647,955581,California
Alameda,2021-05-01,13973,1541564,9356,919808,4410,533601,207,88155,5229,295176,8708,665869,5464,961045,California
Alameda,2021-05-02,7065,1548629,4931,924739,1965,535566,169,88324,2886,294074,4161,670030,3059,964104,California
Alameda,2021-05-03,14537,1563166,10941,935680,3276,538842,320,88644,2841,285626,11637,681667,3189,967293,California
Alameda,2021-05-04,18344,1581510,13170,948850,4812,543654,362,89006,3682,275105,14596,696263,4075,971368,California
Alameda,2021-05-05,18354,1599864,13345,962195,4500,548154,509,89515,3728,264793,14562,710825,4250,975618,California
Alameda,2021-05-06,18691,1618555,14124,976319,3873,552027,694,90209,3674,254232,14942,725767,4381,979999,California
Alameda,2021-05-07,19176,1637731,12880,989199,5881,557908,415,90624,4409,244375,14696,740463,4839,984838,California
Alameda,2021-05-08,16470,1654201,11273,1000472,4987,562895,210,90834,3103,234378,13326,753789,3329,988167,California
Alameda,2021-05-09,8530,1662731,6986,1007458,1401,564296,143,90977,1444,228905,7064,760853,1591,989758,California
Alameda,2021-05-10,10128,1672859,6935,1014393,2869,567165,324,91301,2522,224187,7573,768426,2855,992613,California
Alameda,2021-05-11,15240,1688099,8204,1022597,6722,573887,314,91615,2810,214967,12380,780806,3160,995773,California
Alameda,2021-05-12,13326,1701425,8862,1031459,4022,577909,442,92057,2988,208135,10293,791099,3461,999234,California
Alameda,2021-05-13,17683,1719108,12687,1044146,4452,582361,544,92601,5670,202418,11963,803062,6246,1005480,California
Alameda,2021-05-14,20510,1739618,13909,1058055,6137,588498,464,93065,7074,196609,13359,816421,7550,1013030,California
Alameda,2021-05-15,17051,1756669,12405,1070460,4418,592916,228,93293,5755,191346,11250,827671,5987,1019017,California
Alameda,2021-05-16,8405,1765074,7188,1077648,1125,594041,92,93385,2803,188675,5571,833242,2900,1021917,California
Alameda,2021-05-17,13409,1778483,10001,1087649,2880,596921,528,93913,4202,184250,9169,842411,4744,1026661,California
Alameda,2021-05-18,14185,1792668,10324,1097973,3440,600361,421,94334,5029,180591,9112,851523,5453,1032114,California
Alameda,2021-05-19,14448,1807116,9912,1107885,4201,604562,335,94669,6008,178545,8389,859912,6343,1038457,California
Alameda,2021-05-20,13241,1820357,8734,1116619,3973,608535,534,95203,5826,177542,7364,867276,6361,1044818,California
Alameda,2021-05-21,15249,1835606,10021,1126640,4956,613491,272,95475,5181,172998,10002,877278,5458,1050276,California
Alameda,2021-05-22,10248,1845854,7399,1134039,2684,616175,165,95640,4133,171217,6085,883363,4304,1054580,California
Alameda,2021-05-23,4897,1850751,3721,1137760,1087,617262,89,95729,1590,169611,3286,886649,1680,1056260,California
Alameda,2021-05-24,6951,1857702,3949,1141709,2749,620011,253,95982,2644,168247,4267,890916,2903,1059163,California
Alameda,2021-05-25,7985,1865687,5163,1146872,2567,622578,255,96237,3588,167722,4363,895279,3838,1063001,California
Alameda,2021-05-26,8248,1873935,5155,1152027,2794,625372,299,96536,3632,167055,4592,899871,3925,1066926,California
Alameda,2021-05-27,8086,1882021,4866,1156893,2872,628244,348,96884,3425,166204,4619,904490,3768,1070694,California
Alameda,2021-05-28,8591,1890612,5028,1161921,3339,631583,224,97108,3654,165172,4912,909402,3880,1074574,California
Alameda,2021-05-29,4909,1895521,2954,1164875,1769,633352,186,97294,2546,165562,2344,911746,2734,1077308,California
Alameda,2021-05-30,2433,1897954,1592,1166467,752,634104,89,97383,976,165178,1449,913195,1065,1078373,California
Alameda,2021-05-31,1153,1899107,853,1167320,245,634349,55,97438,345,164785,793,913988,400,1078773,California
Alameda,2021-06-01,7100,1906207,4977,1172297,1880,636229,243,97681,3097,164150,3976,917964,3341,1082114,California
Alameda,2021-06-02,5802,1912009,3609,1175906,1972,638201,221,97902,2249,163091,3522,921486,2463,1084577,California
Alameda,2021-06-03,8449,1920458,6384,1182290,1785,639986,280,98182,2940,160835,5473,926959,3217,1087794,California
Alameda,2021-06-04,10420,1930878,7671,1189961,2507,642493,242,98424,2958,156614,7422,934381,3201,1090995,California
Alameda,2021-06-05,7991,1938869,5793,1195754,2036,644529,162,98586,1901,152620,6055,940436,2061,1093056,California
Alameda,2021-06-06,3623,1942492,3271,1199025,271,644800,81,98667,1085,151257,2529,942965,1166,1094222,California
Alameda,2021-06-07,5764,1948256,4214,1203239,1375,646175,175,98842,1750,149191,3991,946956,1925,1096147,California
Alameda,2021-06-08,7239,1955495,5778,1209017,1217,647392,244,99086,2125,146472,5087,952043,2368,1098515,California
Alameda,2021-06-09,7257,1962752,5936,1214953,1126,648518,195,99281,1691,142810,5543,957586,1881,1100396,California
Alameda,2021-06-10,7980,1970732,6682,1221635,999,649517,299,99580,2148,139449,5805,963391,2444,1102840,California
Alameda,2021-06-11,8016,1978748,6127,1227762,1665,651182,224,99804,2459,136606,5529,968920,2686,1105526,California
Alameda,2021-06-12,5476,1984224,4189,1231951,1099,652281,188,99992,1376,134101,4072,972992,1567,1107093,California
Alameda,2021-06-13,2229,1986453,1682,1233633,426,652707,121,100113,634,133272,1582,974574,753,1107846,California
Alameda,2021-06-14,3691,1990144,2595,1236228,900,653607,196,100309,1169,132137,2498,977072,1363,1109209,California
Alameda,2021-06-15,5780,1995924,4190,1240418,1314,654921,276,100585,1731,130127,4013,981085,2003,1111212,California
Alameda,2021-06-16,3028,1998952,2392,1242810,490,655411,146,100731,785,128822,2235,983320,930,1112142,California
Alpine,2020-12-18,2,2,2,2,0,0,0,0,2,2,0,0,2,2,California
Alpine,2020-12-19,2,4,2,4,0,0,0,0,2,4,0,0,2,4,California
Alpine,2020-12-21,1,5,1,5,0,0,0,0,1,5,0,0,1,5,California
Alpine,2020-12-30,14,19,0,5,14,14,0,0,14,19,0,0,14,19,California
Alpine,2020-12-31,1,20,0,5,1,15,0,0,1,20,0,0,1,20,California
Alpine,2021-01-01,1,21,0,5,1,16,0,0,1,21,0,0,1,21,California
Alpine,2021-01-02,1,22,1,6,0,16,0,0,1,22,0,0,1,22,California
Alpine,2021-01-04,10,32,0,6,10,26,0,0,10,32,0,0,10,32,California
Alpine,2021-01-05,9,41,1,7,8,34,0,0,9,41,0,0,9,41,California
Alpine,2021-01-06,31,72,0,7,31,65,0,0,31,72,0,0,31,72,California
Alpine,2021-01-07,8,80,0,7,8,73,0,0,8,80,0,0,8,80,California
Alpine,2021-01-08,4,84,2,9,2,75,0,0,2,80,2,2,2,82,California
Alpine,2021-01-09,2,86,2,11,0,75,0,0,0,78,2,4,0,82,California
Alpine,2021-01-11,32,118,1,12,31,106,0,0,31,108,1,5,31,113,California
Alpine,2021-01-13,35,153,0,12,35,141,0,0,35,143,0,5,35,148,California
Alpine,2021-01-14,1,154,0,12,1,142,0,0,1,144,0,5,1,149,California
Alpine,2021-01-15,1,155,0,12,1,143,0,0,1,145,0,5,1,150,California
Alpine,2021-01-20,21,176,0,12,21,164,0,0,21,166,0,5,21,171,California
Alpine,2021-01-21,1,177,0,12,1,165,0,0,1,167,0,5,1,172,California
Alpine,2021-01-22,33,210,0,12,33,198,0,0,33,200,0,5,33,205,California
Alpine,2021-01-23,1,211,1,13,0,198,0,0,0,199,1,6,0,205,California
Alpine,2021-01-25,16,227,0,13,16,214,0,0,16,215,0,6,16,221,California
Alpine,2021-01-27,1,228,1,14,0,214,0,0,0,214,1,7,0,221,California
Alpine,2021-01-28,1,229,0,14,1,215,0,0,0,213,1,8,0,221,California
Alpine,2021-01-29,1,230,0,14,1,216,0,0,1,214,0,8,1,222,California
Alpine,2021-02-01,25,255,0,14,25,241,0,0,7,203,18,26,7,229,California
Alpine,2021-02-03,34,289,0,14,34,275,0,0,10,189,24,50,10,239,California
Alpine,2021-02-04,8,297,0,14,8,283,0,0,3,187,5,55,3,242,California
Alpine,2021-02-05,31,328,0,14,31,314,0,0,12,180,19,74,12,254,California
Alpine,2021-02-08,32,360,0,14,32,346,0,0,4,156,28,102,4,258,California
Alpine,2021-02-10,34,394,0,14,34,380,0,0,0,122,34,136,0,258,California
Alpine,2021-02-11,6,400,0,14,6,386,0,0,3,122,3,139,3,261,California
Alpine,2021-02-12,1,401,0,14,1,387,0,0,0,121,1,140,0,261,California
Alpine,2021-02-17,23,424,0,14,23,410,0,0,3,104,20,160,3,264,California
Alpine,2021-02-18,2,426,0,14,2,412,0,0,1,104,1,161,1,265,California
Alpine,2021-02-19,34,460,1,15,33,445,0,0,2,74,32,193,2,267,California
Alpine,2021-02-22,27,487,0,15,27,472,0,0,8,63,19,212,8,275,California
Alpine,2021-02-25,6,493,1,16,5,477,0,0,6,69,0,212,6,281,California
Alpine,2021-02-26,30,523,1,17,29,506,0,0,29,97,1,213,29,310,California
Alpine,2021-02-27,1,524,0,17,1,507,0,0,1,98,0,213,1,311,California
Alpine,2021-03-01,36,560,0,17,36,543,0,0,26,114,10,223,26,337,California
Alpine,2021-03-03,29,589,0,17,29,572,0,0,18,121,11,234,18,355,California
Alpine,2021-03-04,11,600,1,18,10,582,0,0,11,132,0,234,11,366,California
Alpine,2021-03-05,30,630,0,18,30,612,0,0,22,146,8,242,22,388,California
Alpine,2021-03-08,31,661,0,18,31,643,0,0,29,173,2,244,29,417,California
Alpine,2021-03-10,73,734,0,18,73,716,0,0,73,246,0,244,73,490,California
Alpine,2021-03-11,35,769,0,18,35,751,0,0,31,273,4,248,31,521,California
Alpine,2021-03-12,19,788,0,18,19,770,0,0,17,288,2,250,17,538,California
Alpine,2021-03-15,20,808,0,18,20,790,0,0,19,306,1,251,19,557,California
Alpine,2021-03-17,23,831,0,18,22,812,1,1,19,322,4,255,20,577,California
Alpine,2021-03-18,37,868,2,20,35,847,0,1,35,355,2,257,35,612,California
Alpine,2021-03-19,2,870,1,21,1,848,0,1,1,355,1,258,1,613,California
Alpine,2021-03-22,24,894,0,21,24,872,0,1,15,361,9,267,15,628,California
Alpine,2021-03-24,19,913,0,21,19,891,0,1,8,358,11,278,8,636,California
Alpine,2021-03-25,35,948,1,22,33,924,1,2,27,379,7,285,28,664,California
Alpine,2021-03-27,1,949,0,22,1,925,0,2,0,378,1,286,0,664,California
Alpine,2021-03-28,1,950,1,23,0,925,0,2,1,379,0,286,1,665,California
Alpine,2021-03-29,19,969,0,23,18,943,1,3,2,365,17,303,3,668,California
Alpine,2021-04-01,18,987,0,23,18,961,0,3,8,363,10,313,8,676,California
Alpine,2021-04-02,100,1087,0,23,100,1061,0,3,45,354,54,367,45,721,California
Alpine,2021-04-05,3,1090,0,23,3,1064,0,3,0,351,3,370,0,721,California
Alpine,2021-04-06,2,1092,1,24,1,1065,0,3,1,351,1,371,1,722,California
Alpine,2021-04-07,117,1209,0,24,116,1181,1,4,30,296,86,457,31,753,California
Alpine,2021-04-08,35,1244,0,24,35,1216,0,4,10,281,25,482,10,763,California
Alpine,2021-04-09,2,1246,0,24,2,1218,0,4,2,283,0,482,2,765,California
Alpine,2021-04-14,47,1293,0,24,47,1265,0,4,10,256,37,519,10,775,California
Alpine,2021-04-15,35,1328,0,24,35,1300,0,4,3,227,32,551,3,778,California
Alpine,2021-04-19,1,1329,0,24,1,1301,0,4,1,228,0,551,1,779,California
Alpine,2021-04-21,31,1360,0,24,31,1332,0,4,15,227,16,567,15,794,California
Alpine,2021-04-22,24,1384,0,24,24,1356,0,4,1,205,23,590,1,795,California
Alpine,2021-04-25,1,1385,1,25,0,1356,0,4,0,204,1,591,0,795,California
Alpine,2021-04-27,1,1386,0,25,1,1357,0,4,1,205,0,591,1,796,California
Alpine,2021-04-28,36,1422,0,25,36,1393,0,4,6,181,30,621,6,802,California
Alpine,2021-04-29,6,1428,0,25,6,1399,0,4,0,175,6,627,0,802,California
Alpine,2021-04-30,2,1430,1,26,0,1399,1,5,1,176,1,628,2,804,California
Alpine,2021-05-02,1,1431,0,26,0,1399,1,6,0,176,1,629,1,805,California
Alpine,2021-05-05,17,1448,0,26,17,1416,0,6,4,167,13,642,4,809,California
Alpine,2021-05-06,8,1456,0,26,8,1424,0,6,0,159,8,650,0,809,California
Alpine,2021-05-07,1,1457,0,26,1,1425,0,6,0,158,1,651,0,809,California
Alpine,2021-05-10,1,1458,0,26,1,1426,0,6,1,159,0,651,1,810,California
Alpine,2021-05-12,1,1459,0,26,0,1426,1,7,0,159,1,652,1,811,California
Alpine,2021-05-13,3,1462,0,26,3,1429,0,7,0,156,3,655,0,811,California
Alpine,2021-05-17,2,1464,0,26,2,1431,0,7,1,156,1,656,1,812,California
Alpine,2021-05-18,1,1465,0,26,1,1432,0,7,1,157,0,656,1,813,California
Alpine,2021-05-19,15,1480,0,26,15,1447,0,7,0,142,15,671,0,813,California
Alpine,2021-05-21,1,1481,1,27,0,1447,0,7,0,141,1,672,0,813,California
Alpine,2021-05-25,1,1482,0,27,1,1448,0,7,0,140,1,673,0,813,California
Alpine,2021-05-27,1,1483,0,27,1,1449,0,7,1,141,0,673,1,814,California
Alpine,2021-05-28,2,1485,1,28,1,1450,0,7,2,143,0,673,2,816,California
Alpine,2021-05-29,1,1486,0,28,1,1451,0,7,1,144,0,673,1,817,California
Alpine,2021-06-02,8,1494,0,28,8,1459,0,7,1,138,7,680,1,818,California
Alpine,2021-06-04,1,1495,0,28,1,1460,0,7,1,139,0,680,1,819,California
Alpine,2021-06-07,1,1496,0,28,1,1461,0,7,0,138,1,681,0,819,California
Alpine,2021-06-10,1,1497,1,29,0,1461,0,7,1,139,0,681,1,820,California
Alpine,2021-06-15,1,1498,0,29,1,1462,0,7,0,138,1,682,0,820,California
Amador,2020-12-16,2,2,2,2,0,0,0,0,2,2,0,0,2,2,California
Amador,2020-12-17,5,7,5,7,0,0,0,0,5,7,0,0,5,7,California
Amador,2020-12-18,46,53,46,53,0,0,0,0,46,53,0,0,46,53,California
Amador,2020-12-19,16,69,16,69,0,0,0,0,16,69,0,0,16,69,California
Amador,2020-12-20,4,73,4,73,0,0,0,0,4,73,0,0,4,73,California
Amador,2020-12-21,31,104,31,104,0,0,0,0,31,104,0,0,31,104,California
Amador,2020-12-22,35,139,34,138,1,1,0,0,35,139,0,0,35,139,California
Amador,2020-12-23,40,179,39,177,1,2,0,0,40,179,0,0,40,179,California
Amador,2020-12-24,5,184,3,180,2,4,0,0,5,184,0,0,5,184,California
Amador,2020-12-26,5,189,4,184,1,5,0,0,5,189,0,0,5,189,California
Amador,2020-12-27,1,190,0,184,1,6,0,0,1,190,0,0,1,190,California
Amador,2020-12-28,30,220,26,210,4,10,0,0,30,220,0,0,30,220,California
Amador,2020-12-29,25,245,18,228,7,17,0,0,25,245,0,0,25,245,California
Amador,2020-12-30,122,367,76,304,46,63,0,0,122,367,0,0,122,367,California
Amador,2020-12-31,193,560,168,472,25,88,0,0,193,560,0,0,193,560,California
Amador,2021-01-01,2,562,0,472,2,90,0,0,2,562,0,0,2,562,California
Amador,2021-01-02,57,619,57,529,0,90,0,0,57,619,0,0,57,619,California
Amador,2021-01-03,66,685,17,546,49,139,0,0,66,685,0,0,66,685,California
Amador,2021-01-04,124,809,1,547,123,262,0,0,124,809,0,0,124,809,California
Amador,2021-01-05,35,844,3,550,32,294,0,0,33,840,2,2,33,842,California
Amador,2021-01-06,41,885,11,561,30,324,0,0,37,873,4,6,37,879,California
Amador,2021-01-07,229,1114,69,630,160,484,0,0,217,1078,12,18,217,1096,California
Amador,2021-01-08,85,1199,70,700,15,499,0,0,41,1076,44,62,42,1138,California
Amador,2021-01-09,11,1210,11,711,0,499,0,0,2,1069,9,71,2,1140,California
Amador,2021-01-10,6,1216,4,715,2,501,0,0,2,1067,4,75,2,1142,California
Amador,2021-01-11,125,1341,44,759,81,582,0,0,88,1119,36,111,88,1230,California
Amador,2021-01-12,65,1406,50,809,15,597,0,0,41,1136,24,135,41,1271,California
Amador,2021-01-13,40,1446,24,833,16,613,0,0,28,1152,12,147,28,1299,California
Amador,2021-01-14,149,1595,22,855,127,740,0,0,139,1282,10,157,140,1439,California
Amador,2021-01-15,60,1655,25,880,35,775,0,0,52,1326,8,165,52,1491,California
Amador,2021-01-16,17,1672,11,891,6,781,0,0,11,1332,6,171,12,1503,California
Amador,2021-01-17,26,1698,5,896,21,802,0,0,26,1358,0,171,26,1529,California
Amador,2021-01-18,30,1728,26,922,4,806,0,0,9,1346,21,192,9,1538,California
Amador,2021-01-19,124,1852,99,1021,25,831,0,0,81,1384,43,235,81,1619,California
Amador,2021-01-20,180,2032,30,1051,150,981,0,0,166,1537,13,248,166,1785,California
Amador,2021-01-21,260,2292,229,1280,31,1012,0,0,148,1574,112,360,149,1934,California
Amador,2021-01-22,135,2427,72,1352,63,1075,0,0,128,1695,7,367,128,2062,California
Amador,2021-01-23,53,2480,32,1384,21,1096,0,0,50,1742,3,370,50,2112,California
Amador,2021-01-24,30,2510,12,1396,18,1114,0,0,27,1766,3,373,27,2139,California
Amador,2021-01-25,59,2569,29,1425,30,1144,0,0,41,1789,18,391,41,2180,California
Amador,2021-01-26,244,2813,17,1442,227,1371,0,0,234,2013,10,401,234,2414,California
Amador,2021-01-27,301,3114,33,1475,268,1639,0,0,254,2223,45,446,255,2669,California
Amador,2021-01-28,373,3487,100,1575,273,1912,0,0,288,2428,84,530,289,2958,California
Amador,2021-01-29,99,3586,33,1608,66,1978,0,0,84,2497,15,545,84,3042,California
Amador,2021-01-30,168,3754,36,1644,132,2110,0,0,163,2655,5,550,163,3205,California
Amador,2021-01-31,33,3787,28,1672,5,2115,0,0,32,2686,1,551,32,3237,California
Amador,2021-02-01,66,3853,24,1696,42,2157,0,0,39,2698,27,578,39,3276,California
Amador,2021-02-02,216,4069,64,1760,152,2309,0,0,127,2739,86,664,127,3403,California
Amador,2021-02-03,140,4209,38,1798,102,2411,0,0,88,2776,51,715,88,3491,California
Amador,2021-02-04,249,4458,74,1872,175,2586,0,0,163,2855,86,801,165,3656,California
Amador,2021-02-05,334,4792,63,1935,271,2857,0,0,317,3155,17,818,317,3973,California
Amador,2021-02-06,100,4892,81,2016,19,2876,0,0,96,3247,4,822,96,4069,California
Amador,2021-02-07,39,4931,35,2051,4,2880,0,0,35,3279,4,826,36,4105,California
Amador,2021-02-08,91,5022,63,2114,28,2908,0,0,74,3336,17,843,74,4179,California
Amador,2021-02-09,174,5196,81,2195,93,3001,0,0,107,3376,67,910,107,4286,California
Amador,2021-02-10,983,6179,81,2276,902,3903,0,0,947,4287,36,946,947,5233,California
Amador,2021-02-11,306,6485,118,2394,188,4091,0,0,196,4375,108,1054,196,5429,California
Amador,2021-02-12,328,6813,120,2514,208,4299,0,0,255,4557,73,1127,255,5684,California
Amador,2021-02-13,165,6978,80,2594,85,4384,0,0,142,4676,23,1150,142,5826,California
Amador,2021-02-14,123,7101,54,2648,69,4453,0,0,105,4763,18,1168,105,5931,California
Amador,2021-02-15,187,7288,61,2709,126,4579,0,0,170,4917,16,1184,170,6101,California
Amador,2021-02-16,467,7755,53,2762,414,4993,0,0,427,5305,40,1224,428,6529,California
Amador,2021-02-17,264,8019,85,2847,179,5172,0,0,166,5373,98,1322,166,6695,California
Amador,2021-02-18,396,8415,98,2945,298,5470,0,0,332,5641,64,1386,332,7027,California
Amador,2021-02-19,195,8610,77,3022,118,5588,0,0,110,5668,83,1469,110,7137,California
Amador,2021-02-20,94,8704,31,3053,63,5651,0,0,66,5706,28,1497,66,7203,California
Amador,2021-02-21,47,8751,34,3087,13,5664,0,0,14,5688,32,1529,14,7217,California
Amador,2021-02-22,67,8818,26,3113,41,5705,0,0,32,5686,34,1563,32,7249,California
Amador,2021-02-23,318,9136,53,3166,265,5970,0,0,139,5646,179,1742,139,7388,California
Amador,2021-02-24,399,9535,59,3225,340,6310,0,0,265,5783,128,1870,265,7653,California
Amador,2021-02-25,531,10066,122,3347,409,6719,0,0,281,5821,243,2113,281,7934,California
Amador,2021-02-26,635,10701,82,3429,553,7272,0,0,515,6217,119,2232,515,8449,California
Amador,2021-02-27,293,10994,96,3525,197,7469,0,0,100,6127,192,2424,102,8551,California
Amador,2021-02-28,106,11100,55,3580,51,7520,0,0,60,6143,46,2470,62,8613,California
Amador,2021-03-01,198,11298,69,3649,129,7649,0,0,126,6198,72,2542,127,8740,California
Amador,2021-03-02,385,11683,63,3712,322,7971,0,0,334,6484,49,2591,335,9075,California
Amador,2021-03-03,243,11926,83,3795,160,8131,0,0,166,6575,76,2667,167,9242,California
Amador,2021-03-04,497,12423,116,3911,381,8512,0,0,393,6865,103,2770,393,9635,California
Amador,2021-03-05,514,12937,76,3987,438,8950,0,0,290,6936,221,2991,292,9927,California
Amador,2021-03-06,98,13035,45,4032,52,9002,1,1,55,6949,43,3034,56,9983,California
Amador,2021-03-07,66,13101,44,4076,22,9024,0,1,23,6929,43,3077,23,10006,California
Amador,2021-03-08,151,13252,69,4145,81,9105,1,2,90,6959,61,3138,91,10097,California
Amador,2021-03-09,378,13630,50,4195,328,9433,0,2,293,7177,76,3214,294,10391,California
Amador,2021-03-10,515,14145,76,4271,437,9870,2,4,111,6891,401,3615,115,10506,California
Amador,2021-03-11,474,14619,119,4390,345,10215,10,14,299,7030,173,3788,312,10818,California
Amador,2021-03-12,568,15187,66,4456,495,10710,7,21,338,7152,229,4017,351,11169,California
Amador,2021-03-13,115,15302,17,4473,91,10801,7,28,75,7198,40,4057,86,11255,California
Amador,2021-03-14,87,15389,18,4491,67,10868,2,30,21,7155,66,4123,23,11278,California
Amador,2021-03-15,179,15568,25,4516,147,11015,7,37,53,7090,126,4249,61,11339,California
Amador,2021-03-16,454,16022,53,4569,392,11407,9,46,139,6927,311,4560,148,11487,California
Amador,2021-03-17,201,16223,45,4614,153,11560,3,49,122,6973,79,4639,125,11612,California
Amador,2021-03-18,481,16704,104,4718,373,11933,4,53,252,7004,229,4868,260,11872,California
Amador,2021-03-19,542,17246,56,4774,471,12404,15,68,389,7261,151,5019,408,12280,California
Amador,2021-03-20,110,17356,45,4819,64,12468,1,69,45,7245,64,5083,48,12328,California
Amador,2021-03-21,49,17405,34,4853,14,12482,1,70,30,7260,18,5101,33,12361,California
Amador,2021-03-22,113,17518,32,4885,52,12534,29,99,48,7272,65,5166,77,12438,California
Amador,2021-03-23,437,17955,48,4933,382,12916,7,106,275,7394,161,5327,283,12721,California
Amador,2021-03-24,349,18304,41,4974,55,12971,253,359,39,7375,309,5636,290,13011,California
Amador,2021-03-25,613,18917,88,5062,518,13489,7,366,394,7561,215,5851,401,13412,California
Amador,2021-03-26,750,19667,45,5107,699,14188,6,372,284,7395,459,6310,293,13705,California
Amador,2021-03-27,87,19754,15,5122,70,14258,2,374,27,7366,60,6370,31,13736,California
Amador,2021-03-28,69,19823,15,5137,52,14310,2,376,12,7325,56,6426,15,13751,California
Amador,2021-03-29,179,20002,25,5162,153,14463,1,377,79,7312,98,6524,85,13836,California
Amador,2021-03-30,538,20540,30,5192,507,14970,1,378,292,7364,241,6765,293,14129,California
Amador,2021-03-31,201,20741,58,5250,138,15108,5,383,44,7259,154,6919,49,14178,California
Amador,2021-04-01,612,21353,86,5336,526,15634,0,383,262,7180,343,7262,264,14442,California
Amador,2021-04-02,610,21963,39,5375,558,16192,13,396,379,7348,226,7488,394,14836,California
Amador,2021-04-03,88,22051,25,5400,44,16236,19,415,23,7327,65,7553,44,14880,California
Amador,2021-04-04,38,22089,3,5403,29,16265,6,421,15,7325,23,7576,21,14901,California
Amador,2021-04-05,144,22233,52,5455,76,16341,16,437,50,7300,93,7669,68,14969,California
Amador,2021-04-06,505,22738,38,5493,449,16790,18,455,223,7263,278,7947,241,15210,California
Amador,2021-04-07,98,22836,32,5525,47,16837,19,474,42,7270,54,8001,61,15271,California
Amador,2021-04-08,498,23334,86,5611,391,17228,21,495,221,7238,275,8276,243,15514,California
Amador,2021-04-09,482,23816,21,5632,441,17669,20,515,213,7200,268,8544,230,15744,California
Amador,2021-04-10,51,23867,15,5647,27,17696,9,524,21,7200,30,8574,30,15774,California
Amador,2021-04-11,48,23915,23,5670,21,17717,4,528,23,7203,24,8598,27,15801,California
Amador,2021-04-12,98,24013,27,5697,61,17778,10,538,42,7199,56,8654,52,15853,California
Amador,2021-04-13,344,24357,47,5744,297,18075,0,538,67,6994,273,8927,68,15921,California
Amador,2021-04-14,286,24643,29,5773,257,18332,0,538,174,7062,106,9033,174,16095,California
Amador,2021-04-15,334,24977,78,5851,256,18588,0,538,70,6876,256,9289,70,16165,California
Amador,2021-04-16,484,25461,29,5880,455,19043,0,538,386,7165,97,9386,386,16551,California
Amador,2021-04-17,65,25526,37,5917,28,19071,0,538,28,7156,37,9423,28,16579,California
Amador,2021-04-18,29,25555,7,5924,22,19093,0,538,11,7151,17,9440,12,16591,California
Amador,2021-04-19,70,25625,28,5952,42,19135,0,538,31,7146,38,9478,33,16624,California
Amador,2021-04-20,439,26064,57,6009,382,19517,0,538,110,6941,317,9795,112,16736,California
Amador,2021-04-21,88,26152,33,6042,54,19571,1,539,44,6943,43,9838,45,16781,California
Amador,2021-04-22,496,26648,77,6119,418,19989,1,540,103,6666,381,10219,104,16885,California
Amador,2021-04-23,360,27008,46,6165,314,20303,0,540,286,6882,72,10291,288,17173,California
Amador,2021-04-24,49,27057,24,6189,25,20328,0,540,28,6890,20,10311,28,17201,California
Amador,2021-04-25,41,27098,19,6208,22,20350,0,540,29,6907,12,10323,29,17230,California
Amador,2021-04-26,93,27191,29,6237,63,20413,1,541,44,6905,48,10371,46,17276,California
Amador,2021-04-27,498,27689,44,6281,453,20866,1,542,90,6595,402,10773,92,17368,California
Amador,2021-04-28,71,27760,30,6311,37,20903,4,546,42,6611,29,10802,45,17413,California
Amador,2021-04-29,221,27981,69,6380,44,20947,108,654,65,6627,156,10958,172,17585,California
Amador,2021-04-30,337,28318,26,6406,307,21254,4,658,94,6482,243,11201,98,17683,California
Amador,2021-05-01,43,28361,15,6421,23,21277,5,663,22,6490,19,11220,27,17710,California
Amador,2021-05-02,28,28389,14,6435,11,21288,3,666,11,6488,17,11237,15,17725,California
Amador,2021-05-03,67,28456,33,6468,24,21312,10,676,27,6485,40,11277,37,17762,California
Amador,2021-05-04,469,28925,27,6495,435,21747,7,683,67,6165,394,11671,74,17836,California
Amador,2021-05-05,204,29129,153,6648,41,21788,10,693,163,6295,40,11711,170,18006,California
Amador,2021-05-06,110,29239,56,6704,49,21837,5,698,64,6320,44,11755,69,18075,California
Amador,2021-05-07,127,29366,29,6733,91,21928,7,705,67,6334,60,11815,74,18149,California
Amador,2021-05-08,42,29408,10,6743,29,21957,3,708,20,6335,22,11837,23,18172,California
Amador,2021-05-09,15,29423,0,6743,9,21966,6,714,4,6334,11,11848,10,18182,California
Amador,2021-05-10,60,29483,14,6757,43,22009,3,717,24,6325,36,11884,27,18209,California
Amador,2021-05-11,101,29584,34,6791,41,22050,26,743,45,6340,56,11940,71,18280,California
Amador,2021-05-12,68,29652,24,6815,41,22091,3,746,32,6339,36,11976,35,18315,California
Amador,2021-05-13,74,29726,41,6856,27,22118,6,752,37,6346,36,12012,43,18358,California
Amador,2021-05-14,396,30122,35,6891,357,22475,4,756,87,6129,309,12321,92,18450,California
Amador,2021-05-15,52,30174,20,6911,21,22496,11,767,24,6136,28,12349,35,18485,California
Amador,2021-05-16,38,30212,15,6926,23,22519,0,767,17,6132,21,12370,17,18502,California
Amador,2021-05-17,76,30288,23,6949,51,22570,2,769,35,6130,40,12410,38,18540,California
Amador,2021-05-18,247,30535,169,7118,43,22613,35,804,163,6245,83,12493,198,18738,California
Amador,2021-05-19,75,30610,25,7143,47,22660,3,807,35,6246,39,12532,40,18778,California
Amador,2021-05-20,87,30697,47,7190,36,22696,4,811,30,6224,56,12588,34,18812,California
Amador,2021-05-21,272,30969,29,7219,241,22937,2,813,40,6034,232,12820,42,18854,California
Amador,2021-05-22,45,31014,14,7233,26,22963,5,818,12,6019,33,12853,18,18872,California
Amador,2021-05-23,26,31040,4,7237,19,22982,3,821,5,6006,21,12874,8,18880,California
Amador,2021-05-24,90,31130,31,7268,47,23029,12,833,42,6013,47,12921,54,18934,California
Amador,2021-05-25,141,31271,89,7357,27,23056,25,858,82,6063,57,12978,107,19041,California
Amador,2021-05-26,206,31477,162,7519,37,23093,7,865,41,5946,164,13142,47,19088,California
Amador,2021-05-27,81,31558,36,7555,36,23129,9,874,30,5934,51,13193,39,19127,California
Amador,2021-05-28,69,31627,27,7582,38,23167,4,878,30,5929,39,13232,34,19161,California
Amador,2021-05-29,26,31653,2,7584,21,23188,3,881,10,5926,16,13248,13,19174,California
Amador,2021-05-30,19,31672,5,7589,8,23196,6,887,5,5923,14,13262,11,19185,California
Amador,2021-05-31,10,31682,0,7589,9,23205,1,888,2,5918,8,13270,3,19188,California
Amador,2021-06-01,94,31776,66,7655,23,23228,5,893,43,5916,50,13320,48,19236,California
Amador,2021-06-02,46,31822,16,7671,22,23250,8,901,16,5911,30,13350,25,19261,California
Amador,2021-06-03,59,31881,26,7697,28,23278,5,906,19,5896,39,13389,24,19285,California
Amador,2021-06-04,101,31982,21,7718,59,23337,21,927,23,5862,78,13467,44,19329,California
Amador,2021-06-05,39,32021,16,7734,20,23357,3,930,4,5834,35,13502,7,19336,California
Amador,2021-06-06,18,32039,8,7742,9,23366,1,931,8,5833,10,13512,9,19345,California
Amador,2021-06-07,45,32084,18,7760,22,23388,5,936,17,5827,28,13540,22,19367,California
Amador,2021-06-08,174,32258,138,7898,25,23413,11,947,54,5774,119,13659,66,19433,California
Amador,2021-06-09,49,32307,19,7917,20,23433,10,957,11,5757,38,13697,21,19454,California
Amador,2021-06-10,55,32362,23,7940,20,23453,12,969,19,5752,36,13733,31,19485,California
Amador,2021-06-11,56,32418,17,7957,34,23487,5,974,17,5735,39,13772,22,19507,California
Amador,2021-06-12,23,32441,8,7965,13,23500,2,976,7,5729,15,13787,9,19516,California
Amador,2021-06-13,9,32450,2,7967,6,23506,1,977,2,5725,7,13794,3,19519,California
Amador,2021-06-14,45,32495,21,7988,21,23527,3,980,13,5709,32,13826,16,19535,California
Amador,2021-06-15,33,32528,6,7994,15,23542,12,992,12,5712,21,13847,24,19559,California
Amador,2021-06-16,29,32557,15,8009,7,23549,7,999,8,5706,21,13868,15,19574,California
Butte,2020-12-16,3,3,3,3,0,0,0,0,3,3,0,0,3,3,California
Butte,2020-12-17,21,24,21,24,0,0,0,0,21,24,0,0,21,24,California
Butte,2020-12-18,52,76,52,76,0,0,0,0,52,76,0,0,52,76,California
Butte,2020-12-19,7,83,7,83,0,0,0,0,7,83,0,0,7,83,California
Butte,2020-12-20,10,93,10,93,0,0,0,0,10,93,0,0,10,93,California
Butte,2020-12-21,632,725,632,725,0,0,0,0,632,725,0,0,632,725,California
Butte,2020-12-22,618,1343,616,1341,2,2,0,0,618,1343,0,0,618,1343,California
Butte,2020-12-23,874,2217,858,2199,16,18,0,0,874,2217,0,0,874,2217,California
Butte,2020-12-24,158,2375,154,2353,4,22,0,0,158,2375,0,0,158,2375,California
Butte,2020-12-26,90,2465,88,2441,2,24,0,0,90,2465,0,0,90,2465,California
Butte,2020-12-27,35,2500,34,2475,1,25,0,0,35,2500,0,0,35,2500,California
Butte,2020-12-28,278,2778,272,2747,6,31,0,0,278,2778,0,0,278,2778,California
Butte,2020-12-29,203,2981,180,2927,23,54,0,0,203,2981,0,0,203,2981,California
Butte,2020-12-30,513,3494,291,3218,222,276,0,0,513,3494,0,0,513,3494,California
Butte,2020-12-31,213,3707,18,3236,195,471,0,0,213,3707,0,0,213,3707,California
Butte,2021-01-01,11,3718,3,3239,8,479,0,0,11,3718,0,0,11,3718,California
Butte,2021-01-02,40,3758,37,3276,3,482,0,0,40,3758,0,0,40,3758,California
Butte,2021-01-03,3,3761,0,3276,3,485,0,0,3,3761,0,0,3,3761,California
Butte,2021-01-04,209,3970,176,3452,33,518,0,0,209,3970,0,0,209,3970,California
Butte,2021-01-05,195,4165,152,3604,43,561,0,0,194,4163,1,1,194,4164,California
Butte,2021-01-06,626,4791,396,4000,230,791,0,0,621,4780,5,6,622,4786,California
Butte,2021-01-07,762,5553,369,4369,393,1184,0,0,742,5502,20,26,742,5528,California
Butte,2021-01-08,672,6225,531,4900,141,1325,0,0,624,6078,48,74,624,6152,California
Butte,2021-01-09,11,6236,7,4907,4,1329,0,0,6,6079,5,79,6,6158,California
Butte,2021-01-10,19,6255,5,4912,14,1343,0,0,14,6088,5,84,14,6172,California
Butte,2021-01-11,985,7240,950,5862,35,1378,0,0,356,5818,629,713,359,6531,California
Butte,2021-01-12,697,7937,653,6515,44,1422,0,0,275,5671,422,1135,275,6806,California
Butte,2021-01-13,1564,9501,1073,7588,491,1913,0,0,725,5559,839,1974,727,7533,California
Butte,2021-01-14,1638,11139,892,8480,746,2659,0,0,1441,6804,196,2170,1441,8974,California
Butte,2021-01-15,1054,12193,813,9293,241,2900,0,0,945,7640,109,2279,945,9919,California
Butte,2021-01-16,587,12780,301,9594,286,3186,0,0,543,8139,44,2323,543,10462,California
Butte,2021-01-17,237,13017,63,9657,174,3360,0,0,199,8300,38,2361,199,10661,California
Butte,2021-01-18,345,13362,303,9960,42,3402,0,0,278,8512,66,2427,278,10939,California
Butte,2021-01-19,493,13855,431,10391,62,3464,0,0,223,8465,270,2697,223,11162,California
Butte,2021-01-20,1374,15229,690,11081,684,4148,0,0,1071,9233,303,3000,1071,12233,California
Butte,2021-01-21,1480,16709,869,11950,611,4759,0,0,1372,10498,107,3107,1372,13605,California
Butte,2021-01-22,1141,17850,482,12432,659,5418,0,0,1087,11531,54,3161,1087,14692,California
Butte,2021-01-23,124,17974,84,12516,40,5458,0,0,99,11605,25,3186,99,14791,California
Butte,2021-01-24,9,17983,7,12523,2,5460,0,0,9,11614,0,3186,9,14800,California
Butte,2021-01-25,657,18640,338,12861,319,5779,0,0,493,11943,164,3350,493,15293,California
Butte,2021-01-26,1472,20112,376,13237,1096,6875,0,0,1336,13143,136,3486,1336,16629,California
Butte,2021-01-27,2103,22215,707,13944,1396,8271,0,0,1369,13779,733,4219,1369,17998,California
Butte,2021-01-28,2265,24480,260,14204,2005,10276,0,0,1953,15421,311,4530,1953,19951,California
Butte,2021-01-29,1692,26172,492,14696,1200,11476,0,0,1311,16356,380,4910,1315,21266,California
Butte,2021-01-30,29,26201,8,14704,21,11497,0,0,27,16381,2,4912,27,21293,California
Butte,2021-01-31,15,26216,13,14717,2,11499,0,0,14,16394,1,4913,14,21307,California
Butte,2021-02-01,1753,27969,408,15125,1345,12844,0,0,1362,17368,388,5301,1362,22669,California
Butte,2021-02-02,1932,29901,362,15487,1570,14414,0,0,1631,18697,302,5603,1631,24300,California
Butte,2021-02-03,2738,32639,775,16262,1963,16377,0,0,1843,19647,893,6496,1843,26143,California
Butte,2021-02-04,2956,35595,321,16583,2635,19012,0,0,2399,21491,555,7051,2399,28542,California
Butte,2021-02-05,1271,36866,666,17249,605,19617,0,0,550,21321,721,7772,551,29093,California
Butte,2021-02-06,145,37011,103,17352,42,19659,0,0,62,21300,83,7855,62,29155,California
Butte,2021-02-07,37,37048,33,17385,4,19663,0,0,14,21291,23,7878,14,29169,California
Butte,2021-02-08,700,37748,549,17934,151,19814,0,0,242,21075,458,8336,242,29411,California
Butte,2021-02-09,951,38699,459,18393,492,20306,0,0,722,21568,229,8565,722,30133,California
Butte,2021-02-10,1701,40400,1188,19581,513,20819,0,0,672,21213,1027,9592,672,30805,California
Butte,2021-02-11,2202,42602,1345,20926,857,21676,0,0,1002,21015,1200,10792,1002,31807,California
Butte,2021-02-12,1003,43605,435,21361,568,22244,0,0,330,20673,672,11464,330,32137,California
Butte,2021-02-13,246,43851,43,21404,203,22447,0,0,145,20717,101,11565,145,32282,California
Butte,2021-02-14,162,44013,9,21413,153,22600,0,0,158,20871,4,11569,158,32440,California
Butte,2021-02-15,261,44274,47,21460,214,22814,0,0,196,21002,65,11634,196,32636,California
Butte,2021-02-16,729,45003,431,21891,298,23112,0,0,276,20824,454,12088,276,32912,California
Butte,2021-02-17,1514,46517,846,22737,668,23780,0,0,840,20992,672,12760,840,33752,California
Butte,2021-02-18,1558,48075,759,23496,799,24579,0,0,749,20932,809,13569,749,34501,California
Butte,2021-02-19,1169,49244,389,23885,780,25359,0,0,401,20572,761,14330,401,34902,California
Butte,2021-02-20,476,49720,32,23917,444,25803,0,0,126,20349,349,14679,126,35028,California
Butte,2021-02-21,17,49737,15,23932,2,25805,0,0,13,20358,4,14683,13,35041,California
Butte,2021-02-22,1501,51238,296,24228,1205,27010,0,0,376,19612,1122,15805,376,35417,California
Butte,2021-02-23,1636,52874,295,24523,1341,28351,0,0,463,18907,1168,16973,463,35880,California
Butte,2021-02-24,2133,55007,598,25121,1535,29886,0,0,725,18232,1400,18373,725,36605,California
Butte,2021-02-25,2080,57087,576,25697,1504,31390,0,0,655,17469,1419,19792,656,37261,California
Butte,2021-02-26,920,58007,310,26007,610,32000,0,0,395,17343,521,20313,395,37656,California
Butte,2021-02-27,235,58242,47,26054,188,32188,0,0,186,17482,47,20360,186,37842,California
Butte,2021-02-28,141,58383,15,26069,126,32314,0,0,134,17609,7,20367,134,37976,California
Butte,2021-03-01,1633,60016,177,26246,1455,33769,1,1,331,16643,1298,21665,332,38308,California
Butte,2021-03-02,1748,61764,197,26443,1551,35320,0,1,308,15515,1436,23101,308,38616,California
Butte,2021-03-03,2790,64554,854,27297,1936,37256,0,1,481,13691,2305,25406,481,39097,California
Butte,2021-03-04,3152,67706,681,27978,2471,39727,0,1,627,11795,2523,27929,627,39724,California
Butte,2021-03-05,1355,69061,616,28594,738,40465,1,2,735,11916,615,28544,736,40460,California
Butte,2021-03-06,247,69308,24,28618,200,40665,23,25,186,12065,60,28604,209,40669,California
Butte,2021-03-07,54,69362,3,28621,34,40699,17,42,30,12088,24,28628,47,40716,California
Butte,2021-03-08,1268,70630,129,28750,1061,41760,78,120,1101,13103,164,28792,1179,41895,California
Butte,2021-03-09,1907,72537,284,29034,1521,43281,102,222,1415,14131,489,29281,1517,43412,California
Butte,2021-03-10,2317,74854,965,29999,1252,44533,100,322,1580,15078,732,30013,1679,45091,California
Butte,2021-03-11,2813,77667,1318,31317,1369,45902,126,448,1983,16368,819,30832,2109,47200,California
Butte,2021-03-12,1145,78812,330,31647,467,46369,348,796,355,16287,784,31616,703,47903,California
Butte,2021-03-13,266,79078,68,31715,137,46506,61,857,60,16201,206,31822,120,48023,California
Butte,2021-03-14,164,79242,16,31731,106,46612,42,899,21,16122,142,31964,63,48086,California
Butte,2021-03-15,1741,80983,360,32091,1086,47698,295,1194,1144,16972,589,32553,1439,49525,California
Butte,2021-03-16,1649,82632,414,32505,1157,48855,78,1272,1111,17626,534,33087,1188,50713,California
Butte,2021-03-17,1957,84589,1355,33860,521,49376,81,1353,1137,18031,812,33899,1217,51930,California
Butte,2021-03-18,1811,86400,1467,35327,215,49591,129,1482,1062,18478,743,34642,1190,53120,California
Butte,2021-03-19,694,87094,307,35634,303,49894,84,1566,343,18564,341,34983,427,53547,California
Butte,2021-03-20,206,87300,31,35665,159,50053,16,1582,95,18564,111,35094,111,53658,California
Butte,2021-03-21,55,87355,24,35689,2,50055,29,1611,12,18562,43,35137,41,53699,California
Butte,2021-03-22,1484,88839,353,36042,1037,51092,94,1705,1222,19618,260,35397,1316,55015,California
Butte,2021-03-23,1822,90661,491,36533,1217,52309,114,1819,1473,20859,346,35743,1587,56602,California
Butte,2021-03-24,2263,92924,1266,37799,871,53180,126,1945,1713,22152,545,36288,1838,58440,California
Butte,2021-03-25,1482,94406,1198,38997,192,53372,92,2037,1016,22798,462,36750,1108,59548,California
Butte,2021-03-26,1205,95611,436,39433,522,53894,247,2284,558,22964,639,37389,805,60353,California
Butte,2021-03-27,302,95913,83,39516,195,54089,24,2308,135,22957,164,37553,157,60510,California
Butte,2021-03-28,227,96140,43,39559,176,54265,8,2316,102,22944,122,37675,109,60619,California
Butte,2021-03-29,1761,97901,379,39938,1312,55577,70,2386,1342,23942,414,38089,1412,62031,California
Butte,2021-03-30,1033,98934,470,40408,473,56050,90,2476,488,23981,539,38628,578,62609,California
Butte,2021-03-31,1776,100710,1303,41711,406,56456,67,2543,1082,24442,688,39316,1149,63758,California
Butte,2021-04-01,3329,104039,2706,44417,496,56952,127,2670,2258,25763,1064,40380,2385,66143,California
Butte,2021-04-02,1000,105039,417,44834,463,57415,120,2790,564,26017,428,40808,682,66825,California
Butte,2021-04-03,342,105381,45,44879,225,57640,72,2862,162,26071,180,40988,234,67059,California
Butte,2021-04-04,190,105571,25,44904,142,57782,23,2885,112,26130,76,41064,135,67194,California
Butte,2021-04-05,1973,107544,421,45325,1381,59163,171,3056,595,25525,1369,42433,764,67958,California
Butte,2021-04-06,2209,109753,616,45941,1170,60333,423,3479,801,25345,1402,43835,1222,69180,California
Butte,2021-04-07,3035,112788,1318,47259,1325,61658,392,3871,714,24136,2315,46150,1106,70286,California
Butte,2021-04-08,2757,115545,1202,48461,1287,62945,268,4139,458,22567,2295,48445,726,71012,California
Butte,2021-04-09,1377,116922,354,48815,541,63486,482,4621,331,22333,1042,49487,808,71820,California
Butte,2021-04-10,223,117145,47,48862,75,63561,101,4722,100,22410,123,49610,200,72020,California
Butte,2021-04-11,105,117250,42,48904,53,63614,10,4732,82,22480,22,49632,92,72112,California
Butte,2021-04-12,1413,118663,314,49218,966,64580,133,4865,239,21678,1174,50806,372,72484,California
Butte,2021-04-13,1652,120315,572,49790,1074,65654,6,4871,343,20725,1302,52108,349,72833,California
Butte,2021-04-14,2857,123172,2363,52153,494,66148,0,4871,1334,20544,1518,53626,1337,74170,California
Butte,2021-04-15,637,123809,392,52545,245,66393,0,4871,483,20876,151,53777,483,74653,California
Butte,2021-04-16,813,124622,415,52960,398,66791,0,4871,478,21021,333,54110,478,75131,California
Butte,2021-04-17,339,124961,61,53021,278,67069,0,4871,235,21154,102,54212,235,75366,California
Butte,2021-04-18,44,125005,9,53030,35,67104,0,4871,39,21188,5,54217,39,75405,California
Butte,2021-04-19,1559,126564,379,53409,1180,68284,0,4871,427,20486,1129,55346,427,75832,California
Butte,2021-04-20,1972,128536,721,54130,1251,69535,0,4871,755,20031,1210,56556,755,76587,California
Butte,2021-04-21,2041,130577,1161,55291,880,70415,0,4871,462,18920,1573,58129,462,77049,California
Butte,2021-04-22,2219,132796,1940,57231,279,70694,0,4871,613,17929,1604,59733,613,77662,California
Butte,2021-04-23,935,133731,439,57670,496,71190,0,4871,484,17962,451,60184,484,78146,California
Butte,2021-04-24,347,134078,138,57808,209,71399,0,4871,192,18000,154,60338,192,78338,California
Butte,2021-04-25,173,134251,68,57876,105,71504,0,4871,64,17955,109,60447,64,78402,California
Butte,2021-04-26,1560,135811,454,58330,1101,72605,5,4876,403,17211,1152,61599,408,78810,California
Butte,2021-04-27,1018,136829,677,59007,314,72919,27,4903,583,17392,429,62028,610,79420,California
Butte,2021-04-28,1388,138217,934,59941,429,73348,25,4928,501,17035,883,62911,526,79946,California
Butte,2021-04-29,886,139103,540,60481,321,73669,25,4953,299,16778,581,63492,324,80270,California
Butte,2021-04-30,893,139996,389,60870,483,74152,21,4974,448,16807,439,63931,468,80738,California
Butte,2021-05-01,241,140237,64,60934,158,74310,19,4993,72,16729,168,64099,90,80828,California
Butte,2021-05-02,149,140386,61,60995,75,74385,13,5006,43,16679,106,64205,56,80884,California
Butte,2021-05-03,633,141019,256,61251,346,74731,31,5037,177,16441,446,64651,208,81092,California
Butte,2021-05-04,819,141838,317,61568,470,75201,32,5069,212,16083,601,65252,243,81335,California
Butte,2021-05-05,1338,143176,1092,62660,210,75411,36,5105,272,15331,1061,66313,309,81644,California
Butte,2021-05-06,932,144108,673,63333,222,75633,37,5142,356,15151,573,66886,393,82037,California
Butte,2021-05-07,560,144668,288,63621,236,75869,36,5178,286,15201,271,67157,321,82358,California
Butte,2021-05-08,168,144836,35,63656,124,75993,9,5187,88,15219,79,67236,97,82455,California
Butte,2021-05-09,92,144928,19,63675,70,76063,3,5190,49,15228,43,67279,52,82507,California
Butte,2021-05-10,515,145443,302,63977,170,76233,43,5233,212,15183,300,67579,255,82762,California
Butte,2021-05-11,871,146314,643,64620,169,76402,59,5292,278,14930,590,68169,337,83099,California
Butte,2021-05-12,767,147081,484,65104,237,76639,46,5338,345,14903,418,68587,391,83490,California
Butte,2021-05-13,908,147989,607,65711,239,76878,62,5400,331,14728,566,69153,391,83881,California
Butte,2021-05-14,827,148816,515,66226,282,77160,30,5430,357,14648,466,69619,386,84267,California
Butte,2021-05-15,480,149296,224,66450,224,77384,32,5462,223,14647,256,69875,255,84522,California
Butte,2021-05-16,166,149462,82,66532,66,77450,18,5480,97,14694,68,69943,115,84637,California
Butte,2021-05-17,752,150214,479,67011,225,77675,48,5528,323,14638,426,70369,370,85007,California
Butte,2021-05-18,1061,151275,730,67741,283,77958,48,5576,475,14581,580,70949,523,85530,California
Butte,2021-05-19,827,152102,535,68276,248,78206,44,5620,331,14464,491,71440,374,85904,California
Butte,2021-05-20,976,153078,654,68930,214,78420,108,5728,391,14380,582,72022,498,86402,California
Butte,2021-05-21,892,153970,545,69475,320,78740,27,5755,309,14135,580,72602,335,86737,California
Butte,2021-05-22,292,154262,139,69614,146,78886,7,5762,147,14146,142,72744,153,86890,California
Butte,2021-05-23,124,154386,75,69689,48,78934,1,5763,80,14183,44,72788,81,86971,California
Butte,2021-05-24,338,154724,153,69842,135,79069,50,5813,170,14236,166,72954,219,87190,California
Butte,2021-05-25,688,155412,441,70283,211,79280,36,5849,338,14268,342,73296,374,87564,California
Butte,2021-05-26,563,155975,182,70465,358,79638,23,5872,255,14247,299,73595,278,87842,California
Butte,2021-05-27,864,156839,621,71086,226,79864,17,5889,429,14264,430,74025,447,88289,California
Butte,2021-05-28,517,157356,140,71226,298,80162,79,5968,215,14259,299,74324,294,88583,California
Butte,2021-05-29,224,157580,116,71342,96,80258,12,5980,148,14343,76,74400,160,88743,California
Butte,2021-05-30,107,157687,56,71398,51,80309,0,5980,61,14358,46,74446,61,88804,California
Butte,2021-05-31,43,157730,23,71421,18,80327,2,5982,25,14367,18,74464,27,88831,California
Butte,2021-06-01,665,158395,423,71844,210,80537,32,6014,251,14239,411,74875,283,89114,California
Butte,2021-06-02,817,159212,569,72413,204,80741,44,6058,354,14178,459,75334,398,89512,California
Butte,2021-06-03,622,159834,422,72835,185,80926,15,6073,222,14018,397,75731,237,89749,California
Butte,2021-06-04,478,160312,272,73107,178,81104,28,6101,158,13890,314,76045,186,89935,California
Butte,2021-06-05,317,160629,204,73311,93,81197,20,6121,103,13801,212,76257,123,90058,California
Butte,2021-06-06,135,160764,100,73411,33,81230,2,6123,34,13737,100,76357,36,90094,California
Butte,2021-06-07,398,161162,255,73666,114,81344,29,6152,172,13713,225,76582,201,90295,California
Butte,2021-06-08,647,161809,468,74134,163,81507,16,6168,192,13478,444,77026,209,90504,California
Butte,2021-06-09,428,162237,291,74425,118,81625,19,6187,140,13355,282,77308,159,90663,California
Butte,2021-06-10,619,162856,449,74874,139,81764,31,6218,233,13234,384,77692,263,90926,California
Butte,2021-06-11,445,163301,260,75134,165,81929,20,6238,156,13123,287,77979,176,91102,California
Butte,2021-06-12,248,163549,151,75285,85,82014,12,6250,70,13028,177,78156,82,91184,California
Butte,2021-06-13,97,163646,64,75349,30,82044,3,6253,20,12974,77,78233,23,91207,California
Butte,2021-06-14,319,163965,177,75526,125,82169,17,6270,112,12896,207,78440,129,91336,California
Butte,2021-06-15,494,164459,337,75863,136,82305,21,6291,138,12706,349,78789,159,91495,California
Butte,2021-06-16,132,164591,73,75936,39,82344,20,6311,48,12690,84,78873,68,91563,California
Calaveras,2020-12-16,5,5,5,5,0,0,0,0,5,5,0,0,5,5,California
Calaveras,2020-12-17,3,8,3,8,0,0,0,0,3,8,0,0,3,8,California
Calaveras,2020-12-18,40,48,40,48,0,0,0,0,40,48,0,0,40,48,California
Calaveras,2020-12-19,3,51,3,51,0,0,0,0,3,51,0,0,3,51,California
Calaveras,2020-12-20,4,55,4,55,0,0,0,0,4,55,0,0,4,55,California
Calaveras,2020-12-21,56,111,49,104,7,7,0,0,56,111,0,0,56,111,California
Calaveras,2020-12-22,83,194,79,183,4,11,0,0,84,195,0,0,84,195,California
Calaveras,2020-12-23,76,270,74,257,2,13,0,0,76,271,0,0,76,271,California
Calaveras,2020-12-24,2,272,2,259,0,13,0,0,2,273,0,0,2,273,California
Calaveras,2020-12-26,3,275,3,262,0,13,0,0,3,276,0,0,3,276,California
Calaveras,2020-12-27,1,276,1,263,0,13,0,0,1,277,0,0,1,277,California
Calaveras,2020-12-28,21,297,17,280,4,17,0,0,20,296,1,1,20,297,California
Calaveras,2020-12-29,161,458,139,419,22,39,0,0,161,457,0,1,161,458,California
Calaveras,2020-12-30,94,552,81,500,13,52,0,0,93,549,1,2,93,551,California
Calaveras,2020-12-31,36,588,25,525,11,63,0,0,36,585,0,2,36,587,California
Calaveras,2021-01-02,11,599,11,536,0,63,0,0,11,596,0,2,11,598,California
Calaveras,2021-01-03,10,609,4,540,6,69,0,0,10,606,0,2,10,608,California
Calaveras,2021-01-04,33,642,5,545,28,97,0,0,33,639,0,2,33,641,California
Calaveras,2021-01-05,46,688,10,555,36,133,0,0,37,668,8,10,37,678,California
Calaveras,2021-01-06,107,795,30,585,77,210,0,0,97,755,10,20,97,775,California
Calaveras,2021-01-07,110,905,30,615,80,290,0,0,93,835,13,33,93,868,California
Calaveras,2021-01-08,70,975,40,655,30,320,0,0,45,856,25,58,46,914,California
Calaveras,2021-01-09,5,980,5,660,0,320,0,0,2,855,3,61,2,916,California
Calaveras,2021-01-10,2,982,0,660,2,322,0,0,2,857,0,61,2,918,California
Calaveras,2021-01-11,67,1049,60,720,7,329,0,0,28,848,37,98,28,946,California
Calaveras,2021-01-12,86,1135,52,772,34,363,0,0,53,868,33,131,53,999,California
Calaveras,2021-01-13,108,1243,45,817,63,426,0,0,74,909,34,165,75,1074,California
Calaveras,2021-01-14,141,1384,44,861,97,523,0,0,106,981,34,199,106,1180,California
Calaveras,2021-01-15,92,1476,28,889,64,587,0,0,72,1033,20,219,72,1252,California
Calaveras,2021-01-16,13,1489,2,891,11,598,0,0,12,1044,1,220,12,1264,California
Calaveras,2021-01-17,10,1499,2,893,8,606,0,0,9,1052,1,221,9,1273,California
Calaveras,2021-01-18,134,1633,19,912,115,721,0,0,121,1160,13,234,121,1394,California
Calaveras,2021-01-19,211,1844,180,1092,31,752,0,0,70,1094,137,371,71,1465,California
Calaveras,2021-01-20,397,2241,82,1174,315,1067,0,0,301,1303,93,464,302,1767,California
Calaveras,2021-01-21,483,2724,40,1214,443,1510,0,0,440,1700,43,507,440,2207,California
Calaveras,2021-01-22,412,3136,24,1238,388,1898,0,0,399,2086,13,520,399,2606,California
Calaveras,2021-01-23,18,3154,8,1246,10,1908,0,0,17,2102,1,521,17,2623,California
Calaveras,2021-01-24,14,3168,8,1254,6,1914,0,0,12,2112,2,523,12,2635,California
Calaveras,2021-01-25,87,3255,8,1262,79,1993,0,0,81,2187,6,529,81,2716,California
Calaveras,2021-01-26,48,3303,16,1278,32,2025,0,0,39,2217,9,538,39,2755,California
Calaveras,2021-01-27,129,3432,45,1323,84,2109,0,0,100,2289,28,566,100,2855,California
Calaveras,2021-01-28,172,3604,26,1349,146,2255,0,0,144,2405,28,594,144,2999,California
Calaveras,2021-01-29,387,3991,14,1363,373,2628,0,0,348,2716,37,631,348,3347,California
Calaveras,2021-01-30,27,4018,10,1373,17,2645,0,0,25,2741,0,631,25,3372,California
Calaveras,2021-01-31,7,4025,4,1377,3,2648,0,0,6,2746,1,632,6,3378,California
Calaveras,2021-02-01,27,4052,11,1388,16,2664,0,0,18,2755,9,641,18,3396,California
Calaveras,2021-02-02,112,4164,24,1412,88,2752,0,0,72,2794,34,675,73,3469,California
Calaveras,2021-02-03,436,4600,44,1456,392,3144,0,0,343,3046,91,766,343,3812,California
Calaveras,2021-02-04,401,5001,27,1483,374,3518,0,0,302,3252,96,862,302,4114,California
Calaveras,2021-02-05,80,5081,23,1506,57,3575,0,0,41,3257,37,899,42,4156,California
Calaveras,2021-02-06,21,5102,12,1518,9,3584,0,0,21,3278,0,899,21,4177,California
Calaveras,2021-02-07,5,5107,1,1519,4,3588,0,0,2,3278,2,901,2,4179,California
Calaveras,2021-02-08,39,5146,18,1537,21,3609,0,0,31,3303,6,907,31,4210,California
Calaveras,2021-02-09,197,5343,79,1616,118,3727,0,0,131,3371,63,970,131,4341,California
Calaveras,2021-02-10,539,5882,33,1649,506,4233,0,0,448,3729,90,1060,448,4789,California
Calaveras,2021-02-11,608,6490,84,1733,524,4757,0,0,479,4088,121,1181,480,5269,California
Calaveras,2021-02-12,586,7076,341,2074,245,5002,0,0,495,4496,88,1269,496,5765,California
Calaveras,2021-02-13,200,7276,45,2119,155,5157,0,0,185,4666,15,1284,185,5950,California
Calaveras,2021-02-14,223,7499,71,2190,152,5309,0,0,207,4859,14,1298,207,6157,California
Calaveras,2021-02-15,383,7882,24,2214,359,5668,0,0,262,5004,117,1415,262,6419,California
Calaveras,2021-02-16,283,8165,153,2367,130,5798,0,0,233,5194,43,1458,233,6652,California
Calaveras,2021-02-17,534,8699,38,2405,496,6294,0,0,210,5118,286,1744,210,6862,California
Calaveras,2021-02-18,518,9217,91,2496,427,6721,0,0,95,4836,378,2122,96,6958,California
Calaveras,2021-02-19,451,9668,43,2539,408,7129,0,0,98,4604,330,2452,98,7056,California
Calaveras,2021-02-20,57,9725,15,2554,42,7171,0,0,47,4641,10,2462,47,7103,California
Calaveras,2021-02-21,25,9750,15,2569,10,7181,0,0,18,4653,6,2468,18,7121,California
Calaveras,2021-02-22,63,9813,39,2608,24,7205,0,0,33,4657,29,2497,33,7154,California
Calaveras,2021-02-23,129,9942,44,2652,85,7290,0,0,92,4713,37,2534,93,7247,California
Calaveras,2021-02-24,97,10039,48,2700,49,7339,0,0,66,4749,30,2564,66,7313,California
Calaveras,2021-02-25,567,10606,102,2802,465,7804,0,0,360,4913,196,2760,360,7673,California
Calaveras,2021-02-26,795,11401,46,2848,749,8553,0,0,412,4986,339,3099,412,8085,California
Calaveras,2021-02-27,205,11606,23,2871,182,8735,0,0,181,5143,24,3123,181,8266,California
Calaveras,2021-02-28,97,11703,15,2886,82,8817,0,0,91,5229,5,3128,91,8357,California
Calaveras,2021-03-01,240,11943,47,2933,193,9010,0,0,151,5299,82,3210,152,8509,California
Calaveras,2021-03-02,257,12200,101,3034,156,9166,0,0,207,5460,47,3257,208,8717,California
Calaveras,2021-03-03,568,12768,107,3141,461,9627,0,0,226,5367,319,3576,226,8943,California
Calaveras,2021-03-04,772,13540,74,3215,697,10324,1,1,355,5347,376,3952,356,9299,California
Calaveras,2021-03-05,508,14048,293,3508,211,10535,4,5,140,5194,297,4249,144,9443,California
Calaveras,2021-03-06,152,14200,41,3549,105,10640,6,11,113,5274,39,4288,119,9562,California
Calaveras,2021-03-07,77,14277,32,3581,38,10678,7,18,35,5274,42,4330,42,9604,California
Calaveras,2021-03-08,164,14441,28,3609,128,10806,8,26,130,5379,33,4363,138,9742,California
Calaveras,2021-03-09,371,14812,144,3753,221,11027,6,32,32,5102,315,4678,38,9780,California
Calaveras,2021-03-10,439,15251,32,3785,404,11431,3,35,58,4828,335,5013,61,9841,California
Calaveras,2021-03-11,872,16123,426,4211,433,11864,13,48,431,4874,400,5413,446,10287,California
Calaveras,2021-03-12,405,16528,217,4428,178,12042,10,58,326,5137,77,5490,340,10627,California
Calaveras,2021-03-13,178,16706,15,4443,155,12197,8,66,138,5249,39,5529,151,10778,California
Calaveras,2021-03-14,155,16861,11,4454,143,12340,1,67,17,5135,138,5667,24,10802,California
Calaveras,2021-03-15,332,17193,50,4504,257,12597,25,92,56,4945,275,5942,85,10887,California
Calaveras,2021-03-16,692,17885,554,5058,118,12715,20,112,545,5366,144,6086,565,11452,California
Calaveras,2021-03-17,283,18168,51,5109,218,12933,14,126,49,5206,224,6310,64,11516,California
Calaveras,2021-03-18,665,18833,569,5678,80,13013,16,142,548,5656,116,6426,566,12082,California
Calaveras,2021-03-19,235,19068,51,5729,110,13123,74,216,60,5617,170,6596,131,12213,California
Calaveras,2021-03-20,77,19145,22,5751,54,13177,1,217,20,5582,57,6653,22,12235,California
Calaveras,2021-03-21,46,19191,29,5780,6,13183,11,228,9,5567,36,6689,21,12256,California
Calaveras,2021-03-22,81,19272,37,5817,23,13206,21,249,25,5557,56,6745,46,12302,California
Calaveras,2021-03-23,308,19580,218,6035,80,13286,10,259,114,5512,169,6914,124,12426,California
Calaveras,2021-03-24,137,19717,53,6088,74,13360,10,269,44,5477,89,7003,54,12480,California
Calaveras,2021-03-25,756,20473,106,6194,646,14006,4,273,446,5641,286,7289,450,12930,California
Calaveras,2021-03-26,430,20903,28,6222,396,14402,6,279,87,5400,336,7625,95,13025,California
Calaveras,2021-03-27,212,21115,20,6242,188,14590,4,283,37,5271,172,7797,43,13068,California
Calaveras,2021-03-28,112,21227,12,6254,98,14688,2,285,8,5179,103,7900,11,13079,California
Calaveras,2021-03-29,179,21406,23,6277,153,14841,3,288,56,5119,120,8020,60,13139,California
Calaveras,2021-03-30,539,21945,26,6303,496,15337,17,305,360,5318,178,8198,377,13516,California
Calaveras,2021-03-31,324,22269,143,6446,171,15508,10,315,156,5319,166,8364,167,13683,California
Calaveras,2021-04-01,691,22960,448,6894,242,15750,1,316,186,5017,493,8857,191,13874,California
Calaveras,2021-04-02,397,23357,234,7128,155,15905,8,324,116,4873,269,9126,125,13999,California
Calaveras,2021-04-03,143,23500,33,7161,106,16011,4,328,40,4814,103,9229,44,14043,California
Calaveras,2021-04-04,82,23582,26,7187,56,16067,0,328,50,4832,32,9261,50,14093,California
Calaveras,2021-04-05,212,23794,81,7268,121,16188,10,338,100,4830,112,9373,110,14203,California
Calaveras,2021-04-06,655,24449,577,7845,64,16252,14,352,114,4421,537,9910,128,14331,California
Calaveras,2021-04-07,762,25211,663,8508,62,16314,37,389,621,4941,139,10049,659,14990,California
Calaveras,2021-04-08,947,26158,856,9364,69,16383,22,411,437,4895,506,10555,460,15450,California
Calaveras,2021-04-09,155,26313,59,9423,48,16431,48,459,57,4904,97,10652,106,15556,California
Calaveras,2021-04-10,194,26507,43,9466,132,16563,19,478,149,5029,44,10696,169,15725,California
Calaveras,2021-04-11,69,26576,45,9511,22,16585,2,480,49,5060,20,10716,51,15776,California
Calaveras,2021-04-12,104,26680,46,9557,40,16625,18,498,55,5085,49,10765,74,15850,California
Calaveras,2021-04-13,424,27104,369,9926,55,16680,0,498,365,5397,55,10820,367,16217,California
Calaveras,2021-04-14,181,27285,29,9955,152,16832,0,498,135,5487,46,10866,136,16353,California
Calaveras,2021-04-15,333,27618,283,10238,50,16882,0,498,246,5651,82,10948,246,16599,California
Calaveras,2021-04-16,101,27719,26,10264,75,16957,0,498,48,5651,48,10996,48,16647,California
Calaveras,2021-04-17,333,28052,129,10393,204,17161,0,498,290,5898,43,11039,290,16937,California
Calaveras,2021-04-18,18,28070,6,10399,12,17173,0,498,12,5904,6,11045,12,16949,California
Calaveras,2021-04-19,75,28145,26,10425,49,17222,0,498,45,5922,29,11074,47,16996,California
Calaveras,2021-04-20,262,28407,94,10519,168,17390,0,498,194,6052,64,11138,194,17190,California
Calaveras,2021-04-21,213,28620,143,10662,70,17460,0,498,81,6004,130,11268,82,17272,California
Calaveras,2021-04-22,545,29165,97,10759,448,17908,0,498,142,5751,397,11665,144,17416,California
Calaveras,2021-04-23,157,29322,79,10838,78,17986,0,498,64,5727,88,11753,64,17480,California
Calaveras,2021-04-24,172,29494,36,10874,136,18122,0,498,129,5817,40,11793,130,17610,California
Calaveras,2021-04-25,43,29537,28,10902,15,18137,0,498,22,5820,21,11814,24,17634,California
Calaveras,2021-04-26,116,29653,73,10975,43,18180,0,498,34,5773,82,11896,35,17669,California
Calaveras,2021-04-27,443,30096,75,11050,355,18535,13,511,57,5462,381,12277,70,17739,California
Calaveras,2021-04-28,647,30743,579,11629,37,18572,31,542,53,4962,591,12868,91,17830,California
Calaveras,2021-04-29,514,31257,442,12071,53,18625,19,561,73,4619,439,13307,96,17926,California
Calaveras,2021-04-30,150,31407,61,12132,84,18709,5,566,67,4615,82,13389,78,18004,California
Calaveras,2021-05-01,202,31609,111,12243,88,18797,3,569,134,4690,66,13455,141,18145,California
Calaveras,2021-05-02,51,31660,34,12277,16,18813,1,570,18,4679,31,13486,20,18165,California
Calaveras,2021-05-03,92,31752,68,12345,19,18832,5,575,29,4654,63,13549,38,18203,California
Calaveras,2021-05-04,416,32168,330,12675,49,18881,37,612,43,4363,372,13921,81,18284,California
Calaveras,2021-05-05,113,32281,58,12733,23,18904,32,644,50,4382,62,13983,81,18365,California
Calaveras,2021-05-06,254,32535,194,12927,36,18940,24,668,47,4248,206,14189,72,18437,California
Calaveras,2021-05-07,86,32621,22,12949,58,18998,6,674,56,4280,30,14219,62,18499,California
Calaveras,2021-05-08,290,32911,143,13092,145,19143,2,676,90,4176,196,14415,92,18591,California
Calaveras,2021-05-09,29,32940,12,13104,14,19157,3,679,13,4176,16,14431,16,18607,California
Calaveras,2021-05-10,57,32997,25,13129,31,19188,1,680,25,4174,29,14460,27,18634,California
Calaveras,2021-05-11,134,33131,88,13217,33,19221,13,693,93,4241,40,14500,107,18741,California
Calaveras,2021-05-12,167,33298,46,13263,121,19342,0,693,51,4177,115,14615,51,18792,California
Calaveras,2021-05-13,119,33417,65,13328,39,19381,15,708,63,4202,54,14669,79,18871,California
Calaveras,2021-05-14,149,33566,92,13420,54,19435,3,711,100,4257,48,14717,103,18974,California
Calaveras,2021-05-15,270,33836,95,13515,172,19607,3,714,107,4213,154,14871,110,19084,California
Calaveras,2021-05-16,29,33865,12,13527,17,19624,0,714,14,4213,15,14886,15,19099,California
Calaveras,2021-05-17,88,33953,41,13568,40,19664,7,721,46,4226,41,14927,54,19153,California
Calaveras,2021-05-18,225,34178,61,13629,142,19806,22,743,71,4166,153,15080,93,19246,California
Calaveras,2021-05-19,146,34324,59,13688,82,19888,5,748,70,4166,75,15155,75,19321,California
Calaveras,2021-05-20,201,34525,78,13766,98,19986,25,773,65,4122,133,15288,89,19410,California
Calaveras,2021-05-21,97,34622,55,13821,38,20024,4,777,58,4146,37,15325,61,19471,California
Calaveras,2021-05-22,301,34923,159,13980,142,20166,0,777,147,4142,151,15476,147,19618,California
Calaveras,2021-05-23,30,34953,14,13994,16,20182,0,777,13,4138,17,15493,13,19631,California
Calaveras,2021-05-24,74,35027,38,14032,20,20202,16,793,31,4143,43,15536,48,19679,California
Calaveras,2021-05-25,122,35149,47,14079,59,20261,16,809,57,4151,65,15601,73,19752,California
Calaveras,2021-05-26,121,35270,87,14166,30,20291,4,813,83,4200,37,15638,86,19838,California
Calaveras,2021-05-27,83,35353,43,14209,36,20327,4,817,27,4179,53,15691,32,19870,California
Calaveras,2021-05-28,82,35435,42,14251,36,20363,4,821,41,4183,41,15732,45,19915,California
Calaveras,2021-05-29,68,35503,23,14274,40,20403,5,826,33,4186,35,15767,38,19953,California
Calaveras,2021-05-30,36,35539,14,14288,17,20420,5,831,11,4177,25,15792,16,19969,California
Calaveras,2021-05-31,5,35544,0,14288,3,20423,2,833,0,4174,5,15797,2,19971,California
Calaveras,2021-06-01,144,35688,97,14385,41,20464,6,839,44,4124,100,15897,50,20021,California
Calaveras,2021-06-02,85,35773,54,14439,27,20491,4,843,36,4115,49,15946,40,20061,California
Calaveras,2021-06-03,93,35866,55,14494,31,20522,7,850,42,4117,49,15995,51,20112,California
Calaveras,2021-06-04,140,36006,94,14588,34,20556,12,862,37,4063,103,16098,49,20161,California
Calaveras,2021-06-05,84,36090,27,14615,55,20611,2,864,33,4048,50,16148,35,20196,California
Calaveras,2021-06-06,40,36130,28,14643,9,20620,3,867,21,4053,19,16167,24,20220,California
Calaveras,2021-06-07,60,36190,43,14686,9,20629,8,875,24,4050,35,16202,32,20252,California
Calaveras,2021-06-08,125,36315,79,14765,39,20668,7,882,57,4048,66,16268,64,20316,California
Calaveras,2021-06-09,92,36407,48,14813,38,20706,6,888,28,4021,63,16331,36,20352,California
Calaveras,2021-06-10,116,36523,58,14871,49,20755,9,897,41,3998,73,16404,50,20402,California
Calaveras,2021-06-11,100,36623,54,14925,41,20796,5,902,31,3965,69,16473,36,20438,California
Calaveras,2021-06-12,61,36684,35,14960,24,20820,2,904,18,3943,43,16516,21,20459,California
Calaveras,2021-06-13,31,36715,18,14978,9,20829,4,908,8,3932,23,16539,12,20471,California
Calaveras,2021-06-14,48,36763,36,15014,12,20841,0,908,19,3923,29,16568,20,20491,California
Calaveras,2021-06-15,85,36848,52,15066,25,20866,8,916,21,3889,64,16632,30,20521,California
Calaveras,2021-06-16,120,36968,101,15167,5,20871,14,930,14,3811,106,16738,28,20549,California
Colusa,2020-12-18,1,1,1,1,0,0,0,0,1,1,0,0,1,1,California
Colusa,2020-12-21,2,3,2,3,0,0,0,0,2,3,0,0,2,3,California
Colusa,2020-12-22,10,13,10,13,0,0,0,0,10,13,0,0,10,13,California
Colusa,2020-12-23,10,23,10,23,0,0,0,0,10,23,0,0,10,23,California
Colusa,2020-12-24,2,25,1,24,1,1,0,0,2,25,0,0,2,25,California
Colusa,2020-12-27,1,26,1,25,0,1,0,0,1,26,0,0,1,26,California
Colusa,2020-12-28,7,33,3,28,4,5,0,0,7,33,0,0,7,33,California
Colusa,2020-12-29,11,44,8,36,3,8,0,0,11,44,0,0,11,44,California
Colusa,2020-12-30,51,95,14,50,37,45,0,0,51,95,0,0,51,95,California
Colusa,2020-12-31,18,113,1,51,17,62,0,0,18,113,0,0,18,113,California
Colusa,2021-01-04,4,117,0,51,4,66,0,0,4,117,0,0,4,117,California
Colusa,2021-01-05,67,184,1,52,66,132,0,0,67,184,0,0,67,184,California
Colusa,2021-01-06,15,199,9,61,6,138,0,0,15,199,0,0,15,199,California
Colusa,2021-01-07,39,238,5,66,34,172,0,0,38,236,1,1,38,237,California
Colusa,2021-01-08,9,247,7,73,2,174,0,0,8,243,1,2,8,245,California
Colusa,2021-01-09,2,249,1,74,1,175,0,0,2,245,0,2,2,247,California
Colusa,2021-01-10,1,250,0,74,1,176,0,0,1,246,0,2,1,248,California
Colusa,2021-01-11,12,262,6,80,6,182,0,0,7,248,5,7,7,255,California
Colusa,2021-01-12,11,273,9,89,2,184,0,0,6,249,5,12,6,261,California
Colusa,2021-01-13,21,294,13,102,8,192,0,0,13,254,8,20,13,274,California
Colusa,2021-01-14,35,329,28,130,7,199,0,0,33,285,2,22,33,307,California
Colusa,2021-01-15,44,373,5,135,39,238,0,0,42,325,2,24,42,349,California
Colusa,2021-01-16,12,385,1,136,11,249,0,0,11,335,1,25,11,360,California
Colusa,2021-01-17,3,388,2,138,1,250,0,0,2,336,1,26,2,362,California
Colusa,2021-01-18,4,392,0,138,4,254,0,0,4,340,0,26,4,366,California
Colusa,2021-01-19,9,401,8,146,1,255,0,0,5,341,4,30,5,371,California
Colusa,2021-01-20,113,514,101,247,12,267,0,0,99,426,14,44,99,470,California
Colusa,2021-01-21,59,573,44,291,15,282,0,0,58,483,1,45,58,528,California
Colusa,2021-01-22,36,609,17,308,19,301,0,0,31,509,5,50,31,559,California
Colusa,2021-01-23,35,644,6,314,29,330,0,0,35,544,0,50,35,594,California
Colusa,2021-01-25,7,651,0,314,7,337,0,0,7,551,0,50,7,601,California
Colusa,2021-01-26,8,659,5,319,3,340,0,0,5,553,3,53,5,606,California
Colusa,2021-01-27,109,768,31,350,78,418,0,0,107,658,2,55,107,713,California
Colusa,2021-01-28,82,850,47,397,35,453,0,0,74,724,8,63,74,787,California
Colusa,2021-01-29,40,890,7,404,33,486,0,0,39,762,1,64,39,826,California
Colusa,2021-01-30,27,917,4,408,23,509,0,0,27,789,0,64,27,853,California
Colusa,2021-01-31,7,924,7,415,0,509,0,0,7,796,0,64,7,860,California
Colusa,2021-02-01,27,951,10,425,17,526,0,0,22,813,5,69,22,882,California
Colusa,2021-02-02,44,995,9,434,35,561,0,0,37,843,7,76,37,919,California
Colusa,2021-02-03,70,1065,11,445,59,620,0,0,59,891,11,87,59,978,California
Colusa,2021-02-04,144,1209,82,527,62,682,0,0,116,979,28,115,116,1094,California
Colusa,2021-02-05,28,1237,8,535,20,702,0,0,25,1001,3,118,25,1119,California
Colusa,2021-02-06,282,1519,9,544,273,975,0,0,271,1261,11,129,271,1390,California
Colusa,2021-02-07,2,1521,1,545,1,976,0,0,0,1259,2,131,0,1390,California
Colusa,2021-02-08,40,1561,5,550,35,1011,0,0,37,1293,3,134,37,1427,California
Colusa,2021-02-09,229,1790,14,564,215,1226,0,0,176,1416,53,187,176,1603,California
Colusa,2021-02-10,115,1905,41,605,74,1300,0,0,72,1445,43,230,72,1675,California
Colusa,2021-02-11,100,2005,37,642,63,1363,0,0,73,1491,27,257,73,1748,California
Colusa,2021-02-12,120,2125,9,651,111,1474,0,0,79,1528,42,299,79,1827,California
Colusa,2021-02-13,60,2185,8,659,52,1526,0,0,52,1572,8,307,52,1879,California
Colusa,2021-02-14,21,2206,8,667,13,1539,0,0,15,1581,6,313,15,1894,California
Colusa,2021-02-15,45,2251,10,677,35,1574,0,0,38,1612,7,320,38,1932,California
Colusa,2021-02-16,67,2318,4,681,63,1637,0,0,66,1677,1,321,66,1998,California
Colusa,2021-02-17,203,2521,143,824,60,1697,0,0,58,1590,145,466,58,2056,California
Colusa,2021-02-18,137,2658,36,860,101,1798,0,0,114,1681,23,489,114,2170,California
Colusa,2021-02-19,152,2810,19,879,133,1931,0,0,130,1789,22,511,130,2300,California
Colusa,2021-02-20,27,2837,5,884,22,1953,0,0,11,1784,16,527,11,2311,California
Colusa,2021-02-21,1,2838,1,885,0,1953,0,0,0,1783,1,528,0,2311,California
Colusa,2021-02-22,43,2881,26,911,17,1970,0,0,29,1798,14,542,29,2340,California
Colusa,2021-02-23,22,2903,7,918,15,1985,0,0,17,1810,5,547,17,2357,California
Colusa,2021-02-24,303,3206,55,973,248,2233,0,0,158,1823,145,692,158,2515,California
Colusa,2021-02-25,103,3309,55,1028,48,2281,0,0,67,1854,36,728,67,2582,California
Colusa,2021-02-26,97,3406,15,1043,82,2363,0,0,60,1877,37,765,60,2642,California
Colusa,2021-02-27,55,3461,4,1047,51,2414,0,0,40,1902,15,780,40,2682,California
Colusa,2021-02-28,27,3488,15,1062,12,2426,0,0,18,1911,9,789,18,2700,California
Colusa,2021-03-01,46,3534,15,1077,31,2457,0,0,29,1923,17,806,29,2729,California
Colusa,2021-03-02,48,3582,12,1089,36,2493,0,0,25,1925,23,829,25,2754,California
Colusa,2021-03-03,247,3829,46,1135,201,2694,0,0,190,2058,57,886,190,2944,California
Colusa,2021-03-04,138,3967,58,1193,80,2774,0,0,80,2080,58,944,80,3024,California
Colusa,2021-03-05,94,4061,25,1218,60,2834,9,9,53,2101,41,985,62,3086,California
Colusa,2021-03-06,272,4333,9,1227,263,3097,0,9,38,1905,234,1219,38,3124,California
Colusa,2021-03-07,8,4341,5,1232,3,3100,0,9,6,1909,2,1221,6,3130,California
Colusa,2021-03-08,89,4430,21,1253,33,3133,35,44,45,1945,44,1265,80,3210,California
Colusa,2021-03-09,275,4705,74,1327,178,3311,23,67,85,1863,190,1455,108,3318,California
Colusa,2021-03-10,290,4995,38,1365,216,3527,36,103,204,2017,86,1541,240,3558,California
Colusa,2021-03-11,418,5413,60,1425,337,3864,21,124,335,2288,83,1624,354,3912,California
Colusa,2021-03-12,110,5523,18,1443,79,3943,13,137,20,2231,90,1714,33,3945,California
Colusa,2021-03-13,59,5582,14,1457,36,3979,9,146,17,2215,42,1756,26,3971,California
Colusa,2021-03-14,20,5602,0,1457,18,3997,2,148,6,2210,13,1769,8,3979,California
Colusa,2021-03-15,71,5673,27,1484,36,4033,8,156,15,2177,56,1825,23,4002,California
Colusa,2021-03-16,296,5969,16,1500,234,4267,46,202,189,2305,107,1932,235,4237,California
Colusa,2021-03-17,193,6162,50,1550,143,4410,0,202,108,2328,85,2017,108,4345,California
Colusa,2021-03-18,324,6486,37,1587,216,4626,71,273,201,2477,123,2140,272,4617,California
Colusa,2021-03-19,80,6566,21,1608,57,4683,2,275,53,2505,27,2167,55,4672,California
Colusa,2021-03-20,49,6615,7,1615,41,4724,1,276,36,2529,13,2180,37,4709,California
Colusa,2021-03-21,6,6621,4,1619,2,4726,0,276,3,2529,3,2183,3,4712,California
Colusa,2021-03-22,62,6683,10,1629,43,4769,9,285,40,2556,22,2205,49,4761,California
Colusa,2021-03-23,82,6765,16,1645,64,4833,2,287,56,2588,26,2231,58,4819,California
Colusa,2021-03-24,340,7105,56,1701,278,5111,6,293,67,2387,273,2504,72,4891,California
Colusa,2021-03-25,108,7213,60,1761,43,5154,5,298,50,2384,58,2562,55,4946,California
Colusa,2021-03-26,298,7511,48,1809,246,5400,4,302,246,2582,52,2614,250,5196,California
Colusa,2021-03-27,64,7575,5,1814,59,5459,0,302,26,2570,38,2652,26,5222,California
Colusa,2021-03-28,16,7591,7,1821,9,5468,0,302,8,2570,8,2660,8,5230,California
Colusa,2021-03-29,73,7664,21,1842,46,5514,6,308,33,2569,40,2700,39,5269,California
Colusa,2021-03-30,150,7814,82,1924,66,5580,2,310,71,2563,79,2779,73,5342,California
Colusa,2021-03-31,235,8049,41,1965,194,5774,0,310,70,2469,164,2943,70,5412,California
Colusa,2021-04-01,435,8484,71,2036,309,6083,55,365,313,2715,121,3064,367,5779,California
Colusa,2021-04-02,82,8566,15,2051,53,6136,14,379,38,2723,44,3108,52,5831,California
Colusa,2021-04-03,60,8626,9,2060,28,6164,23,402,14,2713,46,3154,36,5867,California
Colusa,2021-04-04,18,8644,0,2060,8,6172,10,412,3,2711,15,3169,13,5880,California
Colusa,2021-04-05,97,8741,26,2086,55,6227,16,428,39,2708,58,3227,55,5935,California
Colusa,2021-04-06,130,8871,34,2120,45,6272,51,479,43,2715,87,3314,94,6029,California
Colusa,2021-04-07,358,9229,41,2161,294,6566,23,502,131,2643,227,3541,155,6184,California
Colusa,2021-04-08,424,9653,34,2195,364,6930,26,528,120,2488,301,3842,146,6330,California
Colusa,2021-04-09,76,9729,21,2216,31,6961,24,552,27,2490,49,3891,51,6381,California
Colusa,2021-04-10,45,9774,9,2225,15,6976,21,573,12,2490,33,3924,33,6414,California
Colusa,2021-04-11,17,9791,3,2228,12,6988,2,575,8,2491,9,3933,10,6424,California
Colusa,2021-04-12,32,9823,3,2231,29,7017,0,575,25,2509,7,3940,25,6449,California
Colusa,2021-04-13,278,10101,22,2253,256,7273,0,575,93,2418,184,4124,93,6542,California
Colusa,2021-04-14,94,10195,19,2272,75,7348,0,575,32,2388,62,4186,32,6574,California
Colusa,2021-04-15,326,10521,47,2319,279,7627,0,575,134,2330,192,4378,134,6708,California
Colusa,2021-04-16,80,10601,11,2330,69,7696,0,575,36,2323,43,4421,36,6744,California
Colusa,2021-04-17,51,10652,7,2337,44,7740,0,575,29,2330,22,4443,29,6773,California
Colusa,2021-04-18,9,10661,2,2339,7,7747,0,575,7,2335,2,4445,7,6780,California
Colusa,2021-04-19,61,10722,22,2361,39,7786,0,575,16,2306,45,4490,16,6796,California
Colusa,2021-04-20,180,10902,31,2392,149,7935,0,575,129,2385,51,4541,130,6926,California
Colusa,2021-04-21,170,11072,59,2451,111,8046,0,575,110,2435,60,4601,110,7036,California
Colusa,2021-04-22,419,11491,27,2478,391,8437,1,576,218,2453,200,4801,218,7254,California
Colusa,2021-04-23,93,11584,20,2498,73,8510,0,576,36,2432,57,4858,36,7290,California
Colusa,2021-04-24,240,11824,19,2517,220,8730,1,577,208,2608,32,4890,208,7498,California
Colusa,2021-04-25,12,11836,6,2523,6,8736,0,577,8,2612,4,4894,8,7506,California
Colusa,2021-04-26,25,11861,5,2528,19,8755,1,578,6,2600,18,4912,6,7512,California
Colusa,2021-04-27,94,11955,23,2551,67,8822,4,582,44,2598,50,4962,48,7560,California
Colusa,2021-04-28,189,12144,27,2578,159,8981,3,585,139,2691,49,5011,142,7702,California
Colusa,2021-04-29,320,12464,27,2605,289,9270,4,589,47,2471,271,5282,51,7753,California
Colusa,2021-04-30,63,12527,18,2623,45,9315,0,589,41,2490,22,5304,41,7794,California
Colusa,2021-05-01,19,12546,8,2631,8,9323,3,592,9,2492,10,5314,12,7806,California
Colusa,2021-05-02,4,12550,1,2632,2,9325,1,593,2,2493,2,5316,3,7809,California
Colusa,2021-05-03,31,12581,7,2639,24,9349,0,593,15,2492,16,5332,15,7824,California
Colusa,2021-05-04,94,12675,52,2691,41,9390,1,594,67,2533,27,5359,68,7892,California
Colusa,2021-05-05,79,12754,16,2707,62,9452,1,595,34,2523,45,5404,35,7927,California
Colusa,2021-05-06,253,13007,16,2723,235,9687,2,597,110,2492,143,5547,112,8039,California
Colusa,2021-05-07,66,13073,5,2728,57,9744,4,601,31,2492,35,5582,35,8074,California
Colusa,2021-05-08,18,13091,5,2733,13,9757,0,601,9,2492,9,5591,9,8083,California
Colusa,2021-05-09,13,13104,5,2738,5,9762,3,604,6,2494,7,5598,9,8092,California
Colusa,2021-05-10,15,13119,6,2744,9,9771,0,604,6,2491,9,5607,6,8098,California
Colusa,2021-05-11,92,13211,33,2777,59,9830,0,604,50,2499,42,5649,50,8148,California
Colusa,2021-05-12,72,13283,31,2808,37,9867,4,608,20,2471,52,5701,24,8172,California
Colusa,2021-05-13,242,13525,24,2832,217,10084,1,609,78,2386,164,5865,79,8251,California
Colusa,2021-05-14,86,13611,18,2850,53,10137,15,624,33,2382,52,5917,48,8299,California
Colusa,2021-05-15,37,13648,9,2859,26,10163,2,626,19,2385,18,5935,21,8320,California
Colusa,2021-05-16,22,13670,5,2864,10,10173,7,633,9,2388,13,5948,16,8336,California
Colusa,2021-05-17,24,13694,4,2868,18,10191,2,635,12,2390,12,5960,14,8350,California
Colusa,2021-05-18,101,13795,26,2894,73,10264,2,637,46,2383,55,6015,48,8398,California
Colusa,2021-05-19,218,14013,44,2938,154,10418,20,657,68,2321,150,6165,88,8486,California
Colusa,2021-05-20,283,14296,36,2974,243,10661,4,661,71,2184,212,6377,75,8561,California
Colusa,2021-05-21,70,14366,23,2997,45,10706,2,663,36,2188,34,6411,38,8599,California
Colusa,2021-05-22,218,14584,21,3018,196,10902,1,664,30,2031,188,6599,31,8630,California
Colusa,2021-05-23,18,14602,7,3025,7,10909,4,668,5,2027,13,6612,9,8639,California
Colusa,2021-05-24,26,14628,3,3028,18,10927,5,673,15,2036,11,6623,20,8659,California
Colusa,2021-05-25,132,14760,73,3101,57,10984,2,675,50,2006,82,6705,52,8711,California
Colusa,2021-05-26,72,14832,25,3126,47,11031,0,675,33,2000,39,6744,33,8744,California
Colusa,2021-05-27,170,15002,17,3143,153,11184,0,675,54,1938,116,6860,54,8798,California
Colusa,2021-05-28,80,15082,26,3169,53,11237,1,676,40,1939,40,6900,41,8839,California
Colusa,2021-05-29,37,15119,18,3187,18,11255,1,677,29,1961,8,6908,30,8869,California
Colusa,2021-05-30,8,15127,1,3188,2,11257,5,682,1,1960,7,6915,6,8875,California
Colusa,2021-05-31,4,15131,0,3188,4,11261,0,682,1,1958,3,6918,1,8876,California
Colusa,2021-06-01,50,15181,16,3204,33,11294,1,683,26,1961,24,6942,27,8903,California
Colusa,2021-06-02,146,15327,20,3224,124,11418,2,685,52,1922,93,7035,54,8957,California
Colusa,2021-06-03,62,15389,20,3244,41,11459,1,686,26,1916,33,7068,27,8984,California
Colusa,2021-06-04,59,15448,19,3263,37,11496,3,689,21,1902,38,7106,24,9008,California
Colusa,2021-06-05,35,15483,16,3279,18,11514,1,690,18,1904,17,7123,19,9027,California
Colusa,2021-06-06,9,15492,4,3283,4,11518,1,691,6,1908,3,7126,7,9034,California
Colusa,2021-06-07,22,15514,6,3289,16,11534,0,691,12,1910,10,7136,12,9046,California
Colusa,2021-06-08,68,15582,17,3306,51,11585,0,691,26,1894,42,7178,26,9072,California
Colusa,2021-06-09,70,15652,39,3345,31,11616,0,691,28,1880,42,7220,28,9100,California
Colusa,2021-06-10,56,15708,23,3368,31,11647,2,693,13,1852,43,7263,15,9115,California
Colusa,2021-06-11,61,15769,33,3401,27,11674,1,694,29,1850,32,7295,30,9145,California
Colusa,2021-06-12,38,15807,24,3425,14,11688,0,694,11,1834,27,7322,11,9156,California
Colusa,2021-06-13,10,15817,3,3428,5,11693,2,696,2,1830,8,7330,4,9160,California
Colusa,2021-06-14,18,15835,7,3435,11,11704,0,696,8,1828,10,7340,8,9168,California
Colusa,2021-06-15,74,15909,34,3469,39,11743,1,697,18,1791,56,7396,19,9187,California
Colusa,2021-06-16,23,15932,3,3472,19,11762,1,698,9,1787,14,7410,10,9197,California
Contra Costa,2020-12-15,18,18,18,18,0,0,0,0,18,18,0,0,18,18,California
Contra Costa,2020-12-16,523,541,523,541,0,0,0,0,523,541,0,0,523,541,California
Contra Costa,2020-12-17,1048,1589,1048,1589,0,0,0,0,1048,1589,0,0,1048,1589,California
Contra Costa,2020-12-18,1772,3361,1771,3360,1,1,0,0,1772,3361,0,0,1772,3361,California
Contra Costa,2020-12-19,1128,4489,1127,4487,1,2,0,0,1128,4489,0,0,1128,4489,California
Contra Costa,2020-12-20,607,5096,606,5093,1,3,0,0,607,5096,0,0,607,5096,California
Contra Costa,2020-12-21,1682,6778,1680,6773,2,5,0,0,1682,6778,0,0,1682,6778,California
Contra Costa,2020-12-22,1686,8464,1580,8353,106,111,0,0,1686,8464,0,0,1686,8464,California
Contra Costa,2020-12-23,1640,10104,1390,9743,250,361,0,0,1640,10104,0,0,1640,10104,California
Contra Costa,2020-12-24,664,10768,339,10082,325,686,0,0,664,10768,0,0,664,10768,California
Contra Costa,2020-12-25,44,10812,20,10102,24,710,0,0,44,10812,0,0,44,10812,California
Contra Costa,2020-12-26,661,11473,137,10239,524,1234,0,0,661,11473,0,0,661,11473,California
Contra Costa,2020-12-27,244,11717,86,10325,158,1392,0,0,244,11717,0,0,244,11717,California
Contra Costa,2020-12-28,1866,13583,876,11201,990,2382,0,0,1866,13583,0,0,1866,13583,California
Contra Costa,2020-12-29,1862,15445,830,12031,1032,3414,0,0,1862,15445,0,0,1862,15445,California
Contra Costa,2020-12-30,2442,17887,1223,13254,1219,4633,0,0,2440,17884,2,2,2441,17886,California
Contra Costa,2020-12-31,932,18819,309,13563,623,5256,0,0,931,18815,0,2,931,18817,California
Contra Costa,2021-01-01,66,18885,24,13587,42,5298,0,0,66,18881,0,2,66,18883,California
Contra Costa,2021-01-02,344,19229,177,13764,167,5465,0,0,344,19225,0,2,344,19227,California
Contra Costa,2021-01-03,186,19415,125,13889,61,5526,0,0,185,19410,0,2,185,19412,California
Contra Costa,2021-01-04,1919,21334,1252,15141,667,6193,0,0,1899,21291,18,20,1899,21311,California
Contra Costa,2021-01-05,2129,23463,1269,16410,860,7053,0,0,1843,22850,285,305,1844,23155,California
Contra Costa,2021-01-06,3327,26790,2281,18691,1046,8099,0,0,2505,24543,816,1121,2509,25664,California
Contra Costa,2021-01-07,3135,29925,2096,20787,1039,9138,0,0,1802,25015,1330,2451,1802,27466,California
Contra Costa,2021-01-08,3433,33358,2430,23217,1003,10141,0,0,1767,25124,1661,4112,1770,29236,California
Contra Costa,2021-01-09,1612,34970,1156,24373,456,10597,0,0,740,24995,871,4983,742,29978,California
Contra Costa,2021-01-10,369,35339,292,24665,77,10674,0,0,155,24936,214,5197,155,30133,California
Contra Costa,2021-01-11,3873,39212,3173,27838,700,11374,0,0,2234,25534,1638,6835,2236,32369,California
Contra Costa,2021-01-12,3965,43177,2974,30812,991,12365,0,0,2599,26775,1362,8197,2603,34972,California
Contra Costa,2021-01-13,4805,47982,2979,33791,1826,14191,0,0,3832,29642,968,9165,3835,38807,California
Contra Costa,2021-01-14,4368,52350,1586,35377,2782,16973,0,0,3976,33231,392,9557,3981,42788,California
Contra Costa,2021-01-15,5417,57767,2493,37870,2924,19897,0,0,5086,37991,330,9887,5090,47878,California
Contra Costa,2021-01-16,1767,59534,572,38442,1195,21092,0,0,1689,39602,78,9965,1689,49567,California
Contra Costa,2021-01-17,1678,61212,987,39429,691,21783,0,0,1556,41039,122,10087,1559,51126,California
Contra Costa,2021-01-18,3275,64487,1303,40732,1972,23755,0,0,2640,43050,630,10717,2641,53767,California
Contra Costa,2021-01-19,7124,71611,3190,43922,3934,27689,0,0,6110,48156,1009,11726,6115,59882,California
Contra Costa,2021-01-20,6795,78406,4183,48105,2612,30301,0,0,5542,52458,1249,12975,5551,65433,California
Contra Costa,2021-01-21,7093,85499,3145,51250,3948,34249,0,0,6353,58085,734,13709,6361,71794,California
Contra Costa,2021-01-22,6488,91987,2749,53999,3739,37988,0,0,5613,62835,866,14575,5616,77410,California
Contra Costa,2021-01-23,2078,94065,367,54366,1711,39699,0,0,1809,64378,267,14842,1810,79220,California
Contra Costa,2021-01-24,1612,95677,221,54587,1391,41090,0,0,1462,65694,150,14992,1466,80686,California
Contra Costa,2021-01-25,6759,102436,3061,57648,3698,44788,0,0,5159,69259,1598,16590,5163,85849,California
Contra Costa,2021-01-26,8242,110678,4752,62400,3490,48278,0,0,6357,73745,1877,18467,6363,92212,California
Contra Costa,2021-01-27,8320,118998,5468,67868,2852,51130,0,0,6435,78311,1873,20340,6439,98651,California
Contra Costa,2021-01-28,7579,126577,4121,71989,3458,54588,0,0,5937,82619,1636,21976,5944,104595,California
Contra Costa,2021-01-29,7561,134138,3938,75927,3623,58211,0,0,6221,87509,1335,23311,6225,110820,California
Contra Costa,2021-01-30,2183,136321,670,76597,1513,59724,0,0,1773,88879,403,23714,1773,112593,California
Contra Costa,2021-01-31,675,136996,445,77042,230,59954,0,0,582,89371,90,23804,582,113175,California
Contra Costa,2021-02-01,5922,142918,4116,81158,1806,61760,0,0,4005,91470,1909,25713,4008,117183,California
Contra Costa,2021-02-02,7655,150573,5127,86285,2528,64288,0,0,5940,95697,1714,27427,5941,123124,California
Contra Costa,2021-02-03,8393,158966,5540,91825,2853,67141,0,0,5695,98705,2688,30115,5696,128820,California
Contra Costa,2021-02-04,7610,166576,3618,95443,3992,71133,0,0,5835,102770,1773,31888,5838,134658,California
Contra Costa,2021-02-05,8530,175106,4857,100300,3673,74806,0,0,5817,105881,2706,34594,5817,140475,California
Contra Costa,2021-02-06,3539,178645,2184,102484,1355,76161,0,0,2877,108098,661,35255,2878,143353,California
Contra Costa,2021-02-07,998,179643,725,103209,273,76434,0,0,609,108320,387,35642,609,143962,California
Contra Costa,2021-02-08,5958,185601,3542,106751,2416,78850,0,0,4430,111230,1521,37163,4431,148393,California
Contra Costa,2021-02-09,8794,194395,4861,111612,3933,82783,0,0,5862,114169,2924,40087,5863,154256,California
Contra Costa,2021-02-10,8759,203154,4718,116330,4041,86824,0,0,5423,116275,3321,43408,5427,159683,California
Contra Costa,2021-02-11,9447,212601,4260,120590,5187,92011,0,0,5328,117495,4113,47521,5333,165016,California
Contra Costa,2021-02-12,10193,222794,4665,125255,5528,97539,0,0,5500,118313,4685,52206,5503,170519,California
Contra Costa,2021-02-13,4947,227741,1391,126646,3556,101095,0,0,3439,120248,1505,53711,3440,173959,California
Contra Costa,2021-02-14,2118,229859,872,127518,1246,102341,0,0,1231,120594,885,54596,1231,175190,California
Contra Costa,2021-02-15,4524,234383,2490,130008,2034,104375,0,0,2360,120799,2156,56752,2361,177551,California
Contra Costa,2021-02-16,10520,244903,4954,134962,5566,109941,0,0,4687,119665,5825,62577,4691,182242,California
Contra Costa,2021-02-17,12439,257342,6235,141197,6204,116145,0,0,5711,118664,6713,69290,5712,187954,California
Contra Costa,2021-02-18,11598,268940,6029,147226,5569,121714,0,0,5360,117799,6227,75517,5362,193316,California
Contra Costa,2021-02-19,11594,280534,7232,154458,4362,126076,0,0,5254,116730,6325,81842,5256,198572,California
Contra Costa,2021-02-20,6611,287145,2998,157456,3613,129689,0,0,4661,119461,1932,83774,4663,203235,California
Contra Costa,2021-02-21,2361,289506,1768,159224,593,130282,0,0,1587,120275,773,84547,1587,204822,California
Contra Costa,2021-02-22,7832,297338,5292,164516,2540,132822,0,0,3607,119676,4210,88757,3611,208433,California
Contra Costa,2021-02-23,12349,309687,7606,172122,4743,137565,0,0,6218,119784,6117,94874,6225,214658,California
Contra Costa,2021-02-24,10874,320561,7997,180119,2877,140442,0,0,5279,119488,5577,100451,5281,219939,California
Contra Costa,2021-02-25,12028,332589,7630,187749,4398,144840,0,0,5582,118650,6425,106876,5587,225526,California
Contra Costa,2021-02-26,11233,343822,7104,194853,4129,148969,0,0,5568,118569,5650,112526,5569,231095,California
Contra Costa,2021-02-27,7013,350835,4531,199384,2482,151451,0,0,4395,120356,2610,115136,4397,235492,California
Contra Costa,2021-02-28,4404,355239,3656,203040,747,152198,1,1,3713,123383,688,115824,3715,239207,California
Contra Costa,2021-03-01,8754,363993,6636,209676,2112,154310,6,7,5403,125458,3335,119159,5410,244617,California
Contra Costa,2021-03-02,10784,374777,6915,216591,3868,158178,1,8,5776,126244,4992,124151,5778,250395,California
Contra Costa,2021-03-03,11533,386310,7265,223856,4267,162445,1,9,6512,127751,5007,129158,6514,256909,California
Contra Costa,2021-03-04,12164,398474,7266,231122,4897,167342,1,10,6319,128246,5826,134984,6321,263230,California
Contra Costa,2021-03-05,11677,410151,7001,238123,4669,172011,7,17,6714,130022,4945,139929,6721,269951,California
Contra Costa,2021-03-06,7605,417756,4256,242379,3037,175048,312,329,4963,132667,2628,142557,5273,275224,California
Contra Costa,2021-03-07,3904,421660,2491,244870,1351,176399,62,391,3215,135257,687,143244,3277,278501,California
Contra Costa,2021-03-08,8367,430027,3967,248837,4090,180489,310,701,5627,138470,2728,145972,5941,284442,California
Contra Costa,2021-03-09,11284,441311,5987,254824,5000,185489,297,998,5913,139322,5360,151332,6212,290654,California
Contra Costa,2021-03-10,12616,453927,6335,261159,4772,190261,1509,2507,5753,139725,6850,158182,7253,297907,California
Contra Costa,2021-03-11,12665,466592,6658,267817,5441,195702,566,3073,6475,140598,6166,164348,7039,304946,California
Contra Costa,2021-03-12,12797,479389,5278,273095,6948,202650,571,3644,6378,141142,6401,170749,6945,311891,California
Contra Costa,2021-03-13,7989,487378,3215,276310,4341,206991,433,4077,3150,139900,4819,175568,3577,315468,California
Contra Costa,2021-03-14,4504,491882,2658,278968,1348,208339,498,4575,1722,139344,2774,178342,2218,317686,California
Contra Costa,2021-03-15,9595,501477,5213,284181,3614,211953,768,5343,4742,140018,4834,183176,5508,323194,California
Contra Costa,2021-03-16,14543,516020,8678,292859,5453,217406,412,5755,7170,140251,7349,190525,7582,330776,California
Contra Costa,2021-03-17,15284,531304,10573,303432,4484,221890,227,5982,8543,142312,6714,197239,8775,339551,California
Contra Costa,2021-03-18,15611,546915,8720,312152,6403,228293,488,6470,8616,144454,6960,204199,9102,348653,California
Contra Costa,2021-03-19,15838,562753,9156,321308,5258,233551,1424,7894,8199,146458,7621,211820,9625,358278,California
Contra Costa,2021-03-20,10867,573620,6524,327832,4025,237576,318,8212,5123,146176,5721,217541,5439,363717,California
Contra Costa,2021-03-21,4657,578277,4067,331899,492,238068,98,8310,1817,145262,2828,220369,1914,365631,California
Contra Costa,2021-03-22,11808,590085,8912,340811,2637,240705,259,8569,6855,147437,4936,225305,7111,372742,California
Contra Costa,2021-03-23,15856,605941,10929,351740,4755,245460,172,8741,9117,150017,6710,232015,9290,382032,California
Contra Costa,2021-03-24,15194,621135,11861,363601,3118,248578,215,8956,9178,153429,5983,237998,9395,391427,California
Contra Costa,2021-03-25,15550,636685,12144,375745,3114,251692,292,9248,9488,157180,6025,244023,9776,401203,California
Contra Costa,2021-03-26,15241,651926,10960,386705,3875,255567,406,9654,8738,159843,6475,250498,9138,410341,California
Contra Costa,2021-03-27,10698,662624,6967,393672,3213,258780,518,10172,5682,161032,5004,255502,6193,416534,California
Contra Costa,2021-03-28,4304,666928,3064,396736,1185,259965,55,10227,1648,160090,2645,258147,1703,418237,California
Contra Costa,2021-03-29,11051,677979,8621,405357,2312,262277,118,10345,7010,163198,4023,262170,7131,425368,California
Contra Costa,2021-03-30,17003,694982,9316,414673,6325,268602,1362,11707,10489,168550,6494,268664,11846,437214,California
Contra Costa,2021-03-31,18267,713249,12823,427496,3993,272595,1451,13158,11479,174732,6741,275405,12923,450137,California
Contra Costa,2021-04-01,17812,731061,12472,439968,3941,276536,1399,14557,11548,181444,6230,281635,12942,463079,California
Contra Costa,2021-04-02,17700,748761,13035,453003,3634,280170,1031,15588,11724,188232,5963,287598,12751,475830,California
Contra Costa,2021-04-03,10993,759754,6562,459565,2869,283039,1562,17150,6282,191375,4696,292294,7839,483669,California
Contra Costa,2021-04-04,3400,763154,1337,460902,1460,284499,603,17753,855,190294,2537,294831,1456,485125,California
Contra Costa,2021-04-05,12250,775404,7978,468880,3284,287783,988,18741,6635,192317,5600,300431,7623,492748,California
Contra Costa,2021-04-06,17501,792905,12128,481008,3071,290854,2302,21043,9797,196731,7682,308113,12096,504844,California
Contra Costa,2021-04-07,18760,811665,12718,493726,3208,294062,2834,23877,10635,202129,8103,316216,13501,518345,California
Contra Costa,2021-04-08,18893,830558,12594,506320,3360,297422,2939,26816,10124,206440,8742,324958,13053,531398,California
Contra Costa,2021-04-09,19064,849622,12151,518471,4393,301815,2520,29336,10198,210314,8835,333793,12709,544107,California
Contra Costa,2021-04-10,10688,860310,3849,522320,2219,304034,4620,33956,3325,210902,7344,341137,7932,552039,California
Contra Costa,2021-04-11,3414,863724,2030,524350,712,304746,672,34628,1143,210451,2265,343402,1814,553853,California
Contra Costa,2021-04-12,12123,875847,7995,532345,3044,307790,1084,35712,5692,210820,6412,349814,6781,560634,California
Contra Costa,2021-04-13,18094,893941,11112,543457,6975,314765,7,35719,12074,216917,5993,355807,12090,572724,California
Contra Costa,2021-04-14,17912,911853,11261,554718,6650,321415,1,35720,9946,218930,7940,363747,9953,582677,California
Contra Costa,2021-04-15,17703,929556,10873,565591,6829,328244,1,35721,8200,217682,9474,373221,8226,590903,California
Contra Costa,2021-04-16,17095,946651,10649,576240,6445,334689,1,35722,7703,216036,9369,382590,7723,598626,California
Contra Costa,2021-04-17,11610,958261,6404,582644,5206,339895,0,35722,6241,216935,5353,387943,6252,604878,California
Contra Costa,2021-04-18,2813,961074,2165,584809,648,340543,0,35722,1808,217749,996,388939,1810,606688,California
Contra Costa,2021-04-19,11534,972608,8610,593419,2924,343467,0,35722,3633,213514,7873,396812,3638,610326,California
Contra Costa,2021-04-20,16825,989433,10933,604352,5892,349359,0,35722,6284,209292,10511,407323,6289,616615,California
Contra Costa,2021-04-21,17492,1006925,14267,618619,3224,352583,1,35723,6200,204248,11252,418575,6208,622823,California
Contra Costa,2021-04-22,17316,1024241,14033,632652,3281,355864,2,35725,6102,199182,11179,429754,6113,628936,California
Contra Costa,2021-04-23,17152,1041393,13632,646284,3520,359384,0,35725,5522,193120,11592,441346,5530,634466,California
Contra Costa,2021-04-24,11053,1052446,8518,654802,2534,361918,1,35726,4231,190556,6799,448145,4235,638701,California
Contra Costa,2021-04-25,3308,1055754,2218,657020,1088,363006,2,35728,2083,191421,1223,449368,2088,640789,California
Contra Costa,2021-04-26,10080,1065834,8407,665427,1649,364655,24,35752,3032,187460,7030,456398,3069,643858,California
Contra Costa,2021-04-27,14769,1080603,10766,676193,3825,368480,178,35930,4024,180953,10720,467118,4213,648071,California
Contra Costa,2021-04-28,14328,1094931,11158,687351,2882,371362,288,36218,3838,174631,10455,477573,4133,652204,California
Contra Costa,2021-04-29,13523,1108454,10468,697819,2884,374246,171,36389,3222,167757,10272,487845,3398,655602,California
Contra Costa,2021-04-30,13828,1122282,10906,708725,2662,376908,260,36649,3129,160481,10670,498515,3394,658996,California
Contra Costa,2021-05-01,8100,1130382,5887,714612,1888,378796,325,36974,1924,156582,6148,504663,2249,661245,California
Contra Costa,2021-05-02,2357,1132739,1596,716208,679,379475,82,37056,988,156294,1358,506021,1070,662315,California
Contra Costa,2021-05-03,9161,1141900,8055,724263,928,380403,178,37234,1925,151180,7220,513241,2106,664421,California
Contra Costa,2021-05-04,14176,1156076,12238,736501,1609,382012,329,37563,2285,141931,11863,525104,2614,667035,California
Contra Costa,2021-05-05,12606,1168682,10874,747375,1531,383543,201,37764,2413,134381,10165,535269,2615,669650,California
Contra Costa,2021-05-06,10353,1179035,8598,755973,1418,384961,337,38101,1942,128282,8387,543656,2288,671938,California
Contra Costa,2021-05-07,9703,1188738,7799,763772,1679,386640,225,38326,2226,123286,7443,551099,2447,674385,California
Contra Costa,2021-05-08,5346,1194084,4024,767796,1152,387792,170,38496,1253,120636,4077,555176,1427,675812,California
Contra Costa,2021-05-09,2126,1196210,1793,769589,274,388066,59,38555,459,119493,1662,556838,519,676331,California
Contra Costa,2021-05-10,4946,1201156,3960,773549,767,388833,219,38774,1336,117458,3588,560426,1553,677884,California
Contra Costa,2021-05-11,8818,1209974,4596,778145,3984,392817,238,39012,1745,112394,7053,567479,1989,679873,California
Contra Costa,2021-05-12,9306,1219280,4789,782934,4252,397069,265,39277,1672,106731,7606,575085,1943,681816,California
Contra Costa,2021-05-13,11762,1231042,7835,790769,3740,400809,187,39464,4217,103620,7518,582603,4407,686223,California
Contra Costa,2021-05-14,12204,1243246,8135,798904,3789,404598,280,39744,5045,101810,7134,589737,5324,691547,California
Contra Costa,2021-05-15,10037,1253283,7285,806189,2632,407230,120,39864,4416,100740,5608,595345,4538,696085,California
Contra Costa,2021-05-16,2443,1255726,2138,808327,259,407489,46,39910,1093,100534,1344,596689,1138,697223,California
Contra Costa,2021-05-17,7056,1262782,5694,814021,1189,408678,173,40083,3543,100759,3493,600182,3718,700941,California
Contra Costa,2021-05-18,10271,1273053,7024,821045,3028,411706,219,40302,4480,99701,5761,605943,4703,705644,California
Contra Costa,2021-05-19,8493,1281546,6870,827915,1429,413135,194,40496,3852,99128,4622,610565,4049,709693,California
Contra Costa,2021-05-20,7154,1288700,5645,833560,1323,414458,186,40682,3352,98891,3775,614340,3538,713231,California
Contra Costa,2021-05-21,7092,1295792,5427,838987,1452,415910,213,40895,3259,98553,3807,618147,3469,716700,California
Contra Costa,2021-05-22,5102,1300894,4030,843017,891,416801,181,41076,2479,98609,2602,620749,2658,719358,California
Contra Costa,2021-05-23,1216,1302110,793,843810,367,417168,56,41132,594,98643,615,621364,649,720007,California
Contra Costa,2021-05-24,4653,1306763,3854,847664,622,417790,177,41309,2186,98552,2456,623820,2365,722372,California
Contra Costa,2021-05-25,6279,1313042,5111,852775,917,418707,251,41560,2652,97844,3610,627430,2902,725274,California
Contra Costa,2021-05-26,5632,1318674,3617,856392,1826,420533,189,41749,1955,96332,3655,631085,2143,727417,California
Contra Costa,2021-05-27,3809,1322483,2689,859081,942,421475,178,41927,1630,95971,2164,633249,1803,729220,California
Contra Costa,2021-05-28,5366,1327849,3749,862830,1443,422918,174,42101,2245,95289,3099,636348,2417,731637,California
Contra Costa,2021-05-29,3250,1331099,2102,864932,1031,423949,117,42218,1623,95412,1617,637965,1740,733377,California
Contra Costa,2021-05-30,926,1332025,585,865517,313,424262,28,42246,360,95236,564,638529,388,733765,California
Contra Costa,2021-05-31,391,1332416,269,865786,110,424372,12,42258,129,95116,260,638789,140,733905,California
Contra Costa,2021-06-01,4798,1337214,3573,869359,1082,425454,143,42401,1718,93913,3064,641853,1861,735766,California
Contra Costa,2021-06-02,3425,1340639,2423,871782,856,426310,146,42547,1399,93441,2016,643869,1544,737310,California
Contra Costa,2021-06-03,5433,1346072,4531,876313,787,427097,115,42662,1458,91046,3968,647837,1573,738883,California
Contra Costa,2021-06-04,6399,1352471,5370,881683,891,427988,138,42800,1619,88036,4764,652601,1754,740637,California
Contra Costa,2021-06-05,5167,1357638,4378,886061,677,428665,112,42912,1112,85215,4043,656644,1222,741859,California
Contra Costa,2021-06-06,1348,1358986,1177,887238,142,428807,29,42941,380,84661,963,657607,409,742268,California
Contra Costa,2021-06-07,4936,1363922,4343,891581,493,429300,100,43041,1409,82655,3516,661123,1510,743778,California
Contra Costa,2021-06-08,6097,1370019,5263,896844,711,430011,123,43164,1438,79572,4645,665768,1562,745340,California
Contra Costa,2021-06-09,4868,1374887,4141,900985,575,430586,152,43316,1258,77388,3595,669363,1411,746751,California
Contra Costa,2021-06-10,4787,1379674,4012,904997,603,431189,172,43488,1241,75272,3529,672892,1413,748164,California
Contra Costa,2021-06-11,4752,1384426,3917,908914,662,431851,173,43661,1253,73211,3486,676378,1425,749589,California
Contra Costa,2021-06-12,3139,1387565,2661,911575,418,432269,60,43721,711,71562,2419,678797,770,750359,California
Contra Costa,2021-06-13,1121,1388686,835,912410,184,432453,102,43823,277,71105,836,679633,379,750738,California
Contra Costa,2021-06-14,3426,1392112,2838,915248,474,432927,114,43937,952,69706,2464,682097,1065,751803,California
Contra Costa,2021-06-15,4026,1396138,3389,918637,504,433431,133,44070,1253,68331,2760,684857,1385,753188,California
Contra Costa,2021-06-16,2274,1398412,1878,920515,253,433684,143,44213,685,67577,1580,686437,826,754014,California
Del Norte,2020-12-21,22,22,22,22,0,0,0,0,22,22,0,0,22,22,California
Del Norte,2020-12-22,45,67,45,67,0,0,0,0,45,67,0,0,45,67,California
Del Norte,2020-12-23,59,126,48,115,11,11,0,0,57,124,0,0,57,124,California
Del Norte,2020-12-28,34,160,34,149,0,11,0,0,34,158,0,0,34,158,California
Del Norte,2020-12-29,4,164,4,153,0,11,0,0,4,162,0,0,4,162,California
Del Norte,2020-12-30,68,232,56,209,12,23,0,0,68,230,0,0,68,230,California
Del Norte,2020-12-31,16,248,13,222,3,26,0,0,16,246,0,0,16,246,California
Del Norte,2021-01-04,102,350,49,271,53,79,0,0,102,348,0,0,102,348,California
Del Norte,2021-01-05,31,381,0,271,31,110,0,0,31,379,0,0,31,379,California
Del Norte,2021-01-06,77,458,18,289,59,169,0,0,77,456,0,0,77,456,California
Del Norte,2021-01-07,21,479,1,290,20,189,0,0,21,477,0,0,21,477,California
Del Norte,2021-01-08,78,557,7,297,71,260,0,0,78,555,0,0,78,555,California
Del Norte,2021-01-11,39,596,20,317,19,279,0,0,18,553,21,21,19,574,California
Del Norte,2021-01-12,50,646,31,348,19,298,0,0,30,563,20,41,30,604,California
Del Norte,2021-01-13,84,730,40,388,44,342,0,0,51,581,33,74,51,655,California
Del Norte,2021-01-14,53,783,14,402,39,381,0,0,47,622,6,80,47,702,California
Del Norte,2021-01-15,107,890,18,420,89,470,0,0,95,705,12,92,95,797,California
Del Norte,2021-01-17,1,891,1,421,0,470,0,0,1,706,0,92,1,798,California
Del Norte,2021-01-18,2,893,0,421,2,472,0,0,2,708,0,92,2,800,California
Del Norte,2021-01-19,119,1012,56,477,63,535,0,0,77,743,42,134,77,877,California
Del Norte,2021-01-20,159,1171,84,561,75,610,0,0,96,776,63,197,96,973,California
Del Norte,2021-01-21,43,1214,40,601,3,613,0,0,32,797,11,208,32,1005,California
Del Norte,2021-01-22,19,1233,17,618,2,615,0,0,12,802,7,215,12,1017,California
Del Norte,2021-01-23,1,1234,0,618,1,616,0,0,1,803,0,215,1,1018,California
Del Norte,2021-01-24,1,1235,0,618,1,617,0,0,1,804,0,215,1,1019,California
Del Norte,2021-01-25,100,1335,82,700,18,635,0,0,56,816,44,259,56,1075,California
Del Norte,2021-01-26,18,1353,11,711,7,642,0,0,7,812,11,270,7,1082,California
Del Norte,2021-01-27,64,1417,21,732,43,685,0,0,61,870,3,273,61,1143,California
Del Norte,2021-01-28,293,1710,20,752,273,958,0,0,288,1153,5,278,288,1431,California
Del Norte,2021-01-29,62,1772,21,773,41,999,0,0,44,1179,18,296,44,1475,California
Del Norte,2021-01-30,8,1780,1,774,7,1006,0,0,8,1187,0,296,8,1483,California
Del Norte,2021-02-01,40,1820,1,775,39,1045,0,0,25,1197,15,311,25,1508,California
Del Norte,2021-02-02,140,1960,34,809,106,1151,0,0,73,1204,66,377,73,1581,California
Del Norte,2021-02-03,129,2089,42,851,87,1238,0,0,74,1223,55,432,74,1655,California
Del Norte,2021-02-04,69,2158,27,878,42,1280,0,0,40,1234,29,461,40,1695,California
Del Norte,2021-02-05,184,2342,22,900,162,1442,0,0,118,1287,65,526,118,1813,California
Del Norte,2021-02-06,309,2651,3,903,306,1748,0,0,309,1596,0,526,309,2122,California
Del Norte,2021-02-08,36,2687,1,904,35,1783,0,0,32,1624,4,530,32,2154,California
Del Norte,2021-02-09,8,2695,5,909,3,1786,0,0,2,1620,6,536,2,2156,California
Del Norte,2021-02-10,142,2837,20,929,122,1908,0,0,86,1651,55,591,86,2242,California
Del Norte,2021-02-11,176,3013,58,987,118,2026,0,0,63,1601,113,704,63,2305,California
Del Norte,2021-02-12,121,3134,14,1001,107,2133,0,0,67,1614,54,758,67,2372,California
Del Norte,2021-02-13,2,3136,1,1002,1,2134,0,0,2,1616,0,758,2,2374,California
Del Norte,2021-02-14,3,3139,1,1003,2,2136,0,0,2,1617,1,759,2,2376,California
Del Norte,2021-02-15,5,3144,0,1003,5,2141,0,0,3,1618,2,761,3,2379,California
Del Norte,2021-02-16,132,3276,1,1004,131,2272,0,0,13,1512,119,880,13,2392,California
Del Norte,2021-02-17,92,3368,19,1023,73,2345,0,0,24,1469,67,947,24,2416,California
Del Norte,2021-02-18,77,3445,24,1047,53,2398,0,0,51,1494,26,973,51,2467,California
Del Norte,2021-02-19,43,3488,17,1064,26,2424,0,0,33,1517,10,983,33,2500,California
Del Norte,2021-02-20,9,3497,6,1070,3,2427,0,0,6,1520,3,986,6,2506,California
Del Norte,2021-02-22,2,3499,0,1070,2,2429,0,0,2,1522,0,986,2,2508,California
Del Norte,2021-02-23,105,3604,88,1158,17,2446,0,0,29,1476,76,1062,30,2538,California
Del Norte,2021-02-24,155,3759,100,1258,55,2501,0,0,80,1481,75,1137,80,2618,California
Del Norte,2021-02-25,478,4237,131,1389,347,2848,0,0,213,1431,263,1400,213,2831,California
Del Norte,2021-02-26,212,4449,175,1564,37,2885,0,0,166,1551,46,1446,166,2997,California
Del Norte,2021-02-27,148,4597,142,1706,5,2890,1,1,141,1686,7,1453,142,3139,California
Del Norte,2021-02-28,3,4600,0,1706,3,2893,0,1,3,1689,0,1453,3,3142,California
Del Norte,2021-03-01,27,4627,2,1708,25,2918,0,1,4,1671,22,1475,4,3146,California
Del Norte,2021-03-02,222,4849,142,1850,80,2998,0,1,188,1825,34,1509,188,3334,California
Del Norte,2021-03-03,176,5025,107,1957,69,3067,0,1,134,1917,42,1551,134,3468,California
Del Norte,2021-03-04,119,5144,82,2039,37,3104,0,1,91,1981,27,1578,91,3559,California
Del Norte,2021-03-05,122,5266,11,2050,111,3215,0,1,74,2007,48,1626,74,3633,California
Del Norte,2021-03-06,464,5730,77,2127,338,3553,49,50,163,1876,301,1927,170,3803,California
Del Norte,2021-03-07,1,5731,1,2128,0,3553,0,50,1,1877,0,1927,1,3804,California
Del Norte,2021-03-08,30,5761,0,2128,28,3581,2,52,6,1862,23,1950,8,3812,California
Del Norte,2021-03-09,194,5955,113,2241,78,3659,3,55,183,2037,11,1961,186,3998,California
Del Norte,2021-03-10,234,6189,95,2336,111,3770,28,83,134,2099,100,2061,162,4160,California
Del Norte,2021-03-11,150,6339,55,2391,90,3860,5,88,102,2158,48,2109,107,4267,California
Del Norte,2021-03-12,178,6517,89,2480,89,3949,0,88,125,2230,53,2162,125,4392,California
Del Norte,2021-03-13,94,6611,93,2573,1,3950,0,88,91,2318,3,2165,91,4483,California
Del Norte,2021-03-14,1,6612,0,2573,1,3951,0,88,0,2317,1,2166,0,4483,California
Del Norte,2021-03-15,38,6650,0,2573,38,3989,0,88,34,2347,4,2170,34,4517,California
Del Norte,2021-03-16,279,6929,134,2707,145,4134,0,88,259,2586,20,2190,259,4776,California
Del Norte,2021-03-17,284,7213,95,2802,187,4321,2,90,170,2644,114,2304,172,4948,California
Del Norte,2021-03-18,285,7498,107,2909,175,4496,3,93,149,2661,135,2439,152,5100,California
Del Norte,2021-03-19,267,7765,158,3067,103,4599,6,99,92,2584,175,2614,98,5198,California
Del Norte,2021-03-20,157,7922,154,3221,3,4602,0,99,15,2457,142,2756,15,5213,California
Del Norte,2021-03-21,4,7926,2,3223,2,4604,0,99,2,2457,2,2758,2,5215,California
Del Norte,2021-03-22,42,7968,2,3225,39,4643,1,100,38,2493,3,2761,39,5254,California
Del Norte,2021-03-23,333,8301,164,3389,151,4794,18,118,163,2505,168,2929,180,5434,California
Del Norte,2021-03-24,395,8696,106,3495,249,5043,40,158,227,2604,168,3097,267,5701,California
Del Norte,2021-03-25,192,8888,88,3583,104,5147,0,158,84,2581,107,3204,84,5785,California
Del Norte,2021-03-26,232,9120,113,3696,119,5266,0,158,195,2739,37,3241,195,5980,California
Del Norte,2021-03-27,107,9227,86,3782,4,5270,17,175,17,2683,90,3331,34,6014,California
Del Norte,2021-03-28,4,9231,2,3784,2,5272,0,175,1,2681,3,3334,1,6015,California
Del Norte,2021-03-29,57,9288,6,3790,34,5306,17,192,32,2705,25,3359,49,6064,California
Del Norte,2021-03-30,338,9626,119,3909,208,5514,11,203,126,2630,212,3571,137,6201,California
Del Norte,2021-03-31,355,9981,100,4009,238,5752,17,220,199,2692,154,3725,216,6417,California
Del Norte,2021-04-01,164,10145,58,4067,72,5824,34,254,69,2701,94,3819,103,6520,California
Del Norte,2021-04-02,233,10378,79,4146,105,5929,49,303,49,2616,184,4003,99,6619,California
Del Norte,2021-04-03,108,10486,83,4229,2,5931,23,326,5,2542,102,4105,28,6647,California
Del Norte,2021-04-04,4,10490,0,4229,0,5931,4,330,0,2542,4,4109,4,6651,California
Del Norte,2021-04-05,46,10536,4,4233,38,5969,4,334,40,2580,6,4115,44,6695,California
Del Norte,2021-04-06,380,10916,120,4353,223,6192,37,371,146,2534,230,4345,184,6879,California
Del Norte,2021-04-07,437,11353,115,4468,261,6453,61,432,289,2737,148,4493,351,7230,California
Del Norte,2021-04-08,229,11582,54,4522,106,6559,69,501,105,2787,124,4617,174,7404,California
Del Norte,2021-04-09,207,11789,47,4569,83,6642,77,578,100,2856,106,4723,175,7579,California
Del Norte,2021-04-10,47,11836,26,4595,4,6646,17,595,27,2880,20,4743,44,7623,California
Del Norte,2021-04-11,10,11846,3,4598,0,6646,7,602,1,2879,9,4752,8,7631,California
Del Norte,2021-04-12,27,11873,1,4599,9,6655,17,619,1,2872,25,4777,18,7649,California
Del Norte,2021-04-13,296,12169,49,4648,247,6902,0,619,155,2886,141,4918,155,7804,California
Del Norte,2021-04-14,330,12499,23,4671,307,7209,0,619,138,2837,192,5110,143,7947,California
Del Norte,2021-04-15,164,12663,31,4702,133,7342,0,619,45,2764,119,5229,46,7993,California
Del Norte,2021-04-16,162,12825,40,4742,122,7464,0,619,60,2723,102,5331,61,8054,California
Del Norte,2021-04-17,106,12931,74,4816,32,7496,0,619,100,2817,6,5337,100,8154,California
Del Norte,2021-04-18,6,12937,5,4821,1,7497,0,619,5,2821,1,5338,5,8159,California
Del Norte,2021-04-19,50,12987,6,4827,44,7541,0,619,8,2787,42,5380,8,8167,California
Del Norte,2021-04-20,206,13193,40,4867,166,7707,0,619,72,2725,134,5514,72,8239,California
Del Norte,2021-04-21,290,13483,24,4891,266,7973,0,619,66,2570,224,5738,69,8308,California
Del Norte,2021-04-22,114,13597,15,4906,99,8072,0,619,62,2580,52,5790,62,8370,California
Del Norte,2021-04-23,150,13747,22,4928,128,8200,0,619,39,2508,111,5901,39,8409,California
Del Norte,2021-04-24,26,13773,15,4943,11,8211,0,619,21,2524,5,5906,21,8430,California
Del Norte,2021-04-25,2,13775,0,4943,2,8213,0,619,2,2526,0,5906,2,8432,California
Del Norte,2021-04-26,31,13806,0,4943,31,8244,0,619,9,2513,22,5928,9,8441,California
Del Norte,2021-04-27,181,13987,21,4964,155,8399,5,624,51,2439,130,6058,56,8497,California
Del Norte,2021-04-28,351,14338,100,5064,246,8645,5,629,63,2221,287,6345,69,8566,California
Del Norte,2021-04-29,93,14431,6,5070,83,8728,4,633,26,2184,67,6412,30,8596,California
Del Norte,2021-04-30,87,14518,7,5077,70,8798,10,643,47,2201,40,6452,57,8653,California
Del Norte,2021-05-01,7,14525,2,5079,5,8803,0,643,5,2204,2,6454,5,8658,California
Del Norte,2021-05-02,8,14533,0,5079,8,8811,0,643,8,2212,0,6454,8,8666,California
Del Norte,2021-05-03,40,14573,3,5082,34,8845,3,646,2,2180,37,6491,5,8671,California
Del Norte,2021-05-04,222,14795,36,5118,181,9026,5,651,47,2057,175,6666,52,8723,California
Del Norte,2021-05-05,234,15029,20,5138,206,9232,8,659,59,1950,174,6840,67,8790,California
Del Norte,2021-05-06,112,15141,26,5164,73,9305,13,672,26,1903,86,6926,39,8829,California
Del Norte,2021-05-07,151,15292,28,5192,119,9424,4,676,31,1818,120,7046,35,8864,California
Del Norte,2021-05-08,64,15356,55,5247,7,9431,2,678,6,1768,58,7104,8,8872,California
Del Norte,2021-05-09,9,15365,4,5251,2,9433,3,681,2,1766,7,7111,5,8877,California
Del Norte,2021-05-10,24,15389,3,5254,17,9450,4,685,14,1774,10,7121,18,8895,California
Del Norte,2021-05-11,171,15560,49,5303,120,9570,2,687,34,1673,137,7258,36,8931,California
Del Norte,2021-05-12,150,15710,24,5327,116,9686,10,697,27,1588,122,7380,37,8968,California
Del Norte,2021-05-13,68,15778,30,5357,37,9723,1,698,38,1597,30,7410,39,9007,California
Del Norte,2021-05-14,76,15854,26,5383,49,9772,1,699,41,1604,35,7445,42,9049,California
Del Norte,2021-05-15,97,15951,54,5437,37,9809,6,705,53,1619,44,7489,59,9108,California
Del Norte,2021-05-16,11,15962,0,5437,11,9820,0,705,11,1630,0,7489,11,9119,California
Del Norte,2021-05-17,26,15988,3,5440,20,9840,3,708,15,1637,11,7500,18,9137,California
Del Norte,2021-05-18,127,16115,69,5509,58,9898,0,708,80,1670,47,7547,80,9217,California
Del Norte,2021-05-19,97,16212,14,5523,66,9964,17,725,39,1667,58,7605,55,9272,California
Del Norte,2021-05-20,97,16309,30,5553,64,10028,3,728,38,1650,58,7663,41,9313,California
Del Norte,2021-05-21,82,16391,34,5587,45,10073,3,731,45,1661,37,7700,48,9361,California
Del Norte,2021-05-22,24,16415,8,5595,16,10089,0,731,11,1660,12,7712,11,9372,California
Del Norte,2021-05-23,14,16429,5,5600,9,10098,0,731,7,1660,7,7719,7,9379,California
Del Norte,2021-05-24,26,16455,10,5610,16,10114,0,731,17,1668,9,7728,17,9396,California
Del Norte,2021-05-25,44,16499,5,5615,33,10147,6,737,15,1662,27,7755,21,9417,California
Del Norte,2021-05-26,115,16614,36,5651,72,10219,7,744,52,1659,62,7817,59,9476,California
Del Norte,2021-05-27,74,16688,28,5679,42,10261,4,748,35,1659,39,7856,39,9515,California
Del Norte,2021-05-28,51,16739,6,5685,37,10298,8,756,7,1630,44,7900,15,9530,California
Del Norte,2021-05-29,8,16747,0,5685,4,10302,4,760,3,1632,5,7905,7,9537,California
Del Norte,2021-05-30,7,16754,1,5686,6,10308,0,760,2,1629,5,7910,2,9539,California
Del Norte,2021-05-31,4,16758,2,5688,2,10310,0,760,3,1631,1,7911,3,9542,California
Del Norte,2021-06-01,52,16810,6,5694,39,10349,7,767,11,1608,41,7952,18,9560,California
Del Norte,2021-06-02,84,16894,11,5705,68,10417,5,772,19,1567,65,8017,24,9584,California
Del Norte,2021-06-03,61,16955,36,5741,23,10440,2,774,27,1562,34,8051,29,9613,California
Del Norte,2021-06-04,69,17024,23,5764,41,10481,5,779,19,1536,50,8101,24,9637,California
Del Norte,2021-06-05,1,17025,0,5764,1,10482,0,779,0,1535,1,8102,0,9637,California
Del Norte,2021-06-06,10,17035,4,5768,4,10486,2,781,7,1541,3,8105,9,9646,California
Del Norte,2021-06-07,40,17075,9,5777,26,10512,5,786,15,1536,25,8130,20,9666,California
Del Norte,2021-06-08,112,17187,81,5858,26,10538,5,791,33,1495,79,8209,38,9704,California
Del Norte,2021-06-09,58,17245,11,5869,40,10578,7,798,18,1480,40,8249,25,9729,California
Del Norte,2021-06-10,54,17299,24,5893,23,10601,7,805,9,1452,44,8293,16,9745,California
Del Norte,2021-06-11,59,17358,23,5916,27,10628,9,814,14,1430,45,8338,23,9768,California
Del Norte,2021-06-12,17,17375,3,5919,11,10639,3,817,2,1420,15,8353,5,9773,California
Del Norte,2021-06-13,63,17438,45,5964,13,10652,5,822,15,1392,48,8401,20,9793,California
Del Norte,2021-06-14,27,17465,7,5971,16,10668,4,826,12,1393,15,8416,16,9809,California
Del Norte,2021-06-15,29,17494,8,5979,13,10681,8,834,4,1380,25,8441,12,9821,California
Del Norte,2021-06-16,71,17565,29,6008,36,10717,6,840,11,1337,60,8501,17,9838,California
El Dorado,2020-12-15,12,12,12,12,0,0,0,0,12,12,0,0,12,12,California
El Dorado,2020-12-16,40,52,40,52,0,0,0,0,40,52,0,0,40,52,California
El Dorado,2020-12-17,32,84,32,84,0,0,0,0,32,84,0,0,32,84,California
El Dorado,2020-12-18,261,345,261,345,0,0,0,0,261,345,0,0,261,345,California
El Dorado,2020-12-19,120,465,120,465,0,0,0,0,120,465,0,0,120,465,California
El Dorado,2020-12-20,85,550,85,550,0,0,0,0,85,550,0,0,85,550,California
El Dorado,2020-12-21,312,862,310,860,2,2,0,0,311,860,1,1,311,861,California
El Dorado,2020-12-22,243,1105,219,1079,24,26,0,0,243,1103,0,1,243,1104,California
El Dorado,2020-12-23,191,1296,141,1220,50,76,0,0,191,1294,0,1,191,1295,California
El Dorado,2020-12-24,86,1382,65,1285,21,97,0,0,86,1380,0,1,86,1381,California
El Dorado,2020-12-25,8,1390,8,1293,0,97,0,0,8,1388,0,1,8,1389,California
El Dorado,2020-12-26,45,1435,27,1320,18,115,0,0,45,1433,0,1,45,1434,California
El Dorado,2020-12-27,38,1473,34,1354,4,119,0,0,38,1471,0,1,38,1472,California
El Dorado,2020-12-28,215,1688,167,1521,48,167,0,0,215,1686,0,1,215,1687,California
El Dorado,2020-12-29,463,2151,145,1666,318,485,0,0,463,2149,0,1,463,2150,California
El Dorado,2020-12-30,509,2660,139,1805,370,855,0,0,509,2658,0,1,509,2659,California
El Dorado,2020-12-31,110,2770,68,1873,42,897,0,0,110,2768,0,1,110,2769,California
El Dorado,2021-01-01,6,2776,4,1877,2,899,0,0,6,2774,0,1,6,2775,California
El Dorado,2021-01-02,151,2927,139,2016,12,911,0,0,151,2925,0,1,151,2926,California
El Dorado,2021-01-03,93,3020,17,2033,76,987,0,0,93,3018,0,1,93,3019,California
El Dorado,2021-01-04,190,3210,62,2095,128,1115,0,0,190,3208,0,1,190,3209,California
El Dorado,2021-01-05,230,3440,74,2169,156,1271,0,0,213,3404,17,18,213,3422,California
El Dorado,2021-01-06,242,3682,168,2337,74,1345,0,0,176,3515,65,83,176,3598,California
El Dorado,2021-01-07,333,4015,136,2473,197,1542,0,0,257,3696,76,159,257,3855,California
El Dorado,2021-01-08,982,4997,506,2979,476,2018,0,0,764,4242,218,377,764,4619,California
El Dorado,2021-01-09,196,5193,160,3139,36,2054,0,0,124,4294,72,449,124,4743,California
El Dorado,2021-01-10,183,5376,132,3271,51,2105,0,0,111,4334,72,521,112,4855,California
El Dorado,2021-01-11,663,6039,296,3567,367,2472,0,0,460,4595,199,720,460,5315,California
El Dorado,2021-01-12,808,6847,427,3994,381,2853,0,0,557,4901,251,971,557,5872,California
El Dorado,2021-01-13,707,7554,301,4295,406,3259,0,0,541,5277,166,1137,542,6414,California
El Dorado,2021-01-14,801,8355,223,4518,578,3837,0,0,705,5887,96,1233,706,7120,California
El Dorado,2021-01-15,797,9152,187,4705,610,4447,0,0,723,6536,74,1307,723,7843,California
El Dorado,2021-01-16,178,9330,105,4810,73,4520,0,0,151,6660,27,1334,151,7994,California
El Dorado,2021-01-17,105,9435,50,4860,55,4575,0,0,87,6729,18,1352,87,8081,California
El Dorado,2021-01-18,429,9864,146,5006,283,4858,0,0,358,7016,71,1423,358,8439,California
El Dorado,2021-01-19,753,10617,450,5456,303,5161,0,0,601,7466,152,1575,602,9041,California
El Dorado,2021-01-20,1015,11632,689,6145,326,5487,0,0,902,8256,112,1687,902,9943,California
El Dorado,2021-01-21,1271,12903,680,6825,591,6078,0,0,1064,9154,166,1853,1064,11007,California
El Dorado,2021-01-22,1230,14133,831,7656,399,6477,0,0,1175,10275,54,1907,1175,12182,California
El Dorado,2021-01-23,733,14866,610,8266,123,6600,0,0,623,10788,110,2017,623,12805,California
El Dorado,2021-01-24,127,14993,77,8343,50,6650,0,0,107,10875,20,2037,107,12912,California
El Dorado,2021-01-25,702,15695,292,8635,410,7060,0,0,615,11403,87,2124,615,13527,California
El Dorado,2021-01-26,691,16386,376,9011,315,7375,0,0,583,11878,108,2232,583,14110,California
El Dorado,2021-01-27,998,17384,396,9407,602,7977,0,0,658,12195,341,2573,658,14768,California
El Dorado,2021-01-28,1110,18494,454,9861,656,8633,0,0,747,12579,363,2936,747,15515,California
El Dorado,2021-01-29,1052,19546,560,10421,492,9125,0,0,759,13047,292,3228,760,16275,California
El Dorado,2021-01-30,550,20096,295,10716,255,9380,0,0,453,13404,96,3324,453,16728,California
El Dorado,2021-01-31,240,20336,217,10933,23,9403,0,0,186,13537,53,3377,186,16914,California
El Dorado,2021-02-01,797,21133,367,11300,430,9833,0,0,650,14040,147,3524,650,17564,California
El Dorado,2021-02-02,849,21982,371,11671,478,10311,0,0,684,14559,165,3689,684,18248,California
El Dorado,2021-02-03,909,22891,479,12150,430,10741,0,0,697,15044,212,3901,697,18945,California
El Dorado,2021-02-04,1257,24148,708,12858,549,11290,0,0,880,15547,377,4278,880,19825,California
El Dorado,2021-02-05,1496,25644,607,13465,889,12179,0,0,870,15828,589,4867,870,20695,California
El Dorado,2021-02-06,637,26281,334,13799,303,12482,0,0,529,16250,108,4975,530,21225,California
El Dorado,2021-02-07,260,26541,178,13977,82,12564,0,0,193,16376,67,5042,193,21418,California
El Dorado,2021-02-08,889,27430,424,14401,465,13029,0,0,611,16709,278,5320,611,22029,California
El Dorado,2021-02-09,972,28402,546,14947,426,13455,0,0,546,16829,426,5746,546,22575,California
El Dorado,2021-02-10,1267,29669,741,15688,526,13981,0,0,667,16897,599,6345,667,23242,California
El Dorado,2021-02-11,2162,31831,896,16584,1266,15247,0,0,759,16257,1400,7745,760,24002,California
El Dorado,2021-02-12,1575,33406,822,17406,753,16000,0,0,672,16028,902,8647,673,24675,California
El Dorado,2021-02-13,974,34380,663,18069,311,16311,0,0,438,15931,535,9182,438,25113,California
El Dorado,2021-02-14,490,34870,153,18222,337,16648,0,0,399,16239,91,9273,399,25512,California
El Dorado,2021-02-15,1183,36053,384,18606,799,17447,0,0,822,16704,361,9634,826,26338,California
El Dorado,2021-02-16,1213,37266,535,19141,678,18125,0,0,673,16839,539,10173,674,27012,California
El Dorado,2021-02-17,960,38226,424,19565,536,18661,0,0,466,16812,494,10667,467,27479,California
El Dorado,2021-02-18,2103,40329,1029,20594,1074,19735,0,0,1069,16848,1033,11700,1069,28548,California
El Dorado,2021-02-19,1230,41559,659,21253,571,20306,0,0,691,17001,538,12238,691,29239,California
El Dorado,2021-02-20,947,42506,452,21705,495,20801,0,0,680,17419,262,12500,680,29919,California
El Dorado,2021-02-21,290,42796,232,21937,58,20859,0,0,103,17335,187,12687,103,30022,California
El Dorado,2021-02-22,885,43681,441,22378,444,21303,0,0,277,17005,607,13294,277,30299,California
El Dorado,2021-02-23,870,44551,493,22871,377,21680,0,0,354,16845,514,13808,354,30653,California
El Dorado,2021-02-24,1037,45588,448,23319,589,22269,0,0,431,16670,606,14414,431,31084,California
El Dorado,2021-02-25,1928,47516,1160,24479,768,23037,0,0,697,16145,1224,15638,699,31783,California
El Dorado,2021-02-26,2420,49936,1508,25987,912,23949,0,0,1628,16984,789,16427,1628,33411,California
El Dorado,2021-02-27,1708,51644,445,26432,1263,25212,0,0,1259,17797,446,16873,1259,34670,California
El Dorado,2021-02-28,660,52304,225,26657,435,25647,0,0,495,18128,165,17038,496,35166,California
El Dorado,2021-03-01,1165,53469,469,27126,694,26341,2,2,644,18254,520,17558,646,35812,California
El Dorado,2021-03-02,938,54407,275,27401,662,27003,1,3,494,18307,442,18000,495,36307,California
El Dorado,2021-03-03,1713,56120,471,27872,1242,28245,0,3,1167,18937,539,18539,1169,37476,California
El Dorado,2021-03-04,2540,58660,1562,29434,978,29223,0,3,1209,18818,1328,19867,1209,38685,California
El Dorado,2021-03-05,1598,60258,434,29868,1159,30382,5,8,1058,19347,534,20401,1063,39748,California
El Dorado,2021-03-06,746,61004,219,30087,494,30876,33,41,396,19427,349,20750,429,40177,California
El Dorado,2021-03-07,413,61417,200,30287,195,31071,18,59,253,19540,158,20908,271,40448,California
El Dorado,2021-03-08,1345,62762,371,30658,901,31972,73,132,872,20014,470,21378,944,41392,California
El Dorado,2021-03-09,993,63755,231,30889,693,32665,69,201,589,20283,389,21767,658,42050,California
El Dorado,2021-03-10,964,64719,348,31237,559,33224,57,258,556,20493,402,22169,612,42662,California
El Dorado,2021-03-11,3043,67762,1846,33083,1010,34234,187,445,1292,20240,1729,23898,1476,44138,California
El Dorado,2021-03-12,1809,69571,630,33713,928,35162,251,696,750,20200,1041,24939,1001,45139,California
El Dorado,2021-03-13,1076,70647,352,34065,440,35602,284,980,372,20153,700,25639,653,45792,California
El Dorado,2021-03-14,796,71443,202,34267,483,36085,111,1091,276,20020,520,26159,387,46179,California
El Dorado,2021-03-15,1417,72860,304,34571,982,37067,131,1222,616,19971,797,26956,748,46927,California
El Dorado,2021-03-16,1236,74096,423,34994,668,37735,145,1367,568,20021,663,27619,713,47640,California
El Dorado,2021-03-17,1155,75251,369,35363,685,38420,101,1468,747,20462,407,28026,848,48488,California
El Dorado,2021-03-18,3027,78278,1790,37153,1194,39614,43,1511,1995,21476,1024,29050,2038,50526,California
El Dorado,2021-03-19,1122,79400,360,37513,609,40223,153,1664,624,21754,498,29548,776,51302,California
El Dorado,2021-03-20,959,80359,267,37780,676,40899,16,1680,377,21577,570,30118,393,51695,California
El Dorado,2021-03-21,1042,81401,424,38204,613,41512,5,1685,929,22400,111,30229,934,52629,California
El Dorado,2021-03-22,1511,82912,488,38692,941,42453,82,1767,1189,23354,317,30546,1271,53900,California
El Dorado,2021-03-23,1159,84071,458,39150,605,43058,96,1863,738,23779,409,30955,834,54734,California
El Dorado,2021-03-24,1467,85538,636,39786,636,43694,195,2058,665,23864,775,31730,860,55594,California
El Dorado,2021-03-25,2530,88068,1698,41484,725,44419,107,2165,1381,24210,1143,32873,1489,57083,California
El Dorado,2021-03-26,1834,89902,704,42188,1017,45436,113,2278,929,24370,882,33755,1042,58125,California
El Dorado,2021-03-27,1340,91242,189,42377,1147,46583,4,2282,317,23674,1017,34772,321,58446,California
El Dorado,2021-03-28,643,91885,187,42564,445,47028,11,2293,166,23378,473,35245,177,58623,California
El Dorado,2021-03-29,1326,93211,435,42999,875,47903,16,2309,827,23725,496,35741,843,59466,California
El Dorado,2021-03-30,1379,94590,422,43421,860,48763,97,2406,686,23821,685,36426,781,60247,California
El Dorado,2021-03-31,1569,96159,582,44003,919,49682,68,2474,689,23698,878,37304,755,61002,California
El Dorado,2021-04-01,3249,99408,1775,45778,1391,51073,83,2557,1543,23622,1703,39007,1627,62629,California
El Dorado,2021-04-02,1905,101313,568,46346,1240,52313,97,2654,748,23316,1151,40158,845,63474,California
El Dorado,2021-04-03,756,102069,301,46647,335,52648,120,2774,231,23145,522,40680,351,63825,California
El Dorado,2021-04-04,273,102342,83,46730,143,52791,47,2821,97,23114,175,40855,144,63969,California
El Dorado,2021-04-05,1428,103770,424,47154,911,53702,93,2914,591,22966,831,41686,683,64652,California
El Dorado,2021-04-06,1428,105198,533,47687,674,54376,221,3135,454,22668,970,42656,672,65324,California
El Dorado,2021-04-07,1610,106808,570,48257,588,54964,452,3587,563,22636,1044,43700,1012,66336,California
El Dorado,2021-04-08,2710,109518,1747,50004,725,55689,238,3825,1122,22415,1580,45280,1359,67695,California
El Dorado,2021-04-09,1443,110961,454,50458,769,56458,220,4045,573,22339,867,46147,791,68486,California
El Dorado,2021-04-10,825,111786,225,50683,490,56948,110,4155,478,22583,344,46491,588,69074,California
El Dorado,2021-04-11,707,112493,456,51139,235,57183,16,4171,209,22311,497,46988,225,69299,California
El Dorado,2021-04-12,1297,113790,505,51644,642,57825,150,4321,567,22305,722,47710,716,70015,California
El Dorado,2021-04-13,1130,114920,617,52261,513,58338,0,4321,512,22205,612,48322,512,70527,California
El Dorado,2021-04-14,1100,116020,470,52731,629,58967,1,4322,382,21883,705,49027,383,70910,California
El Dorado,2021-04-15,2522,118542,1700,54431,822,59789,0,4322,959,21292,1560,50587,969,71879,California
El Dorado,2021-04-16,1481,120023,525,54956,956,60745,0,4322,612,21040,865,51452,613,72492,California
El Dorado,2021-04-17,814,120837,205,55161,609,61354,0,4322,500,21230,311,51763,501,72993,California
El Dorado,2021-04-18,1037,121874,88,55249,949,62303,0,4322,409,21017,627,52390,414,73407,California
El Dorado,2021-04-19,1732,123606,439,55688,1293,63596,0,4322,694,20682,1032,53422,697,74104,California
El Dorado,2021-04-20,1111,124717,364,56052,747,64343,0,4322,456,20488,651,54073,457,74561,California
El Dorado,2021-04-21,1158,125875,462,56514,692,65035,4,4326,591,20521,559,54632,592,75153,California
El Dorado,2021-04-22,2559,128434,1688,58202,871,65906,0,4326,1065,20095,1491,56123,1065,76218,California
El Dorado,2021-04-23,1414,129848,505,58707,909,66815,0,4326,725,20135,686,56809,726,76944,California
El Dorado,2021-04-24,973,130821,522,59229,451,67266,0,4326,736,20636,235,57044,736,77680,California
El Dorado,2021-04-25,656,131477,450,59679,206,67472,0,4326,470,20920,186,57230,470,78150,California
El Dorado,2021-04-26,1196,132673,483,60162,696,68168,17,4343,561,20865,632,57862,577,78727,California
El Dorado,2021-04-27,1125,133798,419,60581,668,68836,38,4381,500,20785,618,58480,538,79265,California
El Dorado,2021-04-28,1069,134867,357,60938,672,69508,40,4421,435,20627,633,59113,475,79740,California
El Dorado,2021-04-29,1985,136852,1361,62299,592,70100,32,4453,588,19853,1394,60507,620,80360,California
El Dorado,2021-04-30,2130,138982,1343,63642,746,70846,41,4494,1366,20507,752,61259,1406,81766,California
El Dorado,2021-05-01,617,139599,282,63924,307,71153,28,4522,277,20479,333,61592,305,82071,California
El Dorado,2021-05-02,304,139903,217,64141,58,71211,29,4551,102,20410,199,61791,130,82201,California
El Dorado,2021-05-03,825,140728,401,64542,373,71584,51,4602,277,20195,544,62335,329,82530,California
El Dorado,2021-05-04,885,141613,436,64978,389,71973,60,4662,313,20000,568,62903,373,82903,California
El Dorado,2021-05-05,878,142491,434,65412,370,72343,74,4736,419,20036,457,63360,493,83396,California
El Dorado,2021-05-06,1117,143608,485,65897,584,72927,48,4784,476,19921,635,63995,520,83916,California
El Dorado,2021-05-07,982,144590,379,66276,545,73472,58,4842,398,19792,584,64579,455,84371,California
El Dorado,2021-05-08,491,145081,154,66430,300,73772,37,4879,186,19712,303,64882,223,84594,California
El Dorado,2021-05-09,221,145302,82,66512,112,73884,27,4906,103,19725,117,64999,130,84724,California
El Dorado,2021-05-10,827,146129,273,66785,496,74380,58,4964,243,19449,575,65574,299,85023,California
El Dorado,2021-05-11,682,146811,296,67081,323,74703,63,5027,293,19420,386,65960,357,85380,California
El Dorado,2021-05-12,646,147457,339,67420,265,74968,42,5069,274,19365,372,66332,317,85697,California
El Dorado,2021-05-13,1255,148712,793,68213,422,75390,40,5109,474,19103,775,67107,513,86210,California
El Dorado,2021-05-14,1414,150126,819,69032,511,75901,84,5193,682,19142,727,67834,766,86976,California
El Dorado,2021-05-15,903,151029,557,69589,289,76190,57,5250,320,18936,583,68417,377,87353,California
El Dorado,2021-05-16,663,151692,462,70051,175,76365,26,5276,231,18761,432,68849,257,87610,California
El Dorado,2021-05-17,1573,153265,666,70717,858,77223,49,5325,564,18368,1005,69854,612,88222,California
El Dorado,2021-05-18,1024,154289,519,71236,451,77674,54,5379,444,18287,579,70433,498,88720,California
El Dorado,2021-05-19,818,155107,334,71570,431,78105,53,5432,320,18168,491,70924,372,89092,California
El Dorado,2021-05-20,1179,156286,658,72228,448,78553,73,5505,449,17962,727,71651,521,89613,California
El Dorado,2021-05-21,2334,158620,1741,73969,551,79104,42,5547,819,17312,1511,73162,861,90474,California
El Dorado,2021-05-22,703,159323,204,74173,463,79567,36,5583,227,17100,475,73637,263,90737,California
El Dorado,2021-05-23,288,159611,115,74288,144,79711,29,5612,92,17027,194,73831,121,90858,California
El Dorado,2021-05-24,884,160495,454,74742,361,80072,69,5681,313,16840,567,74398,380,91238,California
El Dorado,2021-05-25,605,161100,252,74994,317,80389,36,5717,228,16730,374,74772,264,91502,California
El Dorado,2021-05-26,802,161902,394,75388,384,80773,24,5741,282,16517,519,75291,306,91808,California
El Dorado,2021-05-27,624,162526,247,75635,343,81116,34,5775,318,16564,304,75595,351,92159,California
El Dorado,2021-05-28,728,163254,251,75886,413,81529,64,5839,307,16517,418,76013,371,92530,California
El Dorado,2021-05-29,385,163639,106,75992,263,81792,16,5855,168,16484,217,76230,184,92714,California
El Dorado,2021-05-30,172,163811,101,76093,57,81849,14,5869,84,16494,88,76318,98,92812,California
El Dorado,2021-05-31,35,163846,10,76103,14,81863,11,5880,8,16486,27,76345,19,92831,California
El Dorado,2021-06-01,679,164525,292,76395,349,82212,38,5918,235,16318,441,76786,273,93104,California
El Dorado,2021-06-02,630,165155,300,76695,280,82492,50,5968,262,16263,367,77153,312,93416,California
El Dorado,2021-06-03,730,165885,339,77034,348,82840,43,6011,184,15945,546,77699,228,93644,California
El Dorado,2021-06-04,884,166769,528,77562,322,83162,34,6045,188,15473,694,78393,222,93866,California
El Dorado,2021-06-05,387,167156,222,77784,153,83315,12,6057,84,15267,302,78695,96,93962,California
El Dorado,2021-06-06,277,167433,192,77976,69,83384,16,6073,51,15108,225,78920,66,94028,California
El Dorado,2021-06-07,787,168220,487,78463,260,83644,40,6113,173,14714,607,79527,213,94241,California
El Dorado,2021-06-08,631,168851,383,78846,215,83859,33,6146,129,14376,499,80026,161,94402,California
El Dorado,2021-06-09,459,169310,271,79117,163,84022,25,6171,106,14155,352,80378,131,94533,California
El Dorado,2021-06-10,585,169895,367,79484,189,84211,29,6200,158,13918,424,80802,187,94720,California
El Dorado,2021-06-11,661,170556,394,79878,221,84432,46,6246,132,13568,528,81330,178,94898,California
El Dorado,2021-06-12,258,170814,152,80030,88,84520,18,6264,62,13453,195,81525,80,94978,California
El Dorado,2021-06-13,156,170970,86,80116,53,84573,17,6281,35,13385,120,81645,52,95030,California
El Dorado,2021-06-14,472,171442,320,80436,122,84695,30,6311,124,13191,348,81993,154,95184,California
El Dorado,2021-06-15,429,171871,231,80667,162,84857,36,6347,115,13029,313,82306,151,95335,California
El Dorado,2021-06-16,204,172075,151,80818,47,84904,6,6353,40,12912,163,82469,46,95381,California
Fresno,2020-12-15,2,2,2,2,0,0,0,0,2,2,0,0,2,2,California
Fresno,2020-12-16,125,127,125,127,0,0,0,0,125,127,0,0,125,127,California
Fresno,2020-12-17,122,249,122,249,0,0,0,0,122,249,0,0,122,249,California
Fresno,2020-12-18,349,598,349,598,0,0,0,0,349,598,0,0,349,598,California
Fresno,2020-12-19,163,761,163,761,0,0,0,0,163,761,0,0,163,761,California
Fresno,2020-12-20,257,1018,255,1016,2,2,0,0,257,1018,0,0,257,1018,California
Fresno,2020-12-21,924,1942,922,1938,2,4,0,0,954,1972,0,0,954,1972,California
Fresno,2020-12-22,905,2847,874,2812,31,35,0,0,909,2881,0,0,909,2881,California
Fresno,2020-12-23,1085,3932,1045,3857,40,75,0,0,1086,3967,0,0,1086,3967,California
Fresno,2020-12-24,592,4524,566,4423,26,101,0,0,592,4559,0,0,592,4559,California
Fresno,2020-12-25,3,4527,1,4424,2,103,0,0,3,4562,0,0,3,4562,California
Fresno,2020-12-26,724,5251,715,5139,9,112,0,0,724,5286,0,0,724,5286,California
Fresno,2020-12-27,307,5558,208,5347,99,211,0,0,307,5593,0,0,307,5593,California
Fresno,2020-12-28,1096,6654,802,6149,294,505,0,0,1096,6689,0,0,1096,6689,California
Fresno,2020-12-29,1760,8414,996,7145,764,1269,0,0,1758,8446,1,1,1758,8447,California
Fresno,2020-12-30,984,9398,446,7591,538,1807,0,0,984,9430,0,1,984,9431,California
Fresno,2020-12-31,927,10325,310,7901,617,2424,0,0,926,10356,0,1,926,10357,California
Fresno,2021-01-01,10,10335,3,7904,7,2431,0,0,10,10366,0,1,10,10367,California
Fresno,2021-01-02,1028,11363,712,8616,316,2747,0,0,1028,11394,0,1,1028,11395,California
Fresno,2021-01-03,155,11518,129,8745,26,2773,0,0,155,11549,0,1,155,11550,California
Fresno,2021-01-04,625,12143,379,9124,246,3019,0,0,624,12172,1,2,624,12174,California
Fresno,2021-01-05,781,12924,311,9435,470,3489,0,0,707,12805,74,76,707,12881,California
Fresno,2021-01-06,988,13912,347,9782,641,4130,0,0,814,13445,174,250,814,13695,California
Fresno,2021-01-07,1898,15810,918,10700,980,5110,0,0,1641,14832,257,507,1644,15339,California
Fresno,2021-01-08,1789,17599,614,11314,1175,6285,0,0,1424,15894,363,870,1425,16764,California
Fresno,2021-01-09,641,18240,393,11707,248,6533,0,0,361,15975,280,1150,361,17125,California
Fresno,2021-01-10,517,18757,487,12194,30,6563,0,0,204,15866,313,1463,204,17329,California
Fresno,2021-01-11,2220,20977,1805,13999,415,6978,0,0,1526,16702,694,2157,1530,18859,California
Fresno,2021-01-12,2526,23503,1827,15826,699,7677,0,0,1675,17526,853,3010,1677,20536,California
Fresno,2021-01-13,3562,27065,2435,18261,1127,8804,0,0,2708,19384,854,3864,2712,23248,California
Fresno,2021-01-14,4145,31210,2186,20447,1959,10763,0,0,3670,22581,473,4337,3670,26918,California
Fresno,2021-01-15,3665,34875,2536,22983,1129,11892,0,0,3305,25530,360,4697,3309,30227,California
Fresno,2021-01-16,3146,38021,2310,25293,836,12728,0,0,2675,27737,470,5167,2677,32904,California
Fresno,2021-01-17,979,39000,557,25850,422,13150,0,0,779,28316,200,5367,779,33683,California
Fresno,2021-01-18,3079,42079,2373,28223,706,13856,0,0,2422,30085,655,6022,2424,36107,California
Fresno,2021-01-19,4406,46485,2625,30848,1781,15637,0,0,3689,33061,717,6739,3693,39800,California
Fresno,2021-01-20,3027,49512,1217,32065,1810,17447,0,0,2711,35461,314,7053,2714,42514,California
Fresno,2021-01-21,4395,53907,2039,34104,2356,19803,0,0,4035,39165,337,7390,4041,46555,California
Fresno,2021-01-22,3308,57215,1347,35451,1961,21764,0,0,2923,41720,369,7759,2924,49479,California
Fresno,2021-01-23,3055,60270,1980,37431,1075,22839,0,0,2330,43332,723,8482,2335,51814,California
Fresno,2021-01-24,560,60830,377,37808,183,23022,0,0,351,43476,209,8691,353,52167,California
Fresno,2021-01-25,2438,63268,864,38672,1574,24596,0,0,1859,44760,578,9269,1862,54029,California
Fresno,2021-01-26,2086,65354,593,39265,1493,26089,0,0,1323,45323,761,10030,1324,55353,California
Fresno,2021-01-27,2312,67666,1138,40403,1174,27263,0,0,1732,46479,579,10609,1735,57088,California
Fresno,2021-01-28,4559,72225,3055,43458,1504,28767,0,0,3483,48892,1073,11682,3486,60574,California
Fresno,2021-01-29,1705,73930,977,44435,728,29495,0,0,1402,49998,299,11981,1405,61979,California
Fresno,2021-01-30,1445,75375,547,44982,898,30393,0,0,1024,50601,421,12402,1024,63003,California
Fresno,2021-01-31,230,75605,219,45201,11,30404,0,0,76,50523,154,12556,76,63079,California
Fresno,2021-02-01,3342,78947,1667,46868,1675,32079,0,0,1783,50759,1557,14113,1793,64872,California
Fresno,2021-02-02,2731,81678,558,47426,2173,34252,0,0,1588,51235,1128,15241,1604,66476,California
Fresno,2021-02-03,3558,85236,2105,49531,1453,35705,0,0,1545,50777,2004,17245,1546,68022,California
Fresno,2021-02-04,4192,89428,1893,51424,2299,38004,0,0,1925,50470,2237,19482,1930,69952,California
Fresno,2021-02-05,5333,94761,2725,54149,2608,40612,0,0,2295,49742,3027,22509,2299,72251,California
Fresno,2021-02-06,2927,97688,2038,56187,889,41501,0,0,967,48759,1951,24460,968,73219,California
Fresno,2021-02-07,469,98157,287,56474,182,41683,0,0,273,48837,195,24655,273,73492,California
Fresno,2021-02-08,4279,102436,2287,58761,1992,43675,0,0,1805,48193,2458,27113,1814,75306,California
Fresno,2021-02-09,5328,107764,2094,60855,3234,46909,0,0,3112,49176,2139,29252,3122,78428,California
Fresno,2021-02-10,3887,111651,1234,62089,2653,49562,0,0,1972,49302,1858,31110,1984,80412,California
Fresno,2021-02-11,6446,118097,2086,64175,4360,53922,0,0,3346,49571,3082,34192,3351,83763,California
Fresno,2021-02-12,5401,123498,1392,65567,4009,57931,0,0,2726,49660,2646,36838,2735,86498,California
Fresno,2021-02-13,3750,127248,1562,67129,2188,60119,0,0,2085,50105,1645,38483,2090,88588,California
Fresno,2021-02-14,1568,128816,282,67411,1286,61405,0,0,838,50220,725,39208,840,89428,California
Fresno,2021-02-15,2893,131709,268,67679,2625,64030,0,0,1797,50929,1092,40300,1801,91229,California
Fresno,2021-02-16,6687,138396,2402,70081,4285,68315,0,0,4230,52727,2438,42738,4236,95465,California
Fresno,2021-02-17,5320,143716,2445,72526,2875,71190,0,0,2988,53431,2288,45026,2992,98457,California
Fresno,2021-02-18,6846,150562,2893,75419,3953,75143,0,0,2572,51783,4232,49258,2584,101041,California
Fresno,2021-02-19,3836,154398,1099,76518,2737,77880,0,0,1818,51598,2006,51264,1821,102862,California
Fresno,2021-02-20,4519,158917,2478,78996,2041,79921,0,0,3040,53173,1471,52735,3046,105908,California
Fresno,2021-02-21,189,159106,170,79166,19,79940,0,0,126,53250,49,52784,126,106034,California
Fresno,2021-02-22,2239,161345,999,80165,1240,81180,0,0,1237,53499,992,53776,1241,107275,California
Fresno,2021-02-23,4684,166029,2265,82430,2419,83599,0,0,3804,56437,868,54644,3806,111081,California
Fresno,2021-02-24,4210,170239,1505,83935,2705,86304,0,0,3448,59135,751,55395,3449,114530,California
Fresno,2021-02-25,8701,178940,3745,87680,4956,91260,0,0,7211,64929,1425,56820,7219,121749,California
Fresno,2021-02-26,9019,187959,3702,91382,5317,96577,0,0,7706,71352,1289,58109,7712,129461,California
Fresno,2021-02-27,7277,195236,3162,94544,4114,100691,1,1,6567,77228,695,58804,6571,136032,California
Fresno,2021-02-28,1647,196883,527,95071,1120,101811,0,1,1557,78709,77,58881,1558,137590,California
Fresno,2021-03-01,5108,201991,1327,96398,3781,105592,0,1,3697,81018,1392,60273,3701,141291,California
Fresno,2021-03-02,9871,211862,3386,99784,6485,112077,0,1,8480,88162,1362,61635,8506,149797,California
Fresno,2021-03-03,7027,218889,1771,101555,5255,117332,1,2,6018,93297,995,62630,6130,155927,California
Fresno,2021-03-04,10452,229341,4129,105684,6323,123655,0,2,8710,100302,1714,64344,8719,164646,California
Fresno,2021-03-05,9304,238645,3626,109310,5676,129331,2,4,8029,107264,1143,65487,8105,172751,California
Fresno,2021-03-06,7006,245651,3955,113265,2933,132264,118,122,6014,112416,984,66471,6136,178887,California
Fresno,2021-03-07,1495,247146,681,113946,776,133040,38,160,1265,113493,227,66698,1304,180191,California
Fresno,2021-03-08,5295,252441,2023,115969,3121,136161,151,311,4004,116379,1280,67978,4166,184357,California
Fresno,2021-03-09,8616,261057,3785,119754,4560,140721,271,582,4645,117382,3950,71928,4953,189310,California
Fresno,2021-03-10,6830,267887,2857,122611,3585,144306,388,970,5372,121701,1449,73377,5768,195078,California
Fresno,2021-03-11,11598,279485,4581,127192,6472,150778,545,1515,6315,123380,5257,78634,6936,202014,California
Fresno,2021-03-12,12038,291523,5132,132324,6479,157257,427,1942,9055,130037,2964,81598,9621,211635,California
Fresno,2021-03-13,8325,299848,4052,136376,3258,160515,1015,2957,4024,130872,4280,85878,5115,216750,California
Fresno,2021-03-14,1769,301617,480,136856,1001,161516,288,3245,667,130737,1090,86968,955,217705,California
Fresno,2021-03-15,7138,308755,3174,140030,3788,165304,176,3421,4934,133853,2189,89157,5305,223010,California
Fresno,2021-03-16,10228,318983,4542,144572,5294,170598,392,3813,5427,134998,4768,93925,5913,228923,California
Fresno,2021-03-17,8732,327715,3983,148555,4041,174639,708,4521,5911,139224,2797,96722,7023,235946,California
Fresno,2021-03-18,12482,340197,6730,155285,5078,179717,674,5195,6995,141945,5438,102160,8159,244105,California
Fresno,2021-03-19,11174,351371,5887,161172,4673,184390,614,5809,6853,145495,4291,106451,7841,251946,California
Fresno,2021-03-20,7626,358997,4602,165774,2698,187088,326,6135,3771,146080,3830,110281,4415,256361,California
Fresno,2021-03-21,1795,360792,1206,166980,208,187296,381,6516,967,146609,820,111101,1349,257710,California
Fresno,2021-03-22,5680,366472,2904,169884,2177,189473,599,7115,3797,149379,1867,112968,4637,262347,California
Fresno,2021-03-23,10578,377050,5253,175137,4820,194293,505,7620,5058,149887,5497,118465,6005,268352,California
Fresno,2021-03-24,8864,385914,3836,178973,4197,198490,831,8451,4970,151885,3857,122322,5855,274207,California
Fresno,2021-03-25,12220,398134,5691,184664,5722,204212,807,9258,4752,150111,7416,129738,5642,279849,California
Fresno,2021-03-26,12218,410352,5456,190120,6124,210336,638,9896,4450,147510,7714,137452,5113,284962,California
Fresno,2021-03-27,9959,420311,4682,194802,4191,214527,1086,10982,2962,144606,6957,144409,4053,289015,California
Fresno,2021-03-28,3425,423736,1325,196127,1406,215933,694,11676,1115,144561,2302,146711,2257,291272,California
Fresno,2021-03-29,5989,429725,2002,198129,3447,219380,540,12216,2888,144931,3072,149783,3442,294714,California
Fresno,2021-03-30,10958,440683,4270,202399,5790,225170,898,13114,3851,142604,7076,156859,4749,299463,California
Fresno,2021-03-31,9696,450379,3379,205778,5323,230493,994,14108,3678,141295,5975,162834,4666,304129,California
Fresno,2021-04-01,12205,462584,4211,209989,7132,237625,862,14970,4056,138123,8046,170880,4874,309003,California
Fresno,2021-04-02,12085,474669,4630,214619,6663,244288,792,15762,4283,135566,7640,178520,5083,314086,California
Fresno,2021-04-03,6409,481078,3526,218145,2625,246913,258,16020,2146,133762,4244,182764,2440,316526,California
Fresno,2021-04-04,1501,482579,535,218680,921,247834,45,16065,546,133409,945,183709,592,317118,California
Fresno,2021-04-05,8331,490910,4469,223149,3056,250890,806,16871,2442,130854,5872,189581,3317,320435,California
Fresno,2021-04-06,9636,500546,4036,227185,4411,255301,1189,18060,3554,129573,6041,195622,4760,325195,California
Fresno,2021-04-07,10615,511161,5494,232679,3909,259210,1212,19272,3555,127350,7014,202636,4791,329986,California
Fresno,2021-04-08,10965,522126,5179,237858,4620,263830,1166,20438,3440,124523,7474,210110,4647,334633,California
Fresno,2021-04-09,11275,533401,5354,243212,4517,268347,1404,21842,3621,121961,7605,217715,5043,339676,California
Fresno,2021-04-10,7887,541288,5148,248360,2215,270562,524,22366,3670,121950,4205,221920,4194,343870,California
Fresno,2021-04-11,1391,542679,935,249295,365,270927,91,22457,447,121550,939,222859,539,344409,California
Fresno,2021-04-12,7349,550028,3880,253175,2541,273468,928,23385,2401,119960,4918,227777,3328,347737,California
Fresno,2021-04-13,8989,559017,4308,257483,4612,278080,69,23454,3521,118225,5431,233208,3696,351433,California
Fresno,2021-04-14,9697,568714,5794,263277,3902,281982,1,23455,3772,116184,5882,239090,3841,355274,California
Fresno,2021-04-15,8479,577193,4226,267503,4250,286232,3,23458,3220,114191,5231,244321,3238,358512,California
Fresno,2021-04-16,9440,586633,4668,272171,4770,291002,2,23460,3918,112648,5483,249804,3940,362452,California
Fresno,2021-04-17,5607,592240,3748,275919,1859,292861,0,23460,2672,112419,2914,252718,2685,365137,California
Fresno,2021-04-18,1027,593267,559,276478,468,293329,0,23460,471,112339,551,253269,471,365608,California
Fresno,2021-04-19,5573,598840,3026,279504,2544,295873,3,23463,2252,111317,3283,256552,2261,367869,California
Fresno,2021-04-20,6926,605766,3429,282933,3488,299361,9,23472,2626,109679,4276,260828,2638,370507,California
Fresno,2021-04-21,6368,612134,3522,286455,2838,302199,8,23480,2652,108661,3682,264510,2664,373171,California
Fresno,2021-04-22,6350,618484,3160,289615,3189,305388,1,23481,2309,106993,3981,268491,2313,375484,California
Fresno,2021-04-23,7098,625582,3820,293435,3261,308649,17,23498,2716,105421,4293,272784,2721,378205,California
Fresno,2021-04-24,4162,629744,2490,295925,1672,310321,0,23498,1916,105105,2232,275016,1916,380121,California
Fresno,2021-04-25,1367,631111,549,296474,815,311136,3,23501,682,105111,679,275695,685,380806,California
Fresno,2021-04-26,4236,635347,2138,298612,2053,313189,45,23546,1804,104557,2402,278097,1848,382654,California
Fresno,2021-04-27,4821,640168,2441,301053,2255,315444,125,23671,1892,103666,2907,281004,2016,384670,California
Fresno,2021-04-28,4773,644941,2667,303720,1976,317420,130,23801,1986,103018,2765,283769,2117,386787,California
Fresno,2021-04-29,4782,649723,2654,306374,1992,319412,136,23937,1804,102009,2947,286716,1938,388725,California
Fresno,2021-04-30,5413,655136,3293,309667,1987,321399,133,24070,2160,101078,3223,289939,2292,391017,California
Fresno,2021-05-01,4181,659317,3449,313116,594,321993,138,24208,1236,99523,2927,292866,1372,392389,California
Fresno,2021-05-02,1248,660565,770,313886,427,322420,51,24259,614,99565,622,293488,664,393053,California
Fresno,2021-05-03,4019,664584,2691,316577,1136,323556,192,24451,1302,98364,2690,296178,1489,394542,California
Fresno,2021-05-04,4827,669411,2497,319074,2178,325734,152,24603,1546,96810,3254,299432,1700,396242,California
Fresno,2021-05-05,5086,674497,3143,322217,1717,327451,226,24829,1579,95131,3481,302913,1802,398044,California
Fresno,2021-05-06,4116,678613,2544,324761,1467,328918,105,24934,1402,93954,2684,305597,1507,399551,California
Fresno,2021-05-07,5008,683621,3286,328047,1555,330473,167,25101,1553,92239,3432,309029,1717,401268,California
Fresno,2021-05-08,3895,687516,2484,330531,1263,331736,148,25249,1173,90860,2701,311730,1322,402590,California
Fresno,2021-05-09,672,688188,345,330876,284,332020,43,25292,335,90907,331,312061,378,402968,California
Fresno,2021-05-10,2951,691139,1576,332452,1234,333254,141,25433,918,89942,2024,314085,1059,404027,California
Fresno,2021-05-11,3741,694880,1930,334382,1716,334970,95,25528,1206,88720,2523,316608,1301,405328,California
Fresno,2021-05-12,3987,698867,2557,336939,1266,336236,164,25692,1454,87829,2509,319117,1618,406946,California
Fresno,2021-05-13,3846,702713,2126,339065,1616,337852,104,25796,1740,87605,2068,321185,1844,408790,California
Fresno,2021-05-14,5009,707722,3010,342075,1815,339667,184,25980,2132,87077,2845,324030,2317,411107,California
Fresno,2021-05-15,3575,711297,2669,344744,776,340443,130,26110,1818,87277,1747,325777,1947,413054,California
Fresno,2021-05-16,1442,712739,944,345688,464,340907,34,26144,812,87499,625,326402,847,413901,California
Fresno,2021-05-17,4167,716906,2817,348505,1191,342098,159,26303,2243,88002,1897,328299,2400,416301,California
Fresno,2021-05-18,4102,721008,2537,351042,1412,343510,153,26456,2100,88273,1979,330278,2250,418551,California
Fresno,2021-05-19,4337,725345,2764,353806,1398,344908,175,26631,2108,88349,2206,332484,2282,420833,California
Fresno,2021-05-20,4079,729424,2435,356241,1458,346366,186,26817,1902,88275,2160,334644,2086,422919,California
Fresno,2021-05-21,4562,733986,2984,359225,1486,347852,92,26909,2069,87970,2465,337109,2160,425079,California
Fresno,2021-05-22,3932,737918,2916,362141,843,348695,173,27082,2266,88757,1650,338759,2437,427516,California
Fresno,2021-05-23,902,738820,572,362713,301,348996,29,27111,464,88822,428,339187,493,428009,California
Fresno,2021-05-24,3221,742041,2023,364736,1084,350080,114,27225,1494,88726,1704,340891,1608,429617,California
Fresno,2021-05-25,3202,745243,1927,366663,1151,351231,124,27349,1372,88406,1816,342707,1496,431113,California
Fresno,2021-05-26,3239,748482,2139,368802,994,352225,106,27455,1651,88592,1569,344276,1755,432868,California
Fresno,2021-05-27,3135,751617,1910,370712,1119,353344,106,27561,1415,88420,1694,345970,1522,434390,California
Fresno,2021-05-28,3407,755024,2204,372916,1108,354452,95,27656,1885,88898,1503,347473,1981,436371,California
Fresno,2021-05-29,2275,757299,1656,374572,548,355000,71,27727,1250,89205,1015,348488,1322,437693,California
Fresno,2021-05-30,887,758186,534,375106,318,355318,35,27762,428,89226,442,348930,463,438156,California
Fresno,2021-05-31,318,758504,159,375265,147,355465,12,27774,136,89196,176,349106,146,438302,California
Fresno,2021-06-01,3016,761520,1816,377081,1106,356571,94,27868,1224,88746,1768,350874,1318,439620,California
Fresno,2021-06-02,2652,764172,1711,378792,851,357422,90,27958,1086,88387,1536,352410,1177,440797,California
Fresno,2021-06-03,2932,767104,2015,380807,816,358238,101,28059,1194,87963,1717,354127,1293,442090,California
Fresno,2021-06-04,3229,770333,2345,383152,784,359022,100,28159,1117,87093,2088,356215,1218,443308,California
Fresno,2021-06-05,3100,773433,2291,385443,688,359710,121,28280,1249,86632,1827,358042,1366,444674,California
Fresno,2021-06-06,1166,774599,928,386371,201,359911,37,28317,413,86335,747,358789,450,445124,California
Fresno,2021-06-07,3075,777674,2423,388794,562,360473,90,28407,901,85174,2152,360941,991,446115,California
Fresno,2021-06-08,2610,780284,1946,390740,596,361069,68,28475,807,84255,1794,362735,875,446990,California
Fresno,2021-06-09,2915,783199,2181,392921,644,361713,90,28565,951,83348,1947,364682,1040,448030,California
Fresno,2021-06-10,2625,785824,1906,394827,646,362359,73,28638,903,82626,1698,366380,976,449006,California
Fresno,2021-06-11,3054,788878,2156,396983,792,363151,106,28744,1122,81956,1898,368278,1228,450234,California
Fresno,2021-06-12,2871,791749,2279,399262,433,363584,159,28903,765,80784,2091,370369,919,451153,California
Fresno,2021-06-13,708,792457,456,399718,236,363820,16,28919,198,80492,506,370875,214,451367,California
Fresno,2021-06-14,2027,794484,1368,401086,537,364357,122,29041,731,80059,1283,372158,850,452217,California
Fresno,2021-06-15,2295,796779,1635,402721,586,364943,74,29115,888,79629,1389,373547,959,453176,California
Fresno,2021-06-16,1207,797986,858,403579,278,365221,71,29186,432,79361,768,374315,500,453676,California
Glenn,2020-12-17,1,1,1,1,0,0,0,0,1,1,0,0,1,1,California
Glenn,2020-12-20,1,2,1,2,0,0,0,0,1,2,0,0,1,2,California
Glenn,2020-12-21,11,13,11,13,0,0,0,0,11,13,0,0,11,13,California
Glenn,2020-12-22,61,74,61,74,0,0,0,0,61,74,0,0,61,74,California
Glenn,2020-12-23,28,102,28,102,0,0,0,0,28,102,0,0,28,102,California
Glenn,2020-12-24,9,111,9,111,0,0,0,0,9,111,0,0,9,111,California
Glenn,2020-12-26,2,113,2,113,0,0,0,0,2,113,0,0,2,113,California
Glenn,2020-12-27,4,117,4,117,0,0,0,0,4,117,0,0,4,117,California
Glenn,2020-12-28,20,137,20,137,0,0,0,0,20,137,0,0,20,137,California
Glenn,2020-12-29,81,218,81,218,0,0,0,0,81,218,0,0,81,218,California
Glenn,2020-12-30,127,345,104,322,23,23,0,0,127,345,0,0,127,345,California
Glenn,2020-12-31,38,383,9,331,29,52,0,0,38,383,0,0,38,383,California
Glenn,2021-01-02,4,387,4,335,0,52,0,0,4,387,0,0,4,387,California
Glenn,2021-01-04,7,394,5,340,2,54,0,0,7,394,0,0,7,394,California
Glenn,2021-01-05,12,406,9,349,3,57,0,0,12,406,0,0,12,406,California
Glenn,2021-01-06,59,465,8,357,51,108,0,0,59,465,0,0,59,465,California
Glenn,2021-01-07,65,530,11,368,54,162,0,0,64,528,1,1,64,529,California
Glenn,2021-01-08,12,542,9,377,3,165,0,0,12,540,0,1,12,541,California
Glenn,2021-01-10,1,543,1,378,0,165,0,0,0,539,1,2,0,541,California
Glenn,2021-01-11,29,572,29,407,0,165,0,0,12,534,17,19,12,553,California
Glenn,2021-01-12,44,616,39,446,5,170,0,0,14,518,30,49,14,567,California
Glenn,2021-01-13,221,837,158,604,63,233,0,0,176,650,45,94,177,744,California
Glenn,2021-01-14,118,955,30,634,88,321,0,0,108,748,10,104,108,852,California
Glenn,2021-01-15,41,996,34,668,7,328,0,0,36,779,5,109,36,888,California
Glenn,2021-01-16,33,1029,14,682,19,347,0,0,23,792,10,119,23,911,California
Glenn,2021-01-17,4,1033,2,684,2,349,0,0,2,792,2,121,2,913,California
Glenn,2021-01-18,17,1050,16,700,1,350,0,0,9,793,8,129,9,922,California
Glenn,2021-01-19,30,1080,20,720,10,360,0,0,13,789,17,146,13,935,California
Glenn,2021-01-20,162,1242,93,813,69,429,0,0,82,791,80,226,82,1017,California
Glenn,2021-01-21,121,1363,95,908,26,455,0,0,30,730,91,317,30,1047,California
Glenn,2021-01-22,342,1705,64,972,278,733,0,0,335,1058,7,324,335,1382,California
Glenn,2021-01-23,15,1720,9,981,6,739,0,0,11,1065,4,328,11,1393,California
Glenn,2021-01-24,2,1722,2,983,0,739,0,0,2,1067,0,328,2,1395,California
Glenn,2021-01-25,27,1749,9,992,18,757,0,0,24,1088,3,331,24,1419,California
Glenn,2021-01-26,31,1780,15,1007,16,773,0,0,24,1105,7,338,24,1443,California
Glenn,2021-01-27,189,1969,12,1019,177,950,0,0,167,1250,22,360,167,1610,California
Glenn,2021-01-28,148,2117,8,1027,140,1090,0,0,118,1338,30,390,118,1728,California
Glenn,2021-01-29,299,2416,12,1039,287,1377,0,0,285,1609,14,404,285,2013,California
Glenn,2021-01-30,3,2419,0,1039,3,1380,0,0,3,1612,0,404,3,2016,California
Glenn,2021-01-31,1,2420,0,1039,1,1381,0,0,1,1613,0,404,1,2017,California
Glenn,2021-02-01,30,2450,11,1050,19,1400,0,0,18,1619,12,416,18,2035,California
Glenn,2021-02-02,30,2480,15,1065,15,1415,0,0,20,1629,10,426,20,2055,California
Glenn,2021-02-03,274,2754,126,1191,148,1563,0,0,130,1616,144,570,131,2186,California
Glenn,2021-02-04,80,2834,14,1205,66,1629,0,0,25,1586,55,625,25,2211,California
Glenn,2021-02-05,326,3160,25,1230,301,1930,0,0,305,1870,21,646,305,2516,California
Glenn,2021-02-06,17,3177,2,1232,15,1945,0,0,16,1885,1,647,16,2532,California
Glenn,2021-02-07,2,3179,2,1234,0,1945,0,0,2,1887,0,647,2,2534,California
Glenn,2021-02-08,20,3199,17,1251,3,1948,0,0,4,1875,16,663,4,2538,California
Glenn,2021-02-09,49,3248,19,1270,30,1978,0,0,34,1894,15,678,34,2572,California
Glenn,2021-02-10,137,3385,19,1289,118,2096,0,0,66,1889,71,749,66,2638,California
Glenn,2021-02-11,234,3619,134,1423,100,2196,0,0,152,1958,83,832,152,2790,California
Glenn,2021-02-12,418,4037,98,1521,320,2516,0,0,354,2248,64,896,354,3144,California
Glenn,2021-02-13,36,4073,8,1529,28,2544,0,0,17,2246,19,915,17,3161,California
Glenn,2021-02-14,1,4074,0,1529,1,2545,0,0,1,2247,0,915,1,3162,California
Glenn,2021-02-15,8,4082,0,1529,8,2553,0,0,8,2255,0,915,8,3170,California
Glenn,2021-02-16,39,4121,9,1538,30,2583,0,0,21,2258,18,933,21,3191,California
Glenn,2021-02-17,380,4501,13,1551,367,2950,0,0,304,2486,76,1009,304,3495,California
Glenn,2021-02-18,136,4637,101,1652,35,2985,0,0,112,2574,24,1033,112,3607,California
Glenn,2021-02-19,306,4943,16,1668,290,3275,0,0,28,2324,278,1311,28,3635,California
Glenn,2021-02-20,9,4952,0,1668,9,3284,0,0,1,2317,8,1319,1,3636,California
Glenn,2021-02-21,1,4953,1,1669,0,3284,0,0,1,2318,0,1319,1,3637,California
Glenn,2021-02-22,34,4987,15,1684,19,3303,0,0,17,2318,17,1336,17,3654,California
Glenn,2021-02-23,39,5026,10,1694,29,3332,0,0,27,2333,12,1348,27,3681,California
Glenn,2021-02-24,252,5278,49,1743,203,3535,0,0,47,2175,205,1553,47,3728,California
Glenn,2021-02-25,232,5510,118,1861,114,3649,0,0,118,2179,114,1667,118,3846,California
Glenn,2021-02-26,308,5818,24,1885,284,3933,0,0,20,1912,287,1954,20,3866,California
Glenn,2021-02-27,13,5831,4,1889,9,3942,0,0,5,1910,7,1961,5,3871,California
Glenn,2021-02-28,6,5837,3,1892,3,3945,0,0,3,1911,2,1963,3,3874,California
Glenn,2021-03-01,28,5865,6,1898,22,3967,0,0,12,1907,16,1979,12,3886,California
Glenn,2021-03-02,35,5900,8,1906,27,3994,0,0,17,1906,18,1997,17,3903,California
Glenn,2021-03-03,192,6092,38,1944,154,4148,0,0,101,1918,89,2086,101,4004,California
Glenn,2021-03-04,519,6611,176,2120,343,4491,0,0,373,2145,146,2232,373,4377,California
Glenn,2021-03-05,361,6972,47,2167,314,4805,0,0,34,1852,327,2559,34,4411,California
Glenn,2021-03-06,29,7001,3,2170,25,4830,1,1,9,1842,20,2579,10,4421,California
Glenn,2021-03-07,5,7006,0,2170,5,4835,0,1,3,1844,1,2580,3,4424,California
Glenn,2021-03-08,20,7026,2,2172,17,4852,1,2,18,1861,2,2582,19,4443,California
Glenn,2021-03-09,82,7108,12,2184,67,4919,3,5,54,1889,28,2610,56,4499,California
Glenn,2021-03-10,172,7280,69,2253,101,5020,2,7,95,1909,77,2687,97,4596,California
Glenn,2021-03-11,585,7865,168,2421,394,5414,23,30,455,2257,130,2817,478,5074,California
Glenn,2021-03-12,417,8282,13,2434,342,5756,62,92,41,1984,376,3193,103,5177,California
Glenn,2021-03-13,13,8295,1,2435,4,5760,8,100,1,1981,12,3205,9,5186,California
Glenn,2021-03-14,2,8297,1,2436,1,5761,0,100,0,1979,2,3207,0,5186,California
Glenn,2021-03-15,76,8373,15,2451,56,5817,5,105,61,2030,15,3222,66,5252,California
Glenn,2021-03-16,109,8482,34,2485,65,5882,10,115,69,2069,40,3262,79,5331,California
Glenn,2021-03-17,420,8902,99,2584,314,6196,7,122,116,1886,304,3566,121,5452,California
Glenn,2021-03-18,521,9423,216,2800,49,6245,256,378,143,1906,378,3944,398,5850,California
Glenn,2021-03-19,97,9520,16,2816,75,6320,6,384,76,1968,20,3964,82,5932,California
Glenn,2021-03-20,133,9653,2,2818,130,6450,1,385,130,2096,3,3967,131,6063,California
Glenn,2021-03-21,6,9659,5,2823,0,6450,1,386,3,2098,2,3969,4,6067,California
Glenn,2021-03-22,122,9781,54,2877,61,6511,7,393,103,2191,17,3986,110,6177,California
Glenn,2021-03-23,175,9956,66,2943,60,6571,49,442,104,2275,69,4055,153,6330,California
Glenn,2021-03-24,209,10165,102,3045,102,6673,5,447,135,2342,73,4128,140,6470,California
Glenn,2021-03-25,472,10637,230,3275,148,6821,94,541,345,2655,126,4254,439,6909,California
Glenn,2021-03-26,240,10877,36,3311,168,6989,36,577,190,2831,50,4304,226,7135,California
Glenn,2021-03-27,162,11039,18,3329,138,7127,6,583,153,2981,9,4313,159,7294,California
Glenn,2021-03-28,15,11054,10,3339,5,7132,0,583,10,2986,5,4318,10,7304,California
Glenn,2021-03-29,61,11115,20,3359,38,7170,3,586,47,3022,14,4332,50,7354,California
Glenn,2021-03-30,72,11187,41,3400,30,7200,1,587,42,3037,28,4360,43,7397,California
Glenn,2021-03-31,123,11310,35,3435,87,7287,1,588,54,3024,68,4428,55,7452,California
Glenn,2021-04-01,655,11965,187,3622,459,7746,9,597,244,2869,408,4836,253,7705,California
Glenn,2021-04-02,168,12133,26,3648,131,7877,11,608,133,2978,35,4871,144,7849,California
Glenn,2021-04-03,96,12229,4,3652,85,7962,7,615,85,3059,11,4882,92,7941,California
Glenn,2021-04-04,9,12238,3,3655,4,7966,2,617,5,3062,4,4886,7,7948,California
Glenn,2021-04-05,65,12303,25,3680,27,7993,13,630,28,3066,37,4923,41,7989,California
Glenn,2021-04-06,144,12447,52,3732,53,8046,39,669,36,3033,107,5030,74,8063,California
Glenn,2021-04-07,162,12609,48,3780,60,8106,54,723,75,3075,87,5117,129,8192,California
Glenn,2021-04-08,644,13253,190,3970,420,8526,34,757,138,2743,504,5621,172,8364,California
Glenn,2021-04-09,158,13411,56,4026,86,8612,16,773,101,2803,57,5678,117,8481,California
Glenn,2021-04-10,77,13488,1,4027,61,8673,15,788,59,2860,17,5695,74,8555,California
Glenn,2021-04-11,16,13504,8,4035,3,8676,5,793,7,2863,9,5704,12,8567,California
Glenn,2021-04-12,115,13619,25,4060,61,8737,29,822,20,2817,95,5799,49,8616,California
Glenn,2021-04-13,120,13739,63,4123,57,8794,0,822,31,2760,88,5887,31,8647,California
Glenn,2021-04-14,121,13860,45,4168,76,8870,0,822,68,2775,53,5940,68,8715,California
Glenn,2021-04-15,363,14223,276,4444,87,8957,0,822,123,2658,240,6180,123,8838,California
Glenn,2021-04-16,168,14391,41,4485,127,9084,0,822,78,2647,90,6270,79,8917,California
Glenn,2021-04-17,166,14557,16,4501,150,9234,0,822,27,2543,131,6401,27,8944,California
Glenn,2021-04-18,16,14573,3,4504,13,9247,0,822,13,2553,3,6404,13,8957,California
Glenn,2021-04-19,83,14656,17,4521,66,9313,0,822,22,2515,60,6464,22,8979,California
Glenn,2021-04-20,127,14783,82,4603,45,9358,0,822,54,2496,73,6537,54,9033,California
Glenn,2021-04-21,411,15194,310,4913,101,9459,0,822,280,2645,131,6668,280,9313,California
Glenn,2021-04-22,211,15405,48,4961,163,9622,0,822,33,2501,177,6845,33,9346,California
Glenn,2021-04-23,180,15585,24,4985,156,9778,0,822,41,2404,138,6983,41,9387,California
Glenn,2021-04-24,180,15765,32,5017,148,9926,0,822,31,2286,149,7132,31,9418,California
Glenn,2021-04-25,30,15795,18,5035,12,9938,0,822,22,2300,8,7140,22,9440,California
Glenn,2021-04-26,48,15843,12,5047,36,9974,0,822,19,2290,29,7169,19,9459,California
Glenn,2021-04-27,63,15906,48,5095,10,9984,5,827,32,2295,31,7200,36,9495,California
Glenn,2021-04-28,259,16165,179,5274,69,10053,11,838,129,2306,129,7329,140,9635,California
Glenn,2021-04-29,183,16348,23,5297,158,10211,2,840,36,2197,147,7476,38,9673,California
Glenn,2021-04-30,157,16505,35,5332,120,10331,2,842,38,2118,119,7595,40,9713,California
Glenn,2021-05-01,108,16613,13,5345,94,10425,1,843,25,2061,83,7678,26,9739,California
Glenn,2021-05-02,30,16643,12,5357,9,10434,9,852,15,2070,15,7693,24,9763,California
Glenn,2021-05-03,38,16681,24,5381,13,10447,1,853,14,2061,24,7717,15,9778,California
Glenn,2021-05-04,56,16737,32,5413,19,10466,5,858,28,2066,28,7745,33,9811,California
Glenn,2021-05-05,121,16858,34,5447,77,10543,10,868,51,2057,70,7815,61,9872,California
Glenn,2021-05-06,111,16969,41,5488,65,10608,5,873,41,2033,70,7885,46,9918,California
Glenn,2021-05-07,119,17088,32,5520,78,10686,9,882,30,1984,88,7973,39,9957,California
Glenn,2021-05-08,66,17154,12,5532,50,10736,4,886,21,1965,44,8017,25,9982,California
Glenn,2021-05-09,17,17171,11,5543,6,10742,0,886,13,1974,4,8021,13,9995,California
Glenn,2021-05-10,37,17208,15,5558,17,10759,5,891,14,1970,23,8044,19,10014,California
Glenn,2021-05-11,79,17287,56,5614,14,10773,9,900,16,1932,63,8107,25,10039,California
Glenn,2021-05-12,334,17621,252,5866,68,10841,14,914,53,1718,281,8388,67,10106,California
Glenn,2021-05-13,157,17778,59,5925,80,10921,18,932,68,1715,89,8477,86,10192,California
Glenn,2021-05-14,105,17883,25,5950,75,10996,5,937,41,1697,64,8541,46,10238,California
Glenn,2021-05-15,69,17952,40,5990,26,11022,3,940,36,1703,32,8573,38,10276,California
Glenn,2021-05-16,31,17983,18,6008,13,11035,0,940,9,1690,22,8595,9,10285,California
Glenn,2021-05-17,86,18069,61,6069,21,11056,4,944,60,1728,26,8621,64,10349,California
Glenn,2021-05-18,68,18137,49,6118,14,11070,5,949,22,1709,46,8667,27,10376,California
Glenn,2021-05-19,194,18331,114,6232,68,11138,12,961,72,1671,121,8788,83,10459,California
Glenn,2021-05-20,120,18451,77,6309,41,11179,2,963,85,1723,35,8823,87,10546,California
Glenn,2021-05-21,70,18521,26,6335,43,11222,1,964,30,1714,40,8863,31,10577,California
Glenn,2021-05-22,54,18575,23,6358,31,11253,0,964,27,1714,27,8890,27,10604,California
Glenn,2021-05-23,28,18603,15,6373,13,11266,0,964,12,1711,15,8905,12,10616,California
Glenn,2021-05-24,29,18632,10,6383,15,11281,4,968,10,1707,18,8923,14,10630,California
Glenn,2021-05-25,46,18678,35,6418,9,11290,2,970,23,1709,23,8946,25,10655,California
Glenn,2021-05-26,73,18751,14,6432,55,11345,4,974,25,1690,48,8994,29,10684,California
Glenn,2021-05-27,101,18852,62,6494,38,11383,1,975,47,1686,52,9046,48,10732,California
Glenn,2021-05-28,62,18914,18,6512,37,11420,7,982,32,1695,30,9076,39,10771,California
Glenn,2021-05-29,47,18961,11,6523,32,11452,4,986,21,1694,26,9102,25,10796,California
Glenn,2021-05-30,21,18982,13,6536,8,11460,0,986,8,1690,12,9114,8,10804,California
Glenn,2021-05-31,4,18986,0,6536,4,11464,0,986,0,1686,4,9118,0,10804,California
Glenn,2021-06-01,57,19043,32,6568,22,11486,3,989,25,1682,32,9150,28,10832,California
Glenn,2021-06-02,97,19140,48,6616,46,11532,3,992,38,1664,59,9209,41,10873,California
Glenn,2021-06-03,76,19216,42,6658,27,11559,7,999,18,1633,56,9265,25,10898,California
Glenn,2021-06-04,77,19293,36,6694,37,11596,4,1003,41,1642,36,9301,45,10943,California
Glenn,2021-06-05,55,19348,30,6724,22,11618,3,1006,17,1624,38,9339,20,10963,California
Glenn,2021-06-06,31,19379,28,6752,2,11620,1,1007,15,1625,15,9354,16,10979,California
Glenn,2021-06-07,68,19447,59,6811,7,11627,2,1009,13,1586,54,9408,15,10994,California
Glenn,2021-06-08,35,19482,19,6830,11,11638,5,1014,16,1588,19,9427,21,11015,California
Glenn,2021-06-09,60,19542,33,6863,20,11658,7,1021,30,1595,30,9457,37,11052,California
Glenn,2021-06-10,117,19659,86,6949,25,11683,6,1027,33,1550,84,9541,39,11091,California
Glenn,2021-06-11,87,19746,57,7006,27,11710,3,1030,23,1512,64,9605,26,11117,California
Glenn,2021-06-12,36,19782,18,7024,15,11725,3,1033,13,1505,23,9628,16,11133,California
Glenn,2021-06-13,11,19793,11,7035,0,11725,0,1033,5,1504,6,9634,5,11138,California
Glenn,2021-06-14,18,19811,8,7043,10,11735,0,1033,5,1497,12,9646,5,11143,California
Glenn,2021-06-15,47,19858,31,7074,15,11750,1,1034,25,1501,22,9668,26,11169,California
Glenn,2021-06-16,55,19913,32,7106,23,11773,0,1034,37,1521,17,9685,37,11206,California
Humboldt,2020-12-15,2,2,2,2,0,0,0,0,2,2,0,0,2,2,California
Humboldt,2020-12-16,16,18,16,18,0,0,0,0,16,18,0,0,16,18,California
Humboldt,2020-12-17,117,135,117,135,0,0,0,0,117,135,0,0,117,135,California
Humboldt,2020-12-18,177,312,177,312,0,0,0,0,177,312,0,0,177,312,California
Humboldt,2020-12-19,10,322,10,322,0,0,0,0,10,322,0,0,10,322,California
Humboldt,2020-12-20,27,349,27,349,0,0,0,0,27,349,0,0,27,349,California
Humboldt,2020-12-21,166,515,166,515,0,0,0,0,166,515,0,0,166,515,California
Humboldt,2020-12-22,335,850,335,850,0,0,0,0,335,850,0,0,335,850,California
Humboldt,2020-12-23,322,1172,264,1114,58,58,0,0,324,1174,0,0,324,1174,California
Humboldt,2020-12-24,25,1197,2,1116,23,81,0,0,25,1199,0,0,25,1199,California
Humboldt,2020-12-25,2,1199,2,1118,0,81,0,0,2,1201,0,0,2,1201,California
Humboldt,2020-12-26,6,1205,5,1123,1,82,0,0,6,1207,0,0,6,1207,California
Humboldt,2020-12-28,206,1411,148,1271,58,140,0,0,206,1413,0,0,206,1413,California
Humboldt,2020-12-29,182,1593,123,1394,59,199,0,0,183,1596,0,0,183,1596,California
Humboldt,2020-12-30,231,1824,126,1520,105,304,0,0,231,1827,0,0,231,1827,California
Humboldt,2020-12-31,245,2069,80,1600,165,469,0,0,245,2072,0,0,245,2072,California
Humboldt,2021-01-01,3,2072,2,1602,1,470,0,0,3,2075,0,0,3,2075,California
Humboldt,2021-01-02,39,2111,1,1603,38,508,0,0,39,2114,0,0,39,2114,California
Humboldt,2021-01-04,219,2330,143,1746,76,584,0,0,220,2334,0,0,220,2334,California
Humboldt,2021-01-05,133,2463,21,1767,112,696,0,0,133,2466,1,1,133,2467,California
Humboldt,2021-01-06,315,2778,216,1983,99,795,0,0,242,2647,61,62,242,2709,California
Humboldt,2021-01-07,436,3214,323,2306,113,908,0,0,319,2866,100,162,319,3028,California
Humboldt,2021-01-08,426,3640,287,2593,139,1047,0,0,287,3020,133,295,287,3315,California
Humboldt,2021-01-09,67,3707,43,2636,24,1071,0,0,65,3084,2,297,66,3381,California
Humboldt,2021-01-10,84,3791,84,2720,0,1071,0,0,4,3008,80,377,4,3385,California
Humboldt,2021-01-11,291,4082,280,3000,11,1082,0,0,71,2863,216,593,71,3456,California
Humboldt,2021-01-12,502,4584,338,3338,164,1246,0,0,285,2953,195,788,285,3741,California
Humboldt,2021-01-13,498,5082,280,3618,218,1464,0,0,319,3097,176,964,320,4061,California
Humboldt,2021-01-14,549,5631,167,3785,382,1846,0,0,493,3535,56,1020,494,4555,California
Humboldt,2021-01-15,367,5998,28,3813,339,2185,0,0,350,3868,17,1037,350,4905,California
Humboldt,2021-01-16,169,6167,5,3818,164,2349,0,0,168,4035,1,1038,168,5073,California
Humboldt,2021-01-17,6,6173,4,3822,2,2351,0,0,6,4041,0,1038,6,5079,California
Humboldt,2021-01-18,304,6477,269,4091,35,2386,0,0,151,4039,153,1191,151,5230,California
Humboldt,2021-01-19,655,7132,396,4487,259,2645,0,0,526,4442,123,1314,526,5756,California
Humboldt,2021-01-20,917,8049,388,4875,529,3174,0,0,754,5043,155,1469,756,6512,California
Humboldt,2021-01-21,968,9017,261,5136,707,3881,0,0,925,5925,43,1512,925,7437,California
Humboldt,2021-01-22,687,9704,380,5516,307,4188,0,0,677,6593,10,1522,678,8115,California
Humboldt,2021-01-23,924,10628,283,5799,641,4829,0,0,915,7500,9,1531,916,9031,California
Humboldt,2021-01-24,229,10857,1,5800,228,5057,0,0,228,7727,1,1532,228,9259,California
Humboldt,2021-01-25,352,11209,235,6035,117,5174,0,0,154,7683,198,1730,154,9413,California
Humboldt,2021-01-26,544,11753,149,6184,395,5569,0,0,480,8099,64,1794,480,9893,California
Humboldt,2021-01-27,1274,13027,586,6770,688,6257,0,0,1202,9239,64,1858,1204,11097,California
Humboldt,2021-01-28,1463,14490,636,7406,827,7084,0,0,1323,10427,137,1995,1325,12422,California
Humboldt,2021-01-29,1163,15653,548,7954,615,7699,0,0,694,10654,469,2464,696,13118,California
Humboldt,2021-01-30,988,16641,468,8422,520,8219,0,0,975,11617,13,2477,976,14094,California
Humboldt,2021-01-31,316,16957,314,8736,2,8221,0,0,315,11931,1,2478,315,14409,California
Humboldt,2021-02-01,338,17295,195,8931,143,8364,0,0,189,11971,149,2627,189,14598,California
Humboldt,2021-02-02,451,17746,79,9010,372,8736,0,0,346,12217,102,2729,348,14946,California
Humboldt,2021-02-03,672,18418,266,9276,406,9142,0,0,519,12583,153,2882,519,15465,California
Humboldt,2021-02-04,653,19071,260,9536,393,9535,0,0,444,12821,206,3088,444,15909,California
Humboldt,2021-02-05,810,19881,93,9629,717,10252,0,0,623,13257,187,3275,623,16532,California
Humboldt,2021-02-06,1078,20959,466,10095,612,10864,0,0,1033,14247,44,3319,1034,17566,California
Humboldt,2021-02-07,379,21338,9,10104,370,11234,0,0,374,14618,4,3323,375,17941,California
Humboldt,2021-02-08,337,21675,146,10250,191,11425,0,0,179,14640,157,3480,179,18120,California
Humboldt,2021-02-09,502,22177,228,10478,274,11699,0,0,176,14490,326,3806,176,18296,California
Humboldt,2021-02-10,563,22740,372,10850,191,11890,0,0,233,14398,325,4131,233,18529,California
Humboldt,2021-02-11,1316,24056,396,11246,920,12810,0,0,493,14073,820,4951,495,19024,California
Humboldt,2021-02-12,1157,25213,739,11985,418,13228,0,0,709,14334,448,5399,709,19733,California
Humboldt,2021-02-13,1545,26758,597,12582,948,14176,0,0,922,14635,621,6020,922,20655,California
Humboldt,2021-02-14,110,26868,4,12586,106,14282,0,0,107,14740,2,6022,107,20762,California
Humboldt,2021-02-15,294,27162,81,12667,213,14495,0,0,193,14833,100,6122,193,20955,California
Humboldt,2021-02-16,544,27706,121,12788,423,14918,0,0,251,14792,293,6415,252,21207,California
Humboldt,2021-02-17,449,28155,277,13065,172,15090,0,0,131,14606,317,6732,131,21338,California
Humboldt,2021-02-18,1021,29176,599,13664,422,15512,0,0,273,14133,746,7478,273,21611,California
Humboldt,2021-02-19,481,29657,435,14099,46,15558,0,0,90,13835,388,7866,90,21701,California
Humboldt,2021-02-20,1722,31379,1025,15124,697,16255,0,0,484,13087,1235,9101,487,22188,California
Humboldt,2021-02-21,479,31858,471,15595,8,16263,0,0,181,12971,298,9399,182,22370,California
Humboldt,2021-02-22,138,31996,94,15689,44,16307,0,0,29,12893,107,9506,29,22399,California
Humboldt,2021-02-23,181,32177,71,15760,110,16417,0,0,44,12802,135,9641,44,22443,California
Humboldt,2021-02-24,1213,33390,741,16501,472,16889,0,0,586,12762,626,10267,586,23029,California
Humboldt,2021-02-25,834,34224,319,16820,515,17404,0,0,231,12392,601,10868,231,23260,California
Humboldt,2021-02-26,2152,36376,107,16927,2045,19449,0,0,446,11139,1700,12568,447,23707,California
Humboldt,2021-02-27,1710,38086,1090,18017,620,20069,0,0,854,11143,854,13422,858,24565,California
Humboldt,2021-02-28,123,38209,11,18028,112,20181,0,0,117,11254,6,13428,117,24682,California
Humboldt,2021-03-01,259,38468,46,18074,213,20394,0,0,185,11365,74,13502,185,24867,California
Humboldt,2021-03-02,299,38767,50,18124,249,20643,0,0,163,11392,136,13638,163,25030,California
Humboldt,2021-03-03,1670,40437,1104,19228,566,21209,0,0,1225,12179,439,14077,1226,26256,California
Humboldt,2021-03-04,923,41360,113,19341,810,22019,0,0,298,11854,625,14702,300,26556,California
Humboldt,2021-03-05,946,42306,188,19529,747,22766,11,11,387,11696,556,15258,398,26954,California
Humboldt,2021-03-06,1799,44105,941,20470,809,23575,49,60,802,11551,996,16254,851,27805,California
Humboldt,2021-03-07,364,44469,293,20763,53,23628,18,78,156,11517,208,16462,174,27979,California
Humboldt,2021-03-08,278,44747,6,20769,193,23821,79,157,182,11683,95,16557,261,28240,California
Humboldt,2021-03-09,500,45247,207,20976,145,23966,148,305,245,11822,253,16810,392,28632,California
Humboldt,2021-03-10,692,45939,468,21444,70,24036,154,459,420,12123,271,17081,572,29204,California
Humboldt,2021-03-11,1472,47411,458,21902,914,24950,100,559,645,12045,822,17903,744,29948,California
Humboldt,2021-03-12,1749,49160,1083,22985,444,25394,222,781,1053,12635,688,18591,1278,31226,California
Humboldt,2021-03-13,1587,50747,1037,24022,498,25892,52,833,672,12448,909,19500,722,31948,California
Humboldt,2021-03-14,142,50889,19,24041,115,26007,8,841,30,12374,112,19612,38,31986,California
Humboldt,2021-03-15,278,51167,51,24092,205,26212,22,863,59,12236,219,19831,81,32067,California
Humboldt,2021-03-16,636,51803,201,24293,174,26386,261,1124,260,12380,375,20206,519,32586,California
Humboldt,2021-03-17,730,52533,394,24687,228,26614,108,1232,340,12439,389,20595,448,33034,California
Humboldt,2021-03-18,1740,54273,1170,25857,527,27141,43,1275,1042,12830,694,21289,1085,34119,California
Humboldt,2021-03-19,1075,55348,61,25918,700,27841,314,1589,441,12953,631,21920,754,34873,California
Humboldt,2021-03-20,1383,56731,755,26673,614,28455,14,1603,424,12435,957,22877,439,35312,California
Humboldt,2021-03-21,250,56981,33,26706,188,28643,29,1632,205,12623,45,22922,233,35545,California
Humboldt,2021-03-22,118,57099,15,26721,53,28696,50,1682,62,12681,54,22976,112,35657,California
Humboldt,2021-03-23,414,57513,42,26763,329,29025,43,1725,320,12952,92,23068,363,36020,California
Humboldt,2021-03-24,1416,58929,388,27151,980,30005,48,1773,1037,13665,371,23439,1084,37104,California
Humboldt,2021-03-25,1841,60770,1215,28366,564,30569,62,1835,948,13784,891,24330,1010,38114,California
Humboldt,2021-03-26,2041,62811,438,28804,1545,32114,58,1893,1594,14994,441,24771,1651,39765,California
Humboldt,2021-03-27,2079,64890,1498,30302,409,32523,172,2065,1101,15293,974,25745,1273,41038,California
Humboldt,2021-03-28,267,65157,81,30383,114,32637,72,2137,83,15266,183,25928,156,41194,California
Humboldt,2021-03-29,466,65623,124,30507,246,32883,96,2233,197,15290,268,26196,292,41486,California
Humboldt,2021-03-30,945,66568,305,30812,526,33409,114,2347,560,15583,380,26576,673,42159,California
Humboldt,2021-03-31,1870,68438,522,31334,1250,34659,98,2445,1411,16639,455,27031,1511,43670,California
Humboldt,2021-04-01,2113,70551,702,32036,1318,35977,93,2538,1481,17589,624,27655,1574,45244,California
Humboldt,2021-04-02,1722,72273,1112,33148,505,36482,105,2643,618,17214,1098,28753,723,45967,California
Humboldt,2021-04-03,1666,73939,1507,34655,145,36627,14,2657,670,16912,986,29739,684,46651,California
Humboldt,2021-04-04,484,74423,371,35026,104,36731,9,2666,403,17243,81,29820,412,47063,California
Humboldt,2021-04-05,779,75202,463,35489,268,36999,48,2714,443,17400,334,30154,491,47554,California
Humboldt,2021-04-06,846,76048,319,35808,392,37391,135,2849,588,17869,252,30406,721,48275,California
Humboldt,2021-04-07,1499,77547,1068,36876,291,37682,140,2989,994,18501,502,30908,1134,49409,California
Humboldt,2021-04-08,1754,79301,1098,37974,497,38179,159,3148,742,18392,1010,31918,901,50310,California
Humboldt,2021-04-09,1441,80742,439,38413,847,39026,155,3303,1152,19404,288,32206,1300,51610,California
Humboldt,2021-04-10,937,81679,138,38551,625,39651,174,3477,738,20117,197,32403,910,52520,California
Humboldt,2021-04-11,646,82325,138,38689,36,39687,472,3949,128,20198,518,32921,599,53119,California
Humboldt,2021-04-12,439,82764,228,38917,85,39772,126,4075,279,20443,160,33081,405,53524,California
Humboldt,2021-04-13,591,83355,325,39242,262,40034,4,4079,557,20972,31,33112,560,54084,California
Humboldt,2021-04-14,1445,84800,1044,40286,401,40435,0,4079,1332,22192,112,33224,1332,55416,California
Humboldt,2021-04-15,1828,86628,1200,41486,624,41059,4,4083,1259,22903,551,33775,1262,56678,California
Humboldt,2021-04-16,1138,87766,522,42008,616,41675,0,4083,552,22872,583,34358,552,57230,California
Humboldt,2021-04-17,1854,89620,1532,43540,322,41997,0,4083,1052,23134,796,35154,1058,58288,California
Humboldt,2021-04-18,664,90284,352,43892,311,42308,1,4084,83,22645,575,35729,86,58374,California
Humboldt,2021-04-19,202,90486,85,43977,117,42425,0,4084,87,22619,113,35842,87,58461,California
Humboldt,2021-04-20,488,90974,128,44105,360,42785,0,4084,242,22616,245,36087,242,58703,California
Humboldt,2021-04-21,1094,92068,383,44488,711,43496,0,4084,433,22399,651,36738,434,59137,California
Humboldt,2021-04-22,880,92948,527,45015,352,43848,1,4085,445,22412,432,37170,445,59582,California
Humboldt,2021-04-23,2165,95113,305,45320,1860,45708,0,4085,314,20880,1846,39016,314,59896,California
Humboldt,2021-04-24,1088,96201,883,46203,200,45908,5,4090,361,20522,724,39740,366,60262,California
Humboldt,2021-04-25,376,96577,240,46443,136,46044,0,4090,193,20535,180,39920,193,60455,California
Humboldt,2021-04-26,354,96931,251,46694,99,46143,4,4094,99,20383,253,40173,101,60556,California
Humboldt,2021-04-27,762,97693,263,46957,470,46613,29,4123,154,19960,606,40779,183,60739,California
Humboldt,2021-04-28,1541,99234,793,47750,703,47316,45,4168,397,19261,1141,41920,442,61181,California
Humboldt,2021-04-29,1741,100975,592,48342,1111,48427,38,4206,291,18144,1446,43366,329,61510,California
Humboldt,2021-04-30,1248,102223,392,48734,822,49249,34,4240,191,17316,1051,44417,223,61733,California
Humboldt,2021-05-01,467,102690,385,49119,60,49309,22,4262,289,17450,177,44594,311,62044,California
Humboldt,2021-05-02,230,102920,184,49303,37,49346,9,4271,115,17460,114,44708,124,62168,California
Humboldt,2021-05-03,612,103532,375,49678,213,49559,24,4295,99,17073,511,45219,124,62292,California
Humboldt,2021-05-04,822,104354,483,50161,293,49852,46,4341,252,16803,567,45786,297,62589,California
Humboldt,2021-05-05,1685,106039,1076,51237,552,50404,57,4398,178,15536,1500,47286,233,62822,California
Humboldt,2021-05-06,1690,107729,1073,52310,364,50768,253,4651,138,14378,1549,48835,391,63213,California
Humboldt,2021-05-07,1417,109146,301,52611,1057,51825,59,4710,236,13493,1178,50013,293,63506,California
Humboldt,2021-05-08,740,109886,146,52757,571,52396,23,4733,91,12959,648,50661,114,63620,California
Humboldt,2021-05-09,909,110795,857,53614,42,52438,10,4743,48,12156,861,51522,58,63678,California
Humboldt,2021-05-10,216,111011,36,53650,142,52580,38,4781,82,12142,134,51656,120,63798,California
Humboldt,2021-05-11,501,111512,148,53798,280,52860,73,4854,188,12090,313,51969,261,64059,California
Humboldt,2021-05-12,620,112132,141,53939,433,53293,46,4900,229,11974,390,52359,274,64333,California
Humboldt,2021-05-13,585,112717,290,54229,268,53561,27,4927,272,11962,311,52670,299,64632,California
Humboldt,2021-05-14,702,113419,140,54369,458,54019,104,5031,231,11828,468,53138,334,64966,California
Humboldt,2021-05-15,780,114199,641,55010,131,54150,8,5039,208,11473,571,53709,216,65182,California
Humboldt,2021-05-16,123,114322,54,55064,65,54215,4,5043,70,11494,53,53762,74,65256,California
Humboldt,2021-05-17,402,114724,214,55278,166,54381,22,5065,224,11563,177,53939,246,65502,California
Humboldt,2021-05-18,663,115387,323,55601,311,54692,29,5094,369,11667,294,54233,398,65900,California
Humboldt,2021-05-19,990,116377,549,56150,398,55090,43,5137,358,11438,628,54861,399,66299,California
Humboldt,2021-05-20,812,117189,605,56755,195,55285,12,5149,592,11826,217,55078,605,66904,California
Humboldt,2021-05-21,875,118064,290,57045,524,55809,61,5210,372,11756,503,55581,433,67337,California
Humboldt,2021-05-22,411,118475,318,57363,85,55894,8,5218,145,11645,264,55845,153,67490,California
Humboldt,2021-05-23,387,118862,320,57683,64,55958,3,5221,71,11403,316,56161,74,67564,California
Humboldt,2021-05-24,325,119187,172,57855,124,56082,29,5250,187,11482,137,56298,216,67780,California
Humboldt,2021-05-25,529,119716,337,58192,168,56250,24,5274,289,11558,237,56535,313,68093,California
Humboldt,2021-05-26,646,120362,310,58502,312,56562,24,5298,312,11561,333,56868,336,68429,California
Humboldt,2021-05-27,461,120823,244,58746,180,56742,37,5335,279,11695,182,57050,316,68745,California
Humboldt,2021-05-28,410,121233,194,58940,169,56911,47,5382,181,11695,228,57278,228,68973,California
Humboldt,2021-05-29,170,121403,101,59041,66,56977,3,5385,97,11722,73,57351,100,69073,California
Humboldt,2021-05-30,104,121507,45,59086,54,57031,5,5390,49,11722,54,57405,54,69127,California
Humboldt,2021-05-31,96,121603,50,59136,40,57071,6,5396,72,11776,23,57428,77,69204,California
Humboldt,2021-06-01,458,122061,269,59405,174,57245,15,5411,204,11742,253,57681,219,69423,California
Humboldt,2021-06-02,530,122591,249,59654,228,57473,53,5464,243,11755,281,57962,294,69717,California
Humboldt,2021-06-03,390,122981,226,59880,142,57615,22,5486,88,11591,274,58236,110,69827,California
Humboldt,2021-06-04,506,123487,315,60195,167,57782,24,5510,134,11420,328,58564,157,69984,California
Humboldt,2021-06-05,407,123894,312,60507,50,57832,45,5555,205,11523,147,58711,250,70234,California
Humboldt,2021-06-06,168,124062,116,60623,43,57875,9,5564,70,11509,93,58804,79,70313,California
Humboldt,2021-06-07,352,124414,216,60839,112,57987,24,5588,114,11410,237,59041,138,70451,California
Humboldt,2021-06-08,526,124940,305,61144,191,58178,30,5618,157,11229,368,59409,187,70638,California
Humboldt,2021-06-09,396,125336,205,61349,145,58323,46,5664,124,11129,270,59679,170,70808,California
Humboldt,2021-06-10,560,125896,446,61795,86,58409,28,5692,96,10793,460,60139,124,70932,California
Humboldt,2021-06-11,437,126333,250,62045,160,58569,27,5719,103,10590,333,60472,130,71062,California
Humboldt,2021-06-12,176,126509,131,62176,45,58614,0,5719,48,10511,127,60599,48,71110,California
Humboldt,2021-06-13,202,126711,134,62310,42,58656,26,5745,80,10496,121,60720,106,71216,California
Humboldt,2021-06-14,272,126983,126,62436,116,58772,30,5775,63,10380,208,60928,92,71308,California
Humboldt,2021-06-15,528,127511,360,62796,141,58913,27,5802,141,10166,381,61309,167,71475,California
Humboldt,2021-06-16,169,127680,87,62883,48,58961,34,5836,64,10160,104,61413,98,71573,California
Imperial,2020-12-16,1,1,1,1,0,0,0,0,1,1,0,0,1,1,California
Imperial,2020-12-17,4,5,4,5,0,0,0,0,4,5,0,0,4,5,California
Imperial,2020-12-18,12,17,12,17,0,0,0,0,12,17,0,0,12,17,California
Imperial,2020-12-20,3,20,3,20,0,0,0,0,3,20,0,0,3,20,California
Imperial,2020-12-21,186,206,186,206,0,0,0,0,186,206,0,0,186,206,California
Imperial,2020-12-22,241,447,239,445,2,2,0,0,241,447,0,0,241,447,California
Imperial,2020-12-23,211,658,210,655,1,3,0,0,210,657,0,0,210,657,California
Imperial,2020-12-24,5,663,5,660,0,3,0,0,5,662,0,0,5,662,California
Imperial,2020-12-26,2,665,1,661,1,4,0,0,2,664,0,0,2,664,California
Imperial,2020-12-27,62,727,0,661,62,66,0,0,62,726,0,0,62,726,California
Imperial,2020-12-28,214,941,114,775,100,166,0,0,214,940,0,0,214,940,California
Imperial,2020-12-29,189,1130,36,811,153,319,0,0,189,1129,0,0,189,1129,California
Imperial,2020-12-30,367,1497,50,861,317,636,0,0,367,1496,0,0,367,1496,California
Imperial,2020-12-31,198,1695,27,888,171,807,0,0,198,1694,0,0,198,1694,California
Imperial,2021-01-01,47,1742,5,893,42,849,0,0,47,1741,0,0,47,1741,California
Imperial,2021-01-02,4,1746,0,893,4,853,0,0,4,1745,0,0,4,1745,California
Imperial,2021-01-03,90,1836,0,893,90,943,0,0,90,1835,0,0,90,1835,California
Imperial,2021-01-04,87,1923,7,900,80,1023,0,0,87,1922,0,0,87,1922,California
Imperial,2021-01-05,172,2095,14,914,158,1181,0,0,172,2094,0,0,172,2094,California
Imperial,2021-01-06,190,2285,26,940,164,1345,0,0,189,2282,1,1,189,2283,California
Imperial,2021-01-07,324,2609,12,952,312,1657,0,0,321,2600,3,4,321,2604,California
Imperial,2021-01-08,194,2803,53,1005,141,1798,0,0,184,2774,10,14,184,2788,California
Imperial,2021-01-09,24,2827,21,1026,3,1801,0,0,24,2798,0,14,24,2812,California
Imperial,2021-01-10,5,2832,1,1027,4,1805,0,0,4,2801,1,15,4,2816,California
Imperial,2021-01-11,403,3235,244,1271,159,1964,0,0,175,2748,228,243,175,2991,California
Imperial,2021-01-12,409,3644,305,1576,104,2068,0,0,147,2634,261,504,147,3138,California
Imperial,2021-01-13,379,4023,133,1709,246,2314,0,0,279,2813,100,604,279,3417,California
Imperial,2021-01-14,259,4282,149,1858,110,2424,0,0,253,3061,5,609,253,3670,California
Imperial,2021-01-15,239,4521,181,2039,58,2482,0,0,232,3286,7,616,232,3902,California
Imperial,2021-01-16,80,4601,74,2113,6,2488,0,0,79,3364,1,617,79,3981,California
Imperial,2021-01-17,10,4611,2,2115,8,2496,0,0,10,3374,0,617,10,3991,California
Imperial,2021-01-18,1064,5675,399,2514,665,3161,0,0,966,4243,98,715,967,4958,California
Imperial,2021-01-19,169,5844,132,2646,37,3198,0,0,122,4318,47,762,122,5080,California
Imperial,2021-01-20,296,6140,198,2844,98,3296,0,0,258,4538,38,800,258,5338,California
Imperial,2021-01-21,437,6577,202,3046,235,3531,0,0,414,4930,23,823,415,5753,California
Imperial,2021-01-22,466,7043,192,3238,274,3805,0,0,457,5378,9,832,457,6210,California
Imperial,2021-01-23,1046,8089,294,3532,752,4557,0,0,1045,6422,1,833,1045,7255,California
Imperial,2021-01-24,11,8100,5,3537,6,4563,0,0,10,6431,1,834,10,7265,California
Imperial,2021-01-25,215,8315,5,3542,210,4773,0,0,34,6286,179,1013,34,7299,California
Imperial,2021-01-26,376,8691,190,3732,186,4959,0,0,232,6375,143,1156,232,7531,California
Imperial,2021-01-27,584,9275,169,3901,415,5374,0,0,249,6289,335,1491,249,7780,California
Imperial,2021-01-28,646,9921,165,4066,481,5855,0,0,536,6715,110,1601,536,8316,California
Imperial,2021-01-29,434,10355,301,4367,133,5988,0,0,384,7049,50,1651,384,8700,California
Imperial,2021-01-30,61,10416,34,4401,27,6015,0,0,44,7076,17,1668,44,8744,California
Imperial,2021-01-31,21,10437,11,4412,10,6025,0,0,20,7095,1,1669,20,8764,California
Imperial,2021-02-01,429,10866,58,4470,371,6396,0,0,218,7104,209,1878,218,8982,California
Imperial,2021-02-02,692,11558,62,4532,630,7026,0,0,508,7428,184,2062,508,9490,California
Imperial,2021-02-03,464,12022,52,4584,412,7438,0,0,268,7501,195,2257,268,9758,California
Imperial,2021-02-04,1733,13755,1212,5796,521,7959,0,0,1421,8611,311,2568,1421,11179,California
Imperial,2021-02-05,402,14157,242,6038,160,8119,0,0,169,8546,234,2802,169,11348,California
Imperial,2021-02-06,860,15017,837,6875,23,8142,0,0,825,9334,37,2839,825,12173,California
Imperial,2021-02-07,22,15039,9,6884,13,8155,0,0,21,9354,1,2840,21,12194,California
Imperial,2021-02-08,265,15304,57,6941,208,8363,0,0,196,9481,69,2909,196,12390,California
Imperial,2021-02-09,496,15800,170,7111,326,8689,0,0,333,9651,163,3072,333,12723,California
Imperial,2021-02-10,469,16269,63,7174,406,9095,0,0,106,9395,363,3435,107,12830,California
Imperial,2021-02-11,1049,17318,374,7548,675,9770,0,0,155,8661,889,4324,155,12985,California
Imperial,2021-02-12,2173,19491,1442,8990,731,10501,0,0,1818,10122,358,4682,1819,14804,California
Imperial,2021-02-13,49,19540,18,9008,31,10532,0,0,44,10159,8,4690,45,14849,California
Imperial,2021-02-14,24,19564,12,9020,12,10544,0,0,21,10177,3,4693,21,14870,California
Imperial,2021-02-15,115,19679,26,9046,89,10633,0,0,91,10244,24,4717,91,14961,California
Imperial,2021-02-16,531,20210,276,9322,255,10888,0,0,311,10335,220,4937,311,15272,California
Imperial,2021-02-17,446,20656,289,9611,157,11045,0,0,88,10065,358,5295,88,15360,California
Imperial,2021-02-18,659,21315,319,9930,340,11385,0,0,149,9705,509,5804,149,15509,California
Imperial,2021-02-19,778,22093,386,10316,392,11777,0,0,196,9320,581,6385,196,15705,California
Imperial,2021-02-20,1048,23141,196,10512,852,12629,0,0,330,8936,716,7101,332,16037,California
Imperial,2021-02-21,592,23733,558,11070,34,12663,0,0,580,9505,11,7112,580,16617,California
Imperial,2021-02-22,817,24550,576,11646,241,12904,0,0,767,10222,50,7162,767,17384,California
Imperial,2021-02-23,980,25530,409,12055,571,13475,0,0,923,11089,57,7219,924,18308,California
Imperial,2021-02-24,743,26273,305,12360,438,13913,0,0,640,11627,102,7321,640,18948,California
Imperial,2021-02-25,884,27157,346,12706,538,14451,0,0,509,11768,374,7695,515,19463,California
Imperial,2021-02-26,2300,29457,1357,14063,943,15394,0,0,1815,13100,484,8179,1816,21279,California
Imperial,2021-02-27,870,30327,812,14875,58,15452,0,0,136,12500,736,8915,136,21415,California
Imperial,2021-02-28,35,30362,22,14897,13,15465,0,0,25,12515,10,8925,25,21440,California
Imperial,2021-03-01,532,30894,307,15204,222,15687,3,3,458,12907,70,8995,462,21902,California
Imperial,2021-03-02,693,31587,253,15457,439,16126,1,4,395,13009,296,9291,398,22300,California
Imperial,2021-03-03,936,32523,57,15514,878,17004,1,5,565,13218,368,9659,577,22877,California
Imperial,2021-03-04,778,33301,90,15604,687,17691,1,6,509,13490,267,9926,539,23416,California
Imperial,2021-03-05,3112,36413,2222,17826,890,18581,0,6,1747,13871,1368,11294,1749,25165,California
Imperial,2021-03-06,704,37117,240,18066,464,19045,0,6,659,14492,42,11336,663,25828,California
Imperial,2021-03-07,85,37202,42,18108,43,19088,0,6,60,14529,24,11360,61,25889,California
Imperial,2021-03-08,431,37633,345,18453,51,19139,35,41,368,14869,63,11423,403,26292,California
Imperial,2021-03-09,711,38344,335,18788,129,19268,247,288,411,15225,301,11724,657,26949,California
Imperial,2021-03-10,709,39053,330,19118,274,19542,105,393,333,15288,375,12099,438,27387,California
Imperial,2021-03-11,1807,40860,488,19606,1128,20670,191,584,1200,16086,603,12702,1401,28788,California
Imperial,2021-03-12,4839,45699,3477,23083,1167,21837,195,779,3106,17660,1727,14429,3301,32089,California
Imperial,2021-03-13,1160,46859,95,23178,840,22677,225,1004,863,18458,294,14723,1092,33181,California
Imperial,2021-03-14,179,47038,37,23215,127,22804,15,1019,141,18577,38,14761,157,33338,California
Imperial,2021-03-15,707,47745,238,23453,205,23009,264,1283,400,18936,305,15066,664,34002,California
Imperial,2021-03-16,1134,48879,287,23740,377,23386,470,1753,567,19407,565,15631,1036,35038,California
Imperial,2021-03-17,1623,50502,708,24448,778,24164,137,1890,1026,19982,589,16220,1164,36202,California
Imperial,2021-03-18,1839,52341,1218,25666,561,24725,60,1950,1299,20807,536,16756,1361,37563,California
Imperial,2021-03-19,3800,56141,2780,28446,1016,25741,4,1954,1921,20862,1871,18627,1926,39489,California
Imperial,2021-03-20,1773,57914,552,28998,1215,26956,6,1960,1322,21751,445,19072,1334,40823,California
Imperial,2021-03-21,218,58132,35,29033,179,27135,4,1964,160,21861,58,19130,168,40991,California
Imperial,2021-03-22,1075,59207,355,29388,711,27846,9,1973,635,22069,438,19568,646,41637,California
Imperial,2021-03-23,1470,60677,453,29841,1011,28857,6,1979,947,22504,519,20087,954,42591,California
Imperial,2021-03-24,2173,62850,578,30419,1169,30026,426,2405,1175,23109,995,21082,1600,44191,California
Imperial,2021-03-25,3229,66079,704,31123,901,30927,1624,4029,1214,23928,2009,23091,2828,47019,California
Imperial,2021-03-26,3230,69309,1185,32308,1053,31980,992,5021,928,23557,2290,25381,1919,48938,California
Imperial,2021-03-27,621,69930,288,32596,281,32261,52,5073,449,23889,169,25550,501,49439,California
Imperial,2021-03-28,219,70149,56,32652,161,32422,2,5075,177,24027,41,25591,179,49618,California
Imperial,2021-03-29,1491,71640,366,33018,401,32823,724,5799,338,23936,1150,26741,1059,50677,California
Imperial,2021-03-30,2122,73762,699,33717,607,33430,816,6615,699,24028,1421,28162,1513,52190,California
Imperial,2021-03-31,1558,75320,739,34456,813,34243,6,6621,1032,24542,523,28685,1037,53227,California
Imperial,2021-04-01,2084,77404,437,34893,1403,35646,244,6865,886,24479,1192,29877,1129,54356,California
Imperial,2021-04-02,1967,79371,489,35382,1403,37049,75,6940,1336,25263,625,30502,1409,55765,California
Imperial,2021-04-03,1529,80900,439,35821,1011,38060,79,7019,711,25238,815,31317,790,56555,California
Imperial,2021-04-04,91,80991,47,35868,27,38087,17,7036,25,25214,66,31383,42,56597,California
Imperial,2021-04-05,3418,84409,2327,38195,926,39013,165,7201,809,23589,2599,33982,974,57571,California
Imperial,2021-04-06,1335,85744,546,38741,596,39609,193,7394,698,23849,632,34614,892,58463,California
Imperial,2021-04-07,2175,87919,562,39303,1236,40845,377,7771,1565,25174,615,35229,1940,60403,California
Imperial,2021-04-08,2226,90145,1091,40394,838,41683,297,8068,1079,25405,1143,36372,1374,61777,California
Imperial,2021-04-09,3233,93378,1665,42059,949,42632,619,8687,1523,25843,1702,38074,2140,63917,California
Imperial,2021-04-10,1309,94687,205,42264,831,43463,273,8960,244,25293,1062,39136,512,64429,California
Imperial,2021-04-11,222,94909,32,42296,158,43621,32,8992,77,25257,145,39281,109,64538,California
Imperial,2021-04-12,1468,96377,789,43085,457,44078,222,9214,836,25689,626,39907,1058,65596,California
Imperial,2021-04-13,2959,99336,1918,45003,1039,45117,2,9216,2056,26849,899,40806,2059,67655,California
Imperial,2021-04-14,2072,101408,972,45975,1100,46217,0,9216,1406,27596,660,41466,1407,69062,California
Imperial,2021-04-15,2007,103415,918,46893,1089,47306,0,9216,1369,28337,632,42098,1373,70435,California
Imperial,2021-04-16,3466,106881,1809,48702,1657,48963,0,9216,2169,29225,1284,43382,2172,72607,California
Imperial,2021-04-17,1826,108707,937,49639,887,49850,2,9218,1422,30251,399,43781,1425,74032,California
Imperial,2021-04-18,261,108968,75,49714,186,50036,0,9218,92,30177,167,43948,93,74125,California
Imperial,2021-04-19,869,109837,280,49994,589,50625,0,9218,480,30278,386,44334,487,74612,California
Imperial,2021-04-20,1340,111177,541,50535,799,51424,0,9218,750,30441,588,44922,751,75363,California
Imperial,2021-04-21,1395,112572,348,50883,1046,52470,1,9219,807,30667,581,45503,807,76170,California
Imperial,2021-04-22,2362,114934,824,51707,1538,54008,0,9219,1626,31575,720,46223,1628,77798,California
Imperial,2021-04-23,2839,117773,539,52246,2300,56308,0,9219,1097,30965,1711,47934,1101,78899,California
Imperial,2021-04-24,562,118335,335,52581,227,56535,0,9219,206,30818,353,48287,206,79105,California
Imperial,2021-04-25,274,118609,103,52684,171,56706,0,9219,139,30824,133,48420,139,79244,California
Imperial,2021-04-26,1251,119860,498,53182,749,57455,4,9223,716,31014,529,48949,719,79963,California
Imperial,2021-04-27,1150,121010,381,53563,759,58214,10,9233,567,31014,577,49526,577,80540,California
Imperial,2021-04-28,1500,122510,653,54216,818,59032,29,9262,679,30907,815,50341,708,81248,California
Imperial,2021-04-29,1851,124361,868,55084,935,59967,48,9310,819,30753,1022,51363,868,82116,California
Imperial,2021-04-30,3275,127636,1683,56767,1558,61525,34,9344,1583,30690,1681,53044,1618,83734,California
Imperial,2021-05-01,342,127978,144,56911,195,61720,3,9347,164,30681,177,53221,168,83902,California
Imperial,2021-05-02,85,128063,26,56937,57,61777,2,9349,51,30701,34,53255,54,83956,California
Imperial,2021-05-03,1655,129718,556,57493,1051,62828,48,9397,378,29862,1264,54519,425,84381,California
Imperial,2021-05-04,1766,131484,973,58466,766,63594,27,9424,542,29215,1216,55735,569,84950,California
Imperial,2021-05-05,1514,132998,900,59366,593,64187,21,9445,448,28631,1054,56789,470,85420,California
Imperial,2021-05-06,1699,134697,1116,60482,541,64728,42,9487,549,28078,1144,57933,591,86011,California
Imperial,2021-05-07,2600,137297,1457,61939,1098,65826,45,9532,858,27263,1721,59654,906,86917,California
Imperial,2021-05-08,710,138007,571,62510,131,65957,8,9540,184,26932,523,60177,192,87109,California
Imperial,2021-05-09,98,138105,65,62575,32,65989,1,9541,31,26900,64,60241,32,87141,California
Imperial,2021-05-10,1171,139276,305,62880,743,66732,123,9664,345,26548,819,61060,467,87608,California
Imperial,2021-05-11,1479,140755,476,63356,984,67716,19,9683,496,26092,975,62035,519,88127,California
Imperial,2021-05-12,864,141619,273,63629,553,68269,38,9721,306,25882,553,62588,343,88470,California
Imperial,2021-05-13,1871,143490,1251,64880,548,68817,72,9793,821,25733,1041,63629,892,89362,California
Imperial,2021-05-14,1767,145257,974,65854,733,69550,60,9853,1159,26356,596,64225,1219,90581,California
Imperial,2021-05-15,1241,146498,483,66337,737,70287,21,9874,470,26083,764,64989,491,91072,California
Imperial,2021-05-16,124,146622,84,66421,37,70324,3,9877,51,26065,72,65061,54,91126,California
Imperial,2021-05-17,1980,148602,724,67145,1208,71532,48,9925,688,25516,1286,66347,737,91863,California
Imperial,2021-05-18,1691,150293,894,68039,725,72257,72,9997,923,25749,762,67109,995,92858,California
Imperial,2021-05-19,1287,151580,605,68644,613,72870,69,10066,611,25759,669,67778,679,93537,California
Imperial,2021-05-20,1606,153186,1015,69659,524,73394,67,10133,727,25687,867,68645,795,94332,California
Imperial,2021-05-21,1919,155105,1230,70889,625,74019,64,10197,963,25770,945,69590,1028,95360,California
Imperial,2021-05-22,292,155397,187,71076,89,74108,16,10213,151,25802,135,69725,167,95527,California
Imperial,2021-05-23,92,155489,32,71108,51,74159,9,10222,33,25787,57,69782,42,95569,California
Imperial,2021-05-24,1252,156741,614,71722,580,74739,58,10280,520,25638,725,70507,576,96145,California
Imperial,2021-05-25,1441,158182,476,72198,932,75671,33,10313,518,25276,914,71421,552,96697,California
Imperial,2021-05-26,1040,159222,542,72740,450,76121,48,10361,456,25199,581,72002,504,97201,California
Imperial,2021-05-27,1320,160542,726,73466,524,76645,70,10431,645,25245,669,72671,715,97916,California
Imperial,2021-05-28,1037,161579,597,74063,368,77013,72,10503,384,25058,643,73314,456,98372,California
Imperial,2021-05-29,225,161804,126,74189,93,77106,6,10509,115,25069,110,73424,121,98493,California
Imperial,2021-05-30,94,161898,27,74216,65,77171,2,10511,63,25103,31,73455,65,98558,California
Imperial,2021-05-31,77,161975,19,74235,52,77223,6,10517,34,25100,43,73498,40,98598,California
Imperial,2021-06-01,1188,163163,550,74785,573,77796,65,10582,472,24930,708,74206,538,99136,California
Imperial,2021-06-02,1091,164254,599,75384,401,78197,91,10673,560,25052,527,74733,649,99785,California
Imperial,2021-06-03,1247,165501,734,76118,420,78617,93,10766,593,25091,647,75380,686,100471,California
Imperial,2021-06-04,2213,167714,1587,77705,522,79139,104,10870,980,24952,1223,76603,1084,101555,California
Imperial,2021-06-05,363,168077,229,77934,119,79258,15,10885,176,24960,183,76786,191,101746,California
Imperial,2021-06-06,82,168159,46,77980,24,79282,12,10897,44,24978,38,76824,56,101802,California
Imperial,2021-06-07,999,169158,651,78631,283,79565,65,10962,490,25027,506,77330,555,102357,California
Imperial,2021-06-08,1344,170502,1019,79650,268,79833,57,11019,544,24832,796,78126,601,102958,California
Imperial,2021-06-09,1057,171559,768,80418,231,80064,58,11077,488,24819,562,78688,549,103507,California
Imperial,2021-06-10,1132,172691,777,81195,311,80375,44,11121,445,24623,684,79372,488,103995,California
Imperial,2021-06-11,1579,174270,1144,82339,392,80767,43,11164,682,24462,886,80258,725,104720,California
Imperial,2021-06-12,238,174508,121,82460,105,80872,12,11176,98,24435,136,80394,109,104829,California
Imperial,2021-06-13,82,174590,21,82481,59,80931,2,11178,56,24467,26,80420,58,104887,California
Imperial,2021-06-14,804,175394,583,83064,179,81110,42,11220,340,24388,461,80881,382,105269,California
Imperial,2021-06-15,939,176333,696,83760,221,81331,22,11242,430,24337,504,81385,453,105722,California
Imperial,2021-06-16,597,176930,421,84181,146,81477,30,11272,314,24401,281,81666,345,106067,California
Inyo,2020-12-19,85,85,85,85,0,0,0,0,85,85,0,0,85,85,California
Inyo,2020-12-20,59,144,59,144,0,0,0,0,59,144,0,0,59,144,California
Inyo,2020-12-21,88,232,85,229,3,3,0,0,88,232,0,0,88,232,California
Inyo,2020-12-22,102,334,102,331,0,3,0,0,102,334,0,0,102,334,California
Inyo,2020-12-23,68,402,65,396,3,6,0,0,68,402,0,0,68,402,California
Inyo,2020-12-24,16,418,16,412,0,6,0,0,16,418,0,0,16,418,California
Inyo,2020-12-25,1,419,0,412,1,7,0,0,1,419,0,0,1,419,California
Inyo,2020-12-26,74,493,74,486,0,7,0,0,74,493,0,0,74,493,California
Inyo,2020-12-28,48,541,36,522,12,19,0,0,48,541,0,0,48,541,California
Inyo,2020-12-29,19,560,19,541,0,19,0,0,19,560,0,0,19,560,California
Inyo,2020-12-30,56,616,54,595,2,21,0,0,56,616,0,0,56,616,California
Inyo,2020-12-31,29,645,0,595,29,50,0,0,29,645,0,0,29,645,California
Inyo,2021-01-01,1,646,0,595,1,51,0,0,1,646,0,0,1,646,California
Inyo,2021-01-03,1,647,0,595,1,52,0,0,1,647,0,0,1,647,California
Inyo,2021-01-04,2,649,1,596,1,53,0,0,2,649,0,0,2,649,California
Inyo,2021-01-05,34,683,0,596,34,87,0,0,34,683,0,0,34,683,California
Inyo,2021-01-06,61,744,0,596,61,148,0,0,61,744,0,0,61,744,California
Inyo,2021-01-07,31,775,1,597,30,178,0,0,31,775,0,0,31,775,California
Inyo,2021-01-08,9,784,8,605,1,179,0,0,4,775,5,5,5,780,California
Inyo,2021-01-09,86,870,86,691,0,179,0,0,0,689,86,91,0,780,California
Inyo,2021-01-10,53,923,53,744,0,179,0,0,0,636,53,144,0,780,California
Inyo,2021-01-11,97,1020,82,826,15,194,0,0,16,571,81,225,16,796,California
Inyo,2021-01-12,135,1155,114,940,21,215,0,0,27,490,108,333,27,823,California
Inyo,2021-01-13,85,1240,67,1007,18,233,0,0,21,448,64,397,22,845,California
Inyo,2021-01-14,58,1298,13,1020,45,278,0,0,48,486,10,407,48,893,California
Inyo,2021-01-15,156,1454,28,1048,128,406,0,0,156,642,0,407,156,1049,California
Inyo,2021-01-16,73,1527,73,1121,0,406,0,0,0,569,73,480,0,1049,California
Inyo,2021-01-18,58,1585,36,1157,22,428,0,0,19,549,39,519,19,1068,California
Inyo,2021-01-19,112,1697,71,1228,41,469,0,0,95,627,17,536,95,1163,California
Inyo,2021-01-20,147,1844,70,1298,77,546,0,0,92,665,55,591,93,1256,California
Inyo,2021-01-21,117,1961,57,1355,60,606,0,0,116,780,1,592,116,1372,California
Inyo,2021-01-22,62,2023,0,1355,62,668,0,0,61,840,1,593,61,1433,California
Inyo,2021-01-23,46,2069,45,1400,1,669,0,0,46,886,0,593,46,1479,California
Inyo,2021-01-25,47,2116,4,1404,43,712,0,0,35,909,12,605,35,1514,California
Inyo,2021-01-26,130,2246,49,1453,81,793,0,0,124,1027,6,611,124,1638,California
Inyo,2021-01-27,24,2270,2,1455,22,815,0,0,23,1049,1,612,23,1661,California
Inyo,2021-01-28,91,2361,2,1457,89,904,0,0,62,1082,29,641,62,1723,California
Inyo,2021-01-29,25,2386,3,1460,22,926,0,0,23,1103,2,643,23,1746,California
Inyo,2021-01-30,10,2396,0,1460,10,936,0,0,10,1113,0,643,10,1756,California
Inyo,2021-01-31,25,2421,3,1463,22,958,0,0,4,1095,22,665,4,1760,California
Inyo,2021-02-01,10,2431,9,1472,1,959,0,0,0,1085,10,675,0,1760,California
Inyo,2021-02-02,130,2561,14,1486,116,1075,0,0,104,1163,26,701,104,1864,California
Inyo,2021-02-03,114,2675,0,1486,114,1189,0,0,73,1195,41,742,73,1937,California
Inyo,2021-02-04,148,2823,32,1518,116,1305,0,0,89,1225,59,801,89,2026,California
Inyo,2021-02-05,109,2932,53,1571,56,1361,0,0,107,1330,2,803,107,2133,California
Inyo,2021-02-06,3,2935,2,1573,1,1362,0,0,3,1333,0,803,3,2136,California
Inyo,2021-02-07,4,2939,2,1575,2,1364,0,0,4,1337,0,803,4,2140,California
Inyo,2021-02-08,115,3054,6,1581,109,1473,0,0,96,1414,19,822,96,2236,California
Inyo,2021-02-09,194,3248,52,1633,142,1615,0,0,124,1468,70,892,124,2360,California
Inyo,2021-02-10,142,3390,16,1649,126,1741,0,0,109,1544,33,925,109,2469,California
Inyo,2021-02-11,220,3610,56,1705,164,1905,0,0,126,1576,94,1019,126,2595,California
Inyo,2021-02-12,291,3901,50,1755,241,2146,0,0,166,1617,125,1144,166,2761,California
Inyo,2021-02-13,50,3951,46,1801,4,2150,0,0,6,1579,44,1188,6,2767,California
Inyo,2021-02-14,1,3952,0,1801,1,2151,0,0,1,1580,0,1188,1,2768,California
Inyo,2021-02-15,26,3978,7,1808,19,2170,0,0,5,1564,21,1209,5,2773,California
Inyo,2021-02-16,173,4151,45,1853,128,2298,0,0,91,1574,81,1290,91,2864,California
Inyo,2021-02-17,38,4189,4,1857,34,2332,0,0,8,1552,30,1320,8,2872,California
Inyo,2021-02-18,119,4308,6,1863,113,2445,0,0,79,1591,40,1360,79,2951,California
Inyo,2021-02-19,52,4360,5,1868,47,2492,0,0,9,1557,43,1403,9,2960,California
Inyo,2021-02-20,505,4865,500,2368,5,2497,0,0,503,2058,2,1405,503,3463,California
Inyo,2021-02-21,439,5304,439,2807,0,2497,0,0,439,2497,0,1405,439,3902,California
Inyo,2021-02-22,60,5364,18,2825,42,2539,0,0,26,2489,34,1439,26,3928,California
Inyo,2021-02-23,193,5557,17,2842,176,2715,0,0,90,2477,102,1541,90,4018,California
Inyo,2021-02-24,117,5674,0,2842,117,2832,0,0,57,2474,60,1601,57,4075,California
Inyo,2021-02-25,129,5803,3,2845,126,2958,0,0,61,2467,68,1669,61,4136,California
Inyo,2021-02-26,96,5899,52,2897,44,3002,0,0,20,2411,76,1745,20,4156,California
Inyo,2021-02-27,14,5913,3,2900,11,3013,0,0,2,2401,12,1757,2,4158,California
Inyo,2021-02-28,3,5916,1,2901,2,3015,0,0,2,2402,1,1758,2,4160,California
Inyo,2021-03-01,19,5935,2,2903,17,3032,0,0,17,2417,2,1760,17,4177,California
Inyo,2021-03-02,193,6128,0,2903,193,3225,0,0,108,2440,85,1845,108,4285,California
Inyo,2021-03-03,83,6211,3,2906,80,3305,0,0,41,2439,42,1887,41,4326,California
Inyo,2021-03-04,124,6335,2,2908,122,3427,0,0,44,2403,80,1967,44,4370,California
Inyo,2021-03-05,138,6473,53,2961,85,3512,0,0,38,2341,100,2067,38,4408,California
Inyo,2021-03-06,20,6493,1,2962,19,3531,0,0,19,2359,1,2068,19,4427,California
Inyo,2021-03-07,6,6499,3,2965,3,3534,0,0,4,2361,2,2070,4,4431,California
Inyo,2021-03-08,171,6670,5,2970,166,3700,0,0,81,2352,90,2160,81,4512,California
Inyo,2021-03-09,189,6859,2,2972,187,3887,0,0,73,2309,116,2276,73,4585,California
Inyo,2021-03-10,72,6931,9,2981,62,3949,1,1,30,2298,42,2318,31,4616,California
Inyo,2021-03-11,204,7135,1,2982,198,4147,5,6,74,2247,130,2448,79,4695,California
Inyo,2021-03-12,174,7309,4,2986,165,4312,5,11,76,2230,98,2546,81,4776,California
Inyo,2021-03-13,572,7881,540,3526,23,4335,9,20,64,1796,507,3053,73,4849,California
Inyo,2021-03-14,439,8320,438,3964,1,4336,0,20,5,1368,433,3486,5,4854,California
Inyo,2021-03-15,50,8370,14,3978,34,4370,2,22,30,1380,20,3506,32,4886,California
Inyo,2021-03-16,162,8532,3,3981,153,4523,6,28,63,1351,98,3604,69,4955,California
Inyo,2021-03-17,108,8640,3,3984,98,4621,7,35,92,1434,16,3620,99,5054,California
Inyo,2021-03-18,182,8822,15,3999,160,4781,7,42,102,1463,80,3700,109,5163,California
Inyo,2021-03-19,44,8866,3,4002,37,4818,4,46,35,1493,9,3709,39,5202,California
Inyo,2021-03-20,19,8885,1,4003,9,4827,9,55,0,1483,19,3728,9,5211,California
Inyo,2021-03-22,58,8943,2,4005,51,4878,5,60,38,1506,20,3748,43,5254,California
Inyo,2021-03-23,192,9135,3,4008,185,5063,4,64,105,1528,87,3835,109,5363,California
Inyo,2021-03-24,140,9275,3,4011,133,5196,4,68,86,1564,54,3889,90,5453,California
Inyo,2021-03-25,330,9605,109,4120,218,5414,3,71,265,1767,65,3954,268,5721,California
Inyo,2021-03-26,92,9697,3,4123,85,5499,4,75,71,1821,21,3975,75,5796,California
Inyo,2021-03-27,48,9745,40,4163,5,5504,3,78,42,1860,6,3981,45,5841,California
Inyo,2021-03-28,3,9748,0,4163,2,5506,1,79,1,1860,2,3983,2,5843,California
Inyo,2021-03-29,108,9856,2,4165,101,5607,5,84,81,1920,26,4009,86,5929,California
Inyo,2021-03-30,218,10074,1,4166,212,5819,5,89,109,1925,109,4118,114,6043,California
Inyo,2021-03-31,149,10223,3,4169,140,5959,6,95,107,1996,42,4160,113,6156,California
Inyo,2021-04-01,166,10389,3,4172,162,6121,1,96,118,2067,48,4208,119,6275,California
Inyo,2021-04-02,78,10467,1,4173,75,6196,2,98,49,2089,29,4237,51,6326,California
Inyo,2021-04-03,75,10542,39,4212,23,6219,13,111,3,2034,70,4307,15,6341,California
Inyo,2021-04-04,5,10547,4,4216,0,6219,1,112,1,2032,4,4311,2,6343,California
Inyo,2021-04-05,106,10653,1,4217,101,6320,4,116,29,1988,77,4388,33,6376,California
Inyo,2021-04-06,235,10888,4,4221,168,6488,63,179,104,2024,131,4519,167,6543,California
Inyo,2021-04-07,206,11094,2,4223,76,6564,128,307,47,2040,159,4678,175,6718,California
Inyo,2021-04-08,181,11275,15,4238,149,6713,17,324,81,2038,100,4778,98,6816,California
Inyo,2021-04-09,122,11397,5,4243,94,6807,23,347,36,2012,85,4863,59,6875,California
Inyo,2021-04-10,39,11436,1,4244,21,6828,17,364,3,1996,36,4899,20,6895,California
Inyo,2021-04-11,1,11437,0,4244,1,6829,0,364,1,1997,0,4899,1,6896,California
Inyo,2021-04-12,79,11516,0,4244,74,6903,5,369,41,2005,38,4937,46,6942,California
Inyo,2021-04-13,122,11638,4,4248,115,7018,3,372,63,2013,58,4995,66,7008,California
Inyo,2021-04-14,131,11769,2,4250,129,7147,0,372,46,1974,85,5080,46,7054,California
Inyo,2021-04-15,272,12041,116,4366,156,7303,0,372,78,1858,194,5274,78,7132,California
Inyo,2021-04-16,45,12086,4,4370,41,7344,0,372,17,1847,28,5302,17,7149,California
Inyo,2021-04-17,2,12088,1,4371,1,7345,0,372,1,1847,1,5303,1,7150,California
Inyo,2021-04-19,122,12210,38,4409,84,7429,0,372,42,1810,80,5383,43,7193,California
Inyo,2021-04-20,163,12373,2,4411,161,7590,0,372,79,1805,84,5467,79,7272,California
Inyo,2021-04-21,112,12485,3,4414,109,7699,0,372,32,1757,80,5547,32,7304,California
Inyo,2021-04-22,196,12681,1,4415,195,7894,0,372,51,1663,145,5692,51,7355,California
Inyo,2021-04-23,95,12776,4,4419,91,7985,0,372,22,1612,73,5765,22,7377,California
Inyo,2021-04-24,309,13085,308,4727,1,7986,0,372,305,1913,4,5769,305,7682,California
Inyo,2021-04-25,133,13218,132,4859,1,7987,0,372,133,2046,0,5769,133,7815,California
Inyo,2021-04-26,92,13310,2,4861,89,8076,1,373,11,1978,80,5849,12,7827,California
Inyo,2021-04-27,183,13493,6,4867,172,8248,5,378,47,1894,136,5985,52,7879,California
Inyo,2021-04-28,121,13614,2,4869,117,8365,2,380,20,1815,101,6086,22,7901,California
Inyo,2021-04-29,171,13785,55,4924,116,8481,0,380,76,1796,95,6181,76,7977,California
Inyo,2021-04-30,82,13867,5,4929,76,8557,1,381,23,1761,59,6240,24,8001,California
Inyo,2021-05-01,11,13878,3,4932,8,8565,0,381,9,1768,2,6242,9,8010,California
Inyo,2021-05-02,6,13884,2,4934,2,8567,2,383,4,1772,2,6244,6,8016,California
Inyo,2021-05-03,38,13922,1,4935,33,8600,4,387,5,1748,33,6277,9,8025,California
Inyo,2021-05-04,123,14045,2,4937,117,8717,4,391,20,1669,103,6380,24,8049,California
Inyo,2021-05-05,36,14081,0,4937,34,8751,2,393,11,1657,25,6405,13,8062,California
Inyo,2021-05-06,92,14173,3,4940,81,8832,8,401,13,1599,79,6484,21,8083,California
Inyo,2021-05-07,48,14221,3,4943,37,8869,8,409,24,1608,23,6507,32,8115,California
Inyo,2021-05-08,11,14232,2,4945,4,8873,5,414,4,1610,7,6514,9,8124,California
Inyo,2021-05-09,1,14233,0,4945,1,8874,0,414,0,1609,1,6515,0,8124,California
Inyo,2021-05-10,69,14302,1,4946,66,8940,2,416,31,1604,39,6554,34,8158,California
Inyo,2021-05-11,87,14389,1,4947,83,9023,3,419,20,1560,67,6621,23,8181,California
Inyo,2021-05-12,43,14432,1,4948,40,9063,2,421,11,1541,32,6653,13,8194,California
Inyo,2021-05-13,75,14507,1,4949,73,9136,1,422,12,1491,63,6716,13,8207,California
Inyo,2021-05-14,25,14532,3,4952,17,9153,5,427,12,1495,13,6729,17,8224,California
Inyo,2021-05-15,374,14906,362,5314,10,9163,2,429,82,1287,292,7021,84,8308,California
Inyo,2021-05-16,199,15105,199,5513,0,9163,0,429,72,1232,127,7148,72,8380,California
Inyo,2021-05-17,62,15167,3,5516,55,9218,4,433,19,1213,42,7190,23,8403,California
Inyo,2021-05-18,83,15250,2,5518,80,9298,1,434,17,1165,66,7256,18,8421,California
Inyo,2021-05-19,47,15297,2,5520,40,9338,5,439,13,1149,34,7290,18,8439,California
Inyo,2021-05-20,143,15440,80,5600,62,9400,1,440,34,1075,109,7399,35,8474,California
Inyo,2021-05-21,48,15488,18,5618,25,9425,5,445,19,1070,29,7428,24,8498,California
Inyo,2021-05-22,24,15512,14,5632,7,9432,3,448,17,1083,7,7435,20,8518,California
Inyo,2021-05-23,2,15514,1,5633,0,9432,1,449,0,1082,2,7437,1,8519,California
Inyo,2021-05-24,33,15547,6,5639,24,9456,3,452,13,1078,20,7457,16,8535,California
Inyo,2021-05-25,82,15629,39,5678,41,9497,2,454,47,1092,35,7492,49,8584,California
Inyo,2021-05-26,37,15666,10,5688,25,9522,2,456,15,1087,22,7514,17,8601,California
Inyo,2021-05-27,39,15705,10,5698,21,9543,8,464,12,1081,26,7540,20,8621,California
Inyo,2021-05-28,26,15731,6,5704,15,9558,5,469,8,1076,18,7558,13,8634,California
Inyo,2021-05-29,15,15746,5,5709,10,9568,0,469,7,1075,8,7566,7,8641,California
Inyo,2021-05-30,2,15748,0,5709,2,9570,0,469,0,1073,2,7568,0,8641,California
Inyo,2021-06-01,54,15802,16,5725,32,9602,6,475,23,1071,31,7599,29,8670,California
Inyo,2021-06-02,10,15812,8,5733,1,9603,1,476,9,1080,1,7600,10,8680,California
Inyo,2021-06-03,26,15838,0,5733,18,9621,8,484,1,1064,25,7625,9,8689,California
Inyo,2021-06-04,32,15870,6,5739,22,9643,4,488,12,1060,20,7645,16,8705,California
Inyo,2021-06-05,17,15887,8,5747,8,9651,1,489,4,1052,13,7658,5,8710,California
Inyo,2021-06-06,1,15888,1,5748,0,9651,0,489,1,1053,0,7658,1,8711,California
Inyo,2021-06-07,51,15939,15,5763,33,9684,3,492,5,1015,46,7704,8,8719,California
Inyo,2021-06-08,53,15992,25,5788,25,9709,3,495,26,1018,27,7731,30,8749,California
Inyo,2021-06-09,109,16101,93,5881,14,9723,2,497,14,939,95,7826,16,8765,California
Inyo,2021-06-10,53,16154,38,5919,10,9733,5,502,16,923,37,7863,21,8786,California
Inyo,2021-06-11,43,16197,22,5941,19,9752,2,504,17,916,26,7889,19,8805,California
Inyo,2021-06-12,14,16211,7,5948,6,9758,1,505,5,913,9,7898,6,8811,California
Inyo,2021-06-13,1,16212,0,5948,1,9759,0,505,0,912,1,7899,0,8811,California
Inyo,2021-06-14,53,16265,23,5971,27,9786,3,508,6,874,47,7946,9,8820,California
Inyo,2021-06-15,44,16309,31,6002,9,9795,4,512,9,852,35,7981,13,8833,California
Inyo,2021-06-16,21,16330,12,6014,9,9804,0,512,6,843,15,7996,6,8839,California
Kern,2020-12-15,1,1,1,1,0,0,0,0,1,1,0,0,1,1,California
Kern,2020-12-16,19,20,19,20,0,0,0,0,19,20,0,0,19,20,California
Kern,2020-12-17,162,182,162,182,0,0,0,0,162,182,0,0,162,182,California
Kern,2020-12-18,322,504,322,504,0,0,0,0,322,504,0,0,322,504,California
Kern,2020-12-19,99,603,99,603,0,0,0,0,99,603,0,0,99,603,California
Kern,2020-12-20,61,664,61,664,0,0,0,0,61,664,0,0,61,664,California
Kern,2020-12-21,672,1336,671,1335,1,1,0,0,672,1336,0,0,672,1336,California
Kern,2020-12-22,531,1867,529,1864,2,3,0,0,531,1867,0,0,531,1867,California
Kern,2020-12-23,556,2423,418,2282,138,141,0,0,556,2423,0,0,556,2423,California
Kern,2020-12-24,123,2546,44,2326,79,220,0,0,123,2546,0,0,123,2546,California
Kern,2020-12-25,1,2547,1,2327,0,220,0,0,1,2547,0,0,1,2547,California
Kern,2020-12-26,33,2580,1,2328,32,252,0,0,33,2580,0,0,33,2580,California
Kern,2020-12-27,35,2615,3,2331,32,284,0,0,35,2615,0,0,35,2615,California
Kern,2020-12-28,828,3443,663,2994,165,449,0,0,828,3443,0,0,828,3443,California
Kern,2020-12-29,745,4188,451,3445,294,743,0,0,744,4186,1,1,744,4187,California
Kern,2020-12-30,1206,5394,914,4359,292,1035,0,0,1206,5392,0,1,1206,5393,California
Kern,2020-12-31,278,5672,99,4458,179,1214,0,0,278,5670,0,1,278,5671,California
Kern,2021-01-01,17,5689,9,4467,8,1222,0,0,17,5687,0,1,17,5688,California
Kern,2021-01-02,79,5768,18,4485,61,1283,0,0,79,5766,0,1,79,5767,California
Kern,2021-01-03,23,5791,4,4489,19,1302,0,0,23,5789,0,1,23,5790,California
Kern,2021-01-04,554,6345,362,4851,192,1494,0,0,554,6343,0,1,554,6344,California
Kern,2021-01-05,1135,7480,739,5590,396,1890,0,0,1123,7454,12,13,1123,7467,California
Kern,2021-01-06,1162,8642,448,6038,714,2604,0,0,1132,8556,30,43,1132,8599,California
Kern,2021-01-07,1407,10049,485,6523,922,3526,0,0,1240,9630,166,209,1240,9839,California
Kern,2021-01-08,1624,11673,766,7289,858,4384,0,0,1327,10659,298,507,1327,11166,California
Kern,2021-01-09,228,11901,78,7367,150,4534,0,0,193,10817,35,542,193,11359,California
Kern,2021-01-10,194,12095,149,7516,45,4579,0,0,153,10929,41,583,153,11512,California
Kern,2021-01-11,1559,13654,988,8504,571,5150,0,0,999,11368,560,1143,999,12511,California
Kern,2021-01-12,1873,15527,814,9318,1059,6209,0,0,1359,12214,513,1656,1359,13870,California
Kern,2021-01-13,1859,17386,875,10193,984,7193,0,0,1436,13227,423,2079,1436,15306,California
Kern,2021-01-14,2194,19580,649,10842,1545,8738,0,0,2148,15329,46,2125,2148,17454,California
Kern,2021-01-15,2719,22299,857,11699,1862,10600,0,0,2622,17857,95,2220,2623,20077,California
Kern,2021-01-16,674,22973,213,11912,461,11061,0,0,639,18461,35,2255,639,20716,California
Kern,2021-01-17,74,23047,7,11919,67,11128,0,0,72,18531,2,2257,72,20788,California
Kern,2021-01-18,1645,24692,657,12576,988,12116,0,0,1479,19844,166,2423,1479,22267,California
Kern,2021-01-19,1856,26548,1033,13609,823,12939,0,0,1391,20771,465,2888,1392,23659,California
Kern,2021-01-20,2620,29168,1682,15291,938,13877,0,0,1915,21988,700,3588,1917,25576,California
Kern,2021-01-21,2114,31282,867,16158,1247,15124,0,0,1918,23711,195,3783,1918,27494,California
Kern,2021-01-22,2716,33998,1302,17460,1414,16538,0,0,2437,25870,278,4061,2437,29931,California
Kern,2021-01-23,1247,35245,540,18000,707,17245,0,0,1201,27025,46,4107,1201,31132,California
Kern,2021-01-24,152,35397,11,18011,141,17386,0,0,146,27165,6,4113,146,31278,California
Kern,2021-01-25,2382,37779,1082,19093,1300,18686,0,0,1897,28579,484,4597,1898,33176,California
Kern,2021-01-26,2773,40552,1127,20220,1646,20332,0,0,1913,29633,859,5456,1913,35089,California
Kern,2021-01-27,3554,44106,1896,22116,1658,21990,0,0,2857,31796,694,6150,2857,37946,California
Kern,2021-01-28,2888,46994,1363,23479,1525,23515,0,0,2456,33828,427,6577,2459,40405,California
Kern,2021-01-29,3796,50790,1801,25280,1995,25510,0,0,3247,36531,546,7123,3249,43654,California
Kern,2021-01-30,1333,52123,501,25781,832,26342,0,0,1282,37764,49,7172,1282,44936,California
Kern,2021-01-31,402,52525,275,26056,127,26469,0,0,267,37896,135,7307,267,45203,California
Kern,2021-02-01,2597,55122,989,27045,1608,28077,0,0,1885,39073,709,8016,1886,47089,California
Kern,2021-02-02,2757,57879,799,27844,1958,30035,0,0,2053,40423,704,8720,2054,49143,California
Kern,2021-02-03,3676,61555,1554,29398,2122,32157,0,0,2705,42164,964,9684,2705,51848,California
Kern,2021-02-04,3806,65361,1451,30849,2355,34512,0,0,2587,43542,1209,10893,2587,54435,California
Kern,2021-02-05,4860,70221,1989,32838,2871,37383,0,0,3098,44897,1743,12636,3098,57533,California
Kern,2021-02-06,1743,71964,770,33608,973,38356,0,0,1516,46189,224,12860,1516,59049,California
Kern,2021-02-07,282,72246,150,33758,132,38488,0,0,265,46439,15,12875,265,59314,California
Kern,2021-02-08,2562,74808,784,34542,1778,40266,0,0,1256,46408,1288,14163,1257,60571,California
Kern,2021-02-09,3039,77847,987,35529,2052,42318,0,0,1464,46305,1567,15730,1464,62035,California
Kern,2021-02-10,3801,81648,1661,37190,2140,44458,0,0,1883,46287,1902,17632,1884,63919,California
Kern,2021-02-11,4266,85914,1533,38723,2733,47191,0,0,2223,46481,2030,19662,2224,66143,California
Kern,2021-02-12,4971,90885,1891,40614,3080,50271,0,0,2475,46474,2482,22144,2475,68618,California
Kern,2021-02-13,2008,92893,726,41340,1282,51553,0,0,1160,46788,846,22990,1160,69778,California
Kern,2021-02-14,350,93243,12,41352,338,51891,0,0,268,46975,81,23071,268,70046,California
Kern,2021-02-15,2744,95987,898,42250,1846,53737,0,0,1211,46661,1525,24596,1211,71257,California
Kern,2021-02-16,2947,98934,713,42963,2234,55971,0,0,1656,47036,1282,25878,1657,72914,California
Kern,2021-02-17,4073,103007,2076,45039,1997,57968,0,0,1924,46818,2143,28021,1925,74839,California
Kern,2021-02-18,3757,106764,1485,46524,2272,60240,0,0,1625,46321,2122,30143,1625,76464,California
Kern,2021-02-19,4193,110957,1915,48439,2278,62518,0,0,1736,45607,2450,32593,1736,78200,California
Kern,2021-02-20,2581,113538,967,49406,1614,64132,0,0,1348,45726,1229,33822,1348,79548,California
Kern,2021-02-21,257,113795,151,49557,106,64238,0,0,89,45649,166,33988,89,79637,California
Kern,2021-02-22,2674,116469,1154,50711,1520,65758,0,0,1434,45849,1234,35222,1434,81071,California
Kern,2021-02-23,3580,120049,1134,51845,2446,68204,0,0,1998,46268,1580,36802,1999,83070,California
Kern,2021-02-24,5213,125262,2290,54135,2923,71127,0,0,3106,47271,2103,38905,3106,86176,California
Kern,2021-02-25,5380,130642,2460,56595,2920,74047,0,0,3196,48304,2165,41070,3198,89374,California
Kern,2021-02-26,6929,137571,3540,60135,3389,77436,0,0,4364,50111,2558,43628,4365,93739,California
Kern,2021-02-27,3955,141526,1983,62118,1972,79408,0,0,2615,51394,1332,44960,2615,96354,California
Kern,2021-02-28,916,142442,503,62621,412,79820,1,1,696,51873,218,45178,697,97051,California
Kern,2021-03-01,4015,146457,1824,64445,2187,82007,4,5,2698,53268,1307,46485,2702,99753,California
Kern,2021-03-02,4487,150944,1412,65857,3071,85078,4,9,2953,54699,1523,48008,2954,102707,California
Kern,2021-03-03,5997,156941,2841,68698,3154,88232,2,11,3884,56486,2098,50106,3885,106592,California
Kern,2021-03-04,5690,162631,2274,70972,3411,91643,5,16,3694,58201,1981,52087,3696,110288,California
Kern,2021-03-05,6635,169266,2862,73834,3754,95397,19,35,4187,59969,2438,54525,4206,114494,California
Kern,2021-03-06,4757,174023,1925,75759,2725,98122,107,142,3479,62283,1271,55796,3585,118079,California
Kern,2021-03-07,2063,176086,1596,77355,411,98533,56,198,1865,64007,197,55993,1921,120000,California
Kern,2021-03-08,2903,178989,924,78279,1757,100290,222,420,1524,64375,1376,57369,1744,121744,California
Kern,2021-03-09,3729,182718,805,79084,2539,102829,385,805,2330,65695,1390,58759,2710,124454,California
Kern,2021-03-10,6150,188868,2563,81647,2512,105341,1075,1880,3600,67834,2534,61293,4673,129127,California
Kern,2021-03-11,6335,195203,2441,84088,2868,108209,1026,2906,3774,70079,2550,63843,4795,133922,California
Kern,2021-03-12,7853,203056,3078,87166,3420,111629,1355,4261,4326,72234,3514,67357,5669,139591,California
Kern,2021-03-13,4676,207732,2533,89699,1806,113435,337,4598,3253,74403,1416,68773,3585,143176,California
Kern,2021-03-14,2310,210042,1533,91232,534,113969,243,4841,1786,75905,524,69297,2026,145202,California
Kern,2021-03-15,4269,214311,1105,92337,2452,116421,712,5553,2199,76752,2057,71354,2904,148106,California
Kern,2021-03-16,4371,218682,1014,93351,2821,119242,536,6089,2348,77620,2011,73365,2879,150985,California
Kern,2021-03-17,7527,226209,4085,97436,2892,122134,550,6639,4551,79756,2963,76328,5099,156084,California
Kern,2021-03-18,7277,233486,3682,101118,3008,125142,587,7226,4406,81894,2851,79179,4989,161073,California
Kern,2021-03-19,8992,242478,4988,106106,3346,128488,658,7884,4714,82999,4260,83439,5365,166438,California
Kern,2021-03-20,6184,248662,3828,109934,2182,130670,174,8058,3924,84849,2249,85688,4099,170537,California
Kern,2021-03-21,3053,251715,1934,111868,237,130907,882,8940,1845,86375,1200,86888,2726,173263,California
Kern,2021-03-22,3988,255703,1567,113435,2067,132974,354,9294,1933,86624,2038,88926,2287,175550,California
Kern,2021-03-23,4744,260447,1677,115112,2868,135842,199,9493,2486,87078,2228,91154,2682,178232,California
Kern,2021-03-24,7189,267636,3678,118790,3034,138876,477,9970,3656,87693,3515,94669,4130,182362,California
Kern,2021-03-25,6786,274422,3007,121797,3448,142324,331,10301,3222,87696,3547,98216,3550,185912,California
Kern,2021-03-26,9870,284292,4413,126210,4200,146524,1257,11558,4723,88548,5127,103343,5979,191891,California
Kern,2021-03-27,5709,290001,3996,130206,1585,148109,128,11686,3448,89864,2259,105602,3575,195466,California
Kern,2021-03-28,4693,294694,4202,134408,477,148586,14,11700,2958,91103,1733,107335,2972,198438,California
Kern,2021-03-29,4261,298955,1683,136091,2301,150887,277,11977,2615,92359,1633,108968,2889,201327,California
Kern,2021-03-30,5597,304552,1872,137963,3340,154227,385,12362,3063,93276,2529,111497,3446,204773,California
Kern,2021-03-31,8413,312965,4540,142503,3225,157452,648,13010,4309,94144,4087,115584,4955,209728,California
Kern,2021-04-01,7898,320863,3873,146376,3725,161177,300,13310,4217,95005,3652,119236,4513,214241,California
Kern,2021-04-02,8459,329322,4466,150842,3384,164561,609,13919,4226,95614,4217,123453,4826,219067,California
Kern,2021-04-03,6000,335322,3672,154514,2146,166707,182,14101,2658,95117,3334,126787,2837,221904,California
Kern,2021-04-04,1336,336658,872,155386,380,167087,84,14185,474,94816,859,127646,558,222462,California
Kern,2021-04-05,5371,342029,2221,157607,2376,169463,774,14959,2898,96000,2459,130105,3643,226105,California
Kern,2021-04-06,7123,349152,2469,160076,3277,172740,1377,16336,3563,97400,3537,133642,4937,231042,California
Kern,2021-04-07,9380,358532,5469,165545,2947,175687,964,17300,4567,98134,4795,138437,5529,236571,California
Kern,2021-04-08,8665,367197,4797,170342,2955,178642,913,18213,3730,97855,4911,143348,4632,241203,California
Kern,2021-04-09,10280,377477,5142,175484,4144,182786,994,19207,4355,97304,5900,149248,5349,246552,California
Kern,2021-04-10,6600,384077,3469,178953,1883,184669,1248,20455,2141,96239,4449,153697,3384,249936,California
Kern,2021-04-11,3926,388003,2918,181871,365,185034,643,21098,1270,95504,2641,156338,1906,251842,California
Kern,2021-04-12,4417,392420,992,182863,2450,187484,975,22073,1586,95254,2809,159147,2559,254401,California
Kern,2021-04-13,4305,396725,1415,184278,2864,190348,26,22099,2121,95233,2169,161316,2148,256549,California
Kern,2021-04-14,6107,402832,3010,187288,3075,193423,22,22121,3017,95203,3072,164388,3042,259591,California
Kern,2021-04-15,5314,408146,2498,189786,2813,196236,3,22124,2542,94993,2755,167143,2545,262136,California
Kern,2021-04-16,7310,415456,3471,193257,3838,200074,1,22125,3003,93723,4282,171425,3012,265148,California
Kern,2021-04-17,5953,421409,3899,197156,2054,202128,0,22125,2125,92062,3814,175239,2153,267301,California
Kern,2021-04-18,3817,425226,3574,200730,243,202371,0,22125,940,90144,2869,178108,951,268252,California
Kern,2021-04-19,3831,429057,1732,202462,2097,204468,2,22127,1424,89183,2386,180494,1425,269677,California
Kern,2021-04-20,4362,433419,1575,204037,2785,207253,2,22129,1652,88143,2693,183187,1653,271330,California
Kern,2021-04-21,5863,439282,3146,207183,2712,209965,5,22134,2136,86578,3704,186891,2139,273469,California
Kern,2021-04-22,4818,444100,2329,209512,2489,212454,0,22134,1718,85221,3076,189967,1719,275188,California
Kern,2021-04-23,6143,450243,3026,212538,3116,215570,1,22135,1916,82950,4188,194155,1917,277105,California
Kern,2021-04-24,4017,454260,2802,215340,1204,216774,11,22146,1447,81856,2552,196707,1458,278563,California
Kern,2021-04-25,1401,455661,1116,216456,285,217059,0,22146,825,82111,570,197277,825,279388,California
Kern,2021-04-26,3874,459535,1832,218288,1990,219049,52,22198,1069,80439,2795,200072,1123,280511,California
Kern,2021-04-27,4781,464316,2314,220602,2359,221408,108,22306,1463,78703,3305,203377,1569,282080,California
Kern,2021-04-28,6316,470632,3718,224320,2474,223882,124,22430,1800,76128,4496,207873,1921,284001,California
Kern,2021-04-29,5516,476148,3062,227382,2354,226236,100,22530,1624,73982,3870,211743,1724,285725,California
Kern,2021-04-30,5593,481741,3120,230502,2314,228550,159,22689,1612,71787,3965,215708,1770,287495,California
Kern,2021-05-01,2716,484457,1932,232434,725,229275,59,22748,1082,71305,1622,217330,1140,288635,California
Kern,2021-05-02,1890,486347,1601,234035,267,229542,22,22770,692,70828,1191,218521,714,289349,California
Kern,2021-05-03,2543,488890,1031,235066,1379,230921,133,22903,786,70007,1741,220262,920,290269,California
Kern,2021-05-04,3665,492555,1306,236372,2249,233170,110,23013,1288,69042,2361,222623,1396,291665,California
Kern,2021-05-05,4162,496717,2147,238519,1864,235034,151,23164,1379,67803,2767,225390,1528,293193,California
Kern,2021-05-06,3598,500315,1630,240149,1822,236856,146,23310,1136,66640,2441,227831,1278,294471,California
Kern,2021-05-07,4618,504933,2317,242466,2127,238983,174,23484,1301,64828,3286,231117,1474,295945,California
Kern,2021-05-08,2893,507826,1824,244290,954,239937,115,23599,893,63849,1985,233102,1006,296951,California
Kern,2021-05-09,1351,509177,1177,245467,145,240082,29,23628,453,63442,889,233991,482,297433,California
Kern,2021-05-10,2265,511442,882,246349,1281,241363,102,23730,673,62641,1574,235565,773,298206,California
Kern,2021-05-11,2643,514085,923,247272,1595,242958,125,23855,955,62045,1677,237242,1081,299287,California
Kern,2021-05-12,3629,517714,1461,248733,2016,244974,152,24007,1160,60902,2455,239697,1312,300599,California
Kern,2021-05-13,3491,521205,1826,250559,1511,246485,154,24161,1626,60825,1852,241549,1775,302374,California
Kern,2021-05-14,4293,525498,2535,253094,1534,248019,224,24385,1980,60735,2293,243842,2203,304577,California
Kern,2021-05-15,2912,528410,1892,254986,932,248951,88,24473,1543,61010,1355,245197,1630,306207,California
Kern,2021-05-16,1544,529954,1322,256308,183,249134,39,24512,883,61277,655,245852,922,307129,California
Kern,2021-05-17,2329,532283,1009,257317,1175,250309,145,24657,1187,61479,1129,246981,1331,308460,California
Kern,2021-05-18,3181,535464,1462,258779,1586,251895,133,24790,1630,61705,1535,248516,1761,310221,California
Kern,2021-05-19,3829,539293,2388,261167,1314,253209,127,24917,1845,61703,1971,250487,1969,312190,California
Kern,2021-05-20,3101,542394,1686,262853,1273,254482,142,25059,1430,61623,1650,252137,1570,313760,California
Kern,2021-05-21,3627,546021,2196,265049,1296,255778,135,25194,1854,61863,1749,253886,1989,315749,California
Kern,2021-05-22,2946,548967,2294,267343,604,256382,48,25242,1415,61804,1520,255406,1461,317210,California
Kern,2021-05-23,1259,550226,1065,268408,167,256549,27,25269,662,61903,590,255996,689,317899,California
Kern,2021-05-24,1850,552076,784,269192,953,257502,113,25382,871,61913,973,256969,983,318882,California
Kern,2021-05-25,2396,554472,1108,270300,1201,258703,87,25469,1124,61866,1258,258227,1211,320093,California
Kern,2021-05-26,2775,557247,1600,271900,1071,259774,104,25573,1195,61599,1564,259791,1297,321390,California
Kern,2021-05-27,2374,559621,1207,273107,1064,260838,103,25676,1240,61829,1112,260903,1342,322732,California
Kern,2021-05-28,2724,562345,1386,274493,1227,262065,111,25787,1267,61760,1445,262348,1376,324108,California
Kern,2021-05-29,1897,564242,1260,275753,591,262656,46,25833,931,61785,952,263300,977,325085,California
Kern,2021-05-30,859,565101,703,276456,137,262793,19,25852,435,61821,417,263717,453,325538,California
Kern,2021-05-31,131,565232,40,276496,80,262873,11,25863,45,61793,83,263800,55,325593,California
Kern,2021-06-01,2287,567519,950,277446,1267,264140,70,25933,1003,61597,1268,265068,1072,326665,California
Kern,2021-06-02,2239,569758,1294,278740,840,264980,105,26038,945,61364,1283,266351,1050,327715,California
Kern,2021-06-03,2352,572110,1317,280057,882,265862,153,26191,872,60919,1469,267820,1024,328739,California
Kern,2021-06-04,2864,574974,1909,281966,846,266708,109,26300,886,59951,1960,269780,992,329731,California
Kern,2021-06-05,2527,577501,2043,284009,451,267159,33,26333,808,59082,1710,271490,841,330572,California
Kern,2021-06-06,1211,578712,1106,285115,82,267241,23,26356,431,58760,776,272266,454,331026,California
Kern,2021-06-07,1790,580502,1117,286232,583,267824,90,26446,676,58423,1101,273367,764,331790,California
Kern,2021-06-08,2114,582616,1227,287459,816,268640,71,26517,674,57745,1422,274789,744,332534,California
Kern,2021-06-09,2598,585214,1827,289286,684,269324,87,26604,812,56870,1773,276562,898,333432,California
Kern,2021-06-10,2217,587431,1379,290665,743,270067,95,26699,781,56320,1425,277987,875,334307,California
Kern,2021-06-11,2782,590213,1877,292542,817,270884,88,26787,1018,55673,1753,279740,1106,335413,California
Kern,2021-06-12,1780,591993,1325,293867,407,271291,48,26835,533,55011,1243,280983,581,335994,California
Kern,2021-06-13,906,592899,788,294655,109,271400,9,26844,259,54636,643,281626,268,336262,California
Kern,2021-06-14,1545,594444,874,295529,598,271998,73,26917,505,54183,1029,282655,576,336838,California
Kern,2021-06-15,1966,596410,1080,296609,815,272813,71,26988,727,53747,1231,283886,795,337633,California
Kern,2021-06-16,1065,597475,668,297277,346,273159,51,27039,383,53507,672,284558,432,338065,California
Kings,2020-12-16,1,1,1,1,0,0,0,0,1,1,0,0,1,1,California
Kings,2020-12-17,8,9,8,9,0,0,0,0,8,9,0,0,8,9,California
Kings,2020-12-18,12,21,12,21,0,0,0,0,12,21,0,0,12,21,California
Kings,2020-12-19,11,32,11,32,0,0,0,0,11,32,0,0,11,32,California
Kings,2020-12-20,13,45,13,45,0,0,0,0,13,45,0,0,13,45,California
Kings,2020-12-21,156,201,156,201,0,0,0,0,268,313,0,0,268,313,California
Kings,2020-12-22,143,344,143,344,0,0,0,0,140,453,0,0,140,453,California
Kings,2020-12-23,136,480,122,466,14,14,0,0,137,590,0,0,137,590,California
Kings,2020-12-24,11,491,9,475,2,16,0,0,11,601,0,0,11,601,California
Kings,2020-12-26,7,498,4,479,3,19,0,0,7,608,0,0,7,608,California
Kings,2020-12-27,4,502,4,483,0,19,0,0,4,612,0,0,4,612,California
Kings,2020-12-28,132,634,103,586,29,48,0,0,133,745,0,0,133,745,California
Kings,2020-12-29,82,716,54,640,28,76,0,0,83,828,0,0,83,828,California
Kings,2020-12-30,152,868,111,751,41,117,0,0,152,980,0,0,152,980,California
Kings,2020-12-31,47,915,5,756,42,159,0,0,47,1027,0,0,47,1027,California
Kings,2021-01-01,1,916,0,756,1,160,0,0,1,1028,0,0,1,1028,California
Kings,2021-01-02,11,927,10,766,1,161,0,0,11,1039,0,0,11,1039,California
Kings,2021-01-04,111,1038,41,807,70,231,0,0,111,1150,0,0,111,1150,California
Kings,2021-01-05,195,1233,40,847,155,386,0,0,195,1345,0,0,195,1345,California
Kings,2021-01-06,276,1509,179,1026,97,483,0,0,273,1615,3,3,273,1618,California
Kings,2021-01-07,181,1690,82,1108,99,582,0,0,173,1780,8,11,173,1791,California
Kings,2021-01-08,249,1939,56,1164,193,775,0,0,229,1989,20,31,229,2020,California
Kings,2021-01-09,63,2002,9,1173,54,829,0,0,55,2036,8,39,55,2075,California
Kings,2021-01-10,15,2017,3,1176,12,841,0,0,12,2045,3,42,12,2087,California
Kings,2021-01-11,516,2533,352,1528,164,1005,0,0,276,2082,240,282,277,2364,California
Kings,2021-01-12,347,2880,251,1779,96,1101,0,0,214,2166,130,412,214,2578,California
Kings,2021-01-13,421,3301,275,2054,146,1247,0,0,330,2405,91,503,330,2908,California
Kings,2021-01-14,211,3512,31,2085,180,1427,0,0,201,2586,21,524,202,3110,California
Kings,2021-01-15,420,3932,31,2116,389,1816,0,0,408,2982,12,536,408,3518,California
Kings,2021-01-16,28,3960,9,2125,19,1835,0,0,27,3008,1,537,27,3545,California
Kings,2021-01-17,10,3970,7,2132,3,1838,0,0,8,3014,2,539,8,3553,California
Kings,2021-01-18,173,4143,40,2172,133,1971,0,0,147,3135,26,565,147,3700,California
Kings,2021-01-19,382,4525,161,2333,221,2192,0,0,253,3259,129,694,253,3953,California
Kings,2021-01-20,237,4762,146,2479,91,2283,0,0,126,3279,106,800,126,4079,California
Kings,2021-01-21,212,4974,56,2535,156,2439,0,0,196,3457,18,818,196,4275,California
Kings,2021-01-22,110,5084,21,2556,89,2528,0,0,109,3561,5,823,109,4384,California
Kings,2021-01-23,27,5111,14,2570,13,2541,0,0,20,3574,7,830,20,4404,California
Kings,2021-01-24,4,5115,4,2574,0,2541,0,0,2,3574,2,832,2,4406,California
Kings,2021-01-25,133,5248,27,2601,106,2647,0,0,97,3635,36,868,97,4503,California
Kings,2021-01-26,154,5402,34,2635,120,2767,0,0,113,3707,41,909,113,4616,California
Kings,2021-01-27,329,5731,36,2671,293,3060,0,0,253,3885,75,984,253,4869,California
Kings,2021-01-28,336,6067,45,2716,291,3351,0,0,278,4105,58,1042,278,5147,California
Kings,2021-01-29,110,6177,26,2742,84,3435,0,0,93,4181,17,1059,93,5240,California
Kings,2021-01-30,1564,7741,25,2767,1539,4974,0,0,1561,5741,3,1062,1563,6803,California
Kings,2021-02-01,220,7961,65,2832,155,5129,0,0,91,5705,127,1189,91,6894,California
Kings,2021-02-02,246,8207,16,2848,230,5359,0,0,95,5650,150,1339,95,6989,California
Kings,2021-02-03,404,8611,194,3042,210,5569,0,0,246,5739,157,1496,246,7235,California
Kings,2021-02-04,424,9035,98,3140,326,5895,0,0,227,5770,196,1692,227,7462,California
Kings,2021-02-05,337,9372,55,3195,282,6177,0,0,176,5787,159,1851,176,7638,California
Kings,2021-02-06,61,9433,10,3205,51,6228,0,0,28,5782,33,1884,28,7666,California
Kings,2021-02-07,5,9438,3,3208,2,6230,0,0,3,5783,2,1886,3,7669,California
Kings,2021-02-08,173,9611,29,3237,144,6374,0,0,66,5742,107,1993,66,7735,California
Kings,2021-02-09,255,9866,57,3294,198,6572,0,0,111,5711,142,2135,111,7846,California
Kings,2021-02-10,376,10242,112,3406,264,6836,0,0,259,5853,117,2252,259,8105,California
Kings,2021-02-11,480,10722,66,3472,414,7250,0,0,362,6098,117,2369,362,8467,California
Kings,2021-02-12,635,11357,40,3512,595,7845,0,0,354,6172,280,2649,354,8821,California
Kings,2021-02-13,218,11575,7,3519,211,8056,0,0,191,6336,27,2676,191,9012,California
Kings,2021-02-14,103,11678,4,3523,99,8155,0,0,95,6423,8,2684,95,9107,California
Kings,2021-02-15,251,11929,5,3528,246,8401,0,0,138,6449,112,2796,138,9245,California
Kings,2021-02-16,563,12492,36,3564,527,8928,0,0,326,6539,236,3032,326,9571,California
Kings,2021-02-17,439,12931,26,3590,413,9341,0,0,301,6704,138,3170,303,9874,California
Kings,2021-02-18,238,13169,22,3612,216,9557,0,0,180,6826,58,3228,180,10054,California
Kings,2021-02-19,176,13345,25,3637,151,9708,0,0,120,6893,53,3281,120,10174,California
Kings,2021-02-20,168,13513,34,3671,134,9842,0,0,136,6997,32,3313,136,10310,California
Kings,2021-02-21,2,13515,1,3672,1,9843,0,0,2,6999,0,3313,2,10312,California
Kings,2021-02-22,114,13629,18,3690,96,9939,0,0,48,6981,66,3379,48,10360,California
Kings,2021-02-23,430,14059,70,3760,360,10299,0,0,313,7177,117,3496,313,10673,California
Kings,2021-02-24,735,14794,155,3915,580,10879,0,0,521,7484,214,3710,521,11194,California
Kings,2021-02-25,802,15596,135,4050,667,11546,0,0,581,7846,219,3929,581,11775,California
Kings,2021-02-26,834,16430,138,4188,696,12242,0,0,762,8537,71,4000,762,12537,California
Kings,2021-02-27,1528,17958,65,4253,1463,13705,0,0,585,8180,942,4942,585,13122,California
Kings,2021-02-28,1172,19130,598,4851,574,14279,0,0,674,8359,495,5437,674,13796,California
Kings,2021-03-01,286,19416,89,4940,197,14476,0,0,221,8515,65,5502,221,14017,California
Kings,2021-03-02,589,20005,259,5199,330,14806,0,0,517,8960,72,5574,517,14534,California
Kings,2021-03-03,751,20756,326,5525,425,15231,0,0,527,9265,222,5796,527,15061,California
Kings,2021-03-04,824,21580,357,5882,467,15698,0,0,696,9833,128,5924,696,15757,California
Kings,2021-03-05,1178,22758,369,6251,800,16498,9,9,1034,10736,144,6068,1047,16804,California
Kings,2021-03-06,520,23278,189,6440,318,16816,13,22,490,11209,30,6098,503,17307,California
Kings,2021-03-07,361,23639,220,6660,137,16953,4,26,353,11558,8,6106,357,17664,California
Kings,2021-03-08,374,24013,97,6757,224,17177,53,79,263,11763,111,6217,316,17980,California
Kings,2021-03-09,641,24654,342,7099,244,17421,55,134,529,12237,111,6328,585,18565,California
Kings,2021-03-10,629,25283,156,7255,380,17801,93,227,437,12575,191,6519,529,19094,California
Kings,2021-03-11,1131,26414,377,7632,643,18444,111,338,698,12954,431,6950,810,19904,California
Kings,2021-03-12,1490,27904,457,8089,940,19384,93,431,995,13552,493,7443,1091,20995,California
Kings,2021-03-13,675,28579,328,8417,306,19690,41,472,551,14022,124,7567,594,21589,California
Kings,2021-03-14,678,29257,104,8521,185,19875,389,861,204,14141,474,8041,593,22182,California
Kings,2021-03-15,708,29965,267,8788,324,20199,117,978,467,14488,240,8281,587,22769,California
Kings,2021-03-16,1114,31079,470,9258,582,20781,62,1040,746,14929,368,8649,809,23578,California
Kings,2021-03-17,1117,32196,426,9684,629,21410,62,1102,788,15458,329,8978,858,24436,California
Kings,2021-03-18,1137,33333,477,10161,437,21847,223,1325,777,16101,359,9337,1002,25438,California
Kings,2021-03-19,974,34307,468,10629,420,22267,86,1411,736,16701,237,9574,837,26275,California
Kings,2021-03-20,645,34952,256,10885,358,22625,31,1442,467,17031,176,9750,506,26781,California
Kings,2021-03-21,1421,36373,1088,11973,320,22945,13,1455,862,17347,559,10309,875,27656,California
Kings,2021-03-22,451,36824,202,12175,163,23108,86,1541,274,17535,176,10485,364,28020,California
Kings,2021-03-23,975,37799,511,12686,401,23509,63,1604,557,17744,416,10901,625,28645,California
Kings,2021-03-24,1102,38901,489,13175,589,24098,24,1628,510,17691,590,11491,537,29182,California
Kings,2021-03-25,1046,39947,474,13649,543,24641,29,1657,451,17577,593,12084,479,29661,California
Kings,2021-03-26,1306,41253,382,14031,839,25480,85,1742,521,17402,780,12864,605,30266,California
Kings,2021-03-27,651,41904,264,14295,375,25855,12,1754,160,17085,489,13353,172,30438,California
Kings,2021-03-28,673,42577,602,14897,64,25919,7,1761,405,17242,268,13621,425,30863,California
Kings,2021-03-29,473,43050,215,15112,197,26116,61,1822,262,17355,209,13830,322,31185,California
Kings,2021-03-30,872,43922,480,15592,353,26469,39,1861,434,17390,437,14267,472,31657,California
Kings,2021-03-31,783,44705,381,15973,329,26798,73,1934,421,17530,354,14621,494,32151,California
Kings,2021-04-01,856,45561,456,16429,311,27109,89,2023,359,17487,491,15112,448,32599,California
Kings,2021-04-02,1045,46606,454,16883,467,27576,124,2147,392,17355,647,15759,515,33114,California
Kings,2021-04-03,494,47100,347,17230,138,27714,9,2156,171,17219,317,16076,181,33295,California
Kings,2021-04-04,158,47258,84,17314,68,27782,6,2162,42,17152,115,16191,48,33343,California
Kings,2021-04-05,1063,48321,330,17644,481,28263,252,2414,242,16826,820,17011,494,33837,California
Kings,2021-04-06,1212,49533,460,18104,442,28705,310,2724,284,16494,925,17936,593,34430,California
Kings,2021-04-07,1377,50910,658,18762,531,29236,188,2912,359,16026,1015,18951,547,34977,California
Kings,2021-04-08,1632,52542,637,19399,741,29977,254,3166,377,15408,1248,20199,630,35607,California
Kings,2021-04-09,1163,53705,543,19942,439,30416,181,3347,235,14894,926,21125,412,36019,California
Kings,2021-04-10,599,54304,332,20274,163,30579,104,3451,175,14751,422,21547,279,36298,California
Kings,2021-04-11,358,54662,74,20348,277,30856,7,3458,199,14800,157,21704,206,36504,California
Kings,2021-04-12,706,55368,312,20660,191,31047,203,3661,195,14689,509,22213,398,36902,California
Kings,2021-04-13,921,56289,528,21188,393,31440,0,3661,295,14365,624,22837,300,37202,California
Kings,2021-04-14,1058,57347,583,21771,475,31915,0,3661,382,14076,676,23513,387,37589,California
Kings,2021-04-15,1067,58414,527,22298,539,32454,1,3662,457,13927,609,24122,460,38049,California
Kings,2021-04-16,784,59198,365,22663,419,32873,0,3662,265,13676,518,24640,267,38316,California
Kings,2021-04-17,469,59667,254,22917,215,33088,0,3662,193,13595,274,24914,193,38509,California
Kings,2021-04-18,570,60237,242,23159,328,33416,0,3662,43,13113,527,25441,45,38554,California
Kings,2021-04-19,538,60775,299,23458,239,33655,0,3662,291,13159,245,25686,291,38845,California
Kings,2021-04-20,750,61525,455,23913,295,33950,0,3662,240,12890,509,26195,240,39085,California
Kings,2021-04-21,647,62172,308,24221,339,34289,0,3662,222,12695,417,26612,222,39307,California
Kings,2021-04-22,560,62732,280,24501,280,34569,0,3662,206,12551,351,26963,207,39514,California
Kings,2021-04-23,674,63406,290,24791,384,34953,0,3662,329,12539,341,27304,329,39843,California
Kings,2021-04-24,248,63654,180,24971,67,35020,1,3663,120,12533,127,27431,121,39964,California
Kings,2021-04-25,202,63856,182,25153,20,35040,0,3663,165,12661,37,27468,165,40129,California
Kings,2021-04-26,315,64171,169,25322,143,35183,3,3666,198,12746,116,27584,201,40330,California
Kings,2021-04-27,424,64595,187,25509,218,35401,19,3685,180,12703,242,27826,199,40529,California
Kings,2021-04-28,515,65110,257,25766,238,35639,20,3705,270,12748,245,28071,290,40819,California
Kings,2021-04-29,290,65400,111,25877,166,35805,13,3718,133,12740,154,28225,146,40965,California
Kings,2021-04-30,368,65768,163,26040,188,35993,17,3735,152,12697,212,28437,169,41134,California
Kings,2021-05-01,226,65994,164,26204,52,36045,10,3745,71,12624,154,28591,81,41215,California
Kings,2021-05-02,169,66163,147,26351,22,36067,0,3745,127,12709,42,28633,127,41342,California
Kings,2021-05-03,474,66637,253,26604,208,36275,13,3758,121,12491,352,28985,134,41476,California
Kings,2021-05-04,520,67157,263,26867,237,36512,20,3778,159,12310,360,29345,179,41655,California
Kings,2021-05-05,551,67708,285,27152,246,36758,20,3798,135,12050,415,29760,155,41810,California
Kings,2021-05-06,550,68258,270,27422,257,37015,23,3821,124,11773,424,30184,147,41957,California
Kings,2021-05-07,364,68622,211,27633,137,37152,16,3837,145,11717,217,30401,161,42118,California
Kings,2021-05-08,232,68854,166,27799,54,37206,12,3849,73,11643,158,30559,84,42202,California
Kings,2021-05-09,191,69045,61,27860,130,37336,0,3849,40,11532,151,30710,40,42242,California
Kings,2021-05-10,340,69385,263,28123,67,37403,10,3859,115,11432,224,30934,124,42366,California
Kings,2021-05-11,387,69772,238,28361,119,37522,30,3889,120,11316,267,31201,151,42517,California
Kings,2021-05-12,398,70170,163,28524,221,37743,14,3903,170,11274,226,31427,184,42701,California
Kings,2021-05-13,393,70563,145,28669,240,37983,8,3911,155,11199,238,31665,163,42864,California
Kings,2021-05-14,463,71026,314,28983,118,38101,31,3942,241,11250,221,31886,272,43136,California
Kings,2021-05-15,354,71380,251,29234,84,38185,19,3961,196,11307,158,32044,215,43351,California
Kings,2021-05-16,248,71628,222,29456,25,38210,1,3962,76,11212,172,32216,77,43428,California
Kings,2021-05-17,404,72032,321,29777,66,38276,17,3979,215,11256,188,32404,232,43660,California
Kings,2021-05-18,396,72428,277,30054,106,38382,13,3992,226,11326,170,32574,240,43900,California
Kings,2021-05-19,577,73005,282,30336,271,38653,24,4016,229,11233,346,32920,253,44153,California
Kings,2021-05-20,447,73452,234,30570,186,38839,27,4043,266,11346,181,33101,294,44447,California
Kings,2021-05-21,518,73970,263,30833,245,39084,10,4053,265,11372,249,33350,275,44722,California
Kings,2021-05-22,304,74274,245,31078,47,39131,12,4065,217,11516,85,33435,229,44951,California
Kings,2021-05-23,233,74507,224,31302,9,39140,0,4065,109,11501,124,33559,109,45060,California
Kings,2021-05-24,249,74756,165,31467,70,39210,14,4079,119,11504,130,33689,133,45193,California
Kings,2021-05-25,406,75162,267,31734,106,39316,33,4112,239,11611,165,33854,272,45465,California
Kings,2021-05-26,304,75466,125,31859,162,39478,17,4129,129,11583,174,34028,146,45611,California
Kings,2021-05-27,328,75794,178,32037,132,39610,18,4147,179,11634,146,34174,197,45808,California
Kings,2021-05-28,286,76080,139,32176,130,39740,17,4164,139,11646,144,34318,156,45964,California
Kings,2021-05-29,172,76252,99,32275,62,39802,11,4175,91,11668,80,34398,102,46066,California
Kings,2021-05-30,131,76383,114,32389,15,39817,2,4177,71,11681,60,34458,73,46139,California
Kings,2021-05-31,42,76425,23,32412,16,39833,3,4180,15,11672,27,34485,18,46157,California
Kings,2021-06-01,317,76742,188,32600,113,39946,16,4196,121,11616,192,34677,136,46293,California
Kings,2021-06-02,272,77014,124,32724,141,40087,7,4203,85,11523,185,34862,92,46385,California
Kings,2021-06-03,228,77242,126,32850,91,40178,11,4214,85,11484,135,34997,96,46481,California
Kings,2021-06-04,427,77669,281,33131,133,40311,13,4227,159,11392,264,35261,172,46653,California
Kings,2021-06-05,253,77922,220,33351,26,40337,7,4234,63,11285,177,35438,70,46723,California
Kings,2021-06-06,161,78083,153,33504,3,40340,5,4239,80,11293,77,35515,85,46808,California
Kings,2021-06-07,290,78373,220,33724,57,40397,13,4252,94,11204,196,35711,107,46915,California
Kings,2021-06-08,312,78685,240,33964,52,40449,20,4272,85,11084,225,35936,105,47020,California
Kings,2021-06-09,393,79078,263,34227,121,40570,9,4281,112,10927,278,36214,121,47141,California
Kings,2021-06-10,341,79419,221,34448,107,40677,13,4294,82,10764,258,36472,95,47236,California
Kings,2021-06-11,378,79797,284,34732,90,40767,4,4298,148,10690,226,36698,152,47388,California
Kings,2021-06-12,266,80063,218,34950,44,40811,4,4302,68,10580,182,36880,72,47460,California
Kings,2021-06-13,125,80188,116,35066,8,40819,1,4303,33,10523,91,36971,34,47494,California
Kings,2021-06-14,210,80398,149,35215,45,40864,16,4319,85,10499,125,37096,101,47595,California
Kings,2021-06-15,247,80645,176,35391,62,40926,9,4328,87,10436,159,37255,96,47691,California
Kings,2021-06-16,84,80729,25,35416,56,40982,3,4331,25,10407,57,37312,28,47719,California
Lake,2020-12-17,4,4,4,4,0,0,0,0,4,4,0,0,4,4,California
Lake,2020-12-18,49,53,49,53,0,0,0,0,49,53,0,0,49,53,California
Lake,2020-12-19,3,56,3,56,0,0,0,0,3,56,0,0,3,56,California
Lake,2020-12-20,6,62,6,62,0,0,0,0,6,62,0,0,6,62,California
Lake,2020-12-21,87,149,87,149,0,0,0,0,87,149,0,0,87,149,California
Lake,2020-12-22,63,212,60,209,3,3,0,0,63,212,0,0,63,212,California
Lake,2020-12-23,125,337,116,325,9,12,0,0,125,337,0,0,125,337,California
Lake,2020-12-24,2,339,0,325,2,14,0,0,2,339,0,0,2,339,California
Lake,2020-12-26,2,341,2,327,0,14,0,0,2,341,0,0,2,341,California
Lake,2020-12-27,2,343,2,329,0,14,0,0,2,343,0,0,2,343,California
Lake,2020-12-28,53,396,44,373,9,23,0,0,53,396,0,0,53,396,California
Lake,2020-12-29,53,449,48,421,5,28,0,0,53,449,0,0,53,449,California
Lake,2020-12-30,131,580,124,545,7,35,0,0,131,580,0,0,131,580,California
Lake,2020-12-31,67,647,64,609,3,38,0,0,67,647,0,0,67,647,California
Lake,2021-01-01,1,648,0,609,1,39,0,0,1,648,0,0,1,648,California
Lake,2021-01-02,2,650,1,610,1,40,0,0,2,650,0,0,2,650,California
Lake,2021-01-04,91,741,21,631,70,110,0,0,91,741,0,0,91,741,California
Lake,2021-01-05,120,861,59,690,61,171,0,0,118,857,2,2,118,859,California
Lake,2021-01-06,103,964,64,754,39,210,0,0,101,956,2,4,101,960,California
Lake,2021-01-07,109,1073,85,839,24,234,0,0,100,1047,9,13,100,1060,California
Lake,2021-01-08,163,1236,134,973,29,263,0,0,112,1108,51,64,112,1172,California
Lake,2021-01-09,63,1299,61,1034,2,265,0,0,59,1163,4,68,59,1231,California
Lake,2021-01-10,3,1302,3,1037,0,265,0,0,0,1160,3,71,0,1231,California
Lake,2021-01-11,188,1490,148,1185,40,305,0,0,110,1192,78,149,110,1341,California
Lake,2021-01-12,82,1572,49,1234,33,338,0,0,58,1226,24,173,58,1399,California
Lake,2021-01-13,171,1743,116,1350,55,393,0,0,110,1275,61,234,110,1509,California
Lake,2021-01-14,147,1890,48,1398,99,492,0,0,125,1378,22,256,125,1634,California
Lake,2021-01-15,218,2108,95,1493,123,615,0,0,189,1539,29,285,190,1824,California
Lake,2021-01-16,133,2241,82,1575,51,666,0,0,131,1668,2,287,131,1955,California
Lake,2021-01-17,15,2256,6,1581,9,675,0,0,9,1671,6,293,9,1964,California
Lake,2021-01-18,245,2501,229,1810,16,691,0,0,122,1670,123,416,122,2086,California
Lake,2021-01-19,317,2818,121,1931,196,887,0,0,269,1892,48,464,270,2356,California
Lake,2021-01-20,425,3243,82,2013,343,1230,0,0,360,2188,64,528,360,2716,California
Lake,2021-01-21,439,3682,48,2061,391,1621,0,0,403,2555,36,564,403,3119,California
Lake,2021-01-22,321,4003,48,2109,273,1894,0,0,285,2804,36,600,285,3404,California
Lake,2021-01-23,123,4126,6,2115,117,2011,0,0,122,2925,1,601,122,3526,California
Lake,2021-01-24,5,4131,2,2117,3,2014,0,0,5,2930,0,601,5,3531,California
Lake,2021-01-25,256,4387,93,2210,163,2177,0,0,174,3022,82,683,174,3705,California
Lake,2021-01-26,430,4817,33,2243,397,2574,0,0,406,3404,24,707,406,4111,California
Lake,2021-01-27,364,5181,40,2283,324,2898,0,0,337,3715,27,734,338,4449,California
Lake,2021-01-28,494,5675,159,2442,335,3233,0,0,365,3951,129,863,365,4814,California
Lake,2021-01-29,659,6334,108,2550,551,3784,0,0,576,4444,83,946,576,5390,California
Lake,2021-01-30,555,6889,39,2589,516,4300,0,0,549,4987,6,952,549,5939,California
Lake,2021-01-31,13,6902,8,2597,5,4305,0,0,11,4996,2,954,11,5950,California
Lake,2021-02-01,176,7078,14,2611,162,4467,0,0,162,5144,14,968,162,6112,California
Lake,2021-02-02,560,7638,151,2762,409,4876,0,0,394,5372,166,1134,394,6506,California
Lake,2021-02-03,443,8081,32,2794,411,5287,0,0,337,5603,106,1240,337,6843,California
Lake,2021-02-04,121,8202,70,2864,51,5338,0,0,71,5624,50,1290,71,6914,California
Lake,2021-02-05,382,8584,71,2935,311,5649,0,0,289,5822,91,1381,289,7203,California
Lake,2021-02-06,275,8859,39,2974,236,5885,0,0,264,6075,11,1392,264,7467,California
Lake,2021-02-07,3,8862,2,2976,1,5886,0,0,3,6078,0,1392,3,7470,California
Lake,2021-02-08,276,9138,206,3182,70,5956,0,0,158,6118,118,1510,158,7628,California
Lake,2021-02-09,344,9482,23,3205,321,6277,0,0,300,6375,43,1553,300,7928,California
Lake,2021-02-10,350,9832,50,3255,300,6577,0,0,270,6565,80,1633,270,8198,California
Lake,2021-02-11,174,10006,18,3273,156,6733,0,0,57,6505,117,1750,57,8255,California
Lake,2021-02-12,371,10377,28,3301,343,7076,0,0,285,6705,85,1835,285,8540,California
Lake,2021-02-13,252,10629,9,3310,243,7319,0,0,242,6937,10,1845,242,8782,California
Lake,2021-02-14,16,10645,4,3314,12,7331,0,0,5,6931,11,1856,5,8787,California
Lake,2021-02-15,164,10809,8,3322,156,7487,0,0,8,6784,155,2011,8,8795,California
Lake,2021-02-16,425,11234,22,3344,403,7890,0,0,178,6715,247,2258,178,8973,California
Lake,2021-02-17,348,11582,53,3397,295,8185,0,0,69,6506,278,2536,69,9042,California
Lake,2021-02-18,458,12040,71,3468,387,8572,0,0,113,6274,345,2881,113,9155,California
Lake,2021-02-19,426,12466,25,3493,401,8973,0,0,90,6028,336,3217,90,9245,California
Lake,2021-02-20,290,12756,57,3550,233,9206,0,0,251,6241,38,3255,251,9496,California
Lake,2021-02-21,6,12762,6,3556,0,9206,0,0,0,6235,6,3261,0,9496,California
Lake,2021-02-22,133,12895,16,3572,117,9323,0,0,39,6180,94,3355,39,9535,California
Lake,2021-02-23,215,13110,16,3588,199,9522,0,0,29,6023,186,3541,29,9564,California
Lake,2021-02-24,1011,14121,430,4018,581,10103,0,0,470,5953,540,4081,470,10034,California
Lake,2021-02-25,731,14852,468,4486,263,10366,0,0,472,6169,256,4337,472,10506,California
Lake,2021-02-26,994,15846,303,4789,691,11057,0,0,348,5874,643,4980,348,10854,California
Lake,2021-02-27,408,16254,97,4886,311,11368,0,0,327,6120,81,5061,327,11181,California
Lake,2021-02-28,17,16271,10,4896,7,11375,0,0,11,6125,6,5067,11,11192,California
Lake,2021-03-01,596,16867,54,4950,542,11917,0,0,444,6417,152,5219,444,11636,California
Lake,2021-03-02,743,17610,18,4968,725,12642,0,0,288,6251,454,5673,288,11924,California
Lake,2021-03-03,365,17975,193,5161,172,12814,0,0,146,6178,219,5892,146,12070,California
Lake,2021-03-04,578,18553,506,5667,72,12886,0,0,561,6722,17,5909,561,12631,California
Lake,2021-03-05,1053,19606,52,5719,1001,13887,0,0,188,6049,861,6770,188,12819,California
Lake,2021-03-06,36,19642,10,5729,25,13912,1,1,22,6058,14,6784,23,12842,California
Lake,2021-03-07,6,19648,4,5733,2,13914,0,1,4,6060,2,6786,4,12846,California
Lake,2021-03-08,339,19987,267,6000,63,13977,9,10,299,6328,40,6826,308,13154,California
Lake,2021-03-09,928,20915,42,6042,868,14845,18,28,404,6227,523,7349,422,13576,California
Lake,2021-03-10,200,21115,56,6098,131,14976,13,41,134,6309,66,7415,148,13724,California
Lake,2021-03-11,588,21703,48,6146,62,15038,478,519,48,6295,540,7955,526,14250,California
Lake,2021-03-12,856,22559,204,6350,626,15664,26,545,364,6194,491,8446,390,14640,California
Lake,2021-03-13,279,22838,21,6371,22,15686,236,781,17,6185,261,8707,252,14892,California
Lake,2021-03-14,11,22849,2,6373,9,15695,0,781,7,6188,4,8711,7,14899,California
Lake,2021-03-15,640,23489,9,6382,613,16308,18,799,480,6526,160,8871,498,15397,California
Lake,2021-03-16,1121,24610,839,7221,265,16573,17,816,401,6227,716,9587,417,15814,California
Lake,2021-03-17,243,24853,119,7340,102,16675,22,838,89,6184,154,9741,111,15925,California
Lake,2021-03-18,747,25600,375,7715,336,17011,36,874,370,6215,374,10115,405,16330,California
Lake,2021-03-19,584,26184,313,8028,250,17261,21,895,479,6611,104,10219,500,16830,California
Lake,2021-03-20,249,26433,8,8036,238,17499,3,898,31,6429,216,10435,34,16864,California
Lake,2021-03-21,16,26449,11,8047,4,17503,1,899,11,6436,5,10440,12,16876,California
Lake,2021-03-22,339,26788,257,8304,67,17570,15,914,251,6614,88,10528,266,17142,California
Lake,2021-03-23,435,27223,23,8327,399,17969,13,927,368,6929,66,10594,381,17523,California
Lake,2021-03-24,422,27645,59,8386,355,18324,8,935,328,7173,93,10687,337,17860,California
Lake,2021-03-25,670,28315,481,8867,184,18508,5,940,173,6853,497,11184,177,18037,California
Lake,2021-03-26,67,28382,32,8899,34,18542,1,941,31,6849,36,11220,32,18069,California
Lake,2021-03-27,307,28689,7,8906,297,18839,3,944,16,6579,289,11509,19,18088,California
Lake,2021-03-28,15,28704,7,8913,8,18847,0,944,8,6580,7,11516,8,18096,California
Lake,2021-03-29,989,29693,287,9200,700,19547,2,946,205,6005,782,12298,207,18303,California
Lake,2021-03-30,467,30160,318,9518,147,19694,2,948,371,6283,95,12393,373,18676,California
Lake,2021-03-31,619,30779,59,9577,560,20254,0,948,435,6543,175,12568,435,19111,California
Lake,2021-04-01,451,31230,237,9814,202,20456,12,960,188,6484,259,12827,200,19311,California
Lake,2021-04-02,223,31453,39,9853,156,20612,28,988,95,6479,128,12955,123,19434,California
Lake,2021-04-03,32,31485,5,9858,24,20636,3,991,12,6474,20,12975,15,19449,California
Lake,2021-04-04,19,31504,11,9869,7,20643,1,992,15,6486,4,12979,16,19465,California
Lake,2021-04-05,646,32150,70,9939,556,21199,20,1012,407,6676,236,13215,426,19891,California
Lake,2021-04-06,478,32628,17,9956,435,21634,26,1038,307,6839,170,13385,333,20224,California
Lake,2021-04-07,522,33150,56,10012,415,22049,51,1089,352,7074,168,13553,403,20627,California
Lake,2021-04-08,607,33757,494,10506,47,22096,66,1155,103,6742,501,14054,169,20796,California
Lake,2021-04-09,279,34036,39,10545,172,22268,68,1223,47,6627,229,14283,114,20910,California
Lake,2021-04-10,254,34290,13,10558,14,22282,227,1450,9,6618,245,14528,236,21146,California
Lake,2021-04-11,22,34312,17,10575,3,22285,2,1452,7,6612,15,14543,9,21155,California
Lake,2021-04-12,1087,35399,234,10809,819,23104,34,1486,246,6056,840,15383,284,21439,California
Lake,2021-04-13,180,35579,109,10918,71,23175,0,1486,52,5980,128,15511,52,21491,California
Lake,2021-04-14,617,36196,36,10954,581,23756,0,1486,554,6471,63,15574,554,22045,California
Lake,2021-04-15,643,36839,192,11146,451,24207,0,1486,329,6488,314,15888,331,22376,California
Lake,2021-04-16,264,37103,25,11171,239,24446,0,1486,70,6365,193,16081,70,22446,California
Lake,2021-04-17,42,37145,11,11182,31,24477,0,1486,31,6385,11,16092,31,22477,California
Lake,2021-04-18,7,37152,4,11186,3,24480,0,1486,0,6378,7,16099,0,22477,California
Lake,2021-04-19,301,37453,40,11226,261,24741,0,1486,250,6577,51,16150,250,22727,California
Lake,2021-04-20,699,38152,281,11507,418,25159,0,1486,92,6064,606,16756,93,22820,California
Lake,2021-04-21,531,38683,61,11568,470,25629,0,1486,196,5925,335,17091,196,23016,California
Lake,2021-04-22,462,39145,46,11614,416,26045,0,1486,317,6098,144,17235,317,23333,California
Lake,2021-04-23,116,39261,58,11672,58,26103,0,1486,69,6121,46,17281,69,23402,California
Lake,2021-04-24,53,39314,8,11680,45,26148,0,1486,39,6146,14,17295,39,23441,California
Lake,2021-04-25,36,39350,19,11699,17,26165,0,1486,24,6158,12,17307,24,23465,California
Lake,2021-04-26,292,39642,81,11780,210,26375,1,1487,87,6041,205,17512,88,23553,California
Lake,2021-04-27,248,39890,22,11802,208,26583,18,1505,85,5981,163,17675,103,23656,California
Lake,2021-04-28,512,40402,48,11850,449,27032,15,1520,91,5667,419,18094,105,23761,California
Lake,2021-04-29,208,40610,81,11931,111,27143,16,1536,110,5694,98,18192,125,23886,California
Lake,2021-04-30,286,40896,43,11974,212,27355,31,1567,147,5733,139,18331,178,24064,California
Lake,2021-05-01,50,40946,28,12002,20,27375,2,1569,35,5756,14,18345,37,24101,California
Lake,2021-05-02,18,40964,9,12011,8,27383,1,1570,9,5757,9,18354,10,24111,California
Lake,2021-05-03,416,41380,28,12039,353,27736,35,1605,65,5507,350,18704,100,24211,California
Lake,2021-05-04,404,41784,216,12255,140,27876,48,1653,124,5400,279,18983,172,24383,California
Lake,2021-05-05,630,42414,44,12299,573,28449,13,1666,86,4957,541,19524,98,24481,California
Lake,2021-05-06,141,42555,19,12318,93,28542,29,1695,72,4988,69,19593,100,24581,California
Lake,2021-05-07,163,42718,27,12345,116,28658,20,1715,105,5057,56,19649,125,24706,California
Lake,2021-05-08,43,42761,7,12352,36,28694,0,1715,36,5086,7,19656,36,24742,California
Lake,2021-05-09,17,42778,2,12354,10,28704,5,1720,10,5094,7,19663,15,24757,California
Lake,2021-05-10,246,43024,11,12365,208,28912,27,1747,59,4994,186,19849,86,24843,California
Lake,2021-05-11,193,43217,25,12390,151,29063,17,1764,115,5049,78,19927,133,24976,California
Lake,2021-05-12,540,43757,32,12422,488,29551,20,1784,55,4638,485,20412,74,25050,California
Lake,2021-05-13,313,44070,66,12488,233,29784,14,1798,73,4487,238,20650,87,25137,California
Lake,2021-05-14,265,44335,81,12569,165,29949,19,1817,161,4564,102,20752,179,25316,California
Lake,2021-05-15,42,44377,16,12585,23,29972,3,1820,26,4577,16,20768,29,25345,California
Lake,2021-05-16,31,44408,18,12603,12,29984,1,1821,17,4581,14,20782,18,25363,California
Lake,2021-05-17,315,44723,41,12644,259,30243,15,1836,84,4452,228,21010,99,25462,California
Lake,2021-05-18,302,45025,65,12709,218,30461,19,1855,175,4520,126,21136,194,25656,California
Lake,2021-05-19,312,45337,57,12766,240,30701,15,1870,88,4400,223,21359,103,25759,California
Lake,2021-05-20,236,45573,60,12826,165,30866,11,1881,93,4361,143,21502,104,25863,California
Lake,2021-05-21,271,45844,50,12876,198,31064,23,1904,112,4339,157,21659,135,25998,California
Lake,2021-05-22,94,45938,53,12929,38,31102,3,1907,45,4338,49,21708,48,26046,California
Lake,2021-05-23,57,45995,28,12957,28,31130,1,1908,29,4340,28,21736,30,26076,California
Lake,2021-05-24,155,46150,35,12992,106,31236,14,1922,70,4339,85,21821,84,26160,California
Lake,2021-05-25,204,46354,55,13047,137,31373,12,1934,73,4294,130,21951,85,26245,California
Lake,2021-05-26,150,46504,44,13091,95,31468,11,1945,54,4265,94,22045,65,26310,California
Lake,2021-05-27,174,46678,47,13138,113,31581,14,1959,60,4226,113,22158,74,26384,California
Lake,2021-05-28,223,46901,20,13158,164,31745,39,1998,49,4142,171,22329,87,26471,California
Lake,2021-05-29,37,46938,10,13168,21,31766,6,2004,14,4139,23,22352,20,26491,California
Lake,2021-05-30,22,46960,6,13174,14,31780,2,2006,12,4143,10,22362,14,26505,California
Lake,2021-05-31,63,47023,21,13195,40,31820,2,2008,53,4188,10,22372,55,26560,California
Lake,2021-06-01,197,47220,37,13232,151,31971,9,2017,68,4137,128,22500,77,26637,California
Lake,2021-06-02,132,47352,45,13277,75,32046,12,2029,54,4125,78,22578,66,26703,California
Lake,2021-06-03,182,47534,55,13332,109,32155,18,2047,79,4119,103,22681,97,26800,California
Lake,2021-06-04,181,47715,51,13383,115,32270,15,2062,45,4045,134,22815,60,26860,California
Lake,2021-06-05,92,47807,56,13439,28,32298,8,2070,55,4071,37,22852,63,26923,California
Lake,2021-06-06,67,47874,37,13476,30,32328,0,2070,23,4050,44,22896,23,26946,California
Lake,2021-06-07,88,47962,29,13505,51,32379,8,2078,30,4031,57,22953,38,26984,California
Lake,2021-06-08,180,48142,67,13572,101,32480,12,2090,67,3997,113,23066,79,27063,California
Lake,2021-06-09,171,48313,45,13617,122,32602,4,2094,37,3906,132,23198,41,27104,California
Lake,2021-06-10,119,48432,58,13675,50,32652,11,2105,46,3890,73,23271,57,27161,California
Lake,2021-06-11,191,48623,61,13736,109,32761,21,2126,43,3808,146,23417,64,27225,California
Lake,2021-06-12,63,48686,36,13772,23,32784,4,2130,31,3811,32,23449,35,27260,California
Lake,2021-06-13,25,48711,12,13784,13,32797,0,2130,10,3806,15,23464,10,27270,California
Lake,2021-06-14,171,48882,84,13868,75,32872,12,2142,47,3741,124,23588,59,27329,California
Lake,2021-06-15,202,49084,51,13919,138,33010,13,2155,61,3674,141,23729,74,27403,California
Lake,2021-06-16,50,49134,9,13928,30,33040,11,2166,14,3663,36,23765,25,27428,California
Lassen,2020-12-16,4,4,4,4,0,0,0,0,4,4,0,0,4,4,California
Lassen,2020-12-17,1,5,1,5,0,0,0,0,1,5,0,0,1,5,California
Lassen,2020-12-18,1,6,1,6,0,0,0,0,1,6,0,0,1,6,California
Lassen,2020-12-19,5,11,5,11,0,0,0,0,5,11,0,0,5,11,California
Lassen,2020-12-20,2,13,2,13,0,0,0,0,2,13,0,0,2,13,California
Lassen,2020-12-21,11,24,11,24,0,0,0,0,11,24,0,0,11,24,California
Lassen,2020-12-22,20,44,20,44,0,0,0,0,20,44,0,0,20,44,California
Lassen,2020-12-23,5,49,5,49,0,0,0,0,5,49,0,0,5,49,California
Lassen,2020-12-24,5,54,5,54,0,0,0,0,5,54,0,0,5,54,California
Lassen,2020-12-28,3,57,2,56,1,1,0,0,3,57,0,0,3,57,California
Lassen,2020-12-29,34,91,34,90,0,1,0,0,34,91,0,0,34,91,California
Lassen,2020-12-30,28,119,27,117,1,2,0,0,28,119,0,0,28,119,California
Lassen,2020-12-31,49,168,42,159,7,9,0,0,49,168,0,0,49,168,California
Lassen,2021-01-02,1,169,0,159,1,10,0,0,1,169,0,0,1,169,California
Lassen,2021-01-04,14,183,2,161,12,22,0,0,14,183,0,0,14,183,California
Lassen,2021-01-05,189,372,51,212,138,160,0,0,189,372,0,0,189,372,California
Lassen,2021-01-06,89,461,38,250,51,211,0,0,84,452,5,5,85,457,California
Lassen,2021-01-07,38,499,2,252,36,247,0,0,37,488,1,6,37,494,California
Lassen,2021-01-08,49,548,2,254,47,294,0,0,49,537,0,6,49,543,California
Lassen,2021-01-09,12,560,6,260,6,300,0,0,12,549,0,6,12,555,California
Lassen,2021-01-11,27,587,5,265,22,322,0,0,27,576,0,6,27,582,California
Lassen,2021-01-12,46,633,26,291,20,342,0,0,29,588,17,23,29,611,California
Lassen,2021-01-13,159,792,16,307,143,485,0,0,146,721,13,36,146,757,California
Lassen,2021-01-14,154,946,12,319,142,627,0,0,147,861,7,43,147,904,California
Lassen,2021-01-15,22,968,3,322,19,646,0,0,22,883,0,43,22,926,California
Lassen,2021-01-16,34,1002,33,355,1,647,0,0,34,917,0,43,34,960,California
Lassen,2021-01-17,1,1003,0,355,1,648,0,0,1,918,0,43,1,961,California
Lassen,2021-01-18,4,1007,2,357,2,650,0,0,3,920,1,44,3,964,California
Lassen,2021-01-19,182,1189,34,391,148,798,0,0,154,1046,28,72,154,1118,California
Lassen,2021-01-20,161,1350,90,481,71,869,0,0,86,1072,60,132,86,1204,California
Lassen,2021-01-21,133,1483,88,569,45,914,0,0,109,1163,18,150,109,1313,California
Lassen,2021-01-22,28,1511,15,584,13,927,0,0,18,1171,10,160,18,1331,California
Lassen,2021-01-24,1,1512,0,584,1,928,0,0,1,1172,0,160,1,1332,California
Lassen,2021-01-25,10,1522,1,585,9,937,0,0,9,1180,1,161,9,1341,California
Lassen,2021-01-26,112,1634,3,588,109,1046,0,0,110,1288,2,163,110,1451,California
Lassen,2021-01-27,65,1699,20,608,45,1091,0,0,50,1323,15,178,50,1501,California
Lassen,2021-01-28,78,1777,11,619,67,1158,0,0,77,1399,1,179,77,1578,California
Lassen,2021-01-29,15,1792,3,622,12,1170,0,0,14,1412,1,180,14,1592,California
Lassen,2021-02-01,48,1840,2,624,46,1216,0,0,25,1414,23,203,25,1617,California
Lassen,2021-02-02,165,2005,6,630,159,1375,0,0,34,1317,131,334,34,1651,California
Lassen,2021-02-03,89,2094,17,647,72,1447,0,0,45,1318,44,378,45,1696,California
Lassen,2021-02-04,102,2196,8,655,94,1541,0,0,54,1324,48,426,54,1750,California
Lassen,2021-02-05,53,2249,6,661,47,1588,0,0,15,1301,38,464,15,1765,California
Lassen,2021-02-06,69,2318,34,695,35,1623,0,0,36,1305,32,496,36,1801,California
Lassen,2021-02-07,1,2319,1,696,0,1623,0,0,1,1306,0,496,1,1802,California
Lassen,2021-02-08,40,2359,4,700,36,1659,0,0,14,1294,26,522,14,1816,California
Lassen,2021-02-09,119,2478,4,704,115,1774,0,0,43,1261,76,598,43,1859,California
Lassen,2021-02-10,158,2636,15,719,143,1917,0,0,52,1207,106,704,52,1911,California
Lassen,2021-02-11,154,2790,8,727,146,2063,0,0,57,1168,96,800,57,1968,California
Lassen,2021-02-12,26,2816,5,732,21,2084,0,0,9,1160,17,817,9,1977,California
Lassen,2021-02-13,10,2826,2,734,8,2092,0,0,8,1166,2,819,8,1985,California
Lassen,2021-02-14,13,2839,0,734,13,2105,0,0,12,1177,1,820,12,1997,California
Lassen,2021-02-15,19,2858,2,736,17,2122,0,0,15,1189,3,823,15,2012,California
Lassen,2021-02-16,182,3040,3,739,179,2301,0,0,22,1053,158,981,22,2034,California
Lassen,2021-02-17,149,3189,79,818,70,2371,0,0,6,916,143,1124,6,2040,California
Lassen,2021-02-18,64,3253,13,831,51,2422,0,0,16,884,48,1172,16,2056,California
Lassen,2021-02-19,70,3323,52,883,18,2440,0,0,12,838,58,1230,12,2068,California
Lassen,2021-02-20,7,3330,0,883,7,2447,0,0,6,843,1,1231,6,2074,California
Lassen,2021-02-21,21,3351,1,884,20,2467,0,0,17,856,4,1235,17,2091,California
Lassen,2021-02-22,20,3371,10,894,10,2477,0,0,5,846,15,1250,5,2096,California
Lassen,2021-02-23,146,3517,6,900,140,2617,0,0,43,786,103,1353,43,2139,California
Lassen,2021-02-24,135,3652,10,910,125,2742,0,0,87,826,47,1400,87,2226,California
Lassen,2021-02-25,139,3791,14,924,125,2867,0,0,88,863,51,1451,88,2314,California
Lassen,2021-02-26,65,3856,12,936,53,2920,0,0,33,864,32,1483,33,2347,California
Lassen,2021-02-27,7,3863,7,943,0,2920,0,0,3,863,4,1487,3,2350,California
Lassen,2021-02-28,4,3867,1,944,3,2923,0,0,1,861,3,1490,1,2351,California
Lassen,2021-03-01,29,3896,3,947,26,2949,0,0,6,845,22,1512,6,2357,California
Lassen,2021-03-02,97,3993,5,952,92,3041,0,0,77,903,19,1531,77,2434,California
Lassen,2021-03-03,139,4132,6,958,133,3174,0,0,90,944,49,1580,90,2524,California
Lassen,2021-03-04,143,4275,14,972,129,3303,0,0,94,990,48,1628,94,2618,California
Lassen,2021-03-05,43,4318,4,976,15,3318,24,24,9,989,34,1662,33,2651,California
Lassen,2021-03-06,54,4372,3,979,29,3347,22,46,5,967,49,1711,27,2678,California
Lassen,2021-03-07,56,4428,1,980,0,3347,55,101,1,968,55,1766,56,2734,California
Lassen,2021-03-08,84,4512,2,982,4,3351,78,179,1,964,83,1849,79,2813,California
Lassen,2021-03-09,127,4639,4,986,106,3457,17,196,81,1016,46,1895,98,2911,California
Lassen,2021-03-10,132,4771,7,993,124,3581,1,197,74,1034,57,1952,75,2986,California
Lassen,2021-03-11,168,4939,10,1003,152,3733,6,203,99,1073,66,2018,105,3091,California
Lassen,2021-03-12,17,4956,7,1010,7,3740,3,206,5,1069,12,2030,8,3099,California
Lassen,2021-03-13,48,5004,0,1010,2,3742,46,252,1,1068,47,2077,46,3145,California
Lassen,2021-03-14,12,5016,0,1010,11,3753,1,253,1,1059,11,2088,2,3147,California
Lassen,2021-03-15,27,5043,2,1012,25,3778,0,253,12,1056,15,2103,12,3159,California
Lassen,2021-03-16,88,5131,2,1014,81,3859,5,258,72,1117,16,2119,77,3236,California
Lassen,2021-03-17,1084,6215,8,1022,1071,4930,5,263,1066,2170,18,2137,1071,4307,California
Lassen,2021-03-18,86,6301,7,1029,78,5008,1,264,75,2235,11,2148,76,4383,California
Lassen,2021-03-19,11,6312,7,1036,2,5010,2,266,5,2236,6,2154,7,4390,California
Lassen,2021-03-20,17,6329,3,1039,12,5022,2,268,11,2243,6,2160,13,4403,California
Lassen,2021-03-21,33,6362,0,1039,33,5055,0,268,13,2237,19,2179,13,4416,California
Lassen,2021-03-22,43,6405,1,1040,42,5097,0,268,40,2274,3,2182,40,4456,California
Lassen,2021-03-23,113,6518,7,1047,105,5202,1,269,60,2282,53,2235,61,4517,California
Lassen,2021-03-24,177,6695,8,1055,168,5370,1,270,93,2294,82,2317,94,4611,California
Lassen,2021-03-25,143,6838,15,1070,128,5498,0,270,63,2277,80,2397,63,4674,California
Lassen,2021-03-26,71,6909,8,1078,25,5523,38,308,15,2274,55,2452,52,4726,California
Lassen,2021-03-27,18,6927,2,1080,1,5524,15,323,2,2275,16,2468,17,4743,California
Lassen,2021-03-28,12,6939,2,1082,1,5525,9,332,1,2274,11,2479,10,4753,California
Lassen,2021-03-29,52,6991,0,1082,27,5552,25,357,20,2288,31,2510,45,4798,California
Lassen,2021-03-30,170,7161,3,1085,142,5694,25,382,50,2243,120,2630,75,4873,California
Lassen,2021-03-31,141,7302,10,1095,110,5804,21,403,57,2238,83,2713,78,4951,California
Lassen,2021-04-01,151,7453,9,1104,123,5927,19,422,43,2193,107,2820,62,5013,California
Lassen,2021-04-02,27,7480,3,1107,2,5929,22,444,1,2190,26,2846,23,5036,California
Lassen,2021-04-03,12,7492,0,1107,2,5931,10,454,0,2188,12,2858,10,5046,California
Lassen,2021-04-04,5,7497,1,1108,0,5931,4,458,1,2189,4,2862,5,5051,California
Lassen,2021-04-05,17,7514,1,1109,10,5941,6,464,10,2198,7,2869,16,5067,California
Lassen,2021-04-06,170,7684,5,1114,135,6076,30,494,50,2158,120,2989,80,5147,California
Lassen,2021-04-07,123,7807,5,1119,86,6162,32,526,32,2133,91,3080,66,5213,California
Lassen,2021-04-08,158,7965,7,1126,99,6261,52,578,28,2087,126,3206,80,5293,California
Lassen,2021-04-09,44,8009,6,1132,6,6267,32,610,8,2091,35,3241,39,5332,California
Lassen,2021-04-10,8,8017,0,1132,2,6269,6,616,0,2090,7,3248,6,5338,California
Lassen,2021-04-11,6,8023,2,1134,1,6270,3,619,3,2093,3,3251,6,5344,California
Lassen,2021-04-12,29,8052,4,1138,12,6282,13,632,4,2085,25,3276,17,5361,California
Lassen,2021-04-13,117,8169,3,1141,114,6396,0,632,28,2025,88,3364,28,5389,California
Lassen,2021-04-14,981,9150,8,1149,973,7369,0,632,47,1139,933,4297,47,5436,California
Lassen,2021-04-15,134,9284,12,1161,122,7491,0,632,12,1029,122,4419,12,5448,California
Lassen,2021-04-16,9,9293,2,1163,7,7498,0,632,5,1030,4,4423,5,5453,California
Lassen,2021-04-17,11,9304,2,1165,9,7507,0,632,3,1025,8,4431,3,5456,California
Lassen,2021-04-18,4,9308,1,1166,3,7510,0,632,1,1023,3,4434,1,5457,California
Lassen,2021-04-19,30,9338,0,1166,30,7540,0,632,14,1021,16,4450,14,5471,California
Lassen,2021-04-20,130,9468,6,1172,124,7664,0,632,47,985,83,4533,47,5518,California
Lassen,2021-04-21,141,9609,6,1178,134,7798,1,633,30,907,109,4642,31,5549,California
Lassen,2021-04-22,95,9704,14,1192,81,7879,0,633,28,868,67,4709,28,5577,California
Lassen,2021-04-23,21,9725,0,1192,21,7900,0,633,18,883,3,4712,18,5595,California
Lassen,2021-04-24,9,9734,5,1197,4,7904,0,633,3,880,6,4718,3,5598,California
Lassen,2021-04-25,5,9739,0,1197,4,7908,1,634,3,882,2,4720,4,5602,California
Lassen,2021-04-26,40,9779,1,1198,35,7943,4,638,8,862,32,4752,12,5614,California
Lassen,2021-04-27,107,9886,5,1203,99,8042,3,641,55,868,52,4804,58,5672,California
Lassen,2021-04-28,81,9967,6,1209,73,8115,2,643,29,847,52,4856,31,5703,California
Lassen,2021-04-29,60,10027,5,1214,52,8167,3,646,21,833,38,4894,24,5727,California
Lassen,2021-04-30,12,10039,7,1221,2,8169,3,649,3,830,9,4903,6,5733,California
Lassen,2021-05-01,4,10043,0,1221,3,8172,1,650,3,833,1,4904,4,5737,California
Lassen,2021-05-02,10,10053,6,1227,4,8176,0,650,6,835,4,4908,6,5743,California
Lassen,2021-05-03,17,10070,2,1229,9,8185,6,656,2,828,15,4923,8,5751,California
Lassen,2021-05-04,67,10137,2,1231,58,8243,7,663,19,806,48,4971,26,5777,California
Lassen,2021-05-05,80,10217,4,1235,65,8308,11,674,25,788,54,5025,36,5813,California
Lassen,2021-05-06,69,10286,17,1252,30,8338,22,696,17,775,52,5077,39,5852,California
Lassen,2021-05-07,48,10334,32,1284,11,8349,5,701,41,814,7,5084,46,5898,California
Lassen,2021-05-08,11,10345,0,1284,5,8354,6,707,4,817,7,5091,10,5908,California
Lassen,2021-05-09,1,10346,0,1284,0,8354,1,708,0,817,1,5092,1,5909,California
Lassen,2021-05-10,11,10357,1,1285,7,8361,3,711,5,819,6,5098,8,5917,California
Lassen,2021-05-11,57,10414,0,1285,49,8410,8,719,17,804,40,5138,25,5942,California
Lassen,2021-05-12,40,10454,3,1288,32,8442,5,724,13,795,27,5165,18,5960,California
Lassen,2021-05-13,25,10479,8,1296,12,8454,5,729,7,789,18,5183,12,5972,California
Lassen,2021-05-14,20,10499,3,1299,9,8463,8,737,11,799,9,5192,19,5991,California
Lassen,2021-05-15,16,10515,2,1301,4,8467,10,747,4,801,12,5204,14,6005,California
Lassen,2021-05-16,7,10522,2,1303,3,8470,2,749,2,801,4,5208,4,6009,California
Lassen,2021-05-17,34,10556,3,1306,19,8489,12,761,10,799,24,5232,22,6031,California
Lassen,2021-05-18,83,10639,6,1312,65,8554,12,773,23,774,60,5292,35,6066,California
Lassen,2021-05-19,52,10691,2,1314,41,8595,9,782,7,745,44,5336,15,6081,California
Lassen,2021-05-20,33,10724,8,1322,16,8611,9,791,12,745,21,5357,21,6102,California
Lassen,2021-05-21,62,10786,28,1350,20,8631,14,805,33,763,29,5386,47,6149,California
Lassen,2021-05-22,17,10803,2,1352,7,8638,8,813,7,768,10,5396,15,6164,California
Lassen,2021-05-23,5,10808,3,1355,1,8639,1,814,0,764,5,5401,1,6165,California
Lassen,2021-05-24,12,10820,1,1356,9,8648,2,816,6,767,5,5406,8,6173,California
Lassen,2021-05-25,90,10910,6,1362,75,8723,9,825,32,750,58,5464,41,6214,California
Lassen,2021-05-26,57,10967,0,1362,42,8765,15,840,11,730,46,5510,26,6240,California
Lassen,2021-05-27,42,11009,17,1379,19,8784,6,846,13,721,28,5538,19,6259,California
Lassen,2021-05-28,70,11079,44,1423,18,8802,8,854,29,717,41,5579,37,6296,California
Lassen,2021-05-29,15,11094,1,1424,12,8814,2,856,9,722,6,5585,11,6307,California
Lassen,2021-05-30,2,11096,0,1424,1,8815,1,857,1,723,1,5586,2,6309,California
Lassen,2021-05-31,7,11103,0,1424,6,8821,1,858,1,719,6,5592,2,6311,California
Lassen,2021-06-01,43,11146,1,1425,36,8857,6,864,16,714,27,5619,22,6333,California
Lassen,2021-06-02,51,11197,2,1427,35,8892,14,878,12,702,38,5657,26,6359,California
Lassen,2021-06-03,20,11217,2,1429,9,8901,9,887,7,705,13,5670,16,6375,California
Lassen,2021-06-04,36,11253,1,1430,23,8924,12,899,11,703,25,5695,23,6398,California
Lassen,2021-06-05,15,11268,3,1433,7,8931,5,904,4,701,11,5706,9,6407,California
Lassen,2021-06-06,5,11273,0,1433,2,8933,3,907,1,701,4,5710,4,6411,California
Lassen,2021-06-07,16,11289,0,1433,8,8941,8,915,3,699,13,5723,11,6422,California
Lassen,2021-06-08,35,11324,4,1437,27,8968,4,919,14,696,21,5744,18,6440,California
Lassen,2021-06-09,17,11341,1,1438,14,8982,2,921,7,696,9,5753,9,6449,California
Lassen,2021-06-10,19,11360,10,1448,7,8989,2,923,10,699,9,5762,12,6461,California
Lassen,2021-06-11,39,11399,28,1476,11,9000,0,923,12,684,27,5789,12,6473,California
Lassen,2021-06-12,4,11403,0,1476,4,9004,0,923,1,682,3,5792,1,6474,California
Lassen,2021-06-13,3,11406,2,1478,1,9005,0,923,1,681,2,5794,1,6475,California
Lassen,2021-06-14,8,11414,1,1479,6,9011,1,924,3,681,4,5798,4,6479,California
Lassen,2021-06-15,41,11455,7,1486,31,9042,3,927,11,665,30,5828,14,6493,California
Lassen,2021-06-16,5,11460,1,1487,1,9043,3,930,2,667,3,5831,5,6498,California
Los Angeles,2020-12-15,397,397,397,397,0,0,0,0,397,397,0,0,397,397,California
Los Angeles,2020-12-16,3582,3979,3582,3979,0,0,0,0,3582,3979,0,0,3582,3979,California
Los Angeles,2020-12-17,10405,14384,10405,14384,0,0,0,0,10406,14385,0,0,10406,14385,California
Los Angeles,2020-12-18,14756,29140,14733,29117,23,23,0,0,14755,29140,0,0,14755,29140,California
Los Angeles,2020-12-19,7232,36372,7223,36340,9,32,0,0,7235,36375,0,0,7235,36375,California
Los Angeles,2020-12-20,4622,40994,4612,40952,10,42,0,0,4624,40999,0,0,4624,40999,California
Los Angeles,2020-12-21,13738,54732,13721,54673,17,59,0,0,13738,54736,1,1,13738,54737,California
Los Angeles,2020-12-22,11572,66304,11178,65851,394,453,0,0,11572,66306,2,3,11572,66309,California
Los Angeles,2020-12-23,11990,78294,10214,76065,1776,2229,0,0,11991,78297,0,3,11991,78300,California
Los Angeles,2020-12-24,7058,85352,4278,80343,2780,5009,0,0,7061,85358,0,3,7061,85361,California
Los Angeles,2020-12-25,529,85881,422,80765,107,5116,0,0,530,85888,0,3,530,85891,California
Los Angeles,2020-12-26,2538,88419,2193,82958,345,5461,0,0,2537,88423,2,5,2537,88428,California
Los Angeles,2020-12-27,1777,90196,1038,83996,739,6200,0,0,1777,90200,0,5,1777,90205,California
Los Angeles,2020-12-28,10374,100570,6421,90417,3953,10153,0,0,10371,100570,1,6,10371,100576,California
Los Angeles,2020-12-29,11669,112239,6120,96537,5549,15702,0,0,11669,112239,0,6,11669,112245,California
Los Angeles,2020-12-30,14942,127181,8123,104660,6819,22521,0,0,14940,127178,1,7,14940,127185,California
Los Angeles,2020-12-31,7997,135178,2779,107439,5218,27739,0,0,7993,135168,3,10,7993,135178,California
Los Angeles,2021-01-01,1078,136256,315,107754,763,28502,0,0,1076,136242,2,12,1076,136254,California
Los Angeles,2021-01-02,4497,140753,1681,109435,2816,31318,0,0,4497,140739,0,12,4497,140751,California
Los Angeles,2021-01-03,967,141720,226,109661,741,32059,0,0,965,141702,2,14,965,141716,California
Los Angeles,2021-01-04,12774,154494,4897,114558,7877,39936,0,0,12759,154459,2,16,12759,154475,California
Los Angeles,2021-01-05,16123,170617,7124,121682,8999,48935,0,0,14202,166775,1892,1908,14208,168683,California
Los Angeles,2021-01-06,22795,193412,12131,133813,10664,59599,0,0,17128,178316,5598,7506,17139,185822,California
Los Angeles,2021-01-07,29461,222873,15855,149668,13606,73205,0,0,18872,186663,10541,18047,18888,204710,California
Los Angeles,2021-01-08,33266,256139,17978,167646,15288,88493,0,0,20968,195370,12272,30319,20979,225689,California
Los Angeles,2021-01-09,12446,268585,7113,174759,5333,93826,0,0,7552,198038,4891,35210,7559,233248,California
Los Angeles,2021-01-10,4710,273295,3653,178412,1057,94883,0,0,1971,197271,2739,37949,1972,235220,California
Los Angeles,2021-01-11,25921,299216,16312,194724,9609,104492,0,0,14941,201254,10968,48917,14951,250171,California
Los Angeles,2021-01-12,29453,328669,16248,210972,13205,117697,0,0,19290,210412,10146,59063,19304,269475,California
Los Angeles,2021-01-13,29420,358089,15691,226663,13729,131426,0,0,20421,221861,8980,68043,20429,289904,California
Los Angeles,2021-01-14,29389,387478,12751,239414,16638,148064,0,0,23830,240167,5538,73581,23844,313748,California
Los Angeles,2021-01-15,34008,421486,12407,251821,21601,169665,0,0,30413,267019,3570,77151,30422,344170,California
Los Angeles,2021-01-16,17696,439182,5003,256824,12693,182358,0,0,15899,281136,1788,78939,15905,360075,California
Los Angeles,2021-01-17,5237,444419,2340,259164,2897,185255,0,0,4988,285878,248,79187,4990,365065,California
Los Angeles,2021-01-18,15711,460130,10145,269309,5566,190821,0,0,10963,292109,4735,83922,10966,376031,California
Los Angeles,2021-01-19,38781,498911,20666,289975,18115,208936,0,0,30928,315242,7811,91733,30944,406975,California
Los Angeles,2021-01-20,46664,545575,24293,314268,22371,231307,0,0,39132,346889,7500,99233,39147,446122,California
Los Angeles,2021-01-21,49160,594735,22540,336808,26620,257927,0,0,44829,387479,4263,103496,44853,490975,California
Los Angeles,2021-01-22,48499,643234,22467,359275,26032,283959,0,0,45030,429103,3421,106917,45045,536020,California
Los Angeles,2021-01-23,34319,677553,15829,375104,18490,302449,0,0,32236,459301,2052,108969,32250,568270,California
Los Angeles,2021-01-24,15766,693319,12235,387339,3531,305980,0,0,15211,473969,546,109515,15214,583484,California
Los Angeles,2021-01-25,39673,732992,16758,404097,22915,328895,0,0,30987,496319,8653,118168,31003,614487,California
Los Angeles,2021-01-26,50023,783015,24846,428943,25177,354072,0,0,41749,529859,8237,126405,41777,656264,California
Los Angeles,2021-01-27,51461,834476,26182,455125,25279,379351,0,0,42001,562575,9318,135723,42034,698298,California
Los Angeles,2021-01-28,49453,883929,23759,478884,25694,405045,0,0,40949,595173,8381,144104,40979,739277,California
Los Angeles,2021-01-29,50155,934084,25946,504830,24209,429254,0,0,40003,625404,9797,153901,40028,779305,California
Los Angeles,2021-01-30,30663,964747,15888,520718,14775,444029,0,0,26319,647470,4262,158163,26328,805633,California
Los Angeles,2021-01-31,13285,978032,10588,531306,2697,446726,0,0,12458,659120,812,158975,12462,818095,California
Los Angeles,2021-02-01,38917,1016949,16698,548004,22219,468945,0,0,28329,676912,10548,169523,28340,846435,California
Los Angeles,2021-02-02,44953,1061902,18170,566174,26783,495728,0,0,32726,697460,12184,181707,32732,879167,California
Los Angeles,2021-02-03,52507,1114409,19765,585939,32742,528470,0,0,37559,720323,14703,196410,37566,916733,California
Los Angeles,2021-02-04,57440,1171849,20871,606810,36569,565039,0,0,39328,741864,17801,214211,39342,956075,California
Los Angeles,2021-02-05,61849,1233698,21332,628142,40517,605556,0,0,39741,759957,21660,235871,39753,995828,California
Los Angeles,2021-02-06,35952,1269650,13668,641810,22284,627840,0,0,27456,779018,8417,244288,27478,1023306,California
Los Angeles,2021-02-07,11140,1280790,8697,650507,2443,630283,0,0,8743,785388,2380,246668,8750,1032056,California
Los Angeles,2021-02-08,47589,1328379,22226,672733,25363,655646,0,0,31280,800500,16170,262838,31282,1063338,California
Los Angeles,2021-02-09,56172,1384551,24905,697638,31267,686913,0,0,28621,801662,27468,290306,28630,1091968,California
Los Angeles,2021-02-10,67215,1451766,29528,727166,37687,724600,0,0,30832,796507,35998,326304,30843,1122811,California
Los Angeles,2021-02-11,58591,1510357,31354,758520,27237,751837,0,0,28342,795059,29795,356099,28347,1151158,California
Los Angeles,2021-02-12,60091,1570448,29982,788502,30109,781946,0,0,26275,787908,33444,389543,26293,1177451,California
Los Angeles,2021-02-13,33938,1604386,19802,808304,14136,796082,0,0,15445,784992,18402,407945,15486,1192937,California
Los Angeles,2021-02-14,21858,1626244,14913,823217,6945,803027,0,0,8789,780779,13005,420950,8792,1201729,California
Los Angeles,2021-02-15,33085,1659329,16101,839318,16984,820011,0,0,18108,783983,14910,435860,18114,1219843,California
Los Angeles,2021-02-16,64665,1723994,32980,872298,31685,851696,0,0,29924,779283,34637,470497,29937,1249780,California
Los Angeles,2021-02-17,65394,1789388,34976,907274,30418,882114,0,0,26541,767176,38654,509151,26547,1276327,California
Los Angeles,2021-02-18,69091,1858479,35254,942528,33837,915951,0,0,28715,755717,40183,549334,28724,1305051,California
Los Angeles,2021-02-19,58893,1917372,36436,978964,22457,938408,0,0,28702,754358,30078,579412,28719,1333770,California
Los Angeles,2021-02-20,33351,1950723,24347,1003311,9004,947412,0,0,15962,752996,17334,596746,15972,1349742,California
Los Angeles,2021-02-21,22597,1973320,20913,1024224,1684,949096,0,0,11144,752757,11387,608133,11148,1360890,California
Los Angeles,2021-02-22,34890,2008210,25443,1049667,9447,958543,0,0,17930,753826,16874,625007,17943,1378833,California
Los Angeles,2021-02-23,55343,2063553,23989,1073656,31354,989897,0,0,21672,741962,33548,658555,21684,1400517,California
Los Angeles,2021-02-24,65433,2128986,29189,1102845,36244,1026141,0,0,28152,733035,37097,695652,28170,1428687,California
Los Angeles,2021-02-25,74608,2203594,34200,1137045,40408,1066549,0,0,38373,735357,36064,731716,38386,1467073,California
Los Angeles,2021-02-26,84185,2287779,39020,1176065,45165,1111714,0,0,47133,745702,36817,768533,47162,1514235,California
Los Angeles,2021-02-27,60711,2348490,26827,1202892,33877,1145591,7,7,30915,747025,29622,798155,30945,1545180,California
Los Angeles,2021-02-28,27176,2375666,18776,1221668,8397,1153988,3,10,18958,757882,8110,806265,18967,1564147,California
Los Angeles,2021-03-01,57567,2433233,32857,1254525,24675,1178663,35,45,34380,769321,22994,829259,34433,1598580,California
Los Angeles,2021-03-02,78029,2511262,37949,1292474,40074,1218737,6,51,49088,789635,28792,858051,49106,1647686,California
Los Angeles,2021-03-03,85648,2596910,43916,1336390,41716,1260453,16,67,54187,812587,31276,889327,54228,1701914,California
Los Angeles,2021-03-04,91630,2688540,46887,1383277,44729,1305182,14,81,57962,837106,33476,922803,57995,1759909,California
Los Angeles,2021-03-05,90387,2778927,44567,1427844,45787,1350969,33,114,60434,867864,29745,952548,60503,1820412,California
Los Angeles,2021-03-06,67522,2846449,34409,1462253,31282,1382251,1831,1945,43530,889384,23842,976390,45362,1865774,California
Los Angeles,2021-03-07,27329,2873778,20815,1483068,5677,1387928,837,2782,21158,905235,6137,982527,21988,1887762,California
Los Angeles,2021-03-08,52929,2926707,27970,1511038,22983,1410911,1976,4758,39965,934319,12853,995380,41937,1929699,California
Los Angeles,2021-03-09,81626,3008333,38770,1549808,39563,1450474,3293,8051,51953,960033,29519,1024899,55233,1984932,California
Los Angeles,2021-03-10,83341,3091674,40969,1590777,37482,1487956,4890,12941,52692,987101,30470,1055369,57538,2042470,California
Los Angeles,2021-03-11,92960,3184634,45406,1636183,40853,1528809,6701,19642,54398,1009791,38360,1093729,61050,2103520,California
Los Angeles,2021-03-12,99199,3283833,44694,1680877,40581,1569390,13924,33566,57768,1040213,41214,1134943,71636,2175156,California
Los Angeles,2021-03-13,75901,3359734,35862,1716739,28063,1597453,11976,45542,45333,1067034,30447,1165390,57268,2232424,California
Los Angeles,2021-03-14,39183,3398917,26336,1743075,10298,1607751,2549,48091,24049,1078547,15060,1180450,26573,2258997,California
Los Angeles,2021-03-15,75087,3474004,36657,1779732,32974,1640725,5456,53547,45467,1100016,29425,1209875,50894,2309891,California
Los Angeles,2021-03-16,100078,3574082,43811,1823543,50378,1691103,5889,59436,64770,1135518,35105,1244980,70607,2380498,California
Los Angeles,2021-03-17,97566,3671648,44322,1867865,44916,1736019,8328,67764,65275,1176909,32074,1277054,73465,2453963,California
Los Angeles,2021-03-18,102048,3773696,48789,1916654,47918,1783937,5341,73105,64746,1209973,37004,1314058,70068,2524031,California
Los Angeles,2021-03-19,109331,3883027,57018,1973672,47531,1831468,4782,77887,67357,1240362,41698,1355756,72087,2596118,California
Los Angeles,2021-03-20,76522,3959549,37830,2011502,34105,1865573,4587,82474,51916,1272432,24414,1380170,56484,2652602,California
Los Angeles,2021-03-21,34676,3994225,25786,2037288,7988,1873561,902,83376,22227,1283233,12326,1392496,23127,2675729,California
Los Angeles,2021-03-22,71050,4065275,41744,2079032,27132,1900693,2174,85550,49816,1314259,20958,1413454,51984,2727713,California
Los Angeles,2021-03-23,96577,4161852,52225,2131257,41106,1941799,3246,88796,58400,1337991,37901,1451355,61633,2789346,California
Los Angeles,2021-03-24,105140,4266992,55759,2187016,46214,1988013,3167,91963,60714,1357761,44095,1495450,63865,2853211,California
Los Angeles,2021-03-25,110890,4377882,59426,2246442,47556,2035569,3908,95871,62218,1375506,48359,1543809,66104,2919315,California
Los Angeles,2021-03-26,115480,4493362,63307,2309749,47995,2083564,4178,100049,63619,1391707,51565,1595374,67766,2987081,California
Los Angeles,2021-03-27,83685,4577047,44056,2353805,37495,2121059,2134,102183,42647,1395720,40765,1636139,44778,3031859,California
Los Angeles,2021-03-28,42283,4619330,28687,2382492,13011,2134070,585,102768,20071,1394294,22081,1658220,20655,3052514,California
Los Angeles,2021-03-29,83162,4702492,46755,2429247,34633,2168703,1774,104542,46126,1405368,36816,1695036,47890,3100404,California
Los Angeles,2021-03-30,109080,4811572,51988,2481235,51147,2219850,5945,110487,56942,1416323,51895,1746931,62850,3163254,California
Los Angeles,2021-03-31,122860,4934432,62091,2543326,51931,2271781,8838,119325,68364,1439297,54169,1801100,77143,3240397,California
Los Angeles,2021-04-01,133664,5068096,62490,2605816,55709,2327490,15465,134790,71583,1464546,61713,1862813,86962,3327359,California
Los Angeles,2021-04-02,132558,5200654,59059,2664875,57920,2385410,15579,150369,70435,1488738,61772,1924585,85964,3413323,California
Los Angeles,2021-04-03,98768,5299422,45227,2710102,39885,2425295,13656,164025,48553,1500856,50018,1974603,62136,3475459,California
Los Angeles,2021-04-04,39267,5338689,20556,2730658,12070,2437365,6641,170666,16375,1501027,22802,1997405,22973,3498432,California
Los Angeles,2021-04-05,94134,5432823,44507,2775165,39306,2476671,10321,180987,44609,1506578,49307,2046712,54858,3553290,California
Los Angeles,2021-04-06,121387,5554210,57122,2832287,43894,2520565,20371,201358,55567,1516833,65553,2112265,75808,3629098,California
Los Angeles,2021-04-07,120569,5674779,54600,2886887,44737,2565302,21232,222590,54473,1526585,65824,2178089,75576,3704674,California
Los Angeles,2021-04-08,133376,5808155,58561,2945448,50615,2615917,24200,246790,60235,1538034,72812,2250901,84261,3788935,California
Los Angeles,2021-04-09,131992,5940147,57020,3002468,50920,2666837,24052,270842,56563,1543407,75105,2326006,80478,3869413,California
Los Angeles,2021-04-10,101941,6042088,43073,3045541,34673,2701510,24195,295037,37318,1540418,64366,2390372,61377,3930790,California
Los Angeles,2021-04-11,41933,6084021,22657,3068198,9749,2711259,9527,304564,14316,1536672,27528,2417900,23782,3954572,California
Los Angeles,2021-04-12,79376,6163397,38746,3106944,34222,2745481,6408,310972,32486,1528863,46667,2464567,38858,3993430,California
Los Angeles,2021-04-13,118069,6281466,59343,3166287,58290,2803771,436,311408,62326,1536199,55478,2520045,62814,4056244,California
Los Angeles,2021-04-14,119852,6401318,59762,3226049,59956,2863727,134,311542,64907,1546692,54661,2574706,65154,4121398,California
Los Angeles,2021-04-15,131086,6532404,70676,3296725,60217,2923944,193,311735,75138,1566370,55653,2630359,75331,4196729,California
Los Angeles,2021-04-16,131050,6663454,69142,3365867,61762,2985706,146,311881,69119,1574082,61631,2691990,69343,4266072,California
Los Angeles,2021-04-17,98869,6762323,51670,3417537,47170,3032876,29,311910,56482,1588508,42160,2734150,56586,4322658,California
Los Angeles,2021-04-18,34321,6796644,22774,3440311,11546,3044422,1,311911,18809,1591919,15427,2749577,18838,4341496,California
Los Angeles,2021-04-19,76649,6873293,40157,3480468,36478,3080900,14,311925,34350,1584248,42094,2791671,34423,4375919,California
Los Angeles,2021-04-20,103093,6976386,50162,3530630,52908,3133808,23,311948,51156,1583752,51685,2843356,51189,4427108,California
Los Angeles,2021-04-21,110897,7087283,52839,3583469,57871,3191679,187,312135,49111,1571608,61442,2904798,49298,4476406,California
Los Angeles,2021-04-22,116566,7203849,59750,3643219,56783,3248462,33,312168,51366,1558143,64868,2969666,51403,4527809,California
Los Angeles,2021-04-23,116025,7319874,62979,3706198,53025,3301487,21,312189,55395,1553239,60318,3029984,55414,4583223,California
Los Angeles,2021-04-24,90294,7410168,57420,3763618,32833,3334320,41,312230,50453,1564137,39604,3069588,50502,4633725,California
Los Angeles,2021-04-25,37954,7448122,25121,3788739,12827,3347147,6,312236,20417,1567136,17423,3087011,20422,4654147,California
Los Angeles,2021-04-26,78018,7526140,40287,3829026,37224,3384371,507,312743,38563,1566965,39236,3126247,39065,4693212,California
Los Angeles,2021-04-27,93140,7619280,44519,3873545,46652,3431023,1969,314712,35482,1547034,57372,3183619,37441,4730653,California
Los Angeles,2021-04-28,86301,7705581,41155,3914700,43051,3474074,2095,316807,34075,1531306,51887,3235506,36159,4766812,California
Los Angeles,2021-04-29,92983,7798564,45786,3960486,44987,3519061,2210,319017,33555,1508025,59034,3294540,35753,4802565,California
Los Angeles,2021-04-30,99428,7897992,49043,4009529,47967,3567028,2418,321435,35845,1483124,63147,3357687,38246,4840811,California
Los Angeles,2021-05-01,75386,7973378,42152,4051681,31718,3598746,1516,322951,28355,1466273,46714,3404401,29863,4870674,California
Los Angeles,2021-05-02,28010,8001388,17981,4069662,9292,3608038,737,323688,10152,1459415,17742,3422143,10884,4881558,California
Los Angeles,2021-05-03,62234,8063622,30135,4099797,29872,3637910,2227,325915,22542,1444734,39435,3461578,24754,4906312,California
Los Angeles,2021-05-04,85709,8149331,47171,4146968,36289,3674199,2249,328164,26374,1414315,59024,3520602,28605,4934917,California
Los Angeles,2021-05-05,88748,8238079,51490,4198458,34915,3709114,2343,330507,24389,1377011,64025,3584627,26721,4961638,California
Los Angeles,2021-05-06,96477,8334556,57916,4256374,36045,3745159,2516,333023,22995,1329402,73100,3657727,25491,4987129,California
Los Angeles,2021-05-07,95831,8430387,56930,4313304,36553,3781712,2348,335371,26246,1288734,69234,3726961,28566,5015695,California
Los Angeles,2021-05-08,64376,8494763,42376,4355680,20304,3802016,1696,337067,17599,1261553,46464,3773425,19283,5034978,California
Los Angeles,2021-05-09,23691,8518454,18034,4373714,4917,3806933,740,337807,6037,1250766,17556,3790981,6769,5041747,California
Los Angeles,2021-05-10,49165,8567619,25886,4399600,21397,3828330,1882,339689,14945,1233588,33996,3824977,16818,5058565,California
Los Angeles,2021-05-11,68913,8636532,36950,4436550,29857,3858187,2106,341795,17878,1202769,50776,3875753,19957,5078522,California
Los Angeles,2021-05-12,70570,8707102,38233,4474783,30064,3888251,2273,344068,20453,1175655,49816,3925569,22702,5101224,California
Los Angeles,2021-05-13,75137,8782239,45437,4520220,28006,3916257,1694,345762,27254,1157079,47506,3973075,28930,5130154,California
Los Angeles,2021-05-14,87070,8869309,55162,4575382,30083,3946340,1825,347587,32862,1137875,53876,4026951,34672,5164826,California
Los Angeles,2021-05-15,74812,8944121,52427,4627809,20881,3967221,1504,349091,28774,1122375,45766,4072717,30266,5195092,California
Los Angeles,2021-05-16,30493,8974614,24109,4651918,5776,3972997,608,349699,11987,1116557,18408,4091125,12590,5207682,California
Los Angeles,2021-05-17,61627,9036241,39985,4691903,19865,3992862,1777,351476,25065,1107047,36326,4127451,26816,5234498,California
Los Angeles,2021-05-18,64715,9100956,38223,4730126,24662,4017524,1830,353306,25842,1096082,38604,4166055,27639,5262137,California
Los Angeles,2021-05-19,67198,9168154,40559,4770685,24810,4042334,1829,355135,29289,1089541,37643,4203698,31102,5293239,California
Los Angeles,2021-05-20,65879,9234033,36779,4807464,27024,4069358,2076,357211,25440,1076990,40060,4243758,27509,5320748,California
Los Angeles,2021-05-21,69693,9303726,42308,4849772,25319,4094677,2066,359277,27696,1065107,41632,4285390,29749,5350497,California
Los Angeles,2021-05-22,56853,9360579,37120,4886892,18084,4112761,1649,360926,23066,1056261,33549,4318939,24703,5375200,California
Los Angeles,2021-05-23,23375,9383954,16093,4902985,6444,4119205,838,361764,10446,1054731,12809,4331748,11279,5386479,California
Los Angeles,2021-05-24,48190,9432144,26486,4929471,19856,4139061,1848,363612,18171,1044960,29776,4361524,20005,5406484,California
Los Angeles,2021-05-25,49457,9481601,28675,4958146,19022,4158083,1760,365372,19304,1036107,29907,4391431,21054,5427538,California
Los Angeles,2021-05-26,46807,9528408,26468,4984614,18510,4176593,1829,367201,19930,1031285,26461,4417892,21639,5449177,California
Los Angeles,2021-05-27,45194,9573602,25213,5009827,18097,4194690,1884,369085,18959,1026079,26002,4443894,20796,5469973,California
Los Angeles,2021-05-28,51817,9625419,29400,5039227,20543,4215233,1874,370959,23236,1022876,28299,4472193,25096,5495069,California
Los Angeles,2021-05-29,30172,9655591,17458,5056685,11679,4226912,1035,371994,14174,1022264,15810,4488003,15198,5510267,California
Los Angeles,2021-05-30,12443,9668034,8179,5064864,3539,4230451,725,372719,5931,1022453,6460,4494463,6649,5516916,California
Los Angeles,2021-05-31,6027,9674061,3725,5068589,1997,4232448,305,373024,1734,1020252,4237,4498700,2036,5518952,California
Los Angeles,2021-06-01,45955,9720016,25771,5094360,18616,4251064,1568,374592,17731,1011636,27892,4526592,19276,5538228,California
Los Angeles,2021-06-02,38176,9758192,22086,5116446,14642,4265706,1448,376040,15346,1005856,22551,4549143,16771,5554999,California
Los Angeles,2021-06-03,42572,9800764,28186,5144632,12812,4278518,1574,377614,15275,995629,27040,4576183,16813,5571812,California
Los Angeles,2021-06-04,51986,9852750,35194,5179826,15128,4293646,1664,379278,17404,980440,34237,4610420,19048,5590860,California
Los Angeles,2021-06-05,42149,9894899,30265,5210091,10522,4304168,1362,380640,12720,965263,29243,4639663,14066,5604926,California
Los Angeles,2021-06-06,14597,9909496,12045,5222136,1824,4305992,728,381368,4091,959641,10435,4650098,4813,5609739,California
Los Angeles,2021-06-07,36550,9946046,26128,5248264,8987,4314979,1435,382803,11757,948216,24604,4674702,13179,5622918,California
Los Angeles,2021-06-08,37961,9984007,26110,5274374,10269,4325248,1582,384385,12912,937932,24762,4699464,14478,5637396,California
Los Angeles,2021-06-09,39313,10023320,27759,5302133,10048,4335296,1506,385891,11593,923539,27474,4726938,13081,5650477,California
Los Angeles,2021-06-10,35460,10058780,24522,5326655,9396,4344692,1542,387433,11261,912356,23975,4750913,12792,5663269,California
Los Angeles,2021-06-11,40474,10099254,27829,5354484,11023,4355715,1622,389055,13238,900278,26927,4777840,14849,5678118,California
Los Angeles,2021-06-12,32307,10131561,23186,5377670,7911,4363626,1210,390265,9639,888612,22506,4800346,10840,5688958,California
Los Angeles,2021-06-13,11376,10142937,8135,5385805,2617,4366243,624,390889,2694,883301,8621,4808967,3310,5692268,California
Los Angeles,2021-06-14,28555,10171492,19742,5405547,7524,4373767,1289,392178,9674,875531,18715,4827682,10945,5703213,California
Los Angeles,2021-06-15,31682,10203174,21194,5426741,8962,4382729,1526,393704,11090,867861,20263,4847945,12593,5715806,California
Los Angeles,2021-06-16,14323,10217497,9868,5436609,3378,4386107,1077,394781,4615,863960,9584,4857529,5683,5721489,California
Madera,2020-12-16,21,21,21,21,0,0,0,0,21,21,0,0,21,21,California
Madera,2020-12-17,12,33,12,33,0,0,0,0,12,33,0,0,12,33,California
Madera,2020-12-18,60,93,60,93,0,0,0,0,60,93,0,0,60,93,California
Madera,2020-12-19,5,98,5,98,0,0,0,0,5,98,0,0,5,98,California
Madera,2020-12-20,13,111,13,111,0,0,0,0,13,111,0,0,13,111,California
Madera,2020-12-21,60,171,60,171,0,0,0,0,60,171,0,0,60,171,California
Madera,2020-12-22,94,265,92,263,2,2,0,0,94,265,0,0,94,265,California
Madera,2020-12-23,67,332,67,330,0,2,0,0,67,332,0,0,67,332,California
Madera,2020-12-24,43,375,38,368,5,7,0,0,43,375,0,0,43,375,California
Madera,2020-12-26,27,402,26,394,1,8,0,0,27,402,0,0,27,402,California
Madera,2020-12-27,27,429,12,406,15,23,0,0,27,429,0,0,27,429,California
Madera,2020-12-28,107,536,36,442,71,94,0,0,107,536,0,0,107,536,California
Madera,2020-12-29,174,710,37,479,137,231,0,0,174,710,0,0,174,710,California
Madera,2020-12-30,223,933,87,566,136,367,0,0,223,933,0,0,223,933,California
Madera,2020-12-31,202,1135,80,646,122,489,0,0,202,1135,0,0,202,1135,California
Madera,2021-01-01,2,1137,1,647,1,490,0,0,2,1137,0,0,2,1137,California
Madera,2021-01-02,88,1225,33,680,55,545,0,0,88,1225,0,0,88,1225,California
Madera,2021-01-03,4,1229,4,684,0,545,0,0,4,1229,0,0,4,1229,California
Madera,2021-01-04,129,1358,66,750,63,608,0,0,128,1356,1,1,128,1357,California
Madera,2021-01-05,279,1637,143,893,136,744,0,0,275,1627,4,5,275,1632,California
Madera,2021-01-06,183,1820,26,919,157,901,0,0,164,1772,19,24,164,1796,California
Madera,2021-01-07,400,2220,116,1035,284,1185,0,0,378,2128,22,46,378,2174,California
Madera,2021-01-08,420,2640,71,1106,349,1534,0,0,365,2440,54,100,366,2540,California
Madera,2021-01-09,36,2676,14,1120,22,1556,0,0,27,2458,9,109,27,2567,California
Madera,2021-01-10,17,2693,14,1134,3,1559,0,0,5,2451,12,121,5,2572,California
Madera,2021-01-11,242,2935,193,1327,49,1608,0,0,199,2607,43,164,199,2771,California
Madera,2021-01-12,388,3323,157,1484,231,1839,0,0,284,2787,104,268,284,3055,California
Madera,2021-01-13,180,3503,90,1574,90,1929,0,0,126,2860,54,322,127,3182,California
Madera,2021-01-14,552,4055,80,1654,472,2401,0,0,520,3348,32,354,520,3702,California
Madera,2021-01-15,598,4653,157,1811,441,2842,0,0,576,3902,22,376,576,4278,California
Madera,2021-01-16,385,5038,49,1860,336,3178,0,0,357,4231,28,404,357,4635,California
Madera,2021-01-17,336,5374,15,1875,321,3499,0,0,332,4559,4,408,332,4967,California
Madera,2021-01-18,78,5452,62,1937,16,3515,0,0,59,4600,18,426,59,5026,California
Madera,2021-01-19,572,6024,135,2072,437,3952,0,0,545,5119,27,453,546,5572,California
Madera,2021-01-20,239,6263,81,2153,158,4110,0,0,211,5303,27,480,211,5783,California
Madera,2021-01-21,240,6503,130,2283,110,4220,0,0,206,5477,32,512,206,5989,California
Madera,2021-01-22,257,6760,81,2364,176,4396,0,0,242,5704,15,527,242,6231,California
Madera,2021-01-23,100,6860,53,2417,47,4443,0,0,76,5756,24,551,76,6307,California
Madera,2021-01-24,97,6957,81,2498,16,4459,0,0,78,5815,19,570,78,6385,California
Madera,2021-01-25,271,7228,126,2624,145,4604,0,0,147,5838,124,694,147,6532,California
Madera,2021-01-26,492,7720,189,2813,303,4907,0,0,301,5950,190,884,302,6834,California
Madera,2021-01-27,746,8466,63,2876,683,5590,0,0,609,6424,137,1021,611,7445,California
Madera,2021-01-28,546,9012,108,2984,438,6028,0,0,441,6761,105,1126,442,7887,California
Madera,2021-01-29,469,9481,94,3078,375,6403,0,0,414,7120,55,1181,414,8301,California
Madera,2021-01-30,504,9985,16,3094,488,6891,0,0,451,7518,53,1234,451,8752,California
Madera,2021-01-31,9,9994,6,3100,3,6894,0,0,8,7525,1,1235,8,8760,California
Madera,2021-02-01,333,10327,147,3247,186,7080,0,0,207,7606,126,1361,207,8967,California
Madera,2021-02-02,256,10583,89,3336,167,7247,0,0,162,7676,93,1454,163,9130,California
Madera,2021-02-03,595,11178,461,3797,134,7381,0,0,476,8036,117,1571,477,9607,California
Madera,2021-02-04,395,11573,126,3923,269,7650,0,0,117,7877,277,1848,118,9725,California
Madera,2021-02-05,983,12556,302,4225,681,8331,0,0,376,7654,600,2448,377,10102,California
Madera,2021-02-06,365,12921,331,4556,34,8365,0,0,325,7940,39,2487,325,10427,California
Madera,2021-02-07,34,12955,6,4562,28,8393,0,0,29,7964,5,2492,29,10456,California
Madera,2021-02-08,389,13344,312,4874,77,8470,0,0,271,8121,114,2606,271,10727,California
Madera,2021-02-09,485,13829,118,4992,367,8837,0,0,203,8047,278,2884,204,10931,California
Madera,2021-02-10,435,14264,149,5141,286,9123,0,0,332,8276,103,2987,332,11263,California
Madera,2021-02-11,937,15201,309,5450,628,9751,0,0,404,8151,530,3517,405,11668,California
Madera,2021-02-12,840,16041,116,5566,724,10475,0,0,311,7943,522,4039,314,11982,California
Madera,2021-02-13,487,16528,44,5610,443,10918,0,0,138,7739,345,4384,141,12123,California
Madera,2021-02-14,400,16928,74,5684,326,11244,0,0,136,7612,264,4648,137,12260,California
Madera,2021-02-15,246,17174,100,5784,146,11390,0,0,175,7717,70,4718,175,12435,California
Madera,2021-02-16,776,17950,179,5963,597,11987,0,0,229,7402,545,5263,230,12665,California
Madera,2021-02-17,614,18564,277,6240,337,12324,0,0,342,7481,265,5528,344,13009,California
Madera,2021-02-18,1299,19863,538,6778,761,13085,0,0,1120,8424,178,5706,1121,14130,California
Madera,2021-02-19,858,20721,541,7319,317,13402,0,0,715,8997,143,5849,716,14846,California
Madera,2021-02-20,1075,21796,985,8304,90,13492,0,0,1003,9930,71,5920,1004,15850,California
Madera,2021-02-21,964,22760,822,9126,142,13634,0,0,959,10884,5,5925,959,16809,California
Madera,2021-02-22,915,23675,837,9963,78,13712,0,0,857,11683,58,5983,857,17666,California
Madera,2021-02-23,773,24448,500,10463,273,13985,0,0,545,12003,225,6208,545,18211,California
Madera,2021-02-24,917,25365,303,10766,614,14599,0,0,385,11857,531,6739,385,18596,California
Madera,2021-02-25,1036,26401,316,11082,720,15319,0,0,600,12023,434,7173,600,19196,California
Madera,2021-02-26,1086,27487,199,11281,887,16206,0,0,702,12343,382,7555,702,19898,California
Madera,2021-02-27,904,28391,266,11547,638,16844,0,0,477,12399,424,7979,480,20378,California
Madera,2021-02-28,193,28584,28,11575,165,17009,0,0,188,12582,5,7984,188,20566,California
Madera,2021-03-01,381,28965,121,11696,260,17269,0,0,197,12598,181,8165,197,20763,California
Madera,2021-03-02,754,29719,349,12045,405,17674,0,0,638,13125,113,8278,640,21403,California
Madera,2021-03-03,1362,31081,732,12777,630,18304,0,0,955,13703,404,8682,982,22385,California
Madera,2021-03-04,1208,32289,530,13307,678,18982,0,0,954,14405,255,8937,957,23342,California
Madera,2021-03-05,1369,33658,422,13729,934,19916,13,13,1086,15234,281,9218,1110,24452,California
Madera,2021-03-06,826,34484,643,14372,151,20067,32,45,505,15452,320,9538,538,24990,California
Madera,2021-03-07,154,34638,26,14398,106,20173,22,67,105,15530,49,9587,127,25117,California
Madera,2021-03-08,602,35240,336,14734,207,20380,59,126,306,15601,296,9883,367,25484,California
Madera,2021-03-09,604,35844,297,15031,273,20653,34,160,412,15863,190,10073,452,25936,California
Madera,2021-03-10,1196,37040,559,15590,558,21211,79,239,762,16276,429,10502,842,26778,California
Madera,2021-03-11,1688,38728,870,16460,490,21701,328,567,771,16471,915,11417,1110,27888,California
Madera,2021-03-12,1583,40311,818,17278,613,22314,152,719,803,16677,777,12194,983,28871,California
Madera,2021-03-13,1890,42201,1332,18610,361,22675,197,916,819,16642,1068,13262,1033,29904,California
Madera,2021-03-14,589,42790,451,19061,105,22780,33,949,296,16681,290,13552,329,30233,California
Madera,2021-03-15,747,43537,233,19294,469,23249,45,994,515,17047,229,13781,595,30828,California
Madera,2021-03-16,933,44470,528,19822,358,23607,47,1041,744,17669,186,13967,808,31636,California
Madera,2021-03-17,1477,45947,987,20809,427,24034,63,1104,913,18185,555,14522,1071,32707,California
Madera,2021-03-18,1954,47901,683,21492,1206,25240,65,1169,972,18337,975,15497,1127,33834,California
Madera,2021-03-19,1593,49494,588,22080,923,26163,82,1251,1036,18984,553,16050,1200,35034,California
Madera,2021-03-20,1193,50687,781,22861,361,26524,51,1302,608,19125,583,16633,724,35758,California
Madera,2021-03-21,1108,51795,904,23765,157,26681,47,1349,384,18836,721,17354,432,36190,California
Madera,2021-03-22,1364,53159,858,24623,441,27122,65,1414,686,18959,675,18029,798,36988,California
Madera,2021-03-23,1417,54576,862,25485,468,27590,87,1501,676,19066,740,18769,847,37835,California
Madera,2021-03-24,956,55532,513,25998,411,28001,32,1533,615,19379,338,19107,651,38486,California
Madera,2021-03-25,1179,56711,533,26531,622,28623,24,1557,650,19547,519,19626,687,39173,California
Madera,2021-03-26,1520,58231,581,27112,805,29428,134,1691,717,19603,799,20425,855,40028,California
Madera,2021-03-27,932,59163,607,27719,302,29730,23,1714,416,19531,512,20937,440,40468,California
Madera,2021-03-28,438,59601,150,27869,228,29958,60,1774,205,19658,232,21169,359,40827,California
Madera,2021-03-29,695,60296,184,28053,481,30439,30,1804,499,19999,192,21361,533,41360,California
Madera,2021-03-30,1076,61372,606,28659,439,30878,31,1835,481,19921,591,21952,513,41873,California
Madera,2021-03-31,1396,62768,545,29204,722,31600,129,1964,425,19511,965,22917,555,42428,California
Madera,2021-04-01,1394,64162,625,29829,718,32318,51,2015,485,19146,899,23816,534,42962,California
Madera,2021-04-02,1610,65772,461,30290,1090,33408,59,2074,479,18565,1120,24936,539,43501,California
Madera,2021-04-03,961,66733,763,31053,179,33587,19,2093,393,18422,566,25502,423,43924,California
Madera,2021-04-04,187,66920,65,31118,120,33707,2,2095,86,18410,101,25603,89,44013,California
Madera,2021-04-05,737,67657,257,31375,422,34129,58,2153,341,18428,395,25998,413,44426,California
Madera,2021-04-06,1717,69374,894,32269,468,34597,355,2508,536,18140,1179,27177,891,45317,California
Madera,2021-04-07,1232,70606,385,32654,699,35296,148,2656,423,17910,806,27983,576,45893,California
Madera,2021-04-08,1731,72337,668,33322,800,36096,263,2919,560,17575,1164,29147,829,46722,California
Madera,2021-04-09,1645,73982,694,34016,804,36900,147,3066,947,17981,693,29840,1099,47821,California
Madera,2021-04-10,982,74964,688,34704,225,37125,69,3135,713,18495,270,30110,784,48605,California
Madera,2021-04-11,814,75778,660,35364,75,37200,79,3214,287,18335,524,30634,364,48969,California
Madera,2021-04-12,802,76580,280,35644,445,37645,77,3291,310,18231,492,31126,388,49357,California
Madera,2021-04-13,1248,77828,615,36259,590,38235,43,3334,727,18492,519,31645,780,50137,California
Madera,2021-04-14,1402,79230,866,37125,536,38771,0,3334,579,18258,822,32467,588,50725,California
Madera,2021-04-15,1181,80411,511,37636,669,39440,1,3335,427,17950,742,33209,434,51159,California
Madera,2021-04-16,1334,81745,541,38177,793,40233,0,3335,373,17379,949,34158,378,51537,California
Madera,2021-04-17,1289,83034,1083,39260,206,40439,0,3335,769,17632,518,34676,771,52308,California
Madera,2021-04-18,249,83283,209,39469,40,40479,0,3335,89,17565,158,34834,91,52399,California
Madera,2021-04-19,813,84096,241,39710,571,41050,1,3336,281,17320,526,35360,281,52680,California
Madera,2021-04-20,871,84967,427,40137,444,41494,0,3336,216,16886,652,36012,218,52898,California
Madera,2021-04-21,859,85826,453,40590,406,41900,0,3336,292,16613,567,36579,294,53192,California
Madera,2021-04-22,1077,86903,513,41103,564,42464,0,3336,373,16287,700,37279,374,53566,California
Madera,2021-04-23,971,87874,307,41410,664,43128,0,3336,336,15993,630,37909,336,53902,California
Madera,2021-04-24,713,88587,469,41879,244,43372,0,3336,250,15785,459,38368,251,54153,California
Madera,2021-04-25,266,88853,159,42038,104,43476,3,3339,117,15761,145,38513,121,54274,California
Madera,2021-04-26,556,89409,99,42137,451,43927,6,3345,128,15470,425,38938,134,54408,California
Madera,2021-04-27,620,90029,274,42411,321,44248,25,3370,312,15501,307,39245,338,54746,California
Madera,2021-04-28,502,90531,197,42608,286,44534,19,3389,245,15509,255,39500,263,55009,California
Madera,2021-04-29,553,91084,245,42853,280,44814,28,3417,258,15508,288,39788,287,55296,California
Madera,2021-04-30,937,92021,505,43358,416,45230,16,3433,272,15137,659,40447,288,55584,California
Madera,2021-05-01,968,92989,869,44227,85,45315,14,3447,388,14960,579,41026,402,55986,California
Madera,2021-05-02,396,93385,349,44576,43,45358,4,3451,145,14858,251,41277,149,56135,California
Madera,2021-05-03,498,93883,197,44773,261,45619,40,3491,99,14601,396,41673,139,56274,California
Madera,2021-05-04,904,94787,434,45207,426,46045,44,3535,213,14167,691,42364,257,56531,California
Madera,2021-05-05,1010,95797,478,45685,471,46516,61,3596,280,13780,728,43092,341,56872,California
Madera,2021-05-06,699,96496,245,45930,423,46939,31,3627,153,13423,541,43633,184,57056,California
Madera,2021-05-07,807,97303,277,46207,509,47448,21,3648,194,13030,607,44240,214,57270,California
Madera,2021-05-08,971,98274,758,46965,202,47650,11,3659,186,12443,784,45024,197,57467,California
Madera,2021-05-09,145,98419,20,46985,114,47764,11,3670,35,12380,109,45133,46,57513,California
Madera,2021-05-10,361,98780,74,47059,275,48039,12,3682,100,12232,260,45393,112,57625,California
Madera,2021-05-11,529,99309,179,47238,341,48380,9,3691,171,12056,356,45749,180,57805,California
Madera,2021-05-12,508,99817,230,47468,242,48622,36,3727,128,11842,378,46127,164,57969,California
Madera,2021-05-13,506,100323,307,47775,167,48789,32,3759,176,11722,328,46455,208,58177,California
Madera,2021-05-14,530,100853,267,48042,239,49028,24,3783,235,11689,292,46747,259,58436,California
Madera,2021-05-15,562,101415,477,48519,77,49105,8,3791,363,11863,197,46944,371,58807,California
Madera,2021-05-16,255,101670,186,48705,37,49142,32,3823,104,11848,151,47095,136,58943,California
Madera,2021-05-17,456,102126,191,48896,236,49378,29,3852,208,11842,243,47338,237,59180,California
Madera,2021-05-18,548,102674,367,49263,158,49536,23,3875,289,11899,255,47593,312,59492,California
Madera,2021-05-19,485,103159,223,49486,240,49776,22,3897,213,11863,271,47864,235,59727,California
Madera,2021-05-20,591,103750,270,49756,283,50059,38,3935,233,11783,351,48215,271,59998,California
Madera,2021-05-21,502,104252,192,49948,282,50341,28,3963,192,11698,305,48520,220,60218,California
Madera,2021-05-22,905,105157,820,50768,73,50414,12,3975,534,11874,370,48890,546,60764,California
Madera,2021-05-23,263,105420,236,51004,17,50431,10,3985,139,11900,123,49013,149,60913,California
Madera,2021-05-24,300,105720,135,51139,124,50555,41,4026,117,11876,182,49195,158,61071,California
Madera,2021-05-25,381,106101,168,51307,180,50735,33,4059,154,11838,225,49420,187,61258,California
Madera,2021-05-26,444,106545,258,51565,164,50899,22,4081,236,11891,205,49625,258,61516,California
Madera,2021-05-27,378,106923,136,51701,204,51103,38,4119,137,11829,237,49862,175,61691,California
Madera,2021-05-28,451,107374,173,51874,250,51353,28,4147,180,11768,269,50131,208,61899,California
Madera,2021-05-29,306,107680,215,52089,73,51426,18,4165,167,11814,139,50270,185,62084,California
Madera,2021-05-30,62,107742,27,52116,31,51457,4,4169,29,11815,32,50302,33,62117,California
Madera,2021-05-31,26,107768,9,52125,13,51470,4,4173,12,11817,14,50316,16,62133,California
Madera,2021-06-01,292,108060,148,52273,121,51591,23,4196,111,11772,179,50495,134,62267,California
Madera,2021-06-02,397,108457,126,52399,248,51839,23,4219,120,11639,276,50771,143,62410,California
Madera,2021-06-03,280,108737,149,52548,116,51955,15,4234,91,11556,189,50960,106,62516,California
Madera,2021-06-04,382,109119,245,52793,126,52081,11,4245,152,11490,229,51189,163,62679,California
Madera,2021-06-05,512,109631,385,53178,114,52195,13,4258,148,11293,359,51548,162,62841,California
Madera,2021-06-06,134,109765,114,53292,13,52208,7,4265,38,11242,96,51644,45,62886,California
Madera,2021-06-07,252,110017,157,53449,74,52282,21,4286,46,11103,206,51850,67,62953,California
Madera,2021-06-08,386,110403,273,53722,92,52374,21,4307,99,10936,287,52137,120,63073,California
Madera,2021-06-09,377,110780,239,53961,111,52485,27,4334,146,10881,228,52365,173,63246,California
Madera,2021-06-10,344,111124,196,54157,132,52617,16,4350,119,10793,223,52588,135,63381,California
Madera,2021-06-11,382,111506,222,54379,127,52744,33,4383,168,10779,213,52801,199,63580,California
Madera,2021-06-12,580,112086,510,54889,53,52797,17,4400,97,10410,483,53284,114,63694,California
Madera,2021-06-13,193,112279,160,55049,27,52824,6,4406,54,10332,138,53422,60,63754,California
Madera,2021-06-14,189,112468,126,55175,42,52866,21,4427,74,10315,112,53534,95,63849,California
Madera,2021-06-15,327,112795,224,55399,75,52941,28,4455,143,10304,182,53716,171,64020,California
Madera,2021-06-16,194,112989,154,55553,31,52972,9,4464,76,10274,115,53831,85,64105,California
Marin,2020-12-15,2,2,2,2,0,0,0,0,2,2,0,0,2,2,California
Marin,2020-12-16,109,111,109,111,0,0,0,0,109,111,0,0,109,111,California
Marin,2020-12-17,272,383,272,383,0,0,0,0,272,383,0,0,272,383,California
Marin,2020-12-18,387,770,387,770,0,0,0,0,387,770,0,0,387,770,California
Marin,2020-12-19,348,1118,347,1117,1,1,0,0,348,1118,0,0,348,1118,California
Marin,2020-12-20,165,1283,164,1281,1,2,0,0,165,1283,0,0,165,1283,California
Marin,2020-12-21,239,1522,236,1517,3,5,0,0,239,1522,0,0,239,1522,California
Marin,2020-12-22,523,2045,318,1835,205,210,0,0,523,2045,0,0,523,2045,California
Marin,2020-12-23,731,2776,319,2154,412,622,0,0,731,2776,0,0,731,2776,California
Marin,2020-12-24,357,3133,160,2314,197,819,0,0,357,3133,0,0,357,3133,California
Marin,2020-12-25,26,3159,0,2314,26,845,0,0,26,3159,0,0,26,3159,California
Marin,2020-12-26,143,3302,94,2408,49,894,0,0,143,3302,0,0,143,3302,California
Marin,2020-12-27,90,3392,54,2462,36,930,0,0,90,3392,0,0,90,3392,California
Marin,2020-12-28,409,3801,98,2560,311,1241,0,0,409,3801,0,0,409,3801,California
Marin,2020-12-29,401,4202,88,2648,313,1554,0,0,401,4202,0,0,401,4202,California
Marin,2020-12-30,628,4830,390,3038,238,1792,0,0,628,4830,0,0,628,4830,California
Marin,2020-12-31,201,5031,35,3073,166,1958,0,0,200,5029,1,1,200,5030,California
Marin,2021-01-01,29,5060,14,3087,15,1973,0,0,29,5058,0,1,29,5059,California
Marin,2021-01-02,112,5172,106,3193,6,1979,0,0,112,5170,0,1,112,5171,California
Marin,2021-01-03,49,5221,31,3224,18,1997,0,0,45,5215,0,1,45,5216,California
Marin,2021-01-04,295,5516,193,3417,102,2099,0,0,294,5508,1,2,294,5510,California
Marin,2021-01-05,365,5881,218,3635,147,2246,0,0,322,5787,43,45,322,5832,California
Marin,2021-01-06,817,6698,317,3952,500,2746,0,0,636,6242,181,226,636,6468,California
Marin,2021-01-07,885,7583,496,4448,389,3135,0,0,529,6415,356,582,529,6997,California
Marin,2021-01-08,966,8549,511,4959,455,3590,0,0,582,6614,383,965,582,7579,California
Marin,2021-01-09,622,9171,223,5182,399,3989,0,0,492,6976,130,1095,492,8071,California
Marin,2021-01-10,130,9301,101,5283,29,4018,0,0,55,6956,75,1170,55,8126,California
Marin,2021-01-11,471,9772,327,5610,144,4162,0,0,248,6982,222,1392,248,8374,California
Marin,2021-01-12,938,10710,544,6154,394,4556,0,0,568,7184,366,1758,568,8942,California
Marin,2021-01-13,1173,11883,495,6649,678,5234,0,0,937,7885,236,1994,937,9879,California
Marin,2021-01-14,1068,12951,319,6968,749,5983,0,0,916,8652,150,2144,917,10796,California
Marin,2021-01-15,1156,14107,353,7321,803,6786,0,0,1026,9551,129,2273,1028,11824,California
Marin,2021-01-16,1122,15229,916,8237,206,6992,0,0,1046,10521,76,2349,1046,12870,California
Marin,2021-01-17,1236,16465,1115,9352,121,7113,0,0,1207,11703,28,2377,1210,14080,California
Marin,2021-01-18,361,16826,159,9511,202,7315,0,0,311,11964,50,2427,311,14391,California
Marin,2021-01-19,1154,17980,909,10420,245,7560,0,0,981,12773,172,2599,981,15372,California
Marin,2021-01-20,1793,19773,1208,11628,585,8145,0,0,1062,13117,719,3318,1063,16435,California
Marin,2021-01-21,1679,21452,1062,12690,617,8762,0,0,1323,14092,353,3671,1328,17763,California
Marin,2021-01-22,1708,23160,1092,13782,616,9378,0,0,1536,15457,172,3843,1537,19300,California
Marin,2021-01-23,1852,25012,1354,15136,498,9876,0,0,1765,17135,87,3930,1765,21065,California
Marin,2021-01-24,614,25626,165,15301,449,10325,0,0,582,17685,32,3962,582,21647,California
Marin,2021-01-25,1126,26752,230,15531,896,11221,0,0,689,17938,437,4399,690,22337,California
Marin,2021-01-26,1522,28274,780,16311,742,11963,0,0,1140,18697,381,4780,1140,23477,California
Marin,2021-01-27,1722,29996,889,17200,833,12796,0,0,1357,19693,363,5143,1359,24836,California
Marin,2021-01-28,2082,32078,1068,18268,1014,13810,0,0,1817,21249,264,5407,1820,26656,California
Marin,2021-01-29,2204,34282,1433,19701,771,14581,0,0,2007,23072,185,5592,2008,28664,California
Marin,2021-01-30,1723,36005,909,20610,814,15395,0,0,1644,24638,79,5671,1645,30309,California
Marin,2021-01-31,459,36464,323,20933,136,15531,0,0,433,25045,26,5697,433,30742,California
Marin,2021-02-01,1093,37557,416,21349,677,16208,0,0,895,25744,197,5894,896,31638,California
Marin,2021-02-02,1415,38972,494,21843,921,17129,0,0,751,25842,653,6547,751,32389,California
Marin,2021-02-03,1780,40752,422,22265,1358,18487,0,0,1276,26616,502,7049,1276,33665,California
Marin,2021-02-04,1525,42277,501,22766,1024,19511,0,0,928,26950,594,7643,928,34593,California
Marin,2021-02-05,2170,44447,675,23441,1495,21006,0,0,1333,27450,833,8476,1333,35926,California
Marin,2021-02-06,1428,45875,848,24289,580,21586,0,0,604,27231,823,9299,604,36530,California
Marin,2021-02-07,1289,47164,1005,25294,284,21870,0,0,488,26919,800,10099,488,37018,California
Marin,2021-02-08,1528,48692,752,26046,776,22646,0,0,728,26850,797,10896,728,37746,California
Marin,2021-02-09,1781,50473,1122,27168,659,23305,0,0,836,26741,945,11841,836,38582,California
Marin,2021-02-10,2333,52806,1488,28656,845,24150,0,0,1213,26837,1118,12959,1214,39796,California
Marin,2021-02-11,2864,55670,1637,30293,1227,25377,0,0,1445,26871,1414,14373,1448,41244,California
Marin,2021-02-12,3052,58722,1534,31827,1518,26895,0,0,1553,26929,1496,15869,1554,42798,California
Marin,2021-02-13,2329,61051,1243,33070,1086,27981,0,0,1124,26850,1203,17072,1124,43922,California
Marin,2021-02-14,812,61863,300,33370,512,28493,0,0,718,27475,94,17166,719,44641,California
Marin,2021-02-15,1219,63082,356,33726,863,29356,0,0,840,27938,378,17544,841,45482,California
Marin,2021-02-16,2471,65553,1053,34779,1418,30774,0,0,1503,28474,967,18511,1503,46985,California
Marin,2021-02-17,2095,67648,938,35717,1157,31931,0,0,1082,28545,1011,19522,1082,48067,California
Marin,2021-02-18,2413,70061,1587,37304,826,32757,0,0,1058,28251,1352,20874,1058,49125,California
Marin,2021-02-19,2783,72844,2172,39476,611,33368,0,0,1235,27953,1534,22408,1236,50361,California
Marin,2021-02-20,2622,75466,2154,41630,468,33836,0,0,1255,27850,1359,23767,1256,51617,California
Marin,2021-02-21,1330,76796,1129,42759,201,34037,0,0,945,28414,381,24148,945,52562,California
Marin,2021-02-22,1855,78651,1422,44181,433,34470,0,0,1225,29012,627,24775,1225,53787,California
Marin,2021-02-23,2898,81549,1670,45851,1228,35698,0,0,1943,30014,942,25717,1944,55731,California
Marin,2021-02-24,3538,85087,1636,47487,1902,37600,0,0,2267,31019,1263,26980,2268,57999,California
Marin,2021-02-25,4085,89172,1929,49416,2156,39756,0,0,2888,32721,1188,28168,2890,60889,California
Marin,2021-02-26,3670,92842,2001,51417,1669,41425,0,0,2646,34356,1012,29180,2647,63536,California
Marin,2021-02-27,2738,95580,1613,53030,1125,42550,0,0,1895,35414,839,30019,1897,65433,California
Marin,2021-02-28,1648,97228,923,53953,725,43275,0,0,1303,36375,342,30361,1303,66736,California
Marin,2021-03-01,2686,99914,1667,55620,1018,44293,1,1,1811,37321,866,31227,1812,68548,California
Marin,2021-03-02,2524,102438,1690,57310,833,45126,1,2,1726,38254,794,32021,1727,70275,California
Marin,2021-03-03,4357,106795,2424,59734,1929,47055,4,6,2820,39547,1531,33552,2824,73099,California
Marin,2021-03-04,3391,110186,1660,61394,1730,48785,1,7,2374,40914,1010,34562,2377,75476,California
Marin,2021-03-05,3066,113252,1166,62560,1888,50673,12,19,1797,41459,1264,35826,1809,77285,California
Marin,2021-03-06,3233,116485,2324,64884,832,51505,77,96,2658,43623,570,36396,2734,80019,California
Marin,2021-03-07,1391,117876,1173,66057,194,51699,24,120,996,44253,390,36786,1020,81039,California
Marin,2021-03-08,1888,119764,1388,67445,384,52083,116,236,1412,45309,472,37258,1528,82567,California
Marin,2021-03-09,2227,121991,1341,68786,775,52858,111,347,1547,46288,677,37935,1656,84223,California
Marin,2021-03-10,4468,126459,2514,71300,1660,54518,294,641,3224,48568,1239,39174,3519,87742,California
Marin,2021-03-11,4602,131061,1886,73186,2581,57099,135,776,3302,50712,1293,40467,3437,91179,California
Marin,2021-03-12,3968,135029,1542,74728,2077,59176,349,1125,1557,50218,2400,42867,1906,93085,California
Marin,2021-03-13,4104,139133,2867,77595,1165,60341,72,1197,2386,50955,1716,44583,2453,95538,California
Marin,2021-03-14,2289,141422,1106,78701,1066,61407,117,1314,703,50190,1583,46166,818,96356,California
Marin,2021-03-15,3240,144662,1772,80473,1420,62827,48,1362,1206,49421,2022,48188,1253,97609,California
Marin,2021-03-16,4297,148959,2318,82791,1613,64440,366,1728,1458,48408,2835,51023,1822,99431,California
Marin,2021-03-17,4208,153167,2282,85073,1875,66315,51,1779,2052,48367,2143,53166,2102,101533,California
Marin,2021-03-18,4478,157645,2261,87334,2142,68457,75,1854,2124,48226,2337,55503,2196,103729,California
Marin,2021-03-19,4476,162121,2289,89623,1967,70424,220,2074,2325,48628,2140,57643,2542,106271,California
Marin,2021-03-20,3598,165719,1996,91619,1488,71912,114,2188,1930,49015,1658,59301,2045,108316,California
Marin,2021-03-21,1537,167256,1138,92757,376,72288,23,2211,794,49092,740,60041,817,109133,California
Marin,2021-03-22,2479,169735,2144,94901,170,72458,165,2376,893,48570,1580,61621,1058,110191,California
Marin,2021-03-23,4246,173981,2201,97102,1916,74374,129,2505,1862,48185,2376,63997,1991,112182,California
Marin,2021-03-24,4453,178434,2905,100007,1437,75811,111,2616,1805,47464,2635,66632,1914,114096,California
Marin,2021-03-25,4659,183093,2845,102852,1741,77552,73,2689,2253,47396,2392,69024,2324,116420,California
Marin,2021-03-26,4312,187405,2346,105198,1752,79304,214,2903,2405,48124,1891,70915,2619,119039,California
Marin,2021-03-27,3702,191107,2663,107861,1022,80326,17,2920,1134,46716,2558,73473,1150,120189,California
Marin,2021-03-28,2390,193497,1726,109587,658,80984,6,2926,838,46015,1545,75018,844,121033,California
Marin,2021-03-29,2687,196184,2095,111682,567,81551,25,2951,1134,45624,1550,76568,1159,122192,California
Marin,2021-03-30,4662,200846,3652,115334,976,82527,34,2985,2953,46904,1707,78275,2987,125179,California
Marin,2021-03-31,5849,206695,4146,119480,1653,84180,50,3035,2550,46217,3287,81562,2600,127779,California
Marin,2021-04-01,4456,211151,2289,121769,1913,86093,254,3289,2110,46246,2334,83896,2363,130142,California
Marin,2021-04-02,3731,214882,1856,123625,1505,87598,370,3659,1992,46869,1731,85627,2354,132496,California
Marin,2021-04-03,3856,218738,2513,126138,966,88564,377,4036,1460,46322,2384,88011,1837,134333,California
Marin,2021-04-04,1645,220383,1240,127378,203,88767,202,4238,1199,47279,444,88455,1401,135734,California
Marin,2021-04-05,2210,222593,1537,128915,297,89064,376,4614,1269,47986,936,89391,1643,137377,California
Marin,2021-04-06,3971,226564,2109,131024,1306,90370,556,5170,2204,48982,1761,91152,2757,140134,California
Marin,2021-04-07,3961,230525,1998,133022,1320,91690,643,5813,1438,48550,2513,93665,2081,142215,California
Marin,2021-04-08,5061,235586,1976,134998,2478,94168,607,6420,2308,48714,2741,96406,2905,145120,California
Marin,2021-04-09,3997,239583,1559,136557,1706,95874,732,7152,1321,48093,2671,99077,2050,147170,California
Marin,2021-04-10,3219,242802,1486,138043,1300,97174,433,7585,1450,48218,1754,100831,1879,149049,California
Marin,2021-04-11,1058,243860,806,138849,91,97265,161,7746,472,48266,584,101415,632,149681,California
Marin,2021-04-12,1728,245588,1235,140084,336,97601,157,7903,918,48537,806,102221,1077,150758,California
Marin,2021-04-13,3756,249344,2296,142380,1453,99054,7,7910,1378,47555,2367,104588,1385,152143,California
Marin,2021-04-14,4232,253576,2536,144916,1693,100747,3,7913,1726,46803,2481,107069,1729,153872,California
Marin,2021-04-15,5619,259195,3975,148891,1644,102391,0,7913,3221,47658,2385,109454,3240,157112,California
Marin,2021-04-16,4278,263473,2247,151138,2028,104419,3,7916,2089,47579,2172,111626,2093,159205,California
Marin,2021-04-17,3545,267018,2159,153297,1386,105805,0,7916,1774,47588,1766,113392,1775,160980,California
Marin,2021-04-18,3172,270190,3077,156374,95,105900,0,7916,2538,49496,631,114023,2539,163519,California
Marin,2021-04-19,2030,272220,1864,158238,166,106066,0,7916,1152,49777,873,114896,1154,164673,California
Marin,2021-04-20,3680,275900,2549,160787,1131,107197,0,7916,1463,49032,2209,117105,1464,166137,California
Marin,2021-04-21,4013,279913,2944,163731,1066,108263,3,7919,1357,47751,2639,119744,1358,167495,California
Marin,2021-04-22,4220,284133,3222,166953,998,109261,0,7919,1482,46509,2727,122471,1485,168980,California
Marin,2021-04-23,3214,287347,1805,168758,1409,110670,0,7919,1222,45753,1979,124450,1223,170203,California
Marin,2021-04-24,2510,289857,1678,170436,832,111502,0,7919,916,45087,1582,126032,916,171119,California
Marin,2021-04-25,1377,291234,1263,171699,114,111616,0,7919,305,44329,1063,127095,305,171424,California
Marin,2021-04-26,1611,292845,1388,173087,220,111836,3,7922,383,43491,1225,128320,387,171811,California
Marin,2021-04-27,3040,295885,2197,175284,792,112628,51,7973,979,42465,2052,130372,1026,172837,California
Marin,2021-04-28,2308,298193,1587,176871,669,113297,52,8025,730,41670,1575,131947,780,173617,California
Marin,2021-04-29,2886,301079,1978,178849,846,114143,62,8087,794,40445,2081,134028,856,174473,California
Marin,2021-04-30,1950,303029,1274,180123,590,114733,86,8173,695,39980,1246,135274,781,175254,California
Marin,2021-05-01,1835,304864,1021,181144,791,115524,23,8196,542,39259,1285,136559,564,175818,California
Marin,2021-05-02,722,305586,583,181727,110,115634,29,8225,199,38969,517,137076,227,176045,California
Marin,2021-05-03,1209,306795,985,182712,167,115801,57,8282,256,38331,950,138026,312,176357,California
Marin,2021-05-04,2930,309725,1968,184680,871,116672,91,8373,474,36448,2448,140474,565,176922,California
Marin,2021-05-05,2726,312451,2001,186681,601,117273,124,8497,439,34730,2280,142754,562,177484,California
Marin,2021-05-06,3266,315717,2532,189213,646,117919,88,8585,428,32416,2828,145582,514,177998,California
Marin,2021-05-07,2037,317754,1545,190758,407,118326,85,8670,378,31224,1652,147234,460,178458,California
Marin,2021-05-08,2469,320223,1862,192620,485,118811,122,8792,344,29572,2118,149352,466,178924,California
Marin,2021-05-09,979,321202,895,193515,65,118876,19,8811,117,28850,859,150211,137,179061,California
Marin,2021-05-10,1404,322606,1149,194664,185,119061,70,8881,202,27924,1197,151408,271,179332,California
Marin,2021-05-11,2302,324908,1839,196503,407,119468,56,8937,294,26267,2006,153414,349,179681,California
Marin,2021-05-12,1429,326337,1047,197550,313,119781,69,9006,289,25488,1135,154549,356,180037,California
Marin,2021-05-13,2605,328942,2253,199803,298,120079,54,9060,1410,25763,1188,155737,1463,181500,California
Marin,2021-05-14,2202,331144,1451,201254,652,120731,99,9159,881,25427,1315,157052,979,182479,California
Marin,2021-05-15,2730,333874,2263,203517,387,121118,80,9239,1658,26094,1071,158123,1738,184217,California
Marin,2021-05-16,1646,335520,1593,205110,48,121166,5,9244,1333,27120,311,158434,1337,185554,California
Marin,2021-05-17,2127,337647,1981,207091,103,121269,43,9287,1701,28445,419,158853,1744,187298,California
Marin,2021-05-18,1524,339171,1185,208276,284,121553,55,9342,798,28576,720,159573,851,188149,California
Marin,2021-05-19,1536,340707,1238,209514,228,121781,70,9412,776,28666,754,160327,844,188993,California
Marin,2021-05-20,1812,342519,1487,211001,239,122020,86,9498,756,28460,1048,161375,842,189835,California
Marin,2021-05-21,1446,343965,842,211843,555,122575,49,9547,436,27942,1003,162378,485,190320,California
Marin,2021-05-22,1425,345390,1081,212924,287,122862,57,9604,960,28498,461,162839,1017,191337,California
Marin,2021-05-23,473,345863,419,213343,42,122904,12,9616,219,28478,252,163091,232,191569,California
Marin,2021-05-24,639,346502,489,213832,109,123013,41,9657,350,28582,286,163377,390,191959,California
Marin,2021-05-25,996,347498,626,214458,324,123337,46,9703,313,28264,675,164052,357,192316,California
Marin,2021-05-26,707,348205,485,214943,175,123512,47,9750,259,28126,444,164496,306,192622,California
Marin,2021-05-27,1028,349233,662,215605,287,123799,79,9829,343,27865,683,165179,422,193044,California
Marin,2021-05-28,1096,350329,713,216318,303,124102,80,9909,322,27495,770,165949,400,193444,California
Marin,2021-05-29,373,350702,215,216533,148,124250,10,9919,214,27560,159,166108,224,193668,California
Marin,2021-05-30,100,350802,59,216592,36,124286,5,9924,58,27582,41,166149,63,193731,California
Marin,2021-05-31,27,350829,13,216605,13,124299,1,9925,14,27584,13,166162,15,193746,California
Marin,2021-06-01,755,351584,550,217155,160,124459,45,9970,327,27529,426,166588,371,194117,California
Marin,2021-06-02,623,352207,475,217630,96,124555,52,10022,217,27394,402,166990,267,194384,California
Marin,2021-06-03,1497,353704,1324,218954,114,124669,59,10081,239,26438,1255,168245,299,194683,California
Marin,2021-06-04,1007,354711,852,219806,124,124793,31,10112,180,25824,825,169070,211,194894,California
Marin,2021-06-05,1923,356634,1707,221513,168,124961,48,10160,319,24594,1597,170667,367,195261,California
Marin,2021-06-06,1402,358036,1353,222866,15,124976,34,10194,200,23627,1201,171868,234,195495,California
Marin,2021-06-07,1943,359979,1824,224690,69,125045,50,10244,250,22238,1688,173556,299,195794,California
Marin,2021-06-08,982,360961,873,225563,68,125113,41,10285,237,21778,738,174294,278,196072,California
Marin,2021-06-09,740,361701,667,226230,64,125177,9,10294,136,21320,603,174897,145,196217,California
Marin,2021-06-10,884,362585,775,227005,61,125238,48,10342,181,20850,699,175596,229,196446,California
Marin,2021-06-11,681,363266,583,227588,68,125306,30,10372,147,20494,533,176129,177,196623,California
Marin,2021-06-12,922,364188,788,228376,90,125396,44,10416,153,19924,767,176896,197,196820,California
Marin,2021-06-13,403,364591,375,228751,19,125415,9,10425,63,19659,337,177233,72,196892,California
Marin,2021-06-14,832,365423,720,229471,66,125481,46,10471,197,19268,633,177866,242,197134,California
Marin,2021-06-15,533,365956,428,229899,80,125561,25,10496,170,19101,362,178228,195,197329,California
Marin,2021-06-16,283,366239,253,230152,8,125569,22,10518,96,19034,185,178413,118,197447,California
Mariposa,2020-12-17,36,36,36,36,0,0,0,0,38,38,0,0,38,38,California
Mariposa,2020-12-18,55,91,55,91,0,0,0,0,56,94,0,0,56,94,California
Mariposa,2020-12-20,2,93,2,93,0,0,0,0,2,96,0,0,2,96,California
Mariposa,2020-12-21,48,141,48,141,0,0,0,0,52,148,0,0,52,148,California
Mariposa,2020-12-22,6,147,6,147,0,0,0,0,6,154,0,0,6,154,California
Mariposa,2020-12-23,17,164,17,164,0,0,0,0,17,171,0,0,17,171,California
Mariposa,2020-12-24,1,165,0,164,1,1,0,0,0,171,1,1,1,172,California
Mariposa,2020-12-26,1,166,1,165,0,1,0,0,1,172,0,1,1,173,California
Mariposa,2020-12-27,1,167,0,165,1,2,0,0,1,173,0,1,1,174,California
Mariposa,2020-12-28,6,173,3,168,3,5,0,0,6,179,0,1,6,180,California
Mariposa,2020-12-29,33,206,3,171,30,35,0,0,33,212,0,1,33,213,California
Mariposa,2020-12-30,26,232,4,175,22,57,0,0,26,238,0,1,26,239,California
Mariposa,2020-12-31,17,249,0,175,17,74,0,0,17,255,0,1,17,256,California
Mariposa,2021-01-02,1,250,1,176,0,74,0,0,1,256,0,1,1,257,California
Mariposa,2021-01-04,11,261,2,178,9,83,0,0,11,267,0,1,11,268,California
Mariposa,2021-01-05,24,285,14,192,10,93,0,0,14,271,10,11,14,282,California
Mariposa,2021-01-06,8,293,5,197,3,96,0,0,5,273,3,14,5,287,California
Mariposa,2021-01-07,50,343,45,242,5,101,0,0,5,233,45,59,5,292,California
Mariposa,2021-01-08,108,451,78,320,30,131,0,0,34,193,74,133,34,326,California
Mariposa,2021-01-11,31,482,10,330,21,152,0,0,23,208,8,141,23,349,California
Mariposa,2021-01-12,19,501,4,334,15,167,0,0,15,219,4,145,15,364,California
Mariposa,2021-01-13,23,524,5,339,18,185,0,0,18,232,5,150,18,382,California
Mariposa,2021-01-14,74,598,7,346,67,252,0,0,68,294,6,156,68,450,California
Mariposa,2021-01-15,68,666,27,373,41,293,0,0,58,342,10,166,58,508,California
Mariposa,2021-01-16,14,680,2,375,12,305,0,0,13,354,1,167,13,521,California
Mariposa,2021-01-17,4,684,0,375,4,309,0,0,4,358,0,167,4,525,California
Mariposa,2021-01-18,4,688,4,379,0,309,0,0,2,358,2,169,2,527,California
Mariposa,2021-01-19,8,696,4,383,4,313,0,0,5,361,2,171,5,532,California
Mariposa,2021-01-20,23,719,1,384,22,335,0,0,22,382,1,172,22,554,California
Mariposa,2021-01-21,66,785,8,392,58,393,0,0,62,440,4,176,62,616,California
Mariposa,2021-01-22,59,844,5,397,54,447,0,0,56,493,3,179,56,672,California
Mariposa,2021-01-23,116,960,2,399,114,561,0,0,114,605,2,181,114,786,California
Mariposa,2021-01-24,2,962,2,401,0,561,0,0,2,607,0,181,2,788,California
Mariposa,2021-01-25,4,966,1,402,3,564,0,0,0,603,4,185,0,788,California
Mariposa,2021-01-26,38,1004,4,406,34,598,0,0,6,581,32,217,10,798,California
Mariposa,2021-01-27,26,1030,2,408,24,622,0,0,11,578,14,231,11,809,California
Mariposa,2021-01-28,126,1156,3,411,123,745,0,0,113,679,12,243,113,922,California
Mariposa,2021-01-29,85,1241,23,434,62,807,0,0,83,760,2,245,83,1005,California
Mariposa,2021-01-30,9,1250,1,435,8,815,0,0,8,767,1,246,8,1013,California
Mariposa,2021-01-31,1,1251,0,435,1,816,0,0,1,768,0,246,1,1014,California
Mariposa,2021-02-01,91,1342,32,467,59,875,0,0,69,815,22,268,69,1083,California
Mariposa,2021-02-02,15,1357,3,470,12,887,0,0,9,818,6,274,9,1092,California
Mariposa,2021-02-03,22,1379,1,471,21,908,0,0,13,823,8,282,13,1105,California
Mariposa,2021-02-04,100,1479,9,480,91,999,0,0,94,913,5,287,95,1200,California
Mariposa,2021-02-05,192,1671,4,484,188,1187,0,0,165,1052,26,313,165,1365,California
Mariposa,2021-02-06,11,1682,4,488,7,1194,0,0,10,1061,1,314,10,1375,California
Mariposa,2021-02-07,1,1683,0,488,1,1195,0,0,1,1062,0,314,1,1376,California
Mariposa,2021-02-08,41,1724,2,490,39,1234,0,0,22,1065,19,333,22,1398,California
Mariposa,2021-02-09,41,1765,24,514,17,1251,0,0,35,1094,6,339,35,1433,California
Mariposa,2021-02-10,29,1794,4,518,25,1276,0,0,17,1106,11,350,23,1456,California
Mariposa,2021-02-11,375,2169,5,523,370,1646,0,0,361,1456,14,364,364,1820,California
Mariposa,2021-02-12,184,2353,8,531,176,1822,0,0,140,1553,43,407,140,1960,California
Mariposa,2021-02-13,11,2364,3,534,8,1830,0,0,9,1560,2,409,9,1969,California
Mariposa,2021-02-14,10,2374,4,538,6,1836,0,0,5,1560,5,414,5,1974,California
Mariposa,2021-02-15,9,2383,3,541,6,1842,0,0,7,1565,2,416,7,1981,California
Mariposa,2021-02-16,57,2440,34,575,23,1865,0,0,34,1576,23,439,34,2015,California
Mariposa,2021-02-17,36,2476,8,583,28,1893,0,0,27,1597,7,446,28,2043,California
Mariposa,2021-02-18,59,2535,7,590,52,1945,0,0,22,1582,37,483,22,2065,California
Mariposa,2021-02-19,82,2617,3,593,79,2024,0,0,76,1652,6,489,76,2141,California
Mariposa,2021-02-20,256,2873,6,599,250,2274,0,0,226,1849,29,518,226,2367,California
Mariposa,2021-02-21,242,3115,5,604,237,2511,0,0,239,2086,2,520,239,2606,California
Mariposa,2021-02-22,24,3139,9,613,15,2526,0,0,20,2103,3,523,20,2626,California
Mariposa,2021-02-23,45,3184,38,651,7,2533,0,0,26,2110,19,542,26,2652,California
Mariposa,2021-02-24,21,3205,3,654,18,2551,0,0,8,2106,12,554,8,2660,California
Mariposa,2021-02-25,18,3223,9,663,9,2560,0,0,12,2112,6,560,12,2672,California
Mariposa,2021-02-26,430,3653,8,671,422,2982,0,0,368,2421,60,620,369,3041,California
Mariposa,2021-02-27,177,3830,4,675,173,3155,0,0,166,2576,11,631,166,3207,California
Mariposa,2021-02-28,2,3832,1,676,1,3156,0,0,0,2574,2,633,0,3207,California
Mariposa,2021-03-01,82,3914,26,702,56,3212,0,0,16,2525,65,698,16,3223,California
Mariposa,2021-03-02,20,3934,13,715,7,3219,0,0,11,2528,8,706,11,3234,California
Mariposa,2021-03-03,70,4004,4,719,66,3285,0,0,65,2589,5,711,66,3300,California
Mariposa,2021-03-04,42,4046,10,729,32,3317,0,0,20,2590,20,731,21,3321,California
Mariposa,2021-03-05,58,4104,9,738,49,3366,0,0,40,2618,18,749,46,3367,California
Mariposa,2021-03-06,15,4119,6,744,9,3375,0,0,7,2617,8,757,7,3374,California
Mariposa,2021-03-07,1,4120,1,745,0,3375,0,0,0,2616,1,758,0,3374,California
Mariposa,2021-03-08,41,4161,4,749,26,3401,11,11,11,2608,30,788,22,3396,California
Mariposa,2021-03-09,45,4206,18,767,17,3418,10,21,16,2605,29,817,26,3422,California
Mariposa,2021-03-10,32,4238,9,776,13,3431,10,31,10,2603,22,839,20,3442,California
Mariposa,2021-03-11,470,4708,7,783,443,3874,20,51,227,2610,242,1081,249,3691,California
Mariposa,2021-03-12,258,4966,8,791,224,4098,26,77,118,2615,138,1219,143,3834,California
Mariposa,2021-03-13,33,4999,8,799,10,4108,15,92,10,2616,23,1242,24,3858,California
Mariposa,2021-03-14,16,5015,2,801,3,4111,11,103,2,2615,14,1256,13,3871,California
Mariposa,2021-03-15,76,5091,7,808,31,4142,38,141,31,2639,45,1301,69,3940,California
Mariposa,2021-03-16,85,5176,35,843,15,4157,35,176,25,2638,60,1361,59,3999,California
Mariposa,2021-03-17,72,5248,9,852,55,4212,8,184,52,2678,19,1380,59,4058,California
Mariposa,2021-03-18,68,5316,15,867,44,4256,9,193,40,2700,27,1407,49,4107,California
Mariposa,2021-03-19,343,5659,12,879,324,4580,7,200,304,2974,38,1445,312,4419,California
Mariposa,2021-03-20,428,6087,4,883,422,5002,2,202,46,2641,382,1827,49,4468,California
Mariposa,2021-03-21,15,6102,8,891,6,5008,1,203,9,2646,5,1832,10,4478,California
Mariposa,2021-03-22,40,6142,9,900,23,5031,8,211,27,2670,13,1845,37,4515,California
Mariposa,2021-03-23,55,6197,35,935,10,5041,10,221,33,2693,20,1865,43,4558,California
Mariposa,2021-03-24,56,6253,5,940,49,5090,2,223,51,2741,5,1870,53,4611,California
Mariposa,2021-03-25,76,6329,15,955,53,5143,8,231,53,2781,21,1891,61,4672,California
Mariposa,2021-03-26,495,6824,9,964,485,5628,1,232,252,2791,243,2134,253,4925,California
Mariposa,2021-03-27,237,7061,8,972,229,5857,0,232,96,2748,141,2275,98,5023,California
Mariposa,2021-03-28,5,7066,0,972,2,5859,3,235,1,2748,4,2279,4,5027,California
Mariposa,2021-03-29,19,7085,6,978,13,5872,0,235,12,2753,7,2286,12,5039,California
Mariposa,2021-03-30,36,7121,13,991,7,5879,16,251,13,2759,23,2309,29,5068,California
Mariposa,2021-03-31,90,7211,15,1006,68,5947,7,258,69,2814,21,2330,76,5144,California
Mariposa,2021-04-01,54,7265,11,1017,35,5982,8,266,35,2838,19,2349,43,5187,California
Mariposa,2021-04-02,350,7615,12,1029,335,6317,3,269,307,3106,42,2391,310,5497,California
Mariposa,2021-04-03,11,7626,8,1037,3,6320,0,269,6,3107,5,2396,6,5503,California
Mariposa,2021-04-04,2,7628,1,1038,0,6320,1,270,0,3106,2,2398,1,5504,California
Mariposa,2021-04-05,35,7663,22,1060,9,6329,4,274,16,3107,19,2417,20,5524,California
Mariposa,2021-04-06,47,7710,21,1081,10,6339,16,290,15,3107,31,2448,31,5555,California
Mariposa,2021-04-07,99,7809,7,1088,73,6412,19,309,29,3085,70,2518,48,5603,California
Mariposa,2021-04-08,284,8093,15,1103,250,6662,19,328,146,3115,136,2654,166,5769,California
Mariposa,2021-04-09,38,8131,9,1112,14,6676,15,343,10,3112,28,2682,25,5794,California
Mariposa,2021-04-10,203,8334,5,1117,188,6864,10,353,189,3298,12,2694,198,5992,California
Mariposa,2021-04-11,123,8457,3,1120,118,6982,2,355,58,3294,65,2759,61,6053,California
Mariposa,2021-04-12,42,8499,13,1133,27,7009,2,357,13,3280,29,2788,15,6068,California
Mariposa,2021-04-13,56,8555,48,1181,8,7017,0,357,35,3294,21,2809,35,6103,California
Mariposa,2021-04-14,114,8669,9,1190,105,7122,0,357,58,3297,55,2864,58,6161,California
Mariposa,2021-04-15,60,8729,17,1207,43,7165,0,357,45,3330,12,2876,45,6206,California
Mariposa,2021-04-16,382,9111,11,1218,371,7536,0,357,106,3160,276,3152,106,6312,California
Mariposa,2021-04-17,11,9122,7,1225,4,7540,0,357,8,3165,3,3155,8,6320,California
Mariposa,2021-04-18,7,9129,0,1225,7,7547,0,357,3,3164,4,3159,3,6323,California
Mariposa,2021-04-19,61,9190,28,1253,33,7580,0,357,32,3170,26,3185,32,6355,California
Mariposa,2021-04-20,61,9251,48,1301,13,7593,0,357,38,3187,21,3206,38,6393,California
Mariposa,2021-04-21,92,9343,14,1315,78,7671,0,357,43,3182,48,3254,43,6436,California
Mariposa,2021-04-22,50,9393,10,1325,40,7711,0,357,38,3209,11,3265,38,6474,California
Mariposa,2021-04-23,315,9708,70,1395,245,7956,0,357,144,3184,171,3436,146,6620,California
Mariposa,2021-04-24,108,9816,10,1405,98,8054,0,357,42,3162,64,3500,42,6662,California
Mariposa,2021-04-26,16,9832,11,1416,5,8059,0,357,5,3156,11,3511,5,6667,California
Mariposa,2021-04-27,33,9865,17,1433,14,8073,2,359,15,3158,15,3526,17,6684,California
Mariposa,2021-04-28,74,9939,14,1447,53,8126,7,366,27,3145,47,3573,34,6718,California
Mariposa,2021-04-29,84,10023,12,1459,71,8197,1,367,79,3220,5,3578,80,6798,California
Mariposa,2021-04-30,212,10235,4,1463,203,8400,5,372,62,3137,150,3728,67,6865,California
Mariposa,2021-05-01,4,10239,3,1466,1,8401,0,372,1,3135,3,3731,1,6866,California
Mariposa,2021-05-02,3,10242,2,1468,0,8401,1,373,0,3133,3,3734,1,6867,California
Mariposa,2021-05-03,16,10258,12,1480,3,8404,1,374,7,3132,9,3743,8,6875,California
Mariposa,2021-05-04,53,10311,32,1512,17,8421,4,378,37,3157,16,3759,41,6916,California
Mariposa,2021-05-05,57,10368,9,1521,46,8467,2,380,18,3138,39,3798,20,6936,California
Mariposa,2021-05-06,57,10425,37,1558,14,8481,6,386,39,3164,18,3816,44,6980,California
Mariposa,2021-05-07,27,10452,7,1565,17,8498,3,389,13,3166,14,3830,16,6996,California
Mariposa,2021-05-08,286,10738,9,1574,277,8775,0,389,33,2948,253,4083,35,7031,California
Mariposa,2021-05-09,3,10741,1,1575,2,8777,0,389,0,2945,3,4086,0,7031,California
Mariposa,2021-05-10,21,10762,10,1585,9,8786,2,391,5,2936,16,4102,7,7038,California
Mariposa,2021-05-11,28,10790,17,1602,10,8796,1,392,20,2950,7,4109,21,7059,California
Mariposa,2021-05-12,67,10857,4,1606,58,8854,5,397,6,2900,61,4170,11,7070,California
Mariposa,2021-05-13,49,10906,8,1614,39,8893,2,399,13,2879,36,4206,15,7085,California
Mariposa,2021-05-14,249,11155,121,1735,121,9014,7,406,117,2871,132,4338,124,7209,California
Mariposa,2021-05-15,19,11174,9,1744,8,9022,2,408,11,2877,6,4344,12,7221,California
Mariposa,2021-05-16,3,11177,1,1745,1,9023,1,409,1,2877,2,4346,2,7223,California
Mariposa,2021-05-17,18,11195,7,1752,7,9030,4,413,8,2878,10,4356,11,7234,California
Mariposa,2021-05-18,61,11256,41,1793,15,9045,5,418,44,2911,16,4372,49,7283,California
Mariposa,2021-05-19,70,11326,32,1825,37,9082,1,419,51,2945,18,4390,52,7335,California
Mariposa,2021-05-20,34,11360,18,1843,14,9096,2,421,13,2939,21,4411,15,7350,California
Mariposa,2021-05-21,92,11452,8,1851,82,9178,2,423,42,2935,48,4459,44,7394,California
Mariposa,2021-05-22,47,11499,6,1857,40,9218,1,424,17,2923,30,4489,18,7412,California
Mariposa,2021-05-23,4,11503,2,1859,1,9219,1,425,2,2924,2,4491,3,7415,California
Mariposa,2021-05-24,13,11516,7,1866,4,9223,2,427,8,2929,5,4496,10,7425,California
Mariposa,2021-05-25,28,11544,17,1883,11,9234,0,427,19,2940,8,4504,19,7444,California
Mariposa,2021-05-26,35,11579,4,1887,27,9261,4,431,28,2965,7,4511,32,7476,California
Mariposa,2021-05-27,119,11698,64,1951,55,9316,0,431,62,2970,57,4568,62,7538,California
Mariposa,2021-05-28,64,11762,4,1955,56,9372,4,435,23,2956,41,4609,27,7565,California
Mariposa,2021-05-29,8,11770,2,1957,5,9377,1,436,3,2957,3,4612,4,7569,California
Mariposa,2021-05-30,1,11771,0,1957,0,9377,1,437,0,2957,1,4613,1,7570,California
Mariposa,2021-05-31,2,11773,0,1957,1,9378,1,438,0,2956,2,4615,1,7571,California
Mariposa,2021-06-01,14,11787,3,1960,11,9389,0,438,5,2952,9,4624,5,7576,California
Mariposa,2021-06-02,26,11813,14,1974,7,9396,5,443,6,2944,19,4643,11,7587,California
Mariposa,2021-06-03,19,11832,10,1984,7,9403,2,445,7,2941,12,4655,9,7596,California
Mariposa,2021-06-04,90,11922,79,2063,9,9412,2,447,27,2908,61,4716,28,7624,California
Mariposa,2021-06-05,30,11952,4,2067,24,9436,2,449,7,2895,22,4738,9,7633,California
Mariposa,2021-06-06,4,11956,3,2070,0,9436,1,450,1,2894,3,4741,2,7635,California
Mariposa,2021-06-07,10,11966,5,2075,5,9441,0,450,4,2893,5,4746,4,7639,California
Mariposa,2021-06-08,44,12010,34,2109,9,9450,1,451,13,2876,31,4777,14,7653,California
Mariposa,2021-06-09,29,12039,21,2130,3,9453,5,456,7,2866,22,4799,12,7665,California
Mariposa,2021-06-10,16,12055,8,2138,5,9458,3,459,6,2866,10,4809,10,7675,California
Mariposa,2021-06-11,44,12099,13,2151,23,9481,8,467,9,2848,35,4844,17,7692,California
Mariposa,2021-06-12,16,12115,10,2161,5,9486,1,468,2,2836,14,4858,2,7694,California
Mariposa,2021-06-13,1,12116,0,2161,0,9486,1,469,0,2836,1,4859,1,7695,California
Mariposa,2021-06-14,9,12125,2,2163,6,9492,1,470,5,2838,4,4863,6,7701,California
Mariposa,2021-06-15,24,12149,12,2175,11,9503,1,471,6,2827,18,4881,7,7708,California
Mariposa,2021-06-16,10,12159,3,2178,6,9509,1,472,2,2822,8,4889,3,7711,California
Mendocino,2020-12-17,70,70,70,70,0,0,0,0,70,70,0,0,70,70,California
Mendocino,2020-12-18,84,154,83,153,1,1,0,0,83,153,0,0,83,153,California
Mendocino,2020-12-19,3,157,3,156,0,1,0,0,3,156,0,0,3,156,California
Mendocino,2020-12-20,7,164,7,163,0,1,0,0,7,163,0,0,7,163,California
Mendocino,2020-12-21,239,403,239,402,0,1,0,0,77,240,0,0,77,240,California
Mendocino,2020-12-22,253,656,192,594,61,62,0,0,253,493,0,0,253,493,California
Mendocino,2020-12-23,271,927,48,642,223,285,0,0,270,763,0,0,270,763,California
Mendocino,2020-12-24,48,975,8,650,40,325,0,0,48,811,0,0,48,811,California
Mendocino,2020-12-25,1,976,0,650,1,326,0,0,1,812,0,0,1,812,California
Mendocino,2020-12-26,2,978,2,652,0,326,0,0,2,814,0,0,2,814,California
Mendocino,2020-12-27,1,979,0,652,1,327,0,0,1,815,0,0,1,815,California
Mendocino,2020-12-28,73,1052,8,660,65,392,0,0,73,888,0,0,73,888,California
Mendocino,2020-12-29,119,1171,59,719,60,452,0,0,119,1007,0,0,119,1007,California
Mendocino,2020-12-30,119,1290,66,785,53,505,0,0,119,1126,0,0,119,1126,California
Mendocino,2020-12-31,132,1422,97,882,35,540,0,0,132,1258,0,0,132,1258,California
Mendocino,2021-01-01,9,1431,6,888,3,543,0,0,9,1267,0,0,9,1267,California
Mendocino,2021-01-04,839,2270,18,906,821,1364,0,0,839,2106,0,0,839,2106,California
Mendocino,2021-01-05,74,2344,36,942,38,1402,0,0,61,2154,13,13,61,2167,California
Mendocino,2021-01-06,155,2499,133,1075,22,1424,0,0,146,2291,9,22,146,2313,California
Mendocino,2021-01-07,363,2862,240,1315,123,1547,0,0,300,2528,63,85,300,2613,California
Mendocino,2021-01-08,93,2955,80,1395,13,1560,0,0,40,2516,53,138,41,2654,California
Mendocino,2021-01-09,10,2965,6,1401,4,1564,0,0,8,2522,2,140,8,2662,California
Mendocino,2021-01-10,9,2974,8,1409,1,1565,0,0,2,2517,7,147,2,2664,California
Mendocino,2021-01-11,102,3076,92,1501,10,1575,0,0,44,2504,57,204,44,2708,California
Mendocino,2021-01-12,388,3464,378,1879,10,1585,0,0,271,2658,117,321,271,2979,California
Mendocino,2021-01-13,495,3959,149,2028,346,1931,0,0,450,3066,43,364,451,3430,California
Mendocino,2021-01-14,651,4610,20,2048,631,2562,0,0,642,3699,9,373,642,4072,California
Mendocino,2021-01-15,1872,6482,861,2909,1011,3573,0,0,1868,5564,4,377,1869,5941,California
Mendocino,2021-01-16,794,7276,49,2958,745,4318,0,0,792,6354,2,379,792,6733,California
Mendocino,2021-01-17,555,7831,1,2959,554,4872,0,0,554,6907,1,380,554,7287,California
Mendocino,2021-01-18,486,8317,461,3420,25,4897,0,0,476,7373,10,390,476,7763,California
Mendocino,2021-01-19,330,8647,145,3565,185,5082,0,0,156,7355,174,564,156,7919,California
Mendocino,2021-01-20,555,9202,407,3972,148,5230,0,0,449,7701,104,668,450,8369,California
Mendocino,2021-01-21,538,9740,226,4198,312,5542,0,0,352,7868,185,853,352,8721,California
Mendocino,2021-01-22,152,9892,59,4257,93,5635,0,0,113,7942,39,892,113,8834,California
Mendocino,2021-01-23,157,10049,85,4342,72,5707,0,0,151,8087,6,898,151,8985,California
Mendocino,2021-01-24,4,10053,2,4344,2,5709,0,0,4,8091,0,898,4,8989,California
Mendocino,2021-01-25,192,10245,18,4362,174,5883,0,0,122,8143,70,968,122,9111,California
Mendocino,2021-01-26,152,10397,53,4415,99,5982,0,0,94,8179,58,1026,94,9205,California
Mendocino,2021-01-27,442,10839,372,4787,70,6052,0,0,176,8096,259,1285,176,9381,California
Mendocino,2021-01-28,594,11433,530,5317,64,6116,0,0,499,8502,94,1379,500,9881,California
Mendocino,2021-01-29,392,11825,352,5669,40,6156,0,0,363,8837,29,1408,364,10245,California
Mendocino,2021-01-30,50,11875,32,5701,18,6174,0,0,44,8875,6,1414,44,10289,California
Mendocino,2021-01-31,276,12151,2,5703,274,6448,0,0,4,8607,272,1686,4,10293,California
Mendocino,2021-02-01,382,12533,52,5755,330,6778,0,0,59,8343,323,2009,59,10352,California
Mendocino,2021-02-02,739,13272,519,6274,220,6998,0,0,378,8360,361,2370,378,10730,California
Mendocino,2021-02-03,393,13665,208,6482,185,7183,0,0,221,8411,170,2540,221,10951,California
Mendocino,2021-02-04,628,14293,532,7014,96,7279,0,0,502,8787,126,2666,502,11453,California
Mendocino,2021-02-05,1307,15600,1216,8230,91,7370,0,0,586,8654,719,3385,586,12039,California
Mendocino,2021-02-06,553,16153,153,8383,400,7770,0,0,538,9177,15,3400,538,12577,California
Mendocino,2021-02-07,33,16186,29,8412,4,7774,0,0,33,9210,0,3400,33,12610,California
Mendocino,2021-02-08,747,16933,715,9127,32,7806,0,0,284,9031,463,3863,284,12894,California
Mendocino,2021-02-09,140,17073,58,9185,82,7888,0,0,88,9067,52,3915,88,12982,California
Mendocino,2021-02-10,1489,18562,926,10111,563,8451,0,0,742,9069,740,4655,742,13724,California
Mendocino,2021-02-11,1211,19773,207,10318,1004,9455,0,0,300,8458,911,5566,300,14024,California
Mendocino,2021-02-12,1459,21232,162,10480,1297,10752,0,0,659,8318,799,6365,659,14683,California
Mendocino,2021-02-13,502,21734,16,10496,486,11238,0,0,103,8028,398,6763,108,14791,California
Mendocino,2021-02-14,696,22430,4,10500,692,11930,0,0,135,7602,561,7324,135,14926,California
Mendocino,2021-02-15,331,22761,42,10542,289,12219,0,0,174,7619,157,7481,174,15100,California
Mendocino,2021-02-16,199,22960,52,10594,147,12366,0,0,128,7676,71,7552,128,15228,California
Mendocino,2021-02-17,1353,24313,1190,11784,163,12529,0,0,876,8077,475,8027,876,16104,California
Mendocino,2021-02-18,1790,26103,646,12430,1144,13673,0,0,1223,8735,565,8592,1223,17327,California
Mendocino,2021-02-19,755,26858,147,12577,608,14281,0,0,613,9207,142,8734,614,17941,California
Mendocino,2021-02-20,582,27440,556,13133,26,14307,0,0,549,9725,31,8765,549,18490,California
Mendocino,2021-02-21,325,27765,6,13139,319,14626,0,0,313,10027,11,8776,313,18803,California
Mendocino,2021-02-22,161,27926,29,13168,132,14758,0,0,69,10006,90,8866,69,18872,California
Mendocino,2021-02-23,860,28786,847,14015,13,14771,0,0,646,10440,212,9078,646,19518,California
Mendocino,2021-02-24,1854,30640,1771,15786,83,14854,0,0,1441,11475,408,9486,1443,20961,California
Mendocino,2021-02-25,1710,32350,535,16321,1175,16029,0,0,1286,12338,423,9909,1286,22247,California
Mendocino,2021-02-26,1415,33765,749,17070,666,16695,0,0,1052,13030,360,10269,1052,23299,California
Mendocino,2021-02-27,198,33963,146,17216,52,16747,0,0,77,12987,120,10389,77,23376,California
Mendocino,2021-02-28,34,33997,12,17228,22,16769,0,0,24,13001,10,10399,24,23400,California
Mendocino,2021-03-01,594,34591,551,17779,43,16812,0,0,554,13518,37,10436,554,23954,California
Mendocino,2021-03-02,73,34664,27,17806,46,16858,0,0,39,13524,33,10469,39,23993,California
Mendocino,2021-03-03,2039,36703,1339,19145,700,17558,0,0,1387,14262,649,11118,1387,25380,California
Mendocino,2021-03-04,1850,38553,147,19292,1703,19261,0,0,1633,15682,214,11332,1634,27014,California
Mendocino,2021-03-05,477,39030,418,19710,50,19311,9,9,373,15964,100,11432,382,27396,California
Mendocino,2021-03-06,247,39277,23,19733,197,19508,27,36,202,16149,44,11476,229,27625,California
Mendocino,2021-03-07,506,39783,8,19741,478,19986,20,56,117,15897,388,11864,136,27761,California
Mendocino,2021-03-08,123,39906,28,19769,57,20043,38,94,63,15940,58,11922,101,27862,California
Mendocino,2021-03-09,936,40842,600,20369,296,20339,40,134,831,16706,105,12027,871,28733,California
Mendocino,2021-03-10,1146,41988,983,21352,98,20437,65,199,271,16174,871,12898,339,29072,California
Mendocino,2021-03-11,844,42832,628,21980,163,20600,53,252,402,16190,439,13337,455,29527,California
Mendocino,2021-03-12,2071,44903,1058,23038,899,21499,114,366,1239,16718,825,14162,1353,30880,California
Mendocino,2021-03-13,706,45609,572,23610,76,21575,58,424,104,16282,598,14760,162,31042,California
Mendocino,2021-03-14,106,45715,4,23614,95,21670,7,431,12,16211,90,14850,19,31061,California
Mendocino,2021-03-15,606,46321,51,23665,496,22166,59,490,216,16097,388,15238,274,31335,California
Mendocino,2021-03-16,580,46901,386,24051,148,22314,46,536,117,15799,461,15699,163,31498,California
Mendocino,2021-03-17,1587,48488,1387,25438,51,22365,149,685,217,14805,1366,17065,372,31870,California
Mendocino,2021-03-18,1310,49798,248,25686,1025,23390,37,722,279,14097,1023,18088,315,32185,California
Mendocino,2021-03-19,1777,51575,855,26541,863,24253,59,781,332,13050,1440,19528,393,32578,California
Mendocino,2021-03-20,68,51643,10,26551,38,24291,20,801,11,13024,57,19585,31,32609,California
Mendocino,2021-03-21,8,51651,1,26552,2,24293,5,806,3,13027,5,19590,8,32617,California
Mendocino,2021-03-22,661,52312,617,27169,15,24308,29,835,146,12690,511,20101,174,32791,California
Mendocino,2021-03-23,161,52473,31,27200,100,24408,30,865,111,12781,50,20151,141,32932,California
Mendocino,2021-03-24,916,53389,845,28045,24,24432,47,912,108,12130,806,20957,155,33087,California
Mendocino,2021-03-25,2018,55407,54,28099,1944,26376,20,932,179,10494,1833,22790,197,33284,California
Mendocino,2021-03-26,547,55954,395,28494,126,26502,26,958,113,10199,433,23223,138,33422,California
Mendocino,2021-03-27,144,56098,13,28507,119,26621,12,970,80,10227,63,23286,91,33513,California
Mendocino,2021-03-28,24,56122,5,28512,15,26636,4,974,3,10214,20,23306,7,33520,California
Mendocino,2021-03-29,191,56313,99,28611,48,26684,44,1018,97,10261,94,23400,141,33661,California
Mendocino,2021-03-30,713,57026,630,29241,46,26730,37,1055,104,9795,607,24007,141,33802,California
Mendocino,2021-03-31,916,57942,281,29522,574,27304,61,1116,153,9248,761,24768,214,34016,California
Mendocino,2021-04-01,1750,59692,421,29943,1248,28552,81,1197,380,8348,1360,26128,460,34476,California
Mendocino,2021-04-02,1311,61003,1079,31022,159,28711,73,1270,157,7427,1151,27279,230,34706,California
Mendocino,2021-04-03,709,61712,10,31032,678,29389,21,1291,87,6918,617,27896,108,34814,California
Mendocino,2021-04-04,71,61783,35,31067,30,29419,6,1297,55,6963,16,27912,61,34875,California
Mendocino,2021-04-05,210,61993,140,31207,46,29465,24,1321,125,7024,85,27997,146,35021,California
Mendocino,2021-04-06,397,62390,124,31331,179,29644,94,1415,109,6939,288,28285,203,35224,California
Mendocino,2021-04-07,490,62880,179,31510,65,29709,246,1661,115,6927,372,28657,360,35584,California
Mendocino,2021-04-08,1503,64383,924,32434,465,30174,114,1775,1009,7564,487,29144,1124,36708,California
Mendocino,2021-04-09,763,65146,429,32863,173,30347,161,1936,399,7761,363,29507,560,37268,California
Mendocino,2021-04-10,408,65554,92,32955,271,30618,45,1981,99,7596,309,29816,144,37412,California
Mendocino,2021-04-11,121,65675,47,33002,19,30637,55,2036,59,7648,62,29878,114,37526,California
Mendocino,2021-04-12,622,66297,514,33516,48,30685,60,2096,406,7898,216,30094,466,37992,California
Mendocino,2021-04-13,289,66586,227,33743,62,30747,0,2096,223,8055,66,30160,223,38215,California
Mendocino,2021-04-14,521,67107,429,34172,92,30839,0,2096,423,8380,98,30258,423,38638,California
Mendocino,2021-04-15,663,67770,331,34503,332,31171,0,2096,389,8502,269,30527,391,39029,California
Mendocino,2021-04-16,125,67895,54,34557,70,31241,1,2097,77,8533,47,30574,78,39107,California
Mendocino,2021-04-17,195,68090,13,34570,182,31423,0,2097,68,8476,125,30699,68,39175,California
Mendocino,2021-04-18,14,68104,6,34576,8,31431,0,2097,7,8478,5,30704,7,39182,California
Mendocino,2021-04-19,538,68642,516,35092,21,31452,1,2098,426,8794,111,30815,427,39609,California
Mendocino,2021-04-20,419,69061,291,35383,128,31580,0,2098,263,8902,155,30970,263,39872,California
Mendocino,2021-04-21,191,69252,134,35517,56,31636,1,2099,116,8945,73,31043,116,39988,California
Mendocino,2021-04-22,486,69738,314,35831,171,31807,1,2100,313,9088,170,31213,313,40301,California
Mendocino,2021-04-23,851,70589,701,36532,150,31957,0,2100,696,9632,152,31365,696,40997,California
Mendocino,2021-04-24,107,70696,14,36546,93,32050,0,2100,100,9725,7,31372,100,41097,California
Mendocino,2021-04-25,57,70753,34,36580,19,32069,4,2104,19,9710,38,31410,23,41120,California
Mendocino,2021-04-26,307,71060,238,36818,64,32133,5,2109,201,9811,105,31515,206,41326,California
Mendocino,2021-04-27,207,71267,91,36909,89,32222,27,2136,94,9819,112,31627,120,41446,California
Mendocino,2021-04-28,225,71492,151,37060,55,32277,19,2155,129,9872,96,31723,149,41595,California
Mendocino,2021-04-29,1147,72639,843,37903,289,32566,15,2170,110,8965,1032,32755,125,41720,California
Mendocino,2021-04-30,606,73245,383,38286,214,32780,9,2179,227,8823,378,33133,236,41956,California
Mendocino,2021-05-01,473,73718,433,38719,33,32813,7,2186,368,9094,104,33237,375,42331,California
Mendocino,2021-05-02,55,73773,45,38764,7,32820,3,2189,8,9058,47,33284,11,42342,California
Mendocino,2021-05-03,148,73921,85,38849,41,32861,22,2211,43,9020,103,33387,65,42407,California
Mendocino,2021-05-04,378,74299,252,39101,92,32953,34,2245,140,8956,238,33625,174,42581,California
Mendocino,2021-05-05,876,75175,789,39890,72,33025,15,2260,221,8537,654,34279,235,42816,California
Mendocino,2021-05-06,631,75806,381,40271,228,33253,22,2282,154,8238,475,34754,176,42992,California
Mendocino,2021-05-07,184,75990,34,40305,126,33379,24,2306,120,8319,63,34817,144,43136,California
Mendocino,2021-05-08,126,76116,4,40309,121,33500,1,2307,110,8415,15,34832,111,43247,California
Mendocino,2021-05-09,20,76136,5,40314,14,33514,1,2308,3,8402,17,34849,4,43251,California
Mendocino,2021-05-10,242,76378,161,40475,76,33590,5,2313,149,8463,93,34942,154,43405,California
Mendocino,2021-05-11,278,76656,141,40616,119,33709,18,2331,130,8462,147,35089,146,43551,California
Mendocino,2021-05-12,142,76798,80,40696,54,33763,8,2339,44,8418,96,35185,52,43603,California
Mendocino,2021-05-13,1232,78030,1124,41820,91,33854,17,2356,322,7847,910,36095,339,43942,California
Mendocino,2021-05-14,717,78747,490,42310,163,34017,64,2420,246,7691,466,36561,310,44252,California
Mendocino,2021-05-15,82,78829,27,42337,51,34068,4,2424,38,7689,44,36605,42,44294,California
Mendocino,2021-05-16,115,78944,102,42439,11,34079,2,2426,98,7773,17,36622,101,44395,California
Mendocino,2021-05-17,168,79112,83,42522,69,34148,16,2442,93,7807,75,36697,109,44504,California
Mendocino,2021-05-18,244,79356,118,42640,98,34246,28,2470,106,7803,137,36834,133,44637,California
Mendocino,2021-05-19,332,79688,196,42836,115,34361,21,2491,244,7982,86,36920,265,44902,California
Mendocino,2021-05-20,292,79980,117,42953,133,34494,42,2533,106,7947,183,37103,148,45050,California
Mendocino,2021-05-21,648,80628,473,43426,160,34654,15,2548,505,8325,142,37245,520,45570,California
Mendocino,2021-05-22,783,81411,674,44100,101,34755,8,2556,242,8035,540,37785,250,45820,California
Mendocino,2021-05-23,28,81439,11,44111,10,34765,7,2563,15,8043,13,37798,21,45841,California
Mendocino,2021-05-24,126,81565,43,44154,62,34827,21,2584,59,8057,66,37864,80,45921,California
Mendocino,2021-05-25,294,81859,176,44330,89,34916,29,2613,134,8060,160,38024,163,46084,California
Mendocino,2021-05-26,322,82181,242,44572,68,34984,12,2625,130,8011,191,38215,142,46226,California
Mendocino,2021-05-27,244,82425,112,44684,110,35094,22,2647,102,7994,140,38355,123,46349,California
Mendocino,2021-05-28,235,82660,96,44780,127,35221,12,2659,154,8081,79,38434,166,46515,California
Mendocino,2021-05-29,47,82707,16,44796,26,35247,5,2664,27,8093,20,38454,32,46547,California
Mendocino,2021-05-30,15,82722,2,44798,12,35259,1,2665,10,8099,5,38459,11,46558,California
Mendocino,2021-05-31,6,82728,0,44798,5,35264,1,2666,2,8099,3,38462,3,46561,California
Mendocino,2021-06-01,310,83038,103,44901,198,35462,9,2675,84,7966,226,38688,93,46654,California
Mendocino,2021-06-02,156,83194,58,44959,90,35552,8,2683,54,7929,99,38787,62,46716,California
Mendocino,2021-06-03,558,83752,458,45417,91,35643,9,2692,122,7631,429,39216,131,46847,California
Mendocino,2021-06-04,319,84071,194,45611,103,35746,22,2714,88,7510,231,39447,110,46957,California
Mendocino,2021-06-05,226,84297,92,45703,116,35862,18,2732,72,7448,152,39599,90,47047,California
Mendocino,2021-06-06,63,84360,58,45761,2,35864,3,2735,2,7392,61,39660,5,47052,California
Mendocino,2021-06-07,149,84509,72,45833,65,35929,12,2747,59,7373,90,39750,71,47123,California
Mendocino,2021-06-08,226,84735,130,45963,83,36012,13,2760,98,7360,124,39874,111,47234,California
Mendocino,2021-06-09,309,85044,248,46211,51,36063,10,2770,106,7275,202,40076,117,47351,California
Mendocino,2021-06-10,118,85162,65,46276,43,36106,10,2780,52,7272,66,40142,63,47414,California
Mendocino,2021-06-11,685,85847,542,46818,124,36230,19,2799,90,6789,592,40734,109,47523,California
Mendocino,2021-06-12,57,85904,37,46855,15,36245,5,2804,15,6768,41,40775,20,47543,California
Mendocino,2021-06-13,26,85930,14,46869,10,36255,2,2806,13,6770,13,40788,15,47558,California
Mendocino,2021-06-14,104,86034,45,46914,40,36295,19,2825,41,6767,62,40850,59,47617,California
Mendocino,2021-06-15,206,86240,118,47032,72,36367,16,2841,56,6689,150,41000,72,47689,California
Mendocino,2021-06-16,170,86410,119,47151,44,36411,7,2848,39,6604,131,41131,46,47735,California
Merced,2020-12-16,3,3,3,3,0,0,0,0,3,3,0,0,3,3,California
Merced,2020-12-17,8,11,8,11,0,0,0,0,8,11,0,0,8,11,California
Merced,2020-12-18,145,156,145,156,0,0,0,0,145,156,0,0,145,156,California
Merced,2020-12-19,37,193,37,193,0,0,0,0,37,193,0,0,37,193,California
Merced,2020-12-20,18,211,18,211,0,0,0,0,18,211,0,0,18,211,California
Merced,2020-12-21,125,336,121,332,4,4,0,0,124,334,1,1,124,335,California
Merced,2020-12-22,152,488,152,484,0,4,0,0,152,486,0,1,152,487,California
Merced,2020-12-23,253,741,246,730,7,11,0,0,251,735,2,3,251,738,California
Merced,2020-12-24,72,813,72,802,0,11,0,0,72,807,0,3,72,810,California
Merced,2020-12-25,4,817,4,806,0,11,0,0,4,811,0,3,4,814,California
Merced,2020-12-26,6,823,3,809,3,14,0,0,6,817,0,3,6,820,California
Merced,2020-12-27,12,835,11,820,1,15,0,0,12,829,0,3,12,832,California
Merced,2020-12-28,124,959,98,918,26,41,0,0,123,951,1,4,123,955,California
Merced,2020-12-29,185,1144,128,1046,57,98,0,0,185,1136,0,4,185,1140,California
Merced,2020-12-30,215,1359,89,1135,126,224,0,0,215,1351,0,4,215,1355,California
Merced,2020-12-31,103,1462,34,1169,69,293,0,0,102,1453,0,4,102,1457,California
Merced,2021-01-01,5,1467,1,1170,4,297,0,0,5,1458,0,4,5,1462,California
Merced,2021-01-02,129,1596,118,1288,11,308,0,0,129,1587,0,4,129,1591,California
Merced,2021-01-03,11,1607,5,1293,6,314,0,0,9,1596,0,4,9,1600,California
Merced,2021-01-04,84,1691,43,1336,41,355,0,0,84,1680,0,4,84,1684,California
Merced,2021-01-05,325,2016,235,1571,90,445,0,0,316,1988,9,13,317,2001,California
Merced,2021-01-06,258,2274,105,1676,153,598,0,0,252,2234,6,19,252,2253,California
Merced,2021-01-07,187,2461,83,1759,104,702,0,0,175,2396,13,32,175,2428,California
Merced,2021-01-08,532,2993,393,2152,139,841,0,0,375,2616,155,187,375,2803,California
Merced,2021-01-09,22,3015,9,2161,13,854,0,0,17,2628,5,192,17,2820,California
Merced,2021-01-10,11,3026,7,2168,4,858,0,0,7,2631,4,196,7,2827,California
Merced,2021-01-11,232,3258,173,2341,59,917,0,0,103,2609,126,322,104,2931,California
Merced,2021-01-12,293,3551,168,2509,125,1042,0,0,243,2801,51,373,243,3174,California
Merced,2021-01-13,383,3934,175,2684,208,1250,0,0,228,2875,155,528,229,3403,California
Merced,2021-01-14,328,4262,205,2889,123,1373,0,0,157,2867,165,693,157,3560,California
Merced,2021-01-15,604,4866,147,3036,457,1830,0,0,546,3356,59,752,548,4108,California
Merced,2021-01-16,225,5091,139,3175,86,1916,0,0,197,3535,18,770,197,4305,California
Merced,2021-01-17,50,5141,12,3187,38,1954,0,0,49,3583,1,771,49,4354,California
Merced,2021-01-18,274,5415,130,3317,144,2098,0,0,248,3806,26,797,249,4603,California
Merced,2021-01-19,722,6137,597,3914,125,2223,0,0,542,4175,173,970,542,5145,California
Merced,2021-01-20,580,6717,471,4385,109,2332,0,0,518,4633,62,1032,520,5665,California
Merced,2021-01-21,1031,7748,658,5043,373,2705,0,0,915,5435,114,1146,916,6581,California
Merced,2021-01-22,1327,9075,696,5739,631,3336,0,0,1289,6697,37,1183,1299,7880,California
Merced,2021-01-23,324,9399,198,5937,126,3462,0,0,217,6807,107,1290,217,8097,California
Merced,2021-01-24,37,9436,15,5952,22,3484,0,0,28,6827,8,1298,28,8125,California
Merced,2021-01-25,734,10170,241,6193,493,3977,0,0,670,7435,62,1360,670,8795,California
Merced,2021-01-26,932,11102,492,6685,440,4417,0,0,675,7892,219,1579,676,9471,California
Merced,2021-01-27,989,12091,589,7274,400,4817,0,0,816,8537,171,1750,816,10287,California
Merced,2021-01-28,1146,13237,600,7874,546,5363,0,0,1019,9431,126,1876,1020,11307,California
Merced,2021-01-29,854,14091,326,8200,528,5891,0,0,598,9794,238,2114,601,11908,California
Merced,2021-01-30,262,14353,28,8228,234,6125,0,0,244,10020,18,2132,244,12152,California
Merced,2021-01-31,47,14400,11,8239,36,6161,0,0,46,10065,1,2133,46,12198,California
Merced,2021-02-01,382,14782,55,8294,327,6488,0,0,329,10343,52,2185,330,12528,California
Merced,2021-02-02,300,15082,180,8474,120,6608,0,0,178,10403,119,2304,179,12707,California
Merced,2021-02-03,352,15434,72,8546,280,6888,0,0,170,10394,179,2483,170,12877,California
Merced,2021-02-04,375,15809,148,8694,227,7115,0,0,240,10502,132,2615,240,13117,California
Merced,2021-02-05,512,16321,169,8863,343,7458,0,0,271,10539,236,2851,273,13390,California
Merced,2021-02-06,393,16714,221,9084,172,7630,0,0,244,10640,143,2994,244,13634,California
Merced,2021-02-07,20,16734,12,9096,8,7638,0,0,13,10646,7,3001,13,13647,California
Merced,2021-02-08,291,17025,204,9300,87,7725,0,0,171,10704,114,3115,172,13819,California
Merced,2021-02-09,1227,18252,964,10264,263,7988,0,0,775,11041,438,3553,775,14594,California
Merced,2021-02-10,1881,20133,1450,11714,431,8419,0,0,1278,11739,580,4133,1278,15872,California
Merced,2021-02-11,2579,22712,2030,13744,549,8968,0,0,1822,12835,726,4859,1822,17694,California
Merced,2021-02-12,1735,24447,1030,14774,705,9673,0,0,747,12646,938,5797,749,18443,California
Merced,2021-02-13,366,24813,208,14982,158,9831,0,0,263,12817,94,5891,265,18708,California
Merced,2021-02-14,117,24930,25,15007,92,9923,0,0,95,12891,22,5913,96,18804,California
Merced,2021-02-15,274,25204,42,15049,232,10155,0,0,168,12961,99,6012,169,18973,California
Merced,2021-02-16,1222,26426,847,15896,375,10530,0,0,835,13440,360,6372,839,19812,California
Merced,2021-02-17,1909,28335,1659,17555,250,10780,0,0,1315,14194,568,6940,1322,21134,California
Merced,2021-02-18,1230,29565,830,18385,400,11180,0,0,408,13815,790,7730,411,21545,California
Merced,2021-02-19,1294,30859,419,18804,875,12055,0,0,537,13613,741,8471,539,22084,California
Merced,2021-02-20,278,31137,31,18835,247,12302,0,0,139,13615,137,8608,139,22223,California
Merced,2021-02-21,76,31213,62,18897,14,12316,0,0,30,13601,44,8652,30,22253,California
Merced,2021-02-22,834,32047,297,19194,537,12853,0,0,483,13736,348,9000,483,22736,California
Merced,2021-02-23,1086,33133,424,19618,662,13515,0,0,640,13937,439,9439,640,23376,California
Merced,2021-02-24,826,33959,306,19924,520,14035,0,0,453,14027,364,9803,454,23830,California
Merced,2021-02-25,1782,35741,888,20812,894,14929,0,0,1320,14897,453,10256,1323,25153,California
Merced,2021-02-26,2164,37905,1386,22198,778,15707,0,0,1746,16234,410,10666,1747,26900,California
Merced,2021-02-27,2615,40520,1187,23385,1428,17135,0,0,2326,18274,286,10952,2326,29226,California
Merced,2021-02-28,312,40832,73,23458,238,17373,1,1,258,18482,50,11002,258,29484,California
Merced,2021-03-01,1133,41965,287,23745,845,18218,1,2,786,18934,334,11336,786,30270,California
Merced,2021-03-02,1767,43732,917,24662,849,19067,1,3,1363,19913,386,11722,1365,31635,California
Merced,2021-03-03,2253,45985,1750,26412,502,19569,1,4,1475,20640,749,12471,1476,33111,California
Merced,2021-03-04,2921,48906,2292,28704,627,20196,2,6,1927,21607,961,13432,1928,35039,California
Merced,2021-03-05,2081,50987,1201,29905,856,21052,24,30,1534,22635,531,13963,1559,36598,California
Merced,2021-03-06,1169,52156,665,30570,482,21534,22,52,913,23315,255,14218,935,37533,California
Merced,2021-03-07,230,52386,68,30638,138,21672,24,76,202,23513,28,14246,226,37759,California
Merced,2021-03-08,1406,53792,808,31446,533,22205,65,141,1190,24569,198,14444,1254,39013,California
Merced,2021-03-09,1704,55496,1009,32455,586,22791,109,250,1099,25197,577,15021,1205,40218,California
Merced,2021-03-10,2728,58224,1881,34336,646,23437,201,451,1637,25991,1044,16065,1838,42056,California
Merced,2021-03-11,1984,60208,701,35037,1082,24519,201,652,1252,26743,700,16765,1452,43508,California
Merced,2021-03-12,2256,62464,905,35942,1076,25595,275,927,1518,27830,695,17460,1782,45290,California
Merced,2021-03-13,1083,63547,309,36251,533,26128,241,1168,779,28479,296,17756,945,46235,California
Merced,2021-03-14,251,63798,137,36388,84,26212,30,1198,150,28559,100,17856,180,46415,California
Merced,2021-03-15,1590,65388,502,36890,830,27042,258,1456,1062,29304,516,18372,1261,47676,California
Merced,2021-03-16,1477,66865,719,37609,531,27573,227,1683,980,30030,482,18854,1208,48884,California
Merced,2021-03-17,2013,68878,1082,38691,753,28326,178,1861,1527,31284,450,19304,1704,50588,California
Merced,2021-03-18,2202,71080,1264,39955,789,29115,149,2010,1442,32112,727,20031,1555,52143,California
Merced,2021-03-19,2675,73755,1459,41414,1019,30134,197,2207,1387,32421,1274,21305,1583,53726,California
Merced,2021-03-20,2461,76216,1531,42945,535,30669,395,2602,965,32297,1488,22793,1364,55090,California
Merced,2021-03-21,556,76772,343,43288,201,30870,12,2614,437,32630,118,22911,451,55541,California
Merced,2021-03-22,1269,78041,634,43922,558,31428,77,2691,887,33226,370,23281,966,56507,California
Merced,2021-03-23,1844,79885,1112,45034,668,32096,64,2755,1360,34174,476,23757,1424,57931,California
Merced,2021-03-24,1478,81363,934,45968,509,32605,35,2790,996,34733,472,24229,1031,58962,California
Merced,2021-03-25,3338,84701,2287,48255,1027,33632,24,2814,2093,35619,1231,25460,2117,61079,California
Merced,2021-03-26,1954,86655,1097,49352,821,34453,36,2850,899,35511,1041,26501,933,62012,California
Merced,2021-03-27,3568,90223,1910,51262,1239,35692,419,3269,1553,35483,2000,28501,1972,63984,California
Merced,2021-03-28,526,90749,217,51479,301,35993,8,3277,215,35398,308,28809,223,64207,California
Merced,2021-03-29,1836,92585,783,52262,885,36878,168,3445,671,35085,1156,29965,843,65050,California
Merced,2021-03-30,2154,94739,807,53069,1288,38166,59,3504,990,34980,1156,31121,1051,66101,California
Merced,2021-03-31,2162,96901,1417,54486,704,38870,41,3545,954,34794,1182,32303,996,67097,California
Merced,2021-04-01,2349,99250,1055,55541,1164,40034,130,3675,1047,34683,1288,33591,1177,68274,California
Merced,2021-04-02,2344,101594,644,56185,1293,41327,407,4082,790,34344,1535,35126,1196,69470,California
Merced,2021-04-03,1062,102656,577,56762,470,41797,15,4097,646,34600,407,35533,663,70133,California
Merced,2021-04-04,369,103025,143,56905,223,42020,3,4100,142,34521,226,35759,147,70280,California
Merced,2021-04-05,1278,104303,609,57514,455,42475,214,4314,418,34301,851,36610,631,70911,California
Merced,2021-04-06,2426,106729,897,58411,699,43174,830,5144,892,34489,1528,38138,1716,72627,California
Merced,2021-04-07,1678,108407,900,59311,670,43844,108,5252,592,34125,1066,39204,702,73329,California
Merced,2021-04-08,2433,110840,1297,60608,920,44764,216,5468,943,33827,1455,40659,1157,74486,California
Merced,2021-04-09,1706,112546,477,61085,651,45415,578,6046,568,33854,1119,41778,1146,75632,California
Merced,2021-04-10,980,113526,369,61454,424,45839,187,6233,175,33415,799,42577,360,75992,California
Merced,2021-04-11,489,114015,283,61737,72,45911,134,6367,148,33359,339,42916,283,76275,California
Merced,2021-04-12,1513,115528,988,62725,399,46310,126,6493,867,33750,602,43518,993,77268,California
Merced,2021-04-13,2047,117575,1466,64191,579,46889,2,6495,939,33682,1013,44531,945,78213,California
Merced,2021-04-14,2103,119678,1266,65457,837,47726,0,6495,930,33574,1041,45572,933,79146,California
Merced,2021-04-15,3025,122703,1979,67436,1046,48772,0,6495,955,32699,1835,47407,960,80106,California
Merced,2021-04-16,2383,125086,1168,68604,1215,49987,0,6495,972,32359,1312,48719,972,81078,California
Merced,2021-04-17,2108,127194,1448,70052,659,50646,1,6496,685,31636,1412,50131,689,81767,California
Merced,2021-04-18,472,127666,248,70300,224,50870,0,6496,191,31574,253,50384,191,81958,California
Merced,2021-04-19,1337,129003,752,71052,585,51455,0,6496,706,31746,535,50919,707,82665,California
Merced,2021-04-20,1482,130485,741,71793,741,52196,0,6496,803,31941,608,51527,803,83468,California
Merced,2021-04-21,1505,131990,913,72706,592,52788,0,6496,762,32074,630,52157,763,84231,California
Merced,2021-04-22,1623,133613,745,73451,878,53666,0,6496,784,32102,757,52914,785,85016,California
Merced,2021-04-23,1653,135266,687,74138,966,54632,0,6496,886,32270,719,53633,887,85903,California
Merced,2021-04-24,877,136143,702,74840,175,54807,0,6496,562,32523,309,53942,562,86465,California
Merced,2021-04-25,327,136470,187,75027,140,54947,0,6496,191,32582,132,54074,191,86656,California
Merced,2021-04-26,1222,137692,534,75561,688,55635,0,6496,641,32679,546,54620,643,87299,California
Merced,2021-04-27,1772,139464,894,76455,866,56501,12,6508,710,32412,990,55610,723,88022,California
Merced,2021-04-28,1371,140835,680,77135,683,57184,8,6516,783,32641,563,56173,792,88814,California
Merced,2021-04-29,1455,142290,641,77776,789,57973,25,6541,696,32615,749,56922,723,89537,California
Merced,2021-04-30,1458,143748,615,78391,799,58772,44,6585,748,32706,702,57624,793,90330,California
Merced,2021-05-01,561,144309,241,78632,315,59087,5,6590,261,32675,296,57920,265,90595,California
Merced,2021-05-02,295,144604,120,78752,160,59247,15,6605,130,32658,164,58084,147,90742,California
Merced,2021-05-03,847,145451,556,79308,221,59468,70,6675,303,32494,538,58622,374,91116,California
Merced,2021-05-04,1022,146473,547,79855,423,59891,52,6727,377,32283,639,59261,428,91544,California
Merced,2021-05-05,1379,147852,879,80734,424,60315,76,6803,670,32333,697,59958,747,92291,California
Merced,2021-05-06,916,148768,479,81213,387,60702,50,6853,301,32077,607,60565,351,92642,California
Merced,2021-05-07,1098,149866,452,81665,604,61306,42,6895,422,31874,670,61235,467,93109,California
Merced,2021-05-08,397,150263,202,81867,159,61465,36,6931,183,31880,213,61448,219,93328,California
Merced,2021-05-09,212,150475,105,81972,100,61565,7,6938,101,31878,110,61558,108,93436,California
Merced,2021-05-10,694,151169,357,82329,300,61865,37,6975,189,31602,503,62061,227,93663,California
Merced,2021-05-11,1147,152316,681,83010,409,62274,57,7032,440,31397,702,62763,497,94160,California
Merced,2021-05-12,1074,153390,608,83618,424,62698,42,7074,373,31115,698,63461,416,94576,California
Merced,2021-05-13,859,154249,453,84071,364,63062,42,7116,347,30998,506,63967,389,94965,California
Merced,2021-05-14,1026,155275,617,84688,369,63431,40,7156,536,31091,483,64450,576,95541,California
Merced,2021-05-15,759,156034,575,85263,165,63596,19,7175,449,31262,298,64748,469,96010,California
Merced,2021-05-16,348,156382,233,85496,107,63703,8,7183,199,31323,147,64895,208,96218,California
Merced,2021-05-17,1093,157475,713,86209,350,64053,30,7213,539,31346,547,65442,570,96788,California
Merced,2021-05-18,1272,158747,852,87061,389,64442,31,7244,720,31551,546,65988,751,97539,California
Merced,2021-05-19,1104,159851,756,87817,341,64783,7,7251,627,31716,473,66461,638,98177,California
Merced,2021-05-20,1043,160894,556,88373,432,65215,55,7306,403,31538,638,67099,460,98637,California
Merced,2021-05-21,1178,162072,674,89047,476,65691,28,7334,488,31376,679,67778,517,99154,California
Merced,2021-05-22,750,162822,537,89584,200,65891,13,7347,448,31541,299,68077,464,99618,California
Merced,2021-05-23,331,163153,232,89816,87,65978,12,7359,222,31667,108,68185,234,99852,California
Merced,2021-05-24,594,163747,248,90064,316,66294,30,7389,225,31559,364,68549,256,100108,California
Merced,2021-05-25,762,164509,431,90495,296,66590,35,7424,401,31636,358,68907,435,100543,California
Merced,2021-05-26,975,165484,552,91047,390,66980,33,7457,406,31508,567,69474,439,100982,California
Merced,2021-05-27,924,166408,654,91701,237,67217,33,7490,571,31764,349,69823,605,101587,California
Merced,2021-05-28,764,167172,345,92046,372,67589,47,7537,335,31726,421,70244,383,101970,California
Merced,2021-05-29,391,167563,271,92317,112,67701,8,7545,172,31691,216,70460,181,102151,California
Merced,2021-05-30,214,167777,146,92463,57,67758,11,7556,135,31759,78,70538,146,102297,California
Merced,2021-05-31,110,167887,24,92487,80,67838,6,7562,31,31720,77,70615,38,102335,California
Merced,2021-06-01,792,168679,470,92957,290,68128,32,7594,340,31645,447,71062,372,102707,California
Merced,2021-06-02,740,169419,479,93436,235,68363,26,7620,365,31668,368,71430,391,103098,California
Merced,2021-06-03,751,170170,477,93913,240,68603,34,7654,333,31622,411,71841,365,103463,California
Merced,2021-06-04,789,170959,445,94358,322,68925,22,7676,331,31524,452,72293,354,103817,California
Merced,2021-06-05,492,171451,388,94746,94,69019,10,7686,182,31411,305,72598,192,104009,California
Merced,2021-06-06,225,171676,189,94935,30,69049,6,7692,84,31360,141,72739,90,104099,California
Merced,2021-06-07,651,172327,520,95455,119,69168,12,7704,194,31112,456,73195,208,104307,California
Merced,2021-06-08,850,173177,629,96084,197,69365,24,7728,273,30836,573,73768,297,104604,California
Merced,2021-06-09,770,173947,641,96725,114,69479,15,7743,224,30538,537,74305,239,104843,California
Merced,2021-06-10,630,174577,439,97164,173,69652,18,7761,258,30449,365,74670,276,105119,California
Merced,2021-06-11,553,175130,350,97514,187,69839,16,7777,230,30377,320,74990,248,105367,California
Merced,2021-06-12,427,175557,329,97843,76,69915,22,7799,133,30239,293,75283,155,105522,California
Merced,2021-06-13,252,175809,132,97975,115,70030,5,7804,67,30126,185,75468,72,105594,California
Merced,2021-06-14,419,176228,246,98221,139,70169,34,7838,183,30110,235,75703,219,105813,California
Merced,2021-06-15,743,176971,528,98749,189,70358,26,7864,249,29897,489,76192,276,106089,California
Merced,2021-06-16,178,177149,73,98822,94,70452,11,7875,80,29891,97,76289,91,106180,California
Modoc,2020-12-16,2,2,2,2,0,0,0,0,2,2,0,0,2,2,California
Modoc,2020-12-21,99,101,99,101,0,0,0,0,99,101,0,0,99,101,California
Modoc,2020-12-22,14,115,14,115,0,0,0,0,14,115,0,0,14,115,California
Modoc,2020-12-23,4,119,4,119,0,0,0,0,4,119,0,0,4,119,California
Modoc,2020-12-24,1,120,1,120,0,0,0,0,1,120,0,0,1,120,California
Modoc,2020-12-28,2,122,2,122,0,0,0,0,2,122,0,0,2,122,California
Modoc,2020-12-29,9,131,1,123,8,8,0,0,9,131,0,0,9,131,California
Modoc,2020-12-30,8,139,1,124,7,15,0,0,8,139,0,0,8,139,California
Modoc,2021-01-02,3,142,1,125,2,17,0,0,3,142,0,0,3,142,California
Modoc,2021-01-04,8,150,0,125,8,25,0,0,8,150,0,0,8,150,California
Modoc,2021-01-05,3,153,2,127,1,26,0,0,3,153,0,0,3,153,California
Modoc,2021-01-06,4,157,3,130,1,27,0,0,2,153,2,2,2,155,California
Modoc,2021-01-07,72,229,0,130,72,99,0,0,72,225,0,2,72,227,California
Modoc,2021-01-08,106,335,0,130,106,205,0,0,106,331,0,2,106,333,California
Modoc,2021-01-10,1,336,1,131,0,205,0,0,0,330,1,3,0,333,California
Modoc,2021-01-11,90,426,81,212,9,214,0,0,19,278,71,74,19,352,California
Modoc,2021-01-12,94,520,25,237,69,283,0,0,68,320,26,100,68,420,California
Modoc,2021-01-13,24,544,4,241,20,303,0,0,22,340,2,102,22,442,California
Modoc,2021-01-14,129,673,6,247,123,426,0,0,124,459,5,107,124,566,California
Modoc,2021-01-15,5,678,1,248,4,430,0,0,5,464,0,107,5,571,California
Modoc,2021-01-16,2,680,1,249,1,431,0,0,2,466,0,107,2,573,California
Modoc,2021-01-18,3,683,1,250,2,433,0,0,3,469,0,107,3,576,California
Modoc,2021-01-19,5,688,3,253,2,435,0,0,3,470,2,109,3,579,California
Modoc,2021-01-20,13,701,3,256,10,445,0,0,12,481,1,110,12,591,California
Modoc,2021-01-21,160,861,2,258,158,603,0,0,160,641,0,110,160,751,California
Modoc,2021-01-22,4,865,2,260,2,605,0,0,4,645,0,110,4,755,California
Modoc,2021-01-25,12,877,0,260,12,617,0,0,12,657,0,110,12,767,California
Modoc,2021-01-26,109,986,1,261,108,725,0,0,109,766,0,110,109,876,California
Modoc,2021-01-27,45,1031,3,264,42,767,0,0,30,781,15,125,30,906,California
Modoc,2021-01-28,148,1179,4,268,144,911,0,0,147,927,1,126,147,1053,California
Modoc,2021-01-29,4,1183,1,269,3,914,0,0,4,931,0,126,4,1057,California
Modoc,2021-02-01,26,1209,13,282,13,927,0,0,12,929,14,140,12,1069,California
Modoc,2021-02-02,172,1381,2,284,170,1097,0,0,169,1095,3,143,169,1238,California
Modoc,2021-02-03,18,1399,13,297,5,1102,0,0,11,1099,7,150,11,1249,California
Modoc,2021-02-04,158,1557,3,300,155,1257,0,0,30,1001,128,278,30,1279,California
Modoc,2021-02-05,3,1560,2,302,1,1258,0,0,2,1002,1,279,2,1281,California
Modoc,2021-02-08,10,1570,1,303,9,1267,0,0,9,1010,1,280,9,1290,California
Modoc,2021-02-09,198,1768,11,314,187,1454,0,0,65,942,133,413,65,1355,California
Modoc,2021-02-10,6,1774,3,317,3,1457,0,0,4,944,2,415,4,1359,California
Modoc,2021-02-11,200,1974,2,319,198,1655,0,0,82,908,118,533,82,1441,California
Modoc,2021-02-12,8,1982,2,321,6,1661,0,0,3,906,5,538,3,1444,California
Modoc,2021-02-13,2,1984,0,321,2,1663,0,0,1,906,1,539,1,1445,California
Modoc,2021-02-16,147,2131,6,327,141,1804,0,0,141,1041,6,545,141,1586,California
Modoc,2021-02-17,24,2155,2,329,22,1826,0,0,11,1039,13,558,11,1597,California
Modoc,2021-02-18,192,2347,4,333,188,2014,0,0,23,896,168,726,25,1622,California
Modoc,2021-02-19,3,2350,3,336,0,2014,0,0,2,897,1,727,2,1624,California
Modoc,2021-02-20,1,2351,1,337,0,2014,0,0,0,896,1,728,0,1624,California
Modoc,2021-02-22,17,2368,9,346,8,2022,0,0,3,885,14,742,3,1627,California
Modoc,2021-02-23,73,2441,2,348,71,2093,0,0,9,830,64,806,9,1636,California
Modoc,2021-02-24,94,2535,2,350,92,2185,0,0,32,800,62,868,32,1668,California
Modoc,2021-02-25,171,2706,0,350,171,2356,0,0,12,653,159,1027,12,1680,California
Modoc,2021-02-26,2,2708,0,350,2,2358,0,0,1,653,1,1028,1,1681,California
Modoc,2021-02-27,3,2711,3,353,0,2358,0,0,2,654,1,1029,2,1683,California
Modoc,2021-03-01,5,2716,0,353,5,2363,0,0,0,650,4,1033,0,1683,California
Modoc,2021-03-02,194,2910,11,364,183,2546,0,0,26,508,168,1201,26,1709,California
Modoc,2021-03-03,12,2922,6,370,6,2552,0,0,2,500,10,1211,2,1711,California
Modoc,2021-03-04,175,3097,0,370,175,2727,0,0,147,619,28,1239,147,1858,California
Modoc,2021-03-05,3,3100,2,372,1,2728,0,0,2,620,1,1240,2,1860,California
Modoc,2021-03-06,11,3111,0,372,1,2729,10,10,1,621,10,1250,11,1871,California
Modoc,2021-03-07,8,3119,2,374,0,2729,6,16,2,623,6,1256,8,1879,California
Modoc,2021-03-08,9,3128,1,375,4,2733,4,20,1,621,7,1263,5,1884,California
Modoc,2021-03-09,127,3255,10,385,109,2842,8,28,61,624,66,1329,69,1953,California
Modoc,2021-03-10,9,3264,3,388,2,2844,4,32,4,627,5,1334,8,1961,California
Modoc,2021-03-11,208,3472,0,388,99,2943,109,141,22,572,186,1520,131,2092,California
Modoc,2021-03-12,10,3482,1,389,4,2947,5,146,4,575,6,1526,9,2101,California
Modoc,2021-03-13,4,3486,0,389,1,2948,3,149,1,576,3,1529,4,2105,California
Modoc,2021-03-15,14,3500,0,389,13,2961,1,150,12,587,2,1531,13,2118,California
Modoc,2021-03-16,173,3673,1,390,168,3129,4,154,42,501,131,1662,45,2163,California
Modoc,2021-03-17,11,3684,2,392,4,3133,5,159,2,499,9,1671,7,2170,California
Modoc,2021-03-18,67,3751,2,394,58,3191,7,166,36,511,31,1702,43,2213,California
Modoc,2021-03-19,5,3756,0,394,0,3191,5,171,0,511,5,1707,5,2218,California
Modoc,2021-03-20,5,3761,2,396,0,3191,3,174,0,509,5,1712,3,2221,California
Modoc,2021-03-21,3,3764,1,397,0,3191,2,176,1,510,2,1714,3,2224,California
Modoc,2021-03-22,17,3781,1,398,11,3202,5,181,12,522,5,1719,17,2241,California
Modoc,2021-03-23,58,3839,7,405,48,3250,3,184,42,551,16,1735,45,2286,California
Modoc,2021-03-24,29,3868,1,406,18,3268,10,194,1,534,28,1763,11,2297,California
Modoc,2021-03-25,79,3947,3,409,74,3342,2,196,47,551,32,1795,49,2346,California
Modoc,2021-03-26,8,3955,3,412,2,3344,3,199,3,552,5,1800,6,2352,California
Modoc,2021-03-27,2,3957,0,412,1,3345,1,200,1,553,1,1801,2,2354,California
Modoc,2021-03-28,1,3958,1,413,0,3345,0,200,0,552,1,1802,0,2354,California
Modoc,2021-03-29,15,3973,1,414,6,3351,8,208,6,557,9,1811,14,2368,California
Modoc,2021-03-30,54,4027,9,423,39,3390,6,214,21,551,33,1844,27,2395,California
Modoc,2021-03-31,10,4037,3,426,3,3393,4,218,4,553,6,1850,8,2403,California
Modoc,2021-04-01,169,4206,2,428,162,3555,5,223,34,457,135,1985,39,2442,California
Modoc,2021-04-02,5,4211,0,428,2,3557,3,226,1,458,3,1988,4,2446,California
Modoc,2021-04-03,4,4215,1,429,0,3557,3,229,1,459,2,1990,3,2449,California
Modoc,2021-04-05,10,4225,0,429,9,3566,1,230,9,468,1,1991,10,2459,California
Modoc,2021-04-06,23,4248,5,434,8,3574,10,240,5,465,18,2009,15,2474,California
Modoc,2021-04-07,12,4260,1,435,4,3578,7,247,3,466,9,2018,10,2484,California
Modoc,2021-04-08,96,4356,1,436,92,3670,3,250,26,425,70,2088,29,2513,California
Modoc,2021-04-09,11,4367,2,438,6,3676,3,253,2,420,9,2097,4,2517,California
Modoc,2021-04-10,5,4372,0,438,1,3677,4,257,0,419,5,2102,4,2521,California
Modoc,2021-04-11,2,4374,2,440,0,3677,0,257,1,419,1,2103,1,2522,California
Modoc,2021-04-12,14,4388,0,440,10,3687,4,261,1,413,11,2114,5,2527,California
Modoc,2021-04-13,34,4422,30,470,4,3691,0,261,22,423,12,2126,22,2549,California
Modoc,2021-04-14,2,4424,2,472,0,3691,0,261,1,423,1,2127,1,2550,California
Modoc,2021-04-15,102,4526,0,472,102,3793,0,261,29,379,73,2200,29,2579,California
Modoc,2021-04-16,6,4532,4,476,2,3795,0,261,5,383,1,2201,5,2584,California
Modoc,2021-04-17,2,4534,2,478,0,3795,0,261,2,385,0,2201,2,2586,California
Modoc,2021-04-18,1,4535,0,478,1,3796,0,261,1,386,0,2201,1,2587,California
Modoc,2021-04-19,6,4541,0,478,6,3802,0,261,1,382,5,2206,1,2588,California
Modoc,2021-04-20,43,4584,2,480,41,3843,0,261,9,357,34,2240,9,2597,California
Modoc,2021-04-21,3,4587,3,483,0,3843,0,261,1,356,2,2242,1,2598,California
Modoc,2021-04-22,97,4684,3,486,94,3937,0,261,38,335,59,2301,38,2636,California
Modoc,2021-04-23,4,4688,0,486,4,3941,0,261,3,337,1,2302,3,2639,California
Modoc,2021-04-24,2,4690,0,486,1,3942,1,262,1,338,1,2303,2,2641,California
Modoc,2021-04-25,1,4691,1,487,0,3942,0,262,1,339,0,2303,1,2642,California
Modoc,2021-04-26,8,4699,0,487,8,3950,0,262,2,335,6,2309,2,2644,California
Modoc,2021-04-27,6,4705,5,492,0,3950,1,263,1,332,5,2314,2,2646,California
Modoc,2021-04-28,6,4711,1,493,4,3954,1,264,2,331,4,2318,3,2649,California
Modoc,2021-04-29,66,4777,1,494,65,4019,0,264,21,307,45,2363,21,2670,California
Modoc,2021-04-30,3,4780,2,496,1,4020,0,264,1,306,2,2365,1,2671,California
Modoc,2021-05-01,1,4781,1,497,0,4020,0,264,0,305,1,2366,0,2671,California
Modoc,2021-05-02,4,4785,3,500,1,4021,0,264,3,307,1,2367,3,2674,California
Modoc,2021-05-03,14,4799,0,500,13,4034,1,265,4,302,10,2377,5,2679,California
Modoc,2021-05-04,9,4808,3,503,4,4038,2,267,4,303,5,2382,6,2685,California
Modoc,2021-05-05,28,4836,25,528,2,4040,1,268,8,292,20,2402,9,2694,California
Modoc,2021-05-06,55,4891,3,531,50,4090,2,270,21,281,34,2436,23,2717,California
Modoc,2021-05-07,8,4899,3,534,3,4093,2,272,2,279,6,2442,4,2721,California
Modoc,2021-05-08,3,4902,2,536,0,4093,1,273,1,279,2,2444,2,2723,California
Modoc,2021-05-09,1,4903,1,537,0,4093,0,273,0,278,1,2445,0,2723,California
Modoc,2021-05-10,2,4905,0,537,1,4094,1,274,1,279,1,2446,2,2725,California
Modoc,2021-05-11,3,4908,2,539,0,4094,1,275,0,277,3,2449,1,2726,California
Modoc,2021-05-12,3,4911,0,539,0,4094,3,278,0,277,3,2452,3,2729,California
Modoc,2021-05-13,44,4955,0,539,40,4134,4,282,14,265,30,2482,18,2747,California
Modoc,2021-05-14,9,4964,3,542,1,4135,5,287,4,269,5,2487,9,2756,California
Modoc,2021-05-15,4,4968,3,545,1,4136,0,287,4,273,0,2487,4,2760,California
Modoc,2021-05-16,2,4970,1,546,1,4137,0,287,0,271,2,2489,0,2760,California
Modoc,2021-05-17,7,4977,3,549,4,4141,0,287,4,272,3,2492,4,2764,California
Modoc,2021-05-18,26,5003,13,562,11,4152,2,289,14,276,12,2504,16,2780,California
Modoc,2021-05-19,8,5011,1,563,3,4155,4,293,4,280,4,2508,8,2788,California
Modoc,2021-05-20,58,5069,3,566,46,4201,9,302,8,247,50,2558,17,2805,California
Modoc,2021-05-21,5,5074,3,569,1,4202,1,303,2,247,3,2561,3,2808,California
Modoc,2021-05-22,2,5076,2,571,0,4202,0,303,1,247,1,2562,1,2809,California
Modoc,2021-05-23,2,5078,2,573,0,4202,0,303,0,245,2,2564,0,2809,California
Modoc,2021-05-24,4,5082,1,574,1,4203,2,305,2,247,2,2566,4,2813,California
Modoc,2021-05-25,2,5084,1,575,1,4204,0,305,1,247,1,2567,1,2814,California
Modoc,2021-05-26,35,5119,32,607,3,4207,0,305,25,263,10,2577,26,2840,California
Modoc,2021-05-27,31,5150,3,610,22,4229,6,311,8,254,23,2600,14,2854,California
Modoc,2021-05-28,8,5158,1,611,4,4233,3,314,3,255,5,2605,6,2860,California
Modoc,2021-05-29,1,5159,1,612,0,4233,0,314,0,254,1,2606,0,2860,California
Modoc,2021-06-01,7,5166,0,612,6,4239,1,315,2,252,5,2611,3,2863,California
Modoc,2021-06-02,11,5177,0,612,9,4248,2,317,5,253,6,2617,7,2870,California
Modoc,2021-06-03,24,5201,1,613,21,4269,2,319,4,239,20,2637,6,2876,California
Modoc,2021-06-04,5,5206,3,616,1,4270,1,320,0,235,5,2642,1,2877,California
Modoc,2021-06-05,1,5207,0,616,1,4271,0,320,0,234,1,2643,0,2877,California
Modoc,2021-06-07,4,5211,4,620,0,4271,0,320,1,232,3,2646,1,2878,California
Modoc,2021-06-08,26,5237,7,627,18,4289,1,321,19,245,7,2653,20,2898,California
Modoc,2021-06-09,4,5241,3,630,1,4290,0,321,3,247,1,2654,3,2901,California
Modoc,2021-06-10,20,5261,1,631,18,4308,1,322,7,242,13,2667,8,2909,California
Modoc,2021-06-11,5,5266,2,633,3,4311,0,322,4,245,1,2668,4,2913,California
Modoc,2021-06-12,2,5268,1,634,1,4312,0,322,0,243,2,2670,0,2913,California
Modoc,2021-06-14,4,5272,0,634,2,4314,2,324,0,241,4,2674,2,2915,California
Modoc,2021-06-15,5,5277,0,634,3,4317,2,326,2,242,3,2677,4,2919,California
Modoc,2021-06-16,27,5304,22,656,5,4322,0,326,16,247,11,2688,16,2935,California
Mono,2020-12-18,1,1,1,1,0,0,0,0,1,1,0,0,1,1,California
Mono,2020-12-19,5,6,5,6,0,0,0,0,5,6,0,0,5,6,California
Mono,2020-12-20,7,13,7,13,0,0,0,0,7,13,0,0,7,13,California
Mono,2020-12-21,24,37,17,30,7,7,0,0,24,37,0,0,24,37,California
Mono,2020-12-22,68,105,67,97,1,8,0,0,68,105,0,0,68,105,California
Mono,2020-12-23,73,178,45,142,28,36,0,0,73,178,0,0,73,178,California
Mono,2020-12-24,3,181,1,143,2,38,0,0,3,181,0,0,3,181,California
Mono,2020-12-26,3,184,3,146,0,38,0,0,3,184,0,0,3,184,California
Mono,2020-12-27,1,185,0,146,1,39,0,0,1,185,0,0,1,185,California
Mono,2020-12-28,93,278,62,208,31,70,0,0,93,278,0,0,93,278,California
Mono,2020-12-29,28,306,28,236,0,70,0,0,28,306,0,0,28,306,California
Mono,2020-12-30,77,383,36,272,41,111,0,0,77,383,0,0,77,383,California
Mono,2020-12-31,4,387,1,273,3,114,0,0,4,387,0,0,4,387,California
Mono,2021-01-01,4,391,4,277,0,114,0,0,4,391,0,0,4,391,California
Mono,2021-01-02,2,393,2,279,0,114,0,0,2,393,0,0,2,393,California
Mono,2021-01-04,2,395,0,279,2,116,0,0,2,395,0,0,2,395,California
Mono,2021-01-05,45,440,2,281,43,159,0,0,44,438,1,1,44,439,California
Mono,2021-01-06,51,491,0,281,51,210,0,0,51,489,0,1,51,490,California
Mono,2021-01-07,55,546,3,284,52,262,0,0,53,541,2,3,54,544,California
Mono,2021-01-08,2,548,1,285,1,263,0,0,1,541,1,4,1,545,California
Mono,2021-01-09,4,552,4,289,0,263,0,0,0,537,4,8,0,545,California
Mono,2021-01-10,5,557,5,294,0,263,0,0,0,532,5,13,0,545,California
Mono,2021-01-11,8,565,5,299,3,266,0,0,4,532,4,17,4,549,California
Mono,2021-01-12,286,851,78,377,208,474,0,0,220,687,65,82,220,769,California
Mono,2021-01-13,236,1087,74,451,162,636,0,0,180,811,56,138,180,949,California
Mono,2021-01-14,75,1162,72,523,3,639,0,0,74,884,1,139,74,1023,California
Mono,2021-01-15,70,1232,2,525,68,707,0,0,70,954,0,139,70,1093,California
Mono,2021-01-16,4,1236,3,528,1,708,0,0,1,952,3,142,1,1094,California
Mono,2021-01-18,63,1299,54,582,9,717,0,0,2,893,61,203,2,1096,California
Mono,2021-01-19,211,1510,209,791,2,719,0,0,173,1029,38,241,174,1270,California
Mono,2021-01-20,232,1742,199,990,33,752,0,0,171,1140,61,302,172,1442,California
Mono,2021-01-21,6,1748,3,993,3,755,0,0,6,1146,0,302,6,1448,California
Mono,2021-01-22,5,1753,0,993,5,760,0,0,5,1151,0,302,5,1453,California
Mono,2021-01-23,597,2350,597,1590,0,760,0,0,596,1746,1,303,596,2049,California
Mono,2021-01-24,1,2351,0,1590,1,761,0,0,0,1745,1,304,0,2049,California
Mono,2021-01-25,204,2555,166,1756,38,799,0,0,165,1871,39,343,165,2214,California
Mono,2021-01-26,510,3065,508,2264,2,801,0,0,504,2369,6,349,504,2718,California
Mono,2021-01-27,5,3070,1,2265,4,805,0,0,5,2374,0,349,5,2723,California
Mono,2021-01-28,6,3076,2,2267,4,809,0,0,2,2372,4,353,2,2725,California
Mono,2021-01-30,200,3276,198,2465,2,811,0,0,199,2570,1,354,199,2924,California
Mono,2021-01-31,249,3525,138,2603,111,922,0,0,139,2599,110,464,139,3063,California
Mono,2021-02-01,27,3552,27,2630,0,922,0,0,0,2572,27,491,0,3063,California
Mono,2021-02-02,5,3557,0,2630,5,927,0,0,2,2571,3,494,2,3065,California
Mono,2021-02-03,5,3562,2,2632,3,930,0,0,2,2570,3,497,2,3067,California
Mono,2021-02-04,213,3775,158,2790,55,985,0,0,91,2541,120,617,91,3158,California
Mono,2021-02-05,623,4398,617,3407,6,991,0,0,620,3158,3,620,620,3778,California
Mono,2021-02-06,138,4536,137,3544,1,992,0,0,137,3294,1,621,137,3915,California
Mono,2021-02-07,2,4538,0,3544,2,994,0,0,2,3296,0,621,2,3917,California
Mono,2021-02-08,174,4712,173,3717,1,995,0,0,16,3155,157,778,16,3933,California
Mono,2021-02-09,227,4939,6,3723,221,1216,0,0,14,2956,213,991,14,3947,California
Mono,2021-02-10,536,5475,187,3910,349,1565,0,0,192,2805,344,1335,193,4140,California
Mono,2021-02-11,8,5483,4,3914,4,1569,0,0,2,2801,6,1341,2,4142,California
Mono,2021-02-12,94,5577,22,3936,72,1641,0,0,28,2763,66,1407,28,4170,California
Mono,2021-02-13,591,6168,591,4527,0,1641,0,0,27,2227,563,1970,27,4197,California
Mono,2021-02-15,168,6336,166,4693,2,1643,0,0,3,2067,163,2133,3,4200,California
Mono,2021-02-16,523,6859,519,5212,4,1647,0,0,46,1639,474,2607,46,4246,California
Mono,2021-02-17,6,6865,2,5214,4,1651,0,0,2,1637,4,2611,2,4248,California
Mono,2021-02-18,6,6871,2,5216,4,1655,0,0,2,1635,4,2615,2,4250,California
Mono,2021-02-19,54,6925,53,5269,1,1656,0,0,54,1689,0,2615,54,4304,California
Mono,2021-02-20,5,6930,5,5274,0,1656,0,0,5,1694,0,2615,5,4309,California
Mono,2021-02-21,8,6938,8,5282,0,1656,0,0,6,1698,2,2617,6,4315,California
Mono,2021-02-22,283,7221,282,5564,1,1657,0,0,24,1464,258,2875,24,4339,California
Mono,2021-02-23,142,7363,119,5683,23,1680,0,0,26,1374,116,2991,26,4365,California
Mono,2021-02-24,12,7375,3,5686,9,1689,0,0,4,1370,8,2999,4,4369,California
Mono,2021-02-25,5,7380,2,5688,3,1692,0,0,3,1372,1,3000,3,4372,California
Mono,2021-02-26,604,7984,602,6290,2,1694,0,0,20,809,583,3583,20,4392,California
Mono,2021-02-27,141,8125,137,6427,4,1698,0,0,4,678,135,3718,4,4396,California
Mono,2021-02-28,1,8126,0,6427,0,1698,1,1,0,678,1,3719,1,4397,California
Mono,2021-03-01,2,8128,2,6429,0,1698,0,1,1,679,0,3719,1,4398,California
Mono,2021-03-02,8,8136,4,6433,4,1702,0,1,6,683,2,3721,6,4404,California
Mono,2021-03-03,114,8250,3,6436,111,1813,0,1,110,790,3,3724,110,4514,California
Mono,2021-03-04,6,8256,1,6437,5,1818,0,1,3,790,3,3727,3,4517,California
Mono,2021-03-05,40,8296,30,6467,10,1828,0,1,13,776,27,3754,13,4530,California
Mono,2021-03-06,518,8814,18,6485,500,2328,0,1,509,1279,7,3761,510,5040,California
Mono,2021-03-07,1,8815,0,6485,1,2329,0,1,0,1278,1,3762,0,5040,California
Mono,2021-03-08,548,9363,11,6496,534,2863,3,4,538,1809,10,3772,541,5581,California
Mono,2021-03-09,6,9369,2,6498,3,2866,1,5,3,1811,2,3774,4,5585,California
Mono,2021-03-10,285,9654,90,6588,192,3058,3,8,9,1550,273,4047,12,5597,California
Mono,2021-03-11,10,9664,0,6588,1,3059,9,17,0,1549,10,4057,9,5606,California
Mono,2021-03-12,7,9671,1,6589,1,3060,5,22,0,1547,7,4064,5,5611,California
Mono,2021-03-13,837,10508,396,6985,440,3500,1,23,826,2363,11,4075,827,6438,California
Mono,2021-03-14,6,10514,6,6991,0,3500,0,23,1,2359,5,4080,1,6439,California
Mono,2021-03-15,31,10545,23,7014,3,3503,5,28,14,2362,16,4096,19,6458,California
Mono,2021-03-16,17,10562,6,7020,5,3508,6,34,8,2367,9,4105,14,6472,California
Mono,2021-03-17,32,10594,4,7024,20,3528,8,42,20,2383,12,4117,28,6500,California
Mono,2021-03-18,21,10615,2,7026,11,3539,8,50,9,2388,12,4129,17,6517,California
Mono,2021-03-19,21,10636,1,7027,17,3556,3,53,17,2405,3,4132,20,6537,California
Mono,2021-03-20,5,10641,3,7030,1,3557,1,54,4,2409,1,4133,5,6542,California
Mono,2021-03-22,11,10652,0,7030,6,3563,5,59,5,2413,6,4139,10,6552,California
Mono,2021-03-23,45,10697,6,7036,34,3597,5,64,17,2407,28,4167,22,6574,California
Mono,2021-03-24,14,10711,2,7038,7,3604,5,69,6,2410,8,4175,11,6585,California
Mono,2021-03-25,18,10729,2,7040,12,3616,4,73,12,2420,6,4181,16,6601,California
Mono,2021-03-26,19,10748,3,7043,11,3627,5,78,10,2427,8,4189,15,6616,California
Mono,2021-03-27,361,11109,358,7401,3,3630,0,78,335,2736,26,4215,335,6951,California
Mono,2021-03-29,11,11120,3,7404,7,3637,1,79,9,2744,2,4217,10,6961,California
Mono,2021-03-30,14,11134,0,7404,10,3647,4,83,7,2748,7,4224,11,6972,California
Mono,2021-03-31,136,11270,8,7412,127,3774,1,84,24,2662,111,4335,25,6997,California
Mono,2021-04-01,8,11278,0,7412,8,3782,0,84,4,2662,4,4339,4,7001,California
Mono,2021-04-02,19,11297,2,7414,17,3799,0,84,8,2659,11,4350,8,7009,California
Mono,2021-04-03,885,12182,381,7795,504,4303,0,84,51,1878,832,5182,51,7060,California
Mono,2021-04-04,1,12183,1,7796,0,4303,0,84,0,1877,1,5183,0,7060,California
Mono,2021-04-05,544,12727,19,7815,524,4827,1,85,35,1405,508,5691,36,7096,California
Mono,2021-04-06,19,12746,1,7816,5,4832,13,98,1,1401,18,5709,14,7110,California
Mono,2021-04-07,23,12769,2,7818,2,4834,19,117,2,1401,21,5730,21,7131,California
Mono,2021-04-08,24,12793,4,7822,2,4836,18,135,5,1405,19,5749,23,7154,California
Mono,2021-04-09,38,12831,5,7827,4,4840,29,164,8,1412,30,5779,37,7191,California
Mono,2021-04-10,457,13288,2,7829,448,5288,7,171,31,1024,426,6205,38,7229,California
Mono,2021-04-12,6,13294,0,7829,3,5291,3,174,3,1027,3,6208,6,7235,California
Mono,2021-04-13,20,13314,2,7831,17,5308,1,175,14,1036,6,6214,15,7250,California
Mono,2021-04-14,25,13339,1,7832,24,5332,0,175,7,1025,18,6232,7,7257,California
Mono,2021-04-15,20,13359,5,7837,15,5347,0,175,10,1025,10,6242,10,7267,California
Mono,2021-04-16,18,13377,1,7838,17,5364,0,175,7,1021,11,6253,7,7274,California
Mono,2021-04-17,52,13429,2,7840,50,5414,0,175,45,1059,7,6260,45,7319,California
Mono,2021-04-18,1,13430,0,7840,1,5415,0,175,1,1060,0,6260,1,7320,California
Mono,2021-04-19,543,13973,332,8172,211,5626,0,175,204,933,337,6597,210,7530,California
Mono,2021-04-20,15,13988,2,8174,13,5639,0,175,10,938,5,6602,10,7540,California
Mono,2021-04-21,8,13996,1,8175,7,5646,0,175,2,934,6,6608,2,7542,California
Mono,2021-04-22,25,14021,11,8186,14,5660,0,175,11,931,14,6622,11,7553,California
Mono,2021-04-23,22,14043,2,8188,20,5680,0,175,12,933,10,6632,12,7565,California
Mono,2021-04-24,36,14079,22,8210,14,5694,0,175,21,939,15,6647,21,7586,California
Mono,2021-04-25,5,14084,4,8214,1,5695,0,175,5,944,0,6647,5,7591,California
Mono,2021-04-26,13,14097,2,8216,11,5706,0,175,3,937,10,6657,3,7594,California
Mono,2021-04-27,67,14164,41,8257,19,5725,7,182,51,979,16,6673,58,7652,California
Mono,2021-04-28,64,14228,40,8297,19,5744,5,187,48,1018,14,6687,53,7705,California
Mono,2021-04-29,10,14238,3,8300,4,5748,3,190,3,1017,7,6694,6,7711,California
Mono,2021-04-30,18,14256,3,8303,12,5760,3,193,8,1018,10,6704,11,7722,California
Mono,2021-05-01,109,14365,4,8307,105,5865,0,193,97,1103,12,6716,97,7819,California
Mono,2021-05-02,2,14367,2,8309,0,5865,0,193,1,1103,1,6717,1,7820,California
Mono,2021-05-03,1,14368,0,8309,1,5866,0,193,0,1102,1,6718,0,7820,California
Mono,2021-05-04,18,14386,0,8309,13,5879,5,198,10,1109,8,6726,15,7835,California
Mono,2021-05-05,52,14438,8,8317,40,5919,4,202,45,1151,7,6733,49,7884,California
Mono,2021-05-06,12,14450,2,8319,9,5928,1,203,8,1156,4,6737,9,7893,California
Mono,2021-05-07,29,14479,22,8341,7,5935,0,203,25,1177,4,6741,25,7918,California
Mono,2021-05-08,52,14531,7,8348,45,5980,0,203,22,1169,30,6771,22,7940,California
Mono,2021-05-09,1,14532,1,8349,0,5980,0,203,0,1169,0,6771,0,7940,California
Mono,2021-05-10,17,14549,1,8350,12,5992,4,207,9,1174,8,6779,13,7953,California
Mono,2021-05-11,16,14565,2,8352,11,6003,3,210,5,1171,11,6790,8,7961,California
Mono,2021-05-12,12,14577,0,8352,11,6014,1,211,4,1168,8,6798,5,7966,California
Mono,2021-05-13,47,14624,31,8383,15,6029,1,212,38,1198,9,6807,39,8005,California
Mono,2021-05-14,10,14634,1,8384,8,6037,1,213,5,1199,5,6812,6,8011,California
Mono,2021-05-15,70,14704,28,8412,35,6072,7,220,20,1176,50,6862,27,8038,California
Mono,2021-05-16,5,14709,4,8416,1,6073,0,220,2,1175,3,6865,2,8040,California
Mono,2021-05-17,251,14960,34,8450,210,6283,7,227,54,1041,196,7061,62,8102,California
Mono,2021-05-18,133,15093,109,8559,23,6306,1,228,87,1083,46,7107,88,8190,California
Mono,2021-05-19,118,15211,112,8671,1,6307,5,233,75,1120,43,7150,80,8270,California
Mono,2021-05-20,70,15281,55,8726,10,6317,5,238,53,1161,17,7167,58,8328,California
Mono,2021-05-21,24,15305,4,8730,17,6334,3,241,11,1162,13,7180,14,8342,California
Mono,2021-05-22,21,15326,11,8741,8,6342,2,243,15,1173,6,7186,17,8359,California
Mono,2021-05-23,2,15328,0,8741,2,6344,0,243,1,1173,1,7187,1,8360,California
Mono,2021-05-24,16,15344,2,8743,13,6357,1,244,9,1177,7,7194,11,8371,California
Mono,2021-05-25,14,15358,5,8748,9,6366,0,244,7,1177,7,7201,7,8378,California
Mono,2021-05-26,18,15376,2,8750,15,6381,1,245,7,1174,11,7212,8,8386,California
Mono,2021-05-27,9,15385,0,8750,9,6390,0,245,6,1178,2,7214,6,8392,California
Mono,2021-05-28,41,15426,28,8778,13,6403,0,245,10,1157,31,7245,10,8402,California
Mono,2021-05-29,129,15555,27,8805,99,6502,3,248,31,1093,98,7343,34,8436,California
Mono,2021-06-01,15,15570,7,8812,8,6510,0,248,8,1094,7,7350,8,8444,California
Mono,2021-06-02,47,15617,3,8815,44,6554,0,248,10,1067,37,7387,10,8454,California
Mono,2021-06-03,10,15627,1,8816,7,6561,2,250,1,1061,9,7396,3,8457,California
Mono,2021-06-04,13,15640,2,8818,10,6571,1,251,4,1057,9,7405,5,8462,California
Mono,2021-06-05,43,15683,23,8841,20,6591,0,251,6,1026,37,7442,6,8468,California
Mono,2021-06-06,1,15684,0,8841,1,6592,0,251,0,1025,1,7443,0,8468,California
Mono,2021-06-07,99,15783,87,8928,8,6600,4,255,12,954,87,7530,16,8484,California
Mono,2021-06-08,110,15893,100,9028,8,6608,2,257,11,868,99,7629,13,8497,California
Mono,2021-06-09,8,15901,3,9031,5,6613,0,257,1,862,7,7636,1,8498,California
Mono,2021-06-10,5,15906,0,9031,3,6616,2,259,1,861,4,7640,3,8501,California
Mono,2021-06-11,76,15982,65,9096,6,6622,5,264,9,808,67,7707,14,8515,California
Mono,2021-06-12,1,15983,1,9097,0,6622,0,264,0,807,1,7708,0,8515,California
Mono,2021-06-14,66,16049,31,9128,29,6651,6,270,22,791,44,7752,28,8543,California
Mono,2021-06-15,9,16058,6,9134,3,6654,0,270,5,792,4,7756,5,8548,California
Mono,2021-06-16,8,16066,3,9137,5,6659,0,270,4,792,4,7760,4,8552,California
Monterey,2020-12-16,6,6,6,6,0,0,0,0,6,6,0,0,6,6,California
Monterey,2020-12-17,89,95,89,95,0,0,0,0,89,95,0,0,89,95,California
Monterey,2020-12-18,492,587,492,587,0,0,0,0,492,587,0,0,492,587,California
Monterey,2020-12-19,582,1169,581,1168,1,1,0,0,581,1168,0,0,581,1168,California
Monterey,2020-12-20,422,1591,422,1590,0,1,0,0,422,1590,0,0,422,1590,California
Monterey,2020-12-21,726,2317,726,2316,0,1,0,0,726,2316,0,0,726,2316,California
Monterey,2020-12-22,544,2861,531,2847,13,14,0,0,544,2860,0,0,544,2860,California
Monterey,2020-12-23,445,3306,266,3113,179,193,0,0,445,3305,0,0,445,3305,California
Monterey,2020-12-24,86,3392,10,3123,76,269,0,0,86,3391,0,0,86,3391,California
Monterey,2020-12-25,6,3398,0,3123,6,275,0,0,6,3397,0,0,6,3397,California
Monterey,2020-12-26,92,3490,5,3128,87,362,0,0,92,3489,0,0,92,3489,California
Monterey,2020-12-27,6,3496,3,3131,3,365,0,0,6,3495,0,0,6,3495,California
Monterey,2020-12-28,488,3984,26,3157,462,827,0,0,488,3983,0,0,488,3983,California
Monterey,2020-12-29,911,4895,168,3325,743,1570,0,0,911,4894,0,0,911,4894,California
Monterey,2020-12-30,575,5470,100,3425,475,2045,0,0,575,5469,0,0,575,5469,California
Monterey,2020-12-31,33,5503,11,3436,22,2067,0,0,33,5502,0,0,33,5502,California
Monterey,2021-01-01,13,5516,3,3439,10,2077,0,0,13,5515,0,0,13,5515,California
Monterey,2021-01-02,138,5654,135,3574,3,2080,0,0,138,5653,0,0,138,5653,California
Monterey,2021-01-03,31,5685,30,3604,1,2081,0,0,31,5684,0,0,31,5684,California
Monterey,2021-01-04,416,6101,20,3624,396,2477,0,0,416,6100,0,0,416,6100,California
Monterey,2021-01-05,767,6868,335,3959,432,2909,0,0,753,6839,14,14,753,6853,California
Monterey,2021-01-06,669,7537,180,4139,489,3398,0,0,644,7458,25,39,644,7497,California
Monterey,2021-01-07,759,8296,579,4718,180,3578,0,0,431,7563,326,365,431,7928,California
Monterey,2021-01-08,1109,9405,747,5465,362,3940,0,0,403,7260,706,1071,403,8331,California
Monterey,2021-01-09,971,10376,935,6400,36,3976,0,0,319,6929,650,1721,319,8650,California
Monterey,2021-01-10,274,10650,272,6672,2,3978,0,0,8,6671,266,1987,8,8658,California
Monterey,2021-01-11,1078,11728,992,7664,86,4064,0,0,369,6331,709,2696,369,9027,California
Monterey,2021-01-12,480,12208,397,8061,83,4147,0,0,216,6283,264,2960,216,9243,California
Monterey,2021-01-13,1227,13435,594,8655,633,4780,0,0,1182,7420,45,3005,1182,10425,California
Monterey,2021-01-14,1133,14568,169,8824,964,5744,0,0,1114,8519,19,3024,1118,11543,California
Monterey,2021-01-15,1075,15643,45,8869,1030,6774,0,0,1063,9570,12,3036,1063,12606,California
Monterey,2021-01-16,367,16010,303,9172,64,6838,0,0,362,9927,5,3041,362,12968,California
Monterey,2021-01-17,312,16322,292,9464,20,6858,0,0,300,10215,12,3053,300,13268,California
Monterey,2021-01-18,413,16735,51,9515,362,7220,0,0,390,10582,23,3076,390,13658,California
Monterey,2021-01-19,587,17322,398,9913,189,7409,0,0,425,10847,160,3236,425,14083,California
Monterey,2021-01-20,556,17878,271,10184,285,7694,0,0,344,10979,212,3448,344,14427,California
Monterey,2021-01-21,891,18769,95,10279,796,8490,0,0,778,11648,113,3561,782,15209,California
Monterey,2021-01-22,1077,19846,201,10480,876,9366,0,0,1036,12643,41,3602,1036,16245,California
Monterey,2021-01-23,248,20094,176,10656,72,9438,0,0,123,12644,124,3726,125,16370,California
Monterey,2021-01-24,57,20151,38,10694,19,9457,0,0,23,12633,34,3760,23,16393,California
Monterey,2021-01-25,839,20990,182,10876,657,10114,0,0,200,12201,632,4392,200,16593,California
Monterey,2021-01-26,984,21974,230,11106,754,10868,0,0,275,11767,709,5101,275,16868,California
Monterey,2021-01-27,902,22876,315,11421,587,11455,0,0,414,11693,488,5589,414,17282,California
Monterey,2021-01-28,2067,24943,747,12168,1320,12775,0,0,1718,13065,349,5938,1721,19003,California
Monterey,2021-01-29,1307,26250,719,12887,588,13363,0,0,1188,14137,118,6056,1190,20193,California
Monterey,2021-01-30,486,26736,298,13185,188,13551,0,0,229,14109,257,6313,229,20422,California
Monterey,2021-01-31,509,27245,82,13267,427,13978,0,0,498,14597,11,6324,499,20921,California
Monterey,2021-02-01,1670,28915,1156,14423,514,14492,0,0,1101,15130,568,6892,1101,22022,California
Monterey,2021-02-02,2193,31108,463,14886,1730,16222,0,0,1580,16098,612,7504,1580,23602,California
Monterey,2021-02-03,2374,33482,1074,15960,1300,17522,0,0,1591,16910,779,8283,1591,25193,California
Monterey,2021-02-04,2829,36311,2103,18063,726,18248,0,0,2515,19114,311,8594,2515,27708,California
Monterey,2021-02-05,3724,40035,2868,20931,856,19104,0,0,3281,21957,438,9032,3281,30989,California
Monterey,2021-02-06,1132,41167,381,21312,751,19855,0,0,780,22387,350,9382,780,31769,California
Monterey,2021-02-07,324,41491,269,21581,55,19910,0,0,106,22275,218,9600,106,31875,California
Monterey,2021-02-08,533,42024,293,21874,240,20150,0,0,437,22616,96,9696,437,32312,California
Monterey,2021-02-09,915,42939,704,22578,211,20361,0,0,600,22903,315,10011,602,32914,California
Monterey,2021-02-10,2134,45073,1118,23696,1016,21377,0,0,1275,23321,859,10870,1277,34191,California
Monterey,2021-02-11,2531,47604,976,24672,1555,22932,0,0,1563,23920,966,11836,1565,35756,California
Monterey,2021-02-12,2641,50245,436,25108,2205,25137,0,0,1546,24373,1094,12930,1547,37303,California
Monterey,2021-02-13,1097,51342,47,25155,1050,26187,0,0,1006,25289,90,13020,1006,38309,California
Monterey,2021-02-14,623,51965,74,25229,549,26736,0,0,550,25766,73,13093,550,38859,California
Monterey,2021-02-15,1399,53364,166,25395,1233,27969,0,0,999,26368,398,13491,1000,39859,California
Monterey,2021-02-16,1111,54475,247,25642,864,28833,0,0,882,27021,229,13720,882,40741,California
Monterey,2021-02-17,1999,56474,1186,26828,813,29646,0,0,1675,28377,321,14041,1677,42418,California
Monterey,2021-02-18,2283,58757,1183,28011,1100,30746,0,0,923,27956,1346,15387,925,43343,California
Monterey,2021-02-19,2985,61742,1547,29558,1438,32184,0,0,1373,27719,1611,16998,1374,44717,California
Monterey,2021-02-20,1089,62831,670,30228,419,32603,0,0,1025,28681,63,17061,1025,45742,California
Monterey,2021-02-21,1282,64113,1249,31477,33,32636,0,0,1202,29805,78,17139,1202,46944,California
Monterey,2021-02-22,1053,65166,890,32367,163,32799,0,0,665,30084,386,17525,665,47609,California
Monterey,2021-02-23,1007,66173,630,32997,377,33176,0,0,312,29703,694,18219,313,47922,California
Monterey,2021-02-24,2542,68715,1357,34354,1185,34361,0,0,1872,30912,664,18883,1873,49795,California
Monterey,2021-02-25,4491,73206,2460,36814,2031,36392,0,0,1520,29469,2964,21847,1521,51316,California
Monterey,2021-02-26,5350,78556,3111,39925,2239,38631,0,0,2652,29428,2695,24542,2654,53970,California
Monterey,2021-02-27,1060,79616,196,40121,864,39495,0,0,830,30033,225,24767,830,54800,California
Monterey,2021-02-28,1559,81175,87,40208,1472,40967,0,0,1087,30653,467,25234,1087,55887,California
Monterey,2021-03-01,1325,82500,169,40377,1153,42120,3,3,763,30863,557,25791,767,56654,California
Monterey,2021-03-02,2867,85367,1749,42126,1118,43238,0,3,1987,31974,876,26667,1987,58641,California
Monterey,2021-03-03,3263,88630,1256,43382,2007,45245,0,3,1311,31337,1949,28616,1312,59953,California
Monterey,2021-03-04,4681,93311,1493,44875,3188,48433,0,3,3033,32727,1643,30259,3033,62986,California
Monterey,2021-03-05,3708,97019,1633,46508,1796,50229,279,282,3028,35355,679,30938,3307,66293,California
Monterey,2021-03-06,5200,102219,1150,47658,3741,53970,309,591,4267,38999,930,31868,4574,70867,California
Monterey,2021-03-07,534,102753,106,47764,176,54146,252,843,232,39179,302,32170,482,71349,California
Monterey,2021-03-08,1677,104430,329,48093,960,55106,388,1231,1124,40136,553,32723,1510,72859,California
Monterey,2021-03-09,2025,106455,696,48789,1054,56160,275,1506,1517,41419,507,33230,1790,74649,California
Monterey,2021-03-10,3272,109727,1052,49841,1730,57890,490,1996,1510,41662,1757,34987,2000,76649,California
Monterey,2021-03-11,4218,113945,1421,51262,2420,60310,377,2373,2423,42673,1788,36775,2799,79448,California
Monterey,2021-03-12,4486,118431,2064,53326,2271,62581,151,2524,2765,43870,1717,38492,2914,82362,California
Monterey,2021-03-13,5401,123832,1018,54344,4033,66614,350,2874,4024,46868,1376,39868,4374,86736,California
Monterey,2021-03-14,2196,126028,1359,55703,812,67426,25,2899,591,45889,1595,41463,616,87352,California
Monterey,2021-03-15,4010,130038,1280,56983,2440,69866,290,3189,2292,46756,1714,43177,2581,89933,California
Monterey,2021-03-16,3574,133612,590,57573,2607,72473,377,3566,2140,47837,1432,44609,2513,92446,California
Monterey,2021-03-17,5943,139555,2420,59993,3266,75739,257,3823,4308,50779,1628,46237,4570,97016,California
Monterey,2021-03-18,4550,144105,2220,62213,2160,77899,170,3993,3156,52753,1389,47626,3363,100379,California
Monterey,2021-03-19,5556,149661,2584,64797,2817,80716,155,4148,4243,55844,1308,48934,4399,104778,California
Monterey,2021-03-20,3385,153046,434,65231,2257,82973,694,4842,2288,57733,1093,50027,2982,107760,California
Monterey,2021-03-21,644,153690,213,65444,422,83395,9,4851,567,58234,74,50101,575,108335,California
Monterey,2021-03-22,2517,156207,1458,66902,996,84391,63,4914,2294,60370,219,50320,2355,110690,California
Monterey,2021-03-23,4080,160287,2401,69303,1636,86027,43,4957,2591,61521,1483,51803,2634,113324,California
Monterey,2021-03-24,5222,165509,2198,71501,2706,88733,318,5275,3838,64293,1381,53184,4153,117477,California
Monterey,2021-03-25,5372,170881,1247,72748,3764,92497,361,5636,2698,64689,2664,55848,3060,120537,California
Monterey,2021-03-26,5530,176411,2665,75413,2787,95284,78,5714,2847,64944,2672,58520,2927,123464,California
Monterey,2021-03-27,5000,181411,1547,76960,3195,98479,258,5972,3179,66565,1818,60338,3439,126903,California
Monterey,2021-03-28,1134,182545,354,77314,771,99250,9,5981,638,66722,490,60828,647,127550,California
Monterey,2021-03-29,3265,185810,1438,78752,1813,101063,14,5995,2030,67544,1227,62055,2049,129599,California
Monterey,2021-03-30,4593,190403,2150,80902,2388,103451,55,6050,2804,68628,1778,63833,2862,132461,California
Monterey,2021-03-31,5531,195934,2477,83379,2254,105705,800,6850,3509,70909,2019,65852,4300,136761,California
Monterey,2021-04-01,6269,202203,2101,85480,3755,109460,413,7263,3158,71379,3096,68948,3566,140327,California
Monterey,2021-04-02,4787,206990,2229,87709,2486,111946,72,7335,3207,73086,1577,70525,3284,143611,California
Monterey,2021-04-03,6005,212995,1141,88850,3805,115751,1059,8394,1249,70639,4747,75272,2300,145911,California
Monterey,2021-04-04,786,213781,172,89022,601,116352,13,8407,504,70877,282,75554,520,146431,California
Monterey,2021-04-05,4046,217827,2498,91520,1310,117662,238,8645,1500,70072,2541,78095,1736,148167,California
Monterey,2021-04-06,3511,221338,1375,92895,1657,119319,479,9124,1211,69463,2297,80392,1688,149855,California
Monterey,2021-04-07,5743,227081,1417,94312,3801,123120,525,9649,2729,69710,3003,83395,3250,153105,California
Monterey,2021-04-08,6833,233914,3593,97905,2413,125533,827,10476,3386,70483,3441,86836,4214,157319,California
Monterey,2021-04-09,5835,239749,3478,101383,1710,127243,647,11123,2330,69956,3502,90338,2975,160294,California
Monterey,2021-04-10,10343,250092,5013,106396,3132,130375,2198,13321,5047,71911,5285,95623,7240,167534,California
Monterey,2021-04-11,5579,255671,4389,110785,577,130952,613,13934,4520,75984,1053,96676,5126,172660,California
Monterey,2021-04-12,4203,259874,1905,112690,1967,132919,331,14265,971,74193,3093,99769,1302,173962,California
Monterey,2021-04-13,3275,263149,760,113450,2510,135429,5,14270,1580,74103,1677,101446,1587,175549,California
Monterey,2021-04-14,6996,270145,3261,116711,3732,139161,3,14273,1905,70944,5070,106516,1911,177460,California
Monterey,2021-04-15,6006,276151,3968,120679,2038,141199,0,14273,3919,72811,2058,108574,3925,181385,California
Monterey,2021-04-16,5012,281163,2552,123231,2449,143648,11,14284,2342,72514,2658,111232,2361,183746,California
Monterey,2021-04-17,5823,286986,1381,124612,4442,148090,0,14284,3759,74226,2050,113282,3762,187508,California
Monterey,2021-04-18,859,287845,265,124877,594,148684,0,14284,242,73855,613,113895,242,187750,California
Monterey,2021-04-19,3910,291755,1443,126320,2467,151151,0,14284,1928,73814,1973,115868,1932,189682,California
Monterey,2021-04-20,3925,295680,1631,127951,2294,153445,0,14284,1610,73142,2291,118159,1619,191301,California
Monterey,2021-04-21,6081,301761,3289,131240,2792,156237,0,14284,2944,72988,3100,121259,2946,194247,California
Monterey,2021-04-22,4905,306666,1077,132317,3828,160065,0,14284,2028,72181,2835,124094,2028,196275,California
Monterey,2021-04-23,5695,312361,2657,134974,3037,163102,1,14285,2254,71019,3422,127516,2260,198535,California
Monterey,2021-04-24,4343,316704,598,135572,3745,166847,0,14285,1559,69813,2765,130281,1559,200094,California
Monterey,2021-04-25,1256,317960,625,136197,631,167478,0,14285,802,70171,444,130725,802,200896,California
Monterey,2021-04-26,3776,321736,2226,138423,1533,169011,17,14302,1002,68441,2749,133474,1019,201915,California
Monterey,2021-04-27,2908,324644,951,139374,1817,170828,140,14442,1248,68172,1656,135130,1387,203302,California
Monterey,2021-04-28,3705,328349,1422,140796,2130,172958,153,14595,2292,69213,1399,136529,2440,205742,California
Monterey,2021-04-29,4611,332960,2493,143289,2042,175000,76,14671,1691,68073,2908,139437,1768,207510,California
Monterey,2021-04-30,3235,336195,1674,144963,1486,176486,75,14746,822,66565,2403,141840,895,208405,California
Monterey,2021-05-01,5673,341868,4275,149238,1357,177843,41,14787,693,62338,4959,146799,732,209137,California
Monterey,2021-05-02,4400,346268,3969,153207,404,178247,27,14814,308,58595,4078,150877,335,209472,California
Monterey,2021-05-03,2562,348830,1583,154790,863,179110,116,14930,599,57357,1953,152830,715,210187,California
Monterey,2021-05-04,1843,350673,641,155431,1110,180220,92,15022,653,56927,1176,154006,746,210933,California
Monterey,2021-05-05,3396,354069,1247,156678,2063,182283,86,15108,1077,55783,2308,156314,1164,212097,California
Monterey,2021-05-06,4234,358303,2779,159457,1234,183517,221,15329,1144,54074,3073,159387,1364,213461,California
Monterey,2021-05-07,2048,360351,1022,160479,925,184442,101,15430,704,53542,1336,160723,804,214265,California
Monterey,2021-05-08,2628,362979,1389,161868,916,185358,323,15753,939,53124,1678,162401,1260,215525,California
Monterey,2021-05-09,404,363383,122,161990,256,185614,26,15779,145,53037,258,162659,171,215696,California
Monterey,2021-05-10,2819,366202,2073,164063,696,186310,50,15829,527,51334,2281,164940,578,216274,California
Monterey,2021-05-11,1894,368096,973,165036,841,187151,80,15909,776,51086,1105,166045,857,217131,California
Monterey,2021-05-12,3927,372023,2076,167112,1765,188916,86,15995,872,49004,3041,169086,959,218090,California
Monterey,2021-05-13,2622,374645,1536,168648,1030,189946,56,16051,1506,49460,1104,170190,1560,219650,California
Monterey,2021-05-14,1835,376480,539,169187,1195,191141,101,16152,729,49192,1097,171287,829,220479,California
Monterey,2021-05-15,3401,379881,828,170015,2306,193447,267,16419,964,47995,2424,173711,1227,221706,California
Monterey,2021-05-16,922,380803,564,170579,284,193731,74,16493,233,47618,683,174394,306,222012,California
Monterey,2021-05-17,2217,383020,1311,171890,826,194557,80,16573,1038,47569,1167,175561,1118,223130,California
Monterey,2021-05-18,1793,384813,716,172606,1031,195588,46,16619,833,47499,951,176512,881,224011,California
Monterey,2021-05-19,3682,388495,2386,174992,1206,196794,90,16709,1962,47839,1713,178225,2053,226064,California
Monterey,2021-05-20,2826,391321,1010,176002,1706,198500,110,16819,959,47058,1853,180078,1072,227136,California
Monterey,2021-05-21,3302,394623,1339,177341,1869,200369,94,16913,1039,45940,2250,182328,1132,228268,California
Monterey,2021-05-22,2140,396763,740,178081,1119,201488,281,17194,808,45704,1323,183651,1087,229355,California
Monterey,2021-05-23,843,397606,488,178569,339,201827,16,17210,483,45849,354,184005,499,229854,California
Monterey,2021-05-24,1684,399290,505,179074,1119,202946,60,17270,541,45312,1139,185144,602,230456,California
Monterey,2021-05-25,1460,400750,559,179633,832,203778,69,17339,572,45083,871,186015,642,231098,California
Monterey,2021-05-26,2715,403465,1056,180689,1605,205383,54,17393,1030,44501,1668,187683,1086,232184,California
Monterey,2021-05-27,2506,405971,1368,182057,1080,206463,58,17451,902,43875,1587,189270,961,233145,California
Monterey,2021-05-28,1741,407712,576,182633,1105,207568,60,17511,761,43728,969,190239,822,233967,California
Monterey,2021-05-29,982,408694,631,183264,321,207889,30,17541,412,43605,565,190804,442,234409,California
Monterey,2021-05-30,383,409077,164,183428,204,208093,15,17556,147,43532,235,191039,162,234571,California
Monterey,2021-05-31,185,409262,32,183460,144,208237,9,17565,53,43462,132,191171,62,234633,California
Monterey,2021-06-01,1734,410996,935,184395,665,208902,134,17699,549,42971,1170,192341,679,235312,California
Monterey,2021-06-02,1703,412699,981,185376,671,209573,51,17750,717,42758,981,193322,768,236080,California
Monterey,2021-06-03,2244,414943,1427,186803,781,210354,36,17786,570,41698,1665,194987,605,236685,California
Monterey,2021-06-04,1336,416279,696,187499,606,210960,34,17820,559,41521,770,195757,593,237278,California
Monterey,2021-06-05,2152,418431,854,188353,692,211652,606,18426,471,40924,1667,197424,1070,238348,California
Monterey,2021-06-06,506,418937,419,188772,78,211730,9,18435,305,41037,200,197624,313,238661,California
Monterey,2021-06-07,939,419876,495,189267,401,212131,43,18478,400,40950,528,198152,441,239102,California
Monterey,2021-06-08,1200,421076,756,190023,420,212551,24,18502,427,40638,762,198914,450,239552,California
Monterey,2021-06-09,2917,423993,2196,192219,598,213149,123,18625,654,39155,2259,201173,776,240328,California
Monterey,2021-06-10,1516,425509,944,193163,509,213658,63,18688,531,38769,978,202151,592,240920,California
Monterey,2021-06-11,1394,426903,759,193922,559,214217,76,18764,502,38462,882,203033,575,241495,California
Monterey,2021-06-12,743,427646,504,194426,222,214439,17,18781,343,38426,395,203428,359,241854,California
Monterey,2021-06-13,587,428233,457,194883,120,214559,10,18791,119,38090,465,203893,129,241983,California
Monterey,2021-06-14,1247,429480,868,195751,356,214915,23,18814,299,37470,942,204835,322,242305,California
Monterey,2021-06-15,1124,430604,567,196318,441,215356,116,18930,396,37265,718,205553,513,242818,California
Monterey,2021-06-16,988,431592,796,197114,177,215533,15,18945,169,36634,814,206367,183,243001,California
Napa,2020-12-16,12,12,12,12,0,0,0,0,12,12,0,0,12,12,California
Napa,2020-12-17,47,59,47,59,0,0,0,0,47,59,0,0,47,59,California
Napa,2020-12-18,103,162,103,162,0,0,0,0,103,162,0,0,103,162,California
Napa,2020-12-19,223,385,223,385,0,0,0,0,223,385,0,0,223,385,California
Napa,2020-12-20,192,577,192,577,0,0,0,0,192,577,0,0,192,577,California
Napa,2020-12-21,319,896,319,896,0,0,0,0,320,897,0,0,320,897,California
Napa,2020-12-22,339,1235,330,1226,9,9,0,0,339,1236,0,0,339,1236,California
Napa,2020-12-23,440,1675,328,1554,112,121,0,0,440,1676,0,0,440,1676,California
Napa,2020-12-24,141,1816,79,1633,62,183,0,0,141,1817,0,0,141,1817,California
Napa,2020-12-25,1,1817,1,1634,0,183,0,0,1,1818,0,0,1,1818,California
Napa,2020-12-26,39,1856,11,1645,28,211,0,0,39,1857,0,0,39,1857,California
Napa,2020-12-27,31,1887,16,1661,15,226,0,0,31,1888,0,0,31,1888,California
Napa,2020-12-28,254,2141,187,1848,67,293,0,0,281,2169,0,0,281,2169,California
Napa,2020-12-29,275,2416,219,2067,56,349,0,0,308,2477,0,0,308,2477,California
Napa,2020-12-30,640,3056,490,2557,150,499,0,0,648,3125,0,0,648,3125,California
Napa,2020-12-31,460,3516,373,2930,87,586,0,0,460,3585,0,0,460,3585,California
Napa,2021-01-01,1,3517,1,2931,0,586,0,0,1,3586,0,0,1,3586,California
Napa,2021-01-02,97,3614,92,3023,5,591,0,0,97,3683,0,0,97,3683,California
Napa,2021-01-03,14,3628,12,3035,2,593,0,0,9,3692,0,0,9,3692,California
Napa,2021-01-04,108,3736,64,3099,44,637,0,0,108,3800,0,0,108,3800,California
Napa,2021-01-05,164,3900,87,3186,77,714,0,0,147,3923,24,24,147,3947,California
Napa,2021-01-06,464,4364,115,3301,349,1063,0,0,398,4257,64,88,398,4345,California
Napa,2021-01-07,505,4869,241,3542,264,1327,0,0,398,4549,106,194,398,4743,California
Napa,2021-01-08,444,5313,228,3770,216,1543,0,0,259,4624,184,378,259,5002,California
Napa,2021-01-09,329,5642,303,4073,26,1569,0,0,191,4677,138,516,191,5193,California
Napa,2021-01-10,184,5826,101,4174,83,1652,0,0,107,4707,77,593,107,5300,California
Napa,2021-01-11,887,6713,431,4605,456,2108,0,0,508,4837,379,972,509,5809,California
Napa,2021-01-12,1329,8042,378,4983,951,3059,0,0,1008,5524,321,1293,1008,6817,California
Napa,2021-01-13,1318,9360,268,5251,1050,4109,0,0,1153,6514,164,1457,1154,7971,California
Napa,2021-01-14,1055,10415,170,5421,885,4994,0,0,938,7337,115,1572,938,8909,California
Napa,2021-01-15,1471,11886,390,5811,1081,6075,0,0,1321,8501,158,1730,1322,10231,California
Napa,2021-01-16,359,12245,133,5944,226,6301,0,0,341,8824,18,1748,341,10572,California
Napa,2021-01-17,341,12586,177,6121,164,6465,0,0,331,9145,10,1758,331,10903,California
Napa,2021-01-18,1081,13667,196,6317,885,7350,0,0,990,10044,91,1849,990,11893,California
Napa,2021-01-19,1013,14680,410,6727,603,7953,0,0,768,10568,244,2093,768,12661,California
Napa,2021-01-20,834,15514,190,6917,644,8597,0,0,646,11028,186,2279,646,13307,California
Napa,2021-01-21,1329,16843,365,7282,964,9561,0,0,1073,11847,255,2534,1074,14381,California
Napa,2021-01-22,1548,18391,415,7697,1133,10694,0,0,1219,12739,328,2862,1220,15601,California
Napa,2021-01-23,402,18793,320,8017,82,10776,0,0,338,13013,64,2926,338,15939,California
Napa,2021-01-24,263,19056,186,8203,77,10853,0,0,205,13160,58,2984,205,16144,California
Napa,2021-01-25,1527,20583,229,8432,1298,12151,0,0,1437,14507,90,3074,1437,17581,California
Napa,2021-01-26,876,21459,282,8714,594,12745,0,0,782,15196,94,3168,783,18364,California
Napa,2021-01-27,632,22091,222,8936,410,13155,0,0,469,15502,164,3332,470,18834,California
Napa,2021-01-28,390,22481,176,9112,214,13369,0,0,197,15508,191,3523,197,19031,California
Napa,2021-01-29,262,22743,64,9176,198,13567,0,0,167,15580,95,3618,167,19198,California
Napa,2021-01-30,823,23566,710,9886,113,13680,0,0,654,16065,169,3787,654,19852,California
Napa,2021-01-31,696,24262,664,10550,32,13712,0,0,673,16715,23,3810,673,20525,California
Napa,2021-02-01,325,24587,113,10663,212,13924,0,0,165,16720,160,3970,165,20690,California
Napa,2021-02-02,614,25201,282,10945,332,14256,0,0,301,16711,310,4280,301,20991,California
Napa,2021-02-03,744,25945,309,11254,435,14691,0,0,429,16826,314,4594,429,21420,California
Napa,2021-02-04,788,26733,373,11627,415,15106,0,0,438,16916,348,4942,438,21858,California
Napa,2021-02-05,714,27447,309,11936,405,15511,0,0,340,16882,374,5316,340,22198,California
Napa,2021-02-06,437,27884,144,12080,293,15804,0,0,331,17107,106,5422,331,22529,California
Napa,2021-02-07,176,28060,163,12243,13,15817,0,0,69,17069,107,5529,69,22598,California
Napa,2021-02-08,838,28898,191,12434,647,16464,0,0,275,16783,561,6090,275,22873,California
Napa,2021-02-09,1089,29987,451,12885,638,17102,0,0,441,16577,647,6737,441,23314,California
Napa,2021-02-10,1735,31722,192,13077,1543,18645,0,0,453,15752,1279,8016,454,23768,California
Napa,2021-02-11,1487,33209,184,13261,1303,19948,0,0,400,15078,1074,9090,400,24168,California
Napa,2021-02-12,2156,35365,838,14099,1318,21266,0,0,716,14358,1436,10526,716,24884,California
Napa,2021-02-13,510,35875,55,14154,455,21721,0,0,321,14490,189,10715,321,25205,California
Napa,2021-02-14,332,36207,69,14223,263,21984,0,0,171,14500,161,10876,171,25376,California
Napa,2021-02-15,885,37092,183,14406,702,22686,0,0,229,14075,654,11530,229,25605,California
Napa,2021-02-16,1289,38381,596,15002,693,23379,0,0,616,14020,671,12201,616,26221,California
Napa,2021-02-17,1042,39423,525,15527,517,23896,0,0,474,13929,566,12767,475,26696,California
Napa,2021-02-18,1898,41321,478,16005,1420,25316,0,0,656,13346,1239,14006,656,27352,California
Napa,2021-02-19,1497,42818,590,16595,907,26223,0,0,682,13215,813,14819,682,28034,California
Napa,2021-02-20,868,43686,634,17229,234,26457,0,0,276,12899,592,15411,276,28310,California
Napa,2021-02-21,892,44578,824,18053,68,26525,0,0,193,12393,699,16110,193,28503,California
Napa,2021-02-22,476,45054,196,18249,280,26805,0,0,145,12207,331,16441,145,28648,California
Napa,2021-02-23,1153,46207,309,18558,844,27649,0,0,325,11704,828,17269,325,28973,California
Napa,2021-02-24,1164,47371,637,19195,527,28176,0,0,570,11682,592,17861,570,29543,California
Napa,2021-02-25,2586,49957,1245,20440,1341,29517,0,0,1872,12841,713,18574,1872,31415,California
Napa,2021-02-26,1553,51510,546,20986,1007,30524,0,0,618,12526,933,19507,618,32033,California
Napa,2021-02-27,1169,52679,427,21413,742,31266,0,0,909,13177,258,19765,909,32942,California
Napa,2021-02-28,724,53403,606,22019,118,31384,0,0,608,13671,114,19879,608,33550,California
Napa,2021-03-01,1174,54577,879,22898,295,31679,0,0,898,14294,275,20154,898,34448,California
Napa,2021-03-02,1510,56087,1052,23950,458,32137,0,0,1166,15117,343,20497,1166,35614,California
Napa,2021-03-03,1567,57654,691,24641,876,33013,0,0,1379,16310,186,20683,1379,36993,California
Napa,2021-03-04,1719,59373,792,25433,927,33940,0,0,1480,17554,236,20919,1480,38473,California
Napa,2021-03-05,1912,61285,787,26220,1121,35061,4,4,1494,18636,416,21335,1498,39971,California
Napa,2021-03-06,661,61946,292,26512,338,35399,31,35,549,19106,110,21445,580,40551,California
Napa,2021-03-07,508,62454,300,26812,193,35592,15,50,381,19376,126,21571,396,40947,California
Napa,2021-03-08,718,63172,337,27149,327,35919,54,104,540,19794,176,21747,594,41541,California
Napa,2021-03-09,1693,64865,611,27760,1036,36955,46,150,1252,20654,438,22185,1298,42839,California
Napa,2021-03-10,1502,66367,922,28682,486,37441,94,244,801,20849,697,22882,892,43731,California
Napa,2021-03-11,1888,68255,1066,29748,691,38132,131,375,996,21083,892,23774,1126,44857,California
Napa,2021-03-12,1507,69762,926,30674,491,38623,90,465,808,21284,697,24471,898,45755,California
Napa,2021-03-13,1177,70939,306,30980,847,39470,24,489,834,21801,341,24812,858,46613,California
Napa,2021-03-14,620,71559,336,31316,133,39603,151,640,208,21748,411,25223,358,46971,California
Napa,2021-03-15,964,72523,412,31728,482,40085,70,710,482,21820,480,25703,552,47523,California
Napa,2021-03-16,1853,74376,388,32116,1337,41422,128,838,1379,22856,471,26174,1507,49030,California
Napa,2021-03-17,2499,76875,1839,33955,482,41904,178,1016,1594,23724,904,27078,1772,50802,California
Napa,2021-03-18,2132,79007,939,34894,1180,43084,13,1029,1278,24164,851,27929,1291,52093,California
Napa,2021-03-19,1453,80460,879,35773,548,43632,26,1055,697,24134,753,28682,723,52816,California
Napa,2021-03-20,1010,81470,533,36306,324,43956,153,1208,383,24045,625,29307,536,53352,California
Napa,2021-03-21,712,82182,689,36995,21,43977,2,1210,218,23773,492,29799,220,53572,California
Napa,2021-03-22,1303,83485,1122,38117,169,44146,12,1222,439,23365,859,30658,451,54023,California
Napa,2021-03-23,1880,85365,1190,39307,674,44820,16,1238,992,23489,884,31542,1008,55031,California
Napa,2021-03-24,1701,87066,938,40245,754,45574,9,1247,811,23419,889,32431,819,55850,California
Napa,2021-03-25,1933,88999,1054,41299,825,46399,54,1301,766,23078,1161,33592,820,56670,California
Napa,2021-03-26,1318,90317,843,42142,469,46868,6,1307,591,22953,722,34314,597,57267,California
Napa,2021-03-27,935,91252,440,42582,468,47336,27,1334,298,22641,637,34951,325,57592,California
Napa,2021-03-28,490,91742,383,42965,100,47436,7,1341,180,22520,308,35259,187,57779,California
Napa,2021-03-29,1207,92949,878,43843,324,47760,5,1346,732,22783,474,35733,737,58516,California
Napa,2021-03-30,2805,95754,932,44775,1868,49628,5,1351,1976,23935,829,36562,1981,60497,California
Napa,2021-03-31,1985,97739,968,45743,947,50575,70,1421,808,23637,1174,37736,876,61373,California
Napa,2021-04-01,1755,99494,842,46585,797,51372,116,1537,484,22972,1264,39000,599,61972,California
Napa,2021-04-02,1877,101371,845,47430,891,52263,141,1678,480,22198,1394,40394,620,62592,California
Napa,2021-04-03,640,102011,371,47801,212,52475,57,1735,212,22039,427,40821,268,62860,California
Napa,2021-04-04,356,102367,143,47944,155,52630,58,1793,122,21986,233,41054,180,63040,California
Napa,2021-04-05,1274,103641,757,48701,297,52927,220,2013,568,22070,704,41758,788,63828,California
Napa,2021-04-06,2248,105889,560,49261,1426,54353,262,2275,521,21128,1724,43482,782,64610,California
Napa,2021-04-07,1753,107642,711,49972,821,55174,221,2496,527,20654,1220,44702,746,65356,California
Napa,2021-04-08,1863,109505,1064,51036,424,55598,375,2871,958,21086,900,45602,1332,66688,California
Napa,2021-04-09,1560,111065,935,51971,320,55918,305,3176,681,21195,877,46479,986,67674,California
Napa,2021-04-10,1038,112103,342,52313,594,56512,102,3278,239,20737,798,47277,340,68014,California
Napa,2021-04-11,386,112489,302,52615,62,56574,22,3300,159,20691,227,47504,181,68195,California
Napa,2021-04-12,791,113280,300,52915,366,56940,125,3425,290,20604,498,48002,411,68606,California
Napa,2021-04-13,2587,115867,870,53785,1717,58657,0,3425,947,19921,1635,49637,952,69558,California
Napa,2021-04-14,2125,117992,996,54781,1129,59786,0,3425,1043,19898,1074,50711,1051,70609,California
Napa,2021-04-15,2057,120049,528,55309,1529,61315,0,3425,880,19608,1171,51882,881,71490,California
Napa,2021-04-16,2995,123044,1643,56952,1352,62667,0,3425,2273,21165,719,52601,2276,73766,California
Napa,2021-04-17,1135,124179,274,57226,861,63528,0,3425,832,21695,302,52903,832,74598,California
Napa,2021-04-18,269,124448,177,57403,92,63620,0,3425,118,21662,151,53054,118,74716,California
Napa,2021-04-19,612,125060,340,57743,272,63892,0,3425,265,21581,346,53400,265,74981,California
Napa,2021-04-20,3045,128105,2071,59814,974,64866,0,3425,2096,22731,947,54347,2097,77078,California
Napa,2021-04-21,2934,131039,2171,61985,763,65629,0,3425,1871,23546,1057,55404,1872,78950,California
Napa,2021-04-22,1725,132764,1202,63187,523,66152,0,3425,836,23498,884,56288,836,79786,California
Napa,2021-04-23,1638,134402,1257,64444,379,66531,2,3427,1158,24180,476,56764,1158,80944,California
Napa,2021-04-24,564,134966,318,64762,246,66777,0,3427,284,24187,277,57041,284,81228,California
Napa,2021-04-25,248,135214,190,64952,58,66835,0,3427,129,24198,118,57159,129,81357,California
Napa,2021-04-26,538,135752,283,65235,255,67090,0,3427,274,24213,259,57418,274,81631,California
Napa,2021-04-27,1774,137526,459,65694,1303,68393,12,3439,582,23619,1188,58606,594,82225,California
Napa,2021-04-28,1006,138532,461,66155,528,68921,17,3456,338,23308,666,59272,355,82580,California
Napa,2021-04-29,704,139236,348,66503,337,69258,19,3475,247,23123,450,59722,265,82845,California
Napa,2021-04-30,608,139844,307,66810,237,69495,64,3539,250,23079,357,60079,313,83158,California
Napa,2021-05-01,321,140165,265,67075,45,69540,11,3550,121,23011,200,60279,132,83290,California
Napa,2021-05-02,237,140402,192,67267,39,69579,6,3556,98,22977,138,60417,104,83394,California
Napa,2021-05-03,615,141017,494,67761,87,69666,34,3590,100,22602,510,60927,135,83529,California
Napa,2021-05-04,1133,142150,720,68481,302,69968,111,3701,299,22182,830,61757,410,83939,California
Napa,2021-05-05,1018,143168,688,69169,293,70261,37,3738,253,21710,762,62519,290,84229,California
Napa,2021-05-06,715,143883,318,69487,374,70635,23,3761,367,21761,339,62858,390,84619,California
Napa,2021-05-07,1434,145317,1211,70698,160,70795,63,3824,296,21003,1116,63974,358,84977,California
Napa,2021-05-08,252,145569,161,70859,80,70875,11,3835,87,20937,164,64138,98,85075,California
Napa,2021-05-09,108,145677,77,70936,31,70906,0,3835,51,20931,57,64195,51,85126,California
Napa,2021-05-10,414,146091,142,71078,253,71159,19,3854,103,20743,310,64505,122,85248,California
Napa,2021-05-11,2190,148281,1805,72883,360,71519,25,3879,373,19330,1811,66316,398,85646,California
Napa,2021-05-12,2200,150481,1378,74261,766,72285,56,3935,303,17797,1892,68208,359,86005,California
Napa,2021-05-13,1889,152370,1192,75453,656,72941,41,3976,819,17595,1063,69271,861,86866,California
Napa,2021-05-14,1916,154286,1148,76601,682,73623,86,4062,509,16791,1400,70671,596,87462,California
Napa,2021-05-15,1069,155355,363,76964,694,74317,12,4074,269,16276,797,71468,282,87744,California
Napa,2021-05-16,242,155597,162,77126,78,74395,2,4076,69,16174,173,71641,71,87815,California
Napa,2021-05-17,879,156476,350,77476,499,74894,30,4106,305,15997,512,72153,335,88150,California
Napa,2021-05-18,1051,157527,550,78026,444,75338,57,4163,504,16016,542,72695,561,88711,California
Napa,2021-05-19,936,158463,556,78582,350,75688,30,4193,505,16122,428,73123,534,89245,California
Napa,2021-05-20,644,159107,434,79016,179,75867,31,4224,389,16290,255,73378,423,89668,California
Napa,2021-05-21,506,159613,270,79286,204,76071,32,4256,215,16248,290,73668,248,89916,California
Napa,2021-05-22,450,160063,265,79551,177,76248,8,4264,190,16186,261,73929,199,90115,California
Napa,2021-05-23,390,160453,345,79896,34,76282,11,4275,293,16393,97,74026,304,90419,California
Napa,2021-05-24,359,160812,177,80073,162,76444,20,4295,146,16347,212,74238,166,90585,California
Napa,2021-05-25,420,161232,175,80248,174,76618,71,4366,146,16290,273,74511,216,90801,California
Napa,2021-05-26,546,161778,355,80603,165,76783,26,4392,317,16407,226,74737,343,91144,California
Napa,2021-05-27,375,162153,163,80766,184,76967,28,4420,141,16342,234,74971,169,91313,California
Napa,2021-05-28,393,162546,206,80972,163,77130,24,4444,164,16303,225,75196,186,91499,California
Napa,2021-05-29,129,162675,79,81051,46,77176,4,4448,74,16327,54,75250,78,91577,California
Napa,2021-05-30,97,162772,60,81111,32,77208,5,4453,32,16301,63,75313,37,91614,California
Napa,2021-05-31,43,162815,17,81128,19,77227,7,4460,9,16283,34,75347,16,91630,California
Napa,2021-06-01,596,163411,309,81437,263,77490,24,4484,266,16248,324,75671,289,91919,California
Napa,2021-06-02,411,163822,243,81680,146,77636,22,4506,200,16261,209,75880,222,92141,California
Napa,2021-06-03,733,164555,446,82126,263,77899,24,4530,174,15901,556,76436,196,92337,California
Napa,2021-06-04,779,165334,601,82727,140,78039,38,4568,169,15500,608,77044,207,92544,California
Napa,2021-06-05,312,165646,253,82980,47,78086,12,4580,78,15358,232,77276,90,92634,California
Napa,2021-06-06,139,165785,121,83101,18,78104,0,4580,45,15309,94,77370,45,92679,California
Napa,2021-06-07,394,166179,286,83387,79,78183,29,4609,92,15128,302,77672,121,92800,California
Napa,2021-06-08,598,166777,469,83856,112,78295,17,4626,252,15055,342,78014,269,93069,California
Napa,2021-06-09,555,167332,452,84308,87,78382,16,4642,96,14711,456,78470,112,93181,California
Napa,2021-06-10,495,167827,406,84714,65,78447,24,4666,98,14436,397,78867,122,93303,California
Napa,2021-06-11,411,168238,268,84982,118,78565,25,4691,121,14293,289,79156,146,93449,California
Napa,2021-06-12,207,168445,173,85155,26,78591,8,4699,42,14180,163,79319,50,93499,California
Napa,2021-06-13,287,168732,273,85428,8,78599,6,4705,30,13959,257,79576,36,93535,California
Napa,2021-06-14,413,169145,277,85705,108,78707,28,4733,74,13723,335,79911,99,93634,California
Napa,2021-06-15,369,169514,269,85974,87,78794,13,4746,181,13731,186,80097,194,93828,California
Napa,2021-06-16,151,169665,70,86044,68,78862,13,4759,41,13677,108,80205,54,93882,California
Nevada,2020-12-16,3,3,3,3,0,0,0,0,3,3,0,0,3,3,California
Nevada,2020-12-17,6,9,6,9,0,0,0,0,6,9,0,0,6,9,California
Nevada,2020-12-18,60,69,59,68,1,1,0,0,59,67,1,1,59,68,California
Nevada,2020-12-19,55,124,55,123,0,1,0,0,55,122,0,1,55,123,California
Nevada,2020-12-20,15,139,15,138,0,1,0,0,15,137,0,1,15,138,California
Nevada,2020-12-21,69,208,69,207,0,1,0,0,69,206,0,1,69,207,California
Nevada,2020-12-22,90,298,88,295,2,3,0,0,90,296,0,1,90,297,California
Nevada,2020-12-23,242,540,209,504,33,36,0,0,242,538,0,1,242,539,California
Nevada,2020-12-24,14,554,11,515,3,39,0,0,14,552,0,1,14,553,California
Nevada,2020-12-25,3,557,3,518,0,39,0,0,3,555,0,1,3,556,California
Nevada,2020-12-26,7,564,5,523,2,41,0,0,7,562,0,1,7,563,California
Nevada,2020-12-27,92,656,91,614,1,42,0,0,92,654,0,1,92,655,California
Nevada,2020-12-28,173,829,93,707,80,122,0,0,173,827,0,1,173,828,California
Nevada,2020-12-29,101,930,71,778,30,152,0,0,101,928,0,1,101,929,California
Nevada,2020-12-30,88,1018,66,844,22,174,0,0,88,1016,0,1,88,1017,California
Nevada,2020-12-31,41,1059,8,852,33,207,0,0,41,1057,0,1,41,1058,California
Nevada,2021-01-01,2,1061,0,852,2,209,0,0,2,1059,0,1,2,1060,California
Nevada,2021-01-02,2,1063,1,853,1,210,0,0,2,1061,0,1,2,1062,California
Nevada,2021-01-03,132,1195,127,980,5,215,0,0,132,1193,0,1,132,1194,California
Nevada,2021-01-04,71,1266,43,1023,28,243,0,0,71,1264,0,1,71,1265,California
Nevada,2021-01-05,282,1548,131,1154,151,394,0,0,281,1544,1,2,281,1546,California
Nevada,2021-01-06,93,1641,43,1197,50,444,0,0,85,1621,8,10,85,1631,California
Nevada,2021-01-07,223,1864,46,1243,177,621,0,0,214,1828,8,18,215,1846,California
Nevada,2021-01-08,234,2098,133,1376,101,722,0,0,173,1943,59,77,174,2020,California
Nevada,2021-01-09,63,2161,56,1432,7,729,0,0,14,1908,49,126,14,2034,California
Nevada,2021-01-10,20,2181,10,1442,10,739,0,0,11,1910,9,135,11,2045,California
Nevada,2021-01-11,191,2372,132,1574,59,798,0,0,62,1843,129,264,62,2107,California
Nevada,2021-01-12,600,2972,453,2027,147,945,0,0,534,2311,66,330,534,2641,California
Nevada,2021-01-13,271,3243,153,2180,118,1063,0,0,133,2306,138,468,133,2774,California
Nevada,2021-01-14,245,3488,125,2305,120,1183,0,0,227,2516,17,485,227,3001,California
Nevada,2021-01-15,407,3895,172,2477,235,1418,0,0,306,2722,101,586,307,3308,California
Nevada,2021-01-16,325,4220,17,2494,308,1726,0,0,319,3035,6,592,319,3627,California
Nevada,2021-01-17,43,4263,39,2533,4,1730,0,0,40,3072,3,595,40,3667,California
Nevada,2021-01-18,157,4420,47,2580,110,1840,0,0,144,3203,13,608,144,3811,California
Nevada,2021-01-19,256,4676,95,2675,161,2001,0,0,234,3415,22,630,234,4045,California
Nevada,2021-01-20,279,4955,165,2840,114,2115,0,0,265,3666,14,644,265,4310,California
Nevada,2021-01-21,349,5304,205,3045,144,2259,0,0,335,3987,14,658,335,4645,California
Nevada,2021-01-22,380,5684,235,3280,145,2404,0,0,347,4301,33,691,347,4992,California
Nevada,2021-01-23,185,5869,106,3386,79,2483,0,0,185,4486,0,691,185,5177,California
Nevada,2021-01-24,113,5982,101,3487,12,2495,0,0,73,4519,40,731,73,5250,California
Nevada,2021-01-25,262,6244,129,3616,133,2628,0,0,198,4653,64,795,198,5448,California
Nevada,2021-01-26,421,6665,151,3767,270,2898,0,0,315,4862,106,901,315,5763,California
Nevada,2021-01-27,442,7107,265,4032,177,3075,0,0,416,5252,26,927,416,6179,California
Nevada,2021-01-28,491,7598,331,4363,160,3235,0,0,441,5644,49,976,441,6620,California
Nevada,2021-01-29,619,8217,400,4763,219,3454,0,0,591,6209,27,1003,592,7212,California
Nevada,2021-01-30,251,8468,119,4882,132,3586,0,0,248,6454,3,1006,248,7460,California
Nevada,2021-01-31,111,8579,93,4975,18,3604,0,0,107,6559,3,1009,108,7568,California
Nevada,2021-02-01,292,8871,75,5050,217,3821,0,0,278,6823,14,1023,278,7846,California
Nevada,2021-02-02,539,9410,192,5242,347,4168,0,0,334,6952,205,1228,334,8180,California
Nevada,2021-02-03,821,10231,563,5805,258,4426,0,0,762,7656,58,1286,762,8942,California
Nevada,2021-02-04,771,11002,398,6203,373,4799,0,0,517,7920,253,1539,517,9459,California
Nevada,2021-02-05,685,11687,387,6590,298,5097,0,0,488,8213,195,1734,488,9947,California
Nevada,2021-02-06,281,11968,92,6682,189,5286,0,0,253,8438,28,1762,253,10200,California
Nevada,2021-02-07,294,12262,236,6918,58,5344,0,0,233,8610,61,1823,233,10433,California
Nevada,2021-02-08,686,12948,418,7336,268,5612,0,0,578,9080,108,1931,578,11011,California
Nevada,2021-02-09,636,13584,363,7699,273,5885,0,0,489,9422,147,2078,489,11500,California
Nevada,2021-02-10,669,14253,336,8035,333,6218,0,0,441,9636,228,2306,442,11942,California
Nevada,2021-02-11,917,15170,524,8559,393,6611,0,0,580,9880,336,2642,580,12522,California
Nevada,2021-02-12,985,16155,453,9012,532,7143,0,0,652,10202,330,2972,652,13174,California
Nevada,2021-02-13,654,16809,256,9268,398,7541,0,0,412,10377,238,3210,413,13587,California
Nevada,2021-02-14,247,17056,132,9400,115,7656,0,0,213,10556,34,3244,213,13800,California
Nevada,2021-02-15,733,17789,448,9848,285,7941,0,0,559,10941,174,3418,559,14359,California
Nevada,2021-02-16,659,18448,225,10073,434,8375,0,0,484,11251,174,3592,484,14843,California
Nevada,2021-02-17,1223,19671,796,10869,427,8802,0,0,882,11792,341,3933,882,15725,California
Nevada,2021-02-18,1041,20712,574,11443,467,9269,0,0,617,11988,421,4354,617,16342,California
Nevada,2021-02-19,1040,21752,653,12096,387,9656,0,0,665,12281,373,4727,666,17008,California
Nevada,2021-02-20,318,22070,118,12214,200,9856,0,0,178,12320,139,4866,178,17186,California
Nevada,2021-02-21,107,22177,97,12311,10,9866,0,0,8,12232,96,4962,8,17194,California
Nevada,2021-02-22,508,22685,341,12652,167,10033,0,0,357,12439,150,5112,357,17551,California
Nevada,2021-02-23,508,23193,245,12897,263,10296,0,0,225,12384,280,5392,225,17776,California
Nevada,2021-02-24,489,23682,251,13148,238,10534,0,0,256,12410,232,5624,258,18034,California
Nevada,2021-02-25,893,24575,493,13641,400,10934,0,0,443,12405,448,6072,443,18477,California
Nevada,2021-02-26,1285,25860,895,14536,390,11324,0,0,446,12015,836,6908,446,18923,California
Nevada,2021-02-27,393,26253,123,14659,270,11594,0,0,207,12036,186,7094,207,19130,California
Nevada,2021-02-28,327,26580,198,14857,129,11723,0,0,141,11992,185,7279,141,19271,California
Nevada,2021-03-01,865,27445,452,15309,413,12136,0,0,383,11896,479,7758,383,19654,California
Nevada,2021-03-02,768,28213,309,15618,459,12595,0,0,521,12175,242,8000,521,20175,California
Nevada,2021-03-03,1015,29228,519,16137,495,13090,1,1,528,12220,485,8485,530,20705,California
Nevada,2021-03-04,1146,30374,634,16771,512,13602,0,1,485,12048,657,9142,485,21190,California
Nevada,2021-03-05,883,31257,500,17271,373,13975,10,11,396,11969,485,9627,406,21596,California
Nevada,2021-03-06,379,31636,132,17403,220,14195,27,38,150,11916,229,9856,176,21772,California
Nevada,2021-03-07,220,31856,115,17518,85,14280,20,58,72,11860,148,10004,92,21864,California
Nevada,2021-03-08,849,32705,569,18087,232,14512,48,106,380,11821,468,10472,429,22293,California
Nevada,2021-03-09,821,33526,421,18508,345,14857,55,161,465,11987,353,10825,519,22812,California
Nevada,2021-03-10,1035,34561,666,19174,311,15168,58,219,347,11709,682,11507,404,23216,California
Nevada,2021-03-11,1137,35698,737,19911,373,15541,27,246,550,11707,579,12086,577,23793,California
Nevada,2021-03-12,1235,36933,736,20647,468,16009,31,277,511,11528,720,12806,541,24334,California
Nevada,2021-03-13,303,37236,58,20705,239,16248,6,283,117,11465,184,12990,121,24455,California
Nevada,2021-03-14,164,37400,26,20731,132,16380,6,289,36,11379,128,13118,42,24497,California
Nevada,2021-03-15,873,38273,470,21201,391,16771,12,301,366,11254,503,13621,378,24875,California
Nevada,2021-03-16,1004,39277,468,21669,474,17245,62,363,642,11597,360,13981,703,25578,California
Nevada,2021-03-17,1030,40307,455,22124,565,17810,10,373,583,11746,444,14425,593,26171,California
Nevada,2021-03-18,1003,41310,547,22671,434,18244,22,395,489,11747,510,14935,511,26682,California
Nevada,2021-03-19,768,42078,451,23122,280,18524,37,432,369,11758,395,15330,406,27088,California
Nevada,2021-03-20,836,42914,95,23217,305,18829,436,868,230,11821,599,15929,662,27750,California
Nevada,2021-03-21,65,42979,36,23253,28,18857,1,869,46,11850,18,15947,47,27797,California
Nevada,2021-03-22,818,43797,526,23779,287,19144,5,874,541,12122,274,16221,546,28343,California
Nevada,2021-03-23,865,44662,397,24176,442,19586,26,900,623,12532,239,16460,649,28992,California
Nevada,2021-03-24,1036,45698,556,24732,473,20059,7,907,648,12806,380,16840,654,29646,California
Nevada,2021-03-25,931,46629,477,25209,426,20485,28,935,504,12912,425,17265,531,30177,California
Nevada,2021-03-26,1189,47818,463,25672,686,21171,40,975,838,13440,349,17614,877,31054,California
Nevada,2021-03-27,586,48404,71,25743,499,21670,16,991,389,13648,197,17811,405,31459,California
Nevada,2021-03-28,195,48599,51,25794,131,21801,13,1004,39,13547,153,17964,52,31511,California
Nevada,2021-03-29,851,49450,508,26302,321,22122,22,1026,381,13482,467,18431,402,31913,California
Nevada,2021-03-30,1076,50526,486,26788,556,22678,34,1060,492,13432,576,19007,526,32439,California
Nevada,2021-03-31,1197,51723,666,27454,514,23192,17,1077,680,13620,508,19515,696,33135,California
Nevada,2021-04-01,1259,52982,727,28181,480,23672,52,1129,559,13539,691,20206,610,33745,California
Nevada,2021-04-02,1320,54302,667,28848,619,24291,34,1163,791,13839,525,20731,825,34570,California
Nevada,2021-04-03,305,54607,94,28942,174,24465,37,1200,90,13752,214,20945,127,34697,California
Nevada,2021-04-04,136,54743,45,28987,84,24549,7,1207,80,13783,56,21001,87,34784,California
Nevada,2021-04-05,953,55696,631,29618,301,24850,21,1228,629,14113,319,21320,649,35433,California
Nevada,2021-04-06,1095,56791,674,30292,275,25125,146,1374,452,14074,636,21956,597,36030,California
Nevada,2021-04-07,1170,57961,832,31124,251,25376,87,1461,628,14253,535,22491,714,36744,California
Nevada,2021-04-08,1310,59271,905,32029,314,25690,91,1552,716,14471,589,23080,807,37551,California
Nevada,2021-04-09,1282,60553,871,32900,337,26027,74,1626,852,14969,428,23508,926,38477,California
Nevada,2021-04-10,284,60837,81,32981,126,26153,77,1703,114,14991,169,23677,191,38668,California
Nevada,2021-04-11,103,60940,36,33017,63,26216,4,1707,38,14968,65,23742,42,38710,California
Nevada,2021-04-12,770,61710,556,33573,197,26413,17,1724,330,14880,435,24177,347,39057,California
Nevada,2021-04-13,901,62611,368,33941,533,26946,0,1724,470,14924,427,24604,471,39528,California
Nevada,2021-04-14,1074,63685,590,34531,484,27430,0,1724,541,14939,526,25130,541,40069,California
Nevada,2021-04-15,1097,64782,716,35247,381,27811,0,1724,627,15108,458,25588,627,40696,California
Nevada,2021-04-16,924,65706,713,35960,211,28022,0,1724,534,15254,388,25976,534,41230,California
Nevada,2021-04-17,192,65898,50,36010,142,28164,0,1724,78,15220,112,26088,78,41308,California
Nevada,2021-04-18,193,66091,22,36032,171,28335,0,1724,106,15239,87,26175,106,41414,California
Nevada,2021-04-19,779,66870,499,36531,280,28615,0,1724,319,15108,450,26625,319,41733,California
Nevada,2021-04-20,796,67666,316,36847,480,29095,0,1724,306,14931,483,27108,306,42039,California
Nevada,2021-04-21,917,68583,505,37352,412,29507,0,1724,283,14589,625,27733,283,42322,California
Nevada,2021-04-22,1007,69590,623,37975,384,29891,0,1724,342,14278,653,28386,342,42664,California
Nevada,2021-04-23,1231,70821,556,38531,675,30566,0,1724,398,13855,821,29207,398,43062,California
Nevada,2021-04-24,524,71345,77,38608,447,31013,0,1724,170,13673,352,29559,170,43232,California
Nevada,2021-04-25,123,71468,62,38670,56,31069,5,1729,57,13669,65,29624,61,43293,California
Nevada,2021-04-26,760,72228,576,39246,175,31244,9,1738,219,13366,531,30155,228,43521,California
Nevada,2021-04-27,838,73066,395,39641,438,31682,5,1743,421,13383,409,30564,426,43947,California
Nevada,2021-04-28,1003,74069,588,40229,410,32092,5,1748,387,13164,611,31175,392,44339,California
Nevada,2021-04-29,1032,75101,719,40948,309,32401,4,1752,294,12726,736,31911,298,44637,California
Nevada,2021-04-30,1259,76360,744,41692,506,32907,9,1761,210,11898,1047,32958,219,44856,California
Nevada,2021-05-01,151,76511,64,41756,83,32990,4,1765,66,11885,83,33041,70,44926,California
Nevada,2021-05-02,63,76574,31,41787,28,33018,4,1769,22,11870,41,33082,26,44952,California
Nevada,2021-05-03,620,77194,416,42203,185,33203,19,1788,184,11640,432,33514,202,45154,California
Nevada,2021-05-04,594,77788,176,42379,399,33602,19,1807,332,11733,258,33772,351,45505,California
Nevada,2021-05-05,747,78535,390,42769,343,33945,14,1821,323,11655,415,34187,337,45842,California
Nevada,2021-05-06,812,79347,566,43335,235,34180,11,1832,204,11271,599,34786,215,46057,California
Nevada,2021-05-07,889,80236,494,43829,359,34539,36,1868,195,10813,689,35475,231,46288,California
Nevada,2021-05-08,172,80408,18,43847,135,34674,19,1887,79,10819,92,35567,98,46386,California
Nevada,2021-05-09,43,80451,7,43854,34,34708,2,1889,19,10816,24,35591,21,46407,California
Nevada,2021-05-10,405,80856,259,44113,121,34829,25,1914,78,10593,326,35917,103,46510,California
Nevada,2021-05-11,513,81369,158,44271,339,35168,16,1930,130,10364,375,36292,146,46656,California
Nevada,2021-05-12,534,81903,240,44511,283,35451,11,1941,151,10151,375,36667,162,46818,California
Nevada,2021-05-13,842,82745,554,45065,278,35729,10,1951,429,10185,405,37072,439,47257,California
Nevada,2021-05-14,778,83523,580,45645,181,35910,17,1968,425,10277,350,37422,442,47699,California
Nevada,2021-05-15,180,83703,89,45734,84,35994,7,1975,87,10279,92,37514,94,47793,California
Nevada,2021-05-16,158,83861,51,45785,107,36101,0,1975,52,10225,106,37620,52,47845,California
Nevada,2021-05-17,502,84363,319,46104,152,36253,31,2006,216,10199,273,37893,247,48092,California
Nevada,2021-05-18,421,84784,255,46359,161,36414,5,2011,221,10226,198,38091,225,48317,California
Nevada,2021-05-19,495,85279,353,46712,137,36551,5,2016,254,10253,232,38323,259,48576,California
Nevada,2021-05-20,613,85892,358,47070,243,36794,12,2028,213,10083,395,38718,225,48801,California
Nevada,2021-05-21,513,86405,332,47402,170,36964,11,2039,224,10033,285,39003,235,49036,California
Nevada,2021-05-22,247,86652,38,47440,120,37084,89,2128,56,9987,191,39194,145,49181,California
Nevada,2021-05-23,51,86703,18,47458,33,37117,0,2128,17,9971,33,39227,17,49198,California
Nevada,2021-05-24,314,87017,219,47677,80,37197,15,2143,105,9885,206,39433,120,49318,California
Nevada,2021-05-25,346,87363,82,47759,251,37448,13,2156,86,9729,255,39688,99,49417,California
Nevada,2021-05-26,445,87808,194,47953,242,37690,9,2165,128,9556,310,39998,137,49554,California
Nevada,2021-05-27,437,88245,232,48185,184,37874,21,2186,184,9512,249,40247,205,49759,California
Nevada,2021-05-28,345,88590,218,48403,113,37987,14,2200,199,9582,143,40390,213,49972,California
Nevada,2021-05-29,65,88655,13,48416,52,38039,0,2200,41,9599,24,40414,41,50013,California
Nevada,2021-05-30,41,88696,19,48435,20,38059,2,2202,27,9614,14,40428,29,50042,California
Nevada,2021-05-31,6,88702,4,48439,0,38059,2,2204,2,9614,4,40432,4,50046,California
Nevada,2021-06-01,417,89119,128,48567,270,38329,19,2223,101,9427,307,40739,120,50166,California
Nevada,2021-06-02,399,89518,163,48730,229,38558,7,2230,103,9248,289,41028,110,50276,California
Nevada,2021-06-03,559,90077,399,49129,155,38713,5,2235,99,8897,455,41483,104,50380,California
Nevada,2021-06-04,537,90614,432,49561,101,38814,4,2239,109,8586,424,41907,113,50493,California
Nevada,2021-06-05,168,90782,66,49627,100,38914,2,2241,62,8546,104,42011,64,50557,California
Nevada,2021-06-06,54,90836,40,49667,14,38928,0,2241,13,8518,41,42052,13,50570,California
Nevada,2021-06-07,267,91103,194,49861,43,38971,30,2271,60,8406,202,42254,90,50660,California
Nevada,2021-06-08,284,91387,188,50049,84,39055,12,2283,65,8273,210,42464,77,50737,California
Nevada,2021-06-09,326,91713,219,50268,100,39155,7,2290,83,8125,238,42702,90,50827,California
Nevada,2021-06-10,275,91988,177,50445,88,39243,10,2300,73,8012,195,42897,82,50909,California
Nevada,2021-06-11,320,92308,226,50671,76,39319,18,2318,73,7859,243,43140,90,50999,California
Nevada,2021-06-12,87,92395,48,50719,34,39353,5,2323,23,7823,64,43204,28,51027,California
Nevada,2021-06-13,34,92429,18,50737,15,39368,1,2324,6,7802,28,43232,7,51034,California
Nevada,2021-06-14,184,92613,131,50868,43,39411,10,2334,50,7735,127,43359,60,51094,California
Nevada,2021-06-15,151,92764,85,50953,59,39470,7,2341,65,7724,83,43442,72,51166,California
Nevada,2021-06-16,136,92900,72,51025,59,39529,5,2346,29,7657,101,43543,34,51200,California
Orange,2020-12-15,16,16,16,16,0,0,0,0,16,16,0,0,16,16,California
Orange,2020-12-16,389,405,389,405,0,0,0,0,389,405,0,0,389,405,California
Orange,2020-12-17,3753,4158,3753,4158,0,0,0,0,3752,4157,0,0,3752,4157,California
Orange,2020-12-18,5087,9245,5079,9237,8,8,0,0,5085,9241,1,1,5085,9242,California
Orange,2020-12-19,2226,11471,2219,11456,7,15,0,0,2225,11466,0,1,2225,11467,California
Orange,2020-12-20,1985,13456,1982,13438,3,18,0,0,1986,13452,0,1,1986,13453,California
Orange,2020-12-21,4271,17727,4265,17703,6,24,0,0,4271,17723,0,1,4271,17724,California
Orange,2020-12-22,3979,21706,3945,21648,34,58,0,0,3979,21702,0,1,3979,21703,California
Orange,2020-12-23,3587,25293,3222,24870,365,423,0,0,3588,25290,0,1,3588,25291,California
Orange,2020-12-24,1379,26672,1077,25947,302,725,0,0,1379,26669,0,1,1379,26670,California
Orange,2020-12-25,19,26691,14,25961,5,730,0,0,19,26688,0,1,19,26689,California
Orange,2020-12-26,995,27686,420,26381,575,1305,0,0,995,27683,0,1,995,27684,California
Orange,2020-12-27,584,28270,276,26657,308,1613,0,0,584,28267,0,1,584,28268,California
Orange,2020-12-28,3619,31889,2636,29293,983,2596,0,0,3619,31886,0,1,3619,31887,California
Orange,2020-12-29,3513,35402,2497,31790,1016,3612,0,0,3512,35397,1,2,3512,35399,California
Orange,2020-12-30,5118,40520,3543,35333,1575,5187,0,0,5118,40515,0,2,5118,40517,California
Orange,2020-12-31,1512,42032,810,36143,702,5889,0,0,1509,42021,3,5,1509,42026,California
Orange,2021-01-01,667,42699,366,36509,301,6190,0,0,665,42684,2,7,665,42691,California
Orange,2021-01-02,1358,44057,843,37352,515,6705,0,0,1357,44041,0,7,1357,44048,California
Orange,2021-01-03,584,44641,323,37675,261,6966,0,0,584,44625,0,7,584,44632,California
Orange,2021-01-04,2759,47400,1568,39243,1191,8157,0,0,2760,47384,1,8,2760,47392,California
Orange,2021-01-05,3545,50945,2307,41550,1238,9395,0,0,3132,50110,409,417,3135,50527,California
Orange,2021-01-06,5007,55952,3459,45009,1548,10943,0,0,3643,52401,1352,1769,3643,54170,California
Orange,2021-01-07,9300,65252,5184,50193,4116,15059,0,0,5711,54544,3575,5344,5718,59888,California
Orange,2021-01-08,9427,74679,5258,55451,4169,19228,0,0,5665,56463,3750,9094,5669,65557,California
Orange,2021-01-09,5029,79708,1749,57200,3280,22508,0,0,3746,58926,1283,10377,3746,69303,California
Orange,2021-01-10,4252,83960,1044,58244,3208,25716,0,0,3372,61423,879,11256,3376,72679,California
Orange,2021-01-11,9476,93436,4914,63158,4562,30278,0,0,5851,63648,3628,14884,5853,78532,California
Orange,2021-01-12,8948,102384,4834,67992,4114,34392,0,0,5473,65649,3473,18357,5474,84006,California
Orange,2021-01-13,10270,112654,4922,72914,5348,39740,0,0,7062,69513,3205,21562,7069,91075,California
Orange,2021-01-14,10029,122683,3800,76714,6229,45969,0,0,8431,76354,1596,23158,8437,99512,California
Orange,2021-01-15,10224,132907,2648,79362,7576,53545,0,0,9338,84804,893,24051,9343,108855,California
Orange,2021-01-16,8726,141633,2088,81450,6638,60183,0,0,8328,92742,396,24447,8334,117189,California
Orange,2021-01-17,8178,149811,1488,82938,6690,66873,0,0,8025,100624,153,24600,8035,125224,California
Orange,2021-01-18,9710,159521,4409,87347,5301,72174,0,0,7448,105813,2262,26862,7451,132675,California
Orange,2021-01-19,7544,167065,5469,92816,2075,74249,0,0,4908,108087,2635,29497,4909,137584,California
Orange,2021-01-20,8413,175478,5926,98742,2487,76736,0,0,5351,110388,3059,32556,5360,142944,California
Orange,2021-01-21,11061,186539,4931,103673,6130,82866,0,0,10227,119796,831,33387,10239,153183,California
Orange,2021-01-22,13746,200285,5176,108849,8570,91436,0,0,12877,131820,861,34248,12885,166068,California
Orange,2021-01-23,13159,213444,6194,115043,6965,98401,0,0,12223,143118,934,35182,12232,178300,California
Orange,2021-01-24,9827,223271,4289,119332,5538,103939,0,0,9493,152284,331,35513,9497,187797,California
Orange,2021-01-25,10444,233715,5854,125186,4590,108529,0,0,7701,157256,2735,38248,7707,195504,California
Orange,2021-01-26,11920,245635,7703,132889,4217,112746,0,0,9737,164820,2178,40426,9742,205246,California
Orange,2021-01-27,13495,259130,7996,140885,5499,118245,0,0,10762,172868,2721,43147,10769,216015,California
Orange,2021-01-28,13128,272258,7243,148128,5885,124130,0,0,11223,182212,1889,45036,11233,227248,California
Orange,2021-01-29,13716,285974,8511,156639,5205,129335,0,0,10797,190113,2901,47937,10802,238050,California
Orange,2021-01-30,13081,299055,4511,161150,8570,137905,0,0,12290,201632,774,48711,12293,250343,California
Orange,2021-01-31,13704,312759,4919,166069,8785,146690,0,0,13252,214446,446,49157,13260,263603,California
Orange,2021-02-01,14908,327667,6538,172607,8370,155060,0,0,12421,224413,2460,51617,12427,276030,California
Orange,2021-02-02,15055,342722,7975,180582,7080,162140,0,0,12578,234552,2443,54060,12582,288612,California
Orange,2021-02-03,16621,359343,12427,193009,4194,166334,0,0,13664,245345,2877,56937,13670,302282,California
Orange,2021-02-04,19976,379319,13081,206090,6895,173229,0,0,14864,255137,5080,62017,14872,317154,California
Orange,2021-02-05,20799,400118,12035,218125,8764,181993,0,0,14469,263328,6283,68300,14474,331628,California
Orange,2021-02-06,16411,416529,10852,228977,5559,187552,0,0,11128,269407,5268,73568,11347,342975,California
Orange,2021-02-07,11573,428102,8137,237114,3436,190988,0,0,7584,273188,3972,77540,7753,350728,California
Orange,2021-02-08,15091,443193,8694,245808,6397,197385,0,0,9040,276206,6023,83563,9041,359769,California
Orange,2021-02-09,17813,461006,12127,257935,5686,203071,0,0,10758,279989,6981,90544,10764,370533,California
Orange,2021-02-10,20942,481948,11202,269137,9740,212811,0,0,12725,284599,8124,98668,12734,383267,California
Orange,2021-02-11,22259,504207,11601,280738,10658,223469,0,0,12462,287417,9661,108329,12479,395746,California
Orange,2021-02-12,24923,529130,12014,292752,12909,236378,0,0,14652,291871,10204,118533,14658,410404,California
Orange,2021-02-13,22021,551151,11911,304663,10110,246488,0,0,11149,292947,10714,129247,11790,422194,California
Orange,2021-02-14,16193,567344,6543,311206,9650,256138,0,0,9549,295881,6616,135863,9550,431744,California
Orange,2021-02-15,17296,584640,7412,318618,9884,266022,0,0,8920,296481,8331,144194,8931,440675,California
Orange,2021-02-16,20015,604655,9008,327626,11007,277029,0,0,10778,298101,9183,153377,10803,451478,California
Orange,2021-02-17,17990,622645,9392,337018,8598,285627,0,0,9223,298645,8710,162087,9254,460732,California
Orange,2021-02-18,15091,637736,9909,346927,5182,290809,0,0,6840,297300,8195,170282,6850,467582,California
Orange,2021-02-19,18235,655971,10916,357843,7319,298128,0,0,6932,292998,11246,181528,6944,474526,California
Orange,2021-02-20,7548,663519,5635,363478,1913,300041,0,0,3790,293066,3733,185261,3801,478327,California
Orange,2021-02-21,4594,668113,3903,367381,691,300732,0,0,931,290377,3620,188881,931,479258,California
Orange,2021-02-22,9743,677856,7949,375330,1794,302526,0,0,3929,288543,5779,194660,3945,483203,California
Orange,2021-02-23,13397,691253,7344,382674,6053,308579,0,0,3517,282261,9811,204471,3529,486732,California
Orange,2021-02-24,21207,712460,12870,395544,8337,316916,0,0,5386,271912,15753,220224,5404,492136,California
Orange,2021-02-25,22788,735248,12339,407883,10449,327365,0,0,8000,265216,14712,234936,8016,500152,California
Orange,2021-02-26,27965,763213,14177,422060,13788,341153,0,0,11283,259979,16544,251480,11307,511459,California
Orange,2021-02-27,25175,788388,10240,432300,14932,356085,3,3,7320,249582,17735,269215,7338,518797,California
Orange,2021-02-28,19171,807559,7439,439739,11732,367817,0,3,4835,240228,14206,283421,4852,523649,California
Orange,2021-03-01,18765,826324,8562,448301,10188,378005,15,18,7281,236163,11376,294797,7311,530960,California
Orange,2021-03-02,19396,845720,9365,457666,10028,388033,3,21,9480,235818,9858,304655,9513,540473,California
Orange,2021-03-03,21055,866775,10016,467682,11034,399067,5,26,11346,237563,9626,314281,11371,551844,California
Orange,2021-03-04,22690,889465,13064,480746,9612,408679,14,40,11740,238434,10908,325189,11779,563623,California
Orange,2021-03-05,21160,910625,11046,491792,10066,418745,48,88,12980,243390,8132,333321,13088,576711,California
Orange,2021-03-06,24225,934850,13338,505130,10011,428756,876,964,12801,245717,11376,344697,13703,590414,California
Orange,2021-03-07,15312,950162,8592,513722,6307,435063,413,1377,8958,248794,6313,351010,9390,599804,California
Orange,2021-03-08,16840,967002,7777,521499,7748,442811,1315,2692,10803,254966,5972,356982,12144,611948,California
Orange,2021-03-09,21148,988150,9763,531262,8903,451714,2482,5174,12500,261338,8605,365587,14977,626925,California
Orange,2021-03-10,24871,1013021,12206,543468,9194,460908,3471,8645,12555,265105,12248,377835,16015,642940,California
Orange,2021-03-11,29126,1042147,15750,559218,9138,470046,4238,12883,13486,267285,15537,393372,17717,660657,California
Orange,2021-03-12,29486,1071633,14342,573560,11263,481309,3881,16764,14799,271390,14595,407967,18700,679357,California
Orange,2021-03-13,27930,1099563,10267,583827,13702,495011,3961,20725,14119,275723,13747,421714,18080,697437,California
Orange,2021-03-14,18959,1118522,8236,592063,8172,503183,2551,23276,11845,283020,7081,428795,14378,711815,California
Orange,2021-03-15,23142,1141664,10183,602246,12194,515377,765,24041,14421,289567,8630,437425,15177,726992,California
Orange,2021-03-16,26474,1168138,11181,613427,15062,530439,231,24272,17170,297754,9219,446644,17406,744398,California
Orange,2021-03-17,27470,1195608,13652,627079,13228,543667,590,24862,19530,310009,7860,454504,20115,764513,California
Orange,2021-03-18,27837,1223445,13979,641058,13581,557248,277,25139,21653,325829,6114,460618,21934,786447,California
Orange,2021-03-19,33655,1257100,18458,659516,14743,571991,454,25593,24946,342652,8590,469208,25413,811860,California
Orange,2021-03-20,25868,1282968,13620,673136,12039,584030,209,25802,22038,361143,3762,472970,22253,834113,California
Orange,2021-03-21,18565,1301533,10722,683858,7104,591134,739,26541,15758,374866,2772,475742,16495,850608,California
Orange,2021-03-22,22790,1324323,11811,695669,10660,601794,319,26860,19184,390874,3504,479246,19512,870120,California
Orange,2021-03-23,26060,1350383,13544,709213,11872,613666,644,27504,20678,406901,5298,484544,21325,891445,California
Orange,2021-03-24,29256,1379639,16363,725576,11965,625631,928,28432,22041,422751,7120,491664,22970,914415,California
Orange,2021-03-25,32520,1412159,17264,742840,14544,640175,712,29144,24239,439525,8177,499841,24951,939366,California
Orange,2021-03-26,34963,1447122,18153,760993,15939,656114,871,30015,24876,455308,9968,509809,25751,965117,California
Orange,2021-03-27,28538,1475660,13666,774659,14555,670669,317,30332,19791,466766,8651,518460,20109,985226,California
Orange,2021-03-28,24920,1500580,12949,787608,11903,682572,68,30400,18614,479227,6225,524685,18686,1003912,California
Orange,2021-03-29,26571,1527151,12160,799768,13844,696416,567,30967,17793,488915,8675,533360,18363,1022275,California
Orange,2021-03-30,30915,1558066,13972,813740,16311,712727,632,31599,20417,499561,10402,543762,21048,1043323,California
Orange,2021-03-31,37190,1595256,19527,833267,16948,729675,715,32314,23665,510542,13402,557164,24383,1067706,California
Orange,2021-04-01,40659,1635915,21358,854625,17420,747095,1881,34195,26216,524362,14263,571427,28083,1095789,California
Orange,2021-04-02,40192,1676107,20283,874908,18089,765184,1820,36015,22680,531465,17401,588828,24504,1120293,California
Orange,2021-04-03,30239,1706346,15740,890648,12755,777939,1744,37759,14274,531599,15874,604702,16008,1136301,California
Orange,2021-04-04,18484,1724830,10734,901382,6983,784922,767,38526,8159,530256,10265,614967,8922,1145223,California
Orange,2021-04-05,30083,1754913,14054,915436,12625,797547,3404,41930,13818,531287,16176,631143,17207,1162430,California
Orange,2021-04-06,33467,1788380,15652,931088,14381,811928,3434,45364,14360,530049,19010,650153,17772,1180202,California
Orange,2021-04-07,36234,1824614,20180,951268,11466,823394,4588,49952,15987,530437,20153,670306,20541,1200743,California
Orange,2021-04-08,39263,1863877,21742,973010,12046,835440,5475,55427,19044,534821,20100,690406,24484,1225227,California
Orange,2021-04-09,41113,1904990,23918,996928,11957,847397,5238,60665,18176,535379,22827,713233,23385,1248612,California
Orange,2021-04-10,34653,1939643,18325,1015253,12083,859480,4245,64910,14369,533779,20186,733419,18586,1267198,California
Orange,2021-04-11,25776,1965419,14593,1029846,7907,867387,3276,68186,9880,531075,15839,749258,13135,1280333,California
Orange,2021-04-12,30679,1996098,15522,1045368,11557,878944,3600,71786,12070,528192,18529,767787,15646,1295979,California
Orange,2021-04-13,32703,2028801,18430,1063798,14204,893148,69,71855,15228,526135,17399,785186,15342,1311321,California
Orange,2021-04-14,34892,2063693,20469,1084267,14387,907535,36,71891,15182,521769,19602,804788,15236,1326557,California
Orange,2021-04-15,40673,2104366,24773,1109040,15886,923421,14,71905,18937,519147,21619,826407,18997,1345554,California
Orange,2021-04-16,41657,2146023,24482,1133522,17147,940568,28,71933,18807,515408,22733,849140,18994,1364548,California
Orange,2021-04-17,30457,2176480,17219,1150741,13231,953799,7,71940,13332,511854,16994,866134,13440,1377988,California
Orange,2021-04-18,21544,2198024,13032,1163773,8512,962311,0,71940,8518,507440,12968,879102,8554,1386542,California
Orange,2021-04-19,32505,2230529,17961,1181734,14540,976851,4,71944,14948,504949,17457,896559,14966,1401508,California
Orange,2021-04-20,35287,2265816,18331,1200065,16950,993801,6,71950,17652,505100,17549,914108,17700,1419208,California
Orange,2021-04-21,40715,2306531,23462,1223527,17244,1011045,9,71959,19307,503127,21292,935400,19319,1438527,California
Orange,2021-04-22,39254,2345785,20726,1244253,18518,1029563,10,71969,16303,496628,22816,958216,16317,1454844,California
Orange,2021-04-23,40206,2385991,20815,1265068,19384,1048947,7,71976,17944,492441,22142,980358,17955,1472799,California
Orange,2021-04-24,31988,2417979,16723,1281791,15233,1064180,32,72008,13407,487388,18494,998852,13441,1486240,California
Orange,2021-04-25,22966,2440945,12970,1294761,9981,1074161,15,72023,9818,484143,13083,1011935,9838,1496078,California
Orange,2021-04-26,28719,2469664,14037,1308798,14486,1088647,196,72219,12456,480647,16148,1028083,12652,1508730,California
Orange,2021-04-27,31189,2500853,14634,1323432,15925,1104572,630,72849,11801,473865,19218,1047301,12436,1521166,California
Orange,2021-04-28,30878,2531731,15464,1338896,14535,1119107,879,73728,12394,468783,18350,1065651,13268,1534434,California
Orange,2021-04-29,31914,2563645,17426,1356322,13528,1132635,960,74688,11345,460619,20460,1086111,12296,1546730,California
Orange,2021-04-30,29837,2593482,17028,1373350,11867,1144502,942,75630,12695,457215,17033,1103144,13629,1560359,California
Orange,2021-05-01,22860,2616342,15683,1389033,6193,1150695,984,76614,8743,452932,14001,1117145,9718,1570077,California
Orange,2021-05-02,15383,2631725,10236,1399269,4501,1155196,646,77260,5359,448975,9957,1127102,6000,1576077,California
Orange,2021-05-03,20600,2652325,12572,1411841,7269,1162465,759,78019,6472,442166,14038,1141140,7229,1583306,California
Orange,2021-05-04,23605,2675930,13477,1425318,9220,1171685,908,78927,8160,435885,15333,1156473,9052,1592358,California
Orange,2021-05-05,24725,2700655,13806,1439124,10024,1181709,895,79822,7991,428167,16602,1173075,8884,1601242,California
Orange,2021-05-06,26403,2727058,15976,1455100,9426,1191135,1001,80823,7274,417440,18994,1192069,8267,1609509,California
Orange,2021-05-07,28837,2755895,17326,1472426,10466,1201601,1045,81868,8063,405984,20560,1212629,9104,1618613,California
Orange,2021-05-08,18506,2774401,12254,1484680,5463,1207064,789,82657,5413,399207,12970,1225599,6193,1624806,California
Orange,2021-05-09,10957,2785358,8332,1493012,2254,1209318,371,83028,2874,394416,8036,1233635,3245,1628051,California
Orange,2021-05-10,19073,2804431,11639,1504651,6659,1215977,775,83803,4278,384768,14701,1248336,5053,1633104,California
Orange,2021-05-11,21938,2826369,12138,1516789,9077,1225054,723,84526,5298,374244,16539,1264875,6015,1639119,California
Orange,2021-05-12,23749,2850118,14712,1531501,8205,1233259,832,85358,6816,365085,16805,1281680,7646,1646765,California
Orange,2021-05-13,21674,2871792,13422,1544923,7673,1240932,579,85937,8140,360376,13430,1295110,8721,1655486,California
Orange,2021-05-14,25906,2897698,16993,1561916,8111,1249043,802,86739,10424,356216,15379,1310489,11219,1666705,California
Orange,2021-05-15,19907,2917605,14358,1576274,4999,1254042,550,87289,8037,352990,11805,1322294,8579,1675284,California
Orange,2021-05-16,15162,2932767,12468,1588742,2355,1256397,339,87628,6456,351131,8653,1330947,6794,1682078,California
Orange,2021-05-17,19307,2952074,12643,1601385,5968,1262365,696,88324,6877,346326,12364,1343311,7559,1689637,California
Orange,2021-05-18,20461,2972535,11907,1613292,7888,1270253,666,88990,8054,342719,12317,1355628,8710,1698347,California
Orange,2021-05-19,22431,2994966,12823,1626115,8940,1279193,668,89658,7905,336874,14408,1370036,8563,1706910,California
Orange,2021-05-20,22291,3017257,13054,1639169,8573,1287766,664,90322,7817,330987,14366,1384402,8479,1715389,California
Orange,2021-05-21,25323,3042580,14438,1653607,10167,1297933,718,91040,8404,323294,16814,1401216,9121,1724510,California
Orange,2021-05-22,18158,3060738,12067,1665674,5552,1303485,539,91579,6884,319532,11184,1412400,7422,1731932,California
Orange,2021-05-23,9748,3070486,6688,1672362,2787,1306272,273,91852,3442,316985,6263,1418663,3716,1735648,California
Orange,2021-05-24,15320,3085806,8995,1681357,5709,1311981,616,92468,5672,313712,9556,1428219,6283,1741931,California
Orange,2021-05-25,15574,3101380,9168,1690525,5885,1317866,521,92989,5616,309996,9848,1438067,6132,1748063,California
Orange,2021-05-26,15188,3116568,8515,1699040,6178,1324044,495,93484,5690,306763,9413,1447480,6180,1754243,California
Orange,2021-05-27,14352,3130920,8622,1707662,5174,1329218,556,94040,6382,305784,7901,1455381,6922,1761165,California
Orange,2021-05-28,16731,3147651,9867,1717529,6237,1335455,627,94667,7396,304554,9244,1464625,8014,1769179,California
Orange,2021-05-29,8935,3156586,5229,1722758,3350,1338805,356,95023,4123,304271,4756,1469381,4473,1773652,California
Orange,2021-05-30,5976,3162562,3884,1726642,1818,1340623,274,95297,2161,302923,3780,1473161,2432,1776084,California
Orange,2021-05-31,1705,3164267,1050,1727692,608,1341231,47,95344,556,302393,1132,1474293,602,1776686,California
Orange,2021-06-01,13327,3177594,7720,1735412,5121,1346352,486,95830,5135,299917,8092,1482385,5616,1782302,California
Orange,2021-06-02,12953,3190547,8024,1743436,4511,1350863,418,96248,4527,296576,8280,1490665,4939,1787241,California
Orange,2021-06-03,12794,3203341,8823,1752259,3520,1354383,451,96699,4484,293256,8247,1498912,4927,1792168,California
Orange,2021-06-04,16819,3220160,11870,1764129,4375,1358758,574,97273,5278,287645,11462,1510374,5851,1798019,California
Orange,2021-06-05,12820,3232980,9661,1773790,2783,1361541,376,97649,3967,283186,8800,1519174,4341,1802360,California
Orange,2021-06-06,5295,3238275,4509,1778299,596,1362137,190,97839,1934,281970,3340,1522514,2124,1804484,California
Orange,2021-06-07,10722,3248997,7578,1785877,2684,1364821,460,98299,3452,278673,7199,1529713,3902,1808386,California
Orange,2021-06-08,12099,3261096,8710,1794587,2881,1367702,508,98807,3795,274760,8217,1537930,4304,1812690,California
Orange,2021-06-09,11598,3272694,8042,1802629,3113,1370815,443,99250,3274,270226,8246,1546176,3712,1816402,California
Orange,2021-06-10,11395,3284089,8350,1810979,2591,1373406,454,99704,3369,266072,7974,1554150,3820,1820222,California
Orange,2021-06-11,13052,3297141,9165,1820144,3394,1376800,493,100197,4272,262137,8695,1562845,4760,1824982,California
Orange,2021-06-12,9601,3306742,7331,1827475,1958,1378758,312,100509,2946,258787,6608,1569453,3258,1828240,California
Orange,2021-06-13,3990,3310732,2897,1830372,932,1379690,161,100670,1028,257049,2926,1572379,1188,1829428,California
Orange,2021-06-14,8361,3319093,5873,1836245,2064,1381754,424,101094,2683,254523,5631,1578010,3105,1832533,California
Orange,2021-06-15,9867,3328960,7087,1843332,2377,1384131,403,101497,3404,251934,6392,1584402,3803,1836336,California
Orange,2021-06-16,3504,3332464,2371,1845703,908,1385039,225,101722,1058,250803,2421,1586823,1290,1837626,California
Placer,2020-12-15,29,29,29,29,0,0,0,0,29,29,0,0,29,29,California
Placer,2020-12-16,54,83,54,83,0,0,0,0,54,83,0,0,54,83,California
Placer,2020-12-17,149,232,149,232,0,0,0,0,149,232,0,0,149,232,California
Placer,2020-12-18,427,659,426,658,1,1,0,0,426,657,1,1,426,658,California
Placer,2020-12-19,253,912,253,911,0,1,0,0,253,910,0,1,253,911,California
Placer,2020-12-20,229,1141,229,1140,0,1,0,0,229,1139,0,1,229,1140,California
Placer,2020-12-21,505,1646,503,1643,2,3,0,0,505,1644,0,1,505,1645,California
Placer,2020-12-22,679,2325,672,2315,7,10,0,0,679,2323,0,1,679,2324,California
Placer,2020-12-23,750,3075,662,2977,88,98,0,0,750,3073,0,1,750,3074,California
Placer,2020-12-24,409,3484,358,3335,51,149,0,0,409,3482,0,1,409,3483,California
Placer,2020-12-26,163,3647,118,3453,45,194,0,0,163,3645,0,1,163,3646,California
Placer,2020-12-27,182,3829,161,3614,21,215,0,0,182,3827,0,1,182,3828,California
Placer,2020-12-28,672,4501,548,4162,124,339,0,0,672,4499,0,1,672,4500,California
Placer,2020-12-29,769,5270,521,4683,248,587,0,0,769,5268,0,1,769,5269,California
Placer,2020-12-30,736,6006,461,5144,275,862,0,0,735,6003,0,1,735,6004,California
Placer,2020-12-31,546,6552,360,5504,186,1048,0,0,546,6549,0,1,546,6550,California
Placer,2021-01-01,16,6568,12,5516,4,1052,0,0,16,6565,0,1,16,6566,California
Placer,2021-01-02,190,6758,158,5674,32,1084,0,0,190,6755,0,1,190,6756,California
Placer,2021-01-03,154,6912,77,5751,77,1161,0,0,154,6909,0,1,154,6910,California
Placer,2021-01-04,627,7539,185,5936,442,1603,0,0,627,7536,0,1,627,7537,California
Placer,2021-01-05,723,8262,158,6094,565,2168,0,0,636,8086,86,87,636,8173,California
Placer,2021-01-06,761,9023,244,6338,517,2685,0,0,612,8549,149,236,612,8785,California
Placer,2021-01-07,983,10006,368,6706,615,3300,0,0,756,9078,227,463,756,9541,California
Placer,2021-01-08,1180,11186,528,7234,652,3952,0,0,787,9477,388,851,787,10328,California
Placer,2021-01-09,455,11641,323,7557,132,4084,0,0,237,9497,217,1068,237,10565,California
Placer,2021-01-10,335,11976,185,7742,150,4234,0,0,168,9498,167,1235,168,10733,California
Placer,2021-01-11,1434,13410,812,8554,622,4856,0,0,841,9747,593,1828,842,11575,California
Placer,2021-01-12,1663,15073,876,9430,787,5643,0,0,1059,10206,601,2429,1060,12635,California
Placer,2021-01-13,1640,16713,823,10253,817,6460,0,0,1215,11002,423,2852,1219,13854,California
Placer,2021-01-14,1811,18524,689,10942,1122,7582,0,0,1430,12058,378,3230,1434,15288,California
Placer,2021-01-15,1946,20470,731,11673,1215,8797,0,0,1588,13291,357,3587,1590,16878,California
Placer,2021-01-16,1450,21920,717,12390,733,9530,0,0,1328,14498,122,3709,1329,18207,California
Placer,2021-01-17,576,22496,397,12787,179,9709,0,0,437,14796,139,3848,437,18644,California
Placer,2021-01-18,992,23488,554,13341,438,10147,0,0,750,15305,242,4090,751,19395,California
Placer,2021-01-19,2644,26132,1977,15318,667,10814,0,0,2186,17034,458,4548,2187,21582,California
Placer,2021-01-20,2305,28437,1728,17046,577,11391,0,0,1965,18660,340,4888,1966,23548,California
Placer,2021-01-21,2596,31033,1144,18190,1452,12843,0,0,2197,20464,397,5285,2201,25749,California
Placer,2021-01-22,2364,33397,651,18841,1713,14556,0,0,2188,22479,174,5459,2189,27938,California
Placer,2021-01-23,1187,34584,385,19226,802,15358,0,0,1028,23348,159,5618,1028,28966,California
Placer,2021-01-24,503,35087,258,19484,245,15603,0,0,430,23706,73,5691,431,29397,California
Placer,2021-01-25,1692,36779,819,20303,873,16476,0,0,1395,24805,297,5988,1396,30793,California
Placer,2021-01-26,1871,38650,1035,21338,836,17312,0,0,1603,26140,268,6256,1603,32396,California
Placer,2021-01-27,1840,40490,1153,22491,687,17999,0,0,1590,27483,248,6504,1591,33987,California
Placer,2021-01-28,1807,42297,1121,23612,686,18685,0,0,1561,28801,243,6747,1561,35548,California
Placer,2021-01-29,1905,44202,1169,24781,736,19421,0,0,1710,30319,194,6941,1712,37260,California
Placer,2021-01-30,1725,45927,970,25751,755,20176,0,0,1604,31803,120,7061,1604,38864,California
Placer,2021-01-31,784,46711,623,26374,161,20337,0,0,712,32444,72,7133,713,39577,California
Placer,2021-02-01,2082,48793,1091,27465,991,21328,0,0,1763,33889,318,7451,1763,41340,California
Placer,2021-02-02,2387,51180,1541,29006,846,22174,0,0,1891,35287,493,7944,1891,43231,California
Placer,2021-02-03,2924,54104,1889,30895,1035,23209,0,0,2298,36963,622,8566,2298,45529,California
Placer,2021-02-04,2735,56839,1183,32078,1552,24761,0,0,1907,38047,824,9390,1908,47437,California
Placer,2021-02-05,2708,59547,1211,33289,1497,26258,0,0,1372,38088,1331,10721,1372,48809,California
Placer,2021-02-06,1951,61498,1317,34606,634,26892,0,0,1401,38939,550,11271,1401,50210,California
Placer,2021-02-07,1188,62686,873,35479,315,27207,0,0,899,39550,288,11559,899,51109,California
Placer,2021-02-08,3295,65981,1766,37245,1529,28736,0,0,1930,40123,1358,12917,1931,53040,California
Placer,2021-02-09,3542,69523,2175,39420,1367,30103,0,0,1614,39812,1925,14842,1614,54654,California
Placer,2021-02-10,3762,73285,2207,41627,1555,31658,0,0,1745,39545,2014,16856,1747,56401,California
Placer,2021-02-11,3699,76984,1913,43540,1786,33444,0,0,1557,38974,2129,18985,1558,57959,California
Placer,2021-02-12,2846,79830,1327,44867,1519,34963,0,0,1664,39494,1145,20130,1665,59624,California
Placer,2021-02-13,2502,82332,1458,46325,1044,36007,0,0,1875,40742,627,20757,1875,61499,California
Placer,2021-02-14,1090,83422,678,47003,412,36419,0,0,736,41126,352,21109,736,62235,California
Placer,2021-02-15,2240,85662,1034,48037,1206,37625,0,0,1521,41932,717,21826,1523,63758,California
Placer,2021-02-16,3563,89225,1775,49812,1788,39413,0,0,1571,41521,1983,23809,1572,65330,California
Placer,2021-02-17,3535,92760,1954,51766,1581,40994,0,0,1496,40983,2035,25844,1497,66827,California
Placer,2021-02-18,3806,96566,2055,53821,1751,42745,0,0,1611,40410,2185,28029,1612,68439,California
Placer,2021-02-19,3625,100191,1932,55753,1693,44438,0,0,1352,39494,2269,30298,1353,69792,California
Placer,2021-02-20,2028,102219,1270,57023,758,45196,0,0,921,39318,1100,31398,924,70716,California
Placer,2021-02-21,997,103216,735,57758,262,45458,0,0,290,38905,704,32102,291,71007,California
Placer,2021-02-22,2553,105769,1793,59551,760,46218,0,0,614,37580,1939,34041,614,71621,California
Placer,2021-02-23,2579,108348,1605,61156,974,47192,0,0,893,36788,1685,35726,893,72514,California
Placer,2021-02-24,3330,111678,1185,62341,2145,49337,0,0,1830,37129,1491,37217,1832,74346,California
Placer,2021-02-25,3732,115410,1540,63881,2192,51529,0,0,2053,37513,1671,38888,2055,76401,California
Placer,2021-02-26,4259,119669,2461,66342,1798,53327,0,0,2462,38182,1793,40681,2462,78863,California
Placer,2021-02-27,2880,122549,1518,67860,1362,54689,0,0,1479,38269,1395,42076,1482,80345,California
Placer,2021-02-28,1544,124093,845,68705,699,55388,0,0,723,38176,816,42892,723,81068,California
Placer,2021-03-01,3192,127285,2126,70831,1066,56454,0,0,1624,38240,1560,44452,1624,82692,California
Placer,2021-03-02,2873,130158,1766,72597,1107,57561,0,0,1887,39146,981,45433,1887,84579,California
Placer,2021-03-03,3362,133520,1464,74061,1898,59459,0,0,1845,39482,1510,46943,1846,86425,California
Placer,2021-03-04,3603,137123,1449,75510,2154,61613,0,0,1879,39649,1713,48656,1880,88305,California
Placer,2021-03-05,2979,140102,1025,76535,1933,63546,21,21,1797,40288,1179,49835,1818,90123,California
Placer,2021-03-06,2426,142528,1503,78038,826,64372,97,118,929,39827,1487,51322,1026,91149,California
Placer,2021-03-07,1317,143845,764,78802,515,64887,38,156,543,39637,771,52093,581,91730,California
Placer,2021-03-08,2890,146735,1817,80619,961,65848,112,268,1645,40151,1243,53336,1757,93487,California
Placer,2021-03-09,3168,149903,1690,82309,1393,67241,85,353,1834,40738,1332,54668,1919,95406,California
Placer,2021-03-10,3294,153197,1327,83636,1862,69103,105,458,1730,41015,1558,56226,1835,97241,California
Placer,2021-03-11,3636,156833,1653,85289,1856,70959,127,585,1751,41020,1875,58101,1880,99121,California
Placer,2021-03-12,3699,160532,1500,86789,1418,72377,781,1366,1252,40614,2440,60541,2034,101155,California
Placer,2021-03-13,2131,162663,746,87535,1262,73639,123,1489,1111,40832,1017,61558,1235,102390,California
Placer,2021-03-14,1657,164320,681,88216,826,74465,150,1639,901,41127,756,62314,1051,103441,California
Placer,2021-03-15,3227,167547,1555,89771,1540,76005,132,1771,1781,41599,1442,63756,1914,105355,California
Placer,2021-03-16,3595,171142,1933,91704,1528,77533,134,1905,2279,42707,1304,65060,2412,107767,California
Placer,2021-03-17,3487,174629,1763,93467,1620,79153,104,2009,2244,43816,1240,66300,2349,110116,California
Placer,2021-03-18,4102,178731,2335,95802,1728,80881,39,2048,2863,45485,1232,67532,2901,113017,California
Placer,2021-03-19,3458,182189,2073,97875,1120,82001,265,2313,2151,46600,1299,68831,2414,115431,California
Placer,2021-03-20,2161,184350,913,98788,1158,83159,90,2403,1325,47183,831,69662,1414,116845,California
Placer,2021-03-21,1267,185617,582,99370,675,83834,10,2413,879,47687,385,70047,889,117734,California
Placer,2021-03-22,3303,188920,2120,101490,1091,84925,92,2505,2143,48766,1156,71203,2235,119969,California
Placer,2021-03-23,3549,192469,2107,103597,1353,86278,89,2594,2529,50370,1015,72218,2619,122588,California
Placer,2021-03-24,3810,196279,1999,105596,1712,87990,99,2693,1924,50528,1865,74083,2023,124611,California
Placer,2021-03-25,3851,200130,1856,107452,1898,89888,97,2790,1725,50234,2115,76198,1821,126432,California
Placer,2021-03-26,3762,203892,1664,109116,1868,91756,230,3020,1506,49729,2241,78439,1736,128168,California
Placer,2021-03-27,1580,205472,466,109582,1094,92850,20,3040,604,49383,969,79408,623,128791,California
Placer,2021-03-28,1099,206571,530,110112,560,93410,9,3049,307,48912,787,80195,316,129107,California
Placer,2021-03-29,3567,210138,2003,112115,1529,94939,35,3084,1733,48858,1825,82020,1771,130878,California
Placer,2021-03-30,3983,214121,2102,114217,1837,96776,44,3128,2083,49098,1886,83906,2126,133004,California
Placer,2021-03-31,4110,218231,1837,116054,2197,98973,76,3204,1680,48430,2423,86329,1755,134759,California
Placer,2021-04-01,2984,221215,1442,117496,1494,100467,48,3252,1660,48820,1318,87647,1708,136467,California
Placer,2021-04-02,2840,224055,1471,118967,1304,101771,65,3317,1582,49215,1251,88898,1646,138113,California
Placer,2021-04-03,1845,225900,989,119956,727,102498,129,3446,889,49283,948,89846,1016,139129,California
Placer,2021-04-04,707,226607,358,120314,295,102793,54,3500,281,49195,423,90269,335,139464,California
Placer,2021-04-05,3022,229629,1911,122225,928,103721,183,3683,1752,49865,1264,91533,1934,141398,California
Placer,2021-04-06,4287,233916,2486,124711,1502,105223,299,3982,1511,48906,2768,94301,1809,143207,California
Placer,2021-04-07,4562,238478,2606,127317,1498,106721,458,4440,2070,48945,2485,96786,2524,145731,California
Placer,2021-04-08,4731,243209,2620,129937,1571,108292,540,4980,1583,47929,3137,99923,2121,147852,California
Placer,2021-04-09,4131,247340,2272,132209,1239,109531,620,5600,1242,46912,2881,102804,1864,149716,California
Placer,2021-04-10,2045,249385,894,133103,969,110500,182,5782,869,46789,1173,103977,1050,150766,California
Placer,2021-04-11,1372,250757,533,133636,807,111307,32,5814,459,46370,909,104886,490,151256,California
Placer,2021-04-12,4113,254870,2654,136290,1074,112381,385,6199,2470,47589,1635,106521,2854,154110,California
Placer,2021-04-13,4377,259247,3014,139304,1362,113743,1,6200,2219,47656,2154,108675,2221,156331,California
Placer,2021-04-14,4178,263425,2582,141886,1595,115338,1,6201,1869,47227,2299,110974,1870,158201,California
Placer,2021-04-15,4516,267941,2524,144410,1991,117329,1,6202,2363,47448,2143,113117,2364,160565,California
Placer,2021-04-16,3674,271615,2183,146593,1491,118820,0,6202,1429,46638,2239,115356,1429,161994,California
Placer,2021-04-17,2433,274048,842,147435,1591,120411,0,6202,1517,47244,911,116267,1517,163511,California
Placer,2021-04-18,1189,275237,257,147692,932,121343,0,6202,409,46875,778,117045,409,163920,California
Placer,2021-04-19,2940,278177,1805,149497,1135,122478,0,6202,1154,46248,1782,118827,1155,165075,California
Placer,2021-04-20,3821,281998,2469,151966,1352,123830,0,6202,2422,47282,1390,120217,2424,167499,California
Placer,2021-04-21,3671,285669,2404,154370,1266,125096,1,6203,2391,48397,1277,121494,2392,169891,California
Placer,2021-04-22,3661,289330,2275,156645,1386,126482,0,6203,1741,48221,1917,123411,1741,171632,California
Placer,2021-04-23,3509,292839,2320,158965,1188,127670,1,6204,1370,47460,2132,125543,1371,173003,California
Placer,2021-04-24,2086,294925,1265,160230,820,128490,1,6205,1216,47814,862,126405,1216,174219,California
Placer,2021-04-25,907,295832,501,160731,406,128896,0,6205,560,48027,347,126752,560,174779,California
Placer,2021-04-26,2481,298313,1330,162061,1128,130024,23,6228,1213,48003,1259,128011,1235,176014,California
Placer,2021-04-27,2729,301042,1421,163482,1259,131283,49,6277,1549,48425,1176,129187,1598,177612,California
Placer,2021-04-28,3000,304042,1884,165366,1079,132362,37,6314,1599,48671,1391,130578,1637,179249,California
Placer,2021-04-29,3368,307410,2181,167547,1133,133495,54,6368,1405,48173,1957,132535,1459,180708,California
Placer,2021-04-30,2972,310382,1795,169342,1128,134623,49,6417,1186,47628,1780,134315,1235,181943,California
Placer,2021-05-01,1326,311708,930,170272,370,134993,26,6443,603,47539,717,135032,628,182571,California
Placer,2021-05-02,734,312442,575,170847,137,135130,22,6465,334,47497,398,135430,356,182927,California
Placer,2021-05-03,1604,314046,985,171832,552,135682,67,6532,435,46832,1166,136596,501,183428,California
Placer,2021-05-04,2307,316353,1300,173132,843,136525,164,6696,864,46423,1437,138033,1028,184456,California
Placer,2021-05-05,3675,320028,2485,175617,1086,137611,104,6800,965,44789,2703,140736,1069,185525,California
Placer,2021-05-06,3090,323118,1892,177509,1121,138732,77,6877,809,43420,2255,142991,886,186411,California
Placer,2021-05-07,2810,325928,1896,179405,823,139555,91,6968,796,42303,2004,144995,887,187298,California
Placer,2021-05-08,1328,327256,712,180117,575,140130,41,7009,396,41807,931,145926,435,187733,California
Placer,2021-05-09,434,327690,203,180320,211,140341,20,7029,213,41818,221,146147,232,187965,California
Placer,2021-05-10,1915,329605,1021,181341,798,141139,96,7125,429,40862,1481,147628,525,188490,California
Placer,2021-05-11,2903,332508,2076,183417,711,141850,116,7241,616,39317,2277,149905,732,189222,California
Placer,2021-05-12,2886,335394,1994,185411,835,142685,57,7298,731,37958,2148,152053,789,190011,California
Placer,2021-05-13,2861,338255,1855,187266,958,143643,48,7346,1035,37216,1824,153877,1082,191093,California
Placer,2021-05-14,2819,341074,1862,189128,823,144466,134,7480,1393,37327,1411,155288,1522,192615,California
Placer,2021-05-15,2084,343158,1346,190474,713,145179,25,7505,921,37117,1156,156444,946,193561,California
Placer,2021-05-16,1010,344168,529,191003,462,145641,19,7524,345,36818,663,157107,364,193925,California
Placer,2021-05-17,2364,346532,1574,192577,715,146356,75,7599,1030,36593,1330,158437,1105,195030,California
Placer,2021-05-18,2486,349018,1673,194250,734,147090,79,7678,1127,36444,1355,159792,1206,196236,California
Placer,2021-05-19,2532,351550,1594,195844,892,147982,46,7724,886,35735,1641,161433,932,197168,California
Placer,2021-05-20,2523,354073,1634,197478,841,148823,48,7772,887,35040,1628,163061,933,198101,California
Placer,2021-05-21,2442,356515,1524,199002,772,149595,146,7918,1083,34916,1351,164412,1227,199328,California
Placer,2021-05-22,1595,358110,1050,200052,502,150097,43,7961,753,34875,837,165249,796,200124,California
Placer,2021-05-23,579,358689,329,200381,235,150332,15,7976,264,34841,314,165563,280,200404,California
Placer,2021-05-24,1479,360168,741,201122,603,150935,135,8111,427,34354,1049,166612,562,200966,California
Placer,2021-05-25,1780,361948,940,202062,742,151677,98,8209,647,33973,1126,167738,745,201711,California
Placer,2021-05-26,1577,363525,905,202967,631,152308,41,8250,619,33681,953,168691,661,202372,California
Placer,2021-05-27,1440,364965,708,203675,689,152997,43,8293,657,33607,774,169465,700,203072,California
Placer,2021-05-28,1698,366663,856,204531,746,153743,96,8389,732,33474,961,170426,828,203900,California
Placer,2021-05-29,739,367402,402,204933,306,154049,31,8420,376,33521,359,170785,406,204306,California
Placer,2021-05-30,339,367741,231,205164,94,154143,14,8434,219,33635,119,170904,233,204539,California
Placer,2021-05-31,145,367886,67,205231,61,154204,17,8451,28,33563,116,171020,44,204583,California
Placer,2021-06-01,1677,369563,882,206113,722,154926,73,8524,629,33222,1043,172063,702,205285,California
Placer,2021-06-02,1514,371077,762,206875,685,155611,67,8591,489,32754,1024,173087,556,205841,California
Placer,2021-06-03,1706,372783,1036,207911,612,156223,58,8649,432,31974,1269,174356,489,206330,California
Placer,2021-06-04,1867,374650,1325,209236,488,156711,54,8703,461,31090,1397,175753,513,206843,California
Placer,2021-06-05,1087,375737,771,210007,275,156986,41,8744,277,30602,806,176559,318,207161,California
Placer,2021-06-06,477,376214,339,210346,121,157107,17,8761,121,30385,355,176914,138,207299,California
Placer,2021-06-07,1048,377262,717,211063,260,157367,71,8832,227,29863,818,177732,296,207595,California
Placer,2021-06-08,1731,378993,1317,212380,365,157732,49,8881,435,29053,1293,179025,483,208078,California
Placer,2021-06-09,1165,380158,843,213223,268,158000,54,8935,257,28459,905,179930,311,208389,California
Placer,2021-06-10,1224,381382,846,214069,313,158313,65,9000,295,27892,925,180855,358,208747,California
Placer,2021-06-11,1478,382860,1068,215137,356,158669,54,9054,343,27159,1130,181985,397,209144,California
Placer,2021-06-12,1004,383864,749,215886,235,158904,20,9074,223,26623,779,182764,243,209387,California
Placer,2021-06-13,383,384247,294,216180,79,158983,10,9084,96,26443,286,183050,106,209493,California
Placer,2021-06-14,639,384886,401,216581,188,159171,50,9134,170,26197,465,183515,219,209712,California
Placer,2021-06-15,1224,386110,805,217386,362,159533,57,9191,407,25847,813,184328,463,210175,California
Placer,2021-06-16,564,386674,402,217788,127,159660,35,9226,155,25627,408,184736,188,210363,California
Plumas,2020-12-18,4,4,4,4,0,0,0,0,4,4,0,0,4,4,California
Plumas,2020-12-19,1,5,1,5,0,0,0,0,1,5,0,0,1,5,California
Plumas,2020-12-21,45,50,45,50,0,0,0,0,45,50,0,0,45,50,California
Plumas,2020-12-22,94,144,94,144,0,0,0,0,94,144,0,0,94,144,California
Plumas,2020-12-23,50,194,50,194,0,0,0,0,50,194,0,0,50,194,California
Plumas,2020-12-24,7,201,7,201,0,0,0,0,7,201,0,0,7,201,California
Plumas,2020-12-28,8,209,0,201,8,8,0,0,8,209,0,0,8,209,California
Plumas,2020-12-29,33,242,23,224,10,18,0,0,33,242,0,0,33,242,California
Plumas,2020-12-30,23,265,1,225,22,40,0,0,23,265,0,0,23,265,California
Plumas,2020-12-31,4,269,1,226,3,43,0,0,4,269,0,0,4,269,California
Plumas,2021-01-01,1,270,0,226,1,44,0,0,1,270,0,0,1,270,California
Plumas,2021-01-02,1,271,0,226,1,45,0,0,1,271,0,0,1,271,California
Plumas,2021-01-04,10,281,3,229,7,52,0,0,10,281,0,0,10,281,California
Plumas,2021-01-05,24,305,1,230,23,75,0,0,24,305,0,0,24,305,California
Plumas,2021-01-06,121,426,5,235,116,191,0,0,121,426,0,0,121,426,California
Plumas,2021-01-07,52,478,2,237,50,241,0,0,51,476,1,1,51,477,California
Plumas,2021-01-08,12,490,5,242,7,248,0,0,8,480,4,5,8,485,California
Plumas,2021-01-09,1,491,1,243,0,248,0,0,0,479,1,6,0,485,California
Plumas,2021-01-11,58,549,50,293,8,256,0,0,11,443,47,53,11,496,California
Plumas,2021-01-12,157,706,88,381,69,325,0,0,71,428,86,139,71,567,California
Plumas,2021-01-13,55,761,50,431,5,330,0,0,9,391,46,185,9,576,California
Plumas,2021-01-14,99,860,15,446,84,414,0,0,93,478,6,191,93,669,California
Plumas,2021-01-15,62,922,7,453,55,469,0,0,60,536,2,193,60,729,California
Plumas,2021-01-16,58,980,1,454,57,526,0,0,58,594,0,193,58,787,California
Plumas,2021-01-18,2,982,1,455,1,527,0,0,2,596,0,193,2,789,California
Plumas,2021-01-19,37,1019,5,460,32,559,0,0,33,625,4,197,33,822,California
Plumas,2021-01-20,135,1154,3,463,132,691,0,0,132,754,3,200,132,954,California
Plumas,2021-01-21,112,1266,2,465,110,801,0,0,112,866,0,200,112,1066,California
Plumas,2021-01-22,5,1271,1,466,4,805,0,0,5,871,0,200,5,1071,California
Plumas,2021-01-23,96,1367,2,468,94,899,0,0,96,967,0,200,96,1167,California
Plumas,2021-01-24,1,1368,1,469,0,899,0,0,1,968,0,200,1,1168,California
Plumas,2021-01-25,9,1377,6,475,3,902,0,0,7,973,2,202,7,1175,California
Plumas,2021-01-26,60,1437,2,477,58,960,0,0,52,1017,8,210,52,1227,California
Plumas,2021-01-27,27,1464,22,499,5,965,0,0,7,1004,20,230,7,1234,California
Plumas,2021-01-28,25,1489,1,500,24,989,0,0,23,1025,2,232,23,1257,California
Plumas,2021-01-29,8,1497,2,502,6,995,0,0,7,1031,1,233,7,1264,California
Plumas,2021-01-30,7,1504,3,505,4,999,0,0,6,1036,1,234,6,1270,California
Plumas,2021-01-31,3,1507,3,508,0,999,0,0,3,1039,0,234,3,1273,California
Plumas,2021-02-01,17,1524,2,510,15,1014,0,0,8,1038,9,243,8,1281,California
Plumas,2021-02-02,24,1548,2,512,22,1036,0,0,3,1020,21,264,3,1284,California
Plumas,2021-02-03,127,1675,8,520,119,1155,0,0,14,922,112,376,14,1298,California
Plumas,2021-02-04,102,1777,9,529,93,1248,0,0,23,866,79,455,23,1321,California
Plumas,2021-02-05,27,1804,12,541,15,1263,0,0,12,863,15,470,12,1333,California
Plumas,2021-02-06,7,1811,0,541,7,1270,0,0,7,870,0,470,7,1340,California
Plumas,2021-02-08,14,1825,5,546,9,1279,0,0,2,860,12,482,2,1342,California
Plumas,2021-02-09,173,1998,3,549,170,1449,0,0,112,911,61,543,112,1454,California
Plumas,2021-02-10,105,2103,8,557,97,1546,0,0,99,1005,6,549,100,1554,California
Plumas,2021-02-11,340,2443,6,563,334,1880,0,0,280,1225,60,609,280,1834,California
Plumas,2021-02-12,124,2567,4,567,120,2000,0,0,118,1337,6,615,118,1952,California
Plumas,2021-02-13,76,2643,6,573,70,2070,0,0,16,1293,60,675,16,1968,California
Plumas,2021-02-14,8,2651,5,578,3,2073,0,0,8,1301,0,675,8,1976,California
Plumas,2021-02-15,28,2679,5,583,23,2096,0,0,25,1323,3,678,25,2001,California
Plumas,2021-02-16,80,2759,5,588,75,2171,0,0,16,1275,64,742,16,2017,California
Plumas,2021-02-17,150,2909,5,593,145,2316,0,0,12,1149,138,880,12,2029,California
Plumas,2021-02-18,132,3041,7,600,125,2441,0,0,22,1062,110,990,23,2052,California
Plumas,2021-02-19,43,3084,6,606,37,2478,0,0,8,1035,35,1025,8,2060,California
Plumas,2021-02-20,106,3190,7,613,99,2577,0,0,13,955,93,1118,13,2073,California
Plumas,2021-02-21,6,3196,5,618,1,2578,0,0,2,953,4,1122,2,2075,California
Plumas,2021-02-22,4,3200,1,619,3,2581,0,0,0,949,4,1126,0,2075,California
Plumas,2021-02-23,25,3225,5,624,20,2601,0,0,17,958,8,1134,17,2092,California
Plumas,2021-02-24,477,3702,9,633,468,3069,0,0,464,1409,13,1147,464,2556,California
Plumas,2021-02-25,237,3939,11,644,226,3295,0,0,174,1520,63,1210,174,2730,California
Plumas,2021-02-26,267,4206,8,652,259,3554,0,0,258,1770,9,1219,259,2989,California
Plumas,2021-02-27,42,4248,4,656,38,3592,0,0,34,1796,8,1227,34,3023,California
Plumas,2021-02-28,4,4252,0,656,4,3596,0,0,4,1800,0,1227,4,3027,California
Plumas,2021-03-01,19,4271,3,659,16,3612,0,0,13,1808,5,1232,13,3040,California
Plumas,2021-03-02,11,4282,1,660,10,3622,0,0,7,1812,3,1235,7,3047,California
Plumas,2021-03-03,171,4453,10,670,161,3783,0,0,155,1951,16,1251,155,3202,California
Plumas,2021-03-04,251,4704,8,678,243,4026,0,0,230,2160,21,1272,230,3432,California
Plumas,2021-03-05,398,5102,5,683,388,4414,5,5,388,2543,10,1282,393,3825,California
Plumas,2021-03-06,20,5122,3,686,9,4423,8,13,3,2537,17,1299,11,3836,California
Plumas,2021-03-07,14,5136,3,689,2,4425,9,22,4,2540,10,1309,13,3849,California
Plumas,2021-03-08,32,5168,3,692,4,4429,25,47,5,2543,27,1336,30,3879,California
Plumas,2021-03-09,135,5303,4,696,116,4545,15,62,19,2461,116,1452,34,3913,California
Plumas,2021-03-10,292,5595,3,699,275,4820,14,76,110,2404,181,1633,124,4037,California
Plumas,2021-03-11,185,5780,9,708,171,4991,5,81,149,2522,36,1669,154,4191,California
Plumas,2021-03-12,597,6377,7,715,303,5294,287,368,25,2262,572,2241,312,4503,California
Plumas,2021-03-13,26,6403,5,720,10,5304,11,379,5,2257,21,2262,16,4519,California
Plumas,2021-03-14,12,6415,3,723,4,5308,5,384,1,2253,10,2272,6,4525,California
Plumas,2021-03-15,35,6450,1,724,27,5335,7,391,7,2239,28,2300,14,4539,California
Plumas,2021-03-16,61,6511,3,727,57,5392,1,392,49,2277,12,2312,50,4589,California
Plumas,2021-03-17,74,6585,9,736,64,5456,1,393,57,2319,16,2328,58,4647,California
Plumas,2021-03-18,60,6645,6,742,38,5494,16,409,11,2297,49,2377,27,4674,California
Plumas,2021-03-19,163,6808,5,747,156,5650,2,411,155,2449,6,2383,158,4832,California
Plumas,2021-03-20,709,7517,4,751,704,6354,1,412,687,3117,20,2403,688,5520,California
Plumas,2021-03-21,2,7519,1,752,1,6355,0,412,1,3118,0,2403,1,5521,California
Plumas,2021-03-22,198,7717,2,754,196,6551,0,412,191,3302,7,2410,191,5712,California
Plumas,2021-03-23,28,7745,2,756,26,6577,0,412,14,3302,14,2424,14,5726,California
Plumas,2021-03-24,685,8430,6,762,678,7255,1,413,231,3081,453,2877,232,5958,California
Plumas,2021-03-25,308,8738,7,769,299,7554,2,415,164,3101,144,3021,164,6122,California
Plumas,2021-03-26,315,9053,8,777,307,7861,0,415,46,2879,268,3289,46,6168,California
Plumas,2021-03-27,12,9065,1,778,10,7871,1,416,3,2874,9,3298,4,6172,California
Plumas,2021-03-28,10,9075,4,782,5,7876,1,417,4,2873,6,3304,5,6177,California
Plumas,2021-03-29,12,9087,4,786,7,7883,1,418,4,2870,8,3312,5,6182,California
Plumas,2021-03-30,175,9262,4,790,169,8052,2,420,27,2751,148,3460,29,6211,California
Plumas,2021-03-31,290,9552,3,793,286,8338,1,421,269,3000,21,3481,270,6481,California
Plumas,2021-04-01,307,9859,12,805,293,8631,2,423,62,2821,242,3723,63,6544,California
Plumas,2021-04-02,377,10236,4,809,371,9002,2,425,30,2517,336,4059,32,6576,California
Plumas,2021-04-03,13,10249,2,811,5,9007,6,431,2,2514,11,4070,8,6584,California
Plumas,2021-04-04,3,10252,1,812,1,9008,1,432,0,2512,3,4073,1,6585,California
Plumas,2021-04-05,16,10268,6,818,8,9016,2,434,4,2507,11,4084,6,6591,California
Plumas,2021-04-06,129,10397,7,825,96,9112,26,460,15,2434,114,4198,41,6632,California
Plumas,2021-04-07,291,10688,8,833,103,9215,180,640,29,2381,262,4460,209,6841,California
Plumas,2021-04-08,154,10842,3,836,133,9348,18,658,36,2317,117,4577,53,6894,California
Plumas,2021-04-09,50,10892,9,845,24,9372,17,675,17,2317,33,4610,33,6927,California
Plumas,2021-04-10,22,10914,1,846,4,9376,17,692,3,2318,19,4629,20,6947,California
Plumas,2021-04-11,2,10916,1,847,0,9376,1,693,1,2319,1,4630,2,6949,California
Plumas,2021-04-12,12,10928,4,851,5,9381,3,696,6,2322,6,4636,9,6958,California
Plumas,2021-04-13,217,11145,5,856,212,9593,0,696,151,2407,66,4702,151,7109,California
Plumas,2021-04-14,110,11255,6,862,104,9697,0,696,56,2410,53,4755,56,7165,California
Plumas,2021-04-15,52,11307,2,864,50,9747,0,696,35,2428,17,4772,35,7200,California
Plumas,2021-04-16,144,11451,3,867,141,9888,0,696,3,2290,141,4913,3,7203,California
Plumas,2021-04-17,682,12133,2,869,680,10568,0,696,19,1651,660,5573,21,7224,California
Plumas,2021-04-18,3,12136,3,872,0,10568,0,696,0,1648,3,5576,0,7224,California
Plumas,2021-04-19,38,12174,2,874,36,10604,0,696,5,1620,33,5609,5,7229,California
Plumas,2021-04-20,44,12218,5,879,39,10643,0,696,28,1633,15,5624,28,7257,California
Plumas,2021-04-21,330,12548,5,884,324,10967,1,697,17,1337,313,5937,17,7274,California
Plumas,2021-04-22,279,12827,7,891,272,11239,0,697,132,1322,147,6084,132,7406,California
Plumas,2021-04-23,73,12900,4,895,69,11308,0,697,16,1281,57,6141,16,7422,California
Plumas,2021-04-24,170,13070,4,899,166,11474,0,697,144,1400,25,6166,144,7566,California
Plumas,2021-04-26,31,13101,4,903,27,11501,0,697,8,1386,22,6188,8,7574,California
Plumas,2021-04-27,103,13204,4,907,99,11600,0,697,64,1411,39,6227,64,7638,California
Plumas,2021-04-28,285,13489,4,911,281,11881,0,697,38,1204,245,6472,38,7676,California
Plumas,2021-04-29,173,13662,68,979,105,11986,0,697,119,1269,54,6526,119,7795,California
Plumas,2021-04-30,21,13683,10,989,11,11997,0,697,6,1260,15,6541,6,7801,California
Plumas,2021-05-01,4,13687,1,990,2,11999,1,698,1,1260,2,6543,2,7803,California
Plumas,2021-05-02,1,13688,1,991,0,11999,0,698,1,1261,0,6543,1,7804,California
Plumas,2021-05-03,19,13707,5,996,7,12006,7,705,5,1261,12,6555,12,7816,California
Plumas,2021-05-04,32,13739,4,1000,21,12027,7,712,18,1273,13,6568,25,7841,California
Plumas,2021-05-05,48,13787,3,1003,44,12071,1,713,22,1270,26,6594,23,7864,California
Plumas,2021-05-06,64,13851,1,1004,58,12129,5,718,21,1253,43,6637,26,7890,California
Plumas,2021-05-07,22,13873,5,1009,16,12145,1,719,8,1248,14,6651,9,7899,California
Plumas,2021-05-08,6,13879,0,1009,4,12149,2,721,4,1252,2,6653,6,7905,California
Plumas,2021-05-09,1,13880,0,1009,0,12149,1,722,0,1252,1,6654,1,7906,California
Plumas,2021-05-10,50,13930,0,1009,27,12176,23,745,23,1271,27,6681,46,7952,California
Plumas,2021-05-11,174,14104,3,1012,152,12328,19,764,15,1146,159,6840,34,7986,California
Plumas,2021-05-12,100,14204,1,1013,91,12419,8,772,36,1127,63,6903,44,8030,California
Plumas,2021-05-13,39,14243,3,1016,34,12453,2,774,14,1118,25,6928,16,8046,California
Plumas,2021-05-14,20,14263,3,1019,12,12465,5,779,9,1121,11,6939,14,8060,California
Plumas,2021-05-15,10,14273,4,1023,4,12469,2,781,4,1121,6,6945,6,8066,California
Plumas,2021-05-16,1,14274,1,1024,0,12469,0,781,1,1122,0,6945,1,8067,California
Plumas,2021-05-17,13,14287,0,1024,4,12473,9,790,3,1124,10,6955,12,8079,California
Plumas,2021-05-18,46,14333,7,1031,38,12511,1,791,26,1131,20,6975,27,8106,California
Plumas,2021-05-19,50,14383,3,1034,31,12542,16,807,12,1122,38,7013,29,8135,California
Plumas,2021-05-20,188,14571,133,1167,44,12586,11,818,77,1100,110,7123,88,8223,California
Plumas,2021-05-21,29,14600,8,1175,15,12601,6,824,15,1107,14,7137,21,8244,California
Plumas,2021-05-22,137,14737,2,1177,135,12736,0,824,7,986,128,7265,7,8251,California
Plumas,2021-05-23,1,14738,1,1178,0,12736,0,824,0,985,1,7266,0,8251,California
Plumas,2021-05-24,49,14787,36,1214,12,12748,1,825,41,1019,8,7274,42,8293,California
Plumas,2021-05-25,76,14863,3,1217,72,12820,1,826,16,976,60,7334,17,8310,California
Plumas,2021-05-26,42,14905,6,1223,28,12848,8,834,17,976,25,7359,25,8335,California
Plumas,2021-05-27,102,15007,26,1249,63,12911,13,847,42,972,59,7418,55,8390,California
Plumas,2021-05-28,43,15050,16,1265,25,12936,2,849,23,978,19,7437,25,8415,California
Plumas,2021-05-29,8,15058,0,1265,8,12944,0,849,6,983,2,7439,7,8422,California
Plumas,2021-05-30,1,15059,0,1265,1,12945,0,849,0,983,0,7439,0,8422,California
Plumas,2021-05-31,5,15064,0,1265,2,12947,3,852,0,982,4,7443,3,8425,California
Plumas,2021-06-01,34,15098,8,1273,20,12967,6,858,9,973,25,7468,16,8441,California
Plumas,2021-06-02,62,15160,4,1277,36,13003,22,880,11,955,51,7519,33,8474,California
Plumas,2021-06-03,65,15225,17,1294,38,13041,10,890,27,954,38,7557,37,8511,California
Plumas,2021-06-04,14,15239,3,1297,10,13051,1,891,8,958,5,7562,9,8520,California
Plumas,2021-06-05,7,15246,3,1300,4,13055,0,891,2,955,5,7567,2,8522,California
Plumas,2021-06-06,2,15248,1,1301,1,13056,0,891,0,953,2,7569,0,8522,California
Plumas,2021-06-07,38,15286,5,1306,25,13081,8,899,9,941,29,7598,17,8539,California
Plumas,2021-06-08,30,15316,9,1315,19,13100,2,901,8,929,22,7620,10,8549,California
Plumas,2021-06-09,40,15356,3,1318,34,13134,3,904,7,906,33,7653,10,8559,California
Plumas,2021-06-10,36,15392,16,1334,16,13150,4,908,13,900,23,7676,17,8576,California
Plumas,2021-06-11,23,15415,13,1347,9,13159,1,909,8,894,15,7691,9,8585,California
Plumas,2021-06-12,10,15425,3,1350,7,13166,0,909,5,894,5,7696,5,8590,California
Plumas,2021-06-13,3,15428,1,1351,2,13168,0,909,3,897,0,7696,3,8593,California
Plumas,2021-06-14,94,15522,87,1438,5,13173,2,911,13,831,81,7777,15,8608,California
Plumas,2021-06-15,26,15548,4,1442,20,13193,2,913,6,819,20,7797,8,8616,California
Plumas,2021-06-16,8,15556,1,1443,4,13197,3,916,2,818,6,7803,5,8621,California
Riverside,2020-12-15,5,5,5,5,0,0,0,0,5,5,0,0,5,5,California
Riverside,2020-12-16,68,73,68,73,0,0,0,0,68,73,0,0,68,73,California
Riverside,2020-12-17,815,888,815,888,0,0,0,0,815,888,0,0,815,888,California
Riverside,2020-12-18,1735,2623,1734,2622,1,1,0,0,1735,2623,0,0,1735,2623,California
Riverside,2020-12-19,1029,3652,1026,3648,3,4,0,0,1027,3649,1,1,1027,3650,California
Riverside,2020-12-20,1087,4739,1086,4734,1,5,0,0,1087,4736,0,1,1087,4737,California
Riverside,2020-12-21,2279,7018,2277,7011,2,7,0,0,2279,7015,0,1,2279,7016,California
Riverside,2020-12-22,2261,9279,2222,9233,39,46,0,0,2261,9276,0,1,2261,9277,California
Riverside,2020-12-23,2144,11423,1801,11034,343,389,0,0,2145,11421,0,1,2145,11422,California
Riverside,2020-12-24,818,12241,614,11648,204,593,0,0,818,12239,0,1,818,12240,California
Riverside,2020-12-25,30,12271,6,11654,24,617,0,0,29,12268,0,1,29,12269,California
Riverside,2020-12-26,401,12672,257,11911,144,761,0,0,401,12669,0,1,401,12670,California
Riverside,2020-12-27,368,13040,247,12158,121,882,0,0,367,13035,1,2,367,13037,California
Riverside,2020-12-28,1637,14677,1131,13289,506,1388,0,0,1638,14673,0,2,1638,14675,California
Riverside,2020-12-29,1747,16424,974,14263,773,2161,0,0,1747,16420,0,2,1747,16422,California
Riverside,2020-12-30,2583,19007,1686,15949,897,3058,0,0,2582,19001,1,3,2582,19004,California
Riverside,2020-12-31,1030,20037,398,16347,632,3690,0,0,1031,20031,1,4,1031,20035,California
Riverside,2021-01-01,126,20163,49,16396,77,3767,0,0,126,20157,0,4,126,20161,California
Riverside,2021-01-02,835,20998,694,17090,141,3908,0,0,835,20992,0,4,835,20996,California
Riverside,2021-01-03,346,21344,300,17390,46,3954,0,0,345,21337,0,4,345,21341,California
Riverside,2021-01-04,1266,22610,794,18184,472,4426,0,0,1266,22603,0,4,1266,22607,California
Riverside,2021-01-05,1995,24605,1371,19555,624,5050,0,0,1900,24413,90,94,1900,24507,California
Riverside,2021-01-06,2499,27104,1115,20670,1384,6434,0,0,2189,26296,306,400,2189,26696,California
Riverside,2021-01-07,2790,29894,1833,22503,957,7391,0,0,1721,26955,1063,1463,1722,28418,California
Riverside,2021-01-08,4078,33972,2944,25447,1134,8525,0,0,2256,27393,1818,3281,2256,30674,California
Riverside,2021-01-09,2076,36048,844,26291,1232,9757,0,0,1728,28774,347,3628,1728,32402,California
Riverside,2021-01-10,1672,37720,737,27028,935,10692,0,0,1068,29238,604,4232,1068,33470,California
Riverside,2021-01-11,4522,42242,3096,30124,1426,12118,0,0,2787,30292,1734,5966,2788,36258,California
Riverside,2021-01-12,3422,45664,2748,32872,674,12792,0,0,1724,30323,1693,7659,1724,37982,California
Riverside,2021-01-13,4466,50130,2943,35815,1523,14315,0,0,2853,31567,1610,9269,2854,40836,California
Riverside,2021-01-14,5527,55657,1916,37731,3611,17926,0,0,4948,35937,578,9847,4948,45784,California
Riverside,2021-01-15,6082,61739,1998,39729,4084,22010,0,0,5791,41438,290,10137,5791,51575,California
Riverside,2021-01-16,3624,65363,1024,40753,2600,24610,0,0,3375,44565,249,10386,3376,54951,California
Riverside,2021-01-17,3596,68959,588,41341,3008,27618,0,0,3397,47765,197,10583,3397,58348,California
Riverside,2021-01-18,3763,72722,2053,43394,1710,29328,0,0,2747,49497,1016,11599,2748,61096,California
Riverside,2021-01-19,7444,80166,2652,46046,4792,34120,0,0,6320,54694,1124,12723,6321,67417,California
Riverside,2021-01-20,8269,88435,3148,49194,5121,39241,0,0,6599,59641,1656,14379,6603,74020,California
Riverside,2021-01-21,8389,96824,3502,52696,4887,44128,0,0,7735,66724,654,15033,7737,81757,California
Riverside,2021-01-22,8757,105581,2973,55669,5784,49912,0,0,8322,74615,432,15465,8323,90080,California
Riverside,2021-01-23,5905,111486,2364,58033,3541,53453,0,0,5182,79077,721,16186,5183,95263,California
Riverside,2021-01-24,3046,114532,1437,59470,1609,55062,0,0,2830,81694,214,16400,2831,98094,California
Riverside,2021-01-25,7898,122430,4544,64014,3354,58416,0,0,6769,87337,1127,17527,6770,104864,California
Riverside,2021-01-26,9176,131606,5734,69748,3442,61858,0,0,7655,93476,1518,19045,7657,112521,California
Riverside,2021-01-27,10950,142556,6400,76148,4550,66408,0,0,9333,101201,1611,20656,9336,121857,California
Riverside,2021-01-28,11566,154122,6824,82972,4742,71150,0,0,10387,110421,1171,21827,10391,132248,California
Riverside,2021-01-29,11967,166089,7300,90272,4667,75817,0,0,10585,119657,1356,23183,10592,142840,California
Riverside,2021-01-30,9094,175183,4635,94907,4459,80276,0,0,8629,127825,462,23645,8630,151470,California
Riverside,2021-01-31,5177,180360,4259,99166,918,81194,0,0,5045,132743,131,23776,5049,156519,California
Riverside,2021-02-01,10991,191351,6792,105958,4199,85393,0,0,9138,140038,1846,25622,9141,165660,California
Riverside,2021-02-02,9492,200843,4822,110780,4670,90063,0,0,8019,146595,1465,27087,8022,173682,California
Riverside,2021-02-03,12196,213039,5150,115930,7046,97109,0,0,9826,154059,2362,29449,9826,183508,California
Riverside,2021-02-04,13522,226561,6006,121936,7516,104625,0,0,11433,163414,2081,31530,11436,194944,California
Riverside,2021-02-05,14314,240875,5382,127318,8932,113557,0,0,11272,171657,3033,34563,11276,206220,California
Riverside,2021-02-06,7239,248114,4268,131586,2971,116528,0,0,5596,175619,1637,36200,5599,211819,California
Riverside,2021-02-07,2170,250284,798,132384,1372,117900,0,0,1850,177152,318,36518,1851,213670,California
Riverside,2021-02-08,12475,262759,5549,137933,6926,124826,0,0,10155,185006,2305,38823,10159,223829,California
Riverside,2021-02-09,9623,272382,4504,142437,5119,129945,0,0,7677,190749,1939,40762,7682,231511,California
Riverside,2021-02-10,12104,284486,6983,149420,5121,135066,0,0,8927,196518,3167,43929,8936,240447,California
Riverside,2021-02-11,16651,301137,9068,158488,7583,142649,0,0,12130,204164,4499,48428,12145,252592,California
Riverside,2021-02-12,17724,318861,10785,169273,6939,149588,0,0,12833,212162,4847,53275,12845,265437,California
Riverside,2021-02-13,6308,325169,2134,171407,4174,153762,0,0,3088,212066,3205,56480,3109,268546,California
Riverside,2021-02-14,4924,330093,1118,172525,3806,157568,0,0,2180,211506,2740,59220,2180,270726,California
Riverside,2021-02-15,9816,339909,4995,177520,4821,162389,0,0,5398,212505,4407,63627,5406,276132,California
Riverside,2021-02-16,16155,356064,10119,187639,6036,168425,0,0,9269,214905,6877,70504,9277,285409,California
Riverside,2021-02-17,15046,371110,8215,195854,6831,175256,0,0,7455,214792,7577,78081,7464,292873,California
Riverside,2021-02-18,15575,386685,8988,204842,6587,181843,0,0,8031,215316,7522,85603,8046,300919,California
Riverside,2021-02-19,15327,402012,8230,213072,7097,188940,0,0,7233,214481,8076,93679,7241,308160,California
Riverside,2021-02-20,8325,410337,4505,217577,3820,192760,0,0,2164,210505,6144,99823,2168,310328,California
Riverside,2021-02-21,4416,414753,3890,221467,526,193286,0,0,1236,208576,3165,102988,1236,311564,California
Riverside,2021-02-22,12388,427141,7772,229239,4616,197902,0,0,5105,206419,7267,110255,5110,316674,California
Riverside,2021-02-23,11132,438273,7571,236810,3561,201463,0,0,5393,206104,5712,115967,5397,322071,California
Riverside,2021-02-24,14796,453069,8096,244906,6700,208163,0,0,6280,203923,8478,124445,6297,328368,California
Riverside,2021-02-25,17370,470439,7409,252315,9961,218124,0,0,8067,202736,9278,133723,8091,336459,California
Riverside,2021-02-26,18662,489101,6739,259054,11923,230047,0,0,9302,202772,9301,143024,9337,345796,California
Riverside,2021-02-27,12105,501206,5605,264659,6500,236547,0,0,5757,202240,6316,149340,5784,351580,California
Riverside,2021-02-28,4896,506102,3228,267887,1668,238215,0,0,2405,202174,2478,151818,2412,353992,California
Riverside,2021-03-01,14392,520494,6120,274007,8267,246482,5,5,8459,204773,5893,157711,8492,362484,California
Riverside,2021-03-02,15421,535915,7541,281548,7879,254361,1,6,9037,207480,6362,164073,9069,371553,California
Riverside,2021-03-03,17092,553007,8491,290039,8601,262962,0,6,7434,205436,9607,173680,7563,379116,California
Riverside,2021-03-04,18864,571871,7511,297550,11348,274310,5,11,8986,204743,9834,183514,9141,388257,California
Riverside,2021-03-05,18923,590794,7610,305160,11269,285579,44,55,9376,204944,9497,193011,9698,397955,California
Riverside,2021-03-06,9533,600327,5077,310237,3975,289554,481,536,4755,205442,4765,197776,5263,403218,California
Riverside,2021-03-07,4266,604593,2757,312994,1120,290674,389,925,2012,205602,2245,200021,2405,405623,California
Riverside,2021-03-08,11968,616561,4752,317746,6806,297480,410,1335,5342,204796,6605,206626,5799,411422,California
Riverside,2021-03-09,14795,631356,6891,324637,7402,304882,502,1837,5896,202454,8876,215502,6534,417956,California
Riverside,2021-03-10,15954,647310,8544,333181,6483,311365,927,2764,6225,200074,9684,225186,7304,425260,California
Riverside,2021-03-11,19331,666641,9477,342658,8004,319369,1850,4614,7618,198073,11677,236863,9676,434936,California
Riverside,2021-03-12,21207,687848,7929,350587,8531,327900,4747,9361,7047,196067,14122,250985,12116,447052,California
Riverside,2021-03-13,8527,696375,2548,353135,4748,332648,1231,10592,4375,197619,4130,255115,5682,452734,California
Riverside,2021-03-14,4751,701126,1619,354754,1760,334408,1372,11964,2088,198425,2650,257765,3456,456190,California
Riverside,2021-03-15,18715,719841,7876,362630,9174,343582,1665,13629,9213,199945,9458,267223,10978,467168,California
Riverside,2021-03-16,20900,740741,10141,372771,9946,353528,813,14442,11391,202769,9472,276695,12296,479464,California
Riverside,2021-03-17,21451,762192,10984,383755,9407,362935,1060,15502,12873,208219,8541,285236,13991,493455,California
Riverside,2021-03-18,22625,784817,11774,395529,9180,372115,1671,17173,12542,212409,10031,295267,14221,507676,California
Riverside,2021-03-19,24167,808984,12691,408220,10505,382620,971,18144,14108,217853,10000,305267,15444,523120,California
Riverside,2021-03-20,10706,819690,6894,415114,2627,385247,1185,19329,6873,222108,3801,309068,8056,531176,California
Riverside,2021-03-21,3753,823443,2928,418042,559,385806,266,19595,2557,223756,1176,310244,2824,534000,California
Riverside,2021-03-22,16650,840093,9930,427972,6168,391974,552,20147,10595,228901,5998,316242,11143,545143,California
Riverside,2021-03-23,18568,858661,10523,438495,7622,399596,423,20570,11887,234605,6620,322862,12324,557467,California
Riverside,2021-03-24,18734,877395,10454,448949,8158,407754,122,20692,12849,241749,5833,328695,12977,570444,California
Riverside,2021-03-25,21155,898550,11671,460620,9307,417061,177,20869,14145,249141,6935,335630,14327,584771,California
Riverside,2021-03-26,24159,922709,11951,472571,12051,429112,157,21026,15025,255296,9031,344661,15186,599957,California
Riverside,2021-03-27,9352,932061,4912,477483,3389,432501,1051,22077,4823,256667,4503,349164,5874,605831,California
Riverside,2021-03-28,4775,936836,3136,480619,1545,434046,94,22171,2840,257679,1922,351086,2934,608765,California
Riverside,2021-03-29,17656,954492,8445,489064,9092,443138,119,22290,10909,262020,6700,357786,11041,619806,California
Riverside,2021-03-30,18360,972852,9553,498617,8600,451738,207,22497,11700,267312,6617,364403,11909,631715,California
Riverside,2021-03-31,18157,991009,8449,507066,9401,461139,307,22804,11359,272238,6748,371151,11674,643389,California
Riverside,2021-04-01,25590,1016599,12502,519568,12309,473448,779,23583,16460,280422,9055,380206,17239,660628,California
Riverside,2021-04-02,26158,1042757,14081,533649,11124,484572,953,24536,16374,288250,9721,389927,17549,678177,California
Riverside,2021-04-03,9391,1052148,5968,539617,2829,487401,594,25130,6047,291563,3323,393250,6636,684813,California
Riverside,2021-04-04,3397,1055545,2066,541683,1089,488490,242,25372,1717,291852,1671,394921,1960,686773,California
Riverside,2021-04-05,18477,1074022,9460,551143,7155,495645,1862,27234,9935,295149,8500,403421,11797,698570,California
Riverside,2021-04-06,23796,1097818,12359,563502,9297,504942,2140,29374,13265,300065,10479,413900,15395,713965,California
Riverside,2021-04-07,24912,1122730,13441,576943,8948,513890,2523,31897,13860,305440,11003,424903,16378,730343,California
Riverside,2021-04-08,27488,1150218,15211,592154,9290,523180,2987,34884,16799,314588,10616,435519,19764,750107,California
Riverside,2021-04-09,26367,1176585,15499,607653,8398,531578,2470,37354,16090,322933,10229,445748,18574,768681,California
Riverside,2021-04-10,12029,1188614,6744,614397,3888,535466,1397,38751,5261,322859,6723,452471,6649,775330,California
Riverside,2021-04-11,4647,1193261,2767,617164,1260,536726,620,39371,2196,323234,2439,454910,2814,778144,California
Riverside,2021-04-12,20210,1213471,8994,626158,8566,545292,2650,42021,10119,325947,10052,464962,12765,790909,California
Riverside,2021-04-13,20097,1233568,11255,637413,8815,554107,27,42048,11506,328935,8552,473514,11540,802449,California
Riverside,2021-04-14,22319,1255887,12311,649724,9993,564100,15,42063,10948,328621,11302,484816,10988,813437,California
Riverside,2021-04-15,22136,1278023,12567,662291,9561,573661,8,42071,11690,329954,10379,495195,11712,825149,California
Riverside,2021-04-16,25075,1303098,14512,676803,10557,584218,6,42077,11629,328255,13389,508584,11690,836839,California
Riverside,2021-04-17,9914,1313012,6535,683338,3379,587597,0,42077,4981,328349,4914,513498,5008,841847,California
Riverside,2021-04-18,3867,1316879,2818,686156,1042,588639,7,42084,1819,328150,2034,515532,1835,843682,California
Riverside,2021-04-19,19548,1336427,11623,697779,7922,596561,3,42087,7028,322724,12477,528009,7051,850733,California
Riverside,2021-04-20,18879,1355306,9949,707728,8921,605482,9,42096,7732,319365,11103,539112,7744,858477,California
Riverside,2021-04-21,19849,1375155,11423,719151,8417,613899,9,42105,7981,315562,11799,550911,7996,866473,California
Riverside,2021-04-22,23234,1398389,13567,732718,9663,623562,4,42109,8659,309726,14504,565415,8668,875141,California
Riverside,2021-04-23,23313,1421702,13731,746449,9568,633130,14,42123,9137,304771,14115,579530,9160,884301,California
Riverside,2021-04-24,10468,1432170,7294,753743,3171,636301,3,42126,4809,303963,5621,585151,4813,889114,California
Riverside,2021-04-25,4240,1436410,2820,756563,1419,637720,1,42127,2197,304138,2024,587175,2199,891313,California
Riverside,2021-04-26,17105,1453515,10700,767263,6360,644080,45,42172,5824,298775,11236,598411,5873,897186,California
Riverside,2021-04-27,18297,1471812,10425,777688,7673,651753,199,42371,6362,293446,11890,610301,6561,903747,California
Riverside,2021-04-28,16479,1488291,8861,786549,7362,659115,256,42627,5544,288370,10876,621177,5800,909547,California
Riverside,2021-04-29,18721,1507012,11447,797996,6929,666044,345,42972,5376,280806,13281,634458,5717,915264,California
Riverside,2021-04-30,19788,1526800,11434,809430,7975,674019,379,43351,6370,274196,13362,647820,6752,922016,California
Riverside,2021-05-01,6770,1533570,4868,814298,1733,675752,169,43520,2332,272282,4412,652232,2498,924514,California
Riverside,2021-05-02,3357,1536927,2186,816484,962,676714,209,43729,1071,271299,2269,654501,1286,925800,California
Riverside,2021-05-03,17993,1554920,11058,827542,6446,683160,489,44218,4162,262178,13769,668270,4648,930448,California
Riverside,2021-05-04,17243,1572163,10946,838488,5880,689040,417,44635,4859,255133,12317,680587,5272,935720,California
Riverside,2021-05-05,15783,1587946,8933,847421,6490,695530,360,44995,4538,248847,11184,691771,4898,940618,California
Riverside,2021-05-06,17756,1605702,9941,857362,7406,702936,409,45404,4491,240555,13193,704964,4901,945519,California
Riverside,2021-05-07,20297,1625999,11568,868930,8299,711235,430,45834,5342,231446,14877,719841,5768,951287,California
Riverside,2021-05-08,6878,1632877,4532,873462,2086,713321,260,46094,2560,229977,4287,724128,2818,954105,California
Riverside,2021-05-09,2303,1635180,1511,874973,638,713959,154,46248,850,229536,1445,725573,1004,955109,California
Riverside,2021-05-10,10052,1645232,5139,880112,4536,718495,377,46625,2859,225629,7143,732716,3236,958345,California
Riverside,2021-05-11,13849,1659081,8326,888438,5005,723500,518,47143,3806,219993,9961,742677,4325,962670,California
Riverside,2021-05-12,12599,1671680,6328,894766,5938,729438,333,47476,3982,215741,8565,751242,4313,966983,California
Riverside,2021-05-13,14591,1686271,8761,903527,5557,734995,273,47749,5322,212123,9217,760459,5599,972582,California
Riverside,2021-05-14,17730,1704001,11200,914727,5739,740734,791,48540,6919,209088,10742,771201,7707,980289,California
Riverside,2021-05-15,9673,1713674,6925,921652,2350,743084,398,48938,4945,209730,4698,775899,5340,985629,California
Riverside,2021-05-16,3474,1717148,2526,924178,839,743923,109,49047,1714,209803,1748,777647,1821,987450,California
Riverside,2021-05-17,11748,1728896,7570,931748,3840,747763,338,49385,5141,208710,6575,784222,5482,992932,California
Riverside,2021-05-18,15030,1743926,9296,941044,5390,753153,344,49729,6113,206296,8870,793092,6456,999388,California
Riverside,2021-05-19,12135,1756061,7685,948729,4221,757374,229,49958,6005,206449,6082,799174,6235,1005623,California
Riverside,2021-05-20,11781,1767842,7379,956108,4147,761521,255,50213,5364,205705,6368,805542,5624,1011247,California
Riverside,2021-05-21,14380,1782222,8880,964988,5178,766699,322,50535,6189,204090,8127,813669,6512,1017759,California
Riverside,2021-05-22,7172,1789394,4859,969847,2116,768815,197,50732,3850,204852,3287,816956,4049,1021808,California
Riverside,2021-05-23,2553,1791947,1649,971496,829,769644,75,50807,1242,204871,1297,818253,1316,1023124,California
Riverside,2021-05-24,8614,1800561,5562,977058,2745,772389,307,51114,3824,204246,4756,823009,4131,1027255,California
Riverside,2021-05-25,9654,1810215,5749,982807,3642,776031,263,51377,3921,202734,5696,828705,4184,1031439,California
Riverside,2021-05-26,8846,1819061,5484,988291,3037,779068,325,51702,3988,202241,4808,833513,4315,1035754,California
Riverside,2021-05-27,8482,1827543,5080,993371,3170,782238,232,51934,4008,202055,4425,837938,4239,1039993,California
Riverside,2021-05-28,10631,1838174,6475,999846,3855,786093,301,52235,5024,201837,5545,843483,5327,1045320,California
Riverside,2021-05-29,4975,1843149,3385,1003231,1467,787560,123,52358,2836,202681,2117,845600,2961,1048281,California
Riverside,2021-05-30,1944,1845093,1403,1004634,477,788037,64,52422,1066,202940,871,846471,1130,1049411,California
Riverside,2021-05-31,870,1845963,492,1005126,345,788382,33,52455,333,202774,532,847003,366,1049777,California
Riverside,2021-06-01,9120,1855083,5639,1010765,3248,791630,233,52688,3603,201144,5466,852469,3836,1053613,California
Riverside,2021-06-02,7082,1862165,4311,1015076,2496,794126,275,52963,2863,200103,4178,856647,3137,1056750,California
Riverside,2021-06-03,7902,1870067,5282,1020358,2363,796489,257,53220,2870,198234,4993,861640,3124,1059874,California
Riverside,2021-06-04,10580,1880647,7581,1027939,2745,799234,254,53474,3883,195726,6646,868286,4138,1064012,California
Riverside,2021-06-05,6914,1887561,5094,1033033,1271,800505,549,54023,2271,193926,4620,872906,2820,1066832,California
Riverside,2021-06-06,2178,1889739,1851,1034884,276,800781,51,54074,791,193389,1380,874286,843,1067675,California
Riverside,2021-06-07,6863,1896602,5215,1040099,1422,802203,226,54300,2270,191323,4564,878850,2498,1070173,California
Riverside,2021-06-08,8977,1905579,6528,1046627,2182,804385,267,54567,3022,188715,5901,884751,3293,1073466,California
Riverside,2021-06-09,7669,1913248,5593,1052220,1785,806170,291,54858,2354,186087,5271,890022,2643,1076109,California
Riverside,2021-06-10,7540,1920788,5312,1057532,2006,808176,222,55080,2379,183557,5132,895154,2602,1078711,California
Riverside,2021-06-11,8699,1929487,5901,1063433,2518,810694,280,55360,2923,181042,5721,900875,3206,1081917,California
Riverside,2021-06-12,5220,1934707,3868,1067301,1235,811929,117,55477,1586,179145,3604,904479,1707,1083624,California
Riverside,2021-06-13,1777,1936484,1332,1068633,409,812338,36,55513,532,178484,1230,905709,569,1084193,California
Riverside,2021-06-14,5300,1941784,3556,1072189,1480,813818,264,55777,1706,176893,3562,909271,1971,1086164,California
Riverside,2021-06-15,6820,1948604,4698,1076887,1842,815660,280,56057,2603,175605,4176,913447,2888,1089052,California
Riverside,2021-06-16,2978,1951582,1902,1078789,854,816514,222,56279,829,174535,2122,915569,1052,1090104,California
Sacramento,2020-12-15,314,314,314,314,0,0,0,0,314,314,0,0,314,314,California
Sacramento,2020-12-16,648,962,648,962,0,0,0,0,648,962,0,0,648,962,California
Sacramento,2020-12-17,702,1664,702,1664,0,0,0,0,702,1664,0,0,702,1664,California
Sacramento,2020-12-18,1117,2781,1116,2780,1,1,0,0,1117,2780,1,1,1117,2781,California
Sacramento,2020-12-19,613,3394,613,3393,0,1,0,0,613,3393,0,1,613,3394,California
Sacramento,2020-12-20,637,4031,637,4030,0,1,0,0,637,4030,0,1,637,4031,California
Sacramento,2020-12-21,1681,5712,1679,5709,2,3,0,0,1680,5708,2,3,1680,5711,California
Sacramento,2020-12-22,2106,7818,2071,7780,35,38,0,0,2106,7814,0,3,2106,7817,California
Sacramento,2020-12-23,2258,10076,2084,9864,174,212,0,0,2258,10072,0,3,2258,10075,California
Sacramento,2020-12-24,1043,11119,829,10693,214,426,0,0,1043,11115,0,3,1043,11118,California
Sacramento,2020-12-25,1,11120,0,10693,1,427,0,0,1,11116,0,3,1,11119,California
Sacramento,2020-12-26,505,11625,287,10980,218,645,0,0,505,11621,0,3,505,11624,California
Sacramento,2020-12-27,354,11979,248,11228,106,751,0,0,354,11975,0,3,354,11978,California
Sacramento,2020-12-28,1906,13885,1322,12550,584,1335,0,0,1905,13879,1,4,1905,13883,California
Sacramento,2020-12-29,1968,15853,1203,13753,765,2100,0,0,1967,15845,1,5,1967,15850,California
Sacramento,2020-12-30,2554,18407,1453,15206,1101,3201,0,0,2555,18400,0,5,2555,18405,California
Sacramento,2020-12-31,1228,19635,692,15898,536,3737,0,0,1229,19629,0,5,1229,19634,California
Sacramento,2021-01-01,81,19716,70,15968,11,3748,0,0,81,19710,0,5,81,19715,California
Sacramento,2021-01-02,571,20287,367,16335,204,3952,0,0,571,20281,0,5,571,20286,California
Sacramento,2021-01-03,414,20701,225,16560,189,4141,0,0,414,20695,0,5,414,20700,California
Sacramento,2021-01-04,1939,22640,834,17394,1105,5246,0,0,1937,22631,1,6,1937,22637,California
Sacramento,2021-01-05,2222,24862,987,18381,1235,6481,0,0,1858,24125,364,370,1858,24495,California
Sacramento,2021-01-06,2730,27592,1620,20001,1110,7591,0,0,1931,25261,795,1165,1931,26426,California
Sacramento,2021-01-07,2841,30433,1516,21517,1325,8916,0,0,1910,26243,928,2093,1910,28336,California
Sacramento,2021-01-08,3288,33721,2085,23602,1203,10119,0,0,2168,27299,1114,3207,2170,30506,California
Sacramento,2021-01-09,1291,35012,805,24407,486,10605,0,0,893,27796,396,3603,893,31399,California
Sacramento,2021-01-10,1227,36239,713,25120,514,11119,0,0,757,28085,469,4072,758,32157,California
Sacramento,2021-01-11,4362,40601,2968,28088,1394,12513,0,0,2414,28567,1933,6005,2415,34572,California
Sacramento,2021-01-12,4605,45206,3211,31299,1394,13907,0,0,2620,29205,1982,7987,2620,37192,California
Sacramento,2021-01-13,3851,49057,2224,33523,1627,15534,0,0,2430,30217,1420,9407,2432,39624,California
Sacramento,2021-01-14,4622,53679,2325,35848,2297,17831,0,0,3714,33027,905,10312,3715,43339,California
Sacramento,2021-01-15,4442,58121,2257,38105,2185,20016,0,0,3727,36042,714,11026,3729,47068,California
Sacramento,2021-01-16,2087,60208,1286,39391,801,20817,0,0,1867,37689,220,11246,1867,48935,California
Sacramento,2021-01-17,1677,61885,983,40374,694,21511,0,0,1494,39003,183,11429,1497,50432,California
Sacramento,2021-01-18,2830,64715,1733,42107,1097,22608,0,0,2252,40680,576,12005,2253,52685,California
Sacramento,2021-01-19,4979,69694,3028,45135,1951,24559,0,0,3738,43179,1241,13246,3740,56425,California
Sacramento,2021-01-20,4835,74529,2858,47993,1977,26536,0,0,3608,45564,1229,14475,3614,60039,California
Sacramento,2021-01-21,5233,79762,3026,51019,2207,28743,0,0,4259,48857,968,15443,4261,64300,California
Sacramento,2021-01-22,5030,84792,2693,53712,2337,31080,0,0,4730,53289,299,15742,4731,69031,California
Sacramento,2021-01-23,3755,88547,1568,55280,2187,33267,0,0,3291,56116,464,16206,3291,72322,California
Sacramento,2021-01-24,1624,90171,1016,56296,608,33875,0,0,1381,57256,242,16448,1382,73704,California
Sacramento,2021-01-25,4414,94585,2158,58454,2256,36131,0,0,2941,58727,1473,17921,2944,76648,California
Sacramento,2021-01-26,4757,99342,2160,60614,2597,38728,0,0,3555,61085,1200,19121,3558,80206,California
Sacramento,2021-01-27,5863,105205,3052,63666,2811,41539,0,0,4239,63705,1621,20742,4241,84447,California
Sacramento,2021-01-28,5413,110618,2741,66407,2672,44211,0,0,4311,66917,1101,21843,4313,88760,California
Sacramento,2021-01-29,5420,116038,2942,69349,2478,46689,0,0,4397,70301,1014,22857,4398,93158,California
Sacramento,2021-01-30,4520,120558,2205,71554,2315,49004,0,0,4088,73959,430,23287,4088,97246,California
Sacramento,2021-01-31,2338,122896,2035,73589,303,49307,0,0,2057,75740,278,23565,2059,99305,California
Sacramento,2021-02-01,5940,128836,3036,76625,2904,52211,0,0,4254,78312,1682,25247,4254,103559,California
Sacramento,2021-02-02,7028,135864,3792,80417,3236,55447,0,0,4867,81039,2142,27389,4869,108428,California
Sacramento,2021-02-03,7145,143009,3606,84023,3539,58986,0,0,5283,84473,1851,29240,5285,113713,California
Sacramento,2021-02-04,7764,150773,3681,87704,4083,63069,0,0,5523,87764,2232,31472,5523,119236,California
Sacramento,2021-02-05,7861,158634,4481,92185,3380,66449,0,0,4922,89773,2916,34388,4925,124161,California
Sacramento,2021-02-06,8474,167108,3477,95662,4997,71446,0,0,7126,95555,1346,35734,7128,131289,California
Sacramento,2021-02-07,4067,171175,2200,97862,1867,73313,0,0,2888,97271,1174,36908,2890,134179,California
Sacramento,2021-02-08,6269,177444,3260,101122,3009,76322,0,0,3913,98833,2351,39259,3913,138092,California
Sacramento,2021-02-09,6782,184226,3556,104678,3226,79548,0,0,4004,100069,2769,42028,4005,142097,California
Sacramento,2021-02-10,7698,191924,4212,108890,3486,83034,0,0,4528,101443,3156,45184,4530,146627,California
Sacramento,2021-02-11,9610,201534,5739,114629,3871,86905,0,0,5510,102870,4085,49269,5512,152139,California
Sacramento,2021-02-12,10695,212229,4156,118785,6539,93444,0,0,6406,105054,4225,53494,6409,158548,California
Sacramento,2021-02-13,7682,219911,2992,121777,4690,98134,0,0,6086,109550,1591,55085,6087,164635,California
Sacramento,2021-02-14,3207,223118,1969,123746,1238,99372,0,0,2100,110550,1104,56189,2104,166739,California
Sacramento,2021-02-15,6006,229124,2055,125801,3951,103323,0,0,4175,112903,1825,58014,4178,170917,California
Sacramento,2021-02-16,9259,238383,4216,130017,5043,108366,0,0,5321,114298,3930,61944,5325,176242,California
Sacramento,2021-02-17,8855,247238,4998,135015,3857,112223,0,0,5150,115758,3694,65638,5154,181396,California
Sacramento,2021-02-18,9599,256837,5771,140786,3828,116051,0,0,5739,117653,3848,69486,5743,187139,California
Sacramento,2021-02-19,10083,266920,6184,146970,3899,119950,0,0,5976,119538,4097,73583,5982,193121,California
Sacramento,2021-02-20,7858,274778,5794,152764,2064,122014,0,0,4755,121197,3097,76680,4756,197877,California
Sacramento,2021-02-21,3066,277844,2421,155185,645,122659,0,0,1090,120319,1968,78648,1090,198967,California
Sacramento,2021-02-22,6323,284167,3821,159006,2502,125161,0,0,2787,119588,3522,82170,2791,201758,California
Sacramento,2021-02-23,7290,291457,4514,163520,2776,127937,0,0,3550,119419,3723,85893,3554,205312,California
Sacramento,2021-02-24,9847,301304,5431,168951,4416,132353,0,0,5380,120354,4451,90344,5386,210698,California
Sacramento,2021-02-25,11289,312593,6474,175425,4815,137168,0,0,6636,122353,4637,94981,6636,217334,California
Sacramento,2021-02-26,14420,327013,6796,182221,7624,144792,0,0,9887,127743,4502,99483,9892,227226,California
Sacramento,2021-02-27,11073,338086,6868,189089,4202,148994,3,3,8189,133074,2861,102344,8192,235418,California
Sacramento,2021-02-28,6210,344296,2344,191433,3866,152860,0,3,3106,133091,3090,105434,3107,238525,California
Sacramento,2021-03-01,8633,352929,3619,195052,5012,157872,2,5,4708,133900,3903,109337,4712,243237,California
Sacramento,2021-03-02,9319,362248,4051,199103,5267,163139,1,6,5717,136037,3584,112921,5721,248958,California
Sacramento,2021-03-03,11114,373362,5074,204177,6037,169176,3,9,6673,138295,4420,117341,6678,255636,California
Sacramento,2021-03-04,13485,386847,6199,210376,7282,176458,4,13,7494,139841,5958,123299,7504,263140,California
Sacramento,2021-03-05,10639,397486,4913,215289,5696,182154,30,43,7074,143402,3544,126843,7105,270245,California
Sacramento,2021-03-06,8126,405612,3117,218406,4887,187041,122,165,4120,143651,3992,130835,4241,274486,California
Sacramento,2021-03-07,7628,413240,2218,220624,5321,192362,89,254,3759,143633,3864,134699,3846,278332,California
Sacramento,2021-03-08,9129,422369,4272,224896,4633,196995,224,478,5964,146666,3153,137852,6186,284518,California
Sacramento,2021-03-09,9626,431995,4558,229454,4776,201771,292,770,5537,148423,4071,141923,5828,290346,California
Sacramento,2021-03-10,11797,443792,7540,236994,3903,205674,354,1124,6889,150798,4872,146795,7247,297593,California
Sacramento,2021-03-11,15066,458858,10010,247004,4229,209903,827,1951,8922,154439,6104,152899,9745,307338,California
Sacramento,2021-03-12,18074,476932,8350,255354,8861,218764,863,2814,8848,154983,9174,162073,9718,317056,California
Sacramento,2021-03-13,13034,489966,3582,258936,9023,227787,429,3243,7871,158127,5152,167225,8296,325352,California
Sacramento,2021-03-14,8402,498368,3475,262411,4298,232085,629,3872,4431,159239,3946,171171,5058,330410,California
Sacramento,2021-03-15,12248,510616,4887,267298,6707,238792,654,4526,7059,161789,5164,176335,7714,338124,California
Sacramento,2021-03-16,14027,524643,6220,273518,7154,245946,653,5179,8625,165696,5364,181699,9271,347395,California
Sacramento,2021-03-17,13825,538468,6651,280169,6541,252487,633,5812,8823,170177,4977,186676,9458,356853,California
Sacramento,2021-03-18,15682,554150,8218,288387,6873,259360,591,6403,9938,174995,5710,192386,10528,367381,California
Sacramento,2021-03-19,15632,569782,7994,296381,6267,265627,1371,7774,7900,176552,7705,200091,9262,376643,California
Sacramento,2021-03-20,12936,582718,7549,303930,5047,270674,340,8114,8048,180084,4858,204949,8390,385033,California
Sacramento,2021-03-21,5589,588307,2754,306684,2797,273471,38,8152,4855,184260,721,205670,4897,389930,California
Sacramento,2021-03-22,9385,597692,4809,311493,3725,277196,851,9003,6192,188138,3165,208835,7043,396973,California
Sacramento,2021-03-23,11356,609048,6757,318250,3789,280985,810,9813,7254,192138,4060,212895,8060,405033,California
Sacramento,2021-03-24,11870,620918,7271,325521,3970,284955,629,10442,6719,194417,5069,217964,7348,412381,California
Sacramento,2021-03-25,14177,635095,8347,333868,4993,289948,837,11279,8517,198151,5615,223579,9349,421730,California
Sacramento,2021-03-26,18292,653387,8928,342796,8851,298799,513,11792,9155,198752,9069,232648,9670,431400,California
Sacramento,2021-03-27,9688,663075,3577,346373,5823,304622,288,12080,5095,199569,4562,237210,5379,436779,California
Sacramento,2021-03-28,6534,669609,3223,349596,3062,307684,249,12329,2703,198706,3818,241028,2955,439734,California
Sacramento,2021-03-29,11054,680663,5904,355500,4759,312443,391,12720,4953,197978,6072,247100,5344,445078,California
Sacramento,2021-03-30,11867,692530,6081,361581,5382,317825,404,13124,5999,198536,5845,252945,6403,451481,California
Sacramento,2021-03-31,13438,705968,7863,369444,5181,323006,394,13518,5568,196650,7842,260787,5956,457437,California
Sacramento,2021-04-01,17465,723433,10476,379920,6753,329759,236,13754,7328,194127,10092,270879,7569,465006,California
Sacramento,2021-04-02,17142,740575,9700,389620,6698,336457,744,14498,9009,195778,8101,278980,9752,474758,California
Sacramento,2021-04-03,10454,751029,6242,395862,3662,340119,550,15048,6414,198727,4009,282989,6958,481716,California
Sacramento,2021-04-04,3732,754761,1534,397396,1993,342112,205,15253,1449,198099,2277,285266,1649,483365,California
Sacramento,2021-04-05,12058,766819,7569,404965,3651,345763,838,16091,5377,197664,6644,291910,6209,489574,California
Sacramento,2021-04-06,15652,782471,8863,413828,5447,351210,1342,17433,6915,197211,8704,300614,8251,497825,California
Sacramento,2021-04-07,14858,797329,8033,421861,5218,356428,1607,19040,7156,198300,7660,308274,8749,506574,California
Sacramento,2021-04-08,15066,812395,6782,428643,5305,361733,2979,22019,6003,198235,9027,317301,8962,515536,California
Sacramento,2021-04-09,18311,830706,9372,438015,6731,368464,2208,24227,7434,197029,10836,328137,9630,525166,California
Sacramento,2021-04-10,12884,843590,3840,441855,7824,376288,1220,25447,5351,196072,7503,335640,6546,531712,California
Sacramento,2021-04-11,10794,854384,4343,446198,6224,382512,227,25674,3849,193226,6921,342561,4075,535787,California
Sacramento,2021-04-12,12985,867369,5043,451241,6058,388570,1884,27558,4940,192053,7980,350541,6807,542594,California
Sacramento,2021-04-13,16275,883644,9951,461192,6319,394889,5,27563,7574,190968,8668,359209,7583,550177,California
Sacramento,2021-04-14,14981,898625,7984,469176,6995,401884,2,27565,5897,187824,9055,368264,5911,556088,California
Sacramento,2021-04-15,16401,915026,8431,477607,7967,409851,3,27568,6682,184838,9680,377944,6694,562782,California
Sacramento,2021-04-16,17477,932503,9642,487249,7835,417686,0,27568,7936,183298,9499,387443,7959,570741,California
Sacramento,2021-04-17,15314,947817,6151,493400,9163,426849,0,27568,11098,190207,4197,391640,11106,581847,California
Sacramento,2021-04-18,8452,956269,3069,496469,5383,432232,0,27568,3756,189288,4677,396317,3758,585605,California
Sacramento,2021-04-19,10575,966844,5721,502190,4849,437081,5,27573,4697,188135,5857,402174,4704,590309,California
Sacramento,2021-04-20,11100,977944,6740,508930,4357,441438,3,27576,5903,188872,5175,407349,5912,596221,California
Sacramento,2021-04-21,11485,989429,6643,515573,4840,446278,2,27578,6212,189838,5249,412598,6215,602436,California
Sacramento,2021-04-22,14821,1004250,9899,525472,4918,451196,4,27582,6812,188676,7980,420578,6818,609254,California
Sacramento,2021-04-23,15902,1020152,10007,535479,5895,457091,0,27582,7377,187565,8489,429067,7378,616632,California
Sacramento,2021-04-24,11323,1031475,7002,542481,4320,461411,1,27583,5924,188130,5361,434428,5926,622558,California
Sacramento,2021-04-25,8005,1039480,4478,546959,3527,464938,0,27583,4167,188477,3821,438249,4168,626726,California
Sacramento,2021-04-26,10608,1050088,6615,553574,3969,468907,24,27607,5009,187943,5567,443816,5033,631759,California
Sacramento,2021-04-27,12030,1062118,7895,561469,3981,472888,154,27761,5905,187912,6092,449908,6061,637820,California
Sacramento,2021-04-28,10481,1072599,5851,567320,4424,477312,206,27967,5817,189307,4633,454541,6028,643848,California
Sacramento,2021-04-29,10863,1083462,7310,574630,3250,480562,303,28270,6005,190793,4823,459364,6309,650157,California
Sacramento,2021-04-30,12457,1095919,7814,582444,4382,484944,261,28531,5864,190371,6548,465912,6126,656283,California
Sacramento,2021-05-01,7588,1103507,5478,587922,1935,486879,175,28706,2762,188514,4792,470704,2935,659218,California
Sacramento,2021-05-02,4990,1108497,4296,592218,543,487422,151,28857,2227,188152,2738,473442,2376,661594,California
Sacramento,2021-05-03,9113,1117610,7285,599503,1548,488970,280,29137,3967,187271,5124,478566,4243,665837,California
Sacramento,2021-05-04,9368,1126978,5694,605197,3365,492335,309,29446,3785,185823,5540,484106,4092,669929,California
Sacramento,2021-05-05,11056,1138034,5987,611184,4609,496944,460,29906,4507,184279,6506,490612,4962,674891,California
Sacramento,2021-05-06,11201,1149235,6205,617389,4689,501633,307,30213,4615,182936,6261,496873,4918,679809,California
Sacramento,2021-05-07,10613,1159848,6167,623556,4076,505709,370,30583,4472,181688,6091,502964,4843,684652,California
Sacramento,2021-05-08,8229,1168077,3815,627371,4184,509893,230,30813,2716,179151,5476,508440,2939,687591,California
Sacramento,2021-05-09,3149,1171226,1655,629026,1380,511273,114,30927,1174,178475,1964,510404,1288,688879,California
Sacramento,2021-05-10,8079,1179305,3734,632760,4076,515349,269,31196,1976,174650,6072,516476,2247,691126,California
Sacramento,2021-05-11,8277,1187582,5156,637916,2863,518212,258,31454,2883,172430,5361,521837,3141,694267,California
Sacramento,2021-05-12,8545,1196127,5143,643059,3147,521359,255,31709,3038,170249,5472,527309,3291,697558,California
Sacramento,2021-05-13,11668,1207795,7453,650512,3939,525298,276,31985,4464,167824,7164,534473,4739,702297,California
Sacramento,2021-05-14,12212,1220007,6914,657426,5009,530307,289,32274,5061,166076,7097,541570,5349,707646,California
Sacramento,2021-05-15,13080,1233087,7903,665329,5034,535341,143,32417,5799,164766,7248,548818,5938,713584,California
Sacramento,2021-05-16,7867,1240954,4115,669444,3639,538980,113,32530,2150,161338,5693,554511,2265,715849,California
Sacramento,2021-05-17,10388,1251342,6308,675752,3789,542769,291,32821,3980,159238,6374,560885,4274,720123,California
Sacramento,2021-05-18,9702,1261044,6088,681840,3405,546174,209,33030,3692,157174,5969,566854,3905,724028,California
Sacramento,2021-05-19,9742,1270786,6234,688074,3245,549419,263,33293,4516,156774,5185,572039,4785,728813,California
Sacramento,2021-05-20,10116,1280902,6671,694745,3184,552603,261,33554,3842,154653,6225,578264,4104,732917,California
Sacramento,2021-05-21,10665,1291567,6794,701539,3546,556149,325,33879,4558,153475,6066,584330,4888,737805,California
Sacramento,2021-05-22,7388,1298955,4581,706120,2636,558785,171,34050,3341,152972,4018,588348,3515,741320,California
Sacramento,2021-05-23,4164,1303119,2864,708984,1197,559982,103,34153,1916,152762,2229,590577,2019,743339,California
Sacramento,2021-05-24,7653,1310772,4567,713551,2756,562738,330,34483,2395,150271,5214,595791,2723,746062,California
Sacramento,2021-05-25,6659,1317431,3858,717409,2509,565247,292,34775,2383,148694,4251,600042,2674,748736,California
Sacramento,2021-05-26,8477,1325908,4695,722104,3452,568699,330,35105,2808,146209,5619,605661,3134,751870,California
Sacramento,2021-05-27,6655,1332563,3638,725742,2774,571473,243,35348,2965,145765,3652,609313,3208,755078,California
Sacramento,2021-05-28,8234,1340797,4569,730311,3293,574766,372,35720,3500,144942,4696,614009,3873,758951,California
Sacramento,2021-05-29,4379,1345176,2672,732983,1551,576317,156,35876,2238,145218,2118,616127,2394,761345,California
Sacramento,2021-05-30,1653,1346829,1039,734022,575,576892,39,35915,762,145135,884,617011,801,762146,California
Sacramento,2021-05-31,884,1347713,444,734466,427,577319,13,35928,315,144894,569,617580,328,762474,California
Sacramento,2021-06-01,6932,1354645,4171,738637,2555,579874,206,36134,2676,143558,4215,621795,2879,765353,California
Sacramento,2021-06-02,6076,1360721,3349,741986,2512,582386,215,36349,2320,142380,3711,625506,2533,767886,California
Sacramento,2021-06-03,7416,1368137,5056,747042,2178,584564,182,36531,2251,139688,5124,630630,2432,770318,California
Sacramento,2021-06-04,7025,1375162,4509,751551,2306,586870,210,36741,2279,137462,4715,635345,2489,772807,California
Sacramento,2021-06-05,6158,1381320,4529,756080,1490,588360,139,36880,1794,135057,4336,639681,1931,774738,California
Sacramento,2021-06-06,2340,1383660,1831,757911,452,588812,57,36937,790,134360,1544,641225,847,775585,California
Sacramento,2021-06-07,5546,1389206,3883,761794,1484,590296,179,37116,1601,132218,3919,645144,1777,777362,California
Sacramento,2021-06-08,5352,1394558,3668,765462,1505,591801,179,37295,1789,130652,3537,648681,1971,779333,California
Sacramento,2021-06-09,6137,1400695,4276,769738,1680,593481,181,37476,1630,128008,4455,653136,1811,781144,California
Sacramento,2021-06-10,5359,1406054,3447,773185,1715,595196,197,37673,1667,126229,3644,656780,1865,783009,California
Sacramento,2021-06-11,7493,1413547,5179,778364,2119,597315,195,37868,2033,123029,5428,662208,2228,785237,California
Sacramento,2021-06-12,4621,1418168,3004,781368,1504,598819,113,37981,1244,121024,3362,665570,1357,786594,California
Sacramento,2021-06-13,1914,1420082,1403,782771,469,599288,42,38023,426,120014,1477,667047,467,787061,California
Sacramento,2021-06-14,3607,1423689,2155,784926,1305,600593,147,38170,1054,118676,2540,669587,1202,788263,California
Sacramento,2021-06-15,4834,1428523,2937,787863,1675,602268,222,38392,1689,117459,3128,672715,1911,790174,California
Sacramento,2021-06-16,2494,1431017,1685,789548,661,602929,148,38540,784,116683,1702,674417,926,791100,California
San Benito,2020-12-16,29,29,29,29,0,0,0,0,29,29,0,0,29,29,California
San Benito,2020-12-17,47,76,47,76,0,0,0,0,47,76,0,0,47,76,California
San Benito,2020-12-18,72,148,72,148,0,0,0,0,72,148,0,0,72,148,California
San Benito,2020-12-19,47,195,47,195,0,0,0,0,47,195,0,0,47,195,California
San Benito,2020-12-20,23,218,23,218,0,0,0,0,23,218,0,0,23,218,California
San Benito,2020-12-21,78,296,78,296,0,0,0,0,78,296,0,0,78,296,California
San Benito,2020-12-22,104,400,104,400,0,0,0,0,104,400,0,0,104,400,California
San Benito,2020-12-23,85,485,74,474,11,11,0,0,85,485,0,0,85,485,California
San Benito,2020-12-24,13,498,5,479,8,19,0,0,13,498,0,0,13,498,California
San Benito,2020-12-25,3,501,3,482,0,19,0,0,3,501,0,0,3,501,California
San Benito,2020-12-26,12,513,4,486,8,27,0,0,12,513,0,0,12,513,California
San Benito,2020-12-27,8,521,7,493,1,28,0,0,8,521,0,0,8,521,California
San Benito,2020-12-28,64,585,37,530,27,55,0,0,64,585,0,0,64,585,California
San Benito,2020-12-29,50,635,21,551,29,84,0,0,50,635,0,0,50,635,California
San Benito,2020-12-30,60,695,38,589,22,106,0,0,60,695,0,0,60,695,California
San Benito,2020-12-31,17,712,2,591,15,121,0,0,17,712,0,0,17,712,California
San Benito,2021-01-02,24,736,23,614,1,122,0,0,24,736,0,0,24,736,California
San Benito,2021-01-03,3,739,1,615,2,124,0,0,3,739,0,0,3,739,California
San Benito,2021-01-04,62,801,24,639,38,162,0,0,62,801,0,0,62,801,California
San Benito,2021-01-05,121,922,37,676,84,246,0,0,118,916,3,3,118,919,California
San Benito,2021-01-06,101,1023,41,717,60,306,0,0,87,989,14,17,87,1006,California
San Benito,2021-01-07,106,1129,68,785,38,344,0,0,54,991,52,69,54,1060,California
San Benito,2021-01-08,184,1313,90,875,94,438,0,0,119,1045,65,134,119,1179,California
San Benito,2021-01-09,44,1357,32,907,12,450,0,0,30,1061,14,148,30,1209,California
San Benito,2021-01-10,16,1373,14,921,2,452,0,0,5,1055,11,159,5,1214,California
San Benito,2021-01-11,174,1547,109,1030,65,517,0,0,72,1025,102,261,72,1286,California
San Benito,2021-01-12,163,1710,58,1088,105,622,0,0,122,1106,41,302,122,1408,California
San Benito,2021-01-13,239,1949,69,1157,170,792,0,0,189,1245,50,352,189,1597,California
San Benito,2021-01-14,134,2083,25,1182,109,901,0,0,114,1340,20,372,115,1712,California
San Benito,2021-01-15,218,2301,21,1203,197,1098,0,0,204,1530,14,386,204,1916,California
San Benito,2021-01-16,25,2326,8,1211,17,1115,0,0,20,1545,5,391,20,1936,California
San Benito,2021-01-17,11,2337,5,1216,6,1121,0,0,8,1550,3,394,8,1944,California
San Benito,2021-01-18,35,2372,22,1238,13,1134,0,0,20,1555,15,409,20,1964,California
San Benito,2021-01-19,152,2524,66,1304,86,1220,0,0,124,1651,28,437,124,2088,California
San Benito,2021-01-20,276,2800,95,1399,181,1401,0,0,231,1838,44,481,231,2319,California
San Benito,2021-01-21,127,2927,33,1432,94,1495,0,0,102,1915,25,506,102,2421,California
San Benito,2021-01-22,238,3165,19,1451,219,1714,0,0,228,2133,10,516,228,2649,California
San Benito,2021-01-23,29,3194,16,1467,13,1727,0,0,12,2128,17,533,12,2661,California
San Benito,2021-01-24,8,3202,3,1470,5,1732,0,0,4,2128,4,537,4,2665,California
San Benito,2021-01-25,65,3267,24,1494,41,1773,0,0,19,2101,46,583,19,2684,California
San Benito,2021-01-26,138,3405,41,1535,97,1870,0,0,85,2133,53,636,85,2769,California
San Benito,2021-01-27,231,3636,70,1605,161,2031,0,0,191,2284,40,676,191,2960,California
San Benito,2021-01-28,150,3786,32,1637,118,2149,0,0,121,2377,28,704,121,3081,California
San Benito,2021-01-29,296,4082,34,1671,262,2411,0,0,271,2624,24,728,271,3352,California
San Benito,2021-01-30,51,4133,33,1704,18,2429,0,0,27,2627,24,752,27,3379,California
San Benito,2021-01-31,15,4148,4,1708,11,2440,0,0,10,2632,5,757,10,3389,California
San Benito,2021-02-01,134,4282,28,1736,106,2546,0,0,91,2680,43,800,91,3480,California
San Benito,2021-02-02,232,4514,49,1785,183,2729,0,0,138,2724,94,894,138,3618,California
San Benito,2021-02-03,343,4857,44,1829,299,3028,0,0,273,2927,70,964,273,3891,California
San Benito,2021-02-04,169,5026,25,1854,144,3172,0,0,123,3004,46,1010,123,4014,California
San Benito,2021-02-05,299,5325,41,1895,258,3430,0,0,235,3175,64,1074,235,4249,California
San Benito,2021-02-06,47,5372,8,1903,39,3469,0,0,31,3190,16,1090,31,4280,California
San Benito,2021-02-07,15,5387,6,1909,9,3478,0,0,14,3203,1,1091,14,4294,California
San Benito,2021-02-08,139,5526,16,1925,123,3601,0,0,93,3250,46,1137,93,4387,California
San Benito,2021-02-09,326,5852,61,1986,265,3866,0,0,193,3310,133,1270,193,4580,California
San Benito,2021-02-10,322,6174,87,2073,235,4101,0,0,113,3215,208,1478,113,4693,California
San Benito,2021-02-11,302,6476,33,2106,269,4370,0,0,201,3315,101,1579,201,4894,California
San Benito,2021-02-12,421,6897,31,2137,390,4760,0,0,213,3321,207,1786,213,5107,California
San Benito,2021-02-13,57,6954,6,2143,51,4811,0,0,46,3356,11,1797,46,5153,California
San Benito,2021-02-14,40,6994,5,2148,35,4846,0,0,30,3376,10,1807,30,5183,California
San Benito,2021-02-15,109,7103,10,2158,99,4945,0,0,99,3465,10,1817,99,5282,California
San Benito,2021-02-16,210,7313,11,2169,199,5144,0,0,106,3468,104,1921,107,5389,California
San Benito,2021-02-17,332,7645,31,2200,301,5445,0,0,282,3700,50,1971,282,5671,California
San Benito,2021-02-18,293,7938,38,2238,255,5700,0,0,70,3547,223,2194,70,5741,California
San Benito,2021-02-19,351,8289,49,2287,302,6002,0,0,180,3556,171,2365,180,5921,California
San Benito,2021-02-20,47,8336,25,2312,22,6024,0,0,37,3583,10,2375,37,5958,California
San Benito,2021-02-21,24,8360,11,2323,13,6037,0,0,17,3593,7,2382,17,5975,California
San Benito,2021-02-22,133,8493,33,2356,100,6137,0,0,98,3657,34,2416,98,6073,California
San Benito,2021-02-23,374,8867,94,2450,280,6417,0,0,259,3801,115,2531,259,6332,California
San Benito,2021-02-24,385,9252,68,2518,317,6734,0,0,245,3906,140,2671,245,6577,California
San Benito,2021-02-25,399,9651,71,2589,328,7062,0,0,277,4059,124,2795,277,6854,California
San Benito,2021-02-26,661,10312,75,2664,586,7648,0,0,413,4224,248,3043,413,7267,California
San Benito,2021-02-27,111,10423,45,2709,66,7714,0,0,93,4299,18,3061,93,7360,California
San Benito,2021-02-28,253,10676,28,2737,225,7939,0,0,244,4534,9,3070,244,7604,California
San Benito,2021-03-01,232,10908,60,2797,172,8111,0,0,161,4623,72,3142,161,7765,California
San Benito,2021-03-02,285,11193,93,2890,192,8303,0,0,214,4766,71,3213,214,7979,California
San Benito,2021-03-03,408,11601,62,2952,346,8649,0,0,232,4824,174,3387,232,8211,California
San Benito,2021-03-04,622,12223,129,3081,478,9127,15,15,436,5078,186,3573,440,8651,California
San Benito,2021-03-05,594,12817,312,3393,270,9397,12,27,378,5254,214,3787,390,9041,California
San Benito,2021-03-06,202,13019,73,3466,115,9512,14,41,150,5366,52,3839,164,9205,California
San Benito,2021-03-07,645,13664,602,4068,20,9532,23,64,613,5970,32,3871,636,9841,California
San Benito,2021-03-08,292,13956,68,4136,177,9709,47,111,168,6061,124,3995,215,10056,California
San Benito,2021-03-09,429,14385,84,4220,245,9954,100,211,139,5984,289,4284,212,10268,California
San Benito,2021-03-10,406,14791,117,4337,193,10147,96,307,234,6142,172,4456,330,10598,California
San Benito,2021-03-11,476,15267,122,4459,199,10346,155,462,210,6241,266,4722,365,10963,California
San Benito,2021-03-12,526,15793,122,4581,309,10655,95,557,233,6279,291,5013,329,11292,California
San Benito,2021-03-13,201,15994,99,4680,83,10738,19,576,128,6356,70,5083,147,11439,California
San Benito,2021-03-14,233,16227,40,4720,173,10911,20,596,179,6502,53,5136,199,11638,California
San Benito,2021-03-15,326,16553,99,4819,208,11119,19,615,192,6579,134,5270,211,11849,California
San Benito,2021-03-16,507,17060,221,5040,254,11373,32,647,353,6808,154,5424,383,12232,California
San Benito,2021-03-17,800,17860,482,5522,296,11669,22,669,566,7158,230,5654,580,12812,California
San Benito,2021-03-18,792,18652,534,6056,205,11874,53,722,574,7559,217,5871,618,13430,California
San Benito,2021-03-19,775,19427,404,6460,348,12222,23,745,573,7953,202,6073,596,14026,California
San Benito,2021-03-20,248,19675,152,6612,85,12307,11,756,187,8090,61,6134,198,14224,California
San Benito,2021-03-21,112,19787,58,6670,49,12356,5,761,82,8147,30,6164,87,14311,California
San Benito,2021-03-22,351,20138,172,6842,154,12510,25,786,219,8259,132,6296,244,14555,California
San Benito,2021-03-23,478,20616,202,7044,266,12776,10,796,219,8228,259,6555,228,14783,California
San Benito,2021-03-24,584,21200,310,7354,267,13043,7,803,360,8372,223,6778,367,15150,California
San Benito,2021-03-25,749,21949,445,7799,300,13343,4,807,445,8521,300,7078,449,15599,California
San Benito,2021-03-26,1032,22981,527,8326,500,13843,5,812,339,8173,692,7770,344,15943,California
San Benito,2021-03-27,348,23329,197,8523,118,13961,33,845,223,8304,125,7895,256,16199,California
San Benito,2021-03-28,731,24060,604,9127,121,14082,6,851,129,7837,602,8497,135,16334,California
San Benito,2021-03-29,344,24404,110,9237,214,14296,20,871,143,7798,201,8698,162,16496,California
San Benito,2021-03-30,588,24992,278,9515,214,14510,96,967,299,7904,289,8987,395,16891,California
San Benito,2021-03-31,603,25595,371,9886,208,14718,24,991,343,8014,257,9244,367,17258,California
San Benito,2021-04-01,960,26555,385,10271,536,15254,39,1030,570,8229,389,9633,604,17862,California
San Benito,2021-04-02,542,27097,260,10531,146,15400,136,1166,267,8358,274,9907,403,18265,California
San Benito,2021-04-03,260,27357,87,10618,108,15508,65,1231,74,8311,186,10093,139,18404,California
San Benito,2021-04-04,143,27500,107,10725,30,15538,6,1237,105,8384,38,10131,111,18515,California
San Benito,2021-04-05,361,27861,173,10898,145,15683,43,1280,150,8365,211,10342,192,18707,California
San Benito,2021-04-06,468,28329,165,11063,124,15807,179,1459,159,8394,309,10651,338,19045,California
San Benito,2021-04-07,950,29279,530,11593,229,16036,191,1650,266,8169,682,11333,457,19502,California
San Benito,2021-04-08,865,30144,430,12023,181,16217,254,1904,225,8009,639,11972,479,19981,California
San Benito,2021-04-09,854,30998,504,12527,258,16475,92,1996,296,7840,557,12529,388,20369,California
San Benito,2021-04-10,355,31353,213,12740,79,16554,63,2059,196,7941,159,12688,260,20629,California
San Benito,2021-04-11,479,31832,274,13014,170,16724,35,2094,271,8018,208,12896,285,20914,California
San Benito,2021-04-12,538,32370,285,13299,136,16860,117,2211,280,8154,257,13153,393,21307,California
San Benito,2021-04-13,757,33127,296,13595,438,17298,23,2234,525,8472,231,13384,549,21856,California
San Benito,2021-04-14,848,33975,669,14264,179,17477,0,2234,402,8434,440,13824,402,22258,California
San Benito,2021-04-15,956,34931,742,15006,213,17690,1,2235,479,8439,476,14300,481,22739,California
San Benito,2021-04-16,706,35637,370,15376,325,18015,11,2246,297,8342,406,14706,309,23048,California
San Benito,2021-04-17,323,35960,226,15602,97,18112,0,2246,130,8278,195,14901,131,23179,California
San Benito,2021-04-18,500,36460,417,16019,83,18195,0,2246,241,8262,259,15160,243,23422,California
San Benito,2021-04-19,744,37204,597,16616,147,18342,0,2246,427,8374,316,15476,428,23850,California
San Benito,2021-04-20,776,37980,406,17022,368,18710,2,2248,492,8588,279,15755,493,24343,California
San Benito,2021-04-21,961,38941,703,17725,258,18968,0,2248,523,8687,424,16179,523,24866,California
San Benito,2021-04-22,904,39845,691,18416,213,19181,0,2248,569,8929,327,16506,569,25435,California
San Benito,2021-04-23,634,40479,400,18816,233,19414,1,2249,344,9032,241,16747,344,25779,California
San Benito,2021-04-24,365,40844,202,19018,163,19577,0,2249,171,9047,156,16903,171,25950,California
San Benito,2021-04-25,206,41050,128,19146,78,19655,0,2249,95,9049,93,16996,95,26045,California
San Benito,2021-04-26,493,41543,391,19537,102,19757,0,2249,259,9135,173,17169,259,26304,California
San Benito,2021-04-27,554,42097,280,19817,267,20024,7,2256,408,9414,136,17305,415,26719,California
San Benito,2021-04-28,555,42652,391,20208,155,20179,9,2265,393,9658,157,17462,401,27120,California
San Benito,2021-04-29,636,43288,235,20443,391,20570,10,2275,255,9559,381,17843,282,27402,California
San Benito,2021-04-30,379,43667,211,20654,161,20731,7,2282,205,9599,172,18015,212,27614,California
San Benito,2021-05-01,202,43869,146,20800,47,20778,9,2291,66,9540,134,18149,75,27689,California
San Benito,2021-05-02,192,44061,164,20964,24,20802,4,2295,59,9470,133,18282,63,27752,California
San Benito,2021-05-03,362,44423,283,21247,69,20871,10,2305,90,9300,272,18554,102,27854,California
San Benito,2021-05-04,407,44830,246,21493,153,21024,8,2313,151,9204,254,18808,158,28012,California
San Benito,2021-05-05,607,45437,426,21919,165,21189,16,2329,210,9036,394,19202,226,28238,California
San Benito,2021-05-06,620,46057,490,22409,114,21303,16,2345,223,8882,393,19595,239,28477,California
San Benito,2021-05-07,449,46506,283,22692,155,21458,11,2356,174,8795,273,19868,186,28663,California
San Benito,2021-05-08,278,46784,226,22918,47,21505,5,2361,157,8836,121,19989,162,28825,California
San Benito,2021-05-09,103,46887,77,22995,23,21528,3,2364,48,8832,55,20044,51,28876,California
San Benito,2021-05-10,416,47303,327,23322,65,21593,24,2388,52,8545,364,20408,77,28953,California
San Benito,2021-05-11,822,48125,411,23733,395,21988,16,2404,183,8108,637,21045,200,29153,California
San Benito,2021-05-12,491,48616,389,24122,89,22077,13,2417,113,7858,377,21422,127,29280,California
San Benito,2021-05-13,688,49304,587,24709,90,22167,11,2428,174,7531,511,21933,184,29464,California
San Benito,2021-05-14,598,49902,443,25152,148,22315,7,2435,234,7409,363,22296,241,29705,California
San Benito,2021-05-15,228,50130,171,25323,51,22366,6,2441,125,7437,103,22399,131,29836,California
San Benito,2021-05-16,170,50300,142,25465,26,22392,2,2443,93,7455,77,22476,95,29931,California
San Benito,2021-05-17,391,50691,314,25779,67,22459,10,2453,178,7432,211,22687,188,30119,California
San Benito,2021-05-18,677,51368,356,26135,316,22775,5,2458,211,7183,466,23153,217,30336,California
San Benito,2021-05-19,577,51945,419,26554,150,22925,8,2466,232,7078,345,23498,240,30576,California
San Benito,2021-05-20,593,52538,468,27022,114,23039,11,2477,315,7127,277,23775,326,30902,California
San Benito,2021-05-21,472,53010,278,27300,177,23216,17,2494,215,7104,255,24030,232,31134,California
San Benito,2021-05-22,298,53308,223,27523,70,23286,5,2499,181,7176,115,24145,187,31321,California
San Benito,2021-05-23,93,53401,55,27578,34,23320,4,2503,35,7156,58,24203,38,31359,California
San Benito,2021-05-24,300,53701,252,27830,41,23361,7,2510,186,7235,114,24317,193,31552,California
San Benito,2021-05-25,527,54228,242,28072,278,23639,7,2517,172,7061,353,24670,179,31731,California
San Benito,2021-05-26,308,54536,190,28262,112,23751,6,2523,128,7015,179,24849,133,31864,California
San Benito,2021-05-27,405,54941,309,28571,73,23824,23,2546,149,6934,256,25105,175,32039,California
San Benito,2021-05-28,287,55228,177,28748,103,23927,7,2553,111,6877,175,25280,118,32157,California
San Benito,2021-05-29,148,55376,126,28874,20,23947,2,2555,63,6857,85,25365,65,32222,California
San Benito,2021-05-30,270,55646,255,29129,15,23962,0,2555,94,6776,175,25540,94,32316,California
San Benito,2021-05-31,102,55748,89,29218,11,23973,2,2557,45,6767,56,25596,47,32363,California
San Benito,2021-06-01,270,56018,122,29340,122,24095,26,2583,99,6721,170,25766,124,32487,California
San Benito,2021-06-02,321,56339,242,29582,76,24171,3,2586,119,6642,202,25968,123,32610,California
San Benito,2021-06-03,340,56679,288,29870,45,24216,7,2593,134,6580,203,26171,141,32751,California
San Benito,2021-06-04,270,56949,203,30073,67,24283,0,2593,88,6487,181,26352,88,32839,California
San Benito,2021-06-05,91,57040,73,30146,17,24300,1,2594,19,6436,71,26423,20,32859,California
San Benito,2021-06-06,59,57099,48,30194,8,24308,3,2597,15,6410,44,26467,18,32877,California
San Benito,2021-06-07,338,57437,299,30493,34,24342,5,2602,87,6253,249,26716,92,32969,California
San Benito,2021-06-08,307,57744,216,30709,76,24418,15,2617,98,6158,208,26924,113,33082,California
San Benito,2021-06-09,245,57989,191,30900,46,24464,8,2625,73,6067,172,27096,81,33163,California
San Benito,2021-06-10,357,58346,328,31228,22,24486,7,2632,71,5862,283,27379,78,33241,California
San Benito,2021-06-11,269,58615,228,31456,20,24506,21,2653,90,5795,178,27557,111,33352,California
San Benito,2021-06-12,150,58765,137,31593,10,24516,3,2656,41,5745,94,27651,44,33396,California
San Benito,2021-06-13,50,58815,38,31631,10,24526,2,2658,14,5732,29,27680,16,33412,California
San Benito,2021-06-14,144,58959,115,31746,26,24552,3,2661,39,5670,104,27784,42,33454,California
San Benito,2021-06-15,212,59171,121,31867,86,24638,5,2666,72,5611,137,27921,78,33532,California
San Benito,2021-06-16,119,59290,94,31961,16,24654,9,2675,42,5585,77,27998,51,33583,California
San Bernardino,2020-12-15,13,13,13,13,0,0,0,0,13,13,0,0,13,13,California
San Bernardino,2020-12-16,114,127,114,127,0,0,0,0,114,127,0,0,114,127,California
San Bernardino,2020-12-17,2374,2501,2374,2501,0,0,0,0,2374,2501,0,0,2374,2501,California
San Bernardino,2020-12-18,3169,5670,3166,5667,3,3,0,0,3170,5671,0,0,3170,5671,California
San Bernardino,2020-12-19,1077,6747,1076,6743,1,4,0,0,1078,6749,0,0,1078,6749,California
San Bernardino,2020-12-20,1173,7920,1170,7913,3,7,0,0,1173,7922,0,0,1173,7922,California
San Bernardino,2020-12-21,2469,10389,2463,10376,6,13,0,0,2469,10391,0,0,2469,10391,California
San Bernardino,2020-12-22,2285,12674,2155,12531,130,143,0,0,2285,12676,0,0,2285,12676,California
San Bernardino,2020-12-23,2681,15355,1475,14006,1206,1349,0,0,2679,15355,0,0,2679,15355,California
San Bernardino,2020-12-24,1170,16525,590,14596,580,1929,0,0,1170,16524,1,1,1170,16525,California
San Bernardino,2020-12-25,74,16599,14,14610,60,1989,0,0,74,16598,0,1,74,16599,California
San Bernardino,2020-12-26,463,17062,254,14864,209,2198,0,0,463,17061,0,1,463,17062,California
San Bernardino,2020-12-27,348,17410,161,15025,187,2385,0,0,347,17407,1,2,347,17409,California
San Bernardino,2020-12-28,1580,18990,717,15742,863,3248,0,0,1581,18988,0,2,1581,18990,California
San Bernardino,2020-12-29,2225,21215,1048,16790,1177,4425,0,0,2225,21213,0,2,2225,21215,California
San Bernardino,2020-12-30,2898,24113,1455,18245,1443,5868,0,0,2898,24111,0,2,2898,24113,California
San Bernardino,2020-12-31,1369,25482,440,18685,929,6797,0,0,1367,25478,0,2,1367,25480,California
San Bernardino,2021-01-01,286,25768,153,18838,133,6930,0,0,285,25763,0,2,285,25765,California
San Bernardino,2021-01-02,481,26249,341,19179,140,7070,0,0,481,26244,0,2,481,26246,California
San Bernardino,2021-01-03,137,26386,86,19265,51,7121,0,0,137,26381,0,2,137,26383,California
San Bernardino,2021-01-04,2141,28527,1298,20563,843,7964,0,0,2140,28521,0,2,2140,28523,California
San Bernardino,2021-01-05,2341,30868,1464,22027,877,8841,0,0,2232,30645,108,110,2232,30755,California
San Bernardino,2021-01-06,3464,34332,2368,24395,1096,9937,0,0,2962,33112,496,606,2963,33718,California
San Bernardino,2021-01-07,5445,39777,4521,28916,924,10861,0,0,2490,32666,2936,3542,2490,36208,California
San Bernardino,2021-01-08,5376,45153,4450,33366,926,11787,0,0,2287,31870,3084,6626,2288,38496,California
San Bernardino,2021-01-09,1408,46561,1104,34470,304,12091,0,0,906,32274,502,7128,906,39402,California
San Bernardino,2021-01-10,1023,47584,597,35067,426,12517,0,0,575,32401,448,7576,575,39977,California
San Bernardino,2021-01-11,4988,52572,4083,39150,905,13422,0,0,2764,32945,2220,9796,2764,42741,California
San Bernardino,2021-01-12,4245,56817,3219,42369,1026,14448,0,0,2515,33733,1727,11523,2515,45256,California
San Bernardino,2021-01-13,4600,61417,2865,45234,1735,16183,0,0,3364,35874,1225,12748,3366,48622,California
San Bernardino,2021-01-14,4834,66251,2847,48081,1987,18170,0,0,4246,39536,584,13332,4246,52868,California
San Bernardino,2021-01-15,6024,72275,2997,51078,3027,21197,0,0,5626,44775,390,13722,5629,58497,California
San Bernardino,2021-01-16,2265,74540,1292,52370,973,22170,0,0,2121,46752,144,13866,2121,60618,California
San Bernardino,2021-01-17,1179,75719,505,52875,674,22844,0,0,1095,47766,83,13949,1097,61715,California
San Bernardino,2021-01-18,4276,79995,2643,55518,1633,24477,0,0,3653,50798,623,14572,3655,65370,California
San Bernardino,2021-01-19,6352,86347,3729,59247,2623,27100,0,0,5255,54960,1095,15667,5257,70627,California
San Bernardino,2021-01-20,6883,93230,3782,63029,3101,30201,0,0,4921,57932,1953,17620,4925,75552,California
San Bernardino,2021-01-21,6019,99249,3097,66126,2922,33123,0,0,4896,61719,1115,18735,4902,80454,California
San Bernardino,2021-01-22,6563,105812,3069,69195,3494,36617,0,0,5834,66828,727,19462,5836,86290,California
San Bernardino,2021-01-23,3129,108941,1901,71096,1228,37845,0,0,2734,69168,394,19856,2734,89024,California
San Bernardino,2021-01-24,1200,110141,461,71557,739,38584,0,0,1097,70162,103,19959,1097,90121,California
San Bernardino,2021-01-25,6904,117045,3414,74971,3490,42074,0,0,5056,73376,1845,21804,5059,95180,California
San Bernardino,2021-01-26,7070,124115,3506,78477,3564,45638,0,0,4956,76222,2113,23917,4959,100139,California
San Bernardino,2021-01-27,8564,132679,4166,82643,4398,50036,0,0,5733,79136,2823,26740,5737,105876,California
San Bernardino,2021-01-28,8617,141296,4088,86731,4529,54565,0,0,6285,83094,2327,29067,6285,112161,California
San Bernardino,2021-01-29,8230,149526,3788,90519,4442,59007,0,0,6247,87373,1969,31036,6248,118409,California
San Bernardino,2021-01-30,3094,152620,1890,92409,1204,60211,0,0,2802,89886,290,31326,2803,121212,California
San Bernardino,2021-01-31,928,153548,491,92900,437,60648,0,0,874,90707,53,31379,874,122086,California
San Bernardino,2021-02-01,7590,161138,4256,97156,3334,63982,0,0,4953,93027,2634,34013,4954,127040,California
San Bernardino,2021-02-02,10478,171616,3660,100816,6818,70800,0,0,8413,99380,2061,36074,8414,135454,California
San Bernardino,2021-02-03,9030,180646,4158,104974,4872,75672,0,0,6524,103406,2499,38573,6525,141979,California
San Bernardino,2021-02-04,10520,191166,5173,110147,5347,81019,0,0,7418,107733,3091,41664,7418,149397,California
San Bernardino,2021-02-05,11060,202226,5933,116080,5127,86146,0,0,7499,111684,3549,45213,7500,156897,California
San Bernardino,2021-02-06,5287,207513,2220,118300,3067,89213,0,0,3652,113728,1611,46824,3655,160552,California
San Bernardino,2021-02-07,843,208356,492,118792,351,89564,0,0,467,113823,373,47197,468,161020,California
San Bernardino,2021-02-08,7312,215668,3900,122692,3412,92976,0,0,5639,117790,1672,48869,5639,166659,California
San Bernardino,2021-02-09,10178,225846,5924,128616,4254,97230,0,0,6864,121345,3312,52181,6867,173526,California
San Bernardino,2021-02-10,12112,237958,6468,135084,5644,102874,0,0,7985,125213,4118,56299,7986,181512,California
San Bernardino,2021-02-11,12482,250440,7162,142246,5320,108194,0,0,7949,128657,4508,60807,7952,189464,California
San Bernardino,2021-02-12,10433,260873,5963,148209,4470,112664,0,0,5683,129607,4733,65540,5683,195147,California
San Bernardino,2021-02-13,6056,266929,4035,152244,2021,114685,0,0,3807,131186,2233,67773,3812,198959,California
San Bernardino,2021-02-14,1555,268484,651,152895,904,115589,0,0,876,131390,672,68445,876,199835,California
San Bernardino,2021-02-15,5490,273974,3002,155897,2488,118077,0,0,3070,132052,2408,70853,3070,202905,California
San Bernardino,2021-02-16,12605,286579,7348,163245,5257,123334,0,0,7970,135401,4622,75475,7971,210876,California
San Bernardino,2021-02-17,11824,298403,6472,169717,5352,128686,0,0,7154,137907,4650,80125,7156,218032,California
San Bernardino,2021-02-18,12502,310905,7594,177311,4908,133594,0,0,7708,140837,4779,84904,7709,225741,California
San Bernardino,2021-02-19,11569,322474,5967,183278,5602,139196,0,0,6837,142962,4712,89616,6837,232578,California
San Bernardino,2021-02-20,4533,327007,3477,186755,1056,140252,0,0,2046,142528,2482,92098,2048,234626,California
San Bernardino,2021-02-21,1149,328156,688,187443,461,140713,0,0,405,142189,744,92842,405,235031,California
San Bernardino,2021-02-22,8702,336858,5359,192802,3343,144056,0,0,4053,141607,4637,97479,4055,239086,California
San Bernardino,2021-02-23,9182,346040,5459,198261,3723,147779,0,0,4641,141732,4516,101995,4641,243727,California
San Bernardino,2021-02-24,12494,358534,7193,205454,5301,153080,0,0,6182,141623,6292,108287,6183,249910,California
San Bernardino,2021-02-25,13149,371683,6309,211763,6840,159920,0,0,7667,143829,5464,113751,7670,257580,California
San Bernardino,2021-02-26,13641,385324,6395,218158,7246,167166,0,0,7598,145450,5980,119731,7601,265181,California
San Bernardino,2021-02-27,6685,392009,3739,221897,2945,170111,1,1,4821,148418,1855,121586,4823,270004,California
San Bernardino,2021-02-28,1785,393794,746,222643,1039,171150,0,1,1143,148927,634,122220,1143,271147,California
San Bernardino,2021-03-01,8473,402267,4370,227013,4099,175249,4,5,3849,148189,4599,126819,3861,275008,California
San Bernardino,2021-03-02,13915,416182,5569,232582,8346,183595,0,5,6563,147434,7321,134140,6566,281574,California
San Bernardino,2021-03-03,13081,429263,6651,239233,6427,190022,3,8,6184,146753,6875,141015,6194,287768,California
San Bernardino,2021-03-04,13961,443224,6950,246183,7010,197032,1,9,6077,144972,7863,148878,6082,293850,California
San Bernardino,2021-03-05,14453,457677,7540,253723,6912,203944,1,10,7044,144658,7377,156255,7063,300913,California
San Bernardino,2021-03-06,9763,467440,5469,259192,4069,208013,225,235,4559,144254,5186,161441,4782,305695,California
San Bernardino,2021-03-07,1673,469113,1013,260205,589,208602,71,306,1054,144762,617,162058,1125,306820,California
San Bernardino,2021-03-08,8129,477242,3598,263803,4360,212962,171,477,3614,144044,4506,166564,3788,310608,California
San Bernardino,2021-03-09,13104,490346,7485,271288,5368,218330,251,728,5281,141768,7808,174372,5532,316140,California
San Bernardino,2021-03-10,14254,504600,7864,279152,5832,224162,558,1286,6386,140872,7841,182213,6945,323085,California
San Bernardino,2021-03-11,15645,520245,7250,286402,6802,230964,1593,2879,7397,141632,8225,190438,8985,332070,California
San Bernardino,2021-03-12,15588,535833,6950,293352,6590,237554,2048,4927,7367,142901,8190,198628,9459,341529,California
San Bernardino,2021-03-13,8427,544260,4589,297941,3316,240870,522,5449,4998,145004,3418,202046,5521,347050,California
San Bernardino,2021-03-14,3309,547569,1682,299623,1046,241916,581,6030,1850,145977,1452,203498,2425,349475,California
San Bernardino,2021-03-15,11438,559007,5391,305014,4014,245930,2033,8063,5613,147805,5810,209308,7638,357113,California
San Bernardino,2021-03-16,16259,575266,8046,313060,7270,253200,943,9006,9935,152383,6296,215604,10874,367987,California
San Bernardino,2021-03-17,17487,592753,8695,321755,8042,261242,750,9756,10601,156866,6868,222472,11351,379338,California
San Bernardino,2021-03-18,16692,609445,8260,330015,8044,269286,388,10144,9862,160310,6804,229276,10248,389586,California
San Bernardino,2021-03-19,17040,626485,8453,338468,7988,277274,599,10743,9782,163511,7231,236507,10432,400018,California
San Bernardino,2021-03-20,9506,635991,5997,344465,2913,280187,596,11339,5632,165884,3849,240356,6222,406240,California
San Bernardino,2021-03-21,2814,638805,2289,346754,474,280661,51,11390,2264,167663,536,240892,2315,408555,California
San Bernardino,2021-03-22,9658,648463,4540,351294,4680,285341,438,11828,6998,172460,2639,243531,7436,415991,California
San Bernardino,2021-03-23,15546,664009,8821,360115,6105,291446,620,12448,9610,176776,5913,249444,10229,426220,California
San Bernardino,2021-03-24,15220,679229,7846,367961,7069,298515,305,12753,10090,182078,5094,254538,10396,436616,California
San Bernardino,2021-03-25,17080,696309,8379,376340,8397,306912,304,13057,10805,186958,6223,260761,11103,447719,California
San Bernardino,2021-03-26,18257,714566,8689,385029,8797,315709,771,13828,10914,191331,7310,268071,11683,459402,California
San Bernardino,2021-03-27,10891,725457,7029,392058,3104,318813,758,14586,6203,193623,4668,272739,6960,466362,California
San Bernardino,2021-03-28,3646,729103,2561,394619,971,319784,114,14700,2528,195156,1108,273847,2641,469003,California
San Bernardino,2021-03-29,11819,740922,6139,400758,5279,325063,401,15101,7977,199711,3823,277670,8378,477381,California
San Bernardino,2021-03-30,17025,757947,9498,410256,6809,331872,718,15819,10538,204508,6450,284120,11247,488628,California
San Bernardino,2021-03-31,16630,774577,9368,419624,6623,338495,639,16458,10880,210306,5718,289838,11516,500144,California
San Bernardino,2021-04-01,19885,794462,10503,430127,7953,346448,1429,17887,12754,217393,7087,296925,14174,514318,California
San Bernardino,2021-04-02,18944,813406,9546,439673,8105,354553,1293,19180,11445,222701,7470,304395,12778,527096,California
San Bernardino,2021-04-03,11191,824597,7000,446673,3052,357605,1139,20319,6082,224826,5090,309485,7215,534311,California
San Bernardino,2021-04-04,2510,827107,1509,448182,750,358355,251,20570,1266,225107,1236,310721,1517,535828,California
San Bernardino,2021-04-05,11817,838924,5308,453490,4770,363125,1739,22309,6026,227097,5769,316490,7759,543587,California
San Bernardino,2021-04-06,19810,858734,11151,464641,6541,369666,2118,24427,10459,230360,9304,325794,12567,556154,California
San Bernardino,2021-04-07,21090,879824,11277,475918,7322,376988,2491,26918,11507,234791,9553,335347,13984,570138,California
San Bernardino,2021-04-08,22034,901858,11276,487194,8129,385117,2629,29547,12116,239641,9890,345237,14740,584878,California
San Bernardino,2021-04-09,21893,923751,11147,498341,8164,393281,2582,32129,11907,244170,9948,355185,14477,599355,California
San Bernardino,2021-04-10,15789,939540,8173,506514,3877,397158,3739,35868,7829,247786,7937,363122,11553,610908,California
San Bernardino,2021-04-11,4466,944006,2597,509111,895,398053,974,36842,2041,248375,2419,365541,3008,613916,California
San Bernardino,2021-04-12,13516,957522,6248,515359,5603,403656,1665,38507,6393,249326,7101,372642,8052,621968,California
San Bernardino,2021-04-13,19471,976993,11114,526473,8338,411994,19,38526,11168,252249,8274,380916,11197,633165,California
San Bernardino,2021-04-14,19481,996474,10428,536901,9050,421044,3,38529,10996,254808,8451,389367,11010,644175,California
San Bernardino,2021-04-15,20547,1017021,11502,548403,9039,430083,6,38535,10936,256206,9571,398938,10969,655144,California
San Bernardino,2021-04-16,18814,1035835,10678,559081,8135,438218,1,38536,9248,255982,9524,408462,9300,664444,California
San Bernardino,2021-04-17,12013,1047848,7912,566993,4101,442319,0,38536,6285,256592,5693,414155,6303,670747,California
San Bernardino,2021-04-18,2929,1050777,2014,569007,915,443234,0,38536,1288,256252,1629,415784,1289,672036,California
San Bernardino,2021-04-19,12600,1063377,6720,575727,5880,449114,0,38536,4897,253480,7682,423466,4910,676946,California
San Bernardino,2021-04-20,17657,1081034,9836,585563,7818,456932,3,38539,8064,251988,9568,433034,8076,685022,California
San Bernardino,2021-04-21,18150,1099184,10342,595905,7805,464737,3,38542,7944,249791,10144,443178,7947,692969,California
San Bernardino,2021-04-22,19253,1118437,10994,606899,8255,472992,4,38546,7820,246235,11380,454558,7824,700793,California
San Bernardino,2021-04-23,18529,1136966,10600,617499,7928,480920,1,38547,8056,243868,10426,464984,8059,708852,California
San Bernardino,2021-04-24,12889,1149855,9509,627008,3378,484298,2,38549,6928,244853,5945,470929,6930,715782,California
San Bernardino,2021-04-25,3411,1153266,2228,629236,1183,485481,0,38549,1671,244800,1725,472654,1672,717454,California
San Bernardino,2021-04-26,11141,1164407,5999,635235,5052,490533,90,38639,4764,243315,6337,478991,4852,722306,California
San Bernardino,2021-04-27,16523,1180930,9946,645181,6366,496899,211,38850,6781,240607,9698,488689,6990,729296,California
San Bernardino,2021-04-28,14743,1195673,8745,653926,5721,502620,277,39127,5281,236720,9436,498125,5549,734845,California
San Bernardino,2021-04-29,16246,1211919,9334,663260,6642,509262,270,39397,5380,231537,10829,508954,5646,740491,California
San Bernardino,2021-04-30,16568,1228487,10451,673711,5837,515099,280,39677,6097,227478,10434,519388,6375,746866,California
San Bernardino,2021-05-01,10786,1239273,8439,682150,2032,517131,315,39992,3728,224461,7055,526443,4038,750904,California
San Bernardino,2021-05-02,2933,1242206,2117,684267,684,517815,132,40124,1042,223749,1883,528326,1171,752075,California
San Bernardino,2021-05-03,10047,1252253,5764,690031,3881,521696,402,40526,2896,219910,7136,535462,3297,755372,California
San Bernardino,2021-05-04,15701,1267954,9546,699577,5701,527397,454,40980,4567,213836,11092,546554,5018,760390,California
San Bernardino,2021-05-05,15351,1283305,8829,708406,6110,533507,412,41392,4328,207594,10977,557531,4735,765125,California
San Bernardino,2021-05-06,15802,1299107,9004,717410,6385,539892,413,41805,4298,200838,11464,568995,4708,769833,California
San Bernardino,2021-05-07,15470,1314577,8680,726090,6416,546308,374,42179,4640,195073,10775,579770,5010,774843,California
San Bernardino,2021-05-08,9262,1323839,6137,732227,2858,549166,267,42446,3162,192435,6066,585836,3428,778271,California
San Bernardino,2021-05-09,1813,1325652,1116,733343,607,549773,90,42536,728,192175,1078,586914,818,779089,California
San Bernardino,2021-05-10,7453,1333105,3422,736765,3716,553489,315,42851,2283,189642,5128,592042,2595,781684,California
San Bernardino,2021-05-11,12157,1345262,6712,743477,5095,558584,350,43201,3838,185552,8279,600321,4189,785873,California
San Bernardino,2021-05-12,12659,1357921,6872,750349,5472,564056,315,43516,3746,180743,8865,609186,4056,789929,California
San Bernardino,2021-05-13,13227,1371148,7970,758319,4912,568968,345,43861,5201,178302,7982,617168,5541,795470,California
San Bernardino,2021-05-14,13632,1384780,9051,767370,4251,573219,330,44191,5685,176419,7897,625065,6014,801484,California
San Bernardino,2021-05-15,11270,1396050,8356,775726,2727,575946,187,44378,4533,174428,6705,631770,4714,806198,California
San Bernardino,2021-05-16,2782,1398832,2048,777774,672,576618,62,44440,1310,174346,1453,633223,1371,807569,California
San Bernardino,2021-05-17,10036,1408868,6759,784533,2984,579602,293,44733,4517,173669,5485,638708,4808,812377,California
San Bernardino,2021-05-18,13418,1422286,8808,793341,4362,583964,248,44981,6036,172597,7352,646060,6280,818657,California
San Bernardino,2021-05-19,11509,1433795,7193,800534,3939,587903,377,45358,5330,172158,6142,652202,5703,824360,California
San Bernardino,2021-05-20,11575,1445370,6926,807460,4335,592238,314,45672,5208,171351,6327,658529,5520,829880,California
San Bernardino,2021-05-21,12590,1457960,8338,815798,3873,596111,379,46051,5470,170130,7067,665596,5846,835726,California
San Bernardino,2021-05-22,8875,1466835,6642,822440,2024,598135,209,46260,4251,170008,4578,670174,4456,840182,California
San Bernardino,2021-05-23,2292,1469127,1416,823856,785,598920,91,46351,1087,169990,1196,671370,1178,841360,California
San Bernardino,2021-05-24,6595,1475722,4133,827989,2160,601080,302,46653,2884,169508,3668,675038,3186,844546,California
San Bernardino,2021-05-25,9275,1484997,5689,833678,3330,604410,256,46909,4134,168789,5109,680147,4390,848936,California
San Bernardino,2021-05-26,8185,1493182,5196,838874,2742,607152,247,47156,3790,168462,4360,684507,4033,852969,California
San Bernardino,2021-05-27,7608,1500790,4617,843491,2756,609908,235,47391,3488,168104,4080,688587,3722,856691,California
San Bernardino,2021-05-28,8765,1509555,5454,848945,3042,612950,269,47660,4399,168446,4324,692911,4666,861357,California
San Bernardino,2021-05-29,5013,1514568,3340,852285,1558,614508,115,47775,2630,168825,2365,695276,2744,864101,California
San Bernardino,2021-05-30,1756,1516324,1242,853527,432,614940,82,47857,911,168978,839,696115,992,865093,California
San Bernardino,2021-05-31,891,1517215,566,854093,309,615249,16,47873,321,168749,566,696681,337,865430,California
San Bernardino,2021-06-01,8612,1525827,5564,859657,2806,618055,242,48115,3541,167515,5015,701696,3781,869211,California
San Bernardino,2021-06-02,6807,1532634,4287,863944,2282,620337,238,48353,2962,166902,3811,705507,3198,872409,California
San Bernardino,2021-06-03,7903,1540537,5340,869284,2381,622718,182,48535,2769,164743,5110,710617,2951,875360,California
San Bernardino,2021-06-04,9066,1549603,6144,875428,2630,625348,292,48827,3262,162537,5758,716375,3552,878912,California
San Bernardino,2021-06-05,6500,1556103,4963,880391,1412,626760,125,48952,2339,160860,4138,720513,2461,881373,California
San Bernardino,2021-06-06,2015,1558118,1678,882069,273,627033,64,49016,845,160607,1162,721675,909,882282,California
San Bernardino,2021-06-07,6208,1564326,4841,886910,1154,628187,213,49229,1995,158621,4191,725866,2205,884487,California
San Bernardino,2021-06-08,8402,1572728,6107,893017,2077,630264,218,49447,2750,156000,5585,731451,2964,887451,California
San Bernardino,2021-06-09,6972,1579700,4971,897988,1822,632086,179,49626,2293,153836,4635,736086,2471,889922,California
San Bernardino,2021-06-10,7014,1586714,4981,902969,1839,633925,194,49820,2196,151454,4773,740859,2391,892313,California
San Bernardino,2021-06-11,7931,1594645,5614,908583,2091,636016,226,50046,2858,149503,5033,745892,3082,895395,California
San Bernardino,2021-06-12,5828,1600473,4602,913185,1109,637125,117,50163,1683,147182,4119,750011,1798,897193,California
San Bernardino,2021-06-13,1459,1601932,1023,914208,361,637486,75,50238,396,146597,1055,751066,470,897663,California
San Bernardino,2021-06-14,3810,1605742,2576,916784,1071,638557,163,50401,1310,145585,2484,753550,1472,899135,California
San Bernardino,2021-06-15,6698,1612440,4684,921468,1772,640329,242,50643,2414,143997,4237,757787,2649,901784,California
San Bernardino,2021-06-16,2692,1615132,1932,923400,622,640951,138,50781,830,143126,1838,759625,967,902751,California
San Diego,2020-12-15,120,120,120,120,0,0,0,0,120,120,0,0,120,120,California
San Diego,2020-12-16,1106,1226,1106,1226,0,0,0,0,1106,1226,0,0,1106,1226,California
San Diego,2020-12-17,2351,3577,2351,3577,0,0,0,0,2351,3577,0,0,2351,3577,California
San Diego,2020-12-18,3676,7253,3675,7252,1,1,0,0,3676,7253,0,0,3676,7253,California
San Diego,2020-12-19,2313,9566,2313,9565,0,1,0,0,2313,9566,0,0,2313,9566,California
San Diego,2020-12-20,1191,10757,1190,10755,1,2,0,0,1191,10757,0,0,1191,10757,California
San Diego,2020-12-21,3529,14286,3526,14281,3,5,0,0,3529,14286,0,0,3529,14286,California
San Diego,2020-12-22,4070,18356,3425,17706,645,650,0,0,4070,18356,0,0,4070,18356,California
San Diego,2020-12-23,3183,21539,1980,19686,1203,1853,0,0,3183,21539,0,0,3183,21539,California
San Diego,2020-12-24,2743,24282,2225,21911,518,2371,0,0,2743,24282,0,0,2743,24282,California
San Diego,2020-12-25,877,25159,876,22787,1,2372,0,0,877,25159,0,0,877,25159,California
San Diego,2020-12-26,3296,28455,2146,24933,1150,3522,0,0,3296,28455,0,0,3296,28455,California
San Diego,2020-12-27,2516,30971,1622,26555,894,4416,0,0,2515,30969,1,1,2515,30970,California
San Diego,2020-12-28,5919,36890,4232,30787,1687,6103,0,0,5919,36888,0,1,5919,36889,California
San Diego,2020-12-29,5583,42473,3008,33795,2575,8678,0,0,5583,42471,0,1,5583,42472,California
San Diego,2020-12-30,5955,48428,3107,36902,2848,11526,0,0,5955,48426,0,1,5955,48427,California
San Diego,2020-12-31,3045,51473,1057,37959,1988,13514,0,0,3045,51471,0,1,3045,51472,California
San Diego,2021-01-01,1008,52481,454,38413,554,14068,0,0,1008,52479,0,1,1008,52480,California
San Diego,2021-01-02,3748,56229,1304,39717,2444,16512,0,0,3748,56227,0,1,3748,56228,California
San Diego,2021-01-03,858,57087,633,40350,225,16737,0,0,857,57084,0,1,857,57085,California
San Diego,2021-01-04,3709,60796,2055,42405,1654,18391,0,0,3702,60786,0,1,3702,60787,California
San Diego,2021-01-05,4382,65178,2186,44591,2196,20587,0,0,3766,63952,612,613,3778,64565,California
San Diego,2021-01-06,4947,70125,2290,46881,2657,23244,0,0,3713,66458,1211,1824,3717,68282,California
San Diego,2021-01-07,5671,75796,2986,49867,2685,25929,0,0,3507,67817,2157,3981,3516,71798,California
San Diego,2021-01-08,7872,83668,4947,54814,2925,28854,0,0,4079,68139,3776,7757,4098,75896,California
San Diego,2021-01-09,3501,87169,1942,56756,1559,30413,0,0,1950,68561,1539,9296,1961,77857,California
San Diego,2021-01-10,1882,89051,1295,58051,587,31000,0,0,775,68251,1095,10391,785,78642,California
San Diego,2021-01-11,10345,99396,5865,63916,4480,35480,0,0,6809,71550,3529,13920,6828,85470,California
San Diego,2021-01-12,11205,110601,5317,69233,5888,41368,0,0,7820,76108,3376,17296,7934,93404,California
San Diego,2021-01-13,11519,122120,5059,74292,6460,47828,0,0,8964,82555,2543,19839,8990,102394,California
San Diego,2021-01-14,12373,134493,4750,79042,7623,55451,0,0,10197,90621,2168,22007,10234,112628,California
San Diego,2021-01-15,15135,149628,5355,84397,9780,65231,0,0,12480,100522,2636,24643,12537,125165,California
San Diego,2021-01-16,10777,160405,3593,87990,7184,72415,0,0,9330,108442,1442,26085,9362,134527,California
San Diego,2021-01-17,8688,169093,2500,90490,6188,78603,0,0,7846,115466,842,26927,7866,142393,California
San Diego,2021-01-18,12885,181978,6319,96809,6566,85169,0,0,10031,122738,2822,29749,10094,152487,California
San Diego,2021-01-19,14610,196588,5677,102486,8933,94102,0,0,11489,131385,3111,32860,11758,164245,California
San Diego,2021-01-20,18334,214922,6390,108876,11944,106046,0,0,14999,143257,3315,36175,15187,179432,California
San Diego,2021-01-21,17308,232230,5782,114658,11526,117572,0,0,15918,157938,1381,37556,16062,195494,California
San Diego,2021-01-22,17582,249812,4652,119310,12930,130502,0,0,15545,171545,2023,39579,15630,211124,California
San Diego,2021-01-23,14485,264297,5270,124580,9215,139717,0,0,12122,181380,2352,41931,12187,223311,California
San Diego,2021-01-24,11859,276156,3298,127878,8561,148278,0,0,10881,191328,976,42907,10924,234235,California
San Diego,2021-01-25,12254,288410,5778,133656,6476,154754,0,0,9230,197700,3016,45923,9388,243623,California
San Diego,2021-01-26,15140,303550,7842,141498,7298,162052,0,0,11743,206237,3395,49318,11932,255555,California
San Diego,2021-01-27,20576,324126,7926,149424,12650,174702,0,0,17551,220917,3016,52334,17696,273251,California
San Diego,2021-01-28,21302,345428,7633,157057,13669,188371,0,0,19020,237756,2271,54605,19110,292361,California
San Diego,2021-01-29,19640,365068,6376,163433,13264,201635,0,0,17191,252560,2439,57044,17243,309604,California
San Diego,2021-01-30,15821,380889,3574,167007,12247,213882,0,0,13132,263114,2679,59723,13233,322837,California
San Diego,2021-01-31,14776,395665,5720,172727,9056,222938,0,0,14414,277204,358,60081,14448,337285,California
San Diego,2021-02-01,20844,416509,7541,180268,13303,236241,0,0,17281,291021,3550,63631,17367,354652,California
San Diego,2021-02-02,22919,439428,8374,188642,14545,250786,0,0,19644,307568,3266,66897,19813,374465,California
San Diego,2021-02-03,27440,466868,11530,200172,15910,266696,0,0,23120,326582,4301,71198,23315,397780,California
San Diego,2021-02-04,24161,491029,9791,209963,14370,281066,0,0,19524,341776,4620,75818,19814,417594,California
San Diego,2021-02-05,24890,515919,8839,218802,16051,297117,0,0,18184,353750,6681,82499,18655,436249,California
San Diego,2021-02-06,20761,536680,8534,227336,12227,309344,0,0,17507,368232,3251,85750,17733,453982,California
San Diego,2021-02-07,12142,548822,5377,232713,6765,316109,0,0,10256,376873,1875,87625,10516,464498,California
San Diego,2021-02-08,20117,568939,8517,241230,11600,327709,0,0,12655,382773,7451,95076,13351,477849,California
San Diego,2021-02-09,20503,589442,8330,249560,12173,339882,0,0,13189,389753,7293,102369,14273,492122,California
San Diego,2021-02-10,22967,612409,9327,258887,13640,353522,0,0,13831,395889,9081,111450,15217,507339,California
San Diego,2021-02-11,23853,636262,10183,269070,13670,367192,0,0,12761,399285,11064,122514,14460,521799,California
San Diego,2021-02-12,23827,660089,7428,276498,16399,383591,0,0,11849,401460,11960,134474,14135,535934,California
San Diego,2021-02-13,20027,680116,9018,285516,11009,394600,0,0,10892,404431,9128,143602,12099,548033,California
San Diego,2021-02-14,11189,691305,7432,292948,3757,398357,0,0,6317,407401,4868,148470,7838,555871,California
San Diego,2021-02-15,15253,706558,7739,300687,7514,405871,0,0,7802,410846,7429,155899,10874,566745,California
San Diego,2021-02-16,19307,725865,11278,311965,8029,413900,0,0,9216,412976,10079,165978,12209,578954,California
San Diego,2021-02-17,23422,749287,11002,322967,12420,426320,0,0,8112,408888,15296,181274,11208,590162,California
San Diego,2021-02-18,23579,772866,12006,334973,11573,437893,0,0,7760,404939,15808,197082,11859,602021,California
San Diego,2021-02-19,15922,788788,10926,345899,4996,442889,0,0,6617,404270,9287,206369,8618,610639,California
San Diego,2021-02-20,10266,799054,6362,352261,3904,446793,0,0,5786,407505,4477,210846,7712,618351,California
San Diego,2021-02-21,11581,810635,10166,362427,1415,448208,0,0,5179,407815,6396,217242,6706,625057,California
San Diego,2021-02-22,12461,823096,10596,373023,1865,450073,0,0,5748,408515,6707,223949,7407,632464,California
San Diego,2021-02-23,25857,848953,14479,387502,11378,461451,0,0,9596,407775,16251,240200,15511,647975,California
San Diego,2021-02-24,28946,877899,12750,400252,16196,477647,0,0,6822,399948,22104,262304,14277,662252,California
San Diego,2021-02-25,33187,911086,14701,414953,18486,496133,0,0,10085,395380,23081,285385,18513,680765,California
San Diego,2021-02-26,33491,944577,12403,427356,21088,517221,0,0,12094,393243,21367,306752,19230,699995,California
San Diego,2021-02-27,21242,965819,9679,437035,11563,528784,0,0,11425,399145,9811,316563,15713,715708,California
San Diego,2021-02-28,15280,981099,9986,447021,5294,534078,0,0,9504,405672,5775,322338,12302,728010,California
San Diego,2021-03-01,24255,1005354,14315,461336,9938,544016,2,2,14709,414800,9468,331806,18596,746606,California
San Diego,2021-03-02,26175,1031529,14087,475423,12088,556104,0,2,12728,420804,13435,345241,19439,766045,California
San Diego,2021-03-03,34047,1065576,15966,491389,18078,574182,3,5,14057,421835,19968,365209,20999,787044,California
San Diego,2021-03-04,28310,1093886,14107,505496,14203,588385,0,5,12582,425494,15706,380915,19365,806409,California
San Diego,2021-03-05,29005,1122891,14912,520408,14011,602396,82,87,13493,430323,15486,396401,20315,826724,California
San Diego,2021-03-06,23427,1146318,9585,529993,13141,615537,701,788,10319,432951,13097,409498,15725,842449,California
San Diego,2021-03-07,18235,1164553,9326,539319,8338,623875,571,1359,6904,432780,11321,420819,11150,853599,California
San Diego,2021-03-08,23111,1187664,11235,550554,10967,634842,909,2268,11447,438384,11643,432462,17247,870846,California
San Diego,2021-03-09,25885,1213549,11966,562520,12160,647002,1759,4027,10097,438412,15772,448234,15800,886646,California
San Diego,2021-03-10,25523,1239072,10777,573297,12348,659350,2398,6425,10062,439527,15446,463680,16561,903207,California
San Diego,2021-03-11,28603,1267675,10994,584291,14011,673361,3598,10023,9905,438341,18673,482353,17487,920694,California
San Diego,2021-03-12,27276,1294951,9563,593854,14573,687934,3140,13163,9959,437854,17305,499658,16818,937512,California
San Diego,2021-03-13,26213,1321164,7275,601129,17145,705079,1793,14956,10109,437839,16097,515755,16082,953594,California
San Diego,2021-03-14,13881,1335045,5496,606625,7644,712723,741,15697,4795,436641,9078,524833,7880,961474,California
San Diego,2021-03-15,22055,1357100,10186,616811,11086,723809,783,16480,9023,436546,13018,537851,12923,974397,California
San Diego,2021-03-16,30010,1387110,15795,632606,13804,737613,411,16891,15720,441488,14265,552116,19207,993604,California
San Diego,2021-03-17,26358,1413468,12271,644877,13367,750980,720,17611,16790,451507,9552,561668,19571,1013175,California
San Diego,2021-03-18,31536,1445004,17820,662697,12792,763772,924,18535,17010,456493,14490,576158,19476,1032651,California
San Diego,2021-03-19,30390,1475394,14421,677118,14918,778690,1051,19586,19413,467208,10956,587114,21671,1054322,California
San Diego,2021-03-20,27929,1503323,8474,685592,17651,796341,1804,21390,21442,485094,6476,593590,24362,1078684,California
San Diego,2021-03-21,16590,1519913,12114,697706,3759,800100,717,22107,7703,485976,8873,602463,9755,1088439,California
San Diego,2021-03-22,22581,1542494,13166,710872,9129,809229,286,22393,14343,495148,8227,610690,17399,1105838,California
San Diego,2021-03-23,26009,1568503,13644,724516,12080,821309,285,22678,17108,505706,8886,619576,19444,1125282,California
San Diego,2021-03-24,29608,1598111,19791,744307,9424,830733,393,23071,17093,512756,12501,632077,19551,1144833,California
San Diego,2021-03-25,30431,1628542,18335,762642,11405,842138,691,23762,18002,521164,12413,644490,20821,1165654,California
San Diego,2021-03-26,32187,1660729,17962,780604,13650,855788,575,24337,17496,527413,14664,659154,20913,1186567,California
San Diego,2021-03-27,25561,1686290,11085,791689,14083,869871,393,24730,15710,535944,9835,668989,18366,1204933,California
San Diego,2021-03-28,15117,1701407,9270,800959,5790,875661,57,24787,9284,540939,5825,674814,10820,1215753,California
San Diego,2021-03-29,26768,1728175,12943,813902,13189,888850,636,25423,16451,550179,10306,685120,19546,1235299,California
San Diego,2021-03-30,33301,1761476,17948,831850,14560,903410,793,26216,22035,563585,11252,696372,24658,1259957,California
San Diego,2021-03-31,30501,1791977,18810,850660,10979,914389,712,26928,20638,576196,9847,706219,22458,1282415,California
San Diego,2021-04-01,34372,1826349,20072,870732,12796,927185,1504,28432,23245,591166,11106,717325,26076,1308491,California
San Diego,2021-04-02,35844,1862193,20704,891436,12327,939512,2813,31245,24119,607833,11706,729031,28373,1336864,California
San Diego,2021-04-03,30947,1893140,14496,905932,11802,951314,4649,35894,19729,622214,11205,740236,25586,1362450,California
San Diego,2021-04-04,9098,1902238,5224,911156,2926,954240,948,36842,4819,623891,4274,744510,5951,1368401,California
San Diego,2021-04-05,29846,1932084,15457,926613,11710,965950,2679,39521,19404,638046,10427,754937,24582,1392983,California
San Diego,2021-04-06,38840,1970924,20436,947049,12458,978408,5946,45467,22340,651970,16483,771420,30407,1423390,California
San Diego,2021-04-07,35893,2006817,22012,969061,9296,987704,4585,50052,20317,662537,15554,786974,26121,1449511,California
San Diego,2021-04-08,35303,2042120,21402,990463,9717,997421,4184,54236,21303,676639,13981,800955,28083,1477594,California
San Diego,2021-04-09,38468,2080588,22949,1013412,10297,1007718,5222,59458,20782,688350,17621,818576,29332,1506926,California
San Diego,2021-04-10,29230,2109818,11806,1025218,13411,1021129,4013,63471,15107,696393,14114,832690,22157,1529083,California
San Diego,2021-04-11,16267,2126085,10080,1035298,3872,1025001,2315,65786,7227,699917,9036,841726,12560,1541643,California
San Diego,2021-04-12,30930,2157015,12931,1048229,13672,1038673,4327,70113,17188,711399,13728,855454,25210,1566853,California
San Diego,2021-04-13,37275,2194290,17831,1066060,19408,1058081,36,70149,24781,726590,12471,867925,27662,1594515,California
San Diego,2021-04-14,33151,2227441,18982,1085042,14156,1072237,13,70162,17889,733620,15252,883177,22282,1616797,California
San Diego,2021-04-15,39672,2267113,20471,1105513,19196,1091433,5,70167,24122,745107,15529,898706,27016,1643813,California
San Diego,2021-04-16,33927,2301040,18662,1124175,15262,1106695,3,70170,19638,752924,14229,912935,22046,1665859,California
San Diego,2021-04-17,27985,2329025,13612,1137787,14373,1121068,0,70170,12369,752854,15523,928458,15453,1681312,California
San Diego,2021-04-18,14499,2343524,8913,1146700,5583,1126651,3,70173,6740,754816,7745,936203,9707,1691019,California
San Diego,2021-04-19,26677,2370201,13643,1160343,13033,1139684,1,70174,12499,754924,14159,950362,14267,1705286,California
San Diego,2021-04-20,39145,2409346,17871,1178214,21272,1160956,2,70176,19903,758590,19223,969585,22889,1728175,California
San Diego,2021-04-21,35094,2444440,20945,1199159,14149,1175105,0,70176,16984,760535,18074,987659,20019,1748194,California
San Diego,2021-04-22,44716,2489156,22970,1222129,21742,1196847,4,70180,22428,763758,22253,1009912,25476,1773670,California
San Diego,2021-04-23,42314,2531470,26044,1248173,16268,1213115,2,70182,15776,756213,26507,1036419,18962,1792632,California
San Diego,2021-04-24,34984,2566454,18876,1267049,16093,1229208,15,70197,15585,755632,19362,1055781,18781,1811413,California
San Diego,2021-04-25,12710,2579164,7735,1274784,4975,1234183,0,70197,5929,756165,6772,1062553,7305,1818718,California
San Diego,2021-04-26,33361,2612525,16698,1291482,16528,1250711,135,70332,11679,750850,21662,1084215,16347,1835065,California
San Diego,2021-04-27,44859,2657384,24643,1316125,19665,1270376,551,70883,19758,749283,25060,1109275,23493,1858558,California
San Diego,2021-04-28,38363,2695747,22636,1338761,15051,1285427,676,71559,17347,748580,20981,1130256,20278,1878836,California
San Diego,2021-04-29,38186,2733933,24306,1363067,13221,1298648,659,72218,15446,743701,22702,1152958,17823,1896659,California
San Diego,2021-04-30,38220,2772153,23149,1386216,13983,1312631,1088,73306,14952,738343,23231,1176189,17873,1914532,California
San Diego,2021-05-01,24379,2796532,10742,1396958,12992,1325623,645,73951,9562,735899,14808,1190997,12364,1926896,California
San Diego,2021-05-02,10727,2807259,7539,1404497,2602,1328225,586,74537,3278,732657,7445,1198442,4203,1931099,California
San Diego,2021-05-03,25350,2832609,12476,1416973,11716,1339941,1158,75695,9321,727929,16010,1214452,11282,1942381,California
San Diego,2021-05-04,31998,2864607,17647,1434620,13021,1352962,1330,77025,11533,721468,20439,1234891,13978,1956359,California
San Diego,2021-05-05,27754,2892361,17037,1451657,9425,1362387,1292,78317,10585,717158,17148,1252039,12838,1969197,California
San Diego,2021-05-06,28472,2920833,18836,1470493,8717,1371104,919,79236,10807,713736,17638,1269677,14216,1983413,California
San Diego,2021-05-07,29751,2950584,19530,1490023,9170,1380274,1051,80287,11046,708376,18669,1288346,13309,1996722,California
San Diego,2021-05-08,22905,2973489,10809,1500832,11341,1391615,755,81042,7269,702234,15614,1303960,9472,2006194,California
San Diego,2021-05-09,7563,2981052,5687,1506519,1468,1393083,408,81450,2662,700838,4895,1308855,3499,2009693,California
San Diego,2021-05-10,21726,3002778,8475,1514994,12419,1405502,832,82282,5934,693122,15766,1324621,8050,2017743,California
San Diego,2021-05-11,28301,3031079,11621,1526615,15862,1421364,818,83100,9914,687203,18365,1342986,12446,2030189,California
San Diego,2021-05-12,23187,3054266,12632,1539247,9673,1431037,882,83982,8657,683420,14505,1357491,10722,2040911,California
San Diego,2021-05-13,31502,3085768,19107,1558354,11766,1442803,629,84611,13212,681707,18236,1375727,16523,2057434,California
San Diego,2021-05-14,30839,3116607,19737,1578091,10255,1453058,847,85458,14077,682000,16725,1392452,17018,2074452,California
San Diego,2021-05-15,26268,3142875,16493,1594584,8943,1462001,832,86290,10916,679385,15301,1407753,12686,2087138,California
San Diego,2021-05-16,13326,3156201,10054,1604638,2700,1464701,572,86862,6676,680377,6640,1414393,7632,2094770,California
San Diego,2021-05-17,21466,3177667,13030,1617668,7678,1472379,758,87620,9000,678577,12430,1426823,10630,2105400,California
San Diego,2021-05-18,34259,3211926,19375,1637043,14008,1486387,876,88496,13376,673428,20850,1447673,15701,2121101,California
San Diego,2021-05-19,28546,3240472,17943,1654986,9792,1496179,811,89307,12179,671205,16338,1464011,14115,2135216,California
San Diego,2021-05-20,34802,3275274,19268,1674254,14704,1510883,830,90137,11795,662597,22978,1486989,14370,2149586,California
San Diego,2021-05-21,26974,3302248,17276,1691530,8693,1519576,1005,91142,10988,660077,15953,1502942,13433,2163019,California
San Diego,2021-05-22,21018,3323266,12082,1703612,7783,1527359,1153,92295,8595,658780,12403,1515345,11106,2174125,California
San Diego,2021-05-23,7297,3330563,5167,1708779,1811,1529170,319,92614,3495,659328,3780,1519125,4328,2178453,California
San Diego,2021-05-24,17686,3348249,9007,1717786,6776,1535946,1903,94517,6353,657118,11314,1530439,9104,2187557,California
San Diego,2021-05-25,24245,3372494,13252,1731038,9159,1545105,1834,96351,8588,653069,15628,1546067,11579,2199136,California
San Diego,2021-05-26,19221,3391715,10668,1741706,6535,1551640,2018,98369,6665,650255,12525,1558592,9711,2208847,California
San Diego,2021-05-27,20654,3412369,12063,1753769,6193,1557833,2398,100767,7034,647351,13603,1572195,10699,2219546,California
San Diego,2021-05-28,21370,3433739,13294,1767063,7354,1565187,722,101489,8513,645071,12841,1585036,10561,2230107,California
San Diego,2021-05-29,12082,3445821,7644,1774707,3934,1569121,504,101993,5256,644632,6813,1591849,6374,2236481,California
San Diego,2021-05-30,4724,3450545,3230,1777937,1108,1570229,386,102379,2076,644739,2643,1594492,2750,2239231,California
San Diego,2021-05-31,2611,3453156,1765,1779702,674,1570903,172,102551,883,644217,1724,1596216,1202,2240433,California
San Diego,2021-06-01,21368,3474524,11431,1791133,8295,1579198,1642,104193,6072,637735,15272,1611488,8790,2249223,California
San Diego,2021-06-02,17096,3491620,8839,1799972,6179,1585377,2078,106271,5601,634806,11471,1622959,8542,2257765,California
San Diego,2021-06-03,19277,3510897,12075,1812047,5392,1590769,1810,108081,5314,629175,13943,1636902,8312,2266077,California
San Diego,2021-06-04,19870,3530767,13898,1825945,5356,1596125,616,108697,5940,623891,13901,1650803,8617,2274694,California
San Diego,2021-06-05,15853,3546620,12066,1838011,2998,1599123,789,109486,4571,619090,11265,1662068,6464,2281158,California
San Diego,2021-06-06,5588,3552208,4559,1842570,713,1599836,316,109802,1757,618250,3823,1665891,2983,2284141,California
San Diego,2021-06-07,12839,3565047,8083,1850653,3405,1603241,1351,111153,3626,614923,9197,1675088,5870,2290011,California
San Diego,2021-06-08,20510,3585557,14529,1865182,4089,1607330,1892,113045,5141,607872,15357,1690445,8306,2298317,California
San Diego,2021-06-09,17104,3602661,11399,1876581,3748,1611078,1957,115002,4438,602830,12651,1703096,7609,2305926,California
San Diego,2021-06-10,17597,3620258,11592,1888173,3928,1615006,2077,117079,4369,597322,13202,1716298,7694,2313620,California
San Diego,2021-06-11,15852,3636110,10113,1898286,4379,1619385,1360,118439,4419,592758,11406,1727704,6842,2320462,California
San Diego,2021-06-12,10993,3647103,8432,1906718,2139,1621524,422,118861,3254,589468,7725,1735429,4435,2324897,California
San Diego,2021-06-13,4206,3651309,3144,1909862,848,1622372,214,119075,1065,588089,3135,1738564,1756,2326653,California
San Diego,2021-06-14,11946,3663255,6900,1916762,2855,1625227,2191,121266,3386,585887,8548,1747112,6346,2332999,California
San Diego,2021-06-15,18539,3681794,10929,1927691,4253,1629480,3357,124623,5572,583009,12956,1760068,10078,2343077,California
San Diego,2021-06-16,8598,3690392,4246,1931937,1412,1630892,2940,127563,2567,583166,6009,1766077,6166,2349243,California
San Francisco,2020-12-15,8,8,8,8,0,0,0,0,8,8,0,0,8,8,California
San Francisco,2020-12-16,231,239,231,239,0,0,0,0,231,239,0,0,231,239,California
San Francisco,2020-12-17,417,656,417,656,0,0,0,0,417,656,0,0,417,656,California
San Francisco,2020-12-18,911,1567,910,1566,1,1,0,0,911,1567,0,0,911,1567,California
San Francisco,2020-12-19,608,2175,608,2174,0,1,0,0,608,2175,0,0,608,2175,California
San Francisco,2020-12-20,481,2656,481,2655,0,1,0,0,481,2656,0,0,481,2656,California
San Francisco,2020-12-21,1163,3819,1163,3818,0,1,0,0,1163,3819,0,0,1163,3819,California
San Francisco,2020-12-22,1407,5226,1373,5191,34,35,0,0,1407,5226,0,0,1407,5226,California
San Francisco,2020-12-23,1359,6585,1059,6250,300,335,0,0,1359,6585,0,0,1359,6585,California
San Francisco,2020-12-24,846,7431,503,6753,343,678,0,0,846,7431,0,0,846,7431,California
San Francisco,2020-12-25,35,7466,28,6781,7,685,0,0,35,7466,0,0,35,7466,California
San Francisco,2020-12-26,250,7716,154,6935,96,781,0,0,250,7716,0,0,250,7716,California
San Francisco,2020-12-27,272,7988,58,6993,214,995,0,0,272,7988,0,0,272,7988,California
San Francisco,2020-12-28,1280,9268,692,7685,588,1583,0,0,1280,9268,0,0,1280,9268,California
San Francisco,2020-12-29,1259,10527,629,8314,630,2213,0,0,1259,10527,0,0,1259,10527,California
San Francisco,2020-12-30,1499,12026,784,9098,715,2928,0,0,1499,12026,0,0,1499,12026,California
San Francisco,2020-12-31,983,13009,415,9513,568,3496,0,0,982,13008,0,0,982,13008,California
San Francisco,2021-01-01,104,13113,77,9590,27,3523,0,0,104,13112,0,0,104,13112,California
San Francisco,2021-01-02,344,13457,308,9898,36,3559,0,0,344,13456,0,0,344,13456,California
San Francisco,2021-01-03,300,13757,106,10004,194,3753,0,0,299,13754,1,1,299,13755,California
San Francisco,2021-01-04,1847,15604,1360,11364,487,4240,0,0,1844,15595,3,4,1844,15599,California
San Francisco,2021-01-05,2240,17844,1425,12789,815,5055,0,0,2201,17758,39,43,2202,17801,California
San Francisco,2021-01-06,1878,19722,1166,13955,712,5767,0,0,1607,19097,269,312,1608,19409,California
San Francisco,2021-01-07,2078,21800,1209,15164,869,6636,0,0,1604,20230,471,783,1604,21013,California
San Francisco,2021-01-08,2346,24146,1648,16812,698,7334,0,0,1480,20849,861,1644,1480,22493,California
San Francisco,2021-01-09,1404,25550,904,17716,500,7834,0,0,893,21234,510,2154,895,23388,California
San Francisco,2021-01-10,922,26472,542,18258,380,8214,0,0,463,21239,458,2612,463,23851,California
San Francisco,2021-01-11,2514,28986,1876,20134,638,8852,0,0,1407,21538,1108,3720,1407,25258,California
San Francisco,2021-01-12,3108,32094,2066,22200,1042,9894,0,0,1904,22241,1204,4924,1907,27165,California
San Francisco,2021-01-13,2849,34943,1618,23818,1231,11125,0,0,2005,23406,844,5768,2009,29174,California
San Francisco,2021-01-14,2454,37397,1109,24927,1345,12470,0,0,1889,24736,565,6333,1895,31069,California
San Francisco,2021-01-15,2767,40164,1160,26087,1607,14077,0,0,2368,26716,397,6730,2377,33446,California
San Francisco,2021-01-16,2275,42439,974,27061,1301,15378,0,0,2105,28653,170,6900,2107,35553,California
San Francisco,2021-01-17,1943,44382,534,27595,1409,16787,0,0,1725,30160,218,7118,1725,37278,California
San Francisco,2021-01-18,1389,45771,603,28198,786,17573,0,0,1123,31019,265,7383,1124,38402,California
San Francisco,2021-01-19,2602,48373,1485,29683,1117,18690,0,0,1845,32108,757,8140,1846,40248,California
San Francisco,2021-01-20,2790,51163,1140,30823,1650,20340,0,0,2026,33374,761,8901,2027,42275,California
San Francisco,2021-01-21,3350,54513,946,31769,2404,22744,0,0,2510,35047,839,9740,2512,44787,California
San Francisco,2021-01-22,3221,57734,650,32419,2571,25315,0,0,2772,37372,447,10187,2772,47559,California
San Francisco,2021-01-23,3097,60831,612,33031,2485,27800,0,0,2723,39723,373,10560,2724,50283,California
San Francisco,2021-01-24,2438,63269,366,33397,2072,29872,0,0,2204,41696,231,10791,2204,52487,California
San Francisco,2021-01-25,4659,67928,1840,35237,2819,32691,0,0,3063,43167,1593,12384,3064,55551,California
San Francisco,2021-01-26,4759,72687,2189,37426,2570,35261,0,0,3103,44623,1653,14037,3109,58660,California
San Francisco,2021-01-27,4396,77083,1992,39418,2404,37665,0,0,3081,46393,1313,15350,3083,61743,California
San Francisco,2021-01-28,3804,80887,1571,40989,2233,39898,0,0,2631,47858,1168,16518,2633,64376,California
San Francisco,2021-01-29,4778,85665,1698,42687,3080,42978,0,0,3483,50059,1289,17807,3490,67866,California
San Francisco,2021-01-30,3826,89491,1854,44541,1972,44950,0,0,3361,52960,464,18271,3365,71231,California
San Francisco,2021-01-31,2367,91858,829,45370,1538,46488,0,0,2214,55023,152,18423,2215,73446,California
San Francisco,2021-02-01,3991,95849,1709,47079,2282,48770,0,0,2914,56861,1077,19500,2915,76361,California
San Francisco,2021-02-02,4522,100371,1808,48887,2714,51484,0,0,2927,58198,1590,21090,2927,79288,California
San Francisco,2021-02-03,5081,105452,2385,51272,2696,54180,0,0,3764,60648,1315,22405,3765,83053,California
San Francisco,2021-02-04,5035,110487,2429,53701,2606,56786,0,0,3865,63345,1168,23573,3865,86918,California
San Francisco,2021-02-05,6008,116495,3248,56949,2760,59546,0,0,4652,66644,1354,24927,4653,91571,California
San Francisco,2021-02-06,5541,122036,3720,60669,1821,61367,0,0,4635,70379,902,25829,4637,96208,California
San Francisco,2021-02-07,4413,126449,3263,63932,1150,62517,0,0,3832,73636,578,26407,3835,100043,California
San Francisco,2021-02-08,6845,133294,4729,68661,2116,64633,0,0,5610,78030,1219,27626,5613,105656,California
San Francisco,2021-02-09,6007,139301,4057,72718,1950,66583,0,0,4446,80913,1564,29190,4447,110103,California
San Francisco,2021-02-10,6948,146249,4241,76959,2707,69290,0,0,5136,84246,1806,30996,5139,115242,California
San Francisco,2021-02-11,6791,153040,4042,81001,2749,72039,0,0,4958,87379,1828,32824,4961,120203,California
San Francisco,2021-02-12,5370,158410,2709,83710,2661,74700,0,0,3521,89050,1850,34674,3521,123724,California
San Francisco,2021-02-13,4415,162825,2592,86302,1823,76523,0,0,3072,90781,1343,36017,3074,126798,California
San Francisco,2021-02-14,3445,166270,2265,88567,1180,77703,0,0,2313,91965,1131,37148,2315,129113,California
San Francisco,2021-02-15,2785,169055,1510,90077,1275,78978,0,0,1676,92534,1107,38255,1676,130789,California
San Francisco,2021-02-16,5118,174173,2823,92900,2295,81273,0,0,2992,93413,2119,40374,2998,133787,California
San Francisco,2021-02-17,5343,179516,2608,95508,2735,84008,0,0,2958,93997,2375,42749,2959,136746,California
San Francisco,2021-02-18,5393,184909,2629,98137,2764,86772,0,0,2803,94216,2587,45336,2806,139552,California
San Francisco,2021-02-19,5685,190594,2666,100803,3019,89791,0,0,2947,94431,2733,48069,2948,142500,California
San Francisco,2021-02-20,4556,195150,2190,102993,2366,92157,0,0,1710,93305,2837,50906,1711,144211,California
San Francisco,2021-02-21,2904,198054,1531,104524,1373,93530,0,0,1289,92989,1606,52512,1290,145501,California
San Francisco,2021-02-22,5201,203255,3242,107766,1959,95489,0,0,2616,93033,2575,55087,2619,148120,California
San Francisco,2021-02-23,5618,208873,3200,110966,2418,97907,0,0,2869,93160,2742,57829,2869,150989,California
San Francisco,2021-02-24,9147,218020,5177,116143,3970,101877,0,0,4886,93798,4249,62078,4887,155876,California
San Francisco,2021-02-25,10056,228076,7029,123172,3027,104904,0,0,6460,96667,3593,65671,6462,162338,California
San Francisco,2021-02-26,12421,240497,8076,131248,4345,109249,0,0,7331,98912,5087,70758,7332,169670,California
San Francisco,2021-02-27,9438,249935,6083,137331,3353,112602,2,2,4688,98866,4736,75494,4690,174360,California
San Francisco,2021-02-28,7973,257908,5711,143042,2262,114864,0,2,3881,98660,4088,79582,3882,178242,California
San Francisco,2021-03-01,11480,269388,7762,150804,3713,118577,5,7,5570,98354,5883,85465,5577,183819,California
San Francisco,2021-03-02,10065,279453,6795,157599,3270,121847,0,7,5671,99643,4383,89848,5672,189491,California
San Francisco,2021-03-03,11443,290896,6704,164303,4738,126585,1,8,6256,100731,5172,95020,6260,195751,California
San Francisco,2021-03-04,8858,299754,5578,169881,3280,129865,0,8,4984,101852,3863,98883,4984,200735,California
San Francisco,2021-03-05,9271,309025,5700,175581,3567,133432,4,12,5790,104182,3465,102348,5795,206530,California
San Francisco,2021-03-06,7173,316198,4707,180288,2258,135690,208,220,4472,106146,2713,105061,4677,211207,California
San Francisco,2021-03-07,5439,321637,4247,184535,1132,136822,60,280,3128,107011,2323,107384,3188,214395,California
San Francisco,2021-03-08,7566,329203,5495,190030,1882,138704,189,469,5982,111566,1615,108999,6170,220565,California
San Francisco,2021-03-09,8360,337563,5539,195569,2446,141150,375,844,6099,115772,2263,111262,6469,227034,California
San Francisco,2021-03-10,11276,348839,6630,202199,4145,145295,501,1345,7071,119161,4183,115445,7572,234606,California
San Francisco,2021-03-11,10141,358980,6391,208590,2784,148079,966,2311,6659,123313,3465,118910,7617,242223,California
San Francisco,2021-03-12,10905,369885,6375,214965,3183,151262,1347,3658,6077,125925,4807,123717,7419,249642,California
San Francisco,2021-03-13,6747,376632,3948,218913,1718,152980,1081,4739,4188,128642,2550,126267,5267,254909,California
San Francisco,2021-03-14,7594,384226,4941,223854,2408,155388,245,4984,3985,129279,3591,129858,4228,259137,California
San Francisco,2021-03-15,12150,396376,9297,233151,1907,157295,946,5930,8417,134913,3716,133574,9350,268487,California
San Francisco,2021-03-16,12261,408637,8358,241509,3443,160738,460,6390,8830,140794,3408,136982,9289,277776,California
San Francisco,2021-03-17,13591,422228,8443,249952,4523,165261,625,7015,9751,147354,3810,140792,10370,288146,California
San Francisco,2021-03-18,10127,432355,6883,256835,2620,167881,624,7639,5730,149327,4373,145165,6346,294492,California
San Francisco,2021-03-19,12443,444798,9087,265922,2885,170766,471,8110,6462,150298,5954,151119,6925,301417,California
San Francisco,2021-03-20,8930,453728,6572,272494,1890,172656,468,8578,5181,152233,3716,154835,5651,307068,California
San Francisco,2021-03-21,6641,460369,6084,278578,419,173075,138,8716,3737,153220,2886,157721,3873,310941,California
San Francisco,2021-03-22,9907,470276,6882,285460,2179,175254,846,9562,5085,154345,4797,162518,5922,316863,California
San Francisco,2021-03-23,11310,481586,7500,292960,3158,178412,652,10214,6273,156257,5007,167525,6919,323782,California
San Francisco,2021-03-24,12422,494008,9520,302480,2364,180776,538,10752,6184,156775,6195,173720,6713,330495,California
San Francisco,2021-03-25,12011,506019,8774,311254,2670,183446,567,11319,5831,157061,6108,179828,6394,336889,California
San Francisco,2021-03-26,12062,518081,8371,319625,3458,186904,233,11552,5841,156945,6186,186014,6070,342959,California
San Francisco,2021-03-27,8821,526902,5922,325547,2549,189453,350,11902,3762,156018,5038,191052,4111,347070,California
San Francisco,2021-03-28,6701,533603,5353,330900,1306,190759,42,11944,2995,155372,3680,194732,3034,350104,California
San Francisco,2021-03-29,11648,545251,8027,338927,3436,194195,185,12129,4809,153556,6808,201540,4992,355096,California
San Francisco,2021-03-30,11689,556940,7328,346255,4070,198265,291,12420,5516,153215,6148,207688,5807,360903,California
San Francisco,2021-03-31,12327,569267,8210,354465,3816,202081,301,12721,4902,151022,7390,215078,5197,366100,California
San Francisco,2021-04-01,14023,583290,7447,361912,4874,206955,1702,14423,6019,150762,7963,223041,7703,373803,California
San Francisco,2021-04-02,14909,598199,6591,368503,6428,213383,1890,16313,6968,151691,7916,230957,8845,382648,California
San Francisco,2021-04-03,10612,608811,4926,373429,3860,217243,1826,18139,4863,152647,5729,236686,6685,389333,California
San Francisco,2021-04-04,9066,617877,4806,378235,2598,219841,1662,19801,3575,152406,5474,242160,5233,394566,California
San Francisco,2021-04-05,16100,633977,9862,388097,4345,224186,1893,21694,6259,150741,9810,251970,8145,402711,California
San Francisco,2021-04-06,16135,650112,9558,397655,4509,228695,2068,23762,6269,149231,9838,261808,8328,411039,California
San Francisco,2021-04-07,16906,667018,10059,407714,4607,233302,2240,26002,7001,148574,9879,271687,9222,420261,California
San Francisco,2021-04-08,14258,681276,6770,414484,3045,236347,4443,30445,4632,148030,9589,281276,9045,429306,California
San Francisco,2021-04-09,15904,697180,7682,422166,4846,241193,3376,33821,6620,148755,9251,290527,9976,439282,California
San Francisco,2021-04-10,13352,710532,5703,427869,5885,247078,1764,35585,7114,151407,6211,296738,8863,448145,California
San Francisco,2021-04-11,10073,720605,7547,435416,1349,248427,1177,36762,5216,152952,4843,301581,6388,454533,California
San Francisco,2021-04-12,10637,731242,6906,442322,2577,251004,1154,37916,4865,153218,5749,307330,6015,460548,California
San Francisco,2021-04-13,10878,742120,7376,449698,3490,254494,12,37928,5490,153364,5362,312692,5508,466056,California
San Francisco,2021-04-14,13399,755519,8078,457776,5320,259814,1,37929,6377,152763,6983,319675,6382,472438,California
San Francisco,2021-04-15,13869,769388,9615,467391,4253,264067,1,37930,8185,155304,5652,325327,8193,480631,California
San Francisco,2021-04-16,13032,782420,8754,476145,4234,268301,44,37974,7698,157750,5305,330632,7751,488382,California
San Francisco,2021-04-17,10187,792607,7358,483503,2828,271129,1,37975,7186,161961,2983,333615,7194,495576,California
San Francisco,2021-04-18,6661,799268,5096,488599,1563,272692,2,37977,4112,163574,2531,336146,4144,499720,California
San Francisco,2021-04-19,10921,810189,8202,496801,2714,275406,5,37982,7007,166702,3897,340043,7025,506745,California
San Francisco,2021-04-20,12382,822571,7257,504058,5123,280529,2,37984,8542,171435,3814,343857,8547,515292,California
San Francisco,2021-04-21,10610,833181,7582,511640,3023,283552,5,37989,6465,173790,4119,347976,6474,521766,California
San Francisco,2021-04-22,10482,843663,7752,519392,2729,286281,1,37990,6046,175435,4409,352385,6054,527820,California
San Francisco,2021-04-23,10369,854032,5943,525335,4426,290707,0,37990,6158,177420,4180,356565,6165,533985,California
San Francisco,2021-04-24,7963,861995,5484,530819,2479,293186,0,37990,4706,178899,3235,359800,4714,538699,California
San Francisco,2021-04-25,5051,867046,4349,535168,696,293882,6,37996,2954,179779,2084,361884,2964,541663,California
San Francisco,2021-04-26,8194,875240,5797,540965,2385,296267,12,38008,4075,179787,4091,365975,4099,545762,California
San Francisco,2021-04-27,8716,883956,5858,546823,2688,298955,170,38178,4346,179970,4343,370318,4526,550288,California
San Francisco,2021-04-28,9497,893453,6569,553392,2738,301693,190,38368,4976,180652,4489,374807,5171,555459,California
San Francisco,2021-04-29,9385,902838,5454,558846,3738,305431,193,38561,4607,180712,4752,379559,4812,560271,California
San Francisco,2021-04-30,10888,913726,5197,564043,5490,310921,201,38762,3975,178023,6870,386429,4181,564452,California
San Francisco,2021-05-01,6948,920674,3588,567631,3245,314166,115,38877,1703,174631,5210,391639,1818,566270,California
San Francisco,2021-05-02,5319,925993,3081,570712,2140,316306,98,38975,964,171352,4345,395984,1066,567336,California
San Francisco,2021-05-03,9688,935681,6599,577311,2926,319232,163,39138,2459,166781,7200,403184,2629,569965,California
San Francisco,2021-05-04,9376,945057,6005,583316,3121,322353,250,39388,2287,162267,7056,410240,2542,572507,California
San Francisco,2021-05-05,8768,953825,6126,589442,2333,324686,309,39697,2143,158143,6579,416819,2455,574962,California
San Francisco,2021-05-06,10751,964576,8592,598034,1686,326372,473,40170,1844,151588,8873,425692,2318,577280,California
San Francisco,2021-05-07,10114,974690,6479,604513,3363,329735,272,40442,1632,145034,8456,434148,1902,579182,California
San Francisco,2021-05-08,8381,983071,3567,608080,4684,334419,130,40572,973,138762,7376,441524,1104,580286,California
San Francisco,2021-05-09,6693,989764,5832,613912,779,335198,82,40654,1216,134600,5454,446978,1292,581578,California
San Francisco,2021-05-10,6986,996750,4957,618869,1778,336976,251,40905,1044,129979,5914,452892,1293,582871,California
San Francisco,2021-05-11,7400,1004150,5320,624189,1862,338838,218,41123,1447,125724,5919,458811,1664,584535,California
San Francisco,2021-05-12,8113,1012263,5915,630104,1742,340580,456,41579,1853,121801,6227,465038,2304,586839,California
San Francisco,2021-05-13,11061,1023324,8121,638225,2714,343294,226,41805,4183,119366,6850,471888,4415,591254,California
San Francisco,2021-05-14,9293,1032617,6578,644803,2542,345836,173,41978,3006,116297,6257,478145,3188,594442,California
San Francisco,2021-05-15,7904,1040521,6257,651060,1591,347427,56,42034,3105,114687,4783,482928,3173,597615,California
San Francisco,2021-05-16,4975,1045496,4192,655252,723,348150,60,42094,1846,113483,3110,486038,1906,599521,California
San Francisco,2021-05-17,7246,1052742,5395,660647,1686,349836,165,42259,2470,111364,4757,490795,2638,602159,California
San Francisco,2021-05-18,8693,1061435,4976,665623,3542,353378,175,42434,1964,106820,6683,497478,2139,604298,California
San Francisco,2021-05-19,7467,1068902,5539,671162,1697,355075,231,42665,2440,104491,4997,502475,2668,606966,California
San Francisco,2021-05-20,5948,1074850,4003,675165,1694,356769,251,42916,1639,102104,4273,506748,1886,608852,California
San Francisco,2021-05-21,7187,1082037,4071,679236,2931,359700,185,43101,1833,98808,5309,512057,2013,610865,California
San Francisco,2021-05-22,4776,1086813,3610,682846,1077,360777,89,43190,2176,98493,2579,514636,2264,613129,California
San Francisco,2021-05-23,1826,1088639,1390,684236,362,361139,74,43264,835,98420,983,515619,910,614039,California
San Francisco,2021-05-24,4037,1092676,2855,687091,1019,362158,163,43427,1197,96965,2815,518434,1360,615399,California
San Francisco,2021-05-25,3691,1096367,2406,689497,1064,363222,221,43648,1099,95707,2574,521008,1316,616715,California
San Francisco,2021-05-26,3933,1100300,2544,692041,1243,364465,146,43794,1145,94234,2764,523772,1291,618006,California
San Francisco,2021-05-27,3699,1103999,2137,694178,1385,365850,177,43971,1201,93125,2487,526259,1378,619384,California
San Francisco,2021-05-28,3768,1107767,2153,696331,1454,367304,161,44132,1346,92235,2396,528655,1506,620890,California
San Francisco,2021-05-29,2021,1109788,1464,697795,456,367760,101,44233,880,92089,1121,529776,975,621865,California
San Francisco,2021-05-30,961,1110749,691,698486,233,367993,37,44270,399,91967,558,530334,436,622301,California
San Francisco,2021-05-31,254,1111003,207,698693,40,368033,7,44277,85,91891,168,530502,92,622393,California
San Francisco,2021-06-01,3564,1114567,2154,700847,1223,369256,187,44464,1249,91025,2299,532801,1433,623826,California
San Francisco,2021-06-02,2427,1116994,1752,702599,552,369808,123,44587,893,90514,1522,534323,1011,624837,California
San Francisco,2021-06-03,3966,1120960,2726,705325,1036,370844,204,44791,1053,88871,2895,537218,1252,626089,California
San Francisco,2021-06-04,5701,1126661,4828,710153,737,371581,136,44927,1395,86124,4273,541491,1526,627615,California
San Francisco,2021-06-05,3688,1130349,3116,713269,424,372005,148,45075,957,84508,2717,544208,1101,628716,California
San Francisco,2021-06-06,2315,1132664,2166,715435,111,372116,38,45113,508,83253,1801,546009,546,629262,California
San Francisco,2021-06-07,3622,1136286,3006,718441,482,372598,134,45247,953,81685,2652,548661,1084,630346,California
San Francisco,2021-06-08,2831,1139117,2222,720663,443,373041,166,45413,848,80728,1965,550626,1008,631354,California
San Francisco,2021-06-09,2327,1141444,1862,722525,328,373369,137,45550,684,79921,1626,552252,819,632173,California
San Francisco,2021-06-10,2486,1143930,1901,724426,391,373760,194,45744,775,79190,1699,553951,968,633141,California
San Francisco,2021-06-11,3157,1147087,2494,726920,504,374264,159,45903,952,78116,2185,556136,1111,634252,California
San Francisco,2021-06-12,3028,1150115,2627,729547,277,374541,124,46027,722,76667,2292,558428,843,635095,California
San Francisco,2021-06-13,913,1151028,796,730343,71,374612,46,46073,238,76282,668,559096,283,635378,California
San Francisco,2021-06-14,1992,1153020,1566,731909,276,374888,150,46223,613,75671,1372,560468,761,636139,California
San Francisco,2021-06-15,1876,1154896,1457,733366,289,375177,130,46353,677,75288,1189,561657,806,636945,California
San Francisco,2021-06-16,1039,1155935,768,734134,136,375313,135,46488,358,75103,674,562331,489,637434,California
San Joaquin,2020-12-15,14,14,14,14,0,0,0,0,14,14,0,0,14,14,California
San Joaquin,2020-12-16,308,322,308,322,0,0,0,0,308,322,0,0,308,322,California
San Joaquin,2020-12-17,322,644,322,644,0,0,0,0,322,644,0,0,322,644,California
San Joaquin,2020-12-18,555,1199,532,1176,23,23,0,0,536,1161,19,19,536,1180,California
San Joaquin,2020-12-19,189,1388,189,1365,0,23,0,0,189,1350,0,19,189,1369,California
San Joaquin,2020-12-20,118,1506,116,1481,2,25,0,0,117,1466,1,20,117,1486,California
San Joaquin,2020-12-21,543,2049,539,2020,4,29,0,0,540,2003,3,23,540,2026,California
San Joaquin,2020-12-22,980,3029,859,2879,121,150,0,0,978,2980,1,24,978,3004,California
San Joaquin,2020-12-23,988,4017,930,3809,58,208,0,0,985,3965,2,26,987,3991,California
San Joaquin,2020-12-24,218,4235,189,3998,29,237,0,0,217,4182,1,27,218,4209,California
San Joaquin,2020-12-25,15,4250,15,4013,0,237,0,0,15,4197,0,27,15,4224,California
San Joaquin,2020-12-26,103,4353,31,4044,72,309,0,0,103,4300,0,27,103,4327,California
San Joaquin,2020-12-27,44,4397,31,4075,13,322,0,0,44,4344,0,27,44,4371,California
San Joaquin,2020-12-28,630,5027,425,4500,205,527,0,0,630,4974,0,27,630,5001,California
San Joaquin,2020-12-29,794,5821,665,5165,129,656,0,0,794,5768,0,27,794,5795,California
San Joaquin,2020-12-30,1014,6835,718,5883,296,952,0,0,1010,6776,4,31,1012,6807,California
San Joaquin,2020-12-31,456,7291,203,6086,253,1205,0,0,456,7232,1,32,457,7264,California
San Joaquin,2021-01-01,23,7314,13,6099,10,1215,0,0,23,7255,0,32,23,7287,California
San Joaquin,2021-01-02,268,7582,245,6344,23,1238,0,0,268,7523,0,32,268,7555,California
San Joaquin,2021-01-03,37,7619,20,6364,17,1255,0,0,36,7558,1,33,36,7591,California
San Joaquin,2021-01-04,482,8101,340,6704,142,1397,0,0,480,8037,1,34,480,8071,California
San Joaquin,2021-01-05,1026,9127,656,7360,370,1767,0,0,852,8718,172,206,853,8924,California
San Joaquin,2021-01-06,1237,10364,720,8080,517,2284,0,0,923,9338,305,511,925,9849,California
San Joaquin,2021-01-07,1094,11458,692,8772,402,2686,0,0,790,9833,296,807,791,10640,California
San Joaquin,2021-01-08,1235,12693,847,9619,388,3074,0,0,720,10079,476,1283,722,11362,California
San Joaquin,2021-01-09,379,13072,300,9919,79,3153,0,0,247,10195,132,1415,248,11610,California
San Joaquin,2021-01-10,224,13296,116,10035,108,3261,0,0,171,10314,52,1467,171,11781,California
San Joaquin,2021-01-11,1606,14902,1374,11409,232,3493,0,0,890,10543,665,2132,894,12675,California
San Joaquin,2021-01-12,1588,16490,1081,12490,507,4000,0,0,762,10524,787,2919,768,13443,California
San Joaquin,2021-01-13,1562,18052,913,13403,649,4649,0,0,967,10911,584,3503,971,14414,California
San Joaquin,2021-01-14,1776,19828,977,14380,799,5448,0,0,1425,12013,328,3831,1430,15844,California
San Joaquin,2021-01-15,1559,21387,553,14933,1006,6454,0,0,1321,13112,222,4053,1321,17165,California
San Joaquin,2021-01-16,1139,22526,183,15116,956,7410,0,0,1103,14181,34,4087,1103,18268,California
San Joaquin,2021-01-17,1629,24155,138,15254,1491,8901,0,0,1585,15725,43,4130,1587,19855,California
San Joaquin,2021-01-18,742,24897,239,15493,503,9404,0,0,620,16227,118,4248,620,20475,California
San Joaquin,2021-01-19,1885,26782,905,16398,980,10384,0,0,1198,16754,679,4927,1206,21681,California
San Joaquin,2021-01-20,2099,28881,1289,17687,810,11194,0,0,1447,17565,642,5569,1453,23134,California
San Joaquin,2021-01-21,1993,30874,909,18596,1084,12278,0,0,1589,18767,393,5962,1595,24729,California
San Joaquin,2021-01-22,1962,32836,897,19493,1065,13343,0,0,1818,20447,139,6101,1819,26548,California
San Joaquin,2021-01-23,900,33736,400,19893,500,13843,0,0,612,20774,287,6388,614,27162,California
San Joaquin,2021-01-24,357,34093,139,20032,218,14061,0,0,329,21078,25,6413,329,27491,California
San Joaquin,2021-01-25,2008,36101,1150,21182,858,14919,0,0,1432,21945,568,6981,1435,28926,California
San Joaquin,2021-01-26,2175,38276,1119,22301,1056,15975,0,0,1543,22868,622,7603,1545,30471,California
San Joaquin,2021-01-27,1768,40044,777,23078,991,16966,0,0,1242,23605,511,8114,1248,31719,California
San Joaquin,2021-01-28,2068,42112,779,23857,1289,18255,0,0,1401,24345,662,8776,1402,33121,California
San Joaquin,2021-01-29,2182,44294,1053,24910,1129,19384,0,0,1827,25825,348,9124,1828,34949,California
San Joaquin,2021-01-30,2177,46471,358,25268,1819,21203,0,0,1996,27643,180,9304,1998,36947,California
San Joaquin,2021-01-31,1558,48029,180,25448,1378,22581,0,0,1493,29073,64,9368,1494,38441,California
San Joaquin,2021-02-01,2542,50571,1342,26790,1200,23781,0,0,1768,30072,772,10140,1771,40212,California
San Joaquin,2021-02-02,2623,53194,1181,27971,1442,25223,0,0,1976,31474,577,10717,1979,42191,California
San Joaquin,2021-02-03,3113,56307,1232,29203,1881,27104,0,0,2211,32808,883,11600,2217,44408,California
San Joaquin,2021-02-04,3568,59875,1826,31029,1742,28846,0,0,2653,34561,904,12504,2657,47065,California
San Joaquin,2021-02-05,3191,63066,1812,32841,1379,30225,0,0,2347,36094,824,13328,2357,49422,California
San Joaquin,2021-02-06,1093,64159,748,33589,345,30570,0,0,946,36897,144,13472,947,50369,California
San Joaquin,2021-02-07,624,64783,493,34082,131,30701,0,0,418,37115,201,13673,419,50788,California
San Joaquin,2021-02-08,1817,66600,1058,35140,759,31460,0,0,1451,38230,338,14011,1453,52241,California
San Joaquin,2021-02-09,2141,68741,1164,36304,977,32437,0,0,1586,39337,481,14492,1588,53829,California
San Joaquin,2021-02-10,2605,71346,1252,37556,1353,33790,0,0,1353,39471,1219,15711,1353,55182,California
San Joaquin,2021-02-11,2946,74292,1494,39050,1452,35242,0,0,1706,39996,1185,16896,1710,56892,California
San Joaquin,2021-02-12,2840,77132,1133,40183,1707,36949,0,0,1607,40409,1198,18094,1611,58503,California
San Joaquin,2021-02-13,2118,79250,397,40580,1721,38670,0,0,851,40016,1250,19344,857,59360,California
San Joaquin,2021-02-14,1912,81162,260,40840,1652,40322,0,0,693,39523,1187,20531,694,60054,California
San Joaquin,2021-02-15,1995,83157,829,41669,1166,41488,0,0,1192,39953,766,21297,1196,61250,California
San Joaquin,2021-02-16,3178,86335,1378,43047,1800,43288,0,0,1754,40313,1401,22698,1761,63011,California
San Joaquin,2021-02-17,3313,89648,1291,44338,2022,45310,0,0,1873,40784,1405,24103,1876,64887,California
San Joaquin,2021-02-18,3390,93038,1411,45749,1979,47289,0,0,1918,41295,1412,25515,1923,66810,California
San Joaquin,2021-02-19,4307,97345,2442,48191,1865,49154,0,0,2394,41856,1833,27348,2394,69204,California
San Joaquin,2021-02-20,1563,98908,664,48855,899,50053,0,0,1062,42420,498,27846,1062,70266,California
San Joaquin,2021-02-21,676,99584,510,49365,166,50219,0,0,425,42598,248,28094,426,70692,California
San Joaquin,2021-02-22,3569,103153,2513,51878,1056,51275,0,0,2544,44157,988,29082,2547,73239,California
San Joaquin,2021-02-23,4363,107516,2650,54528,1713,52988,0,0,2657,45208,1612,30694,2663,75902,California
San Joaquin,2021-02-24,5812,113328,3459,57987,2353,55341,0,0,4152,47786,1578,32272,4156,80058,California
San Joaquin,2021-02-25,6414,119742,3967,61954,2447,57788,0,0,4117,49699,2214,34486,4127,84185,California
San Joaquin,2021-02-26,5539,125281,2864,64818,2675,60463,0,0,3794,51800,1699,36185,3800,87985,California
San Joaquin,2021-02-27,5506,130787,1638,66456,3868,64331,0,0,2654,51692,2774,38959,2666,90651,California
San Joaquin,2021-02-28,3133,133920,1128,67584,2005,66336,0,0,2053,52695,1052,40011,2055,92706,California
San Joaquin,2021-03-01,4181,138101,1853,69437,2325,68661,3,3,2352,53300,1758,41769,2363,95069,California
San Joaquin,2021-03-02,4243,142344,1692,71129,2551,71212,0,3,2656,54465,1546,43315,2711,97780,California
San Joaquin,2021-03-03,5852,148196,3477,74606,2373,73585,2,5,4200,57052,1613,44928,4200,101980,California
San Joaquin,2021-03-04,5737,153933,2274,76880,3460,77045,3,8,3743,58836,1963,46891,3747,105727,California
San Joaquin,2021-03-05,4512,158445,1908,78788,2599,79644,5,13,3116,60591,1371,48262,3126,108853,California
San Joaquin,2021-03-06,3313,161758,2180,80968,1003,80647,130,143,2728,62874,579,48841,2862,111715,California
San Joaquin,2021-03-07,1222,162980,564,81532,610,81257,48,191,935,63573,269,49110,968,112683,California
San Joaquin,2021-03-08,3160,166140,1261,82793,1775,83032,124,315,2141,64840,997,50107,2264,114947,California
San Joaquin,2021-03-09,4046,170186,1834,84627,2081,85113,131,446,2683,66316,1342,51449,2818,117765,California
San Joaquin,2021-03-10,4662,174848,2475,87102,2046,87159,141,587,3426,68684,1199,52648,3567,121332,California
San Joaquin,2021-03-11,4968,179816,2363,89465,2005,89164,600,1187,2946,70230,2003,54651,3549,124881,California
San Joaquin,2021-03-12,6317,186133,3156,92621,2823,91987,338,1525,4164,72625,2115,56766,4510,129391,California
San Joaquin,2021-03-13,3077,189210,1461,94082,1492,93479,124,1649,2288,74267,778,57544,2420,131811,California
San Joaquin,2021-03-14,2170,191380,677,94759,1189,94668,304,1953,1028,74468,1135,58679,1336,133147,California
San Joaquin,2021-03-15,6104,197484,3509,98268,2191,96859,404,2357,3186,75189,2880,61559,3601,136748,California
San Joaquin,2021-03-16,6877,204361,3913,102181,2706,99565,258,2615,4045,76690,2807,64366,4308,141056,California
San Joaquin,2021-03-17,7847,212208,4703,106884,3073,102638,71,2686,4351,77691,3429,67795,4430,145486,California
San Joaquin,2021-03-18,7664,219872,4507,111391,2651,105289,506,3192,3771,78133,3843,71638,4285,149771,California
San Joaquin,2021-03-19,7965,227837,4667,116058,2754,108043,544,3736,4808,80416,3127,74765,5410,155181,California
San Joaquin,2021-03-20,3706,231543,2141,118199,1322,109365,243,3979,1832,80676,1827,76592,2087,157268,California
San Joaquin,2021-03-21,2134,233677,1515,119714,412,109777,207,4186,1165,81165,955,77547,1444,158712,California
San Joaquin,2021-03-22,3998,237675,2053,121767,1529,111306,416,4602,2354,82324,1616,79163,2775,161487,California
San Joaquin,2021-03-23,5409,243084,2658,124425,2583,113889,168,4770,3723,84565,1656,80819,3897,165384,California
San Joaquin,2021-03-24,6868,249952,4258,128683,2521,116410,89,4859,3021,83883,3800,84619,3118,168502,California
San Joaquin,2021-03-25,5586,255538,3318,132001,2224,118634,44,4903,3303,84982,2256,86875,3355,171857,California
San Joaquin,2021-03-26,6210,261748,2572,134573,3487,122121,151,5054,3242,85455,2938,89813,3411,175268,California
San Joaquin,2021-03-27,4683,266431,2629,137202,1981,124102,73,5127,1807,84499,2846,92659,1890,177158,California
San Joaquin,2021-03-28,2776,269207,1814,139016,937,125039,25,5152,1267,84451,1454,94113,1406,178564,California
San Joaquin,2021-03-29,4065,273272,2195,141211,1846,126885,24,5176,2028,84498,2019,96132,2066,180630,California
San Joaquin,2021-03-30,6249,279521,3185,144396,2971,129856,93,5269,3438,85271,2777,98909,3550,184180,California
San Joaquin,2021-03-31,6622,286143,4167,148563,2395,132251,60,5329,3343,85456,3241,102150,3426,187606,California
San Joaquin,2021-04-01,6451,292594,2996,151559,3365,135616,90,5419,2853,84887,3571,105721,3002,190608,California
San Joaquin,2021-04-02,6367,298961,2890,154449,2983,138599,494,5913,2514,84103,3823,109544,3039,193647,California
San Joaquin,2021-04-03,4175,303136,2358,156807,1492,140091,325,6238,2015,84303,2143,111687,2343,195990,California
San Joaquin,2021-04-04,2317,305453,1391,158198,719,140810,207,6445,1562,85331,744,112431,1772,197762,California
San Joaquin,2021-04-05,4808,310261,2846,161044,1721,142531,241,6686,2644,86085,2142,114573,2896,200658,California
San Joaquin,2021-04-06,7083,317344,4550,165594,2256,144787,277,6963,3349,86024,3703,118276,3642,204300,California
San Joaquin,2021-04-07,8359,325703,4548,170142,2225,147012,1586,8549,3509,86303,4829,123105,5108,209408,California
San Joaquin,2021-04-08,8791,334494,4711,174853,1945,148957,2135,10684,3318,86313,5443,128548,5453,214861,California
San Joaquin,2021-04-09,8933,343427,4322,179175,3044,152001,1567,12251,3252,85500,5649,134197,4836,219697,California
San Joaquin,2021-04-10,5241,348668,1645,180820,1686,153687,1910,14161,1777,85735,3451,137648,3686,223383,California
San Joaquin,2021-04-11,4140,352808,1610,182430,1364,155051,1166,15327,1822,86412,2306,139954,2983,226366,California
San Joaquin,2021-04-12,6033,358841,2409,184839,2071,157122,1553,16880,2354,86676,3648,143602,3912,230278,California
San Joaquin,2021-04-13,7516,366357,4330,189169,3177,160299,9,16889,4613,88427,2876,146478,4627,234905,California
San Joaquin,2021-04-14,7629,373986,3877,193046,3750,164049,2,16891,4609,90051,2997,149475,4621,239526,California
San Joaquin,2021-04-15,7882,381868,4666,197712,3216,167265,0,16891,4416,91046,3429,152904,4424,243950,California
San Joaquin,2021-04-16,7699,389567,4124,201836,3572,170837,3,16894,4619,92631,3047,155951,4632,248582,California
San Joaquin,2021-04-17,5182,394749,2801,204637,2379,173216,2,16896,3678,94837,1492,157443,3698,252280,California
San Joaquin,2021-04-18,2496,397245,1390,206027,1106,174322,0,16896,1329,95026,1149,158592,1338,253618,California
San Joaquin,2021-04-19,5204,402449,2815,208842,2388,176710,1,16897,2772,95407,2401,160993,2782,256400,California
San Joaquin,2021-04-20,6253,408702,3307,212149,2946,179656,0,16897,2956,95107,3267,164260,2967,259367,California
San Joaquin,2021-04-21,5667,414369,3141,215290,2526,182182,0,16897,2926,95355,2686,166946,2934,262301,California
San Joaquin,2021-04-22,5329,419698,3157,218447,2170,184352,2,16899,3085,96235,2216,169162,3096,265397,California
San Joaquin,2021-04-23,5947,425645,2845,221292,3101,187453,1,16900,3762,97841,2162,171324,3768,269165,California
San Joaquin,2021-04-24,5290,430935,3643,224935,1645,189098,2,16902,3442,99486,1804,173128,3449,272614,California
San Joaquin,2021-04-25,3105,434040,2620,227555,485,189583,0,16902,2038,100533,996,174124,2043,274657,California
San Joaquin,2021-04-26,4053,438093,2655,230210,1394,190977,4,16906,2163,100830,1877,176001,2174,276831,California
San Joaquin,2021-04-27,4629,442722,2667,232877,1900,192877,62,16968,1975,100242,2632,178633,2044,278875,California
San Joaquin,2021-04-28,5579,448301,3356,236233,2143,195020,80,17048,2766,100317,2782,181415,2857,281732,California
San Joaquin,2021-04-29,4924,453225,2882,239115,1985,197005,57,17105,2524,100536,2374,183789,2593,284325,California
San Joaquin,2021-04-30,4990,458215,2439,241554,2484,199489,67,17172,2584,100813,2385,186174,2662,286987,California
San Joaquin,2021-05-01,3356,461571,1918,243472,1379,200868,59,17231,2141,101821,1204,187378,2212,289199,California
San Joaquin,2021-05-02,2305,463876,1603,245075,646,201514,56,17287,1174,101926,1126,188504,1231,290430,California
San Joaquin,2021-05-03,3331,467207,2259,247334,999,202513,73,17360,1406,101505,1907,190411,1486,291916,California
San Joaquin,2021-05-04,4854,472061,3303,250637,1395,203908,156,17516,1786,100409,3048,193459,1952,293868,California
San Joaquin,2021-05-05,5108,477169,3546,254183,1399,205307,163,17679,2289,100081,2788,196247,2460,296328,California
San Joaquin,2021-05-06,4669,481838,3129,257312,1410,206717,130,17809,2035,99643,2614,198861,2176,298504,California
San Joaquin,2021-05-07,5127,486965,2960,260272,2014,208731,153,17962,1913,98531,3188,202049,2076,300580,California
San Joaquin,2021-05-08,3282,490247,2110,262382,1071,209802,101,18063,1215,97806,2050,204099,1325,301905,California
San Joaquin,2021-05-09,1486,491733,850,263232,566,210368,70,18133,593,97585,890,204989,669,302574,California
San Joaquin,2021-05-10,2816,494549,1479,264711,1212,211580,125,18258,931,96778,1868,206857,1061,303635,California
San Joaquin,2021-05-11,4196,498745,2212,266923,1863,213443,121,18379,1342,95436,2837,209694,1495,305130,California
San Joaquin,2021-05-12,4397,503142,2098,269021,2175,215618,124,18503,1462,94119,2918,212612,1601,306731,California
San Joaquin,2021-05-13,4759,507901,2782,271803,1888,217506,89,18592,1856,93191,2887,215499,1959,308690,California
San Joaquin,2021-05-14,5756,513657,3429,275232,2219,219725,108,18700,2430,92444,3293,218792,2546,311236,California
San Joaquin,2021-05-15,5245,518902,3117,278349,2049,221774,79,18779,1648,90611,3564,222356,1731,312967,California
San Joaquin,2021-05-16,3567,522469,2792,281141,726,222500,49,18828,1436,89986,2118,224474,1493,314460,California
San Joaquin,2021-05-17,4139,526608,2470,283611,1572,224072,97,18925,1796,89564,2325,226799,1903,316363,California
San Joaquin,2021-05-18,3940,530548,2273,285884,1548,225620,119,19044,1877,89512,2047,228846,1995,318358,California
San Joaquin,2021-05-19,4749,535297,2757,288641,1857,227477,135,19179,2098,89133,2621,231467,2242,320600,California
San Joaquin,2021-05-20,3939,539236,2360,291001,1476,228953,103,19282,1769,88862,2147,233614,1876,322476,California
San Joaquin,2021-05-21,4950,544186,2883,293884,1943,230896,124,19406,2270,88615,2650,236264,2403,324879,California
San Joaquin,2021-05-22,3985,548171,2475,296359,1416,232312,94,19500,1775,88300,2194,238458,1879,326758,California
San Joaquin,2021-05-23,2386,550557,1933,298292,409,232721,44,19544,1407,88786,969,239427,1455,328213,California
San Joaquin,2021-05-24,2946,553503,1684,299976,1169,233890,93,19637,1370,88696,1558,240985,1468,329681,California
San Joaquin,2021-05-25,3089,556592,1920,301896,1019,234909,150,19787,1465,88706,1605,242590,1615,331296,California
San Joaquin,2021-05-26,3771,560363,2287,304183,1409,236318,75,19862,1523,88075,2234,244824,1603,332899,California
San Joaquin,2021-05-27,2913,563276,1490,305673,1338,237656,85,19947,1137,87540,1760,246584,1225,334124,California
San Joaquin,2021-05-28,3063,566339,1626,307299,1348,239004,89,20036,1436,87473,1599,248183,1532,335656,California
San Joaquin,2021-05-29,2128,568467,1170,308469,922,239926,36,20072,954,87298,1169,249352,994,336650,California
San Joaquin,2021-05-30,971,569438,518,308987,427,240353,26,20098,407,87175,559,249911,436,337086,California
San Joaquin,2021-05-31,619,570057,259,309246,353,240706,7,20105,238,87043,377,250288,245,337331,California
San Joaquin,2021-06-01,2423,572480,1468,310714,860,241566,95,20200,1164,87060,1249,251537,1266,338597,California
San Joaquin,2021-06-02,2709,575189,1604,312318,1050,242616,55,20255,1149,86724,1543,253080,1207,339804,California
San Joaquin,2021-06-03,2817,578006,1739,314057,1022,243638,56,20311,1088,86163,1710,254790,1149,340953,California
San Joaquin,2021-06-04,3116,581122,1914,315971,1095,244733,107,20418,1086,85352,2003,256793,1192,342145,California
San Joaquin,2021-06-05,2326,583448,1781,317752,494,245227,51,20469,1081,85337,1152,257945,1137,343282,California
San Joaquin,2021-06-06,1066,584514,855,318607,177,245404,34,20503,433,85190,614,258559,467,343749,California
San Joaquin,2021-06-07,2798,587312,2078,320685,678,246082,42,20545,981,84413,1807,260366,1030,344779,California
San Joaquin,2021-06-08,2619,589931,1961,322646,615,246697,43,20588,847,83547,1759,262125,893,345672,California
San Joaquin,2021-06-09,2810,592741,1954,324600,815,247512,41,20629,933,82669,1857,263982,979,346651,California
San Joaquin,2021-06-10,2601,595342,1890,326490,650,248162,61,20690,981,82098,1615,265597,1044,347695,California
San Joaquin,2021-06-11,2750,598092,1886,328376,776,248938,88,20778,945,81335,1796,267393,1033,348728,California
San Joaquin,2021-06-12,1783,599875,1330,329706,424,249362,29,20807,599,80795,1177,268570,637,349365,California
San Joaquin,2021-06-13,906,600781,703,330409,185,249547,18,20825,410,80732,492,269062,429,349794,California
San Joaquin,2021-06-14,1741,602522,1047,331456,626,250173,68,20893,725,80519,1007,270069,794,350588,California
San Joaquin,2021-06-15,2130,604652,1406,332862,647,250820,77,20970,820,80122,1299,271368,902,351490,California
San Joaquin,2021-06-16,1280,605932,838,333700,396,251216,46,21016,371,79634,905,272273,417,351907,California
San Luis Obispo,2020-12-16,4,4,4,4,0,0,0,0,4,4,0,0,4,4,California
San Luis Obispo,2020-12-17,196,200,196,200,0,0,0,0,196,200,0,0,196,200,California
San Luis Obispo,2020-12-18,225,425,225,425,0,0,0,0,225,425,0,0,225,425,California
San Luis Obispo,2020-12-19,164,589,164,589,0,0,0,0,164,589,0,0,164,589,California
San Luis Obispo,2020-12-20,215,804,215,804,0,0,0,0,215,804,0,0,215,804,California
San Luis Obispo,2020-12-21,549,1353,548,1352,1,1,0,0,549,1353,0,0,549,1353,California
San Luis Obispo,2020-12-22,310,1663,306,1658,4,5,0,0,310,1663,0,0,310,1663,California
San Luis Obispo,2020-12-23,681,2344,367,2025,314,319,0,0,681,2344,0,0,681,2344,California
San Luis Obispo,2020-12-24,194,2538,19,2044,175,494,0,0,194,2538,0,0,194,2538,California
San Luis Obispo,2020-12-25,2,2540,1,2045,1,495,0,0,2,2540,0,0,2,2540,California
San Luis Obispo,2020-12-26,90,2630,13,2058,77,572,0,0,90,2630,0,0,90,2630,California
San Luis Obispo,2020-12-27,76,2706,0,2058,76,648,0,0,76,2706,0,0,76,2706,California
San Luis Obispo,2020-12-28,881,3587,432,2490,449,1097,0,0,881,3587,0,0,881,3587,California
San Luis Obispo,2020-12-29,903,4490,503,2993,400,1497,0,0,903,4490,0,0,903,4490,California
San Luis Obispo,2020-12-30,1173,5663,680,3673,493,1990,0,0,1173,5663,0,0,1173,5663,California
San Luis Obispo,2020-12-31,108,5771,4,3677,104,2094,0,0,108,5771,0,0,108,5771,California
San Luis Obispo,2021-01-01,16,5787,9,3686,7,2101,0,0,16,5787,0,0,16,5787,California
San Luis Obispo,2021-01-02,34,5821,8,3694,26,2127,0,0,34,5821,0,0,34,5821,California
San Luis Obispo,2021-01-03,17,5838,6,3700,11,2138,0,0,17,5838,0,0,17,5838,California
San Luis Obispo,2021-01-04,682,6520,524,4224,158,2296,0,0,682,6520,0,0,682,6520,California
San Luis Obispo,2021-01-05,973,7493,752,4976,221,2517,0,0,971,7489,2,2,971,7491,California
San Luis Obispo,2021-01-06,726,8219,479,5455,247,2764,0,0,718,8200,7,9,718,8209,California
San Luis Obispo,2021-01-07,1128,9347,950,6405,178,2942,0,0,684,8440,444,453,684,8893,California
San Luis Obispo,2021-01-08,880,10227,802,7207,78,3020,0,0,512,8585,367,820,512,9405,California
San Luis Obispo,2021-01-09,206,10433,196,7403,10,3030,0,0,28,8435,178,998,28,9433,California
San Luis Obispo,2021-01-10,12,10445,8,7411,4,3034,0,0,8,8439,4,1002,8,9441,California
San Luis Obispo,2021-01-11,561,11006,510,7921,51,3085,0,0,299,8477,261,1263,299,9740,California
San Luis Obispo,2021-01-12,598,11604,382,8303,216,3301,0,0,318,8515,280,1543,318,10058,California
San Luis Obispo,2021-01-13,886,12490,258,8561,628,3929,0,0,649,8929,235,1778,649,10707,California
San Luis Obispo,2021-01-14,729,13219,239,8800,490,4419,0,0,607,9423,113,1891,607,11314,California
San Luis Obispo,2021-01-15,735,13954,293,9093,442,4861,0,0,556,9805,174,2065,556,11870,California
San Luis Obispo,2021-01-16,100,14054,81,9174,19,4880,0,0,94,9893,6,2071,94,11964,California
San Luis Obispo,2021-01-17,64,14118,57,9231,7,4887,0,0,64,9957,0,2071,64,12028,California
San Luis Obispo,2021-01-18,1374,15492,390,9621,984,5871,0,0,1109,10801,265,2336,1109,13137,California
San Luis Obispo,2021-01-19,1578,17070,415,10036,1163,7034,0,0,1171,11566,407,2743,1172,14309,California
San Luis Obispo,2021-01-20,1892,18962,601,10637,1291,8325,0,0,1300,12277,590,3333,1301,15610,California
San Luis Obispo,2021-01-21,1576,20538,470,11107,1106,9431,0,0,1204,13114,368,3701,1205,16815,California
San Luis Obispo,2021-01-22,1521,22059,506,11613,1015,10446,0,0,1206,14007,313,4014,1206,18021,California
San Luis Obispo,2021-01-23,315,22374,296,11909,19,10465,0,0,299,14290,16,4030,299,18320,California
San Luis Obispo,2021-01-24,249,22623,241,12150,8,10473,0,0,243,14527,6,4036,243,18563,California
San Luis Obispo,2021-01-25,2077,24700,601,12751,1476,11949,0,0,1247,14944,830,4866,1247,19810,California
San Luis Obispo,2021-01-26,2004,26704,701,13452,1303,13252,0,0,1141,15223,863,5729,1142,20952,California
San Luis Obispo,2021-01-27,1618,28322,290,13742,1328,14580,0,0,1161,15927,457,6186,1161,22113,California
San Luis Obispo,2021-01-28,1503,29825,346,14088,1157,15737,0,0,1237,16900,264,6450,1237,23350,California
San Luis Obispo,2021-01-29,1747,31572,685,14773,1062,16799,0,0,1460,18073,287,6737,1460,24810,California
San Luis Obispo,2021-01-30,36,31608,18,14791,18,16817,0,0,25,18088,10,6747,25,24835,California
San Luis Obispo,2021-01-31,27,31635,19,14810,8,16825,0,0,25,18111,2,6749,25,24860,California
San Luis Obispo,2021-02-01,1710,33345,743,15553,967,17792,0,0,1404,19210,305,7054,1404,26264,California
San Luis Obispo,2021-02-02,1900,35245,679,16232,1221,19013,0,0,1524,20359,376,7430,1525,27789,California
San Luis Obispo,2021-02-03,1714,36959,731,16963,983,19996,0,0,1298,21241,416,7846,1298,29087,California
San Luis Obispo,2021-02-04,1663,38622,802,17765,861,20857,0,0,1095,21768,568,8414,1095,30182,California
San Luis Obispo,2021-02-05,1607,40229,715,18480,892,21749,0,0,1061,22283,547,8961,1062,31244,California
San Luis Obispo,2021-02-06,174,40403,107,18587,67,21816,0,0,94,22297,80,9041,94,31338,California
San Luis Obispo,2021-02-07,124,40527,79,18666,45,21861,0,0,72,22318,52,9093,73,31411,California
San Luis Obispo,2021-02-08,863,41390,473,19139,390,22251,0,0,503,22462,359,9452,503,31914,California
San Luis Obispo,2021-02-09,1128,42518,449,19588,679,22930,0,0,544,22435,578,10030,551,32465,California
San Luis Obispo,2021-02-10,1444,43962,492,20080,952,23882,0,0,529,22054,913,10943,532,32997,California
San Luis Obispo,2021-02-11,1333,45295,846,20926,487,24369,0,0,656,22035,675,11618,656,33653,California
San Luis Obispo,2021-02-12,784,46079,364,21290,420,24789,0,0,415,22081,369,11987,415,34068,California
San Luis Obispo,2021-02-13,388,46467,127,21417,261,25050,0,0,280,22254,107,12094,280,34348,California
San Luis Obispo,2021-02-14,318,46785,41,21458,277,25327,0,0,282,22501,36,12130,283,34631,California
San Luis Obispo,2021-02-15,730,47515,140,21598,590,25917,0,0,474,22720,255,12385,474,35105,California
San Luis Obispo,2021-02-16,2967,50482,1197,22795,1770,27687,0,0,1360,22473,1607,13992,1360,36465,California
San Luis Obispo,2021-02-17,2788,53270,1251,24046,1537,29224,0,0,1030,21752,1751,15743,1030,37495,California
San Luis Obispo,2021-02-18,2826,56096,1459,25505,1367,30591,0,0,1133,21202,1684,17427,1134,38629,California
San Luis Obispo,2021-02-19,1466,57562,1345,26850,121,30712,0,0,1139,22016,325,17752,1139,39768,California
San Luis Obispo,2021-02-20,253,57815,79,26929,174,30886,0,0,215,22193,38,17790,215,39983,California
San Luis Obispo,2021-02-21,57,57872,53,26982,4,30890,0,0,32,22200,25,17815,32,40015,California
San Luis Obispo,2021-02-22,2418,60290,1869,28851,549,31439,0,0,1468,22720,949,18764,1469,41484,California
San Luis Obispo,2021-02-23,1860,62150,1745,30596,115,31554,0,0,1365,23592,494,19258,1366,42850,California
San Luis Obispo,2021-02-24,2642,64792,1299,31895,1343,32897,0,0,836,22625,1803,21061,836,43686,California
San Luis Obispo,2021-02-25,2134,66926,1242,33137,892,33789,0,0,1206,22909,923,21984,1207,44893,California
San Luis Obispo,2021-02-26,2653,69579,1152,34289,1501,35290,0,0,1329,22924,1314,23298,1329,46222,California
San Luis Obispo,2021-02-27,580,70159,353,34642,227,35517,0,0,530,23404,50,23348,530,46752,California
San Luis Obispo,2021-02-28,194,70353,67,34709,127,35644,0,0,160,23531,33,23381,160,46912,California
San Luis Obispo,2021-03-01,3012,73365,1883,36592,1127,36771,2,2,2081,24683,932,24313,2084,48996,California
San Luis Obispo,2021-03-02,3039,76404,1911,38503,1128,37899,0,2,1885,25420,1149,25462,1886,50882,California
San Luis Obispo,2021-03-03,2348,78752,341,38844,2007,39906,0,2,850,24779,1492,26954,851,51733,California
San Luis Obispo,2021-03-04,2202,80954,1164,40008,1038,40944,0,2,1187,24956,1012,27966,1189,52922,California
San Luis Obispo,2021-03-05,2304,83258,1022,41030,1212,42156,70,72,1299,25334,991,28957,1369,54291,California
San Luis Obispo,2021-03-06,841,84099,310,41340,423,42579,108,180,620,25835,221,29178,722,55013,California
San Luis Obispo,2021-03-07,201,84300,31,41371,85,42664,85,265,72,25864,128,29306,157,55170,California
San Luis Obispo,2021-03-08,2743,87043,760,42131,1667,44331,316,581,1546,26534,1192,30498,1862,57032,California
San Luis Obispo,2021-03-09,2952,89995,969,43100,1735,46066,248,829,1525,26884,1423,31921,1773,58805,California
San Luis Obispo,2021-03-10,3201,93196,1240,44340,1678,47744,283,1112,1815,27601,1381,33302,2098,60903,California
San Luis Obispo,2021-03-11,3298,96494,1272,45612,1704,49448,322,1434,1806,28246,1482,34784,2127,63030,California
San Luis Obispo,2021-03-12,3257,99751,1284,46896,1633,51081,340,1774,1619,28576,1632,36416,1962,64992,California
San Luis Obispo,2021-03-13,799,100550,262,47158,429,51510,108,1882,432,28749,366,36782,539,65531,California
San Luis Obispo,2021-03-14,513,101063,53,47211,350,51860,110,1992,134,28615,378,37160,244,65775,California
San Luis Obispo,2021-03-15,3060,104123,1099,48310,1863,53723,98,2090,1532,28721,1525,38685,1631,67406,California
San Luis Obispo,2021-03-16,2854,106977,1511,49821,1233,54956,110,2200,1437,28857,1410,40095,1546,68952,California
San Luis Obispo,2021-03-17,3447,110424,1447,51268,1738,56694,262,2462,2001,29684,1435,41530,2262,71214,California
San Luis Obispo,2021-03-18,2821,113245,1449,52717,1158,57852,214,2676,1347,29776,1468,42998,1560,72774,California
San Luis Obispo,2021-03-19,2602,115847,1572,54289,707,58559,323,2999,964,29434,1630,44628,1288,74062,California
San Luis Obispo,2021-03-20,842,116689,504,54793,301,58860,37,3036,388,29406,453,45081,425,74487,California
San Luis Obispo,2021-03-21,188,116877,45,54838,140,59000,3,3039,158,29538,29,45110,161,74648,California
San Luis Obispo,2021-03-22,2708,119585,1173,56011,1487,60487,48,3087,1874,30630,830,45940,1922,76570,California
San Luis Obispo,2021-03-23,3389,122974,2212,58223,1147,61634,30,3117,2271,31818,1113,47053,2301,78871,California
San Luis Obispo,2021-03-24,3564,126538,2177,60400,1301,62935,86,3203,2656,33658,901,47954,2741,81612,California
San Luis Obispo,2021-03-25,3699,130237,2315,62715,1372,64307,12,3215,2647,35268,1048,49002,2658,84270,California
San Luis Obispo,2021-03-26,3261,133498,1805,64520,1023,65330,433,3648,1827,36099,1429,50431,2260,86530,California
San Luis Obispo,2021-03-27,993,134491,507,65027,395,65725,91,3739,452,36103,539,50970,543,87073,California
San Luis Obispo,2021-03-28,445,134936,151,65178,238,65963,56,3795,245,36205,199,51169,301,87374,California
San Luis Obispo,2021-03-29,2626,137562,1322,66500,1170,67133,134,3929,1679,37086,933,52102,1814,89188,California
San Luis Obispo,2021-03-30,3529,141091,1936,68436,1451,68584,142,4071,2344,38391,1178,53280,2483,91671,California
San Luis Obispo,2021-03-31,3891,144982,2476,70912,1269,69853,146,4217,2509,39674,1371,54651,2654,94325,California
San Luis Obispo,2021-04-01,3895,148877,2464,73376,1313,71166,118,4335,2721,41351,1160,55811,2837,97162,California
San Luis Obispo,2021-04-02,1753,150630,687,74063,750,71916,316,4651,948,41809,803,56614,1261,98423,California
San Luis Obispo,2021-04-03,1111,151741,556,74619,428,72344,127,4778,492,41813,615,57229,619,99042,California
San Luis Obispo,2021-04-04,390,152131,135,74754,215,72559,40,4818,241,41945,149,57378,281,99323,California
San Luis Obispo,2021-04-05,3614,155745,1939,76693,1564,74123,111,4929,2016,42476,1594,58972,2125,101448,California
San Luis Obispo,2021-04-06,4057,159802,2160,78853,1572,75695,325,5254,1937,42625,2112,61084,2261,103709,California
San Luis Obispo,2021-04-07,4309,164111,2347,81200,1596,77291,366,5620,2460,43614,1834,62918,2823,106532,California
San Luis Obispo,2021-04-08,4066,168177,2216,83416,1444,78735,406,6026,2163,44289,1894,64812,2569,109101,California
San Luis Obispo,2021-04-09,3692,171869,1760,85176,1172,79907,760,6786,1514,44390,2167,66979,2268,111369,California
San Luis Obispo,2021-04-10,1596,173465,568,85744,357,80264,671,7457,495,44453,1101,68080,1164,112533,California
San Luis Obispo,2021-04-11,313,173778,61,85805,186,80450,66,7523,123,44454,188,68268,189,112722,California
San Luis Obispo,2021-04-12,3415,177193,1716,87521,1537,81987,162,7685,1424,44048,1991,70259,1585,114307,California
San Luis Obispo,2021-04-13,3688,180881,2131,89652,1556,83543,1,7686,1981,44336,1704,71963,1992,116299,California
San Luis Obispo,2021-04-14,3583,184464,2037,91689,1541,85084,5,7691,1772,44320,1796,73759,1780,118079,California
San Luis Obispo,2021-04-15,3722,188186,2421,94110,1300,86384,1,7692,1997,44620,1706,75465,2006,120085,California
San Luis Obispo,2021-04-16,3684,191870,2247,96357,1433,87817,4,7696,1791,44540,1885,77350,1805,121890,California
San Luis Obispo,2021-04-17,1097,192967,434,96791,661,88478,2,7698,712,44870,384,77734,714,122604,California
San Luis Obispo,2021-04-18,319,193286,97,96888,221,88699,1,7699,109,44772,207,77941,109,122713,California
San Luis Obispo,2021-04-19,3199,196485,1350,98238,1811,90510,38,7737,1098,43817,2097,80038,1142,123855,California
San Luis Obispo,2021-04-20,3620,200105,2010,100248,1610,92120,0,7737,1326,42859,2284,82322,1326,125181,California
San Luis Obispo,2021-04-21,3939,204044,1815,102063,2124,94244,0,7737,1581,42105,2338,84660,1584,126765,California
San Luis Obispo,2021-04-22,4590,208634,2067,104130,2523,96767,0,7737,1412,40358,3161,87821,1414,128179,California
San Luis Obispo,2021-04-23,1461,210095,844,104974,613,97380,4,7741,705,40320,751,88572,713,128892,California
San Luis Obispo,2021-04-24,1083,211178,440,105414,624,98004,19,7760,508,40265,582,89154,527,129419,California
San Luis Obispo,2021-04-25,347,211525,162,105576,185,98189,0,7760,112,40145,232,89386,112,129531,California
San Luis Obispo,2021-04-26,1080,212605,397,105973,666,98855,17,7777,395,39883,673,90059,411,129942,California
San Luis Obispo,2021-04-27,3921,216526,1987,107960,1854,100709,80,7857,1542,39133,2371,92430,1621,131563,California
San Luis Obispo,2021-04-28,3808,220334,2100,110060,1637,102346,71,7928,1356,38120,2440,94870,1427,132990,California
San Luis Obispo,2021-04-29,3715,224049,2121,112181,1527,103873,67,7995,1250,36989,2449,97319,1318,134308,California
San Luis Obispo,2021-04-30,2983,227032,1670,113851,1239,105112,74,8069,926,35948,2039,99358,998,135306,California
San Luis Obispo,2021-05-01,470,227502,160,114011,274,105386,36,8105,98,35713,368,99726,133,135439,California
San Luis Obispo,2021-05-02,171,227673,52,114063,99,105485,20,8125,42,35646,129,99855,62,135501,California
San Luis Obispo,2021-05-03,895,228568,288,114351,497,105982,110,8235,224,35309,669,100524,332,135833,California
San Luis Obispo,2021-05-04,2949,231517,1905,116256,973,106955,71,8306,871,34179,2071,102595,941,136774,California
San Luis Obispo,2021-05-05,2815,234332,1858,118114,891,107846,66,8372,684,32812,2119,104714,752,137526,California
San Luis Obispo,2021-05-06,2828,237160,1905,120019,860,108706,63,8435,729,31523,2081,106795,792,138318,California
San Luis Obispo,2021-05-07,2338,239498,1764,121783,507,109213,67,8502,610,30494,1707,108502,678,138996,California
San Luis Obispo,2021-05-08,568,240066,333,122116,211,109424,24,8526,192,30352,358,108860,216,139212,California
San Luis Obispo,2021-05-09,162,240228,39,122155,104,109528,19,8545,46,30302,115,108975,65,139277,California
San Luis Obispo,2021-05-10,725,240953,155,122310,520,110048,50,8595,153,29936,567,109542,201,139478,California
San Luis Obispo,2021-05-11,1188,242141,595,122905,518,110566,75,8670,361,29551,821,110363,436,139914,California
San Luis Obispo,2021-05-12,2427,244568,1601,124506,743,111309,83,8753,671,28567,1738,112101,754,140668,California
San Luis Obispo,2021-05-13,1141,245709,712,125218,367,111676,62,8815,474,28439,663,112764,535,141203,California
San Luis Obispo,2021-05-14,2233,247942,1636,126854,546,112222,51,8866,922,28119,1292,114056,972,142175,California
San Luis Obispo,2021-05-15,989,248931,456,127310,499,112721,34,8900,465,28098,521,114577,500,142675,California
San Luis Obispo,2021-05-16,304,249235,164,127474,134,112855,6,8906,173,28147,130,114707,179,142854,California
San Luis Obispo,2021-05-17,1670,250905,973,128447,645,113500,52,8958,663,27864,998,115705,715,143569,California
San Luis Obispo,2021-05-18,1895,252800,1156,129603,708,114208,31,8989,723,27453,1166,116871,755,144324,California
San Luis Obispo,2021-05-19,1449,254249,624,130227,763,114971,62,9051,409,26889,1034,117905,470,144794,California
San Luis Obispo,2021-05-20,1133,255382,502,130729,599,115570,32,9083,340,26479,782,118687,372,145166,California
San Luis Obispo,2021-05-21,1079,256461,575,131304,463,116033,41,9124,512,26474,558,119245,553,145719,California
San Luis Obispo,2021-05-22,669,257130,324,131628,322,116355,23,9147,331,26497,331,119576,354,146073,California
San Luis Obispo,2021-05-23,143,257273,65,131693,72,116427,6,9153,49,26459,93,119669,55,146128,California
San Luis Obispo,2021-05-24,566,257839,266,131959,266,116693,34,9187,205,26339,359,120028,239,146367,California
San Luis Obispo,2021-05-25,875,258714,432,132391,416,117109,27,9214,348,26197,517,120545,375,146742,California
San Luis Obispo,2021-05-26,2141,260855,989,133380,1097,118206,55,9269,671,25458,1464,122009,725,147467,California
San Luis Obispo,2021-05-27,1873,262728,661,134041,1179,119385,33,9302,481,24584,1387,123396,513,147980,California
San Luis Obispo,2021-05-28,881,263609,451,134492,409,119794,21,9323,464,24653,416,123812,485,148465,California
San Luis Obispo,2021-05-29,374,263983,150,134642,213,120007,11,9334,211,24714,162,123974,223,148688,California
San Luis Obispo,2021-05-30,89,264072,36,134678,45,120052,8,9342,34,24701,54,124028,41,148729,California
San Luis Obispo,2021-05-31,43,264115,5,134683,24,120076,14,9356,16,24705,25,124053,29,148758,California
San Luis Obispo,2021-06-01,750,264865,326,135009,393,120469,31,9387,271,24532,475,124528,302,149060,California
San Luis Obispo,2021-06-02,629,265494,286,135295,303,120772,40,9427,186,24321,437,124965,226,149286,California
San Luis Obispo,2021-06-03,911,266405,449,135744,430,121202,32,9459,253,23951,655,125620,285,149571,California
San Luis Obispo,2021-06-04,2468,268873,1519,137263,909,122111,40,9499,700,22933,1756,127376,738,150309,California
San Luis Obispo,2021-06-05,659,269532,287,137550,351,122462,21,9520,321,22937,338,127714,342,150651,California
San Luis Obispo,2021-06-06,185,269717,132,137682,44,122506,9,9529,46,22853,139,127853,55,150706,California
San Luis Obispo,2021-06-07,549,270266,358,138040,150,122656,41,9570,156,22659,391,128244,197,150903,California
San Luis Obispo,2021-06-08,784,271050,525,138565,217,122873,42,9612,245,22411,535,128779,287,151190,California
San Luis Obispo,2021-06-09,607,271657,346,138911,234,123107,27,9639,181,22196,423,129202,208,151398,California
San Luis Obispo,2021-06-10,748,272405,361,139272,349,123456,38,9677,232,21951,515,129717,270,151668,California
San Luis Obispo,2021-06-11,912,273317,527,139799,345,123801,40,9717,334,21752,574,130291,375,152043,California
San Luis Obispo,2021-06-12,390,273707,268,140067,117,123918,5,9722,164,21696,225,130516,169,152212,California
San Luis Obispo,2021-06-13,159,273866,89,140156,66,123984,4,9726,43,21627,116,130632,47,152259,California
San Luis Obispo,2021-06-14,433,274299,300,140456,106,124090,27,9753,132,21488,298,130930,159,152418,California
San Luis Obispo,2021-06-15,619,274918,388,140844,198,124288,33,9786,241,21387,374,131304,273,152691,California
San Luis Obispo,2021-06-16,169,275087,85,140929,75,124363,9,9795,51,21332,115,131419,60,152751,California
San Mateo,2020-12-15,27,27,27,27,0,0,0,0,27,27,0,0,27,27,California
San Mateo,2020-12-16,111,138,111,138,0,0,0,0,111,138,0,0,111,138,California
San Mateo,2020-12-17,173,311,173,311,0,0,0,0,173,311,0,0,173,311,California
San Mateo,2020-12-18,774,1085,772,1083,2,2,0,0,774,1085,0,0,774,1085,California
San Mateo,2020-12-19,505,1590,505,1588,0,2,0,0,505,1590,0,0,505,1590,California
San Mateo,2020-12-20,502,2092,501,2089,1,3,0,0,502,2092,0,0,502,2092,California
San Mateo,2020-12-21,1138,3230,1137,3226,1,4,0,0,1138,3230,0,0,1138,3230,California
San Mateo,2020-12-22,1513,4743,1505,4731,8,12,0,0,1512,4742,0,0,1512,4742,California
San Mateo,2020-12-23,1555,6298,1368,6099,187,199,0,0,1555,6297,0,0,1555,6297,California
San Mateo,2020-12-24,861,7159,607,6706,254,453,0,0,861,7158,0,0,861,7158,California
San Mateo,2020-12-25,115,7274,112,6818,3,456,0,0,115,7273,0,0,115,7273,California
San Mateo,2020-12-26,556,7830,413,7231,143,599,0,0,556,7829,0,0,556,7829,California
San Mateo,2020-12-27,306,8136,176,7407,130,729,0,0,306,8135,0,0,306,8135,California
San Mateo,2020-12-28,1053,9189,710,8117,343,1072,0,0,1053,9188,0,0,1053,9188,California
San Mateo,2020-12-29,1127,10316,708,8825,419,1491,0,0,1127,10315,0,0,1127,10315,California
San Mateo,2020-12-30,1257,11573,759,9584,498,1989,0,0,1257,11572,0,0,1257,11572,California
San Mateo,2020-12-31,708,12281,231,9815,477,2466,0,0,707,12278,1,1,707,12279,California
San Mateo,2021-01-01,112,12393,76,9891,36,2502,0,0,112,12390,0,1,112,12391,California
San Mateo,2021-01-02,395,12788,268,10159,127,2629,0,0,395,12785,0,1,395,12786,California
San Mateo,2021-01-03,285,13073,209,10368,76,2705,0,0,282,13064,3,4,282,13068,California
San Mateo,2021-01-04,1048,14121,674,11042,374,3079,0,0,1048,14112,0,4,1048,14116,California
San Mateo,2021-01-05,1216,15337,716,11758,500,3579,0,0,1184,15265,32,36,1185,15301,California
San Mateo,2021-01-06,1458,16795,960,12718,498,4077,0,0,1265,16341,190,226,1266,16567,California
San Mateo,2021-01-07,1458,18253,817,13535,641,4718,0,0,1148,17187,303,529,1149,17716,California
San Mateo,2021-01-08,1849,20102,1201,14736,648,5366,0,0,1139,17622,704,1233,1139,18855,California
San Mateo,2021-01-09,1170,21272,773,15509,397,5763,0,0,712,17877,457,1690,712,19567,California
San Mateo,2021-01-10,703,21975,577,16086,126,5889,0,0,263,17700,440,2130,263,19830,California
San Mateo,2021-01-11,2598,24573,1494,17580,1104,6993,0,0,1530,18163,1068,3198,1531,21361,California
San Mateo,2021-01-12,3438,28011,1926,19506,1512,8505,0,0,2220,19187,1208,4406,2232,23593,California
San Mateo,2021-01-13,3413,31424,1672,21178,1741,10246,0,0,2364,20518,1049,5455,2380,25973,California
San Mateo,2021-01-14,3810,35234,1618,22796,2192,12438,0,0,3107,22947,703,6158,3132,29105,California
San Mateo,2021-01-15,4334,39568,1725,24521,2609,15047,0,0,3795,26221,537,6695,3811,32916,California
San Mateo,2021-01-16,3086,42654,769,25290,2317,17364,0,0,2756,28652,329,7024,2760,35676,California
San Mateo,2021-01-17,1308,43962,306,25596,1002,18366,0,0,1101,29546,207,7231,1101,36777,California
San Mateo,2021-01-18,1360,45322,536,26132,824,19190,0,0,982,30153,375,7606,982,37759,California
San Mateo,2021-01-19,2799,48121,1795,27927,1004,20194,0,0,1995,31347,801,8407,1995,39754,California
San Mateo,2021-01-20,2798,50919,1545,29472,1253,21447,0,0,1953,32459,842,9249,1954,41708,California
San Mateo,2021-01-21,2865,53784,1299,30771,1566,23013,0,0,2279,34158,584,9833,2283,43991,California
San Mateo,2021-01-22,2809,56593,1143,31914,1666,24679,0,0,2515,36382,292,10125,2516,46507,California
San Mateo,2021-01-23,2872,59465,1675,33589,1197,25876,0,0,2512,38535,360,10485,2513,49020,California
San Mateo,2021-01-24,1509,60974,376,33965,1133,27009,0,0,1200,39427,308,10793,1200,50220,California
San Mateo,2021-01-25,4403,65377,3138,37103,1265,28274,0,0,3505,42041,895,11688,3509,53729,California
San Mateo,2021-01-26,4325,69702,3005,40108,1320,29594,0,0,3394,44508,929,12617,3396,57125,California
San Mateo,2021-01-27,2817,72519,1483,41591,1334,30928,0,0,1808,45316,1003,13620,1811,58936,California
San Mateo,2021-01-28,2807,75326,1362,42953,1445,32373,0,0,1951,46426,841,14461,1951,60887,California
San Mateo,2021-01-29,3010,78336,1363,44316,1647,34020,0,0,2163,47749,844,15305,2167,63054,California
San Mateo,2021-01-30,3471,81807,1488,45804,1983,36003,0,0,3014,50308,456,15761,3015,66069,California
San Mateo,2021-01-31,1683,83490,898,46702,785,36788,0,0,1521,51668,161,15922,1521,67590,California
San Mateo,2021-02-01,2934,86424,1356,48058,1578,38366,0,0,2210,53159,720,16642,2211,69801,California
San Mateo,2021-02-02,3211,89635,1732,49790,1479,39845,0,0,2180,54312,1027,17669,2180,71981,California
San Mateo,2021-02-03,4997,94632,2059,51849,2938,42783,0,0,3851,57021,1143,18812,3852,75833,California
San Mateo,2021-02-04,6188,100820,2505,54354,3683,46466,0,0,4904,60650,1279,20091,4908,80741,California
San Mateo,2021-02-05,6782,107602,2548,56902,4234,50700,0,0,4961,63808,1803,21894,4961,85702,California
San Mateo,2021-02-06,3268,110870,1910,58812,1358,52058,0,0,2614,65772,652,22546,2616,88318,California
San Mateo,2021-02-07,1888,112758,1346,60158,542,52600,0,0,1700,67284,188,22734,1700,90018,California
San Mateo,2021-02-08,5293,118051,2268,62426,3025,55625,0,0,3117,68290,2111,24845,3117,93135,California
San Mateo,2021-02-09,6161,124212,3214,65640,2947,58572,0,0,3323,68781,2832,27677,3323,96458,California
San Mateo,2021-02-10,6523,130735,3283,68923,3240,61812,0,0,3430,69129,3082,30759,3430,99888,California
San Mateo,2021-02-11,7040,137775,3580,72503,3460,65272,0,0,3790,69680,3241,34000,3792,103680,California
San Mateo,2021-02-12,6634,144409,2986,75489,3648,68920,0,0,4699,72451,1930,35930,4701,108381,California
San Mateo,2021-02-13,6121,150530,4034,79523,2087,71007,0,0,2647,71629,3469,39399,2647,111028,California
San Mateo,2021-02-14,4632,155162,3028,82551,1604,72611,0,0,1975,70955,2650,42049,1976,113004,California
San Mateo,2021-02-15,3137,158299,1443,83994,1694,74305,0,0,1771,71367,1360,43409,1772,114776,California
San Mateo,2021-02-16,7138,165437,1885,85879,5253,79558,0,0,5269,74771,1867,45276,5271,120047,California
San Mateo,2021-02-17,7071,172508,1950,87829,5121,84679,0,0,5039,77787,2025,47301,5041,125088,California
San Mateo,2021-02-18,6655,179163,4595,92424,2060,86739,0,0,4420,79979,2231,49532,4423,129511,California
San Mateo,2021-02-19,7798,186961,5597,98021,2201,88940,0,0,5776,83740,2015,51547,5776,135287,California
San Mateo,2021-02-20,3781,190742,2431,100452,1350,90290,0,0,2341,84648,1433,52980,2341,137628,California
San Mateo,2021-02-21,2630,193372,1789,102241,841,91131,0,0,1573,85172,1049,54029,1573,139201,California
San Mateo,2021-02-22,4452,197824,3239,105480,1213,92344,0,0,2817,86361,1629,55658,2818,142019,California
San Mateo,2021-02-23,4356,202180,3131,108611,1225,93569,0,0,2546,87106,1801,57459,2546,144565,California
San Mateo,2021-02-24,7356,209536,3309,111920,4047,97616,0,0,4887,89534,2460,59919,4888,149453,California
San Mateo,2021-02-25,9289,218825,4137,116057,5152,102768,0,0,6129,92522,3142,63061,6130,155583,California
San Mateo,2021-02-26,10022,228847,3866,119923,6156,108924,0,0,6947,96413,3060,66121,6951,162534,California
San Mateo,2021-02-27,6955,235802,3572,123495,3383,112307,0,0,3735,96941,3213,69334,3741,166275,California
San Mateo,2021-02-28,4442,240244,2746,126241,1696,114003,0,0,2667,97842,1767,71101,2668,168943,California
San Mateo,2021-03-01,6007,246251,3792,130033,2212,116215,3,3,2972,97797,3020,74121,2975,171918,California
San Mateo,2021-03-02,6233,252484,4428,134461,1804,118019,1,4,3580,98734,2645,76766,3582,175500,California
San Mateo,2021-03-03,8479,260963,3997,138458,4480,122499,2,6,3660,97589,4807,81573,3662,179162,California
San Mateo,2021-03-04,8509,269472,4000,142458,4506,127005,3,9,3831,96768,4657,86230,3836,182998,California
San Mateo,2021-03-05,9344,278816,6236,148694,3104,130109,4,13,6542,100536,2781,89011,6549,189547,California
San Mateo,2021-03-06,7969,286785,5564,154258,2230,132339,175,188,5842,104436,2116,91127,6016,195563,California
San Mateo,2021-03-07,3581,290366,2439,156697,1071,133410,71,259,2106,105142,1471,92598,2177,197740,California
San Mateo,2021-03-08,4510,294876,2559,159256,1734,135144,217,476,3296,107446,1207,93805,3511,201251,California
San Mateo,2021-03-09,5379,300255,2856,162112,2248,137392,275,751,3783,109918,1584,95389,4056,205307,California
San Mateo,2021-03-10,7185,307440,2893,165005,4008,141400,284,1035,4806,112642,2364,97753,5088,210395,California
San Mateo,2021-03-11,9099,316539,5731,170736,2977,144377,391,1426,3697,111356,5370,103123,4084,214479,California
San Mateo,2021-03-12,10585,327124,6689,177425,3513,147890,383,1809,3580,108334,6985,110108,3963,218442,California
San Mateo,2021-03-13,8229,335353,3497,180922,3098,150988,1634,3443,3986,109718,4229,114337,5613,224055,California
San Mateo,2021-03-14,4992,340345,3376,184298,1510,152498,106,3549,2645,110129,2339,116676,2750,226805,California
San Mateo,2021-03-15,7171,347516,4634,188932,2361,154859,176,3725,3751,110644,3413,120089,3928,230733,California
San Mateo,2021-03-16,11951,359467,4391,193323,7438,162297,122,3847,4795,108426,7137,127226,4919,235652,California
San Mateo,2021-03-17,10875,370342,4428,197751,6299,168596,148,3995,4877,107484,5968,133194,5026,240678,California
San Mateo,2021-03-18,7271,377613,4088,201839,2997,171593,186,4181,4295,108996,2968,136162,4480,245158,California
San Mateo,2021-03-19,7459,385072,4836,206675,1949,173542,674,4855,3557,109336,3891,140053,4231,249389,California
San Mateo,2021-03-20,8475,393547,6558,213233,1578,175120,339,5194,5408,112031,3051,143104,5746,255135,California
San Mateo,2021-03-21,4244,397791,3224,216457,791,175911,229,5423,2276,112576,1957,145061,2502,257637,California
San Mateo,2021-03-22,5266,403057,3592,220049,1252,177163,422,5845,2755,113257,2495,147556,3176,260813,California
San Mateo,2021-03-23,9804,412861,4485,224534,5124,182287,195,6040,4378,112435,5395,152951,4573,265386,California
San Mateo,2021-03-24,9503,422364,5481,230015,3878,186165,144,6184,4046,111236,5386,158337,4187,269573,California
San Mateo,2021-03-25,10144,432508,4957,234972,4886,191051,301,6485,4399,110299,5640,163977,4703,274276,California
San Mateo,2021-03-26,11268,443776,7764,242736,3335,194386,169,6654,4287,107816,6939,170916,4456,278732,California
San Mateo,2021-03-27,10600,454376,8138,250874,2360,196746,102,6756,4700,106736,5881,176797,4801,283533,California
San Mateo,2021-03-28,4278,458654,2782,253656,1386,198132,110,6866,2003,106588,2265,179062,2117,285650,California
San Mateo,2021-03-29,6041,464695,3762,257418,2026,200158,253,7119,2687,106194,3334,182396,2940,288590,California
San Mateo,2021-03-30,7152,471847,4078,261496,2921,203079,153,7272,3834,106880,3301,185697,3987,292577,California
San Mateo,2021-03-31,7276,479123,4599,266095,2536,205615,141,7413,3819,107402,3438,189135,3960,296537,California
San Mateo,2021-04-01,10618,489741,5252,271347,4154,209769,1212,8625,5705,109451,4865,194000,6914,303451,California
San Mateo,2021-04-02,10878,500619,5189,276536,4041,213810,1648,10273,5670,111577,5186,199186,7312,310763,California
San Mateo,2021-04-03,10013,510632,5732,282268,2466,216276,1815,12088,5082,113552,4922,204108,6897,317660,California
San Mateo,2021-04-04,5434,516066,2613,284881,1566,217842,1255,13343,1696,112778,3722,207830,2948,320608,California
San Mateo,2021-04-05,8943,525009,4765,289646,2447,220289,1731,15074,3816,113212,5109,212939,5543,326151,California
San Mateo,2021-04-06,13268,538277,8252,297898,3160,223449,1856,16930,7516,116852,5736,218675,9376,335527,California
San Mateo,2021-04-07,11391,549668,5247,303145,4457,227906,1687,18617,4820,116801,6550,225225,6499,342026,California
San Mateo,2021-04-08,10154,559822,5038,308183,2512,230418,2604,21221,4492,118240,5643,230868,7082,349108,California
San Mateo,2021-04-09,11371,571193,5542,313725,3350,233768,2479,23700,5107,119557,6261,237129,7578,356686,California
San Mateo,2021-04-10,11339,582532,5739,319464,4148,237916,1452,25152,4679,119057,6629,243758,6129,362815,California
San Mateo,2021-04-11,6679,589211,3299,322763,873,238789,2507,27659,2311,119508,4361,248119,4812,367627,California
San Mateo,2021-04-12,7336,596547,4473,327236,1890,240679,973,28632,3551,120264,3764,251883,4520,372147,California
San Mateo,2021-04-13,8241,604788,5131,332367,3099,243778,11,28643,4383,120815,3847,255730,4398,376545,California
San Mateo,2021-04-14,8403,613191,5453,337820,2949,246727,1,28644,4339,121121,4046,259776,4352,380897,California
San Mateo,2021-04-15,11232,624423,7467,345287,3763,250490,2,28646,7379,124677,3827,263603,7383,388280,California
San Mateo,2021-04-16,10004,634427,6907,352194,3081,253571,16,28662,6367,127458,3615,267218,6396,394676,California
San Mateo,2021-04-17,9828,644255,6531,358725,3295,256866,2,28664,6156,129971,3662,270880,6175,400851,California
San Mateo,2021-04-18,5473,649728,2616,361341,2857,259723,0,28664,3683,131897,1777,272657,3703,404554,California
San Mateo,2021-04-19,8374,658102,5445,366786,2929,262652,0,28664,5453,134456,2906,275563,5465,410019,California
San Mateo,2021-04-20,10291,668393,5750,372536,4540,267192,1,28665,6624,137446,3645,279208,6635,416654,California
San Mateo,2021-04-21,9032,677425,6104,378640,2926,270118,2,28667,5587,139616,3424,282632,5594,422248,California
San Mateo,2021-04-22,9658,687083,6475,385115,3182,273300,1,28668,5361,140720,4263,286895,5367,427615,California
San Mateo,2021-04-23,9450,696533,6221,391336,3229,276529,0,28668,5307,141925,4117,291012,5322,432937,California
San Mateo,2021-04-24,11295,707828,8039,399375,3256,279785,0,28668,5840,142341,5432,296444,5848,438785,California
San Mateo,2021-04-25,5544,713372,3853,403228,1689,281474,2,28670,3957,144736,1571,298015,3966,442751,California
San Mateo,2021-04-26,6637,720009,4799,408027,1830,283304,8,28678,3875,145882,2749,300764,3895,446646,California
San Mateo,2021-04-27,11351,731360,7984,416011,3212,286516,155,28833,4644,144010,6675,307439,4803,451449,California
San Mateo,2021-04-28,7873,739233,4491,420502,3177,289693,205,29038,4220,144800,3639,311078,4429,455878,California
San Mateo,2021-04-29,8083,747316,3744,424246,4166,293859,173,29211,3663,144257,4391,315469,3848,459726,California
San Mateo,2021-04-30,8058,755374,5062,429308,2843,296702,153,29364,3419,143229,4614,320083,3586,463312,California
San Mateo,2021-05-01,6162,761536,4126,433434,1918,298620,118,29482,2685,142584,3459,323542,2814,466126,California
San Mateo,2021-05-02,3188,764724,1743,435177,1375,299995,70,29552,1155,141788,2025,325567,1229,467355,California
San Mateo,2021-05-03,6017,770741,4495,439672,1378,301373,144,29696,1840,139603,4169,329736,1984,469339,California
San Mateo,2021-05-04,7342,778083,5002,444674,2169,303542,171,29867,2495,137448,4833,334569,2678,472017,California
San Mateo,2021-05-05,6902,784985,4521,449195,2223,305765,158,30025,2391,135518,4482,339051,2552,474569,California
San Mateo,2021-05-06,8633,793618,6747,455942,1710,307475,176,30201,1749,130582,6865,345916,1929,476498,California
San Mateo,2021-05-07,8211,801829,5866,461808,2060,309535,285,30486,1822,126337,6364,352280,2119,478617,California
San Mateo,2021-05-08,6644,808473,4014,465822,2391,311926,239,30725,1843,123636,4788,357068,2087,480704,California
San Mateo,2021-05-09,3127,811600,2430,468252,623,312549,74,30799,1064,122722,2053,359121,1139,481843,California
San Mateo,2021-05-10,4623,816223,3328,471580,1124,313673,171,30970,760,119808,3853,362974,939,482782,California
San Mateo,2021-05-11,6737,822960,5044,476624,1564,315237,129,31099,1743,116701,4981,367955,1874,484656,California
San Mateo,2021-05-12,6935,829895,5049,481673,1671,316908,215,31314,1794,113585,5127,373082,2011,486667,California
San Mateo,2021-05-13,9542,839437,7130,488803,2316,319224,96,31410,3555,111293,5954,379036,3662,490329,California
San Mateo,2021-05-14,8327,847764,6156,494959,2059,321283,112,31522,2703,108506,5609,384645,2822,493151,California
San Mateo,2021-05-15,10400,858164,8115,503074,2184,323467,101,31623,4568,107378,5818,390463,4690,497841,California
San Mateo,2021-05-16,7172,865336,5100,508174,2003,325470,69,31692,2186,104667,4968,395431,2257,500098,California
San Mateo,2021-05-17,7070,872406,5002,513176,1960,327430,108,31800,2149,102022,4906,400337,2261,502359,California
San Mateo,2021-05-18,8453,880859,5833,519009,2523,329953,97,31897,3098,99992,5229,405566,3199,505558,California
San Mateo,2021-05-19,7874,888733,5892,524901,1861,331814,121,32018,3688,99663,4139,409705,3810,509368,California
San Mateo,2021-05-20,5605,894338,3450,528351,2020,333834,135,32153,2248,98714,3334,413039,2385,511753,California
San Mateo,2021-05-21,6987,901325,4766,533117,2076,335910,145,32298,2042,95977,4924,417963,2187,513940,California
San Mateo,2021-05-22,6150,907475,4118,537235,1964,337874,68,32366,2423,94764,3707,421670,2494,516434,California
San Mateo,2021-05-23,2992,910467,1649,538884,1254,339128,89,32455,1152,94177,1828,423498,1241,517675,California
San Mateo,2021-05-24,3397,913864,2232,541116,1016,340144,149,32604,1112,93168,2267,425765,1258,518933,California
San Mateo,2021-05-25,4765,918629,2999,544115,1585,341729,181,32785,1592,91790,3153,428918,1775,520708,California
San Mateo,2021-05-26,5691,924320,3068,547183,2507,344236,116,32901,1809,89852,3863,432781,1925,522633,California
San Mateo,2021-05-27,3775,928095,2198,549381,1479,345715,98,32999,1244,88684,2506,435287,1338,523971,California
San Mateo,2021-05-28,3482,931577,2188,551569,1208,346923,86,33085,1328,87982,2114,437401,1412,525383,California
San Mateo,2021-05-29,3232,934809,2299,553868,881,347804,52,33137,1328,87482,1879,439280,1379,526762,California
San Mateo,2021-05-30,1653,936462,1120,554988,472,348276,61,33198,671,87241,973,440253,732,527494,California
San Mateo,2021-05-31,499,936961,334,555322,156,348432,9,33207,222,87197,275,440528,231,527725,California
San Mateo,2021-06-01,3393,940354,2035,557357,1261,349693,97,33304,1117,86147,2263,442791,1213,528938,California
San Mateo,2021-06-02,2772,943126,1844,559201,850,350543,78,33382,1128,85722,1629,444420,1204,530142,California
San Mateo,2021-06-03,3817,946943,2999,562200,703,351246,115,33497,888,83804,2917,447337,999,531141,California
San Mateo,2021-06-04,4163,951106,3216,565416,852,352098,95,33592,1248,82238,2896,450233,1330,532471,California
San Mateo,2021-06-05,5156,956262,4515,569931,543,352641,98,33690,1102,79414,4024,454257,1200,533671,California
San Mateo,2021-06-06,2498,958760,2059,571990,378,353019,61,33751,553,78099,1925,456182,610,534281,California
San Mateo,2021-06-07,3105,961865,2603,574593,419,353438,83,33834,791,76664,2307,458489,872,535153,California
San Mateo,2021-06-08,4071,965936,3440,578033,529,353967,102,33936,1012,74753,3025,461514,1114,536267,California
San Mateo,2021-06-09,4124,970060,3552,581585,501,354468,71,34007,620,71949,3493,465007,689,536956,California
San Mateo,2021-06-10,2961,973021,2395,583980,452,354920,114,34121,769,70653,2179,467186,883,537839,California
San Mateo,2021-06-11,2824,975845,2262,586242,441,355361,121,34242,895,69749,1919,469105,1015,538854,California
San Mateo,2021-06-12,3087,978932,2747,588989,254,355615,86,34328,914,68588,2161,471266,1000,539854,California
San Mateo,2021-06-13,1344,980276,999,589988,282,355897,63,34391,295,67907,1038,472304,357,540211,California
San Mateo,2021-06-14,1980,982256,1653,591641,238,356135,89,34480,495,67030,1458,473762,581,540792,California
San Mateo,2021-06-15,2005,984261,1562,593203,340,356475,103,34583,603,66350,1386,475148,706,541498,California
San Mateo,2021-06-16,1335,985596,1115,594318,111,356586,109,34692,353,65836,970,476118,456,541954,California
Santa Barbara,2020-12-15,2,2,2,2,0,0,0,0,2,2,0,0,2,2,California
Santa Barbara,2020-12-16,2,4,2,4,0,0,0,0,2,4,0,0,2,4,California
Santa Barbara,2020-12-17,56,60,56,60,0,0,0,0,56,60,0,0,56,60,California
Santa Barbara,2020-12-18,379,439,378,438,1,1,0,0,379,439,0,0,379,439,California
Santa Barbara,2020-12-19,325,764,325,763,0,1,0,0,325,764,0,0,325,764,California
Santa Barbara,2020-12-20,235,999,235,998,0,1,0,0,235,999,0,0,235,999,California
Santa Barbara,2020-12-21,653,1652,651,1649,2,3,0,0,653,1652,0,0,653,1652,California
Santa Barbara,2020-12-22,246,1898,244,1893,2,5,0,0,246,1898,0,0,246,1898,California
Santa Barbara,2020-12-23,325,2223,207,2100,118,123,0,0,325,2223,0,0,325,2223,California
Santa Barbara,2020-12-24,88,2311,40,2140,48,171,0,0,88,2311,0,0,88,2311,California
Santa Barbara,2020-12-26,326,2637,66,2206,260,431,0,0,326,2637,0,0,326,2637,California
Santa Barbara,2020-12-27,62,2699,1,2207,61,492,0,0,62,2699,0,0,62,2699,California
Santa Barbara,2020-12-28,358,3057,225,2432,133,625,0,0,358,3057,0,0,358,3057,California
Santa Barbara,2020-12-29,562,3619,359,2791,203,828,0,0,562,3619,0,0,562,3619,California
Santa Barbara,2020-12-30,578,4197,396,3187,182,1010,0,0,578,4197,0,0,578,4197,California
Santa Barbara,2020-12-31,241,4438,115,3302,126,1136,0,0,241,4438,0,0,241,4438,California
Santa Barbara,2021-01-01,116,4554,110,3412,6,1142,0,0,116,4554,0,0,116,4554,California
Santa Barbara,2021-01-02,599,5153,233,3645,366,1508,0,0,599,5153,0,0,599,5153,California
Santa Barbara,2021-01-03,23,5176,15,3660,8,1516,0,0,23,5176,0,0,23,5176,California
Santa Barbara,2021-01-04,306,5482,243,3903,63,1579,0,0,305,5481,0,0,305,5481,California
Santa Barbara,2021-01-05,752,6234,380,4283,372,1951,0,0,724,6177,28,28,724,6205,California
Santa Barbara,2021-01-06,657,6891,277,4560,380,2331,0,0,596,6713,60,88,596,6801,California
Santa Barbara,2021-01-07,1032,7923,709,5269,323,2654,0,0,528,6741,500,588,528,7329,California
Santa Barbara,2021-01-08,1204,9127,845,6114,359,3013,0,0,709,6955,495,1083,709,8038,California
Santa Barbara,2021-01-09,565,9692,293,6407,272,3285,0,0,319,7028,246,1329,319,8357,California
Santa Barbara,2021-01-10,62,9754,50,6457,12,3297,0,0,46,7058,16,1345,46,8403,California
Santa Barbara,2021-01-11,838,10592,670,7127,168,3465,0,0,613,7447,224,1569,613,9016,California
Santa Barbara,2021-01-12,1441,12033,646,7773,795,4260,0,0,1282,8570,159,1728,1282,10298,California
Santa Barbara,2021-01-13,1220,13253,270,8043,950,5210,0,0,1093,9536,127,1855,1093,11391,California
Santa Barbara,2021-01-14,1254,14507,136,8179,1118,6328,0,0,1199,10682,54,1909,1200,12591,California
Santa Barbara,2021-01-15,1809,16316,426,8605,1383,7711,0,0,1726,12327,81,1990,1726,14317,California
Santa Barbara,2021-01-16,1280,17596,202,8807,1078,8789,0,0,1240,13528,39,2029,1240,15557,California
Santa Barbara,2021-01-17,125,17721,22,8829,103,8892,0,0,122,13647,3,2032,122,15679,California
Santa Barbara,2021-01-18,1156,18877,419,9248,737,9629,0,0,970,14431,186,2218,970,16649,California
Santa Barbara,2021-01-19,1641,20518,572,9820,1069,10698,0,0,1360,15513,278,2496,1360,18009,California
Santa Barbara,2021-01-20,2113,22631,549,10369,1564,12262,0,0,1758,16917,354,2850,1758,19767,California
Santa Barbara,2021-01-21,3206,25837,1924,12293,1282,13544,0,0,3046,19804,160,3010,3047,22814,California
Santa Barbara,2021-01-22,2934,28771,1781,14074,1153,14697,0,0,2770,22414,161,3171,2771,25585,California
Santa Barbara,2021-01-23,1731,30502,1101,15175,630,15327,0,0,1214,23112,516,3687,1214,26799,California
Santa Barbara,2021-01-24,844,31346,752,15927,92,15419,0,0,835,23938,9,3696,835,27634,California
Santa Barbara,2021-01-25,1242,32588,496,16423,746,16165,0,0,1006,24708,236,3932,1006,28640,California
Santa Barbara,2021-01-26,2084,34672,500,16923,1584,17749,0,0,1700,26026,382,4314,1700,30340,California
Santa Barbara,2021-01-27,1170,35842,401,17324,769,18518,0,0,907,26674,262,4576,910,31250,California
Santa Barbara,2021-01-28,895,36737,298,17622,597,19115,0,0,681,27144,211,4787,681,31931,California
Santa Barbara,2021-01-29,1346,38083,532,18154,814,19929,0,0,984,27773,358,5145,987,32918,California
Santa Barbara,2021-01-30,1907,39990,1422,19576,485,20414,0,0,1491,28851,413,5558,1491,34409,California
Santa Barbara,2021-01-31,1455,41445,1217,20793,238,20652,0,0,1416,30228,39,5597,1416,35825,California
Santa Barbara,2021-02-01,954,42399,527,21320,427,21079,0,0,556,30386,398,5995,556,36381,California
Santa Barbara,2021-02-02,1809,44208,680,22000,1129,22208,0,0,1040,30660,766,6761,1040,37421,California
Santa Barbara,2021-02-03,1946,46154,1080,23080,866,23074,0,0,1505,31735,430,7191,1505,38926,California
Santa Barbara,2021-02-04,2781,48935,1869,24949,912,23986,0,0,2483,33926,292,7483,2483,41409,California
Santa Barbara,2021-02-05,2903,51838,2058,27007,845,24831,0,0,2259,35543,642,8125,2259,43668,California
Santa Barbara,2021-02-06,1201,53039,338,27345,863,25694,0,0,792,35926,409,8534,792,44460,California
Santa Barbara,2021-02-07,303,53342,264,27609,39,25733,0,0,267,36158,35,8569,267,44727,California
Santa Barbara,2021-02-08,954,54296,309,27918,645,26378,0,0,666,36536,288,8857,666,45393,California
Santa Barbara,2021-02-09,2435,56731,313,28231,2122,28500,0,0,1118,36346,1308,10165,1118,46511,California
Santa Barbara,2021-02-10,2758,59489,1496,29727,1262,29762,0,0,776,35148,1974,12139,776,47287,California
Santa Barbara,2021-02-11,4194,63683,2812,32539,1382,31144,0,0,628,32221,3555,15694,628,47915,California
Santa Barbara,2021-02-12,3311,66994,948,33487,2363,33507,0,0,777,30470,2528,18222,777,48692,California
Santa Barbara,2021-02-13,1232,68226,339,33826,893,34400,0,0,561,30362,669,18891,561,49253,California
Santa Barbara,2021-02-14,337,68563,41,33867,296,34696,0,0,289,30603,48,18939,289,49542,California
Santa Barbara,2021-02-15,971,69534,340,34207,631,35327,0,0,496,30627,472,19411,496,50038,California
Santa Barbara,2021-02-16,2151,71685,437,34644,1714,37041,0,0,722,29924,1425,20836,722,50760,California
Santa Barbara,2021-02-17,1437,73122,319,34963,1118,38159,0,0,521,29533,912,21748,521,51281,California
Santa Barbara,2021-02-18,3261,76383,2655,37618,606,38765,0,0,1524,29356,1701,23449,1524,52805,California
Santa Barbara,2021-02-19,3586,79969,2634,40252,952,39717,0,0,2322,30417,1261,24710,2322,55127,California
Santa Barbara,2021-02-20,2229,82198,1444,41696,785,40502,0,0,1670,31538,549,25259,1670,56797,California
Santa Barbara,2021-02-21,138,82336,109,41805,29,40531,0,0,61,31524,75,25334,61,56858,California
Santa Barbara,2021-02-22,933,83269,243,42048,690,41221,0,0,269,31131,662,25996,269,57127,California
Santa Barbara,2021-02-23,3190,86459,1046,43094,2144,43365,0,0,420,28785,2766,28762,420,57547,California
Santa Barbara,2021-02-24,3223,89682,1100,44194,2123,45488,0,0,722,27015,2492,31254,722,58269,California
Santa Barbara,2021-02-25,3460,93142,1921,46115,1539,47027,0,0,991,25546,2461,33715,992,59261,California
Santa Barbara,2021-02-26,3665,96807,2179,48294,1486,48513,0,0,1973,25835,1684,35399,1973,61234,California
Santa Barbara,2021-02-27,1536,98343,562,48856,974,49487,0,0,856,26017,676,36075,858,62092,California
Santa Barbara,2021-02-28,1086,99429,221,49077,865,50352,0,0,893,26724,187,36262,894,62986,California
Santa Barbara,2021-03-01,1652,101081,472,49549,1178,51530,2,2,1092,27276,543,36805,1095,64081,California
Santa Barbara,2021-03-02,2663,103744,424,49973,2239,53769,0,2,2162,28951,488,37293,2163,66244,California
Santa Barbara,2021-03-03,4637,108381,2103,52076,2532,56301,2,4,4039,32408,587,37880,4044,70288,California
Santa Barbara,2021-03-04,3425,111806,2280,54356,1145,57446,0,4,2870,34732,546,38426,2870,73158,California
Santa Barbara,2021-03-05,3820,115626,2164,56520,1597,59043,59,63,3093,37162,722,39148,3152,76310,California
Santa Barbara,2021-03-06,2433,118059,727,57247,1487,60530,219,282,1669,38288,759,39907,1885,78195,California
Santa Barbara,2021-03-07,566,118625,124,57371,311,60841,131,413,385,38625,180,40087,517,78712,California
Santa Barbara,2021-03-08,1578,120203,378,57749,857,61698,343,756,794,38984,778,40865,1137,79849,California
Santa Barbara,2021-03-09,2806,123009,350,58099,1683,63381,773,1529,743,38436,2060,42925,1512,81361,California
Santa Barbara,2021-03-10,2767,125776,554,58653,1162,64543,1051,2580,1045,38812,1717,44642,2093,83454,California
Santa Barbara,2021-03-11,5589,131365,3034,61687,1436,65979,1119,3699,2278,38905,3297,47939,3390,86844,California
Santa Barbara,2021-03-12,3691,135056,2103,63790,1158,67137,430,4129,2184,40017,1499,49438,2611,89455,California
Santa Barbara,2021-03-13,3500,138556,1938,65728,1353,68490,209,4338,2699,42128,798,50236,2909,92364,California
Santa Barbara,2021-03-14,807,139363,392,66120,360,68850,55,4393,487,42351,319,50555,542,92906,California
Santa Barbara,2021-03-15,2117,141480,697,66817,1128,69978,292,4685,1269,43070,840,51395,1559,94465,California
Santa Barbara,2021-03-16,3724,145204,1174,67991,2208,72186,342,5027,2736,45165,983,52378,3078,97543,California
Santa Barbara,2021-03-17,3317,148521,978,68969,1934,74120,405,5432,2324,46900,990,53368,2725,100268,California
Santa Barbara,2021-03-18,5227,153748,2794,71763,2231,76351,202,5634,4004,49899,1207,54575,4206,104474,California
Santa Barbara,2021-03-19,4451,158199,2771,74534,1347,77698,333,5967,3056,51896,1391,55966,3388,107862,California
Santa Barbara,2021-03-20,2184,160383,838,75372,1330,79028,16,5983,1336,52402,845,56811,1351,109213,California
Santa Barbara,2021-03-21,1169,161552,384,75756,754,79782,31,6014,840,52947,326,57137,871,110084,California
Santa Barbara,2021-03-22,2778,164330,1915,77671,819,80601,44,6058,2222,54666,547,57684,2266,112350,California
Santa Barbara,2021-03-23,4487,168817,2262,79933,2124,82725,101,6159,3712,57713,765,58449,3812,116162,California
Santa Barbara,2021-03-24,5423,174240,3154,83087,1515,84240,754,6913,2973,59009,2427,60876,3723,119885,California
Santa Barbara,2021-03-25,5568,179808,3275,86362,2101,86341,192,7105,2789,59228,2762,63638,2981,122866,California
Santa Barbara,2021-03-26,5095,184903,3229,89591,1567,87908,299,7404,2245,58940,2832,66470,2544,125410,California
Santa Barbara,2021-03-27,2962,187865,1225,90816,1694,89602,43,7447,1625,59273,1333,67803,1666,127076,California
Santa Barbara,2021-03-28,2783,190648,1658,92474,1097,90699,28,7475,1895,60314,884,68687,1925,129001,California
Santa Barbara,2021-03-29,4041,194689,2084,94558,1886,92585,71,7546,3229,62806,808,69495,3300,132301,California
Santa Barbara,2021-03-30,6806,201495,3515,98073,3140,95725,151,7697,4538,65239,2253,71748,4686,136987,California
Santa Barbara,2021-03-31,8703,210198,5540,103613,3097,98822,66,7763,5058,66739,3624,75372,5124,142111,California
Santa Barbara,2021-04-01,7059,217257,5220,108833,1580,100402,259,8022,4184,68325,2855,78227,4441,146552,California
Santa Barbara,2021-04-02,6655,223912,4566,113399,1495,101897,594,8616,3429,69129,3218,81445,4022,150574,California
Santa Barbara,2021-04-03,3812,227724,2115,115514,1631,103528,66,8682,2519,70426,1287,82732,2584,153158,California
Santa Barbara,2021-04-04,899,228623,443,115957,416,103944,40,8722,498,70565,399,83131,538,153696,California
Santa Barbara,2021-04-05,3467,232090,2293,118250,916,104860,258,8980,2171,71707,1287,84418,2429,156125,California
Santa Barbara,2021-04-06,5494,237584,2831,121081,2124,106984,539,9519,3365,73495,2113,86531,3901,160026,California
Santa Barbara,2021-04-07,6028,243612,3293,124374,2192,109176,543,10062,4091,76200,1928,88459,4633,164659,California
Santa Barbara,2021-04-08,7426,251038,5052,129426,647,109823,1727,11789,3435,77375,3984,92443,5159,169818,California
Santa Barbara,2021-04-09,7345,258383,4886,134312,1097,110920,1362,13151,3314,78024,4022,96465,4671,174489,California
Santa Barbara,2021-04-10,6729,265112,4667,138979,1447,112367,615,13766,4584,81085,2136,98601,5197,179686,California
Santa Barbara,2021-04-11,2686,267798,1971,140950,412,112779,303,14069,1860,82423,820,99421,2158,181844,California
Santa Barbara,2021-04-12,4425,272223,2850,143800,1022,113801,553,14622,1919,82394,2499,101920,2470,184314,California
Santa Barbara,2021-04-13,6395,278618,4201,148001,2188,115989,6,14628,2668,81348,3722,105642,2676,186990,California
Santa Barbara,2021-04-14,6818,285436,4431,152432,2385,118374,2,14630,4256,83072,2551,108193,4275,191265,California
Santa Barbara,2021-04-15,7015,292451,4125,156557,2889,121263,1,14631,3806,83689,3197,111390,3814,195079,California
Santa Barbara,2021-04-16,6424,298875,3776,160333,2637,123900,11,14642,4423,86145,1985,113375,4441,199520,California
Santa Barbara,2021-04-17,5350,304225,3884,164217,1466,125366,0,14642,4127,89065,1211,114586,4131,203651,California
Santa Barbara,2021-04-18,2154,306379,1498,165715,656,126022,0,14642,375,87684,1775,116361,394,204045,California
Santa Barbara,2021-04-19,3247,309626,2238,167953,1003,127025,6,14648,1033,86524,2208,118569,1048,205093,California
Santa Barbara,2021-04-20,5873,315499,3951,171904,1921,128946,1,14649,1650,83965,4209,122778,1650,206743,California
Santa Barbara,2021-04-21,5480,320979,3635,175539,1845,130791,0,14649,1738,81974,3729,126507,1738,208481,California
Santa Barbara,2021-04-22,5092,326071,2555,178094,2536,133327,1,14650,1452,79805,3624,130131,1455,209936,California
Santa Barbara,2021-04-23,5586,331657,3877,181971,1709,135036,0,14650,1964,78160,3609,133740,1964,211900,California
Santa Barbara,2021-04-24,4430,336087,2877,184848,1548,136584,5,14655,1632,77019,2779,136519,1638,213538,California
Santa Barbara,2021-04-25,1839,337926,1186,186034,653,137237,0,14655,499,76187,1331,137850,499,214037,California
Santa Barbara,2021-04-26,3241,341167,1972,188006,1248,138485,21,14676,558,74090,2676,140526,579,214616,California
Santa Barbara,2021-04-27,3957,345124,2163,190169,1690,140175,104,14780,1164,72574,2783,143309,1267,215883,California
Santa Barbara,2021-04-28,4910,350034,2861,193030,1932,142107,117,14897,1394,70585,3503,146812,1514,217397,California
Santa Barbara,2021-04-29,5258,355292,3802,196832,1229,143336,227,15124,1438,68444,3804,150616,1663,219060,California
Santa Barbara,2021-04-30,4953,360245,3698,200530,1091,144427,164,15288,1410,66490,3527,154143,1573,220633,California
Santa Barbara,2021-05-01,5263,365508,4073,204603,1156,145583,34,15322,892,63060,4357,158500,927,221560,California
Santa Barbara,2021-05-02,1135,366643,667,205270,340,145923,128,15450,308,62670,826,159326,436,221996,California
Santa Barbara,2021-05-03,2203,368846,1476,206746,588,146511,139,15589,440,61491,1756,161082,577,222573,California
Santa Barbara,2021-05-04,3293,372139,1667,208413,1554,148065,72,15661,1145,60572,2135,163217,1216,223789,California
Santa Barbara,2021-05-05,5436,377575,3676,212089,1613,149678,147,15808,622,56542,4801,168018,771,224560,California
Santa Barbara,2021-05-06,5063,382638,3919,216008,1040,150718,104,15912,966,53533,4079,172097,1070,225630,California
Santa Barbara,2021-05-07,4669,387307,3654,219662,835,151553,180,16092,1004,51060,3654,175751,1181,226811,California
Santa Barbara,2021-05-08,4244,391551,3161,222823,985,152538,98,16190,889,48705,3342,179093,987,227798,California
Santa Barbara,2021-05-09,699,392250,110,222933,549,153087,40,16230,466,48980,232,179325,507,228305,California
Santa Barbara,2021-05-10,1324,393574,627,223560,614,153701,83,16313,365,48470,957,180282,447,228752,California
Santa Barbara,2021-05-11,1874,395448,787,224347,791,154492,296,16609,425,47747,1441,181723,718,229470,California
Santa Barbara,2021-05-12,1661,397109,737,225084,700,155192,224,16833,482,47282,1171,182894,706,230176,California
Santa Barbara,2021-05-13,3731,400840,2787,227871,749,155941,195,17028,1234,46225,2486,185380,1429,231605,California
Santa Barbara,2021-05-14,4140,404980,2521,230392,1525,157466,94,17122,1627,45445,2499,187879,1719,233324,California
Santa Barbara,2021-05-15,3514,408494,2564,232956,931,158397,19,17141,1840,45642,1663,189542,1860,235184,California
Santa Barbara,2021-05-16,1066,409560,467,233423,484,158881,115,17256,469,45634,592,190134,584,235768,California
Santa Barbara,2021-05-17,1635,411195,930,234353,642,159523,63,17319,864,45795,765,190899,926,236694,California
Santa Barbara,2021-05-18,1844,413039,1161,235514,586,160109,97,17416,973,46011,854,191753,1070,237764,California
Santa Barbara,2021-05-19,1753,414792,965,236479,748,160857,40,17456,813,45931,932,192685,852,238616,California
Santa Barbara,2021-05-20,1715,416507,938,237417,658,161515,119,17575,863,46072,840,193525,981,239597,California
Santa Barbara,2021-05-21,3465,419972,2342,239759,1069,162584,54,17629,1275,45227,2175,195700,1330,240927,California
Santa Barbara,2021-05-22,2468,422440,1709,241468,715,163299,44,17673,1394,45600,1066,196766,1439,242366,California
Santa Barbara,2021-05-23,749,423189,328,241796,393,163692,28,17701,411,45702,337,197103,439,242805,California
Santa Barbara,2021-05-24,998,424187,583,242379,352,164044,63,17764,481,45733,513,197616,544,243349,California
Santa Barbara,2021-05-25,1399,425586,568,242947,762,164806,69,17833,461,45331,932,198548,530,243879,California
Santa Barbara,2021-05-26,3006,428592,1708,244655,1178,165984,120,17953,834,44127,2157,200705,953,244832,California
Santa Barbara,2021-05-27,1952,430544,1210,245865,599,166583,143,18096,824,43974,1121,201826,968,245800,California
Santa Barbara,2021-05-28,1510,432054,704,246569,654,167237,152,18248,622,43864,885,202711,775,246575,California
Santa Barbara,2021-05-29,896,432950,315,246884,544,167781,37,18285,366,43740,527,203238,403,246978,California
Santa Barbara,2021-05-30,500,433450,179,247063,223,168004,98,18383,186,43711,312,203550,283,247261,California
Santa Barbara,2021-05-31,95,433545,43,247106,42,168046,10,18393,23,43672,71,203621,32,247293,California
Santa Barbara,2021-06-01,1128,434673,591,247697,479,168525,58,18451,461,43529,662,204283,519,247812,California
Santa Barbara,2021-06-02,980,435653,585,248282,312,168837,83,18534,432,43499,544,204827,514,248326,California
Santa Barbara,2021-06-03,2053,437706,1545,249827,452,169289,56,18590,616,42739,1431,206258,671,248997,California
Santa Barbara,2021-06-04,1449,439155,662,250489,647,169936,140,18730,483,42401,958,207216,620,249617,California
Santa Barbara,2021-06-05,2914,442069,2209,252698,653,170589,52,18782,497,40544,2405,209621,548,250165,California
Santa Barbara,2021-06-06,904,442973,476,253174,409,170998,19,18801,254,40170,647,210268,273,250438,California
Santa Barbara,2021-06-07,1155,444128,826,254000,281,171279,48,18849,302,39669,851,211119,350,250788,California
Santa Barbara,2021-06-08,1104,445232,713,254713,359,171638,32,18881,293,39187,806,211925,324,251112,California
Santa Barbara,2021-06-09,1024,446256,693,255406,245,171883,86,18967,335,38923,686,212611,422,251534,California
Santa Barbara,2021-06-10,2384,448640,2074,257480,238,172121,72,19039,532,37677,1850,214461,604,252138,California
Santa Barbara,2021-06-11,1299,449939,608,258088,590,172711,101,19140,391,37267,902,215363,492,252630,California
Santa Barbara,2021-06-12,865,450804,585,258673,257,172968,23,19163,224,36875,638,216001,246,252876,California
Santa Barbara,2021-06-13,487,451291,301,258974,88,173056,98,19261,129,36746,356,216357,227,253103,California
Santa Barbara,2021-06-14,1183,452474,811,259785,302,173358,70,19331,307,36253,870,217227,377,253480,California
Santa Barbara,2021-06-15,1029,453503,655,260440,341,173699,33,19364,367,36000,651,217878,398,253878,California
Santa Barbara,2021-06-16,409,453912,296,260736,90,173789,23,19387,139,35896,264,218142,160,254038,California
Santa Clara,2020-12-15,69,69,69,69,0,0,0,0,69,69,0,0,69,69,California
Santa Clara,2020-12-16,151,220,151,220,0,0,0,0,151,220,0,0,151,220,California
Santa Clara,2020-12-17,410,630,410,630,0,0,0,0,410,630,0,0,410,630,California
Santa Clara,2020-12-18,1761,2391,1761,2391,0,0,0,0,1761,2391,0,0,1761,2391,California
Santa Clara,2020-12-19,2086,4477,2086,4477,0,0,0,0,2085,4476,0,0,2085,4476,California
Santa Clara,2020-12-20,1900,6377,1899,6376,1,1,0,0,1897,6373,0,0,1897,6373,California
Santa Clara,2020-12-21,2672,9049,2672,9048,0,1,0,0,2670,9042,1,1,2670,9043,California
Santa Clara,2020-12-22,3114,12163,3107,12155,7,8,0,0,3110,12152,0,1,3110,12153,California
Santa Clara,2020-12-23,3276,15439,3083,15238,193,201,0,0,3275,15427,0,1,3275,15428,California
Santa Clara,2020-12-24,1895,17334,1704,16942,191,392,0,0,1888,17313,2,3,1888,17316,California
Santa Clara,2020-12-25,345,17679,344,17286,1,393,0,0,345,17658,0,3,345,17661,California
Santa Clara,2020-12-26,1258,18937,1023,18309,235,628,0,0,1257,18915,0,3,1257,18918,California
Santa Clara,2020-12-27,653,19590,510,18819,143,771,0,0,653,19568,0,3,653,19571,California
Santa Clara,2020-12-28,2354,21944,1737,20556,617,1388,0,0,2354,21922,0,3,2354,21925,California
Santa Clara,2020-12-29,2376,24320,1507,22063,869,2257,0,0,2375,24297,0,3,2375,24300,California
Santa Clara,2020-12-30,3001,27321,1898,23961,1103,3360,0,0,2999,27294,2,5,2999,27299,California
Santa Clara,2020-12-31,1232,28553,393,24354,839,4199,0,0,1231,28524,1,6,1231,28530,California
Santa Clara,2021-01-01,149,28702,13,24367,136,4335,0,0,148,28671,1,7,148,28678,California
Santa Clara,2021-01-02,1099,29801,823,25190,276,4611,0,0,1099,29770,0,7,1099,29777,California
Santa Clara,2021-01-03,585,30386,368,25558,217,4828,0,0,580,30347,3,10,580,30357,California
Santa Clara,2021-01-04,2489,32875,1680,27238,809,5637,0,0,2486,32833,0,10,2486,32843,California
Santa Clara,2021-01-05,3101,35976,2032,29270,1069,6706,0,0,2907,35552,193,203,2912,35755,California
Santa Clara,2021-01-06,3368,39344,1992,31262,1376,8082,0,0,2757,37705,606,809,2759,38514,California
Santa Clara,2021-01-07,4246,43590,2572,33834,1674,9756,0,0,3155,39785,1081,1890,3161,41675,California
Santa Clara,2021-01-08,5895,49485,3854,37688,2041,11797,0,0,3777,41452,2110,4000,3777,45452,California
Santa Clara,2021-01-09,3023,52508,1902,39590,1121,12918,0,0,1698,41831,1322,5322,1701,47153,California
Santa Clara,2021-01-10,1979,54487,1526,41116,453,13371,0,0,759,41371,1219,6541,759,47912,California
Santa Clara,2021-01-11,5992,60479,3784,44900,2208,15579,0,0,3395,42177,2594,9135,3400,51312,California
Santa Clara,2021-01-12,6890,67369,3489,48389,3401,18980,0,0,4565,44455,2311,11446,4589,55901,California
Santa Clara,2021-01-13,7497,74866,3141,51530,4356,23336,0,0,5243,47499,2251,13697,5295,61196,California
Santa Clara,2021-01-14,8353,83219,2895,54425,5458,28794,0,0,6544,52295,1804,15501,6600,67796,California
Santa Clara,2021-01-15,9584,92803,2768,57193,6816,35610,0,0,8208,59184,1373,16874,8262,76058,California
Santa Clara,2021-01-16,4331,97134,1237,58430,3094,38704,0,0,3490,61845,837,17711,3498,79556,California
Santa Clara,2021-01-17,3248,100382,613,59043,2635,41339,0,0,2743,64087,501,18212,2743,82299,California
Santa Clara,2021-01-18,5145,105527,1183,60226,3962,45301,0,0,4582,68107,563,18775,4583,86882,California
Santa Clara,2021-01-19,8538,114065,2699,62925,5839,51140,0,0,6842,73259,1693,20468,6845,93727,California
Santa Clara,2021-01-20,8165,122230,4162,67087,4003,55143,0,0,6606,78311,1554,22022,6606,100333,California
Santa Clara,2021-01-21,8795,131025,3818,70905,4977,60120,0,0,7577,84674,1216,23238,7579,107912,California
Santa Clara,2021-01-22,8687,139712,3255,74160,5432,65552,0,0,8108,92208,577,23815,8111,116023,California
Santa Clara,2021-01-23,3817,143529,1699,75859,2118,67670,0,0,2844,94080,973,24788,2845,118868,California
Santa Clara,2021-01-24,2854,146383,1426,77285,1428,69098,0,0,2364,95957,487,25275,2364,121232,California
Santa Clara,2021-01-25,8433,154816,3810,81095,4623,73721,0,0,6344,100223,2081,27356,6347,127579,California
Santa Clara,2021-01-26,8381,163197,3830,84925,4551,78272,0,0,6226,104308,2145,29501,6230,133809,California
Santa Clara,2021-01-27,8833,172030,3890,88815,4943,83215,0,0,6892,109284,1921,31422,6897,140706,California
Santa Clara,2021-01-28,9622,181652,3876,92691,5746,88961,0,0,7627,114943,1974,33396,7633,148339,California
Santa Clara,2021-01-29,9627,191279,3969,96660,5658,94619,0,0,7432,120197,2184,35580,7438,155777,California
Santa Clara,2021-01-30,4139,195418,2077,98737,2062,96681,0,0,2918,121903,1214,36794,2920,158697,California
Santa Clara,2021-01-31,2194,197612,1308,100045,886,97567,0,0,1595,122903,595,37389,1595,160292,California
Santa Clara,2021-02-01,7887,205499,3524,103569,4363,101930,0,0,6171,127368,1708,39097,6173,166465,California
Santa Clara,2021-02-02,8654,214153,2901,106470,5753,107683,0,0,6628,131980,2019,41116,6631,173096,California
Santa Clara,2021-02-03,9251,223404,3506,109976,5745,113428,0,0,6953,136649,2290,43406,6959,180055,California
Santa Clara,2021-02-04,11029,234433,4175,114151,6854,120282,0,0,8718,143069,2301,45707,8721,188776,California
Santa Clara,2021-02-05,11998,246431,4368,118519,7630,127912,0,0,8521,148128,3463,49170,8522,197298,California
Santa Clara,2021-02-06,5256,251687,2860,121379,2396,130308,0,0,4074,151025,1179,50349,4076,201374,California
Santa Clara,2021-02-07,3510,255197,2360,123739,1150,131458,0,0,3050,153617,459,50808,3051,204425,California
Santa Clara,2021-02-08,10095,265292,3533,127272,6562,138020,0,0,7366,158269,2715,53523,7367,211792,California
Santa Clara,2021-02-09,11225,276517,3842,131114,7383,145403,0,0,7710,162482,3501,57024,7714,219506,California
Santa Clara,2021-02-10,12722,289239,4963,136077,7759,153162,0,0,6868,163512,5842,62866,6872,226378,California
Santa Clara,2021-02-11,13660,302899,4788,140865,8872,162034,0,0,7764,165396,5881,68747,7765,234143,California
Santa Clara,2021-02-12,14648,317547,4505,145370,10143,172177,0,0,7027,164825,7600,76347,7029,241172,California
Santa Clara,2021-02-13,6124,323671,1475,146845,4649,176826,0,0,2240,163190,3877,80224,2242,243414,California
Santa Clara,2021-02-14,4638,328309,1154,147999,3484,180310,0,0,1483,161522,3153,83377,1485,244899,California
Santa Clara,2021-02-15,6303,334612,2805,150804,3498,183808,0,0,2723,160672,3573,86950,2723,247622,California
Santa Clara,2021-02-16,13877,348489,4055,154859,9822,193630,0,0,6961,160733,6901,93851,6962,254584,California
Santa Clara,2021-02-17,14143,362632,5534,160393,8609,202239,0,0,7060,160732,7066,100917,7065,261649,California
Santa Clara,2021-02-18,14358,376990,8480,168873,5878,208117,0,0,7311,161041,7006,107923,7315,268964,California
Santa Clara,2021-02-19,14999,391989,9620,178493,5379,213496,0,0,8739,163542,6243,114166,8744,277708,California
Santa Clara,2021-02-20,6974,398963,5210,183703,1764,215260,0,0,3761,164100,3203,117369,3761,281469,California
Santa Clara,2021-02-21,3406,402369,2521,186224,885,216145,0,0,1262,163229,2135,119504,1264,282733,California
Santa Clara,2021-02-22,10378,412747,6207,192431,4171,220316,0,0,4830,162524,5536,125040,4831,287564,California
Santa Clara,2021-02-23,12091,424838,7825,200256,4266,224582,0,0,6838,164128,5239,130279,6843,294407,California
Santa Clara,2021-02-24,14339,439177,9256,209512,5083,229665,0,0,8864,167534,5458,135737,8864,303271,California
Santa Clara,2021-02-25,15146,454323,9667,219179,5479,235144,0,0,8252,168927,6869,142606,8262,311533,California
Santa Clara,2021-02-26,15061,469384,8732,227911,6329,241473,0,0,8220,170335,6815,149421,8223,319756,California
Santa Clara,2021-02-27,8275,477659,5750,233661,2524,243997,1,1,4646,171371,3618,153039,4654,324410,California
Santa Clara,2021-02-28,5406,483065,3694,237355,1712,245709,0,1,2679,171335,2716,155755,2680,327090,California
Santa Clara,2021-03-01,14612,497677,8409,245764,6197,251906,6,7,9066,174881,5526,161281,9072,336162,California
Santa Clara,2021-03-02,16182,513859,9581,255345,6600,258506,1,8,10320,179366,5837,167118,10322,346484,California
Santa Clara,2021-03-03,18763,532622,9311,264656,9448,267954,4,12,11677,184003,7048,174166,11685,358169,California
Santa Clara,2021-03-04,16644,549266,9076,273732,7565,275519,3,15,9680,186807,6882,181048,9686,367855,California
Santa Clara,2021-03-05,16684,565950,9288,283020,7270,282789,126,141,9272,188820,7390,188438,9403,377258,California
Santa Clara,2021-03-06,9512,575462,6351,289371,2709,285498,452,593,7127,194027,2371,190809,7578,384836,California
Santa Clara,2021-03-07,6869,582331,4492,293863,2133,287631,244,837,5464,198338,1396,192205,5707,390543,California
Santa Clara,2021-03-08,12991,595322,6767,300630,5647,293278,577,1414,8339,202619,4634,196839,8915,399458,California
Santa Clara,2021-03-09,15295,610617,6549,307179,7409,300687,1337,2751,6850,202375,8425,205264,8181,407639,California
Santa Clara,2021-03-10,15205,625822,6633,313812,6447,307134,2125,4876,6243,201783,8934,214198,8342,415981,California
Santa Clara,2021-03-11,17162,642984,7803,321615,7847,314981,1512,6388,6078,198303,11054,225252,7574,423555,California
Santa Clara,2021-03-12,17825,660809,9149,330764,7098,322079,1578,7966,5985,194046,11797,237049,7540,431095,California
Santa Clara,2021-03-13,10811,671620,6266,337030,3045,325124,1500,9466,4778,194291,6009,243058,6254,437349,California
Santa Clara,2021-03-14,6556,678176,3390,340420,1853,326977,1313,10779,3173,195399,3366,246424,4474,441823,California
Santa Clara,2021-03-15,12891,691067,6587,347007,6028,333005,276,11055,5989,194785,6877,253301,6263,448086,California
Santa Clara,2021-03-16,18300,709367,10356,357363,7736,340741,208,11263,8843,194405,9429,262730,9049,457135,California
Santa Clara,2021-03-17,20096,729463,11402,368765,8526,349267,168,11431,10367,195257,9677,272407,10529,467664,California
Santa Clara,2021-03-18,19224,748687,8992,377757,9056,358323,1176,12607,8990,195239,10178,282585,10160,477824,California
Santa Clara,2021-03-19,19438,768125,9990,387747,8440,366763,1008,13615,9898,196654,9480,292065,10895,488719,California
Santa Clara,2021-03-20,11526,779651,6371,394118,4321,371084,834,14449,6690,199369,4806,296871,7521,496240,California
Santa Clara,2021-03-21,8361,788012,3790,397908,3164,374248,1407,15856,5334,203083,3013,299884,6727,502967,California
Santa Clara,2021-03-22,16444,804456,9195,407103,6892,381140,357,16213,9035,205089,7382,307266,9388,512355,California
Santa Clara,2021-03-23,19323,823779,12286,419389,6511,387651,526,16739,11100,208537,8174,315440,11622,523977,California
Santa Clara,2021-03-24,22712,846491,14633,434022,7662,395313,417,17156,14578,215442,8092,323532,14997,538974,California
Santa Clara,2021-03-25,23030,869521,13214,447236,8849,404162,967,18123,14778,222983,8187,331719,15728,554702,California
Santa Clara,2021-03-26,22049,891570,14034,461270,7625,411787,390,18513,13517,228387,8494,340213,13898,568600,California
Santa Clara,2021-03-27,15773,907343,10485,471755,4516,416303,772,19285,8428,230283,7300,347513,9196,577796,California
Santa Clara,2021-03-28,12126,919469,8405,480160,3004,419307,717,20002,6503,231902,5596,353109,7215,585011,California
Santa Clara,2021-03-29,20685,940154,12683,492843,7273,426580,729,20731,11158,234296,9485,362594,11879,596890,California
Santa Clara,2021-03-30,25772,965926,15317,508160,8499,435079,1956,22687,16197,242906,9531,372125,18141,615031,California
Santa Clara,2021-03-31,20593,986519,11971,520131,7488,442567,1134,23821,12604,248682,7945,380070,13721,628752,California
Santa Clara,2021-04-01,31955,1018474,19923,540054,8956,451523,3076,26897,20158,260157,11727,391797,23202,651954,California
Santa Clara,2021-04-02,25322,1043796,14452,554506,8726,460249,2144,29041,16564,270135,8713,400510,18691,670645,California
Santa Clara,2021-04-03,15350,1059146,9309,563815,3539,463788,2502,31543,8549,274391,6779,407289,11035,681680,California
Santa Clara,2021-04-04,7691,1066837,4070,567885,2447,466235,1174,32717,3990,275858,3690,410979,5157,686837,California
Santa Clara,2021-04-05,21995,1088832,14647,582532,4858,471093,2490,35207,14365,285097,7603,418582,16842,703679,California
Santa Clara,2021-04-06,29694,1118526,16374,598906,7824,478917,5496,40703,17851,296623,11792,430374,23318,726997,California
Santa Clara,2021-04-07,31051,1149577,16006,614912,8508,487425,6537,47240,18954,310035,12039,442413,25451,752448,California
Santa Clara,2021-04-08,30140,1179717,16470,631382,6019,493444,7651,54891,16431,320435,13636,456049,24036,776484,California
Santa Clara,2021-04-09,28217,1207934,13963,645345,6934,500378,7320,62211,14411,328384,13738,469787,21687,798171,California
Santa Clara,2021-04-10,21590,1229524,12491,657836,3766,504144,5333,67544,11553,335217,10003,479790,16836,815007,California
Santa Clara,2021-04-11,16085,1245609,9648,667484,2678,506822,3759,71303,8354,339608,7697,487487,12088,827095,California
Santa Clara,2021-04-12,27143,1272752,19074,686558,5595,512417,2474,73777,18487,351961,8595,496082,20948,848043,California
Santa Clara,2021-04-13,34524,1307276,27136,713694,7357,519774,31,73808,26601,370767,7847,503929,26653,874696,California
Santa Clara,2021-04-14,37055,1344331,28037,741731,9014,528788,4,73812,26295,386411,10694,514623,26338,901034,California
Santa Clara,2021-04-15,44435,1388766,34412,776143,10018,538806,5,73817,34271,410679,10056,524679,34324,935358,California
Santa Clara,2021-04-16,38630,1427396,26427,802570,12200,551006,3,73820,27697,427537,10870,535549,27728,963086,California
Santa Clara,2021-04-17,22059,1449455,15057,817627,7000,558006,2,73822,15154,435859,6852,542401,15174,978260,California
Santa Clara,2021-04-18,16489,1465944,10706,828333,5783,563789,0,73822,10298,440011,6163,548564,10315,988575,California
Santa Clara,2021-04-19,28890,1494834,20894,849227,7995,571784,1,73823,17288,445799,11534,560098,17322,1005897,California
Santa Clara,2021-04-20,36984,1531818,22489,871716,14494,586278,1,73824,22576,454106,14301,574399,22608,1028505,California
Santa Clara,2021-04-21,36869,1568687,21387,893103,15480,601758,2,73826,24368,466095,12412,586811,24401,1052906,California
Santa Clara,2021-04-22,37286,1605973,24855,917958,12430,614188,1,73827,17610,464191,19581,606392,17677,1070583,California
Santa Clara,2021-04-23,32123,1638096,19528,937486,12594,626782,1,73828,15064,462350,16958,623350,15117,1085700,California
Santa Clara,2021-04-24,21157,1659253,15489,952975,5667,632449,1,73829,11982,465263,9100,632450,12013,1097713,California
Santa Clara,2021-04-25,13631,1672884,9872,962847,3753,636202,6,73835,8688,469083,4899,637349,8719,1106432,California
Santa Clara,2021-04-26,24985,1697869,19260,982107,5666,641868,59,73894,10365,465009,14522,651871,10448,1116880,California
Santa Clara,2021-04-27,27551,1725420,19579,1001686,7590,649458,382,74276,12010,461994,15449,667320,12434,1129314,California
Santa Clara,2021-04-28,26008,1751428,19274,1020960,6296,655754,438,74714,11037,458638,14889,682209,11533,1140847,California
Santa Clara,2021-04-29,23929,1775357,17509,1038469,6022,661776,398,75112,8970,453186,14885,697094,9433,1150280,California
Santa Clara,2021-04-30,23034,1798391,15766,1054235,6903,668679,365,75477,9766,450209,13182,710276,10205,1160485,California
Santa Clara,2021-05-01,17484,1815875,14534,1068769,2690,671369,260,75737,5463,444003,11972,722248,5766,1166251,California
Santa Clara,2021-05-02,11303,1827178,9380,1078149,1691,673060,232,75969,3482,439959,7779,730027,3735,1169986,California
Santa Clara,2021-05-03,22850,1850028,19398,1097547,3020,676080,432,76401,5130,427914,17643,747670,5598,1175584,California
Santa Clara,2021-05-04,30526,1880554,23868,1121415,6113,682193,545,76946,5464,409000,24963,772633,6049,1181633,California
Santa Clara,2021-05-05,32131,1912685,24376,1145791,7208,689401,547,77493,5418,388371,26618,799251,5989,1187622,California
Santa Clara,2021-05-06,35431,1948116,29532,1175323,5424,694825,475,77968,4679,362923,30621,829872,5173,1192795,California
Santa Clara,2021-05-07,32551,1980667,26176,1201499,5883,700708,492,78460,4644,340323,27776,857648,5176,1197971,California
Santa Clara,2021-05-08,16480,1997147,13409,1214908,2649,703357,422,78882,3485,331338,12909,870557,3924,1201895,California
Santa Clara,2021-05-09,10486,2007633,9120,1224028,1179,704536,187,79069,2460,326010,7988,878545,2660,1204555,California
Santa Clara,2021-05-10,20818,2028451,16676,1240704,3737,708273,405,79474,2736,311169,18003,896548,3162,1207717,California
Santa Clara,2021-05-11,22160,2050611,16620,1257324,5096,713369,444,79918,4009,297569,18060,914608,4460,1212177,California
Santa Clara,2021-05-12,21021,2071632,15376,1272700,5132,718501,513,80431,4522,286212,16408,931016,5051,1217228,California
Santa Clara,2021-05-13,28049,2099681,22717,1295417,5031,723532,301,80732,11252,281054,16715,947731,11557,1228785,California
Santa Clara,2021-05-14,27655,2127336,19294,1314711,7975,731507,386,81118,9720,273330,17841,965572,10117,1238902,California
Santa Clara,2021-05-15,20897,2148233,16781,1331492,3835,735342,281,81399,8100,269003,12714,978286,8387,1247289,California
Santa Clara,2021-05-16,16122,2164355,13126,1344618,2819,738161,177,81576,5241,263623,10801,989087,5421,1252710,California
Santa Clara,2021-05-17,20188,2184543,15872,1360490,3951,742112,365,81941,6900,257672,13217,1002304,7266,1259976,California
Santa Clara,2021-05-18,26120,2210663,16673,1377163,9032,751144,415,82356,7308,246722,18674,1020978,7724,1267700,California
Santa Clara,2021-05-19,24601,2235264,14376,1391539,9803,760947,422,82778,7512,237685,16979,1037957,7942,1275642,California
Santa Clara,2021-05-20,18347,2253611,12034,1403573,5863,766810,450,83228,6177,232225,12083,1050040,6623,1282265,California
Santa Clara,2021-05-21,22290,2275901,14812,1418385,6984,773794,494,83722,7656,225861,14529,1064569,8165,1290430,California
Santa Clara,2021-05-22,12845,2288746,9733,1428118,2764,776558,348,84070,5617,224668,7162,1071731,5969,1296399,California
Santa Clara,2021-05-23,8151,2296897,6029,1434147,1921,778479,201,84271,3274,223315,4830,1076561,3477,1299876,California
Santa Clara,2021-05-24,10278,2307175,7281,1441428,2546,781025,451,84722,3549,220647,6668,1083229,4000,1303876,California
Santa Clara,2021-05-25,11472,2318647,7957,1449385,3096,784121,419,85141,4473,218612,6925,1090154,4890,1308766,California
Santa Clara,2021-05-26,10368,2329015,6733,1456118,3302,787423,333,85474,3999,216671,6268,1096422,4327,1313093,California
Santa Clara,2021-05-27,9357,2338372,5999,1462117,2885,790308,473,85947,3586,215018,5705,1102127,4052,1317145,California
Santa Clara,2021-05-28,10847,2349219,7063,1469180,3361,793669,423,86370,4497,213652,6287,1108414,4921,1322066,California
Santa Clara,2021-05-29,6294,2355513,4302,1473482,1711,795380,281,86651,2889,213452,3366,1111780,3166,1325232,California
Santa Clara,2021-05-30,3812,2359325,2864,1476346,738,796118,210,86861,1827,213530,1958,1113738,2036,1327268,California
Santa Clara,2021-05-31,1095,2360420,631,1476977,355,796473,109,86970,444,213438,645,1114383,553,1327821,California
Santa Clara,2021-06-01,9043,2369463,6377,1483354,2286,798759,380,87350,3283,211410,5690,1120073,3662,1331483,California
Santa Clara,2021-06-02,7636,2377099,5506,1488860,1778,800537,352,87702,2961,210093,4621,1124694,3304,1334787,California
Santa Clara,2021-06-03,12216,2389315,10129,1498989,1720,802257,367,88069,2787,203875,9375,1134069,3157,1337944,California
Santa Clara,2021-06-04,13571,2402886,11393,1510382,1856,804113,322,88391,3407,197494,10103,1144172,3722,1341666,California
Santa Clara,2021-06-05,10445,2413331,8994,1519376,1193,805306,258,88649,2231,191818,8163,1152335,2487,1344153,California
Santa Clara,2021-06-06,6850,2420181,6105,1525481,593,805899,152,88801,1407,187988,5389,1157724,1559,1345712,California
Santa Clara,2021-06-07,9888,2430069,8331,1533812,1305,807204,252,89053,2393,183172,7457,1165181,2641,1348353,California
Santa Clara,2021-06-08,9120,2439189,7464,1541276,1384,808588,272,89325,2493,179363,6570,1171751,2761,1351114,California
Santa Clara,2021-06-09,9515,2448704,7950,1549226,1304,809892,261,89586,2296,174756,7158,1178909,2551,1353665,California
Santa Clara,2021-06-10,8255,2456959,6842,1556068,1089,810981,324,89910,2258,171392,5944,1184853,2580,1356245,California
Santa Clara,2021-06-11,10114,2467073,8645,1564713,1188,812169,281,90191,2505,166616,7563,1192416,2787,1359032,California
Santa Clara,2021-06-12,7084,2474157,5901,1570614,1022,813191,161,90352,1660,163056,5380,1197796,1820,1360852,California
Santa Clara,2021-06-13,3667,2477824,2959,1573573,597,813788,111,90463,871,161264,2774,1200570,982,1361834,California
Santa Clara,2021-06-14,4850,2482674,3718,1577291,890,814678,242,90705,1512,159709,3308,1203878,1753,1363587,California
Santa Clara,2021-06-15,7226,2489900,5895,1583186,1077,815755,254,90959,2066,156921,5109,1208987,2321,1365908,California
Santa Clara,2021-06-16,4123,2494023,3388,1586574,561,816316,174,91133,1259,155508,2847,1211834,1434,1367342,California
Santa Cruz,2020-12-15,2,2,2,2,0,0,0,0,2,2,0,0,2,2,California
Santa Cruz,2020-12-16,55,57,55,57,0,0,0,0,55,57,0,0,55,57,California
Santa Cruz,2020-12-17,383,440,383,440,0,0,0,0,383,440,0,0,383,440,California
Santa Cruz,2020-12-18,448,888,448,888,0,0,0,0,448,888,0,0,448,888,California
Santa Cruz,2020-12-19,170,1058,169,1057,1,1,0,0,170,1058,0,0,170,1058,California
Santa Cruz,2020-12-20,90,1148,90,1147,0,1,0,0,90,1148,0,0,90,1148,California
Santa Cruz,2020-12-21,429,1577,428,1575,1,2,0,0,429,1577,0,0,429,1577,California
Santa Cruz,2020-12-22,409,1986,408,1983,1,3,0,0,409,1986,0,0,409,1986,California
Santa Cruz,2020-12-23,349,2335,311,2294,38,41,0,0,349,2335,0,0,349,2335,California
Santa Cruz,2020-12-24,120,2455,46,2340,74,115,0,0,120,2455,0,0,120,2455,California
Santa Cruz,2020-12-25,8,2463,8,2348,0,115,0,0,8,2463,0,0,8,2463,California
Santa Cruz,2020-12-26,59,2522,42,2390,17,132,0,0,59,2522,0,0,59,2522,California
Santa Cruz,2020-12-27,31,2553,26,2416,5,137,0,0,31,2553,0,0,31,2553,California
Santa Cruz,2020-12-28,466,3019,103,2519,363,500,0,0,466,3019,0,0,466,3019,California
Santa Cruz,2020-12-29,776,3795,362,2881,414,914,0,0,776,3795,0,0,776,3795,California
Santa Cruz,2020-12-30,337,4132,156,3037,181,1095,0,0,337,4132,0,0,337,4132,California
Santa Cruz,2020-12-31,308,4440,10,3047,298,1393,0,0,308,4440,0,0,308,4440,California
Santa Cruz,2021-01-01,33,4473,1,3048,32,1425,0,0,33,4473,0,0,33,4473,California
Santa Cruz,2021-01-02,63,4536,50,3098,13,1438,0,0,63,4536,0,0,63,4536,California
Santa Cruz,2021-01-03,14,4550,6,3104,8,1446,0,0,14,4550,0,0,14,4550,California
Santa Cruz,2021-01-04,271,4821,120,3224,151,1597,0,0,269,4819,0,0,269,4819,California
Santa Cruz,2021-01-05,551,5372,423,3647,128,1725,0,0,253,4774,298,298,253,5072,California
Santa Cruz,2021-01-06,782,6154,653,4300,129,1854,0,0,454,4901,327,625,454,5526,California
Santa Cruz,2021-01-07,519,6673,204,4504,315,2169,0,0,368,5119,151,776,369,5895,California
Santa Cruz,2021-01-08,904,7577,546,5050,358,2527,0,0,472,5160,432,1208,473,6368,California
Santa Cruz,2021-01-09,453,8030,120,5170,333,2860,0,0,400,5507,53,1261,400,6768,California
Santa Cruz,2021-01-10,70,8100,61,5231,9,2869,0,0,19,5475,51,1312,19,6787,California
Santa Cruz,2021-01-11,703,8803,574,5805,129,2998,0,0,182,5137,520,1832,182,6969,California
Santa Cruz,2021-01-12,709,9512,517,6322,192,3190,0,0,467,5363,241,2073,467,7436,California
Santa Cruz,2021-01-13,496,10008,225,6547,271,3461,0,0,415,5702,78,2151,417,7853,California
Santa Cruz,2021-01-14,522,10530,99,6646,423,3884,0,0,460,6102,62,2213,462,8315,California
Santa Cruz,2021-01-15,1413,11943,71,6717,1342,5226,0,0,1352,7397,61,2274,1356,9671,California
Santa Cruz,2021-01-16,410,12353,48,6765,362,5588,0,0,393,7774,17,2291,394,10065,California
Santa Cruz,2021-01-17,291,12644,40,6805,251,5839,0,0,267,8017,24,2315,267,10332,California
Santa Cruz,2021-01-18,975,13619,95,6900,880,6719,0,0,918,8878,57,2372,918,11250,California
Santa Cruz,2021-01-19,1593,15212,513,7413,1080,7799,0,0,1251,9790,340,2712,1252,12502,California
Santa Cruz,2021-01-20,1216,16428,169,7582,1047,8846,0,0,1024,10625,189,2901,1024,13526,California
Santa Cruz,2021-01-21,1658,18086,193,7775,1465,10311,0,0,1554,12078,103,3004,1556,15082,California
Santa Cruz,2021-01-22,1745,19831,510,8285,1235,11546,0,0,1643,13623,99,3103,1644,16726,California
Santa Cruz,2021-01-23,386,20217,137,8422,249,11795,0,0,332,13902,53,3156,332,17058,California
Santa Cruz,2021-01-24,107,20324,16,8438,91,11886,0,0,90,13975,17,3173,90,17148,California
Santa Cruz,2021-01-25,1017,21341,353,8791,664,12550,0,0,524,14006,493,3666,524,17672,California
Santa Cruz,2021-01-26,1636,22977,237,9028,1399,13949,0,0,1141,14652,495,4161,1141,18813,California
Santa Cruz,2021-01-27,1615,24592,436,9464,1179,15128,0,0,1237,15514,376,4537,1238,20051,California
Santa Cruz,2021-01-28,1706,26298,278,9742,1428,16556,0,0,1437,16683,269,4806,1438,21489,California
Santa Cruz,2021-01-29,1707,28005,482,10224,1225,17781,0,0,1579,18136,127,4933,1580,23069,California
Santa Cruz,2021-01-30,1051,29056,308,10532,743,18524,0,0,919,18923,132,5065,919,23988,California
Santa Cruz,2021-01-31,213,29269,109,10641,104,18628,0,0,199,19108,14,5079,199,24187,California
Santa Cruz,2021-02-01,1197,30466,736,11377,461,19089,0,0,807,19525,390,5469,807,24994,California
Santa Cruz,2021-02-02,951,31417,116,11493,835,19924,0,0,805,20186,144,5613,805,25799,California
Santa Cruz,2021-02-03,2158,33575,922,12415,1236,21160,0,0,1855,21741,300,5913,1855,27654,California
Santa Cruz,2021-02-04,1775,35350,738,13153,1037,22197,0,0,1447,22861,327,6240,1447,29101,California
Santa Cruz,2021-02-05,3062,38412,739,13892,2323,24520,0,0,2760,25320,301,6541,2760,31861,California
Santa Cruz,2021-02-06,2519,40931,144,14036,2375,26895,0,0,2181,27163,338,6879,2181,34042,California
Santa Cruz,2021-02-07,886,41817,119,14155,767,27662,0,0,869,28015,17,6896,869,34911,California
Santa Cruz,2021-02-08,672,42489,191,14346,481,28143,0,0,484,28312,187,7083,484,35395,California
Santa Cruz,2021-02-09,2299,44788,1030,15376,1269,29412,0,0,2045,30103,254,7337,2045,37440,California
Santa Cruz,2021-02-10,2095,46883,544,15920,1551,30963,0,0,1427,30874,657,7994,1428,38868,California
Santa Cruz,2021-02-11,1765,48648,292,16212,1473,32436,0,0,1279,31669,484,8478,1279,40147,California
Santa Cruz,2021-02-12,3093,51741,402,16614,2691,35127,0,0,1727,32041,1357,9835,1729,41876,California
Santa Cruz,2021-02-13,1649,53390,117,16731,1532,36659,0,0,1252,32896,397,10232,1252,43128,California
Santa Cruz,2021-02-14,1368,54758,67,16798,1301,37960,0,0,1110,33748,258,10490,1110,44238,California
Santa Cruz,2021-02-15,1526,56284,271,17069,1255,39215,0,0,535,33293,991,11481,536,44774,California
Santa Cruz,2021-02-16,1635,57919,195,17264,1440,40655,0,0,499,32678,1114,12595,499,45273,California
Santa Cruz,2021-02-17,2822,60741,942,18206,1880,42535,0,0,1152,32177,1656,14251,1155,46428,California
Santa Cruz,2021-02-18,2782,63523,604,18810,2178,44713,0,0,1191,31781,1587,15838,1191,47619,California
Santa Cruz,2021-02-19,3151,66674,1094,19904,2057,46770,0,0,1936,32505,1212,17050,1936,49555,California
Santa Cruz,2021-02-20,2297,68971,1436,21340,861,47631,0,0,1805,33818,492,17542,1805,51360,California
Santa Cruz,2021-02-21,811,69782,350,21690,461,48092,0,0,683,34375,126,17668,683,52043,California
Santa Cruz,2021-02-22,1174,70956,905,22595,269,48361,0,0,501,34205,671,18339,501,52544,California
Santa Cruz,2021-02-23,2022,72978,900,23495,1122,49483,0,0,678,33540,1343,19682,678,53222,California
Santa Cruz,2021-02-24,3084,76062,1609,25104,1475,50958,0,0,1167,32795,1912,21594,1167,54389,California
Santa Cruz,2021-02-25,3116,79178,1359,26463,1757,52715,0,0,1720,33128,1388,22982,1721,56110,California
Santa Cruz,2021-02-26,2649,81827,722,27185,1927,54642,0,0,1510,33505,1134,24116,1511,57621,California
Santa Cruz,2021-02-27,2582,84409,903,28088,1679,56321,0,0,1805,34535,775,24891,1805,59426,California
Santa Cruz,2021-02-28,1259,85668,352,28440,907,57228,0,0,1058,35395,198,25089,1058,60484,California
Santa Cruz,2021-03-01,1843,87511,1210,29650,633,57861,0,0,677,34908,1164,26253,677,61161,California
Santa Cruz,2021-03-02,1453,88964,338,29988,1115,58976,0,0,816,35091,636,26889,819,61980,California
Santa Cruz,2021-03-03,2268,91232,605,30593,1663,60639,0,0,1238,35302,1027,27916,1238,63218,California
Santa Cruz,2021-03-04,2855,94087,1363,31956,1491,62130,1,1,1918,36296,926,28842,1920,65138,California
Santa Cruz,2021-03-05,2555,96642,458,32414,2080,64210,17,18,1105,35971,1447,30289,1122,66260,California
Santa Cruz,2021-03-06,3682,100324,1230,33644,2352,66562,100,118,2021,36430,1661,31950,2120,68380,California
Santa Cruz,2021-03-07,1316,101640,117,33761,1130,67692,69,187,543,36270,772,32722,612,68992,California
Santa Cruz,2021-03-08,1052,102692,208,33969,715,68407,129,316,635,36615,417,33139,762,69754,California
Santa Cruz,2021-03-09,1697,104389,241,34210,1311,69718,145,461,667,36400,1027,34166,812,70566,California
Santa Cruz,2021-03-10,3751,108140,2052,36262,1558,71276,141,602,1959,36712,1790,35956,2102,72668,California
Santa Cruz,2021-03-11,2731,110871,1193,37455,1370,72646,168,770,1518,37188,1212,37168,1688,74356,California
Santa Cruz,2021-03-12,2642,113513,847,38302,1517,74163,278,1048,890,36607,1748,38916,1167,75523,California
Santa Cruz,2021-03-13,2202,115715,1271,39573,894,75057,37,1085,1132,36711,1067,39983,1171,76694,California
Santa Cruz,2021-03-14,862,116577,187,39760,662,75719,13,1098,416,36695,444,40427,428,77122,California
Santa Cruz,2021-03-15,1267,117844,445,40205,789,76508,33,1131,549,36564,714,41141,583,77705,California
Santa Cruz,2021-03-16,2212,120056,1048,41253,1123,77631,41,1172,1278,36953,929,42070,1318,79023,California
Santa Cruz,2021-03-17,3854,123910,2310,43563,1534,79165,10,1182,2542,38203,1306,43376,2556,81579,California
Santa Cruz,2021-03-18,3715,127625,1992,45555,1607,80772,116,1298,1977,38561,1735,45111,2093,83672,California
Santa Cruz,2021-03-19,3245,130870,1264,46819,1768,82540,213,1511,1688,38909,1552,46663,1900,85572,California
Santa Cruz,2021-03-20,2138,133008,1596,48415,506,83046,36,1547,1059,38926,1078,47741,1095,86667,California
Santa Cruz,2021-03-21,796,133804,421,48836,251,83297,124,1671,416,39089,378,48119,541,87208,California
Santa Cruz,2021-03-22,1283,135087,791,49627,470,83767,22,1693,899,39630,381,48500,922,88130,California
Santa Cruz,2021-03-23,2446,137533,1359,50986,1038,84805,49,1742,1625,40484,820,49320,1674,89804,California
Santa Cruz,2021-03-24,2952,140485,2002,52988,929,85734,21,1763,1939,41436,1007,50327,1959,91763,California
Santa Cruz,2021-03-25,2528,143013,1272,54260,1224,86958,32,1795,1279,41502,1245,51572,1311,93074,California
Santa Cruz,2021-03-26,2988,146001,1731,55991,1231,88189,26,1821,2044,42634,937,52509,2069,95143,California
Santa Cruz,2021-03-27,3050,149051,1885,57876,1140,89329,25,1846,1433,42486,1607,54116,1459,96602,California
Santa Cruz,2021-03-28,889,149940,543,58419,332,89661,14,1860,459,42533,426,54542,473,97075,California
Santa Cruz,2021-03-29,1904,151844,828,59247,1009,90670,67,1927,1205,43109,696,55238,1272,98347,California
Santa Cruz,2021-03-30,2571,154415,773,60020,1647,92317,151,2078,1650,43990,919,56157,1800,100147,California
Santa Cruz,2021-03-31,4027,158442,2740,62760,1243,93560,44,2122,2107,44224,1917,58074,2151,102298,California
Santa Cruz,2021-04-01,3863,162305,2078,64838,1679,95239,106,2228,1953,44381,1903,59977,2060,104358,California
Santa Cruz,2021-04-02,3167,165472,1349,66187,1647,96886,171,2399,1788,44964,1376,61353,1959,106317,California
Santa Cruz,2021-04-03,2167,167639,1191,67378,856,97742,120,2519,847,44611,1318,62671,965,107282,California
Santa Cruz,2021-04-04,899,168538,468,67846,377,98119,54,2573,526,44818,373,63044,580,107862,California
Santa Cruz,2021-04-05,2184,170722,734,68580,1289,99408,161,2734,1351,45499,832,63876,1513,109375,California
Santa Cruz,2021-04-06,3264,173986,1587,70167,1309,100717,368,3102,1898,46403,1356,65232,2260,111635,California
Santa Cruz,2021-04-07,3985,177971,1565,71732,2079,102796,341,3443,1709,46179,2273,67505,2049,113684,California
Santa Cruz,2021-04-08,4091,182062,2229,73961,1374,104170,488,3931,2406,47395,1676,69181,2892,116576,California
Santa Cruz,2021-04-09,3605,185667,1447,75408,1773,105943,385,4316,2025,48234,1573,70754,2412,118988,California
Santa Cruz,2021-04-10,2149,187816,1014,76422,905,106848,230,4546,1003,48324,1142,71896,1232,120220,California
Santa Cruz,2021-04-11,931,188747,473,76895,369,107217,89,4635,431,48344,500,72396,520,120740,California
Santa Cruz,2021-04-12,2215,190962,769,77664,1042,108259,404,5039,1062,48671,1139,73535,1466,122206,California
Santa Cruz,2021-04-13,2814,193776,1393,79057,1420,109679,1,5040,1601,49069,1204,74739,1602,123808,California
Santa Cruz,2021-04-14,4507,198283,2143,81200,2364,112043,0,5040,2201,48987,2296,77035,2214,126022,California
Santa Cruz,2021-04-15,4886,203169,3092,84292,1794,113837,0,5040,3111,50337,1763,78798,3113,129135,California
Santa Cruz,2021-04-16,4320,207489,2354,86646,1964,115801,2,5042,2361,50751,1951,80749,2365,131500,California
Santa Cruz,2021-04-17,2155,209644,848,87494,1307,117108,0,5042,1427,51453,726,81475,1428,132928,California
Santa Cruz,2021-04-18,1019,210663,484,87978,534,117642,1,5043,575,51587,442,81917,576,133504,California
Santa Cruz,2021-04-19,2460,213123,1458,89436,1001,118643,1,5044,1566,52263,890,82807,1566,135070,California
Santa Cruz,2021-04-20,3016,216139,1584,91020,1432,120075,0,5044,1750,52759,1256,84063,1752,136822,California
Santa Cruz,2021-04-21,4048,220187,2705,93725,1343,121418,0,5044,2184,53098,1846,85909,2185,139007,California
Santa Cruz,2021-04-22,4134,224321,2794,96519,1340,122758,0,5044,2328,53630,1796,87705,2328,141335,California
Santa Cruz,2021-04-23,3062,227383,1645,98164,1416,124174,1,5045,1329,53236,1723,89428,1329,142664,California
Santa Cruz,2021-04-24,2158,229541,1043,99207,1112,125286,3,5048,673,52437,1475,90903,676,143340,California
Santa Cruz,2021-04-25,1045,230586,665,99872,368,125654,12,5060,425,52261,612,91515,436,143776,California
Santa Cruz,2021-04-26,2025,232611,976,100848,1033,126687,16,5076,848,51959,1167,92682,865,144641,California
Santa Cruz,2021-04-27,2871,235482,916,101764,1874,128561,81,5157,1436,52048,1427,94109,1516,146157,California
Santa Cruz,2021-04-28,3317,238799,1836,103600,1407,129968,74,5231,1748,52309,1558,95667,1819,147976,California
Santa Cruz,2021-04-29,3628,242427,2410,106010,1157,131125,61,5292,1276,51305,2342,98009,1338,149314,California
Santa Cruz,2021-04-30,2293,244720,1156,107166,1094,132219,43,5335,974,51011,1312,99321,1018,150332,California
Santa Cruz,2021-05-01,1225,245945,969,108135,224,132443,32,5367,588,50997,634,99955,620,150952,California
Santa Cruz,2021-05-02,586,246531,410,108545,151,132594,25,5392,203,50843,383,100338,229,151181,California
Santa Cruz,2021-05-03,1857,248388,939,109484,854,133448,64,5456,646,50354,1200,101538,711,151892,California
Santa Cruz,2021-05-04,2575,250963,1481,110965,1027,134475,67,5523,849,49545,1723,103261,914,152806,California
Santa Cruz,2021-05-05,2642,253605,1294,112259,1269,135744,79,5602,695,48417,1906,105167,778,153584,California
Santa Cruz,2021-05-06,3715,257320,2358,114617,1144,136888,213,5815,843,46615,2855,108022,1053,154637,California
Santa Cruz,2021-05-07,2620,259940,1152,115769,1389,138277,79,5894,423,44926,2192,110214,503,155140,California
Santa Cruz,2021-05-08,1310,261250,646,116415,636,138913,28,5922,366,44377,944,111158,395,155535,California
Santa Cruz,2021-05-09,503,261753,320,116735,161,139074,22,5944,158,44214,343,111501,180,155715,California
Santa Cruz,2021-05-10,1997,263750,1181,117916,755,139829,61,6005,400,43086,1589,113090,461,156176,California
Santa Cruz,2021-05-11,2304,266054,1284,119200,936,140765,84,6089,632,42132,1669,114759,715,156891,California
Santa Cruz,2021-05-12,3048,269102,1276,120476,1695,142460,77,6166,551,40272,2489,117248,629,157520,California
Santa Cruz,2021-05-13,3793,272895,2547,123023,1154,143614,92,6258,1359,39295,2430,119678,1453,158973,California
Santa Cruz,2021-05-14,2884,275779,1569,124592,1278,144892,37,6295,1115,38688,1761,121439,1154,160127,California
Santa Cruz,2021-05-15,2222,278001,1288,125880,923,145815,11,6306,1090,38660,1129,122568,1101,161228,California
Santa Cruz,2021-05-16,710,278711,352,126232,339,146154,19,6325,210,38391,499,123067,230,161458,California
Santa Cruz,2021-05-17,1483,280194,756,126988,662,146816,65,6390,528,38030,954,124021,593,162051,California
Santa Cruz,2021-05-18,2239,282433,1370,128358,846,147662,23,6413,1099,38019,1133,125154,1122,163173,California
Santa Cruz,2021-05-19,3018,285451,1827,130185,1156,148818,35,6448,1312,37668,1698,126852,1347,164520,California
Santa Cruz,2021-05-20,3308,288759,2371,132556,790,149608,147,6595,1562,37638,1739,128591,1709,166229,California
Santa Cruz,2021-05-21,1724,290483,885,133441,754,150362,85,6680,607,37218,1112,129703,692,166921,California
Santa Cruz,2021-05-22,1705,292188,1317,134758,378,150740,10,6690,595,36718,1106,130809,606,167527,California
Santa Cruz,2021-05-23,451,292639,249,135007,183,150923,19,6709,143,36574,306,131115,162,167689,California
Santa Cruz,2021-05-24,1131,293770,650,135657,404,151327,77,6786,296,36120,827,131942,373,168062,California
Santa Cruz,2021-05-25,2230,296000,1284,136941,901,152228,45,6831,460,35000,1624,133566,504,168566,California
Santa Cruz,2021-05-26,1677,297677,784,137725,850,153078,43,6874,475,34328,1190,134756,518,169084,California
Santa Cruz,2021-05-27,1289,298966,702,138427,486,153564,101,6975,456,34058,827,135583,557,169641,California
Santa Cruz,2021-05-28,834,299800,370,138797,434,153998,30,7005,365,33994,460,136043,396,170037,California
Santa Cruz,2021-05-29,572,300372,325,139122,237,154235,10,7015,326,34086,245,136288,337,170374,California
Santa Cruz,2021-05-30,234,300606,117,139239,105,154340,12,7027,94,34054,137,136425,105,170479,California
Santa Cruz,2021-05-31,144,300750,63,139302,80,154420,1,7028,46,34004,97,136522,47,170526,California
Santa Cruz,2021-06-01,889,301639,542,139844,337,154757,10,7038,333,33793,554,137076,343,170869,California
Santa Cruz,2021-06-02,884,302523,525,140369,320,155077,39,7077,352,33657,527,137603,391,171260,California
Santa Cruz,2021-06-03,2223,304746,1506,141875,679,155756,38,7115,531,32544,1682,139285,569,171829,California
Santa Cruz,2021-06-04,1039,305785,712,142587,296,156052,31,7146,247,32038,785,140070,279,172108,California
Santa Cruz,2021-06-05,1005,306790,818,143405,182,156234,5,7151,180,31401,822,140892,185,172293,California
Santa Cruz,2021-06-06,382,307172,276,143681,89,156323,17,7168,126,31291,253,141145,143,172436,California
Santa Cruz,2021-06-07,820,307992,608,144289,182,156505,30,7198,222,30946,597,141742,252,172688,California
Santa Cruz,2021-06-08,1432,309424,1146,145435,261,156766,25,7223,300,30144,1128,142870,326,173014,California
Santa Cruz,2021-06-09,1418,310842,1119,146554,282,157048,17,7240,275,29302,1135,144005,293,173307,California
Santa Cruz,2021-06-10,1861,312703,1510,148064,285,157333,66,7306,331,28172,1525,145530,395,173702,California
Santa Cruz,2021-06-11,822,313525,511,148575,279,157612,32,7338,284,27954,532,146062,314,174016,California
Santa Cruz,2021-06-12,965,314490,852,149427,107,157719,6,7344,168,27334,794,146856,174,174190,California
Santa Cruz,2021-06-13,178,314668,122,149549,37,157756,19,7363,25,27226,153,147009,45,174235,California
Santa Cruz,2021-06-14,473,315141,296,149845,148,157904,29,7392,131,27046,339,147348,159,174394,California
Santa Cruz,2021-06-15,896,316037,658,150503,219,158123,19,7411,325,26820,570,147918,344,174738,California
Santa Cruz,2021-06-16,481,316518,370,150873,87,158210,24,7435,119,26601,361,148279,142,174880,California
Shasta,2020-12-15,1,1,1,1,0,0,0,0,1,1,0,0,1,1,California
Shasta,2020-12-16,132,133,132,133,0,0,0,0,132,133,0,0,132,133,California
Shasta,2020-12-17,421,554,421,554,0,0,0,0,421,554,0,0,421,554,California
Shasta,2020-12-18,164,718,164,718,0,0,0,0,164,718,0,0,164,718,California
Shasta,2020-12-19,1,719,1,719,0,0,0,0,1,719,0,0,1,719,California
Shasta,2020-12-21,69,788,69,788,0,0,0,0,69,788,0,0,69,788,California
Shasta,2020-12-22,185,973,180,968,5,5,0,0,185,973,0,0,185,973,California
Shasta,2020-12-23,170,1143,166,1134,4,9,0,0,170,1143,0,0,170,1143,California
Shasta,2020-12-24,23,1166,23,1157,0,9,0,0,23,1166,0,0,23,1166,California
Shasta,2020-12-26,4,1170,1,1158,3,12,0,0,4,1170,0,0,4,1170,California
Shasta,2020-12-27,2,1172,1,1159,1,13,0,0,2,1172,0,0,2,1172,California
Shasta,2020-12-28,37,1209,28,1187,9,22,0,0,37,1209,0,0,37,1209,California
Shasta,2020-12-29,178,1387,177,1364,1,23,0,0,178,1387,0,0,178,1387,California
Shasta,2020-12-30,180,1567,171,1535,9,32,0,0,180,1567,0,0,180,1567,California
Shasta,2020-12-31,83,1650,2,1537,81,113,0,0,83,1650,0,0,83,1650,California
Shasta,2021-01-02,2,1652,0,1537,2,115,0,0,2,1652,0,0,2,1652,California
Shasta,2021-01-03,1,1653,1,1538,0,115,0,0,1,1653,0,0,1,1653,California
Shasta,2021-01-04,361,2014,302,1840,59,174,0,0,362,2015,0,0,362,2015,California
Shasta,2021-01-05,334,2348,313,2153,21,195,0,0,254,2189,80,80,254,2269,California
Shasta,2021-01-06,462,2810,391,2544,71,266,0,0,201,2130,260,340,201,2470,California
Shasta,2021-01-07,129,2939,42,2586,87,353,0,0,102,2205,27,367,102,2572,California
Shasta,2021-01-08,518,3457,443,3029,75,428,0,0,312,2311,206,573,312,2884,California
Shasta,2021-01-09,73,3530,64,3093,9,437,0,0,70,2378,3,576,70,2954,California
Shasta,2021-01-10,5,3535,0,3093,5,442,0,0,3,2381,2,578,5,2959,California
Shasta,2021-01-11,397,3932,180,3273,217,659,0,0,367,2718,30,608,367,3326,California
Shasta,2021-01-12,474,4406,317,3590,157,816,0,0,308,2860,166,774,308,3634,California
Shasta,2021-01-13,593,4999,266,3856,327,1143,0,0,425,3118,168,942,426,4060,California
Shasta,2021-01-14,493,5492,57,3913,436,1579,0,0,471,3567,22,964,471,4531,California
Shasta,2021-01-15,665,6157,135,4048,530,2109,0,0,664,4230,1,965,664,5195,California
Shasta,2021-01-16,887,7044,53,4101,834,2943,0,0,884,5111,3,968,884,6079,California
Shasta,2021-01-17,27,7071,6,4107,21,2964,0,0,23,5130,4,972,23,6102,California
Shasta,2021-01-18,595,7666,127,4234,468,3432,0,0,588,5711,7,979,588,6690,California
Shasta,2021-01-19,1053,8719,394,4628,659,4091,0,0,910,6478,143,1122,910,7600,California
Shasta,2021-01-20,669,9388,413,5041,256,4347,0,0,481,6776,183,1305,481,8081,California
Shasta,2021-01-21,618,10006,280,5321,338,4685,0,0,597,7352,21,1326,597,8678,California
Shasta,2021-01-22,431,10437,177,5498,254,4939,0,0,425,7771,6,1332,425,9103,California
Shasta,2021-01-23,61,10498,5,5503,56,4995,0,0,60,7830,1,1333,60,9163,California
Shasta,2021-01-24,23,10521,2,5505,21,5016,0,0,22,7851,1,1334,22,9185,California
Shasta,2021-01-25,740,11261,485,5990,255,5271,0,0,457,8026,282,1616,457,9642,California
Shasta,2021-01-26,697,11958,339,6329,358,5629,0,0,462,8255,233,1849,462,10104,California
Shasta,2021-01-27,451,12409,191,6520,260,5889,0,0,403,8610,48,1897,403,10507,California
Shasta,2021-01-28,870,13279,572,7092,298,6187,0,0,652,9044,218,2115,652,11159,California
Shasta,2021-01-29,808,14087,328,7420,480,6667,0,0,621,9479,187,2302,622,11781,California
Shasta,2021-01-30,606,14693,15,7435,591,7258,0,0,595,10063,11,2313,595,12376,California
Shasta,2021-01-31,26,14719,3,7438,23,7281,0,0,25,10087,1,2314,25,12401,California
Shasta,2021-02-01,534,15253,149,7587,385,7666,0,0,393,10339,141,2455,393,12794,California
Shasta,2021-02-02,984,16237,499,8086,485,8151,0,0,893,11143,89,2544,893,13687,California
Shasta,2021-02-03,697,16934,210,8296,487,8638,0,0,465,11376,232,2776,465,14152,California
Shasta,2021-02-04,1089,18023,680,8976,409,9047,0,0,899,12086,189,2965,899,15051,California
Shasta,2021-02-05,1251,19274,166,9142,1085,10132,0,0,1044,12924,206,3171,1044,16095,California
Shasta,2021-02-06,1736,21010,40,9182,1696,11828,0,0,1713,14614,23,3194,1713,17808,California
Shasta,2021-02-07,25,21035,3,9185,22,11850,0,0,23,14635,2,3196,23,17831,California
Shasta,2021-02-08,588,21623,167,9352,421,12271,0,0,303,14653,285,3481,303,18134,California
Shasta,2021-02-09,1116,22739,642,9994,474,12745,0,0,729,14996,387,3868,730,18864,California
Shasta,2021-02-10,1117,23856,791,10785,326,13071,0,0,599,15077,519,4387,600,19464,California
Shasta,2021-02-11,869,24725,183,10968,686,13757,0,0,356,14925,508,4895,356,19820,California
Shasta,2021-02-12,1762,26487,1203,12171,559,14316,0,0,1225,15613,537,5432,1225,21045,California
Shasta,2021-02-13,1354,27841,364,12535,990,15306,0,0,552,15363,803,6235,553,21598,California
Shasta,2021-02-14,148,27989,4,12539,144,15450,0,0,125,15465,23,6258,125,21723,California
Shasta,2021-02-15,376,28365,97,12636,279,15729,0,0,209,15507,167,6425,209,21932,California
Shasta,2021-02-16,1189,29554,515,13151,674,16403,0,0,421,15161,767,7192,421,22353,California
Shasta,2021-02-17,1035,30589,451,13602,584,16987,0,0,419,14964,616,7808,419,22772,California
Shasta,2021-02-18,941,31530,474,14076,467,17454,0,0,455,14934,486,8294,456,23228,California
Shasta,2021-02-19,1328,32858,948,15024,380,17834,0,0,872,15350,456,8750,872,24100,California
Shasta,2021-02-20,787,33645,87,15111,700,18534,0,0,295,15153,492,9242,295,24395,California
Shasta,2021-02-21,29,33674,3,15114,26,18560,0,0,9,15142,20,9262,9,24404,California
Shasta,2021-02-22,432,34106,81,15195,351,18911,0,0,182,15075,249,9511,182,24586,California
Shasta,2021-02-23,909,35015,468,15663,441,19352,0,0,325,14816,584,10095,325,24911,California
Shasta,2021-02-24,859,35874,498,16161,361,19713,0,0,264,14486,594,10689,264,25175,California
Shasta,2021-02-25,515,36389,179,16340,336,20049,0,0,169,14310,345,11034,169,25344,California
Shasta,2021-02-26,773,37162,99,16439,674,20723,0,0,335,14208,437,11471,335,25679,California
Shasta,2021-02-27,797,37959,26,16465,771,21494,0,0,186,13786,608,12079,186,25865,California
Shasta,2021-02-28,176,38135,4,16469,172,21666,0,0,127,13864,49,12128,127,25992,California
Shasta,2021-03-01,591,38726,57,16526,534,22200,0,0,297,13868,293,12421,297,26289,California
Shasta,2021-03-02,1027,39753,472,16998,555,22755,0,0,338,13518,688,13109,338,26627,California
Shasta,2021-03-03,678,40431,180,17178,498,23253,0,0,242,13324,436,13545,242,26869,California
Shasta,2021-03-04,2979,43410,2396,19574,583,23836,0,0,1718,13785,1258,14803,1719,28588,California
Shasta,2021-03-05,1536,44946,159,19733,1348,25184,29,29,775,13827,762,15565,804,29392,California
Shasta,2021-03-06,2714,47660,381,20114,2288,27472,45,74,848,12856,1864,17429,893,30285,California
Shasta,2021-03-07,92,47752,4,20118,56,27528,32,106,38,12872,54,17483,70,30355,California
Shasta,2021-03-08,569,48321,54,20172,377,27905,138,244,156,12755,411,17894,294,30649,California
Shasta,2021-03-09,1230,49551,595,20767,461,28366,174,418,675,13049,554,18448,848,31497,California
Shasta,2021-03-10,795,50346,255,21022,338,28704,202,620,141,12737,653,19101,341,31838,California
Shasta,2021-03-11,1521,51867,468,21490,792,29496,261,881,918,13316,600,19701,1179,33017,California
Shasta,2021-03-12,1542,53409,847,22337,452,29948,243,1124,400,12816,1141,20842,641,33658,California
Shasta,2021-03-13,751,54160,423,22760,228,30176,100,1224,473,13112,277,21119,573,34231,California
Shasta,2021-03-14,1005,55165,8,22768,975,31151,22,1246,868,13866,137,21256,891,35122,California
Shasta,2021-03-15,487,55652,39,22807,353,31504,95,1341,209,13891,278,21534,303,35425,California
Shasta,2021-03-16,1118,56770,142,22949,908,32412,68,1409,836,14513,282,21816,904,36329,California
Shasta,2021-03-17,712,57482,181,23130,473,32885,58,1467,375,14617,329,22145,433,36762,California
Shasta,2021-03-18,1520,59002,582,23712,835,33720,103,1570,1097,15398,419,22564,1200,37962,California
Shasta,2021-03-19,627,59629,197,23909,373,34093,57,1627,390,15609,236,22800,447,38409,California
Shasta,2021-03-20,733,60362,482,24391,240,34333,11,1638,591,16069,142,22942,602,39011,California
Shasta,2021-03-21,313,60675,298,24689,4,34337,11,1649,286,16340,26,22968,297,39308,California
Shasta,2021-03-22,338,61013,34,24723,269,34606,35,1684,195,16428,142,23110,230,39538,California
Shasta,2021-03-23,1305,62318,651,25374,595,35201,59,1743,757,16701,543,23653,816,40354,California
Shasta,2021-03-24,609,62927,161,25535,411,35612,37,1780,368,16866,240,23893,405,40759,California
Shasta,2021-03-25,1107,64034,424,25959,662,36274,21,1801,793,17369,312,24205,815,41574,California
Shasta,2021-03-26,1793,65827,1369,27328,393,36667,31,1832,1436,18480,357,24562,1468,43042,California
Shasta,2021-03-27,1547,67374,372,27700,312,36979,863,2695,540,18874,1005,25567,1399,44441,California
Shasta,2021-03-28,400,67774,297,27997,93,37072,10,2705,299,19084,99,25666,309,44750,California
Shasta,2021-03-29,416,68190,40,28037,365,37437,11,2716,162,19004,253,25919,173,44923,California
Shasta,2021-03-30,1220,69410,751,28788,452,37889,17,2733,606,19016,611,26530,623,45546,California
Shasta,2021-03-31,609,70019,199,28987,403,38292,7,2740,369,19156,236,26766,376,45922,California
Shasta,2021-04-01,870,70889,229,29216,629,38921,12,2752,547,19394,321,27087,559,46481,California
Shasta,2021-04-02,726,71615,180,29396,492,39413,54,2806,392,19508,332,27419,446,46927,California
Shasta,2021-04-03,505,72120,361,29757,127,39540,17,2823,385,19790,120,27539,402,47329,California
Shasta,2021-04-04,288,72408,173,29930,95,39635,20,2843,215,19952,73,27612,235,47564,California
Shasta,2021-04-05,430,72838,67,29997,307,39942,56,2899,249,20076,181,27793,305,47869,California
Shasta,2021-04-06,1125,73963,483,30480,477,40419,165,3064,537,20194,583,28376,701,48570,California
Shasta,2021-04-07,634,74597,194,30674,281,40700,159,3223,241,20204,389,28765,399,48969,California
Shasta,2021-04-08,1126,75723,257,30931,713,41413,156,3379,207,19650,916,29681,362,49331,California
Shasta,2021-04-09,2559,78282,2054,32985,298,41711,207,3586,1992,21286,560,30241,2196,51527,California
Shasta,2021-04-10,863,79145,581,33566,154,41865,128,3714,259,21067,604,30845,385,51912,California
Shasta,2021-04-11,1239,80384,396,33962,823,42688,20,3734,142,20136,1093,31938,162,52074,California
Shasta,2021-04-12,333,80717,7,33969,266,42954,60,3794,95,20053,237,32175,154,52228,California
Shasta,2021-04-13,1251,81968,361,34330,888,43842,2,3796,339,19486,908,33083,341,52569,California
Shasta,2021-04-14,580,82548,149,34479,429,44271,2,3798,220,19349,359,33442,222,52791,California
Shasta,2021-04-15,1058,83606,249,34728,808,45079,1,3799,301,18900,753,34195,304,53095,California
Shasta,2021-04-16,2294,85900,1818,36546,476,45555,0,3799,935,18479,1357,35552,936,54031,California
Shasta,2021-04-17,613,86513,391,36937,222,45777,0,3799,178,18224,435,35987,180,54211,California
Shasta,2021-04-18,264,86777,239,37176,25,45802,0,3799,32,18026,230,36217,32,54243,California
Shasta,2021-04-19,374,87151,28,37204,346,46148,0,3799,160,17972,214,36431,160,54403,California
Shasta,2021-04-20,971,88122,222,37426,749,46897,0,3799,362,17726,608,37039,362,54765,California
Shasta,2021-04-21,577,88699,198,37624,379,47276,0,3799,298,17745,279,37318,298,55063,California
Shasta,2021-04-22,939,89638,262,37886,677,47953,0,3799,296,17400,641,37959,296,55359,California
Shasta,2021-04-23,627,90265,242,38128,385,48338,0,3799,318,17410,308,38267,318,55677,California
Shasta,2021-04-24,593,90858,355,38483,237,48575,1,3800,106,17031,485,38752,106,55783,California
Shasta,2021-04-25,207,91065,177,38660,29,48604,1,3801,36,16897,171,38923,37,55820,California
Shasta,2021-04-26,492,91557,53,38713,434,49038,5,3806,348,17107,142,39065,352,56172,California
Shasta,2021-04-27,534,92091,171,38884,325,49363,38,3844,300,17211,231,39296,335,56507,California
Shasta,2021-04-28,560,92651,137,39021,391,49754,32,3876,251,17184,309,39605,282,56789,California
Shasta,2021-04-29,754,93405,108,39129,623,50377,23,3899,177,16808,576,40181,200,56989,California
Shasta,2021-04-30,2232,95637,1813,40942,389,50766,30,3929,255,15117,1976,42157,285,57274,California
Shasta,2021-05-01,218,95855,19,40961,126,50892,73,4002,95,15162,123,42280,168,57442,California
Shasta,2021-05-02,46,95901,16,40977,17,50909,13,4015,19,15167,27,42307,32,57474,California
Shasta,2021-05-03,347,96248,93,41070,229,51138,25,4040,109,15064,237,42544,134,57608,California
Shasta,2021-05-04,519,96767,192,41262,290,51428,37,4077,251,15087,265,42809,288,57896,California
Shasta,2021-05-05,427,97194,137,41399,273,51701,17,4094,197,15071,230,43039,214,58110,California
Shasta,2021-05-06,682,97876,258,41657,387,52088,37,4131,289,15011,384,43423,324,58434,California
Shasta,2021-05-07,1092,98968,725,42382,329,52417,38,4169,297,14552,794,44217,335,58769,California
Shasta,2021-05-08,163,99131,80,42462,73,52490,10,4179,95,14588,68,44285,104,58873,California
Shasta,2021-05-09,63,99194,14,42476,44,52534,5,4184,33,14596,30,44315,38,58911,California
Shasta,2021-05-10,251,99445,20,42496,184,52718,47,4231,110,14612,138,44453,154,59065,California
Shasta,2021-05-11,503,99948,145,42641,210,52928,148,4379,180,14618,322,44775,328,59393,California
Shasta,2021-05-12,390,100338,140,42781,227,53155,23,4402,130,14512,259,45034,153,59546,California
Shasta,2021-05-13,576,100914,239,43020,322,53477,15,4417,223,14399,351,45385,238,59784,California
Shasta,2021-05-14,631,101545,267,43287,339,53816,25,4442,290,14375,340,45725,316,60100,California
Shasta,2021-05-15,378,101923,119,43406,160,53976,99,4541,157,14410,220,45945,255,60355,California
Shasta,2021-05-16,220,102143,154,43560,56,54032,10,4551,162,14524,58,46003,172,60527,California
Shasta,2021-05-17,528,102671,243,43803,227,54259,58,4609,281,14617,246,46249,339,60866,California
Shasta,2021-05-18,606,103277,292,44095,290,54549,24,4633,324,14683,282,46531,348,61214,California
Shasta,2021-05-19,586,103863,276,44371,243,54792,67,4700,285,14738,297,46828,352,61566,California
Shasta,2021-05-20,562,104425,252,44623,291,55083,19,4719,265,14728,293,47121,283,61849,California
Shasta,2021-05-21,635,105060,284,44907,332,55415,19,4738,338,14790,295,47416,357,62206,California
Shasta,2021-05-22,231,105291,130,45037,92,55507,9,4747,143,14856,86,47502,152,62358,California
Shasta,2021-05-23,111,105402,48,45085,55,55562,8,4755,68,14889,43,47545,76,62434,California
Shasta,2021-05-24,521,105923,162,45247,329,55891,30,4785,184,14767,336,47881,214,62648,California
Shasta,2021-05-25,462,106385,197,45444,220,56111,45,4830,158,14669,300,48181,202,62850,California
Shasta,2021-05-26,371,106756,143,45587,203,56314,25,4855,147,14618,223,48404,172,63022,California
Shasta,2021-05-27,416,107172,154,45741,253,56567,9,4864,156,14526,257,48661,165,63187,California
Shasta,2021-05-28,435,107607,196,45937,211,56778,28,4892,204,14530,228,48889,232,63419,California
Shasta,2021-05-29,221,107828,62,45999,129,56907,30,4922,92,14521,129,49018,120,63539,California
Shasta,2021-05-30,83,107911,48,46047,33,56940,2,4924,55,14550,28,49046,57,63596,California
Shasta,2021-05-31,35,107946,9,46056,25,56965,1,4925,12,14541,22,49068,13,63609,California
Shasta,2021-06-01,521,108467,152,46208,225,57190,144,5069,134,14440,380,49448,279,63888,California
Shasta,2021-06-02,292,108759,117,46325,166,57356,9,5078,120,14399,170,49618,129,64017,California
Shasta,2021-06-03,365,109124,156,46481,200,57556,9,5087,117,14278,247,49865,126,64143,California
Shasta,2021-06-04,566,109690,284,46765,255,57811,27,5114,203,14146,362,50227,230,64373,California
Shasta,2021-06-05,250,109940,145,46910,88,57899,17,5131,82,14079,167,50394,100,64473,California
Shasta,2021-06-06,160,110100,126,47036,32,57931,2,5133,47,14015,113,50507,49,64522,California
Shasta,2021-06-07,397,110497,232,47268,148,58079,17,5150,106,13848,290,50797,123,64645,California
Shasta,2021-06-08,504,111001,301,47569,159,58238,44,5194,151,13692,351,51148,195,64840,California
Shasta,2021-06-09,477,111478,269,47838,122,58360,86,5280,108,13519,366,51514,193,65033,California
Shasta,2021-06-10,406,111884,239,48077,141,58501,26,5306,122,13389,278,51792,148,65181,California
Shasta,2021-06-11,450,112334,255,48332,159,58660,36,5342,127,13228,323,52115,162,65343,California
Shasta,2021-06-12,204,112538,135,48467,66,58726,3,5345,74,13175,130,52245,77,65420,California
Shasta,2021-06-13,89,112627,55,48522,32,58758,2,5347,25,13138,64,52309,27,65447,California
Shasta,2021-06-14,252,112879,142,48664,96,58854,14,5361,70,13041,181,52490,84,65531,California
Shasta,2021-06-15,329,113208,203,48867,97,58951,29,5390,128,13000,199,52689,158,65689,California
Shasta,2021-06-16,99,113307,52,48919,44,58995,3,5393,27,12960,70,52759,30,65719,California
Sierra,2020-12-18,1,1,1,1,0,0,0,0,1,1,0,0,1,1,California
Sierra,2020-12-21,2,3,2,3,0,0,0,0,2,3,0,0,2,3,California
Sierra,2020-12-22,12,15,12,15,0,0,0,0,12,15,0,0,12,15,California
Sierra,2020-12-23,4,19,4,19,0,0,0,0,4,19,0,0,4,19,California
Sierra,2020-12-28,1,20,0,19,1,1,0,0,1,20,0,0,1,20,California
Sierra,2020-12-29,49,69,7,26,42,43,0,0,49,69,0,0,49,69,California
Sierra,2020-12-30,2,71,0,26,2,45,0,0,2,71,0,0,2,71,California
Sierra,2020-12-31,13,84,0,26,13,58,0,0,13,84,0,0,13,84,California
Sierra,2021-01-01,1,85,1,27,0,58,0,0,1,85,0,0,1,85,California
Sierra,2021-01-05,63,148,2,29,61,119,0,0,63,148,0,0,63,148,California
Sierra,2021-01-06,1,149,1,30,0,119,0,0,1,149,0,0,1,149,California
Sierra,2021-01-07,20,169,1,31,19,138,0,0,19,167,1,1,19,168,California
Sierra,2021-01-11,3,172,3,34,0,138,0,0,0,164,3,4,0,168,California
Sierra,2021-01-12,38,210,12,46,26,164,0,0,26,178,12,16,26,194,California
Sierra,2021-01-13,3,213,3,49,0,164,0,0,0,175,3,19,0,194,California
Sierra,2021-01-14,35,248,2,51,33,197,0,0,35,210,0,19,35,229,California
Sierra,2021-01-15,3,251,1,52,2,199,0,0,3,213,0,19,3,232,California
Sierra,2021-01-18,3,254,0,52,3,202,0,0,3,216,0,19,3,235,California
Sierra,2021-01-19,34,288,0,52,34,236,0,0,34,250,0,19,34,269,California
Sierra,2021-01-20,1,289,1,53,0,236,0,0,1,251,0,19,1,270,California
Sierra,2021-01-21,53,342,0,53,53,289,0,0,53,304,0,19,53,323,California
Sierra,2021-01-22,2,344,0,53,2,291,0,0,2,306,0,19,2,325,California
Sierra,2021-01-23,2,346,0,53,2,293,0,0,2,308,0,19,2,327,California
Sierra,2021-01-26,62,408,0,53,62,355,0,0,24,294,38,57,24,351,California
Sierra,2021-01-27,4,412,4,57,0,355,0,0,0,290,4,61,0,351,California
Sierra,2021-01-28,53,465,0,57,53,408,0,0,43,323,10,71,43,394,California
Sierra,2021-01-29,1,466,0,57,1,409,0,0,1,324,0,71,1,395,California
Sierra,2021-01-30,2,468,2,59,0,409,0,0,2,326,0,71,2,397,California
Sierra,2021-02-01,1,469,0,59,1,410,0,0,0,325,1,72,0,397,California
Sierra,2021-02-02,58,527,1,60,57,467,0,0,20,307,38,110,20,417,California
Sierra,2021-02-03,5,532,5,65,0,467,0,0,5,312,0,110,5,422,California
Sierra,2021-02-04,100,632,3,68,97,564,0,0,51,314,49,159,51,473,California
Sierra,2021-02-05,5,637,3,71,2,566,0,0,4,317,1,160,4,477,California
Sierra,2021-02-09,56,693,0,71,56,622,0,0,53,367,3,163,53,530,California
Sierra,2021-02-10,2,695,0,71,2,624,0,0,2,369,0,163,2,532,California
Sierra,2021-02-11,194,889,1,72,193,817,0,0,134,443,60,223,134,666,California
Sierra,2021-02-12,20,909,0,72,20,837,0,0,20,463,0,223,20,686,California
Sierra,2021-02-15,2,911,2,74,0,837,0,0,0,461,2,225,0,686,California
Sierra,2021-02-16,45,956,0,74,45,882,0,0,10,436,35,260,10,696,California
Sierra,2021-02-17,4,960,0,74,4,886,0,0,1,434,3,263,1,697,California
Sierra,2021-02-18,144,1104,0,74,144,1030,0,0,94,478,50,313,94,791,California
Sierra,2021-02-19,1,1105,0,74,1,1031,0,0,0,477,1,314,0,791,California
Sierra,2021-02-20,3,1108,2,76,1,1032,0,0,1,476,2,316,1,792,California
Sierra,2021-02-23,4,1112,0,76,4,1036,0,0,4,480,0,316,4,796,California
Sierra,2021-02-24,1,1113,0,76,1,1037,0,0,1,481,0,316,1,797,California
Sierra,2021-02-25,125,1238,1,77,124,1161,0,0,59,475,65,381,59,856,California
Sierra,2021-02-26,11,1249,6,83,5,1166,0,0,4,472,7,388,4,860,California
Sierra,2021-02-27,1,1250,1,84,0,1166,0,0,0,471,1,389,0,860,California
Sierra,2021-03-01,1,1251,1,85,0,1166,0,0,0,470,1,390,0,860,California
Sierra,2021-03-02,58,1309,0,85,58,1224,0,0,39,490,19,409,39,899,California
Sierra,2021-03-03,1,1310,1,86,0,1224,0,0,0,489,1,410,0,899,California
Sierra,2021-03-04,108,1418,0,86,108,1332,0,0,60,501,48,458,60,959,California
Sierra,2021-03-05,12,1430,0,86,12,1344,0,0,10,509,2,460,10,969,California
Sierra,2021-03-08,2,1432,2,88,0,1344,0,0,2,511,0,460,2,971,California
Sierra,2021-03-09,60,1492,0,88,60,1404,0,0,11,473,49,509,11,982,California
Sierra,2021-03-10,6,1498,0,88,6,1410,0,0,4,475,2,511,4,986,California
Sierra,2021-03-11,176,1674,1,89,175,1585,0,0,44,387,132,643,44,1030,California
Sierra,2021-03-12,19,1693,0,89,19,1604,0,0,0,368,19,662,0,1030,California
Sierra,2021-03-13,28,1721,0,89,28,1632,0,0,28,396,0,662,28,1058,California
Sierra,2021-03-15,2,1723,0,89,0,1632,2,2,0,396,2,664,2,1060,California
Sierra,2021-03-16,36,1759,0,89,35,1667,1,3,22,405,14,678,23,1083,California
Sierra,2021-03-17,1,1760,0,89,1,1668,0,3,0,404,1,679,0,1083,California
Sierra,2021-03-18,161,1921,0,89,161,1829,0,3,65,373,96,775,65,1148,California
Sierra,2021-03-19,3,1924,1,90,2,1831,0,3,0,370,3,778,0,1148,California
Sierra,2021-03-20,2,1926,0,90,2,1833,0,3,1,370,1,779,1,1149,California
Sierra,2021-03-23,22,1948,0,90,22,1855,0,3,13,374,9,788,13,1162,California
Sierra,2021-03-24,2,1950,0,90,2,1857,0,3,1,374,1,789,1,1163,California
Sierra,2021-03-25,99,2049,1,91,98,1955,0,3,50,375,49,838,50,1213,California
Sierra,2021-03-26,11,2060,0,91,11,1966,0,3,8,380,3,841,8,1221,California
Sierra,2021-03-27,1,2061,0,91,1,1967,0,3,0,379,1,842,0,1221,California
Sierra,2021-03-29,1,2062,1,92,0,1967,0,3,0,378,1,843,0,1221,California
Sierra,2021-03-30,58,2120,1,93,57,2024,0,3,25,370,33,876,25,1246,California
Sierra,2021-03-31,8,2128,0,93,8,2032,0,3,8,378,0,876,8,1254,California
Sierra,2021-04-01,63,2191,1,94,62,2094,0,3,5,327,56,932,5,1259,California
Sierra,2021-04-02,3,2194,2,96,1,2095,0,3,2,328,1,933,2,1261,California
Sierra,2021-04-04,1,2195,0,96,1,2096,0,3,0,328,0,933,0,1261,California
Sierra,2021-04-06,11,2206,0,96,11,2107,0,3,1,319,10,943,1,1262,California
Sierra,2021-04-07,14,2220,3,99,6,2113,5,8,3,317,10,953,8,1270,California
Sierra,2021-04-08,52,2272,2,101,50,2163,0,8,16,297,36,989,16,1286,California
Sierra,2021-04-09,1,2273,1,102,0,2163,0,8,1,298,0,989,1,1287,California
Sierra,2021-04-10,27,2300,0,102,27,2190,0,8,0,271,27,1016,0,1287,California
Sierra,2021-04-12,1,2301,0,102,0,2190,1,9,0,271,1,1017,1,1288,California
Sierra,2021-04-13,45,2346,0,102,45,2235,0,9,5,236,40,1057,5,1293,California
Sierra,2021-04-14,1,2347,0,102,1,2236,0,9,1,237,0,1057,1,1294,California
Sierra,2021-04-15,50,2397,2,104,48,2284,0,9,2,191,48,1105,2,1296,California
Sierra,2021-04-17,2,2399,1,105,1,2285,0,9,1,191,1,1106,1,1297,California
Sierra,2021-04-18,1,2400,0,105,1,2286,0,9,0,191,0,1106,0,1297,California
Sierra,2021-04-19,2,2402,1,106,1,2287,0,9,1,191,1,1107,1,1298,California
Sierra,2021-04-20,33,2435,1,107,32,2319,0,9,6,170,27,1134,6,1304,California
Sierra,2021-04-21,2,2437,1,108,1,2320,0,9,1,170,1,1135,1,1305,California
Sierra,2021-04-22,64,2501,1,109,63,2383,0,9,5,117,58,1193,5,1310,California
Sierra,2021-04-23,12,2513,0,109,12,2395,0,9,4,113,8,1201,4,1314,California
Sierra,2021-04-24,4,2517,0,109,4,2399,0,9,4,117,0,1201,4,1318,California
Sierra,2021-04-26,1,2518,0,109,1,2400,0,9,1,118,0,1201,1,1319,California
Sierra,2021-04-27,30,2548,0,109,30,2430,0,9,4,96,26,1227,4,1323,California
Sierra,2021-04-28,11,2559,3,112,8,2438,0,9,2,89,9,1236,2,1325,California
Sierra,2021-04-29,20,2579,2,114,18,2456,0,9,14,97,6,1242,14,1339,California
Sierra,2021-04-30,3,2582,1,115,2,2458,0,9,1,96,2,1244,1,1340,California
Sierra,2021-05-03,1,2583,1,116,0,2458,0,9,1,97,0,1244,1,1341,California
Sierra,2021-05-04,2,2585,0,116,1,2459,1,10,0,96,2,1246,1,1342,California
Sierra,2021-05-05,23,2608,1,117,22,2481,0,10,8,89,15,1261,8,1350,California
Sierra,2021-05-06,1,2609,1,118,0,2481,0,10,0,88,1,1262,0,1350,California
Sierra,2021-05-08,1,2610,0,118,0,2481,1,11,0,88,1,1263,1,1351,California
Sierra,2021-05-11,11,2621,0,118,4,2485,7,18,0,84,11,1274,7,1358,California
Sierra,2021-05-12,11,2632,1,119,10,2495,0,18,8,89,3,1277,8,1366,California
Sierra,2021-05-13,3,2635,2,121,1,2496,0,18,2,90,1,1278,2,1368,California
Sierra,2021-05-14,3,2638,1,122,2,2498,0,18,3,93,0,1278,3,1371,California
Sierra,2021-05-15,1,2639,0,122,0,2498,1,19,0,93,1,1279,1,1372,California
Sierra,2021-05-17,1,2640,1,123,0,2498,0,19,1,94,0,1279,1,1373,California
Sierra,2021-05-18,1,2641,0,123,0,2498,1,20,0,94,1,1280,1,1374,California
Sierra,2021-05-19,7,2648,4,127,3,2501,0,20,2,91,5,1285,2,1376,California
Sierra,2021-05-20,9,2657,8,135,0,2501,1,21,8,99,1,1286,9,1385,California
Sierra,2021-05-21,3,2660,1,136,2,2503,0,21,1,98,2,1288,1,1386,California
Sierra,2021-05-22,4,2664,0,136,4,2507,0,21,0,94,4,1292,0,1386,California
Sierra,2021-05-23,1,2665,0,136,1,2508,0,21,1,95,0,1292,1,1387,California
Sierra,2021-05-24,3,2668,1,137,2,2510,0,21,2,96,1,1293,2,1389,California
Sierra,2021-05-25,3,2671,0,137,3,2513,0,21,1,95,2,1295,1,1390,California
Sierra,2021-05-26,8,2679,0,137,8,2521,0,21,4,95,4,1299,4,1394,California
Sierra,2021-05-27,9,2688,1,138,7,2528,1,22,2,91,7,1306,3,1397,California
Sierra,2021-05-28,3,2691,1,139,2,2530,0,22,2,92,1,1307,2,1399,California
Sierra,2021-05-29,2,2693,0,139,2,2532,0,22,2,94,0,1307,2,1401,California
Sierra,2021-05-30,1,2694,1,140,0,2532,0,22,1,95,0,1307,1,1402,California
Sierra,2021-06-01,1,2695,0,140,1,2533,0,22,0,94,1,1308,0,1402,California
Sierra,2021-06-02,23,2718,0,140,21,2554,2,24,0,74,22,1330,2,1404,California
Sierra,2021-06-03,2,2720,2,142,0,2554,0,24,0,72,2,1332,0,1404,California
Sierra,2021-06-04,2,2722,2,144,0,2554,0,24,1,72,1,1333,1,1405,California
Sierra,2021-06-08,1,2723,1,145,0,2554,0,24,1,73,0,1333,1,1406,California
Sierra,2021-06-09,8,2731,1,146,5,2559,2,26,0,67,8,1341,2,1408,California
Sierra,2021-06-10,10,2741,10,156,0,2559,0,26,6,69,4,1345,6,1414,California
Sierra,2021-06-11,4,2745,2,158,2,2561,0,26,0,65,4,1349,0,1414,California
Sierra,2021-06-12,1,2746,1,159,0,2561,0,26,1,66,0,1349,1,1415,California
Sierra,2021-06-13,1,2747,1,160,0,2561,0,26,0,65,1,1350,0,1415,California
Sierra,2021-06-14,6,2753,4,164,1,2562,1,27,2,64,4,1354,3,1418,California
Sierra,2021-06-15,2,2755,1,165,1,2563,0,27,1,65,0,1354,1,1419,California
Sierra,2021-06-16,4,2759,1,166,3,2566,0,27,0,62,3,1357,0,1419,California
Siskiyou,2020-12-16,2,2,2,2,0,0,0,0,2,2,0,0,2,2,California
Siskiyou,2020-12-17,4,6,4,6,0,0,0,0,4,6,0,0,4,6,California
Siskiyou,2020-12-18,2,8,2,8,0,0,0,0,2,8,0,0,2,8,California
Siskiyou,2020-12-19,4,12,4,12,0,0,0,0,4,12,0,0,4,12,California
Siskiyou,2020-12-20,1,13,1,13,0,0,0,0,1,13,0,0,1,13,California
Siskiyou,2020-12-21,131,144,131,144,0,0,0,0,131,144,0,0,131,144,California
Siskiyou,2020-12-22,158,302,158,302,0,0,0,0,158,302,0,0,158,302,California
Siskiyou,2020-12-23,142,444,142,444,0,0,0,0,142,444,0,0,142,444,California
Siskiyou,2020-12-24,5,449,5,449,0,0,0,0,5,449,0,0,5,449,California
Siskiyou,2020-12-26,2,451,0,449,2,2,0,0,2,451,0,0,2,451,California
Siskiyou,2020-12-27,2,453,0,449,2,4,0,0,2,453,0,0,2,453,California
Siskiyou,2020-12-28,3,456,1,450,2,6,0,0,3,456,0,0,3,456,California
Siskiyou,2020-12-29,6,462,2,452,4,10,0,0,6,462,0,0,6,462,California
Siskiyou,2020-12-30,100,562,3,455,97,107,0,0,100,562,0,0,100,562,California
Siskiyou,2020-12-31,12,574,0,455,12,119,0,0,12,574,0,0,12,574,California
Siskiyou,2021-01-02,1,575,1,456,0,119,0,0,1,575,0,0,1,575,California
Siskiyou,2021-01-03,1,576,0,456,1,120,0,0,1,576,0,0,1,576,California
Siskiyou,2021-01-04,129,705,3,459,126,246,0,0,129,705,0,0,129,705,California
Siskiyou,2021-01-05,119,824,4,463,115,361,0,0,117,821,2,2,118,823,California
Siskiyou,2021-01-06,60,884,7,470,53,414,0,0,56,873,4,6,56,879,California
Siskiyou,2021-01-07,175,1059,4,474,171,585,0,0,174,1046,1,7,174,1053,California
Siskiyou,2021-01-08,40,1099,3,477,37,622,0,0,38,1082,2,9,38,1091,California
Siskiyou,2021-01-09,2,1101,2,479,0,622,0,0,0,1080,2,11,0,1091,California
Siskiyou,2021-01-11,225,1326,64,543,161,783,0,0,163,1181,62,73,163,1254,California
Siskiyou,2021-01-12,324,1650,274,817,50,833,0,0,91,1040,233,306,92,1346,California
Siskiyou,2021-01-13,158,1808,137,954,21,854,0,0,24,930,134,440,24,1370,California
Siskiyou,2021-01-14,35,1843,1,955,34,888,0,0,34,963,1,441,34,1404,California
Siskiyou,2021-01-15,55,1898,3,958,52,940,0,0,55,1018,0,441,55,1459,California
Siskiyou,2021-01-16,7,1905,2,960,5,945,0,0,7,1025,0,441,7,1466,California
Siskiyou,2021-01-17,1,1906,1,961,0,945,0,0,0,1024,1,442,0,1466,California
Siskiyou,2021-01-18,75,1981,3,964,72,1017,0,0,73,1095,2,444,73,1539,California
Siskiyou,2021-01-19,41,2022,1,965,40,1057,0,0,40,1134,1,445,40,1579,California
Siskiyou,2021-01-20,68,2090,35,1000,33,1090,0,0,64,1194,4,449,64,1643,California
Siskiyou,2021-01-21,67,2157,1,1001,66,1156,0,0,67,1261,0,449,67,1710,California
Siskiyou,2021-01-22,1341,3498,1174,2175,167,1323,0,0,1341,2602,0,449,1341,3051,California
Siskiyou,2021-01-23,6,3504,2,2177,4,1327,0,0,3,2602,3,452,3,3054,California
Siskiyou,2021-01-25,208,3712,8,2185,200,1527,0,0,204,2802,4,456,204,3258,California
Siskiyou,2021-01-26,108,3820,3,2188,105,1632,0,0,100,2894,8,464,100,3358,California
Siskiyou,2021-01-27,200,4020,2,2190,198,1830,0,0,135,2965,64,528,135,3493,California
Siskiyou,2021-01-28,260,4280,118,2308,142,1972,0,0,235,3181,19,547,235,3728,California
Siskiyou,2021-01-29,272,4552,3,2311,269,2241,0,0,253,3415,19,566,253,3981,California
Siskiyou,2021-01-30,4,4556,3,2314,1,2242,0,0,4,3419,0,566,4,3985,California
Siskiyou,2021-02-01,214,4770,3,2317,211,2453,0,0,114,3433,100,666,114,4099,California
Siskiyou,2021-02-02,314,5084,45,2362,269,2722,0,0,161,3441,153,819,161,4260,California
Siskiyou,2021-02-03,334,5418,1,2363,333,3055,0,0,264,3635,70,889,264,4524,California
Siskiyou,2021-02-04,360,5778,7,2370,353,3408,0,0,221,3717,139,1028,221,4745,California
Siskiyou,2021-02-05,544,6322,4,2374,540,3948,0,0,370,3913,174,1202,370,5115,California
Siskiyou,2021-02-06,15,6337,0,2374,15,3963,0,0,15,3928,0,1202,15,5130,California
Siskiyou,2021-02-07,3,6340,2,2376,1,3964,0,0,3,3931,0,1202,3,5133,California
Siskiyou,2021-02-08,239,6579,4,2380,235,4199,0,0,214,4120,25,1227,214,5347,California
Siskiyou,2021-02-09,244,6823,2,2382,242,4441,0,0,191,4258,53,1280,191,5538,California
Siskiyou,2021-02-10,389,7212,41,2423,348,4789,0,0,319,4508,69,1349,319,5857,California
Siskiyou,2021-02-11,214,7426,1,2424,213,5002,0,0,185,4664,29,1378,185,6042,California
Siskiyou,2021-02-12,1703,9129,1199,3623,504,5506,0,0,498,3957,1205,2583,498,6540,California
Siskiyou,2021-02-13,37,9166,2,3625,35,5541,0,0,32,3984,5,2588,32,6572,California
Siskiyou,2021-02-14,6,9172,2,3627,4,5545,0,0,6,3990,0,2588,6,6578,California
Siskiyou,2021-02-15,99,9271,2,3629,97,5642,0,0,97,4085,2,2590,97,6675,California
Siskiyou,2021-02-16,136,9407,2,3631,134,5776,0,0,100,4149,36,2626,100,6775,California
Siskiyou,2021-02-17,286,9693,5,3636,281,6057,0,0,251,4365,35,2661,251,7026,California
Siskiyou,2021-02-18,268,9961,88,3724,180,6237,0,0,127,4351,141,2802,127,7153,California
Siskiyou,2021-02-19,95,10056,34,3758,61,6298,0,0,35,4328,58,2860,35,7188,California
Siskiyou,2021-02-20,22,10078,3,3761,19,6317,0,0,17,4340,5,2865,17,7205,California
Siskiyou,2021-02-21,1,10079,1,3762,0,6317,0,0,1,4341,0,2865,1,7206,California
Siskiyou,2021-02-22,208,10287,2,3764,206,6523,0,0,76,4285,132,2997,76,7282,California
Siskiyou,2021-02-23,288,10575,15,3779,273,6796,0,0,186,4369,102,3099,186,7468,California
Siskiyou,2021-02-24,172,10747,5,3784,167,6963,0,0,49,4295,123,3222,49,7517,California
Siskiyou,2021-02-25,300,11047,15,3799,285,7248,0,0,146,4288,153,3375,146,7663,California
Siskiyou,2021-02-26,670,11717,9,3808,661,7909,0,0,366,4350,304,3679,366,8029,California
Siskiyou,2021-02-27,32,11749,5,3813,27,7936,0,0,28,4374,4,3683,28,8057,California
Siskiyou,2021-02-28,5,11754,5,3818,0,7936,0,0,3,4375,2,3685,3,8060,California
Siskiyou,2021-03-01,290,12044,5,3823,285,8221,0,0,49,4183,241,3926,49,8109,California
Siskiyou,2021-03-02,208,12252,1,3824,207,8428,0,0,70,4115,138,4064,70,8179,California
Siskiyou,2021-03-03,347,12599,11,3835,336,8764,0,0,153,4074,194,4258,153,8332,California
Siskiyou,2021-03-04,818,13417,617,4452,201,8965,0,0,642,4540,176,4434,642,8974,California
Siskiyou,2021-03-05,347,13764,5,4457,331,9296,11,11,106,4419,238,4672,117,9091,California
Siskiyou,2021-03-06,42,13806,3,4460,32,9328,7,18,27,4438,15,4687,34,9125,California
Siskiyou,2021-03-07,11,13817,3,4463,0,9328,8,26,1,4437,10,4697,9,9134,California
Siskiyou,2021-03-08,360,14177,22,4485,304,9632,34,60,68,4247,292,4989,102,9236,California
Siskiyou,2021-03-09,175,14352,2,4487,118,9750,55,115,42,4211,133,5122,97,9333,California
Siskiyou,2021-03-10,220,14572,6,4493,184,9934,30,145,24,4069,196,5318,54,9387,California
Siskiyou,2021-03-11,493,15065,206,4699,241,10175,46,191,284,4191,208,5526,330,9717,California
Siskiyou,2021-03-12,653,15718,141,4840,473,10648,39,230,184,3947,467,5993,223,9940,California
Siskiyou,2021-03-13,429,16147,380,5220,26,10674,23,253,380,4301,49,6042,403,10343,California
Siskiyou,2021-03-14,20,16167,1,5221,3,10677,16,269,2,4301,18,6060,18,10361,California
Siskiyou,2021-03-15,495,16662,258,5479,173,10850,64,333,319,4508,176,6236,383,10744,California
Siskiyou,2021-03-16,258,16920,34,5513,208,11058,16,349,141,4549,116,6352,157,10901,California
Siskiyou,2021-03-17,200,17120,8,5521,184,11242,8,357,33,4423,167,6519,41,10942,California
Siskiyou,2021-03-18,924,18044,786,6307,126,11368,12,369,808,5127,116,6635,820,11762,California
Siskiyou,2021-03-19,65,18109,7,6314,45,11413,13,382,18,5111,47,6682,31,11793,California
Siskiyou,2021-03-20,29,18138,7,6321,18,11431,4,386,6,5098,23,6705,10,11803,California
Siskiyou,2021-03-21,10,18148,4,6325,1,11432,5,391,4,5101,6,6711,9,11812,California
Siskiyou,2021-03-22,209,18357,20,6345,166,11598,23,414,146,5210,60,6771,169,11981,California
Siskiyou,2021-03-23,172,18529,19,6364,144,11742,9,423,125,5297,47,6818,134,12115,California
Siskiyou,2021-03-24,143,18672,47,6411,96,11838,0,423,116,5386,27,6845,116,12231,California
Siskiyou,2021-03-25,564,19236,314,6725,247,12085,3,426,394,5613,170,7015,397,12628,California
Siskiyou,2021-03-26,303,19539,34,6759,269,12354,0,426,103,5518,198,7213,103,12731,California
Siskiyou,2021-03-27,39,19578,6,6765,28,12382,5,431,11,5506,28,7241,16,12747,California
Siskiyou,2021-03-28,7,19585,6,6771,1,12383,0,431,5,5509,2,7243,5,12752,California
Siskiyou,2021-03-29,94,19679,10,6781,82,12465,2,433,44,5505,50,7293,46,12798,California
Siskiyou,2021-03-30,101,19780,6,6787,94,12559,1,434,40,5485,61,7354,41,12839,California
Siskiyou,2021-03-31,177,19957,9,6796,165,12724,3,437,48,5410,127,7481,52,12891,California
Siskiyou,2021-04-01,827,20784,669,7465,158,12882,0,437,214,5011,613,8094,214,13105,California
Siskiyou,2021-04-02,347,21131,197,7662,146,13028,4,441,65,4800,280,8374,69,13174,California
Siskiyou,2021-04-03,26,21157,5,7667,14,13042,7,448,5,4791,21,8395,12,13186,California
Siskiyou,2021-04-04,2,21159,1,7668,1,13043,0,448,1,4791,1,8396,1,13187,California
Siskiyou,2021-04-05,437,21596,332,8000,80,13123,25,473,27,4434,409,8805,52,13239,California
Siskiyou,2021-04-06,220,21816,36,8036,131,13254,53,526,126,4520,92,8897,178,13417,California
Siskiyou,2021-04-07,113,21929,10,8046,62,13316,41,567,64,4576,49,8946,105,13522,California
Siskiyou,2021-04-08,343,22272,175,8221,125,13441,43,610,62,4400,281,9227,105,13627,California
Siskiyou,2021-04-09,545,22817,377,8598,130,13571,38,648,84,4063,460,9687,123,13750,California
Siskiyou,2021-04-10,46,22863,6,8604,3,13574,37,685,7,4068,39,9726,44,13794,California
Siskiyou,2021-04-11,7,22870,5,8609,1,13575,1,686,2,4066,5,9731,3,13797,California
Siskiyou,2021-04-12,129,22999,24,8633,104,13679,1,687,49,4036,80,9811,50,13847,California
Siskiyou,2021-04-13,205,23204,37,8670,167,13846,1,688,82,3996,123,9934,83,13930,California
Siskiyou,2021-04-14,156,23360,64,8734,92,13938,0,688,85,4012,69,10003,85,14015,California
Siskiyou,2021-04-15,1114,24474,956,9690,158,14096,0,688,435,3768,679,10682,435,14450,California
Siskiyou,2021-04-16,301,24775,210,9900,91,14187,0,688,269,4007,31,10713,270,14720,California
Siskiyou,2021-04-17,11,24786,8,9908,3,14190,0,688,6,4008,5,10718,6,14726,California
Siskiyou,2021-04-18,5,24791,3,9911,2,14192,0,688,1,4005,4,10722,1,14727,California
Siskiyou,2021-04-19,128,24919,24,9935,104,14296,0,688,45,3967,83,10805,45,14772,California
Siskiyou,2021-04-20,217,25136,4,9939,213,14509,0,688,91,3932,126,10931,91,14863,California
Siskiyou,2021-04-21,96,25232,11,9950,85,14594,0,688,26,3888,70,11001,26,14889,California
Siskiyou,2021-04-22,408,25640,296,10246,112,14706,0,688,50,3580,358,11359,50,14939,California
Siskiyou,2021-04-23,180,25820,15,10261,165,14871,0,688,158,3717,21,11380,158,15097,California
Siskiyou,2021-04-24,28,25848,4,10265,24,14895,0,688,20,3729,8,11388,20,15117,California
Siskiyou,2021-04-25,2,25850,0,10265,2,14897,0,688,2,3731,0,11388,2,15119,California
Siskiyou,2021-04-26,100,25950,5,10270,90,14987,5,693,25,3686,75,11463,30,15149,California
Siskiyou,2021-04-27,113,26063,4,10274,107,15094,2,695,86,3749,25,11488,88,15237,California
Siskiyou,2021-04-28,110,26173,7,10281,95,15189,8,703,53,3753,57,11545,61,15298,California
Siskiyou,2021-04-29,145,26318,14,10295,130,15319,1,704,29,3667,116,11661,30,15328,California
Siskiyou,2021-04-30,103,26421,21,10316,81,15400,1,705,45,3657,55,11716,45,15373,California
Siskiyou,2021-05-01,11,26432,7,10323,1,15401,3,708,7,3663,4,11720,10,15383,California
Siskiyou,2021-05-02,10,26442,4,10327,6,15407,0,708,8,3669,2,11722,8,15391,California
Siskiyou,2021-05-03,107,26549,24,10351,81,15488,2,710,45,3654,62,11784,47,15438,California
Siskiyou,2021-05-04,121,26670,6,10357,113,15601,2,712,60,3656,60,11844,62,15500,California
Siskiyou,2021-05-05,114,26784,19,10376,86,15687,9,721,39,3630,74,11918,48,15548,California
Siskiyou,2021-05-06,365,27149,296,10672,63,15750,6,727,190,3651,175,12093,196,15744,California
Siskiyou,2021-05-07,308,27457,219,10891,84,15834,5,732,32,3413,275,12368,37,15781,California
Siskiyou,2021-05-08,24,27481,3,10894,20,15854,1,733,18,3426,6,12374,19,15800,California
Siskiyou,2021-05-09,1,27482,0,10894,1,15855,0,733,0,3425,1,12375,0,15800,California
Siskiyou,2021-05-10,100,27582,68,10962,31,15886,1,734,22,3370,78,12453,23,15823,California
Siskiyou,2021-05-11,87,27669,8,10970,74,15960,5,739,51,3390,36,12489,56,15879,California
Siskiyou,2021-05-12,56,27725,4,10974,47,16007,5,744,15,3369,41,12530,20,15899,California
Siskiyou,2021-05-13,81,27806,34,11008,38,16045,9,753,37,3371,44,12574,46,15945,California
Siskiyou,2021-05-14,173,27979,81,11089,91,16136,1,754,106,3412,66,12640,107,16052,California
Siskiyou,2021-05-15,43,28022,13,11102,28,16164,2,756,36,3444,6,12646,38,16090,California
Siskiyou,2021-05-16,6,28028,2,11104,4,16168,0,756,4,3446,2,12648,4,16094,California
Siskiyou,2021-05-17,63,28091,2,11106,38,16206,23,779,11,3428,52,12700,34,16128,California
Siskiyou,2021-05-18,216,28307,81,11187,131,16337,4,783,122,3461,93,12793,126,16254,California
Siskiyou,2021-05-19,155,28462,97,11284,57,16394,1,784,124,3555,31,12824,125,16379,California
Siskiyou,2021-05-20,526,28988,424,11708,100,16494,2,786,233,3497,293,13117,235,16614,California
Siskiyou,2021-05-21,197,29185,95,11803,102,16596,0,786,109,3519,87,13204,109,16723,California
Siskiyou,2021-05-22,41,29226,19,11822,22,16618,0,786,26,3530,15,13219,26,16749,California
Siskiyou,2021-05-23,4,29230,3,11825,1,16619,0,786,2,3530,2,13221,2,16751,California
Siskiyou,2021-05-24,18,29248,3,11828,15,16634,0,786,5,3523,12,13233,5,16756,California
Siskiyou,2021-05-25,156,29404,16,11844,120,16754,20,806,50,3489,104,13337,70,16826,California
Siskiyou,2021-05-26,76,29480,19,11863,57,16811,0,806,41,3495,35,13372,41,16867,California
Siskiyou,2021-05-27,129,29609,92,11955,36,16847,1,807,55,3477,74,13446,56,16923,California
Siskiyou,2021-05-28,154,29763,57,12012,96,16943,1,808,102,3529,51,13497,103,17026,California
Siskiyou,2021-05-29,16,29779,9,12021,4,16947,3,811,5,3526,11,13508,8,17034,California
Siskiyou,2021-05-31,2,29781,1,12022,0,16947,1,812,1,3527,1,13509,2,17036,California
Siskiyou,2021-06-01,86,29867,20,12042,66,17013,0,812,29,3500,56,13565,29,17065,California
Siskiyou,2021-06-02,120,29987,35,12077,85,17098,0,812,44,3468,76,13641,44,17109,California
Siskiyou,2021-06-03,150,30137,103,12180,42,17140,5,817,34,3391,116,13757,39,17148,California
Siskiyou,2021-06-04,99,30236,77,12257,22,17162,0,817,20,3332,79,13836,20,17168,California
Siskiyou,2021-06-05,37,30273,17,12274,19,17181,1,818,16,3328,21,13857,17,17185,California
Siskiyou,2021-06-06,3,30276,2,12276,0,17181,1,819,0,3326,3,13860,1,17186,California
Siskiyou,2021-06-07,37,30313,4,12280,30,17211,3,822,26,3344,11,13871,29,17215,California
Siskiyou,2021-06-08,207,30520,93,12373,111,17322,3,825,62,3269,140,14011,65,17280,California
Siskiyou,2021-06-09,112,30632,84,12457,26,17348,2,827,30,3219,82,14093,32,17312,California
Siskiyou,2021-06-10,170,30802,141,12598,29,17377,0,827,74,3197,96,14189,74,17386,California
Siskiyou,2021-06-11,107,30909,56,12654,44,17421,7,834,18,3154,68,14257,25,17411,California
Siskiyou,2021-06-12,29,30938,8,12662,21,17442,0,834,8,3141,21,14278,8,17419,California
Siskiyou,2021-06-13,23,30961,15,12677,8,17450,0,834,2,3122,21,14299,2,17421,California
Siskiyou,2021-06-14,22,30983,3,12680,15,17465,4,838,10,3123,12,14311,13,17434,California
Siskiyou,2021-06-15,78,31061,19,12699,52,17517,7,845,32,3116,46,14357,39,17473,California
Siskiyou,2021-06-16,50,31111,7,12706,43,17560,0,845,40,3146,10,14367,40,17513,California
Solano,2020-12-15,4,4,4,4,0,0,0,0,4,4,0,0,4,4,California
Solano,2020-12-16,69,73,69,73,0,0,0,0,69,73,0,0,69,73,California
Solano,2020-12-17,170,243,170,243,0,0,0,0,170,243,0,0,170,243,California
Solano,2020-12-18,475,718,474,717,1,1,0,0,475,718,0,0,475,718,California
Solano,2020-12-19,521,1239,521,1238,0,1,0,0,521,1239,0,0,521,1239,California
Solano,2020-12-20,350,1589,348,1586,2,3,0,0,350,1589,0,0,350,1589,California
Solano,2020-12-21,575,2164,573,2159,2,5,0,0,575,2164,0,0,575,2164,California
Solano,2020-12-22,661,2825,628,2787,33,38,0,0,661,2825,0,0,661,2825,California
Solano,2020-12-23,855,3680,764,3551,91,129,0,0,854,3678,1,1,854,3679,California
Solano,2020-12-24,417,4097,166,3717,251,380,0,0,417,4095,0,1,417,4096,California
Solano,2020-12-25,9,4106,1,3718,8,388,0,0,9,4104,0,1,9,4105,California
Solano,2020-12-26,172,4278,46,3764,126,514,0,0,172,4276,0,1,172,4277,California
Solano,2020-12-27,107,4385,29,3793,78,592,0,0,107,4383,0,1,107,4384,California
Solano,2020-12-28,872,5257,425,4218,447,1039,0,0,872,5255,0,1,872,5256,California
Solano,2020-12-29,909,6166,372,4590,537,1576,0,0,909,6164,0,1,909,6165,California
Solano,2020-12-30,1229,7395,595,5185,634,2210,0,0,1229,7393,0,1,1229,7394,California
Solano,2020-12-31,543,7938,139,5324,404,2614,0,0,543,7936,0,1,543,7937,California
Solano,2021-01-01,15,7953,14,5338,1,2615,0,0,15,7951,0,1,15,7952,California
Solano,2021-01-02,215,8168,166,5504,49,2664,0,0,215,8166,0,1,215,8167,California
Solano,2021-01-03,55,8223,39,5543,16,2680,0,0,49,8215,0,1,49,8216,California
Solano,2021-01-04,444,8667,238,5781,206,2886,0,0,435,8648,2,3,435,8651,California
Solano,2021-01-05,732,9399,378,6159,354,3240,0,0,573,9067,154,157,573,9224,California
Solano,2021-01-06,848,10247,436,6595,412,3652,0,0,578,9377,268,425,578,9802,California
Solano,2021-01-07,1062,11309,678,7273,384,4036,0,0,589,9496,471,896,590,10392,California
Solano,2021-01-08,1144,12453,777,8050,367,4403,0,0,547,9466,579,1475,549,10941,California
Solano,2021-01-09,890,13343,764,8814,126,4529,0,0,432,9443,455,1930,432,11373,California
Solano,2021-01-10,260,13603,193,9007,67,4596,0,0,159,9501,101,2031,159,11532,California
Solano,2021-01-11,1338,14941,1123,10130,215,4811,0,0,820,9803,518,2549,820,12352,California
Solano,2021-01-12,1567,16508,1166,11296,401,5212,0,0,1021,10281,544,3093,1022,13374,California
Solano,2021-01-13,1466,17974,1002,12298,464,5676,0,0,1210,11237,254,3347,1210,14584,California
Solano,2021-01-14,1901,19875,813,13111,1088,6764,0,0,1587,12512,313,3660,1588,16172,California
Solano,2021-01-15,1714,21589,1058,14169,656,7420,0,0,1417,13633,297,3957,1418,17590,California
Solano,2021-01-16,1299,22888,909,15078,390,7810,0,0,1126,14586,173,4130,1126,18716,California
Solano,2021-01-17,1054,23942,760,15838,294,8104,0,0,1034,15601,20,4150,1035,19751,California
Solano,2021-01-18,1428,25370,855,16693,573,8677,0,0,1311,16796,117,4267,1312,21063,California
Solano,2021-01-19,1661,27031,1341,18034,320,8997,0,0,1392,17920,268,4535,1392,22455,California
Solano,2021-01-20,2055,29086,1431,19465,624,9621,0,0,1569,19006,483,5018,1569,24024,California
Solano,2021-01-21,3230,32316,1022,20487,2208,11829,0,0,2878,21533,352,5370,2879,26903,California
Solano,2021-01-22,1785,34101,853,21340,932,12761,0,0,1588,22924,197,5567,1588,28491,California
Solano,2021-01-23,735,34836,240,21580,495,13256,0,0,533,23255,203,5770,534,29025,California
Solano,2021-01-24,406,35242,61,21641,345,13601,0,0,337,23523,69,5839,337,29362,California
Solano,2021-01-25,1681,36923,632,22273,1049,14650,0,0,1120,24085,560,6399,1122,30484,California
Solano,2021-01-26,1814,38737,750,23023,1064,15714,0,0,1172,24616,642,7041,1173,31657,California
Solano,2021-01-27,1813,40550,726,23749,1087,16801,0,0,1197,25201,612,7653,1197,32854,California
Solano,2021-01-28,1972,42522,712,24461,1260,18061,0,0,1380,25991,591,8244,1381,34235,California
Solano,2021-01-29,1723,44245,788,25249,935,18996,0,0,1358,26986,363,8607,1358,35593,California
Solano,2021-01-30,962,45207,459,25708,503,19499,0,0,617,27259,345,8952,618,36211,California
Solano,2021-01-31,250,45457,158,25866,92,19591,0,0,173,27355,77,9029,173,36384,California
Solano,2021-02-01,1556,47013,1033,26899,523,20114,0,0,776,27355,776,9805,776,37160,California
Solano,2021-02-02,3381,50394,1094,27993,2287,22401,0,0,2567,29112,810,10615,2567,39727,California
Solano,2021-02-03,2272,52666,1312,29305,960,23361,0,0,1171,29185,1098,11713,1171,40898,California
Solano,2021-02-04,1811,54477,906,30211,905,24266,0,0,1077,29533,729,12442,1077,41975,California
Solano,2021-02-05,3120,57597,1420,31631,1700,25966,0,0,2113,30646,1000,13442,2113,44088,California
Solano,2021-02-06,3088,60685,1176,32807,1912,27878,0,0,2264,32090,820,14262,2264,46352,California
Solano,2021-02-07,854,61539,785,33592,69,27947,0,0,236,31709,617,14879,236,46588,California
Solano,2021-02-08,1768,63307,1237,34829,531,28478,0,0,722,31387,1044,15923,722,47310,California
Solano,2021-02-09,1952,65259,1492,36321,460,28938,0,0,696,30828,1255,17178,696,48006,California
Solano,2021-02-10,2279,67538,1506,37827,773,29711,0,0,831,30211,1448,18626,831,48837,California
Solano,2021-02-11,2531,70069,1496,39323,1035,30746,0,0,1198,30087,1322,19948,1198,50035,California
Solano,2021-02-12,4269,74338,1633,40956,2636,33382,0,0,2915,31655,1347,21295,2915,52950,California
Solano,2021-02-13,2873,77211,244,41200,2629,36011,0,0,2457,33700,412,21707,2457,55407,California
Solano,2021-02-14,729,77940,205,41405,524,36535,0,0,409,33792,318,22025,410,55817,California
Solano,2021-02-15,1331,79271,329,41734,1002,37537,0,0,683,33828,647,22672,683,56500,California
Solano,2021-02-16,2567,81838,1390,43124,1177,38714,0,0,1668,34599,898,23570,1669,58169,California
Solano,2021-02-17,3243,85081,1449,44573,1794,40508,0,0,2199,35758,1041,24611,2200,60369,California
Solano,2021-02-18,2921,88002,840,45413,2081,42589,0,0,857,34558,2058,26669,858,61227,California
Solano,2021-02-19,2477,90479,1454,46867,1023,43612,0,0,1174,34436,1298,27967,1176,62403,California
Solano,2021-02-20,2747,93226,388,47255,2359,45971,0,0,2235,36158,513,28480,2235,64638,California
Solano,2021-02-21,2319,95545,1997,49252,322,46293,0,0,1999,37841,316,28796,1999,66637,California
Solano,2021-02-22,1808,97353,1063,50315,745,47038,0,0,943,37923,862,29658,944,67581,California
Solano,2021-02-23,2906,100259,1091,51406,1815,48853,0,0,1977,38975,925,30583,1977,69558,California
Solano,2021-02-24,2538,102797,1266,52672,1272,50125,0,0,1411,39262,1125,31708,1412,70970,California
Solano,2021-02-25,2571,105368,1567,54239,1004,51129,0,0,1423,39542,1143,32851,1423,72393,California
Solano,2021-02-26,3493,108861,2244,56483,1249,52378,0,0,2047,40148,1441,34292,2047,74440,California
Solano,2021-02-27,3991,112852,1536,58019,2454,54832,1,1,3226,42619,756,35048,3227,77667,California
Solano,2021-02-28,1935,114787,1561,59580,373,55205,1,2,1605,43899,326,35374,1606,79273,California
Solano,2021-03-01,2736,117523,1224,60804,1511,56716,1,3,2066,45303,663,36037,2067,81340,California
Solano,2021-03-02,2292,119815,1410,62214,882,57598,0,3,1296,45604,995,37032,1296,82636,California
Solano,2021-03-03,2262,122077,1269,63483,993,58591,0,3,1394,46139,859,37891,1394,84030,California
Solano,2021-03-04,4384,126461,3435,66918,947,59538,2,5,3152,48074,1222,39113,3157,87187,California
Solano,2021-03-05,4951,131412,1684,68602,3262,62800,5,10,3979,51096,962,40075,3984,91171,California
Solano,2021-03-06,3874,135286,831,69433,3004,65804,39,49,2660,52593,1202,41277,2699,93870,California
Solano,2021-03-07,3600,138886,763,70196,2827,68631,10,59,1967,52951,1620,42897,1978,95848,California
Solano,2021-03-08,2143,141029,1348,71544,526,69157,269,328,1616,54315,519,43416,1883,97731,California
Solano,2021-03-09,3231,144260,1569,73113,1608,70765,54,382,2332,55798,899,44315,2382,100113,California
Solano,2021-03-10,2427,146687,1763,74876,579,71344,85,467,1276,56012,1146,45461,1360,101473,California
Solano,2021-03-11,6039,152726,1755,76631,4030,75374,254,721,4987,60207,1048,46509,5243,106716,California
Solano,2021-03-12,6049,158775,1569,78200,4301,79675,179,900,3170,60680,2875,49384,3348,110064,California
Solano,2021-03-13,4600,163375,811,79011,3709,83384,80,980,2242,60654,2351,51735,2325,112389,California
Solano,2021-03-14,4019,167394,3140,82151,418,83802,461,1441,1545,60188,2469,54204,2003,114392,California
Solano,2021-03-15,4037,171431,2466,84617,1242,85044,329,1770,2515,61516,1514,55718,2842,117234,California
Solano,2021-03-16,3065,174496,1312,85929,1518,86562,235,2005,1548,61785,1513,57231,1782,119016,California
Solano,2021-03-17,6492,180988,1667,87596,4730,91292,95,2100,4945,65281,1544,58775,5040,124056,California
Solano,2021-03-18,5231,186219,1846,89442,3345,94637,40,2140,3756,67611,1467,60242,3797,127853,California
Solano,2021-03-19,3585,189804,2646,92088,862,95499,77,2217,1651,67414,1926,62168,1729,129582,California
Solano,2021-03-20,5608,195412,1684,93772,3872,99371,52,2269,2651,67170,2947,65115,2703,132285,California
Solano,2021-03-21,1677,197089,1573,95345,79,99450,25,2294,370,66260,1303,66418,393,132678,California
Solano,2021-03-22,2664,199753,2036,97381,578,100028,50,2344,1538,66724,1120,67538,1584,134262,California
Solano,2021-03-23,3579,203332,1689,99070,1846,101874,44,2388,1403,65999,2171,69709,1446,135708,California
Solano,2021-03-24,2832,206164,1767,100837,1030,102904,35,2423,1362,65930,1464,71173,1395,137103,California
Solano,2021-03-25,4882,211046,4007,104844,840,103744,35,2458,2275,65637,2602,73775,2309,139412,California
Solano,2021-03-26,3245,214291,2111,106955,1096,104840,38,2496,1744,65929,1491,75266,1783,141195,California
Solano,2021-03-27,4222,218513,1156,108111,3028,107868,38,2534,1662,65073,2554,77820,1698,142893,California
Solano,2021-03-28,1424,219937,1117,109228,290,108158,17,2551,541,64753,879,78699,559,143452,California
Solano,2021-03-29,3535,223472,2049,111277,1469,109627,17,2568,1558,64363,1965,80664,1575,145027,California
Solano,2021-03-30,3046,226518,2012,113289,936,110563,98,2666,1899,65214,1145,81809,1996,147023,California
Solano,2021-03-31,3146,229664,2144,115433,845,111408,157,2823,1838,65900,1305,83114,1991,149014,California
Solano,2021-04-01,5564,235228,2111,117544,3301,114709,152,2975,3514,67529,2037,85151,3666,152680,California
Solano,2021-04-02,6632,241860,2221,119765,4244,118953,167,3142,2545,66169,4071,89222,2711,155391,California
Solano,2021-04-03,1527,243387,967,120732,407,119360,153,3295,567,65930,958,90180,719,156110,California
Solano,2021-04-04,778,244165,287,121019,188,119548,303,3598,237,65933,537,90717,540,156650,California
Solano,2021-04-05,2986,247151,2049,123068,730,120278,207,3805,1512,66178,1472,92189,1717,158367,California
Solano,2021-04-06,6095,253246,1639,124707,3969,124247,487,4292,1652,63880,4435,96624,2137,160504,California
Solano,2021-04-07,5989,259235,4633,129340,953,125200,403,4695,3417,65147,2552,99176,3819,164323,California
Solano,2021-04-08,6483,265718,1792,131132,3819,129019,872,5567,1803,63166,4650,103826,2669,166992,California
Solano,2021-04-09,6316,272034,1665,132797,3790,132809,861,6428,1518,60769,4774,108600,2377,169369,California
Solano,2021-04-10,1755,273789,967,133764,455,133264,333,6761,809,60967,945,109545,1143,170512,California
Solano,2021-04-11,1207,274996,767,134531,327,133591,113,6874,644,61164,560,110105,757,171269,California
Solano,2021-04-12,3287,278283,1694,136225,1228,134819,365,7239,1358,60961,1924,112029,1721,172990,California
Solano,2021-04-13,2536,280819,1102,137327,1433,136252,1,7240,1324,61079,1209,113238,1327,174317,California
Solano,2021-04-14,6523,287342,1961,139288,4562,140814,0,7240,1844,58262,4671,117909,1854,176171,California
Solano,2021-04-15,5734,293076,2163,141451,3570,144384,1,7241,1747,56043,3973,121882,1754,177925,California
Solano,2021-04-16,3704,296780,2608,144059,1094,145478,2,7243,2297,56950,1400,123282,2307,180232,California
Solano,2021-04-17,3269,300049,1060,145119,2209,147687,0,7243,1115,55921,2146,125428,1117,181349,California
Solano,2021-04-18,1003,301052,615,145734,388,148075,0,7243,527,55973,475,125903,527,181876,California
Solano,2021-04-19,2143,303195,1158,146892,985,149060,0,7243,1174,56186,963,126866,1176,183052,California
Solano,2021-04-20,3009,306204,1831,148723,1178,150238,0,7243,1666,56518,1337,128203,1669,184721,California
Solano,2021-04-21,3823,310027,2333,151056,1490,151728,0,7243,2014,56731,1801,130004,2014,186735,California
Solano,2021-04-22,2993,313020,1480,152536,1513,153241,0,7243,1790,57320,1201,131205,1790,188525,California
Solano,2021-04-23,4154,317174,2100,154636,2054,155295,0,7243,2511,58194,1638,132843,2512,191037,California
Solano,2021-04-24,3887,321061,2340,156976,1545,156840,2,7245,2580,59555,1221,134064,2582,193619,California
Solano,2021-04-25,1429,322490,1113,158089,316,157156,0,7245,1131,60395,291,134355,1131,194750,California
Solano,2021-04-26,2589,325079,1668,159757,917,158073,4,7249,1429,60681,1147,135502,1433,196183,California
Solano,2021-04-27,2588,327667,1291,161048,1267,159340,30,7279,1465,61064,1113,136615,1496,197679,California
Solano,2021-04-28,6040,333707,4997,166045,997,160337,46,7325,3771,62623,2258,138873,3817,201496,California
Solano,2021-04-29,4533,338240,1442,167487,3059,163396,32,7357,2045,62220,2480,141353,2077,203573,California
Solano,2021-04-30,4117,342357,2183,169670,1793,165189,141,7498,1901,62062,2200,143553,2042,205615,California
Solano,2021-05-01,2179,344536,1677,171347,301,165490,201,7699,1294,62677,880,144433,1495,207110,California
Solano,2021-05-02,1204,345740,947,172294,231,165721,26,7725,668,62840,531,144964,694,207804,California
Solano,2021-05-03,1455,347195,1009,173303,359,166080,87,7812,595,62665,858,145822,683,208487,California
Solano,2021-05-04,1796,348991,1042,174345,687,166767,67,7879,808,62553,987,146809,875,209362,California
Solano,2021-05-05,2276,351267,1419,175764,743,167510,114,7993,1092,62577,1180,147989,1204,210566,California
Solano,2021-05-06,2004,353271,1192,176956,601,168111,211,8204,730,62254,1263,149252,940,211506,California
Solano,2021-05-07,2819,356090,1966,178922,733,168844,120,8324,972,61505,1839,151091,1090,212596,California
Solano,2021-05-08,1442,357532,900,179822,426,169270,116,8440,548,61278,891,151982,664,213260,California
Solano,2021-05-09,442,357974,265,180087,166,169436,11,8451,176,61203,263,152245,188,213448,California
Solano,2021-05-10,1330,359304,608,180695,616,170052,106,8557,389,60761,936,153181,494,213942,California
Solano,2021-05-11,2269,361573,1142,181837,1038,171090,89,8646,641,59868,1623,154804,730,214672,California
Solano,2021-05-12,2126,363699,1206,183043,744,171834,176,8822,700,59329,1412,156216,873,215545,California
Solano,2021-05-13,3029,366728,2071,185114,746,172580,212,9034,1595,59705,1431,157647,1807,217352,California
Solano,2021-05-14,2415,369143,1630,186744,664,173244,121,9155,1005,59430,1401,159048,1126,218478,California
Solano,2021-05-15,3395,372538,2742,189486,568,173812,85,9240,1291,58713,2092,161140,1375,219853,California
Solano,2021-05-16,1491,374029,1092,190578,367,174179,32,9272,248,57752,1240,162380,279,220132,California
Solano,2021-05-17,2446,376475,1399,191977,961,175140,86,9358,867,57142,1559,163939,949,221081,California
Solano,2021-05-18,2910,379385,1617,193594,1204,176344,89,9447,1455,57244,1442,165381,1544,222625,California
Solano,2021-05-19,5099,384484,3561,197155,1432,177776,106,9553,1963,56187,3126,168507,2069,224694,California
Solano,2021-05-20,2596,387080,1562,198717,975,178751,59,9612,949,55557,1638,170145,1008,225702,California
Solano,2021-05-21,3539,390619,1863,200580,1609,180360,67,9679,1392,54880,2136,172281,1459,227161,California
Solano,2021-05-22,2422,393041,1819,202399,535,180895,68,9747,1002,54539,1411,173692,1070,228231,California
Solano,2021-05-23,1369,394410,1127,203526,219,181114,23,9770,735,54666,631,174323,758,228989,California
Solano,2021-05-24,1836,396246,1039,204565,725,181839,72,9842,615,54137,1215,175538,686,229675,California
Solano,2021-05-25,1622,397868,816,205381,746,182585,60,9902,586,53754,1028,176566,645,230320,California
Solano,2021-05-26,1883,399751,1084,206465,744,183329,55,9957,710,53351,1168,177734,765,231085,California
Solano,2021-05-27,2135,401886,944,207409,1116,184445,75,10032,890,53079,1236,178970,964,232049,California
Solano,2021-05-28,2024,403910,1035,208444,938,185383,51,10083,769,52653,1247,180217,821,232870,California
Solano,2021-05-29,649,404559,321,208765,298,185681,30,10113,321,52677,326,180543,350,233220,California
Solano,2021-05-30,323,404882,155,208920,143,185824,25,10138,119,52620,201,180744,144,233364,California
Solano,2021-05-31,127,405009,18,208938,100,185924,9,10147,24,52550,103,180847,33,233397,California
Solano,2021-06-01,1830,406839,1172,210110,580,186504,78,10225,761,52324,1064,181911,838,234235,California
Solano,2021-06-02,1717,408556,1181,211291,471,186975,65,10290,851,52377,860,182771,913,235148,California
Solano,2021-06-03,2053,410609,1599,212890,373,187348,81,10371,607,51625,1441,184212,689,235837,California
Solano,2021-06-04,1652,412261,1149,214039,439,187787,64,10435,555,51151,1093,185305,619,236456,California
Solano,2021-06-05,1404,413665,1011,215050,342,188129,51,10486,470,50744,928,186233,521,236977,California
Solano,2021-06-06,547,414212,436,215486,85,188214,26,10512,276,50776,270,186503,302,237279,California
Solano,2021-06-07,1241,415453,943,216429,234,188448,64,10576,413,50429,824,187327,477,237756,California
Solano,2021-06-08,1829,417282,1319,217748,476,188924,34,10610,494,49627,1330,188657,528,238284,California
Solano,2021-06-09,1656,418938,1349,219097,252,189176,55,10665,529,49088,1122,189779,583,238867,California
Solano,2021-06-10,1220,420158,849,219946,305,189481,66,10731,403,48747,810,190589,469,239336,California
Solano,2021-06-11,1320,421478,990,220936,265,189746,65,10796,473,48440,844,191433,537,239873,California
Solano,2021-06-12,1145,422623,913,221849,174,189920,58,10854,218,47794,922,192355,276,240149,California
Solano,2021-06-13,601,423224,519,222368,74,189994,8,10862,145,47491,456,192811,153,240302,California
Solano,2021-06-14,1132,424356,751,223119,347,190341,34,10896,234,46866,890,193701,265,240567,California
Solano,2021-06-15,1446,425802,911,224030,484,190825,51,10947,594,46665,846,194547,645,241212,California
Solano,2021-06-16,699,426501,447,224477,205,191030,47,10994,225,46465,471,195018,271,241483,California
Sonoma,2020-12-15,4,4,4,4,0,0,0,0,4,4,0,0,4,4,California
Sonoma,2020-12-16,28,32,28,32,0,0,0,0,28,32,0,0,28,32,California
Sonoma,2020-12-17,109,141,109,141,0,0,0,0,109,141,0,0,109,141,California
Sonoma,2020-12-18,438,579,438,579,0,0,0,0,438,579,0,0,438,579,California
Sonoma,2020-12-19,111,690,110,689,1,1,0,0,111,690,0,0,111,690,California
Sonoma,2020-12-20,176,866,176,865,0,1,0,0,176,866,0,0,176,866,California
Sonoma,2020-12-21,911,1777,909,1774,2,3,0,0,910,1776,0,0,910,1776,California
Sonoma,2020-12-22,1356,3133,1266,3040,90,93,0,0,1356,3132,0,0,1356,3132,California
Sonoma,2020-12-23,1607,4740,1233,4273,374,467,0,0,1608,4740,0,0,1608,4740,California
Sonoma,2020-12-24,311,5051,102,4375,209,676,0,0,311,5051,0,0,311,5051,California
Sonoma,2020-12-25,9,5060,2,4377,7,683,0,0,9,5060,0,0,9,5060,California
Sonoma,2020-12-26,268,5328,257,4634,11,694,0,0,268,5328,0,0,268,5328,California
Sonoma,2020-12-27,96,5424,81,4715,15,709,0,0,96,5424,0,0,96,5424,California
Sonoma,2020-12-28,982,6406,548,5263,434,1143,0,0,955,6379,0,0,955,6379,California
Sonoma,2020-12-29,1132,7538,780,6043,352,1495,0,0,1098,7477,0,0,1098,7477,California
Sonoma,2020-12-30,1094,8632,479,6522,615,2110,0,0,1086,8563,0,0,1086,8563,California
Sonoma,2020-12-31,520,9152,70,6592,450,2560,0,0,521,9084,0,0,521,9084,California
Sonoma,2021-01-01,89,9241,41,6633,48,2608,0,0,89,9173,0,0,89,9173,California
Sonoma,2021-01-02,133,9374,127,6760,6,2614,0,0,133,9306,0,0,133,9306,California
Sonoma,2021-01-03,25,9399,10,6770,15,2629,0,0,25,9331,0,0,25,9331,California
Sonoma,2021-01-04,340,9739,105,6875,235,2864,0,0,339,9670,0,0,339,9670,California
Sonoma,2021-01-05,430,10169,99,6974,331,3195,0,0,404,10058,16,16,404,10074,California
Sonoma,2021-01-06,949,11118,434,7408,515,3710,0,0,836,10787,107,123,836,10910,California
Sonoma,2021-01-07,1032,12150,537,7945,495,4205,0,0,857,11470,174,297,857,11767,California
Sonoma,2021-01-08,1803,13953,1241,9186,562,4767,0,0,1317,12303,484,781,1317,13084,California
Sonoma,2021-01-09,642,14595,402,9588,240,5007,0,0,595,12851,47,828,595,13679,California
Sonoma,2021-01-10,475,15070,464,10052,11,5018,0,0,278,12932,197,1025,278,13957,California
Sonoma,2021-01-11,1388,16458,1241,11293,147,5165,0,0,415,12379,968,1993,415,14372,California
Sonoma,2021-01-12,1547,18005,1293,12586,254,5419,0,0,396,11626,1149,3142,396,14768,California
Sonoma,2021-01-13,2049,20054,1373,13959,676,6095,0,0,1180,11941,866,4008,1181,15949,California
Sonoma,2021-01-14,1542,21596,808,14767,734,6829,0,0,1313,13026,229,4237,1314,17263,California
Sonoma,2021-01-15,1566,23162,631,15398,935,7764,0,0,1342,14155,215,4452,1344,18607,California
Sonoma,2021-01-16,1148,24310,615,16013,533,8297,0,0,902,14815,242,4694,902,19509,California
Sonoma,2021-01-17,672,24982,551,16564,121,8418,0,0,592,15327,80,4774,592,20101,California
Sonoma,2021-01-18,1105,26087,935,17499,170,8588,0,0,616,15455,489,5263,617,20718,California
Sonoma,2021-01-19,2101,28188,1000,18499,1101,9689,0,0,1389,16135,710,5973,1390,22108,California
Sonoma,2021-01-20,2112,30300,634,19133,1478,11167,0,0,1440,16914,662,6635,1441,23549,California
Sonoma,2021-01-21,2302,32602,648,19781,1654,12821,0,0,2076,18768,224,6859,2078,25627,California
Sonoma,2021-01-22,2757,35359,1052,20833,1705,14526,0,0,2608,21228,148,7007,2608,28235,California
Sonoma,2021-01-23,765,36124,592,21425,173,14699,0,0,656,21776,108,7115,656,28891,California
Sonoma,2021-01-24,850,36974,719,22144,131,14830,0,0,832,22590,18,7133,832,29723,California
Sonoma,2021-01-25,2182,39156,518,22662,1664,16494,0,0,1690,23788,492,7625,1690,31413,California
Sonoma,2021-01-26,2060,41216,304,22966,1756,18250,0,0,1600,24929,459,8084,1600,33013,California
Sonoma,2021-01-27,3765,44981,1289,24255,2476,20726,0,0,3183,27534,580,8664,3185,36198,California
Sonoma,2021-01-28,4149,49130,1852,26107,2297,23023,0,0,3469,30328,677,9341,3471,39669,California
Sonoma,2021-01-29,3027,52157,1427,27534,1600,24623,0,0,2177,31658,848,10189,2178,41847,California
Sonoma,2021-01-30,2596,54753,2405,29939,191,24814,0,0,2250,33564,345,10534,2251,44098,California
Sonoma,2021-01-31,809,55562,694,30633,115,24929,0,0,577,33910,231,10765,577,44675,California
Sonoma,2021-02-01,2491,58053,857,31490,1634,26563,0,0,2110,35642,378,11143,2110,46785,California
Sonoma,2021-02-02,3606,61659,1401,32891,2205,28768,0,0,3025,38089,578,11721,3025,49810,California
Sonoma,2021-02-03,4059,65718,1331,34222,2728,31496,0,0,3118,40270,937,12658,3118,52928,California
Sonoma,2021-02-04,4222,69940,1727,35949,2495,33991,0,0,3424,42899,796,13454,3425,56353,California
Sonoma,2021-02-05,4836,74776,1752,37701,3084,37075,0,0,3802,45673,1029,14483,3803,60156,California
Sonoma,2021-02-06,2677,77453,2312,40013,365,37440,0,0,2143,47283,533,15016,2143,62299,California
Sonoma,2021-02-07,1557,79010,1418,41431,139,37579,0,0,1301,48328,256,15272,1301,63600,California
Sonoma,2021-02-08,3280,82290,1042,42473,2238,39817,0,0,2685,50419,594,15866,2685,66285,California
Sonoma,2021-02-09,3588,85878,1706,44179,1882,41699,0,0,3109,53052,477,16343,3110,69395,California
Sonoma,2021-02-10,4563,90441,2491,46670,2072,43771,0,0,3557,55610,1000,17343,3558,72953,California
Sonoma,2021-02-11,5606,96047,3037,49707,2569,46340,0,0,4416,58839,1187,18530,4416,77369,California
Sonoma,2021-02-12,5948,101995,3271,52978,2677,49017,0,0,4501,61901,1443,19973,4505,81874,California
Sonoma,2021-02-13,1997,103992,1156,54134,841,49858,0,0,1202,62311,792,20765,1202,83076,California
Sonoma,2021-02-14,2336,106328,1838,55972,498,50356,0,0,1591,63161,741,21506,1591,84667,California
Sonoma,2021-02-15,2151,108479,800,56772,1351,51707,0,0,1610,64230,541,22047,1610,86277,California
Sonoma,2021-02-16,4923,113402,2060,58832,2863,54570,0,0,3650,66613,1268,23315,3651,89928,California
Sonoma,2021-02-17,5638,119040,2926,61758,2712,57282,0,0,3592,68171,2037,25352,3595,93523,California
Sonoma,2021-02-18,6978,126018,3147,64905,3831,61113,0,0,4021,69249,2944,28296,4022,97545,California
Sonoma,2021-02-19,5591,131609,1687,66592,3904,65017,0,0,3459,70584,2126,30422,3461,101006,California
Sonoma,2021-02-20,3130,134739,2840,69432,290,65307,0,0,1215,69890,1909,32331,1215,102221,California
Sonoma,2021-02-21,535,135274,424,69856,111,65418,0,0,138,69637,391,32722,138,102359,California
Sonoma,2021-02-22,2962,138236,1407,71263,1555,66973,0,0,1229,69141,1725,34447,1229,103588,California
Sonoma,2021-02-23,3458,141694,2122,73385,1336,68309,0,0,1613,68915,1839,36286,1613,105201,California
Sonoma,2021-02-24,5740,147434,2589,75974,3151,71460,0,0,2943,69071,2789,39075,2945,108146,California
Sonoma,2021-02-25,6023,153457,2353,78327,3670,75130,0,0,3240,69551,2760,41835,3240,111386,California
Sonoma,2021-02-26,6656,160113,2943,81270,3713,78843,0,0,4227,71357,2421,44256,4227,115613,California
Sonoma,2021-02-27,4223,164336,1972,83242,2251,81094,0,0,2826,72789,1394,45650,2826,118439,California
Sonoma,2021-02-28,2511,166847,1857,85099,653,81747,1,1,759,71806,1743,47393,760,119199,California
Sonoma,2021-03-01,4132,170979,1314,86413,2817,84564,1,2,2167,72023,1952,49345,2169,121368,California
Sonoma,2021-03-02,4437,175416,1525,87938,2911,87475,1,3,2566,72728,1862,51207,2567,123935,California
Sonoma,2021-03-03,5083,180499,2648,90586,2435,89910,0,3,2337,72327,2738,53945,2337,126272,California
Sonoma,2021-03-04,5996,186495,2697,93283,3299,93209,0,3,2602,71549,3380,57325,2602,128874,California
Sonoma,2021-03-05,6505,193000,2875,96158,3615,96824,15,18,2735,70547,3753,61078,2751,131625,California
Sonoma,2021-03-06,2802,195802,1229,97387,1437,98261,136,154,1924,71735,871,61949,2059,133684,California
Sonoma,2021-03-07,1757,197559,1423,98810,298,98559,36,190,398,70813,1356,63305,434,134118,California
Sonoma,2021-03-08,4088,201647,660,99470,3253,101812,175,365,2403,71715,1674,64979,2576,136694,California
Sonoma,2021-03-09,5632,207279,3102,102572,2261,104073,269,634,2773,71894,2850,67829,3029,139723,California
Sonoma,2021-03-10,6047,213326,3207,105779,2490,106563,350,984,2439,71087,3594,71423,2787,142510,California
Sonoma,2021-03-11,7568,220894,3033,108812,3712,110275,823,1807,2569,69492,4985,76408,3390,145900,California
Sonoma,2021-03-12,7431,228325,2261,111073,3797,114072,1373,3180,2097,67645,5312,81720,3465,149365,California
Sonoma,2021-03-13,3439,231764,1695,112768,1500,115572,244,3424,2010,68467,1428,83148,2250,151615,California
Sonoma,2021-03-14,1384,233148,380,113148,862,116434,142,3566,846,68919,535,83683,987,152602,California
Sonoma,2021-03-15,5257,238405,1520,114668,3350,119784,387,3953,2170,68401,3073,86756,2555,155157,California
Sonoma,2021-03-16,6316,244721,2258,116926,3825,123609,233,4186,2904,68132,3404,90160,3135,158292,California
Sonoma,2021-03-17,6821,251542,3574,120500,3064,126673,183,4369,3291,68088,3516,93676,3472,161764,California
Sonoma,2021-03-18,7159,258701,2948,123448,3595,130268,616,4985,3123,67797,4026,97702,3735,165499,California
Sonoma,2021-03-19,7534,266235,3271,126719,4034,134302,229,5214,3056,66630,4456,102158,3289,168788,California
Sonoma,2021-03-20,3722,269957,1755,128474,1138,135440,829,6043,2018,67775,1697,103855,2842,171630,California
Sonoma,2021-03-21,1386,271343,598,129072,753,136193,35,6078,1202,68833,179,104034,1237,172867,California
Sonoma,2021-03-22,4584,275927,3123,132195,1361,137554,100,6178,3342,71039,1236,105270,3442,176309,California
Sonoma,2021-03-23,5881,281808,3645,135840,2165,139719,71,6249,4441,74121,1430,106700,4512,180821,California
Sonoma,2021-03-24,6856,288664,4307,140147,2475,142194,74,6323,4186,75730,2649,109349,4258,185079,California
Sonoma,2021-03-25,7151,295815,4213,144360,2826,145020,112,6435,4294,77308,2829,112178,4407,189486,California
Sonoma,2021-03-26,7468,303283,3474,147834,3900,148920,94,6529,3822,77601,3622,115800,3915,193401,California
Sonoma,2021-03-27,3901,307184,1508,149342,2024,150944,369,6898,1044,76166,2846,118646,1411,194812,California
Sonoma,2021-03-28,1515,308699,947,150289,540,151484,28,6926,798,76278,713,119359,825,195637,California
Sonoma,2021-03-29,2978,311677,1107,151396,1838,153322,33,6959,1535,76412,1434,120793,1568,197205,California
Sonoma,2021-03-30,5890,317567,3235,154631,2593,155915,62,7021,3055,76704,2825,123618,3117,200322,California
Sonoma,2021-03-31,5626,323193,3405,158036,2004,157919,217,7238,3246,77801,2366,125984,3463,203785,California
Sonoma,2021-04-01,6966,330159,4076,162112,2542,160461,348,7586,3775,78750,3164,129148,4113,207898,California
Sonoma,2021-04-02,5963,336122,3570,165682,2284,162745,109,7695,3587,80080,2365,131513,3695,211593,California
Sonoma,2021-04-03,3654,339776,1823,167505,1606,164351,225,7920,1607,79876,2034,133547,1830,213423,California
Sonoma,2021-04-04,1068,340844,693,168198,284,164635,91,8011,653,80210,410,133957,744,214167,California
Sonoma,2021-04-05,4448,345292,647,168845,3455,168090,346,8357,1671,79457,2769,136726,2016,216183,California
Sonoma,2021-04-06,6940,352232,3514,172359,3019,171109,407,8764,4038,81012,2888,139614,4443,220626,California
Sonoma,2021-04-07,6876,359108,3885,176244,2151,173260,840,9604,3348,81678,3514,143128,4180,224806,California
Sonoma,2021-04-08,7672,366780,4146,180390,2750,176010,776,10380,4209,83206,3452,146580,4980,229786,California
Sonoma,2021-04-09,6866,373646,3833,184223,2142,178152,891,11271,3540,84318,3312,149892,4424,234210,California
Sonoma,2021-04-10,3927,377573,1706,185929,1661,179813,560,11831,1154,83264,2761,152653,1707,235917,California
Sonoma,2021-04-11,1284,378857,605,186534,598,180411,81,11912,439,82940,844,153497,520,236437,California
Sonoma,2021-04-12,4977,383834,2070,188604,2421,182832,486,12398,1853,82160,3112,156609,2332,238769,California
Sonoma,2021-04-13,7945,391779,4673,193277,3268,186100,4,12402,3046,80332,4888,161497,3060,241829,California
Sonoma,2021-04-14,6654,398433,3793,197070,2840,188940,21,12423,2562,78841,4079,165576,2588,244417,California
Sonoma,2021-04-15,7488,405921,4277,201347,3211,192151,0,12423,3664,78717,3808,169384,3684,248101,California
Sonoma,2021-04-16,6869,412790,3450,204797,3417,195568,2,12425,3899,79673,2959,172343,3915,252016,California
Sonoma,2021-04-17,3319,416109,1643,206440,1676,197244,0,12425,1585,79543,1719,174062,1589,253605,California
Sonoma,2021-04-18,1289,417398,897,207337,392,197636,0,12425,455,79165,833,174895,455,254060,California
Sonoma,2021-04-19,3327,420725,1889,209226,1437,199073,1,12426,1453,78751,1870,176765,1456,255516,California
Sonoma,2021-04-20,6292,427017,3477,212703,2814,201887,1,12427,2338,77154,3941,180706,2344,257860,California
Sonoma,2021-04-21,6641,433658,4239,216942,2400,204287,2,12429,3051,76638,3568,184274,3052,260912,California
Sonoma,2021-04-22,6267,439925,4488,221430,1779,206066,0,12429,2526,75440,3724,187998,2526,263438,California
Sonoma,2021-04-23,7440,447365,4633,226063,2801,208867,6,12435,3638,75297,3788,191786,3645,267083,California
Sonoma,2021-04-24,2774,450139,1504,227567,1255,210122,15,12450,1543,75629,1226,193012,1558,268641,California
Sonoma,2021-04-25,1086,451225,790,228357,296,210418,0,12450,429,75404,654,193666,429,269070,California
Sonoma,2021-04-26,2933,454158,1407,229764,1498,211916,28,12478,1616,75739,1309,194975,1644,270714,California
Sonoma,2021-04-27,5490,459648,3728,233492,1638,213554,124,12602,2251,74886,3227,198202,2374,273088,California
Sonoma,2021-04-28,4904,464552,3230,236722,1476,215030,198,12800,2094,74379,2794,200996,2287,275375,California
Sonoma,2021-04-29,5098,469650,3587,240309,1366,216396,145,12945,1923,73284,3163,204159,2068,277443,California
Sonoma,2021-04-30,5466,475116,3631,243940,1540,217936,295,13240,1812,71752,3638,207797,2106,279549,California
Sonoma,2021-05-01,2484,477600,1785,245725,594,218530,105,13345,1236,71849,1240,209037,1337,280886,California
Sonoma,2021-05-02,871,478471,650,246375,170,218700,51,13396,555,72140,316,209353,607,281493,California
Sonoma,2021-05-03,3189,481660,1686,248061,1358,220058,145,13541,1050,71205,2128,211481,1193,282686,California
Sonoma,2021-05-04,4593,486253,2406,250467,2009,222067,178,13719,1457,69724,3111,214592,1630,284316,California
Sonoma,2021-05-05,3676,489929,2176,252643,1305,223372,195,13914,1310,68873,2354,216946,1503,285819,California
Sonoma,2021-05-06,4563,494492,2407,255050,2030,225402,126,14040,1299,67094,3201,220147,1422,287241,California
Sonoma,2021-05-07,3611,498103,2321,257371,1165,226567,125,14165,1089,65796,2511,222658,1213,288454,California
Sonoma,2021-05-08,1864,499967,1264,258635,508,227075,92,14257,729,65496,1121,223779,821,289275,California
Sonoma,2021-05-09,504,500471,288,258923,175,227250,41,14298,169,65375,331,224110,210,289485,California
Sonoma,2021-05-10,2320,502791,1045,259968,1141,228391,134,14432,289,63779,2016,226126,420,289905,California
Sonoma,2021-05-11,3553,506344,1907,261875,1522,229913,124,14556,926,62219,2610,228736,1050,290955,California
Sonoma,2021-05-12,4008,510352,2480,264355,1376,231289,152,14708,852,60077,3144,231880,1002,291957,California
Sonoma,2021-05-13,4935,515287,2840,267195,1965,233254,130,14838,1662,58606,3261,235141,1790,293747,California
Sonoma,2021-05-14,5796,521083,3598,270793,2061,235315,137,14975,2208,57379,3573,238714,2346,296093,California
Sonoma,2021-05-15,2923,524006,2150,272943,712,236027,61,15036,1848,58220,1067,239781,1908,298001,California
Sonoma,2021-05-16,1310,525316,1093,274036,158,236185,59,15095,976,58925,330,240111,1035,299036,California
Sonoma,2021-05-17,2441,527757,1814,275850,531,236716,96,15191,896,58375,1539,241650,989,300025,California
Sonoma,2021-05-18,4330,532087,2855,278705,1366,238082,109,15300,1472,57115,2840,244490,1580,301605,California
Sonoma,2021-05-19,3745,535832,2409,281114,1221,239303,115,15415,1492,56482,2240,246730,1607,303212,California
Sonoma,2021-05-20,3379,539211,2244,283358,1041,240344,94,15509,1345,55895,2021,248751,1434,304646,California
Sonoma,2021-05-21,4212,543423,2398,285756,1685,242029,129,15638,1509,54836,2682,251433,1623,306269,California
Sonoma,2021-05-22,2334,545757,1278,287034,1016,243045,40,15678,666,53886,1656,253089,706,306975,California
Sonoma,2021-05-23,1482,547239,1213,288247,253,243298,16,15694,774,53974,702,253791,790,307765,California
Sonoma,2021-05-24,1966,549205,1249,289496,586,243884,131,15825,646,53460,1291,255082,777,308542,California
Sonoma,2021-05-25,2925,552130,1802,291298,1035,244919,88,15913,743,52121,2169,257251,830,309372,California
Sonoma,2021-05-26,2481,554611,1734,293032,637,245556,110,16023,1001,51761,1468,258719,1108,310480,California
Sonoma,2021-05-27,2084,556695,1139,294171,849,246405,96,16119,702,51183,1374,260093,796,311276,California
Sonoma,2021-05-28,2145,558840,1127,295298,925,247330,93,16212,620,50383,1513,261606,713,311989,California
Sonoma,2021-05-29,1335,560175,914,296212,353,247683,68,16280,645,50416,680,262286,713,312702,California
Sonoma,2021-05-30,344,560519,211,296423,122,247805,11,16291,137,50361,203,262489,148,312850,California
Sonoma,2021-05-31,70,560589,26,296449,43,247848,1,16292,17,50326,53,262542,18,312868,California
Sonoma,2021-06-01,1936,562525,1114,297563,745,248593,77,16369,707,49890,1216,263758,780,313648,California
Sonoma,2021-06-02,1575,564100,967,298530,494,249087,114,16483,665,49763,905,264663,778,314426,California
Sonoma,2021-06-03,1996,566096,1389,299919,528,249615,79,16562,443,48740,1544,266207,521,314947,California
Sonoma,2021-06-04,2693,568789,2202,302121,384,249999,107,16669,521,47204,2163,268370,627,315574,California
Sonoma,2021-06-05,1809,570598,1490,303611,288,250287,31,16700,296,46022,1509,269879,327,315901,California
Sonoma,2021-06-06,1011,571609,934,304545,68,250355,9,16709,157,45337,851,270730,166,316067,California
Sonoma,2021-06-07,1472,573081,1243,305788,175,250530,54,16763,333,44590,1131,271861,384,316451,California
Sonoma,2021-06-08,1888,574969,1520,307308,324,250854,44,16807,530,43817,1346,273207,573,317024,California
Sonoma,2021-06-09,1629,576598,1351,308659,219,251073,59,16866,388,43036,1228,274435,447,317471,California
Sonoma,2021-06-10,1832,578430,1501,310160,227,251300,104,16970,564,42448,1255,275690,667,318138,California
Sonoma,2021-06-11,1974,580404,1623,311783,260,251560,91,17061,539,41649,1429,277119,630,318768,California
Sonoma,2021-06-12,1119,581523,881,312664,189,251749,49,17110,351,41286,763,277882,400,319168,California
Sonoma,2021-06-13,549,582072,462,313126,69,251818,18,17128,105,40965,444,278326,123,319291,California
Sonoma,2021-06-14,872,582944,633,313759,182,252000,57,17185,315,40787,550,278876,372,319663,California
Sonoma,2021-06-15,1675,584619,1276,315035,304,252304,95,17280,546,40305,1121,279997,639,320302,California
Sonoma,2021-06-16,863,585482,671,315706,128,252432,64,17344,278,40063,583,280580,341,320643,California
Stanislaus,2020-12-15,5,5,5,5,0,0,0,0,5,5,0,0,5,5,California
Stanislaus,2020-12-16,37,42,37,42,0,0,0,0,37,42,0,0,37,42,California
Stanislaus,2020-12-17,74,116,74,116,0,0,0,0,74,116,0,0,74,116,California
Stanislaus,2020-12-18,343,459,337,453,6,6,0,0,342,457,1,1,342,458,California
Stanislaus,2020-12-19,132,591,132,585,0,6,0,0,132,589,0,1,132,590,California
Stanislaus,2020-12-20,86,677,86,671,0,6,0,0,86,675,0,1,86,676,California
Stanislaus,2020-12-21,1001,1678,999,1670,2,8,0,0,999,1673,2,3,1000,1676,California
Stanislaus,2020-12-22,795,2473,782,2452,13,21,0,0,794,2466,1,4,794,2470,California
Stanislaus,2020-12-23,447,2920,429,2881,18,39,0,0,446,2912,1,5,447,2917,California
Stanislaus,2020-12-24,96,3016,88,2969,8,47,0,0,96,3008,0,5,96,3013,California
Stanislaus,2020-12-26,53,3069,9,2978,44,91,0,0,53,3061,0,5,53,3066,California
Stanislaus,2020-12-27,11,3080,6,2984,5,96,0,0,11,3072,0,5,11,3077,California
Stanislaus,2020-12-28,487,3567,394,3378,93,189,0,0,487,3559,0,5,487,3564,California
Stanislaus,2020-12-29,496,4063,415,3793,81,270,0,0,495,4053,1,6,495,4059,California
Stanislaus,2020-12-30,536,4599,281,4074,255,525,0,0,535,4587,1,7,535,4594,California
Stanislaus,2020-12-31,279,4878,157,4231,122,647,0,0,278,4864,1,8,278,4872,California
Stanislaus,2021-01-01,15,4893,6,4237,9,656,0,0,15,4879,0,8,15,4887,California
Stanislaus,2021-01-02,33,4926,26,4263,7,663,0,0,33,4912,0,8,33,4920,California
Stanislaus,2021-01-03,90,5016,87,4350,3,666,0,0,90,5002,0,8,90,5010,California
Stanislaus,2021-01-04,231,5247,153,4503,78,744,0,0,231,5233,0,8,231,5241,California
Stanislaus,2021-01-05,863,6110,360,4863,503,1247,0,0,822,6016,39,47,822,6063,California
Stanislaus,2021-01-06,1014,7124,610,5473,404,1651,0,0,930,6865,81,128,930,6993,California
Stanislaus,2021-01-07,1088,8212,714,6187,374,2025,0,0,887,7559,194,322,888,7881,California
Stanislaus,2021-01-08,1288,9500,728,6915,560,2585,0,0,932,8141,352,674,934,8815,California
Stanislaus,2021-01-09,290,9790,142,7057,148,2733,0,0,201,8253,89,763,201,9016,California
Stanislaus,2021-01-10,49,9839,22,7079,27,2760,0,0,29,8263,19,782,29,9045,California
Stanislaus,2021-01-11,1515,11354,1219,8298,296,3056,0,0,579,7926,924,1706,587,9632,California
Stanislaus,2021-01-12,1503,12857,869,9167,634,3690,0,0,840,8114,653,2359,841,10473,California
Stanislaus,2021-01-13,1476,14333,693,9860,783,4473,0,0,1135,8913,337,2696,1136,11609,California
Stanislaus,2021-01-14,2357,16690,287,10147,2070,6543,0,0,2145,10851,208,2904,2146,13755,California
Stanislaus,2021-01-15,2978,19668,1240,11387,1738,8281,0,0,2749,13406,195,3099,2750,16505,California
Stanislaus,2021-01-16,477,20145,54,11441,423,8704,0,0,454,13840,22,3121,456,16961,California
Stanislaus,2021-01-17,244,20389,202,11643,42,8746,0,0,237,14071,6,3127,237,17198,California
Stanislaus,2021-01-18,2312,22701,1053,12696,1259,10005,0,0,1871,15508,434,3561,1871,19069,California
Stanislaus,2021-01-19,1254,23955,723,13419,531,10536,0,0,803,15866,446,4007,804,19873,California
Stanislaus,2021-01-20,1014,24969,491,13910,523,11059,0,0,718,16291,293,4300,718,20591,California
Stanislaus,2021-01-21,3890,28859,3164,17074,726,11785,0,0,3470,19358,403,4703,3470,24061,California
Stanislaus,2021-01-22,1104,29963,311,17385,793,12578,0,0,1056,20373,44,4747,1059,25120,California
Stanislaus,2021-01-23,358,30321,42,17427,316,12894,0,0,299,20614,58,4805,299,25419,California
Stanislaus,2021-01-24,304,30625,100,17527,204,13098,0,0,237,20785,67,4872,238,25657,California
Stanislaus,2021-01-25,3336,33961,231,17758,3105,16203,0,0,2977,23462,305,5177,2982,28639,California
Stanislaus,2021-01-26,1768,35729,767,18525,1001,17204,0,0,1314,24364,413,5590,1315,29954,California
Stanislaus,2021-01-27,1909,37638,1066,19591,843,18047,0,0,1190,24901,653,6243,1190,31144,California
Stanislaus,2021-01-28,2296,39934,1592,21183,704,18751,0,0,1782,26204,480,6723,1783,32927,California
Stanislaus,2021-01-29,2543,42477,1260,22443,1283,20034,0,0,1967,27671,502,7225,1969,34896,California
Stanislaus,2021-01-30,295,42772,135,22578,160,20194,0,0,231,27849,53,7278,231,35127,California
Stanislaus,2021-01-31,368,43140,314,22892,54,20248,0,0,353,28190,12,7290,353,35480,California
Stanislaus,2021-02-01,1300,44440,585,23477,715,20963,0,0,941,28787,345,7635,942,36422,California
Stanislaus,2021-02-02,1214,45654,349,23826,865,21828,0,0,774,29137,427,8062,777,37199,California
Stanislaus,2021-02-03,2647,48301,1262,25088,1385,23213,0,0,1923,30357,713,8775,1933,39132,California
Stanislaus,2021-02-04,2116,50417,711,25799,1405,24618,0,0,1585,31431,514,9289,1588,40720,California
Stanislaus,2021-02-05,2907,53324,1486,27285,1421,26039,0,0,1603,31837,1200,10489,1606,42326,California
Stanislaus,2021-02-06,888,54212,300,27585,588,26627,0,0,693,32339,193,10682,695,43021,California
Stanislaus,2021-02-07,231,54443,206,27791,25,26652,0,0,42,32196,186,10868,43,43064,California
Stanislaus,2021-02-08,2156,56599,1440,29231,716,27368,0,0,1129,32406,920,11788,1130,44194,California
Stanislaus,2021-02-09,1881,58480,800,30031,1081,28449,0,0,1055,32694,768,12556,1056,45250,California
Stanislaus,2021-02-10,1969,60449,535,30566,1434,29883,0,0,1013,32816,892,13448,1014,46264,California
Stanislaus,2021-02-11,5608,66057,3403,33969,2205,32088,0,0,1231,30166,3888,17336,1238,47502,California
Stanislaus,2021-02-12,3399,69456,923,34892,2476,34564,0,0,1462,29868,1763,19099,1465,48967,California
Stanislaus,2021-02-13,1355,70811,652,35544,703,35267,0,0,984,30494,362,19461,988,49955,California
Stanislaus,2021-02-14,417,71228,165,35709,252,35519,0,0,349,30778,65,19526,349,50304,California
Stanislaus,2021-02-15,1893,73121,229,35938,1664,37183,0,0,582,30267,1094,20620,583,50887,California
Stanislaus,2021-02-16,1367,74488,423,36361,944,38127,0,0,579,30076,772,21392,581,51468,California
Stanislaus,2021-02-17,3087,77575,2016,38377,1071,39198,0,0,1931,30920,1092,22484,1936,53404,California
Stanislaus,2021-02-18,3855,81430,2249,40626,1606,40804,0,0,1809,31023,1715,24199,1818,55222,California
Stanislaus,2021-02-19,3013,84443,1119,41745,1894,42698,0,0,1528,31151,1410,25609,1538,56760,California
Stanislaus,2021-02-20,754,85197,383,42128,371,43069,0,0,475,31370,257,25866,476,57236,California
Stanislaus,2021-02-21,907,86104,692,42820,215,43284,0,0,543,31587,337,26203,554,57790,California
Stanislaus,2021-02-22,2352,88456,1696,44516,656,43940,0,0,1631,32523,696,26899,1632,59422,California
Stanislaus,2021-02-23,3753,92209,681,45197,3072,47012,0,0,1742,32456,1820,28719,1753,61175,California
Stanislaus,2021-02-24,4188,96397,2854,48051,1334,48346,0,0,3117,34548,1028,29747,3120,64295,California
Stanislaus,2021-02-25,3960,100357,2718,50769,1242,49588,0,0,3150,36914,787,30534,3153,67448,California
Stanislaus,2021-02-26,4223,104580,1217,51986,3006,52594,0,0,2835,38450,1312,31846,2848,70296,California
Stanislaus,2021-02-27,2091,106671,712,52698,1378,53972,1,1,1857,40105,204,32050,1859,72155,California
Stanislaus,2021-02-28,826,107497,261,52959,565,54537,0,1,775,40842,39,32089,776,72931,California
Stanislaus,2021-03-01,2871,110368,1723,54682,1146,55683,2,3,1645,41420,1072,33161,1650,74581,California
Stanislaus,2021-03-02,2422,112790,1450,56132,971,56654,1,4,1660,42364,717,33878,1661,76242,California
Stanislaus,2021-03-03,3724,116514,2240,58372,1480,58134,4,8,2906,44473,799,34677,2908,79150,California
Stanislaus,2021-03-04,5452,121966,3113,61485,2323,60457,16,24,4192,47475,1202,35879,4204,83354,California
Stanislaus,2021-03-05,4089,126055,1121,62606,2952,63409,16,40,3087,49629,948,36827,3102,86456,California
Stanislaus,2021-03-06,3577,129632,2228,64834,1256,64665,93,133,2719,51594,849,37676,2814,89270,California
Stanislaus,2021-03-07,854,130486,387,65221,431,65096,36,169,667,52116,181,37857,703,89973,California
Stanislaus,2021-03-08,1994,132480,865,66086,1040,66136,89,258,1331,52900,635,38492,1419,91392,California
Stanislaus,2021-03-09,2182,134662,904,66990,1186,67322,92,350,1632,54091,538,39030,1729,93121,California
Stanislaus,2021-03-10,5072,139734,2507,69497,2340,69662,225,575,3736,57008,1056,40086,3973,97094,California
Stanislaus,2021-03-11,5720,145454,3142,72639,2101,71763,477,1052,4115,60405,1199,41285,4596,101690,California
Stanislaus,2021-03-12,5782,151236,1232,73871,2623,74386,1927,2979,2915,62465,2778,44063,4838,106528,California
Stanislaus,2021-03-13,3403,154639,2180,76051,1153,75539,70,3049,2703,64547,692,44755,2774,109302,California
Stanislaus,2021-03-14,989,155628,595,76646,342,75881,52,3101,485,64585,501,45256,539,109841,California
Stanislaus,2021-03-15,3696,159324,1975,78621,1360,77241,361,3462,1608,64565,1989,47245,1969,111810,California
Stanislaus,2021-03-16,4960,164284,2463,81084,2075,79316,422,3884,3556,67160,1380,48625,3975,115785,California
Stanislaus,2021-03-17,4758,169042,2850,83934,1723,81039,185,4069,2878,68429,1790,50415,3059,118844,California
Stanislaus,2021-03-18,5437,174479,3424,87358,1946,82985,67,4136,2940,69095,2339,52754,3005,121849,California
Stanislaus,2021-03-19,5933,180412,1542,88900,2871,85856,1520,5656,3114,71110,2608,55362,4623,126472,California
Stanislaus,2021-03-20,3863,184275,3032,91932,763,86619,68,5724,3370,74086,463,55825,3439,129911,California
Stanislaus,2021-03-21,1010,185285,905,92837,40,86659,65,5789,768,74681,238,56063,833,130744,California
Stanislaus,2021-03-22,2852,188137,1348,94185,773,87432,731,6520,1239,75099,1545,57608,1963,132707,California
Stanislaus,2021-03-23,3949,192086,2027,96212,1664,89096,258,6778,2803,77057,1119,58727,3077,135784,California
Stanislaus,2021-03-24,4568,196654,3223,99435,1272,90368,73,6851,2643,77899,1877,60604,2719,138503,California
Stanislaus,2021-03-25,4252,200906,2925,102360,1311,91679,16,6867,1815,77376,2355,62959,1832,140335,California
Stanislaus,2021-03-26,4764,205670,1336,103696,3354,95033,74,6941,2387,77512,2337,65296,2473,142808,California
Stanislaus,2021-03-27,4399,210069,2741,106437,1576,96609,82,7023,1379,75981,3000,68296,1469,144277,California
Stanislaus,2021-03-28,1107,211176,438,106875,561,97170,108,7131,319,75639,775,69071,433,144710,California
Stanislaus,2021-03-29,2979,214155,1827,108702,1113,98283,39,7170,1980,76677,987,70058,2025,146735,California
Stanislaus,2021-03-30,3679,217834,2066,110768,1587,99870,26,7196,2231,77502,1438,71496,2263,148998,California
Stanislaus,2021-03-31,5440,223274,3855,114623,1464,101334,121,7317,2782,77772,2636,74132,2906,151904,California
Stanislaus,2021-04-01,5740,229014,3841,118464,1809,103143,90,7407,2628,77419,3081,77213,2728,154632,California
Stanislaus,2021-04-02,5027,234041,1213,119677,3658,106801,156,7563,2244,77139,2689,79902,2409,157041,California
Stanislaus,2021-04-03,4544,238585,3302,122979,1206,108007,36,7599,2243,77140,2291,82193,2292,159333,California
Stanislaus,2021-04-04,1328,239913,475,123454,823,108830,30,7629,649,77155,669,82862,684,160017,California
Stanislaus,2021-04-05,3639,243552,2533,125987,857,109687,249,7878,2360,78500,1269,84131,2614,162631,California
Stanislaus,2021-04-06,5754,249306,4176,130163,1303,110990,275,8153,3078,79199,2661,86792,3360,165991,California
Stanislaus,2021-04-07,6357,255663,3603,133766,2329,113319,425,8578,2834,78964,3502,90294,3267,169258,California
Stanislaus,2021-04-08,5690,261353,3331,137097,1926,115245,433,9011,2776,79288,2887,93181,3211,172469,California
Stanislaus,2021-04-09,4822,266175,2102,139199,2345,117590,375,9386,2181,79242,2615,95796,2569,175038,California
Stanislaus,2021-04-10,6503,272678,3990,143189,874,118464,1639,11025,1999,78396,4478,100274,3632,178670,California
Stanislaus,2021-04-11,1516,274194,845,144034,538,119002,133,11158,663,78343,850,101124,797,179467,California
Stanislaus,2021-04-12,3603,277797,2057,146091,1102,120104,444,11602,1874,78974,1695,102819,2326,181793,California
Stanislaus,2021-04-13,5206,283003,3427,149518,1766,121870,13,11615,2921,79662,2238,105057,2926,184719,California
Stanislaus,2021-04-14,4687,287690,3282,152800,1403,123273,2,11617,2290,79601,2358,107415,2297,187016,California
Stanislaus,2021-04-15,5400,293090,3326,156126,2070,125343,4,11621,3238,80726,2118,109533,3243,190259,California
Stanislaus,2021-04-16,4326,297416,992,157118,3333,128676,1,11622,1823,80097,2458,111991,1829,192088,California
Stanislaus,2021-04-17,3169,300585,2133,159251,1036,129712,0,11622,1842,80629,1313,113304,1845,193933,California
Stanislaus,2021-04-18,537,301122,220,159471,315,130027,2,11624,410,80922,120,113424,413,194346,California
Stanislaus,2021-04-19,3464,304586,2450,161921,1013,131040,1,11625,1638,80780,1788,115212,1646,195992,California
Stanislaus,2021-04-20,3973,308559,2409,164330,1564,132604,0,11625,1730,80302,2210,117422,1732,197724,California
Stanislaus,2021-04-21,3834,312393,2559,166889,1274,133878,1,11626,1595,79710,2194,119616,1602,199326,California
Stanislaus,2021-04-22,3960,316353,2414,169303,1546,135424,0,11626,1579,78960,2334,121950,1584,200910,California
Stanislaus,2021-04-23,3600,319953,843,170146,2756,138180,1,11627,1468,78400,2036,123986,1476,202386,California
Stanislaus,2021-04-24,3800,323753,2942,173088,858,139038,0,11627,1798,78222,1981,125967,1803,204189,California
Stanislaus,2021-04-25,941,324694,482,173570,459,139497,0,11627,689,78670,245,126212,693,204882,California
Stanislaus,2021-04-26,3365,328059,2363,175933,996,140493,6,11633,1051,77442,2290,128502,1062,205944,California
Stanislaus,2021-04-27,4040,332099,2803,178736,1189,141682,48,11681,1173,75829,2838,131340,1225,207169,California
Stanislaus,2021-04-28,4263,336362,3026,181762,1175,142857,62,11743,1839,75337,2402,133742,1910,209079,California
Stanislaus,2021-04-29,3643,340005,2261,184023,1334,144191,48,11791,1449,74667,2176,135918,1506,210585,California
Stanislaus,2021-04-30,4501,344506,2041,186064,2376,146567,84,11875,1778,73829,2708,138626,1870,212455,California
Stanislaus,2021-05-01,2708,347214,1927,187991,740,147307,41,11916,1016,73210,1684,140310,1065,213520,California
Stanislaus,2021-05-02,1078,348292,615,188606,425,147732,38,11954,523,73228,549,140859,567,214087,California
Stanislaus,2021-05-03,2411,350703,1925,190531,414,148146,72,12026,909,72723,1489,142348,984,215071,California
Stanislaus,2021-05-04,3473,354176,2473,193004,910,149056,90,12116,1063,71492,2393,144741,1162,216233,California
Stanislaus,2021-05-05,3199,357375,2139,195143,985,150041,75,12191,1086,70568,2088,146829,1164,217397,California
Stanislaus,2021-05-06,3524,360899,2701,197844,699,150740,124,12315,1056,69315,2440,149269,1187,218584,California
Stanislaus,2021-05-07,2317,363216,884,198728,1270,152010,163,12478,942,69057,1364,150633,1106,219690,California
Stanislaus,2021-05-08,1959,365175,1342,200070,584,152594,33,12511,713,68580,1230,151863,753,220443,California
Stanislaus,2021-05-09,713,365888,343,200413,344,152938,26,12537,308,68512,403,152266,335,220778,California
Stanislaus,2021-05-10,1686,367574,1140,201553,449,153387,97,12634,454,67844,1220,153486,552,221330,California
Stanislaus,2021-05-11,2376,369950,1504,203057,713,154100,159,12793,678,67000,1686,155172,842,222172,California
Stanislaus,2021-05-12,2279,372229,1334,204391,836,154936,109,12902,905,66659,1358,156530,1017,223189,California
Stanislaus,2021-05-13,2007,374236,1156,205547,734,155670,117,13019,915,66613,1081,157611,1035,224224,California
Stanislaus,2021-05-14,2616,376852,1164,206711,1316,156986,136,13155,1205,66562,1393,159004,1342,225566,California
Stanislaus,2021-05-15,2480,379332,1767,208478,663,157649,50,13205,1203,66559,1264,160268,1261,226827,California
Stanislaus,2021-05-16,1025,380357,669,209147,348,157997,8,13213,557,66665,463,160731,569,227396,California
Stanislaus,2021-05-17,1928,382285,1292,210439,555,158552,81,13294,922,66673,1000,161731,1008,228404,California
Stanislaus,2021-05-18,2202,384487,1504,211943,584,159136,114,13408,1143,66881,1048,162779,1256,229660,California
Stanislaus,2021-05-19,3027,387514,2064,214007,809,159945,154,13562,1352,66728,1664,164443,1511,231171,California
Stanislaus,2021-05-20,2107,389621,1133,215140,871,160816,103,13665,862,66467,1229,165672,968,232139,California
Stanislaus,2021-05-21,2334,391955,1127,216267,1111,161927,96,13761,958,66163,1361,167033,1057,233196,California
Stanislaus,2021-05-22,1937,393892,1198,217465,670,162597,69,13830,864,66031,1066,168099,934,234130,California
Stanislaus,2021-05-23,1032,394924,665,218130,352,162949,15,13845,488,65995,539,168638,503,234633,California
Stanislaus,2021-05-24,1578,396502,1082,219212,421,163370,75,13920,607,65716,966,169604,687,235320,California
Stanislaus,2021-05-25,1697,398199,1165,220377,435,163805,97,14017,827,65778,865,170469,927,236247,California
Stanislaus,2021-05-26,1888,400087,1183,221560,654,164459,51,14068,902,65754,978,171447,954,237201,California
Stanislaus,2021-05-27,1715,401802,943,222503,697,165156,75,14143,641,65406,1064,172511,716,237917,California
Stanislaus,2021-05-28,1952,403754,887,223390,986,166142,79,14222,858,65256,1086,173597,936,238853,California
Stanislaus,2021-05-29,1310,405064,843,224233,426,166568,41,14263,611,65215,695,174292,654,239507,California
Stanislaus,2021-05-30,453,405517,273,224506,146,166714,34,14297,214,65227,236,174528,248,239755,California
Stanislaus,2021-05-31,259,405776,122,224628,130,166844,7,14304,97,65170,161,174689,104,239859,California
Stanislaus,2021-06-01,1542,407318,972,225600,518,167362,52,14356,617,64923,919,175608,672,240531,California
Stanislaus,2021-06-02,1713,409031,1092,226692,555,167917,66,14422,743,64775,958,176566,810,241341,California
Stanislaus,2021-06-03,1308,410339,772,227464,490,168407,46,14468,523,64575,772,177338,572,241913,California
Stanislaus,2021-06-04,1892,412231,1135,228599,687,169094,70,14538,718,64210,1163,178501,798,242711,California
Stanislaus,2021-06-05,1370,413601,1046,229645,298,169392,26,14564,472,63818,891,179392,499,243210,California
Stanislaus,2021-06-06,502,414103,412,230057,82,169474,8,14572,205,63736,297,179689,215,243425,California
Stanislaus,2021-06-07,1403,415506,1076,231133,282,169756,45,14617,545,63478,849,180538,591,244016,California
Stanislaus,2021-06-08,1799,417305,1356,232489,373,170129,70,14687,654,63071,1132,181670,725,244741,California
Stanislaus,2021-06-09,1729,419034,1221,233710,430,170559,78,14765,568,62562,1156,182826,647,245388,California
Stanislaus,2021-06-10,1332,420366,837,234547,437,170996,58,14823,544,62386,779,183605,603,245991,California
Stanislaus,2021-06-11,1401,421767,823,235370,529,171525,49,14872,521,62096,865,184470,575,246566,California
Stanislaus,2021-06-12,992,422759,718,236088,251,171776,23,14895,362,61863,623,185093,390,246956,California
Stanislaus,2021-06-13,514,423273,378,236466,130,171906,6,14901,167,61695,345,185438,177,247133,California
Stanislaus,2021-06-14,965,424238,658,237124,284,172190,23,14924,343,61448,613,186051,366,247499,California
Stanislaus,2021-06-15,1521,425759,1097,238221,385,172575,39,14963,516,61004,1001,187052,557,248056,California
Stanislaus,2021-06-16,1107,426866,806,239027,248,172823,53,15016,364,60678,742,187794,416,248472,California
Sutter,2020-12-15,1,1,1,1,0,0,0,0,1,1,0,0,1,1,California
Sutter,2020-12-16,4,5,4,5,0,0,0,0,4,5,0,0,4,5,California
Sutter,2020-12-17,2,7,2,7,0,0,0,0,2,7,0,0,2,7,California
Sutter,2020-12-18,21,28,21,28,0,0,0,0,21,28,0,0,21,28,California
Sutter,2020-12-19,44,72,44,72,0,0,0,0,44,72,0,0,44,72,California
Sutter,2020-12-20,43,115,43,115,0,0,0,0,43,115,0,0,43,115,California
Sutter,2020-12-21,100,215,100,215,0,0,0,0,100,215,0,0,100,215,California
Sutter,2020-12-22,171,386,171,386,0,0,0,0,171,386,0,0,171,386,California
Sutter,2020-12-23,117,503,112,498,5,5,0,0,117,503,0,0,117,503,California
Sutter,2020-12-24,17,520,11,509,6,11,0,0,17,520,0,0,17,520,California
Sutter,2020-12-26,38,558,34,543,4,15,0,0,38,558,0,0,38,558,California
Sutter,2020-12-27,24,582,23,566,1,16,0,0,24,582,0,0,24,582,California
Sutter,2020-12-28,84,666,56,622,28,44,0,0,84,666,0,0,84,666,California
Sutter,2020-12-29,103,769,14,636,89,133,0,0,103,769,0,0,103,769,California
Sutter,2020-12-30,137,906,34,670,103,236,0,0,137,906,0,0,137,906,California
Sutter,2020-12-31,68,974,6,676,62,298,0,0,68,974,0,0,68,974,California
Sutter,2021-01-01,3,977,3,679,0,298,0,0,3,977,0,0,3,977,California
Sutter,2021-01-02,131,1108,129,808,2,300,0,0,131,1108,0,0,131,1108,California
Sutter,2021-01-03,1,1109,0,808,1,301,0,0,1,1109,0,0,1,1109,California
Sutter,2021-01-04,247,1356,138,946,109,410,0,0,247,1356,0,0,247,1356,California
Sutter,2021-01-05,100,1456,57,1003,43,453,0,0,97,1450,3,3,97,1453,California
Sutter,2021-01-06,204,1660,50,1053,154,607,0,0,199,1644,5,8,199,1652,California
Sutter,2021-01-07,253,1913,151,1204,102,709,0,0,244,1880,8,16,244,1896,California
Sutter,2021-01-08,151,2064,41,1245,110,819,0,0,133,1995,18,34,133,2029,California
Sutter,2021-01-09,44,2108,43,1288,1,820,0,0,3,1957,41,75,3,2032,California
Sutter,2021-01-10,396,2504,37,1325,359,1179,0,0,358,2278,37,112,358,2390,California
Sutter,2021-01-11,133,2637,116,1441,17,1196,0,0,25,2195,108,220,25,2415,California
Sutter,2021-01-12,200,2837,163,1604,37,1233,0,0,58,2111,142,362,58,2473,California
Sutter,2021-01-13,165,3002,101,1705,64,1297,0,0,73,2093,91,453,73,2546,California
Sutter,2021-01-14,146,3148,51,1756,95,1392,0,0,127,2201,19,472,127,2673,California
Sutter,2021-01-15,438,3586,132,1888,306,1698,0,0,423,2609,15,487,423,3096,California
Sutter,2021-01-16,385,3971,41,1929,344,2042,0,0,355,2934,30,517,355,3451,California
Sutter,2021-01-17,27,3998,24,1953,3,2045,0,0,11,2929,16,533,11,3462,California
Sutter,2021-01-18,120,4118,64,2017,56,2101,0,0,71,2951,49,582,71,3533,California
Sutter,2021-01-19,105,4223,42,2059,63,2164,0,0,81,3008,24,606,81,3614,California
Sutter,2021-01-20,271,4494,208,2267,63,2227,0,0,251,3239,20,626,251,3865,California
Sutter,2021-01-21,491,4985,319,2586,172,2399,0,0,472,3692,19,645,472,4337,California
Sutter,2021-01-22,244,5229,54,2640,190,2589,0,0,234,3917,9,654,234,4571,California
Sutter,2021-01-23,398,5627,39,2679,359,2948,0,0,372,4263,26,680,372,4943,California
Sutter,2021-01-24,16,5643,14,2693,2,2950,0,0,14,4275,2,682,14,4957,California
Sutter,2021-01-25,309,5952,196,2889,113,3063,0,0,153,4274,155,837,154,5111,California
Sutter,2021-01-26,249,6201,107,2996,142,3205,0,0,143,4312,105,942,143,5254,California
Sutter,2021-01-27,388,6589,256,3252,132,3337,0,0,322,4568,66,1008,322,5576,California
Sutter,2021-01-28,586,7175,361,3613,225,3562,0,0,411,4805,174,1182,411,5987,California
Sutter,2021-01-29,364,7539,85,3698,279,3841,0,0,245,4931,119,1301,245,6232,California
Sutter,2021-01-30,783,8322,38,3736,745,4586,0,0,772,5692,11,1312,772,7004,California
Sutter,2021-01-31,27,8349,26,3762,1,4587,0,0,27,5719,0,1312,27,7031,California
Sutter,2021-02-01,170,8519,51,3813,119,4706,0,0,137,5824,32,1344,137,7168,California
Sutter,2021-02-02,241,8760,24,3837,217,4923,0,0,208,5999,33,1377,208,7376,California
Sutter,2021-02-03,447,9207,39,3876,408,5331,0,0,212,5977,234,1611,212,7588,California
Sutter,2021-02-04,677,9884,365,4241,312,5643,0,0,624,6548,53,1664,624,8212,California
Sutter,2021-02-05,291,10175,32,4273,259,5902,0,0,140,6537,151,1815,140,8352,California
Sutter,2021-02-06,738,10913,30,4303,708,6610,0,0,718,7235,20,1835,718,9070,California
Sutter,2021-02-07,23,10936,19,4322,4,6614,0,0,19,7250,4,1839,19,9089,California
Sutter,2021-02-08,134,11070,29,4351,105,6719,0,0,99,7314,35,1874,99,9188,California
Sutter,2021-02-09,247,11317,45,4396,202,6921,0,0,185,7437,62,1936,185,9373,California
Sutter,2021-02-10,821,12138,383,4779,438,7359,0,0,179,6975,641,2577,179,9552,California
Sutter,2021-02-11,602,12740,270,5049,332,7691,0,0,343,7059,259,2836,343,9895,California
Sutter,2021-02-12,639,13379,67,5116,572,8263,0,0,312,7045,326,3162,312,10207,California
Sutter,2021-02-13,905,14284,48,5164,857,9120,0,0,789,7718,116,3278,789,10996,California
Sutter,2021-02-14,96,14380,26,5190,70,9190,0,0,84,7790,12,3290,84,11080,California
Sutter,2021-02-15,204,14584,73,5263,131,9321,0,0,124,7834,80,3370,124,11204,California
Sutter,2021-02-16,291,14875,45,5308,246,9567,0,0,207,7958,83,3453,207,11411,California
Sutter,2021-02-17,827,15702,430,5738,397,9964,0,0,132,7396,694,4147,132,11543,California
Sutter,2021-02-18,709,16411,58,5796,651,10615,0,0,494,7676,214,4361,494,12037,California
Sutter,2021-02-19,667,17078,379,6175,288,10903,0,0,463,7937,202,4563,463,12500,California
Sutter,2021-02-20,624,17702,56,6231,568,11471,0,0,520,8354,103,4666,520,13020,California
Sutter,2021-02-21,28,17730,26,6257,2,11473,0,0,8,8342,20,4686,8,13028,California
Sutter,2021-02-22,210,17940,123,6380,87,11560,0,0,89,8310,121,4807,89,13117,California
Sutter,2021-02-23,222,18162,32,6412,190,11750,0,0,97,8283,124,4931,97,13214,California
Sutter,2021-02-24,974,19136,348,6760,626,12376,0,0,198,7706,775,5706,198,13412,California
Sutter,2021-02-25,792,19928,502,7262,290,12666,0,0,608,8133,181,5887,608,14020,California
Sutter,2021-02-26,379,20307,62,7324,317,12983,0,0,156,8068,221,6108,156,14176,California
Sutter,2021-02-27,878,21185,48,7372,830,13813,0,0,714,8618,164,6272,714,14890,California
Sutter,2021-02-28,88,21273,44,7416,44,13857,0,0,68,8667,19,6291,68,14958,California
Sutter,2021-03-01,250,21523,61,7477,189,14046,0,0,153,8723,97,6388,153,15111,California
Sutter,2021-03-02,339,21862,60,7537,279,14325,0,0,163,8712,174,6562,163,15274,California
Sutter,2021-03-03,1404,23266,531,8068,873,15198,0,0,660,8634,738,7300,660,15934,California
Sutter,2021-03-04,1262,24528,863,8931,399,15597,0,0,950,9276,308,7608,950,16884,California
Sutter,2021-03-05,339,24867,79,9010,259,15856,1,1,209,9356,130,7738,210,17094,California
Sutter,2021-03-06,1028,25895,49,9059,974,16830,5,6,861,10055,167,7905,866,17960,California
Sutter,2021-03-07,65,25960,23,9082,41,16871,1,7,43,10077,22,7927,44,18004,California
Sutter,2021-03-08,229,26189,80,9162,137,17008,12,19,159,10178,70,7997,171,18175,California
Sutter,2021-03-09,391,26580,140,9302,238,17246,13,32,188,10176,203,8200,201,18376,California
Sutter,2021-03-10,1583,28163,684,9986,836,18082,63,95,526,9712,1053,9253,589,18965,California
Sutter,2021-03-11,894,29057,443,10429,434,18516,17,112,648,10134,243,9496,665,19630,California
Sutter,2021-03-12,684,29741,112,10541,388,18904,184,296,202,10038,479,9975,383,20013,California
Sutter,2021-03-13,1001,30742,756,11297,227,19131,18,314,787,10630,212,10187,804,20817,California
Sutter,2021-03-14,135,30877,22,11319,102,19233,11,325,45,10596,90,10277,56,20873,California
Sutter,2021-03-15,330,31207,68,11387,213,19446,49,374,156,10629,172,10449,205,21078,California
Sutter,2021-03-16,396,31603,86,11473,263,19709,47,421,214,10707,182,10631,260,21338,California
Sutter,2021-03-17,1501,33104,562,12035,917,20626,22,443,314,9864,1178,11809,335,21673,California
Sutter,2021-03-18,971,34075,176,12211,595,21221,200,643,566,10226,403,12212,765,22438,California
Sutter,2021-03-19,463,34538,164,12375,270,21491,29,672,284,10362,177,12389,313,22751,California
Sutter,2021-03-20,949,35487,116,12491,822,22313,11,683,857,11139,91,12480,868,23619,California
Sutter,2021-03-21,70,35557,49,12540,18,22331,3,686,32,11136,38,12518,35,23654,California
Sutter,2021-03-22,290,35847,120,12660,143,22474,27,713,212,11298,77,12595,239,23893,California
Sutter,2021-03-23,375,36222,115,12775,228,22702,32,745,253,11461,121,12716,284,24177,California
Sutter,2021-03-24,1687,37909,769,13544,848,23550,70,815,315,10489,1357,14073,385,24562,California
Sutter,2021-03-25,1046,38955,682,14226,320,23870,44,859,369,10228,674,14747,413,24975,California
Sutter,2021-03-26,498,39453,177,14403,304,24174,17,876,296,10342,199,14946,313,25288,California
Sutter,2021-03-27,927,40380,63,14466,862,25036,2,878,816,11053,107,15053,818,26106,California
Sutter,2021-03-28,124,40504,71,14537,53,25089,0,878,77,11085,45,15098,77,26183,California
Sutter,2021-03-29,426,40930,143,14680,227,25316,56,934,223,11163,201,15299,279,26462,California
Sutter,2021-03-30,479,41409,161,14841,308,25624,10,944,318,11330,161,15460,328,26790,California
Sutter,2021-03-31,1259,42668,180,15021,1064,26688,15,959,444,10986,802,16262,458,27248,California
Sutter,2021-04-01,1390,44058,741,15762,461,27149,188,1147,428,10647,954,17216,615,27863,California
Sutter,2021-04-02,520,44578,103,15865,299,27448,118,1265,206,10655,312,17528,320,28183,California
Sutter,2021-04-03,917,45495,79,15944,210,27658,628,1893,122,10613,791,18319,749,28932,California
Sutter,2021-04-04,117,45612,22,15966,89,27747,6,1899,54,10610,63,18382,60,28992,California
Sutter,2021-04-05,370,45982,145,16111,189,27936,36,1935,178,10635,189,18571,214,29206,California
Sutter,2021-04-06,514,46496,199,16310,259,28195,56,1991,276,10730,237,18808,332,29538,California
Sutter,2021-04-07,1487,47983,889,17199,522,28717,76,2067,611,10550,867,19675,687,30225,California
Sutter,2021-04-08,1052,49035,583,17782,355,29072,114,2181,581,10775,468,20143,693,30918,California
Sutter,2021-04-09,573,49608,249,18031,259,29331,65,2246,241,10753,328,20471,306,31224,California
Sutter,2021-04-10,833,50441,109,18140,93,29424,631,2877,112,10771,717,21188,735,31959,California
Sutter,2021-04-11,115,50556,28,18168,41,29465,46,2923,34,10769,81,21269,79,32038,California
Sutter,2021-04-12,347,50903,95,18263,199,29664,53,2976,141,10759,204,21473,194,32232,California
Sutter,2021-04-13,437,51340,129,18392,308,29972,0,2976,215,10754,220,21693,215,32447,California
Sutter,2021-04-14,1330,52670,161,18553,1168,31140,1,2977,225,9885,1098,22791,229,32676,California
Sutter,2021-04-15,539,53209,172,18725,367,31507,0,2977,215,9780,321,23112,216,32892,California
Sutter,2021-04-16,400,53609,125,18850,275,31782,0,2977,186,9754,213,23325,187,33079,California
Sutter,2021-04-17,578,54187,83,18933,495,32277,0,2977,507,10191,70,23395,507,33586,California
Sutter,2021-04-18,70,54257,12,18945,58,32335,0,2977,42,10207,26,23421,42,33628,California
Sutter,2021-04-19,290,54547,110,19055,180,32515,0,2977,120,10159,168,23589,120,33748,California
Sutter,2021-04-20,411,54958,134,19189,277,32792,0,2977,203,10154,208,23797,203,33951,California
Sutter,2021-04-21,1236,56194,420,19609,816,33608,0,2977,476,9880,750,24547,476,34427,California
Sutter,2021-04-22,499,56693,163,19772,336,33944,0,2977,253,9889,244,24791,253,34680,California
Sutter,2021-04-23,402,57095,119,19891,283,34227,0,2977,186,9861,214,25005,186,34866,California
Sutter,2021-04-24,329,57424,107,19998,221,34448,1,2978,187,9907,141,25146,187,35053,California
Sutter,2021-04-25,158,57582,76,20074,82,34530,0,2978,87,9925,69,25215,87,35140,California
Sutter,2021-04-26,305,57887,89,20163,214,34744,2,2980,133,9890,170,25385,135,35275,California
Sutter,2021-04-27,539,58426,265,20428,270,35014,4,2984,250,9859,285,25670,254,35529,California
Sutter,2021-04-28,814,59240,342,20770,464,35478,8,2992,254,9566,555,26225,262,35791,California
Sutter,2021-04-29,778,60018,140,20910,637,36115,1,2993,312,9416,463,26688,313,36104,California
Sutter,2021-04-30,362,60380,110,21020,239,36354,13,3006,146,9361,213,26901,158,36262,California
Sutter,2021-05-01,296,60676,106,21126,150,36504,40,3046,128,9364,165,27066,168,36430,California
Sutter,2021-05-02,82,60758,54,21180,26,36530,2,3048,46,9376,36,27102,48,36478,California
Sutter,2021-05-03,220,60978,111,21291,100,36630,9,3057,88,9341,132,27234,97,36575,California
Sutter,2021-05-04,541,61519,237,21528,240,36870,64,3121,225,9316,313,27547,288,36863,California
Sutter,2021-05-05,534,62053,143,21671,383,37253,8,3129,155,9106,373,27920,163,37026,California
Sutter,2021-05-06,426,62479,228,21899,179,37432,19,3148,191,9081,234,28154,209,37235,California
Sutter,2021-05-07,412,62891,145,22044,246,37678,21,3169,154,9000,256,28410,175,37410,California
Sutter,2021-05-08,196,63087,50,22094,141,37819,5,3174,106,9021,90,28500,111,37521,California
Sutter,2021-05-09,82,63169,53,22147,24,37843,5,3179,56,9056,26,28526,61,37582,California
Sutter,2021-05-10,190,63359,42,22189,130,37973,18,3197,48,8982,140,28666,66,37648,California
Sutter,2021-05-11,447,63806,219,22408,207,38180,21,3218,184,8927,258,28924,203,37851,California
Sutter,2021-05-12,442,64248,242,22650,189,38369,11,3229,162,8824,276,29200,173,38024,California
Sutter,2021-05-13,486,64734,262,22912,202,38571,22,3251,200,8762,284,29484,222,38246,California
Sutter,2021-05-14,438,65172,188,23100,234,38805,16,3267,215,8775,218,29702,231,38477,California
Sutter,2021-05-15,843,66015,308,23408,504,39309,31,3298,308,8580,534,30236,339,38816,California
Sutter,2021-05-16,139,66154,83,23491,48,39357,8,3306,75,8600,63,30299,83,38899,California
Sutter,2021-05-17,293,66447,116,23607,163,39520,14,3320,155,8632,137,30436,169,39068,California
Sutter,2021-05-18,545,66992,313,23920,227,39747,5,3325,300,8695,242,30678,305,39373,California
Sutter,2021-05-19,465,67457,267,24187,191,39938,7,3332,246,8732,216,30894,253,39626,California
Sutter,2021-05-20,458,67915,240,24427,206,40144,12,3344,225,8739,230,31124,237,39863,California
Sutter,2021-05-21,490,68405,221,24648,257,40401,12,3356,236,8735,251,31375,247,40110,California
Sutter,2021-05-22,365,68770,200,24848,162,40563,3,3359,184,8745,176,31551,186,40296,California
Sutter,2021-05-23,181,68951,85,24933,87,40650,9,3368,92,8763,83,31634,101,40397,California
Sutter,2021-05-24,240,69191,88,25021,129,40779,23,3391,100,8748,138,31772,123,40520,California
Sutter,2021-05-25,400,69591,195,25216,192,40971,13,3404,166,8697,229,32001,178,40698,California
Sutter,2021-05-26,318,69909,157,25373,152,41123,9,3413,118,8628,196,32197,127,40825,California
Sutter,2021-05-27,433,70342,115,25488,298,41421,20,3433,125,8469,304,32501,145,40970,California
Sutter,2021-05-28,338,70680,164,25652,157,41578,17,3450,179,8511,154,32655,196,41166,California
Sutter,2021-05-29,252,70932,118,25770,119,41697,15,3465,139,8556,109,32764,154,41320,California
Sutter,2021-05-30,85,71017,61,25831,21,41718,3,3468,50,8575,34,32798,53,41373,California
Sutter,2021-05-31,19,71036,2,25833,13,41731,4,3472,5,8570,14,32812,9,41382,California
Sutter,2021-06-01,308,71344,133,25966,167,41898,8,3480,127,8525,180,32992,135,41517,California
Sutter,2021-06-02,281,71625,120,26086,155,42053,6,3486,111,8477,165,33157,117,41634,California
Sutter,2021-06-03,340,71965,225,26311,106,42159,9,3495,118,8388,216,33373,127,41761,California
Sutter,2021-06-04,339,72304,197,26508,135,42294,7,3502,120,8300,215,33588,127,41888,California
Sutter,2021-06-05,436,72740,366,26874,66,42360,4,3506,155,8183,276,33864,159,42047,California
Sutter,2021-06-06,137,72877,118,26992,16,42376,3,3509,57,8165,78,33942,60,42107,California
Sutter,2021-06-07,163,73040,106,27098,48,42424,9,3518,56,8124,106,34048,65,42172,California
Sutter,2021-06-08,366,73406,206,27304,148,42572,12,3530,158,8088,206,34254,170,42342,California
Sutter,2021-06-09,364,73770,234,27538,125,42697,5,3535,127,7985,235,34489,132,42474,California
Sutter,2021-06-10,383,74153,277,27815,97,42794,9,3544,152,7919,227,34716,161,42635,California
Sutter,2021-06-11,333,74486,214,28029,114,42908,5,3549,109,7814,219,34935,114,42749,California
Sutter,2021-06-12,237,74723,164,28193,57,42965,16,3565,66,7725,171,35106,82,42831,California
Sutter,2021-06-13,82,74805,65,28258,17,42982,0,3565,24,7692,57,35163,24,42855,California
Sutter,2021-06-14,108,74913,32,28290,68,43050,8,3573,35,7663,72,35235,43,42898,California
Sutter,2021-06-15,274,75187,149,28439,113,43163,12,3585,96,7597,174,35409,108,43006,California
Sutter,2021-06-16,66,75253,28,28467,35,43198,3,3588,31,7596,35,35444,34,43040,California
Tehama,2020-12-16,4,4,4,4,0,0,0,0,4,4,0,0,4,4,California
Tehama,2020-12-17,17,21,17,21,0,0,0,0,17,21,0,0,17,21,California
Tehama,2020-12-18,4,25,4,25,0,0,0,0,5,26,0,0,5,26,California
Tehama,2020-12-21,43,68,43,68,0,0,0,0,43,69,0,0,43,69,California
Tehama,2020-12-22,76,144,70,138,6,6,0,0,76,145,0,0,76,145,California
Tehama,2020-12-23,52,196,44,182,8,14,0,0,52,197,0,0,52,197,California
Tehama,2020-12-24,5,201,3,185,2,16,0,0,5,202,0,0,5,202,California
Tehama,2020-12-26,4,205,3,188,1,17,0,0,4,206,0,0,4,206,California
Tehama,2020-12-27,2,207,2,190,0,17,0,0,2,208,0,0,2,208,California
Tehama,2020-12-28,59,266,46,236,13,30,0,0,59,267,0,0,59,267,California
Tehama,2020-12-29,40,306,40,276,0,30,0,0,40,307,0,0,40,307,California
Tehama,2020-12-30,61,367,43,319,18,48,0,0,60,367,0,0,60,367,California
Tehama,2020-12-31,14,381,4,323,10,58,0,0,14,381,0,0,14,381,California
Tehama,2021-01-01,2,383,0,323,2,60,0,0,2,383,0,0,2,383,California
Tehama,2021-01-04,45,428,14,337,31,91,0,0,45,428,0,0,45,428,California
Tehama,2021-01-05,75,503,46,383,29,120,0,0,70,493,5,5,70,498,California
Tehama,2021-01-06,81,584,29,412,52,172,0,0,68,549,12,17,68,566,California
Tehama,2021-01-07,60,644,7,419,53,225,0,0,59,607,1,18,59,625,California
Tehama,2021-01-08,39,683,28,447,11,236,0,0,32,632,7,25,32,657,California
Tehama,2021-01-09,7,690,5,452,2,238,0,0,6,637,1,26,6,663,California
Tehama,2021-01-10,1,691,0,452,1,239,0,0,1,638,0,26,1,664,California
Tehama,2021-01-11,59,750,52,504,7,246,0,0,20,619,39,65,20,684,California
Tehama,2021-01-12,147,897,127,631,20,266,0,0,93,658,54,119,93,777,California
Tehama,2021-01-13,84,981,60,691,24,290,0,0,34,642,50,169,34,811,California
Tehama,2021-01-14,239,1220,50,741,189,479,0,0,237,877,2,171,237,1048,California
Tehama,2021-01-15,282,1502,76,817,206,685,0,0,278,1151,4,175,278,1326,California
Tehama,2021-01-16,273,1775,20,837,253,938,0,0,270,1418,3,178,270,1596,California
Tehama,2021-01-17,6,1781,2,839,4,942,0,0,4,1420,2,180,4,1600,California
Tehama,2021-01-18,14,1795,7,846,7,949,0,0,8,1422,6,186,8,1608,California
Tehama,2021-01-19,306,2101,75,921,231,1180,0,0,244,1604,62,248,244,1852,California
Tehama,2021-01-20,331,2432,99,1020,232,1412,0,0,276,1826,54,302,276,2128,California
Tehama,2021-01-21,241,2673,19,1039,222,1634,0,0,226,2037,15,317,226,2354,California
Tehama,2021-01-22,244,2917,21,1060,223,1857,0,0,241,2275,3,320,241,2595,California
Tehama,2021-01-23,267,3184,7,1067,260,2117,0,0,266,2540,1,321,266,2861,California
Tehama,2021-01-24,3,3187,1,1068,2,2119,0,0,3,2543,0,321,3,2864,California
Tehama,2021-01-25,43,3230,19,1087,24,2143,0,0,21,2542,22,343,21,2885,California
Tehama,2021-01-26,350,3580,44,1131,306,2449,0,0,312,2816,38,381,312,3197,California
Tehama,2021-01-27,332,3912,24,1155,308,2757,0,0,309,3102,23,404,309,3506,California
Tehama,2021-01-28,366,4278,39,1194,327,3084,0,0,346,3428,20,424,346,3852,California
Tehama,2021-01-29,351,4629,23,1217,328,3412,0,0,332,3741,19,443,332,4184,California
Tehama,2021-01-30,112,4741,2,1219,110,3522,0,0,111,3851,1,444,111,4295,California
Tehama,2021-01-31,1,4742,0,1219,1,3523,0,0,1,3852,0,444,1,4296,California
Tehama,2021-02-01,84,4826,22,1241,62,3585,0,0,37,3842,47,491,37,4333,California
Tehama,2021-02-02,368,5194,70,1311,298,3883,0,0,269,4012,99,590,269,4602,California
Tehama,2021-02-03,431,5625,16,1327,415,4298,0,0,379,4339,52,642,379,4981,California
Tehama,2021-02-04,522,6147,104,1431,418,4716,0,0,437,4692,85,727,438,5419,California
Tehama,2021-02-05,195,6342,75,1506,120,4836,0,0,130,4757,65,792,130,5549,California
Tehama,2021-02-06,37,6379,15,1521,22,4858,0,0,25,4770,12,804,25,5574,California
Tehama,2021-02-07,5,6384,4,1525,1,4859,0,0,2,4769,3,807,2,5576,California
Tehama,2021-02-08,48,6432,14,1539,34,4893,0,0,33,4787,15,822,33,5609,California
Tehama,2021-02-09,93,6525,45,1584,48,4941,0,0,51,4796,42,864,51,5660,California
Tehama,2021-02-10,253,6778,70,1654,183,5124,0,0,163,4869,90,954,163,5823,California
Tehama,2021-02-11,242,7020,18,1672,224,5348,0,0,91,4811,149,1103,91,5914,California
Tehama,2021-02-12,405,7425,78,1750,327,5675,0,0,188,4782,217,1320,188,6102,California
Tehama,2021-02-13,409,7834,17,1767,392,6067,0,0,162,4697,247,1567,162,6264,California
Tehama,2021-02-14,37,7871,2,1769,35,6102,0,0,34,4728,3,1570,34,6298,California
Tehama,2021-02-15,62,7933,10,1779,52,6154,0,0,54,4774,8,1578,54,6352,California
Tehama,2021-02-16,259,8192,21,1800,238,6392,0,0,70,4655,189,1767,70,6422,California
Tehama,2021-02-17,310,8502,19,1819,291,6683,0,0,61,4467,249,2016,61,6483,California
Tehama,2021-02-18,387,8889,34,1853,353,7036,0,0,147,4374,240,2256,147,6630,California
Tehama,2021-02-19,236,9125,26,1879,210,7246,0,0,50,4238,186,2442,50,6680,California
Tehama,2021-02-20,287,9412,9,1888,278,7524,0,0,33,4017,254,2696,33,6713,California
Tehama,2021-02-21,4,9416,1,1889,3,7527,0,0,2,4017,2,2698,2,6715,California
Tehama,2021-02-22,45,9461,15,1904,30,7557,0,0,27,4026,18,2716,27,6742,California
Tehama,2021-02-23,54,9515,23,1927,31,7588,0,0,27,4026,27,2743,27,6769,California
Tehama,2021-02-24,339,9854,25,1952,314,7902,0,0,37,3761,302,3045,37,6806,California
Tehama,2021-02-25,399,10253,60,2012,339,8241,0,0,42,3446,357,3402,42,6848,California
Tehama,2021-02-26,487,10740,21,2033,466,8707,0,0,76,3111,411,3813,76,6924,California
Tehama,2021-02-27,324,11064,6,2039,318,9025,0,0,36,2859,288,4101,36,6960,California
Tehama,2021-02-28,23,11087,2,2041,21,9046,0,0,20,2876,3,4104,20,6980,California
Tehama,2021-03-01,67,11154,7,2048,60,9106,0,0,32,2873,35,4139,32,7012,California
Tehama,2021-03-02,159,11313,21,2069,138,9244,0,0,34,2783,124,4263,34,7046,California
Tehama,2021-03-03,169,11482,33,2102,136,9380,0,0,55,2724,114,4377,55,7101,California
Tehama,2021-03-04,706,12188,57,2159,649,10029,0,0,247,2519,452,4829,247,7348,California
Tehama,2021-03-05,433,12621,24,2183,409,10438,0,0,226,2539,206,5035,226,7574,California
Tehama,2021-03-06,327,12948,18,2201,307,10745,2,2,87,2390,239,5274,90,7664,California
Tehama,2021-03-07,6,12954,1,2202,5,10750,0,2,4,2393,1,5275,4,7668,California
Tehama,2021-03-08,66,13020,11,2213,39,10789,16,18,26,2396,39,5314,42,7710,California
Tehama,2021-03-09,397,13417,13,2226,361,11150,23,41,336,2694,61,5375,359,8069,California
Tehama,2021-03-10,367,13784,21,2247,325,11475,21,62,74,2497,292,5667,95,8164,California
Tehama,2021-03-11,538,14322,24,2271,455,11930,59,121,375,2768,163,5830,434,8598,California
Tehama,2021-03-12,336,14658,28,2299,237,12167,71,192,195,2893,141,5971,266,8864,California
Tehama,2021-03-13,56,14714,9,2308,39,12206,8,200,8,2861,48,6019,16,8880,California
Tehama,2021-03-14,62,14776,3,2311,50,12256,9,209,20,2848,42,6061,29,8909,California
Tehama,2021-03-15,167,14943,22,2333,120,12376,25,234,86,2878,81,6142,111,9020,California
Tehama,2021-03-16,444,15387,19,2352,387,12763,38,272,337,3147,106,6248,375,9395,California
Tehama,2021-03-17,463,15850,31,2383,401,13164,31,303,376,3469,85,6333,407,9802,California
Tehama,2021-03-18,521,16371,36,2419,460,13624,25,328,337,3649,182,6515,362,10164,California
Tehama,2021-03-19,342,16713,27,2446,302,13926,13,341,298,3916,44,6559,311,10475,California
Tehama,2021-03-20,53,16766,15,2461,33,13959,5,346,36,3940,17,6576,41,10516,California
Tehama,2021-03-21,12,16778,5,2466,7,13966,0,346,12,3952,0,6576,12,10528,California
Tehama,2021-03-22,101,16879,10,2476,74,14040,17,363,56,3980,45,6621,73,10601,California
Tehama,2021-03-23,103,16982,33,2509,62,14102,8,371,76,4037,27,6648,84,10685,California
Tehama,2021-03-24,94,17076,16,2525,75,14177,3,374,60,4066,34,6682,63,10748,California
Tehama,2021-03-25,557,17633,386,2911,158,14335,13,387,505,4534,50,6732,518,11266,California
Tehama,2021-03-26,558,18191,438,3349,108,14443,12,399,473,4937,82,6814,485,11751,California
Tehama,2021-03-27,504,18695,395,3744,76,14519,33,432,427,5321,76,6890,460,12211,California
Tehama,2021-03-28,40,18735,15,3759,25,14544,0,432,24,5329,16,6906,24,12235,California
Tehama,2021-03-29,129,18864,30,3789,97,14641,2,434,82,5366,46,6952,83,12318,California
Tehama,2021-03-30,411,19275,246,4035,163,14804,2,436,276,5509,135,7087,278,12596,California
Tehama,2021-03-31,422,19697,314,4349,105,14909,3,439,340,5770,81,7168,342,12938,California
Tehama,2021-04-01,558,20255,267,4616,285,15194,6,445,418,6055,139,7307,424,13362,California
Tehama,2021-04-02,489,20744,234,4850,247,15441,8,453,296,6165,193,7500,303,13665,California
Tehama,2021-04-03,73,20817,7,4857,59,15500,7,460,37,6173,36,7536,44,13709,California
Tehama,2021-04-04,39,20856,8,4865,28,15528,3,463,25,6187,14,7550,28,13737,California
Tehama,2021-04-05,128,20984,22,4887,74,15602,32,495,65,6221,63,7613,97,13834,California
Tehama,2021-04-06,537,21521,117,5004,359,15961,61,556,147,6039,390,8003,208,14042,California
Tehama,2021-04-07,448,21969,304,5308,93,16054,51,607,323,6287,124,8127,372,14414,California
Tehama,2021-04-08,647,22616,190,5498,415,16469,42,649,242,6167,404,8531,284,14698,California
Tehama,2021-04-09,476,23092,219,5717,218,16687,39,688,238,6207,237,8768,277,14975,California
Tehama,2021-04-10,99,23191,23,5740,42,16729,34,722,50,6243,48,8816,84,15059,California
Tehama,2021-04-11,45,23236,9,5749,25,16754,11,733,10,6229,35,8851,21,15080,California
Tehama,2021-04-12,119,23355,6,5755,91,16845,22,755,43,6218,76,8927,65,15145,California
Tehama,2021-04-13,417,23772,74,5829,343,17188,0,755,70,5941,347,9274,70,15215,California
Tehama,2021-04-14,428,24200,55,5884,373,17561,0,755,51,5617,375,9649,51,15266,California
Tehama,2021-04-15,545,24745,204,6088,341,17902,0,755,82,5237,463,10112,83,15349,California
Tehama,2021-04-16,659,25404,381,6469,278,18180,0,755,89,4756,570,10682,89,15438,California
Tehama,2021-04-17,380,25784,291,6760,89,18269,0,755,52,4482,327,11009,53,15491,California
Tehama,2021-04-18,19,25803,5,6765,14,18283,0,755,13,4489,6,11015,13,15504,California
Tehama,2021-04-19,102,25905,7,6772,95,18378,0,755,43,4473,59,11074,43,15547,California
Tehama,2021-04-20,571,26476,473,7245,98,18476,0,755,164,4235,404,11478,166,15713,California
Tehama,2021-04-21,530,27006,451,7696,79,18555,0,755,171,4049,357,11835,171,15884,California
Tehama,2021-04-22,547,27553,386,8082,161,18716,0,755,154,3813,390,12225,154,16038,California
Tehama,2021-04-23,478,28031,370,8452,108,18824,0,755,209,3755,268,12493,210,16248,California
Tehama,2021-04-24,112,28143,21,8473,91,18915,0,755,27,3697,85,12578,27,16275,California
Tehama,2021-04-25,30,28173,19,8492,11,18926,0,755,10,3687,20,12598,10,16285,California
Tehama,2021-04-26,94,28267,12,8504,82,19008,0,755,53,3699,41,12639,53,16338,California
Tehama,2021-04-27,270,28537,218,8722,50,19058,2,757,101,3633,169,12808,103,16441,California
Tehama,2021-04-28,421,28958,342,9064,60,19118,19,776,71,3373,350,13158,90,16531,California
Tehama,2021-04-29,385,29343,182,9246,196,19314,7,783,75,3146,309,13467,82,16613,California
Tehama,2021-04-30,366,29709,270,9516,89,19403,7,790,128,3043,238,13705,135,16748,California
Tehama,2021-05-01,77,29786,4,9520,67,19470,6,796,14,3000,63,13768,20,16768,California
Tehama,2021-05-02,46,29832,24,9544,10,19480,12,808,26,3018,20,13788,38,16806,California
Tehama,2021-05-03,125,29957,40,9584,76,19556,9,817,65,3032,60,13848,74,16880,California
Tehama,2021-05-04,168,30125,58,9642,101,19657,9,826,70,3013,98,13946,79,16959,California
Tehama,2021-05-05,92,30217,25,9667,57,19714,10,836,41,3013,51,13997,51,17010,California
Tehama,2021-05-06,175,30392,96,9763,62,19776,17,853,108,3071,67,14064,125,17135,California
Tehama,2021-05-07,192,30584,81,9844,99,19875,12,865,54,3001,136,14200,66,17201,California
Tehama,2021-05-08,54,30638,8,9852,44,19919,2,867,15,2979,39,14239,17,17218,California
Tehama,2021-05-09,18,30656,4,9856,14,19933,0,867,8,2977,10,14249,8,17226,California
Tehama,2021-05-10,84,30740,6,9862,69,20002,9,876,39,2980,44,14293,47,17273,California
Tehama,2021-05-11,183,30923,130,9992,40,20042,13,889,33,2876,150,14443,46,17319,California
Tehama,2021-05-12,215,31138,137,10129,68,20110,10,899,49,2770,165,14608,59,17378,California
Tehama,2021-05-13,255,31393,168,10297,77,20187,10,909,116,2758,138,14746,126,17504,California
Tehama,2021-05-14,257,31650,141,10438,95,20282,21,930,63,2649,193,14939,84,17588,California
Tehama,2021-05-15,243,31893,141,10579,61,20343,41,971,169,2786,73,15012,210,17798,California
Tehama,2021-05-16,28,31921,7,10586,18,20361,3,974,16,2793,12,15024,19,17817,California
Tehama,2021-05-17,123,32044,32,10618,74,20435,17,991,59,2806,63,15087,76,17893,California
Tehama,2021-05-18,159,32203,82,10700,61,20496,16,1007,50,2765,107,15194,66,17959,California
Tehama,2021-05-19,133,32336,58,10758,64,20560,11,1018,45,2733,88,15282,56,18015,California
Tehama,2021-05-20,338,32674,247,11005,68,20628,23,1041,236,2891,101,15383,259,18274,California
Tehama,2021-05-21,235,32909,110,11115,112,20740,13,1054,79,2830,153,15536,92,18366,California
Tehama,2021-05-22,67,32976,33,11148,30,20770,4,1058,39,2845,28,15564,43,18409,California
Tehama,2021-05-23,49,33025,24,11172,15,20785,10,1068,14,2834,35,15599,24,18433,California
Tehama,2021-05-24,103,33128,29,11201,65,20850,9,1077,32,2804,71,15670,41,18474,California
Tehama,2021-05-25,78,33206,19,11220,51,20901,8,1085,46,2826,31,15701,53,18527,California
Tehama,2021-05-26,82,33288,32,11252,47,20948,3,1088,53,2854,28,15729,56,18583,California
Tehama,2021-05-27,160,33448,100,11352,56,21004,4,1092,52,2804,106,15835,56,18639,California
Tehama,2021-05-28,142,33590,38,11390,96,21100,8,1100,66,2803,75,15910,74,18713,California
Tehama,2021-05-29,56,33646,9,11399,41,21141,6,1106,36,2825,20,15930,42,18755,California
Tehama,2021-05-30,15,33661,4,11403,10,21151,1,1107,7,2825,8,15938,8,18763,California
Tehama,2021-05-31,17,33678,1,11404,15,21166,1,1108,4,2817,13,15951,5,18768,California
Tehama,2021-06-01,103,33781,20,11424,64,21230,19,1127,35,2803,68,16019,54,18822,California
Tehama,2021-06-02,92,33873,32,11456,55,21285,5,1132,38,2792,54,16073,43,18865,California
Tehama,2021-06-03,141,34014,103,11559,27,21312,11,1143,32,2726,109,16182,43,18908,California
Tehama,2021-06-04,145,34159,34,11593,96,21408,15,1158,60,2715,84,16266,73,18981,California
Tehama,2021-06-05,159,34318,133,11726,22,21430,4,1162,30,2621,128,16394,34,19015,California
Tehama,2021-06-06,19,34337,9,11735,2,21432,8,1170,4,2618,15,16409,12,19027,California
Tehama,2021-06-07,73,34410,28,11763,43,21475,2,1172,21,2589,52,16461,23,19050,California
Tehama,2021-06-08,105,34515,34,11797,61,21536,10,1182,43,2581,61,16522,53,19103,California
Tehama,2021-06-09,92,34607,47,11844,42,21578,3,1185,46,2584,46,16568,49,19152,California
Tehama,2021-06-10,272,34879,219,12063,43,21621,10,1195,40,2403,231,16799,50,19202,California
Tehama,2021-06-11,143,35022,66,12129,72,21693,5,1200,56,2380,84,16883,61,19263,California
Tehama,2021-06-12,60,35082,37,12166,23,21716,0,1200,23,2366,37,16920,23,19286,California
Tehama,2021-06-13,20,35102,5,12171,9,21725,6,1206,3,2358,17,16937,9,19295,California
Tehama,2021-06-14,73,35175,14,12185,56,21781,3,1209,18,2324,55,16992,21,19316,California
Tehama,2021-06-15,55,35230,21,12206,28,21809,6,1215,21,2317,34,17026,27,19343,California
Tehama,2021-06-16,49,35279,34,12240,13,21822,2,1217,30,2330,19,17045,32,19375,California
Trinity,2020-12-17,4,4,4,4,0,0,0,0,4,4,0,0,4,4,California
Trinity,2020-12-18,2,6,2,6,0,0,0,0,2,6,0,0,2,6,California
Trinity,2020-12-21,39,45,39,45,0,0,0,0,39,45,0,0,39,45,California
Trinity,2020-12-22,4,49,4,49,0,0,0,0,4,49,0,0,4,49,California
Trinity,2020-12-23,6,55,5,54,1,1,0,0,6,55,0,0,6,55,California
Trinity,2020-12-28,31,86,31,85,0,1,0,0,31,86,0,0,31,86,California
Trinity,2020-12-29,8,94,7,92,1,2,0,0,8,94,0,0,8,94,California
Trinity,2020-12-30,10,104,8,100,2,4,0,0,10,104,0,0,10,104,California
Trinity,2020-12-31,2,106,1,101,1,5,0,0,2,106,0,0,2,106,California
Trinity,2021-01-04,28,134,0,101,28,33,0,0,27,133,0,0,27,133,California
Trinity,2021-01-05,2,136,1,102,1,34,0,0,2,135,0,0,2,135,California
Trinity,2021-01-06,24,160,4,106,20,54,0,0,20,151,4,4,20,155,California
Trinity,2021-01-08,49,209,2,108,47,101,0,0,48,197,2,6,48,203,California
Trinity,2021-01-11,41,250,38,146,3,104,0,0,4,164,37,43,4,207,California
Trinity,2021-01-12,9,259,6,152,3,107,0,0,4,163,5,48,4,211,California
Trinity,2021-01-13,7,266,4,156,3,110,0,0,4,164,3,51,4,215,California
Trinity,2021-01-14,4,270,1,157,3,113,0,0,4,168,0,51,4,219,California
Trinity,2021-01-15,5,275,0,157,5,118,0,0,5,173,0,51,5,224,California
Trinity,2021-01-16,2,277,0,157,2,120,0,0,2,175,0,51,2,226,California
Trinity,2021-01-18,31,308,31,188,0,120,0,0,0,144,31,82,0,226,California
Trinity,2021-01-19,34,342,15,203,19,139,0,0,20,150,14,96,20,246,California
Trinity,2021-01-20,20,362,3,206,17,156,0,0,17,164,3,99,17,263,California
Trinity,2021-01-21,18,380,7,213,11,167,0,0,18,182,0,99,18,281,California
Trinity,2021-01-22,5,385,1,214,4,171,0,0,5,187,0,99,5,286,California
Trinity,2021-01-23,7,392,3,217,4,175,0,0,7,194,0,99,7,293,California
Trinity,2021-01-25,14,406,1,218,13,188,0,0,13,206,1,100,13,306,California
Trinity,2021-01-26,10,416,1,219,9,197,0,0,9,214,1,101,9,315,California
Trinity,2021-01-27,12,428,0,219,12,209,0,0,12,226,0,101,12,327,California
Trinity,2021-01-28,13,441,3,222,10,219,0,0,10,233,3,104,10,337,California
Trinity,2021-01-29,2,443,0,222,2,221,0,0,1,233,1,105,1,338,California
Trinity,2021-01-30,12,455,11,233,1,222,0,0,12,245,0,105,12,350,California
Trinity,2021-02-01,2,457,1,234,1,223,0,0,1,245,1,106,1,351,California
Trinity,2021-02-02,15,472,3,237,12,235,0,0,14,258,1,107,14,365,California
Trinity,2021-02-03,6,478,1,238,5,240,0,0,4,260,2,109,4,369,California
Trinity,2021-02-04,41,519,32,270,9,249,0,0,34,287,7,116,34,403,California
Trinity,2021-02-05,351,870,0,270,351,600,0,0,320,576,31,147,320,723,California
Trinity,2021-02-06,210,1080,5,275,205,805,0,0,203,772,7,154,203,926,California
Trinity,2021-02-07,1,1081,0,275,1,806,0,0,1,773,0,154,1,927,California
Trinity,2021-02-08,28,1109,1,276,27,833,0,0,16,777,12,166,16,943,California
Trinity,2021-02-09,27,1136,2,278,25,858,0,0,11,772,16,182,11,954,California
Trinity,2021-02-10,122,1258,10,288,112,970,0,0,102,854,20,202,102,1056,California
Trinity,2021-02-11,339,1597,2,290,337,1307,0,0,332,1179,7,209,332,1388,California
Trinity,2021-02-12,19,1616,10,300,9,1316,0,0,14,1188,5,214,14,1402,California
Trinity,2021-02-13,11,1627,6,306,5,1321,0,0,6,1189,5,219,6,1408,California
Trinity,2021-02-14,2,1629,2,308,0,1321,0,0,2,1191,0,219,2,1410,California
Trinity,2021-02-15,47,1676,0,308,47,1368,0,0,47,1238,0,219,47,1457,California
Trinity,2021-02-16,4,1680,1,309,3,1371,0,0,2,1238,2,221,2,1459,California
Trinity,2021-02-17,94,1774,2,311,92,1463,0,0,84,1312,10,231,84,1543,California
Trinity,2021-02-18,4,1778,0,311,4,1467,0,0,1,1310,3,234,1,1544,California
Trinity,2021-02-19,307,2085,2,313,305,1772,0,0,293,1589,14,248,293,1837,California
Trinity,2021-02-20,142,2227,14,327,128,1900,0,0,114,1675,28,276,114,1951,California
Trinity,2021-02-21,1,2228,1,328,0,1900,0,0,1,1676,0,276,1,1952,California
Trinity,2021-02-22,8,2236,0,328,8,1908,0,0,5,1678,3,279,5,1957,California
Trinity,2021-02-23,10,2246,3,331,7,1915,0,0,5,1678,5,284,5,1962,California
Trinity,2021-02-24,30,2276,8,339,22,1937,0,0,7,1662,23,307,7,1969,California
Trinity,2021-02-25,37,2313,23,362,14,1951,0,0,5,1635,32,339,5,1974,California
Trinity,2021-02-26,11,2324,1,363,10,1961,0,0,5,1634,6,345,5,1979,California
Trinity,2021-02-27,10,2334,8,371,2,1963,0,0,4,1632,6,351,4,1983,California
Trinity,2021-03-01,10,2344,0,371,10,1973,0,0,5,1632,5,356,5,1988,California
Trinity,2021-03-02,9,2353,3,374,6,1979,0,0,2,1627,7,363,2,1990,California
Trinity,2021-03-03,5,2358,0,374,5,1984,0,0,4,1630,1,364,4,1994,California
Trinity,2021-03-04,23,2381,19,393,4,1988,0,0,10,1627,13,377,10,2004,California
Trinity,2021-03-05,388,2769,1,394,387,2375,0,0,121,1485,263,640,121,2125,California
Trinity,2021-03-06,203,2972,7,401,196,2571,0,0,27,1336,176,816,27,2152,California
Trinity,2021-03-07,4,2976,3,404,1,2572,0,0,3,1338,1,817,3,2155,California
Trinity,2021-03-08,4,2980,0,404,3,2575,1,1,1,1337,3,820,2,2157,California
Trinity,2021-03-09,99,3079,1,405,96,2671,2,3,93,1426,6,826,95,2252,California
Trinity,2021-03-10,126,3205,3,408,120,2791,3,6,38,1379,88,914,41,2293,California
Trinity,2021-03-11,16,3221,4,412,10,2801,2,8,5,1375,11,925,7,2300,California
Trinity,2021-03-12,399,3620,5,417,388,3189,6,14,97,1176,302,1227,103,2403,California
Trinity,2021-03-13,12,3632,7,424,3,3192,2,16,7,1180,5,1232,9,2412,California
Trinity,2021-03-14,4,3636,1,425,3,3195,0,16,3,1182,1,1233,3,2415,California
Trinity,2021-03-15,68,3704,0,425,67,3262,1,17,15,1145,53,1286,16,2431,California
Trinity,2021-03-16,115,3819,7,432,108,3370,0,17,102,1234,13,1299,102,2533,California
Trinity,2021-03-17,100,3919,3,435,97,3467,0,17,26,1186,74,1373,26,2559,California
Trinity,2021-03-18,9,3928,1,436,5,3472,3,20,4,1188,5,1378,7,2566,California
Trinity,2021-03-19,461,4389,4,440,347,3819,110,130,36,909,425,1803,146,2712,California
Trinity,2021-03-20,108,4497,7,447,101,3920,0,130,72,946,35,1838,72,2784,California
Trinity,2021-03-21,4,4501,0,447,3,3923,1,131,3,949,1,1839,4,2788,California
Trinity,2021-03-22,2,4503,0,447,2,3925,0,131,2,951,0,1839,2,2790,California
Trinity,2021-03-23,96,4599,2,449,94,4019,0,131,78,1011,18,1857,78,2868,California
Trinity,2021-03-24,12,4611,1,450,11,4030,0,131,9,1017,3,1860,9,2877,California
Trinity,2021-03-25,111,4722,8,458,97,4127,6,137,85,1082,26,1886,91,2968,California
Trinity,2021-03-26,84,4806,8,466,76,4203,0,137,77,1152,7,1893,77,3045,California
Trinity,2021-03-27,20,4826,4,470,7,4210,9,146,9,1159,11,1904,18,3063,California
Trinity,2021-03-28,5,4831,3,473,2,4212,0,146,1,1156,4,1908,1,3064,California
Trinity,2021-03-29,5,4836,0,473,5,4217,0,146,2,1155,3,1911,2,3066,California
Trinity,2021-03-30,78,4914,6,479,72,4289,0,146,67,1211,11,1922,67,3133,California
Trinity,2021-03-31,56,4970,5,484,18,4307,33,179,20,1227,36,1958,52,3185,California
Trinity,2021-04-01,40,5010,10,494,19,4326,11,190,21,1240,19,1977,32,3217,California
Trinity,2021-04-02,257,5267,5,499,177,4503,75,265,84,1227,172,2149,159,3376,California
Trinity,2021-04-03,17,5284,12,511,5,4508,0,265,7,1224,10,2159,7,3383,California
Trinity,2021-04-04,10,5294,8,519,2,4510,0,265,8,1230,2,2161,8,3391,California
Trinity,2021-04-05,60,5354,6,525,51,4561,3,268,54,1281,6,2167,57,3448,California
Trinity,2021-04-06,122,5476,15,540,104,4665,3,271,29,1220,93,2260,32,3480,California
Trinity,2021-04-07,26,5502,11,551,10,4675,5,276,19,1237,7,2267,24,3504,California
Trinity,2021-04-08,90,5592,11,562,77,4752,2,278,53,1255,37,2304,55,3559,California
Trinity,2021-04-09,166,5758,18,580,144,4896,4,282,88,1269,78,2382,92,3651,California
Trinity,2021-04-10,12,5770,7,587,5,4901,0,282,11,1279,1,2383,11,3662,California
Trinity,2021-04-11,10,5780,5,592,3,4904,2,284,4,1279,6,2389,6,3668,California
Trinity,2021-04-12,78,5858,5,597,72,4976,1,285,64,1330,13,2402,64,3732,California
Trinity,2021-04-13,104,5962,5,602,99,5075,0,285,11,1248,93,2495,11,3743,California
Trinity,2021-04-14,10,5972,5,607,5,5080,0,285,6,1250,4,2499,6,3749,California
Trinity,2021-04-15,44,6016,10,617,34,5114,0,285,14,1235,29,2528,14,3763,California
Trinity,2021-04-16,156,6172,13,630,143,5257,0,285,81,1242,74,2602,81,3844,California
Trinity,2021-04-17,11,6183,5,635,6,5263,0,285,9,1249,2,2604,9,3853,California
Trinity,2021-04-18,3,6186,1,636,2,5265,0,285,0,1246,3,2607,0,3853,California
Trinity,2021-04-19,67,6253,2,638,65,5330,0,285,66,1311,1,2608,66,3919,California
Trinity,2021-04-20,93,6346,8,646,85,5415,0,285,21,1260,72,2680,21,3940,California
Trinity,2021-04-21,22,6368,9,655,13,5428,0,285,9,1256,13,2693,9,3949,California
Trinity,2021-04-22,92,6460,5,660,87,5515,0,285,14,1192,78,2771,14,3963,California
Trinity,2021-04-23,181,6641,6,666,175,5690,0,285,112,1235,69,2840,112,4075,California
Trinity,2021-04-24,23,6664,12,678,11,5701,0,285,6,1224,17,2857,6,4081,California
Trinity,2021-04-25,10,6674,9,687,1,5702,0,285,3,1221,6,2863,3,4084,California
Trinity,2021-04-26,48,6722,9,696,39,5741,0,285,40,1253,8,2871,40,4124,California
Trinity,2021-04-27,87,6809,11,707,76,5817,0,285,23,1212,64,2935,23,4147,California
Trinity,2021-04-28,33,6842,11,718,22,5839,0,285,12,1203,21,2956,12,4159,California
Trinity,2021-04-29,34,6876,13,731,21,5860,0,285,12,1193,22,2978,12,4171,California
Trinity,2021-04-30,26,6902,21,752,5,5865,0,285,10,1188,15,2993,10,4181,California
Trinity,2021-05-01,14,6916,8,760,1,5866,5,290,4,1187,10,3003,9,4190,California
Trinity,2021-05-02,8,6924,5,765,1,5867,2,292,2,1185,6,3009,4,4194,California
Trinity,2021-05-03,58,6982,13,778,44,5911,1,293,9,1147,48,3057,10,4204,California
Trinity,2021-05-04,27,7009,11,789,15,5926,1,294,8,1137,19,3076,9,4213,California
Trinity,2021-05-05,11,7020,7,796,4,5930,0,294,4,1134,7,3083,4,4217,California
Trinity,2021-05-06,75,7095,11,807,62,5992,2,296,16,1093,59,3142,18,4235,California
Trinity,2021-05-07,180,7275,12,819,134,6126,34,330,14,975,166,3308,48,4283,California
Trinity,2021-05-08,7,7282,2,821,5,6131,0,330,2,972,5,3313,2,4285,California
Trinity,2021-05-09,11,7293,8,829,3,6134,0,330,7,975,4,3317,7,4292,California
Trinity,2021-05-10,15,7308,5,834,9,6143,1,331,8,977,7,3324,9,4301,California
Trinity,2021-05-11,8,7316,4,838,4,6147,0,331,6,981,2,3326,6,4307,California
Trinity,2021-05-12,19,7335,16,854,2,6149,1,332,14,991,5,3331,15,4322,California
Trinity,2021-05-13,15,7350,10,864,4,6153,1,333,9,995,6,3337,10,4332,California
Trinity,2021-05-14,141,7491,19,883,94,6247,28,361,39,960,102,3439,67,4399,California
Trinity,2021-05-15,15,7506,10,893,4,6251,1,362,7,961,7,3446,8,4407,California
Trinity,2021-05-16,7,7513,6,899,1,6252,0,362,5,964,2,3448,5,4412,California
Trinity,2021-05-17,108,7621,20,919,86,6338,2,364,42,942,66,3514,44,4456,California
Trinity,2021-05-18,37,7658,7,926,29,6367,1,365,11,928,26,3540,12,4468,California
Trinity,2021-05-19,150,7808,16,942,105,6472,29,394,31,870,118,3658,60,4528,California
Trinity,2021-05-20,28,7836,21,963,4,6476,3,397,17,879,11,3669,20,4548,California
Trinity,2021-05-21,21,7857,13,976,8,6484,0,397,11,880,10,3679,11,4559,California
Trinity,2021-05-22,17,7874,14,990,3,6487,0,397,13,889,4,3683,13,4572,California
Trinity,2021-05-23,6,7880,4,994,2,6489,0,397,2,887,4,3687,2,4574,California
Trinity,2021-05-24,109,7989,12,1006,96,6585,1,398,8,796,100,3787,9,4583,California
Trinity,2021-05-25,38,8027,13,1019,25,6610,0,398,16,790,22,3809,16,4599,California
Trinity,2021-05-26,11,8038,5,1024,6,6616,0,398,3,785,8,3817,3,4602,California
Trinity,2021-05-27,30,8068,13,1037,12,6628,5,403,7,774,23,3840,12,4614,California
Trinity,2021-05-28,13,8081,10,1047,2,6630,1,404,6,774,7,3847,7,4621,California
Trinity,2021-05-29,10,8091,7,1054,2,6632,1,405,7,779,3,3850,8,4629,California
Trinity,2021-05-30,5,8096,4,1058,1,6633,0,405,0,774,5,3855,0,4629,California
Trinity,2021-05-31,4,8100,3,1061,1,6634,0,405,2,774,2,3857,2,4631,California
Trinity,2021-06-01,15,8115,8,1069,5,6639,2,407,4,770,10,3867,6,4637,California
Trinity,2021-06-02,24,8139,19,1088,3,6642,2,409,9,766,15,3882,11,4648,California
Trinity,2021-06-03,39,8178,13,1101,26,6668,0,409,13,753,26,3908,13,4661,California
Trinity,2021-06-04,38,8216,21,1122,13,6681,4,413,10,739,28,3936,14,4675,California
Trinity,2021-06-05,19,8235,18,1140,1,6682,0,413,13,746,6,3942,13,4688,California
Trinity,2021-06-06,9,8244,6,1146,2,6684,1,414,2,742,7,3949,3,4691,California
Trinity,2021-06-07,28,8272,19,1165,8,6692,1,415,12,739,16,3965,13,4704,California
Trinity,2021-06-08,15,8287,13,1178,1,6693,1,416,4,733,11,3976,5,4709,California
Trinity,2021-06-09,20,8307,14,1192,0,6693,6,422,4,727,16,3992,10,4719,California
Trinity,2021-06-10,18,8325,17,1209,1,6694,0,422,5,719,13,4005,5,4724,California
Trinity,2021-06-11,40,8365,8,1217,32,6726,0,422,11,701,29,4034,11,4735,California
Trinity,2021-06-12,11,8376,11,1228,0,6726,0,422,3,696,8,4042,3,4738,California
Trinity,2021-06-13,4,8380,4,1232,0,6726,0,422,1,694,3,4045,1,4739,California
Trinity,2021-06-14,42,8422,16,1248,26,6752,0,422,11,674,31,4076,11,4750,California
Trinity,2021-06-15,22,8444,19,1267,3,6755,0,422,8,668,14,4090,8,4758,California
Trinity,2021-06-16,1,8445,0,1267,1,6756,0,422,1,669,0,4090,1,4759,California
Tulare,2020-12-15,1,1,1,1,0,0,0,0,1,1,0,0,1,1,California
Tulare,2020-12-16,4,5,4,5,0,0,0,0,4,5,0,0,4,5,California
Tulare,2020-12-17,110,115,110,115,0,0,0,0,110,115,0,0,110,115,California
Tulare,2020-12-18,290,405,289,404,1,1,0,0,290,405,0,0,290,405,California
Tulare,2020-12-19,325,730,325,729,0,1,0,0,325,730,0,0,325,730,California
Tulare,2020-12-20,165,895,165,894,0,1,0,0,165,895,0,0,165,895,California
Tulare,2020-12-21,421,1316,421,1315,0,1,0,0,441,1336,0,0,441,1336,California
Tulare,2020-12-22,472,1788,470,1785,2,3,0,0,471,1807,0,0,471,1807,California
Tulare,2020-12-23,327,2115,319,2104,8,11,0,0,325,2132,0,0,325,2132,California
Tulare,2020-12-24,18,2133,16,2120,2,13,0,0,18,2150,0,0,18,2150,California
Tulare,2020-12-26,7,2140,6,2126,1,14,0,0,7,2157,0,0,7,2157,California
Tulare,2020-12-27,16,2156,12,2138,4,18,0,0,16,2173,0,0,16,2173,California
Tulare,2020-12-28,482,2638,469,2607,13,31,0,0,481,2654,0,0,481,2654,California
Tulare,2020-12-29,549,3187,477,3084,72,103,0,0,549,3203,0,0,549,3203,California
Tulare,2020-12-30,469,3656,425,3509,44,147,0,0,469,3672,0,0,469,3672,California
Tulare,2020-12-31,101,3757,23,3532,78,225,0,0,101,3773,0,0,101,3773,California
Tulare,2021-01-01,3,3760,1,3533,2,227,0,0,3,3776,0,0,3,3776,California
Tulare,2021-01-02,33,3793,20,3553,13,240,0,0,33,3809,0,0,33,3809,California
Tulare,2021-01-03,23,3816,9,3562,14,254,0,0,23,3832,0,0,23,3832,California
Tulare,2021-01-04,93,3909,16,3578,77,331,0,0,93,3925,0,0,93,3925,California
Tulare,2021-01-05,469,4378,280,3858,189,520,0,0,467,4390,2,2,467,4392,California
Tulare,2021-01-06,867,5245,633,4491,234,754,0,0,857,5237,10,12,857,5249,California
Tulare,2021-01-07,786,6031,588,5079,198,952,0,0,679,5809,107,119,679,5928,California
Tulare,2021-01-08,1296,7327,573,5652,723,1675,0,0,959,6432,336,455,959,6887,California
Tulare,2021-01-09,802,8129,202,5854,600,2275,0,0,615,6860,187,642,615,7502,California
Tulare,2021-01-10,50,8179,43,5897,7,2282,0,0,12,6834,38,680,12,7514,California
Tulare,2021-01-11,1275,9454,771,6668,504,2786,0,0,838,7235,437,1117,838,8352,California
Tulare,2021-01-12,1457,10911,507,7175,950,3736,0,0,1046,7872,410,1527,1047,9399,California
Tulare,2021-01-13,428,11339,201,7376,227,3963,0,0,352,8148,76,1603,352,9751,California
Tulare,2021-01-14,495,11834,145,7521,350,4313,0,0,469,8602,15,1618,469,10220,California
Tulare,2021-01-15,1702,13536,161,7682,1541,5854,0,0,1692,10284,10,1628,1692,11912,California
Tulare,2021-01-16,1928,15464,121,7803,1807,7661,0,0,1914,12184,14,1642,1914,13826,California
Tulare,2021-01-17,142,15606,122,7925,20,7681,0,0,132,12306,10,1652,132,13958,California
Tulare,2021-01-18,694,16300,662,8587,32,7713,0,0,295,12202,399,2051,295,14253,California
Tulare,2021-01-19,1022,17322,692,9279,330,8043,0,0,595,12370,427,2478,595,14848,California
Tulare,2021-01-20,2440,19762,614,9893,1826,9869,0,0,2027,14010,387,2865,2027,16875,California
Tulare,2021-01-21,1586,21348,184,10077,1402,11271,0,0,1559,15547,22,2887,1559,18434,California
Tulare,2021-01-22,1075,22423,191,10268,884,12155,0,0,1047,16567,27,2914,1047,19481,California
Tulare,2021-01-23,442,22865,158,10426,284,12439,0,0,421,16967,21,2935,421,19902,California
Tulare,2021-01-24,30,22895,27,10453,3,12442,0,0,28,16993,2,2937,28,19930,California
Tulare,2021-01-25,1353,24248,985,11438,368,12810,0,0,1303,18246,50,2987,1303,21233,California
Tulare,2021-01-26,1515,25763,1101,12539,414,13224,0,0,1175,19082,339,3326,1175,22408,California
Tulare,2021-01-27,1502,27265,1073,13612,429,13653,0,0,922,19425,579,3905,922,23330,California
Tulare,2021-01-28,1217,28482,776,14388,441,14094,0,0,817,19842,400,4305,817,24147,California
Tulare,2021-01-29,1139,29621,724,15112,415,14509,0,0,828,20359,311,4616,828,24975,California
Tulare,2021-01-30,1685,31306,1590,16702,95,14604,0,0,1662,21999,23,4639,1663,26638,California
Tulare,2021-01-31,68,31374,63,16765,5,14609,0,0,65,22061,3,4642,65,26703,California
Tulare,2021-02-01,1196,32570,919,17684,277,14886,0,0,833,22532,362,5004,833,27536,California
Tulare,2021-02-02,703,33273,349,18033,354,15240,0,0,457,22746,244,5248,458,27994,California
Tulare,2021-02-03,574,33847,242,18275,332,15572,0,0,327,22846,227,5475,327,28321,California
Tulare,2021-02-04,571,34418,170,18445,401,15973,0,0,280,22837,290,5765,281,28602,California
Tulare,2021-02-05,1241,35659,237,18682,1004,16977,0,0,403,22404,836,6601,403,29005,California
Tulare,2021-02-06,842,36501,164,18846,678,17655,0,0,208,21980,632,7233,208,29213,California
Tulare,2021-02-07,83,36584,70,18916,13,17668,0,0,22,21941,61,7294,22,29235,California
Tulare,2021-02-08,948,37532,329,19245,619,18287,0,0,242,21479,704,7998,242,29477,California
Tulare,2021-02-09,1435,38967,337,19582,1098,19385,0,0,355,20760,1074,9072,355,29832,California
Tulare,2021-02-10,2478,41445,1990,21572,488,19873,0,0,2079,22441,398,9470,2079,31911,California
Tulare,2021-02-11,1337,42782,379,21951,958,20831,0,0,915,22934,422,9892,915,32826,California
Tulare,2021-02-12,2792,45574,575,22526,2217,23048,0,0,1192,22533,1593,11485,1192,34018,California
Tulare,2021-02-13,2485,48059,158,22684,2327,25375,0,0,652,21356,1829,13314,652,34670,California
Tulare,2021-02-14,335,48394,39,22723,296,25671,0,0,298,21617,37,13351,298,34968,California
Tulare,2021-02-15,921,49315,292,23015,629,26300,0,0,662,22021,258,13609,662,35630,California
Tulare,2021-02-16,2852,52167,1603,24618,1249,27549,0,0,1091,21352,1760,15369,1091,36721,California
Tulare,2021-02-17,2724,54891,518,25136,2206,29755,0,0,463,19560,2255,17624,463,37184,California
Tulare,2021-02-18,2340,57231,456,25592,1884,31639,0,0,642,18512,1690,19314,642,37826,California
Tulare,2021-02-19,2333,59564,880,26472,1453,33092,0,0,957,18095,1374,20688,957,38783,California
Tulare,2021-02-20,3002,62566,1896,28368,1106,34198,0,0,1267,17632,1730,22418,1267,40050,California
Tulare,2021-02-21,95,62661,92,28460,3,34201,0,0,48,17634,46,22464,48,40098,California
Tulare,2021-02-22,1113,63774,705,29165,408,34609,0,0,213,16948,899,23363,213,40311,California
Tulare,2021-02-23,1969,65743,952,30117,1017,35626,0,0,1472,17925,495,23858,1472,41783,California
Tulare,2021-02-24,2493,68236,1556,31673,937,36563,0,0,2119,19672,373,24231,2120,43903,California
Tulare,2021-02-25,3537,71773,1990,33663,1547,38110,0,0,3119,22377,414,24645,3119,47022,California
Tulare,2021-02-26,3878,75651,1901,35564,1977,40087,0,0,3409,25319,467,25112,3409,50431,California
Tulare,2021-02-27,3020,78671,1507,37071,1513,41600,0,0,2885,28081,123,25235,2885,53316,California
Tulare,2021-02-28,1313,79984,1041,38112,272,41872,0,0,1293,29357,17,25252,1293,54609,California
Tulare,2021-03-01,1799,81783,805,38917,994,42866,0,0,1602,30764,195,25447,1602,56211,California
Tulare,2021-03-02,2789,84572,1279,40196,1510,44376,0,0,2615,33208,172,25619,2616,58827,California
Tulare,2021-03-03,4106,88678,2751,42947,1354,45730,1,1,2148,33405,1955,27574,2152,60979,California
Tulare,2021-03-04,2999,91677,1355,44302,1644,47374,0,1,2655,35721,339,27913,2655,63634,California
Tulare,2021-03-05,3460,95137,1771,46073,1674,49048,15,16,2942,38166,515,28428,2960,66594,California
Tulare,2021-03-06,3103,98240,1448,47521,1595,50643,60,76,2849,40822,251,28679,2907,69501,California
Tulare,2021-03-07,1142,99382,705,48226,416,51059,21,97,1102,41906,39,28718,1123,70624,California
Tulare,2021-03-08,1728,101110,1011,49237,548,51607,169,266,1400,43151,323,29041,1568,72192,California
Tulare,2021-03-09,3287,104397,2257,51494,881,52488,149,415,2861,45735,425,29466,3009,75201,California
Tulare,2021-03-10,2986,107383,1412,52906,1400,53888,174,589,2583,48096,394,29860,2755,77956,California
Tulare,2021-03-11,4241,111624,2001,54907,1934,55822,306,895,3283,50728,958,30818,3590,81546,California
Tulare,2021-03-12,4443,116067,2435,57342,1654,57476,354,1249,3152,52952,1283,32101,3507,85053,California
Tulare,2021-03-13,4179,120246,1959,59301,2115,59591,105,1354,3223,55330,950,33051,3328,88381,California
Tulare,2021-03-14,1863,122109,989,60290,654,60245,220,1574,1338,56361,524,33575,1555,89936,California
Tulare,2021-03-15,2767,124876,1643,61933,1007,61252,117,1691,1989,57693,775,34350,2107,92043,California
Tulare,2021-03-16,3464,128340,2126,64059,1258,62510,80,1771,1896,58108,1564,35914,1979,94022,California
Tulare,2021-03-17,4097,132437,2673,66732,1349,63859,75,1846,2338,58775,1753,37667,2420,96442,California
Tulare,2021-03-18,4665,137102,3401,70133,1191,65050,73,1919,2464,59124,2193,39860,2542,98984,California
Tulare,2021-03-19,5129,142231,3370,73503,1562,66612,197,2116,2738,59690,2371,42231,2937,101921,California
Tulare,2021-03-20,4517,146748,2815,76318,1329,67941,373,2489,2077,59712,2432,44663,2454,104375,California
Tulare,2021-03-21,1999,148747,1710,78028,263,68204,26,2515,1055,59852,940,45603,1080,105455,California
Tulare,2021-03-22,2574,151321,1784,79812,679,68883,111,2626,1697,60790,871,46474,1809,107264,California
Tulare,2021-03-23,3765,155086,2160,81972,1554,70437,51,2677,2063,61217,1692,48166,2119,109383,California
Tulare,2021-03-24,3224,158310,2004,83976,1178,71615,42,2719,1729,61502,1487,49653,1772,111155,California
Tulare,2021-03-25,3496,161806,1822,85798,1504,73119,170,2889,1678,61542,1810,51463,1850,113005,California
Tulare,2021-03-26,5292,167098,3156,88954,2026,75145,110,2999,2562,61502,2712,54175,2672,115677,California
Tulare,2021-03-27,3554,170652,1823,90777,1632,76777,99,3098,995,60044,2551,56726,1093,116770,California
Tulare,2021-03-28,1475,172127,1070,91847,374,77151,31,3129,676,59964,797,57523,717,117487,California
Tulare,2021-03-29,2900,175027,1678,93525,1111,78262,111,3240,1233,59647,1663,59186,1346,118833,California
Tulare,2021-03-30,4902,179929,2803,96328,1864,80126,235,3475,1538,58059,3355,62541,1767,120600,California
Tulare,2021-03-31,3987,183916,2357,98685,1516,81642,114,3589,1561,57317,2418,64959,1676,122276,California
Tulare,2021-04-01,4543,188459,2463,101148,2014,83656,66,3655,1556,55963,2977,67936,1623,123899,California
Tulare,2021-04-02,5384,193843,3075,104223,2187,85843,122,3777,1594,53907,3774,71710,1718,125617,California
Tulare,2021-04-03,3646,197489,2109,106332,1163,87006,374,4151,841,52353,2767,74477,1213,126830,California
Tulare,2021-04-04,1638,199127,1150,107482,481,87487,7,4158,359,51444,1275,75752,366,127196,California
Tulare,2021-04-05,3374,202501,2353,109835,752,88239,269,4427,856,50065,2505,78257,1126,128322,California
Tulare,2021-04-06,3449,205950,1474,111309,1477,89716,498,4925,930,48984,2511,80768,1430,129752,California
Tulare,2021-04-07,3927,209877,1855,113164,1634,91350,438,5363,1189,47875,2727,83495,1618,131370,California
Tulare,2021-04-08,4821,214698,2636,115800,1719,93069,466,5829,1539,46607,3269,86764,2001,133371,California
Tulare,2021-04-09,4871,219569,3010,118810,1420,94489,441,6270,1837,45861,3025,89789,2279,135650,California
Tulare,2021-04-10,3875,223444,2093,120903,1459,95948,323,6593,949,44211,2917,92706,1267,136917,California
Tulare,2021-04-11,1595,225039,1055,121958,466,96414,74,6667,496,43684,1097,93803,570,137487,California
Tulare,2021-04-12,3426,228465,2137,124095,690,97104,599,7266,1074,43017,2343,96146,1676,139163,California
Tulare,2021-04-13,2424,230889,1598,125693,816,97920,10,7276,910,42437,1503,97649,923,140086,California
Tulare,2021-04-14,2895,233784,1708,127401,1187,99107,0,7276,920,41391,1970,99619,924,141010,California
Tulare,2021-04-15,3326,237110,2166,129567,1160,100267,0,7276,1494,41066,1821,101440,1496,142506,California
Tulare,2021-04-16,3704,240814,2235,131802,1469,101736,0,7276,1499,40387,2193,103633,1514,144020,California
Tulare,2021-04-17,2243,243057,1324,133126,919,102655,0,7276,1185,40528,1054,104687,1195,145215,California
Tulare,2021-04-18,1533,244590,1198,134324,335,102990,0,7276,823,40646,709,105396,827,146042,California
Tulare,2021-04-19,2137,246727,1226,135550,909,103899,2,7278,898,40311,1235,106631,900,146942,California
Tulare,2021-04-20,2342,249069,1317,136867,1025,104924,0,7278,993,39968,1336,107967,993,147935,California
Tulare,2021-04-21,2215,251284,1335,138202,880,105804,0,7278,812,39417,1364,109331,813,148748,California
Tulare,2021-04-22,2117,253401,1178,139380,939,106743,0,7278,728,38775,1370,110701,728,149476,California
Tulare,2021-04-23,2597,255998,1589,140969,1007,107750,1,7279,1021,38231,1565,112266,1021,150497,California
Tulare,2021-04-24,1648,257646,1056,142025,590,108340,2,7281,852,38294,791,113057,854,151351,California
Tulare,2021-04-25,700,258346,527,142552,173,108513,0,7281,268,38130,432,113489,268,151619,California
Tulare,2021-04-26,1527,259873,920,143472,588,109101,19,7300,639,37905,881,114370,656,152275,California
Tulare,2021-04-27,1671,261544,679,144151,953,110054,39,7339,715,37706,952,115322,753,153028,California
Tulare,2021-04-28,1714,263258,974,145125,698,110752,42,7381,674,37387,1035,116357,716,153744,California
Tulare,2021-04-29,2012,265270,1203,146328,769,111521,40,7421,780,36985,1220,117577,818,154562,California
Tulare,2021-04-30,2452,267722,1785,148113,617,112138,50,7471,905,36400,1539,119116,954,155516,California
Tulare,2021-05-01,1427,269149,1228,149341,187,112325,12,7483,728,36451,689,119805,740,156256,California
Tulare,2021-05-02,590,269739,501,149842,73,112398,16,7499,189,36258,398,120203,205,156461,California
Tulare,2021-05-03,1629,271368,1100,150942,402,112800,127,7626,351,35465,1271,121474,478,156939,California
Tulare,2021-05-04,1563,272931,835,151777,658,113458,70,7696,629,35235,926,122400,696,157635,California
Tulare,2021-05-05,1285,274216,622,152399,573,114031,90,7786,448,34947,826,123226,538,158173,California
Tulare,2021-05-06,1970,276186,1326,153725,595,114626,49,7835,592,34218,1370,124596,641,158814,California
Tulare,2021-05-07,1839,278025,1248,154973,523,115149,68,7903,526,33505,1306,125902,593,159407,California
Tulare,2021-05-08,1233,279258,807,155780,401,115550,25,7928,526,33356,700,126602,551,159958,California
Tulare,2021-05-09,594,279852,469,156249,104,115654,21,7949,117,33022,473,127075,139,160097,California
Tulare,2021-05-10,1025,280877,593,156842,366,116020,66,8015,310,32685,713,127788,376,160473,California
Tulare,2021-05-11,1254,282131,634,157476,538,116558,82,8097,521,32562,726,128514,603,161076,California
Tulare,2021-05-12,1581,283712,1016,158492,507,117065,58,8155,431,31915,1135,129649,488,161564,California
Tulare,2021-05-13,1556,285268,986,159478,531,117596,39,8194,695,31792,856,130505,733,162297,California
Tulare,2021-05-14,1930,287198,1242,160720,624,118220,64,8258,861,31659,1057,131562,924,163221,California
Tulare,2021-05-15,1570,288768,885,161605,639,118859,46,8304,672,31482,890,132452,713,163934,California
Tulare,2021-05-16,698,289466,558,162163,128,118987,12,8316,324,31446,372,132824,336,164270,California
Tulare,2021-05-17,1544,291010,958,163121,513,119500,73,8389,740,31462,797,133621,813,165083,California
Tulare,2021-05-18,1585,292595,857,163978,673,120173,55,8444,794,31523,786,134407,847,165930,California
Tulare,2021-05-19,1481,294076,957,164935,491,120664,33,8477,773,31627,702,135109,806,166736,California
Tulare,2021-05-20,1587,295663,1071,166006,429,121093,87,8564,765,31661,818,135927,852,167588,California
Tulare,2021-05-21,1951,297614,1429,167435,481,121574,41,8605,1071,31901,872,136799,1112,168700,California
Tulare,2021-05-22,1604,299218,1145,168580,436,122010,23,8628,605,31539,991,137790,629,169329,California
Tulare,2021-05-23,393,299611,312,168892,72,122082,9,8637,198,31553,193,137983,207,169536,California
Tulare,2021-05-24,908,300519,553,169445,295,122377,60,8697,405,31517,501,138484,465,170001,California
Tulare,2021-05-25,1188,301707,710,170155,446,122823,32,8729,509,31385,673,139157,541,170542,California
Tulare,2021-05-26,881,302588,487,170642,352,123175,42,8771,400,31350,476,139633,441,170983,California
Tulare,2021-05-27,1275,303863,808,171450,436,123611,31,8802,594,31299,678,140311,627,171610,California
Tulare,2021-05-28,1186,305049,660,172110,477,124088,49,8851,631,31429,549,140860,679,172289,California
Tulare,2021-05-29,870,305919,643,172753,208,124296,19,8870,500,31580,368,141228,519,172808,California
Tulare,2021-05-30,285,306204,206,172959,71,124367,8,8878,165,31635,118,141346,173,172981,California
Tulare,2021-05-31,131,306335,51,173010,69,124436,11,8889,55,31626,75,141421,66,173047,California
Tulare,2021-06-01,1052,307387,625,173635,396,124832,31,8920,405,31424,638,142059,436,173483,California
Tulare,2021-06-02,796,308183,469,174104,295,125127,32,8952,364,31398,420,142479,394,173877,California
Tulare,2021-06-03,1143,309326,811,174915,274,125401,58,9010,421,31174,702,143181,478,174355,California
Tulare,2021-06-04,1165,310491,834,175749,298,125699,33,9043,393,30832,768,143949,426,174781,California
Tulare,2021-06-05,875,311366,696,176445,164,125863,15,9058,298,30571,574,144523,313,175094,California
Tulare,2021-06-06,418,311784,354,176799,46,125909,18,9076,138,30448,279,144802,156,175250,California
Tulare,2021-06-07,883,312667,695,177494,151,126060,37,9113,288,30180,592,145394,324,175574,California
Tulare,2021-06-08,1048,313715,774,178268,213,126273,61,9174,353,29904,690,146084,414,175988,California
Tulare,2021-06-09,1075,314790,755,179023,287,126560,33,9207,344,29553,726,146810,375,176363,California
Tulare,2021-06-10,1100,315890,884,179907,181,126741,35,9242,382,29256,715,147525,418,176781,California
Tulare,2021-06-11,1224,317114,877,180784,312,127053,35,9277,377,28831,837,148362,412,177193,California
Tulare,2021-06-12,942,318056,732,181516,198,127251,12,9289,325,28559,609,148971,337,177530,California
Tulare,2021-06-13,292,318348,201,181717,89,127340,2,9291,82,28434,209,149180,84,177614,California
Tulare,2021-06-14,634,318982,450,182167,167,127507,17,9308,235,28291,395,149575,252,177866,California
Tulare,2021-06-15,952,319934,640,182807,280,127787,32,9340,423,28222,524,150099,455,178321,California
Tulare,2021-06-16,295,320229,191,182998,83,127870,21,9361,131,28212,162,150261,152,178473,California
Tuolumne,2020-12-16,47,47,47,47,0,0,0,0,47,47,0,0,47,47,California
Tuolumne,2020-12-17,18,65,18,65,0,0,0,0,18,65,0,0,18,65,California
Tuolumne,2020-12-18,102,167,100,165,2,2,0,0,101,165,1,1,101,166,California
Tuolumne,2020-12-19,4,171,4,169,0,2,0,0,4,169,0,1,4,170,California
Tuolumne,2020-12-20,2,173,2,171,0,2,0,0,2,171,0,1,2,172,California
Tuolumne,2020-12-21,117,290,102,273,15,17,0,0,116,286,1,2,116,288,California
Tuolumne,2020-12-22,172,462,172,445,0,17,0,0,172,458,0,2,172,460,California
Tuolumne,2020-12-23,185,647,182,627,3,20,0,0,184,641,1,3,184,644,California
Tuolumne,2020-12-26,2,649,2,629,0,20,0,0,2,643,0,3,2,646,California
Tuolumne,2020-12-28,80,729,76,705,4,24,0,0,77,717,3,6,77,723,California
Tuolumne,2020-12-29,102,831,39,744,63,87,0,0,102,819,0,6,102,825,California
Tuolumne,2020-12-30,79,910,22,766,57,144,0,0,79,898,0,6,79,904,California
Tuolumne,2020-12-31,28,938,20,786,8,152,0,0,27,924,1,7,27,931,California
Tuolumne,2021-01-01,6,944,5,791,1,153,0,0,6,930,0,7,6,937,California
Tuolumne,2021-01-02,118,1062,116,907,2,155,0,0,118,1048,0,7,118,1055,California
Tuolumne,2021-01-03,2,1064,2,909,0,155,0,0,2,1050,0,7,2,1057,California
Tuolumne,2021-01-04,70,1134,27,936,43,198,0,0,69,1118,1,8,69,1126,California
Tuolumne,2021-01-05,95,1229,28,964,67,265,0,0,91,1205,4,12,91,1217,California
Tuolumne,2021-01-06,133,1362,72,1036,61,326,0,0,68,1208,65,77,68,1285,California
Tuolumne,2021-01-07,120,1482,64,1100,56,382,0,0,64,1217,55,132,64,1349,California
Tuolumne,2021-01-08,106,1588,83,1183,23,405,0,0,26,1167,77,209,27,1376,California
Tuolumne,2021-01-09,2,1590,0,1183,2,407,0,0,2,1169,0,209,2,1378,California
Tuolumne,2021-01-10,3,1593,1,1184,2,409,0,0,3,1172,0,209,3,1381,California
Tuolumne,2021-01-11,117,1710,89,1273,28,437,0,0,34,1124,82,291,34,1415,California
Tuolumne,2021-01-12,104,1814,87,1360,17,454,0,0,18,1059,83,374,18,1433,California
Tuolumne,2021-01-13,232,2046,125,1485,107,561,0,0,182,1193,49,423,183,1616,California
Tuolumne,2021-01-14,149,2195,108,1593,41,602,0,0,43,1133,103,526,43,1659,California
Tuolumne,2021-01-15,482,2677,77,1670,405,1007,0,0,414,1481,67,593,415,2074,California
Tuolumne,2021-01-16,7,2684,3,1673,4,1011,0,0,6,1486,1,594,6,2080,California
Tuolumne,2021-01-17,8,2692,4,1677,4,1015,0,0,8,1494,0,594,8,2088,California
Tuolumne,2021-01-18,46,2738,38,1715,8,1023,0,0,9,1467,36,630,9,2097,California
Tuolumne,2021-01-19,480,3218,75,1790,405,1428,0,0,434,1855,46,676,434,2531,California
Tuolumne,2021-01-20,77,3295,59,1849,18,1446,0,0,24,1828,51,727,24,2555,California
Tuolumne,2021-01-21,58,3353,24,1873,34,1480,0,0,41,1854,15,742,41,2596,California
Tuolumne,2021-01-22,173,3526,18,1891,155,1635,0,0,162,2005,11,753,162,2758,California
Tuolumne,2021-01-23,672,4198,137,2028,535,2170,0,0,559,2451,113,866,559,3317,California
Tuolumne,2021-01-24,528,4726,3,2031,525,2695,0,0,522,2968,5,871,522,3839,California
Tuolumne,2021-01-25,51,4777,28,2059,23,2718,0,0,25,2967,26,897,25,3864,California
Tuolumne,2021-01-26,81,4858,69,2128,12,2730,0,0,40,2969,39,936,41,3905,California
Tuolumne,2021-01-27,61,4919,4,2132,57,2787,0,0,8,2925,52,988,8,3913,California
Tuolumne,2021-01-28,26,4945,6,2138,20,2807,0,0,17,2933,9,997,17,3930,California
Tuolumne,2021-01-29,71,5016,5,2143,66,2873,0,0,32,2926,39,1036,32,3962,California
Tuolumne,2021-01-30,735,5751,571,2714,164,3037,0,0,706,3604,28,1064,706,4668,California
Tuolumne,2021-01-31,7,5758,2,2716,5,3042,0,0,4,3605,3,1067,4,4672,California
Tuolumne,2021-02-01,27,5785,7,2723,20,3062,0,0,24,3626,3,1070,24,4696,California
Tuolumne,2021-02-02,657,6442,46,2769,611,3673,0,0,639,4250,15,1085,639,5335,California
Tuolumne,2021-02-03,241,6683,112,2881,129,3802,0,0,87,4183,154,1239,87,5422,California
Tuolumne,2021-02-04,124,6807,14,2895,110,3912,0,0,61,4183,61,1300,61,5483,California
Tuolumne,2021-02-05,103,6910,15,2910,88,4000,0,0,36,4154,65,1365,36,5519,California
Tuolumne,2021-02-06,877,7787,595,3505,282,4282,0,0,855,4987,22,1387,855,6374,California
Tuolumne,2021-02-07,8,7795,4,3509,4,4286,0,0,4,4987,4,1391,4,6378,California
Tuolumne,2021-02-08,95,7890,42,3551,53,4339,0,0,68,5031,24,1415,68,6446,California
Tuolumne,2021-02-09,877,8767,60,3611,817,5156,0,0,822,5798,55,1470,822,7268,California
Tuolumne,2021-02-10,92,8859,17,3628,75,5231,0,0,31,5769,60,1530,31,7299,California
Tuolumne,2021-02-11,144,9003,69,3697,75,5306,0,0,78,5781,66,1596,78,7377,California
Tuolumne,2021-02-12,661,9664,24,3721,637,5943,0,0,208,5552,437,2033,208,7585,California
Tuolumne,2021-02-13,152,9816,41,3762,111,6054,0,0,121,5644,29,2062,121,7706,California
Tuolumne,2021-02-14,152,9968,14,3776,138,6192,0,0,150,5792,2,2064,150,7856,California
Tuolumne,2021-02-15,189,10157,11,3787,178,6370,0,0,180,5963,9,2073,180,8036,California
Tuolumne,2021-02-16,532,10689,19,3806,513,6883,0,0,122,5683,404,2477,124,8160,California
Tuolumne,2021-02-17,115,10804,66,3872,49,6932,0,0,61,5697,47,2524,61,8221,California
Tuolumne,2021-02-18,694,11498,33,3905,661,7593,0,0,631,6265,63,2587,631,8852,California
Tuolumne,2021-02-19,146,11644,24,3929,122,7715,0,0,43,6211,97,2684,43,8895,California
Tuolumne,2021-02-20,924,12568,349,4278,575,8290,0,0,386,6090,507,3191,386,9281,California
Tuolumne,2021-02-21,1001,13569,45,4323,956,9246,0,0,474,6049,515,3706,474,9755,California
Tuolumne,2021-02-22,79,13648,57,4380,22,9268,0,0,45,6061,33,3739,45,9800,California
Tuolumne,2021-02-23,49,13697,25,4405,24,9292,0,0,26,6065,22,3761,26,9826,California
Tuolumne,2021-02-24,104,13801,58,4463,46,9338,0,0,42,6046,61,3822,42,9868,California
Tuolumne,2021-02-25,1068,14869,45,4508,1023,10361,0,0,1021,7020,47,3869,1021,10889,California
Tuolumne,2021-02-26,152,15021,11,4519,141,10502,0,0,125,7119,27,3896,126,11015,California
Tuolumne,2021-02-27,975,15996,594,5113,381,10883,0,0,252,6688,684,4580,253,11268,California
Tuolumne,2021-02-28,56,16052,4,5117,52,10935,0,0,52,6737,3,4583,52,11320,California
Tuolumne,2021-03-01,117,16169,22,5139,94,11029,1,1,78,6779,38,4621,80,11400,California
Tuolumne,2021-03-02,713,16882,79,5218,634,11663,0,1,106,6288,597,5218,106,11506,California
Tuolumne,2021-03-03,95,16977,21,5239,74,11737,0,1,67,6328,27,5245,67,11573,California
Tuolumne,2021-03-04,1183,18160,81,5320,1102,12839,0,1,1107,7359,76,5321,1107,12680,California
Tuolumne,2021-03-05,91,18251,10,5330,81,12920,0,1,53,7376,37,5358,54,12734,California
Tuolumne,2021-03-06,1082,19333,617,5947,463,13383,2,3,207,6745,840,6198,209,12943,California
Tuolumne,2021-03-07,40,19373,12,5959,14,13397,14,17,18,6755,22,6220,32,12975,California
Tuolumne,2021-03-08,197,19570,90,6049,100,13497,7,24,139,6843,58,6278,146,13121,California
Tuolumne,2021-03-09,872,20442,24,6073,837,14334,11,35,67,6148,774,7052,79,13200,California
Tuolumne,2021-03-10,79,20521,12,6085,56,14390,11,46,54,6188,25,7077,65,13265,California
Tuolumne,2021-03-11,1299,21820,47,6132,1247,15637,5,51,1258,7415,38,7115,1265,14530,California
Tuolumne,2021-03-12,302,22122,36,6168,250,15887,16,67,189,7512,110,7225,207,14737,California
Tuolumne,2021-03-13,114,22236,13,6181,101,15988,0,67,83,7567,29,7254,84,14821,California
Tuolumne,2021-03-14,148,22384,10,6191,129,16117,9,76,7,7447,141,7395,21,14842,California
Tuolumne,2021-03-15,303,22687,82,6273,218,16335,3,79,104,7364,198,7593,115,14957,California
Tuolumne,2021-03-16,812,23499,45,6318,756,17091,11,90,669,7902,142,7735,680,15637,California
Tuolumne,2021-03-17,154,23653,33,6351,108,17199,13,103,79,7921,73,7808,92,15729,California
Tuolumne,2021-03-18,960,24613,34,6385,912,18111,14,117,317,7633,618,8426,330,16059,California
Tuolumne,2021-03-19,137,24750,19,6404,87,18198,31,148,73,7673,63,8489,103,16162,California
Tuolumne,2021-03-20,96,24846,8,6412,78,18276,10,158,41,7669,54,8543,50,16212,California
Tuolumne,2021-03-21,856,25702,403,6815,443,18719,10,168,42,6953,768,9311,52,16264,California
Tuolumne,2021-03-22,164,25866,73,6888,72,18791,19,187,97,7004,66,9377,117,16381,California
Tuolumne,2021-03-23,717,26583,638,7526,65,18856,14,201,674,7649,42,9419,687,17068,California
Tuolumne,2021-03-24,110,26693,20,7546,72,18928,18,219,76,7710,33,9452,94,17162,California
Tuolumne,2021-03-25,1318,28011,34,7580,1280,20208,4,223,327,7082,958,10410,330,17492,California
Tuolumne,2021-03-26,278,28289,17,7597,237,20445,24,247,115,7073,149,10559,140,17632,California
Tuolumne,2021-03-27,600,28889,63,7660,537,20982,0,247,317,7121,270,10829,318,17950,California
Tuolumne,2021-03-28,46,28935,5,7665,41,21023,0,247,7,7091,38,10867,8,17958,California
Tuolumne,2021-03-29,207,29142,83,7748,124,21147,0,247,109,7107,93,10960,109,18067,California
Tuolumne,2021-03-30,162,29304,9,7757,152,21299,1,248,118,7183,43,11003,119,18186,California
Tuolumne,2021-03-31,94,29398,13,7770,79,21378,2,250,37,7167,55,11058,39,18225,California
Tuolumne,2021-04-01,1261,30659,34,7804,1227,22605,0,250,229,6387,1009,12067,229,18454,California
Tuolumne,2021-04-02,166,30825,9,7813,131,22736,26,276,90,6430,73,12140,116,18570,California
Tuolumne,2021-04-03,436,31261,36,7849,399,23135,1,277,239,6486,183,12323,239,18809,California
Tuolumne,2021-04-04,33,31294,3,7852,30,23165,0,277,20,6495,11,12334,20,18829,California
Tuolumne,2021-04-05,133,31427,20,7872,106,23271,7,284,59,6488,73,12407,66,18895,California
Tuolumne,2021-04-06,652,32079,516,8388,109,23380,27,311,516,6897,135,12542,544,19439,California
Tuolumne,2021-04-07,128,32207,37,8425,75,23455,16,327,50,6885,78,12620,66,19505,California
Tuolumne,2021-04-08,1464,33671,44,8469,1405,24860,15,342,248,5965,1183,13803,263,19768,California
Tuolumne,2021-04-09,277,33948,43,8512,191,25051,43,385,133,6002,142,13945,179,19947,California
Tuolumne,2021-04-10,55,34003,2,8514,33,25084,20,405,22,6012,32,13977,42,19989,California
Tuolumne,2021-04-11,18,34021,3,8517,12,25096,3,408,12,6021,6,13983,15,20004,California
Tuolumne,2021-04-12,175,34196,67,8584,103,25199,5,413,90,6040,76,14059,95,20099,California
Tuolumne,2021-04-13,794,34990,40,8624,754,25953,0,413,171,5607,604,14663,171,20270,California
Tuolumne,2021-04-14,158,35148,31,8655,127,26080,0,413,79,5612,75,14738,80,20350,California
Tuolumne,2021-04-15,345,35493,21,8676,324,26404,0,413,60,5394,278,15016,60,20410,California
Tuolumne,2021-04-16,258,35751,53,8729,205,26609,0,413,143,5435,102,15118,143,20553,California
Tuolumne,2021-04-17,44,35795,5,8734,39,26648,0,413,27,5445,17,15135,27,20580,California
Tuolumne,2021-04-18,9,35804,2,8736,7,26655,0,413,5,5447,4,15139,6,20586,California
Tuolumne,2021-04-19,177,35981,79,8815,98,26753,0,413,99,5470,76,15215,99,20685,California
Tuolumne,2021-04-20,714,36695,616,9431,98,26851,0,413,74,4920,624,15839,74,20759,California
Tuolumne,2021-04-21,118,36813,25,9456,93,26944,0,413,62,4931,51,15890,62,20821,California
Tuolumne,2021-04-22,712,37525,46,9502,666,27610,0,413,430,5091,271,16161,431,21252,California
Tuolumne,2021-04-23,174,37699,30,9532,144,27754,0,413,82,5085,88,16249,82,21334,California
Tuolumne,2021-04-24,78,37777,17,9549,61,27815,0,413,49,5105,29,16278,49,21383,California
Tuolumne,2021-04-25,25,37802,9,9558,16,27831,0,413,22,5124,3,16281,22,21405,California
Tuolumne,2021-04-26,157,37959,56,9614,101,27932,0,413,73,5115,83,16364,74,21479,California
Tuolumne,2021-04-27,139,38098,22,9636,110,28042,7,420,64,5115,71,16435,71,21550,California
Tuolumne,2021-04-28,113,38211,21,9657,81,28123,11,431,60,5134,52,16487,71,21621,California
Tuolumne,2021-04-29,281,38492,17,9674,256,28379,8,439,55,4977,220,16707,63,21684,California
Tuolumne,2021-04-30,376,38868,30,9704,334,28713,12,451,71,4777,283,16990,83,21767,California
Tuolumne,2021-05-01,25,38893,7,9711,13,28726,5,456,16,4789,9,16999,21,21788,California
Tuolumne,2021-05-02,26,38919,3,9714,21,28747,2,458,19,4803,7,17006,21,21809,California
Tuolumne,2021-05-03,111,39030,14,9728,92,28839,5,463,36,4771,73,17079,41,21850,California
Tuolumne,2021-05-04,709,39739,602,10330,103,28942,4,467,215,4499,490,17569,218,22068,California
Tuolumne,2021-05-05,110,39849,27,10357,77,29019,6,473,57,4514,48,17617,63,22131,California
Tuolumne,2021-05-06,288,40137,13,10370,259,29278,16,489,41,4327,243,17860,56,22187,California
Tuolumne,2021-05-07,330,40467,26,10396,296,29574,8,497,71,4151,255,18115,79,22266,California
Tuolumne,2021-05-08,46,40513,6,10402,36,29610,4,501,31,4171,15,18130,35,22301,California
Tuolumne,2021-05-09,17,40530,2,10404,13,29623,2,503,3,4162,14,18144,5,22306,California
Tuolumne,2021-05-10,113,40643,44,10448,63,29686,6,509,32,4120,80,18224,38,22344,California
Tuolumne,2021-05-11,204,40847,63,10511,128,29814,13,522,55,4040,147,18371,67,22411,California
Tuolumne,2021-05-12,131,40978,20,10531,107,29921,4,526,49,4013,80,18451,53,22464,California
Tuolumne,2021-05-13,116,41094,18,10549,90,30011,8,534,72,4048,44,18495,79,22543,California
Tuolumne,2021-05-14,208,41302,76,10625,121,30132,11,545,107,4067,98,18593,117,22660,California
Tuolumne,2021-05-15,56,41358,14,10639,35,30167,7,552,18,4055,38,18631,26,22686,California
Tuolumne,2021-05-16,26,41384,8,10647,16,30183,2,554,13,4057,13,18644,15,22701,California
Tuolumne,2021-05-17,111,41495,30,10677,78,30261,3,557,47,4046,62,18706,51,22752,California
Tuolumne,2021-05-18,178,41673,54,10731,77,30338,47,604,58,4032,119,18825,105,22857,California
Tuolumne,2021-05-19,119,41792,20,10751,66,30404,33,637,47,4041,71,18896,80,22937,California
Tuolumne,2021-05-20,405,42197,18,10769,382,30786,5,642,52,3747,351,19247,57,22994,California
Tuolumne,2021-05-21,199,42396,91,10860,103,30889,5,647,119,3795,76,19323,124,23118,California
Tuolumne,2021-05-22,56,42452,17,10877,34,30923,5,652,24,3792,31,19354,28,23146,California
Tuolumne,2021-05-23,27,42479,7,10884,19,30942,1,653,10,3786,17,19371,11,23157,California
Tuolumne,2021-05-24,134,42613,41,10925,87,31029,6,659,51,3761,82,19453,57,23214,California
Tuolumne,2021-05-25,294,42907,219,11144,69,31098,6,665,110,3694,183,19636,116,23330,California
Tuolumne,2021-05-26,88,42995,24,11168,62,31160,2,667,37,3682,51,19687,39,23369,California
Tuolumne,2021-05-27,74,43069,13,11181,58,31218,3,670,29,3670,44,19731,32,23401,California
Tuolumne,2021-05-28,111,43180,53,11234,57,31275,1,671,65,3692,44,19775,66,23467,California
Tuolumne,2021-05-29,38,43218,7,11241,25,31300,6,677,17,3694,21,19796,23,23490,California
Tuolumne,2021-05-30,18,43236,1,11242,14,31314,3,680,4,3687,14,19810,7,23497,California
Tuolumne,2021-05-31,10,43246,2,11244,7,31321,1,681,2,3682,8,19818,3,23500,California
Tuolumne,2021-06-01,75,43321,20,11264,52,31373,3,684,22,3655,52,19870,25,23525,California
Tuolumne,2021-06-02,73,43394,7,11271,58,31431,8,692,23,3637,49,19919,31,23556,California
Tuolumne,2021-06-03,75,43469,25,11296,35,31466,15,707,23,3624,51,19970,38,23594,California
Tuolumne,2021-06-04,132,43601,62,11358,67,31533,3,710,38,3573,92,20062,41,23635,California
Tuolumne,2021-06-05,40,43641,10,11368,28,31561,2,712,16,3568,23,20085,18,23653,California
Tuolumne,2021-06-06,19,43660,5,11373,7,31568,7,719,5,3566,14,20099,12,23665,California
Tuolumne,2021-06-07,59,43719,14,11387,37,31605,8,727,26,3567,33,20132,34,23699,California
Tuolumne,2021-06-08,74,43793,23,11410,50,31655,1,728,27,3551,44,20176,28,23727,California
Tuolumne,2021-06-09,87,43880,45,11455,32,31687,10,738,40,3556,45,20221,50,23777,California
Tuolumne,2021-06-10,96,43976,15,11470,74,31761,7,745,26,3519,70,20291,33,23810,California
Tuolumne,2021-06-11,102,44078,49,11519,50,31811,3,748,27,3475,74,20365,30,23840,California
Tuolumne,2021-06-12,60,44138,19,11538,25,31836,16,764,18,3469,40,20405,34,23874,California
Tuolumne,2021-06-13,17,44155,2,11540,10,31846,5,769,3,3463,14,20419,8,23882,California
Tuolumne,2021-06-14,84,44239,30,11570,50,31896,4,773,48,3479,36,20455,52,23934,California
Tuolumne,2021-06-15,128,44367,81,11651,38,31934,9,782,23,3408,103,20558,32,23966,California
Tuolumne,2021-06-16,58,44425,33,11684,22,31956,3,785,33,3419,25,20583,36,24002,California
Ventura,2020-12-15,5,5,5,5,0,0,0,0,5,5,0,0,5,5,California
Ventura,2020-12-16,74,79,74,79,0,0,0,0,74,79,0,0,74,79,California
Ventura,2020-12-17,250,329,250,329,0,0,0,0,250,329,0,0,250,329,California
Ventura,2020-12-18,1412,1741,1412,1741,0,0,0,0,1412,1741,0,0,1412,1741,California
Ventura,2020-12-19,914,2655,913,2654,1,1,0,0,914,2655,0,0,914,2655,California
Ventura,2020-12-20,429,3084,429,3083,0,1,0,0,429,3084,0,0,429,3084,California
Ventura,2020-12-21,1464,4548,1464,4547,0,1,0,0,1464,4548,0,0,1464,4548,California
Ventura,2020-12-22,1104,5652,1100,5647,4,5,0,0,1104,5652,0,0,1104,5652,California
Ventura,2020-12-23,1032,6684,982,6629,50,55,0,0,1032,6684,0,0,1032,6684,California
Ventura,2020-12-24,474,7158,377,7006,97,152,0,0,474,7158,0,0,474,7158,California
Ventura,2020-12-25,12,7170,7,7013,5,157,0,0,12,7170,0,0,12,7170,California
Ventura,2020-12-26,116,7286,95,7108,21,178,0,0,116,7286,0,0,116,7286,California
Ventura,2020-12-27,60,7346,29,7137,31,209,0,0,60,7346,0,0,60,7346,California
Ventura,2020-12-28,1072,8418,930,8067,142,351,0,0,1072,8418,0,0,1072,8418,California
Ventura,2020-12-29,1181,9599,773,8840,408,759,0,0,1181,9599,0,0,1181,9599,California
Ventura,2020-12-30,1991,11590,1528,10368,463,1222,0,0,1991,11590,0,0,1991,11590,California
Ventura,2020-12-31,481,12071,163,10531,318,1540,0,0,476,12061,5,5,476,12066,California
Ventura,2021-01-01,37,12108,14,10545,23,1563,0,0,37,12098,0,5,37,12103,California
Ventura,2021-01-02,172,12280,77,10622,95,1658,0,0,172,12270,0,5,172,12275,California
Ventura,2021-01-03,18,12298,8,10630,10,1668,0,0,18,12288,0,5,18,12293,California
Ventura,2021-01-04,1099,13397,556,11186,543,2211,0,0,1098,13386,0,5,1098,13391,California
Ventura,2021-01-05,1379,14776,782,11968,597,2808,0,0,1334,14675,45,50,1334,14725,California
Ventura,2021-01-06,2049,16825,1170,13138,879,3687,0,0,1623,15883,417,467,1625,16350,California
Ventura,2021-01-07,2063,18888,1319,14457,744,4431,0,0,1179,16182,881,1348,1180,17530,California
Ventura,2021-01-08,2197,21085,1475,15932,722,5153,0,0,907,15802,1288,2636,908,18438,California
Ventura,2021-01-09,718,21803,497,16429,221,5374,0,0,316,15716,402,3038,316,18754,California
Ventura,2021-01-10,341,22144,324,16753,17,5391,0,0,127,15629,214,3252,127,18881,California
Ventura,2021-01-11,2446,24590,1492,18245,954,6345,0,0,1490,16167,956,4208,1494,20375,California
Ventura,2021-01-12,3041,27631,1609,19854,1432,7777,0,0,2012,17150,1029,5237,2012,22387,California
Ventura,2021-01-13,2930,30561,1434,21288,1496,9273,0,0,2040,18304,887,6124,2041,24428,California
Ventura,2021-01-14,2728,33289,1053,22341,1675,10948,0,0,2284,20146,443,6567,2285,26713,California
Ventura,2021-01-15,2885,36174,965,23306,1920,12868,0,0,2670,22602,215,6782,2671,29384,California
Ventura,2021-01-16,479,36653,187,23493,292,13160,0,0,400,22923,79,6861,400,29784,California
Ventura,2021-01-17,263,36916,144,23637,119,13279,0,0,254,23169,8,6869,254,30038,California
Ventura,2021-01-18,2214,39130,1671,25308,543,13822,0,0,1667,24291,546,7415,1668,31706,California
Ventura,2021-01-19,3046,42176,2128,27436,918,14740,0,0,2147,25542,899,8314,2150,33856,California
Ventura,2021-01-20,4107,46283,3160,30596,947,15687,0,0,3047,27534,1057,9371,3049,36905,California
Ventura,2021-01-21,3865,50148,2705,33301,1160,16847,0,0,3184,30048,673,10044,3187,40092,California
Ventura,2021-01-22,3587,53735,2478,35779,1109,17956,0,0,3421,33305,166,10210,3423,43515,California
Ventura,2021-01-23,1147,54882,631,36410,516,18472,0,0,1050,34261,96,10306,1052,44567,California
Ventura,2021-01-24,451,55333,135,36545,316,18788,0,0,438,34686,13,10319,438,45005,California
Ventura,2021-01-25,3119,58452,2010,38555,1109,19897,0,0,2564,36697,554,10873,2565,47570,California
Ventura,2021-01-26,3691,62143,2210,40765,1481,21378,0,0,2684,38379,1004,11877,2686,50256,California
Ventura,2021-01-27,3445,65588,1552,42317,1893,23271,0,0,2693,40325,749,12626,2695,52951,California
Ventura,2021-01-28,3836,69424,1985,44302,1851,25122,0,0,3215,42936,606,13232,3217,56168,California
Ventura,2021-01-29,4269,73693,2530,46832,1739,26861,0,0,3765,46214,491,13723,3769,59937,California
Ventura,2021-01-30,3035,76728,1971,48803,1064,27925,0,0,2864,48912,167,13890,2865,62802,California
Ventura,2021-01-31,810,77538,427,49230,383,28308,0,0,723,49549,86,13976,723,63525,California
Ventura,2021-02-01,3962,81500,2117,51347,1845,30153,0,0,3179,51955,775,14751,3181,66706,California
Ventura,2021-02-02,4381,85881,2346,53693,2035,32188,0,0,3353,54286,1024,15775,3355,70061,California
Ventura,2021-02-03,4424,90305,2079,55772,2345,34533,0,0,3414,56696,1005,16780,3415,73476,California
Ventura,2021-02-04,4783,95088,2289,58061,2494,37027,0,0,3505,58935,1270,18050,3509,76985,California
Ventura,2021-02-05,4834,99922,2327,60388,2507,39534,0,0,3336,60788,1485,19535,3338,80323,California
Ventura,2021-02-06,2807,102729,1502,61890,1305,40839,0,0,2408,62798,398,19933,2408,82731,California
Ventura,2021-02-07,727,103456,238,62128,489,41328,0,0,598,63268,129,20062,599,83330,California
Ventura,2021-02-08,3531,106987,1642,63770,1889,43217,0,0,2437,64617,1089,21151,2438,85768,California
Ventura,2021-02-09,4701,111688,1963,65733,2738,45955,0,0,2452,64826,2246,23397,2455,88223,California
Ventura,2021-02-10,4689,116377,2222,67955,2467,48422,0,0,2379,64908,2298,25695,2380,90603,California
Ventura,2021-02-11,4650,121027,1862,69817,2788,51210,0,0,2433,65135,2209,27904,2436,93039,California
Ventura,2021-02-12,6287,127314,2648,72465,3639,54849,0,0,3222,65299,3058,30962,3222,96261,California
Ventura,2021-02-13,3270,130584,1813,74278,1457,56306,0,0,1832,65699,1434,32396,1834,98095,California
Ventura,2021-02-14,1206,131790,122,74400,1084,57390,0,0,996,66486,210,32606,997,99092,California
Ventura,2021-02-15,3968,135758,1786,76186,2182,59572,0,0,2105,66731,1860,34466,2105,101197,California
Ventura,2021-02-16,5528,141286,2695,78881,2833,62405,0,0,3000,67213,2518,36984,3000,104197,California
Ventura,2021-02-17,5271,146557,1903,80784,3368,65773,0,0,3327,68605,1935,38919,3327,107524,California
Ventura,2021-02-18,5755,152312,1815,82599,3940,69713,0,0,3638,70140,2103,41022,3638,111162,California
Ventura,2021-02-19,6458,158770,3756,86355,2702,72415,0,0,3002,69695,3450,44472,3005,114167,California
Ventura,2021-02-20,4923,163693,3168,89523,1755,74170,0,0,2752,70289,2162,46634,2756,116923,California
Ventura,2021-02-21,1076,164769,791,90314,285,74455,0,0,443,70104,628,47262,443,117366,California
Ventura,2021-02-22,5403,170172,2411,92725,2992,77447,0,0,3462,71635,1932,49194,3463,120829,California
Ventura,2021-02-23,5922,176094,2943,95668,2979,80426,0,0,3413,72560,2490,51684,3415,124244,California
Ventura,2021-02-24,7052,183146,2610,98278,4442,84868,0,0,4257,74041,2778,54462,4259,128503,California
Ventura,2021-02-25,7543,190689,2560,100838,4983,89851,0,0,4578,75669,2952,57414,4580,133083,California
Ventura,2021-02-26,9424,200113,2765,103603,6659,96510,0,0,6177,78628,3222,60636,6181,139264,California
Ventura,2021-02-27,10558,210671,5269,108872,5289,101799,0,0,7946,83990,2594,63230,7956,147220,California
Ventura,2021-02-28,2523,213194,1615,110487,907,102706,1,1,2064,85604,450,63680,2064,149284,California
Ventura,2021-03-01,7124,220318,2835,113322,4286,106992,3,4,4729,87971,2378,66058,4745,154029,California
Ventura,2021-03-02,7700,228018,4033,117355,3665,110657,2,6,5401,91084,2288,68346,5401,159430,California
Ventura,2021-03-03,8644,236662,3907,121262,4734,115391,3,9,6101,94667,2525,70871,6108,165538,California
Ventura,2021-03-04,8287,244949,3873,125135,4414,119805,0,9,5598,97595,2672,73543,5600,171138,California
Ventura,2021-03-05,10078,255027,4819,129954,5249,125054,10,19,7189,101929,2873,76416,7207,178345,California
Ventura,2021-03-06,7737,262764,4393,134347,3191,128245,153,172,5774,105904,1954,78370,5929,184274,California
Ventura,2021-03-07,1647,264411,609,134956,938,129183,100,272,1237,106831,410,78780,1337,185611,California
Ventura,2021-03-08,6834,271245,3439,138395,3241,132424,154,426,4727,109615,2100,80880,4884,190495,California
Ventura,2021-03-09,6841,278086,3016,141411,3631,136055,194,620,3973,110931,2855,83735,4171,194666,California
Ventura,2021-03-10,7025,285111,3016,144427,3769,139824,240,860,4703,113566,2307,86042,4942,199608,California
Ventura,2021-03-11,6532,291643,2886,147313,3334,143158,312,1172,3570,114500,2946,88988,3880,203488,California
Ventura,2021-03-12,8715,300358,3039,150352,4831,147989,845,2017,4279,115204,4418,93406,5122,208610,California
Ventura,2021-03-13,7261,307619,2499,152851,3924,151913,838,2855,4327,117445,2925,96331,5166,213776,California
Ventura,2021-03-14,2106,309725,465,153316,1141,153054,500,3355,705,117252,1399,97730,1206,214982,California
Ventura,2021-03-15,7080,316805,2037,155353,3693,156747,1350,4705,3140,117821,3915,101645,4484,219466,California
Ventura,2021-03-16,8128,324933,2450,157803,4564,161311,1114,5819,4194,119206,3921,105566,5306,224772,California
Ventura,2021-03-17,7730,332663,2792,160595,4593,165904,345,6164,4722,121289,2986,108552,5069,229841,California
Ventura,2021-03-18,7409,340072,3264,163859,3997,169901,148,6312,4838,123716,2558,111110,4985,234826,California
Ventura,2021-03-19,8640,348712,3785,167644,4744,174645,111,6423,5240,125690,3375,114485,5349,240175,California
Ventura,2021-03-20,8875,357587,5929,173573,2923,177568,23,6446,4613,126088,4239,118724,4637,244812,California
Ventura,2021-03-21,2781,360368,1516,175089,893,178461,372,6818,1309,126307,1458,120182,1677,246489,California
Ventura,2021-03-22,7404,367772,3681,178770,3620,182081,103,6921,4886,128799,2499,122681,4991,251480,California
Ventura,2021-03-23,8215,375987,3911,182681,4232,186313,72,6993,4605,129893,3581,126262,4675,256155,California
Ventura,2021-03-24,8935,384922,3409,186090,5450,191763,76,7069,4479,130025,4425,130687,4557,260712,California
Ventura,2021-03-25,8817,393739,3903,189993,4813,196576,101,7170,4461,130249,4337,135024,4561,265273,California
Ventura,2021-03-26,9960,403699,3365,193358,5939,202515,656,7826,4004,128981,5926,140950,4658,269931,California
Ventura,2021-03-27,8745,412444,3926,197284,4781,207296,38,7864,2412,125138,6294,147244,2451,272382,California
Ventura,2021-03-28,2507,414951,1407,198691,1092,208388,8,7872,1355,125355,1146,148390,1363,273745,California
Ventura,2021-03-29,8625,423576,4321,203012,4258,212646,46,7918,4272,125350,4323,152713,4318,278063,California
Ventura,2021-03-30,8987,432563,4458,207470,4401,217047,128,8046,4378,125261,4594,157307,4505,282568,California
Ventura,2021-03-31,10819,443382,4862,212332,5330,222377,627,8673,4686,124466,6106,163413,5311,287879,California
Ventura,2021-04-01,10892,454274,5280,217612,4734,227111,878,9551,5491,125471,5358,168771,6363,294242,California
Ventura,2021-04-02,11813,466087,4633,222245,5841,232952,1339,10890,5660,126353,6118,174889,7000,301242,California
Ventura,2021-04-03,8092,474179,4018,226263,2900,235852,1174,12064,3421,126281,4659,179548,4587,305829,California
Ventura,2021-04-04,1705,475884,953,227216,617,236469,135,12199,1144,127005,555,180103,1279,307108,California
Ventura,2021-04-05,9421,485305,4851,232067,3455,239924,1115,13314,4805,128319,4603,184706,5917,313025,California
Ventura,2021-04-06,10962,496267,5562,237629,3909,243833,1491,14805,5652,130177,5283,189989,7141,320166,California
Ventura,2021-04-07,11478,507745,5394,243023,4581,248414,1503,16308,5254,130723,6204,196193,6750,326916,California
Ventura,2021-04-08,10456,518201,5276,248299,4196,252610,984,17292,5221,131709,5210,201403,6196,333112,California
Ventura,2021-04-09,11357,529558,4365,252664,5264,257874,1728,19020,4970,132036,6362,207765,6689,339801,California
Ventura,2021-04-10,9851,539409,4163,256827,3523,261397,2165,21185,3061,130486,6771,214536,5221,345022,California
Ventura,2021-04-11,2440,541849,853,257680,1010,262407,577,21762,682,129995,1748,216284,1257,346279,California
Ventura,2021-04-12,9073,550922,4505,262185,3734,266141,834,22596,3807,129383,5249,221533,4637,350916,California
Ventura,2021-04-13,8922,559844,4541,266726,4375,270516,6,22602,3776,128064,5107,226640,3788,354704,California
Ventura,2021-04-14,8854,568698,4126,270852,4713,275229,15,22617,3414,126106,5402,232042,3444,358148,California
Ventura,2021-04-15,9477,578175,4595,275447,4856,280085,26,22643,4162,125056,5283,237325,4233,362381,California
Ventura,2021-04-16,10216,588391,4482,279929,5732,285817,2,22645,4828,124581,5368,242693,4893,367274,California
Ventura,2021-04-17,8951,597342,5340,285269,3597,289414,14,22659,5217,126096,3717,246410,5232,372506,California
Ventura,2021-04-18,2121,599463,1006,286275,1115,290529,0,22659,907,125795,1208,247618,907,373413,California
Ventura,2021-04-19,8109,607572,4841,291116,3266,293795,2,22661,4681,127076,3404,251022,4685,378098,California
Ventura,2021-04-20,9317,616889,4913,296029,4399,298194,5,22666,4394,126583,4898,255920,4405,382503,California
Ventura,2021-04-21,8973,625862,4597,300626,4371,302565,5,22671,4302,126234,4657,260577,4308,386811,California
Ventura,2021-04-22,10074,635936,5487,306113,4587,307152,0,22671,4497,125175,5557,266134,4498,391309,California
Ventura,2021-04-23,10891,646827,5378,311491,5512,312664,1,22672,5431,125175,5432,271566,5432,396741,California
Ventura,2021-04-24,10527,657354,5887,317378,4640,317304,0,22672,6196,127058,4314,275880,6197,402938,California
Ventura,2021-04-25,2472,659826,1712,319090,760,318064,0,22672,1156,126901,1313,277193,1156,404094,California
Ventura,2021-04-26,7938,667764,4529,323619,3342,321406,67,22739,3308,125671,4600,281793,3370,407464,California
Ventura,2021-04-27,9135,676899,5087,328706,3823,325229,225,22964,3443,123662,5675,287468,3666,411130,California
Ventura,2021-04-28,8338,685237,4816,333522,3204,328433,318,23282,3265,122196,5050,292518,3584,414714,California
Ventura,2021-04-29,7870,693107,4214,337736,3392,331825,264,23546,2788,120193,5054,297572,3051,417765,California
Ventura,2021-04-30,9427,702534,5432,343168,3721,335546,274,23820,3894,118850,5500,303072,4157,421922,California
Ventura,2021-05-01,5111,707645,3618,346786,1390,336936,103,23923,2028,117922,3058,306130,2130,424052,California
Ventura,2021-05-02,2115,709760,1419,348205,608,337544,88,24011,1025,117950,1086,307216,1114,425166,California
Ventura,2021-05-03,6275,716035,3860,352065,2136,339680,279,24290,1968,115909,4287,311503,2246,427412,California
Ventura,2021-05-04,6336,722371,3287,355352,2756,342436,293,24583,2299,114478,4023,315526,2592,430004,California
Ventura,2021-05-05,5374,727745,2981,358333,2135,344571,258,24841,1935,113254,3411,318937,2187,432191,California
Ventura,2021-05-06,6214,733959,3203,361536,2743,347314,268,25109,1994,111316,4201,323138,2263,434454,California
Ventura,2021-05-07,6798,740757,3356,364892,3171,350485,271,25380,2337,109491,4433,327571,2608,437062,California
Ventura,2021-05-08,5346,746103,4144,369036,1041,351526,161,25541,1219,106757,4112,331683,1378,438440,California
Ventura,2021-05-09,1030,747133,724,369760,260,351786,46,25587,387,106553,636,332319,432,438872,California
Ventura,2021-05-10,6123,753256,4081,373841,1830,353616,212,25799,1390,103433,4721,337040,1601,440473,California
Ventura,2021-05-11,5301,758557,3263,377104,1813,355429,225,26024,1526,101419,3764,340804,1750,442223,California
Ventura,2021-05-12,4967,763524,2892,379996,1858,357287,217,26241,1541,99767,3411,344215,1759,443982,California
Ventura,2021-05-13,6255,769779,3749,383745,2295,359582,211,26452,2227,98194,4013,348228,2440,446422,California
Ventura,2021-05-14,7289,777068,4459,388204,2627,362209,203,26655,2755,96633,4515,352743,2954,449376,California
Ventura,2021-05-15,6703,783771,5357,393561,1261,363470,85,26740,2787,95613,3893,356636,2873,452249,California
Ventura,2021-05-16,2165,785936,1676,395237,436,363906,53,26793,1019,95544,1141,357777,1072,453321,California
Ventura,2021-05-17,5877,791813,3547,398784,2116,366022,214,27007,2422,94742,3437,361214,2635,455956,California
Ventura,2021-05-18,5397,797210,3168,401952,2050,368072,179,27186,2154,93851,3223,364437,2332,458288,California
Ventura,2021-05-19,5820,803030,3519,405471,2091,370163,210,27396,2382,93027,3412,367849,2588,460876,California
Ventura,2021-05-20,5457,808487,3025,408496,2274,372437,158,27554,2156,92065,3272,371121,2310,463186,California
Ventura,2021-05-21,7917,816404,4463,412959,3279,375716,175,27729,2593,89541,5291,376412,2767,465953,California
Ventura,2021-05-22,5604,822008,2848,415807,2681,378397,75,27804,1746,87513,3849,380261,1821,467774,California
Ventura,2021-05-23,1935,823943,1476,417283,388,378785,71,27875,729,87115,1199,381460,801,468575,California
Ventura,2021-05-24,4508,828451,2435,419718,1907,380692,166,28041,1432,85651,3059,384519,1595,470170,California
Ventura,2021-05-25,4272,832723,2209,421927,1910,382602,153,28194,1408,84367,2844,387363,1560,471730,California
Ventura,2021-05-26,4267,836990,2270,424197,1834,384436,163,28357,1657,83596,2591,389954,1820,473550,California
Ventura,2021-05-27,3850,840840,1895,426092,1827,386263,128,28485,1372,82630,2465,392419,1499,475049,California
Ventura,2021-05-28,4556,845396,2475,428567,1889,388152,192,28677,1986,82252,2553,394972,2175,477224,California
Ventura,2021-05-29,2141,847537,1336,429903,738,388890,67,28744,1039,82267,1091,396063,1106,478330,California
Ventura,2021-05-30,900,848437,578,430481,269,389159,53,28797,370,82162,528,396591,423,478753,California
Ventura,2021-05-31,255,848692,136,430617,109,389268,10,28807,60,82037,195,396786,70,478823,California
Ventura,2021-06-01,3984,852676,2271,432888,1548,390816,165,28972,1300,80838,2664,399450,1465,480288,California
Ventura,2021-06-02,2954,855630,1625,434513,1193,392009,136,29108,1022,80078,1918,401368,1158,481446,California
Ventura,2021-06-03,3233,858863,1994,436507,1083,393092,156,29264,918,78849,2303,403671,1074,482520,California
Ventura,2021-06-04,4549,863412,3009,439516,1380,394472,160,29424,1479,77432,3056,406727,1639,484159,California
Ventura,2021-06-05,3804,867216,3176,442692,565,395037,63,29487,1166,76036,2625,409352,1229,485388,California
Ventura,2021-06-06,1244,868460,1061,443753,138,395175,45,29532,293,75432,941,410293,337,485725,California
Ventura,2021-06-07,3158,871618,2351,446104,698,395873,109,29641,956,74309,2188,412481,1065,486790,California
Ventura,2021-06-08,2977,874595,1980,448084,864,396737,133,29774,880,73234,2088,414569,1013,487803,California
Ventura,2021-06-09,2926,877521,2035,450119,785,397522,106,29880,758,71940,2157,416726,863,488666,California
Ventura,2021-06-10,3018,880539,2109,452228,807,398329,102,29982,815,70664,2192,418918,916,489582,California
Ventura,2021-06-11,3447,883986,2370,454598,943,399272,134,30116,967,69293,2469,421387,1098,490680,California
Ventura,2021-06-12,2146,886132,1677,456275,424,399696,45,30161,518,68234,1622,423009,563,491243,California
Ventura,2021-06-13,992,887124,762,457037,168,399864,62,30223,230,67765,761,423770,292,491535,California
Ventura,2021-06-14,2445,889569,1627,458664,701,400565,117,30340,733,66916,1696,425466,847,492382,California
Ventura,2021-06-15,2271,891840,1446,460110,719,401284,106,30446,788,66338,1471,426937,893,493275,California
Ventura,2021-06-16,1073,892913,724,460834,280,401564,69,30515,373,66088,692,427629,442,493717,California
Yolo,2020-12-15,39,39,39,39,0,0,0,0,39,39,0,0,39,39,California
Yolo,2020-12-16,78,117,78,117,0,0,0,0,78,117,0,0,78,117,California
Yolo,2020-12-17,106,223,106,223,0,0,0,0,106,223,0,0,106,223,California
Yolo,2020-12-18,229,452,229,452,0,0,0,0,229,452,0,0,229,452,California
Yolo,2020-12-19,86,538,86,538,0,0,0,0,86,538,0,0,86,538,California
Yolo,2020-12-20,103,641,103,641,0,0,0,0,103,641,0,0,103,641,California
Yolo,2020-12-21,255,896,255,896,0,0,0,0,255,896,0,0,255,896,California
Yolo,2020-12-22,384,1280,383,1279,1,1,0,0,384,1280,0,0,384,1280,California
Yolo,2020-12-23,439,1719,420,1699,19,20,0,0,439,1719,0,0,439,1719,California
Yolo,2020-12-24,154,1873,96,1795,58,78,0,0,154,1873,0,0,154,1873,California
Yolo,2020-12-25,1,1874,1,1796,0,78,0,0,1,1874,0,0,1,1874,California
Yolo,2020-12-26,75,1949,25,1821,50,128,0,0,75,1949,0,0,75,1949,California
Yolo,2020-12-27,47,1996,20,1841,27,155,0,0,47,1996,0,0,47,1996,California
Yolo,2020-12-28,353,2349,181,2022,172,327,0,0,353,2349,0,0,353,2349,California
Yolo,2020-12-29,492,2841,268,2290,224,551,0,0,492,2841,0,0,492,2841,California
Yolo,2020-12-30,630,3471,260,2550,370,921,0,0,630,3471,0,0,630,3471,California
Yolo,2020-12-31,186,3657,94,2644,92,1013,0,0,186,3657,0,0,186,3657,California
Yolo,2021-01-01,57,3714,55,2699,2,1015,0,0,57,3714,0,0,57,3714,California
Yolo,2021-01-02,70,3784,27,2726,43,1058,0,0,70,3784,0,0,70,3784,California
Yolo,2021-01-03,45,3829,19,2745,26,1084,0,0,45,3829,0,0,45,3829,California
Yolo,2021-01-04,190,4019,39,2784,151,1235,0,0,190,4019,0,0,190,4019,California
Yolo,2021-01-05,617,4636,238,3022,379,1614,0,0,555,4512,62,62,555,4574,California
Yolo,2021-01-06,485,5121,184,3206,301,1915,0,0,345,4717,140,202,345,4919,California
Yolo,2021-01-07,718,5839,231,3437,487,2402,0,0,529,5058,188,390,529,5448,California
Yolo,2021-01-08,634,6473,312,3749,322,2724,0,0,410,5245,223,613,410,5858,California
Yolo,2021-01-09,419,6892,69,3818,350,3074,0,0,373,5572,46,659,373,6231,California
Yolo,2021-01-10,403,7295,79,3897,324,3398,0,0,333,5835,70,729,333,6564,California
Yolo,2021-01-11,567,7862,330,4227,237,3635,0,0,289,5848,276,1005,289,6853,California
Yolo,2021-01-12,488,8350,370,4597,118,3753,0,0,175,5712,312,1317,176,7029,California
Yolo,2021-01-13,771,9121,312,4909,459,4212,0,0,520,5981,251,1568,520,7549,California
Yolo,2021-01-14,383,9504,183,5092,200,4412,0,0,278,6154,105,1673,278,7827,California
Yolo,2021-01-15,633,10137,324,5416,309,4721,0,0,551,6623,82,1755,551,8378,California
Yolo,2021-01-16,746,10883,92,5508,654,5375,0,0,715,7307,31,1786,715,9093,California
Yolo,2021-01-17,187,11070,118,5626,69,5444,0,0,180,7480,7,1793,180,9273,California
Yolo,2021-01-18,486,11556,306,5932,180,5624,0,0,381,7756,105,1898,381,9654,California
Yolo,2021-01-19,557,12113,371,6303,186,5810,0,0,383,7965,174,2072,383,10037,California
Yolo,2021-01-20,659,12772,380,6683,279,6089,0,0,472,8251,186,2258,472,10509,California
Yolo,2021-01-21,649,13421,386,7069,263,6352,0,0,463,8528,186,2444,463,10972,California
Yolo,2021-01-22,751,14172,252,7321,499,6851,0,0,635,9049,114,2558,635,11607,California
Yolo,2021-01-23,614,14786,123,7444,491,7342,0,0,566,9567,48,2606,566,12173,California
Yolo,2021-01-24,208,14994,123,7567,85,7427,0,0,167,9693,41,2647,167,12340,California
Yolo,2021-01-25,733,15727,158,7725,575,8002,0,0,511,9982,222,2869,511,12851,California
Yolo,2021-01-26,830,16557,329,8054,501,8503,0,0,434,10020,396,3265,434,13285,California
Yolo,2021-01-27,554,17111,220,8274,334,8837,0,0,377,10220,177,3442,377,13662,California
Yolo,2021-01-28,1052,18163,566,8840,486,9323,0,0,926,11021,125,3567,926,14588,California
Yolo,2021-01-29,902,19065,266,9106,636,9959,0,0,814,11749,87,3654,815,15403,California
Yolo,2021-01-30,1529,20594,929,10035,600,10559,0,0,1407,13040,116,3770,1407,16810,California
Yolo,2021-01-31,239,20833,201,10236,38,10597,0,0,212,13226,26,3796,212,17022,California
Yolo,2021-02-01,847,21680,361,10597,486,11083,0,0,613,13609,230,4026,613,17635,California
Yolo,2021-02-02,1343,23023,756,11353,587,11670,0,0,932,14131,411,4437,933,18568,California
Yolo,2021-02-03,1524,24547,399,11752,1125,12795,0,0,1183,14976,338,4775,1183,19751,California
Yolo,2021-02-04,1793,26340,281,12033,1512,14307,0,0,1235,15665,547,5322,1236,20987,California
Yolo,2021-02-05,1596,27936,909,12942,687,14994,0,0,1194,16459,401,5723,1195,22182,California
Yolo,2021-02-06,1951,29887,1266,14208,685,15679,0,0,1578,17665,373,6096,1579,23761,California
Yolo,2021-02-07,527,30414,247,14455,280,15959,0,0,169,17477,357,6453,169,23930,California
Yolo,2021-02-08,947,31361,328,14783,619,16578,0,0,604,17741,340,6793,604,24534,California
Yolo,2021-02-09,861,32222,387,15170,474,17052,0,0,575,18030,286,7079,575,25109,California
Yolo,2021-02-10,1467,33689,477,15647,990,18042,0,0,829,18223,638,7717,831,25940,California
Yolo,2021-02-11,1578,35267,810,16457,768,18810,0,0,1183,19011,395,8112,1183,27123,California
Yolo,2021-02-12,1922,37189,763,17220,1159,19969,0,0,1445,19983,473,8585,1445,28568,California
Yolo,2021-02-13,2058,39247,712,17932,1346,21315,0,0,1383,20691,675,9260,1383,29951,California
Yolo,2021-02-14,563,39810,151,18083,412,21727,0,0,438,21005,124,9384,438,30389,California
Yolo,2021-02-15,545,40355,204,18287,341,22068,0,0,274,21009,271,9655,275,30664,California
Yolo,2021-02-16,1130,41485,425,18712,705,22773,0,0,805,21490,325,9980,806,31470,California
Yolo,2021-02-17,1385,42870,701,19413,684,23457,0,0,992,22089,393,10373,992,32462,California
Yolo,2021-02-18,2487,45357,811,20224,1676,25133,0,0,1716,23036,770,11143,1717,34179,California
Yolo,2021-02-19,1753,47110,748,20972,1005,26138,0,0,1128,23541,623,11766,1128,35307,California
Yolo,2021-02-20,2458,49568,956,21928,1502,27640,0,0,1373,23835,1080,12846,1374,36681,California
Yolo,2021-02-21,289,49857,228,22156,61,27701,0,0,75,23697,213,13059,75,36756,California
Yolo,2021-02-22,1369,51226,598,22754,771,28472,0,0,696,23721,672,13731,696,37452,California
Yolo,2021-02-23,1142,52368,855,23609,287,28759,0,0,441,23462,700,14431,441,37893,California
Yolo,2021-02-24,2088,54456,594,24203,1494,30253,0,0,1383,24142,703,15134,1383,39276,California
Yolo,2021-02-25,1393,55849,486,24689,907,31160,0,0,920,24590,472,15606,920,40196,California
Yolo,2021-02-26,2623,58472,1031,25720,1592,32752,0,0,1382,24734,1238,16844,1382,41578,California
Yolo,2021-02-27,1689,60161,790,26510,899,33651,0,0,1234,25513,455,17299,1234,42812,California
Yolo,2021-02-28,1834,61995,1534,28044,300,33951,0,0,717,25116,1115,18414,718,43530,California
Yolo,2021-03-01,1134,63129,371,28415,763,34714,0,0,684,25352,448,18862,684,44214,California
Yolo,2021-03-02,1480,64609,698,29113,782,35496,0,0,947,25766,533,19395,947,45161,California
Yolo,2021-03-03,1871,66480,647,29760,1224,36720,0,0,847,25592,1022,20417,848,46009,California
Yolo,2021-03-04,2920,69400,1476,31236,1444,38164,0,0,1567,25809,1350,21767,1567,47576,California
Yolo,2021-03-05,2358,71758,1412,32648,935,39099,11,11,1467,26398,889,22656,1478,49054,California
Yolo,2021-03-06,1498,73256,1149,33797,320,39419,29,40,855,26641,641,23297,884,49938,California
Yolo,2021-03-07,916,74172,682,34479,220,39639,14,54,783,27305,133,23430,797,50735,California
Yolo,2021-03-08,1110,75282,498,34977,569,40208,43,97,765,27771,343,23773,809,51544,California
Yolo,2021-03-09,1270,76552,679,35656,528,40736,63,160,779,28124,489,24262,842,52386,California
Yolo,2021-03-10,1821,78373,1061,36717,470,41206,290,450,753,28096,1064,25326,1036,53422,California
Yolo,2021-03-11,2347,80720,1610,38327,670,41876,67,517,1610,29038,736,26062,1678,55100,California
Yolo,2021-03-12,2905,83625,1352,39679,1472,43348,81,598,1371,28965,1525,27587,1452,56552,California
Yolo,2021-03-13,1844,85469,728,40407,940,44288,176,774,998,29296,843,28430,1174,57726,California
Yolo,2021-03-14,1016,86485,207,40614,660,44948,149,923,538,29500,477,28907,681,58407,California
Yolo,2021-03-15,1320,87805,769,41383,369,45317,182,1105,710,29781,608,29515,889,59296,California
Yolo,2021-03-16,1883,89688,723,42106,1088,46405,72,1177,1117,30204,766,30281,1189,60485,California
Yolo,2021-03-17,2513,92201,986,43092,1454,47859,73,1250,1722,31243,788,31069,1827,62312,California
Yolo,2021-03-18,3028,95229,1037,44129,1771,49630,220,1470,1256,30951,1768,32837,1476,63788,California
Yolo,2021-03-19,2093,97322,870,44999,1154,50784,69,1539,1084,31102,1002,33839,1153,64941,California
Yolo,2021-03-20,2775,100097,823,45822,1908,52692,44,1583,1090,30559,1679,35518,1136,66077,California
Yolo,2021-03-21,315,100412,213,46035,94,52786,8,1591,207,30667,107,35625,215,66292,California
Yolo,2021-03-22,1405,101817,490,46525,856,53642,59,1650,920,31163,482,36107,978,67270,California
Yolo,2021-03-23,1735,103552,936,47461,743,54385,56,1706,1063,31610,671,36778,1118,68388,California
Yolo,2021-03-24,2875,106427,1408,48869,1417,55802,50,1756,1398,31594,1465,38243,1449,69837,California
Yolo,2021-03-25,2550,108977,1418,50287,1104,56906,28,1784,1251,31585,1288,39531,1279,71116,California
Yolo,2021-03-26,2392,111369,1259,51546,1114,58020,19,1803,1019,31258,1365,40896,1038,72154,California
Yolo,2021-03-27,1658,113027,466,52012,1175,59195,17,1820,751,31120,906,41802,768,72922,California
Yolo,2021-03-28,1111,114138,868,52880,225,59420,18,1838,250,30531,856,42658,267,73189,California
Yolo,2021-03-29,2015,116153,817,53697,1168,60588,30,1868,960,30470,1051,43709,990,74179,California
Yolo,2021-03-30,2275,118428,1085,54782,1171,61759,19,1887,1165,30549,1105,44814,1184,75363,California
Yolo,2021-03-31,2356,120784,1228,56010,1091,62850,37,1924,1176,30583,1179,45993,1213,76576,California
Yolo,2021-04-01,3854,124638,1863,57873,1516,64366,475,2399,1613,30432,2238,48231,2087,78663,California
Yolo,2021-04-02,3390,128028,1520,59393,1723,66089,147,2546,2105,31405,1279,49510,2252,80915,California
Yolo,2021-04-03,1825,129853,1102,60495,504,66593,219,2765,816,31432,1008,50518,1035,81950,California
Yolo,2021-04-04,394,130247,156,60651,176,66769,62,2827,146,31392,248,50766,208,82158,California
Yolo,2021-04-05,1919,132166,734,61385,1085,67854,100,2927,1017,31613,897,51663,1118,83276,California
Yolo,2021-04-06,2582,134748,1322,62707,1089,68943,171,3098,1300,31812,1273,52936,1472,84748,California
Yolo,2021-04-07,2991,137739,1526,64233,1109,70052,356,3454,1928,33043,1057,53993,2288,87036,California
Yolo,2021-04-08,2422,140161,1003,65236,945,70997,474,3928,1025,33144,1394,55387,1495,88531,California
Yolo,2021-04-09,2575,142736,922,66158,1087,72084,566,4494,852,32835,1719,57106,1410,89941,California
Yolo,2021-04-10,1761,144497,827,66985,751,72835,183,4677,1043,33345,715,57821,1225,91166,California
Yolo,2021-04-11,927,145424,287,67272,579,73414,61,4738,372,33225,552,58373,432,91598,California
Yolo,2021-04-12,1775,147199,526,67798,1105,74519,144,4882,1103,33803,669,59042,1247,92845,California
Yolo,2021-04-13,1987,149186,913,68711,1074,75593,0,4882,1047,33911,939,59981,1047,93892,California
Yolo,2021-04-14,2803,151989,769,69480,2034,77627,0,4882,1384,33884,1413,61394,1386,95278,California
Yolo,2021-04-15,3344,155333,1136,70616,2208,79835,0,4882,2301,35148,1037,62431,2301,97579,California
Yolo,2021-04-16,3064,158397,1981,72597,1083,80918,0,4882,1969,36029,1089,63520,1970,99549,California
Yolo,2021-04-17,1599,159996,469,73066,1130,82048,0,4882,829,36091,767,64287,829,100378,California
Yolo,2021-04-18,636,160632,304,73370,332,82380,0,4882,355,36171,277,64564,357,100735,California
Yolo,2021-04-19,1666,162298,713,74083,952,83332,1,4883,765,36041,896,65460,766,101501,California
Yolo,2021-04-20,2010,164308,1019,75102,991,84323,0,4883,1084,36201,924,66384,1084,102585,California
Yolo,2021-04-21,1971,166279,982,76084,989,85312,0,4883,1066,36367,900,67284,1066,103651,California
Yolo,2021-04-22,1935,168214,872,76956,1063,86375,0,4883,963,36364,967,68251,964,104615,California
Yolo,2021-04-23,2615,170829,1532,78488,1083,87458,0,4883,1156,36072,1448,69699,1156,105771,California
Yolo,2021-04-24,1166,171995,645,79133,518,87976,3,4886,460,35836,699,70398,463,106234,California
Yolo,2021-04-25,949,172944,407,79540,542,88518,0,4886,728,36344,220,70618,728,106962,California
Yolo,2021-04-26,1229,174173,485,80025,741,89259,3,4889,526,36174,700,71318,530,107492,California
Yolo,2021-04-27,1544,175717,724,80749,801,90060,19,4908,606,35863,938,72256,627,108119,California
Yolo,2021-04-28,2045,177762,1010,81759,1008,91068,27,4935,737,35323,1304,73560,764,108883,California
Yolo,2021-04-29,1754,179516,816,82575,856,91924,82,5017,696,35045,1055,74615,777,109660,California
Yolo,2021-04-30,2014,181530,996,83571,960,92884,58,5075,966,35026,1042,75657,1023,110683,California
Yolo,2021-05-01,1284,182814,995,84566,269,93153,20,5095,372,34507,911,76568,392,111075,California
Yolo,2021-05-02,520,183334,429,84995,68,93221,23,5118,324,34658,196,76764,347,111422,California
Yolo,2021-05-03,1120,184454,407,85402,680,93901,33,5151,299,34170,819,77583,331,111753,California
Yolo,2021-05-04,1447,185901,668,86070,755,94656,24,5175,502,33755,941,78524,526,112279,California
Yolo,2021-05-05,1557,187458,427,86497,1065,95721,65,5240,447,33164,1103,79627,512,112791,California
Yolo,2021-05-06,1494,188952,694,87191,720,96441,80,5320,485,32732,997,80624,565,113356,California
Yolo,2021-05-07,2311,191263,1392,88583,868,97309,51,5371,464,31406,1839,82463,513,113869,California
Yolo,2021-05-08,840,192103,358,88941,426,97735,56,5427,312,31248,525,82988,367,114236,California
Yolo,2021-05-09,395,192498,163,89104,219,97954,13,5440,89,31045,305,83293,102,114338,California
Yolo,2021-05-10,897,193395,352,89456,500,98454,45,5485,150,30494,745,84038,194,114532,California
Yolo,2021-05-11,1152,194547,665,90121,465,98919,22,5507,278,29924,870,84908,300,114832,California
Yolo,2021-05-12,1567,196114,700,90821,834,99753,33,5540,315,29025,1250,86158,351,115183,California
Yolo,2021-05-13,2170,198284,848,91669,1267,101020,55,5595,646,28206,1520,87678,701,115884,California
Yolo,2021-05-14,2033,200317,1517,93186,485,101505,31,5626,1156,28519,874,88552,1187,117071,California
Yolo,2021-05-15,1247,201564,711,93897,489,101994,47,5673,648,28615,599,89151,695,117766,California
Yolo,2021-05-16,1409,202973,1199,95096,204,102198,6,5679,989,29195,415,89566,995,118761,California
Yolo,2021-05-17,1079,204052,392,95488,668,102866,19,5698,315,28769,760,90326,334,119095,California
Yolo,2021-05-18,1686,205738,1106,96594,561,103427,19,5717,911,28930,769,91095,930,120025,California
Yolo,2021-05-19,1001,206739,580,97174,382,103809,39,5756,487,28944,512,91607,526,120551,California
Yolo,2021-05-20,1090,207829,692,97866,372,104181,26,5782,390,28666,694,92301,416,120967,California
Yolo,2021-05-21,1440,209269,935,98801,478,104659,27,5809,375,28006,1060,93361,400,121367,California
Yolo,2021-05-22,816,210085,537,99338,271,104930,8,5817,281,27765,530,93891,289,121656,California
Yolo,2021-05-23,618,210703,165,99503,436,105366,17,5834,108,27382,509,94400,126,121782,California
Yolo,2021-05-24,706,211409,346,99849,340,105706,20,5854,221,27142,482,94882,242,122024,California
Yolo,2021-05-25,876,212285,507,100356,347,106053,22,5876,342,26978,528,95410,364,122388,California
Yolo,2021-05-26,808,213093,265,100621,510,106563,33,5909,255,26718,548,95958,288,122676,California
Yolo,2021-05-27,756,213849,379,101000,328,106891,49,5958,304,26623,448,96406,353,123029,California
Yolo,2021-05-28,868,214717,390,101390,448,107339,30,5988,373,26534,491,96897,402,123431,California
Yolo,2021-05-29,591,215308,341,101731,213,107552,37,6025,272,26524,317,97214,307,123738,California
Yolo,2021-05-30,135,215443,70,101801,58,107610,7,6032,55,26508,78,97292,62,123800,California
Yolo,2021-05-31,70,215513,18,101819,48,107658,4,6036,16,26473,54,97346,19,123819,California
Yolo,2021-06-01,746,216259,320,102139,401,108059,25,6061,254,26266,486,97832,279,124098,California
Yolo,2021-06-02,756,217015,301,102440,434,108493,21,6082,235,26004,518,98350,256,124354,California
Yolo,2021-06-03,916,217931,589,103029,304,108797,23,6105,216,25546,697,99047,239,124593,California
Yolo,2021-06-04,1493,219424,1216,104245,254,109051,23,6128,382,24843,1107,100154,404,124997,California
Yolo,2021-06-05,723,220147,552,104797,154,109205,17,6145,167,24471,556,100710,184,125181,California
Yolo,2021-06-06,1108,221255,1044,105841,57,109262,7,6152,175,23721,932,101642,182,125363,California
Yolo,2021-06-07,517,221772,271,106112,226,109488,20,6172,175,23577,338,101980,194,125557,California
Yolo,2021-06-08,1037,222809,807,106919,211,109699,19,6191,199,22958,837,102817,218,125775,California
Yolo,2021-06-09,780,223589,485,107404,266,109965,29,6220,262,22733,515,103332,290,126065,California
Yolo,2021-06-10,568,224157,361,107765,176,110141,31,6251,169,22536,397,103729,200,126265,California
Yolo,2021-06-11,653,224810,447,108212,180,110321,26,6277,188,22288,462,104191,214,126479,California
Yolo,2021-06-12,435,225245,274,108486,141,110462,20,6297,115,22106,317,104508,135,126614,California
Yolo,2021-06-13,154,225399,115,108601,38,110500,1,6298,63,22080,90,104598,64,126678,California
Yolo,2021-06-14,348,225747,199,108800,118,110618,31,6329,107,21978,241,104839,139,126817,California
Yolo,2021-06-15,732,226479,373,109173,339,110957,20,6349,277,21824,451,105290,297,127114,California
Yolo,2021-06-16,250,226729,121,109294,101,111058,28,6377,81,21762,169,105459,107,127221,California
Yuba,2020-12-16,4,4,4,4,0,0,0,0,4,4,0,0,4,4,California
Yuba,2020-12-17,4,8,4,8,0,0,0,0,4,8,0,0,4,8,California
Yuba,2020-12-18,7,15,7,15,0,0,0,0,7,15,0,0,7,15,California
Yuba,2020-12-19,12,27,12,27,0,0,0,0,12,27,0,0,12,27,California
Yuba,2020-12-20,19,46,19,46,0,0,0,0,19,46,0,0,19,46,California
Yuba,2020-12-21,40,86,40,86,0,0,0,0,40,86,0,0,40,86,California
Yuba,2020-12-22,85,171,85,171,0,0,0,0,85,171,0,0,85,171,California
Yuba,2020-12-23,65,236,63,234,2,2,0,0,65,236,0,0,65,236,California
Yuba,2020-12-24,21,257,11,245,10,12,0,0,21,257,0,0,21,257,California
Yuba,2020-12-26,14,271,13,258,1,13,0,0,14,271,0,0,14,271,California
Yuba,2020-12-27,15,286,15,273,0,13,0,0,15,286,0,0,15,286,California
Yuba,2020-12-28,50,336,34,307,16,29,0,0,50,336,0,0,50,336,California
Yuba,2020-12-29,75,411,10,317,65,94,0,0,75,411,0,0,75,411,California
Yuba,2020-12-30,66,477,21,338,45,139,0,0,66,477,0,0,66,477,California
Yuba,2020-12-31,37,514,6,344,31,170,0,0,37,514,0,0,37,514,California
Yuba,2021-01-02,23,537,22,366,1,171,0,0,23,537,0,0,23,537,California
Yuba,2021-01-03,10,547,6,372,4,175,0,0,10,547,0,0,10,547,California
Yuba,2021-01-04,92,639,23,395,69,244,0,0,92,639,0,0,92,639,California
Yuba,2021-01-05,72,711,38,433,34,278,0,0,71,709,1,1,71,710,California
Yuba,2021-01-06,154,865,76,509,78,356,0,0,148,851,6,7,148,858,California
Yuba,2021-01-07,77,942,20,529,57,413,0,0,74,921,4,11,74,932,California
Yuba,2021-01-08,73,1015,24,553,49,462,0,0,67,982,6,17,67,999,California
Yuba,2021-01-09,18,1033,16,569,2,464,0,0,10,984,8,25,10,1009,California
Yuba,2021-01-10,115,1148,22,591,93,557,0,0,93,1055,22,47,93,1102,California
Yuba,2021-01-11,72,1220,50,641,22,579,0,0,32,1047,40,87,32,1134,California
Yuba,2021-01-12,108,1328,78,719,30,609,0,0,44,1027,64,151,44,1178,California
Yuba,2021-01-13,120,1448,73,792,47,656,0,0,54,1016,65,216,54,1232,California
Yuba,2021-01-14,114,1562,43,835,71,727,0,0,102,1106,12,228,102,1334,California
Yuba,2021-01-15,202,1764,86,921,116,843,0,0,191,1286,11,239,191,1525,California
Yuba,2021-01-16,187,1951,21,942,166,1009,0,0,174,1447,13,252,174,1699,California
Yuba,2021-01-17,13,1964,9,951,4,1013,0,0,7,1448,6,258,7,1706,California
Yuba,2021-01-18,61,2025,31,982,30,1043,0,0,37,1461,24,282,37,1743,California
Yuba,2021-01-19,83,2108,33,1015,50,1093,0,0,67,1512,16,298,67,1810,California
Yuba,2021-01-20,137,2245,87,1102,50,1143,0,0,114,1603,23,321,114,1924,California
Yuba,2021-01-21,217,2462,98,1200,119,1262,0,0,209,1804,8,329,209,2133,California
Yuba,2021-01-22,105,2567,6,1206,99,1361,0,0,96,1891,9,338,96,2229,California
Yuba,2021-01-23,202,2769,7,1213,195,1556,0,0,200,2089,2,340,200,2429,California
Yuba,2021-01-24,10,2779,7,1220,3,1559,0,0,8,2095,2,342,8,2437,California
Yuba,2021-01-25,86,2865,30,1250,56,1615,0,0,53,2116,32,374,53,2490,California
Yuba,2021-01-26,147,3012,39,1289,108,1723,0,0,90,2149,57,431,90,2580,California
Yuba,2021-01-27,186,3198,131,1420,55,1778,0,0,117,2197,69,500,117,2697,California
Yuba,2021-01-28,228,3426,93,1513,135,1913,0,0,174,2317,54,554,174,2871,California
Yuba,2021-01-29,154,3580,47,1560,107,2020,0,0,114,2391,40,594,114,2985,California
Yuba,2021-01-30,415,3995,24,1584,391,2411,0,0,404,2784,11,605,404,3389,California
Yuba,2021-01-31,18,4013,12,1596,6,2417,0,0,16,2798,2,607,16,3405,California
Yuba,2021-02-01,155,4168,75,1671,80,2497,0,0,131,2907,23,630,132,3537,California
Yuba,2021-02-02,124,4292,21,1692,103,2600,0,0,101,2985,23,653,101,3638,California
Yuba,2021-02-03,228,4520,30,1722,198,2798,0,0,116,2990,111,764,116,3754,California
Yuba,2021-02-04,294,4814,118,1840,176,2974,0,0,250,3196,44,808,250,4004,California
Yuba,2021-02-05,150,4964,33,1873,117,3091,0,0,73,3192,77,885,73,4077,California
Yuba,2021-02-06,451,5415,24,1897,427,3518,0,0,444,3629,7,892,444,4521,California
Yuba,2021-02-07,19,5434,13,1910,6,3524,0,0,15,3640,4,896,15,4536,California
Yuba,2021-02-08,98,5532,37,1947,61,3585,0,0,69,3680,29,925,69,4605,California
Yuba,2021-02-09,158,5690,59,2006,99,3684,0,0,87,3696,71,996,87,4692,California
Yuba,2021-02-10,361,6051,174,2180,187,3871,0,0,123,3582,237,1233,123,4815,California
Yuba,2021-02-11,402,6453,67,2247,335,4206,0,0,303,3788,97,1330,303,5118,California
Yuba,2021-02-12,264,6717,26,2273,238,4444,0,0,150,3824,114,1444,150,5268,California
Yuba,2021-02-13,434,7151,36,2309,398,4842,0,0,383,4156,51,1495,383,5651,California
Yuba,2021-02-14,51,7202,10,2319,41,4883,0,0,46,4197,5,1500,46,5697,California
Yuba,2021-02-15,90,7292,37,2356,53,4936,0,0,70,4247,20,1520,70,5767,California
Yuba,2021-02-16,201,7493,52,2408,149,5085,0,0,142,4331,58,1578,142,5909,California
Yuba,2021-02-17,382,7875,157,2565,225,5310,0,0,102,4154,279,1857,102,6011,California
Yuba,2021-02-18,318,8193,49,2614,269,5579,0,0,194,4224,124,1981,194,6205,California
Yuba,2021-02-19,223,8416,79,2693,144,5723,0,0,138,4277,85,2066,138,6343,California
Yuba,2021-02-20,392,8808,31,2724,361,6084,0,0,337,4559,55,2121,337,6680,California
Yuba,2021-02-21,17,8825,14,2738,3,6087,0,0,7,4556,10,2131,7,6687,California
Yuba,2021-02-22,129,8954,79,2817,50,6137,0,0,40,4508,88,2219,40,6727,California
Yuba,2021-02-23,116,9070,26,2843,90,6227,0,0,49,4491,66,2285,49,6776,California
Yuba,2021-02-24,484,9554,137,2980,347,6574,0,0,105,4217,379,2664,105,6881,California
Yuba,2021-02-25,342,9896,136,3116,206,6780,0,0,217,4309,125,2789,217,7098,California
Yuba,2021-02-26,264,10160,71,3187,193,6973,0,0,147,4341,115,2904,147,7245,California
Yuba,2021-02-27,466,10626,47,3234,419,7392,0,0,383,4641,83,2987,383,7628,California
Yuba,2021-02-28,73,10699,23,3257,50,7442,0,0,52,4672,21,3008,52,7680,California
Yuba,2021-03-01,163,10862,45,3302,118,7560,0,0,82,4674,80,3088,82,7762,California
Yuba,2021-03-02,164,11026,39,3341,125,7685,0,0,83,4676,81,3169,83,7845,California
Yuba,2021-03-03,636,11662,160,3501,476,8161,0,0,203,4447,432,3601,203,8048,California
Yuba,2021-03-04,473,12135,273,3774,200,8361,0,0,327,4629,145,3746,327,8375,California
Yuba,2021-03-05,324,12459,58,3832,265,8626,1,1,256,4818,68,3814,257,8632,California
Yuba,2021-03-06,476,12935,33,3865,439,9065,4,5,369,5085,106,3920,373,9005,California
Yuba,2021-03-07,53,12988,29,3894,23,9088,1,6,39,5111,14,3934,40,9045,California
Yuba,2021-03-08,164,13152,51,3945,97,9185,16,22,102,5167,62,3996,118,9163,California
Yuba,2021-03-09,179,13331,45,3990,114,9299,20,42,84,5176,95,4091,104,9267,California
Yuba,2021-03-10,741,14072,237,4227,474,9773,30,72,238,4941,503,4594,268,9535,California
Yuba,2021-03-11,441,14513,196,4423,232,10005,13,85,295,5103,146,4740,308,9843,California
Yuba,2021-03-12,464,14977,83,4506,326,10331,55,140,153,5000,311,5051,208,10051,California
Yuba,2021-03-13,460,15437,341,4847,104,10435,15,155,362,5280,97,5148,377,10428,California
Yuba,2021-03-14,107,15544,20,4867,77,10512,10,165,48,5280,58,5206,58,10486,California
Yuba,2021-03-15,198,15742,53,4920,129,10641,16,181,104,5306,94,5300,120,10606,California
Yuba,2021-03-16,305,16047,77,4997,204,10845,24,205,191,5408,113,5413,215,10821,California
Yuba,2021-03-17,748,16795,165,5162,552,11397,31,236,196,5085,550,5963,227,11048,California
Yuba,2021-03-18,588,17383,159,5321,313,11710,116,352,356,5324,232,6195,471,11519,California
Yuba,2021-03-19,330,17713,119,5440,159,11869,52,404,185,5417,144,6339,237,11756,California
Yuba,2021-03-20,562,18275,82,5522,462,12331,18,422,480,5834,81,6420,498,12254,California
Yuba,2021-03-21,65,18340,39,5561,26,12357,0,422,50,5869,15,6435,50,12304,California
Yuba,2021-03-22,197,18537,72,5633,118,12475,7,429,154,5987,43,6478,161,12465,California
Yuba,2021-03-23,269,18806,80,5713,161,12636,28,457,181,6110,86,6564,209,12674,California
Yuba,2021-03-24,770,19576,258,5971,431,13067,81,538,189,5801,579,7143,270,12944,California
Yuba,2021-03-25,514,20090,271,6242,221,13288,22,560,255,5819,259,7402,277,13221,California
Yuba,2021-03-26,399,20489,141,6383,228,13516,30,590,229,5909,169,7571,259,13480,California
Yuba,2021-03-27,462,20951,29,6412,430,13946,3,593,408,6266,53,7624,410,13890,California
Yuba,2021-03-28,104,21055,43,6455,57,14003,4,597,34,6234,70,7694,38,13928,California
Yuba,2021-03-29,300,21355,89,6544,179,14182,32,629,183,6332,117,7811,215,14143,California
Yuba,2021-03-30,276,21631,68,6612,200,14382,8,637,189,6442,87,7898,197,14340,California
Yuba,2021-03-31,683,22314,115,6727,556,14938,12,649,242,6257,439,8337,254,14594,California
Yuba,2021-04-01,627,22941,291,7018,308,15246,28,677,292,6242,335,8672,320,14914,California
Yuba,2021-04-02,513,23454,98,7116,330,15576,85,762,192,6198,320,8992,276,15190,California
Yuba,2021-04-03,659,24113,56,7172,117,15693,486,1248,88,6202,570,9562,574,15764,California
Yuba,2021-04-04,61,24174,11,7183,43,15736,7,1255,32,6212,29,9591,39,15803,California
Yuba,2021-04-05,254,24428,86,7269,146,15882,22,1277,126,6233,126,9717,147,15950,California
Yuba,2021-04-06,355,24783,116,7385,179,16061,60,1337,170,6278,184,9901,229,16179,California
Yuba,2021-04-07,797,25580,413,7798,329,16390,55,1392,362,6262,432,10333,416,16595,California
Yuba,2021-04-08,758,26338,295,8093,196,16586,267,1659,282,6335,475,10808,548,17143,California
Yuba,2021-04-09,407,26745,171,8264,168,16754,68,1727,170,6337,236,11044,238,17381,California
Yuba,2021-04-10,600,27345,72,8336,79,16833,449,2176,71,6329,527,11571,519,17900,California
Yuba,2021-04-11,107,27452,27,8363,68,16901,12,2188,46,6327,60,11631,58,17958,California
Yuba,2021-04-12,215,27667,47,8410,137,17038,31,2219,79,6302,135,11766,110,18068,California
Yuba,2021-04-13,402,28069,104,8514,298,17336,0,2219,201,6303,200,11966,201,18269,California
Yuba,2021-04-14,718,28787,109,8623,609,17945,0,2219,126,5839,590,12556,126,18395,California
Yuba,2021-04-15,347,29134,133,8756,214,18159,0,2219,154,5801,193,12749,155,18550,California
Yuba,2021-04-16,341,29475,98,8854,243,18402,0,2219,182,5827,158,12907,184,18734,California
Yuba,2021-04-17,414,29889,61,8915,353,18755,0,2219,340,6094,73,12980,340,19074,California
Yuba,2021-04-18,56,29945,10,8925,46,18801,0,2219,26,6090,30,13010,26,19100,California
Yuba,2021-04-19,251,30196,106,9031,145,18946,0,2219,104,6047,147,13157,104,19204,California
Yuba,2021-04-20,324,30520,80,9111,244,19190,0,2219,182,6089,141,13298,183,19387,California
Yuba,2021-04-21,699,31219,279,9390,420,19610,0,2219,294,5978,405,13703,294,19681,California
Yuba,2021-04-22,363,31582,138,9528,225,19835,0,2219,202,6019,161,13864,202,19883,California
Yuba,2021-04-23,355,31937,115,9643,240,20075,0,2219,167,6000,186,14050,167,20050,California
Yuba,2021-04-24,221,32158,70,9713,151,20226,0,2219,126,6031,95,14145,126,20176,California
Yuba,2021-04-25,73,32231,30,9743,43,20269,0,2219,36,6030,37,14182,36,20212,California
Yuba,2021-04-26,241,32472,57,9800,180,20449,4,2223,109,6011,132,14314,113,20325,California
Yuba,2021-04-27,481,32953,163,9963,308,20757,10,2233,241,6024,238,14552,251,20576,California
Yuba,2021-04-28,436,33389,177,10140,254,21011,5,2238,149,5897,281,14833,154,20730,California
Yuba,2021-04-29,440,33829,73,10213,366,21377,1,2239,153,5765,286,15119,154,20884,California
Yuba,2021-04-30,327,34156,89,10302,208,21585,30,2269,137,5744,188,15307,167,21051,California
Yuba,2021-05-01,207,34363,92,10394,96,21681,19,2288,93,5743,113,15420,112,21163,California
Yuba,2021-05-02,72,34435,42,10436,26,21707,4,2292,37,5749,35,15455,41,21204,California
Yuba,2021-05-03,163,34598,65,10501,90,21797,8,2300,52,5700,109,15564,60,21264,California
Yuba,2021-05-04,327,34925,94,10595,212,22009,21,2321,149,5692,178,15742,170,21434,California
Yuba,2021-05-05,316,35241,77,10672,232,22241,7,2328,113,5609,203,15945,120,21554,California
Yuba,2021-05-06,279,35520,102,10774,138,22379,39,2367,91,5554,185,16130,130,21684,California
Yuba,2021-05-07,356,35876,92,10866,236,22615,28,2395,118,5461,238,16368,145,21829,California
Yuba,2021-05-08,108,35984,31,10897,71,22686,6,2401,46,5451,62,16430,52,21881,California
Yuba,2021-05-09,53,36037,24,10921,26,22712,3,2404,38,5477,15,16445,41,21922,California
Yuba,2021-05-10,172,36209,55,10976,99,22811,18,2422,54,5432,117,16562,72,21994,California
Yuba,2021-05-11,383,36592,172,11148,198,23009,13,2435,146,5355,235,16797,158,22152,California
Yuba,2021-05-12,273,36865,141,11289,124,23133,8,2443,114,5318,159,16956,122,22274,California
Yuba,2021-05-13,366,37231,196,11485,127,23260,43,2486,119,5236,244,17200,162,22436,California
Yuba,2021-05-14,369,37600,139,11624,209,23469,21,2507,160,5207,209,17409,180,22616,California
Yuba,2021-05-15,441,38041,112,11736,308,23777,21,2528,112,5012,327,17736,132,22748,California
Yuba,2021-05-16,139,38180,44,11780,86,23863,9,2537,85,5053,53,17789,94,22842,California
Yuba,2021-05-17,215,38395,90,11870,105,23968,20,2557,92,5044,121,17910,112,22954,California
Yuba,2021-05-18,390,38785,160,12030,221,24189,9,2566,166,4995,224,18134,175,23129,California
Yuba,2021-05-19,261,39046,144,12174,111,24300,6,2572,135,5010,126,18260,141,23270,California
Yuba,2021-05-20,427,39473,298,12472,117,24417,12,2584,266,5128,160,18420,278,23548,California
Yuba,2021-05-21,513,39986,269,12741,238,24655,6,2590,315,5253,196,18616,321,23869,California
Yuba,2021-05-22,230,40216,123,12864,96,24751,11,2601,92,5218,138,18754,103,23972,California
Yuba,2021-05-23,65,40281,32,12896,31,24782,2,2603,34,5223,31,18785,36,24008,California
Yuba,2021-05-24,155,40436,47,12943,91,24873,17,2620,44,5174,110,18895,61,24069,California
Yuba,2021-05-25,318,40754,110,13053,191,25064,17,2637,115,5104,201,19096,131,24200,California
Yuba,2021-05-26,232,40986,100,13153,116,25180,16,2653,90,5069,141,19237,106,24306,California
Yuba,2021-05-27,247,41233,75,13228,160,25340,12,2665,108,5053,136,19373,120,24426,California
Yuba,2021-05-28,246,41479,111,13339,129,25469,6,2671,121,5057,123,19496,127,24553,California
Yuba,2021-05-29,165,41644,67,13406,76,25545,22,2693,94,5103,70,19566,116,24669,California
Yuba,2021-05-30,50,41694,20,13426,25,25570,5,2698,20,5098,30,19596,25,24694,California
Yuba,2021-05-31,31,41725,3,13429,21,25591,7,2705,11,5096,20,19616,18,24712,California
Yuba,2021-06-01,248,41973,106,13535,135,25726,7,2712,87,5032,157,19773,93,24805,California
Yuba,2021-06-02,200,42173,79,13614,114,25840,7,2719,63,4966,136,19909,70,24875,California
Yuba,2021-06-03,176,42349,102,13716,69,25909,5,2724,63,4922,112,20021,68,24943,California
Yuba,2021-06-04,244,42593,120,13836,115,26024,9,2733,81,4849,163,20184,90,25033,California
Yuba,2021-06-05,199,42792,150,13986,43,26067,6,2739,91,4839,107,20291,97,25130,California
Yuba,2021-06-06,106,42898,90,14076,13,26080,3,2742,23,4783,82,20373,26,25156,California
Yuba,2021-06-07,118,43016,49,14125,52,26132,17,2759,38,4758,80,20453,55,25211,California
Yuba,2021-06-08,241,43257,109,14234,123,26255,9,2768,71,4670,168,20621,80,25291,California
Yuba,2021-06-09,173,43430,104,14338,63,26318,6,2774,75,4654,97,20718,81,25372,California
Yuba,2021-06-10,375,43805,302,14640,68,26386,5,2779,94,4474,279,20997,99,25471,California
Yuba,2021-06-11,327,44132,235,14875,79,26465,13,2792,66,4292,261,21258,79,25550,California
Yuba,2021-06-12,129,44261,88,14963,36,26501,5,2797,37,4242,92,21350,42,25592,California
Yuba,2021-06-13,46,44307,20,14983,22,26523,4,2801,13,4227,32,21382,17,25609,California
Yuba,2021-06-14,75,44382,22,15005,46,26569,7,2808,21,4202,53,21435,28,25637,California
Yuba,2021-06-15,222,44604,85,15090,128,26697,9,2817,77,4144,144,21579,86,25723,California
Yuba,2021-06-16,82,44686,44,15134,33,26730,5,2822,44,4156,37,21616,49,25772,California
