county,administered_date,total_doses,cumulative_total_doses,pfizer_doses,cumulative_pfizer_doses,moderna_doses,cumulative_moderna_doses,jj_doses,cumulative_jj_doses,partially_vaccinated,total_partially_vaccinated,fully_vaccinated,cumulative_fully_vaccinated,at_least_one_dose,cumulative_at_least_one_dose,california_flag
All CA Counties,2020-12-15,1135,1135,1135,1135,0,0,0,0,1135,1135,0,0,1135,1135,
All CA Counties,2020-12-16,8125,9260,8125,9260,0,0,0,0,8125,9260,0,0,8125,9260,
All CA Counties,2020-12-17,25736,34996,25736,34996,0,0,0,0,25738,34998,0,0,25738,34998,
All CA Counties,2020-12-18,43774,78770,43718,78714,56,56,0,0,43775,78773,0,0,43775,78773,
All CA Counties,2020-12-19,25216,103986,25193,103907,23,79,0,0,25215,103987,1,1,25215,103988,
All CA Counties,2020-12-20,18956,122942,18929,122836,27,106,0,0,18955,122941,1,2,18955,122943,
All CA Counties,2020-12-21,49560,172502,49478,172314,82,188,0,0,49563,172503,1,3,49563,172506,
All CA Counties,2020-12-22,49881,222383,47769,220083,2112,2300,0,0,49879,222381,1,4,49879,222385,
All CA Counties,2020-12-23,50289,272672,41572,261655,8717,11017,0,0,50285,272666,0,4,50285,272670,
All CA Counties,2020-12-24,24028,296700,16327,277982,7701,18718,0,0,24025,296690,1,5,24025,296695,
All CA Counties,2020-12-25,2335,299035,2014,279996,321,19039,0,0,2335,299025,0,5,2335,299030,
All CA Counties,2020-12-26,14614,313649,9438,289434,5176,24215,0,0,14613,313637,1,6,14613,313643,
All CA Counties,2020-12-27,9395,323044,5568,295002,3827,28042,0,0,9394,323030,1,7,9394,323037,
All CA Counties,2020-12-28,45701,368745,29305,324307,16396,44438,0,0,45699,368726,3,10,45699,368736,
All CA Counties,2020-12-29,51057,419802,28514,352821,22543,66981,0,0,51053,419776,3,13,51053,419789,
All CA Counties,2020-12-30,62969,482771,35647,388468,27322,94303,0,0,62963,482736,3,16,62963,482752,
All CA Counties,2020-12-31,29318,512089,10853,399321,18465,112768,0,0,29310,512041,5,21,29310,512062,
All CA Counties,2021-01-01,4047,516136,1793,401114,2254,115022,0,0,4043,516081,3,24,4043,516105,
All CA Counties,2021-01-02,18477,534613,10241,411355,8236,123258,0,0,18476,534557,0,24,18476,534581,
All CA Counties,2021-01-03,6163,540776,3491,414846,2672,125930,0,0,6134,540679,12,36,6134,540715,
All CA Counties,2021-01-04,43548,584324,22083,436929,21465,147395,0,0,43469,584106,42,78,43469,584184,
All CA Counties,2021-01-05,56401,640725,29708,466637,26693,174088,0,0,50957,629765,5388,5466,51047,635231,
All CA Counties,2021-01-06,73281,714006,40456,507093,32825,206913,0,0,57973,672639,15130,20596,58004,693235,
All CA Counties,2021-01-07,91837,805843,52212,559305,39625,246538,0,0,61295,703603,30377,50973,61341,754576,
All CA Counties,2021-01-08,106487,912330,63991,623296,42496,289034,0,0,65418,728143,40938,91911,65478,820054,
All CA Counties,2021-01-09,44201,956531,25463,648759,18738,307772,0,0,27712,739413,16467,108378,27737,847791,
All CA Counties,2021-01-10,24280,980811,14834,663593,9446,317218,0,0,13055,741276,11209,119587,13072,860863,
All CA Counties,2021-01-11,104324,1085135,69431,733024,34893,352111,0,0,60582,758323,43703,163290,60750,921613,
All CA Counties,2021-01-12,112713,1197848,66584,799608,46129,398240,0,0,71749,789415,40885,204175,71977,993590,
All CA Counties,2021-01-13,118716,1316564,61476,861084,57240,455480,0,0,85075,841013,33556,237731,85154,1078744,
All CA Counties,2021-01-14,123456,1440020,49581,910665,73875,529355,0,0,103916,925645,19437,257168,104069,1182813,
All CA Counties,2021-01-15,141784,1581804,52103,962768,89681,619036,0,0,126761,1037675,14931,272099,126961,1309774,
All CA Counties,2021-01-16,80382,1662186,27392,990160,52990,672026,0,0,72851,1103069,7505,279604,72899,1382673,
All CA Counties,2021-01-17,48067,1710253,16794,1006954,31273,703299,0,0,44433,1143922,3626,283230,44479,1427152,
All CA Counties,2021-01-18,88093,1798346,46030,1052984,42063,745362,0,0,68904,1193879,19109,302339,69066,1496218,
All CA Counties,2021-01-19,141442,1939788,73259,1126243,68183,813545,0,0,110285,1273417,31064,333403,110602,1606820,
All CA Counties,2021-01-20,159565,2099353,81615,1207858,77950,891495,0,0,125962,1366244,33388,366791,126215,1733035,
All CA Counties,2021-01-21,172981,2272334,76842,1284700,96139,987634,0,0,153940,1501684,18836,385627,154276,1887311,
All CA Counties,2021-01-22,169182,2441516,69147,1353847,100035,1087669,0,0,154944,1642662,14108,399735,155086,2042397,
All CA Counties,2021-01-23,111097,2552613,49468,1403315,61629,1149298,0,0,98538,1728818,12501,412236,98657,2141054,
All CA Counties,2021-01-24,60916,2613529,29488,1432803,31428,1180726,0,0,56278,1780544,4606,416842,56332,2197386,
All CA Counties,2021-01-25,144263,2757792,65218,1498021,79045,1259771,0,0,109333,1855420,34808,451650,109684,2307070,
All CA Counties,2021-01-26,168038,2925830,82689,1580710,85349,1345120,0,0,130779,1949325,37134,488784,131039,2438109,
All CA Counties,2021-01-27,179625,3105455,87865,1668575,91760,1436880,0,0,140457,2051222,38767,527551,140664,2578773,
All CA Counties,2021-01-28,187182,3292637,86245,1754820,100937,1537817,0,0,153271,2171060,33626,561177,153464,2732237,
All CA Counties,2021-01-29,182810,3475447,88035,1842855,94775,1632592,0,0,148353,2285677,33893,595070,148510,2880747,
All CA Counties,2021-01-30,122810,3598257,55204,1898059,67606,1700198,0,0,107797,2378760,14851,609921,107934,2988681,
All CA Counties,2021-01-31,69271,3667528,38970,1937029,30301,1730499,0,0,64185,2437961,5038,614959,64239,3052920,
All CA Counties,2021-02-01,159056,3826584,73645,2010674,85411,1815910,0,0,120320,2519823,38588,653547,120450,3173370,
All CA Counties,2021-02-02,185658,4012242,79306,2089980,106352,1922262,0,0,139934,2614613,45362,698909,140152,3313522,
All CA Counties,2021-02-03,210592,4222834,95491,2185471,115101,2037363,0,0,156406,2717577,53681,752590,156645,3470167,
All CA Counties,2021-02-04,227678,4450512,99933,2285404,127745,2165108,0,0,167020,2824834,60114,812704,167371,3637538,
All CA Counties,2021-02-05,245651,4696163,106456,2391860,139195,2304303,0,0,166987,2914425,77905,890609,167496,3805034,
All CA Counties,2021-02-06,154628,4850791,74812,2466672,79816,2384119,0,0,119939,3000329,34522,925131,120426,3925460,
All CA Counties,2021-02-07,66781,4917572,43208,2509880,23573,2407692,0,0,50307,3034691,16394,941525,50756,3976216,
All CA Counties,2021-02-08,180226,5097798,88556,2598436,91670,2499362,0,0,118975,3093591,60803,1002328,119703,4095919,
All CA Counties,2021-02-09,210790,5308588,101820,2700256,108970,2608332,0,0,126467,3137318,83871,1086199,127598,4223517,
All CA Counties,2021-02-10,248150,5556738,119766,2820022,128384,2736716,0,0,137947,3167359,109366,1195565,139407,4362924,
All CA Counties,2021-02-11,264272,5821010,131095,2951117,133177,2869893,0,0,145085,3196105,118113,1313678,146859,4509783,
All CA Counties,2021-02-12,271622,6092632,119115,3070232,152507,3022400,0,0,146718,3221100,124071,1437749,149066,4658849,
All CA Counties,2021-02-13,166591,6259223,77218,3147450,89373,3111773,0,0,92114,3241105,74055,1511804,94060,4752909,
All CA Counties,2021-02-14,95336,6354559,47539,3194989,47797,3159570,0,0,51652,3250766,43527,1555331,53188,4806097,
All CA Counties,2021-02-15,142078,6496637,62424,3257413,79654,3239224,0,0,78641,3269460,63061,1618392,81755,4887852,
All CA Counties,2021-02-16,248361,6744998,117839,3375252,130522,3369746,0,0,133151,3290838,114840,1733232,136218,5024070,
All CA Counties,2021-02-17,258317,7003315,128618,3503870,129699,3499445,0,0,128807,3293853,128977,1862209,131992,5156062,
All CA Counties,2021-02-18,272056,7275371,141982,3645852,130074,3629519,0,0,132044,3290766,139303,2001512,136216,5292278,
All CA Counties,2021-02-19,251952,7527323,146201,3792053,105751,3735270,0,0,130271,3301902,121192,2122704,132328,5424606,
All CA Counties,2021-02-20,152424,7679747,97773,3889826,54651,3789921,0,0,84013,3319722,68152,2190856,85972,5510578,
All CA Counties,2021-02-21,81488,7761235,67488,3957314,14000,3803921,0,0,41217,3322452,40019,2230875,42749,5553327,
All CA Counties,2021-02-22,163362,7924597,109685,4066999,53677,3857598,0,0,82011,3325130,81028,2311903,83706,5637033,
All CA Counties,2021-02-23,224740,8149337,119171,4186170,105569,3963167,0,0,105025,3316973,119142,2431045,110985,5748018,
All CA Counties,2021-02-24,282257,8431594,142766,4328936,139491,4102658,0,0,134657,3312169,146976,2578021,142172,5890190,
All CA Counties,2021-02-25,318899,8750493,156948,4485884,161951,4264609,0,0,167842,3338124,150382,2728403,176337,6066527,
All CA Counties,2021-02-26,351540,9102033,163769,4649653,187771,4452380,0,0,197204,3389129,153423,2881826,204428,6270955,
All CA Counties,2021-02-27,246824,9348857,118430,4768083,128376,4580756,18,18,139390,3426073,106849,2988675,143793,6414748,
All CA Counties,2021-02-28,130074,9478931,77748,4845831,52322,4633078,4,22,75983,3451240,53651,3042326,78818,6493566,
All CA Counties,2021-03-01,236914,9715845,125616,4971447,111229,4744307,69,91,137008,3493058,99227,3141553,141045,6634611,
All CA Counties,2021-03-02,276012,9991857,134269,5105716,141726,4886033,17,108,164324,3553038,111212,3252765,171192,6805803,
All CA Counties,2021-03-03,327937,10319794,161868,5267584,166025,5052058,44,152,188405,3609870,138873,3391638,195705,7001508,
All CA Counties,2021-03-04,346935,10666729,174591,5442175,172257,5224315,87,239,202995,3676719,143214,3534852,210063,7211571,
All CA Counties,2021-03-05,332436,10999165,161350,5603525,169970,5394285,1116,1355,205987,3765360,125664,3660516,214305,7425876,
All CA Counties,2021-03-06,255682,11254847,130381,5733906,117507,5511792,7794,9149,158375,3839300,96900,3757416,170840,7596716,
All CA Counties,2021-03-07,124508,11379355,75669,5809575,44771,5556563,4068,13217,77426,3877543,46906,3804322,85149,7681865,
All CA Counties,2021-03-08,215589,11594944,103707,5913282,101509,5658072,10373,23590,140589,3958825,74626,3878948,155908,7837773,
All CA Counties,2021-03-09,267001,11861945,115993,6029275,135182,5793254,15826,39416,144157,4000481,122375,4001323,164031,8001804,
All CA Counties,2021-03-10,314053,12175998,154010,6183285,135723,5928977,24320,63736,168549,4052643,144865,4146188,197027,8198831,
All CA Counties,2021-03-11,374529,12550527,181131,6364416,160174,6089151,33224,96960,192588,4101650,181026,4327214,230033,8428864,
All CA Counties,2021-03-12,389897,12940424,173109,6537525,170772,6259923,46016,142976,190825,4144210,198308,4525522,240868,8669732,
All CA Counties,2021-03-13,278841,13219265,122110,6659635,125755,6385678,30976,173952,149995,4201023,128407,4653929,185220,8854952,
All CA Counties,2021-03-14,152727,13371992,81539,6741174,56316,6441994,14872,188824,77534,4220772,74921,4728850,94670,8949622,
All CA Counties,2021-03-15,287891,13659883,137038,6878212,130486,6572480,20367,209191,156822,4270974,130358,4859208,180560,9130182,
All CA Counties,2021-03-16,367230,14027113,171943,7050155,178174,6750654,17113,226304,213182,4351124,153338,5012546,233488,9363670,
All CA Counties,2021-03-17,379818,14406931,187353,7237508,174109,6924763,18356,244660,235402,4463769,143645,5156191,256290,9619960,
All CA Counties,2021-03-18,396941,14803872,202649,7440157,176526,7101289,17766,262426,236798,4561306,159097,5315288,256634,9876594,
All CA Counties,2021-03-19,404766,15208638,211681,7651838,171712,7273001,21373,283799,237154,4655129,166678,5481966,260501,10137095,
All CA Counties,2021-03-20,290165,15498803,152061,7803899,122416,7395417,15688,299487,186339,4755396,103198,5585164,203465,10340560,
All CA Counties,2021-03-21,141369,15640172,97253,7901152,36728,7432145,7388,306875,89230,4801552,51809,5636973,97965,10438525,
All CA Counties,2021-03-22,270634,15910806,157306,8058458,102364,7534509,10964,317839,178651,4902878,91284,5728257,192610,10631135,
All CA Counties,2021-03-23,354322,16265128,194465,8252923,149031,7683540,10826,328665,227631,5018058,125837,5854094,241017,10872152,
All CA Counties,2021-03-24,383648,16648776,219543,8472466,151941,7835481,12164,340829,226137,5102096,156355,6010449,240393,11112545,
All CA Counties,2021-03-25,413504,17062280,227443,8699909,171652,8007133,14409,355238,238432,5183249,173844,6184293,254997,11367542,
All CA Counties,2021-03-26,429094,17491374,228833,8928742,184476,8191609,15785,371023,237287,5248487,190671,6374964,255909,11623451,
All CA Counties,2021-03-27,307870,17799244,163324,9092066,133122,8324731,11424,382447,158541,5272128,148562,6523526,172203,11795654,
All CA Counties,2021-03-28,166331,17965575,106189,9198255,56571,8381302,3571,386018,90888,5293475,75014,6598540,96361,11892015,
All CA Counties,2021-03-29,306832,18272407,165333,9363588,132946,8514248,8553,394571,174758,5347889,131377,6729917,185791,12077806,
All CA Counties,2021-03-30,394273,18666680,199223,9562811,177291,8691539,17759,412330,239659,5453190,153902,6883819,259203,12337009,
All CA Counties,2021-03-31,420818,19087498,228479,9791290,171121,8862660,21218,433548,241616,5538786,178289,7062108,263885,12600894,
All CA Counties,2021-04-01,485083,19572581,248650,10039940,197290,9059950,39143,472691,269489,5634211,214494,7276602,309919,12910813,
All CA Counties,2021-04-02,466003,20038584,227261,10267201,196779,9256729,41963,514654,254446,5721968,210424,7487026,298181,13208994,
All CA Counties,2021-04-03,324697,20363281,164878,10432079,119377,9376106,40442,555096,163288,5766094,160824,7647850,204950,13413944,
All CA Counties,2021-04-04,131789,20495070,68719,10500798,44166,9420272,18904,574000,58837,5771317,72690,7720540,77913,13491857,
All CA Counties,2021-04-05,349610,20844680,180014,10680812,130442,9550714,39154,613154,173874,5811653,175122,7895662,215458,13707315,
All CA Counties,2021-04-06,454166,21298846,230493,10911305,158701,9709415,64972,678126,221992,5869216,231330,8126992,288893,13996208,
All CA Counties,2021-04-07,467120,21765966,242900,11154205,155029,9864444,69191,747317,229438,5932049,236820,8363812,299653,14295861,
All CA Counties,2021-04-08,493466,22259432,249419,11403624,160710,10025154,83337,830654,233789,5992767,258646,8622458,319364,14615225,
All CA Counties,2021-04-09,487542,22746974,242846,11646470,165790,10190944,78906,909560,226137,6040399,260444,8882902,308076,14923301,
All CA Counties,2021-04-10,362415,23109389,166292,11812762,122947,10313891,73176,982736,153553,6061584,208197,9091099,229382,15152683,
All CA Counties,2021-04-11,185991,23295380,104396,11917158,47720,10361611,33875,1016611,77851,6068301,107826,9198925,114543,15267226,
All CA Counties,2021-04-12,336497,23631877,172947,12090105,125904,10487515,37646,1054257,156935,6087675,178696,9377621,198070,15465296,
All CA Counties,2021-04-13,429159,24061036,240328,12330433,187908,10675423,923,1055180,240625,6144569,187630,9565251,244524,15709820,
All CA Counties,2021-04-14,445561,24506597,250467,12580900,194820,10870243,274,1055454,234080,6172942,210426,9775677,238799,15948619,
All CA Counties,2021-04-15,487267,24993864,283957,12864857,203074,11073317,236,1055690,274082,6238153,211859,9987536,277070,16225689,
All CA Counties,2021-04-16,470288,25464152,265583,13130440,204402,11277719,303,1055993,252067,6275769,217135,10204671,254751,16480440,
All CA Counties,2021-04-17,337258,25801410,189111,13319551,148106,11425825,41,1056034,192440,6327227,144128,10348799,195586,16676026,
All CA Counties,2021-04-18,153236,25954646,97403,13416954,55818,11481643,15,1056049,79462,6336259,73418,10422217,82450,16758476,
All CA Counties,2021-04-19,315769,26270415,182647,13599601,133037,11614680,85,1056134,149893,6323034,165057,10587274,151832,16910308,
All CA Counties,2021-04-20,403394,26673809,215200,13814801,188138,11802818,56,1056190,201460,6326592,200993,10788267,204551,17114859,
All CA Counties,2021-04-21,416709,27090518,236790,14051591,179664,11982482,255,1056445,201196,6316871,214238,11002505,204517,17319376,
All CA Counties,2021-04-22,442311,27532829,252871,14304462,189366,12171848,74,1056519,197831,6274748,243177,11245682,201054,17520430,
All CA Counties,2021-04-23,433210,27966039,247927,14552389,185200,12357048,83,1056602,197146,6240456,234781,11480463,200489,17720919,
All CA Counties,2021-04-24,319991,28286030,202691,14755080,117142,12474190,158,1056760,163190,6251092,155915,11636378,166551,17887470,
All CA Counties,2021-04-25,148621,28434651,98168,14853248,50388,12524578,65,1056825,79946,6264255,68249,11704627,81412,17968882,
All CA Counties,2021-04-26,277913,28712564,163532,15016780,112946,12637524,1435,1058260,120630,6234214,156426,11861053,126385,18095267,
All CA Counties,2021-04-27,346309,29058873,193196,15209976,147755,12785279,5358,1063618,139610,6176490,205687,12066740,147963,18243230,
All CA Counties,2021-04-28,344650,29403523,197714,15407690,139198,12924477,7738,1071356,140138,6123073,203569,12270309,150152,18393382,
All CA Counties,2021-04-29,353289,29756812,204241,15611931,141303,13065780,7745,1079101,127450,6035278,224809,12495118,137014,18530396,
All CA Counties,2021-04-30,366928,30123740,211229,15823160,146998,13212778,8701,1087802,139035,5958110,226800,12721918,149632,18680028,
All CA Counties,2021-05-01,244627,30368367,156584,15979744,82049,13294827,5994,1093796,89021,5900385,154947,12876865,97222,18777250,
All CA Counties,2021-05-02,115141,30483508,80203,16059947,31123,13325950,3815,1097611,40648,5871086,74129,12950994,44830,18822080,
All CA Counties,2021-05-03,249704,30733212,154375,16214322,86720,13412670,8609,1106220,75604,5782841,173336,13124330,85091,18907171,
All CA Counties,2021-05-04,322812,31056024,196928,16411250,116270,13528940,9614,1115834,95259,5662276,226581,13350911,106016,19013187,
All CA Counties,2021-05-05,326138,31382162,202978,16614228,113259,13642199,9901,1125735,91669,5531448,233354,13584265,102526,19115713,
All CA Counties,2021-05-06,344352,31726514,225355,16839583,108699,13750898,10298,1136033,87860,5377094,254994,13839259,100640,19216353,
All CA Counties,2021-05-07,339821,32066335,213501,17053084,116608,13867506,9712,1145745,92548,5234551,246021,14085280,103478,19319831,
All CA Counties,2021-05-08,221921,32288256,140778,17193862,74494,13942000,6649,1152394,61027,5143714,159896,14245176,69059,19388890,
All CA Counties,2021-05-09,92983,32381239,69882,17263744,20126,13962126,2975,1155369,25476,5105521,67068,14312244,28875,19417765,
All CA Counties,2021-05-10,197330,32578569,112859,17376603,76829,14038955,7642,1163011,49246,5016415,147242,14459486,58136,19475901,
All CA Counties,2021-05-11,254645,32833214,143266,17519869,103454,14142409,7925,1170936,67190,4906560,186609,14646095,76754,19552655,
All CA Counties,2021-05-12,246043,33079257,142180,17662049,95857,14238266,8006,1178942,67107,4804648,178029,14824124,76117,19628772,
All CA Counties,2021-05-13,277026,33356283,177939,17839988,92613,14330879,6474,1185416,102458,4741960,173643,14997767,110955,19739727,
All CA Counties,2021-05-14,298550,33654833,189169,18029157,101492,14432371,7889,1193305,114035,4681315,183545,15181312,122900,19862627,
All CA Counties,2021-05-15,186619,33841452,128229,18157386,54170,14486541,4220,1197525,72528,4645204,113551,15294863,77440,19940067,
All CA Counties,2021-05-16,63872,33905324,51252,18208638,11628,14498169,992,1198517,24225,4632144,39465,15334328,26405,19966472,
All CA and Non-CA Counties,2020-12-15,1142,1142,1142,1142,0,0,0,0,1142,1142,0,0,1142,1142,
All CA and Non-CA Counties,2020-12-16,8393,9535,8393,9535,0,0,0,0,8393,9535,0,0,8393,9535,
All CA and Non-CA Counties,2020-12-17,27336,36871,27336,36871,0,0,0,0,27336,36871,0,0,27336,36871,
All CA and Non-CA Counties,2020-12-18,46337,83208,46274,83145,63,63,0,0,46337,83208,0,0,46337,83208,
All CA and Non-CA Counties,2020-12-19,26334,109542,26310,109455,24,87,0,0,26333,109540,1,1,26333,109541,
All CA and Non-CA Counties,2020-12-20,19653,129195,19623,129078,30,117,0,0,19652,129191,1,2,19652,129193,
All CA and Non-CA Counties,2020-12-21,51746,180941,51661,180739,85,202,0,0,51744,180934,1,3,51744,180937,
All CA and Non-CA Counties,2020-12-22,51941,232882,49756,230495,2185,2387,0,0,51939,232872,1,4,51939,232876,
All CA and Non-CA Counties,2020-12-23,51805,284687,42954,273449,8851,11238,0,0,51801,284673,0,4,51801,284677,
All CA and Non-CA Counties,2020-12-24,24831,309518,16938,290387,7893,19131,0,0,24828,309500,1,5,24828,309505,
All CA and Non-CA Counties,2020-12-25,2368,311886,2043,292430,325,19456,0,0,2368,311868,0,5,2368,311873,
All CA and Non-CA Counties,2020-12-26,14921,326807,9642,302072,5279,24735,0,0,14920,326787,1,6,14920,326793,
All CA and Non-CA Counties,2020-12-27,9584,336391,5641,307713,3943,28678,0,0,9583,336369,1,7,9583,336376,
All CA and Non-CA Counties,2020-12-28,47117,383508,30202,337915,16915,45593,0,0,47114,383480,3,10,47114,383490,
All CA and Non-CA Counties,2020-12-29,52608,436116,29532,367447,23076,68669,0,0,52604,436081,3,13,52604,436094,
All CA and Non-CA Counties,2020-12-30,64946,501062,36931,404378,28015,96684,0,0,64938,501016,3,16,64938,501032,
All CA and Non-CA Counties,2020-12-31,30437,531499,11451,415829,18986,115670,0,0,30427,531437,6,22,30427,531459,
All CA and Non-CA Counties,2021-01-01,4158,535657,1816,417645,2342,118012,0,0,4154,535588,3,25,4154,535613,
All CA and Non-CA Counties,2021-01-02,18715,554372,10372,428017,8343,126355,0,0,18713,554300,1,26,18713,554326,
All CA and Non-CA Counties,2021-01-03,6331,560703,3580,431597,2751,129106,0,0,6302,560590,12,38,6302,560628,
All CA and Non-CA Counties,2021-01-04,44701,605404,22601,454198,22100,151206,0,0,44616,605163,43,81,44616,605244,
All CA and Non-CA Counties,2021-01-05,57943,663347,30520,484718,27423,178629,0,0,52309,651986,5577,5658,52400,657644,
All CA and Non-CA Counties,2021-01-06,76017,739364,42080,526798,33937,212566,0,0,59953,696087,15883,21541,59984,717628,
All CA and Non-CA Counties,2021-01-07,96083,835447,54849,581647,41234,253800,0,0,63852,727923,32064,53605,63900,781528,
All CA and Non-CA Counties,2021-01-08,111024,946471,66929,648576,44095,297895,0,0,68058,753219,42825,96430,68121,849649,
All CA and Non-CA Counties,2021-01-09,45521,991992,25992,674568,19529,317424,0,0,28708,765163,16791,113221,28735,878384,
All CA and Non-CA Counties,2021-01-10,24584,1016576,15016,689584,9568,326992,0,0,13238,767088,11330,124551,13255,891639,
All CA and Non-CA Counties,2021-01-11,107646,1124222,71460,761044,36186,363178,0,0,62572,784794,45034,169585,62740,954379,
All CA and Non-CA Counties,2021-01-12,116598,1240820,68904,829948,47694,410872,0,0,74094,816698,42420,212005,74324,1028703,
All CA and Non-CA Counties,2021-01-13,122416,1363236,63293,893241,59123,469995,0,0,87602,869652,34730,246735,87684,1116387,
All CA and Non-CA Counties,2021-01-14,127188,1490424,50855,944096,76333,546328,0,0,107009,956753,20063,266798,107164,1223551,
All CA and Non-CA Counties,2021-01-15,146048,1636472,53099,997195,92949,639277,0,0,130559,1072128,15384,282182,130759,1354310,
All CA and Non-CA Counties,2021-01-16,83080,1719552,27779,1024974,55301,694578,0,0,75380,1139884,7672,289854,75428,1429738,
All CA and Non-CA Counties,2021-01-17,48565,1768117,16947,1041921,31618,726196,0,0,44882,1181137,3675,293529,44928,1474666,
All CA and Non-CA Counties,2021-01-18,89346,1857463,46854,1088775,42492,768688,0,0,69698,1231431,19567,313096,69861,1544527,
All CA and Non-CA Counties,2021-01-19,145499,2002962,74602,1163377,70897,839585,0,0,113448,1313242,31957,345053,113768,1658295,
All CA and Non-CA Counties,2021-01-20,164032,2166994,83103,1246480,80929,920514,0,0,129446,1408573,34369,379422,129700,1787995,
All CA and Non-CA Counties,2021-01-21,177165,2344159,78021,1324501,99144,1019658,0,0,157563,1547088,19384,398806,157899,1945894,
All CA and Non-CA Counties,2021-01-22,173835,2517994,70257,1394758,103578,1123236,0,0,159202,1691934,14499,413305,159345,2105239,
All CA and Non-CA Counties,2021-01-23,113356,2631350,49805,1444563,63551,1186787,0,0,100635,1780025,12663,425968,100754,2205993,
All CA and Non-CA Counties,2021-01-24,61521,2692871,29735,1474298,31786,1218573,0,0,56807,1832203,4683,430651,56861,2262854,
All CA and Non-CA Counties,2021-01-25,148746,2841617,67197,1541495,81549,1300122,0,0,112944,1909823,35676,466327,113296,2376150,
All CA and Non-CA Counties,2021-01-26,174070,3015687,85670,1627165,88400,1388522,0,0,135968,2008079,37979,504306,136235,2512385,
All CA and Non-CA Counties,2021-01-27,184459,3200146,90558,1717723,93901,1482423,0,0,144674,2113581,39380,543686,144882,2657267,
All CA and Non-CA Counties,2021-01-28,192619,3392765,89274,1806997,103345,1585768,0,0,158123,2237694,34203,577889,158316,2815583,
All CA and Non-CA Counties,2021-01-29,187892,3580657,91273,1898270,96619,1682387,0,0,152656,2355837,34672,612561,152815,2968398,
All CA and Non-CA Counties,2021-01-30,127320,3707977,57670,1955940,69650,1752037,0,0,112083,2452982,15076,627637,112221,3080619,
All CA and Non-CA Counties,2021-01-31,72448,3780425,41729,1997669,30719,1782756,0,0,67305,2515247,5095,632732,67360,3147979,
All CA and Non-CA Counties,2021-02-01,164569,3944994,76246,2073915,88323,1871079,0,0,125124,2601210,39291,672023,125254,3273233,
All CA and Non-CA Counties,2021-02-02,192484,4137478,81543,2155458,110941,1982020,0,0,146028,2701370,46086,718109,146246,3419479,
All CA and Non-CA Counties,2021-02-03,217965,4355443,97624,2253082,120341,2102361,0,0,162897,2809953,54554,772663,163137,3582616,
All CA and Non-CA Counties,2021-02-04,234546,4589989,102173,2355255,132373,2234734,0,0,172891,2922094,61102,833765,173243,3755859,
All CA and Non-CA Counties,2021-02-05,252487,4842476,108704,2463959,143783,2378517,0,0,172751,3016378,78976,912741,173260,3929119,
All CA and Non-CA Counties,2021-02-06,159121,5001597,77019,2540978,82102,2460619,0,0,123965,3105850,34983,947724,124455,4053574,
All CA and Non-CA Counties,2021-02-07,69050,5070647,45092,2586070,23958,2484577,0,0,52497,3142325,16473,964197,52948,4106522,
All CA and Non-CA Counties,2021-02-08,185704,5256351,92064,2678134,93640,2578217,0,0,123352,3204512,61893,1026090,124080,4230602,
All CA and Non-CA Counties,2021-02-09,215157,5471508,103815,2781949,111342,2689559,0,0,129512,3249987,85182,1111272,130657,4361259,
All CA and Non-CA Counties,2021-02-10,253808,5725316,121751,2903700,132057,2821616,0,0,141138,3280803,111825,1223097,142641,4503900,
All CA and Non-CA Counties,2021-02-11,269244,5994560,133468,3037168,135776,2957392,0,0,148685,3311805,119475,1342572,150477,4654377,
All CA and Non-CA Counties,2021-02-12,276917,6271477,121107,3158275,155810,3113202,0,0,150165,3338406,125916,1468488,152517,4806894,
All CA and Non-CA Counties,2021-02-13,169039,6440516,77950,3236225,91089,3204291,0,0,94019,3359782,74601,1543089,95977,4902871,
All CA and Non-CA Counties,2021-02-14,96689,6537205,47962,3284187,48727,3253018,0,0,52762,3370316,43766,1586855,54300,4957171,
All CA and Non-CA Counties,2021-02-15,144681,6681886,64007,3348194,80674,3333692,0,0,79907,3388958,64383,1651238,83025,5040196,
All CA and Non-CA Counties,2021-02-16,254914,6936800,120834,3469028,134080,3467772,0,0,135815,3409128,118718,1769956,138888,5179084,
All CA and Non-CA Counties,2021-02-17,264287,7201087,131618,3600646,132669,3600441,0,0,130679,3409927,133069,1903025,133868,5312952,
All CA and Non-CA Counties,2021-02-18,278608,7479695,145811,3746457,132797,3733238,0,0,134136,3404491,143745,2046770,138309,5451261,
All CA and Non-CA Counties,2021-02-19,257897,7737592,150371,3896828,107526,3840764,0,0,132766,3414679,124636,2171406,134824,5586085,
All CA and Non-CA Counties,2021-02-20,155798,7893390,100486,3997314,55312,3896076,0,0,85271,3431648,70262,2241668,87231,5673316,
All CA and Non-CA Counties,2021-02-21,84294,7977684,70078,4067392,14216,3910292,0,0,42065,3433272,41973,2283641,43597,5716913,
All CA and Non-CA Counties,2021-02-22,166846,8144530,112237,4179629,54609,3964901,0,0,83645,3435741,82876,2366517,85345,5802258,
All CA and Non-CA Counties,2021-02-23,230846,8375376,122607,4302236,108239,4073140,0,0,107409,3426268,122856,2489373,113383,5915641,
All CA and Non-CA Counties,2021-02-24,288730,8664106,146345,4448581,142385,4215525,0,0,137176,3420039,150925,2640298,144696,6060337,
All CA and Non-CA Counties,2021-02-25,325899,8990005,160515,4609096,165384,4380909,0,0,171015,3445375,154178,2794476,179514,6239851,
All CA and Non-CA Counties,2021-02-26,358395,9348400,167409,4776505,190986,4571895,0,0,200398,3495994,157004,2951480,207623,6447474,
All CA and Non-CA Counties,2021-02-27,252157,9600557,121019,4897524,131119,4703014,19,19,141249,3531338,110312,3061792,145656,6593130,
All CA and Non-CA Counties,2021-02-28,132522,9733079,79533,4977057,52984,4755998,5,24,76784,3555665,55294,3117086,79621,6672751,
All CA and Non-CA Counties,2021-03-01,241701,9974780,128587,5105644,113044,4869042,70,94,138335,3595365,102678,3219764,142378,6815129,
All CA and Non-CA Counties,2021-03-02,282232,10257012,136301,5241945,145914,5014956,17,111,166215,3652922,115528,3335292,173085,6988214,
All CA and Non-CA Counties,2021-03-03,335710,10592722,164845,5406790,170819,5185775,46,157,191002,3707194,144036,3479328,198308,7186522,
All CA and Non-CA Counties,2021-03-04,353734,10946456,177493,5584283,176150,5361925,91,248,205296,3771868,147696,3627024,212370,7398892,
All CA and Non-CA Counties,2021-03-05,337503,11283959,163807,5748090,172566,5534491,1130,1378,208597,3860683,128121,3755145,216936,7615828,
All CA and Non-CA Counties,2021-03-06,260288,11544247,132506,5880596,119831,5654322,7951,9329,160711,3934856,99168,3854313,173341,7789169,
All CA and Non-CA Counties,2021-03-07,126068,11670315,76649,5957245,45298,5699620,4121,13450,78366,3973474,47525,3901838,86143,7875312,
All CA and Non-CA Counties,2021-03-08,218633,11888948,105480,6062725,102534,5802154,10619,24069,142713,4056241,75518,3977356,158285,8033597,
All CA and Non-CA Counties,2021-03-09,271320,12160268,118042,6180767,137129,5939283,16149,40218,146599,4098788,124249,4101605,166796,8200393,
All CA and Non-CA Counties,2021-03-10,318263,12478531,155943,6336710,137489,6076772,24831,65049,171087,4152342,146529,4248134,200083,8400476,
All CA and Non-CA Counties,2021-03-11,380701,12859232,184267,6520977,162518,6239290,33916,98965,195904,4202510,183874,4432008,234042,8634518,
All CA and Non-CA Counties,2021-03-12,396303,13255535,176943,6697920,172615,6411905,46745,145710,194316,4246386,201213,4633221,245089,8879607,
All CA and Non-CA Counties,2021-03-13,282583,13538118,124258,6822178,126883,6538788,31442,177152,152555,4305054,129581,4762802,188249,9067856,
All CA and Non-CA Counties,2021-03-14,154500,13692618,82447,6904625,56854,6595642,15199,192351,78509,4325308,75718,4838520,95972,9163828,
All CA and Non-CA Counties,2021-03-15,291841,13984459,139066,7043691,131962,6727604,20813,213164,158900,4376169,132227,4970747,183088,9346916,
All CA and Non-CA Counties,2021-03-16,374737,14359196,176305,7219996,180948,6908552,17484,230648,217356,4457531,156668,5127415,238030,9584946,
All CA and Non-CA Counties,2021-03-17,388194,14747390,192734,7412730,176736,7085288,18724,249372,240431,4572234,146985,5274400,261688,9846634,
All CA and Non-CA Counties,2021-03-18,405118,15152508,207658,7620388,179170,7264458,18290,267662,241520,4671570,162544,5436944,261880,10108514,
All CA and Non-CA Counties,2021-03-19,412049,15564557,215989,7836377,174150,7438608,21910,289572,241544,4767431,169570,5606514,265431,10373945,
All CA and Non-CA Counties,2021-03-20,294878,15859435,155135,7991512,123970,7562578,15773,305345,189961,4870322,104281,5710795,207172,10581117,
All CA and Non-CA Counties,2021-03-21,143392,16002827,98620,8090132,37297,7599875,7475,312820,90852,4917789,52207,5763002,99674,10680791,
All CA and Non-CA Counties,2021-03-22,273892,16276719,159267,8249399,103574,7703449,11051,323871,180900,5020454,92281,5855283,194946,10875737,
All CA and Non-CA Counties,2021-03-23,360324,16637043,197520,8446919,151701,7855150,11103,334974,231841,5138345,127614,5982897,245505,11121242,
All CA and Non-CA Counties,2021-03-24,390919,17027962,223277,8670196,155055,8010205,12587,347561,231237,5225740,158519,6141416,245914,11367156,
All CA and Non-CA Counties,2021-03-25,421743,17449705,231296,8901492,175551,8185756,14896,362457,244483,5311256,176019,6317435,261535,11628691,
All CA and Non-CA Counties,2021-03-26,435709,17885414,232312,9133804,187436,8373192,15961,378418,241794,5379095,192752,6510187,260591,11889282,
All CA and Non-CA Counties,2021-03-27,313212,18198626,166382,9300186,135298,8508490,11532,389950,161987,5404397,150453,6660640,175755,12065037,
All CA and Non-CA Counties,2021-03-28,169369,18367995,107794,9407980,57846,8566336,3729,393679,92921,5426936,76013,6736653,98552,12163589,
All CA and Non-CA Counties,2021-03-29,311912,18679907,167586,9575566,135440,8701776,8886,402565,177770,5482633,133441,6870094,189138,12352727,
All CA and Non-CA Counties,2021-03-30,401071,19080978,202801,9778367,179967,8881743,18303,420868,243880,5590139,156469,7026563,263975,12616702,
All CA and Non-CA Counties,2021-03-31,427056,19508034,232219,10010586,172856,9054599,21981,442849,245125,5677280,181013,7207576,268154,12884856,
All CA and Non-CA Counties,2021-04-01,492484,20000518,253098,10263684,199621,9254220,39765,482614,273804,5774559,217572,7425148,314851,13199707,
All CA and Non-CA Counties,2021-04-02,474362,20474880,231672,10495356,199594,9453814,43096,525710,258821,5863846,214402,7639550,303689,13503396,
All CA and Non-CA Counties,2021-04-03,330786,20805666,168492,10663848,120707,9574521,41587,567297,166483,5909426,163712,7803262,209292,13712688,
All CA and Non-CA Counties,2021-04-04,133581,20939247,69592,10733440,44848,9619369,19141,586438,59835,5915089,73483,7876745,79146,13791834,
All CA and Non-CA Counties,2021-04-05,353685,21292932,182035,10915475,131845,9751214,39805,626243,175848,5955955,177218,8053963,218084,14009918,
All CA and Non-CA Counties,2021-04-06,461089,21754021,234225,11149700,160334,9911548,66530,692773,224813,6013804,235419,8289382,293268,14303186,
All CA and Non-CA Counties,2021-04-07,474895,22228916,247221,11396921,156818,10068366,70856,763629,232628,6076898,241404,8530786,304498,14607684,
All CA and Non-CA Counties,2021-04-08,501309,22730225,253501,11650422,162568,10230934,85240,848869,236998,6138092,263275,8794061,324469,14932153,
All CA and Non-CA Counties,2021-04-09,494818,23225043,246535,11896957,167461,10398395,80822,929691,229041,6186180,264810,9058871,312898,15245051,
All CA and Non-CA Counties,2021-04-10,368480,23593523,169353,12066310,124105,10522500,75022,1004713,155295,6206625,212520,9271391,232965,15478016,
All CA and Non-CA Counties,2021-04-11,188819,23782342,105934,12172244,48376,10570876,34509,1039222,78872,6213194,109630,9381021,116199,15594215,
All CA and Non-CA Counties,2021-04-12,340399,24122741,175060,12347304,127157,10698033,38182,1077404,158693,6232722,180835,9561856,200363,15794578,
All CA and Non-CA Counties,2021-04-13,434739,24557480,243855,12591159,189938,10887971,946,1078350,243435,6289680,190399,9752255,247357,16041935,
All CA and Non-CA Counties,2021-04-14,450698,25008178,253651,12844810,196770,11084741,277,1078627,236858,6318478,212782,9965037,241580,16283515,
All CA and Non-CA Counties,2021-04-15,493164,25501342,287519,13132329,205402,11290143,243,1078870,277262,6384204,214532,10179569,280258,16563773,
All CA and Non-CA Counties,2021-04-16,476168,25977510,268926,13401255,206932,11497075,310,1079180,255385,6422589,219693,10399262,258078,16821851,
All CA and Non-CA Counties,2021-04-17,342467,26319977,192190,13593445,150235,11647310,42,1079222,195408,6474782,146362,10545624,198555,17020406,
All CA and Non-CA Counties,2021-04-18,155330,26475307,98568,13692013,56746,11704056,16,1079238,80462,6483725,74509,10620133,83452,17103858,
All CA and Non-CA Counties,2021-04-19,319964,26795271,184660,13876673,135218,11839274,86,1079324,152112,6470743,167036,10787169,154054,17257912,
All CA and Non-CA Counties,2021-04-20,408775,27204046,217664,14094337,191055,12030329,56,1079380,203707,6473415,204126,10991295,206798,17464710,
All CA and Non-CA Counties,2021-04-21,423056,27627102,239436,14333773,183362,12213691,258,1079638,203500,6461954,218286,11209581,206825,17671535,
All CA and Non-CA Counties,2021-04-22,449355,28076457,256628,14590401,192650,12406341,77,1079715,200677,6418456,247402,11456983,203904,17875439,
All CA and Non-CA Counties,2021-04-23,439315,28515772,251122,14841523,188109,12594450,84,1079799,199891,6383533,238160,11695143,203237,18078676,
All CA and Non-CA Counties,2021-04-24,324925,28840697,206126,15047649,118637,12713087,162,1079961,165444,6393740,158605,11853748,168812,18247488,
All CA and Non-CA Counties,2021-04-25,150808,28991505,99467,15147116,51274,12764361,67,1080028,81112,6407032,69290,11923038,82582,18330070,
All CA and Non-CA Counties,2021-04-26,281614,29273119,165216,15312332,114941,12879302,1457,1081485,122343,6376746,158406,12081444,128120,18458190,
All CA and Non-CA Counties,2021-04-27,351597,29624716,195096,15507428,150853,13030155,5648,1087133,141641,6318099,208936,12290380,150289,18608479,
All CA and Non-CA Counties,2021-04-28,349600,29974316,199860,15707288,141605,13171760,8135,1095268,142170,6264206,206476,12496856,152583,18761062,
All CA and Non-CA Counties,2021-04-29,358260,30332576,206541,15913829,143541,13315301,8178,1103446,129431,6175855,227780,12724636,139429,18900491,
All CA and Non-CA Counties,2021-04-30,371929,30704505,213697,16127526,149100,13464401,9132,1112578,141034,6098127,229791,12954427,152063,19052554,
All CA and Non-CA Counties,2021-05-01,247881,30952386,158512,16286038,82946,13547347,6423,1119001,90402,6040346,156812,13111239,99031,19151585,
All CA and Non-CA Counties,2021-05-02,117027,31069413,81303,16367341,31785,13579132,3939,1122940,41516,6011023,75145,13186384,45822,19197407,
All CA and Non-CA Counties,2021-05-03,252718,31322131,156142,16523483,87687,13666819,8889,1131829,76882,5922605,175067,13361451,86649,19284056,
All CA and Non-CA Counties,2021-05-04,327065,31649196,199360,16722843,117645,13784464,10060,1141889,97028,5801776,229059,13590510,108230,19392286,
All CA and Non-CA Counties,2021-05-05,330769,31979965,205709,16928552,114791,13899255,10269,1152158,93595,5670549,236050,13826560,104823,19497109,
All CA and Non-CA Counties,2021-05-06,348868,32328833,228205,17156757,110030,14009285,10633,1162791,89744,5515786,257621,14084181,102858,19599967,
All CA and Non-CA Counties,2021-05-07,344638,32673471,216375,17373132,118173,14127458,10090,1172881,94495,5372711,248879,14333060,105804,19705771,
All CA and Non-CA Counties,2021-05-08,225498,32898969,143243,17516375,75358,14202816,6897,1179778,62572,5281699,161865,14494925,70853,19776624,
All CA and Non-CA Counties,2021-05-09,94375,32993344,70777,17587152,20495,14223311,3103,1182881,26071,5243451,67845,14562770,29597,19806221,
All CA and Non-CA Counties,2021-05-10,199985,33193329,114080,17701232,77938,14301249,7967,1190848,50294,5154132,148830,14711600,59511,19865732,
All CA and Non-CA Counties,2021-05-11,257577,33450906,144737,17845969,104634,14405883,8206,1199054,68428,5044105,188301,14899901,78274,19944006,
All CA and Non-CA Counties,2021-05-12,249123,33700029,143690,17989659,97108,14502991,8325,1207379,68444,4942110,179767,15079668,77772,20021778,
All CA and Non-CA Counties,2021-05-13,280491,33980520,180056,18169715,93746,14596737,6689,1214068,104013,4879291,175545,15255213,112726,20134504,
All CA and Non-CA Counties,2021-05-14,302696,34283216,191684,18361399,102864,14699601,8148,1222216,115972,4818637,185749,15440962,125095,20259599,
All CA and Non-CA Counties,2021-05-15,188822,34472038,129753,18491152,54730,14754331,4339,1226555,73248,4781888,115028,15555990,78279,20337878,
All CA and Non-CA Counties,2021-05-16,64543,34536581,51747,18542899,11773,14766104,1023,1227578,24567,4768887,39794,15595784,26793,20364671,
Outside California,2020-12-15,7,7,7,7,0,0,0,0,7,7,0,0,7,7,Not in California
Outside California,2020-12-16,268,275,268,275,0,0,0,0,268,275,0,0,268,275,Not in California
Outside California,2020-12-17,1598,1873,1598,1873,0,0,0,0,1598,1873,0,0,1598,1873,Not in California
Outside California,2020-12-18,2554,4427,2547,4420,7,7,0,0,2554,4427,0,0,2554,4427,Not in California
Outside California,2020-12-19,1037,5464,1036,5456,1,8,0,0,1037,5464,0,0,1037,5464,Not in California
Outside California,2020-12-20,673,6137,670,6126,3,11,0,0,673,6137,0,0,673,6137,Not in California
Outside California,2020-12-21,2181,8318,2178,8304,3,14,0,0,2181,8318,0,0,2181,8318,Not in California
Outside California,2020-12-22,2056,10374,1983,10287,73,87,0,0,2056,10374,0,0,2056,10374,Not in California
Outside California,2020-12-23,1516,11890,1382,11669,134,221,0,0,1516,11890,0,0,1516,11890,Not in California
Outside California,2020-12-24,803,12693,611,12280,192,413,0,0,803,12693,0,0,803,12693,Not in California
Outside California,2020-12-25,33,12726,29,12309,4,417,0,0,33,12726,0,0,33,12726,Not in California
Outside California,2020-12-26,306,13032,203,12512,103,520,0,0,306,13032,0,0,306,13032,Not in California
Outside California,2020-12-27,189,13221,73,12585,116,636,0,0,189,13221,0,0,189,13221,Not in California
Outside California,2020-12-28,1412,14633,893,13478,519,1155,0,0,1412,14633,0,0,1412,14633,Not in California
Outside California,2020-12-29,1548,16181,1015,14493,533,1688,0,0,1548,16181,0,0,1548,16181,Not in California
Outside California,2020-12-30,1918,18099,1228,15721,690,2378,0,0,1918,18099,0,0,1918,18099,Not in California
Outside California,2020-12-31,1117,19216,598,16319,519,2897,0,0,1116,19214,1,1,1116,19215,Not in California
Outside California,2021-01-01,111,19327,23,16342,88,2985,0,0,111,19325,0,1,111,19326,Not in California
Outside California,2021-01-02,237,19564,131,16473,106,3091,0,0,236,19560,1,2,236,19562,Not in California
Outside California,2021-01-03,168,19732,89,16562,79,3170,0,0,168,19728,0,2,168,19730,Not in California
Outside California,2021-01-04,1150,20882,515,17077,635,3805,0,0,1145,20872,1,3,1145,20875,Not in California
Outside California,2021-01-05,1541,22423,812,17889,729,4534,0,0,1350,22034,189,192,1351,22226,Not in California
Outside California,2021-01-06,2706,25129,1596,19485,1110,5644,0,0,1973,23277,730,922,1973,24199,Not in California
Outside California,2021-01-07,4136,29265,2530,22015,1606,7250,0,0,2485,24115,1649,2571,2487,26686,Not in California
Outside California,2021-01-08,4511,33776,2917,24932,1594,8844,0,0,2635,24887,1866,4437,2638,29324,Not in California
Outside California,2021-01-09,1317,35093,527,25459,790,9634,0,0,992,25557,324,4761,994,30318,Not in California
Outside California,2021-01-10,304,35397,182,25641,122,9756,0,0,183,25619,121,4882,183,30501,Not in California
Outside California,2021-01-11,3299,38696,2006,27647,1293,11049,0,0,1972,26264,1327,6209,1972,32473,Not in California
Outside California,2021-01-12,3875,42571,2312,29959,1563,12612,0,0,2337,27068,1534,7743,2338,34811,Not in California
Outside California,2021-01-13,3689,46260,1806,31765,1883,14495,0,0,2515,28412,1174,8917,2518,37329,Not in California
Outside California,2021-01-14,3728,49988,1271,33036,2457,16952,0,0,3089,30877,626,9543,3091,40420,Not in California
Outside California,2021-01-15,4259,54247,992,34028,3267,20219,0,0,3793,34217,453,9996,3793,44213,Not in California
Outside California,2021-01-16,2691,56938,380,34408,2311,22530,0,0,2523,36574,166,10162,2523,46736,Not in California
Outside California,2021-01-17,495,57433,150,34558,345,22875,0,0,446,36971,49,10211,446,47182,Not in California
Outside California,2021-01-18,1199,58632,770,35328,429,23304,0,0,742,37258,456,10667,743,47925,Not in California
Outside California,2021-01-19,4032,62664,1319,36647,2713,26017,0,0,3142,39513,890,11557,3145,51070,Not in California
Outside California,2021-01-20,4387,67051,1408,38055,2979,28996,0,0,3455,42040,929,12486,3456,54526,Not in California
Outside California,2021-01-21,4124,71175,1121,39176,3003,31999,0,0,3562,45055,547,13033,3562,58088,Not in California
Outside California,2021-01-22,4615,75790,1077,40253,3538,35537,0,0,4220,48885,391,13424,4221,62309,Not in California
Outside California,2021-01-23,2248,78038,332,40585,1916,37453,0,0,2086,50809,162,13586,2086,64395,Not in California
Outside California,2021-01-24,603,78641,245,40830,358,37811,0,0,526,51258,77,13663,526,64921,Not in California
Outside California,2021-01-25,4462,83103,1961,42791,2501,40312,0,0,3594,53988,865,14528,3595,68516,Not in California
Outside California,2021-01-26,5934,89037,2887,45678,3047,43359,0,0,5088,58238,845,15373,5095,73611,Not in California
Outside California,2021-01-27,4817,93854,2676,48354,2141,45500,0,0,4201,61828,612,15985,4202,77813,Not in California
Outside California,2021-01-28,5282,99136,2877,51231,2405,47905,0,0,4754,66065,517,16502,4754,82567,Not in California
Outside California,2021-01-29,4936,104072,3093,54324,1843,49748,0,0,4153,69442,778,17280,4155,86722,Not in California
Outside California,2021-01-30,4500,108572,2458,56782,2042,51790,0,0,4273,73492,224,17504,4274,90996,Not in California
Outside California,2021-01-31,3161,111733,2743,59525,418,52208,0,0,3104,76541,56,17560,3105,94101,Not in California
Outside California,2021-02-01,5476,117209,2566,62091,2910,55118,0,0,4782,80637,686,18246,4782,98883,Not in California
Outside California,2021-02-02,6756,123965,2169,64260,4587,59705,0,0,6031,85950,718,18964,6031,104914,Not in California
Outside California,2021-02-03,7324,131289,2088,66348,5236,64941,0,0,6454,91543,862,19826,6455,111369,Not in California
Outside California,2021-02-04,6806,138095,2183,68531,4623,69564,0,0,5815,96377,982,20808,5816,117185,Not in California
Outside California,2021-02-05,6813,144908,2232,70763,4581,74145,0,0,5745,101058,1064,21872,5745,122930,Not in California
Outside California,2021-02-06,4474,149382,2193,72956,2281,76426,0,0,4011,104618,454,22326,4014,126944,Not in California
Outside California,2021-02-07,2261,151643,1876,74832,385,76811,0,0,2184,106727,77,22403,2186,129130,Not in California
Outside California,2021-02-08,5425,157068,3458,78290,1967,78778,0,0,4363,110039,1051,23454,4363,133493,Not in California
Outside California,2021-02-09,4348,161416,1977,80267,2371,81149,0,0,3041,111798,1296,24750,3055,136548,Not in California
Outside California,2021-02-10,5623,167039,1955,82222,3668,84817,0,0,3182,112590,2433,27183,3225,139773,Not in California
Outside California,2021-02-11,4879,171918,2281,84503,2598,87415,0,0,3557,114854,1311,28494,3575,143348,Not in California
Outside California,2021-02-12,5254,177172,1959,86462,3295,90710,0,0,3431,116473,1816,30310,3435,146783,Not in California
Outside California,2021-02-13,2433,179605,729,87191,1704,92414,0,0,1888,117828,545,30855,1900,148683,Not in California
Outside California,2021-02-14,1346,180951,422,87613,924,93338,0,0,1105,118697,238,31093,1107,149790,Not in California
Outside California,2021-02-15,2559,183510,1545,89158,1014,94352,0,0,1237,118629,1309,32402,1241,151031,Not in California
Outside California,2021-02-16,6448,189958,2899,92057,3549,97901,0,0,2632,117462,3805,36207,2638,153669,Not in California
Outside California,2021-02-17,5960,195918,2992,95049,2968,100869,0,0,1868,115247,4087,40294,1872,155541,Not in California
Outside California,2021-02-18,6447,202365,3729,98778,2718,103587,0,0,2073,112965,4356,44650,2074,157615,Not in California
Outside California,2021-02-19,5750,208115,3981,102759,1769,105356,0,0,2437,112095,3308,47958,2438,160053,Not in California
Outside California,2021-02-20,3363,211478,2708,105467,655,106011,0,0,1254,111245,2105,50063,1255,161308,Not in California
Outside California,2021-02-21,2788,214266,2572,108039,216,106227,0,0,844,110149,1940,52003,844,162152,Not in California
Outside California,2021-02-22,3475,217741,2543,110582,932,107159,0,0,1628,109937,1845,53848,1633,163785,Not in California
Outside California,2021-02-23,6043,223784,3385,113967,2658,109817,0,0,2369,108653,3667,57515,2383,166168,Not in California
Outside California,2021-02-24,6430,230214,3544,117511,2886,112703,0,0,2504,107241,3921,61436,2509,168677,Not in California
Outside California,2021-02-25,6925,237139,3508,121019,3417,116120,0,0,3146,106643,3748,65184,3150,171827,Not in California
Outside California,2021-02-26,6815,243954,3615,124634,3200,119320,0,0,3170,106248,3566,68750,3171,174998,Not in California
Outside California,2021-02-27,5304,249258,2573,127207,2730,122050,1,1,1838,104635,3455,72205,1842,176840,Not in California
Outside California,2021-02-28,2431,251689,1772,128979,658,122708,1,2,791,103790,1638,73843,793,177633,Not in California
Outside California,2021-03-01,4742,256431,2944,131923,1797,124505,1,3,1303,101668,3431,77274,1309,178942,Not in California
Outside California,2021-03-02,6201,262632,2025,133948,4176,128681,0,3,1879,99238,4311,81585,1881,180823,Not in California
Outside California,2021-03-03,7760,270392,2970,136918,4788,133469,2,5,2588,96672,5160,86745,2594,183417,Not in California
Outside California,2021-03-04,6746,277138,2853,139771,3889,137358,4,9,2279,94506,4451,91196,2285,185702,Not in California
Outside California,2021-03-05,5034,282172,2442,142213,2578,139936,14,23,2575,94651,2451,93647,2596,188298,Not in California
Outside California,2021-03-06,4574,286746,2114,144327,2305,142241,155,178,2313,94868,2259,95906,2476,190774,Not in California
Outside California,2021-03-07,1550,288296,979,145306,518,142759,53,231,933,95239,616,96522,987,191761,Not in California
Outside California,2021-03-08,3012,291308,1750,147056,1018,143777,244,475,2116,96739,867,97389,2367,194128,Not in California
Outside California,2021-03-09,4280,295588,2017,149073,1944,145721,319,794,2433,97648,1843,99232,2752,196880,Not in California
Outside California,2021-03-10,4201,299789,1927,151000,1765,147486,509,1303,2533,99038,1659,100891,3049,199929,Not in California
Outside California,2021-03-11,6135,305924,3123,154123,2334,149820,678,1981,3302,100192,2827,103718,3981,203910,Not in California
Outside California,2021-03-12,6324,312248,3778,157901,1822,151642,724,2705,3476,101552,2841,106559,4201,208111,Not in California
Outside California,2021-03-13,3718,315966,2144,160045,1112,152754,462,3167,2552,103411,1158,107717,3017,211128,Not in California
Outside California,2021-03-14,1755,317721,898,160943,532,153286,325,3492,969,103919,786,108503,1294,212422,Not in California
Outside California,2021-03-15,3920,321641,2017,162960,1459,154745,444,3936,2058,104569,1856,110359,2506,214928,Not in California
Outside California,2021-03-16,7445,329086,4340,167300,2738,157483,367,4303,4132,105754,3311,113670,4496,219424,Not in California
Outside California,2021-03-17,8329,337415,5367,172667,2595,160078,367,4670,4989,107775,3336,117006,5357,224781,Not in California
Outside California,2021-03-18,8137,345552,4989,177656,2624,162702,524,5194,4694,109558,3435,120441,5218,229999,Not in California
Outside California,2021-03-19,7254,352806,4289,181945,2428,165130,537,5731,4366,111580,2884,123325,4906,234905,Not in California
Outside California,2021-03-20,4680,357486,3059,185004,1536,166666,85,5816,3602,114196,1071,124396,3687,238592,Not in California
Outside California,2021-03-21,2000,359486,1350,186354,563,167229,87,5903,1603,115491,395,124791,1690,240282,Not in California
Outside California,2021-03-22,3222,362708,1942,188296,1194,168423,86,5989,2231,116823,985,125776,2317,242599,Not in California
Outside California,2021-03-23,5979,368687,3046,191342,2661,171084,272,6261,4199,119529,1766,127542,4472,247071,Not in California
Outside California,2021-03-24,7245,375932,3725,195067,3097,174181,423,6684,5079,122870,2159,129701,5500,252571,Not in California
Outside California,2021-03-25,8191,384123,3819,198886,3885,178066,487,7171,6019,127215,2161,131862,6506,259077,Not in California
Outside California,2021-03-26,6578,390701,3459,202345,2948,181014,171,7342,4486,129806,2065,133927,4656,263733,Not in California
Outside California,2021-03-27,5302,396003,3044,205389,2150,183164,108,7450,3422,131463,1871,135798,3528,267261,Not in California
Outside California,2021-03-28,3022,399025,1596,206985,1268,184432,158,7608,2022,132648,995,136793,2180,269441,Not in California
Outside California,2021-03-29,5041,404066,2235,209220,2474,186906,332,7940,2987,133917,2052,138845,3321,272762,Not in California
Outside California,2021-03-30,6756,410822,3553,212773,2659,189565,544,8484,4194,136110,2552,141397,4745,277507,Not in California
Outside California,2021-03-31,6203,417025,3719,216492,1721,191286,763,9247,3486,137644,2712,144109,4246,281753,Not in California
Outside California,2021-04-01,7373,424398,4434,220926,2317,193603,622,9869,4293,139482,3072,147181,4910,286663,Not in California
Outside California,2021-04-02,8296,432694,4395,225321,2777,196380,1124,10993,4346,141008,3944,151125,5470,292133,Not in California
Outside California,2021-04-03,6070,438764,3605,228926,1320,197700,1145,12138,3184,142461,2878,154003,4331,296464,Not in California
Outside California,2021-04-04,1775,440539,869,229795,669,198369,237,12375,988,142897,787,154790,1223,297687,Not in California
Outside California,2021-04-05,4041,444580,2001,231796,1390,199759,650,13025,1956,143423,2081,156871,2607,300294,Not in California
Outside California,2021-04-06,6888,451468,3714,235510,1617,201376,1557,14582,2804,143710,4070,160941,4357,304651,Not in California
Outside California,2021-04-07,7736,459204,4294,239804,1777,203153,1665,16247,3152,143941,4576,165517,4807,309458,Not in California
Outside California,2021-04-08,7805,467009,4059,243863,1847,205000,1899,18146,3190,144416,4607,170124,5082,314540,Not in California
Outside California,2021-04-09,7236,474245,3664,247527,1656,206656,1916,20062,2877,144859,4352,174476,4795,319335,Not in California
Outside California,2021-04-10,6055,480300,3052,250579,1157,207813,1846,21908,1735,144119,4316,178792,3576,322911,Not in California
Outside California,2021-04-11,2813,483113,1527,252106,652,208465,634,22542,1016,143975,1795,180587,1651,324562,Not in California
Outside California,2021-04-12,3863,486976,2091,254197,1237,209702,535,23077,1740,144133,2116,182703,2274,326836,Not in California
Outside California,2021-04-13,5513,492489,3501,257698,1989,211691,23,23100,2777,144203,2730,185433,2800,329636,Not in California
Outside California,2021-04-14,5101,497590,3174,260872,1924,213615,3,23103,2766,144642,2330,187763,2769,332405,Not in California
Outside California,2021-04-15,5855,503445,3545,264417,2304,215919,6,23109,3160,145165,2644,190407,3167,335572,Not in California
Outside California,2021-04-16,5828,509273,3305,267722,2516,218435,7,23116,3284,145921,2537,192944,3293,338865,Not in California
Outside California,2021-04-17,5182,514455,3064,270786,2117,220552,1,23117,2960,146666,2215,195159,2960,341825,Not in California
Outside California,2021-04-18,2074,516529,1157,271943,916,221468,1,23118,990,146579,1079,196238,992,342817,Not in California
Outside California,2021-04-19,4159,520688,1991,273934,2167,223635,1,23119,2188,146809,1961,198199,2191,345008,Not in California
Outside California,2021-04-20,5355,526043,2449,276383,2906,226541,0,23119,2235,145931,3113,201312,2235,347243,Not in California
Outside California,2021-04-21,6309,532352,2630,279013,3676,230217,3,23122,2271,144184,4022,205334,2275,349518,Not in California
Outside California,2021-04-22,7021,539373,3743,282756,3275,233492,3,23125,2805,142786,4207,209541,2809,352327,Not in California
Outside California,2021-04-23,6071,545444,3180,285936,2890,236382,1,23126,2692,142115,3366,212907,2695,355022,Not in California
Outside California,2021-04-24,4893,550337,3412,289348,1477,237859,4,23130,2211,141656,2677,215584,2218,357240,Not in California
Outside California,2021-04-25,2164,552501,1290,290638,872,238731,2,23132,1130,141760,1030,216614,1134,358374,Not in California
Outside California,2021-04-26,3653,556154,1645,292283,1986,240717,22,23154,1679,141495,1966,218580,1701,360075,Not in California
Outside California,2021-04-27,5224,561378,1852,294135,3082,243799,290,23444,1986,140546,3230,221810,2281,362356,Not in California
Outside California,2021-04-28,4901,566279,2105,296240,2400,246199,396,23840,2011,140076,2879,224689,2409,364765,Not in California
Outside California,2021-04-29,4935,571214,2279,298519,2223,248422,433,24273,1969,139532,2947,227636,2403,367168,Not in California
Outside California,2021-04-30,4971,576185,2454,300973,2091,250513,426,24699,1984,138967,2976,230612,2411,369579,Not in California
Outside California,2021-05-01,3219,579404,1901,302874,890,251403,428,25127,1360,138903,1851,232463,1787,371366,Not in California
Outside California,2021-05-02,1872,581276,1093,303967,656,252059,123,25250,862,138880,1008,233471,985,372351,Not in California
Outside California,2021-05-03,2988,584264,1748,305715,962,253021,278,25528,1270,138715,1713,235184,1548,373899,Not in California
Outside California,2021-05-04,4231,588495,2420,308135,1369,254390,442,25970,1764,138459,2461,237645,2205,376104,Not in California
Outside California,2021-05-05,4599,593094,2717,310852,1515,255905,367,26337,1909,138057,2681,240326,2279,378383,Not in California
Outside California,2021-05-06,4494,597588,2838,313690,1323,257228,333,26670,1875,137650,2614,242940,2207,380590,Not in California
Outside California,2021-05-07,4788,602376,2858,316548,1554,258782,376,27046,1936,137123,2840,245780,2313,382903,Not in California
Outside California,2021-05-08,3561,605937,2455,319003,860,259642,246,27292,1538,136947,1961,247741,1785,384688,Not in California
Outside California,2021-05-09,1374,607311,890,319893,360,260002,124,27416,587,136890,767,248508,710,385398,Not in California
Outside California,2021-05-10,2631,609942,1204,321097,1103,261105,324,27740,1045,136693,1568,250076,1371,386769,Not in California
Outside California,2021-05-11,2825,612767,1401,322498,1154,262259,270,28010,1151,136443,1672,251748,1422,388191,Not in California
Outside California,2021-05-12,2806,615573,1306,323804,1209,263468,291,28301,1125,136182,1676,253424,1415,389606,Not in California
Outside California,2021-05-13,3136,618709,1862,325666,1065,264533,209,28510,1286,135835,1842,255266,1495,391101,Not in California
Outside California,2021-05-14,3745,622454,2189,327855,1304,265837,252,28762,1601,135547,2141,257407,1853,392954,Not in California
Outside California,2021-05-15,2187,624641,1508,329363,560,266397,119,28881,720,134925,1461,258868,839,393793,Not in California
Outside California,2021-05-16,645,625286,469,329832,145,266542,31,28912,340,135006,305,259173,386,394179,Not in California
Unknown,2020-12-17,2,2,2,2,0,0,0,0,0,0,0,0,0,0,Not in California
Unknown,2020-12-18,9,11,9,11,0,0,0,0,8,8,0,0,8,8,Not in California
Unknown,2020-12-19,81,92,81,92,0,0,0,0,81,89,0,0,81,89,Not in California
Unknown,2020-12-20,24,116,24,116,0,0,0,0,24,113,0,0,24,113,Not in California
Unknown,2020-12-21,5,121,5,121,0,0,0,0,0,113,0,0,0,113,Not in California
Unknown,2020-12-22,4,125,4,125,0,0,0,0,4,117,0,0,4,117,Not in California
Unknown,2020-12-26,1,126,1,126,0,0,0,0,1,118,0,0,1,118,Not in California
Unknown,2020-12-28,4,130,4,130,0,0,0,0,3,121,0,0,3,121,Not in California
Unknown,2020-12-29,3,133,3,133,0,0,0,0,3,124,0,0,3,124,Not in California
Unknown,2020-12-30,59,192,56,189,3,3,0,0,57,181,0,0,57,181,Not in California
Unknown,2020-12-31,2,194,0,189,2,5,0,0,1,182,0,0,1,182,Not in California
Unknown,2021-01-02,1,195,0,189,1,6,0,0,1,183,0,0,1,183,Not in California
Unknown,2021-01-04,3,198,3,192,0,6,0,0,2,185,0,0,2,185,Not in California
Unknown,2021-01-05,1,199,0,192,1,7,0,0,2,187,0,0,2,187,Not in California
Unknown,2021-01-06,30,229,28,220,2,9,0,0,7,171,23,23,7,194,Not in California
Unknown,2021-01-07,110,339,107,327,3,12,0,0,72,205,38,61,72,266,Not in California
Unknown,2021-01-08,26,365,21,348,5,17,0,0,5,189,21,82,5,271,Not in California
Unknown,2021-01-09,3,368,2,350,1,18,0,0,4,193,0,82,4,275,Not in California
Unknown,2021-01-11,23,391,23,373,0,18,0,0,18,207,4,86,18,293,Not in California
Unknown,2021-01-12,10,401,8,381,2,20,0,0,8,215,1,87,9,302,Not in California
Unknown,2021-01-13,11,412,11,392,0,20,0,0,12,227,0,87,12,314,Not in California
Unknown,2021-01-14,4,416,3,395,1,21,0,0,4,231,0,87,4,318,Not in California
Unknown,2021-01-15,5,421,4,399,1,22,0,0,5,236,0,87,5,323,Not in California
Unknown,2021-01-16,7,428,7,406,0,22,0,0,6,241,1,88,6,329,Not in California
Unknown,2021-01-17,3,431,3,409,0,22,0,0,3,244,0,88,3,332,Not in California
Unknown,2021-01-18,54,485,54,463,0,22,0,0,52,294,2,90,52,384,Not in California
Unknown,2021-01-19,25,510,24,487,1,23,0,0,21,312,3,93,21,405,Not in California
Unknown,2021-01-20,80,590,80,567,0,23,0,0,29,289,52,145,29,434,Not in California
Unknown,2021-01-21,60,650,58,625,2,25,0,0,61,349,1,146,61,495,Not in California
Unknown,2021-01-22,38,688,33,658,5,30,0,0,38,387,0,146,38,533,Not in California
Unknown,2021-01-23,11,699,5,663,6,36,0,0,11,398,0,146,11,544,Not in California
Unknown,2021-01-24,2,701,2,665,0,36,0,0,3,401,0,146,3,547,Not in California
Unknown,2021-01-25,21,722,18,683,3,39,0,0,17,415,3,149,17,564,Not in California
Unknown,2021-01-26,98,820,94,777,4,43,0,0,101,516,0,149,101,665,Not in California
Unknown,2021-01-27,17,837,17,794,0,43,0,0,16,531,1,150,16,681,Not in California
Unknown,2021-01-28,155,992,152,946,3,46,0,0,98,569,60,210,98,779,Not in California
Unknown,2021-01-29,146,1138,145,1091,1,47,0,0,150,718,1,211,150,929,Not in California
Unknown,2021-01-30,10,1148,8,1099,2,49,0,0,13,730,1,212,13,942,Not in California
Unknown,2021-01-31,16,1164,16,1115,0,49,0,0,16,745,1,213,16,958,Not in California
Unknown,2021-02-01,37,1201,35,1150,2,51,0,0,22,750,17,230,22,980,Not in California
Unknown,2021-02-02,70,1271,68,1218,2,53,0,0,63,807,6,236,63,1043,Not in California
Unknown,2021-02-03,49,1320,45,1263,4,57,0,0,37,833,11,247,37,1080,Not in California
Unknown,2021-02-04,62,1382,57,1320,5,62,0,0,56,883,6,253,56,1136,Not in California
Unknown,2021-02-05,23,1405,16,1336,7,69,0,0,19,895,7,260,19,1155,Not in California
Unknown,2021-02-06,19,1424,14,1350,5,74,0,0,15,903,7,267,15,1170,Not in California
Unknown,2021-02-07,8,1432,8,1358,0,74,0,0,6,907,2,269,6,1176,Not in California
Unknown,2021-02-08,53,1485,50,1408,3,77,0,0,14,882,39,308,14,1190,Not in California
Unknown,2021-02-09,19,1504,18,1426,1,78,0,0,4,871,15,323,4,1194,Not in California
Unknown,2021-02-10,35,1539,30,1456,5,83,0,0,9,854,26,349,9,1203,Not in California
Unknown,2021-02-11,93,1632,92,1548,1,84,0,0,43,846,51,400,43,1246,Not in California
Unknown,2021-02-12,41,1673,33,1581,8,92,0,0,16,833,29,429,16,1262,Not in California
Unknown,2021-02-13,15,1688,3,1584,12,104,0,0,17,849,1,430,17,1279,Not in California
Unknown,2021-02-14,7,1695,1,1585,6,110,0,0,5,853,1,431,5,1284,Not in California
Unknown,2021-02-15,44,1739,38,1623,6,116,0,0,29,869,13,444,29,1313,Not in California
Unknown,2021-02-16,105,1844,96,1719,9,125,0,0,32,828,73,517,32,1345,Not in California
Unknown,2021-02-17,10,1854,8,1727,2,127,0,0,4,827,5,522,4,1349,Not in California
Unknown,2021-02-18,105,1959,100,1827,5,132,0,0,19,760,86,608,19,1368,Not in California
Unknown,2021-02-19,195,2154,189,2016,6,138,0,0,58,682,136,744,58,1426,Not in California
Unknown,2021-02-20,11,2165,5,2021,6,144,0,0,4,681,5,749,4,1430,Not in California
Unknown,2021-02-21,18,2183,18,2039,0,144,0,0,4,671,14,763,4,1434,Not in California
Unknown,2021-02-22,9,2192,9,2048,0,144,0,0,6,674,3,766,6,1440,Not in California
Unknown,2021-02-23,63,2255,51,2099,12,156,0,0,15,642,47,813,15,1455,Not in California
Unknown,2021-02-24,43,2298,35,2134,8,164,0,0,15,629,28,841,15,1470,Not in California
Unknown,2021-02-25,75,2373,59,2193,16,180,0,0,27,608,48,889,27,1497,Not in California
Unknown,2021-02-26,40,2413,25,2218,15,195,0,0,24,617,15,904,24,1521,Not in California
Unknown,2021-02-27,29,2442,16,2234,13,208,0,0,21,630,8,912,21,1542,Not in California
Unknown,2021-02-28,17,2459,13,2247,4,212,0,0,10,635,5,917,10,1552,Not in California
Unknown,2021-03-01,45,2504,27,2274,18,230,0,0,24,639,20,937,24,1576,Not in California
Unknown,2021-03-02,19,2523,7,2281,12,242,0,0,12,646,5,942,12,1588,Not in California
Unknown,2021-03-03,13,2536,7,2288,6,248,0,0,9,652,3,945,9,1597,Not in California
Unknown,2021-03-04,53,2589,49,2337,4,252,0,0,22,643,31,976,22,1619,Not in California
Unknown,2021-03-05,33,2622,15,2352,18,270,0,0,35,672,6,982,35,1654,Not in California
Unknown,2021-03-06,32,2654,11,2363,19,289,2,2,23,688,9,991,25,1679,Not in California
Unknown,2021-03-07,10,2664,1,2364,9,298,0,2,7,692,3,994,7,1686,Not in California
Unknown,2021-03-08,32,2696,23,2387,7,305,2,4,8,677,25,1019,10,1696,Not in California
Unknown,2021-03-09,39,2735,32,2419,3,308,4,8,9,659,31,1050,13,1709,Not in California
Unknown,2021-03-10,9,2744,6,2425,1,309,2,10,5,661,5,1055,7,1716,Not in California
Unknown,2021-03-11,37,2781,13,2438,10,319,14,24,14,668,21,1076,28,1744,Not in California
Unknown,2021-03-12,82,2863,56,2494,21,340,5,29,15,624,64,1140,20,1764,Not in California
Unknown,2021-03-13,24,2887,4,2498,16,356,4,33,8,620,16,1156,12,1776,Not in California
Unknown,2021-03-14,18,2905,10,2508,6,362,2,35,6,617,11,1167,8,1784,Not in California
Unknown,2021-03-15,30,2935,11,2519,17,379,2,37,20,626,13,1180,22,1806,Not in California
Unknown,2021-03-16,62,2997,22,2541,36,415,4,41,42,653,19,1199,46,1852,Not in California
Unknown,2021-03-17,47,3044,14,2555,32,447,1,42,40,690,4,1203,41,1893,Not in California
Unknown,2021-03-18,40,3084,20,2575,20,467,0,42,28,706,12,1215,28,1921,Not in California
Unknown,2021-03-19,29,3113,19,2594,10,477,0,42,24,722,8,1223,24,1945,Not in California
Unknown,2021-03-20,33,3146,15,2609,18,495,0,42,20,730,12,1235,20,1965,Not in California
Unknown,2021-03-21,23,3169,17,2626,6,501,0,42,19,746,3,1238,19,1984,Not in California
Unknown,2021-03-22,36,3205,19,2645,16,517,1,43,18,753,12,1250,19,2003,Not in California
Unknown,2021-03-23,23,3228,9,2654,9,526,5,48,11,758,11,1261,16,2019,Not in California
Unknown,2021-03-24,26,3254,9,2663,17,543,0,48,21,774,5,1266,21,2040,Not in California
Unknown,2021-03-25,48,3302,34,2697,14,557,0,48,32,792,14,1280,32,2072,Not in California
Unknown,2021-03-26,37,3339,20,2717,12,569,5,53,21,802,16,1296,26,2098,Not in California
Unknown,2021-03-27,40,3379,14,2731,26,595,0,53,24,806,20,1316,24,2122,Not in California
Unknown,2021-03-28,16,3395,9,2740,7,602,0,53,11,813,4,1320,11,2133,Not in California
Unknown,2021-03-29,39,3434,18,2758,20,622,1,54,25,827,12,1332,26,2159,Not in California
Unknown,2021-03-30,42,3476,25,2783,17,639,0,54,27,839,15,1347,27,2186,Not in California
Unknown,2021-03-31,35,3511,21,2804,14,653,0,54,23,850,12,1359,23,2209,Not in California
Unknown,2021-04-01,28,3539,14,2818,14,667,0,54,22,866,6,1365,22,2231,Not in California
Unknown,2021-04-02,63,3602,16,2834,38,705,9,63,29,870,34,1399,38,2269,Not in California
Unknown,2021-04-03,19,3621,9,2843,10,715,0,63,11,871,10,1409,11,2280,Not in California
Unknown,2021-04-04,17,3638,4,2847,13,728,0,63,10,875,6,1415,10,2290,Not in California
Unknown,2021-04-05,34,3672,20,2867,13,741,1,64,18,879,15,1430,19,2309,Not in California
Unknown,2021-04-06,35,3707,18,2885,16,757,1,65,17,878,19,1449,18,2327,Not in California
Unknown,2021-04-07,39,3746,27,2912,12,769,0,65,38,908,8,1457,38,2365,Not in California
Unknown,2021-04-08,38,3784,23,2935,11,780,4,69,19,909,22,1479,23,2388,Not in California
Unknown,2021-04-09,40,3824,25,2960,15,795,0,69,27,922,14,1493,27,2415,Not in California
Unknown,2021-04-10,10,3834,9,2969,1,796,0,69,7,922,7,1500,7,2422,Not in California
Unknown,2021-04-11,15,3849,11,2980,4,800,0,69,5,918,9,1509,5,2427,Not in California
Unknown,2021-04-12,39,3888,22,3002,16,816,1,70,18,914,23,1532,19,2446,Not in California
Unknown,2021-04-13,67,3955,26,3028,41,857,0,70,33,908,39,1571,33,2479,Not in California
Unknown,2021-04-14,36,3991,10,3038,26,883,0,70,12,894,26,1597,12,2491,Not in California
Unknown,2021-04-15,42,4033,17,3055,24,907,1,71,20,886,29,1626,21,2512,Not in California
Unknown,2021-04-16,52,4085,38,3093,14,921,0,71,34,899,21,1647,34,2546,Not in California
Unknown,2021-04-17,27,4112,15,3108,12,933,0,71,8,889,19,1666,9,2555,Not in California
Unknown,2021-04-18,20,4132,8,3116,12,945,0,71,10,887,12,1678,10,2565,Not in California
Unknown,2021-04-19,36,4168,22,3138,14,959,0,71,31,900,18,1696,31,2596,Not in California
Unknown,2021-04-20,26,4194,15,3153,11,970,0,71,12,892,20,1716,12,2608,Not in California
Unknown,2021-04-21,38,4232,16,3169,22,992,0,71,33,899,26,1742,33,2641,Not in California
Unknown,2021-04-22,23,4255,14,3183,9,1001,0,71,41,922,18,1760,41,2682,Not in California
Unknown,2021-04-23,34,4289,15,3198,19,1020,0,71,53,962,13,1773,53,2735,Not in California
Unknown,2021-04-24,41,4330,23,3221,18,1038,0,71,43,992,13,1786,43,2778,Not in California
Unknown,2021-04-25,23,4353,9,3230,14,1052,0,71,36,1017,11,1797,36,2814,Not in California
Unknown,2021-04-26,48,4401,39,3269,9,1061,0,71,34,1037,14,1811,34,2848,Not in California
Unknown,2021-04-27,64,4465,48,3317,16,1077,0,71,45,1063,19,1830,45,2893,Not in California
Unknown,2021-04-28,49,4514,41,3358,7,1084,1,72,21,1057,28,1858,22,2915,Not in California
Unknown,2021-04-29,36,4550,21,3379,15,1099,0,72,12,1045,24,1882,12,2927,Not in California
Unknown,2021-04-30,30,4580,14,3393,11,1110,5,77,15,1050,15,1897,20,2947,Not in California
Unknown,2021-05-01,35,4615,27,3420,7,1117,1,78,21,1058,14,1911,22,2969,Not in California
Unknown,2021-05-02,14,4629,7,3427,6,1123,1,79,6,1057,8,1919,7,2976,Not in California
Unknown,2021-05-03,26,4655,19,3446,5,1128,2,81,8,1049,18,1937,10,2986,Not in California
Unknown,2021-05-04,22,4677,12,3458,6,1134,4,85,5,1041,17,1954,9,2995,Not in California
Unknown,2021-05-05,32,4709,14,3472,17,1151,1,86,17,1044,15,1969,18,3013,Not in California
Unknown,2021-05-06,22,4731,12,3484,8,1159,2,88,9,1042,13,1982,11,3024,Not in California
Unknown,2021-05-07,29,4760,16,3500,11,1170,2,90,11,1037,18,2000,13,3037,Not in California
Unknown,2021-05-08,16,4776,10,3510,4,1174,2,92,7,1038,8,2008,9,3046,Not in California
Unknown,2021-05-09,18,4794,5,3515,9,1183,4,96,8,1040,10,2018,12,3058,Not in California
Unknown,2021-05-10,24,4818,17,3532,6,1189,1,97,3,1024,20,2038,4,3062,Not in California
Unknown,2021-05-11,107,4925,70,3602,26,1215,11,108,87,1102,20,2058,98,3160,Not in California
Unknown,2021-05-12,274,5199,204,3806,42,1257,28,136,212,1280,62,2120,240,3400,Not in California
Unknown,2021-05-13,329,5528,255,4061,68,1325,6,142,269,1496,60,2180,276,3676,Not in California
Unknown,2021-05-14,401,5929,326,4387,68,1393,7,149,336,1775,63,2243,342,4018,Not in California
Unknown,2021-05-15,16,5945,16,4403,0,1393,0,149,0,1759,16,2259,0,4018,Not in California
Unknown,2021-05-16,26,5971,26,4429,0,1393,0,149,2,1737,24,2283,2,4020,Not in California
Alameda,2020-12-15,36,36,36,36,0,0,0,0,36,36,0,0,36,36,California
Alameda,2020-12-16,206,242,206,242,0,0,0,0,206,242,0,0,206,242,California
Alameda,2020-12-17,397,639,397,639,0,0,0,0,397,639,0,0,397,639,California
Alameda,2020-12-18,1777,2416,1776,2415,1,1,0,0,1777,2416,0,0,1777,2416,California
Alameda,2020-12-19,1355,3771,1355,3770,0,1,0,0,1355,3771,0,0,1355,3771,California
Alameda,2020-12-20,1163,4934,1162,4932,1,2,0,0,1162,4932,1,1,1162,4933,California
Alameda,2020-12-21,1863,6797,1861,6793,2,4,0,0,1862,6794,0,1,1862,6795,California
Alameda,2020-12-22,2100,8897,2047,8840,53,57,0,0,2100,8894,0,1,2100,8895,California
Alameda,2020-12-23,1946,10843,1688,10528,258,315,0,0,1947,10841,0,1,1947,10842,California
Alameda,2020-12-24,1220,12063,760,11288,460,775,0,0,1220,12061,0,1,1220,12062,California
Alameda,2020-12-25,166,12229,129,11417,37,812,0,0,166,12227,0,1,166,12228,California
Alameda,2020-12-26,870,13099,326,11743,544,1356,0,0,870,13097,0,1,870,13098,California
Alameda,2020-12-27,498,13597,256,11999,242,1598,0,0,498,13595,0,1,498,13596,California
Alameda,2020-12-28,1886,15483,960,12959,926,2524,0,0,1886,15481,0,1,1886,15482,California
Alameda,2020-12-29,2432,17915,1025,13984,1407,3931,0,0,2431,17912,0,1,2431,17913,California
Alameda,2020-12-30,3132,21047,1364,15348,1768,5699,0,0,3134,21046,0,1,3134,21047,California
Alameda,2020-12-31,1796,22843,443,15791,1353,7052,0,0,1794,22839,1,2,1794,22841,California
Alameda,2021-01-01,172,23015,70,15861,102,7154,0,0,171,23009,1,3,171,23012,California
Alameda,2021-01-02,727,23742,524,16385,203,7357,0,0,726,23735,0,3,726,23738,California
Alameda,2021-01-03,343,24085,222,16607,121,7478,0,0,340,24072,3,6,340,24078,California
Alameda,2021-01-04,1650,25735,945,17552,705,8183,0,0,1638,25699,11,17,1638,25716,California
Alameda,2021-01-05,2215,27950,1271,18823,944,9127,0,0,1979,27445,233,250,1979,27695,California
Alameda,2021-01-06,3252,31202,1786,20609,1466,10593,0,0,2429,29056,820,1070,2431,30126,California
Alameda,2021-01-07,3778,34980,2114,22723,1664,12257,0,0,2687,30665,1082,2152,2691,32817,California
Alameda,2021-01-08,4740,39720,2705,25428,2035,14292,0,0,3111,32155,1625,3777,3115,35932,California
Alameda,2021-01-09,2035,41755,1388,26816,647,14939,0,0,1173,32466,862,4639,1173,37105,California
Alameda,2021-01-10,1069,42824,846,27662,223,15162,0,0,429,32254,641,5280,429,37534,California
Alameda,2021-01-11,4656,47480,3521,31183,1135,16297,0,0,2860,33326,1795,7075,2867,40401,California
Alameda,2021-01-12,4835,52315,3255,34438,1580,17877,0,0,3443,35381,1391,8466,3446,43847,California
Alameda,2021-01-13,5046,57361,2668,37106,2378,20255,0,0,3853,38047,1189,9655,3855,47702,California
Alameda,2021-01-14,5638,62999,2775,39881,2863,23118,0,0,4751,41923,878,10533,4754,52456,California
Alameda,2021-01-15,5846,68845,2315,42196,3531,26649,0,0,5078,46244,761,11294,5082,57538,California
Alameda,2021-01-16,3008,71853,1409,43605,1599,28248,0,0,2738,48713,270,11564,2739,60277,California
Alameda,2021-01-17,1869,73722,1083,44688,786,29034,0,0,1662,50170,206,11770,1663,61940,California
Alameda,2021-01-18,3204,76926,2057,46745,1147,30181,0,0,2608,52191,592,12362,2613,64553,California
Alameda,2021-01-19,5534,82460,3335,50080,2199,32380,0,0,4340,55341,1192,13554,4342,68895,California
Alameda,2021-01-20,6781,89241,4112,54192,2669,35049,0,0,5485,59547,1283,14837,5489,74384,California
Alameda,2021-01-21,7789,97030,3411,57603,4378,39427,0,0,6951,65671,832,15669,6956,81340,California
Alameda,2021-01-22,6856,103886,2043,59646,4813,44240,0,0,5717,70258,1132,16801,5719,87059,California
Alameda,2021-01-23,3290,107176,947,60593,2343,46583,0,0,2735,72440,555,17356,2737,89796,California
Alameda,2021-01-24,2053,109229,657,61250,1396,47979,0,0,1776,73943,273,17629,1776,91572,California
Alameda,2021-01-25,5222,114451,1985,63235,3237,51216,0,0,3632,75994,1582,19211,3633,95205,California
Alameda,2021-01-26,7260,121711,2296,65531,4964,56180,0,0,5394,79530,1859,21070,5395,100600,California
Alameda,2021-01-27,6670,128381,2078,67609,4592,60772,0,0,4818,82510,1838,22908,4818,105418,California
Alameda,2021-01-28,7906,136287,2556,70165,5350,66122,0,0,5664,85949,2226,25134,5665,111083,California
Alameda,2021-01-29,7928,144215,3185,73350,4743,70865,0,0,6105,90242,1813,26947,6106,117189,California
Alameda,2021-01-30,3430,147645,1682,75032,1748,72613,0,0,2724,92266,700,27647,2724,119913,California
Alameda,2021-01-31,1906,149551,965,75997,941,73554,0,0,1662,93687,241,27888,1662,121575,California
Alameda,2021-02-01,5983,155534,3377,79374,2606,76160,0,0,4335,96381,1642,29530,4336,125911,California
Alameda,2021-02-02,7481,163015,4262,83636,3219,79379,0,0,4677,98266,2792,32322,4677,130588,California
Alameda,2021-02-03,7087,170102,3735,87371,3352,82731,0,0,4410,100010,2671,34993,4415,135003,California
Alameda,2021-02-04,9568,179670,4172,91543,5396,88127,0,0,6437,103340,3112,38105,6442,141445,California
Alameda,2021-02-05,10355,190025,5407,96950,4948,93075,0,0,6478,105953,3871,41976,6484,147929,California
Alameda,2021-02-06,6998,197023,4438,101388,2560,95635,0,0,5874,110703,1124,43100,5874,153803,California
Alameda,2021-02-07,3587,200610,2895,104283,692,96327,0,0,2640,112400,944,44044,2641,156444,California
Alameda,2021-02-08,8107,208717,5795,110078,2312,98639,0,0,5549,115404,2547,46591,5551,161995,California
Alameda,2021-02-09,9721,218438,5863,115941,3858,102497,0,0,6071,117833,3644,50235,6073,168068,California
Alameda,2021-02-10,11476,229914,6789,122730,4687,107184,0,0,6574,119531,4884,55119,6582,174650,California
Alameda,2021-02-11,13950,243864,8002,130732,5948,113132,0,0,8385,122373,5546,60665,8388,183038,California
Alameda,2021-02-12,12549,256413,5703,136435,6846,119978,0,0,7760,125361,4775,65440,7763,190801,California
Alameda,2021-02-13,7825,264238,4073,140508,3752,123730,0,0,5857,129257,1963,67403,5859,196660,California
Alameda,2021-02-14,4037,268275,2540,143048,1497,125227,0,0,2873,130973,1160,68563,2876,199536,California
Alameda,2021-02-15,5723,273998,3231,146279,2492,127719,0,0,3708,132674,2010,70573,3711,203247,California
Alameda,2021-02-16,12564,286562,6979,153258,5585,133304,0,0,9336,138798,3218,73791,9342,212589,California
Alameda,2021-02-17,14187,300749,8424,161682,5763,139067,0,0,10553,145739,3614,77405,10555,223144,California
Alameda,2021-02-18,15915,316664,10101,171783,5814,144881,0,0,11551,152941,4355,81760,11557,234701,California
Alameda,2021-02-19,17678,334342,11466,183249,6212,151093,0,0,11711,158713,5944,87704,11716,246417,California
Alameda,2021-02-20,11894,346236,9637,192886,2257,153350,0,0,9159,165148,2730,90434,9165,255582,California
Alameda,2021-02-21,7662,353898,6730,199616,932,154282,0,0,5178,167853,2473,92907,5178,260760,California
Alameda,2021-02-22,10819,364717,8034,207650,2785,157067,0,0,6852,170761,3953,96860,6861,267621,California
Alameda,2021-02-23,12944,377661,7933,215583,5011,162078,0,0,8125,174086,4807,101667,8132,275753,California
Alameda,2021-02-24,14793,392454,8336,223919,6457,168535,0,0,9628,178615,5104,106771,9633,285386,California
Alameda,2021-02-25,15674,408128,9163,233082,6511,175046,0,0,9984,182950,5657,112428,9992,295378,California
Alameda,2021-02-26,18129,426257,10659,243741,7470,182516,0,0,11721,188310,6365,118793,11725,307103,California
Alameda,2021-02-27,14731,440988,10832,254573,3897,186413,2,2,9121,191847,5588,124381,9125,316228,California
Alameda,2021-02-28,9165,450153,7724,262297,1441,187854,0,2,6080,194866,3062,127443,6081,322309,California
Alameda,2021-03-01,13289,463442,9227,271524,4055,191909,7,9,8233,198101,5011,132454,8246,330555,California
Alameda,2021-03-02,13862,477304,9634,281158,4227,196136,1,10,8910,202087,4932,137386,8918,339473,California
Alameda,2021-03-03,15456,492760,10028,291186,5427,201563,1,11,10528,207720,4900,142286,10533,350006,California
Alameda,2021-03-04,17366,510126,11100,302286,6264,207827,2,13,10914,212220,6416,148702,10916,360922,California
Alameda,2021-03-05,15890,526016,10256,312542,5625,213452,9,22,10653,217692,5196,153898,10668,371590,California
Alameda,2021-03-06,14285,540301,9995,322537,4026,217478,264,286,9379,222475,4862,158760,9645,381235,California
Alameda,2021-03-07,9424,549725,8160,330697,1183,218661,81,367,6638,226439,2757,161517,6721,387956,California
Alameda,2021-03-08,11692,561417,7187,337884,4126,222787,379,746,8678,232532,2964,164481,9057,397013,California
Alameda,2021-03-09,11448,572865,7079,344963,3938,226725,431,1177,6307,234166,5105,169586,6739,403752,California
Alameda,2021-03-10,16706,589571,11347,356310,4801,231526,558,1735,7525,233090,9155,178741,8079,411831,California
Alameda,2021-03-11,19793,609364,11574,367884,6514,238040,1705,3440,6754,228534,13009,191750,8453,420284,California
Alameda,2021-03-12,21177,630541,12329,380213,7193,245233,1655,5095,7470,223968,13682,205432,9116,429400,California
Alameda,2021-03-13,15847,646388,10100,390313,4759,249992,988,6083,5073,219288,10739,216171,6059,435459,California
Alameda,2021-03-14,10708,657096,7822,398135,2100,252092,786,6869,3388,216152,7300,223471,4164,439623,California
Alameda,2021-03-15,14337,671433,9341,407476,4478,256570,518,7387,6290,214940,8017,231488,6805,446428,California
Alameda,2021-03-16,17193,688626,11125,418601,5534,262104,534,7921,7392,213118,9749,241237,7927,454355,California
Alameda,2021-03-17,17406,706032,9804,428405,6906,269010,696,8617,8076,212600,9289,250526,8771,463126,California
Alameda,2021-03-18,19100,725132,10359,438764,7863,276873,878,9495,8767,211948,10301,260827,9649,472775,California
Alameda,2021-03-19,19138,744270,10365,449129,6988,283861,1785,11280,7649,209934,11441,272268,9427,482202,California
Alameda,2021-03-20,15643,759913,10204,459333,4615,288476,824,12104,6546,208233,9068,281336,7367,489569,California
Alameda,2021-03-21,9067,768980,7107,466440,1427,289903,533,12637,3777,207264,5280,286616,4311,493880,California
Alameda,2021-03-22,14901,783881,10016,476456,3906,293809,979,13616,7174,207711,7701,294317,8148,502028,California
Alameda,2021-03-23,19133,803014,11526,487982,6816,300625,791,14407,10722,210863,8367,302684,11519,513547,California
Alameda,2021-03-24,19031,822045,11460,499442,6577,307202,994,15401,8584,210048,10384,313068,9569,523116,California
Alameda,2021-03-25,20396,842441,11275,510717,7737,314939,1384,16785,9574,210240,10754,323822,10946,534062,California
Alameda,2021-03-26,20708,863149,12400,523117,6773,321712,1535,18320,8875,208854,11786,335608,10400,544462,California
Alameda,2021-03-27,18211,881360,12350,535467,4900,326612,961,19281,7852,207336,10314,345922,8796,553258,California
Alameda,2021-03-28,10451,891811,8463,543930,1784,328396,204,19485,3827,204764,6611,352533,4039,557297,California
Alameda,2021-03-29,14611,906422,9300,553230,4314,332710,997,20482,6281,203746,8295,360828,7277,564574,California
Alameda,2021-03-30,18483,924905,9704,562934,7081,339791,1698,22180,10834,208653,7619,368447,12526,577100,California
Alameda,2021-03-31,19273,944178,10151,573085,7053,346844,2069,24249,9544,210555,9703,378150,11605,588705,California
Alameda,2021-04-01,23171,967349,10028,583113,7632,354476,5511,29760,11082,215091,12054,390204,16590,605295,California
Alameda,2021-04-02,23900,991249,9912,593025,8289,362765,5699,35459,11625,220169,12240,402444,17318,622613,California
Alameda,2021-04-03,20181,1011430,9757,602782,5699,368464,4725,40184,10333,225397,9829,412273,15057,637670,California
Alameda,2021-04-04,9946,1021376,3973,606755,2290,370754,3683,43867,3502,226146,6430,418703,7179,644849,California
Alameda,2021-04-05,17798,1039174,7514,614269,5518,376272,4766,48633,7261,227657,10513,429216,12024,656873,California
Alameda,2021-04-06,22178,1061352,10707,624976,5647,381919,5824,54457,10103,231530,12040,441256,15913,672786,California
Alameda,2021-04-07,22485,1083837,11548,636524,5500,387419,5437,59894,11421,237358,11021,452277,16849,689635,California
Alameda,2021-04-08,25433,1109270,11503,648027,5968,393387,7962,67856,10868,241679,14495,466772,18816,708451,California
Alameda,2021-04-09,23326,1132596,10655,658682,7456,400843,5215,73071,12051,247701,11244,478016,17266,725717,California
Alameda,2021-04-10,18856,1151452,7432,666114,5599,406442,5825,78896,8191,251061,10640,488656,14000,739717,California
Alameda,2021-04-11,10994,1162446,4794,670908,2268,408710,3932,82828,4502,253010,6475,495131,8424,748141,California
Alameda,2021-04-12,17956,1180402,11716,682624,4308,413018,1932,84760,10131,257278,7790,502921,12058,760199,California
Alameda,2021-04-13,23021,1203423,14601,697225,8365,421383,55,84815,16960,268290,6014,508935,17026,777225,California
Alameda,2021-04-14,23042,1226465,15195,712420,7846,429229,1,84816,15612,276512,7398,516333,15620,792845,California
Alameda,2021-04-15,24100,1250565,15391,727811,8707,437936,2,84818,16006,284486,8041,524374,16015,808860,California
Alameda,2021-04-16,24392,1274957,14426,742237,9961,447897,5,84823,15729,291619,8613,532987,15746,824606,California
Alameda,2021-04-17,20781,1295738,14336,756573,6445,454342,0,84823,14321,299528,6427,539414,14336,838942,California
Alameda,2021-04-18,9920,1305658,7579,764152,2341,456683,0,84823,6866,303373,3026,542440,6871,845813,California
Alameda,2021-04-19,15665,1321323,9744,773896,5920,462603,1,84824,9081,305919,6545,548985,9091,854904,California
Alameda,2021-04-20,18184,1339507,11144,785040,7039,469642,1,84825,9984,307767,8157,557142,10005,864909,California
Alameda,2021-04-21,19175,1358682,11261,796301,7906,477548,8,84833,11200,311073,7921,565063,11227,876136,California
Alameda,2021-04-22,21400,1380082,13788,810089,7609,485157,3,84836,11344,312466,9978,575041,11371,887507,California
Alameda,2021-04-23,21673,1401755,14059,824148,7612,492769,2,84838,12093,315088,9499,584540,12121,899628,California
Alameda,2021-04-24,18971,1420726,14392,838540,4572,497341,7,84845,10006,316201,8910,593450,10023,909651,California
Alameda,2021-04-25,8816,1429542,6872,845412,1943,499284,1,84846,5692,318828,3076,596526,5703,915354,California
Alameda,2021-04-26,13746,1443288,9579,854991,4145,503429,22,84868,8522,322187,5194,601720,8553,923907,California
Alameda,2021-04-27,15683,1458971,9318,864309,6060,509489,305,85173,7344,321565,8295,610015,7673,931580,California
Alameda,2021-04-28,15959,1474930,10154,874463,5341,514830,464,85637,6218,318547,9714,619729,6696,938276,California
Alameda,2021-04-29,16689,1491619,10032,884495,6334,521164,323,85960,5987,314220,10658,630387,6331,944607,California
Alameda,2021-04-30,19438,1511057,12009,896504,7090,528254,339,86299,7866,310958,11503,641890,8241,952848,California
Alameda,2021-05-01,13953,1525010,9304,905808,4445,532699,204,86503,5185,307639,8740,650630,5421,958269,California
Alameda,2021-05-02,7042,1532052,4896,910704,1975,534674,171,86674,2869,306527,4157,654787,3045,961314,California
Alameda,2021-05-03,14412,1546464,10911,921615,3182,537856,319,86993,2823,298153,11548,666335,3174,964488,California
Alameda,2021-05-04,18230,1564694,13073,934688,4799,542655,358,87351,3645,287662,14523,680858,4032,968520,California
Alameda,2021-05-05,18306,1583000,13295,947983,4502,547157,509,87860,3732,277405,14511,695369,4254,972774,California
Alameda,2021-05-06,18512,1601512,13995,961978,3825,550982,692,88552,3594,266859,14845,710214,4299,977073,California
Alameda,2021-05-07,19077,1620589,12846,974824,5818,556800,413,88965,4349,256981,14659,724873,4781,981854,California
Alameda,2021-05-08,16450,1637039,11251,986075,4986,561786,213,89178,3096,246988,13315,738188,3322,985176,California
Alameda,2021-05-09,8504,1645543,6946,993021,1412,563198,146,89324,1461,241576,7022,745210,1610,986786,California
Alameda,2021-05-10,9957,1655500,6766,999787,2863,566061,328,89652,2482,236945,7447,752657,2816,989602,California
Alameda,2021-05-11,14891,1670391,7956,1007743,6644,572705,291,89943,2700,227821,12149,764806,3025,992627,California
Alameda,2021-05-12,12467,1682858,8198,1015941,3859,576564,410,90353,2555,220941,9873,774679,2993,995620,California
Alameda,2021-05-13,16117,1698975,11470,1027411,4157,580721,490,90843,5055,215490,11028,785707,5577,1001197,California
Alameda,2021-05-14,19267,1718242,13024,1040435,5844,586565,399,91242,6602,209911,12596,798303,7017,1008214,California
Alameda,2021-05-15,13703,1731945,9634,1050069,3895,590460,174,91416,4537,205497,9128,807431,4714,1012928,California
Alameda,2021-05-16,5568,1737513,4846,1054915,682,591142,40,91456,1766,203521,3787,811218,1811,1014739,California
Alpine,2020-12-18,2,2,2,2,0,0,0,0,2,2,0,0,2,2,California
Alpine,2020-12-19,2,4,2,4,0,0,0,0,2,4,0,0,2,4,California
Alpine,2020-12-21,2,6,2,6,0,0,0,0,2,6,0,0,2,6,California
Alpine,2020-12-30,14,20,0,6,14,14,0,0,14,20,0,0,14,20,California
Alpine,2020-12-31,1,21,0,6,1,15,0,0,1,21,0,0,1,21,California
Alpine,2021-01-01,1,22,0,6,1,16,0,0,1,22,0,0,1,22,California
Alpine,2021-01-02,1,23,1,7,0,16,0,0,1,23,0,0,1,23,California
Alpine,2021-01-04,10,33,0,7,10,26,0,0,10,33,0,0,10,33,California
Alpine,2021-01-05,9,42,1,8,8,34,0,0,9,42,0,0,9,42,California
Alpine,2021-01-06,31,73,0,8,31,65,0,0,31,73,0,0,31,73,California
Alpine,2021-01-07,8,81,0,8,8,73,0,0,8,81,0,0,8,81,California
Alpine,2021-01-08,4,85,2,10,2,75,0,0,2,81,2,2,2,83,California
Alpine,2021-01-09,2,87,2,12,0,75,0,0,0,79,2,4,0,83,California
Alpine,2021-01-11,32,119,1,13,31,106,0,0,31,109,1,5,31,114,California
Alpine,2021-01-13,35,154,0,13,35,141,0,0,35,144,0,5,35,149,California
Alpine,2021-01-14,1,155,0,13,1,142,0,0,1,145,0,5,1,150,California
Alpine,2021-01-15,1,156,0,13,1,143,0,0,1,146,0,5,1,151,California
Alpine,2021-01-20,21,177,0,13,21,164,0,0,21,167,0,5,21,172,California
Alpine,2021-01-21,1,178,0,13,1,165,0,0,1,168,0,5,1,173,California
Alpine,2021-01-22,32,210,0,13,32,197,0,0,32,200,0,5,32,205,California
Alpine,2021-01-23,1,211,1,14,0,197,0,0,0,199,1,6,0,205,California
Alpine,2021-01-25,16,227,0,14,16,213,0,0,16,215,0,6,16,221,California
Alpine,2021-01-27,1,228,1,15,0,213,0,0,0,214,1,7,0,221,California
Alpine,2021-01-28,1,229,0,15,1,214,0,0,0,213,1,8,0,221,California
Alpine,2021-01-29,1,230,0,15,1,215,0,0,1,214,0,8,1,222,California
Alpine,2021-02-01,25,255,0,15,25,240,0,0,7,203,18,26,7,229,California
Alpine,2021-02-03,34,289,0,15,34,274,0,0,10,189,24,50,10,239,California
Alpine,2021-02-04,8,297,0,15,8,282,0,0,3,187,5,55,3,242,California
Alpine,2021-02-05,31,328,0,15,31,313,0,0,12,180,19,74,12,254,California
Alpine,2021-02-07,1,329,1,16,0,313,0,0,1,181,0,74,1,255,California
Alpine,2021-02-08,32,361,0,16,32,345,0,0,4,157,28,102,4,259,California
Alpine,2021-02-10,34,395,0,16,34,379,0,0,0,123,34,136,0,259,California
Alpine,2021-02-11,6,401,0,16,6,385,0,0,3,123,3,139,3,262,California
Alpine,2021-02-12,1,402,0,16,1,386,0,0,0,122,1,140,0,262,California
Alpine,2021-02-17,23,425,0,16,23,409,0,0,3,105,20,160,3,265,California
Alpine,2021-02-18,2,427,0,16,2,411,0,0,1,105,1,161,1,266,California
Alpine,2021-02-19,34,461,1,17,33,444,0,0,2,75,32,193,2,268,California
Alpine,2021-02-22,27,488,0,17,27,471,0,0,8,64,19,212,8,276,California
Alpine,2021-02-24,1,489,1,18,0,471,0,0,1,65,0,212,1,277,California
Alpine,2021-02-25,6,495,1,19,5,476,0,0,6,71,0,212,6,283,California
Alpine,2021-02-26,30,525,1,20,29,505,0,0,29,99,1,213,29,312,California
Alpine,2021-02-27,1,526,0,20,1,506,0,0,1,100,0,213,1,313,California
Alpine,2021-03-01,36,562,0,20,36,542,0,0,26,116,10,223,26,339,California
Alpine,2021-03-03,30,592,1,21,29,571,0,0,18,122,12,235,18,357,California
Alpine,2021-03-04,11,603,1,22,10,581,0,0,11,133,0,235,11,368,California
Alpine,2021-03-05,30,633,0,22,30,611,0,0,22,147,8,243,22,390,California
Alpine,2021-03-08,31,664,0,22,31,642,0,0,29,174,2,245,29,419,California
Alpine,2021-03-10,73,737,0,22,73,715,0,0,73,247,0,245,73,492,California
Alpine,2021-03-11,35,772,0,22,35,750,0,0,31,274,4,249,31,523,California
Alpine,2021-03-12,19,791,0,22,19,769,0,0,17,289,2,251,17,540,California
Alpine,2021-03-15,21,812,1,23,20,789,0,0,20,308,1,252,20,560,California
Alpine,2021-03-17,23,835,0,23,22,811,1,1,19,324,4,256,20,580,California
Alpine,2021-03-18,38,873,3,26,35,846,0,1,35,356,3,259,35,615,California
Alpine,2021-03-19,2,875,1,27,1,847,0,1,1,356,1,260,1,616,California
Alpine,2021-03-22,24,899,0,27,24,871,0,1,15,362,9,269,15,631,California
Alpine,2021-03-24,19,918,0,27,19,890,0,1,8,359,11,280,8,639,California
Alpine,2021-03-25,35,953,1,28,33,923,1,2,28,381,7,287,29,668,California
Alpine,2021-03-27,1,954,0,28,1,924,0,2,0,380,1,288,0,668,California
Alpine,2021-03-28,1,955,1,29,0,924,0,2,1,381,0,288,1,669,California
Alpine,2021-03-29,19,974,0,29,18,942,1,3,2,367,17,305,3,672,California
Alpine,2021-04-01,18,992,0,29,18,960,0,3,8,365,10,315,8,680,California
Alpine,2021-04-02,101,1093,1,30,100,1060,0,3,46,357,54,369,46,726,California
Alpine,2021-04-05,4,1097,1,31,3,1063,0,3,0,353,4,373,0,726,California
Alpine,2021-04-06,3,1100,2,33,1,1064,0,3,2,354,1,374,2,728,California
Alpine,2021-04-07,117,1217,0,33,116,1180,1,4,30,299,86,460,31,759,California
Alpine,2021-04-08,37,1254,0,33,35,1215,2,6,10,284,27,487,12,771,California
Alpine,2021-04-09,1,1255,0,33,1,1216,0,6,1,285,0,487,1,772,California
Alpine,2021-04-14,47,1302,0,33,47,1263,0,6,10,258,37,524,10,782,California
Alpine,2021-04-15,35,1337,0,33,35,1298,0,6,3,229,32,556,3,785,California
Alpine,2021-04-16,1,1338,0,33,1,1299,0,6,1,230,0,556,1,786,California
Alpine,2021-04-19,1,1339,0,33,1,1300,0,6,1,231,0,556,1,787,California
Alpine,2021-04-21,31,1370,0,33,31,1331,0,6,15,230,16,572,15,802,California
Alpine,2021-04-22,24,1394,0,33,24,1355,0,6,1,208,23,595,1,803,California
Alpine,2021-04-24,2,1396,2,35,0,1355,0,6,0,207,2,597,1,804,California
Alpine,2021-04-25,1,1397,1,36,0,1355,0,6,0,206,1,598,0,804,California
Alpine,2021-04-27,2,1399,1,37,1,1356,0,6,1,206,1,599,1,805,California
Alpine,2021-04-28,36,1435,0,37,36,1392,0,6,6,182,30,629,6,811,California
Alpine,2021-04-29,7,1442,1,38,6,1398,0,6,1,177,6,635,1,812,California
Alpine,2021-04-30,2,1444,1,39,0,1398,1,7,1,178,1,636,2,814,California
Alpine,2021-05-02,1,1445,0,39,0,1398,1,8,0,178,1,637,1,815,California
Alpine,2021-05-05,17,1462,0,39,17,1415,0,8,4,169,13,650,4,819,California
Alpine,2021-05-06,7,1469,0,39,7,1422,0,8,0,162,7,657,0,819,California
Alpine,2021-05-07,1,1470,0,39,1,1423,0,8,0,161,1,658,0,819,California
Alpine,2021-05-10,1,1471,0,39,1,1424,0,8,1,162,0,658,1,820,California
Alpine,2021-05-12,1,1472,0,39,0,1424,1,9,0,162,1,659,1,821,California
Alpine,2021-05-13,3,1475,0,39,3,1427,0,9,0,159,3,662,0,821,California
Amador,2020-12-16,2,2,2,2,0,0,0,0,2,2,0,0,2,2,California
Amador,2020-12-17,5,7,5,7,0,0,0,0,5,7,0,0,5,7,California
Amador,2020-12-18,45,52,45,52,0,0,0,0,45,52,0,0,45,52,California
Amador,2020-12-19,17,69,17,69,0,0,0,0,17,69,0,0,17,69,California
Amador,2020-12-20,4,73,4,73,0,0,0,0,4,73,0,0,4,73,California
Amador,2020-12-21,31,104,31,104,0,0,0,0,31,104,0,0,31,104,California
Amador,2020-12-22,35,139,34,138,1,1,0,0,35,139,0,0,35,139,California
Amador,2020-12-23,39,178,38,176,1,2,0,0,39,178,0,0,39,178,California
Amador,2020-12-24,5,183,3,179,2,4,0,0,5,183,0,0,5,183,California
Amador,2020-12-26,5,188,4,183,1,5,0,0,5,188,0,0,5,188,California
Amador,2020-12-27,1,189,0,183,1,6,0,0,1,189,0,0,1,189,California
Amador,2020-12-28,31,220,27,210,4,10,0,0,31,220,0,0,31,220,California
Amador,2020-12-29,26,246,19,229,7,17,0,0,26,246,0,0,26,246,California
Amador,2020-12-30,124,370,78,307,46,63,0,0,124,370,0,0,124,370,California
Amador,2020-12-31,191,561,166,473,25,88,0,0,191,561,0,0,191,561,California
Amador,2021-01-01,2,563,0,473,2,90,0,0,2,563,0,0,2,563,California
Amador,2021-01-02,56,619,56,529,0,90,0,0,56,619,0,0,56,619,California
Amador,2021-01-03,65,684,17,546,48,138,0,0,65,684,0,0,65,684,California
Amador,2021-01-04,124,808,1,547,123,261,0,0,124,808,0,0,124,808,California
Amador,2021-01-05,33,841,3,550,30,291,0,0,31,838,2,2,32,840,California
Amador,2021-01-06,40,881,10,560,30,321,0,0,36,870,4,6,36,876,California
Amador,2021-01-07,230,1111,69,629,161,482,0,0,218,1076,12,18,218,1094,California
Amador,2021-01-08,84,1195,70,699,14,496,0,0,40,1073,44,62,41,1135,California
Amador,2021-01-09,11,1206,11,710,0,496,0,0,2,1066,9,71,2,1137,California
Amador,2021-01-10,6,1212,4,714,2,498,0,0,2,1064,4,75,2,1139,California
Amador,2021-01-11,124,1336,44,758,80,578,0,0,87,1115,37,112,88,1227,California
Amador,2021-01-12,64,1400,49,807,15,593,0,0,40,1131,24,136,40,1267,California
Amador,2021-01-13,38,1438,23,830,15,608,0,0,26,1145,12,148,26,1293,California
Amador,2021-01-14,147,1585,20,850,127,735,0,0,137,1273,10,158,138,1431,California
Amador,2021-01-15,56,1641,25,875,31,766,0,0,48,1313,8,166,48,1479,California
Amador,2021-01-16,19,1660,12,887,7,773,0,0,13,1321,6,172,14,1493,California
Amador,2021-01-17,26,1686,6,893,20,793,0,0,26,1347,0,172,26,1519,California
Amador,2021-01-18,32,1718,28,921,4,797,0,0,10,1335,22,194,10,1529,California
Amador,2021-01-19,121,1839,96,1017,25,822,0,0,77,1368,44,238,77,1606,California
Amador,2021-01-20,184,2023,34,1051,150,972,0,0,168,1521,15,253,168,1774,California
Amador,2021-01-21,255,2278,224,1275,31,1003,0,0,145,1557,110,363,146,1920,California
Amador,2021-01-22,135,2413,73,1348,62,1065,0,0,128,1678,7,370,128,2048,California
Amador,2021-01-23,52,2465,32,1380,20,1085,0,0,50,1726,2,372,50,2098,California
Amador,2021-01-24,28,2493,12,1392,16,1101,0,0,25,1748,3,375,25,2123,California
Amador,2021-01-25,59,2552,28,1420,31,1132,0,0,42,1773,17,392,42,2165,California
Amador,2021-01-26,245,2797,17,1437,228,1360,0,0,235,1998,10,402,235,2400,California
Amador,2021-01-27,299,3096,32,1469,267,1627,0,0,252,2206,45,447,253,2653,California
Amador,2021-01-28,367,3463,97,1566,270,1897,0,0,286,2412,81,528,287,2940,California
Amador,2021-01-29,97,3560,31,1597,66,1963,0,0,82,2479,15,543,82,3022,California
Amador,2021-01-30,169,3729,36,1633,133,2096,0,0,164,2638,5,548,164,3186,California
Amador,2021-01-31,32,3761,28,1661,4,2100,0,0,31,2668,1,549,31,3217,California
Amador,2021-02-01,63,3824,23,1684,40,2140,0,0,36,2677,27,576,36,3253,California
Amador,2021-02-02,212,4036,63,1747,149,2289,0,0,126,2720,83,659,126,3379,California
Amador,2021-02-03,141,4177,38,1785,103,2392,0,0,90,2760,50,709,90,3469,California
Amador,2021-02-04,250,4427,74,1859,176,2568,0,0,164,2840,86,795,166,3635,California
Amador,2021-02-05,331,4758,63,1922,268,2836,0,0,315,3139,16,811,315,3950,California
Amador,2021-02-06,99,4857,80,2002,19,2855,0,0,95,3230,4,815,95,4045,California
Amador,2021-02-07,39,4896,35,2037,4,2859,0,0,35,3262,4,819,36,4081,California
Amador,2021-02-08,90,4986,62,2099,28,2887,0,0,73,3318,17,836,73,4154,California
Amador,2021-02-09,175,5161,83,2182,92,2979,0,0,110,3363,65,901,110,4264,California
Amador,2021-02-10,978,6139,80,2262,898,3877,0,0,945,4275,33,934,945,5209,California
Amador,2021-02-11,307,6446,119,2381,188,4065,0,0,201,4372,104,1038,201,5410,California
Amador,2021-02-12,328,6774,120,2501,208,4273,0,0,255,4554,73,1111,255,5665,California
Amador,2021-02-13,166,6940,82,2583,84,4357,0,0,140,4668,26,1137,140,5805,California
Amador,2021-02-14,123,7063,54,2637,69,4426,0,0,106,4757,17,1154,106,5911,California
Amador,2021-02-15,186,7249,60,2697,126,4552,0,0,169,4910,16,1170,169,6080,California
Amador,2021-02-16,464,7713,53,2750,411,4963,0,0,425,5297,39,1209,426,6506,California
Amador,2021-02-17,263,7976,84,2834,179,5142,0,0,166,5366,97,1306,166,6672,California
Amador,2021-02-18,398,8374,99,2933,299,5441,0,0,336,5641,62,1368,337,7009,California
Amador,2021-02-19,195,8569,77,3010,118,5559,0,0,112,5670,83,1451,112,7121,California
Amador,2021-02-20,95,8664,33,3043,62,5621,0,0,67,5709,28,1479,67,7188,California
Amador,2021-02-21,45,8709,34,3077,11,5632,0,0,15,5694,30,1509,15,7203,California
Amador,2021-02-22,65,8774,26,3103,39,5671,0,0,32,5694,32,1541,32,7235,California
Amador,2021-02-23,320,9094,54,3157,266,5937,0,0,140,5655,180,1721,141,7376,California
Amador,2021-02-24,393,9487,56,3213,337,6274,0,0,262,5790,127,1848,262,7638,California
Amador,2021-02-25,521,10008,116,3329,405,6679,0,0,279,5828,241,2089,279,7917,California
Amador,2021-02-26,613,10621,75,3404,538,7217,0,0,505,6226,108,2197,506,8423,California
Amador,2021-02-27,293,10914,93,3497,200,7417,0,0,103,6142,189,2386,105,8528,California
Amador,2021-02-28,103,11017,52,3549,51,7468,0,0,57,6155,46,2432,59,8587,California
Amador,2021-03-01,188,11205,66,3615,122,7590,0,0,119,6206,69,2501,120,8707,California
Amador,2021-03-02,381,11586,64,3679,317,7907,0,0,331,6488,50,2551,332,9039,California
Amador,2021-03-03,243,11829,79,3758,164,8071,0,0,167,6581,75,2626,168,9207,California
Amador,2021-03-04,497,12326,116,3874,381,8452,0,0,394,6873,102,2728,394,9601,California
Amador,2021-03-05,513,12839,77,3951,436,8888,0,0,295,6953,217,2945,297,9898,California
Amador,2021-03-06,99,12938,45,3996,53,8941,1,1,54,6963,45,2990,55,9953,California
Amador,2021-03-07,63,13001,42,4038,21,8962,0,1,20,6940,43,3033,20,9973,California
Amador,2021-03-08,152,13153,71,4109,80,9042,1,2,91,6971,61,3094,92,10065,California
Amador,2021-03-09,370,13523,50,4159,320,9362,0,2,292,7188,75,3169,292,10357,California
Amador,2021-03-10,512,14035,77,4236,433,9795,2,4,111,6901,401,3570,114,10471,California
Amador,2021-03-11,474,14509,118,4354,345,10140,11,15,299,7040,174,3744,313,10784,California
Amador,2021-03-12,570,15079,66,4420,496,10636,8,23,338,7160,231,3975,351,11135,California
Amador,2021-03-13,114,15193,18,4438,89,10725,7,30,74,7205,40,4015,85,11220,California
Amador,2021-03-14,89,15282,19,4457,67,10792,3,33,21,7161,68,4083,24,11244,California
Amador,2021-03-15,178,15460,25,4482,146,10938,7,40,55,7102,123,4206,64,11308,California
Amador,2021-03-16,450,15910,54,4536,386,11324,10,50,138,6940,310,4516,148,11456,California
Amador,2021-03-17,192,16102,42,4578,147,11471,3,53,116,6984,76,4592,120,11576,California
Amador,2021-03-18,477,16579,100,4678,373,11844,4,57,251,7017,226,4818,259,11835,California
Amador,2021-03-19,540,17119,56,4734,467,12311,17,74,391,7281,147,4965,411,12246,California
Amador,2021-03-20,110,17229,45,4779,64,12375,1,75,46,7267,63,5028,49,12295,California
Amador,2021-03-21,48,17277,36,4815,11,12386,1,76,31,7285,16,5044,34,12329,California
Amador,2021-03-22,115,17392,33,4848,53,12439,29,105,51,7301,64,5108,80,12409,California
Amador,2021-03-23,435,17827,47,4895,380,12819,8,113,276,7428,158,5266,285,12694,California
Amador,2021-03-24,342,18169,35,4930,54,12873,253,366,34,7408,307,5573,287,12981,California
Amador,2021-03-25,606,18775,84,5014,516,13389,6,372,394,7597,211,5784,400,13381,California
Amador,2021-03-26,742,19517,44,5058,692,14081,6,378,280,7426,460,6244,289,13670,California
Amador,2021-03-27,91,19608,15,5073,74,14155,2,380,27,7393,64,6308,31,13701,California
Amador,2021-03-28,69,19677,15,5088,52,14207,2,382,13,7354,55,6363,16,13717,California
Amador,2021-03-29,180,19857,26,5114,153,14360,1,383,81,7344,97,6460,87,13804,California
Amador,2021-03-30,534,20391,28,5142,505,14865,1,384,294,7400,239,6699,295,14099,California
Amador,2021-03-31,199,20590,57,5199,137,15002,5,389,43,7292,156,6855,48,14147,California
Amador,2021-04-01,615,21205,87,5286,528,15530,0,389,263,7208,349,7204,265,14412,California
Amador,2021-04-02,605,21810,38,5324,555,16085,12,401,380,7377,224,7428,393,14805,California
Amador,2021-04-03,84,21894,20,5344,44,16129,20,421,21,7357,63,7491,43,14848,California
Amador,2021-04-04,38,21932,3,5347,29,16158,6,427,15,7355,23,7514,21,14869,California
Amador,2021-04-05,144,22076,52,5399,75,16233,17,444,49,7329,94,7608,68,14937,California
Amador,2021-04-06,502,22578,38,5437,445,16678,19,463,222,7292,278,7886,241,15178,California
Amador,2021-04-07,99,22677,34,5471,46,16724,19,482,43,7300,54,7940,62,15240,California
Amador,2021-04-08,494,23171,84,5555,389,17113,21,503,221,7270,272,8212,242,15482,California
Amador,2021-04-09,482,23653,21,5576,442,17555,19,522,212,7230,269,8481,229,15711,California
Amador,2021-04-10,50,23703,14,5590,27,17582,9,531,22,7233,28,8509,31,15742,California
Amador,2021-04-11,50,23753,25,5615,21,17603,4,535,23,7234,26,8535,27,15769,California
Amador,2021-04-12,97,23850,25,5640,62,17665,10,545,41,7229,56,8591,51,15820,California
Amador,2021-04-13,344,24194,50,5690,294,17959,0,545,68,7022,275,8866,68,15888,California
Amador,2021-04-14,278,24472,26,5716,252,18211,0,545,177,7099,100,8966,177,16065,California
Amador,2021-04-15,329,24801,72,5788,257,18468,0,545,72,6919,252,9218,72,16137,California
Amador,2021-04-16,482,25283,29,5817,453,18921,0,545,384,7207,96,9314,384,16521,California
Amador,2021-04-17,60,25343,34,5851,26,18947,0,545,26,7199,34,9348,26,16547,California
Amador,2021-04-18,26,25369,6,5857,20,18967,0,545,11,7196,14,9362,11,16558,California
Amador,2021-04-19,69,25438,27,5884,42,19009,0,545,31,7192,37,9399,33,16591,California
Amador,2021-04-20,436,25874,54,5938,382,19391,0,545,111,6987,318,9717,113,16704,California
Amador,2021-04-21,85,25959,33,5971,52,19443,0,545,43,6989,41,9758,43,16747,California
Amador,2021-04-22,496,26455,77,6048,418,19861,1,546,104,6709,385,10143,105,16852,California
Amador,2021-04-23,358,26813,46,6094,312,20173,0,546,286,6926,71,10214,288,17140,California
Amador,2021-04-24,47,26860,23,6117,24,20197,0,546,26,6932,20,10234,26,17166,California
Amador,2021-04-25,41,26901,19,6136,22,20219,0,546,29,6949,12,10246,29,17195,California
Amador,2021-04-26,86,26987,26,6162,59,20278,1,547,41,6947,44,10290,42,17237,California
Amador,2021-04-27,487,27474,37,6199,450,20728,0,547,85,6633,400,10690,86,17323,California
Amador,2021-04-28,67,27541,29,6228,34,20762,4,551,39,6648,28,10718,43,17366,California
Amador,2021-04-29,221,27762,69,6297,44,20806,108,659,64,6662,157,10875,171,17537,California
Amador,2021-04-30,338,28100,26,6323,308,21114,4,663,96,6520,242,11117,100,17637,California
Amador,2021-05-01,42,28142,16,6339,22,21136,4,667,22,6528,18,11135,26,17663,California
Amador,2021-05-02,26,28168,14,6353,9,21145,3,670,9,6524,17,11152,13,17676,California
Amador,2021-05-03,67,28235,33,6386,24,21169,10,680,27,6521,40,11192,37,17713,California
Amador,2021-05-04,465,28700,25,6411,433,21602,7,687,68,6199,397,11589,75,17788,California
Amador,2021-05-05,202,28902,153,6564,40,21642,9,696,163,6332,39,11628,172,17960,California
Amador,2021-05-06,108,29010,54,6618,49,21691,5,701,63,6357,43,11671,68,18028,California
Amador,2021-05-07,127,29137,30,6648,90,21781,7,708,68,6373,59,11730,75,18103,California
Amador,2021-05-08,41,29178,7,6655,30,21811,4,712,19,6374,22,11752,23,18126,California
Amador,2021-05-09,15,29193,0,6655,9,21820,6,718,4,6373,11,11763,10,18136,California
Amador,2021-05-10,62,29255,15,6670,44,21864,3,721,26,6366,36,11799,29,18165,California
Amador,2021-05-11,101,29356,33,6703,42,21906,26,747,45,6381,56,11855,71,18236,California
Amador,2021-05-12,62,29418,20,6723,41,21947,1,748,28,6376,34,11889,29,18265,California
Amador,2021-05-13,71,29489,39,6762,28,21975,4,752,35,6380,35,11924,39,18304,California
Amador,2021-05-14,72,29561,30,6792,38,22013,4,756,45,6402,27,11951,49,18353,California
Amador,2021-05-15,16,29577,5,6797,10,22023,1,757,8,6403,8,11959,9,18362,California
Amador,2021-05-16,9,29586,7,6804,2,22025,0,757,1,6396,8,11967,1,18363,California
Butte,2020-12-16,3,3,3,3,0,0,0,0,3,3,0,0,3,3,California
Butte,2020-12-17,21,24,21,24,0,0,0,0,21,24,0,0,21,24,California
Butte,2020-12-18,50,74,50,74,0,0,0,0,50,74,0,0,50,74,California
Butte,2020-12-19,7,81,7,81,0,0,0,0,7,81,0,0,7,81,California
Butte,2020-12-20,10,91,10,91,0,0,0,0,10,91,0,0,10,91,California
Butte,2020-12-21,634,725,634,725,0,0,0,0,634,725,0,0,634,725,California
Butte,2020-12-22,618,1343,616,1341,2,2,0,0,618,1343,0,0,618,1343,California
Butte,2020-12-23,870,2213,854,2195,16,18,0,0,870,2213,0,0,870,2213,California
Butte,2020-12-24,159,2372,155,2350,4,22,0,0,159,2372,0,0,159,2372,California
Butte,2020-12-26,93,2465,91,2441,2,24,0,0,93,2465,0,0,93,2465,California
Butte,2020-12-27,35,2500,34,2475,1,25,0,0,35,2500,0,0,35,2500,California
Butte,2020-12-28,279,2779,273,2748,6,31,0,0,279,2779,0,0,279,2779,California
Butte,2020-12-29,203,2982,179,2927,24,55,0,0,203,2982,0,0,203,2982,California
Butte,2020-12-30,513,3495,291,3218,222,277,0,0,513,3495,0,0,513,3495,California
Butte,2020-12-31,211,3706,18,3236,193,470,0,0,211,3706,0,0,211,3706,California
Butte,2021-01-01,8,3714,1,3237,7,477,0,0,8,3714,0,0,8,3714,California
Butte,2021-01-02,41,3755,38,3275,3,480,0,0,41,3755,0,0,41,3755,California
Butte,2021-01-03,4,3759,1,3276,3,483,0,0,4,3759,0,0,4,3759,California
Butte,2021-01-04,208,3967,175,3451,33,516,0,0,208,3967,0,0,208,3967,California
Butte,2021-01-05,197,4164,152,3603,45,561,0,0,196,4162,1,1,196,4163,California
Butte,2021-01-06,624,4788,397,4000,227,788,0,0,619,4777,5,6,620,4783,California
Butte,2021-01-07,761,5549,369,4369,392,1180,0,0,741,5498,20,26,741,5524,California
Butte,2021-01-08,668,6217,529,4898,139,1319,0,0,622,6074,46,72,622,6146,California
Butte,2021-01-09,12,6229,7,4905,5,1324,0,0,7,6076,5,77,7,6153,California
Butte,2021-01-10,19,6248,5,4910,14,1338,0,0,14,6085,5,82,14,6167,California
Butte,2021-01-11,985,7233,949,5859,36,1374,0,0,357,5817,628,710,360,6527,California
Butte,2021-01-12,698,7931,653,6512,45,1419,0,0,274,5667,424,1134,274,6801,California
Butte,2021-01-13,1451,9382,957,7469,494,1913,0,0,616,5450,835,1969,618,7419,California
Butte,2021-01-14,1635,11017,894,8363,741,2654,0,0,1439,6694,195,2164,1439,8858,California
Butte,2021-01-15,1167,12184,925,9288,242,2896,0,0,1058,7642,110,2274,1058,9916,California
Butte,2021-01-16,586,12770,300,9588,286,3182,0,0,541,8138,45,2319,541,10457,California
Butte,2021-01-17,239,13009,64,9652,175,3357,0,0,202,8303,37,2356,202,10659,California
Butte,2021-01-18,344,13353,302,9954,42,3399,0,0,276,8512,67,2423,276,10935,California
Butte,2021-01-19,497,13850,433,10387,64,3463,0,0,224,8463,273,2696,224,11159,California
Butte,2021-01-20,1370,15220,689,11076,681,4144,0,0,1067,9227,303,2999,1067,12226,California
Butte,2021-01-21,1474,16694,866,11942,608,4752,0,0,1366,10486,107,3106,1366,13592,California
Butte,2021-01-22,1136,17830,477,12419,659,5411,0,0,1083,11516,53,3159,1083,14675,California
Butte,2021-01-23,129,17959,87,12506,42,5453,0,0,103,11593,26,3185,103,14778,California
Butte,2021-01-24,9,17968,7,12513,2,5455,0,0,9,11602,0,3185,9,14787,California
Butte,2021-01-25,655,18623,335,12848,320,5775,0,0,492,11931,163,3348,492,15279,California
Butte,2021-01-26,1468,20091,377,13225,1091,6866,0,0,1331,13125,137,3485,1331,16610,California
Butte,2021-01-27,2093,22184,706,13931,1387,8253,0,0,1363,13759,729,4214,1363,17973,California
Butte,2021-01-28,2261,24445,260,14191,2001,10254,0,0,1951,15401,309,4523,1951,19924,California
Butte,2021-01-29,1686,26131,487,14678,1199,11453,0,0,1307,16330,378,4901,1307,21231,California
Butte,2021-01-30,32,26163,9,14687,23,11476,0,0,29,16356,3,4904,29,21260,California
Butte,2021-01-31,16,26179,14,14701,2,11478,0,0,15,16370,1,4905,15,21275,California
Butte,2021-02-01,1750,27929,406,15107,1344,12822,0,0,1362,17346,386,5291,1362,22637,California
Butte,2021-02-02,1931,29860,363,15470,1568,14390,0,0,1628,18670,304,5595,1628,24265,California
Butte,2021-02-03,2739,32599,775,16245,1964,16354,0,0,1848,19629,889,6484,1848,26113,California
Butte,2021-02-04,2961,35560,327,16572,2634,18988,0,0,2404,21478,555,7039,2404,28517,California
Butte,2021-02-05,1271,36831,668,17240,603,19591,0,0,550,21308,721,7760,551,29068,California
Butte,2021-02-06,144,36975,103,17343,41,19632,0,0,62,21288,82,7842,62,29130,California
Butte,2021-02-07,37,37012,33,17376,4,19636,0,0,13,21277,24,7866,13,29143,California
Butte,2021-02-08,693,37705,544,17920,149,19785,0,0,239,21062,454,8320,239,29382,California
Butte,2021-02-09,953,38658,459,18379,494,20279,0,0,723,21555,230,8550,723,30105,California
Butte,2021-02-10,1706,40364,1190,19569,516,20795,0,0,675,21201,1029,9579,675,30780,California
Butte,2021-02-11,2202,42566,1349,20918,853,21648,0,0,1006,21011,1196,10775,1006,31786,California
Butte,2021-02-12,1001,43567,433,21351,568,22216,0,0,330,20671,670,11445,330,32116,California
Butte,2021-02-13,252,43819,44,21395,208,22424,0,0,150,20719,102,11547,150,32266,California
Butte,2021-02-14,161,43980,9,21404,152,22576,0,0,156,20870,5,11552,156,32422,California
Butte,2021-02-15,263,44243,47,21451,216,22792,0,0,198,21003,65,11617,198,32620,California
Butte,2021-02-16,733,44976,433,21884,300,23092,0,0,275,20819,459,12076,275,32895,California
Butte,2021-02-17,1516,46492,849,22733,667,23759,0,0,842,20989,672,12748,842,33737,California
Butte,2021-02-18,1557,48049,763,23496,794,24553,0,0,747,20926,810,13558,747,34484,California
Butte,2021-02-19,1166,49215,387,23883,779,25332,0,0,401,20569,758,14316,401,34885,California
Butte,2021-02-20,478,49693,32,23915,446,25778,0,0,125,20342,352,14668,125,35010,California
Butte,2021-02-21,18,49711,16,23931,2,25780,0,0,13,20350,5,14673,13,35023,California
Butte,2021-02-22,1501,51212,298,24229,1203,26983,0,0,379,19610,1119,15792,379,35402,California
Butte,2021-02-23,1634,52846,297,24526,1337,28320,0,0,462,18905,1167,16959,462,35864,California
Butte,2021-02-24,2135,54981,596,25122,1539,29859,0,0,727,18232,1400,18359,727,36591,California
Butte,2021-02-25,2078,57059,580,25702,1498,31357,0,0,656,17472,1417,19776,657,37248,California
Butte,2021-02-26,920,57979,311,26013,609,31966,0,0,396,17347,521,20297,396,37644,California
Butte,2021-02-27,236,58215,48,26061,188,32154,0,0,186,17485,48,20345,186,37830,California
Butte,2021-02-28,140,58355,16,26077,124,32278,0,0,132,17609,8,20353,132,37962,California
Butte,2021-03-01,1629,59984,178,26255,1450,33728,1,1,329,16642,1297,21650,330,38292,California
Butte,2021-03-02,1746,61730,197,26452,1549,35277,0,1,312,15524,1430,23080,312,38604,California
Butte,2021-03-03,2785,64515,849,27301,1936,37213,0,1,481,13702,2303,25383,481,39085,California
Butte,2021-03-04,3143,67658,678,27979,2465,39678,0,1,622,11804,2520,27903,622,39707,California
Butte,2021-03-05,1347,69005,615,28594,731,40409,1,2,734,11929,610,28513,735,40442,California
Butte,2021-03-06,247,69252,27,28621,197,40606,23,25,186,12078,60,28573,209,40651,California
Butte,2021-03-07,55,69307,3,28624,35,40641,17,42,30,12100,25,28598,47,40698,California
Butte,2021-03-08,1265,70572,129,28753,1059,41700,77,119,1100,13115,162,28760,1177,41875,California
Butte,2021-03-09,1899,72471,279,29032,1517,43217,103,222,1411,14144,485,29245,1514,43389,California
Butte,2021-03-10,2321,74792,966,29998,1254,44471,101,323,1579,15086,737,29982,1679,45068,California
Butte,2021-03-11,2808,77600,1316,31314,1366,45837,126,449,1982,16379,815,30797,2108,47176,California
Butte,2021-03-12,1146,78746,329,31643,468,46305,349,798,357,16302,783,31580,706,47882,California
Butte,2021-03-13,256,79002,69,31712,138,46443,49,847,64,16222,192,31772,112,47994,California
Butte,2021-03-14,161,79163,15,31727,104,46547,42,889,20,16144,140,31912,62,48056,California
Butte,2021-03-15,1722,80885,360,32087,1069,47616,293,1182,1127,16976,588,32500,1420,49476,California
Butte,2021-03-16,1632,82517,417,32504,1137,48753,78,1260,1092,17608,537,33037,1169,50645,California
Butte,2021-03-17,1953,84470,1358,33862,514,49267,81,1341,1135,18013,810,33847,1215,51860,California
Butte,2021-03-18,1806,86276,1464,35326,213,49480,129,1470,1062,18465,738,34585,1190,53050,California
Butte,2021-03-19,699,86975,313,35639,302,49782,84,1554,346,18551,344,34929,430,53480,California
Butte,2021-03-20,205,87180,32,35671,157,49939,16,1570,93,18548,112,35041,109,53589,California
Butte,2021-03-21,58,87238,27,35698,2,49941,29,1599,15,18549,43,35084,44,53633,California
Butte,2021-03-22,1463,88701,353,36051,1016,50957,94,1693,1198,19578,263,35347,1292,54925,California
Butte,2021-03-23,1805,90506,493,36544,1198,52155,114,1807,1455,20800,347,35694,1569,56494,California
Butte,2021-03-24,2251,92757,1270,37814,855,53010,126,1933,1703,22084,544,36238,1828,58322,California
Butte,2021-03-25,1485,94242,1202,39016,191,53201,92,2025,1021,22737,460,36698,1113,59435,California
Butte,2021-03-26,1211,95453,441,39457,524,53725,246,2271,566,22912,637,37335,812,60247,California
Butte,2021-03-27,300,95753,84,39541,192,53917,24,2295,134,22905,163,37498,156,60403,California
Butte,2021-03-28,227,95980,44,39585,175,54092,8,2303,102,22892,122,37620,109,60512,California
Butte,2021-03-29,1720,97700,381,39966,1269,55361,70,2373,1305,23857,410,38030,1375,61887,California
Butte,2021-03-30,1041,98741,471,40437,480,55841,90,2463,497,23906,538,38568,587,62474,California
Butte,2021-03-31,1779,100520,1305,41742,407,56248,67,2530,1089,24378,684,39252,1156,63630,California
Butte,2021-04-01,3287,103807,2670,44412,490,56738,127,2657,2218,25660,1064,40316,2346,65976,California
Butte,2021-04-02,999,104806,417,44829,462,57200,120,2777,561,25909,430,40746,679,66655,California
Butte,2021-04-03,347,105153,47,44876,225,57425,75,2852,165,25967,182,40928,240,66895,California
Butte,2021-04-04,185,105338,23,44899,139,57564,23,2875,106,26020,77,41005,130,67025,California
Butte,2021-04-05,1955,107293,421,45320,1363,58927,171,3046,594,25431,1352,42357,763,67788,California
Butte,2021-04-06,2190,109483,618,45938,1152,60079,420,3466,793,25250,1391,43748,1210,68998,California
Butte,2021-04-07,3008,112491,1312,47250,1304,61383,392,3858,699,24038,2303,46051,1091,70089,California
Butte,2021-04-08,2720,115211,1189,48439,1266,62649,265,4123,438,22462,2279,48330,703,70792,California
Butte,2021-04-09,1365,116576,349,48788,536,63185,480,4603,324,22225,1038,49368,801,71593,California
Butte,2021-04-10,220,116796,48,48836,75,63260,97,4700,96,22294,123,49491,192,71785,California
Butte,2021-04-11,107,116903,45,48881,52,63312,10,4710,83,22365,22,49513,93,71878,California
Butte,2021-04-12,1407,118310,314,49195,960,64272,133,4843,252,21595,1155,50668,385,72263,California
Butte,2021-04-13,1641,119951,571,49766,1064,65336,6,4849,350,20667,1284,51952,356,72619,California
Butte,2021-04-14,2827,122778,2337,52103,490,65826,0,4849,1311,20468,1511,53463,1312,73931,California
Butte,2021-04-15,640,123418,395,52498,245,66071,0,4849,483,20797,154,53617,483,74414,California
Butte,2021-04-16,809,124227,415,52913,394,66465,0,4849,474,20939,332,53949,474,74888,California
Butte,2021-04-17,341,124568,62,52975,279,66744,0,4849,239,21078,100,54049,239,75127,California
Butte,2021-04-18,41,124609,11,52986,30,66774,0,4849,37,21111,4,54053,37,75164,California
Butte,2021-04-19,1558,126167,380,53366,1178,67952,0,4849,446,20449,1108,55161,446,75610,California
Butte,2021-04-20,1966,128133,714,54080,1252,69204,0,4849,774,20037,1186,56347,774,76384,California
Butte,2021-04-21,2050,130183,1166,55246,884,70088,0,4849,481,18955,1563,57910,481,76865,California
Butte,2021-04-22,2212,132395,1934,57180,278,70366,0,4849,635,18017,1573,59483,635,77500,California
Butte,2021-04-23,946,133341,446,57626,500,70866,0,4849,490,18052,455,59938,490,77990,California
Butte,2021-04-24,345,133686,138,57764,207,71073,0,4849,191,18089,154,60092,191,78181,California
Butte,2021-04-25,172,133858,67,57831,105,71178,0,4849,63,18043,109,60201,63,78244,California
Butte,2021-04-26,1485,135343,426,58257,1054,72232,5,4854,417,17400,1065,61266,422,78666,California
Butte,2021-04-27,934,136277,638,58895,269,72501,27,4881,562,17621,368,61634,589,79255,California
Butte,2021-04-28,1390,137667,935,59830,431,72932,24,4905,499,17258,886,62520,523,79778,California
Butte,2021-04-29,878,138545,541,60371,312,73244,25,4930,296,17002,577,63097,321,80099,California
Butte,2021-04-30,892,139437,387,60758,484,73728,21,4951,452,17038,436,63533,472,80571,California
Butte,2021-05-01,239,139676,64,60822,156,73884,19,4970,72,16963,166,63699,91,80662,California
Butte,2021-05-02,147,139823,61,60883,73,73957,13,4983,42,16913,105,63804,55,80717,California
Butte,2021-05-03,605,140428,249,61132,325,74282,31,5014,157,16662,439,64243,188,80905,California
Butte,2021-05-04,814,141242,314,61446,468,74750,32,5046,210,16305,598,64841,241,81146,California
Butte,2021-05-05,1339,142581,1091,62537,212,74962,36,5082,276,15558,1059,65900,312,81458,California
Butte,2021-05-06,927,143508,671,63208,219,75181,37,5119,366,15404,557,66457,403,81861,California
Butte,2021-05-07,563,144071,291,63499,235,75416,37,5156,288,15457,272,66729,325,82186,California
Butte,2021-05-08,169,144240,36,63535,124,75540,9,5165,90,15478,78,66807,99,82285,California
Butte,2021-05-09,94,144334,20,63555,71,75611,3,5168,50,15487,44,66851,53,82338,California
Butte,2021-05-10,520,144854,307,63862,170,75781,43,5211,214,15441,303,67154,257,82595,California
Butte,2021-05-11,858,145712,639,64501,162,75943,57,5268,272,15187,583,67737,329,82924,California
Butte,2021-05-12,724,146436,469,64970,210,76153,45,5313,319,15150,401,68138,364,83288,California
Butte,2021-05-13,831,147267,556,65526,216,76369,59,5372,282,14951,538,68676,339,83627,California
Butte,2021-05-14,767,148034,480,66006,263,76632,24,5396,316,14842,449,69125,340,83967,California
Butte,2021-05-15,258,148292,81,66087,156,76788,21,5417,111,14827,147,69272,132,84099,California
Butte,2021-05-16,45,148337,2,66089,27,76815,16,5433,14,14827,30,69302,30,84129,California
Calaveras,2020-12-16,5,5,5,5,0,0,0,0,5,5,0,0,5,5,California
Calaveras,2020-12-17,3,8,3,8,0,0,0,0,3,8,0,0,3,8,California
Calaveras,2020-12-18,38,46,38,46,0,0,0,0,38,46,0,0,38,46,California
Calaveras,2020-12-19,3,49,3,49,0,0,0,0,3,49,0,0,3,49,California
Calaveras,2020-12-20,3,52,3,52,0,0,0,0,3,52,0,0,3,52,California
Calaveras,2020-12-21,55,107,48,100,7,7,0,0,55,107,0,0,55,107,California
Calaveras,2020-12-22,82,189,78,178,4,11,0,0,83,190,0,0,83,190,California
Calaveras,2020-12-23,76,265,74,252,2,13,0,0,76,266,0,0,76,266,California
Calaveras,2020-12-24,2,267,2,254,0,13,0,0,2,268,0,0,2,268,California
Calaveras,2020-12-26,3,270,3,257,0,13,0,0,3,271,0,0,3,271,California
Calaveras,2020-12-28,21,291,17,274,4,17,0,0,20,290,1,1,20,291,California
Calaveras,2020-12-29,167,458,147,421,20,37,0,0,167,457,0,1,167,458,California
Calaveras,2020-12-30,94,552,82,503,12,49,0,0,94,551,0,1,94,552,California
Calaveras,2020-12-31,36,588,25,528,11,60,0,0,36,587,0,1,36,588,California
Calaveras,2021-01-02,11,599,11,539,0,60,0,0,11,598,0,1,11,599,California
Calaveras,2021-01-03,10,609,4,543,6,66,0,0,10,608,0,1,10,609,California
Calaveras,2021-01-04,33,642,5,548,28,94,0,0,33,641,0,1,33,642,California
Calaveras,2021-01-05,40,682,9,557,31,125,0,0,31,668,9,10,36,678,California
Calaveras,2021-01-06,107,789,30,587,77,202,0,0,97,755,10,20,97,775,California
Calaveras,2021-01-07,105,894,26,613,79,281,0,0,92,837,11,31,93,868,California
Calaveras,2021-01-08,68,962,38,651,30,311,0,0,45,860,23,54,46,914,California
Calaveras,2021-01-09,5,967,5,656,0,311,0,0,2,859,3,57,2,916,California
Calaveras,2021-01-10,2,969,0,656,2,313,0,0,2,861,0,57,2,918,California
Calaveras,2021-01-11,65,1034,59,715,6,319,0,0,27,853,37,94,29,947,California
Calaveras,2021-01-12,85,1119,52,767,33,352,0,0,52,873,33,127,53,1000,California
Calaveras,2021-01-13,109,1228,44,811,65,417,0,0,75,915,34,161,76,1076,California
Calaveras,2021-01-14,138,1366,41,852,97,514,0,0,105,989,32,193,106,1182,California
Calaveras,2021-01-15,91,1457,29,881,62,576,0,0,71,1040,20,213,71,1253,California
Calaveras,2021-01-16,13,1470,2,883,11,587,0,0,12,1051,1,214,12,1265,California
Calaveras,2021-01-17,9,1479,1,884,8,595,0,0,9,1060,0,214,9,1274,California
Calaveras,2021-01-18,133,1612,20,904,113,708,0,0,119,1168,14,228,122,1396,California
Calaveras,2021-01-19,205,1817,175,1079,30,738,0,0,62,1089,142,370,63,1459,California
Calaveras,2021-01-20,377,2194,82,1161,295,1033,0,0,291,1305,85,455,301,1760,California
Calaveras,2021-01-21,462,2656,40,1201,422,1455,0,0,432,1715,30,485,440,2200,California
Calaveras,2021-01-22,401,3057,23,1224,378,1833,0,0,390,2102,11,496,398,2598,California
Calaveras,2021-01-23,22,3079,10,1234,12,1845,0,0,18,2116,4,500,18,2616,California
Calaveras,2021-01-24,13,3092,8,1242,5,1850,0,0,11,2125,2,502,11,2627,California
Calaveras,2021-01-25,86,3178,8,1250,78,1928,0,0,81,2201,5,507,81,2708,California
Calaveras,2021-01-26,47,3225,15,1265,32,1960,0,0,39,2232,8,515,39,2747,California
Calaveras,2021-01-27,133,3358,43,1308,90,2050,0,0,105,2310,27,542,105,2852,California
Calaveras,2021-01-28,165,3523,25,1333,140,2190,0,0,140,2429,25,567,144,2996,California
Calaveras,2021-01-29,387,3910,11,1344,376,2566,0,0,362,2775,25,592,371,3367,California
Calaveras,2021-01-30,27,3937,10,1354,17,2583,0,0,25,2800,0,592,25,3392,California
Calaveras,2021-01-31,6,3943,4,1358,2,2585,0,0,5,2804,1,593,5,3397,California
Calaveras,2021-02-01,25,3968,11,1369,14,2599,0,0,17,2813,8,601,17,3414,California
Calaveras,2021-02-02,109,4077,22,1391,87,2686,0,0,71,2852,33,634,72,3486,California
Calaveras,2021-02-03,429,4506,42,1433,387,3073,0,0,345,3116,83,717,347,3833,California
Calaveras,2021-02-04,381,4887,25,1458,356,3429,0,0,296,3330,85,802,299,4132,California
Calaveras,2021-02-05,78,4965,22,1480,56,3485,0,0,40,3333,38,840,41,4173,California
Calaveras,2021-02-06,21,4986,12,1492,9,3494,0,0,21,3354,0,840,21,4194,California
Calaveras,2021-02-07,4,4990,1,1493,3,3497,0,0,2,3354,2,842,2,4196,California
Calaveras,2021-02-08,39,5029,18,1511,21,3518,0,0,31,3379,6,848,31,4227,California
Calaveras,2021-02-09,193,5222,77,1588,116,3634,0,0,131,3457,54,902,132,4359,California
Calaveras,2021-02-10,513,5735,31,1619,482,4116,0,0,442,3832,71,973,446,4805,California
Calaveras,2021-02-11,583,6318,81,1700,502,4618,0,0,472,4200,108,1081,476,5281,California
Calaveras,2021-02-12,570,6888,325,2025,245,4863,0,0,494,4622,74,1155,496,5777,California
Calaveras,2021-02-13,201,7089,45,2070,156,5019,0,0,186,4793,15,1170,186,5963,California
Calaveras,2021-02-14,221,7310,71,2141,150,5169,0,0,206,4985,14,1184,206,6169,California
Calaveras,2021-02-15,383,7693,23,2164,360,5529,0,0,263,5131,117,1301,263,6432,California
Calaveras,2021-02-16,268,7961,144,2308,124,5653,0,0,230,5325,38,1339,232,6664,California
Calaveras,2021-02-17,510,8471,38,2346,472,6125,0,0,210,5246,291,1630,212,6876,California
Calaveras,2021-02-18,499,8970,91,2437,408,6533,0,0,99,4959,386,2016,99,6975,California
Calaveras,2021-02-19,440,9410,43,2480,397,6930,0,0,98,4725,332,2348,98,7073,California
Calaveras,2021-02-20,59,9469,15,2495,44,6974,0,0,48,4762,11,2359,48,7121,California
Calaveras,2021-02-21,23,9492,14,2509,9,6983,0,0,19,4777,4,2363,19,7140,California
Calaveras,2021-02-22,62,9554,38,2547,24,7007,0,0,33,4781,29,2392,33,7173,California
Calaveras,2021-02-23,125,9679,40,2587,85,7092,0,0,89,4835,36,2428,90,7263,California
Calaveras,2021-02-24,96,9775,47,2634,49,7141,0,0,66,4872,29,2457,66,7329,California
Calaveras,2021-02-25,550,10325,99,2733,451,7592,0,0,359,5045,186,2643,359,7688,California
Calaveras,2021-02-26,706,11031,46,2779,660,8252,0,0,370,5097,320,2963,372,8060,California
Calaveras,2021-02-27,204,11235,22,2801,182,8434,0,0,180,5253,24,2987,180,8240,California
Calaveras,2021-02-28,99,11334,16,2817,83,8517,0,0,93,5341,5,2992,93,8333,California
Calaveras,2021-03-01,229,11563,41,2858,188,8705,0,0,146,5408,80,3072,147,8480,California
Calaveras,2021-03-02,249,11812,96,2954,153,8858,0,0,203,5569,43,3115,204,8684,California
Calaveras,2021-03-03,510,12322,103,3057,407,9265,0,0,213,5491,291,3406,213,8897,California
Calaveras,2021-03-04,742,13064,66,3123,675,9940,1,1,351,5461,382,3788,352,9249,California
Calaveras,2021-03-05,455,13519,271,3394,180,10120,4,5,140,5294,311,4099,144,9393,California
Calaveras,2021-03-06,155,13674,42,3436,107,10227,6,11,115,5375,40,4139,121,9514,California
Calaveras,2021-03-07,75,13749,32,3468,36,10263,7,18,34,5375,41,4180,41,9555,California
Calaveras,2021-03-08,162,13911,27,3495,127,10390,8,26,128,5478,33,4213,136,9691,California
Calaveras,2021-03-09,360,14271,136,3631,218,10608,6,32,32,5193,323,4536,38,9729,California
Calaveras,2021-03-10,417,14688,29,3660,385,10993,3,35,57,4898,355,4891,60,9789,California
Calaveras,2021-03-11,849,15537,421,4081,415,11408,13,48,432,4932,412,5303,446,10235,California
Calaveras,2021-03-12,401,15938,213,4294,178,11586,10,58,326,5200,74,5377,342,10577,California
Calaveras,2021-03-13,177,16115,16,4310,153,11739,8,66,142,5318,34,5411,152,10729,California
Calaveras,2021-03-14,156,16271,11,4321,144,11883,1,67,18,5206,138,5549,26,10755,California
Calaveras,2021-03-15,331,16602,48,4369,257,12140,26,93,52,5010,278,5827,82,10837,California
Calaveras,2021-03-16,685,17287,550,4919,115,12255,20,113,545,5437,138,5965,565,11402,California
Calaveras,2021-03-17,280,17567,53,4972,213,12468,14,127,50,5275,227,6192,65,11467,California
Calaveras,2021-03-18,666,18233,570,5542,80,12548,16,143,549,5725,117,6309,567,12034,California
Calaveras,2021-03-19,231,18464,50,5592,107,12655,74,217,56,5683,171,6480,129,12163,California
Calaveras,2021-03-20,80,18544,21,5613,58,12713,1,218,23,5651,57,6537,25,12188,California
Calaveras,2021-03-21,48,18592,31,5644,6,12719,11,229,12,5638,36,6573,23,12211,California
Calaveras,2021-03-22,80,18672,36,5680,23,12742,21,250,26,5631,54,6627,47,12258,California
Calaveras,2021-03-23,294,18966,204,5884,80,12822,10,260,116,5588,169,6796,126,12384,California
Calaveras,2021-03-24,132,19098,50,5934,72,12894,10,270,43,5553,88,6884,53,12437,California
Calaveras,2021-03-25,741,19839,102,6036,636,13530,3,273,447,5712,291,7175,450,12887,California
Calaveras,2021-03-26,426,20265,28,6064,392,13922,6,279,88,5473,335,7510,96,12983,California
Calaveras,2021-03-27,212,20477,19,6083,189,14111,4,283,37,5344,172,7682,43,13026,California
Calaveras,2021-03-28,111,20588,12,6095,97,14208,2,285,8,5253,102,7784,11,13037,California
Calaveras,2021-03-29,179,20767,23,6118,153,14361,3,288,58,5196,119,7903,62,13099,California
Calaveras,2021-03-30,532,21299,24,6142,491,14852,17,305,356,5394,175,8078,373,13472,California
Calaveras,2021-03-31,322,21621,140,6282,172,15024,10,315,156,5395,166,8244,167,13639,California
Calaveras,2021-04-01,685,22306,442,6724,242,15266,1,316,187,5089,497,8741,191,13830,California
Calaveras,2021-04-02,395,22701,232,6956,155,15421,8,324,118,4942,274,9015,127,13957,California
Calaveras,2021-04-03,144,22845,34,6990,106,15527,4,328,39,4880,105,9120,43,14000,California
Calaveras,2021-04-04,78,22923,25,7015,53,15580,0,328,49,4900,29,9149,49,14049,California
Calaveras,2021-04-05,209,23132,79,7094,121,15701,9,337,99,4899,110,9259,109,14158,California
Calaveras,2021-04-06,650,23782,573,7667,64,15765,13,350,111,4487,536,9795,124,14282,California
Calaveras,2021-04-07,753,24535,657,8324,60,15825,36,386,617,5005,136,9931,654,14936,California
Calaveras,2021-04-08,945,25480,854,9178,70,15895,21,407,435,4956,507,10438,458,15394,California
Calaveras,2021-04-09,154,25634,58,9236,48,15943,48,455,57,4966,96,10534,106,15500,California
Calaveras,2021-04-10,189,25823,42,9278,129,16072,18,473,147,5091,41,10575,166,15666,California
Calaveras,2021-04-11,69,25892,44,9322,23,16095,2,475,48,5120,21,10596,50,15716,California
Calaveras,2021-04-12,103,25995,46,9368,38,16133,19,494,54,5145,49,10645,74,15790,California
Calaveras,2021-04-13,422,26417,367,9735,55,16188,0,494,363,5452,58,10703,365,16155,California
Calaveras,2021-04-14,182,26599,28,9763,154,16342,0,494,136,5543,46,10749,137,16292,California
Calaveras,2021-04-15,336,26935,287,10050,49,16391,0,494,253,5716,80,10829,253,16545,California
Calaveras,2021-04-16,99,27034,25,10075,74,16465,0,494,47,5715,48,10877,47,16592,California
Calaveras,2021-04-17,330,27364,128,10203,202,16667,0,494,287,5959,43,10920,287,16879,California
Calaveras,2021-04-18,18,27382,5,10208,13,16680,0,494,11,5963,7,10927,11,16890,California
Calaveras,2021-04-19,69,27451,27,10235,42,16722,0,494,42,5980,26,10953,43,16933,California
Calaveras,2021-04-20,260,27711,93,10328,167,16889,0,494,194,6110,64,11017,194,17127,California
Calaveras,2021-04-21,215,27926,147,10475,68,16957,0,494,85,6068,128,11145,86,17213,California
Calaveras,2021-04-22,543,28469,97,10572,446,17403,0,494,142,5814,399,11544,145,17358,California
Calaveras,2021-04-23,159,28628,81,10653,78,17481,0,494,65,5787,92,11636,65,17423,California
Calaveras,2021-04-24,172,28800,36,10689,136,17617,0,494,129,5875,42,11678,130,17553,California
Calaveras,2021-04-25,43,28843,28,10717,15,17632,0,494,22,5878,21,11699,24,17577,California
Calaveras,2021-04-26,96,28939,59,10776,37,17669,0,494,28,5839,68,11767,29,17606,California
Calaveras,2021-04-27,424,29363,58,10834,352,18021,14,508,58,5547,364,12131,72,17678,California
Calaveras,2021-04-28,641,30004,573,11407,37,18058,31,539,52,5050,589,12720,92,17770,California
Calaveras,2021-04-29,509,30513,439,11846,51,18109,19,558,74,4714,434,13154,98,17868,California
Calaveras,2021-04-30,148,30661,60,11906,83,18192,5,563,67,4711,81,13235,78,17946,California
Calaveras,2021-05-01,197,30858,109,12015,86,18278,2,565,130,4781,66,13301,136,18082,California
Calaveras,2021-05-02,52,30910,35,12050,16,18294,1,566,20,4772,31,13332,22,18104,California
Calaveras,2021-05-03,92,31002,70,12120,17,18311,5,571,29,4747,63,13395,38,18142,California
Calaveras,2021-05-04,413,31415,328,12448,48,18359,37,608,42,4457,370,13765,80,18222,California
Calaveras,2021-05-05,110,31525,56,12504,22,18381,32,640,48,4475,61,13826,79,18301,California
Calaveras,2021-05-06,253,31778,194,12698,36,18417,23,663,47,4341,205,14031,71,18372,California
Calaveras,2021-05-07,84,31862,24,12722,54,18471,6,669,54,4371,30,14061,60,18432,California
Calaveras,2021-05-08,289,32151,140,12862,147,18618,2,671,92,4270,195,14256,94,18526,California
Calaveras,2021-05-09,28,32179,12,12874,13,18631,3,674,12,4269,16,14272,15,18541,California
Calaveras,2021-05-10,52,32231,23,12897,28,18659,1,675,23,4266,28,14300,25,18566,California
Calaveras,2021-05-11,127,32358,85,12982,30,18689,12,687,88,4329,38,14338,101,18667,California
Calaveras,2021-05-12,155,32513,35,13017,120,18809,0,687,41,4257,113,14451,41,18708,California
Calaveras,2021-05-13,108,32621,58,13075,34,18843,16,703,53,4272,54,14505,69,18777,California
Calaveras,2021-05-14,135,32756,86,13161,46,18889,3,706,96,4332,39,14544,99,18876,California
Calaveras,2021-05-15,196,32952,72,13233,123,19012,1,707,79,4300,112,14656,80,18956,California
Calaveras,2021-05-16,2,32954,0,13233,2,19014,0,707,0,4299,2,14658,1,18957,California
Colusa,2020-12-18,1,1,1,1,0,0,0,0,1,1,0,0,1,1,California
Colusa,2020-12-21,2,3,2,3,0,0,0,0,2,3,0,0,2,3,California
Colusa,2020-12-22,10,13,10,13,0,0,0,0,10,13,0,0,10,13,California
Colusa,2020-12-23,10,23,10,23,0,0,0,0,10,23,0,0,10,23,California
Colusa,2020-12-24,2,25,1,24,1,1,0,0,2,25,0,0,2,25,California
Colusa,2020-12-27,1,26,1,25,0,1,0,0,1,26,0,0,1,26,California
Colusa,2020-12-28,7,33,3,28,4,5,0,0,7,33,0,0,7,33,California
Colusa,2020-12-29,11,44,8,36,3,8,0,0,11,44,0,0,11,44,California
Colusa,2020-12-30,50,94,13,49,37,45,0,0,50,94,0,0,50,94,California
Colusa,2020-12-31,18,112,1,50,17,62,0,0,18,112,0,0,18,112,California
Colusa,2021-01-04,4,116,0,50,4,66,0,0,4,116,0,0,4,116,California
Colusa,2021-01-05,67,183,1,51,66,132,0,0,67,183,0,0,67,183,California
Colusa,2021-01-06,15,198,9,60,6,138,0,0,15,198,0,0,15,198,California
Colusa,2021-01-07,38,236,4,64,34,172,0,0,37,234,1,1,37,235,California
Colusa,2021-01-08,9,245,7,71,2,174,0,0,8,241,1,2,8,243,California
Colusa,2021-01-09,2,247,1,72,1,175,0,0,2,243,0,2,2,245,California
Colusa,2021-01-10,1,248,0,72,1,176,0,0,1,244,0,2,1,246,California
Colusa,2021-01-11,12,260,6,78,6,182,0,0,7,246,5,7,7,253,California
Colusa,2021-01-12,11,271,9,87,2,184,0,0,6,247,5,12,6,259,California
Colusa,2021-01-13,21,292,13,100,8,192,0,0,13,252,8,20,13,272,California
Colusa,2021-01-14,35,327,28,128,7,199,0,0,33,283,2,22,33,305,California
Colusa,2021-01-15,42,369,5,133,37,236,0,0,40,321,2,24,40,345,California
Colusa,2021-01-16,12,381,1,134,11,247,0,0,11,331,1,25,11,356,California
Colusa,2021-01-17,3,384,2,136,1,248,0,0,2,332,1,26,2,358,California
Colusa,2021-01-18,4,388,0,136,4,252,0,0,4,336,0,26,4,362,California
Colusa,2021-01-19,9,397,8,144,1,253,0,0,5,337,4,30,5,367,California
Colusa,2021-01-20,115,512,101,245,14,267,0,0,102,426,13,43,102,469,California
Colusa,2021-01-21,56,568,41,286,15,282,0,0,55,480,1,44,55,524,California
Colusa,2021-01-22,40,608,17,303,23,305,0,0,35,510,5,49,35,559,California
Colusa,2021-01-23,35,643,6,309,29,334,0,0,35,545,0,49,35,594,California
Colusa,2021-01-25,7,650,0,309,7,341,0,0,7,552,0,49,7,601,California
Colusa,2021-01-26,8,658,5,314,3,344,0,0,5,554,3,52,5,606,California
Colusa,2021-01-27,109,767,31,345,78,422,0,0,107,659,2,54,107,713,California
Colusa,2021-01-28,79,846,46,391,33,455,0,0,72,724,7,61,72,785,California
Colusa,2021-01-29,41,887,7,398,34,489,0,0,40,763,1,62,40,825,California
Colusa,2021-01-30,27,914,4,402,23,512,0,0,27,790,0,62,27,852,California
Colusa,2021-01-31,7,921,7,409,0,512,0,0,7,797,0,62,7,859,California
Colusa,2021-02-01,27,948,10,419,17,529,0,0,22,814,5,67,22,881,California
Colusa,2021-02-02,42,990,8,427,34,563,0,0,36,844,6,73,36,917,California
Colusa,2021-02-03,69,1059,10,437,59,622,0,0,59,893,10,83,59,976,California
Colusa,2021-02-04,143,1202,81,518,62,684,0,0,115,980,28,111,115,1091,California
Colusa,2021-02-05,32,1234,8,526,24,708,0,0,29,1006,3,114,29,1120,California
Colusa,2021-02-06,284,1518,8,534,276,984,0,0,273,1268,11,125,273,1393,California
Colusa,2021-02-07,2,1520,1,535,1,985,0,0,0,1266,2,127,0,1393,California
Colusa,2021-02-08,40,1560,5,540,35,1020,0,0,37,1300,3,130,37,1430,California
Colusa,2021-02-09,231,1791,14,554,217,1237,0,0,176,1421,55,185,176,1606,California
Colusa,2021-02-10,116,1907,41,595,75,1312,0,0,73,1451,43,228,73,1679,California
Colusa,2021-02-11,98,2005,36,631,62,1374,0,0,73,1499,25,253,73,1752,California
Colusa,2021-02-12,118,2123,9,640,109,1483,0,0,79,1538,40,293,79,1831,California
Colusa,2021-02-13,60,2183,8,648,52,1535,0,0,52,1582,8,301,52,1883,California
Colusa,2021-02-14,20,2203,8,656,12,1547,0,0,14,1590,6,307,14,1897,California
Colusa,2021-02-15,45,2248,10,666,35,1582,0,0,38,1621,7,314,38,1935,California
Colusa,2021-02-16,67,2315,4,670,63,1645,0,0,66,1686,1,315,66,2001,California
Colusa,2021-02-17,206,2521,143,813,63,1708,0,0,60,1600,146,461,60,2061,California
Colusa,2021-02-18,135,2656,35,848,100,1808,0,0,112,1689,23,484,112,2173,California
Colusa,2021-02-19,155,2811,19,867,136,1944,0,0,129,1792,26,510,129,2302,California
Colusa,2021-02-20,28,2839,6,873,22,1966,0,0,12,1788,16,526,12,2314,California
Colusa,2021-02-21,1,2840,1,874,0,1966,0,0,0,1787,1,527,0,2314,California
Colusa,2021-02-22,43,2883,26,900,17,1983,0,0,29,1802,14,541,29,2343,California
Colusa,2021-02-23,22,2905,6,906,16,1999,0,0,18,1816,4,545,18,2361,California
Colusa,2021-02-24,300,3205,54,960,246,2245,0,0,158,1832,142,687,158,2519,California
Colusa,2021-02-25,102,3307,55,1015,47,2292,0,0,66,1862,36,723,66,2585,California
Colusa,2021-02-26,99,3406,14,1029,85,2377,0,0,60,1883,39,762,60,2645,California
Colusa,2021-02-27,55,3461,4,1033,51,2428,0,0,40,1908,15,777,40,2685,California
Colusa,2021-02-28,26,3487,14,1047,12,2440,0,0,18,1918,8,785,18,2703,California
Colusa,2021-03-01,46,3533,15,1062,31,2471,0,0,29,1930,17,802,29,2732,California
Colusa,2021-03-02,49,3582,13,1075,36,2507,0,0,26,1933,23,825,26,2758,California
Colusa,2021-03-03,242,3824,43,1118,199,2706,0,0,185,2061,57,882,185,2943,California
Colusa,2021-03-04,137,3961,57,1175,80,2786,0,0,79,2082,58,940,79,3022,California
Colusa,2021-03-05,98,4059,25,1200,64,2850,9,9,53,2099,45,985,62,3084,California
Colusa,2021-03-06,274,4333,9,1209,265,3115,0,9,37,1899,237,1222,37,3121,California
Colusa,2021-03-07,8,4341,5,1214,3,3118,0,9,6,1903,2,1224,6,3127,California
Colusa,2021-03-08,89,4430,21,1235,33,3151,35,44,45,1939,44,1268,80,3207,California
Colusa,2021-03-09,274,4704,72,1307,179,3330,23,67,83,1854,191,1459,106,3313,California
Colusa,2021-03-10,289,4993,37,1344,216,3546,36,103,203,2007,86,1545,239,3552,California
Colusa,2021-03-11,420,5413,60,1404,339,3885,21,124,339,2284,81,1626,358,3910,California
Colusa,2021-03-12,109,5522,18,1422,78,3963,13,137,19,2226,90,1716,32,3942,California
Colusa,2021-03-13,61,5583,16,1438,36,3999,9,146,18,2210,43,1759,27,3969,California
Colusa,2021-03-14,20,5603,0,1438,18,4017,2,148,6,2205,13,1772,8,3977,California
Colusa,2021-03-15,69,5672,26,1464,35,4052,8,156,14,2172,55,1827,22,3999,California
Colusa,2021-03-16,296,5968,16,1480,234,4286,46,202,189,2300,107,1934,235,4234,California
Colusa,2021-03-17,195,6163,49,1529,146,4432,0,202,110,2325,85,2019,110,4344,California
Colusa,2021-03-18,324,6487,37,1566,216,4648,71,273,201,2474,123,2142,272,4616,California
Colusa,2021-03-19,78,6565,20,1586,56,4704,2,275,53,2504,25,2167,55,4671,California
Colusa,2021-03-20,49,6614,7,1593,41,4745,1,276,36,2528,13,2180,37,4708,California
Colusa,2021-03-21,6,6620,4,1597,2,4747,0,276,4,2530,2,2182,4,4712,California
Colusa,2021-03-22,62,6682,10,1607,43,4790,9,285,40,2557,22,2204,49,4761,California
Colusa,2021-03-23,81,6763,16,1623,63,4853,2,287,54,2586,27,2231,56,4817,California
Colusa,2021-03-24,338,7101,58,1681,274,5127,6,293,70,2393,268,2499,75,4892,California
Colusa,2021-03-25,109,7210,60,1741,44,5171,5,298,53,2395,56,2555,58,4950,California
Colusa,2021-03-26,298,7508,47,1788,247,5418,4,302,245,2591,53,2608,249,5199,California
Colusa,2021-03-27,63,7571,5,1793,58,5476,0,302,25,2578,38,2646,25,5224,California
Colusa,2021-03-28,16,7587,7,1800,9,5485,0,302,8,2578,8,2654,8,5232,California
Colusa,2021-03-29,71,7658,20,1820,45,5530,6,308,31,2575,40,2694,37,5269,California
Colusa,2021-03-30,147,7805,78,1898,67,5597,2,310,75,2580,72,2766,77,5346,California
Colusa,2021-03-31,234,8039,42,1940,192,5789,0,310,74,2495,159,2925,74,5420,California
Colusa,2021-04-01,428,8467,70,2010,304,6093,54,364,306,2733,121,3046,359,5779,California
Colusa,2021-04-02,81,8548,12,2022,55,6148,14,378,37,2740,44,3090,51,5830,California
Colusa,2021-04-03,61,8609,10,2032,28,6176,23,401,13,2728,48,3138,36,5866,California
Colusa,2021-04-04,18,8627,0,2032,8,6184,10,411,3,2726,15,3153,13,5879,California
Colusa,2021-04-05,96,8723,26,2058,55,6239,15,426,39,2723,57,3210,54,5933,California
Colusa,2021-04-06,128,8851,33,2091,45,6284,50,476,43,2731,85,3295,93,6026,California
Colusa,2021-04-07,355,9206,40,2131,292,6576,23,499,129,2658,226,3521,153,6179,California
Colusa,2021-04-08,428,9634,34,2165,367,6943,27,526,123,2506,302,3823,150,6329,California
Colusa,2021-04-09,76,9710,21,2186,32,6975,23,549,28,2509,48,3871,51,6380,California
Colusa,2021-04-10,44,9754,9,2195,15,6990,20,569,12,2509,32,3903,32,6412,California
Colusa,2021-04-11,16,9770,3,2198,11,7001,2,571,8,2511,8,3911,10,6422,California
Colusa,2021-04-12,31,9801,3,2201,28,7029,0,571,24,2528,7,3918,24,6446,California
Colusa,2021-04-13,277,10078,23,2224,254,7283,0,571,92,2436,184,4102,92,6538,California
Colusa,2021-04-14,95,10173,19,2243,76,7359,0,571,34,2409,61,4163,34,6572,California
Colusa,2021-04-15,323,10496,47,2290,276,7635,0,571,130,2346,193,4356,130,6702,California
Colusa,2021-04-16,80,10576,11,2301,69,7704,0,571,36,2339,43,4399,36,6738,California
Colusa,2021-04-17,53,10629,7,2308,46,7750,0,571,31,2348,22,4421,31,6769,California
Colusa,2021-04-18,9,10638,2,2310,7,7757,0,571,7,2353,2,4423,7,6776,California
Colusa,2021-04-19,61,10699,22,2332,39,7796,0,571,17,2326,44,4467,17,6793,California
Colusa,2021-04-20,176,10875,32,2364,144,7940,0,571,128,2406,48,4515,128,6921,California
Colusa,2021-04-21,170,11045,59,2423,111,8051,0,571,110,2456,60,4575,110,7031,California
Colusa,2021-04-22,418,11463,27,2450,390,8441,1,572,215,2469,202,4777,215,7246,California
Colusa,2021-04-23,91,11554,17,2467,74,8515,0,572,37,2452,54,4831,37,7283,California
Colusa,2021-04-24,237,11791,19,2486,217,8732,1,573,204,2624,33,4864,205,7488,California
Colusa,2021-04-25,12,11803,6,2492,6,8738,0,573,8,2628,4,4868,8,7496,California
Colusa,2021-04-26,23,11826,5,2497,17,8755,1,574,7,2620,15,4883,7,7503,California
Colusa,2021-04-27,94,11920,23,2520,67,8822,4,578,43,2616,51,4934,47,7550,California
Colusa,2021-04-28,188,12108,27,2547,158,8980,3,581,138,2708,49,4983,141,7691,California
Colusa,2021-04-29,317,12425,27,2574,286,9266,4,585,48,2493,267,5250,52,7743,California
Colusa,2021-04-30,65,12490,18,2592,47,9313,0,585,41,2510,24,5274,41,7784,California
Colusa,2021-05-01,19,12509,8,2600,8,9321,3,588,9,2512,10,5284,12,7796,California
Colusa,2021-05-02,3,12512,0,2600,2,9323,1,589,2,2514,1,5285,3,7799,California
Colusa,2021-05-03,21,12533,7,2607,14,9337,0,589,6,2505,15,5300,6,7805,California
Colusa,2021-05-04,86,12619,44,2651,41,9378,1,590,63,2546,23,5323,64,7869,California
Colusa,2021-05-05,67,12686,16,2667,50,9428,1,591,32,2544,35,5358,33,7902,California
Colusa,2021-05-06,253,12939,16,2683,235,9663,2,593,110,2513,143,5501,112,8014,California
Colusa,2021-05-07,67,13006,5,2688,58,9721,4,597,30,2510,37,5538,34,8048,California
Colusa,2021-05-08,18,13024,5,2693,13,9734,0,597,9,2510,9,5547,9,8057,California
Colusa,2021-05-09,13,13037,5,2698,5,9739,3,600,6,2512,7,5554,9,8066,California
Colusa,2021-05-10,16,13053,7,2705,9,9748,0,600,6,2508,10,5564,6,8072,California
Colusa,2021-05-11,93,13146,34,2739,59,9807,0,600,50,2515,43,5607,50,8122,California
Colusa,2021-05-12,74,13220,32,2771,37,9844,5,605,21,2488,53,5660,26,8148,California
Colusa,2021-05-13,221,13441,15,2786,205,10049,1,606,67,2402,154,5814,68,8216,California
Colusa,2021-05-14,67,13508,12,2798,52,10101,3,609,27,2393,39,5853,30,8246,California
Colusa,2021-05-15,29,13537,3,2801,24,10125,2,611,14,2394,15,5868,16,8262,California
Colusa,2021-05-16,15,13552,6,2807,9,10134,0,611,11,2401,4,5872,11,8273,California
Contra Costa,2020-12-15,18,18,18,18,0,0,0,0,18,18,0,0,18,18,California
Contra Costa,2020-12-16,521,539,521,539,0,0,0,0,521,539,0,0,521,539,California
Contra Costa,2020-12-17,909,1448,909,1448,0,0,0,0,909,1448,0,0,909,1448,California
Contra Costa,2020-12-18,1591,3039,1590,3038,1,1,0,0,1591,3039,0,0,1591,3039,California
Contra Costa,2020-12-19,1104,4143,1103,4141,1,2,0,0,1104,4143,0,0,1104,4143,California
Contra Costa,2020-12-20,584,4727,583,4724,1,3,0,0,584,4727,0,0,584,4727,California
Contra Costa,2020-12-21,1652,6379,1650,6374,2,5,0,0,1652,6379,0,0,1652,6379,California
Contra Costa,2020-12-22,1668,8047,1563,7937,105,110,0,0,1668,8047,0,0,1668,8047,California
Contra Costa,2020-12-23,1591,9638,1343,9280,248,358,0,0,1591,9638,0,0,1591,9638,California
Contra Costa,2020-12-24,656,10294,336,9616,320,678,0,0,656,10294,0,0,656,10294,California
Contra Costa,2020-12-25,39,10333,17,9633,22,700,0,0,39,10333,0,0,39,10333,California
Contra Costa,2020-12-26,642,10975,132,9765,510,1210,0,0,642,10975,0,0,642,10975,California
Contra Costa,2020-12-27,240,11215,87,9852,153,1363,0,0,240,11215,0,0,240,11215,California
Contra Costa,2020-12-28,1834,13049,863,10715,971,2334,0,0,1834,13049,0,0,1834,13049,California
Contra Costa,2020-12-29,1829,14878,823,11538,1006,3340,0,0,1829,14878,0,0,1829,14878,California
Contra Costa,2020-12-30,2392,17270,1213,12751,1179,4519,0,0,2391,17269,0,0,2391,17269,California
Contra Costa,2020-12-31,915,18185,308,13059,607,5126,0,0,914,18183,0,0,914,18183,California
Contra Costa,2021-01-01,61,18246,23,13082,38,5164,0,0,61,18244,0,0,61,18244,California
Contra Costa,2021-01-02,335,18581,173,13255,162,5326,0,0,335,18579,0,0,335,18579,California
Contra Costa,2021-01-03,175,18756,117,13372,58,5384,0,0,174,18753,0,0,174,18753,California
Contra Costa,2021-01-04,1904,20660,1250,14622,654,6038,0,0,1884,20619,18,18,1884,20637,California
Contra Costa,2021-01-05,2102,22762,1256,15878,846,6884,0,0,1843,22205,258,276,1844,22481,California
Contra Costa,2021-01-06,3279,26041,2247,18125,1032,7916,0,0,2519,23973,754,1030,2522,25003,California
Contra Costa,2021-01-07,3093,29134,2059,20184,1034,8950,0,0,1880,24643,1210,2240,1880,26883,California
Contra Costa,2021-01-08,3385,32519,2393,22577,992,9942,0,0,1823,24912,1557,3797,1826,28709,California
Contra Costa,2021-01-09,1585,34104,1134,23711,451,10393,0,0,748,24826,836,4633,750,29459,California
Contra Costa,2021-01-10,362,34466,286,23997,76,10469,0,0,153,24770,209,4842,153,29612,California
Contra Costa,2021-01-11,3836,38302,3144,27141,692,11161,0,0,2232,25401,1604,6446,2235,31847,California
Contra Costa,2021-01-12,3913,42215,2938,30079,975,12136,0,0,2586,26663,1327,7773,2589,34436,California
Contra Costa,2021-01-13,4727,46942,2936,33015,1791,13927,0,0,3783,29507,940,8713,3784,38220,California
Contra Costa,2021-01-14,4307,51249,1557,34572,2750,16677,0,0,3925,33050,382,9095,3925,42145,California
Contra Costa,2021-01-15,5335,56584,2459,37031,2876,19553,0,0,5012,37744,322,9417,5016,47161,California
Contra Costa,2021-01-16,1720,58304,555,37586,1165,20718,0,0,1645,39314,75,9492,1645,48806,California
Contra Costa,2021-01-17,1637,59941,975,38561,662,21380,0,0,1514,40708,123,9615,1517,50323,California
Contra Costa,2021-01-18,3202,63143,1261,39822,1941,23321,0,0,2578,42669,618,10233,2579,52902,California
Contra Costa,2021-01-19,7065,70208,3161,42983,3904,27225,0,0,6060,47732,1002,11235,6065,58967,California
Contra Costa,2021-01-20,6666,76874,4105,47088,2561,29786,0,0,5433,51941,1229,12464,5438,64405,California
Contra Costa,2021-01-21,6983,83857,3118,50206,3865,33651,0,0,6254,57479,724,13188,6262,70667,California
Contra Costa,2021-01-22,6373,90230,2708,52914,3665,37316,0,0,5515,62148,849,14037,5518,76185,California
Contra Costa,2021-01-23,2031,92261,363,53277,1668,38984,0,0,1773,63667,256,14293,1775,77960,California
Contra Costa,2021-01-24,1580,93841,217,53494,1363,40347,0,0,1435,64961,145,14438,1439,79399,California
Contra Costa,2021-01-25,6668,100509,3029,56523,3639,43986,0,0,5105,68508,1561,15999,5108,84507,California
Contra Costa,2021-01-26,8092,108601,4687,61210,3405,47391,0,0,6249,72927,1835,17834,6254,90761,California
Contra Costa,2021-01-27,8246,116847,5502,66712,2744,50135,0,0,6340,77446,1825,19659,6344,97105,California
Contra Costa,2021-01-28,7446,124293,4085,70797,3361,53496,0,0,5840,81690,1600,21259,5844,102949,California
Contra Costa,2021-01-29,7440,131733,3890,74687,3550,57046,0,0,6127,86510,1309,22568,6129,109078,California
Contra Costa,2021-01-30,2083,133816,598,75285,1485,58531,0,0,1717,87868,359,22927,1717,110795,California
Contra Costa,2021-01-31,698,134514,479,75764,219,58750,0,0,572,88317,123,23050,572,111367,California
Contra Costa,2021-02-01,5537,140051,3773,79537,1764,60514,0,0,3897,90583,1634,24684,3900,115267,California
Contra Costa,2021-02-02,7756,147807,5269,84806,2487,63001,0,0,5893,94616,1861,26545,5894,121161,California
Contra Costa,2021-02-03,8288,156095,5479,90285,2809,65810,0,0,5613,97568,2662,29207,5614,126775,California
Contra Costa,2021-02-04,7445,163540,3537,93822,3908,69718,0,0,5711,101552,1730,30937,5714,132489,California
Contra Costa,2021-02-05,8436,171976,4828,98650,3608,73326,0,0,5724,104571,2705,33642,5724,138213,California
Contra Costa,2021-02-06,3474,175450,2157,100807,1317,74643,0,0,2821,106741,652,34294,2822,141035,California
Contra Costa,2021-02-07,983,176433,712,101519,271,74914,0,0,605,106969,377,34671,605,141640,California
Contra Costa,2021-02-08,5830,182263,3453,104972,2377,77291,0,0,4348,109841,1477,36148,4349,145989,California
Contra Costa,2021-02-09,8666,190929,4780,109752,3886,81177,0,0,5771,112723,2890,39038,5772,151761,California
Contra Costa,2021-02-10,8633,199562,4648,114400,3985,85162,0,0,5355,114819,3263,42301,5359,157120,California
Contra Costa,2021-02-11,9313,208875,4218,118618,5095,90257,0,0,5262,116041,4045,46346,5267,162387,California
Contra Costa,2021-02-12,10074,218949,4617,123235,5457,95714,0,0,5452,116881,4615,50961,5455,167842,California
Contra Costa,2021-02-13,4880,223829,1368,124603,3512,99226,0,0,3400,118805,1477,52438,3401,171243,California
Contra Costa,2021-02-14,2091,225920,867,125470,1224,100450,0,0,1229,119174,860,53298,1229,172472,California
Contra Costa,2021-02-15,4458,230378,2469,127939,1989,102439,0,0,2338,119400,2113,55411,2339,174811,California
Contra Costa,2021-02-16,10418,240796,4910,132849,5508,107947,0,0,4644,118282,5766,61177,4648,179459,California
Contra Costa,2021-02-17,12290,253086,6144,138993,6146,114093,0,0,5635,117278,6640,67817,5636,185095,California
Contra Costa,2021-02-18,11478,264564,5975,144968,5503,119596,0,0,5327,116470,6137,73954,5329,190424,California
Contra Costa,2021-02-19,11410,275974,7111,152079,4299,123895,0,0,5178,115434,6215,80169,5179,195603,California
Contra Costa,2021-02-20,6454,282428,2902,154981,3552,127447,0,0,4573,118144,1865,82034,4575,200178,California
Contra Costa,2021-02-21,2262,284690,1713,156694,549,127996,0,0,1540,118963,721,82755,1540,201718,California
Contra Costa,2021-02-22,7575,292265,5133,161827,2442,130438,0,0,3493,118388,4070,86825,3495,205213,California
Contra Costa,2021-02-23,12074,304339,7417,169244,4657,135095,0,0,6087,118506,5973,92798,6091,211304,California
Contra Costa,2021-02-24,10558,314897,7750,176994,2808,137903,0,0,5110,118187,5431,98229,5112,216416,California
Contra Costa,2021-02-25,11495,326392,7236,184230,4259,142162,0,0,5230,117176,6245,104474,5234,221650,California
Contra Costa,2021-02-26,10715,337107,6761,190991,3954,146116,0,0,5313,117103,5387,109861,5314,226964,California
Contra Costa,2021-02-27,6625,343732,4211,195202,2414,148530,0,0,4110,118707,2507,112368,4111,231075,California
Contra Costa,2021-02-28,3794,347526,3122,198324,672,149202,0,0,3194,121306,596,112964,3195,234270,California
Contra Costa,2021-03-01,8110,355636,6085,204409,2020,151222,5,5,4974,123167,3120,116084,4981,239251,California
Contra Costa,2021-03-02,10158,365794,6332,210741,3825,155047,1,6,5260,123546,4882,120966,5261,244512,California
Contra Costa,2021-03-03,11187,376981,6989,217730,4197,159244,1,7,6268,124911,4905,125871,6270,250782,California
Contra Costa,2021-03-04,11889,388870,7104,224834,4785,164029,0,7,6161,125363,5709,131580,6161,256943,California
Contra Costa,2021-03-05,11243,400113,6672,231506,4565,168594,6,13,6405,126952,4822,136402,6411,263354,California
Contra Costa,2021-03-06,7304,407417,4016,235522,2978,171572,310,323,4722,129412,2570,138972,5030,268384,California
Contra Costa,2021-03-07,3658,411075,2291,237813,1306,172878,61,384,2983,131782,674,139646,3044,271428,California
Contra Costa,2021-03-08,8065,419140,3770,241583,3991,176869,304,688,5374,134784,2680,142326,5682,277110,California
Contra Costa,2021-03-09,10229,429369,5025,246608,4909,181778,295,983,5056,134970,5165,147491,5351,282461,California
Contra Costa,2021-03-10,12157,441526,5971,252579,4688,186466,1498,2481,5472,135259,6672,154163,6961,289422,California
Contra Costa,2021-03-11,12473,453999,6566,259145,5344,191810,563,3044,6362,136097,6087,160250,6925,296347,California
Contra Costa,2021-03-12,12554,466553,5155,264300,6853,198663,546,3590,6273,136648,6266,166516,6817,303164,California
Contra Costa,2021-03-13,7761,474314,3074,267374,4263,202926,424,4014,3066,135454,4678,171194,3484,306648,California
Contra Costa,2021-03-14,4352,478666,2548,269922,1319,204245,485,4499,1650,134894,2694,173888,2134,308782,California
Contra Costa,2021-03-15,9394,488060,5071,274993,3570,207815,753,5252,4726,135721,4651,178539,5478,314260,California
Contra Costa,2021-03-16,14258,502318,8468,283461,5393,213208,397,5649,7122,136125,7114,185653,7518,321778,California
Contra Costa,2021-03-17,14996,517314,10344,293805,4439,217647,213,5862,8518,138405,6457,192110,8737,330515,California
Contra Costa,2021-03-18,15373,532687,8546,302351,6347,223994,480,6342,8775,141090,6568,198678,9253,339768,California
Contra Costa,2021-03-19,15498,548185,8904,311255,5204,229198,1390,7732,8293,143586,7192,205870,9688,349456,California
Contra Costa,2021-03-20,10615,558800,6342,317597,3970,233168,303,8035,5239,143770,5359,211229,5543,354999,California
Contra Costa,2021-03-21,4445,563245,3891,321488,466,233634,88,8123,2084,143587,2354,213583,2171,357170,California
Contra Costa,2021-03-22,11534,574779,8692,330180,2593,236227,249,8372,7094,146501,4428,218011,7342,364512,California
Contra Costa,2021-03-23,15606,590385,10752,340932,4684,240911,170,8542,9498,150091,6080,224091,9670,374182,California
Contra Costa,2021-03-24,14981,605366,11679,352611,3090,244001,212,8754,9200,153756,5749,229840,9414,383596,California
Contra Costa,2021-03-25,15271,620637,11894,364505,3093,247094,284,9038,9427,157659,5807,235647,9710,393306,California
Contra Costa,2021-03-26,14929,635566,10697,375202,3837,250931,395,9433,8809,160763,6095,241742,9199,402505,California
Contra Costa,2021-03-27,10431,645997,6755,381957,3166,254097,510,9943,5764,162372,4658,246400,6267,408772,California
Contra Costa,2021-03-28,4129,650126,2925,384882,1152,255249,52,9995,1754,161814,2364,248764,1806,410578,California
Contra Costa,2021-03-29,10832,660958,8448,393330,2269,257518,115,10110,7070,165257,3744,252508,7187,417765,California
Contra Costa,2021-03-30,16725,677683,9125,402455,6249,263767,1351,11461,11027,171953,5683,258191,12379,430144,California
Contra Costa,2021-03-31,17948,695631,12555,415010,3953,267720,1440,12901,11521,178517,6393,264584,12957,443101,California
Contra Costa,2021-04-01,17512,713143,12258,427268,3884,271604,1370,14271,11416,185233,6074,270658,12790,455891,California
Contra Costa,2021-04-02,17401,730544,12838,440106,3557,275161,1006,15277,11561,191971,5829,276487,12567,468458,California
Contra Costa,2021-04-03,10751,741295,6410,446516,2805,277966,1536,16813,6159,195086,4578,281065,7693,476151,California
Contra Costa,2021-04-04,3324,744619,1315,447831,1415,279381,594,17407,890,194143,2427,283492,1484,477635,California
Contra Costa,2021-04-05,12043,756662,7855,455686,3213,282594,975,18382,6563,196214,5467,288959,7538,485173,California
Contra Costa,2021-04-06,17285,773947,11978,467664,3022,285616,2285,20667,9746,200725,7519,296478,12030,497203,California
Contra Costa,2021-04-07,18448,792395,12476,480140,3169,288785,2803,23470,10464,206064,7965,304443,13304,510507,California
Contra Costa,2021-04-08,18597,810992,12395,492535,3293,292078,2909,26379,9988,210364,8582,313025,12882,523389,California
Contra Costa,2021-04-09,18650,829642,11901,504436,4276,296354,2473,28852,9958,214126,8666,321691,12428,535817,California
Contra Costa,2021-04-10,10503,840145,3800,508236,2157,298511,4546,33398,3287,214745,7200,328891,7819,543636,California
Contra Costa,2021-04-11,3317,843462,1982,510218,681,299192,654,34052,1121,214329,2190,331081,1774,545410,California
Contra Costa,2021-04-12,11862,855324,7843,518061,2966,302158,1053,35105,5590,214718,6258,337339,6647,552057,California
Contra Costa,2021-04-13,17767,873091,10893,528954,6868,309026,6,35111,11861,220706,5885,343224,11873,563930,California
Contra Costa,2021-04-14,17542,890633,11009,539963,6532,315558,1,35112,9717,222622,7805,351029,9721,573651,California
Contra Costa,2021-04-15,17478,908111,10720,550683,6758,322316,0,35112,8105,221402,9344,360373,8124,581775,California
Contra Costa,2021-04-16,16833,924944,10503,561186,6328,328644,2,35114,7588,219775,9222,369595,7595,589370,California
Contra Costa,2021-04-17,11420,936364,6268,567454,5152,333796,0,35114,6138,220649,5270,374865,6144,595514,California
Contra Costa,2021-04-18,2730,939094,2110,569564,620,334416,0,35114,1774,221476,947,375812,1774,597288,California
Contra Costa,2021-04-19,11354,950448,8491,578055,2863,337279,0,35114,3563,217276,7765,383577,3565,600853,California
Contra Costa,2021-04-20,16615,967063,10795,588850,5820,343099,0,35114,6225,213149,10356,393933,6229,607082,California
Contra Costa,2021-04-21,17299,984362,14121,602971,3178,346277,0,35114,6153,208198,11112,405045,6161,613243,California
Contra Costa,2021-04-22,17142,1001504,13885,616856,3256,349533,1,35115,6073,203243,11038,416083,6083,619326,California
Contra Costa,2021-04-23,16956,1018460,13487,630343,3469,353002,0,35115,5481,197289,11443,427526,5489,624815,California
Contra Costa,2021-04-24,10894,1029354,8412,638755,2482,355484,0,35115,4169,194756,6706,434232,4173,628988,California
Contra Costa,2021-04-25,3228,1032582,2176,640931,1050,356534,2,35117,2037,195609,1189,435421,2042,631030,California
Contra Costa,2021-04-26,9788,1042370,8203,649134,1561,358095,24,35141,2875,191621,6897,442318,2909,633939,California
Contra Costa,2021-04-27,14431,1056801,10585,659719,3694,361789,152,35293,3872,185117,10538,452856,4034,637973,California
Contra Costa,2021-04-28,13829,1070630,10757,670476,2785,364574,287,35580,3461,178533,10336,463192,3752,641725,California
Contra Costa,2021-04-29,12994,1083624,10052,680528,2772,367346,170,35750,2826,171391,10143,473335,3001,644726,California
Contra Costa,2021-04-30,13637,1097261,10754,691282,2633,369979,250,36000,3093,164220,10518,483853,3347,648073,California
Contra Costa,2021-05-01,7992,1105253,5839,697121,1836,371815,317,36317,1908,160381,6065,489918,2226,650299,California
Contra Costa,2021-05-02,2323,1107576,1578,698699,666,372481,79,36396,989,160125,1324,491242,1068,651367,California
Contra Costa,2021-05-03,9102,1116678,8009,706708,918,373399,175,36571,1923,155064,7164,498406,2103,653470,California
Contra Costa,2021-05-04,14054,1130732,12127,718835,1600,374999,327,36898,2295,145950,11736,510142,2622,656092,California
Contra Costa,2021-05-05,12476,1143208,10757,729592,1519,376518,200,37098,2399,138501,10050,520192,2601,658693,California
Contra Costa,2021-05-06,10253,1153461,8527,738119,1400,377918,326,37424,1940,132486,8289,528481,2274,660967,California
Contra Costa,2021-05-07,9585,1163046,7700,745819,1661,379579,224,37648,2213,127581,7339,535820,2434,663401,California
Contra Costa,2021-05-08,5266,1168312,3962,749781,1137,380716,167,37815,1245,124993,4004,539824,1416,664817,California
Contra Costa,2021-05-09,2102,1170414,1774,751555,269,380985,59,37874,462,123881,1636,541460,524,665341,California
Contra Costa,2021-05-10,4917,1175331,3938,755493,761,381746,218,38092,1345,121892,3551,545011,1562,666903,California
Contra Costa,2021-05-11,8639,1183970,4490,759983,3922,385668,227,38319,1692,116889,6928,551939,1925,668828,California
Contra Costa,2021-05-12,8955,1192925,4542,764525,4165,389833,248,38567,1537,111285,7395,559334,1791,670619,California
Contra Costa,2021-05-13,11098,1204023,7291,771816,3622,393455,185,38752,3763,107924,7308,566642,3947,674566,California
Contra Costa,2021-05-14,11618,1215641,7633,779449,3707,397162,278,39030,4620,105849,6974,573616,4899,679465,California
Contra Costa,2021-05-15,8095,1223736,5754,785203,2244,399406,97,39127,3372,104608,4713,578329,3472,682937,California
Contra Costa,2021-05-16,1303,1225039,1133,786336,133,399539,37,39164,394,104138,902,579231,432,683369,California
Del Norte,2020-12-21,23,23,23,23,0,0,0,0,23,23,0,0,23,23,California
Del Norte,2020-12-22,45,68,45,68,0,0,0,0,45,68,0,0,45,68,California
Del Norte,2020-12-23,58,126,48,116,10,10,0,0,56,124,0,0,56,124,California
Del Norte,2020-12-28,34,160,34,150,0,10,0,0,34,158,0,0,34,158,California
Del Norte,2020-12-29,4,164,4,154,0,10,0,0,4,162,0,0,4,162,California
Del Norte,2020-12-30,67,231,55,209,12,22,0,0,68,230,0,0,68,230,California
Del Norte,2020-12-31,16,247,13,222,3,25,0,0,16,246,0,0,16,246,California
Del Norte,2021-01-04,102,349,49,271,53,78,0,0,102,348,0,0,102,348,California
Del Norte,2021-01-05,33,382,0,271,33,111,0,0,32,380,1,1,33,381,California
Del Norte,2021-01-06,77,459,18,289,59,170,0,0,77,457,0,1,77,458,California
Del Norte,2021-01-07,21,480,1,290,20,190,0,0,21,478,0,1,21,479,California
Del Norte,2021-01-08,78,558,7,297,71,261,0,0,78,556,0,1,78,557,California
Del Norte,2021-01-11,40,598,21,318,19,280,0,0,18,553,22,23,19,576,California
Del Norte,2021-01-12,50,648,31,349,19,299,0,0,30,563,20,43,30,606,California
Del Norte,2021-01-13,86,734,40,389,46,345,0,0,53,583,33,76,53,659,California
Del Norte,2021-01-14,52,786,14,403,38,383,0,0,46,623,6,82,46,705,California
Del Norte,2021-01-15,107,893,18,421,89,472,0,0,95,706,12,94,95,800,California
Del Norte,2021-01-17,1,894,1,422,0,472,0,0,1,707,0,94,1,801,California
Del Norte,2021-01-18,2,896,0,422,2,474,0,0,2,709,0,94,2,803,California
Del Norte,2021-01-19,119,1015,56,478,63,537,0,0,77,744,42,136,77,880,California
Del Norte,2021-01-20,159,1174,84,562,75,612,0,0,96,778,62,198,96,976,California
Del Norte,2021-01-21,43,1217,40,602,3,615,0,0,32,799,11,209,32,1008,California
Del Norte,2021-01-22,20,1237,17,619,3,618,0,0,13,805,7,216,13,1021,California
Del Norte,2021-01-23,1,1238,0,619,1,619,0,0,1,806,0,216,1,1022,California
Del Norte,2021-01-24,1,1239,0,619,1,620,0,0,1,807,0,216,1,1023,California
Del Norte,2021-01-25,100,1339,82,701,18,638,0,0,56,819,44,260,56,1079,California
Del Norte,2021-01-26,18,1357,11,712,7,645,0,0,7,815,11,271,7,1086,California
Del Norte,2021-01-27,64,1421,21,733,43,688,0,0,61,873,3,274,61,1147,California
Del Norte,2021-01-28,291,1712,20,753,271,959,0,0,286,1154,5,279,286,1433,California
Del Norte,2021-01-29,55,1767,21,774,34,993,0,0,44,1187,11,290,44,1477,California
Del Norte,2021-01-30,8,1775,1,775,7,1000,0,0,8,1195,0,290,8,1485,California
Del Norte,2021-02-01,41,1816,1,776,40,1040,0,0,26,1206,15,305,26,1511,California
Del Norte,2021-02-02,142,1958,34,810,108,1148,0,0,73,1211,68,373,73,1584,California
Del Norte,2021-02-03,126,2084,40,850,86,1234,0,0,71,1227,55,428,71,1655,California
Del Norte,2021-02-04,71,2155,29,879,42,1276,0,0,42,1240,29,457,42,1697,California
Del Norte,2021-02-05,184,2339,22,901,162,1438,0,0,119,1295,64,521,119,1816,California
Del Norte,2021-02-06,312,2651,6,907,306,1744,0,0,312,1607,0,521,312,2128,California
Del Norte,2021-02-07,2,2653,1,908,1,1745,0,0,2,1609,0,521,2,2130,California
Del Norte,2021-02-08,36,2689,1,909,35,1780,0,0,32,1637,4,525,32,2162,California
Del Norte,2021-02-09,8,2697,5,914,3,1783,0,0,2,1633,6,531,2,2164,California
Del Norte,2021-02-10,143,2840,20,934,123,1906,0,0,86,1663,56,587,86,2250,California
Del Norte,2021-02-11,177,3017,59,993,118,2024,0,0,64,1614,113,700,64,2314,California
Del Norte,2021-02-12,121,3138,14,1007,107,2131,0,0,67,1627,54,754,67,2381,California
Del Norte,2021-02-13,2,3140,1,1008,1,2132,0,0,2,1629,0,754,2,2383,California
Del Norte,2021-02-14,3,3143,1,1009,2,2134,0,0,2,1630,1,755,2,2385,California
Del Norte,2021-02-15,4,3147,0,1009,4,2138,0,0,2,1630,2,757,2,2387,California
Del Norte,2021-02-16,132,3279,1,1010,131,2269,0,0,13,1524,119,876,13,2400,California
Del Norte,2021-02-17,91,3370,20,1030,71,2340,0,0,24,1481,67,943,24,2424,California
Del Norte,2021-02-18,77,3447,24,1054,53,2393,0,0,51,1506,26,969,51,2475,California
Del Norte,2021-02-19,43,3490,17,1071,26,2419,0,0,33,1529,10,979,33,2508,California
Del Norte,2021-02-20,8,3498,5,1076,3,2422,0,0,6,1533,2,981,6,2514,California
Del Norte,2021-02-22,2,3500,0,1076,2,2424,0,0,2,1535,0,981,2,2516,California
Del Norte,2021-02-23,107,3607,89,1165,18,2442,0,0,31,1491,76,1057,32,2548,California
Del Norte,2021-02-24,152,3759,98,1263,54,2496,0,0,79,1497,73,1130,79,2627,California
Del Norte,2021-02-25,476,4235,131,1394,345,2841,0,0,213,1449,261,1391,213,2840,California
Del Norte,2021-02-26,213,4448,176,1570,37,2878,0,0,167,1570,46,1437,167,3007,California
Del Norte,2021-02-27,152,4600,145,1715,6,2884,1,1,141,1701,11,1448,142,3149,California
Del Norte,2021-02-28,4,4604,1,1716,3,2887,0,1,3,1703,1,1449,3,3152,California
Del Norte,2021-03-01,29,4633,2,1718,27,2914,0,1,4,1683,24,1473,4,3156,California
Del Norte,2021-03-02,220,4853,141,1859,79,2993,0,1,187,1837,33,1506,187,3343,California
Del Norte,2021-03-03,167,5020,99,1958,68,3061,0,1,126,1922,41,1547,126,3469,California
Del Norte,2021-03-04,120,5140,83,2041,37,3098,0,1,91,1985,28,1575,91,3560,California
Del Norte,2021-03-05,120,5260,10,2051,110,3208,0,1,72,2009,48,1623,72,3632,California
Del Norte,2021-03-06,465,5725,78,2129,338,3546,49,50,164,1879,301,1924,171,3803,California
Del Norte,2021-03-07,2,5727,1,2130,1,3547,0,50,1,1879,1,1925,1,3804,California
Del Norte,2021-03-08,28,5755,1,2131,25,3572,2,52,5,1863,23,1948,7,3811,California
Del Norte,2021-03-09,193,5948,112,2243,78,3650,3,55,182,2037,11,1959,185,3996,California
Del Norte,2021-03-10,233,6181,96,2339,109,3759,28,83,134,2100,99,2058,162,4158,California
Del Norte,2021-03-11,151,6332,55,2394,91,3850,5,88,103,2160,48,2106,108,4266,California
Del Norte,2021-03-12,178,6510,89,2483,89,3939,0,88,125,2232,53,2159,125,4391,California
Del Norte,2021-03-13,94,6604,93,2576,1,3940,0,88,91,2320,3,2162,91,4482,California
Del Norte,2021-03-14,1,6605,0,2576,1,3941,0,88,1,2320,1,2163,1,4483,California
Del Norte,2021-03-15,39,6644,0,2576,39,3980,0,88,35,2351,4,2167,35,4518,California
Del Norte,2021-03-16,281,6925,135,2711,146,4126,0,88,260,2590,21,2188,260,4778,California
Del Norte,2021-03-17,283,7208,95,2806,186,4312,2,90,169,2647,114,2302,171,4949,California
Del Norte,2021-03-18,285,7493,107,2913,175,4487,3,93,149,2664,135,2437,152,5101,California
Del Norte,2021-03-19,266,7759,159,3072,101,4588,6,99,91,2586,175,2612,97,5198,California
Del Norte,2021-03-20,157,7916,154,3226,3,4591,0,99,15,2459,142,2754,15,5213,California
Del Norte,2021-03-21,4,7920,2,3228,2,4593,0,99,2,2459,2,2756,2,5215,California
Del Norte,2021-03-22,43,7963,3,3231,39,4632,1,100,39,2496,3,2759,40,5255,California
Del Norte,2021-03-23,335,8298,164,3395,153,4785,18,118,165,2510,168,2927,182,5437,California
Del Norte,2021-03-24,397,8695,107,3502,249,5034,41,159,236,2626,161,3088,277,5714,California
Del Norte,2021-03-25,192,8887,89,3591,103,5137,0,159,84,2603,107,3195,84,5798,California
Del Norte,2021-03-26,232,9119,112,3703,120,5257,0,159,197,2765,35,3230,197,5995,California
Del Norte,2021-03-27,108,9227,87,3790,4,5261,17,176,17,2708,91,3321,34,6029,California
Del Norte,2021-03-28,4,9231,2,3792,2,5263,0,176,1,2706,3,3324,1,6030,California
Del Norte,2021-03-29,57,9288,6,3798,34,5297,17,193,32,2730,25,3349,49,6079,California
Del Norte,2021-03-30,339,9627,118,3916,210,5507,11,204,128,2658,211,3560,139,6218,California
Del Norte,2021-03-31,353,9980,100,4016,236,5743,17,221,198,2720,153,3713,215,6433,California
Del Norte,2021-04-01,164,10144,58,4074,72,5815,34,255,69,2729,94,3807,103,6536,California
Del Norte,2021-04-02,230,10374,78,4152,103,5918,49,304,47,2643,183,3990,97,6633,California
Del Norte,2021-04-03,108,10482,83,4235,2,5920,23,327,5,2569,102,4092,28,6661,California
Del Norte,2021-04-04,4,10486,0,4235,0,5920,4,331,0,2569,4,4096,4,6665,California
Del Norte,2021-04-05,47,10533,5,4240,38,5958,4,335,40,2606,7,4103,44,6709,California
Del Norte,2021-04-06,378,10911,119,4359,222,6180,37,372,145,2560,229,4332,183,6892,California
Del Norte,2021-04-07,436,11347,115,4474,260,6440,61,433,289,2764,146,4478,350,7242,California
Del Norte,2021-04-08,227,11574,54,4528,105,6545,68,501,105,2815,122,4600,173,7415,California
Del Norte,2021-04-09,205,11779,47,4575,81,6626,77,578,98,2882,106,4706,173,7588,California
Del Norte,2021-04-10,47,11826,26,4601,4,6630,17,595,27,2906,20,4726,44,7632,California
Del Norte,2021-04-11,12,11838,3,4604,2,6632,7,602,2,2905,10,4736,9,7641,California
Del Norte,2021-04-12,28,11866,1,4605,9,6641,18,620,1,2898,26,4762,19,7660,California
Del Norte,2021-04-13,298,12164,50,4655,248,6889,0,620,155,2910,143,4905,155,7815,California
Del Norte,2021-04-14,328,12492,23,4678,305,7194,0,620,138,2863,190,5095,143,7958,California
Del Norte,2021-04-15,164,12656,31,4709,133,7327,0,620,45,2790,119,5214,46,8004,California
Del Norte,2021-04-16,161,12817,40,4749,121,7448,0,620,59,2748,102,5316,60,8064,California
Del Norte,2021-04-17,102,12919,70,4819,32,7480,0,620,97,2840,5,5321,97,8161,California
Del Norte,2021-04-18,5,12924,4,4823,1,7481,0,620,4,2843,1,5322,4,8165,California
Del Norte,2021-04-19,50,12974,6,4829,44,7525,0,620,8,2809,42,5364,8,8173,California
Del Norte,2021-04-20,209,13183,40,4869,169,7694,0,620,74,2748,135,5499,74,8247,California
Del Norte,2021-04-21,288,13471,23,4892,265,7959,0,620,64,2591,224,5723,67,8314,California
Del Norte,2021-04-22,114,13585,15,4907,99,8058,0,620,62,2601,52,5775,62,8376,California
Del Norte,2021-04-23,152,13737,21,4928,131,8189,0,620,39,2528,112,5887,39,8415,California
Del Norte,2021-04-24,25,13762,14,4942,11,8200,0,620,20,2543,5,5892,20,8435,California
Del Norte,2021-04-25,2,13764,0,4942,2,8202,0,620,2,2545,0,5892,2,8437,California
Del Norte,2021-04-26,30,13794,0,4942,30,8232,0,620,8,2531,22,5914,8,8445,California
Del Norte,2021-04-27,181,13975,19,4961,157,8389,5,625,49,2453,132,6046,54,8499,California
Del Norte,2021-04-28,352,14327,101,5062,246,8635,5,630,63,2235,287,6333,69,8568,California
Del Norte,2021-04-29,92,14419,5,5067,83,8718,4,634,26,2199,66,6399,30,8598,California
Del Norte,2021-04-30,83,14502,6,5073,67,8785,10,644,44,2214,39,6438,54,8652,California
Del Norte,2021-05-01,8,14510,3,5076,5,8790,0,644,6,2218,2,6440,6,8658,California
Del Norte,2021-05-02,8,14518,0,5076,8,8798,0,644,8,2226,0,6440,8,8666,California
Del Norte,2021-05-03,40,14558,3,5079,34,8832,3,647,2,2194,37,6477,5,8671,California
Del Norte,2021-05-04,221,14779,36,5115,180,9012,5,652,47,2072,174,6651,52,8723,California
Del Norte,2021-05-05,231,15010,19,5134,204,9216,8,660,56,1961,175,6826,64,8787,California
Del Norte,2021-05-06,112,15122,24,5158,75,9291,13,673,27,1916,85,6911,40,8827,California
Del Norte,2021-05-07,151,15273,29,5187,118,9409,4,677,32,1833,119,7030,36,8863,California
Del Norte,2021-05-08,64,15337,55,5242,7,9416,2,679,7,1785,57,7087,9,8872,California
Del Norte,2021-05-09,9,15346,3,5245,3,9419,3,682,2,1783,7,7094,5,8877,California
Del Norte,2021-05-10,25,15371,3,5248,18,9437,4,686,15,1792,10,7104,19,8896,California
Del Norte,2021-05-11,168,15539,49,5297,117,9554,2,688,31,1688,137,7241,33,8929,California
Del Norte,2021-05-12,147,15686,23,5320,114,9668,10,698,26,1604,120,7361,36,8965,California
Del Norte,2021-05-13,54,15740,29,5349,25,9693,0,698,31,1612,23,7384,31,8996,California
Del Norte,2021-05-14,69,15809,23,5372,45,9738,1,699,36,1616,33,7417,37,9033,California
Del Norte,2021-05-15,14,15823,12,5384,1,9739,1,700,1,1605,13,7430,2,9035,California
Del Norte,2021-05-16,5,15828,0,5384,5,9744,0,700,5,1610,0,7430,5,9040,California
El Dorado,2020-12-15,12,12,12,12,0,0,0,0,12,12,0,0,12,12,California
El Dorado,2020-12-16,40,52,40,52,0,0,0,0,40,52,0,0,40,52,California
El Dorado,2020-12-17,31,83,31,83,0,0,0,0,31,83,0,0,31,83,California
El Dorado,2020-12-18,236,319,236,319,0,0,0,0,236,319,0,0,236,319,California
El Dorado,2020-12-19,116,435,116,435,0,0,0,0,116,435,0,0,116,435,California
El Dorado,2020-12-20,85,520,85,520,0,0,0,0,85,520,0,0,85,520,California
El Dorado,2020-12-21,309,829,308,828,1,1,0,0,309,829,0,0,309,829,California
El Dorado,2020-12-22,238,1067,214,1042,24,25,0,0,238,1067,0,0,238,1067,California
El Dorado,2020-12-23,189,1256,140,1182,49,74,0,0,189,1256,0,0,189,1256,California
El Dorado,2020-12-24,87,1343,66,1248,21,95,0,0,87,1343,0,0,87,1343,California
El Dorado,2020-12-25,8,1351,8,1256,0,95,0,0,8,1351,0,0,8,1351,California
El Dorado,2020-12-26,44,1395,26,1282,18,113,0,0,44,1395,0,0,44,1395,California
El Dorado,2020-12-27,37,1432,33,1315,4,117,0,0,37,1432,0,0,37,1432,California
El Dorado,2020-12-28,215,1647,168,1483,47,164,0,0,215,1647,0,0,215,1647,California
El Dorado,2020-12-29,459,2106,142,1625,317,481,0,0,459,2106,0,0,459,2106,California
El Dorado,2020-12-30,506,2612,136,1761,370,851,0,0,506,2612,0,0,506,2612,California
El Dorado,2020-12-31,110,2722,70,1831,40,891,0,0,110,2722,0,0,110,2722,California
El Dorado,2021-01-01,7,2729,4,1835,3,894,0,0,7,2729,0,0,7,2729,California
El Dorado,2021-01-02,153,2882,141,1976,12,906,0,0,153,2882,0,0,153,2882,California
El Dorado,2021-01-03,92,2974,17,1993,75,981,0,0,92,2974,0,0,92,2974,California
El Dorado,2021-01-04,190,3164,62,2055,128,1109,0,0,190,3164,0,0,190,3164,California
El Dorado,2021-01-05,208,3372,51,2106,157,1266,0,0,192,3340,16,16,192,3356,California
El Dorado,2021-01-06,261,3633,189,2295,72,1338,0,0,197,3473,64,80,197,3553,California
El Dorado,2021-01-07,330,3963,136,2431,194,1532,0,0,259,3661,71,151,259,3812,California
El Dorado,2021-01-08,977,4940,502,2933,475,2007,0,0,774,4233,203,354,775,4587,California
El Dorado,2021-01-09,193,5133,156,3089,37,2044,0,0,125,4290,68,422,125,4712,California
El Dorado,2021-01-10,180,5313,129,3218,51,2095,0,0,110,4331,70,492,111,4823,California
El Dorado,2021-01-11,659,5972,293,3511,366,2461,0,0,459,4592,199,691,460,5283,California
El Dorado,2021-01-12,698,6670,423,3934,275,2736,0,0,449,4792,249,940,449,5732,California
El Dorado,2021-01-13,700,7370,296,4230,404,3140,0,0,539,5170,161,1101,539,6271,California
El Dorado,2021-01-14,694,8064,220,4450,474,3614,0,0,599,5674,95,1196,599,6870,California
El Dorado,2021-01-15,686,8750,185,4635,501,4115,0,0,614,6216,72,1268,614,7484,California
El Dorado,2021-01-16,173,8923,104,4739,69,4184,0,0,146,6335,27,1295,146,7630,California
El Dorado,2021-01-17,100,9023,47,4786,53,4237,0,0,83,6401,17,1312,83,7713,California
El Dorado,2021-01-18,423,9446,140,4926,283,4520,0,0,354,6686,69,1381,354,8067,California
El Dorado,2021-01-19,655,10101,355,5281,300,4820,0,0,505,7042,150,1531,506,8573,California
El Dorado,2021-01-20,1012,11113,687,5968,325,5145,0,0,901,7833,110,1641,901,9474,California
El Dorado,2021-01-21,1162,12275,576,6544,586,5731,0,0,954,8620,167,1808,954,10428,California
El Dorado,2021-01-22,1108,13383,713,7257,395,6126,0,0,1054,9621,53,1861,1054,11482,California
El Dorado,2021-01-23,738,14121,617,7874,121,6247,0,0,627,10137,111,1972,627,12109,California
El Dorado,2021-01-24,126,14247,76,7950,50,6297,0,0,107,10225,19,1991,107,12216,California
El Dorado,2021-01-25,612,14859,206,8156,406,6703,0,0,524,10661,88,2079,524,12740,California
El Dorado,2021-01-26,676,15535,366,8522,310,7013,0,0,572,11130,104,2183,573,13313,California
El Dorado,2021-01-27,987,16522,388,8910,599,7612,0,0,650,11442,338,2521,650,13963,California
El Dorado,2021-01-28,1107,17629,453,9363,654,8266,0,0,746,11827,361,2882,746,14709,California
El Dorado,2021-01-29,976,18605,490,9853,486,8752,0,0,746,12345,229,3111,747,15456,California
El Dorado,2021-01-30,611,19216,359,10212,252,9004,0,0,451,12636,160,3271,451,15907,California
El Dorado,2021-01-31,210,19426,189,10401,21,9025,0,0,181,12788,29,3300,181,16088,California
El Dorado,2021-02-01,796,20222,367,10768,429,9454,0,0,652,13296,144,3444,652,16740,California
El Dorado,2021-02-02,839,21061,368,11136,471,9925,0,0,675,13807,164,3608,675,17415,California
El Dorado,2021-02-03,900,21961,475,11611,425,10350,0,0,688,14283,212,3820,688,18103,California
El Dorado,2021-02-04,1267,23228,724,12335,543,10893,0,0,871,14759,395,4215,871,18974,California
El Dorado,2021-02-05,1484,24712,597,12932,887,11780,0,0,868,15046,581,4796,868,19842,California
El Dorado,2021-02-06,640,25352,335,13267,305,12085,0,0,530,15467,110,4906,531,20373,California
El Dorado,2021-02-07,258,25610,176,13443,82,12167,0,0,194,15597,64,4970,194,20567,California
El Dorado,2021-02-08,882,26492,417,13860,465,12632,0,0,608,15931,274,5244,608,21175,California
El Dorado,2021-02-09,912,27404,489,14349,423,13055,0,0,488,15995,424,5668,488,21663,California
El Dorado,2021-02-10,1257,28661,736,15085,521,13576,0,0,665,16069,591,6259,665,22328,California
El Dorado,2021-02-11,2154,30815,891,15976,1263,14839,0,0,960,15839,1191,7450,961,23289,California
El Dorado,2021-02-12,1573,32388,827,16803,746,15585,0,0,679,15626,893,8343,680,23969,California
El Dorado,2021-02-13,978,33366,668,17471,310,15895,0,0,434,15519,541,8884,434,24403,California
El Dorado,2021-02-14,486,33852,155,17626,331,16226,0,0,400,15833,86,8970,400,24803,California
El Dorado,2021-02-15,1182,35034,385,18011,797,17023,0,0,823,16300,359,9329,826,25629,California
El Dorado,2021-02-16,1204,36238,532,18543,672,17695,0,0,678,16454,525,9854,679,26308,California
El Dorado,2021-02-17,907,37145,376,18919,531,18226,0,0,419,16387,488,10342,421,26729,California
El Dorado,2021-02-18,2084,39229,1012,19931,1072,19298,0,0,1344,16992,739,11081,1344,28073,California
El Dorado,2021-02-19,1171,40400,604,20535,567,19865,0,0,649,17120,521,11602,649,28722,California
El Dorado,2021-02-20,924,41324,440,20975,484,20349,0,0,672,17546,246,11848,672,29394,California
El Dorado,2021-02-21,284,41608,227,21202,57,20406,0,0,100,17463,183,12031,100,29494,California
El Dorado,2021-02-22,870,42478,435,21637,435,20841,0,0,284,17162,585,12616,284,29778,California
El Dorado,2021-02-23,845,43323,473,22110,372,21213,0,0,348,17014,496,13112,348,30126,California
El Dorado,2021-02-24,1027,44350,438,22548,589,21802,0,0,428,16844,599,13711,429,30555,California
El Dorado,2021-02-25,1649,45999,898,23446,751,22553,0,0,716,16635,927,14638,718,31273,California
El Dorado,2021-02-26,2355,48354,1481,24927,874,23427,0,0,1589,17461,763,15401,1589,32862,California
El Dorado,2021-02-27,1661,50015,439,25366,1222,24649,0,0,1221,18245,437,15838,1221,34083,California
El Dorado,2021-02-28,591,50606,205,25571,386,25035,0,0,437,18529,154,15992,438,34521,California
El Dorado,2021-03-01,1138,51744,453,26024,684,25719,1,1,627,18649,508,16500,628,35149,California
El Dorado,2021-03-02,919,52663,266,26290,653,26372,0,1,480,18692,437,16937,480,35629,California
El Dorado,2021-03-03,1684,54347,462,26752,1222,27594,0,1,1151,19319,526,17463,1153,36782,California
El Dorado,2021-03-04,2513,56860,1550,28302,963,28557,0,1,1219,19247,1291,18754,1219,38001,California
El Dorado,2021-03-05,1578,58438,424,28726,1149,29706,5,6,1043,19766,529,19283,1048,39049,California
El Dorado,2021-03-06,739,59177,210,28936,494,30200,35,41,391,19844,348,19631,426,39475,California
El Dorado,2021-03-07,406,59583,198,29134,190,30390,18,59,242,19942,162,19793,260,39735,California
El Dorado,2021-03-08,1329,60912,366,29500,891,31281,72,131,859,20405,467,20260,930,40665,California
El Dorado,2021-03-09,982,61894,226,29726,689,31970,67,198,582,20670,384,20644,649,41314,California
El Dorado,2021-03-10,947,62841,343,30069,548,32518,56,254,546,20876,395,21039,601,41915,California
El Dorado,2021-03-11,3019,65860,1834,31903,1003,33521,182,436,1375,20807,1625,22664,1556,43471,California
El Dorado,2021-03-12,1779,67639,620,32523,913,34434,246,682,744,20779,1018,23682,990,44461,California
El Dorado,2021-03-13,1065,68704,344,32867,438,34872,283,965,374,20746,688,24370,655,45116,California
El Dorado,2021-03-14,794,69498,208,33075,474,35346,112,1077,279,20622,515,24885,391,45507,California
El Dorado,2021-03-15,1402,70900,303,33378,973,36319,126,1203,613,20577,785,25670,740,46247,California
El Dorado,2021-03-16,1215,72115,409,33787,662,36981,144,1347,571,20654,638,26308,715,46962,California
El Dorado,2021-03-17,1111,73226,350,34137,667,37648,94,1441,726,21089,385,26693,820,47782,California
El Dorado,2021-03-18,2996,76222,1772,35909,1179,38827,45,1486,1996,22138,992,27685,2041,49823,California
El Dorado,2021-03-19,1114,77336,363,36272,606,39433,145,1631,639,22447,475,28160,784,50607,California
El Dorado,2021-03-20,950,78286,270,36542,663,40096,17,1648,369,22264,569,28729,386,50993,California
El Dorado,2021-03-21,1025,79311,418,36960,602,40698,5,1653,935,23116,88,28817,940,51933,California
El Dorado,2021-03-22,1504,80815,489,37449,933,41631,82,1735,1193,24085,306,29123,1275,53208,California
El Dorado,2021-03-23,1142,81957,449,37898,601,42232,92,1827,731,24509,399,29522,823,54031,California
El Dorado,2021-03-24,1455,83412,621,38519,638,42870,196,2023,663,24604,764,30286,859,54890,California
El Dorado,2021-03-25,2507,85919,1683,40202,721,43591,103,2126,1383,24972,1118,31404,1486,56376,California
El Dorado,2021-03-26,1819,87738,697,40899,1012,44603,110,2236,947,25180,850,32254,1058,57434,California
El Dorado,2021-03-27,1315,89053,188,41087,1123,45726,4,2240,334,24543,975,33229,338,57772,California
El Dorado,2021-03-28,634,89687,182,41269,443,46169,9,2249,203,24329,427,33656,213,57985,California
El Dorado,2021-03-29,1316,91003,431,41700,869,47038,16,2265,827,24686,486,34142,843,58828,California
El Dorado,2021-03-30,1362,92365,411,42111,858,47896,93,2358,688,24799,666,34808,779,59607,California
El Dorado,2021-03-31,1558,93923,582,42693,913,48809,63,2421,700,24704,856,35664,761,60368,California
El Dorado,2021-04-01,3232,97155,1766,44459,1383,50192,83,2504,1535,24629,1695,37359,1620,61988,California
El Dorado,2021-04-02,1883,99038,561,45020,1227,51419,95,2599,749,24345,1128,38487,844,62832,California
El Dorado,2021-04-03,748,99786,294,45314,333,51752,121,2720,229,24177,517,39004,349,63181,California
El Dorado,2021-04-04,271,100057,85,45399,139,51891,47,2767,98,24150,172,39176,145,63326,California
El Dorado,2021-04-05,1417,101474,424,45823,899,52790,94,2861,587,24005,825,40001,680,64006,California
El Dorado,2021-04-06,1413,102887,523,46346,668,53458,222,3083,452,23719,958,40959,672,64678,California
El Dorado,2021-04-07,1577,104464,554,46900,576,54034,447,3530,556,23701,1018,41977,1000,65678,California
El Dorado,2021-04-08,2664,107128,1716,48616,713,54747,235,3765,1108,23495,1547,43524,1341,67019,California
El Dorado,2021-04-09,1422,108550,450,49066,752,55499,220,3985,568,23428,851,44375,784,67803,California
El Dorado,2021-04-10,818,109368,224,49290,484,55983,110,4095,472,23666,343,44718,581,68384,California
El Dorado,2021-04-11,703,110071,454,49744,233,56216,16,4111,208,23396,494,45212,224,68608,California
El Dorado,2021-04-12,1276,111347,498,50242,630,56846,148,4259,558,23390,711,45923,705,69313,California
El Dorado,2021-04-13,1118,112465,607,50849,511,57357,0,4259,511,23298,603,46526,511,69824,California
El Dorado,2021-04-14,1086,113551,459,51308,626,57983,1,4260,387,23000,686,47212,388,70212,California
El Dorado,2021-04-15,2494,116045,1673,52981,821,58804,0,4260,960,22430,1531,48743,961,71173,California
El Dorado,2021-04-16,1471,117516,519,53500,952,59756,0,4260,609,22182,858,49601,610,71783,California
El Dorado,2021-04-17,786,118302,200,53700,586,60342,0,4260,486,22371,297,49898,486,72269,California
El Dorado,2021-04-18,998,119300,88,53788,910,61252,0,4260,402,22178,595,50493,402,72671,California
El Dorado,2021-04-19,1713,121013,437,54225,1276,62528,0,4260,690,21851,1017,51510,690,73361,California
El Dorado,2021-04-20,1109,122122,358,54583,751,63279,0,4260,460,21667,644,52154,460,73821,California
El Dorado,2021-04-21,1151,123273,463,55046,684,63963,4,4264,586,21696,558,52712,587,74408,California
El Dorado,2021-04-22,2549,125822,1681,56727,868,64831,0,4264,1069,21287,1478,54190,1069,75477,California
El Dorado,2021-04-23,1403,127225,497,57224,906,65737,0,4264,715,21318,685,54875,716,76193,California
El Dorado,2021-04-24,964,128189,512,57736,452,66189,0,4264,733,21822,229,55104,733,76926,California
El Dorado,2021-04-25,651,128840,447,58183,204,66393,0,4264,463,22097,188,55292,463,77389,California
El Dorado,2021-04-26,1129,129969,447,58630,666,67059,16,4280,530,22045,598,55890,546,77935,California
El Dorado,2021-04-27,1047,131016,373,59003,646,67705,28,4308,471,21974,570,56460,499,78434,California
El Dorado,2021-04-28,1030,132046,346,59349,644,68349,40,4348,401,21787,628,57088,441,78875,California
El Dorado,2021-04-29,1931,133977,1306,60655,593,68942,32,4380,541,20973,1387,58475,573,79448,California
El Dorado,2021-04-30,2116,136093,1327,61982,748,69690,41,4421,1358,21626,745,59220,1398,80846,California
El Dorado,2021-05-01,615,136708,282,62264,306,69996,27,4448,277,21599,331,59551,304,81150,California
El Dorado,2021-05-02,298,137006,212,62476,57,70053,29,4477,101,21534,194,59745,129,81279,California
El Dorado,2021-05-03,820,137826,402,62878,368,70421,50,4527,275,21318,543,60288,327,81606,California
El Dorado,2021-05-04,877,138703,432,63310,387,70808,58,4585,309,21121,564,60852,367,81973,California
El Dorado,2021-05-05,872,139575,430,63740,369,71177,73,4658,414,21152,456,61308,487,82460,California
El Dorado,2021-05-06,1111,140686,481,64221,583,71760,47,4705,475,21038,632,61940,518,82978,California
El Dorado,2021-05-07,976,141662,371,64592,547,72307,58,4763,400,20919,576,62516,457,83435,California
El Dorado,2021-05-08,484,142146,147,64739,299,72606,38,4801,186,20847,296,62812,224,83659,California
El Dorado,2021-05-09,217,142363,78,64817,112,72718,27,4828,100,20858,116,62928,127,83786,California
El Dorado,2021-05-10,827,143190,274,65091,494,73212,59,4887,241,20580,576,63504,298,84084,California
El Dorado,2021-05-11,662,143852,286,65377,322,73534,54,4941,291,20558,368,63872,346,84430,California
El Dorado,2021-05-12,587,144439,316,65693,237,73771,34,4975,237,20480,350,64222,272,84702,California
El Dorado,2021-05-13,1117,145556,716,66409,364,74135,37,5012,373,20149,740,64962,409,85111,California
El Dorado,2021-05-14,1193,146749,668,67077,446,74581,79,5091,541,20123,646,65608,620,85731,California
El Dorado,2021-05-15,384,147133,135,67212,202,74783,47,5138,146,20079,237,65845,193,85924,California
El Dorado,2021-05-16,98,147231,56,67268,40,74823,2,5140,19,20021,79,65924,21,85945,California
Fresno,2020-12-15,2,2,2,2,0,0,0,0,2,2,0,0,2,2,California
Fresno,2020-12-16,121,123,121,123,0,0,0,0,121,123,0,0,121,123,California
Fresno,2020-12-17,121,244,121,244,0,0,0,0,121,244,0,0,121,244,California
Fresno,2020-12-18,344,588,344,588,0,0,0,0,344,588,0,0,344,588,California
Fresno,2020-12-19,159,747,159,747,0,0,0,0,159,747,0,0,159,747,California
Fresno,2020-12-20,258,1005,256,1003,2,2,0,0,258,1005,0,0,258,1005,California
Fresno,2020-12-21,926,1931,925,1928,1,3,0,0,957,1962,0,0,957,1962,California
Fresno,2020-12-22,902,2833,873,2801,29,32,0,0,906,2868,0,0,906,2868,California
Fresno,2020-12-23,1087,3920,1046,3847,41,73,0,0,1088,3956,0,0,1088,3956,California
Fresno,2020-12-24,583,4503,563,4410,20,93,0,0,583,4539,0,0,583,4539,California
Fresno,2020-12-25,2,4505,1,4411,1,94,0,0,2,4541,0,0,2,4541,California
Fresno,2020-12-26,723,5228,714,5125,9,103,0,0,723,5264,0,0,723,5264,California
Fresno,2020-12-27,300,5528,204,5329,96,199,0,0,300,5564,0,0,300,5564,California
Fresno,2020-12-28,1065,6593,777,6106,288,487,0,0,1066,6630,0,0,1066,6630,California
Fresno,2020-12-29,1782,8375,1037,7143,745,1232,0,0,1780,8409,1,1,1780,8410,California
Fresno,2020-12-30,987,9362,479,7622,508,1740,0,0,987,9396,0,1,987,9397,California
Fresno,2020-12-31,899,10261,309,7931,590,2330,0,0,898,10294,0,1,898,10295,California
Fresno,2021-01-01,9,10270,3,7934,6,2336,0,0,9,10303,0,1,9,10304,California
Fresno,2021-01-02,1030,11300,717,8651,313,2649,0,0,1030,11333,0,1,1030,11334,California
Fresno,2021-01-03,153,11453,128,8779,25,2674,0,0,153,11486,0,1,153,11487,California
Fresno,2021-01-04,619,12072,376,9155,243,2917,0,0,619,12105,0,1,619,12106,California
Fresno,2021-01-05,779,12851,311,9466,468,3385,0,0,705,12736,74,75,705,12811,California
Fresno,2021-01-06,979,13830,346,9812,633,4018,0,0,807,13371,172,247,807,13618,California
Fresno,2021-01-07,1889,15719,916,10728,973,4991,0,0,1635,14755,254,501,1638,15256,California
Fresno,2021-01-08,1788,17507,614,11342,1174,6165,0,0,1424,15817,362,863,1424,16680,California
Fresno,2021-01-09,630,18137,388,11730,242,6407,0,0,355,15897,275,1138,355,17035,California
Fresno,2021-01-10,517,18654,487,12217,30,6437,0,0,204,15788,313,1451,204,17239,California
Fresno,2021-01-11,2206,20860,1798,14015,408,6845,0,0,1513,16611,693,2144,1516,18755,California
Fresno,2021-01-12,2529,23389,1830,15845,699,7544,0,0,1680,17442,851,2995,1682,20437,California
Fresno,2021-01-13,3538,26927,2421,18266,1117,8661,0,0,2680,19267,858,3853,2683,23120,California
Fresno,2021-01-14,4156,31083,2201,20467,1955,10616,0,0,3685,22482,470,4323,3685,26805,California
Fresno,2021-01-15,3651,34734,2530,22997,1121,11737,0,0,3294,25423,357,4680,3298,30103,California
Fresno,2021-01-16,3153,37887,2310,25307,843,12580,0,0,2688,27648,464,5144,2689,32792,California
Fresno,2021-01-17,979,38866,558,25865,421,13001,0,0,781,28231,198,5342,781,33573,California
Fresno,2021-01-18,3077,41943,2370,28235,707,13708,0,0,2411,29980,664,6006,2413,35986,California
Fresno,2021-01-19,4406,46349,2614,30849,1792,15500,0,0,3697,32972,709,6715,3701,39687,California
Fresno,2021-01-20,3022,49371,1211,32060,1811,17311,0,0,2698,35351,322,7037,2701,42388,California
Fresno,2021-01-21,4389,53760,2031,34091,2358,19669,0,0,4034,39058,333,7370,4040,46428,California
Fresno,2021-01-22,3314,57074,1348,35439,1966,21635,0,0,2919,41600,378,7748,2920,49348,California
Fresno,2021-01-23,3045,60119,1971,37410,1074,22709,0,0,2321,43205,723,8471,2328,51676,California
Fresno,2021-01-24,553,60672,373,37783,180,22889,0,0,348,43351,205,8676,351,52027,California
Fresno,2021-01-25,2346,63018,867,38650,1479,24368,0,0,1856,44721,490,9166,1860,53887,California
Fresno,2021-01-26,2023,65041,584,39234,1439,25807,0,0,1312,45325,709,9875,1313,55200,California
Fresno,2021-01-27,2284,67325,1166,40400,1118,26925,0,0,1753,46552,529,10404,1756,56956,California
Fresno,2021-01-28,4508,71833,3066,43466,1442,28367,0,0,3483,49017,1021,11425,3486,60442,California
Fresno,2021-01-29,1707,73540,983,44449,724,29091,0,0,1409,50132,295,11720,1410,61852,California
Fresno,2021-01-30,1453,74993,552,45001,901,29992,0,0,1035,50749,418,12138,1035,62887,California
Fresno,2021-01-31,227,75220,218,45219,9,30001,0,0,73,50668,154,12292,73,62960,California
Fresno,2021-02-01,3344,78564,1670,46889,1674,31675,0,0,1786,50915,1557,13849,1804,64764,California
Fresno,2021-02-02,2724,81288,554,47443,2170,33845,0,0,1581,51384,1128,14977,1597,66361,California
Fresno,2021-02-03,3551,84839,2099,49542,1452,35297,0,0,1533,50917,2001,16978,1534,67895,California
Fresno,2021-02-04,4199,89038,1898,51440,2301,37598,0,0,1931,50615,2238,19216,1936,69831,California
Fresno,2021-02-05,5337,94375,2725,54165,2612,40210,0,0,2309,49905,3023,22239,2313,72144,California
Fresno,2021-02-06,2937,97312,2048,56213,889,41099,0,0,977,48926,1957,24196,978,73122,California
Fresno,2021-02-07,470,97782,289,56502,181,41280,0,0,275,49007,194,24390,275,73397,California
Fresno,2021-02-08,4278,102060,2292,58794,1986,43266,0,0,1813,48388,2441,26831,1822,75219,California
Fresno,2021-02-09,5335,107395,2087,60881,3248,46514,0,0,3118,49373,2142,28973,3127,78346,California
Fresno,2021-02-10,3888,111283,1236,62117,2652,49166,0,0,1994,49541,1838,30811,2006,80352,California
Fresno,2021-02-11,6459,117742,2097,64214,4362,53528,0,0,3364,49831,3079,33890,3369,83721,California
Fresno,2021-02-12,5393,123135,1384,65598,4009,57537,0,0,2743,49951,2630,36520,2750,86471,California
Fresno,2021-02-13,3748,126883,1558,67156,2190,59727,0,0,2094,50409,1642,38162,2100,88571,California
Fresno,2021-02-14,1563,128446,283,67439,1280,61007,0,0,849,50546,714,38876,851,89422,California
Fresno,2021-02-15,2892,131338,272,67711,2620,63627,0,0,1787,51236,1101,39977,1791,91213,California
Fresno,2021-02-16,6699,138037,2407,70118,4292,67919,0,0,4254,53069,2427,42404,4260,95473,California
Fresno,2021-02-17,5345,143382,2457,72575,2888,70807,0,0,2986,53746,2314,44718,2991,98464,California
Fresno,2021-02-18,6866,150248,2905,75480,3961,74768,0,0,2572,52084,4244,48962,2582,101046,California
Fresno,2021-02-19,3842,154090,1104,76584,2738,77506,0,0,1835,51925,1997,50959,1838,102884,California
Fresno,2021-02-20,4545,158635,2502,79086,2043,79549,0,0,3064,53521,1474,52433,3070,105954,California
Fresno,2021-02-21,194,158829,175,79261,19,79568,0,0,131,53602,50,52483,131,106085,California
Fresno,2021-02-22,2249,161078,1008,80269,1241,80809,0,0,1240,53845,999,53482,1242,107327,California
Fresno,2021-02-23,4671,165749,2247,82516,2424,83233,0,0,3796,56780,863,54345,3798,111125,California
Fresno,2021-02-24,4199,169948,1501,84017,2698,85931,0,0,3447,59488,740,55085,3448,114573,California
Fresno,2021-02-25,8685,178633,3709,87726,4976,90907,0,0,7197,65269,1424,56509,7205,121778,California
Fresno,2021-02-26,8719,187352,3408,91134,5311,96218,0,0,7419,71419,1275,57784,7425,129203,California
Fresno,2021-02-27,6322,193674,2224,93358,4098,100316,0,0,5628,76368,680,58464,5629,134832,California
Fresno,2021-02-28,1653,195327,535,93893,1118,101434,0,0,1562,77853,78,58542,1563,136395,California
Fresno,2021-03-01,4954,200281,1315,95208,3639,105073,0,0,3637,80187,1307,59849,3641,140036,California
Fresno,2021-03-02,8686,208967,2325,97533,6361,111434,0,0,7312,86171,1350,61199,7334,147370,California
Fresno,2021-03-03,6893,215860,1692,99225,5200,116634,1,1,5879,91163,1002,62201,5994,153364,California
Fresno,2021-03-04,8665,224525,2556,101781,6109,122743,0,1,7130,96795,1506,63707,7138,160502,California
Fresno,2021-03-05,8081,232606,2718,104499,5361,128104,2,3,7052,103028,896,64603,7129,167631,California
Fresno,2021-03-06,6524,239130,3550,108049,2856,130960,118,121,5564,107761,953,65556,5686,173317,California
Fresno,2021-03-07,1484,240614,679,108728,769,131729,36,157,1254,108824,228,65784,1291,174608,California
Fresno,2021-03-08,5087,245701,2023,110751,2911,134640,153,310,3906,111722,1172,66956,4070,178678,California
Fresno,2021-03-09,7208,252909,2441,113192,4497,139137,270,580,4001,112839,3189,70145,4306,182984,California
Fresno,2021-03-10,6645,259554,2762,115954,3490,142627,393,973,5239,117084,1397,71542,5642,188626,California
Fresno,2021-03-11,11465,271019,4561,120515,6338,148965,566,1539,6216,118738,5204,76746,6858,195484,California
Fresno,2021-03-12,11772,282791,5030,125545,6289,155254,453,1992,8770,125118,2984,79730,9364,204848,California
Fresno,2021-03-13,8180,290971,3906,129451,3242,158496,1032,3024,3923,125909,4235,83965,5026,209874,California
Fresno,2021-03-14,1762,292733,472,129923,1000,159496,290,3314,661,125769,1090,85055,950,210824,California
Fresno,2021-03-15,7083,299816,3150,133073,3762,163258,171,3485,4912,128883,2155,87210,5269,216093,California
Fresno,2021-03-16,10103,309919,4431,137504,5277,168535,395,3880,5368,130041,4701,91911,5859,221952,California
Fresno,2021-03-17,8605,318524,3884,141388,4029,172564,692,4572,5821,134172,2763,94674,6894,228846,California
Fresno,2021-03-18,12279,330803,6580,147968,5067,177631,632,5204,6956,136912,5272,99946,8012,236858,California
Fresno,2021-03-19,10909,341712,5646,153614,4649,182280,614,5818,7147,141235,3733,103679,8056,244914,California
Fresno,2021-03-20,7391,349103,4427,158041,2652,184932,312,6130,4498,143453,2868,106547,5086,250000,California
Fresno,2021-03-21,1777,350880,1204,159245,203,185135,370,6500,961,143973,812,107359,1332,251332,California
Fresno,2021-03-22,5651,356531,2890,162135,2166,187301,595,7095,3837,146807,1798,109157,4632,255964,California
Fresno,2021-03-23,10536,367067,5242,167377,4801,192102,493,7588,6039,149291,4476,113633,6960,262924,California
Fresno,2021-03-24,8717,375784,3734,171111,4155,196257,828,8416,4830,151149,3852,117485,5710,268634,California
Fresno,2021-03-25,12070,387854,5579,176690,5708,201965,783,9199,6167,152321,5858,123343,7030,275664,California
Fresno,2021-03-26,12051,399905,5340,182030,6066,208031,645,9844,5268,151524,6732,130075,5935,281599,California
Fresno,2021-03-27,9379,409284,4138,186168,4158,212189,1083,10927,2932,149135,6410,136485,4021,285620,California
Fresno,2021-03-28,3378,412662,1293,187461,1397,213586,688,11615,1266,149262,2104,138589,2231,287851,California
Fresno,2021-03-29,5979,418641,1980,189441,3455,217041,544,12159,2885,149636,3069,141658,3443,291294,California
Fresno,2021-03-30,10801,429442,4220,193661,5694,222735,887,13046,4450,148648,6325,147983,5337,296631,California
Fresno,2021-03-31,9366,438808,3327,196988,5055,227790,984,14030,3803,147908,5524,153507,4784,301415,California
Fresno,2021-04-01,11735,450543,4090,201078,6784,234574,861,14891,3934,144966,7700,161207,4758,306173,California
Fresno,2021-04-02,11631,462174,4432,205510,6413,240987,786,15677,4216,142717,7260,168467,5011,311184,California
Fresno,2021-04-03,6242,468416,3398,208908,2590,243577,254,15931,2210,141207,4017,172484,2507,313691,California
Fresno,2021-04-04,1488,469904,534,209442,910,244487,44,15975,556,140883,924,173408,600,314291,California
Fresno,2021-04-05,8298,478202,4468,213910,3033,247520,797,16772,2529,138522,5754,179162,3393,317684,California
Fresno,2021-04-06,9562,487764,4019,217929,4369,251889,1174,17946,3614,137416,5911,185073,4805,322489,California
Fresno,2021-04-07,10322,498086,5313,223242,3819,255708,1190,19136,3565,135482,6716,191789,4782,327271,California
Fresno,2021-04-08,10827,508913,5130,228372,4552,260260,1145,20281,3508,132903,7274,199063,4695,331966,California
Fresno,2021-04-09,11096,520009,5299,233671,4421,264681,1376,21657,3621,130488,7435,206498,5020,336986,California
Fresno,2021-04-10,7871,527880,5159,238830,2191,266872,521,22178,3746,130640,4114,210612,4266,341252,California
Fresno,2021-04-11,1388,529268,929,239759,370,267242,89,22267,449,130245,934,211546,539,341791,California
Fresno,2021-04-12,7145,536413,3770,243529,2459,269701,916,23183,2328,128692,4796,216342,3243,345034,California
Fresno,2021-04-13,8913,545326,4241,247770,4602,274303,70,23253,3502,126979,5376,221718,3663,348697,California
Fresno,2021-04-14,9289,554615,5578,253348,3710,278013,1,23254,3729,125235,5520,227238,3776,352473,California
Fresno,2021-04-15,8112,562727,3914,257262,4195,282208,3,23257,3141,123437,4945,232183,3147,355620,California
Fresno,2021-04-16,9345,572072,4626,261888,4717,286925,2,23259,3893,121922,5415,237598,3900,359520,California
Fresno,2021-04-17,5570,577642,3729,265617,1840,288765,1,23260,2707,121786,2846,240444,2710,362230,California
Fresno,2021-04-18,1023,578665,557,266174,466,289231,0,23260,476,121719,543,240987,476,362706,California
Fresno,2021-04-19,5515,584180,3025,269199,2486,291717,4,23264,2261,120774,3213,244200,2268,364974,California
Fresno,2021-04-20,6830,591010,3322,272521,3500,295217,8,23272,2549,119074,4258,248458,2558,367532,California
Fresno,2021-04-21,6259,597269,3411,275932,2839,298056,9,23281,2573,118010,3649,252107,2585,370117,California
Fresno,2021-04-22,6327,603596,3139,279071,3187,301243,1,23282,2336,116411,3939,256046,2340,372457,California
Fresno,2021-04-23,7019,610615,3766,282837,3235,304478,18,23300,2719,114875,4261,260307,2725,375182,California
Fresno,2021-04-24,4155,614770,2482,285319,1673,306151,0,23300,1956,114646,2185,262492,1956,377138,California
Fresno,2021-04-25,1382,616152,567,285886,813,306964,2,23302,694,114657,684,263176,695,377833,California
Fresno,2021-04-26,3916,620068,1963,287849,1910,308874,43,23345,1658,114123,2233,265409,1699,379532,California
Fresno,2021-04-27,4518,624586,2286,290135,2122,310996,110,23455,1781,113297,2717,268126,1891,381423,California
Fresno,2021-04-28,4699,629285,2623,292758,1949,312945,127,23582,1920,112585,2759,270885,2047,383470,California
Fresno,2021-04-29,4718,634003,2645,295403,1941,314886,132,23714,1738,111504,2951,273836,1870,385340,California
Fresno,2021-04-30,5306,639309,3227,298630,1949,316835,130,23844,2097,110554,3176,277012,2226,387566,California
Fresno,2021-05-01,4179,643488,3466,302096,577,317412,136,23980,1212,108948,2953,279965,1347,388913,California
Fresno,2021-05-02,1241,644729,776,302872,414,317826,51,24031,600,108968,630,280595,650,389563,California
Fresno,2021-05-03,3976,648705,2675,305547,1116,318942,185,24216,1308,107815,2642,283237,1489,391052,California
Fresno,2021-05-04,4685,653390,2373,307920,2164,321106,148,24364,1515,106330,3150,286387,1665,392717,California
Fresno,2021-05-05,4759,658149,2834,310754,1700,322806,225,24589,1458,104728,3278,289665,1676,394393,California
Fresno,2021-05-06,3977,662126,2401,313155,1471,324277,105,24694,1336,103553,2616,292281,1441,395834,California
Fresno,2021-05-07,4931,667057,3235,316390,1536,325813,160,24854,1525,101851,3385,295666,1683,397517,California
Fresno,2021-05-08,3880,670937,2485,318875,1251,327064,144,24998,1168,100471,2693,298359,1313,398830,California
Fresno,2021-05-09,706,671643,375,319250,287,327351,44,25042,345,100504,355,298714,388,399218,California
Fresno,2021-05-10,2934,674577,1593,320843,1201,328552,140,25182,929,99575,1998,300712,1069,400287,California
Fresno,2021-05-11,3562,678139,1840,322683,1634,330186,88,25270,1114,98343,2435,303147,1203,401490,California
Fresno,2021-05-12,3494,681633,2149,324832,1201,331387,144,25414,1225,97467,2246,305393,1370,402860,California
Fresno,2021-05-13,3558,685191,1925,326757,1531,332918,102,25516,1569,97186,1952,307345,1671,404531,California
Fresno,2021-05-14,4619,689810,2822,329579,1625,334543,172,25688,1937,96636,2655,310000,2105,406636,California
Fresno,2021-05-15,2282,692092,1694,331273,484,335027,104,25792,1129,96721,1147,311147,1232,407868,California
Fresno,2021-05-16,410,692502,249,331522,132,335159,29,25821,259,96857,151,311298,287,408155,California
Glenn,2020-12-17,1,1,1,1,0,0,0,0,1,1,0,0,1,1,California
Glenn,2020-12-19,1,2,1,2,0,0,0,0,1,2,0,0,1,2,California
Glenn,2020-12-20,1,3,1,3,0,0,0,0,1,3,0,0,1,3,California
Glenn,2020-12-21,11,14,11,14,0,0,0,0,11,14,0,0,11,14,California
Glenn,2020-12-22,59,73,59,73,0,0,0,0,59,73,0,0,59,73,California
Glenn,2020-12-23,27,100,27,100,0,0,0,0,27,100,0,0,27,100,California
Glenn,2020-12-24,9,109,9,109,0,0,0,0,9,109,0,0,9,109,California
Glenn,2020-12-26,2,111,2,111,0,0,0,0,2,111,0,0,2,111,California
Glenn,2020-12-27,4,115,4,115,0,0,0,0,4,115,0,0,4,115,California
Glenn,2020-12-28,21,136,21,136,0,0,0,0,21,136,0,0,21,136,California
Glenn,2020-12-29,82,218,82,218,0,0,0,0,82,218,0,0,82,218,California
Glenn,2020-12-30,129,347,106,324,23,23,0,0,129,347,0,0,129,347,California
Glenn,2020-12-31,38,385,9,333,29,52,0,0,38,385,0,0,38,385,California
Glenn,2021-01-02,2,387,2,335,0,52,0,0,2,387,0,0,2,387,California
Glenn,2021-01-04,7,394,5,340,2,54,0,0,7,394,0,0,7,394,California
Glenn,2021-01-05,9,403,8,348,1,55,0,0,9,403,0,0,9,403,California
Glenn,2021-01-06,60,463,8,356,52,107,0,0,60,463,0,0,60,463,California
Glenn,2021-01-07,67,530,12,368,55,162,0,0,65,526,2,2,65,528,California
Glenn,2021-01-08,12,542,9,377,3,165,0,0,12,538,0,2,12,540,California
Glenn,2021-01-10,1,543,1,378,0,165,0,0,0,537,1,3,0,540,California
Glenn,2021-01-11,30,573,30,408,0,165,0,0,12,531,18,21,12,552,California
Glenn,2021-01-12,42,615,37,445,5,170,0,0,14,517,28,49,14,566,California
Glenn,2021-01-13,152,767,87,532,65,235,0,0,108,581,44,93,108,674,California
Glenn,2021-01-14,185,952,96,628,89,324,0,0,175,746,10,103,175,849,California
Glenn,2021-01-15,42,994,34,662,8,332,0,0,37,778,5,108,37,886,California
Glenn,2021-01-16,34,1028,14,676,20,352,0,0,24,792,10,118,24,910,California
Glenn,2021-01-17,4,1032,2,678,2,354,0,0,2,792,2,120,2,912,California
Glenn,2021-01-18,17,1049,16,694,1,355,0,0,9,793,8,128,9,921,California
Glenn,2021-01-19,31,1080,20,714,11,366,0,0,14,790,17,145,14,935,California
Glenn,2021-01-20,163,1243,94,808,69,435,0,0,82,791,81,226,82,1017,California
Glenn,2021-01-21,124,1367,98,906,26,461,0,0,30,727,94,320,30,1047,California
Glenn,2021-01-22,339,1706,65,971,274,735,0,0,332,1052,7,327,332,1379,California
Glenn,2021-01-23,14,1720,7,978,7,742,0,0,12,1062,2,329,12,1391,California
Glenn,2021-01-24,2,1722,2,980,0,742,0,0,2,1064,0,329,2,1393,California
Glenn,2021-01-25,27,1749,9,989,18,760,0,0,24,1085,3,332,24,1417,California
Glenn,2021-01-26,29,1778,13,1002,16,776,0,0,23,1102,6,338,23,1440,California
Glenn,2021-01-27,188,1966,13,1015,175,951,0,0,166,1246,22,360,166,1606,California
Glenn,2021-01-28,146,2112,8,1023,138,1089,0,0,116,1332,30,390,116,1722,California
Glenn,2021-01-29,296,2408,12,1035,284,1373,0,0,282,1600,14,404,282,2004,California
Glenn,2021-01-30,4,2412,0,1035,4,1377,0,0,4,1604,0,404,4,2008,California
Glenn,2021-01-31,1,2413,0,1035,1,1378,0,0,1,1605,0,404,1,2009,California
Glenn,2021-02-01,28,2441,10,1045,18,1396,0,0,16,1609,12,416,16,2025,California
Glenn,2021-02-02,28,2469,13,1058,15,1411,0,0,19,1619,9,425,19,2044,California
Glenn,2021-02-03,206,2675,57,1115,149,1560,0,0,111,1636,95,520,112,2156,California
Glenn,2021-02-04,150,2825,84,1199,66,1626,0,0,45,1576,105,625,45,2201,California
Glenn,2021-02-05,319,3144,24,1223,295,1921,0,0,299,1855,20,645,299,2500,California
Glenn,2021-02-06,14,3158,2,1225,12,1933,0,0,13,1867,1,646,13,2513,California
Glenn,2021-02-07,2,3160,2,1227,0,1933,0,0,2,1869,0,646,2,2515,California
Glenn,2021-02-08,21,3181,17,1244,4,1937,0,0,4,1856,17,663,4,2519,California
Glenn,2021-02-09,49,3230,20,1264,29,1966,0,0,36,1879,13,676,36,2555,California
Glenn,2021-02-10,139,3369,19,1283,120,2086,0,0,65,1870,74,750,65,2620,California
Glenn,2021-02-11,233,3602,133,1416,100,2186,0,0,150,1937,83,833,150,2770,California
Glenn,2021-02-12,420,4022,99,1515,321,2507,0,0,354,2225,66,899,354,3124,California
Glenn,2021-02-13,34,4056,7,1522,27,2534,0,0,16,2223,18,917,16,3140,California
Glenn,2021-02-14,1,4057,0,1522,1,2535,0,0,1,2224,0,917,1,3141,California
Glenn,2021-02-15,8,4065,0,1522,8,2543,0,0,8,2232,0,917,8,3149,California
Glenn,2021-02-16,39,4104,9,1531,30,2573,0,0,21,2235,18,935,21,3170,California
Glenn,2021-02-17,380,4484,14,1545,366,2939,0,0,302,2459,78,1013,302,3472,California
Glenn,2021-02-18,135,4619,100,1645,35,2974,0,0,111,2546,24,1037,111,3583,California
Glenn,2021-02-19,303,4922,17,1662,286,3260,0,0,29,2301,274,1311,29,3612,California
Glenn,2021-02-20,8,4930,0,1662,8,3268,0,0,0,2293,8,1319,0,3612,California
Glenn,2021-02-21,1,4931,1,1663,0,3268,0,0,1,2294,0,1319,1,3613,California
Glenn,2021-02-22,33,4964,14,1677,19,3287,0,0,17,2295,16,1335,17,3630,California
Glenn,2021-02-23,40,5004,10,1687,30,3317,0,0,28,2311,12,1347,28,3658,California
Glenn,2021-02-24,229,5233,23,1710,206,3523,0,0,47,2176,182,1529,47,3705,California
Glenn,2021-02-25,262,5495,148,1858,114,3637,0,0,118,2158,136,1665,118,3823,California
Glenn,2021-02-26,304,5799,24,1882,280,3917,0,0,20,1895,283,1948,20,3843,California
Glenn,2021-02-27,15,5814,5,1887,10,3927,0,0,5,1891,9,1957,5,3848,California
Glenn,2021-02-28,6,5820,3,1890,3,3930,0,0,3,1892,2,1959,3,3851,California
Glenn,2021-03-01,28,5848,6,1896,22,3952,0,0,12,1888,16,1975,12,3863,California
Glenn,2021-03-02,35,5883,7,1903,28,3980,0,0,17,1887,18,1993,17,3880,California
Glenn,2021-03-03,192,6075,37,1940,155,4135,0,0,101,1899,89,2082,101,3981,California
Glenn,2021-03-04,521,6596,175,2115,346,4481,0,0,375,2128,146,2228,375,4356,California
Glenn,2021-03-05,356,6952,48,2163,308,4789,0,0,35,1842,321,2549,35,4391,California
Glenn,2021-03-06,26,6978,3,2166,22,4811,1,1,9,1835,17,2566,10,4401,California
Glenn,2021-03-07,5,6983,0,2166,5,4816,0,1,3,1837,1,2567,3,4404,California
Glenn,2021-03-08,20,7003,2,2168,17,4833,1,2,18,1854,2,2569,19,4423,California
Glenn,2021-03-09,82,7085,11,2179,68,4901,3,5,54,1882,28,2597,56,4479,California
Glenn,2021-03-10,172,7257,69,2248,101,5002,2,7,95,1902,77,2674,97,4576,California
Glenn,2021-03-11,584,7841,170,2418,391,5393,23,30,454,2249,130,2804,477,5053,California
Glenn,2021-03-12,418,8259,14,2432,342,5735,62,92,41,1975,377,3181,103,5156,California
Glenn,2021-03-13,12,8271,1,2433,3,5738,8,100,1,1973,11,3192,9,5165,California
Glenn,2021-03-14,3,8274,1,2434,2,5740,0,100,1,1972,2,3194,1,5166,California
Glenn,2021-03-15,75,8349,15,2449,55,5795,5,105,60,2022,15,3209,65,5231,California
Glenn,2021-03-16,107,8456,33,2482,63,5858,11,116,66,2058,41,3250,77,5308,California
Glenn,2021-03-17,416,8872,97,2579,312,6170,7,123,115,1877,301,3551,120,5428,California
Glenn,2021-03-18,521,9393,215,2794,50,6220,256,379,145,1901,376,3927,400,5828,California
Glenn,2021-03-19,92,9485,16,2810,70,6290,6,385,71,1958,20,3947,77,5905,California
Glenn,2021-03-20,121,9606,1,2811,119,6409,1,386,119,2076,2,3949,120,6025,California
Glenn,2021-03-21,6,9612,5,2816,0,6409,1,387,3,2078,2,3951,4,6029,California
Glenn,2021-03-22,117,9729,54,2870,55,6464,8,395,97,2165,18,3969,105,6134,California
Glenn,2021-03-23,173,9902,66,2936,56,6520,51,446,100,2244,72,4041,151,6285,California
Glenn,2021-03-24,206,10108,100,3036,101,6621,5,451,134,2312,71,4112,139,6424,California
Glenn,2021-03-25,458,10566,229,3265,135,6756,94,545,330,2609,127,4239,424,6848,California
Glenn,2021-03-26,229,10795,37,3302,156,6912,36,581,178,2772,51,4290,214,7062,California
Glenn,2021-03-27,151,10946,22,3324,124,7036,5,586,141,2908,10,4300,146,7208,California
Glenn,2021-03-28,15,10961,10,3334,5,7041,0,586,10,2913,5,4305,10,7218,California
Glenn,2021-03-29,60,11021,20,3354,37,7078,3,589,46,2948,14,4319,49,7267,California
Glenn,2021-03-30,74,11095,42,3396,31,7109,1,590,42,2961,30,4349,43,7310,California
Glenn,2021-03-31,125,11220,35,3431,89,7198,1,591,54,2946,70,4419,55,7365,California
Glenn,2021-04-01,646,11866,188,3619,449,7647,9,600,234,2779,410,4829,243,7608,California
Glenn,2021-04-02,159,12025,25,3644,122,7769,12,612,123,2878,36,4865,135,7743,California
Glenn,2021-04-03,91,12116,4,3648,80,7849,7,619,80,2954,11,4876,87,7830,California
Glenn,2021-04-04,8,12124,3,3651,3,7852,2,621,4,2956,4,4880,6,7836,California
Glenn,2021-04-05,65,12189,25,3676,27,7879,13,634,28,2960,37,4917,41,7877,California
Glenn,2021-04-06,144,12333,52,3728,53,7932,39,673,38,2931,105,5022,76,7953,California
Glenn,2021-04-07,159,12492,46,3774,59,7991,54,727,73,2972,86,5108,127,8080,California
Glenn,2021-04-08,641,13133,189,3963,418,8409,34,761,139,2645,500,5608,173,8253,California
Glenn,2021-04-09,157,13290,57,4020,84,8493,16,777,101,2706,56,5664,117,8370,California
Glenn,2021-04-10,73,13363,1,4021,61,8554,11,788,61,2766,12,5676,72,8442,California
Glenn,2021-04-11,17,13380,8,4029,4,8558,5,793,7,2768,10,5686,12,8454,California
Glenn,2021-04-12,114,13494,25,4054,60,8618,29,822,20,2723,94,5780,49,8503,California
Glenn,2021-04-13,118,13612,63,4117,55,8673,0,822,31,2668,86,5866,31,8534,California
Glenn,2021-04-14,123,13735,47,4164,76,8749,0,822,69,2683,54,5920,69,8603,California
Glenn,2021-04-15,361,14096,275,4439,86,8835,0,822,124,2570,237,6157,124,8727,California
Glenn,2021-04-16,164,14260,40,4479,124,8959,0,822,78,2562,86,6243,78,8805,California
Glenn,2021-04-17,166,14426,18,4497,148,9107,0,822,36,2475,123,6366,36,8841,California
Glenn,2021-04-18,16,14442,3,4500,13,9120,0,822,13,2485,3,6369,13,8854,California
Glenn,2021-04-19,82,14524,17,4517,65,9185,0,822,27,2458,54,6423,27,8881,California
Glenn,2021-04-20,125,14649,81,4598,44,9229,0,822,56,2445,69,6492,56,8937,California
Glenn,2021-04-21,412,15061,309,4907,103,9332,0,822,286,2605,126,6618,286,9223,California
Glenn,2021-04-22,208,15269,48,4955,160,9492,0,822,43,2484,164,6782,43,9266,California
Glenn,2021-04-23,178,15447,24,4979,154,9646,0,822,48,2403,129,6911,48,9314,California
Glenn,2021-04-24,179,15626,32,5011,147,9793,0,822,44,2312,135,7046,44,9358,California
Glenn,2021-04-25,28,15654,16,5027,12,9805,0,822,21,2326,7,7053,21,9379,California
Glenn,2021-04-26,46,15700,11,5038,35,9840,0,822,19,2318,27,7080,19,9398,California
Glenn,2021-04-27,58,15758,45,5083,8,9848,5,827,28,2321,29,7109,32,9430,California
Glenn,2021-04-28,255,16013,177,5260,67,9915,11,838,127,2331,128,7237,138,9568,California
Glenn,2021-04-29,181,16194,22,5282,157,10072,2,840,43,2238,138,7375,45,9613,California
Glenn,2021-04-30,156,16350,35,5317,119,10191,2,842,46,2176,110,7485,48,9661,California
Glenn,2021-05-01,108,16458,13,5330,94,10285,1,843,30,2129,78,7563,31,9692,California
Glenn,2021-05-02,30,16488,12,5342,9,10294,9,852,15,2138,15,7578,24,9716,California
Glenn,2021-05-03,36,16524,23,5365,12,10306,1,853,14,2131,22,7600,15,9731,California
Glenn,2021-05-04,57,16581,33,5398,19,10325,5,858,28,2135,29,7629,33,9764,California
Glenn,2021-05-05,122,16703,35,5433,77,10402,10,868,51,2125,71,7700,61,9825,California
Glenn,2021-05-06,106,16809,41,5474,60,10462,5,873,40,2104,66,7766,45,9870,California
Glenn,2021-05-07,120,16929,33,5507,78,10540,9,882,31,2056,88,7854,40,9910,California
Glenn,2021-05-08,66,16995,12,5519,50,10590,4,886,21,2037,44,7898,25,9935,California
Glenn,2021-05-09,17,17012,11,5530,6,10596,0,886,13,2046,4,7902,13,9948,California
Glenn,2021-05-10,36,17048,15,5545,16,10612,5,891,15,2045,21,7923,20,9968,California
Glenn,2021-05-11,76,17124,53,5598,14,10626,9,900,16,2010,60,7983,25,9993,California
Glenn,2021-05-12,327,17451,245,5843,68,10694,14,914,46,1789,281,8264,60,10053,California
Glenn,2021-05-13,122,17573,31,5874,73,10767,18,932,39,1763,83,8347,57,10110,California
Glenn,2021-05-14,88,17661,10,5884,76,10843,2,934,32,1742,55,8402,34,10144,California
Glenn,2021-05-15,37,17698,8,5892,27,10870,2,936,19,1745,17,8419,20,10164,California
Glenn,2021-05-16,12,17710,1,5893,11,10881,0,936,1,1735,11,8430,1,10165,California
Humboldt,2020-12-15,2,2,2,2,0,0,0,0,2,2,0,0,2,2,California
Humboldt,2020-12-16,15,17,15,17,0,0,0,0,15,17,0,0,15,17,California
Humboldt,2020-12-17,117,134,117,134,0,0,0,0,117,134,0,0,117,134,California
Humboldt,2020-12-18,177,311,177,311,0,0,0,0,177,311,0,0,177,311,California
Humboldt,2020-12-19,10,321,10,321,0,0,0,0,10,321,0,0,10,321,California
Humboldt,2020-12-20,28,349,28,349,0,0,0,0,28,349,0,0,28,349,California
Humboldt,2020-12-21,166,515,166,515,0,0,0,0,166,515,0,0,166,515,California
Humboldt,2020-12-22,297,812,297,812,0,0,0,0,297,812,0,0,297,812,California
Humboldt,2020-12-23,310,1122,262,1074,48,48,0,0,312,1124,0,0,312,1124,California
Humboldt,2020-12-24,25,1147,2,1076,23,71,0,0,25,1149,0,0,25,1149,California
Humboldt,2020-12-25,2,1149,2,1078,0,71,0,0,2,1151,0,0,2,1151,California
Humboldt,2020-12-26,6,1155,5,1083,1,72,0,0,6,1157,0,0,6,1157,California
Humboldt,2020-12-28,157,1312,145,1228,12,84,0,0,157,1314,0,0,157,1314,California
Humboldt,2020-12-29,171,1483,124,1352,47,131,0,0,171,1485,0,0,171,1485,California
Humboldt,2020-12-30,224,1707,124,1476,100,231,0,0,224,1709,0,0,224,1709,California
Humboldt,2020-12-31,242,1949,79,1555,163,394,0,0,242,1951,0,0,242,1951,California
Humboldt,2021-01-01,2,1951,1,1556,1,395,0,0,2,1953,0,0,2,1953,California
Humboldt,2021-01-02,38,1989,1,1557,37,432,0,0,38,1991,0,0,38,1991,California
Humboldt,2021-01-04,217,2206,142,1699,75,507,0,0,219,2210,0,0,219,2210,California
Humboldt,2021-01-05,130,2336,18,1717,112,619,0,0,129,2338,1,1,129,2339,California
Humboldt,2021-01-06,302,2638,204,1921,98,717,0,0,229,2506,61,62,229,2568,California
Humboldt,2021-01-07,423,3061,311,2232,112,829,0,0,309,2716,99,161,309,2877,California
Humboldt,2021-01-08,420,3481,281,2513,139,968,0,0,285,2870,131,292,285,3162,California
Humboldt,2021-01-09,69,3550,45,2558,24,992,0,0,66,2934,3,295,67,3229,California
Humboldt,2021-01-10,84,3634,84,2642,0,992,0,0,4,2858,80,375,4,3233,California
Humboldt,2021-01-11,289,3923,278,2920,11,1003,0,0,72,2717,213,588,72,3305,California
Humboldt,2021-01-12,483,4406,320,3240,163,1166,0,0,299,2854,162,750,299,3604,California
Humboldt,2021-01-13,492,4898,277,3517,215,1381,0,0,315,2996,174,924,316,3920,California
Humboldt,2021-01-14,522,5420,164,3681,358,1739,0,0,466,3407,56,980,467,4387,California
Humboldt,2021-01-15,375,5795,39,3720,336,2075,0,0,358,3748,17,997,358,4745,California
Humboldt,2021-01-16,170,5965,6,3726,164,2239,0,0,169,3916,1,998,169,4914,California
Humboldt,2021-01-17,6,5971,4,3730,2,2241,0,0,6,3922,0,998,6,4920,California
Humboldt,2021-01-18,294,6265,259,3989,35,2276,0,0,144,3916,150,1148,144,5064,California
Humboldt,2021-01-19,625,6890,372,4361,253,2529,0,0,498,4293,121,1269,498,5562,California
Humboldt,2021-01-20,917,7807,406,4767,511,3040,0,0,768,4922,141,1410,770,6332,California
Humboldt,2021-01-21,959,8766,261,5028,698,3738,0,0,917,5797,42,1452,917,7249,California
Humboldt,2021-01-22,676,9442,376,5404,300,4038,0,0,667,6456,9,1461,668,7917,California
Humboldt,2021-01-23,814,10256,272,5676,542,4580,0,0,805,7253,9,1470,806,8723,California
Humboldt,2021-01-24,227,10483,1,5677,226,4806,0,0,226,7478,1,1471,226,8949,California
Humboldt,2021-01-25,305,10788,233,5910,72,4878,0,0,149,7471,156,1627,149,9098,California
Humboldt,2021-01-26,525,11313,141,6051,384,5262,0,0,475,7896,50,1677,475,9573,California
Humboldt,2021-01-27,1260,12573,587,6638,673,5935,0,0,1194,9033,59,1736,1196,10769,California
Humboldt,2021-01-28,1457,14030,634,7272,823,6758,0,0,1320,10221,134,1870,1322,12091,California
Humboldt,2021-01-29,1131,15161,546,7818,585,7343,0,0,703,10497,428,2298,704,12795,California
Humboldt,2021-01-30,974,16135,457,8275,517,7860,0,0,961,11446,13,2311,962,13757,California
Humboldt,2021-01-31,313,16448,312,8587,1,7861,0,0,312,11757,1,2312,312,14069,California
Humboldt,2021-02-01,333,16781,192,8779,141,8002,0,0,187,11799,145,2457,187,14256,California
Humboldt,2021-02-02,444,17225,74,8853,370,8372,0,0,339,12038,102,2559,341,14597,California
Humboldt,2021-02-03,658,17883,257,9110,401,8773,0,0,508,12396,150,2709,508,15105,California
Humboldt,2021-02-04,638,18521,262,9372,376,9149,0,0,440,12641,195,2904,440,15545,California
Humboldt,2021-02-05,814,19335,94,9466,720,9869,0,0,626,13079,188,3092,626,16171,California
Humboldt,2021-02-06,1057,20392,446,9912,611,10480,0,0,1014,14052,42,3134,1015,17186,California
Humboldt,2021-02-07,378,20770,9,9921,369,10849,0,0,373,14422,4,3138,374,17560,California
Humboldt,2021-02-08,324,21094,142,10063,182,11031,0,0,183,14465,140,3278,183,17743,California
Humboldt,2021-02-09,494,21588,220,10283,274,11305,0,0,179,14329,315,3593,179,17922,California
Humboldt,2021-02-10,564,22152,371,10654,193,11498,0,0,233,14236,326,3919,233,18155,California
Humboldt,2021-02-11,1297,23449,395,11049,902,12400,0,0,500,13943,794,4713,501,18656,California
Humboldt,2021-02-12,1146,24595,736,11785,410,12810,0,0,706,14209,440,5153,706,19362,California
Humboldt,2021-02-13,1505,26100,557,12342,948,13758,0,0,916,14538,587,5740,916,20278,California
Humboldt,2021-02-14,112,26212,5,12347,107,13865,0,0,109,14645,2,5742,109,20387,California
Humboldt,2021-02-15,292,26504,78,12425,214,14079,0,0,195,14744,96,5838,195,20582,California
Humboldt,2021-02-16,534,27038,118,12543,416,14495,0,0,253,14717,281,6119,254,20836,California
Humboldt,2021-02-17,453,27491,281,12824,172,14667,0,0,137,14539,315,6434,137,20973,California
Humboldt,2021-02-18,969,28460,596,13420,373,15040,0,0,228,14028,739,7173,228,21201,California
Humboldt,2021-02-19,476,28936,434,13854,42,15082,0,0,89,13733,384,7557,89,21290,California
Humboldt,2021-02-20,1596,30532,983,14837,613,15695,0,0,475,13092,1118,8675,477,21767,California
Humboldt,2021-02-21,479,31011,471,15308,8,15703,0,0,183,12980,296,8971,184,21951,California
Humboldt,2021-02-22,127,31138,92,15400,35,15738,0,0,28,12911,97,9068,28,21979,California
Humboldt,2021-02-23,172,31310,70,15470,102,15840,0,0,40,12821,130,9198,40,22019,California
Humboldt,2021-02-24,1165,32475,705,16175,460,16300,0,0,587,12831,577,9775,587,22606,California
Humboldt,2021-02-25,833,33308,318,16493,515,16815,0,0,229,12458,602,10377,229,22835,California
Humboldt,2021-02-26,2145,35453,106,16599,2039,18854,0,0,451,11222,1688,12065,452,23287,California
Humboldt,2021-02-27,1693,37146,1075,17674,618,19472,0,0,869,11273,822,12887,873,24160,California
Humboldt,2021-02-28,121,37267,10,17684,111,19583,0,0,116,11384,5,12892,116,24276,California
Humboldt,2021-03-01,259,37526,47,17731,212,19795,0,0,184,11493,75,12967,184,24460,California
Humboldt,2021-03-02,287,37813,48,17779,239,20034,0,0,157,11520,130,13097,157,24617,California
Humboldt,2021-03-03,1656,39469,1098,18877,558,20592,0,0,1221,12314,428,13525,1222,25839,California
Humboldt,2021-03-04,899,40368,112,18989,787,21379,0,0,280,11977,619,14144,282,26121,California
Humboldt,2021-03-05,945,41313,183,19172,751,22130,11,11,388,11823,553,14697,399,26520,California
Humboldt,2021-03-06,1699,43012,841,20013,809,22939,49,60,714,11602,984,15681,763,27283,California
Humboldt,2021-03-07,364,43376,296,20309,50,22989,18,78,157,11570,207,15888,175,27458,California
Humboldt,2021-03-08,273,43649,7,20316,188,23177,78,156,179,11733,94,15982,257,27715,California
Humboldt,2021-03-09,481,44130,203,20519,130,23307,148,304,232,11866,247,16229,380,28095,California
Humboldt,2021-03-10,690,44820,467,20986,70,23377,153,457,420,12168,269,16498,571,28666,California
Humboldt,2021-03-11,1447,46267,463,21449,885,24262,99,556,629,12080,815,17313,727,29393,California
Humboldt,2021-03-12,1745,48012,1082,22531,441,24703,222,778,1053,12674,684,17997,1278,30671,California
Humboldt,2021-03-13,1570,49582,1022,23553,496,25199,52,830,676,12514,888,18885,728,31399,California
Humboldt,2021-03-14,142,49724,18,23571,115,25314,9,839,28,12437,114,18999,37,31436,California
Humboldt,2021-03-15,275,49999,51,23622,204,25518,20,859,59,12300,216,19215,79,31515,California
Humboldt,2021-03-16,635,50634,200,23822,174,25692,261,1120,260,12445,374,19589,519,32034,California
Humboldt,2021-03-17,732,51366,397,24219,227,25919,108,1228,339,12500,392,19981,447,32481,California
Humboldt,2021-03-18,1735,53101,1166,25385,526,26445,43,1271,1040,12893,690,20671,1083,33564,California
Humboldt,2021-03-19,1073,54174,58,25443,701,27146,314,1585,439,13014,631,21302,752,34316,California
Humboldt,2021-03-20,1375,55549,751,26194,611,27757,13,1598,428,12511,945,22247,442,34758,California
Humboldt,2021-03-21,248,55797,32,26226,187,27944,29,1627,203,12697,45,22292,231,34989,California
Humboldt,2021-03-22,115,55912,15,26241,50,27994,50,1677,58,12750,55,22347,108,35097,California
Humboldt,2021-03-23,410,56322,41,26282,326,28320,43,1720,319,13023,89,22436,362,35459,California
Humboldt,2021-03-24,1414,57736,389,26671,977,29297,48,1768,1037,13737,369,22805,1083,36542,California
Humboldt,2021-03-25,1832,59568,1207,27878,563,29860,62,1830,946,13861,884,23689,1008,37550,California
Humboldt,2021-03-26,2038,61606,437,28315,1545,31405,56,1886,1596,15075,437,24126,1651,39201,California
Humboldt,2021-03-27,1966,63572,1438,29753,359,31764,169,2055,1093,15469,868,24994,1262,40463,California
Humboldt,2021-03-28,267,63839,81,29834,115,31879,71,2126,85,15444,182,25176,157,40620,California
Humboldt,2021-03-29,468,64307,126,29960,247,32126,95,2221,199,15469,268,25444,293,40913,California
Humboldt,2021-03-30,939,65246,304,30264,521,32647,114,2335,564,15776,370,25814,677,41590,California
Humboldt,2021-03-31,1856,67102,517,30781,1243,33890,96,2431,1403,16828,450,26264,1502,43092,California
Humboldt,2021-04-01,2100,69202,706,31487,1302,35192,92,2523,1475,17777,618,26882,1567,44659,California
Humboldt,2021-04-02,1707,70909,1099,32586,504,35696,104,2627,608,17397,1093,27975,713,45372,California
Humboldt,2021-04-03,1663,72572,1503,34089,144,35840,16,2643,669,17098,984,28959,685,46057,California
Humboldt,2021-04-04,481,73053,370,34459,102,35942,9,2652,405,17437,76,29035,415,46472,California
Humboldt,2021-04-05,773,73826,458,34917,267,36209,48,2700,440,17594,331,29366,488,46960,California
Humboldt,2021-04-06,838,74664,317,35234,387,36596,134,2834,587,18068,245,29611,719,47679,California
Humboldt,2021-04-07,1486,76150,1056,36290,291,36887,139,2973,983,18689,501,30112,1122,48801,California
Humboldt,2021-04-08,1727,77877,1085,37375,484,37371,158,3131,735,18592,990,31102,893,49694,California
Humboldt,2021-04-09,1432,79309,432,37807,847,38218,153,3284,1148,19602,284,31386,1294,50988,California
Humboldt,2021-04-10,929,80238,136,37943,617,38835,176,3460,730,20309,197,31583,904,51892,California
Humboldt,2021-04-11,638,80876,137,38080,35,38870,466,3926,127,20390,511,32094,592,52484,California
Humboldt,2021-04-12,430,81306,222,38302,83,38953,125,4051,273,20631,157,32251,398,52882,California
Humboldt,2021-04-13,581,81887,322,38624,256,39209,3,4054,546,21148,31,32282,548,53430,California
Humboldt,2021-04-14,1414,83301,1025,39649,389,39598,0,4054,1303,22341,110,32392,1303,54733,California
Humboldt,2021-04-15,1811,85112,1195,40844,612,40210,4,4058,1244,23038,549,32941,1246,55979,California
Humboldt,2021-04-16,1122,86234,518,41362,604,40814,0,4058,540,22999,579,33520,540,56519,California
Humboldt,2021-04-17,1599,87833,1276,42638,323,41137,0,4058,1012,23430,581,34101,1012,57531,California
Humboldt,2021-04-18,615,88448,342,42980,272,41409,1,4059,93,23007,516,34617,93,57624,California
Humboldt,2021-04-19,185,88633,82,43062,103,41512,0,4059,70,22964,113,34730,70,57694,California
Humboldt,2021-04-20,473,89106,129,43191,344,41856,0,4059,231,22954,241,34971,231,57925,California
Humboldt,2021-04-21,1082,90188,375,43566,707,42563,0,4059,427,22737,645,35616,428,58353,California
Humboldt,2021-04-22,873,91061,520,44086,351,42914,2,4061,439,22744,432,36048,439,58792,California
Humboldt,2021-04-23,2153,93214,302,44388,1851,44765,0,4061,314,21222,1836,37884,314,59106,California
Humboldt,2021-04-24,1037,94251,875,45263,157,44922,5,4066,349,20890,686,38570,354,59460,California
Humboldt,2021-04-25,371,94622,236,45499,135,45057,0,4066,191,20904,177,38747,191,59651,California
Humboldt,2021-04-26,304,94926,210,45709,90,45147,4,4070,86,20776,216,38963,88,59739,California
Humboldt,2021-04-27,685,95611,225,45934,442,45589,18,4088,136,20384,546,39509,154,59893,California
Humboldt,2021-04-28,1526,97137,792,46726,690,46279,44,4132,397,19698,1127,40636,441,60334,California
Humboldt,2021-04-29,1722,98859,579,47305,1105,47384,38,4170,278,18574,1440,42076,316,60650,California
Humboldt,2021-04-30,1239,100098,387,47692,818,48202,34,4204,195,17763,1038,43114,227,60877,California
Humboldt,2021-05-01,457,100555,378,48070,57,48259,22,4226,284,17897,172,43286,306,61183,California
Humboldt,2021-05-02,227,100782,182,48252,36,48295,9,4235,113,17907,113,43399,123,61306,California
Humboldt,2021-05-03,608,101390,377,48629,207,48502,24,4259,96,17517,510,43909,120,61426,California
Humboldt,2021-05-04,804,102194,481,49110,279,48781,44,4303,245,17249,556,44465,288,61714,California
Humboldt,2021-05-05,1678,103872,1074,50184,547,49328,57,4360,178,15989,1493,45958,233,61947,California
Humboldt,2021-05-06,1649,105521,1041,51225,356,49684,252,4612,134,14863,1512,47470,386,62333,California
Humboldt,2021-05-07,1426,106947,304,51529,1063,50747,59,4671,237,13970,1187,48657,294,62627,California
Humboldt,2021-05-08,697,107644,105,51634,570,51317,22,4693,88,13472,608,49265,110,62737,California
Humboldt,2021-05-09,907,108551,855,52489,43,51360,9,4702,48,12670,859,50124,57,62794,California
Humboldt,2021-05-10,205,108756,36,52525,133,51493,36,4738,79,12659,126,50250,115,62909,California
Humboldt,2021-05-11,484,109240,144,52669,270,51763,70,4808,183,12611,301,50551,253,63162,California
Humboldt,2021-05-12,563,109803,117,52786,406,52169,40,4848,201,12490,362,50913,241,63403,California
Humboldt,2021-05-13,454,110257,224,53010,207,52376,23,4871,211,12482,242,51155,234,63637,California
Humboldt,2021-05-14,683,110940,131,53141,447,52823,105,4976,227,12360,453,51608,331,63968,California
Humboldt,2021-05-15,541,111481,488,53629,45,52868,8,4984,54,11936,486,52094,62,64030,California
Humboldt,2021-05-16,15,111496,5,53634,10,52878,0,4984,5,11931,10,52104,5,64035,California
Imperial,2020-12-16,1,1,1,1,0,0,0,0,1,1,0,0,1,1,California
Imperial,2020-12-17,4,5,4,5,0,0,0,0,4,5,0,0,4,5,California
Imperial,2020-12-18,12,17,12,17,0,0,0,0,12,17,0,0,12,17,California
Imperial,2020-12-20,2,19,2,19,0,0,0,0,2,19,0,0,2,19,California
Imperial,2020-12-21,186,205,186,205,0,0,0,0,186,205,0,0,186,205,California
Imperial,2020-12-22,241,446,239,444,2,2,0,0,241,446,0,0,241,446,California
Imperial,2020-12-23,210,656,209,653,1,3,0,0,209,655,0,0,209,655,California
Imperial,2020-12-24,5,661,5,658,0,3,0,0,5,660,0,0,5,660,California
Imperial,2020-12-26,1,662,0,658,1,4,0,0,1,661,0,0,1,661,California
Imperial,2020-12-27,62,724,0,658,62,66,0,0,62,723,0,0,62,723,California
Imperial,2020-12-28,214,938,114,772,100,166,0,0,214,937,0,0,214,937,California
Imperial,2020-12-29,189,1127,36,808,153,319,0,0,189,1126,0,0,189,1126,California
Imperial,2020-12-30,366,1493,50,858,316,635,0,0,366,1492,0,0,366,1492,California
Imperial,2020-12-31,197,1690,26,884,171,806,0,0,197,1689,0,0,197,1689,California
Imperial,2021-01-01,47,1737,5,889,42,848,0,0,47,1736,0,0,47,1736,California
Imperial,2021-01-02,4,1741,0,889,4,852,0,0,4,1740,0,0,4,1740,California
Imperial,2021-01-03,90,1831,0,889,90,942,0,0,90,1830,0,0,90,1830,California
Imperial,2021-01-04,85,1916,5,894,80,1022,0,0,85,1915,0,0,85,1915,California
Imperial,2021-01-05,173,2089,14,908,159,1181,0,0,173,2088,0,0,173,2088,California
Imperial,2021-01-06,190,2279,25,933,165,1346,0,0,189,2276,1,1,189,2277,California
Imperial,2021-01-07,321,2600,10,943,311,1657,0,0,318,2591,3,4,318,2595,California
Imperial,2021-01-08,192,2792,52,995,140,1797,0,0,182,2763,10,14,182,2777,California
Imperial,2021-01-09,24,2816,21,1016,3,1800,0,0,24,2787,0,14,24,2801,California
Imperial,2021-01-10,1,2817,0,1016,1,1801,0,0,1,2788,0,14,1,2802,California
Imperial,2021-01-11,402,3219,243,1259,159,1960,0,0,174,2734,228,242,174,2976,California
Imperial,2021-01-12,404,3623,302,1561,102,2062,0,0,142,2615,261,503,142,3118,California
Imperial,2021-01-13,379,4002,132,1693,247,2309,0,0,280,2796,99,602,280,3398,California
Imperial,2021-01-14,260,4262,151,1844,109,2418,0,0,254,3045,5,607,254,3652,California
Imperial,2021-01-15,241,4503,182,2026,59,2477,0,0,234,3272,7,614,234,3886,California
Imperial,2021-01-16,77,4580,73,2099,4,2481,0,0,76,3347,1,615,76,3962,California
Imperial,2021-01-17,10,4590,2,2101,8,2489,0,0,10,3357,0,615,10,3972,California
Imperial,2021-01-18,1053,5643,399,2500,654,3143,0,0,955,4215,98,713,956,4928,California
Imperial,2021-01-19,165,5808,129,2629,36,3179,0,0,118,4286,47,760,118,5046,California
Imperial,2021-01-20,292,6100,195,2824,97,3276,0,0,254,4502,38,798,254,5300,California
Imperial,2021-01-21,415,6515,183,3007,232,3508,0,0,395,4877,20,818,395,5695,California
Imperial,2021-01-22,457,6972,189,3196,268,3776,0,0,448,5316,9,827,448,6143,California
Imperial,2021-01-23,1040,8012,290,3486,750,4526,0,0,1039,6354,1,828,1039,7182,California
Imperial,2021-01-24,11,8023,4,3490,7,4533,0,0,11,6365,0,828,11,7193,California
Imperial,2021-01-25,213,8236,5,3495,208,4741,0,0,34,6221,178,1006,34,7227,California
Imperial,2021-01-26,360,8596,185,3680,175,4916,0,0,217,6295,143,1149,217,7444,California
Imperial,2021-01-27,570,9166,162,3842,408,5324,0,0,237,6199,333,1482,237,7681,California
Imperial,2021-01-28,633,9799,160,4002,473,5797,0,0,525,6616,108,1590,525,8206,California
Imperial,2021-01-29,424,10223,296,4298,128,5925,0,0,374,6940,50,1640,374,8580,California
Imperial,2021-01-30,56,10279,31,4329,25,5950,0,0,39,6962,17,1657,39,8619,California
Imperial,2021-01-31,17,10296,7,4336,10,5960,0,0,16,6977,1,1658,16,8635,California
Imperial,2021-02-01,420,10716,54,4390,366,6326,0,0,209,6977,209,1867,209,8844,California
Imperial,2021-02-02,680,11396,54,4444,626,6952,0,0,499,7295,181,2048,499,9343,California
Imperial,2021-02-03,457,11853,48,4492,409,7361,0,0,264,7367,192,2240,264,9607,California
Imperial,2021-02-04,1724,13577,1203,5695,521,7882,0,0,1408,8461,314,2554,1408,11015,California
Imperial,2021-02-05,389,13966,241,5936,148,8030,0,0,152,8378,235,2789,152,11167,California
Imperial,2021-02-06,860,14826,838,6774,22,8052,0,0,823,9165,36,2825,823,11990,California
Imperial,2021-02-07,21,14847,9,6783,12,8064,0,0,20,9184,1,2826,20,12010,California
Imperial,2021-02-08,249,15096,42,6825,207,8271,0,0,181,9297,68,2894,181,12191,California
Imperial,2021-02-09,463,15559,146,6971,317,8588,0,0,305,9444,158,3052,305,12496,California
Imperial,2021-02-10,386,15945,56,7027,330,8918,0,0,96,9251,290,3342,97,12593,California
Imperial,2021-02-11,466,16411,260,7287,206,9124,0,0,90,8965,376,3718,90,12683,California
Imperial,2021-02-12,2130,18541,1411,8698,719,9843,0,0,1778,10392,351,4069,1778,14461,California
Imperial,2021-02-13,42,18583,18,8716,24,9867,0,0,34,10419,8,4077,35,14496,California
Imperial,2021-02-14,24,18607,12,8728,12,9879,0,0,21,10437,3,4080,21,14517,California
Imperial,2021-02-15,32,18639,11,8739,21,9900,0,0,25,10455,7,4087,25,14542,California
Imperial,2021-02-16,514,19153,267,9006,247,10147,0,0,293,10527,221,4308,293,14835,California
Imperial,2021-02-17,439,19592,285,9291,154,10301,0,0,83,10254,356,4664,83,14918,California
Imperial,2021-02-18,646,20238,308,9599,338,10639,0,0,140,9890,504,5168,140,15058,California
Imperial,2021-02-19,767,21005,382,9981,385,11024,0,0,192,9508,574,5742,192,15250,California
Imperial,2021-02-20,1038,22043,191,10172,847,11871,0,0,325,9123,712,6454,327,15577,California
Imperial,2021-02-21,588,22631,554,10726,34,11905,0,0,577,9690,10,6464,577,16154,California
Imperial,2021-02-22,806,23437,567,11293,239,12144,0,0,757,10398,49,6513,757,16911,California
Imperial,2021-02-23,962,24399,395,11688,567,12711,0,0,908,11252,54,6567,908,17819,California
Imperial,2021-02-24,718,25117,302,11990,416,13127,0,0,621,11777,96,6663,621,18440,California
Imperial,2021-02-25,818,25935,339,12329,479,13606,0,0,452,11869,365,7028,457,18897,California
Imperial,2021-02-26,1745,27680,1351,13680,394,14000,0,0,1570,13267,173,7201,1571,20468,California
Imperial,2021-02-27,860,28540,811,14491,49,14049,0,0,121,12650,739,7940,122,20590,California
Imperial,2021-02-28,32,28572,20,14511,12,14061,0,0,22,12662,10,7950,22,20612,California
Imperial,2021-03-01,495,29067,295,14806,199,14260,1,1,429,13029,64,8014,431,21043,California
Imperial,2021-03-02,676,29743,247,15053,429,14689,0,1,386,13128,289,8303,388,21431,California
Imperial,2021-03-03,927,30670,49,15102,877,15566,1,2,558,13332,366,8669,570,22001,California
Imperial,2021-03-04,747,31417,77,15179,669,16235,1,3,484,13585,261,8930,514,22515,California
Imperial,2021-03-05,2590,34007,1939,17118,651,16886,0,3,1265,13530,1322,10252,1267,23782,California
Imperial,2021-03-06,690,34697,238,17356,452,17338,0,3,649,14145,38,10290,653,24435,California
Imperial,2021-03-07,75,34772,41,17397,34,17372,0,3,54,14179,21,10311,55,24490,California
Imperial,2021-03-08,415,35187,331,17728,49,17421,35,38,362,14524,52,10363,397,24887,California
Imperial,2021-03-09,681,35868,310,18038,124,17545,247,285,397,14883,284,10647,643,25530,California
Imperial,2021-03-10,684,36552,313,18351,266,17811,105,390,320,14945,363,11010,425,25955,California
Imperial,2021-03-11,1786,38338,478,18829,1116,18927,192,582,1185,15733,600,11610,1388,27343,California
Imperial,2021-03-12,3705,42043,2540,21369,979,19906,186,768,2105,16426,1598,13208,2291,29634,California
Imperial,2021-03-13,1144,43187,93,21462,828,20734,223,991,858,17227,284,13492,1085,30719,California
Imperial,2021-03-14,169,43356,31,21493,126,20860,12,1003,139,17349,30,13522,152,30871,California
Imperial,2021-03-15,671,44027,214,21707,198,21058,259,1262,374,17687,295,13817,633,31504,California
Imperial,2021-03-16,1069,45096,275,21982,341,21399,453,1715,533,18138,534,14351,985,32489,California
Imperial,2021-03-17,1571,46667,689,22671,745,22144,137,1852,992,18692,576,14927,1130,33619,California
Imperial,2021-03-18,1781,48448,1177,23848,544,22688,60,1912,1251,19477,528,15455,1313,34932,California
Imperial,2021-03-19,3337,51785,2446,26294,888,23576,3,1915,1501,19154,1828,17283,1505,36437,California
Imperial,2021-03-20,865,52650,550,26844,310,23886,5,1920,421,19146,440,17723,432,36869,California
Imperial,2021-03-21,217,52867,35,26879,178,24064,4,1924,159,19255,58,17781,167,37036,California
Imperial,2021-03-22,1047,53914,339,27218,701,24765,7,1931,622,19462,424,18205,631,37667,California
Imperial,2021-03-23,1390,55304,411,27629,972,25737,7,1938,890,19864,497,18702,899,38566,California
Imperial,2021-03-24,1870,57174,542,28171,901,26638,427,2365,899,20221,968,19670,1325,39891,California
Imperial,2021-03-25,2931,60105,509,28680,884,27522,1538,3903,1022,20867,1905,21575,2551,42442,California
Imperial,2021-03-26,2488,62593,880,29560,737,28259,871,4774,776,20810,1705,23280,1648,44090,California
Imperial,2021-03-27,597,63190,282,29842,263,28522,52,4826,436,21140,158,23438,488,44578,California
Imperial,2021-03-28,210,63400,51,29893,157,28679,2,4828,172,21277,37,23475,174,44752,California
Imperial,2021-03-29,1214,64614,348,30241,391,29070,475,5303,317,21175,895,24370,793,45545,California
Imperial,2021-03-30,1900,66514,675,30916,593,29663,632,5935,675,21258,1225,25595,1308,46853,California
Imperial,2021-03-31,1524,68038,712,31628,807,30470,5,5940,1007,21754,515,26110,1011,47864,California
Imperial,2021-04-01,1921,69959,401,32029,1278,31748,242,6182,841,21762,1074,27184,1082,48946,California
Imperial,2021-04-02,1268,71227,450,32479,744,32492,74,6256,750,22071,515,27699,824,49770,California
Imperial,2021-04-03,1498,72725,411,32890,1008,33500,79,6335,688,22031,807,28506,767,50537,California
Imperial,2021-04-04,85,72810,40,32930,28,33528,17,6352,25,22013,60,28566,42,50579,California
Imperial,2021-04-05,2118,74928,1286,34216,765,34293,67,6419,405,20782,1705,30271,474,51053,California
Imperial,2021-04-06,1294,76222,526,34742,579,34872,189,6608,681,21043,610,30881,871,51924,California
Imperial,2021-04-07,2149,78371,549,35291,1224,36096,376,6984,1540,22353,606,31487,1916,53840,California
Imperial,2021-04-08,2185,80556,1071,36362,820,36916,294,7278,1077,22617,1105,32592,1369,55209,California
Imperial,2021-04-09,2168,82724,634,36996,918,37834,616,7894,836,22739,1328,33920,1450,56659,California
Imperial,2021-04-10,1276,84000,184,37180,821,38655,271,8165,215,22164,1059,34979,484,57143,California
Imperial,2021-04-11,219,84219,30,37210,157,38812,32,8197,76,22129,143,35122,108,57251,California
Imperial,2021-04-12,1416,85635,765,37975,431,39243,220,8417,798,22533,614,35736,1018,58269,California
Imperial,2021-04-13,2743,88378,1891,39866,850,40093,2,8419,2037,23868,702,36438,2037,60306,California
Imperial,2021-04-14,2007,90385,940,40806,1067,41160,0,8419,1419,24705,583,37021,1420,61726,California
Imperial,2021-04-15,1967,92352,908,41714,1059,42219,0,8419,1380,25503,584,37605,1382,63108,California
Imperial,2021-04-16,2357,94709,1186,42900,1171,43390,0,8419,1435,26025,913,38518,1435,64543,California
Imperial,2021-04-17,1813,96522,934,43834,877,44267,2,8421,1429,27078,379,38897,1432,65975,California
Imperial,2021-04-18,250,96772,69,43903,181,44448,0,8421,90,27009,159,39056,90,66065,California
Imperial,2021-04-19,832,97604,264,44167,568,45016,0,8421,489,27160,342,39398,493,66558,California
Imperial,2021-04-20,1315,98919,520,44687,795,45811,0,8421,772,27394,539,39937,773,67331,California
Imperial,2021-04-21,1364,100283,336,45023,1028,46839,0,8421,822,27677,539,40476,822,68153,California
Imperial,2021-04-22,2042,102325,786,45809,1256,48095,0,8421,1438,28521,596,41072,1440,69593,California
Imperial,2021-04-23,1692,104017,420,46229,1272,49367,0,8421,894,28645,774,41846,898,70491,California
Imperial,2021-04-24,534,104551,315,46544,219,49586,0,8421,206,28525,326,42172,206,70697,California
Imperial,2021-04-25,263,104814,96,46640,167,49753,0,8421,135,28533,127,42299,135,70832,California
Imperial,2021-04-26,1128,105942,459,47099,666,50419,3,8424,690,28792,434,42733,693,71525,California
Imperial,2021-04-27,1022,106964,339,47438,674,51093,9,8433,521,28824,498,43231,530,72055,California
Imperial,2021-04-28,1449,108413,613,48051,807,51900,29,8462,663,28734,782,44013,692,72747,California
Imperial,2021-04-29,1760,110173,852,48903,862,52762,46,8508,811,28650,942,44955,858,73605,California
Imperial,2021-04-30,1435,111608,736,49639,667,53429,32,8540,1035,29322,395,45350,1067,74672,California
Imperial,2021-05-01,302,111910,116,49755,184,53613,2,8542,154,29331,148,45498,157,74829,California
Imperial,2021-05-02,83,111993,25,49780,56,53669,2,8544,53,29357,30,45528,56,74885,California
Imperial,2021-05-03,1564,113557,542,50322,975,54644,47,8591,361,28571,1195,46723,409,75294,California
Imperial,2021-05-04,1609,115166,856,51178,727,55371,26,8617,479,27951,1125,47848,505,75799,California
Imperial,2021-05-05,1471,116637,888,52066,562,55933,21,8638,436,27382,1027,48875,458,76257,California
Imperial,2021-05-06,1609,118246,1110,53176,465,56398,34,8672,529,26869,1076,49951,563,76820,California
Imperial,2021-05-07,1536,119782,920,54096,573,56971,43,8715,629,26640,901,50852,672,77492,California
Imperial,2021-05-08,455,120237,323,54419,124,57095,8,8723,150,26501,297,51149,158,77650,California
Imperial,2021-05-09,92,120329,61,54480,30,57125,1,8724,30,26473,59,51208,31,77681,California
Imperial,2021-05-10,578,120907,200,54680,285,57410,93,8817,225,26441,349,51557,317,77998,California
Imperial,2021-05-11,969,121876,391,55071,560,57970,18,8835,366,26230,597,52154,386,78384,California
Imperial,2021-05-12,673,122549,254,55325,381,58351,38,8873,255,26109,414,52568,293,78677,California
Imperial,2021-05-13,1248,123797,819,56144,374,58725,55,8928,519,25959,724,53292,574,79251,California
Imperial,2021-05-14,1163,124960,683,56827,441,59166,39,8967,839,26514,323,53615,878,80129,California
Imperial,2021-05-15,783,125743,136,56963,627,59793,20,8987,171,26098,607,54222,191,80320,California
Imperial,2021-05-16,37,125780,10,56973,25,59818,2,8989,27,26117,10,54232,29,80349,California
Inyo,2020-12-19,85,85,85,85,0,0,0,0,85,85,0,0,85,85,California
Inyo,2020-12-20,58,143,58,143,0,0,0,0,58,143,0,0,58,143,California
Inyo,2020-12-21,88,231,85,228,3,3,0,0,88,231,0,0,88,231,California
Inyo,2020-12-22,105,336,105,333,0,3,0,0,105,336,0,0,105,336,California
Inyo,2020-12-23,70,406,67,400,3,6,0,0,70,406,0,0,70,406,California
Inyo,2020-12-24,16,422,16,416,0,6,0,0,16,422,0,0,16,422,California
Inyo,2020-12-25,1,423,0,416,1,7,0,0,1,423,0,0,1,423,California
Inyo,2020-12-26,74,497,74,490,0,7,0,0,74,497,0,0,74,497,California
Inyo,2020-12-28,48,545,36,526,12,19,0,0,48,545,0,0,48,545,California
Inyo,2020-12-29,19,564,19,545,0,19,0,0,19,564,0,0,19,564,California
Inyo,2020-12-30,56,620,54,599,2,21,0,0,56,620,0,0,56,620,California
Inyo,2020-12-31,29,649,0,599,29,50,0,0,29,649,0,0,29,649,California
Inyo,2021-01-01,1,650,0,599,1,51,0,0,1,650,0,0,1,650,California
Inyo,2021-01-03,1,651,0,599,1,52,0,0,1,651,0,0,1,651,California
Inyo,2021-01-04,2,653,1,600,1,53,0,0,2,653,0,0,2,653,California
Inyo,2021-01-05,34,687,0,600,34,87,0,0,34,687,0,0,34,687,California
Inyo,2021-01-06,68,755,0,600,68,155,0,0,68,755,0,0,68,755,California
Inyo,2021-01-07,31,786,1,601,30,185,0,0,31,786,0,0,31,786,California
Inyo,2021-01-08,9,795,8,609,1,186,0,0,4,786,5,5,5,791,California
Inyo,2021-01-09,87,882,86,695,1,187,0,0,1,701,86,91,1,792,California
Inyo,2021-01-10,52,934,52,747,0,187,0,0,0,649,52,143,0,792,California
Inyo,2021-01-11,97,1031,82,829,15,202,0,0,16,584,81,224,16,808,California
Inyo,2021-01-12,139,1170,118,947,21,223,0,0,28,501,111,335,28,836,California
Inyo,2021-01-13,86,1256,68,1015,18,241,0,0,21,458,65,400,22,858,California
Inyo,2021-01-14,59,1315,13,1028,46,287,0,0,49,497,10,410,49,907,California
Inyo,2021-01-15,163,1478,28,1056,135,422,0,0,163,660,0,410,163,1070,California
Inyo,2021-01-16,74,1552,73,1129,1,423,0,0,1,588,73,483,1,1071,California
Inyo,2021-01-18,58,1610,36,1165,22,445,0,0,19,568,39,522,19,1090,California
Inyo,2021-01-19,114,1724,72,1237,42,487,0,0,97,648,17,539,97,1187,California
Inyo,2021-01-20,147,1871,71,1308,76,563,0,0,93,687,54,593,93,1280,California
Inyo,2021-01-21,121,1992,57,1365,64,627,0,0,120,806,1,594,120,1400,California
Inyo,2021-01-22,62,2054,0,1365,62,689,0,0,61,866,1,595,61,1461,California
Inyo,2021-01-23,52,2106,52,1417,0,689,0,0,52,918,0,595,52,1513,California
Inyo,2021-01-25,49,2155,6,1423,43,732,0,0,37,943,12,607,37,1550,California
Inyo,2021-01-26,135,2290,54,1477,81,813,0,0,129,1066,6,613,129,1679,California
Inyo,2021-01-27,24,2314,2,1479,22,835,0,0,23,1088,1,614,23,1702,California
Inyo,2021-01-28,92,2406,2,1481,90,925,0,0,63,1122,29,643,63,1765,California
Inyo,2021-01-29,25,2431,3,1484,22,947,0,0,23,1143,2,645,23,1788,California
Inyo,2021-01-30,11,2442,1,1485,10,957,0,0,11,1154,0,645,11,1799,California
Inyo,2021-01-31,32,2474,4,1489,28,985,0,0,4,1130,28,673,4,1803,California
Inyo,2021-02-01,10,2484,9,1498,1,986,0,0,0,1120,10,683,0,1803,California
Inyo,2021-02-02,130,2614,14,1512,116,1102,0,0,104,1198,26,709,104,1907,California
Inyo,2021-02-03,116,2730,0,1512,116,1218,0,0,74,1230,42,751,74,1981,California
Inyo,2021-02-04,149,2879,31,1543,118,1336,0,0,90,1261,59,810,90,2071,California
Inyo,2021-02-05,117,2996,61,1604,56,1392,0,0,115,1374,2,812,115,2186,California
Inyo,2021-02-06,4,3000,2,1606,2,1394,0,0,3,1376,1,813,3,2189,California
Inyo,2021-02-07,4,3004,2,1608,2,1396,0,0,4,1380,0,813,4,2193,California
Inyo,2021-02-08,117,3121,7,1615,110,1506,0,0,97,1457,20,833,97,2290,California
Inyo,2021-02-09,195,3316,52,1667,143,1649,0,0,124,1510,71,904,124,2414,California
Inyo,2021-02-10,143,3459,18,1685,125,1774,0,0,109,1585,34,938,109,2523,California
Inyo,2021-02-11,220,3679,56,1741,164,1938,0,0,126,1617,94,1032,126,2649,California
Inyo,2021-02-12,299,3978,51,1792,248,2186,0,0,167,1652,132,1164,167,2816,California
Inyo,2021-02-13,60,4038,55,1847,5,2191,0,0,8,1608,52,1216,8,2824,California
Inyo,2021-02-14,1,4039,0,1847,1,2192,0,0,1,1609,0,1216,1,2825,California
Inyo,2021-02-15,29,4068,9,1856,20,2212,0,0,5,1590,24,1240,5,2830,California
Inyo,2021-02-16,179,4247,50,1906,129,2341,0,0,92,1596,86,1326,92,2922,California
Inyo,2021-02-17,38,4285,4,1910,34,2375,0,0,8,1574,30,1356,8,2930,California
Inyo,2021-02-18,123,4408,6,1916,117,2492,0,0,79,1609,44,1400,79,3009,California
Inyo,2021-02-19,52,4460,4,1920,48,2540,0,0,9,1575,43,1443,9,3018,California
Inyo,2021-02-20,506,4966,502,2422,4,2544,0,0,504,2077,2,1445,504,3522,California
Inyo,2021-02-21,438,5404,438,2860,0,2544,0,0,438,2515,0,1445,438,3960,California
Inyo,2021-02-22,61,5465,19,2879,42,2586,0,0,27,2508,34,1479,27,3987,California
Inyo,2021-02-23,199,5664,20,2899,179,2765,0,0,95,2500,103,1582,95,4082,California
Inyo,2021-02-24,118,5782,0,2899,118,2883,0,0,57,2496,61,1643,57,4139,California
Inyo,2021-02-25,130,5912,3,2902,127,3010,0,0,62,2490,68,1711,62,4201,California
Inyo,2021-02-26,103,6015,60,2962,43,3053,0,0,19,2425,84,1795,19,4220,California
Inyo,2021-02-27,15,6030,4,2966,11,3064,0,0,3,2416,12,1807,3,4223,California
Inyo,2021-02-28,3,6033,1,2967,2,3066,0,0,2,2417,1,1808,2,4225,California
Inyo,2021-03-01,19,6052,2,2969,17,3083,0,0,17,2432,2,1810,17,4242,California
Inyo,2021-03-02,196,6248,1,2970,195,3278,0,0,111,2458,85,1895,111,4353,California
Inyo,2021-03-03,84,6332,3,2973,81,3359,0,0,40,2454,44,1939,40,4393,California
Inyo,2021-03-04,128,6460,4,2977,124,3483,0,0,46,2418,82,2021,46,4439,California
Inyo,2021-03-05,141,6601,56,3033,85,3568,0,0,38,2353,103,2124,38,4477,California
Inyo,2021-03-06,31,6632,1,3034,30,3598,0,0,30,2382,1,2125,30,4507,California
Inyo,2021-03-07,7,6639,4,3038,3,3601,0,0,5,2385,2,2127,5,4512,California
Inyo,2021-03-08,182,6821,5,3043,177,3778,0,0,91,2385,91,2218,91,4603,California
Inyo,2021-03-09,187,7008,2,3045,185,3963,0,0,71,2340,116,2334,71,4674,California
Inyo,2021-03-10,70,7078,8,3053,61,4024,1,1,30,2331,40,2374,31,4705,California
Inyo,2021-03-11,204,7282,1,3054,198,4222,5,6,74,2280,130,2504,79,4784,California
Inyo,2021-03-12,175,7457,4,3058,166,4388,5,11,77,2264,98,2602,82,4866,California
Inyo,2021-03-13,576,8033,541,3599,25,4413,10,21,72,1843,503,3105,82,4948,California
Inyo,2021-03-14,431,8464,430,4029,1,4414,0,21,7,1427,423,3528,7,4955,California
Inyo,2021-03-15,51,8515,15,4044,34,4448,2,23,30,1438,21,3549,32,4987,California
Inyo,2021-03-16,163,8678,4,4048,153,4601,6,29,63,1408,99,3648,69,5056,California
Inyo,2021-03-17,108,8786,3,4051,98,4699,7,36,92,1491,16,3664,99,5155,California
Inyo,2021-03-18,184,8970,15,4066,162,4861,7,43,103,1520,81,3745,110,5265,California
Inyo,2021-03-19,46,9016,4,4070,38,4899,4,47,36,1550,10,3755,40,5305,California
Inyo,2021-03-20,20,9036,1,4071,10,4909,9,56,1,1541,19,3774,10,5315,California
Inyo,2021-03-22,59,9095,2,4073,52,4961,5,61,39,1565,20,3794,44,5359,California
Inyo,2021-03-23,194,9289,4,4077,186,5147,4,65,104,1583,90,3884,108,5467,California
Inyo,2021-03-24,140,9429,3,4080,133,5280,4,69,87,1621,53,3937,91,5558,California
Inyo,2021-03-25,325,9754,104,4184,217,5497,4,73,258,1816,67,4004,262,5820,California
Inyo,2021-03-26,91,9845,3,4187,84,5581,4,77,71,1871,20,4024,75,5895,California
Inyo,2021-03-27,52,9897,44,4231,5,5586,3,80,46,1914,6,4030,49,5944,California
Inyo,2021-03-28,4,9901,1,4232,2,5588,1,81,1,1913,3,4033,2,5946,California
Inyo,2021-03-29,109,10010,2,4234,102,5690,5,86,82,1974,26,4059,87,6033,California
Inyo,2021-03-30,212,10222,2,4236,205,5895,5,91,101,1969,111,4170,106,6139,California
Inyo,2021-03-31,149,10371,4,4240,140,6035,5,96,108,2041,41,4211,113,6252,California
Inyo,2021-04-01,164,10535,4,4244,159,6194,1,97,115,2108,49,4260,116,6368,California
Inyo,2021-04-02,80,10615,1,4245,77,6271,2,99,51,2132,29,4289,53,6421,California
Inyo,2021-04-03,94,10709,47,4292,33,6304,14,113,5,2063,87,4376,18,6439,California
Inyo,2021-04-04,5,10714,4,4296,0,6304,1,114,1,2061,4,4380,2,6441,California
Inyo,2021-04-05,117,10831,1,4297,112,6416,4,118,29,2006,88,4468,33,6474,California
Inyo,2021-04-06,236,11067,6,4303,167,6583,63,181,105,2043,131,4599,168,6642,California
Inyo,2021-04-07,201,11268,2,4305,73,6656,126,307,46,2059,156,4755,172,6814,California
Inyo,2021-04-08,178,11446,15,4320,146,6802,17,324,80,2058,98,4853,97,6911,California
Inyo,2021-04-09,125,11571,7,4327,95,6897,23,347,38,2033,86,4939,61,6972,California
Inyo,2021-04-10,42,11613,1,4328,24,6921,17,364,3,2014,39,4978,20,6992,California
Inyo,2021-04-11,1,11614,0,4328,1,6922,0,364,1,2015,0,4978,1,6993,California
Inyo,2021-04-12,80,11694,0,4328,75,6997,5,369,41,2022,39,5017,46,7039,California
Inyo,2021-04-13,119,11813,3,4331,113,7110,3,372,61,2029,57,5074,64,7103,California
Inyo,2021-04-14,127,11940,2,4333,125,7235,0,372,42,1986,85,5159,42,7145,California
Inyo,2021-04-15,273,12213,115,4448,158,7393,0,372,83,1879,190,5349,83,7228,California
Inyo,2021-04-16,49,12262,6,4454,43,7436,0,372,21,1872,28,5377,21,7249,California
Inyo,2021-04-17,2,12264,1,4455,1,7437,0,372,1,1872,1,5378,1,7250,California
Inyo,2021-04-19,130,12394,43,4498,87,7524,0,372,44,1830,86,5464,44,7294,California
Inyo,2021-04-20,164,12558,3,4501,161,7685,0,372,81,1828,83,5547,81,7375,California
Inyo,2021-04-21,113,12671,4,4505,109,7794,0,372,32,1779,81,5628,32,7407,California
Inyo,2021-04-22,196,12867,1,4506,195,7989,0,372,52,1687,144,5772,52,7459,California
Inyo,2021-04-23,95,12962,4,4510,91,8080,0,372,22,1636,73,5845,22,7481,California
Inyo,2021-04-24,310,13272,309,4819,1,8081,0,372,305,1936,5,5850,305,7786,California
Inyo,2021-04-25,136,13408,135,4954,1,8082,0,372,136,2072,0,5850,136,7922,California
Inyo,2021-04-26,91,13499,0,4954,90,8172,1,373,10,2002,81,5931,11,7933,California
Inyo,2021-04-27,178,13677,7,4961,166,8338,5,378,49,1927,129,6060,54,7987,California
Inyo,2021-04-28,121,13798,2,4963,117,8455,2,380,20,1848,101,6161,22,8009,California
Inyo,2021-04-29,172,13970,56,5019,116,8571,0,380,79,1835,92,6253,79,8088,California
Inyo,2021-04-30,85,14055,5,5024,79,8650,1,381,24,1799,61,6314,25,8113,California
Inyo,2021-05-01,11,14066,3,5027,8,8658,0,381,9,1806,2,6316,9,8122,California
Inyo,2021-05-02,7,14073,3,5030,2,8660,2,383,4,1809,3,6319,6,8128,California
Inyo,2021-05-03,38,14111,1,5031,33,8693,4,387,5,1785,33,6352,9,8137,California
Inyo,2021-05-04,121,14232,2,5033,115,8808,4,391,23,1714,98,6450,27,8164,California
Inyo,2021-05-05,35,14267,0,5033,33,8841,2,393,11,1703,24,6474,13,8177,California
Inyo,2021-05-06,93,14360,5,5038,80,8921,8,401,13,1644,80,6554,21,8198,California
Inyo,2021-05-07,48,14408,4,5042,36,8957,8,409,24,1653,23,6577,32,8230,California
Inyo,2021-05-08,11,14419,2,5044,4,8961,5,414,4,1655,7,6584,9,8239,California
Inyo,2021-05-09,1,14420,0,5044,1,8962,0,414,0,1654,1,6585,0,8239,California
Inyo,2021-05-10,69,14489,1,5045,66,9028,2,416,30,1648,39,6624,33,8272,California
Inyo,2021-05-11,87,14576,1,5046,83,9111,3,419,20,1604,67,6691,23,8295,California
Inyo,2021-05-12,43,14619,2,5048,39,9150,2,421,10,1584,32,6723,12,8307,California
Inyo,2021-05-13,74,14693,1,5049,72,9222,1,422,11,1534,62,6785,12,8319,California
Inyo,2021-05-14,25,14718,3,5052,18,9240,4,426,12,1537,13,6798,16,8335,California
Inyo,2021-05-15,369,15087,363,5415,4,9244,2,428,77,1324,292,7090,79,8414,California
Inyo,2021-05-16,196,15283,196,5611,0,9244,0,428,69,1266,127,7217,69,8483,California
Kern,2020-12-15,1,1,1,1,0,0,0,0,1,1,0,0,1,1,California
Kern,2020-12-16,18,19,18,19,0,0,0,0,18,19,0,0,18,19,California
Kern,2020-12-17,163,182,163,182,0,0,0,0,163,182,0,0,163,182,California
Kern,2020-12-18,322,504,322,504,0,0,0,0,322,504,0,0,322,504,California
Kern,2020-12-19,98,602,98,602,0,0,0,0,99,603,0,0,99,603,California
Kern,2020-12-20,61,663,61,663,0,0,0,0,61,664,0,0,61,664,California
Kern,2020-12-21,671,1334,670,1333,1,1,0,0,671,1335,0,0,671,1335,California
Kern,2020-12-22,530,1864,527,1860,3,4,0,0,530,1865,0,0,530,1865,California
Kern,2020-12-23,555,2419,417,2277,138,142,0,0,555,2420,0,0,555,2420,California
Kern,2020-12-24,122,2541,43,2320,79,221,0,0,122,2542,0,0,122,2542,California
Kern,2020-12-25,1,2542,1,2321,0,221,0,0,1,2543,0,0,1,2543,California
Kern,2020-12-26,33,2575,1,2322,32,253,0,0,33,2576,0,0,33,2576,California
Kern,2020-12-27,35,2610,3,2325,32,285,0,0,35,2611,0,0,35,2611,California
Kern,2020-12-28,827,3437,663,2988,164,449,0,0,827,3438,0,0,827,3438,California
Kern,2020-12-29,745,4182,452,3440,293,742,0,0,744,4181,1,1,744,4182,California
Kern,2020-12-30,1203,5385,910,4350,293,1035,0,0,1203,5384,0,1,1203,5385,California
Kern,2020-12-31,277,5662,99,4449,178,1213,0,0,277,5661,0,1,277,5662,California
Kern,2021-01-01,13,5675,6,4455,7,1220,0,0,13,5674,0,1,13,5675,California
Kern,2021-01-02,78,5753,18,4473,60,1280,0,0,78,5752,0,1,78,5753,California
Kern,2021-01-03,23,5776,4,4477,19,1299,0,0,23,5775,0,1,23,5776,California
Kern,2021-01-04,555,6331,361,4838,194,1493,0,0,555,6330,0,1,555,6331,California
Kern,2021-01-05,1134,7465,739,5577,395,1888,0,0,1122,7440,12,13,1122,7453,California
Kern,2021-01-06,1167,8632,455,6032,712,2600,0,0,1137,8547,30,43,1137,8590,California
Kern,2021-01-07,1406,10038,493,6525,913,3513,0,0,1238,9618,167,210,1238,9828,California
Kern,2021-01-08,1628,11666,768,7293,860,4373,0,0,1330,10650,299,509,1331,11159,California
Kern,2021-01-09,226,11892,77,7370,149,4522,0,0,192,10808,34,543,192,11351,California
Kern,2021-01-10,194,12086,148,7518,46,4568,0,0,153,10920,41,584,153,11504,California
Kern,2021-01-11,1556,13642,984,8502,572,5140,0,0,1001,11366,555,1139,1001,12505,California
Kern,2021-01-12,1868,15510,810,9312,1058,6198,0,0,1357,12212,511,1650,1357,13862,California
Kern,2021-01-13,1852,17362,869,10181,983,7181,0,0,1432,13224,420,2070,1432,15294,California
Kern,2021-01-14,2185,19547,645,10826,1540,8721,0,0,2140,15318,46,2116,2140,17434,California
Kern,2021-01-15,2705,22252,858,11684,1847,10568,0,0,2608,17832,95,2211,2609,20043,California
Kern,2021-01-16,671,22923,213,11897,458,11026,0,0,636,18433,35,2246,636,20679,California
Kern,2021-01-17,73,22996,7,11904,66,11092,0,0,71,18502,2,2248,71,20750,California
Kern,2021-01-18,1645,24641,659,12563,986,12078,0,0,1477,19811,168,2416,1477,22227,California
Kern,2021-01-19,1855,26496,1035,13598,820,12898,0,0,1388,20733,467,2883,1389,23616,California
Kern,2021-01-20,2557,29053,1622,15220,935,13833,0,0,1856,21895,696,3579,1858,25474,California
Kern,2021-01-21,2168,31221,922,16142,1246,15079,0,0,1972,23672,195,3774,1972,27446,California
Kern,2021-01-22,2711,33932,1293,17435,1418,16497,0,0,2433,25828,277,4051,2433,29879,California
Kern,2021-01-23,1244,35176,535,17970,709,17206,0,0,1198,26980,46,4097,1198,31077,California
Kern,2021-01-24,160,35336,18,17988,142,17348,0,0,154,27128,6,4103,154,31231,California
Kern,2021-01-25,2385,37721,1086,19074,1299,18647,0,0,1900,28545,484,4587,1901,33132,California
Kern,2021-01-26,2770,40491,1129,20203,1641,20288,0,0,1912,29600,857,5444,1912,35044,California
Kern,2021-01-27,3564,44055,1907,22110,1657,21945,0,0,2863,31765,698,6142,2863,37907,California
Kern,2021-01-28,2865,46920,1354,23464,1511,23456,0,0,2431,33770,429,6571,2434,40341,California
Kern,2021-01-29,3788,50708,1808,25272,1980,25436,0,0,3241,36467,544,7115,3241,43582,California
Kern,2021-01-30,1325,52033,497,25769,828,26264,0,0,1277,37698,46,7161,1277,44859,California
Kern,2021-01-31,403,52436,276,26045,127,26391,0,0,268,37831,135,7296,268,45127,California
Kern,2021-02-01,2425,54861,820,26865,1605,27996,0,0,1871,39152,551,7847,1872,46999,California
Kern,2021-02-02,2923,57784,973,27838,1950,29946,0,0,2060,40350,863,8710,2061,49060,California
Kern,2021-02-03,3662,61446,1551,29389,2111,32057,0,0,2693,42081,962,9672,2693,51753,California
Kern,2021-02-04,3804,65250,1452,30841,2352,34409,0,0,2589,43466,1204,10876,2589,54342,California
Kern,2021-02-05,4850,70100,1989,32830,2861,37270,0,0,3090,44815,1741,12617,3090,57432,California
Kern,2021-02-06,1736,71836,767,33597,969,38239,0,0,1512,46106,221,12838,1512,58944,California
Kern,2021-02-07,283,72119,151,33748,132,38371,0,0,267,46359,14,12852,267,59211,California
Kern,2021-02-08,2563,74682,788,34536,1775,40146,0,0,1254,46323,1291,14143,1255,60466,California
Kern,2021-02-09,3040,77722,988,35524,2052,42198,0,0,1467,46226,1564,15707,1467,61933,California
Kern,2021-02-10,3788,81510,1660,37184,2128,44326,0,0,1873,46201,1899,17606,1874,63807,California
Kern,2021-02-11,4262,85772,1536,38720,2726,47052,0,0,2223,46399,2026,19632,2224,66031,California
Kern,2021-02-12,4951,90723,1892,40612,3059,50111,0,0,2478,46418,2459,22091,2478,68509,California
Kern,2021-02-13,2010,92733,728,41340,1282,51393,0,0,1165,46740,843,22934,1165,69674,California
Kern,2021-02-14,351,93084,12,41352,339,51732,0,0,270,46930,80,23014,270,69944,California
Kern,2021-02-15,2740,95824,894,42246,1846,53578,0,0,1209,46617,1522,24536,1209,71153,California
Kern,2021-02-16,2943,98767,720,42966,2223,55801,0,0,1649,46984,1283,25819,1650,72803,California
Kern,2021-02-17,4070,102837,2079,45045,1991,57792,0,0,1927,46775,2137,27956,1928,74731,California
Kern,2021-02-18,3753,106590,1484,46529,2269,60061,0,0,1618,46271,2122,30078,1618,76349,California
Kern,2021-02-19,4200,110790,1917,48446,2283,62344,0,0,1739,45558,2452,32530,1739,78088,California
Kern,2021-02-20,2569,113359,967,49413,1602,63946,0,0,1339,45670,1227,33757,1339,79427,California
Kern,2021-02-21,258,113617,152,49565,106,64052,0,0,90,45594,166,33923,90,79517,California
Kern,2021-02-22,2662,116279,1149,50714,1513,65565,0,0,1428,45793,1229,35152,1428,80945,California
Kern,2021-02-23,3553,119832,1130,51844,2423,67988,0,0,1979,46201,1572,36724,1980,82925,California
Kern,2021-02-24,5184,125016,2286,54130,2898,70886,0,0,3092,47205,2088,38812,3092,86017,California
Kern,2021-02-25,5362,130378,2454,56584,2908,73794,0,0,3181,48224,2162,40974,3181,89198,California
Kern,2021-02-26,6892,137270,3524,60108,3368,77162,0,0,4352,50044,2533,43507,4353,93551,California
Kern,2021-02-27,3857,141127,1896,62004,1961,79123,0,0,2522,51238,1328,44835,2522,96073,California
Kern,2021-02-28,912,142039,501,62505,410,79533,1,1,691,51711,219,45054,692,96765,California
Kern,2021-03-01,3992,146031,1809,64314,2180,81713,3,4,2680,53090,1304,46358,2683,99448,California
Kern,2021-03-02,4375,150406,1376,65690,2998,84711,1,5,2867,54460,1497,47855,2867,102315,California
Kern,2021-03-03,5803,156209,2698,68388,3105,87816,0,5,3713,56098,2076,49931,3714,106029,California
Kern,2021-03-04,5554,161763,2163,70551,3388,91204,3,8,3558,57676,1982,51913,3560,109589,California
Kern,2021-03-05,6476,168239,2671,73222,3786,94990,19,27,4046,59319,2422,54335,4065,113654,California
Kern,2021-03-06,4716,172955,1912,75134,2703,97693,101,128,3446,61603,1262,55597,3546,117200,California
Kern,2021-03-07,2046,175001,1586,76720,411,98104,49,177,1855,63317,190,55787,1904,119104,California
Kern,2021-03-08,2817,177818,858,77578,1746,99850,213,390,1471,63659,1340,57127,1682,120786,California
Kern,2021-03-09,3632,181450,790,78368,2459,102309,383,773,2237,64889,1388,58515,2618,123404,California
Kern,2021-03-10,6030,187480,2469,80837,2490,104799,1071,1844,3505,66951,2512,61027,4574,127978,California
Kern,2021-03-11,6299,193779,2411,83248,2862,107661,1026,2870,3742,69172,2545,63572,4766,132744,California
Kern,2021-03-12,7670,201449,2925,86173,3393,111054,1352,4222,4161,71180,3496,67068,5504,138248,California
Kern,2021-03-13,4429,205878,2303,88476,1791,112845,335,4557,3011,73108,1412,68480,3340,141588,California
Kern,2021-03-14,2185,208063,1412,89888,534,113379,239,4796,1667,74494,518,68998,1904,143492,California
Kern,2021-03-15,4249,212312,1087,90975,2448,115827,714,5510,2181,75327,2056,71054,2889,146381,California
Kern,2021-03-16,4333,216645,1009,91984,2796,118623,528,6038,2331,76190,1993,73047,2856,149237,California
Kern,2021-03-17,7242,223887,3812,95796,2873,121496,557,6595,4293,78101,2938,75985,4849,154086,California
Kern,2021-03-18,6991,230878,3409,99205,3003,124499,579,7174,4162,80029,2809,78794,4737,158823,California
Kern,2021-03-19,8751,239629,4771,103976,3332,127831,648,7822,4550,81035,4187,82981,5193,164016,California
Kern,2021-03-20,5939,245568,3595,107571,2170,130001,174,7996,3814,82908,2116,85097,3989,168005,California
Kern,2021-03-21,2866,248434,1753,109324,236,130237,877,8873,1684,84292,1176,86273,2560,170565,California
Kern,2021-03-22,3949,252383,1545,110869,2047,132284,357,9230,1917,84545,2021,88294,2274,172839,California
Kern,2021-03-23,4699,257082,1653,112522,2848,135132,198,9428,2492,85055,2178,90472,2688,175527,California
Kern,2021-03-24,6998,264080,3508,116030,3017,138149,473,9901,3665,85873,3319,93791,4137,179664,California
Kern,2021-03-25,6636,270716,2885,118915,3420,141569,331,10232,3267,86117,3351,97142,3595,183259,California
Kern,2021-03-26,9600,280316,4155,123070,4191,145760,1254,11486,4746,87278,4837,101979,5998,189257,California
Kern,2021-03-27,5438,285754,3741,126811,1569,147329,128,11614,3301,88571,2135,104114,3428,192685,California
Kern,2021-03-28,4345,290099,3857,130668,474,147803,14,11628,2773,89787,1571,105685,2787,195472,California
Kern,2021-03-29,4201,294300,1634,132302,2289,150092,278,11906,2616,91104,1574,107259,2891,198363,California
Kern,2021-03-30,5537,299837,1825,134127,3328,153420,384,12290,3080,92114,2452,109711,3462,201825,California
Kern,2021-03-31,8125,307962,4284,138411,3195,156615,646,12936,4292,93231,3820,113531,4937,206762,California
Kern,2021-04-01,7628,315590,3645,142056,3685,160300,298,13234,4118,94150,3495,117026,4414,211176,California
Kern,2021-04-02,8155,323745,4201,146257,3349,163649,605,13839,4090,94792,4050,121076,4692,215868,California
Kern,2021-04-03,5716,329461,3418,149675,2115,165764,183,14022,2626,94517,3083,124159,2808,218676,California
Kern,2021-04-04,1330,330791,867,150542,379,166143,84,14106,546,94365,782,124941,630,219306,California
Kern,2021-04-05,5326,336117,2192,152734,2368,168511,766,14872,2885,95560,2431,127372,3626,222932,California
Kern,2021-04-06,7066,343183,2459,155193,3245,171756,1362,16234,3605,97084,3439,130811,4963,227895,California
Kern,2021-04-07,9281,352464,5404,160597,2922,174678,955,17189,4670,98115,4593,135404,5624,233519,California
Kern,2021-04-08,8594,361058,4757,165354,2934,177612,903,18092,3926,98293,4645,140049,4823,238342,California
Kern,2021-04-09,10136,371194,5093,170447,4060,181672,983,19075,4457,98075,5655,145704,5437,243779,California
Kern,2021-04-10,6523,377717,3425,173872,1859,183531,1239,20314,2295,97382,4220,149924,3527,247306,California
Kern,2021-04-11,3762,381479,2888,176760,356,183887,518,20832,1429,97004,2322,152246,1944,249250,California
Kern,2021-04-12,4376,385855,984,177744,2422,186309,970,21802,1577,96766,2784,155030,2546,251796,California
Kern,2021-04-13,4272,390127,1409,179153,2838,189147,25,21827,2128,96785,2135,157165,2154,253950,California
Kern,2021-04-14,6026,396153,2963,182116,3041,192188,22,21849,3066,96927,2945,160110,3087,257037,California
Kern,2021-04-15,5254,401407,2462,184578,2790,194978,2,21851,2535,96760,2704,162814,2537,259574,California
Kern,2021-04-16,7244,408651,3437,188015,3806,198784,1,21852,3082,95703,4141,166955,3084,262658,California
Kern,2021-04-17,5893,414544,3854,191869,2039,200823,0,21852,2257,94337,3624,170579,2258,264916,California
Kern,2021-04-18,3703,418247,3466,195335,237,201060,0,21852,1082,92805,2614,173193,1082,265998,California
Kern,2021-04-19,3800,422047,1724,197059,2075,203135,1,21853,1442,91908,2339,175532,1442,267440,California
Kern,2021-04-20,4311,426358,1545,198604,2765,205900,1,21854,1667,90944,2633,178165,1669,269109,California
Kern,2021-04-21,5849,432207,3120,201724,2724,208624,5,21859,2246,89610,3584,181749,2250,271359,California
Kern,2021-04-22,4780,436987,2311,204035,2469,211093,0,21859,1769,88389,2991,184740,1770,273129,California
Kern,2021-04-23,6043,443030,2936,206971,3106,214199,1,21860,2000,86382,4009,188749,2002,275131,California
Kern,2021-04-24,3930,446960,2729,209700,1191,215390,10,21870,1482,85442,2432,191181,1492,276623,California
Kern,2021-04-25,1341,448301,1063,210763,278,215668,0,21870,772,85650,564,191745,772,277395,California
Kern,2021-04-26,3771,452072,1817,212580,1902,217570,52,21922,1041,84026,2719,194464,1095,278490,California
Kern,2021-04-27,4635,456707,2277,214857,2257,219827,101,22023,1413,82328,3209,197673,1511,280001,California
Kern,2021-04-28,6244,462951,3672,218529,2449,222276,123,22146,1781,79779,4450,202123,1901,281902,California
Kern,2021-04-29,5506,468457,3062,221591,2344,224620,100,22246,1634,77662,3852,205975,1735,283637,California
Kern,2021-04-30,5575,474032,3118,224709,2299,226919,158,22404,1624,75505,3938,209913,1781,285418,California
Kern,2021-05-01,2568,476600,1796,226505,713,227632,59,22463,955,74912,1606,211519,1013,286431,California
Kern,2021-05-02,1885,478485,1601,228106,263,227895,21,22484,695,74443,1185,212704,716,287147,California
Kern,2021-05-03,2425,480910,951,229057,1343,229238,131,22615,752,73669,1659,214363,885,288032,California
Kern,2021-05-04,3527,484437,1228,230285,2193,231431,106,22721,1234,72728,2279,216642,1338,289370,California
Kern,2021-05-05,4128,488565,2128,232413,1849,233280,151,22872,1358,71480,2756,219398,1508,290878,California
Kern,2021-05-06,3525,492090,1566,233979,1817,235097,142,23014,1084,70283,2422,221820,1225,292103,California
Kern,2021-05-07,4549,496639,2281,236260,2095,237192,173,23187,1276,68482,3248,225068,1447,293550,California
Kern,2021-05-08,2850,499489,1798,238058,937,238129,115,23302,896,67551,1941,227009,1010,294560,California
Kern,2021-05-09,1299,500788,1124,239182,145,238274,30,23332,450,67189,842,227851,480,295040,California
Kern,2021-05-10,2147,502935,810,239992,1240,239514,97,23429,620,66395,1509,229360,715,295755,California
Kern,2021-05-11,2551,505486,870,240862,1558,241072,123,23552,927,65831,1615,230975,1051,296806,California
Kern,2021-05-12,3434,508920,1375,242237,1911,242983,148,23700,1078,64711,2346,233321,1226,298032,California
Kern,2021-05-13,3176,512096,1663,243900,1370,244353,143,23843,1469,64623,1697,235018,1609,299641,California
Kern,2021-05-14,4023,516119,2368,246268,1464,245817,191,24034,1828,64464,2177,237195,2018,301659,California
Kern,2021-05-15,2297,518416,1529,247797,728,246545,40,24074,1172,64559,1117,238312,1212,302871,California
Kern,2021-05-16,1170,519586,1092,248889,62,246607,16,24090,661,64732,504,238816,677,303548,California
Kings,2020-12-16,1,1,1,1,0,0,0,0,1,1,0,0,1,1,California
Kings,2020-12-17,8,9,8,9,0,0,0,0,8,9,0,0,8,9,California
Kings,2020-12-18,12,21,12,21,0,0,0,0,12,21,0,0,12,21,California
Kings,2020-12-19,11,32,11,32,0,0,0,0,11,32,0,0,11,32,California
Kings,2020-12-20,13,45,13,45,0,0,0,0,13,45,0,0,13,45,California
Kings,2020-12-21,156,201,156,201,0,0,0,0,269,314,0,0,269,314,California
Kings,2020-12-22,143,344,143,344,0,0,0,0,140,454,0,0,140,454,California
Kings,2020-12-23,135,479,123,467,12,12,0,0,136,590,0,0,136,590,California
Kings,2020-12-24,11,490,9,476,2,14,0,0,11,601,0,0,11,601,California
Kings,2020-12-26,7,497,4,480,3,17,0,0,7,608,0,0,7,608,California
Kings,2020-12-27,4,501,4,484,0,17,0,0,4,612,0,0,4,612,California
Kings,2020-12-28,131,632,103,587,28,45,0,0,132,744,0,0,132,744,California
Kings,2020-12-29,78,710,51,638,27,72,0,0,79,823,0,0,79,823,California
Kings,2020-12-30,148,858,109,747,39,111,0,0,148,971,0,0,148,971,California
Kings,2020-12-31,45,903,6,753,39,150,0,0,45,1016,0,0,45,1016,California
Kings,2021-01-01,1,904,0,753,1,151,0,0,1,1017,0,0,1,1017,California
Kings,2021-01-02,10,914,9,762,1,152,0,0,10,1027,0,0,10,1027,California
Kings,2021-01-04,112,1026,42,804,70,222,0,0,112,1139,0,0,112,1139,California
Kings,2021-01-05,196,1222,39,843,157,379,0,0,196,1335,0,0,196,1335,California
Kings,2021-01-06,277,1499,178,1021,99,478,0,0,274,1606,3,3,274,1609,California
Kings,2021-01-07,178,1677,81,1102,97,575,0,0,170,1768,8,11,170,1779,California
Kings,2021-01-08,247,1924,54,1156,193,768,0,0,228,1977,19,30,228,2007,California
Kings,2021-01-09,63,1987,9,1165,54,822,0,0,55,2024,8,38,55,2062,California
Kings,2021-01-10,15,2002,3,1168,12,834,0,0,12,2033,3,41,12,2074,California
Kings,2021-01-11,518,2520,354,1522,164,998,0,0,276,2068,242,283,277,2351,California
Kings,2021-01-12,350,2870,253,1775,97,1095,0,0,216,2153,131,414,216,2567,California
Kings,2021-01-13,416,3286,270,2045,146,1241,0,0,324,2385,92,506,324,2891,California
Kings,2021-01-14,210,3496,32,2077,178,1419,0,0,200,2565,21,527,201,3092,California
Kings,2021-01-15,418,3914,30,2107,388,1807,0,0,406,2959,12,539,406,3498,California
Kings,2021-01-16,31,3945,12,2119,19,1826,0,0,30,2988,1,540,30,3528,California
Kings,2021-01-17,9,3954,6,2125,3,1829,0,0,7,2993,2,542,7,3535,California
Kings,2021-01-18,172,4126,40,2165,132,1961,0,0,146,3113,26,568,146,3681,California
Kings,2021-01-19,378,4504,159,2324,219,2180,0,0,249,3233,129,697,249,3930,California
Kings,2021-01-20,237,4741,146,2470,91,2271,0,0,127,3255,105,802,127,4057,California
Kings,2021-01-21,190,4931,35,2505,155,2426,0,0,174,3411,18,820,174,4231,California
Kings,2021-01-22,126,5057,40,2545,86,2512,0,0,126,3532,5,825,126,4357,California
Kings,2021-01-23,26,5083,14,2559,12,2524,0,0,20,3546,6,831,20,4377,California
Kings,2021-01-24,4,5087,4,2563,0,2524,0,0,2,3546,2,833,2,4379,California
Kings,2021-01-25,124,5211,26,2589,98,2622,0,0,90,3602,34,867,90,4469,California
Kings,2021-01-26,154,5365,35,2624,119,2741,0,0,115,3678,39,906,115,4584,California
Kings,2021-01-27,319,5684,34,2658,285,3026,0,0,249,3858,69,975,249,4833,California
Kings,2021-01-28,326,6010,46,2704,280,3306,0,0,271,4074,55,1030,271,5104,California
Kings,2021-01-29,86,6096,26,2730,60,3366,0,0,69,4126,17,1047,69,5173,California
Kings,2021-01-30,1556,7652,31,2761,1525,4891,0,0,1553,5678,3,1050,1555,6728,California
Kings,2021-02-01,199,7851,64,2825,135,5026,0,0,72,5625,125,1175,72,6800,California
Kings,2021-02-02,232,8083,14,2839,218,5244,0,0,82,5558,149,1324,82,6882,California
Kings,2021-02-03,357,8440,191,3030,166,5410,0,0,201,5604,155,1479,201,7083,California
Kings,2021-02-04,396,8836,99,3129,297,5707,0,0,198,5605,197,1676,198,7281,California
Kings,2021-02-05,258,9094,15,3144,243,5950,0,0,101,5551,155,1831,101,7382,California
Kings,2021-02-06,61,9155,10,3154,51,6001,0,0,28,5546,33,1864,28,7410,California
Kings,2021-02-07,5,9160,3,3157,2,6003,0,0,3,5547,2,1866,3,7413,California
Kings,2021-02-08,171,9331,29,3186,142,6145,0,0,68,5512,103,1969,68,7481,California
Kings,2021-02-09,253,9584,57,3243,196,6341,0,0,110,5481,141,2110,110,7591,California
Kings,2021-02-10,286,9870,113,3356,173,6514,0,0,169,5533,117,2227,169,7760,California
Kings,2021-02-11,430,10300,65,3421,365,6879,0,0,316,5736,113,2340,316,8076,California
Kings,2021-02-12,623,10923,36,3457,587,7466,0,0,347,5808,275,2615,347,8423,California
Kings,2021-02-13,104,11027,6,3463,98,7564,0,0,78,5860,26,2641,78,8501,California
Kings,2021-02-14,102,11129,4,3467,98,7662,0,0,94,5946,8,2649,94,8595,California
Kings,2021-02-15,246,11375,5,3472,241,7903,0,0,137,5975,108,2757,137,8732,California
Kings,2021-02-16,486,11861,33,3505,453,8356,0,0,251,5992,234,2991,251,8983,California
Kings,2021-02-17,380,12241,23,3528,357,8713,0,0,243,6099,137,3128,244,9227,California
Kings,2021-02-18,155,12396,23,3551,132,8845,0,0,98,6140,57,3185,98,9325,California
Kings,2021-02-19,159,12555,24,3575,135,8980,0,0,103,6190,53,3238,103,9428,California
Kings,2021-02-20,171,12726,40,3615,131,9111,0,0,134,6287,37,3275,134,9562,California
Kings,2021-02-21,3,12729,2,3617,1,9112,0,0,3,6290,0,3275,3,9565,California
Kings,2021-02-22,110,12839,19,3636,91,9203,0,0,51,6282,59,3334,51,9616,California
Kings,2021-02-23,297,13136,70,3706,227,9430,0,0,180,6345,117,3451,180,9796,California
Kings,2021-02-24,597,13733,154,3860,443,9873,0,0,385,6518,212,3663,385,10181,California
Kings,2021-02-25,684,14417,132,3992,552,10425,0,0,466,6768,216,3879,466,10647,California
Kings,2021-02-26,664,15081,134,4126,530,10955,0,0,602,7308,62,3941,602,11249,California
Kings,2021-02-27,1499,16580,62,4188,1437,12392,0,0,564,6938,934,4875,564,11813,California
Kings,2021-02-28,1171,17751,597,4785,574,12966,0,0,674,7118,494,5369,674,12487,California
Kings,2021-03-01,261,18012,80,4865,181,13147,0,0,216,7289,45,5414,216,12703,California
Kings,2021-03-02,475,18487,209,5074,266,13413,0,0,425,7665,50,5464,426,13129,California
Kings,2021-03-03,630,19117,304,5378,326,13739,0,0,440,7917,188,5652,440,13569,California
Kings,2021-03-04,718,19835,342,5720,376,14115,0,0,622,8444,96,5748,623,14192,California
Kings,2021-03-05,1059,20894,349,6069,701,14816,9,9,942,9279,117,5865,952,15144,California
Kings,2021-03-06,511,21405,184,6253,314,15130,13,22,481,9743,30,5895,494,15638,California
Kings,2021-03-07,365,21770,224,6477,137,15267,4,26,357,10096,8,5903,361,15999,California
Kings,2021-03-08,370,22140,96,6573,221,15488,53,79,262,10302,108,6011,314,16313,California
Kings,2021-03-09,524,22664,239,6812,230,15718,55,134,417,10669,106,6117,473,16786,California
Kings,2021-03-10,506,23170,125,6937,290,16008,91,225,322,10898,183,6300,412,17198,California
Kings,2021-03-11,1023,24193,305,7242,608,16616,110,335,618,11223,403,6703,728,17926,California
Kings,2021-03-12,1359,25552,441,7683,824,17440,94,429,958,11877,400,7103,1054,18980,California
Kings,2021-03-13,670,26222,331,8014,295,17735,44,473,544,12340,126,7229,589,19569,California
Kings,2021-03-14,671,26893,101,8115,184,17919,386,859,200,12455,471,7700,586,20155,California
Kings,2021-03-15,703,27596,266,8381,322,18241,115,974,466,12802,236,7936,583,20738,California
Kings,2021-03-16,1039,28635,438,8819,540,18781,61,1035,702,13228,337,8273,763,21501,California
Kings,2021-03-17,1089,29724,417,9236,611,19392,61,1096,770,13747,319,8592,838,22339,California
Kings,2021-03-18,1100,30824,466,9702,412,19804,222,1318,751,14375,348,8940,976,23315,California
Kings,2021-03-19,949,31773,468,10170,396,20200,85,1403,726,14976,223,9163,824,24139,California
Kings,2021-03-20,624,32397,255,10425,338,20538,31,1434,450,15292,172,9335,488,24627,California
Kings,2021-03-21,1401,33798,1086,11511,304,20842,11,1445,847,15596,554,9889,858,25485,California
Kings,2021-03-22,450,34248,203,11714,164,21006,83,1528,276,15785,174,10063,363,25848,California
Kings,2021-03-23,899,35147,493,12207,343,21349,63,1591,576,16106,321,10384,642,26490,California
Kings,2021-03-24,923,36070,479,12686,421,21770,23,1614,508,16225,414,10798,533,27023,California
Kings,2021-03-25,894,36964,445,13131,423,22193,26,1640,447,16253,445,11243,473,27496,California
Kings,2021-03-26,1282,38246,374,13505,823,23016,85,1725,529,16118,748,11991,613,28109,California
Kings,2021-03-27,616,38862,245,13750,359,23375,12,1737,169,15854,445,12436,181,28290,California
Kings,2021-03-28,549,39411,478,14228,64,23439,7,1744,342,16004,207,12643,357,28647,California
Kings,2021-03-29,459,39870,202,14430,196,23635,61,1805,251,16109,206,12849,311,28958,California
Kings,2021-03-30,842,40712,463,14893,341,23976,38,1843,420,16146,421,13270,458,29416,California
Kings,2021-03-31,740,41452,374,15267,302,24278,64,1907,416,16309,317,13587,480,29896,California
Kings,2021-04-01,758,42210,380,15647,295,24573,83,1990,342,16324,410,13997,425,30321,California
Kings,2021-04-02,985,43195,430,16077,433,25006,122,2112,390,16245,590,14587,511,30832,California
Kings,2021-04-03,475,43670,330,16407,137,25143,8,2120,161,16107,308,14895,170,31002,California
Kings,2021-04-04,156,43826,82,16489,68,25211,6,2126,43,16044,112,15007,49,31051,California
Kings,2021-04-05,1045,44871,323,16812,472,25683,250,2376,233,15715,811,15818,482,31533,California
Kings,2021-04-06,1188,46059,448,17260,433,26116,307,2683,292,15421,893,16711,599,32132,California
Kings,2021-04-07,1340,47399,641,17901,514,26630,185,2868,415,15099,922,17633,600,32732,California
Kings,2021-04-08,1590,48989,626,18527,713,27343,251,3119,361,14489,1222,18855,612,33344,California
Kings,2021-04-09,1143,50132,538,19065,428,27771,177,3296,242,14006,899,19754,416,33760,California
Kings,2021-04-10,589,50721,327,19392,160,27931,102,3398,177,13875,410,20164,279,34039,California
Kings,2021-04-11,328,51049,74,19466,248,28179,6,3404,196,13945,132,20296,202,34241,California
Kings,2021-04-12,697,51746,310,19776,187,28366,200,3604,190,13829,506,20802,390,34631,California
Kings,2021-04-13,896,52642,508,20284,388,28754,0,3604,296,13531,599,21401,301,34932,California
Kings,2021-04-14,1023,53665,566,20850,457,29211,0,3604,371,13251,652,22053,372,35304,California
Kings,2021-04-15,1048,54713,521,21371,526,29737,1,3605,466,13137,581,22634,467,35771,California
Kings,2021-04-16,765,55478,360,21731,405,30142,0,3605,266,12905,498,23132,266,36037,California
Kings,2021-04-17,457,55935,244,21975,213,30355,0,3605,200,12849,256,23388,200,36237,California
Kings,2021-04-18,550,56485,240,22215,310,30665,0,3605,69,12437,481,23869,69,36306,California
Kings,2021-04-19,526,57011,289,22504,237,30902,0,3605,287,12487,237,24106,287,36593,California
Kings,2021-04-20,732,57743,442,22946,290,31192,0,3605,245,12246,486,24592,245,36838,California
Kings,2021-04-21,636,58379,304,23250,332,31524,0,3605,220,12056,410,25002,220,37058,California
Kings,2021-04-22,550,58929,276,23526,274,31798,0,3605,201,11912,346,25348,202,37260,California
Kings,2021-04-23,664,59593,290,23816,374,32172,0,3605,330,11911,331,25679,330,37590,California
Kings,2021-04-24,246,59839,178,23994,67,32239,1,3606,122,11911,123,25802,123,37713,California
Kings,2021-04-25,195,60034,176,24170,19,32258,0,3606,159,12034,36,25838,159,37872,California
Kings,2021-04-26,295,60329,153,24323,139,32397,3,3609,184,12111,110,25948,187,38059,California
Kings,2021-04-27,399,60728,178,24501,202,32599,19,3628,166,12064,232,26180,185,38244,California
Kings,2021-04-28,505,61233,253,24754,232,32831,20,3648,265,12109,240,26420,285,38529,California
Kings,2021-04-29,285,61518,112,24866,162,32993,11,3659,133,12103,150,26570,144,38673,California
Kings,2021-04-30,366,61884,163,25029,186,33179,17,3676,152,12061,211,26781,169,38842,California
Kings,2021-05-01,229,62113,166,25195,53,33232,10,3686,74,11992,153,26934,84,38926,California
Kings,2021-05-02,168,62281,146,25341,22,33254,0,3686,126,12076,42,26976,126,39052,California
Kings,2021-05-03,469,62750,255,25596,201,33455,13,3699,122,11865,346,27322,135,39187,California
Kings,2021-05-04,509,63259,255,25851,234,33689,20,3719,158,11692,351,27673,178,39365,California
Kings,2021-05-05,535,63794,276,26127,239,33928,20,3739,134,11445,401,28074,154,39519,California
Kings,2021-05-06,533,64327,264,26391,246,34174,23,3762,121,11179,410,28484,144,39663,California
Kings,2021-05-07,366,64693,211,26602,141,34315,14,3776,148,11126,215,28699,162,39825,California
Kings,2021-05-08,229,64922,166,26768,52,34367,11,3787,74,11056,155,28854,85,39910,California
Kings,2021-05-09,193,65115,64,26832,129,34496,0,3787,40,10943,153,29007,40,39950,California
Kings,2021-05-10,331,65446,254,27086,67,34563,10,3797,113,10849,216,29223,122,40072,California
Kings,2021-05-11,366,65812,228,27314,111,34674,27,3824,115,10741,251,29474,143,40215,California
Kings,2021-05-12,357,66169,130,27444,214,34888,13,3837,151,10700,205,29679,164,40379,California
Kings,2021-05-13,364,66533,136,27580,223,35111,5,3842,148,10637,216,29895,153,40532,California
Kings,2021-05-14,418,66951,278,27858,110,35221,30,3872,205,10659,211,30106,233,40765,California
Kings,2021-05-15,233,67184,154,28012,64,35285,15,3887,133,10707,100,30206,148,40913,California
Kings,2021-05-16,140,67324,131,28143,9,35294,0,3887,15,10597,125,30331,15,40928,California
Lake,2020-12-17,4,4,4,4,0,0,0,0,4,4,0,0,4,4,California
Lake,2020-12-18,51,55,51,55,0,0,0,0,51,55,0,0,51,55,California
Lake,2020-12-19,3,58,3,58,0,0,0,0,3,58,0,0,3,58,California
Lake,2020-12-20,6,64,6,64,0,0,0,0,6,64,0,0,6,64,California
Lake,2020-12-21,86,150,86,150,0,0,0,0,86,150,0,0,86,150,California
Lake,2020-12-22,63,213,60,210,3,3,0,0,63,213,0,0,63,213,California
Lake,2020-12-23,123,336,114,324,9,12,0,0,123,336,0,0,123,336,California
Lake,2020-12-24,2,338,0,324,2,14,0,0,2,338,0,0,2,338,California
Lake,2020-12-26,2,340,2,326,0,14,0,0,2,340,0,0,2,340,California
Lake,2020-12-27,2,342,2,328,0,14,0,0,2,342,0,0,2,342,California
Lake,2020-12-28,52,394,43,371,9,23,0,0,52,394,0,0,52,394,California
Lake,2020-12-29,50,444,45,416,5,28,0,0,50,444,0,0,50,444,California
Lake,2020-12-30,125,569,118,534,7,35,0,0,125,569,0,0,125,569,California
Lake,2020-12-31,67,636,64,598,3,38,0,0,67,636,0,0,67,636,California
Lake,2021-01-01,1,637,0,598,1,39,0,0,1,637,0,0,1,637,California
Lake,2021-01-02,2,639,1,599,1,40,0,0,2,639,0,0,2,639,California
Lake,2021-01-04,87,726,21,620,66,106,0,0,87,726,0,0,87,726,California
Lake,2021-01-05,120,846,59,679,61,167,0,0,118,842,2,2,118,844,California
Lake,2021-01-06,105,951,65,744,40,207,0,0,103,943,2,4,103,947,California
Lake,2021-01-07,108,1059,85,829,23,230,0,0,99,1033,9,13,99,1046,California
Lake,2021-01-08,152,1211,124,953,28,258,0,0,100,1081,52,65,100,1146,California
Lake,2021-01-09,63,1274,61,1014,2,260,0,0,59,1136,4,69,59,1205,California
Lake,2021-01-10,3,1277,3,1017,0,260,0,0,0,1133,3,72,0,1205,California
Lake,2021-01-11,192,1469,151,1168,41,301,0,0,112,1165,80,152,112,1317,California
Lake,2021-01-12,81,1550,48,1216,33,334,0,0,57,1198,24,176,57,1374,California
Lake,2021-01-13,165,1715,112,1328,53,387,0,0,108,1249,57,233,108,1482,California
Lake,2021-01-14,147,1862,46,1374,101,488,0,0,125,1352,22,255,125,1607,California
Lake,2021-01-15,215,2077,92,1466,123,611,0,0,188,1513,27,282,188,1795,California
Lake,2021-01-16,134,2211,81,1547,53,664,0,0,132,1643,2,284,132,1927,California
Lake,2021-01-17,18,2229,6,1553,12,676,0,0,12,1649,6,290,12,1939,California
Lake,2021-01-18,246,2475,227,1780,19,695,0,0,126,1655,120,410,126,2065,California
Lake,2021-01-19,311,2786,117,1897,194,889,0,0,266,1877,45,455,267,2332,California
Lake,2021-01-20,422,3208,80,1977,342,1231,0,0,358,2172,63,518,358,2690,California
Lake,2021-01-21,433,3641,49,2026,384,1615,0,0,398,2535,35,553,398,3088,California
Lake,2021-01-22,318,3959,46,2072,272,1887,0,0,282,2781,36,589,282,3370,California
Lake,2021-01-23,122,4081,5,2077,117,2004,0,0,121,2901,1,590,121,3491,California
Lake,2021-01-24,5,4086,2,2079,3,2007,0,0,5,2906,0,590,5,3496,California
Lake,2021-01-25,257,4343,95,2174,162,2169,0,0,176,3001,81,671,176,3672,California
Lake,2021-01-26,429,4772,36,2210,393,2562,0,0,406,3384,23,694,406,4078,California
Lake,2021-01-27,359,5131,41,2251,318,2880,0,0,331,3688,28,722,332,4410,California
Lake,2021-01-28,498,5629,161,2412,337,3217,0,0,368,3926,130,852,368,4778,California
Lake,2021-01-29,636,6265,83,2495,553,3770,0,0,576,4442,60,912,576,5354,California
Lake,2021-01-30,554,6819,44,2539,510,4280,0,0,548,4984,6,918,548,5902,California
Lake,2021-01-31,14,6833,8,2547,6,4286,0,0,12,4994,2,920,12,5914,California
Lake,2021-02-01,179,7012,18,2565,161,4447,0,0,166,5147,13,933,166,6080,California
Lake,2021-02-02,563,7575,151,2716,412,4859,0,0,397,5378,166,1099,397,6477,California
Lake,2021-02-03,445,8020,33,2749,412,5271,0,0,340,5613,105,1204,340,6817,California
Lake,2021-02-04,119,8139,68,2817,51,5322,0,0,72,5638,47,1251,72,6889,California
Lake,2021-02-05,379,8518,70,2887,309,5631,0,0,288,5837,89,1340,288,7177,California
Lake,2021-02-06,276,8794,41,2928,235,5866,0,0,265,6091,11,1351,265,7442,California
Lake,2021-02-07,2,8796,1,2929,1,5867,0,0,2,6093,0,1351,2,7444,California
Lake,2021-02-08,279,9075,207,3136,72,5939,0,0,159,6132,120,1471,159,7603,California
Lake,2021-02-09,345,9420,25,3161,320,6259,0,0,301,6390,43,1514,301,7904,California
Lake,2021-02-10,352,9772,54,3215,298,6557,0,0,274,6586,78,1592,274,8178,California
Lake,2021-02-11,174,9946,18,3233,156,6713,0,0,58,6528,116,1708,58,8236,California
Lake,2021-02-12,376,10322,29,3262,347,7060,0,0,288,6730,87,1795,289,8525,California
Lake,2021-02-13,247,10569,7,3269,240,7300,0,0,236,6955,11,1806,236,8761,California
Lake,2021-02-14,20,10589,5,3274,15,7315,0,0,6,6947,14,1820,6,8767,California
Lake,2021-02-15,172,10761,13,3287,159,7474,0,0,8,6792,163,1983,8,8775,California
Lake,2021-02-16,423,11184,23,3310,400,7874,0,0,176,6721,247,2230,176,8951,California
Lake,2021-02-17,351,11535,54,3364,297,8171,0,0,70,6511,280,2510,70,9021,California
Lake,2021-02-18,457,11992,69,3433,388,8559,0,0,114,6282,343,2853,114,9135,California
Lake,2021-02-19,418,12410,25,3458,393,8952,0,0,93,6050,325,3178,93,9228,California
Lake,2021-02-20,294,12704,60,3518,234,9186,0,0,251,6259,42,3220,251,9479,California
Lake,2021-02-21,6,12710,6,3524,0,9186,0,0,0,6253,6,3226,0,9479,California
Lake,2021-02-22,141,12851,24,3548,117,9303,0,0,44,6200,97,3323,44,9523,California
Lake,2021-02-23,214,13065,14,3562,200,9503,0,0,28,6042,186,3509,28,9551,California
Lake,2021-02-24,955,14020,377,3939,578,10081,0,0,416,5920,538,4047,416,9967,California
Lake,2021-02-25,732,14752,465,4404,267,10348,0,0,472,6135,257,4304,472,10439,California
Lake,2021-02-26,995,15747,304,4708,691,11039,0,0,350,5843,642,4946,350,10789,California
Lake,2021-02-27,411,16158,98,4806,313,11352,0,0,328,6088,83,5029,328,11117,California
Lake,2021-02-28,18,16176,12,4818,6,11358,0,0,10,6090,8,5037,10,11127,California
Lake,2021-03-01,595,16771,53,4871,542,11900,0,0,442,6379,153,5190,442,11569,California
Lake,2021-03-02,745,17516,18,4889,727,12627,0,0,289,6212,456,5646,289,11858,California
Lake,2021-03-03,358,17874,195,5084,163,12790,0,0,135,6124,223,5869,135,11993,California
Lake,2021-03-04,578,18452,509,5593,69,12859,0,0,561,6668,17,5886,561,12554,California
Lake,2021-03-05,1036,19488,40,5633,996,13855,0,0,174,5984,858,6744,174,12728,California
Lake,2021-03-06,34,19522,9,5642,24,13879,1,1,21,5993,13,6757,22,12750,California
Lake,2021-03-07,7,19529,5,5647,2,13881,0,1,4,5994,3,6760,4,12754,California
Lake,2021-03-08,339,19868,267,5914,63,13944,9,10,299,6262,40,6800,308,13062,California
Lake,2021-03-09,915,20783,29,5943,869,14813,17,27,393,6151,521,7321,410,13472,California
Lake,2021-03-10,203,20986,60,6003,130,14943,13,40,135,6231,68,7389,148,13620,California
Lake,2021-03-11,583,21569,47,6050,62,15005,474,514,48,6218,535,7924,522,14142,California
Lake,2021-03-12,851,22420,202,6252,625,15630,24,538,362,6116,488,8412,386,14528,California
Lake,2021-03-13,277,22697,21,6273,20,15650,236,774,16,6107,260,8672,251,14779,California
Lake,2021-03-14,11,22708,2,6275,9,15659,0,774,7,6110,4,8676,7,14786,California
Lake,2021-03-15,642,23350,14,6289,611,16270,17,791,482,6449,160,8836,499,15285,California
Lake,2021-03-16,1113,24463,834,7123,262,16532,17,808,446,6248,663,9499,462,15747,California
Lake,2021-03-17,248,24711,121,7244,105,16637,22,830,92,6206,156,9655,114,15861,California
Lake,2021-03-18,748,25459,373,7617,338,16975,37,867,372,6239,375,10030,408,16269,California
Lake,2021-03-19,580,26039,313,7930,247,17222,20,887,473,6626,106,10136,493,16762,California
Lake,2021-03-20,248,26287,8,7938,237,17459,3,890,29,6441,217,10353,32,16794,California
Lake,2021-03-21,16,26303,11,7949,4,17463,1,891,11,6448,5,10358,12,16806,California
Lake,2021-03-22,325,26628,245,8194,66,17529,14,905,239,6615,86,10444,253,17059,California
Lake,2021-03-23,419,27047,21,8215,385,17914,13,918,353,6916,65,10509,366,17425,California
Lake,2021-03-24,413,27460,61,8276,344,18258,8,926,317,7147,95,10604,326,17751,California
Lake,2021-03-25,660,28120,469,8745,185,18443,6,932,175,6843,485,11089,181,17932,California
Lake,2021-03-26,68,28188,33,8778,34,18477,1,933,44,6864,24,11113,45,17977,California
Lake,2021-03-27,309,28497,7,8785,299,18776,3,936,17,6594,290,11403,20,17997,California
Lake,2021-03-28,17,28514,8,8793,9,18785,0,936,11,6599,6,11409,11,18008,California
Lake,2021-03-29,899,29413,268,9061,629,19414,2,938,193,6090,704,12113,195,18203,California
Lake,2021-03-30,452,29865,303,9364,147,19561,2,940,366,6373,85,12198,368,18571,California
Lake,2021-03-31,582,30447,60,9424,522,20083,0,940,417,6633,157,12355,417,18988,California
Lake,2021-04-01,424,30871,219,9643,193,20276,12,952,179,6582,242,12597,191,19179,California
Lake,2021-04-02,221,31092,41,9684,152,20428,28,980,98,6585,123,12720,126,19305,California
Lake,2021-04-03,32,31124,6,9690,23,20451,3,983,13,6582,19,12739,16,19321,California
Lake,2021-04-04,20,31144,11,9701,7,20458,2,985,15,6594,5,12744,17,19338,California
Lake,2021-04-05,638,31782,70,9771,549,21007,19,1004,399,6775,236,12980,417,19755,California
Lake,2021-04-06,475,32257,16,9787,433,21440,26,1030,302,6931,172,13152,328,20083,California
Lake,2021-04-07,517,32774,56,9843,410,21850,51,1081,350,7167,165,13317,401,20484,California
Lake,2021-04-08,597,33371,486,10329,45,21895,66,1147,102,6843,492,13809,168,20652,California
Lake,2021-04-09,281,33652,39,10368,173,22068,69,1216,47,6728,231,14040,116,20768,California
Lake,2021-04-10,251,33903,14,10382,13,22081,224,1440,9,6719,242,14282,233,21001,California
Lake,2021-04-11,22,33925,17,10399,3,22084,2,1442,7,6713,15,14297,9,21010,California
Lake,2021-04-12,1069,34994,232,10631,804,22888,33,1475,248,6174,820,15117,281,21291,California
Lake,2021-04-13,179,35173,109,10740,70,22958,0,1475,53,6101,126,15243,53,21344,California
Lake,2021-04-14,612,35785,38,10778,574,23532,0,1475,548,6586,63,15306,548,21892,California
Lake,2021-04-15,640,36425,192,10970,448,23980,0,1475,331,6608,309,15615,331,22223,California
Lake,2021-04-16,263,36688,29,10999,233,24213,1,1476,73,6493,189,15804,74,22297,California
Lake,2021-04-17,41,36729,12,11011,29,24242,0,1476,31,6514,10,15814,31,22328,California
Lake,2021-04-18,8,36737,5,11016,3,24245,0,1476,0,6506,8,15822,0,22328,California
Lake,2021-04-19,295,37032,38,11054,257,24502,0,1476,245,6701,50,15872,245,22573,California
Lake,2021-04-20,692,37724,278,11332,414,24916,0,1476,113,6237,578,16450,114,22687,California
Lake,2021-04-21,532,38256,64,11396,468,25384,0,1476,204,6113,328,16778,204,22891,California
Lake,2021-04-22,461,38717,50,11446,411,25795,0,1476,314,6281,146,16924,314,23205,California
Lake,2021-04-23,113,38830,58,11504,55,25850,0,1476,67,6302,46,16970,67,23272,California
Lake,2021-04-24,53,38883,9,11513,44,25894,0,1476,39,6327,14,16984,39,23311,California
Lake,2021-04-25,35,38918,18,11531,17,25911,0,1476,23,6338,12,16996,23,23334,California
Lake,2021-04-26,286,39204,78,11609,207,26118,1,1477,83,6219,203,17199,84,23418,California
Lake,2021-04-27,240,39444,22,11631,200,26318,18,1495,82,6161,158,17357,100,23518,California
Lake,2021-04-28,507,39951,47,11678,445,26763,15,1510,117,5904,388,17745,131,23649,California
Lake,2021-04-29,212,40163,83,11761,113,26876,16,1526,115,5938,97,17842,131,23780,California
Lake,2021-04-30,289,40452,46,11807,212,27088,31,1557,150,5980,139,17981,181,23961,California
Lake,2021-05-01,47,40499,26,11833,19,27107,2,1559,32,5999,15,17996,34,23995,California
Lake,2021-05-02,18,40517,9,11842,8,27115,1,1560,9,6000,9,18005,10,24005,California
Lake,2021-05-03,409,40926,26,11868,348,27463,35,1595,63,5753,345,18350,98,24103,California
Lake,2021-05-04,405,41331,216,12084,141,27604,48,1643,125,5647,279,18629,173,24276,California
Lake,2021-05-05,631,41962,45,12129,574,28178,12,1655,89,5207,540,19169,100,24376,California
Lake,2021-05-06,141,42103,19,12148,93,28271,29,1684,72,5238,69,19238,100,24476,California
Lake,2021-05-07,164,42267,28,12176,116,28387,20,1704,103,5302,59,19297,123,24599,California
Lake,2021-05-08,43,42310,8,12184,35,28422,0,1704,36,5331,7,19304,36,24635,California
Lake,2021-05-09,17,42327,2,12186,10,28432,5,1709,10,5339,7,19311,15,24650,California
Lake,2021-05-10,243,42570,12,12198,204,28636,27,1736,58,5240,184,19495,85,24735,California
Lake,2021-05-11,193,42763,27,12225,151,28787,15,1751,117,5297,76,19571,133,24868,California
Lake,2021-05-12,542,43305,33,12258,490,29277,19,1770,57,4887,485,20056,75,24943,California
Lake,2021-05-13,302,43607,61,12319,230,29507,11,1781,71,4740,229,20285,82,25025,California
Lake,2021-05-14,249,43856,77,12396,156,29663,16,1797,156,4821,91,20376,172,25197,California
Lake,2021-05-15,27,43883,9,12405,16,29679,2,1799,13,4822,14,20390,15,25212,California
Lake,2021-05-16,10,43893,2,12407,6,29685,2,1801,5,4824,5,20395,7,25219,California
Lassen,2020-12-16,8,8,8,8,0,0,0,0,8,8,0,0,8,8,California
Lassen,2020-12-17,6,14,6,14,0,0,0,0,6,14,0,0,6,14,California
Lassen,2020-12-18,1,15,1,15,0,0,0,0,1,15,0,0,1,15,California
Lassen,2020-12-19,5,20,5,20,0,0,0,0,5,20,0,0,5,20,California
Lassen,2020-12-20,2,22,2,22,0,0,0,0,2,22,0,0,2,22,California
Lassen,2020-12-21,11,33,11,33,0,0,0,0,11,33,0,0,11,33,California
Lassen,2020-12-22,23,56,23,56,0,0,0,0,23,56,0,0,23,56,California
Lassen,2020-12-23,6,62,6,62,0,0,0,0,6,62,0,0,6,62,California
Lassen,2020-12-24,11,73,11,73,0,0,0,0,11,73,0,0,11,73,California
Lassen,2020-12-28,3,76,2,75,1,1,0,0,3,76,0,0,3,76,California
Lassen,2020-12-29,35,111,35,110,0,1,0,0,35,111,0,0,35,111,California
Lassen,2020-12-30,36,147,35,145,1,2,0,0,36,147,0,0,36,147,California
Lassen,2020-12-31,49,196,42,187,7,9,0,0,49,196,0,0,49,196,California
Lassen,2021-01-02,1,197,0,187,1,10,0,0,1,197,0,0,1,197,California
Lassen,2021-01-04,15,212,1,188,14,24,0,0,15,212,0,0,15,212,California
Lassen,2021-01-05,194,406,53,241,141,165,0,0,194,406,0,0,194,406,California
Lassen,2021-01-06,95,501,44,285,51,216,0,0,87,486,8,8,88,494,California
Lassen,2021-01-07,43,544,7,292,36,252,0,0,37,517,6,14,37,531,California
Lassen,2021-01-08,50,594,2,294,48,300,0,0,50,567,0,14,50,581,California
Lassen,2021-01-09,12,606,6,300,6,306,0,0,12,579,0,14,12,593,California
Lassen,2021-01-11,27,633,5,305,22,328,0,0,27,606,0,14,27,620,California
Lassen,2021-01-12,49,682,29,334,20,348,0,0,30,617,19,33,30,650,California
Lassen,2021-01-13,161,843,18,352,143,491,0,0,146,748,15,48,146,796,California
Lassen,2021-01-14,163,1006,18,370,145,636,0,0,151,887,12,60,151,947,California
Lassen,2021-01-15,33,1039,6,376,27,663,0,0,33,920,0,60,33,980,California
Lassen,2021-01-16,34,1073,33,409,1,664,0,0,34,954,0,60,34,1014,California
Lassen,2021-01-17,1,1074,0,409,1,665,0,0,1,955,0,60,1,1015,California
Lassen,2021-01-18,5,1079,2,411,3,668,0,0,4,958,1,61,4,1019,California
Lassen,2021-01-19,185,1264,36,447,149,817,0,0,157,1087,28,89,157,1176,California
Lassen,2021-01-20,188,1452,100,547,88,905,0,0,105,1124,68,157,105,1281,California
Lassen,2021-01-21,145,1597,93,640,52,957,0,0,121,1227,18,175,121,1402,California
Lassen,2021-01-22,31,1628,18,658,13,970,0,0,21,1238,10,185,21,1423,California
Lassen,2021-01-23,2,1630,0,658,2,972,0,0,2,1240,0,185,2,1425,California
Lassen,2021-01-24,1,1631,0,658,1,973,0,0,1,1241,0,185,1,1426,California
Lassen,2021-01-25,11,1642,0,658,11,984,0,0,11,1252,0,185,11,1437,California
Lassen,2021-01-26,126,1768,12,670,114,1098,0,0,122,1370,4,189,122,1559,California
Lassen,2021-01-27,87,1855,35,705,52,1150,0,0,69,1421,18,207,69,1628,California
Lassen,2021-01-28,85,1940,15,720,70,1220,0,0,84,1504,1,208,84,1712,California
Lassen,2021-01-29,23,1963,7,727,16,1236,0,0,22,1525,1,209,22,1734,California
Lassen,2021-02-01,62,2025,4,731,58,1294,0,0,36,1535,26,235,36,1770,California
Lassen,2021-02-02,177,2202,12,743,165,1459,0,0,44,1446,133,368,44,1814,California
Lassen,2021-02-03,96,2298,21,764,75,1534,0,0,51,1452,45,413,51,1865,California
Lassen,2021-02-04,112,2410,15,779,97,1631,0,0,63,1466,49,462,63,1928,California
Lassen,2021-02-05,65,2475,12,791,53,1684,0,0,23,1447,42,504,23,1951,California
Lassen,2021-02-06,69,2544,34,825,35,1719,0,0,36,1451,32,536,36,1987,California
Lassen,2021-02-07,2,2546,2,827,0,1719,0,0,2,1453,0,536,2,1989,California
Lassen,2021-02-08,44,2590,4,831,40,1759,0,0,18,1445,26,562,18,2007,California
Lassen,2021-02-09,129,2719,8,839,121,1880,0,0,50,1416,79,641,50,2057,California
Lassen,2021-02-10,184,2903,21,860,163,2043,0,0,76,1384,108,749,76,2133,California
Lassen,2021-02-11,184,3087,16,876,168,2211,0,0,80,1361,103,852,80,2213,California
Lassen,2021-02-12,42,3129,11,887,31,2242,0,0,14,1347,28,880,14,2227,California
Lassen,2021-02-13,12,3141,3,890,9,2251,0,0,10,1355,2,882,10,2237,California
Lassen,2021-02-14,13,3154,0,890,13,2264,0,0,12,1366,1,883,12,2249,California
Lassen,2021-02-15,21,3175,2,892,19,2283,0,0,17,1379,4,887,17,2266,California
Lassen,2021-02-16,192,3367,4,896,188,2471,0,0,31,1251,159,1046,31,2297,California
Lassen,2021-02-17,183,3550,94,990,89,2560,0,0,10,1088,173,1219,10,2307,California
Lassen,2021-02-18,80,3630,22,1012,58,2618,0,0,20,1048,60,1279,20,2327,California
Lassen,2021-02-19,82,3712,62,1074,20,2638,0,0,18,1002,64,1343,18,2345,California
Lassen,2021-02-20,8,3720,0,1074,8,2646,0,0,6,1006,2,1345,6,2351,California
Lassen,2021-02-21,22,3742,2,1076,20,2666,0,0,18,1020,4,1349,18,2369,California
Lassen,2021-02-22,24,3766,10,1086,14,2680,0,0,6,1008,18,1367,6,2375,California
Lassen,2021-02-23,153,3919,10,1096,143,2823,0,0,41,937,112,1479,41,2416,California
Lassen,2021-02-24,165,4084,16,1112,149,2972,0,0,107,987,57,1536,107,2523,California
Lassen,2021-02-25,156,4240,19,1131,137,3109,0,0,99,1029,57,1593,99,2622,California
Lassen,2021-02-26,73,4313,16,1147,57,3166,0,0,36,1028,37,1630,36,2658,California
Lassen,2021-02-27,8,4321,7,1154,1,3167,0,0,3,1026,5,1635,3,2661,California
Lassen,2021-02-28,6,4327,1,1155,5,3172,0,0,3,1026,3,1638,3,2664,California
Lassen,2021-03-01,42,4369,4,1159,38,3210,0,0,8,1001,33,1671,8,2672,California
Lassen,2021-03-02,106,4475,8,1167,98,3308,0,0,80,1055,26,1697,80,2752,California
Lassen,2021-03-03,170,4645,12,1179,158,3466,0,0,113,1111,57,1754,113,2865,California
Lassen,2021-03-04,150,4795,17,1196,133,3599,0,0,100,1162,49,1803,100,2965,California
Lassen,2021-03-05,47,4842,7,1203,17,3616,23,23,11,1160,36,1839,34,2999,California
Lassen,2021-03-06,55,4897,4,1207,29,3645,22,45,5,1137,50,1889,27,3026,California
Lassen,2021-03-07,56,4953,1,1208,0,3645,55,100,1,1138,55,1944,56,3082,California
Lassen,2021-03-08,89,5042,2,1210,7,3652,80,180,3,1135,86,2030,83,3165,California
Lassen,2021-03-09,137,5179,11,1221,109,3761,17,197,88,1192,49,2079,106,3271,California
Lassen,2021-03-10,175,5354,10,1231,163,3924,2,199,79,1178,95,2174,81,3352,California
Lassen,2021-03-11,185,5539,16,1247,162,4086,7,206,113,1229,69,2243,120,3472,California
Lassen,2021-03-12,35,5574,18,1265,13,4099,4,210,12,1222,23,2266,16,3488,California
Lassen,2021-03-13,49,5623,0,1265,3,4102,46,256,1,1220,48,2314,46,3534,California
Lassen,2021-03-14,14,5637,2,1267,11,4113,1,257,2,1211,12,2326,3,3537,California
Lassen,2021-03-15,33,5670,2,1269,31,4144,0,257,16,1210,17,2343,16,3553,California
Lassen,2021-03-16,93,5763,2,1271,85,4229,6,263,74,1271,19,2362,80,3633,California
Lassen,2021-03-17,1083,6846,9,1280,1069,5298,5,268,1064,2321,19,2381,1069,4702,California
Lassen,2021-03-18,95,6941,9,1289,85,5383,1,269,81,2389,14,2395,82,4784,California
Lassen,2021-03-19,17,6958,11,1300,2,5385,4,273,7,2390,10,2405,11,4795,California
Lassen,2021-03-20,29,6987,3,1303,23,5408,3,276,22,2408,7,2412,25,4820,California
Lassen,2021-03-21,34,7021,0,1303,34,5442,0,276,14,2403,19,2431,14,4834,California
Lassen,2021-03-22,57,7078,1,1304,56,5498,0,276,54,2454,3,2434,54,4888,California
Lassen,2021-03-23,119,7197,11,1315,107,5605,1,277,67,2470,52,2486,68,4956,California
Lassen,2021-03-24,213,7410,13,1328,199,5804,1,278,107,2473,105,2591,108,5064,California
Lassen,2021-03-25,153,7563,22,1350,131,5935,0,278,70,2460,83,2674,70,5134,California
Lassen,2021-03-26,78,7641,13,1363,26,5961,39,317,19,2459,58,2732,57,5191,California
Lassen,2021-03-27,20,7661,4,1367,1,5962,15,332,3,2460,17,2749,18,5209,California
Lassen,2021-03-28,18,7679,3,1370,5,5967,10,342,4,2460,14,2763,14,5223,California
Lassen,2021-03-29,52,7731,0,1370,27,5994,25,367,20,2474,31,2794,45,5268,California
Lassen,2021-03-30,198,7929,10,1380,163,6157,25,392,51,2403,147,2941,76,5344,California
Lassen,2021-03-31,146,8075,12,1392,112,6269,22,414,62,2403,84,3025,84,5428,California
Lassen,2021-04-01,165,8240,15,1407,131,6400,19,433,48,2354,116,3141,67,5495,California
Lassen,2021-04-02,29,8269,4,1411,3,6403,22,455,2,2351,27,3168,24,5519,California
Lassen,2021-04-03,12,8281,0,1411,2,6405,10,465,0,2349,12,3180,10,5529,California
Lassen,2021-04-04,7,8288,2,1413,0,6405,5,470,1,2349,6,3186,6,5535,California
Lassen,2021-04-05,22,8310,4,1417,11,6416,7,477,11,2356,11,3197,18,5553,California
Lassen,2021-04-06,184,8494,9,1426,145,6561,30,507,53,2308,131,3328,83,5636,California
Lassen,2021-04-07,135,8629,6,1432,92,6653,37,544,32,2276,103,3431,71,5707,California
Lassen,2021-04-08,168,8797,9,1441,103,6756,56,600,32,2232,132,3563,88,5795,California
Lassen,2021-04-09,52,8849,6,1447,11,6767,35,635,9,2233,42,3605,43,5838,California
Lassen,2021-04-10,9,8858,0,1447,2,6769,7,642,0,2232,8,3613,7,5845,California
Lassen,2021-04-11,5,8863,2,1449,0,6769,3,645,2,2234,3,3616,5,5850,California
Lassen,2021-04-12,30,8893,2,1451,15,6784,13,658,2,2221,28,3644,15,5865,California
Lassen,2021-04-13,129,9022,6,1457,123,6907,0,658,40,2173,88,3732,40,5905,California
Lassen,2021-04-14,987,10009,16,1473,971,7878,0,658,51,1289,935,4667,51,5956,California
Lassen,2021-04-15,147,10156,14,1487,133,8011,0,658,19,1180,128,4795,19,5975,California
Lassen,2021-04-16,11,10167,4,1491,7,8018,0,658,5,1179,6,4801,5,5980,California
Lassen,2021-04-17,23,10190,2,1493,21,8039,0,658,3,1162,20,4821,3,5983,California
Lassen,2021-04-18,5,10195,2,1495,3,8042,0,658,2,1161,3,4824,2,5985,California
Lassen,2021-04-19,33,10228,0,1495,33,8075,0,658,17,1162,16,4840,17,6002,California
Lassen,2021-04-20,138,10366,7,1502,131,8206,0,658,52,1128,86,4926,52,6054,California
Lassen,2021-04-21,163,10529,10,1512,153,8359,0,658,32,1031,129,5055,32,6086,California
Lassen,2021-04-22,102,10631,16,1528,86,8445,0,658,33,995,69,5124,33,6119,California
Lassen,2021-04-23,28,10659,3,1531,25,8470,0,658,22,1011,6,5130,22,6141,California
Lassen,2021-04-24,10,10669,6,1537,4,8474,0,658,4,1009,6,5136,4,6145,California
Lassen,2021-04-25,5,10674,0,1537,4,8478,1,659,3,1011,2,5138,4,6149,California
Lassen,2021-04-26,42,10716,1,1538,37,8515,4,663,9,991,33,5171,13,6162,California
Lassen,2021-04-27,122,10838,10,1548,109,8624,3,666,70,1012,52,5223,73,6235,California
Lassen,2021-04-28,84,10922,8,1556,74,8698,2,668,31,992,53,5276,33,6268,California
Lassen,2021-04-29,67,10989,7,1563,57,8755,3,671,22,973,44,5320,25,6293,California
Lassen,2021-04-30,11,11000,7,1570,1,8756,3,674,3,971,8,5328,6,6299,California
Lassen,2021-05-01,4,11004,0,1570,3,8759,1,675,3,974,1,5329,4,6303,California
Lassen,2021-05-02,12,11016,8,1578,4,8763,0,675,8,978,4,5333,8,6311,California
Lassen,2021-05-03,19,11035,1,1579,11,8774,7,682,4,974,15,5348,11,6322,California
Lassen,2021-05-04,72,11107,4,1583,60,8834,8,690,20,950,52,5400,28,6350,California
Lassen,2021-05-05,81,11188,4,1587,67,8901,10,700,26,932,54,5454,36,6386,California
Lassen,2021-05-06,84,11272,21,1608,41,8942,22,722,24,918,60,5514,46,6432,California
Lassen,2021-05-07,47,11319,32,1640,10,8952,5,727,39,954,8,5522,44,6476,California
Lassen,2021-05-08,11,11330,0,1640,5,8957,6,733,4,957,7,5529,10,6486,California
Lassen,2021-05-09,3,11333,1,1641,0,8957,2,735,0,956,3,5532,2,6488,California
Lassen,2021-05-10,13,11346,1,1642,9,8966,3,738,7,960,6,5538,10,6498,California
Lassen,2021-05-11,70,11416,1,1643,60,9026,9,747,19,937,51,5589,28,6526,California
Lassen,2021-05-12,41,11457,4,1647,32,9058,5,752,12,925,29,5618,17,6543,California
Lassen,2021-05-13,34,11491,9,1656,20,9078,5,757,12,920,22,5640,17,6560,California
Lassen,2021-05-14,15,11506,2,1658,6,9084,7,764,5,922,10,5650,12,6572,California
Lassen,2021-05-15,11,11517,4,1662,5,9089,2,766,6,925,5,5655,8,6580,California
Lassen,2021-05-16,2,11519,0,1662,0,9089,2,768,0,925,2,5657,2,6582,California
Los Angeles,2020-12-15,393,393,393,393,0,0,0,0,393,393,0,0,393,393,California
Los Angeles,2020-12-16,3365,3758,3365,3758,0,0,0,0,3365,3758,0,0,3365,3758,California
Los Angeles,2020-12-17,10239,13997,10239,13997,0,0,0,0,10240,13998,0,0,10240,13998,California
Los Angeles,2020-12-18,14528,28525,14505,28502,23,23,0,0,14528,28526,0,0,14528,28526,California
Los Angeles,2020-12-19,7230,35755,7222,35724,8,31,0,0,7231,35757,0,0,7231,35757,California
Los Angeles,2020-12-20,4596,40351,4588,40312,8,39,0,0,4598,40355,0,0,4598,40355,California
Los Angeles,2020-12-21,13705,54056,13690,54002,15,54,0,0,13705,54059,1,1,13705,54060,California
Los Angeles,2020-12-22,11530,65586,11149,65151,381,435,0,0,11531,65589,1,2,11531,65591,California
Los Angeles,2020-12-23,11896,77482,10139,75290,1757,2192,0,0,11897,77486,0,2,11897,77488,California
Los Angeles,2020-12-24,7023,84505,4256,79546,2767,4959,0,0,7026,84512,0,2,7026,84514,California
Los Angeles,2020-12-25,525,85030,419,79965,106,5065,0,0,525,85037,0,2,525,85039,California
Los Angeles,2020-12-26,2527,87557,2180,82145,347,5412,0,0,2527,87563,1,3,2527,87566,California
Los Angeles,2020-12-27,1761,89318,1028,83173,733,6145,0,0,1761,89324,0,3,1761,89327,California
Los Angeles,2020-12-28,10298,99616,6388,89561,3910,10055,0,0,10296,99619,1,4,10296,99623,California
Los Angeles,2020-12-29,11605,111221,6082,95643,5523,15578,0,0,11607,111226,0,4,11607,111230,California
Los Angeles,2020-12-30,14873,126094,8092,103735,6781,22359,0,0,14872,126098,0,4,14872,126102,California
Los Angeles,2020-12-31,7944,134038,2758,106493,5186,27545,0,0,7941,134037,2,6,7941,134043,California
Los Angeles,2021-01-01,1007,135045,273,106766,734,28279,0,0,1007,135044,0,6,1007,135050,California
Los Angeles,2021-01-02,4474,139519,1662,108428,2812,31091,0,0,4474,139518,0,6,4474,139524,California
Los Angeles,2021-01-03,952,140471,217,108645,735,31826,0,0,951,140468,1,7,951,140475,California
Los Angeles,2021-01-04,12721,153192,4890,113535,7831,39657,0,0,12706,153171,3,10,12706,153181,California
Los Angeles,2021-01-05,16060,169252,7092,120627,8968,48625,0,0,14156,165454,1877,1887,14160,167341,California
Los Angeles,2021-01-06,22699,191951,12084,132711,10615,59240,0,0,17102,177035,5529,7416,17110,184451,California
Los Angeles,2021-01-07,29387,221338,15822,148533,13565,72805,0,0,18871,185450,10470,17886,18885,203336,California
Los Angeles,2021-01-08,33139,254477,17911,166444,15228,88033,0,0,20907,194160,12206,30092,20916,224252,California
Los Angeles,2021-01-09,12380,266857,7086,173530,5294,93327,0,0,7507,196802,4871,34963,7513,231765,California
Los Angeles,2021-01-10,4682,271539,3633,177163,1049,94376,0,0,1949,196019,2733,37696,1950,233715,California
Los Angeles,2021-01-11,25826,297365,16267,193430,9559,103935,0,0,14879,199970,10937,48633,14888,248603,California
Los Angeles,2021-01-12,29258,326623,16099,209529,13159,117094,0,0,19118,208978,10122,58755,19130,267733,California
Los Angeles,2021-01-13,29291,355914,15649,225178,13642,130736,0,0,20342,220393,8932,67687,20347,288080,California
Los Angeles,2021-01-14,29307,385221,12757,237935,16550,147286,0,0,23790,238696,5497,73184,23800,311880,California
Los Angeles,2021-01-15,33842,419063,12381,250316,21461,168747,0,0,30263,265413,3554,76738,30271,342151,California
Los Angeles,2021-01-16,17571,436634,4970,255286,12601,181348,0,0,15794,279442,1769,78507,15798,357949,California
Los Angeles,2021-01-17,5199,441833,2315,257601,2884,184232,0,0,4952,284150,246,78753,4954,362903,California
Los Angeles,2021-01-18,15600,457433,10074,267675,5526,189758,0,0,10892,290349,4695,83448,10894,373797,California
Los Angeles,2021-01-19,38520,495953,20622,288297,17898,207656,0,0,30715,313311,7764,91212,30726,404523,California
Los Angeles,2021-01-20,45879,541832,24001,312298,21878,229534,0,0,38382,344236,7467,98679,38392,442915,California
Los Angeles,2021-01-21,48771,590603,22484,334782,26287,255821,0,0,44491,384525,4216,102895,44505,487420,California
Los Angeles,2021-01-22,48023,638626,22304,357086,25719,281540,0,0,44589,425735,3389,106284,44599,532019,California
Los Angeles,2021-01-23,33997,672623,15721,372807,18276,299816,0,0,31942,455667,2022,108306,31954,563973,California
Los Angeles,2021-01-24,15749,688372,12222,385029,3527,303343,0,0,15201,470329,540,108846,15202,579175,California
Los Angeles,2021-01-25,38949,727321,16610,401639,22339,325682,0,0,30332,492089,8588,117434,30348,609523,California
Los Angeles,2021-01-26,49349,776670,24522,426161,24827,350509,0,0,41141,525077,8173,125607,41161,650684,California
Los Angeles,2021-01-27,48610,825280,25862,452023,22748,373257,0,0,39356,555337,9116,134723,39376,690060,California
Los Angeles,2021-01-28,48696,873976,23169,475192,25527,398784,0,0,40261,587299,8313,143036,40275,730335,California
Los Angeles,2021-01-29,49321,923297,25436,500628,23885,422669,0,0,39246,616840,9721,152757,39262,769597,California
Los Angeles,2021-01-30,30038,953335,15433,516061,14605,437274,0,0,25880,638643,4081,156838,25884,795481,California
Los Angeles,2021-01-31,13039,966374,10396,526457,2643,439917,0,0,12106,649834,919,157757,12110,807591,California
Los Angeles,2021-02-01,38167,1004541,16300,542757,21867,461784,0,0,27829,667368,10305,168062,27839,835430,California
Los Angeles,2021-02-02,44290,1048831,17921,560678,26369,488153,0,0,32078,687281,12168,180230,32081,867511,California
Los Angeles,2021-02-03,52203,1101034,19610,580288,32593,520746,0,0,37282,709891,14678,194908,37288,904799,California
Los Angeles,2021-02-04,57255,1158289,20749,601037,36506,557252,0,0,39101,731159,17847,212755,39115,943914,California
Los Angeles,2021-02-05,61342,1219631,21149,622186,40193,597445,0,0,39377,748998,21547,234302,39386,983300,California
Los Angeles,2021-02-06,35590,1255221,13369,635555,22221,619666,0,0,27137,767781,8377,242679,27160,1010460,California
Los Angeles,2021-02-07,10873,1266094,8448,644003,2425,622091,0,0,8466,773862,2392,245071,8473,1018933,California
Los Angeles,2021-02-08,46827,1312921,21583,665586,25244,647335,0,0,30630,788433,16061,261132,30632,1049565,California
Los Angeles,2021-02-09,55853,1368774,24630,690216,31223,678558,0,0,28390,789444,27386,288518,28397,1077962,California
Los Angeles,2021-02-10,66976,1435750,29458,719674,37518,716076,0,0,30848,784555,35747,324265,30858,1108820,California
Los Angeles,2021-02-11,58281,1494031,31134,750808,27147,743223,0,0,28202,783125,29636,353901,28206,1137026,California
Los Angeles,2021-02-12,59677,1553708,29917,780725,29760,772983,0,0,26015,775837,33319,387220,26031,1163057,California
Los Angeles,2021-02-13,33849,1587557,19663,800388,14186,787169,0,0,15501,773114,18262,405482,15539,1178596,California
Los Angeles,2021-02-14,21928,1609485,15007,815395,6921,794090,0,0,8809,768868,13058,418540,8812,1187408,California
Los Angeles,2021-02-15,32794,1642279,15941,831336,16853,810943,0,0,18029,772203,14700,433240,18035,1205443,California
Los Angeles,2021-02-16,64244,1706523,32631,863967,31613,842556,0,0,30011,768086,34140,467380,30023,1235466,California
Los Angeles,2021-02-17,64832,1771355,34532,898499,30300,872856,0,0,26592,756621,38064,505444,26599,1262065,California
Los Angeles,2021-02-18,68543,1839898,34826,933325,33717,906573,0,0,28690,745657,39665,545109,28701,1290766,California
Los Angeles,2021-02-19,58283,1898181,36009,969334,22274,928847,0,0,28621,744734,29559,574668,28636,1319402,California
Los Angeles,2021-02-20,32898,1931079,23957,993291,8941,937788,0,0,15838,743573,17007,591675,15846,1335248,California
Los Angeles,2021-02-21,21900,1952979,20239,1013530,1661,939449,0,0,11060,743850,10786,602461,11063,1346311,California
Los Angeles,2021-02-22,34561,1987540,25191,1038721,9370,948819,0,0,17900,745173,16588,619049,17911,1364222,California
Los Angeles,2021-02-23,54802,2042342,23679,1062400,31123,979942,0,0,21707,733908,32983,652032,21718,1385940,California
Los Angeles,2021-02-24,64960,2107302,28923,1091323,36037,1015979,0,0,28574,726287,36213,688245,28592,1414532,California
Los Angeles,2021-02-25,74069,2181371,33903,1125226,40166,1056145,0,0,39003,730397,34906,723151,39016,1453548,California
Los Angeles,2021-02-26,83604,2264975,38701,1163927,44903,1101048,0,0,48014,743098,35344,758495,48045,1501593,California
Los Angeles,2021-02-27,58827,2323802,25119,1189046,33704,1134752,4,4,30036,744518,28643,787138,30063,1531656,California
Los Angeles,2021-02-28,26860,2350662,18533,1207579,8325,1143077,2,6,18833,755454,7905,795043,18841,1550497,California
Los Angeles,2021-03-01,55729,2406391,31230,1238809,24477,1167554,22,28,33757,767439,21809,816852,33794,1584291,California
Los Angeles,2021-03-02,71163,2477554,31599,1270408,39562,1207116,2,30,43492,783396,27548,844400,43505,1627796,California
Los Angeles,2021-03-03,83035,2560589,41685,1312093,41339,1248455,11,41,52237,805031,30635,875035,52270,1680066,California
Los Angeles,2021-03-04,89825,2650414,45814,1357907,44000,1292455,11,52,56474,828363,33171,908206,56503,1736569,California
Los Angeles,2021-03-05,88188,2738602,42750,1400657,45409,1337864,29,81,58850,858122,29153,937359,58912,1795481,California
Los Angeles,2021-03-06,66271,2804873,33313,1433970,31140,1369004,1818,1899,42641,879103,23481,960840,44462,1839943,California
Los Angeles,2021-03-07,25783,2830656,19377,1453347,5599,1374603,807,2706,19864,893878,5891,966731,20666,1860609,California
Los Angeles,2021-03-08,51548,2882204,26742,1480089,22858,1397461,1948,4654,38759,921900,12682,979413,40704,1901313,California
Los Angeles,2021-03-09,69126,2951330,26571,1506660,39278,1436739,3277,7931,41314,938825,27657,1007070,44582,1945895,California
Los Angeles,2021-03-10,79472,3030802,37421,1544081,37182,1473921,4869,12800,49758,963871,29544,1036614,54590,2000485,California
Los Angeles,2021-03-11,92413,3123215,45023,1589104,40713,1514634,6677,19477,54112,986503,38116,1074730,60748,2061233,California
Los Angeles,2021-03-12,97482,3220697,43325,1632429,40326,1554960,13831,33308,56728,1016450,40562,1115292,70509,2131742,California
Los Angeles,2021-03-13,74073,3294770,34489,1666918,27685,1582645,11899,45207,43953,1042251,30005,1145297,55806,2187548,California
Los Angeles,2021-03-14,38117,3332887,25428,1692346,10225,1592870,2464,47671,23350,1053341,14703,1160000,25793,2213341,California
Los Angeles,2021-03-15,73663,3406550,35577,1727923,32753,1625623,5333,53004,44611,1074404,28858,1188858,49921,2263262,California
Los Angeles,2021-03-16,98533,3505083,42676,1770599,50090,1675713,5767,58771,63904,1109596,34441,1223299,69633,2332895,California
Los Angeles,2021-03-17,95811,3600894,43038,1813637,44560,1720273,8213,66984,64202,1150491,31412,1254711,72307,2405202,California
Los Angeles,2021-03-18,100215,3701109,47448,1861085,47559,1767832,5208,72192,63817,1183375,36128,1290839,69012,2474214,California
Los Angeles,2021-03-19,106843,3807952,55187,1916272,46977,1814809,4679,76871,66414,1214265,40157,1330996,71047,2545261,California
Los Angeles,2021-03-20,75152,3883104,36633,1952905,34005,1848814,4514,81385,52060,1247913,22911,1353907,56559,2601820,California
Los Angeles,2021-03-21,33603,3916707,24802,1977707,7956,1856770,845,82230,21812,1258894,11676,1365583,22657,2624477,California
Los Angeles,2021-03-22,69603,3986310,40632,2018339,26972,1883742,1999,84229,49419,1290370,19939,1385522,51415,2675892,California
Los Angeles,2021-03-23,94983,4081293,50950,2069289,40968,1924710,3065,87294,62883,1324444,31859,1417381,65933,2741825,California
Los Angeles,2021-03-24,103648,4184941,54790,2124079,45901,1970611,2957,90251,61511,1347068,41833,1459214,64457,2806282,California
Los Angeles,2021-03-25,108985,4293926,58039,2182118,47254,2017865,3692,93943,62437,1366904,46275,1505489,66111,2872393,California
Los Angeles,2021-03-26,113173,4407099,61494,2243612,47575,2065440,4104,98047,64160,1386397,48749,1554238,68242,2940635,California
Los Angeles,2021-03-27,82107,4489206,43017,2286629,36959,2102399,2131,100178,42932,1392525,38937,1593175,45065,2985700,California
Los Angeles,2021-03-28,40944,4530150,27389,2314018,12972,2115371,583,100761,20762,1393814,20054,1613229,21343,3007043,California
Los Angeles,2021-03-29,81549,4611699,45974,2359992,33975,2149346,1600,102361,46732,1407512,34630,1647859,48328,3055371,California
Los Angeles,2021-03-30,107147,4718846,50537,2410529,50849,2200195,5761,108122,65618,1437555,41310,1689169,71353,3126724,California
Los Angeles,2021-03-31,120316,4839162,60375,2470904,51423,2251618,8518,116640,70322,1466634,49720,1738889,78799,3205523,California
Los Angeles,2021-04-01,130876,4970038,61065,2531969,54950,2306568,14861,131501,71211,1493287,59386,1798275,86039,3291562,California
Los Angeles,2021-04-02,129131,5099169,57053,2589022,57153,2363721,14925,146426,69189,1517786,59627,1857902,84126,3375688,California
Los Angeles,2021-04-03,96637,5195806,44027,2633049,39533,2403254,13077,159503,48202,1530769,48264,1906166,61247,3436935,California
Los Angeles,2021-04-04,38998,5234804,20379,2653428,12026,2415280,6593,166096,16732,1531865,22195,1928361,23291,3460226,California
Los Angeles,2021-04-05,93349,5328153,44159,2697587,39044,2454324,10146,176242,44918,1538625,48245,1976606,55005,3515231,California
Los Angeles,2021-04-06,120298,5448451,56614,2754201,43522,2497846,20162,196404,55887,1550389,64181,2040787,75945,3591176,California
Los Angeles,2021-04-07,118954,5567405,54063,2808264,43961,2541807,20930,217334,54403,1561290,64317,2105104,75218,3666394,California
Los Angeles,2021-04-08,131478,5698883,57886,2866150,49679,2591486,23913,241247,59967,1573788,71248,2176352,83746,3750140,California
Los Angeles,2021-04-09,130138,5829021,56245,2922395,50099,2641585,23794,265041,56469,1580523,73396,2249748,80131,3830271,California
Los Angeles,2021-04-10,100681,5929702,42739,2965134,34042,2675627,23900,288941,37335,1578516,63130,2312878,61123,3891394,California
Los Angeles,2021-04-11,41608,5971310,22493,2987627,9601,2685228,9514,298455,14501,1575446,27036,2339914,23966,3915360,California
Los Angeles,2021-04-12,78409,6049719,38324,3025951,33815,2719043,6270,304725,32633,1568712,45583,2385497,38849,3954209,California
Los Angeles,2021-04-13,116740,6166459,58734,3084685,57584,2776627,422,305147,61818,1576248,54710,2440207,62246,4016455,California
Los Angeles,2021-04-14,117057,6283516,58789,3143474,58139,2834766,129,305276,63550,1586660,53264,2493471,63676,4080131,California
Los Angeles,2021-04-15,129125,6412641,69764,3213238,59191,2893957,170,305446,74085,1605994,54785,2548256,74119,4154250,California
Los Angeles,2021-04-16,128490,6541131,68273,3281511,60077,2954034,140,305586,67940,1613706,60301,2608557,68013,4222263,California
Los Angeles,2021-04-17,96742,6637873,50611,3332122,46106,3000140,25,305611,55039,1627249,41519,2650076,55062,4277325,California
Los Angeles,2021-04-18,33785,6671658,22400,3354522,11384,3011524,1,305612,18652,1630842,15065,2665141,18658,4295983,California
Los Angeles,2021-04-19,74501,6746159,39554,3394076,34937,3046461,10,305622,33349,1623223,40987,2706128,33368,4329351,California
Los Angeles,2021-04-20,101269,6847428,49759,3443835,51491,3097952,19,305641,50359,1622910,50692,2756820,50379,4379730,California
Los Angeles,2021-04-21,108856,6956284,52465,3496300,56202,3154154,189,305830,48486,1611510,60077,2816897,48677,4428407,California
Los Angeles,2021-04-22,114363,7070647,59031,3555331,55298,3209452,34,305864,50219,1597918,63850,2880747,50258,4478665,California
Los Angeles,2021-04-23,113295,7183942,62165,3617496,51112,3260564,18,305882,53976,1592874,59038,2939785,53994,4532659,California
Los Angeles,2021-04-24,87547,7271489,56290,3673786,31231,3291795,26,305908,48830,1603230,38507,2978292,48863,4581522,California
Los Angeles,2021-04-25,37768,7309257,25099,3698885,12664,3304459,5,305913,20413,1606384,17264,2995556,20418,4601940,California
Los Angeles,2021-04-26,68932,7378189,37100,3735985,31385,3335844,447,306360,33975,1606029,34772,3030328,34417,4636357,California
Los Angeles,2021-04-27,85972,7464161,41649,3777634,42645,3378489,1678,308038,32804,1587576,52927,3083255,34474,4670831,California
Los Angeles,2021-04-28,84271,7548432,40763,3818397,41497,3419986,2011,310049,32844,1571255,51168,3134423,34847,4705678,California
Los Angeles,2021-04-29,90571,7639003,45302,3863699,43165,3463151,2104,312153,32106,1547330,58136,3192559,34211,4739889,California
Los Angeles,2021-04-30,98555,7737558,49053,3912752,47133,3510284,2369,314522,35819,1523122,62384,3254943,38176,4778065,California
Los Angeles,2021-05-01,74700,7812258,42071,3954823,31136,3541420,1493,316015,28280,1506688,46202,3301145,29768,4807833,California
Los Angeles,2021-05-02,27904,7840162,17898,3972721,9275,3550695,731,316746,10092,1499804,17705,3318850,10821,4818654,California
Los Angeles,2021-05-03,60215,7900377,29608,4002329,28450,3579145,2157,318903,21187,1484323,38812,3357662,23331,4841985,California
Los Angeles,2021-05-04,84905,7985282,46815,4049144,35889,3615034,2201,321104,25953,1453796,58669,3416331,28142,4870127,California
Los Angeles,2021-05-05,87764,8073046,51267,4100411,34175,3649209,2322,323426,23949,1416531,63527,3479858,26262,4896389,California
Los Angeles,2021-05-06,95226,8168272,57586,4157997,35184,3684393,2456,325882,22703,1369515,72160,3552018,25144,4921533,California
Los Angeles,2021-05-07,94413,8262685,56308,4214305,35782,3720175,2323,328205,25630,1328989,68460,3620478,27934,4949467,California
Los Angeles,2021-05-08,63133,8325818,41651,4255956,19874,3740049,1608,329813,17053,1302020,45621,3666099,18652,4968119,California
Los Angeles,2021-05-09,23698,8349516,17889,4273845,5079,3745128,730,330543,6057,1291369,17434,3683533,6783,4974902,California
Los Angeles,2021-05-10,47847,8397363,25193,4299038,20830,3765958,1824,332367,14303,1274244,33244,3716777,16119,4991021,California
Los Angeles,2021-05-11,66180,8463543,35622,4334660,28601,3794559,1957,334324,16851,1243935,49098,3765875,18789,5009810,California
Los Angeles,2021-05-12,65445,8528988,35626,4370286,27892,3822451,1927,336251,18387,1217453,46779,3812654,20297,5030107,California
Los Angeles,2021-05-13,67099,8596087,40801,4411087,24875,3847326,1423,337674,23667,1199425,43109,3855763,25081,5055188,California
Los Angeles,2021-05-14,80096,8676183,51335,4462422,27147,3874473,1614,339288,29688,1180573,50143,3905906,31291,5086479,California
Los Angeles,2021-05-15,54584,8730767,39142,4501564,14346,3888819,1096,340384,20029,1167313,34383,3940289,21123,5107602,California
Los Angeles,2021-05-16,15912,8746679,14147,4515711,1552,3890371,213,340597,6012,1163688,9853,3950142,6228,5113830,California
Madera,2020-12-16,22,22,22,22,0,0,0,0,22,22,0,0,22,22,California
Madera,2020-12-17,13,35,13,35,0,0,0,0,13,35,0,0,13,35,California
Madera,2020-12-18,60,95,60,95,0,0,0,0,60,95,0,0,60,95,California
Madera,2020-12-19,5,100,5,100,0,0,0,0,5,100,0,0,5,100,California
Madera,2020-12-20,14,114,14,114,0,0,0,0,14,114,0,0,14,114,California
Madera,2020-12-21,60,174,60,174,0,0,0,0,60,174,0,0,60,174,California
Madera,2020-12-22,98,272,96,270,2,2,0,0,98,272,0,0,98,272,California
Madera,2020-12-23,67,339,67,337,0,2,0,0,67,339,0,0,67,339,California
Madera,2020-12-24,45,384,40,377,5,7,0,0,45,384,0,0,45,384,California
Madera,2020-12-26,28,412,26,403,2,9,0,0,28,412,0,0,28,412,California
Madera,2020-12-27,30,442,12,415,18,27,0,0,30,442,0,0,30,442,California
Madera,2020-12-28,107,549,37,452,70,97,0,0,107,549,0,0,107,549,California
Madera,2020-12-29,175,724,40,492,135,232,0,0,175,724,0,0,175,724,California
Madera,2020-12-30,218,942,86,578,132,364,0,0,218,942,0,0,218,942,California
Madera,2020-12-31,200,1142,80,658,120,484,0,0,200,1142,0,0,200,1142,California
Madera,2021-01-01,1,1143,1,659,0,484,0,0,1,1143,0,0,1,1143,California
Madera,2021-01-02,89,1232,33,692,56,540,0,0,89,1232,0,0,89,1232,California
Madera,2021-01-03,5,1237,5,697,0,540,0,0,5,1237,0,0,5,1237,California
Madera,2021-01-04,129,1366,65,762,64,604,0,0,129,1366,0,0,129,1366,California
Madera,2021-01-05,279,1645,143,905,136,740,0,0,275,1637,4,4,275,1641,California
Madera,2021-01-06,184,1829,27,932,157,897,0,0,164,1781,20,24,164,1805,California
Madera,2021-01-07,396,2225,113,1045,283,1180,0,0,374,2133,22,46,374,2179,California
Madera,2021-01-08,418,2643,72,1117,346,1526,0,0,363,2443,54,100,364,2543,California
Madera,2021-01-09,37,2680,14,1131,23,1549,0,0,28,2462,9,109,28,2571,California
Madera,2021-01-10,17,2697,14,1145,3,1552,0,0,5,2455,12,121,5,2576,California
Madera,2021-01-11,237,2934,189,1334,48,1600,0,0,195,2608,42,163,195,2771,California
Madera,2021-01-12,391,3325,158,1492,233,1833,0,0,285,2787,106,269,285,3056,California
Madera,2021-01-13,185,3510,91,1583,94,1927,0,0,129,2861,56,325,130,3186,California
Madera,2021-01-14,554,4064,82,1665,472,2399,0,0,520,3347,34,359,520,3706,California
Madera,2021-01-15,599,4663,160,1825,439,2838,0,0,578,3904,21,380,578,4284,California
Madera,2021-01-16,382,5045,47,1872,335,3173,0,0,353,4228,29,409,353,4637,California
Madera,2021-01-17,335,5380,15,1887,320,3493,0,0,331,4555,4,413,331,4968,California
Madera,2021-01-18,77,5457,61,1948,16,3509,0,0,58,4595,18,431,58,5026,California
Madera,2021-01-19,575,6032,139,2087,436,3945,0,0,544,5109,31,462,545,5571,California
Madera,2021-01-20,235,6267,80,2167,155,4100,0,0,207,5289,27,489,207,5778,California
Madera,2021-01-21,238,6505,131,2298,107,4207,0,0,205,5463,31,520,205,5983,California
Madera,2021-01-22,257,6762,83,2381,174,4381,0,0,243,5692,14,534,243,6226,California
Madera,2021-01-23,100,6862,52,2433,48,4429,0,0,76,5744,24,558,76,6302,California
Madera,2021-01-24,101,6963,82,2515,19,4448,0,0,78,5799,23,581,78,6380,California
Madera,2021-01-25,255,7218,124,2639,131,4579,0,0,141,5826,114,695,141,6521,California
Madera,2021-01-26,483,7701,189,2828,294,4873,0,0,294,5933,188,883,295,6816,California
Madera,2021-01-27,737,8438,63,2891,674,5547,0,0,600,6398,137,1020,602,7418,California
Madera,2021-01-28,543,8981,107,2998,436,5983,0,0,440,6735,103,1123,440,7858,California
Madera,2021-01-29,467,9448,95,3093,372,6355,0,0,412,7092,55,1178,412,8270,California
Madera,2021-01-30,505,9953,16,3109,489,6844,0,0,451,7489,54,1232,451,8721,California
Madera,2021-01-31,9,9962,6,3115,3,6847,0,0,8,7496,1,1233,8,8729,California
Madera,2021-02-01,331,10293,147,3262,184,7031,0,0,206,7577,125,1358,206,8935,California
Madera,2021-02-02,253,10546,88,3350,165,7196,0,0,162,7651,89,1447,163,9098,California
Madera,2021-02-03,595,11141,461,3811,134,7330,0,0,474,8007,119,1566,475,9573,California
Madera,2021-02-04,390,11531,122,3933,268,7598,0,0,113,7845,276,1842,114,9687,California
Madera,2021-02-05,975,12506,297,4230,678,8276,0,0,369,7614,601,2443,370,10057,California
Madera,2021-02-06,359,12865,324,4554,35,8311,0,0,320,7896,38,2481,320,10377,California
Madera,2021-02-07,35,12900,7,4561,28,8339,0,0,30,7921,5,2486,30,10407,California
Madera,2021-02-08,384,13284,308,4869,76,8415,0,0,270,8078,113,2599,270,10677,California
Madera,2021-02-09,480,13764,119,4988,361,8776,0,0,198,7998,279,2878,199,10876,California
Madera,2021-02-10,431,14195,149,5137,282,9058,0,0,325,8217,106,2984,325,11201,California
Madera,2021-02-11,936,15131,307,5444,629,9687,0,0,407,8097,528,3512,408,11609,California
Madera,2021-02-12,843,15974,120,5564,723,10410,0,0,311,7885,526,4038,314,11923,California
Madera,2021-02-13,484,16458,43,5607,441,10851,0,0,138,7680,345,4383,140,12063,California
Madera,2021-02-14,399,16857,75,5682,324,11175,0,0,137,7556,262,4645,138,12201,California
Madera,2021-02-15,244,17101,98,5780,146,11321,0,0,175,7663,68,4713,175,12376,California
Madera,2021-02-16,774,17875,183,5963,591,11912,0,0,229,7350,543,5256,230,12606,California
Madera,2021-02-17,610,18485,274,6237,336,12248,0,0,340,7427,265,5521,342,12948,California
Madera,2021-02-18,1299,19784,540,6777,759,13007,0,0,1120,8369,179,5700,1121,14069,California
Madera,2021-02-19,860,20644,544,7321,316,13323,0,0,718,8946,142,5842,719,14788,California
Madera,2021-02-20,1071,21715,980,8301,91,13414,0,0,999,9875,71,5913,1000,15788,California
Madera,2021-02-21,962,22677,819,9120,143,13557,0,0,957,10827,5,5918,957,16745,California
Madera,2021-02-22,909,23586,833,9953,76,13633,0,0,855,11628,54,5972,855,17600,California
Madera,2021-02-23,774,24360,501,10454,273,13906,0,0,546,11949,225,6197,546,18146,California
Madera,2021-02-24,906,25266,299,10753,607,14513,0,0,377,11798,528,6725,377,18523,California
Madera,2021-02-25,1029,26295,316,11069,713,15226,0,0,598,11967,429,7154,598,19121,California
Madera,2021-02-26,1079,27374,190,11259,889,16115,0,0,703,12296,374,7528,703,19824,California
Madera,2021-02-27,872,28246,245,11504,627,16742,0,0,449,12328,420,7948,452,20276,California
Madera,2021-02-28,189,28435,29,11533,160,16902,0,0,183,12505,6,7954,183,20459,California
Madera,2021-03-01,375,28810,120,11653,255,17157,0,0,195,12522,178,8132,195,20654,California
Madera,2021-03-02,656,29466,269,11922,387,17544,0,0,543,12953,113,8245,544,21198,California
Madera,2021-03-03,1331,30797,707,12629,624,18168,0,0,929,13507,399,8644,953,22151,California
Madera,2021-03-04,1181,31978,507,13136,674,18842,0,0,936,14200,246,8890,939,23090,California
Madera,2021-03-05,1330,33308,408,13544,909,19751,13,13,1065,15026,263,9153,1089,24179,California
Madera,2021-03-06,802,34110,621,14165,149,19900,32,45,484,15226,317,9470,517,24696,California
Madera,2021-03-07,153,34263,27,14192,104,20004,22,67,103,15301,50,9520,125,24821,California
Madera,2021-03-08,597,34860,336,14528,202,20206,59,126,304,15373,293,9813,365,25186,California
Madera,2021-03-09,457,35317,160,14688,263,20469,34,160,279,15518,176,9989,321,25507,California
Madera,2021-03-10,1136,36453,511,15199,547,21016,78,238,707,15879,425,10414,786,26293,California
Madera,2021-03-11,1661,38114,844,16043,485,21501,332,570,749,16061,910,11324,1092,27385,California
Madera,2021-03-12,1528,39642,777,16820,596,22097,155,725,752,16219,774,12098,932,28317,California
Madera,2021-03-13,1814,41456,1270,18090,346,22443,198,923,747,16116,1064,13162,961,29278,California
Madera,2021-03-14,583,42039,448,18538,102,22545,33,956,293,16155,287,13449,326,29604,California
Madera,2021-03-15,738,42777,222,18760,469,23014,47,1003,514,16520,221,13670,586,30190,California
Madera,2021-03-16,825,43602,422,19182,356,23370,47,1050,639,17040,183,13853,703,30893,California
Madera,2021-03-17,1416,45018,932,20114,421,23791,63,1113,862,17509,546,14399,1015,31908,California
Madera,2021-03-18,1875,46893,649,20763,1166,24957,60,1173,904,17593,964,15363,1048,32956,California
Madera,2021-03-19,1522,48415,587,21350,851,25808,84,1257,984,18195,532,15895,1134,34090,California
Madera,2021-03-20,1132,49547,772,22122,309,26117,51,1308,582,18328,548,16443,681,34771,California
Madera,2021-03-21,1073,50620,872,22994,156,26273,45,1353,357,18018,713,17156,403,35174,California
Madera,2021-03-22,1359,51979,851,23845,440,26713,68,1421,686,18144,670,17826,796,35970,California
Madera,2021-03-23,1396,53375,839,24684,466,27179,91,1512,734,18391,660,18486,907,36877,California
Madera,2021-03-24,908,54283,472,25156,405,27584,31,1543,603,18726,303,18789,638,37515,California
Madera,2021-03-25,1128,55411,492,25648,612,28196,24,1567,648,18942,469,19258,685,38200,California
Madera,2021-03-26,1441,56852,512,26160,797,28993,132,1699,673,18988,762,20020,808,39008,California
Madera,2021-03-27,831,57683,530,26690,279,29272,22,1721,373,18932,452,20472,396,39404,California
Madera,2021-03-28,420,58103,137,26827,222,29494,61,1782,230,19087,189,20661,344,39748,California
Madera,2021-03-29,681,58784,179,27006,475,29969,27,1809,489,19419,188,20849,520,40268,California
Madera,2021-03-30,1018,59802,562,27568,424,30393,32,1841,557,19551,458,21307,590,40858,California
Madera,2021-03-31,1322,61124,488,28056,699,31092,135,1976,446,19264,870,22177,583,41441,California
Madera,2021-04-01,1254,62378,540,28596,662,31754,52,2028,442,18951,807,22984,494,41935,California
Madera,2021-04-02,1538,63916,409,29005,1070,32824,59,2087,470,18425,1057,24041,531,42466,California
Madera,2021-04-03,885,64801,689,29694,176,33000,20,2107,385,18342,498,24539,415,42881,California
Madera,2021-04-04,187,64988,65,29759,120,33120,2,2109,88,18333,99,24638,90,42971,California
Madera,2021-04-05,737,65725,256,30015,423,33543,58,2167,341,18351,395,25033,413,43384,California
Madera,2021-04-06,1691,67416,878,30893,464,34007,349,2516,634,18277,1056,26089,982,44366,California
Madera,2021-04-07,1199,68615,371,31264,679,34686,149,2665,456,18147,740,26829,610,44976,California
Madera,2021-04-08,1696,70311,655,31919,784,35470,257,2922,567,17855,1122,27951,830,45806,California
Madera,2021-04-09,1619,71930,680,32599,790,36260,149,3071,938,18270,675,28626,1090,46896,California
Madera,2021-04-10,955,72885,679,33278,209,36469,67,3138,710,18802,246,28872,778,47674,California
Madera,2021-04-11,793,73678,641,33919,74,36543,78,3216,303,18694,487,29359,379,48053,California
Madera,2021-04-12,782,74460,270,34189,434,36977,78,3294,304,18599,478,29837,383,48436,California
Madera,2021-04-13,1231,75691,608,34797,582,37559,41,3335,725,18871,504,30341,776,49212,California
Madera,2021-04-14,1370,77061,845,35642,525,38084,0,3335,583,18671,789,31130,589,49801,California
Madera,2021-04-15,1140,78201,486,36128,653,38737,1,3336,453,18451,675,31805,455,50256,California
Madera,2021-04-16,1297,79498,532,36660,765,39502,0,3336,445,18056,841,32646,446,50702,California
Madera,2021-04-17,1262,80760,1063,37723,199,39701,0,3336,821,18437,440,33086,821,51523,California
Madera,2021-04-18,244,81004,207,37930,37,39738,0,3336,99,18392,144,33230,99,51622,California
Madera,2021-04-19,802,81806,236,38166,565,40303,1,3337,274,18145,522,33752,275,51897,California
Madera,2021-04-20,869,82675,427,38593,442,40745,0,3337,237,17755,629,34381,239,52136,California
Madera,2021-04-21,852,83527,445,39038,407,41152,0,3337,297,17499,555,34936,299,52435,California
Madera,2021-04-22,1058,84585,509,39547,549,41701,0,3337,392,17230,662,35598,393,52828,California
Madera,2021-04-23,962,85547,306,39853,655,42356,1,3338,348,16970,609,36207,349,53177,California
Madera,2021-04-24,703,86250,463,40316,240,42596,0,3338,281,16834,418,36625,282,53459,California
Madera,2021-04-25,265,86515,161,40477,101,42697,3,3341,118,16813,143,36768,122,53581,California
Madera,2021-04-26,516,87031,97,40574,413,43110,6,3347,111,16527,403,37171,117,53698,California
Madera,2021-04-27,567,87598,268,40842,278,43388,21,3368,304,16591,262,37433,326,54024,California
Madera,2021-04-28,472,88070,196,41038,257,43645,19,3387,235,16609,235,37668,253,54277,California
Madera,2021-04-29,518,88588,240,41278,251,43896,27,3414,253,16631,258,37926,280,54557,California
Madera,2021-04-30,919,89507,503,41781,400,44296,16,3430,261,16255,653,38579,277,54834,California
Madera,2021-05-01,958,90465,865,42646,80,44376,13,3443,390,16090,568,39147,403,55237,California
Madera,2021-05-02,398,90863,350,42996,44,44420,4,3447,149,15994,249,39396,153,55390,California
Madera,2021-05-03,504,91367,202,43198,262,44682,40,3487,102,15737,399,39795,142,55532,California
Madera,2021-05-04,873,92240,428,43626,405,45087,40,3527,212,15328,661,40456,252,55784,California
Madera,2021-05-05,992,93232,471,44097,462,45549,59,3586,273,14943,717,41173,332,56116,California
Madera,2021-05-06,689,93921,243,44340,415,45964,31,3617,153,14596,531,41704,184,56300,California
Madera,2021-05-07,804,94725,279,44619,504,46468,21,3638,193,14203,606,42310,213,56513,California
Madera,2021-05-08,967,95692,755,45374,202,46670,10,3648,186,13619,780,43090,196,56709,California
Madera,2021-05-09,145,95837,19,45393,115,46785,11,3659,34,13554,110,43200,45,56754,California
Madera,2021-05-10,343,96180,73,45466,258,47043,12,3671,101,13426,241,43441,113,56867,California
Madera,2021-05-11,515,96695,176,45642,331,47374,8,3679,163,13247,350,43791,171,57038,California
Madera,2021-05-12,468,97163,220,45862,212,47586,36,3715,120,13056,347,44138,156,57194,California
Madera,2021-05-13,478,97641,287,46149,161,47747,30,3745,155,12921,320,44458,185,57379,California
Madera,2021-05-14,481,98122,249,46398,219,47966,13,3758,219,12893,260,44718,232,57611,California
Madera,2021-05-15,455,98577,402,46800,45,48011,8,3766,293,13033,161,44879,301,57912,California
Madera,2021-05-16,207,98784,161,46961,22,48033,24,3790,80,13010,127,45006,104,58016,California
Marin,2020-12-15,2,2,2,2,0,0,0,0,2,2,0,0,2,2,California
Marin,2020-12-16,107,109,107,109,0,0,0,0,107,109,0,0,107,109,California
Marin,2020-12-17,261,370,261,370,0,0,0,0,261,370,0,0,261,370,California
Marin,2020-12-18,373,743,373,743,0,0,0,0,373,743,0,0,373,743,California
Marin,2020-12-19,348,1091,347,1090,1,1,0,0,348,1091,0,0,348,1091,California
Marin,2020-12-20,167,1258,166,1256,1,2,0,0,167,1258,0,0,167,1258,California
Marin,2020-12-21,238,1496,235,1491,3,5,0,0,238,1496,0,0,238,1496,California
Marin,2020-12-22,521,2017,317,1808,204,209,0,0,521,2017,0,0,521,2017,California
Marin,2020-12-23,730,2747,321,2129,409,618,0,0,730,2747,0,0,730,2747,California
Marin,2020-12-24,357,3104,159,2288,198,816,0,0,357,3104,0,0,357,3104,California
Marin,2020-12-25,27,3131,0,2288,27,843,0,0,27,3131,0,0,27,3131,California
Marin,2020-12-26,143,3274,93,2381,50,893,0,0,143,3274,0,0,143,3274,California
Marin,2020-12-27,92,3366,55,2436,37,930,0,0,92,3366,0,0,92,3366,California
Marin,2020-12-28,408,3774,99,2535,309,1239,0,0,408,3774,0,0,408,3774,California
Marin,2020-12-29,402,4176,88,2623,314,1553,0,0,402,4176,0,0,402,4176,California
Marin,2020-12-30,626,4802,388,3011,238,1791,0,0,626,4802,0,0,626,4802,California
Marin,2020-12-31,197,4999,34,3045,163,1954,0,0,197,4999,0,0,197,4999,California
Marin,2021-01-01,17,5016,7,3052,10,1964,0,0,17,5016,0,0,17,5016,California
Marin,2021-01-02,108,5124,102,3154,6,1970,0,0,108,5124,0,0,108,5124,California
Marin,2021-01-03,54,5178,36,3190,18,1988,0,0,51,5175,0,0,51,5175,California
Marin,2021-01-04,296,5474,192,3382,104,2092,0,0,295,5469,1,1,295,5470,California
Marin,2021-01-05,369,5843,222,3604,147,2239,0,0,326,5752,43,44,326,5796,California
Marin,2021-01-06,819,6662,318,3922,501,2740,0,0,641,6215,178,222,641,6437,California
Marin,2021-01-07,890,7552,503,4425,387,3127,0,0,543,6411,347,569,543,6980,California
Marin,2021-01-08,970,8522,514,4939,456,3583,0,0,594,6630,375,944,594,7574,California
Marin,2021-01-09,620,9142,224,5163,396,3979,0,0,488,6986,132,1076,488,8062,California
Marin,2021-01-10,129,9271,100,5263,29,4008,0,0,55,6967,74,1150,55,8117,California
Marin,2021-01-11,468,9739,326,5589,142,4150,0,0,248,6997,220,1370,250,8367,California
Marin,2021-01-12,936,10675,540,6129,396,4546,0,0,569,7202,364,1734,569,8936,California
Marin,2021-01-13,1177,11852,499,6628,678,5224,0,0,939,7903,238,1972,939,9875,California
Marin,2021-01-14,1068,12920,318,6946,750,5974,0,0,918,8673,148,2120,918,10793,California
Marin,2021-01-15,1157,14077,354,7300,803,6777,0,0,1027,9572,129,2249,1028,11821,California
Marin,2021-01-16,1121,15198,914,8214,207,6984,0,0,1047,10545,74,2323,1047,12868,California
Marin,2021-01-17,1232,16430,1113,9327,119,7103,0,0,1203,11723,28,2351,1206,14074,California
Marin,2021-01-18,360,16790,159,9486,201,7304,0,0,309,11981,51,2402,309,14383,California
Marin,2021-01-19,1154,17944,912,10398,242,7546,0,0,982,12792,171,2573,982,15365,California
Marin,2021-01-20,1792,19736,1210,11608,582,8128,0,0,1062,13135,719,3292,1062,16427,California
Marin,2021-01-21,1687,21423,1062,12670,625,8753,0,0,1333,14119,351,3643,1335,17762,California
Marin,2021-01-22,1700,23123,1088,13758,612,9365,0,0,1532,15483,168,3811,1532,19294,California
Marin,2021-01-23,1844,24967,1342,15100,502,9867,0,0,1755,17150,88,3899,1755,21049,California
Marin,2021-01-24,615,25582,166,15266,449,10316,0,0,583,17701,32,3931,583,21632,California
Marin,2021-01-25,1129,26711,229,15495,900,11216,0,0,694,17961,435,4366,695,22327,California
Marin,2021-01-26,1505,28216,783,16278,722,11938,0,0,1130,18717,374,4740,1130,23457,California
Marin,2021-01-27,1714,29930,886,17164,828,12766,0,0,1352,19710,360,5100,1353,24810,California
Marin,2021-01-28,2080,32010,1071,18235,1009,13775,0,0,1816,21264,263,5363,1817,26627,California
Marin,2021-01-29,2195,34205,1446,19681,749,14524,0,0,1990,23062,193,5556,1991,28618,California
Marin,2021-01-30,1721,35926,906,20587,815,15339,0,0,1642,24626,79,5635,1643,30261,California
Marin,2021-01-31,458,36384,321,20908,137,15476,0,0,432,25032,26,5661,432,30693,California
Marin,2021-02-01,1092,37476,417,21325,675,16151,0,0,893,25727,199,5860,894,31587,California
Marin,2021-02-02,1352,38828,464,21789,888,17039,0,0,722,25830,619,6479,722,32309,California
Marin,2021-02-03,1782,40610,431,22220,1351,18390,0,0,1256,26561,525,7004,1256,33565,California
Marin,2021-02-04,1540,42150,513,22733,1027,19417,0,0,937,26898,600,7604,937,34502,California
Marin,2021-02-05,2181,44331,684,23417,1497,20914,0,0,1343,27407,834,8438,1343,35845,California
Marin,2021-02-06,1427,45758,851,24268,576,21490,0,0,605,27191,821,9259,605,36450,California
Marin,2021-02-07,1290,47048,1008,25276,282,21772,0,0,488,26878,801,10060,488,36938,California
Marin,2021-02-08,1521,48569,754,26030,767,22539,0,0,726,26811,793,10853,726,37664,California
Marin,2021-02-09,1781,50350,1122,27152,659,23198,0,0,835,26700,946,11799,835,38499,California
Marin,2021-02-10,2340,52690,1493,28645,847,24045,0,0,1217,26797,1121,12920,1218,39717,California
Marin,2021-02-11,2872,55562,1646,30291,1226,25271,0,0,1452,26838,1414,14334,1455,41172,California
Marin,2021-02-12,3064,58626,1540,31831,1524,26795,0,0,1563,26903,1498,15832,1563,42735,California
Marin,2021-02-13,2338,60964,1243,33074,1095,27890,0,0,1130,26827,1206,17038,1130,43865,California
Marin,2021-02-14,812,61776,302,33376,510,28400,0,0,719,27454,93,17131,720,44585,California
Marin,2021-02-15,1215,62991,355,33731,860,29260,0,0,835,27911,379,17510,836,45421,California
Marin,2021-02-16,2465,65456,1057,34788,1408,30668,0,0,1504,28455,960,18470,1504,46925,California
Marin,2021-02-17,2102,67558,944,35732,1158,31826,0,0,1088,28532,1012,19482,1089,48014,California
Marin,2021-02-18,2418,69976,1583,37315,835,32661,0,0,1059,28233,1358,20840,1059,49073,California
Marin,2021-02-19,2762,72738,2157,39472,605,33266,0,0,1220,27925,1529,22369,1221,50294,California
Marin,2021-02-20,2566,75304,2112,41584,454,33720,0,0,1217,27801,1342,23711,1218,51512,California
Marin,2021-02-21,1306,76610,1113,42697,193,33913,0,0,929,28357,373,24084,929,52441,California
Marin,2021-02-22,1832,78442,1412,44109,420,34333,0,0,1218,28963,612,24696,1218,53659,California
Marin,2021-02-23,2859,81301,1638,45747,1221,35554,0,0,1928,29972,920,25616,1929,55588,California
Marin,2021-02-24,3516,84817,1615,47362,1901,37455,0,0,2256,30976,1253,26869,2257,57845,California
Marin,2021-02-25,3937,88754,1814,49176,2123,39578,0,0,2779,32605,1151,28020,2780,60625,California
Marin,2021-02-26,3498,92252,1893,51069,1605,41183,0,0,2539,34198,947,28967,2540,63165,California
Marin,2021-02-27,2611,94863,1494,52563,1117,42300,0,0,1777,35146,831,29798,1779,64944,California
Marin,2021-02-28,1380,96243,919,53482,461,42761,0,0,1043,35855,334,30132,1043,65987,California
Marin,2021-03-01,2497,98740,1550,55032,947,43708,0,0,1679,36722,812,30944,1679,67666,California
Marin,2021-03-02,2452,101192,1612,56644,839,44547,1,1,1699,37672,750,31694,1700,69366,California
Marin,2021-03-03,4320,105512,2402,59046,1914,46461,4,5,2798,38958,1516,33210,2802,72168,California
Marin,2021-03-04,3353,108865,1651,60697,1701,48162,1,6,2340,40296,1006,34216,2344,74512,California
Marin,2021-03-05,3039,111904,1142,61839,1885,50047,12,18,1781,40835,1254,35470,1793,76305,California
Marin,2021-03-06,3219,115123,2306,64145,835,50882,78,96,2645,42988,569,36039,2722,79027,California
Marin,2021-03-07,1373,116496,1153,65298,196,51078,24,120,983,43609,386,36425,1007,80034,California
Marin,2021-03-08,1876,118372,1371,66669,388,51466,117,237,1406,44665,467,36892,1523,81557,California
Marin,2021-03-09,2101,120473,1220,67889,774,52240,107,344,1429,45531,670,37562,1536,83093,California
Marin,2021-03-10,4405,124878,2460,70349,1662,53902,283,627,3174,47763,1227,38789,3459,86552,California
Marin,2021-03-11,4567,129445,1876,72225,2556,56458,135,762,3272,49882,1288,40077,3407,89959,California
Marin,2021-03-12,3979,133424,1539,73764,2084,58542,356,1118,1566,49402,2402,42479,1922,91881,California
Marin,2021-03-13,4095,137519,2858,76622,1165,59707,72,1190,2420,50216,1673,44152,2487,94368,California
Marin,2021-03-14,2274,139793,1096,77718,1061,60768,117,1307,705,49470,1567,45719,821,95189,California
Marin,2021-03-15,3232,143025,1765,79483,1419,62187,48,1355,1217,48730,2004,47723,1264,96453,California
Marin,2021-03-16,4304,147329,2316,81799,1624,63811,364,1719,1504,47799,2797,50520,1866,98319,California
Marin,2021-03-17,4176,151505,2265,84064,1866,65677,45,1764,2049,47776,2116,52636,2093,100412,California
Marin,2021-03-18,4486,155991,2259,86323,2152,67829,75,1839,2247,47872,2223,54859,2319,102731,California
Marin,2021-03-19,4468,160459,2283,88606,1966,69795,219,2058,2427,48485,2031,56890,2644,105375,California
Marin,2021-03-20,3575,164034,1981,90587,1480,71275,114,2172,2032,49096,1536,58426,2147,107522,California
Marin,2021-03-21,1536,165570,1131,91718,380,71655,25,2197,800,49187,734,59160,825,108347,California
Marin,2021-03-22,2468,168038,2134,93852,169,71824,165,2362,993,48874,1471,60631,1158,109505,California
Marin,2021-03-23,4248,172286,2200,96052,1918,73742,130,2492,1929,48620,2313,62944,2059,111564,California
Marin,2021-03-24,4422,176708,2900,98952,1418,75160,104,2596,1801,47913,2610,65554,1903,113467,California
Marin,2021-03-25,4644,181352,2836,101788,1740,76900,68,2664,2269,47886,2362,67916,2335,115802,California
Marin,2021-03-26,4290,185642,2329,104117,1747,78647,214,2878,2421,48669,1852,69768,2635,118437,California
Marin,2021-03-27,3708,189350,2661,106778,1028,79675,19,2897,1152,47302,2546,72314,1179,119616,California
Marin,2021-03-28,2381,191731,1720,108498,655,80330,6,2903,1105,47143,1270,73584,1111,120727,California
Marin,2021-03-29,2687,194418,2092,110590,570,80900,25,2928,1185,46854,1500,75084,1211,121938,California
Marin,2021-03-30,4654,199072,3644,114234,977,81877,33,2961,3054,48344,1597,76681,3087,125025,California
Marin,2021-03-31,5803,204875,4107,118341,1647,83524,49,3010,2578,47760,3213,79894,2629,127654,California
Marin,2021-04-01,4415,209290,2279,120620,1885,85409,251,3261,2125,47856,2281,82175,2377,130031,California
Marin,2021-04-02,3705,212995,1841,122461,1500,86909,364,3625,1983,48487,1715,83890,2346,132377,California
Marin,2021-04-03,3861,216856,2532,124993,958,87867,371,3996,1480,47973,2369,86259,1855,134232,California
Marin,2021-04-04,1644,218500,1234,126227,207,88074,203,4199,1200,48934,442,86701,1403,135635,California
Marin,2021-04-05,2196,220696,1526,127753,299,88373,371,4570,1267,49646,924,87625,1636,137271,California
Marin,2021-04-06,3949,224645,2109,129862,1290,89663,550,5120,2193,50635,1751,89376,2740,140011,California
Marin,2021-04-07,3921,228566,1986,131848,1296,90959,639,5759,1434,50228,2480,91856,2073,142084,California
Marin,2021-04-08,4998,233564,1957,133805,2434,93393,607,6366,2283,50402,2706,94562,2880,144964,California
Marin,2021-04-09,3955,237519,1544,135349,1686,95079,725,7091,1304,49782,2646,97208,2026,146990,California
Marin,2021-04-10,3186,240705,1461,136810,1293,96372,432,7523,1435,49907,1740,98948,1865,148855,California
Marin,2021-04-11,1058,241763,803,137613,93,96465,162,7685,474,49960,582,99530,635,149490,California
Marin,2021-04-12,1735,243498,1235,138848,340,96805,160,7845,925,50239,807,100337,1086,150576,California
Marin,2021-04-13,3711,247209,2272,141120,1432,98237,7,7852,1347,49239,2354,102691,1354,151930,California
Marin,2021-04-14,4160,251369,2481,143601,1676,99913,3,7855,1712,48513,2439,105130,1713,153643,California
Marin,2021-04-15,5556,256925,3935,147536,1621,101534,0,7855,3180,49330,2364,107494,3181,156824,California
Marin,2021-04-16,4241,261166,2236,149772,2002,103536,3,7858,2062,49229,2167,109661,2066,158890,California
Marin,2021-04-17,3523,264689,2153,151925,1370,104906,0,7858,1761,49234,1756,111417,1761,160651,California
Marin,2021-04-18,3178,267867,3075,155000,103,105009,0,7858,2541,51141,634,112051,2541,163192,California
Marin,2021-04-19,2016,269883,1847,156847,169,105178,0,7858,1159,51448,854,112905,1161,164353,California
Marin,2021-04-20,3693,273576,2553,159400,1140,106318,0,7858,1473,50708,2214,115119,1474,165827,California
Marin,2021-04-21,4002,277578,2943,162343,1056,107374,3,7861,1377,49476,2610,117729,1378,167205,California
Marin,2021-04-22,4212,281790,3211,165554,1001,108375,0,7861,1485,48245,2719,120448,1488,168693,California
Marin,2021-04-23,3227,285017,1828,167382,1399,109774,0,7861,1235,47494,1987,122435,1236,169929,California
Marin,2021-04-24,2522,287539,1692,169074,829,110603,1,7862,926,46834,1587,124022,927,170856,California
Marin,2021-04-25,1387,288926,1269,170343,118,110721,0,7862,311,46075,1070,125092,311,171167,California
Marin,2021-04-26,1548,290474,1348,171691,197,110918,3,7865,349,45231,1197,126289,353,171520,California
Marin,2021-04-27,2967,293441,2169,173860,760,111678,38,7903,970,44247,1988,128277,1004,172524,California
Marin,2021-04-28,2295,295736,1583,175443,664,112342,48,7951,723,43448,1569,129846,770,173294,California
Marin,2021-04-29,2871,298607,1967,177410,842,113184,62,8013,787,42220,2077,131923,849,174143,California
Marin,2021-04-30,1949,300556,1274,178684,587,113771,88,8101,698,41761,1245,133168,786,174929,California
Marin,2021-05-01,1809,302365,1003,179687,783,114554,23,8124,523,41028,1279,134447,546,175475,California
Marin,2021-05-02,724,303089,587,180274,108,114662,29,8153,200,40736,520,134967,228,175703,California
Marin,2021-05-03,1213,304302,988,181262,170,114832,55,8208,263,40106,947,135914,317,176020,California
Marin,2021-05-04,2916,307218,1959,183221,867,115699,90,8298,468,38223,2441,138355,558,176578,California
Marin,2021-05-05,2716,309934,1994,185215,600,116299,122,8420,441,36517,2269,140624,563,177141,California
Marin,2021-05-06,3253,313187,2529,187744,636,116935,88,8508,426,34211,2819,143443,513,177654,California
Marin,2021-05-07,2026,315213,1540,189284,400,117335,86,8594,378,33033,1640,145083,462,178116,California
Marin,2021-05-08,2463,317676,1858,191142,483,117818,122,8716,338,31376,2117,147200,460,178576,California
Marin,2021-05-09,987,318663,901,192043,65,117883,21,8737,118,30651,865,148065,140,178716,California
Marin,2021-05-10,1404,320067,1149,193192,186,118069,69,8806,200,29719,1200,149265,268,178984,California
Marin,2021-05-11,2282,322349,1835,195027,393,118462,54,8860,292,28076,1988,151253,345,179329,California
Marin,2021-05-12,1381,323730,1023,196050,289,118751,69,8929,268,27303,1108,152361,335,179664,California
Marin,2021-05-13,2415,326145,2100,198150,262,119013,53,8982,1282,27510,1127,153488,1334,180998,California
Marin,2021-05-14,1712,327857,1013,199163,632,119645,67,9049,732,27337,972,154460,799,181797,California
Marin,2021-05-15,1196,329053,806,199969,319,119964,71,9120,528,27270,666,155126,599,182396,California
Marin,2021-05-16,1358,330411,1342,201311,16,119980,0,9120,1122,28158,234,155360,1122,183518,California
Mariposa,2020-12-17,37,37,37,37,0,0,0,0,39,39,0,0,39,39,California
Mariposa,2020-12-18,55,92,55,92,0,0,0,0,56,95,0,0,56,95,California
Mariposa,2020-12-20,2,94,2,94,0,0,0,0,2,97,0,0,2,97,California
Mariposa,2020-12-21,48,142,48,142,0,0,0,0,53,150,0,0,53,150,California
Mariposa,2020-12-22,5,147,5,147,0,0,0,0,5,155,0,0,5,155,California
Mariposa,2020-12-23,16,163,16,163,0,0,0,0,16,171,0,0,16,171,California
Mariposa,2020-12-24,1,164,0,163,1,1,0,0,0,171,0,0,0,171,California
Mariposa,2020-12-26,1,165,1,164,0,1,0,0,1,172,0,0,1,172,California
Mariposa,2020-12-27,1,166,0,164,1,2,0,0,1,173,0,0,1,173,California
Mariposa,2020-12-28,6,172,3,167,3,5,0,0,6,179,0,0,6,179,California
Mariposa,2020-12-29,33,205,3,170,30,35,0,0,33,212,0,0,33,212,California
Mariposa,2020-12-30,25,230,4,174,21,56,0,0,25,237,0,0,25,237,California
Mariposa,2020-12-31,16,246,0,174,16,72,0,0,16,253,0,0,16,253,California
Mariposa,2021-01-02,1,247,1,175,0,72,0,0,1,254,0,0,1,254,California
Mariposa,2021-01-04,8,255,1,176,7,79,0,0,8,262,0,0,8,262,California
Mariposa,2021-01-05,24,279,14,190,10,89,0,0,14,266,10,10,14,276,California
Mariposa,2021-01-06,6,285,3,193,3,92,0,0,3,266,3,13,3,279,California
Mariposa,2021-01-07,51,336,46,239,5,97,0,0,5,225,46,59,5,284,California
Mariposa,2021-01-08,108,444,79,318,29,126,0,0,33,183,75,134,33,317,California
Mariposa,2021-01-09,1,445,0,318,1,127,0,0,1,184,0,134,1,318,California
Mariposa,2021-01-11,31,476,10,328,21,148,0,0,23,199,8,142,23,341,California
Mariposa,2021-01-12,20,496,5,333,15,163,0,0,16,211,4,146,16,357,California
Mariposa,2021-01-13,21,517,4,337,17,180,0,0,18,226,3,149,18,375,California
Mariposa,2021-01-14,73,590,7,344,66,246,0,0,67,287,6,155,67,442,California
Mariposa,2021-01-15,67,657,26,370,41,287,0,0,57,334,10,165,57,499,California
Mariposa,2021-01-16,14,671,2,372,12,299,0,0,13,346,1,166,13,512,California
Mariposa,2021-01-17,2,673,0,372,2,301,0,0,2,348,0,166,2,514,California
Mariposa,2021-01-18,3,676,3,375,0,301,0,0,1,347,2,168,1,515,California
Mariposa,2021-01-19,8,684,4,379,4,305,0,0,5,350,2,170,5,520,California
Mariposa,2021-01-20,23,707,1,380,22,327,0,0,22,371,1,171,22,542,California
Mariposa,2021-01-21,65,772,7,387,58,385,0,0,61,428,4,175,61,603,California
Mariposa,2021-01-22,56,828,2,389,54,439,0,0,56,484,0,175,56,659,California
Mariposa,2021-01-23,116,944,2,391,114,553,0,0,115,598,1,176,115,774,California
Mariposa,2021-01-24,2,946,2,393,0,553,0,0,2,600,0,176,2,776,California
Mariposa,2021-01-25,4,950,1,394,3,556,0,0,0,596,4,180,0,776,California
Mariposa,2021-01-26,36,986,4,398,32,588,0,0,4,572,32,212,8,784,California
Mariposa,2021-01-27,23,1009,1,399,22,610,0,0,13,575,10,222,13,797,California
Mariposa,2021-01-28,126,1135,3,402,123,733,0,0,113,676,12,234,113,910,California
Mariposa,2021-01-29,84,1219,22,424,62,795,0,0,83,758,1,235,83,993,California
Mariposa,2021-01-30,9,1228,1,425,8,803,0,0,8,765,1,236,8,1001,California
Mariposa,2021-01-31,1,1229,0,425,1,804,0,0,1,766,0,236,1,1002,California
Mariposa,2021-02-01,87,1316,30,455,57,861,0,0,66,811,21,257,66,1068,California
Mariposa,2021-02-02,15,1331,3,458,12,873,0,0,9,814,6,263,9,1077,California
Mariposa,2021-02-03,20,1351,1,459,19,892,0,0,14,822,6,269,14,1091,California
Mariposa,2021-02-04,97,1448,8,467,89,981,0,0,92,911,4,273,93,1184,California
Mariposa,2021-02-05,190,1638,5,472,185,1166,0,0,164,1049,26,299,164,1348,California
Mariposa,2021-02-06,11,1649,4,476,7,1173,0,0,10,1058,1,300,10,1358,California
Mariposa,2021-02-07,1,1650,0,476,1,1174,0,0,1,1059,0,300,1,1359,California
Mariposa,2021-02-08,40,1690,2,478,38,1212,0,0,21,1061,19,319,21,1380,California
Mariposa,2021-02-09,43,1733,25,503,18,1230,0,0,37,1092,6,325,37,1417,California
Mariposa,2021-02-10,28,1761,5,508,23,1253,0,0,17,1105,10,335,23,1440,California
Mariposa,2021-02-11,375,2136,5,513,370,1623,0,0,361,1455,14,349,364,1804,California
Mariposa,2021-02-12,185,2321,8,521,177,1800,0,0,141,1552,44,393,141,1945,California
Mariposa,2021-02-13,11,2332,3,524,8,1808,0,0,9,1559,2,395,9,1954,California
Mariposa,2021-02-14,8,2340,4,528,4,1812,0,0,5,1561,3,398,5,1959,California
Mariposa,2021-02-15,9,2349,3,531,6,1818,0,0,7,1566,2,400,7,1966,California
Mariposa,2021-02-16,57,2406,34,565,23,1841,0,0,34,1577,23,423,34,2000,California
Mariposa,2021-02-17,36,2442,8,573,28,1869,0,0,27,1597,8,431,28,2028,California
Mariposa,2021-02-18,57,2499,7,580,50,1919,0,0,20,1580,37,468,20,2048,California
Mariposa,2021-02-19,82,2581,3,583,79,1998,0,0,77,1652,5,473,77,2125,California
Mariposa,2021-02-20,252,2833,4,587,248,2246,0,0,222,1845,29,502,222,2347,California
Mariposa,2021-02-21,236,3069,3,590,233,2479,0,0,235,2079,1,503,235,2582,California
Mariposa,2021-02-22,23,3092,7,597,16,2495,0,0,21,2098,2,505,21,2603,California
Mariposa,2021-02-23,42,3134,36,633,6,2501,0,0,25,2106,17,522,25,2628,California
Mariposa,2021-02-24,20,3154,3,636,17,2518,0,0,8,2103,11,533,8,2636,California
Mariposa,2021-02-25,17,3171,8,644,9,2527,0,0,11,2108,6,539,11,2647,California
Mariposa,2021-02-26,421,3592,7,651,414,2941,0,0,360,2408,61,600,361,3008,California
Mariposa,2021-02-27,171,3763,5,656,166,3107,0,0,160,2557,11,611,160,3168,California
Mariposa,2021-02-28,2,3765,1,657,1,3108,0,0,0,2555,2,613,0,3168,California
Mariposa,2021-03-01,82,3847,26,683,56,3164,0,0,17,2508,64,677,17,3185,California
Mariposa,2021-03-02,21,3868,14,697,7,3171,0,0,11,2510,9,686,11,3196,California
Mariposa,2021-03-03,70,3938,5,702,65,3236,0,0,66,2573,4,690,67,3263,California
Mariposa,2021-03-04,37,3975,9,711,28,3264,0,0,20,2577,17,707,21,3284,California
Mariposa,2021-03-05,55,4030,9,720,46,3310,0,0,38,2603,17,724,43,3327,California
Mariposa,2021-03-06,15,4045,6,726,9,3319,0,0,7,2602,8,732,7,3334,California
Mariposa,2021-03-07,1,4046,1,727,0,3319,0,0,0,2601,1,733,0,3334,California
Mariposa,2021-03-08,38,4084,4,731,23,3342,11,11,9,2592,29,762,20,3354,California
Mariposa,2021-03-09,45,4129,18,749,17,3359,10,21,14,2585,31,793,24,3378,California
Mariposa,2021-03-10,30,4159,9,758,11,3370,10,31,9,2583,21,814,19,3397,California
Mariposa,2021-03-11,468,4627,6,764,443,3813,19,50,226,2590,241,1055,248,3645,California
Mariposa,2021-03-12,254,4881,8,772,219,4032,27,77,114,2590,140,1195,140,3785,California
Mariposa,2021-03-13,32,4913,6,778,11,4043,15,92,11,2594,21,1216,25,3810,California
Mariposa,2021-03-14,17,4930,2,780,4,4047,11,103,3,2594,14,1230,14,3824,California
Mariposa,2021-03-15,76,5006,7,787,31,4078,38,141,31,2618,45,1275,69,3893,California
Mariposa,2021-03-16,82,5088,32,819,15,4093,35,176,24,2619,58,1333,59,3952,California
Mariposa,2021-03-17,71,5159,10,829,53,4146,8,184,51,2659,19,1352,59,4011,California
Mariposa,2021-03-18,66,5225,15,844,41,4187,10,194,41,2685,25,1377,51,4062,California
Mariposa,2021-03-19,338,5563,11,855,322,4509,5,199,303,2958,35,1412,308,4370,California
Mariposa,2021-03-20,425,5988,5,860,418,4927,2,201,46,2628,379,1791,49,4419,California
Mariposa,2021-03-21,14,6002,8,868,5,4932,1,202,9,2634,4,1795,10,4429,California
Mariposa,2021-03-22,36,6038,7,875,21,4953,8,210,24,2655,12,1807,33,4462,California
Mariposa,2021-03-23,53,6091,33,908,10,4963,10,220,32,2676,21,1828,42,4504,California
Mariposa,2021-03-24,55,6146,5,913,48,5011,2,222,50,2723,5,1833,52,4556,California
Mariposa,2021-03-25,75,6221,15,928,52,5063,8,230,53,2764,20,1853,61,4617,California
Mariposa,2021-03-26,488,6709,9,937,478,5541,1,231,252,2781,236,2089,253,4870,California
Mariposa,2021-03-27,226,6935,8,945,218,5759,0,231,90,2738,136,2225,93,4963,California
Mariposa,2021-03-28,5,6940,0,945,2,5761,3,234,1,2738,4,2229,4,4967,California
Mariposa,2021-03-29,19,6959,6,951,13,5774,0,234,12,2743,7,2236,12,4979,California
Mariposa,2021-03-30,36,6995,13,964,7,5781,16,250,13,2749,23,2259,29,5008,California
Mariposa,2021-03-31,89,7084,16,980,66,5847,7,257,69,2805,20,2279,76,5084,California
Mariposa,2021-04-01,53,7137,9,989,36,5883,8,265,33,2826,20,2299,41,5125,California
Mariposa,2021-04-02,347,7484,11,1000,334,6217,2,267,307,3096,39,2338,309,5434,California
Mariposa,2021-04-03,10,7494,7,1007,3,6220,0,267,5,3096,5,2343,5,5439,California
Mariposa,2021-04-04,2,7496,1,1008,0,6220,1,268,0,3095,2,2345,1,5440,California
Mariposa,2021-04-05,32,7528,23,1031,6,6226,3,271,16,3098,16,2361,19,5459,California
Mariposa,2021-04-06,44,7572,20,1051,8,6234,16,287,14,3099,29,2390,30,5489,California
Mariposa,2021-04-07,97,7669,6,1057,72,6306,19,306,28,3077,69,2459,47,5536,California
Mariposa,2021-04-08,276,7945,13,1070,244,6550,19,325,141,3105,133,2592,161,5697,California
Mariposa,2021-04-09,37,7982,9,1079,13,6563,15,340,10,3103,27,2619,25,5722,California
Mariposa,2021-04-10,201,8183,3,1082,188,6751,10,350,186,3285,13,2632,195,5917,California
Mariposa,2021-04-11,124,8307,4,1086,118,6869,2,352,57,3278,67,2699,60,5977,California
Mariposa,2021-04-12,42,8349,13,1099,27,6896,2,354,13,3264,29,2728,15,5992,California
Mariposa,2021-04-13,53,8402,45,1144,8,6904,0,354,34,3279,19,2747,34,6026,California
Mariposa,2021-04-14,112,8514,7,1151,105,7009,0,354,58,3284,53,2800,58,6084,California
Mariposa,2021-04-15,56,8570,16,1167,40,7049,0,354,41,3313,12,2812,41,6125,California
Mariposa,2021-04-16,381,8951,11,1178,370,7419,0,354,106,3144,275,3087,106,6231,California
Mariposa,2021-04-17,10,8961,5,1183,5,7424,0,354,7,3148,3,3090,7,6238,California
Mariposa,2021-04-18,6,8967,0,1183,6,7430,0,354,3,3148,3,3093,3,6241,California
Mariposa,2021-04-19,56,9023,25,1208,31,7461,0,354,29,3152,25,3118,29,6270,California
Mariposa,2021-04-20,62,9085,49,1257,13,7474,0,354,39,3170,21,3139,39,6309,California
Mariposa,2021-04-21,89,9174,13,1270,76,7550,0,354,41,3164,47,3186,41,6350,California
Mariposa,2021-04-22,47,9221,8,1278,39,7589,0,354,37,3192,9,3195,37,6387,California
Mariposa,2021-04-23,314,9535,69,1347,245,7834,0,354,145,3169,169,3364,146,6533,California
Mariposa,2021-04-24,105,9640,10,1357,95,7929,0,354,42,3149,62,3426,42,6575,California
Mariposa,2021-04-26,15,9655,10,1367,5,7934,0,354,5,3144,10,3436,5,6580,California
Mariposa,2021-04-27,31,9686,16,1383,14,7948,1,355,15,3148,12,3448,16,6596,California
Mariposa,2021-04-28,73,9759,13,1396,53,8001,7,362,28,3138,45,3493,35,6631,California
Mariposa,2021-04-29,84,9843,12,1408,71,8072,1,363,79,3213,5,3498,80,6711,California
Mariposa,2021-04-30,209,10052,5,1413,199,8271,5,368,63,3135,146,3644,68,6779,California
Mariposa,2021-05-01,1,10053,1,1414,0,8271,0,368,0,3134,1,3645,0,6779,California
Mariposa,2021-05-02,3,10056,2,1416,0,8271,1,369,0,3132,3,3648,1,6780,California
Mariposa,2021-05-03,15,10071,12,1428,2,8273,1,370,7,3133,7,3655,8,6788,California
Mariposa,2021-05-04,50,10121,31,1459,15,8288,4,374,36,3159,14,3669,40,6828,California
Mariposa,2021-05-05,54,10175,8,1467,44,8332,2,376,17,3141,37,3706,19,6847,California
Mariposa,2021-05-06,54,10229,34,1501,14,8346,6,382,37,3167,17,3723,43,6890,California
Mariposa,2021-05-07,23,10252,7,1508,13,8359,3,385,13,3173,10,3733,16,6906,California
Mariposa,2021-05-08,281,10533,4,1512,277,8636,0,385,34,2962,247,3980,36,6942,California
Mariposa,2021-05-09,2,10535,1,1513,1,8637,0,385,0,2960,2,3982,0,6942,California
Mariposa,2021-05-10,18,10553,8,1521,8,8645,2,387,3,2950,15,3997,5,6947,California
Mariposa,2021-05-11,28,10581,19,1540,9,8654,0,387,20,2963,7,4004,20,6967,California
Mariposa,2021-05-12,9,10590,4,1544,2,8656,3,390,1,2959,8,4012,4,6971,California
Mariposa,2021-05-13,16,10606,8,1552,6,8662,2,392,8,2961,8,4020,10,6981,California
Mariposa,2021-05-14,182,10788,121,1673,54,8716,7,399,108,3002,74,4094,115,7096,California
Mariposa,2021-05-15,6,10794,4,1677,2,8718,0,399,2,3000,4,4098,2,7098,California
Mariposa,2021-05-16,1,10795,1,1678,0,8718,0,399,1,3001,0,4098,1,7099,California
Mendocino,2020-12-17,70,70,70,70,0,0,0,0,70,70,0,0,70,70,California
Mendocino,2020-12-18,85,155,84,154,1,1,0,0,84,154,0,0,84,154,California
Mendocino,2020-12-19,4,159,4,158,0,1,0,0,4,158,0,0,4,158,California
Mendocino,2020-12-20,7,166,7,165,0,1,0,0,7,165,0,0,7,165,California
Mendocino,2020-12-21,241,407,241,406,0,1,0,0,77,242,0,0,77,242,California
Mendocino,2020-12-22,251,658,190,596,61,62,0,0,251,493,0,0,251,493,California
Mendocino,2020-12-23,270,928,47,643,223,285,0,0,269,762,0,0,269,762,California
Mendocino,2020-12-24,49,977,8,651,41,326,0,0,49,811,0,0,49,811,California
Mendocino,2020-12-25,1,978,0,651,1,327,0,0,1,812,0,0,1,812,California
Mendocino,2020-12-26,2,980,2,653,0,327,0,0,2,814,0,0,2,814,California
Mendocino,2020-12-27,1,981,0,653,1,328,0,0,1,815,0,0,1,815,California
Mendocino,2020-12-28,74,1055,9,662,65,393,0,0,74,889,0,0,74,889,California
Mendocino,2020-12-29,122,1177,61,723,61,454,0,0,122,1011,0,0,122,1011,California
Mendocino,2020-12-30,123,1300,68,791,55,509,0,0,123,1134,0,0,123,1134,California
Mendocino,2020-12-31,132,1432,97,888,35,544,0,0,132,1266,0,0,132,1266,California
Mendocino,2021-01-01,8,1440,6,894,2,546,0,0,8,1274,0,0,8,1274,California
Mendocino,2021-01-04,839,2279,19,913,820,1366,0,0,839,2113,0,0,839,2113,California
Mendocino,2021-01-05,72,2351,36,949,36,1402,0,0,59,2159,13,13,59,2172,California
Mendocino,2021-01-06,155,2506,133,1082,22,1424,0,0,145,2294,10,23,145,2317,California
Mendocino,2021-01-07,358,2864,238,1320,120,1544,0,0,295,2526,63,86,295,2612,California
Mendocino,2021-01-08,95,2959,82,1402,13,1557,0,0,41,2514,54,140,42,2654,California
Mendocino,2021-01-09,10,2969,6,1408,4,1561,0,0,8,2520,2,142,8,2662,California
Mendocino,2021-01-10,8,2977,8,1416,0,1561,0,0,1,2514,7,149,1,2663,California
Mendocino,2021-01-11,101,3078,92,1508,9,1570,0,0,43,2500,57,206,43,2706,California
Mendocino,2021-01-12,385,3463,375,1883,10,1580,0,0,269,2653,116,322,269,2975,California
Mendocino,2021-01-13,487,3950,145,2028,342,1922,0,0,445,3059,40,362,446,3421,California
Mendocino,2021-01-14,639,4589,20,2048,619,2541,0,0,630,3680,9,371,630,4051,California
Mendocino,2021-01-15,1859,6448,861,2909,998,3539,0,0,1854,5530,5,376,1855,5906,California
Mendocino,2021-01-16,791,7239,50,2959,741,4280,0,0,789,6317,2,378,789,6695,California
Mendocino,2021-01-17,553,7792,1,2960,552,4832,0,0,552,6868,1,379,552,7247,California
Mendocino,2021-01-18,487,8279,462,3422,25,4857,0,0,475,7331,12,391,475,7722,California
Mendocino,2021-01-19,334,8613,148,3570,186,5043,0,0,158,7313,176,567,158,7880,California
Mendocino,2021-01-20,554,9167,407,3977,147,5190,0,0,448,7658,104,671,449,8329,California
Mendocino,2021-01-21,538,9705,225,4202,313,5503,0,0,352,7825,185,856,352,8681,California
Mendocino,2021-01-22,149,9854,58,4260,91,5594,0,0,110,7896,39,895,110,8791,California
Mendocino,2021-01-23,156,10010,84,4344,72,5666,0,0,150,8040,6,901,150,8941,California
Mendocino,2021-01-24,5,10015,3,4347,2,5668,0,0,5,8045,0,901,5,8946,California
Mendocino,2021-01-25,191,10206,18,4365,173,5841,0,0,121,8096,70,971,121,9067,California
Mendocino,2021-01-26,155,10361,55,4420,100,5941,0,0,95,8131,60,1031,95,9162,California
Mendocino,2021-01-27,441,10802,371,4791,70,6011,0,0,175,8047,259,1290,175,9337,California
Mendocino,2021-01-28,590,11392,526,5317,64,6075,0,0,495,8448,94,1384,495,9832,California
Mendocino,2021-01-29,392,11784,351,5668,41,6116,0,0,363,8783,29,1413,364,10196,California
Mendocino,2021-01-30,49,11833,31,5699,18,6134,0,0,42,8818,7,1420,42,10238,California
Mendocino,2021-01-31,273,12106,2,5701,271,6405,0,0,3,8551,270,1690,3,10241,California
Mendocino,2021-02-01,381,12487,52,5753,329,6734,0,0,59,8288,322,2012,59,10300,California
Mendocino,2021-02-02,733,13220,513,6266,220,6954,0,0,374,8303,359,2371,374,10674,California
Mendocino,2021-02-03,392,13612,207,6473,185,7139,0,0,223,8359,167,2538,223,10897,California
Mendocino,2021-02-04,624,14236,529,7002,95,7234,0,0,500,8735,124,2662,500,11397,California
Mendocino,2021-02-05,1301,15537,1213,8215,88,7322,0,0,583,8602,716,3378,583,11980,California
Mendocino,2021-02-06,559,16096,158,8373,401,7723,0,0,544,9131,15,3393,544,12524,California
Mendocino,2021-02-07,32,16128,28,8401,4,7727,0,0,32,9163,0,3393,32,12556,California
Mendocino,2021-02-08,746,16874,714,9115,32,7759,0,0,285,8987,461,3854,285,12841,California
Mendocino,2021-02-09,141,17015,58,9173,83,7842,0,0,89,9024,52,3906,89,12930,California
Mendocino,2021-02-10,1489,18504,924,10097,565,8407,0,0,744,9030,738,4644,744,13674,California
Mendocino,2021-02-11,1189,19693,208,10305,981,9388,0,0,298,8437,891,5535,298,13972,California
Mendocino,2021-02-12,1445,21138,163,10468,1282,10670,0,0,654,8307,790,6325,660,14632,California
Mendocino,2021-02-13,496,21634,12,10480,484,11154,0,0,103,8023,392,6717,108,14740,California
Mendocino,2021-02-14,693,22327,3,10483,690,11844,0,0,134,7598,559,7276,134,14874,California
Mendocino,2021-02-15,330,22657,42,10525,288,12132,0,0,175,7618,155,7431,175,15049,California
Mendocino,2021-02-16,201,22858,51,10576,150,12282,0,0,130,7677,71,7502,130,15179,California
Mendocino,2021-02-17,1351,24209,1189,11765,162,12444,0,0,876,8080,473,7975,876,16055,California
Mendocino,2021-02-18,1791,26000,645,12410,1146,13590,0,0,1225,8740,565,8540,1225,17280,California
Mendocino,2021-02-19,753,26753,146,12556,607,14197,0,0,614,9215,139,8679,614,17894,California
Mendocino,2021-02-20,577,27330,551,13107,26,14223,0,0,546,9732,29,8708,546,18440,California
Mendocino,2021-02-21,325,27655,6,13113,319,14542,0,0,313,10034,11,8719,313,18753,California
Mendocino,2021-02-22,162,27817,30,13143,132,14674,0,0,69,10012,91,8810,69,18822,California
Mendocino,2021-02-23,853,28670,840,13983,13,14687,0,0,646,10453,205,9015,646,19468,California
Mendocino,2021-02-24,1847,30517,1767,15750,80,14767,0,0,1437,11487,405,9420,1439,20907,California
Mendocino,2021-02-25,1708,32225,533,16283,1175,15942,0,0,1288,12356,419,9839,1288,22195,California
Mendocino,2021-02-26,1410,33635,748,17031,662,16604,0,0,1044,13036,364,10203,1044,23239,California
Mendocino,2021-02-27,199,33834,151,17182,48,16652,0,0,76,12990,122,10325,76,23315,California
Mendocino,2021-02-28,36,33870,14,17196,22,16674,0,0,24,13002,12,10337,24,23339,California
Mendocino,2021-03-01,578,34448,534,17730,44,16718,0,0,539,13504,37,10374,539,23878,California
Mendocino,2021-03-02,73,34521,26,17756,47,16765,0,0,41,13514,31,10405,41,23919,California
Mendocino,2021-03-03,1715,36236,1331,19087,384,17149,0,0,1081,13963,632,11037,1081,25000,California
Mendocino,2021-03-04,1770,38006,147,19234,1623,18772,0,0,1552,15301,215,11252,1553,26553,California
Mendocino,2021-03-05,211,38217,151,19385,51,18823,9,9,120,15342,88,11340,129,26682,California
Mendocino,2021-03-06,244,38461,21,19406,198,19021,25,34,203,15530,40,11380,228,26910,California
Mendocino,2021-03-07,505,38966,8,19414,477,19498,20,54,118,15281,386,11766,137,27047,California
Mendocino,2021-03-08,125,39091,30,19444,58,19556,37,91,64,15323,59,11825,101,27148,California
Mendocino,2021-03-09,576,39667,236,19680,299,19855,41,132,478,15744,98,11923,519,27667,California
Mendocino,2021-03-10,1111,40778,981,20661,65,19920,65,197,267,15238,841,12764,335,28002,California
Mendocino,2021-03-11,825,41603,611,21272,160,20080,54,251,394,15258,428,13192,448,28450,California
Mendocino,2021-03-12,2023,43626,1032,22304,896,20976,95,346,1213,15763,803,13995,1308,29758,California
Mendocino,2021-03-13,655,44281,525,22829,73,21049,57,403,94,15357,557,14552,151,29909,California
Mendocino,2021-03-14,104,44385,2,22831,95,21144,7,410,11,15286,89,14641,18,29927,California
Mendocino,2021-03-15,597,44982,50,22881,489,21633,58,468,208,15163,388,15029,265,30192,California
Mendocino,2021-03-16,571,45553,374,23255,151,21784,46,514,117,14874,452,15481,163,30355,California
Mendocino,2021-03-17,1562,47115,1359,24614,55,21839,148,662,210,13890,1349,16830,365,30720,California
Mendocino,2021-03-18,1310,48425,247,24861,1025,22864,38,700,283,13193,1019,17849,322,31042,California
Mendocino,2021-03-19,1757,50182,857,25718,839,23703,61,761,330,12163,1423,19272,393,31435,California
Mendocino,2021-03-20,68,50250,10,25728,37,23740,21,782,12,12140,56,19328,33,31468,California
Mendocino,2021-03-21,8,50258,1,25729,2,23742,5,787,3,12143,5,19333,8,31476,California
Mendocino,2021-03-22,624,50882,580,26309,15,23757,29,816,146,11843,474,19807,174,31650,California
Mendocino,2021-03-23,165,51047,33,26342,102,23859,30,846,115,11938,50,19857,145,31795,California
Mendocino,2021-03-24,913,51960,840,27182,26,23885,47,893,114,11302,797,20654,161,31956,California
Mendocino,2021-03-25,1990,53950,50,27232,1920,25805,20,913,172,9680,1812,22466,190,32146,California
Mendocino,2021-03-26,509,54459,359,27591,125,25930,25,938,324,9844,185,22651,349,32495,California
Mendocino,2021-03-27,143,54602,13,27604,118,26048,12,950,81,9875,61,22712,92,32587,California
Mendocino,2021-03-28,25,54627,5,27609,16,26064,4,954,3,9861,21,22733,7,32594,California
Mendocino,2021-03-29,187,54814,99,27708,46,26110,42,996,96,9908,91,22824,138,32732,California
Mendocino,2021-03-30,686,55500,601,28309,48,26158,37,1033,411,10082,274,23098,448,33180,California
Mendocino,2021-03-31,872,56372,274,28583,538,26696,60,1093,406,10085,464,23562,467,33647,California
Mendocino,2021-04-01,1711,58083,400,28983,1232,27928,79,1172,384,9230,1319,24881,464,34111,California
Mendocino,2021-04-02,1287,59370,1057,30040,157,28085,73,1245,225,8470,1058,25939,298,34409,California
Mendocino,2021-04-03,706,60076,9,30049,676,28761,21,1266,84,7958,618,26557,106,34515,California
Mendocino,2021-04-04,69,60145,34,30083,29,28790,6,1272,54,8003,15,26572,60,34575,California
Mendocino,2021-04-05,212,60357,142,30225,46,28836,24,1296,132,8076,80,26652,153,34728,California
Mendocino,2021-04-06,396,60753,121,30346,180,29016,95,1391,107,7989,289,26941,202,34930,California
Mendocino,2021-04-07,484,61237,176,30522,63,29079,245,1636,119,7989,363,27304,363,35293,California
Mendocino,2021-04-08,1489,62726,911,31433,463,29542,115,1751,1000,8621,483,27787,1115,36408,California
Mendocino,2021-04-09,756,63482,425,31858,170,29712,161,1912,395,8817,360,28147,556,36964,California
Mendocino,2021-04-10,404,63886,91,31949,267,29979,46,1958,100,8659,304,28451,146,37110,California
Mendocino,2021-04-11,122,64008,47,31996,19,29998,56,2014,59,8711,63,28514,115,37225,California
Mendocino,2021-04-12,621,64629,513,32509,48,30046,60,2074,415,8980,206,28720,475,37700,California
Mendocino,2021-04-13,289,64918,226,32735,63,30109,0,2074,222,9135,67,28787,222,37922,California
Mendocino,2021-04-14,514,65432,424,33159,90,30199,0,2074,412,9445,102,28889,412,38334,California
Mendocino,2021-04-15,656,66088,326,33485,330,30529,0,2074,395,9583,257,29146,395,38729,California
Mendocino,2021-04-16,124,66212,51,33536,72,30601,1,2075,77,9614,46,29192,77,38806,California
Mendocino,2021-04-17,198,66410,12,33548,186,30787,0,2075,70,9558,126,29318,70,38876,California
Mendocino,2021-04-18,9,66419,4,33552,5,30792,0,2075,6,9561,3,29321,6,38882,California
Mendocino,2021-04-19,538,66957,513,34065,24,30816,1,2076,432,9889,105,29426,433,39315,California
Mendocino,2021-04-20,417,67374,290,34355,127,30943,0,2076,261,9994,156,29582,261,39576,California
Mendocino,2021-04-21,192,67566,133,34488,58,31001,1,2077,114,10031,77,29659,114,39690,California
Mendocino,2021-04-22,489,68055,314,34802,174,31175,1,2078,321,10186,166,29825,321,40011,California
Mendocino,2021-04-23,848,68903,706,35508,142,31317,0,2078,691,10722,155,29980,691,40702,California
Mendocino,2021-04-24,108,69011,14,35522,94,31411,0,2078,101,10816,7,29987,101,40803,California
Mendocino,2021-04-25,56,69067,32,35554,20,31431,4,2082,18,10800,38,30025,22,40825,California
Mendocino,2021-04-26,293,69360,227,35781,61,31492,5,2087,192,10897,100,30125,197,41022,California
Mendocino,2021-04-27,201,69561,89,35870,85,31577,27,2114,92,10907,108,30233,118,41140,California
Mendocino,2021-04-28,219,69780,147,36017,53,31630,19,2133,126,10959,93,30326,145,41285,California
Mendocino,2021-04-29,1137,70917,840,36857,282,31912,15,2148,106,10051,1029,31355,121,41406,California
Mendocino,2021-04-30,608,71525,386,37243,212,32124,10,2158,229,9911,379,31734,239,41645,California
Mendocino,2021-05-01,470,71995,434,37677,30,32154,6,2164,366,10180,103,31837,372,42017,California
Mendocino,2021-05-02,56,72051,47,37724,6,32160,3,2167,9,10146,46,31883,12,42029,California
Mendocino,2021-05-03,134,72185,75,37799,38,32198,21,2188,39,10112,94,31977,60,42089,California
Mendocino,2021-05-04,377,72562,252,38051,92,32290,33,2221,140,10048,237,32214,173,42262,California
Mendocino,2021-05-05,869,73431,785,38836,69,32359,15,2236,219,9633,649,32863,234,42496,California
Mendocino,2021-05-06,628,74059,380,39216,226,32585,22,2258,152,9333,474,33337,174,42670,California
Mendocino,2021-05-07,179,74238,36,39252,119,32704,24,2282,117,9413,61,33398,141,42811,California
Mendocino,2021-05-08,124,74362,4,39256,119,32823,1,2283,109,9508,15,33413,110,42921,California
Mendocino,2021-05-09,20,74382,5,39261,14,32837,1,2284,3,9495,17,33430,4,42925,California
Mendocino,2021-05-10,232,74614,149,39410,78,32915,5,2289,142,9552,90,33520,147,43072,California
Mendocino,2021-05-11,273,74887,141,39551,115,33030,17,2306,129,9553,144,33664,145,43217,California
Mendocino,2021-05-12,125,75012,79,39630,38,33068,8,2314,36,9510,87,33751,44,43261,California
Mendocino,2021-05-13,1175,76187,1085,40715,76,33144,14,2328,290,8929,885,34636,304,43565,California
Mendocino,2021-05-14,636,76823,484,41199,93,33237,59,2387,179,8714,453,35089,238,43803,California
Mendocino,2021-05-15,51,76874,7,41206,44,33281,0,2387,16,8695,35,35124,16,43819,California
Mendocino,2021-05-16,1,76875,1,41207,0,33281,0,2387,1,8696,0,35124,1,43820,California
Merced,2020-12-16,3,3,3,3,0,0,0,0,3,3,0,0,3,3,California
Merced,2020-12-17,5,8,5,8,0,0,0,0,5,8,0,0,5,8,California
Merced,2020-12-18,143,151,143,151,0,0,0,0,143,151,0,0,143,151,California
Merced,2020-12-19,39,190,39,190,0,0,0,0,39,190,0,0,39,190,California
Merced,2020-12-20,17,207,17,207,0,0,0,0,17,207,0,0,17,207,California
Merced,2020-12-21,125,332,122,329,3,3,0,0,125,332,0,0,125,332,California
Merced,2020-12-22,152,484,152,481,0,3,0,0,152,484,0,0,152,484,California
Merced,2020-12-23,248,732,242,723,6,9,0,0,248,732,0,0,248,732,California
Merced,2020-12-24,72,804,72,795,0,9,0,0,72,804,0,0,72,804,California
Merced,2020-12-25,4,808,4,799,0,9,0,0,4,808,0,0,4,808,California
Merced,2020-12-26,6,814,3,802,3,12,0,0,6,814,0,0,6,814,California
Merced,2020-12-27,12,826,11,813,1,13,0,0,12,826,0,0,12,826,California
Merced,2020-12-28,123,949,98,911,25,38,0,0,123,949,0,0,123,949,California
Merced,2020-12-29,180,1129,124,1035,56,94,0,0,180,1129,0,0,180,1129,California
Merced,2020-12-30,214,1343,89,1124,125,219,0,0,214,1343,0,0,214,1343,California
Merced,2020-12-31,103,1446,34,1158,69,288,0,0,103,1446,0,0,103,1446,California
Merced,2021-01-01,4,1450,0,1158,4,292,0,0,4,1450,0,0,4,1450,California
Merced,2021-01-02,128,1578,117,1275,11,303,0,0,128,1578,0,0,128,1578,California
Merced,2021-01-03,9,1587,5,1280,4,307,0,0,9,1587,0,0,9,1587,California
Merced,2021-01-04,80,1667,42,1322,38,345,0,0,80,1667,0,0,80,1667,California
Merced,2021-01-05,319,1986,231,1553,88,433,0,0,313,1976,6,6,315,1982,California
Merced,2021-01-06,254,2240,104,1657,150,583,0,0,248,2218,6,12,248,2230,California
Merced,2021-01-07,185,2425,81,1738,104,687,0,0,175,2382,11,23,175,2405,California
Merced,2021-01-08,527,2952,393,2131,134,821,0,0,376,2608,150,173,376,2781,California
Merced,2021-01-09,23,2975,10,2141,13,834,0,0,17,2619,6,179,17,2798,California
Merced,2021-01-10,11,2986,7,2148,4,838,0,0,7,2622,4,183,7,2805,California
Merced,2021-01-11,226,3212,167,2315,59,897,0,0,102,2602,124,307,104,2909,California
Merced,2021-01-12,292,3504,169,2484,123,1020,0,0,242,2793,51,358,242,3151,California
Merced,2021-01-13,372,3876,173,2657,199,1219,0,0,221,2866,151,509,224,3375,California
Merced,2021-01-14,324,4200,200,2857,124,1343,0,0,159,2862,164,673,160,3535,California
Merced,2021-01-15,578,4778,127,2984,451,1794,0,0,540,3365,39,712,542,4077,California
Merced,2021-01-16,203,4981,122,3106,81,1875,0,0,198,3558,5,717,198,4275,California
Merced,2021-01-17,50,5031,12,3118,38,1913,0,0,49,3606,1,718,49,4324,California
Merced,2021-01-18,261,5292,126,3244,135,2048,0,0,239,3826,22,740,242,4566,California
Merced,2021-01-19,711,6003,587,3831,124,2172,0,0,539,4197,172,912,543,5109,California
Merced,2021-01-20,571,6574,466,4297,105,2277,0,0,514,4657,57,969,517,5626,California
Merced,2021-01-21,1007,7581,647,4944,360,2637,0,0,908,5469,99,1068,911,6537,California
Merced,2021-01-22,1305,8886,686,5630,619,3256,0,0,1278,6732,27,1095,1290,7827,California
Merced,2021-01-23,307,9193,185,5815,122,3378,0,0,202,6829,105,1200,202,8029,California
Merced,2021-01-24,32,9225,14,5829,18,3396,0,0,23,6844,8,1208,23,8052,California
Merced,2021-01-25,727,9952,241,6070,486,3882,0,0,668,7455,58,1266,669,8721,California
Merced,2021-01-26,916,10868,486,6556,430,4312,0,0,675,7917,214,1480,676,9397,California
Merced,2021-01-27,979,11847,582,7138,397,4709,0,0,812,8564,165,1645,812,10209,California
Merced,2021-01-28,1139,12986,593,7731,546,5255,0,0,1017,9460,122,1767,1018,11227,California
Merced,2021-01-29,846,13832,321,8052,525,5780,0,0,600,9824,239,2006,603,11830,California
Merced,2021-01-30,261,14093,28,8080,233,6013,0,0,244,10051,17,2023,244,12074,California
Merced,2021-01-31,46,14139,10,8090,36,6049,0,0,45,10095,1,2024,45,12119,California
Merced,2021-02-01,374,14513,52,8142,322,6371,0,0,325,10373,48,2072,326,12445,California
Merced,2021-02-02,295,14808,181,8323,114,6485,0,0,176,10433,117,2189,177,12622,California
Merced,2021-02-03,347,15155,71,8394,276,6761,0,0,168,10422,179,2368,168,12790,California
Merced,2021-02-04,372,15527,147,8541,225,6986,0,0,241,10534,130,2498,242,13032,California
Merced,2021-02-05,512,16039,172,8713,340,7326,0,0,272,10569,239,2737,274,13306,California
Merced,2021-02-06,389,16428,219,8932,170,7496,0,0,246,10674,142,2879,247,13553,California
Merced,2021-02-07,21,16449,13,8945,8,7504,0,0,14,10681,7,2886,14,13567,California
Merced,2021-02-08,280,16729,197,9142,83,7587,0,0,170,10743,109,2995,171,13738,California
Merced,2021-02-09,1215,17944,955,10097,260,7847,0,0,772,11081,435,3430,773,14511,California
Merced,2021-02-10,1852,19796,1431,11528,421,8268,0,0,1273,11785,569,3999,1273,15784,California
Merced,2021-02-11,2503,22299,2007,13535,496,8764,0,0,1815,12921,679,4678,1815,17599,California
Merced,2021-02-12,1716,24015,1015,14550,701,9465,0,0,748,12712,959,5637,750,18349,California
Merced,2021-02-13,361,24376,206,14756,155,9620,0,0,262,12878,98,5735,264,18613,California
Merced,2021-02-14,117,24493,26,14782,91,9711,0,0,96,12954,21,5756,97,18710,California
Merced,2021-02-15,272,24765,40,14822,232,9943,0,0,168,13025,98,5854,169,18879,California
Merced,2021-02-16,1214,25979,843,15665,371,10314,0,0,836,13503,360,6214,838,19717,California
Merced,2021-02-17,1875,27854,1630,17295,245,10559,0,0,1314,14272,548,6762,1317,21034,California
Merced,2021-02-18,1209,29063,819,18114,390,10949,0,0,406,13896,782,7544,406,21440,California
Merced,2021-02-19,1262,30325,413,18527,849,11798,0,0,537,13716,719,8263,539,21979,California
Merced,2021-02-20,276,30601,31,18558,245,12043,0,0,142,13726,132,8395,142,22121,California
Merced,2021-02-21,77,30678,62,18620,15,12058,0,0,32,13714,44,8439,32,22153,California
Merced,2021-02-22,831,31509,293,18913,538,12596,0,0,483,13851,346,8785,483,22636,California
Merced,2021-02-23,1080,32589,421,19334,659,13255,0,0,638,14052,437,9222,638,23274,California
Merced,2021-02-24,817,33406,303,19637,514,13769,0,0,445,14135,363,9585,446,23720,California
Merced,2021-02-25,1763,35169,871,20508,892,14661,0,0,1311,14999,449,10034,1313,25033,California
Merced,2021-02-26,2149,37318,1376,21884,773,15434,0,0,1737,16327,410,10444,1738,26771,California
Merced,2021-02-27,2527,39845,1102,22986,1425,16859,0,0,2242,18285,284,10728,2242,29013,California
Merced,2021-02-28,307,40152,72,23058,235,17094,0,0,252,18486,51,10779,252,29265,California
Merced,2021-03-01,1117,41269,281,23339,835,17929,1,1,776,18931,332,11111,777,30042,California
Merced,2021-03-02,1750,43019,907,24246,842,18771,1,2,1362,19915,379,11490,1363,31405,California
Merced,2021-03-03,2215,45234,1728,25974,486,19257,1,3,1458,20635,740,12230,1460,32865,California
Merced,2021-03-04,2881,48115,2267,28241,612,19869,2,5,1911,21596,953,13183,1914,34779,California
Merced,2021-03-05,2065,50180,1194,29435,847,20716,24,29,1526,22620,527,13710,1551,36330,California
Merced,2021-03-06,1165,51345,662,30097,481,21197,22,51,909,23296,255,13965,931,37261,California
Merced,2021-03-07,229,51574,65,30162,139,21336,25,76,200,23492,29,13994,225,37486,California
Merced,2021-03-08,1387,52961,789,30951,533,21869,65,141,1175,24519,212,14206,1239,38725,California
Merced,2021-03-09,1691,54652,996,31947,588,22457,107,248,1097,25135,589,14795,1205,39930,California
Merced,2021-03-10,2688,57340,1861,33808,627,23084,200,448,1616,25897,1058,15853,1820,41750,California
Merced,2021-03-11,1937,59277,690,34498,1043,24127,204,652,1220,26641,702,16555,1446,43196,California
Merced,2021-03-12,2196,61473,900,35398,1028,25155,268,920,1482,27693,710,17265,1762,44958,California
Merced,2021-03-13,720,62193,309,35707,168,25323,243,1163,412,28049,300,17565,656,45614,California
Merced,2021-03-14,249,62442,136,35843,83,25406,30,1193,149,28130,99,17664,180,45794,California
Merced,2021-03-15,1501,63943,493,36336,753,26159,255,1448,985,28860,509,18173,1239,47033,California
Merced,2021-03-16,1442,65385,695,37031,521,26680,226,1674,958,29568,475,18648,1183,48216,California
Merced,2021-03-17,1959,67344,1057,38088,724,27404,178,1852,1511,30819,440,19088,1691,49907,California
Merced,2021-03-18,2041,69385,1171,39259,723,28127,147,1999,1390,31730,639,19727,1550,51457,California
Merced,2021-03-19,2660,72045,1449,40708,1018,29145,193,2192,1383,32041,1266,20993,1577,53034,California
Merced,2021-03-20,2413,74458,1485,42193,533,29678,395,2587,956,31942,1454,22447,1355,54389,California
Merced,2021-03-21,556,75014,343,42536,200,29878,13,2600,436,32273,120,22567,451,54840,California
Merced,2021-03-22,1262,76276,629,43165,557,30435,76,2676,887,32870,368,22935,965,55805,California
Merced,2021-03-23,1827,78103,1101,44266,662,31097,64,2740,1345,33802,478,23413,1410,57215,California
Merced,2021-03-24,1431,79534,898,45164,498,31595,35,2775,954,34320,472,23885,990,58205,California
Merced,2021-03-25,3304,82838,2272,47436,1011,32606,21,2796,2079,35206,1217,25102,2103,60308,California
Merced,2021-03-26,1930,84768,1084,48520,812,33418,34,2830,889,35095,1033,26135,922,61230,California
Merced,2021-03-27,3222,87990,1869,50389,1205,34623,148,2978,1487,35008,1723,27858,1636,62866,California
Merced,2021-03-28,517,88507,213,50602,297,34920,7,2985,213,34928,302,28160,222,63088,California
Merced,2021-03-29,1797,90304,754,51356,878,35798,165,3150,667,34641,1123,29283,836,63924,California
Merced,2021-03-30,2145,92449,800,52156,1286,37084,59,3209,990,34540,1151,30434,1050,64974,California
Merced,2021-03-31,2125,94574,1401,53557,686,37770,38,3247,953,34375,1157,31591,992,65966,California
Merced,2021-04-01,2182,96756,1020,54577,1037,38807,125,3372,999,34324,1177,32768,1126,67092,California
Merced,2021-04-02,2331,99087,636,55213,1292,40099,403,3775,783,33981,1531,34299,1188,68280,California
Merced,2021-04-03,903,99990,426,55639,464,40563,13,3788,496,34090,403,34702,512,68792,California
Merced,2021-04-04,369,100359,143,55782,222,40785,4,3792,141,34010,227,34929,147,68939,California
Merced,2021-04-05,1264,101623,600,56382,453,41238,211,4003,417,33797,840,35769,627,69566,California
Merced,2021-04-06,2419,104042,897,57279,695,41933,827,4830,904,34016,1511,37280,1730,71296,California
Merced,2021-04-07,1650,105692,886,58165,657,42590,107,4937,585,33658,1052,38332,694,71990,California
Merced,2021-04-08,2274,107966,1169,59334,890,43480,215,5152,813,33253,1431,39763,1026,73016,California
Merced,2021-04-09,1680,109646,473,59807,632,44112,575,5727,562,33290,1102,40865,1139,74155,California
Merced,2021-04-10,694,110340,362,60169,144,44256,188,5915,176,33139,513,41378,362,74517,California
Merced,2021-04-11,488,110828,281,60450,72,44328,135,6050,147,33083,339,41717,283,74800,California
Merced,2021-04-12,1415,112243,928,61378,364,44692,123,6173,813,33452,567,42284,936,75736,California
Merced,2021-04-13,2027,114270,1450,62828,574,45266,3,6176,938,33395,1001,43285,944,76680,California
Merced,2021-04-14,2041,116311,1208,64036,833,46099,0,6176,903,33293,1007,44292,905,77585,California
Merced,2021-04-15,3015,119326,1974,66010,1041,47140,0,6176,957,32422,1832,46124,961,78546,California
Merced,2021-04-16,2358,121684,1149,67159,1209,48349,0,6176,965,32090,1297,47421,965,79511,California
Merced,2021-04-17,1455,123139,809,67968,646,48995,0,6176,361,31363,1089,48510,362,79873,California
Merced,2021-04-18,465,123604,246,68214,219,49214,0,6176,188,31301,250,48760,188,80061,California
Merced,2021-04-19,1323,124927,743,68957,580,49794,0,6176,702,31476,527,49287,702,80763,California
Merced,2021-04-20,1408,126335,732,69689,676,50470,0,6176,783,31702,558,49845,784,81547,California
Merced,2021-04-21,1463,127798,880,70569,583,51053,0,6176,748,31846,604,50449,748,82295,California
Merced,2021-04-22,1603,129401,739,71308,864,51917,0,6176,773,31870,749,51198,773,83068,California
Merced,2021-04-23,1628,131029,667,71975,961,52878,0,6176,882,32053,700,51898,883,83951,California
Merced,2021-04-24,568,131597,398,72373,170,53048,0,6176,388,32266,176,52074,389,84340,California
Merced,2021-04-25,325,131922,185,72558,140,53188,0,6176,191,32325,132,52206,191,84531,California
Merced,2021-04-26,1177,133099,512,73070,665,53853,0,6176,613,32409,531,52737,615,85146,California
Merced,2021-04-27,1553,134652,695,73765,848,54701,10,6186,629,32191,858,53595,640,85786,California
Merced,2021-04-28,1362,136014,674,74439,679,55380,9,6195,780,32420,561,54156,790,86576,California
Merced,2021-04-29,1389,137403,588,75027,776,56156,25,6220,647,32362,732,54888,674,87250,California
Merced,2021-04-30,1423,138826,603,75630,776,56932,44,6264,727,32441,693,55581,772,88022,California
Merced,2021-05-01,555,139381,240,75870,311,57243,4,6268,257,32407,295,55876,261,88283,California
Merced,2021-05-02,291,139672,117,75987,159,57402,15,6283,128,32388,163,56039,144,88427,California
Merced,2021-05-03,773,140445,530,76517,196,57598,47,6330,270,32229,497,56536,338,88765,California
Merced,2021-05-04,1004,141449,536,77053,416,58014,52,6382,364,32009,636,57172,416,89181,California
Merced,2021-05-05,1150,142599,712,77765,362,58376,76,6458,484,31912,657,57829,560,89741,California
Merced,2021-05-06,895,143494,463,78228,383,58759,49,6507,300,31671,590,58419,349,90090,California
Merced,2021-05-07,867,144361,259,78487,567,59326,41,6548,358,31567,505,58924,401,90491,California
Merced,2021-05-08,396,144757,200,78687,160,59486,36,6584,181,31570,214,59138,217,90708,California
Merced,2021-05-09,215,144972,107,78794,100,59586,8,6592,103,31570,111,59249,111,90819,California
Merced,2021-05-10,687,145659,350,79144,301,59887,36,6628,190,31300,496,59745,226,91045,California
Merced,2021-05-11,1094,146753,649,79793,398,60285,47,6675,420,31098,669,60414,467,91512,California
Merced,2021-05-12,833,147586,497,80290,299,60584,37,6712,235,30776,594,61008,272,91784,California
Merced,2021-05-13,694,148280,358,80648,295,60879,41,6753,242,30610,450,61458,284,92068,California
Merced,2021-05-14,594,148874,348,80996,207,61086,39,6792,304,30669,284,61742,343,92411,California
Merced,2021-05-15,227,149101,116,81112,106,61192,5,6797,87,30621,140,61882,92,92503,California
Merced,2021-05-16,13,149114,8,81120,2,61194,3,6800,4,30619,9,61891,7,92510,California
Modoc,2020-12-16,1,1,1,1,0,0,0,0,1,1,0,0,1,1,California
Modoc,2020-12-21,99,100,99,100,0,0,0,0,99,100,0,0,99,100,California
Modoc,2020-12-22,14,114,14,114,0,0,0,0,14,114,0,0,14,114,California
Modoc,2020-12-23,4,118,4,118,0,0,0,0,4,118,0,0,4,118,California
Modoc,2020-12-24,1,119,1,119,0,0,0,0,1,119,0,0,1,119,California
Modoc,2020-12-28,2,121,2,121,0,0,0,0,2,121,0,0,2,121,California
Modoc,2020-12-29,10,131,1,122,9,9,0,0,10,131,0,0,10,131,California
Modoc,2020-12-30,7,138,0,122,7,16,0,0,7,138,0,0,7,138,California
Modoc,2021-01-02,3,141,1,123,2,18,0,0,3,141,0,0,3,141,California
Modoc,2021-01-04,8,149,0,123,8,26,0,0,8,149,0,0,8,149,California
Modoc,2021-01-05,2,151,1,124,1,27,0,0,2,151,0,0,2,151,California
Modoc,2021-01-06,3,154,2,126,1,28,0,0,2,152,1,1,2,153,California
Modoc,2021-01-07,72,226,0,126,72,100,0,0,72,224,0,1,72,225,California
Modoc,2021-01-08,105,331,0,126,105,205,0,0,105,329,0,1,105,330,California
Modoc,2021-01-10,1,332,1,127,0,205,0,0,0,328,1,2,0,330,California
Modoc,2021-01-11,90,422,81,208,9,214,0,0,19,276,71,73,19,349,California
Modoc,2021-01-12,94,516,25,233,69,283,0,0,68,318,26,99,68,417,California
Modoc,2021-01-13,24,540,4,237,20,303,0,0,22,338,2,101,22,439,California
Modoc,2021-01-14,129,669,6,243,123,426,0,0,124,457,5,106,124,563,California
Modoc,2021-01-15,6,675,1,244,5,431,0,0,6,463,0,106,6,569,California
Modoc,2021-01-16,1,676,1,245,0,431,0,0,1,464,0,106,1,570,California
Modoc,2021-01-18,1,677,1,246,0,431,0,0,1,465,0,106,1,571,California
Modoc,2021-01-19,5,682,3,249,2,433,0,0,3,466,2,108,3,574,California
Modoc,2021-01-20,11,693,1,250,10,443,0,0,11,477,0,108,11,585,California
Modoc,2021-01-21,157,850,2,252,155,598,0,0,157,634,0,108,157,742,California
Modoc,2021-01-22,2,852,0,252,2,600,0,0,2,636,0,108,2,744,California
Modoc,2021-01-25,11,863,0,252,11,611,0,0,11,647,0,108,11,755,California
Modoc,2021-01-26,65,928,1,253,64,675,0,0,65,712,0,108,65,820,California
Modoc,2021-01-27,41,969,2,255,39,714,0,0,25,721,16,124,25,845,California
Modoc,2021-01-28,145,1114,2,257,143,857,0,0,144,864,1,125,144,989,California
Modoc,2021-01-29,3,1117,1,258,2,859,0,0,3,867,0,125,3,992,California
Modoc,2021-02-01,26,1143,13,271,13,872,0,0,12,865,14,139,12,1004,California
Modoc,2021-02-02,170,1313,2,273,168,1040,0,0,167,1029,3,142,167,1171,California
Modoc,2021-02-03,18,1331,13,286,5,1045,0,0,11,1033,7,149,11,1182,California
Modoc,2021-02-04,155,1486,4,290,151,1196,0,0,27,932,128,277,27,1209,California
Modoc,2021-02-05,4,1490,3,293,1,1197,0,0,3,934,1,278,3,1212,California
Modoc,2021-02-08,9,1499,2,295,7,1204,0,0,8,941,1,279,8,1220,California
Modoc,2021-02-09,197,1696,13,308,184,1388,0,0,65,874,132,411,65,1285,California
Modoc,2021-02-10,5,1701,2,310,3,1391,0,0,4,877,1,412,4,1289,California
Modoc,2021-02-11,201,1902,3,313,198,1589,0,0,83,842,118,530,83,1372,California
Modoc,2021-02-12,4,1906,0,313,4,1593,0,0,2,842,2,532,2,1374,California
Modoc,2021-02-13,1,1907,0,313,1,1594,0,0,1,843,0,532,1,1375,California
Modoc,2021-02-16,147,2054,6,319,141,1735,0,0,143,982,4,536,143,1518,California
Modoc,2021-02-17,24,2078,1,320,23,1758,0,0,12,982,12,548,12,1530,California
Modoc,2021-02-18,188,2266,2,322,186,1944,0,0,25,846,162,710,26,1556,California
Modoc,2021-02-19,2,2268,2,324,0,1944,0,0,2,848,0,710,2,1558,California
Modoc,2021-02-20,1,2269,1,325,0,1944,0,0,0,847,1,711,0,1558,California
Modoc,2021-02-22,17,2286,9,334,8,1952,0,0,3,836,14,725,3,1561,California
Modoc,2021-02-23,20,2306,2,336,18,1970,0,0,1,818,19,744,1,1562,California
Modoc,2021-02-24,91,2397,1,337,90,2060,0,0,31,789,60,804,31,1593,California
Modoc,2021-02-25,169,2566,1,338,168,2228,0,0,13,646,156,960,13,1606,California
Modoc,2021-02-26,3,2569,0,338,3,2231,0,0,1,645,2,962,1,1607,California
Modoc,2021-02-27,5,2574,5,343,0,2231,0,0,2,644,3,965,2,1609,California
Modoc,2021-03-01,5,2579,0,343,5,2236,0,0,0,640,4,969,0,1609,California
Modoc,2021-03-02,193,2772,12,355,181,2417,0,0,26,499,167,1136,26,1635,California
Modoc,2021-03-03,12,2784,6,361,6,2423,0,0,2,491,10,1146,2,1637,California
Modoc,2021-03-04,175,2959,2,363,173,2596,0,0,148,612,27,1173,148,1785,California
Modoc,2021-03-05,4,2963,3,366,1,2597,0,0,2,612,2,1175,2,1787,California
Modoc,2021-03-06,11,2974,0,366,1,2598,10,10,1,613,10,1185,11,1798,California
Modoc,2021-03-07,6,2980,1,367,0,2598,5,15,1,614,5,1190,6,1804,California
Modoc,2021-03-08,8,2988,1,368,3,2601,4,19,1,613,6,1196,5,1809,California
Modoc,2021-03-09,126,3114,10,378,108,2709,8,27,61,617,65,1261,69,1878,California
Modoc,2021-03-10,9,3123,3,381,2,2711,4,31,4,620,5,1266,8,1886,California
Modoc,2021-03-11,207,3330,0,381,99,2810,108,139,22,565,185,1451,130,2016,California
Modoc,2021-03-12,10,3340,1,382,4,2814,5,144,4,568,6,1457,9,2025,California
Modoc,2021-03-13,4,3344,0,382,1,2815,3,147,1,569,3,1460,4,2029,California
Modoc,2021-03-15,12,3356,1,383,10,2825,1,148,10,578,2,1462,11,2040,California
Modoc,2021-03-16,173,3529,1,384,168,2993,4,152,42,492,131,1593,45,2085,California
Modoc,2021-03-17,10,3539,1,385,4,2997,5,157,2,491,8,1601,7,2092,California
Modoc,2021-03-18,67,3606,2,387,58,3055,7,164,35,501,32,1633,42,2134,California
Modoc,2021-03-19,5,3611,0,387,0,3055,5,169,0,501,5,1638,5,2139,California
Modoc,2021-03-20,5,3616,2,389,0,3055,3,172,0,499,5,1643,3,2142,California
Modoc,2021-03-21,4,3620,1,390,1,3056,2,174,2,501,2,1645,4,2146,California
Modoc,2021-03-22,18,3638,1,391,11,3067,6,180,12,513,6,1651,18,2164,California
Modoc,2021-03-23,37,3675,7,398,27,3094,3,183,28,535,9,1660,31,2195,California
Modoc,2021-03-24,29,3704,1,399,18,3112,10,193,1,518,28,1688,11,2206,California
Modoc,2021-03-25,77,3781,1,400,74,3186,2,195,45,533,32,1720,47,2253,California
Modoc,2021-03-26,7,3788,2,402,2,3188,3,198,2,533,5,1725,5,2258,California
Modoc,2021-03-27,2,3790,0,402,1,3189,1,199,1,534,1,1726,2,2260,California
Modoc,2021-03-28,2,3792,1,403,0,3189,1,200,0,533,2,1728,1,2261,California
Modoc,2021-03-29,14,3806,1,404,5,3194,8,208,5,537,9,1737,13,2274,California
Modoc,2021-03-30,55,3861,10,414,38,3232,7,215,21,531,34,1771,28,2302,California
Modoc,2021-03-31,9,3870,3,417,2,3234,4,219,3,532,6,1777,7,2309,California
Modoc,2021-04-01,167,4037,2,419,160,3394,5,224,32,434,135,1912,37,2346,California
Modoc,2021-04-02,5,4042,0,419,2,3396,3,227,1,435,3,1915,4,2350,California
Modoc,2021-04-03,5,4047,2,421,0,3396,3,230,2,437,2,1917,4,2354,California
Modoc,2021-04-05,9,4056,0,421,9,3405,0,230,9,446,0,1917,9,2363,California
Modoc,2021-04-06,24,4080,5,426,9,3414,10,240,6,444,18,1935,16,2379,California
Modoc,2021-04-07,12,4092,1,427,4,3418,7,247,3,445,9,1944,10,2389,California
Modoc,2021-04-08,97,4189,1,428,93,3511,3,250,26,403,71,2015,29,2418,California
Modoc,2021-04-09,11,4200,2,430,6,3517,3,253,2,398,9,2024,4,2422,California
Modoc,2021-04-10,5,4205,0,430,1,3518,4,257,0,397,5,2029,4,2426,California
Modoc,2021-04-11,2,4207,2,432,0,3518,0,257,1,397,1,2030,1,2427,California
Modoc,2021-04-12,14,4221,0,432,10,3528,4,261,1,391,11,2041,5,2432,California
Modoc,2021-04-13,30,4251,29,461,1,3529,0,261,21,403,9,2050,21,2453,California
Modoc,2021-04-14,2,4253,2,463,0,3529,0,261,1,403,1,2051,1,2454,California
Modoc,2021-04-15,100,4353,0,463,100,3629,0,261,27,357,73,2124,27,2481,California
Modoc,2021-04-16,4,4357,4,467,0,3629,0,261,3,359,1,2125,3,2484,California
Modoc,2021-04-17,2,4359,2,469,0,3629,0,261,2,361,0,2125,2,2486,California
Modoc,2021-04-18,1,4360,0,469,1,3630,0,261,1,362,0,2125,1,2487,California
Modoc,2021-04-19,6,4366,0,469,6,3636,0,261,1,358,5,2130,1,2488,California
Modoc,2021-04-20,27,4393,2,471,25,3661,0,261,9,349,18,2148,9,2497,California
Modoc,2021-04-21,4,4397,4,475,0,3661,0,261,1,347,3,2151,1,2498,California
Modoc,2021-04-22,98,4495,4,479,94,3755,0,261,41,331,57,2208,41,2539,California
Modoc,2021-04-23,5,4500,1,480,4,3759,0,261,4,334,1,2209,4,2543,California
Modoc,2021-04-24,3,4503,1,481,1,3760,1,262,2,336,1,2210,3,2546,California
Modoc,2021-04-25,1,4504,1,482,0,3760,0,262,1,337,0,2210,1,2547,California
Modoc,2021-04-26,8,4512,1,483,7,3767,0,262,3,335,5,2215,3,2550,California
Modoc,2021-04-27,6,4518,4,487,1,3768,1,263,1,332,5,2220,2,2552,California
Modoc,2021-04-28,5,4523,1,488,3,3771,1,264,1,330,4,2224,2,2554,California
Modoc,2021-04-29,65,4588,2,490,63,3834,0,264,24,313,41,2265,24,2578,California
Modoc,2021-04-30,5,4593,4,494,1,3835,0,264,3,314,2,2267,3,2581,California
Modoc,2021-05-01,1,4594,1,495,0,3835,0,264,0,313,1,2268,0,2581,California
Modoc,2021-05-02,4,4598,3,498,1,3836,0,264,3,315,1,2269,3,2584,California
Modoc,2021-05-03,10,4608,0,498,9,3845,1,265,0,306,10,2279,1,2585,California
Modoc,2021-05-04,11,4619,3,501,6,3851,2,267,5,307,6,2285,7,2592,California
Modoc,2021-05-05,27,4646,24,525,2,3853,1,268,8,297,19,2304,9,2601,California
Modoc,2021-05-06,54,4700,3,528,49,3902,2,270,21,287,33,2337,23,2624,California
Modoc,2021-05-07,8,4708,3,531,3,3905,2,272,2,285,6,2343,4,2628,California
Modoc,2021-05-08,3,4711,2,533,0,3905,1,273,1,285,2,2345,2,2630,California
Modoc,2021-05-09,2,4713,2,535,0,3905,0,273,1,285,1,2346,1,2631,California
Modoc,2021-05-10,2,4715,0,535,1,3906,1,274,1,286,1,2347,2,2633,California
Modoc,2021-05-11,2,4717,1,536,0,3906,1,275,0,285,2,2349,1,2634,California
Modoc,2021-05-12,3,4720,1,537,0,3906,2,277,1,286,2,2351,3,2637,California
Modoc,2021-05-13,43,4763,2,539,37,3943,4,281,13,273,30,2381,17,2654,California
Modoc,2021-05-14,8,4771,3,542,0,3943,5,286,0,270,8,2389,5,2659,California
Modoc,2021-05-15,5,4776,4,546,1,3944,0,286,5,275,0,2389,5,2664,California
Modoc,2021-05-16,1,4777,0,546,1,3945,0,286,0,274,1,2390,0,2664,California
Mono,2020-12-18,1,1,1,1,0,0,0,0,1,1,0,0,1,1,California
Mono,2020-12-19,5,6,5,6,0,0,0,0,5,6,0,0,5,6,California
Mono,2020-12-20,7,13,7,13,0,0,0,0,7,13,0,0,7,13,California
Mono,2020-12-21,24,37,17,30,7,7,0,0,24,37,0,0,24,37,California
Mono,2020-12-22,66,103,65,95,1,8,0,0,66,103,0,0,66,103,California
Mono,2020-12-23,70,173,42,137,28,36,0,0,70,173,0,0,70,173,California
Mono,2020-12-24,3,176,1,138,2,38,0,0,3,176,0,0,3,176,California
Mono,2020-12-26,3,179,3,141,0,38,0,0,3,179,0,0,3,179,California
Mono,2020-12-28,94,273,63,204,31,69,0,0,94,273,0,0,94,273,California
Mono,2020-12-29,29,302,29,233,0,69,0,0,29,302,0,0,29,302,California
Mono,2020-12-30,77,379,36,269,41,110,0,0,77,379,0,0,77,379,California
Mono,2020-12-31,4,383,1,270,3,113,0,0,4,383,0,0,4,383,California
Mono,2021-01-01,4,387,4,274,0,113,0,0,4,387,0,0,4,387,California
Mono,2021-01-02,2,389,2,276,0,113,0,0,2,389,0,0,2,389,California
Mono,2021-01-04,1,390,0,276,1,114,0,0,1,390,0,0,1,390,California
Mono,2021-01-05,45,435,2,278,43,157,0,0,44,433,1,1,44,434,California
Mono,2021-01-06,44,479,0,278,44,201,0,0,44,477,0,1,44,478,California
Mono,2021-01-07,55,534,3,281,52,253,0,0,54,530,1,2,54,532,California
Mono,2021-01-08,2,536,1,282,1,254,0,0,1,530,1,3,1,533,California
Mono,2021-01-09,4,540,4,286,0,254,0,0,0,526,4,7,0,533,California
Mono,2021-01-10,5,545,5,291,0,254,0,0,0,521,5,12,0,533,California
Mono,2021-01-11,8,553,5,296,3,257,0,0,4,521,4,16,4,537,California
Mono,2021-01-12,282,835,75,371,207,464,0,0,218,676,63,79,218,755,California
Mono,2021-01-13,233,1068,73,444,160,624,0,0,178,799,55,134,178,933,California
Mono,2021-01-14,73,1141,71,515,2,626,0,0,73,872,0,134,73,1006,California
Mono,2021-01-15,62,1203,2,517,60,686,0,0,62,934,0,134,62,1068,California
Mono,2021-01-16,4,1207,3,520,1,687,0,0,1,932,3,137,1,1069,California
Mono,2021-01-18,64,1271,55,575,9,696,0,0,2,872,62,199,2,1071,California
Mono,2021-01-19,210,1481,208,783,2,698,0,0,172,1007,38,237,173,1244,California
Mono,2021-01-20,230,1711,198,981,32,730,0,0,169,1115,61,298,169,1413,California
Mono,2021-01-21,3,1714,3,984,0,730,0,0,3,1118,0,298,3,1416,California
Mono,2021-01-22,4,1718,0,984,4,734,0,0,4,1122,0,298,4,1420,California
Mono,2021-01-23,595,2313,595,1579,0,734,0,0,594,1715,1,299,594,2014,California
Mono,2021-01-25,202,2515,164,1743,38,772,0,0,163,1839,39,338,163,2177,California
Mono,2021-01-26,505,3020,503,2246,2,774,0,0,499,2332,6,344,499,2676,California
Mono,2021-01-27,5,3025,1,2247,4,778,0,0,5,2337,0,344,5,2681,California
Mono,2021-01-28,6,3031,2,2249,4,782,0,0,2,2335,4,348,2,2683,California
Mono,2021-01-30,202,3233,200,2449,2,784,0,0,201,2535,1,349,201,2884,California
Mono,2021-01-31,243,3476,138,2587,105,889,0,0,139,2570,104,453,139,3023,California
Mono,2021-02-01,27,3503,27,2614,0,889,0,0,0,2543,27,480,0,3023,California
Mono,2021-02-02,5,3508,0,2614,5,894,0,0,2,2542,3,483,2,3025,California
Mono,2021-02-03,4,3512,2,2616,2,896,0,0,2,2542,2,485,2,3027,California
Mono,2021-02-04,211,3723,158,2774,53,949,0,0,90,2511,121,606,90,3117,California
Mono,2021-02-05,617,4340,611,3385,6,955,0,0,614,3122,3,609,614,3731,California
Mono,2021-02-06,138,4478,137,3522,1,956,0,0,137,3258,1,610,137,3868,California
Mono,2021-02-07,2,4480,0,3522,2,958,0,0,2,3260,0,610,2,3870,California
Mono,2021-02-08,172,4652,172,3694,0,958,0,0,15,3119,156,766,15,3885,California
Mono,2021-02-09,226,4878,6,3700,220,1178,0,0,14,2921,212,978,14,3899,California
Mono,2021-02-10,536,5414,186,3886,350,1528,0,0,194,2774,342,1320,195,4094,California
Mono,2021-02-11,7,5421,4,3890,3,1531,0,0,2,2771,5,1325,2,4096,California
Mono,2021-02-12,84,5505,20,3910,64,1595,0,0,26,2739,58,1383,26,4122,California
Mono,2021-02-13,586,6091,586,4496,0,1595,0,0,25,2204,560,1943,25,4147,California
Mono,2021-02-15,166,6257,164,4660,2,1597,0,0,3,2046,161,2104,3,4150,California
Mono,2021-02-16,516,6773,513,5173,3,1600,0,0,45,1623,468,2572,45,4195,California
Mono,2021-02-17,7,6780,2,5175,5,1605,0,0,2,1620,5,2577,2,4197,California
Mono,2021-02-18,3,6783,2,5177,1,1606,0,0,2,1621,1,2578,2,4199,California
Mono,2021-02-19,54,6837,53,5230,1,1607,0,0,54,1675,0,2578,54,4253,California
Mono,2021-02-20,4,6841,4,5234,0,1607,0,0,4,1679,0,2578,4,4257,California
Mono,2021-02-21,6,6847,6,5240,0,1607,0,0,4,1681,2,2580,4,4261,California
Mono,2021-02-22,285,7132,284,5524,1,1608,0,0,24,1445,260,2840,24,4285,California
Mono,2021-02-23,136,7268,116,5640,20,1628,0,0,22,1353,114,2954,22,4307,California
Mono,2021-02-24,10,7278,3,5643,7,1635,0,0,4,1351,6,2960,4,4311,California
Mono,2021-02-25,5,7283,2,5645,3,1638,0,0,3,1353,1,2961,3,4314,California
Mono,2021-02-26,598,7881,596,6241,2,1640,0,0,21,798,576,3537,21,4335,California
Mono,2021-02-27,140,8021,136,6377,4,1644,0,0,4,668,134,3671,4,4339,California
Mono,2021-03-01,3,8024,2,6379,1,1645,0,0,2,670,0,3671,2,4341,California
Mono,2021-03-02,5,8029,3,6382,2,1647,0,0,3,671,2,3673,3,4344,California
Mono,2021-03-03,82,8111,2,6384,80,1727,0,0,79,748,2,3675,79,4423,California
Mono,2021-03-04,5,8116,1,6385,4,1731,0,0,3,749,2,3677,3,4426,California
Mono,2021-03-05,37,8153,27,6412,10,1741,0,0,14,740,23,3700,14,4440,California
Mono,2021-03-06,508,8661,17,6429,491,2232,0,0,500,1235,6,3706,501,4941,California
Mono,2021-03-07,1,8662,0,6429,1,2233,0,0,0,1234,1,3707,0,4941,California
Mono,2021-03-08,538,9200,11,6440,524,2757,3,3,529,1757,9,3716,532,5473,California
Mono,2021-03-09,6,9206,2,6442,3,2760,1,4,3,1759,2,3718,4,5477,California
Mono,2021-03-10,286,9492,90,6532,193,2953,3,7,9,1496,275,3993,12,5489,California
Mono,2021-03-11,10,9502,0,6532,1,2954,9,16,0,1495,10,4003,9,5498,California
Mono,2021-03-12,7,9509,1,6533,1,2955,5,21,0,1493,7,4010,5,5503,California
Mono,2021-03-13,823,10332,386,6919,437,3392,0,21,815,2300,8,4018,815,6318,California
Mono,2021-03-14,4,10336,4,6923,0,3392,0,21,0,2296,4,4022,0,6318,California
Mono,2021-03-15,31,10367,23,6946,3,3395,5,26,14,2299,16,4038,19,6337,California
Mono,2021-03-16,16,10383,6,6952,4,3399,6,32,8,2305,8,4046,14,6351,California
Mono,2021-03-17,34,10417,5,6957,21,3420,8,40,22,2323,12,4058,30,6381,California
Mono,2021-03-18,21,10438,2,6959,11,3431,8,48,9,2328,12,4070,17,6398,California
Mono,2021-03-19,21,10459,1,6960,17,3448,3,51,17,2345,3,4073,20,6418,California
Mono,2021-03-20,5,10464,3,6963,1,3449,1,52,4,2349,1,4074,5,6423,California
Mono,2021-03-21,1,10465,1,6964,0,3449,0,52,1,2350,0,4074,1,6424,California
Mono,2021-03-22,11,10476,0,6964,6,3455,5,57,5,2354,6,4080,10,6434,California
Mono,2021-03-23,41,10517,5,6969,31,3486,5,62,18,2354,23,4103,23,6457,California
Mono,2021-03-24,13,10530,1,6970,7,3493,5,67,5,2356,8,4111,10,6467,California
Mono,2021-03-25,19,10549,3,6973,12,3505,4,71,12,2365,7,4118,16,6483,California
Mono,2021-03-26,19,10568,3,6976,11,3516,5,76,10,2372,8,4126,15,6498,California
Mono,2021-03-27,350,10918,347,7323,3,3519,0,76,324,2670,26,4152,324,6822,California
Mono,2021-03-28,1,10919,1,7324,0,3519,0,76,1,2671,0,4152,1,6823,California
Mono,2021-03-29,10,10929,3,7327,6,3525,1,77,8,2678,2,4154,9,6832,California
Mono,2021-03-30,12,10941,0,7327,8,3533,4,81,7,2684,5,4159,11,6843,California
Mono,2021-03-31,127,11068,7,7334,119,3652,1,82,47,2653,79,4238,48,6891,California
Mono,2021-04-01,8,11076,0,7334,7,3659,1,83,3,2652,5,4243,4,6895,California
Mono,2021-04-02,18,11094,2,7336,16,3675,0,83,7,2648,11,4254,7,6902,California
Mono,2021-04-03,868,11962,372,7708,496,4171,0,83,50,1888,816,5070,56,6958,California
Mono,2021-04-05,528,12490,17,7725,510,4681,1,84,30,1422,497,5567,31,6989,California
Mono,2021-04-06,19,12509,1,7726,5,4686,13,97,1,1418,18,5585,14,7003,California
Mono,2021-04-07,25,12534,3,7729,3,4689,19,116,4,1420,21,5606,23,7026,California
Mono,2021-04-08,22,12556,3,7732,2,4691,17,133,4,1423,18,5624,21,7047,California
Mono,2021-04-09,37,12593,4,7736,4,4695,29,162,7,1429,30,5654,36,7083,California
Mono,2021-04-10,446,13039,2,7738,437,5132,7,169,28,1046,418,6072,35,7118,California
Mono,2021-04-11,1,13040,1,7739,0,5132,0,169,0,1045,1,6073,0,7118,California
Mono,2021-04-12,6,13046,0,7739,3,5135,3,172,3,1048,3,6076,6,7124,California
Mono,2021-04-13,19,13065,2,7741,16,5151,1,173,13,1056,6,6082,14,7138,California
Mono,2021-04-14,26,13091,1,7742,25,5176,0,173,7,1044,19,6101,7,7145,California
Mono,2021-04-15,18,13109,3,7745,15,5191,0,173,9,1044,9,6110,9,7154,California
Mono,2021-04-16,16,13125,1,7746,15,5206,0,173,5,1038,11,6121,5,7159,California
Mono,2021-04-17,51,13176,2,7748,49,5255,0,173,44,1075,7,6128,44,7203,California
Mono,2021-04-18,1,13177,0,7748,1,5256,0,173,1,1076,0,6128,1,7204,California
Mono,2021-04-19,527,13704,319,8067,208,5464,0,173,201,953,324,6452,201,7405,California
Mono,2021-04-20,17,13721,2,8069,15,5479,0,173,12,960,5,6457,12,7417,California
Mono,2021-04-21,9,13730,1,8070,8,5487,0,173,4,959,5,6462,4,7421,California
Mono,2021-04-22,27,13757,13,8083,14,5501,0,173,13,958,14,6476,13,7434,California
Mono,2021-04-23,22,13779,2,8085,20,5521,0,173,12,960,10,6486,12,7446,California
Mono,2021-04-24,33,13812,20,8105,13,5534,0,173,18,963,15,6501,18,7464,California
Mono,2021-04-25,3,13815,2,8107,1,5535,0,173,3,966,0,6501,3,7467,California
Mono,2021-04-26,10,13825,1,8108,9,5544,0,173,2,960,8,6509,2,7469,California
Mono,2021-04-27,66,13891,40,8148,19,5563,7,180,50,1001,16,6525,57,7526,California
Mono,2021-04-28,63,13954,41,8189,18,5581,4,184,48,1040,13,6538,52,7578,California
Mono,2021-04-29,8,13962,1,8190,4,5585,3,187,2,1039,6,6544,5,7583,California
Mono,2021-04-30,16,13978,3,8193,10,5595,3,190,8,1042,8,6552,11,7594,California
Mono,2021-05-01,110,14088,4,8197,106,5701,0,190,98,1128,12,6564,98,7692,California
Mono,2021-05-03,1,14089,0,8197,1,5702,0,190,0,1127,1,6565,0,7692,California
Mono,2021-05-04,19,14108,0,8197,13,5715,6,196,10,1134,9,6574,16,7708,California
Mono,2021-05-05,53,14161,8,8205,41,5756,4,200,45,1175,8,6582,49,7757,California
Mono,2021-05-06,13,14174,3,8208,9,5765,1,201,9,1181,4,6586,10,7767,California
Mono,2021-05-07,29,14203,22,8230,7,5772,0,201,25,1202,4,6590,25,7792,California
Mono,2021-05-08,50,14253,5,8235,45,5817,0,201,22,1196,28,6618,22,7814,California
Mono,2021-05-10,16,14269,1,8236,11,5828,4,205,9,1202,7,6625,13,7827,California
Mono,2021-05-11,15,14284,2,8238,10,5838,3,208,5,1200,10,6635,8,7835,California
Mono,2021-05-12,12,14296,0,8238,11,5849,1,209,4,1197,8,6643,5,7840,California
Mono,2021-05-13,49,14345,35,8273,14,5863,0,209,40,1228,9,6652,40,7880,California
Mono,2021-05-14,5,14350,1,8274,3,5866,1,210,1,1226,4,6656,2,7882,California
Mono,2021-05-15,64,14414,26,8300,33,5899,5,215,19,1205,45,6701,24,7906,California
Mono,2021-05-16,8,14422,7,8307,1,5900,0,215,5,1207,3,6704,5,7911,California
Monterey,2020-12-16,4,4,4,4,0,0,0,0,4,4,0,0,4,4,California
Monterey,2020-12-17,83,87,83,87,0,0,0,0,83,87,0,0,83,87,California
Monterey,2020-12-18,482,569,482,569,0,0,0,0,482,569,0,0,482,569,California
Monterey,2020-12-19,580,1149,580,1149,0,0,0,0,580,1149,0,0,580,1149,California
Monterey,2020-12-20,422,1571,422,1571,0,0,0,0,422,1571,0,0,422,1571,California
Monterey,2020-12-21,718,2289,718,2289,0,0,0,0,718,2289,0,0,718,2289,California
Monterey,2020-12-22,533,2822,520,2809,13,13,0,0,533,2822,0,0,533,2822,California
Monterey,2020-12-23,437,3259,262,3071,175,188,0,0,437,3259,0,0,437,3259,California
Monterey,2020-12-24,84,3343,10,3081,74,262,0,0,84,3343,0,0,84,3343,California
Monterey,2020-12-25,6,3349,0,3081,6,268,0,0,6,3349,0,0,6,3349,California
Monterey,2020-12-26,92,3441,5,3086,87,355,0,0,92,3441,0,0,92,3441,California
Monterey,2020-12-27,7,3448,4,3090,3,358,0,0,7,3448,0,0,7,3448,California
Monterey,2020-12-28,475,3923,25,3115,450,808,0,0,475,3923,0,0,475,3923,California
Monterey,2020-12-29,898,4821,167,3282,731,1539,0,0,898,4821,0,0,898,4821,California
Monterey,2020-12-30,567,5388,98,3380,469,2008,0,0,567,5388,0,0,567,5388,California
Monterey,2020-12-31,33,5421,11,3391,22,2030,0,0,33,5421,0,0,33,5421,California
Monterey,2021-01-01,12,5433,2,3393,10,2040,0,0,12,5433,0,0,12,5433,California
Monterey,2021-01-02,137,5570,134,3527,3,2043,0,0,137,5570,0,0,137,5570,California
Monterey,2021-01-03,30,5600,29,3556,1,2044,0,0,30,5600,0,0,30,5600,California
Monterey,2021-01-04,411,6011,18,3574,393,2437,0,0,411,6011,0,0,411,6011,California
Monterey,2021-01-05,752,6763,327,3901,425,2862,0,0,738,6735,14,14,738,6749,California
Monterey,2021-01-06,656,7419,172,4073,484,3346,0,0,634,7347,22,36,634,7383,California
Monterey,2021-01-07,745,8164,571,4644,174,3520,0,0,422,7448,321,357,422,7805,California
Monterey,2021-01-08,1087,9251,734,5378,353,3873,0,0,394,7149,693,1050,394,8199,California
Monterey,2021-01-09,964,10215,936,6314,28,3901,0,0,312,6809,652,1702,312,8511,California
Monterey,2021-01-10,274,10489,271,6585,3,3904,0,0,9,6553,265,1967,9,8520,California
Monterey,2021-01-11,1064,11553,984,7569,80,3984,0,0,362,6213,702,2669,362,8882,California
Monterey,2021-01-12,465,12018,388,7957,77,4061,0,0,204,6156,261,2930,204,9086,California
Monterey,2021-01-13,1217,13235,593,8550,624,4685,0,0,1171,7281,46,2976,1171,10257,California
Monterey,2021-01-14,1119,14354,165,8715,954,5639,0,0,1100,8366,19,2995,1104,11361,California
Monterey,2021-01-15,1046,15400,45,8760,1001,6640,0,0,1033,9386,13,3008,1033,12394,California
Monterey,2021-01-16,363,15763,300,9060,63,6703,0,0,358,9739,5,3013,358,12752,California
Monterey,2021-01-17,309,16072,288,9348,21,6724,0,0,296,10022,13,3026,296,13048,California
Monterey,2021-01-18,401,16473,50,9398,351,7075,0,0,380,10381,21,3047,380,13428,California
Monterey,2021-01-19,578,17051,396,9794,182,7257,0,0,419,10643,157,3204,419,13847,California
Monterey,2021-01-20,532,17583,270,10064,262,7519,0,0,326,10763,206,3410,326,14173,California
Monterey,2021-01-21,840,18423,92,10156,748,8267,0,0,730,11387,110,3520,734,14907,California
Monterey,2021-01-22,1048,19471,193,10349,855,9122,0,0,1009,12357,39,3559,1009,15916,California
Monterey,2021-01-23,241,19712,175,10524,66,9188,0,0,118,12354,122,3681,119,16035,California
Monterey,2021-01-24,56,19768,38,10562,18,9206,0,0,22,12342,34,3715,22,16057,California
Monterey,2021-01-25,782,20550,173,10735,609,9815,0,0,157,11881,618,4333,157,16214,California
Monterey,2021-01-26,927,21477,224,10959,703,10518,0,0,235,11424,692,5025,235,16449,California
Monterey,2021-01-27,861,22338,312,11271,549,11067,0,0,383,11329,478,5503,383,16832,California
Monterey,2021-01-28,2023,24361,739,12010,1284,12351,0,0,1682,12672,341,5844,1684,18516,California
Monterey,2021-01-29,1229,25590,707,12717,522,12873,0,0,1112,13669,116,5960,1113,19629,California
Monterey,2021-01-30,442,26032,294,13011,148,13021,0,0,186,13599,256,6216,186,19815,California
Monterey,2021-01-31,493,26525,71,13082,422,13443,0,0,483,14073,10,6226,484,20299,California
Monterey,2021-02-01,1652,28177,1140,14222,512,13955,0,0,1089,14600,562,6788,1089,21388,California
Monterey,2021-02-02,2160,30337,463,14685,1697,15652,0,0,1553,15547,606,7394,1553,22941,California
Monterey,2021-02-03,2327,32664,1045,15730,1282,16934,0,0,1552,16328,771,8165,1552,24493,California
Monterey,2021-02-04,2772,35436,2088,17818,684,17618,0,0,2463,18484,307,8472,2463,26956,California
Monterey,2021-02-05,3643,39079,2821,20639,822,18440,0,0,3207,21260,431,8903,3207,30163,California
Monterey,2021-02-06,1097,40176,379,21018,718,19158,0,0,755,21675,340,9243,755,30918,California
Monterey,2021-02-07,315,40491,270,21288,45,19203,0,0,96,21552,219,9462,96,31014,California
Monterey,2021-02-08,515,41006,290,21578,225,19428,0,0,426,21889,89,9551,426,31440,California
Monterey,2021-02-09,863,41869,675,22253,188,19616,0,0,553,22134,310,9861,555,31995,California
Monterey,2021-02-10,2085,43954,1113,23366,972,20588,0,0,1235,22520,850,10711,1236,33231,California
Monterey,2021-02-11,2500,46454,971,24337,1529,22117,0,0,1545,23114,953,11664,1547,34778,California
Monterey,2021-02-12,2585,49039,429,24766,2156,24273,0,0,1517,23565,1067,12731,1518,36296,California
Monterey,2021-02-13,1068,50107,50,24816,1018,25291,0,0,977,24451,91,12822,977,37273,California
Monterey,2021-02-14,592,50699,73,24889,519,25810,0,0,519,24897,73,12895,519,37792,California
Monterey,2021-02-15,1366,52065,160,25049,1206,27016,0,0,981,25496,383,13278,982,38774,California
Monterey,2021-02-16,1091,53156,245,25294,846,27862,0,0,867,26139,224,13502,867,39641,California
Monterey,2021-02-17,1937,55093,1164,26458,773,28635,0,0,1638,27482,297,13799,1640,41281,California
Monterey,2021-02-18,2226,57319,1177,27635,1049,29684,0,0,909,27090,1303,15102,911,42192,California
Monterey,2021-02-19,2937,60256,1534,29169,1403,31087,0,0,1346,26847,1590,16692,1347,43539,California
Monterey,2021-02-20,1008,61264,608,29777,400,31487,0,0,952,27744,55,16747,952,44491,California
Monterey,2021-02-21,1246,62510,1218,30995,28,31515,0,0,1176,28852,68,16815,1176,45667,California
Monterey,2021-02-22,976,63486,844,31839,132,31647,0,0,644,29166,330,17145,644,46311,California
Monterey,2021-02-23,955,64441,622,32461,333,31980,0,0,303,28819,651,17796,304,46615,California
Monterey,2021-02-24,2464,66905,1315,33776,1149,33129,0,0,1851,30063,608,18404,1852,48467,California
Monterey,2021-02-25,4409,71314,2419,36195,1990,35119,0,0,1477,28616,2925,21329,1478,49945,California
Monterey,2021-02-26,5247,76561,3080,39275,2167,37286,0,0,2623,28619,2621,23950,2624,52569,California
Monterey,2021-02-27,996,77557,182,39457,814,38100,0,0,805,29238,186,24136,805,53374,California
Monterey,2021-02-28,1527,79084,80,39537,1447,39547,0,0,1065,29846,457,24593,1065,54439,California
Monterey,2021-03-01,1282,80366,139,39676,1140,40687,3,3,745,30062,533,25126,749,55188,California
Monterey,2021-03-02,2776,83142,1721,41397,1055,41742,0,3,1924,31138,848,25974,1924,57112,California
Monterey,2021-03-03,3204,86346,1241,42638,1963,43705,0,3,1265,30467,1937,27911,1266,58378,California
Monterey,2021-03-04,4550,90896,1467,44105,3083,46788,0,3,2950,31821,1596,29507,2950,61328,California
Monterey,2021-03-05,3588,94484,1619,45724,1692,48480,277,280,2956,34423,631,30138,3233,64561,California
Monterey,2021-03-06,5043,99527,1068,46792,3672,52152,303,583,4139,37962,901,31039,4440,69001,California
Monterey,2021-03-07,520,100047,108,46900,167,52319,245,828,233,38151,287,31326,476,69477,California
Monterey,2021-03-08,1657,101704,326,47226,942,53261,389,1217,1118,39117,539,31865,1505,70982,California
Monterey,2021-03-09,1907,103611,679,47905,952,54213,276,1493,1416,40317,490,32355,1690,72672,California
Monterey,2021-03-10,3124,106735,1022,48927,1614,55827,488,1981,1418,40523,1699,34054,1905,74577,California
Monterey,2021-03-11,4109,110844,1409,50336,2327,58154,373,2354,2348,41490,1754,35808,2721,77298,California
Monterey,2021-03-12,4315,115159,2047,52383,2133,60287,135,2489,2632,42576,1680,37488,2766,80064,California
Monterey,2021-03-13,5249,120408,959,53342,3943,64230,347,2836,3942,45558,1307,38795,4289,84353,California
Monterey,2021-03-14,2147,122555,1325,54667,797,65027,25,2861,571,44589,1565,40360,596,84949,California
Monterey,2021-03-15,3938,126493,1266,55933,2383,67410,289,3150,2253,45450,1680,42040,2541,87490,California
Monterey,2021-03-16,3488,129981,574,56507,2539,69949,375,3525,2076,46486,1411,43451,2447,89937,California
Monterey,2021-03-17,5705,135686,2336,58843,3116,73065,253,3778,4108,49262,1590,45041,4366,94303,California
Monterey,2021-03-18,4355,140041,2154,60997,2033,75098,168,3946,2997,51112,1352,46393,3202,97505,California
Monterey,2021-03-19,5392,145433,2559,63556,2689,77787,144,4090,4117,54104,1270,47663,4262,101767,California
Monterey,2021-03-20,3310,148743,419,63975,2196,79983,695,4785,2231,55954,1076,48739,2926,104693,California
Monterey,2021-03-21,623,149366,200,64175,415,80398,8,4793,557,56454,64,48803,564,105257,California
Monterey,2021-03-22,2459,151825,1434,65609,963,81361,62,4855,2250,58559,205,49008,2310,107567,California
Monterey,2021-03-23,3974,155799,2350,67959,1581,82942,43,4898,2518,59668,1451,50459,2560,110127,California
Monterey,2021-03-24,4992,160791,2088,70047,2594,85536,310,5208,3635,62257,1353,51812,3942,114069,California
Monterey,2021-03-25,5212,166003,1210,71257,3645,89181,357,5565,2589,62589,2616,54428,2948,117017,California
Monterey,2021-03-26,5291,171294,2601,73858,2624,91805,66,5631,2655,62685,2627,57055,2723,119740,California
Monterey,2021-03-27,4788,176082,1424,75282,3108,94913,256,5887,3075,64307,1710,58765,3332,123072,California
Monterey,2021-03-28,1106,177188,332,75614,765,95678,9,5896,621,64458,480,59245,631,123703,California
Monterey,2021-03-29,3169,180357,1404,77018,1751,97429,14,5910,1950,65214,1212,60457,1968,125671,California
Monterey,2021-03-30,4437,184794,2131,79149,2263,99692,43,5953,2722,66278,1705,62162,2769,128440,California
Monterey,2021-03-31,5293,190087,2377,81526,2126,101818,790,6743,3332,68434,1958,64120,4114,132554,California
Monterey,2021-04-01,6087,196174,2110,83636,3566,105384,411,7154,3063,68900,3009,67129,3475,136029,California
Monterey,2021-04-02,4664,200838,2242,85878,2361,107745,61,7215,3165,70631,1498,68627,3229,139258,California
Monterey,2021-04-03,5790,206628,1109,86987,3660,111405,1021,8236,1197,68261,4581,73208,2211,141469,California
Monterey,2021-04-04,758,207386,156,87143,588,111993,14,8250,490,68499,268,73476,506,141975,California
Monterey,2021-04-05,3979,211365,2468,89611,1282,113275,229,8479,1465,67684,2509,75985,1694,143669,California
Monterey,2021-04-06,3339,214704,1321,90932,1546,114821,472,8951,1116,67049,2221,78206,1586,145255,California
Monterey,2021-04-07,5481,220185,1365,92297,3605,118426,511,9462,2640,67366,2830,81036,3147,148402,California
Monterey,2021-04-08,6468,226653,3450,95747,2216,120642,802,10264,3169,68045,3293,84329,3972,152374,California
Monterey,2021-04-09,5506,232159,3356,99103,1517,122159,633,10897,2216,67606,3287,87616,2848,155222,California
Monterey,2021-04-10,10019,242178,4871,103974,3001,125160,2147,13044,4894,69530,5115,92731,7039,162261,California
Monterey,2021-04-11,5406,247584,4239,108213,566,125726,601,13645,4363,73454,1037,93768,4961,167222,California
Monterey,2021-04-12,4061,251645,1844,110057,1904,127630,313,13958,907,71658,3016,96784,1220,168442,California
Monterey,2021-04-13,3095,254740,720,110777,2370,130000,5,13963,1469,71527,1607,98391,1476,169918,California
Monterey,2021-04-14,6567,261307,3115,113892,3449,133449,3,13966,1799,68574,4755,103146,1802,171720,California
Monterey,2021-04-15,5743,267050,3887,117779,1856,135305,0,13966,3828,70517,1886,105032,3829,175549,California
Monterey,2021-04-16,4666,271716,2391,120170,2261,137566,14,13980,2174,70223,2482,107514,2188,177737,California
Monterey,2021-04-17,5522,277238,1347,121517,4175,141741,0,13980,3697,72108,1812,109326,3697,181434,California
Monterey,2021-04-18,832,278070,251,121768,581,142322,0,13980,235,71750,593,109919,235,181669,California
Monterey,2021-04-19,3671,281741,1286,123054,2385,144707,0,13980,1752,71591,1911,111830,1752,183421,California
Monterey,2021-04-20,3760,285501,1578,124632,2182,146889,0,13980,1548,70949,2191,114021,1549,184970,California
Monterey,2021-04-21,5774,291275,3149,127781,2625,149514,0,13980,2829,70870,2910,116931,2831,187801,California
Monterey,2021-04-22,4701,295976,1017,128798,3684,153198,0,13980,1952,70111,2711,119642,1952,189753,California
Monterey,2021-04-23,5626,301602,2627,131425,2998,156196,1,13981,2210,68927,3398,123040,2214,191967,California
Monterey,2021-04-24,4133,305735,584,132009,3549,159745,0,13981,1525,67863,2589,125629,1525,193492,California
Monterey,2021-04-25,1236,306971,604,132613,632,160377,0,13981,790,68216,437,126066,790,194282,California
Monterey,2021-04-26,3465,310436,2171,134784,1277,161654,17,13998,874,66541,2566,128632,891,195173,California
Monterey,2021-04-27,2561,312997,899,135683,1545,163199,117,14115,1117,66335,1439,130071,1233,196406,California
Monterey,2021-04-28,3492,316489,1355,137038,1999,165198,138,14253,2170,67331,1309,131380,2305,198711,California
Monterey,2021-04-29,4376,320865,2405,139443,1895,167093,76,14329,1628,66298,2738,134118,1705,200416,California
Monterey,2021-04-30,3074,323939,1653,141096,1345,168438,76,14405,760,64827,2305,136423,834,201250,California
Monterey,2021-05-01,5601,329540,4227,145323,1334,169772,40,14445,678,60635,4908,141331,716,201966,California
Monterey,2021-05-02,4349,333889,3923,149246,399,170171,27,14472,324,56974,4012,145343,351,202317,California
Monterey,2021-05-03,2516,336405,1561,150807,839,171010,116,14588,584,55752,1922,147265,700,203017,California
Monterey,2021-05-04,1725,338130,586,151393,1049,172059,90,14678,629,55389,1083,148348,720,203737,California
Monterey,2021-05-05,3239,341369,1183,152576,1971,174030,85,14763,1050,54349,2176,150524,1136,204873,California
Monterey,2021-05-06,4120,345489,2739,155315,1164,175194,217,14980,1142,52746,2962,153486,1359,206232,California
Monterey,2021-05-07,1914,347403,932,156247,883,176077,99,15079,700,52337,1207,154693,798,207030,California
Monterey,2021-05-08,2571,349974,1366,157613,883,176960,322,15401,915,51926,1645,156338,1234,208264,California
Monterey,2021-05-09,394,350368,113,157726,255,177215,26,15427,143,51845,250,156588,169,208433,California
Monterey,2021-05-10,2583,352951,1854,159580,682,177897,47,15474,342,50003,2232,158820,390,208823,California
Monterey,2021-05-11,1736,354687,885,160465,787,178684,64,15538,735,49815,987,159807,799,209622,California
Monterey,2021-05-12,3523,358210,1939,162404,1514,180198,70,15608,776,47927,2735,162542,847,210469,California
Monterey,2021-05-13,2173,360383,1277,163681,855,181053,41,15649,1213,48233,945,163487,1251,211720,California
Monterey,2021-05-14,1609,361992,410,164091,1137,182190,62,15711,638,47972,961,164448,700,212420,California
Monterey,2021-05-15,1488,363480,301,164392,1039,183229,148,15859,231,47100,1250,165698,378,212798,California
Monterey,2021-05-16,445,363925,396,164788,31,183260,18,15877,27,46728,417,166115,45,212843,California
Napa,2020-12-16,12,12,12,12,0,0,0,0,12,12,0,0,12,12,California
Napa,2020-12-17,44,56,44,56,0,0,0,0,44,56,0,0,44,56,California
Napa,2020-12-18,102,158,102,158,0,0,0,0,102,158,0,0,102,158,California
Napa,2020-12-19,221,379,221,379,0,0,0,0,221,379,0,0,221,379,California
Napa,2020-12-20,190,569,190,569,0,0,0,0,190,569,0,0,190,569,California
Napa,2020-12-21,312,881,312,881,0,0,0,0,313,882,0,0,313,882,California
Napa,2020-12-22,340,1221,331,1212,9,9,0,0,340,1222,0,0,340,1222,California
Napa,2020-12-23,429,1650,319,1531,110,119,0,0,429,1651,0,0,429,1651,California
Napa,2020-12-24,139,1789,78,1609,61,180,0,0,139,1790,0,0,139,1790,California
Napa,2020-12-25,1,1790,1,1610,0,180,0,0,1,1791,0,0,1,1791,California
Napa,2020-12-26,39,1829,11,1621,28,208,0,0,39,1830,0,0,39,1830,California
Napa,2020-12-27,32,1861,16,1637,16,224,0,0,32,1862,0,0,32,1862,California
Napa,2020-12-28,252,2113,186,1823,66,290,0,0,281,2143,0,0,281,2143,California
Napa,2020-12-29,274,2387,215,2038,59,349,0,0,307,2450,0,0,307,2450,California
Napa,2020-12-30,628,3015,485,2523,143,492,0,0,636,3086,0,0,636,3086,California
Napa,2020-12-31,459,3474,371,2894,88,580,0,0,459,3545,0,0,459,3545,California
Napa,2021-01-01,1,3475,1,2895,0,580,0,0,1,3546,0,0,1,3546,California
Napa,2021-01-02,98,3573,93,2988,5,585,0,0,98,3644,0,0,98,3644,California
Napa,2021-01-03,13,3586,11,2999,2,587,0,0,9,3653,0,0,9,3653,California
Napa,2021-01-04,107,3693,64,3063,43,630,0,0,107,3760,0,0,107,3760,California
Napa,2021-01-05,162,3855,85,3148,77,707,0,0,145,3881,24,24,145,3905,California
Napa,2021-01-06,460,4315,115,3263,345,1052,0,0,396,4215,62,86,396,4301,California
Napa,2021-01-07,498,4813,235,3498,263,1315,0,0,397,4512,100,186,397,4698,California
Napa,2021-01-08,444,5257,228,3726,216,1531,0,0,262,4593,181,367,262,4960,California
Napa,2021-01-09,325,5582,300,4026,25,1556,0,0,189,4646,136,503,189,5149,California
Napa,2021-01-10,186,5768,103,4129,83,1639,0,0,109,4678,77,580,109,5258,California
Napa,2021-01-11,882,6650,426,4555,456,2095,0,0,509,4815,374,954,511,5769,California
Napa,2021-01-12,1314,7964,372,4927,942,3037,0,0,997,5495,317,1271,997,6766,California
Napa,2021-01-13,1311,9275,264,5191,1047,4084,0,0,1149,6484,161,1432,1150,7916,California
Napa,2021-01-14,1054,10329,173,5364,881,4965,0,0,936,7304,116,1548,936,8852,California
Napa,2021-01-15,1455,11784,384,5748,1071,6036,0,0,1306,8454,157,1705,1307,10159,California
Napa,2021-01-16,358,12142,134,5882,224,6260,0,0,340,8776,18,1723,340,10499,California
Napa,2021-01-17,341,12483,176,6058,165,6425,0,0,331,9097,10,1733,331,10830,California
Napa,2021-01-18,1081,13564,197,6255,884,7309,0,0,990,9996,91,1824,990,11820,California
Napa,2021-01-19,1009,14573,404,6659,605,7914,0,0,767,10522,241,2065,767,12587,California
Napa,2021-01-20,825,15398,185,6844,640,8554,0,0,642,10983,181,2246,642,13229,California
Napa,2021-01-21,1336,16734,374,7218,962,9516,0,0,1081,11811,254,2500,1082,14311,California
Napa,2021-01-22,1541,18275,412,7630,1129,10645,0,0,1214,12700,326,2826,1215,15526,California
Napa,2021-01-23,398,18673,318,7948,80,10725,0,0,336,12974,62,2888,336,15862,California
Napa,2021-01-24,265,18938,188,8136,77,10802,0,0,208,13125,57,2945,208,16070,California
Napa,2021-01-25,1521,20459,231,8367,1290,12092,0,0,1431,14466,90,3035,1431,17501,California
Napa,2021-01-26,880,21339,286,8653,594,12686,0,0,786,15159,94,3129,787,18288,California
Napa,2021-01-27,626,21965,221,8874,405,13091,0,0,470,15474,156,3285,471,18759,California
Napa,2021-01-28,389,22354,176,9050,213,13304,0,0,197,15481,190,3475,197,18956,California
Napa,2021-01-29,256,22610,65,9115,191,13495,0,0,161,15547,95,3570,161,19117,California
Napa,2021-01-30,805,23415,696,9811,109,13604,0,0,641,16024,164,3734,641,19758,California
Napa,2021-01-31,656,24071,625,10436,31,13635,0,0,630,16628,26,3760,630,20388,California
Napa,2021-02-01,315,24386,110,10546,205,13840,0,0,163,16639,152,3912,163,20551,California
Napa,2021-02-02,608,24994,280,10826,328,14168,0,0,297,16628,308,4220,297,20848,California
Napa,2021-02-03,745,25739,309,11135,436,14604,0,0,430,16744,314,4534,430,21278,California
Napa,2021-02-04,789,26528,373,11508,416,15020,0,0,441,16839,346,4880,441,21719,California
Napa,2021-02-05,711,27239,310,11818,401,15421,0,0,344,16816,367,5247,344,22063,California
Napa,2021-02-06,434,27673,146,11964,288,15709,0,0,328,17038,106,5353,328,22391,California
Napa,2021-02-07,176,27849,163,12127,13,15722,0,0,71,17004,105,5458,71,22462,California
Napa,2021-02-08,836,28685,191,12318,645,16367,0,0,274,16719,559,6017,274,22736,California
Napa,2021-02-09,1081,29766,447,12765,634,17001,0,0,441,16520,640,6657,441,23177,California
Napa,2021-02-10,1720,31486,193,12958,1527,18528,0,0,452,15708,1265,7922,453,23630,California
Napa,2021-02-11,1496,32982,195,13153,1301,19829,0,0,407,15039,1076,8998,407,24037,California
Napa,2021-02-12,2164,35146,842,13995,1322,21151,0,0,724,14327,1436,10434,724,24761,California
Napa,2021-02-13,501,35647,53,14048,448,21599,0,0,315,14456,186,10620,315,25076,California
Napa,2021-02-14,357,36004,89,14137,268,21867,0,0,195,14489,162,10782,195,25271,California
Napa,2021-02-15,877,36881,183,14320,694,22561,0,0,222,14058,653,11435,222,25493,California
Napa,2021-02-16,1288,38169,597,14917,691,23252,0,0,612,13996,674,12109,612,26105,California
Napa,2021-02-17,1050,39219,534,15451,516,23768,0,0,481,13910,567,12676,481,26586,California
Napa,2021-02-18,1902,41121,486,15937,1416,25184,0,0,659,13329,1240,13916,659,27245,California
Napa,2021-02-19,1482,42603,587,16524,895,26079,0,0,676,13200,805,14721,676,27921,California
Napa,2021-02-20,823,43426,597,17121,226,26305,0,0,274,12925,549,15270,274,28195,California
Napa,2021-02-21,816,44242,753,17874,63,26368,0,0,213,12535,603,15873,213,28408,California
Napa,2021-02-22,446,44688,189,18063,257,26625,0,0,140,12369,306,16179,140,28548,California
Napa,2021-02-23,1129,45817,305,18368,824,27449,0,0,313,11866,816,16995,313,28861,California
Napa,2021-02-24,1163,46980,644,19012,519,27968,0,0,577,11859,584,17579,577,29438,California
Napa,2021-02-25,2556,49536,1224,20236,1332,29300,0,0,1846,12996,709,18288,1846,31284,California
Napa,2021-02-26,1506,51042,529,20765,977,30277,0,0,594,12680,910,19198,594,31878,California
Napa,2021-02-27,1122,52164,380,21145,742,31019,0,0,870,13300,250,19448,870,32748,California
Napa,2021-02-28,560,52724,459,21604,101,31120,0,0,461,13664,97,19545,461,33209,California
Napa,2021-03-01,1102,53826,816,22420,286,31406,0,0,832,14227,269,19814,832,34041,California
Napa,2021-03-02,1484,55310,1024,23444,460,31866,0,0,1142,15028,341,20155,1142,35183,California
Napa,2021-03-03,1555,56865,690,24134,865,32731,0,0,1370,16214,184,20339,1370,36553,California
Napa,2021-03-04,1709,58574,785,24919,924,33655,0,0,1471,17450,235,20574,1471,38024,California
Napa,2021-03-05,1895,60469,788,25707,1103,34758,4,4,1475,18511,418,20992,1479,39503,California
Napa,2021-03-06,647,61116,280,25987,336,35094,31,35,535,18967,110,21102,566,40069,California
Napa,2021-03-07,521,61637,318,26305,188,35282,15,50,372,19205,149,21251,387,40456,California
Napa,2021-03-08,708,62345,330,26635,325,35607,53,103,531,19614,175,21426,584,41040,California
Napa,2021-03-09,1637,63982,573,27208,1018,36625,46,149,1205,20436,429,21855,1251,42291,California
Napa,2021-03-10,1478,65460,917,28125,468,37093,93,242,777,20608,697,22552,869,43160,California
Napa,2021-03-11,1878,67338,1060,29185,688,37781,130,372,985,20830,893,23445,1115,44275,California
Napa,2021-03-12,1506,68844,914,30099,496,38277,96,468,801,21023,703,24148,896,45171,California
Napa,2021-03-13,1166,70010,301,30400,840,39117,25,493,827,21538,337,24485,852,46023,California
Napa,2021-03-14,612,70622,330,30730,134,39251,148,641,214,21502,397,24882,361,46384,California
Napa,2021-03-15,950,71572,409,31139,472,39723,69,710,479,21581,469,25351,548,46932,California
Napa,2021-03-16,1841,73413,389,31528,1326,41049,126,836,1375,22621,462,25813,1502,48434,California
Napa,2021-03-17,2502,75915,1851,33379,472,41521,179,1015,1589,23476,913,26726,1768,50202,California
Napa,2021-03-18,2110,78025,921,34300,1179,42700,10,1025,1284,23946,824,27550,1294,51496,California
Napa,2021-03-19,1443,79468,872,35172,543,43243,28,1053,710,23954,730,28280,738,52234,California
Napa,2021-03-20,1008,80476,529,35701,326,43569,153,1206,433,23966,574,28854,586,52820,California
Napa,2021-03-21,702,81178,680,36381,20,43589,2,1208,350,23967,351,29205,352,53172,California
Napa,2021-03-22,1295,82473,1119,37500,165,43754,11,1219,493,23674,797,30002,504,53676,California
Napa,2021-03-23,1869,84342,1177,38677,675,44429,17,1236,1024,23874,841,30843,1041,54717,California
Napa,2021-03-24,1706,86048,945,39622,753,45182,8,1244,820,23817,885,31728,828,55545,California
Napa,2021-03-25,1916,87964,1052,40674,810,45992,54,1298,767,23495,1143,32871,821,56366,California
Napa,2021-03-26,1299,89263,831,41505,462,46454,6,1304,593,23392,702,33573,599,56965,California
Napa,2021-03-27,952,90215,432,41937,493,46947,27,1331,318,23103,634,34207,345,57310,California
Napa,2021-03-28,484,90699,374,42311,103,47050,7,1338,184,22995,299,34506,191,57501,California
Napa,2021-03-29,1195,91894,871,43182,319,47369,5,1343,735,23276,459,34965,740,58241,California
Napa,2021-03-30,2550,94444,931,44113,1615,48984,4,1347,1762,24255,788,35753,1767,60008,California
Napa,2021-03-31,1965,96409,958,45071,938,49922,69,1416,803,23966,1159,36912,870,60878,California
Napa,2021-04-01,1741,98150,839,45910,785,50707,117,1533,477,23302,1258,38170,594,61472,California
Napa,2021-04-02,1849,99999,825,46735,883,51590,141,1674,468,22540,1378,39548,616,62088,California
Napa,2021-04-03,628,100627,364,47099,205,51795,59,1733,212,22394,416,39964,270,62358,California
Napa,2021-04-04,354,100981,144,47243,152,51947,58,1791,124,22347,229,40193,182,62540,California
Napa,2021-04-05,1266,102247,756,47999,291,52238,219,2010,572,22445,693,40886,791,63331,California
Napa,2021-04-06,2232,104479,560,48559,1418,53656,254,2264,528,21526,1701,42587,782,64113,California
Napa,2021-04-07,1726,106205,704,49263,801,54457,221,2485,526,21077,1195,43782,746,64859,California
Napa,2021-04-08,1847,108052,1058,50321,419,54876,370,2855,957,21517,886,44668,1326,66185,California
Napa,2021-04-09,1530,109582,919,51240,309,55185,302,3157,676,21642,852,45520,977,67162,California
Napa,2021-04-10,1031,110613,346,51586,584,55769,101,3258,239,21190,791,46311,339,67501,California
Napa,2021-04-11,384,110997,299,51885,62,55831,23,3281,155,21139,229,46540,178,67679,California
Napa,2021-04-12,784,111781,302,52187,358,56189,124,3405,290,21057,493,47033,411,68090,California
Napa,2021-04-13,2526,114307,844,53031,1682,57871,0,3405,924,20384,1597,48630,924,69014,California
Napa,2021-04-14,2066,116373,981,54012,1085,58956,0,3405,1007,20341,1050,49680,1007,70021,California
Napa,2021-04-15,2057,118430,529,54541,1528,60484,0,3405,880,20049,1172,50852,880,70901,California
Napa,2021-04-16,2892,121322,1568,56109,1324,61808,0,3405,2181,21521,709,51561,2181,73082,California
Napa,2021-04-17,1127,122449,265,56374,862,62670,0,3405,828,22052,297,51858,828,73910,California
Napa,2021-04-18,264,122713,172,56546,92,62762,0,3405,117,22023,146,52004,117,74027,California
Napa,2021-04-19,609,123322,339,56885,270,63032,0,3405,266,21947,342,52346,266,74293,California
Napa,2021-04-20,3029,126351,2055,58940,974,64006,0,3405,2077,23074,951,53297,2078,76371,California
Napa,2021-04-21,2912,129263,2152,61092,760,64766,0,3405,1858,23884,1049,54346,1859,78230,California
Napa,2021-04-22,1631,130894,1130,62222,501,65267,0,3405,833,23924,793,55139,833,79063,California
Napa,2021-04-23,1624,132518,1246,63468,376,65643,2,3407,1152,24608,468,55607,1152,80215,California
Napa,2021-04-24,555,133073,316,63784,239,65882,0,3407,284,24624,268,55875,284,80499,California
Napa,2021-04-25,250,133323,192,63976,58,65940,0,3407,130,24635,119,55994,130,80629,California
Napa,2021-04-26,509,133832,264,64240,245,66185,0,3407,264,24658,241,56235,264,80893,California
Napa,2021-04-27,1518,135350,438,64678,1069,67254,11,3418,633,24420,882,57117,644,81537,California
Napa,2021-04-28,971,136321,426,65104,528,67782,17,3435,319,24105,651,57768,336,81873,California
Napa,2021-04-29,637,136958,324,65428,294,68076,19,3454,198,23887,434,58202,216,82089,California
Napa,2021-04-30,599,137557,300,65728,235,68311,64,3518,248,23848,350,58552,311,82400,California
Napa,2021-05-01,320,137877,265,65993,44,68355,11,3529,117,23773,203,58755,128,82528,California
Napa,2021-05-02,237,138114,193,66186,38,68393,6,3535,99,23741,137,58892,105,82633,California
Napa,2021-05-03,623,138737,497,66683,91,68484,35,3570,102,23362,517,59409,138,82771,California
Napa,2021-05-04,1125,139862,717,67400,299,68783,109,3679,297,22944,824,60233,406,83177,California
Napa,2021-05-05,1019,140881,687,68087,296,69079,36,3715,256,22476,760,60993,292,83469,California
Napa,2021-05-06,712,141593,315,68402,374,69453,23,3738,368,22531,336,61329,391,83860,California
Napa,2021-05-07,554,142147,352,68754,158,69611,44,3782,174,22371,377,61706,217,84077,California
Napa,2021-05-08,249,142396,158,68912,80,69691,11,3793,88,22310,160,61866,99,84176,California
Napa,2021-05-09,108,142504,77,68989,31,69722,0,3793,50,22302,58,61924,50,84226,California
Napa,2021-05-10,411,142915,137,69126,255,69977,19,3812,105,22121,305,62229,124,84350,California
Napa,2021-05-11,2145,145060,1767,70893,353,70330,25,3837,370,20747,1769,63998,395,84745,California
Napa,2021-05-12,2155,147215,1350,72243,751,71081,54,3891,311,19272,1840,65838,365,85110,California
Napa,2021-05-13,1765,148980,1089,73332,640,71721,36,3927,719,18988,1039,66877,755,85865,California
Napa,2021-05-14,1641,150621,892,74224,673,72394,76,4003,397,18223,1239,68116,474,86339,California
Napa,2021-05-15,621,151242,181,74405,431,72825,9,4012,139,17890,481,68597,148,86487,California
Napa,2021-05-16,121,151363,63,74468,56,72881,2,4014,4,17779,117,68714,6,86493,California
Nevada,2020-12-16,3,3,3,3,0,0,0,0,3,3,0,0,3,3,California
Nevada,2020-12-17,6,9,6,9,0,0,0,0,6,9,0,0,6,9,California
Nevada,2020-12-18,52,61,52,61,0,0,0,0,52,61,0,0,52,61,California
Nevada,2020-12-19,55,116,55,116,0,0,0,0,55,116,0,0,55,116,California
Nevada,2020-12-20,12,128,12,128,0,0,0,0,12,128,0,0,12,128,California
Nevada,2020-12-21,69,197,69,197,0,0,0,0,69,197,0,0,69,197,California
Nevada,2020-12-22,91,288,89,286,2,2,0,0,91,288,0,0,91,288,California
Nevada,2020-12-23,233,521,202,488,31,33,0,0,233,521,0,0,233,521,California
Nevada,2020-12-24,13,534,11,499,2,35,0,0,13,534,0,0,13,534,California
Nevada,2020-12-25,3,537,3,502,0,35,0,0,3,537,0,0,3,537,California
Nevada,2020-12-26,6,543,4,506,2,37,0,0,6,543,0,0,6,543,California
Nevada,2020-12-27,88,631,88,594,0,37,0,0,88,631,0,0,88,631,California
Nevada,2020-12-28,170,801,93,687,77,114,0,0,170,801,0,0,170,801,California
Nevada,2020-12-29,99,900,73,760,26,140,0,0,99,900,0,0,99,900,California
Nevada,2020-12-30,86,986,66,826,20,160,0,0,86,986,0,0,86,986,California
Nevada,2020-12-31,39,1025,9,835,30,190,0,0,39,1025,0,0,39,1025,California
Nevada,2021-01-01,2,1027,0,835,2,192,0,0,2,1027,0,0,2,1027,California
Nevada,2021-01-02,1,1028,1,836,0,192,0,0,1,1028,0,0,1,1028,California
Nevada,2021-01-03,129,1157,126,962,3,195,0,0,129,1157,0,0,129,1157,California
Nevada,2021-01-04,71,1228,47,1009,24,219,0,0,71,1228,0,0,71,1228,California
Nevada,2021-01-05,273,1501,132,1141,141,360,0,0,272,1499,1,1,272,1500,California
Nevada,2021-01-06,91,1592,43,1184,48,408,0,0,83,1574,8,9,83,1583,California
Nevada,2021-01-07,215,1807,43,1227,172,580,0,0,208,1777,6,15,209,1792,California
Nevada,2021-01-08,221,2028,129,1356,92,672,0,0,168,1893,53,68,169,1961,California
Nevada,2021-01-09,64,2092,56,1412,8,680,0,0,16,1861,48,116,16,1977,California
Nevada,2021-01-10,18,2110,9,1421,9,689,0,0,10,1863,8,124,10,1987,California
Nevada,2021-01-11,185,2295,131,1552,54,743,0,0,57,1792,128,252,57,2044,California
Nevada,2021-01-12,597,2892,451,2003,146,889,0,0,531,2257,66,318,531,2575,California
Nevada,2021-01-13,260,3152,147,2150,113,1002,0,0,125,2247,135,453,125,2700,California
Nevada,2021-01-14,238,3390,127,2277,111,1113,0,0,220,2450,17,470,220,2920,California
Nevada,2021-01-15,395,3785,170,2447,225,1338,0,0,297,2649,98,568,297,3217,California
Nevada,2021-01-16,296,4081,15,2462,281,1619,0,0,292,2937,4,572,292,3509,California
Nevada,2021-01-17,35,4116,31,2493,4,1623,0,0,33,2968,2,574,33,3542,California
Nevada,2021-01-18,155,4271,45,2538,110,1733,0,0,143,3099,12,586,143,3685,California
Nevada,2021-01-19,244,4515,85,2623,159,1892,0,0,225,3305,19,605,225,3910,California
Nevada,2021-01-20,266,4781,161,2784,105,1997,0,0,253,3545,13,618,253,4163,California
Nevada,2021-01-21,338,5119,207,2991,131,2128,0,0,325,3857,13,631,325,4488,California
Nevada,2021-01-22,363,5482,226,3217,137,2265,0,0,333,4160,30,661,333,4821,California
Nevada,2021-01-23,178,5660,105,3322,73,2338,0,0,178,4338,0,661,178,4999,California
Nevada,2021-01-24,105,5765,98,3420,7,2345,0,0,66,4365,39,700,66,5065,California
Nevada,2021-01-25,267,6032,137,3557,130,2475,0,0,206,4510,61,761,206,5271,California
Nevada,2021-01-26,402,6434,141,3698,261,2736,0,0,298,4704,104,865,298,5569,California
Nevada,2021-01-27,419,6853,248,3946,171,2907,0,0,395,5075,24,889,395,5964,California
Nevada,2021-01-28,470,7323,319,4265,151,3058,0,0,426,5458,43,932,426,6390,California
Nevada,2021-01-29,603,7926,392,4657,211,3269,0,0,576,6009,26,958,577,6967,California
Nevada,2021-01-30,232,8158,105,4762,127,3396,0,0,229,6235,3,961,229,7196,California
Nevada,2021-01-31,103,8261,86,4848,17,3413,0,0,101,6336,1,962,102,7298,California
Nevada,2021-02-01,291,8552,71,4919,220,3633,0,0,277,6599,14,976,277,7575,California
Nevada,2021-02-02,521,9073,184,5103,337,3970,0,0,322,6722,199,1175,322,7897,California
Nevada,2021-02-03,812,9885,572,5675,240,4210,0,0,758,7427,53,1228,758,8655,California
Nevada,2021-02-04,738,10623,391,6066,347,4557,0,0,488,7666,249,1477,488,9143,California
Nevada,2021-02-05,644,11267,367,6433,277,4834,0,0,455,7934,187,1664,455,9598,California
Nevada,2021-02-06,269,11536,83,6516,186,5020,0,0,242,8149,27,1691,242,9840,California
Nevada,2021-02-07,245,11781,192,6708,53,5073,0,0,190,8284,55,1746,190,10030,California
Nevada,2021-02-08,651,12432,407,7115,244,5317,0,0,551,8735,100,1846,551,10581,California
Nevada,2021-02-09,602,13034,337,7452,265,5582,0,0,463,9059,139,1985,463,11044,California
Nevada,2021-02-10,648,13682,323,7775,325,5907,0,0,417,9246,231,2216,418,11462,California
Nevada,2021-02-11,871,14553,505,8280,366,6273,0,0,542,9460,328,2544,542,12004,California
Nevada,2021-02-12,937,15490,437,8717,500,6773,0,0,616,9758,318,2862,616,12620,California
Nevada,2021-02-13,600,16090,236,8953,364,7137,0,0,388,9939,208,3070,389,13009,California
Nevada,2021-02-14,229,16319,119,9072,110,7247,0,0,201,10112,28,3098,201,13210,California
Nevada,2021-02-15,709,17028,438,9510,271,7518,0,0,535,10473,174,3272,535,13745,California
Nevada,2021-02-16,624,17652,199,9709,425,7943,0,0,454,10758,169,3441,454,14199,California
Nevada,2021-02-17,1188,18840,766,10475,422,8365,0,0,858,11286,330,3771,858,15057,California
Nevada,2021-02-18,1008,19848,549,11024,459,8824,0,0,601,11482,405,4176,601,15658,California
Nevada,2021-02-19,1015,20863,630,11654,385,9209,0,0,653,11775,361,4537,654,16312,California
Nevada,2021-02-20,298,21161,106,11760,192,9401,0,0,173,11824,124,4661,173,16485,California
Nevada,2021-02-21,91,21252,86,11846,5,9406,0,0,8,11750,82,4743,8,16493,California
Nevada,2021-02-22,496,21748,329,12175,167,9573,0,0,348,11951,147,4890,348,16841,California
Nevada,2021-02-23,484,22232,235,12410,249,9822,0,0,221,11912,260,5150,221,17062,California
Nevada,2021-02-24,480,22712,242,12652,238,10060,0,0,255,11944,225,5375,257,17319,California
Nevada,2021-02-25,861,23573,467,13119,394,10454,0,0,432,11949,427,5802,432,17751,California
Nevada,2021-02-26,1237,24810,881,14000,356,10810,0,0,408,11531,826,6628,408,18159,California
Nevada,2021-02-27,354,25164,110,14110,244,11054,0,0,184,11545,170,6798,184,18343,California
Nevada,2021-02-28,265,25429,152,14262,113,11167,0,0,123,11527,141,6939,123,18466,California
Nevada,2021-03-01,825,26254,428,14690,397,11564,0,0,359,11422,464,7403,359,18825,California
Nevada,2021-03-02,709,26963,263,14953,446,12010,0,0,481,11679,224,7627,481,19306,California
Nevada,2021-03-03,965,27928,491,15444,473,12483,1,1,494,11704,470,8097,495,19801,California
Nevada,2021-03-04,1103,29031,616,16060,487,12970,0,1,465,11534,635,8732,465,20266,California
Nevada,2021-03-05,821,29852,460,16520,351,13321,10,11,363,11451,456,9188,373,20639,California
Nevada,2021-03-06,360,30212,122,16642,211,13532,27,38,145,11408,215,9403,172,20811,California
Nevada,2021-03-07,211,30423,109,16751,83,13615,19,57,70,11356,141,9544,89,20900,California
Nevada,2021-03-08,807,31230,538,17289,224,13839,45,102,360,11316,446,9990,406,21306,California
Nevada,2021-03-09,672,31902,321,17610,301,14140,50,152,369,11433,301,10291,418,21724,California
Nevada,2021-03-10,961,32863,606,18216,299,14439,56,208,321,11174,636,10927,377,22101,California
Nevada,2021-03-11,1105,33968,725,18941,355,14794,25,233,550,11202,547,11474,575,22676,California
Nevada,2021-03-12,1193,35161,723,19664,440,15234,30,263,507,11054,684,12158,536,23212,California
Nevada,2021-03-13,272,35433,53,19717,214,15448,5,268,101,10989,170,12328,105,23317,California
Nevada,2021-03-14,155,35588,21,19738,128,15576,6,274,33,10906,122,12450,39,23356,California
Nevada,2021-03-15,842,36430,456,20194,374,15950,12,286,357,10793,482,12932,369,23725,California
Nevada,2021-03-16,994,37424,466,20660,467,16417,61,347,636,11134,356,13288,697,24422,California
Nevada,2021-03-17,1017,38441,451,21111,556,16973,10,357,580,11290,434,13722,590,25012,California
Nevada,2021-03-18,974,39415,529,21640,422,17395,23,380,476,11295,494,14216,499,25511,California
Nevada,2021-03-19,758,40173,438,22078,283,17678,37,417,352,11282,402,14618,389,25900,California
Nevada,2021-03-20,820,40993,92,22170,304,17982,424,841,233,11354,581,15199,653,26553,California
Nevada,2021-03-21,58,41051,32,22202,25,18007,1,842,40,11378,17,15216,41,26594,California
Nevada,2021-03-22,797,41848,516,22718,276,18283,5,847,536,11660,259,15475,541,27135,California
Nevada,2021-03-23,851,42699,382,23100,443,18726,26,873,639,12116,209,15684,665,27800,California
Nevada,2021-03-24,1021,43720,542,23642,472,19198,7,880,649,12405,366,16050,655,28455,California
Nevada,2021-03-25,901,44621,453,24095,423,19621,25,905,494,12517,406,16456,518,28973,California
Nevada,2021-03-26,1138,45759,433,24528,667,20288,38,943,827,13073,308,16764,864,29837,California
Nevada,2021-03-27,568,46327,71,24599,481,20769,16,959,386,13293,182,16946,402,30239,California
Nevada,2021-03-28,175,46502,50,24649,112,20881,13,972,38,13210,134,17080,51,30290,California
Nevada,2021-03-29,821,47323,501,25150,298,21179,22,994,392,13197,426,17506,413,30703,California
Nevada,2021-03-30,1042,48365,475,25625,533,21712,34,1028,537,13271,497,18003,571,31274,California
Nevada,2021-03-31,1175,49540,659,26284,499,22211,17,1045,693,13508,473,18476,710,31984,California
Nevada,2021-04-01,1235,50775,720,27004,462,22673,53,1098,547,13428,680,19156,600,32584,California
Nevada,2021-04-02,1284,52059,657,27661,591,23264,36,1134,761,13706,519,19675,797,33381,California
Nevada,2021-04-03,288,52347,89,27750,161,23425,38,1172,83,13623,204,19879,121,33502,California
Nevada,2021-04-04,128,52475,42,27792,79,23504,7,1179,77,13656,51,19930,84,33586,California
Nevada,2021-04-05,929,53404,611,28403,299,23803,19,1198,618,13985,308,20238,637,34223,California
Nevada,2021-04-06,1072,54476,663,29066,265,24068,144,1342,472,14007,593,20831,615,34838,California
Nevada,2021-04-07,1145,55621,817,29883,246,24314,82,1424,607,14164,531,21362,688,35526,California
Nevada,2021-04-08,1278,56899,889,30772,306,24620,83,1507,704,14380,571,21933,787,36313,California
Nevada,2021-04-09,1243,58142,847,31619,327,24947,69,1576,843,14893,399,22332,912,37225,California
Nevada,2021-04-10,262,58404,76,31695,110,25057,76,1652,107,14922,154,22486,183,37408,California
Nevada,2021-04-11,100,58504,31,31726,65,25122,4,1656,39,14904,61,22547,43,37451,California
Nevada,2021-04-12,741,59245,539,32265,185,25307,17,1673,314,14812,423,22970,331,37782,California
Nevada,2021-04-13,882,60127,350,32615,532,25839,0,1673,474,14880,406,23376,474,38256,California
Nevada,2021-04-14,1048,61175,566,33181,482,26321,0,1673,537,14914,503,23879,537,38793,California
Nevada,2021-04-15,1072,62247,706,33887,366,26687,0,1673,622,15096,440,24319,622,39415,California
Nevada,2021-04-16,893,63140,691,34578,202,26889,0,1673,522,15248,370,24689,522,39937,California
Nevada,2021-04-17,196,63336,50,34628,146,27035,0,1673,85,15223,110,24799,85,40022,California
Nevada,2021-04-18,184,63520,21,34649,163,27198,0,1673,102,15243,82,24881,102,40124,California
Nevada,2021-04-19,747,64267,480,35129,267,27465,0,1673,303,15110,436,25317,303,40427,California
Nevada,2021-04-20,796,65063,308,35437,488,27953,0,1673,298,14915,493,25810,298,40725,California
Nevada,2021-04-21,900,65963,493,35930,407,28360,0,1673,268,14560,623,26433,268,40993,California
Nevada,2021-04-22,994,66957,621,36551,373,28733,0,1673,339,14256,643,27076,339,41332,California
Nevada,2021-04-23,1217,68174,539,37090,678,29411,0,1673,394,13838,812,27888,394,41726,California
Nevada,2021-04-24,521,68695,73,37163,448,29859,0,1673,170,13659,349,28237,170,41896,California
Nevada,2021-04-25,116,68811,61,37224,50,29909,5,1678,51,13651,64,28301,56,41952,California
Nevada,2021-04-26,704,69515,527,37751,169,30078,8,1686,198,13360,497,28798,206,42158,California
Nevada,2021-04-27,774,70289,348,38099,421,30499,5,1691,403,13405,363,29161,408,42566,California
Nevada,2021-04-28,983,71272,580,38679,398,30897,5,1696,387,13206,591,29752,392,42958,California
Nevada,2021-04-29,1012,72284,709,39388,299,31196,4,1700,277,12754,733,30485,281,43239,California
Nevada,2021-04-30,1221,73505,723,40111,489,31685,9,1709,199,11942,1020,31505,208,43447,California
Nevada,2021-05-01,142,73647,64,40175,74,31759,4,1713,63,11932,77,31582,67,43514,California
Nevada,2021-05-02,53,73700,29,40204,20,31779,4,1717,19,11921,34,31616,23,43537,California
Nevada,2021-05-03,606,74306,404,40608,182,31961,20,1737,178,11693,425,32041,197,43734,California
Nevada,2021-05-04,584,74890,169,40777,397,32358,18,1755,331,11793,249,32290,349,44083,California
Nevada,2021-05-05,732,75622,381,41158,337,32695,14,1769,321,11725,403,32693,335,44418,California
Nevada,2021-05-06,799,76421,561,41719,227,32922,11,1780,196,11337,595,33288,207,44625,California
Nevada,2021-05-07,879,77300,487,42206,357,33279,35,1815,193,10882,683,33971,228,44853,California
Nevada,2021-05-08,172,77472,20,42226,132,33411,20,1835,82,10894,90,34061,102,44955,California
Nevada,2021-05-09,42,77514,8,42234,32,33443,2,1837,19,10892,23,34084,21,44976,California
Nevada,2021-05-10,386,77900,245,42479,117,33560,24,1861,74,10678,312,34396,98,45074,California
Nevada,2021-05-11,510,78410,150,42629,347,33907,13,1874,127,10443,375,34771,140,45214,California
Nevada,2021-05-12,538,78948,227,42856,299,34206,12,1886,151,10228,378,35149,163,45377,California
Nevada,2021-05-13,787,79735,529,43385,252,34458,6,1892,405,10266,373,35522,411,45788,California
Nevada,2021-05-14,744,80479,562,43947,167,34625,15,1907,414,10368,327,35849,429,46217,California
Nevada,2021-05-15,112,80591,32,43979,75,34700,5,1912,45,10351,67,35916,50,46267,California
Nevada,2021-05-16,90,80681,8,43987,82,34782,0,1912,14,10289,76,35992,14,46281,California
Orange,2020-12-15,16,16,16,16,0,0,0,0,16,16,0,0,16,16,California
Orange,2020-12-16,366,382,366,382,0,0,0,0,366,382,0,0,366,382,California
Orange,2020-12-17,3727,4109,3727,4109,0,0,0,0,3726,4108,0,0,3726,4108,California
Orange,2020-12-18,5060,9169,5052,9161,8,8,0,0,5059,9167,0,0,5059,9167,California
Orange,2020-12-19,2234,11403,2227,11388,7,15,0,0,2233,11400,0,0,2233,11400,California
Orange,2020-12-20,1988,13391,1985,13373,3,18,0,0,1989,13389,0,0,1989,13389,California
Orange,2020-12-21,4254,17645,4248,17621,6,24,0,0,4254,17643,0,0,4254,17643,California
Orange,2020-12-22,3984,21629,3949,21570,35,59,0,0,3984,21627,0,0,3984,21627,California
Orange,2020-12-23,3565,25194,3202,24772,363,422,0,0,3567,25194,0,0,3567,25194,California
Orange,2020-12-24,1381,26575,1079,25851,302,724,0,0,1381,26575,0,0,1381,26575,California
Orange,2020-12-25,17,26592,12,25863,5,729,0,0,17,26592,0,0,17,26592,California
Orange,2020-12-26,1024,27616,423,26286,601,1330,0,0,1024,27616,0,0,1024,27616,California
Orange,2020-12-27,582,28198,275,26561,307,1637,0,0,582,28198,0,0,582,28198,California
Orange,2020-12-28,3543,31741,2568,29129,975,2612,0,0,3543,31741,0,0,3543,31741,California
Orange,2020-12-29,3575,35316,2563,31692,1012,3624,0,0,3574,35314,1,1,3574,35315,California
Orange,2020-12-30,5130,40446,3555,35247,1575,5199,0,0,5130,40444,0,1,5130,40445,California
Orange,2020-12-31,1500,41946,802,36049,698,5897,0,0,1500,41944,0,1,1500,41945,California
Orange,2021-01-01,547,42493,299,36348,248,6145,0,0,546,42489,1,2,546,42491,California
Orange,2021-01-02,1416,43909,904,37252,512,6657,0,0,1416,43905,0,2,1416,43907,California
Orange,2021-01-03,584,44493,324,37576,260,6917,0,0,584,44489,0,2,584,44491,California
Orange,2021-01-04,2746,47239,1561,39137,1185,8102,0,0,2747,47235,1,3,2747,47238,California
Orange,2021-01-05,3526,50765,2297,41434,1229,9331,0,0,3118,49952,404,407,3121,50359,California
Orange,2021-01-06,5015,55780,3468,44902,1547,10878,0,0,3647,52243,1356,1763,3647,54006,California
Orange,2021-01-07,9278,65058,5173,50075,4105,14983,0,0,5705,54392,3560,5323,5709,59715,California
Orange,2021-01-08,9427,74485,5271,55346,4156,19139,0,0,5661,56300,3756,9079,5664,65379,California
Orange,2021-01-09,5012,79497,1743,57089,3269,22408,0,0,3731,58750,1281,10360,3731,69110,California
Orange,2021-01-10,4239,83736,1043,58132,3196,25604,0,0,3359,61234,879,11239,3363,72473,California
Orange,2021-01-11,9449,93185,4909,63041,4540,30144,0,0,5824,63431,3628,14867,5825,78298,California
Orange,2021-01-12,8828,102013,4731,67772,4097,34241,0,0,5362,65330,3464,18331,5363,83661,California
Orange,2021-01-13,10271,112284,4929,72701,5342,39583,0,0,7064,69198,3203,21534,7071,90732,California
Orange,2021-01-14,9976,122260,3781,76482,6195,45778,0,0,8385,76000,1589,23123,8391,99123,California
Orange,2021-01-15,10183,132443,2632,79114,7551,53329,0,0,9304,84423,887,24010,9310,108433,California
Orange,2021-01-16,8709,141152,2094,81208,6615,59944,0,0,8313,92346,395,24405,8318,116751,California
Orange,2021-01-17,8162,149314,1485,82693,6677,66621,0,0,8015,100224,147,24552,8025,124776,California
Orange,2021-01-18,9769,159083,4471,87164,5298,71919,0,0,7517,105489,2255,26807,7520,132296,California
Orange,2021-01-19,7499,166582,5417,92581,2082,74001,0,0,4867,107725,2632,29439,4868,137164,California
Orange,2021-01-20,8406,174988,5942,98523,2464,76465,0,0,5338,110001,3069,32508,5345,142509,California
Orange,2021-01-21,11019,186007,4908,103431,6111,82576,0,0,10207,119408,811,33319,10218,152727,California
Orange,2021-01-22,13675,199682,5151,108582,8524,91100,0,0,12819,131386,849,34168,12827,165554,California
Orange,2021-01-23,13147,212829,6191,114773,6956,98056,0,0,12161,142572,984,35152,12170,177724,California
Orange,2021-01-24,9822,222651,4294,119067,5528,103584,0,0,9491,151738,328,35480,9494,187218,California
Orange,2021-01-25,10466,233117,5878,124945,4588,108172,0,0,7730,156743,2730,38210,7735,194953,California
Orange,2021-01-26,11909,245026,7723,132668,4186,112358,0,0,9738,164317,2167,40377,9741,204694,California
Orange,2021-01-27,13444,258470,8012,140680,5432,117790,0,0,10736,172361,2697,43074,10741,215435,California
Orange,2021-01-28,13063,271533,7229,147909,5834,123624,0,0,11179,181679,1869,44943,11187,226622,California
Orange,2021-01-29,13655,285188,8461,156370,5194,128818,0,0,10755,189553,2885,47828,10759,237381,California
Orange,2021-01-30,12940,298128,4448,160818,8492,137310,0,0,12192,201015,733,48561,12195,249576,California
Orange,2021-01-31,13722,311850,4946,165764,8776,146086,0,0,13259,213824,457,49018,13266,262842,California
Orange,2021-02-01,14183,326033,5893,171657,8290,154376,0,0,12086,223840,2076,51094,12092,274934,California
Orange,2021-02-02,15448,341481,8385,180042,7063,161439,0,0,12685,233873,2655,53749,12688,287622,California
Orange,2021-02-03,16779,358260,12594,192636,4185,165624,0,0,13741,244660,2960,56709,13747,301369,California
Orange,2021-02-04,19888,378148,13003,205639,6885,172509,0,0,14791,254393,5066,61775,14799,316168,California
Orange,2021-02-05,20781,398929,12032,217671,8749,181258,0,0,14476,262611,6263,68038,14481,330649,California
Orange,2021-02-06,16348,415277,10803,228474,5545,186803,0,0,11085,268666,5248,73286,11303,341952,California
Orange,2021-02-07,11534,426811,8110,236584,3424,190227,0,0,7555,272427,3963,77249,7724,349676,California
Orange,2021-02-08,14986,441797,8617,245201,6369,196596,0,0,8959,275390,5997,83246,8960,358636,California
Orange,2021-02-09,17688,459485,12043,257244,5645,202241,0,0,10710,279202,6903,90149,10715,369351,California
Orange,2021-02-10,20944,480429,11212,268456,9732,211973,0,0,12686,283736,8161,98310,12695,382046,California
Orange,2021-02-11,22156,502585,11537,279993,10619,222592,0,0,12413,286556,9611,107921,12431,394477,California
Orange,2021-02-12,24813,527398,11925,291918,12888,235480,0,0,14635,291080,10117,118038,14641,409118,California
Orange,2021-02-13,22032,549430,11929,303847,10103,245583,0,0,11155,292203,10674,128712,11797,420915,California
Orange,2021-02-14,16204,565634,6578,310425,9626,255209,0,0,9554,295134,6624,135336,9555,430470,California
Orange,2021-02-15,17255,582889,7400,317825,9855,265064,0,0,8892,295715,8320,143656,8901,439371,California
Orange,2021-02-16,19967,602856,8999,326824,10968,276032,0,0,10740,297301,9178,152834,10764,450135,California
Orange,2021-02-17,17933,620789,9352,336176,8581,284613,0,0,9212,297873,8672,161506,9244,459379,California
Orange,2021-02-18,15056,635845,9888,346064,5168,289781,0,0,6789,296459,8212,169718,6798,466177,California
Orange,2021-02-19,18210,654055,10901,356965,7309,297090,0,0,6942,292196,11217,180935,6954,473131,California
Orange,2021-02-20,7532,661587,5622,362587,1910,299000,0,0,3783,292262,3727,184662,3793,476924,California
Orange,2021-02-21,4572,666159,3885,366472,687,299687,0,0,938,289605,3595,188257,938,477862,California
Orange,2021-02-22,9678,675837,7897,374369,1781,301468,0,0,3908,287790,5738,193995,3923,481785,California
Orange,2021-02-23,13324,689161,7300,381669,6024,307492,0,0,3518,281574,9745,203740,3529,485314,California
Orange,2021-02-24,21206,710367,12871,394540,8335,315827,0,0,5402,271268,15726,219466,5420,490734,California
Orange,2021-02-25,22713,733080,12320,406860,10393,326220,0,0,8007,264662,14629,234095,8023,498757,California
Orange,2021-02-26,27850,760930,14102,420962,13748,339968,0,0,11249,259471,16465,250560,11274,510031,California
Orange,2021-02-27,25027,785957,10114,431076,14911,354879,2,2,7265,249098,17655,268215,7282,517313,California
Orange,2021-02-28,19104,805061,7419,438495,11685,366564,0,2,4827,239786,14156,282371,4844,522157,California
Orange,2021-03-01,18475,823536,8422,446917,10046,376610,7,9,7149,235714,11241,293612,7169,529326,California
Orange,2021-03-02,18889,842425,8928,455845,9958,386568,3,12,9199,235305,9639,303251,9230,538556,California
Orange,2021-03-03,20557,862982,9672,465517,10882,397450,3,15,11024,236902,9453,312704,11050,549606,California
Orange,2021-03-04,22378,885360,12883,478400,9481,406931,14,29,11559,237721,10780,323484,11599,561205,California
Orange,2021-03-05,20844,906204,10785,489185,10013,416944,46,75,12773,242573,8027,331511,12879,574084,California
Orange,2021-03-06,23993,930197,13157,502342,9972,426916,864,939,12682,244871,11271,342782,13569,587653,California
Orange,2021-03-07,14885,945082,8327,510669,6155,433071,403,1342,8687,247821,6160,348942,9110,596763,California
Orange,2021-03-08,16270,961352,7447,518116,7558,440629,1265,2607,10446,253782,5775,354717,11736,608499,California
Orange,2021-03-09,19768,981120,8598,526714,8733,449362,2437,5044,11348,259190,8376,363093,13784,622283,California
Orange,2021-03-10,24358,1005478,11788,538502,9118,458480,3452,8496,12167,262675,12128,375221,15613,637896,California
Orange,2021-03-11,28991,1034469,15695,554197,9080,467560,4216,12712,13435,264866,15457,390678,17648,655544,California
Orange,2021-03-12,29272,1063741,14239,568436,11176,478736,3857,16569,14692,268936,14500,405178,18570,674114,California
Orange,2021-03-13,27733,1091474,10170,578606,13631,492367,3932,20501,14028,273251,13643,418821,17958,692072,California
Orange,2021-03-14,18807,1110281,8152,586758,8130,500497,2525,23026,11733,280455,7044,425865,14248,706320,California
Orange,2021-03-15,23005,1133286,10126,596884,12120,512617,759,23785,14346,286975,8580,434445,15100,721420,California
Orange,2021-03-16,26367,1159653,11147,608031,14992,527609,228,24013,17123,295171,9161,443606,17357,738777,California
Orange,2021-03-17,27333,1186986,13556,621587,13184,540793,593,24606,19442,307382,7821,451427,20032,758809,California
Orange,2021-03-18,27735,1214721,13935,635522,13522,554315,278,24884,21590,323179,6075,457502,21872,780681,California
Orange,2021-03-19,33478,1248199,18381,653903,14656,568971,441,25325,24918,340099,8449,465951,25369,806050,California
Orange,2021-03-20,25756,1273955,13553,667456,11997,580968,206,25531,22033,358680,3661,469612,22242,828292,California
Orange,2021-03-21,18479,1292434,10672,678128,7080,588048,727,26258,15716,372389,2734,472346,16443,844735,California
Orange,2021-03-22,22713,1315147,11740,689868,10651,598699,322,26580,19192,388476,3436,475782,19523,864258,California
Orange,2021-03-23,25974,1341121,13480,703348,11860,610559,634,27214,20865,404951,5028,480810,21503,885761,California
Orange,2021-03-24,29063,1370184,16202,719550,11949,622508,912,28126,21997,420882,6980,487790,22911,908672,California
Orange,2021-03-25,32281,1402465,17188,736738,14389,636897,704,28830,24210,437815,7981,495771,24914,933586,California
Orange,2021-03-26,34781,1437246,18004,754742,15914,652811,863,29693,24980,453967,9693,505464,25845,959431,California
Orange,2021-03-27,28367,1465613,13570,768312,14483,667294,314,30007,19787,465586,8486,513950,20105,979536,California
Orange,2021-03-28,24717,1490330,12786,781098,11863,679157,68,30075,18623,478259,6021,519971,18694,998230,California
Orange,2021-03-29,26470,1516800,12070,793168,13834,692991,566,30641,17960,488359,8429,528400,18529,1016759,California
Orange,2021-03-30,30793,1547593,13867,807035,16293,709284,633,31274,21315,500904,9403,537803,21948,1038707,California
Orange,2021-03-31,37041,1584634,19409,826444,16922,726206,710,31984,24096,512868,12846,550649,24810,1063517,California
Orange,2021-04-01,40267,1624901,21115,847559,17303,743509,1849,33833,26113,526786,14037,564686,27955,1091472,California
Orange,2021-04-02,39939,1664840,20120,867679,18037,761546,1782,35615,22639,534023,17200,581886,24437,1115909,California
Orange,2021-04-03,30050,1694890,15651,883330,12700,774246,1699,37314,14246,534233,15731,597617,15941,1131850,California
Orange,2021-04-04,18403,1713293,10686,894016,6957,781203,760,38074,8220,533098,10129,607746,8994,1140844,California
Orange,2021-04-05,29867,1743160,13941,907957,12543,793746,3383,41457,13869,534407,15928,623674,17237,1158081,California
Orange,2021-04-06,33256,1776416,15564,923521,14273,808019,3419,44876,14372,533386,18793,642467,17772,1175853,California
Orange,2021-04-07,35873,1812289,20005,943526,11296,819315,4572,49448,15793,533720,20002,662469,20336,1196189,California
Orange,2021-04-08,38527,1850816,21438,964964,11656,830971,5433,54881,18767,538226,19662,682131,24168,1220357,California
Orange,2021-04-09,40548,1891364,23602,988566,11797,842768,5149,60030,17970,538826,22490,704621,23090,1243447,California
Orange,2021-04-10,34087,1925451,18083,1006649,11802,854570,4202,64232,14147,537293,19856,724477,18323,1261770,California
Orange,2021-04-11,25455,1950906,14383,1021032,7814,862384,3258,67490,9788,534706,15619,740096,13032,1274802,California
Orange,2021-04-12,30342,1981248,15355,1036387,11450,873834,3537,71027,11953,531837,18333,758429,15464,1290266,California
Orange,2021-04-13,32272,2013520,18148,1054535,14057,887891,67,71094,15060,529816,17146,775575,15125,1305391,California
Orange,2021-04-14,34330,2047850,20091,1074626,14208,902099,31,71125,15074,525757,19167,794742,15108,1320499,California
Orange,2021-04-15,39878,2087728,24330,1098956,15532,917631,16,71141,18542,523075,21236,815978,18554,1339053,California
Orange,2021-04-16,41173,2128901,24197,1123153,16947,934578,29,71170,18609,519250,22467,838445,18642,1357695,California
Orange,2021-04-17,30127,2159028,17258,1140411,12866,947444,3,71173,13224,515653,16829,855274,13232,1370927,California
Orange,2021-04-18,21384,2180412,12934,1153345,8450,955894,0,71173,8486,511291,12851,868125,8489,1379416,California
Orange,2021-04-19,32413,2212825,17889,1171234,14522,970416,2,71175,14902,508776,17423,885548,14908,1394324,California
Orange,2021-04-20,35124,2247949,18248,1189482,16872,987288,4,71179,17567,508866,17481,903029,17571,1411895,California
Orange,2021-04-21,40566,2288515,23376,1212858,17180,1004468,10,71189,19229,506865,21241,924270,19240,1431135,California
Orange,2021-04-22,39180,2327695,20713,1233571,18458,1022926,9,71198,16294,500409,22765,947035,16309,1447444,California
Orange,2021-04-23,39942,2367637,20577,1254148,19359,1042285,6,71204,17762,496105,22075,969110,17771,1465215,California
Orange,2021-04-24,31800,2399437,16657,1270805,15108,1057393,35,71239,13367,491153,18357,987467,13405,1478620,California
Orange,2021-04-25,22983,2422420,12986,1283791,9984,1067377,13,71252,9873,487989,13055,1000522,9891,1488511,California
Orange,2021-04-26,26006,2448426,12690,1296481,13126,1080503,190,71442,11435,485127,14487,1015009,11625,1500136,California
Orange,2021-04-27,28468,2476894,13314,1309795,14657,1095160,497,71939,10932,479172,17389,1032398,11434,1511570,California
Orange,2021-04-28,30516,2507410,15167,1324962,14477,1109637,872,72811,12086,473799,18327,1050725,12954,1524524,California
Orange,2021-04-29,31414,2538824,17172,1342134,13284,1122921,958,73769,11224,465871,20104,1070829,12176,1536700,California
Orange,2021-04-30,29381,2568205,16702,1358836,11742,1134663,937,74706,12382,462269,16915,1087744,13313,1550013,California
Orange,2021-05-01,21738,2589943,14637,1373473,6113,1140776,988,75694,8653,458889,13015,1100759,9635,1559648,California
Orange,2021-05-02,15374,2605317,10221,1383694,4509,1145285,644,76338,5368,454956,9943,1110702,6010,1565658,California
Orange,2021-05-03,20475,2625792,12488,1396182,7230,1152515,757,77095,6416,448133,13993,1124695,7170,1572828,California
Orange,2021-05-04,23465,2649257,13383,1409565,9177,1161692,905,78000,8113,441885,15254,1139949,9006,1581834,California
Orange,2021-05-05,24673,2673930,13765,1423330,10014,1171706,894,78894,8061,434347,16491,1156440,8953,1590787,California
Orange,2021-05-06,26235,2700165,15898,1439228,9340,1181046,997,79891,7250,423725,18861,1175301,8239,1599026,California
Orange,2021-05-07,27991,2728156,16593,1455821,10352,1191398,1046,80937,7940,412853,19854,1195155,8982,1608008,California
Orange,2021-05-08,18331,2746487,12104,1467925,5456,1196854,771,81708,5394,406147,12867,1208022,6161,1614169,California
Orange,2021-05-09,10972,2757459,8331,1476256,2265,1199119,376,82084,2902,401404,8020,1216042,3277,1617446,California
Orange,2021-05-10,18922,2776381,11519,1487775,6628,1205747,775,82859,4269,391883,14566,1230608,5045,1622491,California
Orange,2021-05-11,21100,2797481,11656,1499431,8806,1214553,638,83497,5013,381539,15993,1246601,5649,1628140,California
Orange,2021-05-12,22407,2819888,13802,1513233,7863,1222416,742,84239,6251,372484,16047,1262648,6992,1635132,California
Orange,2021-05-13,19487,2839375,11906,1525139,7065,1229481,516,84755,7054,367698,12358,1275006,7572,1642704,California
Orange,2021-05-14,23689,2863064,15092,1540231,7803,1237284,794,85549,9477,363841,14123,1289129,10266,1652970,California
Orange,2021-05-15,13933,2876997,10476,1550707,3037,1240321,420,85969,5152,360681,8735,1297864,5575,1658545,California
Orange,2021-05-16,9924,2886921,8504,1559211,1203,1241524,217,86186,4288,359579,5612,1303476,4510,1663055,California
Placer,2020-12-15,29,29,29,29,0,0,0,0,29,29,0,0,29,29,California
Placer,2020-12-16,55,84,55,84,0,0,0,0,55,84,0,0,55,84,California
Placer,2020-12-17,140,224,140,224,0,0,0,0,140,224,0,0,140,224,California
Placer,2020-12-18,332,556,332,556,0,0,0,0,332,556,0,0,332,556,California
Placer,2020-12-19,252,808,252,808,0,0,0,0,252,808,0,0,252,808,California
Placer,2020-12-20,234,1042,234,1042,0,0,0,0,234,1042,0,0,234,1042,California
Placer,2020-12-21,493,1535,492,1534,1,1,0,0,493,1535,0,0,493,1535,California
Placer,2020-12-22,674,2209,667,2201,7,8,0,0,674,2209,0,0,674,2209,California
Placer,2020-12-23,749,2958,662,2863,87,95,0,0,749,2958,0,0,749,2958,California
Placer,2020-12-24,398,3356,346,3209,52,147,0,0,398,3356,0,0,398,3356,California
Placer,2020-12-26,156,3512,111,3320,45,192,0,0,156,3512,0,0,156,3512,California
Placer,2020-12-27,186,3698,163,3483,23,215,0,0,186,3698,0,0,186,3698,California
Placer,2020-12-28,664,4362,537,4020,127,342,0,0,664,4362,0,0,664,4362,California
Placer,2020-12-29,764,5126,515,4535,249,591,0,0,764,5126,0,0,764,5126,California
Placer,2020-12-30,728,5854,454,4989,274,865,0,0,726,5852,0,0,726,5852,California
Placer,2020-12-31,529,6383,343,5332,186,1051,0,0,529,6381,0,0,529,6381,California
Placer,2021-01-01,15,6398,11,5343,4,1055,0,0,15,6396,0,0,15,6396,California
Placer,2021-01-02,185,6583,153,5496,32,1087,0,0,185,6581,0,0,185,6581,California
Placer,2021-01-03,154,6737,79,5575,75,1162,0,0,154,6735,0,0,154,6735,California
Placer,2021-01-04,619,7356,180,5755,439,1601,0,0,619,7354,0,0,619,7354,California
Placer,2021-01-05,726,8082,159,5914,567,2168,0,0,643,7916,82,82,644,7998,California
Placer,2021-01-06,763,8845,246,6160,517,2685,0,0,620,8393,143,225,620,8618,California
Placer,2021-01-07,986,9831,368,6528,618,3303,0,0,781,8969,205,430,781,9399,California
Placer,2021-01-08,1184,11015,528,7056,656,3959,0,0,855,9498,326,756,855,10254,California
Placer,2021-01-09,450,11465,321,7377,129,4088,0,0,234,9517,215,971,234,10488,California
Placer,2021-01-10,329,11794,186,7563,143,4231,0,0,164,9516,165,1136,164,10652,California
Placer,2021-01-11,1424,13218,806,8369,618,4849,0,0,835,9763,589,1725,836,11488,California
Placer,2021-01-12,1649,14867,877,9246,772,5621,0,0,1048,10210,601,2326,1048,12536,California
Placer,2021-01-13,1634,16501,821,10067,813,6434,0,0,1210,11001,422,2748,1213,13749,California
Placer,2021-01-14,1775,18276,652,10719,1123,7557,0,0,1419,12068,353,3101,1420,15169,California
Placer,2021-01-15,1936,20212,721,11440,1215,8772,0,0,1586,13306,349,3450,1587,16756,California
Placer,2021-01-16,1471,21683,720,12160,751,9523,0,0,1350,14536,121,3571,1351,18107,California
Placer,2021-01-17,563,22246,397,12557,166,9689,0,0,430,14833,133,3704,430,18537,California
Placer,2021-01-18,989,23235,552,13109,437,10126,0,0,752,15349,237,3941,753,19290,California
Placer,2021-01-19,2618,25853,1954,15063,664,10790,0,0,2163,17057,455,4396,2163,21453,California
Placer,2021-01-20,2274,28127,1704,16767,570,11360,0,0,1944,18672,330,4726,1945,23398,California
Placer,2021-01-21,2555,30682,1113,17880,1442,12802,0,0,2162,20443,392,5118,2163,25561,California
Placer,2021-01-22,2342,33024,636,18516,1706,14508,0,0,2167,22438,173,5291,2168,27729,California
Placer,2021-01-23,1188,34212,380,18896,808,15316,0,0,1033,23316,155,5446,1033,28762,California
Placer,2021-01-24,507,34719,265,19161,242,15558,0,0,431,23672,76,5522,432,29194,California
Placer,2021-01-25,1676,36395,807,19968,869,16427,0,0,1383,24763,293,5815,1384,30578,California
Placer,2021-01-26,1857,38252,1033,21001,824,17251,0,0,1593,26092,264,6079,1593,32171,California
Placer,2021-01-27,1841,40093,1153,22154,688,17939,0,0,1597,27448,242,6321,1598,33769,California
Placer,2021-01-28,1808,41901,1118,23272,690,18629,0,0,1560,28762,246,6567,1560,35329,California
Placer,2021-01-29,1894,43795,1171,24443,723,19352,0,0,1702,30275,191,6758,1704,37033,California
Placer,2021-01-30,1726,45521,972,25415,754,20106,0,0,1605,31760,120,6878,1605,38638,California
Placer,2021-01-31,781,46302,624,26039,157,20263,0,0,713,32406,68,6946,714,39352,California
Placer,2021-02-01,2070,48372,1090,27129,980,21243,0,0,1756,33848,314,7260,1756,41108,California
Placer,2021-02-02,2380,50752,1541,28670,839,22082,0,0,1888,35247,489,7749,1888,42996,California
Placer,2021-02-03,2920,53672,1877,30547,1043,23125,0,0,2295,36921,621,8370,2295,45291,California
Placer,2021-02-04,2763,56435,1191,31738,1572,24697,0,0,1937,38037,822,9192,1938,47229,California
Placer,2021-02-05,2733,59168,1208,32946,1525,26222,0,0,1405,38119,1323,10515,1405,48634,California
Placer,2021-02-06,1953,61121,1312,34258,641,26863,0,0,1402,38970,551,11066,1402,50036,California
Placer,2021-02-07,1227,62348,917,35175,310,27173,0,0,940,39624,286,11352,940,50976,California
Placer,2021-02-08,3302,65650,1767,36942,1535,28708,0,0,1945,40221,1349,12701,1946,52922,California
Placer,2021-02-09,3550,69200,2179,39121,1371,30079,0,0,1645,39963,1903,14604,1645,54567,California
Placer,2021-02-10,3751,72951,2191,41312,1560,31639,0,0,1745,39707,2003,16607,1747,56314,California
Placer,2021-02-11,3693,76644,1905,43217,1788,33427,0,0,1588,39204,2092,18699,1589,57903,California
Placer,2021-02-12,2851,79495,1325,44542,1526,34953,0,0,1669,39729,1145,19844,1670,59573,California
Placer,2021-02-13,2544,82039,1487,46029,1057,36010,0,0,1892,40969,652,20496,1892,61465,California
Placer,2021-02-14,1081,83120,677,46706,404,36414,0,0,736,41363,342,20838,736,62201,California
Placer,2021-02-15,2247,85367,1047,47753,1200,37614,0,0,1531,42179,716,21554,1532,63733,California
Placer,2021-02-16,3577,88944,1782,49535,1795,39409,0,0,1590,41792,1978,23532,1591,65324,California
Placer,2021-02-17,3544,92488,1964,51499,1580,40989,0,0,1511,41274,2029,25561,1511,66835,California
Placer,2021-02-18,3797,96285,2047,53546,1750,42739,0,0,1625,40737,2163,27724,1626,68461,California
Placer,2021-02-19,3585,99870,1912,55458,1673,44412,0,0,1328,39814,2252,29976,1329,69790,California
Placer,2021-02-20,2003,101873,1259,56717,744,45156,0,0,913,39646,1084,31060,916,70706,California
Placer,2021-02-21,973,102846,730,57447,243,45399,0,0,280,39237,690,31750,281,70987,California
Placer,2021-02-22,2523,105369,1775,59222,748,46147,0,0,604,37923,1918,33668,604,71591,California
Placer,2021-02-23,2558,107927,1584,60806,974,47121,0,0,885,37136,1672,35340,885,72476,California
Placer,2021-02-24,3296,111223,1183,61989,2113,49234,0,0,1798,37448,1488,36828,1800,74276,California
Placer,2021-02-25,3633,114856,1521,63510,2112,51346,0,0,1969,37763,1656,38484,1971,76247,California
Placer,2021-02-26,4098,118954,2374,65884,1724,53070,0,0,2353,38376,1740,40224,2353,78600,California
Placer,2021-02-27,2824,121778,1495,67379,1329,54399,0,0,1454,38469,1364,41588,1457,80057,California
Placer,2021-02-28,1404,123182,797,68176,607,55006,0,0,588,38247,810,42398,588,80645,California
Placer,2021-03-01,3001,126183,1991,70167,1010,56016,0,0,1553,38357,1443,43841,1553,82198,California
Placer,2021-03-02,2872,129055,1764,71931,1108,57124,0,0,1875,39240,992,44833,1875,84073,California
Placer,2021-03-03,3324,132379,1423,73354,1901,59025,0,0,1817,39557,1501,46334,1818,85891,California
Placer,2021-03-04,3628,136007,1457,74811,2171,61196,0,0,1894,39730,1722,48056,1895,87786,California
Placer,2021-03-05,3012,139019,1034,75845,1956,63152,22,22,1808,40358,1202,49258,1830,89616,California
Placer,2021-03-06,2419,141438,1491,77336,832,63984,96,118,927,39897,1484,50742,1023,90639,California
Placer,2021-03-07,1297,142735,751,78087,508,64492,38,156,531,39703,763,51505,569,91208,California
Placer,2021-03-08,2907,145642,1825,79912,969,65461,113,269,1647,40205,1258,52763,1760,92968,California
Placer,2021-03-09,3171,148813,1679,81591,1401,66862,91,360,1814,40756,1354,54117,1905,94873,California
Placer,2021-03-10,3283,152096,1323,82914,1853,68715,107,467,1708,41001,1570,55687,1815,96688,California
Placer,2021-03-11,3636,155732,1646,84560,1865,70580,125,592,1746,40994,1881,57568,1874,98562,California
Placer,2021-03-12,3677,159409,1485,86045,1411,71991,781,1373,1255,40615,2416,59984,2037,100599,California
Placer,2021-03-13,2112,161521,743,86788,1250,73241,119,1492,1115,40857,992,60976,1234,101833,California
Placer,2021-03-14,1639,163160,671,87459,819,74060,149,1641,891,41149,748,61724,1040,102873,California
Placer,2021-03-15,3182,166342,1533,88992,1517,75577,132,1773,1765,41631,1416,63140,1898,104771,California
Placer,2021-03-16,3566,169908,1917,90909,1516,77093,133,1906,2286,42782,1269,64409,2420,107191,California
Placer,2021-03-17,3428,173336,1732,92641,1597,78690,99,2005,2207,43873,1217,65626,2308,109499,California
Placer,2021-03-18,4093,177429,2326,94967,1729,80419,38,2043,2864,45552,1222,66848,2901,112400,California
Placer,2021-03-19,3439,180868,2070,97037,1105,81524,264,2307,2197,46778,1234,68082,2460,114860,California
Placer,2021-03-20,2137,183005,897,97934,1143,82667,97,2404,1301,47344,831,68913,1397,116257,California
Placer,2021-03-21,1254,184259,575,98509,670,83337,9,2413,946,47994,305,69218,955,117212,California
Placer,2021-03-22,3269,187528,2101,100610,1078,84415,90,2503,2191,49201,1074,70292,2281,119493,California
Placer,2021-03-23,3528,191056,2099,102709,1338,85753,91,2594,2524,50818,999,71291,2616,122109,California
Placer,2021-03-24,3789,194845,1998,104707,1694,87447,97,2691,1952,51053,1815,73106,2050,124159,California
Placer,2021-03-25,3854,198699,1866,106573,1891,89338,97,2788,1787,50880,2056,75162,1883,126042,California
Placer,2021-03-26,3763,202462,1663,108236,1869,91207,231,3019,1585,50531,2165,77327,1816,127858,California
Placer,2021-03-27,1593,204055,468,108704,1105,92312,20,3039,648,50261,938,78265,668,128526,California
Placer,2021-03-28,1109,205164,528,109232,571,92883,10,3049,364,49895,740,79005,374,128900,California
Placer,2021-03-29,3560,208724,1988,111220,1538,94421,34,3083,1723,49825,1828,80833,1758,130658,California
Placer,2021-03-30,3974,212698,2096,113316,1835,96256,43,3126,2092,50091,1868,82701,2134,132792,California
Placer,2021-03-31,4094,216792,1830,115146,2189,98445,75,3201,1693,49465,2394,85095,1768,134560,California
Placer,2021-04-01,2974,219766,1433,116579,1495,99940,46,3247,1660,49860,1313,86408,1708,136268,California
Placer,2021-04-02,2843,222609,1453,118032,1326,101266,64,3311,1592,50272,1244,87652,1656,137924,California
Placer,2021-04-03,1852,224461,985,119017,739,102005,128,3439,889,50333,956,88608,1017,138941,California
Placer,2021-04-04,711,225172,361,119378,297,102302,53,3492,286,50251,421,89029,339,139280,California
Placer,2021-04-05,2998,228170,1897,121275,917,103219,184,3676,1745,50931,1249,90278,1929,141209,California
Placer,2021-04-06,4280,232450,2472,123747,1509,104728,299,3975,1524,50003,2751,93029,1823,143032,California
Placer,2021-04-07,4511,236961,2572,126319,1478,106206,461,4436,2063,50082,2442,95471,2521,145553,California
Placer,2021-04-08,4686,241647,2591,128910,1550,107756,545,4981,1569,49089,3106,98577,2113,147666,California
Placer,2021-04-09,4106,245753,2263,131173,1225,108981,618,5599,1226,48063,2872,101449,1846,149512,California
Placer,2021-04-10,2024,247777,879,132052,960,109941,185,5784,865,47956,1156,102605,1049,150561,California
Placer,2021-04-11,1352,249129,531,132583,788,110729,33,5817,454,47548,894,103499,486,151047,California
Placer,2021-04-12,4097,253226,2645,135228,1072,111801,380,6197,2462,48765,1624,105123,2841,153888,California
Placer,2021-04-13,4345,257571,2994,138222,1350,113151,1,6198,2190,48805,2151,107274,2191,156079,California
Placer,2021-04-14,4119,261690,2564,140786,1554,114705,1,6199,1843,48381,2267,109541,1843,157922,California
Placer,2021-04-15,4491,266181,2508,143294,1982,116687,1,6200,2347,48596,2133,111674,2348,160270,California
Placer,2021-04-16,3675,269856,2185,145479,1490,118177,0,6200,1433,47793,2236,113910,1433,161703,California
Placer,2021-04-17,2418,272274,840,146319,1578,119755,0,6200,1515,48409,899,114809,1515,163218,California
Placer,2021-04-18,1181,273455,255,146574,926,120681,0,6200,411,48052,768,115577,411,163629,California
Placer,2021-04-19,2933,276388,1803,148377,1130,121811,0,6200,1164,47451,1766,117343,1165,164794,California
Placer,2021-04-20,3779,280167,2456,150833,1323,123134,0,6200,2407,48494,1364,118707,2407,167201,California
Placer,2021-04-21,3655,283822,2396,153229,1258,124392,1,6201,2381,49606,1270,119977,2382,169583,California
Placer,2021-04-22,3660,287482,2263,155492,1397,125789,0,6201,1746,49441,1911,121888,1746,171329,California
Placer,2021-04-23,3497,290979,2321,157813,1175,126964,1,6202,1373,48697,2118,124006,1374,172703,California
Placer,2021-04-24,2082,293061,1262,159075,819,127783,1,6203,1217,49057,857,124863,1217,173920,California
Placer,2021-04-25,913,293974,504,159579,409,128192,0,6203,565,49274,348,125211,565,174485,California
Placer,2021-04-26,2351,296325,1248,160827,1080,129272,23,6226,1153,49261,1188,126399,1175,175660,California
Placer,2021-04-27,2637,298962,1369,162196,1233,130505,35,6261,1518,49702,1113,127512,1554,177214,California
Placer,2021-04-28,2910,301872,1802,163998,1071,131576,37,6298,1518,49874,1383,128895,1555,178769,California
Placer,2021-04-29,3261,305133,2074,166072,1135,132711,52,6350,1317,49305,1938,130833,1369,180138,California
Placer,2021-04-30,2982,308115,1804,167876,1129,133840,49,6399,1189,48755,1788,132621,1238,181376,California
Placer,2021-05-01,1331,309446,933,168809,374,134214,24,6423,607,48667,718,133339,630,182006,California
Placer,2021-05-02,715,310161,553,169362,141,134355,21,6444,333,48641,380,133719,354,182360,California
Placer,2021-05-03,1610,311771,992,170354,553,134908,65,6509,438,47977,1167,134886,503,182863,California
Placer,2021-05-04,2296,314067,1295,171649,835,135743,166,6675,864,47580,1427,136313,1030,183893,California
Placer,2021-05-05,3666,317733,2473,174122,1086,136829,107,6782,967,45961,2693,139006,1074,184967,California
Placer,2021-05-06,3092,320825,1894,176016,1122,137951,76,6858,813,44597,2253,141259,889,185856,California
Placer,2021-05-07,2799,323624,1883,177899,824,138775,92,6950,785,43470,2004,143263,877,186733,California
Placer,2021-05-08,1329,324953,707,178606,581,139356,41,6991,392,42966,935,144198,431,187164,California
Placer,2021-05-09,438,325391,202,178808,215,139571,21,7012,217,42982,221,144419,237,187401,California
Placer,2021-05-10,1907,327298,1030,179838,785,140356,92,7104,426,42022,1478,145897,518,187919,California
Placer,2021-05-11,2745,330043,1985,181823,655,141011,105,7209,546,40484,2189,148086,651,188570,California
Placer,2021-05-12,2705,332748,1896,183719,767,141778,42,7251,618,39064,2080,150166,660,189230,California
Placer,2021-05-13,2569,335317,1671,185390,857,142635,41,7292,860,38258,1706,151872,900,190130,California
Placer,2021-05-14,2402,337719,1512,186902,760,143395,130,7422,1128,38249,1264,153136,1255,191385,California
Placer,2021-05-15,1458,339177,900,187802,548,143943,10,7432,603,38009,853,153989,613,191998,California
Placer,2021-05-16,273,339450,159,187961,110,144053,4,7436,59,37858,214,154203,63,192061,California
Plumas,2020-12-18,4,4,4,4,0,0,0,0,4,4,0,0,4,4,California
Plumas,2020-12-19,1,5,1,5,0,0,0,0,1,5,0,0,1,5,California
Plumas,2020-12-21,45,50,45,50,0,0,0,0,45,50,0,0,45,50,California
Plumas,2020-12-22,92,142,92,142,0,0,0,0,92,142,0,0,92,142,California
Plumas,2020-12-23,50,192,50,192,0,0,0,0,50,192,0,0,50,192,California
Plumas,2020-12-24,6,198,6,198,0,0,0,0,6,198,0,0,6,198,California
Plumas,2020-12-28,8,206,0,198,8,8,0,0,8,206,0,0,8,206,California
Plumas,2020-12-29,32,238,22,220,10,18,0,0,32,238,0,0,32,238,California
Plumas,2020-12-30,23,261,1,221,22,40,0,0,23,261,0,0,23,261,California
Plumas,2020-12-31,4,265,1,222,3,43,0,0,4,265,0,0,4,265,California
Plumas,2021-01-04,10,275,4,226,6,49,0,0,10,275,0,0,10,275,California
Plumas,2021-01-05,22,297,2,228,20,69,0,0,22,297,0,0,22,297,California
Plumas,2021-01-06,123,420,5,233,118,187,0,0,123,420,0,0,123,420,California
Plumas,2021-01-07,53,473,2,235,51,238,0,0,52,471,1,1,52,472,California
Plumas,2021-01-08,12,485,5,240,7,245,0,0,8,475,4,5,8,480,California
Plumas,2021-01-09,2,487,2,242,0,245,0,0,1,475,1,6,1,481,California
Plumas,2021-01-11,59,546,50,292,9,254,0,0,12,440,47,53,12,493,California
Plumas,2021-01-12,155,701,86,378,69,323,0,0,71,427,84,137,71,564,California
Plumas,2021-01-13,56,757,50,428,6,329,0,0,10,391,46,183,10,574,California
Plumas,2021-01-14,96,853,14,442,82,411,0,0,91,477,5,188,91,665,California
Plumas,2021-01-15,62,915,7,449,55,466,0,0,60,535,2,190,60,725,California
Plumas,2021-01-16,58,973,1,450,57,523,0,0,58,593,0,190,58,783,California
Plumas,2021-01-18,2,975,1,451,1,524,0,0,2,595,0,190,2,785,California
Plumas,2021-01-19,36,1011,5,456,31,555,0,0,32,623,4,194,32,817,California
Plumas,2021-01-20,121,1132,3,459,118,673,0,0,119,740,2,196,119,936,California
Plumas,2021-01-21,112,1244,2,461,110,783,0,0,112,852,0,196,112,1048,California
Plumas,2021-01-22,5,1249,1,462,4,787,0,0,5,857,0,196,5,1053,California
Plumas,2021-01-23,93,1342,2,464,91,878,0,0,93,950,0,196,93,1146,California
Plumas,2021-01-24,1,1343,1,465,0,878,0,0,1,951,0,196,1,1147,California
Plumas,2021-01-25,10,1353,7,472,3,881,0,0,7,955,3,199,7,1154,California
Plumas,2021-01-26,60,1413,2,474,58,939,0,0,52,999,8,207,52,1206,California
Plumas,2021-01-27,25,1438,20,494,5,944,0,0,5,984,20,227,5,1211,California
Plumas,2021-01-28,23,1461,0,494,23,967,0,0,21,1003,2,229,21,1232,California
Plumas,2021-01-29,8,1469,2,496,6,973,0,0,7,1009,1,230,7,1239,California
Plumas,2021-01-30,8,1477,4,500,4,977,0,0,7,1015,1,231,7,1246,California
Plumas,2021-01-31,3,1480,3,503,0,977,0,0,3,1018,0,231,3,1249,California
Plumas,2021-02-01,15,1495,2,505,13,990,0,0,7,1017,8,239,7,1256,California
Plumas,2021-02-02,21,1516,2,507,19,1009,0,0,2,1000,19,258,2,1258,California
Plumas,2021-02-03,127,1643,8,515,119,1128,0,0,13,900,113,371,13,1271,California
Plumas,2021-02-04,102,1745,8,523,94,1222,0,0,23,844,79,450,23,1294,California
Plumas,2021-02-05,24,1769,11,534,13,1235,0,0,9,838,15,465,9,1303,California
Plumas,2021-02-06,7,1776,0,534,7,1242,0,0,7,845,0,465,7,1310,California
Plumas,2021-02-08,16,1792,7,541,9,1251,0,0,4,837,12,477,4,1314,California
Plumas,2021-02-09,171,1963,1,542,170,1421,0,0,111,888,60,537,111,1425,California
Plumas,2021-02-10,89,2052,9,551,80,1501,0,0,80,960,9,546,81,1506,California
Plumas,2021-02-11,322,2374,7,558,315,1816,0,0,263,1164,59,605,263,1769,California
Plumas,2021-02-12,123,2497,4,562,119,1935,0,0,118,1277,5,610,118,1887,California
Plumas,2021-02-13,74,2571,5,567,69,2004,0,0,14,1231,60,670,14,1901,California
Plumas,2021-02-14,8,2579,5,572,3,2007,0,0,8,1239,0,670,8,1909,California
Plumas,2021-02-15,27,2606,5,577,22,2029,0,0,24,1260,3,673,24,1933,California
Plumas,2021-02-16,76,2682,4,581,72,2101,0,0,14,1212,62,735,14,1947,California
Plumas,2021-02-17,136,2818,5,586,131,2232,0,0,12,1100,124,859,12,1959,California
Plumas,2021-02-18,128,2946,6,592,122,2354,0,0,19,1011,109,968,20,1979,California
Plumas,2021-02-19,41,2987,4,596,37,2391,0,0,6,982,35,1003,6,1985,California
Plumas,2021-02-20,104,3091,7,603,97,2488,0,0,12,902,92,1095,12,1997,California
Plumas,2021-02-21,5,3096,5,608,0,2488,0,0,1,899,4,1099,1,1998,California
Plumas,2021-02-22,3,3099,1,609,2,2490,0,0,0,896,3,1102,0,1998,California
Plumas,2021-02-23,25,3124,5,614,20,2510,0,0,17,905,8,1110,17,2015,California
Plumas,2021-02-24,457,3581,7,621,450,2960,0,0,444,1336,13,1123,444,2459,California
Plumas,2021-02-25,230,3811,10,631,220,3180,0,0,169,1444,61,1184,169,2628,California
Plumas,2021-02-26,267,4078,8,639,259,3439,0,0,259,1696,8,1192,260,2888,California
Plumas,2021-02-27,40,4118,4,643,36,3475,0,0,33,1722,7,1199,33,2921,California
Plumas,2021-02-28,1,4119,0,643,1,3476,0,0,1,1723,0,1199,1,2922,California
Plumas,2021-03-01,13,4132,3,646,10,3486,0,0,8,1727,4,1203,8,2930,California
Plumas,2021-03-02,9,4141,0,646,9,3495,0,0,7,1732,2,1205,7,2937,California
Plumas,2021-03-03,151,4292,9,655,142,3637,0,0,135,1851,16,1221,135,3072,California
Plumas,2021-03-04,252,4544,9,664,243,3880,0,0,230,2059,22,1243,230,3302,California
Plumas,2021-03-05,400,4944,7,671,388,4268,5,5,389,2442,11,1254,394,3696,California
Plumas,2021-03-06,19,4963,2,673,9,4277,8,13,3,2437,16,1270,11,3707,California
Plumas,2021-03-07,13,4976,2,675,2,4279,9,22,3,2439,10,1280,12,3719,California
Plumas,2021-03-08,29,5005,3,678,2,4281,24,46,3,2440,26,1306,27,3746,California
Plumas,2021-03-09,133,5138,2,680,116,4397,15,61,18,2358,115,1421,33,3779,California
Plumas,2021-03-10,254,5392,3,683,237,4634,14,75,107,2333,146,1567,121,3900,California
Plumas,2021-03-11,179,5571,8,691,166,4800,5,80,144,2447,35,1602,149,4049,California
Plumas,2021-03-12,595,6166,4,695,303,5103,288,368,23,2186,572,2174,311,4360,California
Plumas,2021-03-13,25,6191,4,699,10,5113,11,379,5,2182,20,2194,16,4376,California
Plumas,2021-03-14,12,6203,3,702,4,5117,5,384,1,2178,10,2204,6,4382,California
Plumas,2021-03-15,31,6234,0,702,24,5141,7,391,5,2164,26,2230,12,4394,California
Plumas,2021-03-16,60,6294,3,705,56,5197,1,392,49,2203,11,2241,50,4444,California
Plumas,2021-03-17,73,6367,9,714,63,5260,1,393,58,2248,14,2255,59,4503,California
Plumas,2021-03-18,60,6427,6,720,38,5298,16,409,12,2228,48,2303,28,4531,California
Plumas,2021-03-19,164,6591,6,726,156,5454,2,411,155,2379,7,2310,158,4689,California
Plumas,2021-03-20,691,7282,4,730,686,6140,1,412,671,3033,18,2328,672,5361,California
Plumas,2021-03-21,2,7284,1,731,1,6141,0,412,1,3034,0,2328,1,5362,California
Plumas,2021-03-22,183,7467,2,733,181,6322,0,412,176,3203,7,2335,176,5538,California
Plumas,2021-03-23,27,7494,2,735,25,6347,0,412,13,3202,14,2349,13,5551,California
Plumas,2021-03-24,653,8147,6,741,646,6993,1,413,223,2997,429,2778,224,5775,California
Plumas,2021-03-25,301,8448,7,748,292,7285,2,415,158,3012,143,2921,158,5933,California
Plumas,2021-03-26,315,8763,9,757,306,7591,0,415,46,2790,268,3189,46,5979,California
Plumas,2021-03-27,13,8776,1,758,11,7602,1,416,3,2784,10,3199,4,5983,California
Plumas,2021-03-28,5,8781,3,761,1,7603,1,417,3,2786,2,3201,4,5987,California
Plumas,2021-03-29,12,8793,4,765,7,7610,1,418,4,2783,8,3209,5,5992,California
Plumas,2021-03-30,151,8944,3,768,147,7757,1,419,24,2681,127,3336,25,6017,California
Plumas,2021-03-31,288,9232,2,770,285,8042,1,420,267,2928,21,3357,268,6285,California
Plumas,2021-04-01,299,9531,11,781,287,8329,1,421,61,2753,236,3593,61,6346,California
Plumas,2021-04-02,375,9906,5,786,369,8698,1,422,29,2448,335,3928,30,6376,California
Plumas,2021-04-03,16,9922,3,789,5,8703,8,430,4,2448,12,3940,12,6388,California
Plumas,2021-04-04,3,9925,1,790,1,8704,1,431,0,2446,3,3943,1,6389,California
Plumas,2021-04-05,10,9935,3,793,6,8710,1,432,3,2443,7,3950,4,6393,California
Plumas,2021-04-06,120,10055,6,799,88,8798,26,458,13,2375,107,4057,39,6432,California
Plumas,2021-04-07,281,10336,7,806,99,8897,175,633,28,2325,253,4310,203,6635,California
Plumas,2021-04-08,150,10486,3,809,132,9029,15,648,34,2258,115,4425,48,6683,California
Plumas,2021-04-09,51,10537,10,819,25,9054,16,664,19,2260,32,4457,34,6717,California
Plumas,2021-04-10,24,10561,2,821,6,9060,16,680,5,2262,19,4476,21,6738,California
Plumas,2021-04-11,4,10565,3,824,0,9060,1,681,3,2265,1,4477,4,6742,California
Plumas,2021-04-12,11,10576,5,829,3,9063,3,684,7,2271,4,4481,10,6752,California
Plumas,2021-04-13,207,10783,5,834,202,9265,0,684,139,2342,68,4549,139,6891,California
Plumas,2021-04-14,109,10892,8,842,101,9366,0,684,55,2343,54,4603,55,6946,California
Plumas,2021-04-15,50,10942,2,844,48,9414,0,684,32,2357,18,4621,32,6978,California
Plumas,2021-04-16,142,11084,2,846,140,9554,0,684,2,2219,140,4761,2,6980,California
Plumas,2021-04-17,666,11750,2,848,664,10218,0,684,21,1597,643,5404,21,7001,California
Plumas,2021-04-18,4,11754,3,851,1,10219,0,684,1,1595,3,5407,1,7002,California
Plumas,2021-04-19,38,11792,3,854,35,10254,0,684,5,1567,33,5440,5,7007,California
Plumas,2021-04-20,42,11834,5,859,37,10291,0,684,26,1578,15,5455,26,7033,California
Plumas,2021-04-21,312,12146,5,864,306,10597,1,685,18,1302,294,5749,18,7051,California
Plumas,2021-04-22,272,12418,8,872,264,10861,0,685,129,1288,143,5892,129,7180,California
Plumas,2021-04-23,73,12491,6,878,67,10928,0,685,16,1247,57,5949,16,7196,California
Plumas,2021-04-24,171,12662,5,883,166,11094,0,685,146,1369,24,5973,146,7342,California
Plumas,2021-04-26,29,12691,4,887,25,11119,0,685,9,1359,19,5992,9,7351,California
Plumas,2021-04-27,87,12778,3,890,84,11203,0,685,51,1374,36,6028,51,7402,California
Plumas,2021-04-28,283,13061,4,894,279,11482,0,685,37,1166,245,6273,37,7439,California
Plumas,2021-04-29,171,13232,68,962,103,11585,0,685,118,1231,53,6326,118,7557,California
Plumas,2021-04-30,23,13255,11,973,12,11597,0,685,7,1222,16,6342,7,7564,California
Plumas,2021-05-01,2,13257,1,974,0,11597,1,686,0,1221,2,6344,1,7565,California
Plumas,2021-05-02,3,13260,3,977,0,11597,0,686,1,1220,2,6346,1,7566,California
Plumas,2021-05-03,16,13276,6,983,4,11601,6,692,5,1220,11,6357,11,7577,California
Plumas,2021-05-04,27,13303,3,986,18,11619,6,698,16,1231,11,6368,22,7599,California
Plumas,2021-05-05,47,13350,6,992,40,11659,1,699,21,1227,26,6394,22,7621,California
Plumas,2021-05-06,56,13406,2,994,49,11708,5,704,15,1206,41,6435,20,7641,California
Plumas,2021-05-07,22,13428,5,999,16,11724,1,705,8,1201,14,6449,9,7650,California
Plumas,2021-05-08,6,13434,0,999,4,11728,2,707,4,1205,2,6451,6,7656,California
Plumas,2021-05-10,49,13483,1,1000,25,11753,23,730,22,1223,27,6478,45,7701,California
Plumas,2021-05-11,164,13647,3,1003,142,11895,19,749,14,1106,150,6628,33,7734,California
Plumas,2021-05-12,97,13744,2,1005,87,11982,8,757,36,1089,61,6689,44,7778,California
Plumas,2021-05-13,41,13785,5,1010,34,12016,2,759,18,1086,23,6712,20,7798,California
Plumas,2021-05-14,18,13803,2,1012,10,12026,6,765,7,1088,11,6723,13,7811,California
Plumas,2021-05-15,11,13814,4,1016,5,12031,2,767,5,1089,6,6729,7,7818,California
Plumas,2021-05-16,1,13815,0,1016,1,12032,0,767,0,1088,1,6730,0,7818,California
Riverside,2020-12-15,5,5,5,5,0,0,0,0,5,5,0,0,5,5,California
Riverside,2020-12-16,63,68,63,68,0,0,0,0,63,68,0,0,63,68,California
Riverside,2020-12-17,805,873,805,873,0,0,0,0,805,873,0,0,805,873,California
Riverside,2020-12-18,1723,2596,1722,2595,1,1,0,0,1723,2596,0,0,1723,2596,California
Riverside,2020-12-19,1027,3623,1024,3619,3,4,0,0,1025,3620,1,1,1025,3621,California
Riverside,2020-12-20,1085,4708,1084,4703,1,5,0,0,1085,4705,0,1,1085,4706,California
Riverside,2020-12-21,2275,6983,2273,6976,2,7,0,0,2275,6980,0,1,2275,6981,California
Riverside,2020-12-22,2258,9241,2219,9195,39,46,0,0,2257,9237,0,1,2257,9238,California
Riverside,2020-12-23,2130,11371,1793,10988,337,383,0,0,2131,11368,0,1,2131,11369,California
Riverside,2020-12-24,828,12199,626,11614,202,585,0,0,828,12196,0,1,828,12197,California
Riverside,2020-12-25,28,12227,5,11619,23,608,0,0,28,12224,0,1,28,12225,California
Riverside,2020-12-26,401,12628,257,11876,144,752,0,0,401,12625,0,1,401,12626,California
Riverside,2020-12-27,362,12990,243,12119,119,871,0,0,362,12987,0,1,362,12988,California
Riverside,2020-12-28,1627,14617,1126,13245,501,1372,0,0,1627,14614,0,1,1627,14615,California
Riverside,2020-12-29,1739,16356,973,14218,766,2138,0,0,1739,16353,0,1,1739,16354,California
Riverside,2020-12-30,2583,18939,1688,15906,895,3033,0,0,2582,18935,0,1,2582,18936,California
Riverside,2020-12-31,1021,19960,394,16300,627,3660,0,0,1023,19958,0,1,1023,19959,California
Riverside,2021-01-01,116,20076,45,16345,71,3731,0,0,116,20074,0,1,116,20075,California
Riverside,2021-01-02,834,20910,694,17039,140,3871,0,0,834,20908,0,1,834,20909,California
Riverside,2021-01-03,343,21253,298,17337,45,3916,0,0,342,21250,0,1,342,21251,California
Riverside,2021-01-04,1265,22518,797,18134,468,4384,0,0,1265,22515,0,1,1265,22516,California
Riverside,2021-01-05,1987,24505,1366,19500,621,5005,0,0,1892,24318,89,90,1892,24408,California
Riverside,2021-01-06,2498,27003,1114,20614,1384,6389,0,0,2191,26206,303,393,2191,26599,California
Riverside,2021-01-07,2765,29768,1812,22426,953,7342,0,0,1704,26856,1056,1449,1706,28305,California
Riverside,2021-01-08,4059,33827,2938,25364,1121,8463,0,0,2248,27297,1807,3256,2248,30553,California
Riverside,2021-01-09,2072,35899,843,26207,1229,9692,0,0,1725,28676,346,3602,1725,32278,California
Riverside,2021-01-10,1668,37567,736,26943,932,10624,0,0,1064,29136,604,4206,1064,33342,California
Riverside,2021-01-11,4528,42095,3103,30046,1425,12049,0,0,2793,30197,1733,5939,2794,36136,California
Riverside,2021-01-12,3414,45509,2735,32781,679,12728,0,0,1722,30232,1687,7626,1722,37858,California
Riverside,2021-01-13,4395,49904,2875,35656,1520,14248,0,0,2787,31414,1605,9231,2787,40645,California
Riverside,2021-01-14,5496,55400,1896,37552,3600,17848,0,0,4908,35734,588,9819,4908,45553,California
Riverside,2021-01-15,6164,61564,2102,39654,4062,21910,0,0,5875,41321,288,10107,5875,51428,California
Riverside,2021-01-16,3609,65173,1017,40671,2592,24502,0,0,3363,44439,246,10353,3364,54792,California
Riverside,2021-01-17,3592,68765,582,41253,3010,27512,0,0,3395,47639,195,10548,3395,58187,California
Riverside,2021-01-18,3737,72502,2029,43282,1708,29220,0,0,2731,49364,1006,11554,2731,60918,California
Riverside,2021-01-19,7414,79916,2647,45929,4767,33987,0,0,6297,54545,1117,12671,6298,67216,California
Riverside,2021-01-20,8220,88136,3139,49068,5081,39068,0,0,6537,59415,1671,14342,6541,73757,California
Riverside,2021-01-21,8373,96509,3531,52599,4842,43910,0,0,7714,66470,660,15002,7715,81472,California
Riverside,2021-01-22,8730,105239,2981,55580,5749,49659,0,0,8299,74341,429,15431,8300,89772,California
Riverside,2021-01-23,5926,111165,2393,57973,3533,53192,0,0,5197,78810,729,16160,5198,94970,California
Riverside,2021-01-24,3035,114200,1430,59403,1605,54797,0,0,2821,81421,211,16371,2822,97792,California
Riverside,2021-01-25,7884,122084,4540,63943,3344,58141,0,0,6757,87053,1126,17497,6758,104550,California
Riverside,2021-01-26,9122,131206,5731,69674,3391,61532,0,0,7608,93151,1511,19008,7609,112159,California
Riverside,2021-01-27,10912,142118,6391,76065,4521,66053,0,0,9299,100844,1609,20617,9302,121461,California
Riverside,2021-01-28,11501,153619,6789,82854,4712,70765,0,0,10341,110034,1152,21769,10342,131803,California
Riverside,2021-01-29,11927,165546,7279,90133,4648,75413,0,0,10556,119249,1345,23114,10560,142363,California
Riverside,2021-01-30,9053,174599,4607,94740,4446,79859,0,0,8590,127380,460,23574,8591,150954,California
Riverside,2021-01-31,5168,179767,4257,98997,911,80770,0,0,5035,132287,132,23706,5039,155993,California
Riverside,2021-02-01,10919,190686,6753,105750,4166,84936,0,0,9100,139578,1812,25518,9103,165096,California
Riverside,2021-02-02,9518,200204,4854,110604,4664,89600,0,0,8021,146112,1490,27008,8024,173120,California
Riverside,2021-02-03,12132,212336,5104,115708,7028,96628,0,0,9796,153582,2326,29334,9796,182916,California
Riverside,2021-02-04,13556,225892,6048,121756,7508,104136,0,0,11441,162918,2107,31441,11443,194359,California
Riverside,2021-02-05,14342,240234,5403,127159,8939,113075,0,0,11282,171152,3052,34493,11286,205645,California
Riverside,2021-02-06,7264,247498,4292,131451,2972,116047,0,0,5617,175133,1639,36132,5620,211265,California
Riverside,2021-02-07,2169,249667,799,132250,1370,117417,0,0,1849,176665,318,36450,1850,213115,California
Riverside,2021-02-08,12462,262129,5538,137788,6924,124341,0,0,10143,184510,2302,38752,10147,223262,California
Riverside,2021-02-09,9674,271803,4549,142337,5125,129466,0,0,7728,190305,1938,40690,7733,230995,California
Riverside,2021-02-10,12080,283883,6983,149320,5097,134563,0,0,8904,196054,3164,43854,8913,239908,California
Riverside,2021-02-11,16607,300490,9060,158380,7547,142110,0,0,12093,203670,4492,48346,12108,252016,California
Riverside,2021-02-12,17685,318175,10811,169191,6874,148984,0,0,12808,211657,4833,53179,12820,264836,California
Riverside,2021-02-13,6333,324508,2133,171324,4200,153184,0,0,3104,211571,3211,56390,3125,267961,California
Riverside,2021-02-14,4932,329440,1126,172450,3806,156990,0,0,2181,211006,2747,59137,2182,270143,California
Riverside,2021-02-15,9828,339268,4999,177449,4829,161819,0,0,5409,212012,4410,63547,5416,275559,California
Riverside,2021-02-16,16113,355381,10108,187557,6005,167824,0,0,9248,214410,6858,70405,9256,284815,California
Riverside,2021-02-17,15024,370405,8211,195768,6813,174637,0,0,7449,214307,7562,77967,7459,292274,California
Riverside,2021-02-18,15535,385940,8993,204761,6542,181179,0,0,8012,214833,7500,85467,8026,300300,California
Riverside,2021-02-19,15297,401237,8226,212987,7071,188250,0,0,7223,214009,8055,93522,7231,307531,California
Riverside,2021-02-20,8311,409548,4497,217484,3814,192064,0,0,2167,210052,6127,99649,2170,309701,California
Riverside,2021-02-21,4397,413945,3877,221361,520,192584,0,0,1234,208137,3149,102798,1234,310935,California
Riverside,2021-02-22,12362,426307,7762,229123,4600,197184,0,0,5105,206008,7239,110037,5110,316045,California
Riverside,2021-02-23,11110,437417,7575,236698,3535,200719,0,0,5397,205725,5684,115721,5401,321446,California
Riverside,2021-02-24,14805,452222,8099,244797,6706,207425,0,0,6293,203562,8473,124194,6310,327756,California
Riverside,2021-02-25,17354,469576,7403,252200,9951,217376,0,0,8062,202379,9270,133464,8087,335843,California
Riverside,2021-02-26,18615,488191,6720,258920,11895,229271,0,0,9300,202456,9256,142720,9333,345176,California
Riverside,2021-02-27,12048,500239,5579,264499,6469,235740,0,0,5752,201974,6261,148981,5779,350955,California
Riverside,2021-02-28,4881,505120,3217,267716,1664,237404,0,0,2411,201934,2458,151439,2418,353373,California
Riverside,2021-03-01,14331,519451,6105,273821,8224,245628,2,2,8438,204543,5858,157297,8467,361840,California
Riverside,2021-03-02,15298,534749,7444,281265,7853,253481,1,3,8980,207257,6294,163591,9008,370848,California
Riverside,2021-03-03,16867,551616,8350,289615,8517,261998,0,3,7284,205135,9533,173124,7411,378259,California
Riverside,2021-03-04,18741,570357,7458,297073,11278,273276,5,8,8895,204384,9801,182925,9050,387309,California
Riverside,2021-03-05,18778,589135,7538,304611,11196,284472,44,52,9299,204577,9429,192354,9622,396931,California
Riverside,2021-03-06,9462,598597,5028,309639,3953,288425,481,533,4703,205046,4745,197099,5214,402145,California
Riverside,2021-03-07,4180,602777,2702,312341,1089,289514,389,922,1960,205189,2210,199309,2353,404498,California
Riverside,2021-03-08,11941,614718,4741,317082,6790,296304,410,1332,5316,204354,6606,205915,5771,410269,California
Riverside,2021-03-09,14663,629381,6765,323847,7398,303702,500,1832,5788,201920,8856,214771,6422,416691,California
Riverside,2021-03-10,15648,645029,8394,332241,6365,310067,889,2721,6017,199388,9590,224361,7058,423749,California
Riverside,2021-03-11,19234,664263,9448,341689,7940,318007,1846,4567,7587,197422,11610,235971,9644,433393,California
Riverside,2021-03-12,21157,685420,7926,349615,8496,326503,4735,9302,7096,195552,14028,249999,12158,445551,California
Riverside,2021-03-13,8396,693816,2509,352124,4683,331186,1204,10506,4300,197056,4077,254076,5581,451132,California
Riverside,2021-03-14,4614,698430,1584,353708,1739,332925,1291,11797,2036,197813,2567,256643,3324,454456,California
Riverside,2021-03-15,18688,717118,7852,361560,9164,342089,1672,13469,9203,199346,9442,266085,10975,465431,California
Riverside,2021-03-16,20895,738013,10139,371699,9941,352030,815,14284,11383,202164,9473,275558,12291,477722,California
Riverside,2021-03-17,21290,759303,10921,382620,9321,361351,1048,15332,12789,207594,8465,284023,13895,491617,California
Riverside,2021-03-18,22582,781885,11748,394368,9177,370528,1657,16989,12536,211797,9998,294021,14201,505818,California
Riverside,2021-03-19,24017,805902,12574,406942,10492,381020,951,17940,14032,217217,9930,303951,15350,521168,California
Riverside,2021-03-20,10607,816509,6845,413787,2596,383616,1166,19106,6832,221470,3745,307696,7998,529166,California
Riverside,2021-03-21,3682,820191,2877,416664,553,384169,252,19358,2526,223110,1139,308835,2779,531945,California
Riverside,2021-03-22,16642,836833,9927,426591,6162,390331,553,19911,10594,228256,5998,314833,11144,543089,California
Riverside,2021-03-23,18559,855392,10504,437095,7632,397963,423,20334,11965,234120,6538,321371,12402,555491,California
Riverside,2021-03-24,18694,874086,10421,447516,8153,406116,120,20454,12842,241284,5804,327175,12968,568459,California
Riverside,2021-03-25,21111,895197,11653,459169,9278,415394,180,20634,14169,248765,6875,334050,14356,582815,California
Riverside,2021-03-26,24102,919299,11896,471065,12033,427427,173,20807,15037,255012,8965,343015,15212,598027,California
Riverside,2021-03-27,9284,928583,4874,475939,3356,430783,1054,21861,4809,256422,4454,347469,5864,603891,California
Riverside,2021-03-28,4722,933305,3104,479043,1526,432309,92,21953,2837,257480,1872,349341,2930,606821,California
Riverside,2021-03-29,17642,950947,8442,487485,9084,441393,116,22069,10965,261936,6638,355979,11094,617915,California
Riverside,2021-03-30,18328,969275,9540,497025,8583,449976,205,22274,11805,267463,6485,362464,12012,629927,California
Riverside,2021-03-31,18044,987319,8392,505417,9351,459327,301,22575,11486,272747,6515,368979,11799,641726,California
Riverside,2021-04-01,25427,1012746,12434,517851,12230,471557,763,23338,16451,281046,8918,377897,17217,658943,California
Riverside,2021-04-02,26041,1038787,14028,531879,11074,482631,939,24277,16356,288935,9633,387530,17522,676465,California
Riverside,2021-04-03,9297,1048084,5914,537793,2803,485434,580,24857,6029,292296,3249,390779,6610,683075,California
Riverside,2021-04-04,3378,1051462,2052,539845,1087,486521,239,25096,1755,292677,1615,392394,1996,685071,California
Riverside,2021-04-05,18368,1069830,9422,549267,7110,493631,1836,26932,9895,295971,8438,400832,11732,696803,California
Riverside,2021-04-06,23671,1093501,12314,561581,9240,502871,2117,29049,13190,300839,10432,411264,15300,712103,California
Riverside,2021-04-07,24522,1118023,13182,574763,8859,511730,2481,31530,13652,306147,10826,422090,16134,728237,California
Riverside,2021-04-08,26929,1144952,14788,589551,9203,520933,2938,34468,16400,314997,10470,432560,19320,747557,California
Riverside,2021-04-09,26054,1171006,15328,604879,8304,529237,2422,36890,15924,323274,10088,442648,18365,765922,California
Riverside,2021-04-10,11936,1182942,6705,611584,3842,533079,1389,38279,5238,323237,6656,449304,6619,772541,California
Riverside,2021-04-11,4599,1187541,2730,614314,1249,534328,620,38899,2177,323622,2411,451715,2796,775337,California
Riverside,2021-04-12,20063,1207604,8910,623224,8518,542846,2635,41534,10075,326380,9950,461665,12708,788045,California
Riverside,2021-04-13,19890,1227494,11129,634353,8735,551581,26,41560,11359,329278,8489,470154,11387,799432,California
Riverside,2021-04-14,22027,1249521,12100,646453,9913,561494,14,41574,10797,328931,11162,481316,10815,810247,California
Riverside,2021-04-15,21666,1271187,12167,658620,9491,570985,8,41582,11347,330035,10252,491568,11356,821603,California
Riverside,2021-04-16,24923,1296110,14420,673040,10497,581482,6,41588,11605,328384,13269,504837,11618,833221,California
Riverside,2021-04-17,9851,1305961,6492,679532,3359,584841,0,41588,4971,328498,4864,509701,4978,838199,California
Riverside,2021-04-18,3853,1309814,2812,682344,1034,585875,7,41595,1836,328337,2006,511707,1845,840044,California
Riverside,2021-04-19,19473,1329287,11596,693940,7874,593749,3,41598,6975,322862,12458,524165,6983,847027,California
Riverside,2021-04-20,18843,1348130,9941,703881,8893,602642,9,41607,7718,319505,11088,535253,7731,854758,California
Riverside,2021-04-21,19452,1367582,11076,714957,8368,611010,8,41615,7664,315456,11728,546981,7679,862437,California
Riverside,2021-04-22,23208,1390790,13537,728494,9668,620678,3,41618,8662,309645,14481,561462,8670,871107,California
Riverside,2021-04-23,23308,1414098,13732,742226,9562,630240,14,41632,9175,304767,14075,575537,9197,880304,California
Riverside,2021-04-24,10466,1424564,7311,749537,3153,633393,2,41634,4848,304034,5584,581121,4851,885155,California
Riverside,2021-04-25,4201,1428765,2813,752350,1387,634780,1,41635,2190,304228,1998,583119,2192,887347,California
Riverside,2021-04-26,16468,1445233,10351,762701,6072,640852,45,41680,5523,298889,10911,594030,5572,892919,California
Riverside,2021-04-27,17636,1462869,10110,772811,7364,648216,162,41842,6091,293638,11504,605534,6253,899172,California
Riverside,2021-04-28,16390,1479259,8827,781638,7305,655521,258,42100,5522,288607,10811,616345,5780,904952,California
Riverside,2021-04-29,18624,1497883,11419,793057,6868,662389,337,42437,5384,281148,13179,629524,5720,910672,California
Riverside,2021-04-30,19646,1517529,11314,804371,7954,670343,378,42815,6284,274502,13311,642835,6665,917337,California
Riverside,2021-05-01,6749,1524278,4868,809239,1713,672056,168,42983,2316,272573,4411,647246,2482,919819,California
Riverside,2021-05-02,3348,1527626,2182,811421,958,673014,208,43191,1064,271581,2270,649516,1278,921097,California
Riverside,2021-05-03,17960,1545586,11013,822434,6460,679474,487,43678,4150,262465,13751,663267,4635,925732,California
Riverside,2021-05-04,17161,1562747,10907,833341,5838,685312,416,44094,4847,255469,12258,675525,5262,930994,California
Riverside,2021-05-05,15705,1578452,8902,842243,6449,691761,354,44448,4522,249214,11131,686656,4876,935870,California
Riverside,2021-05-06,17653,1596105,9937,852180,7317,699078,399,44847,4476,240981,13110,699766,4877,940747,California
Riverside,2021-05-07,20196,1616301,11552,863732,8217,707295,427,45274,5299,231885,14822,714588,5726,946473,California
Riverside,2021-05-08,6786,1623087,4518,868250,2043,709338,225,45499,2544,230444,4209,718797,2768,949241,California
Riverside,2021-05-09,2311,1625398,1517,869767,639,709977,155,45654,856,230011,1444,720241,1011,950252,California
Riverside,2021-05-10,9981,1635379,5110,874877,4496,714473,375,46029,2834,226125,7095,727336,3209,953461,California
Riverside,2021-05-11,13397,1648776,8068,882945,4841,719314,488,46517,3636,220572,9678,737014,4125,957586,California
Riverside,2021-05-12,11742,1660518,5680,888625,5792,725106,270,46787,3476,216097,8219,745233,3744,961330,California
Riverside,2021-05-13,13122,1673640,7715,896340,5144,730250,263,47050,4507,212299,8573,753806,4775,966105,California
Riverside,2021-05-14,15948,1689588,9833,906173,5458,735708,657,47707,5950,208962,9946,763752,6609,972714,California
Riverside,2021-05-15,6309,1695897,4264,910437,1748,737456,297,48004,3026,209024,3263,767015,3325,976039,California
Riverside,2021-05-16,955,1696852,540,910977,373,737829,42,48046,371,208861,579,767594,416,976455,California
Sacramento,2020-12-15,315,315,315,315,0,0,0,0,315,315,0,0,315,315,California
Sacramento,2020-12-16,645,960,645,960,0,0,0,0,645,960,0,0,645,960,California
Sacramento,2020-12-17,648,1608,648,1608,0,0,0,0,648,1608,0,0,648,1608,California
Sacramento,2020-12-18,970,2578,970,2578,0,0,0,0,970,2578,0,0,970,2578,California
Sacramento,2020-12-19,612,3190,612,3190,0,0,0,0,612,3190,0,0,612,3190,California
Sacramento,2020-12-20,634,3824,634,3824,0,0,0,0,634,3824,0,0,634,3824,California
Sacramento,2020-12-21,1677,5501,1677,5501,0,0,0,0,1678,5502,0,0,1678,5502,California
Sacramento,2020-12-22,2097,7598,2064,7565,33,33,0,0,2097,7599,0,0,2097,7599,California
Sacramento,2020-12-23,2250,9848,2081,9646,169,202,0,0,2250,9849,0,0,2250,9849,California
Sacramento,2020-12-24,1046,10894,834,10480,212,414,0,0,1046,10895,0,0,1046,10895,California
Sacramento,2020-12-25,1,10895,0,10480,1,415,0,0,1,10896,0,0,1,10896,California
Sacramento,2020-12-26,509,11404,291,10771,218,633,0,0,509,11405,0,0,509,11405,California
Sacramento,2020-12-27,351,11755,247,11018,104,737,0,0,351,11756,0,0,351,11756,California
Sacramento,2020-12-28,1904,13659,1325,12343,579,1316,0,0,1903,13658,1,1,1903,13659,California
Sacramento,2020-12-29,1955,15614,1189,13532,766,2082,0,0,1955,15613,0,1,1955,15614,California
Sacramento,2020-12-30,2562,18176,1457,14989,1105,3187,0,0,2563,18176,0,1,2563,18177,California
Sacramento,2020-12-31,1229,19405,695,15684,534,3721,0,0,1230,19406,0,1,1230,19407,California
Sacramento,2021-01-01,81,19486,70,15754,11,3732,0,0,81,19487,0,1,81,19488,California
Sacramento,2021-01-02,564,20050,363,16117,201,3933,0,0,564,20051,0,1,564,20052,California
Sacramento,2021-01-03,412,20462,223,16340,189,4122,0,0,412,20463,0,1,412,20464,California
Sacramento,2021-01-04,1958,22420,846,17186,1112,5234,0,0,1956,22418,1,2,1956,22420,California
Sacramento,2021-01-05,2212,24632,986,18172,1226,6460,0,0,1858,23929,354,356,1865,24285,California
Sacramento,2021-01-06,2735,27367,1623,19795,1112,7572,0,0,1960,25117,772,1128,1960,26245,California
Sacramento,2021-01-07,2837,30204,1507,21302,1330,8902,0,0,1975,26233,859,1987,1975,28220,California
Sacramento,2021-01-08,3302,33506,2096,23398,1206,10108,0,0,2267,27470,1031,3018,2268,30488,California
Sacramento,2021-01-09,1291,34797,799,24197,492,10600,0,0,902,27985,387,3405,902,31390,California
Sacramento,2021-01-10,1246,36043,710,24907,536,11136,0,0,775,28291,470,3875,776,32166,California
Sacramento,2021-01-11,4353,40396,2963,27870,1390,12526,0,0,2413,28777,1939,5814,2425,34591,California
Sacramento,2021-01-12,4453,44849,3089,30959,1364,13890,0,0,2485,29299,1967,7781,2489,37080,California
Sacramento,2021-01-13,3793,48642,2172,33131,1621,15511,0,0,2382,30272,1410,9191,2383,39463,California
Sacramento,2021-01-14,4634,53276,2370,35501,2264,17775,0,0,3711,33064,919,10110,3711,43174,California
Sacramento,2021-01-15,4427,57703,2265,37766,2162,19937,0,0,3705,36049,721,10831,3706,46880,California
Sacramento,2021-01-16,2093,59796,1292,39058,801,20738,0,0,1876,37708,217,11048,1876,48756,California
Sacramento,2021-01-17,1647,61443,954,40012,693,21431,0,0,1469,39002,178,11226,1472,50228,California
Sacramento,2021-01-18,2871,64314,1777,41789,1094,22525,0,0,2337,40807,533,11759,2338,52566,California
Sacramento,2021-01-19,5007,69321,3057,44846,1950,24475,0,0,3734,43270,1273,13032,3736,56302,California
Sacramento,2021-01-20,4813,74134,2852,47698,1961,26436,0,0,3591,45642,1224,14256,3596,59898,California
Sacramento,2021-01-21,5200,79334,2995,50693,2205,28641,0,0,4234,48917,960,15216,4235,64133,California
Sacramento,2021-01-22,4996,84330,2664,53357,2332,30973,0,0,4695,53313,300,15516,4696,68829,California
Sacramento,2021-01-23,3733,88063,1562,54919,2171,33144,0,0,3274,56128,459,15975,3274,72103,California
Sacramento,2021-01-24,1600,89663,998,55917,602,33746,0,0,1359,57247,241,16216,1360,73463,California
Sacramento,2021-01-25,4422,94085,2171,58088,2251,35997,0,0,2947,58721,1475,17691,2949,76412,California
Sacramento,2021-01-26,4726,98811,2139,60227,2587,38584,0,0,3523,61045,1201,18892,3525,79937,California
Sacramento,2021-01-27,5813,104624,3055,63282,2758,41342,0,0,4205,63647,1605,20497,4207,84144,California
Sacramento,2021-01-28,5379,110003,2725,66007,2654,43996,0,0,4285,66840,1093,21590,4286,88430,California
Sacramento,2021-01-29,5400,115403,2939,68946,2461,46457,0,0,4370,70189,1021,22611,4370,92800,California
Sacramento,2021-01-30,4512,119915,2206,71152,2306,48763,0,0,4076,73831,434,23045,4076,96876,California
Sacramento,2021-01-31,2315,122230,2021,73173,294,49057,0,0,2038,75596,275,23320,2040,98916,California
Sacramento,2021-02-01,5921,128151,3023,76196,2898,51955,0,0,4252,78184,1664,24984,4252,103168,California
Sacramento,2021-02-02,6938,135089,3768,79964,3170,55125,0,0,4798,80863,2121,27105,4800,107968,California
Sacramento,2021-02-03,7149,142238,3606,83570,3543,58668,0,0,5284,84294,1855,28960,5286,113254,California
Sacramento,2021-02-04,7724,149962,3645,87215,4079,62747,0,0,5499,87578,2215,31175,5499,118753,California
Sacramento,2021-02-05,7858,157820,4494,91709,3364,66111,0,0,4911,89568,2924,34099,4914,123667,California
Sacramento,2021-02-06,8453,166273,3465,95174,4988,71099,0,0,7113,95346,1336,35435,7114,130781,California
Sacramento,2021-02-07,4084,170357,2198,97372,1886,72985,0,0,2856,96984,1220,36655,2858,133639,California
Sacramento,2021-02-08,6200,176557,3208,100580,2992,75977,0,0,3886,98560,2310,38965,3886,137525,California
Sacramento,2021-02-09,6802,183359,3586,104166,3216,79193,0,0,4006,99780,2787,41752,4007,141532,California
Sacramento,2021-02-10,7665,191024,4178,108344,3487,82680,0,0,4530,101190,3122,44874,4532,146064,California
Sacramento,2021-02-11,9611,200635,5748,114092,3863,86543,0,0,5547,102690,4049,48923,5549,151613,California
Sacramento,2021-02-12,10667,211302,4144,118236,6523,93066,0,0,6400,104887,4206,53129,6403,158016,California
Sacramento,2021-02-13,7678,218980,2992,121228,4686,97752,0,0,6086,109385,1589,54718,6087,164103,California
Sacramento,2021-02-14,3171,222151,1951,123179,1220,98972,0,0,2088,110397,1080,55798,2092,166195,California
Sacramento,2021-02-15,5992,228143,2046,125225,3946,102918,0,0,4164,112743,1820,57618,4166,170361,California
Sacramento,2021-02-16,9232,237375,4202,129427,5030,107948,0,0,5318,114158,3907,61525,5322,175683,California
Sacramento,2021-02-17,8838,246213,4989,134416,3849,111797,0,0,5138,115610,3688,65213,5140,180823,California
Sacramento,2021-02-18,9562,255775,5721,140137,3841,115638,0,0,5755,117569,3799,69012,5758,186581,California
Sacramento,2021-02-19,10013,265788,6141,146278,3872,119510,0,0,5915,119405,4085,73097,5921,192502,California
Sacramento,2021-02-20,7747,273535,5724,152002,2023,121533,0,0,4695,121057,3044,76141,4696,197198,California
Sacramento,2021-02-21,2950,276485,2345,154347,605,122138,0,0,1032,120177,1912,78053,1032,198230,California
Sacramento,2021-02-22,6194,282679,3750,158097,2444,124582,0,0,2687,119372,3496,81549,2691,200921,California
Sacramento,2021-02-23,7145,289824,4443,162540,2702,127284,0,0,3468,119183,3661,85210,3472,204393,California
Sacramento,2021-02-24,9654,299478,5297,167837,4357,131641,0,0,5252,120054,4385,89595,5256,209649,California
Sacramento,2021-02-25,10924,310402,6229,174066,4695,136336,0,0,6410,121966,4498,94093,6410,216059,California
Sacramento,2021-02-26,13919,324321,6480,180546,7439,143775,0,0,9585,127252,4302,98395,9588,225647,California
Sacramento,2021-02-27,10818,335139,6722,187268,4093,147868,3,3,7950,132360,2845,101240,7953,233600,California
Sacramento,2021-02-28,5619,340758,2229,189497,3390,151258,0,3,2589,131935,3015,104255,2590,236190,California
Sacramento,2021-03-01,8054,348812,3476,192973,4577,155835,1,4,4354,132613,3679,107934,4357,240547,California
Sacramento,2021-03-02,9258,358070,4023,196996,5234,161069,1,5,5691,134757,3551,111485,5695,246242,California
Sacramento,2021-03-03,10939,369009,5009,202005,5927,166996,3,8,6525,136893,4394,115879,6530,252772,California
Sacramento,2021-03-04,13419,382428,6171,208176,7244,174240,4,12,7462,138440,5925,121804,7472,260244,California
Sacramento,2021-03-05,10581,393009,4883,213059,5668,179908,30,42,7034,141978,3526,125330,7064,267308,California
Sacramento,2021-03-06,8102,401111,3110,216169,4870,184778,122,164,4101,142217,3983,129313,4222,271530,California
Sacramento,2021-03-07,7593,408704,2202,218371,5304,190082,87,251,3733,142180,3855,133168,3818,275348,California
Sacramento,2021-03-08,9103,417807,4247,222618,4632,194714,224,475,5963,145237,3128,136296,6185,281533,California
Sacramento,2021-03-09,9558,427365,4527,227145,4739,199453,292,767,5493,146973,4049,140345,5785,287318,California
Sacramento,2021-03-10,11726,439091,7481,234626,3890,203343,355,1122,6853,149344,4838,145183,7209,294527,California
Sacramento,2021-03-11,14997,454088,9964,244590,4237,207580,796,1918,8923,153027,6035,151218,9718,304245,California
Sacramento,2021-03-12,17968,472056,8311,252901,8823,216403,834,2752,8841,153636,9074,160292,9683,313928,California
Sacramento,2021-03-13,12951,485007,3570,256471,8957,225360,424,3176,7857,156831,5083,165375,8278,322206,California
Sacramento,2021-03-14,8378,493385,3465,259936,4283,229643,630,3806,4470,158046,3884,169259,5099,327305,California
Sacramento,2021-03-15,12166,505551,4822,264758,6693,236336,651,4457,7077,160707,5068,174327,7729,335034,California
Sacramento,2021-03-16,13981,519532,6210,270968,7132,243468,639,5096,8639,164670,5309,179636,9272,344306,California
Sacramento,2021-03-17,13642,533174,6574,277542,6457,249925,611,5707,8811,169293,4804,184440,9427,353733,California
Sacramento,2021-03-18,15634,548808,8218,285760,6852,256777,564,6271,10104,174462,5499,189939,10668,364401,California
Sacramento,2021-03-19,15585,564393,7960,293720,6254,263031,1371,7642,8117,176506,7441,197380,9485,373886,California
Sacramento,2021-03-20,12892,577285,7531,301251,5022,268053,339,7981,8163,180312,4698,202078,8504,382390,California
Sacramento,2021-03-21,5594,582879,2750,304001,2805,270858,39,8020,4942,184655,640,202718,4983,387373,California
Sacramento,2021-03-22,9373,592252,4799,308800,3721,274579,853,8873,6285,188732,3062,205780,7139,394512,California
Sacramento,2021-03-23,11323,603575,6749,315549,3765,278344,809,9682,7316,192885,3969,209749,8122,402634,California
Sacramento,2021-03-24,11847,615422,7270,322819,3947,282291,630,10312,6747,195244,5019,214768,7378,410012,California
Sacramento,2021-03-25,14101,629523,8325,331144,4966,287257,810,11122,8565,199125,5492,220260,9373,419385,California
Sacramento,2021-03-26,18247,647770,8938,340082,8821,296078,488,11610,9237,199910,8942,229202,9727,429112,California
Sacramento,2021-03-27,9685,657455,3565,343647,5831,301909,289,11899,5216,200973,4438,233640,5501,434613,California
Sacramento,2021-03-28,6522,663977,3215,346862,3059,304968,248,12147,3129,200970,3383,237023,3380,437993,California
Sacramento,2021-03-29,11010,674987,5895,352757,4745,309713,370,12517,5216,200792,5766,242789,5588,443581,California
Sacramento,2021-03-30,11845,686832,6082,358839,5371,315084,392,12909,6057,201475,5765,248554,6448,450029,California
Sacramento,2021-03-31,13413,700245,7842,366681,5175,320259,396,13305,5679,199835,7707,256261,6067,456096,California
Sacramento,2021-04-01,17322,717567,10415,377096,6686,326945,221,13526,7311,197403,9975,266236,7543,463639,California
Sacramento,2021-04-02,17045,734612,9664,386760,6651,333596,730,14256,8972,199067,8042,274278,9706,473345,California
Sacramento,2021-04-03,10360,744972,6175,392935,3636,337232,549,14805,6363,202010,3969,278247,6912,480257,California
Sacramento,2021-04-04,3694,748666,1523,394458,1982,339214,189,14994,1452,201411,2237,280484,1638,481895,California
Sacramento,2021-04-05,12009,760675,7534,401992,3644,342858,831,15825,5365,200990,6610,287094,6189,488084,California
Sacramento,2021-04-06,15535,776210,8835,410827,5374,348232,1326,17151,6874,200557,8629,295723,8196,496280,California
Sacramento,2021-04-07,14698,790908,7955,418782,5163,353395,1580,18731,7105,201673,7559,303282,8675,504955,California
Sacramento,2021-04-08,14905,805813,6686,425468,5270,358665,2949,21680,5921,201579,8951,312233,8857,513812,California
Sacramento,2021-04-09,18095,823908,9253,434721,6659,365324,2183,23863,7319,200334,10739,322972,9494,523306,California
Sacramento,2021-04-10,12549,836457,3819,438540,7526,372850,1204,25067,5089,199168,7434,330406,6268,529574,California
Sacramento,2021-04-11,10711,847168,4316,442856,6171,379021,224,25291,3790,196286,6895,337301,4013,533587,California
Sacramento,2021-04-12,12882,860050,5005,447861,6015,385036,1862,27153,4927,195159,7901,345202,6774,540361,California
Sacramento,2021-04-13,16206,876256,9921,457782,6281,391317,4,27157,7536,194060,8643,353845,7544,547905,California
Sacramento,2021-04-14,14881,891137,7939,465721,6940,398257,2,27159,5886,190986,8965,362810,5891,553796,California
Sacramento,2021-04-15,16282,907419,8384,474105,7896,406153,2,27161,6602,187951,9643,372453,6608,560404,California
Sacramento,2021-04-16,17373,924792,9611,483716,7762,413915,0,27161,7874,186367,9460,381913,7876,568280,California
Sacramento,2021-04-17,15237,940029,6123,489839,9114,423029,0,27161,11030,193213,4188,386101,11034,579314,California
Sacramento,2021-04-18,8429,948458,3063,492902,5366,428395,0,27161,3742,192283,4673,390774,3743,583057,California
Sacramento,2021-04-19,10573,959031,5712,498614,4857,433252,4,27165,4700,191135,5854,396628,4706,587763,California
Sacramento,2021-04-20,11095,970126,6744,505358,4348,437600,3,27168,5908,191882,5168,401796,5915,593678,California
Sacramento,2021-04-21,11457,981583,6625,511983,4830,442430,2,27170,6221,192897,5209,407005,6224,599902,California
Sacramento,2021-04-22,14774,996357,9869,521852,4902,447332,3,27173,6811,191776,7937,414942,6816,606718,California
Sacramento,2021-04-23,15806,1012163,9998,531850,5808,453140,0,27173,7339,190685,8431,423373,7340,614058,California
Sacramento,2021-04-24,11312,1023475,7008,538858,4303,457443,1,27174,5934,191280,5341,428714,5936,619994,California
Sacramento,2021-04-25,7974,1031449,4480,543338,3494,460937,0,27174,4157,191633,3805,432519,4158,624152,California
Sacramento,2021-04-26,10199,1041648,6404,549742,3770,464707,25,27199,4677,190844,5492,438011,4703,628855,California
Sacramento,2021-04-27,11606,1053254,7631,557373,3856,468563,119,27318,5619,190623,5960,443971,5739,634594,California
Sacramento,2021-04-28,9988,1063242,5695,563068,4092,472655,201,27519,5347,191561,4615,448586,5553,640147,California
Sacramento,2021-04-29,10156,1073398,6789,569857,3062,475717,305,27824,5339,192423,4783,453369,5645,645792,California
Sacramento,2021-04-30,12402,1085800,7790,577647,4350,480067,262,28086,5861,192052,6495,459864,6124,651916,California
Sacramento,2021-05-01,7552,1093352,5463,583110,1916,481983,173,28259,2748,190203,4770,464634,2921,654837,California
Sacramento,2021-05-02,3809,1097161,3159,586269,542,482525,108,28367,2160,190838,1631,466265,2266,657103,California
Sacramento,2021-05-03,9081,1106242,7268,593537,1535,484060,278,28645,3939,189931,5119,471384,4212,661315,California
Sacramento,2021-05-04,9357,1115599,5683,599220,3367,487427,307,28952,3792,188506,5523,476907,4098,665413,California
Sacramento,2021-05-05,10941,1126540,5907,605127,4583,492010,451,29403,4412,186875,6490,483397,4859,670272,California
Sacramento,2021-05-06,11154,1137694,6208,611335,4649,496659,297,29700,4657,185630,6197,489594,4952,675224,California
Sacramento,2021-05-07,10580,1148274,6163,617498,4043,500702,374,30074,4461,184398,6068,495662,4836,680060,California
Sacramento,2021-05-08,8148,1156422,3815,621313,4104,504806,229,30303,2700,181910,5413,501075,2925,682985,California
Sacramento,2021-05-09,3167,1159589,1655,622968,1400,506206,112,30415,1193,181255,1960,503035,1305,684290,California
Sacramento,2021-05-10,8049,1167638,3724,626692,4057,510263,268,30683,1983,177470,6037,509072,2252,686542,California
Sacramento,2021-05-11,8051,1175689,5027,631719,2784,513047,240,30923,2781,175249,5240,514312,3019,689561,California
Sacramento,2021-05-12,7960,1183649,4734,636453,2995,516042,231,31154,2687,172927,5240,519552,2918,692479,California
Sacramento,2021-05-13,10430,1194079,6553,643006,3655,519697,222,31376,3742,170238,6657,526209,3968,696447,California
Sacramento,2021-05-14,11399,1205478,6286,649292,4844,524541,269,31645,4524,168203,6828,533037,4793,701240,California
Sacramento,2021-05-15,7576,1213054,4103,653395,3366,527907,107,31752,3602,167970,3946,536983,3713,704953,California
Sacramento,2021-05-16,3808,1216862,2574,655969,1181,529088,53,31805,1160,166552,2631,539614,1213,706166,California
San Benito,2020-12-16,2,2,2,2,0,0,0,0,2,2,0,0,2,2,California
San Benito,2020-12-17,8,10,8,10,0,0,0,0,8,10,0,0,8,10,California
San Benito,2020-12-18,32,42,32,42,0,0,0,0,32,42,0,0,32,42,California
San Benito,2020-12-19,47,89,47,89,0,0,0,0,47,89,0,0,47,89,California
San Benito,2020-12-20,23,112,23,112,0,0,0,0,23,112,0,0,23,112,California
San Benito,2020-12-21,48,160,48,160,0,0,0,0,48,160,0,0,48,160,California
San Benito,2020-12-22,65,225,65,225,0,0,0,0,65,225,0,0,65,225,California
San Benito,2020-12-23,48,273,36,261,12,12,0,0,48,273,0,0,48,273,California
San Benito,2020-12-24,12,285,4,265,8,20,0,0,12,285,0,0,12,285,California
San Benito,2020-12-25,4,289,4,269,0,20,0,0,4,289,0,0,4,289,California
San Benito,2020-12-26,13,302,4,273,9,29,0,0,13,302,0,0,13,302,California
San Benito,2020-12-27,8,310,7,280,1,30,0,0,8,310,0,0,8,310,California
San Benito,2020-12-28,63,373,36,316,27,57,0,0,63,373,0,0,63,373,California
San Benito,2020-12-29,50,423,21,337,29,86,0,0,50,423,0,0,50,423,California
San Benito,2020-12-30,59,482,37,374,22,108,0,0,59,482,0,0,59,482,California
San Benito,2020-12-31,19,501,2,376,17,125,0,0,19,501,0,0,19,501,California
San Benito,2021-01-02,25,526,24,400,1,126,0,0,25,526,0,0,25,526,California
San Benito,2021-01-03,3,529,1,401,2,128,0,0,3,529,0,0,3,529,California
San Benito,2021-01-04,62,591,23,424,39,167,0,0,62,591,0,0,62,591,California
San Benito,2021-01-05,119,710,37,461,82,249,0,0,116,704,3,3,116,707,California
San Benito,2021-01-06,97,807,42,503,55,304,0,0,83,773,14,17,83,790,California
San Benito,2021-01-07,80,887,43,546,37,341,0,0,52,797,28,45,52,842,California
San Benito,2021-01-08,131,1018,67,613,64,405,0,0,87,840,44,89,87,929,California
San Benito,2021-01-09,43,1061,30,643,13,418,0,0,30,857,13,102,30,959,California
San Benito,2021-01-10,16,1077,14,657,2,420,0,0,5,851,11,113,5,964,California
San Benito,2021-01-11,100,1177,59,716,41,461,0,0,47,845,53,166,47,1011,California
San Benito,2021-01-12,157,1334,53,769,104,565,0,0,121,930,36,202,121,1132,California
San Benito,2021-01-13,191,1525,35,804,156,721,0,0,164,1067,27,229,164,1296,California
San Benito,2021-01-14,116,1641,23,827,93,814,0,0,99,1149,17,246,99,1395,California
San Benito,2021-01-15,214,1855,21,848,193,1007,0,0,200,1335,14,260,200,1595,California
San Benito,2021-01-16,27,1882,9,857,18,1025,0,0,21,1350,6,266,21,1616,California
San Benito,2021-01-17,11,1893,5,862,6,1031,0,0,8,1355,3,269,8,1624,California
San Benito,2021-01-18,36,1929,23,885,13,1044,0,0,21,1361,15,284,21,1645,California
San Benito,2021-01-19,152,2081,65,950,87,1131,0,0,125,1459,27,311,125,1770,California
San Benito,2021-01-20,275,2356,94,1044,181,1312,0,0,229,1643,45,356,229,1999,California
San Benito,2021-01-21,125,2481,32,1076,93,1405,0,0,100,1718,25,381,100,2099,California
San Benito,2021-01-22,231,2712,19,1095,212,1617,0,0,221,1929,10,391,221,2320,California
San Benito,2021-01-23,31,2743,17,1112,14,1631,0,0,13,1924,18,409,13,2333,California
San Benito,2021-01-24,11,2754,3,1115,8,1639,0,0,7,1927,4,413,7,2340,California
San Benito,2021-01-25,67,2821,25,1140,42,1681,0,0,21,1902,46,459,21,2361,California
San Benito,2021-01-26,134,2955,41,1181,93,1774,0,0,81,1930,53,512,81,2442,California
San Benito,2021-01-27,230,3185,69,1250,161,1935,0,0,190,2080,40,552,190,2632,California
San Benito,2021-01-28,155,3340,32,1282,123,2058,0,0,123,2172,31,583,123,2755,California
San Benito,2021-01-29,284,3624,31,1313,253,2311,0,0,261,2411,22,605,261,3016,California
San Benito,2021-01-30,51,3675,32,1345,19,2330,0,0,28,2416,23,628,28,3044,California
San Benito,2021-01-31,16,3691,5,1350,11,2341,0,0,11,2422,5,633,11,3055,California
San Benito,2021-02-01,133,3824,28,1378,105,2446,0,0,89,2467,44,677,89,3144,California
San Benito,2021-02-02,226,4050,49,1427,177,2623,0,0,136,2513,90,767,136,3280,California
San Benito,2021-02-03,336,4386,42,1469,294,2917,0,0,272,2721,64,831,272,3552,California
San Benito,2021-02-04,162,4548,24,1493,138,3055,0,0,118,2795,44,875,118,3670,California
San Benito,2021-02-05,291,4839,40,1533,251,3306,0,0,228,2960,63,938,228,3898,California
San Benito,2021-02-06,49,4888,9,1542,40,3346,0,0,32,2975,17,955,32,3930,California
San Benito,2021-02-07,15,4903,7,1549,8,3354,0,0,14,2988,1,956,14,3944,California
San Benito,2021-02-08,138,5041,15,1564,123,3477,0,0,92,3034,46,1002,92,4036,California
San Benito,2021-02-09,327,5368,64,1628,263,3740,0,0,194,3095,133,1135,194,4230,California
San Benito,2021-02-10,320,5688,88,1716,232,3972,0,0,111,2998,208,1343,111,4341,California
San Benito,2021-02-11,297,5985,33,1749,264,4236,0,0,199,3099,98,1441,199,4540,California
San Benito,2021-02-12,411,6396,30,1779,381,4617,0,0,207,3103,203,1644,207,4747,California
San Benito,2021-02-13,57,6453,8,1787,49,4666,0,0,43,3132,14,1658,43,4790,California
San Benito,2021-02-14,40,6493,5,1792,35,4701,0,0,30,3152,10,1668,30,4820,California
San Benito,2021-02-15,105,6598,9,1801,96,4797,0,0,94,3235,11,1679,94,4914,California
San Benito,2021-02-16,205,6803,11,1812,194,4991,0,0,101,3232,104,1783,101,5015,California
San Benito,2021-02-17,327,7130,30,1842,297,5288,0,0,278,3461,49,1832,278,5293,California
San Benito,2021-02-18,293,7423,38,1880,255,5543,0,0,72,3312,221,2053,72,5365,California
San Benito,2021-02-19,342,7765,45,1925,297,5840,0,0,177,3324,165,2218,177,5542,California
San Benito,2021-02-20,45,7810,26,1951,19,5859,0,0,36,3351,9,2227,36,5578,California
San Benito,2021-02-21,23,7833,8,1959,15,5874,0,0,14,3356,9,2236,14,5592,California
San Benito,2021-02-22,133,7966,36,1995,97,5971,0,0,99,3422,33,2269,99,5691,California
San Benito,2021-02-23,374,8340,92,2087,282,6253,0,0,262,3572,112,2381,262,5953,California
San Benito,2021-02-24,378,8718,64,2151,314,6567,0,0,238,3670,140,2521,238,6191,California
San Benito,2021-02-25,393,9111,63,2214,330,6897,0,0,272,3819,123,2644,272,6463,California
San Benito,2021-02-26,640,9751,72,2286,568,7465,0,0,397,3973,243,2887,397,6860,California
San Benito,2021-02-27,98,9849,36,2322,62,7527,0,0,83,4041,15,2902,83,6943,California
San Benito,2021-02-28,249,10098,24,2346,225,7752,0,0,240,4272,9,2911,240,7183,California
San Benito,2021-03-01,224,10322,59,2405,165,7917,0,0,155,4357,70,2981,155,7338,California
San Benito,2021-03-02,276,10598,90,2495,186,8103,0,0,206,4493,70,3051,206,7544,California
San Benito,2021-03-03,396,10994,58,2553,338,8441,0,0,220,4539,174,3225,220,7764,California
San Benito,2021-03-04,610,11604,124,2677,471,8912,15,15,429,4791,181,3406,433,8197,California
San Benito,2021-03-05,582,12186,305,2982,265,9177,12,27,373,4968,208,3614,385,8582,California
San Benito,2021-03-06,191,12377,67,3049,110,9287,14,41,139,5069,52,3666,153,8735,California
San Benito,2021-03-07,647,13024,603,3652,22,9309,22,63,615,5674,32,3698,637,9372,California
San Benito,2021-03-08,288,13312,66,3718,176,9485,46,109,167,5766,121,3819,213,9585,California
San Benito,2021-03-09,423,13735,84,3802,240,9725,99,208,137,5690,285,4104,209,9794,California
San Benito,2021-03-10,402,14137,114,3916,193,9918,95,303,232,5847,170,4274,327,10121,California
San Benito,2021-03-11,467,14604,119,4035,196,10114,152,455,206,5944,261,4535,358,10479,California
San Benito,2021-03-12,513,15117,117,4152,301,10415,95,550,230,5989,281,4816,326,10805,California
San Benito,2021-03-13,201,15318,101,4253,82,10497,18,568,127,6063,71,4887,145,10950,California
San Benito,2021-03-14,232,15550,40,4293,172,10669,20,588,180,6212,51,4938,200,11150,California
San Benito,2021-03-15,325,15875,100,4393,206,10875,19,607,191,6288,134,5072,210,11360,California
San Benito,2021-03-16,499,16374,219,4612,249,11124,31,638,352,6523,147,5219,382,11742,California
San Benito,2021-03-17,785,17159,476,5088,288,11412,21,659,558,6871,223,5442,571,12313,California
San Benito,2021-03-18,786,17945,525,5613,206,11618,55,714,572,7277,212,5654,618,12931,California
San Benito,2021-03-19,777,18722,404,6017,350,11968,23,737,577,7677,200,5854,600,13531,California
San Benito,2021-03-20,240,18962,148,6165,80,12048,12,749,184,7817,56,5910,196,13727,California
San Benito,2021-03-21,108,19070,56,6221,47,12095,5,754,81,7876,27,5937,86,13813,California
San Benito,2021-03-22,345,19415,170,6391,150,12245,25,779,221,7998,124,6061,246,14059,California
San Benito,2021-03-23,476,19891,198,6589,268,12513,10,789,216,7963,260,6321,225,14284,California
San Benito,2021-03-24,575,20466,305,6894,263,12776,7,796,360,8116,214,6535,367,14651,California
San Benito,2021-03-25,742,21208,441,7335,297,13073,4,800,442,8266,296,6831,446,15097,California
San Benito,2021-03-26,1002,22210,518,7853,481,13554,3,803,333,7934,668,7499,336,15433,California
San Benito,2021-03-27,332,22542,184,8037,115,13669,33,836,215,8066,116,7615,248,15681,California
San Benito,2021-03-28,694,23236,571,8608,118,13787,5,841,125,7627,569,8184,130,15811,California
San Benito,2021-03-29,344,23580,109,8717,215,14002,20,861,149,7600,195,8379,168,15979,California
San Benito,2021-03-30,573,24153,269,8986,210,14212,94,955,288,7697,285,8664,382,16361,California
San Benito,2021-03-31,584,24737,358,9344,203,14415,23,978,334,7807,247,8911,357,16718,California
San Benito,2021-04-01,933,25670,374,9718,521,14936,38,1016,557,8021,375,9286,589,17307,California
San Benito,2021-04-02,541,26211,264,9982,142,15078,135,1151,267,8149,274,9560,402,17709,California
San Benito,2021-04-03,253,26464,87,10069,104,15182,62,1213,75,8108,178,9738,137,17846,California
San Benito,2021-04-04,144,26608,109,10178,30,15212,5,1218,107,8183,37,9775,112,17958,California
San Benito,2021-04-05,352,26960,170,10348,140,15352,42,1260,143,8158,209,9984,184,18142,California
San Benito,2021-04-06,458,27418,160,10508,123,15475,175,1435,155,8185,303,10287,330,18472,California
San Benito,2021-04-07,924,28342,522,11030,213,15688,189,1624,255,7962,667,10954,444,18916,California
San Benito,2021-04-08,853,29195,427,11457,176,15864,250,1874,221,7802,631,11585,471,19387,California
San Benito,2021-04-09,836,30031,496,11953,250,16114,90,1964,288,7632,548,12133,378,19765,California
San Benito,2021-04-10,327,30358,199,12152,71,16185,57,2021,181,7724,146,12279,238,20003,California
San Benito,2021-04-11,470,30828,270,12422,167,16352,33,2054,263,7793,207,12486,276,20279,California
San Benito,2021-04-12,529,31357,286,12708,131,16483,112,2166,279,7931,249,12735,387,20666,California
San Benito,2021-04-13,753,32110,290,12998,440,16923,23,2189,523,8249,229,12964,547,21213,California
San Benito,2021-04-14,829,32939,651,13649,178,17101,0,2189,395,8215,429,13393,395,21608,California
San Benito,2021-04-15,940,33879,732,14381,207,17308,1,2190,467,8211,472,13865,468,22076,California
San Benito,2021-04-16,700,34579,367,14748,324,17632,9,2199,295,8113,402,14267,304,22380,California
San Benito,2021-04-17,314,34893,225,14973,89,17721,0,2199,127,8051,189,14456,127,22507,California
San Benito,2021-04-18,491,35384,410,15383,81,17802,0,2199,241,8043,250,14706,242,22749,California
San Benito,2021-04-19,729,36113,588,15971,141,17943,0,2199,410,8136,318,15024,411,23160,California
San Benito,2021-04-20,748,36861,400,16371,347,18290,1,2200,474,8341,269,15293,474,23634,California
San Benito,2021-04-21,952,37813,701,17072,251,18541,0,2200,520,8443,418,15711,520,24154,California
San Benito,2021-04-22,894,38707,692,17764,202,18743,0,2200,568,8693,318,16029,568,24722,California
San Benito,2021-04-23,626,39333,395,18159,230,18973,1,2201,339,8795,238,16267,340,25062,California
San Benito,2021-04-24,354,39687,201,18360,153,19126,0,2201,164,8808,151,16418,164,25226,California
San Benito,2021-04-25,200,39887,123,18483,77,19203,0,2201,89,8805,92,16510,89,25315,California
San Benito,2021-04-26,480,40367,384,18867,96,19299,0,2201,254,8893,166,16676,254,25569,California
San Benito,2021-04-27,537,40904,278,19145,252,19551,7,2208,402,9177,125,16801,409,25978,California
San Benito,2021-04-28,541,41445,384,19529,148,19699,9,2217,378,9405,158,16959,386,26364,California
San Benito,2021-04-29,621,42066,230,19759,381,20080,10,2227,248,9307,373,17332,275,26639,California
San Benito,2021-04-30,369,42435,204,19963,158,20238,7,2234,198,9343,169,17501,205,26844,California
San Benito,2021-05-01,194,42629,143,20106,43,20281,8,2242,65,9289,127,17628,73,26917,California
San Benito,2021-05-02,189,42818,161,20267,24,20305,4,2246,58,9220,131,17759,62,26979,California
San Benito,2021-05-03,356,43174,281,20548,66,20371,9,2255,84,9043,272,18031,95,27074,California
San Benito,2021-05-04,391,43565,243,20791,142,20513,6,2261,148,8957,241,18272,155,27229,California
San Benito,2021-05-05,600,44165,423,21214,161,20674,16,2277,210,8795,388,18660,226,27455,California
San Benito,2021-05-06,610,44775,484,21698,111,20785,15,2292,220,8644,386,19046,235,27690,California
San Benito,2021-05-07,447,45222,284,21982,153,20938,10,2302,172,8556,273,19319,185,27875,California
San Benito,2021-05-08,275,45497,224,22206,46,20984,5,2307,158,8602,117,19436,163,28038,California
San Benito,2021-05-09,100,45597,75,22281,22,21006,3,2310,47,8599,53,19489,50,28088,California
San Benito,2021-05-10,406,46003,320,22601,62,21068,24,2334,51,8320,355,19844,76,28164,California
San Benito,2021-05-11,804,46807,405,23006,385,21453,14,2348,177,7887,625,20469,192,28356,California
San Benito,2021-05-12,479,47286,388,23394,80,21533,11,2359,114,7649,364,20833,126,28482,California
San Benito,2021-05-13,654,47940,557,23951,85,21618,12,2371,163,7334,489,21322,174,28656,California
San Benito,2021-05-14,539,48479,390,24341,142,21760,7,2378,197,7197,341,21663,204,28860,California
San Benito,2021-05-15,126,48605,103,24444,17,21777,6,2384,84,7245,42,21705,90,28950,California
San Benito,2021-05-16,30,48635,18,24462,10,21787,2,2386,7,7231,23,21728,9,28959,California
San Bernardino,2020-12-15,13,13,13,13,0,0,0,0,13,13,0,0,13,13,California
San Bernardino,2020-12-16,107,120,107,120,0,0,0,0,107,120,0,0,107,120,California
San Bernardino,2020-12-17,2358,2478,2358,2478,0,0,0,0,2358,2478,0,0,2358,2478,California
San Bernardino,2020-12-18,3143,5621,3140,5618,3,3,0,0,3144,5622,0,0,3144,5622,California
San Bernardino,2020-12-19,1069,6690,1068,6686,1,4,0,0,1070,6692,0,0,1070,6692,California
San Bernardino,2020-12-20,1178,7868,1175,7861,3,7,0,0,1178,7870,0,0,1178,7870,California
San Bernardino,2020-12-21,2451,10319,2446,10307,5,12,0,0,2451,10321,0,0,2451,10321,California
San Bernardino,2020-12-22,2269,12588,2143,12450,126,138,0,0,2270,12591,0,0,2270,12591,California
San Bernardino,2020-12-23,2649,15237,1456,13906,1193,1331,0,0,2647,15238,0,0,2647,15238,California
San Bernardino,2020-12-24,1158,16395,581,14487,577,1908,0,0,1160,16398,0,0,1160,16398,California
San Bernardino,2020-12-25,75,16470,14,14501,61,1969,0,0,75,16473,0,0,75,16473,California
San Bernardino,2020-12-26,462,16932,254,14755,208,2177,0,0,462,16935,0,0,462,16935,California
San Bernardino,2020-12-27,343,17275,160,14915,183,2360,0,0,343,17278,0,0,343,17278,California
San Bernardino,2020-12-28,1570,18845,713,15628,857,3217,0,0,1571,18849,0,0,1571,18849,California
San Bernardino,2020-12-29,2213,21058,1044,16672,1169,4386,0,0,2213,21062,0,0,2213,21062,California
San Bernardino,2020-12-30,2896,23954,1460,18132,1436,5822,0,0,2897,23959,0,0,2897,23959,California
San Bernardino,2020-12-31,1357,25311,439,18571,918,6740,0,0,1355,25314,0,0,1355,25314,California
San Bernardino,2021-01-01,283,25594,151,18722,132,6872,0,0,282,25596,0,0,282,25596,California
San Bernardino,2021-01-02,475,26069,339,19061,136,7008,0,0,475,26071,0,0,475,26071,California
San Bernardino,2021-01-03,136,26205,86,19147,50,7058,0,0,136,26207,0,0,136,26207,California
San Bernardino,2021-01-04,2123,28328,1289,20436,834,7892,0,0,2122,28329,0,0,2122,28329,California
San Bernardino,2021-01-05,2336,30664,1462,21898,874,8766,0,0,2226,30446,109,109,2226,30555,California
San Bernardino,2021-01-06,3439,34103,2353,24251,1086,9852,0,0,2945,32904,488,597,2946,33501,California
San Bernardino,2021-01-07,5421,39524,4507,28758,914,10766,0,0,2483,32468,2919,3516,2483,35984,California
San Bernardino,2021-01-08,5368,44892,4446,33204,922,11688,0,0,2292,31689,3072,6588,2293,38277,California
San Bernardino,2021-01-09,1402,46294,1100,34304,302,11990,0,0,906,32099,496,7084,906,39183,California
San Bernardino,2021-01-10,1025,47319,597,34901,428,12418,0,0,576,32226,449,7533,576,39759,California
San Bernardino,2021-01-11,4982,52301,4074,38975,908,13326,0,0,2769,32785,2210,9743,2769,42528,California
San Bernardino,2021-01-12,4233,56534,3218,42193,1015,14341,0,0,2519,33591,1713,11456,2519,45047,California
San Bernardino,2021-01-13,4564,61098,2848,45041,1716,16057,0,0,3342,35725,1209,12665,3343,48390,California
San Bernardino,2021-01-14,4796,65894,2820,47861,1976,18033,0,0,4214,39361,578,13243,4214,52604,California
San Bernardino,2021-01-15,5989,71883,2977,50838,3012,21045,0,0,5592,44569,387,13630,5595,58199,California
San Bernardino,2021-01-16,2260,74143,1294,52132,966,22011,0,0,2118,46545,142,13772,2118,60317,California
San Bernardino,2021-01-17,1192,75335,517,52649,675,22686,0,0,1102,47560,89,13861,1104,61421,California
San Bernardino,2021-01-18,4271,79606,2639,55288,1632,24318,0,0,3649,50591,621,14482,3652,65073,California
San Bernardino,2021-01-19,6316,85922,3713,59001,2603,26921,0,0,5224,54727,1090,15572,5226,70299,California
San Bernardino,2021-01-20,6827,92749,3757,62758,3070,29991,0,0,4880,57670,1939,17511,4882,75181,California
San Bernardino,2021-01-21,5994,98743,3081,65839,2913,32904,0,0,4874,61436,1111,18622,4877,80058,California
San Bernardino,2021-01-22,6527,105270,3055,68894,3472,36376,0,0,5803,66518,722,19344,5804,85862,California
San Bernardino,2021-01-23,3110,108380,1892,70786,1218,37594,0,0,2720,68849,389,19733,2720,88582,California
San Bernardino,2021-01-24,1195,109575,462,71248,733,38327,0,0,1094,69842,101,19834,1094,89676,California
San Bernardino,2021-01-25,6884,116459,3406,74654,3478,41805,0,0,5026,73016,1855,21689,5029,94705,California
San Bernardino,2021-01-26,7112,123571,3571,78225,3541,45346,0,0,5015,75935,2097,23786,5016,99721,California
San Bernardino,2021-01-27,8494,132065,4146,82371,4348,49694,0,0,5696,78841,2790,26576,5696,105417,California
San Bernardino,2021-01-28,8594,140659,4084,86455,4510,54204,0,0,6270,82792,2319,28895,6270,111687,California
San Bernardino,2021-01-29,8192,148851,3774,90229,4418,58622,0,0,6221,87057,1957,30852,6222,117909,California
San Bernardino,2021-01-30,3094,151945,1903,92132,1191,59813,0,0,2806,89576,287,31139,2806,120715,California
San Bernardino,2021-01-31,924,152869,494,92626,430,60243,0,0,870,90393,53,31192,870,121585,California
San Bernardino,2021-02-01,7558,160427,4240,96866,3318,63561,0,0,4932,92703,2623,33815,4933,126518,California
San Bernardino,2021-02-02,10437,170864,3656,100522,6781,70342,0,0,8371,99013,2062,35877,8372,134890,California
San Bernardino,2021-02-03,9002,179866,4152,104674,4850,75192,0,0,6504,103028,2490,38367,6505,141395,California
San Bernardino,2021-02-04,10531,190397,5201,109875,5330,80522,0,0,7421,107350,3099,41466,7421,148816,California
San Bernardino,2021-02-05,11001,201398,5914,115789,5087,85609,0,0,7473,111307,3517,44983,7474,156290,California
San Bernardino,2021-02-06,5264,206662,2213,118002,3051,88660,0,0,3624,113319,1615,46598,3627,159917,California
San Bernardino,2021-02-07,844,207506,490,118492,354,89014,0,0,466,113411,375,46973,467,160384,California
San Bernardino,2021-02-08,7281,214787,3880,122372,3401,92415,0,0,5609,117351,1669,48642,5609,165993,California
San Bernardino,2021-02-09,10037,224824,5813,128185,4224,96639,0,0,6800,120921,3233,51875,6803,172796,California
San Bernardino,2021-02-10,12156,236980,6540,134725,5616,102255,0,0,7978,124733,4167,56042,7979,180775,California
San Bernardino,2021-02-11,12421,249401,7127,141852,5294,107549,0,0,7923,128184,4475,60517,7926,188701,California
San Bernardino,2021-02-12,10405,259806,5945,147797,4460,112009,0,0,5687,129169,4702,65219,5687,194388,California
San Bernardino,2021-02-13,6037,265843,4013,151810,2024,114033,0,0,3793,130739,2228,67447,3798,198186,California
San Bernardino,2021-02-14,1552,267395,651,152461,901,114934,0,0,873,130941,671,68118,873,199059,California
San Bernardino,2021-02-15,5462,272857,2994,155455,2468,117402,0,0,3056,131605,2392,70510,3056,202115,California
San Bernardino,2021-02-16,12612,285469,7382,162837,5230,122632,0,0,7966,134939,4633,75143,7967,210082,California
San Bernardino,2021-02-17,11796,297265,6458,169295,5338,127970,0,0,7142,137446,4637,79780,7144,217226,California
San Bernardino,2021-02-18,12478,309743,7592,176887,4886,132856,0,0,7705,140394,4758,84538,7706,224932,California
San Bernardino,2021-02-19,11515,321258,5940,182827,5575,138431,0,0,6811,142521,4684,89222,6811,231743,California
San Bernardino,2021-02-20,4523,325781,3472,186299,1051,139482,0,0,2042,142087,2478,91700,2044,233787,California
San Bernardino,2021-02-21,1123,326904,667,186966,456,139938,0,0,389,141742,734,92434,389,234176,California
San Bernardino,2021-02-22,8654,335558,5340,192306,3314,143252,0,0,4040,141180,4603,97037,4041,238217,California
San Bernardino,2021-02-23,9117,344675,5442,197748,3675,146927,0,0,4587,141268,4499,101536,4587,242804,California
San Bernardino,2021-02-24,12431,357106,7172,204920,5259,152186,0,0,6151,141166,6254,107790,6152,248956,California
San Bernardino,2021-02-25,13069,370175,6289,211209,6780,158966,0,0,7615,143348,5436,113226,7618,256574,California
San Bernardino,2021-02-26,13588,383763,6376,217585,7212,166178,0,0,7576,144977,5949,119175,7578,264152,California
San Bernardino,2021-02-27,6638,390401,3702,221287,2935,169113,1,1,4792,147936,1834,121009,4793,268945,California
San Bernardino,2021-02-28,1756,392157,727,222014,1029,170142,0,1,1131,148447,620,121629,1131,270076,California
San Bernardino,2021-03-01,8415,400572,4340,226354,4073,174215,2,3,3832,147730,4559,126188,3842,273918,California
San Bernardino,2021-03-02,13671,414243,5379,231733,8292,182507,0,3,6425,146943,7215,133403,6428,280346,California
San Bernardino,2021-03-03,12786,427029,6454,238187,6329,188836,3,6,5964,146115,6801,140204,5973,286319,California
San Bernardino,2021-03-04,13714,440743,6877,245064,6837,195673,0,6,5954,144334,7739,147943,5958,292277,California
San Bernardino,2021-03-05,14222,454965,7375,252439,6846,202519,1,7,6892,143945,7300,155243,6911,299188,California
San Bernardino,2021-03-06,9661,464626,5408,257847,4038,206557,215,222,4522,143557,5123,160366,4735,303923,California
San Bernardino,2021-03-07,1580,466206,933,258780,592,207149,55,277,1009,144052,569,160935,1064,304987,California
San Bernardino,2021-03-08,8016,474222,3517,262297,4340,211489,159,436,3539,143283,4470,165405,3701,308688,California
San Bernardino,2021-03-09,12611,486833,7039,269336,5328,216817,244,680,4856,140643,7741,173146,5101,313789,California
San Bernardino,2021-03-10,14034,500867,7691,277027,5791,222608,552,1232,6198,139589,7808,180954,6754,320543,California
San Bernardino,2021-03-11,15519,516386,7156,284183,6777,229385,1586,2818,7365,140403,8133,189087,8947,329490,California
San Bernardino,2021-03-12,15437,531823,6834,291017,6558,235943,2045,4863,7307,141700,8100,197187,9397,338887,California
San Bernardino,2021-03-13,8292,540115,4502,295519,3278,239221,512,5375,4903,143739,3378,200565,5417,344304,California
San Bernardino,2021-03-14,3221,543336,1613,297132,1034,240255,574,5949,1785,144663,1429,201994,2353,346657,California
San Bernardino,2021-03-15,11349,554685,5339,302471,3976,244231,2034,7983,5548,146450,5788,207782,7575,354232,California
San Bernardino,2021-03-16,16146,570831,7985,310456,7216,251447,945,8928,9868,151007,6252,214034,10809,365041,California
San Bernardino,2021-03-17,17305,588136,8596,319052,7959,259406,750,9678,10487,155446,6798,220832,11237,376278,California
San Bernardino,2021-03-18,16574,604710,8195,327247,7994,267400,385,10063,9833,158947,6715,227547,10216,386494,California
San Bernardino,2021-03-19,16879,621589,8340,335587,7951,275351,588,10651,9697,162127,7158,234705,10338,396832,California
San Bernardino,2021-03-20,9394,630983,5918,341505,2888,278239,588,11239,5567,164475,3803,238508,6151,402983,California
San Bernardino,2021-03-21,2759,633742,2241,343746,470,278709,48,11287,2229,166234,518,239026,2277,405260,California
San Bernardino,2021-03-22,9585,643327,4498,348244,4652,283361,435,11722,6948,170999,2618,241644,7383,412643,California
San Bernardino,2021-03-23,15460,658787,8770,357014,6071,289432,619,12341,9676,175529,5764,247408,10294,422937,California
San Bernardino,2021-03-24,15099,673886,7793,364807,7005,296437,301,12642,10064,180894,5001,252409,10366,433303,California
San Bernardino,2021-03-25,16972,690858,8312,373119,8363,304800,297,12939,10786,185836,6137,258546,11079,444382,California
San Bernardino,2021-03-26,18072,708930,8593,381712,8711,313511,768,13707,10937,190437,7105,265651,11706,456088,California
San Bernardino,2021-03-27,10770,719700,6938,388650,3080,316591,752,14459,6178,192796,4569,270220,6928,463016,California
San Bernardino,2021-03-28,3532,723232,2467,391117,952,317543,113,14572,2490,194363,1035,271255,2602,465618,California
San Bernardino,2021-03-29,11731,734963,6083,397200,5251,322794,397,14969,7988,199022,3726,274981,8385,474003,California
San Bernardino,2021-03-30,16914,751877,9437,406637,6765,329559,712,15681,10873,204590,6008,280989,11576,485579,California
San Bernardino,2021-03-31,16381,768258,9181,415818,6569,336128,631,16312,10911,210692,5442,286431,11544,497123,California
San Bernardino,2021-04-01,19493,787751,10270,426088,7858,343986,1365,17677,12567,217729,6888,293319,13925,511048,California
San Bernardino,2021-04-02,18652,806403,9364,435452,8013,351999,1275,18952,11287,222993,7341,300660,12605,523653,California
San Bernardino,2021-04-03,11014,817417,6870,442322,3021,355020,1123,20075,6039,225197,4958,305618,7162,530815,California
San Bernardino,2021-04-04,2474,819891,1488,443810,738,355758,248,20323,1269,225515,1200,306818,1518,532333,California
San Bernardino,2021-04-05,11725,831616,5266,449076,4732,360490,1727,22050,6002,227534,5704,312522,7723,540056,California
San Bernardino,2021-04-06,19639,851255,11045,460121,6489,366979,2105,24155,10430,230892,9172,321694,12530,552586,California
San Bernardino,2021-04-07,20821,872076,11141,471262,7219,374198,2461,26616,11393,235333,9400,331094,13841,566427,California
San Bernardino,2021-04-08,21693,893769,11085,482347,8018,382216,2590,29206,11947,240142,9720,340814,14529,580956,California
San Bernardino,2021-04-09,21596,915365,10974,493321,8075,390291,2547,31753,11799,244714,9762,350576,14334,595290,California
San Bernardino,2021-04-10,15566,930931,8059,501380,3813,394104,3694,35447,7741,248330,7806,358382,11422,606712,California
San Bernardino,2021-04-11,4403,935334,2568,503948,885,394989,950,36397,2043,248965,2354,360736,2989,609701,California
San Bernardino,2021-04-12,13337,948671,6178,510126,5519,400508,1640,38037,6329,249941,6988,367724,7964,617665,California
San Bernardino,2021-04-13,19217,967888,10950,521076,8248,408756,19,38056,11016,252802,8175,375899,11036,628701,California
San Bernardino,2021-04-14,19165,987053,10249,531325,8913,417669,3,38059,10849,255370,8285,384184,10853,639554,California
San Bernardino,2021-04-15,20228,1007281,11309,542634,8913,426582,6,38065,10757,256700,9435,393619,10765,650319,California
San Bernardino,2021-04-16,18535,1025816,10523,553157,8011,434593,1,38066,9143,256492,9351,402970,9143,659462,California
San Bernardino,2021-04-17,11910,1037726,7840,560997,4070,438663,0,38066,6259,257131,5620,408590,6259,665721,California
San Bernardino,2021-04-18,2881,1040607,1975,562972,906,439569,0,38066,1317,256893,1555,410145,1317,667038,California
San Bernardino,2021-04-19,12519,1053126,6676,569648,5843,445412,0,38066,4874,254148,7623,417768,4878,671916,California
San Bernardino,2021-04-20,17567,1070693,9805,579453,7759,453171,3,38069,8048,252701,9498,427266,8051,679967,California
San Bernardino,2021-04-21,18022,1088715,10299,589752,7721,460892,2,38071,7971,250680,9994,437260,7973,687940,California
San Bernardino,2021-04-22,19113,1107828,10916,600668,8193,469085,4,38075,7847,247317,11214,448474,7851,695791,California
San Bernardino,2021-04-23,18386,1126214,10521,611189,7864,476949,1,38076,8092,245163,10249,458723,8095,703886,California
San Bernardino,2021-04-24,12778,1138992,9458,620647,3318,480267,2,38078,6886,246174,5877,464600,6888,710774,California
San Bernardino,2021-04-25,3407,1142399,2235,622882,1172,481439,0,38078,1689,246160,1704,466304,1690,712464,California
San Bernardino,2021-04-26,10453,1152852,5600,628482,4764,486203,89,38167,4424,244678,5994,472298,4512,716976,California
San Bernardino,2021-04-27,15847,1168699,9562,638044,6116,492319,169,38336,6480,242000,9326,481624,6648,723624,California
San Bernardino,2021-04-28,14634,1183333,8689,646733,5675,497994,270,38606,5255,238170,9346,490970,5516,729140,California
San Bernardino,2021-04-29,16081,1199414,9268,656001,6544,504538,269,38875,5335,233068,10703,501673,5601,734741,California
San Bernardino,2021-04-30,16488,1215902,10422,666423,5787,510325,279,39154,6046,228995,10395,512068,6322,741063,California
San Bernardino,2021-05-01,10682,1226584,8394,674817,1980,512305,308,39462,3636,225926,7010,519078,3941,745004,California
San Bernardino,2021-05-02,2916,1229500,2112,676929,673,512978,131,39593,1039,225225,1871,520949,1170,746174,California
San Bernardino,2021-05-03,10003,1239503,5753,682682,3846,516824,404,39997,2871,221393,7107,528056,3275,749449,California
San Bernardino,2021-05-04,15634,1255137,9501,692183,5682,522506,451,40448,4528,215307,11063,539119,4977,754426,California
San Bernardino,2021-05-05,15280,1270417,8792,700975,6083,528589,405,40853,4289,209057,10940,550059,4690,759116,California
San Bernardino,2021-05-06,15674,1286091,8952,709927,6310,534899,412,41265,4247,202330,11385,561444,4658,763774,California
San Bernardino,2021-05-07,15353,1301444,8636,718563,6349,541248,368,41633,4596,196591,10699,572143,4960,768734,California
San Bernardino,2021-05-08,9147,1310591,6095,724658,2809,544057,243,41876,3103,193926,6010,578153,3345,772079,California
San Bernardino,2021-05-09,1830,1312421,1132,725790,606,544663,92,41968,734,193664,1087,579240,825,772904,California
San Bernardino,2021-05-10,7356,1319777,3385,729175,3662,548325,309,42277,2240,191142,5068,584308,2546,775450,California
San Bernardino,2021-05-11,11824,1331601,6521,735696,4991,553316,312,42589,3719,187106,8070,592378,4034,779484,California
San Bernardino,2021-05-12,11910,1343511,6349,742045,5262,558578,299,42888,3385,182304,8482,600860,3680,783164,California
San Bernardino,2021-05-13,12241,1355752,7326,749371,4593,563171,322,43210,4683,179786,7518,608378,5000,788164,California
San Bernardino,2021-05-14,12558,1368310,8252,757623,3971,567142,335,43545,5069,177749,7441,615819,5404,793568,California
San Bernardino,2021-05-15,8472,1376782,6180,763803,2170,569312,122,43667,3116,175652,5332,621151,3235,796803,California
San Bernardino,2021-05-16,674,1377456,352,764155,299,569611,23,43690,256,175517,415,621566,280,797083,California
San Diego,2020-12-15,119,119,119,119,0,0,0,0,119,119,0,0,119,119,California
San Diego,2020-12-16,1103,1222,1103,1222,0,0,0,0,1103,1222,0,0,1103,1222,California
San Diego,2020-12-17,2349,3571,2349,3571,0,0,0,0,2349,3571,0,0,2349,3571,California
San Diego,2020-12-18,3671,7242,3670,7241,1,1,0,0,3671,7242,0,0,3671,7242,California
San Diego,2020-12-19,2311,9553,2311,9552,0,1,0,0,2311,9553,0,0,2311,9553,California
San Diego,2020-12-20,1184,10737,1183,10735,1,2,0,0,1184,10737,0,0,1184,10737,California
San Diego,2020-12-21,3522,14259,3521,14256,1,3,0,0,3522,14259,0,0,3522,14259,California
San Diego,2020-12-22,4058,18317,3415,17671,643,646,0,0,4058,18317,0,0,4058,18317,California
San Diego,2020-12-23,3180,21497,1977,19648,1203,1849,0,0,3180,21497,0,0,3180,21497,California
San Diego,2020-12-24,2737,24234,2219,21867,518,2367,0,0,2737,24234,0,0,2737,24234,California
San Diego,2020-12-25,875,25109,874,22741,1,2368,0,0,875,25109,0,0,875,25109,California
San Diego,2020-12-26,3293,28402,2144,24885,1149,3517,0,0,3293,28402,0,0,3293,28402,California
San Diego,2020-12-27,2507,30909,1617,26502,890,4407,0,0,2506,30907,1,1,2506,30908,California
San Diego,2020-12-28,5909,36818,4222,30724,1687,6094,0,0,5909,36816,0,1,5909,36817,California
San Diego,2020-12-29,5574,42392,3000,33724,2574,8668,0,0,5574,42390,0,1,5574,42391,California
San Diego,2020-12-30,5943,48335,3098,36822,2845,11513,0,0,5943,48333,0,1,5943,48334,California
San Diego,2020-12-31,3038,51373,1055,37877,1983,13496,0,0,3038,51371,0,1,3038,51372,California
San Diego,2021-01-01,1006,52379,452,38329,554,14050,0,0,1006,52377,0,1,1006,52378,California
San Diego,2021-01-02,3745,56124,1302,39631,2443,16493,0,0,3745,56122,0,1,3745,56123,California
San Diego,2021-01-03,859,56983,632,40263,227,16720,0,0,858,56980,0,1,858,56981,California
San Diego,2021-01-04,3702,60685,2049,42312,1653,18373,0,0,3695,60675,0,1,3695,60676,California
San Diego,2021-01-05,4371,65056,2182,44494,2189,20562,0,0,3755,63830,612,613,3767,64443,California
San Diego,2021-01-06,4947,70003,2292,46786,2655,23217,0,0,3713,66336,1211,1824,3717,68160,California
San Diego,2021-01-07,5663,75666,2982,49768,2681,25898,0,0,3505,67696,2151,3975,3511,71671,California
San Diego,2021-01-08,7869,83535,4941,54709,2928,28826,0,0,4083,68026,3769,7744,4099,75770,California
San Diego,2021-01-09,3501,87036,1940,56649,1561,30387,0,0,1951,68450,1538,9282,1962,77732,California
San Diego,2021-01-10,1882,88918,1293,57942,589,30976,0,0,780,68149,1090,10372,789,78521,California
San Diego,2021-01-11,10334,99252,5862,63804,4472,35448,0,0,6805,71450,3522,13894,6823,85344,California
San Diego,2021-01-12,11199,110451,5312,69116,5887,41335,0,0,7823,76019,3367,17261,7936,93280,California
San Diego,2021-01-13,11503,121954,5048,74164,6455,47790,0,0,8958,82469,2532,19793,8982,102262,California
San Diego,2021-01-14,12375,134329,4758,78922,7617,55407,0,0,10207,90551,2160,21953,10242,112504,California
San Diego,2021-01-15,15134,149463,5354,84276,9780,65187,0,0,12490,100470,2625,24578,12544,125048,California
San Diego,2021-01-16,10773,160236,3595,87871,7178,72365,0,0,9327,108387,1441,26019,9358,134406,California
San Diego,2021-01-17,8679,168915,2496,90367,6183,78548,0,0,7839,115406,840,26859,7859,142265,California
San Diego,2021-01-18,12869,181784,6309,96676,6560,85108,0,0,10029,122693,2801,29660,10088,152353,California
San Diego,2021-01-19,14430,196214,5500,102176,8930,94038,0,0,11309,131158,3108,32768,11573,163926,California
San Diego,2021-01-20,18330,214544,6389,108565,11941,105979,0,0,15009,143050,3300,36068,15192,179118,California
San Diego,2021-01-21,17452,231996,5939,114504,11513,117492,0,0,16060,157873,1383,37451,16206,195324,California
San Diego,2021-01-22,17612,249608,4691,119195,12921,130413,0,0,15580,171514,2018,39469,15659,210983,California
San Diego,2021-01-23,14493,264101,5282,124477,9211,139624,0,0,12136,181363,2346,41815,12195,223178,California
San Diego,2021-01-24,11902,276003,3344,127821,8558,148182,0,0,10931,191361,969,42784,10967,234145,California
San Diego,2021-01-25,12271,288274,5799,133620,6472,154654,0,0,9253,197759,3011,45795,9409,243554,California
San Diego,2021-01-26,15155,303429,7857,141477,7298,161952,0,0,11767,206329,3386,49181,11956,255510,California
San Diego,2021-01-27,20574,324003,7938,149415,12636,174588,0,0,17554,221019,3011,52192,17701,273211,California
San Diego,2021-01-28,21309,345312,7651,157066,13658,188246,0,0,19041,237882,2258,54450,19121,292332,California
San Diego,2021-01-29,19726,365038,6480,163546,13246,201492,0,0,17288,252787,2428,56878,17333,309665,California
San Diego,2021-01-30,15906,380944,3667,167213,12239,213731,0,0,13224,263436,2672,59550,13321,322986,California
San Diego,2021-01-31,14812,395756,5764,172977,9048,222779,0,0,14450,277559,358,59908,14481,337467,California
San Diego,2021-02-01,20923,416679,7625,180602,13298,236077,0,0,17466,291658,3443,63351,17542,355009,California
San Diego,2021-02-02,22964,439643,8448,189050,14516,250593,0,0,19606,308084,3349,66700,19775,374784,California
San Diego,2021-02-03,27661,467304,11766,200816,15895,266488,0,0,23351,327333,4292,70992,23541,398325,California
San Diego,2021-02-04,24262,491566,9907,210723,14355,280843,0,0,19627,342623,4618,75610,19908,418233,California
San Diego,2021-02-05,24974,516540,8933,219656,16041,296884,0,0,18286,354693,6664,82274,18734,436967,California
San Diego,2021-02-06,20780,537320,8554,228210,12226,309110,0,0,17529,369195,3248,85522,17750,454717,California
San Diego,2021-02-07,12137,549457,5377,233587,6760,315870,0,0,10253,377833,1873,87395,10511,465228,California
San Diego,2021-02-08,20128,569585,8537,242124,11591,327461,0,0,12678,383757,7439,94834,13363,478591,California
San Diego,2021-02-09,20483,590068,8320,250444,12163,339624,0,0,13195,390754,7268,102102,14265,492856,California
San Diego,2021-02-10,22982,613050,9343,259787,13639,353263,0,0,13866,396930,9059,111161,15235,508091,California
San Diego,2021-02-11,23834,636884,10175,269962,13659,366922,0,0,12757,400324,11048,122209,14442,522533,California
San Diego,2021-02-12,23848,660732,7454,277416,16394,383316,0,0,11903,402563,11926,134135,14165,536698,California
San Diego,2021-02-13,20055,680787,9044,286460,11011,394327,0,0,10913,405542,9136,143271,12115,548813,California
San Diego,2021-02-14,11187,691974,7432,293892,3755,398082,0,0,6329,408527,4854,148125,7839,556652,California
San Diego,2021-02-15,15284,707258,7774,301666,7510,405592,0,0,7847,412023,7415,155540,10911,567563,California
San Diego,2021-02-16,19290,726548,11262,312928,8028,413620,0,0,9240,414195,10038,165578,12210,579773,California
San Diego,2021-02-17,23400,749948,10984,323912,12416,426036,0,0,8114,410120,15272,180850,11197,590970,California
San Diego,2021-02-18,23572,773520,12010,335922,11562,437598,0,0,7788,406209,15773,196623,11862,602832,California
San Diego,2021-02-19,15918,789438,10925,346847,4993,442591,0,0,6634,405554,9264,205887,8609,611441,California
San Diego,2021-02-20,10267,799705,6369,353216,3898,446489,0,0,5817,408826,4448,210335,7720,619161,California
San Diego,2021-02-21,11559,811264,10146,363362,1413,447902,0,0,5183,409173,6346,216681,6693,625854,California
San Diego,2021-02-22,12458,823722,10599,373961,1859,449761,0,0,5763,409883,6688,223369,7398,633252,California
San Diego,2021-02-23,25896,849618,14520,388481,11376,461137,0,0,9658,409204,16230,239599,15551,648803,California
San Diego,2021-02-24,28953,878571,12761,401242,16192,477329,0,0,6861,401422,22071,261670,14289,663092,California
San Diego,2021-02-25,33203,911774,14727,415969,18476,495805,0,0,10157,396932,23026,284696,18536,681628,California
San Diego,2021-02-26,33476,945250,12405,428374,21071,516876,0,0,12140,394846,21306,306002,19220,700848,California
San Diego,2021-02-27,21240,966490,9680,438054,11560,528436,0,0,11448,400768,9788,315790,15710,716558,California
San Diego,2021-02-28,15267,981757,9969,448023,5298,533734,0,0,9509,407308,5757,321547,12297,728855,California
San Diego,2021-03-01,24251,1006008,14315,462338,9934,543668,2,2,14738,416462,9437,330984,18591,747446,California
San Diego,2021-03-02,26161,1032169,14076,476414,12085,555753,0,2,12762,422517,13389,344373,19444,766890,California
San Diego,2021-03-03,34005,1066174,15924,492338,18078,573831,3,5,14073,423579,19910,364283,20972,787862,California
San Diego,2021-03-04,28320,1094494,14105,506443,14215,588046,0,5,12654,427317,15644,379927,19382,807244,California
San Diego,2021-03-05,28934,1123428,14833,521276,14019,602065,82,87,13476,432125,15435,395362,20243,827487,California
San Diego,2021-03-06,23363,1146791,9527,530803,13136,615201,700,787,10295,434728,13054,408416,15657,843144,California
San Diego,2021-03-07,18206,1164997,9299,540102,8336,623537,571,1358,6905,434561,11293,419709,11126,854270,California
San Diego,2021-03-08,23089,1188086,11219,551321,10971,634508,899,2257,11456,440171,11613,431322,17223,871493,California
San Diego,2021-03-09,25892,1213978,11981,563302,12156,646664,1755,4012,10127,440223,15750,447072,15802,887295,California
San Diego,2021-03-10,25313,1239291,10785,574087,12133,658797,2395,6407,9919,441221,15378,462450,16376,903671,California
San Diego,2021-03-11,28713,1268004,11036,585123,14078,672875,3599,10006,10042,440169,18649,481099,17597,921268,California
San Diego,2021-03-12,27079,1295083,9457,594580,14485,687360,3137,13143,9967,439704,17096,498195,16631,937899,California
San Diego,2021-03-13,26167,1321250,7303,601883,17075,704435,1789,14932,10080,439656,16084,514279,16036,953935,California
San Diego,2021-03-14,13846,1335096,5499,607382,7610,712045,737,15669,4793,438461,9045,523324,7850,961785,California
San Diego,2021-03-15,22026,1357122,10170,617552,11077,723122,779,16448,9031,438378,12981,536305,12898,974683,California
San Diego,2021-03-16,30004,1387126,15793,633345,13799,736921,412,16860,15749,443349,14231,550536,19202,993885,California
San Diego,2021-03-17,26327,1413453,12219,645564,13389,750310,719,17579,16776,453355,9536,560072,19542,1013427,California
San Diego,2021-03-18,31508,1444961,17798,663362,12794,763104,916,18495,17016,458355,14460,574532,19460,1032887,California
San Diego,2021-03-19,30276,1475237,14364,677726,14895,777999,1017,19512,19361,469023,10895,585427,21563,1054450,California
San Diego,2021-03-20,27850,1503087,8430,686156,17626,795625,1794,21306,21401,486882,6438,591865,24297,1078747,California
San Diego,2021-03-21,16535,1519622,12057,698213,3761,799386,717,22023,7700,487789,8821,600686,9728,1088475,California
San Diego,2021-03-22,22526,1542148,13150,711363,9117,808503,259,22282,14339,496961,8175,608861,17347,1105822,California
San Diego,2021-03-23,25985,1568133,13641,725004,12080,820583,264,22546,17156,507582,8814,617675,19435,1125257,California
San Diego,2021-03-24,29550,1597683,19765,744769,9422,830005,363,22909,17120,514692,12421,630096,19531,1144788,California
San Diego,2021-03-25,30323,1628006,18282,763051,11382,841387,659,23568,17989,523133,12317,642413,20758,1165546,California
San Diego,2021-03-26,32096,1660102,17906,780957,13632,855019,558,24126,17564,529561,14507,656920,20935,1186481,California
San Diego,2021-03-27,25446,1685548,10993,791950,14060,869079,393,24519,15727,538210,9703,666623,18352,1204833,California
San Diego,2021-03-28,15040,1700588,9196,801146,5787,874866,57,24576,9284,543263,5750,672373,10803,1215636,California
San Diego,2021-03-29,26674,1727262,12906,814052,13172,888038,596,25172,16447,552513,10218,682591,19468,1235104,California
San Diego,2021-03-30,33220,1760482,17900,831952,14548,902586,772,25944,22040,565964,11169,693760,24620,1259724,California
San Diego,2021-03-31,30397,1790879,18758,850710,10962,913548,677,26621,20602,578554,9778,703538,22368,1282092,California
San Diego,2021-04-01,34301,1825180,20047,870757,12791,926339,1463,28084,23237,593520,11039,714577,26005,1308097,California
San Diego,2021-04-02,35740,1860920,20654,891411,12321,938660,2765,30849,24107,610189,11614,726191,28283,1336380,California
San Diego,2021-04-03,30807,1891727,14421,905832,11788,950448,4598,35447,19682,624548,11113,737304,25472,1361852,California
San Diego,2021-04-04,9061,1900788,5204,911036,2929,953377,928,36375,4823,626241,4233,741537,5926,1367778,California
San Diego,2021-04-05,29718,1930506,15400,926436,11700,965077,2618,38993,19393,640413,10310,751847,24482,1392260,California
San Diego,2021-04-06,38704,1969210,20396,946832,12447,977524,5861,44854,22354,654378,16336,768183,30301,1422561,California
San Diego,2021-04-07,35783,2004993,21975,968807,9283,986807,4525,49379,20456,665242,15303,783486,26167,1448728,California
San Diego,2021-04-08,35161,2040154,21360,990167,9704,996511,4097,53476,21325,679388,13817,797303,27963,1476691,California
San Diego,2021-04-09,38228,2078382,22812,1012979,10287,1006798,5129,58605,20840,691290,17319,814622,29221,1505912,California
San Diego,2021-04-10,29177,2107559,11783,1024762,13393,1020191,4001,62606,15178,699460,13989,828611,22159,1528071,California
San Diego,2021-04-11,16251,2123810,10073,1034835,3865,1024056,2313,64919,7297,703082,8950,837561,12572,1540643,California
San Diego,2021-04-12,30678,2154488,12824,1047659,13560,1037616,4294,69213,17179,714695,13485,851046,25098,1565741,California
San Diego,2021-04-13,37184,2191672,17781,1065440,19368,1056984,35,69248,24797,729968,12367,863413,27640,1593381,California
San Diego,2021-04-14,33066,2224738,18926,1084366,14128,1071112,12,69260,17918,737087,15132,878545,22251,1615632,California
San Diego,2021-04-15,39427,2264165,20341,1104707,19082,1090194,4,69264,24018,748531,15388,893933,26832,1642464,California
San Diego,2021-04-16,33798,2297963,18575,1123282,15221,1105415,2,69266,19625,756408,14113,908046,21990,1664454,California
San Diego,2021-04-17,27878,2325841,13536,1136818,14342,1119757,0,69266,12413,756471,15367,923413,15430,1679884,California
San Diego,2021-04-18,14315,2340156,8920,1145738,5392,1125149,3,69269,6623,758346,7679,931092,9554,1689438,California
San Diego,2021-04-19,26522,2366678,13563,1159301,12957,1138106,2,69271,12477,758532,14028,945120,14214,1703652,California
San Diego,2021-04-20,39008,2405686,17769,1177070,21239,1159345,0,69271,19941,762359,19046,964166,22873,1726525,California
San Diego,2021-04-21,34945,2440631,20898,1197968,14047,1173392,0,69271,16945,764307,17965,982131,19913,1746438,California
San Diego,2021-04-22,44593,2485224,22951,1220919,21636,1195028,6,69277,22374,767501,22177,1004308,25371,1771809,California
San Diego,2021-04-23,42097,2527321,26017,1246936,16078,1211106,2,69279,15682,759922,26383,1030691,18804,1790613,California
San Diego,2021-04-24,34384,2561705,18848,1265784,15521,1226627,15,69294,15485,759674,18866,1049557,18618,1809231,California
San Diego,2021-04-25,12447,2574152,7671,1273455,4776,1231403,0,69294,5851,760271,6587,1056144,7184,1816415,California
San Diego,2021-04-26,30879,2605031,15472,1288927,15281,1246684,126,69420,10525,754827,20344,1076488,14900,1831315,California
San Diego,2021-04-27,42341,2647372,23374,1312301,18568,1265252,399,69819,18622,753072,23687,1100175,21932,1853247,California
San Diego,2021-04-28,38130,2685502,22554,1334855,14935,1280187,641,70460,17294,752399,20802,1120977,20129,1873376,California
San Diego,2021-04-29,37981,2723483,24207,1359062,13155,1293342,619,71079,15360,747469,22586,1143563,17656,1891032,California
San Diego,2021-04-30,37914,2761397,23091,1382153,13837,1307179,986,72065,14814,741984,23066,1166629,17581,1908613,California
San Diego,2021-05-01,24260,2785657,10695,1392848,12920,1320099,645,72710,9513,739522,14737,1181366,12275,1920888,California
San Diego,2021-05-02,10701,2796358,7509,1400357,2605,1322704,587,73297,3268,736271,7428,1188794,4177,1925065,California
San Diego,2021-05-03,25307,2821665,12454,1412811,11697,1334401,1156,74453,9346,731614,15937,1204731,11280,1936345,California
San Diego,2021-05-04,31819,2853484,17548,1430359,12971,1347372,1300,75753,11518,725242,20270,1225001,13898,1950243,California
San Diego,2021-05-05,27637,2881121,17017,1447376,9344,1356716,1276,77029,10597,721028,17017,1242018,12803,1963046,California
San Diego,2021-05-06,28304,2909425,18825,1466201,8584,1365300,895,77924,10828,717758,17447,1259465,14177,1977223,California
San Diego,2021-05-07,29489,2938914,19533,1485734,8913,1374213,1043,78967,11045,712616,18408,1277873,13266,1990489,California
San Diego,2021-05-08,22610,2961524,10728,1496462,11172,1385385,710,79677,7308,706703,15282,1293155,9369,1999858,California
San Diego,2021-05-09,7493,2969017,5677,1502139,1407,1386792,409,80086,2616,705268,4870,1298025,3435,2003293,California
San Diego,2021-05-10,21601,2990618,8451,1510590,12341,1399133,809,80895,5963,697656,15609,1313634,7997,2011290,California
San Diego,2021-05-11,27475,3018093,11115,1521705,15598,1414731,762,81657,9589,691719,17861,1331495,11924,2023214,California
San Diego,2021-05-12,21586,3039679,11384,1533089,9439,1424170,763,82420,7917,687722,13647,1345142,9650,2032864,California
San Diego,2021-05-13,27646,3067325,15989,1549078,11081,1435251,576,82996,11463,685602,16138,1361280,14018,2046882,California
San Diego,2021-05-14,24548,3091873,15352,1564430,8427,1443678,769,83765,10909,684611,13616,1374896,12625,2059507,California
San Diego,2021-05-15,15194,3107067,8700,1573130,5939,1449617,555,84320,5730,682107,9443,1384339,6939,2066446,California
San Diego,2021-05-16,1930,3108997,1743,1574873,182,1449799,5,84325,662,682672,1266,1385605,1831,2068277,California
San Francisco,2020-12-15,7,7,7,7,0,0,0,0,7,7,0,0,7,7,California
San Francisco,2020-12-16,229,236,229,236,0,0,0,0,229,236,0,0,229,236,California
San Francisco,2020-12-17,393,629,393,629,0,0,0,0,393,629,0,0,393,629,California
San Francisco,2020-12-18,877,1506,876,1505,1,1,0,0,877,1506,0,0,877,1506,California
San Francisco,2020-12-19,601,2107,601,2106,0,1,0,0,601,2107,0,0,601,2107,California
San Francisco,2020-12-20,483,2590,483,2589,0,1,0,0,483,2590,0,0,483,2590,California
San Francisco,2020-12-21,1161,3751,1161,3750,0,1,0,0,1161,3751,0,0,1161,3751,California
San Francisco,2020-12-22,1403,5154,1369,5119,34,35,0,0,1403,5154,0,0,1403,5154,California
San Francisco,2020-12-23,1337,6491,1048,6167,289,324,0,0,1337,6491,0,0,1337,6491,California
San Francisco,2020-12-24,841,7332,503,6670,338,662,0,0,841,7332,0,0,841,7332,California
San Francisco,2020-12-25,34,7366,29,6699,5,667,0,0,34,7366,0,0,34,7366,California
San Francisco,2020-12-26,245,7611,151,6850,94,761,0,0,245,7611,0,0,245,7611,California
San Francisco,2020-12-27,274,7885,60,6910,214,975,0,0,274,7885,0,0,274,7885,California
San Francisco,2020-12-28,1269,9154,686,7596,583,1558,0,0,1269,9154,0,0,1269,9154,California
San Francisco,2020-12-29,1248,10402,624,8220,624,2182,0,0,1248,10402,0,0,1248,10402,California
San Francisco,2020-12-30,1487,11889,780,9000,707,2889,0,0,1487,11889,0,0,1487,11889,California
San Francisco,2020-12-31,963,12852,410,9410,553,3442,0,0,962,12851,0,0,962,12851,California
San Francisco,2021-01-01,88,12940,70,9480,18,3460,0,0,88,12939,0,0,88,12939,California
San Francisco,2021-01-02,333,13273,301,9781,32,3492,0,0,333,13272,0,0,333,13272,California
San Francisco,2021-01-03,295,13568,102,9883,193,3685,0,0,294,13565,1,1,294,13566,California
San Francisco,2021-01-04,1840,15408,1355,11238,485,4170,0,0,1837,15399,3,4,1837,15403,California
San Francisco,2021-01-05,2231,17639,1416,12654,815,4985,0,0,2196,17562,35,39,2198,17601,California
San Francisco,2021-01-06,1871,19510,1160,13814,711,5696,0,0,1606,18906,263,302,1607,19208,California
San Francisco,2021-01-07,2064,21574,1204,15018,860,6556,0,0,1608,20061,453,755,1608,20816,California
San Francisco,2021-01-08,2330,23904,1634,16652,696,7252,0,0,1493,20722,832,1587,1493,22309,California
San Francisco,2021-01-09,1388,25292,892,17544,496,7748,0,0,884,21104,504,2091,886,23195,California
San Francisco,2021-01-10,919,26211,541,18085,378,8126,0,0,460,21106,458,2549,460,23655,California
San Francisco,2021-01-11,2503,28714,1872,19957,631,8757,0,0,1400,21402,1104,3653,1400,25055,California
San Francisco,2021-01-12,3089,31803,2058,22015,1031,9788,0,0,1895,22106,1194,4847,1898,26953,California
San Francisco,2021-01-13,2826,34629,1601,23616,1225,11013,0,0,1996,23272,830,5677,1996,28949,California
San Francisco,2021-01-14,2444,37073,1101,24717,1343,12356,0,0,1884,24596,560,6237,1884,30833,California
San Francisco,2021-01-15,2747,39820,1148,25865,1599,13955,0,0,2355,26563,390,6627,2357,33190,California
San Francisco,2021-01-16,2254,42074,963,26828,1291,15246,0,0,2087,28484,167,6794,2088,35278,California
San Francisco,2021-01-17,1916,43990,530,27358,1386,16632,0,0,1702,29972,214,7008,1702,36980,California
San Francisco,2021-01-18,1378,45368,593,27951,785,17417,0,0,1114,30825,263,7271,1116,38096,California
San Francisco,2021-01-19,2576,47944,1472,29423,1104,18521,0,0,1827,31903,749,8020,1827,39923,California
San Francisco,2021-01-20,2748,50692,1121,30544,1627,20148,0,0,1997,33153,748,8768,1998,41921,California
San Francisco,2021-01-21,3309,54001,946,31490,2363,22511,0,0,2474,34794,833,9601,2474,44395,California
San Francisco,2021-01-22,3187,57188,644,32134,2543,25054,0,0,2745,37099,440,10041,2745,47140,California
San Francisco,2021-01-23,3090,60278,610,32744,2480,27534,0,0,2724,39459,365,10406,2725,49865,California
San Francisco,2021-01-24,2425,62703,363,33107,2062,29596,0,0,2196,41429,226,10632,2196,52061,California
San Francisco,2021-01-25,4594,67297,1792,34899,2802,32398,0,0,3038,42914,1554,12186,3039,55100,California
San Francisco,2021-01-26,4670,71967,2135,37034,2535,34933,0,0,3078,44405,1589,13775,3080,58180,California
San Francisco,2021-01-27,4431,76398,2075,39109,2356,37289,0,0,3081,46140,1346,15121,3081,61261,California
San Francisco,2021-01-28,3757,80155,1555,40664,2202,39491,0,0,2595,47578,1157,16278,2595,63856,California
San Francisco,2021-01-29,4723,84878,1681,42345,3042,42533,0,0,3453,49768,1263,17541,3453,67309,California
San Francisco,2021-01-30,3774,88652,1839,44184,1935,44468,0,0,3325,52649,448,17989,3329,70638,California
San Francisco,2021-01-31,2351,91003,824,45008,1527,45995,0,0,2199,54698,151,18140,2200,72838,California
San Francisco,2021-02-01,3797,94800,1529,46537,2268,48263,0,0,2890,56682,907,19047,2891,75729,California
San Francisco,2021-02-02,4646,99446,1961,48498,2685,50948,0,0,2887,57816,1753,20800,2887,78616,California
San Francisco,2021-02-03,5057,104503,2366,50864,2691,53639,0,0,3750,60262,1305,22105,3751,82367,California
San Francisco,2021-02-04,5032,109535,2437,53301,2595,56234,0,0,3865,62962,1165,23270,3865,86232,California
San Francisco,2021-02-05,5947,115482,3204,56505,2743,58977,0,0,4604,66226,1341,24611,4605,90837,California
San Francisco,2021-02-06,5480,120962,3661,60166,1819,60796,0,0,4581,69913,896,25507,4583,95420,California
San Francisco,2021-02-07,4338,125300,3189,63355,1149,61945,0,0,3762,73105,573,26080,3765,99185,California
San Francisco,2021-02-08,6715,132015,4626,67981,2089,64034,0,0,5498,77405,1200,27280,5500,104685,California
San Francisco,2021-02-09,5930,137945,3990,71971,1940,65974,0,0,4372,80224,1554,28834,4373,109058,California
San Francisco,2021-02-10,6869,144814,4180,76151,2689,68663,0,0,5067,83500,1794,30628,5070,114128,California
San Francisco,2021-02-11,6718,151532,3984,80135,2734,71397,0,0,4898,86584,1815,32443,4899,119027,California
San Francisco,2021-02-12,5318,156850,2669,82804,2649,74046,0,0,3481,88229,1836,34279,3481,122508,California
San Francisco,2021-02-13,4369,161219,2554,85358,1815,75861,0,0,3044,89950,1325,35604,3046,125554,California
San Francisco,2021-02-14,3425,164644,2250,87608,1175,77036,0,0,2300,91127,1125,36729,2302,127856,California
San Francisco,2021-02-15,2774,167418,1507,89115,1267,78303,0,0,1679,91713,1093,37822,1679,129535,California
San Francisco,2021-02-16,5019,172437,2749,91864,2270,80573,0,0,2962,92631,2050,39872,2968,132503,California
San Francisco,2021-02-17,5412,177849,2687,94551,2725,83298,0,0,2964,93178,2418,42290,2965,135468,California
San Francisco,2021-02-18,5379,183228,2637,97188,2742,86040,0,0,2805,93415,2571,44861,2808,138276,California
San Francisco,2021-02-19,5634,188862,2644,99832,2990,89030,0,0,2927,93643,2701,47562,2929,141205,California
San Francisco,2021-02-20,4524,193386,2180,102012,2344,91374,0,0,1702,92532,2814,50376,1703,142908,California
San Francisco,2021-02-21,2883,196269,1514,103526,1369,92743,0,0,1282,92221,1594,51970,1283,144191,California
San Francisco,2021-02-22,5108,201377,3181,106707,1927,94670,0,0,2573,92269,2527,54497,2575,146766,California
San Francisco,2021-02-23,5534,206911,3156,109863,2378,97048,0,0,2835,92411,2693,57190,2835,149601,California
San Francisco,2021-02-24,9018,215929,5119,114982,3899,100947,0,0,4827,93058,4181,61371,4828,154429,California
San Francisco,2021-02-25,9793,225722,6883,121865,2910,103857,0,0,6330,95930,3460,64831,6332,160761,California
San Francisco,2021-02-26,11943,237665,7750,129615,4193,108050,0,0,7077,98141,4867,69698,7078,167839,California
San Francisco,2021-02-27,8923,246588,5679,135294,3243,111293,1,1,4509,98253,4399,74097,4511,172350,California
San Francisco,2021-02-28,7729,254317,5549,140843,2180,113473,0,1,3832,98191,3895,77992,3833,176183,California
San Francisco,2021-03-01,10763,265080,7242,148085,3518,116991,3,4,5224,97905,5516,83508,5230,181413,California
San Francisco,2021-03-02,8899,273979,5678,153763,3221,120212,0,4,5154,99323,3737,87245,5155,186568,California
San Francisco,2021-03-03,11053,285032,6349,160112,4703,124915,1,5,6042,100369,5000,92245,6046,192614,California
San Francisco,2021-03-04,8667,293699,5445,165557,3222,128137,0,5,4883,101474,3778,96023,4883,197497,California
San Francisco,2021-03-05,8697,302396,5148,170705,3545,131682,4,9,5454,103707,3226,99249,5459,202956,California
San Francisco,2021-03-06,6895,309291,4439,175144,2247,133929,209,218,4228,105462,2679,101928,4434,207390,California
San Francisco,2021-03-07,5154,314445,3985,179129,1111,135040,58,276,2897,106147,2270,104198,2955,210345,California
San Francisco,2021-03-08,7172,321617,5186,184315,1800,136840,186,462,5608,110347,1594,105792,5794,216139,California
San Francisco,2021-03-09,6747,328364,3963,188278,2408,139248,376,838,4612,113190,2140,107932,4983,221122,California
San Francisco,2021-03-10,10418,338782,5898,194176,4021,143269,499,1337,6360,116016,4035,111967,6861,227983,California
San Francisco,2021-03-11,10052,348834,6360,200536,2729,145998,963,2300,6598,120132,3437,115404,7553,235536,California
San Francisco,2021-03-12,10761,359595,6270,206806,3164,149162,1327,3627,5980,122678,4757,120161,7303,242839,California
San Francisco,2021-03-13,6593,366188,3837,210643,1695,150857,1061,4688,4077,125307,2507,122668,5136,247975,California
San Francisco,2021-03-14,7489,373677,4841,215484,2406,153263,242,4930,3908,125891,3566,126234,4150,252125,California
San Francisco,2021-03-15,11948,385625,9110,224594,1896,155159,942,5872,8267,131423,3668,129902,9200,261325,California
San Francisco,2021-03-16,12086,397711,8208,232802,3419,158578,459,6331,8727,137269,3339,133241,9185,270510,California
San Francisco,2021-03-17,13209,410920,8154,240956,4497,163075,558,6889,9499,143641,3681,136922,10053,280563,California
San Francisco,2021-03-18,9977,420897,6759,247715,2597,165672,621,7510,5676,145659,4275,141197,6293,286856,California
San Francisco,2021-03-19,12037,432934,8714,256429,2858,168530,465,7975,6404,146914,5609,146806,6864,293720,California
San Francisco,2021-03-20,8725,441659,6388,262817,1877,170407,460,8435,5202,149085,3493,150299,5664,299384,California
San Francisco,2021-03-21,6454,448113,5903,268720,415,170822,136,8571,3680,150143,2757,153056,3815,303199,California
San Francisco,2021-03-22,9754,457867,6845,275565,2066,172888,843,9414,5148,151545,4583,157639,5985,309184,California
San Francisco,2021-03-23,11156,469023,7369,282934,3139,176027,648,10062,6704,154473,4422,162061,7350,316534,California
San Francisco,2021-03-24,12290,481313,9397,292331,2357,178384,536,10598,6334,155424,5916,167977,6867,323401,California
San Francisco,2021-03-25,11827,493140,8651,300982,2613,180997,563,11161,5897,156017,5863,173840,6456,329857,California
San Francisco,2021-03-26,11862,505002,8202,309184,3430,184427,230,11391,6107,156628,5724,179564,6335,336192,California
San Francisco,2021-03-27,8648,513650,5767,314951,2534,186961,347,11738,3922,156190,4706,184270,4268,340460,California
San Francisco,2021-03-28,6583,520233,5245,320196,1296,188257,42,11780,3164,155997,3396,187666,3203,343663,California
San Francisco,2021-03-29,11381,531614,7881,328077,3317,191574,183,11963,5097,155018,6257,193923,5278,348941,California
San Francisco,2021-03-30,11510,543124,7188,335265,4032,195606,290,12253,6842,157511,4643,198566,7136,356077,California
San Francisco,2021-03-31,12124,555248,8038,343303,3790,199396,296,12549,5559,156829,6532,205098,5850,361927,California
San Francisco,2021-04-01,13808,569056,7337,350640,4817,204213,1654,14203,6024,156744,7752,212850,7667,369594,California
San Francisco,2021-04-02,14671,583727,6466,357106,6386,210599,1819,16022,6931,157768,7719,220569,8743,378337,California
San Francisco,2021-04-03,10450,594177,4812,361918,3838,214437,1800,17822,4847,158823,5589,226158,6644,384981,California
San Francisco,2021-04-04,9006,603183,4769,366687,2585,217022,1652,19474,3625,158731,5368,231526,5276,390257,California
San Francisco,2021-04-05,15934,619117,9762,376449,4296,221318,1876,21350,6365,157423,9541,241067,8233,398490,California
San Francisco,2021-04-06,15991,635108,9480,385929,4454,225772,2057,23407,6300,156105,9668,250735,8350,406840,California
San Francisco,2021-04-07,16755,651863,9970,395899,4559,230331,2226,25633,7044,155669,9690,260425,9254,416094,California
San Francisco,2021-04-08,14122,665985,6718,402617,3009,233340,4395,30028,4648,155246,9444,269869,9021,425115,California
San Francisco,2021-04-09,15713,681698,7598,410215,4781,238121,3334,33362,6677,156235,9005,278874,9994,435109,California
San Francisco,2021-04-10,13224,694922,5660,415875,5830,243951,1734,35096,7115,158990,6084,284958,8839,443948,California
San Francisco,2021-04-11,9975,704897,7471,423346,1334,245285,1170,36266,5208,160610,4756,289714,6376,450324,California
San Francisco,2021-04-12,10589,715486,6876,430222,2565,247850,1148,37414,4876,160938,5691,295405,6019,456343,California
San Francisco,2021-04-13,10723,726209,7281,437503,3429,251279,13,37427,5434,161121,5268,300673,5451,461794,California
San Francisco,2021-04-14,13250,739459,7982,445485,5267,256546,1,37428,6407,160720,6809,307482,6408,468202,California
San Francisco,2021-04-15,13685,753144,9500,454985,4184,260730,1,37429,8070,163210,5584,313066,8074,476276,California
San Francisco,2021-04-16,12897,766041,8687,463672,4166,264896,44,37473,7656,165698,5216,318282,7704,483980,California
San Francisco,2021-04-17,10023,776064,7297,470969,2725,267621,1,37474,7094,169883,2914,321196,7099,491079,California
San Francisco,2021-04-18,6588,782652,5037,476006,1550,269171,1,37475,4094,171503,2477,323673,4097,495176,California
San Francisco,2021-04-19,10850,793502,8150,484156,2696,271867,4,37479,6981,174645,3853,327526,6995,502171,California
San Francisco,2021-04-20,12296,805798,7193,491349,5102,276969,1,37480,8488,179351,3785,331311,8491,510662,California
San Francisco,2021-04-21,10518,816316,7517,498866,2997,279966,4,37484,6412,181686,4085,335396,6420,517082,California
San Francisco,2021-04-22,10396,826712,7702,506568,2693,282659,1,37485,6002,183324,4371,339767,6009,523091,California
San Francisco,2021-04-23,10326,837038,5941,512509,4385,287044,0,37485,6163,185359,4135,343902,6170,529261,California
San Francisco,2021-04-24,7966,845004,5492,518001,2474,289518,0,37485,4737,186893,3210,347112,4744,534005,California
San Francisco,2021-04-25,5037,850041,4341,522342,690,290208,6,37491,2955,187789,2068,349180,2964,536969,California
San Francisco,2021-04-26,7881,857922,5608,527950,2261,292469,12,37503,3892,187740,3965,353145,3916,540885,California
San Francisco,2021-04-27,8443,866365,5716,533666,2599,295068,128,37631,4214,187887,4205,357350,4352,545237,California
San Francisco,2021-04-28,9238,875603,6520,540186,2527,297595,191,37822,4770,188409,4444,361794,4966,550203,California
San Francisco,2021-04-29,9090,884693,5384,545570,3513,301108,193,38015,4372,188290,4696,366490,4577,554780,California
San Francisco,2021-04-30,10850,895543,5189,550759,5461,306569,200,38215,3985,185651,6829,373319,4190,558970,California
San Francisco,2021-05-01,6919,902462,3580,554339,3226,309795,113,38328,1705,182280,5191,378510,1820,560790,California
San Francisco,2021-05-02,5312,907774,3082,557421,2132,311927,98,38426,971,179020,4332,382842,1072,561862,California
San Francisco,2021-05-03,9638,917412,6582,564003,2895,314822,161,38587,2465,174510,7145,389987,2635,564497,California
San Francisco,2021-05-04,9300,926712,5971,569974,3079,317901,250,38837,2277,170049,6994,396981,2533,567030,California
San Francisco,2021-05-05,8738,935450,6127,576101,2302,320203,309,39146,2145,165960,6548,403529,2459,569489,California
San Francisco,2021-05-06,10697,946147,8551,584652,1677,321880,469,39615,1862,159490,8804,412333,2334,571823,California
San Francisco,2021-05-07,10083,956230,6451,591103,3364,325244,268,39883,1635,152969,8424,420757,1903,573726,California
San Francisco,2021-05-08,8361,964591,3543,594646,4688,329932,130,40013,986,146742,7344,428101,1117,574843,California
San Francisco,2021-05-09,6690,971281,5827,600473,781,330713,82,40095,1221,142594,5445,433546,1297,576140,California
San Francisco,2021-05-10,6883,978164,4899,605372,1740,332453,244,40339,1023,138029,5832,439378,1267,577407,California
San Francisco,2021-05-11,7065,985229,5089,610461,1777,334230,199,40538,1351,133896,5685,445063,1552,578959,California
San Francisco,2021-05-12,7327,992556,5269,615730,1624,335854,434,40972,1469,129961,5830,450893,1895,580854,California
San Francisco,2021-05-13,9973,1002529,7262,622992,2527,338381,184,41156,3631,127460,6320,457213,3819,584673,California
San Francisco,2021-05-14,8356,1010885,5979,628971,2220,340601,157,41313,2517,124330,5815,463028,2685,587358,California
San Francisco,2021-05-15,5813,1016698,4772,633743,1009,341610,32,41345,2257,123086,3539,466567,2295,589653,California
San Francisco,2021-05-16,3420,1020118,3008,636751,407,342017,5,41350,1225,122133,2183,468750,1230,590883,California
San Joaquin,2020-12-15,12,12,12,12,0,0,0,0,12,12,0,0,12,12,California
San Joaquin,2020-12-16,307,319,307,319,0,0,0,0,307,319,0,0,307,319,California
San Joaquin,2020-12-17,312,631,312,631,0,0,0,0,312,631,0,0,312,631,California
San Joaquin,2020-12-18,522,1153,518,1149,4,4,0,0,522,1153,0,0,522,1153,California
San Joaquin,2020-12-19,188,1341,188,1337,0,4,0,0,188,1341,0,0,188,1341,California
San Joaquin,2020-12-20,113,1454,112,1449,1,5,0,0,113,1454,0,0,113,1454,California
San Joaquin,2020-12-21,491,1945,491,1940,0,5,0,0,491,1945,0,0,491,1945,California
San Joaquin,2020-12-22,967,2912,847,2787,120,125,0,0,966,2911,0,0,966,2911,California
San Joaquin,2020-12-23,978,3890,919,3706,59,184,0,0,976,3887,0,0,976,3887,California
San Joaquin,2020-12-24,215,4105,187,3893,28,212,0,0,214,4101,0,0,214,4101,California
San Joaquin,2020-12-25,14,4119,14,3907,0,212,0,0,14,4115,0,0,14,4115,California
San Joaquin,2020-12-26,101,4220,29,3936,72,284,0,0,101,4216,0,0,101,4216,California
San Joaquin,2020-12-27,42,4262,29,3965,13,297,0,0,42,4258,0,0,42,4258,California
San Joaquin,2020-12-28,622,4884,421,4386,201,498,0,0,622,4880,0,0,622,4880,California
San Joaquin,2020-12-29,798,5682,672,5058,126,624,0,0,798,5678,0,0,798,5678,California
San Joaquin,2020-12-30,1008,6690,716,5774,292,916,0,0,1006,6684,0,0,1006,6684,California
San Joaquin,2020-12-31,454,7144,203,5977,251,1167,0,0,454,7138,0,0,454,7138,California
San Joaquin,2021-01-01,22,7166,13,5990,9,1176,0,0,22,7160,0,0,22,7160,California
San Joaquin,2021-01-02,262,7428,240,6230,22,1198,0,0,262,7422,0,0,262,7422,California
San Joaquin,2021-01-03,37,7465,19,6249,18,1216,0,0,36,7457,1,1,36,7458,California
San Joaquin,2021-01-04,476,7941,338,6587,138,1354,0,0,474,7930,1,2,474,7932,California
San Joaquin,2021-01-05,979,8920,647,7234,332,1686,0,0,811,8609,168,170,847,8779,California
San Joaquin,2021-01-06,1220,10140,707,7941,513,2199,0,0,917,9231,298,468,920,9699,California
San Joaquin,2021-01-07,1076,11216,681,8622,395,2594,0,0,787,9733,286,754,788,10487,California
San Joaquin,2021-01-08,1192,12408,819,9441,373,2967,0,0,708,9962,483,1237,712,11199,California
San Joaquin,2021-01-09,376,12784,300,9741,76,3043,0,0,247,10080,129,1366,247,11446,California
San Joaquin,2021-01-10,223,13007,115,9856,108,3151,0,0,171,10199,52,1418,171,11617,California
San Joaquin,2021-01-11,1525,14532,1319,11175,206,3357,0,0,861,10464,663,2081,928,12545,California
San Joaquin,2021-01-12,1456,15988,1049,12224,407,3764,0,0,687,10456,765,2846,757,13302,California
San Joaquin,2021-01-13,1528,17516,894,13118,634,4398,0,0,956,10846,571,3417,961,14263,California
San Joaquin,2021-01-14,1651,19167,878,13996,773,5171,0,0,1312,11854,319,3736,1327,15590,California
San Joaquin,2021-01-15,1602,20769,621,14617,981,6152,0,0,1380,13041,208,3944,1395,16985,California
San Joaquin,2021-01-16,1143,21912,193,14810,950,7102,0,0,1116,14131,26,3970,1116,18101,California
San Joaquin,2021-01-17,1613,23525,130,14940,1483,8585,0,0,1575,15670,38,4008,1577,19678,California
San Joaquin,2021-01-18,738,24263,237,15177,501,9086,0,0,618,16172,116,4124,618,20296,California
San Joaquin,2021-01-19,1869,26132,897,16074,972,10058,0,0,1188,16690,676,4800,1194,21490,California
San Joaquin,2021-01-20,2083,28215,1285,17359,798,10856,0,0,1430,17478,648,5448,1436,22926,California
San Joaquin,2021-01-21,1968,30183,894,18253,1074,11930,0,0,1571,18667,390,5838,1579,24505,California
San Joaquin,2021-01-22,1964,32147,914,19167,1050,12980,0,0,1821,20353,138,5976,1824,26329,California
San Joaquin,2021-01-23,894,33041,403,19570,491,13471,0,0,609,20681,284,6260,612,26941,California
San Joaquin,2021-01-24,347,33388,135,19705,212,13683,0,0,324,20985,20,6280,324,27265,California
San Joaquin,2021-01-25,1989,35377,1141,20846,848,14531,0,0,1426,21855,560,6840,1430,28695,California
San Joaquin,2021-01-26,2147,37524,1116,21962,1031,15562,0,0,1537,22790,607,7447,1542,30237,California
San Joaquin,2021-01-27,1726,39250,768,22730,958,16520,0,0,1231,23536,491,7938,1237,31474,California
San Joaquin,2021-01-28,2026,41276,761,23491,1265,17785,0,0,1377,24272,645,8583,1381,32855,California
San Joaquin,2021-01-29,2144,43420,1044,24535,1100,18885,0,0,1797,25735,342,8925,1805,34660,California
San Joaquin,2021-01-30,2165,45585,349,24884,1816,20701,0,0,1989,27552,174,9099,1991,36651,California
San Joaquin,2021-01-31,1556,47141,178,25062,1378,22079,0,0,1493,28984,62,9161,1494,38145,California
San Joaquin,2021-02-01,2493,49634,1315,26377,1178,23257,0,0,1759,30013,733,9894,1762,39907,California
San Joaquin,2021-02-02,2590,52224,1172,27549,1418,24675,0,0,1965,31416,566,10460,1969,41876,California
San Joaquin,2021-02-03,3069,55293,1214,28763,1855,26530,0,0,2206,32771,856,11316,2211,44087,California
San Joaquin,2021-02-04,3439,58732,1717,30480,1722,28252,0,0,2630,34603,804,12120,2636,46723,California
San Joaquin,2021-02-05,3218,61950,1861,32341,1357,29609,0,0,2354,36105,857,12977,2359,49082,California
San Joaquin,2021-02-06,1122,63072,786,33127,336,29945,0,0,946,36880,173,13150,948,50030,California
San Joaquin,2021-02-07,617,63689,488,33615,129,30074,0,0,413,37098,196,13346,414,50444,California
San Joaquin,2021-02-08,1778,65467,1032,34647,746,30820,0,0,1443,38234,313,13659,1449,51893,California
San Joaquin,2021-02-09,2100,67567,1140,35787,960,31780,0,0,1571,39348,459,14118,1573,53466,California
San Joaquin,2021-02-10,2557,70124,1249,37036,1308,33088,0,0,1334,39489,1193,15311,1334,54800,California
San Joaquin,2021-02-11,2930,73054,1504,38540,1426,34514,0,0,1717,40029,1182,16493,1722,56522,California
San Joaquin,2021-02-12,2823,75877,1139,39679,1684,36198,0,0,1591,40412,1213,17706,1596,58118,California
San Joaquin,2021-02-13,2121,77998,400,40079,1721,37919,0,0,857,40023,1252,18958,863,58981,California
San Joaquin,2021-02-14,1902,79900,262,40341,1640,39559,0,0,689,39526,1187,20145,690,59671,California
San Joaquin,2021-02-15,1984,81884,837,41178,1147,40706,0,0,1195,39966,759,20904,1199,60870,California
San Joaquin,2021-02-16,3150,85034,1371,42549,1779,42485,0,0,1740,40318,1396,22300,1748,62618,California
San Joaquin,2021-02-17,3270,88304,1265,43814,2005,44490,0,0,1864,40791,1395,23695,1868,64486,California
San Joaquin,2021-02-18,3326,91630,1369,45183,1957,46447,0,0,1898,41297,1397,25092,1903,66389,California
San Joaquin,2021-02-19,4250,95880,2405,47588,1845,48292,0,0,2388,41877,1808,26900,2388,68777,California
San Joaquin,2021-02-20,1545,97425,654,48242,891,49183,0,0,1066,42465,478,27378,1066,69843,California
San Joaquin,2021-02-21,655,98080,496,48738,159,49342,0,0,418,42650,234,27612,419,70262,California
San Joaquin,2021-02-22,3525,101605,2485,51223,1040,50382,0,0,2522,44204,972,28584,2526,72788,California
San Joaquin,2021-02-23,4295,105900,2615,53838,1680,52062,0,0,2647,45237,1618,30202,2651,75439,California
San Joaquin,2021-02-24,5716,111616,3403,57241,2313,54375,0,0,4108,47763,1584,31786,4110,79549,California
San Joaquin,2021-02-25,6306,117922,3896,61137,2410,56785,0,0,4076,49650,2199,33985,4086,83635,California
San Joaquin,2021-02-26,5467,123389,2850,63987,2617,59402,0,0,3757,51734,1679,35664,3763,87398,California
San Joaquin,2021-02-27,5445,128834,1618,65605,3827,63229,0,0,2617,51582,2780,38444,2628,90026,California
San Joaquin,2021-02-28,3080,131914,1106,66711,1974,65203,0,0,2034,52595,1023,39467,2036,92062,California
San Joaquin,2021-03-01,4079,135993,1796,68507,2283,67486,0,0,2312,53163,1751,41218,2319,94381,California
San Joaquin,2021-03-02,4184,140177,1667,70174,2517,70003,0,0,2627,54308,1538,42756,2683,97064,California
San Joaquin,2021-03-03,5756,145933,3416,73590,2338,72341,2,2,4152,56882,1579,44335,4153,101217,California
San Joaquin,2021-03-04,5687,151620,2254,75844,3430,75771,3,5,3721,58654,1953,46288,3725,104942,California
San Joaquin,2021-03-05,4412,156032,1866,77710,2542,78313,4,9,3041,60348,1355,47643,3049,107991,California
San Joaquin,2021-03-06,3283,159315,2164,79874,989,79302,130,139,2700,62601,580,48223,2833,110824,California
San Joaquin,2021-03-07,1204,160519,552,80426,606,79908,46,185,921,63288,265,48488,952,111776,California
San Joaquin,2021-03-08,3128,163647,1254,81680,1749,81657,125,310,2117,64530,999,49487,2241,114017,California
San Joaquin,2021-03-09,3964,167611,1779,83459,2058,83715,127,437,2623,65959,1325,50812,2754,116771,California
San Joaquin,2021-03-10,4637,172248,2464,85923,2035,85750,138,575,3415,68304,1209,52021,3554,120325,California
San Joaquin,2021-03-11,4931,177179,2340,88263,1991,87741,600,1175,2931,69850,1990,54011,3536,123861,California
San Joaquin,2021-03-12,6259,183438,3127,91390,2800,90541,332,1507,4152,72256,2085,56096,4491,128352,California
San Joaquin,2021-03-13,3055,186493,1448,92838,1481,92022,126,1633,2285,73911,763,56859,2418,130770,California
San Joaquin,2021-03-14,2153,188646,668,93506,1182,93204,303,1936,1023,74117,1125,57984,1331,132101,California
San Joaquin,2021-03-15,6048,194694,3481,96987,2164,95368,403,2339,3169,74850,2852,60836,3585,135686,California
San Joaquin,2021-03-16,6827,201521,3885,100872,2686,98054,256,2595,4025,76351,2788,63624,4289,139975,California
San Joaquin,2021-03-17,7769,209290,4656,105528,3043,101097,70,2665,4319,77334,3415,67039,4398,144373,California
San Joaquin,2021-03-18,7619,216909,4481,110009,2632,103729,506,3171,3772,77811,3808,70847,4285,148658,California
San Joaquin,2021-03-19,7906,224815,4632,114641,2732,106461,542,3713,4793,80104,3090,73937,5383,154041,California
San Joaquin,2021-03-20,3671,228486,2121,116762,1307,107768,243,3956,1823,80348,1833,75770,2077,156118,California
San Joaquin,2021-03-21,2099,230585,1490,118252,403,108171,206,4162,1182,80871,909,76679,1432,157550,California
San Joaquin,2021-03-22,3950,234535,2018,120270,1516,109687,416,4578,2336,82027,1601,78280,2757,160307,California
San Joaquin,2021-03-23,5364,239899,2631,122901,2566,112253,167,4745,3713,84281,1633,79913,3887,164194,California
San Joaquin,2021-03-24,6808,246707,4224,127125,2497,114750,87,4832,3022,83641,3757,83670,3117,167311,California
San Joaquin,2021-03-25,5528,252235,3279,130404,2207,116957,42,4874,3291,84764,2217,85887,3340,170651,California
San Joaquin,2021-03-26,6144,258379,2542,132946,3452,120409,150,5024,3241,85292,2882,88769,3410,174061,California
San Joaquin,2021-03-27,4614,262993,2610,135556,1953,122362,51,5075,1801,84363,2791,91560,1862,175923,California
San Joaquin,2021-03-28,2703,265696,1792,137348,886,123248,25,5100,1294,84369,1390,92950,1396,177319,California
San Joaquin,2021-03-29,4018,269714,2169,139517,1827,125075,22,5122,2019,84440,1985,94935,2056,179375,California
San Joaquin,2021-03-30,6191,275905,3148,142665,2951,128026,92,5214,3439,85263,2727,97662,3550,182925,California
San Joaquin,2021-03-31,6569,282474,4139,146804,2371,130397,59,5273,3333,85459,3219,100881,3415,186340,California
San Joaquin,2021-04-01,6369,288843,2954,149758,3333,133730,82,5355,2815,84876,3538,104419,2955,189295,California
San Joaquin,2021-04-02,6307,295150,2867,152625,2951,136681,489,5844,2516,84144,3769,108188,3037,192332,California
San Joaquin,2021-04-03,4124,299274,2323,154948,1475,138156,326,6170,1991,84351,2116,110304,2323,194655,California
San Joaquin,2021-04-04,2271,301545,1358,156306,711,138867,202,6372,1544,85394,718,111022,1761,196416,California
San Joaquin,2021-04-05,4688,306233,2814,159120,1692,140559,182,6554,2628,86162,2052,113074,2820,199236,California
San Joaquin,2021-04-06,7008,313241,4507,163627,2240,142799,261,6815,3329,86111,3655,116729,3604,202840,California
San Joaquin,2021-04-07,8297,321538,4513,168140,2208,145007,1576,8391,3490,86399,4793,121522,5081,207921,California
San Joaquin,2021-04-08,8643,330181,4688,172828,1933,146940,2022,10413,3304,86410,5317,126839,5328,213249,California
San Joaquin,2021-04-09,8834,339015,4261,177089,3020,149960,1553,11966,3208,85587,5604,132443,4781,218030,California
San Joaquin,2021-04-10,5198,344213,1622,178711,1670,151630,1906,13872,1754,85808,3435,135878,3656,221686,California
San Joaquin,2021-04-11,4066,348279,1544,180255,1357,152987,1165,15037,1761,86435,2294,138172,2921,224607,California
San Joaquin,2021-04-12,5948,354227,2365,182620,2049,155036,1534,16571,2322,86688,3608,141780,3861,228468,California
San Joaquin,2021-04-13,7434,361661,4284,186904,3144,158180,6,16577,4558,88402,2856,144636,4570,233038,California
San Joaquin,2021-04-14,7415,369076,3703,190607,3712,161892,0,16577,4436,89884,2963,147599,4445,237483,California
San Joaquin,2021-04-15,7762,376838,4582,195189,3180,165072,0,16577,4337,90834,3393,150992,4343,241826,California
San Joaquin,2021-04-16,7574,384412,4030,199219,3541,168613,3,16580,4531,92363,3015,154007,4544,246370,California
San Joaquin,2021-04-17,5118,389530,2753,201972,2363,170976,2,16582,3630,94532,1479,155486,3648,250018,California
San Joaquin,2021-04-18,2443,391973,1349,203321,1094,172070,0,16582,1297,94706,1131,156617,1305,251323,California
San Joaquin,2021-04-19,5114,397087,2767,206088,2347,174417,0,16582,2733,95090,2359,158976,2743,254066,California
San Joaquin,2021-04-20,6194,403281,3256,209344,2938,177355,0,16582,2933,94797,3237,162213,2944,257010,California
San Joaquin,2021-04-21,5599,408880,3092,212436,2507,179862,0,16582,2903,95056,2650,164863,2909,259919,California
San Joaquin,2021-04-22,5249,414129,3103,215539,2145,182007,1,16583,3034,95913,2190,167053,3047,262966,California
San Joaquin,2021-04-23,5847,419976,2802,218341,3044,185051,1,16584,3705,97501,2124,169177,3712,266678,California
San Joaquin,2021-04-24,5176,425152,3563,221904,1612,186663,1,16585,3366,99085,1789,170966,3373,270051,California
San Joaquin,2021-04-25,2976,428128,2500,224404,476,187139,0,16585,1950,100033,1008,171974,1956,272007,California
San Joaquin,2021-04-26,3875,432003,2563,226967,1311,188450,1,16586,2026,100228,1836,173810,2031,274038,California
San Joaquin,2021-04-27,4421,436424,2538,229505,1834,190284,49,16635,1844,99570,2559,176369,1901,275939,California
San Joaquin,2021-04-28,5467,441891,3281,232786,2111,192395,75,16710,2684,99583,2754,179123,2767,278706,California
San Joaquin,2021-04-29,4793,446684,2797,235583,1940,194335,56,16766,2426,99724,2347,181470,2488,281194,California
San Joaquin,2021-04-30,4874,451558,2378,237961,2429,196764,67,16833,2502,99945,2356,183826,2577,283771,California
San Joaquin,2021-05-01,3291,454849,1891,239852,1341,198105,59,16892,2085,100901,1201,185027,2157,285928,California
San Joaquin,2021-05-02,2273,457122,1580,241432,638,198743,55,16947,1158,101006,1110,186137,1215,287143,California
San Joaquin,2021-05-03,3177,460299,2129,243561,974,199717,74,17021,1334,100592,1831,187968,1417,288560,California
San Joaquin,2021-05-04,4811,465110,3272,246833,1387,201104,152,17173,1768,99497,3025,190993,1930,290490,California
San Joaquin,2021-05-05,4515,469625,2996,249829,1358,202462,161,17334,1772,98716,2721,193714,1940,292430,California
San Joaquin,2021-05-06,4584,474209,3060,252889,1397,203859,127,17461,2026,98332,2545,196259,2161,294591,California
San Joaquin,2021-05-07,4796,479005,2810,255699,1834,205693,152,17613,1839,97389,2943,199202,2000,296591,California
San Joaquin,2021-05-08,3242,482247,2083,257782,1058,206751,101,17714,1202,96675,2025,201227,1311,297902,California
San Joaquin,2021-05-09,1470,483717,832,258614,568,207319,70,17784,591,96465,876,202103,666,298568,California
San Joaquin,2021-05-10,2752,486469,1455,260069,1175,208494,122,17906,905,95663,1835,203938,1033,299601,California
San Joaquin,2021-05-11,4023,490492,2149,262218,1761,210255,113,18019,1287,94369,2723,206661,1429,301030,California
San Joaquin,2021-05-12,3893,494385,1821,264039,1978,212233,94,18113,1215,93023,2667,209328,1321,302351,California
San Joaquin,2021-05-13,4131,498516,2375,266414,1674,213907,82,18195,1539,92075,2582,211910,1634,303985,California
San Joaquin,2021-05-14,4585,503101,2456,268870,2025,215932,104,18299,1700,91017,2869,214779,1811,305796,California
San Joaquin,2021-05-15,3249,506350,1733,270603,1459,217391,57,18356,871,89591,2356,217135,930,306726,California
San Joaquin,2021-05-16,112,506462,72,270675,39,217430,1,18357,37,89558,74,217209,41,306767,California
San Luis Obispo,2020-12-16,4,4,4,4,0,0,0,0,4,4,0,0,4,4,California
San Luis Obispo,2020-12-17,196,200,196,200,0,0,0,0,196,200,0,0,196,200,California
San Luis Obispo,2020-12-18,224,424,224,424,0,0,0,0,224,424,0,0,224,424,California
San Luis Obispo,2020-12-19,162,586,162,586,0,0,0,0,162,586,0,0,162,586,California
San Luis Obispo,2020-12-20,215,801,215,801,0,0,0,0,215,801,0,0,215,801,California
San Luis Obispo,2020-12-21,549,1350,548,1349,1,1,0,0,549,1350,0,0,549,1350,California
San Luis Obispo,2020-12-22,309,1659,305,1654,4,5,0,0,309,1659,0,0,309,1659,California
San Luis Obispo,2020-12-23,682,2341,368,2022,314,319,0,0,682,2341,0,0,682,2341,California
San Luis Obispo,2020-12-24,194,2535,19,2041,175,494,0,0,194,2535,0,0,194,2535,California
San Luis Obispo,2020-12-25,2,2537,1,2042,1,495,0,0,2,2537,0,0,2,2537,California
San Luis Obispo,2020-12-26,89,2626,12,2054,77,572,0,0,89,2626,0,0,89,2626,California
San Luis Obispo,2020-12-27,76,2702,0,2054,76,648,0,0,76,2702,0,0,76,2702,California
San Luis Obispo,2020-12-28,880,3582,430,2484,450,1098,0,0,880,3582,0,0,880,3582,California
San Luis Obispo,2020-12-29,902,4484,502,2986,400,1498,0,0,902,4484,0,0,902,4484,California
San Luis Obispo,2020-12-30,1172,5656,681,3667,491,1989,0,0,1172,5656,0,0,1172,5656,California
San Luis Obispo,2020-12-31,107,5763,4,3671,103,2092,0,0,107,5763,0,0,107,5763,California
San Luis Obispo,2021-01-01,13,5776,8,3679,5,2097,0,0,13,5776,0,0,13,5776,California
San Luis Obispo,2021-01-02,33,5809,8,3687,25,2122,0,0,33,5809,0,0,33,5809,California
San Luis Obispo,2021-01-03,16,5825,6,3693,10,2132,0,0,16,5825,0,0,16,5825,California
San Luis Obispo,2021-01-04,679,6504,525,4218,154,2286,0,0,679,6504,0,0,679,6504,California
San Luis Obispo,2021-01-05,975,7479,757,4975,218,2504,0,0,973,7475,2,2,973,7477,California
San Luis Obispo,2021-01-06,725,8204,480,5455,245,2749,0,0,717,8185,7,9,717,8194,California
San Luis Obispo,2021-01-07,1126,9330,948,6403,178,2927,0,0,683,8425,443,452,683,8877,California
San Luis Obispo,2021-01-08,882,10212,804,7207,78,3005,0,0,513,8570,368,820,513,9390,California
San Luis Obispo,2021-01-09,204,10416,195,7402,9,3014,0,0,27,8420,177,997,27,9417,California
San Luis Obispo,2021-01-10,12,10428,8,7410,4,3018,0,0,8,8424,4,1001,8,9425,California
San Luis Obispo,2021-01-11,559,10987,508,7918,51,3069,0,0,299,8464,259,1260,299,9724,California
San Luis Obispo,2021-01-12,597,11584,380,8298,217,3286,0,0,318,8503,279,1539,318,10042,California
San Luis Obispo,2021-01-13,883,12467,256,8554,627,3913,0,0,644,8910,237,1776,644,10686,California
San Luis Obispo,2021-01-14,729,13196,244,8798,485,4398,0,0,604,9402,112,1888,604,11290,California
San Luis Obispo,2021-01-15,729,13925,288,9086,441,4839,0,0,554,9786,170,2058,554,11844,California
San Luis Obispo,2021-01-16,100,14025,81,9167,19,4858,0,0,95,9876,5,2063,95,11939,California
San Luis Obispo,2021-01-17,67,14092,61,9228,6,4864,0,0,67,9943,0,2063,67,12006,California
San Luis Obispo,2021-01-18,1371,15463,389,9617,982,5846,0,0,1109,10790,262,2325,1109,13115,California
San Luis Obispo,2021-01-19,1584,17047,417,10034,1167,7013,0,0,1176,11558,408,2733,1176,14291,California
San Luis Obispo,2021-01-20,1885,18932,597,10631,1288,8301,0,0,1294,12264,589,3322,1295,15586,California
San Luis Obispo,2021-01-21,1572,20504,467,11098,1105,9406,0,0,1199,13095,369,3691,1200,16786,California
San Luis Obispo,2021-01-22,1521,22025,509,11607,1012,10418,0,0,1206,13988,313,4004,1206,17992,California
San Luis Obispo,2021-01-23,312,22337,294,11901,18,10436,0,0,296,14268,16,4020,296,18288,California
San Luis Obispo,2021-01-24,245,22582,237,12138,8,10444,0,0,239,14501,6,4026,239,18527,California
San Luis Obispo,2021-01-25,2074,24656,606,12744,1468,11912,0,0,1244,14915,830,4856,1244,19771,California
San Luis Obispo,2021-01-26,2003,26659,705,13449,1298,13210,0,0,1135,15182,868,5724,1135,20906,California
San Luis Obispo,2021-01-27,1611,28270,284,13733,1327,14537,0,0,1152,15875,459,6183,1152,22058,California
San Luis Obispo,2021-01-28,1491,29761,343,14076,1148,15685,0,0,1230,16845,260,6443,1230,23288,California
San Luis Obispo,2021-01-29,1735,31496,681,14757,1054,16739,0,0,1451,18012,284,6727,1451,24739,California
San Luis Obispo,2021-01-30,37,31533,18,14775,19,16758,0,0,26,18028,10,6737,26,24765,California
San Luis Obispo,2021-01-31,28,31561,20,14795,8,16766,0,0,25,18050,3,6740,25,24790,California
San Luis Obispo,2021-02-01,1703,33264,738,15533,965,17731,0,0,1401,19150,301,7041,1401,26191,California
San Luis Obispo,2021-02-02,1895,35159,677,16210,1218,18949,0,0,1521,20297,374,7415,1521,27712,California
San Luis Obispo,2021-02-03,1707,36866,729,16939,978,19927,0,0,1294,21178,413,7828,1294,29006,California
San Luis Obispo,2021-02-04,1658,38524,801,17740,857,20784,0,0,1091,21702,567,8395,1091,30097,California
San Luis Obispo,2021-02-05,1602,40126,716,18456,886,21670,0,0,1057,22214,546,8941,1058,31155,California
San Luis Obispo,2021-02-06,159,40285,92,18548,67,21737,0,0,93,22241,66,9007,93,31248,California
San Luis Obispo,2021-02-07,144,40429,99,18647,45,21782,0,0,74,22246,70,9077,75,31323,California
San Luis Obispo,2021-02-08,858,41287,470,19117,388,22170,0,0,498,22385,359,9436,498,31821,California
San Luis Obispo,2021-02-09,1123,42410,449,19566,674,22844,0,0,542,22359,575,10011,549,32370,California
San Luis Obispo,2021-02-10,1431,43841,488,20054,943,23787,0,0,523,21980,905,10916,526,32896,California
San Luis Obispo,2021-02-11,1334,45175,847,20901,487,24274,0,0,656,21962,674,11590,656,33552,California
San Luis Obispo,2021-02-12,786,45961,363,21264,423,24697,0,0,417,22010,369,11959,417,33969,California
San Luis Obispo,2021-02-13,393,46354,127,21391,266,24963,0,0,285,22188,107,12066,285,34254,California
San Luis Obispo,2021-02-14,318,46672,41,21432,277,25240,0,0,282,22435,36,12102,283,34537,California
San Luis Obispo,2021-02-15,727,47399,137,21569,590,25830,0,0,471,22653,253,12355,471,35008,California
San Luis Obispo,2021-02-16,2964,50363,1197,22766,1767,27597,0,0,1360,22415,1598,13953,1360,36368,California
San Luis Obispo,2021-02-17,2777,53140,1238,24004,1539,29136,0,0,1029,21705,1739,15692,1029,37397,California
San Luis Obispo,2021-02-18,2823,55963,1457,25461,1366,30502,0,0,1132,21155,1683,17375,1133,38530,California
San Luis Obispo,2021-02-19,1457,57420,1336,26797,121,30623,0,0,1133,21965,323,17698,1133,39663,California
San Luis Obispo,2021-02-20,252,57672,81,26878,171,30794,0,0,215,22143,37,17735,215,39878,California
San Luis Obispo,2021-02-21,57,57729,53,26931,4,30798,0,0,32,22150,25,17760,32,39910,California
San Luis Obispo,2021-02-22,2410,60139,1863,28794,547,31345,0,0,1465,22671,945,18705,1466,41376,California
San Luis Obispo,2021-02-23,1858,61997,1743,30537,115,31460,0,0,1365,23545,492,19197,1366,42742,California
San Luis Obispo,2021-02-24,2645,64642,1301,31838,1344,32804,0,0,836,22575,1806,21003,836,43578,California
San Luis Obispo,2021-02-25,2130,66772,1243,33081,887,33691,0,0,1206,22865,917,21920,1207,44785,California
San Luis Obispo,2021-02-26,2645,69417,1149,34230,1496,35187,0,0,1326,22880,1311,23231,1326,46111,California
San Luis Obispo,2021-02-27,567,69984,341,34571,226,35413,0,0,520,23353,47,23278,520,46631,California
San Luis Obispo,2021-02-28,200,70184,73,34644,127,35540,0,0,162,23481,34,23312,162,46793,California
San Luis Obispo,2021-03-01,2967,73151,1847,36491,1118,36658,2,2,2041,24598,927,24239,2044,48837,California
San Luis Obispo,2021-03-02,3000,76151,1887,38378,1113,37771,0,2,1854,25311,1142,25381,1855,50692,California
San Luis Obispo,2021-03-03,2281,78432,335,38713,1946,39717,0,2,833,24703,1442,26823,834,51526,California
San Luis Obispo,2021-03-04,2185,80617,1154,39867,1031,40748,0,2,1172,24866,1011,27834,1174,52700,California
San Luis Obispo,2021-03-05,2294,82911,1017,40884,1207,41955,70,72,1290,25238,988,28822,1360,54060,California
San Luis Obispo,2021-03-06,834,83745,309,41193,418,42373,107,179,614,25733,220,29042,715,54775,California
San Luis Obispo,2021-03-07,200,83945,32,41225,84,42457,84,263,71,25761,128,29170,156,54931,California
San Luis Obispo,2021-03-08,2729,86674,755,41980,1659,44116,315,578,1538,26428,1187,30357,1854,56785,California
San Luis Obispo,2021-03-09,2929,89603,955,42935,1726,45842,248,826,1508,26768,1417,31774,1757,58542,California
San Luis Obispo,2021-03-10,3192,92795,1238,44173,1672,47514,282,1108,1816,27494,1372,33146,2098,60640,California
San Luis Obispo,2021-03-11,3148,95943,1273,45446,1552,49066,323,1431,1720,28117,1419,34565,2042,62682,California
San Luis Obispo,2021-03-12,3211,99154,1281,46727,1592,50658,338,1769,1597,28449,1606,36171,1938,64620,California
San Luis Obispo,2021-03-13,795,99949,263,46990,423,51081,109,1878,432,28627,362,36533,540,65160,California
San Luis Obispo,2021-03-14,514,100463,53,47043,350,51431,111,1989,134,28493,379,36912,245,65405,California
San Luis Obispo,2021-03-15,3056,103519,1096,48139,1862,53293,98,2087,1529,28598,1523,38435,1628,67033,California
San Luis Obispo,2021-03-16,2848,106367,1509,49648,1229,54522,110,2197,1436,28737,1406,39841,1545,68578,California
San Luis Obispo,2021-03-17,3423,109790,1447,51095,1715,56237,261,2458,1977,29539,1435,41276,2237,70815,California
San Luis Obispo,2021-03-18,2812,112602,1448,52543,1150,57387,214,2672,1339,29623,1468,42744,1552,72367,California
San Luis Obispo,2021-03-19,2584,115186,1562,54105,701,58088,321,2993,958,29286,1618,44362,1281,73648,California
San Luis Obispo,2021-03-20,833,116019,496,54601,300,58388,37,3030,385,29260,448,44810,422,74070,California
San Luis Obispo,2021-03-21,187,116206,45,54646,139,58527,3,3033,157,29391,29,44839,160,74230,California
San Luis Obispo,2021-03-22,2684,118890,1169,55815,1467,59994,48,3081,1863,30486,816,45655,1911,76141,California
San Luis Obispo,2021-03-23,3371,122261,2210,58025,1130,61124,31,3112,2266,31682,1101,46756,2297,78438,California
San Luis Obispo,2021-03-24,3506,125767,2136,60161,1285,62409,85,3197,2614,33493,887,47643,2698,81136,California
San Luis Obispo,2021-03-25,3667,129434,2294,62455,1361,63770,12,3209,2634,35110,1028,48671,2645,83781,California
San Luis Obispo,2021-03-26,3145,132579,1756,64211,957,64727,432,3641,1749,35901,1390,50061,2181,85962,California
San Luis Obispo,2021-03-27,993,133572,507,64718,394,65121,92,3733,452,35906,539,50600,544,86506,California
San Luis Obispo,2021-03-28,444,134016,152,64870,236,65357,56,3789,243,36004,201,50801,299,86805,California
San Luis Obispo,2021-03-29,2579,136595,1277,66147,1169,66526,133,3922,1651,36874,914,51715,1784,88589,California
San Luis Obispo,2021-03-30,3500,140095,1909,68056,1449,67975,142,4064,2341,38201,1154,52869,2481,91070,California
San Luis Obispo,2021-03-31,3870,143965,2461,70517,1262,69237,147,4211,2500,39487,1360,54229,2646,93716,California
San Luis Obispo,2021-04-01,3836,147801,2421,72938,1298,70535,117,4328,2692,41164,1133,55362,2810,96526,California
San Luis Obispo,2021-04-02,1741,149542,686,73624,744,71279,311,4639,943,41619,797,56159,1252,97778,California
San Luis Obispo,2021-04-03,1110,150652,558,74182,425,71704,127,4766,493,41626,613,56772,620,98398,California
San Luis Obispo,2021-04-04,382,151034,130,74312,212,71916,40,4806,235,41754,147,56919,275,98673,California
San Luis Obispo,2021-04-05,3600,154634,1942,76254,1548,73464,110,4916,2029,42323,1568,58487,2137,100810,California
San Luis Obispo,2021-04-06,4023,158657,2145,78399,1555,75019,323,5239,1942,42515,2073,60560,2265,103075,California
San Luis Obispo,2021-04-07,4284,162941,2337,80736,1584,76603,363,5602,2461,43528,1809,62369,2822,105897,California
San Luis Obispo,2021-04-08,4025,166966,2191,82927,1432,78035,402,6004,2178,44268,1840,64209,2580,108477,California
San Luis Obispo,2021-04-09,3643,170609,1734,84661,1155,79190,754,6758,1532,44447,2102,66311,2281,110758,California
San Luis Obispo,2021-04-10,1572,172181,557,85218,351,79541,664,7422,483,44503,1089,67400,1145,111903,California
San Luis Obispo,2021-04-11,313,172494,64,85282,186,79727,63,7485,126,44507,185,67585,189,112092,California
San Luis Obispo,2021-04-12,3373,175867,1698,86980,1512,81239,163,7648,1415,44126,1958,69543,1577,113669,California
San Luis Obispo,2021-04-13,3636,179503,2095,89075,1540,82779,1,7649,1966,44427,1667,71210,1968,115637,California
San Luis Obispo,2021-04-14,2850,182353,1685,90760,1162,83941,3,7652,1666,44920,1173,72383,1666,117303,California
San Luis Obispo,2021-04-15,3685,186038,2396,93156,1288,85229,1,7653,1971,45197,1696,74079,1973,119276,California
San Luis Obispo,2021-04-16,3616,189654,2201,95357,1412,86641,3,7656,1810,45205,1803,75882,1811,121087,California
San Luis Obispo,2021-04-17,1096,190750,432,95789,662,87303,2,7658,715,45542,380,76262,717,121804,California
San Luis Obispo,2021-04-18,321,191071,100,95889,220,87523,1,7659,111,45446,207,76469,111,121915,California
San Luis Obispo,2021-04-19,3127,194198,1284,97173,1805,89328,38,7697,1160,44681,1964,78433,1199,123114,California
San Luis Obispo,2021-04-20,3507,197705,1934,99107,1573,90901,0,7697,1339,43864,2156,80589,1339,124453,California
San Luis Obispo,2021-04-21,3902,201607,1792,100899,2110,93011,0,7697,1618,43216,2266,82855,1618,126071,California
San Luis Obispo,2021-04-22,4574,206181,2058,102957,2516,95527,0,7697,1487,41633,3072,85927,1489,127560,California
San Luis Obispo,2021-04-23,1464,207645,849,103806,611,96138,4,7701,701,41588,757,86684,712,128272,California
San Luis Obispo,2021-04-24,1080,208725,442,104248,619,96757,19,7720,494,41520,581,87265,513,128785,California
San Luis Obispo,2021-04-25,346,209071,163,104411,183,96940,0,7720,114,41403,231,87496,114,128899,California
San Luis Obispo,2021-04-26,967,210038,341,104752,609,97549,17,7737,362,41188,593,88089,378,129277,California
San Luis Obispo,2021-04-27,3690,213728,1910,106662,1711,99260,69,7806,1427,40428,2256,90345,1496,130773,California
San Luis Obispo,2021-04-28,3726,217454,2087,108749,1567,100827,72,7878,1286,39359,2427,92772,1358,132131,California
San Luis Obispo,2021-04-29,3645,221099,2106,110855,1469,102296,70,7948,1200,38199,2432,95204,1272,133403,California
San Luis Obispo,2021-04-30,2949,224048,1656,112511,1220,103516,73,8021,921,37175,2017,97221,993,134396,California
San Luis Obispo,2021-05-01,466,224514,158,112669,272,103788,36,8057,97,36942,365,97586,132,134528,California
San Luis Obispo,2021-05-02,169,224683,52,112721,97,103885,20,8077,42,36877,127,97713,62,134590,California
San Luis Obispo,2021-05-03,885,225568,288,113009,494,104379,103,8180,225,36544,659,98372,326,134916,California
San Luis Obispo,2021-05-04,2919,228487,1892,114901,963,105342,64,8244,866,35426,2046,100418,928,135844,California
San Luis Obispo,2021-05-05,2803,231290,1850,116751,886,106228,67,8311,693,34088,2099,102517,761,136605,California
San Luis Obispo,2021-05-06,2785,234075,1884,118635,849,107077,52,8363,729,32828,2041,104558,781,137386,California
San Luis Obispo,2021-05-07,2306,236381,1750,120385,495,107572,61,8424,608,31820,1678,106236,670,138056,California
San Luis Obispo,2021-05-08,565,236946,332,120717,209,107781,24,8448,190,31677,357,106593,214,138270,California
San Luis Obispo,2021-05-09,164,237110,41,120758,104,107885,19,8467,46,31625,117,106710,65,138335,California
San Luis Obispo,2021-05-10,717,237827,150,120908,520,108405,47,8514,154,31267,558,107268,200,138535,California
San Luis Obispo,2021-05-11,1166,238993,595,121503,501,108906,70,8584,359,30893,803,108071,429,138964,California
San Luis Obispo,2021-05-12,2344,241337,1568,123071,693,109599,83,8667,681,30009,1648,109719,764,139728,California
San Luis Obispo,2021-05-13,1015,242352,634,123705,322,109921,59,8726,426,29907,586,110305,484,140212,California
San Luis Obispo,2021-05-14,2158,244510,1595,125300,527,110448,36,8762,916,29633,1226,111531,952,141164,California
San Luis Obispo,2021-05-15,743,245253,376,125676,342,110790,25,8787,372,29661,369,111900,397,141561,California
San Luis Obispo,2021-05-16,52,245305,20,125696,30,110820,2,8789,27,29666,24,111924,29,141590,California
San Mateo,2020-12-15,26,26,26,26,0,0,0,0,26,26,0,0,26,26,California
San Mateo,2020-12-16,111,137,111,137,0,0,0,0,111,137,0,0,111,137,California
San Mateo,2020-12-17,164,301,164,301,0,0,0,0,164,301,0,0,164,301,California
San Mateo,2020-12-18,743,1044,741,1042,2,2,0,0,743,1044,0,0,743,1044,California
San Mateo,2020-12-19,516,1560,516,1558,0,2,0,0,516,1560,0,0,516,1560,California
San Mateo,2020-12-20,510,2070,509,2067,1,3,0,0,510,2070,0,0,510,2070,California
San Mateo,2020-12-21,1156,3226,1156,3223,0,3,0,0,1156,3226,0,0,1156,3226,California
San Mateo,2020-12-22,1525,4751,1518,4741,7,10,0,0,1525,4751,0,0,1525,4751,California
San Mateo,2020-12-23,1575,6326,1386,6127,189,199,0,0,1575,6326,0,0,1575,6326,California
San Mateo,2020-12-24,868,7194,611,6738,257,456,0,0,868,7194,0,0,868,7194,California
San Mateo,2020-12-25,115,7309,111,6849,4,460,0,0,115,7309,0,0,115,7309,California
San Mateo,2020-12-26,561,7870,418,7267,143,603,0,0,561,7870,0,0,561,7870,California
San Mateo,2020-12-27,307,8177,176,7443,131,734,0,0,307,8177,0,0,307,8177,California
San Mateo,2020-12-28,1054,9231,707,8150,347,1081,0,0,1054,9231,0,0,1054,9231,California
San Mateo,2020-12-29,1130,10361,705,8855,425,1506,0,0,1130,10361,0,0,1130,10361,California
San Mateo,2020-12-30,1265,11626,760,9615,505,2011,0,0,1265,11626,0,0,1265,11626,California
San Mateo,2020-12-31,716,12342,231,9846,485,2496,0,0,715,12340,1,1,715,12341,California
San Mateo,2021-01-01,69,12411,49,9895,20,2516,0,0,69,12409,0,1,69,12410,California
San Mateo,2021-01-02,401,12812,271,10166,130,2646,0,0,401,12810,0,1,401,12811,California
San Mateo,2021-01-03,284,13096,209,10375,75,2721,0,0,281,13088,3,4,281,13092,California
San Mateo,2021-01-04,1053,14149,680,11055,373,3094,0,0,1053,14141,0,4,1053,14145,California
San Mateo,2021-01-05,1204,15353,708,11763,496,3590,0,0,1174,15286,30,34,1175,15320,California
San Mateo,2021-01-06,1453,16806,955,12718,498,4088,0,0,1269,16375,181,215,1270,16590,California
San Mateo,2021-01-07,1456,18262,810,13528,646,4734,0,0,1166,17259,283,498,1167,17757,California
San Mateo,2021-01-08,1841,20103,1192,14720,649,5383,0,0,1142,17710,692,1190,1143,18900,California
San Mateo,2021-01-09,1181,21284,777,15497,404,5787,0,0,722,17973,459,1649,722,19622,California
San Mateo,2021-01-10,706,21990,577,16074,129,5916,0,0,267,17801,439,2088,267,19889,California
San Mateo,2021-01-11,2593,24583,1486,17560,1107,7023,0,0,1525,18259,1069,3157,1527,21416,California
San Mateo,2021-01-12,3286,27869,1780,19340,1506,8529,0,0,2100,19178,1184,4341,2103,23519,California
San Mateo,2021-01-13,3487,31356,1755,21095,1732,10261,0,0,2452,20598,1035,5376,2455,25974,California
San Mateo,2021-01-14,3780,35136,1587,22682,2193,12454,0,0,3092,23007,688,6064,3097,29071,California
San Mateo,2021-01-15,4326,39462,1708,24390,2618,15072,0,0,3797,26279,527,6591,3799,32870,California
San Mateo,2021-01-16,3087,42549,778,25168,2309,17381,0,0,2767,28726,320,6911,2767,35637,California
San Mateo,2021-01-17,1312,43861,310,25478,1002,18383,0,0,1102,29618,210,7121,1102,36739,California
San Mateo,2021-01-18,1366,45227,535,26013,831,19214,0,0,992,30242,371,7492,995,37734,California
San Mateo,2021-01-19,2799,48026,1788,27801,1011,20225,0,0,2005,31456,791,8283,2005,39739,California
San Mateo,2021-01-20,2803,50829,1547,29348,1256,21481,0,0,1959,32575,841,9124,1960,41699,California
San Mateo,2021-01-21,2858,53687,1309,30657,1549,23030,0,0,2265,34252,591,9715,2268,43967,California
San Mateo,2021-01-22,2800,56487,1138,31795,1662,24692,0,0,2500,36455,298,10013,2501,46468,California
San Mateo,2021-01-23,2886,59373,1692,33487,1194,25886,0,0,2520,38610,366,10379,2521,48989,California
San Mateo,2021-01-24,1521,60894,376,33863,1145,27031,0,0,1208,39507,312,10691,1209,50198,California
San Mateo,2021-01-25,4433,65327,3149,37012,1284,28315,0,0,3535,42149,896,11587,3538,53736,California
San Mateo,2021-01-26,4294,69621,2979,39991,1315,29630,0,0,3389,44635,904,12491,3390,57126,California
San Mateo,2021-01-27,2794,72415,1476,41467,1318,30948,0,0,1795,45439,992,13483,1796,58922,California
San Mateo,2021-01-28,2806,75221,1357,42824,1449,32397,0,0,1954,46556,837,14320,1954,60876,California
San Mateo,2021-01-29,2987,78208,1341,44165,1646,34043,0,0,2152,47879,832,15152,2155,63031,California
San Mateo,2021-01-30,3378,81586,1478,45643,1900,35943,0,0,2920,50343,457,15609,2921,65952,California
San Mateo,2021-01-31,1682,83268,898,46541,784,36727,0,0,1519,51701,161,15770,1519,67471,California
San Mateo,2021-02-01,2932,86200,1347,47888,1585,38312,0,0,2223,53220,705,16475,2224,69695,California
San Mateo,2021-02-02,3181,89381,1733,49621,1448,39760,0,0,2159,54360,1019,17494,2159,71854,California
San Mateo,2021-02-03,4889,94270,1955,51576,2934,42694,0,0,3835,57145,1051,18545,3836,75690,California
San Mateo,2021-02-04,6299,100569,2593,54169,3706,46400,0,0,4938,60731,1355,19900,4941,80631,California
San Mateo,2021-02-05,6800,107369,2551,56720,4249,50649,0,0,4975,63898,1808,21708,4975,85606,California
San Mateo,2021-02-06,3288,110657,1921,58641,1367,52016,0,0,2622,65857,665,22373,2624,88230,California
San Mateo,2021-02-07,1902,112559,1348,59989,554,52570,0,0,1710,67375,192,22565,1710,89940,California
San Mateo,2021-02-08,5281,117840,2249,62238,3032,55602,0,0,3108,68375,2108,24673,3108,93048,California
San Mateo,2021-02-09,6191,124031,3227,65465,2964,58566,0,0,3343,68875,2843,27516,3343,96391,California
San Mateo,2021-02-10,6498,130529,3272,68737,3226,61792,0,0,3422,69230,3067,30583,3422,99813,California
San Mateo,2021-02-11,7066,137595,3587,72324,3479,65271,0,0,3798,69772,3259,33842,3801,103614,California
San Mateo,2021-02-12,6632,144227,2961,75285,3671,68942,0,0,4708,72560,1922,35764,4710,108324,California
San Mateo,2021-02-13,6116,150343,4014,79299,2102,71044,0,0,2644,71737,3467,39231,2644,110968,California
San Mateo,2021-02-14,4639,154982,3023,82322,1616,72660,0,0,1989,71082,2645,41876,1990,112958,California
San Mateo,2021-02-15,3165,158147,1459,83781,1706,74366,0,0,1784,71491,1376,43252,1785,114743,California
San Mateo,2021-02-16,7155,165302,1880,85661,5275,79641,0,0,5286,74911,1868,45120,5288,120031,California
San Mateo,2021-02-17,7071,172373,1949,87610,5122,84763,0,0,5064,77976,2001,47121,5066,125097,California
San Mateo,2021-02-18,6708,179081,4637,92247,2071,86834,0,0,4455,80194,2240,49361,4458,129555,California
San Mateo,2021-02-19,7814,186895,5614,97861,2200,89034,0,0,5818,84023,1989,51350,5818,135373,California
San Mateo,2021-02-20,3736,190631,2420,100281,1316,90350,0,0,2307,84908,1422,52772,2307,137680,California
San Mateo,2021-02-21,2605,193236,1761,102042,844,91194,0,0,1556,85421,1043,53815,1556,139236,California
San Mateo,2021-02-22,4436,197672,3214,105256,1222,92416,0,0,2796,86584,1634,55449,2797,142033,California
San Mateo,2021-02-23,4350,202022,3105,108361,1245,93661,0,0,2542,87325,1801,57250,2542,144575,California
San Mateo,2021-02-24,7306,209328,3286,111647,4020,97681,0,0,4877,89779,2424,59674,4878,149453,California
San Mateo,2021-02-25,9098,218426,4023,115670,5075,102756,0,0,6023,92742,3060,62734,6023,155476,California
San Mateo,2021-02-26,9774,228200,3722,119392,6052,108808,0,0,6847,96682,2911,65645,6851,162327,California
San Mateo,2021-02-27,6686,234886,3416,122808,3269,112077,1,1,3631,97270,3049,68694,3637,165964,California
San Mateo,2021-02-28,4125,239011,2508,125316,1617,113694,0,1,2553,98258,1566,70260,2554,168518,California
San Mateo,2021-03-01,5662,244673,3541,128857,2120,115814,1,2,2801,98212,2848,73108,2802,171320,California
San Mateo,2021-03-02,5803,250476,3990,132847,1812,117626,1,3,3338,99095,2457,75565,3340,174660,California
San Mateo,2021-03-03,8364,258840,3905,136752,4457,122083,2,5,3610,97967,4740,80305,3612,178272,California
San Mateo,2021-03-04,8432,267272,3942,140694,4487,126570,3,8,3805,97169,4608,84913,3810,182082,California
San Mateo,2021-03-05,9112,276384,5999,146693,3109,129679,4,12,6425,100934,2667,87580,6432,188514,California
San Mateo,2021-03-06,7855,284239,5441,152134,2239,131918,175,187,5741,104744,2105,89685,5915,194429,California
San Mateo,2021-03-07,3483,287722,2322,154456,1093,133011,68,255,2014,105361,1465,91150,2082,196511,California
San Mateo,2021-03-08,4451,292173,2481,156937,1751,134762,219,474,3224,107585,1220,92370,3444,199955,California
San Mateo,2021-03-09,4566,296739,2133,159070,2160,136922,273,747,3014,109327,1543,93913,3285,203240,California
San Mateo,2021-03-10,6922,303661,2644,161714,3991,140913,287,1034,4564,111834,2343,96256,4850,208090,California
San Mateo,2021-03-11,9138,312799,5738,167452,3007,143920,393,1427,3713,110544,5395,101651,4105,212195,California
San Mateo,2021-03-12,10514,323313,6610,174062,3522,147442,382,1809,3505,107441,6991,108642,3888,216083,California
San Mateo,2021-03-13,8107,331420,3422,177484,3056,150498,1629,3438,3909,108784,4186,112828,5529,221612,California
San Mateo,2021-03-14,4940,336360,3308,180792,1525,152023,107,3545,2633,109224,2299,115127,2739,224351,California
San Mateo,2021-03-15,7131,343491,4584,185376,2371,154394,176,3721,3754,109784,3371,118498,3931,228282,California
San Mateo,2021-03-16,11914,355405,4362,189738,7429,161823,123,3844,4809,107629,7089,125587,4934,233216,California
San Mateo,2021-03-17,10800,366205,4366,194104,6309,168132,125,3969,4868,106720,5906,131493,4997,238213,California
San Mateo,2021-03-18,7245,373450,4043,198147,3019,171151,183,4152,4312,108286,2927,134420,4493,242706,California
San Mateo,2021-03-19,7367,380817,4724,202871,1976,173127,667,4819,3609,108814,3748,138168,4276,246982,California
San Mateo,2021-03-20,8296,389113,6436,209307,1524,174651,336,5155,5419,111706,2862,141030,5754,252736,California
San Mateo,2021-03-21,4163,393276,3131,212438,801,175452,231,5386,2349,112480,1803,142833,2577,255313,California
San Mateo,2021-03-22,5225,398501,3546,215984,1261,176713,418,5804,2864,113415,2348,145181,3283,258596,California
San Mateo,2021-03-23,9783,408284,4450,220434,5137,181850,196,6000,4661,113179,5092,150273,4856,263452,California
San Mateo,2021-03-24,9449,417733,5451,225885,3858,185708,140,6140,4108,112154,5272,155545,4247,267699,California
San Mateo,2021-03-25,10029,427762,4889,230774,4872,190580,268,6408,4434,111367,5493,161038,4706,272405,California
San Mateo,2021-03-26,11164,438926,7671,238445,3327,193907,166,6574,4456,109322,6670,167708,4625,277030,California
San Mateo,2021-03-27,10439,449365,7970,246415,2363,196270,106,6680,4700,108404,5721,173429,4803,281833,California
San Mateo,2021-03-28,4212,453577,2697,249112,1403,197673,112,6792,2099,108512,2104,175533,2212,284045,California
San Mateo,2021-03-29,6024,459601,3748,252860,2023,199696,253,7045,2855,108470,3150,178683,3108,287153,California
San Mateo,2021-03-30,7086,466687,4017,256877,2914,202610,155,7200,4464,110483,2607,181290,4620,291773,California
San Mateo,2021-03-31,7219,473906,4555,261432,2526,205136,138,7338,4061,111543,3141,184431,4201,295974,California
San Mateo,2021-04-01,10447,484353,5125,266557,4140,209276,1182,8520,5618,113560,4788,189219,6805,302779,California
San Mateo,2021-04-02,10696,495049,5095,271652,4035,213311,1566,10086,5626,115702,5051,194270,7193,309972,California
San Mateo,2021-04-03,9723,504772,5518,277170,2462,215773,1743,11829,4926,117584,4790,199060,6672,316644,California
San Mateo,2021-04-04,5423,510195,2612,279782,1563,217336,1248,13077,1732,116884,3678,202738,2978,319622,California
San Mateo,2021-04-05,8964,519159,4777,284559,2453,219789,1734,14811,3860,117387,5089,207827,5592,325214,California
San Mateo,2021-04-06,13163,532322,8235,292794,3078,222867,1850,16661,7531,121163,5619,213446,9395,334609,California
San Mateo,2021-04-07,11362,543684,5259,298053,4428,227295,1675,18336,4845,121181,6496,219942,6514,341123,California
San Mateo,2021-04-08,10098,553782,5037,303090,2474,229769,2587,20923,4495,122665,5588,225530,7072,348195,California
San Mateo,2021-04-09,11262,565044,5478,308568,3307,233076,2477,23400,5089,124052,6171,231701,7558,355753,California
San Mateo,2021-04-10,11164,576208,5672,314240,4066,237142,1426,24826,4636,123605,6505,238206,6058,361811,California
San Mateo,2021-04-11,6609,582817,3286,317526,873,238015,2450,27276,2333,124113,4270,242476,4778,366589,California
San Mateo,2021-04-12,7306,590123,4469,321995,1877,239892,960,28236,3553,124892,3734,246210,4513,371102,California
San Mateo,2021-04-13,8142,598265,5085,327080,3048,242940,9,28245,4318,125402,3819,250029,4329,375431,California
San Mateo,2021-04-14,8307,606572,5366,332446,2940,245880,1,28246,4275,125665,4019,254048,4282,379713,California
San Mateo,2021-04-15,11076,617648,7366,339812,3708,249588,2,28248,7265,129145,3788,257836,7268,386981,California
San Mateo,2021-04-16,9940,627588,6856,346668,3068,252656,16,28264,6325,131892,3599,261435,6346,393327,California
San Mateo,2021-04-17,9662,637250,6438,353106,3221,255877,3,28267,6138,134521,3516,264951,6145,399472,California
San Mateo,2021-04-18,5405,642655,2594,355700,2811,258688,0,28267,3657,136446,1738,266689,3663,403135,California
San Mateo,2021-04-19,8349,651004,5439,361139,2910,261598,0,28267,5417,138950,2922,269611,5426,408561,California
San Mateo,2021-04-20,10239,661243,5700,366839,4539,266137,0,28267,6581,141900,3642,273253,6592,415153,California
San Mateo,2021-04-21,8995,670238,6098,372937,2897,269034,0,28267,5576,144079,3404,276657,5583,420736,California
San Mateo,2021-04-22,9567,679805,6412,379349,3154,272188,1,28268,5325,145199,4211,280868,5331,426067,California
San Mateo,2021-04-23,9453,689258,6222,385571,3231,275419,0,28268,5318,146421,4111,284979,5333,431400,California
San Mateo,2021-04-24,11226,700484,8022,393593,3204,278623,0,28268,6051,147325,5155,290134,6059,437459,California
San Mateo,2021-04-25,5517,706001,3859,397452,1656,280279,2,28270,3911,149653,1594,291728,3922,441381,California
San Mateo,2021-04-26,6312,712313,4626,402078,1679,281958,7,28277,3650,150667,2655,294383,3669,445050,California
San Mateo,2021-04-27,10969,723282,7800,409878,3064,285022,105,28382,4419,148670,6525,300908,4528,449578,California
San Mateo,2021-04-28,7659,730941,4423,414301,3032,288054,204,28586,4015,149257,3636,304544,4223,453801,California
San Mateo,2021-04-29,7915,738856,3709,418010,4031,292085,175,28761,3503,148560,4387,308931,3690,457491,California
San Mateo,2021-04-30,8069,746925,5065,423075,2852,294937,152,28913,3422,147521,4626,313557,3587,461078,California
San Mateo,2021-05-01,6141,753066,4114,427189,1908,296845,119,29032,2657,146839,3469,317026,2787,463865,California
San Mateo,2021-05-02,3169,756235,1740,428929,1358,298203,71,29103,1144,146041,2017,319043,1219,465084,California
San Mateo,2021-05-03,6041,762276,4525,433454,1372,299575,144,29247,1906,143964,4127,323170,2050,467134,California
San Mateo,2021-05-04,7228,769504,4892,438346,2164,301739,172,29419,2454,141843,4759,327929,2638,469772,California
San Mateo,2021-05-05,6841,776345,4471,442817,2208,303947,162,29581,2463,140119,4350,332279,2626,472398,California
San Mateo,2021-05-06,8486,784831,6631,449448,1682,305629,173,29754,1738,135304,6731,339010,1916,474314,California
San Mateo,2021-05-07,8187,793018,5857,455305,2047,307676,283,30037,1837,131114,6321,345331,2131,476445,California
San Mateo,2021-05-08,6645,799663,4029,459334,2378,310054,238,30275,1830,128384,4803,350134,2073,478518,California
San Mateo,2021-05-09,3118,802781,2434,461768,611,310665,73,30348,1065,127476,2047,352181,1139,479657,California
San Mateo,2021-05-10,4566,807347,3276,465044,1121,311786,169,30517,773,124642,3784,355965,950,480607,California
San Mateo,2021-05-11,6456,813803,4848,469892,1496,313282,112,30629,1650,121617,4790,360755,1765,482372,California
San Mateo,2021-05-12,6272,820075,4532,474424,1557,314839,183,30812,1481,118505,4780,365535,1668,484040,California
San Mateo,2021-05-13,8512,828587,6299,480723,2126,316965,87,30899,3032,116176,5453,370988,3124,487164,California
San Mateo,2021-05-14,7541,836128,5490,486213,1951,318916,100,30999,2242,113241,5287,376275,2352,489516,California
San Mateo,2021-05-15,8203,844331,6401,492614,1734,320650,68,31067,3558,112257,4630,380905,3646,493162,California
San Mateo,2021-05-16,4558,848889,2867,495481,1664,322314,27,31094,1253,110240,3298,384203,1281,494443,California
Santa Barbara,2020-12-15,2,2,2,2,0,0,0,0,2,2,0,0,2,2,California
Santa Barbara,2020-12-16,2,4,2,4,0,0,0,0,2,4,0,0,2,4,California
Santa Barbara,2020-12-17,56,60,56,60,0,0,0,0,56,60,0,0,56,60,California
Santa Barbara,2020-12-18,378,438,377,437,1,1,0,0,378,438,0,0,378,438,California
Santa Barbara,2020-12-19,325,763,325,762,0,1,0,0,325,763,0,0,325,763,California
Santa Barbara,2020-12-20,235,998,235,997,0,1,0,0,235,998,0,0,235,998,California
Santa Barbara,2020-12-21,652,1650,650,1647,2,3,0,0,652,1650,0,0,652,1650,California
Santa Barbara,2020-12-22,245,1895,243,1890,2,5,0,0,245,1895,0,0,245,1895,California
Santa Barbara,2020-12-23,321,2216,203,2093,118,123,0,0,321,2216,0,0,321,2216,California
Santa Barbara,2020-12-24,88,2304,40,2133,48,171,0,0,88,2304,0,0,88,2304,California
Santa Barbara,2020-12-26,326,2630,66,2199,260,431,0,0,326,2630,0,0,326,2630,California
Santa Barbara,2020-12-27,62,2692,1,2200,61,492,0,0,62,2692,0,0,62,2692,California
Santa Barbara,2020-12-28,356,3048,223,2423,133,625,0,0,356,3048,0,0,356,3048,California
Santa Barbara,2020-12-29,555,3603,361,2784,194,819,0,0,555,3603,0,0,555,3603,California
Santa Barbara,2020-12-30,585,4188,403,3187,182,1001,0,0,585,4188,0,0,585,4188,California
Santa Barbara,2020-12-31,240,4428,114,3301,126,1127,0,0,240,4428,0,0,240,4428,California
Santa Barbara,2021-01-01,113,4541,108,3409,5,1132,0,0,113,4541,0,0,113,4541,California
Santa Barbara,2021-01-02,591,5132,225,3634,366,1498,0,0,591,5132,0,0,591,5132,California
Santa Barbara,2021-01-03,23,5155,15,3649,8,1506,0,0,23,5155,0,0,23,5155,California
Santa Barbara,2021-01-04,310,5465,247,3896,63,1569,0,0,309,5464,0,0,309,5464,California
Santa Barbara,2021-01-05,754,6219,381,4277,373,1942,0,0,727,6164,27,27,727,6191,California
Santa Barbara,2021-01-06,656,6875,276,4553,380,2322,0,0,595,6699,60,87,595,6786,California
Santa Barbara,2021-01-07,1033,7908,711,5264,322,2644,0,0,527,6724,502,589,527,7313,California
Santa Barbara,2021-01-08,1202,9110,842,6106,360,3004,0,0,709,6940,493,1082,709,8022,California
Santa Barbara,2021-01-09,566,9676,293,6399,273,3277,0,0,320,7014,246,1328,320,8342,California
Santa Barbara,2021-01-10,62,9738,50,6449,12,3289,0,0,46,7044,16,1344,46,8388,California
Santa Barbara,2021-01-11,839,10577,670,7119,169,3458,0,0,616,7438,222,1566,616,9004,California
Santa Barbara,2021-01-12,1429,12006,635,7754,794,4252,0,0,1272,8553,157,1723,1272,10276,California
Santa Barbara,2021-01-13,1229,13235,281,8035,948,5200,0,0,1102,9528,127,1850,1102,11378,California
Santa Barbara,2021-01-14,1249,14484,133,8168,1116,6316,0,0,1194,10669,54,1904,1195,12573,California
Santa Barbara,2021-01-15,1802,16286,421,8589,1381,7697,0,0,1721,12310,80,1984,1721,14294,California
Santa Barbara,2021-01-16,1272,17558,202,8791,1070,8767,0,0,1233,13505,38,2022,1233,15527,California
Santa Barbara,2021-01-17,123,17681,20,8811,103,8870,0,0,120,13622,3,2025,120,15647,California
Santa Barbara,2021-01-18,1151,18832,417,9228,734,9604,0,0,966,14403,185,2210,966,16613,California
Santa Barbara,2021-01-19,1638,20470,570,9798,1068,10672,0,0,1358,15482,279,2489,1358,17971,California
Santa Barbara,2021-01-20,2095,22565,544,10342,1551,12223,0,0,1736,16860,358,2847,1736,19707,California
Santa Barbara,2021-01-21,3088,25653,1818,12160,1270,13493,0,0,2929,19631,159,3006,2930,22637,California
Santa Barbara,2021-01-22,3018,28671,1864,14024,1154,14647,0,0,2854,22325,161,3167,2855,25492,California
Santa Barbara,2021-01-23,1734,30405,1106,15130,628,15275,0,0,1222,23036,511,3678,1222,26714,California
Santa Barbara,2021-01-24,844,31249,752,15882,92,15367,0,0,835,23862,9,3687,835,27549,California
Santa Barbara,2021-01-25,1245,32494,501,16383,744,16111,0,0,1005,24627,240,3927,1005,28554,California
Santa Barbara,2021-01-26,2051,34545,468,16851,1583,17694,0,0,1664,25906,385,4312,1664,30218,California
Santa Barbara,2021-01-27,1163,35708,400,17251,763,18457,0,0,901,26548,261,4573,903,31121,California
Santa Barbara,2021-01-28,895,36603,298,17549,597,19054,0,0,680,27016,212,4785,680,31801,California
Santa Barbara,2021-01-29,1333,37936,537,18086,796,19850,0,0,979,27646,351,5136,981,32782,California
Santa Barbara,2021-01-30,1892,39828,1420,19506,472,20322,0,0,1488,28733,401,5537,1488,34270,California
Santa Barbara,2021-01-31,1454,41282,1216,20722,238,20560,0,0,1415,30109,39,5576,1415,35685,California
Santa Barbara,2021-02-01,945,42227,521,21243,424,20984,0,0,557,30278,388,5964,557,36242,California
Santa Barbara,2021-02-02,1829,44056,701,21944,1128,22112,0,0,1052,30556,774,6738,1052,37294,California
Santa Barbara,2021-02-03,1941,45997,1077,23021,864,22976,0,0,1499,31623,432,7170,1499,38793,California
Santa Barbara,2021-02-04,2778,48775,1864,24885,914,23890,0,0,2482,33815,290,7460,2482,41275,California
Santa Barbara,2021-02-05,2904,51679,2060,26945,844,24734,0,0,2260,35433,642,8102,2260,43535,California
Santa Barbara,2021-02-06,1204,52883,338,27283,866,25600,0,0,794,35817,410,8512,794,44329,California
Santa Barbara,2021-02-07,301,53184,263,27546,38,25638,0,0,266,36049,34,8546,266,44595,California
Santa Barbara,2021-02-08,956,54140,311,27857,645,26283,0,0,668,36429,288,8834,668,45263,California
Santa Barbara,2021-02-09,2438,56578,313,28170,2125,28408,0,0,1119,36239,1309,10143,1119,46382,California
Santa Barbara,2021-02-10,2762,59340,1496,29666,1266,29674,0,0,780,35046,1973,12116,780,47162,California
Santa Barbara,2021-02-11,4185,63525,2807,32473,1378,31052,0,0,625,32120,3551,15667,625,47787,California
Santa Barbara,2021-02-12,3308,66833,949,33422,2359,33411,0,0,774,30366,2528,18195,774,48561,California
Santa Barbara,2021-02-13,1235,68068,341,33763,894,34305,0,0,561,30257,670,18865,561,49122,California
Santa Barbara,2021-02-14,331,68399,34,33797,297,34602,0,0,285,30496,46,18911,285,49407,California
Santa Barbara,2021-02-15,968,69367,339,34136,629,35231,0,0,492,30517,471,19382,492,49899,California
Santa Barbara,2021-02-16,2108,71475,396,34532,1712,36943,0,0,716,29845,1388,20770,716,50615,California
Santa Barbara,2021-02-17,1437,72912,321,34853,1116,38059,0,0,522,29455,912,21682,522,51137,California
Santa Barbara,2021-02-18,3255,76167,2647,37500,608,38667,0,0,1519,29273,1701,23383,1519,52656,California
Santa Barbara,2021-02-19,3597,79764,2643,40143,954,39621,0,0,2331,30341,1263,24646,2331,54987,California
Santa Barbara,2021-02-20,2222,81986,1436,41579,786,40407,0,0,1667,31462,546,25192,1667,56654,California
Santa Barbara,2021-02-21,132,82118,103,41682,29,40436,0,0,59,31448,73,25265,59,56713,California
Santa Barbara,2021-02-22,941,83059,249,41931,692,41128,0,0,262,31038,672,25937,262,56975,California
Santa Barbara,2021-02-23,3189,86248,1047,42978,2142,43270,0,0,422,28697,2763,28700,422,57397,California
Santa Barbara,2021-02-24,3202,89450,1091,44069,2111,45381,0,0,722,26951,2468,31168,722,58119,California
Santa Barbara,2021-02-25,3452,92902,1920,45989,1532,46913,0,0,987,25481,2458,33626,988,59107,California
Santa Barbara,2021-02-26,3665,96567,2175,48164,1490,48403,0,0,1978,25780,1679,35305,1978,61085,California
Santa Barbara,2021-02-27,1529,98096,564,48728,965,49368,0,0,847,25954,675,35980,849,61934,California
Santa Barbara,2021-02-28,1086,99182,221,48949,865,50233,0,0,894,26662,187,36167,895,62829,California
Santa Barbara,2021-03-01,1636,100818,465,49414,1171,51404,0,0,1084,27208,539,36706,1085,63914,California
Santa Barbara,2021-03-02,2637,103455,414,49828,2223,53627,0,0,2136,28857,488,37194,2137,66051,California
Santa Barbara,2021-03-03,4627,108082,2100,51928,2525,56152,2,2,4031,32307,586,37780,4036,70087,California
Santa Barbara,2021-03-04,3418,111500,2280,54208,1138,57290,0,2,2864,34625,546,38326,2864,72951,California
Santa Barbara,2021-03-05,3814,115314,2162,56370,1593,58883,59,61,3088,37052,720,39046,3147,76098,California
Santa Barbara,2021-03-06,2431,117745,724,57094,1488,60371,219,280,1666,38175,761,39807,1884,77982,California
Santa Barbara,2021-03-07,561,118306,122,57216,309,60680,130,410,382,38510,178,39985,513,78495,California
Santa Barbara,2021-03-08,1574,119880,378,57594,854,61534,342,752,792,38868,776,40761,1134,79629,California
Santa Barbara,2021-03-09,2772,122652,324,57918,1675,63209,773,1525,718,38304,2051,42812,1487,81116,California
Santa Barbara,2021-03-10,2751,125403,546,58464,1159,64368,1046,2571,1034,38673,1711,44523,2080,83196,California
Santa Barbara,2021-03-11,5575,130978,3029,61493,1431,65799,1115,3686,2280,38781,3282,47805,3390,86586,California
Santa Barbara,2021-03-12,3669,134647,2095,63588,1145,66944,429,4115,2176,39898,1485,49290,2602,89188,California
Santa Barbara,2021-03-13,3473,138120,1924,65512,1340,68284,209,4324,2694,42024,777,50067,2903,92091,California
Santa Barbara,2021-03-14,782,138902,370,65882,355,68639,57,4381,462,42223,320,50387,519,92610,California
Santa Barbara,2021-03-15,2105,141007,691,66573,1123,69762,291,4672,1266,42945,833,51220,1555,94165,California
Santa Barbara,2021-03-16,3723,144730,1172,67745,2209,71971,342,5014,2736,45039,984,52204,3078,97243,California
Santa Barbara,2021-03-17,3297,148027,973,68718,1919,73890,405,5419,2307,46759,988,53192,2708,99951,California
Santa Barbara,2021-03-18,5222,153249,2798,71516,2222,76112,202,5621,3998,49750,1209,54401,4200,104151,California
Santa Barbara,2021-03-19,4442,157691,2766,74282,1344,77456,332,5953,3053,51749,1385,55786,3384,107535,California
Santa Barbara,2021-03-20,2166,159857,827,75109,1327,78783,12,5965,1331,52258,833,56619,1342,108877,California
Santa Barbara,2021-03-21,1164,161021,382,75491,752,79535,30,5995,838,52802,324,56943,868,109745,California
Santa Barbara,2021-03-22,2778,163799,1912,77403,822,80357,44,6039,2224,54524,546,57489,2268,112013,California
Santa Barbara,2021-03-23,4477,168276,2250,79653,2127,82484,100,6139,3711,57578,757,58246,3811,115824,California
Santa Barbara,2021-03-24,5407,173683,3154,82807,1512,83996,741,6880,2971,58872,2415,60661,3709,119533,California
Santa Barbara,2021-03-25,5552,179235,3277,86084,2087,86083,188,7068,2779,59083,2756,63417,2967,122500,California
Santa Barbara,2021-03-26,5083,184318,3221,89305,1563,87646,299,7367,2240,58795,2827,66244,2539,125039,California
Santa Barbara,2021-03-27,2923,187241,1219,90524,1661,89307,43,7410,1595,59108,1323,67567,1636,126675,California
Santa Barbara,2021-03-28,2771,190012,1647,92171,1096,90403,28,7438,1887,60145,879,68446,1916,128591,California
Santa Barbara,2021-03-29,4042,194054,2086,94257,1885,92288,71,7509,3231,62640,807,69253,3302,131893,California
Santa Barbara,2021-03-30,6793,200847,3510,97767,3133,95421,150,7659,4554,65117,2224,71477,4701,136594,California
Santa Barbara,2021-03-31,8653,209500,5517,103284,3069,98490,67,7726,5056,66662,3579,75056,5124,141718,California
Santa Barbara,2021-04-01,7016,216516,5189,108473,1568,100058,259,7985,4158,68238,2842,77898,4418,146136,California
Santa Barbara,2021-04-02,6600,223116,4525,112998,1482,101540,593,8578,3384,69006,3209,81107,3977,150113,California
Santa Barbara,2021-04-03,3788,226904,2101,115099,1619,103159,68,8646,2501,70291,1283,82390,2568,152681,California
Santa Barbara,2021-04-04,898,227802,444,115543,414,103573,40,8686,500,70435,396,82786,540,153221,California
Santa Barbara,2021-04-05,3452,231254,2279,117822,915,104488,258,8944,2161,71569,1285,84071,2419,155640,California
Santa Barbara,2021-04-06,5445,236699,2810,120632,2099,106587,536,9480,3326,73326,2103,86174,3860,159500,California
Santa Barbara,2021-04-07,5968,242667,3283,123915,2144,108731,541,10021,4061,76030,1897,88071,4601,164101,California
Santa Barbara,2021-04-08,7359,250026,5008,128923,641,109372,1710,11731,3392,77164,3965,92036,5099,169200,California
Santa Barbara,2021-04-09,7255,257281,4826,133749,1084,110456,1345,13076,3264,77786,3982,96018,4604,173804,California
Santa Barbara,2021-04-10,6629,263910,4587,138336,1425,111881,617,13693,4503,80785,2119,98137,5118,178922,California
Santa Barbara,2021-04-11,2641,266551,1930,140266,412,112293,299,13992,1821,82086,814,98951,2115,181037,California
Santa Barbara,2021-04-12,4424,270975,2847,143113,1024,113317,553,14545,1922,82064,2495,101446,2473,183510,California
Santa Barbara,2021-04-13,6306,277281,4149,147262,2151,115468,6,14551,2623,81013,3679,105125,2628,186138,California
Santa Barbara,2021-04-14,6723,284004,4400,151662,2321,117789,2,14553,4205,82712,2508,107633,4207,190345,California
Santa Barbara,2021-04-15,6933,290937,4083,155745,2849,120638,1,14554,3760,83310,3164,110797,3762,194107,California
Santa Barbara,2021-04-16,6377,297314,3752,159497,2614,123252,11,14565,4392,85742,1970,112767,4402,198509,California
Santa Barbara,2021-04-17,5300,302614,3855,163352,1445,124697,0,14565,4090,88631,1201,113968,4090,202599,California
Santa Barbara,2021-04-18,2127,304741,1476,164828,651,125348,0,14565,371,87251,1752,115720,372,202971,California
Santa Barbara,2021-04-19,3224,307965,2220,167048,998,126346,6,14571,1022,86082,2198,117918,1029,204000,California
Santa Barbara,2021-04-20,5856,313821,3943,170991,1912,128258,1,14572,1646,83530,4198,122116,1646,205646,California
Santa Barbara,2021-04-21,5431,319252,3593,174584,1838,130096,0,14572,1697,81505,3722,125838,1697,207343,California
Santa Barbara,2021-04-22,5075,324327,2549,177133,2525,132621,1,14573,1450,79348,3610,129448,1453,208796,California
Santa Barbara,2021-04-23,5525,329852,3871,181004,1654,134275,0,14573,1951,77735,3564,133012,1951,210747,California
Santa Barbara,2021-04-24,4422,334274,2877,183881,1540,135815,5,14578,1663,76652,2751,135763,1668,212415,California
Santa Barbara,2021-04-25,1832,336106,1185,185066,647,136462,0,14578,501,75830,1323,137086,501,212916,California
Santa Barbara,2021-04-26,2917,339023,1805,186871,1091,137553,21,14599,454,73848,2457,139543,475,213391,California
Santa Barbara,2021-04-27,3680,342703,2030,188901,1563,139116,87,14686,1107,72477,2564,142107,1193,214584,California
Santa Barbara,2021-04-28,4900,347603,2863,191764,1921,141037,116,14802,1403,70513,3486,145593,1522,216106,California
Santa Barbara,2021-04-29,5245,352848,3797,195561,1221,142258,227,15029,1444,68397,3785,149378,1669,217775,California
Santa Barbara,2021-04-30,4944,357792,3694,199255,1086,143344,164,15193,1422,66473,3509,152887,1585,219360,California
Santa Barbara,2021-05-01,5236,363028,4058,203313,1146,144490,32,15225,906,63090,4323,157210,940,220300,California
Santa Barbara,2021-05-02,1131,364159,666,203979,337,144827,128,15353,308,62704,822,158032,436,220736,California
Santa Barbara,2021-05-03,2203,366362,1479,205458,585,145412,139,15492,443,61532,1754,159786,582,221318,California
Santa Barbara,2021-05-04,3278,369640,1661,207119,1547,146959,70,15562,1140,60616,2125,161911,1209,222527,California
Santa Barbara,2021-05-05,5418,375058,3670,210789,1601,148560,147,15709,628,56614,4778,166689,776,223303,California
Santa Barbara,2021-05-06,5036,380094,3903,214692,1029,149589,104,15813,962,53622,4058,170747,1066,224369,California
Santa Barbara,2021-05-07,4659,384753,3654,218346,828,150417,177,15990,1004,51156,3645,174392,1179,225548,California
Santa Barbara,2021-05-08,4208,388961,3152,221498,958,151375,98,16088,866,48793,3327,177719,964,226512,California
Santa Barbara,2021-05-09,702,389663,109,221607,553,151928,40,16128,467,49067,234,177953,508,227020,California
Santa Barbara,2021-05-10,1299,390962,620,222227,595,152523,84,16212,350,48553,947,178900,433,227453,California
Santa Barbara,2021-05-11,1795,392757,770,222997,733,153256,292,16504,387,47829,1401,180301,677,228130,California
Santa Barbara,2021-05-12,1454,394211,639,223636,612,153868,203,16707,410,47405,1037,181338,613,228743,California
Santa Barbara,2021-05-13,3411,397622,2633,226269,589,154457,189,16896,1067,46321,2338,183676,1254,229997,California
Santa Barbara,2021-05-14,3946,401568,2427,228696,1448,155905,71,16967,1497,45450,2436,186112,1565,231562,California
Santa Barbara,2021-05-15,2891,404459,2228,230924,648,156553,15,16982,1584,45749,1300,187412,1599,233161,California
Santa Barbara,2021-05-16,634,405093,223,231147,308,156861,103,17085,294,45807,339,187751,397,233558,California
Santa Clara,2020-12-15,65,65,65,65,0,0,0,0,65,65,0,0,65,65,California
Santa Clara,2020-12-16,136,201,136,201,0,0,0,0,136,201,0,0,136,201,California
Santa Clara,2020-12-17,392,593,392,593,0,0,0,0,392,593,0,0,392,593,California
Santa Clara,2020-12-18,1674,2267,1674,2267,0,0,0,0,1674,2267,0,0,1674,2267,California
Santa Clara,2020-12-19,2074,4341,2074,4341,0,0,0,0,2073,4340,0,0,2073,4340,California
Santa Clara,2020-12-20,1893,6234,1892,6233,1,1,0,0,1890,6230,0,0,1890,6230,California
Santa Clara,2020-12-21,2670,8904,2670,8903,0,1,0,0,2669,8899,0,0,2669,8899,California
Santa Clara,2020-12-22,3119,12023,3112,12015,7,8,0,0,3116,12015,0,0,3116,12015,California
Santa Clara,2020-12-23,3262,15285,3075,15090,187,195,0,0,3260,15275,0,0,3260,15275,California
Santa Clara,2020-12-24,1894,17179,1709,16799,185,380,0,0,1888,17162,1,1,1888,17163,California
Santa Clara,2020-12-25,343,17522,342,17141,1,381,0,0,343,17505,0,1,343,17506,California
Santa Clara,2020-12-26,1264,18786,1031,18172,233,614,0,0,1263,18768,0,1,1263,18769,California
Santa Clara,2020-12-27,648,19434,508,18680,140,754,0,0,648,19416,0,1,648,19417,California
Santa Clara,2020-12-28,2334,21768,1732,20412,602,1356,0,0,2334,21750,0,1,2334,21751,California
Santa Clara,2020-12-29,2330,24098,1471,21883,859,2215,0,0,2328,24078,0,1,2328,24079,California
Santa Clara,2020-12-30,2994,27092,1902,23785,1092,3307,0,0,2992,27068,2,3,2992,27071,California
Santa Clara,2020-12-31,1216,28308,392,24177,824,4131,0,0,1215,28282,1,4,1215,28286,California
Santa Clara,2021-01-01,145,28453,12,24189,133,4264,0,0,144,28425,1,5,144,28430,California
Santa Clara,2021-01-02,1087,29540,817,25006,270,4534,0,0,1087,29512,0,5,1087,29517,California
Santa Clara,2021-01-03,584,30124,368,25374,216,4750,0,0,579,30088,3,8,579,30096,California
Santa Clara,2021-01-04,2470,32594,1670,27044,800,5550,0,0,2467,32555,0,8,2467,32563,California
Santa Clara,2021-01-05,3068,35662,2011,29055,1057,6607,0,0,2881,35256,186,194,2887,35450,California
Santa Clara,2021-01-06,3326,38988,1961,31016,1365,7972,0,0,2751,37438,571,765,2753,38203,California
Santa Clara,2021-01-07,4216,43204,2558,33574,1658,9630,0,0,3149,39535,1057,1822,3154,41357,California
Santa Clara,2021-01-08,5848,49052,3822,37396,2026,11656,0,0,3795,41281,2049,3871,3795,45152,California
Santa Clara,2021-01-09,2972,52024,1865,39261,1107,12763,0,0,1688,41688,1284,5155,1691,46843,California
Santa Clara,2021-01-10,1953,53977,1508,40769,445,13208,0,0,745,41226,1207,6362,745,47588,California
Santa Clara,2021-01-11,5944,59921,3741,44510,2203,15411,0,0,3380,42048,2563,8925,3385,50973,California
Santa Clara,2021-01-12,6804,66725,3400,47910,3404,18815,0,0,4563,44372,2240,11165,4564,55537,California
Santa Clara,2021-01-13,7362,74087,3044,50954,4318,23133,0,0,5195,47403,2165,13330,5196,60733,California
Santa Clara,2021-01-14,8223,82310,2789,53743,5434,28567,0,0,6487,52161,1731,15061,6489,67222,California
Santa Clara,2021-01-15,9455,91765,2685,56428,6770,35337,0,0,8136,58986,1316,16377,8141,75363,California
Santa Clara,2021-01-16,4301,96066,1230,57658,3071,38408,0,0,3465,61619,832,17209,3465,78828,California
Santa Clara,2021-01-17,3217,99283,606,58264,2611,41019,0,0,2720,63842,497,17706,2720,81548,California
Santa Clara,2021-01-18,5089,104372,1152,59416,3937,44956,0,0,4534,67822,555,18261,4535,86083,California
Santa Clara,2021-01-19,8489,112861,2681,62097,5808,50764,0,0,6810,72959,1676,19937,6813,92896,California
Santa Clara,2021-01-20,8084,120945,4112,66209,3972,54736,0,0,6534,77948,1545,21482,6534,99430,California
Santa Clara,2021-01-21,8662,129607,3751,69960,4911,59647,0,0,7462,84214,1198,22680,7464,106894,California
Santa Clara,2021-01-22,8622,138229,3245,73205,5377,65024,0,0,8056,91708,565,23245,8059,114953,California
Santa Clara,2021-01-23,3782,142011,1691,74896,2091,67115,0,0,2822,93571,960,24205,2823,117776,California
Santa Clara,2021-01-24,2827,144838,1423,76319,1404,68519,0,0,2341,95429,483,24688,2341,120117,California
Santa Clara,2021-01-25,8382,153220,3793,80112,4589,73108,0,0,6315,99689,2059,26747,6319,126436,California
Santa Clara,2021-01-26,8239,161459,3771,83883,4468,77576,0,0,6120,103702,2109,28856,6122,132558,California
Santa Clara,2021-01-27,8713,170172,3829,87712,4884,82460,0,0,6791,108593,1901,30757,6792,139350,California
Santa Clara,2021-01-28,9462,179634,3797,91509,5665,88125,0,0,7504,114164,1937,32694,7508,146858,California
Santa Clara,2021-01-29,9510,189144,3947,95456,5563,93688,0,0,7337,119338,2164,34858,7338,154196,California
Santa Clara,2021-01-30,4183,193327,2077,97533,2106,95794,0,0,2977,121117,1199,36057,2978,157174,California
Santa Clara,2021-01-31,2174,195501,1305,98838,869,96663,0,0,1581,122108,590,36647,1581,158755,California
Santa Clara,2021-02-01,7831,203332,3489,102327,4342,101005,0,0,6143,126572,1680,38327,6144,164899,California
Santa Clara,2021-02-02,8527,211859,2875,105202,5652,106657,0,0,6528,131111,1992,40319,6531,171430,California
Santa Clara,2021-02-03,9195,221054,3480,108682,5715,112372,0,0,6915,135758,2274,42593,6921,178351,California
Santa Clara,2021-02-04,10923,231977,4128,112810,6795,119167,0,0,8638,142124,2275,44868,8641,186992,California
Santa Clara,2021-02-05,11917,243894,4350,117160,7567,126734,0,0,8454,147131,3448,48316,8455,195447,California
Santa Clara,2021-02-06,5184,249078,2820,119980,2364,129098,0,0,4021,149995,1159,49475,4023,199470,California
Santa Clara,2021-02-07,3475,252553,2350,122330,1125,130223,0,0,3021,152564,453,49928,3022,202492,California
Santa Clara,2021-02-08,10007,262560,3481,125811,6526,136749,0,0,7294,157161,2698,52626,7295,209787,California
Santa Clara,2021-02-09,11162,273722,3818,129629,7344,144093,0,0,7668,161349,3483,56109,7671,217458,California
Santa Clara,2021-02-10,12641,286363,4913,134542,7728,151821,0,0,6837,162397,5791,61900,6839,224297,California
Santa Clara,2021-02-11,13503,299866,4720,139262,8783,160604,0,0,7664,164238,5824,67724,7665,231962,California
Santa Clara,2021-02-12,14540,314406,4492,143754,10048,170652,0,0,6975,163670,7545,75269,6977,238939,California
Santa Clara,2021-02-13,6075,320481,1460,145214,4615,175267,0,0,2220,162044,3848,79117,2222,241161,California
Santa Clara,2021-02-14,4612,325093,1143,146357,3469,178736,0,0,1467,160370,3143,82260,1469,242630,California
Santa Clara,2021-02-15,6256,331349,2800,149157,3456,182192,0,0,2694,159511,3553,85813,2694,245324,California
Santa Clara,2021-02-16,13770,345119,4000,153157,9770,191962,0,0,6928,159615,6824,92637,6928,252252,California
Santa Clara,2021-02-17,14071,359190,5491,158648,8580,200542,0,0,7048,159663,7005,99642,7053,259305,California
Santa Clara,2021-02-18,14195,373385,8363,167011,5832,206374,0,0,7232,159978,6920,106562,7235,266540,California
Santa Clara,2021-02-19,14805,388190,9519,176530,5286,211660,0,0,8615,162424,6174,112736,8620,275160,California
Santa Clara,2021-02-20,6819,395009,5106,181636,1713,213373,0,0,3673,162961,3136,115872,3673,278833,California
Santa Clara,2021-02-21,3294,398303,2475,184111,819,214192,0,0,1207,162091,2079,117951,1209,280042,California
Santa Clara,2021-02-22,10163,408466,6090,190201,4073,218265,0,0,4733,161405,5420,123371,4734,284776,California
Santa Clara,2021-02-23,11897,420363,7726,197927,4171,222436,0,0,6758,163041,5126,128497,6762,291538,California
Santa Clara,2021-02-24,14149,434512,9113,207040,5036,227472,0,0,8760,166428,5373,133870,8760,300298,California
Santa Clara,2021-02-25,14617,449129,9251,216291,5366,232838,0,0,7887,167611,6709,140579,7892,308190,California
Santa Clara,2021-02-26,14558,463687,8438,224729,6120,238958,0,0,7999,169079,6534,147113,8002,316192,California
Santa Clara,2021-02-27,8064,471751,5504,230233,2559,241517,1,1,4460,169953,3594,150707,4468,320660,California
Santa Clara,2021-02-28,4724,476475,3075,233308,1649,243166,0,1,2205,169648,2510,153217,2205,322865,California
Santa Clara,2021-03-01,14069,490544,7979,241287,6087,249253,3,4,8709,173020,5340,158557,8712,331577,California
Santa Clara,2021-03-02,15888,506432,9392,250679,6495,255748,1,5,10130,177419,5733,164290,10132,341709,California
Santa Clara,2021-03-03,18426,524858,9043,259722,9382,265130,1,6,11440,181917,6949,171239,11447,353156,California
Santa Clara,2021-03-04,16420,541278,8939,268661,7478,272608,3,9,9552,184686,6788,178027,9557,362713,California
Santa Clara,2021-03-05,16489,557767,9153,277814,7211,279819,125,134,9139,186625,7329,185356,9268,371981,California
Santa Clara,2021-03-06,9364,567131,6274,284088,2653,282472,437,571,7048,191806,2303,187659,7484,379465,California
Santa Clara,2021-03-07,6733,573864,4415,288503,2085,284557,233,804,5362,196037,1363,189022,5594,385059,California
Santa Clara,2021-03-08,12839,586703,6682,295185,5596,290153,561,1365,8225,200226,4597,193619,8786,393845,California
Santa Clara,2021-03-09,14926,601629,6214,301399,7381,297534,1331,2696,6606,199857,8301,201920,7932,401777,California
Santa Clara,2021-03-10,15006,616635,6482,307881,6421,303955,2103,4799,6116,199190,8864,210784,8197,409974,California
Santa Clara,2021-03-11,17013,633648,7748,315629,7761,311716,1504,6303,6037,195770,10948,221732,7528,417502,California
Santa Clara,2021-03-12,17634,651282,9069,324698,6996,318712,1569,7872,5954,191637,11640,233372,7507,425009,California
Santa Clara,2021-03-13,10709,661991,6194,330892,3020,321732,1495,9367,4792,192013,5894,239266,6270,431279,California
Santa Clara,2021-03-14,6482,668473,3349,334241,1825,323557,1308,10675,3158,193162,3308,242574,4457,435736,California
Santa Clara,2021-03-15,12747,681220,6519,340760,5959,329516,269,10944,5970,192646,6755,249329,6239,441975,California
Santa Clara,2021-03-16,18143,699363,10255,351015,7679,337195,209,11153,8780,192298,9334,258663,8986,450961,California
Santa Clara,2021-03-17,19831,719194,11233,362248,8429,345624,169,11322,10234,193148,9547,268210,10397,461358,California
Santa Clara,2021-03-18,19015,738209,8902,371150,8953,354577,1160,12482,9058,193459,9902,278112,10213,471571,California
Santa Clara,2021-03-19,19180,757389,9865,381015,8317,362894,998,13480,9962,195251,9159,287271,10951,482522,California
Santa Clara,2021-03-20,11480,768869,6301,387316,4351,367245,828,14308,6760,198144,4691,291962,7584,490106,California
Santa Clara,2021-03-21,8258,777127,3732,391048,3128,370373,1398,15706,5544,202372,2703,294665,6931,497037,California
Santa Clara,2021-03-22,16262,793389,9071,400119,6847,377220,344,16050,9293,205064,6944,301609,9636,506673,California
Santa Clara,2021-03-23,19179,812568,12198,412317,6466,383686,515,16565,11250,208948,7881,309490,11765,518438,California
Santa Clara,2021-03-24,22532,835100,14514,426831,7609,391295,409,16974,14638,216145,7852,317342,15049,533487,California
Santa Clara,2021-03-25,22859,857959,13086,439917,8789,400084,984,17958,14760,223840,8036,325378,15731,549218,California
Santa Clara,2021-03-26,21850,879809,13921,453838,7546,407630,383,18341,13526,229456,8288,333666,13904,563122,California
Santa Clara,2021-03-27,15629,895438,10394,464232,4471,412101,764,19105,8438,231506,7149,340815,9199,572321,California
Santa Clara,2021-03-28,11997,907435,8300,472532,2984,415085,713,19818,6496,233235,5476,346291,7205,579526,California
Santa Clara,2021-03-29,20531,927966,12589,485121,7217,422302,725,20543,11186,235832,9306,355597,11903,591429,California
Santa Clara,2021-03-30,25549,953515,15206,500327,8409,430711,1934,22477,16349,244942,9166,364763,18276,609705,California
Santa Clara,2021-03-31,20372,973887,11818,512145,7429,438140,1125,23602,12614,250948,7720,372483,13726,623431,California
Santa Clara,2021-04-01,31627,1005514,19763,531908,8864,447004,3000,26602,20032,262430,11533,384016,23015,646446,California
Santa Clara,2021-04-02,24954,1030468,14236,546144,8590,455594,2128,28730,16298,272222,8622,392638,18414,664860,California
Santa Clara,2021-04-03,15162,1045630,9183,555327,3482,459076,2497,31227,8429,276423,6715,399353,10916,675776,California
Santa Clara,2021-04-04,7612,1053242,4026,559353,2428,461504,1158,32385,3972,277919,3631,402984,5127,680903,California
Santa Clara,2021-04-05,21731,1074973,14494,573847,4776,466280,2461,34846,14183,287034,7524,410508,16639,697542,California
Santa Clara,2021-04-06,29355,1104328,16191,590038,7755,474035,5409,40255,17621,298353,11693,422201,23012,720554,California
Santa Clara,2021-04-07,30626,1134954,15821,605859,8380,482415,6425,46680,18718,311615,11856,434057,25118,745672,California
Santa Clara,2021-04-08,29668,1164622,16228,622087,5937,488352,7503,54183,16174,321832,13426,447483,23643,769315,California
Santa Clara,2021-04-09,27732,1192354,13740,635827,6828,495180,7164,61347,14174,329635,13504,460987,21307,790622,California
Santa Clara,2021-04-10,21253,1213607,12304,648131,3750,498930,5199,66546,11404,336380,9819,470806,16564,807186,California
Santa Clara,2021-04-11,15959,1229566,9561,657692,2639,501569,3759,70305,8291,340774,7639,478445,12033,819219,California
Santa Clara,2021-04-12,26746,1256312,18825,676517,5504,507073,2417,72722,18259,353000,8437,486882,20663,839882,California
Santa Clara,2021-04-13,34236,1290548,26966,703483,7243,514316,27,72749,26437,371761,7725,494607,26486,866368,California
Santa Clara,2021-04-14,36699,1327247,27850,731333,8845,523161,4,72753,26147,387446,10492,505099,26177,892545,California
Santa Clara,2021-04-15,43970,1371217,34132,765465,9837,532998,1,72754,33933,411468,9935,515034,33957,926502,California
Santa Clara,2021-04-16,38246,1409463,26253,791718,11991,544989,2,72756,27450,428210,10736,525770,27478,953980,California
Santa Clara,2021-04-17,21958,1431421,15031,806749,6926,551915,1,72757,15069,436449,6846,532616,15085,969065,California
Santa Clara,2021-04-18,16370,1447791,10641,817390,5729,557644,0,72757,10260,440637,6083,538699,10271,979336,California
Santa Clara,2021-04-19,28792,1476583,20856,838246,7935,565579,1,72758,17237,446417,11488,550187,17268,996604,California
Santa Clara,2021-04-20,36789,1513372,22356,860602,14433,580012,0,72758,22469,454700,14215,564402,22498,1019102,California
Santa Clara,2021-04-21,36653,1550025,21224,881826,15428,595440,1,72759,24272,466705,12300,576702,24305,1043407,California
Santa Clara,2021-04-22,37135,1587160,24760,906586,12374,607814,1,72760,17578,464883,19464,596166,17642,1061049,California
Santa Clara,2021-04-23,31825,1618985,19404,925990,12421,620235,0,72760,14974,463149,16757,612923,15023,1076072,California
Santa Clara,2021-04-24,20893,1639878,15245,941235,5647,625882,1,72761,11826,466002,9001,621924,11854,1087926,California
Santa Clara,2021-04-25,13491,1653369,9748,950983,3736,629618,7,72768,8590,469763,4859,626783,8620,1096546,California
Santa Clara,2021-04-26,24194,1677563,18917,969900,5219,634837,58,72826,10095,465930,14008,640791,10175,1106721,California
Santa Clara,2021-04-27,26652,1704215,19252,989152,7113,641950,287,73113,11714,463121,14847,655638,12038,1118759,California
Santa Clara,2021-04-28,25225,1729440,18601,1007753,6185,648135,439,73552,10379,459231,14764,670402,10874,1129633,California
Santa Clara,2021-04-29,23113,1752553,16792,1024545,5925,654060,396,73948,8329,453302,14717,685119,8788,1138421,California
Santa Clara,2021-04-30,22807,1775360,15644,1040189,6803,660863,360,74308,9704,450420,13019,698138,10137,1148558,California
Santa Clara,2021-05-01,17363,1792723,14441,1054630,2663,663526,259,74567,5473,444350,11843,709981,5773,1154331,California
Santa Clara,2021-05-02,11282,1804005,9361,1063991,1693,665219,228,74795,3495,440350,7745,717726,3745,1158076,California
Santa Clara,2021-05-03,22753,1826758,19349,1083340,2976,668195,428,75223,5140,428409,17542,735268,5601,1163677,California
Santa Clara,2021-05-04,30529,1857287,23923,1107263,6065,674260,541,75764,5485,409524,24949,760217,6064,1169741,California
Santa Clara,2021-05-05,32167,1889454,24456,1131719,7168,681428,543,76307,5441,388903,26630,786847,6009,1175750,California
Santa Clara,2021-05-06,35168,1924622,29278,1160997,5423,686851,467,76774,4671,363697,30365,817212,5159,1180909,California
Santa Clara,2021-05-07,32485,1957107,26153,1187150,5845,692696,487,77261,4635,341144,27716,844928,5163,1186072,California
Santa Clara,2021-05-08,16431,1973538,13364,1200514,2644,695340,423,77684,3477,332191,12869,857797,3916,1189988,California
Santa Clara,2021-05-09,10290,1983828,8927,1209441,1176,696516,187,77871,2426,326987,7829,865626,2625,1192613,California
Santa Clara,2021-05-10,20390,2004218,16295,1225736,3694,700210,401,78272,2731,312561,17580,883206,3154,1195767,California
Santa Clara,2021-05-11,20937,2025155,15700,1241436,4843,705053,394,78666,3805,299716,17051,900257,4206,1199973,California
Santa Clara,2021-05-12,19502,2044657,14382,1255818,4671,709724,449,79115,4079,288905,15351,915608,4540,1204513,California
Santa Clara,2021-05-13,26151,2070808,21341,1277159,4529,714253,281,79396,10508,284131,15569,931177,10795,1215308,California
Santa Clara,2021-05-14,24165,2094973,16228,1293387,7590,721843,347,79743,7715,275830,16373,947550,8072,1223380,California
Santa Clara,2021-05-15,8373,2103346,5554,1298941,2648,724491,171,79914,2875,273415,5462,953012,3047,1226427,California
Santa Clara,2021-05-16,5840,2109186,3732,1302673,2068,726559,40,79954,1818,271275,3999,957011,1859,1228286,California
Santa Cruz,2020-12-15,2,2,2,2,0,0,0,0,2,2,0,0,2,2,California
Santa Cruz,2020-12-16,58,60,58,60,0,0,0,0,58,60,0,0,58,60,California
Santa Cruz,2020-12-17,389,449,389,449,0,0,0,0,389,449,0,0,389,449,California
Santa Cruz,2020-12-18,464,913,464,913,0,0,0,0,464,913,0,0,464,913,California
Santa Cruz,2020-12-19,179,1092,178,1091,1,1,0,0,179,1092,0,0,179,1092,California
Santa Cruz,2020-12-20,95,1187,95,1186,0,1,0,0,95,1187,0,0,95,1187,California
Santa Cruz,2020-12-21,437,1624,437,1623,0,1,0,0,437,1624,0,0,437,1624,California
Santa Cruz,2020-12-22,423,2047,422,2045,1,2,0,0,423,2047,0,0,423,2047,California
Santa Cruz,2020-12-23,371,2418,328,2373,43,45,0,0,371,2418,0,0,371,2418,California
Santa Cruz,2020-12-24,125,2543,49,2422,76,121,0,0,125,2543,0,0,125,2543,California
Santa Cruz,2020-12-25,11,2554,11,2433,0,121,0,0,11,2554,0,0,11,2554,California
Santa Cruz,2020-12-26,65,2619,46,2479,19,140,0,0,65,2619,0,0,65,2619,California
Santa Cruz,2020-12-27,32,2651,27,2506,5,145,0,0,32,2651,0,0,32,2651,California
Santa Cruz,2020-12-28,485,3136,108,2614,377,522,0,0,485,3136,0,0,485,3136,California
Santa Cruz,2020-12-29,799,3935,370,2984,429,951,0,0,799,3935,0,0,799,3935,California
Santa Cruz,2020-12-30,356,4291,164,3148,192,1143,0,0,356,4291,0,0,356,4291,California
Santa Cruz,2020-12-31,312,4603,11,3159,301,1444,0,0,312,4603,0,0,312,4603,California
Santa Cruz,2021-01-01,33,4636,1,3160,32,1476,0,0,33,4636,0,0,33,4636,California
Santa Cruz,2021-01-02,71,4707,57,3217,14,1490,0,0,71,4707,0,0,71,4707,California
Santa Cruz,2021-01-03,15,4722,7,3224,8,1498,0,0,15,4722,0,0,15,4722,California
Santa Cruz,2021-01-04,281,5003,123,3347,158,1656,0,0,279,5001,0,0,279,5001,California
Santa Cruz,2021-01-05,566,5569,429,3776,137,1793,0,0,264,4963,302,302,264,5265,California
Santa Cruz,2021-01-06,803,6372,670,4446,133,1926,0,0,464,5089,338,640,464,5729,California
Santa Cruz,2021-01-07,538,6910,211,4657,327,2253,0,0,385,5322,153,793,386,6115,California
Santa Cruz,2021-01-08,936,7846,562,5219,374,2627,0,0,488,5363,448,1241,489,6604,California
Santa Cruz,2021-01-09,464,8310,123,5342,341,2968,0,0,410,5719,54,1295,410,7014,California
Santa Cruz,2021-01-10,80,8390,70,5412,10,2978,0,0,21,5681,59,1354,21,7035,California
Santa Cruz,2021-01-11,725,9115,591,6003,134,3112,0,0,191,5339,534,1888,192,7227,California
Santa Cruz,2021-01-12,734,9849,530,6533,204,3316,0,0,492,5589,242,2130,492,7719,California
Santa Cruz,2021-01-13,525,10374,228,6761,297,3613,0,0,441,5949,81,2211,441,8160,California
Santa Cruz,2021-01-14,560,10934,104,6865,456,4069,0,0,493,6375,67,2278,493,8653,California
Santa Cruz,2021-01-15,1458,12392,77,6942,1381,5450,0,0,1393,7706,64,2342,1395,10048,California
Santa Cruz,2021-01-16,426,12818,53,6995,373,5823,0,0,407,8094,19,2361,407,10455,California
Santa Cruz,2021-01-17,297,13115,41,7036,256,6079,0,0,272,8341,25,2386,272,10727,California
Santa Cruz,2021-01-18,1016,14131,106,7142,910,6989,0,0,954,9233,62,2448,954,11681,California
Santa Cruz,2021-01-19,1623,15754,525,7667,1098,8087,0,0,1269,10151,352,2800,1270,12951,California
Santa Cruz,2021-01-20,1242,16996,182,7849,1060,9147,0,0,1046,11004,193,2993,1046,13997,California
Santa Cruz,2021-01-21,1712,18708,201,8050,1511,10658,0,0,1604,12502,108,3101,1606,15603,California
Santa Cruz,2021-01-22,1802,20510,532,8582,1270,11928,0,0,1700,14104,99,3200,1701,17304,California
Santa Cruz,2021-01-23,402,20912,147,8729,255,12183,0,0,342,14387,59,3259,342,17646,California
Santa Cruz,2021-01-24,116,21028,21,8750,95,12278,0,0,98,14467,18,3277,98,17744,California
Santa Cruz,2021-01-25,1064,22092,362,9112,702,12980,0,0,553,14509,511,3788,553,18297,California
Santa Cruz,2021-01-26,1697,23789,249,9361,1448,14428,0,0,1184,15180,513,4301,1184,19481,California
Santa Cruz,2021-01-27,1653,25442,449,9810,1204,15632,0,0,1269,16067,382,4683,1269,20750,California
Santa Cruz,2021-01-28,1756,27198,291,10101,1465,17097,0,0,1479,17270,277,4960,1480,22230,California
Santa Cruz,2021-01-29,1735,28933,490,10591,1245,18342,0,0,1605,18746,129,5089,1605,23835,California
Santa Cruz,2021-01-30,1059,29992,309,10900,750,19092,0,0,925,19537,134,5223,925,24760,California
Santa Cruz,2021-01-31,222,30214,113,11013,109,19201,0,0,208,19731,14,5237,208,24968,California
Santa Cruz,2021-02-01,1234,31448,760,11773,474,19675,0,0,828,20153,406,5643,828,25796,California
Santa Cruz,2021-02-02,1009,32457,128,11901,881,20556,0,0,855,20855,153,5796,855,26651,California
Santa Cruz,2021-02-03,2240,34697,963,12864,1277,21833,0,0,1925,22469,311,6107,1925,28576,California
Santa Cruz,2021-02-04,1855,36552,774,13638,1081,22914,0,0,1517,23649,337,6444,1517,30093,California
Santa Cruz,2021-02-05,3169,39721,793,14431,2376,25290,0,0,2848,26177,320,6764,2848,32941,California
Santa Cruz,2021-02-06,2587,42308,163,14594,2424,27714,0,0,2241,28072,346,7110,2241,35182,California
Santa Cruz,2021-02-07,910,43218,122,14716,788,28502,0,0,892,28946,18,7128,892,36074,California
Santa Cruz,2021-02-08,717,43935,203,14919,514,29016,0,0,516,29262,200,7328,516,36590,California
Santa Cruz,2021-02-09,2377,46312,1055,15974,1322,30338,0,0,2109,31107,264,7592,2109,38699,California
Santa Cruz,2021-02-10,2203,48515,582,16556,1621,31959,0,0,1502,31918,692,8284,1503,40202,California
Santa Cruz,2021-02-11,1861,50376,319,16875,1542,33501,0,0,1333,32725,526,8810,1333,41535,California
Santa Cruz,2021-02-12,3230,53606,421,17296,2809,36310,0,0,1820,33146,1401,10211,1822,43357,California
Santa Cruz,2021-02-13,1712,55318,123,17419,1589,37899,0,0,1298,34030,414,10625,1298,44655,California
Santa Cruz,2021-02-14,1410,56728,70,17489,1340,39239,0,0,1146,34912,264,10889,1146,45801,California
Santa Cruz,2021-02-15,1585,58313,281,17770,1304,40543,0,0,567,34462,1018,11907,568,46369,California
Santa Cruz,2021-02-16,1698,60011,208,17978,1490,42033,0,0,539,33864,1137,13044,539,46908,California
Santa Cruz,2021-02-17,2924,62935,977,18955,1947,43980,0,0,1219,33394,1692,14736,1222,48130,California
Santa Cruz,2021-02-18,2885,65820,638,19593,2247,46227,0,0,1232,32977,1649,16385,1232,49362,California
Santa Cruz,2021-02-19,3274,69094,1148,20741,2126,48353,0,0,2012,33730,1259,17644,2012,51374,California
Santa Cruz,2021-02-20,2389,71483,1500,22241,889,49242,0,0,1892,35125,497,18141,1892,53266,California
Santa Cruz,2021-02-21,841,72324,373,22614,468,49710,0,0,713,35712,126,18267,713,53979,California
Santa Cruz,2021-02-22,1261,73585,969,23583,292,50002,0,0,537,35527,722,18989,537,54516,California
Santa Cruz,2021-02-23,2104,75689,940,24523,1164,51166,0,0,713,34850,1390,20379,713,55229,California
Santa Cruz,2021-02-24,3199,78888,1676,26199,1523,52689,0,0,1216,34088,1978,22357,1216,56445,California
Santa Cruz,2021-02-25,3249,82137,1437,27636,1812,54501,0,0,1784,34415,1458,23815,1785,58230,California
Santa Cruz,2021-02-26,2730,84867,767,28403,1963,56464,0,0,1554,34799,1172,24987,1556,59786,California
Santa Cruz,2021-02-27,2634,87501,931,29334,1703,58167,0,0,1834,35835,798,25785,1834,61620,California
Santa Cruz,2021-02-28,1301,88802,361,29695,940,59107,0,0,1085,36707,213,25998,1085,62705,California
Santa Cruz,2021-03-01,1831,90633,1256,30951,575,59682,0,0,691,36260,1138,27136,691,63396,California
Santa Cruz,2021-03-02,1553,92186,365,31316,1188,60870,0,0,875,36462,676,27812,878,64274,California
Santa Cruz,2021-03-03,2370,94556,634,31950,1736,62606,0,0,1299,36693,1068,28880,1299,65573,California
Santa Cruz,2021-03-04,3020,97576,1417,33367,1602,64208,1,1,2034,37754,975,29855,2036,67609,California
Santa Cruz,2021-03-05,2616,100192,490,33857,2108,66316,18,19,1137,37433,1476,31331,1155,68764,California
Santa Cruz,2021-03-06,3874,104066,1348,35205,2421,68737,105,124,2161,37984,1713,33044,2264,71028,California
Santa Cruz,2021-03-07,1346,105412,128,35333,1144,69881,74,198,556,37825,789,33833,630,71658,California
Santa Cruz,2021-03-08,1088,106500,219,35552,740,70621,129,327,656,38179,431,34264,785,72443,California
Santa Cruz,2021-03-09,1778,108278,245,35797,1386,72007,147,474,703,37956,1073,35337,850,73293,California
Santa Cruz,2021-03-10,3867,112145,2093,37890,1624,73631,150,624,1999,38241,1866,37203,2151,75444,California
Santa Cruz,2021-03-11,2812,114957,1220,39110,1417,75048,175,799,1547,38701,1264,38467,1724,77168,California
Santa Cruz,2021-03-12,2771,117728,892,40002,1585,76633,294,1093,912,38051,1855,40322,1205,78373,California
Santa Cruz,2021-03-13,2322,120050,1337,41339,941,77574,44,1137,1183,38144,1136,41458,1229,79602,California
Santa Cruz,2021-03-14,909,120959,219,41558,676,78250,14,1151,433,38117,473,41931,446,80048,California
Santa Cruz,2021-03-15,1358,122317,483,42041,839,79089,36,1187,583,37965,772,42703,620,80668,California
Santa Cruz,2021-03-16,2322,124639,1090,43131,1190,80279,42,1229,1341,38370,977,43680,1382,82050,California
Santa Cruz,2021-03-17,3875,128514,2237,45368,1628,81907,10,1239,2518,39548,1353,45033,2531,84581,California
Santa Cruz,2021-03-18,3870,132384,2093,47461,1657,83564,120,1359,2067,39935,1800,46833,2187,86768,California
Santa Cruz,2021-03-19,3283,135667,1323,48784,1734,85298,226,1585,1652,40186,1626,48459,1877,88645,California
Santa Cruz,2021-03-20,2171,137838,1614,50398,520,85818,37,1622,1096,40246,1073,49532,1133,89778,California
Santa Cruz,2021-03-21,831,138669,443,50841,266,86084,122,1744,448,40436,381,49913,571,90349,California
Santa Cruz,2021-03-22,1383,140052,856,51697,505,86589,22,1766,948,40976,431,50344,971,91320,California
Santa Cruz,2021-03-23,2571,142623,1446,53143,1075,87664,50,1816,1714,41886,854,51198,1764,93084,California
Santa Cruz,2021-03-24,3035,145658,2039,55182,975,88639,21,1837,1998,42872,1032,52230,2018,95102,California
Santa Cruz,2021-03-25,2658,148316,1336,56518,1286,89925,36,1873,1361,42979,1290,53520,1397,96499,California
Santa Cruz,2021-03-26,3038,151354,1834,58352,1177,91102,27,1900,2052,44079,979,54499,2079,98578,California
Santa Cruz,2021-03-27,3246,154600,2020,60372,1201,92303,25,1925,1532,43934,1705,56204,1560,100138,California
Santa Cruz,2021-03-28,932,155532,573,60945,345,92648,14,1939,495,44010,433,56637,509,100647,California
Santa Cruz,2021-03-29,1982,157514,888,61833,1026,93674,68,2007,1282,44663,697,57334,1350,101997,California
Santa Cruz,2021-03-30,2731,160245,821,62654,1746,95420,164,2171,1745,45588,983,58317,1908,103905,California
Santa Cruz,2021-03-31,4099,164344,2742,65396,1308,96728,49,2220,2110,45762,1985,60302,2159,106064,California
Santa Cruz,2021-04-01,4072,168416,2174,67570,1791,98519,107,2327,2069,45942,1998,62300,2178,108242,California
Santa Cruz,2021-04-02,3181,171597,1434,69004,1565,100084,182,2509,1769,46486,1407,63707,1951,110193,California
Santa Cruz,2021-04-03,2264,173861,1235,70239,894,100978,135,2644,893,46144,1369,65076,1027,111220,California
Santa Cruz,2021-04-04,943,174804,494,70733,393,101371,56,2700,554,46365,389,65465,610,111830,California
Santa Cruz,2021-04-05,2280,177084,796,71529,1314,102685,170,2870,1408,47073,871,66336,1579,113409,California
Santa Cruz,2021-04-06,3422,180506,1659,73188,1379,104064,384,3254,1982,48004,1430,67766,2361,115770,California
Santa Cruz,2021-04-07,4173,184679,1641,74829,2165,106229,367,3621,1878,47957,2291,70057,2244,118014,California
Santa Cruz,2021-04-08,4283,188962,2353,77182,1412,107641,518,4139,2524,49247,1750,71807,3040,121054,California
Santa Cruz,2021-04-09,3589,192551,1513,78695,1675,109316,401,4540,1981,50028,1602,73409,2383,123437,California
Santa Cruz,2021-04-10,2266,194817,1096,79791,918,110234,252,4792,1070,50157,1192,74601,1321,124758,California
Santa Cruz,2021-04-11,1002,195819,523,80314,385,110619,94,4886,485,50218,517,75118,578,125336,California
Santa Cruz,2021-04-12,2302,198121,832,81146,1039,111658,431,5317,1098,50557,1189,76307,1528,126864,California
Santa Cruz,2021-04-13,2907,201028,1466,82612,1439,113097,2,5319,1635,50929,1265,77572,1637,128501,California
Santa Cruz,2021-04-14,4657,205685,2277,84889,2380,115477,0,5319,2374,51029,2276,79848,2376,130877,California
Santa Cruz,2021-04-15,5038,210723,3218,88107,1820,117297,0,5319,3174,52350,1853,81701,3174,134051,California
Santa Cruz,2021-04-16,4429,215152,2546,90653,1881,119178,2,5321,2467,52865,1955,83656,2470,136521,California
Santa Cruz,2021-04-17,2280,217432,900,91553,1380,120558,0,5321,1516,53619,762,84418,1516,138037,California
Santa Cruz,2021-04-18,1077,218509,516,92069,560,121118,1,5322,600,53745,475,84893,601,138638,California
Santa Cruz,2021-04-19,2440,220949,1527,93596,912,122030,1,5323,1504,54316,933,85826,1504,140142,California
Santa Cruz,2021-04-20,3128,224077,1692,95288,1436,123466,0,5323,1771,54742,1346,87172,1772,141914,California
Santa Cruz,2021-04-21,4284,228361,2897,98185,1387,124853,0,5323,2414,55301,1855,89027,2414,144328,California
Santa Cruz,2021-04-22,4350,232711,2937,101122,1413,126266,0,5323,2445,55851,1895,90922,2445,146773,California
Santa Cruz,2021-04-23,3103,235814,1752,102874,1350,127616,1,5324,1398,55554,1696,92618,1399,148172,California
Santa Cruz,2021-04-24,2265,238079,1094,103968,1168,128784,3,5327,705,54712,1550,94168,708,148880,California
Santa Cruz,2021-04-25,1106,239185,709,104677,385,129169,12,5339,463,54551,635,94803,474,149354,California
Santa Cruz,2021-04-26,1829,241014,944,105621,871,130040,14,5353,692,54132,1126,95929,707,150061,California
Santa Cruz,2021-04-27,2814,243828,881,106502,1866,131906,67,5420,1401,54193,1407,97336,1468,151529,California
Santa Cruz,2021-04-28,3448,247276,1914,108416,1459,133365,75,5495,1814,54456,1623,98959,1886,153415,California
Santa Cruz,2021-04-29,3745,251021,2486,110902,1196,134561,63,5558,1294,53376,2438,101397,1358,154773,California
Santa Cruz,2021-04-30,2274,253295,1221,112123,1010,135571,43,5601,1015,53184,1251,102648,1059,155832,California
Santa Cruz,2021-05-01,1308,254603,1040,113163,235,135806,33,5634,605,53121,701,103349,638,156470,California
Santa Cruz,2021-05-02,645,255248,464,113627,156,135962,25,5659,210,52922,435,103784,236,156706,California
Santa Cruz,2021-05-03,1898,257146,1001,114628,830,136792,67,5726,630,52363,1257,105041,698,157404,California
Santa Cruz,2021-05-04,2710,259856,1582,116210,1058,137850,70,5796,871,51468,1835,106876,940,158344,California
Santa Cruz,2021-05-05,2715,262571,1329,117539,1325,139175,61,5857,681,50222,1992,108868,746,159090,California
Santa Cruz,2021-05-06,3851,266422,2454,119993,1178,140353,219,6076,868,48341,2965,111833,1084,160174,California
Santa Cruz,2021-05-07,2799,269221,1289,121282,1428,141781,82,6158,537,46702,2259,114092,620,160794,California
Santa Cruz,2021-05-08,1372,270593,691,121973,653,142434,28,6186,384,46129,987,115079,414,161208,California
Santa Cruz,2021-05-09,499,271092,330,122303,146,142580,23,6209,138,45932,358,115437,161,161369,California
Santa Cruz,2021-05-10,1538,272630,1217,123520,256,142836,65,6274,396,45256,1137,116574,461,161830,California
Santa Cruz,2021-05-11,1803,274433,1319,124839,408,143244,76,6350,622,44775,1178,117752,697,162527,California
Santa Cruz,2021-05-12,2445,276878,1233,126072,1138,144382,74,6424,500,43412,1938,119690,575,163102,California
Santa Cruz,2021-05-13,3126,280004,2430,128502,612,144994,84,6508,1263,42900,1860,121550,1348,164450,California
Santa Cruz,2021-05-14,2468,282472,1450,129952,980,145974,38,6546,1010,42504,1447,122997,1051,165501,California
Santa Cruz,2021-05-15,1779,284251,1000,130952,772,146746,7,6553,827,42388,950,123947,834,166335,California
Santa Cruz,2021-05-16,355,284606,173,131125,179,146925,3,6556,105,42246,250,124197,108,166443,California
Shasta,2020-12-16,131,131,131,131,0,0,0,0,131,131,0,0,131,131,California
Shasta,2020-12-17,418,549,418,549,0,0,0,0,418,549,0,0,418,549,California
Shasta,2020-12-18,166,715,166,715,0,0,0,0,166,715,0,0,166,715,California
Shasta,2020-12-19,1,716,1,716,0,0,0,0,1,716,0,0,1,716,California
Shasta,2020-12-21,79,795,79,795,0,0,0,0,79,795,0,0,79,795,California
Shasta,2020-12-22,192,987,187,982,5,5,0,0,192,987,0,0,192,987,California
Shasta,2020-12-23,173,1160,169,1151,4,9,0,0,173,1160,0,0,173,1160,California
Shasta,2020-12-24,18,1178,18,1169,0,9,0,0,18,1178,0,0,18,1178,California
Shasta,2020-12-26,4,1182,1,1170,3,12,0,0,4,1182,0,0,4,1182,California
Shasta,2020-12-27,1,1183,0,1170,1,13,0,0,1,1183,0,0,1,1183,California
Shasta,2020-12-28,40,1223,31,1201,9,22,0,0,40,1223,0,0,40,1223,California
Shasta,2020-12-29,186,1409,185,1386,1,23,0,0,186,1409,0,0,186,1409,California
Shasta,2020-12-30,178,1587,168,1554,10,33,0,0,178,1587,0,0,178,1587,California
Shasta,2020-12-31,83,1670,2,1556,81,114,0,0,83,1670,0,0,83,1670,California
Shasta,2021-01-02,2,1672,0,1556,2,116,0,0,2,1672,0,0,2,1672,California
Shasta,2021-01-03,1,1673,1,1557,0,116,0,0,1,1673,0,0,1,1673,California
Shasta,2021-01-04,372,2045,306,1863,66,182,0,0,373,2046,0,0,373,2046,California
Shasta,2021-01-05,335,2380,314,2177,21,203,0,0,254,2219,81,81,254,2300,California
Shasta,2021-01-06,466,2846,395,2572,71,274,0,0,204,2162,261,342,204,2504,California
Shasta,2021-01-07,125,2971,36,2608,89,363,0,0,104,2245,21,363,104,2608,California
Shasta,2021-01-08,525,3496,448,3056,77,440,0,0,317,2354,208,571,317,2925,California
Shasta,2021-01-09,72,3568,63,3119,9,449,0,0,70,2422,2,573,70,2995,California
Shasta,2021-01-10,5,3573,0,3119,5,454,0,0,4,2426,1,574,5,3000,California
Shasta,2021-01-11,406,3979,184,3303,222,676,0,0,371,2762,35,609,371,3371,California
Shasta,2021-01-12,485,4464,328,3631,157,833,0,0,310,2897,175,784,310,3681,California
Shasta,2021-01-13,599,5063,267,3898,332,1165,0,0,430,3158,169,953,430,4111,California
Shasta,2021-01-14,500,5563,51,3949,449,1614,0,0,482,3622,18,971,482,4593,California
Shasta,2021-01-15,691,6254,136,4085,555,2169,0,0,689,4309,2,973,689,5282,California
Shasta,2021-01-16,897,7151,54,4139,843,3012,0,0,894,5200,3,976,894,6176,California
Shasta,2021-01-17,27,7178,6,4145,21,3033,0,0,23,5219,4,980,23,6199,California
Shasta,2021-01-18,599,7777,129,4274,470,3503,0,0,591,5802,8,988,591,6790,California
Shasta,2021-01-19,1058,8835,398,4672,660,4163,0,0,910,6564,148,1136,910,7700,California
Shasta,2021-01-20,681,9516,413,5085,268,4431,0,0,494,6876,182,1318,494,8194,California
Shasta,2021-01-21,633,10149,280,5365,353,4784,0,0,610,7463,23,1341,610,8804,California
Shasta,2021-01-22,446,10595,172,5537,274,5058,0,0,440,7897,6,1347,440,9244,California
Shasta,2021-01-23,68,10663,5,5542,63,5121,0,0,67,7963,1,1348,67,9311,California
Shasta,2021-01-24,25,10688,2,5544,23,5144,0,0,24,7986,1,1349,24,9335,California
Shasta,2021-01-25,750,11438,491,6035,259,5403,0,0,464,8165,285,1634,464,9799,California
Shasta,2021-01-26,710,12148,333,6368,377,5780,0,0,476,8409,232,1866,476,10275,California
Shasta,2021-01-27,459,12607,179,6547,280,6060,0,0,410,8770,49,1915,410,10685,California
Shasta,2021-01-28,886,13493,576,7123,310,6370,0,0,664,9212,222,2137,664,11349,California
Shasta,2021-01-29,832,14325,331,7454,501,6871,0,0,642,9665,190,2327,643,11992,California
Shasta,2021-01-30,615,14940,14,7468,601,7472,0,0,606,10262,9,2336,606,12598,California
Shasta,2021-01-31,28,14968,4,7472,24,7496,0,0,26,10286,2,2338,26,12624,California
Shasta,2021-02-01,530,15498,148,7620,382,7878,0,0,386,10528,144,2482,386,13010,California
Shasta,2021-02-02,987,16485,500,8120,487,8365,0,0,895,11333,90,2572,895,13905,California
Shasta,2021-02-03,721,17206,211,8331,510,8875,0,0,486,11584,235,2807,486,14391,California
Shasta,2021-02-04,1095,18301,675,9006,420,9295,0,0,902,12294,192,2999,902,15293,California
Shasta,2021-02-05,1241,19542,165,9171,1076,10371,0,0,1034,13122,206,3205,1034,16327,California
Shasta,2021-02-06,1744,21286,41,9212,1703,12074,0,0,1721,14820,23,3228,1721,18048,California
Shasta,2021-02-07,26,21312,3,9215,23,12097,0,0,24,14842,2,3230,24,18072,California
Shasta,2021-02-08,597,21909,168,9383,429,12526,0,0,306,14857,291,3521,306,18378,California
Shasta,2021-02-09,1125,23034,655,10038,470,12996,0,0,733,15198,392,3913,733,19111,California
Shasta,2021-02-10,1125,24159,789,10827,336,13332,0,0,600,15273,526,4439,601,19712,California
Shasta,2021-02-11,886,25045,186,11013,700,14032,0,0,364,15120,517,4956,364,20076,California
Shasta,2021-02-12,1728,26773,1147,12160,581,14613,0,0,1176,15744,552,5508,1176,21252,California
Shasta,2021-02-13,1382,28155,368,12528,1014,15627,0,0,570,15502,813,6321,571,21823,California
Shasta,2021-02-14,150,28305,4,12532,146,15773,0,0,126,15604,24,6345,126,21949,California
Shasta,2021-02-15,379,28684,90,12622,289,16062,0,0,210,15645,169,6514,210,22159,California
Shasta,2021-02-16,1196,29880,522,13144,674,16736,0,0,422,15294,773,7287,422,22581,California
Shasta,2021-02-17,1034,30914,438,13582,596,17332,0,0,414,15088,620,7907,414,22995,California
Shasta,2021-02-18,948,31862,467,14049,481,17813,0,0,460,15061,488,8395,461,23456,California
Shasta,2021-02-19,1328,33190,935,14984,393,18206,0,0,861,15455,467,8862,861,24317,California
Shasta,2021-02-20,802,33992,89,15073,713,18919,0,0,303,15259,499,9361,303,24620,California
Shasta,2021-02-21,32,34024,3,15076,29,18948,0,0,10,15247,22,9383,10,24630,California
Shasta,2021-02-22,429,34453,76,15152,353,19301,0,0,178,15175,250,9633,178,24808,California
Shasta,2021-02-23,912,35365,472,15624,440,19741,0,0,326,14917,584,10217,326,25134,California
Shasta,2021-02-24,890,36255,508,16132,382,20123,0,0,273,14574,616,10833,273,25407,California
Shasta,2021-02-25,518,36773,162,16294,356,20479,0,0,162,14381,355,11188,162,25569,California
Shasta,2021-02-26,791,37564,94,16388,697,21176,0,0,331,14254,458,11646,331,25900,California
Shasta,2021-02-27,828,38392,27,16415,801,21977,0,0,188,13804,638,12284,188,26088,California
Shasta,2021-02-28,176,38568,4,16419,172,22149,0,0,126,13880,50,12334,126,26214,California
Shasta,2021-03-01,584,39152,59,16478,525,22674,0,0,295,13887,288,12622,295,26509,California
Shasta,2021-03-02,1024,40176,472,16950,552,23226,0,0,335,13535,687,13309,335,26844,California
Shasta,2021-03-03,666,40842,168,17118,498,23724,0,0,243,13355,423,13732,243,27087,California
Shasta,2021-03-04,3020,43862,2410,19528,610,24334,0,0,1790,13917,1229,14961,1791,28878,California
Shasta,2021-03-05,1543,45405,162,19690,1352,25686,29,29,793,13988,751,15712,822,29700,California
Shasta,2021-03-06,2744,48149,387,20077,2310,27996,47,76,857,13007,1885,17597,904,30604,California
Shasta,2021-03-07,91,48240,3,20080,56,28052,32,108,37,13022,54,17651,69,30673,California
Shasta,2021-03-08,570,48810,46,20126,385,28437,139,247,157,12907,411,18062,296,30969,California
Shasta,2021-03-09,1253,50063,593,20719,482,28919,178,425,698,13227,555,18617,875,31844,California
Shasta,2021-03-10,801,50864,258,20977,341,29260,202,627,136,12900,664,19281,337,32181,California
Shasta,2021-03-11,1474,52338,471,21448,731,29991,272,899,939,13579,532,19813,1211,33392,California
Shasta,2021-03-12,1529,53867,833,22281,447,30438,249,1148,397,13092,1131,20944,644,34036,California
Shasta,2021-03-13,758,54625,425,22706,232,30670,101,1249,475,13384,282,21226,574,34610,California
Shasta,2021-03-14,1019,55644,8,22714,989,31659,22,1271,880,14148,139,21365,903,35513,California
Shasta,2021-03-15,497,56141,35,22749,362,32021,100,1371,210,14170,287,21652,309,35822,California
Shasta,2021-03-16,1133,57274,147,22896,919,32940,67,1438,850,14804,283,21935,917,36739,California
Shasta,2021-03-17,735,58009,191,23087,486,33426,58,1496,396,14925,333,22268,454,37193,California
Shasta,2021-03-18,1542,59551,586,23673,852,34278,104,1600,1116,15723,422,22690,1220,38413,California
Shasta,2021-03-19,648,60199,196,23869,396,34674,56,1656,415,15962,232,22922,471,38884,California
Shasta,2021-03-20,748,60947,490,24359,244,34918,14,1670,600,16428,148,23070,614,39498,California
Shasta,2021-03-21,312,61259,297,24656,4,34922,11,1681,286,16700,25,23095,297,39795,California
Shasta,2021-03-22,347,61606,37,24693,274,35196,36,1717,199,16788,147,23242,235,40030,California
Shasta,2021-03-23,1309,62915,651,25344,599,35795,59,1776,757,17057,547,23789,816,40846,California
Shasta,2021-03-24,608,63523,156,25500,415,36210,37,1813,365,17217,242,24031,402,41248,California
Shasta,2021-03-25,1138,64661,452,25952,665,36875,21,1834,823,17750,312,24343,845,42093,California
Shasta,2021-03-26,1837,66498,1405,27357,402,37277,30,1864,1478,18900,359,24702,1509,43602,California
Shasta,2021-03-27,1596,68094,407,27764,317,37594,872,2736,575,19325,1019,25721,1444,45046,California
Shasta,2021-03-28,405,68499,299,28063,96,37690,10,2746,302,19536,101,25822,312,45358,California
Shasta,2021-03-29,418,68917,40,28103,366,38056,12,2758,164,19459,253,26075,176,45534,California
Shasta,2021-03-30,1245,70162,766,28869,462,38518,17,2775,626,19486,616,26691,643,46177,California
Shasta,2021-03-31,620,70782,207,29076,407,38925,6,2781,383,19643,232,26923,389,46566,California
Shasta,2021-04-01,893,71675,247,29323,634,39559,12,2793,575,19913,317,27240,587,47153,California
Shasta,2021-04-02,755,72430,201,29524,501,40060,53,2846,414,20042,339,27579,468,47621,California
Shasta,2021-04-03,516,72946,363,29887,134,40194,19,2865,391,20327,125,27704,410,48031,California
Shasta,2021-04-04,291,73237,175,30062,95,40289,21,2886,216,20489,75,27779,237,48268,California
Shasta,2021-04-05,442,73679,68,30130,311,40600,63,2949,254,20618,188,27967,317,48585,California
Shasta,2021-04-06,1165,74844,486,30616,504,41104,175,3124,540,20712,620,28587,714,49299,California
Shasta,2021-04-07,656,75500,213,30829,280,41384,163,3287,259,20740,393,28980,421,49720,California
Shasta,2021-04-08,1140,76640,259,31088,726,42110,155,3442,231,20218,907,29887,385,50105,California
Shasta,2021-04-09,2581,79221,2063,33151,309,42419,209,3651,2007,21865,567,30454,2214,52319,California
Shasta,2021-04-10,879,80100,592,33743,158,42577,129,3780,266,21646,613,31067,394,52713,California
Shasta,2021-04-11,1251,81351,396,34139,835,43412,20,3800,144,20707,1103,32170,164,52877,California
Shasta,2021-04-12,339,81690,8,34147,269,43681,62,3862,98,20626,240,32410,159,53036,California
Shasta,2021-04-13,1268,82958,366,34513,900,44581,2,3864,341,20045,923,33333,342,53378,California
Shasta,2021-04-14,593,83551,143,34656,448,45029,2,3866,221,19897,371,33704,223,53601,California
Shasta,2021-04-15,1069,84620,259,34915,810,45839,0,3866,303,19437,763,34467,303,53904,California
Shasta,2021-04-16,2341,86961,1847,36762,494,46333,0,3866,936,18970,1403,35870,936,54840,California
Shasta,2021-04-17,643,87604,411,37173,232,46565,0,3866,191,18710,452,36322,192,55032,California
Shasta,2021-04-18,265,87869,240,37413,25,46590,0,3866,32,18511,231,36553,32,55064,California
Shasta,2021-04-19,380,88249,27,37440,353,46943,0,3866,161,18453,219,36772,161,55225,California
Shasta,2021-04-20,1013,89262,257,37697,756,47699,0,3866,379,18199,633,37405,379,55604,California
Shasta,2021-04-21,607,89869,221,37918,386,48085,0,3866,305,18202,302,37707,305,55909,California
Shasta,2021-04-22,966,90835,285,38203,681,48766,0,3866,301,17840,663,38370,301,56210,California
Shasta,2021-04-23,660,91495,265,38468,395,49161,0,3866,329,17839,330,38700,329,56539,California
Shasta,2021-04-24,595,92090,359,38827,236,49397,0,3866,105,17454,490,39190,105,56644,California
Shasta,2021-04-25,211,92301,182,39009,28,49425,1,3867,37,17318,174,39364,38,56682,California
Shasta,2021-04-26,484,92785,53,39062,426,49851,5,3872,338,17516,144,39508,342,57024,California
Shasta,2021-04-27,536,93321,178,39240,322,50173,36,3908,297,17611,236,39744,331,57355,California
Shasta,2021-04-28,575,93896,156,39396,386,50559,33,3941,251,17570,324,40068,283,57638,California
Shasta,2021-04-29,782,94678,120,39516,639,51198,23,3964,185,17182,596,40664,208,57846,California
Shasta,2021-04-30,2265,96943,1839,41355,395,51593,31,3995,269,15486,1996,42660,300,58146,California
Shasta,2021-05-01,223,97166,20,41375,127,51720,76,4071,95,15529,128,42788,171,58317,California
Shasta,2021-05-02,46,97212,16,41391,17,51737,13,4084,19,15534,27,42815,32,58349,California
Shasta,2021-05-03,350,97562,94,41485,230,51967,26,4110,111,15433,238,43053,137,58486,California
Shasta,2021-05-04,508,98070,173,41658,298,52265,37,4147,244,15453,261,43314,281,58767,California
Shasta,2021-05-05,432,98502,139,41797,276,52541,17,4164,201,15440,231,43545,218,58985,California
Shasta,2021-05-06,693,99195,263,42060,390,52931,40,4204,297,15390,387,43932,337,59322,California
Shasta,2021-05-07,1101,100296,731,42791,331,53262,39,4243,301,14931,799,44731,340,59662,California
Shasta,2021-05-08,166,100462,83,42874,73,53335,10,4253,97,14969,68,44799,106,59768,California
Shasta,2021-05-09,66,100528,15,42889,46,53381,5,4258,35,14978,31,44830,40,59808,California
Shasta,2021-05-10,258,100786,21,42910,189,53570,48,4306,113,14994,144,44974,160,59968,California
Shasta,2021-05-11,500,101286,162,43072,191,53761,147,4453,171,14984,328,45302,318,60286,California
Shasta,2021-05-12,341,101627,141,43213,177,53938,23,4476,116,14899,224,45526,139,60425,California
Shasta,2021-05-13,501,102128,204,43417,283,54221,14,4490,179,14772,320,45846,193,60618,California
Shasta,2021-05-14,549,102677,248,43665,277,54498,24,4514,252,14752,296,46142,276,60894,California
Shasta,2021-05-15,267,102944,94,43759,79,54577,94,4608,110,14799,156,46298,203,61097,California
Shasta,2021-05-16,14,102958,1,43760,11,54588,2,4610,10,14807,4,46302,12,61109,California
Sierra,2020-12-18,1,1,1,1,0,0,0,0,1,1,0,0,1,1,California
Sierra,2020-12-21,2,3,2,3,0,0,0,0,2,3,0,0,2,3,California
Sierra,2020-12-22,12,15,12,15,0,0,0,0,12,15,0,0,12,15,California
Sierra,2020-12-23,4,19,4,19,0,0,0,0,4,19,0,0,4,19,California
Sierra,2020-12-28,1,20,0,19,1,1,0,0,1,20,0,0,1,20,California
Sierra,2020-12-29,49,69,7,26,42,43,0,0,49,69,0,0,49,69,California
Sierra,2020-12-30,2,71,0,26,2,45,0,0,2,71,0,0,2,71,California
Sierra,2020-12-31,13,84,0,26,13,58,0,0,13,84,0,0,13,84,California
Sierra,2021-01-01,1,85,1,27,0,58,0,0,1,85,0,0,1,85,California
Sierra,2021-01-05,64,149,2,29,62,120,0,0,64,149,0,0,64,149,California
Sierra,2021-01-06,1,150,1,30,0,120,0,0,1,150,0,0,1,150,California
Sierra,2021-01-07,21,171,1,31,20,140,0,0,20,169,1,1,20,170,California
Sierra,2021-01-08,1,172,1,32,0,140,0,0,1,170,0,1,1,171,California
Sierra,2021-01-11,3,175,3,35,0,140,0,0,0,167,3,4,0,171,California
Sierra,2021-01-12,40,215,12,47,28,168,0,0,28,183,12,16,28,199,California
Sierra,2021-01-13,4,219,3,50,1,169,0,0,1,181,3,19,1,200,California
Sierra,2021-01-14,35,254,2,52,33,202,0,0,35,216,0,19,35,235,California
Sierra,2021-01-15,3,257,1,53,2,204,0,0,3,219,0,19,3,238,California
Sierra,2021-01-18,2,259,0,53,2,206,0,0,2,221,0,19,2,240,California
Sierra,2021-01-19,32,291,0,53,32,238,0,0,32,253,0,19,32,272,California
Sierra,2021-01-20,1,292,1,54,0,238,0,0,1,254,0,19,1,273,California
Sierra,2021-01-21,52,344,0,54,52,290,0,0,52,306,0,19,52,325,California
Sierra,2021-01-22,2,346,0,54,2,292,0,0,2,308,0,19,2,327,California
Sierra,2021-01-23,2,348,0,54,2,294,0,0,2,310,0,19,2,329,California
Sierra,2021-01-26,62,410,0,54,62,356,0,0,24,296,38,57,24,353,California
Sierra,2021-01-27,4,414,4,58,0,356,0,0,0,292,4,61,0,353,California
Sierra,2021-01-28,53,467,0,58,53,409,0,0,43,325,10,71,43,396,California
Sierra,2021-01-29,2,469,0,58,2,411,0,0,2,327,0,71,2,398,California
Sierra,2021-01-30,3,472,3,61,0,411,0,0,2,328,1,72,2,400,California
Sierra,2021-02-01,1,473,0,61,1,412,0,0,0,327,1,73,0,400,California
Sierra,2021-02-02,58,531,1,62,57,469,0,0,19,307,39,112,19,419,California
Sierra,2021-02-03,6,537,5,67,1,470,0,0,5,311,1,113,5,424,California
Sierra,2021-02-04,103,640,5,72,98,568,0,0,54,316,49,162,54,478,California
Sierra,2021-02-05,6,646,4,76,2,570,0,0,5,320,1,163,5,483,California
Sierra,2021-02-09,51,697,0,76,51,621,0,0,48,365,3,166,48,531,California
Sierra,2021-02-10,5,702,2,78,3,624,0,0,4,368,1,167,4,535,California
Sierra,2021-02-11,196,898,1,79,195,819,0,0,134,440,62,229,134,669,California
Sierra,2021-02-12,20,918,0,79,20,839,0,0,20,460,0,229,20,689,California
Sierra,2021-02-13,1,919,1,80,0,839,0,0,1,461,0,229,1,690,California
Sierra,2021-02-15,2,921,2,82,0,839,0,0,0,459,2,231,0,690,California
Sierra,2021-02-16,43,964,0,82,43,882,0,0,10,436,33,264,10,700,California
Sierra,2021-02-17,4,968,0,82,4,886,0,0,1,434,3,267,1,701,California
Sierra,2021-02-18,140,1108,0,82,140,1026,0,0,91,476,49,316,91,792,California
Sierra,2021-02-19,2,1110,1,83,1,1027,0,0,1,476,1,317,1,793,California
Sierra,2021-02-20,2,1112,2,85,0,1027,0,0,0,474,2,319,0,793,California
Sierra,2021-02-22,1,1113,1,86,0,1027,0,0,1,475,0,319,1,794,California
Sierra,2021-02-23,4,1117,0,86,4,1031,0,0,4,479,0,319,4,798,California
Sierra,2021-02-24,3,1120,2,88,1,1032,0,0,3,482,0,319,3,801,California
Sierra,2021-02-25,125,1245,2,90,123,1155,0,0,58,474,66,385,58,859,California
Sierra,2021-02-26,11,1256,6,96,5,1160,0,0,4,471,7,392,4,863,California
Sierra,2021-02-27,2,1258,2,98,0,1160,0,0,0,469,2,394,0,863,California
Sierra,2021-03-01,2,1260,2,100,0,1160,0,0,0,467,2,396,0,863,California
Sierra,2021-03-02,56,1316,0,100,56,1216,0,0,38,487,18,414,38,901,California
Sierra,2021-03-03,2,1318,2,102,0,1216,0,0,1,487,1,415,1,902,California
Sierra,2021-03-04,109,1427,0,102,109,1325,0,0,60,498,49,464,60,962,California
Sierra,2021-03-05,13,1440,1,103,12,1337,0,0,11,507,2,466,11,973,California
Sierra,2021-03-07,1,1441,1,104,0,1337,0,0,0,506,1,467,0,973,California
Sierra,2021-03-08,2,1443,2,106,0,1337,0,0,2,508,0,467,2,975,California
Sierra,2021-03-09,56,1499,0,106,56,1393,0,0,12,476,44,511,12,987,California
Sierra,2021-03-10,6,1505,0,106,6,1399,0,0,4,478,2,513,4,991,California
Sierra,2021-03-11,176,1681,0,106,176,1575,0,0,44,390,132,645,44,1035,California
Sierra,2021-03-12,20,1701,1,107,19,1594,0,0,0,370,20,665,0,1035,California
Sierra,2021-03-13,28,1729,0,107,28,1622,0,0,28,398,0,665,28,1063,California
Sierra,2021-03-14,1,1730,0,107,0,1622,1,1,0,398,1,666,1,1064,California
Sierra,2021-03-15,1,1731,1,108,0,1622,0,1,0,397,1,667,0,1064,California
Sierra,2021-03-16,35,1766,0,108,34,1656,1,2,22,407,13,680,23,1087,California
Sierra,2021-03-17,4,1770,3,111,1,1657,0,2,1,405,3,683,1,1088,California
Sierra,2021-03-18,158,1928,0,111,158,1815,0,2,65,377,93,776,65,1153,California
Sierra,2021-03-19,4,1932,2,113,2,1817,0,2,1,375,3,779,1,1154,California
Sierra,2021-03-20,1,1933,0,113,1,1818,0,2,1,376,0,779,1,1155,California
Sierra,2021-03-23,22,1955,0,113,22,1840,0,2,13,380,9,788,13,1168,California
Sierra,2021-03-24,3,1958,1,114,2,1842,0,2,1,379,2,790,1,1169,California
Sierra,2021-03-25,99,2057,1,115,98,1940,0,2,50,380,49,839,50,1219,California
Sierra,2021-03-26,12,2069,1,116,11,1951,0,2,9,386,3,842,9,1228,California
Sierra,2021-03-27,2,2071,1,117,1,1952,0,2,0,384,2,844,0,1228,California
Sierra,2021-03-29,1,2072,1,118,0,1952,0,2,0,383,1,845,0,1228,California
Sierra,2021-03-30,55,2127,1,119,54,2006,0,2,22,372,33,878,22,1250,California
Sierra,2021-03-31,8,2135,0,119,8,2014,0,2,8,380,0,878,8,1258,California
Sierra,2021-04-01,64,2199,2,121,62,2076,0,2,6,330,56,934,6,1264,California
Sierra,2021-04-02,3,2202,2,123,1,2077,0,2,2,331,1,935,2,1266,California
Sierra,2021-04-04,1,2203,0,123,1,2078,0,2,0,331,0,935,0,1266,California
Sierra,2021-04-06,10,2213,0,123,10,2088,0,2,0,321,10,945,0,1266,California
Sierra,2021-04-07,14,2227,3,126,6,2094,5,7,3,319,10,955,8,1274,California
Sierra,2021-04-08,54,2281,2,128,52,2146,0,7,16,297,38,993,16,1290,California
Sierra,2021-04-09,2,2283,2,130,0,2146,0,7,1,297,1,994,1,1291,California
Sierra,2021-04-10,27,2310,0,130,27,2173,0,7,0,270,27,1021,0,1291,California
Sierra,2021-04-13,45,2355,0,130,45,2218,0,7,5,235,40,1061,5,1296,California
Sierra,2021-04-14,1,2356,0,130,1,2219,0,7,1,236,0,1061,1,1297,California
Sierra,2021-04-15,49,2405,1,131,48,2267,0,7,2,191,47,1108,2,1299,California
Sierra,2021-04-16,1,2406,0,131,1,2268,0,7,1,192,0,1108,1,1300,California
Sierra,2021-04-17,2,2408,1,132,1,2269,0,7,1,192,1,1109,1,1301,California
Sierra,2021-04-19,1,2409,1,133,0,2269,0,7,0,191,1,1110,0,1301,California
Sierra,2021-04-20,34,2443,1,134,33,2302,0,7,7,171,27,1137,7,1308,California
Sierra,2021-04-21,2,2445,1,135,1,2303,0,7,1,171,1,1138,1,1309,California
Sierra,2021-04-22,65,2510,2,137,63,2366,0,7,5,117,59,1197,5,1314,California
Sierra,2021-04-23,13,2523,0,137,13,2379,0,7,5,114,8,1205,5,1319,California
Sierra,2021-04-24,4,2527,0,137,4,2383,0,7,4,118,0,1205,4,1323,California
Sierra,2021-04-25,1,2528,1,138,0,2383,0,7,1,119,0,1205,1,1324,California
Sierra,2021-04-27,28,2556,1,139,27,2410,0,7,5,101,23,1228,5,1329,California
Sierra,2021-04-28,10,2566,2,141,8,2418,0,7,1,93,9,1237,1,1330,California
Sierra,2021-04-29,20,2586,2,143,18,2436,0,7,14,101,6,1243,14,1344,California
Sierra,2021-04-30,4,2590,2,145,2,2438,0,7,2,101,2,1245,2,1346,California
Sierra,2021-05-03,1,2591,1,146,0,2438,0,7,1,102,0,1245,1,1347,California
Sierra,2021-05-05,23,2614,0,146,23,2461,0,7,8,95,15,1260,8,1355,California
Sierra,2021-05-06,1,2615,1,147,0,2461,0,7,0,94,1,1261,0,1355,California
Sierra,2021-05-07,1,2616,1,148,0,2461,0,7,1,95,0,1261,1,1356,California
Sierra,2021-05-08,1,2617,0,148,0,2461,1,8,0,95,1,1262,1,1357,California
Sierra,2021-05-11,11,2628,0,148,4,2465,7,15,0,91,11,1273,7,1364,California
Sierra,2021-05-12,10,2638,1,149,9,2474,0,15,7,95,3,1276,7,1371,California
Sierra,2021-05-13,4,2642,3,152,1,2475,0,15,3,97,1,1277,3,1374,California
Sierra,2021-05-14,5,2647,1,153,4,2479,0,15,4,100,1,1278,4,1378,California
Sierra,2021-05-15,1,2648,0,153,0,2479,1,16,0,100,1,1279,1,1379,California
Siskiyou,2020-12-16,2,2,2,2,0,0,0,0,2,2,0,0,2,2,California
Siskiyou,2020-12-17,4,6,4,6,0,0,0,0,4,6,0,0,4,6,California
Siskiyou,2020-12-18,2,8,2,8,0,0,0,0,2,8,0,0,2,8,California
Siskiyou,2020-12-19,4,12,4,12,0,0,0,0,4,12,0,0,4,12,California
Siskiyou,2020-12-20,1,13,1,13,0,0,0,0,1,13,0,0,1,13,California
Siskiyou,2020-12-21,132,145,132,145,0,0,0,0,132,145,0,0,132,145,California
Siskiyou,2020-12-22,158,303,158,303,0,0,0,0,158,303,0,0,158,303,California
Siskiyou,2020-12-23,142,445,142,445,0,0,0,0,142,445,0,0,142,445,California
Siskiyou,2020-12-24,5,450,5,450,0,0,0,0,5,450,0,0,5,450,California
Siskiyou,2020-12-26,2,452,0,450,2,2,0,0,2,452,0,0,2,452,California
Siskiyou,2020-12-27,2,454,0,450,2,4,0,0,2,454,0,0,2,454,California
Siskiyou,2020-12-28,3,457,1,451,2,6,0,0,3,457,0,0,3,457,California
Siskiyou,2020-12-29,6,463,2,453,4,10,0,0,6,463,0,0,6,463,California
Siskiyou,2020-12-30,98,561,3,456,95,105,0,0,98,561,0,0,98,561,California
Siskiyou,2020-12-31,12,573,0,456,12,117,0,0,12,573,0,0,12,573,California
Siskiyou,2021-01-02,1,574,1,457,0,117,0,0,1,574,0,0,1,574,California
Siskiyou,2021-01-03,1,575,0,457,1,118,0,0,1,575,0,0,1,575,California
Siskiyou,2021-01-04,130,705,3,460,127,245,0,0,130,705,0,0,130,705,California
Siskiyou,2021-01-05,116,821,4,464,112,357,0,0,115,819,1,1,115,820,California
Siskiyou,2021-01-06,59,880,6,470,53,410,0,0,55,870,4,5,55,875,California
Siskiyou,2021-01-07,177,1057,4,474,173,583,0,0,176,1045,1,6,176,1051,California
Siskiyou,2021-01-08,41,1098,3,477,38,621,0,0,39,1082,2,8,39,1090,California
Siskiyou,2021-01-09,2,1100,2,479,0,621,0,0,0,1080,2,10,0,1090,California
Siskiyou,2021-01-11,226,1326,65,544,161,782,0,0,163,1180,63,73,163,1253,California
Siskiyou,2021-01-12,322,1648,274,818,48,830,0,0,89,1037,233,306,90,1343,California
Siskiyou,2021-01-13,157,1805,137,955,20,850,0,0,23,926,134,440,23,1366,California
Siskiyou,2021-01-14,26,1831,1,956,25,875,0,0,25,950,1,441,25,1391,California
Siskiyou,2021-01-15,35,1866,3,959,32,907,0,0,35,985,0,441,35,1426,California
Siskiyou,2021-01-16,7,1873,2,961,5,912,0,0,7,992,0,441,7,1433,California
Siskiyou,2021-01-17,1,1874,1,962,0,912,0,0,0,991,1,442,0,1433,California
Siskiyou,2021-01-18,77,1951,4,966,73,985,0,0,75,1064,2,444,75,1508,California
Siskiyou,2021-01-19,21,1972,1,967,20,1005,0,0,20,1083,1,445,20,1528,California
Siskiyou,2021-01-20,47,2019,35,1002,12,1017,0,0,43,1122,4,449,43,1571,California
Siskiyou,2021-01-21,42,2061,1,1003,41,1058,0,0,42,1164,0,449,42,1613,California
Siskiyou,2021-01-22,1327,3388,1175,2178,152,1210,0,0,1327,2491,0,449,1327,2940,California
Siskiyou,2021-01-23,5,3393,1,2179,4,1214,0,0,2,2490,3,452,2,2942,California
Siskiyou,2021-01-25,182,3575,8,2187,174,1388,0,0,178,2664,4,456,178,3120,California
Siskiyou,2021-01-26,148,3723,3,2190,145,1533,0,0,140,2796,8,464,140,3260,California
Siskiyou,2021-01-27,181,3904,1,2191,180,1713,0,0,126,2867,55,519,126,3386,California
Siskiyou,2021-01-28,231,4135,117,2308,114,1827,0,0,225,3086,6,525,225,3611,California
Siskiyou,2021-01-29,249,4384,3,2311,246,2073,0,0,247,3331,2,527,247,3858,California
Siskiyou,2021-01-30,3,4387,2,2313,1,2074,0,0,3,3334,0,527,3,3861,California
Siskiyou,2021-02-01,195,4582,3,2316,192,2266,0,0,105,3349,90,617,105,3966,California
Siskiyou,2021-02-02,289,4871,45,2361,244,2510,0,0,147,3354,142,759,147,4113,California
Siskiyou,2021-02-03,314,5185,1,2362,313,2823,0,0,264,3568,50,809,264,4377,California
Siskiyou,2021-02-04,322,5507,7,2369,315,3138,0,0,200,3646,122,931,200,4577,California
Siskiyou,2021-02-05,512,6019,4,2373,508,3646,0,0,348,3830,164,1095,348,4925,California
Siskiyou,2021-02-06,15,6034,0,2373,15,3661,0,0,15,3845,0,1095,15,4940,California
Siskiyou,2021-02-07,3,6037,2,2375,1,3662,0,0,3,3848,0,1095,3,4943,California
Siskiyou,2021-02-08,221,6258,5,2380,216,3878,0,0,216,4059,5,1100,216,5159,California
Siskiyou,2021-02-09,196,6454,4,2384,192,4070,0,0,163,4189,33,1133,163,5322,California
Siskiyou,2021-02-10,370,6824,40,2424,330,4400,0,0,317,4454,52,1185,317,5639,California
Siskiyou,2021-02-11,190,7014,1,2425,189,4589,0,0,174,4612,16,1201,174,5813,California
Siskiyou,2021-02-12,1690,8704,1198,3623,492,5081,0,0,501,3924,1189,2390,501,6314,California
Siskiyou,2021-02-13,36,8740,2,3625,34,5115,0,0,32,3952,4,2394,32,6346,California
Siskiyou,2021-02-14,5,8745,1,3626,4,5119,0,0,5,3957,0,2394,5,6351,California
Siskiyou,2021-02-15,107,8852,10,3636,97,5216,0,0,105,4060,2,2396,105,6456,California
Siskiyou,2021-02-16,114,8966,2,3638,112,5328,0,0,99,4144,15,2411,99,6555,California
Siskiyou,2021-02-17,185,9151,15,3653,170,5498,0,0,171,4301,14,2425,171,6726,California
Siskiyou,2021-02-18,221,9372,88,3741,133,5631,0,0,98,4276,123,2548,98,6824,California
Siskiyou,2021-02-19,71,9443,34,3775,37,5668,0,0,34,4273,37,2585,34,6858,California
Siskiyou,2021-02-20,21,9464,3,3778,18,5686,0,0,17,4286,4,2589,17,6875,California
Siskiyou,2021-02-21,1,9465,1,3779,0,5686,0,0,1,4287,0,2589,1,6876,California
Siskiyou,2021-02-22,124,9589,1,3780,123,5809,0,0,18,4199,106,2695,18,6894,California
Siskiyou,2021-02-23,197,9786,15,3795,182,5991,0,0,53,4108,144,2839,53,6947,California
Siskiyou,2021-02-24,147,9933,4,3799,143,6134,0,0,35,4031,112,2951,35,6982,California
Siskiyou,2021-02-25,301,10234,24,3823,277,6411,0,0,155,4040,146,3097,155,7137,California
Siskiyou,2021-02-26,670,10904,11,3834,659,7070,0,0,368,4106,302,3399,368,7505,California
Siskiyou,2021-02-27,33,10937,5,3839,28,7098,0,0,28,4129,5,3404,28,7533,California
Siskiyou,2021-02-28,5,10942,4,3843,1,7099,0,0,4,4132,1,3405,4,7537,California
Siskiyou,2021-03-01,280,11222,6,3849,274,7373,0,0,50,3952,230,3635,50,7587,California
Siskiyou,2021-03-02,190,11412,1,3850,189,7562,0,0,70,3902,120,3755,70,7657,California
Siskiyou,2021-03-03,343,11755,7,3857,336,7898,0,0,153,3865,190,3945,153,7810,California
Siskiyou,2021-03-04,794,12549,621,4478,173,8071,0,0,637,4345,157,4102,637,8447,California
Siskiyou,2021-03-05,326,12875,6,4484,309,8380,11,11,105,4243,218,4320,116,8563,California
Siskiyou,2021-03-06,43,12918,3,4487,33,8413,7,18,28,4263,15,4335,35,8598,California
Siskiyou,2021-03-07,12,12930,4,4491,0,8413,8,26,3,4265,9,4344,11,8609,California
Siskiyou,2021-03-08,361,13291,31,4522,295,8708,35,61,59,4057,302,4646,94,8703,California
Siskiyou,2021-03-09,164,13455,2,4524,108,8816,54,115,57,4061,107,4753,111,8814,California
Siskiyou,2021-03-10,221,13676,7,4531,184,9000,30,145,31,3932,190,4943,61,8875,California
Siskiyou,2021-03-11,475,14151,206,4737,222,9222,47,192,275,4055,199,5142,322,9197,California
Siskiyou,2021-03-12,647,14798,141,4878,467,9689,39,231,184,3817,461,5603,223,9420,California
Siskiyou,2021-03-13,428,15226,381,5259,24,9713,23,254,382,4176,46,5649,405,9825,California
Siskiyou,2021-03-14,20,15246,1,5260,3,9716,16,270,2,4176,18,5667,18,9843,California
Siskiyou,2021-03-15,454,15700,258,5518,176,9892,20,290,322,4386,132,5799,342,10185,California
Siskiyou,2021-03-16,255,15955,32,5550,206,10098,17,307,140,4429,114,5913,157,10342,California
Siskiyou,2021-03-17,202,16157,9,5559,185,10283,8,315,34,4303,168,6081,42,10384,California
Siskiyou,2021-03-18,926,17083,788,6347,126,10409,12,327,810,5009,116,6197,822,11206,California
Siskiyou,2021-03-19,68,17151,10,6357,45,10454,13,340,20,4994,48,6245,33,11239,California
Siskiyou,2021-03-20,30,17181,7,6364,18,10472,5,345,6,4981,24,6269,11,11250,California
Siskiyou,2021-03-21,10,17191,4,6368,1,10473,5,350,4,4984,6,6275,9,11259,California
Siskiyou,2021-03-22,208,17399,21,6389,165,10638,22,372,145,5091,60,6335,167,11426,California
Siskiyou,2021-03-23,196,17595,19,6408,167,10805,10,382,141,5187,55,6390,151,11577,California
Siskiyou,2021-03-24,140,17735,47,6455,93,10898,0,382,115,5277,25,6415,115,11692,California
Siskiyou,2021-03-25,572,18307,320,6775,249,11147,3,385,400,5508,172,6587,403,12095,California
Siskiyou,2021-03-26,305,18612,35,6810,270,11417,0,385,104,5413,199,6786,104,12199,California
Siskiyou,2021-03-27,37,18649,4,6814,28,11445,5,390,9,5399,28,6814,14,12213,California
Siskiyou,2021-03-28,8,18657,7,6821,1,11446,0,390,5,5401,3,6817,5,12218,California
Siskiyou,2021-03-29,98,18755,11,6832,85,11531,2,392,47,5400,50,6867,49,12267,California
Siskiyou,2021-03-30,102,18857,7,6839,94,11625,1,393,41,5381,61,6928,42,12309,California
Siskiyou,2021-03-31,189,19046,20,6859,166,11791,3,396,49,5295,139,7067,53,12362,California
Siskiyou,2021-04-01,830,19876,672,7531,158,11949,0,396,214,4893,616,7683,214,12576,California
Siskiyou,2021-04-02,347,20223,197,7728,146,12095,4,400,66,4684,279,7962,70,12646,California
Siskiyou,2021-04-03,26,20249,5,7733,14,12109,7,407,5,4675,21,7983,12,12658,California
Siskiyou,2021-04-04,1,20250,1,7734,0,12109,0,407,0,4674,1,7984,0,12658,California
Siskiyou,2021-04-05,437,20687,331,8065,80,12189,26,433,26,4316,410,8394,52,12710,California
Siskiyou,2021-04-06,220,20907,36,8101,130,12319,54,487,125,4400,94,8488,178,12888,California
Siskiyou,2021-04-07,117,21024,11,8112,64,12383,42,529,67,4459,50,8538,109,12997,California
Siskiyou,2021-04-08,349,21373,183,8295,125,12508,41,570,62,4275,287,8825,103,13100,California
Siskiyou,2021-04-09,546,21919,379,8674,130,12638,37,607,83,3934,462,9287,121,13221,California
Siskiyou,2021-04-10,46,21965,6,8680,3,12641,37,644,7,3939,39,9326,44,13265,California
Siskiyou,2021-04-11,8,21973,5,8685,1,12642,2,646,2,3937,6,9332,4,13269,California
Siskiyou,2021-04-12,129,22102,25,8710,103,12745,1,647,49,3907,80,9412,50,13319,California
Siskiyou,2021-04-13,204,22306,36,8746,167,12912,1,648,78,3860,126,9538,79,13398,California
Siskiyou,2021-04-14,157,22463,65,8811,92,13004,0,648,86,3877,69,9607,86,13484,California
Siskiyou,2021-04-15,1115,23578,955,9766,160,13164,0,648,434,3631,680,10287,434,13918,California
Siskiyou,2021-04-16,297,23875,207,9973,90,13254,0,648,266,3867,30,10317,266,14184,California
Siskiyou,2021-04-17,11,23886,8,9981,3,13257,0,648,7,3870,4,10321,7,14191,California
Siskiyou,2021-04-18,6,23892,3,9984,3,13260,0,648,2,3868,4,10325,2,14193,California
Siskiyou,2021-04-19,128,24020,25,10009,103,13363,0,648,45,3830,83,10408,45,14238,California
Siskiyou,2021-04-20,237,24257,5,10014,232,13595,0,648,94,3781,143,10551,94,14332,California
Siskiyou,2021-04-21,94,24351,10,10024,84,13679,0,648,25,3737,69,10620,25,14357,California
Siskiyou,2021-04-22,415,24766,302,10326,113,13792,0,648,50,3422,365,10985,50,14407,California
Siskiyou,2021-04-23,171,24937,13,10339,158,13950,0,648,149,3550,21,11006,149,14556,California
Siskiyou,2021-04-24,27,24964,4,10343,23,13973,0,648,19,3561,8,11014,19,14575,California
Siskiyou,2021-04-25,3,24967,0,10343,3,13976,0,648,3,3564,0,11014,3,14578,California
Siskiyou,2021-04-26,101,25068,7,10350,89,14065,5,653,25,3518,76,11090,30,14608,California
Siskiyou,2021-04-27,104,25172,4,10354,98,14163,2,655,84,3587,17,11107,86,14694,California
Siskiyou,2021-04-28,110,25282,8,10362,94,14257,8,663,52,3589,58,11165,60,14754,California
Siskiyou,2021-04-29,105,25387,14,10376,91,14348,0,663,25,3534,80,11245,25,14779,California
Siskiyou,2021-04-30,101,25488,20,10396,80,14428,1,664,44,3524,54,11299,44,14823,California
Siskiyou,2021-05-01,11,25499,7,10403,1,14429,3,667,7,3530,4,11303,10,14833,California
Siskiyou,2021-05-02,11,25510,5,10408,6,14435,0,667,9,3537,2,11305,9,14842,California
Siskiyou,2021-05-03,110,25620,23,10431,85,14520,2,669,47,3523,63,11368,49,14891,California
Siskiyou,2021-05-04,113,25733,6,10437,105,14625,2,671,60,3533,52,11420,62,14953,California
Siskiyou,2021-05-05,117,25850,21,10458,87,14712,9,680,39,3504,77,11497,48,15001,California
Siskiyou,2021-05-06,364,26214,293,10751,65,14777,6,686,187,3520,177,11674,193,15194,California
Siskiyou,2021-05-07,309,26523,219,10970,85,14862,5,691,33,3283,275,11949,38,15232,California
Siskiyou,2021-05-08,24,26547,4,10974,19,14881,1,692,18,3296,6,11955,19,15251,California
Siskiyou,2021-05-09,1,26548,0,10974,1,14882,0,692,0,3295,1,11956,0,15251,California
Siskiyou,2021-05-10,67,26615,36,11010,30,14912,1,693,20,3269,47,12003,21,15272,California
Siskiyou,2021-05-11,79,26694,4,11014,71,14983,4,697,46,3286,33,12036,50,15322,California
Siskiyou,2021-05-12,53,26747,4,11018,45,15028,4,701,16,3269,37,12073,20,15342,California
Siskiyou,2021-05-13,71,26818,28,11046,35,15063,8,709,30,3266,41,12114,38,15380,California
Siskiyou,2021-05-14,147,26965,79,11125,67,15130,1,710,88,3297,58,12172,89,15469,California
Siskiyou,2021-05-15,35,27000,10,11135,23,15153,2,712,28,3321,6,12178,30,15499,California
Siskiyou,2021-05-16,3,27003,0,11135,3,15156,0,712,2,3322,1,12179,2,15501,California
Solano,2020-12-15,4,4,4,4,0,0,0,0,4,4,0,0,4,4,California
Solano,2020-12-16,71,75,71,75,0,0,0,0,71,75,0,0,71,75,California
Solano,2020-12-17,153,228,153,228,0,0,0,0,153,228,0,0,153,228,California
Solano,2020-12-18,445,673,444,672,1,1,0,0,445,673,0,0,445,673,California
Solano,2020-12-19,518,1191,518,1190,0,1,0,0,518,1191,0,0,518,1191,California
Solano,2020-12-20,355,1546,353,1543,2,3,0,0,355,1546,0,0,355,1546,California
Solano,2020-12-21,573,2119,571,2114,2,5,0,0,573,2119,0,0,573,2119,California
Solano,2020-12-22,663,2782,630,2744,33,38,0,0,663,2782,0,0,663,2782,California
Solano,2020-12-23,861,3643,773,3517,88,126,0,0,860,3642,0,0,860,3642,California
Solano,2020-12-24,422,4065,171,3688,251,377,0,0,422,4064,0,0,422,4064,California
Solano,2020-12-25,10,4075,2,3690,8,385,0,0,10,4074,0,0,10,4074,California
Solano,2020-12-26,175,4250,48,3738,127,512,0,0,175,4249,0,0,175,4249,California
Solano,2020-12-27,104,4354,29,3767,75,587,0,0,104,4353,0,0,104,4353,California
Solano,2020-12-28,862,5216,420,4187,442,1029,0,0,862,5215,0,0,862,5215,California
Solano,2020-12-29,898,6114,376,4563,522,1551,0,0,898,6113,0,0,898,6113,California
Solano,2020-12-30,1237,7351,600,5163,637,2188,0,0,1237,7350,0,0,1237,7350,California
Solano,2020-12-31,537,7888,137,5300,400,2588,0,0,537,7887,0,0,537,7887,California
Solano,2021-01-01,14,7902,13,5313,1,2589,0,0,14,7901,0,0,14,7901,California
Solano,2021-01-02,213,8115,165,5478,48,2637,0,0,213,8114,0,0,213,8114,California
Solano,2021-01-03,57,8172,40,5518,17,2654,0,0,52,8166,0,0,52,8166,California
Solano,2021-01-04,451,8623,246,5764,205,2859,0,0,441,8604,3,3,441,8607,California
Solano,2021-01-05,730,9353,377,6141,353,3212,0,0,576,9031,149,152,576,9183,California
Solano,2021-01-06,845,10198,437,6578,408,3620,0,0,582,9352,261,413,582,9765,California
Solano,2021-01-07,1069,11267,684,7262,385,4005,0,0,612,9510,455,868,613,10378,California
Solano,2021-01-08,1140,12407,778,8040,362,4367,0,0,547,9484,575,1443,549,10927,California
Solano,2021-01-09,886,13293,763,8803,123,4490,0,0,429,9459,454,1897,429,11356,California
Solano,2021-01-10,254,13547,194,8997,60,4550,0,0,152,9509,102,1999,152,11508,California
Solano,2021-01-11,1330,14877,1119,10116,211,4761,0,0,813,9805,517,2516,813,12321,California
Solano,2021-01-12,1571,16448,1171,11287,400,5161,0,0,1020,10276,550,3066,1021,13342,California
Solano,2021-01-13,1468,17916,1007,12294,461,5622,0,0,1209,11228,257,3323,1209,14551,California
Solano,2021-01-14,1888,19804,816,13110,1072,6694,0,0,1574,12488,314,3637,1574,16125,California
Solano,2021-01-15,1695,21499,1060,14170,635,7329,0,0,1397,13587,298,3935,1397,17522,California
Solano,2021-01-16,1288,22787,902,15072,386,7715,0,0,1113,14525,175,4110,1113,18635,California
Solano,2021-01-17,1045,23832,761,15833,284,7999,0,0,1027,15534,18,4128,1027,19662,California
Solano,2021-01-18,1414,25246,856,16689,558,8557,0,0,1297,16716,117,4245,1299,20961,California
Solano,2021-01-19,1652,26898,1340,18029,312,8869,0,0,1380,17825,271,4516,1380,22341,California
Solano,2021-01-20,2033,28931,1422,19451,611,9480,0,0,1546,18887,484,5000,1546,23887,California
Solano,2021-01-21,3177,32108,1011,20462,2166,11646,0,0,2825,21361,352,5352,2826,26713,California
Solano,2021-01-22,1774,33882,846,21308,928,12574,0,0,1584,22755,190,5542,1584,28297,California
Solano,2021-01-23,736,34618,242,21550,494,13068,0,0,531,23081,206,5748,532,28829,California
Solano,2021-01-24,404,35022,61,21611,343,13411,0,0,337,23351,67,5815,337,29166,California
Solano,2021-01-25,1664,36686,628,22239,1036,14447,0,0,1110,23909,553,6368,1111,30277,California
Solano,2021-01-26,1773,38459,738,22977,1035,15482,0,0,1142,24422,630,6998,1143,31420,California
Solano,2021-01-27,1796,40255,726,23703,1070,16552,0,0,1183,25005,600,7598,1183,32603,California
Solano,2021-01-28,1958,42213,707,24410,1251,17803,0,0,1365,25779,592,8190,1366,33969,California
Solano,2021-01-29,1701,43914,784,25194,917,18720,0,0,1344,26768,355,8545,1344,35313,California
Solano,2021-01-30,713,44627,221,25415,492,19212,0,0,552,27159,161,8706,552,35865,California
Solano,2021-01-31,484,45111,394,25809,90,19302,0,0,229,27134,255,8961,230,36095,California
Solano,2021-02-01,1509,46620,988,26797,521,19823,0,0,767,27162,739,9700,767,36862,California
Solano,2021-02-02,3357,49977,1113,27910,2244,22067,0,0,2527,28863,826,10526,2527,39389,California
Solano,2021-02-03,2267,52244,1309,29219,958,23025,0,0,1163,28926,1100,11626,1163,40552,California
Solano,2021-02-04,1803,54047,912,30131,891,23916,0,0,1077,29282,721,12347,1077,41629,California
Solano,2021-02-05,3095,57142,1418,31549,1677,25593,0,0,2091,30377,996,13343,2091,43720,California
Solano,2021-02-06,3052,60194,1169,32718,1883,27476,0,0,2237,31803,811,14154,2237,45957,California
Solano,2021-02-07,846,61040,782,33500,64,27540,0,0,230,31417,616,14770,230,46187,California
Solano,2021-02-08,1751,62791,1234,34734,517,28057,0,0,710,31088,1039,15809,710,46897,California
Solano,2021-02-09,1949,64740,1486,36220,463,28520,0,0,699,30538,1249,17058,699,47596,California
Solano,2021-02-10,2266,67006,1497,37717,769,29289,0,0,821,29914,1445,18503,821,48417,California
Solano,2021-02-11,2503,69509,1488,39205,1015,30304,0,0,1198,29817,1295,19798,1198,49615,California
Solano,2021-02-12,4210,73719,1619,40824,2591,32895,0,0,2866,31346,1337,21135,2866,52481,California
Solano,2021-02-13,2864,76583,248,41072,2616,35511,0,0,2452,33389,409,21544,2452,54933,California
Solano,2021-02-14,704,77287,202,41274,502,36013,0,0,412,33512,290,21834,413,55346,California
Solano,2021-02-15,1314,78601,324,41598,990,37003,0,0,679,33557,634,22468,679,56025,California
Solano,2021-02-16,2559,81160,1386,42984,1173,38176,0,0,1667,34334,891,23359,1668,57693,California
Solano,2021-02-17,3139,84299,1452,44436,1687,39863,0,0,2101,35401,1035,24394,2102,59795,California
Solano,2021-02-18,2850,87149,845,45281,2005,41868,0,0,852,34262,1992,26386,853,60648,California
Solano,2021-02-19,2396,89545,1445,46726,951,42819,0,0,1172,34216,1220,27606,1174,61822,California
Solano,2021-02-20,2568,92113,382,47108,2186,45005,0,0,2096,35839,473,28079,2096,63918,California
Solano,2021-02-21,2194,94307,1880,48988,314,45319,0,0,1883,37415,307,28386,1883,65801,California
Solano,2021-02-22,1722,96029,1050,50038,672,45991,0,0,909,37514,811,29197,910,66711,California
Solano,2021-02-23,2856,98885,1096,51134,1760,47751,0,0,1951,38563,902,30099,1951,68662,California
Solano,2021-02-24,2476,101361,1245,52379,1231,48982,0,0,1386,38861,1088,31187,1386,70048,California
Solano,2021-02-25,2403,103764,1445,53824,958,49940,0,0,1314,39092,1083,32270,1314,71362,California
Solano,2021-02-26,3180,106944,2023,55847,1157,51097,0,0,1860,39637,1315,33585,1860,73222,California
Solano,2021-02-27,3653,110597,1374,57221,2278,53375,1,1,2957,41907,688,34273,2958,76180,California
Solano,2021-02-28,1369,111966,1038,58259,331,53706,0,1,1092,42726,274,34547,1093,77273,California
Solano,2021-03-01,2440,114406,1054,59313,1385,55091,1,2,1839,43969,597,35144,1840,79113,California
Solano,2021-03-02,2182,116588,1364,60677,818,55909,0,2,1267,44321,915,36059,1267,80380,California
Solano,2021-03-03,2213,118801,1256,61933,957,56866,0,2,1376,44869,829,36888,1377,81757,California
Solano,2021-03-04,4349,123150,3407,65340,940,57806,2,4,3134,46801,1207,38095,3139,84896,California
Solano,2021-03-05,4905,128055,1668,67008,3232,61038,5,9,3942,49795,953,39048,3947,88843,California
Solano,2021-03-06,3835,131890,826,67834,2970,64008,39,48,2639,51287,1186,40234,2678,91521,California
Solano,2021-03-07,3547,135437,741,68575,2796,66804,10,58,1952,51667,1583,41817,1963,93484,California
Solano,2021-03-08,2117,137554,1321,69896,526,67330,270,328,1600,53024,511,42328,1868,95352,California
Solano,2021-03-09,3139,140693,1512,71408,1573,68903,54,382,2246,54429,892,43220,2297,97649,California
Solano,2021-03-10,2392,143085,1738,73146,568,69471,86,468,1248,54621,1140,44360,1332,98981,California
Solano,2021-03-11,6005,149090,1748,74894,4004,73475,253,721,4956,58785,1045,45405,5209,104190,California
Solano,2021-03-12,5986,155076,1562,76456,4248,77723,176,897,3164,59307,2818,48223,3340,107530,California
Solano,2021-03-13,4576,159652,803,77259,3689,81412,84,981,2237,59298,2332,50555,2323,109853,California
Solano,2021-03-14,3992,163644,3116,80375,423,81835,453,1434,1637,59035,2350,52905,2087,111940,California
Solano,2021-03-15,4006,167650,2448,82823,1241,83076,317,1751,2509,60372,1489,54394,2826,114766,California
Solano,2021-03-16,3084,170734,1324,84147,1526,84602,234,1985,1568,60663,1511,55905,1802,116568,California
Solano,2021-03-17,6352,177086,1664,85811,4597,89199,91,2076,4889,64184,1459,57364,4980,121548,California
Solano,2021-03-18,5187,182273,1839,87650,3312,92511,36,2112,3818,66677,1361,58725,3854,125402,California
Solano,2021-03-19,3444,185717,2522,90172,849,93360,73,2185,1748,66811,1688,60413,1822,127224,California
Solano,2021-03-20,5524,191241,1667,91839,3803,97163,54,2239,2841,67032,2674,63087,2895,130119,California
Solano,2021-03-21,1668,192909,1563,93402,81,97244,24,2263,854,67097,811,63898,876,130995,California
Solano,2021-03-22,2664,195573,2035,95437,579,97823,50,2313,1672,67829,986,64884,1718,132713,California
Solano,2021-03-23,3504,199077,1664,97101,1798,99621,42,2355,1433,67236,2067,66951,1474,134187,California
Solano,2021-03-24,2816,201893,1763,98864,1018,100639,35,2390,1370,67200,1440,68391,1404,135591,California
Solano,2021-03-25,4854,206747,3978,102842,841,101480,35,2425,2288,66962,2562,70953,2324,137915,California
Solano,2021-03-26,3213,209960,2087,104929,1090,102570,36,2461,1740,67275,1464,72417,1777,139692,California
Solano,2021-03-27,4188,214148,1147,106076,3004,105574,37,2498,1798,66725,2384,74801,1834,141526,California
Solano,2021-03-28,1415,215563,1105,107181,292,105866,18,2516,563,66458,848,75649,581,142107,California
Solano,2021-03-29,3484,219047,2034,109215,1433,107299,17,2533,1593,66190,1878,77527,1610,143717,California
Solano,2021-03-30,2997,222044,2005,111220,902,108201,90,2623,1906,67098,1089,78616,1997,145714,California
Solano,2021-03-31,3123,225167,2128,113348,837,109038,158,2781,1850,67833,1270,79886,2005,147719,California
Solano,2021-04-01,5528,230695,2102,115450,3280,112318,146,2927,3501,69467,2016,81902,3650,151369,California
Solano,2021-04-02,6558,237253,2217,117667,4174,116492,167,3094,2541,68174,4002,85904,2709,154078,California
Solano,2021-04-03,1529,238782,963,118630,412,116904,154,3248,564,67929,963,86867,718,154796,California
Solano,2021-04-04,778,239560,287,118917,189,117093,302,3550,239,67935,535,87402,541,155337,California
Solano,2021-04-05,2969,242529,2027,120944,736,117829,206,3756,1506,68185,1461,88863,1711,157048,California
Solano,2021-04-06,5977,248506,1625,122569,3862,121691,490,4246,1644,65990,4327,93190,2132,159180,California
Solano,2021-04-07,5874,254380,4548,127117,933,122624,393,4639,3346,67217,2512,95702,3739,162919,California
Solano,2021-04-08,6398,260778,1782,128899,3761,126385,855,5494,1800,65293,4571,100273,2647,165566,California
Solano,2021-04-09,6233,267011,1657,130556,3735,130120,841,6335,1512,62942,4699,104972,2348,167914,California
Solano,2021-04-10,1718,268729,949,131505,449,130569,320,6655,793,63130,924,105896,1112,169026,California
Solano,2021-04-11,1226,269955,760,132265,337,130906,129,6784,637,63310,586,106482,766,169792,California
Solano,2021-04-12,3250,273205,1669,133934,1223,132129,358,7142,1341,63103,1904,108386,1697,171489,California
Solano,2021-04-13,2527,275732,1089,135023,1437,133566,1,7143,1323,63227,1200,109586,1324,172813,California
Solano,2021-04-14,6394,282126,1943,136966,4451,138017,0,7143,1844,60529,4543,114129,1845,174658,California
Solano,2021-04-15,5661,287787,2135,139101,3526,141543,0,7143,1715,58311,3933,118062,1715,176373,California
Solano,2021-04-16,3662,291449,2572,141673,1088,142631,2,7145,2277,59212,1378,119440,2279,178652,California
Solano,2021-04-17,3250,294699,1057,142730,2193,144824,0,7145,1127,58224,2116,121556,1128,179780,California
Solano,2021-04-18,1004,295703,610,143340,394,145218,0,7145,529,58279,474,122030,529,180309,California
Solano,2021-04-19,2061,297764,1159,144499,902,146120,0,7145,1147,58520,908,122938,1149,181458,California
Solano,2021-04-20,3010,300774,1835,146334,1175,147295,0,7145,1678,58871,1327,124265,1678,183136,California
Solano,2021-04-21,3555,304329,2326,148660,1229,148524,0,7145,1785,58892,1764,126029,1785,184921,California
Solano,2021-04-22,2918,307247,1473,150133,1445,149969,0,7145,1772,59520,1144,127173,1772,186693,California
Solano,2021-04-23,4125,311372,2071,152204,2054,152023,0,7145,2473,60350,1644,128817,2474,189167,California
Solano,2021-04-24,3742,315114,2278,154482,1462,153485,2,7147,2496,61687,1161,129978,2498,191665,California
Solano,2021-04-25,1430,316544,1115,155597,315,153800,0,7147,1130,62524,293,130271,1130,192795,California
Solano,2021-04-26,2452,318996,1590,157187,858,154658,4,7151,1311,62710,1129,131400,1315,194110,California
Solano,2021-04-27,2361,321357,1239,158426,1098,155756,24,7175,1312,63006,1042,132442,1338,195448,California
Solano,2021-04-28,5083,326440,4105,162531,932,156688,46,7221,3141,64261,1932,134374,3187,198635,California
Solano,2021-04-29,3891,330331,1257,163788,2603,159291,31,7252,1586,63582,2296,136670,1617,200252,California
Solano,2021-04-30,3783,334114,2021,165809,1630,160921,132,7384,1835,63612,1937,138607,1967,202219,California
Solano,2021-05-01,2124,336238,1634,167443,295,161216,195,7579,1255,64197,865,139472,1450,203669,California
Solano,2021-05-02,1095,337333,934,168377,137,161353,24,7603,572,64275,518,139990,596,204265,California
Solano,2021-05-03,1444,338777,1003,169380,354,161707,87,7690,591,64102,852,140842,679,204944,California
Solano,2021-05-04,1784,340561,1041,170421,678,162385,65,7755,799,63982,984,141826,864,205808,California
Solano,2021-05-05,2245,342806,1406,171827,728,163113,111,7866,1082,64014,1159,142985,1191,206999,California
Solano,2021-05-06,1916,344722,1174,173001,585,163698,157,8023,707,63676,1202,144187,864,207863,California
Solano,2021-05-07,2669,347391,1872,174873,682,164380,115,8138,927,62979,1737,145924,1040,208903,California
Solano,2021-05-08,1302,348693,828,175701,359,164739,115,8253,458,62711,841,146765,573,209476,California
Solano,2021-05-09,416,349109,241,175942,164,164903,11,8264,157,62623,257,147022,169,209645,California
Solano,2021-05-10,1319,350428,603,176545,614,165517,102,8366,384,62178,932,147954,487,210132,California
Solano,2021-05-11,2221,352649,1113,177658,1023,166540,85,8451,615,61277,1601,149555,700,210832,California
Solano,2021-05-12,1845,354494,1016,178674,662,167202,167,8618,486,60579,1349,150904,651,211483,California
Solano,2021-05-13,1881,356375,1178,179852,577,167779,126,8744,666,60158,1213,152117,792,212275,California
Solano,2021-05-14,2208,358583,1445,181297,653,168432,110,8854,916,59903,1281,153398,1026,213301,California
Solano,2021-05-15,2176,360759,1761,183058,366,168798,49,8903,865,59515,1302,154700,914,214215,California
Solano,2021-05-16,1051,361810,775,183833,253,169051,23,8926,86,58660,964,155664,109,214324,California
Sonoma,2020-12-15,4,4,4,4,0,0,0,0,4,4,0,0,4,4,California
Sonoma,2020-12-16,27,31,27,31,0,0,0,0,27,31,0,0,27,31,California
Sonoma,2020-12-17,103,134,103,134,0,0,0,0,103,134,0,0,103,134,California
Sonoma,2020-12-18,421,555,421,555,0,0,0,0,421,555,0,0,421,555,California
Sonoma,2020-12-19,111,666,110,665,1,1,0,0,111,666,0,0,111,666,California
Sonoma,2020-12-20,174,840,174,839,0,1,0,0,174,840,0,0,174,840,California
Sonoma,2020-12-21,911,1751,909,1748,2,3,0,0,910,1750,0,0,910,1750,California
Sonoma,2020-12-22,1356,3107,1265,3013,91,94,0,0,1356,3106,0,0,1356,3106,California
Sonoma,2020-12-23,1607,4714,1231,4244,376,470,0,0,1608,4714,0,0,1608,4714,California
Sonoma,2020-12-24,305,5019,101,4345,204,674,0,0,305,5019,0,0,305,5019,California
Sonoma,2020-12-25,8,5027,2,4347,6,680,0,0,8,5027,0,0,8,5027,California
Sonoma,2020-12-26,267,5294,256,4603,11,691,0,0,267,5294,0,0,267,5294,California
Sonoma,2020-12-27,93,5387,80,4683,13,704,0,0,93,5387,0,0,93,5387,California
Sonoma,2020-12-28,988,6375,554,5237,434,1138,0,0,959,6346,0,0,959,6346,California
Sonoma,2020-12-29,1127,7502,775,6012,352,1490,0,0,1094,7440,0,0,1094,7440,California
Sonoma,2020-12-30,1093,8595,479,6491,614,2104,0,0,1085,8525,0,0,1085,8525,California
Sonoma,2020-12-31,517,9112,71,6562,446,2550,0,0,518,9043,0,0,518,9043,California
Sonoma,2021-01-01,11,9123,6,6568,5,2555,0,0,11,9054,0,0,11,9054,California
Sonoma,2021-01-02,131,9254,125,6693,6,2561,0,0,131,9185,0,0,131,9185,California
Sonoma,2021-01-03,25,9279,11,6704,14,2575,0,0,25,9210,0,0,25,9210,California
Sonoma,2021-01-04,341,9620,105,6809,236,2811,0,0,340,9550,0,0,340,9550,California
Sonoma,2021-01-05,437,10057,102,6911,335,3146,0,0,413,9948,15,15,413,9963,California
Sonoma,2021-01-06,947,11004,432,7343,515,3661,0,0,836,10679,105,120,836,10799,California
Sonoma,2021-01-07,1031,12035,534,7877,497,4158,0,0,862,11373,168,288,862,11661,California
Sonoma,2021-01-08,1790,13825,1233,9110,557,4715,0,0,1317,12219,471,759,1317,12978,California
Sonoma,2021-01-09,639,14464,402,9512,237,4952,0,0,591,12762,48,807,591,13569,California
Sonoma,2021-01-10,472,14936,461,9973,11,4963,0,0,278,12846,194,1001,278,13847,California
Sonoma,2021-01-11,1386,16322,1239,11212,147,5110,0,0,414,12293,967,1968,414,14261,California
Sonoma,2021-01-12,1546,17868,1293,12505,253,5363,0,0,395,11539,1149,3117,395,14656,California
Sonoma,2021-01-13,2042,19910,1366,13871,676,6039,0,0,1179,11859,860,3977,1180,15836,California
Sonoma,2021-01-14,1528,21438,800,14671,728,6767,0,0,1298,12927,230,4207,1298,17134,California
Sonoma,2021-01-15,1567,23005,637,15308,930,7697,0,0,1347,14064,211,4418,1348,18482,California
Sonoma,2021-01-16,1145,24150,617,15925,528,8225,0,0,899,14721,242,4660,899,19381,California
Sonoma,2021-01-17,670,24820,549,16474,121,8346,0,0,590,15231,80,4740,590,19971,California
Sonoma,2021-01-18,1108,25928,934,17408,174,8520,0,0,617,15358,491,5231,618,20589,California
Sonoma,2021-01-19,2098,28026,1006,18414,1092,9612,0,0,1388,16039,708,5939,1389,21978,California
Sonoma,2021-01-20,2078,30104,626,19040,1452,11064,0,0,1417,16806,651,6590,1418,23396,California
Sonoma,2021-01-21,2261,32365,647,19687,1614,12678,0,0,2042,18632,217,6807,2043,25439,California
Sonoma,2021-01-22,2740,35105,1043,20730,1697,14375,0,0,2592,21077,147,6954,2592,28031,California
Sonoma,2021-01-23,768,35873,593,21323,175,14550,0,0,661,21632,106,7060,661,28692,California
Sonoma,2021-01-24,852,36725,716,22039,136,14686,0,0,836,22452,16,7076,836,29528,California
Sonoma,2021-01-25,2173,38898,520,22559,1653,16339,0,0,1686,23651,487,7563,1686,31214,California
Sonoma,2021-01-26,2017,40915,302,22861,1715,18054,0,0,1562,24759,454,8017,1562,32776,California
Sonoma,2021-01-27,3702,44617,1281,24142,2421,20475,0,0,3129,27320,571,8588,3132,35908,California
Sonoma,2021-01-28,4119,48736,1847,25989,2272,22747,0,0,3448,30101,668,9256,3449,39357,California
Sonoma,2021-01-29,2969,51705,1412,27401,1557,24304,0,0,2134,31403,833,10089,2135,41492,California
Sonoma,2021-01-30,2584,54289,2395,29796,189,24493,0,0,2242,33304,342,10431,2243,43735,California
Sonoma,2021-01-31,777,55066,665,30461,112,24605,0,0,579,33686,197,10628,579,44314,California
Sonoma,2021-02-01,2507,57573,884,31345,1623,26228,0,0,2101,35384,403,11031,2101,46415,California
Sonoma,2021-02-02,3527,61100,1373,32718,2154,28382,0,0,2957,37773,568,11599,2957,49372,California
Sonoma,2021-02-03,4041,65141,1324,34042,2717,31099,0,0,3110,39955,928,12527,3110,52482,California
Sonoma,2021-02-04,4216,69357,1725,35767,2491,33590,0,0,3425,42592,789,13316,3426,55908,California
Sonoma,2021-02-05,4817,74174,1741,37508,3076,36666,0,0,3797,45374,1016,14332,3798,59706,California
Sonoma,2021-02-06,2661,76835,2300,39808,361,37027,0,0,2100,46914,560,14892,2100,61806,California
Sonoma,2021-02-07,1538,78373,1403,41211,135,37162,0,0,1286,47948,252,15144,1286,63092,California
Sonoma,2021-02-08,3259,81632,1034,42245,2225,39387,0,0,2676,50042,582,15726,2676,65768,California
Sonoma,2021-02-09,3571,85203,1700,43945,1871,41258,0,0,3091,52656,478,16204,3092,68860,California
Sonoma,2021-02-10,4542,89745,2480,46425,2062,43320,0,0,3535,55191,1001,17205,3536,72396,California
Sonoma,2021-02-11,5575,95320,3017,49442,2558,45878,0,0,4393,58404,1180,18385,4393,76789,California
Sonoma,2021-02-12,5903,101223,3245,52687,2658,48536,0,0,4478,61464,1421,19806,4481,81270,California
Sonoma,2021-02-13,1986,103209,1152,53839,834,49370,0,0,1201,61883,782,20588,1201,82471,California
Sonoma,2021-02-14,2317,105526,1823,55662,494,49864,0,0,1569,62705,747,21335,1569,84040,California
Sonoma,2021-02-15,2140,107666,791,56453,1349,51213,0,0,1605,63776,534,21869,1605,85645,California
Sonoma,2021-02-16,4898,112564,2052,58505,2846,54059,0,0,3642,66166,1252,23121,3642,89287,California
Sonoma,2021-02-17,5598,118162,2899,61404,2699,56758,0,0,3572,67722,2018,25139,3574,92861,California
Sonoma,2021-02-18,6924,125086,3130,64534,3794,60552,0,0,4002,68811,2914,28053,4003,96864,California
Sonoma,2021-02-19,5518,130604,1666,66200,3852,64404,0,0,3420,70139,2093,30146,3421,100285,California
Sonoma,2021-02-20,3119,133723,2839,69039,280,64684,0,0,1217,69460,1896,32042,1217,101502,California
Sonoma,2021-02-21,534,134257,426,69465,108,64792,0,0,141,69211,390,32432,141,101643,California
Sonoma,2021-02-22,2878,137135,1356,70821,1522,66314,0,0,1197,68732,1676,34108,1197,102840,California
Sonoma,2021-02-23,3373,140508,2078,72899,1295,67609,0,0,1624,68611,1745,35853,1624,104464,California
Sonoma,2021-02-24,5639,146147,2543,75442,3096,70705,0,0,2916,68810,2718,38571,2917,107381,California
Sonoma,2021-02-25,5795,151942,2239,77681,3556,74261,0,0,3111,69257,2664,41235,3111,110492,California
Sonoma,2021-02-26,6263,158205,2758,80439,3505,77766,0,0,3971,70941,2287,43522,3971,114463,California
Sonoma,2021-02-27,4028,162233,1908,82347,2120,79886,0,0,2685,72285,1341,44863,2685,117148,California
Sonoma,2021-02-28,2335,164568,1851,84198,484,80370,0,0,609,71187,1707,46570,609,117757,California
Sonoma,2021-03-01,3746,168314,1137,85335,2609,82979,0,0,1883,71218,1853,48423,1884,119641,California
Sonoma,2021-03-02,4353,172667,1485,86820,2868,85847,0,0,2535,71943,1810,50233,2535,122176,California
Sonoma,2021-03-03,5041,177708,2638,89458,2403,88250,0,0,2314,71537,2720,52953,2314,124490,California
Sonoma,2021-03-04,5924,183632,2669,92127,3255,91505,0,0,2569,70765,3341,56294,2569,127059,California
Sonoma,2021-03-05,6445,190077,2825,94952,3605,95110,15,15,2714,69780,3715,60009,2730,129789,California
Sonoma,2021-03-06,2782,192859,1213,96165,1434,96544,135,150,1911,70961,864,60873,2045,131834,California
Sonoma,2021-03-07,1705,194564,1394,97559,276,96820,35,185,377,70047,1326,62199,412,132246,California
Sonoma,2021-03-08,4058,198622,656,98215,3227,100047,175,360,2385,70943,1662,63861,2558,134804,California
Sonoma,2021-03-09,5496,204118,3011,101226,2243,102290,242,602,2681,71057,2809,66670,2923,137727,California
Sonoma,2021-03-10,5972,210090,3185,104411,2459,104749,328,930,2413,70252,3545,70215,2740,140467,California
Sonoma,2021-03-11,7531,217621,3002,107413,3709,108458,820,1750,2567,68686,4954,75169,3388,143855,California
Sonoma,2021-03-12,7396,225017,2265,109678,3770,112228,1361,3111,2105,66876,5272,80441,3462,147317,California
Sonoma,2021-03-13,3409,228426,1701,111379,1472,113700,236,3347,2008,67717,1400,81841,2241,149558,California
Sonoma,2021-03-14,1381,229807,384,111763,856,114556,141,3488,843,68165,535,82376,983,150541,California
Sonoma,2021-03-15,5229,235036,1505,113268,3339,117895,385,3873,2195,67717,3026,85402,2578,153119,California
Sonoma,2021-03-16,6279,241315,2244,115512,3804,121699,231,4104,2902,67477,3371,88773,3131,156250,California
Sonoma,2021-03-17,6746,248061,3524,119036,3042,124741,180,4284,3282,67486,3452,92225,3461,159711,California
Sonoma,2021-03-18,7125,255186,2937,121973,3573,128314,615,4899,3179,67338,3938,96163,3790,163501,California
Sonoma,2021-03-19,7491,262677,3241,125214,4019,132333,231,5130,3195,66492,4277,100440,3431,166932,California
Sonoma,2021-03-20,3697,266374,1744,126958,1124,133457,829,5959,2022,67671,1668,102108,2847,169779,California
Sonoma,2021-03-21,1383,267757,601,127559,749,134206,33,5992,1215,68755,164,102272,1248,171027,California
Sonoma,2021-03-22,4531,272288,3103,130662,1326,135532,102,6094,3423,71177,1103,103375,3525,174552,California
Sonoma,2021-03-23,5826,278114,3626,134288,2124,137656,76,6170,4427,74291,1389,104764,4503,179055,California
Sonoma,2021-03-24,6717,284831,4271,138559,2380,140036,66,6236,4089,75835,2610,107374,4154,183209,California
Sonoma,2021-03-25,6995,291826,4193,142752,2695,142731,107,6343,4229,77429,2743,110117,4337,187546,California
Sonoma,2021-03-26,7301,299127,3450,146202,3759,146490,92,6435,3811,77858,3473,113590,3902,191448,California
Sonoma,2021-03-27,3840,302967,1503,147705,1975,148465,362,6797,1123,76634,2710,116300,1486,192934,California
Sonoma,2021-03-28,1509,304476,949,148654,533,148998,27,6824,944,77043,562,116862,971,193905,California
Sonoma,2021-03-29,2899,307375,1098,149752,1768,150766,33,6857,1615,77413,1278,118140,1648,195553,California
Sonoma,2021-03-30,5776,313151,3177,152929,2537,153303,62,6919,3056,77817,2714,120854,3118,198671,California
Sonoma,2021-03-31,5570,318721,3384,156313,1971,155274,215,7134,3235,78945,2323,123177,3451,202122,California
Sonoma,2021-04-01,6722,325443,4004,160317,2382,157656,336,7470,3599,79770,3104,126281,3929,206051,California
Sonoma,2021-04-02,5910,331353,3541,163858,2260,159916,109,7579,3548,81073,2356,128637,3659,209710,California
Sonoma,2021-04-03,3599,334952,1784,165642,1592,161508,223,7802,1568,80843,2019,130656,1789,211499,California
Sonoma,2021-04-04,1060,336012,691,166333,278,161786,91,7893,657,81192,399,131055,748,212247,California
Sonoma,2021-04-05,4365,340377,597,166930,3429,165215,339,8232,1636,80444,2722,133777,1974,214221,California
Sonoma,2021-04-06,6856,347233,3472,170402,2980,168195,404,8636,3978,81960,2864,136641,4380,218601,California
Sonoma,2021-04-07,6763,353996,3813,174215,2115,170310,835,9471,3282,82600,3472,140113,4112,222713,California
Sonoma,2021-04-08,7500,361496,4098,178313,2631,172941,771,10242,4080,84037,3410,143523,4847,227560,California
Sonoma,2021-04-09,6780,368276,3769,182082,2128,175069,883,11125,3482,85113,3285,146808,4361,231921,California
Sonoma,2021-04-10,3870,372146,1686,183768,1631,176700,553,11678,1129,84059,2731,149539,1677,233598,California
Sonoma,2021-04-11,1282,373428,607,184375,593,177293,82,11760,436,83732,845,150384,518,234116,California
Sonoma,2021-04-12,4928,378356,2050,186425,2397,179690,481,12241,1841,82969,3078,153462,2315,236431,California
Sonoma,2021-04-13,7792,386148,4617,191042,3173,182863,2,12243,2955,81098,4828,158290,2957,239388,California
Sonoma,2021-04-14,6540,392688,3727,194769,2793,185656,20,12263,2526,79642,4001,162291,2545,241933,California
Sonoma,2021-04-15,7214,399902,4091,198860,3123,188779,0,12263,3565,79568,3639,165930,3565,245498,California
Sonoma,2021-04-16,6787,406689,3407,202267,3378,192157,2,12265,3847,80483,2934,168864,3849,249347,California
Sonoma,2021-04-17,3111,409800,1510,203777,1601,193758,0,12265,1507,80398,1593,170457,1508,250855,California
Sonoma,2021-04-18,1244,411044,852,204629,392,194150,0,12265,408,79971,835,171292,408,251263,California
Sonoma,2021-04-19,3308,414352,1871,206500,1436,195586,1,12266,1451,79570,1853,173145,1452,252715,California
Sonoma,2021-04-20,6267,420619,3459,209959,2808,198394,0,12266,2376,78069,3878,177023,2377,255092,California
Sonoma,2021-04-21,6365,426984,4190,214149,2173,200567,2,12268,2928,77574,3424,180447,2929,258021,California
Sonoma,2021-04-22,6123,433107,4452,218601,1671,202238,0,12268,2486,76438,3622,184069,2486,260507,California
Sonoma,2021-04-23,7379,440486,4616,223217,2757,204995,6,12274,3706,76489,3662,187731,3713,264220,California
Sonoma,2021-04-24,2748,443234,1494,224711,1240,206235,14,12288,1556,76870,1189,188920,1570,265790,California
Sonoma,2021-04-25,1082,444316,785,225496,297,206532,0,12288,431,76653,648,189568,431,266221,California
Sonoma,2021-04-26,2753,447069,1285,226781,1440,207972,28,12316,1559,77054,1186,190754,1587,267808,California
Sonoma,2021-04-27,5306,452375,3632,230413,1575,209547,99,12415,2186,76232,3107,193861,2285,270093,California
Sonoma,2021-04-28,4857,457232,3195,233608,1467,211014,195,12610,2109,75800,2731,196592,2299,272392,California
Sonoma,2021-04-29,4813,462045,3430,237038,1238,212252,145,12755,1760,74659,3046,199638,1905,274297,California
Sonoma,2021-04-30,5432,467477,3619,240657,1520,213772,293,13048,1815,73160,3606,203244,2107,276404,California
Sonoma,2021-05-01,2464,469941,1772,242429,586,214358,106,13154,1237,73279,1221,204465,1340,277744,California
Sonoma,2021-05-02,863,470804,643,243072,169,214527,51,13205,553,73574,310,204775,605,278349,California
Sonoma,2021-05-03,3178,473982,1682,244754,1351,215878,145,13350,1055,72659,2114,206889,1199,279548,California
Sonoma,2021-05-04,4572,478554,2403,247157,1992,217870,177,13527,1475,71227,3080,209969,1648,281196,California
Sonoma,2021-05-05,3663,482217,2184,249341,1287,219157,192,13719,1319,70402,2334,212303,1509,282705,California
Sonoma,2021-05-06,4496,486713,2403,251744,1966,221123,127,13846,1369,68781,3115,215418,1494,284199,California
Sonoma,2021-05-07,3584,490297,2310,254054,1152,222275,122,13968,1083,67493,2493,217911,1205,285404,California
Sonoma,2021-05-08,1838,492135,1250,255304,496,222771,92,14060,773,67297,1061,218972,865,286269,California
Sonoma,2021-05-09,511,492646,296,255600,175,222946,40,14100,183,67195,325,219297,223,286492,California
Sonoma,2021-05-10,2292,494938,1035,256635,1124,224070,133,14233,281,65608,1998,221295,411,286903,California
Sonoma,2021-05-11,3469,498407,1891,258526,1463,225533,115,14348,970,64204,2489,223784,1085,287988,California
Sonoma,2021-05-12,3866,502273,2428,260954,1307,226840,131,14479,856,62189,3002,226786,987,288975,California
Sonoma,2021-05-13,4524,506797,2678,263632,1730,228570,116,14595,1535,60859,2979,229765,1649,290624,California
Sonoma,2021-05-14,5308,512105,3337,266969,1847,230417,124,14719,2004,59696,3292,233057,2129,292753,California
Sonoma,2021-05-15,2157,514262,1651,268620,461,230878,45,14764,1505,60598,646,233703,1548,294301,California
Sonoma,2021-05-16,439,514701,369,268989,48,230926,22,14786,342,60867,95,233798,364,294665,California
Stanislaus,2020-12-15,3,3,3,3,0,0,0,0,3,3,0,0,3,3,California
Stanislaus,2020-12-16,37,40,37,40,0,0,0,0,37,40,0,0,37,40,California
Stanislaus,2020-12-17,74,114,74,114,0,0,0,0,74,114,0,0,74,114,California
Stanislaus,2020-12-18,337,451,331,445,6,6,0,0,337,451,0,0,337,451,California
Stanislaus,2020-12-19,134,585,134,579,0,6,0,0,134,585,0,0,134,585,California
Stanislaus,2020-12-20,85,670,85,664,0,6,0,0,85,670,0,0,85,670,California
Stanislaus,2020-12-21,999,1669,998,1662,1,7,0,0,998,1668,0,0,998,1668,California
Stanislaus,2020-12-22,795,2464,783,2445,12,19,0,0,795,2463,0,0,795,2463,California
Stanislaus,2020-12-23,448,2912,430,2875,18,37,0,0,447,2910,0,0,447,2910,California
Stanislaus,2020-12-24,97,3009,88,2963,9,46,0,0,97,3007,0,0,97,3007,California
Stanislaus,2020-12-26,51,3060,8,2971,43,89,0,0,51,3058,0,0,51,3058,California
Stanislaus,2020-12-27,11,3071,6,2977,5,94,0,0,11,3069,0,0,11,3069,California
Stanislaus,2020-12-28,489,3560,395,3372,94,188,0,0,489,3558,0,0,489,3558,California
Stanislaus,2020-12-29,495,4055,416,3788,79,267,0,0,495,4053,0,0,495,4053,California
Stanislaus,2020-12-30,534,4589,279,4067,255,522,0,0,533,4585,1,1,533,4586,California
Stanislaus,2020-12-31,276,4865,157,4224,119,641,0,0,276,4861,0,1,276,4862,California
Stanislaus,2021-01-01,12,4877,4,4228,8,649,0,0,12,4873,0,1,12,4874,California
Stanislaus,2021-01-02,33,4910,26,4254,7,656,0,0,33,4906,0,1,33,4907,California
Stanislaus,2021-01-03,90,5000,87,4341,3,659,0,0,90,4996,0,1,90,4997,California
Stanislaus,2021-01-04,231,5231,151,4492,80,739,0,0,231,5227,0,1,231,5228,California
Stanislaus,2021-01-05,832,6063,342,4834,490,1229,0,0,808,6019,23,24,815,6043,California
Stanislaus,2021-01-06,1004,7067,600,5434,404,1633,0,0,931,6882,70,94,933,6976,California
Stanislaus,2021-01-07,1080,8147,704,6138,376,2009,0,0,890,7590,184,278,892,7868,California
Stanislaus,2021-01-08,1279,9426,723,6861,556,2565,0,0,937,8193,339,617,942,8810,California
Stanislaus,2021-01-09,285,9711,141,7002,144,2709,0,0,195,8298,90,707,195,9005,California
Stanislaus,2021-01-10,48,9759,21,7023,27,2736,0,0,29,8308,19,726,29,9034,California
Stanislaus,2021-01-11,1525,11284,1246,8269,279,3015,0,0,598,8002,922,1648,616,9650,California
Stanislaus,2021-01-12,1470,12754,864,9133,606,3621,0,0,831,8206,635,2283,839,10489,California
Stanislaus,2021-01-13,1441,14195,686,9819,755,4376,0,0,1119,9012,322,2605,1128,11617,California
Stanislaus,2021-01-14,2232,16427,283,10102,1949,6325,0,0,2065,10978,164,2769,2130,13747,California
Stanislaus,2021-01-15,2823,19250,1158,11260,1665,7990,0,0,2672,13582,147,2916,2751,16498,California
Stanislaus,2021-01-16,472,19722,51,11311,421,8411,0,0,455,14023,16,2932,457,16955,California
Stanislaus,2021-01-17,245,19967,203,11514,42,8453,0,0,239,14257,5,2937,239,17194,California
Stanislaus,2021-01-18,2186,22153,1025,12539,1161,9614,0,0,1804,15752,377,3314,1872,19066,California
Stanislaus,2021-01-19,1252,23405,723,13262,529,10143,0,0,806,16116,443,3757,807,19873,California
Stanislaus,2021-01-20,1005,24410,488,13750,517,10660,0,0,712,16536,292,4049,712,20585,California
Stanislaus,2021-01-21,3651,28061,2952,16702,699,11359,0,0,3332,19651,317,4366,3432,24017,California
Stanislaus,2021-01-22,1087,29148,308,17010,779,12138,0,0,1042,20656,41,4407,1046,25063,California
Stanislaus,2021-01-23,343,29491,43,17053,300,12438,0,0,285,20888,57,4464,289,25352,California
Stanislaus,2021-01-24,292,29783,100,17153,192,12630,0,0,226,21050,66,4530,228,25580,California
Stanislaus,2021-01-25,3152,32935,228,17381,2924,15554,0,0,2835,23745,281,4811,2976,28556,California
Stanislaus,2021-01-26,1724,34659,744,18125,980,16534,0,0,1299,24641,419,5230,1315,29871,California
Stanislaus,2021-01-27,1887,36546,1049,19174,838,17372,0,0,1183,25165,660,5890,1184,31055,California
Stanislaus,2021-01-28,2210,38756,1513,20687,697,18069,0,0,1724,26466,478,6368,1779,32834,California
Stanislaus,2021-01-29,2432,41188,1191,21878,1241,19310,0,0,1907,27940,480,6848,1954,34788,California
Stanislaus,2021-01-30,292,41480,131,22009,161,19471,0,0,229,28117,52,6900,229,35017,California
Stanislaus,2021-01-31,369,41849,315,22324,54,19525,0,0,353,28457,13,6913,353,35370,California
Stanislaus,2021-02-01,1266,43115,558,22882,708,20233,0,0,918,29038,337,7250,918,36288,California
Stanislaus,2021-02-02,1236,44351,375,23257,861,21094,0,0,780,29376,446,7696,784,37072,California
Stanislaus,2021-02-03,2574,46925,1195,24452,1379,22473,0,0,1898,30612,671,8367,1907,38979,California
Stanislaus,2021-02-04,2104,49029,726,25178,1378,23851,0,0,1585,31698,505,8872,1591,40570,California
Stanislaus,2021-02-05,2844,51873,1465,26643,1379,25230,0,0,1586,32095,1201,10073,1598,42168,California
Stanislaus,2021-02-06,885,52758,302,26945,583,25813,0,0,694,32601,189,10262,695,42863,California
Stanislaus,2021-02-07,230,52988,206,27151,24,25837,0,0,41,32455,188,10450,42,42905,California
Stanislaus,2021-02-08,2026,55014,1327,28478,699,26536,0,0,1102,32680,889,11339,1114,44019,California
Stanislaus,2021-02-09,1835,56849,780,29258,1055,27591,0,0,1044,32960,770,12109,1050,45069,California
Stanislaus,2021-02-10,1934,58783,533,29791,1401,28992,0,0,1012,33073,901,13010,1014,46083,California
Stanislaus,2021-02-11,5377,64160,3263,33054,2114,31106,0,0,1226,30347,3956,16966,1230,47313,California
Stanislaus,2021-02-12,3292,67452,913,33967,2379,33485,0,0,1450,30037,1765,18731,1455,48768,California
Stanislaus,2021-02-13,1351,68803,651,34618,700,34185,0,0,981,30657,365,19096,985,49753,California
Stanislaus,2021-02-14,421,69224,167,34785,254,34439,0,0,353,30944,66,19162,353,50106,California
Stanislaus,2021-02-15,1811,71035,230,35015,1581,36020,0,0,580,30406,1122,20284,584,50690,California
Stanislaus,2021-02-16,1357,72392,419,35434,938,36958,0,0,578,30217,769,21053,580,51270,California
Stanislaus,2021-02-17,2745,75137,1682,37116,1063,38021,0,0,1922,31328,819,21872,1930,53200,California
Stanislaus,2021-02-18,3356,78493,1898,39014,1458,39479,0,0,1795,31657,1481,23353,1810,55010,California
Stanislaus,2021-02-19,2750,81243,1059,40073,1691,41170,0,0,1525,32010,1185,24538,1538,56548,California
Stanislaus,2021-02-20,745,81988,378,40451,367,41537,0,0,482,32249,245,24783,484,57032,California
Stanislaus,2021-02-21,907,82895,692,41143,215,41752,0,0,553,32483,330,25113,564,57596,California
Stanislaus,2021-02-22,2340,85235,1690,42833,650,42402,0,0,1632,33434,682,25795,1633,59229,California
Stanislaus,2021-02-23,3691,88926,678,43511,3013,45415,0,0,1725,33349,1817,27612,1732,60961,California
Stanislaus,2021-02-24,4170,93096,2845,46356,1325,46740,0,0,3117,35434,1035,28647,3120,64081,California
Stanislaus,2021-02-25,3882,96978,2647,49003,1235,47975,0,0,3079,37732,784,29431,3082,67163,California
Stanislaus,2021-02-26,4183,101161,1214,50217,2969,50944,0,0,2828,39267,1303,30734,2838,70001,California
Stanislaus,2021-02-27,2088,103249,706,50923,1381,52325,1,1,1855,40919,205,30939,1857,71858,California
Stanislaus,2021-02-28,818,104067,262,51185,556,52881,0,1,770,41651,39,30978,771,72629,California
Stanislaus,2021-03-01,2760,106827,1623,52808,1136,54017,1,2,1624,42178,1107,32085,1634,74263,California
Stanislaus,2021-03-02,2379,109206,1413,54221,965,54982,1,3,1653,43115,717,32802,1654,75917,California
Stanislaus,2021-03-03,3707,112913,2227,56448,1478,56460,2,5,2904,45233,786,33588,2904,78821,California
Stanislaus,2021-03-04,5431,118344,3102,59550,2313,58773,16,21,4187,48216,1216,34804,4199,83020,California
Stanislaus,2021-03-05,4020,122364,1116,60666,2888,61661,16,37,3053,50344,941,35745,3069,86089,California
Stanislaus,2021-03-06,3571,125935,2223,62889,1255,62916,93,130,2720,52312,847,36592,2815,88904,California
Stanislaus,2021-03-07,847,126782,386,63275,425,63341,36,166,659,52825,182,36774,695,89599,California
Stanislaus,2021-03-08,1982,128764,854,64129,1039,64380,89,255,1322,53591,644,37418,1410,91009,California
Stanislaus,2021-03-09,2170,130934,894,65023,1184,65564,92,347,1628,54785,530,37948,1724,92733,California
Stanislaus,2021-03-10,5053,135987,2493,67516,2339,67903,221,568,3735,57454,1300,39248,3969,96702,California
Stanislaus,2021-03-11,5707,141694,3133,70649,2098,70001,476,1044,4125,60638,1421,40669,4605,101307,California
Stanislaus,2021-03-12,5760,147454,1226,71875,2613,72614,1921,2965,2913,62642,2825,43494,4829,106136,California
Stanislaus,2021-03-13,3379,150833,2179,74054,1132,73746,68,3033,2687,64718,684,44178,2760,108896,California
Stanislaus,2021-03-14,996,151829,595,74649,350,74096,51,3084,489,64757,504,44682,543,109439,California
Stanislaus,2021-03-15,3684,155513,1971,76620,1355,75451,358,3442,1603,64738,1986,46668,1967,111406,California
Stanislaus,2021-03-16,4900,160413,2439,79059,2050,77501,411,3853,3532,67332,1349,48017,3943,115349,California
Stanislaus,2021-03-17,4713,165126,2854,81913,1681,79182,178,4031,2881,68587,1810,49827,3065,118414,California
Stanislaus,2021-03-18,5410,170536,3414,85327,1930,81112,66,4097,2975,69345,2287,52114,3045,121459,California
Stanislaus,2021-03-19,5912,176448,1526,86853,2861,83973,1525,5622,3098,71181,2785,54899,4621,126080,California
Stanislaus,2021-03-20,3834,180282,3001,89854,765,84738,68,5690,3364,74151,463,55362,3433,129513,California
Stanislaus,2021-03-21,983,181265,883,90737,35,84773,65,5755,746,74727,235,55597,811,130324,California
Stanislaus,2021-03-22,2808,184073,1320,92057,764,85537,724,6479,1242,75146,1548,57145,1967,132291,California
Stanislaus,2021-03-23,3939,188012,2015,94072,1664,87201,260,6739,2812,77126,1111,58256,3091,135382,California
Stanislaus,2021-03-24,4538,192550,3213,97285,1257,88458,68,6807,2638,77979,1856,60112,2709,138091,California
Stanislaus,2021-03-25,4228,196778,2904,100189,1308,89766,16,6823,1811,77466,2340,62452,1827,139918,California
Stanislaus,2021-03-26,4714,201492,1333,101522,3306,93072,75,6898,2369,77613,2311,64763,2458,142376,California
Stanislaus,2021-03-27,4341,205833,2715,104237,1580,94652,46,6944,1378,76098,2947,67710,1432,143808,California
Stanislaus,2021-03-28,1102,206935,439,104676,557,95209,106,7050,320,75759,770,68480,431,144239,California
Stanislaus,2021-03-29,2970,209905,1821,106497,1110,96319,39,7089,1982,76808,978,69458,2027,146266,California
Stanislaus,2021-03-30,3662,213567,2051,108548,1584,97903,27,7116,2232,77651,1422,70880,2265,148531,California
Stanislaus,2021-03-31,5397,218964,3827,112375,1452,99355,118,7234,2768,77928,2612,73492,2889,151420,California
Stanislaus,2021-04-01,5721,224685,3826,116201,1805,101160,90,7324,2625,77573,3080,76572,2725,154145,California
Stanislaus,2021-04-02,4987,229672,1210,117411,3625,104785,152,7476,2239,77312,2663,79235,2402,156547,California
Stanislaus,2021-04-03,4541,234213,3299,120710,1205,105990,37,7513,2240,77309,2292,81527,2289,158836,California
Stanislaus,2021-04-04,1319,235532,472,121182,817,106807,30,7543,650,77332,663,82190,686,159522,California
Stanislaus,2021-04-05,3628,239160,2527,123709,851,107658,250,7793,2353,78673,1266,83456,2607,162129,California
Stanislaus,2021-04-06,5733,244893,4157,127866,1303,108961,273,8066,3081,79394,2639,86095,3360,165489,California
Stanislaus,2021-04-07,6340,251233,3596,131462,2325,111286,419,8485,2828,79151,3496,89591,3253,168742,California
Stanislaus,2021-04-08,5670,256903,3320,134782,1919,113205,431,8916,2766,79468,2885,92476,3202,171944,California
Stanislaus,2021-04-09,4810,261713,2103,136885,2337,115542,370,9286,2183,79428,2605,95081,2565,174509,California
Stanislaus,2021-04-10,6480,268193,3982,140867,859,116401,1639,10925,1998,78599,4459,99540,3630,178139,California
Stanislaus,2021-04-11,1522,269715,850,141717,539,116940,133,11058,666,78545,854,100394,800,178939,California
Stanislaus,2021-04-12,3587,273302,2042,143759,1100,118040,445,11503,1875,79174,1698,102092,2327,181266,California
Stanislaus,2021-04-13,5189,278491,3416,147175,1760,119800,13,11516,2921,79870,2231,104323,2927,184193,California
Stanislaus,2021-04-14,4644,283135,3250,150425,1393,121193,1,11517,2258,79778,2355,106678,2263,186456,California
Stanislaus,2021-04-15,5373,288508,3309,153734,2062,123255,2,11519,3233,80910,2105,108783,3237,189693,California
Stanislaus,2021-04-16,4284,292792,986,154720,3297,126552,1,11520,1814,80297,2430,111213,1817,191510,California
Stanislaus,2021-04-17,3136,295928,2102,156822,1034,127586,0,11520,1834,80842,1293,112506,1838,193348,California
Stanislaus,2021-04-18,528,296456,215,157037,313,127899,0,11520,405,81132,117,112623,407,193755,California
Stanislaus,2021-04-19,3447,299903,2444,159481,1002,128901,1,11521,1635,80995,1781,114404,1644,195399,California
Stanislaus,2021-04-20,3972,303875,2413,161894,1559,130460,0,11521,1744,80541,2200,116604,1746,197145,California
Stanislaus,2021-04-21,3812,307687,2550,164444,1261,131721,1,11522,1605,79981,2172,118776,1612,198757,California
Stanislaus,2021-04-22,3938,311625,2397,166841,1541,133262,0,11522,1574,79241,2320,121096,1580,200337,California
Stanislaus,2021-04-23,3590,315215,844,167685,2745,136007,1,11523,1475,78701,2023,123119,1483,201820,California
Stanislaus,2021-04-24,3729,318944,2926,170611,803,136810,0,11523,1739,78472,1975,125094,1746,203566,California
Stanislaus,2021-04-25,932,319876,476,171087,456,137266,0,11523,683,78916,244,125338,688,204254,California
Stanislaus,2021-04-26,3233,323109,2277,173364,950,138216,6,11529,957,77628,2259,127597,971,205225,California
Stanislaus,2021-04-27,3890,326999,2711,176075,1137,139353,42,11571,1090,75980,2781,130378,1133,206358,California
Stanislaus,2021-04-28,4126,331125,2905,178980,1159,140512,62,11633,1805,75555,2304,132682,1879,208237,California
Stanislaus,2021-04-29,3587,334712,2243,181223,1296,141808,48,11681,1409,74858,2163,134845,1466,209703,California
Stanislaus,2021-04-30,4485,339197,2046,183269,2355,144163,84,11765,1777,74029,2698,137543,1869,211572,California
Stanislaus,2021-05-01,2699,341896,1920,185189,739,144902,40,11805,1008,73403,1682,139225,1056,212628,California
Stanislaus,2021-05-02,1069,342965,610,185799,423,145325,36,11841,516,73413,547,139772,557,213185,California
Stanislaus,2021-05-03,2384,345349,1900,187699,414,145739,70,11911,896,72915,1475,141247,977,214162,California
Stanislaus,2021-05-04,3422,348771,2434,190133,900,146639,88,11999,1028,71654,2385,143632,1124,215286,California
Stanislaus,2021-05-05,3141,351912,2114,192247,953,147592,74,12073,1057,70723,2066,145698,1135,216421,California
Stanislaus,2021-05-06,3081,354993,2292,194539,683,148275,106,12179,1012,69793,2054,147752,1124,217545,California
Stanislaus,2021-05-07,2271,357264,880,195419,1249,149524,142,12321,936,69545,1327,149079,1079,218624,California
Stanislaus,2021-05-08,1953,359217,1335,196754,585,150109,33,12354,710,69065,1230,150309,750,219374,California
Stanislaus,2021-05-09,703,359920,335,197089,341,150450,27,12381,305,69000,397,150706,332,219706,California
Stanislaus,2021-05-10,1654,361574,1133,198222,443,150893,78,12459,446,68327,1198,151904,525,220231,California
Stanislaus,2021-05-11,2324,363898,1466,199688,703,151596,155,12614,653,67476,1663,153567,812,221043,California
Stanislaus,2021-05-12,2049,365947,1213,200901,741,152337,95,12709,795,67126,1242,154809,892,221935,California
Stanislaus,2021-05-13,1791,367738,996,201897,681,153018,114,12823,807,67072,978,155787,924,222859,California
Stanislaus,2021-05-14,2215,369953,866,202763,1222,154240,127,12950,916,66829,1287,157074,1044,223903,California
Stanislaus,2021-05-15,1599,371552,1192,203955,366,154606,41,12991,669,66614,928,158002,713,224616,California
Stanislaus,2021-05-16,18,371570,14,203969,4,154610,0,12991,8,66612,10,158012,8,224624,California
Sutter,2020-12-15,1,1,1,1,0,0,0,0,1,1,0,0,1,1,California
Sutter,2020-12-16,4,5,4,5,0,0,0,0,4,5,0,0,4,5,California
Sutter,2020-12-17,2,7,2,7,0,0,0,0,2,7,0,0,2,7,California
Sutter,2020-12-18,20,27,20,27,0,0,0,0,20,27,0,0,20,27,California
Sutter,2020-12-19,44,71,44,71,0,0,0,0,44,71,0,0,44,71,California
Sutter,2020-12-20,42,113,42,113,0,0,0,0,42,113,0,0,42,113,California
Sutter,2020-12-21,100,213,100,213,0,0,0,0,100,213,0,0,100,213,California
Sutter,2020-12-22,172,385,172,385,0,0,0,0,172,385,0,0,172,385,California
Sutter,2020-12-23,116,501,111,496,5,5,0,0,116,501,0,0,116,501,California
Sutter,2020-12-24,17,518,11,507,6,11,0,0,17,518,0,0,17,518,California
Sutter,2020-12-26,38,556,34,541,4,15,0,0,38,556,0,0,38,556,California
Sutter,2020-12-27,24,580,23,564,1,16,0,0,24,580,0,0,24,580,California
Sutter,2020-12-28,83,663,55,619,28,44,0,0,83,663,0,0,83,663,California
Sutter,2020-12-29,101,764,14,633,87,131,0,0,101,764,0,0,101,764,California
Sutter,2020-12-30,137,901,34,667,103,234,0,0,137,901,0,0,137,901,California
Sutter,2020-12-31,70,971,6,673,64,298,0,0,70,971,0,0,70,971,California
Sutter,2021-01-01,3,974,3,676,0,298,0,0,3,974,0,0,3,974,California
Sutter,2021-01-02,131,1105,129,805,2,300,0,0,131,1105,0,0,131,1105,California
Sutter,2021-01-03,1,1106,0,805,1,301,0,0,1,1106,0,0,1,1106,California
Sutter,2021-01-04,247,1353,139,944,108,409,0,0,247,1353,0,0,247,1353,California
Sutter,2021-01-05,100,1453,57,1001,43,452,0,0,98,1449,2,2,98,1451,California
Sutter,2021-01-06,204,1657,50,1051,154,606,0,0,199,1643,5,7,199,1650,California
Sutter,2021-01-07,251,1908,151,1202,100,706,0,0,242,1877,8,15,242,1892,California
Sutter,2021-01-08,147,2055,40,1242,107,813,0,0,130,1990,17,32,130,2022,California
Sutter,2021-01-09,46,2101,43,1285,3,816,0,0,5,1954,41,73,5,2027,California
Sutter,2021-01-10,397,2498,37,1322,360,1176,0,0,359,2276,37,110,359,2386,California
Sutter,2021-01-11,132,2630,114,1436,18,1194,0,0,26,2196,106,216,26,2412,California
Sutter,2021-01-12,201,2831,164,1600,37,1231,0,0,58,2111,143,359,58,2470,California
Sutter,2021-01-13,161,2992,98,1698,63,1294,0,0,71,2093,89,448,71,2541,California
Sutter,2021-01-14,145,3137,49,1747,96,1390,0,0,126,2200,19,467,126,2667,California
Sutter,2021-01-15,436,3573,132,1879,304,1694,0,0,421,2606,15,482,421,3088,California
Sutter,2021-01-16,384,3957,41,1920,343,2037,0,0,353,2929,30,512,353,3441,California
Sutter,2021-01-17,26,3983,24,1944,2,2039,0,0,10,2923,16,528,10,3451,California
Sutter,2021-01-18,117,4100,62,2006,55,2094,0,0,70,2946,47,575,70,3521,California
Sutter,2021-01-19,104,4204,43,2049,61,2155,0,0,79,3000,25,600,79,3600,California
Sutter,2021-01-20,254,4458,190,2239,64,2219,0,0,234,3214,20,620,234,3834,California
Sutter,2021-01-21,472,4930,303,2542,169,2388,0,0,453,3648,19,639,453,4287,California
Sutter,2021-01-22,269,5199,81,2623,188,2576,0,0,260,3899,9,648,260,4547,California
Sutter,2021-01-23,396,5595,39,2662,357,2933,0,0,370,4243,26,674,370,4917,California
Sutter,2021-01-24,17,5612,14,2676,3,2936,0,0,15,4256,2,676,15,4932,California
Sutter,2021-01-25,307,5919,197,2873,110,3046,0,0,152,4254,154,830,152,5084,California
Sutter,2021-01-26,248,6167,108,2981,140,3186,0,0,144,4295,103,933,144,5228,California
Sutter,2021-01-27,386,6553,255,3236,131,3317,0,0,320,4549,66,999,320,5548,California
Sutter,2021-01-28,524,7077,301,3537,223,3540,0,0,394,4814,129,1128,394,5942,California
Sutter,2021-01-29,419,7496,146,3683,273,3813,0,0,254,4903,165,1293,254,6196,California
Sutter,2021-01-30,775,8271,38,3721,737,4550,0,0,764,5656,11,1304,764,6960,California
Sutter,2021-01-31,27,8298,27,3748,0,4550,0,0,27,5683,0,1304,27,6987,California
Sutter,2021-02-01,165,8463,49,3797,116,4666,0,0,134,5786,31,1335,134,7121,California
Sutter,2021-02-02,244,8707,27,3824,217,4883,0,0,212,5966,32,1367,212,7333,California
Sutter,2021-02-03,443,9150,38,3862,405,5288,0,0,210,5943,233,1600,210,7543,California
Sutter,2021-02-04,670,9820,366,4228,304,5592,0,0,620,6513,50,1650,620,8163,California
Sutter,2021-02-05,286,10106,33,4261,253,5845,0,0,137,6501,149,1799,137,8300,California
Sutter,2021-02-06,735,10841,29,4290,706,6551,0,0,713,7192,22,1821,713,9013,California
Sutter,2021-02-07,23,10864,20,4310,3,6554,0,0,19,7207,4,1825,19,9032,California
Sutter,2021-02-08,134,10998,29,4339,105,6659,0,0,98,7269,36,1861,98,9130,California
Sutter,2021-02-09,244,11242,45,4384,199,6858,0,0,183,7391,61,1922,183,9313,California
Sutter,2021-02-10,818,12060,379,4763,439,7297,0,0,177,6928,640,2562,177,9490,California
Sutter,2021-02-11,603,12663,275,5038,328,7625,0,0,345,7015,258,2820,345,9835,California
Sutter,2021-02-12,633,13296,67,5105,566,8191,0,0,310,7003,322,3142,310,10145,California
Sutter,2021-02-13,897,14193,49,5154,848,9039,0,0,780,7666,117,3259,780,10925,California
Sutter,2021-02-14,90,14283,25,5179,65,9104,0,0,79,7734,11,3270,79,11004,California
Sutter,2021-02-15,198,14481,73,5252,125,9229,0,0,119,7774,79,3349,119,11123,California
Sutter,2021-02-16,289,14770,45,5297,244,9473,0,0,205,7896,83,3432,205,11328,California
Sutter,2021-02-17,822,15592,428,5725,394,9867,0,0,129,7332,693,4125,129,11457,California
Sutter,2021-02-18,700,16292,55,5780,645,10512,0,0,489,7611,210,4335,489,11946,California
Sutter,2021-02-19,664,16956,378,6158,286,10798,0,0,461,7871,201,4536,461,12407,California
Sutter,2021-02-20,622,17578,55,6213,567,11365,0,0,519,8288,102,4638,519,12926,California
Sutter,2021-02-21,29,17607,26,6239,3,11368,0,0,6,8271,23,4661,6,12932,California
Sutter,2021-02-22,207,17814,122,6361,85,11453,0,0,87,8238,120,4781,87,13019,California
Sutter,2021-02-23,223,18037,33,6394,190,11643,0,0,97,8209,126,4907,97,13116,California
Sutter,2021-02-24,960,18997,349,6743,611,12254,0,0,190,7630,769,5676,190,13306,California
Sutter,2021-02-25,786,19783,499,7242,287,12541,0,0,605,8057,178,5854,605,13911,California
Sutter,2021-02-26,370,20153,59,7301,311,12852,0,0,154,7997,214,6068,154,14065,California
Sutter,2021-02-27,865,21018,44,7345,821,13673,0,0,710,8550,157,6225,710,14775,California
Sutter,2021-02-28,83,21101,38,7383,45,13718,0,0,64,8596,18,6243,64,14839,California
Sutter,2021-03-01,247,21348,61,7444,186,13904,0,0,150,8649,97,6340,150,14989,California
Sutter,2021-03-02,334,21682,57,7501,277,14181,0,0,160,8636,173,6513,160,15149,California
Sutter,2021-03-03,1383,23065,513,8014,870,15051,0,0,645,8549,732,7245,645,15794,California
Sutter,2021-03-04,1256,24321,867,8881,389,15440,0,0,950,9197,302,7547,950,16744,California
Sutter,2021-03-05,337,24658,77,8958,259,15699,1,1,204,9270,132,7679,205,16949,California
Sutter,2021-03-06,1022,25680,46,9004,971,16670,5,6,860,9973,162,7841,865,17814,California
Sutter,2021-03-07,64,25744,23,9027,40,16710,1,7,44,9998,20,7861,45,17859,California
Sutter,2021-03-08,226,25970,79,9106,135,16845,12,19,158,10100,68,7929,170,18029,California
Sutter,2021-03-09,385,26355,136,9242,236,17081,13,32,183,10094,202,8131,196,18225,California
Sutter,2021-03-10,1570,27925,683,9925,826,17907,61,93,527,9642,1040,9171,588,18813,California
Sutter,2021-03-11,895,28820,442,10367,434,18341,19,112,648,10065,244,9415,667,19480,California
Sutter,2021-03-12,673,29493,110,10477,381,18722,182,294,199,9973,471,9886,379,19859,California
Sutter,2021-03-13,981,30474,747,11224,217,18939,17,311,778,10567,201,10087,795,20654,California
Sutter,2021-03-14,128,30602,21,11245,96,19035,11,322,43,10536,85,10172,54,20708,California
Sutter,2021-03-15,318,30920,66,11311,203,19238,49,371,151,10570,166,10338,200,20908,California
Sutter,2021-03-16,388,31308,86,11397,255,19493,47,418,210,10648,178,10516,256,21164,California
Sutter,2021-03-17,1498,32806,564,11961,914,20407,20,438,312,9801,1178,11694,331,21495,California
Sutter,2021-03-18,968,33774,180,12141,587,20994,201,639,569,10172,398,12092,769,22264,California
Sutter,2021-03-19,463,34237,165,12306,269,21263,29,668,284,10308,177,12269,313,22577,California
Sutter,2021-03-20,949,35186,116,12422,822,22085,11,679,861,11092,88,12357,872,23449,California
Sutter,2021-03-21,67,35253,47,12469,17,22102,3,682,37,11102,30,12387,40,23489,California
Sutter,2021-03-22,287,35540,120,12589,141,22243,26,708,212,11266,74,12461,238,23727,California
Sutter,2021-03-23,377,35917,116,12705,229,22472,32,740,255,11431,122,12583,287,24014,California
Sutter,2021-03-24,1684,37601,774,13479,840,23312,70,810,318,10467,1352,13935,388,24402,California
Sutter,2021-03-25,1039,38640,680,14159,318,23630,41,851,370,10211,667,14602,411,24813,California
Sutter,2021-03-26,485,39125,173,14332,295,23925,17,868,293,10332,189,14791,310,25123,California
Sutter,2021-03-27,931,40056,63,14395,866,24791,2,870,823,11052,105,14896,825,25948,California
Sutter,2021-03-28,125,40181,71,14466,54,24845,0,870,78,11085,45,14941,78,26026,California
Sutter,2021-03-29,427,40608,144,14610,228,25073,55,925,226,11167,199,15140,281,26307,California
Sutter,2021-03-30,478,41086,160,14770,308,25381,10,935,318,11335,160,15300,328,26635,California
Sutter,2021-03-31,1249,42335,176,14946,1057,26438,16,951,448,11007,791,16091,463,27098,California
Sutter,2021-04-01,1379,43714,734,15680,458,26896,187,1138,424,10670,948,17039,611,27709,California
Sutter,2021-04-02,513,44227,100,15780,295,27191,118,1256,201,10675,311,17350,316,28025,California
Sutter,2021-04-03,910,45137,77,15857,210,27401,623,1879,121,10632,787,18137,744,28769,California
Sutter,2021-04-04,118,45255,22,15879,90,27491,6,1885,55,10630,63,18200,61,28830,California
Sutter,2021-04-05,368,45623,146,16025,186,27677,36,1921,177,10655,188,18388,213,29043,California
Sutter,2021-04-06,508,46131,197,16222,255,27932,56,1977,272,10748,235,18623,328,29371,California
Sutter,2021-04-07,1462,47593,865,17087,522,28454,75,2052,600,10567,856,19479,675,30046,California
Sutter,2021-04-08,1036,48629,576,17663,351,28805,109,2161,570,10783,461,19940,677,30723,California
Sutter,2021-04-09,560,49189,247,17910,249,29054,64,2225,234,10757,324,20264,298,31021,California
Sutter,2021-04-10,818,50007,106,18016,87,29141,625,2850,106,10770,710,20974,723,31744,California
Sutter,2021-04-11,110,50117,28,18044,40,29181,42,2892,32,10766,78,21052,74,31818,California
Sutter,2021-04-12,336,50453,91,18135,191,29372,54,2946,136,10756,200,21252,190,32008,California
Sutter,2021-04-13,429,50882,127,18262,302,29674,0,2946,214,10757,213,21465,214,32222,California
Sutter,2021-04-14,1292,52174,161,18423,1130,30804,1,2947,213,9898,1073,22538,214,32436,California
Sutter,2021-04-15,535,52709,175,18598,360,31164,0,2947,213,9791,320,22858,213,32649,California
Sutter,2021-04-16,393,53102,123,18721,270,31434,0,2947,180,9759,212,23070,180,32829,California
Sutter,2021-04-17,577,53679,84,18805,493,31927,0,2947,506,10195,70,23140,506,33335,California
Sutter,2021-04-18,69,53748,10,18815,59,31986,0,2947,42,10211,26,23166,42,33377,California
Sutter,2021-04-19,288,54036,110,18925,178,32164,0,2947,120,10165,166,23332,120,33497,California
Sutter,2021-04-20,395,54431,136,19061,258,32422,1,2948,201,10173,193,23525,201,33698,California
Sutter,2021-04-21,1234,55665,421,19482,813,33235,0,2948,476,9900,749,24274,476,34174,California
Sutter,2021-04-22,480,56145,167,19649,313,33548,0,2948,247,9916,231,24505,247,34421,California
Sutter,2021-04-23,397,56542,115,19764,282,33830,0,2948,186,9892,210,24715,186,34607,California
Sutter,2021-04-24,326,56868,106,19870,219,34049,1,2949,185,9938,140,24855,186,34793,California
Sutter,2021-04-25,157,57025,75,19945,82,34131,0,2949,86,9956,68,24923,86,34879,California
Sutter,2021-04-26,287,57312,88,20033,197,34328,2,2951,123,9919,162,25085,125,35004,California
Sutter,2021-04-27,526,57838,265,20298,257,34585,4,2955,242,9884,281,25366,246,35250,California
Sutter,2021-04-28,816,58654,340,20638,468,35053,8,2963,260,9601,551,25917,268,35518,California
Sutter,2021-04-29,775,59429,136,20774,638,35691,1,2964,310,9450,462,26379,311,35829,California
Sutter,2021-04-30,356,59785,108,20882,235,35926,13,2977,145,9399,208,26587,157,35986,California
Sutter,2021-05-01,294,60079,105,20987,148,36074,41,3018,124,9397,167,26754,165,36151,California
Sutter,2021-05-02,79,60158,52,21039,25,36099,2,3020,45,9410,34,26788,47,36198,California
Sutter,2021-05-03,169,60327,107,21146,53,36152,9,3029,69,9388,100,26888,78,36276,California
Sutter,2021-05-04,522,60849,236,21382,222,36374,64,3093,221,9374,298,27186,284,36560,California
Sutter,2021-05-05,534,61383,141,21523,385,36759,8,3101,159,9173,368,27554,167,36727,California
Sutter,2021-05-06,424,61807,231,21754,173,36932,20,3121,192,9153,232,27786,212,36939,California
Sutter,2021-05-07,405,62212,145,21899,238,37170,22,3143,152,9075,252,28038,174,37113,California
Sutter,2021-05-08,196,62408,49,21948,141,37311,6,3149,106,9097,90,28128,112,37225,California
Sutter,2021-05-09,81,62489,52,22000,24,37335,5,3154,56,9133,25,28153,61,37286,California
Sutter,2021-05-10,188,62677,42,22042,129,37464,17,3171,47,9058,139,28292,64,37350,California
Sutter,2021-05-11,429,63106,212,22254,200,37664,17,3188,178,9005,247,28539,194,37544,California
Sutter,2021-05-12,393,63499,207,22461,176,37840,10,3198,131,8888,258,28797,141,37685,California
Sutter,2021-05-13,411,63910,223,22684,166,38006,22,3220,163,8827,246,29043,185,37870,California
Sutter,2021-05-14,368,64278,120,22804,233,38239,15,3235,155,8786,211,29254,170,38040,California
Sutter,2021-05-15,636,64914,159,22963,448,38687,29,3264,186,8553,448,29702,215,38255,California
Sutter,2021-05-16,29,64943,7,22970,19,38706,3,3267,13,8553,16,29718,16,38271,California
Tehama,2020-12-15,1,1,1,1,0,0,0,0,1,1,0,0,1,1,California
Tehama,2020-12-16,2,3,2,3,0,0,0,0,2,3,0,0,2,3,California
Tehama,2020-12-17,12,15,12,15,0,0,0,0,12,15,0,0,12,15,California
Tehama,2020-12-18,2,17,2,17,0,0,0,0,3,18,0,0,3,18,California
Tehama,2020-12-21,33,50,33,50,0,0,0,0,33,51,0,0,33,51,California
Tehama,2020-12-22,68,118,62,112,6,6,0,0,68,119,0,0,68,119,California
Tehama,2020-12-23,48,166,40,152,8,14,0,0,48,167,0,0,48,167,California
Tehama,2020-12-24,5,171,3,155,2,16,0,0,5,172,0,0,5,172,California
Tehama,2020-12-26,3,174,2,157,1,17,0,0,3,175,0,0,3,175,California
Tehama,2020-12-27,2,176,2,159,0,17,0,0,2,177,0,0,2,177,California
Tehama,2020-12-28,56,232,43,202,13,30,0,0,56,233,0,0,56,233,California
Tehama,2020-12-29,31,263,31,233,0,30,0,0,31,264,0,0,31,264,California
Tehama,2020-12-30,54,317,38,271,16,46,0,0,53,317,0,0,53,317,California
Tehama,2020-12-31,14,331,4,275,10,56,0,0,14,331,0,0,14,331,California
Tehama,2021-01-01,2,333,0,275,2,58,0,0,2,333,0,0,2,333,California
Tehama,2021-01-04,32,365,9,284,23,81,0,0,32,365,0,0,32,365,California
Tehama,2021-01-05,70,435,43,327,27,108,0,0,67,429,3,3,67,432,California
Tehama,2021-01-06,71,506,21,348,50,158,0,0,62,483,8,11,62,494,California
Tehama,2021-01-07,57,563,7,355,50,208,0,0,56,538,1,12,56,550,California
Tehama,2021-01-08,33,596,24,379,9,217,0,0,28,561,5,17,28,578,California
Tehama,2021-01-09,7,603,5,384,2,219,0,0,5,564,2,19,5,583,California
Tehama,2021-01-10,1,604,0,384,1,220,0,0,1,565,0,19,1,584,California
Tehama,2021-01-11,48,652,46,430,2,222,0,0,15,547,33,52,15,599,California
Tehama,2021-01-12,116,768,96,526,20,242,0,0,71,573,45,97,71,670,California
Tehama,2021-01-13,73,841,55,581,18,260,0,0,27,554,46,143,27,697,California
Tehama,2021-01-14,225,1066,51,632,174,434,0,0,223,775,2,145,223,920,California
Tehama,2021-01-15,247,1313,74,706,173,607,0,0,243,1014,4,149,243,1163,California
Tehama,2021-01-16,272,1585,27,733,245,852,0,0,269,1280,3,152,269,1432,California
Tehama,2021-01-17,13,1598,9,742,4,856,0,0,11,1289,2,154,11,1443,California
Tehama,2021-01-18,10,1608,6,748,4,860,0,0,5,1289,5,159,5,1448,California
Tehama,2021-01-19,288,1896,62,810,226,1086,0,0,233,1467,55,214,233,1681,California
Tehama,2021-01-20,301,2197,87,897,214,1300,0,0,251,1669,49,263,251,1932,California
Tehama,2021-01-21,214,2411,11,908,203,1503,0,0,204,1863,10,273,204,2136,California
Tehama,2021-01-22,223,2634,21,929,202,1705,0,0,220,2080,3,276,220,2356,California
Tehama,2021-01-23,261,2895,10,939,251,1956,0,0,260,2339,1,277,260,2616,California
Tehama,2021-01-24,1,2896,1,940,0,1956,0,0,1,2340,0,277,1,2617,California
Tehama,2021-01-25,32,2928,14,954,18,1974,0,0,14,2336,18,295,14,2631,California
Tehama,2021-01-26,323,3251,42,996,281,2255,0,0,286,2585,37,332,286,2917,California
Tehama,2021-01-27,299,3550,21,1017,278,2533,0,0,279,2844,20,352,279,3196,California
Tehama,2021-01-28,340,3890,29,1046,311,2844,0,0,325,3154,15,367,325,3521,California
Tehama,2021-01-29,321,4211,19,1065,302,3146,0,0,304,3441,17,384,304,3825,California
Tehama,2021-01-30,103,4314,2,1067,101,3247,0,0,102,3542,1,385,102,3927,California
Tehama,2021-01-31,1,4315,0,1067,1,3248,0,0,1,3543,0,385,1,3928,California
Tehama,2021-02-01,78,4393,22,1089,56,3304,0,0,36,3537,42,427,36,3964,California
Tehama,2021-02-02,347,4740,63,1152,284,3588,0,0,250,3693,94,521,250,4214,California
Tehama,2021-02-03,387,5127,12,1164,375,3963,0,0,343,3992,44,565,343,4557,California
Tehama,2021-02-04,477,5604,99,1263,378,4341,0,0,396,4308,81,646,397,4954,California
Tehama,2021-02-05,174,5778,73,1336,101,4442,0,0,112,4358,62,708,112,5066,California
Tehama,2021-02-06,28,5806,13,1349,15,4457,0,0,16,4362,12,720,16,5082,California
Tehama,2021-02-07,5,5811,4,1353,1,4458,0,0,2,4361,3,723,2,5084,California
Tehama,2021-02-08,36,5847,14,1367,22,4480,0,0,27,4379,9,732,27,5111,California
Tehama,2021-02-09,78,5925,34,1401,44,4524,0,0,44,4389,34,766,44,5155,California
Tehama,2021-02-10,233,6158,62,1463,171,4695,0,0,157,4470,76,842,157,5312,California
Tehama,2021-02-11,221,6379,16,1479,205,4900,0,0,82,4415,137,979,82,5394,California
Tehama,2021-02-12,364,6743,65,1544,299,5199,0,0,174,4399,190,1169,174,5568,California
Tehama,2021-02-13,386,7129,13,1557,373,5572,0,0,147,4307,239,1408,147,5715,California
Tehama,2021-02-14,34,7163,1,1558,33,5605,0,0,32,4337,2,1410,32,5747,California
Tehama,2021-02-15,51,7214,9,1567,42,5647,0,0,45,4376,6,1416,45,5792,California
Tehama,2021-02-16,242,7456,16,1583,226,5873,0,0,60,4254,182,1598,60,5852,California
Tehama,2021-02-17,280,7736,12,1595,268,6141,0,0,54,4082,226,1824,54,5906,California
Tehama,2021-02-18,368,8104,32,1627,336,6477,0,0,144,4002,224,2048,144,6050,California
Tehama,2021-02-19,213,8317,18,1645,195,6672,0,0,42,3873,171,2219,42,6092,California
Tehama,2021-02-20,271,8588,6,1651,265,6937,0,0,26,3654,245,2464,26,6118,California
Tehama,2021-02-21,1,8589,1,1652,0,6937,0,0,1,3655,0,2464,1,6119,California
Tehama,2021-02-22,39,8628,15,1667,24,6961,0,0,26,3668,13,2477,26,6145,California
Tehama,2021-02-23,46,8674,19,1686,27,6988,0,0,26,3674,20,2497,26,6171,California
Tehama,2021-02-24,299,8973,13,1699,286,7274,0,0,26,3427,273,2770,26,6197,California
Tehama,2021-02-25,378,9351,62,1761,316,7590,0,0,39,3128,338,3108,39,6236,California
Tehama,2021-02-26,455,9806,19,1780,436,8026,0,0,70,2813,385,3493,70,6306,California
Tehama,2021-02-27,294,10100,5,1785,289,8315,0,0,34,2587,260,3753,34,6340,California
Tehama,2021-02-28,23,10123,2,1787,21,8336,0,0,20,2604,3,3756,20,6360,California
Tehama,2021-03-01,67,10190,8,1795,59,8395,0,0,33,2603,34,3790,33,6393,California
Tehama,2021-03-02,131,10321,18,1813,113,8508,0,0,30,2532,101,3891,30,6423,California
Tehama,2021-03-03,146,10467,33,1846,113,8621,0,0,47,2480,99,3990,47,6470,California
Tehama,2021-03-04,621,11088,36,1882,585,9206,0,0,222,2310,392,4382,222,6692,California
Tehama,2021-03-05,396,11484,18,1900,378,9584,0,0,214,2343,181,4563,214,6906,California
Tehama,2021-03-06,299,11783,17,1917,282,9866,0,0,81,2208,217,4780,82,6988,California
Tehama,2021-03-07,5,11788,1,1918,4,9870,0,0,3,2210,1,4781,3,6991,California
Tehama,2021-03-08,58,11846,12,1930,31,9901,15,15,27,2222,30,4811,42,7033,California
Tehama,2021-03-09,364,12210,8,1938,337,10238,19,34,309,2495,55,4866,328,7361,California
Tehama,2021-03-10,352,12562,13,1951,318,10556,21,55,69,2303,282,5148,90,7451,California
Tehama,2021-03-11,486,13048,17,1968,423,10979,46,101,343,2549,143,5291,389,7840,California
Tehama,2021-03-12,304,13352,19,1987,220,11199,65,166,179,2668,125,5416,244,8084,California
Tehama,2021-03-13,45,13397,8,1995,31,11230,6,172,6,2641,39,5455,12,8096,California
Tehama,2021-03-14,51,13448,3,1998,37,11267,11,183,9,2619,42,5497,20,8116,California
Tehama,2021-03-15,151,13599,21,2019,110,11377,20,203,82,2652,69,5566,102,8218,California
Tehama,2021-03-16,418,14017,14,2033,366,11743,38,241,315,2903,102,5668,353,8571,California
Tehama,2021-03-17,416,14433,22,2055,362,12105,32,273,333,3187,81,5749,365,8936,California
Tehama,2021-03-18,489,14922,26,2081,439,12544,24,297,310,3344,177,5926,334,9270,California
Tehama,2021-03-19,317,15239,23,2104,281,12825,13,310,275,3590,42,5968,288,9558,California
Tehama,2021-03-20,40,15279,8,2112,30,12855,2,312,28,3608,12,5980,30,9588,California
Tehama,2021-03-21,12,15291,5,2117,7,12862,0,312,12,3620,0,5980,12,9600,California
Tehama,2021-03-22,90,15381,7,2124,66,12928,17,329,49,3645,41,6021,66,9666,California
Tehama,2021-03-23,87,15468,26,2150,54,12982,7,336,68,3701,19,6040,75,9741,California
Tehama,2021-03-24,86,15554,16,2166,68,13050,2,338,55,3727,31,6071,57,9798,California
Tehama,2021-03-25,516,16070,352,2518,151,13201,13,351,466,4157,49,6120,479,10277,California
Tehama,2021-03-26,506,16576,398,2916,96,13297,12,363,431,4526,74,6194,443,10720,California
Tehama,2021-03-27,452,17028,360,3276,67,13364,25,388,385,4870,66,6260,410,11130,California
Tehama,2021-03-28,34,17062,13,3289,21,13385,0,388,22,4880,12,6272,22,11152,California
Tehama,2021-03-29,123,17185,31,3320,91,13476,1,389,77,4911,46,6318,77,11229,California
Tehama,2021-03-30,372,17557,222,3542,148,13624,2,391,254,5049,118,6436,256,11485,California
Tehama,2021-03-31,397,17954,296,3838,98,13722,3,394,325,5305,71,6507,327,11812,California
Tehama,2021-04-01,528,18482,248,4086,274,13996,6,400,395,5573,133,6640,401,12213,California
Tehama,2021-04-02,452,18934,213,4299,233,14229,6,406,268,5662,184,6824,273,12486,California
Tehama,2021-04-03,60,18994,3,4302,52,14281,5,411,30,5667,30,6854,35,12521,California
Tehama,2021-04-04,34,19028,6,4308,27,14308,1,412,22,5678,12,6866,23,12544,California
Tehama,2021-04-05,115,19143,21,4329,68,14376,26,438,60,5709,55,6921,86,12630,California
Tehama,2021-04-06,493,19636,110,4439,332,14708,51,489,141,5549,352,7273,192,12822,California
Tehama,2021-04-07,416,20052,282,4721,90,14798,44,533,303,5783,112,7385,346,13168,California
Tehama,2021-04-08,600,20652,174,4895,388,15186,38,571,229,5680,370,7755,267,13435,California
Tehama,2021-04-09,430,21082,193,5088,204,15390,33,604,215,5714,214,7969,248,13683,California
Tehama,2021-04-10,72,21154,9,5097,37,15427,26,630,39,5746,33,8002,65,13748,California
Tehama,2021-04-11,33,21187,7,5104,15,15442,11,641,8,5740,25,8027,19,13767,California
Tehama,2021-04-12,112,21299,6,5110,87,15529,19,660,42,5731,70,8097,61,13828,California
Tehama,2021-04-13,386,21685,63,5173,323,15852,0,660,67,5479,319,8416,67,13895,California
Tehama,2021-04-14,405,22090,52,5225,353,16205,0,660,53,5182,350,8766,53,13948,California
Tehama,2021-04-15,496,22586,192,5417,304,16509,0,660,85,4856,411,9177,85,14033,California
Tehama,2021-04-16,587,23173,336,5753,251,16760,0,660,76,4421,511,9688,76,14109,California
Tehama,2021-04-17,347,23520,268,6021,79,16839,0,660,41,4158,305,9993,42,14151,California
Tehama,2021-04-18,17,23537,3,6024,14,16853,0,660,13,4167,4,9997,13,14164,California
Tehama,2021-04-19,93,23630,7,6031,86,16939,0,660,40,4154,53,10050,40,14204,California
Tehama,2021-04-20,500,24130,412,6443,88,17027,0,660,146,3950,352,10402,148,14352,California
Tehama,2021-04-21,519,24649,445,6888,74,17101,0,660,168,3768,350,10752,168,14520,California
Tehama,2021-04-22,515,25164,364,7252,151,17252,0,660,150,3554,364,11116,150,14670,California
Tehama,2021-04-23,445,25609,346,7598,99,17351,0,660,204,3518,241,11357,205,14875,California
Tehama,2021-04-24,104,25713,18,7616,86,17437,0,660,30,3474,74,11431,30,14905,California
Tehama,2021-04-25,29,25742,18,7634,11,17448,0,660,11,3467,18,11449,11,14916,California
Tehama,2021-04-26,74,25816,10,7644,64,17512,0,660,43,3479,31,11480,43,14959,California
Tehama,2021-04-27,251,26067,206,7850,45,17557,0,660,92,3412,159,11639,92,15051,California
Tehama,2021-04-28,395,26462,318,8168,60,17617,17,677,65,3164,330,11969,82,15133,California
Tehama,2021-04-29,351,26813,171,8339,175,17792,5,682,68,2955,282,12251,73,15206,California
Tehama,2021-04-30,324,27137,240,8579,78,17870,6,688,112,2861,212,12463,118,15324,California
Tehama,2021-05-01,72,27209,4,8583,65,17935,3,691,14,2820,58,12521,17,15341,California
Tehama,2021-05-02,46,27255,24,8607,10,17945,12,703,26,2838,20,12541,38,15379,California
Tehama,2021-05-03,117,27372,41,8648,68,18013,8,711,62,2853,55,12596,70,15449,California
Tehama,2021-05-04,156,27528,55,8703,94,18107,7,718,67,2838,89,12685,74,15523,California
Tehama,2021-05-05,86,27614,21,8724,55,18162,10,728,38,2838,48,12733,48,15571,California
Tehama,2021-05-06,162,27776,90,8814,57,18219,15,743,97,2885,65,12798,112,15683,California
Tehama,2021-05-07,167,27943,71,8885,85,18304,11,754,46,2823,119,12917,57,15740,California
Tehama,2021-05-08,49,27992,6,8891,42,18346,1,755,13,2801,36,12953,14,15754,California
Tehama,2021-05-09,15,28007,3,8894,12,18358,0,755,6,2798,9,12962,6,15760,California
Tehama,2021-05-10,77,28084,7,8901,64,18422,6,761,36,2800,40,13002,42,15802,California
Tehama,2021-05-11,163,28247,115,9016,37,18459,11,772,32,2712,131,13133,43,15845,California
Tehama,2021-05-12,192,28439,133,9149,51,18510,8,780,40,2609,151,13284,48,15893,California
Tehama,2021-05-13,221,28660,157,9306,55,18565,9,789,96,2589,125,13409,105,15998,California
Tehama,2021-05-14,226,28886,123,9429,88,18653,15,804,51,2480,175,13584,66,16064,California
Tehama,2021-05-15,174,29060,106,9535,43,18696,25,829,128,2588,45,13629,153,16217,California
Tehama,2021-05-16,11,29071,2,9537,9,18705,0,829,6,2589,5,13634,6,16223,California
Trinity,2020-12-17,4,4,4,4,0,0,0,0,4,4,0,0,4,4,California
Trinity,2020-12-18,2,6,2,6,0,0,0,0,2,6,0,0,2,6,California
Trinity,2020-12-21,39,45,39,45,0,0,0,0,39,45,0,0,39,45,California
Trinity,2020-12-22,5,50,5,50,0,0,0,0,5,50,0,0,5,50,California
Trinity,2020-12-23,5,55,5,55,0,0,0,0,5,55,0,0,5,55,California
Trinity,2020-12-28,30,85,30,85,0,0,0,0,30,85,0,0,30,85,California
Trinity,2020-12-29,8,93,7,92,1,1,0,0,8,93,0,0,8,93,California
Trinity,2020-12-30,10,103,8,100,2,3,0,0,10,103,0,0,10,103,California
Trinity,2020-12-31,2,105,1,101,1,4,0,0,2,105,0,0,2,105,California
Trinity,2021-01-04,28,133,0,101,28,32,0,0,26,131,0,0,26,131,California
Trinity,2021-01-05,3,136,1,102,2,34,0,0,3,134,0,0,3,134,California
Trinity,2021-01-06,24,160,4,106,20,54,0,0,20,150,4,4,20,154,California
Trinity,2021-01-08,49,209,2,108,47,101,0,0,48,196,2,6,48,202,California
Trinity,2021-01-11,42,251,39,147,3,104,0,0,4,162,38,44,4,206,California
Trinity,2021-01-12,9,260,7,154,2,106,0,0,4,161,5,49,4,210,California
Trinity,2021-01-13,7,267,4,158,3,109,0,0,4,162,3,52,4,214,California
Trinity,2021-01-14,4,271,1,159,3,112,0,0,4,166,0,52,4,218,California
Trinity,2021-01-15,4,275,0,159,4,116,0,0,4,170,0,52,4,222,California
Trinity,2021-01-16,4,279,0,159,4,120,0,0,4,174,0,52,4,226,California
Trinity,2021-01-18,31,310,31,190,0,120,0,0,1,145,30,82,1,227,California
Trinity,2021-01-19,96,406,14,204,82,202,0,0,82,213,14,96,82,309,California
Trinity,2021-01-20,19,425,3,207,16,218,0,0,17,228,2,98,17,326,California
Trinity,2021-01-21,17,442,7,214,10,228,0,0,17,245,0,98,17,343,California
Trinity,2021-01-22,5,447,1,215,4,232,0,0,5,250,0,98,5,348,California
Trinity,2021-01-23,7,454,3,218,4,236,0,0,7,257,0,98,7,355,California
Trinity,2021-01-25,14,468,1,219,13,249,0,0,13,269,1,99,13,368,California
Trinity,2021-01-26,10,478,1,220,9,258,0,0,9,277,1,100,9,377,California
Trinity,2021-01-27,12,490,0,220,12,270,0,0,12,289,0,100,12,389,California
Trinity,2021-01-28,13,503,3,223,10,280,0,0,10,296,3,103,10,399,California
Trinity,2021-01-29,2,505,0,223,2,282,0,0,1,296,1,104,1,400,California
Trinity,2021-01-30,12,517,11,234,1,283,0,0,12,308,0,104,12,412,California
Trinity,2021-02-01,2,519,1,235,1,284,0,0,1,308,1,105,1,413,California
Trinity,2021-02-02,14,533,3,238,11,295,0,0,13,320,1,106,13,426,California
Trinity,2021-02-03,6,539,1,239,5,300,0,0,3,320,3,109,3,429,California
Trinity,2021-02-04,42,581,32,271,10,310,0,0,35,348,7,116,35,464,California
Trinity,2021-02-05,350,931,0,271,350,660,0,0,320,638,30,146,320,784,California
Trinity,2021-02-06,210,1141,5,276,205,865,0,0,203,834,7,153,203,987,California
Trinity,2021-02-07,1,1142,0,276,1,866,0,0,1,835,0,153,1,988,California
Trinity,2021-02-08,25,1167,0,276,25,891,0,0,15,840,10,163,15,1003,California
Trinity,2021-02-09,27,1194,2,278,25,916,0,0,11,835,16,179,11,1014,California
Trinity,2021-02-10,122,1316,10,288,112,1028,0,0,102,917,20,199,102,1116,California
Trinity,2021-02-11,339,1655,2,290,337,1365,0,0,332,1242,7,206,332,1448,California
Trinity,2021-02-12,14,1669,6,296,8,1373,0,0,10,1248,4,210,10,1458,California
Trinity,2021-02-13,12,1681,5,301,7,1380,0,0,5,1246,7,217,5,1463,California
Trinity,2021-02-14,2,1683,2,303,0,1380,0,0,2,1248,0,217,2,1465,California
Trinity,2021-02-15,47,1730,0,303,47,1427,0,0,47,1295,0,217,47,1512,California
Trinity,2021-02-16,5,1735,1,304,4,1431,0,0,3,1296,2,219,3,1515,California
Trinity,2021-02-17,94,1829,2,306,92,1523,0,0,84,1370,10,229,84,1599,California
Trinity,2021-02-18,4,1833,0,306,4,1527,0,0,1,1368,3,232,1,1600,California
Trinity,2021-02-19,304,2137,2,308,302,1829,0,0,290,1644,14,246,290,1890,California
Trinity,2021-02-20,141,2278,14,322,127,1956,0,0,113,1729,28,274,113,2003,California
Trinity,2021-02-21,1,2279,1,323,0,1956,0,0,1,1730,0,274,1,2004,California
Trinity,2021-02-22,8,2287,0,323,8,1964,0,0,5,1732,3,277,5,2009,California
Trinity,2021-02-23,11,2298,4,327,7,1971,0,0,6,1733,5,282,6,2015,California
Trinity,2021-02-24,30,2328,8,335,22,1993,0,0,7,1717,23,305,7,2022,California
Trinity,2021-02-25,36,2364,23,358,13,2006,0,0,5,1691,31,336,5,2027,California
Trinity,2021-02-26,11,2375,1,359,10,2016,0,0,5,1690,6,342,5,2032,California
Trinity,2021-02-27,9,2384,7,366,2,2018,0,0,4,1689,5,347,4,2036,California
Trinity,2021-03-01,9,2393,0,366,9,2027,0,0,5,1690,4,351,5,2041,California
Trinity,2021-03-02,9,2402,3,369,6,2033,0,0,2,1685,7,358,2,2043,California
Trinity,2021-03-03,5,2407,0,369,5,2038,0,0,4,1688,1,359,4,2047,California
Trinity,2021-03-04,24,2431,19,388,5,2043,0,0,14,1692,10,369,14,2061,California
Trinity,2021-03-05,388,2819,1,389,387,2430,0,0,121,1550,263,632,121,2182,California
Trinity,2021-03-06,202,3021,7,396,195,2625,0,0,27,1402,175,807,27,2209,California
Trinity,2021-03-07,4,3025,3,399,1,2626,0,0,3,1404,1,808,3,2212,California
Trinity,2021-03-08,3,3028,0,399,2,2628,1,1,1,1404,2,810,2,2214,California
Trinity,2021-03-09,94,3122,0,399,92,2720,2,3,89,1490,5,815,91,2305,California
Trinity,2021-03-10,126,3248,3,402,120,2840,3,6,38,1443,88,903,41,2346,California
Trinity,2021-03-11,14,3262,4,406,8,2848,2,8,5,1441,9,912,7,2353,California
Trinity,2021-03-12,385,3647,5,411,374,3222,6,14,90,1242,295,1207,96,2449,California
Trinity,2021-03-13,13,3660,8,419,3,3225,2,16,8,1247,5,1212,10,2459,California
Trinity,2021-03-14,3,3663,1,420,2,3227,0,16,2,1248,1,1213,2,2461,California
Trinity,2021-03-15,67,3730,0,420,66,3293,1,17,14,1210,53,1266,15,2476,California
Trinity,2021-03-16,115,3845,7,427,108,3401,0,17,101,1297,14,1280,101,2577,California
Trinity,2021-03-17,100,3945,3,430,97,3498,0,17,26,1249,74,1354,26,2603,California
Trinity,2021-03-18,10,3955,2,432,5,3503,3,20,5,1252,5,1359,8,2611,California
Trinity,2021-03-19,459,4414,4,436,345,3848,110,130,36,975,423,1782,146,2757,California
Trinity,2021-03-20,105,4519,7,443,98,3946,0,130,70,1011,34,1816,70,2827,California
Trinity,2021-03-21,4,4523,0,443,3,3949,1,131,3,1014,1,1817,4,2831,California
Trinity,2021-03-22,2,4525,0,443,2,3951,0,131,2,1016,0,1817,2,2833,California
Trinity,2021-03-23,96,4621,2,445,94,4045,0,131,78,1076,18,1835,78,2911,California
Trinity,2021-03-24,12,4633,1,446,11,4056,0,131,9,1082,3,1838,9,2920,California
Trinity,2021-03-25,110,4743,8,454,96,4152,6,137,84,1146,26,1864,90,3010,California
Trinity,2021-03-26,85,4828,8,462,77,4229,0,137,78,1217,7,1871,78,3088,California
Trinity,2021-03-27,19,4847,4,466,6,4235,9,146,8,1223,11,1882,17,3105,California
Trinity,2021-03-28,5,4852,3,469,2,4237,0,146,1,1220,4,1886,1,3106,California
Trinity,2021-03-29,5,4857,0,469,5,4242,0,146,2,1219,3,1889,2,3108,California
Trinity,2021-03-30,77,4934,5,474,72,4314,0,146,67,1276,10,1899,67,3175,California
Trinity,2021-03-31,56,4990,5,479,19,4333,32,178,21,1293,35,1934,52,3227,California
Trinity,2021-04-01,41,5031,11,490,19,4352,11,189,21,1305,20,1954,32,3259,California
Trinity,2021-04-02,244,5275,5,495,165,4517,74,263,73,1283,170,2124,148,3407,California
Trinity,2021-04-03,17,5292,12,507,5,4522,0,263,7,1280,10,2134,7,3414,California
Trinity,2021-04-04,10,5302,8,515,2,4524,0,263,8,1286,2,2136,8,3422,California
Trinity,2021-04-05,59,5361,6,521,52,4576,1,264,55,1338,4,2140,56,3478,California
Trinity,2021-04-06,116,5477,15,536,98,4674,3,267,28,1281,88,2228,31,3509,California
Trinity,2021-04-07,24,5501,12,548,7,4681,5,272,16,1294,8,2236,21,3530,California
Trinity,2021-04-08,87,5588,10,558,75,4756,2,274,50,1309,37,2273,52,3582,California
Trinity,2021-04-09,169,5757,20,578,144,4900,5,279,90,1325,79,2352,95,3677,California
Trinity,2021-04-10,11,5768,7,585,4,4904,0,279,10,1334,1,2353,10,3687,California
Trinity,2021-04-11,9,5777,5,590,2,4906,2,281,4,1335,5,2358,6,3693,California
Trinity,2021-04-12,77,5854,5,595,71,4977,1,282,64,1387,12,2370,64,3757,California
Trinity,2021-04-13,97,5951,5,600,92,5069,0,282,10,1310,87,2457,10,3767,California
Trinity,2021-04-14,10,5961,5,605,5,5074,0,282,6,1312,4,2461,6,3773,California
Trinity,2021-04-15,43,6004,10,615,33,5107,0,282,14,1297,29,2490,14,3787,California
Trinity,2021-04-16,144,6148,12,627,132,5239,0,282,72,1297,72,2562,72,3859,California
Trinity,2021-04-17,11,6159,5,632,6,5245,0,282,9,1304,2,2564,9,3868,California
Trinity,2021-04-18,2,6161,1,633,1,5246,0,282,0,1302,2,2566,0,3868,California
Trinity,2021-04-19,5,6166,2,635,3,5249,0,282,4,1305,1,2567,4,3872,California
Trinity,2021-04-20,92,6258,8,643,84,5333,0,282,20,1253,72,2639,20,3892,California
Trinity,2021-04-21,22,6280,9,652,13,5346,0,282,9,1249,13,2652,9,3901,California
Trinity,2021-04-22,91,6371,5,657,86,5432,0,282,14,1186,77,2729,14,3915,California
Trinity,2021-04-23,183,6554,6,663,177,5609,0,282,114,1231,69,2798,114,4029,California
Trinity,2021-04-24,21,6575,13,676,8,5617,0,282,5,1220,16,2814,5,4034,California
Trinity,2021-04-25,10,6585,9,685,1,5618,0,282,3,1217,6,2820,3,4037,California
Trinity,2021-04-26,45,6630,6,691,39,5657,0,282,40,1252,5,2825,40,4077,California
Trinity,2021-04-27,85,6715,7,698,78,5735,0,282,22,1211,63,2888,22,4099,California
Trinity,2021-04-28,33,6748,11,709,22,5757,0,282,12,1202,21,2909,12,4111,California
Trinity,2021-04-29,34,6782,13,722,21,5778,0,282,12,1192,22,2931,12,4123,California
Trinity,2021-04-30,26,6808,20,742,6,5784,0,282,8,1182,18,2949,8,4131,California
Trinity,2021-05-01,14,6822,8,750,1,5785,5,287,4,1181,10,2959,9,4140,California
Trinity,2021-05-02,8,6830,5,755,1,5786,2,289,2,1179,6,2965,4,4144,California
Trinity,2021-05-03,58,6888,13,768,44,5830,1,290,9,1141,48,3013,10,4154,California
Trinity,2021-05-04,23,6911,11,779,11,5841,1,291,8,1135,15,3028,9,4163,California
Trinity,2021-05-05,10,6921,6,785,4,5845,0,291,3,1131,7,3035,3,4166,California
Trinity,2021-05-06,72,6993,10,795,60,5905,2,293,15,1091,57,3092,17,4183,California
Trinity,2021-05-07,174,7167,12,807,128,6033,34,327,14,979,160,3252,48,4231,California
Trinity,2021-05-08,7,7174,3,810,4,6037,0,327,3,978,4,3256,3,4234,California
Trinity,2021-05-09,11,7185,8,818,3,6040,0,327,7,981,4,3260,7,4241,California
Trinity,2021-05-10,15,7200,4,822,10,6050,1,328,9,985,6,3266,10,4251,California
Trinity,2021-05-11,8,7208,3,825,5,6055,0,328,5,987,3,3269,5,4256,California
Trinity,2021-05-12,16,7224,13,838,2,6057,1,329,12,996,4,3273,13,4269,California
Trinity,2021-05-13,8,7232,5,843,3,6060,0,329,6,1000,2,3275,6,4275,California
Trinity,2021-05-14,123,7355,17,860,78,6138,28,357,32,969,91,3366,60,4335,California
Trinity,2021-05-15,8,7363,5,865,1,6139,2,359,3,969,5,3371,5,4340,California
Tulare,2020-12-15,1,1,1,1,0,0,0,0,1,1,0,0,1,1,California
Tulare,2020-12-16,3,4,3,4,0,0,0,0,3,4,0,0,3,4,California
Tulare,2020-12-17,110,114,110,114,0,0,0,0,110,114,0,0,110,114,California
Tulare,2020-12-18,290,404,289,403,1,1,0,0,290,404,0,0,290,404,California
Tulare,2020-12-19,327,731,327,730,0,1,0,0,327,731,0,0,327,731,California
Tulare,2020-12-20,166,897,165,895,1,2,0,0,166,897,0,0,166,897,California
Tulare,2020-12-21,423,1320,423,1318,0,2,0,0,443,1340,0,0,443,1340,California
Tulare,2020-12-22,469,1789,467,1785,2,4,0,0,468,1808,0,0,468,1808,California
Tulare,2020-12-23,327,2116,319,2104,8,12,0,0,325,2133,0,0,325,2133,California
Tulare,2020-12-24,18,2134,16,2120,2,14,0,0,18,2151,0,0,18,2151,California
Tulare,2020-12-26,8,2142,7,2127,1,15,0,0,8,2159,0,0,8,2159,California
Tulare,2020-12-27,16,2158,12,2139,4,19,0,0,16,2175,0,0,16,2175,California
Tulare,2020-12-28,481,2639,469,2608,12,31,0,0,480,2655,0,0,480,2655,California
Tulare,2020-12-29,547,3186,478,3086,69,100,0,0,547,3202,0,0,547,3202,California
Tulare,2020-12-30,474,3660,435,3521,39,139,0,0,474,3676,0,0,474,3676,California
Tulare,2020-12-31,95,3755,22,3543,73,212,0,0,95,3771,0,0,95,3771,California
Tulare,2021-01-01,2,3757,1,3544,1,213,0,0,2,3773,0,0,2,3773,California
Tulare,2021-01-02,30,3787,17,3561,13,226,0,0,30,3803,0,0,30,3803,California
Tulare,2021-01-03,23,3810,9,3570,14,240,0,0,23,3826,0,0,23,3826,California
Tulare,2021-01-04,92,3902,16,3586,76,316,0,0,92,3918,0,0,92,3918,California
Tulare,2021-01-05,460,4362,278,3864,182,498,0,0,458,4374,2,2,458,4376,California
Tulare,2021-01-06,864,5226,634,4498,230,728,0,0,854,5218,10,12,854,5230,California
Tulare,2021-01-07,781,6007,583,5081,198,926,0,0,674,5785,107,119,674,5904,California
Tulare,2021-01-08,1266,7273,574,5655,692,1618,0,0,928,6376,337,456,928,6832,California
Tulare,2021-01-09,742,8015,203,5858,539,2157,0,0,555,6744,187,643,555,7387,California
Tulare,2021-01-10,50,8065,44,5902,6,2163,0,0,11,6716,39,682,11,7398,California
Tulare,2021-01-11,1270,9335,769,6671,501,2664,0,0,834,7114,436,1118,834,8232,California
Tulare,2021-01-12,1403,10738,489,7160,914,3578,0,0,994,7701,408,1526,995,9227,California
Tulare,2021-01-13,439,11177,210,7370,229,3807,0,0,365,7992,74,1600,365,9592,California
Tulare,2021-01-14,492,11669,141,7511,351,4158,0,0,466,8443,15,1615,466,10058,California
Tulare,2021-01-15,1623,13292,154,7665,1469,5627,0,0,1614,10048,9,1624,1614,11672,California
Tulare,2021-01-16,1901,15193,114,7779,1787,7414,0,0,1887,11921,14,1638,1887,13559,California
Tulare,2021-01-17,141,15334,122,7901,19,7433,0,0,131,12042,10,1648,131,13690,California
Tulare,2021-01-18,693,16027,660,8561,33,7466,0,0,295,11939,398,2046,295,13985,California
Tulare,2021-01-19,1008,17035,685,9246,323,7789,0,0,579,12089,429,2475,579,14564,California
Tulare,2021-01-20,2426,19461,613,9859,1813,9602,0,0,2011,13711,389,2864,2011,16575,California
Tulare,2021-01-21,1551,21012,186,10045,1365,10967,0,0,1525,15215,21,2885,1525,18100,California
Tulare,2021-01-22,1060,22072,190,10235,870,11837,0,0,1035,16226,24,2909,1035,19135,California
Tulare,2021-01-23,438,22510,156,10391,282,12119,0,0,417,16622,21,2930,417,19552,California
Tulare,2021-01-24,30,22540,27,10418,3,12122,0,0,28,16648,2,2932,28,19580,California
Tulare,2021-01-25,1328,23868,981,11399,347,12469,0,0,1297,17914,31,2963,1297,20877,California
Tulare,2021-01-26,1496,25364,1098,12497,398,12867,0,0,1171,18761,324,3287,1171,22048,California
Tulare,2021-01-27,1498,26862,1070,13567,428,13295,0,0,920,19104,577,3864,920,22968,California
Tulare,2021-01-28,1211,28073,777,14344,434,13729,0,0,815,19523,396,4260,815,23783,California
Tulare,2021-01-29,1130,29203,720,15064,410,14139,0,0,820,20033,310,4570,820,24603,California
Tulare,2021-01-30,1674,30877,1580,16644,94,14233,0,0,1650,21660,24,4594,1651,26254,California
Tulare,2021-01-31,63,30940,58,16702,5,14238,0,0,60,21717,3,4597,60,26314,California
Tulare,2021-02-01,1184,32124,915,17617,269,14507,0,0,829,22192,354,4951,829,27143,California
Tulare,2021-02-02,677,32801,328,17945,349,14856,0,0,445,22408,230,5181,446,27589,California
Tulare,2021-02-03,587,33388,261,18206,326,15182,0,0,336,22513,231,5412,336,27925,California
Tulare,2021-02-04,555,33943,169,18375,386,15568,0,0,265,22490,289,5701,266,28191,California
Tulare,2021-02-05,1235,35178,238,18613,997,16565,0,0,416,22089,817,6518,416,28607,California
Tulare,2021-02-06,836,36014,158,18771,678,17243,0,0,267,21789,567,7085,267,28874,California
Tulare,2021-02-07,83,36097,71,18842,12,17255,0,0,23,21752,60,7145,23,28897,California
Tulare,2021-02-08,942,37039,329,19171,613,17868,0,0,243,21299,696,7841,243,29140,California
Tulare,2021-02-09,1415,38454,334,19505,1081,18949,0,0,369,20627,1041,8882,369,29509,California
Tulare,2021-02-10,2471,40925,1986,21491,485,19434,0,0,2071,22301,397,9279,2071,31580,California
Tulare,2021-02-11,1325,42250,377,21868,948,20382,0,0,906,22788,419,9698,906,32486,California
Tulare,2021-02-12,2781,45031,575,22443,2206,22588,0,0,1210,22434,1564,11262,1210,33696,California
Tulare,2021-02-13,2480,47511,157,22600,2323,24911,0,0,666,21290,1810,13072,666,34362,California
Tulare,2021-02-14,337,47848,40,22640,297,25208,0,0,300,21553,37,13109,300,34662,California
Tulare,2021-02-15,920,48768,294,22934,626,25834,0,0,663,21960,256,13365,663,35325,California
Tulare,2021-02-16,2833,51601,1595,24529,1238,27072,0,0,1079,21286,1753,15118,1079,36404,California
Tulare,2021-02-17,2698,54299,511,25040,2187,29259,0,0,461,19515,2232,17350,461,36865,California
Tulare,2021-02-18,2304,56603,456,25496,1848,31107,0,0,626,18471,1670,19020,626,37491,California
Tulare,2021-02-19,2305,58908,865,26361,1440,32547,0,0,948,18064,1355,20375,948,38439,California
Tulare,2021-02-20,2989,61897,1892,28253,1097,33644,0,0,1262,17605,1721,22096,1262,39701,California
Tulare,2021-02-21,94,61991,90,28343,4,33648,0,0,48,17608,45,22141,48,39749,California
Tulare,2021-02-22,1106,63097,700,29043,406,34054,0,0,210,16923,895,23036,210,39959,California
Tulare,2021-02-23,1952,65049,944,29987,1008,35062,0,0,1463,17898,488,23524,1463,41422,California
Tulare,2021-02-24,2483,67532,1549,31536,934,35996,0,0,2104,19625,378,23902,2105,43527,California
Tulare,2021-02-25,3503,71035,1975,33511,1528,37524,0,0,3088,22302,411,24313,3088,46615,California
Tulare,2021-02-26,3845,74880,1883,35394,1962,39486,0,0,3380,25219,463,24776,3380,49995,California
Tulare,2021-02-27,2902,77782,1396,36790,1506,40992,0,0,2769,27866,122,24898,2769,52764,California
Tulare,2021-02-28,1303,79085,1031,37821,272,41264,0,0,1284,29133,17,24915,1284,54048,California
Tulare,2021-03-01,1749,80834,780,38601,969,42233,0,0,1564,30514,183,25098,1564,55612,California
Tulare,2021-03-02,2693,83527,1194,39795,1499,43732,0,0,2521,32866,170,25268,2522,58134,California
Tulare,2021-03-03,3929,87456,2597,42392,1332,45064,0,0,1977,32896,1949,27217,1979,60113,California
Tulare,2021-03-04,2895,90351,1301,43693,1594,46658,0,0,2574,35153,317,27534,2574,62687,California
Tulare,2021-03-05,3307,93658,1697,45390,1595,48253,15,15,2798,37463,505,28039,2815,65502,California
Tulare,2021-03-06,3065,96723,1433,46823,1573,49826,59,74,2816,40090,246,28285,2873,68375,California
Tulare,2021-03-07,1093,97816,683,47506,389,50215,21,95,1053,41124,40,28325,1074,69449,California
Tulare,2021-03-08,1705,99521,1004,48510,532,50747,169,264,1386,42364,314,28639,1554,71003,California
Tulare,2021-03-09,3197,102718,2190,50700,860,51607,147,411,2800,44911,398,29037,2945,73948,California
Tulare,2021-03-10,2794,105512,1390,52090,1230,52837,174,585,2413,47124,372,29409,2585,76533,California
Tulare,2021-03-11,4141,109653,1965,54055,1876,54713,300,885,3204,49691,937,30346,3504,80037,California
Tulare,2021-03-12,4347,114000,2389,56444,1609,56322,349,1234,3074,51854,1262,31608,3425,83462,California
Tulare,2021-03-13,4006,118006,1851,58295,2050,58372,105,1339,3069,54097,931,32539,3174,86636,California
Tulare,2021-03-14,1801,119807,972,59267,609,58981,220,1559,1274,55063,526,33065,1492,88128,California
Tulare,2021-03-15,2738,122545,1619,60886,1004,59985,115,1674,1965,56373,771,33836,2081,90209,California
Tulare,2021-03-16,3423,125968,2115,63001,1231,61216,77,1751,1870,56774,1549,35385,1950,92159,California
Tulare,2021-03-17,4012,129980,2608,65609,1327,62543,77,1828,2269,57390,1737,37122,2353,94512,California
Tulare,2021-03-18,4598,134578,3353,68962,1173,63716,72,1900,2430,57734,2160,39282,2504,97016,California
Tulare,2021-03-19,5067,139645,3320,72282,1552,65268,195,2095,2714,58311,2334,41616,2911,99927,California
Tulare,2021-03-20,4451,144096,2762,75044,1317,66585,372,2467,2115,58473,2328,43944,2490,102417,California
Tulare,2021-03-21,1919,146015,1631,76675,262,66847,26,2493,990,58562,926,44870,1015,103432,California
Tulare,2021-03-22,2498,148513,1710,78385,676,67523,112,2605,1659,59502,833,45703,1773,105205,California
Tulare,2021-03-23,3727,152240,2140,80525,1535,69058,52,2657,2082,60007,1635,47338,2140,107345,California
Tulare,2021-03-24,3167,155407,1957,82482,1168,70226,42,2699,1805,60501,1354,48692,1848,109193,California
Tulare,2021-03-25,3461,158868,1802,84284,1487,71713,172,2871,1711,60643,1743,50435,1885,111078,California
Tulare,2021-03-26,5211,164079,3109,87393,1993,73706,109,2980,2568,60695,2625,53060,2677,113755,California
Tulare,2021-03-27,3520,167599,1805,89198,1617,75323,98,3078,992,59264,2520,55580,1089,114844,California
Tulare,2021-03-28,1456,169055,1052,90250,373,75696,31,3109,675,59198,778,56358,712,115556,California
Tulare,2021-03-29,2893,171948,1674,91924,1108,76804,111,3220,1225,58873,1663,58021,1338,116894,California
Tulare,2021-03-30,4807,176755,2769,94693,1808,78612,230,3450,1555,57411,3244,61265,1782,118676,California
Tulare,2021-03-31,3877,180632,2300,96993,1464,80076,113,3563,1571,56799,2298,63563,1686,120362,California
Tulare,2021-04-01,4415,185047,2370,99363,1979,82055,66,3629,1551,55563,2854,66417,1618,121980,California
Tulare,2021-04-02,5237,190284,2993,102356,2127,84182,117,3746,1645,53760,3576,69993,1773,123753,California
Tulare,2021-04-03,3503,193787,2013,104369,1127,85309,363,4109,845,52352,2620,72613,1212,124965,California
Tulare,2021-04-04,1622,195409,1136,105505,479,85788,7,4116,395,51530,1225,73838,403,125368,California
Tulare,2021-04-05,3324,198733,2332,107837,729,86517,263,4379,865,50214,2447,76285,1131,126499,California
Tulare,2021-04-06,3413,202146,1464,109301,1456,87973,493,4872,927,49158,2479,78764,1423,127922,California
Tulare,2021-04-07,3834,205980,1812,111113,1592,89565,430,5302,1277,48307,2549,81313,1698,129620,California
Tulare,2021-04-08,4716,210696,2592,113705,1667,91232,457,5759,1544,47141,3163,84476,1997,131617,California
Tulare,2021-04-09,4774,215470,2943,116648,1401,92633,430,6189,1827,46459,2940,87416,2258,133875,California
Tulare,2021-04-10,3805,219275,2057,118705,1432,94065,316,6505,976,44927,2822,90238,1290,135165,California
Tulare,2021-04-11,1577,220852,1038,119743,468,94533,71,6576,590,44604,984,91222,661,135826,California
Tulare,2021-04-12,3360,224212,2105,121848,662,95195,593,7169,1083,44012,2269,93491,1677,137503,California
Tulare,2021-04-13,2408,226620,1585,123433,813,96008,10,7179,924,43475,1473,94964,936,138439,California
Tulare,2021-04-14,2839,229459,1678,125111,1161,97169,0,7179,932,42504,1903,96867,932,139371,California
Tulare,2021-04-15,3262,232721,2129,127240,1133,98302,0,7179,1468,42189,1783,98650,1468,140839,California
Tulare,2021-04-16,3646,236367,2214,129454,1432,99734,0,7179,1476,41505,2160,100810,1476,142315,California
Tulare,2021-04-17,2202,238569,1297,130751,905,100639,0,7179,1179,41666,1019,101829,1180,143495,California
Tulare,2021-04-18,1518,240087,1188,131939,330,100969,0,7179,815,41779,702,102531,815,144310,California
Tulare,2021-04-19,2118,242205,1222,133161,894,101863,2,7181,900,41465,1216,103747,902,145212,California
Tulare,2021-04-20,2320,244525,1303,134464,1017,102880,0,7181,990,41138,1317,105064,990,146202,California
Tulare,2021-04-21,2175,246700,1320,135784,855,103735,0,7181,788,40575,1351,106415,788,146990,California
Tulare,2021-04-22,2094,248794,1169,136953,925,104660,0,7181,736,39971,1340,107755,736,147726,California
Tulare,2021-04-23,2564,251358,1570,138523,993,105653,1,7182,1018,39453,1536,109291,1018,148744,California
Tulare,2021-04-24,1638,252996,1054,139577,582,106235,2,7184,863,39548,770,110061,865,149609,California
Tulare,2021-04-25,692,253688,519,140096,173,106408,0,7184,264,39384,428,110489,264,149873,California
Tulare,2021-04-26,1462,255150,873,140969,570,106978,19,7203,616,39178,839,111328,633,150506,California
Tulare,2021-04-27,1587,256737,626,141595,924,107902,37,7240,672,38973,913,112241,708,151214,California
Tulare,2021-04-28,1699,258436,968,142563,690,108592,41,7281,671,38661,1024,113265,712,151926,California
Tulare,2021-04-29,1985,260421,1189,143752,759,109351,37,7318,777,38275,1198,114463,812,152738,California
Tulare,2021-04-30,2419,262840,1765,145517,604,109955,50,7368,896,37703,1517,115980,945,153683,California
Tulare,2021-05-01,1406,264246,1208,146725,186,110141,12,7380,722,37760,677,116657,734,154417,California
Tulare,2021-05-02,584,264830,496,147221,72,110213,16,7396,189,37573,392,117049,205,154622,California
Tulare,2021-05-03,1607,266437,1092,148313,390,110603,125,7521,348,36794,1252,118301,473,155095,California
Tulare,2021-05-04,1538,267975,820,149133,649,111252,69,7590,622,36574,909,119210,689,155784,California
Tulare,2021-05-05,1253,269228,608,149741,567,111819,78,7668,435,36280,807,120017,513,156297,California
Tulare,2021-05-06,1951,271179,1327,151068,578,112397,46,7714,589,35560,1355,121372,635,156932,California
Tulare,2021-05-07,1846,273025,1253,152321,525,112922,68,7782,528,34845,1310,122682,595,157527,California
Tulare,2021-05-08,1230,274255,800,153121,405,113327,25,7807,523,34692,701,123383,548,158075,California
Tulare,2021-05-09,593,274848,469,153590,103,113430,21,7828,120,34365,469,123852,142,158217,California
Tulare,2021-05-10,1007,275855,585,154175,357,113787,65,7893,304,34032,702,124554,369,158586,California
Tulare,2021-05-11,1196,277051,604,154779,516,114303,76,7969,498,33913,693,125247,574,159160,California
Tulare,2021-05-12,1468,278519,938,155717,479,114782,51,8020,389,33286,1066,126313,439,159599,California
Tulare,2021-05-13,1403,279922,865,156582,501,115283,37,8057,642,33208,757,127070,679,160278,California
Tulare,2021-05-14,1836,281758,1182,157764,592,115875,62,8119,797,33040,1026,128096,858,161136,California
Tulare,2021-05-15,1212,282970,620,158384,565,116440,27,8146,504,32869,702,128798,531,161667,California
Tulare,2021-05-16,319,283289,260,158644,55,116495,4,8150,129,32812,190,128988,133,161800,California
Tuolumne,2020-12-16,47,47,47,47,0,0,0,0,47,47,0,0,47,47,California
Tuolumne,2020-12-17,17,64,17,64,0,0,0,0,17,64,0,0,17,64,California
Tuolumne,2020-12-18,101,165,100,164,1,1,0,0,101,165,0,0,101,165,California
Tuolumne,2020-12-19,5,170,5,169,0,1,0,0,5,170,0,0,5,170,California
Tuolumne,2020-12-20,1,171,1,170,0,1,0,0,1,171,0,0,1,171,California
Tuolumne,2020-12-21,116,287,102,272,14,15,0,0,116,287,0,0,116,287,California
Tuolumne,2020-12-22,172,459,172,444,0,15,0,0,172,459,0,0,172,459,California
Tuolumne,2020-12-23,186,645,184,628,2,17,0,0,186,645,0,0,186,645,California
Tuolumne,2020-12-26,3,648,3,631,0,17,0,0,3,648,0,0,3,648,California
Tuolumne,2020-12-28,77,725,75,706,2,19,0,0,77,725,0,0,77,725,California
Tuolumne,2020-12-29,102,827,39,745,63,82,0,0,102,827,0,0,102,827,California
Tuolumne,2020-12-30,78,905,22,767,56,138,0,0,78,905,0,0,78,905,California
Tuolumne,2020-12-31,27,932,20,787,7,145,0,0,27,932,0,0,27,932,California
Tuolumne,2021-01-01,7,939,6,793,1,146,0,0,7,939,0,0,7,939,California
Tuolumne,2021-01-02,118,1057,115,908,3,149,0,0,118,1057,0,0,118,1057,California
Tuolumne,2021-01-03,2,1059,2,910,0,149,0,0,2,1059,0,0,2,1059,California
Tuolumne,2021-01-04,69,1128,26,936,43,192,0,0,69,1128,0,0,69,1128,California
Tuolumne,2021-01-05,93,1221,27,963,66,258,0,0,90,1216,3,3,91,1219,California
Tuolumne,2021-01-06,132,1353,72,1035,60,318,0,0,68,1220,64,67,68,1287,California
Tuolumne,2021-01-07,119,1472,63,1098,56,374,0,0,64,1229,55,122,64,1351,California
Tuolumne,2021-01-08,103,1575,79,1177,24,398,0,0,26,1180,76,198,27,1378,California
Tuolumne,2021-01-09,1,1576,0,1177,1,399,0,0,1,1181,0,198,1,1379,California
Tuolumne,2021-01-10,3,1579,1,1178,2,401,0,0,3,1184,0,198,3,1382,California
Tuolumne,2021-01-11,116,1695,90,1268,26,427,0,0,34,1136,82,280,34,1416,California
Tuolumne,2021-01-12,102,1797,86,1354,16,443,0,0,17,1068,85,365,17,1433,California
Tuolumne,2021-01-13,231,2028,125,1479,106,549,0,0,182,1202,49,414,183,1616,California
Tuolumne,2021-01-14,147,2175,107,1586,40,589,0,0,42,1140,104,518,42,1658,California
Tuolumne,2021-01-15,474,2649,72,1658,402,991,0,0,412,1492,61,579,413,2071,California
Tuolumne,2021-01-16,7,2656,3,1661,4,995,0,0,6,1497,1,580,6,2077,California
Tuolumne,2021-01-17,8,2664,5,1666,3,998,0,0,7,1504,0,580,7,2084,California
Tuolumne,2021-01-18,46,2710,38,1704,8,1006,0,0,9,1477,36,616,9,2093,California
Tuolumne,2021-01-19,477,3187,73,1777,404,1410,0,0,431,1862,46,662,431,2524,California
Tuolumne,2021-01-20,76,3263,58,1835,18,1428,0,0,24,1835,51,713,24,2548,California
Tuolumne,2021-01-21,56,3319,23,1858,33,1461,0,0,40,1859,16,729,40,2588,California
Tuolumne,2021-01-22,169,3488,16,1874,153,1614,0,0,162,2014,7,736,162,2750,California
Tuolumne,2021-01-23,665,4153,147,2021,518,2132,0,0,550,2461,115,851,562,3312,California
Tuolumne,2021-01-24,523,4676,1,2022,522,2654,0,0,519,2978,3,854,520,3832,California
Tuolumne,2021-01-25,49,4725,28,2050,21,2675,0,0,22,2974,27,881,23,3855,California
Tuolumne,2021-01-26,80,4805,68,2118,12,2687,0,0,40,2975,40,921,41,3896,California
Tuolumne,2021-01-27,61,4866,4,2122,57,2744,0,0,8,2931,52,973,8,3904,California
Tuolumne,2021-01-28,27,4893,7,2129,20,2764,0,0,18,2940,9,982,18,3922,California
Tuolumne,2021-01-29,74,4967,6,2135,68,2832,0,0,35,2936,39,1021,35,3957,California
Tuolumne,2021-01-30,709,5676,552,2687,157,2989,0,0,686,3616,23,1044,703,4660,California
Tuolumne,2021-01-31,8,5684,2,2689,6,2995,0,0,5,3618,3,1047,5,4665,California
Tuolumne,2021-02-01,25,5709,6,2695,19,3014,0,0,22,3637,3,1050,22,4687,California
Tuolumne,2021-02-02,646,6355,37,2732,609,3623,0,0,635,4263,9,1059,635,5322,California
Tuolumne,2021-02-03,240,6595,111,2843,129,3752,0,0,88,4199,152,1211,88,5410,California
Tuolumne,2021-02-04,123,6718,13,2856,110,3862,0,0,60,4196,63,1274,60,5470,California
Tuolumne,2021-02-05,98,6816,12,2868,86,3948,0,0,35,4169,62,1336,35,5505,California
Tuolumne,2021-02-06,854,7670,580,3448,274,4222,0,0,848,5014,6,1342,851,6356,California
Tuolumne,2021-02-07,8,7678,4,3452,4,4226,0,0,4,5014,4,1346,4,6360,California
Tuolumne,2021-02-08,91,7769,40,3492,51,4277,0,0,67,5057,24,1370,67,6427,California
Tuolumne,2021-02-09,862,8631,53,3545,809,5086,0,0,822,5839,40,1410,822,7249,California
Tuolumne,2021-02-10,92,8723,17,3562,75,5161,0,0,31,5810,60,1470,31,7280,California
Tuolumne,2021-02-11,143,8866,67,3629,76,5237,0,0,77,5821,66,1536,77,7357,California
Tuolumne,2021-02-12,646,9512,19,3648,627,5864,0,0,205,5586,440,1976,205,7562,California
Tuolumne,2021-02-13,149,9661,42,3690,107,5971,0,0,118,5679,25,2001,118,7680,California
Tuolumne,2021-02-14,148,9809,12,3702,136,6107,0,0,147,5825,1,2002,147,7827,California
Tuolumne,2021-02-15,185,9994,10,3712,175,6282,0,0,176,5992,9,2011,176,8003,California
Tuolumne,2021-02-16,528,10522,17,3729,511,6793,0,0,121,5711,404,2415,123,8126,California
Tuolumne,2021-02-17,111,10633,63,3792,48,6841,0,0,61,5723,49,2464,61,8187,California
Tuolumne,2021-02-18,680,11313,26,3818,654,7495,0,0,629,6302,51,2515,630,8817,California
Tuolumne,2021-02-19,142,11455,23,3841,119,7614,0,0,43,6246,99,2614,43,8860,California
Tuolumne,2021-02-20,904,12359,342,4183,562,8176,0,0,386,6129,504,3118,387,9247,California
Tuolumne,2021-02-21,977,13336,39,4222,938,9114,0,0,470,6097,504,3622,472,9719,California
Tuolumne,2021-02-22,79,13415,58,4280,21,9135,0,0,47,6113,31,3653,47,9766,California
Tuolumne,2021-02-23,48,13463,24,4304,24,9159,0,0,26,6118,21,3674,26,9792,California
Tuolumne,2021-02-24,103,13566,58,4362,45,9204,0,0,42,6100,60,3734,42,9834,California
Tuolumne,2021-02-25,1051,14617,34,4396,1017,10221,0,0,1020,7089,31,3765,1020,10854,California
Tuolumne,2021-02-26,144,14761,10,4406,134,10355,0,0,121,7187,23,3788,121,10975,California
Tuolumne,2021-02-27,949,15710,577,4983,372,10727,0,0,247,6751,685,4473,249,11224,California
Tuolumne,2021-02-28,56,15766,4,4987,52,10779,0,0,52,6800,3,4476,52,11276,California
Tuolumne,2021-03-01,112,15878,21,5008,91,10870,0,0,77,6845,33,4509,78,11354,California
Tuolumne,2021-03-02,705,16583,73,5081,632,11502,0,0,106,6353,598,5107,106,11460,California
Tuolumne,2021-03-03,90,16673,22,5103,68,11570,0,0,65,6393,25,5132,65,11525,California
Tuolumne,2021-03-04,1169,17842,75,5178,1094,12664,0,0,1106,7436,63,5195,1106,12631,California
Tuolumne,2021-03-05,85,17927,10,5188,75,12739,0,0,48,7449,36,5231,49,12680,California
Tuolumne,2021-03-06,1055,18982,604,5792,449,13188,2,2,204,6809,847,6078,207,12887,California
Tuolumne,2021-03-07,41,19023,12,5804,14,13202,15,17,18,6819,23,6101,33,12920,California
Tuolumne,2021-03-08,194,19217,88,5892,99,13301,7,24,138,6908,56,6157,145,13065,California
Tuolumne,2021-03-09,857,20074,16,5908,830,14131,11,35,68,6203,785,6942,80,13145,California
Tuolumne,2021-03-10,78,20152,12,5920,55,14186,11,46,53,6242,25,6967,64,13209,California
Tuolumne,2021-03-11,1281,21433,36,5956,1239,15425,6,52,1255,7479,26,6993,1263,14472,California
Tuolumne,2021-03-12,299,21732,34,5990,250,15675,15,67,191,7581,107,7100,209,14681,California
Tuolumne,2021-03-13,112,21844,12,6002,100,15775,0,67,84,7639,27,7127,85,14766,California
Tuolumne,2021-03-14,142,21986,8,6010,125,15900,9,76,7,7524,135,7262,20,14786,California
Tuolumne,2021-03-15,294,22280,79,6089,212,16112,3,79,100,7441,193,7455,110,14896,California
Tuolumne,2021-03-16,802,23082,40,6129,751,16863,11,90,665,7981,136,7591,676,15572,California
Tuolumne,2021-03-17,152,23234,30,6159,109,16972,13,103,79,8001,71,7662,91,15663,California
Tuolumne,2021-03-18,948,24182,28,6187,907,17879,13,116,318,7704,628,8290,331,15994,California
Tuolumne,2021-03-19,132,24314,16,6203,85,17964,31,147,71,7746,59,8349,101,16095,California
Tuolumne,2021-03-20,89,24403,7,6210,72,18036,10,157,37,7741,51,8400,46,16141,California
Tuolumne,2021-03-21,835,25238,391,6601,434,18470,10,167,39,7002,789,9189,50,16191,California
Tuolumne,2021-03-22,164,25402,73,6674,72,18542,19,186,97,7052,66,9255,116,16307,California
Tuolumne,2021-03-23,709,26111,638,7312,57,18599,14,200,672,7700,37,9292,685,16992,California
Tuolumne,2021-03-24,110,26221,20,7332,72,18671,18,218,77,7763,32,9324,95,17087,California
Tuolumne,2021-03-25,1297,27518,23,7355,1271,19942,3,221,326,7123,969,10293,329,17416,California
Tuolumne,2021-03-26,269,27787,16,7371,230,20172,23,244,111,7109,148,10441,134,17550,California
Tuolumne,2021-03-27,578,28365,53,7424,525,20697,0,244,318,7170,258,10699,319,17869,California
Tuolumne,2021-03-28,48,28413,7,7431,41,20738,0,244,8,7140,39,10738,9,17878,California
Tuolumne,2021-03-29,205,28618,83,7514,122,20860,0,244,108,7154,94,10832,108,17986,California
Tuolumne,2021-03-30,162,28780,11,7525,150,21010,1,245,120,7234,41,10873,121,18107,California
Tuolumne,2021-03-31,95,28875,14,7539,79,21089,2,247,37,7217,56,10929,39,18146,California
Tuolumne,2021-04-01,1248,30123,30,7569,1218,22307,0,247,226,6423,1020,11949,226,18372,California
Tuolumne,2021-04-02,165,30288,11,7580,128,22435,26,273,92,6470,71,12020,118,18490,California
Tuolumne,2021-04-03,426,30714,35,7615,390,22825,1,274,239,6525,187,12207,242,18732,California
Tuolumne,2021-04-04,33,30747,3,7618,30,22855,0,274,21,6535,11,12218,21,18753,California
Tuolumne,2021-04-05,125,30872,19,7637,100,22955,6,280,55,6526,70,12288,61,18814,California
Tuolumne,2021-04-06,645,31517,516,8153,102,23057,27,307,512,6933,133,12421,540,19354,California
Tuolumne,2021-04-07,125,31642,37,8190,72,23129,16,323,47,6918,78,12499,63,19417,California
Tuolumne,2021-04-08,1435,33077,33,8223,1388,24517,14,337,239,5978,1193,13692,253,19670,California
Tuolumne,2021-04-09,267,33344,41,8264,182,24699,44,381,125,6009,142,13834,173,19843,California
Tuolumne,2021-04-10,56,33400,2,8266,34,24733,20,401,23,6020,32,13866,43,19886,California
Tuolumne,2021-04-11,17,33417,2,8268,12,24745,3,404,12,6030,5,13871,15,19901,California
Tuolumne,2021-04-12,163,33580,66,8334,92,24837,5,409,89,6056,68,13939,94,19995,California
Tuolumne,2021-04-13,784,34364,35,8369,749,25586,0,409,170,5620,606,14545,170,20165,California
Tuolumne,2021-04-14,146,34510,27,8396,119,25705,0,409,70,5618,73,14618,71,20236,California
Tuolumne,2021-04-15,338,34848,20,8416,318,26023,0,409,56,5398,276,14894,56,20292,California
Tuolumne,2021-04-16,241,35089,49,8465,192,26215,0,409,135,5434,99,14993,135,20427,California
Tuolumne,2021-04-17,43,35132,6,8471,37,26252,0,409,27,5445,16,15009,27,20454,California
Tuolumne,2021-04-18,9,35141,3,8474,6,26258,0,409,4,5445,4,15013,4,20458,California
Tuolumne,2021-04-19,168,35309,79,8553,89,26347,0,409,90,5459,76,15089,90,20548,California
Tuolumne,2021-04-20,713,36022,616,9169,97,26444,0,409,77,4907,629,15718,77,20625,California
Tuolumne,2021-04-21,117,36139,26,9195,91,26535,0,409,61,4917,51,15769,61,20686,California
Tuolumne,2021-04-22,700,36839,46,9241,654,27189,0,409,423,5073,267,16036,423,21109,California
Tuolumne,2021-04-23,160,36999,31,9272,129,27318,0,409,85,5085,73,16109,85,21194,California
Tuolumne,2021-04-24,80,37079,18,9290,62,27380,0,409,52,5109,28,16137,52,21246,California
Tuolumne,2021-04-25,27,37106,10,9300,17,27397,0,409,24,5130,3,16140,24,21270,California
Tuolumne,2021-04-26,153,37259,56,9356,97,27494,0,409,70,5119,82,16222,71,21341,California
Tuolumne,2021-04-27,134,37393,21,9377,106,27600,7,416,62,5118,70,16292,69,21410,California
Tuolumne,2021-04-28,115,37508,25,9402,79,27679,11,427,64,5143,50,16342,75,21485,California
Tuolumne,2021-04-29,271,37779,16,9418,247,27926,8,435,49,4979,221,16563,57,21542,California
Tuolumne,2021-04-30,348,38127,21,9439,315,28241,12,447,65,4776,280,16843,77,21619,California
Tuolumne,2021-05-01,24,38151,7,9446,13,28254,4,451,16,4788,8,16851,20,21639,California
Tuolumne,2021-05-02,26,38177,3,9449,21,28275,2,453,19,4802,7,16858,21,21660,California
Tuolumne,2021-05-03,86,38263,14,9463,67,28342,5,458,24,4770,61,16919,29,21689,California
Tuolumne,2021-05-04,682,38945,600,10063,77,28419,5,463,201,4495,480,17399,205,21894,California
Tuolumne,2021-05-05,92,39037,25,10088,61,28480,6,469,47,4506,43,17442,54,21948,California
Tuolumne,2021-05-06,275,39312,13,10101,248,28728,14,483,37,4323,233,17675,50,21998,California
Tuolumne,2021-05-07,310,39622,24,10125,278,29006,8,491,57,4136,252,17927,65,22063,California
Tuolumne,2021-05-08,47,39669,7,10132,36,29042,4,495,29,4151,18,17945,33,22096,California
Tuolumne,2021-05-09,15,39684,2,10134,11,29053,2,497,2,4142,13,17958,4,22100,California
Tuolumne,2021-05-10,99,39783,44,10178,50,29103,5,502,27,4103,71,18029,32,22132,California
Tuolumne,2021-05-11,195,39978,64,10242,119,29222,12,514,54,4029,140,18169,66,22198,California
Tuolumne,2021-05-12,108,40086,17,10259,88,29310,3,517,42,4008,66,18235,45,22243,California
Tuolumne,2021-05-13,82,40168,18,10277,56,29366,8,525,53,4040,29,18264,61,22304,California
Tuolumne,2021-05-14,175,40343,75,10352,90,29456,10,535,94,4064,80,18344,104,22408,California
Tuolumne,2021-05-15,23,40366,10,10362,11,29467,2,537,7,4058,16,18360,10,22418,California
Tuolumne,2021-05-16,1,40367,1,10363,0,29467,0,537,0,4057,1,18361,0,22418,California
Ventura,2020-12-15,5,5,5,5,0,0,0,0,5,5,0,0,5,5,California
Ventura,2020-12-16,73,78,73,78,0,0,0,0,73,78,0,0,73,78,California
Ventura,2020-12-17,249,327,249,327,0,0,0,0,249,327,0,0,249,327,California
Ventura,2020-12-18,1412,1739,1412,1739,0,0,0,0,1412,1739,0,0,1412,1739,California
Ventura,2020-12-19,911,2650,911,2650,0,0,0,0,911,2650,0,0,911,2650,California
Ventura,2020-12-20,430,3080,430,3080,0,0,0,0,430,3080,0,0,430,3080,California
Ventura,2020-12-21,1467,4547,1467,4547,0,0,0,0,1467,4547,0,0,1467,4547,California
Ventura,2020-12-22,1104,5651,1099,5646,5,5,0,0,1104,5651,0,0,1104,5651,California
Ventura,2020-12-23,1027,6678,979,6625,48,53,0,0,1027,6678,0,0,1027,6678,California
Ventura,2020-12-24,477,7155,379,7004,98,151,0,0,477,7155,0,0,477,7155,California
Ventura,2020-12-25,11,7166,7,7011,4,155,0,0,11,7166,0,0,11,7166,California
Ventura,2020-12-26,112,7278,92,7103,20,175,0,0,112,7278,0,0,112,7278,California
Ventura,2020-12-27,58,7336,27,7130,31,206,0,0,58,7336,0,0,58,7336,California
Ventura,2020-12-28,1072,8408,932,8062,140,346,0,0,1072,8408,0,0,1072,8408,California
Ventura,2020-12-29,1171,9579,764,8826,407,753,0,0,1171,9579,0,0,1171,9579,California
Ventura,2020-12-30,1987,11566,1522,10348,465,1218,0,0,1987,11566,0,0,1987,11566,California
Ventura,2020-12-31,480,12046,162,10510,318,1536,0,0,480,12046,0,0,480,12046,California
Ventura,2021-01-01,25,12071,7,10517,18,1554,0,0,25,12071,0,0,25,12071,California
Ventura,2021-01-02,174,12245,79,10596,95,1649,0,0,174,12245,0,0,174,12245,California
Ventura,2021-01-03,16,12261,8,10604,8,1657,0,0,16,12261,0,0,16,12261,California
Ventura,2021-01-04,1083,13344,552,11156,531,2188,0,0,1082,13343,0,0,1082,13343,California
Ventura,2021-01-05,1373,14717,777,11933,596,2784,0,0,1331,14632,42,42,1331,14674,California
Ventura,2021-01-06,2059,16776,1181,13114,878,3662,0,0,1627,15838,423,465,1629,16303,California
Ventura,2021-01-07,2068,18844,1326,14440,742,4404,0,0,1181,16134,885,1350,1181,17484,California
Ventura,2021-01-08,2197,21041,1474,15914,723,5127,0,0,906,15752,1289,2639,907,18391,California
Ventura,2021-01-09,721,21762,500,16414,221,5348,0,0,319,15669,402,3041,319,18710,California
Ventura,2021-01-10,343,22105,327,16741,16,5364,0,0,129,15584,214,3255,129,18839,California
Ventura,2021-01-11,2445,24550,1488,18229,957,6321,0,0,1493,16128,952,4207,1496,20335,California
Ventura,2021-01-12,3044,27594,1612,19841,1432,7753,0,0,2019,17122,1025,5232,2019,22354,California
Ventura,2021-01-13,2927,30521,1424,21265,1503,9256,0,0,2043,18285,881,6113,2044,24398,California
Ventura,2021-01-14,2736,33257,1062,22327,1674,10930,0,0,2288,20127,447,6560,2289,26687,California
Ventura,2021-01-15,2889,36146,972,23299,1917,12847,0,0,2676,22591,213,6773,2677,29364,California
Ventura,2021-01-16,485,36631,187,23486,298,13145,0,0,405,22916,80,6853,405,29769,California
Ventura,2021-01-17,260,36891,138,23624,122,13267,0,0,254,23164,6,6859,254,30023,California
Ventura,2021-01-18,2217,39108,1671,25295,546,13813,0,0,1666,24281,550,7409,1667,31690,California
Ventura,2021-01-19,3045,42153,2122,27417,923,14736,0,0,2150,25539,895,8304,2153,33843,California
Ventura,2021-01-20,4097,46250,3145,30562,952,15688,0,0,3043,27532,1051,9355,3044,36887,California
Ventura,2021-01-21,3845,50095,2676,33238,1169,16857,0,0,3168,30028,674,10029,3170,40057,California
Ventura,2021-01-22,3615,53710,2495,35733,1120,17977,0,0,3454,33321,161,10190,3454,43511,California
Ventura,2021-01-23,1182,54892,648,36381,534,18511,0,0,1082,34306,99,10289,1084,44595,California
Ventura,2021-01-24,453,55345,137,36518,316,18827,0,0,440,34733,13,10302,440,45035,California
Ventura,2021-01-25,3156,58501,2032,38550,1124,19951,0,0,2600,36779,555,10857,2601,47636,California
Ventura,2021-01-26,3717,62218,2209,40759,1508,21459,0,0,2718,38500,998,11855,2719,50355,California
Ventura,2021-01-27,3463,65681,1561,42320,1902,23361,0,0,2720,40481,739,12594,2720,53075,California
Ventura,2021-01-28,3877,69558,1997,44317,1880,25241,0,0,3262,43146,598,13192,3263,56338,California
Ventura,2021-01-29,4271,73829,2524,46841,1747,26988,0,0,3768,46424,490,13682,3768,60106,California
Ventura,2021-01-30,3040,76869,1966,48807,1074,28062,0,0,2869,49127,167,13849,2870,62976,California
Ventura,2021-01-31,836,77705,448,49255,388,28450,0,0,749,49790,86,13935,749,63725,California
Ventura,2021-02-01,3948,81653,2115,51370,1833,30283,0,0,3171,52190,773,14708,3173,66898,California
Ventura,2021-02-02,4407,86060,2375,53745,2032,32315,0,0,3383,54554,1020,15728,3384,70282,California
Ventura,2021-02-03,4455,90515,2090,55835,2365,34680,0,0,3445,56995,1005,16733,3446,73728,California
Ventura,2021-02-04,4785,95300,2296,58131,2489,37169,0,0,3521,59262,1256,17989,3523,77251,California
Ventura,2021-02-05,4842,100142,2321,60452,2521,39690,0,0,3348,61131,1481,19470,3350,80601,California
Ventura,2021-02-06,2841,102983,1517,61969,1324,41014,0,0,2438,63167,402,19872,2438,83039,California
Ventura,2021-02-07,713,103696,243,62212,470,41484,0,0,587,63629,126,19998,588,83627,California
Ventura,2021-02-08,3499,107195,1625,63837,1874,43358,0,0,2429,64993,1065,21063,2429,86056,California
Ventura,2021-02-09,4722,111917,1974,65811,2748,46106,0,0,2465,65205,2256,23319,2468,88524,California
Ventura,2021-02-10,4718,116635,2238,68049,2480,48586,0,0,2390,65279,2317,25636,2391,90915,California
Ventura,2021-02-11,4667,121302,1864,69913,2803,51389,0,0,2449,65520,2211,27847,2452,93367,California
Ventura,2021-02-12,6309,127611,2665,72578,3644,55033,0,0,3226,65668,3078,30925,3226,96593,California
Ventura,2021-02-13,3302,130913,1828,74406,1474,56507,0,0,1847,66066,1451,32376,1849,98442,California
Ventura,2021-02-14,1227,132140,124,74530,1103,57610,0,0,1011,66862,216,32592,1012,99454,California
Ventura,2021-02-15,3989,136129,1799,76329,2190,59800,0,0,2119,67114,1867,34459,2119,101573,California
Ventura,2021-02-16,5553,141682,2708,79037,2845,62645,0,0,3015,67599,2530,36989,3015,104588,California
Ventura,2021-02-17,5240,146922,1925,80962,3315,65960,0,0,3270,68909,1960,38949,3270,107858,California
Ventura,2021-02-18,5782,152704,1832,82794,3950,69910,0,0,3635,70408,2136,41085,3635,111493,California
Ventura,2021-02-19,6458,159162,3773,86567,2685,72595,0,0,3013,69985,3438,44523,3015,114508,California
Ventura,2021-02-20,4939,164101,3172,89739,1767,74362,0,0,2770,70596,2163,46686,2774,117282,California
Ventura,2021-02-21,1099,165200,810,90549,289,74651,0,0,451,70405,642,47328,451,117733,California
Ventura,2021-02-22,5376,170576,2413,92962,2963,77614,0,0,3461,71960,1906,49234,3461,121194,California
Ventura,2021-02-23,5946,176522,2978,95940,2968,80582,0,0,3421,72874,2509,51743,3423,124617,California
Ventura,2021-02-24,7008,183530,2616,98556,4392,84974,0,0,4250,74381,2745,54488,4252,128869,California
Ventura,2021-02-25,7496,191026,2572,101128,4924,89898,0,0,4575,76051,2907,57395,4577,133446,California
Ventura,2021-02-26,9355,200381,2773,103901,6582,96480,0,0,6166,79057,3162,60557,6168,139614,California
Ventura,2021-02-27,9999,210380,5276,109177,4723,101203,0,0,7375,83834,2608,63165,7385,146999,California
Ventura,2021-02-28,2571,212951,1637,110814,933,102136,1,1,2096,85462,468,63633,2096,149095,California
Ventura,2021-03-01,6952,219903,2816,113630,4136,106272,0,1,4633,87801,2307,65940,4646,153741,California
Ventura,2021-03-02,7488,227391,3941,117571,3545,109817,2,3,5258,90839,2220,68160,5258,158999,California
Ventura,2021-03-03,8525,235916,3904,121475,4620,114437,1,4,6076,94486,2434,70594,6081,165080,California
Ventura,2021-03-04,8109,244025,3869,125344,4240,118677,0,4,5476,97346,2619,73213,5479,170559,California
Ventura,2021-03-05,9980,254005,4806,130150,5164,123841,10,14,7086,101571,2879,76092,7104,177663,California
Ventura,2021-03-06,7236,261241,4397,134547,2686,126527,153,167,5321,105139,1908,78000,5476,183139,California
Ventura,2021-03-07,1653,262894,606,135153,947,127474,100,267,1235,106056,418,78418,1335,184474,California
Ventura,2021-03-08,6741,269635,3415,138568,3172,130646,154,421,4634,108746,2101,80519,4791,189265,California
Ventura,2021-03-09,6556,276191,2824,141392,3532,134178,200,621,3682,109770,2860,83379,3884,193149,California
Ventura,2021-03-10,6812,283003,2971,144363,3602,137780,239,860,4489,112188,2310,85689,4728,197877,California
Ventura,2021-03-11,6378,289381,2890,147253,3175,140955,313,1173,3424,112982,2941,88630,3735,201612,California
Ventura,2021-03-12,8524,297905,3036,150289,4643,145598,845,2018,4113,113546,4393,93023,4957,206569,California
Ventura,2021-03-13,6691,304596,2499,152788,3350,148948,842,2860,3761,115226,2921,95944,4601,211170,California
Ventura,2021-03-14,2133,306729,479,153267,1159,150107,495,3355,715,115020,1417,97361,1211,212381,California
Ventura,2021-03-15,6920,313649,2050,155317,3521,153628,1349,4704,2973,115416,3922,101283,4318,216699,California
Ventura,2021-03-16,7925,321574,2462,157779,4350,157978,1113,5817,3989,116595,3922,105205,5101,221800,California
Ventura,2021-03-17,7476,329050,2771,160550,4357,162335,348,6165,4467,118426,2986,108191,4817,226617,California
Ventura,2021-03-18,7228,336278,3274,163824,3802,166137,152,6317,4708,120778,2506,110697,4858,231475,California
Ventura,2021-03-19,8407,344685,3780,167604,4514,170651,113,6430,5023,122547,3365,114062,5134,236609,California
Ventura,2021-03-20,8150,352835,5248,172852,2881,173532,21,6451,3897,122237,4229,118291,3919,240528,California
Ventura,2021-03-21,2787,355622,1513,174365,902,174434,372,6823,1319,122470,1456,119747,1689,242217,California
Ventura,2021-03-22,7346,362968,3690,178055,3554,177988,102,6925,4842,124928,2488,122235,4946,247163,California
Ventura,2021-03-23,8188,371156,3888,181943,4228,182216,72,6997,4671,126179,3491,125726,4742,251905,California
Ventura,2021-03-24,8873,380029,3409,185352,5389,187605,75,7072,4428,126266,4416,130142,4503,256408,California
Ventura,2021-03-25,8797,388826,3907,189259,4790,192395,100,7172,4449,126484,4331,134473,4549,260957,California
Ventura,2021-03-26,9827,398653,3351,192610,5823,198218,653,7825,3905,125146,5894,140367,4556,265513,California
Ventura,2021-03-27,8115,406768,3905,196515,4170,202388,40,7865,2396,121886,5697,146064,2437,267950,California
Ventura,2021-03-28,2531,409299,1411,197926,1111,203499,9,7874,1385,122143,1137,147201,1394,269344,California
Ventura,2021-03-29,8446,417745,4254,202180,4149,207648,43,7917,4220,122208,4198,151399,4263,273607,California
Ventura,2021-03-30,8939,426684,4413,206593,4398,212046,128,8045,4527,122464,4398,155797,4654,278261,California
Ventura,2021-03-31,10701,437385,4826,211419,5248,217294,627,8672,4646,121706,6033,161830,5275,283536,California
Ventura,2021-04-01,10689,448074,5202,216621,4609,221903,878,9550,5395,122707,5273,167103,6274,289810,California
Ventura,2021-04-02,11645,459719,4606,221227,5733,227636,1306,10856,5553,123514,6062,173165,6869,296679,California
Ventura,2021-04-03,8030,467749,3958,225185,2926,230562,1146,12002,3372,123382,4648,177813,4516,301195,California
Ventura,2021-04-04,1717,469466,962,226147,621,231183,134,12136,1154,124115,556,178369,1289,302484,California
Ventura,2021-04-05,9316,478782,4872,231019,3341,234524,1103,13239,4730,125374,4575,182944,5834,308318,California
Ventura,2021-04-06,10843,489625,5550,236569,3812,238336,1481,14720,5562,127158,5256,188200,7040,315358,California
Ventura,2021-04-07,11313,500938,5430,241999,4401,242737,1482,16202,5174,127685,6124,194324,6651,322009,California
Ventura,2021-04-08,10249,511187,5312,247311,3997,246734,940,17142,5120,128623,5114,199438,6052,328061,California
Ventura,2021-04-09,11098,522285,4344,251655,5047,251781,1707,18849,4844,128936,6232,205670,6545,334606,California
Ventura,2021-04-10,9140,531425,3510,255165,3476,255257,2154,21003,3003,127968,6121,211791,5153,339759,California
Ventura,2021-04-11,2423,533848,861,256026,993,256250,569,21572,685,127489,1731,213522,1252,341011,California
Ventura,2021-04-12,8889,542737,4471,260497,3611,259861,807,22379,3744,126907,5127,218649,4545,345556,California
Ventura,2021-04-13,8765,551502,4437,264934,4322,264183,6,22385,3744,125667,4990,223639,3750,349306,California
Ventura,2021-04-14,8664,560166,4064,268998,4585,268768,15,22400,3366,123787,5263,228902,3383,352689,California
Ventura,2021-04-15,9310,569476,4534,273532,4769,273537,7,22407,4105,122717,5182,234084,4112,356801,California
Ventura,2021-04-16,10128,579604,4487,278019,5640,279177,1,22408,4858,122324,5254,239338,4861,361662,California
Ventura,2021-04-17,8558,588162,5318,283337,3239,282416,1,22409,5023,123825,3523,242861,5024,366686,California
Ventura,2021-04-18,2134,590296,1014,284351,1120,283536,0,22409,905,123506,1224,244085,905,367591,California
Ventura,2021-04-19,8033,598329,4851,289202,3181,286717,1,22410,4640,124774,3374,247459,4642,372233,California
Ventura,2021-04-20,9246,607575,4915,294117,4327,291044,4,22414,4375,124299,4855,252314,4380,376613,California
Ventura,2021-04-21,8856,616431,4533,298650,4319,295363,4,22418,4221,123904,4621,256935,4226,380839,California
Ventura,2021-04-22,10034,626465,5484,304134,4550,299913,0,22418,4501,122889,5516,262451,4501,385340,California
Ventura,2021-04-23,10803,637268,5396,309530,5406,305319,1,22419,5413,122939,5363,267814,5413,390753,California
Ventura,2021-04-24,10323,647591,5894,315424,4429,309748,0,22419,6118,124865,4193,272007,6119,396872,California
Ventura,2021-04-25,2473,650064,1701,317125,772,310520,0,22419,1141,124678,1328,273335,1141,398013,California
Ventura,2021-04-26,7189,657253,4131,321256,2993,313513,65,22484,2998,123568,4169,277504,3059,401072,California
Ventura,2021-04-27,8358,665611,4623,325879,3566,317079,169,22653,3152,121697,5191,282695,3320,404392,California
Ventura,2021-04-28,8246,673857,4813,330692,3117,320196,316,22969,3212,120210,5015,287710,3528,407920,California
Ventura,2021-04-29,7755,681612,4220,334912,3271,323467,264,23233,2745,118231,4986,292696,3007,410927,California
Ventura,2021-04-30,9325,690937,5443,340355,3609,327076,273,23506,3858,116917,5437,298133,4123,415050,California
Ventura,2021-05-01,4939,695876,3631,343986,1206,328282,102,23608,1864,115825,3058,301191,1966,417016,California
Ventura,2021-05-02,2129,698005,1428,345414,612,328894,89,23697,1035,115859,1090,302281,1124,418140,California
Ventura,2021-05-03,6220,704225,3912,349326,2031,330925,277,23974,1951,113837,4249,306530,2227,420367,California
Ventura,2021-05-04,6272,710497,3317,352643,2656,333581,299,24273,2269,112415,3989,310519,2567,422934,California
Ventura,2021-05-05,5255,715752,3008,355651,1989,335570,258,24531,1899,111234,3333,313852,2152,425086,California
Ventura,2021-05-06,6056,721808,3208,358859,2578,338148,270,24801,1923,109311,4116,317968,2193,427279,California
Ventura,2021-05-07,6620,728428,3333,362192,3014,341162,273,25074,2261,107512,4333,322301,2534,429813,California
Ventura,2021-05-08,5291,733719,4112,366304,1027,342189,152,25226,1208,104802,4070,326371,1360,431173,California
Ventura,2021-05-09,1052,734771,733,367037,273,342462,46,25272,398,104600,646,327017,444,431617,California
Ventura,2021-05-10,6005,740776,4072,371109,1730,344192,203,25475,1352,101509,4645,331662,1554,433171,California
Ventura,2021-05-11,5086,745862,3199,374308,1679,345871,208,25683,1465,99569,3612,335274,1672,434843,California
Ventura,2021-05-12,4705,750567,2701,377009,1807,347678,197,25880,1444,97968,3242,338516,1641,436484,California
Ventura,2021-05-13,5596,756163,3316,380325,2085,349763,195,26075,1888,96355,3696,342212,2083,438567,California
Ventura,2021-05-14,6786,762949,4201,384526,2397,352160,188,26263,2526,94823,4244,346456,2712,441279,California
Ventura,2021-05-15,4899,767848,4169,388695,666,352826,64,26327,1870,93740,3018,349474,1935,443214,California
Ventura,2021-05-16,972,768820,874,389569,94,352920,4,26331,543,93860,428,349902,548,443762,California
Yolo,2020-12-15,39,39,39,39,0,0,0,0,39,39,0,0,39,39,California
Yolo,2020-12-16,78,117,78,117,0,0,0,0,78,117,0,0,78,117,California
Yolo,2020-12-17,101,218,101,218,0,0,0,0,101,218,0,0,101,218,California
Yolo,2020-12-18,210,428,210,428,0,0,0,0,210,428,0,0,210,428,California
Yolo,2020-12-19,88,516,88,516,0,0,0,0,88,516,0,0,88,516,California
Yolo,2020-12-20,100,616,100,616,0,0,0,0,100,616,0,0,100,616,California
Yolo,2020-12-21,254,870,254,870,0,0,0,0,254,870,0,0,254,870,California
Yolo,2020-12-22,381,1251,380,1250,1,1,0,0,381,1251,0,0,381,1251,California
Yolo,2020-12-23,432,1683,412,1662,20,21,0,0,432,1683,0,0,432,1683,California
Yolo,2020-12-24,151,1834,95,1757,56,77,0,0,151,1834,0,0,151,1834,California
Yolo,2020-12-25,1,1835,1,1758,0,77,0,0,1,1835,0,0,1,1835,California
Yolo,2020-12-26,75,1910,25,1783,50,127,0,0,75,1910,0,0,75,1910,California
Yolo,2020-12-27,46,1956,19,1802,27,154,0,0,46,1956,0,0,46,1956,California
Yolo,2020-12-28,346,2302,179,1981,167,321,0,0,346,2302,0,0,346,2302,California
Yolo,2020-12-29,488,2790,267,2248,221,542,0,0,488,2790,0,0,488,2790,California
Yolo,2020-12-30,622,3412,254,2502,368,910,0,0,622,3412,0,0,622,3412,California
Yolo,2020-12-31,185,3597,95,2597,90,1000,0,0,185,3597,0,0,185,3597,California
Yolo,2021-01-01,58,3655,56,2653,2,1002,0,0,58,3655,0,0,58,3655,California
Yolo,2021-01-02,69,3724,26,2679,43,1045,0,0,69,3724,0,0,69,3724,California
Yolo,2021-01-03,44,3768,19,2698,25,1070,0,0,44,3768,0,0,44,3768,California
Yolo,2021-01-04,193,3961,43,2741,150,1220,0,0,193,3961,0,0,193,3961,California
Yolo,2021-01-05,612,4573,236,2977,376,1596,0,0,551,4451,61,61,551,4512,California
Yolo,2021-01-06,480,5053,183,3160,297,1893,0,0,349,4669,131,192,349,4861,California
Yolo,2021-01-07,709,5762,234,3394,475,2368,0,0,519,4999,189,381,519,5380,California
Yolo,2021-01-08,633,6395,312,3706,321,2689,0,0,417,5201,215,596,417,5797,California
Yolo,2021-01-09,410,6805,69,3775,341,3030,0,0,364,5519,46,642,364,6161,California
Yolo,2021-01-10,393,7198,80,3855,313,3343,0,0,323,5772,70,712,323,6484,California
Yolo,2021-01-11,562,7760,325,4180,237,3580,0,0,293,5798,269,981,295,6779,California
Yolo,2021-01-12,481,8241,364,4544,117,3697,0,0,173,5664,308,1289,174,6953,California
Yolo,2021-01-13,769,9010,312,4856,457,4154,0,0,519,5933,250,1539,519,7472,California
Yolo,2021-01-14,377,9387,183,5039,194,4348,0,0,273,6102,104,1643,273,7745,California
Yolo,2021-01-15,623,10010,318,5357,305,4653,0,0,544,6568,79,1722,545,8290,California
Yolo,2021-01-16,740,10750,95,5452,645,5298,0,0,709,7246,31,1753,709,8999,California
Yolo,2021-01-17,187,10937,118,5570,69,5367,0,0,180,7419,7,1760,180,9179,California
Yolo,2021-01-18,479,11416,303,5873,176,5543,0,0,380,7700,99,1859,380,9559,California
Yolo,2021-01-19,558,11974,374,6247,184,5727,0,0,383,7908,175,2034,383,9942,California
Yolo,2021-01-20,660,12634,380,6627,280,6007,0,0,475,8199,184,2218,475,10417,California
Yolo,2021-01-21,649,13283,382,7009,267,6274,0,0,461,8472,188,2406,461,10878,California
Yolo,2021-01-22,746,14029,250,7259,496,6770,0,0,629,8986,115,2521,629,11507,California
Yolo,2021-01-23,615,14644,124,7383,491,7261,0,0,567,9505,48,2569,567,12074,California
Yolo,2021-01-24,208,14852,124,7507,84,7345,0,0,167,9631,41,2610,167,12241,California
Yolo,2021-01-25,730,15582,156,7663,574,7919,0,0,513,9927,217,2827,513,12754,California
Yolo,2021-01-26,818,16400,327,7990,491,8410,0,0,429,9967,389,3216,429,13183,California
Yolo,2021-01-27,557,16957,223,8213,334,8744,0,0,383,10176,174,3390,383,13566,California
Yolo,2021-01-28,1051,18008,567,8780,484,9228,0,0,925,10976,125,3515,925,14491,California
Yolo,2021-01-29,874,18882,264,9044,610,9838,0,0,791,11685,82,3597,791,15282,California
Yolo,2021-01-30,1515,20397,915,9959,600,10438,0,0,1406,12988,103,3700,1406,16688,California
Yolo,2021-01-31,249,20646,211,10170,38,10476,0,0,214,13168,34,3734,214,16902,California
Yolo,2021-02-01,844,21490,360,10530,484,10960,0,0,614,13555,227,3961,614,17516,California
Yolo,2021-02-02,1322,22812,746,11276,576,11536,0,0,930,14094,392,4353,931,18447,California
Yolo,2021-02-03,1515,24327,398,11674,1117,12653,0,0,1182,14946,330,4683,1182,19629,California
Yolo,2021-02-04,1787,26114,283,11957,1504,14157,0,0,1237,15645,539,5222,1238,20867,California
Yolo,2021-02-05,1593,27707,902,12859,691,14848,0,0,1196,16446,396,5618,1197,22064,California
Yolo,2021-02-06,1916,29623,1246,14105,670,15518,0,0,1555,17641,361,5979,1556,23620,California
Yolo,2021-02-07,520,30143,250,14355,270,15788,0,0,171,17464,348,6327,171,23791,California
Yolo,2021-02-08,948,31091,332,14687,616,16404,0,0,605,17729,340,6667,605,24396,California
Yolo,2021-02-09,863,31954,389,15076,474,16878,0,0,578,18022,285,6952,578,24974,California
Yolo,2021-02-10,1458,33412,477,15553,981,17859,0,0,821,18208,637,7589,823,25797,California
Yolo,2021-02-11,1567,34979,799,16352,768,18627,0,0,1185,19011,382,7971,1185,26982,California
Yolo,2021-02-12,1908,36887,749,17101,1159,19786,0,0,1440,19987,464,8435,1440,28422,California
Yolo,2021-02-13,2056,38943,712,17813,1344,21130,0,0,1391,20713,665,9100,1391,29813,California
Yolo,2021-02-14,571,39514,155,17968,416,21546,0,0,446,21035,124,9224,446,30259,California
Yolo,2021-02-15,531,40045,189,18157,342,21888,0,0,266,21037,265,9489,267,30526,California
Yolo,2021-02-16,1129,41174,426,18583,703,22591,0,0,810,21529,319,9808,811,31337,California
Yolo,2021-02-17,1391,42565,701,19284,690,23281,0,0,996,22130,395,10203,996,32333,California
Yolo,2021-02-18,2496,45061,814,20098,1682,24963,0,0,1726,23088,769,10972,1727,34060,California
Yolo,2021-02-19,1742,46803,745,20843,997,25960,0,0,1121,23590,619,11591,1121,35181,California
Yolo,2021-02-20,2443,49246,949,21792,1494,27454,0,0,1372,23897,1066,12657,1373,36554,California
Yolo,2021-02-21,284,49530,226,22018,58,27512,0,0,74,23762,209,12866,74,36628,California
Yolo,2021-02-22,1361,50891,600,22618,761,28273,0,0,693,23788,667,13533,693,37321,California
Yolo,2021-02-23,1126,52017,842,23460,284,28557,0,0,438,23540,686,14219,438,37759,California
Yolo,2021-02-24,2093,54110,592,24052,1501,30058,0,0,1383,24215,708,14927,1383,39142,California
Yolo,2021-02-25,1381,55491,486,24538,895,30953,0,0,916,24667,464,15391,916,40058,California
Yolo,2021-02-26,2599,58090,1011,25549,1588,32541,0,0,1393,24857,1203,16594,1393,41451,California
Yolo,2021-02-27,1659,59749,766,26315,893,33434,0,0,1209,25616,450,17044,1209,42660,California
Yolo,2021-02-28,1773,61522,1492,27807,281,33715,0,0,679,25203,1092,18136,679,43339,California
Yolo,2021-03-01,1105,62627,368,28175,737,34452,0,0,673,25446,430,18566,673,44012,California
Yolo,2021-03-02,1463,64090,683,28858,780,35232,0,0,933,25849,530,19096,933,44945,California
Yolo,2021-03-03,1842,65932,632,29490,1210,36442,0,0,835,25679,1005,20101,835,45780,California
Yolo,2021-03-04,2910,68842,1454,30944,1456,37898,0,0,1576,25924,1331,21432,1576,47356,California
Yolo,2021-03-05,2349,71191,1396,32340,942,38840,11,11,1473,26533,875,22307,1484,48840,California
Yolo,2021-03-06,1469,72660,1121,33461,319,39159,29,40,837,26769,630,22937,866,49706,California
Yolo,2021-03-07,911,73571,675,34136,222,39381,14,54,775,27422,136,23073,789,50495,California
Yolo,2021-03-08,1094,74665,489,34625,562,39943,43,97,766,27905,327,23400,810,51305,California
Yolo,2021-03-09,1245,75910,671,35296,513,40456,61,158,755,28233,488,23888,816,52121,California
Yolo,2021-03-10,1798,77708,1049,36345,461,40917,288,446,751,28223,1043,24931,1033,53154,California
Yolo,2021-03-11,2345,80053,1600,37945,679,41596,66,512,1600,29146,744,25675,1667,54821,California
Yolo,2021-03-12,2893,82946,1343,39288,1471,43067,79,591,1372,29083,1513,27188,1450,56271,California
Yolo,2021-03-13,1844,84790,730,40018,937,44004,177,768,998,29415,843,28031,1175,57446,California
Yolo,2021-03-14,1004,85794,211,40229,643,44647,150,918,523,29603,480,28511,668,58114,California
Yolo,2021-03-15,1322,87116,772,41001,374,45021,176,1094,707,29871,613,29124,881,58995,California
Yolo,2021-03-16,1868,88984,717,41718,1079,46100,72,1166,1103,30281,765,29889,1175,60170,California
Yolo,2021-03-17,2490,91474,970,42688,1448,47548,72,1238,1707,31311,780,30669,1810,61980,California
Yolo,2021-03-18,3019,94493,1022,43710,1773,49321,224,1462,1264,31048,1751,32420,1488,63468,California
Yolo,2021-03-19,2086,96579,863,44573,1155,50476,68,1530,1095,31226,985,33405,1163,64631,California
Yolo,2021-03-20,2748,99327,817,45390,1890,52366,41,1571,1115,30757,1627,35032,1158,65789,California
Yolo,2021-03-21,316,99643,215,45605,93,52459,8,1579,229,30908,86,35118,237,66026,California
Yolo,2021-03-22,1399,101042,487,46092,854,53313,58,1637,919,31407,477,35595,976,67002,California
Yolo,2021-03-23,1731,102773,933,47025,742,54055,56,1693,1073,31878,657,36252,1128,68130,California
Yolo,2021-03-24,2850,105623,1394,48419,1407,55462,49,1742,1420,31930,1418,37670,1470,69600,California
Yolo,2021-03-25,2540,108163,1408,49827,1105,56567,27,1769,1257,31941,1273,38943,1284,70884,California
Yolo,2021-03-26,2398,110561,1255,51082,1124,57691,19,1788,1034,31636,1357,40300,1052,71936,California
Yolo,2021-03-27,1653,112214,454,51536,1182,58873,17,1805,762,31525,890,41190,779,72715,California
Yolo,2021-03-28,1106,113320,862,52398,226,59099,18,1823,276,30993,826,42016,294,73009,California
Yolo,2021-03-29,2013,115333,822,53220,1161,60260,30,1853,980,30974,1029,43045,1010,74019,California
Yolo,2021-03-30,2269,117602,1068,54288,1178,61438,23,1876,1178,31089,1086,44131,1201,75220,California
Yolo,2021-03-31,2346,119948,1219,55507,1091,62529,36,1912,1198,31178,1147,45278,1236,76456,California
Yolo,2021-04-01,3832,123780,1841,57348,1516,64045,475,2387,1620,31063,2209,47487,2094,78550,California
Yolo,2021-04-02,3379,127159,1505,58853,1730,65775,144,2531,2091,32017,1282,48769,2236,80786,California
Yolo,2021-04-03,1789,128948,1078,59931,496,66271,215,2746,800,32044,988,49757,1015,81801,California
Yolo,2021-04-04,390,129338,153,60084,175,66446,62,2808,147,32010,243,50000,209,82010,California
Yolo,2021-04-05,1904,131242,730,60814,1076,67522,98,2906,1008,32225,891,50891,1106,83116,California
Yolo,2021-04-06,2566,133808,1300,62114,1095,68617,171,3077,1312,32464,1245,52136,1484,84600,California
Yolo,2021-04-07,2973,136781,1512,63626,1110,69727,351,3428,1921,33694,1046,53182,2276,86876,California
Yolo,2021-04-08,2416,139197,1001,64627,942,70669,473,3901,1022,33794,1391,54573,1491,88367,California
Yolo,2021-04-09,2571,141768,913,65540,1081,71750,577,4478,844,33484,1724,56297,1414,89781,California
Yolo,2021-04-10,1731,143499,816,66356,739,72489,176,4654,1024,33980,703,57000,1199,90980,California
Yolo,2021-04-11,887,144386,282,66638,561,73050,44,4698,364,33867,520,57520,407,91387,California
Yolo,2021-04-12,1763,146149,520,67158,1099,74149,144,4842,1091,34434,669,58189,1236,92623,California
Yolo,2021-04-13,1969,148118,911,68069,1058,75207,0,4842,1039,34544,929,59118,1039,93662,California
Yolo,2021-04-14,2757,150875,762,68831,1995,77202,0,4842,1368,34528,1384,60502,1368,95030,California
Yolo,2021-04-15,3305,154180,1132,69963,2173,79375,0,4842,2263,35757,1034,61536,2263,97293,California
Yolo,2021-04-16,3037,157217,1957,71920,1080,80455,0,4842,1934,36594,1097,62633,1934,99227,California
Yolo,2021-04-17,1602,158819,470,72390,1132,81587,0,4842,829,36653,770,63403,829,100056,California
Yolo,2021-04-18,633,159452,305,72695,328,81915,0,4842,354,36731,276,63679,354,100410,California
Yolo,2021-04-19,1664,161116,716,73411,947,82862,1,4843,766,36605,893,64572,767,101177,California
Yolo,2021-04-20,1996,163112,1009,74420,987,83849,0,4843,1071,36753,923,65495,1071,102248,California
Yolo,2021-04-21,1981,165093,983,75403,998,84847,0,4843,1082,36940,895,66390,1082,103330,California
Yolo,2021-04-22,1932,167025,875,76278,1057,85904,0,4843,961,36936,966,67356,962,104292,California
Yolo,2021-04-23,2610,169635,1523,77801,1087,86991,0,4843,1168,36674,1430,68786,1168,105460,California
Yolo,2021-04-24,1154,170789,630,78431,522,87513,2,4845,454,36438,692,69478,456,105916,California
Yolo,2021-04-25,942,171731,401,78832,541,88054,0,4845,722,36941,219,69697,722,106638,California
Yolo,2021-04-26,1177,172908,450,79282,724,88778,3,4848,483,36736,692,70389,487,107125,California
Yolo,2021-04-27,1487,174395,697,79979,781,89559,9,4857,571,36403,915,71304,582,107707,California
Yolo,2021-04-28,2012,176407,995,80974,990,90549,27,4884,704,35829,1305,72609,731,108438,California
Yolo,2021-04-29,1710,178117,789,81763,838,91387,83,4967,650,35503,1059,73668,733,109171,California
Yolo,2021-04-30,2001,180118,988,82751,956,92343,57,5024,958,35481,1037,74705,1015,110186,California
Yolo,2021-05-01,1283,181401,997,83748,266,92609,20,5044,382,34983,900,75605,402,110588,California
Yolo,2021-05-02,495,181896,401,84149,71,92680,23,5067,321,35153,174,75779,344,110932,California
Yolo,2021-05-03,1122,183018,407,84556,681,93361,34,5101,304,34674,816,76595,337,111269,California
Yolo,2021-05-04,1439,184457,659,85215,756,94117,24,5125,487,34237,948,77543,511,111780,California
Yolo,2021-05-05,1551,186008,422,85637,1063,95180,66,5191,438,33635,1106,78649,504,112284,California
Yolo,2021-05-06,1505,187513,700,86337,726,95906,79,5270,501,33224,991,79640,580,112864,California
Yolo,2021-05-07,2299,189812,1373,87710,875,96781,51,5321,458,31899,1833,81473,508,113372,California
Yolo,2021-05-08,825,190637,359,88069,409,97190,57,5378,311,31755,511,81984,367,113739,California
Yolo,2021-05-09,393,191030,163,88232,217,97407,13,5391,90,31556,302,82286,103,113842,California
Yolo,2021-05-10,901,191931,356,88588,499,97906,46,5437,154,31010,745,83031,199,114041,California
Yolo,2021-05-11,1119,193050,649,89237,448,98354,22,5459,274,30464,841,83872,295,114336,California
Yolo,2021-05-12,1494,194544,661,89898,805,99159,28,5487,274,29552,1217,85089,305,114641,California
Yolo,2021-05-13,2054,196598,772,90670,1224,100383,58,5545,584,28728,1466,86555,642,115283,California
Yolo,2021-05-14,1803,198401,1301,91971,473,100856,29,5574,1032,29022,768,87323,1062,116345,California
Yolo,2021-05-15,884,199285,509,92480,330,101186,45,5619,492,29167,392,87715,537,116882,California
Yolo,2021-05-16,1179,200464,1082,93562,96,101282,1,5620,943,29879,232,87947,944,117826,California
Yuba,2020-12-16,4,4,4,4,0,0,0,0,4,4,0,0,4,4,California
Yuba,2020-12-17,4,8,4,8,0,0,0,0,4,8,0,0,4,8,California
Yuba,2020-12-18,8,16,8,16,0,0,0,0,8,16,0,0,8,16,California
Yuba,2020-12-19,12,28,12,28,0,0,0,0,12,28,0,0,12,28,California
Yuba,2020-12-20,20,48,20,48,0,0,0,0,20,48,0,0,20,48,California
Yuba,2020-12-21,40,88,40,88,0,0,0,0,40,88,0,0,40,88,California
Yuba,2020-12-22,86,174,86,174,0,0,0,0,86,174,0,0,86,174,California
Yuba,2020-12-23,64,238,62,236,2,2,0,0,64,238,0,0,64,238,California
Yuba,2020-12-24,20,258,10,246,10,12,0,0,20,258,0,0,20,258,California
Yuba,2020-12-26,15,273,13,259,2,14,0,0,15,273,0,0,15,273,California
Yuba,2020-12-27,15,288,15,274,0,14,0,0,15,288,0,0,15,288,California
Yuba,2020-12-28,51,339,35,309,16,30,0,0,51,339,0,0,51,339,California
Yuba,2020-12-29,75,414,10,319,65,95,0,0,75,414,0,0,75,414,California
Yuba,2020-12-30,64,478,20,339,44,139,0,0,64,478,0,0,64,478,California
Yuba,2020-12-31,38,516,7,346,31,170,0,0,38,516,0,0,38,516,California
Yuba,2021-01-02,23,539,22,368,1,171,0,0,23,539,0,0,23,539,California
Yuba,2021-01-03,10,549,6,374,4,175,0,0,10,549,0,0,10,549,California
Yuba,2021-01-04,90,639,21,395,69,244,0,0,90,639,0,0,90,639,California
Yuba,2021-01-05,70,709,38,433,32,276,0,0,69,707,1,1,69,708,California
Yuba,2021-01-06,154,863,76,509,78,354,0,0,148,849,6,7,148,856,California
Yuba,2021-01-07,75,938,19,528,56,410,0,0,72,917,4,11,72,928,California
Yuba,2021-01-08,73,1011,25,553,48,458,0,0,66,976,7,18,66,994,California
Yuba,2021-01-09,19,1030,16,569,3,461,0,0,11,979,8,26,11,1005,California
Yuba,2021-01-10,117,1147,22,591,95,556,0,0,95,1052,22,48,95,1100,California
Yuba,2021-01-11,72,1219,50,641,22,578,0,0,32,1044,40,88,32,1132,California
Yuba,2021-01-12,107,1326,77,718,30,608,0,0,42,1021,65,153,42,1174,California
Yuba,2021-01-13,119,1445,72,790,47,655,0,0,54,1011,64,217,54,1228,California
Yuba,2021-01-14,109,1554,43,833,66,721,0,0,97,1096,12,229,97,1325,California
Yuba,2021-01-15,206,1760,88,921,118,839,0,0,195,1280,11,240,195,1520,California
Yuba,2021-01-16,184,1944,21,942,163,1002,0,0,172,1439,13,253,172,1692,California
Yuba,2021-01-17,13,1957,9,951,4,1006,0,0,7,1440,6,259,7,1699,California
Yuba,2021-01-18,60,2017,32,983,28,1034,0,0,35,1450,25,284,35,1734,California
Yuba,2021-01-19,80,2097,29,1012,51,1085,0,0,65,1500,15,299,65,1799,California
Yuba,2021-01-20,133,2230,87,1099,46,1131,0,0,110,1587,23,322,110,1909,California
Yuba,2021-01-21,213,2443,97,1196,116,1247,0,0,205,1784,8,330,205,2114,California
Yuba,2021-01-22,104,2547,7,1203,97,1344,0,0,95,1870,9,339,95,2209,California
Yuba,2021-01-23,200,2747,7,1210,193,1537,0,0,197,2064,3,342,197,2406,California
Yuba,2021-01-24,10,2757,7,1217,3,1540,0,0,8,2070,2,344,8,2414,California
Yuba,2021-01-25,85,2842,29,1246,56,1596,0,0,53,2092,31,375,53,2467,California
Yuba,2021-01-26,148,2990,39,1285,109,1705,0,0,90,2124,58,433,90,2557,California
Yuba,2021-01-27,183,3173,128,1413,55,1760,0,0,115,2171,68,501,115,2672,California
Yuba,2021-01-28,217,3390,79,1492,138,1898,0,0,175,2304,42,543,175,2847,California
Yuba,2021-01-29,158,3548,55,1547,103,2001,0,0,111,2368,47,590,111,2958,California
Yuba,2021-01-30,410,3958,23,1570,387,2388,0,0,399,2756,11,601,399,3357,California
Yuba,2021-01-31,18,3976,12,1582,6,2394,0,0,16,2770,2,603,16,3373,California
Yuba,2021-02-01,155,4131,75,1657,80,2474,0,0,131,2879,23,626,132,3505,California
Yuba,2021-02-02,123,4254,23,1680,100,2574,0,0,101,2958,22,648,101,3606,California
Yuba,2021-02-03,226,4480,29,1709,197,2771,0,0,114,2961,111,759,114,3720,California
Yuba,2021-02-04,296,4776,121,1830,175,2946,0,0,253,3171,43,802,253,3973,California
Yuba,2021-02-05,147,4923,32,1862,115,3061,0,0,71,3166,76,878,71,4044,California
Yuba,2021-02-06,450,5373,26,1888,424,3485,0,0,442,3600,8,886,442,4486,California
Yuba,2021-02-07,18,5391,11,1899,7,3492,0,0,15,3612,3,889,15,4501,California
Yuba,2021-02-08,96,5487,35,1934,61,3553,0,0,66,3648,30,919,66,4567,California
Yuba,2021-02-09,155,5642,57,1991,98,3651,0,0,85,3663,70,989,85,4652,California
Yuba,2021-02-10,352,5994,172,2163,180,3831,0,0,114,3540,237,1226,114,4766,California
Yuba,2021-02-11,396,6390,63,2226,333,4164,0,0,299,3744,95,1321,299,5065,California
Yuba,2021-02-12,265,6655,27,2253,238,4402,0,0,151,3781,114,1435,151,5216,California
Yuba,2021-02-13,437,7092,37,2290,400,4802,0,0,387,4118,50,1485,387,5603,California
Yuba,2021-02-14,54,7146,11,2301,43,4845,0,0,49,4162,5,1490,49,5652,California
Yuba,2021-02-15,87,7233,36,2337,51,4896,0,0,68,4211,19,1509,68,5720,California
Yuba,2021-02-16,199,7432,53,2390,146,5042,0,0,140,4293,58,1567,140,5860,California
Yuba,2021-02-17,372,7804,156,2546,216,5258,0,0,99,4120,272,1839,99,5959,California
Yuba,2021-02-18,318,8122,47,2593,271,5529,0,0,194,4190,124,1963,194,6153,California
Yuba,2021-02-19,224,8346,82,2675,142,5671,0,0,142,4250,82,2045,142,6295,California
Yuba,2021-02-20,390,8736,31,2706,359,6030,0,0,336,4532,54,2099,336,6631,California
Yuba,2021-02-21,17,8753,14,2720,3,6033,0,0,7,4529,10,2109,7,6638,California
Yuba,2021-02-22,128,8881,79,2799,49,6082,0,0,38,4478,89,2198,38,6676,California
Yuba,2021-02-23,113,8994,25,2824,88,6170,0,0,46,4458,66,2264,46,6722,California
Yuba,2021-02-24,482,9476,136,2960,346,6516,0,0,107,4190,375,2639,107,6829,California
Yuba,2021-02-25,344,9820,139,3099,205,6721,0,0,215,4276,129,2768,215,7044,California
Yuba,2021-02-26,256,10076,67,3166,189,6910,0,0,143,4308,111,2879,143,7187,California
Yuba,2021-02-27,472,10548,47,3213,425,7335,0,0,383,4604,87,2966,383,7570,California
Yuba,2021-02-28,66,10614,21,3234,45,7380,0,0,45,4628,21,2987,45,7615,California
Yuba,2021-03-01,156,10770,40,3274,116,7496,0,0,80,4633,75,3062,80,7695,California
Yuba,2021-03-02,160,10930,36,3310,124,7620,0,0,80,4633,80,3142,80,7775,California
Yuba,2021-03-03,622,11552,159,3469,463,8083,0,0,200,4412,421,3563,200,7975,California
Yuba,2021-03-04,466,12018,270,3739,196,8279,0,0,324,4595,141,3704,324,8299,California
Yuba,2021-03-05,317,12335,60,3799,256,8535,1,1,249,4777,68,3772,250,8549,California
Yuba,2021-03-06,474,12809,35,3834,435,8970,4,5,368,5043,106,3878,372,8921,California
Yuba,2021-03-07,49,12858,27,3861,21,8991,1,6,33,5061,16,3894,34,8955,California
Yuba,2021-03-08,160,13018,49,3910,95,9086,16,22,101,5119,59,3953,117,9072,California
Yuba,2021-03-09,178,13196,47,3957,111,9197,20,42,84,5129,94,4047,104,9176,California
Yuba,2021-03-10,737,13933,234,4191,473,9670,30,72,232,4887,504,4551,262,9438,California
Yuba,2021-03-11,438,14371,197,4388,229,9899,12,84,295,5051,143,4694,307,9745,California
Yuba,2021-03-12,461,14832,86,4474,321,10220,54,138,150,4944,311,5005,204,9949,California
Yuba,2021-03-13,455,15287,335,4809,105,10325,15,153,360,5225,94,5099,375,10324,California
Yuba,2021-03-14,107,15394,21,4830,76,10401,10,163,46,5221,60,5159,56,10380,California
Yuba,2021-03-15,190,15584,49,4879,124,10525,17,180,96,5240,94,5253,113,10493,California
Yuba,2021-03-16,290,15874,71,4950,194,10719,25,205,177,5330,112,5365,202,10695,California
Yuba,2021-03-17,739,16613,162,5112,548,11267,29,234,193,5008,544,5909,222,10917,California
Yuba,2021-03-18,582,17195,160,5272,310,11577,112,346,353,5243,229,6138,464,11381,California
Yuba,2021-03-19,327,17522,120,5392,158,11735,49,395,188,5342,138,6276,237,11618,California
Yuba,2021-03-20,556,18078,81,5473,457,12192,18,413,476,5757,79,6355,494,12112,California
Yuba,2021-03-21,60,18138,35,5508,25,12217,0,413,48,5793,12,6367,48,12160,California
Yuba,2021-03-22,190,18328,70,5578,113,12330,7,420,148,5906,42,6409,155,12315,California
Yuba,2021-03-23,264,18592,80,5658,157,12487,27,447,177,6025,85,6494,204,12519,California
Yuba,2021-03-24,769,19361,255,5913,433,12920,81,528,189,5716,578,7072,269,12788,California
Yuba,2021-03-25,501,19862,267,6180,212,13132,22,550,248,5733,253,7325,270,13058,California
Yuba,2021-03-26,392,20254,143,6323,222,13354,27,577,226,5821,165,7490,253,13311,California
Yuba,2021-03-27,459,20713,27,6350,429,13783,3,580,404,6173,54,7544,406,13717,California
Yuba,2021-03-28,99,20812,40,6390,55,13838,4,584,37,6152,62,7606,41,13758,California
Yuba,2021-03-29,295,21107,86,6476,177,14015,32,616,179,6247,116,7722,211,13969,California
Yuba,2021-03-30,274,21381,68,6544,198,14213,8,624,189,6359,85,7807,197,14166,California
Yuba,2021-03-31,667,22048,113,6657,542,14755,12,636,237,6179,429,8236,249,14415,California
Yuba,2021-04-01,620,22668,288,6945,303,15058,29,665,286,6160,334,8570,315,14730,California
Yuba,2021-04-02,493,23161,94,7039,316,15374,83,748,186,6122,306,8876,268,14998,California
Yuba,2021-04-03,653,23814,54,7093,117,15491,482,1230,87,6126,565,9441,569,15567,California
Yuba,2021-04-04,59,23873,11,7104,42,15533,6,1236,34,6141,25,9466,40,15607,California
Yuba,2021-04-05,246,24119,79,7183,146,15679,21,1257,124,6165,120,9586,144,15751,California
Yuba,2021-04-06,354,24473,114,7297,180,15859,60,1317,171,6214,182,9768,231,15982,California
Yuba,2021-04-07,769,25242,396,7693,320,16179,53,1370,346,6192,420,10188,398,16380,California
Yuba,2021-04-08,739,25981,287,7980,190,16369,262,1632,274,6263,464,10652,535,16915,California
Yuba,2021-04-09,396,26377,173,8153,157,16526,66,1698,162,6258,233,10885,228,17143,California
Yuba,2021-04-10,592,26969,71,8224,74,16600,447,2145,70,6254,520,11405,516,17659,California
Yuba,2021-04-11,102,27071,26,8250,64,16664,12,2157,43,6250,59,11464,55,17714,California
Yuba,2021-04-12,210,27281,45,8295,136,16800,29,2186,80,6230,129,11593,109,17823,California
Yuba,2021-04-13,397,27678,103,8398,294,17094,0,2186,204,6242,192,11785,204,18027,California
Yuba,2021-04-14,694,28372,109,8507,585,17679,0,2186,120,5789,573,12358,120,18147,California
Yuba,2021-04-15,336,28708,127,8634,209,17888,0,2186,147,5747,189,12547,147,18294,California
Yuba,2021-04-16,332,29040,100,8734,232,18120,0,2186,178,5771,154,12701,178,18472,California
Yuba,2021-04-17,402,29442,58,8792,344,18464,0,2186,331,6032,70,12771,331,18803,California
Yuba,2021-04-18,52,29494,9,8801,43,18507,0,2186,24,6028,28,12799,24,18827,California
Yuba,2021-04-19,245,29739,102,8903,143,18650,0,2186,104,5991,141,12940,104,18931,California
Yuba,2021-04-20,302,30041,77,8980,225,18875,0,2186,174,6039,127,13067,175,19106,California
Yuba,2021-04-21,700,30741,282,9262,418,19293,0,2186,299,5937,401,13468,299,19405,California
Yuba,2021-04-22,340,31081,132,9394,208,19501,0,2186,184,5965,156,13624,184,19589,California
Yuba,2021-04-23,341,31422,110,9504,231,19732,0,2186,162,5949,178,13802,162,19751,California
Yuba,2021-04-24,216,31638,68,9572,148,19880,0,2186,123,5979,93,13895,123,19874,California
Yuba,2021-04-25,73,31711,30,9602,43,19923,0,2186,36,5978,37,13932,36,19910,California
Yuba,2021-04-26,224,31935,54,9656,166,20089,4,2190,102,5962,122,14054,106,20016,California
Yuba,2021-04-27,472,32407,162,9818,300,20389,10,2200,233,5968,237,14291,243,20259,California
Yuba,2021-04-28,430,32837,174,9992,251,20640,5,2205,144,5837,280,14571,149,20408,California
Yuba,2021-04-29,426,33263,63,10055,362,21002,1,2206,144,5701,281,14852,145,20553,California
Yuba,2021-04-30,328,33591,93,10148,206,21208,29,2235,140,5684,186,15038,169,20722,California
Yuba,2021-05-01,205,33796,91,10239,96,21304,18,2253,93,5684,111,15149,111,20833,California
Yuba,2021-05-02,64,33860,34,10273,26,21330,4,2257,37,5698,27,15176,41,20874,California
Yuba,2021-05-03,142,34002,66,10339,67,21397,9,2266,45,5658,94,15270,54,20928,California
Yuba,2021-05-04,318,34320,94,10433,203,21600,21,2287,140,5641,178,15448,161,21089,California
Yuba,2021-05-05,315,34635,78,10511,231,21831,6,2293,114,5560,201,15649,120,21209,California
Yuba,2021-05-06,275,34910,103,10614,134,21965,38,2331,90,5506,182,15831,128,21337,California
Yuba,2021-05-07,359,35269,95,10709,235,22200,29,2360,121,5417,238,16069,149,21486,California
Yuba,2021-05-08,104,35373,32,10741,69,22269,3,2363,46,5408,58,16127,49,21535,California
Yuba,2021-05-09,52,35425,23,10764,26,22295,3,2366,37,5433,15,16142,40,21575,California
Yuba,2021-05-10,170,35595,55,10819,97,22392,18,2384,54,5390,115,16257,72,21647,California
Yuba,2021-05-11,363,35958,160,10979,191,22583,12,2396,135,5310,226,16483,146,21793,California
Yuba,2021-05-12,242,36200,118,11097,118,22701,6,2402,91,5256,151,16634,97,21890,California
Yuba,2021-05-13,324,36524,186,11283,96,22797,42,2444,108,5191,215,16849,150,22040,California
Yuba,2021-05-14,302,36826,82,11365,199,22996,21,2465,106,5120,196,17045,125,22165,California
Yuba,2021-05-15,334,37160,47,11412,273,23269,14,2479,63,4927,270,17315,77,22242,California
Yuba,2021-05-16,76,37236,12,11424,64,23333,0,2479,59,4969,17,17332,59,22301,California
