county,administered_date,total_doses,cumulative_total_doses,pfizer_doses,cumulative_pfizer_doses,moderna_doses,cumulative_moderna_doses,jj_doses,cumulative_jj_doses,partially_vaccinated,total_partially_vaccinated,fully_vaccinated,cumulative_fully_vaccinated,at_least_one_dose,cumulative_at_least_one_dose,california_flag
All CA Counties,2020-12-15,1148,1148,1148,1148,0,0,0,0,1148,1148,0,0,1148,1148,
All CA Counties,2020-12-16,8435,9583,8435,9583,0,0,0,0,8435,9583,0,0,8435,9583,
All CA Counties,2020-12-17,26408,35991,26408,35991,0,0,0,0,26410,35993,0,0,26410,35993,
All CA Counties,2020-12-18,44728,80719,44672,80663,56,56,0,0,44728,80720,1,1,44728,80721,
All CA Counties,2020-12-19,25317,106036,25292,105955,25,81,0,0,25316,106035,1,2,25316,106037,
All CA Counties,2020-12-20,19004,125040,18977,124932,27,108,0,0,19003,125037,1,3,19003,125040,
All CA Counties,2020-12-21,49644,174684,49553,174485,91,199,0,0,49645,174680,3,6,49646,174686,
All CA Counties,2020-12-22,50030,224714,47897,222382,2133,2332,0,0,50024,224702,2,8,50024,224710,
All CA Counties,2020-12-23,50569,275283,41773,264155,8796,11128,0,0,50562,275262,5,13,50565,275275,
All CA Counties,2020-12-24,24059,299342,16327,280482,7732,18860,0,0,24053,299312,5,18,24055,299330,
All CA Counties,2020-12-25,2342,301684,2018,282500,324,19184,0,0,2342,301654,0,18,2342,301672,
All CA Counties,2020-12-26,14585,316269,9435,291935,5150,24334,0,0,14583,316235,2,20,14583,316255,
All CA Counties,2020-12-27,9441,325710,5591,297526,3850,28184,0,0,9438,325670,3,23,9438,325693,
All CA Counties,2020-12-28,46008,371718,29466,326992,16542,44726,0,0,46005,371672,3,26,46005,371698,
All CA Counties,2020-12-29,51219,422937,28544,355536,22675,67401,0,0,51213,422881,4,30,51213,422911,
All CA Counties,2020-12-30,63040,485977,35595,391131,27445,94846,0,0,63030,485906,8,38,63033,485944,
All CA Counties,2020-12-31,29510,515487,10908,402039,18602,113448,0,0,29491,515381,17,55,29492,515436,
All CA Counties,2021-01-01,4382,519869,1976,404015,2406,115854,0,0,4374,519748,7,62,4374,519810,
All CA Counties,2021-01-02,18497,538366,10232,414247,8265,124119,0,0,18496,538244,0,62,18496,538306,
All CA Counties,2021-01-03,6182,544548,3498,417745,2684,126803,0,0,6149,544380,13,75,6149,544455,
All CA Counties,2021-01-04,43589,588137,22063,439808,21526,148329,0,0,43511,587851,40,115,43511,587966,
All CA Counties,2021-01-05,56617,644754,29841,469649,26776,175105,0,0,51066,633516,5495,5610,51160,639126,
All CA Counties,2021-01-06,73450,718204,40531,510180,32919,208024,0,0,57863,676010,15406,21016,57900,697026,
All CA Counties,2021-01-07,92137,810341,52392,562572,39745,247769,0,0,61051,706204,30914,51930,61108,758134,
All CA Counties,2021-01-08,106848,917189,64170,626742,42678,290447,0,0,65148,729861,41558,93488,65215,823349,
All CA Counties,2021-01-09,44435,961624,25555,652297,18880,309327,0,0,27820,741123,16585,110073,27847,851196,
All CA Counties,2021-01-10,24338,985962,14866,667163,9472,318799,0,0,13094,743009,11227,121300,13113,864309,
All CA Counties,2021-01-11,104612,1090574,69592,736755,35020,353819,0,0,60681,759977,43887,165187,60855,925164,
All CA Counties,2021-01-12,113739,1204313,67348,804103,46391,400210,0,0,72481,791577,41155,206342,72755,997919,
All CA Counties,2021-01-13,119342,1323655,61918,866021,57424,457634,0,0,85461,843374,33793,240135,85590,1083509,
All CA Counties,2021-01-14,124093,1447748,49816,915837,74277,531911,0,0,104374,928412,19616,259751,104654,1188163,
All CA Counties,2021-01-15,142056,1589804,51857,967694,90199,622110,0,0,126975,1040611,14990,274741,127189,1315352,
All CA Counties,2021-01-16,80626,1670430,27415,995109,53211,675321,0,0,73027,1106136,7570,282311,73095,1388447,
All CA Counties,2021-01-17,48286,1718716,16884,1011993,31402,706723,0,0,44617,1147143,3657,285968,44664,1433111,
All CA Counties,2021-01-18,88259,1806975,46089,1058082,42170,748893,0,0,68921,1196970,19262,305230,69089,1502200,
All CA Counties,2021-01-19,142170,1949145,73722,1131804,68448,817341,0,0,110945,1277115,31130,336360,111275,1613475,
All CA Counties,2021-01-20,160864,2110009,82122,1213926,78742,896083,0,0,127149,1371038,33490,369850,127413,1740888,
All CA Counties,2021-01-21,173905,2283914,77072,1290998,96833,992916,0,0,154735,1507192,18949,388799,155103,1895991,
All CA Counties,2021-01-22,169986,2453900,69360,1360358,100626,1093542,0,0,155645,1648785,14201,403000,155794,2051785,
All CA Counties,2021-01-23,111580,2565480,49533,1409891,62047,1155589,0,0,99024,1735429,12498,415498,99142,2150927,
All CA Counties,2021-01-24,60970,2626450,29468,1439359,31502,1187091,0,0,56305,1787164,4634,420132,56369,2207296,
All CA Counties,2021-01-25,145378,2771828,65433,1504792,79945,1267036,0,0,110112,1862511,35134,455266,110481,2317777,
All CA Counties,2021-01-26,169308,2941136,83134,1587926,86174,1353210,0,0,131638,1956887,37533,492799,131909,2449686,
All CA Counties,2021-01-27,182980,3124116,88031,1675957,94949,1448159,0,0,143445,2061348,39207,532006,143668,2593354,
All CA Counties,2021-01-28,188576,3312692,87056,1763013,101520,1549679,0,0,154297,2181899,33985,565991,154536,2747890,
All CA Counties,2021-01-29,184258,3496950,88595,1851608,95663,1645342,0,0,149475,2297357,34205,600196,149663,2897553,
All CA Counties,2021-01-30,124073,3621023,55992,1907600,68081,1713423,0,0,108590,2390783,15312,615508,108738,3006291,
All CA Counties,2021-01-31,69348,3690371,38900,1946500,30448,1743871,0,0,64536,2450613,4763,620271,64593,3070884,
All CA Counties,2021-02-01,162024,3852395,75980,2022480,86044,1829915,0,0,121252,2531397,40603,660874,121387,3192271,
All CA Counties,2021-02-02,185460,4037855,78111,2100591,107349,1937264,0,0,140951,2628347,44225,705099,141175,3333446,
All CA Counties,2021-02-03,211006,4248861,95568,2196159,115438,2052702,0,0,156585,2731263,53922,759021,156838,3490284,
All CA Counties,2021-02-04,227996,4476857,99913,2296072,128083,2180785,0,0,167345,2838861,60111,819132,167709,3657993,
All CA Counties,2021-02-05,246350,4723207,106558,2402630,139792,2320577,0,0,167444,2928749,78100,897232,167988,3825981,
All CA Counties,2021-02-06,155153,4878360,75199,2477829,79954,2400531,0,0,120351,3014962,34633,931865,120846,3946827,
All CA Counties,2021-02-07,67167,4945527,43541,2521370,23626,2424157,0,0,50717,3049762,16369,948234,51169,3997996,
All CA Counties,2021-02-08,181668,5127195,89650,2611020,92018,2516175,0,0,120025,3109336,61204,1009438,120778,4118774,
All CA Counties,2021-02-09,211618,5338813,102424,2713444,109194,2625369,0,0,126913,3153154,84248,1093686,128066,4246840,
All CA Counties,2021-02-10,248817,5587630,119914,2833358,128903,2754272,0,0,138182,3182998,109820,1203506,139664,4386504,
All CA Counties,2021-02-11,265759,5853389,131661,2965019,134098,2888370,0,0,145282,3210726,119350,1322856,147078,4533582,
All CA Counties,2021-02-12,272565,6125954,119441,3084460,153124,3041494,0,0,147120,3235665,124560,1447416,149499,4683081,
All CA Counties,2021-02-13,166789,6292743,77384,3161844,89405,3130899,0,0,92114,3255431,74299,1521715,94065,4777146,
All CA Counties,2021-02-14,95361,6388104,47454,3209298,47907,3178806,0,0,51594,3264973,43595,1565310,53137,4830283,
All CA Counties,2021-02-15,142523,6530627,62537,3271835,79986,3258792,0,0,78805,3283562,63341,1628651,81930,4912213,
All CA Counties,2021-02-16,249246,6779873,118395,3390230,130851,3389643,0,0,133195,3304191,115668,1744319,136297,5048510,
All CA Counties,2021-02-17,259448,7039321,129190,3519420,130258,3519901,0,0,129099,3306702,129798,1874117,132309,5180819,
All CA Counties,2021-02-18,273198,7312519,142567,3661987,130631,3650532,0,0,131990,3302441,140482,2014599,136221,5317040,
All CA Counties,2021-02-19,253579,7566098,147133,3809120,106446,3756978,0,0,130747,3312954,122325,2136924,132838,5449878,
All CA Counties,2021-02-20,153942,7720040,98661,3907781,55281,3812259,0,0,84618,3330503,69053,2205977,86602,5536480,
All CA Counties,2021-02-21,83034,7803074,68786,3976567,14248,3826507,0,0,41701,3332682,41074,2247051,43253,5579733,
All CA Counties,2021-02-22,165041,7968115,110564,4087131,54477,3880984,0,0,82594,3334881,82118,2329169,84317,5664050,
All CA Counties,2021-02-23,226663,8194778,119953,4207084,106710,3987694,0,0,105581,3325986,120470,2449639,111575,5775625,
All CA Counties,2021-02-24,284305,8479083,143839,4350923,140466,4128160,0,0,134989,3319840,148683,2598322,142537,5918162,
All CA Counties,2021-02-25,322978,8802061,159471,4510394,163507,4291667,0,0,169121,3344364,153152,2751474,177676,6095838,
All CA Counties,2021-02-26,357436,9159497,166642,4677036,190794,4482461,0,0,198975,3393088,157533,2909007,206257,6302095,
All CA Counties,2021-02-27,253793,9413290,123633,4800669,130137,4612598,23,23,144146,3432658,109012,3018019,148582,6450677,
All CA Counties,2021-02-28,135356,9548646,81235,4881904,54111,4666709,10,33,79583,3459756,55335,3073354,82433,6533110,
All CA Counties,2021-03-01,244554,9793200,130625,5012529,113815,4780524,114,147,140915,3501942,102853,3176207,145039,6678149,
All CA Counties,2021-03-02,289697,10082897,146549,5159078,143122,4923646,26,173,174651,3568989,114518,3290725,181565,6859714,
All CA Counties,2021-03-03,332836,10415733,165178,5324256,167596,5091242,62,235,191633,3627475,140503,3431228,198989,7058703,
All CA Counties,2021-03-04,351956,10767689,178245,5502501,173617,5264859,94,329,206557,3696521,144634,3575862,213680,7272383,
All CA Counties,2021-03-05,339973,11107662,167301,5669802,171547,5436406,1125,1454,211617,3788997,127533,3703395,220009,7492392,
All CA Counties,2021-03-06,259750,11367412,133390,5803192,118505,5554911,7855,9309,161573,3865378,97751,3801146,174132,7666524,
All CA Counties,2021-03-07,128034,11495446,78650,5881842,45224,5600135,4160,13469,80256,3905881,47590,3848736,88093,7754617,
All CA Counties,2021-03-08,219374,11714820,106468,5988310,102403,5702538,10503,23972,143626,3989620,75355,3924091,159094,7913711,
All CA Counties,2021-03-09,291816,12006636,139540,6127850,136333,5838871,15943,39915,163797,4045879,127528,4051619,183787,8097498,
All CA Counties,2021-03-10,322904,12329540,161106,6288956,137325,5976196,24473,64388,175103,4102489,147131,4198750,203741,8301239,
All CA Counties,2021-03-11,376786,12706326,182156,6471112,161307,6137503,33323,97711,193624,4151432,182211,4380961,231154,8532393,
All CA Counties,2021-03-12,395474,13101800,176782,6647894,172398,6309901,46294,144005,194094,4195435,200567,4581528,244570,8776963,
All CA Counties,2021-03-13,283747,13385547,124955,6772849,127660,6437561,31132,175137,153329,4254185,129958,4711486,188708,8965671,
All CA Counties,2021-03-14,155063,13540610,83359,6856208,56604,6494165,15100,190237,78628,4274035,76143,4787629,95993,9061664,
All CA Counties,2021-03-15,290809,13831419,138973,6995181,131227,6625392,20609,210846,158127,4324245,131925,4919554,182135,9243799,
All CA Counties,2021-03-16,370456,14201875,174046,7169227,179113,6804505,17297,228143,214694,4404429,155011,5074565,235195,9478994,
All CA Counties,2021-03-17,383821,14585696,189833,7359060,175418,6979923,18570,246713,237607,4517766,145371,5219936,258708,9737702,
All CA Counties,2021-03-18,400939,14986635,205360,7564420,177541,7157464,18038,264751,237619,4613355,162215,5382151,257804,9995506,
All CA Counties,2021-03-19,410957,15397592,216037,7780457,173292,7330756,21628,286379,238261,4703613,171710,5553861,261968,10257474,
All CA Counties,2021-03-20,294971,15692563,155146,7935603,123944,7454700,15881,302260,186168,4799030,108134,5661995,203551,10461025,
All CA Counties,2021-03-21,143813,15836376,99414,8035017,36863,7491563,7536,309796,88278,4841077,55157,5717152,97204,10558229,
All CA Counties,2021-03-22,273324,16109700,159123,8194140,102974,7594537,11227,321023,177510,4937841,95019,5812171,191783,10750012,
All CA Counties,2021-03-23,357344,16467044,196671,8390811,149594,7744131,11079,332102,219350,5033806,137058,5949229,233023,10983035,
All CA Counties,2021-03-24,387748,16854792,222049,8612860,153178,7897309,12521,344623,225835,5113587,160670,6109899,240451,11223486,
All CA Counties,2021-03-25,417992,17272784,230334,8843194,172774,8070083,14884,359507,236884,5187736,179777,6289676,253926,11477412,
All CA Counties,2021-03-26,435142,17707926,232797,9075991,186254,8256337,16091,375598,234861,5242485,199048,6488724,253797,11731209,
All CA Counties,2021-03-27,312788,18020714,166451,9242442,134562,8390899,11775,387373,157646,5259839,154314,6643038,171668,11902877,
All CA Counties,2021-03-28,169421,18190135,109092,9351534,56742,8447641,3587,390960,88494,5273616,80472,6723510,94249,11997126,
All CA Counties,2021-03-29,310405,18500540,167123,9518657,134242,8581883,9040,400000,172643,5320827,136976,6860486,184187,12181313,
All CA Counties,2021-03-30,398538,18899078,201922,9720579,178388,8760271,18228,418228,224264,5391619,173468,7033954,244260,12425573,
All CA Counties,2021-03-31,426382,19325460,232045,9952624,172652,8932923,21685,439913,238278,5465540,187053,7221007,260974,12686547,
All CA Counties,2021-04-01,492305,19817765,252175,10204799,199844,9132767,40286,480199,271838,5559741,219054,7440061,313255,12999802,
All CA Counties,2021-04-02,473887,20291652,231085,10435884,199607,9332374,43195,523394,257539,5646988,215094,7655155,302341,13302143,
All CA Counties,2021-04-03,329609,20621261,167921,10603805,120233,9452607,41455,564849,164384,5689383,164562,7819717,206957,13509100,
All CA Counties,2021-04-04,132510,20753771,69124,10672929,44343,9496950,19043,583892,58061,5692492,74139,7893856,77248,13586348,
All CA Counties,2021-04-05,353330,21107101,182118,10855047,131470,9628420,39742,623634,174088,5730207,178532,8072388,216247,13802595,
All CA Counties,2021-04-06,457518,21564619,231887,11086934,160083,9788503,65548,689182,221939,5784959,234624,8307012,289376,14091971,
All CA Counties,2021-04-07,472354,22036973,245175,11332109,157208,9945711,69971,759153,230306,5845139,241076,8548088,301256,14393227,
All CA Counties,2021-04-08,500025,22536998,252149,11584258,163448,10109159,84428,843581,235692,5904322,263131,8811219,322314,14715541,
All CA Counties,2021-04-09,494801,23031799,246626,11830884,168306,10277465,79869,923450,228195,5949919,265505,9076724,311102,15026643,
All CA Counties,2021-04-10,367603,23399402,168096,11998980,125210,10402675,74297,997747,154482,5968993,212356,9289080,231430,15258073,
All CA Counties,2021-04-11,187645,23587047,105299,12104279,48164,10450839,34182,1031929,77696,5974103,109593,9398673,114703,15372776,
All CA Counties,2021-04-12,339989,23927036,174488,12278767,127338,10578177,38163,1070092,157634,5992052,181371,9580044,199320,15572096,
All CA Counties,2021-04-13,433132,24360168,242332,12521099,189845,10768022,955,1071047,242286,6048548,189825,9769869,246321,15818417,
All CA Counties,2021-04-14,452591,24812759,253706,12774805,198594,10966616,291,1071338,236768,6075565,214629,9984498,241646,16060063,
All CA Counties,2021-04-15,492427,25305186,286745,13061550,205396,11172012,286,1071624,276606,6140989,214376,10198874,279800,16339863,
All CA Counties,2021-04-16,475151,25780337,267364,13328914,207479,11379491,308,1071932,253664,6177289,220270,10419144,256570,16596433,
All CA Counties,2021-04-17,341240,26121577,191124,13520038,150052,11529543,64,1071996,193928,6227964,146478,10565622,197153,16793586,
All CA Counties,2021-04-18,154400,26275977,98043,13618081,56339,11585882,18,1072014,79419,6235845,74571,10640193,82452,16876038,
All CA Counties,2021-04-19,317279,26593256,183127,13801208,134061,11719943,91,1072105,150017,6221477,166360,10806553,151992,17028030,
All CA Counties,2021-04-20,406478,26999734,216311,14017519,190097,11910040,70,1072175,202469,6224131,202977,11009530,205631,17233661,
All CA Counties,2021-04-21,419853,27419587,237905,14255424,181685,12091725,263,1072438,201798,6212678,216643,11226173,205190,17438851,
All CA Counties,2021-04-22,446176,27865763,254204,14509628,191898,12283623,74,1072512,199162,6169482,245638,11471811,202442,17641293,
All CA Counties,2021-04-23,437524,28303287,249136,14758764,188300,12471923,88,1072600,198018,6132811,238103,11709914,201432,17842725,
All CA Counties,2021-04-24,325143,28628430,204827,14963591,120142,12592065,174,1072774,165283,6142634,158897,11868811,168720,18011445,
All CA Counties,2021-04-25,149387,28777817,98502,15062093,50818,12642883,67,1072841,80364,6155941,68567,11937378,81874,18093319,
All CA Counties,2021-04-26,299377,29077194,173037,15235130,124819,12767702,1521,1074362,131079,6125827,167306,12104684,137192,18230511,
All CA Counties,2021-04-27,366649,29443843,202378,15437508,157685,12925387,6586,1080948,147649,6065453,217857,12322541,157483,18387994,
All CA Counties,2021-04-28,352074,29795917,201550,15639058,142619,13068006,7905,1088853,145331,6015363,205651,12528192,155561,18543555,
All CA Counties,2021-04-29,360176,30156093,207407,15846465,144884,13212890,7885,1096738,131747,5929584,227257,12755449,141478,18685033,
All CA Counties,2021-04-30,372023,30528116,213209,16059674,149926,13362816,8888,1105626,140541,5850738,230219,12985668,151373,18836406,
All CA Counties,2021-05-01,247471,30775587,158252,16217926,83165,13445981,6054,1111680,89780,5791932,156858,13142526,98052,18934458,
All CA Counties,2021-05-02,116800,30892387,81633,16299559,31294,13477275,3873,1115553,40890,5761553,75515,13218041,45136,18979594,
All CA Counties,2021-05-03,252098,31144485,155091,16454650,88325,13565600,8682,1124235,76674,5673176,174588,13392629,86211,19065805,
All CA Counties,2021-05-04,325228,31469713,198182,16652832,117306,13682906,9740,1133975,96159,5552223,228011,13620640,107058,19172863,
All CA Counties,2021-05-05,329271,31798984,204617,16857449,114654,13797560,10000,1143975,92989,5421116,235077,13855717,103970,19276833,
All CA Counties,2021-05-06,348099,32147083,227055,17084504,110515,13908075,10529,1154504,88479,5264641,257986,14113703,101511,19378344,
All CA Counties,2021-05-07,345501,32492584,216650,17301154,119026,14027101,9825,1164329,93968,5119477,250180,14363883,105016,19483360,
All CA Counties,2021-05-08,223784,32716368,141869,17443023,75231,14102332,6684,1171013,61703,5028147,161170,14525053,69840,19553200,
All CA Counties,2021-05-09,93258,32809626,70294,17513317,19997,14122329,2967,1173980,25462,4989549,67470,14592523,28872,19582072,
All CA Counties,2021-05-10,201169,33010795,114566,17627883,78832,14201161,7771,1181751,50365,4898961,150012,14742535,59424,19641496,
All CA Counties,2021-05-11,264407,33275202,148143,17776026,107698,14308859,8566,1190317,70288,4786379,193197,14935732,80615,19722111,
All CA Counties,2021-05-12,265059,33540261,153728,17929754,102289,14411148,9042,1199359,75228,4683046,188814,15124546,85481,19807592,
All CA Counties,2021-05-13,308541,33848802,199124,18128878,102115,14513263,7302,1206661,117880,4621391,189558,15314104,127903,19935495,
All CA Counties,2021-05-14,332311,34181113,212435,18341313,111118,14624381,8758,1215419,131239,4563572,199917,15514021,142098,20077593,
All CA Counties,2021-05-15,274368,34455481,191844,18533157,76589,14700970,5935,1221354,112831,4522586,160705,15674726,119719,20197312,
All CA Counties,2021-05-16,135893,34591374,104279,18637436,28701,14729671,2913,1224267,55169,4500774,80293,15755019,58481,20255793,
All CA Counties,2021-05-17,237341,34828715,156422,18793858,73586,14803257,7333,1231600,95651,4463791,140832,15895851,103849,20359642,
All CA Counties,2021-05-18,278484,35107199,169788,18963646,101359,14904616,7337,1238937,110359,4415878,167018,16062869,119105,20478747,
All CA Counties,2021-05-19,272876,35380075,170650,19134296,94732,14999348,7494,1246431,114738,4382104,157124,16219993,123350,20602097,
All CA Counties,2021-05-20,260028,35640103,155430,19289726,96508,15095856,8090,1254521,101484,4335974,157439,16377432,111309,20713406,
All CA Counties,2021-05-21,279825,35919928,172384,19462110,99519,15195375,7922,1262443,108582,4283870,170036,16547468,117932,20831338,
All CA Counties,2021-05-22,201338,36121266,133298,19595408,61961,15257336,6079,1268522,85629,4262006,114945,16662413,93081,20924419,
All CA Counties,2021-05-23,85894,36207160,59719,19655127,23496,15280832,2679,1271201,37543,4254781,47961,16710374,40736,20965155,
All CA Counties,2021-05-24,166038,36373198,96437,19751564,61353,15342185,8248,1279449,62846,4224305,102407,16812781,71931,21037086,
All CA Counties,2021-05-25,188001,36561199,110663,19862227,69400,15411585,7938,1287387,72318,4190981,114705,16927486,81381,21118467,
All CA Counties,2021-05-26,182449,36743648,105005,19967232,69670,15481255,7774,1295161,72151,4162542,109242,17036728,80803,21199270,
All CA Counties,2021-05-27,170614,36914262,97546,20064778,64598,15545853,8470,1303631,69951,4142288,99856,17136584,79602,21278872,
All CA Counties,2021-05-28,186345,37100607,107813,20172591,71534,15617387,6998,1310629,81358,4127848,104097,17240681,89657,21368529,
All CA Counties,2021-05-29,105661,37206268,65003,20237594,36903,15654290,3755,1314384,50710,4128465,54437,17295118,55054,21423583,
All CA Counties,2021-05-30,46713,37252981,30864,20268458,13408,15667698,2441,1316825,21054,4126797,25437,17320555,23769,21447352,
All CA Counties,2021-05-31,19753,37272734,11679,20280137,7099,15674797,975,1317800,6560,4121403,13065,17333620,7671,21455023,
All CA Counties,2021-06-01,166712,37439446,97561,20377698,62175,15736972,6976,1324776,62242,4088116,103537,17437157,70250,21525273,
All CA Counties,2021-06-02,141072,37580518,83600,20461298,50423,15787395,7049,1331825,54776,4065308,85429,17522586,62621,21587894,
All CA Counties,2021-06-03,169099,37749617,115809,20577107,46333,15833728,6957,1338782,53758,4012599,114553,17637139,61844,21649738,
All CA Counties,2021-06-04,196822,37946439,139002,20716109,51753,15885481,6067,1344849,61710,3948244,134123,17771262,69768,21719506,
All CA Counties,2021-06-05,154440,38100879,117041,20833150,32365,15917846,5034,1349883,44918,3890497,108770,17880032,51023,21770529,
All CA Counties,2021-06-06,62108,38162987,52246,20885396,7689,15925535,2173,1352056,18374,3868494,43451,17923483,21448,21791977,
All CA Counties,2021-06-07,134114,38297101,98549,20983945,29799,15955334,5766,1357822,40579,3822727,92965,18016448,47198,21839175,
All CA Counties,2021-06-08,154128,38451229,111983,21095928,35537,15990871,6608,1364430,46883,3771043,106407,18122855,54723,21893898,
All CA Counties,2021-06-09,117223,38568452,84845,21180773,26775,16017646,5603,1370033,31316,3723347,85277,18208132,37581,21931479,
All CA Counties,2021-06-10,111290,38679742,80161,21260934,25042,16042688,6087,1376120,32110,3683756,78634,18286766,39043,21970522,
All CA Counties,2021-06-11,103559,38783301,70661,21331595,27765,16070453,5133,1381253,30549,3647572,72408,18359174,36224,22006746,
All CA Counties,2021-06-12,55879,38839180,44443,21376038,9151,16079604,2285,1383538,14629,3623834,41004,18400178,17266,22024012,
All CA and Non-CA Counties,2020-12-15,1156,1156,1156,1156,0,0,0,0,1156,1156,0,0,1156,1156,
All CA and Non-CA Counties,2020-12-16,8710,9866,8710,9866,0,0,0,0,8710,9866,0,0,8710,9866,
All CA and Non-CA Counties,2020-12-17,28018,37884,28018,37884,0,0,0,0,28018,37884,0,0,28018,37884,
All CA and Non-CA Counties,2020-12-18,47281,85165,47218,85102,63,63,0,0,47280,85163,1,1,47280,85164,
All CA and Non-CA Counties,2020-12-19,26354,111519,26328,111430,26,89,0,0,26353,111515,1,2,26353,111517,
All CA and Non-CA Counties,2020-12-20,19684,131203,19654,131084,30,119,0,0,19683,131197,1,3,19683,131200,
All CA and Non-CA Counties,2020-12-21,51837,183040,51743,182827,94,213,0,0,51834,183029,3,6,51835,183035,
All CA and Non-CA Counties,2020-12-22,52099,235139,49891,232718,2208,2421,0,0,52093,235120,2,8,52093,235128,
All CA and Non-CA Counties,2020-12-23,52107,287246,43167,275885,8940,11361,0,0,52099,287216,6,14,52102,287230,
All CA and Non-CA Counties,2020-12-24,24866,312112,16942,292827,7924,19285,0,0,24860,312073,5,19,24862,312092,
All CA and Non-CA Counties,2020-12-25,2377,314489,2048,294875,329,19614,0,0,2377,314450,0,19,2377,314469,
All CA and Non-CA Counties,2020-12-26,14892,329381,9640,304515,5252,24866,0,0,14890,329338,2,21,14890,329359,
All CA and Non-CA Counties,2020-12-27,9630,339011,5663,310178,3967,28833,0,0,9627,338962,3,24,9627,338986,
All CA and Non-CA Counties,2020-12-28,47419,386430,30365,340543,17054,45887,0,0,47416,386375,3,27,47416,386402,
All CA and Non-CA Counties,2020-12-29,52763,439193,29567,370110,23196,69083,0,0,52757,439128,4,31,52757,439159,
All CA and Non-CA Counties,2020-12-30,64977,504170,36877,406987,28100,97183,0,0,64967,504090,8,39,64970,504129,
All CA and Non-CA Counties,2020-12-31,30616,534786,11511,418498,19105,116288,0,0,30595,534668,18,57,30596,534725,
All CA and Non-CA Counties,2021-01-01,4495,539281,2001,420499,2494,118782,0,0,4487,539148,7,64,4487,539212,
All CA and Non-CA Counties,2021-01-02,18742,558023,10367,430866,8375,127157,0,0,18740,557887,1,65,18740,557952,
All CA and Non-CA Counties,2021-01-03,6354,564377,3589,434455,2765,129922,0,0,6321,564195,13,78,6321,564273,
All CA and Non-CA Counties,2021-01-04,44739,609116,22573,457028,22166,152088,0,0,44656,608810,41,119,44656,608929,
All CA and Non-CA Counties,2021-01-05,58169,667285,30666,487694,27503,179591,0,0,52424,655642,5687,5806,52519,661448,
All CA and Non-CA Counties,2021-01-06,76144,743429,42125,529819,34019,213610,0,0,59818,699355,16142,21948,59855,721303,
All CA and Non-CA Counties,2021-01-07,96353,839782,54995,584814,41358,254968,0,0,63609,730454,32570,54518,63669,784972,
All CA and Non-CA Counties,2021-01-08,111343,951125,67084,651898,44259,299227,0,0,67759,754852,43433,97951,67831,852803,
All CA and Non-CA Counties,2021-01-09,45739,996864,26088,677986,19651,318878,0,0,28797,766766,16912,114863,28826,881629,
All CA and Non-CA Counties,2021-01-10,24639,1021503,15050,693036,9589,328467,0,0,13272,768707,11350,126213,13291,894920,
All CA and Non-CA Counties,2021-01-11,107916,1129419,71621,764657,36295,364762,0,0,62644,786300,45227,171440,62820,957740,
All CA and Non-CA Counties,2021-01-12,117591,1247010,69661,834318,47930,412692,0,0,74785,818667,42698,214138,75065,1032805,
All CA and Non-CA Counties,2021-01-13,123013,1370023,63731,898049,59282,471974,0,0,87942,871757,34984,249122,88074,1120879,
All CA and Non-CA Counties,2021-01-14,127805,1497828,51103,949152,76702,548676,0,0,107438,959230,20251,269373,107724,1228603,
All CA and Non-CA Counties,2021-01-15,146254,1644082,52865,1002017,93389,642065,0,0,130698,1074690,15452,284825,130912,1359515,
All CA and Non-CA Counties,2021-01-16,83316,1727398,27808,1029825,55508,697573,0,0,75541,1142555,7744,292569,75609,1435124,
All CA and Non-CA Counties,2021-01-17,48791,1776189,17039,1046864,31752,729325,0,0,45072,1183967,3707,296276,45119,1480243,
All CA and Non-CA Counties,2021-01-18,89489,1865678,46881,1093745,42608,771933,0,0,69696,1234115,19716,315992,69864,1550107,
All CA and Non-CA Counties,2021-01-19,146290,2011968,75060,1168805,71230,843163,0,0,114168,1316590,32026,348018,114501,1664608,
All CA and Non-CA Counties,2021-01-20,165349,2177317,83605,1252410,81744,924907,0,0,130638,1413011,34483,382501,130904,1795512,
All CA and Non-CA Counties,2021-01-21,178132,2355449,78254,1330664,99878,1024785,0,0,158390,1552263,19506,402007,158758,1954270,
All CA and Non-CA Counties,2021-01-22,174592,2530041,70479,1401143,104113,1128898,0,0,159840,1697647,14607,416614,159991,2114261,
All CA and Non-CA Counties,2021-01-23,113811,2643852,49873,1451016,63938,1192836,0,0,101090,1786192,12663,429277,101208,2215469,
All CA and Non-CA Counties,2021-01-24,61555,2705407,29705,1480721,31850,1224686,0,0,56812,1838355,4713,433990,56876,2272345,
All CA and Non-CA Counties,2021-01-25,149836,2855243,67357,1548078,82479,1307165,0,0,113701,1916427,35999,469989,114071,2386416,
All CA and Non-CA Counties,2021-01-26,175137,3030380,85952,1634030,89185,1396350,0,0,136613,2014929,38389,508378,136891,2523307,
All CA and Non-CA Counties,2021-01-27,187742,3218122,90469,1724499,97273,1493623,0,0,147575,2122894,39835,548213,147800,2671107,
All CA and Non-CA Counties,2021-01-28,193609,3411731,89739,1814238,103870,1597493,0,0,158737,2247300,34570,582783,158976,2830083,
All CA and Non-CA Counties,2021-01-29,189002,3600733,91531,1905769,97471,1694964,0,0,153423,2365914,34998,617781,153612,2983695,
All CA and Non-CA Counties,2021-01-30,128265,3728998,58181,1963950,70084,1765048,0,0,112553,2463073,15543,633324,112702,3096397,
All CA and Non-CA Counties,2021-01-31,72148,3801146,41298,2005248,30850,1795898,0,0,67282,2525596,4817,638141,67340,3163737,
All CA and Non-CA Counties,2021-02-01,167356,3968502,78439,2083687,88917,1884815,0,0,125860,2610271,41320,679461,125995,3289732,
All CA and Non-CA Counties,2021-02-02,192029,4160531,80157,2163844,111872,1996687,0,0,146800,2712357,44938,724399,147024,3436756,
All CA and Non-CA Counties,2021-02-03,218173,4378704,97511,2261355,120662,2117349,0,0,162879,2820702,54788,779187,163133,3599889,
All CA and Non-CA Counties,2021-02-04,234641,4613345,101939,2363294,132702,2250051,0,0,172981,2932937,61111,840298,173346,3773235,
All CA and Non-CA Counties,2021-02-05,252969,4866314,108608,2471902,144361,2394412,0,0,172985,3027293,79173,919471,173529,3946764,
All CA and Non-CA Counties,2021-02-06,159277,5025591,77064,2548966,82213,2476625,0,0,124010,3116711,35090,954561,124508,4071272,
All CA and Non-CA Counties,2021-02-07,69115,5094706,45101,2594067,24014,2500639,0,0,52586,3153303,16448,971009,53040,4124312,
All CA and Non-CA Counties,2021-02-08,186442,5281148,92469,2686536,93973,2594612,0,0,123732,3215528,62260,1033269,124485,4248797,
All CA and Non-CA Counties,2021-02-09,215668,5496816,104127,2790663,111541,2706153,0,0,129660,3260814,85541,1118810,130827,4379624,
All CA and Non-CA Counties,2021-02-10,254213,5751029,121664,2912327,132549,2838702,0,0,141141,3291229,112249,1231059,142664,4522288,
All CA and Non-CA Counties,2021-02-11,270416,6021445,133758,3046085,136658,2975360,0,0,148610,3320984,120669,1351728,150424,4672712,
All CA and Non-CA Counties,2021-02-12,277741,6299186,121328,3167413,156413,3131773,0,0,150461,3347447,126382,1478110,152845,4825557,
All CA and Non-CA Counties,2021-02-13,169119,6468305,78048,3245461,91071,3222844,0,0,93891,3368450,74851,1552961,95854,4921411,
All CA and Non-CA Counties,2021-02-14,96654,6564959,47827,3293288,48827,3271671,0,0,52646,3378809,43832,1596793,54191,4975602,
All CA and Non-CA Counties,2021-02-15,145004,6709963,64014,3357302,80990,3352661,0,0,80020,3397365,64592,1661385,83148,5058750,
All CA and Non-CA Counties,2021-02-16,255500,6965463,121118,3478420,134382,3487043,0,0,135728,3416822,119377,1780762,138834,5197584,
All CA and Non-CA Counties,2021-02-17,265085,7230548,131883,3610303,133202,3620245,0,0,130888,3417285,133640,1914402,134103,5331687,
All CA and Non-CA Counties,2021-02-18,279366,7509914,146010,3756313,133356,3753601,0,0,134026,3410949,144593,2058995,138257,5469944,
All CA and Non-CA Counties,2021-02-19,259129,7769043,150934,3907247,108195,3861796,0,0,133158,3420744,125457,2184452,135252,5605196,
All CA and Non-CA Counties,2021-02-20,157017,7926060,101087,4008334,55930,3917726,0,0,85852,3437691,70890,2255342,87837,5693033,
All CA and Non-CA Counties,2021-02-21,85514,8011574,71049,4079383,14465,3932191,0,0,42530,3439053,42720,2298062,44082,5737115,
All CA and Non-CA Counties,2021-02-22,168372,8179946,112954,4192337,55418,3987609,0,0,84218,3441176,83822,2381884,85945,5823060,
All CA and Non-CA Counties,2021-02-23,232515,8412461,123189,4315526,109326,4096935,0,0,107915,3431119,123980,2505864,113923,5936983,
All CA and Non-CA Counties,2021-02-24,290522,8702983,147229,4462755,143293,4240228,0,0,137440,3423669,152442,2658306,144992,6081975,
All CA and Non-CA Counties,2021-02-25,329707,9032690,162853,4625608,166854,4407082,0,0,172198,3447652,156774,2815080,180757,6262732,
All CA and Non-CA Counties,2021-02-26,364107,9396797,170102,4795710,194005,4601087,0,0,202075,3495989,161021,2976101,209358,6472090,
All CA and Non-CA Counties,2021-02-27,259025,9655822,126166,4921876,132835,4733922,24,24,146025,3534102,112352,3088453,150465,6622555,
All CA and Non-CA Counties,2021-02-28,137571,9793393,82800,5004676,54760,4788682,11,35,80383,3560591,56746,3145199,83235,6705790,
All CA and Non-CA Counties,2021-03-01,249079,10042472,133359,5138035,115605,4904287,115,150,142267,3600973,106015,3251214,146397,6852187,
All CA and Non-CA Counties,2021-03-02,296220,10338692,148866,5286901,147328,5051615,26,176,176708,3665626,118971,3370185,183624,7035811,
All CA and Non-CA Counties,2021-03-03,340567,10679259,168112,5455013,172391,5224006,64,240,194303,3721741,145549,3515734,201664,7237475,
All CA and Non-CA Counties,2021-03-04,358621,11037880,180999,5636012,177522,5401528,100,340,208878,3788791,148959,3664693,216009,7453484,
All CA and Non-CA Counties,2021-03-05,345185,11383065,169898,5805910,174148,5575676,1139,1479,214352,3881555,130002,3794695,222766,7676250,
All CA and Non-CA Counties,2021-03-06,264315,11647380,135485,5941395,120817,5696493,8013,9492,163913,3958219,99975,3894670,176639,7852889,
All CA and Non-CA Counties,2021-03-07,129579,11776959,79635,6021030,45727,5742220,4217,13709,81205,3999135,48185,3942855,89101,7941990,
All CA and Non-CA Counties,2021-03-08,222483,11999442,108321,6129351,103424,5845644,10738,24447,145823,4084430,76238,4019093,161533,8103523,
All CA and Non-CA Counties,2021-03-09,296484,12295926,141953,6271304,138291,5983935,16240,40687,166573,4141873,129417,4148510,186860,8290383,
All CA and Non-CA Counties,2021-03-10,327230,12623156,163186,6434490,139078,6123013,24966,65653,177798,4200055,148754,4297264,206936,8497319,
All CA and Non-CA Counties,2021-03-11,382886,13006042,185270,6619760,163620,6286633,33996,99649,196916,4250163,185012,4482276,235120,8732439,
All CA and Non-CA Counties,2021-03-12,401915,13407957,180669,6800429,174233,6460866,47013,146662,197654,4295576,203437,4685713,248850,8981289,
All CA and Non-CA Counties,2021-03-13,287484,13695441,127127,6927556,128771,6589637,31586,178248,155886,4356166,131131,4816844,191721,9173010,
All CA and Non-CA Counties,2021-03-14,156832,13852273,84274,7011830,57123,6646760,15435,193683,79592,4376511,76948,4893792,97293,9270303,
All CA and Non-CA Counties,2021-03-15,294834,14147107,141090,7152920,132672,6779432,21072,214755,160282,4427478,133790,5027582,184757,9455060,
All CA and Non-CA Counties,2021-03-16,377962,14525069,178414,7331334,181863,6961295,17685,232440,218876,4508906,158333,5185915,239761,9694821,
All CA and Non-CA Counties,2021-03-17,392231,14917300,195284,7526618,178002,7139297,18945,251385,242675,4624348,148710,5334625,264152,9958973,
All CA and Non-CA Counties,2021-03-18,409244,15326544,210492,7737110,180174,7319471,18578,269963,242425,4721794,165704,5500329,263150,10222123,
All CA and Non-CA Counties,2021-03-19,418263,15744807,220373,7957483,175718,7495189,22172,292135,242637,4814050,174636,5674965,266892,10489015,
All CA and Non-CA Counties,2021-03-20,299706,16044513,158273,8115756,125464,7620653,15969,308104,189786,4912070,109238,5784203,207258,10696273,
All CA and Non-CA Counties,2021-03-21,145897,16190410,100846,8216602,37427,7658080,7624,315728,89945,4955457,55572,5839775,98959,10795232,
All CA and Non-CA Counties,2021-03-22,276596,16467006,161093,8377695,104186,7762266,11317,327045,179749,5053528,96040,5935815,194111,10989343,
All CA and Non-CA Counties,2021-03-23,363412,16830418,199757,8577452,152267,7914533,11388,338433,223461,5151971,139000,6074815,237443,11226786,
All CA and Non-CA Counties,2021-03-24,395063,17225481,225788,8803240,156309,8070842,12966,351399,230885,5234987,162928,6237743,245944,11472730,
All CA and Non-CA Counties,2021-03-25,426261,17651742,234168,9037408,176684,8247526,15409,366808,242897,5313431,182020,6419763,260464,11733194,
All CA and Non-CA Counties,2021-03-26,441807,18093549,236308,9273716,189227,8436753,16272,383080,239256,5370511,201292,6621055,258372,11991566,
All CA and Non-CA Counties,2021-03-27,318324,18411873,169552,9443268,136780,8573533,11992,395072,161117,5389493,156373,6777428,175355,12166921,
All CA and Non-CA Counties,2021-03-28,172501,18584374,110741,9554009,58012,8631545,3748,398820,90486,5404340,81555,6858983,96402,12263323,
All CA and Non-CA Counties,2021-03-29,315590,18899964,169423,9723432,136783,8768328,9384,408204,175610,5452650,139188,6998171,187498,12450821,
All CA and Non-CA Counties,2021-03-30,405420,19305384,205548,9928980,181081,8949409,18791,426995,228333,5525278,176271,7174442,248899,12699720,
All CA and Non-CA Counties,2021-03-31,432718,19738102,235820,10164800,174435,9123844,22463,449458,241643,5600373,190019,7364461,265114,12964834,
All CA and Non-CA Counties,2021-04-01,499817,20237919,256668,10421468,202216,9326060,40933,490391,276178,5696389,222217,7586678,318233,13283067,
All CA and Non-CA Counties,2021-04-02,482351,20720270,235579,10657047,202427,9528487,44345,534736,261909,5785069,219179,7805857,307859,13590926,
All CA and Non-CA Counties,2021-04-03,335789,21056059,171586,10828633,121590,9650077,42613,577349,167635,5828951,167483,7973340,211365,13802291,
All CA and Non-CA Counties,2021-04-04,134291,21190350,69997,10898630,45017,9695094,19277,596626,59038,5832467,74941,8048281,78457,13880748,
All CA and Non-CA Counties,2021-04-05,357476,21547826,184123,11082753,132943,9828037,40410,637036,176063,5870658,180697,8228978,218888,14099636,
All CA and Non-CA Counties,2021-04-06,464704,22012530,235762,11318515,161756,9989793,67186,704222,224833,5925661,238901,8467879,293904,14393540,
All CA and Non-CA Counties,2021-04-07,480571,22493101,249792,11568307,159113,10148906,71666,775888,233500,5985705,246090,8713969,306134,14699674,
All CA and Non-CA Counties,2021-04-08,508268,23001369,256475,11824782,165425,10314331,86368,862256,238968,6045135,268088,8982057,327518,15027192,
All CA and Non-CA Counties,2021-04-09,502355,23503724,250488,12075270,170038,10484369,81829,944085,231092,6090941,270150,9252207,315956,15343148,
All CA and Non-CA Counties,2021-04-10,373675,23877399,171066,12246336,126454,10610823,76155,1020240,156142,6109123,216761,9468968,234943,15578091,
All CA and Non-CA Counties,2021-04-11,190489,24067888,106852,12353188,48816,10659639,34821,1055061,78652,6113944,111477,9580445,116298,15694389,
All CA and Non-CA Counties,2021-04-12,344150,24412038,176817,12530005,128617,10788256,38716,1093777,159487,6131999,183670,9764115,201725,15896114,
All CA and Non-CA Counties,2021-04-13,438959,24850997,246049,12776054,191930,10980186,980,1094757,245292,6188714,192641,9956756,249356,16145470,
All CA and Non-CA Counties,2021-04-14,457957,25308954,257108,13033162,200554,11180740,295,1095052,239694,6216231,217063,10173819,244580,16390050,
All CA and Non-CA Counties,2021-04-15,498596,25807550,290635,13323797,207668,11388408,293,1095345,279929,6282191,217170,10390989,283130,16673180,
All CA and Non-CA Counties,2021-04-16,481011,26288561,270710,13594507,209986,11598394,315,1095660,256923,6319173,222860,10613849,259842,16933022,
All CA and Non-CA Counties,2021-04-17,346721,26635282,194563,13789070,152093,11750487,65,1095725,197106,6370736,148769,10762618,200332,17133354,
All CA and Non-CA Counties,2021-04-18,156513,26791795,99219,13888289,57275,11807762,19,1095744,80424,6378521,75674,10838292,83459,17216813,
All CA and Non-CA Counties,2021-04-19,321426,27113221,185129,14073418,136205,11943967,92,1095836,152150,6364287,168363,11006655,154129,17370942,
All CA and Non-CA Counties,2021-04-20,411855,27525076,218751,14292169,193034,12137001,70,1095906,204663,6365960,206152,11212807,207825,17578767,
All CA and Non-CA Counties,2021-04-21,426241,27951317,240572,14532741,185402,12322403,267,1096173,204079,6352706,220730,11433537,207476,17786243,
All CA and Non-CA Counties,2021-04-22,452940,28404257,257643,14790384,195219,12517622,78,1096251,201638,6307719,249911,11683448,204924,17991167,
All CA and Non-CA Counties,2021-04-23,443395,28847652,252120,15042504,191186,12708808,89,1096340,200443,6270047,241532,11924980,203860,18195027,
All CA and Non-CA Counties,2021-04-24,329788,29177440,207868,15250372,121741,12830549,179,1096519,167149,6278970,161671,12086651,170594,18365621,
All CA and Non-CA Counties,2021-04-25,151609,29329049,99753,15350125,51788,12882337,68,1096587,81539,6292413,69610,12156261,83053,18448674,
All CA and Non-CA Counties,2021-04-26,303510,29632559,174855,15524980,127106,13009443,1549,1098136,132950,6261946,169558,12325819,139091,18587765,
All CA and Non-CA Counties,2021-04-27,372330,30004889,204486,15729466,160888,13170331,6956,1105092,149635,6200250,221543,12547362,159847,18747612,
All CA and Non-CA Counties,2021-04-28,356931,30361820,203621,15933087,145008,13315339,8302,1113394,147246,6149537,208581,12755943,157868,18905480,
All CA and Non-CA Counties,2021-04-29,365016,30726836,209639,16142726,147060,13462399,8317,1121711,133569,6063014,230255,12986198,143732,19049212,
All CA and Non-CA Counties,2021-04-30,376921,31103757,215566,16358292,152043,13614442,9312,1131023,142397,5983422,233248,13219446,153656,19202868,
All CA and Non-CA Counties,2021-05-01,250644,31354401,160093,16518385,84069,13698511,6482,1137505,91091,5924504,158709,13378155,99791,19302659,
All CA and Non-CA Counties,2021-05-02,118669,31473070,82721,16601106,31952,13730463,3996,1141501,41734,5894070,76537,13454692,46103,19348762,
All CA and Non-CA Counties,2021-05-03,254986,31728056,156659,16757765,89361,13819824,8966,1150467,77792,5805329,176353,13631045,87612,19436374,
All CA and Non-CA Counties,2021-05-04,329158,32057214,200281,16958046,118694,13938518,10183,1160650,97467,5683510,230626,13861671,108807,19545181,
All CA and Non-CA Counties,2021-05-05,333639,32390853,207032,17165078,116236,14054754,10371,1171021,94583,5551604,237844,14099515,105938,19651119,
All CA and Non-CA Counties,2021-05-06,352569,32743422,229791,17394869,111905,14166659,10873,1181894,90044,5394138,260886,14360401,103420,19754539,
All CA and Non-CA Counties,2021-05-07,350063,33093485,219243,17614112,120606,14287265,10214,1192108,95554,5247986,253143,14613544,106991,19861530,
All CA and Non-CA Counties,2021-05-08,226993,33320478,144030,17758142,76032,14363297,6931,1199039,62777,5155854,163294,14776838,71162,19932692,
All CA and Non-CA Counties,2021-05-09,94627,33415105,71198,17829340,20335,14383632,3094,1202133,26050,5117193,68246,14845084,29585,19962277,
All CA and Non-CA Counties,2021-05-10,203705,33618810,115723,17945063,79879,14463511,8103,1210236,51273,5026226,151633,14996717,60666,20022943,
All CA and Non-CA Counties,2021-05-11,267345,33886155,149528,18094591,108950,14572461,8867,1219103,71396,4913227,195026,15191743,82027,20104970,
All CA and Non-CA Counties,2021-05-12,268217,34154372,155222,18249813,103625,14676086,9370,1228473,76481,4809576,190713,15382456,87062,20192032,
All CA and Non-CA Counties,2021-05-13,311654,34466026,200910,18450723,103231,14779317,7513,1235986,119252,4747769,191294,15573750,129487,20321519,
All CA and Non-CA Counties,2021-05-14,335823,34801849,214397,18665120,112429,14891746,8997,1244983,132829,4689866,201831,15775581,143928,20465447,
All CA and Non-CA Counties,2021-05-15,276986,35078835,193374,18858494,77534,14969280,6078,1251061,113967,4648685,162182,15937763,121001,20586448,
All CA and Non-CA Counties,2021-05-16,137527,35216362,105320,18963814,29224,14998504,2983,1254044,55914,4626803,81179,16018942,59297,20645745,
All CA and Non-CA Counties,2021-05-17,240394,35456756,158037,19121851,74788,15073292,7569,1261613,96983,4589673,142548,16161490,105418,20751163,
All CA and Non-CA Counties,2021-05-18,281724,35738480,171428,19293279,102645,15175937,7651,1269264,111833,4541794,168774,16330264,120895,20872058,
All CA and Non-CA Counties,2021-05-19,276207,36014687,172335,19465614,96110,15272047,7762,1277026,116222,4507933,158963,16489227,125102,20997160,
All CA and Non-CA Counties,2021-05-20,263117,36277804,157131,19622745,97662,15369709,8324,1285350,102899,4461789,159106,16648333,112962,21110122,
All CA and Non-CA Counties,2021-05-21,283033,36560837,174179,19796924,100679,15470388,8175,1293525,109988,4409553,171827,16820160,119591,21229713,
All CA and Non-CA Counties,2021-05-22,204183,36765020,135196,19932120,62706,15533094,6281,1299806,87213,4388221,116200,16936360,94868,21324581,
All CA and Non-CA Counties,2021-05-23,87439,36852459,60728,19992848,23954,15557048,2757,1302563,38319,4381083,48729,16985089,41591,21366172,
All CA and Non-CA Counties,2021-05-24,168490,37020949,97636,20090484,62258,15619306,8596,1311159,63968,4350755,103729,17088818,73401,21439573,
All CA and Non-CA Counties,2021-05-25,190378,37211327,111767,20202251,70339,15689645,8272,1319431,73358,4317475,116033,17204851,82753,21522326,
All CA and Non-CA Counties,2021-05-26,184827,37396154,106107,20308358,70590,15760235,8130,1327561,73161,4289042,110603,17315454,82170,21604496,
All CA and Non-CA Counties,2021-05-27,172798,37568952,98647,20407005,65393,15825628,8758,1336319,70976,4268945,101011,17416465,80914,21685410,
All CA and Non-CA Counties,2021-05-28,188770,37757722,109033,20516038,72386,15898014,7351,1343670,82473,4254671,105400,17521865,91126,21776536,
All CA and Non-CA Counties,2021-05-29,107348,37865070,65864,20581902,37374,15935388,4110,1347780,51451,4255442,55379,17577244,56150,21832686,
All CA and Non-CA Counties,2021-05-30,47631,37912701,31427,20613329,13638,15949026,2566,1350346,21521,4253919,25885,17603129,24362,21857048,
All CA and Non-CA Counties,2021-05-31,20169,37932870,11862,20625191,7295,15956321,1012,1351358,6737,4248513,13292,17616421,7886,21864934,
All CA and Non-CA Counties,2021-06-01,168845,38101715,98671,20723862,62891,16019212,7283,1358641,63299,4215519,104609,17721030,71615,21936549,
All CA and Non-CA Counties,2021-06-02,143158,38244873,84676,20808538,51091,16070303,7391,1366032,55789,4193002,86493,17807523,63976,22000525,
All CA and Non-CA Counties,2021-06-03,171265,38416138,117015,20925553,46984,16117287,7266,1373298,54767,4140461,115703,17923226,63162,22063687,
All CA and Non-CA Counties,2021-06-04,199362,38615500,140424,21065977,52557,16169844,6381,1379679,62828,4076121,135539,18058765,71199,22134886,
All CA and Non-CA Counties,2021-06-05,156166,38771666,118254,21184231,32718,16202562,5194,1384873,45734,4018444,109677,18168442,52000,22186886,
All CA and Non-CA Counties,2021-06-06,63051,38834717,52952,21237183,7842,16210404,2257,1387130,18832,3996500,43934,18212376,21990,22208876,
All CA and Non-CA Counties,2021-06-07,136031,38970748,99584,21336767,30353,16240757,6094,1393224,41400,3950786,94060,18306436,48346,22257222,
All CA and Non-CA Counties,2021-06-08,156151,39126899,113161,21449928,36049,16276806,6941,1400165,47683,3899017,107624,18414060,55855,22313077,
All CA and Non-CA Counties,2021-06-09,118568,39245467,85616,21535544,27112,16303918,5840,1406005,31874,3851332,86061,18500121,38376,22351453,
All CA and Non-CA Counties,2021-06-10,112662,39358129,80953,21616497,25378,16329296,6331,1412336,32708,3811814,79404,18579525,39886,22391339,
All CA and Non-CA Counties,2021-06-11,104890,39463019,71334,21687831,28161,16357457,5395,1417731,31068,3775601,73217,18652742,37004,22428343,
All CA and Non-CA Counties,2021-06-12,56769,39519788,45159,21732990,9240,16366697,2370,1420101,14898,3751598,41623,18694365,17620,22445963,
Outside California,2020-12-15,8,8,8,8,0,0,0,0,8,8,0,0,8,8,Not in California
Outside California,2020-12-16,275,283,275,283,0,0,0,0,275,283,0,0,275,283,Not in California
Outside California,2020-12-17,1608,1891,1608,1891,0,0,0,0,1608,1891,0,0,1608,1891,Not in California
Outside California,2020-12-18,2552,4443,2545,4436,7,7,0,0,2552,4443,0,0,2552,4443,Not in California
Outside California,2020-12-19,1037,5480,1036,5472,1,8,0,0,1037,5480,0,0,1037,5480,Not in California
Outside California,2020-12-20,680,6160,677,6149,3,11,0,0,680,6160,0,0,680,6160,Not in California
Outside California,2020-12-21,2189,8349,2186,8335,3,14,0,0,2189,8349,0,0,2189,8349,Not in California
Outside California,2020-12-22,2069,10418,1994,10329,75,89,0,0,2069,10418,0,0,2069,10418,Not in California
Outside California,2020-12-23,1538,11956,1394,11723,144,233,0,0,1537,11954,1,1,1537,11955,Not in California
Outside California,2020-12-24,807,12763,615,12338,192,425,0,0,807,12761,0,1,807,12762,Not in California
Outside California,2020-12-25,35,12798,30,12368,5,430,0,0,35,12796,0,1,35,12797,Not in California
Outside California,2020-12-26,307,13105,205,12573,102,532,0,0,307,13103,0,1,307,13104,Not in California
Outside California,2020-12-27,189,13294,72,12645,117,649,0,0,189,13292,0,1,189,13293,Not in California
Outside California,2020-12-28,1410,14704,898,13543,512,1161,0,0,1410,14702,0,1,1410,14703,Not in California
Outside California,2020-12-29,1543,16247,1022,14565,521,1682,0,0,1543,16245,0,1,1543,16246,Not in California
Outside California,2020-12-30,1883,18130,1228,15793,655,2337,0,0,1883,18128,0,1,1883,18129,Not in California
Outside California,2020-12-31,1105,19235,603,16396,502,2839,0,0,1104,19231,1,2,1104,19233,Not in California
Outside California,2021-01-01,113,19348,25,16421,88,2927,0,0,113,19344,0,2,113,19346,Not in California
Outside California,2021-01-02,244,19592,135,16556,109,3036,0,0,243,19586,1,3,243,19589,Not in California
Outside California,2021-01-03,172,19764,91,16647,81,3117,0,0,172,19758,0,3,172,19761,Not in California
Outside California,2021-01-04,1149,20913,509,17156,640,3757,0,0,1144,20901,1,4,1144,20905,Not in California
Outside California,2021-01-05,1552,22465,825,17981,727,4484,0,0,1358,22068,192,196,1359,22264,Not in California
Outside California,2021-01-06,2690,25155,1592,19573,1098,5582,0,0,1951,23283,736,932,1951,24215,Not in California
Outside California,2021-01-07,4149,29304,2536,22109,1613,7195,0,0,2491,24121,1656,2588,2494,26709,Not in California
Outside California,2021-01-08,4495,33799,2914,25023,1581,8776,0,0,2610,24861,1875,4463,2615,29324,Not in California
Outside California,2021-01-09,1303,35102,532,25555,771,9547,0,0,975,25511,327,4790,977,30301,Not in California
Outside California,2021-01-10,301,35403,184,25739,117,9664,0,0,178,25566,123,4913,178,30479,Not in California
Outside California,2021-01-11,3285,38688,2010,27749,1275,10939,0,0,1945,26173,1340,6253,1947,32426,Not in California
Outside California,2021-01-12,3844,42532,2306,30055,1538,12477,0,0,2298,26934,1542,7795,2303,34729,Not in California
Outside California,2021-01-13,3668,46200,1810,31865,1858,14335,0,0,2477,28223,1191,8986,2480,37209,Not in California
Outside California,2021-01-14,3709,49909,1284,33149,2425,16760,0,0,3061,30655,635,9621,3067,40276,Not in California
Outside California,2021-01-15,4192,54101,1003,34152,3189,19949,0,0,3717,33910,462,10083,3717,43993,Not in California
Outside California,2021-01-16,2684,56785,387,34539,2297,22246,0,0,2508,36244,174,10257,2508,46501,Not in California
Outside California,2021-01-17,503,57288,153,34692,350,22596,0,0,453,36647,50,10307,453,46954,Not in California
Outside California,2021-01-18,1209,58497,771,35463,438,23034,0,0,754,36947,454,10761,754,47708,Not in California
Outside California,2021-01-19,4111,62608,1329,36792,2782,25816,0,0,3215,39269,896,11657,3218,50926,Not in California
Outside California,2021-01-20,4421,67029,1419,38211,3002,28818,0,0,3476,41806,941,12598,3478,54404,Not in California
Outside California,2021-01-21,4198,71227,1155,39366,3043,31861,0,0,3625,44875,556,13154,3625,58029,Not in California
Outside California,2021-01-22,4590,75817,1108,40474,3482,35343,0,0,4179,48650,406,13560,4181,62210,Not in California
Outside California,2021-01-23,2221,78038,336,40810,1885,37228,0,0,2056,50541,165,13725,2056,64266,Not in California
Outside California,2021-01-24,583,78621,235,41045,348,37576,0,0,504,50966,79,13804,504,64770,Not in California
Outside California,2021-01-25,4450,83071,1918,42963,2532,40108,0,0,3583,53687,863,14667,3584,68354,Not in California
Outside California,2021-01-26,5797,88868,2786,45749,3011,43119,0,0,4940,57778,856,15523,4947,73301,Not in California
Outside California,2021-01-27,4752,93620,2428,48177,2324,45443,0,0,4121,61274,627,16150,4123,77424,Not in California
Outside California,2021-01-28,4938,98558,2590,50767,2348,47791,0,0,4401,65149,526,16676,4401,81825,Not in California
Outside California,2021-01-29,4629,103187,2821,53588,1808,49599,0,0,3829,68187,792,17468,3830,85655,Not in California
Outside California,2021-01-30,4184,107371,2183,55771,2001,51600,0,0,3952,71910,230,17698,3953,89608,Not in California
Outside California,2021-01-31,2795,110166,2393,58164,402,52002,0,0,2740,74597,54,17752,2741,92349,Not in California
Outside California,2021-02-01,5297,115463,2426,60590,2871,54873,0,0,4589,78487,699,18451,4589,96938,Not in California
Outside California,2021-02-02,6541,122004,2019,62609,4522,59395,0,0,5825,83603,709,19160,5825,102763,Not in California
Outside California,2021-02-03,7159,129163,1935,64544,5224,64619,0,0,6290,89032,862,20022,6291,109054,Not in California
Outside California,2021-02-04,6616,135779,2001,66545,4615,69234,0,0,5612,93650,995,21017,5613,114667,Not in California
Outside California,2021-02-05,6604,142383,2038,68583,4566,73800,0,0,5529,98109,1070,22087,5529,120196,Not in California
Outside California,2021-02-06,4116,146499,1857,70440,2259,76059,0,0,3656,101317,451,22538,3659,123855,Not in California
Outside California,2021-02-07,1945,148444,1557,71997,388,76447,0,0,1866,103106,79,22617,1868,125723,Not in California
Outside California,2021-02-08,4755,153199,2801,74798,1954,78401,0,0,3702,105766,1042,23659,3702,129425,Not in California
Outside California,2021-02-09,4043,157242,1696,76494,2347,80748,0,0,2745,107237,1288,24947,2759,132184,Not in California
Outside California,2021-02-10,5380,162622,1738,78232,3642,84390,0,0,2953,107812,2419,27366,2994,135178,Not in California
Outside California,2021-02-11,4623,167245,2064,80296,2559,86949,0,0,3314,109846,1298,28664,3332,138510,Not in California
Outside California,2021-02-12,5165,172410,1878,82174,3287,90236,0,0,3338,111375,1814,30478,3343,141853,Not in California
Outside California,2021-02-13,2324,174734,663,82837,1661,91897,0,0,1772,112608,551,31029,1784,143637,Not in California
Outside California,2021-02-14,1291,176025,372,83209,919,92816,0,0,1051,113425,236,31265,1053,144690,Not in California
Outside California,2021-02-15,2451,178476,1451,84660,1000,93816,0,0,1190,113370,1248,32513,1193,145883,Not in California
Outside California,2021-02-16,6219,184695,2695,87355,3524,97340,0,0,2517,112201,3690,36203,2521,148404,Not in California
Outside California,2021-02-17,5632,190327,2690,90045,2942,100282,0,0,1787,110153,3840,40043,1792,150196,Not in California
Outside California,2021-02-18,6134,196461,3414,93459,2720,103002,0,0,2028,108096,4085,44128,2028,152224,Not in California
Outside California,2021-02-19,5406,201867,3662,97121,1744,104746,0,0,2374,107447,3026,47154,2377,154601,Not in California
Outside California,2021-02-20,3073,204940,2424,99545,649,105395,0,0,1234,106847,1835,48989,1235,155836,Not in California
Outside California,2021-02-21,2476,207416,2259,101804,217,105612,0,0,829,106034,1642,50631,829,156665,Not in California
Outside California,2021-02-22,3330,210746,2389,104193,941,106553,0,0,1624,105959,1703,52334,1628,158293,Not in California
Outside California,2021-02-23,5820,216566,3216,107409,2604,109157,0,0,2324,104808,3489,55823,2338,160631,Not in California
Outside California,2021-02-24,6206,222772,3386,110795,2820,111977,0,0,2443,103499,3756,59579,2447,163078,Not in California
Outside California,2021-02-25,6691,229463,3357,114152,3334,115311,0,0,3061,102965,3599,63178,3065,166143,Not in California
Outside California,2021-02-26,6645,236108,3447,117599,3198,118509,0,0,3089,102580,3475,66653,3090,169233,Not in California
Outside California,2021-02-27,5221,241329,2525,120124,2695,121204,1,1,1872,101118,3338,69991,1876,171109,Not in California
Outside California,2021-02-28,2204,243533,1556,121680,647,121851,1,2,794,100506,1408,71399,796,171905,Not in California
Outside California,2021-03-01,4506,248039,2726,124406,1779,123630,1,3,1344,98704,3152,74551,1350,173255,Not in California
Outside California,2021-03-02,6509,254548,2312,126718,4197,127827,0,3,2049,96307,4448,78999,2051,175306,Not in California
Outside California,2021-03-03,7726,262274,2933,129651,4791,132618,2,5,2666,93932,5046,84045,2671,177977,Not in California
Outside California,2021-03-04,6647,268921,2739,132390,3902,136520,6,11,2313,91937,4316,88361,2321,180298,Not in California
Outside California,2021-03-05,5198,274119,2592,134982,2592,139112,14,25,2721,92214,2466,90827,2743,183041,Not in California
Outside California,2021-03-06,4551,278670,2087,137069,2308,141420,156,181,2328,92486,2221,93048,2493,185534,Not in California
Outside California,2021-03-07,1545,280215,985,138054,503,141923,57,238,949,92899,595,93643,1008,186542,Not in California
Outside California,2021-03-08,3081,283296,1831,139885,1016,142939,234,472,2190,94468,862,94505,2431,188973,Not in California
Outside California,2021-03-09,4649,287945,2399,142284,1956,144895,294,766,2770,95657,1875,96380,3064,192037,Not in California
Outside California,2021-03-10,4320,292265,2077,144361,1752,146647,491,1257,2691,97226,1620,98000,3189,195226,Not in California
Outside California,2021-03-11,6080,298345,3110,147471,2311,148958,659,1916,3290,98392,2784,100784,3950,199176,Not in California
Outside California,2021-03-12,6397,304742,3853,151324,1830,150788,714,2630,3553,99825,2835,103619,4268,203444,Not in California
Outside California,2021-03-13,3725,308467,2169,153493,1106,151894,450,3080,2553,101665,1165,104784,3005,206449,Not in California
Outside California,2021-03-14,1765,310232,915,154408,517,152411,333,3413,963,102160,802,105586,1297,207746,Not in California
Outside California,2021-03-15,4004,314236,2111,156519,1432,153843,461,3874,2141,102909,1857,107443,2606,210352,Not in California
Outside California,2021-03-16,7477,321713,4360,160879,2733,156576,384,4258,4165,104145,3309,110752,4545,214897,Not in California
Outside California,2021-03-17,8382,330095,5444,166323,2564,159140,374,4632,5041,106224,3337,114089,5416,220313,Not in California
Outside California,2021-03-18,8282,338377,5121,171444,2621,161761,540,5172,4792,108075,3481,117570,5332,225645,Not in California
Outside California,2021-03-19,7293,345670,4329,175773,2420,164181,544,5716,4364,110064,2923,120493,4912,230557,Not in California
Outside California,2021-03-20,4722,350392,3120,178893,1514,165695,88,5804,3614,112668,1099,121592,3703,234260,Not in California
Outside California,2021-03-21,2075,352467,1428,180321,559,166254,88,5892,1659,114001,414,122006,1747,236007,Not in California
Outside California,2021-03-22,3248,355715,1962,182283,1197,167451,89,5981,2229,115306,1012,123018,2317,238324,Not in California
Outside California,2021-03-23,6050,361765,3082,185365,2664,170115,304,6285,4104,117782,1932,124950,4408,242732,Not in California
Outside California,2021-03-24,7299,369064,3735,189100,3119,173234,445,6730,5038,121009,2254,127204,5481,248213,Not in California
Outside California,2021-03-25,8248,377312,3824,192924,3899,177133,525,7255,5998,125294,2238,129442,6523,254736,Not in California
Outside California,2021-03-26,6643,383955,3503,196427,2964,180097,176,7431,4383,127617,2235,131677,4558,259294,Not in California
Outside California,2021-03-27,5514,389469,3090,199517,2210,182307,214,7645,3458,129241,2047,133724,3671,262965,Not in California
Outside California,2021-03-28,3069,392538,1645,201162,1263,183570,161,7806,1983,130304,1081,134805,2144,265109,Not in California
Outside California,2021-03-29,5165,397703,2292,203454,2529,186099,344,8150,2952,131392,2208,137013,3296,268405,Not in California
Outside California,2021-03-30,6863,404566,3616,207070,2684,188783,563,8713,4056,133221,2797,139810,4626,273031,Not in California
Outside California,2021-03-31,6313,410879,3763,210833,1772,190555,778,9491,3348,134385,2959,142769,4123,277154,Not in California
Outside California,2021-04-01,7498,418377,4483,215316,2368,192923,647,10138,4329,136191,3161,145930,4967,282121,Not in California
Outside California,2021-04-02,8432,426809,4482,219798,2809,195732,1141,11279,4356,137619,4067,149997,5495,287616,Not in California
Outside California,2021-04-03,6164,432973,3659,223457,1347,197079,1158,12437,3242,139105,2913,152910,4399,292015,Not in California
Outside California,2021-04-04,1770,434743,870,224327,666,197745,234,12671,969,139506,800,153710,1201,293216,Not in California
Outside California,2021-04-05,4126,438869,1997,226324,1462,199207,667,13338,1967,139984,2154,155864,2632,295848,Not in California
Outside California,2021-04-06,7171,446040,3866,230190,1668,200875,1637,14975,2885,140232,4270,160134,4518,300366,Not in California
Outside California,2021-04-07,8190,454230,4599,234789,1897,202772,1694,16669,3174,140082,5008,165142,4858,305224,Not in California
Outside California,2021-04-08,8218,462448,4313,239102,1970,204742,1935,18604,3263,140324,4944,170086,5186,310410,Not in California
Outside California,2021-04-09,7536,469984,3851,242953,1725,206467,1960,20564,2881,140520,4642,174728,4838,315248,Not in California
Outside California,2021-04-10,6065,476049,2965,245918,1243,207710,1857,22421,1656,139627,4401,179129,3508,318756,Not in California
Outside California,2021-04-11,2837,478886,1548,247466,650,208360,639,23060,953,139338,1881,181010,1592,320348,Not in California
Outside California,2021-04-12,4138,483024,2319,249785,1267,209627,552,23612,1841,139443,2287,183297,2392,322740,Not in California
Outside California,2021-04-13,5799,488823,3704,253489,2070,211697,25,23637,2994,139666,2800,186097,3023,325763,Not in California
Outside California,2021-04-14,5345,494168,3398,256887,1943,213640,4,23641,2921,140177,2418,188515,2929,328692,Not in California
Outside California,2021-04-15,6143,500311,3878,260765,2259,215899,6,23647,3312,140717,2779,191294,3319,332011,Not in California
Outside California,2021-04-16,5846,506157,3338,264103,2501,218400,7,23654,3253,141400,2583,193877,3266,335277,Not in California
Outside California,2021-04-17,5467,511624,3429,267532,2037,220437,1,23655,3175,142293,2282,196159,3175,338452,Not in California
Outside California,2021-04-18,2100,513724,1171,268703,928,221365,1,23656,999,142199,1095,197254,1001,339453,Not in California
Outside California,2021-04-19,4129,517853,1995,270698,2133,223498,1,23657,2126,142336,1993,199247,2130,341583,Not in California
Outside California,2021-04-20,5361,523214,2432,273130,2929,226427,0,23657,2192,141367,3161,202408,2192,343775,Not in California
Outside California,2021-04-21,6361,529575,2657,275787,3700,230127,4,23661,2271,139574,4069,206477,2276,346051,Not in California
Outside California,2021-04-22,6750,536325,3432,279219,3314,233441,4,23665,2473,137790,4263,210740,2479,348530,Not in California
Outside California,2021-04-23,5845,542170,2972,282191,2872,236313,1,23666,2412,136787,3418,214158,2415,350945,Not in California
Outside California,2021-04-24,4619,546789,3023,285214,1591,237904,5,23671,1849,135879,2765,216923,1857,352802,Not in California
Outside California,2021-04-25,2206,548995,1244,286458,961,238865,1,23672,1168,136017,1034,217957,1172,353974,Not in California
Outside California,2021-04-26,4116,553111,1810,288268,2278,241143,28,23700,1865,135668,2242,220199,1893,355867,Not in California
Outside California,2021-04-27,5656,558767,2095,290363,3192,244335,369,24069,1977,134352,3670,223869,2354,358221,Not in California
Outside California,2021-04-28,4834,563601,2054,292417,2385,246720,395,24464,1908,133736,2914,226783,2298,360519,Not in California
Outside California,2021-04-29,4813,568414,2213,294630,2168,248888,432,24896,1810,132995,2983,229766,2242,362761,Not in California
Outside California,2021-04-30,4876,573290,2348,296978,2108,250996,420,25316,1844,132244,3018,232784,2267,365028,Not in California
Outside California,2021-05-01,3148,576438,1821,298799,899,251895,428,25744,1298,132130,1840,234624,1726,366754,Not in California
Outside California,2021-05-02,1858,578296,1083,299882,652,252547,123,25867,841,132079,1015,235639,964,367718,Not in California
Outside California,2021-05-03,2869,581165,1556,301438,1032,253579,281,26148,1112,131720,1752,237391,1393,369111,Not in California
Outside California,2021-05-04,3913,585078,2091,303529,1383,254962,439,26587,1305,130861,2601,239992,1742,370853,Not in California
Outside California,2021-05-05,4350,589428,2410,305939,1570,256532,370,26957,1586,130064,2756,242748,1959,372812,Not in California
Outside California,2021-05-06,4443,593871,2721,308660,1385,257917,337,27294,1556,129076,2881,245629,1893,374705,Not in California
Outside California,2021-05-07,4540,598411,2581,311241,1573,259490,386,27680,1577,128089,2950,248579,1963,376668,Not in California
Outside California,2021-05-08,3198,601609,2154,313395,799,260289,245,27925,1069,127285,2119,250698,1315,377983,Not in California
Outside California,2021-05-09,1353,602962,900,314295,330,260619,123,28048,580,127218,768,251466,701,378684,Not in California
Outside California,2021-05-10,2523,605485,1152,315447,1042,261661,329,28377,905,126842,1612,253078,1236,379920,Not in California
Outside California,2021-05-11,2926,608411,1379,316826,1249,262910,298,28675,1102,126422,1823,254901,1403,381323,Not in California
Outside California,2021-05-12,3149,611560,1489,318315,1333,264243,327,29002,1249,126103,1895,256796,1576,382899,Not in California
Outside California,2021-05-13,3099,614659,1778,320093,1115,265358,206,29208,1363,125943,1729,258525,1569,384468,Not in California
Outside California,2021-05-14,3495,618154,1948,322041,1309,266667,238,29446,1580,125855,1908,260433,1820,386288,Not in California
Outside California,2021-05-15,2605,620759,1519,323560,943,267610,143,29589,1128,125657,1472,261905,1274,387562,Not in California
Outside California,2021-05-16,1615,622374,1028,324588,518,268128,69,29658,733,125581,879,262784,803,388365,Not in California
Outside California,2021-05-17,3034,625408,1601,326189,1199,269327,234,29892,1322,125430,1708,264492,1557,389922,Not in California
Outside California,2021-05-18,3214,628622,1623,327812,1279,270606,312,30204,1457,125455,1746,266238,1771,391693,Not in California
Outside California,2021-05-19,3302,631924,1663,329475,1372,271978,267,30471,1471,125369,1824,268062,1738,393431,Not in California
Outside California,2021-05-20,3073,634997,1688,331163,1152,273130,233,30704,1406,125352,1660,269722,1643,395074,Not in California
Outside California,2021-05-21,3187,638184,1785,332948,1153,274283,249,30953,1398,125221,1778,271500,1647,396721,Not in California
Outside California,2021-05-22,2822,641006,1879,334827,742,275025,201,31154,1573,125753,1243,272743,1775,398496,Not in California
Outside California,2021-05-23,1536,642542,1003,335830,455,275480,78,31232,770,125837,765,273508,849,399345,Not in California
Outside California,2021-05-24,2444,644986,1194,337024,903,276383,347,31579,1118,125984,1318,274826,1465,400810,Not in California
Outside California,2021-05-25,2360,647346,1098,338122,934,277317,328,31907,1032,126023,1319,276145,1358,402168,Not in California
Outside California,2021-05-26,2370,649716,1097,339219,918,278235,355,32262,1006,126028,1357,277502,1362,403530,Not in California
Outside California,2021-05-27,2166,651882,1089,340308,791,279026,286,32548,1019,126188,1144,278646,1304,404834,Not in California
Outside California,2021-05-28,2402,654284,1207,341515,847,279873,348,32896,1102,126346,1293,279939,1451,406285,Not in California
Outside California,2021-05-29,1677,655961,851,342366,471,280344,355,33251,734,126496,939,280878,1089,407374,Not in California
Outside California,2021-05-30,912,656873,559,342925,229,280573,124,33375,464,126640,445,281323,589,407963,Not in California
Outside California,2021-05-31,415,657288,182,343107,196,280769,37,33412,177,126629,226,281549,215,408178,Not in California
Outside California,2021-06-01,2110,659398,1099,344206,710,281479,301,33713,1045,126915,1061,282610,1347,409525,Not in California
Outside California,2021-06-02,2079,661477,1073,345279,664,282143,342,34055,1010,127207,1060,283670,1352,410877,Not in California
Outside California,2021-06-03,2148,663625,1188,346467,651,282794,309,34364,1000,127375,1141,284811,1309,412186,Not in California
Outside California,2021-06-04,2517,666142,1408,347875,795,283589,314,34678,1105,127387,1406,286217,1418,413604,Not in California
Outside California,2021-06-05,1714,667856,1206,349081,349,283938,159,34837,810,127456,901,287118,970,414574,Not in California
Outside California,2021-06-06,920,668776,691,349772,148,284086,81,34918,450,127519,468,287586,531,415105,Not in California
Outside California,2021-06-07,1900,670676,1028,350800,546,284632,326,35244,813,127571,1086,288672,1138,416243,Not in California
Outside California,2021-06-08,2008,672684,1168,351968,509,285141,331,35575,797,127492,1206,289878,1127,417370,Not in California
Outside California,2021-06-09,1341,674025,767,352735,337,285478,237,35812,558,127507,780,290658,795,418165,Not in California
Outside California,2021-06-10,1293,675318,719,353454,330,285808,244,36056,522,127507,767,291425,767,418932,Not in California
Outside California,2021-06-11,1331,676649,673,354127,396,286204,262,36318,519,127478,809,292234,780,419712,Not in California
Outside California,2021-06-12,890,677539,716,354843,89,286293,85,36403,269,127213,619,292853,354,420066,Not in California
Unknown,2020-12-17,2,2,2,2,0,0,0,0,0,0,0,0,0,0,Not in California
Unknown,2020-12-18,1,3,1,3,0,0,0,0,0,0,0,0,0,0,Not in California
Unknown,2020-12-21,4,7,4,7,0,0,0,0,0,0,0,0,0,0,Not in California
Unknown,2020-12-28,1,8,1,8,0,0,0,0,1,1,0,0,1,1,Not in California
Unknown,2020-12-29,1,9,1,9,0,0,0,0,1,2,0,0,1,2,Not in California
Unknown,2020-12-30,54,63,54,63,0,0,0,0,54,56,0,0,54,56,Not in California
Unknown,2020-12-31,1,64,0,63,1,1,0,0,0,56,0,0,0,56,Not in California
Unknown,2021-01-02,1,65,0,63,1,2,0,0,1,57,0,0,1,57,Not in California
Unknown,2021-01-04,1,66,1,64,0,2,0,0,1,58,0,0,1,58,Not in California
Unknown,2021-01-06,4,70,2,66,2,4,0,0,4,62,0,0,4,62,Not in California
Unknown,2021-01-07,67,137,67,133,0,4,0,0,67,129,0,0,67,129,Not in California
Unknown,2021-01-09,1,138,1,134,0,4,0,0,2,131,0,0,2,131,Not in California
Unknown,2021-01-11,19,157,19,153,0,4,0,0,18,149,0,0,18,149,Not in California
Unknown,2021-01-12,8,165,7,160,1,5,0,0,6,155,1,1,7,156,Not in California
Unknown,2021-01-13,3,168,3,163,0,5,0,0,4,159,0,1,4,160,Not in California
Unknown,2021-01-14,3,171,3,166,0,5,0,0,3,162,0,1,3,163,Not in California
Unknown,2021-01-15,6,177,5,171,1,6,0,0,6,168,0,1,6,169,Not in California
Unknown,2021-01-16,6,183,6,177,0,6,0,0,6,174,0,1,6,175,Not in California
Unknown,2021-01-17,2,185,2,179,0,6,0,0,2,176,0,1,2,177,Not in California
Unknown,2021-01-18,21,206,21,200,0,6,0,0,21,197,0,1,21,198,Not in California
Unknown,2021-01-19,9,215,9,209,0,6,0,0,8,205,0,1,8,206,Not in California
Unknown,2021-01-20,64,279,64,273,0,6,0,0,13,166,52,53,13,219,Not in California
Unknown,2021-01-21,29,308,27,300,2,8,0,0,30,195,1,54,30,249,Not in California
Unknown,2021-01-22,16,324,11,311,5,13,0,0,16,211,0,54,16,265,Not in California
Unknown,2021-01-23,10,334,4,315,6,19,0,0,10,221,0,54,10,275,Not in California
Unknown,2021-01-24,2,336,2,317,0,19,0,0,3,224,0,54,3,278,Not in California
Unknown,2021-01-25,8,344,6,323,2,21,0,0,6,228,2,56,6,284,Not in California
Unknown,2021-01-26,32,376,32,355,0,21,0,0,35,263,0,56,35,319,Not in California
Unknown,2021-01-27,10,386,10,365,0,21,0,0,9,271,1,57,9,328,Not in California
Unknown,2021-01-28,95,481,93,458,2,23,0,0,39,251,59,116,39,367,Not in California
Unknown,2021-01-29,115,596,115,573,0,23,0,0,119,369,1,117,119,486,Not in California
Unknown,2021-01-30,8,604,6,579,2,25,0,0,11,379,1,118,11,497,Not in California
Unknown,2021-01-31,5,609,5,584,0,25,0,0,6,385,0,118,6,503,Not in California
Unknown,2021-02-01,35,644,33,617,2,27,0,0,19,386,18,136,19,522,Not in California
Unknown,2021-02-02,28,672,27,644,1,28,0,0,24,406,4,140,24,546,Not in California
Unknown,2021-02-03,8,680,8,652,0,28,0,0,4,406,4,144,4,550,Not in California
Unknown,2021-02-04,29,709,25,677,4,32,0,0,24,425,5,149,24,574,Not in California
Unknown,2021-02-05,15,724,12,689,3,35,0,0,12,434,3,152,12,586,Not in California
Unknown,2021-02-06,8,732,8,697,0,35,0,0,3,431,6,158,3,589,Not in California
Unknown,2021-02-07,3,735,3,700,0,35,0,0,3,434,0,158,3,592,Not in California
Unknown,2021-02-08,19,754,18,718,1,36,0,0,5,425,14,172,5,597,Not in California
Unknown,2021-02-09,7,761,7,725,0,36,0,0,2,422,5,177,2,599,Not in California
Unknown,2021-02-10,16,777,12,737,4,40,0,0,6,418,10,187,6,605,Not in California
Unknown,2021-02-11,34,811,33,770,1,41,0,0,14,411,21,208,14,619,Not in California
Unknown,2021-02-12,11,822,9,779,2,43,0,0,3,406,8,216,3,622,Not in California
Unknown,2021-02-13,6,828,1,780,5,48,0,0,5,410,1,217,5,627,Not in California
Unknown,2021-02-14,2,830,1,781,1,49,0,0,1,410,1,218,1,628,Not in California
Unknown,2021-02-15,30,860,26,807,4,53,0,0,25,432,3,221,25,653,Not in California
Unknown,2021-02-16,35,895,28,835,7,60,0,0,16,429,19,240,16,669,Not in California
Unknown,2021-02-17,5,900,3,838,2,62,0,0,2,429,2,242,2,671,Not in California
Unknown,2021-02-18,34,934,29,867,5,67,0,0,8,411,26,268,8,679,Not in California
Unknown,2021-02-19,144,1078,139,1006,5,72,0,0,37,342,106,374,37,716,Not in California
Unknown,2021-02-20,2,1080,2,1008,0,72,0,0,0,340,2,376,0,716,Not in California
Unknown,2021-02-21,4,1084,4,1012,0,72,0,0,0,336,4,380,0,716,Not in California
Unknown,2021-02-22,1,1085,1,1013,0,72,0,0,0,335,1,381,0,716,Not in California
Unknown,2021-02-23,32,1117,20,1033,12,84,0,0,10,324,21,402,10,726,Not in California
Unknown,2021-02-24,11,1128,4,1037,7,91,0,0,8,329,3,405,8,734,Not in California
Unknown,2021-02-25,38,1166,25,1062,13,104,0,0,16,322,23,428,16,750,Not in California
Unknown,2021-02-26,26,1192,13,1075,13,117,0,0,11,320,13,441,11,761,Not in California
Unknown,2021-02-27,11,1203,8,1083,3,120,0,0,7,325,2,443,7,768,Not in California
Unknown,2021-02-28,11,1214,9,1092,2,122,0,0,6,328,3,446,6,774,Not in California
Unknown,2021-03-01,19,1233,8,1100,11,133,0,0,8,326,10,456,8,782,Not in California
Unknown,2021-03-02,14,1247,5,1105,9,142,0,0,8,329,5,461,8,790,Not in California
Unknown,2021-03-03,5,1252,1,1106,4,146,0,0,4,333,0,461,4,794,Not in California
Unknown,2021-03-04,18,1270,15,1121,3,149,0,0,8,332,9,470,8,802,Not in California
Unknown,2021-03-05,14,1284,5,1126,9,158,0,0,14,343,3,473,14,816,Not in California
Unknown,2021-03-06,14,1298,8,1134,4,162,2,2,12,354,3,476,14,830,Not in California
Unknown,2021-03-08,28,1326,22,1156,5,167,1,3,7,341,21,497,8,838,Not in California
Unknown,2021-03-09,19,1345,14,1170,2,169,3,6,6,336,14,511,9,847,Not in California
Unknown,2021-03-10,6,1351,3,1173,1,170,2,8,4,339,3,514,6,853,Not in California
Unknown,2021-03-11,20,1371,4,1177,2,172,14,22,2,338,17,531,16,869,Not in California
Unknown,2021-03-12,44,1415,34,1211,5,177,5,27,7,315,35,566,12,881,Not in California
Unknown,2021-03-13,12,1427,3,1214,5,182,4,31,4,315,8,574,8,889,Not in California
Unknown,2021-03-14,4,1431,0,1214,2,184,2,33,1,315,3,577,3,892,Not in California
Unknown,2021-03-15,21,1452,6,1220,13,197,2,35,14,323,8,585,16,908,Not in California
Unknown,2021-03-16,29,1481,8,1228,17,214,4,39,17,331,13,598,21,929,Not in California
Unknown,2021-03-17,28,1509,7,1235,20,234,1,40,27,357,2,600,28,957,Not in California
Unknown,2021-03-18,23,1532,11,1246,12,246,0,40,14,363,8,608,14,971,Not in California
Unknown,2021-03-19,13,1545,7,1253,6,252,0,40,12,372,3,611,12,983,Not in California
Unknown,2021-03-20,13,1558,7,1260,6,258,0,40,4,371,5,616,4,987,Not in California
Unknown,2021-03-21,9,1567,4,1264,5,263,0,40,8,378,1,617,8,995,Not in California
Unknown,2021-03-22,24,1591,8,1272,15,278,1,41,10,380,9,626,11,1006,Not in California
Unknown,2021-03-23,18,1609,4,1276,9,287,5,46,7,382,10,636,12,1018,Not in California
Unknown,2021-03-24,16,1625,4,1280,12,299,0,46,12,390,4,640,12,1030,Not in California
Unknown,2021-03-25,21,1646,10,1290,11,310,0,46,15,400,5,645,15,1045,Not in California
Unknown,2021-03-26,22,1668,8,1298,9,319,5,51,12,408,9,654,17,1062,Not in California
Unknown,2021-03-27,22,1690,11,1309,8,327,3,54,13,412,12,666,16,1078,Not in California
Unknown,2021-03-28,11,1701,4,1313,7,334,0,54,9,419,2,668,9,1087,Not in California
Unknown,2021-03-29,20,1721,8,1321,12,346,0,54,15,430,4,672,15,1102,Not in California
Unknown,2021-03-30,19,1740,10,1331,9,355,0,54,13,437,6,678,13,1115,Not in California
Unknown,2021-03-31,23,1763,12,1343,11,366,0,54,17,447,7,685,17,1132,Not in California
Unknown,2021-04-01,14,1777,10,1353,4,370,0,54,11,456,2,687,11,1143,Not in California
Unknown,2021-04-02,32,1809,12,1365,11,381,9,63,14,461,18,705,23,1166,Not in California
Unknown,2021-04-03,16,1825,6,1371,10,391,0,63,9,462,8,713,9,1175,Not in California
Unknown,2021-04-04,11,1836,3,1374,8,399,0,63,8,468,2,715,8,1183,Not in California
Unknown,2021-04-05,20,1856,8,1382,11,410,1,64,8,466,11,726,9,1192,Not in California
Unknown,2021-04-06,15,1871,9,1391,5,415,1,65,9,469,7,733,10,1202,Not in California
Unknown,2021-04-07,27,1898,18,1409,8,423,1,66,20,483,6,739,20,1222,Not in California
Unknown,2021-04-08,25,1923,13,1422,7,430,5,71,13,488,13,752,18,1240,Not in California
Unknown,2021-04-09,18,1941,11,1433,7,437,0,71,16,501,3,755,16,1256,Not in California
Unknown,2021-04-10,7,1948,5,1438,1,438,1,72,4,502,4,759,5,1261,Not in California
Unknown,2021-04-11,7,1955,5,1443,2,440,0,72,3,502,3,762,3,1264,Not in California
Unknown,2021-04-12,23,1978,10,1453,12,452,1,73,12,503,12,774,13,1277,Not in California
Unknown,2021-04-13,28,2006,13,1466,15,467,0,73,12,499,16,790,12,1289,Not in California
Unknown,2021-04-14,21,2027,4,1470,17,484,0,73,5,488,16,806,5,1294,Not in California
Unknown,2021-04-15,26,2053,12,1482,13,497,1,74,11,484,15,821,11,1305,Not in California
Unknown,2021-04-16,14,2067,8,1490,6,503,0,74,6,483,7,828,6,1311,Not in California
Unknown,2021-04-17,14,2081,10,1500,4,507,0,74,3,478,9,837,4,1315,Not in California
Unknown,2021-04-18,13,2094,5,1505,8,515,0,74,6,476,8,845,6,1321,Not in California
Unknown,2021-04-19,18,2112,7,1512,11,526,0,74,7,473,10,855,7,1328,Not in California
Unknown,2021-04-20,16,2128,8,1520,8,534,0,74,2,461,14,869,2,1330,Not in California
Unknown,2021-04-21,27,2155,10,1530,17,551,0,74,10,453,18,887,10,1340,Not in California
Unknown,2021-04-22,14,2169,7,1537,7,558,0,74,3,446,10,897,3,1343,Not in California
Unknown,2021-04-23,26,2195,12,1549,14,572,0,74,13,448,11,908,13,1356,Not in California
Unknown,2021-04-24,26,2221,18,1567,8,580,0,74,17,456,9,917,17,1373,Not in California
Unknown,2021-04-25,16,2237,7,1574,9,589,0,74,7,454,9,926,7,1380,Not in California
Unknown,2021-04-26,17,2254,8,1582,9,598,0,74,6,450,10,936,6,1386,Not in California
Unknown,2021-04-27,25,2279,13,1595,11,609,1,75,9,444,16,952,10,1396,Not in California
Unknown,2021-04-28,23,2302,17,1612,4,613,2,77,7,437,16,968,9,1405,Not in California
Unknown,2021-04-29,27,2329,19,1631,8,621,0,77,12,434,15,983,12,1417,Not in California
Unknown,2021-04-30,22,2351,9,1640,9,630,4,81,12,439,11,994,16,1433,Not in California
Unknown,2021-05-01,25,2376,20,1660,5,635,0,81,13,441,11,1005,13,1446,Not in California
Unknown,2021-05-02,11,2387,5,1665,6,641,0,81,3,437,7,1012,3,1449,Not in California
Unknown,2021-05-03,19,2406,12,1677,4,645,3,84,6,432,13,1025,8,1457,Not in California
Unknown,2021-05-04,17,2423,8,1685,5,650,4,88,3,425,14,1039,7,1464,Not in California
Unknown,2021-05-05,18,2441,5,1690,12,662,1,89,8,423,11,1050,9,1473,Not in California
Unknown,2021-05-06,27,2468,15,1705,5,667,7,96,9,420,19,1069,16,1489,Not in California
Unknown,2021-05-07,22,2490,12,1717,7,674,3,99,9,419,13,1082,12,1501,Not in California
Unknown,2021-05-08,11,2501,7,1724,2,676,2,101,5,421,5,1087,7,1508,Not in California
Unknown,2021-05-09,16,2517,4,1728,8,684,4,105,8,425,8,1095,12,1520,Not in California
Unknown,2021-05-10,13,2530,5,1733,5,689,3,108,3,422,9,1104,6,1526,Not in California
Unknown,2021-05-11,12,2542,6,1739,3,692,3,111,6,425,6,1110,9,1535,Not in California
Unknown,2021-05-12,9,2551,5,1744,3,695,1,112,4,426,4,1114,5,1540,Not in California
Unknown,2021-05-13,14,2565,8,1752,1,696,5,117,9,434,7,1121,15,1555,Not in California
Unknown,2021-05-14,17,2582,14,1766,2,698,1,118,10,438,6,1127,10,1565,Not in California
Unknown,2021-05-15,13,2595,11,1777,2,700,0,118,8,441,5,1132,8,1573,Not in California
Unknown,2021-05-16,19,2614,13,1790,5,705,1,119,12,447,7,1139,13,1586,Not in California
Unknown,2021-05-17,19,2633,14,1804,3,708,2,121,10,451,8,1147,12,1598,Not in California
Unknown,2021-05-18,26,2659,17,1821,7,715,2,123,17,460,10,1157,19,1617,Not in California
Unknown,2021-05-19,29,2688,22,1843,6,721,1,124,13,459,15,1172,14,1631,Not in California
Unknown,2021-05-20,16,2704,13,1856,2,723,1,125,9,462,7,1179,10,1641,Not in California
Unknown,2021-05-21,21,2725,10,1866,7,730,4,129,8,461,13,1192,12,1653,Not in California
Unknown,2021-05-22,23,2748,19,1885,3,733,1,130,11,461,12,1204,12,1665,Not in California
Unknown,2021-05-23,9,2757,6,1891,3,736,0,130,6,464,3,1207,6,1671,Not in California
Unknown,2021-05-24,8,2765,5,1896,2,738,1,131,4,465,4,1211,5,1676,Not in California
Unknown,2021-05-25,17,2782,6,1902,5,743,6,137,8,470,9,1220,14,1690,Not in California
Unknown,2021-05-26,8,2790,5,1907,2,745,1,138,4,471,4,1224,5,1695,Not in California
Unknown,2021-05-27,18,2808,12,1919,4,749,2,140,6,468,11,1235,8,1703,Not in California
Unknown,2021-05-28,23,2831,13,1932,5,754,5,145,13,476,10,1245,18,1721,Not in California
Unknown,2021-05-29,10,2841,10,1942,0,754,0,145,7,480,3,1248,7,1728,Not in California
Unknown,2021-05-30,6,2847,4,1946,1,755,1,146,3,481,3,1251,4,1732,Not in California
Unknown,2021-05-31,1,2848,1,1947,0,755,0,146,0,480,1,1252,0,1732,Not in California
Unknown,2021-06-01,23,2871,11,1958,6,761,6,152,12,487,11,1263,18,1750,Not in California
Unknown,2021-06-02,7,2878,3,1961,4,765,0,152,3,486,4,1267,3,1753,Not in California
Unknown,2021-06-03,18,2896,18,1979,0,765,0,152,9,486,9,1276,9,1762,Not in California
Unknown,2021-06-04,23,2919,14,1993,9,774,0,152,13,489,10,1286,13,1775,Not in California
Unknown,2021-06-05,12,2931,7,2000,4,778,1,153,6,490,6,1292,7,1782,Not in California
Unknown,2021-06-06,23,2954,15,2015,5,783,3,156,8,486,15,1307,11,1793,Not in California
Unknown,2021-06-07,17,2971,7,2022,8,791,2,158,8,487,9,1316,10,1803,Not in California
Unknown,2021-06-08,15,2986,10,2032,3,794,2,160,3,481,11,1327,5,1808,Not in California
Unknown,2021-06-09,4,2990,4,2036,0,794,0,160,0,477,4,1331,0,1808,Not in California
Unknown,2021-06-10,79,3069,73,2109,6,800,0,160,76,550,3,1334,76,1884,Not in California
Alameda,2020-12-15,37,37,37,37,0,0,0,0,37,37,0,0,37,37,California
Alameda,2020-12-16,210,247,210,247,0,0,0,0,210,247,0,0,210,247,California
Alameda,2020-12-17,506,753,506,753,0,0,0,0,506,753,0,0,506,753,California
Alameda,2020-12-18,1901,2654,1900,2653,1,1,0,0,1901,2654,0,0,1901,2654,California
Alameda,2020-12-19,1420,4074,1420,4073,0,1,0,0,1420,4074,0,0,1420,4074,California
Alameda,2020-12-20,1172,5246,1171,5244,1,2,0,0,1171,5244,1,1,1171,5245,California
Alameda,2020-12-21,1833,7079,1831,7075,2,4,0,0,1832,7076,0,1,1832,7077,California
Alameda,2020-12-22,2085,9164,2031,9106,54,58,0,0,2084,9160,0,1,2084,9161,California
Alameda,2020-12-23,1910,11074,1653,10759,257,315,0,0,1909,11068,1,2,1909,11070,California
Alameda,2020-12-24,1202,12276,747,11506,455,770,0,0,1202,12270,0,2,1202,12272,California
Alameda,2020-12-25,160,12436,125,11631,35,805,0,0,160,12430,0,2,160,12432,California
Alameda,2020-12-26,851,13287,317,11948,534,1339,0,0,851,13281,0,2,851,13283,California
Alameda,2020-12-27,493,13780,254,12202,239,1578,0,0,493,13774,0,2,493,13776,California
Alameda,2020-12-28,1864,15644,957,13159,907,2485,0,0,1864,15638,0,2,1864,15640,California
Alameda,2020-12-29,2473,18117,1075,14234,1398,3883,0,0,2472,18110,0,2,2472,18112,California
Alameda,2020-12-30,3061,21178,1320,15554,1741,5624,0,0,3061,21171,0,2,3061,21173,California
Alameda,2020-12-31,1794,22972,446,16000,1348,6972,0,0,1792,22962,1,3,1792,22965,California
Alameda,2021-01-01,177,23149,74,16074,103,7075,0,0,175,23135,2,5,175,23140,California
Alameda,2021-01-02,726,23875,524,16598,202,7277,0,0,725,23860,0,5,725,23865,California
Alameda,2021-01-03,329,24204,214,16812,115,7392,0,0,326,24183,3,8,326,24191,California
Alameda,2021-01-04,1604,25808,910,17722,694,8086,0,0,1592,25764,11,19,1592,25783,California
Alameda,2021-01-05,2203,28011,1274,18996,929,9015,0,0,1947,27458,253,272,1947,27730,California
Alameda,2021-01-06,3245,31256,1795,20791,1450,10465,0,0,2372,28962,870,1142,2374,30104,California
Alameda,2021-01-07,3790,35046,2125,22916,1665,12130,0,0,2617,30420,1164,2306,2622,32726,California
Alameda,2021-01-08,4750,39796,2713,25629,2037,14167,0,0,3021,31724,1722,4028,3026,35752,California
Alameda,2021-01-09,2013,41809,1370,26999,643,14810,0,0,1158,32027,855,4883,1158,36910,California
Alameda,2021-01-10,1057,42866,837,27836,220,15030,0,0,425,31819,633,5516,425,37335,California
Alameda,2021-01-11,4647,47513,3516,31352,1131,16161,0,0,2848,32876,1798,7314,2855,40190,California
Alameda,2021-01-12,4836,52349,3257,34609,1579,17740,0,0,3451,34950,1384,8698,3458,43648,California
Alameda,2021-01-13,5013,57362,2649,37258,2364,20104,0,0,3822,37595,1186,9884,3831,47479,California
Alameda,2021-01-14,5644,63006,2792,40050,2852,22956,0,0,4748,41474,887,10771,4766,52245,California
Alameda,2021-01-15,5794,68800,2298,42348,3496,26452,0,0,5031,45753,756,11527,5035,57280,California
Alameda,2021-01-16,2977,71777,1397,43745,1580,28032,0,0,2711,48200,266,11793,2713,59993,California
Alameda,2021-01-17,1868,73645,1086,44831,782,28814,0,0,1663,49659,205,11998,1664,61657,California
Alameda,2021-01-18,3154,76799,2026,46857,1128,29942,0,0,2561,51635,587,12585,2563,64220,California
Alameda,2021-01-19,5503,82302,3314,50171,2189,32131,0,0,4311,54758,1190,13775,4313,68533,California
Alameda,2021-01-20,6759,89061,4091,54262,2668,34799,0,0,5465,58946,1281,15056,5469,74002,California
Alameda,2021-01-21,7781,96842,3423,57685,4358,39157,0,0,6938,65053,836,15892,6943,80945,California
Alameda,2021-01-22,6817,103659,2026,59711,4791,43948,0,0,5677,69600,1131,17023,5678,86623,California
Alameda,2021-01-23,3260,106919,944,60655,2316,46264,0,0,2709,71759,550,17573,2709,89332,California
Alameda,2021-01-24,2026,108945,654,61309,1372,47636,0,0,1755,73246,268,17841,1755,91087,California
Alameda,2021-01-25,5165,114110,1974,63283,3191,50827,0,0,3599,75288,1558,19399,3600,94687,California
Alameda,2021-01-26,7297,121407,2306,65589,4991,55818,0,0,5410,78820,1879,21278,5411,100098,California
Alameda,2021-01-27,6680,128087,2059,67648,4621,60439,0,0,4836,81824,1832,23110,4836,104934,California
Alameda,2021-01-28,7868,135955,2558,70206,5310,65749,0,0,5632,85239,2220,25330,5635,110569,California
Alameda,2021-01-29,7969,143924,3192,73398,4777,70526,0,0,6132,89549,1827,27157,6137,116706,California
Alameda,2021-01-30,3432,147356,1688,75086,1744,72270,0,0,2720,91563,706,27863,2720,119426,California
Alameda,2021-01-31,1913,149269,943,76029,970,73240,0,0,1675,93003,235,28098,1675,121101,California
Alameda,2021-02-01,6452,155721,3876,79905,2576,75816,0,0,4319,95199,2124,30222,4320,125421,California
Alameda,2021-02-02,6996,162717,3771,83676,3225,79041,0,0,4669,97548,2320,32542,4669,130090,California
Alameda,2021-02-03,7008,169725,3696,87372,3312,82353,0,0,4328,99207,2674,35216,4333,134423,California
Alameda,2021-02-04,9432,179157,4118,91490,5314,87667,0,0,6326,102445,3093,38309,6331,140754,California
Alameda,2021-02-05,10235,189392,5344,96834,4891,92558,0,0,6369,104961,3860,42169,6376,147130,California
Alameda,2021-02-06,6928,196320,4407,101241,2521,95079,0,0,5803,109639,1125,43294,5803,152933,California
Alameda,2021-02-07,3578,199898,2890,104131,688,95767,0,0,2633,111332,942,44236,2635,155568,California
Alameda,2021-02-08,8080,207978,5791,109922,2289,98056,0,0,5525,114313,2546,46782,5527,161095,California
Alameda,2021-02-09,9626,217604,5794,115716,3832,101888,0,0,5990,116682,3623,50405,5992,167087,California
Alameda,2021-02-10,11417,229021,6751,122467,4666,106554,0,0,6520,118328,4882,55287,6528,173615,California
Alameda,2021-02-11,13925,242946,8017,130484,5908,112462,0,0,8354,121134,5551,60838,8357,181972,California
Alameda,2021-02-12,12462,255408,5672,136156,6790,119252,0,0,7720,124131,4726,65564,7723,189695,California
Alameda,2021-02-13,7752,263160,4040,140196,3712,122964,0,0,5806,127997,1942,67506,5808,195503,California
Alameda,2021-02-14,4035,267195,2546,142742,1489,124453,0,0,2858,129685,1173,68679,2861,198364,California
Alameda,2021-02-15,5641,272836,3184,145926,2457,126910,0,0,3675,131398,1964,70643,3677,202041,California
Alameda,2021-02-16,12485,285321,6960,152886,5525,132435,0,0,9284,137498,3190,73833,9290,211331,California
Alameda,2021-02-17,14099,299420,8377,161263,5722,138157,0,0,10469,144355,3614,77447,10471,221802,California
Alameda,2021-02-18,15839,315259,10074,171337,5765,143922,0,0,11516,151564,4313,81760,11522,233324,California
Alameda,2021-02-19,17815,333074,11568,182905,6247,150169,0,0,11779,157335,6013,87773,11784,245108,California
Alameda,2021-02-20,11998,345072,9702,192607,2296,152465,0,0,9231,163810,2762,90535,9237,254345,California
Alameda,2021-02-21,7785,352857,6833,199440,952,153417,0,0,5282,166601,2491,93026,5282,259627,California
Alameda,2021-02-22,10928,363785,8058,207498,2870,156287,0,0,6864,169423,4051,97077,6873,266500,California
Alameda,2021-02-23,12950,376735,7895,215393,5055,161342,0,0,8068,172625,4872,101949,8074,274574,California
Alameda,2021-02-24,14797,391532,8311,223704,6486,167828,0,0,9583,177063,5151,107100,9589,284163,California
Alameda,2021-02-25,15965,407497,9261,232965,6704,174532,0,0,10095,181329,5838,112938,10104,294267,California
Alameda,2021-02-26,18594,426091,10833,243798,7761,182293,0,0,11805,186395,6743,119681,11809,306076,California
Alameda,2021-02-27,15135,441226,11170,254968,3963,186256,2,2,9360,190007,5752,125433,9364,315440,California
Alameda,2021-02-28,10079,451305,8410,263378,1669,187925,0,2,6522,193000,3530,128963,6523,321963,California
Alameda,2021-03-01,14038,465343,9706,273084,4321,192246,11,13,8579,196187,5411,134374,8598,330561,California
Alameda,2021-03-02,14998,480341,10793,283877,4204,196450,1,14,9819,200855,5159,139533,9827,340388,California
Alameda,2021-03-03,15648,495989,10232,294109,5413,201863,3,17,10707,206655,4914,144447,10714,351102,California
Alameda,2021-03-04,17378,513367,11179,305288,6197,208060,2,19,10967,211248,6376,150823,10969,362071,California
Alameda,2021-03-05,16172,529539,10614,315902,5548,213608,10,29,10937,217010,5191,156014,10953,373024,California
Alameda,2021-03-06,14507,544046,10251,326153,3990,217598,266,295,9614,222046,4844,160858,9880,382904,California
Alameda,2021-03-07,9762,553808,8510,334663,1169,218767,83,378,6965,226326,2770,163628,7050,389954,California
Alameda,2021-03-08,11919,565727,7445,342108,4097,222864,377,755,8912,232657,2957,166585,9288,399242,California
Alameda,2021-03-09,14637,580364,10306,352414,3901,226765,430,1185,7977,234436,6628,173213,8407,407649,California
Alameda,2021-03-10,17415,597779,12092,364506,4773,231538,550,1735,7858,233311,9529,182742,8404,416053,California
Alameda,2021-03-11,19728,617507,11563,376069,6453,237991,1712,3447,6693,228699,13005,195747,8393,424446,California
Alameda,2021-03-12,21319,638826,12508,388577,7110,245101,1701,5148,7341,223780,13948,209695,9029,433475,California
Alameda,2021-03-13,16028,654854,10311,398888,4715,249816,1002,6150,5039,218860,10954,220649,6034,439509,California
Alameda,2021-03-14,10867,665721,8019,406907,2068,251884,780,6930,3293,215372,7552,228201,4064,443573,California
Alameda,2021-03-15,14417,680138,9443,416350,4447,256331,527,7457,6208,213926,8178,236379,6732,450305,California
Alameda,2021-03-16,17169,697307,11166,427516,5470,261801,533,7990,7324,211991,9793,246172,7858,458163,California
Alameda,2021-03-17,17458,714765,9857,437373,6883,268684,718,8708,8042,211375,9372,255544,8756,466919,California
Alameda,2021-03-18,19140,733905,10440,447813,7809,276493,891,9599,8615,210392,10493,266037,9510,476429,California
Alameda,2021-03-19,19359,753264,10625,458438,6941,283434,1793,11392,7540,207947,11769,277806,9324,485753,California
Alameda,2021-03-20,15765,769029,10333,468771,4579,288013,853,12245,6303,205667,9431,287237,7151,492904,California
Alameda,2021-03-21,9201,778230,7233,476004,1415,289428,553,12798,3378,203786,5812,293049,3931,496835,California
Alameda,2021-03-22,15011,793241,10110,486114,3888,293316,1013,13811,6774,203359,8206,301255,7779,504614,California
Alameda,2021-03-23,19279,812520,11707,497821,6755,300071,817,14628,9752,204456,9475,310730,10572,515186,California
Alameda,2021-03-24,19260,831780,11675,509496,6560,306631,1025,15653,8386,203048,10809,321539,9401,524587,California
Alameda,2021-03-25,20529,852309,11400,520896,7720,314351,1409,17062,9359,202705,11099,332638,10756,535343,California
Alameda,2021-03-26,20938,873247,12635,533531,6737,321088,1566,18628,8412,200192,12477,345115,9964,545307,California
Alameda,2021-03-27,18335,891582,12511,546042,4874,325962,950,19578,7511,197867,10774,355889,8449,553756,California
Alameda,2021-03-28,10652,902234,8685,554727,1764,327726,203,19781,3454,194344,7183,363072,3660,557416,California
Alameda,2021-03-29,14687,916921,9413,564140,4280,332006,994,20775,5824,192335,8825,371897,6816,564232,California
Alameda,2021-03-30,18567,935488,9801,573941,7043,339049,1723,22498,9251,194018,9281,381178,10964,575196,California
Alameda,2021-03-31,19339,954827,10185,584126,7049,346098,2105,24603,9042,194886,10267,391445,11135,586331,California
Alameda,2021-04-01,23295,978122,9972,594098,7639,353737,5684,30287,11008,199315,12235,403680,16664,602995,California
Alameda,2021-04-02,24063,1002185,9876,603974,8309,362046,5878,36165,11608,204351,12418,416098,17454,620449,California
Alameda,2021-04-03,20327,1022512,9793,613767,5669,367715,4865,41030,10269,209443,10034,426132,15126,635575,California
Alameda,2021-04-04,9947,1032459,3986,617753,2258,369973,3703,44733,3446,210106,6481,432613,7144,642719,California
Alameda,2021-04-05,17816,1050275,7501,625254,5501,375474,4814,49547,7247,211619,10544,443157,12057,654776,California
Alameda,2021-04-06,22169,1072444,10649,635903,5649,381123,5871,55418,10043,215422,12089,455246,15892,670668,California
Alameda,2021-04-07,22552,1094996,11553,647456,5518,386641,5481,60899,11414,221209,11093,466339,16880,687548,California
Alameda,2021-04-08,25545,1120541,11490,658946,6034,392675,8021,68920,10910,225562,14554,480893,18907,706455,California
Alameda,2021-04-09,23381,1143922,10653,669599,7479,400154,5249,74169,12057,231577,11289,492182,17304,723759,California
Alameda,2021-04-10,19276,1163198,7476,677075,5626,405780,6174,80343,8231,234945,11019,503201,14387,738146,California
Alameda,2021-04-11,10998,1174196,4804,681879,2236,408016,3958,84301,4488,236885,6491,509692,8431,746577,California
Alameda,2021-04-12,18104,1192300,11782,693661,4346,412362,1976,86277,10266,241319,7802,517494,12236,758813,California
Alameda,2021-04-13,23100,1215400,14683,708344,8357,420719,60,86337,17066,252472,5982,523476,17135,775948,California
Alameda,2021-04-14,23229,1238629,15273,723617,7955,428674,1,86338,15739,260771,7452,530928,15751,791699,California
Alameda,2021-04-15,24183,1262812,15454,739071,8727,437401,2,86340,16118,268897,8002,538930,16128,807827,California
Alameda,2021-04-16,24373,1287185,14383,753454,9984,447385,6,86346,15732,276063,8585,547515,15751,823578,California
Alameda,2021-04-17,20845,1308030,14411,767865,6432,453817,2,86348,14425,284118,6386,553901,14441,838019,California
Alameda,2021-04-18,9973,1318003,7650,775515,2323,456140,0,86348,6911,288003,3033,556934,6918,844937,California
Alameda,2021-04-19,15630,1333633,9736,785251,5893,462033,1,86349,9087,290598,6503,563437,9098,854035,California
Alameda,2021-04-20,18102,1351735,11099,796350,7001,469034,2,86351,9977,292518,8081,571518,10001,864036,California
Alameda,2021-04-21,19090,1370825,11157,807507,7922,476956,11,86362,11181,295871,7856,579374,11209,875245,California
Alameda,2021-04-22,21380,1392205,13762,821269,7614,484570,4,86366,11417,297406,9910,589284,11445,886690,California
Alameda,2021-04-23,21779,1413984,14070,835339,7705,492275,4,86370,12251,300218,9470,598754,12282,898972,California
Alameda,2021-04-24,18948,1432932,14401,849740,4539,496814,8,86378,10054,301442,8848,607602,10072,909044,California
Alameda,2021-04-25,8989,1441921,6994,856734,1994,498808,1,86379,5891,304272,3072,610674,5902,914946,California
Alameda,2021-04-26,14390,1456311,9963,866697,4401,503209,26,86405,8976,307903,5381,616055,9012,923958,California
Alameda,2021-04-27,16263,1472574,9623,876320,6274,509483,366,86771,7709,307498,8503,624558,8098,932056,California
Alameda,2021-04-28,16427,1489001,10377,886697,5585,515068,465,87236,6682,304947,9711,634269,7160,939216,California
Alameda,2021-04-29,17159,1506160,10280,896977,6549,521617,330,87566,6392,300980,10710,644979,6743,945959,California
Alameda,2021-04-30,19431,1525591,11968,908945,7124,528741,339,87905,7891,297789,11461,656440,8270,954229,California
Alameda,2021-05-01,13962,1539553,9345,918290,4410,533151,207,88112,5223,294543,8704,665144,5458,959687,California
Alameda,2021-05-02,7065,1546618,4931,923221,1965,535116,169,88281,2886,293441,4161,669305,3059,962746,California
Alameda,2021-05-03,14529,1561147,10935,934156,3274,538390,320,88601,2848,285003,11634,680939,3196,965942,California
Alameda,2021-05-04,18326,1579473,13154,947310,4811,543201,361,88962,3678,274491,14582,695521,4070,970012,California
Alameda,2021-05-05,18345,1597818,13336,960646,4500,547701,509,89471,3724,264180,14557,710078,4246,974258,California
Alameda,2021-05-06,18682,1616500,14118,974764,3870,551571,694,90165,3672,253624,14935,725013,4379,978637,California
Alameda,2021-05-07,19173,1635673,12879,987643,5879,557450,415,90580,4409,243770,14693,739706,4839,983476,California
Alameda,2021-05-08,16467,1652140,11271,998914,4986,562436,210,90790,3103,233775,13324,753030,3329,986805,California
Alameda,2021-05-09,8528,1660668,6984,1005898,1401,563837,143,90933,1443,228302,7063,760093,1590,988395,California
Alameda,2021-05-10,10121,1670789,6928,1012826,2869,566706,324,91257,2523,223593,7565,767658,2856,991251,California
Alameda,2021-05-11,15230,1686019,8196,1021022,6720,573426,314,91571,2812,214387,12368,780026,3162,994413,California
Alameda,2021-05-12,13324,1699343,8861,1029883,4021,577447,442,92013,2990,207561,10289,790315,3463,997876,California
Alameda,2021-05-13,17669,1717012,12680,1042563,4445,581892,544,92557,5664,201847,11954,802269,6240,1004116,California
Alameda,2021-05-14,20443,1737455,13846,1056409,6134,588026,463,93020,7016,195988,13351,815620,7492,1011608,California
Alameda,2021-05-15,17044,1754499,12399,1068808,4418,592444,227,93247,5753,190728,11246,826866,5986,1017594,California
Alameda,2021-05-16,8395,1762894,7178,1075986,1125,593569,92,93339,2802,188065,5562,832428,2899,1020493,California
Alameda,2021-05-17,13341,1776235,9936,1085922,2877,596446,528,93867,4140,183584,9163,841591,4682,1025175,California
Alameda,2021-05-18,14139,1790374,10281,1096203,3437,599883,421,94288,4987,179888,9108,850699,5412,1030587,California
Alameda,2021-05-19,14402,1804776,9869,1106072,4198,604081,335,94623,5973,177819,8378,859077,6309,1036896,California
Alameda,2021-05-20,13160,1817936,8712,1114784,3914,607995,534,95157,5752,176750,7357,866434,6288,1043184,California
Alameda,2021-05-21,15243,1833179,10017,1124801,4954,612949,272,95429,5181,172212,9996,876430,5458,1048642,California
Alameda,2021-05-22,10238,1843417,7391,1132192,2683,615632,164,95593,4132,170437,6077,882507,4302,1052944,California
Alameda,2021-05-23,4887,1848304,3711,1135903,1087,616719,89,95682,1581,168823,3285,885792,1671,1054615,California
Alameda,2021-05-24,6948,1855252,3947,1139850,2748,619467,253,95935,2643,167460,4265,890057,2902,1057517,California
Alameda,2021-05-25,7974,1863226,5154,1145004,2566,622033,254,96189,3582,166934,4358,894415,3832,1061349,California
Alameda,2021-05-26,8241,1871467,5151,1150155,2791,624824,299,96488,3630,166270,4587,899002,3923,1065272,California
Alameda,2021-05-27,8082,1879549,4864,1155019,2870,627694,348,96836,3425,165423,4615,903617,3768,1069040,California
Alameda,2021-05-28,8589,1888138,5027,1160046,3338,631032,224,97060,3654,164393,4910,908527,3880,1072920,California
Alameda,2021-05-29,4902,1893040,2953,1162999,1763,632795,186,97246,2540,164778,2343,910870,2728,1075648,California
Alameda,2021-05-30,2429,1895469,1591,1164590,749,633544,89,97335,972,164390,1449,912319,1061,1076709,California
Alameda,2021-05-31,1152,1896621,853,1165443,244,633788,55,97390,345,163997,793,913112,400,1077109,California
Alameda,2021-06-01,7074,1903695,4971,1170414,1863,635651,240,97630,3074,163339,3974,917086,3316,1080425,California
Alameda,2021-06-02,5789,1909484,3604,1174018,1964,637615,221,97851,2237,162269,3521,920607,2451,1082876,California
Alameda,2021-06-03,8447,1917931,6383,1180401,1784,639399,280,98131,2940,160015,5471,926078,3217,1086093,California
Alameda,2021-06-04,10417,1928348,7670,1188071,2505,641904,242,98373,2959,155798,7419,933497,3202,1089295,California
Alameda,2021-06-05,7984,1936332,5787,1193858,2035,643939,162,98535,1900,151809,6049,939546,2060,1091355,California
Alameda,2021-06-06,3618,1939950,3266,1197124,271,644210,81,98616,1083,150447,2526,942072,1164,1092519,California
Alameda,2021-06-07,5757,1945707,4209,1201333,1374,645584,174,98790,1747,148381,3988,946060,1922,1094441,California
Alameda,2021-06-08,7173,1952880,5727,1207060,1203,646787,243,99033,2092,145660,5055,951115,2334,1096775,California
Alameda,2021-06-09,5467,1958347,4412,1211472,889,647676,166,99199,1357,143084,4094,955209,1518,1098293,California
Alameda,2021-06-10,6183,1964530,5182,1216654,738,648414,263,99462,1838,140855,4327,959536,2098,1100391,California
Alameda,2021-06-11,5927,1970457,4359,1221013,1396,649810,172,99634,1814,138749,4094,963630,1988,1102379,California
Alameda,2021-06-12,3643,1974100,2755,1223768,749,650559,139,99773,850,136965,2775,966405,991,1103370,California
Alpine,2020-12-18,2,2,2,2,0,0,0,0,2,2,0,0,2,2,California
Alpine,2020-12-19,2,4,2,4,0,0,0,0,2,4,0,0,2,4,California
Alpine,2020-12-21,1,5,1,5,0,0,0,0,1,5,0,0,1,5,California
Alpine,2020-12-30,14,19,0,5,14,14,0,0,14,19,0,0,14,19,California
Alpine,2020-12-31,1,20,0,5,1,15,0,0,1,20,0,0,1,20,California
Alpine,2021-01-01,1,21,0,5,1,16,0,0,1,21,0,0,1,21,California
Alpine,2021-01-02,1,22,1,6,0,16,0,0,1,22,0,0,1,22,California
Alpine,2021-01-04,10,32,0,6,10,26,0,0,10,32,0,0,10,32,California
Alpine,2021-01-05,9,41,1,7,8,34,0,0,9,41,0,0,9,41,California
Alpine,2021-01-06,31,72,0,7,31,65,0,0,31,72,0,0,31,72,California
Alpine,2021-01-07,8,80,0,7,8,73,0,0,8,80,0,0,8,80,California
Alpine,2021-01-08,4,84,2,9,2,75,0,0,2,80,2,2,2,82,California
Alpine,2021-01-09,2,86,2,11,0,75,0,0,0,78,2,4,0,82,California
Alpine,2021-01-11,32,118,1,12,31,106,0,0,31,108,1,5,31,113,California
Alpine,2021-01-13,35,153,0,12,35,141,0,0,35,143,0,5,35,148,California
Alpine,2021-01-14,1,154,0,12,1,142,0,0,1,144,0,5,1,149,California
Alpine,2021-01-15,1,155,0,12,1,143,0,0,1,145,0,5,1,150,California
Alpine,2021-01-20,21,176,0,12,21,164,0,0,21,166,0,5,21,171,California
Alpine,2021-01-21,1,177,0,12,1,165,0,0,1,167,0,5,1,172,California
Alpine,2021-01-22,33,210,0,12,33,198,0,0,33,200,0,5,33,205,California
Alpine,2021-01-23,1,211,1,13,0,198,0,0,0,199,1,6,0,205,California
Alpine,2021-01-25,16,227,0,13,16,214,0,0,16,215,0,6,16,221,California
Alpine,2021-01-27,1,228,1,14,0,214,0,0,0,214,1,7,0,221,California
Alpine,2021-01-28,1,229,0,14,1,215,0,0,0,213,1,8,0,221,California
Alpine,2021-01-29,1,230,0,14,1,216,0,0,1,214,0,8,1,222,California
Alpine,2021-02-01,25,255,0,14,25,241,0,0,7,203,18,26,7,229,California
Alpine,2021-02-03,34,289,0,14,34,275,0,0,10,189,24,50,10,239,California
Alpine,2021-02-04,8,297,0,14,8,283,0,0,3,187,5,55,3,242,California
Alpine,2021-02-05,31,328,0,14,31,314,0,0,12,180,19,74,12,254,California
Alpine,2021-02-08,32,360,0,14,32,346,0,0,4,156,28,102,4,258,California
Alpine,2021-02-10,34,394,0,14,34,380,0,0,0,122,34,136,0,258,California
Alpine,2021-02-11,6,400,0,14,6,386,0,0,3,122,3,139,3,261,California
Alpine,2021-02-12,1,401,0,14,1,387,0,0,0,121,1,140,0,261,California
Alpine,2021-02-17,23,424,0,14,23,410,0,0,3,104,20,160,3,264,California
Alpine,2021-02-18,2,426,0,14,2,412,0,0,1,104,1,161,1,265,California
Alpine,2021-02-19,34,460,1,15,33,445,0,0,2,74,32,193,2,267,California
Alpine,2021-02-22,27,487,0,15,27,472,0,0,8,63,19,212,8,275,California
Alpine,2021-02-25,6,493,1,16,5,477,0,0,6,69,0,212,6,281,California
Alpine,2021-02-26,30,523,1,17,29,506,0,0,29,97,1,213,29,310,California
Alpine,2021-02-27,1,524,0,17,1,507,0,0,1,98,0,213,1,311,California
Alpine,2021-03-01,36,560,0,17,36,543,0,0,26,114,10,223,26,337,California
Alpine,2021-03-03,29,589,0,17,29,572,0,0,18,121,11,234,18,355,California
Alpine,2021-03-04,11,600,1,18,10,582,0,0,11,132,0,234,11,366,California
Alpine,2021-03-05,30,630,0,18,30,612,0,0,22,146,8,242,22,388,California
Alpine,2021-03-08,31,661,0,18,31,643,0,0,29,173,2,244,29,417,California
Alpine,2021-03-10,73,734,0,18,73,716,0,0,73,246,0,244,73,490,California
Alpine,2021-03-11,35,769,0,18,35,751,0,0,31,273,4,248,31,521,California
Alpine,2021-03-12,19,788,0,18,19,770,0,0,17,288,2,250,17,538,California
Alpine,2021-03-15,20,808,0,18,20,790,0,0,19,306,1,251,19,557,California
Alpine,2021-03-17,23,831,0,18,22,812,1,1,19,322,4,255,20,577,California
Alpine,2021-03-18,37,868,2,20,35,847,0,1,35,355,2,257,35,612,California
Alpine,2021-03-19,2,870,1,21,1,848,0,1,1,355,1,258,1,613,California
Alpine,2021-03-22,24,894,0,21,24,872,0,1,15,361,9,267,15,628,California
Alpine,2021-03-24,19,913,0,21,19,891,0,1,8,358,11,278,8,636,California
Alpine,2021-03-25,35,948,1,22,33,924,1,2,27,379,7,285,28,664,California
Alpine,2021-03-27,1,949,0,22,1,925,0,2,0,378,1,286,0,664,California
Alpine,2021-03-28,1,950,1,23,0,925,0,2,1,379,0,286,1,665,California
Alpine,2021-03-29,19,969,0,23,18,943,1,3,2,365,17,303,3,668,California
Alpine,2021-04-01,18,987,0,23,18,961,0,3,8,363,10,313,8,676,California
Alpine,2021-04-02,100,1087,0,23,100,1061,0,3,45,354,54,367,45,721,California
Alpine,2021-04-05,3,1090,0,23,3,1064,0,3,0,351,3,370,0,721,California
Alpine,2021-04-06,2,1092,1,24,1,1065,0,3,1,351,1,371,1,722,California
Alpine,2021-04-07,117,1209,0,24,116,1181,1,4,30,296,86,457,31,753,California
Alpine,2021-04-08,35,1244,0,24,35,1216,0,4,10,281,25,482,10,763,California
Alpine,2021-04-09,2,1246,0,24,2,1218,0,4,2,283,0,482,2,765,California
Alpine,2021-04-14,47,1293,0,24,47,1265,0,4,10,256,37,519,10,775,California
Alpine,2021-04-15,35,1328,0,24,35,1300,0,4,3,227,32,551,3,778,California
Alpine,2021-04-19,1,1329,0,24,1,1301,0,4,1,228,0,551,1,779,California
Alpine,2021-04-21,31,1360,0,24,31,1332,0,4,15,227,16,567,15,794,California
Alpine,2021-04-22,24,1384,0,24,24,1356,0,4,1,205,23,590,1,795,California
Alpine,2021-04-25,1,1385,1,25,0,1356,0,4,0,204,1,591,0,795,California
Alpine,2021-04-27,1,1386,0,25,1,1357,0,4,1,205,0,591,1,796,California
Alpine,2021-04-28,36,1422,0,25,36,1393,0,4,6,181,30,621,6,802,California
Alpine,2021-04-29,6,1428,0,25,6,1399,0,4,0,175,6,627,0,802,California
Alpine,2021-04-30,2,1430,1,26,0,1399,1,5,1,176,1,628,2,804,California
Alpine,2021-05-02,1,1431,0,26,0,1399,1,6,0,176,1,629,1,805,California
Alpine,2021-05-05,17,1448,0,26,17,1416,0,6,4,167,13,642,4,809,California
Alpine,2021-05-06,8,1456,0,26,8,1424,0,6,0,159,8,650,0,809,California
Alpine,2021-05-07,1,1457,0,26,1,1425,0,6,0,158,1,651,0,809,California
Alpine,2021-05-10,1,1458,0,26,1,1426,0,6,1,159,0,651,1,810,California
Alpine,2021-05-12,1,1459,0,26,0,1426,1,7,0,159,1,652,1,811,California
Alpine,2021-05-13,3,1462,0,26,3,1429,0,7,0,156,3,655,0,811,California
Alpine,2021-05-17,2,1464,0,26,2,1431,0,7,1,156,1,656,1,812,California
Alpine,2021-05-18,1,1465,0,26,1,1432,0,7,1,157,0,656,1,813,California
Alpine,2021-05-19,15,1480,0,26,15,1447,0,7,0,142,15,671,0,813,California
Alpine,2021-05-21,1,1481,1,27,0,1447,0,7,0,141,1,672,0,813,California
Alpine,2021-05-25,1,1482,0,27,1,1448,0,7,0,140,1,673,0,813,California
Alpine,2021-05-27,1,1483,0,27,1,1449,0,7,1,141,0,673,1,814,California
Alpine,2021-05-28,2,1485,1,28,1,1450,0,7,2,143,0,673,2,816,California
Alpine,2021-05-29,1,1486,0,28,1,1451,0,7,1,144,0,673,1,817,California
Alpine,2021-06-02,8,1494,0,28,8,1459,0,7,1,138,7,680,1,818,California
Alpine,2021-06-04,1,1495,0,28,1,1460,0,7,1,139,0,680,1,819,California
Alpine,2021-06-07,1,1496,0,28,1,1461,0,7,0,138,1,681,0,819,California
Alpine,2021-06-10,1,1497,1,29,0,1461,0,7,1,139,0,681,1,820,California
Amador,2020-12-16,2,2,2,2,0,0,0,0,2,2,0,0,2,2,California
Amador,2020-12-17,5,7,5,7,0,0,0,0,5,7,0,0,5,7,California
Amador,2020-12-18,46,53,46,53,0,0,0,0,46,53,0,0,46,53,California
Amador,2020-12-19,16,69,16,69,0,0,0,0,16,69,0,0,16,69,California
Amador,2020-12-20,4,73,4,73,0,0,0,0,4,73,0,0,4,73,California
Amador,2020-12-21,30,103,30,103,0,0,0,0,30,103,0,0,30,103,California
Amador,2020-12-22,35,138,34,137,1,1,0,0,35,138,0,0,35,138,California
Amador,2020-12-23,40,178,39,176,1,2,0,0,40,178,0,0,40,178,California
Amador,2020-12-24,5,183,3,179,2,4,0,0,5,183,0,0,5,183,California
Amador,2020-12-26,5,188,4,183,1,5,0,0,5,188,0,0,5,188,California
Amador,2020-12-27,1,189,0,183,1,6,0,0,1,189,0,0,1,189,California
Amador,2020-12-28,30,219,26,209,4,10,0,0,30,219,0,0,30,219,California
Amador,2020-12-29,25,244,18,227,7,17,0,0,25,244,0,0,25,244,California
Amador,2020-12-30,122,366,76,303,46,63,0,0,122,366,0,0,122,366,California
Amador,2020-12-31,193,559,168,471,25,88,0,0,193,559,0,0,193,559,California
Amador,2021-01-01,2,561,0,471,2,90,0,0,2,561,0,0,2,561,California
Amador,2021-01-02,57,618,57,528,0,90,0,0,57,618,0,0,57,618,California
Amador,2021-01-03,66,684,17,545,49,139,0,0,66,684,0,0,66,684,California
Amador,2021-01-04,124,808,1,546,123,262,0,0,124,808,0,0,124,808,California
Amador,2021-01-05,34,842,3,549,31,293,0,0,32,839,2,2,33,841,California
Amador,2021-01-06,41,883,11,560,30,323,0,0,37,872,4,6,37,878,California
Amador,2021-01-07,229,1112,69,629,160,483,0,0,217,1077,12,18,217,1095,California
Amador,2021-01-08,85,1197,70,699,15,498,0,0,41,1075,44,62,42,1137,California
Amador,2021-01-09,11,1208,11,710,0,498,0,0,2,1068,9,71,2,1139,California
Amador,2021-01-10,6,1214,4,714,2,500,0,0,2,1066,4,75,2,1141,California
Amador,2021-01-11,124,1338,43,757,81,581,0,0,88,1119,36,111,89,1230,California
Amador,2021-01-12,65,1403,50,807,15,596,0,0,41,1136,24,135,41,1271,California
Amador,2021-01-13,40,1443,24,831,16,612,0,0,28,1152,12,147,28,1299,California
Amador,2021-01-14,149,1592,22,853,127,739,0,0,139,1282,10,157,140,1439,California
Amador,2021-01-15,59,1651,25,878,34,773,0,0,51,1325,8,165,51,1490,California
Amador,2021-01-16,17,1668,11,889,6,779,0,0,11,1331,6,171,12,1502,California
Amador,2021-01-17,26,1694,5,894,21,800,0,0,26,1357,0,171,26,1528,California
Amador,2021-01-18,30,1724,26,920,4,804,0,0,9,1345,21,192,9,1537,California
Amador,2021-01-19,124,1848,99,1019,25,829,0,0,81,1383,43,235,81,1618,California
Amador,2021-01-20,180,2028,30,1049,150,979,0,0,166,1536,13,248,166,1784,California
Amador,2021-01-21,259,2287,229,1278,30,1009,0,0,148,1574,111,359,149,1933,California
Amador,2021-01-22,135,2422,72,1350,63,1072,0,0,128,1695,7,366,128,2061,California
Amador,2021-01-23,53,2475,32,1382,21,1093,0,0,50,1742,3,369,50,2111,California
Amador,2021-01-24,30,2505,12,1394,18,1111,0,0,27,1766,3,372,27,2138,California
Amador,2021-01-25,59,2564,29,1423,30,1141,0,0,41,1789,18,390,41,2179,California
Amador,2021-01-26,244,2808,17,1440,227,1368,0,0,234,2013,10,400,234,2413,California
Amador,2021-01-27,301,3109,33,1473,268,1636,0,0,254,2223,45,445,255,2668,California
Amador,2021-01-28,369,3478,97,1570,272,1908,0,0,288,2431,81,526,289,2957,California
Amador,2021-01-29,99,3577,33,1603,66,1974,0,0,84,2500,15,541,84,3041,California
Amador,2021-01-30,168,3745,36,1639,132,2106,0,0,163,2658,5,546,163,3204,California
Amador,2021-01-31,33,3778,28,1667,5,2111,0,0,32,2689,1,547,32,3236,California
Amador,2021-02-01,66,3844,24,1691,42,2153,0,0,39,2701,27,574,39,3275,California
Amador,2021-02-02,213,4057,64,1755,149,2302,0,0,126,2743,84,658,126,3401,California
Amador,2021-02-03,140,4197,38,1793,102,2404,0,0,88,2780,51,709,88,3489,California
Amador,2021-02-04,249,4446,74,1867,175,2579,0,0,163,2859,86,795,165,3654,California
Amador,2021-02-05,334,4780,63,1930,271,2850,0,0,317,3159,17,812,317,3971,California
Amador,2021-02-06,100,4880,81,2011,19,2869,0,0,96,3251,4,816,96,4067,California
Amador,2021-02-07,39,4919,35,2046,4,2873,0,0,35,3283,4,820,36,4103,California
Amador,2021-02-08,91,5010,63,2109,28,2901,0,0,74,3340,17,837,74,4177,California
Amador,2021-02-09,173,5183,81,2190,92,2993,0,0,107,3381,66,903,107,4284,California
Amador,2021-02-10,980,6163,80,2270,900,3893,0,0,947,4295,33,936,947,5231,California
Amador,2021-02-11,306,6469,118,2388,188,4081,0,0,196,4383,108,1044,196,5427,California
Amador,2021-02-12,327,6796,120,2508,207,4288,0,0,255,4566,72,1116,255,5682,California
Amador,2021-02-13,164,6960,80,2588,84,4372,0,0,141,4684,23,1139,141,5823,California
Amador,2021-02-14,123,7083,54,2642,69,4441,0,0,105,4771,18,1157,105,5928,California
Amador,2021-02-15,187,7270,61,2703,126,4567,0,0,170,4925,16,1173,170,6098,California
Amador,2021-02-16,466,7736,53,2756,413,4980,0,0,427,5314,39,1212,428,6526,California
Amador,2021-02-17,264,8000,85,2841,179,5159,0,0,166,5382,98,1310,166,6692,California
Amador,2021-02-18,396,8396,98,2939,298,5457,0,0,332,5650,64,1374,332,7024,California
Amador,2021-02-19,194,8590,77,3016,117,5574,0,0,110,5676,84,1458,110,7134,California
Amador,2021-02-20,94,8684,31,3047,63,5637,0,0,66,5714,28,1486,66,7200,California
Amador,2021-02-21,47,8731,34,3081,13,5650,0,0,14,5696,32,1518,14,7214,California
Amador,2021-02-22,67,8798,26,3107,41,5691,0,0,32,5694,34,1552,32,7246,California
Amador,2021-02-23,318,9116,53,3160,265,5956,0,0,139,5654,179,1731,139,7385,California
Amador,2021-02-24,397,9513,59,3219,338,6294,0,0,265,5791,128,1859,265,7650,California
Amador,2021-02-25,527,10040,122,3341,405,6699,0,0,281,5827,245,2104,281,7931,California
Amador,2021-02-26,632,10672,80,3421,552,7251,0,0,515,6226,116,2220,515,8446,California
Amador,2021-02-27,293,10965,96,3517,197,7448,0,0,100,6136,192,2412,102,8548,California
Amador,2021-02-28,106,11071,55,3572,51,7499,0,0,60,6152,46,2458,62,8610,California
Amador,2021-03-01,198,11269,69,3641,129,7628,0,0,126,6207,72,2530,127,8737,California
Amador,2021-03-02,382,11651,62,3703,320,7948,0,0,334,6494,48,2578,335,9072,California
Amador,2021-03-03,242,11893,82,3785,160,8108,0,0,166,6586,75,2653,167,9239,California
Amador,2021-03-04,494,12387,113,3898,381,8489,0,0,393,6879,100,2753,393,9632,California
Amador,2021-03-05,510,12897,74,3972,436,8925,0,0,289,6951,219,2972,291,9923,California
Amador,2021-03-06,98,12995,45,4017,52,8977,1,1,55,6964,43,3015,56,9979,California
Amador,2021-03-07,66,13061,44,4061,22,8999,0,1,23,6944,43,3058,23,10002,California
Amador,2021-03-08,151,13212,69,4130,81,9080,1,2,90,6974,61,3119,91,10093,California
Amador,2021-03-09,374,13586,49,4179,325,9405,0,2,293,7190,78,3197,294,10387,California
Amador,2021-03-10,514,14100,76,4255,436,9841,2,4,111,6902,403,3600,115,10502,California
Amador,2021-03-11,472,14572,117,4372,345,10186,10,14,299,7042,172,3772,312,10814,California
Amador,2021-03-12,568,15140,66,4438,495,10681,7,21,338,7164,229,4001,351,11165,California
Amador,2021-03-13,114,15254,17,4455,90,10771,7,28,75,7211,39,4040,86,11251,California
Amador,2021-03-14,87,15341,18,4473,67,10838,2,30,21,7168,66,4106,23,11274,California
Amador,2021-03-15,179,15520,25,4498,147,10985,7,37,53,7103,126,4232,61,11335,California
Amador,2021-03-16,452,15972,53,4551,390,11375,9,46,139,6940,311,4543,148,11483,California
Amador,2021-03-17,199,16171,44,4595,152,11527,3,49,121,6986,78,4621,124,11607,California
Amador,2021-03-18,480,16651,103,4698,373,11900,4,53,252,7018,228,4849,260,11867,California
Amador,2021-03-19,541,17192,56,4754,470,12370,15,68,389,7276,150,4999,408,12275,California
Amador,2021-03-20,110,17302,45,4799,64,12434,1,69,45,7260,64,5063,48,12323,California
Amador,2021-03-21,48,17350,34,4833,13,12447,1,70,29,7274,18,5081,32,12355,California
Amador,2021-03-22,113,17463,32,4865,52,12499,29,99,48,7286,65,5146,77,12432,California
Amador,2021-03-23,434,17897,46,4911,381,12880,7,106,274,7409,159,5305,282,12714,California
Amador,2021-03-24,347,18244,39,4950,55,12935,253,359,37,7390,309,5614,290,13004,California
Amador,2021-03-25,609,18853,86,5036,516,13451,7,366,394,7577,214,5828,401,13405,California
Amador,2021-03-26,746,19599,42,5078,698,14149,6,372,284,7410,460,6288,293,13698,California
Amador,2021-03-27,87,19686,15,5093,70,14219,2,374,27,7381,60,6348,31,13729,California
Amador,2021-03-28,69,19755,15,5108,52,14271,2,376,12,7340,56,6404,15,13744,California
Amador,2021-03-29,179,19934,25,5133,153,14424,1,377,79,7327,98,6502,85,13829,California
Amador,2021-03-30,534,20468,27,5160,506,14930,1,378,292,7379,241,6743,293,14122,California
Amador,2021-03-31,200,20668,57,5217,138,15068,5,383,44,7273,155,6898,49,14171,California
Amador,2021-04-01,610,21278,84,5301,526,15594,0,383,262,7191,346,7244,264,14435,California
Amador,2021-04-02,607,21885,38,5339,556,16150,13,396,380,7360,226,7470,395,14830,California
Amador,2021-04-03,88,21973,25,5364,44,16194,19,415,23,7339,65,7535,44,14874,California
Amador,2021-04-04,38,22011,3,5367,29,16223,6,421,15,7337,23,7558,21,14895,California
Amador,2021-04-05,144,22155,52,5419,76,16299,16,437,50,7312,93,7651,68,14963,California
Amador,2021-04-06,503,22658,37,5456,448,16747,18,455,223,7275,278,7929,241,15204,California
Amador,2021-04-07,96,22754,32,5488,45,16792,19,474,40,7280,54,7983,59,15263,California
Amador,2021-04-08,496,23250,85,5573,390,17182,21,495,221,7249,274,8257,243,15506,California
Amador,2021-04-09,481,23731,21,5594,440,17622,20,515,213,7212,267,8524,230,15736,California
Amador,2021-04-10,51,23782,15,5609,27,17649,9,524,21,7212,30,8554,30,15766,California
Amador,2021-04-11,48,23830,23,5632,21,17670,4,528,23,7215,24,8578,27,15793,California
Amador,2021-04-12,98,23928,27,5659,61,17731,10,538,42,7211,56,8634,52,15845,California
Amador,2021-04-13,343,24271,47,5706,296,18027,0,538,67,7004,275,8909,68,15913,California
Amador,2021-04-14,284,24555,28,5734,256,18283,0,538,174,7071,107,9016,174,16087,California
Amador,2021-04-15,332,24887,76,5810,256,18539,0,538,70,6884,257,9273,70,16157,California
Amador,2021-04-16,484,25371,29,5839,455,18994,0,538,386,7173,97,9370,386,16543,California
Amador,2021-04-17,65,25436,37,5876,28,19022,0,538,28,7164,37,9407,28,16571,California
Amador,2021-04-18,29,25465,7,5883,22,19044,0,538,11,7159,17,9424,12,16583,California
Amador,2021-04-19,70,25535,28,5911,42,19086,0,538,31,7154,38,9462,33,16616,California
Amador,2021-04-20,436,25971,55,5966,381,19467,0,538,111,6949,318,9780,113,16729,California
Amador,2021-04-21,87,26058,33,5999,54,19521,0,538,44,6951,42,9822,44,16773,California
Amador,2021-04-22,494,26552,77,6076,416,19937,1,539,103,6671,384,10206,104,16877,California
Amador,2021-04-23,359,26911,46,6122,313,20250,0,539,286,6887,72,10278,288,17165,California
Amador,2021-04-24,48,26959,24,6146,24,20274,0,539,27,6894,20,10298,27,17192,California
Amador,2021-04-25,41,27000,19,6165,22,20296,0,539,29,6911,12,10310,29,17221,California
Amador,2021-04-26,93,27093,29,6194,63,20359,1,540,44,6909,48,10358,46,17267,California
Amador,2021-04-27,496,27589,42,6236,453,20812,1,541,90,6597,404,10762,92,17359,California
Amador,2021-04-28,70,27659,29,6265,37,20849,4,545,41,6613,29,10791,45,17404,California
Amador,2021-04-29,221,27880,69,6334,44,20893,108,653,65,6629,156,10947,172,17576,California
Amador,2021-04-30,337,28217,26,6360,307,21200,4,657,94,6484,243,11190,98,17674,California
Amador,2021-05-01,43,28260,15,6375,23,21223,5,662,22,6492,19,11209,27,17701,California
Amador,2021-05-02,27,28287,14,6389,10,21233,3,665,10,6489,17,11226,14,17715,California
Amador,2021-05-03,67,28354,33,6422,24,21257,10,675,27,6486,40,11266,37,17752,California
Amador,2021-05-04,465,28819,26,6448,432,21689,7,682,67,6162,398,11664,74,17826,California
Amador,2021-05-05,203,29022,154,6602,39,21728,10,692,163,6294,39,11703,171,17997,California
Amador,2021-05-06,110,29132,56,6658,49,21777,5,697,64,6319,44,11747,69,18066,California
Amador,2021-05-07,127,29259,29,6687,91,21868,7,704,67,6333,60,11807,74,18140,California
Amador,2021-05-08,42,29301,10,6697,29,21897,3,707,20,6334,22,11829,23,18163,California
Amador,2021-05-09,15,29316,0,6697,9,21906,6,713,4,6333,11,11840,10,18173,California
Amador,2021-05-10,60,29376,14,6711,43,21949,3,716,24,6324,36,11876,27,18200,California
Amador,2021-05-11,101,29477,34,6745,41,21990,26,742,45,6339,56,11932,71,18271,California
Amador,2021-05-12,68,29545,24,6769,41,22031,3,745,32,6338,36,11968,35,18306,California
Amador,2021-05-13,74,29619,41,6810,27,22058,6,751,37,6345,36,12004,43,18349,California
Amador,2021-05-14,395,30014,34,6844,357,22415,4,755,86,6127,309,12313,91,18440,California
Amador,2021-05-15,52,30066,20,6864,21,22436,11,766,24,6134,28,12341,35,18475,California
Amador,2021-05-16,38,30104,15,6879,23,22459,0,766,17,6130,21,12362,17,18492,California
Amador,2021-05-17,76,30180,23,6902,51,22510,2,768,36,6129,39,12401,38,18530,California
Amador,2021-05-18,247,30427,169,7071,43,22553,35,803,163,6244,83,12484,198,18728,California
Amador,2021-05-19,75,30502,25,7096,47,22600,3,806,34,6243,40,12524,39,18767,California
Amador,2021-05-20,87,30589,47,7143,36,22636,4,810,30,6221,56,12580,34,18801,California
Amador,2021-05-21,272,30861,29,7172,241,22877,2,812,40,6031,232,12812,42,18843,California
Amador,2021-05-22,44,30905,14,7186,25,22902,5,817,12,6017,32,12844,18,18861,California
Amador,2021-05-23,26,30931,4,7190,19,22921,3,820,5,6004,21,12865,8,18869,California
Amador,2021-05-24,90,31021,31,7221,47,22968,12,832,42,6011,47,12912,54,18923,California
Amador,2021-05-25,141,31162,89,7310,27,22995,25,857,82,6061,57,12969,107,19030,California
Amador,2021-05-26,207,31369,163,7473,37,23032,7,864,41,5943,165,13134,47,19077,California
Amador,2021-05-27,81,31450,36,7509,36,23068,9,873,30,5931,51,13185,39,19116,California
Amador,2021-05-28,69,31519,27,7536,38,23106,4,877,30,5926,39,13224,34,19150,California
Amador,2021-05-29,26,31545,2,7538,21,23127,3,880,10,5923,16,13240,13,19163,California
Amador,2021-05-30,19,31564,5,7543,8,23135,6,886,6,5922,13,13253,12,19175,California
Amador,2021-05-31,10,31574,0,7543,9,23144,1,887,2,5917,8,13261,3,19178,California
Amador,2021-06-01,94,31668,66,7609,23,23167,5,892,43,5915,50,13311,48,19226,California
Amador,2021-06-02,46,31714,16,7625,22,23189,8,900,16,5910,30,13341,25,19251,California
Amador,2021-06-03,59,31773,26,7651,28,23217,5,905,19,5895,39,13380,24,19275,California
Amador,2021-06-04,101,31874,21,7672,59,23276,21,926,23,5861,78,13458,44,19319,California
Amador,2021-06-05,39,31913,16,7688,20,23296,3,929,5,5835,34,13492,8,19327,California
Amador,2021-06-06,18,31931,8,7696,9,23305,1,930,8,5834,10,13502,9,19336,California
Amador,2021-06-07,45,31976,18,7714,22,23327,5,935,17,5828,28,13530,22,19358,California
Amador,2021-06-08,169,32145,133,7847,25,23352,11,946,49,5770,119,13649,61,19419,California
Amador,2021-06-09,31,32176,11,7858,11,23363,9,955,5,5758,26,13675,14,19433,California
Amador,2021-06-10,34,32210,13,7871,10,23373,11,966,8,5751,26,13701,19,19452,California
Amador,2021-06-11,34,32244,12,7883,18,23391,4,970,4,5729,30,13731,8,19460,California
Amador,2021-06-12,9,32253,2,7885,7,23398,0,970,1,5723,7,13738,1,19461,California
Butte,2020-12-16,3,3,3,3,0,0,0,0,3,3,0,0,3,3,California
Butte,2020-12-17,21,24,21,24,0,0,0,0,21,24,0,0,21,24,California
Butte,2020-12-18,52,76,52,76,0,0,0,0,52,76,0,0,52,76,California
Butte,2020-12-19,7,83,7,83,0,0,0,0,7,83,0,0,7,83,California
Butte,2020-12-20,10,93,10,93,0,0,0,0,10,93,0,0,10,93,California
Butte,2020-12-21,632,725,632,725,0,0,0,0,632,725,0,0,632,725,California
Butte,2020-12-22,618,1343,616,1341,2,2,0,0,618,1343,0,0,618,1343,California
Butte,2020-12-23,874,2217,858,2199,16,18,0,0,874,2217,0,0,874,2217,California
Butte,2020-12-24,158,2375,154,2353,4,22,0,0,158,2375,0,0,158,2375,California
Butte,2020-12-26,90,2465,88,2441,2,24,0,0,90,2465,0,0,90,2465,California
Butte,2020-12-27,35,2500,34,2475,1,25,0,0,35,2500,0,0,35,2500,California
Butte,2020-12-28,278,2778,272,2747,6,31,0,0,278,2778,0,0,278,2778,California
Butte,2020-12-29,203,2981,180,2927,23,54,0,0,203,2981,0,0,203,2981,California
Butte,2020-12-30,513,3494,291,3218,222,276,0,0,513,3494,0,0,513,3494,California
Butte,2020-12-31,213,3707,18,3236,195,471,0,0,213,3707,0,0,213,3707,California
Butte,2021-01-01,9,3716,2,3238,7,478,0,0,9,3716,0,0,9,3716,California
Butte,2021-01-02,40,3756,37,3275,3,481,0,0,40,3756,0,0,40,3756,California
Butte,2021-01-03,3,3759,0,3275,3,484,0,0,3,3759,0,0,3,3759,California
Butte,2021-01-04,209,3968,176,3451,33,517,0,0,209,3968,0,0,209,3968,California
Butte,2021-01-05,195,4163,152,3603,43,560,0,0,194,4161,1,1,194,4162,California
Butte,2021-01-06,626,4789,396,3999,230,790,0,0,621,4778,5,6,622,4784,California
Butte,2021-01-07,762,5551,369,4368,393,1183,0,0,742,5500,20,26,742,5526,California
Butte,2021-01-08,672,6223,531,4899,141,1324,0,0,624,6076,48,74,624,6150,California
Butte,2021-01-09,11,6234,7,4906,4,1328,0,0,6,6077,5,79,6,6156,California
Butte,2021-01-10,19,6253,5,4911,14,1342,0,0,14,6086,5,84,14,6170,California
Butte,2021-01-11,985,7238,950,5861,35,1377,0,0,356,5816,629,713,359,6529,California
Butte,2021-01-12,697,7935,653,6514,44,1421,0,0,275,5669,422,1135,275,6804,California
Butte,2021-01-13,1564,9499,1073,7587,491,1912,0,0,725,5557,839,1974,727,7531,California
Butte,2021-01-14,1637,11136,892,8479,745,2657,0,0,1440,6801,196,2170,1440,8971,California
Butte,2021-01-15,1052,12188,812,9291,240,2897,0,0,943,7635,109,2279,943,9914,California
Butte,2021-01-16,587,12775,301,9592,286,3183,0,0,543,8134,44,2323,543,10457,California
Butte,2021-01-17,237,13012,63,9655,174,3357,0,0,199,8295,38,2361,199,10656,California
Butte,2021-01-18,345,13357,303,9958,42,3399,0,0,278,8507,66,2427,278,10934,California
Butte,2021-01-19,493,13850,431,10389,62,3461,0,0,223,8460,270,2697,223,11157,California
Butte,2021-01-20,1373,15223,690,11079,683,4144,0,0,1070,9227,303,3000,1070,12227,California
Butte,2021-01-21,1476,16699,868,11947,608,4752,0,0,1368,10488,107,3107,1368,13595,California
Butte,2021-01-22,1141,17840,482,12429,659,5411,0,0,1087,11521,54,3161,1087,14682,California
Butte,2021-01-23,124,17964,84,12513,40,5451,0,0,99,11595,25,3186,99,14781,California
Butte,2021-01-24,9,17973,7,12520,2,5453,0,0,9,11604,0,3186,9,14790,California
Butte,2021-01-25,657,18630,338,12858,319,5772,0,0,493,11933,164,3350,493,15283,California
Butte,2021-01-26,1471,20101,376,13234,1095,6867,0,0,1335,13132,136,3486,1335,16618,California
Butte,2021-01-27,2099,22200,707,13941,1392,8259,0,0,1365,13764,733,4219,1365,17983,California
Butte,2021-01-28,2264,24464,260,14201,2004,10263,0,0,1952,15405,311,4530,1952,19935,California
Butte,2021-01-29,1687,26151,487,14688,1200,11463,0,0,1310,16339,376,4906,1310,21245,California
Butte,2021-01-30,29,26180,8,14696,21,11484,0,0,27,16364,2,4908,27,21272,California
Butte,2021-01-31,15,26195,13,14709,2,11486,0,0,14,16377,1,4909,14,21286,California
Butte,2021-02-01,1752,27947,408,15117,1344,12830,0,0,1361,17350,388,5297,1361,22647,California
Butte,2021-02-02,1932,29879,362,15479,1570,14400,0,0,1631,18679,302,5599,1631,24278,California
Butte,2021-02-03,2738,32617,775,16254,1963,16363,0,0,1844,19631,892,6491,1844,26122,California
Butte,2021-02-04,2955,35572,321,16575,2634,18997,0,0,2399,21476,554,7045,2399,28521,California
Butte,2021-02-05,1271,36843,666,17241,605,19602,0,0,550,21306,721,7766,551,29072,California
Butte,2021-02-06,145,36988,103,17344,42,19644,0,0,62,21285,83,7849,62,29134,California
Butte,2021-02-07,37,37025,33,17377,4,19648,0,0,14,21276,23,7872,14,29148,California
Butte,2021-02-08,699,37724,549,17926,150,19798,0,0,241,21059,458,8330,241,29389,California
Butte,2021-02-09,950,38674,458,18384,492,20290,0,0,721,21551,229,8559,721,30110,California
Butte,2021-02-10,1701,40375,1188,19572,513,20803,0,0,672,21196,1027,9586,672,30782,California
Butte,2021-02-11,2202,42577,1345,20917,857,21660,0,0,1002,20998,1200,10786,1002,31784,California
Butte,2021-02-12,1003,43580,435,21352,568,22228,0,0,330,20656,672,11458,330,32114,California
Butte,2021-02-13,245,43825,43,21395,202,22430,0,0,144,20699,101,11559,144,32258,California
Butte,2021-02-14,161,43986,9,21404,152,22582,0,0,157,20852,4,11563,157,32415,California
Butte,2021-02-15,261,44247,47,21451,214,22796,0,0,196,20983,65,11628,196,32611,California
Butte,2021-02-16,728,44975,431,21882,297,23093,0,0,275,20804,454,12082,275,32886,California
Butte,2021-02-17,1514,46489,846,22728,668,23761,0,0,840,20972,672,12754,840,33726,California
Butte,2021-02-18,1557,48046,758,23486,799,24560,0,0,748,20911,809,13563,748,34474,California
Butte,2021-02-19,1169,49215,389,23875,780,25340,0,0,401,20551,761,14324,401,34875,California
Butte,2021-02-20,476,49691,32,23907,444,25784,0,0,126,20328,349,14673,126,35001,California
Butte,2021-02-21,17,49708,15,23922,2,25786,0,0,13,20337,4,14677,13,35014,California
Butte,2021-02-22,1500,51208,296,24218,1204,26990,0,0,377,19594,1120,15797,377,35391,California
Butte,2021-02-23,1636,52844,295,24513,1341,28331,0,0,463,18889,1168,16965,463,35854,California
Butte,2021-02-24,2133,54977,598,25111,1535,29866,0,0,725,18214,1400,18365,725,36579,California
Butte,2021-02-25,2078,57055,576,25687,1502,31368,0,0,656,17455,1416,19781,657,37236,California
Butte,2021-02-26,919,57974,310,25997,609,31977,0,0,395,17330,520,20301,395,37631,California
Butte,2021-02-27,235,58209,47,26044,188,32165,0,0,186,17469,47,20348,186,37817,California
Butte,2021-02-28,141,58350,15,26059,126,32291,0,0,134,17596,7,20355,134,37951,California
Butte,2021-03-01,1628,59978,175,26234,1452,33743,1,1,328,16628,1297,21652,329,38280,California
Butte,2021-03-02,1748,61726,197,26431,1551,35294,0,1,309,15502,1435,23087,309,38589,California
Butte,2021-03-03,2786,64512,850,27281,1936,37230,0,1,481,13680,2303,25390,481,39070,California
Butte,2021-03-04,3152,67664,681,27962,2471,39701,0,1,627,11783,2524,27914,627,39697,California
Butte,2021-03-05,1351,69015,615,28577,735,40436,1,2,734,11905,613,28527,735,40432,California
Butte,2021-03-06,246,69261,24,28601,199,40635,23,25,186,12055,59,28586,209,40641,California
Butte,2021-03-07,54,69315,3,28604,34,40669,17,42,30,12078,24,28610,47,40688,California
Butte,2021-03-08,1266,70581,128,28732,1060,41729,78,120,1100,13093,163,28773,1178,41866,California
Butte,2021-03-09,1906,72487,284,29016,1520,43249,102,222,1415,14122,488,29261,1517,43383,California
Butte,2021-03-10,2314,74801,964,29980,1250,44499,100,322,1577,15066,732,29993,1676,45059,California
Butte,2021-03-11,2813,77614,1318,31298,1369,45868,126,448,1984,16358,818,30811,2110,47169,California
Butte,2021-03-12,1144,78758,330,31628,467,46335,347,795,355,16277,783,31594,702,47871,California
Butte,2021-03-13,253,79011,67,31695,137,46472,49,844,59,16190,194,31788,107,47978,California
Butte,2021-03-14,163,79174,16,31711,105,46577,42,886,20,16110,142,31930,62,48040,California
Butte,2021-03-15,1741,80915,360,32071,1086,47663,295,1181,1145,16962,588,32518,1440,49480,California
Butte,2021-03-16,1648,82563,414,32485,1156,48819,78,1259,1111,17617,533,33051,1188,50668,California
Butte,2021-03-17,1957,84520,1355,33840,521,49340,81,1340,1137,18022,812,33863,1217,51885,California
Butte,2021-03-18,1811,86331,1467,35307,215,49555,129,1469,1062,18469,743,34606,1190,53075,California
Butte,2021-03-19,694,87025,307,35614,303,49858,84,1553,343,18555,341,34947,427,53502,California
Butte,2021-03-20,206,87231,31,35645,159,50017,16,1569,95,18555,111,35058,111,53613,California
Butte,2021-03-21,55,87286,24,35669,2,50019,29,1598,12,18553,43,35101,41,53654,California
Butte,2021-03-22,1481,88767,350,36019,1037,51056,94,1692,1220,19608,259,35360,1314,54968,California
Butte,2021-03-23,1822,90589,491,36510,1217,52273,114,1806,1473,20849,346,35706,1587,56555,California
Butte,2021-03-24,2261,92850,1265,37775,870,53143,126,1932,1711,22140,545,36251,1836,58391,California
Butte,2021-03-25,1481,94331,1197,38972,192,53335,92,2024,1015,22785,462,36713,1107,59498,California
Butte,2021-03-26,1204,95535,436,39408,522,53857,246,2270,558,22951,638,37351,804,60302,California
Butte,2021-03-27,302,95837,83,39491,195,54052,24,2294,135,22944,164,37515,157,60459,California
Butte,2021-03-28,227,96064,43,39534,176,54228,8,2302,102,22931,122,37637,109,60568,California
Butte,2021-03-29,1761,97825,379,39913,1312,55540,70,2372,1343,23931,413,38050,1413,61981,California
Butte,2021-03-30,1032,98857,469,40382,473,56013,90,2462,488,23971,538,38588,578,62559,California
Butte,2021-03-31,1776,100633,1303,41685,406,56419,67,2529,1082,24432,688,39276,1149,63708,California
Butte,2021-04-01,3328,103961,2706,44391,496,56915,126,2655,2260,25757,1062,40338,2387,66095,California
Butte,2021-04-02,1000,104961,417,44808,463,57378,120,2775,564,26011,428,40766,682,66777,California
Butte,2021-04-03,342,105303,45,44853,225,57603,72,2847,163,26067,179,40945,235,67012,California
Butte,2021-04-04,190,105493,25,44878,142,57745,23,2870,112,26126,76,41021,135,67147,California
Butte,2021-04-05,1972,107465,421,45299,1380,59125,171,3041,594,25520,1369,42390,763,67910,California
Butte,2021-04-06,2208,109673,616,45915,1169,60294,423,3464,800,25339,1402,43792,1221,69131,California
Butte,2021-04-07,3035,112708,1318,47233,1325,61619,392,3856,715,24132,2314,46106,1107,70238,California
Butte,2021-04-08,2757,115465,1202,48435,1287,62906,268,4124,459,22565,2294,48400,727,70965,California
Butte,2021-04-09,1376,116841,353,48788,541,63447,482,4606,330,22330,1042,49442,807,71772,California
Butte,2021-04-10,222,117063,47,48835,75,63522,100,4706,100,22407,122,49564,199,71971,California
Butte,2021-04-11,105,117168,42,48877,53,63575,10,4716,82,22477,22,49586,92,72063,California
Butte,2021-04-12,1411,118579,314,49191,964,64539,133,4849,237,21673,1174,50760,370,72433,California
Butte,2021-04-13,1649,120228,572,49763,1071,65610,6,4855,340,20717,1302,52062,346,72779,California
Butte,2021-04-14,2845,123073,2352,52115,493,66103,0,4855,1324,20528,1516,53578,1327,74106,California
Butte,2021-04-15,635,123708,391,52506,244,66347,0,4855,481,20858,151,53729,481,74587,California
Butte,2021-04-16,810,124518,413,52919,397,66744,0,4855,475,21000,333,54062,475,75062,California
Butte,2021-04-17,338,124856,61,52980,277,67021,0,4855,234,21132,102,54164,234,75296,California
Butte,2021-04-18,43,124899,9,52989,34,67055,0,4855,38,21165,5,54169,38,75334,California
Butte,2021-04-19,1558,126457,378,53367,1180,68235,0,4855,427,20464,1128,55297,427,75761,California
Butte,2021-04-20,1971,128428,720,54087,1251,69486,0,4855,754,20008,1210,56507,754,76515,California
Butte,2021-04-21,2041,130469,1161,55248,880,70366,0,4855,462,18897,1573,58080,462,76977,California
Butte,2021-04-22,2219,132688,1940,57188,279,70645,0,4855,612,17905,1604,59684,612,77589,California
Butte,2021-04-23,935,133623,439,57627,496,71141,0,4855,484,17938,451,60135,484,78073,California
Butte,2021-04-24,347,133970,138,57765,209,71350,0,4855,192,17976,154,60289,192,78265,California
Butte,2021-04-25,173,134143,68,57833,105,71455,0,4855,64,17931,109,60398,64,78329,California
Butte,2021-04-26,1560,135703,454,58287,1101,72556,5,4860,403,17186,1153,61551,408,78737,California
Butte,2021-04-27,1018,136721,677,58964,314,72870,27,4887,583,17367,429,61980,610,79347,California
Butte,2021-04-28,1388,138109,934,59898,429,73299,25,4912,501,17010,883,62863,526,79873,California
Butte,2021-04-29,886,138995,540,60438,321,73620,25,4937,299,16753,581,63444,324,80197,California
Butte,2021-04-30,893,139888,389,60827,483,74103,21,4958,448,16782,439,63883,468,80665,California
Butte,2021-05-01,241,140129,64,60891,158,74261,19,4977,72,16704,168,64051,90,80755,California
Butte,2021-05-02,149,140278,61,60952,75,74336,13,4990,43,16654,106,64157,56,80811,California
Butte,2021-05-03,633,140911,256,61208,346,74682,31,5021,177,16416,446,64603,208,81019,California
Butte,2021-05-04,818,141729,316,61524,470,75152,32,5053,211,16057,601,65204,242,81261,California
Butte,2021-05-05,1338,143067,1092,62616,210,75362,36,5089,272,15305,1061,66265,309,81570,California
Butte,2021-05-06,932,143999,673,63289,222,75584,37,5126,356,15125,573,66838,393,81963,California
Butte,2021-05-07,560,144559,288,63577,236,75820,36,5162,286,15175,271,67109,321,82284,California
Butte,2021-05-08,168,144727,35,63612,124,75944,9,5171,88,15193,79,67188,97,82381,California
Butte,2021-05-09,92,144819,19,63631,70,76014,3,5174,49,15202,43,67231,52,82433,California
Butte,2021-05-10,514,145333,302,63933,169,76183,43,5217,211,15156,300,67531,254,82687,California
Butte,2021-05-11,871,146204,643,64576,169,76352,59,5276,278,14903,590,68121,337,83024,California
Butte,2021-05-12,767,146971,484,65060,237,76589,46,5322,345,14876,418,68539,391,83415,California
Butte,2021-05-13,907,147878,607,65667,238,76827,62,5384,331,14702,565,69104,391,83806,California
Butte,2021-05-14,827,148705,515,66182,282,77109,30,5414,357,14622,466,69570,386,84192,California
Butte,2021-05-15,480,149185,224,66406,224,77333,32,5446,223,14621,256,69826,255,84447,California
Butte,2021-05-16,166,149351,82,66488,66,77399,18,5464,97,14668,68,69894,115,84562,California
Butte,2021-05-17,752,150103,479,66967,225,77624,48,5512,323,14612,426,70320,370,84932,California
Butte,2021-05-18,1061,151164,730,67697,283,77907,48,5560,475,14555,580,70900,523,85455,California
Butte,2021-05-19,827,151991,535,68232,248,78155,44,5604,331,14438,491,71391,374,85829,California
Butte,2021-05-20,976,152967,654,68886,214,78369,108,5712,391,14354,582,71973,498,86327,California
Butte,2021-05-21,892,153859,545,69431,320,78689,27,5739,309,14109,580,72553,335,86662,California
Butte,2021-05-22,292,154151,139,69570,146,78835,7,5746,146,14119,143,72696,153,86815,California
Butte,2021-05-23,124,154275,75,69645,48,78883,1,5747,80,14156,44,72740,81,86896,California
Butte,2021-05-24,338,154613,153,69798,135,79018,50,5797,170,14209,166,72906,219,87115,California
Butte,2021-05-25,688,155301,441,70239,211,79229,36,5833,340,14244,341,73247,376,87491,California
Butte,2021-05-26,563,155864,182,70421,358,79587,23,5856,255,14223,299,73546,278,87769,California
Butte,2021-05-27,864,156728,621,71042,226,79813,17,5873,429,14240,430,73976,447,88216,California
Butte,2021-05-28,516,157244,139,71181,298,80111,79,5952,215,14235,299,74275,294,88510,California
Butte,2021-05-29,224,157468,116,71297,96,80207,12,5964,148,14319,76,74351,160,88670,California
Butte,2021-05-30,107,157575,56,71353,51,80258,0,5964,61,14334,46,74397,61,88731,California
Butte,2021-05-31,43,157618,23,71376,18,80276,2,5966,25,14343,18,74415,27,88758,California
Butte,2021-06-01,665,158283,423,71799,210,80486,32,5998,251,14215,411,74826,283,89041,California
Butte,2021-06-02,817,159100,569,72368,204,80690,44,6042,354,14154,459,75285,398,89439,California
Butte,2021-06-03,622,159722,422,72790,185,80875,15,6057,222,13994,397,75682,237,89676,California
Butte,2021-06-04,478,160200,272,73062,178,81053,28,6085,158,13866,314,75996,186,89862,California
Butte,2021-06-05,317,160517,204,73266,93,81146,20,6105,103,13777,212,76208,123,89985,California
Butte,2021-06-06,135,160652,100,73366,33,81179,2,6107,34,13713,100,76308,36,90021,California
Butte,2021-06-07,398,161050,255,73621,114,81293,29,6136,172,13689,225,76533,201,90222,California
Butte,2021-06-08,645,161695,467,74088,162,81455,16,6152,191,13454,443,76976,208,90430,California
Butte,2021-06-09,333,162028,221,74309,93,81548,19,6171,118,13382,209,77185,137,90567,California
Butte,2021-06-10,525,162553,391,74700,110,81658,24,6195,204,13290,319,77504,227,90794,California
Butte,2021-06-11,237,162790,113,74813,114,81772,10,6205,83,13231,152,77656,93,90887,California
Butte,2021-06-12,26,162816,3,74816,19,81791,4,6209,4,13217,22,77678,8,90895,California
Calaveras,2020-12-16,5,5,5,5,0,0,0,0,5,5,0,0,5,5,California
Calaveras,2020-12-17,3,8,3,8,0,0,0,0,3,8,0,0,3,8,California
Calaveras,2020-12-18,40,48,40,48,0,0,0,0,40,48,0,0,40,48,California
Calaveras,2020-12-19,3,51,3,51,0,0,0,0,3,51,0,0,3,51,California
Calaveras,2020-12-20,4,55,4,55,0,0,0,0,4,55,0,0,4,55,California
Calaveras,2020-12-21,55,110,48,103,7,7,0,0,55,110,0,0,55,110,California
Calaveras,2020-12-22,81,191,77,180,4,11,0,0,82,192,0,0,82,192,California
Calaveras,2020-12-23,76,267,74,254,2,13,0,0,76,268,0,0,76,268,California
Calaveras,2020-12-24,2,269,2,256,0,13,0,0,2,270,0,0,2,270,California
Calaveras,2020-12-26,3,272,3,259,0,13,0,0,3,273,0,0,3,273,California
Calaveras,2020-12-27,1,273,1,260,0,13,0,0,1,274,0,0,1,274,California
Calaveras,2020-12-28,21,294,17,277,4,17,0,0,20,293,1,1,20,294,California
Calaveras,2020-12-29,159,453,138,415,21,38,0,0,159,452,0,1,159,453,California
Calaveras,2020-12-30,93,546,81,496,12,50,0,0,93,545,0,1,93,546,California
Calaveras,2020-12-31,36,582,25,521,11,61,0,0,36,581,0,1,36,582,California
Calaveras,2021-01-02,11,593,11,532,0,61,0,0,11,592,0,1,11,593,California
Calaveras,2021-01-03,10,603,4,536,6,67,0,0,10,602,0,1,10,603,California
Calaveras,2021-01-04,33,636,5,541,28,95,0,0,33,635,0,1,33,636,California
Calaveras,2021-01-05,41,677,10,551,31,126,0,0,32,663,9,10,37,673,California
Calaveras,2021-01-06,107,784,30,581,77,203,0,0,97,750,10,20,97,770,California
Calaveras,2021-01-07,107,891,27,608,80,283,0,0,93,832,12,32,94,864,California
Calaveras,2021-01-08,69,960,39,647,30,313,0,0,45,854,24,56,46,910,California
Calaveras,2021-01-09,5,965,5,652,0,313,0,0,2,853,3,59,2,912,California
Calaveras,2021-01-10,2,967,0,652,2,315,0,0,2,855,0,59,2,914,California
Calaveras,2021-01-11,65,1032,59,711,6,321,0,0,27,847,37,96,29,943,California
Calaveras,2021-01-12,85,1117,52,763,33,354,0,0,52,867,33,129,53,996,California
Calaveras,2021-01-13,108,1225,45,808,63,417,0,0,74,908,34,163,75,1071,California
Calaveras,2021-01-14,138,1363,43,851,95,512,0,0,105,982,32,195,106,1177,California
Calaveras,2021-01-15,92,1455,28,879,64,576,0,0,72,1034,20,215,72,1249,California
Calaveras,2021-01-16,13,1468,2,881,11,587,0,0,12,1045,1,216,12,1261,California
Calaveras,2021-01-17,10,1478,2,883,8,595,0,0,9,1053,1,217,9,1270,California
Calaveras,2021-01-18,131,1609,19,902,112,707,0,0,118,1161,13,230,121,1391,California
Calaveras,2021-01-19,208,1817,177,1079,31,738,0,0,70,1096,137,367,72,1463,California
Calaveras,2021-01-20,378,2195,82,1161,296,1034,0,0,289,1310,88,455,302,1765,California
Calaveras,2021-01-21,462,2657,39,1200,423,1457,0,0,424,1711,38,493,439,2204,California
Calaveras,2021-01-22,402,3059,24,1224,378,1835,0,0,391,2099,11,504,399,2603,California
Calaveras,2021-01-23,18,3077,8,1232,10,1845,0,0,17,2115,1,505,17,2620,California
Calaveras,2021-01-24,14,3091,8,1240,6,1851,0,0,12,2125,2,507,12,2632,California
Calaveras,2021-01-25,86,3177,8,1248,78,1929,0,0,81,2201,5,512,81,2713,California
Calaveras,2021-01-26,48,3225,16,1264,32,1961,0,0,39,2231,9,521,39,2752,California
Calaveras,2021-01-27,129,3354,45,1309,84,2045,0,0,100,2303,28,549,100,2852,California
Calaveras,2021-01-28,165,3519,25,1334,140,2185,0,0,139,2421,26,575,144,2996,California
Calaveras,2021-01-29,366,3885,12,1346,354,2539,0,0,334,2738,32,607,349,3345,California
Calaveras,2021-01-30,27,3912,10,1356,17,2556,0,0,25,2763,0,607,25,3370,California
Calaveras,2021-01-31,7,3919,4,1360,3,2559,0,0,6,2768,1,608,6,3376,California
Calaveras,2021-02-01,26,3945,11,1371,15,2574,0,0,17,2776,9,617,17,3393,California
Calaveras,2021-02-02,112,4057,23,1394,89,2663,0,0,73,2816,34,651,74,3467,California
Calaveras,2021-02-03,411,4468,44,1438,367,3030,0,0,325,3058,85,736,327,3794,California
Calaveras,2021-02-04,384,4852,26,1464,358,3388,0,0,299,3275,85,821,302,4096,California
Calaveras,2021-02-05,79,4931,22,1486,57,3445,0,0,41,3279,38,859,42,4138,California
Calaveras,2021-02-06,20,4951,12,1498,8,3453,0,0,20,3299,0,859,20,4158,California
Calaveras,2021-02-07,5,4956,1,1499,4,3457,0,0,2,3299,2,861,2,4160,California
Calaveras,2021-02-08,39,4995,18,1517,21,3478,0,0,31,3324,6,867,31,4191,California
Calaveras,2021-02-09,193,5188,77,1594,116,3594,0,0,130,3394,61,928,131,4322,California
Calaveras,2021-02-10,515,5703,31,1625,484,4078,0,0,442,3769,73,1001,448,4770,California
Calaveras,2021-02-11,582,6285,83,1708,499,4577,0,0,471,4139,108,1109,478,5248,California
Calaveras,2021-02-12,569,6854,325,2033,244,4821,0,0,491,4558,76,1185,495,5743,California
Calaveras,2021-02-13,200,7054,45,2078,155,4976,0,0,185,4728,15,1200,185,5928,California
Calaveras,2021-02-14,222,7276,71,2149,151,5127,0,0,207,4921,14,1214,207,6135,California
Calaveras,2021-02-15,382,7658,23,2172,359,5486,0,0,262,5066,117,1331,262,6397,California
Calaveras,2021-02-16,268,7926,144,2316,124,5610,0,0,230,5261,38,1369,233,6630,California
Calaveras,2021-02-17,511,8437,37,2353,474,6084,0,0,206,5179,292,1661,210,6840,California
Calaveras,2021-02-18,497,8934,90,2443,407,6491,0,0,95,4894,381,2042,96,6936,California
Calaveras,2021-02-19,439,9373,42,2485,397,6888,0,0,98,4662,330,2372,98,7034,California
Calaveras,2021-02-20,57,9430,15,2500,42,6930,0,0,47,4699,10,2382,47,7081,California
Calaveras,2021-02-21,25,9455,15,2515,10,6940,0,0,18,4711,6,2388,18,7099,California
Calaveras,2021-02-22,62,9517,38,2553,24,6964,0,0,33,4715,29,2417,33,7132,California
Calaveras,2021-02-23,127,9644,42,2595,85,7049,0,0,91,4771,36,2453,92,7224,California
Calaveras,2021-02-24,96,9740,47,2642,49,7098,0,0,66,4808,29,2482,66,7290,California
Calaveras,2021-02-25,551,10291,101,2743,450,7548,0,0,355,4978,190,2672,360,7650,California
Calaveras,2021-02-26,775,11066,45,2788,730,8278,0,0,411,5049,341,3013,412,8062,California
Calaveras,2021-02-27,205,11271,23,2811,182,8460,0,0,181,5206,24,3037,181,8243,California
Calaveras,2021-02-28,97,11368,15,2826,82,8542,0,0,91,5292,5,3042,91,8334,California
Calaveras,2021-03-01,235,11603,44,2870,191,8733,0,0,150,5362,81,3123,151,8485,California
Calaveras,2021-03-02,252,11855,98,2968,154,8887,0,0,206,5526,43,3166,207,8692,California
Calaveras,2021-03-03,560,12415,106,3074,454,9341,0,0,242,5457,311,3477,242,8934,California
Calaveras,2021-03-04,748,13163,71,3145,676,10017,1,1,354,5428,385,3862,356,9290,California
Calaveras,2021-03-05,455,13618,271,3416,180,10197,4,5,140,5263,309,4171,144,9434,California
Calaveras,2021-03-06,152,13770,41,3457,105,10302,6,11,113,5343,39,4210,119,9553,California
Calaveras,2021-03-07,77,13847,32,3489,38,10340,7,18,35,5343,42,4252,42,9595,California
Calaveras,2021-03-08,164,14011,28,3517,128,10468,8,26,130,5448,33,4285,138,9733,California
Calaveras,2021-03-09,361,14372,136,3653,219,10687,6,32,32,5163,323,4608,38,9771,California
Calaveras,2021-03-10,417,14789,29,3682,385,11072,3,35,58,4873,351,4959,61,9832,California
Calaveras,2021-03-11,851,15640,424,4106,414,11486,13,48,431,4908,411,5370,446,10278,California
Calaveras,2021-03-12,400,16040,212,4318,178,11664,10,58,322,5171,77,5447,340,10618,California
Calaveras,2021-03-13,178,16218,15,4333,155,11819,8,66,138,5283,39,5486,151,10769,California
Calaveras,2021-03-14,155,16373,11,4344,143,11962,1,67,17,5169,138,5624,24,10793,California
Calaveras,2021-03-15,331,16704,48,4392,258,12220,25,92,54,4976,276,5900,83,10876,California
Calaveras,2021-03-16,690,17394,553,4945,117,12337,20,112,545,5398,143,6043,565,11441,California
Calaveras,2021-03-17,278,17672,51,4996,213,12550,14,126,49,5238,224,6267,64,11505,California
Calaveras,2021-03-18,665,18337,569,5565,80,12630,16,142,548,5687,117,6384,566,12071,California
Calaveras,2021-03-19,234,18571,50,5615,110,12740,74,216,59,5647,171,6555,131,12202,California
Calaveras,2021-03-20,77,18648,22,5637,54,12794,1,217,20,5612,57,6612,22,12224,California
Calaveras,2021-03-21,46,18694,29,5666,6,12800,11,228,9,5597,36,6648,21,12245,California
Calaveras,2021-03-22,80,18774,36,5702,23,12823,21,249,25,5588,55,6703,46,12291,California
Calaveras,2021-03-23,295,19069,205,5907,80,12903,10,259,115,5544,169,6872,125,12416,California
Calaveras,2021-03-24,136,19205,52,5959,74,12977,10,269,44,5508,90,6962,54,12470,California
Calaveras,2021-03-25,744,19949,103,6062,637,13614,4,273,446,5668,290,7252,450,12920,California
Calaveras,2021-03-26,425,20374,27,6089,392,14006,6,279,87,5428,335,7587,95,13015,California
Calaveras,2021-03-27,211,20585,19,6108,188,14194,4,283,37,5300,171,7758,43,13058,California
Calaveras,2021-03-28,112,20697,12,6120,98,14292,2,285,8,5208,103,7861,11,13069,California
Calaveras,2021-03-29,178,20875,23,6143,152,14444,3,288,56,5149,119,7980,60,13129,California
Calaveras,2021-03-30,538,21413,25,6168,496,14940,17,305,359,5347,178,8158,376,13505,California
Calaveras,2021-03-31,323,21736,142,6310,171,15111,10,315,156,5347,167,8325,167,13672,California
Calaveras,2021-04-01,685,22421,444,6754,240,15351,1,316,186,5042,496,8821,191,13863,California
Calaveras,2021-04-02,392,22813,229,6983,155,15506,8,324,116,4897,270,9091,125,13988,California
Calaveras,2021-04-03,143,22956,33,7016,106,15612,4,328,40,4838,103,9194,44,14032,California
Calaveras,2021-04-04,82,23038,26,7042,56,15668,0,328,50,4856,32,9226,50,14082,California
Calaveras,2021-04-05,212,23250,81,7123,121,15789,10,338,100,4854,112,9338,110,14192,California
Calaveras,2021-04-06,655,23905,577,7700,64,15853,14,352,114,4445,537,9875,128,14320,California
Calaveras,2021-04-07,758,24663,661,8361,61,15914,36,388,620,4964,138,10013,657,14977,California
Calaveras,2021-04-08,948,25611,857,9218,69,15983,22,410,438,4918,507,10520,461,15438,California
Calaveras,2021-04-09,155,25766,59,9277,48,16031,48,458,57,4927,97,10617,106,15544,California
Calaveras,2021-04-10,193,25959,43,9320,131,16162,19,477,149,5053,43,10660,169,15713,California
Calaveras,2021-04-11,68,26027,44,9364,22,16184,2,479,49,5085,19,10679,51,15764,California
Calaveras,2021-04-12,104,26131,46,9410,40,16224,18,497,55,5110,49,10728,74,15838,California
Calaveras,2021-04-13,422,26553,367,9777,55,16279,0,497,364,5419,57,10785,366,16204,California
Calaveras,2021-04-14,181,26734,29,9806,152,16431,0,497,135,5509,46,10831,136,16340,California
Calaveras,2021-04-15,334,27068,284,10090,50,16481,0,497,247,5673,83,10914,247,16587,California
Calaveras,2021-04-16,99,27167,24,10114,75,16556,0,497,46,5671,48,10962,46,16633,California
Calaveras,2021-04-17,331,27498,127,10241,204,16760,0,497,290,5920,41,11003,290,16923,California
Calaveras,2021-04-18,17,27515,6,10247,11,16771,0,497,11,5925,6,11009,11,16934,California
Calaveras,2021-04-19,74,27589,26,10273,48,16819,0,497,45,5943,28,11037,46,16980,California
Calaveras,2021-04-20,261,27850,93,10366,168,16987,0,497,194,6072,65,11102,194,17174,California
Calaveras,2021-04-21,213,28063,143,10509,70,17057,0,497,81,6024,130,11232,82,17256,California
Calaveras,2021-04-22,544,28607,96,10605,448,17505,0,497,142,5769,399,11631,144,17400,California
Calaveras,2021-04-23,157,28764,79,10684,78,17583,0,497,64,5743,90,11721,64,17464,California
Calaveras,2021-04-24,172,28936,36,10720,136,17719,0,497,129,5831,42,11763,130,17594,California
Calaveras,2021-04-25,43,28979,28,10748,15,17734,0,497,22,5834,21,11784,24,17618,California
Calaveras,2021-04-26,116,29095,73,10821,43,17777,0,497,34,5787,82,11866,35,17653,California
Calaveras,2021-04-27,442,29537,74,10895,355,18132,13,510,57,5475,382,12248,70,17723,California
Calaveras,2021-04-28,647,30184,579,11474,37,18169,31,541,53,4974,592,12840,91,17814,California
Calaveras,2021-04-29,513,30697,441,11915,53,18222,19,560,72,4631,439,13279,96,17910,California
Calaveras,2021-04-30,150,30847,61,11976,84,18306,5,565,67,4627,82,13361,78,17988,California
Calaveras,2021-05-01,201,31048,110,12086,88,18394,3,568,133,4700,67,13428,140,18128,California
Calaveras,2021-05-02,51,31099,34,12120,16,18410,1,569,18,4689,31,13459,20,18148,California
Calaveras,2021-05-03,92,31191,68,12188,19,18429,5,574,29,4664,63,13522,38,18186,California
Calaveras,2021-05-04,415,31606,329,12517,49,18478,37,611,42,4372,372,13894,80,18266,California
Calaveras,2021-05-05,113,31719,58,12575,23,18501,32,643,50,4391,62,13956,81,18347,California
Calaveras,2021-05-06,254,31973,194,12769,36,18537,24,667,47,4257,206,14162,72,18419,California
Calaveras,2021-05-07,86,32059,22,12791,58,18595,6,673,56,4289,30,14192,62,18481,California
Calaveras,2021-05-08,290,32349,142,12933,146,18741,2,675,90,4184,197,14389,92,18573,California
Calaveras,2021-05-09,29,32378,12,12945,14,18755,3,678,13,4184,16,14405,16,18589,California
Calaveras,2021-05-10,56,32434,25,12970,30,18785,1,679,25,4182,29,14434,27,18616,California
Calaveras,2021-05-11,134,32568,88,13058,33,18818,13,692,93,4249,40,14474,107,18723,California
Calaveras,2021-05-12,167,32735,46,13104,121,18939,0,692,51,4185,115,14589,51,18774,California
Calaveras,2021-05-13,119,32854,65,13169,39,18978,15,707,63,4210,54,14643,79,18853,California
Calaveras,2021-05-14,149,33003,92,13261,54,19032,3,710,100,4265,48,14691,103,18956,California
Calaveras,2021-05-15,267,33270,95,13356,169,19201,3,713,106,4219,155,14846,109,19065,California
Calaveras,2021-05-16,29,33299,12,13368,17,19218,0,713,14,4219,15,14861,15,19080,California
Calaveras,2021-05-17,88,33387,41,13409,40,19258,7,720,46,4232,41,14902,54,19134,California
Calaveras,2021-05-18,224,33611,61,13470,141,19399,22,742,71,4173,152,15054,93,19227,California
Calaveras,2021-05-19,145,33756,59,13529,82,19481,4,746,70,4174,74,15128,75,19302,California
Calaveras,2021-05-20,201,33957,78,13607,98,19579,25,771,65,4130,133,15261,89,19391,California
Calaveras,2021-05-21,97,34054,55,13662,38,19617,4,775,58,4154,37,15298,61,19452,California
Calaveras,2021-05-22,300,34354,159,13821,141,19758,0,775,147,4149,152,15450,147,19599,California
Calaveras,2021-05-23,30,34384,14,13835,16,19774,0,775,13,4145,17,15467,13,19612,California
Calaveras,2021-05-24,73,34457,37,13872,20,19794,16,791,31,4151,42,15509,48,19660,California
Calaveras,2021-05-25,121,34578,46,13918,59,19853,16,807,57,4160,64,15573,73,19733,California
Calaveras,2021-05-26,121,34699,87,14005,30,19883,4,811,83,4209,37,15610,86,19819,California
Calaveras,2021-05-27,83,34782,43,14048,36,19919,4,815,27,4188,53,15663,32,19851,California
Calaveras,2021-05-28,82,34864,42,14090,36,19955,4,819,41,4192,41,15704,45,19896,California
Calaveras,2021-05-29,68,34932,23,14113,40,19995,5,824,33,4195,35,15739,38,19934,California
Calaveras,2021-05-30,36,34968,14,14127,17,20012,5,829,11,4186,25,15764,16,19950,California
Calaveras,2021-05-31,5,34973,0,14127,3,20015,2,831,0,4183,5,15769,2,19952,California
Calaveras,2021-06-01,144,35117,97,14224,41,20056,6,837,44,4133,100,15869,50,20002,California
Calaveras,2021-06-02,85,35202,54,14278,27,20083,4,841,36,4124,49,15918,40,20042,California
Calaveras,2021-06-03,93,35295,55,14333,31,20114,7,848,42,4126,49,15967,51,20093,California
Calaveras,2021-06-04,140,35435,94,14427,34,20148,12,860,37,4072,103,16070,49,20142,California
Calaveras,2021-06-05,84,35519,26,14453,56,20204,2,862,33,4057,50,16120,35,20177,California
Calaveras,2021-06-06,39,35558,27,14480,9,20213,3,865,20,4061,19,16139,23,20200,California
Calaveras,2021-06-07,60,35618,43,14523,9,20222,8,873,24,4058,35,16174,32,20232,California
Calaveras,2021-06-08,115,35733,69,14592,39,20261,7,880,49,4048,66,16240,56,20288,California
Calaveras,2021-06-09,41,35774,10,14602,25,20286,6,886,13,4039,28,16268,19,20307,California
Calaveras,2021-06-10,51,35825,7,14609,35,20321,9,895,16,4029,35,16303,25,20332,California
Calaveras,2021-06-11,48,35873,15,14624,31,20352,2,897,5,3993,43,16346,7,20339,California
Calaveras,2021-06-12,15,35888,7,14631,6,20358,2,899,3,3987,12,16358,6,20345,California
Colusa,2020-12-18,1,1,1,1,0,0,0,0,1,1,0,0,1,1,California
Colusa,2020-12-21,2,3,2,3,0,0,0,0,2,3,0,0,2,3,California
Colusa,2020-12-22,10,13,10,13,0,0,0,0,10,13,0,0,10,13,California
Colusa,2020-12-23,10,23,10,23,0,0,0,0,10,23,0,0,10,23,California
Colusa,2020-12-24,2,25,1,24,1,1,0,0,2,25,0,0,2,25,California
Colusa,2020-12-27,1,26,1,25,0,1,0,0,1,26,0,0,1,26,California
Colusa,2020-12-28,7,33,3,28,4,5,0,0,7,33,0,0,7,33,California
Colusa,2020-12-29,11,44,8,36,3,8,0,0,11,44,0,0,11,44,California
Colusa,2020-12-30,51,95,14,50,37,45,0,0,51,95,0,0,51,95,California
Colusa,2020-12-31,18,113,1,51,17,62,0,0,18,113,0,0,18,113,California
Colusa,2021-01-04,4,117,0,51,4,66,0,0,4,117,0,0,4,117,California
Colusa,2021-01-05,67,184,1,52,66,132,0,0,67,184,0,0,67,184,California
Colusa,2021-01-06,15,199,9,61,6,138,0,0,15,199,0,0,15,199,California
Colusa,2021-01-07,39,238,5,66,34,172,0,0,38,236,1,1,38,237,California
Colusa,2021-01-08,9,247,7,73,2,174,0,0,8,243,1,2,8,245,California
Colusa,2021-01-09,2,249,1,74,1,175,0,0,2,245,0,2,2,247,California
Colusa,2021-01-10,1,250,0,74,1,176,0,0,1,246,0,2,1,248,California
Colusa,2021-01-11,12,262,6,80,6,182,0,0,7,248,5,7,7,255,California
Colusa,2021-01-12,11,273,9,89,2,184,0,0,6,249,5,12,6,261,California
Colusa,2021-01-13,21,294,13,102,8,192,0,0,13,254,8,20,13,274,California
Colusa,2021-01-14,35,329,28,130,7,199,0,0,33,285,2,22,33,307,California
Colusa,2021-01-15,44,373,5,135,39,238,0,0,42,325,2,24,42,349,California
Colusa,2021-01-16,12,385,1,136,11,249,0,0,11,335,1,25,11,360,California
Colusa,2021-01-17,3,388,2,138,1,250,0,0,2,336,1,26,2,362,California
Colusa,2021-01-18,4,392,0,138,4,254,0,0,4,340,0,26,4,366,California
Colusa,2021-01-19,9,401,8,146,1,255,0,0,5,341,4,30,5,371,California
Colusa,2021-01-20,113,514,101,247,12,267,0,0,99,426,14,44,99,470,California
Colusa,2021-01-21,59,573,44,291,15,282,0,0,58,483,1,45,58,528,California
Colusa,2021-01-22,36,609,17,308,19,301,0,0,31,509,5,50,31,559,California
Colusa,2021-01-23,35,644,6,314,29,330,0,0,35,544,0,50,35,594,California
Colusa,2021-01-25,7,651,0,314,7,337,0,0,7,551,0,50,7,601,California
Colusa,2021-01-26,8,659,5,319,3,340,0,0,5,553,3,53,5,606,California
Colusa,2021-01-27,109,768,31,350,78,418,0,0,107,658,2,55,107,713,California
Colusa,2021-01-28,82,850,47,397,35,453,0,0,74,724,8,63,74,787,California
Colusa,2021-01-29,40,890,7,404,33,486,0,0,39,762,1,64,39,826,California
Colusa,2021-01-30,27,917,4,408,23,509,0,0,27,789,0,64,27,853,California
Colusa,2021-01-31,7,924,7,415,0,509,0,0,7,796,0,64,7,860,California
Colusa,2021-02-01,27,951,10,425,17,526,0,0,22,813,5,69,22,882,California
Colusa,2021-02-02,44,995,9,434,35,561,0,0,37,843,7,76,37,919,California
Colusa,2021-02-03,70,1065,11,445,59,620,0,0,59,891,11,87,59,978,California
Colusa,2021-02-04,144,1209,82,527,62,682,0,0,116,979,28,115,116,1094,California
Colusa,2021-02-05,28,1237,8,535,20,702,0,0,25,1001,3,118,25,1119,California
Colusa,2021-02-06,282,1519,9,544,273,975,0,0,271,1261,11,129,271,1390,California
Colusa,2021-02-07,2,1521,1,545,1,976,0,0,0,1259,2,131,0,1390,California
Colusa,2021-02-08,40,1561,5,550,35,1011,0,0,37,1293,3,134,37,1427,California
Colusa,2021-02-09,229,1790,14,564,215,1226,0,0,176,1416,53,187,176,1603,California
Colusa,2021-02-10,115,1905,41,605,74,1300,0,0,72,1445,43,230,72,1675,California
Colusa,2021-02-11,100,2005,37,642,63,1363,0,0,73,1491,27,257,73,1748,California
Colusa,2021-02-12,120,2125,9,651,111,1474,0,0,79,1528,42,299,79,1827,California
Colusa,2021-02-13,60,2185,8,659,52,1526,0,0,52,1572,8,307,52,1879,California
Colusa,2021-02-14,21,2206,8,667,13,1539,0,0,15,1581,6,313,15,1894,California
Colusa,2021-02-15,45,2251,10,677,35,1574,0,0,38,1612,7,320,38,1932,California
Colusa,2021-02-16,67,2318,4,681,63,1637,0,0,66,1677,1,321,66,1998,California
Colusa,2021-02-17,203,2521,143,824,60,1697,0,0,58,1590,145,466,58,2056,California
Colusa,2021-02-18,137,2658,36,860,101,1798,0,0,114,1681,23,489,114,2170,California
Colusa,2021-02-19,152,2810,19,879,133,1931,0,0,130,1789,22,511,130,2300,California
Colusa,2021-02-20,27,2837,5,884,22,1953,0,0,11,1784,16,527,11,2311,California
Colusa,2021-02-21,1,2838,1,885,0,1953,0,0,0,1783,1,528,0,2311,California
Colusa,2021-02-22,43,2881,26,911,17,1970,0,0,29,1798,14,542,29,2340,California
Colusa,2021-02-23,22,2903,7,918,15,1985,0,0,17,1810,5,547,17,2357,California
Colusa,2021-02-24,303,3206,55,973,248,2233,0,0,158,1823,145,692,158,2515,California
Colusa,2021-02-25,103,3309,55,1028,48,2281,0,0,67,1854,36,728,67,2582,California
Colusa,2021-02-26,97,3406,15,1043,82,2363,0,0,60,1877,37,765,60,2642,California
Colusa,2021-02-27,55,3461,4,1047,51,2414,0,0,40,1902,15,780,40,2682,California
Colusa,2021-02-28,27,3488,15,1062,12,2426,0,0,18,1911,9,789,18,2700,California
Colusa,2021-03-01,46,3534,15,1077,31,2457,0,0,29,1923,17,806,29,2729,California
Colusa,2021-03-02,48,3582,12,1089,36,2493,0,0,25,1925,23,829,25,2754,California
Colusa,2021-03-03,244,3826,43,1132,201,2694,0,0,187,2055,57,886,187,2941,California
Colusa,2021-03-04,138,3964,58,1190,80,2774,0,0,80,2077,58,944,80,3021,California
Colusa,2021-03-05,94,4058,25,1215,60,2834,9,9,53,2098,41,985,62,3083,California
Colusa,2021-03-06,272,4330,9,1224,263,3097,0,9,38,1902,234,1219,38,3121,California
Colusa,2021-03-07,8,4338,5,1229,3,3100,0,9,6,1906,2,1221,6,3127,California
Colusa,2021-03-08,89,4427,21,1250,33,3133,35,44,45,1942,44,1265,80,3207,California
Colusa,2021-03-09,275,4702,74,1324,178,3311,23,67,85,1860,190,1455,108,3315,California
Colusa,2021-03-10,290,4992,38,1362,216,3527,36,103,204,2014,86,1541,240,3555,California
Colusa,2021-03-11,418,5410,60,1422,337,3864,21,124,335,2285,83,1624,354,3909,California
Colusa,2021-03-12,110,5520,18,1440,79,3943,13,137,20,2228,90,1714,33,3942,California
Colusa,2021-03-13,59,5579,14,1454,36,3979,9,146,17,2212,42,1756,26,3968,California
Colusa,2021-03-14,20,5599,0,1454,18,3997,2,148,6,2207,13,1769,8,3976,California
Colusa,2021-03-15,71,5670,27,1481,36,4033,8,156,15,2174,56,1825,23,3999,California
Colusa,2021-03-16,296,5966,16,1497,234,4267,46,202,189,2302,107,1932,235,4234,California
Colusa,2021-03-17,193,6159,50,1547,143,4410,0,202,108,2325,85,2017,108,4342,California
Colusa,2021-03-18,324,6483,37,1584,216,4626,71,273,201,2474,123,2140,272,4614,California
Colusa,2021-03-19,80,6563,21,1605,57,4683,2,275,53,2502,27,2167,55,4669,California
Colusa,2021-03-20,49,6612,7,1612,41,4724,1,276,36,2526,13,2180,37,4706,California
Colusa,2021-03-21,6,6618,4,1616,2,4726,0,276,3,2526,3,2183,3,4709,California
Colusa,2021-03-22,62,6680,10,1626,43,4769,9,285,40,2553,22,2205,49,4758,California
Colusa,2021-03-23,81,6761,16,1642,63,4832,2,287,55,2584,26,2231,57,4815,California
Colusa,2021-03-24,340,7101,56,1698,278,5110,6,293,67,2383,273,2504,72,4887,California
Colusa,2021-03-25,108,7209,60,1758,43,5153,5,298,50,2380,58,2562,55,4942,California
Colusa,2021-03-26,298,7507,48,1806,246,5399,4,302,246,2578,52,2614,250,5192,California
Colusa,2021-03-27,64,7571,5,1811,59,5458,0,302,26,2566,38,2652,26,5218,California
Colusa,2021-03-28,16,7587,7,1818,9,5467,0,302,8,2566,8,2660,8,5226,California
Colusa,2021-03-29,73,7660,21,1839,46,5513,6,308,33,2565,40,2700,39,5265,California
Colusa,2021-03-30,150,7810,82,1921,66,5579,2,310,71,2559,79,2779,73,5338,California
Colusa,2021-03-31,235,8045,41,1962,194,5773,0,310,73,2471,161,2940,73,5411,California
Colusa,2021-04-01,435,8480,71,2033,309,6082,55,365,313,2717,121,3061,367,5778,California
Colusa,2021-04-02,82,8562,15,2048,53,6135,14,379,38,2725,44,3105,52,5830,California
Colusa,2021-04-03,60,8622,9,2057,28,6163,23,402,14,2715,46,3151,36,5866,California
Colusa,2021-04-04,18,8640,0,2057,8,6171,10,412,3,2713,15,3166,13,5879,California
Colusa,2021-04-05,97,8737,26,2083,55,6226,16,428,39,2710,58,3224,55,5934,California
Colusa,2021-04-06,130,8867,34,2117,45,6271,51,479,43,2717,87,3311,94,6028,California
Colusa,2021-04-07,358,9225,41,2158,294,6565,23,502,131,2645,227,3538,155,6183,California
Colusa,2021-04-08,424,9649,34,2192,364,6929,26,528,120,2490,301,3839,146,6329,California
Colusa,2021-04-09,76,9725,21,2213,31,6960,24,552,27,2492,49,3888,51,6380,California
Colusa,2021-04-10,45,9770,9,2222,15,6975,21,573,12,2492,33,3921,33,6413,California
Colusa,2021-04-11,17,9787,3,2225,12,6987,2,575,8,2493,9,3930,10,6423,California
Colusa,2021-04-12,32,9819,3,2228,29,7016,0,575,25,2511,7,3937,25,6448,California
Colusa,2021-04-13,278,10097,22,2250,256,7272,0,575,93,2420,184,4121,93,6541,California
Colusa,2021-04-14,94,10191,19,2269,75,7347,0,575,32,2390,62,4183,32,6573,California
Colusa,2021-04-15,325,10516,46,2315,279,7626,0,575,133,2331,192,4375,133,6706,California
Colusa,2021-04-16,79,10595,11,2326,68,7694,0,575,35,2323,43,4418,35,6741,California
Colusa,2021-04-17,51,10646,7,2333,44,7738,0,575,29,2330,22,4440,29,6770,California
Colusa,2021-04-18,9,10655,2,2335,7,7745,0,575,7,2335,2,4442,7,6777,California
Colusa,2021-04-19,61,10716,22,2357,39,7784,0,575,16,2306,45,4487,16,6793,California
Colusa,2021-04-20,178,10894,31,2388,147,7931,0,575,129,2386,49,4536,129,6922,California
Colusa,2021-04-21,170,11064,59,2447,111,8042,0,575,110,2436,60,4596,110,7032,California
Colusa,2021-04-22,419,11483,27,2474,391,8433,1,576,218,2454,200,4796,218,7250,California
Colusa,2021-04-23,93,11576,20,2494,73,8506,0,576,36,2433,57,4853,36,7286,California
Colusa,2021-04-24,240,11816,19,2513,220,8726,1,577,208,2609,32,4885,208,7494,California
Colusa,2021-04-25,12,11828,6,2519,6,8732,0,577,8,2613,4,4889,8,7502,California
Colusa,2021-04-26,25,11853,5,2524,19,8751,1,578,6,2601,18,4907,6,7508,California
Colusa,2021-04-27,94,11947,23,2547,67,8818,4,582,44,2599,50,4957,48,7556,California
Colusa,2021-04-28,189,12136,27,2574,159,8977,3,585,139,2692,49,5006,142,7698,California
Colusa,2021-04-29,320,12456,27,2601,289,9266,4,589,47,2472,271,5277,51,7749,California
Colusa,2021-04-30,63,12519,18,2619,45,9311,0,589,41,2491,22,5299,41,7790,California
Colusa,2021-05-01,19,12538,8,2627,8,9319,3,592,9,2493,10,5309,12,7802,California
Colusa,2021-05-02,4,12542,1,2628,2,9321,1,593,2,2494,2,5311,3,7805,California
Colusa,2021-05-03,31,12573,7,2635,24,9345,0,593,15,2493,16,5327,15,7820,California
Colusa,2021-05-04,94,12667,52,2687,41,9386,1,594,67,2534,27,5354,68,7888,California
Colusa,2021-05-05,79,12746,16,2703,62,9448,1,595,34,2524,45,5399,35,7923,California
Colusa,2021-05-06,253,12999,16,2719,235,9683,2,597,110,2493,143,5542,112,8035,California
Colusa,2021-05-07,66,13065,5,2724,57,9740,4,601,31,2493,35,5577,35,8070,California
Colusa,2021-05-08,18,13083,5,2729,13,9753,0,601,9,2493,9,5586,9,8079,California
Colusa,2021-05-09,13,13096,5,2734,5,9758,3,604,6,2495,7,5593,9,8088,California
Colusa,2021-05-10,15,13111,6,2740,9,9767,0,604,6,2492,9,5602,6,8094,California
Colusa,2021-05-11,92,13203,33,2773,59,9826,0,604,50,2500,42,5644,50,8144,California
Colusa,2021-05-12,72,13275,31,2804,37,9863,4,608,20,2472,52,5696,24,8168,California
Colusa,2021-05-13,242,13517,24,2828,217,10080,1,609,78,2387,164,5860,79,8247,California
Colusa,2021-05-14,86,13603,18,2846,53,10133,15,624,33,2383,52,5912,48,8295,California
Colusa,2021-05-15,37,13640,9,2855,26,10159,2,626,19,2386,18,5930,21,8316,California
Colusa,2021-05-16,22,13662,5,2860,10,10169,7,633,9,2389,13,5943,16,8332,California
Colusa,2021-05-17,24,13686,4,2864,18,10187,2,635,12,2391,12,5955,14,8346,California
Colusa,2021-05-18,100,13786,26,2890,72,10259,2,637,45,2383,55,6010,47,8393,California
Colusa,2021-05-19,218,14004,44,2934,154,10413,20,657,68,2321,150,6160,88,8481,California
Colusa,2021-05-20,283,14287,36,2970,243,10656,4,661,71,2184,212,6372,75,8556,California
Colusa,2021-05-21,70,14357,23,2993,45,10701,2,663,36,2188,34,6406,38,8594,California
Colusa,2021-05-22,218,14575,21,3014,196,10897,1,664,30,2031,188,6594,31,8625,California
Colusa,2021-05-23,18,14593,7,3021,7,10904,4,668,5,2027,13,6607,9,8634,California
Colusa,2021-05-24,26,14619,3,3024,18,10922,5,673,15,2036,11,6618,20,8654,California
Colusa,2021-05-25,132,14751,73,3097,57,10979,2,675,50,2006,82,6700,52,8706,California
Colusa,2021-05-26,72,14823,25,3122,47,11026,0,675,33,2000,39,6739,33,8739,California
Colusa,2021-05-27,170,14993,17,3139,153,11179,0,675,54,1938,116,6855,54,8793,California
Colusa,2021-05-28,80,15073,26,3165,53,11232,1,676,40,1939,40,6895,41,8834,California
Colusa,2021-05-29,37,15110,18,3183,18,11250,1,677,29,1961,8,6903,30,8864,California
Colusa,2021-05-30,8,15118,1,3184,2,11252,5,682,1,1960,7,6910,6,8870,California
Colusa,2021-05-31,4,15122,0,3184,4,11256,0,682,1,1958,3,6913,1,8871,California
Colusa,2021-06-01,50,15172,16,3200,33,11289,1,683,26,1961,24,6937,27,8898,California
Colusa,2021-06-02,146,15318,20,3220,124,11413,2,685,52,1922,93,7030,54,8952,California
Colusa,2021-06-03,62,15380,20,3240,41,11454,1,686,26,1916,33,7063,27,8979,California
Colusa,2021-06-04,59,15439,19,3259,37,11491,3,689,21,1902,38,7101,24,9003,California
Colusa,2021-06-05,35,15474,16,3275,18,11509,1,690,18,1904,17,7118,19,9022,California
Colusa,2021-06-06,9,15483,4,3279,4,11513,1,691,6,1908,3,7121,7,9029,California
Colusa,2021-06-07,22,15505,6,3285,16,11529,0,691,12,1910,10,7131,12,9041,California
Colusa,2021-06-08,68,15573,17,3302,51,11580,0,691,26,1894,42,7173,26,9067,California
Colusa,2021-06-09,68,15641,37,3339,31,11611,0,691,26,1878,42,7215,26,9093,California
Colusa,2021-06-10,55,15696,22,3361,31,11642,2,693,13,1851,42,7257,15,9108,California
Colusa,2021-06-11,55,15751,32,3393,22,11664,1,694,28,1853,27,7284,29,9137,California
Colusa,2021-06-12,14,15765,9,3402,5,11669,0,694,1,1841,13,7297,1,9138,California
Contra Costa,2020-12-15,18,18,18,18,0,0,0,0,18,18,0,0,18,18,California
Contra Costa,2020-12-16,523,541,523,541,0,0,0,0,523,541,0,0,523,541,California
Contra Costa,2020-12-17,1048,1589,1048,1589,0,0,0,0,1048,1589,0,0,1048,1589,California
Contra Costa,2020-12-18,1772,3361,1771,3360,1,1,0,0,1772,3361,0,0,1772,3361,California
Contra Costa,2020-12-19,1128,4489,1127,4487,1,2,0,0,1128,4489,0,0,1128,4489,California
Contra Costa,2020-12-20,607,5096,606,5093,1,3,0,0,607,5096,0,0,607,5096,California
Contra Costa,2020-12-21,1681,6777,1679,6772,2,5,0,0,1681,6777,0,0,1681,6777,California
Contra Costa,2020-12-22,1686,8463,1580,8352,106,111,0,0,1686,8463,0,0,1686,8463,California
Contra Costa,2020-12-23,1639,10102,1389,9741,250,361,0,0,1639,10102,0,0,1639,10102,California
Contra Costa,2020-12-24,664,10766,339,10080,325,686,0,0,664,10766,0,0,664,10766,California
Contra Costa,2020-12-25,44,10810,20,10100,24,710,0,0,44,10810,0,0,44,10810,California
Contra Costa,2020-12-26,661,11471,137,10237,524,1234,0,0,661,11471,0,0,661,11471,California
Contra Costa,2020-12-27,244,11715,86,10323,158,1392,0,0,244,11715,0,0,244,11715,California
Contra Costa,2020-12-28,1864,13579,874,11197,990,2382,0,0,1864,13579,0,0,1864,13579,California
Contra Costa,2020-12-29,1861,15440,829,12026,1032,3414,0,0,1861,15440,0,0,1861,15440,California
Contra Costa,2020-12-30,2442,17882,1223,13249,1219,4633,0,0,2440,17879,2,2,2441,17881,California
Contra Costa,2020-12-31,931,18813,309,13558,622,5255,0,0,930,18809,0,2,930,18811,California
Contra Costa,2021-01-01,66,18879,24,13582,42,5297,0,0,66,18875,0,2,66,18877,California
Contra Costa,2021-01-02,344,19223,177,13759,167,5464,0,0,344,19219,0,2,344,19221,California
Contra Costa,2021-01-03,186,19409,125,13884,61,5525,0,0,185,19404,0,2,185,19406,California
Contra Costa,2021-01-04,1918,21327,1252,15136,666,6191,0,0,1898,21284,18,20,1898,21304,California
Contra Costa,2021-01-05,2129,23456,1269,16405,860,7051,0,0,1843,22843,285,305,1844,23148,California
Contra Costa,2021-01-06,3327,26783,2281,18686,1046,8097,0,0,2505,24536,816,1121,2509,25657,California
Contra Costa,2021-01-07,3134,29917,2095,20781,1039,9136,0,0,1801,25007,1330,2451,1801,27458,California
Contra Costa,2021-01-08,3430,33347,2428,23209,1002,10138,0,0,1764,25113,1661,4112,1767,29225,California
Contra Costa,2021-01-09,1612,34959,1156,24365,456,10594,0,0,740,24984,871,4983,742,29967,California
Contra Costa,2021-01-10,369,35328,292,24657,77,10671,0,0,155,24925,214,5197,155,30122,California
Contra Costa,2021-01-11,3869,39197,3169,27826,700,11371,0,0,2231,25521,1638,6835,2234,32356,California
Contra Costa,2021-01-12,3962,43159,2974,30800,988,12359,0,0,2600,26764,1361,8196,2604,34960,California
Contra Costa,2021-01-13,4799,47958,2973,33773,1826,14185,0,0,3828,29627,967,9163,3830,38790,California
Contra Costa,2021-01-14,4368,52326,1586,35359,2782,16967,0,0,3976,33216,392,9555,3981,42771,California
Contra Costa,2021-01-15,5409,57735,2488,37847,2921,19888,0,0,5078,37968,330,9885,5082,47853,California
Contra Costa,2021-01-16,1762,59497,572,38419,1190,21078,0,0,1684,39574,78,9963,1684,49537,California
Contra Costa,2021-01-17,1677,61174,986,39405,691,21769,0,0,1555,41010,122,10085,1558,51095,California
Contra Costa,2021-01-18,3272,64446,1300,40705,1972,23741,0,0,2638,43020,629,10714,2639,53734,California
Contra Costa,2021-01-19,7122,71568,3190,43895,3932,27673,0,0,6109,48125,1009,11723,6114,59848,California
Contra Costa,2021-01-20,6781,78349,4174,48069,2607,30280,0,0,5533,52420,1244,12967,5539,65387,California
Contra Costa,2021-01-21,7083,85432,3141,51210,3942,34222,0,0,6343,58037,734,13701,6351,71738,California
Contra Costa,2021-01-22,6487,91919,2748,53958,3739,37961,0,0,5612,62786,866,14567,5615,77353,California
Contra Costa,2021-01-23,2077,93996,367,54325,1710,39671,0,0,1808,64329,267,14834,1810,79163,California
Contra Costa,2021-01-24,1612,95608,221,54546,1391,41062,0,0,1462,65645,150,14984,1466,80629,California
Contra Costa,2021-01-25,6757,102365,3061,57607,3696,44758,0,0,5157,69208,1598,16582,5161,85790,California
Contra Costa,2021-01-26,8235,110600,4749,62356,3486,48244,0,0,6351,73688,1876,18458,6356,92146,California
Contra Costa,2021-01-27,8320,118920,5468,67824,2852,51096,0,0,6435,78254,1873,20331,6439,98585,California
Contra Costa,2021-01-28,7577,126497,4120,71944,3457,54553,0,0,5937,82563,1634,21965,5943,104528,California
Contra Costa,2021-01-29,7551,134048,3930,75874,3621,58174,0,0,6213,87445,1333,23298,6215,110743,California
Contra Costa,2021-01-30,2183,136231,670,76544,1513,59687,0,0,1773,88815,403,23701,1773,112516,California
Contra Costa,2021-01-31,675,136906,445,76989,230,59917,0,0,582,89307,90,23791,582,113098,California
Contra Costa,2021-02-01,5921,142827,4116,81105,1805,61722,0,0,4005,91407,1908,25699,4008,117106,California
Contra Costa,2021-02-02,7655,150482,5127,86232,2528,64250,0,0,5940,95634,1714,27413,5941,123047,California
Contra Costa,2021-02-03,8392,158874,5540,91772,2852,67102,0,0,5696,98645,2686,30099,5697,128744,California
Contra Costa,2021-02-04,7610,166484,3618,95390,3992,71094,0,0,5835,102710,1773,31872,5838,134582,California
Contra Costa,2021-02-05,8529,175013,4857,100247,3672,74766,0,0,5816,105820,2706,34578,5816,140398,California
Contra Costa,2021-02-06,3539,178552,2184,102431,1355,76121,0,0,2877,108037,661,35239,2878,143276,California
Contra Costa,2021-02-07,997,179549,724,103155,273,76394,0,0,609,108260,386,35625,609,143885,California
Contra Costa,2021-02-08,5958,185507,3542,106697,2416,78810,0,0,4430,111170,1521,37146,4431,148316,California
Contra Costa,2021-02-09,8791,194298,4859,111556,3932,82742,0,0,5860,114108,2923,40069,5861,154177,California
Contra Costa,2021-02-10,8757,203055,4717,116273,4040,86782,0,0,5421,116212,3321,43390,5425,159602,California
Contra Costa,2021-02-11,9446,212501,4259,120532,5187,91969,0,0,5328,117433,4112,47502,5333,164935,California
Contra Costa,2021-02-12,10190,222691,4663,125195,5527,97496,0,0,5500,118254,4682,52184,5503,170438,California
Contra Costa,2021-02-13,4947,227638,1391,126586,3556,101052,0,0,3439,120189,1505,53689,3440,173878,California
Contra Costa,2021-02-14,2117,229755,871,127457,1246,102298,0,0,1231,120536,884,54573,1231,175109,California
Contra Costa,2021-02-15,4524,234279,2490,129947,2034,104332,0,0,2360,120741,2156,56729,2361,177470,California
Contra Costa,2021-02-16,10520,244799,4954,134901,5566,109898,0,0,4688,119609,5824,62553,4692,182162,California
Contra Costa,2021-02-17,12439,257238,6235,141136,6204,116102,0,0,5711,118608,6713,69266,5712,187874,California
Contra Costa,2021-02-18,11596,268834,6027,147163,5569,121671,0,0,5361,117747,6224,75490,5363,193237,California
Contra Costa,2021-02-19,11594,280428,7232,154395,4362,126033,0,0,5256,116682,6323,81813,5258,198495,California
Contra Costa,2021-02-20,6609,287037,2997,157392,3612,129645,0,0,4661,119413,1932,83745,4663,203158,California
Contra Costa,2021-02-21,2359,289396,1767,159159,592,130237,0,0,1586,120227,772,84517,1586,204744,California
Contra Costa,2021-02-22,7830,297226,5290,164449,2540,132777,0,0,3605,119626,4210,88727,3609,208353,California
Contra Costa,2021-02-23,12345,309571,7605,172054,4740,137517,0,0,6216,119734,6115,94842,6223,214576,California
Contra Costa,2021-02-24,10874,320445,7997,180051,2877,140394,0,0,5279,119438,5577,100419,5281,219857,California
Contra Costa,2021-02-25,12025,332470,7629,187680,4396,144790,0,0,5580,118599,6424,106843,5585,225442,California
Contra Costa,2021-02-26,11231,343701,7102,194782,4129,148919,0,0,5566,118516,5650,112493,5567,231009,California
Contra Costa,2021-02-27,7012,350713,4530,199312,2482,151401,0,0,4394,120302,2610,115103,4396,235405,California
Contra Costa,2021-02-28,4404,355117,3656,202968,747,152148,1,1,3713,123329,688,115791,3715,239120,California
Contra Costa,2021-03-01,8749,363866,6632,209600,2111,154259,6,7,5398,125400,3335,119126,5406,244526,California
Contra Costa,2021-03-02,10782,374648,6914,216514,3867,158126,1,8,5777,126190,4989,124115,5779,250305,California
Contra Costa,2021-03-03,11478,386126,7214,223728,4263,162389,1,9,6471,127670,4993,129108,6473,256778,California
Contra Costa,2021-03-04,12160,398286,7266,230994,4893,167282,1,10,6318,128167,5823,134931,6320,263098,California
Contra Costa,2021-03-05,11673,409959,6999,237993,4667,171949,7,17,6713,129945,4942,139873,6720,269818,California
Contra Costa,2021-03-06,7603,417562,4254,242247,3037,174986,312,329,4961,132588,2628,142501,5271,275089,California
Contra Costa,2021-03-07,3904,421466,2491,244738,1351,176337,62,391,3215,135178,687,143188,3277,278366,California
Contra Costa,2021-03-08,8367,429833,3967,248705,4090,180427,310,701,5628,138393,2727,145915,5942,284308,California
Contra Costa,2021-03-09,11283,441116,5987,254692,4999,185426,297,998,5912,139244,5360,151275,6211,290519,California
Contra Costa,2021-03-10,12614,453730,6334,261026,4771,190197,1509,2507,5752,139647,6849,158124,7252,297771,California
Contra Costa,2021-03-11,12664,466394,6658,267684,5440,195637,566,3073,6473,140518,6167,164291,7038,304809,California
Contra Costa,2021-03-12,12794,479188,5277,272961,6948,202585,569,3642,6377,141061,6399,170690,6942,311751,California
Contra Costa,2021-03-13,7985,487173,3214,276175,4340,206925,431,4073,3148,139817,4817,175507,3573,315324,California
Contra Costa,2021-03-14,4504,491677,2658,278833,1348,208273,498,4571,1722,139261,2774,178281,2218,317542,California
Contra Costa,2021-03-15,9592,501269,5211,284044,3613,211886,768,5339,4741,139936,4832,183113,5507,323049,California
Contra Costa,2021-03-16,14538,515807,8674,292718,5453,217339,411,5750,7169,140170,7345,190458,7579,330628,California
Contra Costa,2021-03-17,15259,531066,10556,303274,4484,221823,219,5969,8530,142219,6706,197164,8755,339383,California
Contra Costa,2021-03-18,15607,546673,8719,311993,6401,228224,487,6456,8614,144360,6958,204122,9099,348482,California
Contra Costa,2021-03-19,15836,562509,9155,321148,5257,233481,1424,7880,8199,146366,7619,211741,9625,358107,California
Contra Costa,2021-03-20,10861,573370,6520,327668,4023,237504,318,8198,5120,146083,5720,217461,5437,363544,California
Contra Costa,2021-03-21,4655,578025,4066,331734,491,237995,98,8296,1817,145170,2827,220288,1914,365458,California
Contra Costa,2021-03-22,11801,589826,8906,340640,2636,240631,259,8555,6850,147342,4934,225222,7106,372564,California
Contra Costa,2021-03-23,15854,605680,10927,351567,4755,245386,172,8727,9116,149922,6709,231931,9289,381853,California
Contra Costa,2021-03-24,15193,620873,11861,363428,3117,248503,215,8942,9179,153337,5981,237912,9396,391249,California
Contra Costa,2021-03-25,15550,636423,12144,375572,3114,251617,292,9234,9489,157090,6024,243936,9777,401026,California
Contra Costa,2021-03-26,15237,651660,10958,386530,3873,255490,406,9640,8733,159748,6476,250412,9134,410160,California
Contra Costa,2021-03-27,10696,662356,6967,393497,3211,258701,518,10158,5683,160940,5002,255414,6194,416354,California
Contra Costa,2021-03-28,4304,666660,3064,396561,1185,259886,55,10213,1649,160000,2644,258058,1704,418058,California
Contra Costa,2021-03-29,11050,677710,8620,405181,2312,262198,118,10331,7010,163108,4023,262081,7131,425189,California
Contra Costa,2021-03-30,17002,694712,9315,414496,6325,268523,1362,11693,10489,168461,6493,268574,11846,437035,California
Contra Costa,2021-03-31,18265,712977,12823,427319,3991,272514,1451,13144,11510,174705,6710,275284,12954,449989,California
Contra Costa,2021-04-01,17807,730784,12472,439791,3937,276451,1398,14542,11547,181417,6229,281513,12941,462930,California
Contra Costa,2021-04-02,17698,748482,13034,452825,3634,280085,1030,15572,11724,188206,5961,287474,12750,475680,California
Contra Costa,2021-04-03,10988,759470,6559,459384,2867,282952,1562,17134,6278,191346,4695,292169,7835,483515,California
Contra Costa,2021-04-04,3400,762870,1337,460721,1460,284412,603,17737,855,190265,2537,294706,1456,484971,California
Contra Costa,2021-04-05,12248,775118,7976,468697,3284,287696,988,18725,6633,192286,5600,300306,7621,492592,California
Contra Costa,2021-04-06,17498,792616,12128,480825,3069,290765,2301,21026,9797,196701,7680,307986,12095,504687,California
Contra Costa,2021-04-07,18749,811365,12709,493534,3207,293972,2833,23859,10625,202090,8102,316088,13491,518178,California
Contra Costa,2021-04-08,18886,830251,12592,506126,3356,297328,2938,26797,10119,206397,8740,324828,13047,531225,California
Contra Costa,2021-04-09,19057,849308,12148,518274,4390,301718,2519,29316,10194,210269,8832,333660,12704,543929,California
Contra Costa,2021-04-10,10680,859988,3845,522119,2216,303934,4619,33935,3320,210852,7343,341003,7926,551855,California
Contra Costa,2021-04-11,3409,863397,2027,524146,712,304646,670,34605,1140,210398,2263,343266,1809,553664,California
Contra Costa,2021-04-12,12109,875506,7987,532133,3040,307686,1082,35687,5682,210759,6408,349674,6769,560433,California
Contra Costa,2021-04-13,18044,893550,11082,543215,6955,314641,7,35694,12032,216818,5985,355659,12044,572477,California
Contra Costa,2021-04-14,17891,911441,11244,554459,6646,321287,1,35695,9936,218830,7929,363588,9941,582418,California
Contra Costa,2021-04-15,17681,929122,10865,565324,6815,328102,1,35696,8183,217567,9469,373057,8206,590624,California
Contra Costa,2021-04-16,16974,946096,10592,575916,6381,334483,1,35697,7596,215816,9355,382412,7604,598228,California
Contra Costa,2021-04-17,11532,957628,6357,582273,5175,339658,0,35697,6169,216645,5347,387759,6176,604404,California
Contra Costa,2021-04-18,2794,960422,2149,584422,645,340303,0,35697,1796,217452,989,388748,1796,606200,California
Contra Costa,2021-04-19,11484,971906,8572,592994,2912,343215,0,35697,3589,213177,7867,396615,3592,609792,California
Contra Costa,2021-04-20,16807,988713,10919,603913,5888,349103,0,35697,6268,208941,10509,407124,6273,616065,California
Contra Costa,2021-04-21,17486,1006199,14263,618176,3222,352325,1,35698,6196,203895,11250,418374,6204,622269,California
Contra Costa,2021-04-22,17316,1023515,14033,632209,3281,355606,2,35700,6102,198829,11179,429553,6113,628382,California
Contra Costa,2021-04-23,17146,1040661,13628,645837,3518,359124,0,35700,5521,192771,11587,441140,5529,633911,California
Contra Costa,2021-04-24,11049,1051710,8515,654352,2533,361657,1,35701,4230,190208,6797,447937,4234,638145,California
Contra Costa,2021-04-25,3308,1055018,2218,656570,1088,362745,2,35703,2083,191073,1223,449160,2088,640233,California
Contra Costa,2021-04-26,10078,1065096,8405,664975,1649,364394,24,35727,3030,187110,7030,456190,3067,643300,California
Contra Costa,2021-04-27,14765,1079861,10764,675739,3823,368217,178,35905,4021,180601,10719,466909,4210,647510,California
Contra Costa,2021-04-28,14327,1094188,11157,686896,2882,371099,288,36193,3839,174282,10453,477362,4134,651644,California
Contra Costa,2021-04-29,13522,1107710,10468,697364,2883,373982,171,36364,3223,167411,10270,487632,3399,655043,California
Contra Costa,2021-04-30,13810,1121520,10888,708252,2662,376644,260,36624,3120,160134,10661,498293,3384,658427,California
Contra Costa,2021-05-01,8096,1129616,5886,714138,1885,378529,325,36949,1923,156236,6146,504439,2248,660675,California
Contra Costa,2021-05-02,2357,1131973,1596,715734,679,379208,82,37031,988,155948,1358,505797,1070,661745,California
Contra Costa,2021-05-03,9160,1141133,8054,723788,928,380136,178,37209,1926,150836,7219,513016,2107,663852,California
Contra Costa,2021-05-04,14174,1155307,12237,736025,1608,381744,329,37538,2285,141588,11862,524878,2614,666466,California
Contra Costa,2021-05-05,12601,1167908,10872,746897,1528,383272,201,37739,2412,134041,10161,535039,2614,669080,California
Contra Costa,2021-05-06,10349,1178257,8596,755493,1417,384689,336,38075,1940,127941,8385,543424,2285,671365,California
Contra Costa,2021-05-07,9697,1187954,7796,763289,1676,386365,225,38300,2222,122943,7441,550865,2443,673808,California
Contra Costa,2021-05-08,5342,1193296,4021,767310,1151,387516,170,38470,1251,120293,4075,554940,1425,675233,California
Contra Costa,2021-05-09,2126,1195422,1793,769103,274,387790,59,38529,459,119150,1662,556602,519,675752,California
Contra Costa,2021-05-10,4945,1200367,3960,773063,766,388556,219,38748,1335,117114,3588,560190,1552,677304,California
Contra Costa,2021-05-11,8816,1209183,4594,777657,3984,392540,238,38986,1745,112052,7051,567241,1989,679293,California
Contra Costa,2021-05-12,9303,1218486,4788,782445,4250,396790,265,39251,1671,106389,7605,574846,1942,681235,California
Contra Costa,2021-05-13,11762,1230248,7835,790280,3740,400530,187,39438,4218,103280,7517,582363,4408,685643,California
Contra Costa,2021-05-14,12198,1242446,8132,798412,3786,404316,280,39718,5042,101469,7132,589495,5321,690964,California
Contra Costa,2021-05-15,10025,1252471,7275,805687,2630,406946,120,39838,4414,100407,5598,595093,4536,695500,California
Contra Costa,2021-05-16,2443,1254914,2138,807825,259,407205,46,39884,1093,100201,1344,596437,1138,696638,California
Contra Costa,2021-05-17,7053,1261967,5692,813517,1189,408394,172,40056,3542,100425,3492,599929,3716,700354,California
Contra Costa,2021-05-18,10263,1272230,7023,820540,3021,411415,219,40275,4474,99363,5759,605688,4697,705051,California
Contra Costa,2021-05-19,8486,1280716,6868,827408,1425,412840,193,40468,3847,98786,4620,610308,4043,709094,California
Contra Costa,2021-05-20,7146,1287862,5641,833049,1320,414160,185,40653,3348,98548,3772,614080,3534,712628,California
Contra Costa,2021-05-21,7088,1294950,5423,838472,1452,415612,213,40866,3255,98206,3807,617887,3465,716093,California
Contra Costa,2021-05-22,5094,1300044,4022,842494,891,416503,181,41047,2469,98252,2604,620491,2650,718743,California
Contra Costa,2021-05-23,1214,1301258,791,843285,367,416870,56,41103,592,98284,615,621106,647,719390,California
Contra Costa,2021-05-24,4646,1305904,3847,847132,622,417492,177,41280,2180,98187,2456,623562,2359,721749,California
Contra Costa,2021-05-25,6267,1312171,5098,852230,917,418409,252,41532,2640,97469,3610,627172,2892,724641,California
Contra Costa,2021-05-26,5627,1317798,3613,855843,1826,420235,188,41720,1951,95953,3655,630827,2139,726780,California
Contra Costa,2021-05-27,3807,1321605,2688,858531,942,421177,177,41897,1629,95591,2163,632990,1801,728581,California
Contra Costa,2021-05-28,5364,1326969,3747,862278,1443,422620,174,42071,2245,94910,3098,636088,2417,730998,California
Contra Costa,2021-05-29,3249,1330218,2101,864379,1031,423651,117,42188,1623,95034,1616,637704,1740,732738,California
Contra Costa,2021-05-30,926,1331144,585,864964,313,423964,28,42216,360,94858,564,638268,388,733126,California
Contra Costa,2021-05-31,391,1331535,269,865233,110,424074,12,42228,129,94738,260,638528,140,733266,California
Contra Costa,2021-06-01,4795,1336330,3572,868805,1080,425154,143,42371,1716,93534,3063,641591,1859,735125,California
Contra Costa,2021-06-02,3425,1339755,2423,871228,856,426010,146,42517,1399,93062,2016,643607,1544,736669,California
Contra Costa,2021-06-03,5428,1345183,4529,875757,784,426794,115,42632,1456,90668,3965,647572,1571,738240,California
Contra Costa,2021-06-04,6387,1351570,5362,881119,887,427681,138,42770,1618,87668,4753,652325,1753,739993,California
Contra Costa,2021-06-05,5164,1356734,4375,885494,677,428358,112,42882,1110,84846,4042,656367,1220,741213,California
Contra Costa,2021-06-06,1347,1358081,1176,886670,142,428500,29,42911,380,84293,962,657329,409,741622,California
Contra Costa,2021-06-07,4933,1363014,4340,891010,493,428993,100,43011,1409,82290,3513,660842,1510,743132,California
Contra Costa,2021-06-08,6040,1369054,5225,896235,694,429687,121,43132,1418,79221,4609,665451,1540,744672,California
Contra Costa,2021-06-09,4101,1373155,3549,899784,423,430110,129,43261,1049,77359,3041,668492,1179,745851,California
Contra Costa,2021-06-10,3828,1376983,3239,903023,441,430551,148,43409,1013,75719,2801,671293,1161,747012,California
Contra Costa,2021-06-11,3551,1380534,2949,905972,460,431011,142,43551,888,74091,2657,673950,1029,748041,California
Contra Costa,2021-06-12,1890,1382424,1621,907593,225,431236,44,43595,385,73018,1501,675451,428,748469,California
Del Norte,2020-12-21,22,22,22,22,0,0,0,0,22,22,0,0,22,22,California
Del Norte,2020-12-22,45,67,45,67,0,0,0,0,45,67,0,0,45,67,California
Del Norte,2020-12-23,59,126,48,115,11,11,0,0,57,124,0,0,57,124,California
Del Norte,2020-12-28,34,160,34,149,0,11,0,0,34,158,0,0,34,158,California
Del Norte,2020-12-29,4,164,4,153,0,11,0,0,4,162,0,0,4,162,California
Del Norte,2020-12-30,68,232,56,209,12,23,0,0,68,230,0,0,68,230,California
Del Norte,2020-12-31,16,248,13,222,3,26,0,0,16,246,0,0,16,246,California
Del Norte,2021-01-04,102,350,49,271,53,79,0,0,102,348,0,0,102,348,California
Del Norte,2021-01-05,31,381,0,271,31,110,0,0,31,379,0,0,31,379,California
Del Norte,2021-01-06,77,458,18,289,59,169,0,0,77,456,0,0,77,456,California
Del Norte,2021-01-07,21,479,1,290,20,189,0,0,21,477,0,0,21,477,California
Del Norte,2021-01-08,78,557,7,297,71,260,0,0,78,555,0,0,78,555,California
Del Norte,2021-01-11,39,596,20,317,19,279,0,0,18,553,21,21,19,574,California
Del Norte,2021-01-12,50,646,31,348,19,298,0,0,30,563,20,41,30,604,California
Del Norte,2021-01-13,84,730,40,388,44,342,0,0,51,581,33,74,51,655,California
Del Norte,2021-01-14,53,783,14,402,39,381,0,0,47,622,6,80,47,702,California
Del Norte,2021-01-15,107,890,18,420,89,470,0,0,95,705,12,92,95,797,California
Del Norte,2021-01-17,1,891,1,421,0,470,0,0,1,706,0,92,1,798,California
Del Norte,2021-01-18,2,893,0,421,2,472,0,0,2,708,0,92,2,800,California
Del Norte,2021-01-19,119,1012,56,477,63,535,0,0,77,743,42,134,77,877,California
Del Norte,2021-01-20,159,1171,84,561,75,610,0,0,96,776,63,197,96,973,California
Del Norte,2021-01-21,43,1214,40,601,3,613,0,0,32,797,11,208,32,1005,California
Del Norte,2021-01-22,19,1233,17,618,2,615,0,0,12,802,7,215,12,1017,California
Del Norte,2021-01-23,1,1234,0,618,1,616,0,0,1,803,0,215,1,1018,California
Del Norte,2021-01-24,1,1235,0,618,1,617,0,0,1,804,0,215,1,1019,California
Del Norte,2021-01-25,100,1335,82,700,18,635,0,0,56,816,44,259,56,1075,California
Del Norte,2021-01-26,18,1353,11,711,7,642,0,0,7,812,11,270,7,1082,California
Del Norte,2021-01-27,64,1417,21,732,43,685,0,0,61,870,3,273,61,1143,California
Del Norte,2021-01-28,293,1710,20,752,273,958,0,0,288,1153,5,278,288,1431,California
Del Norte,2021-01-29,61,1771,21,773,40,998,0,0,43,1178,18,296,43,1474,California
Del Norte,2021-01-30,8,1779,1,774,7,1005,0,0,8,1186,0,296,8,1482,California
Del Norte,2021-02-01,40,1819,1,775,39,1044,0,0,25,1196,15,311,25,1507,California
Del Norte,2021-02-02,140,1959,34,809,106,1150,0,0,73,1203,66,377,73,1580,California
Del Norte,2021-02-03,129,2088,42,851,87,1237,0,0,74,1222,55,432,74,1654,California
Del Norte,2021-02-04,69,2157,27,878,42,1279,0,0,40,1233,29,461,40,1694,California
Del Norte,2021-02-05,184,2341,22,900,162,1441,0,0,118,1286,65,526,118,1812,California
Del Norte,2021-02-06,309,2650,3,903,306,1747,0,0,309,1595,0,526,309,2121,California
Del Norte,2021-02-08,36,2686,1,904,35,1782,0,0,32,1623,4,530,32,2153,California
Del Norte,2021-02-09,8,2694,5,909,3,1785,0,0,2,1619,6,536,2,2155,California
Del Norte,2021-02-10,142,2836,20,929,122,1907,0,0,86,1650,55,591,86,2241,California
Del Norte,2021-02-11,176,3012,58,987,118,2025,0,0,63,1600,113,704,63,2304,California
Del Norte,2021-02-12,121,3133,14,1001,107,2132,0,0,67,1613,54,758,67,2371,California
Del Norte,2021-02-13,2,3135,1,1002,1,2133,0,0,2,1615,0,758,2,2373,California
Del Norte,2021-02-14,3,3138,1,1003,2,2135,0,0,2,1616,1,759,2,2375,California
Del Norte,2021-02-15,5,3143,0,1003,5,2140,0,0,3,1617,2,761,3,2378,California
Del Norte,2021-02-16,132,3275,1,1004,131,2271,0,0,13,1511,119,880,13,2391,California
Del Norte,2021-02-17,92,3367,19,1023,73,2344,0,0,24,1468,67,947,24,2415,California
Del Norte,2021-02-18,77,3444,24,1047,53,2397,0,0,51,1493,26,973,51,2466,California
Del Norte,2021-02-19,43,3487,17,1064,26,2423,0,0,33,1516,10,983,33,2499,California
Del Norte,2021-02-20,8,3495,5,1069,3,2426,0,0,6,1520,2,985,6,2505,California
Del Norte,2021-02-22,2,3497,0,1069,2,2428,0,0,2,1522,0,985,2,2507,California
Del Norte,2021-02-23,105,3602,88,1157,17,2445,0,0,29,1476,76,1061,30,2537,California
Del Norte,2021-02-24,155,3757,100,1257,55,2500,0,0,80,1481,75,1136,80,2617,California
Del Norte,2021-02-25,478,4235,131,1388,347,2847,0,0,213,1431,263,1399,213,2830,California
Del Norte,2021-02-26,212,4447,175,1563,37,2884,0,0,166,1551,46,1445,166,2996,California
Del Norte,2021-02-27,148,4595,142,1705,5,2889,1,1,141,1686,7,1452,142,3138,California
Del Norte,2021-02-28,3,4598,0,1705,3,2892,0,1,3,1689,0,1452,3,3141,California
Del Norte,2021-03-01,27,4625,2,1707,25,2917,0,1,4,1671,22,1474,4,3145,California
Del Norte,2021-03-02,222,4847,142,1849,80,2997,0,1,188,1825,34,1508,188,3333,California
Del Norte,2021-03-03,168,5015,99,1948,69,3066,0,1,126,1909,42,1550,126,3459,California
Del Norte,2021-03-04,119,5134,82,2030,37,3103,0,1,91,1973,27,1577,91,3550,California
Del Norte,2021-03-05,122,5256,11,2041,111,3214,0,1,74,1999,48,1625,74,3624,California
Del Norte,2021-03-06,464,5720,77,2118,338,3552,49,50,163,1868,301,1926,170,3794,California
Del Norte,2021-03-07,1,5721,1,2119,0,3552,0,50,1,1869,0,1926,1,3795,California
Del Norte,2021-03-08,30,5751,0,2119,28,3580,2,52,6,1854,23,1949,8,3803,California
Del Norte,2021-03-09,194,5945,113,2232,78,3658,3,55,183,2029,11,1960,186,3989,California
Del Norte,2021-03-10,233,6178,95,2327,110,3768,28,83,134,2092,99,2059,162,4151,California
Del Norte,2021-03-11,150,6328,55,2382,90,3858,5,88,102,2151,48,2107,107,4258,California
Del Norte,2021-03-12,178,6506,89,2471,89,3947,0,88,125,2223,53,2160,125,4383,California
Del Norte,2021-03-13,94,6600,93,2564,1,3948,0,88,91,2311,3,2163,91,4474,California
Del Norte,2021-03-14,1,6601,0,2564,1,3949,0,88,0,2310,1,2164,0,4474,California
Del Norte,2021-03-15,38,6639,0,2564,38,3987,0,88,34,2340,4,2168,34,4508,California
Del Norte,2021-03-16,279,6918,134,2698,145,4132,0,88,259,2579,20,2188,259,4767,California
Del Norte,2021-03-17,284,7202,95,2793,187,4319,2,90,170,2637,114,2302,172,4939,California
Del Norte,2021-03-18,285,7487,107,2900,175,4494,3,93,149,2654,135,2437,152,5091,California
Del Norte,2021-03-19,266,7753,158,3058,102,4596,6,99,91,2576,175,2612,97,5188,California
Del Norte,2021-03-20,157,7910,154,3212,3,4599,0,99,15,2449,142,2754,15,5203,California
Del Norte,2021-03-21,4,7914,2,3214,2,4601,0,99,2,2449,2,2756,2,5205,California
Del Norte,2021-03-22,42,7956,2,3216,39,4640,1,100,38,2485,3,2759,39,5244,California
Del Norte,2021-03-23,333,8289,164,3380,151,4791,18,118,163,2497,168,2927,180,5424,California
Del Norte,2021-03-24,395,8684,106,3486,249,5040,40,158,234,2610,161,3088,274,5698,California
Del Norte,2021-03-25,192,8876,88,3574,104,5144,0,158,84,2587,107,3195,84,5782,California
Del Norte,2021-03-26,232,9108,113,3687,119,5263,0,158,195,2745,37,3232,195,5977,California
Del Norte,2021-03-27,107,9215,86,3773,4,5267,17,175,17,2689,90,3322,34,6011,California
Del Norte,2021-03-28,4,9219,2,3775,2,5269,0,175,1,2687,3,3325,1,6012,California
Del Norte,2021-03-29,57,9276,6,3781,34,5303,17,192,32,2711,25,3350,49,6061,California
Del Norte,2021-03-30,338,9614,119,3900,208,5511,11,203,126,2636,212,3562,137,6198,California
Del Norte,2021-03-31,355,9969,100,4000,238,5749,17,220,199,2698,154,3716,216,6414,California
Del Norte,2021-04-01,164,10133,58,4058,72,5821,34,254,69,2707,94,3810,103,6517,California
Del Norte,2021-04-02,233,10366,79,4137,105,5926,49,303,49,2622,184,3994,99,6616,California
Del Norte,2021-04-03,108,10474,83,4220,2,5928,23,326,5,2548,102,4096,28,6644,California
Del Norte,2021-04-04,4,10478,0,4220,0,5928,4,330,0,2548,4,4100,4,6648,California
Del Norte,2021-04-05,46,10524,4,4224,38,5966,4,334,40,2586,6,4106,44,6692,California
Del Norte,2021-04-06,380,10904,120,4344,223,6189,37,371,146,2540,230,4336,184,6876,California
Del Norte,2021-04-07,437,11341,115,4459,261,6450,61,432,290,2745,147,4483,352,7228,California
Del Norte,2021-04-08,229,11570,54,4513,106,6556,69,501,105,2795,124,4607,174,7402,California
Del Norte,2021-04-09,207,11777,47,4560,83,6639,77,578,100,2864,106,4713,175,7577,California
Del Norte,2021-04-10,47,11824,26,4586,4,6643,17,595,27,2888,20,4733,44,7621,California
Del Norte,2021-04-11,10,11834,3,4589,0,6643,7,602,1,2887,9,4742,8,7629,California
Del Norte,2021-04-12,27,11861,1,4590,9,6652,17,619,1,2880,25,4767,18,7647,California
Del Norte,2021-04-13,296,12157,49,4639,247,6899,0,619,155,2894,141,4908,155,7802,California
Del Norte,2021-04-14,330,12487,23,4662,307,7206,0,619,139,2847,191,5099,144,7946,California
Del Norte,2021-04-15,164,12651,31,4693,133,7339,0,619,45,2774,119,5218,46,7992,California
Del Norte,2021-04-16,162,12813,40,4733,122,7461,0,619,60,2733,102,5320,61,8053,California
Del Norte,2021-04-17,106,12919,74,4807,32,7493,0,619,100,2827,6,5326,100,8153,California
Del Norte,2021-04-18,5,12924,4,4811,1,7494,0,619,4,2830,1,5327,4,8157,California
Del Norte,2021-04-19,50,12974,6,4817,44,7538,0,619,8,2796,42,5369,8,8165,California
Del Norte,2021-04-20,206,13180,40,4857,166,7704,0,619,72,2734,134,5503,72,8237,California
Del Norte,2021-04-21,290,13470,24,4881,266,7970,0,619,66,2579,224,5727,69,8306,California
Del Norte,2021-04-22,114,13584,15,4896,99,8069,0,619,62,2589,52,5779,62,8368,California
Del Norte,2021-04-23,150,13734,22,4918,128,8197,0,619,39,2517,111,5890,39,8407,California
Del Norte,2021-04-24,26,13760,15,4933,11,8208,0,619,21,2533,5,5895,21,8428,California
Del Norte,2021-04-25,2,13762,0,4933,2,8210,0,619,2,2535,0,5895,2,8430,California
Del Norte,2021-04-26,31,13793,0,4933,31,8241,0,619,9,2522,22,5917,9,8439,California
Del Norte,2021-04-27,181,13974,21,4954,155,8396,5,624,51,2448,130,6047,56,8495,California
Del Norte,2021-04-28,351,14325,100,5054,246,8642,5,629,63,2230,287,6334,69,8564,California
Del Norte,2021-04-29,93,14418,6,5060,83,8725,4,633,26,2193,67,6401,30,8594,California
Del Norte,2021-04-30,86,14504,7,5067,69,8794,10,643,46,2209,40,6441,56,8650,California
Del Norte,2021-05-01,7,14511,2,5069,5,8799,0,643,5,2212,2,6443,5,8655,California
Del Norte,2021-05-02,8,14519,0,5069,8,8807,0,643,8,2220,0,6443,8,8663,California
Del Norte,2021-05-03,40,14559,3,5072,34,8841,3,646,2,2188,37,6480,5,8668,California
Del Norte,2021-05-04,222,14781,36,5108,181,9022,5,651,47,2065,175,6655,52,8720,California
Del Norte,2021-05-05,234,15015,20,5128,206,9228,8,659,59,1957,175,6830,67,8787,California
Del Norte,2021-05-06,112,15127,26,5154,73,9301,13,672,26,1910,86,6916,39,8826,California
Del Norte,2021-05-07,151,15278,28,5182,119,9420,4,676,31,1825,120,7036,35,8861,California
Del Norte,2021-05-08,64,15342,55,5237,7,9427,2,678,6,1775,58,7094,8,8869,California
Del Norte,2021-05-09,9,15351,4,5241,2,9429,3,681,2,1773,7,7101,5,8874,California
Del Norte,2021-05-10,24,15375,3,5244,17,9446,4,685,14,1781,10,7111,18,8892,California
Del Norte,2021-05-11,171,15546,49,5293,120,9566,2,687,34,1680,137,7248,36,8928,California
Del Norte,2021-05-12,150,15696,24,5317,116,9682,10,697,27,1595,122,7370,37,8965,California
Del Norte,2021-05-13,67,15763,29,5346,37,9719,1,698,37,1603,30,7400,38,9003,California
Del Norte,2021-05-14,75,15838,25,5371,49,9768,1,699,40,1609,35,7435,41,9044,California
Del Norte,2021-05-15,83,15921,54,5425,29,9797,0,699,53,1632,30,7465,53,9097,California
Del Norte,2021-05-16,11,15932,0,5425,11,9808,0,699,11,1643,0,7465,11,9108,California
Del Norte,2021-05-17,26,15958,3,5428,20,9828,3,702,15,1650,11,7476,18,9126,California
Del Norte,2021-05-18,126,16084,69,5497,57,9885,0,702,80,1684,46,7522,80,9206,California
Del Norte,2021-05-19,97,16181,14,5511,66,9951,17,719,39,1681,58,7580,55,9261,California
Del Norte,2021-05-20,97,16278,30,5541,64,10015,3,722,38,1664,58,7638,41,9302,California
Del Norte,2021-05-21,81,16359,33,5574,45,10060,3,725,44,1674,37,7675,47,9349,California
Del Norte,2021-05-22,23,16382,8,5582,15,10075,0,725,11,1673,12,7687,11,9360,California
Del Norte,2021-05-23,14,16396,5,5587,9,10084,0,725,7,1673,7,7694,7,9367,California
Del Norte,2021-05-24,26,16422,10,5597,16,10100,0,725,17,1681,9,7703,17,9384,California
Del Norte,2021-05-25,43,16465,5,5602,32,10132,6,731,14,1674,27,7730,20,9404,California
Del Norte,2021-05-26,115,16580,36,5638,72,10204,7,738,52,1671,62,7792,59,9463,California
Del Norte,2021-05-27,72,16652,27,5665,41,10245,4,742,34,1671,38,7830,38,9501,California
Del Norte,2021-05-28,50,16702,6,5671,36,10281,8,750,7,1643,43,7873,15,9516,California
Del Norte,2021-05-29,8,16710,0,5671,4,10285,4,754,3,1645,5,7878,7,9523,California
Del Norte,2021-05-30,7,16717,1,5672,6,10291,0,754,2,1642,5,7883,2,9525,California
Del Norte,2021-05-31,4,16721,2,5674,2,10293,0,754,3,1644,1,7884,3,9528,California
Del Norte,2021-06-01,52,16773,6,5680,39,10332,7,761,11,1621,41,7925,18,9546,California
Del Norte,2021-06-02,84,16857,11,5691,68,10400,5,766,19,1580,65,7990,24,9570,California
Del Norte,2021-06-03,59,16916,34,5725,23,10423,2,768,26,1575,33,8023,28,9598,California
Del Norte,2021-06-04,68,16984,22,5747,41,10464,5,773,19,1550,49,8072,24,9622,California
Del Norte,2021-06-05,1,16985,0,5747,1,10465,0,773,0,1549,1,8073,0,9622,California
Del Norte,2021-06-06,10,16995,4,5751,4,10469,2,775,7,1555,3,8076,9,9631,California
Del Norte,2021-06-07,40,17035,9,5760,26,10495,5,780,15,1550,25,8101,20,9651,California
Del Norte,2021-06-08,112,17147,81,5841,26,10521,5,785,33,1509,79,8180,38,9689,California
Del Norte,2021-06-09,31,17178,5,5846,24,10545,2,787,11,1502,20,8200,13,9702,California
Del Norte,2021-06-10,47,17225,22,5868,18,10563,7,794,9,1481,37,8237,16,9718,California
Del Norte,2021-06-11,36,17261,18,5886,15,10578,3,797,7,1462,29,8266,10,9728,California
Del Norte,2021-06-12,6,17267,0,5886,3,10581,3,800,1,1461,5,8271,4,9732,California
El Dorado,2020-12-15,12,12,12,12,0,0,0,0,12,12,0,0,12,12,California
El Dorado,2020-12-16,40,52,40,52,0,0,0,0,40,52,0,0,40,52,California
El Dorado,2020-12-17,32,84,32,84,0,0,0,0,32,84,0,0,32,84,California
El Dorado,2020-12-18,261,345,261,345,0,0,0,0,261,345,0,0,261,345,California
El Dorado,2020-12-19,120,465,120,465,0,0,0,0,120,465,0,0,120,465,California
El Dorado,2020-12-20,85,550,85,550,0,0,0,0,85,550,0,0,85,550,California
El Dorado,2020-12-21,310,860,309,859,1,1,0,0,310,860,0,0,310,860,California
El Dorado,2020-12-22,243,1103,219,1078,24,25,0,0,243,1103,0,0,243,1103,California
El Dorado,2020-12-23,191,1294,141,1219,50,75,0,0,191,1294,0,0,191,1294,California
El Dorado,2020-12-24,86,1380,65,1284,21,96,0,0,86,1380,0,0,86,1380,California
El Dorado,2020-12-25,8,1388,8,1292,0,96,0,0,8,1388,0,0,8,1388,California
El Dorado,2020-12-26,45,1433,27,1319,18,114,0,0,45,1433,0,0,45,1433,California
El Dorado,2020-12-27,38,1471,34,1353,4,118,0,0,38,1471,0,0,38,1471,California
El Dorado,2020-12-28,215,1686,167,1520,48,166,0,0,215,1686,0,0,215,1686,California
El Dorado,2020-12-29,463,2149,145,1665,318,484,0,0,463,2149,0,0,463,2149,California
El Dorado,2020-12-30,509,2658,139,1804,370,854,0,0,509,2658,0,0,509,2658,California
El Dorado,2020-12-31,110,2768,68,1872,42,896,0,0,110,2768,0,0,110,2768,California
El Dorado,2021-01-01,6,2774,4,1876,2,898,0,0,6,2774,0,0,6,2774,California
El Dorado,2021-01-02,151,2925,139,2015,12,910,0,0,151,2925,0,0,151,2925,California
El Dorado,2021-01-03,93,3018,17,2032,76,986,0,0,93,3018,0,0,93,3018,California
El Dorado,2021-01-04,190,3208,62,2094,128,1114,0,0,190,3208,0,0,190,3208,California
El Dorado,2021-01-05,230,3438,74,2168,156,1270,0,0,213,3404,17,17,213,3421,California
El Dorado,2021-01-06,242,3680,168,2336,74,1344,0,0,176,3515,65,82,176,3597,California
El Dorado,2021-01-07,333,4013,136,2472,197,1541,0,0,257,3696,76,158,257,3854,California
El Dorado,2021-01-08,982,4995,506,2978,476,2017,0,0,764,4242,218,376,764,4618,California
El Dorado,2021-01-09,196,5191,160,3138,36,2053,0,0,124,4294,72,448,124,4742,California
El Dorado,2021-01-10,183,5374,132,3270,51,2104,0,0,111,4334,72,520,112,4854,California
El Dorado,2021-01-11,660,6034,293,3563,367,2471,0,0,459,4594,200,720,460,5314,California
El Dorado,2021-01-12,808,6842,427,3990,381,2852,0,0,557,4900,251,971,557,5871,California
El Dorado,2021-01-13,707,7549,301,4291,406,3258,0,0,541,5276,166,1137,542,6413,California
El Dorado,2021-01-14,801,8350,223,4514,578,3836,0,0,705,5886,96,1233,706,7119,California
El Dorado,2021-01-15,796,9146,186,4700,610,4446,0,0,722,6534,74,1307,722,7841,California
El Dorado,2021-01-16,178,9324,105,4805,73,4519,0,0,151,6658,27,1334,151,7992,California
El Dorado,2021-01-17,105,9429,50,4855,55,4574,0,0,87,6727,18,1352,87,8079,California
El Dorado,2021-01-18,429,9858,146,5001,283,4857,0,0,358,7014,71,1423,358,8437,California
El Dorado,2021-01-19,753,10611,450,5451,303,5160,0,0,601,7464,152,1575,602,9039,California
El Dorado,2021-01-20,1014,11625,688,6139,326,5486,0,0,901,8253,112,1687,901,9940,California
El Dorado,2021-01-21,1271,12896,680,6819,591,6077,0,0,1064,9151,166,1853,1064,11004,California
El Dorado,2021-01-22,1230,14126,831,7650,399,6476,0,0,1175,10272,54,1907,1175,12179,California
El Dorado,2021-01-23,733,14859,610,8260,123,6599,0,0,623,10785,110,2017,623,12802,California
El Dorado,2021-01-24,127,14986,77,8337,50,6649,0,0,107,10872,20,2037,107,12909,California
El Dorado,2021-01-25,702,15688,292,8629,410,7059,0,0,615,11400,87,2124,615,13524,California
El Dorado,2021-01-26,691,16379,376,9005,315,7374,0,0,583,11875,108,2232,583,14107,California
El Dorado,2021-01-27,998,17377,396,9401,602,7976,0,0,658,12192,341,2573,658,14765,California
El Dorado,2021-01-28,1110,18487,454,9855,656,8632,0,0,747,12576,363,2936,747,15512,California
El Dorado,2021-01-29,1052,19539,560,10415,492,9124,0,0,759,13044,292,3228,760,16272,California
El Dorado,2021-01-30,550,20089,295,10710,255,9379,0,0,453,13401,96,3324,453,16725,California
El Dorado,2021-01-31,240,20329,217,10927,23,9402,0,0,186,13534,53,3377,186,16911,California
El Dorado,2021-02-01,797,21126,367,11294,430,9832,0,0,650,14037,147,3524,650,17561,California
El Dorado,2021-02-02,849,21975,371,11665,478,10310,0,0,684,14556,165,3689,684,18245,California
El Dorado,2021-02-03,909,22884,479,12144,430,10740,0,0,697,15041,212,3901,697,18942,California
El Dorado,2021-02-04,1257,24141,708,12852,549,11289,0,0,880,15544,377,4278,880,19822,California
El Dorado,2021-02-05,1495,25636,607,13459,888,12177,0,0,869,15824,589,4867,869,20691,California
El Dorado,2021-02-06,637,26273,334,13793,303,12480,0,0,529,16246,108,4975,530,21221,California
El Dorado,2021-02-07,259,26532,177,13970,82,12562,0,0,192,16371,67,5042,192,21413,California
El Dorado,2021-02-08,889,27421,424,14394,465,13027,0,0,611,16704,278,5320,611,22024,California
El Dorado,2021-02-09,972,28393,546,14940,426,13453,0,0,546,16824,426,5746,546,22570,California
El Dorado,2021-02-10,1267,29660,741,15681,526,13979,0,0,667,16892,599,6345,667,23237,California
El Dorado,2021-02-11,2162,31822,896,16577,1266,15245,0,0,759,16252,1400,7745,760,23997,California
El Dorado,2021-02-12,1575,33397,822,17399,753,15998,0,0,672,16023,902,8647,673,24670,California
El Dorado,2021-02-13,974,34371,663,18062,311,16309,0,0,438,15926,535,9182,438,25108,California
El Dorado,2021-02-14,490,34861,153,18215,337,16646,0,0,399,16234,91,9273,399,25507,California
El Dorado,2021-02-15,1183,36044,384,18599,799,17445,0,0,822,16699,361,9634,826,26333,California
El Dorado,2021-02-16,1213,37257,535,19134,678,18123,0,0,673,16834,539,10173,674,27007,California
El Dorado,2021-02-17,960,38217,424,19558,536,18659,0,0,466,16807,494,10667,467,27474,California
El Dorado,2021-02-18,2103,40320,1029,20587,1074,19733,0,0,1069,16843,1033,11700,1069,28543,California
El Dorado,2021-02-19,1229,41549,658,21245,571,20304,0,0,690,16995,538,12238,690,29233,California
El Dorado,2021-02-20,947,42496,452,21697,495,20799,0,0,680,17413,262,12500,680,29913,California
El Dorado,2021-02-21,290,42786,232,21929,58,20857,0,0,103,17329,187,12687,103,30016,California
El Dorado,2021-02-22,885,43671,441,22370,444,21301,0,0,277,16999,607,13294,277,30293,California
El Dorado,2021-02-23,870,44541,493,22863,377,21678,0,0,354,16839,514,13808,354,30647,California
El Dorado,2021-02-24,1037,45578,448,23311,589,22267,0,0,431,16664,606,14414,431,31078,California
El Dorado,2021-02-25,1928,47506,1160,24471,768,23035,0,0,697,16139,1224,15638,699,31777,California
El Dorado,2021-02-26,2420,49926,1508,25979,912,23947,0,0,1628,16978,789,16427,1628,33405,California
El Dorado,2021-02-27,1708,51634,445,26424,1263,25210,0,0,1259,17791,446,16873,1259,34664,California
El Dorado,2021-02-28,660,52294,225,26649,435,25645,0,0,495,18122,165,17038,496,35160,California
El Dorado,2021-03-01,1165,53459,469,27118,694,26339,2,2,644,18248,520,17558,646,35806,California
El Dorado,2021-03-02,938,54397,275,27393,662,27001,1,3,494,18301,442,18000,495,36301,California
El Dorado,2021-03-03,1711,56108,471,27864,1240,28241,0,3,1165,18929,539,18539,1167,37468,California
El Dorado,2021-03-04,2539,58647,1562,29426,977,29218,0,3,1209,18811,1327,19866,1209,38677,California
El Dorado,2021-03-05,1597,60244,434,29860,1158,30376,5,8,1058,19341,533,20399,1063,39740,California
El Dorado,2021-03-06,746,60990,219,30079,494,30870,33,41,396,19421,349,20748,429,40169,California
El Dorado,2021-03-07,413,61403,200,30279,195,31065,18,59,253,19534,158,20906,271,40440,California
El Dorado,2021-03-08,1345,62748,371,30650,901,31966,73,132,872,20008,470,21376,944,41384,California
El Dorado,2021-03-09,993,63741,231,30881,693,32659,69,201,589,20277,389,21765,658,42042,California
El Dorado,2021-03-10,963,64704,348,31229,558,33217,57,258,555,20486,402,22167,611,42653,California
El Dorado,2021-03-11,3043,67747,1846,33075,1010,34227,187,445,1291,20232,1730,23897,1476,44129,California
El Dorado,2021-03-12,1808,69555,629,33704,928,35155,251,696,750,20193,1040,24937,1001,45130,California
El Dorado,2021-03-13,1076,70631,352,34056,440,35595,284,980,372,20146,700,25637,653,45783,California
El Dorado,2021-03-14,796,71427,202,34258,483,36078,111,1091,276,20013,520,26157,387,46170,California
El Dorado,2021-03-15,1417,72844,304,34562,982,37060,131,1222,616,19964,797,26954,748,46918,California
El Dorado,2021-03-16,1236,74080,423,34985,668,37728,145,1367,568,20014,663,27617,713,47631,California
El Dorado,2021-03-17,1138,75218,364,35349,673,38401,101,1468,734,20446,403,28020,835,48466,California
El Dorado,2021-03-18,3027,78245,1790,37139,1194,39595,43,1511,1995,21460,1024,29044,2038,50504,California
El Dorado,2021-03-19,1121,79366,360,37499,608,40203,153,1664,624,21739,497,29541,776,51280,California
El Dorado,2021-03-20,958,80324,266,37765,676,40879,16,1680,376,21561,570,30111,392,51672,California
El Dorado,2021-03-21,1042,81366,424,38189,613,41492,5,1685,929,22384,111,30222,934,52606,California
El Dorado,2021-03-22,1510,82876,487,38676,941,42433,82,1767,1188,23337,317,30539,1270,53876,California
El Dorado,2021-03-23,1159,84035,458,39134,605,43038,96,1863,738,23762,409,30948,834,54710,California
El Dorado,2021-03-24,1467,85502,636,39770,636,43674,195,2058,665,23847,775,31723,860,55570,California
El Dorado,2021-03-25,2527,88029,1696,41466,724,44398,107,2165,1378,24190,1143,32866,1486,57056,California
El Dorado,2021-03-26,1833,89862,704,42170,1016,45414,113,2278,928,24349,882,33748,1041,58097,California
El Dorado,2021-03-27,1340,91202,189,42359,1147,46561,4,2282,317,23653,1017,34765,321,58418,California
El Dorado,2021-03-28,643,91845,187,42546,445,47006,11,2293,166,23357,473,35238,177,58595,California
El Dorado,2021-03-29,1326,93171,435,42981,875,47881,16,2309,827,23704,496,35734,843,59438,California
El Dorado,2021-03-30,1379,94550,422,43403,860,48741,97,2406,686,23800,685,36419,781,60219,California
El Dorado,2021-03-31,1568,96118,582,43985,918,49659,68,2474,690,23680,876,37295,756,60975,California
El Dorado,2021-04-01,3247,99365,1773,45758,1391,51050,83,2557,1542,23604,1702,38997,1626,62601,California
El Dorado,2021-04-02,1905,101270,568,46326,1240,52290,97,2654,749,23300,1150,40147,846,63447,California
El Dorado,2021-04-03,756,102026,301,46627,335,52625,120,2774,231,23129,522,40669,351,63798,California
El Dorado,2021-04-04,273,102299,83,46710,143,52768,47,2821,97,23098,175,40844,144,63942,California
El Dorado,2021-04-05,1427,103726,424,47134,910,53678,93,2914,590,22949,831,41675,682,64624,California
El Dorado,2021-04-06,1427,105153,533,47667,674,54352,220,3134,455,22653,968,42643,672,65296,California
El Dorado,2021-04-07,1610,106763,570,48237,588,54940,452,3586,564,22623,1043,43686,1013,66309,California
El Dorado,2021-04-08,2710,109473,1747,49984,725,55665,238,3824,1122,22402,1580,45266,1359,67668,California
El Dorado,2021-04-09,1443,110916,454,50438,769,56434,220,4044,573,22326,867,46133,791,68459,California
El Dorado,2021-04-10,824,111740,225,50663,489,56923,110,4154,478,22570,343,46476,587,69046,California
El Dorado,2021-04-11,706,112446,455,51118,235,57158,16,4170,208,22297,497,46973,224,69270,California
El Dorado,2021-04-12,1297,113743,505,51623,642,57800,150,4320,567,22291,722,47695,716,69986,California
El Dorado,2021-04-13,1129,114872,617,52240,512,58312,0,4320,513,22192,612,48307,513,70499,California
El Dorado,2021-04-14,1099,115971,469,52709,629,58941,1,4321,390,21887,696,49003,391,70890,California
El Dorado,2021-04-15,2507,118478,1689,54398,818,59759,0,4321,952,21290,1552,50555,955,71845,California
El Dorado,2021-04-16,1477,119955,525,54923,952,60711,0,4321,608,21034,865,51420,609,72454,California
El Dorado,2021-04-17,811,120766,204,55127,607,61318,0,4321,498,21222,310,51730,498,72952,California
El Dorado,2021-04-18,1030,121796,88,55215,942,62260,0,4321,407,21007,622,52352,407,73359,California
El Dorado,2021-04-19,1724,123520,438,55653,1286,63546,0,4321,690,20669,1028,53380,690,74049,California
El Dorado,2021-04-20,1110,124630,364,56017,746,64292,0,4321,456,20476,650,54030,457,74506,California
El Dorado,2021-04-21,1157,125787,461,56478,692,64984,4,4325,591,20510,558,54588,592,75098,California
El Dorado,2021-04-22,2558,128345,1687,58165,871,65855,0,4325,1065,20085,1490,56078,1065,76163,California
El Dorado,2021-04-23,1414,129759,505,58670,909,66764,0,4325,725,20125,686,56764,726,76889,California
El Dorado,2021-04-24,972,130731,521,59191,451,67215,0,4325,735,20625,235,56999,735,77624,California
El Dorado,2021-04-25,656,131387,450,59641,206,67421,0,4325,470,20909,186,57185,470,78094,California
El Dorado,2021-04-26,1196,132583,483,60124,696,68117,17,4342,561,20854,632,57817,577,78671,California
El Dorado,2021-04-27,1125,133708,419,60543,668,68785,38,4380,500,20774,618,58435,538,79209,California
El Dorado,2021-04-28,1069,134777,357,60900,672,69457,40,4420,435,20616,633,59068,475,79684,California
El Dorado,2021-04-29,1985,136762,1361,62261,592,70049,32,4452,589,19844,1393,60461,621,80305,California
El Dorado,2021-04-30,2130,138892,1343,63604,746,70795,41,4493,1367,20500,751,61212,1407,81712,California
El Dorado,2021-05-01,617,139509,282,63886,307,71102,28,4521,277,20472,333,61545,305,82017,California
El Dorado,2021-05-02,303,139812,216,64102,58,71160,29,4550,101,20402,199,61744,129,82146,California
El Dorado,2021-05-03,824,140636,400,64502,373,71533,51,4601,276,20186,544,62288,328,82474,California
El Dorado,2021-05-04,885,141521,436,64938,389,71922,60,4661,313,19991,568,62856,373,82847,California
El Dorado,2021-05-05,878,142399,434,65372,370,72292,74,4735,419,20027,457,63313,493,83340,California
El Dorado,2021-05-06,1116,143515,485,65857,583,72875,48,4783,475,19911,635,63948,519,83859,California
El Dorado,2021-05-07,982,144497,379,66236,545,73420,58,4841,398,19782,584,64532,455,84314,California
El Dorado,2021-05-08,491,144988,154,66390,300,73720,37,4878,186,19702,303,64835,223,84537,California
El Dorado,2021-05-09,221,145209,82,66472,112,73832,27,4905,103,19715,117,64952,130,84667,California
El Dorado,2021-05-10,827,146036,273,66745,496,74328,58,4963,243,19439,575,65527,299,84966,California
El Dorado,2021-05-11,682,146718,296,67041,323,74651,63,5026,293,19410,386,65913,357,85323,California
El Dorado,2021-05-12,646,147364,339,67380,265,74916,42,5068,274,19355,372,66285,317,85640,California
El Dorado,2021-05-13,1255,148619,793,68173,422,75338,40,5108,474,19093,775,67060,513,86153,California
El Dorado,2021-05-14,1412,150031,818,68991,510,75848,84,5192,681,19132,726,67786,765,86918,California
El Dorado,2021-05-15,903,150934,557,69548,289,76137,57,5249,321,18928,582,68368,378,87296,California
El Dorado,2021-05-16,662,151596,461,70009,175,76312,26,5275,230,18752,432,68800,256,87552,California
El Dorado,2021-05-17,1572,153168,666,70675,857,77169,49,5324,563,18358,1005,69805,611,88163,California
El Dorado,2021-05-18,1022,154190,518,71193,450,77619,54,5378,443,18277,578,70383,497,88660,California
El Dorado,2021-05-19,817,155007,334,71527,430,78049,53,5431,320,18159,490,70873,372,89032,California
El Dorado,2021-05-20,1179,156186,658,72185,448,78497,73,5504,449,17953,727,71600,521,89553,California
El Dorado,2021-05-21,2334,158520,1741,73926,551,79048,42,5546,819,17303,1511,73111,861,90414,California
El Dorado,2021-05-22,702,159222,203,74129,463,79511,36,5582,227,17092,474,73585,263,90677,California
El Dorado,2021-05-23,286,159508,114,74243,143,79654,29,5611,91,17019,193,73778,120,90797,California
El Dorado,2021-05-24,884,160392,454,74697,361,80015,69,5680,313,16832,567,74345,380,91177,California
El Dorado,2021-05-25,605,160997,252,74949,317,80332,36,5716,228,16722,374,74719,264,91441,California
El Dorado,2021-05-26,802,161799,394,75343,384,80716,24,5740,282,16509,519,75238,306,91747,California
El Dorado,2021-05-27,624,162423,247,75590,343,81059,34,5774,318,16556,304,75542,351,92098,California
El Dorado,2021-05-28,728,163151,251,75841,413,81472,64,5838,307,16509,418,75960,371,92469,California
El Dorado,2021-05-29,385,163536,106,75947,263,81735,16,5854,168,16476,217,76177,184,92653,California
El Dorado,2021-05-30,171,163707,100,76047,57,81792,14,5868,83,16485,88,76265,97,92750,California
El Dorado,2021-05-31,35,163742,10,76057,14,81806,11,5879,8,16477,27,76292,19,92769,California
El Dorado,2021-06-01,679,164421,292,76349,349,82155,38,5917,235,16309,441,76733,273,93042,California
El Dorado,2021-06-02,628,165049,300,76649,278,82433,50,5967,262,16256,365,77098,312,93354,California
El Dorado,2021-06-03,730,165779,339,76988,348,82781,43,6010,184,15938,546,77644,228,93582,California
El Dorado,2021-06-04,881,166660,526,77514,321,83102,34,6044,189,15471,690,78334,223,93805,California
El Dorado,2021-06-05,386,167046,222,77736,152,83254,12,6056,84,15266,301,78635,96,93901,California
El Dorado,2021-06-06,277,167323,192,77928,69,83323,16,6072,51,15107,225,78860,66,93967,California
El Dorado,2021-06-07,779,168102,483,78411,256,83579,40,6112,171,14717,601,79461,211,94178,California
El Dorado,2021-06-08,621,168723,380,78791,209,83788,32,6144,126,14382,493,79954,158,94336,California
El Dorado,2021-06-09,206,168929,113,78904,82,83870,11,6155,51,14289,155,80109,62,94398,California
El Dorado,2021-06-10,343,169272,210,79114,119,83989,14,6169,81,14123,261,80370,95,94493,California
El Dorado,2021-06-11,323,169595,185,79299,99,84088,39,6208,58,13956,264,80634,97,94590,California
El Dorado,2021-06-12,45,169640,25,79324,14,84102,6,6214,7,13932,37,80671,13,94603,California
Fresno,2020-12-15,2,2,2,2,0,0,0,0,2,2,0,0,2,2,California
Fresno,2020-12-16,125,127,125,127,0,0,0,0,125,127,0,0,125,127,California
Fresno,2020-12-17,122,249,122,249,0,0,0,0,122,249,0,0,122,249,California
Fresno,2020-12-18,349,598,349,598,0,0,0,0,349,598,0,0,349,598,California
Fresno,2020-12-19,163,761,163,761,0,0,0,0,163,761,0,0,163,761,California
Fresno,2020-12-20,257,1018,255,1016,2,2,0,0,257,1018,0,0,257,1018,California
Fresno,2020-12-21,924,1942,922,1938,2,4,0,0,954,1972,0,0,954,1972,California
Fresno,2020-12-22,905,2847,874,2812,31,35,0,0,909,2881,0,0,909,2881,California
Fresno,2020-12-23,1085,3932,1045,3857,40,75,0,0,1086,3967,0,0,1086,3967,California
Fresno,2020-12-24,592,4524,566,4423,26,101,0,0,592,4559,0,0,592,4559,California
Fresno,2020-12-25,2,4526,1,4424,1,102,0,0,2,4561,0,0,2,4561,California
Fresno,2020-12-26,724,5250,715,5139,9,111,0,0,724,5285,0,0,724,5285,California
Fresno,2020-12-27,307,5557,208,5347,99,210,0,0,307,5592,0,0,307,5592,California
Fresno,2020-12-28,1095,6652,802,6149,293,503,0,0,1095,6687,0,0,1095,6687,California
Fresno,2020-12-29,1757,8409,994,7143,763,1266,0,0,1755,8441,1,1,1755,8442,California
Fresno,2020-12-30,983,9392,445,7588,538,1804,0,0,983,9424,0,1,983,9425,California
Fresno,2020-12-31,927,10319,310,7898,617,2421,0,0,926,10350,0,1,926,10351,California
Fresno,2021-01-01,10,10329,3,7901,7,2428,0,0,10,10360,0,1,10,10361,California
Fresno,2021-01-02,1028,11357,712,8613,316,2744,0,0,1028,11388,0,1,1028,11389,California
Fresno,2021-01-03,155,11512,129,8742,26,2770,0,0,155,11543,0,1,155,11544,California
Fresno,2021-01-04,624,12136,378,9120,246,3016,0,0,624,12167,0,1,624,12168,California
Fresno,2021-01-05,781,12917,311,9431,470,3486,0,0,707,12800,74,75,707,12875,California
Fresno,2021-01-06,987,13904,347,9778,640,4126,0,0,813,13439,174,249,813,13688,California
Fresno,2021-01-07,1896,15800,917,10695,979,5105,0,0,1641,14828,255,504,1644,15332,California
Fresno,2021-01-08,1789,17589,614,11309,1175,6280,0,0,1424,15890,363,867,1425,16757,California
Fresno,2021-01-09,639,18228,392,11701,247,6527,0,0,360,15971,279,1146,360,17117,California
Fresno,2021-01-10,517,18745,487,12188,30,6557,0,0,204,15862,313,1459,204,17321,California
Fresno,2021-01-11,2219,20964,1805,13993,414,6971,0,0,1525,16697,694,2153,1529,18850,California
Fresno,2021-01-12,2524,23488,1826,15819,698,7669,0,0,1673,17519,853,3006,1675,20525,California
Fresno,2021-01-13,3560,27048,2435,18254,1125,8794,0,0,2706,19375,854,3860,2710,23235,California
Fresno,2021-01-14,4142,31190,2184,20438,1958,10752,0,0,3669,22572,472,4332,3669,26904,California
Fresno,2021-01-15,3661,34851,2533,22971,1128,11880,0,0,3303,25521,358,4690,3307,30211,California
Fresno,2021-01-16,3145,37996,2309,25280,836,12716,0,0,2674,27727,470,5160,2676,32887,California
Fresno,2021-01-17,979,38975,557,25837,422,13138,0,0,779,28306,200,5360,779,33666,California
Fresno,2021-01-18,3079,42054,2373,28210,706,13844,0,0,2422,30075,655,6015,2424,36090,California
Fresno,2021-01-19,4405,46459,2625,30835,1780,15624,0,0,3688,33050,717,6732,3692,39782,California
Fresno,2021-01-20,3024,49483,1215,32050,1809,17433,0,0,2709,35449,313,7045,2712,42494,California
Fresno,2021-01-21,4387,53870,2033,34083,2354,19787,0,0,4027,39145,337,7382,4033,46527,California
Fresno,2021-01-22,3306,57176,1346,35429,1960,21747,0,0,2922,41700,368,7750,2923,49450,California
Fresno,2021-01-23,3053,60229,1978,37407,1075,22822,0,0,2330,43313,722,8472,2335,51785,California
Fresno,2021-01-24,560,60789,377,37784,183,23005,0,0,351,43457,209,8681,353,52138,California
Fresno,2021-01-25,2433,63222,861,38645,1572,24577,0,0,1857,44741,576,9257,1860,53998,California
Fresno,2021-01-26,2084,65306,593,39238,1491,26068,0,0,1322,45304,760,10017,1323,55321,California
Fresno,2021-01-27,2310,67616,1138,40376,1172,27240,0,0,1730,46458,579,10596,1733,57054,California
Fresno,2021-01-28,4556,72172,3054,43430,1502,28742,0,0,3480,48868,1073,11669,3483,60537,California
Fresno,2021-01-29,1702,73874,975,44405,727,29469,0,0,1401,49973,297,11966,1402,61939,California
Fresno,2021-01-30,1443,75317,545,44950,898,30367,0,0,1023,50576,420,12386,1023,62962,California
Fresno,2021-01-31,230,75547,219,45169,11,30378,0,0,76,50498,154,12540,76,63038,California
Fresno,2021-02-01,3342,78889,1667,46836,1675,32053,0,0,1784,50735,1557,14097,1794,64832,California
Fresno,2021-02-02,2731,81620,558,47394,2173,34226,0,0,1588,51211,1128,15225,1604,66436,California
Fresno,2021-02-03,3558,85178,2105,49499,1453,35679,0,0,1545,50753,2004,17229,1546,67982,California
Fresno,2021-02-04,4191,89369,1893,51392,2298,37977,0,0,1925,50447,2236,19465,1930,69912,California
Fresno,2021-02-05,5329,94698,2721,54113,2608,40585,0,0,2295,49717,3029,22494,2299,72211,California
Fresno,2021-02-06,2925,97623,2038,56151,887,41472,0,0,967,48734,1951,24445,968,73179,California
Fresno,2021-02-07,469,98092,287,56438,182,41654,0,0,273,48812,195,24640,273,73452,California
Fresno,2021-02-08,4274,102366,2285,58723,1989,43643,0,0,1805,48170,2456,27096,1814,75266,California
Fresno,2021-02-09,5322,107688,2093,60816,3229,46872,0,0,3110,49152,2137,29233,3119,78385,California
Fresno,2021-02-10,3882,111570,1231,62047,2651,49523,0,0,1974,49282,1856,31089,1986,80371,California
Fresno,2021-02-11,6444,118014,2086,64133,4358,53881,0,0,3344,49548,3083,34172,3349,83720,California
Fresno,2021-02-12,5391,123405,1385,65518,4006,57887,0,0,2727,49639,2645,36817,2736,86456,California
Fresno,2021-02-13,3741,127146,1558,67076,2183,60070,0,0,2083,50081,1646,38463,2088,88544,California
Fresno,2021-02-14,1564,128710,282,67358,1282,61352,0,0,838,50196,725,39188,840,89384,California
Fresno,2021-02-15,2893,131603,268,67626,2625,63977,0,0,1797,50905,1092,40280,1801,91185,California
Fresno,2021-02-16,6685,138288,2402,70028,4283,68260,0,0,4231,52705,2437,42717,4237,95422,California
Fresno,2021-02-17,5319,143607,2444,72472,2875,71135,0,0,2987,53407,2289,45006,2991,98413,California
Fresno,2021-02-18,6845,150452,2893,75365,3952,75087,0,0,2573,51761,4230,49236,2584,100997,California
Fresno,2021-02-19,3835,154287,1098,76463,2737,77824,0,0,1818,51577,2005,51241,1821,102818,California
Fresno,2021-02-20,4518,158805,2477,78940,2041,79865,0,0,3039,53149,1473,52714,3045,105863,California
Fresno,2021-02-21,188,158993,169,79109,19,79884,0,0,125,53225,49,52763,125,105988,California
Fresno,2021-02-22,2235,161228,998,80107,1237,81121,0,0,1235,53472,990,53753,1237,107225,California
Fresno,2021-02-23,4684,165912,2265,82372,2419,83540,0,0,3804,56410,868,54621,3806,111031,California
Fresno,2021-02-24,4208,170120,1503,83875,2705,86245,0,0,3446,59106,751,55372,3447,114478,California
Fresno,2021-02-25,8698,178818,3745,87620,4953,91198,0,0,7209,64900,1423,56795,7217,121695,California
Fresno,2021-02-26,9019,187837,3702,91322,5317,96515,0,0,7706,71323,1289,58084,7712,129407,California
Fresno,2021-02-27,7276,195113,3162,94484,4113,100628,1,1,6566,77198,695,58779,6570,135977,California
Fresno,2021-02-28,1647,196760,527,95011,1120,101748,0,1,1557,78679,77,58856,1558,137535,California
Fresno,2021-03-01,5098,201858,1321,96332,3777,105525,0,1,3692,80982,1393,60249,3696,141231,California
Fresno,2021-03-02,9864,211722,3384,99716,6480,112005,0,1,8477,88122,1363,61612,8503,149734,California
Fresno,2021-03-03,6930,218652,1689,101405,5240,117245,1,2,5921,93160,995,62607,6033,155767,California
Fresno,2021-03-04,10446,229098,4129,105534,6317,123562,0,2,8704,100159,1714,64321,8713,164480,California
Fresno,2021-03-05,9303,238401,3625,109159,5676,129238,2,4,8028,107120,1143,65464,8104,172584,California
Fresno,2021-03-06,7005,245406,3955,113114,2932,132170,118,122,6014,112273,983,66447,6136,178720,California
Fresno,2021-03-07,1494,246900,681,113795,775,132945,38,160,1264,113349,227,66674,1303,180023,California
Fresno,2021-03-08,5294,252194,2023,115818,3120,136065,151,311,4003,116234,1280,67954,4165,184188,California
Fresno,2021-03-09,8612,260806,3783,119601,4558,140623,271,582,4644,117239,3947,71901,4952,189140,California
Fresno,2021-03-10,6827,267633,2856,122457,3583,144206,388,970,5370,121557,1448,73349,5766,194906,California
Fresno,2021-03-11,11595,279228,4580,127037,6470,150676,545,1515,6313,123236,5256,78605,6935,201841,California
Fresno,2021-03-12,12033,291261,5131,132168,6475,157151,427,1942,9051,129889,2964,81569,9617,211458,California
Fresno,2021-03-13,8320,299581,4051,136219,3254,160405,1015,2957,4020,130721,4279,85848,5111,216569,California
Fresno,2021-03-14,1769,301350,480,136699,1001,161406,288,3245,667,130586,1090,86938,955,217524,California
Fresno,2021-03-15,7133,308483,3170,139869,3787,165193,176,3421,4929,133698,2189,89127,5301,222825,California
Fresno,2021-03-16,10223,318706,4542,144411,5289,170482,392,3813,5423,134842,4768,93895,5912,228737,California
Fresno,2021-03-17,8675,327381,3926,148337,4041,174523,708,4521,5858,139019,2793,96688,6970,235707,California
Fresno,2021-03-18,12481,339862,6730,155067,5077,179600,674,5195,6994,141739,5438,102126,8158,243865,California
Fresno,2021-03-19,11172,351034,5887,160954,4671,184271,614,5809,6852,145288,4291,106417,7840,251705,California
Fresno,2021-03-20,7620,358654,4598,165552,2696,186967,326,6135,3765,145867,3830,110247,4409,256114,California
Fresno,2021-03-21,1795,360449,1206,166758,208,187175,381,6516,967,146396,820,111067,1349,257463,California
Fresno,2021-03-22,5669,366118,2895,169653,2175,189350,599,7115,3794,149171,1859,112926,4634,262097,California
Fresno,2021-03-23,10572,376690,5253,174906,4814,194164,505,7620,5052,149673,5497,118423,5999,268096,California
Fresno,2021-03-24,8861,385551,3833,178739,4197,198361,831,8451,4975,151684,3849,122272,5860,273956,California
Fresno,2021-03-25,12215,397766,5691,184430,5717,204078,807,9258,4754,149918,7410,129682,5644,279600,California
Fresno,2021-03-26,12215,409981,5455,189885,6123,210201,637,9895,4452,147322,7710,137392,5114,284714,California
Fresno,2021-03-27,9885,419866,4609,194494,4190,214391,1086,10981,2955,144478,6891,144283,4047,288761,California
Fresno,2021-03-28,3425,423291,1325,195819,1406,215797,694,11675,1115,144433,2302,146585,2257,291018,California
Fresno,2021-03-29,5988,429279,2002,197821,3446,219243,540,12215,2888,144804,3071,149656,3442,294460,California
Fresno,2021-03-30,10917,440196,4267,202088,5753,224996,897,13112,3853,142522,7033,156689,4751,299211,California
Fresno,2021-03-31,9694,449890,3378,205466,5322,230318,994,14106,3747,141353,5904,162593,4735,303946,California
Fresno,2021-04-01,12202,462092,4209,209675,7131,237449,862,14968,4062,138196,8037,170630,4880,308826,California
Fresno,2021-04-02,12080,474172,4629,214304,6659,244108,792,15760,4282,135639,7636,178266,5079,313905,California
Fresno,2021-04-03,6409,480581,3526,217830,2625,246733,258,16018,2148,133839,4242,182508,2442,316347,California
Fresno,2021-04-04,1501,482082,535,218365,921,247654,45,16063,547,133488,944,183452,593,316940,California
Fresno,2021-04-05,8329,490411,4468,222833,3056,250710,805,16868,2441,130932,5871,189323,3315,320255,California
Fresno,2021-04-06,9634,500045,4036,226869,4409,255119,1189,18057,3553,129651,6040,195363,4759,325014,California
Fresno,2021-04-07,10611,510656,5491,232360,3908,259027,1212,19269,3554,127429,7012,202375,4790,329804,California
Fresno,2021-04-08,10962,521618,5177,237537,4620,263647,1165,20434,3440,124602,7472,209847,4645,334449,California
Fresno,2021-04-09,11269,532887,5352,242889,4515,268162,1402,21836,3619,122040,7601,217448,5039,339488,California
Fresno,2021-04-10,7881,540768,5143,248032,2214,270376,524,22360,3669,122033,4200,221648,4193,343681,California
Fresno,2021-04-11,1391,542159,935,248967,365,270741,91,22451,447,121633,939,222587,539,344220,California
Fresno,2021-04-12,7277,549436,3812,252779,2539,273280,926,23377,2356,120021,4892,227479,3280,347500,California
Fresno,2021-04-13,8955,558391,4285,257064,4602,277882,68,23445,3506,118277,5412,232891,3668,351168,California
Fresno,2021-04-14,9508,567899,5766,262830,3741,281623,1,23446,3773,116408,5692,238583,3823,354991,California
Fresno,2021-04-15,8444,576343,4208,267038,4233,285856,3,23449,3198,114396,5218,243801,3206,358197,California
Fresno,2021-04-16,9393,585736,4635,271673,4756,290612,2,23451,3887,112823,5467,249268,3894,362091,California
Fresno,2021-04-17,5561,591297,3718,275391,1843,292455,0,23451,2640,112565,2900,252168,2642,364733,California
Fresno,2021-04-18,1026,592323,558,275949,468,292923,0,23451,470,112484,551,252719,470,365203,California
Fresno,2021-04-19,5560,597883,3017,278966,2540,295463,3,23454,2246,111460,3276,255995,2252,367455,California
Fresno,2021-04-20,6901,604784,3428,282394,3464,298927,9,23463,2614,109820,4263,260258,2623,370078,California
Fresno,2021-04-21,6365,611149,3520,285914,2837,301764,8,23471,2651,108802,3681,263939,2663,372741,California
Fresno,2021-04-22,6350,617499,3160,289074,3189,304953,1,23472,2311,107138,3979,267918,2315,375056,California
Fresno,2021-04-23,7096,624595,3819,292893,3260,308213,17,23489,2717,105570,4290,272208,2722,377778,California
Fresno,2021-04-24,4163,628758,2490,295383,1673,309886,0,23489,1918,105256,2232,274440,1918,379696,California
Fresno,2021-04-25,1366,630124,549,295932,815,310701,2,23491,682,105262,678,275118,684,380380,California
Fresno,2021-04-26,4234,634358,2137,298069,2052,312753,45,23536,1803,104708,2401,277519,1847,382227,California
Fresno,2021-04-27,4822,639180,2442,300511,2255,315008,125,23661,1894,103820,2906,280425,2018,384245,California
Fresno,2021-04-28,4771,643951,2667,303178,1974,316982,130,23791,1985,103172,2764,283189,2116,386361,California
Fresno,2021-04-29,4781,648732,2653,305831,1992,318974,136,23927,1803,102162,2947,286136,1937,388298,California
Fresno,2021-04-30,5408,654140,3290,309121,1985,320959,133,24060,2157,101230,3221,289357,2289,390587,California
Fresno,2021-05-01,4181,658321,3449,312570,594,321553,138,24198,1236,99675,2927,292284,1372,391959,California
Fresno,2021-05-02,1248,659569,770,313340,427,321980,51,24249,614,99717,622,292906,664,392623,California
Fresno,2021-05-03,4018,663587,2691,316031,1135,323115,192,24441,1301,98515,2690,295596,1488,394111,California
Fresno,2021-05-04,4827,668414,2497,318528,2178,325293,152,24593,1547,96963,3253,298849,1701,395812,California
Fresno,2021-05-05,5083,673497,3142,321670,1716,327009,225,24818,1580,95287,3478,302327,1802,397614,California
Fresno,2021-05-06,4115,677612,2543,324213,1467,328476,105,24923,1401,94109,2684,305011,1506,399120,California
Fresno,2021-05-07,5006,682618,3285,327498,1555,330031,166,25089,1553,92395,3430,308441,1716,400836,California
Fresno,2021-05-08,3894,686512,2483,329981,1263,331294,148,25237,1172,91015,2701,311142,1321,402157,California
Fresno,2021-05-09,672,687184,345,330326,284,331578,43,25280,335,91062,331,311473,378,402535,California
Fresno,2021-05-10,2949,690133,1575,331901,1233,332811,141,25421,917,90096,2024,313497,1058,403593,California
Fresno,2021-05-11,3735,693868,1926,333827,1714,334525,95,25516,1202,88872,2521,316018,1297,404890,California
Fresno,2021-05-12,3987,697855,2557,336384,1266,335791,164,25680,1454,87982,2508,318526,1618,406508,California
Fresno,2021-05-13,3840,701695,2122,338506,1614,337405,104,25784,1737,87758,2065,320591,1841,408349,California
Fresno,2021-05-14,5008,706703,3010,341516,1814,339219,184,25968,2132,87231,2844,323435,2317,410666,California
Fresno,2021-05-15,3572,710275,2668,344184,774,339993,130,26098,1816,87430,1746,325181,1945,412611,California
Fresno,2021-05-16,1441,711716,944,345128,463,340456,34,26132,812,87653,624,325805,847,413458,California
Fresno,2021-05-17,4167,715883,2817,347945,1191,341647,159,26291,2242,88155,1898,327703,2400,415858,California
Fresno,2021-05-18,4101,719984,2536,350481,1412,343059,153,26444,2099,88425,1979,329682,2249,418107,California
Fresno,2021-05-19,4335,724319,2763,353244,1397,344456,175,26619,2107,88501,2205,331887,2281,420388,California
Fresno,2021-05-20,4079,728398,2435,355679,1458,345914,186,26805,1904,88430,2159,334046,2088,422476,California
Fresno,2021-05-21,4560,732958,2983,358662,1485,347399,92,26897,2072,88133,2460,336506,2163,424639,California
Fresno,2021-05-22,3932,736890,2915,361577,844,348243,173,27070,2265,88918,1651,338157,2436,427075,California
Fresno,2021-05-23,900,737790,570,362147,301,348544,29,27099,462,88981,428,338585,491,427566,California
Fresno,2021-05-24,3219,741009,2023,364170,1082,349626,114,27213,1494,88887,1702,340287,1608,429174,California
Fresno,2021-05-25,3201,744210,1926,366096,1151,350777,124,27337,1372,88568,1815,342102,1496,430670,California
Fresno,2021-05-26,3238,747448,2138,368234,994,351771,106,27443,1650,88753,1569,343671,1754,432424,California
Fresno,2021-05-27,3134,750582,1909,370143,1119,352890,106,27549,1414,88580,1694,345365,1521,433945,California
Fresno,2021-05-28,3405,753987,2204,372347,1106,353996,95,27644,1885,89060,1501,346866,1981,435926,California
Fresno,2021-05-29,2274,756261,1656,374003,547,354543,71,27715,1250,89368,1014,347880,1322,437248,California
Fresno,2021-05-30,887,757148,534,374537,318,354861,35,27750,428,89389,442,348322,463,437711,California
Fresno,2021-05-31,318,757466,159,374696,147,355008,12,27762,136,89359,176,348498,146,437857,California
Fresno,2021-06-01,3014,760480,1815,376511,1105,356113,94,27856,1226,88915,1764,350262,1320,439177,California
Fresno,2021-06-02,2651,763131,1710,378221,851,356964,90,27946,1085,88555,1536,351798,1176,440353,California
Fresno,2021-06-03,2930,766061,2014,380235,815,357779,101,28047,1197,88138,1713,353511,1296,441649,California
Fresno,2021-06-04,3228,769289,2345,382580,783,358562,100,28147,1117,87269,2087,355598,1218,442867,California
Fresno,2021-06-05,3092,772381,2291,384871,683,359245,118,28265,1249,86808,1824,357422,1363,444230,California
Fresno,2021-06-06,1166,773547,928,385799,201,359446,37,28302,413,86511,747,358169,450,444680,California
Fresno,2021-06-07,3073,776620,2422,388221,561,360007,90,28392,900,85350,2151,360320,990,445670,California
Fresno,2021-06-08,2603,779223,1944,390165,591,360598,68,28460,806,84436,1788,362108,874,446544,California
Fresno,2021-06-09,2377,781600,1764,391929,529,361127,84,28544,770,83693,1596,363704,853,447397,California
Fresno,2021-06-10,2121,783721,1542,393471,514,361641,65,28609,703,83062,1399,365103,768,448165,California
Fresno,2021-06-11,2106,785827,1416,394887,589,362230,101,28710,772,82625,1310,366413,873,449038,California
Fresno,2021-06-12,1646,787473,1405,396292,115,362345,126,28836,380,81871,1256,367669,502,449540,California
Glenn,2020-12-17,1,1,1,1,0,0,0,0,1,1,0,0,1,1,California
Glenn,2020-12-20,1,2,1,2,0,0,0,0,1,2,0,0,1,2,California
Glenn,2020-12-21,11,13,11,13,0,0,0,0,11,13,0,0,11,13,California
Glenn,2020-12-22,61,74,61,74,0,0,0,0,61,74,0,0,61,74,California
Glenn,2020-12-23,28,102,28,102,0,0,0,0,28,102,0,0,28,102,California
Glenn,2020-12-24,9,111,9,111,0,0,0,0,9,111,0,0,9,111,California
Glenn,2020-12-26,2,113,2,113,0,0,0,0,2,113,0,0,2,113,California
Glenn,2020-12-27,4,117,4,117,0,0,0,0,4,117,0,0,4,117,California
Glenn,2020-12-28,20,137,20,137,0,0,0,0,20,137,0,0,20,137,California
Glenn,2020-12-29,81,218,81,218,0,0,0,0,81,218,0,0,81,218,California
Glenn,2020-12-30,127,345,104,322,23,23,0,0,127,345,0,0,127,345,California
Glenn,2020-12-31,38,383,9,331,29,52,0,0,38,383,0,0,38,383,California
Glenn,2021-01-02,4,387,4,335,0,52,0,0,4,387,0,0,4,387,California
Glenn,2021-01-04,7,394,5,340,2,54,0,0,7,394,0,0,7,394,California
Glenn,2021-01-05,12,406,9,349,3,57,0,0,12,406,0,0,12,406,California
Glenn,2021-01-06,59,465,8,357,51,108,0,0,59,465,0,0,59,465,California
Glenn,2021-01-07,65,530,11,368,54,162,0,0,64,528,1,1,64,529,California
Glenn,2021-01-08,12,542,9,377,3,165,0,0,12,540,0,1,12,541,California
Glenn,2021-01-10,1,543,1,378,0,165,0,0,0,539,1,2,0,541,California
Glenn,2021-01-11,29,572,29,407,0,165,0,0,12,534,17,19,12,553,California
Glenn,2021-01-12,44,616,39,446,5,170,0,0,14,518,30,49,14,567,California
Glenn,2021-01-13,221,837,158,604,63,233,0,0,176,650,45,94,177,744,California
Glenn,2021-01-14,116,953,28,632,88,321,0,0,106,746,10,104,106,850,California
Glenn,2021-01-15,41,994,34,666,7,328,0,0,36,777,5,109,36,886,California
Glenn,2021-01-16,33,1027,14,680,19,347,0,0,23,790,10,119,23,909,California
Glenn,2021-01-17,4,1031,2,682,2,349,0,0,2,790,2,121,2,911,California
Glenn,2021-01-18,17,1048,16,698,1,350,0,0,9,791,8,129,9,920,California
Glenn,2021-01-19,30,1078,20,718,10,360,0,0,13,787,17,146,13,933,California
Glenn,2021-01-20,162,1240,93,811,69,429,0,0,82,789,80,226,82,1015,California
Glenn,2021-01-21,121,1361,95,906,26,455,0,0,30,728,91,317,30,1045,California
Glenn,2021-01-22,342,1703,64,970,278,733,0,0,335,1056,7,324,335,1380,California
Glenn,2021-01-23,15,1718,9,979,6,739,0,0,11,1063,4,328,11,1391,California
Glenn,2021-01-24,2,1720,2,981,0,739,0,0,2,1065,0,328,2,1393,California
Glenn,2021-01-25,27,1747,9,990,18,757,0,0,24,1086,3,331,24,1417,California
Glenn,2021-01-26,31,1778,15,1005,16,773,0,0,24,1103,7,338,24,1441,California
Glenn,2021-01-27,187,1965,12,1017,175,948,0,0,165,1246,22,360,165,1606,California
Glenn,2021-01-28,148,2113,8,1025,140,1088,0,0,118,1334,30,390,118,1724,California
Glenn,2021-01-29,299,2412,12,1037,287,1375,0,0,285,1605,14,404,285,2009,California
Glenn,2021-01-30,3,2415,0,1037,3,1378,0,0,3,1608,0,404,3,2012,California
Glenn,2021-01-31,1,2416,0,1037,1,1379,0,0,1,1609,0,404,1,2013,California
Glenn,2021-02-01,30,2446,11,1048,19,1398,0,0,18,1615,12,416,18,2031,California
Glenn,2021-02-02,30,2476,15,1063,15,1413,0,0,20,1625,10,426,20,2051,California
Glenn,2021-02-03,274,2750,126,1189,148,1561,0,0,130,1612,144,570,131,2182,California
Glenn,2021-02-04,80,2830,14,1203,66,1627,0,0,25,1582,55,625,25,2207,California
Glenn,2021-02-05,326,3156,25,1228,301,1928,0,0,305,1866,21,646,305,2512,California
Glenn,2021-02-06,17,3173,2,1230,15,1943,0,0,16,1881,1,647,16,2528,California
Glenn,2021-02-07,2,3175,2,1232,0,1943,0,0,2,1883,0,647,2,2530,California
Glenn,2021-02-08,20,3195,17,1249,3,1946,0,0,4,1871,16,663,4,2534,California
Glenn,2021-02-09,49,3244,19,1268,30,1976,0,0,34,1890,15,678,34,2568,California
Glenn,2021-02-10,137,3381,19,1287,118,2094,0,0,66,1885,71,749,66,2634,California
Glenn,2021-02-11,234,3615,134,1421,100,2194,0,0,152,1954,83,832,152,2786,California
Glenn,2021-02-12,418,4033,98,1519,320,2514,0,0,354,2244,64,896,354,3140,California
Glenn,2021-02-13,36,4069,8,1527,28,2542,0,0,17,2242,19,915,17,3157,California
Glenn,2021-02-14,1,4070,0,1527,1,2543,0,0,1,2243,0,915,1,3158,California
Glenn,2021-02-15,8,4078,0,1527,8,2551,0,0,8,2251,0,915,8,3166,California
Glenn,2021-02-16,39,4117,9,1536,30,2581,0,0,21,2254,18,933,21,3187,California
Glenn,2021-02-17,380,4497,13,1549,367,2948,0,0,304,2482,76,1009,304,3491,California
Glenn,2021-02-18,136,4633,101,1650,35,2983,0,0,112,2570,24,1033,112,3603,California
Glenn,2021-02-19,306,4939,16,1666,290,3273,0,0,28,2320,278,1311,28,3631,California
Glenn,2021-02-20,8,4947,0,1666,8,3281,0,0,0,2312,8,1319,0,3631,California
Glenn,2021-02-21,1,4948,1,1667,0,3281,0,0,1,2313,0,1319,1,3632,California
Glenn,2021-02-22,34,4982,15,1682,19,3300,0,0,17,2313,17,1336,17,3649,California
Glenn,2021-02-23,39,5021,10,1692,29,3329,0,0,27,2328,12,1348,27,3676,California
Glenn,2021-02-24,251,5272,49,1741,202,3531,0,0,46,2169,205,1553,46,3722,California
Glenn,2021-02-25,232,5504,118,1859,114,3645,0,0,118,2173,114,1667,118,3840,California
Glenn,2021-02-26,308,5812,24,1883,284,3929,0,0,20,1906,287,1954,20,3860,California
Glenn,2021-02-27,13,5825,4,1887,9,3938,0,0,5,1904,7,1961,5,3865,California
Glenn,2021-02-28,6,5831,3,1890,3,3941,0,0,3,1905,2,1963,3,3868,California
Glenn,2021-03-01,28,5859,6,1896,22,3963,0,0,12,1901,16,1979,12,3880,California
Glenn,2021-03-02,35,5894,8,1904,27,3990,0,0,17,1900,18,1997,17,3897,California
Glenn,2021-03-03,192,6086,38,1942,154,4144,0,0,101,1912,89,2086,101,3998,California
Glenn,2021-03-04,519,6605,176,2118,343,4487,0,0,373,2139,146,2232,373,4371,California
Glenn,2021-03-05,361,6966,47,2165,314,4801,0,0,34,1846,327,2559,34,4405,California
Glenn,2021-03-06,29,6995,3,2168,25,4826,1,1,9,1836,20,2579,10,4415,California
Glenn,2021-03-07,5,7000,0,2168,5,4831,0,1,3,1838,1,2580,3,4418,California
Glenn,2021-03-08,20,7020,2,2170,17,4848,1,2,18,1855,2,2582,19,4437,California
Glenn,2021-03-09,82,7102,12,2182,67,4915,3,5,54,1883,28,2610,56,4493,California
Glenn,2021-03-10,172,7274,69,2251,101,5016,2,7,95,1903,77,2687,97,4590,California
Glenn,2021-03-11,585,7859,168,2419,394,5410,23,30,455,2251,130,2817,478,5068,California
Glenn,2021-03-12,417,8276,13,2432,342,5752,62,92,41,1978,376,3193,103,5171,California
Glenn,2021-03-13,13,8289,1,2433,4,5756,8,100,1,1975,12,3205,9,5180,California
Glenn,2021-03-14,2,8291,1,2434,1,5757,0,100,0,1973,2,3207,0,5180,California
Glenn,2021-03-15,76,8367,15,2449,56,5813,5,105,61,2024,15,3222,66,5246,California
Glenn,2021-03-16,109,8476,34,2483,65,5878,10,115,69,2063,40,3262,79,5325,California
Glenn,2021-03-17,420,8896,99,2582,314,6192,7,122,116,1880,304,3566,121,5446,California
Glenn,2021-03-18,521,9417,216,2798,49,6241,256,378,143,1900,378,3944,398,5844,California
Glenn,2021-03-19,97,9514,16,2814,75,6316,6,384,76,1962,20,3964,82,5926,California
Glenn,2021-03-20,132,9646,2,2816,129,6445,1,385,130,2091,2,3966,131,6057,California
Glenn,2021-03-21,6,9652,5,2821,0,6445,1,386,3,2093,2,3968,4,6061,California
Glenn,2021-03-22,122,9774,54,2875,61,6506,7,393,103,2186,17,3985,110,6171,California
Glenn,2021-03-23,175,9949,66,2941,60,6566,49,442,104,2270,69,4054,153,6324,California
Glenn,2021-03-24,209,10158,102,3043,102,6668,5,447,136,2339,72,4126,141,6465,California
Glenn,2021-03-25,472,10630,230,3273,148,6816,94,541,345,2652,126,4252,439,6904,California
Glenn,2021-03-26,240,10870,36,3309,168,6984,36,577,190,2828,50,4302,226,7130,California
Glenn,2021-03-27,162,11032,18,3327,138,7122,6,583,153,2978,9,4311,159,7289,California
Glenn,2021-03-28,15,11047,10,3337,5,7127,0,583,10,2983,5,4316,10,7299,California
Glenn,2021-03-29,61,11108,20,3357,38,7165,3,586,47,3019,14,4330,50,7349,California
Glenn,2021-03-30,72,11180,41,3398,30,7195,1,587,42,3034,28,4358,43,7392,California
Glenn,2021-03-31,123,11303,35,3433,87,7282,1,588,54,3021,68,4426,55,7447,California
Glenn,2021-04-01,655,11958,187,3620,459,7741,9,597,244,2866,408,4834,253,7700,California
Glenn,2021-04-02,168,12126,26,3646,131,7872,11,608,133,2975,35,4869,144,7844,California
Glenn,2021-04-03,96,12222,4,3650,85,7957,7,615,85,3056,11,4880,92,7936,California
Glenn,2021-04-04,9,12231,3,3653,4,7961,2,617,5,3059,4,4884,7,7943,California
Glenn,2021-04-05,65,12296,25,3678,27,7988,13,630,28,3063,37,4921,41,7984,California
Glenn,2021-04-06,144,12440,52,3730,53,8041,39,669,36,3030,107,5028,74,8058,California
Glenn,2021-04-07,162,12602,48,3778,60,8101,54,723,75,3072,87,5115,129,8187,California
Glenn,2021-04-08,644,13246,190,3968,420,8521,34,757,138,2740,504,5619,172,8359,California
Glenn,2021-04-09,158,13404,56,4024,86,8607,16,773,101,2800,57,5676,117,8476,California
Glenn,2021-04-10,76,13480,1,4025,61,8668,14,787,59,2857,16,5692,73,8549,California
Glenn,2021-04-11,16,13496,8,4033,3,8671,5,792,7,2860,9,5701,12,8561,California
Glenn,2021-04-12,115,13611,25,4058,61,8732,29,821,20,2814,95,5796,49,8610,California
Glenn,2021-04-13,119,13730,63,4121,56,8788,0,821,30,2756,88,5884,30,8640,California
Glenn,2021-04-14,121,13851,45,4166,76,8864,0,821,68,2771,53,5937,68,8708,California
Glenn,2021-04-15,361,14212,275,4441,86,8950,0,821,121,2652,240,6177,121,8829,California
Glenn,2021-04-16,167,14379,41,4482,126,9076,0,821,77,2640,90,6267,78,8907,California
Glenn,2021-04-17,166,14545,16,4498,150,9226,0,821,27,2536,131,6398,27,8934,California
Glenn,2021-04-18,16,14561,3,4501,13,9239,0,821,13,2546,3,6401,13,8947,California
Glenn,2021-04-19,83,14644,17,4518,66,9305,0,821,22,2508,60,6461,22,8969,California
Glenn,2021-04-20,127,14771,82,4600,45,9350,0,821,54,2489,73,6534,54,9023,California
Glenn,2021-04-21,411,15182,310,4910,101,9451,0,821,280,2638,131,6665,280,9303,California
Glenn,2021-04-22,211,15393,48,4958,163,9614,0,821,33,2494,177,6842,33,9336,California
Glenn,2021-04-23,180,15573,24,4982,156,9770,0,821,41,2397,138,6980,41,9377,California
Glenn,2021-04-24,180,15753,32,5014,148,9918,0,821,31,2279,149,7129,31,9408,California
Glenn,2021-04-25,30,15783,18,5032,12,9930,0,821,22,2293,8,7137,22,9430,California
Glenn,2021-04-26,48,15831,12,5044,36,9966,0,821,19,2283,29,7166,19,9449,California
Glenn,2021-04-27,63,15894,48,5092,10,9976,5,826,32,2288,31,7197,36,9485,California
Glenn,2021-04-28,259,16153,179,5271,69,10045,11,837,129,2299,129,7326,140,9625,California
Glenn,2021-04-29,183,16336,23,5294,158,10203,2,839,36,2190,147,7473,38,9663,California
Glenn,2021-04-30,157,16493,35,5329,120,10323,2,841,38,2111,119,7592,40,9703,California
Glenn,2021-05-01,108,16601,13,5342,94,10417,1,842,25,2054,83,7675,26,9729,California
Glenn,2021-05-02,30,16631,12,5354,9,10426,9,851,15,2063,15,7690,24,9753,California
Glenn,2021-05-03,38,16669,24,5378,13,10439,1,852,14,2054,24,7714,15,9768,California
Glenn,2021-05-04,56,16725,32,5410,19,10458,5,857,28,2059,28,7742,33,9801,California
Glenn,2021-05-05,121,16846,34,5444,77,10535,10,867,51,2050,70,7812,61,9862,California
Glenn,2021-05-06,111,16957,41,5485,65,10600,5,872,41,2026,70,7882,46,9908,California
Glenn,2021-05-07,119,17076,32,5517,78,10678,9,881,30,1977,88,7970,39,9947,California
Glenn,2021-05-08,66,17142,12,5529,50,10728,4,885,21,1958,44,8014,25,9972,California
Glenn,2021-05-09,17,17159,11,5540,6,10734,0,885,13,1967,4,8018,13,9985,California
Glenn,2021-05-10,37,17196,15,5555,17,10751,5,890,14,1963,23,8041,19,10004,California
Glenn,2021-05-11,79,17275,56,5611,14,10765,9,899,16,1925,63,8104,25,10029,California
Glenn,2021-05-12,334,17609,252,5863,68,10833,14,913,53,1711,281,8385,67,10096,California
Glenn,2021-05-13,157,17766,59,5922,80,10913,18,931,68,1708,89,8474,86,10182,California
Glenn,2021-05-14,105,17871,25,5947,75,10988,5,936,41,1690,64,8538,46,10228,California
Glenn,2021-05-15,69,17940,40,5987,26,11014,3,939,36,1696,32,8570,38,10266,California
Glenn,2021-05-16,31,17971,18,6005,13,11027,0,939,9,1683,22,8592,9,10275,California
Glenn,2021-05-17,86,18057,61,6066,21,11048,4,943,60,1721,26,8618,64,10339,California
Glenn,2021-05-18,68,18125,49,6115,14,11062,5,948,22,1702,46,8664,27,10366,California
Glenn,2021-05-19,194,18319,114,6229,68,11130,12,960,72,1664,121,8785,83,10449,California
Glenn,2021-05-20,120,18439,77,6306,41,11171,2,962,85,1716,35,8820,87,10536,California
Glenn,2021-05-21,70,18509,26,6332,43,11214,1,963,30,1707,40,8860,31,10567,California
Glenn,2021-05-22,54,18563,23,6355,31,11245,0,963,27,1707,27,8887,27,10594,California
Glenn,2021-05-23,28,18591,15,6370,13,11258,0,963,12,1704,15,8902,12,10606,California
Glenn,2021-05-24,29,18620,10,6380,15,11273,4,967,10,1700,18,8920,14,10620,California
Glenn,2021-05-25,46,18666,35,6415,9,11282,2,969,23,1702,23,8943,25,10645,California
Glenn,2021-05-26,73,18739,14,6429,55,11337,4,973,25,1683,48,8991,29,10674,California
Glenn,2021-05-27,101,18840,62,6491,38,11375,1,974,47,1679,52,9043,48,10722,California
Glenn,2021-05-28,62,18902,18,6509,37,11412,7,981,32,1688,30,9073,39,10761,California
Glenn,2021-05-29,47,18949,11,6520,32,11444,4,985,21,1687,26,9099,25,10786,California
Glenn,2021-05-30,21,18970,13,6533,8,11452,0,985,8,1683,12,9111,8,10794,California
Glenn,2021-05-31,4,18974,0,6533,4,11456,0,985,0,1679,4,9115,0,10794,California
Glenn,2021-06-01,57,19031,32,6565,22,11478,3,988,25,1675,32,9147,28,10822,California
Glenn,2021-06-02,97,19128,48,6613,46,11524,3,991,38,1657,59,9206,41,10863,California
Glenn,2021-06-03,76,19204,42,6655,27,11551,7,998,18,1626,56,9262,25,10888,California
Glenn,2021-06-04,77,19281,36,6691,37,11588,4,1002,41,1635,36,9298,45,10933,California
Glenn,2021-06-05,55,19336,30,6721,22,11610,3,1005,17,1617,38,9336,20,10953,California
Glenn,2021-06-06,31,19367,28,6749,2,11612,1,1006,15,1618,15,9351,16,10969,California
Glenn,2021-06-07,67,19434,59,6808,7,11619,1,1007,13,1579,53,9404,14,10983,California
Glenn,2021-06-08,35,19469,19,6827,11,11630,5,1012,16,1581,19,9423,21,11004,California
Glenn,2021-06-09,55,19524,28,6855,20,11650,7,1019,28,1589,27,9450,35,11039,California
Glenn,2021-06-10,107,19631,77,6932,24,11674,6,1025,27,1542,80,9530,33,11072,California
Glenn,2021-06-11,73,19704,45,6977,26,11700,2,1027,17,1505,56,9586,19,11091,California
Glenn,2021-06-12,14,19718,2,6979,10,11710,2,1029,5,1503,9,9595,7,11098,California
Humboldt,2020-12-15,2,2,2,2,0,0,0,0,2,2,0,0,2,2,California
Humboldt,2020-12-16,16,18,16,18,0,0,0,0,16,18,0,0,16,18,California
Humboldt,2020-12-17,117,135,117,135,0,0,0,0,117,135,0,0,117,135,California
Humboldt,2020-12-18,177,312,177,312,0,0,0,0,177,312,0,0,177,312,California
Humboldt,2020-12-19,10,322,10,322,0,0,0,0,10,322,0,0,10,322,California
Humboldt,2020-12-20,27,349,27,349,0,0,0,0,27,349,0,0,27,349,California
Humboldt,2020-12-21,166,515,166,515,0,0,0,0,166,515,0,0,166,515,California
Humboldt,2020-12-22,335,850,335,850,0,0,0,0,335,850,0,0,335,850,California
Humboldt,2020-12-23,321,1171,264,1114,57,57,0,0,323,1173,0,0,323,1173,California
Humboldt,2020-12-24,25,1196,2,1116,23,80,0,0,25,1198,0,0,25,1198,California
Humboldt,2020-12-25,2,1198,2,1118,0,80,0,0,2,1200,0,0,2,1200,California
Humboldt,2020-12-26,6,1204,5,1123,1,81,0,0,6,1206,0,0,6,1206,California
Humboldt,2020-12-28,206,1410,148,1271,58,139,0,0,206,1412,0,0,206,1412,California
Humboldt,2020-12-29,181,1591,123,1394,58,197,0,0,182,1594,0,0,182,1594,California
Humboldt,2020-12-30,231,1822,126,1520,105,302,0,0,231,1825,0,0,231,1825,California
Humboldt,2020-12-31,245,2067,80,1600,165,467,0,0,245,2070,0,0,245,2070,California
Humboldt,2021-01-01,2,2069,1,1601,1,468,0,0,2,2072,0,0,2,2072,California
Humboldt,2021-01-02,39,2108,1,1602,38,506,0,0,39,2111,0,0,39,2111,California
Humboldt,2021-01-04,219,2327,143,1745,76,582,0,0,220,2331,0,0,220,2331,California
Humboldt,2021-01-05,133,2460,21,1766,112,694,0,0,133,2463,1,1,133,2464,California
Humboldt,2021-01-06,315,2775,216,1982,99,793,0,0,242,2644,61,62,242,2706,California
Humboldt,2021-01-07,436,3211,323,2305,113,906,0,0,319,2863,100,162,319,3025,California
Humboldt,2021-01-08,426,3637,287,2592,139,1045,0,0,287,3017,133,295,287,3312,California
Humboldt,2021-01-09,67,3704,43,2635,24,1069,0,0,65,3081,2,297,66,3378,California
Humboldt,2021-01-10,84,3788,84,2719,0,1069,0,0,4,3005,80,377,4,3382,California
Humboldt,2021-01-11,291,4079,280,2999,11,1080,0,0,71,2860,216,593,71,3453,California
Humboldt,2021-01-12,502,4581,338,3337,164,1244,0,0,285,2950,195,788,285,3738,California
Humboldt,2021-01-13,498,5079,280,3617,218,1462,0,0,319,3094,176,964,320,4058,California
Humboldt,2021-01-14,549,5628,167,3784,382,1844,0,0,493,3532,56,1020,494,4552,California
Humboldt,2021-01-15,359,5987,28,3812,331,2175,0,0,342,3857,17,1037,342,4894,California
Humboldt,2021-01-16,169,6156,5,3817,164,2339,0,0,168,4024,1,1038,168,5062,California
Humboldt,2021-01-17,6,6162,4,3821,2,2341,0,0,6,4030,0,1038,6,5068,California
Humboldt,2021-01-18,302,6464,267,4088,35,2376,0,0,151,4030,151,1189,151,5219,California
Humboldt,2021-01-19,651,7115,396,4484,255,2631,0,0,522,4429,123,1312,522,5741,California
Humboldt,2021-01-20,917,8032,388,4872,529,3160,0,0,754,5030,155,1467,756,6497,California
Humboldt,2021-01-21,963,8995,261,5133,702,3862,0,0,921,5909,42,1509,921,7418,California
Humboldt,2021-01-22,687,9682,380,5513,307,4169,0,0,677,6577,10,1519,678,8096,California
Humboldt,2021-01-23,924,10606,283,5796,641,4810,0,0,915,7484,9,1528,916,9012,California
Humboldt,2021-01-24,229,10835,1,5797,228,5038,0,0,228,7711,1,1529,228,9240,California
Humboldt,2021-01-25,352,11187,235,6032,117,5155,0,0,154,7667,198,1727,154,9394,California
Humboldt,2021-01-26,544,11731,149,6181,395,5550,0,0,480,8083,64,1791,480,9874,California
Humboldt,2021-01-27,1274,13005,586,6767,688,6238,0,0,1202,9223,64,1855,1204,11078,California
Humboldt,2021-01-28,1463,14468,636,7403,827,7065,0,0,1323,10411,137,1992,1325,12403,California
Humboldt,2021-01-29,1157,15625,548,7951,609,7674,0,0,691,10636,466,2458,691,13094,California
Humboldt,2021-01-30,988,16613,468,8419,520,8194,0,0,975,11599,13,2471,976,14070,California
Humboldt,2021-01-31,316,16929,314,8733,2,8196,0,0,315,11913,1,2472,315,14385,California
Humboldt,2021-02-01,338,17267,195,8928,143,8339,0,0,189,11953,149,2621,189,14574,California
Humboldt,2021-02-02,450,17717,79,9007,371,8710,0,0,345,12198,102,2723,347,14921,California
Humboldt,2021-02-03,672,18389,266,9273,406,9116,0,0,519,12564,153,2876,519,15440,California
Humboldt,2021-02-04,653,19042,260,9533,393,9509,0,0,444,12802,206,3082,444,15884,California
Humboldt,2021-02-05,810,19852,93,9626,717,10226,0,0,623,13238,187,3269,623,16507,California
Humboldt,2021-02-06,1078,20930,466,10092,612,10838,0,0,1033,14228,44,3313,1034,17541,California
Humboldt,2021-02-07,379,21309,9,10101,370,11208,0,0,374,14599,4,3317,375,17916,California
Humboldt,2021-02-08,337,21646,146,10247,191,11399,0,0,179,14621,157,3474,179,18095,California
Humboldt,2021-02-09,502,22148,228,10475,274,11673,0,0,176,14471,326,3800,176,18271,California
Humboldt,2021-02-10,563,22711,372,10847,191,11864,0,0,233,14379,325,4125,233,18504,California
Humboldt,2021-02-11,1315,24026,396,11243,919,12783,0,0,492,14053,820,4945,494,18998,California
Humboldt,2021-02-12,1156,25182,738,11981,418,13201,0,0,708,14313,448,5393,708,19706,California
Humboldt,2021-02-13,1545,26727,597,12578,948,14149,0,0,925,14620,618,6011,925,20631,California
Humboldt,2021-02-14,110,26837,4,12582,106,14255,0,0,107,14725,2,6013,107,20738,California
Humboldt,2021-02-15,294,27131,81,12663,213,14468,0,0,193,14818,100,6113,193,20931,California
Humboldt,2021-02-16,544,27675,121,12784,423,14891,0,0,252,14779,292,6405,253,21184,California
Humboldt,2021-02-17,449,28124,277,13061,172,15063,0,0,131,14593,317,6722,131,21315,California
Humboldt,2021-02-18,1020,29144,598,13659,422,15485,0,0,274,14123,744,7466,274,21589,California
Humboldt,2021-02-19,481,29625,435,14094,46,15531,0,0,90,13825,388,7854,90,21679,California
Humboldt,2021-02-20,1670,31295,1013,15107,657,16188,0,0,484,13129,1183,9037,487,22166,California
Humboldt,2021-02-21,479,31774,471,15578,8,16196,0,0,181,13013,298,9335,182,22348,California
Humboldt,2021-02-22,138,31912,94,15672,44,16240,0,0,29,12935,107,9442,29,22377,California
Humboldt,2021-02-23,181,32093,71,15743,110,16350,0,0,44,12844,135,9577,44,22421,California
Humboldt,2021-02-24,1213,33306,741,16484,472,16822,0,0,586,12804,626,10203,586,23007,California
Humboldt,2021-02-25,834,34140,319,16803,515,17337,0,0,231,12434,601,10804,231,23238,California
Humboldt,2021-02-26,2152,36292,107,16910,2045,19382,0,0,446,11181,1700,12504,447,23685,California
Humboldt,2021-02-27,1710,38002,1090,18000,620,20002,0,0,855,11187,853,13357,859,24544,California
Humboldt,2021-02-28,123,38125,11,18011,112,20114,0,0,117,11298,6,13363,117,24661,California
Humboldt,2021-03-01,257,38382,45,18056,212,20326,0,0,183,11407,74,13437,183,24844,California
Humboldt,2021-03-02,299,38681,50,18106,249,20575,0,0,163,11434,136,13573,163,25007,California
Humboldt,2021-03-03,1667,40348,1101,19207,566,21141,0,0,1223,12220,438,14011,1224,26231,California
Humboldt,2021-03-04,921,41269,112,19319,809,21950,0,0,296,11893,625,14636,298,26529,California
Humboldt,2021-03-05,946,42215,188,19507,747,22697,11,11,387,11735,556,15192,398,26927,California
Humboldt,2021-03-06,1799,44014,941,20448,809,23506,49,60,802,11590,996,16188,851,27778,California
Humboldt,2021-03-07,364,44378,293,20741,53,23559,18,78,157,11558,207,16395,175,27953,California
Humboldt,2021-03-08,278,44656,6,20747,193,23752,79,157,182,11724,95,16490,261,28214,California
Humboldt,2021-03-09,500,45156,207,20954,145,23897,148,305,245,11863,253,16743,392,28606,California
Humboldt,2021-03-10,692,45848,468,21422,70,23967,154,459,420,12164,271,17014,572,29178,California
Humboldt,2021-03-11,1472,47320,458,21880,914,24881,100,559,646,12088,821,17835,745,29923,California
Humboldt,2021-03-12,1748,49068,1083,22963,443,25324,222,781,1052,12677,688,18523,1277,31200,California
Humboldt,2021-03-13,1587,50655,1037,24000,498,25822,52,833,670,12488,911,19434,722,31922,California
Humboldt,2021-03-14,142,50797,19,24019,115,25937,8,841,30,12414,112,19546,38,31960,California
Humboldt,2021-03-15,277,51074,51,24070,204,26141,22,863,59,12277,218,19764,81,32041,California
Humboldt,2021-03-16,636,51710,201,24271,174,26315,261,1124,260,12421,375,20139,519,32560,California
Humboldt,2021-03-17,730,52440,394,24665,228,26543,108,1232,340,12480,389,20528,448,33008,California
Humboldt,2021-03-18,1739,54179,1170,25835,526,27069,43,1275,1041,12870,694,21222,1084,34092,California
Humboldt,2021-03-19,1075,55254,61,25896,700,27769,314,1589,441,12993,631,21853,754,34846,California
Humboldt,2021-03-20,1383,56637,755,26651,614,28383,14,1603,424,12475,957,22810,439,35285,California
Humboldt,2021-03-21,250,56887,33,26684,188,28571,29,1632,205,12663,45,22855,233,35518,California
Humboldt,2021-03-22,118,57005,15,26699,53,28624,50,1682,62,12721,54,22909,112,35630,California
Humboldt,2021-03-23,414,57419,42,26741,329,28953,43,1725,320,12992,92,23001,363,35993,California
Humboldt,2021-03-24,1415,58834,388,27129,979,29932,48,1773,1038,13708,369,23370,1085,37078,California
Humboldt,2021-03-25,1838,60672,1212,28341,564,30496,62,1835,947,13828,889,24259,1009,38087,California
Humboldt,2021-03-26,2041,62713,438,28779,1545,32041,58,1893,1594,15038,441,24700,1651,39738,California
Humboldt,2021-03-27,2079,64792,1498,30277,409,32450,172,2065,1101,15337,974,25674,1273,41011,California
Humboldt,2021-03-28,267,65059,81,30358,114,32564,72,2137,83,15310,183,25857,156,41167,California
Humboldt,2021-03-29,466,65525,124,30482,246,32810,96,2233,197,15334,268,26125,292,41459,California
Humboldt,2021-03-30,944,66469,305,30787,525,33335,114,2347,559,15626,380,26505,672,42131,California
Humboldt,2021-03-31,1869,68338,521,31308,1250,34585,98,2445,1410,16681,455,26960,1510,43641,California
Humboldt,2021-04-01,2112,70450,702,32010,1317,35902,93,2538,1481,17632,623,27583,1574,45215,California
Humboldt,2021-04-02,1721,72171,1111,33121,505,36407,105,2643,617,17256,1098,28681,722,45937,California
Humboldt,2021-04-03,1666,73837,1507,34628,145,36552,14,2657,670,16954,986,29667,684,46621,California
Humboldt,2021-04-04,484,74321,371,34999,104,36656,9,2666,403,17285,81,29748,412,47033,California
Humboldt,2021-04-05,778,75099,463,35462,267,36923,48,2714,442,17441,334,30082,490,47523,California
Humboldt,2021-04-06,844,75943,319,35781,391,37314,134,2848,587,17909,251,30333,719,48242,California
Humboldt,2021-04-07,1498,77441,1067,36848,291,37605,140,2988,994,18542,501,30834,1134,49376,California
Humboldt,2021-04-08,1751,79192,1097,37945,496,38101,158,3146,740,18431,1009,31843,898,50274,California
Humboldt,2021-04-09,1440,80632,439,38384,847,38948,154,3300,1152,19443,287,32130,1299,51573,California
Humboldt,2021-04-10,935,81567,138,38522,623,39571,174,3474,736,20154,197,32327,908,52481,California
Humboldt,2021-04-11,645,82212,138,38660,36,39607,471,3945,128,20235,517,32844,598,53079,California
Humboldt,2021-04-12,437,82649,227,38887,85,39692,125,4070,278,20479,159,33003,403,53482,California
Humboldt,2021-04-13,591,83240,325,39212,262,39954,4,4074,557,21008,31,33034,560,54042,California
Humboldt,2021-04-14,1436,84676,1035,40247,401,40355,0,4074,1323,22219,112,33146,1323,55365,California
Humboldt,2021-04-15,1823,86499,1198,41445,621,40976,4,4078,1255,22926,550,33696,1257,56622,California
Humboldt,2021-04-16,1135,87634,522,41967,613,41589,0,4078,549,22892,583,34279,549,57171,California
Humboldt,2021-04-17,1846,89480,1524,43491,322,41911,0,4078,1050,23152,790,35069,1050,58221,California
Humboldt,2021-04-18,660,90140,348,43839,311,42222,1,4079,82,22662,572,35641,82,58303,California
Humboldt,2021-04-19,202,90342,85,43924,117,42339,0,4079,87,22636,113,35754,87,58390,California
Humboldt,2021-04-20,488,90830,128,44052,360,42699,0,4079,242,22633,245,35999,242,58632,California
Humboldt,2021-04-21,1093,91923,382,44434,711,43410,0,4079,433,22416,651,36650,434,59066,California
Humboldt,2021-04-22,880,92803,527,44961,352,43762,1,4080,446,22431,431,37081,446,59512,California
Humboldt,2021-04-23,2165,94968,305,45266,1860,45622,0,4080,315,20900,1846,38927,315,59827,California
Humboldt,2021-04-24,1088,96056,883,46149,200,45822,5,4085,361,20542,724,39651,366,60193,California
Humboldt,2021-04-25,376,96432,240,46389,136,45958,0,4085,193,20555,180,39831,193,60386,California
Humboldt,2021-04-26,354,96786,251,46640,99,46057,4,4089,99,20403,253,40084,101,60487,California
Humboldt,2021-04-27,760,97546,262,46902,469,46526,29,4118,153,19980,605,40689,182,60669,California
Humboldt,2021-04-28,1540,99086,793,47695,702,47228,45,4163,397,19281,1141,41830,442,61111,California
Humboldt,2021-04-29,1739,100825,591,48286,1110,48338,38,4201,291,18166,1444,43274,329,61440,California
Humboldt,2021-04-30,1248,102073,392,48678,822,49160,34,4235,191,17338,1051,44325,223,61663,California
Humboldt,2021-05-01,467,102540,385,49063,60,49220,22,4257,289,17472,177,44502,311,61974,California
Humboldt,2021-05-02,230,102770,184,49247,37,49257,9,4266,115,17482,114,44616,124,62098,California
Humboldt,2021-05-03,612,103382,375,49622,213,49470,24,4290,99,17095,511,45127,124,62222,California
Humboldt,2021-05-04,822,104204,483,50105,293,49763,46,4336,252,16825,567,45694,297,62519,California
Humboldt,2021-05-05,1685,105889,1076,51181,552,50315,57,4393,178,15558,1500,47194,233,62752,California
Humboldt,2021-05-06,1690,107579,1073,52254,364,50679,253,4646,138,14400,1549,48743,391,63143,California
Humboldt,2021-05-07,1417,108996,301,52555,1057,51736,59,4705,237,13517,1177,49920,294,63437,California
Humboldt,2021-05-08,740,109736,146,52701,571,52307,23,4728,91,12983,648,50568,114,63551,California
Humboldt,2021-05-09,909,110645,857,53558,42,52349,10,4738,48,12180,861,51429,58,63609,California
Humboldt,2021-05-10,216,110861,36,53594,142,52491,38,4776,83,12168,133,51562,121,63730,California
Humboldt,2021-05-11,500,111361,148,53742,279,52770,73,4849,188,12117,312,51874,261,63991,California
Humboldt,2021-05-12,618,111979,140,53882,432,53202,46,4895,229,12003,388,52262,274,64265,California
Humboldt,2021-05-13,585,112564,290,54172,268,53470,27,4922,272,11991,311,52573,299,64564,California
Humboldt,2021-05-14,702,113266,140,54312,458,53928,104,5026,231,11857,468,53041,334,64898,California
Humboldt,2021-05-15,779,114045,640,54952,131,54059,8,5034,208,11503,570,53611,216,65114,California
Humboldt,2021-05-16,123,114168,54,55006,65,54124,4,5038,70,11524,53,53664,74,65188,California
Humboldt,2021-05-17,402,114570,214,55220,166,54290,22,5060,223,11592,177,53841,245,65433,California
Humboldt,2021-05-18,663,115233,323,55543,311,54601,29,5089,369,11696,294,54135,398,65831,California
Humboldt,2021-05-19,989,116222,548,56091,398,54999,43,5132,358,11468,627,54762,399,66230,California
Humboldt,2021-05-20,812,117034,605,56696,195,55194,12,5144,592,11856,217,54979,605,66835,California
Humboldt,2021-05-21,875,117909,290,56986,524,55718,61,5205,372,11786,503,55482,433,67268,California
Humboldt,2021-05-22,411,118320,318,57304,85,55803,8,5213,145,11675,264,55746,153,67421,California
Humboldt,2021-05-23,387,118707,320,57624,64,55867,3,5216,71,11433,316,56062,74,67495,California
Humboldt,2021-05-24,325,119032,172,57796,124,55991,29,5245,187,11512,137,56199,216,67711,California
Humboldt,2021-05-25,529,119561,337,58133,168,56159,24,5269,289,11588,237,56436,313,68024,California
Humboldt,2021-05-26,646,120207,310,58443,312,56471,24,5293,312,11591,333,56769,336,68360,California
Humboldt,2021-05-27,461,120668,244,58687,180,56651,37,5330,279,11725,182,56951,316,68676,California
Humboldt,2021-05-28,410,121078,194,58881,169,56820,47,5377,181,11725,228,57179,228,68904,California
Humboldt,2021-05-29,170,121248,101,58982,66,56886,3,5380,97,11752,73,57252,100,69004,California
Humboldt,2021-05-30,104,121352,45,59027,54,56940,5,5385,49,11752,54,57306,54,69058,California
Humboldt,2021-05-31,96,121448,50,59077,40,56980,6,5391,72,11806,23,57329,77,69135,California
Humboldt,2021-06-01,458,121906,269,59346,174,57154,15,5406,204,11772,253,57582,219,69354,California
Humboldt,2021-06-02,530,122436,249,59595,228,57382,53,5459,243,11785,281,57863,294,69648,California
Humboldt,2021-06-03,390,122826,226,59821,142,57524,22,5481,88,11621,274,58137,110,69758,California
Humboldt,2021-06-04,504,123330,314,60135,167,57691,23,5504,134,11451,326,58463,156,69914,California
Humboldt,2021-06-05,407,123737,312,60447,50,57741,45,5549,205,11554,147,58610,250,70164,California
Humboldt,2021-06-06,168,123905,116,60563,43,57784,9,5558,70,11540,93,58703,79,70243,California
Humboldt,2021-06-07,352,124257,216,60779,112,57896,24,5582,114,11441,237,58940,138,70381,California
Humboldt,2021-06-08,516,124773,303,61082,184,58080,29,5611,152,11259,363,59303,181,70562,California
Humboldt,2021-06-09,284,125057,133,61215,118,58198,33,5644,97,11204,185,59488,130,70692,California
Humboldt,2021-06-10,454,125511,379,61594,48,58246,27,5671,67,10911,385,59873,92,70784,California
Humboldt,2021-06-11,239,125750,116,61710,101,58347,22,5693,49,10793,189,60062,71,70855,California
Humboldt,2021-06-12,5,125755,3,61713,2,58349,0,5693,1,10790,4,60066,1,70856,California
Imperial,2020-12-16,1,1,1,1,0,0,0,0,1,1,0,0,1,1,California
Imperial,2020-12-17,4,5,4,5,0,0,0,0,4,5,0,0,4,5,California
Imperial,2020-12-18,12,17,12,17,0,0,0,0,12,17,0,0,12,17,California
Imperial,2020-12-20,3,20,3,20,0,0,0,0,3,20,0,0,3,20,California
Imperial,2020-12-21,186,206,186,206,0,0,0,0,186,206,0,0,186,206,California
Imperial,2020-12-22,241,447,239,445,2,2,0,0,241,447,0,0,241,447,California
Imperial,2020-12-23,211,658,210,655,1,3,0,0,210,657,0,0,210,657,California
Imperial,2020-12-24,5,663,5,660,0,3,0,0,5,662,0,0,5,662,California
Imperial,2020-12-26,2,665,1,661,1,4,0,0,2,664,0,0,2,664,California
Imperial,2020-12-27,62,727,0,661,62,66,0,0,62,726,0,0,62,726,California
Imperial,2020-12-28,214,941,114,775,100,166,0,0,214,940,0,0,214,940,California
Imperial,2020-12-29,189,1130,36,811,153,319,0,0,189,1129,0,0,189,1129,California
Imperial,2020-12-30,367,1497,50,861,317,636,0,0,367,1496,0,0,367,1496,California
Imperial,2020-12-31,198,1695,27,888,171,807,0,0,198,1694,0,0,198,1694,California
Imperial,2021-01-01,47,1742,5,893,42,849,0,0,47,1741,0,0,47,1741,California
Imperial,2021-01-02,4,1746,0,893,4,853,0,0,4,1745,0,0,4,1745,California
Imperial,2021-01-03,90,1836,0,893,90,943,0,0,90,1835,0,0,90,1835,California
Imperial,2021-01-04,87,1923,7,900,80,1023,0,0,87,1922,0,0,87,1922,California
Imperial,2021-01-05,172,2095,14,914,158,1181,0,0,172,2094,0,0,172,2094,California
Imperial,2021-01-06,190,2285,26,940,164,1345,0,0,189,2282,1,1,189,2283,California
Imperial,2021-01-07,324,2609,12,952,312,1657,0,0,321,2600,3,4,321,2604,California
Imperial,2021-01-08,194,2803,53,1005,141,1798,0,0,184,2774,10,14,184,2788,California
Imperial,2021-01-09,24,2827,21,1026,3,1801,0,0,24,2798,0,14,24,2812,California
Imperial,2021-01-10,5,2832,1,1027,4,1805,0,0,4,2801,1,15,4,2816,California
Imperial,2021-01-11,403,3235,244,1271,159,1964,0,0,175,2748,228,243,175,2991,California
Imperial,2021-01-12,409,3644,305,1576,104,2068,0,0,147,2634,261,504,147,3138,California
Imperial,2021-01-13,379,4023,133,1709,246,2314,0,0,279,2813,100,604,279,3417,California
Imperial,2021-01-14,259,4282,149,1858,110,2424,0,0,253,3061,5,609,253,3670,California
Imperial,2021-01-15,239,4521,181,2039,58,2482,0,0,232,3286,7,616,232,3902,California
Imperial,2021-01-16,80,4601,74,2113,6,2488,0,0,79,3364,1,617,79,3981,California
Imperial,2021-01-17,10,4611,2,2115,8,2496,0,0,10,3374,0,617,10,3991,California
Imperial,2021-01-18,1064,5675,399,2514,665,3161,0,0,966,4243,98,715,967,4958,California
Imperial,2021-01-19,169,5844,132,2646,37,3198,0,0,122,4318,47,762,122,5080,California
Imperial,2021-01-20,296,6140,198,2844,98,3296,0,0,258,4538,38,800,258,5338,California
Imperial,2021-01-21,435,6575,200,3044,235,3531,0,0,413,4929,22,822,413,5751,California
Imperial,2021-01-22,466,7041,192,3236,274,3805,0,0,457,5377,9,831,457,6208,California
Imperial,2021-01-23,1046,8087,294,3530,752,4557,0,0,1045,6421,1,832,1045,7253,California
Imperial,2021-01-24,11,8098,5,3535,6,4563,0,0,10,6430,1,833,10,7263,California
Imperial,2021-01-25,215,8313,5,3540,210,4773,0,0,34,6285,179,1012,34,7297,California
Imperial,2021-01-26,376,8689,190,3730,186,4959,0,0,232,6374,143,1155,232,7529,California
Imperial,2021-01-27,584,9273,169,3899,415,5374,0,0,249,6288,335,1490,249,7778,California
Imperial,2021-01-28,646,9919,165,4064,481,5855,0,0,536,6714,110,1600,536,8314,California
Imperial,2021-01-29,434,10353,301,4365,133,5988,0,0,384,7048,50,1650,384,8698,California
Imperial,2021-01-30,61,10414,34,4399,27,6015,0,0,44,7075,17,1667,44,8742,California
Imperial,2021-01-31,21,10435,11,4410,10,6025,0,0,20,7094,1,1668,20,8762,California
Imperial,2021-02-01,429,10864,58,4468,371,6396,0,0,218,7103,209,1877,218,8980,California
Imperial,2021-02-02,692,11556,62,4530,630,7026,0,0,508,7427,184,2061,508,9488,California
Imperial,2021-02-03,464,12020,52,4582,412,7438,0,0,268,7500,195,2256,268,9756,California
Imperial,2021-02-04,1732,13752,1212,5794,520,7958,0,0,1420,8609,311,2567,1420,11176,California
Imperial,2021-02-05,402,14154,242,6036,160,8118,0,0,169,8544,234,2801,169,11345,California
Imperial,2021-02-06,860,15014,837,6873,23,8141,0,0,825,9332,37,2838,825,12170,California
Imperial,2021-02-07,22,15036,9,6882,13,8154,0,0,21,9352,1,2839,21,12191,California
Imperial,2021-02-08,265,15301,57,6939,208,8362,0,0,196,9479,69,2908,196,12387,California
Imperial,2021-02-09,496,15797,170,7109,326,8688,0,0,333,9649,163,3071,333,12720,California
Imperial,2021-02-10,469,16266,63,7172,406,9094,0,0,106,9393,363,3434,107,12827,California
Imperial,2021-02-11,1049,17315,374,7546,675,9769,0,0,155,8659,889,4323,155,12982,California
Imperial,2021-02-12,2173,19488,1442,8988,731,10500,0,0,1818,10120,358,4681,1819,14801,California
Imperial,2021-02-13,48,19536,17,9005,31,10531,0,0,43,10156,8,4689,44,14845,California
Imperial,2021-02-14,24,19560,12,9017,12,10543,0,0,21,10174,3,4692,21,14866,California
Imperial,2021-02-15,115,19675,26,9043,89,10632,0,0,91,10241,24,4716,91,14957,California
Imperial,2021-02-16,530,20205,276,9319,254,10886,0,0,310,10331,220,4936,310,15267,California
Imperial,2021-02-17,446,20651,289,9608,157,11043,0,0,88,10061,358,5294,88,15355,California
Imperial,2021-02-18,657,21308,319,9927,338,11381,0,0,147,9699,509,5803,147,15502,California
Imperial,2021-02-19,778,22086,386,10313,392,11773,0,0,196,9314,581,6384,196,15698,California
Imperial,2021-02-20,1048,23134,196,10509,852,12625,0,0,330,8930,716,7100,332,16030,California
Imperial,2021-02-21,593,23727,559,11068,34,12659,0,0,581,9500,11,7111,581,16611,California
Imperial,2021-02-22,817,24544,576,11644,241,12900,0,0,767,10217,50,7161,767,17378,California
Imperial,2021-02-23,980,25524,409,12053,571,13471,0,0,923,11084,57,7218,924,18302,California
Imperial,2021-02-24,743,26267,305,12358,438,13909,0,0,640,11622,102,7320,640,18942,California
Imperial,2021-02-25,884,27151,346,12704,538,14447,0,0,509,11763,374,7694,515,19457,California
Imperial,2021-02-26,2300,29451,1357,14061,943,15390,0,0,1815,13095,484,8178,1816,21273,California
Imperial,2021-02-27,870,30321,812,14873,58,15448,0,0,136,12495,736,8914,136,21409,California
Imperial,2021-02-28,35,30356,22,14895,13,15461,0,0,25,12510,10,8924,25,21434,California
Imperial,2021-03-01,530,30886,307,15202,220,15681,3,3,456,12900,70,8994,460,21894,California
Imperial,2021-03-02,693,31579,253,15455,439,16120,1,4,395,13002,296,9290,398,22292,California
Imperial,2021-03-03,932,32511,53,15508,878,16998,1,5,562,13209,367,9657,574,22866,California
Imperial,2021-03-04,778,33289,90,15598,687,17685,1,6,509,13481,267,9924,539,23405,California
Imperial,2021-03-05,3112,36401,2222,17820,890,18575,0,6,1747,13862,1368,11292,1749,25154,California
Imperial,2021-03-06,703,37104,239,18059,464,19039,0,6,659,14484,41,11333,663,25817,California
Imperial,2021-03-07,85,37189,42,18101,43,19082,0,6,60,14521,24,11357,61,25878,California
Imperial,2021-03-08,430,37619,345,18446,50,19132,35,41,367,14860,63,11420,402,26280,California
Imperial,2021-03-09,711,38330,335,18781,129,19261,247,288,410,15215,301,11721,656,26936,California
Imperial,2021-03-10,707,39037,329,19110,273,19534,105,393,331,15276,375,12096,436,27372,California
Imperial,2021-03-11,1807,40844,488,19598,1128,20662,191,584,1200,16074,603,12699,1401,28773,California
Imperial,2021-03-12,4821,45665,3477,23075,1158,21820,186,770,3097,17639,1718,14417,3283,32056,California
Imperial,2021-03-13,1160,46825,95,23170,840,22660,225,995,863,18437,294,14711,1092,33148,California
Imperial,2021-03-14,179,47004,37,23207,127,22787,15,1010,141,18556,38,14749,157,33305,California
Imperial,2021-03-15,706,47710,237,23444,205,22992,264,1274,399,18914,305,15054,663,33968,California
Imperial,2021-03-16,1134,48844,287,23731,377,23369,470,1744,567,19385,565,15619,1036,35004,California
Imperial,2021-03-17,1623,50467,708,24439,778,24147,137,1881,1026,19960,589,16208,1164,36168,California
Imperial,2021-03-18,1839,52306,1218,25657,561,24708,60,1941,1300,20787,535,16743,1362,37530,California
Imperial,2021-03-19,3800,56106,2780,28437,1016,25724,4,1945,1921,20842,1871,18614,1926,39456,California
Imperial,2021-03-20,1774,57880,553,28990,1215,26939,6,1951,1322,21730,446,19060,1334,40790,California
Imperial,2021-03-21,218,58098,35,29025,179,27118,4,1955,160,21840,58,19118,168,40958,California
Imperial,2021-03-22,1075,59173,355,29380,711,27829,9,1964,635,22048,438,19556,646,41604,California
Imperial,2021-03-23,1470,60643,453,29833,1011,28840,6,1970,948,22485,518,20074,955,42559,California
Imperial,2021-03-24,2173,62816,578,30411,1169,30009,426,2396,1176,23092,994,21068,1601,44160,California
Imperial,2021-03-25,3228,66044,704,31115,901,30910,1623,4019,1216,23915,2006,23074,2829,46989,California
Imperial,2021-03-26,3230,69274,1185,32300,1053,31963,992,5011,928,23544,2290,25364,1919,48908,California
Imperial,2021-03-27,621,69895,288,32588,281,32244,52,5063,449,23876,169,25533,501,49409,California
Imperial,2021-03-28,219,70114,56,32644,161,32405,2,5065,177,24014,41,25574,179,49588,California
Imperial,2021-03-29,1491,71605,366,33010,401,32806,724,5789,338,23923,1150,26724,1059,50647,California
Imperial,2021-03-30,2121,73726,699,33709,607,33413,815,6604,700,24017,1419,28143,1513,52160,California
Imperial,2021-03-31,1558,75284,739,34448,813,34226,6,6610,1035,24537,520,28663,1040,53200,California
Imperial,2021-04-01,2063,77347,437,34885,1382,35608,244,6854,885,24493,1172,29835,1128,54328,California
Imperial,2021-04-02,1966,79313,489,35374,1402,37010,75,6929,1335,25276,625,30460,1408,55736,California
Imperial,2021-04-03,1529,80842,439,35813,1011,38021,79,7008,711,25251,815,31275,790,56526,California
Imperial,2021-04-04,91,80933,47,35860,27,38048,17,7025,25,25227,66,31341,42,56568,California
Imperial,2021-04-05,3416,84349,2326,38186,925,38973,165,7190,808,23602,2598,33939,973,57541,California
Imperial,2021-04-06,1335,85684,546,38732,596,39569,193,7383,698,23862,632,34571,892,58433,California
Imperial,2021-04-07,2174,87858,562,39294,1235,40804,377,7760,1565,25188,614,35185,1940,60373,California
Imperial,2021-04-08,2224,90082,1091,40385,836,41640,297,8057,1078,25419,1142,36327,1373,61746,California
Imperial,2021-04-09,3233,93315,1665,42050,949,42589,619,8676,1522,25856,1703,38030,2140,63886,California
Imperial,2021-04-10,1309,94624,205,42255,831,43420,273,8949,244,25306,1062,39092,512,64398,California
Imperial,2021-04-11,222,94846,32,42287,158,43578,32,8981,77,25270,145,39237,109,64507,California
Imperial,2021-04-12,1466,96312,787,43074,457,44035,222,9203,834,25700,626,39863,1056,65563,California
Imperial,2021-04-13,2954,99266,1915,44989,1037,45072,2,9205,2051,26855,899,40762,2054,67617,California
Imperial,2021-04-14,2067,101333,970,45959,1097,46169,0,9205,1401,27597,660,41422,1402,69019,California
Imperial,2021-04-15,1999,103332,914,46873,1085,47254,0,9205,1363,28331,631,42053,1365,70384,California
Imperial,2021-04-16,3458,106790,1804,48677,1654,48908,0,9205,2163,29213,1282,43335,2164,72548,California
Imperial,2021-04-17,1821,108611,937,49614,882,49790,2,9207,1417,30234,399,43734,1420,73968,California
Imperial,2021-04-18,259,108870,75,49689,184,49974,0,9207,91,30159,166,43900,91,74059,California
Imperial,2021-04-19,863,109733,277,49966,586,50560,0,9207,477,30257,383,44283,481,74540,California
Imperial,2021-04-20,1340,111073,541,50507,799,51359,0,9207,750,30420,588,44871,751,75291,California
Imperial,2021-04-21,1395,112468,348,50855,1046,52405,1,9208,807,30645,582,45453,807,76098,California
Imperial,2021-04-22,2361,114829,823,51678,1538,53943,0,9208,1626,31553,720,46173,1628,77726,California
Imperial,2021-04-23,2839,117668,539,52217,2300,56243,0,9208,1097,30943,1711,47884,1101,78827,California
Imperial,2021-04-24,562,118230,335,52552,227,56470,0,9208,206,30796,353,48237,206,79033,California
Imperial,2021-04-25,274,118504,103,52655,171,56641,0,9208,139,30802,133,48370,139,79172,California
Imperial,2021-04-26,1251,119755,498,53153,749,57390,4,9212,716,30992,529,48899,719,79891,California
Imperial,2021-04-27,1150,120905,381,53534,759,58149,10,9222,567,30992,577,49476,577,80468,California
Imperial,2021-04-28,1500,122405,653,54187,818,58967,29,9251,679,30885,815,50291,708,81176,California
Imperial,2021-04-29,1851,124256,868,55055,935,59902,48,9299,819,30731,1022,51313,868,82044,California
Imperial,2021-04-30,3274,127530,1682,56737,1558,61460,34,9333,1582,30667,1681,52994,1617,83661,California
Imperial,2021-05-01,342,127872,144,56881,195,61655,3,9336,164,30658,177,53171,168,83829,California
Imperial,2021-05-02,85,127957,26,56907,57,61712,2,9338,51,30678,34,53205,54,83883,California
Imperial,2021-05-03,1652,129609,556,57463,1048,62760,48,9386,378,29841,1262,54467,425,84308,California
Imperial,2021-05-04,1766,131375,973,58436,766,63526,27,9413,542,29194,1216,55683,569,84877,California
Imperial,2021-05-05,1511,132886,898,59334,592,64118,21,9434,446,28609,1053,56736,468,85345,California
Imperial,2021-05-06,1699,134585,1116,60450,541,64659,42,9476,549,28056,1144,57880,591,85936,California
Imperial,2021-05-07,2501,137086,1367,61817,1089,65748,45,9521,847,27315,1636,59516,895,86831,California
Imperial,2021-05-08,639,137725,503,62320,128,65876,8,9529,174,27035,462,59978,182,87013,California
Imperial,2021-05-09,96,137821,63,62383,32,65908,1,9530,29,27001,64,60042,30,87043,California
Imperial,2021-05-10,1157,138978,303,62686,731,66639,123,9653,341,26655,809,60851,463,87506,California
Imperial,2021-05-11,1479,140457,476,63162,984,67623,19,9672,496,26199,975,61826,519,88025,California
Imperial,2021-05-12,858,141315,273,63435,547,68170,38,9710,303,25989,550,62376,340,88365,California
Imperial,2021-05-13,1869,143184,1251,64686,546,68716,72,9782,820,25840,1040,63416,891,89256,California
Imperial,2021-05-14,1764,144948,973,65659,731,69447,60,9842,1157,26461,596,64012,1217,90473,California
Imperial,2021-05-15,1236,146184,478,66137,737,70184,21,9863,469,26190,761,64773,490,90963,California
Imperial,2021-05-16,123,146307,83,66220,37,70221,3,9866,50,26171,72,64845,53,91016,California
Imperial,2021-05-17,1923,148230,715,66935,1166,71387,42,9908,676,25649,1241,66086,719,91735,California
Imperial,2021-05-18,1679,149909,884,67819,723,72110,72,9980,915,25878,758,66844,987,92722,California
Imperial,2021-05-19,1285,151194,605,68424,611,72721,69,10049,611,25890,667,67511,679,93401,California
Imperial,2021-05-20,1603,152797,1013,69437,523,73244,67,10116,725,25817,866,68377,793,94194,California
Imperial,2021-05-21,1881,154678,1195,70632,622,73866,64,10180,934,25879,937,69314,999,95193,California
Imperial,2021-05-22,288,154966,183,70815,89,73955,16,10196,150,25912,133,69447,166,95359,California
Imperial,2021-05-23,92,155058,32,70847,51,74006,9,10205,33,25897,57,69504,42,95401,California
Imperial,2021-05-24,1252,156310,614,71461,580,74586,58,10263,518,25746,727,70231,576,95977,California
Imperial,2021-05-25,1437,157747,473,71934,931,75517,33,10296,515,25382,913,71144,549,96526,California
Imperial,2021-05-26,1039,158786,542,72476,449,75966,48,10344,457,25308,579,71723,505,97031,California
Imperial,2021-05-27,1318,160104,725,73201,523,76489,70,10414,643,25352,669,72392,713,97744,California
Imperial,2021-05-28,1019,161123,584,73785,363,76852,72,10486,380,25174,630,73022,452,98196,California
Imperial,2021-05-29,225,161348,126,73911,93,76945,6,10492,115,25185,110,73132,121,98317,California
Imperial,2021-05-30,94,161442,27,73938,65,77010,2,10494,63,25219,31,73163,65,98382,California
Imperial,2021-05-31,77,161519,19,73957,52,77062,6,10500,34,25216,43,73206,40,98422,California
Imperial,2021-06-01,1185,162704,547,74504,573,77635,65,10565,473,25051,704,73910,539,98961,California
Imperial,2021-06-02,1091,163795,599,75103,401,78036,91,10656,560,25173,527,74437,649,99610,California
Imperial,2021-06-03,1243,165038,730,75833,420,78456,93,10749,595,25220,641,75078,688,100298,California
Imperial,2021-06-04,2208,167246,1582,77415,522,78978,104,10853,979,25084,1219,76297,1083,101381,California
Imperial,2021-06-05,362,167608,229,77644,118,79096,15,10868,177,25095,181,76478,192,101573,California
Imperial,2021-06-06,82,167690,46,77690,24,79120,12,10880,44,25113,38,76516,56,101629,California
Imperial,2021-06-07,990,168680,647,78337,278,79398,65,10945,495,25180,493,77009,560,102189,California
Imperial,2021-06-08,1342,170022,1018,79355,267,79665,57,11002,544,24987,794,77803,601,102790,California
Imperial,2021-06-09,937,170959,697,80052,183,79848,57,11059,431,24979,499,78302,491,103281,California
Imperial,2021-06-10,989,171948,688,80740,257,80105,44,11103,389,24814,597,78899,432,103713,California
Imperial,2021-06-11,1167,173115,823,81563,305,80410,39,11142,478,24651,680,79579,517,104230,California
Imperial,2021-06-12,105,173220,65,81628,34,80444,6,11148,41,24634,64,79643,47,104277,California
Inyo,2020-12-19,85,85,85,85,0,0,0,0,85,85,0,0,85,85,California
Inyo,2020-12-20,59,144,59,144,0,0,0,0,59,144,0,0,59,144,California
Inyo,2020-12-21,88,232,85,229,3,3,0,0,88,232,0,0,88,232,California
Inyo,2020-12-22,102,334,102,331,0,3,0,0,102,334,0,0,102,334,California
Inyo,2020-12-23,68,402,65,396,3,6,0,0,68,402,0,0,68,402,California
Inyo,2020-12-24,16,418,16,412,0,6,0,0,16,418,0,0,16,418,California
Inyo,2020-12-25,1,419,0,412,1,7,0,0,1,419,0,0,1,419,California
Inyo,2020-12-26,74,493,74,486,0,7,0,0,74,493,0,0,74,493,California
Inyo,2020-12-28,48,541,36,522,12,19,0,0,48,541,0,0,48,541,California
Inyo,2020-12-29,19,560,19,541,0,19,0,0,19,560,0,0,19,560,California
Inyo,2020-12-30,56,616,54,595,2,21,0,0,56,616,0,0,56,616,California
Inyo,2020-12-31,29,645,0,595,29,50,0,0,29,645,0,0,29,645,California
Inyo,2021-01-01,1,646,0,595,1,51,0,0,1,646,0,0,1,646,California
Inyo,2021-01-03,1,647,0,595,1,52,0,0,1,647,0,0,1,647,California
Inyo,2021-01-04,2,649,1,596,1,53,0,0,2,649,0,0,2,649,California
Inyo,2021-01-05,34,683,0,596,34,87,0,0,34,683,0,0,34,683,California
Inyo,2021-01-06,61,744,0,596,61,148,0,0,61,744,0,0,61,744,California
Inyo,2021-01-07,31,775,1,597,30,178,0,0,31,775,0,0,31,775,California
Inyo,2021-01-08,9,784,8,605,1,179,0,0,4,775,5,5,5,780,California
Inyo,2021-01-09,86,870,86,691,0,179,0,0,0,689,86,91,0,780,California
Inyo,2021-01-10,53,923,53,744,0,179,0,0,0,636,53,144,0,780,California
Inyo,2021-01-11,97,1020,82,826,15,194,0,0,16,571,81,225,16,796,California
Inyo,2021-01-12,135,1155,114,940,21,215,0,0,27,490,108,333,27,823,California
Inyo,2021-01-13,85,1240,67,1007,18,233,0,0,21,448,64,397,22,845,California
Inyo,2021-01-14,58,1298,13,1020,45,278,0,0,48,486,10,407,48,893,California
Inyo,2021-01-15,156,1454,28,1048,128,406,0,0,156,642,0,407,156,1049,California
Inyo,2021-01-16,73,1527,73,1121,0,406,0,0,0,569,73,480,0,1049,California
Inyo,2021-01-18,58,1585,36,1157,22,428,0,0,19,549,39,519,19,1068,California
Inyo,2021-01-19,112,1697,71,1228,41,469,0,0,95,627,17,536,95,1163,California
Inyo,2021-01-20,146,1843,70,1298,76,545,0,0,92,665,54,590,92,1255,California
Inyo,2021-01-21,117,1960,57,1355,60,605,0,0,116,780,1,591,116,1371,California
Inyo,2021-01-22,62,2022,0,1355,62,667,0,0,61,840,1,592,61,1432,California
Inyo,2021-01-23,46,2068,45,1400,1,668,0,0,46,886,0,592,46,1478,California
Inyo,2021-01-25,47,2115,4,1404,43,711,0,0,35,909,12,604,35,1513,California
Inyo,2021-01-26,130,2245,49,1453,81,792,0,0,124,1027,6,610,124,1637,California
Inyo,2021-01-27,24,2269,2,1455,22,814,0,0,23,1049,1,611,23,1660,California
Inyo,2021-01-28,91,2360,2,1457,89,903,0,0,62,1082,29,640,62,1722,California
Inyo,2021-01-29,25,2385,3,1460,22,925,0,0,23,1103,2,642,23,1745,California
Inyo,2021-01-30,10,2395,0,1460,10,935,0,0,10,1113,0,642,10,1755,California
Inyo,2021-01-31,25,2420,3,1463,22,957,0,0,4,1095,22,664,4,1759,California
Inyo,2021-02-01,10,2430,9,1472,1,958,0,0,0,1085,10,674,0,1759,California
Inyo,2021-02-02,130,2560,14,1486,116,1074,0,0,104,1163,26,700,104,1863,California
Inyo,2021-02-03,114,2674,0,1486,114,1188,0,0,73,1195,41,741,73,1936,California
Inyo,2021-02-04,148,2822,32,1518,116,1304,0,0,89,1225,59,800,89,2025,California
Inyo,2021-02-05,109,2931,53,1571,56,1360,0,0,107,1330,2,802,107,2132,California
Inyo,2021-02-06,3,2934,2,1573,1,1361,0,0,3,1333,0,802,3,2135,California
Inyo,2021-02-07,4,2938,2,1575,2,1363,0,0,4,1337,0,802,4,2139,California
Inyo,2021-02-08,115,3053,6,1581,109,1472,0,0,96,1414,19,821,96,2235,California
Inyo,2021-02-09,194,3247,52,1633,142,1614,0,0,124,1468,70,891,124,2359,California
Inyo,2021-02-10,142,3389,16,1649,126,1740,0,0,109,1544,33,924,109,2468,California
Inyo,2021-02-11,220,3609,56,1705,164,1904,0,0,126,1576,94,1018,126,2594,California
Inyo,2021-02-12,291,3900,50,1755,241,2145,0,0,166,1617,125,1143,166,2760,California
Inyo,2021-02-13,50,3950,46,1801,4,2149,0,0,6,1579,44,1187,6,2766,California
Inyo,2021-02-14,1,3951,0,1801,1,2150,0,0,1,1580,0,1187,1,2767,California
Inyo,2021-02-15,26,3977,7,1808,19,2169,0,0,5,1564,21,1208,5,2772,California
Inyo,2021-02-16,173,4150,45,1853,128,2297,0,0,91,1574,81,1289,91,2863,California
Inyo,2021-02-17,38,4188,4,1857,34,2331,0,0,8,1552,30,1319,8,2871,California
Inyo,2021-02-18,119,4307,6,1863,113,2444,0,0,79,1591,40,1359,79,2950,California
Inyo,2021-02-19,52,4359,5,1868,47,2491,0,0,9,1557,43,1402,9,2959,California
Inyo,2021-02-20,505,4864,500,2368,5,2496,0,0,503,2058,2,1404,503,3462,California
Inyo,2021-02-21,439,5303,439,2807,0,2496,0,0,439,2497,0,1404,439,3901,California
Inyo,2021-02-22,60,5363,18,2825,42,2538,0,0,26,2489,34,1438,26,3927,California
Inyo,2021-02-23,193,5556,17,2842,176,2714,0,0,90,2477,102,1540,90,4017,California
Inyo,2021-02-24,117,5673,0,2842,117,2831,0,0,57,2474,60,1600,57,4074,California
Inyo,2021-02-25,129,5802,3,2845,126,2957,0,0,61,2467,68,1668,61,4135,California
Inyo,2021-02-26,96,5898,52,2897,44,3001,0,0,20,2411,76,1744,20,4155,California
Inyo,2021-02-27,14,5912,3,2900,11,3012,0,0,2,2401,12,1756,2,4157,California
Inyo,2021-02-28,3,5915,1,2901,2,3014,0,0,2,2402,1,1757,2,4159,California
Inyo,2021-03-01,19,5934,2,2903,17,3031,0,0,17,2417,2,1759,17,4176,California
Inyo,2021-03-02,193,6127,0,2903,193,3224,0,0,108,2440,85,1844,108,4284,California
Inyo,2021-03-03,83,6210,3,2906,80,3304,0,0,41,2439,42,1886,41,4325,California
Inyo,2021-03-04,124,6334,2,2908,122,3426,0,0,44,2403,80,1966,44,4369,California
Inyo,2021-03-05,138,6472,53,2961,85,3511,0,0,38,2341,100,2066,38,4407,California
Inyo,2021-03-06,20,6492,1,2962,19,3530,0,0,19,2359,1,2067,19,4426,California
Inyo,2021-03-07,6,6498,3,2965,3,3533,0,0,4,2361,2,2069,4,4430,California
Inyo,2021-03-08,171,6669,5,2970,166,3699,0,0,81,2352,90,2159,81,4511,California
Inyo,2021-03-09,189,6858,2,2972,187,3886,0,0,73,2309,116,2275,73,4584,California
Inyo,2021-03-10,72,6930,9,2981,62,3948,1,1,30,2298,42,2317,31,4615,California
Inyo,2021-03-11,204,7134,1,2982,198,4146,5,6,74,2247,130,2447,79,4694,California
Inyo,2021-03-12,174,7308,4,2986,165,4311,5,11,76,2230,98,2545,81,4775,California
Inyo,2021-03-13,572,7880,540,3526,23,4334,9,20,64,1796,507,3052,73,4848,California
Inyo,2021-03-14,439,8319,438,3964,1,4335,0,20,5,1368,433,3485,5,4853,California
Inyo,2021-03-15,50,8369,14,3978,34,4369,2,22,30,1380,20,3505,32,4885,California
Inyo,2021-03-16,162,8531,3,3981,153,4522,6,28,63,1351,98,3603,69,4954,California
Inyo,2021-03-17,108,8639,3,3984,98,4620,7,35,92,1434,16,3619,99,5053,California
Inyo,2021-03-18,182,8821,15,3999,160,4780,7,42,102,1463,80,3699,109,5162,California
Inyo,2021-03-19,44,8865,3,4002,37,4817,4,46,35,1493,9,3708,39,5201,California
Inyo,2021-03-20,19,8884,1,4003,9,4826,9,55,0,1483,19,3727,9,5210,California
Inyo,2021-03-22,58,8942,2,4005,51,4877,5,60,38,1506,20,3747,43,5253,California
Inyo,2021-03-23,192,9134,3,4008,185,5062,4,64,105,1528,87,3834,109,5362,California
Inyo,2021-03-24,140,9274,3,4011,133,5195,4,68,86,1564,54,3888,90,5452,California
Inyo,2021-03-25,330,9604,109,4120,218,5413,3,71,265,1767,65,3953,268,5720,California
Inyo,2021-03-26,92,9696,3,4123,85,5498,4,75,71,1821,21,3974,75,5795,California
Inyo,2021-03-27,48,9744,40,4163,5,5503,3,78,42,1860,6,3980,45,5840,California
Inyo,2021-03-28,3,9747,0,4163,2,5505,1,79,1,1860,2,3982,2,5842,California
Inyo,2021-03-29,108,9855,2,4165,101,5606,5,84,81,1920,26,4008,86,5928,California
Inyo,2021-03-30,218,10073,1,4166,212,5818,5,89,109,1925,109,4117,114,6042,California
Inyo,2021-03-31,149,10222,3,4169,140,5958,6,95,107,1996,42,4159,113,6155,California
Inyo,2021-04-01,166,10388,3,4172,162,6120,1,96,118,2067,48,4207,119,6274,California
Inyo,2021-04-02,78,10466,1,4173,75,6195,2,98,49,2089,29,4236,51,6325,California
Inyo,2021-04-03,75,10541,39,4212,23,6218,13,111,3,2034,70,4306,15,6340,California
Inyo,2021-04-04,5,10546,4,4216,0,6218,1,112,1,2032,4,4310,2,6342,California
Inyo,2021-04-05,106,10652,1,4217,101,6319,4,116,29,1988,77,4387,33,6375,California
Inyo,2021-04-06,234,10886,4,4221,167,6486,63,179,103,2023,131,4518,166,6541,California
Inyo,2021-04-07,206,11092,2,4223,76,6562,128,307,47,2039,159,4677,175,6716,California
Inyo,2021-04-08,181,11273,15,4238,149,6711,17,324,81,2037,100,4777,98,6814,California
Inyo,2021-04-09,122,11395,5,4243,94,6805,23,347,36,2011,85,4862,59,6873,California
Inyo,2021-04-10,39,11434,1,4244,21,6826,17,364,3,1995,36,4898,20,6893,California
Inyo,2021-04-11,1,11435,0,4244,1,6827,0,364,1,1996,0,4898,1,6894,California
Inyo,2021-04-12,79,11514,0,4244,74,6901,5,369,41,2004,38,4936,46,6940,California
Inyo,2021-04-13,121,11635,4,4248,114,7015,3,372,62,2011,58,4994,65,7005,California
Inyo,2021-04-14,131,11766,2,4250,129,7144,0,372,46,1972,85,5079,46,7051,California
Inyo,2021-04-15,272,12038,116,4366,156,7300,0,372,78,1856,194,5273,78,7129,California
Inyo,2021-04-16,45,12083,4,4370,41,7341,0,372,17,1845,28,5301,17,7146,California
Inyo,2021-04-17,2,12085,1,4371,1,7342,0,372,1,1845,1,5302,1,7147,California
Inyo,2021-04-19,120,12205,37,4408,83,7425,0,372,41,1807,79,5381,41,7188,California
Inyo,2021-04-20,163,12368,2,4410,161,7586,0,372,79,1802,84,5465,79,7267,California
Inyo,2021-04-21,112,12480,3,4413,109,7695,0,372,32,1754,80,5545,32,7299,California
Inyo,2021-04-22,196,12676,1,4414,195,7890,0,372,51,1660,145,5690,51,7350,California
Inyo,2021-04-23,95,12771,4,4418,91,7981,0,372,22,1609,73,5763,22,7372,California
Inyo,2021-04-24,309,13080,308,4726,1,7982,0,372,305,1910,4,5767,305,7677,California
Inyo,2021-04-25,133,13213,132,4858,1,7983,0,372,133,2043,0,5767,133,7810,California
Inyo,2021-04-26,92,13305,2,4860,89,8072,1,373,11,1975,80,5847,12,7822,California
Inyo,2021-04-27,183,13488,6,4866,172,8244,5,378,47,1891,136,5983,52,7874,California
Inyo,2021-04-28,121,13609,2,4868,117,8361,2,380,20,1812,101,6084,22,7896,California
Inyo,2021-04-29,171,13780,55,4923,116,8477,0,380,76,1793,95,6179,76,7972,California
Inyo,2021-04-30,82,13862,5,4928,76,8553,1,381,23,1758,59,6238,24,7996,California
Inyo,2021-05-01,11,13873,3,4931,8,8561,0,381,9,1765,2,6240,9,8005,California
Inyo,2021-05-02,6,13879,2,4933,2,8563,2,383,4,1769,2,6242,6,8011,California
Inyo,2021-05-03,38,13917,1,4934,33,8596,4,387,5,1745,33,6275,9,8020,California
Inyo,2021-05-04,122,14039,2,4936,116,8712,4,391,20,1667,102,6377,24,8044,California
Inyo,2021-05-05,36,14075,0,4936,34,8746,2,393,11,1655,25,6402,13,8057,California
Inyo,2021-05-06,92,14167,3,4939,81,8827,8,401,13,1597,79,6481,21,8078,California
Inyo,2021-05-07,48,14215,3,4942,37,8864,8,409,24,1606,23,6504,32,8110,California
Inyo,2021-05-08,11,14226,2,4944,4,8868,5,414,4,1608,7,6511,9,8119,California
Inyo,2021-05-09,1,14227,0,4944,1,8869,0,414,0,1607,1,6512,0,8119,California
Inyo,2021-05-10,69,14296,1,4945,66,8935,2,416,31,1602,39,6551,34,8153,California
Inyo,2021-05-11,87,14383,1,4946,83,9018,3,419,20,1558,67,6618,23,8176,California
Inyo,2021-05-12,43,14426,1,4947,40,9058,2,421,11,1539,32,6650,13,8189,California
Inyo,2021-05-13,75,14501,1,4948,73,9131,1,422,12,1489,63,6713,13,8202,California
Inyo,2021-05-14,25,14526,3,4951,17,9148,5,427,12,1493,13,6726,17,8219,California
Inyo,2021-05-15,374,14900,362,5313,10,9158,2,429,82,1285,292,7018,84,8303,California
Inyo,2021-05-16,199,15099,199,5512,0,9158,0,429,72,1230,127,7145,72,8375,California
Inyo,2021-05-17,62,15161,3,5515,55,9213,4,433,19,1211,42,7187,23,8398,California
Inyo,2021-05-18,83,15244,2,5517,80,9293,1,434,17,1163,66,7253,18,8416,California
Inyo,2021-05-19,47,15291,2,5519,40,9333,5,439,13,1147,34,7287,18,8434,California
Inyo,2021-05-20,143,15434,80,5599,62,9395,1,440,34,1073,109,7396,35,8469,California
Inyo,2021-05-21,48,15482,18,5617,25,9420,5,445,19,1068,29,7425,24,8493,California
Inyo,2021-05-22,24,15506,14,5631,7,9427,3,448,17,1081,7,7432,20,8513,California
Inyo,2021-05-23,2,15508,1,5632,0,9427,1,449,0,1080,2,7434,1,8514,California
Inyo,2021-05-24,33,15541,6,5638,24,9451,3,452,13,1076,20,7454,16,8530,California
Inyo,2021-05-25,82,15623,39,5677,41,9492,2,454,47,1090,35,7489,49,8579,California
Inyo,2021-05-26,37,15660,10,5687,25,9517,2,456,15,1085,22,7511,17,8596,California
Inyo,2021-05-27,39,15699,10,5697,21,9538,8,464,12,1079,26,7537,20,8616,California
Inyo,2021-05-28,26,15725,6,5703,15,9553,5,469,8,1074,18,7555,13,8629,California
Inyo,2021-05-29,15,15740,5,5708,10,9563,0,469,7,1073,8,7563,7,8636,California
Inyo,2021-05-30,2,15742,0,5708,2,9565,0,469,0,1071,2,7565,0,8636,California
Inyo,2021-06-01,54,15796,16,5724,32,9597,6,475,23,1069,31,7596,29,8665,California
Inyo,2021-06-02,10,15806,8,5732,1,9598,1,476,9,1078,1,7597,10,8675,California
Inyo,2021-06-03,26,15832,0,5732,18,9616,8,484,1,1062,25,7622,9,8684,California
Inyo,2021-06-04,32,15864,6,5738,22,9638,4,488,12,1058,20,7642,16,8700,California
Inyo,2021-06-05,17,15881,8,5746,8,9646,1,489,4,1050,13,7655,5,8705,California
Inyo,2021-06-06,1,15882,1,5747,0,9646,0,489,1,1051,0,7655,1,8706,California
Inyo,2021-06-07,51,15933,15,5762,33,9679,3,492,5,1013,46,7701,8,8714,California
Inyo,2021-06-08,53,15986,25,5787,25,9704,3,495,26,1016,27,7728,30,8744,California
Inyo,2021-06-09,103,16089,88,5875,13,9717,2,497,9,933,94,7822,11,8755,California
Inyo,2021-06-10,34,16123,25,5900,4,9721,5,502,8,920,26,7848,13,8768,California
Inyo,2021-06-11,15,16138,7,5907,6,9727,2,504,8,923,7,7855,10,8778,California
Inyo,2021-06-12,2,16140,1,5908,0,9727,1,505,0,922,2,7857,1,8779,California
Kern,2020-12-15,1,1,1,1,0,0,0,0,1,1,0,0,1,1,California
Kern,2020-12-16,19,20,19,20,0,0,0,0,19,20,0,0,19,20,California
Kern,2020-12-17,162,182,162,182,0,0,0,0,162,182,0,0,162,182,California
Kern,2020-12-18,322,504,322,504,0,0,0,0,322,504,0,0,322,504,California
Kern,2020-12-19,99,603,99,603,0,0,0,0,99,603,0,0,99,603,California
Kern,2020-12-20,61,664,61,664,0,0,0,0,61,664,0,0,61,664,California
Kern,2020-12-21,672,1336,671,1335,1,1,0,0,672,1336,0,0,672,1336,California
Kern,2020-12-22,531,1867,529,1864,2,3,0,0,531,1867,0,0,531,1867,California
Kern,2020-12-23,556,2423,418,2282,138,141,0,0,556,2423,0,0,556,2423,California
Kern,2020-12-24,123,2546,44,2326,79,220,0,0,123,2546,0,0,123,2546,California
Kern,2020-12-25,1,2547,1,2327,0,220,0,0,1,2547,0,0,1,2547,California
Kern,2020-12-26,33,2580,1,2328,32,252,0,0,33,2580,0,0,33,2580,California
Kern,2020-12-27,35,2615,3,2331,32,284,0,0,35,2615,0,0,35,2615,California
Kern,2020-12-28,828,3443,663,2994,165,449,0,0,828,3443,0,0,828,3443,California
Kern,2020-12-29,744,4187,451,3445,293,742,0,0,743,4185,1,1,743,4186,California
Kern,2020-12-30,1205,5392,913,4358,292,1034,0,0,1205,5390,0,1,1205,5391,California
Kern,2020-12-31,278,5670,99,4457,179,1213,0,0,278,5668,0,1,278,5669,California
Kern,2021-01-01,17,5687,9,4466,8,1221,0,0,17,5685,0,1,17,5686,California
Kern,2021-01-02,79,5766,18,4484,61,1282,0,0,79,5764,0,1,79,5765,California
Kern,2021-01-03,23,5789,4,4488,19,1301,0,0,23,5787,0,1,23,5788,California
Kern,2021-01-04,553,6342,361,4849,192,1493,0,0,553,6340,0,1,553,6341,California
Kern,2021-01-05,1134,7476,739,5588,395,1888,0,0,1122,7450,12,13,1122,7463,California
Kern,2021-01-06,1162,8638,448,6036,714,2602,0,0,1132,8552,30,43,1132,8595,California
Kern,2021-01-07,1406,10044,485,6521,921,3523,0,0,1239,9625,166,209,1239,9834,California
Kern,2021-01-08,1624,11668,766,7287,858,4381,0,0,1327,10654,298,507,1327,11161,California
Kern,2021-01-09,228,11896,78,7365,150,4531,0,0,193,10812,35,542,193,11354,California
Kern,2021-01-10,194,12090,149,7514,45,4576,0,0,153,10924,41,583,153,11507,California
Kern,2021-01-11,1559,13649,988,8502,571,5147,0,0,999,11363,560,1143,999,12506,California
Kern,2021-01-12,1871,15520,813,9315,1058,6205,0,0,1358,12208,513,1656,1358,13864,California
Kern,2021-01-13,1859,17379,875,10190,984,7189,0,0,1436,13221,423,2079,1436,15300,California
Kern,2021-01-14,2190,19569,646,10836,1544,8733,0,0,2144,15319,46,2125,2144,17444,California
Kern,2021-01-15,2712,22281,855,11691,1857,10590,0,0,2615,17840,95,2220,2616,20060,California
Kern,2021-01-16,673,22954,212,11903,461,11051,0,0,638,18443,35,2255,638,20698,California
Kern,2021-01-17,73,23027,7,11910,66,11117,0,0,71,18512,2,2257,71,20769,California
Kern,2021-01-18,1645,24672,657,12567,988,12105,0,0,1479,19825,166,2423,1479,22248,California
Kern,2021-01-19,1856,26528,1033,13600,823,12928,0,0,1391,20752,465,2888,1392,23640,California
Kern,2021-01-20,2618,29146,1682,15282,936,13864,0,0,1913,21967,700,3588,1915,25555,California
Kern,2021-01-21,2114,31260,867,16149,1247,15111,0,0,1918,23690,195,3783,1918,27473,California
Kern,2021-01-22,2715,33975,1301,17450,1414,16525,0,0,2437,25850,277,4060,2437,29910,California
Kern,2021-01-23,1247,35222,540,17990,707,17232,0,0,1201,27005,46,4106,1201,31111,California
Kern,2021-01-24,152,35374,11,18001,141,17373,0,0,146,27145,6,4112,146,31257,California
Kern,2021-01-25,2381,37755,1082,19083,1299,18672,0,0,1896,28558,484,4596,1897,33154,California
Kern,2021-01-26,2772,40527,1127,20210,1645,20317,0,0,1912,29611,859,5455,1912,35066,California
Kern,2021-01-27,3553,44080,1895,22105,1658,21975,0,0,2856,31773,694,6149,2856,37922,California
Kern,2021-01-28,2886,46966,1362,23467,1524,23499,0,0,2454,33803,427,6576,2457,40379,California
Kern,2021-01-29,3788,50754,1797,25264,1991,25490,0,0,3242,36502,543,7119,3242,43621,California
Kern,2021-01-30,1333,52087,501,25765,832,26322,0,0,1282,37735,49,7168,1282,44903,California
Kern,2021-01-31,402,52489,275,26040,127,26449,0,0,267,37867,135,7303,267,45170,California
Kern,2021-02-01,2597,55086,989,27029,1608,28057,0,0,1885,39044,709,8012,1886,47056,California
Kern,2021-02-02,2754,57840,798,27827,1956,30013,0,0,2051,40393,703,8715,2052,49108,California
Kern,2021-02-03,3674,61514,1553,29380,2121,32134,0,0,2704,42134,963,9678,2704,51812,California
Kern,2021-02-04,3806,65320,1451,30831,2355,34489,0,0,2587,43512,1209,10887,2587,54399,California
Kern,2021-02-05,4859,70179,1988,32819,2871,37360,0,0,3097,44866,1743,12630,3097,57496,California
Kern,2021-02-06,1742,71921,769,33588,973,38333,0,0,1516,46159,223,12853,1516,59012,California
Kern,2021-02-07,282,72203,150,33738,132,38465,0,0,265,46409,15,12868,265,59277,California
Kern,2021-02-08,2562,74765,784,34522,1778,40243,0,0,1256,46378,1288,14156,1257,60534,California
Kern,2021-02-09,3036,77801,986,35508,2050,42293,0,0,1462,46274,1566,15722,1462,61996,California
Kern,2021-02-10,3800,81601,1661,37169,2139,44432,0,0,1882,46255,1902,17624,1883,63879,California
Kern,2021-02-11,4265,85866,1532,38701,2733,47165,0,0,2222,46448,2030,19654,2223,66102,California
Kern,2021-02-12,4967,90833,1891,40592,3076,50241,0,0,2475,46445,2478,22132,2475,68577,California
Kern,2021-02-13,2008,92841,726,41318,1282,51523,0,0,1161,46761,845,22977,1161,69738,California
Kern,2021-02-14,350,93191,12,41330,338,51861,0,0,268,46948,81,23058,268,70006,California
Kern,2021-02-15,2744,95935,898,42228,1846,53707,0,0,1211,46634,1525,24583,1211,71217,California
Kern,2021-02-16,2946,98881,712,42940,2234,55941,0,0,1656,47010,1281,25864,1657,72874,California
Kern,2021-02-17,4073,102954,2076,45016,1997,57938,0,0,1924,46792,2143,28007,1925,74799,California
Kern,2021-02-18,3757,106711,1485,46501,2272,60210,0,0,1625,46295,2122,30129,1625,76424,California
Kern,2021-02-19,4193,110904,1915,48416,2278,62488,0,0,1737,45583,2449,32578,1737,78161,California
Kern,2021-02-20,2580,113484,966,49382,1614,64102,0,0,1348,45703,1228,33806,1348,79509,California
Kern,2021-02-21,257,113741,151,49533,106,64208,0,0,89,45626,166,33972,89,79598,California
Kern,2021-02-22,2673,116414,1153,50686,1520,65728,0,0,1433,45825,1234,35206,1433,81031,California
Kern,2021-02-23,3580,119994,1134,51820,2446,68174,0,0,1998,46244,1580,36786,1999,83030,California
Kern,2021-02-24,5211,125205,2289,54109,2922,71096,0,0,3106,47249,2101,38887,3106,86136,California
Kern,2021-02-25,5378,130583,2460,56569,2918,74014,0,0,3194,48280,2165,41052,3196,89332,California
Kern,2021-02-26,6926,137509,3537,60106,3389,77403,0,0,4362,50086,2557,43609,4363,93695,California
Kern,2021-02-27,3954,141463,1983,62089,1971,79374,0,0,2615,51370,1331,44940,2615,96310,California
Kern,2021-02-28,916,142379,503,62592,412,79786,1,1,696,51849,218,45158,697,97007,California
Kern,2021-03-01,4011,146390,1822,64414,2185,81971,4,5,2695,53242,1306,46464,2699,99706,California
Kern,2021-03-02,4485,150875,1410,65824,3071,85042,4,9,2951,54671,1523,47987,2952,102658,California
Kern,2021-03-03,5954,156829,2814,68638,3138,88180,2,11,3845,56422,2095,50082,3846,106504,California
Kern,2021-03-04,5625,162454,2210,70848,3410,91590,5,16,3630,58073,1981,52063,3632,110136,California
Kern,2021-03-05,6633,169087,2861,73709,3753,95343,19,35,4185,59839,2438,54501,4204,114340,California
Kern,2021-03-06,4756,173843,1925,75634,2724,98067,107,142,3479,62154,1270,55771,3585,117925,California
Kern,2021-03-07,2063,175906,1596,77230,411,98478,56,198,1865,63878,197,55968,1921,119846,California
Kern,2021-03-08,2902,178808,923,78153,1757,100235,222,420,1523,64245,1376,57344,1743,121589,California
Kern,2021-03-09,3725,182533,804,78957,2536,102771,385,805,2329,65566,1388,58732,2709,124298,California
Kern,2021-03-10,6149,188682,2562,81519,2512,105283,1075,1880,3599,67704,2534,61266,4672,128970,California
Kern,2021-03-11,6335,195017,2441,83960,2868,108151,1026,2906,3774,69949,2550,63816,4795,133765,California
Kern,2021-03-12,7847,202864,3077,87037,3417,111568,1353,4259,4325,72106,3509,67325,5666,139431,California
Kern,2021-03-13,4670,207534,2529,89566,1804,113372,337,4596,3248,74270,1415,68740,3579,143010,California
Kern,2021-03-14,2308,209842,1532,91098,534,113906,242,4838,1785,75771,523,69263,2024,145034,California
Kern,2021-03-15,4266,214108,1103,92201,2451,116357,712,5550,2197,76617,2056,71319,2902,147936,California
Kern,2021-03-16,4351,218459,1012,93213,2803,119160,536,6086,2330,77467,2011,73330,2861,150797,California
Kern,2021-03-17,7499,225958,4058,97271,2891,122051,550,6636,4528,79585,2958,76288,5076,155873,California
Kern,2021-03-18,7276,233234,3682,100953,3008,125059,586,7222,4406,81723,2850,79138,4988,160861,California
Kern,2021-03-19,8991,242225,4987,105940,3346,128405,658,7880,4715,82830,4259,83397,5366,166227,California
Kern,2021-03-20,6180,248405,3825,109765,2181,130586,174,8054,3920,84676,2249,85646,4095,170322,California
Kern,2021-03-21,3051,251456,1933,111698,236,130822,882,8936,1846,86205,1198,86844,2727,173049,California
Kern,2021-03-22,3987,255443,1566,113264,2067,132889,354,9290,1933,86455,2037,88881,2287,175336,California
Kern,2021-03-23,4743,260186,1676,114940,2868,135757,199,9489,2487,86912,2226,91107,2683,178019,California
Kern,2021-03-24,7188,267374,3678,118618,3033,138790,477,9966,3657,87530,3513,94620,4131,182150,California
Kern,2021-03-25,6784,274158,3006,121624,3447,142237,331,10297,3282,87655,3485,98105,3610,185760,California
Kern,2021-03-26,9869,284027,4412,126036,4200,146437,1257,11554,4724,88510,5125,103230,5980,191740,California
Kern,2021-03-27,5707,289734,3994,130030,1585,148022,128,11682,3447,89826,2258,105488,3574,195314,California
Kern,2021-03-28,4693,294427,4202,134232,477,148499,14,11696,2958,91065,1733,107221,2972,198286,California
Kern,2021-03-29,4261,298688,1683,135915,2301,150800,277,11973,2616,92323,1632,108853,2890,201176,California
Kern,2021-03-30,5597,304285,1872,137787,3340,154140,385,12358,3065,93244,2527,111380,3448,204624,California
Kern,2021-03-31,8411,312696,4539,142326,3224,157364,648,13006,4343,94183,4051,115431,4990,209614,California
Kern,2021-04-01,7898,320594,3873,146199,3725,161089,300,13306,4218,95046,3651,119082,4514,214128,California
Kern,2021-04-02,8456,329050,4466,150665,3381,164470,609,13915,4225,95657,4215,123297,4826,218954,California
Kern,2021-04-03,6000,335050,3672,154337,2146,166616,182,14097,2658,95160,3334,126631,2837,221791,California
Kern,2021-04-04,1336,336386,872,155209,380,166996,84,14181,474,94859,859,127490,558,222349,California
Kern,2021-04-05,5367,341753,2220,157429,2373,169369,774,14955,2896,96043,2457,129947,3641,225990,California
Kern,2021-04-06,7118,348871,2467,159896,3275,172644,1376,16331,3560,97441,3535,133482,4933,230923,California
Kern,2021-04-07,9378,358249,5467,165363,2947,175591,964,17295,4566,98175,4794,138276,5528,236451,California
Kern,2021-04-08,8665,366914,4797,170160,2955,178546,913,18208,3730,97896,4911,143187,4632,241083,California
Kern,2021-04-09,10270,377184,5142,175302,4135,182681,993,19201,4346,97336,5899,149086,5339,246422,California
Kern,2021-04-10,6589,383773,3466,178768,1876,184557,1247,20448,2137,96273,4442,153528,3379,249801,California
Kern,2021-04-11,3917,387690,2917,181685,358,184915,642,21090,1263,95531,2640,156168,1898,251699,California
Kern,2021-04-12,4403,392093,992,182677,2440,187355,971,22061,1579,95277,2802,158970,2548,254247,California
Kern,2021-04-13,4293,396386,1413,184090,2854,190209,26,22087,2114,95252,2164,161134,2139,256386,California
Kern,2021-04-14,6068,402454,2989,187079,3057,193266,22,22109,3001,95226,3049,164183,3023,259409,California
Kern,2021-04-15,5298,407752,2488,189567,2807,196073,3,22112,2529,95006,2752,166935,2532,261941,California
Kern,2021-04-16,7252,415004,3441,193008,3810,199883,1,22113,2957,93697,4270,171205,2961,264902,California
Kern,2021-04-17,5892,420896,3850,196858,2042,201925,0,22113,2095,92010,3783,174988,2096,266998,California
Kern,2021-04-18,3776,424672,3541,200399,235,202160,0,22113,911,90064,2857,177845,911,267909,California
Kern,2021-04-19,3817,428489,1730,202129,2085,204245,2,22115,1413,89094,2383,180228,1413,269322,California
Kern,2021-04-20,4352,432841,1574,203703,2777,207022,1,22116,1643,88045,2693,182921,1644,270966,California
Kern,2021-04-21,5861,438702,3145,206848,2711,209733,5,22121,2134,86478,3704,186625,2137,273103,California
Kern,2021-04-22,4807,443509,2328,209176,2479,212212,0,22121,1708,85111,3076,189701,1709,274812,California
Kern,2021-04-23,6143,449652,3026,212202,3116,215328,1,22122,1916,82840,4188,193889,1917,276729,California
Kern,2021-04-24,4008,453660,2802,215004,1195,216523,11,22133,1440,81741,2550,196439,1451,278180,California
Kern,2021-04-25,1394,455054,1116,216120,278,216801,0,22133,819,81991,569,197008,819,278999,California
Kern,2021-04-26,3868,458922,1832,217952,1984,218785,52,22185,1063,80313,2795,199803,1117,280116,California
Kern,2021-04-27,4776,463698,2313,220265,2355,221140,108,22293,1458,78572,3305,203108,1564,281680,California
Kern,2021-04-28,6302,470000,3717,223982,2461,223601,124,22417,1796,76002,4487,207595,1917,283597,California
Kern,2021-04-29,5509,475509,3062,227044,2347,225948,100,22517,1617,73849,3871,211466,1718,285315,California
Kern,2021-04-30,5589,481098,3119,230163,2311,228259,159,22676,1608,71650,3965,215431,1766,287081,California
Kern,2021-05-01,2716,483814,1932,232095,725,228984,59,22735,1082,71168,1622,217053,1140,288221,California
Kern,2021-05-02,1890,485704,1601,233696,267,229251,22,22757,692,70691,1191,218244,714,288935,California
Kern,2021-05-03,2543,488247,1031,234727,1379,230630,133,22890,786,69870,1741,219985,920,289855,California
Kern,2021-05-04,3661,491908,1303,236030,2248,232878,110,23000,1288,68908,2358,222343,1396,291251,California
Kern,2021-05-05,4160,496068,2145,238175,1864,234742,151,23151,1378,67669,2766,225109,1527,292778,California
Kern,2021-05-06,3598,499666,1630,239805,1822,236564,146,23297,1136,66506,2441,227550,1278,294056,California
Kern,2021-05-07,4607,504273,2315,242120,2118,238682,174,23471,1299,64701,3277,230827,1472,295528,California
Kern,2021-05-08,2893,507166,1824,243944,954,239636,115,23586,898,63732,1980,232807,1011,296539,California
Kern,2021-05-09,1351,508517,1177,245121,145,239781,29,23615,455,63329,887,233694,484,297023,California
Kern,2021-05-10,2263,510780,881,246002,1280,241061,102,23717,678,62540,1567,235261,778,297801,California
Kern,2021-05-11,2641,513421,922,246924,1594,242655,125,23842,959,61954,1671,236932,1085,298886,California
Kern,2021-05-12,3628,517049,1461,248385,2015,244670,152,23994,1169,60829,2446,239378,1321,300207,California
Kern,2021-05-13,3485,520534,1823,250208,1511,246181,151,24145,1626,60755,1846,241224,1772,301979,California
Kern,2021-05-14,4290,524824,2535,252743,1531,247712,224,24369,1984,60676,2286,243510,2207,304186,California
Kern,2021-05-15,2909,527733,1892,254635,929,248641,88,24457,1544,60956,1351,244861,1631,305817,California
Kern,2021-05-16,1544,529277,1322,255957,183,248824,39,24496,889,61234,650,245511,928,306745,California
Kern,2021-05-17,2329,531606,1009,256966,1175,249999,145,24641,1191,61443,1126,246637,1335,308080,California
Kern,2021-05-18,3178,534784,1461,258427,1585,251584,132,24773,1632,61675,1530,248167,1762,309842,California
Kern,2021-05-19,3828,538612,2387,260814,1314,252898,127,24900,1849,61682,1966,250133,1973,311815,California
Kern,2021-05-20,3098,541710,1685,262499,1271,254169,142,25042,1434,61613,1643,251776,1574,313389,California
Kern,2021-05-21,3627,545337,2196,264695,1296,255465,135,25177,1854,61853,1749,253525,1989,315378,California
Kern,2021-05-22,2942,548279,2290,266985,604,256069,48,25225,1417,61803,1513,255038,1463,316841,California
Kern,2021-05-23,1257,549536,1064,268049,167,256236,26,25251,668,61914,582,255620,693,317534,California
Kern,2021-05-24,1849,551385,783,268832,953,257189,113,25364,874,61931,969,256589,986,318520,California
Kern,2021-05-25,2393,553778,1105,269937,1201,258390,87,25451,1126,61891,1253,257842,1213,319733,California
Kern,2021-05-26,2770,556548,1595,271532,1071,259461,104,25555,1196,61630,1559,259401,1298,321031,California
Kern,2021-05-27,2335,558883,1168,272700,1064,260525,103,25658,1203,61825,1110,260511,1305,322336,California
Kern,2021-05-28,2723,561606,1385,274085,1227,261752,111,25769,1271,61765,1440,261951,1380,323716,California
Kern,2021-05-29,1896,563502,1259,275344,591,262343,46,25815,931,61791,951,262902,977,324693,California
Kern,2021-05-30,859,564361,703,276047,137,262480,19,25834,438,61833,414,263316,456,325149,California
Kern,2021-05-31,130,564491,40,276087,79,262559,11,25845,44,61804,83,263399,54,325203,California
Kern,2021-06-01,2285,566776,950,277037,1266,263825,69,25914,1003,61610,1266,264665,1072,326275,California
Kern,2021-06-02,2237,569013,1293,278330,839,264664,105,26019,945,61379,1281,265946,1050,327325,California
Kern,2021-06-03,2350,571363,1316,279646,882,265546,152,26171,872,60935,1467,267413,1023,328348,California
Kern,2021-06-04,2864,574227,1909,281555,846,266392,109,26280,886,59967,1960,269373,992,329340,California
Kern,2021-06-05,2526,576753,2043,283598,450,266842,33,26313,808,59099,1709,271082,841,330181,California
Kern,2021-06-06,1211,577964,1106,284704,82,266924,23,26336,431,58777,776,271858,454,330635,California
Kern,2021-06-07,1790,579754,1117,285821,583,267507,90,26426,676,58440,1101,272959,764,331399,California
Kern,2021-06-08,2112,581866,1226,287047,815,268322,71,26497,674,57764,1420,274379,744,332143,California
Kern,2021-06-09,2279,584145,1597,288644,613,268935,69,26566,716,56996,1552,275931,784,332927,California
Kern,2021-06-10,1970,586115,1228,289872,659,269594,83,26649,679,56474,1283,277214,761,333688,California
Kern,2021-06-11,2176,588291,1438,291310,686,270280,52,26701,819,55996,1349,278563,871,334559,California
Kern,2021-06-12,1001,589292,810,292120,155,270435,36,26737,260,55552,740,279303,296,334855,California
Kings,2020-12-16,1,1,1,1,0,0,0,0,1,1,0,0,1,1,California
Kings,2020-12-17,8,9,8,9,0,0,0,0,8,9,0,0,8,9,California
Kings,2020-12-18,12,21,12,21,0,0,0,0,12,21,0,0,12,21,California
Kings,2020-12-19,11,32,11,32,0,0,0,0,11,32,0,0,11,32,California
Kings,2020-12-20,13,45,13,45,0,0,0,0,13,45,0,0,13,45,California
Kings,2020-12-21,156,201,156,201,0,0,0,0,268,313,0,0,268,313,California
Kings,2020-12-22,143,344,143,344,0,0,0,0,140,453,0,0,140,453,California
Kings,2020-12-23,136,480,122,466,14,14,0,0,137,590,0,0,137,590,California
Kings,2020-12-24,11,491,9,475,2,16,0,0,11,601,0,0,11,601,California
Kings,2020-12-26,7,498,4,479,3,19,0,0,7,608,0,0,7,608,California
Kings,2020-12-27,4,502,4,483,0,19,0,0,4,612,0,0,4,612,California
Kings,2020-12-28,132,634,103,586,29,48,0,0,133,745,0,0,133,745,California
Kings,2020-12-29,82,716,54,640,28,76,0,0,83,828,0,0,83,828,California
Kings,2020-12-30,151,867,110,750,41,117,0,0,151,979,0,0,151,979,California
Kings,2020-12-31,47,914,5,755,42,159,0,0,47,1026,0,0,47,1026,California
Kings,2021-01-01,1,915,0,755,1,160,0,0,1,1027,0,0,1,1027,California
Kings,2021-01-02,11,926,10,765,1,161,0,0,11,1038,0,0,11,1038,California
Kings,2021-01-04,111,1037,41,806,70,231,0,0,111,1149,0,0,111,1149,California
Kings,2021-01-05,195,1232,40,846,155,386,0,0,195,1344,0,0,195,1344,California
Kings,2021-01-06,276,1508,179,1025,97,483,0,0,273,1614,3,3,273,1617,California
Kings,2021-01-07,181,1689,82,1107,99,582,0,0,173,1779,8,11,173,1790,California
Kings,2021-01-08,249,1938,56,1163,193,775,0,0,229,1988,20,31,229,2019,California
Kings,2021-01-09,63,2001,9,1172,54,829,0,0,55,2035,8,39,55,2074,California
Kings,2021-01-10,15,2016,3,1175,12,841,0,0,12,2044,3,42,12,2086,California
Kings,2021-01-11,516,2532,352,1527,164,1005,0,0,276,2081,240,282,277,2363,California
Kings,2021-01-12,347,2879,251,1778,96,1101,0,0,214,2165,130,412,214,2577,California
Kings,2021-01-13,421,3300,275,2053,146,1247,0,0,330,2404,91,503,330,2907,California
Kings,2021-01-14,211,3511,31,2084,180,1427,0,0,201,2585,21,524,202,3109,California
Kings,2021-01-15,420,3931,31,2115,389,1816,0,0,408,2981,12,536,408,3517,California
Kings,2021-01-16,28,3959,9,2124,19,1835,0,0,27,3007,1,537,27,3544,California
Kings,2021-01-17,10,3969,7,2131,3,1838,0,0,8,3013,2,539,8,3552,California
Kings,2021-01-18,173,4142,40,2171,133,1971,0,0,147,3134,26,565,147,3699,California
Kings,2021-01-19,382,4524,161,2332,221,2192,0,0,253,3258,129,694,253,3952,California
Kings,2021-01-20,236,4760,146,2478,90,2282,0,0,125,3277,106,800,125,4077,California
Kings,2021-01-21,212,4972,56,2534,156,2438,0,0,196,3455,18,818,196,4273,California
Kings,2021-01-22,110,5082,21,2555,89,2527,0,0,109,3559,5,823,109,4382,California
Kings,2021-01-23,27,5109,14,2569,13,2540,0,0,20,3572,7,830,20,4402,California
Kings,2021-01-24,4,5113,4,2573,0,2540,0,0,2,3572,2,832,2,4404,California
Kings,2021-01-25,133,5246,27,2600,106,2646,0,0,97,3633,36,868,97,4501,California
Kings,2021-01-26,154,5400,34,2634,120,2766,0,0,113,3705,41,909,113,4614,California
Kings,2021-01-27,329,5729,36,2670,293,3059,0,0,253,3883,75,984,253,4867,California
Kings,2021-01-28,336,6065,45,2715,291,3350,0,0,278,4103,58,1042,278,5145,California
Kings,2021-01-29,110,6175,26,2741,84,3434,0,0,93,4179,17,1059,93,5238,California
Kings,2021-01-30,1563,7738,25,2766,1538,4972,0,0,1560,5738,3,1062,1562,6800,California
Kings,2021-02-01,220,7958,65,2831,155,5127,0,0,91,5702,127,1189,91,6891,California
Kings,2021-02-02,246,8204,16,2847,230,5357,0,0,95,5647,150,1339,95,6986,California
Kings,2021-02-03,402,8606,192,3039,210,5567,0,0,246,5738,155,1494,246,7232,California
Kings,2021-02-04,424,9030,98,3137,326,5893,0,0,227,5769,196,1690,227,7459,California
Kings,2021-02-05,336,9366,54,3191,282,6175,0,0,176,5787,158,1848,176,7635,California
Kings,2021-02-06,61,9427,10,3201,51,6226,0,0,28,5782,33,1881,28,7663,California
Kings,2021-02-07,5,9432,3,3204,2,6228,0,0,3,5783,2,1883,3,7666,California
Kings,2021-02-08,173,9605,29,3233,144,6372,0,0,66,5742,107,1990,66,7732,California
Kings,2021-02-09,255,9860,57,3290,198,6570,0,0,111,5711,142,2132,111,7843,California
Kings,2021-02-10,376,10236,112,3402,264,6834,0,0,259,5853,117,2249,259,8102,California
Kings,2021-02-11,478,10714,65,3467,413,7247,0,0,361,6098,116,2365,361,8463,California
Kings,2021-02-12,634,11348,40,3507,594,7841,0,0,354,6173,279,2644,354,8817,California
Kings,2021-02-13,201,11549,7,3514,194,8035,0,0,174,6320,27,2671,174,8991,California
Kings,2021-02-14,103,11652,4,3518,99,8134,0,0,95,6407,8,2679,95,9086,California
Kings,2021-02-15,251,11903,5,3523,246,8380,0,0,138,6433,112,2791,138,9224,California
Kings,2021-02-16,547,12450,36,3559,511,8891,0,0,310,6507,236,3027,310,9534,California
Kings,2021-02-17,438,12888,26,3585,412,9303,0,0,300,6671,138,3165,302,9836,California
Kings,2021-02-18,238,13126,22,3607,216,9519,0,0,180,6793,58,3223,180,10016,California
Kings,2021-02-19,176,13302,25,3632,151,9670,0,0,120,6860,53,3276,120,10136,California
Kings,2021-02-20,168,13470,34,3666,134,9804,0,0,136,6964,32,3308,136,10272,California
Kings,2021-02-21,2,13472,1,3667,1,9805,0,0,2,6966,0,3308,2,10274,California
Kings,2021-02-22,114,13586,18,3685,96,9901,0,0,48,6948,66,3374,48,10322,California
Kings,2021-02-23,429,14015,70,3755,359,10260,0,0,312,7143,117,3491,312,10634,California
Kings,2021-02-24,735,14750,155,3910,580,10840,0,0,521,7450,214,3705,521,11155,California
Kings,2021-02-25,728,15478,135,4045,593,11433,0,0,507,7738,219,3924,507,11662,California
Kings,2021-02-26,834,16312,138,4183,696,12129,0,0,762,8428,72,3996,762,12424,California
Kings,2021-02-27,1528,17840,65,4248,1463,13592,0,0,585,8071,942,4938,585,13009,California
Kings,2021-02-28,1172,19012,598,4846,574,14166,0,0,675,8252,494,5432,675,13684,California
Kings,2021-03-01,286,19298,89,4935,197,14363,0,0,221,8408,65,5497,221,13905,California
Kings,2021-03-02,588,19886,259,5194,329,14692,0,0,516,8852,72,5569,516,14421,California
Kings,2021-03-03,737,20623,313,5507,424,15116,0,0,515,9147,220,5789,515,14936,California
Kings,2021-03-04,824,21447,357,5864,467,15583,0,0,696,9716,128,5917,697,15633,California
Kings,2021-03-05,1164,22611,369,6233,786,16369,9,9,1020,10605,144,6061,1033,16666,California
Kings,2021-03-06,520,23131,189,6422,318,16687,13,22,490,11078,30,6091,503,17169,California
Kings,2021-03-07,361,23492,220,6642,137,16824,4,26,353,11427,8,6099,357,17526,California
Kings,2021-03-08,373,23865,96,6738,224,17048,53,79,262,11631,111,6210,315,17841,California
Kings,2021-03-09,605,24470,306,7044,244,17292,55,134,493,12069,111,6321,549,18390,California
Kings,2021-03-10,629,25099,156,7200,380,17672,93,227,438,12409,190,6511,530,18920,California
Kings,2021-03-11,1126,26225,373,7573,642,18314,111,338,694,12785,430,6941,806,19726,California
Kings,2021-03-12,1466,27691,457,8030,916,19230,93,431,994,13404,470,7411,1089,20815,California
Kings,2021-03-13,675,28366,328,8358,306,19536,41,472,551,13874,124,7535,594,21409,California
Kings,2021-03-14,678,29044,104,8462,185,19721,389,861,204,13993,474,8009,593,22002,California
Kings,2021-03-15,708,29752,267,8729,324,20045,117,978,467,14340,240,8249,587,22589,California
Kings,2021-03-16,1097,30849,469,9198,566,20611,62,1040,745,14796,352,8601,808,23397,California
Kings,2021-03-17,1117,31966,426,9624,629,21240,62,1102,788,15325,329,8930,858,24255,California
Kings,2021-03-18,1136,33102,477,10101,436,21676,223,1325,776,15967,359,9289,1001,25256,California
Kings,2021-03-19,973,34075,468,10569,420,22096,85,1410,736,16567,236,9525,836,26092,California
Kings,2021-03-20,645,34720,256,10825,358,22454,31,1441,467,16897,176,9701,506,26598,California
Kings,2021-03-21,1420,36140,1088,11913,319,22773,13,1454,862,17214,558,10259,875,27473,California
Kings,2021-03-22,451,36591,202,12115,163,22936,86,1540,274,17402,176,10435,364,27837,California
Kings,2021-03-23,943,37534,511,12626,369,23305,63,1603,557,17643,384,10819,625,28462,California
Kings,2021-03-24,971,38505,488,13114,459,23764,24,1627,514,17728,455,11274,540,29002,California
Kings,2021-03-25,950,39455,469,13583,453,24217,28,1655,451,17710,497,11771,479,29481,California
Kings,2021-03-26,1306,40761,382,13965,839,25056,85,1740,521,17535,780,12551,605,30086,California
Kings,2021-03-27,651,41412,264,14229,375,25431,12,1752,161,17220,488,13039,173,30259,California
Kings,2021-03-28,673,42085,602,14831,64,25495,7,1759,406,17379,267,13306,426,30685,California
Kings,2021-03-29,473,42558,215,15046,197,25692,61,1820,262,17492,209,13515,322,31007,California
Kings,2021-03-30,871,43429,480,15526,352,26044,39,1859,433,17526,437,13952,471,31478,California
Kings,2021-03-31,782,44211,380,15906,329,26373,73,1932,426,17677,348,14300,499,31977,California
Kings,2021-04-01,852,45063,452,16358,311,26684,89,2021,359,17638,487,14787,448,32425,California
Kings,2021-04-02,1044,46107,454,16812,466,27150,124,2145,393,17509,645,15432,516,32941,California
Kings,2021-04-03,494,46601,347,17159,138,27288,9,2154,171,17373,317,15749,181,33122,California
Kings,2021-04-04,158,46759,84,17243,68,27356,6,2160,42,17306,115,15864,48,33170,California
Kings,2021-04-05,1062,47821,329,17572,481,27837,252,2412,242,16980,819,16683,493,33663,California
Kings,2021-04-06,1211,49032,459,18031,442,28279,310,2722,284,16649,924,17607,593,34256,California
Kings,2021-04-07,1377,50409,658,18689,531,28810,188,2910,359,16181,1015,18622,547,34803,California
Kings,2021-04-08,1632,52041,637,19326,741,29551,254,3164,377,15563,1248,19870,630,35433,California
Kings,2021-04-09,1160,53201,543,19869,437,29988,180,3344,234,15049,924,20794,410,35843,California
Kings,2021-04-10,599,53800,332,20201,163,30151,104,3448,175,14906,422,21216,279,36122,California
Kings,2021-04-11,358,54158,74,20275,277,30428,7,3455,199,14955,157,21373,206,36328,California
Kings,2021-04-12,705,54863,311,20586,191,30619,203,3658,194,14843,509,21882,397,36725,California
Kings,2021-04-13,918,55781,526,21112,392,31011,0,3658,293,14517,623,22505,297,37022,California
Kings,2021-04-14,1053,56834,581,21693,472,31483,0,3658,382,14229,671,23176,383,37405,California
Kings,2021-04-15,1064,57898,524,22217,539,32022,1,3659,455,14078,608,23784,457,37862,California
Kings,2021-04-16,776,58674,363,22580,413,32435,0,3659,259,13821,516,24300,259,38121,California
Kings,2021-04-17,469,59143,254,22834,215,32650,0,3659,193,13740,274,24574,193,38314,California
Kings,2021-04-18,564,59707,241,23075,323,32973,0,3659,39,13254,525,25099,39,38353,California
Kings,2021-04-19,535,60242,297,23372,238,33211,0,3659,288,13297,245,25344,288,38641,California
Kings,2021-04-20,749,60991,455,23827,294,33505,0,3659,240,13029,508,25852,240,38881,California
Kings,2021-04-21,646,61637,307,24134,339,33844,0,3659,222,12835,416,26268,222,39103,California
Kings,2021-04-22,560,62197,280,24414,280,34124,0,3659,206,12691,351,26619,207,39310,California
Kings,2021-04-23,673,62870,290,24704,383,34507,0,3659,328,12678,341,26960,328,39638,California
Kings,2021-04-24,248,63118,180,24884,67,34574,1,3660,120,12672,127,27087,121,39759,California
Kings,2021-04-25,202,63320,182,25066,20,34594,0,3660,165,12800,37,27124,165,39924,California
Kings,2021-04-26,315,63635,169,25235,143,34737,3,3663,198,12885,116,27240,201,40125,California
Kings,2021-04-27,424,64059,187,25422,218,34955,19,3682,180,12842,242,27482,199,40324,California
Kings,2021-04-28,515,64574,257,25679,238,35193,20,3702,270,12887,245,27727,290,40614,California
Kings,2021-04-29,290,64864,111,25790,166,35359,13,3715,133,12879,154,27881,146,40760,California
Kings,2021-04-30,368,65232,163,25953,188,35547,17,3732,152,12836,212,28093,169,40929,California
Kings,2021-05-01,226,65458,164,26117,52,35599,10,3742,71,12763,154,28247,81,41010,California
Kings,2021-05-02,169,65627,147,26264,22,35621,0,3742,127,12848,42,28289,127,41137,California
Kings,2021-05-03,474,66101,253,26517,208,35829,13,3755,121,12630,352,28641,134,41271,California
Kings,2021-05-04,520,66621,263,26780,237,36066,20,3775,159,12449,360,29001,179,41450,California
Kings,2021-05-05,551,67172,285,27065,246,36312,20,3795,135,12189,415,29416,155,41605,California
Kings,2021-05-06,550,67722,270,27335,257,36569,23,3818,124,11912,424,29840,147,41752,California
Kings,2021-05-07,364,68086,211,27546,137,36706,16,3834,145,11856,217,30057,161,41913,California
Kings,2021-05-08,232,68318,166,27712,54,36760,12,3846,73,11782,158,30215,84,41997,California
Kings,2021-05-09,191,68509,61,27773,130,36890,0,3846,40,11671,151,30366,40,42037,California
Kings,2021-05-10,340,68849,263,28036,67,36957,10,3856,115,11571,224,30590,124,42161,California
Kings,2021-05-11,386,69235,238,28274,118,37075,30,3886,120,11456,266,30856,151,42312,California
Kings,2021-05-12,398,69633,163,28437,221,37296,14,3900,170,11414,226,31082,184,42496,California
Kings,2021-05-13,393,70026,145,28582,240,37536,8,3908,155,11339,238,31320,163,42659,California
Kings,2021-05-14,463,70489,314,28896,118,37654,31,3939,241,11390,221,31541,272,42931,California
Kings,2021-05-15,354,70843,251,29147,84,37738,19,3958,196,11447,158,31699,215,43146,California
Kings,2021-05-16,248,71091,222,29369,25,37763,1,3959,76,11352,172,31871,77,43223,California
Kings,2021-05-17,404,71495,321,29690,66,37829,17,3976,215,11396,188,32059,232,43455,California
Kings,2021-05-18,396,71891,277,29967,106,37935,13,3989,226,11466,170,32229,240,43695,California
Kings,2021-05-19,576,72467,282,30249,270,38205,24,4013,229,11374,345,32574,253,43948,California
Kings,2021-05-20,447,72914,234,30483,186,38391,27,4040,266,11487,181,32755,294,44242,California
Kings,2021-05-21,517,73431,263,30746,244,38635,10,4050,265,11514,248,33003,275,44517,California
Kings,2021-05-22,304,73735,245,30991,47,38682,12,4062,217,11658,85,33088,229,44746,California
Kings,2021-05-23,233,73968,224,31215,9,38691,0,4062,109,11643,124,33212,109,44855,California
Kings,2021-05-24,249,74217,165,31380,70,38761,14,4076,119,11646,130,33342,133,44988,California
Kings,2021-05-25,405,74622,267,31647,105,38866,33,4109,239,11754,164,33506,272,45260,California
Kings,2021-05-26,304,74926,125,31772,162,39028,17,4126,129,11726,174,33680,146,45406,California
Kings,2021-05-27,328,75254,178,31950,132,39160,18,4144,179,11777,146,33826,197,45603,California
Kings,2021-05-28,286,75540,139,32089,130,39290,17,4161,139,11789,144,33970,156,45759,California
Kings,2021-05-29,172,75712,99,32188,62,39352,11,4172,91,11811,80,34050,102,45861,California
Kings,2021-05-30,131,75843,114,32302,15,39367,2,4174,71,11824,60,34110,73,45934,California
Kings,2021-05-31,42,75885,23,32325,16,39383,3,4177,15,11815,27,34137,18,45952,California
Kings,2021-06-01,315,76200,188,32513,111,39494,16,4193,121,11761,190,34327,136,46088,California
Kings,2021-06-02,271,76471,124,32637,140,39634,7,4200,85,11669,184,34511,92,46180,California
Kings,2021-06-03,228,76699,126,32763,91,39725,11,4211,86,11631,135,34646,97,46277,California
Kings,2021-06-04,424,77123,280,33043,131,39856,13,4224,158,11540,262,34908,171,46448,California
Kings,2021-06-05,252,77375,220,33263,26,39882,6,4230,63,11433,176,35084,69,46517,California
Kings,2021-06-06,161,77536,153,33416,3,39885,5,4235,80,11441,77,35161,85,46602,California
Kings,2021-06-07,290,77826,220,33636,57,39942,13,4248,94,11352,196,35357,107,46709,California
Kings,2021-06-08,310,78136,239,33875,51,39993,20,4268,84,11231,225,35582,104,46813,California
Kings,2021-06-09,348,78484,224,34099,116,40109,8,4276,90,11074,255,35837,98,46911,California
Kings,2021-06-10,307,78791,191,34290,103,40212,13,4289,73,10927,233,36070,86,46997,California
Kings,2021-06-11,289,79080,207,34497,79,40291,3,4292,105,10855,180,36250,108,47105,California
Kings,2021-06-12,35,79115,15,34512,16,40307,4,4296,13,10850,22,36272,17,47122,California
Lake,2020-12-17,4,4,4,4,0,0,0,0,4,4,0,0,4,4,California
Lake,2020-12-18,49,53,49,53,0,0,0,0,49,53,0,0,49,53,California
Lake,2020-12-19,3,56,3,56,0,0,0,0,3,56,0,0,3,56,California
Lake,2020-12-20,6,62,6,62,0,0,0,0,6,62,0,0,6,62,California
Lake,2020-12-21,87,149,87,149,0,0,0,0,87,149,0,0,87,149,California
Lake,2020-12-22,63,212,60,209,3,3,0,0,63,212,0,0,63,212,California
Lake,2020-12-23,125,337,116,325,9,12,0,0,125,337,0,0,125,337,California
Lake,2020-12-24,2,339,0,325,2,14,0,0,2,339,0,0,2,339,California
Lake,2020-12-26,2,341,2,327,0,14,0,0,2,341,0,0,2,341,California
Lake,2020-12-27,2,343,2,329,0,14,0,0,2,343,0,0,2,343,California
Lake,2020-12-28,53,396,44,373,9,23,0,0,53,396,0,0,53,396,California
Lake,2020-12-29,53,449,48,421,5,28,0,0,53,449,0,0,53,449,California
Lake,2020-12-30,131,580,124,545,7,35,0,0,131,580,0,0,131,580,California
Lake,2020-12-31,67,647,64,609,3,38,0,0,67,647,0,0,67,647,California
Lake,2021-01-01,1,648,0,609,1,39,0,0,1,648,0,0,1,648,California
Lake,2021-01-02,2,650,1,610,1,40,0,0,2,650,0,0,2,650,California
Lake,2021-01-04,91,741,21,631,70,110,0,0,91,741,0,0,91,741,California
Lake,2021-01-05,120,861,59,690,61,171,0,0,118,857,2,2,118,859,California
Lake,2021-01-06,103,964,64,754,39,210,0,0,101,956,2,4,101,960,California
Lake,2021-01-07,109,1073,85,839,24,234,0,0,100,1047,9,13,100,1060,California
Lake,2021-01-08,163,1236,134,973,29,263,0,0,112,1108,51,64,112,1172,California
Lake,2021-01-09,63,1299,61,1034,2,265,0,0,59,1163,4,68,59,1231,California
Lake,2021-01-10,3,1302,3,1037,0,265,0,0,0,1160,3,71,0,1231,California
Lake,2021-01-11,188,1490,148,1185,40,305,0,0,110,1192,78,149,110,1341,California
Lake,2021-01-12,82,1572,49,1234,33,338,0,0,58,1226,24,173,58,1399,California
Lake,2021-01-13,171,1743,116,1350,55,393,0,0,110,1275,61,234,110,1509,California
Lake,2021-01-14,147,1890,48,1398,99,492,0,0,125,1378,22,256,125,1634,California
Lake,2021-01-15,217,2107,94,1492,123,615,0,0,189,1539,28,284,189,1823,California
Lake,2021-01-16,133,2240,82,1574,51,666,0,0,131,1668,2,286,131,1954,California
Lake,2021-01-17,15,2255,6,1580,9,675,0,0,9,1671,6,292,9,1963,California
Lake,2021-01-18,245,2500,229,1809,16,691,0,0,122,1670,123,415,122,2085,California
Lake,2021-01-19,317,2817,121,1930,196,887,0,0,269,1892,48,463,270,2355,California
Lake,2021-01-20,425,3242,82,2012,343,1230,0,0,360,2188,64,527,360,2715,California
Lake,2021-01-21,439,3681,48,2060,391,1621,0,0,403,2555,36,563,403,3118,California
Lake,2021-01-22,321,4002,48,2108,273,1894,0,0,285,2804,36,599,285,3403,California
Lake,2021-01-23,123,4125,6,2114,117,2011,0,0,122,2925,1,600,122,3525,California
Lake,2021-01-24,5,4130,2,2116,3,2014,0,0,5,2930,0,600,5,3530,California
Lake,2021-01-25,256,4386,93,2209,163,2177,0,0,174,3022,82,682,174,3704,California
Lake,2021-01-26,430,4816,33,2242,397,2574,0,0,406,3404,24,706,406,4110,California
Lake,2021-01-27,362,5178,40,2282,322,2896,0,0,335,3713,27,733,336,4446,California
Lake,2021-01-28,494,5672,159,2441,335,3231,0,0,365,3949,129,862,365,4811,California
Lake,2021-01-29,659,6331,108,2549,551,3782,0,0,576,4442,83,945,576,5387,California
Lake,2021-01-30,555,6886,39,2588,516,4298,0,0,549,4985,6,951,549,5936,California
Lake,2021-01-31,13,6899,8,2596,5,4303,0,0,11,4994,2,953,11,5947,California
Lake,2021-02-01,176,7075,14,2610,162,4465,0,0,162,5142,14,967,162,6109,California
Lake,2021-02-02,560,7635,151,2761,409,4874,0,0,394,5370,166,1133,394,6503,California
Lake,2021-02-03,443,8078,32,2793,411,5285,0,0,337,5601,106,1239,337,6840,California
Lake,2021-02-04,121,8199,70,2863,51,5336,0,0,71,5622,50,1289,71,6911,California
Lake,2021-02-05,382,8581,71,2934,311,5647,0,0,289,5820,91,1380,289,7200,California
Lake,2021-02-06,275,8856,39,2973,236,5883,0,0,264,6073,11,1391,264,7464,California
Lake,2021-02-07,3,8859,2,2975,1,5884,0,0,3,6076,0,1391,3,7467,California
Lake,2021-02-08,276,9135,206,3181,70,5954,0,0,158,6116,118,1509,158,7625,California
Lake,2021-02-09,344,9479,23,3204,321,6275,0,0,300,6373,43,1552,300,7925,California
Lake,2021-02-10,350,9829,50,3254,300,6575,0,0,270,6563,80,1632,270,8195,California
Lake,2021-02-11,174,10003,18,3272,156,6731,0,0,57,6503,117,1749,57,8252,California
Lake,2021-02-12,371,10374,28,3300,343,7074,0,0,285,6703,85,1834,285,8537,California
Lake,2021-02-13,252,10626,9,3309,243,7317,0,0,242,6935,10,1844,242,8779,California
Lake,2021-02-14,16,10642,4,3313,12,7329,0,0,5,6929,11,1855,5,8784,California
Lake,2021-02-15,164,10806,8,3321,156,7485,0,0,8,6782,155,2010,8,8792,California
Lake,2021-02-16,425,11231,22,3343,403,7888,0,0,178,6713,247,2257,178,8970,California
Lake,2021-02-17,348,11579,53,3396,295,8183,0,0,69,6504,278,2535,69,9039,California
Lake,2021-02-18,458,12037,71,3467,387,8570,0,0,113,6272,345,2880,113,9152,California
Lake,2021-02-19,425,12462,24,3491,401,8971,0,0,90,6027,335,3215,90,9242,California
Lake,2021-02-20,290,12752,57,3548,233,9204,0,0,251,6240,38,3253,251,9493,California
Lake,2021-02-21,6,12758,6,3554,0,9204,0,0,0,6234,6,3259,0,9493,California
Lake,2021-02-22,133,12891,16,3570,117,9321,0,0,39,6179,94,3353,39,9532,California
Lake,2021-02-23,215,13106,16,3586,199,9520,0,0,29,6022,186,3539,29,9561,California
Lake,2021-02-24,1011,14117,430,4016,581,10101,0,0,470,5952,540,4079,470,10031,California
Lake,2021-02-25,731,14848,468,4484,263,10364,0,0,472,6168,256,4335,472,10503,California
Lake,2021-02-26,994,15842,303,4787,691,11055,0,0,348,5872,644,4979,348,10851,California
Lake,2021-02-27,408,16250,97,4884,311,11366,0,0,327,6118,81,5060,327,11178,California
Lake,2021-02-28,17,16267,10,4894,7,11373,0,0,11,6123,6,5066,11,11189,California
Lake,2021-03-01,596,16863,54,4948,542,11915,0,0,444,6415,152,5218,444,11633,California
Lake,2021-03-02,743,17606,18,4966,725,12640,0,0,288,6249,454,5672,288,11921,California
Lake,2021-03-03,365,17971,193,5159,172,12812,0,0,146,6176,219,5891,146,12067,California
Lake,2021-03-04,578,18549,506,5665,72,12884,0,0,561,6720,17,5908,561,12628,California
Lake,2021-03-05,1053,19602,52,5717,1001,13885,0,0,188,6047,861,6769,188,12816,California
Lake,2021-03-06,36,19638,10,5727,25,13910,1,1,22,6056,14,6783,23,12839,California
Lake,2021-03-07,6,19644,4,5731,2,13912,0,1,4,6058,2,6785,4,12843,California
Lake,2021-03-08,339,19983,267,5998,63,13975,9,10,299,6326,40,6825,308,13151,California
Lake,2021-03-09,928,20911,42,6040,868,14843,18,28,404,6225,523,7348,422,13573,California
Lake,2021-03-10,200,21111,56,6096,131,14974,13,41,134,6307,66,7414,148,13721,California
Lake,2021-03-11,588,21699,48,6144,62,15036,478,519,48,6293,540,7954,526,14247,California
Lake,2021-03-12,856,22555,204,6348,626,15662,26,545,364,6192,491,8445,390,14637,California
Lake,2021-03-13,279,22834,21,6369,22,15684,236,781,17,6183,261,8706,252,14889,California
Lake,2021-03-14,11,22845,2,6371,9,15693,0,781,7,6186,4,8710,7,14896,California
Lake,2021-03-15,640,23485,9,6380,613,16306,18,799,480,6524,160,8870,498,15394,California
Lake,2021-03-16,1121,24606,839,7219,265,16571,17,816,401,6225,716,9586,417,15811,California
Lake,2021-03-17,243,24849,119,7338,102,16673,22,838,89,6182,154,9740,111,15922,California
Lake,2021-03-18,747,25596,375,7713,336,17009,36,874,370,6213,374,10114,405,16327,California
Lake,2021-03-19,583,26179,313,8026,249,17258,21,895,479,6610,103,10217,500,16827,California
Lake,2021-03-20,249,26428,8,8034,238,17496,3,898,31,6428,216,10433,34,16861,California
Lake,2021-03-21,16,26444,11,8045,4,17500,1,899,11,6435,5,10438,12,16873,California
Lake,2021-03-22,339,26783,257,8302,67,17567,15,914,251,6613,88,10526,266,17139,California
Lake,2021-03-23,435,27218,23,8325,399,17966,13,927,368,6928,66,10592,381,17520,California
Lake,2021-03-24,422,27640,59,8384,355,18321,8,935,328,7172,93,10685,337,17857,California
Lake,2021-03-25,670,28310,481,8865,184,18505,5,940,173,6852,497,11182,177,18034,California
Lake,2021-03-26,67,28377,32,8897,34,18539,1,941,31,6848,36,11218,32,18066,California
Lake,2021-03-27,307,28684,7,8904,297,18836,3,944,16,6578,289,11507,19,18085,California
Lake,2021-03-28,15,28699,7,8911,8,18844,0,944,8,6579,7,11514,8,18093,California
Lake,2021-03-29,989,29688,287,9198,700,19544,2,946,205,6004,782,12296,207,18300,California
Lake,2021-03-30,467,30155,318,9516,147,19691,2,948,371,6282,95,12391,373,18673,California
Lake,2021-03-31,619,30774,59,9575,560,20251,0,948,435,6542,175,12566,435,19108,California
Lake,2021-04-01,451,31225,237,9812,202,20453,12,960,188,6483,259,12825,200,19308,California
Lake,2021-04-02,223,31448,39,9851,156,20609,28,988,95,6478,128,12953,123,19431,California
Lake,2021-04-03,32,31480,5,9856,24,20633,3,991,12,6473,20,12973,15,19446,California
Lake,2021-04-04,19,31499,11,9867,7,20640,1,992,15,6485,4,12977,16,19462,California
Lake,2021-04-05,646,32145,70,9937,556,21196,20,1012,407,6675,236,13213,426,19888,California
Lake,2021-04-06,478,32623,17,9954,435,21631,26,1038,307,6838,170,13383,333,20221,California
Lake,2021-04-07,522,33145,56,10010,415,22046,51,1089,352,7073,168,13551,403,20624,California
Lake,2021-04-08,607,33752,494,10504,47,22093,66,1155,103,6741,501,14052,169,20793,California
Lake,2021-04-09,279,34031,39,10543,172,22265,68,1223,47,6626,229,14281,114,20907,California
Lake,2021-04-10,254,34285,13,10556,14,22279,227,1450,9,6617,245,14526,236,21143,California
Lake,2021-04-11,22,34307,17,10573,3,22282,2,1452,7,6611,15,14541,9,21152,California
Lake,2021-04-12,1081,35388,234,10807,813,23095,34,1486,244,6053,836,15377,278,21430,California
Lake,2021-04-13,180,35568,109,10916,71,23166,0,1486,52,5977,128,15505,52,21482,California
Lake,2021-04-14,614,36182,35,10951,579,23745,0,1486,551,6465,63,15568,551,22033,California
Lake,2021-04-15,642,36824,192,11143,450,24195,0,1486,329,6482,313,15881,330,22363,California
Lake,2021-04-16,263,37087,25,11168,238,24433,0,1486,69,6358,193,16074,69,22432,California
Lake,2021-04-17,42,37129,11,11179,31,24464,0,1486,31,6378,11,16085,31,22463,California
Lake,2021-04-18,7,37136,4,11183,3,24467,0,1486,0,6371,7,16092,0,22463,California
Lake,2021-04-19,301,37437,40,11223,261,24728,0,1486,250,6570,51,16143,250,22713,California
Lake,2021-04-20,699,38136,281,11504,418,25146,0,1486,92,6057,606,16749,93,22806,California
Lake,2021-04-21,531,38667,61,11565,470,25616,0,1486,196,5918,335,17084,196,23002,California
Lake,2021-04-22,462,39129,46,11611,416,26032,0,1486,317,6091,144,17228,317,23319,California
Lake,2021-04-23,116,39245,58,11669,58,26090,0,1486,69,6114,46,17274,69,23388,California
Lake,2021-04-24,53,39298,8,11677,45,26135,0,1486,39,6139,14,17288,39,23427,California
Lake,2021-04-25,36,39334,19,11696,17,26152,0,1486,24,6151,12,17300,24,23451,California
Lake,2021-04-26,292,39626,81,11777,210,26362,1,1487,87,6034,205,17505,88,23539,California
Lake,2021-04-27,248,39874,22,11799,208,26570,18,1505,85,5974,163,17668,103,23642,California
Lake,2021-04-28,512,40386,48,11847,449,27019,15,1520,91,5660,419,18087,105,23747,California
Lake,2021-04-29,208,40594,81,11928,111,27130,16,1536,110,5687,98,18185,125,23872,California
Lake,2021-04-30,286,40880,43,11971,212,27342,31,1567,147,5726,139,18324,178,24050,California
Lake,2021-05-01,50,40930,28,11999,20,27362,2,1569,35,5749,14,18338,37,24087,California
Lake,2021-05-02,18,40948,9,12008,8,27370,1,1570,9,5750,9,18347,10,24097,California
Lake,2021-05-03,416,41364,28,12036,353,27723,35,1605,65,5500,350,18697,100,24197,California
Lake,2021-05-04,404,41768,216,12252,140,27863,48,1653,124,5393,279,18976,172,24369,California
Lake,2021-05-05,630,42398,44,12296,573,28436,13,1666,86,4950,541,19517,98,24467,California
Lake,2021-05-06,141,42539,19,12315,93,28529,29,1695,72,4981,69,19586,100,24567,California
Lake,2021-05-07,163,42702,27,12342,116,28645,20,1715,105,5050,56,19642,125,24692,California
Lake,2021-05-08,43,42745,7,12349,36,28681,0,1715,36,5079,7,19649,36,24728,California
Lake,2021-05-09,17,42762,2,12351,10,28691,5,1720,10,5087,7,19656,15,24743,California
Lake,2021-05-10,245,43007,11,12362,207,28898,27,1747,58,4986,186,19842,85,24828,California
Lake,2021-05-11,193,43200,25,12387,151,29049,17,1764,115,5041,78,19920,133,24961,California
Lake,2021-05-12,540,43740,32,12419,488,29537,20,1784,55,4630,485,20405,74,25035,California
Lake,2021-05-13,313,44053,66,12485,233,29770,14,1798,73,4479,238,20643,87,25122,California
Lake,2021-05-14,265,44318,81,12566,165,29935,19,1817,161,4556,102,20745,179,25301,California
Lake,2021-05-15,42,44360,16,12582,23,29958,3,1820,26,4569,16,20761,29,25330,California
Lake,2021-05-16,31,44391,18,12600,12,29970,1,1821,17,4573,14,20775,18,25348,California
Lake,2021-05-17,315,44706,41,12641,259,30229,15,1836,84,4444,228,21003,99,25447,California
Lake,2021-05-18,302,45008,65,12706,218,30447,19,1855,175,4512,126,21129,194,25641,California
Lake,2021-05-19,311,45319,57,12763,239,30686,15,1870,87,4391,223,21352,102,25743,California
Lake,2021-05-20,236,45555,60,12823,165,30851,11,1881,93,4352,143,21495,104,25847,California
Lake,2021-05-21,271,45826,50,12873,198,31049,23,1904,112,4330,157,21652,135,25982,California
Lake,2021-05-22,92,45918,51,12924,38,31087,3,1907,43,4327,49,21701,46,26028,California
Lake,2021-05-23,57,45975,28,12952,28,31115,1,1908,29,4329,28,21729,30,26058,California
Lake,2021-05-24,155,46130,35,12987,106,31221,14,1922,70,4328,85,21814,84,26142,California
Lake,2021-05-25,204,46334,55,13042,137,31358,12,1934,73,4283,130,21944,85,26227,California
Lake,2021-05-26,150,46484,44,13086,95,31453,11,1945,54,4254,94,22038,65,26292,California
Lake,2021-05-27,174,46658,47,13133,113,31566,14,1959,60,4215,113,22151,74,26366,California
Lake,2021-05-28,223,46881,20,13153,164,31730,39,1998,49,4131,171,22322,87,26453,California
Lake,2021-05-29,37,46918,10,13163,21,31751,6,2004,14,4128,23,22345,20,26473,California
Lake,2021-05-30,22,46940,6,13169,14,31765,2,2006,12,4132,10,22355,14,26487,California
Lake,2021-05-31,63,47003,21,13190,40,31805,2,2008,53,4177,10,22365,55,26542,California
Lake,2021-06-01,197,47200,37,13227,151,31956,9,2017,68,4126,128,22493,77,26619,California
Lake,2021-06-02,132,47332,45,13272,75,32031,12,2029,54,4114,78,22571,66,26685,California
Lake,2021-06-03,179,47511,55,13327,106,32137,18,2047,79,4111,100,22671,97,26782,California
Lake,2021-06-04,180,47691,51,13378,114,32251,15,2062,45,4038,133,22804,60,26842,California
Lake,2021-06-05,91,47782,56,13434,27,32278,8,2070,55,4065,36,22840,63,26905,California
Lake,2021-06-06,67,47849,37,13471,30,32308,0,2070,23,4044,44,22884,23,26928,California
Lake,2021-06-07,88,47937,29,13500,51,32359,8,2078,30,4025,57,22941,38,26966,California
Lake,2021-06-08,145,48082,43,13543,94,32453,8,2086,62,4012,83,23024,70,27036,California
Lake,2021-06-09,131,48213,14,13557,116,32569,1,2087,24,3931,106,23130,25,27061,California
Lake,2021-06-10,84,48297,37,13594,38,32607,9,2096,32,3920,52,23182,41,27102,California
Lake,2021-06-11,104,48401,16,13610,76,32683,12,2108,15,3859,88,23270,27,27129,California
Lake,2021-06-12,23,48424,11,13621,9,32692,3,2111,9,3857,14,23284,12,27141,California
Lassen,2020-12-16,4,4,4,4,0,0,0,0,4,4,0,0,4,4,California
Lassen,2020-12-17,1,5,1,5,0,0,0,0,1,5,0,0,1,5,California
Lassen,2020-12-18,1,6,1,6,0,0,0,0,1,6,0,0,1,6,California
Lassen,2020-12-19,5,11,5,11,0,0,0,0,5,11,0,0,5,11,California
Lassen,2020-12-20,2,13,2,13,0,0,0,0,2,13,0,0,2,13,California
Lassen,2020-12-21,11,24,11,24,0,0,0,0,11,24,0,0,11,24,California
Lassen,2020-12-22,20,44,20,44,0,0,0,0,20,44,0,0,20,44,California
Lassen,2020-12-23,5,49,5,49,0,0,0,0,5,49,0,0,5,49,California
Lassen,2020-12-24,5,54,5,54,0,0,0,0,5,54,0,0,5,54,California
Lassen,2020-12-28,3,57,2,56,1,1,0,0,3,57,0,0,3,57,California
Lassen,2020-12-29,34,91,34,90,0,1,0,0,34,91,0,0,34,91,California
Lassen,2020-12-30,28,119,27,117,1,2,0,0,28,119,0,0,28,119,California
Lassen,2020-12-31,49,168,42,159,7,9,0,0,49,168,0,0,49,168,California
Lassen,2021-01-02,1,169,0,159,1,10,0,0,1,169,0,0,1,169,California
Lassen,2021-01-04,14,183,2,161,12,22,0,0,14,183,0,0,14,183,California
Lassen,2021-01-05,189,372,51,212,138,160,0,0,189,372,0,0,189,372,California
Lassen,2021-01-06,89,461,38,250,51,211,0,0,84,452,5,5,85,457,California
Lassen,2021-01-07,38,499,2,252,36,247,0,0,37,488,1,6,37,494,California
Lassen,2021-01-08,49,548,2,254,47,294,0,0,49,537,0,6,49,543,California
Lassen,2021-01-09,12,560,6,260,6,300,0,0,12,549,0,6,12,555,California
Lassen,2021-01-11,27,587,5,265,22,322,0,0,27,576,0,6,27,582,California
Lassen,2021-01-12,46,633,26,291,20,342,0,0,29,588,17,23,29,611,California
Lassen,2021-01-13,159,792,16,307,143,485,0,0,146,721,13,36,146,757,California
Lassen,2021-01-14,154,946,12,319,142,627,0,0,147,861,7,43,147,904,California
Lassen,2021-01-15,22,968,3,322,19,646,0,0,22,883,0,43,22,926,California
Lassen,2021-01-16,34,1002,33,355,1,647,0,0,34,917,0,43,34,960,California
Lassen,2021-01-17,1,1003,0,355,1,648,0,0,1,918,0,43,1,961,California
Lassen,2021-01-18,4,1007,2,357,2,650,0,0,3,920,1,44,3,964,California
Lassen,2021-01-19,182,1189,34,391,148,798,0,0,154,1046,28,72,154,1118,California
Lassen,2021-01-20,161,1350,90,481,71,869,0,0,86,1072,60,132,86,1204,California
Lassen,2021-01-21,133,1483,88,569,45,914,0,0,109,1163,18,150,109,1313,California
Lassen,2021-01-22,28,1511,15,584,13,927,0,0,18,1171,10,160,18,1331,California
Lassen,2021-01-24,1,1512,0,584,1,928,0,0,1,1172,0,160,1,1332,California
Lassen,2021-01-25,10,1522,1,585,9,937,0,0,9,1180,1,161,9,1341,California
Lassen,2021-01-26,112,1634,3,588,109,1046,0,0,110,1288,2,163,110,1451,California
Lassen,2021-01-27,64,1698,19,607,45,1091,0,0,49,1322,15,178,49,1500,California
Lassen,2021-01-28,78,1776,11,618,67,1158,0,0,77,1398,1,179,77,1577,California
Lassen,2021-01-29,15,1791,3,621,12,1170,0,0,14,1411,1,180,14,1591,California
Lassen,2021-02-01,48,1839,2,623,46,1216,0,0,25,1413,23,203,25,1616,California
Lassen,2021-02-02,165,2004,6,629,159,1375,0,0,34,1316,131,334,34,1650,California
Lassen,2021-02-03,89,2093,17,646,72,1447,0,0,45,1317,44,378,45,1695,California
Lassen,2021-02-04,102,2195,8,654,94,1541,0,0,54,1323,48,426,54,1749,California
Lassen,2021-02-05,53,2248,6,660,47,1588,0,0,15,1300,38,464,15,1764,California
Lassen,2021-02-06,69,2317,34,694,35,1623,0,0,36,1304,32,496,36,1800,California
Lassen,2021-02-07,1,2318,1,695,0,1623,0,0,1,1305,0,496,1,1801,California
Lassen,2021-02-08,40,2358,4,699,36,1659,0,0,14,1293,26,522,14,1815,California
Lassen,2021-02-09,119,2477,4,703,115,1774,0,0,43,1260,76,598,43,1858,California
Lassen,2021-02-10,158,2635,15,718,143,1917,0,0,52,1206,106,704,52,1910,California
Lassen,2021-02-11,154,2789,8,726,146,2063,0,0,57,1167,96,800,57,1967,California
Lassen,2021-02-12,26,2815,5,731,21,2084,0,0,9,1159,17,817,9,1976,California
Lassen,2021-02-13,10,2825,2,733,8,2092,0,0,8,1165,2,819,8,1984,California
Lassen,2021-02-14,13,2838,0,733,13,2105,0,0,12,1176,1,820,12,1996,California
Lassen,2021-02-15,19,2857,2,735,17,2122,0,0,15,1188,3,823,15,2011,California
Lassen,2021-02-16,182,3039,3,738,179,2301,0,0,22,1052,158,981,22,2033,California
Lassen,2021-02-17,149,3188,79,817,70,2371,0,0,6,915,143,1124,6,2039,California
Lassen,2021-02-18,64,3252,13,830,51,2422,0,0,16,883,48,1172,16,2055,California
Lassen,2021-02-19,69,3321,51,881,18,2440,0,0,12,838,57,1229,12,2067,California
Lassen,2021-02-20,7,3328,0,881,7,2447,0,0,6,843,1,1230,6,2073,California
Lassen,2021-02-21,21,3349,1,882,20,2467,0,0,17,856,4,1234,17,2090,California
Lassen,2021-02-22,20,3369,10,892,10,2477,0,0,5,846,15,1249,5,2095,California
Lassen,2021-02-23,146,3515,6,898,140,2617,0,0,43,786,103,1352,43,2138,California
Lassen,2021-02-24,135,3650,10,908,125,2742,0,0,87,826,47,1399,87,2225,California
Lassen,2021-02-25,139,3789,14,922,125,2867,0,0,88,863,51,1450,88,2313,California
Lassen,2021-02-26,65,3854,12,934,53,2920,0,0,33,864,32,1482,33,2346,California
Lassen,2021-02-27,7,3861,7,941,0,2920,0,0,3,863,4,1486,3,2349,California
Lassen,2021-02-28,4,3865,1,942,3,2923,0,0,1,861,3,1489,1,2350,California
Lassen,2021-03-01,29,3894,3,945,26,2949,0,0,6,845,22,1511,6,2356,California
Lassen,2021-03-02,97,3991,5,950,92,3041,0,0,77,903,19,1530,77,2433,California
Lassen,2021-03-03,139,4130,6,956,133,3174,0,0,90,944,49,1579,90,2523,California
Lassen,2021-03-04,143,4273,14,970,129,3303,0,0,94,990,48,1627,94,2617,California
Lassen,2021-03-05,43,4316,4,974,15,3318,24,24,9,989,34,1661,33,2650,California
Lassen,2021-03-06,54,4370,3,977,29,3347,22,46,5,967,49,1710,27,2677,California
Lassen,2021-03-07,56,4426,1,978,0,3347,55,101,1,968,55,1765,56,2733,California
Lassen,2021-03-08,84,4510,2,980,4,3351,78,179,1,964,83,1848,79,2812,California
Lassen,2021-03-09,127,4637,4,984,106,3457,17,196,81,1016,46,1894,98,2910,California
Lassen,2021-03-10,132,4769,7,991,124,3581,1,197,74,1034,57,1951,75,2985,California
Lassen,2021-03-11,168,4937,10,1001,152,3733,6,203,99,1073,66,2017,105,3090,California
Lassen,2021-03-12,17,4954,7,1008,7,3740,3,206,5,1069,12,2029,8,3098,California
Lassen,2021-03-13,48,5002,0,1008,2,3742,46,252,1,1068,47,2076,46,3144,California
Lassen,2021-03-14,12,5014,0,1008,11,3753,1,253,1,1059,11,2087,2,3146,California
Lassen,2021-03-15,27,5041,2,1010,25,3778,0,253,12,1056,15,2102,12,3158,California
Lassen,2021-03-16,88,5129,2,1012,81,3859,5,258,72,1117,16,2118,77,3235,California
Lassen,2021-03-17,1084,6213,8,1020,1071,4930,5,263,1066,2170,18,2136,1071,4306,California
Lassen,2021-03-18,86,6299,7,1027,78,5008,1,264,75,2235,11,2147,76,4382,California
Lassen,2021-03-19,11,6310,7,1034,2,5010,2,266,5,2236,6,2153,7,4389,California
Lassen,2021-03-20,17,6327,3,1037,12,5022,2,268,11,2243,6,2159,13,4402,California
Lassen,2021-03-21,33,6360,0,1037,33,5055,0,268,13,2237,19,2178,13,4415,California
Lassen,2021-03-22,43,6403,1,1038,42,5097,0,268,40,2274,3,2181,40,4455,California
Lassen,2021-03-23,113,6516,7,1045,105,5202,1,269,60,2282,53,2234,61,4516,California
Lassen,2021-03-24,177,6693,8,1053,168,5370,1,270,93,2294,82,2316,94,4610,California
Lassen,2021-03-25,142,6835,15,1068,127,5497,0,270,62,2276,80,2396,62,4672,California
Lassen,2021-03-26,71,6906,8,1076,25,5522,38,308,15,2273,55,2451,52,4724,California
Lassen,2021-03-27,18,6924,2,1078,1,5523,15,323,2,2274,16,2467,17,4741,California
Lassen,2021-03-28,12,6936,2,1080,1,5524,9,332,1,2273,11,2478,10,4751,California
Lassen,2021-03-29,52,6988,0,1080,27,5551,25,357,20,2287,31,2509,45,4796,California
Lassen,2021-03-30,170,7158,3,1083,142,5693,25,382,50,2242,120,2629,75,4871,California
Lassen,2021-03-31,141,7299,10,1093,110,5803,21,403,57,2237,83,2712,78,4949,California
Lassen,2021-04-01,151,7450,9,1102,123,5926,19,422,43,2192,107,2819,62,5011,California
Lassen,2021-04-02,27,7477,3,1105,2,5928,22,444,1,2189,26,2845,23,5034,California
Lassen,2021-04-03,12,7489,0,1105,2,5930,10,454,0,2187,12,2857,10,5044,California
Lassen,2021-04-04,5,7494,1,1106,0,5930,4,458,1,2188,4,2861,5,5049,California
Lassen,2021-04-05,17,7511,1,1107,10,5940,6,464,10,2197,7,2868,16,5065,California
Lassen,2021-04-06,170,7681,5,1112,135,6075,30,494,50,2157,120,2988,80,5145,California
Lassen,2021-04-07,123,7804,5,1117,86,6161,32,526,32,2132,91,3079,66,5211,California
Lassen,2021-04-08,158,7962,7,1124,99,6260,52,578,28,2086,126,3205,80,5291,California
Lassen,2021-04-09,44,8006,6,1130,6,6266,32,610,8,2090,35,3240,39,5330,California
Lassen,2021-04-10,8,8014,0,1130,2,6268,6,616,0,2089,7,3247,6,5336,California
Lassen,2021-04-11,6,8020,2,1132,1,6269,3,619,3,2092,3,3250,6,5342,California
Lassen,2021-04-12,29,8049,4,1136,12,6281,13,632,4,2084,25,3275,17,5359,California
Lassen,2021-04-13,117,8166,3,1139,114,6395,0,632,28,2024,88,3363,28,5387,California
Lassen,2021-04-14,981,9147,8,1147,973,7368,0,632,47,1138,933,4296,47,5434,California
Lassen,2021-04-15,134,9281,12,1159,122,7490,0,632,12,1028,122,4418,12,5446,California
Lassen,2021-04-16,9,9290,2,1161,7,7497,0,632,5,1029,4,4422,5,5451,California
Lassen,2021-04-17,11,9301,2,1163,9,7506,0,632,3,1024,8,4430,3,5454,California
Lassen,2021-04-18,4,9305,1,1164,3,7509,0,632,1,1022,3,4433,1,5455,California
Lassen,2021-04-19,30,9335,0,1164,30,7539,0,632,14,1020,16,4449,14,5469,California
Lassen,2021-04-20,130,9465,6,1170,124,7663,0,632,47,984,83,4532,47,5516,California
Lassen,2021-04-21,140,9605,6,1176,134,7797,0,632,30,906,108,4640,30,5546,California
Lassen,2021-04-22,94,9699,14,1190,80,7877,0,632,28,868,66,4706,28,5574,California
Lassen,2021-04-23,21,9720,0,1190,21,7898,0,632,18,883,3,4709,18,5592,California
Lassen,2021-04-24,9,9729,5,1195,4,7902,0,632,3,880,6,4715,3,5595,California
Lassen,2021-04-25,5,9734,0,1195,4,7906,1,633,3,882,2,4717,4,5599,California
Lassen,2021-04-26,40,9774,1,1196,35,7941,4,637,8,862,32,4749,12,5611,California
Lassen,2021-04-27,107,9881,5,1201,99,8040,3,640,55,868,52,4801,58,5669,California
Lassen,2021-04-28,81,9962,6,1207,73,8113,2,642,29,847,52,4853,31,5700,California
Lassen,2021-04-29,59,10021,5,1212,51,8164,3,645,20,832,38,4891,23,5723,California
Lassen,2021-04-30,12,10033,7,1219,2,8166,3,648,3,829,9,4900,6,5729,California
Lassen,2021-05-01,4,10037,0,1219,3,8169,1,649,3,832,1,4901,4,5733,California
Lassen,2021-05-02,10,10047,6,1225,4,8173,0,649,6,834,4,4905,6,5739,California
Lassen,2021-05-03,17,10064,2,1227,9,8182,6,655,2,827,15,4920,8,5747,California
Lassen,2021-05-04,67,10131,2,1229,58,8240,7,662,19,805,48,4968,26,5773,California
Lassen,2021-05-05,80,10211,4,1233,65,8305,11,673,25,787,54,5022,36,5809,California
Lassen,2021-05-06,69,10280,17,1250,30,8335,22,695,17,774,52,5074,39,5848,California
Lassen,2021-05-07,48,10328,32,1282,11,8346,5,700,41,813,7,5081,46,5894,California
Lassen,2021-05-08,11,10339,0,1282,5,8351,6,706,4,816,7,5088,10,5904,California
Lassen,2021-05-09,1,10340,0,1282,0,8351,1,707,0,816,1,5089,1,5905,California
Lassen,2021-05-10,11,10351,1,1283,7,8358,3,710,5,818,6,5095,8,5913,California
Lassen,2021-05-11,57,10408,0,1283,49,8407,8,718,17,803,40,5135,25,5938,California
Lassen,2021-05-12,40,10448,3,1286,32,8439,5,723,13,794,27,5162,18,5956,California
Lassen,2021-05-13,25,10473,8,1294,12,8451,5,728,7,788,18,5180,12,5968,California
Lassen,2021-05-14,20,10493,3,1297,9,8460,8,736,11,798,9,5189,19,5987,California
Lassen,2021-05-15,16,10509,2,1299,4,8464,10,746,4,800,12,5201,14,6001,California
Lassen,2021-05-16,7,10516,2,1301,3,8467,2,748,2,800,4,5205,4,6005,California
Lassen,2021-05-17,34,10550,3,1304,19,8486,12,760,10,798,24,5229,22,6027,California
Lassen,2021-05-18,83,10633,6,1310,65,8551,12,772,23,773,60,5289,35,6062,California
Lassen,2021-05-19,52,10685,2,1312,41,8592,9,781,7,744,44,5333,15,6077,California
Lassen,2021-05-20,33,10718,8,1320,16,8608,9,790,12,744,21,5354,21,6098,California
Lassen,2021-05-21,62,10780,28,1348,20,8628,14,804,33,762,29,5383,47,6145,California
Lassen,2021-05-22,17,10797,2,1350,7,8635,8,812,7,767,10,5393,15,6160,California
Lassen,2021-05-23,5,10802,3,1353,1,8636,1,813,0,763,5,5398,1,6161,California
Lassen,2021-05-24,12,10814,1,1354,9,8645,2,815,6,766,5,5403,8,6169,California
Lassen,2021-05-25,90,10904,6,1360,75,8720,9,824,32,749,58,5461,41,6210,California
Lassen,2021-05-26,57,10961,0,1360,42,8762,15,839,11,729,46,5507,26,6236,California
Lassen,2021-05-27,41,11002,17,1377,18,8780,6,845,12,719,28,5535,18,6254,California
Lassen,2021-05-28,70,11072,44,1421,18,8798,8,853,29,715,41,5576,37,6291,California
Lassen,2021-05-29,15,11087,1,1422,12,8810,2,855,9,720,6,5582,11,6302,California
Lassen,2021-05-30,2,11089,0,1422,1,8811,1,856,1,721,1,5583,2,6304,California
Lassen,2021-05-31,7,11096,0,1422,6,8817,1,857,1,717,6,5589,2,6306,California
Lassen,2021-06-01,43,11139,1,1423,36,8853,6,863,16,712,27,5616,22,6328,California
Lassen,2021-06-02,51,11190,2,1425,35,8888,14,877,12,700,38,5654,26,6354,California
Lassen,2021-06-03,20,11210,2,1427,9,8897,9,886,7,703,13,5667,16,6370,California
Lassen,2021-06-04,36,11246,1,1428,23,8920,12,898,11,701,25,5692,23,6393,California
Lassen,2021-06-05,14,11260,3,1431,7,8927,4,902,4,699,10,5702,8,6401,California
Lassen,2021-06-06,5,11265,0,1431,2,8929,3,905,1,699,4,5706,4,6405,California
Lassen,2021-06-07,16,11281,0,1431,8,8937,8,913,3,697,13,5719,11,6416,California
Lassen,2021-06-08,35,11316,4,1435,27,8964,4,917,14,694,21,5740,18,6434,California
Lassen,2021-06-09,17,11333,1,1436,14,8978,2,919,7,694,9,5749,9,6443,California
Lassen,2021-06-10,19,11352,10,1446,7,8985,2,921,10,697,9,5758,12,6455,California
Lassen,2021-06-11,32,11384,24,1470,8,8993,0,921,8,681,24,5782,8,6463,California
Los Angeles,2020-12-15,397,397,397,397,0,0,0,0,397,397,0,0,397,397,California
Los Angeles,2020-12-16,3581,3978,3581,3978,0,0,0,0,3581,3978,0,0,3581,3978,California
Los Angeles,2020-12-17,10402,14380,10402,14380,0,0,0,0,10403,14381,0,0,10403,14381,California
Los Angeles,2020-12-18,14595,28975,14572,28952,23,23,0,0,14595,28976,0,0,14595,28976,California
Los Angeles,2020-12-19,7230,36205,7221,36173,9,32,0,0,7233,36209,0,0,7233,36209,California
Los Angeles,2020-12-20,4620,40825,4611,40784,9,41,0,0,4622,40831,0,0,4622,40831,California
Los Angeles,2020-12-21,13737,54562,13720,54504,17,58,0,0,13737,54567,1,1,13737,54568,California
Los Angeles,2020-12-22,11570,66132,11176,65680,394,452,0,0,11570,66135,2,3,11570,66138,California
Los Angeles,2020-12-23,11988,78120,10212,75892,1776,2228,0,0,11989,78124,0,3,11989,78127,California
Los Angeles,2020-12-24,7054,85174,4275,80167,2779,5007,0,0,7057,85181,0,3,7057,85184,California
Los Angeles,2020-12-25,529,85703,422,80589,107,5114,0,0,530,85711,0,3,530,85714,California
Los Angeles,2020-12-26,2536,88239,2191,82780,345,5459,0,0,2535,88244,2,5,2535,88249,California
Los Angeles,2020-12-27,1775,90014,1036,83816,739,6198,0,0,1775,90019,0,5,1775,90024,California
Los Angeles,2020-12-28,10368,100382,6418,90234,3950,10148,0,0,10365,100383,1,6,10365,100389,California
Los Angeles,2020-12-29,11665,112047,6116,96350,5549,15697,0,0,11665,112048,0,6,11665,112054,California
Los Angeles,2020-12-30,14938,126985,8122,104472,6816,22513,0,0,14937,126985,0,6,14937,126991,California
Los Angeles,2020-12-31,7995,134980,2779,107251,5216,27729,0,0,7991,134973,3,9,7991,134982,California
Los Angeles,2021-01-01,1072,136052,309,107560,763,28492,0,0,1070,136041,2,11,1070,136052,California
Los Angeles,2021-01-02,4492,140544,1679,109239,2813,31305,0,0,4492,140533,0,11,4492,140544,California
Los Angeles,2021-01-03,964,141508,224,109463,740,32045,0,0,962,141493,2,13,962,141506,California
Los Angeles,2021-01-04,12733,154241,4895,114358,7838,39883,0,0,12718,154209,2,15,12718,154224,California
Los Angeles,2021-01-05,16113,170354,7121,121479,8992,48875,0,0,14193,166517,1891,1906,14199,168423,California
Los Angeles,2021-01-06,22774,193128,12122,133601,10652,59527,0,0,17109,178040,5596,7502,17119,185542,California
Los Angeles,2021-01-07,29450,222578,15846,149447,13604,73131,0,0,18866,186386,10536,18038,18882,204424,California
Los Angeles,2021-01-08,33246,255824,17966,167413,15280,88411,0,0,20951,195079,12269,30307,20962,225386,California
Los Angeles,2021-01-09,12436,268260,7108,174521,5328,93739,0,0,7543,197739,4890,35197,7550,232936,California
Los Angeles,2021-01-10,4707,272967,3650,178171,1057,94796,0,0,1969,196971,2738,37935,1970,234906,California
Los Angeles,2021-01-11,25912,298879,16308,194479,9604,104400,0,0,14934,200949,10966,48901,14944,249850,California
Los Angeles,2021-01-12,29436,328315,16241,210720,13195,117595,0,0,19275,210094,10144,59045,19289,269139,California
Los Angeles,2021-01-13,29397,357712,15682,226402,13715,131310,0,0,20400,221523,8978,68023,20407,289546,California
Los Angeles,2021-01-14,29369,387081,12741,239143,16628,147938,0,0,23813,239814,5535,73558,23826,313372,California
Los Angeles,2021-01-15,33971,421052,12399,251542,21572,169510,0,0,30379,266635,3567,77125,30388,343760,California
Los Angeles,2021-01-16,17690,438742,5000,256542,12690,182200,0,0,15894,280748,1787,78912,15900,359660,California
Los Angeles,2021-01-17,5232,443974,2335,258877,2897,185097,0,0,4984,285487,247,79159,4986,364646,California
Los Angeles,2021-01-18,15706,459680,10144,269021,5562,190659,0,0,10958,291712,4736,83895,10961,375607,California
Los Angeles,2021-01-19,38759,498439,20653,289674,18106,208765,0,0,30911,314830,7806,91701,30924,406531,California
Los Angeles,2021-01-20,46611,545050,24262,313936,22349,231114,0,0,39084,346430,7495,99196,39095,445626,California
Los Angeles,2021-01-21,49062,594112,22481,336417,26581,257695,0,0,44740,386933,4254,103450,44757,490383,California
Los Angeles,2021-01-22,48446,642558,22453,358870,25993,283688,0,0,44981,428511,3417,106867,44995,535378,California
Los Angeles,2021-01-23,34306,676864,15820,374690,18486,302174,0,0,32226,458702,2049,108916,32240,567618,California
Los Angeles,2021-01-24,15766,692630,12235,386925,3531,305705,0,0,15212,473372,545,109461,15215,582833,California
Los Angeles,2021-01-25,39638,732268,16741,403666,22897,328602,0,0,30959,495701,8646,118107,30975,613808,California
Los Angeles,2021-01-26,49915,782183,24792,428458,25123,353725,0,0,41652,529147,8226,126333,41672,655480,California
Los Angeles,2021-01-27,51380,833563,26121,454579,25259,378984,0,0,41928,561792,9310,135643,41955,697435,California
Los Angeles,2021-01-28,49384,882947,23729,478308,25655,404639,0,0,40896,594344,8365,144008,40917,738352,California
Los Angeles,2021-01-29,50093,933040,25911,504219,24182,428821,0,0,39955,624534,9783,153791,39973,778325,California
Los Angeles,2021-01-30,30649,963689,15878,520097,14771,443592,0,0,26311,646598,4256,158047,26320,804645,California
Los Angeles,2021-01-31,13259,976948,10586,530683,2673,446265,0,0,12433,658223,812,158859,12437,817082,California
Los Angeles,2021-02-01,38892,1015840,16686,547369,22206,468471,0,0,28315,676010,10539,169398,28326,845408,California
Los Angeles,2021-02-02,44922,1060762,18153,565522,26769,495240,0,0,32701,696539,12178,181576,32707,878115,California
Los Angeles,2021-02-03,52485,1113247,19753,585275,32732,527972,0,0,37549,719404,14691,196267,37556,915671,California
Los Angeles,2021-02-04,57426,1170673,20867,606142,36559,564531,0,0,39322,740947,17793,214060,39336,955007,California
Los Angeles,2021-02-05,61830,1232503,21321,627463,40509,605040,0,0,39730,759036,21653,235713,39742,994749,California
Los Angeles,2021-02-06,35940,1268443,13662,641125,22278,627318,0,0,27449,778095,8412,244125,27471,1022220,California
Los Angeles,2021-02-07,11130,1279573,8689,649814,2441,629759,0,0,8735,784458,2379,246504,8742,1030962,California
Los Angeles,2021-02-08,47574,1327147,22220,672034,25354,655113,0,0,31275,799574,16161,262665,31277,1062239,California
Los Angeles,2021-02-09,56150,1383297,24896,696930,31254,686367,0,0,28616,800747,27451,290116,28624,1090863,California
Los Angeles,2021-02-10,67177,1450474,29515,726445,37662,724029,0,0,30814,795594,35978,326094,30825,1121688,California
Los Angeles,2021-02-11,58551,1509025,31343,757788,27208,751237,0,0,28322,794144,29777,355871,28327,1150015,California
Los Angeles,2021-02-12,60041,1569066,29974,787762,30067,781304,0,0,26252,786995,33419,389290,26270,1176285,California
Los Angeles,2021-02-13,33923,1602989,19797,807559,14126,795430,0,0,15444,784091,18389,407679,15485,1191770,California
Los Angeles,2021-02-14,21850,1624839,14908,822467,6942,802372,0,0,8783,779874,13003,420682,8786,1200556,California
Los Angeles,2021-02-15,33068,1657907,16092,838559,16976,819348,0,0,18104,783087,14897,435579,18110,1218666,California
Los Angeles,2021-02-16,64629,1722536,32965,871524,31664,851012,0,0,29931,778436,34595,470174,29944,1248610,California
Los Angeles,2021-02-17,65358,1787894,34954,906478,30404,881416,0,0,26560,766399,38603,508777,26566,1275176,California
Los Angeles,2021-02-18,69064,1856958,35239,941717,33825,915241,0,0,28704,754943,40169,548946,28713,1303889,California
Los Angeles,2021-02-19,58840,1915798,36420,978137,22420,937661,0,0,28688,753607,30041,578987,28705,1332594,California
Los Angeles,2021-02-20,33323,1949121,24326,1002463,8997,946658,0,0,15948,752240,17324,596311,15957,1348551,California
Los Angeles,2021-02-21,22583,1971704,20904,1023367,1679,948337,0,0,11140,752007,11377,607688,11144,1359695,California
Los Angeles,2021-02-22,34852,2006556,25423,1048790,9429,957766,0,0,17918,753087,16850,624538,17930,1377625,California
Los Angeles,2021-02-23,55258,2061814,23943,1072733,31315,989081,0,0,21644,741251,33491,658029,21655,1399280,California
Los Angeles,2021-02-24,65360,2127174,29158,1101891,36202,1025283,0,0,28136,732363,37042,695071,28154,1427434,California
Los Angeles,2021-02-25,74531,2201705,34190,1136081,40341,1065624,0,0,38318,734651,36043,731114,38331,1465765,California
Los Angeles,2021-02-26,84098,2285803,38987,1175068,45111,1110735,0,0,47082,744980,36782,767896,47111,1512876,California
Los Angeles,2021-02-27,60663,2346466,26805,1201873,33851,1144586,7,7,30892,746305,29597,797493,30922,1543798,California
Los Angeles,2021-02-28,27157,2373623,18768,1220641,8386,1152972,3,10,18951,757166,8099,805592,18960,1562758,California
Los Angeles,2021-03-01,57508,2431131,32826,1253467,24649,1177621,33,43,34346,768591,22972,828564,34397,1597155,California
Los Angeles,2021-03-02,77946,2509077,37921,1291388,40020,1217641,5,48,49032,788873,28767,857331,49049,1646204,California
Los Angeles,2021-03-03,85047,2594124,43436,1334824,41596,1259237,15,63,53705,811457,31159,888490,53743,1699947,California
Los Angeles,2021-03-04,90969,2685093,46788,1381612,44167,1303404,14,77,57356,835424,33422,921912,57389,1757336,California
Los Angeles,2021-03-05,90188,2775281,44541,1426153,45614,1349018,33,110,60360,866230,29623,951535,60429,1817765,California
Los Angeles,2021-03-06,67464,2842745,34381,1460534,31252,1380270,1831,1941,43492,887731,23823,975358,45324,1863089,California
Los Angeles,2021-03-07,27312,2870057,20805,1481339,5671,1385941,836,2777,21145,903571,6135,981493,21975,1885064,California
Los Angeles,2021-03-08,52876,2922933,27939,1509278,22961,1408902,1976,4753,39927,932629,12841,994334,41899,1926963,California
Los Angeles,2021-03-09,81543,3004476,38759,1548037,39491,1448393,3293,8046,51906,958329,29486,1023820,55186,1982149,California
Los Angeles,2021-03-10,83218,3087694,40954,1588991,37377,1485770,4887,12933,52631,985392,30414,1054234,57477,2039626,California
Los Angeles,2021-03-11,92926,3180620,45393,1634384,40833,1526603,6700,19633,54391,1008099,38337,1092571,61044,2100670,California
Los Angeles,2021-03-12,99139,3279759,44667,1679051,40549,1567152,13923,33556,57744,1038521,41185,1133756,71607,2172277,California
Los Angeles,2021-03-13,75855,3355614,35849,1714900,28033,1595185,11973,45529,45324,1065349,30412,1164168,57240,2229517,California
Los Angeles,2021-03-14,39163,3394777,26322,1741222,10292,1605477,2549,48078,24040,1076860,15054,1179222,26565,2256082,California
Los Angeles,2021-03-15,75055,3469832,36641,1777863,32963,1638440,5451,53529,45455,1098330,29407,1208629,50877,2306959,California
Los Angeles,2021-03-16,100049,3569881,43796,1821659,50365,1688805,5888,59417,64774,1133866,35076,1243705,70612,2377571,California
Los Angeles,2021-03-17,97351,3667232,44132,1865791,44894,1733699,8325,67742,65106,1175130,32032,1275737,73296,2450867,California
Los Angeles,2021-03-18,102013,3769245,48777,1914568,47896,1781595,5340,73082,64728,1208190,36989,1312726,70049,2520916,California
Los Angeles,2021-03-19,109287,3878532,56992,1971560,47515,1829110,4780,77862,67341,1238590,41673,1354399,72073,2592989,California
Los Angeles,2021-03-20,76448,3954980,37780,2009340,34082,1863192,4586,82448,51876,1270652,24382,1378781,56444,2649433,California
Los Angeles,2021-03-21,34664,3989644,25778,2035118,7985,1871177,901,83349,22226,1281461,12316,1391097,23125,2672558,California
Los Angeles,2021-03-22,70966,4060610,41676,2076794,27116,1898293,2174,85523,49781,1312493,20917,1412014,51949,2724507,California
Los Angeles,2021-03-23,96510,4157120,52169,2128963,41095,1939388,3246,88769,58407,1336305,37827,1449841,61639,2786146,California
Los Angeles,2021-03-24,105108,4262228,55743,2184706,46199,1985587,3166,91935,60828,1356331,43953,1493794,63979,2850125,California
Los Angeles,2021-03-25,110794,4373022,59346,2244052,47541,2033128,3907,95842,62225,1374182,48259,1542053,66110,2916235,California
Los Angeles,2021-03-26,115403,4488425,63254,2307306,47971,2081099,4178,100020,63624,1390466,51487,1593540,67771,2984006,California
Los Angeles,2021-03-27,83662,4572087,44044,2351350,37486,2118585,2132,102152,42700,1394601,40693,1634233,44828,3028834,California
Los Angeles,2021-03-28,42265,4614352,28673,2380023,13007,2131592,585,102737,20075,1393197,22062,1656295,20658,3049492,California
Los Angeles,2021-03-29,83130,4697482,46735,2426758,34621,2166213,1774,104511,46128,1404306,36784,1693079,47893,3097385,California
Los Angeles,2021-03-30,109044,4806526,51977,2478735,51122,2217335,5945,110456,56958,1415328,51845,1744924,62867,3160252,California
Los Angeles,2021-03-31,122792,4929318,62042,2540777,51913,2269248,8837,119293,68638,1438911,53834,1798758,77417,3237669,California
Los Angeles,2021-04-01,133587,5062905,62467,2603244,55679,2324927,15441,134734,72032,1465103,61198,1859956,87390,3325059,California
Los Angeles,2021-04-02,132510,5195415,59036,2662280,57899,2382826,15575,150309,70487,1489443,61672,1921628,86012,3411071,California
Los Angeles,2021-04-03,98739,5294154,45216,2707496,39868,2422694,13655,163964,48545,1501573,49999,1971627,62129,3473200,California
Los Angeles,2021-04-04,39252,5333406,20546,2728042,12067,2434761,6639,170603,16375,1501755,22790,1994417,22972,3496172,California
Los Angeles,2021-04-05,94073,5427479,44478,2772520,39279,2474040,10316,180919,44577,1507294,49280,2043697,54819,3550991,California
Los Angeles,2021-04-06,121345,5548824,57106,2829626,43871,2517911,20368,201287,55586,1517627,65492,2109189,75825,3626816,California
Los Angeles,2021-04-07,120492,5669316,54563,2884189,44701,2562612,21228,222515,54472,1527445,65749,2174938,75567,3702383,California
Los Angeles,2021-04-08,133317,5802633,58534,2942723,50586,2613198,24197,246712,60217,1538914,72773,2247711,84242,3786625,California
Los Angeles,2021-04-09,131913,5934546,56970,2999693,50893,2664091,24050,270762,56537,1544292,75056,2322767,80434,3867059,California
Los Angeles,2021-04-10,101860,6036406,43032,3042725,34653,2698744,24175,294937,37294,1541310,64312,2387079,61330,3928389,California
Los Angeles,2021-04-11,41906,6078312,22644,3065369,9741,2708485,9521,304458,14299,1537550,27520,2414599,23760,3952149,California
Los Angeles,2021-04-12,79275,6157587,38699,3104068,34169,2742654,6407,310865,32443,1529725,46611,2461210,38786,3990935,California
Los Angeles,2021-04-13,117882,6275469,59238,3163306,58208,2800862,436,311301,62209,1536974,55414,2516624,62663,4053598,California
Los Angeles,2021-04-14,119538,6395007,59598,3222904,59807,2860669,133,311434,64840,1547549,54418,2571042,64993,4118591,California
Los Angeles,2021-04-15,130671,6525678,70483,3293387,59995,2920664,193,311627,74892,1567041,55487,2626529,74979,4193570,California
Los Angeles,2021-04-16,130411,6656089,68752,3362139,61515,2982179,144,311771,68648,1574320,61468,2687997,68747,4262317,California
Los Angeles,2021-04-17,98442,6754531,51443,3413582,46970,3029149,29,311800,56177,1588483,42041,2730038,56204,4318521,California
Los Angeles,2021-04-18,34155,6788686,22631,3436213,11523,3040672,1,311801,18681,1591781,15389,2745427,18687,4337208,California
Los Angeles,2021-04-19,75012,6863698,39739,3475952,35260,3075932,13,311814,33284,1583562,41525,2786952,33306,4370514,California
Los Angeles,2021-04-20,103021,6966719,50125,3526077,52874,3128806,22,311836,51125,1583066,51645,2838597,51149,4421663,California
Los Angeles,2021-04-21,109678,7076397,52450,3578527,57041,3185847,187,312023,48329,1570568,61014,2899611,48516,4470179,California
Los Angeles,2021-04-22,116500,7192897,59737,3638264,56730,3242577,33,312056,51337,1557103,64839,2964450,51374,4521553,California
Los Angeles,2021-04-23,114583,7307480,62502,3700766,52060,3294637,21,312077,54307,1551457,59972,3024422,54326,4575879,California
Los Angeles,2021-04-24,90256,7397736,57413,3758179,32803,3327440,40,312117,50451,1562386,39571,3063993,50500,4626379,California
Los Angeles,2021-04-25,37792,7435528,25029,3783208,12757,3340197,6,312123,20350,1565408,17333,3081326,20355,4646734,California
Los Angeles,2021-04-26,77717,7513245,40133,3823341,37077,3377274,507,312630,38438,1565286,39062,3120388,38940,4685674,California
Los Angeles,2021-04-27,92864,7606109,44367,3867708,46528,3423802,1969,314599,35382,1545429,57198,3177586,37341,4723015,California
Los Angeles,2021-04-28,86246,7692355,41134,3908842,43018,3466820,2094,316693,34055,1529711,51856,3229442,36138,4759153,California
Los Angeles,2021-04-29,91555,7783910,45254,3954096,44120,3510940,2181,318874,32434,1505584,58731,3288173,34604,4793757,California
Los Angeles,2021-04-30,99358,7883268,49014,4003110,47927,3558867,2417,321291,35820,1480693,63111,3351284,38220,4831977,California
Los Angeles,2021-05-01,75349,7958617,42136,4045246,31700,3590567,1513,322804,28348,1463854,46692,3397976,29853,4861830,California
Los Angeles,2021-05-02,27999,7986616,17975,4063221,9289,3599856,735,323539,10149,1456999,17735,3415711,10880,4872710,California
Los Angeles,2021-05-03,61353,8047969,29842,4093063,29338,3629194,2173,325712,21910,1441876,39192,3454903,24069,4896779,California
Los Angeles,2021-05-04,85658,8133627,47137,4140200,36275,3665469,2246,327958,26351,1411456,58999,3513902,28579,4925358,California
Los Angeles,2021-05-05,88690,8222317,51480,4191680,34870,3700339,2340,330298,24384,1374194,63976,3577878,26714,4952072,California
Los Angeles,2021-05-06,96415,8318732,57884,4249564,36018,3736357,2513,332811,22971,1326594,73065,3650943,25465,4977537,California
Los Angeles,2021-05-07,95764,8414496,56903,4306467,36514,3772871,2347,335158,26231,1285960,69184,3720127,28550,5006087,California
Los Angeles,2021-05-08,63872,8478368,42128,4348595,20131,3793002,1613,336771,17494,1258985,46070,3766197,19095,5025182,California
Los Angeles,2021-05-09,23672,8502040,18019,4366614,4915,3797917,738,337509,6034,1248209,17541,3783738,6765,5031947,California
Los Angeles,2021-05-10,48863,8550903,25659,4392273,21343,3819260,1861,339370,14885,1231189,33757,3817495,16737,5048684,California
Los Angeles,2021-05-11,68626,8619529,36697,4428970,29826,3849086,2103,341473,17797,1200489,50574,3868069,19874,5068558,California
Los Angeles,2021-05-12,70489,8690018,38208,4467178,30008,3879094,2273,343746,20464,1173475,49726,3917795,22712,5091270,California
Los Angeles,2021-05-13,75049,8765067,45400,4512578,27957,3907051,1692,345438,27218,1154914,47453,3965248,28892,5120162,California
Los Angeles,2021-05-14,86982,8852049,55119,4567697,30044,3937095,1819,347257,32863,1135792,53790,4019038,34668,5154830,California
Los Angeles,2021-05-15,73863,8925912,52190,4619887,20180,3957275,1493,348750,28441,1120560,45155,4064193,29923,5184753,California
Los Angeles,2021-05-16,30477,8956389,24101,4643988,5772,3963047,604,349354,12033,1114845,18349,4082542,12634,5197387,California
Los Angeles,2021-05-17,61247,9017636,39915,4683903,19590,3982637,1742,351096,25118,1105784,35897,4118439,26836,5224223,California
Los Angeles,2021-05-18,64379,9082015,38161,4722064,24429,4007066,1789,352885,25884,1095197,38227,4156666,27640,5251863,California
Los Angeles,2021-05-19,67109,9149124,40507,4762571,24778,4031844,1824,354709,29368,1088894,37479,4194145,31176,5283039,California
Los Angeles,2021-05-20,65702,9214826,36703,4799274,26928,4058772,2071,356780,25451,1076529,39880,4234025,27515,5310554,California
Los Angeles,2021-05-21,69510,9284336,42220,4841494,25234,4084006,2056,358836,27799,1065022,41351,4275376,29844,5340398,California
Los Angeles,2021-05-22,56771,9341107,37079,4878573,18046,4102052,1646,360482,23069,1056253,33475,4308851,24706,5365104,California
Los Angeles,2021-05-23,23332,9364439,16068,4894641,6427,4108479,837,361319,10422,1054715,12791,4321642,11253,5376357,California
Los Angeles,2021-05-24,48092,9412531,26407,4921048,19842,4128321,1843,363162,18195,1045081,29659,4351301,20025,5396382,California
Los Angeles,2021-05-25,49381,9461912,28624,4949672,19005,4147326,1752,364914,19285,1036253,29858,4381159,21030,5417412,California
Los Angeles,2021-05-26,46676,9508588,26414,4976086,18439,4165765,1823,366737,19846,1031390,26414,4407573,21551,5438963,California
Los Angeles,2021-05-27,45078,9553666,25186,5001272,18021,4183786,1871,368608,18979,1026322,25871,4433444,20803,5459766,California
Los Angeles,2021-05-28,51731,9605397,29359,5030631,20502,4204288,1870,370478,23248,1023221,28205,4461649,25104,5484870,California
Los Angeles,2021-05-29,30155,9635552,17451,5048082,11669,4215957,1035,371513,14233,1022741,15737,4477386,15257,5500127,California
Los Angeles,2021-05-30,12441,9647993,8178,5056260,3539,4219496,724,372237,5943,1022956,6446,4483832,6661,5506788,California
Los Angeles,2021-05-31,5985,9653978,3708,5059968,1973,4221469,304,372541,1709,1020741,4225,4488057,2010,5508798,California
Los Angeles,2021-06-01,45775,9699753,25687,5085655,18532,4240001,1556,374097,17732,1012290,27716,4515773,19265,5528063,California
Los Angeles,2021-06-02,38098,9737851,22071,5107726,14583,4254584,1444,375541,15324,1006539,22496,4538269,16745,5544808,California
Los Angeles,2021-06-03,42351,9780202,28008,5135734,12774,4267358,1569,377110,15265,996505,26832,4565101,16798,5561606,California
Los Angeles,2021-06-04,51677,9831879,34948,5170682,15076,4282434,1653,378763,17366,981530,33974,4599075,18999,5580605,California
Los Angeles,2021-06-05,42025,9873904,30186,5200868,10479,4292913,1360,380123,12872,966772,28974,4628049,14216,5594821,California
Los Angeles,2021-06-06,14578,9888482,12034,5212902,1816,4294729,728,380851,4083,961153,10424,4638473,4805,5599626,California
Los Angeles,2021-06-07,36288,9924770,25933,5238835,8926,4303655,1429,382280,11724,949916,24377,4662850,13140,5612766,California
Los Angeles,2021-06-08,37638,9962408,25910,5264745,10164,4313819,1564,383844,12838,939786,24516,4687366,14386,5627152,California
Los Angeles,2021-06-09,30332,9992740,21607,5286352,7559,4321378,1166,385010,8268,927347,21857,4709223,9418,5636570,California
Los Angeles,2021-06-10,26245,10018985,18303,5304655,6694,4328072,1248,386258,7958,918429,18111,4727334,9193,5645763,California
Los Angeles,2021-06-11,26431,10045416,17768,5322423,7394,4335466,1269,387527,8165,909815,18039,4745373,9425,5655188,California
Los Angeles,2021-06-12,16378,10061794,12355,5334778,3194,4338660,829,388356,4700,903748,11589,4756962,5522,5660710,California
Madera,2020-12-16,21,21,21,21,0,0,0,0,21,21,0,0,21,21,California
Madera,2020-12-17,12,33,12,33,0,0,0,0,12,33,0,0,12,33,California
Madera,2020-12-18,60,93,60,93,0,0,0,0,60,93,0,0,60,93,California
Madera,2020-12-19,5,98,5,98,0,0,0,0,5,98,0,0,5,98,California
Madera,2020-12-20,13,111,13,111,0,0,0,0,13,111,0,0,13,111,California
Madera,2020-12-21,60,171,60,171,0,0,0,0,60,171,0,0,60,171,California
Madera,2020-12-22,94,265,92,263,2,2,0,0,94,265,0,0,94,265,California
Madera,2020-12-23,67,332,67,330,0,2,0,0,67,332,0,0,67,332,California
Madera,2020-12-24,43,375,38,368,5,7,0,0,43,375,0,0,43,375,California
Madera,2020-12-26,27,402,26,394,1,8,0,0,27,402,0,0,27,402,California
Madera,2020-12-27,27,429,12,406,15,23,0,0,27,429,0,0,27,429,California
Madera,2020-12-28,107,536,36,442,71,94,0,0,107,536,0,0,107,536,California
Madera,2020-12-29,174,710,37,479,137,231,0,0,174,710,0,0,174,710,California
Madera,2020-12-30,223,933,87,566,136,367,0,0,223,933,0,0,223,933,California
Madera,2020-12-31,202,1135,80,646,122,489,0,0,202,1135,0,0,202,1135,California
Madera,2021-01-01,2,1137,1,647,1,490,0,0,2,1137,0,0,2,1137,California
Madera,2021-01-02,88,1225,33,680,55,545,0,0,88,1225,0,0,88,1225,California
Madera,2021-01-03,4,1229,4,684,0,545,0,0,4,1229,0,0,4,1229,California
Madera,2021-01-04,128,1357,65,749,63,608,0,0,128,1357,0,0,128,1357,California
Madera,2021-01-05,279,1636,143,892,136,744,0,0,275,1628,4,4,275,1632,California
Madera,2021-01-06,183,1819,26,918,157,901,0,0,164,1773,19,23,164,1796,California
Madera,2021-01-07,398,2217,115,1033,283,1184,0,0,376,2128,22,45,377,2173,California
Madera,2021-01-08,420,2637,71,1104,349,1533,0,0,365,2440,54,99,366,2539,California
Madera,2021-01-09,36,2673,14,1118,22,1555,0,0,27,2458,9,108,27,2566,California
Madera,2021-01-10,17,2690,14,1132,3,1558,0,0,5,2451,12,120,5,2571,California
Madera,2021-01-11,240,2930,192,1324,48,1606,0,0,199,2609,41,161,199,2770,California
Madera,2021-01-12,387,3317,156,1480,231,1837,0,0,284,2790,103,264,284,3054,California
Madera,2021-01-13,180,3497,90,1570,90,1927,0,0,126,2863,54,318,127,3181,California
Madera,2021-01-14,552,4049,80,1650,472,2399,0,0,520,3351,32,350,520,3701,California
Madera,2021-01-15,597,4646,157,1807,440,2839,0,0,576,3906,21,371,576,4277,California
Madera,2021-01-16,385,5031,49,1856,336,3175,0,0,357,4235,28,399,357,4634,California
Madera,2021-01-17,336,5367,15,1871,321,3496,0,0,332,4563,4,403,332,4966,California
Madera,2021-01-18,78,5445,62,1933,16,3512,0,0,59,4604,18,421,59,5025,California
Madera,2021-01-19,571,6016,134,2067,437,3949,0,0,544,5122,27,448,545,5570,California
Madera,2021-01-20,237,6253,80,2147,157,4106,0,0,209,5304,27,475,209,5779,California
Madera,2021-01-21,238,6491,128,2275,110,4216,0,0,204,5476,32,507,204,5983,California
Madera,2021-01-22,257,6748,81,2356,176,4392,0,0,242,5703,15,522,242,6225,California
Madera,2021-01-23,100,6848,53,2409,47,4439,0,0,76,5755,24,546,76,6301,California
Madera,2021-01-24,97,6945,81,2490,16,4455,0,0,78,5814,19,565,78,6379,California
Madera,2021-01-25,271,7216,126,2616,145,4600,0,0,147,5837,124,689,147,6526,California
Madera,2021-01-26,491,7707,189,2805,302,4902,0,0,300,5948,190,879,301,6827,California
Madera,2021-01-27,742,8449,63,2868,679,5581,0,0,605,6418,137,1016,607,7434,California
Madera,2021-01-28,546,8995,108,2976,438,6019,0,0,441,6755,105,1121,442,7876,California
Madera,2021-01-29,468,9463,94,3070,374,6393,0,0,413,7113,55,1176,413,8289,California
Madera,2021-01-30,504,9967,16,3086,488,6881,0,0,451,7511,53,1229,451,8740,California
Madera,2021-01-31,9,9976,6,3092,3,6884,0,0,8,7518,1,1230,8,8748,California
Madera,2021-02-01,333,10309,147,3239,186,7070,0,0,207,7599,126,1356,207,8955,California
Madera,2021-02-02,256,10565,89,3328,167,7237,0,0,162,7669,93,1449,163,9118,California
Madera,2021-02-03,595,11160,461,3789,134,7371,0,0,476,8029,117,1566,477,9595,California
Madera,2021-02-04,395,11555,126,3915,269,7640,0,0,117,7870,277,1843,118,9713,California
Madera,2021-02-05,982,12537,302,4217,680,8320,0,0,376,7647,600,2443,377,10090,California
Madera,2021-02-06,365,12902,331,4548,34,8354,0,0,325,7933,39,2482,325,10415,California
Madera,2021-02-07,34,12936,6,4554,28,8382,0,0,29,7957,5,2487,29,10444,California
Madera,2021-02-08,387,13323,311,4865,76,8458,0,0,270,8111,116,2603,270,10714,California
Madera,2021-02-09,485,13808,118,4983,367,8825,0,0,203,8036,279,2882,204,10918,California
Madera,2021-02-10,434,14242,148,5131,286,9111,0,0,332,8266,102,2984,332,11250,California
Madera,2021-02-11,936,15178,308,5439,628,9739,0,0,404,8141,530,3514,405,11655,California
Madera,2021-02-12,839,16017,115,5554,724,10463,0,0,311,7933,522,4036,314,11969,California
Madera,2021-02-13,485,16502,44,5598,441,10904,0,0,138,7728,346,4382,141,12110,California
Madera,2021-02-14,400,16902,74,5672,326,11230,0,0,136,7601,264,4646,137,12247,California
Madera,2021-02-15,246,17148,100,5772,146,11376,0,0,175,7706,70,4716,175,12422,California
Madera,2021-02-16,776,17924,179,5951,597,11973,0,0,229,7391,545,5261,230,12652,California
Madera,2021-02-17,614,18538,277,6228,337,12310,0,0,342,7470,265,5526,344,12996,California
Madera,2021-02-18,1299,19837,538,6766,761,13071,0,0,1120,8413,178,5704,1121,14117,California
Madera,2021-02-19,858,20695,541,7307,317,13388,0,0,715,8986,143,5847,716,14833,California
Madera,2021-02-20,1075,21770,985,8292,90,13478,0,0,1003,9919,71,5918,1004,15837,California
Madera,2021-02-21,964,22734,822,9114,142,13620,0,0,959,10873,5,5923,959,16796,California
Madera,2021-02-22,914,23648,836,9950,78,13698,0,0,857,11673,57,5980,857,17653,California
Madera,2021-02-23,773,24421,500,10450,273,13971,0,0,545,11993,225,6205,545,18198,California
Madera,2021-02-24,917,25338,303,10753,614,14585,0,0,385,11847,531,6736,385,18583,California
Madera,2021-02-25,1036,26374,316,11069,720,15305,0,0,600,12013,434,7170,600,19183,California
Madera,2021-02-26,1083,27457,198,11267,885,16190,0,0,700,12332,381,7551,700,19883,California
Madera,2021-02-27,904,28361,266,11533,638,16828,0,0,477,12388,424,7975,480,20363,California
Madera,2021-02-28,193,28554,28,11561,165,16993,0,0,188,12571,5,7980,188,20551,California
Madera,2021-03-01,379,28933,120,11681,259,17252,0,0,197,12588,180,8160,197,20748,California
Madera,2021-03-02,753,29686,349,12030,404,17656,0,0,638,13115,113,8273,640,21388,California
Madera,2021-03-03,1354,31040,724,12754,630,18286,0,0,947,13685,404,8677,974,22362,California
Madera,2021-03-04,1208,32248,530,13284,678,18964,0,0,954,14387,255,8932,957,23319,California
Madera,2021-03-05,1369,33617,422,13706,934,19898,13,13,1086,15216,281,9213,1110,24429,California
Madera,2021-03-06,826,34443,643,14349,151,20049,32,45,505,15434,320,9533,538,24967,California
Madera,2021-03-07,154,34597,26,14375,106,20155,22,67,105,15512,49,9582,127,25094,California
Madera,2021-03-08,602,35199,336,14711,207,20362,59,126,306,15583,296,9878,367,25461,California
Madera,2021-03-09,604,35803,297,15008,273,20635,34,160,412,15845,190,10068,452,25913,California
Madera,2021-03-10,1196,36999,559,15567,558,21193,79,239,762,16258,429,10497,842,26755,California
Madera,2021-03-11,1688,38687,870,16437,490,21683,328,567,771,16453,915,11412,1110,27865,California
Madera,2021-03-12,1582,40269,818,17255,612,22295,152,719,802,16659,777,12189,983,28848,California
Madera,2021-03-13,1887,42156,1332,18587,358,22653,197,916,816,16621,1068,13257,1030,29878,California
Madera,2021-03-14,589,42745,451,19038,105,22758,33,949,296,16660,290,13547,329,30207,California
Madera,2021-03-15,745,43490,232,19270,469,23227,44,993,514,17025,228,13775,593,30800,California
Madera,2021-03-16,933,44423,528,19798,358,23585,47,1040,744,17647,186,13961,808,31608,California
Madera,2021-03-17,1475,45898,985,20783,427,24012,63,1103,911,18161,555,14516,1069,32677,California
Madera,2021-03-18,1953,47851,682,21465,1206,25218,65,1168,972,18312,976,15492,1127,33804,California
Madera,2021-03-19,1593,49444,588,22053,923,26141,82,1250,1036,18959,553,16045,1200,35004,California
Madera,2021-03-20,1192,50636,780,22833,361,26502,51,1301,607,19099,583,16628,723,35727,California
Madera,2021-03-21,1108,51744,904,23737,157,26659,47,1348,384,18810,721,17349,432,36159,California
Madera,2021-03-22,1364,53108,858,24595,441,27100,65,1413,686,18933,675,18024,798,36957,California
Madera,2021-03-23,1417,54525,862,25457,468,27568,87,1500,676,19040,740,18764,847,37804,California
Madera,2021-03-24,957,55482,513,25970,412,27980,32,1532,617,19356,337,19101,653,38457,California
Madera,2021-03-25,1179,56661,533,26503,622,28602,24,1556,650,19524,519,19620,687,39144,California
Madera,2021-03-26,1520,58181,581,27084,805,29407,134,1690,717,19580,799,20419,855,39999,California
Madera,2021-03-27,931,59112,606,27690,302,29709,23,1713,416,19509,511,20930,440,40439,California
Madera,2021-03-28,438,59550,150,27840,228,29937,60,1773,205,19636,232,21162,359,40798,California
Madera,2021-03-29,695,60245,184,28024,481,30418,30,1803,499,19977,192,21354,533,41331,California
Madera,2021-03-30,1075,61320,606,28630,438,30856,31,1834,481,19899,591,21945,513,41844,California
Madera,2021-03-31,1396,62716,545,29175,722,31578,129,1963,431,19501,959,22904,561,42405,California
Madera,2021-04-01,1394,64110,625,29800,718,32296,51,2014,485,19136,899,23803,534,42939,California
Madera,2021-04-02,1610,65720,461,30261,1090,33386,59,2073,479,18555,1120,24923,539,43478,California
Madera,2021-04-03,961,66681,763,31024,179,33565,19,2092,393,18412,566,25489,423,43901,California
Madera,2021-04-04,187,66868,65,31089,120,33685,2,2094,86,18400,101,25590,89,43990,California
Madera,2021-04-05,737,67605,257,31346,422,34107,58,2152,342,18420,394,25984,414,44404,California
Madera,2021-04-06,1717,69322,894,32240,468,34575,355,2507,537,18134,1178,27162,892,45296,California
Madera,2021-04-07,1232,70554,385,32625,699,35274,148,2655,423,17904,806,27968,576,45872,California
Madera,2021-04-08,1731,72285,668,33293,800,36074,263,2918,560,17569,1164,29132,829,46701,California
Madera,2021-04-09,1644,73929,694,33987,803,36877,147,3065,946,17974,693,29825,1098,47799,California
Madera,2021-04-10,981,74910,687,34674,225,37102,69,3134,713,18488,269,30094,783,48582,California
Madera,2021-04-11,813,75723,659,35333,75,37177,79,3213,287,18329,523,30617,364,48946,California
Madera,2021-04-12,782,76505,269,35602,436,37613,77,3290,300,18225,482,31099,378,49324,California
Madera,2021-04-13,1243,77748,611,36213,589,38202,43,3333,723,18482,518,31617,775,50099,California
Madera,2021-04-14,1390,79138,859,37072,531,38733,0,3333,573,18246,816,32433,580,50679,California
Madera,2021-04-15,1176,80314,508,37580,667,39400,1,3334,424,17935,740,33173,429,51108,California
Madera,2021-04-16,1323,81637,537,38117,786,40186,0,3334,364,17355,947,34120,367,51475,California
Madera,2021-04-17,1278,82915,1074,39191,204,40390,0,3334,761,17601,515,34635,761,52236,California
Madera,2021-04-18,246,83161,206,39397,40,40430,0,3334,88,17533,156,34791,88,52324,California
Madera,2021-04-19,809,83970,240,39637,568,40998,1,3335,277,17284,526,35317,277,52601,California
Madera,2021-04-20,871,84841,427,40064,444,41442,0,3335,216,16850,652,35969,218,52819,California
Madera,2021-04-21,860,85701,453,40517,407,41849,0,3335,292,16576,568,36537,294,53113,California
Madera,2021-04-22,1077,86778,513,41030,564,42413,0,3335,373,16250,700,37237,374,53487,California
Madera,2021-04-23,971,87749,307,41337,664,43077,0,3335,336,15956,630,37867,336,53823,California
Madera,2021-04-24,713,88462,469,41806,244,43321,0,3335,250,15748,459,38326,251,54074,California
Madera,2021-04-25,266,88728,159,41965,104,43425,3,3338,117,15724,145,38471,121,54195,California
Madera,2021-04-26,556,89284,99,42064,451,43876,6,3344,128,15433,425,38896,134,54329,California
Madera,2021-04-27,620,89904,274,42338,321,44197,25,3369,312,15464,307,39203,338,54667,California
Madera,2021-04-28,502,90406,197,42535,286,44483,19,3388,245,15472,255,39458,263,54930,California
Madera,2021-04-29,553,90959,245,42780,280,44763,28,3416,258,15471,288,39746,287,55217,California
Madera,2021-04-30,936,91895,504,43284,416,45179,16,3432,271,15099,659,40405,287,55504,California
Madera,2021-05-01,968,92863,869,44153,85,45264,14,3446,388,14922,579,40984,402,55906,California
Madera,2021-05-02,396,93259,349,44502,43,45307,4,3450,145,14820,251,41235,149,56055,California
Madera,2021-05-03,498,93757,197,44699,261,45568,40,3490,99,14563,396,41631,139,56194,California
Madera,2021-05-04,903,94660,433,45132,426,45994,44,3534,213,14130,690,42321,257,56451,California
Madera,2021-05-05,1010,95670,478,45610,471,46465,61,3595,280,13743,728,43049,341,56792,California
Madera,2021-05-06,698,96368,245,45855,422,46887,31,3626,153,13387,540,43589,184,56976,California
Madera,2021-05-07,807,97175,277,46132,509,47396,21,3647,194,12994,607,44196,214,57190,California
Madera,2021-05-08,971,98146,758,46890,202,47598,11,3658,186,12407,784,44980,197,57387,California
Madera,2021-05-09,145,98291,20,46910,114,47712,11,3669,35,12344,109,45089,46,57433,California
Madera,2021-05-10,361,98652,74,46984,275,47987,12,3681,100,12196,260,45349,112,57545,California
Madera,2021-05-11,529,99181,179,47163,341,48328,9,3690,171,12020,356,45705,180,57725,California
Madera,2021-05-12,508,99689,230,47393,242,48570,36,3726,128,11806,378,46083,164,57889,California
Madera,2021-05-13,506,100195,307,47700,167,48737,32,3758,176,11686,328,46411,208,58097,California
Madera,2021-05-14,527,100722,265,47965,238,48975,24,3782,235,11656,289,46700,259,58356,California
Madera,2021-05-15,562,101284,477,48442,77,49052,8,3790,363,11830,197,46897,371,58727,California
Madera,2021-05-16,255,101539,186,48628,37,49089,32,3822,104,11815,151,47048,136,58863,California
Madera,2021-05-17,455,101994,190,48818,236,49325,29,3851,209,11810,243,47291,238,59101,California
Madera,2021-05-18,548,102542,367,49185,158,49483,23,3874,289,11867,255,47546,312,59413,California
Madera,2021-05-19,485,103027,223,49408,240,49723,22,3896,213,11831,271,47817,235,59648,California
Madera,2021-05-20,590,103617,270,49678,282,50005,38,3934,233,11751,351,48168,271,59919,California
Madera,2021-05-21,502,104119,192,49870,282,50287,28,3962,192,11666,305,48473,220,60139,California
Madera,2021-05-22,904,105023,819,50689,73,50360,12,3974,533,11841,370,48843,545,60684,California
Madera,2021-05-23,263,105286,236,50925,17,50377,10,3984,139,11867,123,48966,149,60833,California
Madera,2021-05-24,300,105586,135,51060,124,50501,41,4025,117,11843,182,49148,158,60991,California
Madera,2021-05-25,380,105966,167,51227,180,50681,33,4058,153,11804,225,49373,186,61177,California
Madera,2021-05-26,444,106410,258,51485,164,50845,22,4080,236,11857,205,49578,258,61435,California
Madera,2021-05-27,378,106788,136,51621,204,51049,38,4118,137,11795,237,49815,175,61610,California
Madera,2021-05-28,451,107239,173,51794,250,51299,28,4146,180,11734,269,50084,208,61818,California
Madera,2021-05-29,306,107545,215,52009,73,51372,18,4164,167,11780,139,50223,185,62003,California
Madera,2021-05-30,62,107607,27,52036,31,51403,4,4168,29,11781,32,50255,33,62036,California
Madera,2021-05-31,26,107633,9,52045,13,51416,4,4172,12,11783,14,50269,16,62052,California
Madera,2021-06-01,292,107925,148,52193,121,51537,23,4195,111,11738,179,50448,134,62186,California
Madera,2021-06-02,385,108310,126,52319,236,51773,23,4218,117,11611,267,50715,140,62326,California
Madera,2021-06-03,279,108589,149,52468,115,51888,15,4233,91,11529,188,50903,106,62432,California
Madera,2021-06-04,363,108952,228,52696,125,52013,10,4243,135,11447,227,51130,145,62577,California
Madera,2021-06-05,511,109463,385,53081,113,52126,13,4256,148,11250,359,51489,162,62739,California
Madera,2021-06-06,134,109597,114,53195,13,52139,7,4263,38,11199,96,51585,45,62784,California
Madera,2021-06-07,252,109849,157,53352,74,52213,21,4284,46,11060,206,51791,67,62851,California
Madera,2021-06-08,382,110231,273,53625,88,52301,21,4305,99,10897,283,52074,120,62971,California
Madera,2021-06-09,345,110576,223,53848,95,52396,27,4332,131,10842,213,52287,158,63129,California
Madera,2021-06-10,297,110873,172,54020,109,52505,16,4348,101,10765,194,52481,117,63246,California
Madera,2021-06-11,309,111182,184,54204,95,52600,30,4378,146,10778,162,52643,175,63421,California
Madera,2021-06-12,351,111533,318,54522,19,52619,14,4392,68,10577,283,52926,82,63503,California
Marin,2020-12-15,2,2,2,2,0,0,0,0,2,2,0,0,2,2,California
Marin,2020-12-16,109,111,109,111,0,0,0,0,109,111,0,0,109,111,California
Marin,2020-12-17,272,383,272,383,0,0,0,0,272,383,0,0,272,383,California
Marin,2020-12-18,386,769,386,769,0,0,0,0,386,769,0,0,386,769,California
Marin,2020-12-19,348,1117,347,1116,1,1,0,0,348,1117,0,0,348,1117,California
Marin,2020-12-20,165,1282,164,1280,1,2,0,0,165,1282,0,0,165,1282,California
Marin,2020-12-21,238,1520,235,1515,3,5,0,0,238,1520,0,0,238,1520,California
Marin,2020-12-22,523,2043,318,1833,205,210,0,0,523,2043,0,0,523,2043,California
Marin,2020-12-23,731,2774,319,2152,412,622,0,0,731,2774,0,0,731,2774,California
Marin,2020-12-24,357,3131,160,2312,197,819,0,0,357,3131,0,0,357,3131,California
Marin,2020-12-25,26,3157,0,2312,26,845,0,0,26,3157,0,0,26,3157,California
Marin,2020-12-26,143,3300,94,2406,49,894,0,0,143,3300,0,0,143,3300,California
Marin,2020-12-27,90,3390,54,2460,36,930,0,0,90,3390,0,0,90,3390,California
Marin,2020-12-28,409,3799,98,2558,311,1241,0,0,409,3799,0,0,409,3799,California
Marin,2020-12-29,401,4200,88,2646,313,1554,0,0,401,4200,0,0,401,4200,California
Marin,2020-12-30,627,4827,389,3035,238,1792,0,0,627,4827,0,0,627,4827,California
Marin,2020-12-31,201,5028,35,3070,166,1958,0,0,200,5026,1,1,200,5027,California
Marin,2021-01-01,26,5054,13,3083,13,1971,0,0,26,5052,0,1,26,5053,California
Marin,2021-01-02,112,5166,106,3189,6,1977,0,0,112,5164,0,1,112,5165,California
Marin,2021-01-03,49,5215,31,3220,18,1995,0,0,45,5209,0,1,45,5210,California
Marin,2021-01-04,295,5510,193,3413,102,2097,0,0,294,5502,1,2,294,5504,California
Marin,2021-01-05,365,5875,218,3631,147,2244,0,0,322,5781,43,45,322,5826,California
Marin,2021-01-06,815,6690,316,3947,499,2743,0,0,634,6234,181,226,634,6460,California
Marin,2021-01-07,885,7575,496,4443,389,3132,0,0,529,6407,356,582,529,6989,California
Marin,2021-01-08,965,8540,510,4953,455,3587,0,0,582,6607,382,964,582,7571,California
Marin,2021-01-09,621,9161,222,5175,399,3986,0,0,491,6968,130,1094,491,8062,California
Marin,2021-01-10,130,9291,101,5276,29,4015,0,0,55,6948,75,1169,55,8117,California
Marin,2021-01-11,469,9760,326,5602,143,4158,0,0,247,6975,222,1391,249,8366,California
Marin,2021-01-12,938,10698,544,6146,394,4552,0,0,568,7177,366,1757,568,8934,California
Marin,2021-01-13,1171,11869,494,6640,677,5229,0,0,935,7876,236,1993,935,9869,California
Marin,2021-01-14,1067,12936,318,6958,749,5978,0,0,915,8642,150,2143,916,10785,California
Marin,2021-01-15,1155,14091,353,7311,802,6780,0,0,1025,9540,129,2272,1027,11812,California
Marin,2021-01-16,1122,15213,916,8227,206,6986,0,0,1046,10510,76,2348,1046,12858,California
Marin,2021-01-17,1235,16448,1114,9341,121,7107,0,0,1206,11691,28,2376,1209,14067,California
Marin,2021-01-18,361,16809,159,9500,202,7309,0,0,311,11952,50,2426,311,14378,California
Marin,2021-01-19,1154,17963,909,10409,245,7554,0,0,981,12761,172,2598,981,15359,California
Marin,2021-01-20,1793,19756,1208,11617,585,8139,0,0,1062,13105,719,3317,1063,16422,California
Marin,2021-01-21,1677,21433,1061,12678,616,8755,0,0,1323,14081,351,3668,1327,17749,California
Marin,2021-01-22,1708,23141,1092,13770,616,9371,0,0,1536,15446,172,3840,1537,19286,California
Marin,2021-01-23,1852,24993,1354,15124,498,9869,0,0,1765,17124,87,3927,1765,21051,California
Marin,2021-01-24,614,25607,165,15289,449,10318,0,0,582,17674,32,3959,582,21633,California
Marin,2021-01-25,1126,26733,230,15519,896,11214,0,0,689,17927,437,4396,690,22323,California
Marin,2021-01-26,1520,28253,780,16299,740,11954,0,0,1138,18684,381,4777,1138,23461,California
Marin,2021-01-27,1720,29973,887,17186,833,12787,0,0,1357,19681,361,5138,1358,24819,California
Marin,2021-01-28,2082,32055,1068,18254,1014,13801,0,0,1818,21239,263,5401,1821,26640,California
Marin,2021-01-29,2204,34259,1433,19687,771,14572,0,0,2007,23062,185,5586,2008,28648,California
Marin,2021-01-30,1723,35982,909,20596,814,15386,0,0,1644,24628,79,5665,1645,30293,California
Marin,2021-01-31,459,36441,323,20919,136,15522,0,0,433,25035,26,5691,433,30726,California
Marin,2021-02-01,1093,37534,416,21335,677,16199,0,0,895,25734,197,5888,896,31622,California
Marin,2021-02-02,1415,38949,494,21829,921,17120,0,0,752,25834,652,6540,752,32374,California
Marin,2021-02-03,1780,40729,422,22251,1358,18478,0,0,1276,26608,502,7042,1276,33650,California
Marin,2021-02-04,1525,42254,501,22752,1024,19502,0,0,928,26942,594,7636,928,34578,California
Marin,2021-02-05,2170,44424,675,23427,1495,20997,0,0,1333,27442,833,8469,1333,35911,California
Marin,2021-02-06,1428,45852,848,24275,580,21577,0,0,605,27225,822,9291,605,36516,California
Marin,2021-02-07,1289,47141,1005,25280,284,21861,0,0,488,26913,800,10091,488,37004,California
Marin,2021-02-08,1528,48669,752,26032,776,22637,0,0,729,26846,796,10887,729,37733,California
Marin,2021-02-09,1781,50450,1122,27154,659,23296,0,0,836,26737,945,11832,836,38569,California
Marin,2021-02-10,2333,52783,1488,28642,845,24141,0,0,1213,26833,1118,12950,1214,39783,California
Marin,2021-02-11,2864,55647,1637,30279,1227,25368,0,0,1445,26867,1414,14364,1448,41231,California
Marin,2021-02-12,3051,58698,1534,31813,1517,26885,0,0,1552,26924,1496,15860,1553,42784,California
Marin,2021-02-13,2329,61027,1243,33056,1086,27971,0,0,1124,26845,1203,17063,1124,43908,California
Marin,2021-02-14,812,61839,300,33356,512,28483,0,0,718,27470,94,17157,719,44627,California
Marin,2021-02-15,1219,63058,356,33712,863,29346,0,0,840,27933,378,17535,841,45468,California
Marin,2021-02-16,2471,65529,1053,34765,1418,30764,0,0,1503,28469,967,18502,1503,46971,California
Marin,2021-02-17,2095,67624,938,35703,1157,31921,0,0,1082,28540,1011,19513,1082,48053,California
Marin,2021-02-18,2413,70037,1587,37290,826,32747,0,0,1058,28245,1353,20866,1058,49111,California
Marin,2021-02-19,2782,72819,2171,39461,611,33358,0,0,1234,27945,1535,22401,1235,50346,California
Marin,2021-02-20,2622,75441,2154,41615,468,33826,0,0,1255,27842,1359,23760,1256,51602,California
Marin,2021-02-21,1330,76771,1129,42744,201,34027,0,0,945,28406,381,24141,945,52547,California
Marin,2021-02-22,1855,78626,1422,44166,433,34460,0,0,1225,29004,627,24768,1225,53772,California
Marin,2021-02-23,2896,81522,1668,45834,1228,35688,0,0,1942,30006,941,25709,1943,55715,California
Marin,2021-02-24,3536,85058,1634,47468,1902,37590,0,0,2265,31009,1263,26972,2266,57981,California
Marin,2021-02-25,4085,89143,1929,49397,2156,39746,0,0,2888,32711,1188,28160,2890,60871,California
Marin,2021-02-26,3670,92813,2001,51398,1669,41415,0,0,2646,34346,1012,29172,2647,63518,California
Marin,2021-02-27,2738,95551,1613,53011,1125,42540,0,0,1895,35403,840,30012,1897,65415,California
Marin,2021-02-28,1648,97199,923,53934,725,43265,0,0,1303,36364,342,30354,1303,66718,California
Marin,2021-03-01,2684,99883,1665,55599,1018,44283,1,1,1809,37308,866,31220,1810,68528,California
Marin,2021-03-02,2524,102407,1690,57289,833,45116,1,2,1726,38241,794,32014,1727,70255,California
Marin,2021-03-03,4351,106758,2418,59707,1929,47045,4,6,2815,39530,1530,33544,2819,73074,California
Marin,2021-03-04,3388,110146,1659,61366,1728,48773,1,7,2371,40894,1010,34554,2374,75448,California
Marin,2021-03-05,3064,113210,1166,62532,1886,50659,12,19,1796,41439,1263,35817,1808,77256,California
Marin,2021-03-06,3232,116442,2324,64856,831,51490,77,96,2657,43602,570,36387,2733,79989,California
Marin,2021-03-07,1390,117832,1172,66028,194,51684,24,120,996,44233,389,36776,1020,81009,California
Marin,2021-03-08,1887,119719,1388,67416,383,52067,116,236,1412,45289,472,37248,1528,82537,California
Marin,2021-03-09,2227,121946,1341,68757,775,52842,111,347,1547,46268,677,37925,1656,84193,California
Marin,2021-03-10,4465,126411,2511,71268,1660,54502,294,641,3222,48547,1238,39163,3517,87710,California
Marin,2021-03-11,4602,131013,1886,73154,2581,57083,135,776,3302,50691,1293,40456,3437,91147,California
Marin,2021-03-12,3967,134980,1541,74695,2077,59160,349,1125,1557,50198,2399,42855,1906,93053,California
Marin,2021-03-13,4102,139082,2867,77562,1164,60324,71,1196,2385,50934,1715,44570,2451,95504,California
Marin,2021-03-14,2288,141370,1105,78667,1066,61390,117,1313,702,50168,1583,46153,817,96321,California
Marin,2021-03-15,3240,144610,1772,80439,1420,62810,48,1361,1206,49399,2022,48175,1253,97574,California
Marin,2021-03-16,4297,148907,2318,82757,1613,64423,366,1727,1459,48388,2834,51009,1823,99397,California
Marin,2021-03-17,4204,153111,2279,85036,1875,66298,50,1777,2050,48346,2141,53150,2099,101496,California
Marin,2021-03-18,4478,157589,2261,87297,2142,68440,75,1852,2124,48205,2337,55487,2196,103692,California
Marin,2021-03-19,4474,162063,2288,89585,1966,70406,220,2072,2324,48607,2139,57626,2541,106233,California
Marin,2021-03-20,3597,165660,1995,91580,1488,71894,114,2186,1930,48995,1657,59283,2045,108278,California
Marin,2021-03-21,1537,167197,1138,92718,376,72270,23,2209,794,49072,740,60023,817,109095,California
Marin,2021-03-22,2472,169669,2138,94856,169,72439,165,2374,889,48549,1577,61600,1054,110149,California
Marin,2021-03-23,4246,173915,2201,97057,1916,74355,129,2503,1862,48164,2376,63976,1991,112140,California
Marin,2021-03-24,4453,178368,2905,99962,1437,75792,111,2614,1806,47445,2634,66610,1915,114055,California
Marin,2021-03-25,4659,183027,2845,102807,1741,77533,73,2687,2254,47379,2391,69001,2325,116380,California
Marin,2021-03-26,4309,187336,2345,105152,1750,79283,214,2901,2403,48106,1890,70891,2617,118997,California
Marin,2021-03-27,3702,191038,2663,107815,1022,80305,17,2918,1134,46698,2558,73449,1150,120147,California
Marin,2021-03-28,2390,193428,1726,109541,658,80963,6,2924,838,45997,1545,74994,844,120991,California
Marin,2021-03-29,2687,196115,2095,111636,567,81530,25,2949,1135,45608,1549,76543,1160,122151,California
Marin,2021-03-30,4662,200777,3652,115288,976,82506,34,2983,2954,46890,1706,78249,2988,125139,California
Marin,2021-03-31,5846,206623,4143,119431,1653,84159,50,3033,2551,46208,3283,81532,2601,127740,California
Marin,2021-04-01,4451,211074,2287,121718,1911,86070,253,3286,2109,46239,2330,83862,2361,130101,California
Marin,2021-04-02,3727,214801,1854,123572,1503,87573,370,3656,1990,46862,1729,85591,2352,132453,California
Marin,2021-04-03,3856,218657,2513,126085,966,88539,377,4033,1461,46317,2383,87974,1838,134291,California
Marin,2021-04-04,1643,220300,1239,127324,202,88741,202,4235,1197,47272,444,88418,1399,135690,California
Marin,2021-04-05,2209,222509,1536,128860,297,89038,376,4611,1268,47978,936,89354,1642,137332,California
Marin,2021-04-06,3970,226479,2108,130968,1306,90344,556,5167,2204,48975,1760,91114,2757,140089,California
Marin,2021-04-07,3959,230438,1997,132965,1319,91663,643,5810,1439,48546,2511,93625,2082,142171,California
Marin,2021-04-08,5059,235497,1976,134941,2476,94139,607,6417,2306,48708,2741,96366,2903,145074,California
Marin,2021-04-09,3996,239493,1558,136499,1706,95845,732,7149,1320,48086,2671,99037,2049,147123,California
Marin,2021-04-10,3218,242711,1486,137985,1300,97145,432,7581,1451,48213,1752,100789,1879,149002,California
Marin,2021-04-11,1057,243768,805,138790,91,97236,161,7742,472,48262,583,101372,632,149634,California
Marin,2021-04-12,1726,245494,1233,140023,336,97572,157,7899,917,48532,805,102177,1075,150709,California
Marin,2021-04-13,3753,249247,2295,142318,1451,99023,7,7906,1375,47547,2367,104544,1382,152091,California
Marin,2021-04-14,4229,253476,2536,144854,1690,100713,3,7909,1725,46795,2479,107023,1727,153818,California
Marin,2021-04-15,5597,259073,3961,148815,1636,102349,0,7909,3215,47645,2369,109392,3219,157037,California
Marin,2021-04-16,4264,263337,2239,151054,2022,104371,3,7912,2078,47557,2170,111562,2082,159119,California
Marin,2021-04-17,3533,266870,2155,153209,1378,105749,0,7912,1764,47557,1764,113326,1764,160883,California
Marin,2021-04-18,3162,270032,3067,156276,95,105844,0,7912,2529,49456,630,113956,2529,163412,California
Marin,2021-04-19,2027,272059,1862,158138,165,106009,0,7912,1150,49736,872,114828,1152,164564,California
Marin,2021-04-20,3677,275736,2547,160685,1130,107139,0,7912,1460,48988,2209,117037,1461,166025,California
Marin,2021-04-21,4006,279742,2938,163623,1065,108204,3,7915,1352,47703,2638,119675,1353,167378,California
Marin,2021-04-22,4218,283960,3220,166843,998,109202,0,7915,1482,46463,2725,122400,1485,168863,California
Marin,2021-04-23,3214,287174,1805,168648,1409,110611,0,7915,1223,45709,1978,124378,1224,170087,California
Marin,2021-04-24,2508,289682,1678,170326,830,111441,0,7915,916,45045,1580,125958,916,171003,California
Marin,2021-04-25,1377,291059,1263,171589,114,111555,0,7915,305,44287,1063,127021,305,171308,California
Marin,2021-04-26,1604,292663,1387,172976,214,111769,3,7918,377,43444,1224,128245,381,171689,California
Marin,2021-04-27,3038,295701,2196,175172,791,112560,51,7969,978,42418,2051,130296,1025,172714,California
Marin,2021-04-28,2306,298007,1586,176758,668,113228,52,8021,729,41623,1574,131870,779,173493,California
Marin,2021-04-29,2886,300893,1978,178736,846,114074,62,8083,794,40398,2081,133951,856,174349,California
Marin,2021-04-30,1949,302842,1274,180010,589,114663,86,8169,695,39934,1245,135196,781,175130,California
Marin,2021-05-01,1835,304677,1021,181031,791,115454,23,8192,542,39213,1285,136481,564,175694,California
Marin,2021-05-02,722,305399,583,181614,110,115564,29,8221,199,38923,517,136998,227,175921,California
Marin,2021-05-03,1209,306608,985,182599,167,115731,57,8278,257,38287,949,137947,313,176234,California
Marin,2021-05-04,2930,309538,1968,184567,871,116602,91,8369,474,36404,2448,140395,565,176799,California
Marin,2021-05-05,2726,312264,2001,186568,601,117203,124,8493,439,34686,2280,142675,562,177361,California
Marin,2021-05-06,3263,315527,2532,189100,643,117846,88,8581,427,32373,2826,145501,513,177874,California
Marin,2021-05-07,2035,317562,1543,190643,407,118253,85,8666,377,31181,1651,147152,459,178333,California
Marin,2021-05-08,2468,320030,1861,192504,485,118738,122,8788,343,29529,2117,149269,465,178798,California
Marin,2021-05-09,979,321009,895,193399,65,118803,19,8807,117,28807,859,150128,137,178935,California
Marin,2021-05-10,1404,322413,1149,194548,185,118988,70,8877,202,27880,1198,151326,271,179206,California
Marin,2021-05-11,2301,324714,1838,196386,407,119395,56,8933,293,26222,2006,153332,348,179554,California
Marin,2021-05-12,1428,326142,1046,197432,313,119708,69,9002,290,25446,1133,154465,357,179911,California
Marin,2021-05-13,2604,328746,2252,199684,298,120006,54,9056,1409,25720,1188,155653,1462,181373,California
Marin,2021-05-14,2202,330948,1451,201135,652,120658,99,9155,881,25384,1315,156968,979,182352,California
Marin,2021-05-15,2728,333676,2261,203396,387,121045,80,9235,1656,26049,1071,158039,1736,184088,California
Marin,2021-05-16,1645,335321,1592,204988,48,121093,5,9240,1332,27074,311,158350,1336,185424,California
Marin,2021-05-17,2123,337444,1979,206967,101,121194,43,9283,1699,28399,417,158767,1742,187166,California
Marin,2021-05-18,1524,338968,1185,208152,284,121478,55,9338,797,28529,721,159488,851,188017,California
Marin,2021-05-19,1535,340503,1238,209390,227,121705,70,9408,775,28619,754,160242,844,188861,California
Marin,2021-05-20,1811,342314,1486,210876,239,121944,86,9494,755,28412,1048,161290,841,189702,California
Marin,2021-05-21,1446,343760,842,211718,555,122499,49,9543,436,27894,1003,162293,485,190187,California
Marin,2021-05-22,1423,345183,1080,212798,286,122785,57,9600,960,28452,459,162752,1017,191204,California
Marin,2021-05-23,473,345656,419,213217,42,122827,12,9612,219,28432,252,163004,232,191436,California
Marin,2021-05-24,637,346293,489,213706,107,122934,41,9653,351,28540,283,163287,391,191827,California
Marin,2021-05-25,995,347288,625,214331,324,123258,46,9699,312,28221,675,163962,356,192183,California
Marin,2021-05-26,706,347994,484,214815,175,123433,47,9746,259,28084,443,164405,306,192489,California
Marin,2021-05-27,1028,349022,662,215477,287,123720,79,9825,343,27823,683,165088,422,192911,California
Marin,2021-05-28,1095,350117,713,216190,303,124023,79,9904,322,27453,769,165857,399,193310,California
Marin,2021-05-29,372,350489,215,216405,147,124170,10,9914,214,27519,158,166015,224,193534,California
Marin,2021-05-30,100,350589,59,216464,36,124206,5,9919,58,27541,41,166056,63,193597,California
Marin,2021-05-31,27,350616,13,216477,13,124219,1,9920,14,27543,13,166069,15,193612,California
Marin,2021-06-01,754,351370,549,217026,160,124379,45,9965,328,27491,424,166493,372,193984,California
Marin,2021-06-02,621,351991,473,217499,96,124475,52,10017,216,27356,401,166894,266,194250,California
Marin,2021-06-03,1497,353488,1324,218823,114,124589,59,10076,239,26400,1255,168149,299,194549,California
Marin,2021-06-04,1000,354488,846,219669,124,124713,30,10106,176,25784,822,168971,206,194755,California
Marin,2021-06-05,1914,356402,1700,221369,166,124879,48,10154,319,24563,1588,170559,367,195122,California
Marin,2021-06-06,1402,357804,1353,222722,15,124894,34,10188,201,23598,1200,171759,235,195357,California
Marin,2021-06-07,1939,359743,1821,224543,68,124962,50,10238,249,22210,1686,173445,298,195655,California
Marin,2021-06-08,979,360722,870,225413,68,125030,41,10279,236,21751,736,174181,277,195932,California
Marin,2021-06-09,618,361340,564,225977,47,125077,7,10286,108,21357,509,174690,115,196047,California
Marin,2021-06-10,751,362091,672,226649,35,125112,44,10330,142,20938,605,175295,186,196233,California
Marin,2021-06-11,473,362564,419,227068,31,125143,23,10353,95,20678,378,175673,118,196351,California
Marin,2021-06-12,336,362900,260,227328,47,125190,29,10382,69,20510,266,175939,98,196449,California
Mariposa,2020-12-17,36,36,36,36,0,0,0,0,38,38,0,0,38,38,California
Mariposa,2020-12-18,55,91,55,91,0,0,0,0,56,94,0,0,56,94,California
Mariposa,2020-12-20,2,93,2,93,0,0,0,0,2,96,0,0,2,96,California
Mariposa,2020-12-21,49,142,49,142,0,0,0,0,53,149,0,0,53,149,California
Mariposa,2020-12-22,6,148,6,148,0,0,0,0,6,155,0,0,6,155,California
Mariposa,2020-12-23,17,165,17,165,0,0,0,0,17,172,0,0,17,172,California
Mariposa,2020-12-24,1,166,0,165,1,1,0,0,0,172,1,1,1,173,California
Mariposa,2020-12-26,1,167,1,166,0,1,0,0,1,173,0,1,1,174,California
Mariposa,2020-12-27,1,168,0,166,1,2,0,0,1,174,0,1,1,175,California
Mariposa,2020-12-28,6,174,3,169,3,5,0,0,6,180,0,1,6,181,California
Mariposa,2020-12-29,33,207,3,172,30,35,0,0,33,213,0,1,33,214,California
Mariposa,2020-12-30,26,233,4,176,22,57,0,0,26,239,0,1,26,240,California
Mariposa,2020-12-31,17,250,0,176,17,74,0,0,17,256,0,1,17,257,California
Mariposa,2021-01-02,1,251,1,177,0,74,0,0,1,257,0,1,1,258,California
Mariposa,2021-01-04,11,262,2,179,9,83,0,0,11,268,0,1,11,269,California
Mariposa,2021-01-05,24,286,14,193,10,93,0,0,14,272,10,11,14,283,California
Mariposa,2021-01-06,8,294,5,198,3,96,0,0,5,274,3,14,5,288,California
Mariposa,2021-01-07,50,344,45,243,5,101,0,0,5,234,45,59,5,293,California
Mariposa,2021-01-08,109,453,79,322,30,131,0,0,34,193,75,134,34,327,California
Mariposa,2021-01-11,31,484,10,332,21,152,0,0,23,208,8,142,23,350,California
Mariposa,2021-01-12,19,503,4,336,15,167,0,0,15,219,4,146,15,365,California
Mariposa,2021-01-13,22,525,5,341,17,184,0,0,18,233,4,150,18,383,California
Mariposa,2021-01-14,74,599,7,348,67,251,0,0,68,295,6,156,68,451,California
Mariposa,2021-01-15,68,667,27,375,41,292,0,0,58,343,10,166,58,509,California
Mariposa,2021-01-16,14,681,2,377,12,304,0,0,13,355,1,167,13,522,California
Mariposa,2021-01-17,4,685,0,377,4,308,0,0,4,359,0,167,4,526,California
Mariposa,2021-01-18,4,689,4,381,0,308,0,0,2,359,2,169,2,528,California
Mariposa,2021-01-19,8,697,4,385,4,312,0,0,5,362,2,171,5,533,California
Mariposa,2021-01-20,23,720,1,386,22,334,0,0,22,383,1,172,22,555,California
Mariposa,2021-01-21,66,786,8,394,58,392,0,0,62,441,4,176,62,617,California
Mariposa,2021-01-22,56,842,2,396,54,446,0,0,56,497,0,176,56,673,California
Mariposa,2021-01-23,116,958,2,398,114,560,0,0,114,609,2,178,114,787,California
Mariposa,2021-01-24,2,960,2,400,0,560,0,0,2,611,0,178,2,789,California
Mariposa,2021-01-25,4,964,1,401,3,563,0,0,0,607,4,182,0,789,California
Mariposa,2021-01-26,38,1002,4,405,34,597,0,0,6,585,32,214,10,799,California
Mariposa,2021-01-27,26,1028,2,407,24,621,0,0,11,582,14,228,11,810,California
Mariposa,2021-01-28,126,1154,3,410,123,744,0,0,113,683,12,240,113,923,California
Mariposa,2021-01-29,83,1237,22,432,61,805,0,0,82,764,1,241,82,1005,California
Mariposa,2021-01-30,9,1246,1,433,8,813,0,0,8,771,1,242,8,1013,California
Mariposa,2021-01-31,1,1247,0,433,1,814,0,0,1,772,0,242,1,1014,California
Mariposa,2021-02-01,91,1338,32,465,59,873,0,0,69,819,22,264,69,1083,California
Mariposa,2021-02-02,15,1353,3,468,12,885,0,0,9,822,6,270,9,1092,California
Mariposa,2021-02-03,22,1375,1,469,21,906,0,0,13,827,8,278,13,1105,California
Mariposa,2021-02-04,99,1474,8,477,91,997,0,0,94,918,4,282,95,1200,California
Mariposa,2021-02-05,191,1665,4,481,187,1184,0,0,165,1057,26,308,165,1365,California
Mariposa,2021-02-06,11,1676,4,485,7,1191,0,0,10,1066,1,309,10,1375,California
Mariposa,2021-02-07,1,1677,0,485,1,1192,0,0,1,1067,0,309,1,1376,California
Mariposa,2021-02-08,41,1718,2,487,39,1231,0,0,22,1070,19,328,22,1398,California
Mariposa,2021-02-09,41,1759,24,511,17,1248,0,0,35,1099,6,334,35,1433,California
Mariposa,2021-02-10,29,1788,4,515,25,1273,0,0,17,1111,11,345,23,1456,California
Mariposa,2021-02-11,375,2163,5,520,370,1643,0,0,361,1461,14,359,364,1820,California
Mariposa,2021-02-12,184,2347,8,528,176,1819,0,0,140,1557,44,403,140,1960,California
Mariposa,2021-02-13,11,2358,3,531,8,1827,0,0,9,1564,2,405,9,1969,California
Mariposa,2021-02-14,10,2368,4,535,6,1833,0,0,5,1564,5,410,5,1974,California
Mariposa,2021-02-15,9,2377,3,538,6,1839,0,0,7,1569,2,412,7,1981,California
Mariposa,2021-02-16,57,2434,34,572,23,1862,0,0,34,1580,23,435,34,2015,California
Mariposa,2021-02-17,36,2470,8,580,28,1890,0,0,27,1600,8,443,28,2043,California
Mariposa,2021-02-18,59,2529,7,587,52,1942,0,0,22,1585,37,480,22,2065,California
Mariposa,2021-02-19,82,2611,3,590,79,2021,0,0,76,1655,6,486,76,2141,California
Mariposa,2021-02-20,256,2867,6,596,250,2271,0,0,226,1852,29,515,226,2367,California
Mariposa,2021-02-21,242,3109,5,601,237,2508,0,0,239,2089,2,517,239,2606,California
Mariposa,2021-02-22,23,3132,8,609,15,2523,0,0,20,2106,3,520,20,2626,California
Mariposa,2021-02-23,45,3177,38,647,7,2530,0,0,26,2113,19,539,26,2652,California
Mariposa,2021-02-24,21,3198,3,650,18,2548,0,0,8,2109,12,551,8,2660,California
Mariposa,2021-02-25,18,3216,9,659,9,2557,0,0,12,2115,6,557,12,2672,California
Mariposa,2021-02-26,429,3645,7,666,422,2979,0,0,369,2425,60,617,370,3042,California
Mariposa,2021-02-27,177,3822,4,670,173,3152,0,0,166,2580,11,628,166,3208,California
Mariposa,2021-02-28,2,3824,1,671,1,3153,0,0,0,2578,2,630,0,3208,California
Mariposa,2021-03-01,82,3906,26,697,56,3209,0,0,16,2529,65,695,16,3224,California
Mariposa,2021-03-02,19,3925,12,709,7,3216,0,0,11,2533,7,702,11,3235,California
Mariposa,2021-03-03,70,3995,4,713,66,3282,0,0,65,2594,5,707,66,3301,California
Mariposa,2021-03-04,41,4036,10,723,31,3313,0,0,20,2594,21,728,21,3322,California
Mariposa,2021-03-05,58,4094,9,732,49,3362,0,0,40,2622,18,746,46,3368,California
Mariposa,2021-03-06,15,4109,6,738,9,3371,0,0,7,2621,8,754,7,3375,California
Mariposa,2021-03-07,1,4110,1,739,0,3371,0,0,0,2620,1,755,0,3375,California
Mariposa,2021-03-08,41,4151,4,743,26,3397,11,11,11,2612,30,785,22,3397,California
Mariposa,2021-03-09,45,4196,18,761,17,3414,10,21,16,2609,29,814,26,3423,California
Mariposa,2021-03-10,32,4228,9,770,13,3427,10,31,10,2607,22,836,20,3443,California
Mariposa,2021-03-11,469,4697,6,776,443,3870,20,51,226,2614,242,1078,249,3692,California
Mariposa,2021-03-12,256,4953,8,784,222,4092,26,77,118,2619,138,1216,143,3835,California
Mariposa,2021-03-13,33,4986,8,792,10,4102,15,92,10,2620,23,1239,24,3859,California
Mariposa,2021-03-14,16,5002,2,794,3,4105,11,103,2,2619,14,1253,13,3872,California
Mariposa,2021-03-15,76,5078,7,801,31,4136,38,141,31,2643,45,1298,69,3941,California
Mariposa,2021-03-16,83,5161,33,834,15,4151,35,176,24,2643,59,1357,59,4000,California
Mariposa,2021-03-17,72,5233,9,843,55,4206,8,184,52,2683,19,1376,59,4059,California
Mariposa,2021-03-18,67,5300,15,858,43,4249,9,193,40,2705,27,1403,49,4108,California
Mariposa,2021-03-19,343,5643,12,870,324,4573,7,200,304,2978,39,1442,312,4420,California
Mariposa,2021-03-20,428,6071,4,874,422,4995,2,202,46,2645,382,1824,49,4469,California
Mariposa,2021-03-21,15,6086,8,882,6,5001,1,203,9,2650,5,1829,10,4479,California
Mariposa,2021-03-22,39,6125,8,890,23,5024,8,211,26,2673,13,1842,36,4515,California
Mariposa,2021-03-23,54,6179,34,924,10,5034,10,221,33,2695,21,1863,43,4558,California
Mariposa,2021-03-24,56,6235,5,929,49,5083,2,223,51,2743,5,1868,53,4611,California
Mariposa,2021-03-25,76,6311,15,944,53,5136,8,231,53,2783,21,1889,61,4672,California
Mariposa,2021-03-26,495,6806,9,953,485,5621,1,232,252,2793,243,2132,253,4925,California
Mariposa,2021-03-27,237,7043,8,961,229,5850,0,232,96,2750,141,2273,98,5023,California
Mariposa,2021-03-28,5,7048,0,961,2,5852,3,235,1,2750,4,2277,4,5027,California
Mariposa,2021-03-29,19,7067,6,967,13,5865,0,235,12,2755,7,2284,12,5039,California
Mariposa,2021-03-30,36,7103,13,980,7,5872,16,251,13,2761,23,2307,29,5068,California
Mariposa,2021-03-31,90,7193,15,995,68,5940,7,258,69,2816,21,2328,76,5144,California
Mariposa,2021-04-01,54,7247,11,1006,35,5975,8,266,35,2840,19,2347,43,5187,California
Mariposa,2021-04-02,350,7597,12,1018,335,6310,3,269,307,3108,42,2389,310,5497,California
Mariposa,2021-04-03,10,7607,7,1025,3,6313,0,269,5,3108,5,2394,5,5502,California
Mariposa,2021-04-04,2,7609,1,1026,0,6313,1,270,0,3107,2,2396,1,5503,California
Mariposa,2021-04-05,35,7644,22,1048,9,6322,4,274,16,3108,19,2415,20,5523,California
Mariposa,2021-04-06,46,7690,20,1068,10,6332,16,290,14,3107,31,2446,30,5553,California
Mariposa,2021-04-07,99,7789,7,1075,73,6405,19,309,29,3085,70,2516,48,5601,California
Mariposa,2021-04-08,284,8073,15,1090,250,6655,19,328,146,3115,136,2652,166,5767,California
Mariposa,2021-04-09,37,8110,9,1099,13,6668,15,343,10,3113,27,2679,25,5792,California
Mariposa,2021-04-10,203,8313,5,1104,188,6856,10,353,189,3299,12,2691,198,5990,California
Mariposa,2021-04-11,123,8436,3,1107,118,6974,2,355,58,3295,65,2756,61,6051,California
Mariposa,2021-04-12,42,8478,13,1120,27,7001,2,357,13,3281,29,2785,15,6066,California
Mariposa,2021-04-13,56,8534,48,1168,8,7009,0,357,35,3295,21,2806,35,6101,California
Mariposa,2021-04-14,114,8648,9,1177,105,7114,0,357,58,3298,55,2861,58,6159,California
Mariposa,2021-04-15,60,8708,17,1194,43,7157,0,357,45,3331,12,2873,45,6204,California
Mariposa,2021-04-16,382,9090,11,1205,371,7528,0,357,106,3161,276,3149,106,6310,California
Mariposa,2021-04-17,11,9101,7,1212,4,7532,0,357,8,3166,3,3152,8,6318,California
Mariposa,2021-04-18,7,9108,0,1212,7,7539,0,357,3,3165,4,3156,3,6321,California
Mariposa,2021-04-19,60,9168,27,1239,33,7572,0,357,32,3171,26,3182,32,6353,California
Mariposa,2021-04-20,62,9230,49,1288,13,7585,0,357,39,3189,21,3203,39,6392,California
Mariposa,2021-04-21,92,9322,14,1302,78,7663,0,357,43,3184,48,3251,43,6435,California
Mariposa,2021-04-22,49,9371,9,1311,40,7703,0,357,38,3212,10,3261,38,6473,California
Mariposa,2021-04-23,315,9686,70,1381,245,7948,0,357,144,3187,171,3432,146,6619,California
Mariposa,2021-04-24,108,9794,10,1391,98,8046,0,357,42,3164,65,3497,42,6661,California
Mariposa,2021-04-26,16,9810,11,1402,5,8051,0,357,5,3158,11,3508,5,6666,California
Mariposa,2021-04-27,33,9843,17,1419,14,8065,2,359,15,3160,15,3523,17,6683,California
Mariposa,2021-04-28,74,9917,14,1433,53,8118,7,366,27,3147,47,3570,34,6717,California
Mariposa,2021-04-29,84,10001,12,1445,71,8189,1,367,79,3222,5,3575,80,6797,California
Mariposa,2021-04-30,212,10213,4,1449,203,8392,5,372,62,3139,150,3725,67,6864,California
Mariposa,2021-05-01,4,10217,3,1452,1,8393,0,372,1,3137,3,3728,1,6865,California
Mariposa,2021-05-02,3,10220,2,1454,0,8393,1,373,0,3135,3,3731,1,6866,California
Mariposa,2021-05-03,16,10236,12,1466,3,8396,1,374,7,3134,9,3740,8,6874,California
Mariposa,2021-05-04,53,10289,32,1498,17,8413,4,378,37,3159,16,3756,41,6915,California
Mariposa,2021-05-05,57,10346,9,1507,46,8459,2,380,18,3140,39,3795,20,6935,California
Mariposa,2021-05-06,55,10401,36,1543,14,8473,5,385,39,3168,16,3811,44,6979,California
Mariposa,2021-05-07,27,10428,7,1550,17,8490,3,388,13,3170,14,3825,16,6995,California
Mariposa,2021-05-08,286,10714,9,1559,277,8767,0,388,33,2952,253,4078,35,7030,California
Mariposa,2021-05-09,3,10717,1,1560,2,8769,0,388,0,2949,3,4081,0,7030,California
Mariposa,2021-05-10,21,10738,10,1570,9,8778,2,390,5,2940,16,4097,7,7037,California
Mariposa,2021-05-11,29,10767,18,1588,10,8788,1,391,20,2953,8,4105,21,7058,California
Mariposa,2021-05-12,67,10834,4,1592,58,8846,5,396,6,2903,61,4166,11,7069,California
Mariposa,2021-05-13,49,10883,8,1600,39,8885,2,398,13,2882,36,4202,15,7084,California
Mariposa,2021-05-14,249,11132,121,1721,121,9006,7,405,117,2874,132,4334,124,7208,California
Mariposa,2021-05-15,19,11151,9,1730,8,9014,2,407,11,2880,6,4340,12,7220,California
Mariposa,2021-05-16,3,11154,1,1731,1,9015,1,408,1,2880,2,4342,2,7222,California
Mariposa,2021-05-17,18,11172,7,1738,7,9022,4,412,8,2881,10,4352,11,7233,California
Mariposa,2021-05-18,61,11233,41,1779,15,9037,5,417,44,2914,16,4368,49,7282,California
Mariposa,2021-05-19,70,11303,32,1811,37,9074,1,418,51,2948,18,4386,52,7334,California
Mariposa,2021-05-20,34,11337,18,1829,14,9088,2,420,13,2942,21,4407,15,7349,California
Mariposa,2021-05-21,92,11429,8,1837,82,9170,2,422,42,2938,48,4455,44,7393,California
Mariposa,2021-05-22,47,11476,6,1843,40,9210,1,423,17,2926,30,4485,18,7411,California
Mariposa,2021-05-23,4,11480,2,1845,1,9211,1,424,2,2927,2,4487,3,7414,California
Mariposa,2021-05-24,13,11493,7,1852,4,9215,2,426,8,2932,5,4492,10,7424,California
Mariposa,2021-05-25,27,11520,17,1869,10,9225,0,426,19,2943,8,4500,19,7443,California
Mariposa,2021-05-26,35,11555,4,1873,27,9252,4,430,28,2968,7,4507,32,7475,California
Mariposa,2021-05-27,119,11674,64,1937,55,9307,0,430,62,2973,57,4564,62,7537,California
Mariposa,2021-05-28,64,11738,4,1941,56,9363,4,434,23,2959,41,4605,27,7564,California
Mariposa,2021-05-29,8,11746,2,1943,5,9368,1,435,3,2960,3,4608,4,7568,California
Mariposa,2021-05-30,1,11747,0,1943,0,9368,1,436,0,2960,1,4609,1,7569,California
Mariposa,2021-05-31,2,11749,0,1943,1,9369,1,437,0,2959,2,4611,1,7570,California
Mariposa,2021-06-01,14,11763,3,1946,11,9380,0,437,5,2955,9,4620,5,7575,California
Mariposa,2021-06-02,26,11789,14,1960,7,9387,5,442,6,2947,19,4639,11,7586,California
Mariposa,2021-06-03,19,11808,10,1970,7,9394,2,444,7,2944,12,4651,9,7595,California
Mariposa,2021-06-04,89,11897,78,2048,9,9403,2,446,26,2910,61,4712,27,7622,California
Mariposa,2021-06-05,30,11927,4,2052,24,9427,2,448,7,2897,22,4734,9,7631,California
Mariposa,2021-06-06,4,11931,3,2055,0,9427,1,449,1,2896,3,4737,2,7633,California
Mariposa,2021-06-07,10,11941,5,2060,5,9432,0,449,4,2895,5,4742,4,7637,California
Mariposa,2021-06-08,39,11980,29,2089,9,9441,1,450,9,2875,30,4772,10,7647,California
Mariposa,2021-06-09,24,12004,17,2106,2,9443,5,455,4,2864,20,4792,9,7656,California
Mariposa,2021-06-10,15,12019,7,2113,5,9448,3,458,5,2863,10,4802,9,7665,California
Mariposa,2021-06-11,34,12053,4,2117,23,9471,7,465,3,2842,31,4833,10,7675,California
Mariposa,2021-06-12,7,12060,6,2123,0,9471,1,466,1,2837,6,4839,1,7676,California
Mendocino,2020-12-17,70,70,70,70,0,0,0,0,70,70,0,0,70,70,California
Mendocino,2020-12-18,84,154,83,153,1,1,0,0,83,153,0,0,83,153,California
Mendocino,2020-12-19,3,157,3,156,0,1,0,0,3,156,0,0,3,156,California
Mendocino,2020-12-20,7,164,7,163,0,1,0,0,7,163,0,0,7,163,California
Mendocino,2020-12-21,239,403,239,402,0,1,0,0,77,240,0,0,77,240,California
Mendocino,2020-12-22,253,656,192,594,61,62,0,0,253,493,0,0,253,493,California
Mendocino,2020-12-23,271,927,48,642,223,285,0,0,270,763,0,0,270,763,California
Mendocino,2020-12-24,48,975,8,650,40,325,0,0,48,811,0,0,48,811,California
Mendocino,2020-12-25,1,976,0,650,1,326,0,0,1,812,0,0,1,812,California
Mendocino,2020-12-26,2,978,2,652,0,326,0,0,2,814,0,0,2,814,California
Mendocino,2020-12-27,1,979,0,652,1,327,0,0,1,815,0,0,1,815,California
Mendocino,2020-12-28,73,1052,8,660,65,392,0,0,73,888,0,0,73,888,California
Mendocino,2020-12-29,119,1171,59,719,60,452,0,0,119,1007,0,0,119,1007,California
Mendocino,2020-12-30,119,1290,66,785,53,505,0,0,119,1126,0,0,119,1126,California
Mendocino,2020-12-31,132,1422,97,882,35,540,0,0,132,1258,0,0,132,1258,California
Mendocino,2021-01-01,9,1431,6,888,3,543,0,0,9,1267,0,0,9,1267,California
Mendocino,2021-01-04,838,2269,18,906,820,1363,0,0,838,2105,0,0,838,2105,California
Mendocino,2021-01-05,74,2343,36,942,38,1401,0,0,61,2153,13,13,61,2166,California
Mendocino,2021-01-06,155,2498,133,1075,22,1423,0,0,146,2290,9,22,146,2312,California
Mendocino,2021-01-07,362,2860,239,1314,123,1546,0,0,299,2526,63,85,299,2611,California
Mendocino,2021-01-08,93,2953,80,1394,13,1559,0,0,40,2514,53,138,41,2652,California
Mendocino,2021-01-09,10,2963,6,1400,4,1563,0,0,8,2520,2,140,8,2660,California
Mendocino,2021-01-10,9,2972,8,1408,1,1564,0,0,2,2515,7,147,2,2662,California
Mendocino,2021-01-11,101,3073,92,1500,9,1573,0,0,43,2501,57,204,43,2705,California
Mendocino,2021-01-12,388,3461,378,1878,10,1583,0,0,271,2655,117,321,271,2976,California
Mendocino,2021-01-13,495,3956,149,2027,346,1929,0,0,450,3063,43,364,451,3427,California
Mendocino,2021-01-14,651,4607,20,2047,631,2560,0,0,642,3696,9,373,642,4069,California
Mendocino,2021-01-15,1872,6479,861,2908,1011,3571,0,0,1868,5561,4,377,1869,5938,California
Mendocino,2021-01-16,794,7273,49,2957,745,4316,0,0,792,6351,2,379,792,6730,California
Mendocino,2021-01-17,555,7828,1,2958,554,4870,0,0,554,6904,1,380,554,7284,California
Mendocino,2021-01-18,486,8314,461,3419,25,4895,0,0,476,7370,10,390,476,7760,California
Mendocino,2021-01-19,330,8644,145,3564,185,5080,0,0,156,7352,174,564,156,7916,California
Mendocino,2021-01-20,555,9199,407,3971,148,5228,0,0,449,7698,104,668,450,8366,California
Mendocino,2021-01-21,538,9737,226,4197,312,5540,0,0,352,7865,185,853,352,8718,California
Mendocino,2021-01-22,152,9889,59,4256,93,5633,0,0,113,7939,39,892,113,8831,California
Mendocino,2021-01-23,157,10046,85,4341,72,5705,0,0,151,8084,6,898,151,8982,California
Mendocino,2021-01-24,4,10050,2,4343,2,5707,0,0,4,8088,0,898,4,8986,California
Mendocino,2021-01-25,192,10242,18,4361,174,5881,0,0,122,8140,70,968,122,9108,California
Mendocino,2021-01-26,152,10394,53,4414,99,5980,0,0,94,8176,58,1026,94,9202,California
Mendocino,2021-01-27,442,10836,372,4786,70,6050,0,0,176,8093,259,1285,176,9378,California
Mendocino,2021-01-28,593,11429,529,5315,64,6114,0,0,499,8499,93,1378,499,9877,California
Mendocino,2021-01-29,392,11821,352,5667,40,6154,0,0,363,8834,29,1407,364,10241,California
Mendocino,2021-01-30,50,11871,32,5699,18,6172,0,0,44,8872,6,1413,44,10285,California
Mendocino,2021-01-31,276,12147,2,5701,274,6446,0,0,4,8604,272,1685,4,10289,California
Mendocino,2021-02-01,382,12529,52,5753,330,6776,0,0,59,8340,323,2008,59,10348,California
Mendocino,2021-02-02,739,13268,519,6272,220,6996,0,0,378,8357,361,2369,378,10726,California
Mendocino,2021-02-03,393,13661,208,6480,185,7181,0,0,222,8410,169,2538,222,10948,California
Mendocino,2021-02-04,628,14289,532,7012,96,7277,0,0,502,8786,126,2664,502,11450,California
Mendocino,2021-02-05,1307,15596,1216,8228,91,7368,0,0,586,8653,719,3383,586,12036,California
Mendocino,2021-02-06,553,16149,153,8381,400,7768,0,0,538,9176,15,3398,538,12574,California
Mendocino,2021-02-07,33,16182,29,8410,4,7772,0,0,33,9209,0,3398,33,12607,California
Mendocino,2021-02-08,747,16929,715,9125,32,7804,0,0,284,9030,463,3861,284,12891,California
Mendocino,2021-02-09,140,17069,58,9183,82,7886,0,0,88,9066,52,3913,88,12979,California
Mendocino,2021-02-10,1489,18558,926,10109,563,8449,0,0,742,9068,740,4653,742,13721,California
Mendocino,2021-02-11,1210,19768,207,10316,1003,9452,0,0,300,8458,910,5563,300,14021,California
Mendocino,2021-02-12,1459,21227,162,10478,1297,10749,0,0,659,8318,799,6362,659,14680,California
Mendocino,2021-02-13,502,21729,16,10494,486,11235,0,0,103,8028,398,6760,108,14788,California
Mendocino,2021-02-14,696,22425,4,10498,692,11927,0,0,135,7602,561,7321,135,14923,California
Mendocino,2021-02-15,330,22755,42,10540,288,12215,0,0,174,7620,156,7477,174,15097,California
Mendocino,2021-02-16,199,22954,52,10592,147,12362,0,0,128,7677,71,7548,128,15225,California
Mendocino,2021-02-17,1353,24307,1190,11782,163,12525,0,0,876,8078,475,8023,876,16101,California
Mendocino,2021-02-18,1789,26096,646,12428,1143,13668,0,0,1222,8735,565,8588,1222,17323,California
Mendocino,2021-02-19,755,26851,147,12575,608,14276,0,0,613,9207,142,8730,614,17937,California
Mendocino,2021-02-20,582,27433,556,13131,26,14302,0,0,549,9725,31,8761,549,18486,California
Mendocino,2021-02-21,325,27758,6,13137,319,14621,0,0,313,10027,11,8772,313,18799,California
Mendocino,2021-02-22,161,27919,29,13166,132,14753,0,0,69,10006,90,8862,69,18868,California
Mendocino,2021-02-23,860,28779,847,14013,13,14766,0,0,646,10440,212,9074,646,19514,California
Mendocino,2021-02-24,1854,30633,1771,15784,83,14849,0,0,1441,11475,408,9482,1443,20957,California
Mendocino,2021-02-25,1709,32342,534,16318,1175,16024,0,0,1285,12337,423,9905,1285,22242,California
Mendocino,2021-02-26,1415,33757,749,17067,666,16690,0,0,1052,13029,360,10265,1052,23294,California
Mendocino,2021-02-27,198,33955,146,17213,52,16742,0,0,77,12986,120,10385,77,23371,California
Mendocino,2021-02-28,34,33989,12,17225,22,16764,0,0,24,13000,10,10395,24,23395,California
Mendocino,2021-03-01,594,34583,551,17776,43,16807,0,0,554,13517,37,10432,554,23949,California
Mendocino,2021-03-02,73,34656,27,17803,46,16853,0,0,39,13523,33,10465,39,23988,California
Mendocino,2021-03-03,2039,36695,1339,19142,700,17553,0,0,1387,14261,649,11114,1387,25375,California
Mendocino,2021-03-04,1850,38545,147,19289,1703,19256,0,0,1633,15681,214,11328,1634,27009,California
Mendocino,2021-03-05,476,39021,417,19706,50,19306,9,9,372,15962,100,11428,381,27390,California
Mendocino,2021-03-06,246,39267,23,19729,197,19503,26,35,202,16147,43,11471,228,27618,California
Mendocino,2021-03-07,506,39773,8,19737,478,19981,20,55,117,15895,388,11859,136,27754,California
Mendocino,2021-03-08,123,39896,28,19765,57,20038,38,93,63,15938,58,11917,101,27855,California
Mendocino,2021-03-09,936,40832,600,20365,296,20334,40,133,831,16704,105,12022,871,28726,California
Mendocino,2021-03-10,1146,41978,983,21348,98,20432,65,198,271,16172,871,12893,339,29065,California
Mendocino,2021-03-11,844,42822,628,21976,163,20595,53,251,402,16188,439,13332,455,29520,California
Mendocino,2021-03-12,2071,44893,1058,23034,899,21494,114,365,1239,16716,825,14157,1353,30873,California
Mendocino,2021-03-13,706,45599,572,23606,76,21570,58,423,104,16280,598,14755,162,31035,California
Mendocino,2021-03-14,106,45705,4,23610,95,21665,7,430,12,16209,90,14845,19,31054,California
Mendocino,2021-03-15,606,46311,51,23661,496,22161,59,489,216,16095,388,15233,274,31328,California
Mendocino,2021-03-16,580,46891,386,24047,148,22309,46,535,117,15797,461,15694,163,31491,California
Mendocino,2021-03-17,1587,48478,1387,25434,51,22360,149,684,217,14803,1366,17060,372,31863,California
Mendocino,2021-03-18,1310,49788,248,25682,1025,23385,37,721,281,14099,1021,18081,317,32180,California
Mendocino,2021-03-19,1777,51565,855,26537,863,24248,59,780,332,13052,1440,19521,393,32573,California
Mendocino,2021-03-20,68,51633,10,26547,38,24286,20,800,11,13026,57,19578,31,32604,California
Mendocino,2021-03-21,8,51641,1,26548,2,24288,5,805,3,13029,5,19583,8,32612,California
Mendocino,2021-03-22,661,52302,617,27165,15,24303,29,834,146,12692,511,20094,174,32786,California
Mendocino,2021-03-23,161,52463,31,27196,100,24403,30,864,111,12783,50,20144,141,32927,California
Mendocino,2021-03-24,916,53379,845,28041,24,24427,47,911,108,12132,806,20950,155,33082,California
Mendocino,2021-03-25,2017,55396,53,28094,1944,26371,20,931,178,10495,1833,22783,196,33278,California
Mendocino,2021-03-26,546,55942,394,28488,126,26497,26,957,113,10201,432,23215,138,33416,California
Mendocino,2021-03-27,144,56086,13,28501,119,26616,12,969,80,10229,63,23278,91,33507,California
Mendocino,2021-03-28,24,56110,5,28506,15,26631,4,973,3,10216,20,23298,7,33514,California
Mendocino,2021-03-29,191,56301,99,28605,48,26679,44,1017,97,10263,94,23392,141,33655,California
Mendocino,2021-03-30,712,57013,629,29234,46,26725,37,1054,103,9796,607,23999,140,33795,California
Mendocino,2021-03-31,916,57929,281,29515,574,27299,61,1115,153,9249,761,24760,214,34009,California
Mendocino,2021-04-01,1750,59679,421,29936,1248,28547,81,1196,380,8349,1360,26120,460,34469,California
Mendocino,2021-04-02,1311,60990,1079,31015,159,28706,73,1269,157,7428,1151,27271,230,34699,California
Mendocino,2021-04-03,709,61699,10,31025,678,29384,21,1290,87,6919,617,27888,108,34807,California
Mendocino,2021-04-04,71,61770,35,31060,30,29414,6,1296,55,6964,16,27904,61,34868,California
Mendocino,2021-04-05,210,61980,140,31200,46,29460,24,1320,125,7025,85,27989,146,35014,California
Mendocino,2021-04-06,396,62376,123,31323,179,29639,94,1414,108,6939,288,28277,202,35216,California
Mendocino,2021-04-07,490,62866,179,31502,65,29704,246,1660,115,6927,372,28649,360,35576,California
Mendocino,2021-04-08,1503,64369,924,32426,465,30169,114,1774,1009,7564,487,29136,1124,36700,California
Mendocino,2021-04-09,763,65132,429,32855,173,30342,161,1935,399,7761,363,29499,560,37260,California
Mendocino,2021-04-10,408,65540,92,32947,271,30613,45,1980,99,7596,309,29808,144,37404,California
Mendocino,2021-04-11,121,65661,47,32994,19,30632,55,2035,59,7648,62,29870,114,37518,California
Mendocino,2021-04-12,622,66283,514,33508,48,30680,60,2095,406,7898,216,30086,466,37984,California
Mendocino,2021-04-13,288,66571,226,33734,62,30742,0,2095,222,8054,66,30152,222,38206,California
Mendocino,2021-04-14,520,67091,428,34162,92,30834,0,2095,422,8378,98,30250,422,38628,California
Mendocino,2021-04-15,660,67751,329,34491,331,31165,0,2095,388,8499,267,30517,388,39016,California
Mendocino,2021-04-16,125,67876,54,34545,70,31235,1,2096,77,8530,47,30564,78,39094,California
Mendocino,2021-04-17,195,68071,13,34558,182,31417,0,2096,68,8473,125,30689,68,39162,California
Mendocino,2021-04-18,14,68085,6,34564,8,31425,0,2096,7,8475,5,30694,7,39169,California
Mendocino,2021-04-19,537,68622,515,35079,21,31446,1,2097,425,8790,111,30805,426,39595,California
Mendocino,2021-04-20,418,69040,290,35369,128,31574,0,2097,263,8899,154,30959,263,39858,California
Mendocino,2021-04-21,190,69230,134,35503,55,31629,1,2098,115,8941,73,31032,115,39973,California
Mendocino,2021-04-22,486,69716,314,35817,171,31800,1,2099,313,9084,170,31202,313,40286,California
Mendocino,2021-04-23,851,70567,701,36518,150,31950,0,2099,696,9628,152,31354,696,40982,California
Mendocino,2021-04-24,107,70674,14,36532,93,32043,0,2099,100,9721,7,31361,100,41082,California
Mendocino,2021-04-25,57,70731,34,36566,19,32062,4,2103,19,9706,38,31399,23,41105,California
Mendocino,2021-04-26,307,71038,238,36804,64,32126,5,2108,201,9807,105,31504,206,41311,California
Mendocino,2021-04-27,206,71244,90,36894,89,32215,27,2135,94,9816,111,31615,120,41431,California
Mendocino,2021-04-28,225,71469,151,37045,55,32270,19,2154,129,9869,96,31711,149,41580,California
Mendocino,2021-04-29,1147,72616,843,37888,289,32559,15,2169,110,8962,1032,32743,125,41705,California
Mendocino,2021-04-30,606,73222,383,38271,214,32773,9,2178,227,8820,378,33121,236,41941,California
Mendocino,2021-05-01,472,73694,432,38703,33,32806,7,2185,367,9090,104,33225,374,42315,California
Mendocino,2021-05-02,55,73749,45,38748,7,32813,3,2188,8,9054,47,33272,11,42326,California
Mendocino,2021-05-03,148,73897,85,38833,41,32854,22,2210,43,9016,103,33375,65,42391,California
Mendocino,2021-05-04,378,74275,252,39085,92,32946,34,2244,140,8952,238,33613,174,42565,California
Mendocino,2021-05-05,875,75150,789,39874,71,33017,15,2259,220,8532,654,34267,234,42799,California
Mendocino,2021-05-06,631,75781,381,40255,228,33245,22,2281,154,8233,475,34742,176,42975,California
Mendocino,2021-05-07,184,75965,34,40289,126,33371,24,2305,120,8314,63,34805,144,43119,California
Mendocino,2021-05-08,126,76091,4,40293,121,33492,1,2306,110,8410,15,34820,111,43230,California
Mendocino,2021-05-09,20,76111,5,40298,14,33506,1,2307,3,8397,17,34837,4,43234,California
Mendocino,2021-05-10,242,76353,161,40459,76,33582,5,2312,149,8458,93,34930,154,43388,California
Mendocino,2021-05-11,278,76631,141,40600,119,33701,18,2330,130,8457,147,35077,146,43534,California
Mendocino,2021-05-12,142,76773,80,40680,54,33755,8,2338,44,8413,96,35173,52,43586,California
Mendocino,2021-05-13,1231,78004,1123,41803,91,33846,17,2355,322,7843,909,36082,339,43925,California
Mendocino,2021-05-14,717,78721,490,42293,163,34009,64,2419,246,7687,466,36548,310,44235,California
Mendocino,2021-05-15,82,78803,27,42320,51,34060,4,2423,38,7685,44,36592,42,44277,California
Mendocino,2021-05-16,115,78918,102,42422,11,34071,2,2425,98,7769,17,36609,101,44378,California
Mendocino,2021-05-17,168,79086,83,42505,69,34140,16,2441,93,7803,75,36684,109,44487,California
Mendocino,2021-05-18,244,79330,118,42623,98,34238,28,2469,107,7801,136,36820,134,44621,California
Mendocino,2021-05-19,331,79661,196,42819,114,34352,21,2490,244,7981,85,36905,265,44886,California
Mendocino,2021-05-20,292,79953,117,42936,133,34485,42,2532,106,7946,183,37088,148,45034,California
Mendocino,2021-05-21,644,80597,469,43405,160,34645,15,2547,501,8320,142,37230,516,45550,California
Mendocino,2021-05-22,782,81379,674,44079,100,34745,8,2555,242,8031,539,37769,250,45800,California
Mendocino,2021-05-23,28,81407,11,44090,10,34755,7,2562,15,8039,13,37782,21,45821,California
Mendocino,2021-05-24,126,81533,43,44133,62,34817,21,2583,59,8053,66,37848,80,45901,California
Mendocino,2021-05-25,294,81827,176,44309,89,34906,29,2612,134,8056,160,38008,163,46064,California
Mendocino,2021-05-26,322,82149,242,44551,68,34974,12,2624,130,8007,191,38199,142,46206,California
Mendocino,2021-05-27,244,82393,112,44663,110,35084,22,2646,102,7990,140,38339,123,46329,California
Mendocino,2021-05-28,235,82628,96,44759,127,35211,12,2658,154,8077,79,38418,166,46495,California
Mendocino,2021-05-29,47,82675,16,44775,26,35237,5,2663,27,8089,20,38438,32,46527,California
Mendocino,2021-05-30,15,82690,2,44777,12,35249,1,2664,10,8095,5,38443,11,46538,California
Mendocino,2021-05-31,5,82695,0,44777,4,35253,1,2665,2,8095,3,38446,3,46541,California
Mendocino,2021-06-01,296,82991,90,44867,197,35450,9,2674,80,7968,216,38662,89,46630,California
Mendocino,2021-06-02,156,83147,58,44925,90,35540,8,2682,55,7933,98,38760,63,46693,California
Mendocino,2021-06-03,558,83705,458,45383,91,35631,9,2691,122,7635,429,39189,131,46824,California
Mendocino,2021-06-04,312,84017,189,45572,101,35732,22,2713,82,7509,230,39419,104,46928,California
Mendocino,2021-06-05,158,84175,63,45635,77,35809,18,2731,59,7489,97,39516,77,47005,California
Mendocino,2021-06-06,63,84238,58,45693,2,35811,3,2734,2,7433,61,39577,5,47010,California
Mendocino,2021-06-07,148,84386,72,45765,64,35875,12,2746,59,7415,89,39666,71,47081,California
Mendocino,2021-06-08,216,84602,124,45889,79,35954,13,2759,94,7403,119,39785,107,47188,California
Mendocino,2021-06-09,265,84867,217,46106,41,35995,7,2766,85,7317,179,39964,93,47281,California
Mendocino,2021-06-10,69,84936,33,46139,31,36026,5,2771,34,7322,35,39999,40,47321,California
Mendocino,2021-06-11,531,85467,465,46604,52,36078,14,2785,46,6898,484,40483,60,47381,California
Mendocino,2021-06-12,13,85480,9,46613,0,36078,4,2789,1,6891,12,40495,5,47386,California
Merced,2020-12-16,3,3,3,3,0,0,0,0,3,3,0,0,3,3,California
Merced,2020-12-17,8,11,8,11,0,0,0,0,8,11,0,0,8,11,California
Merced,2020-12-18,144,155,144,155,0,0,0,0,144,155,0,0,144,155,California
Merced,2020-12-19,37,192,37,192,0,0,0,0,37,192,0,0,37,192,California
Merced,2020-12-20,18,210,18,210,0,0,0,0,18,210,0,0,18,210,California
Merced,2020-12-21,124,334,121,331,3,3,0,0,124,334,0,0,124,334,California
Merced,2020-12-22,152,486,152,483,0,3,0,0,152,486,0,0,152,486,California
Merced,2020-12-23,250,736,244,727,6,9,0,0,250,736,0,0,250,736,California
Merced,2020-12-24,72,808,72,799,0,9,0,0,72,808,0,0,72,808,California
Merced,2020-12-25,4,812,4,803,0,9,0,0,4,812,0,0,4,812,California
Merced,2020-12-26,6,818,3,806,3,12,0,0,6,818,0,0,6,818,California
Merced,2020-12-27,12,830,11,817,1,13,0,0,12,830,0,0,12,830,California
Merced,2020-12-28,122,952,97,914,25,38,0,0,122,952,0,0,122,952,California
Merced,2020-12-29,181,1133,124,1038,57,95,0,0,181,1133,0,0,181,1133,California
Merced,2020-12-30,215,1348,89,1127,126,221,0,0,215,1348,0,0,215,1348,California
Merced,2020-12-31,103,1451,34,1161,69,290,0,0,103,1451,0,0,103,1451,California
Merced,2021-01-01,5,1456,1,1162,4,294,0,0,5,1456,0,0,5,1456,California
Merced,2021-01-02,129,1585,118,1280,11,305,0,0,129,1585,0,0,129,1585,California
Merced,2021-01-03,9,1594,5,1285,4,309,0,0,9,1594,0,0,9,1594,California
Merced,2021-01-04,83,1677,43,1328,40,349,0,0,83,1677,0,0,83,1677,California
Merced,2021-01-05,321,1998,232,1560,89,438,0,0,315,1988,6,6,317,1994,California
Merced,2021-01-06,257,2255,105,1665,152,590,0,0,252,2235,5,11,252,2246,California
Merced,2021-01-07,186,2441,83,1748,103,693,0,0,175,2398,12,23,175,2421,California
Merced,2021-01-08,527,2968,393,2141,134,827,0,0,375,2622,151,174,375,2796,California
Merced,2021-01-09,22,2990,9,2150,13,840,0,0,17,2634,5,179,17,2813,California
Merced,2021-01-10,11,3001,7,2157,4,844,0,0,7,2637,4,183,7,2820,California
Merced,2021-01-11,229,3230,171,2328,58,902,0,0,102,2614,127,310,104,2924,California
Merced,2021-01-12,291,3521,168,2496,123,1025,0,0,243,2808,49,359,243,3167,California
Merced,2021-01-13,378,3899,175,2671,203,1228,0,0,226,2885,152,511,229,3396,California
Merced,2021-01-14,322,4221,201,2872,121,1349,0,0,156,2877,165,676,157,3553,California
Merced,2021-01-15,583,4804,129,3001,454,1803,0,0,544,3384,40,716,547,4100,California
Merced,2021-01-16,213,5017,129,3130,84,1887,0,0,196,3563,17,733,196,4296,California
Merced,2021-01-17,50,5067,12,3142,38,1925,0,0,49,3611,1,734,49,4345,California
Merced,2021-01-18,266,5333,127,3269,139,2064,0,0,243,3835,23,757,247,4592,California
Merced,2021-01-19,713,6046,589,3858,124,2188,0,0,540,4207,173,930,545,5137,California
Merced,2021-01-20,572,6618,467,4325,105,2293,0,0,515,4668,57,987,518,5655,California
Merced,2021-01-21,1011,7629,651,4976,360,2653,0,0,911,5482,100,1087,914,6569,California
Merced,2021-01-22,1314,8943,694,5670,620,3273,0,0,1286,6753,27,1114,1298,7867,California
Merced,2021-01-23,324,9267,198,5868,126,3399,0,0,217,6863,107,1221,217,8084,California
Merced,2021-01-24,37,9304,15,5883,22,3421,0,0,28,6883,8,1229,28,8112,California
Merced,2021-01-25,730,10034,241,6124,489,3910,0,0,669,7493,60,1289,670,8782,California
Merced,2021-01-26,918,10952,487,6611,431,4341,0,0,675,7953,216,1505,676,9458,California
Merced,2021-01-27,986,11938,589,7200,397,4738,0,0,816,8601,168,1673,816,10274,California
Merced,2021-01-28,1142,13080,596,7796,546,5284,0,0,1018,9497,123,1796,1019,11293,California
Merced,2021-01-29,850,13930,322,8118,528,5812,0,0,598,9859,239,2035,601,11894,California
Merced,2021-01-30,262,14192,28,8146,234,6046,0,0,244,10085,18,2053,244,12138,California
Merced,2021-01-31,47,14239,11,8157,36,6082,0,0,46,10130,1,2054,46,12184,California
Merced,2021-02-01,379,14618,55,8212,324,6406,0,0,327,10407,51,2105,328,12512,California
Merced,2021-02-02,298,14916,179,8391,119,6525,0,0,178,10469,117,2222,179,12691,California
Merced,2021-02-03,350,15266,72,8463,278,6803,0,0,170,10458,181,2403,170,12861,California
Merced,2021-02-04,370,15636,145,8608,225,7028,0,0,239,10568,130,2533,240,13101,California
Merced,2021-02-05,509,16145,169,8777,340,7368,0,0,271,10604,237,2770,273,13374,California
Merced,2021-02-06,388,16533,217,8994,171,7539,0,0,244,10708,141,2911,245,13619,California
Merced,2021-02-07,20,16553,12,9006,8,7547,0,0,13,10714,7,2918,13,13632,California
Merced,2021-02-08,283,16836,199,9205,84,7631,0,0,171,10776,110,3028,172,13804,California
Merced,2021-02-09,1216,18052,956,10161,260,7891,0,0,772,11113,436,3464,773,14577,California
Merced,2021-02-10,1857,19909,1433,11594,424,8315,0,0,1273,11812,574,4038,1273,15850,California
Merced,2021-02-11,2506,22415,2011,13605,495,8810,0,0,1816,12950,678,4716,1816,17666,California
Merced,2021-02-12,1720,24135,1020,14625,700,9510,0,0,746,12743,956,5672,749,18415,California
Merced,2021-02-13,362,24497,208,14833,154,9664,0,0,263,12913,95,5767,265,18680,California
Merced,2021-02-14,117,24614,25,14858,92,9756,0,0,95,12987,22,5789,96,18776,California
Merced,2021-02-15,274,24888,42,14900,232,9988,0,0,169,13059,98,5887,170,18946,California
Merced,2021-02-16,1217,26105,844,15744,373,10361,0,0,834,13533,364,6251,838,19784,California
Merced,2021-02-17,1886,27991,1641,17385,245,10606,0,0,1311,14294,559,6810,1320,21104,California
Merced,2021-02-18,1218,29209,825,18210,393,10999,0,0,407,13914,790,7600,410,21514,California
Merced,2021-02-19,1263,30472,414,18624,849,11848,0,0,537,13733,720,8320,539,22053,California
Merced,2021-02-20,278,30750,31,18655,247,12095,0,0,139,13735,137,8457,139,22192,California
Merced,2021-02-21,76,30826,62,18717,14,12109,0,0,30,13721,44,8501,30,22222,California
Merced,2021-02-22,833,31659,296,19013,537,12646,0,0,482,13855,349,8850,483,22705,California
Merced,2021-02-23,1080,32739,421,19434,659,13305,0,0,637,14056,437,9287,638,23343,California
Merced,2021-02-24,821,33560,303,19737,518,13823,0,0,450,14145,362,9649,451,23794,California
Merced,2021-02-25,1773,35333,881,20618,892,14715,0,0,1318,15014,452,10101,1321,25115,California
Merced,2021-02-26,2157,37490,1382,22000,775,15490,0,0,1742,16349,408,10509,1743,26858,California
Merced,2021-02-27,2610,40100,1183,23183,1427,16917,0,0,2325,18390,284,10793,2325,29183,California
Merced,2021-02-28,312,40412,73,23256,238,17155,1,1,258,18598,50,10843,258,29441,California
Merced,2021-03-01,1127,41539,284,23540,842,17997,1,2,783,19048,334,11177,784,30225,California
Merced,2021-03-02,1757,43296,910,24450,846,18843,1,3,1362,20026,387,11564,1365,31590,California
Merced,2021-03-03,2236,45532,1736,26186,499,19342,1,4,1473,20757,744,12308,1475,33065,California
Merced,2021-03-04,2901,48433,2275,28461,624,19966,2,6,1926,21729,957,13265,1929,34994,California
Merced,2021-03-05,2078,50511,1200,29661,854,20820,24,30,1533,22757,530,13795,1558,36552,California
Merced,2021-03-06,1168,51679,664,30325,482,21302,22,52,912,23436,255,14050,934,37486,California
Merced,2021-03-07,230,51909,68,30393,138,21440,24,76,202,23634,28,14078,226,37712,California
Merced,2021-03-08,1405,53314,807,31200,533,21973,65,141,1189,24672,215,14293,1253,38965,California
Merced,2021-03-09,1695,55009,1004,32204,583,22556,108,249,1097,25285,592,14885,1205,40170,California
Merced,2021-03-10,2711,57720,1876,34080,634,23190,201,450,1633,26059,1063,15948,1837,42007,California
Merced,2021-03-11,1947,59667,698,34778,1048,24238,201,651,1229,26808,703,16651,1452,43459,California
Merced,2021-03-12,2217,61884,903,35681,1041,25279,273,924,1497,27874,715,17366,1781,45240,California
Merced,2021-03-13,1007,62891,309,35990,457,25736,241,1165,703,28523,296,17662,945,46185,California
Merced,2021-03-14,251,63142,137,36127,84,25820,30,1195,150,28603,100,17762,180,46365,California
Merced,2021-03-15,1526,64668,498,36625,771,26591,257,1452,1004,29349,514,18276,1260,47625,California
Merced,2021-03-16,1473,66141,717,37342,529,27120,227,1679,980,30075,482,18758,1208,48833,California
Merced,2021-03-17,1973,68114,1068,38410,727,27847,178,1857,1515,31322,448,19206,1695,50528,California
Merced,2021-03-18,2129,70243,1254,39664,727,28574,148,2005,1395,32160,719,19925,1557,52085,California
Merced,2021-03-19,2673,72916,1458,41122,1018,29592,197,2202,1386,32467,1276,21201,1583,53668,California
Merced,2021-03-20,2453,75369,1525,42647,533,30125,395,2597,963,32345,1485,22686,1363,55031,California
Merced,2021-03-21,556,75925,343,42990,201,30326,12,2609,437,32677,119,22805,451,55482,California
Merced,2021-03-22,1265,77190,631,43621,557,30883,77,2686,886,33272,370,23175,965,56447,California
Merced,2021-03-23,1836,79026,1107,44728,666,31549,63,2749,1356,34218,473,23648,1419,57866,California
Merced,2021-03-24,1470,80496,930,45658,505,32054,35,2784,992,34773,472,24120,1027,58893,California
Merced,2021-03-25,3328,83824,2281,47939,1024,33078,23,2807,2087,35657,1229,25349,2113,61006,California
Merced,2021-03-26,1942,85766,1090,49029,818,33896,34,2841,895,35550,1035,26384,928,61934,California
Merced,2021-03-27,3564,89330,1908,50937,1239,35135,417,3258,1553,35524,1997,28381,1971,63905,California
Merced,2021-03-28,526,89856,217,51154,301,35436,8,3266,215,35439,308,28689,223,64128,California
Merced,2021-03-29,1830,91686,781,51935,882,36318,167,3433,669,35127,1152,29841,840,64968,California
Merced,2021-03-30,2149,93835,805,52740,1285,37603,59,3492,989,35023,1154,30995,1050,66018,California
Merced,2021-03-31,2151,95986,1413,54153,700,38303,38,3530,952,34833,1181,32176,991,67009,California
Merced,2021-04-01,2347,98333,1053,55206,1164,39467,130,3660,1046,34720,1289,33465,1176,68185,California
Merced,2021-04-02,2338,100671,642,55848,1291,40758,405,4065,786,34377,1535,35000,1192,69377,California
Merced,2021-04-03,979,101650,496,56344,468,41226,15,4080,567,34554,407,35407,584,69961,California
Merced,2021-04-04,369,102019,143,56487,223,41449,3,4083,142,34475,226,35633,147,70108,California
Merced,2021-04-05,1277,103296,608,57095,455,41904,214,4297,418,34254,852,36485,631,70739,California
Merced,2021-04-06,2420,105716,896,57991,696,42600,828,5125,890,34445,1525,38010,1716,72455,California
Merced,2021-04-07,1673,107389,897,58888,668,43268,108,5233,592,34084,1063,39073,702,73157,California
Merced,2021-04-08,2431,109820,1294,60182,920,44188,217,5450,942,33784,1457,40530,1157,74314,California
Merced,2021-04-09,1702,111522,475,60657,650,44838,577,6027,567,33813,1116,41646,1145,75459,California
Merced,2021-04-10,979,112501,368,61025,424,45262,187,6214,175,33375,798,42444,360,75819,California
Merced,2021-04-11,489,112990,283,61308,72,45334,134,6348,148,33319,339,42783,283,76102,California
Merced,2021-04-12,1503,114493,986,62294,392,45726,125,6473,868,33714,598,43381,993,77095,California
Merced,2021-04-13,2044,116537,1465,63759,577,46303,2,6475,939,33645,1014,44395,945,78040,California
Merced,2021-04-14,2099,118636,1264,65023,835,47138,0,6475,928,33536,1039,45434,930,78970,California
Merced,2021-04-15,3021,121657,1977,67000,1044,48182,0,6475,953,32661,1834,47268,959,79929,California
Merced,2021-04-16,2381,124038,1166,68166,1215,49397,0,6475,971,32320,1312,48580,971,80900,California
Merced,2021-04-17,2096,126134,1436,69602,659,50056,1,6476,685,31603,1404,49984,687,81587,California
Merced,2021-04-18,472,126606,248,69850,224,50280,0,6476,191,31541,253,50237,191,81778,California
Merced,2021-04-19,1337,127943,752,70602,585,50865,0,6476,706,31713,535,50772,707,82485,California
Merced,2021-04-20,1477,129420,741,71343,736,51601,0,6476,805,31915,603,51375,805,83290,California
Merced,2021-04-21,1504,130924,913,72256,591,52192,0,6476,762,32048,630,52005,763,84053,California
Merced,2021-04-22,1620,132544,743,72999,877,53069,0,6476,783,32076,756,52761,784,84837,California
Merced,2021-04-23,1651,134195,686,73685,965,54034,0,6476,886,32244,719,53480,887,85724,California
Merced,2021-04-24,874,135069,701,74386,173,54207,0,6476,600,32575,269,53749,600,86324,California
Merced,2021-04-25,327,135396,187,74573,140,54347,0,6476,192,32635,132,53881,192,86516,California
Merced,2021-04-26,1221,136617,535,75108,686,55033,0,6476,642,32733,546,54427,644,87160,California
Merced,2021-04-27,1770,138387,893,76001,865,55898,12,6488,713,32471,988,55415,726,87886,California
Merced,2021-04-28,1370,139757,680,76681,682,56580,8,6496,783,32699,564,55979,792,88678,California
Merced,2021-04-29,1441,141198,630,77311,786,57366,25,6521,684,32662,748,56727,711,89389,California
Merced,2021-04-30,1457,142655,615,77926,798,58164,44,6565,748,32753,702,57429,793,90182,California
Merced,2021-05-01,561,143216,241,78167,315,58479,5,6570,261,32722,296,57725,265,90447,California
Merced,2021-05-02,295,143511,120,78287,160,58639,15,6585,130,32705,164,57889,147,90594,California
Merced,2021-05-03,846,144357,555,78842,221,58860,70,6655,303,32540,539,58428,374,90968,California
Merced,2021-05-04,1018,145375,545,79387,421,59281,52,6707,376,32329,639,59067,428,91396,California
Merced,2021-05-05,1359,146734,859,80246,424,59705,76,6783,654,32367,693,59760,731,92127,California
Merced,2021-05-06,916,147650,479,80725,387,60092,50,6833,301,32111,607,60367,351,92478,California
Merced,2021-05-07,937,148587,293,81018,602,60694,42,6875,397,32017,536,60903,442,92920,California
Merced,2021-05-08,397,148984,202,81220,159,60853,36,6911,183,32023,213,61116,219,93139,California
Merced,2021-05-09,212,149196,105,81325,100,60953,7,6918,101,32021,110,61226,108,93247,California
Merced,2021-05-10,694,149890,357,81682,300,61253,37,6955,189,31745,503,61729,227,93474,California
Merced,2021-05-11,1143,151033,680,82362,406,61659,57,7012,438,31540,700,62429,495,93969,California
Merced,2021-05-12,1053,152086,587,82949,424,62083,42,7054,355,31243,695,63124,398,94367,California
Merced,2021-05-13,842,152928,439,83388,361,62444,42,7096,332,31111,506,63630,374,94741,California
Merced,2021-05-14,1025,153953,616,84004,369,62813,40,7136,535,31202,484,64114,575,95316,California
Merced,2021-05-15,757,154710,574,84578,164,62977,19,7155,449,31373,298,64412,469,95785,California
Merced,2021-05-16,348,155058,233,84811,107,63084,8,7163,199,31434,147,64559,208,95993,California
Merced,2021-05-17,1092,156150,712,85523,350,63434,30,7193,539,31457,547,65106,570,96563,California
Merced,2021-05-18,1269,157419,850,86373,388,63822,31,7224,719,31663,544,65650,750,97313,California
Merced,2021-05-19,1104,158523,756,87129,341,64163,7,7231,627,31827,474,66124,638,97951,California
Merced,2021-05-20,1032,159555,546,87675,431,64594,55,7286,393,31640,637,66761,450,98401,California
Merced,2021-05-21,1174,160729,670,88345,476,65070,28,7314,486,31477,678,67439,515,98916,California
Merced,2021-05-22,750,161479,537,88882,200,65270,13,7327,448,31642,299,67738,464,99380,California
Merced,2021-05-23,330,161809,232,89114,86,65356,12,7339,221,31767,108,67846,233,99613,California
Merced,2021-05-24,534,162343,248,89362,256,65612,30,7369,216,31700,314,68160,247,99860,California
Merced,2021-05-25,761,163104,431,89793,296,65908,34,7403,401,31778,357,68517,435,100295,California
Merced,2021-05-26,973,164077,551,90344,389,66297,33,7436,407,31654,564,69081,440,100735,California
Merced,2021-05-27,924,165001,654,90998,237,66534,33,7469,573,31913,348,69429,607,101342,California
Merced,2021-05-28,764,165765,345,91343,372,66906,47,7516,339,31883,417,69846,387,101729,California
Merced,2021-05-29,391,166156,271,91614,112,67018,8,7524,172,31848,216,70062,181,101910,California
Merced,2021-05-30,214,166370,146,91760,57,67075,11,7535,135,31916,78,70140,146,102056,California
Merced,2021-05-31,110,166480,24,91784,80,67155,6,7541,31,31877,77,70217,38,102094,California
Merced,2021-06-01,792,167272,470,92254,290,67445,32,7573,340,31802,447,70664,372,102466,California
Merced,2021-06-02,674,167946,479,92733,169,67614,26,7599,350,31861,317,70981,376,102842,California
Merced,2021-06-03,751,168697,478,93211,240,67854,33,7632,336,31820,409,71390,368,103210,California
Merced,2021-06-04,777,169474,435,93646,320,68174,22,7654,325,31722,446,71836,348,103558,California
Merced,2021-06-05,490,169964,387,94033,94,68268,9,7663,181,31608,304,72140,190,103748,California
Merced,2021-06-06,225,170189,189,94222,30,68298,6,7669,84,31557,141,72281,90,103838,California
Merced,2021-06-07,648,170837,518,94740,118,68416,12,7681,192,31307,456,72737,206,104044,California
Merced,2021-06-08,826,171663,625,95365,177,68593,24,7705,268,31044,555,73292,292,104336,California
Merced,2021-06-09,694,172357,591,95956,88,68681,15,7720,185,30743,501,73793,200,104536,California
Merced,2021-06-10,526,172883,359,96315,149,68830,18,7738,202,30646,317,74110,220,104756,California
Merced,2021-06-11,320,173203,191,96506,116,68946,13,7751,126,30595,192,74302,141,104897,California
Merced,2021-06-12,60,173263,23,96529,32,68978,5,7756,23,30587,36,74338,28,104925,California
Modoc,2020-12-16,2,2,2,2,0,0,0,0,2,2,0,0,2,2,California
Modoc,2020-12-21,99,101,99,101,0,0,0,0,99,101,0,0,99,101,California
Modoc,2020-12-22,14,115,14,115,0,0,0,0,14,115,0,0,14,115,California
Modoc,2020-12-23,4,119,4,119,0,0,0,0,4,119,0,0,4,119,California
Modoc,2020-12-24,1,120,1,120,0,0,0,0,1,120,0,0,1,120,California
Modoc,2020-12-28,2,122,2,122,0,0,0,0,2,122,0,0,2,122,California
Modoc,2020-12-29,9,131,1,123,8,8,0,0,9,131,0,0,9,131,California
Modoc,2020-12-30,8,139,1,124,7,15,0,0,8,139,0,0,8,139,California
Modoc,2021-01-02,3,142,1,125,2,17,0,0,3,142,0,0,3,142,California
Modoc,2021-01-04,8,150,0,125,8,25,0,0,8,150,0,0,8,150,California
Modoc,2021-01-05,3,153,2,127,1,26,0,0,3,153,0,0,3,153,California
Modoc,2021-01-06,4,157,3,130,1,27,0,0,2,153,2,2,2,155,California
Modoc,2021-01-07,72,229,0,130,72,99,0,0,72,225,0,2,72,227,California
Modoc,2021-01-08,106,335,0,130,106,205,0,0,106,331,0,2,106,333,California
Modoc,2021-01-10,1,336,1,131,0,205,0,0,0,330,1,3,0,333,California
Modoc,2021-01-11,90,426,81,212,9,214,0,0,19,278,71,74,19,352,California
Modoc,2021-01-12,94,520,25,237,69,283,0,0,68,320,26,100,68,420,California
Modoc,2021-01-13,24,544,4,241,20,303,0,0,22,340,2,102,22,442,California
Modoc,2021-01-14,129,673,6,247,123,426,0,0,124,459,5,107,124,566,California
Modoc,2021-01-15,5,678,1,248,4,430,0,0,5,464,0,107,5,571,California
Modoc,2021-01-16,2,680,1,249,1,431,0,0,2,466,0,107,2,573,California
Modoc,2021-01-18,3,683,1,250,2,433,0,0,3,469,0,107,3,576,California
Modoc,2021-01-19,5,688,3,253,2,435,0,0,3,470,2,109,3,579,California
Modoc,2021-01-20,13,701,3,256,10,445,0,0,12,481,1,110,12,591,California
Modoc,2021-01-21,160,861,2,258,158,603,0,0,160,641,0,110,160,751,California
Modoc,2021-01-22,4,865,2,260,2,605,0,0,4,645,0,110,4,755,California
Modoc,2021-01-25,12,877,0,260,12,617,0,0,12,657,0,110,12,767,California
Modoc,2021-01-26,109,986,1,261,108,725,0,0,109,766,0,110,109,876,California
Modoc,2021-01-27,45,1031,3,264,42,767,0,0,30,781,15,125,30,906,California
Modoc,2021-01-28,148,1179,4,268,144,911,0,0,147,927,1,126,147,1053,California
Modoc,2021-01-29,4,1183,1,269,3,914,0,0,4,931,0,126,4,1057,California
Modoc,2021-02-01,26,1209,13,282,13,927,0,0,12,929,14,140,12,1069,California
Modoc,2021-02-02,172,1381,2,284,170,1097,0,0,169,1095,3,143,169,1238,California
Modoc,2021-02-03,18,1399,13,297,5,1102,0,0,11,1099,7,150,11,1249,California
Modoc,2021-02-04,158,1557,3,300,155,1257,0,0,30,1001,128,278,30,1279,California
Modoc,2021-02-05,3,1560,2,302,1,1258,0,0,2,1002,1,279,2,1281,California
Modoc,2021-02-08,10,1570,1,303,9,1267,0,0,9,1010,1,280,9,1290,California
Modoc,2021-02-09,198,1768,11,314,187,1454,0,0,65,942,133,413,65,1355,California
Modoc,2021-02-10,6,1774,3,317,3,1457,0,0,4,944,2,415,4,1359,California
Modoc,2021-02-11,200,1974,2,319,198,1655,0,0,82,908,118,533,82,1441,California
Modoc,2021-02-12,8,1982,2,321,6,1661,0,0,3,906,5,538,3,1444,California
Modoc,2021-02-13,2,1984,0,321,2,1663,0,0,1,906,1,539,1,1445,California
Modoc,2021-02-16,147,2131,6,327,141,1804,0,0,141,1041,6,545,141,1586,California
Modoc,2021-02-17,24,2155,2,329,22,1826,0,0,11,1039,13,558,11,1597,California
Modoc,2021-02-18,192,2347,4,333,188,2014,0,0,23,896,168,726,25,1622,California
Modoc,2021-02-19,3,2350,3,336,0,2014,0,0,2,897,1,727,2,1624,California
Modoc,2021-02-20,1,2351,1,337,0,2014,0,0,0,896,1,728,0,1624,California
Modoc,2021-02-22,17,2368,9,346,8,2022,0,0,3,885,14,742,3,1627,California
Modoc,2021-02-23,73,2441,2,348,71,2093,0,0,9,830,64,806,9,1636,California
Modoc,2021-02-24,94,2535,2,350,92,2185,0,0,32,800,62,868,32,1668,California
Modoc,2021-02-25,171,2706,0,350,171,2356,0,0,12,653,159,1027,12,1680,California
Modoc,2021-02-26,2,2708,0,350,2,2358,0,0,1,653,1,1028,1,1681,California
Modoc,2021-02-27,3,2711,3,353,0,2358,0,0,2,654,1,1029,2,1683,California
Modoc,2021-03-01,5,2716,0,353,5,2363,0,0,0,650,4,1033,0,1683,California
Modoc,2021-03-02,194,2910,11,364,183,2546,0,0,26,508,168,1201,26,1709,California
Modoc,2021-03-03,12,2922,6,370,6,2552,0,0,2,500,10,1211,2,1711,California
Modoc,2021-03-04,175,3097,0,370,175,2727,0,0,147,619,28,1239,147,1858,California
Modoc,2021-03-05,3,3100,2,372,1,2728,0,0,2,620,1,1240,2,1860,California
Modoc,2021-03-06,11,3111,0,372,1,2729,10,10,1,621,10,1250,11,1871,California
Modoc,2021-03-07,8,3119,2,374,0,2729,6,16,2,623,6,1256,8,1879,California
Modoc,2021-03-08,9,3128,1,375,4,2733,4,20,1,621,7,1263,5,1884,California
Modoc,2021-03-09,127,3255,10,385,109,2842,8,28,61,624,66,1329,69,1953,California
Modoc,2021-03-10,9,3264,3,388,2,2844,4,32,4,627,5,1334,8,1961,California
Modoc,2021-03-11,208,3472,0,388,99,2943,109,141,22,572,186,1520,131,2092,California
Modoc,2021-03-12,10,3482,1,389,4,2947,5,146,4,575,6,1526,9,2101,California
Modoc,2021-03-13,4,3486,0,389,1,2948,3,149,1,576,3,1529,4,2105,California
Modoc,2021-03-15,14,3500,0,389,13,2961,1,150,12,587,2,1531,13,2118,California
Modoc,2021-03-16,173,3673,1,390,168,3129,4,154,42,501,131,1662,45,2163,California
Modoc,2021-03-17,11,3684,2,392,4,3133,5,159,2,499,9,1671,7,2170,California
Modoc,2021-03-18,67,3751,2,394,58,3191,7,166,36,511,31,1702,43,2213,California
Modoc,2021-03-19,5,3756,0,394,0,3191,5,171,0,511,5,1707,5,2218,California
Modoc,2021-03-20,5,3761,2,396,0,3191,3,174,0,509,5,1712,3,2221,California
Modoc,2021-03-21,3,3764,1,397,0,3191,2,176,1,510,2,1714,3,2224,California
Modoc,2021-03-22,17,3781,1,398,11,3202,5,181,12,522,5,1719,17,2241,California
Modoc,2021-03-23,58,3839,7,405,48,3250,3,184,42,551,16,1735,45,2286,California
Modoc,2021-03-24,29,3868,1,406,18,3268,10,194,1,534,28,1763,11,2297,California
Modoc,2021-03-25,79,3947,3,409,74,3342,2,196,47,551,32,1795,49,2346,California
Modoc,2021-03-26,8,3955,3,412,2,3344,3,199,3,552,5,1800,6,2352,California
Modoc,2021-03-27,2,3957,0,412,1,3345,1,200,1,553,1,1801,2,2354,California
Modoc,2021-03-28,1,3958,1,413,0,3345,0,200,0,552,1,1802,0,2354,California
Modoc,2021-03-29,15,3973,1,414,6,3351,8,208,6,557,9,1811,14,2368,California
Modoc,2021-03-30,54,4027,9,423,39,3390,6,214,21,551,33,1844,27,2395,California
Modoc,2021-03-31,10,4037,3,426,3,3393,4,218,4,553,6,1850,8,2403,California
Modoc,2021-04-01,169,4206,2,428,162,3555,5,223,34,457,135,1985,39,2442,California
Modoc,2021-04-02,5,4211,0,428,2,3557,3,226,1,458,3,1988,4,2446,California
Modoc,2021-04-03,4,4215,1,429,0,3557,3,229,1,459,2,1990,3,2449,California
Modoc,2021-04-05,10,4225,0,429,9,3566,1,230,9,468,1,1991,10,2459,California
Modoc,2021-04-06,23,4248,5,434,8,3574,10,240,5,465,18,2009,15,2474,California
Modoc,2021-04-07,12,4260,1,435,4,3578,7,247,3,466,9,2018,10,2484,California
Modoc,2021-04-08,96,4356,1,436,92,3670,3,250,26,425,70,2088,29,2513,California
Modoc,2021-04-09,11,4367,2,438,6,3676,3,253,2,420,9,2097,4,2517,California
Modoc,2021-04-10,5,4372,0,438,1,3677,4,257,0,419,5,2102,4,2521,California
Modoc,2021-04-11,2,4374,2,440,0,3677,0,257,1,419,1,2103,1,2522,California
Modoc,2021-04-12,14,4388,0,440,10,3687,4,261,1,413,11,2114,5,2527,California
Modoc,2021-04-13,34,4422,30,470,4,3691,0,261,22,423,12,2126,22,2549,California
Modoc,2021-04-14,2,4424,2,472,0,3691,0,261,1,423,1,2127,1,2550,California
Modoc,2021-04-15,102,4526,0,472,102,3793,0,261,29,379,73,2200,29,2579,California
Modoc,2021-04-16,6,4532,4,476,2,3795,0,261,5,383,1,2201,5,2584,California
Modoc,2021-04-17,2,4534,2,478,0,3795,0,261,2,385,0,2201,2,2586,California
Modoc,2021-04-18,1,4535,0,478,1,3796,0,261,1,386,0,2201,1,2587,California
Modoc,2021-04-19,6,4541,0,478,6,3802,0,261,1,382,5,2206,1,2588,California
Modoc,2021-04-20,43,4584,2,480,41,3843,0,261,9,357,34,2240,9,2597,California
Modoc,2021-04-21,3,4587,3,483,0,3843,0,261,1,356,2,2242,1,2598,California
Modoc,2021-04-22,97,4684,3,486,94,3937,0,261,38,335,59,2301,38,2636,California
Modoc,2021-04-23,4,4688,0,486,4,3941,0,261,3,337,1,2302,3,2639,California
Modoc,2021-04-24,2,4690,0,486,1,3942,1,262,1,338,1,2303,2,2641,California
Modoc,2021-04-25,1,4691,1,487,0,3942,0,262,1,339,0,2303,1,2642,California
Modoc,2021-04-26,8,4699,0,487,8,3950,0,262,2,335,6,2309,2,2644,California
Modoc,2021-04-27,6,4705,5,492,0,3950,1,263,1,332,5,2314,2,2646,California
Modoc,2021-04-28,6,4711,1,493,4,3954,1,264,2,331,4,2318,3,2649,California
Modoc,2021-04-29,66,4777,1,494,65,4019,0,264,21,307,45,2363,21,2670,California
Modoc,2021-04-30,3,4780,2,496,1,4020,0,264,1,306,2,2365,1,2671,California
Modoc,2021-05-01,1,4781,1,497,0,4020,0,264,0,305,1,2366,0,2671,California
Modoc,2021-05-02,4,4785,3,500,1,4021,0,264,3,307,1,2367,3,2674,California
Modoc,2021-05-03,14,4799,0,500,13,4034,1,265,4,302,10,2377,5,2679,California
Modoc,2021-05-04,9,4808,3,503,4,4038,2,267,4,303,5,2382,6,2685,California
Modoc,2021-05-05,28,4836,25,528,2,4040,1,268,8,292,20,2402,9,2694,California
Modoc,2021-05-06,55,4891,3,531,50,4090,2,270,21,281,34,2436,23,2717,California
Modoc,2021-05-07,8,4899,3,534,3,4093,2,272,2,279,6,2442,4,2721,California
Modoc,2021-05-08,3,4902,2,536,0,4093,1,273,1,279,2,2444,2,2723,California
Modoc,2021-05-09,1,4903,1,537,0,4093,0,273,0,278,1,2445,0,2723,California
Modoc,2021-05-10,2,4905,0,537,1,4094,1,274,1,279,1,2446,2,2725,California
Modoc,2021-05-11,3,4908,2,539,0,4094,1,275,0,277,3,2449,1,2726,California
Modoc,2021-05-12,3,4911,0,539,0,4094,3,278,0,277,3,2452,3,2729,California
Modoc,2021-05-13,44,4955,0,539,40,4134,4,282,14,265,30,2482,18,2747,California
Modoc,2021-05-14,9,4964,3,542,1,4135,5,287,4,269,5,2487,9,2756,California
Modoc,2021-05-15,4,4968,3,545,1,4136,0,287,4,273,0,2487,4,2760,California
Modoc,2021-05-16,2,4970,1,546,1,4137,0,287,0,271,2,2489,0,2760,California
Modoc,2021-05-17,7,4977,3,549,4,4141,0,287,4,272,3,2492,4,2764,California
Modoc,2021-05-18,26,5003,13,562,11,4152,2,289,14,276,12,2504,16,2780,California
Modoc,2021-05-19,8,5011,1,563,3,4155,4,293,4,280,4,2508,8,2788,California
Modoc,2021-05-20,58,5069,3,566,46,4201,9,302,8,247,50,2558,17,2805,California
Modoc,2021-05-21,5,5074,3,569,1,4202,1,303,2,247,3,2561,3,2808,California
Modoc,2021-05-22,2,5076,2,571,0,4202,0,303,1,247,1,2562,1,2809,California
Modoc,2021-05-23,2,5078,2,573,0,4202,0,303,0,245,2,2564,0,2809,California
Modoc,2021-05-24,4,5082,1,574,1,4203,2,305,2,247,2,2566,4,2813,California
Modoc,2021-05-25,2,5084,1,575,1,4204,0,305,1,247,1,2567,1,2814,California
Modoc,2021-05-26,35,5119,32,607,3,4207,0,305,25,263,10,2577,26,2840,California
Modoc,2021-05-27,31,5150,3,610,22,4229,6,311,8,254,23,2600,14,2854,California
Modoc,2021-05-28,8,5158,1,611,4,4233,3,314,3,255,5,2605,6,2860,California
Modoc,2021-05-29,1,5159,1,612,0,4233,0,314,0,254,1,2606,0,2860,California
Modoc,2021-06-01,7,5166,0,612,6,4239,1,315,2,252,5,2611,3,2863,California
Modoc,2021-06-02,11,5177,0,612,9,4248,2,317,5,253,6,2617,7,2870,California
Modoc,2021-06-03,24,5201,1,613,21,4269,2,319,4,239,20,2637,6,2876,California
Modoc,2021-06-04,5,5206,3,616,1,4270,1,320,0,235,5,2642,1,2877,California
Modoc,2021-06-05,1,5207,0,616,1,4271,0,320,0,234,1,2643,0,2877,California
Modoc,2021-06-07,4,5211,4,620,0,4271,0,320,1,232,3,2646,1,2878,California
Modoc,2021-06-08,26,5237,7,627,18,4289,1,321,19,245,7,2653,20,2898,California
Modoc,2021-06-09,3,5240,2,629,1,4290,0,321,2,246,1,2654,2,2900,California
Modoc,2021-06-10,20,5260,1,630,18,4308,1,322,7,241,13,2667,8,2908,California
Modoc,2021-06-11,5,5265,2,632,3,4311,0,322,4,244,1,2668,4,2912,California
Modoc,2021-06-12,1,5266,1,633,0,4311,0,322,0,243,1,2669,0,2912,California
Mono,2020-12-18,1,1,1,1,0,0,0,0,1,1,0,0,1,1,California
Mono,2020-12-19,5,6,5,6,0,0,0,0,5,6,0,0,5,6,California
Mono,2020-12-20,7,13,7,13,0,0,0,0,7,13,0,0,7,13,California
Mono,2020-12-21,24,37,17,30,7,7,0,0,24,37,0,0,24,37,California
Mono,2020-12-22,68,105,67,97,1,8,0,0,68,105,0,0,68,105,California
Mono,2020-12-23,73,178,45,142,28,36,0,0,73,178,0,0,73,178,California
Mono,2020-12-24,3,181,1,143,2,38,0,0,3,181,0,0,3,181,California
Mono,2020-12-26,3,184,3,146,0,38,0,0,3,184,0,0,3,184,California
Mono,2020-12-27,1,185,0,146,1,39,0,0,1,185,0,0,1,185,California
Mono,2020-12-28,93,278,62,208,31,70,0,0,93,278,0,0,93,278,California
Mono,2020-12-29,28,306,28,236,0,70,0,0,28,306,0,0,28,306,California
Mono,2020-12-30,77,383,36,272,41,111,0,0,77,383,0,0,77,383,California
Mono,2020-12-31,4,387,1,273,3,114,0,0,4,387,0,0,4,387,California
Mono,2021-01-01,4,391,4,277,0,114,0,0,4,391,0,0,4,391,California
Mono,2021-01-02,2,393,2,279,0,114,0,0,2,393,0,0,2,393,California
Mono,2021-01-04,2,395,0,279,2,116,0,0,2,395,0,0,2,395,California
Mono,2021-01-05,45,440,2,281,43,159,0,0,44,438,1,1,44,439,California
Mono,2021-01-06,51,491,0,281,51,210,0,0,51,489,0,1,51,490,California
Mono,2021-01-07,55,546,3,284,52,262,0,0,53,541,2,3,54,544,California
Mono,2021-01-08,2,548,1,285,1,263,0,0,1,541,1,4,1,545,California
Mono,2021-01-09,4,552,4,289,0,263,0,0,0,537,4,8,0,545,California
Mono,2021-01-10,5,557,5,294,0,263,0,0,0,532,5,13,0,545,California
Mono,2021-01-11,8,565,5,299,3,266,0,0,4,532,4,17,4,549,California
Mono,2021-01-12,286,851,78,377,208,474,0,0,220,687,65,82,220,769,California
Mono,2021-01-13,235,1086,74,451,161,635,0,0,179,810,56,138,179,948,California
Mono,2021-01-14,75,1161,72,523,3,638,0,0,74,883,1,139,74,1022,California
Mono,2021-01-15,70,1231,2,525,68,706,0,0,70,953,0,139,70,1092,California
Mono,2021-01-16,4,1235,3,528,1,707,0,0,1,951,3,142,1,1093,California
Mono,2021-01-18,63,1298,54,582,9,716,0,0,2,892,61,203,2,1095,California
Mono,2021-01-19,211,1509,209,791,2,718,0,0,173,1028,38,241,174,1269,California
Mono,2021-01-20,231,1740,199,990,32,750,0,0,171,1139,60,301,171,1440,California
Mono,2021-01-21,6,1746,3,993,3,753,0,0,6,1145,0,301,6,1446,California
Mono,2021-01-22,5,1751,0,993,5,758,0,0,5,1150,0,301,5,1451,California
Mono,2021-01-23,597,2348,597,1590,0,758,0,0,596,1745,1,302,596,2047,California
Mono,2021-01-24,1,2349,0,1590,1,759,0,0,0,1744,1,303,0,2047,California
Mono,2021-01-25,204,2553,166,1756,38,797,0,0,165,1870,39,342,165,2212,California
Mono,2021-01-26,510,3063,508,2264,2,799,0,0,504,2368,6,348,504,2716,California
Mono,2021-01-27,5,3068,1,2265,4,803,0,0,5,2373,0,348,5,2721,California
Mono,2021-01-28,6,3074,2,2267,4,807,0,0,2,2371,4,352,2,2723,California
Mono,2021-01-30,200,3274,198,2465,2,809,0,0,199,2569,1,353,199,2922,California
Mono,2021-01-31,249,3523,138,2603,111,920,0,0,139,2598,110,463,139,3061,California
Mono,2021-02-01,27,3550,27,2630,0,920,0,0,0,2571,27,490,0,3061,California
Mono,2021-02-02,5,3555,0,2630,5,925,0,0,2,2570,3,493,2,3063,California
Mono,2021-02-03,5,3560,2,2632,3,928,0,0,2,2569,3,496,2,3065,California
Mono,2021-02-04,212,3772,158,2790,54,982,0,0,91,2540,120,616,91,3156,California
Mono,2021-02-05,623,4395,617,3407,6,988,0,0,620,3157,3,619,620,3776,California
Mono,2021-02-06,138,4533,137,3544,1,989,0,0,137,3293,1,620,137,3913,California
Mono,2021-02-07,2,4535,0,3544,2,991,0,0,2,3295,0,620,2,3915,California
Mono,2021-02-08,174,4709,173,3717,1,992,0,0,16,3154,157,777,16,3931,California
Mono,2021-02-09,227,4936,6,3723,221,1213,0,0,14,2955,213,990,14,3945,California
Mono,2021-02-10,536,5472,187,3910,349,1562,0,0,192,2804,344,1334,193,4138,California
Mono,2021-02-11,8,5480,4,3914,4,1566,0,0,2,2800,6,1340,2,4140,California
Mono,2021-02-12,94,5574,22,3936,72,1638,0,0,28,2762,66,1406,28,4168,California
Mono,2021-02-13,591,6165,591,4527,0,1638,0,0,27,2226,563,1969,27,4195,California
Mono,2021-02-15,168,6333,166,4693,2,1640,0,0,3,2066,163,2132,3,4198,California
Mono,2021-02-16,523,6856,519,5212,4,1644,0,0,46,1638,474,2606,46,4244,California
Mono,2021-02-17,6,6862,2,5214,4,1648,0,0,2,1636,4,2610,2,4246,California
Mono,2021-02-18,6,6868,2,5216,4,1652,0,0,2,1634,4,2614,2,4248,California
Mono,2021-02-19,54,6922,53,5269,1,1653,0,0,54,1688,0,2614,54,4302,California
Mono,2021-02-20,5,6927,5,5274,0,1653,0,0,5,1693,0,2614,5,4307,California
Mono,2021-02-21,8,6935,8,5282,0,1653,0,0,6,1697,2,2616,6,4313,California
Mono,2021-02-22,283,7218,282,5564,1,1654,0,0,24,1463,258,2874,24,4337,California
Mono,2021-02-23,142,7360,119,5683,23,1677,0,0,26,1373,116,2990,26,4363,California
Mono,2021-02-24,12,7372,3,5686,9,1686,0,0,4,1369,8,2998,4,4367,California
Mono,2021-02-25,5,7377,2,5688,3,1689,0,0,3,1371,1,2999,3,4370,California
Mono,2021-02-26,604,7981,602,6290,2,1691,0,0,20,808,583,3582,20,4390,California
Mono,2021-02-27,141,8122,137,6427,4,1695,0,0,4,677,135,3717,4,4394,California
Mono,2021-02-28,1,8123,0,6427,0,1695,1,1,0,677,1,3718,1,4395,California
Mono,2021-03-01,2,8125,2,6429,0,1695,0,1,1,678,0,3718,1,4396,California
Mono,2021-03-02,8,8133,4,6433,4,1699,0,1,6,682,2,3720,6,4402,California
Mono,2021-03-03,114,8247,3,6436,111,1810,0,1,110,789,3,3723,110,4512,California
Mono,2021-03-04,6,8253,1,6437,5,1815,0,1,3,789,3,3726,3,4515,California
Mono,2021-03-05,40,8293,30,6467,10,1825,0,1,13,775,27,3753,13,4528,California
Mono,2021-03-06,518,8811,18,6485,500,2325,0,1,509,1278,7,3760,510,5038,California
Mono,2021-03-07,1,8812,0,6485,1,2326,0,1,0,1277,1,3761,0,5038,California
Mono,2021-03-08,547,9359,11,6496,533,2859,3,4,537,1807,10,3771,540,5578,California
Mono,2021-03-09,6,9365,2,6498,3,2862,1,5,3,1809,2,3773,4,5582,California
Mono,2021-03-10,285,9650,90,6588,192,3054,3,8,9,1548,273,4046,12,5594,California
Mono,2021-03-11,10,9660,0,6588,1,3055,9,17,0,1547,10,4056,9,5603,California
Mono,2021-03-12,7,9667,1,6589,1,3056,5,22,0,1545,7,4063,5,5608,California
Mono,2021-03-13,837,10504,396,6985,440,3496,1,23,826,2361,11,4074,827,6435,California
Mono,2021-03-14,6,10510,6,6991,0,3496,0,23,1,2357,5,4079,1,6436,California
Mono,2021-03-15,31,10541,23,7014,3,3499,5,28,14,2360,16,4095,19,6455,California
Mono,2021-03-16,17,10558,6,7020,5,3504,6,34,8,2365,9,4104,14,6469,California
Mono,2021-03-17,32,10590,4,7024,20,3524,8,42,20,2381,12,4116,28,6497,California
Mono,2021-03-18,21,10611,2,7026,11,3535,8,50,9,2386,12,4128,17,6514,California
Mono,2021-03-19,21,10632,1,7027,17,3552,3,53,17,2403,3,4131,20,6534,California
Mono,2021-03-20,5,10637,3,7030,1,3553,1,54,4,2407,1,4132,5,6539,California
Mono,2021-03-22,11,10648,0,7030,6,3559,5,59,5,2411,6,4138,10,6549,California
Mono,2021-03-23,45,10693,6,7036,34,3593,5,64,17,2405,28,4166,22,6571,California
Mono,2021-03-24,13,10706,1,7037,7,3600,5,69,5,2407,8,4174,10,6581,California
Mono,2021-03-25,18,10724,2,7039,12,3612,4,73,12,2417,6,4180,16,6597,California
Mono,2021-03-26,19,10743,3,7042,11,3623,5,78,10,2424,8,4188,15,6612,California
Mono,2021-03-27,361,11104,358,7400,3,3626,0,78,335,2733,26,4214,335,6947,California
Mono,2021-03-29,11,11115,3,7403,7,3633,1,79,9,2741,2,4216,10,6957,California
Mono,2021-03-30,14,11129,0,7403,10,3643,4,83,7,2745,7,4223,11,6968,California
Mono,2021-03-31,136,11265,8,7411,127,3770,1,84,24,2659,111,4334,25,6993,California
Mono,2021-04-01,8,11273,0,7411,8,3778,0,84,4,2659,4,4338,4,6997,California
Mono,2021-04-02,19,11292,2,7413,17,3795,0,84,8,2656,11,4349,8,7005,California
Mono,2021-04-03,885,12177,381,7794,504,4299,0,84,51,1875,832,5181,51,7056,California
Mono,2021-04-04,1,12178,1,7795,0,4299,0,84,0,1874,1,5182,0,7056,California
Mono,2021-04-05,544,12722,19,7814,524,4823,1,85,35,1402,508,5690,36,7092,California
Mono,2021-04-06,19,12741,1,7815,5,4828,13,98,1,1398,18,5708,14,7106,California
Mono,2021-04-07,23,12764,2,7817,2,4830,19,117,2,1398,21,5729,21,7127,California
Mono,2021-04-08,24,12788,4,7821,2,4832,18,135,5,1402,19,5748,23,7150,California
Mono,2021-04-09,38,12826,5,7826,4,4836,29,164,8,1409,30,5778,37,7187,California
Mono,2021-04-10,457,13283,2,7828,448,5284,7,171,31,1021,426,6204,38,7225,California
Mono,2021-04-12,6,13289,0,7828,3,5287,3,174,3,1024,3,6207,6,7231,California
Mono,2021-04-13,20,13309,2,7830,17,5304,1,175,14,1033,6,6213,15,7246,California
Mono,2021-04-14,25,13334,1,7831,24,5328,0,175,7,1022,18,6231,7,7253,California
Mono,2021-04-15,20,13354,5,7836,15,5343,0,175,11,1024,9,6240,11,7264,California
Mono,2021-04-16,17,13371,1,7837,16,5359,0,175,6,1019,11,6251,6,7270,California
Mono,2021-04-17,51,13422,2,7839,49,5408,0,175,44,1056,7,6258,44,7314,California
Mono,2021-04-18,1,13423,0,7839,1,5409,0,175,1,1057,0,6258,1,7315,California
Mono,2021-04-19,537,13960,326,8165,211,5620,0,175,204,930,331,6589,204,7519,California
Mono,2021-04-20,15,13975,2,8167,13,5633,0,175,10,935,5,6594,10,7529,California
Mono,2021-04-21,8,13983,1,8168,7,5640,0,175,2,931,6,6600,2,7531,California
Mono,2021-04-22,25,14008,11,8179,14,5654,0,175,11,928,14,6614,11,7542,California
Mono,2021-04-23,22,14030,2,8181,20,5674,0,175,12,930,10,6624,12,7554,California
Mono,2021-04-24,36,14066,22,8203,14,5688,0,175,21,936,15,6639,21,7575,California
Mono,2021-04-25,5,14071,4,8207,1,5689,0,175,5,941,0,6639,5,7580,California
Mono,2021-04-26,13,14084,2,8209,11,5700,0,175,3,934,10,6649,3,7583,California
Mono,2021-04-27,67,14151,41,8250,19,5719,7,182,51,976,16,6665,58,7641,California
Mono,2021-04-28,64,14215,40,8290,19,5738,5,187,48,1015,14,6679,53,7694,California
Mono,2021-04-29,10,14225,3,8293,4,5742,3,190,3,1014,7,6686,6,7700,California
Mono,2021-04-30,18,14243,3,8296,12,5754,3,193,8,1015,10,6696,11,7711,California
Mono,2021-05-01,109,14352,4,8300,105,5859,0,193,97,1100,12,6708,97,7808,California
Mono,2021-05-02,2,14354,2,8302,0,5859,0,193,1,1100,1,6709,1,7809,California
Mono,2021-05-03,1,14355,0,8302,1,5860,0,193,0,1099,1,6710,0,7809,California
Mono,2021-05-04,18,14373,0,8302,13,5873,5,198,10,1106,8,6718,15,7824,California
Mono,2021-05-05,52,14425,8,8310,40,5913,4,202,45,1148,7,6725,49,7873,California
Mono,2021-05-06,12,14437,2,8312,9,5922,1,203,8,1153,4,6729,9,7882,California
Mono,2021-05-07,29,14466,22,8334,7,5929,0,203,25,1174,4,6733,25,7907,California
Mono,2021-05-08,52,14518,7,8341,45,5974,0,203,22,1166,30,6763,22,7929,California
Mono,2021-05-09,1,14519,1,8342,0,5974,0,203,0,1166,0,6763,0,7929,California
Mono,2021-05-10,17,14536,1,8343,12,5986,4,207,9,1171,8,6771,13,7942,California
Mono,2021-05-11,16,14552,2,8345,11,5997,3,210,5,1168,11,6782,8,7950,California
Mono,2021-05-12,12,14564,0,8345,11,6008,1,211,4,1165,8,6790,5,7955,California
Mono,2021-05-13,47,14611,31,8376,15,6023,1,212,38,1195,9,6799,39,7994,California
Mono,2021-05-14,10,14621,1,8377,8,6031,1,213,5,1196,5,6804,6,8000,California
Mono,2021-05-15,70,14691,28,8405,35,6066,7,220,20,1173,50,6854,27,8027,California
Mono,2021-05-16,5,14696,4,8409,1,6067,0,220,2,1172,3,6857,2,8029,California
Mono,2021-05-17,251,14947,34,8443,210,6277,7,227,54,1038,196,7053,62,8091,California
Mono,2021-05-18,133,15080,109,8552,23,6300,1,228,87,1080,46,7099,88,8179,California
Mono,2021-05-19,118,15198,112,8664,1,6301,5,233,75,1117,43,7142,80,8259,California
Mono,2021-05-20,70,15268,55,8719,10,6311,5,238,53,1158,17,7159,58,8317,California
Mono,2021-05-21,24,15292,4,8723,17,6328,3,241,11,1159,13,7172,14,8331,California
Mono,2021-05-22,21,15313,11,8734,8,6336,2,243,15,1170,6,7178,17,8348,California
Mono,2021-05-23,2,15315,0,8734,2,6338,0,243,1,1170,1,7179,1,8349,California
Mono,2021-05-24,16,15331,2,8736,13,6351,1,244,9,1174,7,7186,11,8360,California
Mono,2021-05-25,14,15345,5,8741,9,6360,0,244,7,1174,7,7193,7,8367,California
Mono,2021-05-26,18,15363,2,8743,15,6375,1,245,7,1171,11,7204,8,8375,California
Mono,2021-05-27,9,15372,0,8743,9,6384,0,245,6,1175,2,7206,6,8381,California
Mono,2021-05-28,41,15413,28,8771,13,6397,0,245,10,1154,31,7237,10,8391,California
Mono,2021-05-29,129,15542,27,8798,99,6496,3,248,31,1090,98,7335,34,8425,California
Mono,2021-06-01,15,15557,7,8805,8,6504,0,248,8,1091,7,7342,8,8433,California
Mono,2021-06-02,47,15604,3,8808,44,6548,0,248,10,1064,37,7379,10,8443,California
Mono,2021-06-03,10,15614,1,8809,7,6555,2,250,1,1058,9,7388,3,8446,California
Mono,2021-06-04,13,15627,2,8811,10,6565,1,251,4,1054,9,7397,5,8451,California
Mono,2021-06-05,42,15669,23,8834,19,6584,0,251,5,1022,37,7434,5,8456,California
Mono,2021-06-06,1,15670,0,8834,1,6585,0,251,0,1021,1,7435,0,8456,California
Mono,2021-06-07,99,15769,87,8921,8,6593,4,255,12,950,87,7522,16,8472,California
Mono,2021-06-08,110,15879,100,9021,8,6601,2,257,11,864,99,7621,13,8485,California
Mono,2021-06-09,6,15885,3,9024,3,6604,0,257,1,860,5,7626,1,8486,California
Mono,2021-06-11,71,15956,61,9085,5,6609,5,262,6,806,65,7691,11,8497,California
Monterey,2020-12-16,6,6,6,6,0,0,0,0,6,6,0,0,6,6,California
Monterey,2020-12-17,89,95,89,95,0,0,0,0,89,95,0,0,89,95,California
Monterey,2020-12-18,492,587,492,587,0,0,0,0,492,587,0,0,492,587,California
Monterey,2020-12-19,582,1169,581,1168,1,1,0,0,581,1168,0,0,581,1168,California
Monterey,2020-12-20,422,1591,422,1590,0,1,0,0,422,1590,0,0,422,1590,California
Monterey,2020-12-21,726,2317,726,2316,0,1,0,0,726,2316,0,0,726,2316,California
Monterey,2020-12-22,544,2861,531,2847,13,14,0,0,544,2860,0,0,544,2860,California
Monterey,2020-12-23,445,3306,266,3113,179,193,0,0,445,3305,0,0,445,3305,California
Monterey,2020-12-24,86,3392,10,3123,76,269,0,0,86,3391,0,0,86,3391,California
Monterey,2020-12-25,6,3398,0,3123,6,275,0,0,6,3397,0,0,6,3397,California
Monterey,2020-12-26,92,3490,5,3128,87,362,0,0,92,3489,0,0,92,3489,California
Monterey,2020-12-27,6,3496,3,3131,3,365,0,0,6,3495,0,0,6,3495,California
Monterey,2020-12-28,488,3984,26,3157,462,827,0,0,488,3983,0,0,488,3983,California
Monterey,2020-12-29,911,4895,168,3325,743,1570,0,0,911,4894,0,0,911,4894,California
Monterey,2020-12-30,575,5470,100,3425,475,2045,0,0,575,5469,0,0,575,5469,California
Monterey,2020-12-31,33,5503,11,3436,22,2067,0,0,33,5502,0,0,33,5502,California
Monterey,2021-01-01,13,5516,3,3439,10,2077,0,0,13,5515,0,0,13,5515,California
Monterey,2021-01-02,138,5654,135,3574,3,2080,0,0,138,5653,0,0,138,5653,California
Monterey,2021-01-03,31,5685,30,3604,1,2081,0,0,31,5684,0,0,31,5684,California
Monterey,2021-01-04,416,6101,20,3624,396,2477,0,0,416,6100,0,0,416,6100,California
Monterey,2021-01-05,765,6866,335,3959,430,2907,0,0,751,6837,14,14,751,6851,California
Monterey,2021-01-06,669,7535,180,4139,489,3396,0,0,644,7456,25,39,644,7495,California
Monterey,2021-01-07,757,8292,577,4716,180,3576,0,0,429,7559,326,365,429,7924,California
Monterey,2021-01-08,1109,9401,747,5463,362,3938,0,0,403,7256,706,1071,403,8327,California
Monterey,2021-01-09,971,10372,935,6398,36,3974,0,0,319,6925,650,1721,319,8646,California
Monterey,2021-01-10,274,10646,272,6670,2,3976,0,0,8,6667,266,1987,8,8654,California
Monterey,2021-01-11,1078,11724,992,7662,86,4062,0,0,369,6327,709,2696,369,9023,California
Monterey,2021-01-12,480,12204,397,8059,83,4145,0,0,216,6279,264,2960,216,9239,California
Monterey,2021-01-13,1225,13429,593,8652,632,4777,0,0,1180,7414,45,3005,1180,10419,California
Monterey,2021-01-14,1133,14562,169,8821,964,5741,0,0,1114,8513,19,3024,1118,11537,California
Monterey,2021-01-15,1075,15637,45,8866,1030,6771,0,0,1063,9564,12,3036,1063,12600,California
Monterey,2021-01-16,367,16004,303,9169,64,6835,0,0,362,9921,5,3041,362,12962,California
Monterey,2021-01-17,312,16316,292,9461,20,6855,0,0,300,10209,12,3053,300,13262,California
Monterey,2021-01-18,412,16728,50,9511,362,7217,0,0,389,10575,23,3076,389,13651,California
Monterey,2021-01-19,587,17315,398,9909,189,7406,0,0,425,10840,160,3236,425,14076,California
Monterey,2021-01-20,556,17871,271,10180,285,7691,0,0,344,10972,212,3448,344,14420,California
Monterey,2021-01-21,891,18762,95,10275,796,8487,0,0,778,11641,113,3561,782,15202,California
Monterey,2021-01-22,1076,19838,201,10476,875,9362,0,0,1035,12635,41,3602,1035,16237,California
Monterey,2021-01-23,248,20086,176,10652,72,9434,0,0,123,12636,124,3726,125,16362,California
Monterey,2021-01-24,57,20143,38,10690,19,9453,0,0,23,12625,34,3760,23,16385,California
Monterey,2021-01-25,839,20982,182,10872,657,10110,0,0,200,12193,632,4392,200,16585,California
Monterey,2021-01-26,982,21964,230,11102,752,10862,0,0,274,11759,708,5100,274,16859,California
Monterey,2021-01-27,901,22865,314,11416,587,11449,0,0,413,11684,488,5588,413,17272,California
Monterey,2021-01-28,2066,24931,746,12162,1320,12769,0,0,1718,13056,348,5936,1720,18992,California
Monterey,2021-01-29,1304,26235,718,12880,586,13355,0,0,1185,14125,118,6054,1187,20179,California
Monterey,2021-01-30,486,26721,298,13178,188,13543,0,0,229,14097,257,6311,229,20408,California
Monterey,2021-01-31,509,27230,82,13260,427,13970,0,0,498,14585,11,6322,499,20907,California
Monterey,2021-02-01,1670,28900,1156,14416,514,14484,0,0,1101,15118,568,6890,1101,22008,California
Monterey,2021-02-02,2193,31093,463,14879,1730,16214,0,0,1580,16086,612,7502,1580,23588,California
Monterey,2021-02-03,2374,33467,1074,15953,1300,17514,0,0,1591,16898,779,8281,1591,25179,California
Monterey,2021-02-04,2829,36296,2103,18056,726,18240,0,0,2515,19102,311,8592,2515,27694,California
Monterey,2021-02-05,3724,40020,2868,20924,856,19096,0,0,3281,21945,438,9030,3281,30975,California
Monterey,2021-02-06,1132,41152,381,21305,751,19847,0,0,780,22375,350,9380,780,31755,California
Monterey,2021-02-07,324,41476,269,21574,55,19902,0,0,106,22263,218,9598,106,31861,California
Monterey,2021-02-08,533,42009,293,21867,240,20142,0,0,437,22604,96,9694,437,32298,California
Monterey,2021-02-09,915,42924,704,22571,211,20353,0,0,600,22891,315,10009,602,32900,California
Monterey,2021-02-10,2134,45058,1118,23689,1016,21369,0,0,1275,23309,859,10868,1277,34177,California
Monterey,2021-02-11,2531,47589,976,24665,1555,22924,0,0,1563,23908,966,11834,1565,35742,California
Monterey,2021-02-12,2641,50230,436,25101,2205,25129,0,0,1546,24361,1094,12928,1547,37289,California
Monterey,2021-02-13,1096,51326,47,25148,1049,26178,0,0,1005,25276,90,13018,1005,38294,California
Monterey,2021-02-14,623,51949,74,25222,549,26727,0,0,550,25753,73,13091,550,38844,California
Monterey,2021-02-15,1398,53347,166,25388,1232,27959,0,0,998,26354,398,13489,999,39843,California
Monterey,2021-02-16,1111,54458,247,25635,864,28823,0,0,882,27007,229,13718,882,40725,California
Monterey,2021-02-17,1997,56455,1184,26819,813,29636,0,0,1675,28365,319,14037,1677,42402,California
Monterey,2021-02-18,2283,58738,1183,28002,1100,30736,0,0,923,27944,1346,15383,925,43327,California
Monterey,2021-02-19,2985,61723,1547,29549,1438,32174,0,0,1373,27707,1611,16994,1374,44701,California
Monterey,2021-02-20,1089,62812,670,30219,419,32593,0,0,1025,28669,63,17057,1025,45726,California
Monterey,2021-02-21,1282,64094,1249,31468,33,32626,0,0,1202,29793,78,17135,1202,46928,California
Monterey,2021-02-22,1053,65147,890,32358,163,32789,0,0,665,30072,386,17521,665,47593,California
Monterey,2021-02-23,1007,66154,630,32988,377,33166,0,0,312,29691,694,18215,313,47906,California
Monterey,2021-02-24,2539,68693,1355,34343,1184,34350,0,0,1871,30900,663,18878,1872,49778,California
Monterey,2021-02-25,4491,73184,2460,36803,2031,36381,0,0,1520,29457,2964,21842,1521,51299,California
Monterey,2021-02-26,5349,78533,3111,39914,2238,38619,0,0,2651,29415,2695,24537,2653,53952,California
Monterey,2021-02-27,1060,79593,196,40110,864,39483,0,0,830,30020,225,24762,830,54782,California
Monterey,2021-02-28,1559,81152,87,40197,1472,40955,0,0,1087,30640,467,25229,1087,55869,California
Monterey,2021-03-01,1324,82476,169,40366,1152,42107,3,3,762,30849,557,25786,766,56635,California
Monterey,2021-03-02,2865,85341,1748,42114,1117,43224,0,3,1985,31958,876,26662,1985,58620,California
Monterey,2021-03-03,3259,88600,1252,43366,2007,45231,0,3,1308,31319,1948,28610,1309,59929,California
Monterey,2021-03-04,4680,93280,1492,44858,3188,48419,0,3,3032,32708,1643,30253,3032,62961,California
Monterey,2021-03-05,3706,96986,1633,46491,1795,50214,278,281,3028,35337,677,30930,3306,66267,California
Monterey,2021-03-06,5200,102186,1150,47641,3741,53955,309,590,4267,38981,930,31860,4574,70841,California
Monterey,2021-03-07,534,102720,106,47747,176,54131,252,842,232,39161,302,32162,482,71323,California
Monterey,2021-03-08,1676,104396,329,48076,959,55090,388,1230,1123,40117,553,32715,1509,72832,California
Monterey,2021-03-09,2025,106421,696,48772,1054,56144,275,1505,1517,41400,507,33222,1790,74622,California
Monterey,2021-03-10,3266,109687,1052,49824,1724,57868,490,1995,1504,41636,1758,34980,1994,76616,California
Monterey,2021-03-11,4216,113903,1421,51245,2418,60286,377,2372,2422,42647,1787,36767,2798,79414,California
Monterey,2021-03-12,4484,118387,2064,53309,2269,62555,151,2523,2764,43843,1717,38484,2913,82327,California
Monterey,2021-03-13,5399,123786,1018,54327,4031,66586,350,2873,4023,46841,1375,39859,4373,86700,California
Monterey,2021-03-14,2196,125982,1359,55686,812,67398,25,2898,591,45862,1595,41454,616,87316,California
Monterey,2021-03-15,4006,129988,1280,56966,2436,69834,290,3188,2290,46729,1712,43166,2579,89895,California
Monterey,2021-03-16,3574,133562,590,57556,2607,72441,377,3565,2140,47810,1432,44598,2513,92408,California
Monterey,2021-03-17,5940,139502,2417,59973,3266,75707,257,3822,4308,50755,1625,46223,4570,96978,California
Monterey,2021-03-18,4549,144051,2220,62193,2159,77866,170,3992,3155,52728,1389,47612,3362,100340,California
Monterey,2021-03-19,5556,149607,2584,64777,2817,80683,155,4147,4243,55819,1308,48920,4399,104739,California
Monterey,2021-03-20,3385,152992,434,65211,2257,82940,694,4841,2288,57708,1093,50013,2982,107721,California
Monterey,2021-03-21,644,153636,213,65424,422,83362,9,4850,568,58211,73,50086,576,108297,California
Monterey,2021-03-22,2515,156151,1456,66880,996,84358,63,4913,2292,60345,219,50305,2353,110650,California
Monterey,2021-03-23,4079,160230,2400,69280,1636,85994,43,4956,2591,61497,1482,51787,2634,113284,California
Monterey,2021-03-24,5220,165450,2196,71476,2706,88700,318,5274,3841,64277,1376,53163,4156,117440,California
Monterey,2021-03-25,5372,170822,1247,72723,3764,92464,361,5635,2698,64673,2664,55827,3060,120500,California
Monterey,2021-03-26,5529,176351,2665,75388,2786,95250,78,5713,2847,64929,2671,58498,2927,123427,California
Monterey,2021-03-27,4991,181342,1547,76935,3186,98436,258,5971,3170,66541,1818,60316,3430,126857,California
Monterey,2021-03-28,1134,182476,354,77289,771,99207,9,5980,638,66698,490,60806,647,127504,California
Monterey,2021-03-29,3265,185741,1438,78727,1813,101020,14,5994,2030,67520,1227,62033,2049,129553,California
Monterey,2021-03-30,4592,190333,2150,80877,2388,103408,54,6048,2804,68603,1778,63811,2861,132414,California
Monterey,2021-03-31,5529,195862,2477,83354,2252,105660,800,6848,3509,70886,2017,65828,4300,136714,California
Monterey,2021-04-01,6269,202131,2101,85455,3755,109415,413,7261,3158,71356,3096,68924,3566,140280,California
Monterey,2021-04-02,4786,206917,2229,87684,2485,111900,72,7333,3207,73063,1576,70500,3283,143563,California
Monterey,2021-04-03,6004,212921,1141,88825,3805,115705,1058,8391,1248,70615,4747,75247,2299,145862,California
Monterey,2021-04-04,786,213707,172,88997,601,116306,13,8404,504,70853,282,75529,520,146382,California
Monterey,2021-04-05,4045,217752,2498,91495,1310,117616,237,8641,1501,70050,2539,78068,1736,148118,California
Monterey,2021-04-06,3511,221263,1375,92870,1657,119273,479,9120,1211,69441,2297,80365,1688,149806,California
Monterey,2021-04-07,5736,226999,1417,94287,3795,123068,524,9644,2732,69699,2993,83358,3251,153057,California
Monterey,2021-04-08,6831,233830,3592,97879,2412,125480,827,10471,3384,70470,3441,86799,4212,157269,California
Monterey,2021-04-09,5832,239662,3476,101355,1709,127189,647,11118,2329,69942,3500,90299,2972,160241,California
Monterey,2021-04-10,10334,249996,5008,106363,3131,130320,2195,13313,5040,71890,5283,95582,7231,167472,California
Monterey,2021-04-11,5578,255574,4389,110752,577,130897,612,13925,4519,75962,1053,96635,5125,172597,California
Monterey,2021-04-12,4200,259774,1903,112655,1967,132864,330,14255,971,74173,3090,99725,1301,173898,California
Monterey,2021-04-13,3270,263044,757,113412,2508,135372,5,14260,1575,74078,1677,101402,1582,175480,California
Monterey,2021-04-14,6980,270024,3252,116664,3725,139097,3,14263,1892,70906,5068,106470,1896,177376,California
Monterey,2021-04-15,5977,276001,3946,120610,2031,141128,0,14263,3894,72748,2054,108524,3896,181272,California
Monterey,2021-04-16,4993,280994,2542,123152,2440,143568,11,14274,2330,72439,2651,111175,2342,183614,California
Monterey,2021-04-17,5810,286804,1375,124527,4435,148003,0,14274,3749,74141,2047,113222,3749,187363,California
Monterey,2021-04-18,856,287660,264,124791,592,148595,0,14274,240,73769,612,113834,240,187603,California
Monterey,2021-04-19,3767,291427,1307,126098,2460,151055,0,14274,1791,73592,1968,115802,1791,189394,California
Monterey,2021-04-20,3907,295334,1622,127720,2285,153340,0,14274,1600,72910,2283,118085,1601,190995,California
Monterey,2021-04-21,6081,301415,3289,131009,2792,156132,0,14274,2944,72756,3100,121185,2946,193941,California
Monterey,2021-04-22,4905,306320,1077,132086,3828,159960,0,14274,2028,71949,2835,124020,2028,195969,California
Monterey,2021-04-23,5694,312014,2657,134743,3036,162996,1,14275,2254,70788,3421,127441,2260,198229,California
Monterey,2021-04-24,4343,316357,598,135341,3745,166741,0,14275,1565,69594,2759,130200,1565,199794,California
Monterey,2021-04-25,1256,317613,625,135966,631,167372,0,14275,802,69952,444,130644,802,200596,California
Monterey,2021-04-26,3776,321389,2226,138192,1533,168905,17,14292,1002,68222,2749,133393,1019,201615,California
Monterey,2021-04-27,2908,324297,951,139143,1817,170722,140,14432,1248,67953,1656,135049,1387,203002,California
Monterey,2021-04-28,3705,328002,1422,140565,2130,172852,153,14585,2292,68994,1399,136448,2440,205442,California
Monterey,2021-04-29,4610,332612,2492,143057,2042,174894,76,14661,1691,67855,2907,139355,1768,207210,California
Monterey,2021-04-30,3232,335844,1673,144730,1484,176378,75,14736,820,66346,2402,141757,893,208103,California
Monterey,2021-05-01,5672,341516,4275,149005,1356,177734,41,14777,692,62118,4959,146716,731,208834,California
Monterey,2021-05-02,4400,345916,3969,152974,404,178138,27,14804,308,58375,4078,150794,335,209169,California
Monterey,2021-05-03,2562,348478,1583,154557,863,179001,116,14920,599,57137,1953,152747,715,209884,California
Monterey,2021-05-04,1842,350320,640,155197,1110,180111,92,15012,653,56708,1175,153922,746,210630,California
Monterey,2021-05-05,3391,353711,1246,156443,2059,182170,86,15098,1074,55563,2306,156228,1161,211791,California
Monterey,2021-05-06,4234,357945,2779,159222,1234,183404,221,15319,1143,53853,3074,159302,1364,213155,California
Monterey,2021-05-07,2048,359993,1022,160244,925,184329,101,15420,704,53321,1336,160638,804,213959,California
Monterey,2021-05-08,2626,362619,1389,161633,914,185243,323,15743,938,52904,1677,162315,1260,215219,California
Monterey,2021-05-09,404,363023,122,161755,256,185499,26,15769,145,52817,258,162573,171,215390,California
Monterey,2021-05-10,2819,365842,2073,163828,696,186195,50,15819,527,51114,2281,164854,578,215968,California
Monterey,2021-05-11,1893,367735,972,164800,841,187036,80,15899,775,50865,1105,165959,856,216824,California
Monterey,2021-05-12,3918,371653,2075,166875,1757,188793,86,15985,869,48786,3035,168994,956,217780,California
Monterey,2021-05-13,2622,374275,1536,168411,1030,189823,56,16041,1506,49242,1104,170098,1560,219340,California
Monterey,2021-05-14,1835,376110,539,168950,1195,191018,101,16142,729,48974,1097,171195,829,220169,California
Monterey,2021-05-15,3376,379486,828,169778,2281,193299,267,16409,955,47784,2408,173603,1218,221387,California
Monterey,2021-05-16,921,380407,563,170341,284,193583,74,16483,232,47406,683,174286,305,221692,California
Monterey,2021-05-17,2217,382624,1311,171652,826,194409,80,16563,1038,47357,1167,175453,1118,222810,California
Monterey,2021-05-18,1787,384411,713,172365,1028,195437,46,16609,827,47281,951,176404,875,223685,California
Monterey,2021-05-19,3679,388090,2384,174749,1206,196643,89,16698,1959,47618,1713,178117,2050,225735,California
Monterey,2021-05-20,2825,390915,1010,175759,1705,198348,110,16808,958,46836,1853,179970,1071,226806,California
Monterey,2021-05-21,3301,394216,1338,177097,1869,200217,94,16902,1038,45717,2250,182220,1131,227937,California
Monterey,2021-05-22,2139,396355,740,177837,1118,201335,281,17183,808,45482,1322,183542,1087,229024,California
Monterey,2021-05-23,842,397197,488,178325,338,201673,16,17199,483,45628,353,183895,499,229523,California
Monterey,2021-05-24,1684,398881,504,178829,1120,202793,60,17259,541,45091,1139,185034,602,230125,California
Monterey,2021-05-25,1459,400340,559,179388,831,203624,69,17328,572,44863,870,185904,642,230767,California
Monterey,2021-05-26,2713,403053,1055,180443,1604,205228,54,17382,1030,44283,1666,187570,1086,231853,California
Monterey,2021-05-27,2502,405555,1364,181807,1080,206308,58,17440,902,43661,1583,189153,961,232814,California
Monterey,2021-05-28,1741,407296,576,182383,1105,207413,60,17500,762,43516,968,190121,823,233637,California
Monterey,2021-05-29,982,408278,631,183014,321,207734,30,17530,412,43393,565,190686,442,234079,California
Monterey,2021-05-30,383,408661,164,183178,204,207938,15,17545,147,43320,235,190921,162,234241,California
Monterey,2021-05-31,185,408846,32,183210,144,208082,9,17554,53,43250,132,191053,62,234303,California
Monterey,2021-06-01,1733,410579,935,184145,665,208747,133,17687,549,42759,1169,192222,678,234981,California
Monterey,2021-06-02,1702,412281,981,185126,670,209417,51,17738,716,42545,981,193203,767,235748,California
Monterey,2021-06-03,2243,414524,1427,186553,780,210197,36,17774,570,41486,1664,194867,605,236353,California
Monterey,2021-06-04,1336,415860,696,187249,606,210803,34,17808,559,41309,770,195637,593,236946,California
Monterey,2021-06-05,1689,417549,852,188101,692,211495,145,17953,471,40715,1209,196846,615,237561,California
Monterey,2021-06-06,505,418054,419,188520,77,211572,9,17962,305,40829,199,197045,313,237874,California
Monterey,2021-06-07,935,418989,491,189011,401,211973,43,18005,396,40738,528,197573,437,238311,California
Monterey,2021-06-08,1181,420170,745,189756,412,212385,24,18029,423,40437,747,198320,446,238757,California
Monterey,2021-06-09,2610,422780,2036,191792,452,212837,122,18151,554,39060,2052,200372,675,239432,California
Monterey,2021-06-10,1180,423960,753,192545,367,213204,60,18211,422,38788,752,201124,480,239912,California
Monterey,2021-06-11,838,424798,410,192955,360,213564,68,18279,240,38501,592,201716,305,240217,California
Monterey,2021-06-12,220,425018,194,193149,22,213586,4,18283,160,38606,59,201775,164,240381,California
Napa,2020-12-16,12,12,12,12,0,0,0,0,12,12,0,0,12,12,California
Napa,2020-12-17,47,59,47,59,0,0,0,0,47,59,0,0,47,59,California
Napa,2020-12-18,103,162,103,162,0,0,0,0,103,162,0,0,103,162,California
Napa,2020-12-19,223,385,223,385,0,0,0,0,223,385,0,0,223,385,California
Napa,2020-12-20,192,577,192,577,0,0,0,0,192,577,0,0,192,577,California
Napa,2020-12-21,318,895,318,895,0,0,0,0,319,896,0,0,319,896,California
Napa,2020-12-22,339,1234,330,1225,9,9,0,0,339,1235,0,0,339,1235,California
Napa,2020-12-23,440,1674,328,1553,112,121,0,0,440,1675,0,0,440,1675,California
Napa,2020-12-24,141,1815,79,1632,62,183,0,0,141,1816,0,0,141,1816,California
Napa,2020-12-25,1,1816,1,1633,0,183,0,0,1,1817,0,0,1,1817,California
Napa,2020-12-26,39,1855,11,1644,28,211,0,0,39,1856,0,0,39,1856,California
Napa,2020-12-27,31,1886,16,1660,15,226,0,0,31,1887,0,0,31,1887,California
Napa,2020-12-28,254,2140,187,1847,67,293,0,0,281,2168,0,0,281,2168,California
Napa,2020-12-29,275,2415,219,2066,56,349,0,0,308,2476,0,0,308,2476,California
Napa,2020-12-30,640,3055,490,2556,150,499,0,0,648,3124,0,0,648,3124,California
Napa,2020-12-31,460,3515,373,2929,87,586,0,0,460,3584,0,0,460,3584,California
Napa,2021-01-01,1,3516,1,2930,0,586,0,0,1,3585,0,0,1,3585,California
Napa,2021-01-02,97,3613,92,3022,5,591,0,0,97,3682,0,0,97,3682,California
Napa,2021-01-03,14,3627,12,3034,2,593,0,0,9,3691,0,0,9,3691,California
Napa,2021-01-04,108,3735,64,3098,44,637,0,0,108,3799,0,0,108,3799,California
Napa,2021-01-05,164,3899,87,3185,77,714,0,0,147,3922,24,24,147,3946,California
Napa,2021-01-06,464,4363,115,3300,349,1063,0,0,398,4256,64,88,398,4344,California
Napa,2021-01-07,505,4868,241,3541,264,1327,0,0,398,4548,106,194,398,4742,California
Napa,2021-01-08,444,5312,228,3769,216,1543,0,0,259,4623,184,378,259,5001,California
Napa,2021-01-09,329,5641,303,4072,26,1569,0,0,191,4676,138,516,191,5192,California
Napa,2021-01-10,184,5825,101,4173,83,1652,0,0,107,4706,77,593,107,5299,California
Napa,2021-01-11,886,6711,430,4603,456,2108,0,0,508,4837,379,972,510,5809,California
Napa,2021-01-12,1329,8040,378,4981,951,3059,0,0,1008,5524,321,1293,1008,6817,California
Napa,2021-01-13,1318,9358,268,5249,1050,4109,0,0,1153,6514,164,1457,1154,7971,California
Napa,2021-01-14,1055,10413,170,5419,885,4994,0,0,938,7337,115,1572,938,8909,California
Napa,2021-01-15,1471,11884,390,5809,1081,6075,0,0,1321,8501,158,1730,1322,10231,California
Napa,2021-01-16,359,12243,133,5942,226,6301,0,0,341,8824,18,1748,341,10572,California
Napa,2021-01-17,341,12584,177,6119,164,6465,0,0,331,9145,10,1758,331,10903,California
Napa,2021-01-18,1081,13665,196,6315,885,7350,0,0,990,10044,91,1849,990,11893,California
Napa,2021-01-19,1013,14678,410,6725,603,7953,0,0,768,10568,244,2093,768,12661,California
Napa,2021-01-20,834,15512,190,6915,644,8597,0,0,646,11028,186,2279,646,13307,California
Napa,2021-01-21,1328,16840,364,7279,964,9561,0,0,1073,11848,254,2533,1074,14381,California
Napa,2021-01-22,1547,18387,415,7694,1132,10693,0,0,1218,12739,328,2861,1219,15600,California
Napa,2021-01-23,402,18789,320,8014,82,10775,0,0,338,13013,64,2925,338,15938,California
Napa,2021-01-24,263,19052,186,8200,77,10852,0,0,205,13160,58,2983,205,16143,California
Napa,2021-01-25,1527,20579,229,8429,1298,12150,0,0,1437,14507,90,3073,1437,17580,California
Napa,2021-01-26,876,21455,282,8711,594,12744,0,0,782,15196,94,3167,783,18363,California
Napa,2021-01-27,631,22086,222,8933,409,13153,0,0,468,15501,164,3331,469,18832,California
Napa,2021-01-28,390,22476,176,9109,214,13367,0,0,197,15507,191,3522,197,19029,California
Napa,2021-01-29,261,22737,64,9173,197,13564,0,0,166,15578,95,3617,166,19195,California
Napa,2021-01-30,823,23560,710,9883,113,13677,0,0,654,16063,169,3786,654,19849,California
Napa,2021-01-31,696,24256,664,10547,32,13709,0,0,673,16713,23,3809,673,20522,California
Napa,2021-02-01,325,24581,113,10660,212,13921,0,0,165,16718,160,3969,165,20687,California
Napa,2021-02-02,613,25194,282,10942,331,14252,0,0,300,16708,310,4279,300,20987,California
Napa,2021-02-03,744,25938,309,11251,435,14687,0,0,429,16823,314,4593,429,21416,California
Napa,2021-02-04,788,26726,373,11624,415,15102,0,0,438,16913,348,4941,438,21854,California
Napa,2021-02-05,714,27440,309,11933,405,15507,0,0,340,16879,374,5315,340,22194,California
Napa,2021-02-06,437,27877,144,12077,293,15800,0,0,331,17104,106,5421,331,22525,California
Napa,2021-02-07,176,28053,163,12240,13,15813,0,0,69,17066,107,5528,69,22594,California
Napa,2021-02-08,838,28891,191,12431,647,16460,0,0,275,16780,561,6089,275,22869,California
Napa,2021-02-09,1089,29980,451,12882,638,17098,0,0,441,16574,647,6736,441,23310,California
Napa,2021-02-10,1735,31715,192,13074,1543,18641,0,0,453,15749,1279,8015,454,23764,California
Napa,2021-02-11,1487,33202,184,13258,1303,19944,0,0,400,15075,1074,9089,400,24164,California
Napa,2021-02-12,2156,35358,838,14096,1318,21262,0,0,716,14355,1436,10525,716,24880,California
Napa,2021-02-13,510,35868,55,14151,455,21717,0,0,321,14487,189,10714,321,25201,California
Napa,2021-02-14,332,36200,69,14220,263,21980,0,0,171,14497,161,10875,171,25372,California
Napa,2021-02-15,885,37085,183,14403,702,22682,0,0,229,14072,654,11529,229,25601,California
Napa,2021-02-16,1289,38374,596,14999,693,23375,0,0,616,14017,671,12200,616,26217,California
Napa,2021-02-17,1042,39416,525,15524,517,23892,0,0,474,13926,566,12766,475,26692,California
Napa,2021-02-18,1898,41314,478,16002,1420,25312,0,0,656,13343,1239,14005,656,27348,California
Napa,2021-02-19,1496,42810,589,16591,907,26219,0,0,682,13212,813,14818,682,28030,California
Napa,2021-02-20,867,43677,633,17224,234,26453,0,0,275,12895,592,15410,275,28305,California
Napa,2021-02-21,892,44569,824,18048,68,26521,0,0,193,12389,699,16109,193,28498,California
Napa,2021-02-22,476,45045,196,18244,280,26801,0,0,145,12203,331,16440,145,28643,California
Napa,2021-02-23,1152,46197,308,18552,844,27645,0,0,324,11699,828,17268,324,28967,California
Napa,2021-02-24,1163,47360,637,19189,526,28171,0,0,570,11678,591,17859,570,29537,California
Napa,2021-02-25,2586,49946,1245,20434,1341,29512,0,0,1872,12837,713,18572,1872,31409,California
Napa,2021-02-26,1551,51497,544,20978,1007,30519,0,0,616,12520,933,19505,616,32025,California
Napa,2021-02-27,1168,52665,427,21405,741,31260,0,0,908,13170,258,19763,908,32933,California
Napa,2021-02-28,724,53389,606,22011,118,31378,0,0,608,13664,114,19877,608,33541,California
Napa,2021-03-01,1174,54563,879,22890,295,31673,0,0,898,14287,275,20152,898,34439,California
Napa,2021-03-02,1510,56073,1052,23942,458,32131,0,0,1167,15112,342,20494,1167,35606,California
Napa,2021-03-03,1562,57635,688,24630,874,33005,0,0,1375,16301,186,20680,1375,36981,California
Napa,2021-03-04,1719,59354,792,25422,927,33932,0,0,1480,17545,236,20916,1480,38461,California
Napa,2021-03-05,1912,61266,787,26209,1121,35053,4,4,1494,18627,416,21332,1498,39959,California
Napa,2021-03-06,661,61927,292,26501,338,35391,31,35,549,19097,110,21442,580,40539,California
Napa,2021-03-07,508,62435,300,26801,193,35584,15,50,381,19367,126,21568,396,40935,California
Napa,2021-03-08,718,63153,337,27138,327,35911,54,104,540,19785,176,21744,594,41529,California
Napa,2021-03-09,1693,64846,611,27749,1036,36947,46,150,1252,20645,438,22182,1298,42827,California
Napa,2021-03-10,1502,66348,922,28671,486,37433,94,244,801,20840,697,22879,892,43719,California
Napa,2021-03-11,1887,68235,1065,29736,691,38124,131,375,995,21073,892,23771,1125,44844,California
Napa,2021-03-12,1507,69742,926,30662,491,38615,90,465,808,21274,697,24468,898,45742,California
Napa,2021-03-13,1177,70919,306,30968,847,39462,24,489,834,21791,341,24809,858,46600,California
Napa,2021-03-14,620,71539,336,31304,133,39595,151,640,208,21738,411,25220,358,46958,California
Napa,2021-03-15,964,72503,412,31716,482,40077,70,710,482,21810,480,25700,552,47510,California
Napa,2021-03-16,1853,74356,388,32104,1337,41414,128,838,1378,22845,472,26172,1507,49017,California
Napa,2021-03-17,2494,76850,1834,33938,482,41896,178,1016,1589,23708,904,27076,1767,50784,California
Napa,2021-03-18,2131,78981,939,34877,1179,43075,13,1029,1278,24149,850,27926,1291,52075,California
Napa,2021-03-19,1453,80434,879,35756,548,43623,26,1055,699,24123,751,28677,725,52800,California
Napa,2021-03-20,1009,81443,532,36288,324,43947,153,1208,382,24033,625,29302,535,53335,California
Napa,2021-03-21,711,82154,689,36977,20,43967,2,1210,218,23761,492,29794,220,53555,California
Napa,2021-03-22,1303,83457,1122,38099,169,44136,12,1222,439,23353,859,30653,451,54006,California
Napa,2021-03-23,1878,85335,1190,39289,672,44808,16,1238,992,23479,882,31535,1008,55014,California
Napa,2021-03-24,1701,87036,938,40227,754,45562,9,1247,811,23409,889,32424,819,55833,California
Napa,2021-03-25,1933,88969,1054,41281,825,46387,54,1301,766,23068,1161,33585,820,56653,California
Napa,2021-03-26,1317,90286,843,42124,468,46855,6,1307,590,22942,722,34307,596,57249,California
Napa,2021-03-27,934,91220,440,42564,467,47322,27,1334,298,22631,636,34943,325,57574,California
Napa,2021-03-28,490,91710,383,42947,100,47422,7,1341,180,22510,308,35251,187,57761,California
Napa,2021-03-29,1207,92917,878,43825,324,47746,5,1346,732,22773,474,35725,737,58498,California
Napa,2021-03-30,2802,95719,931,44756,1867,49613,4,1350,1975,23925,827,36552,1979,60477,California
Napa,2021-03-31,1985,97704,968,45724,947,50560,70,1420,810,23631,1172,37724,878,61355,California
Napa,2021-04-01,1755,99459,842,46566,797,51357,116,1536,484,22966,1264,38988,599,61954,California
Napa,2021-04-02,1877,101336,845,47411,891,52248,141,1677,480,22192,1394,40382,620,62574,California
Napa,2021-04-03,639,101975,370,47781,212,52460,57,1734,211,22032,427,40809,267,62841,California
Napa,2021-04-04,356,102331,143,47924,155,52615,58,1792,122,21979,233,41042,180,63021,California
Napa,2021-04-05,1274,103605,757,48681,297,52912,220,2012,568,22063,704,41746,788,63809,California
Napa,2021-04-06,2247,105852,560,49241,1425,54337,262,2274,520,21120,1724,43470,781,64590,California
Napa,2021-04-07,1752,107604,711,49952,820,55157,221,2495,526,20645,1220,44690,745,65335,California
Napa,2021-04-08,1863,109467,1064,51016,424,55581,375,2870,958,21077,900,45590,1332,66667,California
Napa,2021-04-09,1559,111026,935,51951,319,55900,305,3175,681,21186,876,46466,985,67652,California
Napa,2021-04-10,1038,112064,342,52293,594,56494,102,3277,239,20728,798,47264,340,67992,California
Napa,2021-04-11,386,112450,302,52595,62,56556,22,3299,159,20682,227,47491,181,68173,California
Napa,2021-04-12,791,113241,300,52895,366,56922,125,3424,290,20595,498,47989,411,68584,California
Napa,2021-04-13,2573,115814,866,53761,1707,58629,0,3424,937,19902,1631,49620,938,69522,California
Napa,2021-04-14,2098,117912,983,54744,1115,59744,0,3424,1028,19869,1062,50682,1029,70551,California
Napa,2021-04-15,2052,119964,525,55269,1527,61271,0,3424,877,19577,1169,51851,877,71428,California
Napa,2021-04-16,2978,122942,1638,56907,1340,62611,0,3424,2259,21120,716,52567,2259,73687,California
Napa,2021-04-17,1131,124073,273,57180,858,63469,0,3424,831,21652,299,52866,831,74518,California
Napa,2021-04-18,269,124342,177,57357,92,63561,0,3424,118,21619,151,53017,118,74636,California
Napa,2021-04-19,610,124952,339,57696,271,63832,0,3424,263,21536,346,53363,263,74899,California
Napa,2021-04-20,3044,127996,2070,59766,974,64806,0,3424,2095,22685,947,54310,2096,76995,California
Napa,2021-04-21,2932,130928,2170,61936,762,65568,0,3424,1869,23498,1057,55367,1870,78865,California
Napa,2021-04-22,1725,132653,1202,63138,523,66091,0,3424,836,23450,884,56251,836,79701,California
Napa,2021-04-23,1638,134291,1257,64395,379,66470,2,3426,1158,24132,476,56727,1158,80859,California
Napa,2021-04-24,563,134854,317,64712,246,66716,0,3426,283,24138,277,57004,283,81142,California
Napa,2021-04-25,248,135102,190,64902,58,66774,0,3426,129,24149,118,57122,129,81271,California
Napa,2021-04-26,537,135639,283,65185,254,67028,0,3426,273,24163,259,57381,273,81544,California
Napa,2021-04-27,1773,137412,458,65643,1303,68331,12,3438,581,23568,1188,58569,593,82137,California
Napa,2021-04-28,1006,138418,461,66104,528,68859,17,3455,338,23257,666,59235,355,82492,California
Napa,2021-04-29,704,139122,348,66452,337,69196,19,3474,247,23072,450,59685,265,82757,California
Napa,2021-04-30,607,139729,306,66758,237,69433,64,3538,249,23027,357,60042,312,83069,California
Napa,2021-05-01,320,140049,264,67022,45,69478,11,3549,120,22958,200,60242,131,83200,California
Napa,2021-05-02,237,140286,192,67214,39,69517,6,3555,98,22924,138,60380,104,83304,California
Napa,2021-05-03,615,140901,494,67708,87,69604,34,3589,100,22549,510,60890,135,83439,California
Napa,2021-05-04,1132,142033,719,68427,302,69906,111,3700,299,22130,829,61719,410,83849,California
Napa,2021-05-05,1018,143051,688,69115,293,70199,37,3737,253,21658,762,62481,290,84139,California
Napa,2021-05-06,714,143765,318,69433,373,70572,23,3760,366,21708,339,62820,389,84528,California
Napa,2021-05-07,1432,145197,1209,70642,160,70732,63,3823,295,20950,1115,63935,357,84885,California
Napa,2021-05-08,252,145449,161,70803,80,70812,11,3834,87,20884,164,64099,98,84983,California
Napa,2021-05-09,108,145557,77,70880,31,70843,0,3834,51,20878,57,64156,51,85034,California
Napa,2021-05-10,414,145971,142,71022,253,71096,19,3853,103,20690,310,64466,122,85156,California
Napa,2021-05-11,2189,148160,1805,72827,359,71455,25,3878,374,19280,1809,66275,399,85555,California
Napa,2021-05-12,2200,150360,1378,74205,766,72221,56,3934,304,17749,1891,68166,360,85915,California
Napa,2021-05-13,1887,152247,1190,75395,656,72877,41,3975,817,17545,1063,69229,859,86774,California
Napa,2021-05-14,1916,154163,1148,76543,682,73559,86,4061,510,16742,1400,70629,597,87371,California
Napa,2021-05-15,1063,155226,357,76900,694,74253,12,4073,267,16229,793,71422,280,87651,California
Napa,2021-05-16,242,155468,162,77062,78,74331,2,4075,69,16127,173,71595,71,87722,California
Napa,2021-05-17,879,156347,350,77412,499,74830,30,4105,305,15950,512,72107,335,88057,California
Napa,2021-05-18,1048,157395,548,77960,443,75273,57,4162,502,15968,541,72648,559,88616,California
Napa,2021-05-19,935,158330,555,78515,350,75623,30,4192,504,16073,428,73076,533,89149,California
Napa,2021-05-20,644,158974,434,78949,179,75802,31,4223,392,16244,252,73328,423,89572,California
Napa,2021-05-21,505,159479,269,79218,204,76006,32,4255,215,16202,290,73618,248,89820,California
Napa,2021-05-22,449,159928,264,79482,177,76183,8,4263,190,16142,259,73877,199,90019,California
Napa,2021-05-23,390,160318,345,79827,34,76217,11,4274,293,16349,97,73974,304,90323,California
Napa,2021-05-24,358,160676,177,80004,161,76378,20,4294,146,16304,211,74185,166,90489,California
Napa,2021-05-25,420,161096,175,80179,174,76552,71,4365,146,16247,273,74458,216,90705,California
Napa,2021-05-26,545,161641,354,80533,165,76717,26,4391,316,16363,226,74684,342,91047,California
Napa,2021-05-27,375,162016,163,80696,184,76901,28,4419,141,16298,234,74918,169,91216,California
Napa,2021-05-28,393,162409,206,80902,163,77064,24,4443,164,16259,225,75143,186,91402,California
Napa,2021-05-29,129,162538,79,80981,46,77110,4,4447,74,16283,54,75197,78,91480,California
Napa,2021-05-30,97,162635,60,81041,32,77142,5,4452,32,16257,63,75260,37,91517,California
Napa,2021-05-31,43,162678,17,81058,19,77161,7,4459,9,16239,34,75294,16,91533,California
Napa,2021-06-01,596,163274,309,81367,263,77424,24,4483,266,16204,324,75618,289,91822,California
Napa,2021-06-02,411,163685,243,81610,146,77570,22,4505,200,16217,209,75827,222,92044,California
Napa,2021-06-03,722,164407,435,82045,263,77833,24,4529,175,15870,544,76371,197,92241,California
Napa,2021-06-04,779,165186,601,82646,140,77973,38,4567,170,15471,607,76978,208,92449,California
Napa,2021-06-05,310,165496,252,82898,46,78019,12,4579,77,15329,231,77209,89,92538,California
Napa,2021-06-06,139,165635,121,83019,18,78037,0,4579,45,15280,94,77303,45,92583,California
Napa,2021-06-07,393,166028,285,83304,79,78116,29,4608,92,15100,301,77604,121,92704,California
Napa,2021-06-08,594,166622,466,83770,112,78228,16,4624,250,15026,340,77944,266,92970,California
Napa,2021-06-09,453,167075,373,84143,68,78296,12,4636,68,14723,383,78327,80,93050,California
Napa,2021-06-10,388,167463,315,84458,61,78357,12,4648,54,14455,334,78661,66,93116,California
Napa,2021-06-11,251,167714,144,84602,84,78441,23,4671,79,14385,172,78833,102,93218,California
Napa,2021-06-12,97,167811,77,84679,14,78455,6,4677,17,14330,78,78911,23,93241,California
Nevada,2020-12-16,3,3,3,3,0,0,0,0,3,3,0,0,3,3,California
Nevada,2020-12-17,6,9,6,9,0,0,0,0,6,9,0,0,6,9,California
Nevada,2020-12-18,58,67,58,67,0,0,0,0,58,67,0,0,58,67,California
Nevada,2020-12-19,55,122,55,122,0,0,0,0,55,122,0,0,55,122,California
Nevada,2020-12-20,15,137,15,137,0,0,0,0,15,137,0,0,15,137,California
Nevada,2020-12-21,69,206,69,206,0,0,0,0,69,206,0,0,69,206,California
Nevada,2020-12-22,90,296,88,294,2,2,0,0,90,296,0,0,90,296,California
Nevada,2020-12-23,242,538,209,503,33,35,0,0,242,538,0,0,242,538,California
Nevada,2020-12-24,14,552,11,514,3,38,0,0,14,552,0,0,14,552,California
Nevada,2020-12-25,3,555,3,517,0,38,0,0,3,555,0,0,3,555,California
Nevada,2020-12-26,7,562,5,522,2,40,0,0,7,562,0,0,7,562,California
Nevada,2020-12-27,92,654,91,613,1,41,0,0,92,654,0,0,92,654,California
Nevada,2020-12-28,173,827,93,706,80,121,0,0,173,827,0,0,173,827,California
Nevada,2020-12-29,101,928,71,777,30,151,0,0,101,928,0,0,101,928,California
Nevada,2020-12-30,88,1016,66,843,22,173,0,0,88,1016,0,0,88,1016,California
Nevada,2020-12-31,41,1057,8,851,33,206,0,0,41,1057,0,0,41,1057,California
Nevada,2021-01-01,2,1059,0,851,2,208,0,0,2,1059,0,0,2,1059,California
Nevada,2021-01-02,2,1061,1,852,1,209,0,0,2,1061,0,0,2,1061,California
Nevada,2021-01-03,132,1193,127,979,5,214,0,0,132,1193,0,0,132,1193,California
Nevada,2021-01-04,71,1264,43,1022,28,242,0,0,71,1264,0,0,71,1264,California
Nevada,2021-01-05,282,1546,131,1153,151,393,0,0,281,1544,1,1,281,1545,California
Nevada,2021-01-06,93,1639,43,1196,50,443,0,0,85,1621,8,9,85,1630,California
Nevada,2021-01-07,223,1862,46,1242,177,620,0,0,214,1828,8,17,215,1845,California
Nevada,2021-01-08,233,2095,132,1374,101,721,0,0,173,1942,60,77,174,2019,California
Nevada,2021-01-09,63,2158,56,1430,7,728,0,0,14,1907,49,126,14,2033,California
Nevada,2021-01-10,20,2178,10,1440,10,738,0,0,11,1909,9,135,11,2044,California
Nevada,2021-01-11,191,2369,132,1572,59,797,0,0,62,1842,129,264,62,2106,California
Nevada,2021-01-12,600,2969,453,2025,147,944,0,0,534,2310,66,330,534,2640,California
Nevada,2021-01-13,271,3240,153,2178,118,1062,0,0,133,2305,138,468,133,2773,California
Nevada,2021-01-14,245,3485,125,2303,120,1182,0,0,227,2515,17,485,227,3000,California
Nevada,2021-01-15,406,3891,171,2474,235,1417,0,0,306,2721,100,585,306,3306,California
Nevada,2021-01-16,325,4216,17,2491,308,1725,0,0,319,3034,6,591,319,3625,California
Nevada,2021-01-17,43,4259,39,2530,4,1729,0,0,40,3071,3,594,40,3665,California
Nevada,2021-01-18,157,4416,47,2577,110,1839,0,0,144,3202,13,607,144,3809,California
Nevada,2021-01-19,256,4672,95,2672,161,2000,0,0,234,3414,22,629,234,4043,California
Nevada,2021-01-20,278,4950,164,2836,114,2114,0,0,264,3664,14,643,264,4307,California
Nevada,2021-01-21,349,5299,205,3041,144,2258,0,0,335,3985,14,657,335,4642,California
Nevada,2021-01-22,380,5679,235,3276,145,2403,0,0,347,4299,33,690,347,4989,California
Nevada,2021-01-23,185,5864,106,3382,79,2482,0,0,185,4484,0,690,185,5174,California
Nevada,2021-01-24,113,5977,101,3483,12,2494,0,0,73,4517,40,730,73,5247,California
Nevada,2021-01-25,262,6239,129,3612,133,2627,0,0,198,4651,64,794,198,5445,California
Nevada,2021-01-26,421,6660,151,3763,270,2897,0,0,315,4860,106,900,315,5760,California
Nevada,2021-01-27,442,7102,265,4028,177,3074,0,0,416,5250,26,926,416,6176,California
Nevada,2021-01-28,489,7591,330,4358,159,3233,0,0,439,5640,49,975,439,6615,California
Nevada,2021-01-29,618,8209,400,4758,218,3451,0,0,590,6204,27,1002,591,7206,California
Nevada,2021-01-30,251,8460,119,4877,132,3583,0,0,248,6449,3,1005,248,7454,California
Nevada,2021-01-31,111,8571,93,4970,18,3601,0,0,107,6554,3,1008,108,7562,California
Nevada,2021-02-01,292,8863,75,5045,217,3818,0,0,278,6818,14,1022,278,7840,California
Nevada,2021-02-02,539,9402,192,5237,347,4165,0,0,334,6947,205,1227,334,8174,California
Nevada,2021-02-03,821,10223,563,5800,258,4423,0,0,762,7651,58,1285,762,8936,California
Nevada,2021-02-04,771,10994,398,6198,373,4796,0,0,517,7915,253,1538,517,9453,California
Nevada,2021-02-05,684,11678,386,6584,298,5094,0,0,487,8207,195,1733,487,9940,California
Nevada,2021-02-06,281,11959,92,6676,189,5283,0,0,253,8432,28,1761,253,10193,California
Nevada,2021-02-07,294,12253,236,6912,58,5341,0,0,233,8604,61,1822,233,10426,California
Nevada,2021-02-08,686,12939,418,7330,268,5609,0,0,578,9074,108,1930,578,11004,California
Nevada,2021-02-09,636,13575,363,7693,273,5882,0,0,489,9416,147,2077,489,11493,California
Nevada,2021-02-10,669,14244,336,8029,333,6215,0,0,441,9630,228,2305,442,11935,California
Nevada,2021-02-11,917,15161,524,8553,393,6608,0,0,580,9874,336,2641,580,12515,California
Nevada,2021-02-12,985,16146,453,9006,532,7140,0,0,652,10196,330,2971,652,13167,California
Nevada,2021-02-13,654,16800,256,9262,398,7538,0,0,412,10371,238,3209,413,13580,California
Nevada,2021-02-14,247,17047,132,9394,115,7653,0,0,213,10550,34,3243,213,13793,California
Nevada,2021-02-15,733,17780,448,9842,285,7938,0,0,559,10935,174,3417,559,14352,California
Nevada,2021-02-16,659,18439,225,10067,434,8372,0,0,484,11245,174,3591,484,14836,California
Nevada,2021-02-17,1223,19662,796,10863,427,8799,0,0,882,11786,341,3932,882,15718,California
Nevada,2021-02-18,1041,20703,574,11437,467,9266,0,0,617,11982,421,4353,617,16335,California
Nevada,2021-02-19,1040,21743,653,12090,387,9653,0,0,665,12275,373,4726,666,17001,California
Nevada,2021-02-20,318,22061,118,12208,200,9853,0,0,178,12314,139,4865,178,17179,California
Nevada,2021-02-21,107,22168,97,12305,10,9863,0,0,8,12226,96,4961,8,17187,California
Nevada,2021-02-22,508,22676,341,12646,167,10030,0,0,357,12433,150,5111,357,17544,California
Nevada,2021-02-23,508,23184,245,12891,263,10293,0,0,225,12378,280,5391,225,17769,California
Nevada,2021-02-24,489,23673,251,13142,238,10531,0,0,256,12404,232,5623,258,18027,California
Nevada,2021-02-25,893,24566,493,13635,400,10931,0,0,443,12399,448,6071,443,18470,California
Nevada,2021-02-26,1284,25850,894,14529,390,11321,0,0,446,12010,835,6906,446,18916,California
Nevada,2021-02-27,393,26243,123,14652,270,11591,0,0,207,12031,186,7092,207,19123,California
Nevada,2021-02-28,327,26570,198,14850,129,11720,0,0,141,11987,185,7277,141,19264,California
Nevada,2021-03-01,862,27432,451,15301,411,12131,0,0,380,11888,479,7756,380,19644,California
Nevada,2021-03-02,768,28200,309,15610,459,12590,0,0,521,12167,242,7998,521,20165,California
Nevada,2021-03-03,1006,29206,510,16120,495,13085,1,1,519,12203,485,8483,521,20686,California
Nevada,2021-03-04,1146,30352,634,16754,512,13597,0,1,485,12031,657,9140,485,21171,California
Nevada,2021-03-05,882,31234,500,17254,372,13969,10,11,395,11951,485,9625,405,21576,California
Nevada,2021-03-06,379,31613,132,17386,220,14189,27,38,150,11898,229,9854,176,21752,California
Nevada,2021-03-07,220,31833,115,17501,85,14274,20,58,72,11842,148,10002,92,21844,California
Nevada,2021-03-08,847,32680,567,18068,232,14506,48,106,379,11803,467,10469,428,22272,California
Nevada,2021-03-09,821,33501,421,18489,345,14851,55,161,465,11969,353,10822,519,22791,California
Nevada,2021-03-10,1035,34536,666,19155,311,15162,58,219,347,11691,682,11504,404,23195,California
Nevada,2021-03-11,1136,35672,736,19891,373,15535,27,246,550,11690,578,12082,577,23772,California
Nevada,2021-03-12,1234,36906,736,20627,467,16002,31,277,510,11510,720,12802,540,24312,California
Nevada,2021-03-13,302,37208,58,20685,238,16240,6,283,116,11446,184,12986,120,24432,California
Nevada,2021-03-14,164,37372,26,20711,132,16372,6,289,36,11360,128,13114,42,24474,California
Nevada,2021-03-15,872,38244,469,21180,391,16763,12,301,366,11235,503,13617,378,24852,California
Nevada,2021-03-16,1003,39247,468,21648,473,17236,62,363,642,11579,359,13976,703,25555,California
Nevada,2021-03-17,1029,40276,455,22103,564,17800,10,373,583,11729,443,14419,593,26148,California
Nevada,2021-03-18,1003,41279,547,22650,434,18234,22,395,489,11730,510,14929,511,26659,California
Nevada,2021-03-19,768,42047,451,23101,280,18514,37,432,369,11741,395,15324,406,27065,California
Nevada,2021-03-20,836,42883,95,23196,305,18819,436,868,230,11804,599,15923,662,27727,California
Nevada,2021-03-21,65,42948,36,23232,28,18847,1,869,46,11833,18,15941,47,27774,California
Nevada,2021-03-22,818,43766,526,23758,287,19134,5,874,542,12107,273,16214,547,28321,California
Nevada,2021-03-23,865,44631,397,24155,442,19576,26,900,623,12517,239,16453,649,28970,California
Nevada,2021-03-24,1036,45667,556,24711,473,20049,7,907,648,12791,380,16833,654,29624,California
Nevada,2021-03-25,931,46598,477,25188,426,20475,28,935,505,12899,424,17257,532,30156,California
Nevada,2021-03-26,1189,47787,463,25651,686,21161,40,975,838,13427,349,17606,877,31033,California
Nevada,2021-03-27,586,48373,71,25722,499,21660,16,991,389,13635,197,17803,405,31438,California
Nevada,2021-03-28,195,48568,51,25773,131,21791,13,1004,39,13534,153,17956,52,31490,California
Nevada,2021-03-29,850,49418,507,26280,321,22112,22,1026,381,13470,466,18422,402,31892,California
Nevada,2021-03-30,1076,50494,486,26766,556,22668,34,1060,492,13420,576,18998,526,32418,California
Nevada,2021-03-31,1197,51691,666,27432,514,23182,17,1077,687,13622,501,19499,703,33121,California
Nevada,2021-04-01,1256,52947,727,28159,477,23659,52,1129,556,13539,691,20190,608,33729,California
Nevada,2021-04-02,1319,54266,667,28826,618,24277,34,1163,791,13840,524,20714,825,34554,California
Nevada,2021-04-03,305,54571,94,28920,174,24451,37,1200,90,13753,214,20928,127,34681,California
Nevada,2021-04-04,136,54707,45,28965,84,24535,7,1207,80,13784,56,20984,87,34768,California
Nevada,2021-04-05,952,55659,630,29595,301,24836,21,1228,629,14114,319,21303,649,35417,California
Nevada,2021-04-06,1095,56754,674,30269,275,25111,146,1374,452,14075,636,21939,597,36014,California
Nevada,2021-04-07,1170,57924,832,31101,251,25362,87,1461,628,14254,535,22474,714,36728,California
Nevada,2021-04-08,1310,59234,905,32006,314,25676,91,1552,716,14472,589,23063,807,37535,California
Nevada,2021-04-09,1281,60515,871,32877,336,26012,74,1626,851,14969,428,23491,925,38460,California
Nevada,2021-04-10,283,60798,81,32958,125,26137,77,1703,114,14992,168,23659,191,38651,California
Nevada,2021-04-11,103,60901,36,32994,63,26200,4,1707,38,14969,65,23724,42,38693,California
Nevada,2021-04-12,770,61671,556,33550,197,26397,17,1724,330,14881,435,24159,347,39040,California
Nevada,2021-04-13,901,62572,368,33918,533,26930,0,1724,470,14925,427,24586,471,39511,California
Nevada,2021-04-14,1071,63643,587,34505,484,27414,0,1724,538,14937,526,25112,538,40049,California
Nevada,2021-04-15,1097,64740,716,35221,381,27795,0,1724,628,15108,457,25569,628,40677,California
Nevada,2021-04-16,919,65659,708,35929,211,28006,0,1724,529,15249,388,25957,529,41206,California
Nevada,2021-04-17,192,65851,50,35979,142,28148,0,1724,78,15215,112,26069,78,41284,California
Nevada,2021-04-18,193,66044,22,36001,171,28319,0,1724,106,15234,87,26156,106,41390,California
Nevada,2021-04-19,778,66822,499,36500,279,28598,0,1724,318,15101,451,26607,318,41708,California
Nevada,2021-04-20,796,67618,316,36816,480,29078,0,1724,306,14924,483,27090,306,42014,California
Nevada,2021-04-21,917,68535,505,37321,412,29490,0,1724,283,14582,625,27715,283,42297,California
Nevada,2021-04-22,1006,69541,622,37943,384,29874,0,1724,342,14272,652,28367,342,42639,California
Nevada,2021-04-23,1231,70772,556,38499,675,30549,0,1724,398,13849,821,29188,398,43037,California
Nevada,2021-04-24,524,71296,77,38576,447,30996,0,1724,170,13667,352,29540,170,43207,California
Nevada,2021-04-25,123,71419,62,38638,56,31052,5,1729,57,13663,65,29605,61,43268,California
Nevada,2021-04-26,760,72179,576,39214,175,31227,9,1738,219,13360,531,30136,228,43496,California
Nevada,2021-04-27,837,73016,395,39609,437,31664,5,1743,421,13378,408,30544,426,43922,California
Nevada,2021-04-28,1003,74019,588,40197,410,32074,5,1748,387,13159,611,31155,392,44314,California
Nevada,2021-04-29,1031,75050,719,40916,308,32382,4,1752,293,12720,736,31891,297,44611,California
Nevada,2021-04-30,1259,76309,744,41660,506,32888,9,1761,210,11892,1047,32938,219,44830,California
Nevada,2021-05-01,151,76460,64,41724,83,32971,4,1765,66,11879,83,33021,70,44900,California
Nevada,2021-05-02,63,76523,31,41755,28,32999,4,1769,22,11864,41,33062,26,44926,California
Nevada,2021-05-03,620,77143,416,42171,185,33184,19,1788,184,11634,432,33494,202,45128,California
Nevada,2021-05-04,594,77737,176,42347,399,33583,19,1807,332,11727,258,33752,351,45479,California
Nevada,2021-05-05,747,78484,390,42737,343,33926,14,1821,323,11649,415,34167,337,45816,California
Nevada,2021-05-06,812,79296,566,43303,235,34161,11,1832,204,11265,599,34766,215,46031,California
Nevada,2021-05-07,888,80184,494,43797,358,34519,36,1868,194,10806,689,35455,230,46261,California
Nevada,2021-05-08,172,80356,18,43815,135,34654,19,1887,79,10812,92,35547,98,46359,California
Nevada,2021-05-09,43,80399,7,43822,34,34688,2,1889,19,10809,24,35571,21,46380,California
Nevada,2021-05-10,405,80804,259,44081,121,34809,25,1914,78,10586,326,35897,103,46483,California
Nevada,2021-05-11,512,81316,158,44239,338,35147,16,1930,129,10356,375,36272,145,46628,California
Nevada,2021-05-12,534,81850,240,44479,283,35430,11,1941,151,10143,375,36647,162,46790,California
Nevada,2021-05-13,842,82692,554,45033,278,35708,10,1951,429,10177,405,37052,439,47229,California
Nevada,2021-05-14,778,83470,580,45613,181,35889,17,1968,425,10269,350,37402,442,47671,California
Nevada,2021-05-15,180,83650,89,45702,84,35973,7,1975,87,10271,92,37494,94,47765,California
Nevada,2021-05-16,158,83808,51,45753,107,36080,0,1975,52,10217,106,37600,52,47817,California
Nevada,2021-05-17,502,84310,319,46072,152,36232,31,2006,218,10193,273,37873,249,48066,California
Nevada,2021-05-18,421,84731,255,46327,161,36393,5,2011,221,10220,198,38071,225,48291,California
Nevada,2021-05-19,495,85226,353,46680,137,36530,5,2016,254,10247,232,38303,259,48550,California
Nevada,2021-05-20,613,85839,358,47038,243,36773,12,2028,213,10077,395,38698,225,48775,California
Nevada,2021-05-21,513,86352,332,47370,170,36943,11,2039,224,10027,285,38983,235,49010,California
Nevada,2021-05-22,246,86598,38,47408,120,37063,88,2127,56,9981,190,39173,144,49154,California
Nevada,2021-05-23,51,86649,18,47426,33,37096,0,2127,17,9965,33,39206,17,49171,California
Nevada,2021-05-24,314,86963,219,47645,80,37176,15,2142,105,9879,206,39412,120,49291,California
Nevada,2021-05-25,345,87308,82,47727,250,37426,13,2155,85,9722,255,39667,98,49389,California
Nevada,2021-05-26,445,87753,194,47921,242,37668,9,2164,128,9549,310,39977,137,49526,California
Nevada,2021-05-27,437,88190,232,48153,184,37852,21,2185,184,9505,249,40226,205,49731,California
Nevada,2021-05-28,345,88535,218,48371,113,37965,14,2199,199,9575,143,40369,213,49944,California
Nevada,2021-05-29,65,88600,13,48384,52,38017,0,2199,41,9592,24,40393,41,49985,California
Nevada,2021-05-30,41,88641,19,48403,20,38037,2,2201,27,9607,14,40407,29,50014,California
Nevada,2021-05-31,6,88647,4,48407,0,38037,2,2203,2,9607,4,40411,4,50018,California
Nevada,2021-06-01,417,89064,128,48535,270,38307,19,2222,101,9420,307,40718,120,50138,California
Nevada,2021-06-02,399,89463,163,48698,229,38536,7,2229,103,9241,289,41007,110,50248,California
Nevada,2021-06-03,559,90022,399,49097,155,38691,5,2234,99,8890,455,41462,104,50352,California
Nevada,2021-06-04,537,90559,432,49529,101,38792,4,2238,109,8579,424,41886,113,50465,California
Nevada,2021-06-05,165,90724,66,49595,97,38889,2,2240,62,8542,101,41987,64,50529,California
Nevada,2021-06-06,52,90776,40,49635,12,38901,0,2240,12,8514,40,42027,12,50541,California
Nevada,2021-06-07,261,91037,194,49829,38,38939,29,2269,58,8403,198,42225,87,50628,California
Nevada,2021-06-08,280,91317,188,50017,80,39019,12,2281,63,8270,208,42433,75,50703,California
Nevada,2021-06-09,271,91588,183,50200,82,39101,6,2287,67,8144,199,42632,73,50776,California
Nevada,2021-06-10,225,91813,145,50345,72,39173,8,2295,49,8031,169,42801,56,50832,California
Nevada,2021-06-11,249,92062,182,50527,50,39223,17,2312,46,7892,201,43002,62,50894,California
Nevada,2021-06-12,28,92090,15,50542,11,39234,2,2314,12,7890,16,43018,14,50908,California
Orange,2020-12-15,16,16,16,16,0,0,0,0,16,16,0,0,16,16,California
Orange,2020-12-16,389,405,389,405,0,0,0,0,389,405,0,0,389,405,California
Orange,2020-12-17,3752,4157,3752,4157,0,0,0,0,3751,4156,0,0,3751,4156,California
Orange,2020-12-18,5048,9205,5040,9197,8,8,0,0,5046,9201,1,1,5046,9202,California
Orange,2020-12-19,2226,11431,2219,11416,7,15,0,0,2225,11426,0,1,2225,11427,California
Orange,2020-12-20,1984,13415,1981,13397,3,18,0,0,1985,13411,0,1,1985,13412,California
Orange,2020-12-21,4271,17686,4265,17662,6,24,0,0,4271,17682,0,1,4271,17683,California
Orange,2020-12-22,3978,21664,3944,21606,34,58,0,0,3978,21660,0,1,3978,21661,California
Orange,2020-12-23,3586,25250,3222,24828,364,422,0,0,3587,25247,0,1,3587,25248,California
Orange,2020-12-24,1377,26627,1077,25905,300,722,0,0,1377,26624,0,1,1377,26625,California
Orange,2020-12-25,19,26646,14,25919,5,727,0,0,19,26643,0,1,19,26644,California
Orange,2020-12-26,995,27641,420,26339,575,1302,0,0,995,27638,0,1,995,27639,California
Orange,2020-12-27,583,28224,276,26615,307,1609,0,0,583,28221,0,1,583,28222,California
Orange,2020-12-28,3616,31840,2634,29249,982,2591,0,0,3616,31837,0,1,3616,31838,California
Orange,2020-12-29,3509,35349,2493,31742,1016,3607,0,0,3508,35344,1,2,3508,35346,California
Orange,2020-12-30,5115,40464,3541,35283,1574,5181,0,0,5115,40459,0,2,5115,40461,California
Orange,2020-12-31,1512,41976,810,36093,702,5883,0,0,1509,41965,3,5,1509,41970,California
Orange,2021-01-01,663,42639,363,36456,300,6183,0,0,661,42624,2,7,661,42631,California
Orange,2021-01-02,1357,43996,842,37298,515,6698,0,0,1357,43981,0,7,1357,43988,California
Orange,2021-01-03,580,44576,322,37620,258,6956,0,0,580,44561,0,7,580,44568,California
Orange,2021-01-04,2758,47334,1567,39187,1191,8147,0,0,2759,47319,1,8,2759,47327,California
Orange,2021-01-05,3543,50877,2305,41492,1238,9385,0,0,3131,50044,409,417,3134,50461,California
Orange,2021-01-06,5003,55880,3456,44948,1547,10932,0,0,3640,52333,1351,1768,3640,54101,California
Orange,2021-01-07,9293,65173,5178,50126,4115,15047,0,0,5709,54478,3570,5338,5715,59816,California
Orange,2021-01-08,9423,74596,5255,55381,4168,19215,0,0,5663,56397,3748,9086,5667,65483,California
Orange,2021-01-09,5028,79624,1748,57129,3280,22495,0,0,3745,58859,1283,10369,3745,69228,California
Orange,2021-01-10,4251,83875,1044,58173,3207,25702,0,0,3371,61355,879,11248,3375,72603,California
Orange,2021-01-11,9472,93347,4911,63084,4561,30263,0,0,5847,63576,3628,14876,5849,78452,California
Orange,2021-01-12,8946,102293,4833,67917,4113,34376,0,0,5472,65577,3472,18348,5473,83925,California
Orange,2021-01-13,10260,112553,4918,72835,5342,39718,0,0,7052,69431,3205,21553,7059,90984,California
Orange,2021-01-14,10020,122573,3797,76632,6223,45941,0,0,8422,76263,1596,23149,8428,99412,California
Orange,2021-01-15,10214,132787,2645,79277,7569,53510,0,0,9329,84706,892,24041,9335,108747,California
Orange,2021-01-16,8719,141506,2088,81365,6631,60141,0,0,8322,92639,395,24436,8328,117075,California
Orange,2021-01-17,8176,149682,1488,82853,6688,66829,0,0,8023,100519,153,24589,8033,125108,California
Orange,2021-01-18,9709,159391,4409,87262,5300,72129,0,0,7447,105707,2262,26851,7450,132558,California
Orange,2021-01-19,7540,166931,5467,92729,2073,74202,0,0,4905,107979,2634,29485,4906,137464,California
Orange,2021-01-20,8407,175338,5922,98651,2485,76687,0,0,5347,110277,3057,32542,5355,142819,California
Orange,2021-01-21,11042,186380,4922,103573,6120,82807,0,0,10212,119673,827,33369,10223,153042,California
Orange,2021-01-22,13719,200099,5173,108746,8546,91353,0,0,12850,131670,861,34230,12858,165900,California
Orange,2021-01-23,13156,213255,6192,114938,6964,98317,0,0,12220,142965,934,35164,12229,178129,California
Orange,2021-01-24,9826,223081,4289,119227,5537,103854,0,0,9492,152130,331,35495,9496,187625,California
Orange,2021-01-25,10439,233520,5850,125077,4589,108443,0,0,7697,157098,2734,38229,7702,195327,California
Orange,2021-01-26,11908,245428,7697,132774,4211,112654,0,0,9727,164653,2176,40405,9731,205058,California
Orange,2021-01-27,13486,258914,7989,140763,5497,118151,0,0,10756,172697,2718,43123,10762,215820,California
Orange,2021-01-28,13122,272036,7239,148002,5883,124034,0,0,11219,182038,1887,45010,11228,227048,California
Orange,2021-01-29,13705,285741,8504,156506,5201,129235,0,0,10789,189933,2898,47908,10793,237841,California
Orange,2021-01-30,13076,298817,4509,161015,8567,137802,0,0,12285,201447,774,48682,12288,250129,California
Orange,2021-01-31,13701,312518,4918,165933,8783,146585,0,0,13252,214264,443,49125,13260,263389,California
Orange,2021-02-01,14899,327417,6533,172466,8366,154951,0,0,12413,224224,2459,51584,12419,275808,California
Orange,2021-02-02,15051,342468,7973,180439,7078,162029,0,0,12574,234359,2443,54027,12578,288386,California
Orange,2021-02-03,16621,359089,12427,192866,4194,166223,0,0,13664,245152,2877,56904,13670,302056,California
Orange,2021-02-04,19975,379064,13080,205946,6895,173118,0,0,14863,254943,5080,61984,14871,316927,California
Orange,2021-02-05,20793,399857,12032,217978,8761,181879,0,0,14464,263130,6282,68266,14469,331396,California
Orange,2021-02-06,16408,416265,10852,228830,5556,187435,0,0,11128,269212,5265,73531,11347,342743,California
Orange,2021-02-07,11570,427835,8135,236965,3435,190870,0,0,7583,272994,3970,77501,7752,350495,California
Orange,2021-02-08,15085,442920,8689,245654,6396,197266,0,0,9036,276010,6021,83522,9037,359532,California
Orange,2021-02-09,17807,460727,12124,257778,5683,202949,0,0,10754,279790,6980,90502,10760,370292,California
Orange,2021-02-10,20933,481660,11196,268974,9737,212686,0,0,12719,284396,8122,98624,12728,383020,California
Orange,2021-02-11,22220,503880,11567,280541,10653,223339,0,0,12448,287224,9637,108261,12465,395485,California
Orange,2021-02-12,24909,528789,12007,292548,12902,236241,0,0,14648,291684,10194,118455,14654,410139,California
Orange,2021-02-13,22015,550804,11910,304458,10105,246346,0,0,11147,292761,10711,129166,11788,421927,California
Orange,2021-02-14,16191,566995,6543,311001,9648,255994,0,0,9548,295695,6615,135781,9549,431476,California
Orange,2021-02-15,17289,584284,7406,318407,9883,265877,0,0,8917,296296,8327,144108,8928,440404,California
Orange,2021-02-16,20006,604290,9006,327413,11000,276877,0,0,10777,297923,9175,153283,10802,451206,California
Orange,2021-02-17,17984,622274,9389,336802,8595,285472,0,0,9225,298476,8703,161986,9256,460462,California
Orange,2021-02-18,15068,637342,9889,346691,5179,290651,0,0,6818,297110,8194,170180,6828,467290,California
Orange,2021-02-19,18214,655556,10898,357589,7316,297967,0,0,6928,292821,11229,181409,6940,474230,California
Orange,2021-02-20,7547,663103,5634,363223,1913,299880,0,0,3790,292890,3732,185141,3801,478031,California
Orange,2021-02-21,4593,667696,3902,367125,691,300571,0,0,930,290200,3620,188761,930,478961,California
Orange,2021-02-22,9736,677432,7943,375068,1793,302364,0,0,3926,288366,5775,194536,3941,482902,California
Orange,2021-02-23,13382,690814,7334,382402,6048,308412,0,0,3509,282081,9806,204342,3521,486423,California
Orange,2021-02-24,21204,712018,12868,395270,8336,316748,0,0,5385,271733,15751,220093,5403,491826,California
Orange,2021-02-25,22773,734791,12334,407604,10439,327187,0,0,7994,265039,14704,234797,8010,499836,California
Orange,2021-02-26,27896,762687,14117,421721,13779,340966,0,0,11248,259801,16510,251307,11272,511108,California
Orange,2021-02-27,25163,787850,10235,431956,14925,355891,3,3,7315,249406,17728,269035,7333,518441,California
Orange,2021-02-28,19163,807013,7438,439394,11725,367616,0,3,4836,240058,14201,283236,4853,523294,California
Orange,2021-03-01,18736,825749,8548,447942,10175,377791,13,16,7266,235987,11365,294601,7294,530588,California
Orange,2021-03-02,19370,845119,9351,457293,10016,387807,3,19,9466,235637,9847,304448,9497,540085,California
Orange,2021-03-03,20847,865966,9855,467148,10987,398794,5,24,11171,237240,9593,314041,11196,551281,California
Orange,2021-03-04,22633,888599,13032,480180,9587,408381,14,38,11693,238074,10898,324939,11732,563013,California
Orange,2021-03-05,21141,909740,11038,491218,10056,418437,47,85,12969,243027,8124,333063,13077,576090,California
Orange,2021-03-06,24210,933950,13330,504548,10004,428441,876,961,12791,245346,11371,344434,13690,589780,California
Orange,2021-03-07,15299,949249,8587,513135,6300,434741,412,1373,8948,248416,6310,350744,9380,599160,California
Orange,2021-03-08,16805,966054,7744,520879,7746,442487,1315,2688,10792,254592,5957,356701,12133,611293,California
Orange,2021-03-09,21134,987188,9756,530635,8897,451384,2481,5169,12493,260963,8598,365299,14969,626262,California
Orange,2021-03-10,24853,1012041,12197,542832,9185,460569,3471,8640,12544,264725,12243,377542,16005,642267,California
Orange,2021-03-11,29114,1041155,15743,558575,9135,469704,4236,12876,13489,266919,15524,393066,17718,659985,California
Orange,2021-03-12,29469,1070624,14332,572907,11256,480960,3881,16757,14795,271031,14583,407649,18695,678680,California
Orange,2021-03-13,27918,1098542,10266,583173,13691,494651,3961,20718,14114,275362,13740,421389,18071,696751,California
Orange,2021-03-14,18953,1117495,8233,591406,8171,502822,2549,23267,11842,282658,7078,428467,14374,711125,California
Orange,2021-03-15,23134,1140629,10181,601587,12189,515011,764,24031,14419,289207,8625,437092,15174,726299,California
Orange,2021-03-16,26463,1167092,11173,612760,15059,530070,231,24262,17168,297399,9212,446304,17404,743703,California
Orange,2021-03-17,27401,1194493,13590,626350,13222,543292,589,24851,19473,309607,7849,454153,20057,763760,California
Orange,2021-03-18,27822,1222315,13970,640320,13575,556867,277,25128,21644,325424,6109,460262,21926,785686,California
Orange,2021-03-19,33645,1255960,18454,658774,14738,571605,453,25581,24956,342276,8570,468832,25422,811108,California
Orange,2021-03-20,25850,1281810,13606,672380,12035,583640,209,25790,22030,360767,3754,472586,22245,833353,California
Orange,2021-03-21,18560,1300370,10721,683101,7100,590740,739,26529,15755,374488,2771,475357,16492,849845,California
Orange,2021-03-22,22768,1323138,11792,694893,10658,601398,318,26847,19173,390495,3493,478850,19500,869345,California
Orange,2021-03-23,26058,1349196,13542,708435,11872,613270,644,27491,20682,406531,5293,484143,21329,890674,California
Orange,2021-03-24,29251,1378447,16360,724795,11963,625233,928,28419,22052,422408,7104,491247,22981,913655,California
Orange,2021-03-25,32507,1410954,17260,742055,14535,639768,712,29131,24266,439248,8138,499385,24978,938633,California
Orange,2021-03-26,34955,1445909,18150,760205,15935,655703,870,30001,24879,455043,9958,509343,25753,964386,California
Orange,2021-03-27,28532,1474441,13663,773868,14552,670255,317,30318,19790,466504,8647,517990,20108,984494,California
Orange,2021-03-28,24919,1499360,12948,786816,11903,682158,68,30386,18620,478978,6218,524208,18692,1003186,California
Orange,2021-03-29,26561,1525921,12156,798972,13838,695996,567,30953,17794,488677,8665,532873,18364,1021550,California
Orange,2021-03-30,30910,1556831,13971,812943,16307,712303,632,31585,20429,499351,10386,543259,21060,1042610,California
Orange,2021-03-31,37179,1594010,19523,832466,16941,729244,715,32300,23770,510550,13289,556548,24488,1067098,California
Orange,2021-04-01,40640,1634650,21342,853808,17418,746662,1880,34180,26232,524415,14233,570781,28098,1095196,California
Orange,2021-04-02,40183,1674833,20277,874085,18088,764750,1818,35998,22701,531565,17373,588154,24523,1119719,California
Orange,2021-04-03,30235,1705068,15738,889823,12753,777503,1744,37742,14277,531705,15871,604025,16011,1135730,California
Orange,2021-04-04,18477,1723545,10732,900555,6979,784482,766,38508,8159,530368,10258,614283,8921,1144651,California
Orange,2021-04-05,30062,1753607,14044,914599,12614,797096,3404,41912,13806,531393,16169,630452,17194,1161845,California
Orange,2021-04-06,33460,1787067,15649,930248,14378,811474,3433,45345,14360,530161,19003,649455,17771,1179616,California
Orange,2021-04-07,36215,1823282,20165,950413,11462,822936,4588,49933,15981,530555,20141,669596,20535,1200151,California
Orange,2021-04-08,39242,1862524,21727,972140,12041,834977,5474,55407,19035,534941,20090,689686,24476,1224627,California
Orange,2021-04-09,41099,1903623,23909,996049,11954,846931,5236,60643,18172,535501,22819,712505,23379,1248006,California
Orange,2021-04-10,34645,1938268,18324,1014373,12077,859008,4244,64887,14369,533907,20179,732684,18585,1266591,California
Orange,2021-04-11,25772,1964040,14591,1028964,7905,866913,3276,68163,9877,531203,15838,748522,13134,1279725,California
Orange,2021-04-12,30659,1994699,15506,1044470,11553,878466,3600,71763,12061,528314,18519,767041,15630,1295355,California
Orange,2021-04-13,32650,2027349,18395,1062865,14186,892652,69,71832,15197,526231,17378,784419,15295,1310650,California
Orange,2021-04-14,34835,2062184,20442,1083307,14357,907009,36,71868,15190,521925,19538,803957,15232,1325882,California
Orange,2021-04-15,40560,2102744,24701,1108008,15845,922854,14,71882,18864,519238,21579,825536,18892,1344774,California
Orange,2021-04-16,41463,2144207,24366,1132374,17069,939923,28,71910,18685,515386,22663,848199,18811,1363585,California
Orange,2021-04-17,30245,2174452,17118,1149492,13120,953043,7,71917,13232,511742,16886,865085,13242,1376827,California
Orange,2021-04-18,21475,2195927,13001,1162493,8474,961517,0,71917,8484,507295,12935,878020,8488,1385315,California
Orange,2021-04-19,32429,2228356,17921,1180414,14505,976022,3,71920,14905,504782,17426,895446,14913,1400228,California
Orange,2021-04-20,35210,2263566,18296,1198710,16908,992930,6,71926,17621,504907,17502,912948,17627,1417855,California
Orange,2021-04-21,40698,2304264,23450,1222160,17239,1010169,9,71935,19300,502936,21283,934231,19312,1437167,California
Orange,2021-04-22,39246,2343510,20725,1242885,18512,1028681,9,71944,16303,496444,22808,957039,16316,1453483,California
Orange,2021-04-23,40179,2383689,20801,1263686,19371,1048052,7,71951,17925,492246,22134,979173,17936,1471419,California
Orange,2021-04-24,31983,2415672,16719,1280405,15232,1063284,32,71983,13405,487193,18492,997665,13439,1484858,California
Orange,2021-04-25,22931,2438603,12941,1293346,9975,1073259,15,71998,9793,483931,13075,1010740,9813,1494671,California
Orange,2021-04-26,28651,2467254,13978,1307324,14477,1087736,196,72194,12411,480412,16126,1026866,12607,1507278,California
Orange,2021-04-27,31103,2498357,14554,1321878,15919,1103655,630,72824,11774,473659,19162,1046028,12409,1519687,California
Orange,2021-04-28,30867,2529224,15460,1337338,14528,1118183,879,73703,12393,468581,18345,1064373,13267,1532954,California
Orange,2021-04-29,31884,2561108,17409,1354747,13515,1131698,960,74663,11326,460408,20450,1084823,12277,1545231,California
Orange,2021-04-30,29824,2590932,17021,1371768,11861,1143559,942,75605,12689,457002,17030,1101853,13624,1558855,California
Orange,2021-05-01,22849,2613781,15680,1387448,6185,1149744,984,76589,8739,452715,14001,1115854,9714,1568569,California
Orange,2021-05-02,15380,2629161,10233,1397681,4501,1154245,646,77235,5356,448755,9957,1125811,5997,1574566,California
Orange,2021-05-03,20572,2649733,12560,1410241,7254,1161499,758,77993,6466,441960,14017,1139828,7222,1581788,California
Orange,2021-05-04,23597,2673330,13472,1423713,9217,1170716,908,78901,8160,435686,15326,1155154,9052,1590840,California
Orange,2021-05-05,24721,2698051,13804,1437517,10022,1180738,895,79796,7989,427967,16602,1171756,8883,1599723,California
Orange,2021-05-06,26391,2724442,15966,1453483,9424,1190162,1001,80797,7270,417242,18988,1190744,8263,1607986,California
Orange,2021-05-07,28730,2753172,17224,1470707,10461,1200623,1045,81842,8040,405845,20478,1211222,9081,1617067,California
Orange,2021-05-08,18370,2771542,12141,1482848,5456,1206079,773,82615,5405,399171,12846,1224068,6172,1623239,California
Orange,2021-05-09,10956,2782498,8331,1491179,2254,1208333,371,82986,2876,394385,8033,1232101,3247,1626486,California
Orange,2021-05-10,18985,2801483,11559,1502738,6656,1214989,770,83756,4268,384798,14625,1246726,5038,1631524,California
Orange,2021-05-11,21829,2823312,12047,1514785,9059,1224048,723,84479,5277,374341,16451,1263177,5994,1637518,California
Orange,2021-05-12,23738,2847050,14708,1529493,8199,1232247,831,85310,6817,365191,16797,1279974,7647,1645165,California
Orange,2021-05-13,21665,2868715,13419,1542912,7667,1239914,579,85889,8135,360481,13426,1293400,8716,1653881,California
Orange,2021-05-14,25659,2894374,16752,1559664,8105,1248019,802,86691,10413,356541,15148,1308548,11208,1665089,California
Orange,2021-05-15,19891,2914265,14349,1574013,4992,1253011,550,87241,8033,353321,11796,1320344,8576,1673665,California
Orange,2021-05-16,15156,2929421,12465,1586478,2352,1255363,339,87580,6474,351502,8631,1328975,6812,1680477,California
Orange,2021-05-17,19295,2948716,12639,1599117,5960,1261323,696,88276,6907,346768,12324,1341299,7590,1688067,California
Orange,2021-05-18,20459,2969175,11907,1611024,7884,1269207,668,88944,8073,343205,12295,1353594,8732,1696799,California
Orange,2021-05-19,22421,2991596,12817,1623841,8936,1278143,668,89612,7904,337366,14403,1367997,8564,1705363,California
Orange,2021-05-20,22283,3013879,13051,1636892,8568,1286711,664,90276,7818,331486,14360,1382357,8480,1713843,California
Orange,2021-05-21,25294,3039173,14432,1651324,10144,1296855,718,90994,8391,323795,16799,1399156,9108,1722951,California
Orange,2021-05-22,18151,3057324,12062,1663386,5551,1302406,538,91532,6880,320031,11181,1410337,7417,1730368,California
Orange,2021-05-23,9739,3067063,6681,1670067,2785,1305191,273,91805,3440,317488,6257,1416594,3714,1734082,California
Orange,2021-05-24,15313,3082376,8990,1679057,5708,1310899,615,92420,5675,314225,9547,1426141,6284,1740366,California
Orange,2021-05-25,15571,3097947,9168,1688225,5883,1316782,520,92940,5619,310514,9845,1435986,6134,1746500,California
Orange,2021-05-26,15179,3113126,8511,1696736,6177,1322959,491,93431,5687,307280,9408,1445394,6174,1752674,California
Orange,2021-05-27,14338,3127464,8609,1705345,5173,1328132,556,93987,6379,306308,7891,1453285,6919,1759593,California
Orange,2021-05-28,16696,3144160,9835,1715180,6235,1334367,626,94613,7387,305094,9218,1462503,8004,1767597,California
Orange,2021-05-29,8933,3153093,5228,1720408,3349,1337716,356,94969,4126,304818,4752,1467255,4476,1772073,California
Orange,2021-05-30,5973,3159066,3881,1724289,1818,1339534,274,95243,2163,303476,3776,1471031,2434,1774507,California
Orange,2021-05-31,1703,3160769,1049,1725338,608,1340142,46,95289,556,302946,1132,1472163,602,1775109,California
Orange,2021-06-01,13323,3174092,7717,1733055,5120,1345262,486,95775,5150,300502,8075,1480238,5631,1780740,California
Orange,2021-06-02,12949,3187041,8022,1741077,4510,1349772,417,96192,4528,297165,8276,1488514,4939,1785679,California
Orange,2021-06-03,12791,3199832,8822,1749899,3518,1353290,451,96643,4483,293846,8245,1496759,4926,1790605,California
Orange,2021-06-04,16805,3216637,11861,1761760,4370,1357660,574,97217,5276,288245,11450,1508209,5849,1796454,California
Orange,2021-06-05,12815,3229452,9658,1771418,2781,1360441,376,97593,3971,283798,8792,1517001,4345,1800799,California
Orange,2021-06-06,5291,3234743,4506,1775924,595,1361036,190,97783,1934,282586,3336,1520337,2124,1802923,California
Orange,2021-06-07,10602,3245345,7475,1783399,2678,1363714,449,98232,3419,279330,7115,1527452,3859,1806782,California
Orange,2021-06-08,11843,3257188,8483,1791882,2875,1366589,485,98717,3732,275521,8027,1535479,4218,1811000,California
Orange,2021-06-09,8109,3265297,5374,1797256,2435,1369024,300,99017,2049,271872,5994,1541473,2345,1813345,California
Orange,2021-06-10,7902,3273199,5799,1803055,1793,1370817,310,99327,2202,268724,5658,1547131,2510,1815855,California
Orange,2021-06-11,7998,3281197,5255,1808310,2395,1373212,348,99675,2526,266178,5417,1552548,2871,1818726,California
Orange,2021-06-12,2081,3283278,1548,1809858,431,1373643,102,99777,609,265431,1459,1554007,712,1819438,California
Placer,2020-12-15,29,29,29,29,0,0,0,0,29,29,0,0,29,29,California
Placer,2020-12-16,54,83,54,83,0,0,0,0,54,83,0,0,54,83,California
Placer,2020-12-17,149,232,149,232,0,0,0,0,149,232,0,0,149,232,California
Placer,2020-12-18,426,658,426,658,0,0,0,0,426,658,0,0,426,658,California
Placer,2020-12-19,253,911,253,911,0,0,0,0,253,911,0,0,253,911,California
Placer,2020-12-20,229,1140,229,1140,0,0,0,0,229,1140,0,0,229,1140,California
Placer,2020-12-21,505,1645,503,1643,2,2,0,0,505,1645,0,0,505,1645,California
Placer,2020-12-22,679,2324,672,2315,7,9,0,0,679,2324,0,0,679,2324,California
Placer,2020-12-23,750,3074,662,2977,88,97,0,0,750,3074,0,0,750,3074,California
Placer,2020-12-24,409,3483,358,3335,51,148,0,0,409,3483,0,0,409,3483,California
Placer,2020-12-26,163,3646,118,3453,45,193,0,0,163,3646,0,0,163,3646,California
Placer,2020-12-27,182,3828,161,3614,21,214,0,0,182,3828,0,0,182,3828,California
Placer,2020-12-28,672,4500,548,4162,124,338,0,0,672,4500,0,0,672,4500,California
Placer,2020-12-29,769,5269,521,4683,248,586,0,0,769,5269,0,0,769,5269,California
Placer,2020-12-30,735,6004,460,5143,275,861,0,0,734,6003,0,0,734,6003,California
Placer,2020-12-31,546,6550,360,5503,186,1047,0,0,546,6549,0,0,546,6549,California
Placer,2021-01-01,16,6566,12,5515,4,1051,0,0,16,6565,0,0,16,6565,California
Placer,2021-01-02,190,6756,158,5673,32,1083,0,0,190,6755,0,0,190,6755,California
Placer,2021-01-03,154,6910,77,5750,77,1160,0,0,154,6909,0,0,154,6909,California
Placer,2021-01-04,627,7537,185,5935,442,1602,0,0,627,7536,0,0,627,7536,California
Placer,2021-01-05,722,8259,158,6093,564,2166,0,0,635,8086,86,86,636,8172,California
Placer,2021-01-06,761,9020,244,6337,517,2683,0,0,612,8549,149,235,612,8784,California
Placer,2021-01-07,982,10002,368,6705,614,3297,0,0,755,9077,227,462,755,9539,California
Placer,2021-01-08,1179,11181,527,7232,652,3949,0,0,787,9475,389,851,787,10326,California
Placer,2021-01-09,455,11636,323,7555,132,4081,0,0,237,9495,217,1068,237,10563,California
Placer,2021-01-10,335,11971,185,7740,150,4231,0,0,168,9496,167,1235,168,10731,California
Placer,2021-01-11,1434,13405,812,8552,622,4853,0,0,841,9745,593,1828,842,11573,California
Placer,2021-01-12,1660,15065,876,9428,784,5637,0,0,1058,10203,601,2429,1059,12632,California
Placer,2021-01-13,1640,16705,823,10251,817,6454,0,0,1215,10999,423,2852,1219,13851,California
Placer,2021-01-14,1810,18515,689,10940,1121,7575,0,0,1429,12054,378,3230,1433,15284,California
Placer,2021-01-15,1945,20460,730,11670,1215,8790,0,0,1588,13287,356,3586,1589,16873,California
Placer,2021-01-16,1450,21910,717,12387,733,9523,0,0,1328,14494,122,3708,1329,18202,California
Placer,2021-01-17,576,22486,397,12784,179,9702,0,0,437,14792,139,3847,437,18639,California
Placer,2021-01-18,992,23478,554,13338,438,10140,0,0,750,15301,242,4089,751,19390,California
Placer,2021-01-19,2644,26122,1977,15315,667,10807,0,0,2186,17030,458,4547,2187,21577,California
Placer,2021-01-20,2303,28425,1728,17043,575,11382,0,0,1963,18654,340,4887,1964,23541,California
Placer,2021-01-21,2592,31017,1141,18184,1451,12833,0,0,2193,20454,397,5284,2197,25738,California
Placer,2021-01-22,2363,33380,651,18835,1712,14545,0,0,2187,22468,174,5458,2188,27926,California
Placer,2021-01-23,1187,34567,385,19220,802,15347,0,0,1028,23337,159,5617,1028,28954,California
Placer,2021-01-24,501,35068,257,19477,244,15591,0,0,429,23695,72,5689,430,29384,California
Placer,2021-01-25,1692,36760,819,20296,873,16464,0,0,1395,24794,297,5986,1396,30780,California
Placer,2021-01-26,1869,38629,1035,21331,834,17298,0,0,1601,26127,268,6254,1601,32381,California
Placer,2021-01-27,1839,40468,1152,22483,687,17985,0,0,1589,27469,248,6502,1590,33971,California
Placer,2021-01-28,1806,42274,1120,23603,686,18671,0,0,1561,28787,243,6745,1561,35532,California
Placer,2021-01-29,1902,44176,1167,24770,735,19406,0,0,1707,30302,194,6939,1709,37241,California
Placer,2021-01-30,1724,45900,969,25739,755,20161,0,0,1603,31785,120,7059,1603,38844,California
Placer,2021-01-31,784,46684,623,26362,161,20322,0,0,712,32426,72,7131,713,39557,California
Placer,2021-02-01,2082,48766,1091,27453,991,21313,0,0,1763,33871,318,7449,1763,41320,California
Placer,2021-02-02,2387,51153,1541,28994,846,22159,0,0,1891,35269,493,7942,1891,43211,California
Placer,2021-02-03,2924,54077,1889,30883,1035,23194,0,0,2298,36945,622,8564,2298,45509,California
Placer,2021-02-04,2733,56810,1182,32065,1551,24745,0,0,1906,38029,823,9387,1907,47416,California
Placer,2021-02-05,2708,59518,1211,33276,1497,26242,0,0,1372,38070,1331,10718,1372,48788,California
Placer,2021-02-06,1948,61466,1315,34591,633,26875,0,0,1400,38922,548,11266,1400,50188,California
Placer,2021-02-07,1188,62654,873,35464,315,27190,0,0,899,39533,288,11554,899,51087,California
Placer,2021-02-08,3295,65949,1766,37230,1529,28719,0,0,1930,40106,1358,12912,1931,53018,California
Placer,2021-02-09,3541,69490,2175,39405,1366,30085,0,0,1614,39796,1924,14836,1614,54632,California
Placer,2021-02-10,3761,73251,2207,41612,1554,31639,0,0,1744,39528,2014,16850,1746,56378,California
Placer,2021-02-11,3697,76948,1913,43525,1784,33423,0,0,1555,38955,2129,18979,1556,57934,California
Placer,2021-02-12,2844,79792,1327,44852,1517,34940,0,0,1662,39473,1145,20124,1663,59597,California
Placer,2021-02-13,2502,82294,1458,46310,1044,35984,0,0,1875,40721,627,20751,1875,61472,California
Placer,2021-02-14,1090,83384,678,46988,412,36396,0,0,736,41105,352,21103,736,62208,California
Placer,2021-02-15,2239,85623,1034,48022,1205,37601,0,0,1521,41910,718,21821,1523,63731,California
Placer,2021-02-16,3563,89186,1775,49797,1788,39389,0,0,1571,41499,1983,23804,1572,65303,California
Placer,2021-02-17,3535,92721,1954,51751,1581,40970,0,0,1496,40961,2035,25839,1497,66800,California
Placer,2021-02-18,3804,96525,2054,53805,1750,42720,0,0,1611,40390,2183,28022,1612,68412,California
Placer,2021-02-19,3624,100149,1931,55736,1693,44413,0,0,1353,39477,2267,30289,1354,69766,California
Placer,2021-02-20,2028,102177,1270,57006,758,45171,0,0,921,39301,1100,31389,924,70690,California
Placer,2021-02-21,996,103173,735,57741,261,45432,0,0,291,38891,702,32091,292,70982,California
Placer,2021-02-22,2553,105726,1793,59534,760,46192,0,0,614,37566,1939,34030,614,71596,California
Placer,2021-02-23,2577,108303,1603,61137,974,47166,0,0,894,36778,1682,35712,894,72490,California
Placer,2021-02-24,3329,111632,1184,62321,2145,49311,0,0,1830,37120,1490,37202,1832,74322,California
Placer,2021-02-25,3732,115364,1540,63861,2192,51503,0,0,2053,37504,1671,38873,2055,76377,California
Placer,2021-02-26,4256,119620,2460,66321,1796,53299,0,0,2461,38174,1791,40664,2461,78838,California
Placer,2021-02-27,2880,122500,1518,67839,1362,54661,0,0,1479,38261,1395,42059,1482,80320,California
Placer,2021-02-28,1544,124044,845,68684,699,55360,0,0,723,38168,816,42875,723,81043,California
Placer,2021-03-01,3191,127235,2125,70809,1066,56426,0,0,1624,38233,1559,44434,1624,82667,California
Placer,2021-03-02,2871,130106,1766,72575,1105,57531,0,0,1885,39137,981,45415,1885,84552,California
Placer,2021-03-03,3332,133438,1440,74015,1892,59423,0,0,1820,39452,1506,46921,1821,86373,California
Placer,2021-03-04,3603,137041,1449,75464,2154,61577,0,0,1879,39619,1713,48634,1880,88253,California
Placer,2021-03-05,2979,140020,1025,76489,1933,63510,21,21,1797,40258,1179,49813,1818,90071,California
Placer,2021-03-06,2425,142445,1503,77992,825,64335,97,118,930,39798,1487,51300,1027,91098,California
Placer,2021-03-07,1317,143762,764,78756,515,64850,38,156,543,39608,771,52071,581,91679,California
Placer,2021-03-08,2889,146651,1816,80572,961,65811,112,268,1645,40123,1242,53313,1757,93436,California
Placer,2021-03-09,3168,149819,1690,82262,1393,67204,85,353,1834,40710,1332,54645,1919,95355,California
Placer,2021-03-10,3294,153113,1327,83589,1862,69066,105,458,1730,40987,1558,56203,1835,97190,California
Placer,2021-03-11,3635,156748,1653,85242,1855,70921,127,585,1751,40992,1875,58078,1880,99070,California
Placer,2021-03-12,3697,160445,1500,86742,1416,72337,781,1366,1252,40588,2438,60516,2034,101104,California
Placer,2021-03-13,2129,162574,746,87488,1260,73597,123,1489,1110,40805,1016,61532,1233,102337,California
Placer,2021-03-14,1657,164231,681,88169,826,74423,150,1639,901,41100,756,62288,1051,103388,California
Placer,2021-03-15,3196,167427,1542,89711,1523,75946,131,1770,1761,41562,1431,63719,1893,105281,California
Placer,2021-03-16,3595,171022,1933,91644,1528,77474,134,1904,2279,42670,1304,65023,2412,107693,California
Placer,2021-03-17,3472,174494,1756,93400,1612,79086,104,2008,2231,43768,1238,66261,2336,110029,California
Placer,2021-03-18,4102,178596,2335,95735,1728,80814,39,2047,2863,45437,1232,67493,2901,112930,California
Placer,2021-03-19,3457,182053,2072,97807,1120,81934,265,2312,2150,46551,1299,68792,2413,115343,California
Placer,2021-03-20,2153,184206,911,98718,1152,83086,90,2402,1319,47130,829,69621,1408,116751,California
Placer,2021-03-21,1267,185473,582,99300,675,83761,10,2412,879,47634,385,70006,889,117640,California
Placer,2021-03-22,3301,188774,2119,101419,1090,84851,92,2504,2141,48711,1156,71162,2233,119873,California
Placer,2021-03-23,3548,192322,2106,103525,1353,86204,89,2593,2528,50314,1015,72177,2618,122491,California
Placer,2021-03-24,3810,196132,1999,105524,1712,87916,99,2692,1934,50492,1855,74032,2033,124524,California
Placer,2021-03-25,3851,199983,1856,107380,1898,89814,97,2789,1725,50198,2115,76147,1821,126345,California
Placer,2021-03-26,3761,203744,1664,109044,1867,91681,230,3019,1506,49694,2240,78387,1736,128081,California
Placer,2021-03-27,1579,205323,465,109509,1094,92775,20,3039,603,49347,969,79356,622,128703,California
Placer,2021-03-28,1098,206421,530,110039,559,93334,9,3048,307,48877,786,80142,316,129019,California
Placer,2021-03-29,3566,209987,2003,112042,1529,94863,34,3082,1733,48823,1824,81966,1770,130789,California
Placer,2021-03-30,3983,213970,2102,114144,1837,96700,44,3126,2085,49067,1884,83850,2128,132917,California
Placer,2021-03-31,4109,218079,1837,115981,2196,98896,76,3202,1693,48426,2409,86259,1768,134685,California
Placer,2021-04-01,2982,221061,1441,117422,1493,100389,48,3250,1659,48815,1318,87577,1707,136392,California
Placer,2021-04-02,2840,223901,1471,118893,1304,101693,65,3315,1582,49210,1251,88828,1646,138038,California
Placer,2021-04-03,1844,225745,988,119881,727,102420,129,3444,888,49277,948,89776,1015,139053,California
Placer,2021-04-04,707,226452,358,120239,295,102715,54,3498,281,49189,423,90199,335,139388,California
Placer,2021-04-05,3021,229473,1911,122150,928,103643,182,3680,1755,49865,1260,91459,1936,141324,California
Placer,2021-04-06,4285,233758,2484,124634,1502,105145,299,3979,1511,48908,2766,94225,1809,143133,California
Placer,2021-04-07,4561,238319,2605,127239,1498,106643,458,4437,2070,48948,2484,96709,2524,145657,California
Placer,2021-04-08,4731,243050,2620,129859,1571,108214,540,4977,1584,47934,3136,99845,2122,147779,California
Placer,2021-04-09,4128,247178,2270,132129,1238,109452,620,5597,1239,46914,2881,102726,1861,149640,California
Placer,2021-04-10,2045,249223,894,133023,969,110421,182,5779,870,46793,1172,103898,1051,150691,California
Placer,2021-04-11,1372,250595,533,133556,807,111228,32,5811,461,46378,907,104805,492,151183,California
Placer,2021-04-12,4110,254705,2653,136209,1073,112301,384,6195,2475,47609,1627,106432,2858,154041,California
Placer,2021-04-13,4372,259077,3010,139219,1361,113662,1,6196,2216,47675,2152,108584,2218,156259,California
Placer,2021-04-14,4174,263251,2581,141800,1592,115254,1,6197,1875,47261,2289,110873,1875,158134,California
Placer,2021-04-15,4512,267763,2521,144321,1990,117244,1,6198,2361,47482,2141,113014,2362,160496,California
Placer,2021-04-16,3669,271432,2180,146501,1489,118733,0,6198,1424,46667,2239,115253,1424,161920,California
Placer,2021-04-17,2427,273859,841,147342,1586,120319,0,6198,1514,47273,908,116161,1514,163434,California
Placer,2021-04-18,1187,275046,256,147598,931,121250,0,6198,408,46904,777,116938,408,163842,California
Placer,2021-04-19,2938,277984,1803,149401,1135,122385,0,6198,1154,46279,1780,118718,1155,164997,California
Placer,2021-04-20,3818,281802,2468,151869,1350,123735,0,6198,2422,47314,1387,120105,2422,167419,California
Placer,2021-04-21,3670,285472,2404,154273,1265,125000,1,6199,2390,48428,1277,121382,2391,169810,California
Placer,2021-04-22,3661,289133,2275,156548,1386,126386,0,6199,1741,48252,1917,123299,1741,171551,California
Placer,2021-04-23,3509,292642,2320,158868,1188,127574,1,6200,1371,47493,2131,125430,1372,172923,California
Placer,2021-04-24,2086,294728,1265,160133,820,128394,1,6201,1216,47848,861,126291,1216,174139,California
Placer,2021-04-25,907,295635,501,160634,406,128800,0,6201,560,48061,347,126638,560,174699,California
Placer,2021-04-26,2481,298116,1330,161964,1128,129928,23,6224,1213,48037,1259,127897,1235,175934,California
Placer,2021-04-27,2729,300845,1421,163385,1259,131187,49,6273,1549,48459,1176,129073,1598,177532,California
Placer,2021-04-28,2999,303844,1884,165269,1078,132265,37,6310,1599,48705,1391,130464,1637,179169,California
Placer,2021-04-29,3367,307211,2180,167449,1133,133398,54,6364,1406,48210,1955,132419,1460,180629,California
Placer,2021-04-30,2971,310182,1794,169243,1128,134526,49,6413,1186,47666,1779,134198,1235,181864,California
Placer,2021-05-01,1325,311507,929,170172,370,134896,26,6439,602,47576,717,134915,627,182491,California
Placer,2021-05-02,734,312241,575,170747,137,135033,22,6461,334,47534,398,135313,356,182847,California
Placer,2021-05-03,1604,313845,985,171732,552,135585,67,6528,435,46869,1166,136479,501,183348,California
Placer,2021-05-04,2307,316152,1300,173032,843,136428,164,6692,865,46462,1436,137915,1029,184377,California
Placer,2021-05-05,3675,319827,2485,175517,1086,137514,104,6796,965,44828,2703,140618,1069,185446,California
Placer,2021-05-06,3090,322917,1892,177409,1121,138635,77,6873,811,43462,2254,142872,888,186334,California
Placer,2021-05-07,2809,325726,1895,179304,823,139458,91,6964,796,42346,2003,144875,887,187221,California
Placer,2021-05-08,1328,327054,712,180016,575,140033,41,7005,396,41850,931,145806,435,187656,California
Placer,2021-05-09,434,327488,203,180219,211,140244,20,7025,213,41861,221,146027,232,187888,California
Placer,2021-05-10,1914,329402,1020,181239,798,141042,96,7121,429,40905,1481,147508,525,188413,California
Placer,2021-05-11,2903,332305,2076,183315,711,141753,116,7237,617,39362,2276,149784,733,189146,California
Placer,2021-05-12,2886,335191,1994,185309,835,142588,57,7294,731,38003,2148,151932,789,189935,California
Placer,2021-05-13,2861,338052,1855,187164,958,143546,48,7342,1035,37261,1824,153756,1082,191017,California
Placer,2021-05-14,2749,340801,1825,188989,794,144340,130,7472,1352,37357,1383,155139,1479,192496,California
Placer,2021-05-15,2055,342856,1345,190334,686,145026,24,7496,909,37150,1140,156279,933,193429,California
Placer,2021-05-16,1009,343865,529,190863,461,145487,19,7515,345,36852,662,156941,364,193793,California
Placer,2021-05-17,2361,346226,1572,192435,714,146201,75,7590,1028,36626,1329,158270,1103,194896,California
Placer,2021-05-18,2485,348711,1673,194108,733,146934,79,7669,1127,36478,1354,159624,1206,196102,California
Placer,2021-05-19,2512,351223,1594,195702,872,147806,46,7715,880,35777,1627,161251,926,197028,California
Placer,2021-05-20,2509,353732,1634,197336,827,148633,48,7763,885,35092,1616,162867,931,197959,California
Placer,2021-05-21,2442,356174,1524,198860,772,149405,146,7909,1083,34968,1351,164218,1227,199186,California
Placer,2021-05-22,1595,357769,1050,199910,502,149907,43,7952,753,34927,837,165055,796,199982,California
Placer,2021-05-23,576,358345,326,200236,235,150142,15,7967,261,34890,314,165369,277,200259,California
Placer,2021-05-24,1478,359823,740,200976,603,150745,135,8102,426,34402,1049,166418,561,200820,California
Placer,2021-05-25,1780,361603,940,201916,742,151487,98,8200,647,34021,1126,167544,745,201565,California
Placer,2021-05-26,1577,363180,905,202821,631,152118,41,8241,619,33729,953,168497,661,202226,California
Placer,2021-05-27,1440,364620,708,203529,689,152807,43,8284,657,33655,774,169271,700,202926,California
Placer,2021-05-28,1681,366301,856,204385,732,153539,93,8377,721,33514,955,170226,814,203740,California
Placer,2021-05-29,725,367026,402,204787,292,153831,31,8408,362,33547,359,170585,392,204132,California
Placer,2021-05-30,339,367365,231,205018,94,153925,14,8422,219,33661,119,170704,233,204365,California
Placer,2021-05-31,145,367510,67,205085,61,153986,17,8439,28,33589,116,170820,44,204409,California
Placer,2021-06-01,1677,369187,882,205967,722,154708,73,8512,629,33248,1043,171863,702,205111,California
Placer,2021-06-02,1495,370682,762,206729,666,155374,67,8579,484,32789,1010,172873,551,205662,California
Placer,2021-06-03,1689,372371,1036,207765,595,155969,58,8637,430,32021,1255,174128,487,206149,California
Placer,2021-06-04,1864,374235,1325,209090,485,156454,54,8691,466,31150,1389,175517,518,206667,California
Placer,2021-06-05,1087,375322,771,209861,275,156729,41,8732,278,30664,805,176322,319,206986,California
Placer,2021-06-06,475,375797,338,210199,120,156849,17,8749,128,30463,346,176668,145,207131,California
Placer,2021-06-07,1011,376808,687,210886,260,157109,64,8813,221,29959,787,177455,283,207414,California
Placer,2021-06-08,1653,378461,1269,212155,336,157445,48,8861,419,29194,1231,178686,466,207880,California
Placer,2021-06-09,740,379201,530,212685,166,157611,44,8905,159,28818,579,179265,203,208083,California
Placer,2021-06-10,804,380005,537,213222,213,157824,54,8959,186,28442,615,179880,239,208322,California
Placer,2021-06-11,882,380887,639,213861,215,158039,28,8987,179,27948,700,180580,206,208528,California
Placer,2021-06-12,522,381409,411,214272,101,158140,10,8997,86,27608,436,181016,96,208624,California
Plumas,2020-12-18,4,4,4,4,0,0,0,0,4,4,0,0,4,4,California
Plumas,2020-12-19,1,5,1,5,0,0,0,0,1,5,0,0,1,5,California
Plumas,2020-12-21,45,50,45,50,0,0,0,0,45,50,0,0,45,50,California
Plumas,2020-12-22,94,144,94,144,0,0,0,0,94,144,0,0,94,144,California
Plumas,2020-12-23,50,194,50,194,0,0,0,0,50,194,0,0,50,194,California
Plumas,2020-12-24,7,201,7,201,0,0,0,0,7,201,0,0,7,201,California
Plumas,2020-12-28,8,209,0,201,8,8,0,0,8,209,0,0,8,209,California
Plumas,2020-12-29,33,242,23,224,10,18,0,0,33,242,0,0,33,242,California
Plumas,2020-12-30,23,265,1,225,22,40,0,0,23,265,0,0,23,265,California
Plumas,2020-12-31,4,269,1,226,3,43,0,0,4,269,0,0,4,269,California
Plumas,2021-01-01,1,270,0,226,1,44,0,0,1,270,0,0,1,270,California
Plumas,2021-01-02,1,271,0,226,1,45,0,0,1,271,0,0,1,271,California
Plumas,2021-01-04,10,281,3,229,7,52,0,0,10,281,0,0,10,281,California
Plumas,2021-01-05,24,305,1,230,23,75,0,0,24,305,0,0,24,305,California
Plumas,2021-01-06,121,426,5,235,116,191,0,0,121,426,0,0,121,426,California
Plumas,2021-01-07,52,478,2,237,50,241,0,0,51,476,1,1,51,477,California
Plumas,2021-01-08,12,490,5,242,7,248,0,0,8,480,4,5,8,485,California
Plumas,2021-01-09,1,491,1,243,0,248,0,0,0,479,1,6,0,485,California
Plumas,2021-01-11,58,549,50,293,8,256,0,0,11,443,47,53,11,496,California
Plumas,2021-01-12,157,706,88,381,69,325,0,0,71,428,86,139,71,567,California
Plumas,2021-01-13,55,761,50,431,5,330,0,0,9,391,46,185,9,576,California
Plumas,2021-01-14,99,860,15,446,84,414,0,0,93,478,6,191,93,669,California
Plumas,2021-01-15,62,922,7,453,55,469,0,0,60,536,2,193,60,729,California
Plumas,2021-01-16,58,980,1,454,57,526,0,0,58,594,0,193,58,787,California
Plumas,2021-01-18,2,982,1,455,1,527,0,0,2,596,0,193,2,789,California
Plumas,2021-01-19,37,1019,5,460,32,559,0,0,33,625,4,197,33,822,California
Plumas,2021-01-20,135,1154,3,463,132,691,0,0,132,754,3,200,132,954,California
Plumas,2021-01-21,112,1266,2,465,110,801,0,0,112,866,0,200,112,1066,California
Plumas,2021-01-22,5,1271,1,466,4,805,0,0,5,871,0,200,5,1071,California
Plumas,2021-01-23,96,1367,2,468,94,899,0,0,96,967,0,200,96,1167,California
Plumas,2021-01-24,1,1368,1,469,0,899,0,0,1,968,0,200,1,1168,California
Plumas,2021-01-25,9,1377,6,475,3,902,0,0,7,973,2,202,7,1175,California
Plumas,2021-01-26,60,1437,2,477,58,960,0,0,52,1017,8,210,52,1227,California
Plumas,2021-01-27,27,1464,22,499,5,965,0,0,7,1004,20,230,7,1234,California
Plumas,2021-01-28,25,1489,1,500,24,989,0,0,23,1025,2,232,23,1257,California
Plumas,2021-01-29,8,1497,2,502,6,995,0,0,7,1031,1,233,7,1264,California
Plumas,2021-01-30,7,1504,3,505,4,999,0,0,6,1036,1,234,6,1270,California
Plumas,2021-01-31,3,1507,3,508,0,999,0,0,3,1039,0,234,3,1273,California
Plumas,2021-02-01,17,1524,2,510,15,1014,0,0,8,1038,9,243,8,1281,California
Plumas,2021-02-02,24,1548,2,512,22,1036,0,0,3,1020,21,264,3,1284,California
Plumas,2021-02-03,127,1675,8,520,119,1155,0,0,14,922,112,376,14,1298,California
Plumas,2021-02-04,102,1777,9,529,93,1248,0,0,23,866,79,455,23,1321,California
Plumas,2021-02-05,27,1804,12,541,15,1263,0,0,12,863,15,470,12,1333,California
Plumas,2021-02-06,7,1811,0,541,7,1270,0,0,7,870,0,470,7,1340,California
Plumas,2021-02-08,14,1825,5,546,9,1279,0,0,2,860,12,482,2,1342,California
Plumas,2021-02-09,173,1998,3,549,170,1449,0,0,112,911,61,543,112,1454,California
Plumas,2021-02-10,105,2103,8,557,97,1546,0,0,99,1005,6,549,100,1554,California
Plumas,2021-02-11,340,2443,6,563,334,1880,0,0,280,1225,60,609,280,1834,California
Plumas,2021-02-12,124,2567,4,567,120,2000,0,0,118,1337,6,615,118,1952,California
Plumas,2021-02-13,76,2643,6,573,70,2070,0,0,16,1293,60,675,16,1968,California
Plumas,2021-02-14,8,2651,5,578,3,2073,0,0,8,1301,0,675,8,1976,California
Plumas,2021-02-15,28,2679,5,583,23,2096,0,0,25,1323,3,678,25,2001,California
Plumas,2021-02-16,80,2759,5,588,75,2171,0,0,16,1275,64,742,16,2017,California
Plumas,2021-02-17,150,2909,5,593,145,2316,0,0,12,1149,138,880,12,2029,California
Plumas,2021-02-18,132,3041,7,600,125,2441,0,0,22,1062,110,990,23,2052,California
Plumas,2021-02-19,43,3084,6,606,37,2478,0,0,8,1035,35,1025,8,2060,California
Plumas,2021-02-20,106,3190,7,613,99,2577,0,0,13,955,93,1118,13,2073,California
Plumas,2021-02-21,6,3196,5,618,1,2578,0,0,2,953,4,1122,2,2075,California
Plumas,2021-02-22,4,3200,1,619,3,2581,0,0,0,949,4,1126,0,2075,California
Plumas,2021-02-23,25,3225,5,624,20,2601,0,0,17,958,8,1134,17,2092,California
Plumas,2021-02-24,477,3702,9,633,468,3069,0,0,464,1409,13,1147,464,2556,California
Plumas,2021-02-25,237,3939,11,644,226,3295,0,0,174,1520,63,1210,174,2730,California
Plumas,2021-02-26,267,4206,8,652,259,3554,0,0,258,1770,9,1219,259,2989,California
Plumas,2021-02-27,41,4247,4,656,37,3591,0,0,33,1795,8,1227,33,3022,California
Plumas,2021-02-28,4,4251,0,656,4,3595,0,0,4,1799,0,1227,4,3026,California
Plumas,2021-03-01,17,4268,2,658,15,3610,0,0,11,1805,5,1232,11,3037,California
Plumas,2021-03-02,11,4279,1,659,10,3620,0,0,7,1809,3,1235,7,3044,California
Plumas,2021-03-03,171,4450,10,669,161,3781,0,0,155,1948,16,1251,155,3199,California
Plumas,2021-03-04,251,4701,8,677,243,4024,0,0,230,2157,21,1272,230,3429,California
Plumas,2021-03-05,398,5099,5,682,388,4412,5,5,388,2540,10,1282,393,3822,California
Plumas,2021-03-06,20,5119,3,685,9,4421,8,13,3,2534,17,1299,11,3833,California
Plumas,2021-03-07,14,5133,3,688,2,4423,9,22,4,2537,10,1309,13,3846,California
Plumas,2021-03-08,32,5165,3,691,4,4427,25,47,5,2540,27,1336,30,3876,California
Plumas,2021-03-09,135,5300,4,695,116,4543,15,62,19,2458,116,1452,34,3910,California
Plumas,2021-03-10,292,5592,3,698,275,4818,14,76,110,2401,181,1633,124,4034,California
Plumas,2021-03-11,185,5777,9,707,171,4989,5,81,149,2519,36,1669,154,4188,California
Plumas,2021-03-12,597,6374,7,714,303,5292,287,368,25,2259,572,2241,312,4500,California
Plumas,2021-03-13,26,6400,5,719,10,5302,11,379,5,2254,21,2262,16,4516,California
Plumas,2021-03-14,12,6412,3,722,4,5306,5,384,1,2250,10,2272,6,4522,California
Plumas,2021-03-15,35,6447,1,723,27,5333,7,391,7,2236,28,2300,14,4536,California
Plumas,2021-03-16,61,6508,3,726,57,5390,1,392,49,2274,12,2312,50,4586,California
Plumas,2021-03-17,73,6581,9,735,63,5453,1,393,56,2315,16,2328,57,4643,California
Plumas,2021-03-18,59,6640,5,740,38,5491,16,409,10,2292,49,2377,26,4669,California
Plumas,2021-03-19,163,6803,5,745,156,5647,2,411,155,2444,6,2383,158,4827,California
Plumas,2021-03-20,709,7512,4,749,704,6351,1,412,688,3114,19,2402,689,5516,California
Plumas,2021-03-21,2,7514,1,750,1,6352,0,412,1,3115,0,2402,1,5517,California
Plumas,2021-03-22,198,7712,2,752,196,6548,0,412,191,3299,7,2409,191,5708,California
Plumas,2021-03-23,28,7740,2,754,26,6574,0,412,14,3299,14,2423,14,5722,California
Plumas,2021-03-24,684,8424,6,760,677,7251,1,413,231,3079,452,2875,232,5954,California
Plumas,2021-03-25,308,8732,7,767,299,7550,2,415,164,3099,144,3019,164,6118,California
Plumas,2021-03-26,315,9047,8,775,307,7857,0,415,46,2877,268,3287,46,6164,California
Plumas,2021-03-27,12,9059,1,776,10,7867,1,416,3,2872,9,3296,4,6168,California
Plumas,2021-03-28,10,9069,4,780,5,7872,1,417,4,2871,6,3302,5,6173,California
Plumas,2021-03-29,12,9081,4,784,7,7879,1,418,4,2868,8,3310,5,6178,California
Plumas,2021-03-30,175,9256,4,788,169,8048,2,420,27,2749,148,3458,29,6207,California
Plumas,2021-03-31,290,9546,3,791,286,8334,1,421,269,2998,21,3479,270,6477,California
Plumas,2021-04-01,306,9852,11,802,293,8627,2,423,62,2820,241,3720,63,6540,California
Plumas,2021-04-02,377,10229,4,806,371,8998,2,425,30,2516,336,4056,32,6572,California
Plumas,2021-04-03,13,10242,2,808,5,9003,6,431,2,2513,11,4067,8,6580,California
Plumas,2021-04-04,3,10245,1,809,1,9004,1,432,0,2511,3,4070,1,6581,California
Plumas,2021-04-05,16,10261,6,815,8,9012,2,434,4,2506,11,4081,6,6587,California
Plumas,2021-04-06,129,10390,7,822,96,9108,26,460,15,2433,114,4195,41,6628,California
Plumas,2021-04-07,291,10681,8,830,103,9211,180,640,29,2380,262,4457,209,6837,California
Plumas,2021-04-08,153,10834,2,832,133,9344,18,658,36,2317,116,4573,53,6890,California
Plumas,2021-04-09,50,10884,9,841,24,9368,17,675,17,2317,33,4606,33,6923,California
Plumas,2021-04-10,22,10906,1,842,4,9372,17,692,3,2318,19,4625,20,6943,California
Plumas,2021-04-11,2,10908,1,843,0,9372,1,693,1,2319,1,4626,2,6945,California
Plumas,2021-04-12,12,10920,4,847,5,9377,3,696,6,2322,6,4632,9,6954,California
Plumas,2021-04-13,215,11135,5,852,210,9587,0,696,150,2407,65,4697,150,7104,California
Plumas,2021-04-14,110,11245,6,858,104,9691,0,696,56,2410,53,4750,56,7160,California
Plumas,2021-04-15,52,11297,2,860,50,9741,0,696,35,2428,17,4767,35,7195,California
Plumas,2021-04-16,144,11441,3,863,141,9882,0,696,3,2290,141,4908,3,7198,California
Plumas,2021-04-17,680,12121,2,865,678,10560,0,696,19,1650,659,5567,19,7217,California
Plumas,2021-04-18,3,12124,3,868,0,10560,0,696,0,1647,3,5570,0,7217,California
Plumas,2021-04-19,38,12162,2,870,36,10596,0,696,5,1619,33,5603,5,7222,California
Plumas,2021-04-20,44,12206,5,875,39,10635,0,696,28,1632,15,5618,28,7250,California
Plumas,2021-04-21,330,12536,5,880,324,10959,1,697,17,1336,313,5931,17,7267,California
Plumas,2021-04-22,279,12815,7,887,272,11231,0,697,132,1321,147,6078,132,7399,California
Plumas,2021-04-23,73,12888,4,891,69,11300,0,697,16,1280,57,6135,16,7415,California
Plumas,2021-04-24,170,13058,4,895,166,11466,0,697,144,1399,25,6160,144,7559,California
Plumas,2021-04-26,31,13089,4,899,27,11493,0,697,8,1385,22,6182,8,7567,California
Plumas,2021-04-27,103,13192,4,903,99,11592,0,697,64,1410,39,6221,64,7631,California
Plumas,2021-04-28,285,13477,4,907,281,11873,0,697,38,1203,245,6466,38,7669,California
Plumas,2021-04-29,173,13650,68,975,105,11978,0,697,119,1268,54,6520,119,7788,California
Plumas,2021-04-30,21,13671,10,985,11,11989,0,697,6,1259,15,6535,6,7794,California
Plumas,2021-05-01,4,13675,1,986,2,11991,1,698,1,1259,2,6537,2,7796,California
Plumas,2021-05-02,1,13676,1,987,0,11991,0,698,1,1260,0,6537,1,7797,California
Plumas,2021-05-03,19,13695,5,992,7,11998,7,705,5,1260,12,6549,12,7809,California
Plumas,2021-05-04,32,13727,4,996,21,12019,7,712,18,1272,13,6562,25,7834,California
Plumas,2021-05-05,48,13775,3,999,44,12063,1,713,22,1269,26,6588,23,7857,California
Plumas,2021-05-06,64,13839,1,1000,58,12121,5,718,21,1252,43,6631,26,7883,California
Plumas,2021-05-07,22,13861,5,1005,16,12137,1,719,8,1247,14,6645,9,7892,California
Plumas,2021-05-08,6,13867,0,1005,4,12141,2,721,4,1251,2,6647,6,7898,California
Plumas,2021-05-09,1,13868,0,1005,0,12141,1,722,0,1251,1,6648,1,7899,California
Plumas,2021-05-10,50,13918,0,1005,27,12168,23,745,23,1270,27,6675,46,7945,California
Plumas,2021-05-11,174,14092,3,1008,152,12320,19,764,15,1145,159,6834,34,7979,California
Plumas,2021-05-12,100,14192,1,1009,91,12411,8,772,36,1126,63,6897,44,8023,California
Plumas,2021-05-13,39,14231,3,1012,34,12445,2,774,14,1117,25,6922,16,8039,California
Plumas,2021-05-14,20,14251,3,1015,12,12457,5,779,9,1120,11,6933,14,8053,California
Plumas,2021-05-15,10,14261,4,1019,4,12461,2,781,4,1120,6,6939,6,8059,California
Plumas,2021-05-16,1,14262,1,1020,0,12461,0,781,1,1121,0,6939,1,8060,California
Plumas,2021-05-17,13,14275,0,1020,4,12465,9,790,3,1123,10,6949,12,8072,California
Plumas,2021-05-18,46,14321,7,1027,38,12503,1,791,26,1130,20,6969,27,8099,California
Plumas,2021-05-19,50,14371,3,1030,31,12534,16,807,12,1121,38,7007,29,8128,California
Plumas,2021-05-20,188,14559,133,1163,44,12578,11,818,77,1099,110,7117,88,8216,California
Plumas,2021-05-21,29,14588,8,1171,15,12593,6,824,15,1106,14,7131,21,8237,California
Plumas,2021-05-22,137,14725,2,1173,135,12728,0,824,7,985,128,7259,7,8244,California
Plumas,2021-05-23,1,14726,1,1174,0,12728,0,824,0,984,1,7260,0,8244,California
Plumas,2021-05-24,49,14775,36,1210,12,12740,1,825,41,1018,8,7268,42,8286,California
Plumas,2021-05-25,76,14851,3,1213,72,12812,1,826,16,975,60,7328,17,8303,California
Plumas,2021-05-26,42,14893,6,1219,28,12840,8,834,17,975,25,7353,25,8328,California
Plumas,2021-05-27,102,14995,26,1245,63,12903,13,847,42,971,59,7412,55,8383,California
Plumas,2021-05-28,42,15037,16,1261,24,12927,2,849,23,977,19,7431,25,8408,California
Plumas,2021-05-29,8,15045,0,1261,8,12935,0,849,6,982,2,7433,7,8415,California
Plumas,2021-05-30,1,15046,0,1261,1,12936,0,849,0,982,0,7433,0,8415,California
Plumas,2021-05-31,5,15051,0,1261,2,12938,3,852,0,981,4,7437,3,8418,California
Plumas,2021-06-01,34,15085,8,1269,20,12958,6,858,9,972,25,7462,16,8434,California
Plumas,2021-06-02,62,15147,4,1273,36,12994,22,880,11,954,51,7513,33,8467,California
Plumas,2021-06-03,65,15212,17,1290,38,13032,10,890,27,953,38,7551,37,8504,California
Plumas,2021-06-04,13,15225,3,1293,9,13041,1,891,8,957,5,7556,9,8513,California
Plumas,2021-06-05,7,15232,3,1296,4,13045,0,891,2,954,5,7561,2,8515,California
Plumas,2021-06-06,2,15234,1,1297,1,13046,0,891,0,952,2,7563,0,8515,California
Plumas,2021-06-07,38,15272,5,1302,25,13071,8,899,9,940,29,7592,17,8532,California
Plumas,2021-06-08,30,15302,9,1311,19,13090,2,901,8,928,22,7614,10,8542,California
Plumas,2021-06-09,38,15340,1,1312,34,13124,3,904,5,903,33,7647,8,8550,California
Plumas,2021-06-10,35,15375,15,1327,16,13140,4,908,12,896,23,7670,16,8566,California
Plumas,2021-06-11,14,15389,11,1338,2,13142,1,909,6,895,8,7678,7,8573,California
Riverside,2020-12-15,5,5,5,5,0,0,0,0,5,5,0,0,5,5,California
Riverside,2020-12-16,68,73,68,73,0,0,0,0,68,73,0,0,68,73,California
Riverside,2020-12-17,815,888,815,888,0,0,0,0,815,888,0,0,815,888,California
Riverside,2020-12-18,1732,2620,1731,2619,1,1,0,0,1732,2620,0,0,1732,2620,California
Riverside,2020-12-19,1029,3649,1026,3645,3,4,0,0,1027,3646,1,1,1027,3647,California
Riverside,2020-12-20,1086,4735,1085,4730,1,5,0,0,1086,4732,0,1,1086,4733,California
Riverside,2020-12-21,2276,7011,2274,7004,2,7,0,0,2276,7008,0,1,2276,7009,California
Riverside,2020-12-22,2260,9271,2221,9225,39,46,0,0,2260,9268,0,1,2260,9269,California
Riverside,2020-12-23,2144,11415,1801,11026,343,389,0,0,2145,11413,0,1,2145,11414,California
Riverside,2020-12-24,817,12232,614,11640,203,592,0,0,817,12230,0,1,817,12231,California
Riverside,2020-12-25,30,12262,6,11646,24,616,0,0,29,12259,0,1,29,12260,California
Riverside,2020-12-26,401,12663,257,11903,144,760,0,0,401,12660,0,1,401,12661,California
Riverside,2020-12-27,368,13031,247,12150,121,881,0,0,367,13026,1,2,367,13028,California
Riverside,2020-12-28,1638,14669,1132,13282,506,1387,0,0,1639,14665,0,2,1639,14667,California
Riverside,2020-12-29,1745,16414,974,14256,771,2158,0,0,1745,16410,0,2,1745,16412,California
Riverside,2020-12-30,2582,18996,1685,15941,897,3055,0,0,2581,18990,1,3,2581,18993,California
Riverside,2020-12-31,1029,20025,397,16338,632,3687,0,0,1030,20019,1,4,1030,20023,California
Riverside,2021-01-01,124,20149,48,16386,76,3763,0,0,124,20143,0,4,124,20147,California
Riverside,2021-01-02,835,20984,694,17080,141,3904,0,0,835,20978,0,4,835,20982,California
Riverside,2021-01-03,346,21330,300,17380,46,3950,0,0,345,21323,0,4,345,21327,California
Riverside,2021-01-04,1265,22595,793,18173,472,4422,0,0,1265,22588,0,4,1265,22592,California
Riverside,2021-01-05,1995,24590,1371,19544,624,5046,0,0,1900,24398,90,94,1900,24492,California
Riverside,2021-01-06,2498,27088,1114,20658,1384,6430,0,0,2188,26280,306,400,2188,26680,California
Riverside,2021-01-07,2788,29876,1831,22489,957,7387,0,0,1720,26939,1062,1462,1721,28401,California
Riverside,2021-01-08,4076,33952,2943,25432,1133,8520,0,0,2255,27377,1817,3279,2255,30656,California
Riverside,2021-01-09,2076,36028,844,26276,1232,9752,0,0,1728,28758,347,3626,1728,32384,California
Riverside,2021-01-10,1671,37699,737,27013,934,10686,0,0,1067,29221,604,4230,1067,33451,California
Riverside,2021-01-11,4521,42220,3095,30108,1426,12112,0,0,2787,30276,1733,5963,2788,36239,California
Riverside,2021-01-12,3419,45639,2745,32853,674,12786,0,0,1722,30306,1692,7655,1722,37961,California
Riverside,2021-01-13,4464,50103,2942,35795,1522,14308,0,0,2851,31548,1610,9265,2852,40813,California
Riverside,2021-01-14,5525,55628,1915,37710,3610,17918,0,0,4946,35916,578,9843,4946,45759,California
Riverside,2021-01-15,6078,61706,1996,39706,4082,22000,0,0,5787,41413,290,10133,5787,51546,California
Riverside,2021-01-16,3623,65329,1024,40730,2599,24599,0,0,3374,44539,249,10382,3375,54921,California
Riverside,2021-01-17,3596,68925,588,41318,3008,27607,0,0,3397,47739,197,10579,3397,58318,California
Riverside,2021-01-18,3763,72688,2053,43371,1710,29317,0,0,2747,49471,1016,11595,2748,61066,California
Riverside,2021-01-19,7437,80125,2647,46018,4790,34107,0,0,6313,54661,1124,12719,6314,67380,California
Riverside,2021-01-20,8259,88384,3146,49164,5113,39220,0,0,6589,59598,1656,14375,6593,73973,California
Riverside,2021-01-21,8369,96753,3497,52661,4872,44092,0,0,7717,66664,652,15027,7718,81691,California
Riverside,2021-01-22,8751,105504,2970,55631,5781,49873,0,0,8317,74551,431,15458,8318,90009,California
Riverside,2021-01-23,5902,111406,2364,57995,3538,53411,0,0,5179,79010,721,16179,5180,95189,California
Riverside,2021-01-24,3045,114451,1437,59432,1608,55019,0,0,2829,81626,214,16393,2830,98019,California
Riverside,2021-01-25,7897,122348,4544,63976,3353,58372,0,0,6769,87270,1126,17519,6770,104789,California
Riverside,2021-01-26,9163,131511,5726,69702,3437,61809,0,0,7644,93400,1516,19035,7646,112435,California
Riverside,2021-01-27,10939,142450,6395,76097,4544,66353,0,0,9323,101116,1610,20645,9326,121761,California
Riverside,2021-01-28,11560,154010,6819,82916,4741,71094,0,0,10382,110331,1170,21815,10385,132146,California
Riverside,2021-01-29,11954,165964,7290,90206,4664,75758,0,0,10574,119556,1354,23169,10579,142725,California
Riverside,2021-01-30,9094,175058,4635,94841,4459,80217,0,0,8629,127724,462,23631,8630,151355,California
Riverside,2021-01-31,5172,180230,4257,99098,915,81132,0,0,5040,132637,131,23762,5044,156399,California
Riverside,2021-02-01,10988,191218,6790,105888,4198,85330,0,0,9135,139929,1846,25608,9138,165537,California
Riverside,2021-02-02,9487,200705,4821,110709,4666,89996,0,0,8015,146483,1464,27072,8018,173555,California
Riverside,2021-02-03,12196,212901,5150,115859,7046,97042,0,0,9826,153947,2362,29434,9826,183381,California
Riverside,2021-02-04,13519,226420,6006,121865,7513,104555,0,0,11430,163299,2081,31515,11433,194814,California
Riverside,2021-02-05,14312,240732,5381,127246,8931,113486,0,0,11271,171542,3032,34547,11275,206089,California
Riverside,2021-02-06,7237,247969,4268,131514,2969,116455,0,0,5595,175504,1636,36183,5598,211687,California
Riverside,2021-02-07,2170,250139,798,132312,1372,117827,0,0,1850,177037,318,36501,1851,213538,California
Riverside,2021-02-08,12475,262614,5549,137861,6926,124753,0,0,10155,184891,2305,38806,10159,223697,California
Riverside,2021-02-09,9621,272235,4504,142365,5117,129870,0,0,7676,190634,1938,40744,7681,231378,California
Riverside,2021-02-10,12101,284336,6982,149347,5119,134989,0,0,8925,196402,3166,43910,8934,240312,California
Riverside,2021-02-11,16645,300981,9067,158414,7578,142567,0,0,12125,204044,4498,48408,12140,252452,California
Riverside,2021-02-12,17717,318698,10782,169196,6935,149502,0,0,12828,212039,4845,53253,12840,265292,California
Riverside,2021-02-13,6306,325004,2133,171329,4173,153675,0,0,3086,211941,3205,56458,3107,268399,California
Riverside,2021-02-14,4924,329928,1118,172447,3806,157481,0,0,2181,211383,2739,59197,2181,270580,California
Riverside,2021-02-15,9812,339740,4992,177439,4820,162301,0,0,5397,212384,4404,63601,5405,275985,California
Riverside,2021-02-16,16136,355876,10117,187556,6019,168320,0,0,9252,214767,6877,70478,9260,285245,California
Riverside,2021-02-17,15036,370912,8214,195770,6822,175142,0,0,7447,214648,7575,78053,7456,292701,California
Riverside,2021-02-18,15561,386473,8988,204758,6573,181715,0,0,8020,215164,7519,85572,8035,300736,California
Riverside,2021-02-19,15317,401790,8227,212985,7090,188805,0,0,7228,214329,8071,93643,7236,307972,California
Riverside,2021-02-20,8321,410111,4505,217490,3816,192621,0,0,2164,210357,6140,99783,2168,310140,California
Riverside,2021-02-21,4415,414526,3890,221380,525,193146,0,0,1236,208429,3164,102947,1236,311376,California
Riverside,2021-02-22,12383,426909,7772,229152,4611,197757,0,0,5101,206269,7266,110213,5106,316482,California
Riverside,2021-02-23,11127,438036,7569,236721,3558,201315,0,0,5390,205953,5710,115923,5394,321876,California
Riverside,2021-02-24,14795,452831,8095,244816,6700,208015,0,0,6280,203773,8477,124400,6297,328173,California
Riverside,2021-02-25,17368,470199,7408,252224,9960,217975,0,0,8067,202588,9276,133676,8091,336264,California
Riverside,2021-02-26,18645,488844,6737,258961,11908,229883,0,0,9295,202627,9291,142967,9330,345594,California
Riverside,2021-02-27,12096,500940,5604,264565,6492,236375,0,0,5757,202104,6307,149274,5784,351378,California
Riverside,2021-02-28,4895,505835,3227,267792,1668,238043,0,0,2406,202041,2476,151750,2413,353791,California
Riverside,2021-03-01,14385,520220,6119,273911,8263,246306,3,3,8457,204640,5889,157639,8488,362279,California
Riverside,2021-03-02,15409,535629,7538,281449,7870,254176,1,4,9033,207349,6354,163993,9063,371342,California
Riverside,2021-03-03,16950,552579,8403,289852,8547,262723,0,4,7305,205188,9594,173587,7433,378775,California
Riverside,2021-03-04,18782,571361,7487,297339,11290,274013,5,9,8912,204429,9826,183413,9067,387842,California
Riverside,2021-03-05,18911,590272,7607,304946,11260,285273,44,53,9370,204629,9491,192904,9691,397533,California
Riverside,2021-03-06,9525,599797,5074,310020,3970,289243,481,534,4751,205127,4761,197665,5259,402792,California
Riverside,2021-03-07,4265,604062,2756,312776,1120,290363,389,923,2012,205288,2244,199909,2405,405197,California
Riverside,2021-03-08,11963,616025,4751,317527,6802,297165,410,1333,5341,204485,6601,206510,5798,410995,California
Riverside,2021-03-09,14792,630817,6891,324418,7399,304564,502,1835,5894,202142,8875,215385,6532,417527,California
Riverside,2021-03-10,15924,646741,8516,332934,6481,311045,927,2762,6216,199774,9663,225048,7295,424822,California
Riverside,2021-03-11,19325,666066,9476,342410,8000,319045,1849,4611,7617,197774,11673,236721,9673,434495,California
Riverside,2021-03-12,21200,687266,7926,350336,8527,327572,4747,9358,7041,195763,14122,250843,12111,446606,California
Riverside,2021-03-13,8526,695792,2548,352884,4747,332319,1231,10589,4376,197318,4128,254971,5683,452289,California
Riverside,2021-03-14,4749,700541,1618,354502,1759,334078,1372,11961,2087,198122,2651,257622,3455,455744,California
Riverside,2021-03-15,18705,719246,7868,362370,9172,343250,1665,13626,9210,199646,9451,267073,10975,466719,California
Riverside,2021-03-16,20890,740136,10137,372507,9940,353190,813,14439,11385,202468,9468,276541,12290,479009,California
Riverside,2021-03-17,21341,761477,10939,383446,9343,362533,1059,15498,12831,207940,8475,285016,13947,492956,California
Riverside,2021-03-18,22621,784098,11773,395219,9177,371710,1671,17169,12543,212136,10026,295042,14222,507178,California
Riverside,2021-03-19,24164,808262,12689,407908,10504,382214,971,18140,14106,217580,9998,305040,15442,522620,California
Riverside,2021-03-20,10679,818941,6891,414799,2604,384818,1184,19324,6868,221851,3780,308820,8051,530671,California
Riverside,2021-03-21,3751,822692,2926,417725,559,385377,266,19590,2558,223502,1174,309994,2825,533496,California
Riverside,2021-03-22,16645,839337,9926,427651,6167,391544,552,20142,10595,228651,5994,315988,11143,544639,California
Riverside,2021-03-23,18564,857901,10520,438171,7621,399165,423,20565,11927,234439,6576,322564,12364,557003,California
Riverside,2021-03-24,18734,876635,10455,448626,8157,407322,122,20687,12857,241599,5825,328389,12985,569988,California
Riverside,2021-03-25,21151,897786,11670,460296,9304,416626,177,20864,14170,249045,6906,335295,14352,584340,California
Riverside,2021-03-26,24147,921933,11950,472246,12040,428666,157,21021,15026,255214,9018,344313,15187,599527,California
Riverside,2021-03-27,9349,931282,4909,477155,3389,432055,1051,22072,4822,256587,4501,348814,5874,605401,California
Riverside,2021-03-28,4772,936054,3136,480291,1543,433598,93,22165,2839,257599,1920,350734,2932,608333,California
Riverside,2021-03-29,17653,953707,8444,488735,9090,442688,119,22284,10909,261942,6697,357431,11040,619373,California
Riverside,2021-03-30,18359,972066,9553,498288,8599,451287,207,22491,11700,267235,6616,364047,11909,631282,California
Riverside,2021-03-31,18153,990219,8446,506734,9400,460687,307,22798,11459,272364,6645,370692,11774,643056,California
Riverside,2021-04-01,25582,1015801,12500,519234,12303,472990,779,23577,16506,280645,9003,379695,17284,660340,California
Riverside,2021-04-02,26151,1041952,14077,533311,11121,484111,953,24530,16375,288482,9713,389408,17550,677890,California
Riverside,2021-04-03,9388,1051340,5967,539278,2827,486938,594,25124,6047,291798,3320,392728,6636,684526,California
Riverside,2021-04-04,3396,1054736,2066,541344,1088,488026,242,25366,1717,292088,1670,394398,1960,686486,California
Riverside,2021-04-05,18473,1073209,9458,550802,7153,495179,1862,27228,9937,295392,8494,402892,11798,698284,California
Riverside,2021-04-06,23791,1097000,12356,563158,9296,504475,2139,29367,13264,300310,10475,413367,15393,713677,California
Riverside,2021-04-07,24905,1121905,13436,576594,8946,513421,2523,31890,13863,305698,10993,424360,16381,730058,California
Riverside,2021-04-08,27480,1149385,15206,591800,9288,522709,2986,34876,16799,314852,10609,434969,19763,749821,California
Riverside,2021-04-09,26355,1175740,15493,607293,8395,531104,2467,37343,16083,323194,10225,445194,18567,768388,California
Riverside,2021-04-10,12027,1187767,6743,614036,3887,534991,1397,38740,5262,323122,6722,451916,6650,775038,California
Riverside,2021-04-11,4645,1192412,2766,616802,1260,536251,619,39359,2197,323500,2436,454352,2814,777852,California
Riverside,2021-04-12,20207,1212619,8992,625794,8565,544816,2650,42009,10117,326212,10051,464403,12763,790615,California
Riverside,2021-04-13,20079,1232698,11243,637037,8809,553625,27,42036,11492,329187,8548,472951,11523,802138,California
Riverside,2021-04-14,22273,1254971,12275,649312,9983,563608,15,42051,10951,328904,11253,484204,10970,813108,California
Riverside,2021-04-15,22080,1277051,12531,661843,9541,573149,8,42059,11648,330200,10365,494569,11661,824769,California
Riverside,2021-04-16,24935,1301986,14427,676270,10502,583651,6,42065,11534,328409,13345,507914,11554,836323,California
Riverside,2021-04-17,9862,1311848,6500,682770,3362,587013,0,42065,4953,328477,4892,512806,4960,841283,California
Riverside,2021-04-18,3850,1315698,2805,685575,1038,588051,7,42072,1808,328267,2028,514834,1818,843101,California
Riverside,2021-04-19,19451,1335149,11565,697140,7883,595934,3,42075,6950,322767,12458,527292,6958,850059,California
Riverside,2021-04-20,18869,1354018,9944,707084,8916,604850,9,42084,7725,319404,11100,538392,7737,857796,California
Riverside,2021-04-21,19847,1373865,11421,718505,8417,613267,9,42093,7981,315602,11798,550190,7996,865792,California
Riverside,2021-04-22,23230,1397095,13564,732069,9662,622929,4,42097,8656,309764,14503,564693,8665,874457,California
Riverside,2021-04-23,23306,1420401,13725,745794,9567,632496,14,42111,9135,304808,14113,578806,9157,883614,California
Riverside,2021-04-24,10467,1430868,7293,753087,3171,635667,3,42114,4811,304005,5618,584424,4815,888429,California
Riverside,2021-04-25,4218,1435086,2820,755907,1397,637064,1,42115,2187,304182,2012,586436,2189,890618,California
Riverside,2021-04-26,17081,1452167,10699,766606,6337,643401,45,42160,5812,298818,11225,597661,5861,896479,California
Riverside,2021-04-27,18268,1470435,10418,777024,7651,651052,199,42359,6351,293495,11873,609534,6550,903029,California
Riverside,2021-04-28,16471,1486906,8860,785884,7356,658408,255,42614,5544,288425,10869,620403,5799,908828,California
Riverside,2021-04-29,18712,1505618,11443,797327,6924,665332,345,42959,5371,280861,13277,633680,5713,914541,California
Riverside,2021-04-30,19783,1525401,11431,808758,7973,673305,379,43338,6371,274257,13357,647037,6753,921294,California
Riverside,2021-05-01,6766,1532167,4866,813624,1731,675036,169,43507,2333,272348,4408,651445,2499,923793,California
Riverside,2021-05-02,3357,1535524,2186,815810,962,675998,209,43716,1071,271365,2269,653714,1286,925079,California
Riverside,2021-05-03,17990,1553514,11058,826868,6443,682441,489,44205,4162,262247,13766,667480,4648,929727,California
Riverside,2021-05-04,17240,1570754,10945,837813,5878,688319,417,44622,4860,255207,12313,679793,5273,935000,California
Riverside,2021-05-05,15782,1586536,8932,846745,6490,694809,360,44982,4537,248920,11184,690977,4897,939897,California
Riverside,2021-05-06,17755,1604291,9941,856686,7405,702214,409,45391,4492,240631,13191,704168,4902,944799,California
Riverside,2021-05-07,20295,1624586,11567,868253,8298,710512,430,45821,5342,231524,14875,719043,5768,950567,California
Riverside,2021-05-08,6807,1631393,4531,872784,2046,712558,230,46051,2551,230078,4225,723268,2779,953346,California
Riverside,2021-05-09,2303,1633696,1511,874295,638,713196,154,46205,850,229637,1445,724713,1004,954350,California
Riverside,2021-05-10,10028,1643724,5139,879434,4520,717716,369,46574,2860,225748,7118,731831,3229,957579,California
Riverside,2021-05-11,13819,1657543,8321,887755,4980,722696,518,47092,3798,220125,9940,741771,4317,961896,California
Riverside,2021-05-12,12596,1670139,6327,894082,5936,728632,333,47425,3983,215878,8561,750332,4314,966210,California
Riverside,2021-05-13,14578,1684717,8755,902837,5550,734182,273,47698,5320,212268,9207,759539,5597,971807,California
Riverside,2021-05-14,17725,1702442,11199,914036,5735,739917,791,48489,6918,209236,10738,770277,7706,979513,California
Riverside,2021-05-15,9669,1712111,6922,920958,2349,742266,398,48887,4942,209877,4697,774974,5338,984851,California
Riverside,2021-05-16,3473,1715584,2525,923483,839,743105,109,48996,1713,209949,1748,776722,1820,986671,California
Riverside,2021-05-17,11745,1727329,7569,931052,3838,746943,338,49334,5140,208859,6572,783294,5482,992153,California
Riverside,2021-05-18,15026,1742355,9294,940346,5388,752331,344,49678,6112,206447,8867,792161,6455,998608,California
Riverside,2021-05-19,12130,1754485,7683,948029,4219,756550,228,49906,6002,206597,6081,798242,6231,1004839,California
Riverside,2021-05-20,11778,1766263,7377,955406,4145,760695,256,50162,5365,205859,6364,804606,5626,1010465,California
Riverside,2021-05-21,14372,1780635,8875,964281,5176,765871,321,50483,6186,204244,8123,812729,6508,1016973,California
Riverside,2021-05-22,7170,1787805,4858,969139,2117,767988,195,50678,3849,205004,3286,816015,4046,1021019,California
Riverside,2021-05-23,2550,1790355,1648,970787,827,768815,75,50753,1249,205039,1288,817303,1323,1022342,California
Riverside,2021-05-24,8613,1798968,5561,976348,2745,771560,307,51060,3836,204438,4743,822046,4142,1026484,California
Riverside,2021-05-25,9651,1808619,5747,982095,3641,775201,263,51323,3927,202941,5687,827733,4190,1030674,California
Riverside,2021-05-26,8839,1817458,5479,987574,3035,778236,325,51648,3983,202446,4806,832539,4311,1034985,California
Riverside,2021-05-27,8479,1825937,5079,992653,3168,781404,232,51880,4010,202267,4420,836959,4241,1039226,California
Riverside,2021-05-28,10625,1836562,6474,999127,3850,785254,301,52181,5026,202059,5537,842496,5329,1044555,California
Riverside,2021-05-29,4974,1841536,3385,1002512,1466,786720,123,52304,2835,202902,2117,844613,2960,1047515,California
Riverside,2021-05-30,1944,1843480,1403,1003915,477,787197,64,52368,1066,203161,871,845484,1130,1048645,California
Riverside,2021-05-31,867,1844347,491,1004406,343,787540,33,52401,332,202994,532,846016,365,1049010,California
Riverside,2021-06-01,9115,1853462,5634,1010040,3248,790788,233,52634,3601,201364,5464,851480,3834,1052844,California
Riverside,2021-06-02,7058,1860520,4290,1014330,2495,793283,273,52907,2860,200338,4158,855638,3132,1055976,California
Riverside,2021-06-03,7888,1868408,5269,1019599,2362,795645,257,53164,2868,198479,4981,860619,3122,1059098,California
Riverside,2021-06-04,10540,1878948,7549,1027148,2742,798387,249,53413,3874,195988,6616,867235,4125,1063223,California
Riverside,2021-06-05,6912,1885860,5094,1032242,1270,799657,548,53961,2278,194203,4611,871846,2826,1066049,California
Riverside,2021-06-06,2178,1888038,1851,1034093,276,799933,51,54012,795,193674,1376,873222,847,1066896,California
Riverside,2021-06-07,6827,1894865,5191,1039284,1413,801346,223,54235,2260,191621,4538,877760,2485,1069381,California
Riverside,2021-06-08,8709,1903574,6336,1045620,2110,803456,263,54498,2850,188932,5806,883566,3117,1072498,California
Riverside,2021-06-09,5784,1909358,4096,1049716,1435,804891,253,54751,1803,187045,3941,887507,2054,1074552,California
Riverside,2021-06-10,5710,1915068,3863,1053579,1646,806537,201,54952,1809,185177,3879,891386,2011,1076563,California
Riverside,2021-06-11,5768,1920836,3590,1057169,1966,808503,212,55164,1901,183460,3831,895217,2114,1078677,California
Riverside,2021-06-12,2075,1922911,1567,1058736,437,808940,71,55235,565,182601,1494,896711,635,1079312,California
Sacramento,2020-12-15,314,314,314,314,0,0,0,0,314,314,0,0,314,314,California
Sacramento,2020-12-16,648,962,648,962,0,0,0,0,648,962,0,0,648,962,California
Sacramento,2020-12-17,702,1664,702,1664,0,0,0,0,702,1664,0,0,702,1664,California
Sacramento,2020-12-18,1116,2780,1116,2780,0,0,0,0,1116,2780,0,0,1116,2780,California
Sacramento,2020-12-19,613,3393,613,3393,0,0,0,0,613,3393,0,0,613,3393,California
Sacramento,2020-12-20,637,4030,637,4030,0,0,0,0,637,4030,0,0,637,4030,California
Sacramento,2020-12-21,1669,5699,1669,5699,0,0,0,0,1670,5700,0,0,1670,5700,California
Sacramento,2020-12-22,2106,7805,2071,7770,35,35,0,0,2106,7806,0,0,2106,7806,California
Sacramento,2020-12-23,2257,10062,2083,9853,174,209,0,0,2257,10063,0,0,2257,10063,California
Sacramento,2020-12-24,1042,11104,829,10682,213,422,0,0,1042,11105,0,0,1042,11105,California
Sacramento,2020-12-25,1,11105,0,10682,1,423,0,0,1,11106,0,0,1,11106,California
Sacramento,2020-12-26,505,11610,287,10969,218,641,0,0,505,11611,0,0,505,11611,California
Sacramento,2020-12-27,354,11964,248,11217,106,747,0,0,354,11965,0,0,354,11965,California
Sacramento,2020-12-28,1906,13870,1322,12539,584,1331,0,0,1905,13869,1,1,1905,13870,California
Sacramento,2020-12-29,1966,15836,1201,13740,765,2096,0,0,1965,15833,1,2,1965,15835,California
Sacramento,2020-12-30,2553,18389,1452,15192,1101,3197,0,0,2554,18387,0,2,2554,18389,California
Sacramento,2020-12-31,1228,19617,692,15884,536,3733,0,0,1229,19616,0,2,1229,19618,California
Sacramento,2021-01-01,81,19698,70,15954,11,3744,0,0,81,19697,0,2,81,19699,California
Sacramento,2021-01-02,570,20268,367,16321,203,3947,0,0,570,20267,0,2,570,20269,California
Sacramento,2021-01-03,414,20682,225,16546,189,4136,0,0,414,20681,0,2,414,20683,California
Sacramento,2021-01-04,1939,22621,834,17380,1105,5241,0,0,1937,22617,1,3,1937,22620,California
Sacramento,2021-01-05,2215,24836,987,18367,1228,6469,0,0,1851,24111,364,367,1858,24478,California
Sacramento,2021-01-06,2728,27564,1618,19985,1110,7579,0,0,1930,25246,795,1162,1930,26408,California
Sacramento,2021-01-07,2840,30404,1515,21500,1325,8904,0,0,1909,26227,928,2090,1909,28317,California
Sacramento,2021-01-08,3287,33691,2084,23584,1203,10107,0,0,2168,27282,1115,3205,2170,30487,California
Sacramento,2021-01-09,1291,34982,805,24389,486,10593,0,0,893,27779,396,3601,893,31380,California
Sacramento,2021-01-10,1226,36208,712,25101,514,11107,0,0,756,28067,469,4070,757,32137,California
Sacramento,2021-01-11,4348,40556,2955,28056,1393,12500,0,0,2412,28556,1935,6005,2424,34561,California
Sacramento,2021-01-12,4594,45150,3211,31267,1383,13883,0,0,2612,29190,1982,7987,2616,37177,California
Sacramento,2021-01-13,3847,48997,2221,33488,1626,15509,0,0,2428,30201,1418,9405,2429,39606,California
Sacramento,2021-01-14,4620,53617,2325,35813,2295,17804,0,0,3712,33009,905,10310,3713,43319,California
Sacramento,2021-01-15,4438,58055,2255,38068,2183,19987,0,0,3726,36024,712,11022,3727,47046,California
Sacramento,2021-01-16,2086,60141,1285,39353,801,20788,0,0,1867,37672,219,11241,1867,48913,California
Sacramento,2021-01-17,1676,61817,983,40336,693,21481,0,0,1493,38985,183,11424,1496,50409,California
Sacramento,2021-01-18,2830,64647,1733,42069,1097,22578,0,0,2252,40662,576,12000,2253,52662,California
Sacramento,2021-01-19,4977,69624,3026,45095,1951,24529,0,0,3737,43161,1240,13240,3739,56401,California
Sacramento,2021-01-20,4832,74456,2858,47953,1974,26503,0,0,3605,45543,1229,14469,3611,60012,California
Sacramento,2021-01-21,5224,79680,3021,50974,2203,28706,0,0,4251,48829,967,15436,4253,64265,California
Sacramento,2021-01-22,5029,84709,2692,53666,2337,31043,0,0,4729,53260,299,15735,4730,68995,California
Sacramento,2021-01-23,3755,88464,1568,55234,2187,33230,0,0,3291,56087,464,16199,3291,72286,California
Sacramento,2021-01-24,1621,90085,1013,56247,608,33838,0,0,1378,57224,242,16441,1379,73665,California
Sacramento,2021-01-25,4411,94496,2157,58404,2254,36092,0,0,2940,58696,1471,17912,2943,76608,California
Sacramento,2021-01-26,4752,99248,2157,60561,2595,38687,0,0,3553,61054,1197,19109,3555,80163,California
Sacramento,2021-01-27,5862,105110,3051,63612,2811,41498,0,0,4239,63675,1620,20729,4241,84404,California
Sacramento,2021-01-28,5411,110521,2739,66351,2672,44170,0,0,4310,66886,1100,21829,4311,88715,California
Sacramento,2021-01-29,5415,115936,2939,69290,2476,46646,0,0,4394,70268,1012,22841,4394,93109,California
Sacramento,2021-01-30,4518,120454,2204,71494,2314,48960,0,0,4086,73924,430,23271,4086,97195,California
Sacramento,2021-01-31,2336,122790,2034,73528,302,49262,0,0,2056,75705,277,23548,2058,99253,California
Sacramento,2021-02-01,5938,128728,3034,76562,2904,52166,0,0,4253,78277,1681,25229,4253,103506,California
Sacramento,2021-02-02,7023,135751,3790,80352,3233,55399,0,0,4862,80999,2142,27371,4864,108370,California
Sacramento,2021-02-03,7143,142894,3605,83957,3538,58937,0,0,5283,84433,1851,29222,5285,113655,California
Sacramento,2021-02-04,7763,150657,3680,87637,4083,63020,0,0,5524,87727,2230,31452,5524,119179,California
Sacramento,2021-02-05,7859,158516,4481,92118,3378,66398,0,0,4921,89737,2915,34367,4925,124104,California
Sacramento,2021-02-06,8472,166988,3475,95593,4997,71395,0,0,7124,95517,1346,35713,7126,131230,California
Sacramento,2021-02-07,4064,171052,2198,97791,1866,73261,0,0,2885,97230,1174,36887,2887,134117,California
Sacramento,2021-02-08,6268,177320,3259,101050,3009,76270,0,0,3912,98791,2351,39238,3912,138029,California
Sacramento,2021-02-09,6777,184097,3555,104605,3222,79492,0,0,4002,100028,2766,42004,4003,142032,California
Sacramento,2021-02-10,7696,191793,4211,108816,3485,82977,0,0,4526,101400,3156,45160,4528,146560,California
Sacramento,2021-02-11,9609,201402,5738,114554,3871,86848,0,0,5509,102826,4085,49245,5511,152071,California
Sacramento,2021-02-12,10690,212092,4154,118708,6536,93384,0,0,6403,105007,4225,53470,6406,158477,California
Sacramento,2021-02-13,7682,219774,2992,121700,4690,98074,0,0,6086,109503,1591,55061,6087,164564,California
Sacramento,2021-02-14,3204,222978,1967,123667,1237,99311,0,0,2099,110503,1103,56164,2103,166667,California
Sacramento,2021-02-15,6006,228984,2055,125722,3951,103262,0,0,4175,112856,1825,57989,4178,170845,California
Sacramento,2021-02-16,9255,238239,4214,129936,5041,108303,0,0,5320,114252,3928,61917,5324,176169,California
Sacramento,2021-02-17,8855,247094,4998,134934,3857,112160,0,0,5150,115712,3694,65611,5154,181323,California
Sacramento,2021-02-18,9597,256691,5770,140704,3827,115987,0,0,5738,117605,3849,69460,5742,187065,California
Sacramento,2021-02-19,10080,266771,6183,146887,3897,119884,0,0,5976,119493,4094,73554,5982,193047,California
Sacramento,2021-02-20,7857,274628,5793,152680,2064,121948,0,0,4755,121153,3096,76650,4756,197803,California
Sacramento,2021-02-21,3063,277691,2421,155101,642,122590,0,0,1089,120274,1968,78618,1089,198892,California
Sacramento,2021-02-22,6322,284013,3820,158921,2502,125092,0,0,2787,119542,3523,82141,2791,201683,California
Sacramento,2021-02-23,7285,291298,4510,163431,2775,127867,0,0,3548,119374,3720,85861,3552,205235,California
Sacramento,2021-02-24,9845,301143,5430,168861,4415,132282,0,0,5379,120309,4450,90311,5385,210620,California
Sacramento,2021-02-25,11287,312430,6473,175334,4814,137096,0,0,6635,122308,4636,94947,6635,217255,California
Sacramento,2021-02-26,14416,326846,6794,182128,7622,144718,0,0,9884,127695,4501,99448,9888,227143,California
Sacramento,2021-02-27,11072,337918,6868,188996,4201,148919,3,3,8189,133027,2860,102308,8192,235335,California
Sacramento,2021-02-28,6206,344124,2340,191336,3866,152785,0,3,3106,133048,3086,105394,3107,238442,California
Sacramento,2021-03-01,8627,352751,3618,194954,5008,157793,1,4,4706,133858,3899,109293,4709,243151,California
Sacramento,2021-03-02,9312,362063,4047,199001,5264,163057,1,5,5713,135994,3581,112874,5717,248868,California
Sacramento,2021-03-03,10993,373056,5017,204018,5973,169030,3,8,6559,138145,4413,117287,6564,255432,California
Sacramento,2021-03-04,13478,386534,6193,210211,7281,176311,4,12,7492,139693,5954,123241,7502,262934,California
Sacramento,2021-03-05,10634,397168,4910,215121,5694,182005,30,42,7070,143251,3543,126784,7101,270035,California
Sacramento,2021-03-06,8123,405291,3114,218235,4887,186892,122,164,4117,143497,3992,130776,4238,274273,California
Sacramento,2021-03-07,7624,412915,2215,220450,5320,192212,89,253,3756,143477,3863,134639,3843,278116,California
Sacramento,2021-03-08,9126,422041,4270,224720,4633,196845,223,476,5962,146508,3152,137791,6183,284299,California
Sacramento,2021-03-09,9624,431665,4558,229278,4774,201619,292,768,5536,148265,4070,141861,5827,290126,California
Sacramento,2021-03-10,11792,443457,7538,236816,3900,205519,354,1122,6885,150636,4872,146733,7243,297369,California
Sacramento,2021-03-11,15064,458521,10009,246825,4229,209748,826,1948,8922,154278,6102,152835,9744,307113,California
Sacramento,2021-03-12,18068,476589,8348,255173,8857,218605,863,2811,8843,154818,9174,162009,9714,316827,California
Sacramento,2021-03-13,13032,489621,3582,258755,9021,227626,429,3240,7869,157960,5152,167161,8294,325121,California
Sacramento,2021-03-14,8401,498022,3474,262229,4298,231924,629,3869,4430,159071,3946,171107,5057,330178,California
Sacramento,2021-03-15,12229,510251,4870,267099,6705,238629,654,4523,7039,161600,5165,176272,7694,337872,California
Sacramento,2021-03-16,14022,524273,6217,273316,7153,245782,652,5175,8623,165508,5361,181633,9269,347141,California
Sacramento,2021-03-17,13761,538034,6618,279934,6510,252292,633,5808,8790,169987,4946,186579,9425,356566,California
Sacramento,2021-03-18,15680,553714,8218,288152,6871,259163,591,6399,9938,174807,5708,192287,10528,367094,California
Sacramento,2021-03-19,15628,569342,7992,296144,6265,265428,1371,7770,7900,176367,7702,199989,9262,376356,California
Sacramento,2021-03-20,12921,582263,7541,303685,5040,270468,340,8110,8040,179897,4852,204841,8382,384738,California
Sacramento,2021-03-21,5588,587851,2754,306439,2796,273264,38,8148,4855,184074,720,205561,4897,389635,California
Sacramento,2021-03-22,9375,597226,4799,311238,3725,276989,851,8999,6182,187942,3165,208726,7033,396668,California
Sacramento,2021-03-23,11355,608581,6757,317995,3788,280777,810,9809,7255,191946,4058,212784,8062,404730,California
Sacramento,2021-03-24,11865,620446,7269,325264,3967,284744,629,10438,6720,194232,5063,217847,7349,412079,California
Sacramento,2021-03-25,14173,634619,8345,333609,4991,289735,837,11275,8519,197974,5609,223456,9351,421430,California
Sacramento,2021-03-26,18280,652899,8924,342533,8850,298585,506,11781,9153,198576,9059,232515,9661,431091,California
Sacramento,2021-03-27,9685,662584,3574,346107,5823,304408,288,12069,5096,199398,4558,237073,5380,436471,California
Sacramento,2021-03-28,6529,669113,3222,349329,3058,307466,249,12318,2701,198534,3817,240890,2953,439424,California
Sacramento,2021-03-29,11033,680146,5901,355230,4757,312223,375,12693,4951,197808,6053,246943,5327,444751,California
Sacramento,2021-03-30,11844,691990,6078,361308,5379,317602,387,13080,6002,198378,5819,252762,6389,451140,California
Sacramento,2021-03-31,13435,705425,7861,369169,5181,322783,393,13473,5654,196666,7753,260515,6041,457181,California
Sacramento,2021-04-01,17461,722886,10474,379643,6752,329535,235,13708,7326,194142,10090,270605,7566,464747,California
Sacramento,2021-04-02,17139,740025,9696,389339,6699,336234,744,14452,9010,195798,8097,278702,9753,474500,California
Sacramento,2021-04-03,10453,750478,6241,395580,3662,339896,550,15002,6414,198748,4008,282710,6958,481458,California
Sacramento,2021-04-04,3729,754207,1533,397113,1991,341887,205,15207,1447,198119,2276,284986,1647,483105,California
Sacramento,2021-04-05,12056,766263,7568,404681,3651,345538,837,16044,5377,197685,6642,291628,6208,489313,California
Sacramento,2021-04-06,15646,781909,8860,413541,5444,350982,1342,17386,6916,197240,8697,300325,8252,497565,California
Sacramento,2021-04-07,14848,796757,8029,421570,5214,356196,1605,18991,7159,198344,7647,307972,8751,506316,California
Sacramento,2021-04-08,15059,811816,6778,428348,5305,361501,2976,21967,6004,198285,9019,316991,8960,515276,California
Sacramento,2021-04-09,18304,830120,9368,437716,6729,368230,2207,24174,7434,197085,10829,327820,9629,524905,California
Sacramento,2021-04-10,12878,842998,3839,441555,7820,376050,1219,25393,5348,196126,7500,335320,6541,531446,California
Sacramento,2021-04-11,10789,853787,4338,445893,6224,382274,227,25620,3844,193275,6921,342241,4070,535516,California
Sacramento,2021-04-12,12978,866765,5040,450933,6055,388329,1883,27503,4945,192117,7969,350210,6811,542327,California
Sacramento,2021-04-13,16266,883031,9946,460879,6317,394646,3,27506,7573,191033,8664,358874,7580,549907,California
Sacramento,2021-04-14,14966,897997,7972,468851,6992,401638,2,27508,5910,187925,9027,367901,5919,555826,California
Sacramento,2021-04-15,16369,914366,8413,477264,7953,409591,3,27511,6660,184924,9670,377571,6669,562495,California
Sacramento,2021-04-16,17401,931767,9609,486873,7792,417383,0,27511,7884,183335,9476,387047,7887,570382,California
Sacramento,2021-04-17,15289,947056,6143,493016,9146,426529,0,27511,11082,190234,4188,391235,11087,581469,California
Sacramento,2021-04-18,8433,955489,3066,496082,5367,431896,0,27511,3739,189299,4675,395910,3740,585209,California
Sacramento,2021-04-19,10551,966040,5712,501794,4834,436730,5,27516,4683,188141,5847,401757,4689,589898,California
Sacramento,2021-04-20,11093,977133,6733,508527,4357,441087,3,27519,5901,188878,5171,406928,5908,595806,California
Sacramento,2021-04-21,11480,988613,6639,515166,4839,445926,2,27521,6211,189847,5245,412173,6214,602020,California
Sacramento,2021-04-22,14814,1003427,9895,525061,4916,450842,3,27524,6810,188687,7975,420148,6815,608835,California
Sacramento,2021-04-23,15891,1019318,10005,535066,5886,456728,0,27524,7374,187582,8481,428629,7376,616211,California
Sacramento,2021-04-24,11322,1030640,7002,542068,4319,461047,1,27525,5924,188147,5361,433990,5926,622137,California
Sacramento,2021-04-25,8001,1038641,4476,546544,3525,464572,0,27525,4167,188495,3820,437810,4168,626305,California
Sacramento,2021-04-26,10604,1049245,6613,553157,3967,468539,24,27549,5008,187962,5565,443375,5032,631337,California
Sacramento,2021-04-27,12025,1061270,7892,561049,3979,472518,154,27703,5903,187932,6089,449464,6059,637396,California
Sacramento,2021-04-28,10477,1071747,5847,566896,4424,476942,206,27909,5817,189330,4630,454094,6028,643424,California
Sacramento,2021-04-29,10859,1082606,7308,574204,3248,480190,303,28212,6005,190819,4819,458913,6308,649732,California
Sacramento,2021-04-30,12452,1095058,7809,582013,4382,484572,261,28473,5864,190402,6543,465456,6126,655858,California
Sacramento,2021-05-01,7585,1102643,5477,587490,1933,486505,175,28648,2759,188543,4791,470247,2932,658790,California
Sacramento,2021-05-02,4988,1107631,4296,591786,541,487046,151,28799,2226,188181,2737,472984,2375,661165,California
Sacramento,2021-05-03,9112,1116743,7284,599070,1548,488594,280,29079,3967,187301,5123,478107,4243,665408,California
Sacramento,2021-05-04,9367,1126110,5694,604764,3364,491958,309,29388,3788,185860,5536,483643,4095,669503,California
Sacramento,2021-05-05,11054,1137164,5986,610750,4609,496567,459,29847,4506,184315,6505,490148,4960,674463,California
Sacramento,2021-05-06,11199,1148363,6204,616954,4688,501255,307,30154,4617,182977,6260,496408,4922,679385,California
Sacramento,2021-05-07,10610,1158973,6165,623119,4075,505330,370,30524,4471,181730,6089,502497,4842,684227,California
Sacramento,2021-05-08,8227,1167200,3815,626934,4182,509512,230,30754,2716,179195,5474,507971,2939,687166,California
Sacramento,2021-05-09,3148,1170348,1654,628588,1380,510892,114,30868,1174,178520,1963,509934,1288,688454,California
Sacramento,2021-05-10,8076,1178424,3734,632322,4073,514965,269,31137,1973,174692,6072,516006,2244,690698,California
Sacramento,2021-05-11,8273,1186697,5154,637476,2861,517826,258,31395,2881,172472,5359,521365,3139,693837,California
Sacramento,2021-05-12,8540,1195237,5141,642617,3144,520970,255,31650,3039,170297,5467,526832,3292,697129,California
Sacramento,2021-05-13,11663,1206900,7452,650069,3935,524905,276,31926,4464,167874,7162,533994,4739,701868,California
Sacramento,2021-05-14,12202,1219102,6907,656976,5006,529911,289,32215,5055,166123,7094,541088,5343,707211,California
Sacramento,2021-05-15,13070,1232172,7900,664876,5027,534938,143,32358,5795,164815,7242,548330,5934,713145,California
Sacramento,2021-05-16,7850,1240022,4098,668974,3639,538577,113,32471,2135,161373,5692,554022,2250,715395,California
Sacramento,2021-05-17,10385,1250407,6307,675281,3787,542364,291,32762,3979,159274,6372,560394,4273,719668,California
Sacramento,2021-05-18,9696,1260103,6085,681366,3402,545766,209,32971,3689,157210,5966,566360,3902,723570,California
Sacramento,2021-05-19,9735,1269838,6234,687600,3240,549006,261,33232,4516,156814,5179,571539,4783,728353,California
Sacramento,2021-05-20,10110,1279948,6670,694270,3179,552185,261,33493,3841,154697,6220,577759,4103,732456,California
Sacramento,2021-05-21,10663,1290611,6792,701062,3546,555731,325,33818,4557,153520,6065,583824,4888,737344,California
Sacramento,2021-05-22,7388,1297999,4580,705642,2637,558368,171,33989,3341,153018,4017,587841,3515,740859,California
Sacramento,2021-05-23,4158,1302157,2862,708504,1193,559561,103,34092,1911,152805,2228,590069,2015,742874,California
Sacramento,2021-05-24,7651,1309808,4566,713070,2755,562316,330,34422,2394,150313,5214,595283,2722,745596,California
Sacramento,2021-05-25,6657,1316465,3857,716927,2508,564824,292,34714,2382,148735,4251,599534,2673,748269,California
Sacramento,2021-05-26,8469,1324934,4689,721616,3450,568274,330,35044,2807,146256,5612,605146,3133,751402,California
Sacramento,2021-05-27,6652,1331586,3636,725252,2773,571047,243,35287,2965,145815,3649,608795,3208,754610,California
Sacramento,2021-05-28,8223,1339809,4567,729819,3287,574334,369,35656,3493,144986,4692,613487,3863,758473,California
Sacramento,2021-05-29,4360,1344169,2668,732487,1536,575870,156,35812,2226,145257,2111,615598,2382,760855,California
Sacramento,2021-05-30,1650,1345819,1036,733523,575,576445,39,35851,761,145174,883,616481,800,761655,California
Sacramento,2021-05-31,884,1346703,444,733967,427,576872,13,35864,315,144933,569,617050,328,761983,California
Sacramento,2021-06-01,6924,1353627,4163,738130,2555,579427,206,36070,2674,143601,4209,621259,2877,764860,California
Sacramento,2021-06-02,6072,1359699,3348,741478,2509,581936,215,36285,2318,142423,3709,624968,2531,767391,California
Sacramento,2021-06-03,7412,1367111,5056,746534,2174,584110,182,36467,2252,139736,5120,630088,2433,769824,California
Sacramento,2021-06-04,7016,1374127,4503,751037,2304,586414,209,36676,2277,137514,4708,634796,2486,772310,California
Sacramento,2021-06-05,6157,1380284,4528,755565,1490,587904,139,36815,1793,135108,4336,639132,1930,774240,California
Sacramento,2021-06-06,2330,1382614,1822,757387,451,588355,57,36872,792,134425,1532,640664,849,775089,California
Sacramento,2021-06-07,5534,1388148,3880,761267,1483,589838,171,37043,1600,132285,3908,644572,1768,776857,California
Sacramento,2021-06-08,5328,1393476,3658,764925,1493,591331,177,37220,1780,130723,3522,648094,1960,778817,California
Sacramento,2021-06-09,5167,1398643,3601,768526,1427,592758,139,37359,1261,128256,3869,651963,1402,780219,California
Sacramento,2021-06-10,4351,1402994,2763,771289,1435,594193,153,37512,1324,126748,2985,654948,1477,781696,California
Sacramento,2021-06-11,5865,1408859,4005,775294,1704,595897,156,37668,1370,123803,4470,659418,1525,783221,California
Sacramento,2021-06-12,2695,1411554,1781,777075,839,596736,75,37743,637,122465,2050,661468,712,783933,California
San Benito,2020-12-16,29,29,29,29,0,0,0,0,29,29,0,0,29,29,California
San Benito,2020-12-17,47,76,47,76,0,0,0,0,47,76,0,0,47,76,California
San Benito,2020-12-18,72,148,72,148,0,0,0,0,72,148,0,0,72,148,California
San Benito,2020-12-19,47,195,47,195,0,0,0,0,47,195,0,0,47,195,California
San Benito,2020-12-20,23,218,23,218,0,0,0,0,23,218,0,0,23,218,California
San Benito,2020-12-21,78,296,78,296,0,0,0,0,78,296,0,0,78,296,California
San Benito,2020-12-22,104,400,104,400,0,0,0,0,104,400,0,0,104,400,California
San Benito,2020-12-23,85,485,74,474,11,11,0,0,85,485,0,0,85,485,California
San Benito,2020-12-24,13,498,5,479,8,19,0,0,13,498,0,0,13,498,California
San Benito,2020-12-25,3,501,3,482,0,19,0,0,3,501,0,0,3,501,California
San Benito,2020-12-26,12,513,4,486,8,27,0,0,12,513,0,0,12,513,California
San Benito,2020-12-27,8,521,7,493,1,28,0,0,8,521,0,0,8,521,California
San Benito,2020-12-28,64,585,37,530,27,55,0,0,64,585,0,0,64,585,California
San Benito,2020-12-29,50,635,21,551,29,84,0,0,50,635,0,0,50,635,California
San Benito,2020-12-30,59,694,37,588,22,106,0,0,59,694,0,0,59,694,California
San Benito,2020-12-31,17,711,2,590,15,121,0,0,17,711,0,0,17,711,California
San Benito,2021-01-02,24,735,23,613,1,122,0,0,24,735,0,0,24,735,California
San Benito,2021-01-03,3,738,1,614,2,124,0,0,3,738,0,0,3,738,California
San Benito,2021-01-04,62,800,24,638,38,162,0,0,62,800,0,0,62,800,California
San Benito,2021-01-05,121,921,37,675,84,246,0,0,118,915,3,3,118,918,California
San Benito,2021-01-06,101,1022,41,716,60,306,0,0,87,988,14,17,87,1005,California
San Benito,2021-01-07,105,1127,67,783,38,344,0,0,53,989,52,69,53,1058,California
San Benito,2021-01-08,184,1311,90,873,94,438,0,0,119,1043,65,134,119,1177,California
San Benito,2021-01-09,44,1355,32,905,12,450,0,0,30,1059,14,148,30,1207,California
San Benito,2021-01-10,16,1371,14,919,2,452,0,0,5,1053,11,159,5,1212,California
San Benito,2021-01-11,174,1545,109,1028,65,517,0,0,72,1023,102,261,72,1284,California
San Benito,2021-01-12,162,1707,58,1086,104,621,0,0,121,1103,41,302,121,1405,California
San Benito,2021-01-13,224,1931,66,1152,158,779,0,0,176,1231,48,350,176,1581,California
San Benito,2021-01-14,120,2051,25,1177,95,874,0,0,100,1312,20,370,101,1682,California
San Benito,2021-01-15,216,2267,21,1198,195,1069,0,0,202,1500,14,384,202,1884,California
San Benito,2021-01-16,25,2292,8,1206,17,1086,0,0,20,1515,5,389,20,1904,California
San Benito,2021-01-17,11,2303,5,1211,6,1092,0,0,8,1520,3,392,8,1912,California
San Benito,2021-01-18,35,2338,22,1233,13,1105,0,0,20,1525,15,407,20,1932,California
San Benito,2021-01-19,152,2490,66,1299,86,1191,0,0,124,1621,28,435,124,2056,California
San Benito,2021-01-20,276,2766,95,1394,181,1372,0,0,231,1808,44,479,231,2287,California
San Benito,2021-01-21,126,2892,32,1426,94,1466,0,0,101,1884,25,504,101,2388,California
San Benito,2021-01-22,238,3130,19,1445,219,1685,0,0,228,2102,10,514,228,2616,California
San Benito,2021-01-23,29,3159,16,1461,13,1698,0,0,12,2097,17,531,12,2628,California
San Benito,2021-01-24,8,3167,3,1464,5,1703,0,0,4,2097,4,535,4,2632,California
San Benito,2021-01-25,65,3232,24,1488,41,1744,0,0,19,2070,46,581,19,2651,California
San Benito,2021-01-26,138,3370,41,1529,97,1841,0,0,85,2102,53,634,85,2736,California
San Benito,2021-01-27,231,3601,70,1599,161,2002,0,0,191,2253,40,674,191,2927,California
San Benito,2021-01-28,150,3751,32,1631,118,2120,0,0,121,2346,28,702,121,3048,California
San Benito,2021-01-29,293,4044,33,1664,260,2380,0,0,269,2592,23,725,269,3317,California
San Benito,2021-01-30,51,4095,33,1697,18,2398,0,0,27,2595,24,749,27,3344,California
San Benito,2021-01-31,15,4110,4,1701,11,2409,0,0,10,2600,5,754,10,3354,California
San Benito,2021-02-01,134,4244,28,1729,106,2515,0,0,91,2648,43,797,91,3445,California
San Benito,2021-02-02,232,4476,49,1778,183,2698,0,0,138,2692,94,891,138,3583,California
San Benito,2021-02-03,343,4819,44,1822,299,2997,0,0,273,2895,70,961,273,3856,California
San Benito,2021-02-04,169,4988,25,1847,144,3141,0,0,123,2972,46,1007,123,3979,California
San Benito,2021-02-05,299,5287,41,1888,258,3399,0,0,235,3143,64,1071,235,4214,California
San Benito,2021-02-06,47,5334,8,1896,39,3438,0,0,31,3158,16,1087,31,4245,California
San Benito,2021-02-07,15,5349,6,1902,9,3447,0,0,14,3171,1,1088,14,4259,California
San Benito,2021-02-08,139,5488,16,1918,123,3570,0,0,93,3218,46,1134,93,4352,California
San Benito,2021-02-09,326,5814,61,1979,265,3835,0,0,193,3278,133,1267,193,4545,California
San Benito,2021-02-10,322,6136,87,2066,235,4070,0,0,113,3183,208,1475,113,4658,California
San Benito,2021-02-11,302,6438,33,2099,269,4339,0,0,201,3283,101,1576,201,4859,California
San Benito,2021-02-12,421,6859,31,2130,390,4729,0,0,213,3289,207,1783,213,5072,California
San Benito,2021-02-13,57,6916,6,2136,51,4780,0,0,46,3324,11,1794,46,5118,California
San Benito,2021-02-14,40,6956,5,2141,35,4815,0,0,30,3344,10,1804,30,5148,California
San Benito,2021-02-15,109,7065,10,2151,99,4914,0,0,99,3433,10,1814,99,5247,California
San Benito,2021-02-16,210,7275,11,2162,199,5113,0,0,106,3436,104,1918,107,5354,California
San Benito,2021-02-17,332,7607,31,2193,301,5414,0,0,282,3668,50,1968,282,5636,California
San Benito,2021-02-18,293,7900,38,2231,255,5669,0,0,70,3515,223,2191,70,5706,California
San Benito,2021-02-19,351,8251,49,2280,302,5971,0,0,180,3524,171,2362,180,5886,California
San Benito,2021-02-20,47,8298,25,2305,22,5993,0,0,37,3551,10,2372,37,5923,California
San Benito,2021-02-21,24,8322,11,2316,13,6006,0,0,17,3561,7,2379,17,5940,California
San Benito,2021-02-22,133,8455,33,2349,100,6106,0,0,98,3625,34,2413,98,6038,California
San Benito,2021-02-23,374,8829,94,2443,280,6386,0,0,259,3769,115,2528,259,6297,California
San Benito,2021-02-24,385,9214,68,2511,317,6703,0,0,245,3874,140,2668,245,6542,California
San Benito,2021-02-25,399,9613,71,2582,328,7031,0,0,277,4027,124,2792,277,6819,California
San Benito,2021-02-26,660,10273,75,2657,585,7616,0,0,413,4193,247,3039,413,7232,California
San Benito,2021-02-27,111,10384,45,2702,66,7682,0,0,93,4268,18,3057,93,7325,California
San Benito,2021-02-28,253,10637,28,2730,225,7907,0,0,244,4503,9,3066,244,7569,California
San Benito,2021-03-01,232,10869,60,2790,172,8079,0,0,161,4592,72,3138,161,7730,California
San Benito,2021-03-02,285,11154,93,2883,192,8271,0,0,214,4735,71,3209,214,7944,California
San Benito,2021-03-03,402,11556,56,2939,346,8617,0,0,227,4789,173,3382,227,8171,California
San Benito,2021-03-04,622,12178,129,3068,478,9095,15,15,436,5043,186,3568,440,8611,California
San Benito,2021-03-05,593,12771,311,3379,270,9365,12,27,377,5218,214,3782,389,9000,California
San Benito,2021-03-06,202,12973,73,3452,115,9480,14,41,150,5330,52,3834,164,9164,California
San Benito,2021-03-07,645,13618,602,4054,20,9500,23,64,613,5934,32,3866,636,9800,California
San Benito,2021-03-08,292,13910,68,4122,177,9677,47,111,168,6025,124,3990,215,10015,California
San Benito,2021-03-09,429,14339,84,4206,245,9922,100,211,139,5948,289,4279,212,10227,California
San Benito,2021-03-10,405,14744,117,4323,192,10114,96,307,233,6105,172,4451,329,10556,California
San Benito,2021-03-11,476,15220,122,4445,199,10313,155,462,210,6204,266,4717,365,10921,California
San Benito,2021-03-12,526,15746,122,4567,309,10622,95,557,233,6242,291,5008,329,11250,California
San Benito,2021-03-13,201,15947,99,4666,83,10705,19,576,128,6319,70,5078,147,11397,California
San Benito,2021-03-14,233,16180,40,4706,173,10878,20,596,179,6465,53,5131,199,11596,California
San Benito,2021-03-15,326,16506,99,4805,208,11086,19,615,192,6542,134,5265,211,11807,California
San Benito,2021-03-16,507,17013,221,5026,254,11340,32,647,353,6771,154,5419,383,12190,California
San Benito,2021-03-17,799,17812,481,5507,296,11636,22,669,565,7120,230,5649,579,12769,California
San Benito,2021-03-18,792,18604,534,6041,205,11841,53,722,574,7521,217,5866,618,13387,California
San Benito,2021-03-19,774,19378,404,6445,347,12188,23,745,572,7914,202,6068,595,13982,California
San Benito,2021-03-20,248,19626,152,6597,85,12273,11,756,187,8051,61,6129,198,14180,California
San Benito,2021-03-21,112,19738,58,6655,49,12322,5,761,82,8108,30,6159,87,14267,California
San Benito,2021-03-22,351,20089,172,6827,154,12476,25,786,219,8220,132,6291,244,14511,California
San Benito,2021-03-23,478,20567,202,7029,266,12742,10,796,219,8189,259,6550,228,14739,California
San Benito,2021-03-24,584,21151,310,7339,267,13009,7,803,365,8343,218,6768,372,15111,California
San Benito,2021-03-25,749,21900,445,7784,300,13309,4,807,445,8492,300,7068,449,15560,California
San Benito,2021-03-26,1032,22932,527,8311,500,13809,5,812,339,8144,692,7760,344,15904,California
San Benito,2021-03-27,346,23278,196,8507,117,13926,33,845,222,8275,124,7884,255,16159,California
San Benito,2021-03-28,731,24009,604,9111,121,14047,6,851,129,7808,602,8486,135,16294,California
San Benito,2021-03-29,344,24353,110,9221,214,14261,20,871,143,7769,201,8687,162,16456,California
San Benito,2021-03-30,588,24941,278,9499,214,14475,96,967,299,7875,289,8976,395,16851,California
San Benito,2021-03-31,603,25544,371,9870,208,14683,24,991,343,7985,257,9233,367,17218,California
San Benito,2021-04-01,960,26504,385,10255,536,15219,39,1030,570,8200,389,9622,604,17822,California
San Benito,2021-04-02,542,27046,260,10515,146,15365,136,1166,267,8329,274,9896,403,18225,California
San Benito,2021-04-03,260,27306,87,10602,108,15473,65,1231,74,8282,186,10082,139,18364,California
San Benito,2021-04-04,143,27449,107,10709,30,15503,6,1237,105,8355,38,10120,111,18475,California
San Benito,2021-04-05,361,27810,173,10882,145,15648,43,1280,150,8336,211,10331,192,18667,California
San Benito,2021-04-06,468,28278,165,11047,124,15772,179,1459,159,8365,309,10640,338,19005,California
San Benito,2021-04-07,948,29226,530,11577,229,16001,189,1648,266,8140,680,11320,455,19460,California
San Benito,2021-04-08,863,30089,430,12007,181,16182,252,1900,225,7980,637,11957,477,19937,California
San Benito,2021-04-09,853,30942,503,12510,258,16440,92,1992,295,7810,557,12514,387,20324,California
San Benito,2021-04-10,355,31297,213,12723,79,16519,63,2055,196,7911,159,12673,260,20584,California
San Benito,2021-04-11,477,31774,273,12996,170,16689,34,2089,270,7987,207,12880,283,20867,California
San Benito,2021-04-12,537,32311,284,13280,136,16825,117,2206,279,8122,257,13137,392,21259,California
San Benito,2021-04-13,756,33067,295,13575,438,17263,23,2229,524,8439,231,13368,548,21807,California
San Benito,2021-04-14,847,33914,669,14244,178,17441,0,2229,402,8402,439,13807,402,22209,California
San Benito,2021-04-15,954,34868,741,14985,212,17653,1,2230,478,8406,475,14282,479,22688,California
San Benito,2021-04-16,703,35571,368,15353,324,17977,11,2241,294,8306,406,14688,306,22994,California
San Benito,2021-04-17,322,35893,225,15578,97,18074,0,2241,130,8242,194,14882,130,23124,California
San Benito,2021-04-18,496,36389,413,15991,83,18157,0,2241,237,8222,259,15141,239,23363,California
San Benito,2021-04-19,741,37130,594,16585,147,18304,0,2241,424,8331,316,15457,425,23788,California
San Benito,2021-04-20,776,37906,406,16991,368,18672,2,2243,492,8545,279,15736,493,24281,California
San Benito,2021-04-21,960,38866,702,17693,258,18930,0,2243,522,8643,424,16160,522,24803,California
San Benito,2021-04-22,904,39770,691,18384,213,19143,0,2243,569,8885,327,16487,569,25372,California
San Benito,2021-04-23,634,40404,400,18784,233,19376,1,2244,344,8988,241,16728,344,25716,California
San Benito,2021-04-24,364,40768,202,18986,162,19538,0,2244,171,9004,155,16883,171,25887,California
San Benito,2021-04-25,206,40974,128,19114,78,19616,0,2244,95,9006,93,16976,95,25982,California
San Benito,2021-04-26,493,41467,391,19505,102,19718,0,2244,259,9092,173,17149,259,26241,California
San Benito,2021-04-27,554,42021,280,19785,267,19985,7,2251,408,9371,136,17285,415,26656,California
San Benito,2021-04-28,555,42576,391,20176,155,20140,9,2260,393,9615,157,17442,401,27057,California
San Benito,2021-04-29,635,43211,234,20410,391,20531,10,2270,254,9515,381,17823,281,27338,California
San Benito,2021-04-30,379,43590,211,20621,161,20692,7,2277,205,9555,172,17995,212,27550,California
San Benito,2021-05-01,202,43792,146,20767,47,20739,9,2286,66,9496,134,18129,75,27625,California
San Benito,2021-05-02,192,43984,164,20931,24,20763,4,2290,59,9426,133,18262,63,27688,California
San Benito,2021-05-03,362,44346,283,21214,69,20832,10,2300,90,9256,272,18534,102,27790,California
San Benito,2021-05-04,407,44753,246,21460,153,20985,8,2308,151,9160,254,18788,158,27948,California
San Benito,2021-05-05,607,45360,426,21886,165,21150,16,2324,210,8992,394,19182,226,28174,California
San Benito,2021-05-06,620,45980,490,22376,114,21264,16,2340,223,8838,393,19575,239,28413,California
San Benito,2021-05-07,449,46429,283,22659,155,21419,11,2351,174,8751,273,19848,186,28599,California
San Benito,2021-05-08,278,46707,226,22885,47,21466,5,2356,157,8792,121,19969,162,28761,California
San Benito,2021-05-09,103,46810,77,22962,23,21489,3,2359,48,8788,55,20024,51,28812,California
San Benito,2021-05-10,416,47226,327,23289,65,21554,24,2383,52,8501,364,20388,77,28889,California
San Benito,2021-05-11,822,48048,411,23700,395,21949,16,2399,183,8064,637,21025,200,29089,California
San Benito,2021-05-12,491,48539,389,24089,89,22038,13,2412,114,7816,376,21401,128,29217,California
San Benito,2021-05-13,687,49226,587,24676,90,22128,10,2422,174,7489,510,21911,183,29400,California
San Benito,2021-05-14,598,49824,443,25119,148,22276,7,2429,234,7367,363,22274,241,29641,California
San Benito,2021-05-15,228,50052,171,25290,51,22327,6,2435,125,7395,103,22377,131,29772,California
San Benito,2021-05-16,168,50220,140,25430,26,22353,2,2437,92,7413,76,22453,94,29866,California
San Benito,2021-05-17,391,50611,314,25744,67,22420,10,2447,178,7390,211,22664,188,30054,California
San Benito,2021-05-18,671,51282,351,26095,315,22735,5,2452,209,7143,462,23126,215,30269,California
San Benito,2021-05-19,577,51859,419,26514,150,22885,8,2460,232,7038,345,23471,240,30509,California
San Benito,2021-05-20,593,52452,468,26982,114,22999,11,2471,315,7087,277,23748,326,30835,California
San Benito,2021-05-21,472,52924,278,27260,177,23176,17,2488,216,7066,254,24002,233,31068,California
San Benito,2021-05-22,298,53222,223,27483,70,23246,5,2493,181,7138,115,24117,187,31255,California
San Benito,2021-05-23,91,53313,54,27537,33,23279,4,2497,34,7118,57,24174,37,31292,California
San Benito,2021-05-24,300,53613,252,27789,41,23320,7,2504,186,7197,114,24288,193,31485,California
San Benito,2021-05-25,527,54140,242,28031,278,23598,7,2511,172,7023,353,24641,179,31664,California
San Benito,2021-05-26,308,54448,190,28221,112,23710,6,2517,128,6977,179,24820,133,31797,California
San Benito,2021-05-27,405,54853,309,28530,73,23783,23,2540,149,6896,256,25076,175,31972,California
San Benito,2021-05-28,287,55140,177,28707,103,23886,7,2547,111,6839,175,25251,118,32090,California
San Benito,2021-05-29,148,55288,126,28833,20,23906,2,2549,63,6819,85,25336,65,32155,California
San Benito,2021-05-30,270,55558,255,29088,15,23921,0,2549,94,6738,175,25511,94,32249,California
San Benito,2021-05-31,102,55660,89,29177,11,23932,2,2551,45,6729,56,25567,47,32296,California
San Benito,2021-06-01,270,55930,122,29299,122,24054,26,2577,99,6683,170,25737,124,32420,California
San Benito,2021-06-02,321,56251,242,29541,76,24130,3,2580,119,6604,202,25939,123,32543,California
San Benito,2021-06-03,340,56591,288,29829,45,24175,7,2587,134,6542,203,26142,141,32684,California
San Benito,2021-06-04,269,56860,202,30031,67,24242,0,2587,87,6448,181,26323,87,32771,California
San Benito,2021-06-05,91,56951,73,30104,17,24259,1,2588,19,6397,71,26394,20,32791,California
San Benito,2021-06-06,59,57010,48,30152,8,24267,3,2591,15,6371,44,26438,18,32809,California
San Benito,2021-06-07,337,57347,298,30450,34,24301,5,2596,88,6217,247,26685,93,32902,California
San Benito,2021-06-08,306,57653,215,30665,76,24377,15,2611,97,6121,208,26893,112,33014,California
San Benito,2021-06-09,208,57861,162,30827,38,24415,8,2619,63,6047,145,27038,71,33085,California
San Benito,2021-06-10,318,58179,293,31120,18,24433,7,2626,55,5848,261,27299,62,33147,California
San Benito,2021-06-11,199,58378,169,31289,9,24442,21,2647,63,5797,135,27434,84,33231,California
San Benito,2021-06-12,24,58402,14,31303,7,24449,3,2650,6,5788,18,27452,9,33240,California
San Bernardino,2020-12-15,13,13,13,13,0,0,0,0,13,13,0,0,13,13,California
San Bernardino,2020-12-16,114,127,114,127,0,0,0,0,114,127,0,0,114,127,California
San Bernardino,2020-12-17,2374,2501,2374,2501,0,0,0,0,2374,2501,0,0,2374,2501,California
San Bernardino,2020-12-18,3160,5661,3157,5658,3,3,0,0,3161,5662,0,0,3161,5662,California
San Bernardino,2020-12-19,1077,6738,1076,6734,1,4,0,0,1078,6740,0,0,1078,6740,California
San Bernardino,2020-12-20,1173,7911,1170,7904,3,7,0,0,1173,7913,0,0,1173,7913,California
San Bernardino,2020-12-21,2469,10380,2463,10367,6,13,0,0,2469,10382,0,0,2469,10382,California
San Bernardino,2020-12-22,2285,12665,2155,12522,130,143,0,0,2285,12667,0,0,2285,12667,California
San Bernardino,2020-12-23,2681,15346,1475,13997,1206,1349,0,0,2679,15346,0,0,2679,15346,California
San Bernardino,2020-12-24,1170,16516,590,14587,580,1929,0,0,1170,16515,1,1,1170,16516,California
San Bernardino,2020-12-25,74,16590,14,14601,60,1989,0,0,74,16589,0,1,74,16590,California
San Bernardino,2020-12-26,463,17053,254,14855,209,2198,0,0,463,17052,0,1,463,17053,California
San Bernardino,2020-12-27,348,17401,161,15016,187,2385,0,0,347,17398,1,2,347,17400,California
San Bernardino,2020-12-28,1579,18980,716,15732,863,3248,0,0,1580,18978,0,2,1580,18980,California
San Bernardino,2020-12-29,2224,21204,1047,16779,1177,4425,0,0,2224,21202,0,2,2224,21204,California
San Bernardino,2020-12-30,2897,24101,1455,18234,1442,5867,0,0,2897,24099,0,2,2897,24101,California
San Bernardino,2020-12-31,1367,25468,440,18674,927,6794,0,0,1365,25464,0,2,1365,25466,California
San Bernardino,2021-01-01,286,25754,153,18827,133,6927,0,0,285,25749,0,2,285,25751,California
San Bernardino,2021-01-02,480,26234,340,19167,140,7067,0,0,480,26229,0,2,480,26231,California
San Bernardino,2021-01-03,136,26370,86,19253,50,7117,0,0,136,26365,0,2,136,26367,California
San Bernardino,2021-01-04,2139,28509,1297,20550,842,7959,0,0,2138,28503,0,2,2138,28505,California
San Bernardino,2021-01-05,2340,30849,1463,22013,877,8836,0,0,2231,30626,108,110,2231,30736,California
San Bernardino,2021-01-06,3463,34312,2367,24380,1096,9932,0,0,2961,33092,496,606,2962,33698,California
San Bernardino,2021-01-07,5441,39753,4518,28898,923,10855,0,0,2487,32644,2935,3541,2487,36185,California
San Bernardino,2021-01-08,5374,45127,4450,33348,924,11779,0,0,2285,31846,3084,6625,2286,38471,California
San Bernardino,2021-01-09,1408,46535,1104,34452,304,12083,0,0,906,32250,502,7127,906,39377,California
San Bernardino,2021-01-10,1023,47558,597,35049,426,12509,0,0,575,32377,448,7575,575,39952,California
San Bernardino,2021-01-11,4987,52545,4082,39131,905,13414,0,0,2764,32922,2219,9794,2764,42716,California
San Bernardino,2021-01-12,4243,56788,3218,42349,1025,14439,0,0,2513,33708,1727,11521,2513,45229,California
San Bernardino,2021-01-13,4597,61385,2863,45212,1734,16173,0,0,3361,35846,1225,12746,3363,48592,California
San Bernardino,2021-01-14,4834,66219,2847,48059,1987,18160,0,0,4246,39508,584,13330,4246,52838,California
San Bernardino,2021-01-15,6018,72237,2996,51055,3022,21182,0,0,5620,44741,390,13720,5623,58461,California
San Bernardino,2021-01-16,2265,74502,1292,52347,973,22155,0,0,2121,46718,144,13864,2121,60582,California
San Bernardino,2021-01-17,1179,75681,505,52852,674,22829,0,0,1095,47732,83,13947,1097,61679,California
San Bernardino,2021-01-18,4276,79957,2643,55495,1633,24462,0,0,3653,50764,623,14570,3655,65334,California
San Bernardino,2021-01-19,6346,86303,3725,59220,2621,27083,0,0,5249,54920,1095,15665,5251,70585,California
San Bernardino,2021-01-20,6872,93175,3777,62997,3095,30178,0,0,4912,57883,1951,17616,4914,75499,California
San Bernardino,2021-01-21,6007,99182,3093,66090,2914,33092,0,0,4889,61666,1110,18726,4893,80392,California
San Bernardino,2021-01-22,6557,105739,3066,69156,3491,36583,0,0,5829,66770,726,19452,5830,86222,California
San Bernardino,2021-01-23,3129,108868,1901,71057,1228,37811,0,0,2735,69112,393,19845,2735,88957,California
San Bernardino,2021-01-24,1200,110068,461,71518,739,38550,0,0,1097,70106,103,19948,1097,90054,California
San Bernardino,2021-01-25,6903,116971,3413,74931,3490,42040,0,0,5055,73319,1845,21793,5058,95112,California
San Bernardino,2021-01-26,7064,124035,3505,78436,3559,45599,0,0,4952,76162,2111,23904,4954,100066,California
San Bernardino,2021-01-27,8549,132584,4159,82595,4390,49989,0,0,5722,79065,2819,26723,5722,105788,California
San Bernardino,2021-01-28,8605,141189,4084,86679,4521,54510,0,0,6278,83021,2322,29045,6278,112066,California
San Bernardino,2021-01-29,8224,149413,3786,90465,4438,58948,0,0,6242,87296,1968,31013,6243,118309,California
San Bernardino,2021-01-30,3092,152505,1889,92354,1203,60151,0,0,2801,89809,289,31302,2802,121111,California
San Bernardino,2021-01-31,928,153433,491,92845,437,60588,0,0,874,90630,53,31355,874,121985,California
San Bernardino,2021-02-01,7588,161021,4256,97101,3332,63920,0,0,4952,92950,2633,33988,4953,126938,California
San Bernardino,2021-02-02,10473,171494,3659,100760,6814,70734,0,0,8408,99298,2061,36049,8409,135347,California
San Bernardino,2021-02-03,9027,180521,4158,104918,4869,75603,0,0,6521,103321,2499,38548,6522,141869,California
San Bernardino,2021-02-04,10519,191040,5173,110091,5346,80949,0,0,7418,107649,3090,41638,7418,149287,California
San Bernardino,2021-02-05,11056,202096,5933,116024,5123,86072,0,0,7496,111598,3548,45186,7497,156784,California
San Bernardino,2021-02-06,5286,207382,2220,118244,3066,89138,0,0,3651,113641,1611,46797,3654,160438,California
San Bernardino,2021-02-07,843,208225,492,118736,351,89489,0,0,467,113736,373,47170,468,160906,California
San Bernardino,2021-02-08,7309,215534,3899,122635,3410,92899,0,0,5636,117700,1672,48842,5636,166542,California
San Bernardino,2021-02-09,10177,225711,5924,128559,4253,97152,0,0,6865,121258,3310,52152,6868,173410,California
San Bernardino,2021-02-10,12112,237823,6468,135027,5644,102796,0,0,7985,125126,4118,56270,7986,181396,California
San Bernardino,2021-02-11,12478,250301,7160,142187,5318,108114,0,0,7946,128567,4508,60778,7949,189345,California
San Bernardino,2021-02-12,10430,260731,5960,148147,4470,112584,0,0,5681,129516,4732,65510,5681,195026,California
San Bernardino,2021-02-13,6056,266787,4035,152182,2021,114605,0,0,3808,131097,2232,67742,3813,198839,California
San Bernardino,2021-02-14,1554,268341,651,152833,903,115508,0,0,876,131302,671,68413,876,199715,California
San Bernardino,2021-02-15,5488,273829,3001,155834,2487,117995,0,0,3068,131962,2408,70821,3068,202783,California
San Bernardino,2021-02-16,12603,286432,7348,163182,5255,123250,0,0,7970,135313,4620,75441,7971,210754,California
San Bernardino,2021-02-17,11822,298254,6471,169653,5351,128601,0,0,7153,137818,4650,80091,7155,217909,California
San Bernardino,2021-02-18,12498,310752,7591,177244,4907,133508,0,0,7706,140748,4777,84868,7707,225616,California
San Bernardino,2021-02-19,11565,322317,5966,183210,5599,139107,0,0,6838,142879,4707,89575,6838,232454,California
San Bernardino,2021-02-20,4532,326849,3476,186686,1056,140163,0,0,2046,142446,2481,92056,2048,234502,California
San Bernardino,2021-02-21,1148,327997,688,187374,460,140623,0,0,405,142108,743,92799,405,234907,California
San Bernardino,2021-02-22,8695,336692,5356,192730,3339,143962,0,0,4049,141523,4635,97434,4050,238957,California
San Bernardino,2021-02-23,9175,345867,5456,198186,3719,147681,0,0,4636,141645,4514,101948,4636,243593,California
San Bernardino,2021-02-24,12492,358359,7192,205378,5300,152981,0,0,6181,141536,6291,108239,6182,249775,California
San Bernardino,2021-02-25,13140,371499,6305,211683,6835,159816,0,0,7663,143743,5459,113698,7666,257441,California
San Bernardino,2021-02-26,13632,385131,6392,218075,7240,167056,0,0,7596,145368,5974,119672,7599,265040,California
San Bernardino,2021-02-27,6682,391813,3738,221813,2943,169999,1,1,4820,148336,1854,121526,4822,269862,California
San Bernardino,2021-02-28,1785,393598,746,222559,1039,171038,0,1,1143,148845,634,122160,1143,271005,California
San Bernardino,2021-03-01,8471,402069,4370,226929,4098,175136,3,4,3849,148108,4597,126757,3860,274865,California
San Bernardino,2021-03-02,13908,415977,5568,232497,8340,183476,0,4,6564,147362,7313,134070,6567,281432,California
San Bernardino,2021-03-03,12919,428896,6567,239064,6349,189825,3,7,6039,146552,6859,140929,6049,287481,California
San Bernardino,2021-03-04,13814,442710,6941,246005,6872,196697,1,8,6005,144774,7788,148717,6010,293491,California
San Bernardino,2021-03-05,14443,457153,7540,253545,6902,203599,1,9,7044,144470,7367,156084,7063,300554,California
San Bernardino,2021-03-06,9760,466913,5467,259012,4068,207667,225,234,4557,144065,5185,161269,4780,305334,California
San Bernardino,2021-03-07,1672,468585,1012,260024,589,208256,71,305,1053,144572,617,161886,1124,306458,California
San Bernardino,2021-03-08,8125,476710,3596,263620,4358,212614,171,476,3611,143852,4505,166391,3785,310243,California
San Bernardino,2021-03-09,13099,489809,7483,271103,5365,217979,251,727,5280,141579,7804,174195,5531,315774,California
San Bernardino,2021-03-10,14251,504060,7862,278965,5831,223810,558,1285,6384,140682,7840,182035,6943,322717,California
San Bernardino,2021-03-11,15641,519701,7247,286212,6801,230611,1593,2878,7399,141450,8219,190254,8987,331704,California
San Bernardino,2021-03-12,15582,535283,6948,293160,6586,237197,2048,4926,7364,142718,8188,198442,9456,341160,California
San Bernardino,2021-03-13,8423,543706,4587,297747,3314,240511,522,5448,4994,144817,3418,201860,5517,346677,California
San Bernardino,2021-03-14,3309,547015,1682,299429,1046,241557,581,6029,1850,145790,1452,203312,2425,349102,California
San Bernardino,2021-03-15,11432,558447,5387,304816,4012,245569,2033,8062,5611,147620,5806,209118,7636,356738,California
San Bernardino,2021-03-16,16258,574705,8045,312861,7270,252839,943,9005,9936,152201,6295,215413,10876,367614,California
San Bernardino,2021-03-17,17413,592118,8650,321511,8013,260852,750,9755,10557,156670,6838,222251,11307,378921,California
San Bernardino,2021-03-18,16691,608809,8260,329771,8043,268895,388,10143,9863,160117,6802,229053,10249,389170,California
San Bernardino,2021-03-19,17034,625843,8451,338222,7985,276880,598,10741,9779,163316,7229,236282,10428,399598,California
San Bernardino,2021-03-20,9480,635323,5983,344205,2903,279783,594,11335,5617,165683,3838,240120,6205,405803,California
San Bernardino,2021-03-21,2811,638134,2286,346491,474,280257,51,11386,2261,167458,537,240657,2312,408115,California
San Bernardino,2021-03-22,9642,647776,4529,351020,4676,284933,437,11823,6985,172244,2636,243293,7422,415537,California
San Bernardino,2021-03-23,15539,663315,8815,359835,6104,291037,620,12443,9613,176573,5903,249196,10232,425769,California
San Bernardino,2021-03-24,15218,678533,7845,367680,7068,298105,305,12748,10097,181890,5086,254282,10403,436172,California
San Bernardino,2021-03-25,17076,695609,8379,376059,8393,306498,304,13052,10816,186795,6209,260491,11114,447286,California
San Bernardino,2021-03-26,18256,713865,8689,384748,8796,315294,771,13823,10918,191177,7306,267797,11688,458974,California
San Bernardino,2021-03-27,10887,724752,7027,391775,3102,318396,758,14581,6206,193479,4661,272458,6963,465937,California
San Bernardino,2021-03-28,3638,728390,2560,394335,965,319361,113,14694,2524,195011,1104,273562,2636,468573,California
San Bernardino,2021-03-29,11817,740207,6138,400473,5278,324639,401,15095,7979,199571,3820,277382,8380,476953,California
San Bernardino,2021-03-30,17021,757228,9496,409969,6807,331446,718,15813,10543,204381,6442,283824,11252,488205,California
San Bernardino,2021-03-31,16629,773857,9368,419337,6622,338068,639,16452,10941,210302,5657,289481,11578,499783,California
San Bernardino,2021-04-01,19879,793736,10498,429835,7952,346020,1429,17881,12803,217493,7032,296513,14223,514006,California
San Bernardino,2021-04-02,18942,812678,9545,439380,8104,354124,1293,19174,11448,222809,7465,303978,12781,526787,California
San Bernardino,2021-04-03,11191,823869,7000,446380,3052,357176,1139,20313,6083,224936,5089,309067,7216,534003,California
San Bernardino,2021-04-04,2510,826379,1509,447889,750,357926,251,20564,1266,225217,1236,310303,1517,535520,California
San Bernardino,2021-04-05,11814,838193,5306,453195,4769,362695,1739,22303,6025,227207,5768,316071,7758,543278,California
San Bernardino,2021-04-06,19807,858000,11149,464344,6540,369235,2118,24421,10461,230476,9300,325371,12569,555847,California
San Bernardino,2021-04-07,21086,879086,11274,475618,7321,376556,2491,26912,11507,234911,9549,334920,13984,569831,California
San Bernardino,2021-04-08,22020,901106,11270,486888,8123,384679,2627,29539,12109,239755,9884,344804,14728,584559,California
San Bernardino,2021-04-09,21882,922988,11140,498028,8160,392839,2582,32121,11900,244281,9944,354748,14470,599029,California
San Bernardino,2021-04-10,15779,938767,8165,506193,3875,396714,3739,35860,7820,247888,7936,362684,11543,610572,California
San Bernardino,2021-04-11,4465,943232,2596,508789,895,397609,974,36834,2040,248476,2419,365103,3007,613579,California
San Bernardino,2021-04-12,13509,956741,6243,515032,5601,403210,1665,38499,6391,249429,7097,372200,8050,621629,California
San Bernardino,2021-04-13,19430,976171,11081,526113,8330,411540,19,38518,11135,252320,8267,380467,11158,632787,California
San Bernardino,2021-04-14,19442,995613,10400,536513,9039,420579,3,38521,11004,254924,8405,388872,11009,643796,California
San Bernardino,2021-04-15,20448,1016061,11436,547949,9006,429585,6,38527,10866,256257,9542,398414,10875,654671,California
San Bernardino,2021-04-16,18693,1034754,10599,558548,8093,437678,1,38528,9167,255956,9484,407898,9183,663854,California
San Bernardino,2021-04-17,11957,1046711,7868,566416,4089,441767,0,38528,6257,256548,5665,413563,6257,670111,California
San Bernardino,2021-04-18,2918,1049629,2005,568421,913,442680,0,38528,1283,256208,1623,415186,1283,671394,California
San Bernardino,2021-04-19,12554,1062183,6693,575114,5861,448541,0,38528,4869,253417,7664,422850,4873,676267,California
San Bernardino,2021-04-20,17646,1079829,9829,584943,7814,456355,3,38531,8061,251922,9560,432410,8065,684332,California
San Bernardino,2021-04-21,18144,1097973,10340,595283,7801,464156,3,38534,7941,249724,10142,442552,7944,692276,California
San Bernardino,2021-04-22,19245,1117218,10989,606272,8252,472408,4,38538,7818,246171,11375,453927,7822,700098,California
San Bernardino,2021-04-23,18521,1135739,10598,616870,7922,480330,1,38539,8051,243802,10423,464350,8054,708152,California
San Bernardino,2021-04-24,12887,1148626,9508,626378,3377,483707,2,38541,6929,244791,5942,470292,6931,715083,California
San Bernardino,2021-04-25,3399,1152025,2228,628606,1171,484878,0,38541,1671,244750,1713,472005,1672,716755,California
San Bernardino,2021-04-26,11124,1163149,5998,634604,5036,489914,90,38631,4760,243274,6324,478329,4848,721603,California
San Bernardino,2021-04-27,16506,1179655,9940,644544,6355,496269,211,38842,6774,240569,9688,488017,6983,728586,California
San Bernardino,2021-04-28,14722,1194377,8744,653288,5702,501971,276,39118,5281,236702,9415,497432,5548,734134,California
San Bernardino,2021-04-29,16239,1210616,9330,662618,6639,508610,270,39388,5374,231514,10828,508260,5640,739774,California
San Bernardino,2021-04-30,16566,1227182,10451,673069,5835,514445,280,39668,6096,227455,10433,518693,6374,746148,California
San Bernardino,2021-05-01,10782,1237964,8437,681506,2030,516475,315,39983,3727,224439,7053,525746,4037,750185,California
San Bernardino,2021-05-02,2933,1240897,2117,683623,684,517159,132,40115,1041,223726,1884,527630,1171,751356,California
San Bernardino,2021-05-03,10045,1250942,5763,689386,3880,521039,402,40517,2895,219886,7136,534766,3296,754652,California
San Bernardino,2021-05-04,15700,1266642,9545,698931,5701,526740,454,40971,4567,213813,11091,545857,5018,759670,California
San Bernardino,2021-05-05,15350,1281992,8828,707759,6110,532850,412,41383,4327,207570,10977,556834,4734,764404,California
San Bernardino,2021-05-06,15800,1297792,9002,716761,6385,539235,413,41796,4298,200817,11462,568296,4709,769113,California
San Bernardino,2021-05-07,15465,1313257,8676,725437,6415,545650,374,42170,4638,195052,10772,579068,5007,774120,California
San Bernardino,2021-05-08,9230,1322487,6137,731574,2847,548497,246,42416,3162,192425,6034,585102,3407,777527,California
San Bernardino,2021-05-09,1812,1324299,1116,732690,607,549104,89,42505,728,192165,1077,586179,817,778344,California
San Bernardino,2021-05-10,7431,1331730,3420,736110,3696,552800,315,42820,2280,189648,5109,591288,2592,780936,California
San Bernardino,2021-05-11,12146,1343876,6711,742821,5085,557885,350,43170,3835,185563,8271,599559,4186,785122,California
San Bernardino,2021-05-12,12638,1356514,6872,749693,5452,563337,314,43484,3746,180773,8845,608404,4055,789177,California
San Bernardino,2021-05-13,13205,1369719,7968,757661,4892,568229,345,43829,5201,178353,7961,616365,5541,794718,California
San Bernardino,2021-05-14,13612,1383331,9048,766709,4234,572463,330,44159,5680,176479,7883,624248,6009,800727,California
San Bernardino,2021-05-15,11267,1394598,8355,775064,2725,575188,187,44346,4529,174483,6707,630955,4711,805438,California
San Bernardino,2021-05-16,2780,1397378,2046,777110,672,575860,62,44408,1309,174400,1453,632408,1370,806808,California
San Bernardino,2021-05-17,10006,1407384,6758,783868,2956,578816,292,44700,4515,173747,5458,637866,4805,811613,California
San Bernardino,2021-05-18,13399,1420783,8808,792676,4343,583159,248,44948,6040,172701,7330,645196,6284,817897,California
San Bernardino,2021-05-19,11491,1432274,7192,799868,3922,587081,377,45325,5329,172278,6125,651321,5702,823599,California
San Bernardino,2021-05-20,11557,1443831,6919,806787,4324,591405,314,45639,5201,171475,6317,657638,5514,829113,California
San Bernardino,2021-05-21,12577,1456408,8330,815117,3868,595273,379,46018,5460,170246,7065,664703,5836,834949,California
San Bernardino,2021-05-22,8873,1465281,6640,821757,2024,597297,209,46227,4250,170123,4578,669281,4455,839404,California
San Bernardino,2021-05-23,2290,1467571,1415,823172,784,598081,91,46318,1087,170106,1194,670475,1177,840581,California
San Bernardino,2021-05-24,6592,1474163,4131,827303,2159,600240,302,46620,2883,169626,3665,674140,3185,843766,California
San Bernardino,2021-05-25,9269,1483432,5688,832991,3325,603565,256,46876,4136,168918,5102,679242,4394,848160,California
San Bernardino,2021-05-26,8184,1491616,5196,838187,2741,606306,247,47123,3791,168594,4358,683600,4034,852194,California
San Bernardino,2021-05-27,7604,1499220,4616,842803,2754,609060,234,47357,3489,168241,4075,687675,3722,855916,California
San Bernardino,2021-05-28,8760,1507980,5454,848257,3039,612099,267,47624,4397,168582,4321,691996,4662,860578,California
San Bernardino,2021-05-29,5013,1512993,3340,851597,1558,613657,115,47739,2630,168961,2365,694361,2744,863322,California
San Bernardino,2021-05-30,1756,1514749,1242,852839,432,614089,82,47821,911,169114,839,695200,992,864314,California
San Bernardino,2021-05-31,891,1515640,566,853405,309,614398,16,47837,321,168885,566,695766,337,864651,California
San Bernardino,2021-06-01,8605,1524245,5564,858969,2799,617197,242,48079,3537,167650,5012,700778,3777,868428,California
San Bernardino,2021-06-02,6807,1531052,4287,863256,2282,619479,238,48317,2963,167039,3810,704588,3199,871627,California
San Bernardino,2021-06-03,7885,1538937,5336,868592,2368,621847,181,48498,2767,164893,5094,709682,2948,874575,California
San Bernardino,2021-06-04,9055,1547992,6143,874735,2620,624467,292,48790,3259,162692,5750,715432,3549,878124,California
San Bernardino,2021-06-05,6481,1554473,4963,879698,1393,625860,125,48915,2335,161026,4123,719555,2457,880581,California
San Bernardino,2021-06-06,2015,1556488,1678,881376,273,626133,64,48979,846,160775,1161,720716,910,881491,California
San Bernardino,2021-06-07,6195,1562683,4835,886211,1151,627284,209,49188,1992,158791,4182,724898,2198,883689,California
San Bernardino,2021-06-08,8262,1570945,6009,892220,2037,629321,216,49404,2711,156229,5485,730383,2923,886612,California
San Bernardino,2021-06-09,5690,1576635,4004,896224,1531,630852,155,49559,1799,154330,3852,734235,1953,888565,California
San Bernardino,2021-06-10,5613,1582248,3978,900202,1471,632323,164,49723,1674,152266,3904,738139,1840,890405,California
San Bernardino,2021-06-11,5391,1587639,3559,903761,1651,633974,181,49904,1851,150784,3511,741650,2029,892434,California
San Bernardino,2021-06-12,2899,1590538,2605,906366,259,634233,35,49939,744,149421,2141,743791,778,893212,California
San Diego,2020-12-15,120,120,120,120,0,0,0,0,120,120,0,0,120,120,California
San Diego,2020-12-16,1105,1225,1105,1225,0,0,0,0,1105,1225,0,0,1105,1225,California
San Diego,2020-12-17,2351,3576,2351,3576,0,0,0,0,2351,3576,0,0,2351,3576,California
San Diego,2020-12-18,3674,7250,3673,7249,1,1,0,0,3674,7250,0,0,3674,7250,California
San Diego,2020-12-19,2313,9563,2313,9562,0,1,0,0,2313,9563,0,0,2313,9563,California
San Diego,2020-12-20,1188,10751,1187,10749,1,2,0,0,1188,10751,0,0,1188,10751,California
San Diego,2020-12-21,3524,14275,3522,14271,2,4,0,0,3524,14275,0,0,3524,14275,California
San Diego,2020-12-22,4064,18339,3420,17691,644,648,0,0,4064,18339,0,0,4064,18339,California
San Diego,2020-12-23,3180,21519,1978,19669,1202,1850,0,0,3180,21519,0,0,3180,21519,California
San Diego,2020-12-24,2736,24255,2219,21888,517,2367,0,0,2736,24255,0,0,2736,24255,California
San Diego,2020-12-25,876,25131,875,22763,1,2368,0,0,876,25131,0,0,876,25131,California
San Diego,2020-12-26,3289,28420,2141,24904,1148,3516,0,0,3289,28420,0,0,3289,28420,California
San Diego,2020-12-27,2511,30931,1619,26523,892,4408,0,0,2510,30929,1,1,2510,30930,California
San Diego,2020-12-28,5913,36844,4226,30749,1687,6095,0,0,5913,36842,0,1,5913,36843,California
San Diego,2020-12-29,5577,42421,3003,33752,2574,8669,0,0,5577,42419,0,1,5577,42420,California
San Diego,2020-12-30,5952,48373,3105,36857,2847,11516,0,0,5952,48371,0,1,5952,48372,California
San Diego,2020-12-31,3036,51409,1053,37910,1983,13499,0,0,3036,51407,0,1,3036,51408,California
San Diego,2021-01-01,1006,52415,452,38362,554,14053,0,0,1006,52413,0,1,1006,52414,California
San Diego,2021-01-02,3748,56163,1304,39666,2444,16497,0,0,3748,56161,0,1,3748,56162,California
San Diego,2021-01-03,858,57021,633,40299,225,16722,0,0,857,57018,0,1,857,57019,California
San Diego,2021-01-04,3708,60729,2055,42354,1653,18375,0,0,3701,60719,0,1,3701,60720,California
San Diego,2021-01-05,4382,65111,2186,44540,2196,20571,0,0,3766,63885,612,613,3778,64498,California
San Diego,2021-01-06,4947,70058,2290,46830,2657,23228,0,0,3713,66391,1211,1824,3717,68215,California
San Diego,2021-01-07,5669,75727,2985,49815,2684,25912,0,0,3507,67751,2155,3979,3515,71730,California
San Diego,2021-01-08,7865,83592,4943,54758,2922,28834,0,0,4077,68076,3771,7750,4096,75826,California
San Diego,2021-01-09,3502,87094,1942,56700,1560,30394,0,0,1952,68501,1538,9288,1963,77789,California
San Diego,2021-01-10,1882,88976,1295,57995,587,30981,0,0,778,68197,1092,10380,788,78577,California
San Diego,2021-01-11,10342,99318,5865,63860,4477,35458,0,0,6808,71497,3527,13907,6827,85404,California
San Diego,2021-01-12,11206,110524,5317,69177,5889,41347,0,0,7827,76067,3370,17277,7940,93344,California
San Diego,2021-01-13,11518,122042,5059,74236,6459,47806,0,0,8971,82528,2535,19812,8996,102340,California
San Diego,2021-01-14,12371,134413,4749,78985,7622,55428,0,0,10200,90602,2163,21975,10237,112577,California
San Diego,2021-01-15,15134,149547,5355,84340,9779,65207,0,0,12486,100515,2629,24604,12542,125119,California
San Diego,2021-01-16,10777,160324,3593,87933,7184,72391,0,0,9331,108437,1441,26045,9363,134482,California
San Diego,2021-01-17,8688,169012,2500,90433,6188,78579,0,0,7848,115465,840,26885,7868,142350,California
San Diego,2021-01-18,12884,181896,6318,96751,6566,85145,0,0,10034,122742,2818,29703,10095,152445,California
San Diego,2021-01-19,14609,196505,5677,102428,8932,94077,0,0,11493,131398,3106,32809,11762,164207,California
San Diego,2021-01-20,18334,214839,6390,108818,11944,106021,0,0,15005,143280,3309,36118,15191,179398,California
San Diego,2021-01-21,17307,232146,5782,114600,11525,117546,0,0,15920,157965,1378,37496,16063,195461,California
San Diego,2021-01-22,17580,249726,4651,119251,12929,130475,0,0,15545,171572,2021,39517,15628,211089,California
San Diego,2021-01-23,14485,264211,5271,124522,9214,139689,0,0,12126,181412,2348,41865,12188,223277,California
San Diego,2021-01-24,11860,276071,3299,127821,8561,148250,0,0,10883,191363,975,42840,10926,234203,California
San Diego,2021-01-25,12254,288325,5778,133599,6476,154726,0,0,9230,197735,3016,45856,9388,243591,California
San Diego,2021-01-26,15140,303465,7843,141442,7297,162023,0,0,11744,206274,3394,49250,11933,255524,California
San Diego,2021-01-27,20575,324040,7926,149368,12649,174672,0,0,17553,220958,3013,52263,17697,273221,California
San Diego,2021-01-28,21298,345338,7633,157001,13665,188337,0,0,19019,237798,2268,54531,19108,292329,California
San Diego,2021-01-29,19637,364975,6376,163377,13261,201598,0,0,17194,252610,2433,56964,17245,309574,California
San Diego,2021-01-30,15825,380800,3579,166956,12246,213844,0,0,13137,263169,2678,59642,13237,322811,California
San Diego,2021-01-31,14778,395578,5721,172677,9057,222901,0,0,14415,277259,359,60001,14449,337260,California
San Diego,2021-02-01,20846,416424,7545,180222,13301,236202,0,0,17283,291078,3550,63551,17369,354629,California
San Diego,2021-02-02,22918,439342,8375,188597,14543,250745,0,0,19643,307626,3266,66817,19814,374443,California
San Diego,2021-02-03,27448,466790,11538,200135,15910,266655,0,0,23129,326649,4300,71117,23323,397766,California
San Diego,2021-02-04,24160,490950,9792,209927,14368,281023,0,0,19524,341844,4619,75736,19814,417580,California
San Diego,2021-02-05,24886,515836,8839,218766,16047,297070,0,0,18183,353817,6678,82414,18651,436231,California
San Diego,2021-02-06,20759,536595,8534,227300,12225,309295,0,0,17506,368298,3250,85664,17731,453962,California
San Diego,2021-02-07,12141,548736,5376,232676,6765,316060,0,0,10255,376938,1875,87539,10515,464477,California
San Diego,2021-02-08,20117,568853,8520,241196,11597,327657,0,0,12659,382844,7447,94986,13353,477830,California
San Diego,2021-02-09,20501,589354,8328,249524,12173,339830,0,0,13188,389823,7292,102278,14271,492101,California
San Diego,2021-02-10,22964,612318,9328,258852,13636,353466,0,0,13831,395960,9079,111357,15216,507317,California
San Diego,2021-02-11,23852,636170,10184,269036,13668,367134,0,0,12762,399357,11063,122420,14460,521777,California
San Diego,2021-02-12,23825,659995,7428,276464,16397,383531,0,0,11849,401533,11959,134379,14135,535912,California
San Diego,2021-02-13,20024,680019,9017,285481,11007,394538,0,0,10890,404501,9127,143506,12095,548007,California
San Diego,2021-02-14,11188,691207,7431,292912,3757,398295,0,0,6319,407473,4865,148371,7837,555844,California
San Diego,2021-02-15,15253,706460,7740,300652,7513,405808,0,0,7805,410922,7426,155797,10875,566719,California
San Diego,2021-02-16,19306,725766,11278,311930,8028,413836,0,0,9217,413056,10077,165874,12211,578930,California
San Diego,2021-02-17,23422,749188,11003,322933,12419,426255,0,0,8113,408970,15295,181169,11209,590139,California
San Diego,2021-02-18,23580,772768,12006,334939,11574,437829,0,0,7760,405023,15809,196978,11862,602001,California
San Diego,2021-02-19,15913,788681,10919,345858,4994,442823,0,0,6618,404357,9277,206255,8611,610612,California
San Diego,2021-02-20,10265,798946,6363,352221,3902,446725,0,0,5787,407593,4475,210730,7711,618323,California
San Diego,2021-02-21,11580,810526,10165,362386,1415,448140,0,0,5180,407905,6394,217124,6706,625029,California
San Diego,2021-02-22,12461,822987,10596,372982,1865,450005,0,0,5751,408609,6704,223828,7408,632437,California
San Diego,2021-02-23,25860,848847,14482,387464,11378,461383,0,0,9599,407873,16251,240079,15515,647952,California
San Diego,2021-02-24,28949,877796,12756,400220,16193,477576,0,0,6825,400049,22104,262183,14280,662232,California
San Diego,2021-02-25,33190,910986,14706,414926,18484,496060,0,0,10092,395489,23078,285261,18518,680750,California
San Diego,2021-02-26,33488,944474,12404,427330,21084,517144,0,0,12096,393357,21362,306623,19230,699980,California
San Diego,2021-02-27,21243,965717,9683,437013,11560,528704,0,0,11429,399263,9808,316431,15714,715694,California
San Diego,2021-02-28,15281,980998,9986,446999,5295,533999,0,0,9507,405794,5773,322204,12304,727998,California
San Diego,2021-03-01,24256,1005254,14315,461314,9939,543938,2,2,14713,414925,9465,331669,18596,746594,California
San Diego,2021-03-02,26172,1031426,14087,475401,12085,556023,0,2,12734,420942,13427,345096,19444,766038,California
San Diego,2021-03-03,34036,1065462,15958,491359,18075,574098,3,5,14054,421971,19962,365058,20991,787029,California
San Diego,2021-03-04,28313,1093775,14110,505469,14203,588301,0,5,12593,425643,15698,380756,19370,806399,California
San Diego,2021-03-05,29008,1122783,14915,520384,14011,602312,82,87,13495,430476,15487,396243,20320,826719,California
San Diego,2021-03-06,23429,1146212,9584,529968,13144,615456,701,788,10324,433109,13094,409337,15727,842446,California
San Diego,2021-03-07,18239,1164451,9329,539297,8339,623795,571,1359,6909,432941,11322,420659,11154,853600,California
San Diego,2021-03-08,23105,1187556,11231,550528,10965,634760,909,2268,11442,438543,11642,432301,17244,870844,California
San Diego,2021-03-09,25892,1213448,11974,562502,12159,646919,1759,4027,10103,438576,15774,448075,15807,886651,California
San Diego,2021-03-10,25533,1238981,10787,573289,12348,659267,2398,6425,10076,439703,15442,463517,16569,903220,California
San Diego,2021-03-11,28626,1267607,11002,584291,14026,673293,3598,10023,9934,438549,18667,482184,17513,920733,California
San Diego,2021-03-12,27295,1294902,9567,593858,14589,687882,3139,13162,9983,438086,17300,499484,16837,937570,California
San Diego,2021-03-13,26220,1321122,7283,601141,17144,705026,1793,14955,10114,438077,16099,515583,16090,953660,California
San Diego,2021-03-14,13879,1335001,5496,606637,7643,712669,740,15695,4795,436880,9076,524659,7879,961539,California
San Diego,2021-03-15,22034,1357035,10168,616805,11083,723752,783,16478,9005,436769,13015,537674,12904,974443,California
San Diego,2021-03-16,30002,1387037,15789,632594,13802,737554,411,16889,15718,441710,14260,551934,19201,993644,California
San Diego,2021-03-17,26339,1413376,12245,644839,13374,750928,720,17609,16773,451713,9550,561484,19553,1013197,California
San Diego,2021-03-18,31531,1444907,17815,662654,12796,763724,920,18529,17012,456701,14483,575967,19471,1032668,California
San Diego,2021-03-19,30375,1475282,14413,677067,14917,778641,1045,19574,19405,467410,10949,586916,21658,1054326,California
San Diego,2021-03-20,27910,1503192,8460,685527,17646,796287,1804,21378,21433,485291,6466,593382,24347,1078673,California
San Diego,2021-03-21,16577,1519769,12101,697628,3759,800046,717,22095,7696,486172,8867,602249,9748,1088421,California
San Diego,2021-03-22,22562,1542331,13155,710783,9124,809170,283,22378,14330,495333,8221,610470,17382,1105803,California
San Diego,2021-03-23,26002,1568333,13636,724419,12082,821252,284,22662,17105,505887,8882,619352,19436,1125239,California
San Diego,2021-03-24,29588,1597921,19777,744196,9422,830674,389,23051,17087,512942,12488,631840,19543,1144782,California
San Diego,2021-03-25,30416,1628337,18323,762519,11403,842077,690,23741,17993,521348,12407,644247,20813,1165595,California
San Diego,2021-03-26,32173,1660510,17948,780467,13650,855727,575,24316,17493,527601,14653,658900,20906,1186501,California
San Diego,2021-03-27,25522,1686032,11050,791517,14079,869806,393,24709,15691,536129,9815,668715,18343,1204844,California
San Diego,2021-03-28,15092,1701124,9245,800762,5790,875596,57,24766,9266,541109,5819,674534,10799,1215643,California
San Diego,2021-03-29,26756,1727880,12936,813698,13187,888783,633,25399,16447,550347,10298,684832,19536,1235179,California
San Diego,2021-03-30,33259,1761139,17907,831605,14560,903343,792,26191,22019,563760,11227,696059,24640,1259819,California
San Diego,2021-03-31,30493,1791632,18807,850412,10978,914321,708,26899,20637,576371,9840,705899,22451,1282270,California
San Diego,2021-04-01,34361,1825993,20067,870479,12793,927114,1501,28400,23241,591339,11100,716999,26068,1308338,California
San Diego,2021-04-02,35822,1861815,20686,891165,12326,939440,2810,31210,24117,608017,11687,728686,28365,1336703,California
San Diego,2021-04-03,30894,1892709,14476,905641,11801,951241,4617,35827,19730,622417,11151,739837,25551,1362254,California
San Diego,2021-04-04,9062,1901771,5209,910850,2925,954166,928,36755,4815,624102,4242,744079,5927,1368181,California
San Diego,2021-04-05,29778,1931549,15414,926264,11710,965876,2654,39409,19390,638270,10373,754452,24541,1392722,California
San Diego,2021-04-06,38772,1970321,20397,946661,12455,978331,5920,45329,22328,652209,16427,770879,30366,1423088,California
San Diego,2021-04-07,35870,2006191,21997,968658,9295,987626,4578,49907,20317,662791,15531,786410,26113,1449201,California
San Diego,2021-04-08,35269,2041460,21383,990041,9713,997339,4173,54080,21302,676905,13950,800360,28064,1477265,California
San Diego,2021-04-09,38450,2079910,22937,1012978,10296,1007635,5217,59297,20782,688624,17603,817963,29322,1506587,California
San Diego,2021-04-10,29208,2109118,11790,1024768,13407,1021042,4011,63308,15096,696662,14103,832066,22141,1528728,California
San Diego,2021-04-11,16265,2125383,10080,1034848,3871,1024913,2314,65622,7231,700192,9030,841096,12560,1541288,California
San Diego,2021-04-12,30865,2156248,12869,1047717,13668,1038581,4328,69950,17161,711677,13690,854786,25175,1566463,California
San Diego,2021-04-13,37245,2193493,17804,1065521,19405,1057986,36,69986,24777,726888,12446,867232,27657,1594120,California
San Diego,2021-04-14,33099,2226592,18933,1084454,14153,1072139,13,69999,17880,733949,15209,882441,22270,1616390,California
San Diego,2021-04-15,39591,2266183,20392,1104846,19194,1091333,5,70004,24108,745469,15462,897903,26982,1643372,California
San Diego,2021-04-16,33855,2300038,18593,1123439,15259,1106592,3,70007,19612,753302,14183,912086,22016,1665388,California
San Diego,2021-04-17,27911,2327949,13541,1136980,14370,1120962,0,70007,12350,753254,15468,927554,15420,1680808,California
San Diego,2021-04-18,14497,2342446,8911,1145891,5583,1126545,3,70010,6745,755227,7738,935292,9711,1690519,California
San Diego,2021-04-19,26607,2369053,13581,1159472,13025,1139570,1,70011,12506,755417,14083,949375,14273,1704792,California
San Diego,2021-04-20,39096,2408149,17824,1177296,21270,1160840,2,70013,19914,759157,19163,968538,22903,1727695,California
San Diego,2021-04-21,35071,2443220,20945,1198241,14126,1174966,0,70013,16967,761087,18068,986606,19998,1747693,California
San Diego,2021-04-22,44697,2487917,22965,1221206,21728,1196694,4,70017,22421,764310,22241,1008847,25464,1773157,California
San Diego,2021-04-23,42294,2530211,26040,1247246,16252,1212946,2,70019,15766,756761,26497,1035344,18948,1792105,California
San Diego,2021-04-24,34981,2565192,18874,1266120,16092,1229038,15,70034,15609,756230,19334,1054678,18803,1810908,California
San Diego,2021-04-25,12658,2577850,7715,1273835,4943,1233981,0,70034,5918,756792,6731,1061409,7293,1818201,California
San Diego,2021-04-26,33262,2611112,16666,1290501,16465,1250446,131,70165,11647,751492,21597,1083006,16297,1834498,California
San Diego,2021-04-27,44756,2655868,24598,1315099,19608,1270054,550,70715,19713,749917,25003,1108009,23428,1857926,California
San Diego,2021-04-28,38356,2694224,22640,1337739,15042,1285096,674,71389,17355,749223,20967,1128976,20273,1878199,California
San Diego,2021-04-29,38162,2732386,24301,1362040,13208,1298304,653,72042,15432,744333,22692,1151668,17802,1896001,California
San Diego,2021-04-30,38208,2770594,23152,1385192,13971,1312275,1085,73127,14950,738976,23221,1174889,17864,1913865,California
San Diego,2021-05-01,24380,2794974,10745,1395937,12991,1325266,644,73771,9579,736559,14792,1189681,12375,1926240,California
San Diego,2021-05-02,10727,2805701,7539,1403476,2602,1327868,586,74357,3283,733323,7440,1197121,4204,1930444,California
San Diego,2021-05-03,25341,2831042,12476,1415952,11707,1339575,1158,75515,9359,728677,15963,1213084,11317,1941761,California
San Diego,2021-05-04,31987,2863029,17651,1433603,13007,1352582,1329,76844,11543,722242,20418,1233502,13983,1955744,California
San Diego,2021-05-05,27750,2890779,17040,1450643,9419,1362001,1291,78135,10603,717968,17126,1250628,12852,1968596,California
San Diego,2021-05-06,28465,2919244,18838,1469481,8712,1370713,915,79050,10834,714599,17605,1268233,14236,1982832,California
San Diego,2021-05-07,29749,2948993,19535,1489016,9163,1379876,1051,80101,11067,709277,18646,1286879,13324,1996156,California
San Diego,2021-05-08,22796,2971789,10757,1499773,11320,1391196,719,80820,7279,703208,15495,1302374,9426,2005582,California
San Diego,2021-05-09,7561,2979350,5686,1505459,1467,1392663,408,81228,2663,701815,4892,1307266,3499,2009081,California
San Diego,2021-05-10,21662,3001012,8451,1513910,12397,1405060,814,82042,5918,694101,15718,1322984,8004,2017085,California
San Diego,2021-05-11,28241,3029253,11596,1525506,15827,1420887,818,82860,9884,688170,18336,1341320,12405,2029490,California
San Diego,2021-05-12,23179,3052432,12633,1538139,9666,1430553,880,83740,8654,684382,14500,1355820,10712,2040202,California
San Diego,2021-05-13,31485,3083917,19096,1557235,11760,1442313,629,84369,13200,682658,18231,1374051,16507,2056709,California
San Diego,2021-05-14,30824,3114741,19732,1576967,10245,1452558,847,85216,14072,682949,16717,1390768,17008,2073717,California
San Diego,2021-05-15,26261,3141002,16491,1593458,8938,1461496,832,86048,10918,680341,15292,1406060,12684,2086401,California
San Diego,2021-05-16,13324,3154326,10051,1603509,2700,1464196,573,86621,6685,681352,6628,1412688,7639,2094040,California
San Diego,2021-05-17,21455,3175781,13030,1616539,7667,1471863,758,87379,9009,679574,12411,1425099,10633,2104673,California
San Diego,2021-05-18,34248,3210029,19373,1635912,13999,1485862,876,88255,13389,674457,20827,1445926,15710,2120383,California
San Diego,2021-05-19,28545,3238574,17941,1653853,9793,1495655,811,89066,12187,672248,16330,1462256,14121,2134504,California
San Diego,2021-05-20,34795,3273369,19261,1673114,14704,1510359,830,89896,11792,663640,22974,1485230,14366,2148870,California
San Diego,2021-05-21,26963,3300332,17270,1690384,8688,1519047,1005,90901,10985,661118,15945,1501175,13423,2162293,California
San Diego,2021-05-22,21007,3321339,12075,1702459,7783,1526830,1149,92050,8584,659806,12403,1513578,11091,2173384,California
San Diego,2021-05-23,7304,3328643,5174,1707633,1811,1528641,319,92369,3503,660363,3779,1517357,4336,2177720,California
San Diego,2021-05-24,17692,3346335,9012,1716645,6776,1535417,1904,94273,6377,658193,11297,1528654,9127,2186847,California
San Diego,2021-05-25,24244,3370579,13262,1729907,9151,1544568,1831,96104,8616,654190,15600,1544254,11597,2198444,California
San Diego,2021-05-26,19213,3389792,10672,1740579,6525,1551093,2016,98120,6679,651400,12504,1556758,9714,2208158,California
San Diego,2021-05-27,20641,3410433,12064,1752643,6180,1557273,2397,100517,7039,648511,13585,1570343,10696,2218854,California
San Diego,2021-05-28,21194,3431627,13288,1765931,7185,1564458,721,101238,8435,646243,12744,1583087,10476,2229330,California
San Diego,2021-05-29,12002,3443629,7648,1773579,3861,1568319,493,101731,5254,645864,6735,1589822,6356,2235686,California
San Diego,2021-05-30,4723,3448352,3229,1776808,1108,1569427,386,102117,2081,645980,2637,1592459,2753,2238439,California
San Diego,2021-05-31,2611,3450963,1765,1778573,674,1570101,172,102289,884,645459,1723,1594182,1202,2239641,California
San Diego,2021-06-01,21365,3472328,11431,1790004,8296,1578397,1638,103927,6103,639029,15239,1609421,8809,2248450,California
San Diego,2021-06-02,17084,3489412,8835,1798839,6172,1584569,2077,106004,5603,636110,11459,1620880,8540,2256990,California
San Diego,2021-06-03,19269,3508681,12077,1810916,5383,1589952,1809,107813,5320,630495,13929,1634809,8314,2265304,California
San Diego,2021-06-04,19855,3528536,13905,1824821,5335,1595287,615,108428,5963,625254,13862,1648671,8621,2273925,California
San Diego,2021-06-05,15848,3544384,12065,1836886,2994,1598281,789,109217,4569,620452,11262,1659933,6460,2280385,California
San Diego,2021-06-06,5506,3549890,4477,1841363,713,1598994,316,109533,1741,619663,3757,1663690,2968,2283353,California
San Diego,2021-06-07,12725,3562615,8003,1849366,3374,1602368,1348,110881,3558,616304,9150,1672840,5791,2289144,California
San Diego,2021-06-08,20343,3582958,14373,1863739,4079,1606447,1891,112772,5110,609336,15220,1688060,8252,2297396,California
San Diego,2021-06-09,13200,3596158,8355,1872094,3018,1609465,1827,114599,3186,605039,10003,1698063,5706,2303102,California
San Diego,2021-06-10,14005,3610163,8876,1880970,3176,1612641,1953,116552,3240,600360,10750,1708813,6071,2309173,California
San Diego,2021-06-11,9141,3619304,5503,1886473,2439,1615080,1199,117751,2321,597630,6805,1715618,4075,2313248,California
San Diego,2021-06-12,5515,3624819,4608,1891081,649,1615729,258,118009,1521,595782,3992,1719610,2144,2315392,California
San Francisco,2020-12-15,8,8,8,8,0,0,0,0,8,8,0,0,8,8,California
San Francisco,2020-12-16,231,239,231,239,0,0,0,0,231,239,0,0,231,239,California
San Francisco,2020-12-17,417,656,417,656,0,0,0,0,417,656,0,0,417,656,California
San Francisco,2020-12-18,911,1567,910,1566,1,1,0,0,911,1567,0,0,911,1567,California
San Francisco,2020-12-19,608,2175,608,2174,0,1,0,0,608,2175,0,0,608,2175,California
San Francisco,2020-12-20,481,2656,481,2655,0,1,0,0,481,2656,0,0,481,2656,California
San Francisco,2020-12-21,1163,3819,1163,3818,0,1,0,0,1163,3819,0,0,1163,3819,California
San Francisco,2020-12-22,1405,5224,1371,5189,34,35,0,0,1405,5224,0,0,1405,5224,California
San Francisco,2020-12-23,1359,6583,1059,6248,300,335,0,0,1359,6583,0,0,1359,6583,California
San Francisco,2020-12-24,845,7428,503,6751,342,677,0,0,845,7428,0,0,845,7428,California
San Francisco,2020-12-25,35,7463,28,6779,7,684,0,0,35,7463,0,0,35,7463,California
San Francisco,2020-12-26,250,7713,154,6933,96,780,0,0,250,7713,0,0,250,7713,California
San Francisco,2020-12-27,272,7985,58,6991,214,994,0,0,272,7985,0,0,272,7985,California
San Francisco,2020-12-28,1279,9264,692,7683,587,1581,0,0,1279,9264,0,0,1279,9264,California
San Francisco,2020-12-29,1259,10523,629,8312,630,2211,0,0,1259,10523,0,0,1259,10523,California
San Francisco,2020-12-30,1499,12022,784,9096,715,2926,0,0,1499,12022,0,0,1499,12022,California
San Francisco,2020-12-31,981,13003,414,9510,567,3493,0,0,980,13002,0,0,980,13002,California
San Francisco,2021-01-01,103,13106,76,9586,27,3520,0,0,103,13105,0,0,103,13105,California
San Francisco,2021-01-02,343,13449,308,9894,35,3555,0,0,343,13448,0,0,343,13448,California
San Francisco,2021-01-03,300,13749,106,10000,194,3749,0,0,299,13746,1,1,299,13747,California
San Francisco,2021-01-04,1847,15596,1360,11360,487,4236,0,0,1844,15587,3,4,1844,15591,California
San Francisco,2021-01-05,2237,17833,1423,12783,814,5050,0,0,2198,17748,39,43,2200,17791,California
San Francisco,2021-01-06,1878,19711,1166,13949,712,5762,0,0,1607,19087,269,312,1608,19399,California
San Francisco,2021-01-07,2077,21788,1208,15157,869,6631,0,0,1603,20219,471,783,1603,21002,California
San Francisco,2021-01-08,2346,24134,1648,16805,698,7329,0,0,1481,20840,860,1643,1481,22483,California
San Francisco,2021-01-09,1403,25537,903,17708,500,7829,0,0,892,21224,510,2153,894,23377,California
San Francisco,2021-01-10,922,26459,542,18250,380,8209,0,0,463,21229,458,2611,463,23840,California
San Francisco,2021-01-11,2514,28973,1876,20126,638,8847,0,0,1407,21528,1108,3719,1407,25247,California
San Francisco,2021-01-12,3104,32077,2064,22190,1040,9887,0,0,1901,22230,1203,4922,1905,27152,California
San Francisco,2021-01-13,2843,34920,1612,23802,1231,11118,0,0,2003,23393,840,5762,2003,29155,California
San Francisco,2021-01-14,2454,37374,1109,24911,1345,12463,0,0,1889,24723,565,6327,1895,31050,California
San Francisco,2021-01-15,2756,40130,1149,26060,1607,14070,0,0,2364,26699,390,6717,2366,33416,California
San Francisco,2021-01-16,2274,42404,973,27033,1301,15371,0,0,2104,28635,170,6887,2106,35522,California
San Francisco,2021-01-17,1943,44347,534,27567,1409,16780,0,0,1725,30142,218,7105,1725,37247,California
San Francisco,2021-01-18,1388,45735,602,28169,786,17566,0,0,1122,31000,265,7370,1123,38370,California
San Francisco,2021-01-19,2596,48331,1484,29653,1112,18678,0,0,1840,32084,756,8126,1840,40210,California
San Francisco,2021-01-20,2788,51119,1140,30793,1648,20326,0,0,2024,33348,761,8887,2025,42235,California
San Francisco,2021-01-21,3337,54456,944,31737,2393,22719,0,0,2499,35010,837,9724,2499,44734,California
San Francisco,2021-01-22,3220,57676,650,32387,2570,25289,0,0,2772,37336,446,10170,2772,47506,California
San Francisco,2021-01-23,3097,60773,612,32999,2485,27774,0,0,2724,39689,372,10542,2725,50231,California
San Francisco,2021-01-24,2438,63211,366,33365,2072,29846,0,0,2204,41662,231,10773,2204,52435,California
San Francisco,2021-01-25,4657,67868,1839,35204,2818,32664,0,0,3062,43132,1593,12366,3063,55498,California
San Francisco,2021-01-26,4750,72618,2187,37391,2563,35227,0,0,3096,44582,1651,14017,3101,58599,California
San Francisco,2021-01-27,4395,77013,1992,39383,2403,37630,0,0,3081,46353,1312,15329,3083,61682,California
San Francisco,2021-01-28,3800,80813,1567,40950,2233,39863,0,0,2628,47816,1167,16496,2630,64312,California
San Francisco,2021-01-29,4761,85574,1691,42641,3070,42933,0,0,3471,50006,1284,17780,3474,67786,California
San Francisco,2021-01-30,3826,89400,1854,44495,1972,44905,0,0,3361,52907,464,18244,3365,71151,California
San Francisco,2021-01-31,2367,91767,829,45324,1538,46443,0,0,2214,54970,152,18396,2215,73366,California
San Francisco,2021-02-01,3991,95758,1709,47033,2282,48725,0,0,2914,56808,1077,19473,2915,76281,California
San Francisco,2021-02-02,4519,100277,1808,48841,2711,51436,0,0,2924,58142,1590,21063,2924,79205,California
San Francisco,2021-02-03,5080,105357,2385,51226,2695,54131,0,0,3763,60591,1315,22378,3764,82969,California
San Francisco,2021-02-04,5035,110392,2429,53655,2606,56737,0,0,3865,63288,1168,23546,3865,86834,California
San Francisco,2021-02-05,6007,116399,3247,56902,2760,59497,0,0,4651,66586,1354,24900,4652,91486,California
San Francisco,2021-02-06,5540,121939,3719,60621,1821,61318,0,0,4634,70320,902,25802,4636,96122,California
San Francisco,2021-02-07,4413,126352,3263,63884,1150,62468,0,0,3833,73579,577,26379,3836,99958,California
San Francisco,2021-02-08,6844,133196,4729,68613,2115,64583,0,0,5609,77972,1219,27598,5612,105570,California
San Francisco,2021-02-09,6006,139202,4056,72669,1950,66533,0,0,4445,80854,1564,29162,4446,110016,California
San Francisco,2021-02-10,6944,146146,4239,76908,2705,69238,0,0,5132,84183,1806,30968,5135,115151,California
San Francisco,2021-02-11,6791,152937,4042,80950,2749,71987,0,0,4958,87316,1828,32796,4961,120112,California
San Francisco,2021-02-12,5369,158306,2708,83658,2661,74648,0,0,3520,88986,1850,34646,3520,123632,California
San Francisco,2021-02-13,4415,162721,2592,86250,1823,76471,0,0,3072,90717,1343,35989,3074,126706,California
San Francisco,2021-02-14,3445,166166,2265,88515,1180,77651,0,0,2313,91901,1131,37120,2315,129021,California
San Francisco,2021-02-15,2781,168947,1509,90024,1272,78923,0,0,1673,92468,1106,38226,1673,130694,California
San Francisco,2021-02-16,5116,174063,2822,92846,2294,81217,0,0,2991,93347,2118,40344,2997,133691,California
San Francisco,2021-02-17,5339,179402,2606,95452,2733,83950,0,0,2956,93931,2373,42717,2957,136648,California
San Francisco,2021-02-18,5392,184794,2629,98081,2763,86713,0,0,2802,94149,2587,45304,2805,139453,California
San Francisco,2021-02-19,5683,190477,2664,100745,3019,89732,0,0,2946,94364,2732,48036,2947,142400,California
San Francisco,2021-02-20,4555,195032,2190,102935,2365,92097,0,0,1710,93239,2836,50872,1711,144111,California
San Francisco,2021-02-21,2902,197934,1530,104465,1372,93469,0,0,1287,92921,1606,52478,1288,145399,California
San Francisco,2021-02-22,5201,203135,3242,107707,1959,95428,0,0,2616,92965,2575,55053,2619,148018,California
San Francisco,2021-02-23,5617,208752,3200,110907,2417,97845,0,0,2869,93093,2741,57794,2869,150887,California
San Francisco,2021-02-24,9146,217898,5176,116083,3970,101815,0,0,4885,93730,4249,62043,4886,155773,California
San Francisco,2021-02-25,10054,227952,7028,123111,3026,104841,0,0,6458,96597,3593,65636,6460,162233,California
San Francisco,2021-02-26,12415,240367,8072,131183,4343,109184,0,0,7330,98846,5082,70718,7331,169564,California
San Francisco,2021-02-27,9437,249804,6083,137266,3352,112536,2,2,4689,98803,4734,75452,4691,174255,California
San Francisco,2021-02-28,7972,257776,5710,142976,2262,114798,0,2,3880,98595,4089,79541,3881,178136,California
San Francisco,2021-03-01,11477,269253,7762,150738,3710,118508,5,7,5568,98288,5882,85423,5575,183711,California
San Francisco,2021-03-02,10055,279308,6792,157530,3263,121771,0,7,5670,99585,4374,89797,5671,189382,California
San Francisco,2021-03-03,11348,290656,6611,164141,4736,126507,1,8,6167,100590,5166,94963,6171,195553,California
San Francisco,2021-03-04,8853,299509,5576,169717,3277,129784,0,8,4982,101712,3860,98823,4982,200535,California
San Francisco,2021-03-05,9267,308776,5698,175415,3565,133349,4,12,5787,104040,3464,102287,5792,206327,California
San Francisco,2021-03-06,7163,315939,4698,180113,2258,135607,207,219,4464,105997,2711,104998,4668,210995,California
San Francisco,2021-03-07,5437,321376,4247,184360,1130,136737,60,279,3127,106862,2322,107320,3187,214182,California
San Francisco,2021-03-08,7562,328938,5494,189854,1879,138616,189,468,5979,111415,1614,108934,6167,220349,California
San Francisco,2021-03-09,8355,337293,5538,195392,2442,141058,375,843,6097,115622,2260,111194,6467,226816,California
San Francisco,2021-03-10,11268,348561,6627,202019,4140,145198,501,1344,7070,119017,4176,115370,7571,234387,California
San Francisco,2021-03-11,10139,358700,6390,208409,2783,147981,966,2310,6659,123171,3463,118833,7617,242004,California
San Francisco,2021-03-12,10904,369604,6375,214784,3183,151164,1346,3656,6079,125787,4804,123637,7420,249424,California
San Francisco,2021-03-13,6727,376331,3948,218732,1717,152881,1062,4718,4188,128504,2530,126167,5247,254671,California
San Francisco,2021-03-14,7592,383923,4939,223671,2408,155289,245,4963,3985,129143,3589,129756,4228,258899,California
San Francisco,2021-03-15,12147,396070,9296,232967,1906,157195,945,5908,8417,134779,3713,133469,9349,268248,California
San Francisco,2021-03-16,12258,408328,8357,241324,3441,160636,460,6368,8828,140659,3407,136876,9287,277535,California
San Francisco,2021-03-17,13389,421717,8300,249624,4521,165157,568,6936,9626,147115,3733,140609,10189,287724,California
San Francisco,2021-03-18,10124,431841,6880,256504,2620,167777,624,7560,5730,149091,4370,144979,6346,294070,California
San Francisco,2021-03-19,12441,444282,9086,265590,2885,170662,470,8030,6461,150061,5953,150932,6923,300993,California
San Francisco,2021-03-20,8916,453198,6559,272149,1889,172551,468,8498,5177,152001,3707,154639,5647,306640,California
San Francisco,2021-03-21,6634,459832,6078,278227,418,172969,138,8636,3735,152991,2881,157520,3871,310511,California
San Francisco,2021-03-22,9895,469727,6870,285097,2179,175148,846,9482,5076,154110,4794,162314,5913,316424,California
San Francisco,2021-03-23,11308,481035,7498,292595,3158,178306,652,10134,6271,156021,5007,167321,6918,323342,California
San Francisco,2021-03-24,12420,493455,9518,302113,2364,180670,538,10672,6193,156560,6184,173505,6723,330065,California
San Francisco,2021-03-25,12006,505461,8769,310882,2670,183340,567,11239,5829,156847,6105,179610,6392,336457,California
San Francisco,2021-03-26,12057,517518,8369,319251,3455,186795,233,11472,5841,156736,6181,185791,6070,342527,California
San Francisco,2021-03-27,8816,526334,5919,325170,2547,189342,350,11822,3763,155815,5033,190824,4112,346639,California
San Francisco,2021-03-28,6701,533035,5353,330523,1306,190648,42,11864,2997,155173,3678,194502,3036,349675,California
San Francisco,2021-03-29,11645,544680,8024,338547,3436,194084,185,12049,4813,153368,6801,201303,4996,354671,California
San Francisco,2021-03-30,11687,556367,7327,345874,4070,198154,290,12339,5519,153034,6143,207446,5809,360480,California
San Francisco,2021-03-31,12324,568691,8208,354082,3815,201969,301,12640,4962,150964,7327,214773,5257,365737,California
San Francisco,2021-04-01,14019,582710,7444,361526,4873,206842,1702,14342,6017,150703,7962,222735,7701,373438,California
San Francisco,2021-04-02,14907,597617,6591,368117,6426,213268,1890,16232,6968,151634,7914,230649,8845,382283,California
San Francisco,2021-04-03,10611,608228,4926,373043,3859,217127,1826,18058,4862,152589,5729,236378,6684,388967,California
San Francisco,2021-04-04,9063,617291,4803,377846,2598,219725,1662,19720,3575,152349,5473,241851,5233,394200,California
San Francisco,2021-04-05,16097,633388,9861,387707,4344,224069,1892,21612,6261,150689,9806,251657,8146,402346,California
San Francisco,2021-04-06,16128,649516,9554,397261,4509,228578,2065,23677,6270,149185,9830,261487,8326,410672,California
San Francisco,2021-04-07,16901,666417,10056,407317,4606,233184,2239,25916,7008,148546,9867,271354,9228,419900,California
San Francisco,2021-04-08,14253,680670,6766,414083,3045,236229,4442,30358,4634,148010,9582,280936,9046,428946,California
San Francisco,2021-04-09,15895,696565,7675,421758,4845,241074,3375,33733,6612,148727,9250,290186,9967,438913,California
San Francisco,2021-04-10,13348,709913,5700,427458,5885,246959,1763,35496,7116,151387,6205,296391,8865,447778,California
San Francisco,2021-04-11,10065,719978,7540,434998,1349,248308,1176,36672,5213,152932,4838,301229,6383,454161,California
San Francisco,2021-04-12,10632,730610,6902,441900,2576,250884,1154,37826,4862,153196,5747,306976,6011,460172,California
San Francisco,2021-04-13,10870,741480,7368,449268,3490,254374,12,37838,5490,153350,5354,312330,5508,465680,California
San Francisco,2021-04-14,13365,754845,8053,457321,5311,259685,1,37839,6438,152904,6888,319218,6442,472122,California
San Francisco,2021-04-15,13837,768682,9591,466912,4245,263930,1,37840,8158,155418,5648,324866,8162,480284,California
San Francisco,2021-04-16,12987,781669,8727,475639,4216,268146,44,37884,7657,157824,5301,330167,7707,487991,California
San Francisco,2021-04-17,10143,791812,7326,482965,2816,270962,1,37885,7149,162002,2976,333143,7154,495145,California
San Francisco,2021-04-18,6609,798421,5047,488012,1560,272522,2,37887,4088,163591,2503,335646,4092,499237,California
San Francisco,2021-04-19,10899,809320,8190,496202,2704,275226,5,37892,6999,166722,3883,339529,7014,506251,California
San Francisco,2021-04-20,12358,821678,7239,503441,5117,280343,2,37894,8524,171441,3808,343337,8527,514778,California
San Francisco,2021-04-21,10604,832282,7579,511020,3020,283363,5,37899,6462,173796,4116,347453,6471,521249,California
San Francisco,2021-04-22,10476,842758,7747,518767,2728,286091,1,37900,6043,175440,4407,351860,6051,527300,California
San Francisco,2021-04-23,10364,853122,5938,524705,4426,290517,0,37900,6154,177422,4179,356039,6161,533461,California
San Francisco,2021-04-24,7959,861081,5483,530188,2476,292993,0,37900,4704,178901,3233,359272,4712,538173,California
San Francisco,2021-04-25,5049,866130,4348,534536,695,293688,6,37906,2953,179780,2084,361356,2963,541136,California
San Francisco,2021-04-26,8190,874320,5794,540330,2384,296072,12,37918,4072,179785,4091,365447,4096,545232,California
San Francisco,2021-04-27,8710,883030,5852,546182,2688,298760,170,38088,4344,179969,4340,369787,4524,549756,California
San Francisco,2021-04-28,9495,892525,6568,552750,2737,301497,190,38278,4974,180649,4489,374276,5169,554925,California
San Francisco,2021-04-29,9381,901906,5451,558201,3737,305234,193,38471,4605,180708,4751,379027,4810,559735,California
San Francisco,2021-04-30,10883,912789,5193,563394,5489,310723,201,38672,3973,178020,6867,385894,4179,563914,California
San Francisco,2021-05-01,6947,919736,3588,566982,3244,313967,115,38787,1703,174629,5209,391103,1818,565732,California
San Francisco,2021-05-02,5318,925054,3081,570063,2139,316106,98,38885,964,171350,4345,395448,1066,566798,California
San Francisco,2021-05-03,9685,934739,6598,576661,2925,319031,162,39047,2459,166781,7197,402645,2628,569426,California
San Francisco,2021-05-04,9375,944114,6004,582665,3121,322152,250,39297,2287,162268,7055,409700,2542,571968,California
San Francisco,2021-05-05,8764,952878,6124,588789,2332,324484,308,39605,2142,158144,6577,416277,2453,574421,California
San Francisco,2021-05-06,10735,963613,8577,597366,1685,326169,473,40078,1843,151603,8858,425135,2317,576738,California
San Francisco,2021-05-07,10111,973724,6477,603843,3362,329531,272,40350,1633,145054,8452,433587,1903,578641,California
San Francisco,2021-05-08,8378,982102,3565,607408,4683,334214,130,40480,974,138787,7372,440959,1105,579746,California
San Francisco,2021-05-09,6689,988791,5828,613236,779,334993,82,40562,1216,134629,5450,446409,1292,581038,California
San Francisco,2021-05-10,6984,995775,4955,618191,1778,336771,251,40813,1044,130010,5912,452321,1293,582331,California
San Francisco,2021-05-11,7387,1003162,5310,623501,1859,338630,218,41031,1445,125763,5909,458230,1662,583993,California
San Francisco,2021-05-12,8110,1011272,5914,629415,1740,340370,456,41487,1853,121843,6224,464454,2304,586297,California
San Francisco,2021-05-13,11056,1022328,8117,637532,2713,343083,226,41713,4181,119408,6847,471301,4412,590709,California
San Francisco,2021-05-14,9290,1031618,6577,644109,2541,345624,172,41885,3006,116341,6254,477555,3187,593896,California
San Francisco,2021-05-15,7900,1039518,6254,650363,1590,347214,56,41941,3104,114733,4780,482335,3172,597068,California
San Francisco,2021-05-16,4971,1044489,4189,654552,723,347937,59,42000,1844,113528,3108,485443,1903,598971,California
San Francisco,2021-05-17,7238,1051727,5389,659941,1683,349620,166,42166,2469,111416,4750,490193,2638,601609,California
San Francisco,2021-05-18,8684,1060411,4973,664914,3536,353156,175,42341,1958,106870,6680,496873,2134,603743,California
San Francisco,2021-05-19,7454,1067865,5535,670449,1688,354844,231,42572,2435,104542,4991,501864,2663,606406,California
San Francisco,2021-05-20,5941,1073806,4001,674450,1689,356533,251,42823,1638,102160,4267,506131,1885,608291,California
San Francisco,2021-05-21,7186,1080992,4070,678520,2931,359464,185,43008,1832,98863,5309,511440,2012,610303,California
San Francisco,2021-05-22,4764,1085756,3610,682130,1066,360530,88,43096,2173,98553,2570,514010,2260,612563,California
San Francisco,2021-05-23,1824,1087580,1388,683518,362,360892,74,43170,834,98478,983,514993,908,613471,California
San Francisco,2021-05-24,4034,1091614,2854,686372,1017,361909,163,43333,1197,97026,2812,517805,1360,614831,California
San Francisco,2021-05-25,3690,1095304,2405,688777,1064,362973,221,43554,1098,95767,2574,520379,1315,616146,California
San Francisco,2021-05-26,3928,1099232,2540,691317,1242,364215,146,43700,1143,94295,2761,523140,1289,617435,California
San Francisco,2021-05-27,3698,1102930,2137,693454,1384,365599,177,43877,1200,93185,2487,525627,1377,618812,California
San Francisco,2021-05-28,3766,1106696,2152,695606,1453,367052,161,44038,1345,92294,2396,528023,1505,620317,California
San Francisco,2021-05-29,2020,1108716,1464,697070,456,367508,100,44138,880,92148,1120,529143,974,621291,California
San Francisco,2021-05-30,961,1109677,691,697761,233,367741,37,44175,399,92026,558,529701,436,621727,California
San Francisco,2021-05-31,254,1109931,207,697968,40,367781,7,44182,85,91950,168,529869,92,621819,California
San Francisco,2021-06-01,3564,1113495,2154,700122,1223,369004,187,44369,1249,91084,2299,532168,1433,623252,California
San Francisco,2021-06-02,2427,1115922,1752,701874,552,369556,123,44492,894,90575,1521,533689,1012,624264,California
San Francisco,2021-06-03,3963,1119885,2724,704598,1035,370591,204,44696,1053,88935,2892,536581,1252,625516,California
San Francisco,2021-06-04,5700,1125585,4827,709425,737,371328,136,44832,1395,86189,4272,540853,1526,627042,California
San Francisco,2021-06-05,3678,1129263,3109,712534,422,371750,147,44979,956,84580,2708,543561,1099,628141,California
San Francisco,2021-06-06,2314,1131577,2165,714699,111,371861,38,45017,508,83326,1800,545361,546,628687,California
San Francisco,2021-06-07,3621,1135198,3006,717705,481,372342,134,45151,954,81761,2650,548011,1085,629772,California
San Francisco,2021-06-08,2795,1137993,2198,719903,431,372773,166,45317,845,80833,1933,549944,1005,630777,California
San Francisco,2021-06-09,1930,1139923,1586,721489,236,373009,108,45425,566,80157,1348,551292,672,631449,California
San Francisco,2021-06-10,2104,1142027,1650,723139,294,373303,160,45585,684,79590,1409,552701,842,632291,California
San Francisco,2021-06-11,2151,1144178,1727,724866,302,373605,122,45707,637,78850,1499,554200,759,633050,California
San Francisco,2021-06-12,2043,1146221,1804,726670,164,373769,75,45782,454,77797,1578,555778,525,633575,California
San Joaquin,2020-12-15,14,14,14,14,0,0,0,0,14,14,0,0,14,14,California
San Joaquin,2020-12-16,308,322,308,322,0,0,0,0,308,322,0,0,308,322,California
San Joaquin,2020-12-17,320,642,320,642,0,0,0,0,320,642,0,0,320,642,California
San Joaquin,2020-12-18,535,1177,531,1173,4,4,0,0,535,1177,0,0,535,1177,California
San Joaquin,2020-12-19,189,1366,189,1362,0,4,0,0,189,1366,0,0,189,1366,California
San Joaquin,2020-12-20,116,1482,115,1477,1,5,0,0,116,1482,0,0,116,1482,California
San Joaquin,2020-12-21,496,1978,495,1972,1,6,0,0,496,1978,0,0,496,1978,California
San Joaquin,2020-12-22,975,2953,856,2828,119,125,0,0,974,2952,0,0,974,2952,California
San Joaquin,2020-12-23,986,3939,927,3755,59,184,0,0,983,3935,2,2,985,3937,California
San Joaquin,2020-12-24,218,4157,189,3944,29,213,0,0,217,4152,1,3,218,4155,California
San Joaquin,2020-12-25,15,4172,15,3959,0,213,0,0,15,4167,0,3,15,4170,California
San Joaquin,2020-12-26,103,4275,31,3990,72,285,0,0,103,4270,0,3,103,4273,California
San Joaquin,2020-12-27,44,4319,31,4021,13,298,0,0,44,4314,0,3,44,4317,California
San Joaquin,2020-12-28,630,4949,425,4446,205,503,0,0,630,4944,0,3,630,4947,California
San Joaquin,2020-12-29,793,5742,664,5110,129,632,0,0,793,5737,0,3,793,5740,California
San Joaquin,2020-12-30,1012,6754,718,5828,294,926,0,0,1010,6747,2,5,1012,6752,California
San Joaquin,2020-12-31,456,7210,203,6031,253,1179,0,0,456,7203,1,6,457,7209,California
San Joaquin,2021-01-01,23,7233,13,6044,10,1189,0,0,23,7226,0,6,23,7232,California
San Joaquin,2021-01-02,268,7501,245,6289,23,1212,0,0,268,7494,0,6,268,7500,California
San Joaquin,2021-01-03,37,7538,20,6309,17,1229,0,0,36,7529,1,7,36,7536,California
San Joaquin,2021-01-04,480,8018,339,6648,141,1370,0,0,478,8006,1,8,478,8014,California
San Joaquin,2021-01-05,986,9004,651,7299,335,1705,0,0,815,8687,171,179,852,8866,California
San Joaquin,2021-01-06,1227,10231,711,8010,516,2221,0,0,922,9313,300,479,926,9792,California
San Joaquin,2021-01-07,1087,11318,688,8698,399,2620,0,0,789,9808,295,774,790,10582,California
San Joaquin,2021-01-08,1207,12525,825,9523,382,3002,0,0,713,10032,493,1267,717,11299,California
San Joaquin,2021-01-09,379,12904,300,9823,79,3081,0,0,247,10148,132,1399,248,11547,California
San Joaquin,2021-01-10,224,13128,116,9939,108,3189,0,0,171,10267,52,1451,171,11718,California
San Joaquin,2021-01-11,1534,14662,1326,11265,208,3397,0,0,867,10536,666,2117,935,12653,California
San Joaquin,2021-01-12,1485,16147,1070,12335,415,3812,0,0,698,10523,783,2900,770,13423,California
San Joaquin,2021-01-13,1543,17690,905,13240,638,4450,0,0,961,10912,579,3479,968,14391,California
San Joaquin,2021-01-14,1758,19448,975,14215,783,5233,0,0,1412,12017,325,3804,1430,15821,California
San Joaquin,2021-01-15,1535,20983,547,14762,988,6221,0,0,1302,13119,218,4022,1320,17141,California
San Joaquin,2021-01-16,1135,22118,181,14943,954,7175,0,0,1103,14191,31,4053,1103,18244,California
San Joaquin,2021-01-17,1629,23747,138,15081,1491,8666,0,0,1585,15735,43,4096,1587,19831,California
San Joaquin,2021-01-18,741,24488,238,15319,503,9169,0,0,620,16238,117,4213,620,20451,California
San Joaquin,2021-01-19,1880,26368,902,16221,978,10147,0,0,1197,16765,678,4891,1205,21656,California
San Joaquin,2021-01-20,2094,28462,1287,17508,807,10954,0,0,1445,17574,642,5533,1451,23107,California
San Joaquin,2021-01-21,1982,30444,901,18409,1081,12035,0,0,1583,18774,392,5925,1592,24699,California
San Joaquin,2021-01-22,1956,32400,895,19304,1061,13096,0,0,1814,20453,137,6062,1816,26515,California
San Joaquin,2021-01-23,900,33300,400,19704,500,13596,0,0,612,20780,287,6349,614,27129,California
San Joaquin,2021-01-24,352,33652,136,19840,216,13812,0,0,329,21089,20,6369,329,27458,California
San Joaquin,2021-01-25,2002,35654,1146,20986,856,14668,0,0,1432,21957,567,6936,1435,28893,California
San Joaquin,2021-01-26,2159,37813,1113,22099,1046,15714,0,0,1539,22889,613,7549,1545,30438,California
San Joaquin,2021-01-27,1743,39556,771,22870,972,16686,0,0,1241,23640,497,8046,1248,31686,California
San Joaquin,2021-01-28,2054,41610,775,23645,1279,17965,0,0,1391,24381,659,8705,1400,33086,California
San Joaquin,2021-01-29,2169,43779,1051,24696,1118,19083,0,0,1817,25861,346,9051,1826,34912,California
San Joaquin,2021-01-30,2175,45954,356,25052,1819,20902,0,0,1996,27681,178,9229,1998,36910,California
San Joaquin,2021-01-31,1557,47511,179,25231,1378,22280,0,0,1492,29110,64,9293,1493,38403,California
San Joaquin,2021-02-01,2532,50043,1341,26572,1191,23471,0,0,1769,30119,763,10056,1772,40175,California
San Joaquin,2021-02-02,2587,52630,1154,27726,1433,24904,0,0,1976,31548,551,10607,1980,42155,California
San Joaquin,2021-02-03,3079,55709,1213,28939,1866,26770,0,0,2208,32900,864,11471,2216,44371,California
San Joaquin,2021-02-04,3550,59259,1818,30757,1732,28502,0,0,2650,34662,894,12365,2656,47027,California
San Joaquin,2021-02-05,3170,62429,1806,32563,1364,29866,0,0,2341,36199,818,13183,2355,49382,California
San Joaquin,2021-02-06,1088,63517,748,33311,340,30206,0,0,945,37005,140,13323,946,50328,California
San Joaquin,2021-02-07,622,64139,493,33804,129,30335,0,0,418,37225,199,13522,419,50747,California
San Joaquin,2021-02-08,1789,65928,1037,34841,752,31087,0,0,1446,38357,320,13842,1452,52199,California
San Joaquin,2021-02-09,2132,68060,1159,36000,973,32060,0,0,1585,39468,477,14319,1588,53787,California
San Joaquin,2021-02-10,2574,70634,1250,37250,1324,33384,0,0,1346,39609,1206,15525,1347,55134,California
San Joaquin,2021-02-11,2922,73556,1486,38736,1436,34820,0,0,1703,40132,1187,16712,1710,56844,California
San Joaquin,2021-02-12,2825,76381,1130,39866,1695,36515,0,0,1604,40541,1200,17912,1609,58453,California
San Joaquin,2021-02-13,2118,78499,397,40263,1721,38236,0,0,851,40145,1253,19165,857,59310,California
San Joaquin,2021-02-14,1910,80409,260,40523,1650,39886,0,0,692,39652,1186,20351,693,60003,California
San Joaquin,2021-02-15,1985,82394,827,41350,1158,41044,0,0,1189,40079,766,21117,1193,61196,California
San Joaquin,2021-02-16,3165,85559,1377,42727,1788,42832,0,0,1750,40440,1400,22517,1761,62957,California
San Joaquin,2021-02-17,3284,88843,1269,43996,2015,44847,0,0,1870,40914,1400,23917,1874,64831,California
San Joaquin,2021-02-18,3355,92198,1383,45379,1972,46819,0,0,1915,41432,1403,25320,1921,66752,California
San Joaquin,2021-02-19,4276,96474,2418,47797,1858,48677,0,0,2393,41997,1828,27148,2393,69145,California
San Joaquin,2021-02-20,1560,98034,664,48461,896,49573,0,0,1061,42561,497,27645,1061,70206,California
San Joaquin,2021-02-21,674,98708,509,48970,165,49738,0,0,424,42740,247,27892,426,70632,California
San Joaquin,2021-02-22,3556,102264,2509,51479,1047,50785,0,0,2540,44297,987,28879,2544,73176,California
San Joaquin,2021-02-23,4321,106585,2625,54104,1696,52481,0,0,2656,45325,1634,30513,2662,75838,California
San Joaquin,2021-02-24,5776,112361,3431,57535,2345,54826,0,0,4147,47873,1603,32116,4151,79989,California
San Joaquin,2021-02-25,6383,118744,3950,61485,2433,57259,0,0,4117,49776,2224,34340,4127,84116,California
San Joaquin,2021-02-26,5526,124270,2862,64347,2664,59923,0,0,3793,51877,1698,36038,3799,87915,California
San Joaquin,2021-02-27,5490,129760,1634,65981,3856,63779,0,0,2653,51764,2778,38816,2665,90580,California
San Joaquin,2021-02-28,3113,132873,1126,67107,1987,65766,0,0,2053,52787,1032,39848,2055,92635,California
San Joaquin,2021-03-01,4144,137017,1825,68932,2316,68082,3,3,2350,53373,1776,41624,2362,94997,California
San Joaquin,2021-03-02,4229,141246,1685,70617,2544,70626,0,3,2654,54530,1552,43176,2709,97706,California
San Joaquin,2021-03-03,5813,147059,3452,74069,2359,72985,2,5,4191,57125,1597,44773,4192,101898,California
San Joaquin,2021-03-04,5728,152787,2273,76342,3452,76437,3,8,3744,58905,1968,46741,3748,105646,California
San Joaquin,2021-03-05,4472,157259,1905,78247,2562,78999,5,13,3088,60635,1367,48108,3097,108743,California
San Joaquin,2021-03-06,3306,160565,2176,80423,1000,79999,130,143,2724,62914,578,48686,2857,111600,California
San Joaquin,2021-03-07,1221,161786,563,80986,610,80609,48,191,935,63614,268,48954,968,112568,California
San Joaquin,2021-03-08,3149,164935,1259,82245,1766,82375,124,315,2141,64883,995,49949,2264,114832,California
San Joaquin,2021-03-09,4036,168971,1830,84075,2075,84450,131,446,2677,66354,1342,51291,2813,117645,California
San Joaquin,2021-03-10,4657,173628,2475,86550,2042,86492,140,586,3426,68705,1215,52506,3566,121211,California
San Joaquin,2021-03-11,4962,178590,2362,88912,2000,88492,600,1186,2944,70248,2005,54511,3548,124759,California
San Joaquin,2021-03-12,6302,184892,3149,92061,2815,91307,338,1524,4163,72643,2113,56624,4508,129267,California
San Joaquin,2021-03-13,3073,187965,1460,93521,1489,92796,124,1648,2289,74288,776,57400,2421,131688,California
San Joaquin,2021-03-14,2169,190134,676,94197,1189,93985,304,1952,1028,74490,1134,58534,1336,133024,California
San Joaquin,2021-03-15,6094,196228,3505,97702,2185,96170,404,2356,3183,75213,2877,61411,3600,136624,California
San Joaquin,2021-03-16,6868,203096,3908,101610,2702,98872,258,2614,4044,76720,2800,64211,4307,140931,California
San Joaquin,2021-03-17,7824,210920,4690,106300,3064,101936,70,2684,4345,77709,3435,67646,4424,145355,California
San Joaquin,2021-03-18,7659,218579,4505,110805,2648,104584,506,3190,3770,78148,3845,71491,4284,149639,California
San Joaquin,2021-03-19,7959,226538,4667,115472,2748,107332,544,3734,4806,80427,3129,74620,5408,155047,California
San Joaquin,2021-03-20,3693,230231,2131,117603,1319,108651,243,3977,1832,80672,1842,76462,2087,157134,California
San Joaquin,2021-03-21,2128,232359,1510,119113,411,109062,207,4184,1163,81162,952,77414,1442,158576,California
San Joaquin,2021-03-22,3988,236347,2045,121158,1527,110589,416,4600,2353,82318,1619,79033,2775,161351,California
San Joaquin,2021-03-23,5397,241744,2647,123805,2582,113171,168,4768,3718,84554,1657,80690,3893,165244,California
San Joaquin,2021-03-24,6860,248604,4253,128058,2518,115689,89,4857,3018,83866,3803,84493,3115,168359,California
San Joaquin,2021-03-25,5580,254184,3317,131375,2219,117908,44,4901,3301,84963,2256,86749,3353,171712,California
San Joaquin,2021-03-26,6202,260386,2569,133944,3482,121390,151,5052,3238,85436,2937,89686,3410,175122,California
San Joaquin,2021-03-27,4678,265064,2626,136570,1978,123368,74,5126,1806,84479,2848,92534,1891,177013,California
San Joaquin,2021-03-28,2739,267803,1811,138381,903,124271,25,5151,1266,84432,1453,93987,1406,178419,California
San Joaquin,2021-03-29,4056,271859,2191,140572,1842,126113,23,5174,2025,84481,2015,96002,2064,180483,California
San Joaquin,2021-03-30,6243,278102,3182,143754,2968,129081,93,5267,3435,85251,2778,98780,3548,184031,California
San Joaquin,2021-03-31,6610,284712,4162,147916,2388,131469,60,5327,3344,85433,3246,102026,3428,187459,California
San Joaquin,2021-04-01,6443,291155,2992,150908,3361,134830,90,5417,2849,84862,3569,105595,2998,190457,California
San Joaquin,2021-04-02,6358,297513,2886,153794,2978,137808,494,5911,2536,84127,3796,109391,3061,193518,California
San Joaquin,2021-04-03,4154,301667,2343,156137,1486,139294,325,6236,2006,84338,2132,111523,2343,195861,California
San Joaquin,2021-04-04,2291,303958,1365,157502,719,140013,207,6443,1546,85375,735,112258,1772,197633,California
San Joaquin,2021-04-05,4797,308755,2841,160343,1715,141728,241,6684,2643,86129,2141,114399,2895,200528,California
San Joaquin,2021-04-06,7076,315831,4545,164888,2255,143983,276,6960,3346,86067,3700,118099,3638,204166,California
San Joaquin,2021-04-07,8344,324175,4536,169424,2222,146205,1586,8546,3501,86341,4826,122925,5100,209266,California
San Joaquin,2021-04-08,8787,332962,4709,174133,1943,148148,2135,10681,3316,86349,5443,128368,5451,214717,California
San Joaquin,2021-04-09,8897,341859,4289,178422,3041,151189,1567,12248,3220,85501,5653,134021,4805,219522,California
San Joaquin,2021-04-10,5228,347087,1633,180055,1685,152874,1910,14158,1765,85723,3451,137472,3673,223195,California
San Joaquin,2021-04-11,4089,351176,1559,181614,1364,154238,1166,15324,1772,86349,2307,139779,2933,226128,California
San Joaquin,2021-04-12,6007,357183,2389,184003,2067,156305,1551,16875,2339,86598,3647,143426,3896,230024,California
San Joaquin,2021-04-13,7484,364667,4301,188304,3174,159479,9,16884,4586,88324,2875,146301,4601,234625,California
San Joaquin,2021-04-14,7562,372229,3814,192118,3746,163225,2,16886,4547,89891,2994,149295,4561,239186,California
San Joaquin,2021-04-15,7840,380069,4630,196748,3210,166435,0,16886,4384,90862,3422,152717,4393,243579,California
San Joaquin,2021-04-16,7653,387722,4090,200838,3560,169995,3,16889,4583,92417,3042,155759,4597,248176,California
San Joaquin,2021-04-17,5174,392896,2795,203633,2377,172372,2,16891,3673,94620,1490,157249,3693,251869,California
San Joaquin,2021-04-18,2485,395381,1382,205015,1103,173475,0,16891,1320,94798,1150,158399,1328,253197,California
San Joaquin,2021-04-19,5195,400576,2807,207822,2388,175863,0,16891,2767,95174,2401,160800,2777,255974,California
San Joaquin,2021-04-20,6248,406824,3303,211125,2945,178808,0,16891,2953,94870,3268,164068,2964,258938,California
San Joaquin,2021-04-21,5661,412485,3137,214262,2524,181332,0,16891,2925,95119,2684,166752,2933,261871,California
San Joaquin,2021-04-22,5316,417801,3145,217407,2169,183501,2,16893,3072,95994,2217,168969,3092,264963,California
San Joaquin,2021-04-23,5940,423741,2841,220248,3098,186599,1,16894,3760,97602,2159,171128,3767,268730,California
San Joaquin,2021-04-24,5264,429005,3627,223875,1636,188235,1,16895,3428,99229,1809,172937,3436,272166,California
San Joaquin,2021-04-25,3063,432068,2578,226453,485,188720,0,16895,2030,100256,1010,173947,2037,274203,California
San Joaquin,2021-04-26,4051,436119,2653,229106,1394,190114,4,16899,2163,100553,1876,175823,2173,276376,California
San Joaquin,2021-04-27,4626,440745,2665,231771,1899,192013,62,16961,1974,99966,2630,178453,2043,278419,California
San Joaquin,2021-04-28,5578,446323,3356,235127,2142,194155,80,17041,2767,100042,2782,181235,2858,281277,California
San Joaquin,2021-04-29,4916,451239,2879,238006,1980,196135,57,17098,2524,100263,2372,183607,2593,283870,California
San Joaquin,2021-04-30,4978,456217,2430,240436,2481,198616,67,17165,2580,100540,2381,185988,2658,286528,California
San Joaquin,2021-05-01,3354,459571,1916,242352,1379,199995,59,17224,2139,101545,1206,187194,2211,288739,California
San Joaquin,2021-05-02,2300,461871,1600,243952,644,200639,56,17280,1173,101652,1123,188317,1230,289969,California
San Joaquin,2021-05-03,3328,465199,2256,246208,999,201638,73,17353,1405,101231,1906,190223,1485,291454,California
San Joaquin,2021-05-04,4850,470049,3299,249507,1395,203033,156,17509,1786,100140,3044,193267,1953,293407,California
San Joaquin,2021-05-05,5063,475112,3502,253009,1398,204431,163,17672,2246,99768,2789,196056,2417,295824,California
San Joaquin,2021-05-06,4665,479777,3125,256134,1410,205841,130,17802,2034,99328,2615,198671,2175,297999,California
San Joaquin,2021-05-07,5117,484894,2954,259088,2010,207851,153,17955,1914,98224,3181,201852,2077,300076,California
San Joaquin,2021-05-08,3279,488173,2107,261195,1071,208922,101,18056,1213,97497,2050,203902,1323,301399,California
San Joaquin,2021-05-09,1484,489657,850,262045,564,209486,70,18126,592,97276,889,204791,668,302067,California
San Joaquin,2021-05-10,2815,492472,1479,263524,1211,210697,125,18251,931,96470,1867,206658,1061,303128,California
San Joaquin,2021-05-11,4195,496667,2210,265734,1864,212561,121,18372,1342,95128,2837,209495,1495,304623,California
San Joaquin,2021-05-12,4394,501061,2097,267831,2173,214734,124,18496,1461,93811,2917,212412,1600,306223,California
San Joaquin,2021-05-13,4707,505768,2732,270563,1886,216620,89,18585,1831,92884,2862,215274,1935,308158,California
San Joaquin,2021-05-14,5740,511508,3420,273983,2212,218832,108,18693,2424,92135,3289,218563,2540,310698,California
San Joaquin,2021-05-15,5231,516739,3110,277093,2042,220874,79,18772,1643,90302,3559,222122,1726,312424,California
San Joaquin,2021-05-16,3549,520288,2774,279867,726,221600,49,18821,1437,89696,2100,224222,1494,313918,California
San Joaquin,2021-05-17,4135,524423,2468,282335,1570,223170,97,18918,1794,89271,2326,226548,1901,315819,California
San Joaquin,2021-05-18,3940,528363,2273,284608,1548,224718,119,19037,1877,89220,2047,228595,1996,317815,California
San Joaquin,2021-05-19,4745,533108,2756,287364,1855,226573,134,19171,2096,88842,2618,231213,2240,320055,California
San Joaquin,2021-05-20,3933,537041,2359,289723,1471,228044,103,19274,1764,88564,2149,233362,1871,321926,California
San Joaquin,2021-05-21,4946,541987,2880,292603,1942,229986,124,19398,2271,88323,2645,236007,2404,324330,California
San Joaquin,2021-05-22,3979,545966,2471,295074,1414,231400,94,19492,1774,88010,2191,238198,1878,326208,California
San Joaquin,2021-05-23,2378,548344,1927,297001,408,231808,43,19535,1403,88493,968,239166,1451,327659,California
San Joaquin,2021-05-24,2942,551286,1681,298682,1169,232977,92,19627,1368,88401,1557,240723,1465,329124,California
San Joaquin,2021-05-25,3086,554372,1918,300600,1018,233995,150,19777,1464,88411,1603,242326,1613,330737,California
San Joaquin,2021-05-26,3544,557916,2060,302660,1409,235404,75,19852,1541,88040,1992,244318,1621,332358,California
San Joaquin,2021-05-27,2911,560827,1490,304150,1336,236740,85,19937,1137,87505,1760,246078,1225,333583,California
San Joaquin,2021-05-28,3031,563858,1595,305745,1347,238087,89,20026,1408,87412,1601,247679,1508,335091,California
San Joaquin,2021-05-29,2126,565984,1170,306915,920,239007,36,20062,955,87240,1167,248846,995,336086,California
San Joaquin,2021-05-30,970,566954,518,307433,426,239433,26,20088,408,87120,557,249403,437,336523,California
San Joaquin,2021-05-31,618,567572,258,307691,353,239786,7,20095,237,86988,377,249780,245,336768,California
San Joaquin,2021-06-01,2416,569988,1467,309158,855,240641,94,20189,1161,87005,1246,251026,1263,338031,California
San Joaquin,2021-06-02,2704,572692,1602,310760,1047,241688,55,20244,1145,86666,1542,252568,1203,339234,California
San Joaquin,2021-06-03,2801,575493,1736,312496,1011,242699,54,20298,1083,86101,1706,254274,1141,340375,California
San Joaquin,2021-06-04,3107,578600,1910,314406,1090,243789,107,20405,1080,85286,2001,256275,1186,341561,California
San Joaquin,2021-06-05,2314,580914,1776,316182,493,244282,45,20450,1078,85269,1145,257420,1128,342689,California
San Joaquin,2021-06-06,1066,581980,855,317037,177,244459,34,20484,433,85122,614,258034,467,343156,California
San Joaquin,2021-06-07,2790,584770,2073,319110,676,245135,41,20525,975,84340,1808,259842,1026,344182,California
San Joaquin,2021-06-08,2609,587379,1954,321064,612,245747,43,20568,841,83472,1755,261597,887,345069,California
San Joaquin,2021-06-09,2352,589731,1667,322731,656,246403,29,20597,768,82703,1570,263167,801,345870,California
San Joaquin,2021-06-10,2174,591905,1643,324374,487,246890,44,20641,823,82223,1346,264513,866,346736,California
San Joaquin,2021-06-11,1839,593744,1186,325560,608,247498,45,20686,558,81554,1274,265787,605,347341,California
San Joaquin,2021-06-12,814,594558,651,326211,149,247647,14,20700,246,81253,565,266352,264,347605,California
San Luis Obispo,2020-12-16,4,4,4,4,0,0,0,0,4,4,0,0,4,4,California
San Luis Obispo,2020-12-17,196,200,196,200,0,0,0,0,196,200,0,0,196,200,California
San Luis Obispo,2020-12-18,225,425,225,425,0,0,0,0,225,425,0,0,225,425,California
San Luis Obispo,2020-12-19,164,589,164,589,0,0,0,0,164,589,0,0,164,589,California
San Luis Obispo,2020-12-20,215,804,215,804,0,0,0,0,215,804,0,0,215,804,California
San Luis Obispo,2020-12-21,549,1353,548,1352,1,1,0,0,549,1353,0,0,549,1353,California
San Luis Obispo,2020-12-22,310,1663,306,1658,4,5,0,0,310,1663,0,0,310,1663,California
San Luis Obispo,2020-12-23,681,2344,367,2025,314,319,0,0,681,2344,0,0,681,2344,California
San Luis Obispo,2020-12-24,194,2538,19,2044,175,494,0,0,194,2538,0,0,194,2538,California
San Luis Obispo,2020-12-25,2,2540,1,2045,1,495,0,0,2,2540,0,0,2,2540,California
San Luis Obispo,2020-12-26,90,2630,13,2058,77,572,0,0,90,2630,0,0,90,2630,California
San Luis Obispo,2020-12-27,76,2706,0,2058,76,648,0,0,76,2706,0,0,76,2706,California
San Luis Obispo,2020-12-28,881,3587,432,2490,449,1097,0,0,881,3587,0,0,881,3587,California
San Luis Obispo,2020-12-29,903,4490,503,2993,400,1497,0,0,903,4490,0,0,903,4490,California
San Luis Obispo,2020-12-30,1172,5662,679,3672,493,1990,0,0,1172,5662,0,0,1172,5662,California
San Luis Obispo,2020-12-31,108,5770,4,3676,104,2094,0,0,108,5770,0,0,108,5770,California
San Luis Obispo,2021-01-01,15,5785,9,3685,6,2100,0,0,15,5785,0,0,15,5785,California
San Luis Obispo,2021-01-02,34,5819,8,3693,26,2126,0,0,34,5819,0,0,34,5819,California
San Luis Obispo,2021-01-03,17,5836,6,3699,11,2137,0,0,17,5836,0,0,17,5836,California
San Luis Obispo,2021-01-04,682,6518,524,4223,158,2295,0,0,682,6518,0,0,682,6518,California
San Luis Obispo,2021-01-05,973,7491,752,4975,221,2516,0,0,971,7487,2,2,971,7489,California
San Luis Obispo,2021-01-06,726,8217,479,5454,247,2763,0,0,718,8198,7,9,718,8207,California
San Luis Obispo,2021-01-07,1128,9345,950,6404,178,2941,0,0,684,8438,444,453,684,8891,California
San Luis Obispo,2021-01-08,879,10224,801,7205,78,3019,0,0,511,8582,367,820,511,9402,California
San Luis Obispo,2021-01-09,206,10430,196,7401,10,3029,0,0,28,8432,178,998,28,9430,California
San Luis Obispo,2021-01-10,12,10442,8,7409,4,3033,0,0,8,8436,4,1002,8,9438,California
San Luis Obispo,2021-01-11,561,11003,510,7919,51,3084,0,0,299,8474,261,1263,299,9737,California
San Luis Obispo,2021-01-12,598,11601,382,8301,216,3300,0,0,318,8512,280,1543,318,10055,California
San Luis Obispo,2021-01-13,886,12487,258,8559,628,3928,0,0,649,8926,235,1778,649,10704,California
San Luis Obispo,2021-01-14,729,13216,239,8798,490,4418,0,0,607,9420,113,1891,607,11311,California
San Luis Obispo,2021-01-15,735,13951,293,9091,442,4860,0,0,556,9802,174,2065,556,11867,California
San Luis Obispo,2021-01-16,100,14051,81,9172,19,4879,0,0,94,9890,6,2071,94,11961,California
San Luis Obispo,2021-01-17,64,14115,57,9229,7,4886,0,0,64,9954,0,2071,64,12025,California
San Luis Obispo,2021-01-18,1374,15489,390,9619,984,5870,0,0,1109,10798,265,2336,1109,13134,California
San Luis Obispo,2021-01-19,1577,17066,415,10034,1162,7032,0,0,1170,11562,407,2743,1171,14305,California
San Luis Obispo,2021-01-20,1892,18958,601,10635,1291,8323,0,0,1300,12273,590,3333,1301,15606,California
San Luis Obispo,2021-01-21,1575,20533,469,11104,1106,9429,0,0,1203,13109,368,3701,1204,16810,California
San Luis Obispo,2021-01-22,1521,22054,506,11610,1015,10444,0,0,1206,14002,313,4014,1206,18016,California
San Luis Obispo,2021-01-23,315,22369,296,11906,19,10463,0,0,299,14285,16,4030,299,18315,California
San Luis Obispo,2021-01-24,249,22618,241,12147,8,10471,0,0,243,14522,6,4036,243,18558,California
San Luis Obispo,2021-01-25,2077,24695,601,12748,1476,11947,0,0,1247,14939,830,4866,1247,19805,California
San Luis Obispo,2021-01-26,2003,26698,700,13448,1303,13250,0,0,1141,15219,862,5728,1142,20947,California
San Luis Obispo,2021-01-27,1618,28316,290,13738,1328,14578,0,0,1161,15923,457,6185,1161,22108,California
San Luis Obispo,2021-01-28,1501,29817,344,14082,1157,15735,0,0,1237,16898,262,6447,1237,23345,California
San Luis Obispo,2021-01-29,1744,31561,682,14764,1062,16797,0,0,1457,18068,287,6734,1457,24802,California
San Luis Obispo,2021-01-30,36,31597,18,14782,18,16815,0,0,25,18083,10,6744,25,24827,California
San Luis Obispo,2021-01-31,27,31624,19,14801,8,16823,0,0,25,18106,2,6746,25,24852,California
San Luis Obispo,2021-02-01,1710,33334,743,15544,967,17790,0,0,1404,19205,305,7051,1404,26256,California
San Luis Obispo,2021-02-02,1900,35234,679,16223,1221,19011,0,0,1524,20354,376,7427,1525,27781,California
San Luis Obispo,2021-02-03,1714,36948,731,16954,983,19994,0,0,1298,21236,416,7843,1298,29079,California
San Luis Obispo,2021-02-04,1663,38611,802,17756,861,20855,0,0,1095,21763,568,8411,1095,30174,California
San Luis Obispo,2021-02-05,1607,40218,715,18471,892,21747,0,0,1061,22278,547,8958,1062,31236,California
San Luis Obispo,2021-02-06,174,40392,107,18578,67,21814,0,0,94,22292,80,9038,94,31330,California
San Luis Obispo,2021-02-07,124,40516,79,18657,45,21859,0,0,72,22313,52,9090,73,31403,California
San Luis Obispo,2021-02-08,863,41379,473,19130,390,22249,0,0,503,22457,359,9449,503,31906,California
San Luis Obispo,2021-02-09,1127,42506,449,19579,678,22927,0,0,544,22431,577,10026,551,32457,California
San Luis Obispo,2021-02-10,1444,43950,492,20071,952,23879,0,0,529,22050,913,10939,532,32989,California
San Luis Obispo,2021-02-11,1333,45283,846,20917,487,24366,0,0,656,22031,675,11614,656,33645,California
San Luis Obispo,2021-02-12,784,46067,364,21281,420,24786,0,0,415,22077,369,11983,415,34060,California
San Luis Obispo,2021-02-13,388,46455,127,21408,261,25047,0,0,280,22250,107,12090,280,34340,California
San Luis Obispo,2021-02-14,318,46773,41,21449,277,25324,0,0,282,22497,36,12126,283,34623,California
San Luis Obispo,2021-02-15,730,47503,140,21589,590,25914,0,0,474,22716,255,12381,474,35097,California
San Luis Obispo,2021-02-16,2967,50470,1197,22786,1770,27684,0,0,1360,22469,1607,13988,1360,36457,California
San Luis Obispo,2021-02-17,2788,53258,1251,24037,1537,29221,0,0,1030,21748,1751,15739,1030,37487,California
San Luis Obispo,2021-02-18,2826,56084,1459,25496,1367,30588,0,0,1133,21198,1684,17423,1134,38621,California
San Luis Obispo,2021-02-19,1466,57550,1345,26841,121,30709,0,0,1139,22012,325,17748,1139,39760,California
San Luis Obispo,2021-02-20,253,57803,79,26920,174,30883,0,0,215,22189,38,17786,215,39975,California
San Luis Obispo,2021-02-21,57,57860,53,26973,4,30887,0,0,32,22196,25,17811,32,40007,California
San Luis Obispo,2021-02-22,2418,60278,1869,28842,549,31436,0,0,1468,22715,950,18761,1469,41476,California
San Luis Obispo,2021-02-23,1860,62138,1745,30587,115,31551,0,0,1365,23587,494,19255,1366,42842,California
San Luis Obispo,2021-02-24,2642,64780,1299,31886,1343,32894,0,0,836,22620,1803,21058,836,43678,California
San Luis Obispo,2021-02-25,2134,66914,1242,33128,892,33786,0,0,1206,22904,923,21981,1207,44885,California
San Luis Obispo,2021-02-26,2653,69567,1152,34280,1501,35287,0,0,1329,22919,1314,23295,1329,46214,California
San Luis Obispo,2021-02-27,579,70146,353,34633,226,35513,0,0,530,23400,49,23344,530,46744,California
San Luis Obispo,2021-02-28,194,70340,67,34700,127,35640,0,0,160,23527,33,23377,160,46904,California
San Luis Obispo,2021-03-01,3012,73352,1883,36583,1127,36767,2,2,2081,24679,932,24309,2084,48988,California
San Luis Obispo,2021-03-02,3038,76390,1911,38494,1127,37894,0,2,1884,25415,1149,25458,1885,50873,California
San Luis Obispo,2021-03-03,2346,78736,339,38833,2007,39901,0,2,848,24772,1492,26950,849,51722,California
San Luis Obispo,2021-03-04,2202,80938,1164,39997,1038,40939,0,2,1187,24949,1012,27962,1189,52911,California
San Luis Obispo,2021-03-05,2304,83242,1022,41019,1212,42151,70,72,1299,25327,991,28953,1369,54280,California
San Luis Obispo,2021-03-06,841,84083,310,41329,423,42574,108,180,620,25828,221,29174,722,55002,California
San Luis Obispo,2021-03-07,201,84284,31,41360,85,42659,85,265,72,25857,128,29302,157,55159,California
San Luis Obispo,2021-03-08,2743,87027,760,42120,1667,44326,316,581,1546,26527,1192,30494,1862,57021,California
San Luis Obispo,2021-03-09,2952,89979,969,43089,1735,46061,248,829,1525,26877,1423,31917,1773,58794,California
San Luis Obispo,2021-03-10,3201,93180,1240,44329,1678,47739,283,1112,1815,27594,1381,33298,2098,60892,California
San Luis Obispo,2021-03-11,3298,96478,1272,45601,1704,49443,322,1434,1806,28239,1482,34780,2127,63019,California
San Luis Obispo,2021-03-12,3256,99734,1284,46885,1632,51075,340,1774,1619,28570,1631,36411,1962,64981,California
San Luis Obispo,2021-03-13,798,100532,262,47147,428,51503,108,1882,431,28742,366,36777,538,65519,California
San Luis Obispo,2021-03-14,513,101045,53,47200,350,51853,110,1992,134,28608,378,37155,244,65763,California
San Luis Obispo,2021-03-15,3059,104104,1099,48299,1863,53716,97,2089,1532,28714,1524,38679,1630,67393,California
San Luis Obispo,2021-03-16,2852,106956,1511,49810,1231,54947,110,2199,1435,28848,1410,40089,1544,68937,California
San Luis Obispo,2021-03-17,3441,110397,1447,51257,1732,56679,262,2461,1995,29669,1435,41524,2256,71193,California
San Luis Obispo,2021-03-18,2819,113216,1449,52706,1156,57835,214,2675,1346,29760,1468,42992,1559,72752,California
San Luis Obispo,2021-03-19,2602,115818,1572,54278,707,58542,323,2998,963,29417,1631,44623,1288,74040,California
San Luis Obispo,2021-03-20,840,116658,502,54780,301,58843,37,3035,386,29387,453,45076,423,74463,California
San Luis Obispo,2021-03-21,188,116846,45,54825,140,58983,3,3038,158,29519,29,45105,161,74624,California
San Luis Obispo,2021-03-22,2707,119553,1173,55998,1486,60469,48,3086,1873,30610,830,45935,1921,76545,California
San Luis Obispo,2021-03-23,3388,122941,2212,58210,1146,61615,30,3116,2270,31797,1113,47048,2300,78845,California
San Luis Obispo,2021-03-24,3535,126476,2150,60360,1299,62914,86,3202,2628,33610,900,47948,2713,81558,California
San Luis Obispo,2021-03-25,3689,130165,2306,62666,1371,64285,12,3214,2637,35210,1048,48996,2648,84206,California
San Luis Obispo,2021-03-26,3261,133426,1805,64471,1023,65308,433,3647,1827,36041,1429,50425,2260,86466,California
San Luis Obispo,2021-03-27,993,134419,507,64978,395,65703,91,3738,452,36045,539,50964,543,87009,California
San Luis Obispo,2021-03-28,445,134864,151,65129,238,65941,56,3794,245,36147,199,51163,301,87310,California
San Luis Obispo,2021-03-29,2625,137489,1321,66450,1170,67111,134,3928,1680,37031,931,52094,1815,89125,California
San Luis Obispo,2021-03-30,3529,141018,1936,68386,1451,68562,142,4070,2343,38335,1179,53273,2483,91608,California
San Luis Obispo,2021-03-31,3890,144908,2476,70862,1268,69830,146,4216,2508,39617,1371,54644,2653,94261,California
San Luis Obispo,2021-04-01,3893,148801,2464,73326,1311,71141,118,4334,2720,41294,1159,55803,2836,97097,California
San Luis Obispo,2021-04-02,1752,150553,687,74013,750,71891,315,4649,948,41752,802,56605,1260,98357,California
San Luis Obispo,2021-04-03,1111,151664,556,74569,428,72319,127,4776,492,41756,615,57220,619,98976,California
San Luis Obispo,2021-04-04,390,152054,135,74704,215,72534,40,4816,241,41888,149,57369,281,99257,California
San Luis Obispo,2021-04-05,3613,155667,1938,76642,1564,74098,111,4927,2015,42418,1594,58963,2124,101381,California
San Luis Obispo,2021-04-06,4057,159724,2160,78802,1572,75670,325,5252,1937,42567,2112,61075,2261,103642,California
San Luis Obispo,2021-04-07,4309,164033,2347,81149,1596,77266,366,5618,2460,43556,1834,62909,2823,106465,California
San Luis Obispo,2021-04-08,4066,168099,2216,83365,1444,78710,406,6024,2163,44231,1894,64803,2569,109034,California
San Luis Obispo,2021-04-09,3690,171789,1758,85123,1172,79882,760,6784,1512,44330,2167,66970,2266,111300,California
San Luis Obispo,2021-04-10,1595,173384,567,85690,357,80239,671,7455,496,44396,1099,68069,1165,112465,California
San Luis Obispo,2021-04-11,313,173697,61,85751,186,80425,66,7521,123,44397,188,68257,189,112654,California
San Luis Obispo,2021-04-12,3411,177108,1714,87465,1535,81960,162,7683,1422,43991,1989,70246,1583,114237,California
San Luis Obispo,2021-04-13,3678,180786,2128,89593,1549,83509,1,7684,1982,44286,1693,71939,1988,116225,California
San Luis Obispo,2021-04-14,3571,184357,2030,91623,1536,85045,5,7689,1788,44308,1768,73707,1790,118015,California
San Luis Obispo,2021-04-15,3705,188062,2411,94034,1293,86338,1,7690,1993,44611,1693,75400,1996,120011,California
San Luis Obispo,2021-04-16,3653,191715,2230,96264,1419,87757,4,7694,1777,44521,1869,77269,1779,121790,California
San Luis Obispo,2021-04-17,1094,192809,433,96697,659,88416,2,7696,709,44848,384,77653,711,122501,California
San Luis Obispo,2021-04-18,319,193128,97,96794,221,88637,1,7697,109,44750,207,77860,109,122610,California
San Luis Obispo,2021-04-19,3191,196319,1348,98142,1805,90442,38,7735,1098,43798,2089,79949,1137,123747,California
San Luis Obispo,2021-04-20,3620,199939,2010,100152,1610,92052,0,7735,1329,42846,2281,82230,1329,125076,California
San Luis Obispo,2021-04-21,3939,203878,1815,101967,2124,94176,0,7735,1581,42092,2338,84568,1584,126660,California
San Luis Obispo,2021-04-22,4590,208468,2067,104034,2523,96699,0,7735,1413,40346,3161,87729,1415,128075,California
San Luis Obispo,2021-04-23,1461,209929,844,104878,613,97312,4,7739,705,40311,751,88480,716,128791,California
San Luis Obispo,2021-04-24,1083,211012,440,105318,624,97936,19,7758,508,40256,582,89062,527,129318,California
San Luis Obispo,2021-04-25,346,211358,161,105479,185,98121,0,7758,112,40136,232,89294,112,129430,California
San Luis Obispo,2021-04-26,1080,212438,397,105876,666,98787,17,7775,395,39874,673,89967,411,129841,California
San Luis Obispo,2021-04-27,3918,216356,1987,107863,1851,100638,80,7855,1542,39127,2368,92335,1621,131462,California
San Luis Obispo,2021-04-28,3807,220163,2100,109963,1636,102274,71,7926,1355,38113,2440,94775,1426,132888,California
San Luis Obispo,2021-04-29,3715,223878,2121,112084,1527,103801,67,7993,1250,36982,2449,97224,1318,134206,California
San Luis Obispo,2021-04-30,2980,226858,1667,113751,1239,105040,74,8067,926,35944,2036,99260,998,135204,California
San Luis Obispo,2021-05-01,470,227328,160,113911,274,105314,36,8103,98,35709,368,99628,133,135337,California
San Luis Obispo,2021-05-02,171,227499,52,113963,99,105413,20,8123,42,35642,129,99757,62,135399,California
San Luis Obispo,2021-05-03,895,228394,288,114251,497,105910,110,8233,224,35305,669,100426,332,135731,California
San Luis Obispo,2021-05-04,2946,231340,1902,116153,973,106883,71,8304,871,34177,2068,102494,940,136671,California
San Luis Obispo,2021-05-05,2812,234152,1856,118009,890,107773,66,8370,684,32813,2116,104610,752,137423,California
San Luis Obispo,2021-05-06,2828,236980,1905,119914,860,108633,63,8433,730,31525,2081,106691,793,138216,California
San Luis Obispo,2021-05-07,2338,239318,1764,121678,507,109140,67,8500,610,30496,1707,108398,678,138894,California
San Luis Obispo,2021-05-08,568,239886,333,122011,211,109351,24,8524,192,30354,358,108756,216,139110,California
San Luis Obispo,2021-05-09,162,240048,39,122050,104,109455,19,8543,46,30304,115,108871,65,139175,California
San Luis Obispo,2021-05-10,725,240773,155,122205,520,109975,50,8593,155,29942,565,109436,203,139378,California
San Luis Obispo,2021-05-11,1188,241961,595,122800,518,110493,75,8668,361,29557,821,110257,436,139814,California
San Luis Obispo,2021-05-12,2423,244384,1599,124399,741,111234,83,8751,672,28577,1735,111992,755,140569,California
San Luis Obispo,2021-05-13,1141,245525,712,125111,367,111601,62,8813,474,28449,663,112655,535,141104,California
San Luis Obispo,2021-05-14,2231,247756,1635,126746,545,112146,51,8864,921,28128,1292,113947,971,142075,California
San Luis Obispo,2021-05-15,989,248745,456,127202,499,112645,34,8898,466,28108,521,114468,501,142576,California
San Luis Obispo,2021-05-16,304,249049,164,127366,134,112779,6,8904,173,28157,130,114598,179,142755,California
San Luis Obispo,2021-05-17,1670,250719,973,128339,645,113424,52,8956,663,27874,998,115596,715,143470,California
San Luis Obispo,2021-05-18,1894,252613,1156,129495,707,114131,31,8987,723,27464,1165,116761,755,144225,California
San Luis Obispo,2021-05-19,1449,254062,624,130119,763,114894,62,9049,409,26900,1034,117795,470,144695,California
San Luis Obispo,2021-05-20,1132,255194,502,130621,598,115492,32,9081,339,26489,782,118577,371,145066,California
San Luis Obispo,2021-05-21,1078,256272,575,131196,462,115954,41,9122,511,26483,558,119135,552,145618,California
San Luis Obispo,2021-05-22,669,256941,324,131520,322,116276,23,9145,331,26506,331,119466,354,145972,California
San Luis Obispo,2021-05-23,143,257084,65,131585,72,116348,6,9151,49,26468,93,119559,55,146027,California
San Luis Obispo,2021-05-24,566,257650,266,131851,266,116614,34,9185,205,26348,359,119918,239,146266,California
San Luis Obispo,2021-05-25,874,258524,432,132283,415,117029,27,9212,349,26207,517,120435,376,146642,California
San Luis Obispo,2021-05-26,2141,260665,989,133272,1097,118126,55,9267,671,25468,1464,121899,725,147367,California
San Luis Obispo,2021-05-27,1871,262536,660,133932,1178,119304,33,9300,480,24594,1386,123285,512,147879,California
San Luis Obispo,2021-05-28,881,263417,451,134383,409,119713,21,9321,464,24663,416,123701,485,148364,California
San Luis Obispo,2021-05-29,374,263791,150,134533,213,119926,11,9332,211,24724,162,123863,223,148587,California
San Luis Obispo,2021-05-30,89,263880,36,134569,45,119971,8,9340,34,24711,54,123917,41,148628,California
San Luis Obispo,2021-05-31,43,263923,5,134574,24,119995,14,9354,16,24715,25,123942,29,148657,California
San Luis Obispo,2021-06-01,750,264673,326,134900,393,120388,31,9385,271,24542,475,124417,302,148959,California
San Luis Obispo,2021-06-02,628,265301,286,135186,303,120691,39,9424,186,24331,436,124853,225,149184,California
San Luis Obispo,2021-06-03,900,266201,442,135628,427,121118,31,9455,244,23953,653,125506,275,149459,California
San Luis Obispo,2021-06-04,2468,268669,1519,137147,909,122027,40,9495,701,22937,1755,127261,739,150198,California
San Luis Obispo,2021-06-05,659,269328,287,137434,351,122378,21,9516,321,22941,338,127599,342,150540,California
San Luis Obispo,2021-06-06,185,269513,132,137566,44,122422,9,9525,46,22857,139,127738,55,150595,California
San Luis Obispo,2021-06-07,549,270062,358,137924,150,122572,41,9566,157,22665,390,128128,198,150793,California
San Luis Obispo,2021-06-08,783,270845,525,138449,217,122789,41,9607,245,22417,534,128662,286,151079,California
San Luis Obispo,2021-06-09,386,271231,190,138639,176,122965,20,9627,115,22283,269,128931,135,151214,California
San Luis Obispo,2021-06-10,489,271720,174,138813,287,123252,28,9655,141,22105,347,129278,169,151383,California
San Luis Obispo,2021-06-11,483,272203,182,138995,283,123535,18,9673,150,21944,330,129608,169,151552,California
San Luis Obispo,2021-06-12,107,272310,81,139076,23,123558,3,9676,72,21985,34,129642,75,151627,California
San Mateo,2020-12-15,27,27,27,27,0,0,0,0,27,27,0,0,27,27,California
San Mateo,2020-12-16,110,137,110,137,0,0,0,0,110,137,0,0,110,137,California
San Mateo,2020-12-17,172,309,172,309,0,0,0,0,172,309,0,0,172,309,California
San Mateo,2020-12-18,774,1083,772,1081,2,2,0,0,774,1083,0,0,774,1083,California
San Mateo,2020-12-19,504,1587,504,1585,0,2,0,0,504,1587,0,0,504,1587,California
San Mateo,2020-12-20,502,2089,501,2086,1,3,0,0,502,2089,0,0,502,2089,California
San Mateo,2020-12-21,1137,3226,1136,3222,1,4,0,0,1137,3226,0,0,1137,3226,California
San Mateo,2020-12-22,1512,4738,1504,4726,8,12,0,0,1511,4737,0,0,1511,4737,California
San Mateo,2020-12-23,1554,6292,1367,6093,187,199,0,0,1554,6291,0,0,1554,6291,California
San Mateo,2020-12-24,860,7152,607,6700,253,452,0,0,860,7151,0,0,860,7151,California
San Mateo,2020-12-25,115,7267,112,6812,3,455,0,0,115,7266,0,0,115,7266,California
San Mateo,2020-12-26,556,7823,413,7225,143,598,0,0,556,7822,0,0,556,7822,California
San Mateo,2020-12-27,306,8129,176,7401,130,728,0,0,306,8128,0,0,306,8128,California
San Mateo,2020-12-28,1053,9182,710,8111,343,1071,0,0,1053,9181,0,0,1053,9181,California
San Mateo,2020-12-29,1127,10309,708,8819,419,1490,0,0,1127,10308,0,0,1127,10308,California
San Mateo,2020-12-30,1255,11564,757,9576,498,1988,0,0,1255,11563,0,0,1255,11563,California
San Mateo,2020-12-31,708,12272,231,9807,477,2465,0,0,707,12269,1,1,707,12270,California
San Mateo,2021-01-01,111,12383,75,9882,36,2501,0,0,111,12380,0,1,111,12381,California
San Mateo,2021-01-02,395,12778,268,10150,127,2628,0,0,395,12775,0,1,395,12776,California
San Mateo,2021-01-03,285,13063,209,10359,76,2704,0,0,282,13054,3,4,282,13058,California
San Mateo,2021-01-04,1048,14111,674,11033,374,3078,0,0,1048,14102,0,4,1048,14106,California
San Mateo,2021-01-05,1214,15325,715,11748,499,3577,0,0,1182,15253,32,36,1183,15289,California
San Mateo,2021-01-06,1458,16783,960,12708,498,4075,0,0,1265,16329,190,226,1266,16555,California
San Mateo,2021-01-07,1455,18238,815,13523,640,4715,0,0,1146,17174,302,528,1147,17702,California
San Mateo,2021-01-08,1849,20087,1201,14724,648,5363,0,0,1139,17609,704,1232,1139,18841,California
San Mateo,2021-01-09,1170,21257,773,15497,397,5760,0,0,712,17864,457,1689,712,19553,California
San Mateo,2021-01-10,703,21960,577,16074,126,5886,0,0,263,17687,440,2129,263,19816,California
San Mateo,2021-01-11,2595,24555,1491,17565,1104,6990,0,0,1528,18149,1068,3197,1530,21346,California
San Mateo,2021-01-12,3436,27991,1924,19489,1512,8502,0,0,2219,19173,1207,4404,2231,23577,California
San Mateo,2021-01-13,3406,31397,1665,21154,1741,10243,0,0,2364,20505,1042,5446,2374,25951,California
San Mateo,2021-01-14,3809,35206,1617,22771,2192,12435,0,0,3106,22933,703,6149,3131,29082,California
San Mateo,2021-01-15,4311,39517,1702,24473,2609,15044,0,0,3786,26198,523,6672,3788,32870,California
San Mateo,2021-01-16,3086,42603,769,25242,2317,17361,0,0,2756,28629,329,7001,2760,35630,California
San Mateo,2021-01-17,1308,43911,306,25548,1002,18363,0,0,1101,29523,207,7208,1101,36731,California
San Mateo,2021-01-18,1360,45271,536,26084,824,19187,0,0,982,30130,375,7583,982,37713,California
San Mateo,2021-01-19,2799,48070,1795,27879,1004,20191,0,0,1995,31324,801,8384,1995,39708,California
San Mateo,2021-01-20,2795,50865,1543,29422,1252,21443,0,0,1951,32435,841,9225,1952,41660,California
San Mateo,2021-01-21,2858,53723,1296,30718,1562,23005,0,0,2273,34128,583,9808,2276,43936,California
San Mateo,2021-01-22,2809,56532,1143,31861,1666,24671,0,0,2515,36352,292,10100,2516,46452,California
San Mateo,2021-01-23,2872,59404,1675,33536,1197,25868,0,0,2512,38505,360,10460,2513,48965,California
San Mateo,2021-01-24,1508,60912,376,33912,1132,27000,0,0,1199,39397,308,10768,1200,50165,California
San Mateo,2021-01-25,4403,65315,3138,37050,1265,28265,0,0,3505,42011,895,11663,3509,53674,California
San Mateo,2021-01-26,4315,69630,3003,40053,1312,29577,0,0,3385,44470,928,12591,3387,57061,California
San Mateo,2021-01-27,2811,72441,1481,41534,1330,30907,0,0,1803,45273,1002,13593,1805,58866,California
San Mateo,2021-01-28,2801,75242,1356,42890,1445,32352,0,0,1946,46379,840,14433,1946,60812,California
San Mateo,2021-01-29,3005,78247,1359,44249,1646,33998,0,0,2160,47699,842,15275,2162,62974,California
San Mateo,2021-01-30,3471,81718,1488,45737,1983,35981,0,0,3014,50258,456,15731,3015,65989,California
San Mateo,2021-01-31,1683,83401,898,46635,785,36766,0,0,1521,51618,161,15892,1521,67510,California
San Mateo,2021-02-01,2931,86332,1354,47989,1577,38343,0,0,2208,53108,719,16611,2209,69719,California
San Mateo,2021-02-02,3210,89542,1732,49721,1478,39821,0,0,2180,54262,1026,17637,2180,71899,California
San Mateo,2021-02-03,4994,94536,2057,51778,2937,42758,0,0,3850,56972,1141,18778,3851,75750,California
San Mateo,2021-02-04,6188,100724,2505,54283,3683,46441,0,0,4904,60601,1279,20057,4908,80658,California
San Mateo,2021-02-05,6780,107504,2548,56831,4232,50673,0,0,4960,63759,1802,21859,4960,85618,California
San Mateo,2021-02-06,3268,110772,1910,58741,1358,52031,0,0,2614,65723,652,22511,2616,88234,California
San Mateo,2021-02-07,1887,112659,1345,60086,542,52573,0,0,1699,67234,188,22699,1699,89933,California
San Mateo,2021-02-08,5291,117950,2267,62353,3024,55597,0,0,3115,68237,2112,24811,3115,93048,California
San Mateo,2021-02-09,6161,124111,3214,65567,2947,58544,0,0,3323,68728,2832,27643,3323,96371,California
San Mateo,2021-02-10,6522,130633,3283,68850,3239,61783,0,0,3430,69077,3081,30724,3430,99801,California
San Mateo,2021-02-11,7040,137673,3580,72430,3460,65243,0,0,3790,69628,3241,33965,3792,103593,California
San Mateo,2021-02-12,6634,144307,2986,75416,3648,68891,0,0,4699,72399,1930,35895,4701,108294,California
San Mateo,2021-02-13,6120,150427,4033,79449,2087,70978,0,0,2647,71578,3468,39363,2647,110941,California
San Mateo,2021-02-14,4632,155059,3028,82477,1604,72582,0,0,1975,70904,2650,42013,1976,112917,California
San Mateo,2021-02-15,3136,158195,1443,83920,1693,74275,0,0,1770,71315,1360,43373,1771,114688,California
San Mateo,2021-02-16,7136,165331,1884,85804,5252,79527,0,0,5267,74717,1867,45240,5269,119957,California
San Mateo,2021-02-17,7069,172400,1950,87754,5119,84646,0,0,5038,77733,2024,47264,5040,124997,California
San Mateo,2021-02-18,6650,179050,4592,92346,2058,86704,0,0,4418,79926,2228,49492,4421,129418,California
San Mateo,2021-02-19,7798,186848,5597,97943,2201,88905,0,0,5777,83689,2014,51506,5777,135195,California
San Mateo,2021-02-20,3780,190628,2431,100374,1349,90254,0,0,2340,84596,1433,52939,2340,137535,California
San Mateo,2021-02-21,2629,193257,1789,102163,840,91094,0,0,1573,85120,1049,53988,1573,139108,California
San Mateo,2021-02-22,4450,197707,3237,105400,1213,92307,0,0,2816,86309,1628,55616,2817,141925,California
San Mateo,2021-02-23,4356,202063,3131,108531,1225,93532,0,0,2546,87054,1801,57417,2546,144471,California
San Mateo,2021-02-24,7355,209418,3309,111840,4046,97578,0,0,4886,89481,2460,59877,4887,149358,California
San Mateo,2021-02-25,9288,218706,4136,115976,5152,102730,0,0,6128,92468,3142,63019,6129,155487,California
San Mateo,2021-02-26,10021,228727,3865,119841,6156,108886,0,0,6946,96358,3060,66079,6950,162437,California
San Mateo,2021-02-27,6951,235678,3569,123410,3382,112268,0,0,3731,96882,3213,69292,3737,166174,California
San Mateo,2021-02-28,4440,240118,2745,126155,1695,113963,0,0,2666,97783,1766,71058,2667,168841,California
San Mateo,2021-03-01,6006,246124,3791,129946,2212,116175,3,3,2972,97739,3019,74077,2975,171816,California
San Mateo,2021-03-02,6232,252356,4427,134373,1804,117979,1,4,3580,98677,2644,76721,3582,175398,California
San Mateo,2021-03-03,8440,260796,3964,138337,4474,122453,2,6,3631,97513,4797,81518,3633,179031,California
San Mateo,2021-03-04,8506,269302,3999,142336,4504,126957,3,9,3831,96695,4654,86172,3836,182867,California
San Mateo,2021-03-05,9339,278641,6232,148568,3103,130060,4,13,6538,100460,2780,88952,6545,189412,California
San Mateo,2021-03-06,7968,286609,5563,154131,2230,132290,175,188,5842,104361,2115,91067,6016,195428,California
San Mateo,2021-03-07,3580,290189,2439,156570,1070,133360,71,259,2105,105066,1471,92538,2176,197604,California
San Mateo,2021-03-08,4509,294698,2559,159129,1733,135093,217,476,3296,107371,1206,93744,3511,201115,California
San Mateo,2021-03-09,5379,300077,2856,161985,2248,137341,275,751,3784,109845,1583,95327,4057,205172,California
San Mateo,2021-03-10,7184,307261,2892,164877,4008,141349,284,1035,4805,112568,2364,97691,5087,210259,California
San Mateo,2021-03-11,9096,316357,5730,170607,2975,144324,391,1426,3695,111282,5369,103060,4083,214342,California
San Mateo,2021-03-12,10584,326941,6688,177295,3513,147837,383,1809,3580,108260,6985,110045,3963,218305,California
San Mateo,2021-03-13,8222,335163,3497,180792,3094,150931,1631,3440,3985,109643,4224,114269,5607,223912,California
San Mateo,2021-03-14,4992,340155,3376,184168,1510,152441,106,3546,2645,110054,2339,116608,2750,226662,California
San Mateo,2021-03-15,7169,347324,4633,188801,2361,154802,175,3721,3752,110571,3411,120019,3928,230590,California
San Mateo,2021-03-16,11946,359270,4389,193190,7435,162237,122,3843,4791,108350,7136,127155,4915,235505,California
San Mateo,2021-03-17,10836,370106,4412,197602,6298,168535,126,3969,4860,107392,5946,133101,4988,240493,California
San Mateo,2021-03-18,7270,377376,4088,201690,2996,171531,186,4155,4295,108905,2967,136068,4480,244973,California
San Mateo,2021-03-19,7455,384831,4833,206523,1948,173479,674,4829,3555,109245,3889,139957,4229,249202,California
San Mateo,2021-03-20,8467,393298,6552,213075,1576,175055,339,5168,5405,111942,3046,143003,5743,254945,California
San Mateo,2021-03-21,4243,397541,3223,216298,791,175846,229,5397,2275,112486,1957,144960,2501,257446,California
San Mateo,2021-03-22,5261,402802,3589,219887,1250,177096,422,5819,2751,113164,2494,147454,3172,260618,California
San Mateo,2021-03-23,9801,412603,4483,224370,5123,182219,195,6014,4375,112340,5394,152848,4570,265188,California
San Mateo,2021-03-24,9500,422103,5479,229849,3877,186096,144,6158,4047,111146,5382,158230,4188,269376,California
San Mateo,2021-03-25,10138,432241,4953,234802,4884,190980,301,6459,4396,110209,5637,163867,4700,274076,California
San Mateo,2021-03-26,11265,443506,7763,242565,3333,194313,169,6628,4290,107735,6933,170800,4459,278535,California
San Mateo,2021-03-27,10596,454102,8136,250701,2358,196671,102,6730,4697,106653,5880,176680,4798,283333,California
San Mateo,2021-03-28,4276,458378,2781,253482,1385,198056,110,6840,2002,106505,2264,178944,2116,285449,California
San Mateo,2021-03-29,6041,464419,3762,257244,2026,200082,253,7093,2688,106113,3333,182277,2941,288390,California
San Mateo,2021-03-30,7152,471571,4078,261322,2921,203003,153,7246,3835,106801,3300,185577,3988,292378,California
San Mateo,2021-03-31,7275,478846,4598,265920,2536,205539,141,7387,3839,107364,3417,188994,3980,296358,California
San Mateo,2021-04-01,10615,489461,5249,271169,4154,209693,1212,8599,5703,109411,4865,193859,6912,303270,California
San Mateo,2021-04-02,10876,500337,5187,276356,4041,213734,1648,10247,5668,111535,5186,199045,7310,310580,California
San Mateo,2021-04-03,10012,510349,5732,282088,2465,216199,1815,12062,5081,113509,4922,203967,6896,317476,California
San Mateo,2021-04-04,5433,515782,2613,284701,1565,217764,1255,13317,1697,112737,3721,207688,2949,320425,California
San Mateo,2021-04-05,8940,524722,4764,289465,2446,220210,1730,15047,3814,113168,5109,212797,5540,325965,California
San Mateo,2021-04-06,13264,537986,8248,297713,3160,223370,1856,16903,7513,116806,5735,218532,9373,335338,California
San Mateo,2021-04-07,11381,549367,5240,302953,4454,227824,1687,18590,4811,116748,6549,225081,6491,341829,California
San Mateo,2021-04-08,10144,559511,5032,307985,2509,230333,2603,21193,4484,118180,5642,230723,7074,348903,California
San Mateo,2021-04-09,11364,570875,5537,313522,3349,233682,2478,23671,5104,119497,6257,236980,7574,356477,California
San Mateo,2021-04-10,11328,582203,5732,319254,4144,237826,1452,25123,4674,118994,6623,243603,6120,362597,California
San Mateo,2021-04-11,6673,588876,3296,322550,873,238699,2504,27627,2308,119443,4358,247961,4807,367404,California
San Mateo,2021-04-12,7332,596208,4470,327020,1890,240589,972,28599,3548,120196,3763,251724,4516,371920,California
San Mateo,2021-04-13,8229,604437,5123,332143,3095,243684,11,28610,4378,120748,3840,255564,4392,376312,California
San Mateo,2021-04-14,8374,612811,5436,337579,2937,246621,1,28611,4329,121059,4027,259591,4338,380650,California
San Mateo,2021-04-15,11192,624003,7442,345021,3748,250369,2,28613,7347,124589,3820,263411,7350,388000,California
San Mateo,2021-04-16,9972,633975,6880,351901,3076,253445,16,28629,6342,127345,3608,267019,6364,394364,California
San Mateo,2021-04-17,9784,643759,6497,358398,3285,256730,2,28631,6126,129831,3648,270667,6134,400498,California
San Mateo,2021-04-18,5437,649196,2599,360997,2838,259568,0,28631,3663,131739,1761,272428,3669,404167,California
San Mateo,2021-04-19,8354,657550,5435,366432,2919,262487,0,28631,5438,134285,2901,275329,5447,409614,California
San Mateo,2021-04-20,10288,667838,5748,372180,4539,267026,1,28632,6622,137274,3644,278973,6633,416247,California
San Mateo,2021-04-21,9029,676867,6101,378281,2926,269952,2,28634,5585,139442,3424,282397,5592,421839,California
San Mateo,2021-04-22,9594,686461,6415,384696,3178,273130,1,28635,5309,140506,4251,286648,5315,427154,California
San Mateo,2021-04-23,9425,695886,6199,390895,3226,276356,0,28635,5284,141690,4115,290763,5299,432453,California
San Mateo,2021-04-24,11294,707180,8039,398934,3255,279611,0,28635,5840,142107,5431,296194,5848,438301,California
San Mateo,2021-04-25,5544,712724,3853,402787,1689,281300,2,28637,3957,144502,1571,297765,3966,442267,California
San Mateo,2021-04-26,6634,719358,4798,407585,1828,283128,8,28645,3874,145649,2747,300512,3894,446161,California
San Mateo,2021-04-27,11340,730698,7979,415564,3206,286334,155,28800,4636,143771,6673,307185,4795,450956,California
San Mateo,2021-04-28,7869,738567,4489,420053,3175,289509,205,29005,4217,144559,3638,310823,4426,455382,California
San Mateo,2021-04-29,8077,746644,3739,423792,4165,293674,173,29178,3660,144016,4388,315211,3845,459227,California
San Mateo,2021-04-30,8051,754695,5056,428848,2842,296516,153,29331,3415,142987,4611,319822,3582,462809,California
San Mateo,2021-05-01,6162,760857,4126,432974,1918,298434,118,29449,2685,142342,3459,323281,2814,465623,California
San Mateo,2021-05-02,3186,764043,1742,434716,1374,299808,70,29519,1155,141548,2023,325304,1229,466852,California
San Mateo,2021-05-03,6011,770054,4495,439211,1372,301180,144,29663,1840,139369,4163,329467,1984,468836,California
San Mateo,2021-05-04,7286,777340,4947,444158,2168,303348,171,29834,2493,137266,4779,334246,2676,471512,California
San Mateo,2021-05-05,6901,784241,4520,448678,2223,305571,158,29992,2391,135337,4481,338727,2552,474064,California
San Mateo,2021-05-06,8586,792827,6701,455379,1709,307280,176,30168,1751,130452,6816,345543,1931,475995,California
San Mateo,2021-05-07,8210,801037,5865,461244,2060,309340,285,30453,1822,126207,6363,351906,2118,478113,California
San Mateo,2021-05-08,6642,807679,4014,465258,2389,311729,239,30692,1843,123507,4787,356693,2087,480200,California
San Mateo,2021-05-09,3125,810804,2430,467688,621,312350,74,30766,1065,122596,2051,358744,1140,481340,California
San Mateo,2021-05-10,4623,815427,3328,471016,1124,313474,171,30937,760,119682,3853,362597,939,482279,California
San Mateo,2021-05-11,6675,822102,4985,476001,1562,315036,128,31065,1738,116626,4924,367521,1868,484147,California
San Mateo,2021-05-12,6932,829034,5048,481049,1669,316705,215,31280,1794,113512,5125,372646,2011,486158,California
San Mateo,2021-05-13,9539,838573,7130,488179,2313,319018,96,31376,3556,111224,5951,378597,3663,489821,California
San Mateo,2021-05-14,8323,846896,6154,494333,2057,321075,112,31488,2700,108435,5608,384205,2819,492640,California
San Mateo,2021-05-15,10394,857290,8110,502443,2183,323258,101,31589,4563,107303,5817,390022,4685,497325,California
San Mateo,2021-05-16,7168,864458,5097,507540,2003,325261,68,31657,2184,104591,4966,394988,2254,499579,California
San Mateo,2021-05-17,7060,871518,5002,512542,1950,327211,108,31765,2146,101950,4899,399887,2258,501837,California
San Mateo,2021-05-18,8449,879967,5830,518372,2522,329733,97,31862,3099,99926,5224,405111,3200,505037,California
San Mateo,2021-05-19,7870,887837,5891,524263,1858,331591,121,31983,3688,99601,4135,409246,3810,508847,California
San Mateo,2021-05-20,5600,893437,3447,527710,2018,333609,135,32118,2248,98657,3329,412575,2385,511232,California
San Mateo,2021-05-21,6981,900418,4762,532472,2075,335684,144,32262,2041,95922,4920,417495,2185,513417,California
San Mateo,2021-05-22,6145,906563,4115,536587,1963,337647,67,32329,2422,94710,3704,421199,2492,515909,California
San Mateo,2021-05-23,2987,909550,1646,538233,1252,338899,89,32418,1149,94121,1827,423026,1238,517147,California
San Mateo,2021-05-24,3394,912944,2230,540463,1015,339914,149,32567,1110,93111,2266,425292,1256,518403,California
San Mateo,2021-05-25,4762,917706,2997,543460,1585,341499,180,32747,1599,91749,3143,428435,1781,520184,California
San Mateo,2021-05-26,5636,923342,3039,546499,2481,343980,116,32863,1774,89796,3843,432278,1890,522074,California
San Mateo,2021-05-27,3775,927117,2198,548697,1479,345459,98,32961,1245,88630,2505,434783,1339,523413,California
San Mateo,2021-05-28,3457,930574,2184,550881,1187,346646,86,33047,1326,87948,2092,436875,1410,524823,California
San Mateo,2021-05-29,3232,933806,2299,553180,881,347527,52,33099,1328,87448,1879,438754,1379,526202,California
San Mateo,2021-05-30,1653,935459,1120,554300,472,347999,61,33160,671,87207,973,439727,732,526934,California
San Mateo,2021-05-31,498,935957,333,554633,156,348155,9,33169,222,87164,274,440001,231,527165,California
San Mateo,2021-06-01,3392,939349,2035,556668,1260,349415,97,33266,1120,86120,2260,442261,1216,528381,California
San Mateo,2021-06-02,2769,942118,1841,558509,850,350265,78,33344,1128,85698,1626,443887,1204,529585,California
San Mateo,2021-06-03,3813,945931,2996,561505,703,350968,114,33458,886,83779,2915,446802,996,530581,California
San Mateo,2021-06-04,4163,950094,3216,564721,852,351820,95,33553,1248,82213,2896,449698,1330,531911,California
San Mateo,2021-06-05,5131,955225,4501,569222,532,352352,98,33651,1096,79402,4005,453703,1194,533105,California
San Mateo,2021-06-06,2489,957714,2050,571272,378,352730,61,33712,554,78098,1915,455618,611,533716,California
San Mateo,2021-06-07,3101,960815,2603,573875,419,353149,79,33791,791,76663,2303,457921,868,534584,California
San Mateo,2021-06-08,4032,964847,3407,577282,524,353673,101,33892,1001,74768,2997,460918,1102,535686,California
San Mateo,2021-06-09,3300,968147,2905,580187,346,354019,49,33941,513,72550,2778,463696,560,536246,California
San Mateo,2021-06-10,2253,970400,1874,582061,302,354321,77,34018,602,71586,1643,465339,679,536925,California
San Mateo,2021-06-11,1747,972147,1398,583459,279,354600,70,34088,601,71114,1142,466481,670,537595,California
San Mateo,2021-06-12,2095,974242,1967,585426,73,354673,55,34143,649,70376,1442,467923,704,538299,California
Santa Barbara,2020-12-15,2,2,2,2,0,0,0,0,2,2,0,0,2,2,California
Santa Barbara,2020-12-16,2,4,2,4,0,0,0,0,2,4,0,0,2,4,California
Santa Barbara,2020-12-17,56,60,56,60,0,0,0,0,56,60,0,0,56,60,California
Santa Barbara,2020-12-18,379,439,378,438,1,1,0,0,379,439,0,0,379,439,California
Santa Barbara,2020-12-19,325,764,325,763,0,1,0,0,325,764,0,0,325,764,California
Santa Barbara,2020-12-20,235,999,235,998,0,1,0,0,235,999,0,0,235,999,California
Santa Barbara,2020-12-21,653,1652,651,1649,2,3,0,0,653,1652,0,0,653,1652,California
Santa Barbara,2020-12-22,246,1898,244,1893,2,5,0,0,246,1898,0,0,246,1898,California
Santa Barbara,2020-12-23,325,2223,207,2100,118,123,0,0,325,2223,0,0,325,2223,California
Santa Barbara,2020-12-24,88,2311,40,2140,48,171,0,0,88,2311,0,0,88,2311,California
Santa Barbara,2020-12-26,326,2637,66,2206,260,431,0,0,326,2637,0,0,326,2637,California
Santa Barbara,2020-12-27,62,2699,1,2207,61,492,0,0,62,2699,0,0,62,2699,California
Santa Barbara,2020-12-28,358,3057,225,2432,133,625,0,0,358,3057,0,0,358,3057,California
Santa Barbara,2020-12-29,561,3618,359,2791,202,827,0,0,561,3618,0,0,561,3618,California
Santa Barbara,2020-12-30,577,4195,395,3186,182,1009,0,0,577,4195,0,0,577,4195,California
Santa Barbara,2020-12-31,240,4435,114,3300,126,1135,0,0,240,4435,0,0,240,4435,California
Santa Barbara,2021-01-01,116,4551,110,3410,6,1141,0,0,116,4551,0,0,116,4551,California
Santa Barbara,2021-01-02,599,5150,233,3643,366,1507,0,0,599,5150,0,0,599,5150,California
Santa Barbara,2021-01-03,23,5173,15,3658,8,1515,0,0,23,5173,0,0,23,5173,California
Santa Barbara,2021-01-04,305,5478,242,3900,63,1578,0,0,304,5477,0,0,304,5477,California
Santa Barbara,2021-01-05,752,6230,380,4280,372,1950,0,0,724,6173,28,28,724,6201,California
Santa Barbara,2021-01-06,657,6887,277,4557,380,2330,0,0,596,6709,60,88,596,6797,California
Santa Barbara,2021-01-07,1032,7919,709,5266,323,2653,0,0,528,6737,500,588,528,7325,California
Santa Barbara,2021-01-08,1204,9123,845,6111,359,3012,0,0,709,6951,495,1083,709,8034,California
Santa Barbara,2021-01-09,565,9688,293,6404,272,3284,0,0,319,7024,246,1329,319,8353,California
Santa Barbara,2021-01-10,62,9750,50,6454,12,3296,0,0,46,7054,16,1345,46,8399,California
Santa Barbara,2021-01-11,838,10588,670,7124,168,3464,0,0,613,7443,224,1569,613,9012,California
Santa Barbara,2021-01-12,1439,12027,646,7770,793,4257,0,0,1280,8564,159,1728,1280,10292,California
Santa Barbara,2021-01-13,1219,13246,270,8040,949,5206,0,0,1092,9529,127,1855,1092,11384,California
Santa Barbara,2021-01-14,1254,14500,136,8176,1118,6324,0,0,1199,10675,54,1909,1200,12584,California
Santa Barbara,2021-01-15,1808,16308,426,8602,1382,7706,0,0,1726,12320,81,1990,1726,14310,California
Santa Barbara,2021-01-16,1280,17588,202,8804,1078,8784,0,0,1240,13521,39,2029,1240,15550,California
Santa Barbara,2021-01-17,125,17713,22,8826,103,8887,0,0,122,13640,3,2032,122,15672,California
Santa Barbara,2021-01-18,1156,18869,419,9245,737,9624,0,0,970,14424,186,2218,970,16642,California
Santa Barbara,2021-01-19,1640,20509,572,9817,1068,10692,0,0,1360,15506,278,2496,1360,18002,California
Santa Barbara,2021-01-20,2108,22617,549,10366,1559,12251,0,0,1753,16905,354,2850,1753,19755,California
Santa Barbara,2021-01-21,3200,25817,1921,12287,1279,13530,0,0,3040,19786,160,3010,3041,22796,California
Santa Barbara,2021-01-22,2933,28750,1780,14067,1153,14683,0,0,2769,22395,161,3171,2770,25566,California
Santa Barbara,2021-01-23,1731,30481,1101,15168,630,15313,0,0,1214,23093,516,3687,1214,26780,California
Santa Barbara,2021-01-24,844,31325,752,15920,92,15405,0,0,835,23919,9,3696,835,27615,California
Santa Barbara,2021-01-25,1241,32566,496,16416,745,16150,0,0,1005,24688,236,3932,1005,28620,California
Santa Barbara,2021-01-26,2081,34647,499,16915,1582,17732,0,0,1697,26003,382,4314,1697,30317,California
Santa Barbara,2021-01-27,1169,35816,400,17315,769,18501,0,0,906,26650,262,4576,909,31226,California
Santa Barbara,2021-01-28,894,36710,297,17612,597,19098,0,0,680,27119,211,4787,680,31906,California
Santa Barbara,2021-01-29,1331,38041,531,18143,800,19898,0,0,977,27747,351,5138,979,32885,California
Santa Barbara,2021-01-30,1907,39948,1422,19565,485,20383,0,0,1491,28825,413,5551,1491,34376,California
Santa Barbara,2021-01-31,1455,41403,1217,20782,238,20621,0,0,1416,30202,39,5590,1416,35792,California
Santa Barbara,2021-02-01,954,42357,527,21309,427,21048,0,0,556,30360,398,5988,556,36348,California
Santa Barbara,2021-02-02,1808,44165,679,21988,1129,22177,0,0,1039,30633,766,6754,1039,37387,California
Santa Barbara,2021-02-03,1946,46111,1080,23068,866,23043,0,0,1505,31708,430,7184,1505,38892,California
Santa Barbara,2021-02-04,2781,48892,1869,24937,912,23955,0,0,2483,33899,292,7476,2483,41375,California
Santa Barbara,2021-02-05,2902,51794,2058,26995,844,24799,0,0,2258,35515,642,8118,2258,43633,California
Santa Barbara,2021-02-06,1201,52995,338,27333,863,25662,0,0,792,35898,409,8527,792,44425,California
Santa Barbara,2021-02-07,303,53298,264,27597,39,25701,0,0,267,36130,35,8562,267,44692,California
Santa Barbara,2021-02-08,954,54252,309,27906,645,26346,0,0,666,36508,288,8850,666,45358,California
Santa Barbara,2021-02-09,2435,56687,313,28219,2122,28468,0,0,1118,36318,1308,10158,1118,46476,California
Santa Barbara,2021-02-10,2758,59445,1496,29715,1262,29730,0,0,776,35120,1974,12132,776,47252,California
Santa Barbara,2021-02-11,4192,63637,2810,32525,1382,31112,0,0,628,32194,3554,15686,628,47880,California
Santa Barbara,2021-02-12,3311,66948,948,33473,2363,33475,0,0,777,30443,2528,18214,777,48657,California
Santa Barbara,2021-02-13,1232,68180,339,33812,893,34368,0,0,561,30335,669,18883,561,49218,California
Santa Barbara,2021-02-14,337,68517,41,33853,296,34664,0,0,289,30576,48,18931,289,49507,California
Santa Barbara,2021-02-15,971,69488,340,34193,631,35295,0,0,496,30600,472,19403,496,50003,California
Santa Barbara,2021-02-16,2151,71639,437,34630,1714,37009,0,0,722,29897,1425,20828,722,50725,California
Santa Barbara,2021-02-17,1436,73075,319,34949,1117,38126,0,0,520,29505,912,21740,520,51245,California
Santa Barbara,2021-02-18,3261,76336,2655,37604,606,38732,0,0,1524,29328,1701,23441,1524,52769,California
Santa Barbara,2021-02-19,3586,79922,2634,40238,952,39684,0,0,2323,30391,1260,24701,2323,55092,California
Santa Barbara,2021-02-20,2229,82151,1444,41682,785,40469,0,0,1670,31512,549,25250,1670,56762,California
Santa Barbara,2021-02-21,138,82289,109,41791,29,40498,0,0,61,31498,75,25325,61,56823,California
Santa Barbara,2021-02-22,933,83222,243,42034,690,41188,0,0,269,31105,662,25987,269,57092,California
Santa Barbara,2021-02-23,3190,86412,1046,43080,2144,43332,0,0,420,28759,2766,28753,420,57512,California
Santa Barbara,2021-02-24,3222,89634,1100,44180,2122,45454,0,0,722,26990,2491,31244,722,58234,California
Santa Barbara,2021-02-25,3458,93092,1921,46101,1537,46991,0,0,991,25523,2459,33703,992,59226,California
Santa Barbara,2021-02-26,3664,96756,2179,48280,1485,48476,0,0,1973,25813,1683,35386,1973,61199,California
Santa Barbara,2021-02-27,1536,98292,562,48842,974,49450,0,0,856,25995,676,36062,858,62057,California
Santa Barbara,2021-02-28,1086,99378,221,49063,865,50315,0,0,893,26702,187,36249,894,62951,California
Santa Barbara,2021-03-01,1652,101030,472,49535,1178,51493,2,2,1092,27254,543,36792,1095,64046,California
Santa Barbara,2021-03-02,2661,103691,424,49959,2237,53730,0,2,2160,28927,488,37280,2161,66207,California
Santa Barbara,2021-03-03,4633,108324,2099,52058,2532,56262,2,4,4037,32384,585,37865,4042,70249,California
Santa Barbara,2021-03-04,3418,111742,2280,54338,1138,57400,0,4,2864,34703,545,38410,2864,73113,California
Santa Barbara,2021-03-05,3820,115562,2164,56502,1597,58997,59,63,3093,37133,722,39132,3152,76265,California
Santa Barbara,2021-03-06,2433,117995,727,57229,1487,60484,219,282,1669,38259,759,39891,1885,78150,California
Santa Barbara,2021-03-07,566,118561,124,57353,311,60795,131,413,385,38596,180,40071,517,78667,California
Santa Barbara,2021-03-08,1578,120139,378,57731,857,61652,343,756,794,38955,778,40849,1137,79804,California
Santa Barbara,2021-03-09,2805,122944,349,58080,1683,63335,773,1529,742,38406,2060,42909,1511,81315,California
Santa Barbara,2021-03-10,2767,125711,554,58634,1162,64497,1051,2580,1045,38782,1717,44626,2093,83408,California
Santa Barbara,2021-03-11,5589,131300,3034,61668,1436,65933,1119,3699,2278,38875,3297,47923,3390,86798,California
Santa Barbara,2021-03-12,3687,134987,2101,63769,1156,67089,430,4129,2184,39990,1496,49419,2611,89409,California
Santa Barbara,2021-03-13,3498,138485,1938,65707,1351,68440,209,4338,2699,42102,796,50215,2908,92317,California
Santa Barbara,2021-03-14,803,139288,388,66095,360,68800,55,4393,483,42321,319,50534,538,92855,California
Santa Barbara,2021-03-15,2117,141405,697,66792,1128,69928,292,4685,1269,43040,840,51374,1559,94414,California
Santa Barbara,2021-03-16,3723,145128,1173,67965,2208,72136,342,5027,2736,45135,983,52357,3078,97492,California
Santa Barbara,2021-03-17,3315,148443,976,68941,1934,74070,405,5432,2323,46869,990,53347,2724,100216,California
Santa Barbara,2021-03-18,5221,153664,2794,71735,2225,76295,202,5634,3999,49864,1206,54553,4201,104417,California
Santa Barbara,2021-03-19,4449,158113,2770,74505,1346,77641,333,5967,3055,51861,1390,55943,3387,107804,California
Santa Barbara,2021-03-20,2180,160293,835,75340,1329,78970,16,5983,1332,52363,845,56788,1347,109151,California
Santa Barbara,2021-03-21,1168,161461,384,75724,753,79723,31,6014,840,52908,326,57114,871,110022,California
Santa Barbara,2021-03-22,2777,164238,1914,77638,819,80542,44,6058,2221,54626,547,57661,2265,112287,California
Santa Barbara,2021-03-23,4486,168724,2261,79899,2124,82666,101,6159,3711,57672,765,58426,3811,116098,California
Santa Barbara,2021-03-24,5421,174145,3154,83053,1515,84181,752,6911,2973,58968,2425,60851,3721,119819,California
Santa Barbara,2021-03-25,5567,179712,3275,86328,2100,86281,192,7103,2789,59187,2762,63613,2981,122800,California
Santa Barbara,2021-03-26,5095,184807,3229,89557,1567,87848,299,7402,2245,58899,2832,66445,2544,125344,California
Santa Barbara,2021-03-27,2960,187767,1225,90782,1692,89540,43,7445,1625,59234,1331,67776,1666,127010,California
Santa Barbara,2021-03-28,2783,190550,1658,92440,1097,90637,28,7473,1895,60275,884,68660,1925,128935,California
Santa Barbara,2021-03-29,4040,194590,2083,94523,1886,92523,71,7544,3228,62766,808,69468,3299,132234,California
Santa Barbara,2021-03-30,6805,201395,3514,98037,3140,95663,151,7695,4538,65200,2252,71720,4686,136920,California
Santa Barbara,2021-03-31,8697,210092,5537,103574,3094,98757,66,7761,5058,66706,3618,75338,5124,142044,California
Santa Barbara,2021-04-01,7055,217147,5219,108793,1577,100334,259,8020,4187,68301,2849,78187,4444,146488,California
Santa Barbara,2021-04-02,6651,223798,4566,113359,1491,101825,594,8614,3426,69103,3217,81404,4019,150507,California
Santa Barbara,2021-04-03,3812,227610,2115,115474,1631,103456,66,8680,2519,70400,1287,82691,2584,153091,California
Santa Barbara,2021-04-04,899,228509,443,115917,416,103872,40,8720,498,70539,399,83090,538,153629,California
Santa Barbara,2021-04-05,3467,231976,2293,118210,916,104788,258,8978,2171,71681,1287,84377,2429,156058,California
Santa Barbara,2021-04-06,5492,237468,2831,121041,2123,106911,538,9516,3364,73468,2112,86489,3899,159957,California
Santa Barbara,2021-04-07,6027,243495,3293,124334,2191,109102,543,10059,4091,76174,1927,88416,4633,164590,California
Santa Barbara,2021-04-08,7424,250919,5051,129385,646,109748,1727,11786,3436,77351,3983,92399,5160,169750,California
Santa Barbara,2021-04-09,7342,258261,4886,134271,1094,110842,1362,13148,3311,77997,4022,96421,4668,174418,California
Santa Barbara,2021-04-10,6726,264987,4665,138936,1446,112288,615,13763,4583,81059,2134,98555,5196,179614,California
Santa Barbara,2021-04-11,2686,267673,1971,140907,412,112700,303,14066,1860,82397,820,99375,2158,181772,California
Santa Barbara,2021-04-12,4425,272098,2850,143757,1022,113722,553,14619,1919,82368,2499,101874,2470,184242,California
Santa Barbara,2021-04-13,6386,278484,4195,147952,2185,115907,6,14625,2663,81318,3718,105592,2668,186910,California
Santa Barbara,2021-04-14,6785,285269,4416,152368,2367,118274,2,14627,4236,83022,2538,108130,4242,191152,California
Santa Barbara,2021-04-15,6981,292250,4106,156474,2874,121148,1,14628,3782,83618,3188,111318,3784,194936,California
Santa Barbara,2021-04-16,6399,298649,3758,160232,2630,123778,11,14639,4402,86055,1981,113299,4418,199354,California
Santa Barbara,2021-04-17,5313,303962,3859,164091,1454,125232,0,14639,4094,88942,1207,114506,4094,203448,California
Santa Barbara,2021-04-18,2130,306092,1479,165570,651,125883,0,14639,370,87557,1756,116262,371,203819,California
Santa Barbara,2021-04-19,3232,309324,2226,167796,1000,126883,6,14645,1028,86393,2199,118461,1035,204854,California
Santa Barbara,2021-04-20,5873,315197,3951,171747,1921,128804,1,14646,1650,83834,4209,122670,1650,206504,California
Santa Barbara,2021-04-21,5479,320676,3635,175382,1844,130648,0,14646,1738,81844,3728,126398,1738,208242,California
Santa Barbara,2021-04-22,5092,325768,2555,177937,2536,133184,1,14647,1452,79675,3624,130022,1455,209697,California
Santa Barbara,2021-04-23,5585,331353,3877,181814,1708,134892,0,14647,1963,78029,3609,133631,1963,211660,California
Santa Barbara,2021-04-24,4430,335783,2877,184691,1548,136440,5,14652,1632,76888,2779,136410,1638,213298,California
Santa Barbara,2021-04-25,1838,337621,1186,185877,652,137092,0,14652,499,76057,1330,137740,499,213797,California
Santa Barbara,2021-04-26,3240,340861,1972,187849,1247,138339,21,14673,558,73961,2675,140415,579,214376,California
Santa Barbara,2021-04-27,3957,344818,2163,190012,1690,140029,104,14777,1164,72445,2783,143198,1267,215643,California
Santa Barbara,2021-04-28,4907,349725,2859,192871,1931,141960,117,14894,1396,70463,3498,146696,1516,217159,California
Santa Barbara,2021-04-29,5254,354979,3802,196673,1225,143185,227,15121,1438,68326,3800,150496,1663,218822,California
Santa Barbara,2021-04-30,4949,359928,3697,200370,1088,144273,164,15285,1411,66378,3522,154018,1574,220396,California
Santa Barbara,2021-05-01,5258,365186,4072,204442,1152,145425,34,15319,890,62949,4354,158372,925,221321,California
Santa Barbara,2021-05-02,1134,366320,667,205109,339,145764,128,15447,308,62559,826,159198,436,221757,California
Santa Barbara,2021-05-03,2203,368523,1476,206585,588,146352,139,15586,440,61380,1756,160954,577,222334,California
Santa Barbara,2021-05-04,3290,371813,1666,208251,1552,147904,72,15658,1144,60462,2133,163087,1215,223549,California
Santa Barbara,2021-05-05,5433,377246,3675,211926,1611,149515,147,15805,622,56435,4798,167885,771,224320,California
Santa Barbara,2021-05-06,5060,382306,3918,215844,1038,150553,104,15909,966,53427,4078,171963,1070,225390,California
Santa Barbara,2021-05-07,4663,386969,3652,219496,831,151384,180,16089,1000,50951,3653,175616,1177,226567,California
Santa Barbara,2021-05-08,4240,391209,3161,222657,981,152365,98,16187,889,48600,3338,178954,987,227554,California
Santa Barbara,2021-05-09,699,391908,110,222767,549,152914,40,16227,466,48875,232,179186,507,228061,California
Santa Barbara,2021-05-10,1318,393226,621,223388,614,153528,83,16310,363,48367,953,180139,445,228506,California
Santa Barbara,2021-05-11,1869,395095,784,224172,789,154317,296,16606,425,47649,1436,181575,718,229224,California
Santa Barbara,2021-05-12,1659,396754,737,224909,698,155015,224,16830,481,47184,1170,182745,705,229929,California
Santa Barbara,2021-05-13,3727,400481,2787,227696,745,155760,195,17025,1233,46129,2483,185228,1428,231357,California
Santa Barbara,2021-05-14,4139,404620,2521,230217,1524,157284,94,17119,1627,45350,2498,187726,1719,233076,California
Santa Barbara,2021-05-15,3505,408125,2564,232781,922,158206,19,17138,1841,45558,1653,189379,1861,234937,California
Santa Barbara,2021-05-16,1065,409190,467,233248,483,158689,115,17253,469,45550,592,189971,584,235521,California
Santa Barbara,2021-05-17,1632,410822,929,234177,640,159329,63,17316,863,45712,763,190734,925,236446,California
Santa Barbara,2021-05-18,1843,412665,1161,235338,586,159915,96,17412,973,45928,854,191588,1070,237516,California
Santa Barbara,2021-05-19,1752,414417,965,236303,747,160662,40,17452,812,45847,932,192520,851,238367,California
Santa Barbara,2021-05-20,1713,416130,938,237241,656,161318,119,17571,863,45990,838,193358,981,239348,California
Santa Barbara,2021-05-21,3463,419593,2342,239583,1067,162385,54,17625,1275,45146,2174,195532,1330,240678,California
Santa Barbara,2021-05-22,2468,422061,1709,241292,715,163100,44,17669,1394,45519,1066,196598,1439,242117,California
Santa Barbara,2021-05-23,747,422808,327,241619,392,163492,28,17697,409,45619,337,196935,437,242554,California
Santa Barbara,2021-05-24,998,423806,583,242202,352,163844,63,17760,481,45650,513,197448,544,243098,California
Santa Barbara,2021-05-25,1398,425204,568,242770,761,164605,69,17829,460,45247,932,198380,529,243627,California
Santa Barbara,2021-05-26,3006,428210,1708,244478,1178,165783,120,17949,834,44043,2157,200537,953,244580,California
Santa Barbara,2021-05-27,1952,430162,1210,245688,599,166382,143,18092,824,43890,1121,201658,968,245548,California
Santa Barbara,2021-05-28,1509,431671,704,246392,653,167035,152,18244,622,43781,884,202542,775,246323,California
Santa Barbara,2021-05-29,896,432567,315,246707,544,167579,37,18281,366,43657,527,203069,403,246726,California
Santa Barbara,2021-05-30,499,433066,179,246886,223,167802,97,18378,186,43628,311,203380,282,247008,California
Santa Barbara,2021-05-31,95,433161,43,246929,42,167844,10,18388,23,43589,71,203451,32,247040,California
Santa Barbara,2021-06-01,1128,434289,591,247520,479,168323,58,18446,461,43446,662,204113,519,247559,California
Santa Barbara,2021-06-02,980,435269,585,248105,312,168635,83,18529,433,43418,543,204656,515,248074,California
Santa Barbara,2021-06-03,2050,437319,1542,249647,452,169087,56,18585,614,42656,1431,206087,669,248743,California
Santa Barbara,2021-06-04,1447,438766,661,250308,646,169733,140,18725,483,42320,956,207043,620,249363,California
Santa Barbara,2021-06-05,2913,441679,2208,252516,653,170386,52,18777,497,40464,2404,209447,548,249911,California
Santa Barbara,2021-06-06,904,442583,476,252992,409,170795,19,18796,254,40090,647,210094,273,250184,California
Santa Barbara,2021-06-07,1155,443738,826,253818,281,171076,48,18844,302,39589,851,210945,350,250534,California
Santa Barbara,2021-06-08,1093,444831,704,254522,357,171433,32,18876,290,39112,798,211743,321,250855,California
Santa Barbara,2021-06-09,653,445484,404,254926,169,171602,80,18956,216,38974,434,212177,296,251151,California
Santa Barbara,2021-06-10,2017,447501,1788,256714,165,171767,64,19020,405,37833,1610,213787,469,251620,California
Santa Barbara,2021-06-11,818,448319,266,256980,456,172223,96,19116,235,37583,581,214368,331,251951,California
Santa Barbara,2021-06-12,354,448673,217,257197,126,172349,11,19127,64,37370,287,214655,74,252025,California
Santa Clara,2020-12-15,68,68,68,68,0,0,0,0,68,68,0,0,68,68,California
Santa Clara,2020-12-16,150,218,150,218,0,0,0,0,150,218,0,0,150,218,California
Santa Clara,2020-12-17,409,627,409,627,0,0,0,0,409,627,0,0,409,627,California
Santa Clara,2020-12-18,1761,2388,1761,2388,0,0,0,0,1761,2388,0,0,1761,2388,California
Santa Clara,2020-12-19,2085,4473,2085,4473,0,0,0,0,2084,4472,0,0,2084,4472,California
Santa Clara,2020-12-20,1899,6372,1898,6371,1,1,0,0,1896,6368,0,0,1896,6368,California
Santa Clara,2020-12-21,2672,9044,2672,9043,0,1,0,0,2670,9037,1,1,2670,9038,California
Santa Clara,2020-12-22,3114,12158,3107,12150,7,8,0,0,3110,12147,0,1,3110,12148,California
Santa Clara,2020-12-23,3275,15433,3082,15232,193,201,0,0,3274,15421,0,1,3274,15422,California
Santa Clara,2020-12-24,1895,17328,1704,16936,191,392,0,0,1888,17307,2,3,1888,17310,California
Santa Clara,2020-12-25,345,17673,344,17280,1,393,0,0,345,17652,0,3,345,17655,California
Santa Clara,2020-12-26,1258,18931,1023,18303,235,628,0,0,1257,18909,0,3,1257,18912,California
Santa Clara,2020-12-27,651,19582,508,18811,143,771,0,0,651,19560,0,3,651,19563,California
Santa Clara,2020-12-28,2352,21934,1735,20546,617,1388,0,0,2352,21912,0,3,2352,21915,California
Santa Clara,2020-12-29,2375,24309,1506,22052,869,2257,0,0,2374,24286,0,3,2374,24289,California
Santa Clara,2020-12-30,3001,27310,1898,23950,1103,3360,0,0,2999,27283,2,5,2999,27288,California
Santa Clara,2020-12-31,1229,28539,391,24341,838,4198,0,0,1228,28510,1,6,1228,28516,California
Santa Clara,2021-01-01,148,28687,12,24353,136,4334,0,0,147,28656,1,7,147,28663,California
Santa Clara,2021-01-02,1098,29785,822,25175,276,4610,0,0,1098,29754,0,7,1098,29761,California
Santa Clara,2021-01-03,585,30370,368,25543,217,4827,0,0,580,30331,3,10,580,30341,California
Santa Clara,2021-01-04,2486,32856,1677,27220,809,5636,0,0,2483,32814,0,10,2483,32824,California
Santa Clara,2021-01-05,3097,35953,2029,29249,1068,6704,0,0,2903,35530,193,203,2909,35733,California
Santa Clara,2021-01-06,3364,39317,1989,31238,1375,8079,0,0,2754,37681,605,808,2756,38489,California
Santa Clara,2021-01-07,4246,43563,2572,33810,1674,9753,0,0,3155,39761,1081,1889,3161,41650,California
Santa Clara,2021-01-08,5892,49455,3852,37662,2040,11793,0,0,3775,41427,2109,3998,3775,45425,California
Santa Clara,2021-01-09,3022,52477,1901,39563,1121,12914,0,0,1697,41805,1322,5320,1700,47125,California
Santa Clara,2021-01-10,1977,54454,1524,41087,453,13367,0,0,757,41343,1219,6539,757,47882,California
Santa Clara,2021-01-11,5988,60442,3781,44868,2207,15574,0,0,3392,42147,2593,9132,3397,51279,California
Santa Clara,2021-01-12,6890,67332,3489,48357,3401,18975,0,0,4565,44425,2311,11443,4589,55868,California
Santa Clara,2021-01-13,7459,74791,3107,51464,4352,23327,0,0,5236,47462,2220,13663,5257,61125,California
Santa Clara,2021-01-14,8343,83134,2894,54358,5449,28776,0,0,6534,52248,1804,15467,6590,67715,California
Santa Clara,2021-01-15,9499,92633,2686,57044,6813,35589,0,0,8173,59103,1323,16790,8178,75893,California
Santa Clara,2021-01-16,4331,96964,1237,58281,3094,38683,0,0,3490,61764,837,17627,3498,79391,California
Santa Clara,2021-01-17,3248,100212,613,58894,2635,41318,0,0,2743,64006,501,18128,2743,82134,California
Santa Clara,2021-01-18,5144,105356,1182,60076,3962,45280,0,0,4581,68025,563,18691,4582,86716,California
Santa Clara,2021-01-19,8536,113892,2699,62775,5837,51117,0,0,6840,73175,1693,20384,6843,93559,California
Santa Clara,2021-01-20,8154,122046,4156,66931,3998,55115,0,0,6595,78216,1554,21938,6595,100154,California
Santa Clara,2021-01-21,8772,130818,3807,70738,4965,60080,0,0,7556,84560,1214,23152,7558,107712,California
Santa Clara,2021-01-22,8686,139504,3254,73992,5432,65512,0,0,8107,92093,577,23729,8110,115822,California
Santa Clara,2021-01-23,3816,143320,1699,75691,2117,67629,0,0,2843,93964,973,24702,2844,118666,California
Santa Clara,2021-01-24,2854,146174,1426,77117,1428,69057,0,0,2364,95841,487,25189,2364,121030,California
Santa Clara,2021-01-25,8432,154606,3809,80926,4623,73680,0,0,6345,100109,2079,27268,6347,127377,California
Santa Clara,2021-01-26,8366,162972,3825,84751,4541,78221,0,0,6212,104181,2144,29412,6216,133593,California
Santa Clara,2021-01-27,8821,171793,3883,88634,4938,83159,0,0,6880,109145,1921,31333,6885,140478,California
Santa Clara,2021-01-28,9615,181408,3869,92503,5746,88905,0,0,7624,114804,1970,33303,7629,148107,California
Santa Clara,2021-01-29,9613,191021,3961,96464,5652,94557,0,0,7422,120048,2180,35483,7424,155531,California
Santa Clara,2021-01-30,4138,195159,2076,98540,2062,96619,0,0,2917,121753,1214,36697,2919,158450,California
Santa Clara,2021-01-31,2194,197353,1308,99848,886,97505,0,0,1595,122753,595,37292,1595,160045,California
Santa Clara,2021-02-01,7885,205238,3523,103371,4362,101867,0,0,6169,127216,1708,39000,6171,166216,California
Santa Clara,2021-02-02,8652,213890,2900,106271,5752,107619,0,0,6626,131826,2019,41019,6629,172845,California
Santa Clara,2021-02-03,9250,223140,3506,109777,5744,113363,0,0,6953,136496,2289,43308,6959,179804,California
Santa Clara,2021-02-04,11027,234167,4174,113951,6853,120216,0,0,8717,142916,2300,45608,8720,188524,California
Santa Clara,2021-02-05,11992,246159,4366,118317,7626,127842,0,0,8517,147973,3461,49069,8518,197042,California
Santa Clara,2021-02-06,5253,251412,2858,121175,2395,130237,0,0,4073,150871,1177,50246,4075,201117,California
Santa Clara,2021-02-07,3510,254922,2360,123535,1150,131387,0,0,3050,153463,459,50705,3051,204168,California
Santa Clara,2021-02-08,10093,265015,3533,127068,6560,137947,0,0,7366,158117,2713,53418,7367,211535,California
Santa Clara,2021-02-09,11223,276238,3841,130909,7382,145329,0,0,7710,162332,3499,56917,7714,219249,California
Santa Clara,2021-02-10,12720,288958,4962,135871,7758,153087,0,0,6868,163362,5841,62758,6871,226120,California
Santa Clara,2021-02-11,13656,302614,4788,140659,8868,161955,0,0,7763,165248,5878,68636,7764,233884,California
Santa Clara,2021-02-12,14643,317257,4503,145162,10140,172095,0,0,7024,164676,7598,76234,7026,240910,California
Santa Clara,2021-02-13,6123,323380,1475,146637,4648,176743,0,0,2239,163040,3877,80111,2241,243151,California
Santa Clara,2021-02-14,4638,328018,1154,147791,3484,180227,0,0,1483,161372,3153,83264,1485,244636,California
Santa Clara,2021-02-15,6300,334318,2802,150593,3498,183725,0,0,2721,160520,3573,86837,2721,247357,California
Santa Clara,2021-02-16,13876,348194,4055,154648,9821,193546,0,0,6961,160582,6900,93737,6962,254319,California
Santa Clara,2021-02-17,14141,362335,5533,160181,8608,202154,0,0,7061,160585,7063,100800,7066,261385,California
Santa Clara,2021-02-18,14354,376689,8477,168658,5877,208031,0,0,7311,160898,7002,107802,7315,268700,California
Santa Clara,2021-02-19,14996,391685,9618,178276,5378,213409,0,0,8739,163402,6240,114042,8744,277444,California
Santa Clara,2021-02-20,6971,398656,5208,183484,1763,215172,0,0,3760,163961,3201,117243,3760,281204,California
Santa Clara,2021-02-21,3405,402061,2522,186006,883,216055,0,0,1261,163088,2136,119379,1263,282467,California
Santa Clara,2021-02-22,10376,412437,6206,192212,4170,220225,0,0,4830,162385,5534,124913,4831,287298,California
Santa Clara,2021-02-23,12090,424527,7825,200037,4265,224490,0,0,6838,163990,5238,130151,6843,294141,California
Santa Clara,2021-02-24,14336,438863,9254,209291,5082,229572,0,0,8863,167397,5456,135607,8863,303004,California
Santa Clara,2021-02-25,15137,454000,9665,218956,5472,235044,0,0,8251,168793,6861,142468,8257,311261,California
Santa Clara,2021-02-26,15057,469057,8729,227685,6328,241372,0,0,8219,170202,6813,149281,8222,319483,California
Santa Clara,2021-02-27,8274,477331,5749,233434,2524,243896,1,1,4646,171239,3617,152898,4654,324137,California
Santa Clara,2021-02-28,5404,482735,3691,237125,1713,245609,0,1,2680,171206,2714,155612,2681,326818,California
Santa Clara,2021-03-01,14607,497342,8407,245532,6195,251804,5,6,9064,174752,5523,161135,9069,335887,California
Santa Clara,2021-03-02,16178,513520,9580,255112,6597,258401,1,7,10316,179233,5837,166972,10318,346205,California
Santa Clara,2021-03-03,18610,532130,9167,264279,9439,267840,4,11,11540,183749,7032,174004,11548,357753,California
Santa Clara,2021-03-04,16631,548761,9071,273350,7557,275397,3,14,9669,186543,6880,180884,9674,367427,California
Santa Clara,2021-03-05,16680,565441,9286,282636,7268,282665,126,140,9270,188556,7388,188272,9401,376828,California
Santa Clara,2021-03-06,9506,574947,6348,288984,2706,285371,452,592,7123,193759,2371,190643,7574,384402,California
Santa Clara,2021-03-07,6866,581813,4489,293473,2133,287504,244,836,5461,198067,1396,192039,5704,390106,California
Santa Clara,2021-03-08,12987,594800,6765,300238,5645,293149,577,1413,8337,202348,4632,196671,8913,399019,California
Santa Clara,2021-03-09,15283,610083,6547,306785,7399,300548,1337,2750,6841,202097,8422,205093,8171,407190,California
Santa Clara,2021-03-10,15199,625282,6631,313416,6445,306993,2123,4873,6239,201501,8932,214025,8336,415526,California
Santa Clara,2021-03-11,17151,642433,7802,321218,7837,314830,1512,6385,6071,198016,11051,225076,7566,423092,California
Santa Clara,2021-03-12,17822,660255,9149,330367,7095,321925,1578,7963,5984,193760,11795,236871,7539,430631,California
Santa Clara,2021-03-13,10804,671059,6264,336631,3043,324968,1497,9460,4777,194008,6003,242874,6251,436882,California
Santa Clara,2021-03-14,6555,677614,3390,340021,1852,326820,1313,10773,3172,195115,3366,246240,4473,441355,California
Santa Clara,2021-03-15,12881,690495,6586,346607,6021,332841,274,11047,5983,194498,6873,253113,6256,447611,California
Santa Clara,2021-03-16,18295,708790,10355,356962,7732,340573,208,11255,8839,194115,9428,262541,9045,456656,California
Santa Clara,2021-03-17,20022,728812,11329,368291,8525,349098,168,11423,10299,194904,9672,272213,10461,467117,California
Santa Clara,2021-03-18,19210,748022,8989,377280,9045,358143,1176,12599,8978,194875,10176,282389,10147,477264,California
Santa Clara,2021-03-19,19428,767450,9985,387265,8435,366578,1008,13607,9889,196282,9479,291868,10886,488150,California
Santa Clara,2021-03-20,11508,778958,6353,393618,4321,370899,834,14441,6677,198989,4801,296669,7508,495658,California
Santa Clara,2021-03-21,8358,787316,3787,397405,3164,374063,1407,15848,5332,202701,3012,299681,6724,502382,California
Santa Clara,2021-03-22,16422,803738,9178,406583,6889,380952,355,16203,9017,204691,7378,307059,9368,511750,California
Santa Clara,2021-03-23,19321,823059,12285,418868,6510,387462,526,16729,11107,208155,8165,315224,11629,523379,California
Santa Clara,2021-03-24,22706,845765,14632,433500,7657,395119,417,17146,14643,215196,8021,323245,15062,538441,California
Santa Clara,2021-03-25,23025,868790,13214,446714,8846,403965,965,18111,14778,222740,8182,331427,15726,554167,California
Santa Clara,2021-03-26,22044,890834,14030,460744,7624,411589,390,18501,13516,228148,8490,339917,13898,568065,California
Santa Clara,2021-03-27,15767,906601,10479,471223,4516,416105,772,19273,8428,230049,7294,347211,9195,577260,California
Santa Clara,2021-03-28,12122,918723,8401,479624,3004,419109,717,19990,6502,231670,5593,352804,7214,584474,California
Santa Clara,2021-03-29,20683,939406,12682,492306,7272,426381,729,20719,11157,234064,9484,362288,11878,596352,California
Santa Clara,2021-03-30,25766,965172,15314,507620,8497,434878,1955,22674,16198,242680,9526,371814,18142,614494,California
Santa Clara,2021-03-31,20592,985764,11970,519590,7488,442366,1134,23808,12641,248531,7907,379721,13758,628252,California
Santa Clara,2021-04-01,31952,1017716,19922,539512,8954,451320,3076,26884,20161,260014,11722,391443,23205,651457,California
Santa Clara,2021-04-02,25318,1043034,14449,553961,8725,460045,2144,29028,16560,269988,8713,400156,18687,670144,California
Santa Clara,2021-04-03,15345,1058379,9307,563268,3537,463582,2501,31529,8548,274246,6775,406931,11033,681177,California
Santa Clara,2021-04-04,7688,1066067,4068,567336,2447,466029,1173,32702,3991,275718,3686,410617,5158,686335,California
Santa Clara,2021-04-05,21988,1088055,14645,581981,4853,470882,2490,35192,14359,284952,7602,418219,16836,703171,California
Santa Clara,2021-04-06,29682,1117737,16368,598349,7823,478705,5491,40683,17844,296474,11787,430006,23309,726480,California
Santa Clara,2021-04-07,31042,1148779,16001,614350,8508,487213,6533,47216,18953,309889,12031,442037,25446,751926,California
Santa Clara,2021-04-08,30121,1178900,16462,630812,6011,493224,7648,54864,16422,320287,13626,455663,24024,775950,California
Santa Clara,2021-04-09,28200,1207100,13956,644768,6929,500153,7315,62179,14404,328234,13728,469391,21675,797625,California
Santa Clara,2021-04-10,21561,1228661,12470,657238,3764,503917,5327,67506,11535,335054,9992,479383,16812,814437,California
Santa Clara,2021-04-11,16077,1244738,9642,666880,2678,506595,3757,71263,8350,339443,7693,487076,12082,826519,California
Santa Clara,2021-04-12,27126,1271864,19064,685944,5592,512187,2470,73733,18486,351803,8580,495656,20940,847459,California
Santa Clara,2021-04-13,34511,1306375,27124,713068,7356,519543,31,73764,26591,370601,7844,503500,26642,874101,California
Santa Clara,2021-04-14,36988,1343363,28001,741069,8983,528526,4,73768,26293,386302,10630,514130,26331,900432,California
Santa Clara,2021-04-15,44312,1387675,34327,775396,9980,538506,5,73773,34173,410477,10031,524161,34206,934638,California
Santa Clara,2021-04-16,38562,1426237,26377,801773,12182,550688,3,73776,27639,427281,10860,535021,27664,962302,California
Santa Clara,2021-04-17,22017,1448254,15032,816805,6983,557671,2,73778,15126,435587,6838,541859,15144,977446,California
Santa Clara,2021-04-18,16438,1464692,10696,827501,5742,563413,0,73778,10256,439701,6154,548013,10268,987714,California
Santa Clara,2021-04-19,28853,1493545,20874,848375,7978,571391,1,73779,17266,445479,11519,559532,17297,1005011,California
Santa Clara,2021-04-20,36970,1530515,22480,870855,14489,585880,1,73780,22566,453780,14297,573829,22598,1027609,California
Santa Clara,2021-04-21,36853,1567368,21376,892231,15475,601355,2,73782,24362,465772,12403,586232,24395,1052004,California
Santa Clara,2021-04-22,37276,1604644,24847,917078,12428,613783,1,73783,17605,463868,19576,605808,17672,1069676,California
Santa Clara,2021-04-23,32113,1636757,19520,936598,12592,626375,1,73784,15058,462025,16954,622762,15111,1084787,California
Santa Clara,2021-04-24,21154,1657911,15486,952084,5667,632042,1,73785,11979,464935,9100,631862,12010,1096797,California
Santa Clara,2021-04-25,13629,1671540,9870,961954,3753,635795,6,73791,8687,468754,4899,636761,8718,1105515,California
Santa Clara,2021-04-26,24980,1696520,19256,981210,5666,641461,58,73849,10365,464684,14517,651278,10447,1115962,California
Santa Clara,2021-04-27,27542,1724062,19573,1000783,7587,649048,382,74231,12004,461666,15446,666724,12428,1128390,California
Santa Clara,2021-04-28,26001,1750063,19267,1020050,6296,655344,438,74669,11035,458313,14884,681608,11531,1139921,California
Santa Clara,2021-04-29,23918,1773981,17500,1037550,6020,661364,398,75067,8969,452869,14876,696484,9432,1149353,California
Santa Clara,2021-04-30,23025,1797006,15759,1053309,6901,668265,365,75432,9761,449890,13178,709662,10199,1159552,California
Santa Clara,2021-05-01,17481,1814487,14531,1067840,2690,670955,260,75692,5463,443686,11969,721631,5765,1165317,California
Santa Clara,2021-05-02,11302,1825789,9380,1077220,1690,672645,232,75924,3483,439645,7777,729408,3736,1169053,California
Santa Clara,2021-05-03,22842,1848631,19394,1096614,3016,675661,432,76356,5130,427605,17637,747045,5597,1174650,California
Santa Clara,2021-05-04,30522,1879153,23864,1120478,6113,681774,545,76901,5462,408690,24961,772006,6046,1180696,California
Santa Clara,2021-05-05,32122,1911275,24371,1144849,7204,688978,547,77448,5416,388066,26611,798617,5987,1186683,California
Santa Clara,2021-05-06,35411,1946686,29514,1174363,5422,694400,475,77923,4673,362627,30607,829224,5168,1191851,California
Santa Clara,2021-05-07,32544,1979230,26172,1200535,5880,700280,492,78415,4641,340028,27772,856996,5173,1197024,California
Santa Clara,2021-05-08,16475,1995705,13405,1213940,2648,702928,422,78837,3484,331046,12905,869901,3923,1200947,California
Santa Clara,2021-05-09,10481,2006186,9116,1223056,1178,704106,187,79024,2460,325723,7983,877884,2660,1203607,California
Santa Clara,2021-05-10,20811,2026997,16673,1239729,3735,707841,403,79427,2737,310889,17995,895879,3161,1206768,California
Santa Clara,2021-05-11,22147,2049144,16610,1256339,5093,712934,444,79871,4005,297295,18051,913930,4457,1211225,California
Santa Clara,2021-05-12,21017,2070161,15373,1271712,5132,718066,512,80383,4523,285943,16403,930333,5051,1216276,California
Santa Clara,2021-05-13,28026,2098187,22714,1294426,5011,723077,301,80684,11234,280773,16710,947043,11540,1227816,California
Santa Clara,2021-05-14,27598,2125785,19240,1313666,7972,731049,386,81070,9667,272999,17838,964881,10064,1237880,California
Santa Clara,2021-05-15,20757,2146542,16644,1330310,3832,734881,281,81351,8082,268776,12592,977473,8369,1246249,California
Santa Clara,2021-05-16,16040,2162582,13045,1343355,2818,737699,177,81528,5231,263458,10729,988202,5411,1251660,California
Santa Clara,2021-05-17,20165,2182747,15852,1359207,3948,741647,365,81893,6882,257494,13212,1001414,7248,1258908,California
Santa Clara,2021-05-18,26056,2208803,16611,1375818,9030,750677,415,82308,7295,246580,18625,1020039,7711,1266619,California
Santa Clara,2021-05-19,24564,2233367,14346,1390164,9796,760473,422,82730,7485,237525,16970,1037009,7915,1274534,California
Santa Clara,2021-05-20,18332,2251699,12028,1402192,5854,766327,450,83180,6168,232061,12078,1049087,6614,1281148,California
Santa Clara,2021-05-21,22286,2273985,14811,1417003,6981,773308,494,83674,7657,225703,14524,1063611,8166,1289314,California
Santa Clara,2021-05-22,12811,2286796,9700,1426703,2763,776071,348,84022,5585,224481,7159,1070770,5937,1295251,California
Santa Clara,2021-05-23,8144,2294940,6023,1432726,1920,777991,201,84223,3269,223124,4829,1075599,3472,1298723,California
Santa Clara,2021-05-24,10275,2305215,7279,1440005,2546,780537,450,84673,3548,220455,6667,1082266,3998,1302721,California
Santa Clara,2021-05-25,11432,2316647,7918,1447923,3095,783632,419,85092,4453,218420,6905,1089171,4870,1307591,California
Santa Clara,2021-05-26,10358,2327005,6724,1454647,3301,786933,333,85425,3991,216474,6266,1095437,4320,1311911,California
Santa Clara,2021-05-27,9353,2336358,5995,1460642,2885,789818,473,85898,3587,214827,5700,1101137,4053,1315964,California
Santa Clara,2021-05-28,10687,2347045,6908,1467550,3356,793174,423,86321,4340,213306,6285,1107422,4764,1320728,California
Santa Clara,2021-05-29,6292,2353337,4301,1471851,1710,794884,281,86602,2887,213104,3366,1110788,3164,1323892,California
Santa Clara,2021-05-30,3794,2357131,2846,1474697,738,795622,210,86812,1825,213195,1943,1112731,2034,1325926,California
Santa Clara,2021-05-31,1095,2358226,631,1475328,355,795977,109,86921,444,213103,645,1113376,553,1326479,California
Santa Clara,2021-06-01,9036,2367262,6370,1481698,2286,798263,380,87301,3278,211072,5688,1119064,3657,1330136,California
Santa Clara,2021-06-02,7628,2374890,5499,1487197,1777,800040,352,87653,2958,209756,4617,1123681,3301,1333437,California
Santa Clara,2021-06-03,12216,2387106,10129,1497326,1720,801760,367,88020,2788,203540,9374,1133055,3158,1336595,California
Santa Clara,2021-06-04,13552,2400658,11374,1508700,1856,803616,322,88342,3397,197158,10094,1143149,3712,1340307,California
Santa Clara,2021-06-05,10119,2410777,8669,1517369,1192,804808,258,88600,2239,191823,7830,1150979,2495,1342802,California
Santa Clara,2021-06-06,6213,2416990,5468,1522837,593,805401,152,88752,1394,188603,4766,1155745,1546,1344348,California
Santa Clara,2021-06-07,9682,2426672,8139,1530976,1292,806693,251,89003,2385,183975,7260,1163005,2632,1346980,California
Santa Clara,2021-06-08,8758,2435430,7123,1538099,1365,808058,270,89273,2448,180435,6254,1169259,2714,1349694,California
Santa Clara,2021-06-09,8060,2443490,6876,1544975,980,809038,204,89477,1909,176446,6098,1175357,2109,1351803,California
Santa Clara,2021-06-10,6863,2450353,5818,1550793,768,809806,277,89754,1913,173724,4912,1180269,2190,1353993,California
Santa Clara,2021-06-11,7210,2457563,6200,1556993,795,810601,215,89969,1661,170083,5519,1185788,1878,1355871,California
Santa Clara,2021-06-12,4354,2461917,3644,1560637,597,811198,113,90082,907,167675,3426,1189214,1018,1356889,California
Santa Cruz,2020-12-15,2,2,2,2,0,0,0,0,2,2,0,0,2,2,California
Santa Cruz,2020-12-16,55,57,55,57,0,0,0,0,55,57,0,0,55,57,California
Santa Cruz,2020-12-17,383,440,383,440,0,0,0,0,383,440,0,0,383,440,California
Santa Cruz,2020-12-18,448,888,448,888,0,0,0,0,448,888,0,0,448,888,California
Santa Cruz,2020-12-19,170,1058,169,1057,1,1,0,0,170,1058,0,0,170,1058,California
Santa Cruz,2020-12-20,90,1148,90,1147,0,1,0,0,90,1148,0,0,90,1148,California
Santa Cruz,2020-12-21,428,1576,427,1574,1,2,0,0,428,1576,0,0,428,1576,California
Santa Cruz,2020-12-22,409,1985,408,1982,1,3,0,0,409,1985,0,0,409,1985,California
Santa Cruz,2020-12-23,349,2334,311,2293,38,41,0,0,349,2334,0,0,349,2334,California
Santa Cruz,2020-12-24,120,2454,46,2339,74,115,0,0,120,2454,0,0,120,2454,California
Santa Cruz,2020-12-25,8,2462,8,2347,0,115,0,0,8,2462,0,0,8,2462,California
Santa Cruz,2020-12-26,59,2521,42,2389,17,132,0,0,59,2521,0,0,59,2521,California
Santa Cruz,2020-12-27,31,2552,26,2415,5,137,0,0,31,2552,0,0,31,2552,California
Santa Cruz,2020-12-28,466,3018,103,2518,363,500,0,0,466,3018,0,0,466,3018,California
Santa Cruz,2020-12-29,776,3794,362,2880,414,914,0,0,776,3794,0,0,776,3794,California
Santa Cruz,2020-12-30,337,4131,156,3036,181,1095,0,0,337,4131,0,0,337,4131,California
Santa Cruz,2020-12-31,308,4439,10,3046,298,1393,0,0,308,4439,0,0,308,4439,California
Santa Cruz,2021-01-01,33,4472,1,3047,32,1425,0,0,33,4472,0,0,33,4472,California
Santa Cruz,2021-01-02,63,4535,50,3097,13,1438,0,0,63,4535,0,0,63,4535,California
Santa Cruz,2021-01-03,14,4549,6,3103,8,1446,0,0,14,4549,0,0,14,4549,California
Santa Cruz,2021-01-04,271,4820,120,3223,151,1597,0,0,269,4818,0,0,269,4818,California
Santa Cruz,2021-01-05,551,5371,423,3646,128,1725,0,0,253,4773,298,298,253,5071,California
Santa Cruz,2021-01-06,782,6153,653,4299,129,1854,0,0,454,4900,327,625,454,5525,California
Santa Cruz,2021-01-07,519,6672,204,4503,315,2169,0,0,368,5118,151,776,369,5894,California
Santa Cruz,2021-01-08,903,7575,545,5048,358,2527,0,0,471,5158,432,1208,472,6366,California
Santa Cruz,2021-01-09,453,8028,120,5168,333,2860,0,0,400,5505,53,1261,400,6766,California
Santa Cruz,2021-01-10,70,8098,61,5229,9,2869,0,0,19,5473,51,1312,19,6785,California
Santa Cruz,2021-01-11,702,8800,573,5802,129,2998,0,0,182,5136,520,1832,183,6968,California
Santa Cruz,2021-01-12,708,9508,517,6319,191,3189,0,0,467,5362,241,2073,467,7435,California
Santa Cruz,2021-01-13,493,10001,223,6542,270,3459,0,0,414,5700,76,2149,414,7849,California
Santa Cruz,2021-01-14,521,10522,99,6641,422,3881,0,0,459,6099,62,2211,461,8310,California
Santa Cruz,2021-01-15,1411,11933,69,6710,1342,5223,0,0,1352,7394,59,2270,1354,9664,California
Santa Cruz,2021-01-16,410,12343,48,6758,362,5585,0,0,393,7771,17,2287,394,10058,California
Santa Cruz,2021-01-17,291,12634,40,6798,251,5836,0,0,267,8014,24,2311,267,10325,California
Santa Cruz,2021-01-18,975,13609,95,6893,880,6716,0,0,918,8875,57,2368,918,11243,California
Santa Cruz,2021-01-19,1591,15200,511,7404,1080,7796,0,0,1249,9785,340,2708,1250,12493,California
Santa Cruz,2021-01-20,1216,16416,169,7573,1047,8843,0,0,1024,10620,189,2897,1024,13517,California
Santa Cruz,2021-01-21,1657,18073,192,7765,1465,10308,0,0,1554,12073,103,3000,1556,15073,California
Santa Cruz,2021-01-22,1744,19817,509,8274,1235,11543,0,0,1642,13617,99,3099,1643,16716,California
Santa Cruz,2021-01-23,385,20202,137,8411,248,11791,0,0,331,13895,53,3152,331,17047,California
Santa Cruz,2021-01-24,107,20309,16,8427,91,11882,0,0,90,13968,17,3169,90,17137,California
Santa Cruz,2021-01-25,1016,21325,353,8780,663,12545,0,0,523,13998,493,3662,523,17660,California
Santa Cruz,2021-01-26,1634,22959,237,9017,1397,13942,0,0,1139,14642,495,4157,1139,18799,California
Santa Cruz,2021-01-27,1611,24570,435,9452,1176,15118,0,0,1233,15500,376,4533,1234,20033,California
Santa Cruz,2021-01-28,1705,26275,277,9729,1428,16546,0,0,1436,16668,269,4802,1437,21470,California
Santa Cruz,2021-01-29,1700,27975,479,10208,1221,17767,0,0,1573,18115,126,4928,1573,23043,California
Santa Cruz,2021-01-30,1051,29026,308,10516,743,18510,0,0,919,18902,132,5060,919,23962,California
Santa Cruz,2021-01-31,212,29238,108,10624,104,18614,0,0,198,19086,14,5074,198,24160,California
Santa Cruz,2021-02-01,1197,30435,736,11360,461,19075,0,0,807,19503,390,5464,807,24967,California
Santa Cruz,2021-02-02,951,31386,116,11476,835,19910,0,0,805,20164,144,5608,805,25772,California
Santa Cruz,2021-02-03,2156,33542,920,12396,1236,21146,0,0,1853,21717,300,5908,1853,27625,California
Santa Cruz,2021-02-04,1775,35317,738,13134,1037,22183,0,0,1447,22837,327,6235,1447,29072,California
Santa Cruz,2021-02-05,3062,38379,739,13873,2323,24506,0,0,2760,25296,301,6536,2760,31832,California
Santa Cruz,2021-02-06,2519,40898,144,14017,2375,26881,0,0,2181,27139,338,6874,2181,34013,California
Santa Cruz,2021-02-07,886,41784,119,14136,767,27648,0,0,869,27991,17,6891,869,34882,California
Santa Cruz,2021-02-08,672,42456,191,14327,481,28129,0,0,484,28288,187,7078,484,35366,California
Santa Cruz,2021-02-09,2299,44755,1030,15357,1269,29398,0,0,2045,30079,254,7332,2045,37411,California
Santa Cruz,2021-02-10,2095,46850,544,15901,1551,30949,0,0,1427,30850,657,7989,1428,38839,California
Santa Cruz,2021-02-11,1764,48614,292,16193,1472,32421,0,0,1278,31644,484,8473,1278,40117,California
Santa Cruz,2021-02-12,3092,51706,402,16595,2690,35111,0,0,1726,32015,1357,9830,1728,41845,California
Santa Cruz,2021-02-13,1648,53354,117,16712,1531,36642,0,0,1251,32869,397,10227,1251,43096,California
Santa Cruz,2021-02-14,1368,54722,67,16779,1301,37943,0,0,1110,33721,258,10485,1110,44206,California
Santa Cruz,2021-02-15,1526,56248,271,17050,1255,39198,0,0,535,33266,991,11476,536,44742,California
Santa Cruz,2021-02-16,1635,57883,195,17245,1440,40638,0,0,499,32651,1114,12590,499,45241,California
Santa Cruz,2021-02-17,2821,60704,941,18186,1880,42518,0,0,1152,32150,1656,14246,1155,46396,California
Santa Cruz,2021-02-18,2782,63486,604,18790,2178,44696,0,0,1191,31754,1587,15833,1191,47587,California
Santa Cruz,2021-02-19,3151,66637,1094,19884,2057,46753,0,0,1936,32478,1212,17045,1936,49523,California
Santa Cruz,2021-02-20,2297,68934,1436,21320,861,47614,0,0,1806,33793,491,17536,1806,51329,California
Santa Cruz,2021-02-21,811,69745,350,21670,461,48075,0,0,684,34352,125,17661,684,52013,California
Santa Cruz,2021-02-22,1172,70917,904,22574,268,48343,0,0,500,34182,670,18331,500,52513,California
Santa Cruz,2021-02-23,2022,72939,900,23474,1122,49465,0,0,678,33517,1343,19674,678,53191,California
Santa Cruz,2021-02-24,3083,76022,1609,25083,1474,50939,0,0,1167,32773,1911,21585,1167,54358,California
Santa Cruz,2021-02-25,3116,79138,1359,26442,1757,52696,0,0,1720,33106,1388,22973,1721,56079,California
Santa Cruz,2021-02-26,2649,81787,722,27164,1927,54623,0,0,1510,33483,1134,24107,1511,57590,California
Santa Cruz,2021-02-27,2582,84369,903,28067,1679,56302,0,0,1805,34513,775,24882,1805,59395,California
Santa Cruz,2021-02-28,1258,85627,351,28418,907,57209,0,0,1057,35372,198,25080,1057,60452,California
Santa Cruz,2021-03-01,1843,87470,1210,29628,633,57842,0,0,677,34885,1164,26244,677,61129,California
Santa Cruz,2021-03-02,1453,88923,338,29966,1115,58957,0,0,816,35068,636,26880,819,61948,California
Santa Cruz,2021-03-03,2257,91180,594,30560,1663,60620,0,0,1227,35268,1027,27907,1227,63175,California
Santa Cruz,2021-03-04,2855,94035,1363,31923,1491,62111,1,1,1918,36262,926,28833,1920,65095,California
Santa Cruz,2021-03-05,2554,96589,457,32380,2080,64191,17,18,1104,35936,1447,30280,1121,66216,California
Santa Cruz,2021-03-06,3680,100269,1229,33609,2352,66543,99,117,2020,36394,1660,31940,2118,68334,California
Santa Cruz,2021-03-07,1316,101585,117,33726,1130,67673,69,186,543,36234,772,32712,612,68946,California
Santa Cruz,2021-03-08,1050,102635,208,33934,714,68387,128,314,635,36580,415,33127,761,69707,California
Santa Cruz,2021-03-09,1697,104332,241,34175,1311,69698,145,459,667,36365,1027,34154,812,70519,California
Santa Cruz,2021-03-10,3746,108078,2050,36225,1555,71253,141,600,1955,36674,1789,35943,2098,72617,California
Santa Cruz,2021-03-11,2730,110808,1192,37417,1370,72623,168,768,1517,37149,1212,37155,1687,74304,California
Santa Cruz,2021-03-12,2640,113448,847,38264,1516,74139,277,1045,890,36569,1746,38901,1166,75470,California
Santa Cruz,2021-03-13,2202,115650,1271,39535,894,75033,37,1082,1132,36673,1067,39968,1171,76641,California
Santa Cruz,2021-03-14,861,116511,187,39722,661,75694,13,1095,415,36656,444,40412,427,77068,California
Santa Cruz,2021-03-15,1259,117770,445,40167,781,76475,33,1128,541,36517,714,41126,575,77643,California
Santa Cruz,2021-03-16,2211,119981,1047,41214,1123,77598,41,1169,1277,36905,929,42055,1317,78960,California
Santa Cruz,2021-03-17,3787,123768,2245,43459,1532,79130,10,1179,2491,38119,1291,43346,2505,81465,California
Santa Cruz,2021-03-18,3715,127483,1992,45451,1607,80737,116,1295,1977,38477,1735,45081,2093,83558,California
Santa Cruz,2021-03-19,3245,130728,1264,46715,1768,82505,213,1508,1688,38825,1552,46633,1900,85458,California
Santa Cruz,2021-03-20,2116,132844,1588,48303,492,82997,36,1544,1054,38854,1061,47694,1090,86548,California
Santa Cruz,2021-03-21,795,133639,421,48724,251,83248,123,1667,416,39017,377,48071,540,87088,California
Santa Cruz,2021-03-22,1279,134918,787,49511,470,83718,22,1689,895,39554,381,48452,918,88006,California
Santa Cruz,2021-03-23,2446,137364,1359,50870,1038,84756,49,1738,1625,40408,820,49272,1674,89680,California
Santa Cruz,2021-03-24,2952,140316,2002,52872,929,85685,21,1759,1948,41378,998,50270,1968,91648,California
Santa Cruz,2021-03-25,2528,142844,1272,54144,1224,86909,32,1791,1279,41444,1245,51515,1311,92959,California
Santa Cruz,2021-03-26,2988,145832,1731,55875,1231,88140,26,1817,2044,42576,937,52452,2069,95028,California
Santa Cruz,2021-03-27,3049,148881,1884,57759,1140,89280,25,1842,1433,42429,1606,54058,1459,96487,California
Santa Cruz,2021-03-28,887,149768,541,58300,332,89612,14,1856,459,42478,424,54482,473,96960,California
Santa Cruz,2021-03-29,1904,151672,828,59128,1009,90621,67,1923,1205,43054,696,55178,1272,98232,California
Santa Cruz,2021-03-30,2570,154242,772,59900,1647,92268,151,2074,1649,43934,919,56097,1799,100031,California
Santa Cruz,2021-03-31,4026,158268,2739,62639,1243,93511,44,2118,2108,44171,1915,58012,2152,102183,California
Santa Cruz,2021-04-01,3862,162130,2077,64716,1679,95190,106,2224,1953,44329,1902,59914,2060,104243,California
Santa Cruz,2021-04-02,3167,165297,1349,66065,1647,96837,171,2395,1788,44912,1376,61290,1959,106202,California
Santa Cruz,2021-04-03,2166,167463,1191,67256,856,97693,119,2514,846,44558,1318,62608,964,107166,California
Santa Cruz,2021-04-04,899,168362,468,67724,377,98070,54,2568,526,44765,373,62981,580,107746,California
Santa Cruz,2021-04-05,2183,170545,733,68457,1289,99359,161,2729,1351,45447,831,63812,1513,109259,California
Santa Cruz,2021-04-06,3262,173807,1586,70043,1309,100668,367,3096,1897,46350,1355,65167,2258,111517,California
Santa Cruz,2021-04-07,3981,177788,1564,71607,2077,102745,340,3436,1713,46137,2265,67432,2052,113569,California
Santa Cruz,2021-04-08,4091,181879,2229,73836,1374,104119,488,3924,2406,47353,1676,69108,2892,116461,California
Santa Cruz,2021-04-09,3604,185483,1446,75282,1773,105892,385,4309,2027,48196,1570,70678,2413,118874,California
Santa Cruz,2021-04-10,2149,187632,1014,76296,905,106797,230,4539,1004,48288,1141,71819,1233,120107,California
Santa Cruz,2021-04-11,931,188563,473,76769,369,107166,89,4628,432,48310,499,72318,521,120628,California
Santa Cruz,2021-04-12,2214,190777,769,77538,1041,108207,404,5032,1069,48652,1131,73449,1473,122101,California
Santa Cruz,2021-04-13,2813,193590,1393,78931,1419,109626,1,5033,1602,49053,1202,74651,1603,123704,California
Santa Cruz,2021-04-14,4488,198078,2135,81066,2353,111979,0,5033,2224,49033,2254,76905,2234,125938,California
Santa Cruz,2021-04-15,4874,202952,3084,84150,1790,113769,0,5033,3103,50377,1759,78664,3103,129041,California
Santa Cruz,2021-04-16,4304,207256,2344,86494,1958,115727,2,5035,2345,50775,1951,80615,2349,131390,California
Santa Cruz,2021-04-17,2149,209405,845,87339,1304,117031,0,5035,1426,51480,721,81336,1426,132816,California
Santa Cruz,2021-04-18,1016,210421,482,87821,533,117564,1,5036,573,51613,441,81777,574,133390,California
Santa Cruz,2021-04-19,2451,212872,1452,89273,998,118562,1,5037,1562,52289,886,82663,1562,134952,California
Santa Cruz,2021-04-20,3010,215882,1582,90855,1428,119990,0,5037,1747,52783,1254,83917,1748,136700,California
Santa Cruz,2021-04-21,4047,219929,2704,93559,1343,121333,0,5037,2183,53121,1846,85763,2184,138884,California
Santa Cruz,2021-04-22,4134,224063,2794,96353,1340,122673,0,5037,2329,53654,1796,87559,2329,141213,California
Santa Cruz,2021-04-23,3062,227125,1645,97998,1416,124089,1,5038,1329,53260,1723,89282,1329,142542,California
Santa Cruz,2021-04-24,2158,229283,1043,99041,1112,125201,3,5041,673,52461,1475,90757,676,143218,California
Santa Cruz,2021-04-25,1045,230328,665,99706,368,125569,12,5053,425,52285,612,91369,436,143654,California
Santa Cruz,2021-04-26,2022,232350,975,100681,1033,126602,14,5067,848,51984,1164,92533,863,144517,California
Santa Cruz,2021-04-27,2871,235221,916,101597,1874,128476,81,5148,1436,52073,1427,93960,1516,146033,California
Santa Cruz,2021-04-28,3317,238538,1836,103433,1407,129883,74,5222,1748,52334,1558,95518,1819,147852,California
Santa Cruz,2021-04-29,3627,242165,2409,105842,1157,131040,61,5283,1276,51331,2341,97859,1338,149190,California
Santa Cruz,2021-04-30,2293,244458,1156,106998,1094,132134,43,5326,974,51037,1312,99171,1018,150208,California
Santa Cruz,2021-05-01,1224,245682,968,107966,224,132358,32,5358,587,51022,634,99805,619,150827,California
Santa Cruz,2021-05-02,586,246268,410,108376,151,132509,25,5383,203,50868,383,100188,229,151056,California
Santa Cruz,2021-05-03,1856,248124,939,109315,853,133362,64,5447,645,50378,1200,101388,710,151766,California
Santa Cruz,2021-05-04,2575,250699,1481,110796,1027,134389,67,5514,849,49569,1723,103111,914,152680,California
Santa Cruz,2021-05-05,2641,253340,1293,112089,1269,135658,79,5593,695,48442,1905,105016,778,153458,California
Santa Cruz,2021-05-06,3714,257054,2358,114447,1143,136801,213,5806,842,46639,2855,107871,1052,154510,California
Santa Cruz,2021-05-07,2619,259673,1152,115599,1388,138189,79,5885,422,44949,2192,110063,502,155012,California
Santa Cruz,2021-05-08,1310,260983,646,116245,636,138825,28,5913,366,44400,944,111007,395,155407,California
Santa Cruz,2021-05-09,503,261486,320,116565,161,138986,22,5935,158,44237,343,111350,180,155587,California
Santa Cruz,2021-05-10,1996,263482,1180,117745,755,139741,61,5996,400,43110,1588,112938,461,156048,California
Santa Cruz,2021-05-11,2298,265780,1279,119024,935,140676,84,6080,627,42152,1668,114606,710,156758,California
Santa Cruz,2021-05-12,3042,268822,1272,120296,1693,142369,77,6157,547,40290,2487,117093,625,157383,California
Santa Cruz,2021-05-13,3786,272608,2542,122838,1152,143521,92,6249,1352,39306,2430,119523,1446,158829,California
Santa Cruz,2021-05-14,2880,275488,1566,124404,1277,144798,37,6286,1112,38697,1760,121283,1151,159980,California
Santa Cruz,2021-05-15,2215,277703,1287,125691,917,145715,11,6297,1086,38668,1126,122409,1097,161077,California
Santa Cruz,2021-05-16,691,278394,351,126042,321,146036,19,6316,201,38400,489,122898,221,161298,California
Santa Cruz,2021-05-17,1470,279864,756,126798,649,146685,65,6381,516,38028,953,123851,581,161879,California
Santa Cruz,2021-05-18,2214,282078,1353,128151,838,147523,23,6404,1076,37997,1130,124981,1099,162978,California
Santa Cruz,2021-05-19,2999,285077,1817,129968,1147,148670,35,6439,1293,37627,1698,126679,1328,164306,California
Santa Cruz,2021-05-20,3287,288364,2364,132332,776,149446,147,6586,1542,37578,1738,128417,1689,165995,California
Santa Cruz,2021-05-21,1707,290071,885,133217,737,150183,85,6671,599,37160,1102,129519,684,166679,California
Santa Cruz,2021-05-22,1695,291766,1316,134533,369,150552,10,6681,595,36670,1096,130615,606,167285,California
Santa Cruz,2021-05-23,441,292207,249,134782,173,150725,19,6700,143,36536,296,130911,162,167447,California
Santa Cruz,2021-05-24,1131,293338,650,135432,404,151129,77,6777,296,36082,827,131738,373,167820,California
Santa Cruz,2021-05-25,2229,295567,1283,136715,901,152030,45,6822,460,34963,1623,133361,504,168324,California
Santa Cruz,2021-05-26,1673,297240,784,137499,846,152876,43,6865,474,34293,1187,134548,517,168841,California
Santa Cruz,2021-05-27,1247,298487,660,138159,486,153362,101,6966,455,34063,786,135334,556,169397,California
Santa Cruz,2021-05-28,834,299321,370,138529,434,153796,30,6996,365,33999,460,135794,396,169793,California
Santa Cruz,2021-05-29,569,299890,324,138853,235,154031,10,7006,324,34090,244,136038,335,170128,California
Santa Cruz,2021-05-30,229,300119,117,138970,100,154131,12,7018,93,34061,133,136171,104,170232,California
Santa Cruz,2021-05-31,143,300262,63,139033,79,154210,1,7019,46,34012,96,136267,47,170279,California
Santa Cruz,2021-06-01,886,301148,542,139575,334,154544,10,7029,332,33802,552,136819,342,170621,California
Santa Cruz,2021-06-02,883,302031,525,140100,319,154863,39,7068,351,33665,527,137346,390,171011,California
Santa Cruz,2021-06-03,2211,304242,1504,141604,669,155532,38,7106,526,32554,1675,139021,564,171575,California
Santa Cruz,2021-06-04,1024,305266,708,142312,285,155817,31,7137,245,32057,774,139795,277,171852,California
Santa Cruz,2021-06-05,979,306245,798,143110,177,155994,4,7141,180,31445,796,140591,184,172036,California
Santa Cruz,2021-06-06,372,306617,275,143385,80,156074,17,7158,126,31345,243,140834,143,172179,California
Santa Cruz,2021-06-07,752,307369,553,143938,170,156244,29,7187,172,30967,579,141413,201,172380,California
Santa Cruz,2021-06-08,1370,308739,1102,145040,248,156492,20,7207,287,30196,1079,142492,308,172688,California
Santa Cruz,2021-06-09,853,309592,629,145669,208,156700,16,7223,192,29747,658,143150,209,172897,California
Santa Cruz,2021-06-10,1389,310981,1114,146783,216,156916,59,7282,255,28927,1131,144281,311,173208,California
Santa Cruz,2021-06-11,472,311453,262,147045,184,157100,26,7308,162,28804,309,144590,186,173394,California
Santa Cruz,2021-06-12,642,312095,635,147680,6,157106,1,7309,84,28332,557,145147,85,173479,California
Shasta,2020-12-15,1,1,1,1,0,0,0,0,1,1,0,0,1,1,California
Shasta,2020-12-16,132,133,132,133,0,0,0,0,132,133,0,0,132,133,California
Shasta,2020-12-17,421,554,421,554,0,0,0,0,421,554,0,0,421,554,California
Shasta,2020-12-18,164,718,164,718,0,0,0,0,164,718,0,0,164,718,California
Shasta,2020-12-19,1,719,1,719,0,0,0,0,1,719,0,0,1,719,California
Shasta,2020-12-21,69,788,69,788,0,0,0,0,69,788,0,0,69,788,California
Shasta,2020-12-22,185,973,180,968,5,5,0,0,185,973,0,0,185,973,California
Shasta,2020-12-23,170,1143,166,1134,4,9,0,0,170,1143,0,0,170,1143,California
Shasta,2020-12-24,23,1166,23,1157,0,9,0,0,23,1166,0,0,23,1166,California
Shasta,2020-12-26,4,1170,1,1158,3,12,0,0,4,1170,0,0,4,1170,California
Shasta,2020-12-27,2,1172,1,1159,1,13,0,0,2,1172,0,0,2,1172,California
Shasta,2020-12-28,37,1209,28,1187,9,22,0,0,37,1209,0,0,37,1209,California
Shasta,2020-12-29,178,1387,177,1364,1,23,0,0,178,1387,0,0,178,1387,California
Shasta,2020-12-30,180,1567,171,1535,9,32,0,0,180,1567,0,0,180,1567,California
Shasta,2020-12-31,83,1650,2,1537,81,113,0,0,83,1650,0,0,83,1650,California
Shasta,2021-01-02,2,1652,0,1537,2,115,0,0,2,1652,0,0,2,1652,California
Shasta,2021-01-03,1,1653,1,1538,0,115,0,0,1,1653,0,0,1,1653,California
Shasta,2021-01-04,361,2014,302,1840,59,174,0,0,362,2015,0,0,362,2015,California
Shasta,2021-01-05,333,2347,313,2153,20,194,0,0,253,2188,80,80,253,2268,California
Shasta,2021-01-06,462,2809,391,2544,71,265,0,0,201,2129,260,340,201,2469,California
Shasta,2021-01-07,129,2938,42,2586,87,352,0,0,102,2204,27,367,102,2571,California
Shasta,2021-01-08,518,3456,443,3029,75,427,0,0,312,2310,206,573,312,2883,California
Shasta,2021-01-09,73,3529,64,3093,9,436,0,0,70,2377,3,576,70,2953,California
Shasta,2021-01-10,5,3534,0,3093,5,441,0,0,3,2380,2,578,5,2958,California
Shasta,2021-01-11,397,3931,180,3273,217,658,0,0,367,2717,30,608,367,3325,California
Shasta,2021-01-12,474,4405,317,3590,157,815,0,0,308,2859,166,774,308,3633,California
Shasta,2021-01-13,593,4998,266,3856,327,1142,0,0,425,3117,168,942,426,4059,California
Shasta,2021-01-14,493,5491,57,3913,436,1578,0,0,471,3566,22,964,471,4530,California
Shasta,2021-01-15,664,6155,135,4048,529,2107,0,0,663,4228,1,965,663,5193,California
Shasta,2021-01-16,887,7042,53,4101,834,2941,0,0,884,5109,3,968,884,6077,California
Shasta,2021-01-17,27,7069,6,4107,21,2962,0,0,23,5128,4,972,23,6100,California
Shasta,2021-01-18,595,7664,127,4234,468,3430,0,0,588,5709,7,979,588,6688,California
Shasta,2021-01-19,1052,8716,393,4627,659,4089,0,0,909,6475,143,1122,909,7597,California
Shasta,2021-01-20,669,9385,413,5040,256,4345,0,0,481,6773,183,1305,481,8078,California
Shasta,2021-01-21,618,10003,280,5320,338,4683,0,0,597,7349,21,1326,597,8675,California
Shasta,2021-01-22,431,10434,177,5497,254,4937,0,0,425,7768,6,1332,425,9100,California
Shasta,2021-01-23,61,10495,5,5502,56,4993,0,0,60,7827,1,1333,60,9160,California
Shasta,2021-01-24,23,10518,2,5504,21,5014,0,0,22,7848,1,1334,22,9182,California
Shasta,2021-01-25,740,11258,485,5989,255,5269,0,0,457,8023,282,1616,457,9639,California
Shasta,2021-01-26,697,11955,339,6328,358,5627,0,0,462,8252,233,1849,462,10101,California
Shasta,2021-01-27,451,12406,191,6519,260,5887,0,0,403,8607,48,1897,403,10504,California
Shasta,2021-01-28,868,13274,570,7089,298,6185,0,0,650,9039,218,2115,650,11154,California
Shasta,2021-01-29,807,14081,327,7416,480,6665,0,0,620,9473,187,2302,621,11775,California
Shasta,2021-01-30,606,14687,15,7431,591,7256,0,0,595,10057,11,2313,595,12370,California
Shasta,2021-01-31,26,14713,3,7434,23,7279,0,0,25,10081,1,2314,25,12395,California
Shasta,2021-02-01,534,15247,149,7583,385,7664,0,0,393,10333,141,2455,393,12788,California
Shasta,2021-02-02,983,16230,499,8082,484,8148,0,0,892,11136,89,2544,892,13680,California
Shasta,2021-02-03,697,16927,210,8292,487,8635,0,0,465,11369,232,2776,465,14145,California
Shasta,2021-02-04,1088,18015,680,8972,408,9043,0,0,898,12078,189,2965,898,15043,California
Shasta,2021-02-05,1251,19266,166,9138,1085,10128,0,0,1044,12916,206,3171,1044,16087,California
Shasta,2021-02-06,1736,21002,40,9178,1696,11824,0,0,1713,14606,23,3194,1713,17800,California
Shasta,2021-02-07,25,21027,3,9181,22,11846,0,0,23,14627,2,3196,23,17823,California
Shasta,2021-02-08,588,21615,167,9348,421,12267,0,0,303,14645,285,3481,303,18126,California
Shasta,2021-02-09,1116,22731,642,9990,474,12741,0,0,729,14988,387,3868,730,18856,California
Shasta,2021-02-10,1117,23848,791,10781,326,13067,0,0,599,15069,519,4387,600,19456,California
Shasta,2021-02-11,869,24717,183,10964,686,13753,0,0,356,14917,508,4895,356,19812,California
Shasta,2021-02-12,1761,26478,1202,12166,559,14312,0,0,1224,15604,537,5432,1224,21036,California
Shasta,2021-02-13,1354,27832,364,12530,990,15302,0,0,552,15354,803,6235,553,21589,California
Shasta,2021-02-14,148,27980,4,12534,144,15446,0,0,125,15456,23,6258,125,21714,California
Shasta,2021-02-15,376,28356,97,12631,279,15725,0,0,209,15498,167,6425,209,21923,California
Shasta,2021-02-16,1189,29545,515,13146,674,16399,0,0,421,15152,767,7192,421,22344,California
Shasta,2021-02-17,1034,30579,451,13597,583,16982,0,0,418,14954,616,7808,418,22762,California
Shasta,2021-02-18,939,31518,472,14069,467,17449,0,0,455,14926,484,8292,456,23218,California
Shasta,2021-02-19,1328,32846,948,15017,380,17829,0,0,872,15342,456,8748,872,24090,California
Shasta,2021-02-20,787,33633,87,15104,700,18529,0,0,295,15145,492,9240,295,24385,California
Shasta,2021-02-21,29,33662,3,15107,26,18555,0,0,9,15134,20,9260,9,24394,California
Shasta,2021-02-22,432,34094,81,15188,351,18906,0,0,182,15067,249,9509,182,24576,California
Shasta,2021-02-23,909,35003,468,15656,441,19347,0,0,325,14808,584,10093,325,24901,California
Shasta,2021-02-24,859,35862,498,16154,361,19708,0,0,264,14478,594,10687,264,25165,California
Shasta,2021-02-25,515,36377,179,16333,336,20044,0,0,169,14302,345,11032,169,25334,California
Shasta,2021-02-26,772,37149,98,16431,674,20718,0,0,334,14199,437,11469,334,25668,California
Shasta,2021-02-27,797,37946,26,16457,771,21489,0,0,186,13777,608,12077,186,25854,California
Shasta,2021-02-28,176,38122,4,16461,172,21661,0,0,127,13855,49,12126,127,25981,California
Shasta,2021-03-01,591,38713,57,16518,534,22195,0,0,297,13859,293,12419,297,26278,California
Shasta,2021-03-02,1027,39740,472,16990,555,22750,0,0,338,13509,688,13107,338,26616,California
Shasta,2021-03-03,673,40413,176,17166,497,23247,0,0,241,13318,432,13539,241,26857,California
Shasta,2021-03-04,2977,43390,2396,19562,581,23828,0,0,1719,13782,1256,14795,1720,28577,California
Shasta,2021-03-05,1535,44925,159,19721,1347,25175,29,29,775,13825,761,15556,804,29381,California
Shasta,2021-03-06,2714,47639,381,20102,2288,27463,45,74,848,12854,1864,17420,893,30274,California
Shasta,2021-03-07,92,47731,4,20106,56,27519,32,106,38,12870,54,17474,70,30344,California
Shasta,2021-03-08,569,48300,54,20160,377,27896,138,244,156,12753,411,17885,294,30638,California
Shasta,2021-03-09,1230,49530,595,20755,461,28357,174,418,675,13047,554,18439,848,31486,California
Shasta,2021-03-10,794,50324,255,21010,337,28694,202,620,140,12734,653,19092,340,31826,California
Shasta,2021-03-11,1521,51845,468,21478,792,29486,261,881,918,13313,600,19692,1179,33005,California
Shasta,2021-03-12,1542,53387,847,22325,452,29938,243,1124,400,12813,1141,20833,641,33646,California
Shasta,2021-03-13,749,54136,423,22748,226,30164,100,1224,473,13109,275,21108,571,34217,California
Shasta,2021-03-14,1005,55141,8,22756,975,31139,22,1246,868,13863,137,21245,891,35108,California
Shasta,2021-03-15,487,55628,39,22795,353,31492,95,1341,209,13888,278,21523,303,35411,California
Shasta,2021-03-16,1116,56744,142,22937,906,32398,68,1409,834,14508,282,21805,902,36313,California
Shasta,2021-03-17,711,57455,181,23118,472,32870,58,1467,375,14612,329,22134,433,36746,California
Shasta,2021-03-18,1520,58975,582,23700,835,33705,103,1570,1097,15393,419,22553,1200,37946,California
Shasta,2021-03-19,626,59601,196,23896,373,34078,57,1627,390,15605,235,22788,447,38393,California
Shasta,2021-03-20,733,60334,482,24378,240,34318,11,1638,591,16065,142,22930,602,38995,California
Shasta,2021-03-21,313,60647,298,24676,4,34322,11,1649,286,16336,26,22956,297,39292,California
Shasta,2021-03-22,338,60985,34,24710,269,34591,35,1684,195,16424,142,23098,230,39522,California
Shasta,2021-03-23,1305,62290,651,25361,595,35186,59,1743,757,16697,543,23641,816,40338,California
Shasta,2021-03-24,609,62899,161,25522,411,35597,37,1780,368,16862,240,23881,405,40743,California
Shasta,2021-03-25,1107,64006,424,25946,662,36259,21,1801,793,17365,312,24193,815,41558,California
Shasta,2021-03-26,1793,65799,1369,27315,393,36652,31,1832,1436,18476,357,24550,1468,43026,California
Shasta,2021-03-27,1547,67346,372,27687,312,36964,863,2695,540,18870,1005,25555,1399,44425,California
Shasta,2021-03-28,400,67746,297,27984,93,37057,10,2705,299,19080,99,25654,309,44734,California
Shasta,2021-03-29,416,68162,40,28024,365,37422,11,2716,162,19000,253,25907,173,44907,California
Shasta,2021-03-30,1220,69382,751,28775,452,37874,17,2733,606,19012,611,26518,623,45530,California
Shasta,2021-03-31,609,69991,199,28974,403,38277,7,2740,369,19152,236,26754,376,45906,California
Shasta,2021-04-01,870,70861,229,29203,629,38906,12,2752,547,19390,321,27075,559,46465,California
Shasta,2021-04-02,724,71585,180,29383,491,39397,53,2805,391,19503,331,27406,444,46909,California
Shasta,2021-04-03,505,72090,361,29744,127,39524,17,2822,385,19785,120,27526,402,47311,California
Shasta,2021-04-04,288,72378,173,29917,95,39619,20,2842,215,19947,73,27599,235,47546,California
Shasta,2021-04-05,430,72808,67,29984,307,39926,56,2898,249,20071,181,27780,305,47851,California
Shasta,2021-04-06,1124,73932,483,30467,476,40402,165,3063,536,20188,583,28363,700,48551,California
Shasta,2021-04-07,634,74566,194,30661,281,40683,159,3222,242,20200,388,28751,400,48951,California
Shasta,2021-04-08,1126,75692,257,30918,713,41396,156,3378,207,19646,916,29667,362,49313,California
Shasta,2021-04-09,2557,78249,2053,32971,298,41694,206,3584,1991,21281,559,30226,2194,51507,California
Shasta,2021-04-10,863,79112,581,33552,154,41848,128,3712,259,21062,604,30830,385,51892,California
Shasta,2021-04-11,1239,80351,396,33948,823,42671,20,3732,142,20131,1093,31923,162,52054,California
Shasta,2021-04-12,332,80683,7,33955,265,42936,60,3792,95,20049,236,32159,154,52208,California
Shasta,2021-04-13,1248,81931,361,34316,885,43821,2,3794,339,19484,905,33064,340,52548,California
Shasta,2021-04-14,580,82511,149,34465,429,44250,2,3796,220,19347,359,33423,222,52770,California
Shasta,2021-04-15,1051,83562,249,34714,801,45051,1,3797,297,18894,750,34173,297,53067,California
Shasta,2021-04-16,2281,85843,1811,36525,470,45521,0,3797,923,18461,1356,35529,923,53990,California
Shasta,2021-04-17,611,86454,389,36914,222,45743,0,3797,177,18205,434,35963,178,54168,California
Shasta,2021-04-18,263,86717,238,37152,25,45768,0,3797,31,18006,230,36193,31,54199,California
Shasta,2021-04-19,374,87091,28,37180,346,46114,0,3797,160,17952,214,36407,160,54359,California
Shasta,2021-04-20,971,88062,222,37402,749,46863,0,3797,362,17706,608,37015,362,54721,California
Shasta,2021-04-21,577,88639,198,37600,379,47242,0,3797,298,17725,279,37294,298,55019,California
Shasta,2021-04-22,939,89578,262,37862,677,47919,0,3797,296,17380,641,37935,296,55315,California
Shasta,2021-04-23,627,90205,242,38104,385,48304,0,3797,318,17390,308,38243,318,55633,California
Shasta,2021-04-24,593,90798,355,38459,237,48541,1,3798,106,17011,485,38728,106,55739,California
Shasta,2021-04-25,207,91005,177,38636,29,48570,1,3799,36,16877,171,38899,37,55776,California
Shasta,2021-04-26,492,91497,53,38689,434,49004,5,3804,348,17087,142,39041,352,56128,California
Shasta,2021-04-27,534,92031,171,38860,325,49329,38,3842,300,17191,231,39272,335,56463,California
Shasta,2021-04-28,560,92591,137,38997,391,49720,32,3874,251,17164,309,39581,282,56745,California
Shasta,2021-04-29,753,93344,108,39105,623,50343,22,3896,178,16790,574,40155,200,56945,California
Shasta,2021-04-30,2232,95576,1813,40918,389,50732,30,3926,255,15099,1976,42131,285,57230,California
Shasta,2021-05-01,218,95794,19,40937,126,50858,73,3999,95,15144,123,42254,168,57398,California
Shasta,2021-05-02,46,95840,16,40953,17,50875,13,4012,19,15149,27,42281,32,57430,California
Shasta,2021-05-03,346,96186,93,41046,228,51103,25,4037,109,15047,236,42517,134,57564,California
Shasta,2021-05-04,519,96705,192,41238,290,51393,37,4074,251,15070,265,42782,288,57852,California
Shasta,2021-05-05,427,97132,137,41375,273,51666,17,4091,197,15054,230,43012,214,58066,California
Shasta,2021-05-06,682,97814,258,41633,387,52053,37,4128,289,14994,384,43396,324,58390,California
Shasta,2021-05-07,1092,98906,725,42358,329,52382,38,4166,297,14535,794,44190,335,58725,California
Shasta,2021-05-08,163,99069,80,42438,73,52455,10,4176,95,14571,68,44258,104,58829,California
Shasta,2021-05-09,63,99132,14,42452,44,52499,5,4181,33,14579,30,44288,38,58867,California
Shasta,2021-05-10,251,99383,20,42472,184,52683,47,4228,110,14595,138,44426,154,59021,California
Shasta,2021-05-11,503,99886,145,42617,210,52893,148,4376,180,14601,322,44748,328,59349,California
Shasta,2021-05-12,390,100276,140,42757,227,53120,23,4399,130,14495,259,45007,153,59502,California
Shasta,2021-05-13,576,100852,239,42996,322,53442,15,4414,223,14382,351,45358,238,59740,California
Shasta,2021-05-14,631,101483,267,43263,339,53781,25,4439,290,14358,340,45698,316,60056,California
Shasta,2021-05-15,378,101861,119,43382,160,53941,99,4538,157,14393,220,45918,255,60311,California
Shasta,2021-05-16,220,102081,154,43536,56,53997,10,4548,162,14507,58,45976,172,60483,California
Shasta,2021-05-17,528,102609,243,43779,227,54224,58,4606,281,14600,246,46222,339,60822,California
Shasta,2021-05-18,606,103215,292,44071,290,54514,24,4630,324,14666,282,46504,348,61170,California
Shasta,2021-05-19,586,103801,276,44347,243,54757,67,4697,285,14721,297,46801,352,61522,California
Shasta,2021-05-20,562,104363,252,44599,291,55048,19,4716,264,14709,295,47096,283,61805,California
Shasta,2021-05-21,634,104997,283,44882,332,55380,19,4735,337,14770,295,47391,356,62161,California
Shasta,2021-05-22,231,105228,130,45012,92,55472,9,4744,143,14836,86,47477,152,62313,California
Shasta,2021-05-23,111,105339,48,45060,55,55527,8,4752,68,14869,43,47520,76,62389,California
Shasta,2021-05-24,521,105860,162,45222,329,55856,30,4782,184,14747,336,47856,214,62603,California
Shasta,2021-05-25,461,106321,196,45418,220,56076,45,4827,158,14650,299,48155,202,62805,California
Shasta,2021-05-26,371,106692,143,45561,203,56279,25,4852,147,14599,223,48378,172,62977,California
Shasta,2021-05-27,416,107108,154,45715,253,56532,9,4861,156,14507,257,48635,165,63142,California
Shasta,2021-05-28,435,107543,196,45911,211,56743,28,4889,204,14511,228,48863,232,63374,California
Shasta,2021-05-29,221,107764,62,45973,129,56872,30,4919,92,14502,129,48992,120,63494,California
Shasta,2021-05-30,83,107847,48,46021,33,56905,2,4921,55,14531,28,49020,57,63551,California
Shasta,2021-05-31,35,107882,9,46030,25,56930,1,4922,12,14522,22,49042,13,63564,California
Shasta,2021-06-01,521,108403,152,46182,225,57155,144,5066,134,14421,380,49422,279,63843,California
Shasta,2021-06-02,290,108693,117,46299,164,57319,9,5075,120,14382,168,49590,129,63972,California
Shasta,2021-06-03,365,109058,156,46455,200,57519,9,5084,117,14261,247,49837,126,64098,California
Shasta,2021-06-04,565,109623,283,46738,255,57774,27,5111,203,14130,361,50198,230,64328,California
Shasta,2021-06-05,248,109871,143,46881,88,57862,17,5128,80,14061,167,50365,98,64426,California
Shasta,2021-06-06,160,110031,126,47007,32,57894,2,5130,47,13997,113,50478,49,64475,California
Shasta,2021-06-07,397,110428,232,47239,148,58042,17,5147,106,13830,290,50768,123,64598,California
Shasta,2021-06-08,494,110922,297,47536,153,58195,44,5191,145,13671,348,51116,189,64787,California
Shasta,2021-06-09,376,111298,203,47739,90,58285,83,5274,66,13512,307,51423,148,64935,California
Shasta,2021-06-10,315,111613,186,47925,105,58390,24,5298,94,13414,216,51639,118,65053,California
Shasta,2021-06-11,283,111896,186,48111,79,58469,18,5316,75,13298,208,51847,92,65145,California
Shasta,2021-06-12,53,111949,36,48147,15,58484,2,5318,31,13309,22,51869,33,65178,California
Sierra,2020-12-18,1,1,1,1,0,0,0,0,1,1,0,0,1,1,California
Sierra,2020-12-21,2,3,2,3,0,0,0,0,2,3,0,0,2,3,California
Sierra,2020-12-22,12,15,12,15,0,0,0,0,12,15,0,0,12,15,California
Sierra,2020-12-23,4,19,4,19,0,0,0,0,4,19,0,0,4,19,California
Sierra,2020-12-28,1,20,0,19,1,1,0,0,1,20,0,0,1,20,California
Sierra,2020-12-29,49,69,7,26,42,43,0,0,49,69,0,0,49,69,California
Sierra,2020-12-30,2,71,0,26,2,45,0,0,2,71,0,0,2,71,California
Sierra,2020-12-31,13,84,0,26,13,58,0,0,13,84,0,0,13,84,California
Sierra,2021-01-01,1,85,1,27,0,58,0,0,1,85,0,0,1,85,California
Sierra,2021-01-05,63,148,2,29,61,119,0,0,63,148,0,0,63,148,California
Sierra,2021-01-06,1,149,1,30,0,119,0,0,1,149,0,0,1,149,California
Sierra,2021-01-07,20,169,1,31,19,138,0,0,19,167,1,1,19,168,California
Sierra,2021-01-11,3,172,3,34,0,138,0,0,0,164,3,4,0,168,California
Sierra,2021-01-12,38,210,12,46,26,164,0,0,26,178,12,16,26,194,California
Sierra,2021-01-13,3,213,3,49,0,164,0,0,0,175,3,19,0,194,California
Sierra,2021-01-14,35,248,2,51,33,197,0,0,35,210,0,19,35,229,California
Sierra,2021-01-15,3,251,1,52,2,199,0,0,3,213,0,19,3,232,California
Sierra,2021-01-18,3,254,0,52,3,202,0,0,3,216,0,19,3,235,California
Sierra,2021-01-19,34,288,0,52,34,236,0,0,34,250,0,19,34,269,California
Sierra,2021-01-20,1,289,1,53,0,236,0,0,1,251,0,19,1,270,California
Sierra,2021-01-21,53,342,0,53,53,289,0,0,53,304,0,19,53,323,California
Sierra,2021-01-22,2,344,0,53,2,291,0,0,2,306,0,19,2,325,California
Sierra,2021-01-23,2,346,0,53,2,293,0,0,2,308,0,19,2,327,California
Sierra,2021-01-26,62,408,0,53,62,355,0,0,24,294,38,57,24,351,California
Sierra,2021-01-27,4,412,4,57,0,355,0,0,0,290,4,61,0,351,California
Sierra,2021-01-28,53,465,0,57,53,408,0,0,43,323,10,71,43,394,California
Sierra,2021-01-29,1,466,0,57,1,409,0,0,1,324,0,71,1,395,California
Sierra,2021-01-30,2,468,2,59,0,409,0,0,2,326,0,71,2,397,California
Sierra,2021-02-01,1,469,0,59,1,410,0,0,0,325,1,72,0,397,California
Sierra,2021-02-02,58,527,1,60,57,467,0,0,20,307,38,110,20,417,California
Sierra,2021-02-03,5,532,5,65,0,467,0,0,5,312,0,110,5,422,California
Sierra,2021-02-04,100,632,3,68,97,564,0,0,51,314,49,159,51,473,California
Sierra,2021-02-05,5,637,3,71,2,566,0,0,4,317,1,160,4,477,California
Sierra,2021-02-09,56,693,0,71,56,622,0,0,53,367,3,163,53,530,California
Sierra,2021-02-10,2,695,0,71,2,624,0,0,2,369,0,163,2,532,California
Sierra,2021-02-11,194,889,1,72,193,817,0,0,134,443,60,223,134,666,California
Sierra,2021-02-12,20,909,0,72,20,837,0,0,20,463,0,223,20,686,California
Sierra,2021-02-15,2,911,2,74,0,837,0,0,0,461,2,225,0,686,California
Sierra,2021-02-16,45,956,0,74,45,882,0,0,10,436,35,260,10,696,California
Sierra,2021-02-17,4,960,0,74,4,886,0,0,1,434,3,263,1,697,California
Sierra,2021-02-18,144,1104,0,74,144,1030,0,0,94,478,50,313,94,791,California
Sierra,2021-02-19,1,1105,0,74,1,1031,0,0,0,477,1,314,0,791,California
Sierra,2021-02-20,3,1108,2,76,1,1032,0,0,1,476,2,316,1,792,California
Sierra,2021-02-23,4,1112,0,76,4,1036,0,0,4,480,0,316,4,796,California
Sierra,2021-02-24,1,1113,0,76,1,1037,0,0,1,481,0,316,1,797,California
Sierra,2021-02-25,125,1238,1,77,124,1161,0,0,59,475,65,381,59,856,California
Sierra,2021-02-26,11,1249,6,83,5,1166,0,0,4,472,7,388,4,860,California
Sierra,2021-02-27,1,1250,1,84,0,1166,0,0,0,471,1,389,0,860,California
Sierra,2021-03-01,1,1251,1,85,0,1166,0,0,0,470,1,390,0,860,California
Sierra,2021-03-02,58,1309,0,85,58,1224,0,0,39,490,19,409,39,899,California
Sierra,2021-03-03,1,1310,1,86,0,1224,0,0,0,489,1,410,0,899,California
Sierra,2021-03-04,108,1418,0,86,108,1332,0,0,60,501,48,458,60,959,California
Sierra,2021-03-05,12,1430,0,86,12,1344,0,0,10,509,2,460,10,969,California
Sierra,2021-03-08,2,1432,2,88,0,1344,0,0,2,511,0,460,2,971,California
Sierra,2021-03-09,60,1492,0,88,60,1404,0,0,11,473,49,509,11,982,California
Sierra,2021-03-10,6,1498,0,88,6,1410,0,0,4,475,2,511,4,986,California
Sierra,2021-03-11,176,1674,1,89,175,1585,0,0,44,387,132,643,44,1030,California
Sierra,2021-03-12,19,1693,0,89,19,1604,0,0,0,368,19,662,0,1030,California
Sierra,2021-03-13,28,1721,0,89,28,1632,0,0,28,396,0,662,28,1058,California
Sierra,2021-03-15,2,1723,0,89,0,1632,2,2,0,396,2,664,2,1060,California
Sierra,2021-03-16,36,1759,0,89,35,1667,1,3,22,405,14,678,23,1083,California
Sierra,2021-03-17,1,1760,0,89,1,1668,0,3,0,404,1,679,0,1083,California
Sierra,2021-03-18,161,1921,0,89,161,1829,0,3,65,373,96,775,65,1148,California
Sierra,2021-03-19,3,1924,1,90,2,1831,0,3,0,370,3,778,0,1148,California
Sierra,2021-03-20,2,1926,0,90,2,1833,0,3,1,370,1,779,1,1149,California
Sierra,2021-03-23,22,1948,0,90,22,1855,0,3,13,374,9,788,13,1162,California
Sierra,2021-03-24,2,1950,0,90,2,1857,0,3,1,374,1,789,1,1163,California
Sierra,2021-03-25,99,2049,1,91,98,1955,0,3,50,375,49,838,50,1213,California
Sierra,2021-03-26,11,2060,0,91,11,1966,0,3,8,380,3,841,8,1221,California
Sierra,2021-03-27,1,2061,0,91,1,1967,0,3,0,379,1,842,0,1221,California
Sierra,2021-03-29,1,2062,1,92,0,1967,0,3,0,378,1,843,0,1221,California
Sierra,2021-03-30,58,2120,1,93,57,2024,0,3,25,370,33,876,25,1246,California
Sierra,2021-03-31,8,2128,0,93,8,2032,0,3,8,378,0,876,8,1254,California
Sierra,2021-04-01,63,2191,1,94,62,2094,0,3,5,327,56,932,5,1259,California
Sierra,2021-04-02,3,2194,2,96,1,2095,0,3,2,328,1,933,2,1261,California
Sierra,2021-04-04,1,2195,0,96,1,2096,0,3,0,328,0,933,0,1261,California
Sierra,2021-04-06,11,2206,0,96,11,2107,0,3,1,319,10,943,1,1262,California
Sierra,2021-04-07,14,2220,3,99,6,2113,5,8,3,317,10,953,8,1270,California
Sierra,2021-04-08,52,2272,2,101,50,2163,0,8,16,297,36,989,16,1286,California
Sierra,2021-04-09,1,2273,1,102,0,2163,0,8,1,298,0,989,1,1287,California
Sierra,2021-04-10,27,2300,0,102,27,2190,0,8,0,271,27,1016,0,1287,California
Sierra,2021-04-12,1,2301,0,102,0,2190,1,9,0,271,1,1017,1,1288,California
Sierra,2021-04-13,45,2346,0,102,45,2235,0,9,5,236,40,1057,5,1293,California
Sierra,2021-04-14,1,2347,0,102,1,2236,0,9,1,237,0,1057,1,1294,California
Sierra,2021-04-15,50,2397,2,104,48,2284,0,9,2,191,48,1105,2,1296,California
Sierra,2021-04-17,2,2399,1,105,1,2285,0,9,1,191,1,1106,1,1297,California
Sierra,2021-04-18,1,2400,0,105,1,2286,0,9,0,191,0,1106,0,1297,California
Sierra,2021-04-19,2,2402,1,106,1,2287,0,9,1,191,1,1107,1,1298,California
Sierra,2021-04-20,33,2435,1,107,32,2319,0,9,6,170,27,1134,6,1304,California
Sierra,2021-04-21,2,2437,1,108,1,2320,0,9,1,170,1,1135,1,1305,California
Sierra,2021-04-22,64,2501,1,109,63,2383,0,9,5,117,58,1193,5,1310,California
Sierra,2021-04-23,12,2513,0,109,12,2395,0,9,4,113,8,1201,4,1314,California
Sierra,2021-04-24,4,2517,0,109,4,2399,0,9,4,117,0,1201,4,1318,California
Sierra,2021-04-26,1,2518,0,109,1,2400,0,9,1,118,0,1201,1,1319,California
Sierra,2021-04-27,30,2548,0,109,30,2430,0,9,4,96,26,1227,4,1323,California
Sierra,2021-04-28,11,2559,3,112,8,2438,0,9,2,89,9,1236,2,1325,California
Sierra,2021-04-29,20,2579,2,114,18,2456,0,9,14,97,6,1242,14,1339,California
Sierra,2021-04-30,3,2582,1,115,2,2458,0,9,1,96,2,1244,1,1340,California
Sierra,2021-05-03,1,2583,1,116,0,2458,0,9,1,97,0,1244,1,1341,California
Sierra,2021-05-04,2,2585,0,116,1,2459,1,10,0,96,2,1246,1,1342,California
Sierra,2021-05-05,23,2608,1,117,22,2481,0,10,8,89,15,1261,8,1350,California
Sierra,2021-05-06,1,2609,1,118,0,2481,0,10,0,88,1,1262,0,1350,California
Sierra,2021-05-08,1,2610,0,118,0,2481,1,11,0,88,1,1263,1,1351,California
Sierra,2021-05-11,11,2621,0,118,4,2485,7,18,0,84,11,1274,7,1358,California
Sierra,2021-05-12,11,2632,1,119,10,2495,0,18,8,89,3,1277,8,1366,California
Sierra,2021-05-13,3,2635,2,121,1,2496,0,18,2,90,1,1278,2,1368,California
Sierra,2021-05-14,3,2638,1,122,2,2498,0,18,3,93,0,1278,3,1371,California
Sierra,2021-05-15,1,2639,0,122,0,2498,1,19,0,93,1,1279,1,1372,California
Sierra,2021-05-17,1,2640,1,123,0,2498,0,19,1,94,0,1279,1,1373,California
Sierra,2021-05-18,1,2641,0,123,0,2498,1,20,0,94,1,1280,1,1374,California
Sierra,2021-05-19,7,2648,4,127,3,2501,0,20,2,91,5,1285,2,1376,California
Sierra,2021-05-20,9,2657,8,135,0,2501,1,21,8,99,1,1286,9,1385,California
Sierra,2021-05-21,3,2660,1,136,2,2503,0,21,1,98,2,1288,1,1386,California
Sierra,2021-05-22,4,2664,0,136,4,2507,0,21,0,94,4,1292,0,1386,California
Sierra,2021-05-23,1,2665,0,136,1,2508,0,21,1,95,0,1292,1,1387,California
Sierra,2021-05-24,3,2668,1,137,2,2510,0,21,2,96,1,1293,2,1389,California
Sierra,2021-05-25,3,2671,0,137,3,2513,0,21,1,95,2,1295,1,1390,California
Sierra,2021-05-26,8,2679,0,137,8,2521,0,21,4,95,4,1299,4,1394,California
Sierra,2021-05-27,9,2688,1,138,7,2528,1,22,2,91,7,1306,3,1397,California
Sierra,2021-05-28,3,2691,1,139,2,2530,0,22,2,92,1,1307,2,1399,California
Sierra,2021-05-29,2,2693,0,139,2,2532,0,22,2,94,0,1307,2,1401,California
Sierra,2021-05-30,1,2694,1,140,0,2532,0,22,1,95,0,1307,1,1402,California
Sierra,2021-06-01,1,2695,0,140,1,2533,0,22,0,94,1,1308,0,1402,California
Sierra,2021-06-02,23,2718,0,140,21,2554,2,24,0,74,22,1330,2,1404,California
Sierra,2021-06-03,2,2720,2,142,0,2554,0,24,0,72,2,1332,0,1404,California
Sierra,2021-06-04,2,2722,2,144,0,2554,0,24,1,72,1,1333,1,1405,California
Sierra,2021-06-08,1,2723,1,145,0,2554,0,24,1,73,0,1333,1,1406,California
Sierra,2021-06-09,8,2731,1,146,5,2559,2,26,0,67,8,1341,2,1408,California
Sierra,2021-06-10,8,2739,8,154,0,2559,0,26,4,67,4,1345,4,1412,California
Sierra,2021-06-11,1,2740,1,155,0,2559,0,26,0,66,1,1346,0,1412,California
Siskiyou,2020-12-16,2,2,2,2,0,0,0,0,2,2,0,0,2,2,California
Siskiyou,2020-12-17,4,6,4,6,0,0,0,0,4,6,0,0,4,6,California
Siskiyou,2020-12-18,2,8,2,8,0,0,0,0,2,8,0,0,2,8,California
Siskiyou,2020-12-19,4,12,4,12,0,0,0,0,4,12,0,0,4,12,California
Siskiyou,2020-12-20,1,13,1,13,0,0,0,0,1,13,0,0,1,13,California
Siskiyou,2020-12-21,131,144,131,144,0,0,0,0,131,144,0,0,131,144,California
Siskiyou,2020-12-22,158,302,158,302,0,0,0,0,158,302,0,0,158,302,California
Siskiyou,2020-12-23,142,444,142,444,0,0,0,0,142,444,0,0,142,444,California
Siskiyou,2020-12-24,5,449,5,449,0,0,0,0,5,449,0,0,5,449,California
Siskiyou,2020-12-26,2,451,0,449,2,2,0,0,2,451,0,0,2,451,California
Siskiyou,2020-12-27,2,453,0,449,2,4,0,0,2,453,0,0,2,453,California
Siskiyou,2020-12-28,3,456,1,450,2,6,0,0,3,456,0,0,3,456,California
Siskiyou,2020-12-29,6,462,2,452,4,10,0,0,6,462,0,0,6,462,California
Siskiyou,2020-12-30,100,562,3,455,97,107,0,0,100,562,0,0,100,562,California
Siskiyou,2020-12-31,12,574,0,455,12,119,0,0,12,574,0,0,12,574,California
Siskiyou,2021-01-02,1,575,1,456,0,119,0,0,1,575,0,0,1,575,California
Siskiyou,2021-01-03,1,576,0,456,1,120,0,0,1,576,0,0,1,576,California
Siskiyou,2021-01-04,129,705,3,459,126,246,0,0,129,705,0,0,129,705,California
Siskiyou,2021-01-05,119,824,4,463,115,361,0,0,117,821,2,2,118,823,California
Siskiyou,2021-01-06,60,884,7,470,53,414,0,0,56,873,4,6,56,879,California
Siskiyou,2021-01-07,175,1059,4,474,171,585,0,0,174,1046,1,7,174,1053,California
Siskiyou,2021-01-08,40,1099,3,477,37,622,0,0,38,1082,2,9,38,1091,California
Siskiyou,2021-01-09,2,1101,2,479,0,622,0,0,0,1080,2,11,0,1091,California
Siskiyou,2021-01-11,225,1326,64,543,161,783,0,0,163,1181,62,73,163,1254,California
Siskiyou,2021-01-12,324,1650,274,817,50,833,0,0,91,1040,233,306,92,1346,California
Siskiyou,2021-01-13,158,1808,137,954,21,854,0,0,24,930,134,440,24,1370,California
Siskiyou,2021-01-14,35,1843,1,955,34,888,0,0,34,963,1,441,34,1404,California
Siskiyou,2021-01-15,55,1898,3,958,52,940,0,0,55,1018,0,441,55,1459,California
Siskiyou,2021-01-16,7,1905,2,960,5,945,0,0,7,1025,0,441,7,1466,California
Siskiyou,2021-01-17,1,1906,1,961,0,945,0,0,0,1024,1,442,0,1466,California
Siskiyou,2021-01-18,75,1981,3,964,72,1017,0,0,73,1095,2,444,73,1539,California
Siskiyou,2021-01-19,41,2022,1,965,40,1057,0,0,40,1134,1,445,40,1579,California
Siskiyou,2021-01-20,67,2089,35,1000,32,1089,0,0,63,1193,4,449,63,1642,California
Siskiyou,2021-01-21,67,2156,1,1001,66,1155,0,0,67,1260,0,449,67,1709,California
Siskiyou,2021-01-22,1341,3497,1174,2175,167,1322,0,0,1341,2601,0,449,1341,3050,California
Siskiyou,2021-01-23,6,3503,2,2177,4,1326,0,0,3,2601,3,452,3,3053,California
Siskiyou,2021-01-25,208,3711,8,2185,200,1526,0,0,204,2801,4,456,204,3257,California
Siskiyou,2021-01-26,108,3819,3,2188,105,1631,0,0,100,2893,8,464,100,3357,California
Siskiyou,2021-01-27,200,4019,2,2190,198,1829,0,0,135,2964,64,528,135,3492,California
Siskiyou,2021-01-28,260,4279,118,2308,142,1971,0,0,235,3180,19,547,235,3727,California
Siskiyou,2021-01-29,272,4551,3,2311,269,2240,0,0,253,3414,19,566,253,3980,California
Siskiyou,2021-01-30,4,4555,3,2314,1,2241,0,0,4,3418,0,566,4,3984,California
Siskiyou,2021-02-01,214,4769,3,2317,211,2452,0,0,114,3432,100,666,114,4098,California
Siskiyou,2021-02-02,314,5083,45,2362,269,2721,0,0,161,3440,153,819,161,4259,California
Siskiyou,2021-02-03,334,5417,1,2363,333,3054,0,0,264,3634,70,889,264,4523,California
Siskiyou,2021-02-04,360,5777,7,2370,353,3407,0,0,221,3716,139,1028,221,4744,California
Siskiyou,2021-02-05,544,6321,4,2374,540,3947,0,0,370,3912,174,1202,370,5114,California
Siskiyou,2021-02-06,15,6336,0,2374,15,3962,0,0,15,3927,0,1202,15,5129,California
Siskiyou,2021-02-07,3,6339,2,2376,1,3963,0,0,3,3930,0,1202,3,5132,California
Siskiyou,2021-02-08,239,6578,4,2380,235,4198,0,0,214,4119,25,1227,214,5346,California
Siskiyou,2021-02-09,244,6822,2,2382,242,4440,0,0,191,4257,53,1280,191,5537,California
Siskiyou,2021-02-10,389,7211,41,2423,348,4788,0,0,319,4507,69,1349,319,5856,California
Siskiyou,2021-02-11,214,7425,1,2424,213,5001,0,0,185,4663,29,1378,185,6041,California
Siskiyou,2021-02-12,1703,9128,1199,3623,504,5505,0,0,498,3956,1205,2583,498,6539,California
Siskiyou,2021-02-13,37,9165,2,3625,35,5540,0,0,32,3983,5,2588,32,6571,California
Siskiyou,2021-02-14,6,9171,2,3627,4,5544,0,0,6,3989,0,2588,6,6577,California
Siskiyou,2021-02-15,99,9270,2,3629,97,5641,0,0,97,4084,2,2590,97,6674,California
Siskiyou,2021-02-16,136,9406,2,3631,134,5775,0,0,100,4148,36,2626,100,6774,California
Siskiyou,2021-02-17,286,9692,5,3636,281,6056,0,0,251,4364,35,2661,251,7025,California
Siskiyou,2021-02-18,268,9960,88,3724,180,6236,0,0,127,4350,141,2802,127,7152,California
Siskiyou,2021-02-19,95,10055,34,3758,61,6297,0,0,35,4327,58,2860,35,7187,California
Siskiyou,2021-02-20,22,10077,3,3761,19,6316,0,0,17,4339,5,2865,17,7204,California
Siskiyou,2021-02-21,1,10078,1,3762,0,6316,0,0,1,4340,0,2865,1,7205,California
Siskiyou,2021-02-22,206,10284,2,3764,204,6520,0,0,74,4282,132,2997,74,7279,California
Siskiyou,2021-02-23,288,10572,15,3779,273,6793,0,0,186,4366,102,3099,186,7465,California
Siskiyou,2021-02-24,172,10744,5,3784,167,6960,0,0,49,4292,123,3222,49,7514,California
Siskiyou,2021-02-25,300,11044,15,3799,285,7245,0,0,146,4285,153,3375,146,7660,California
Siskiyou,2021-02-26,670,11714,9,3808,661,7906,0,0,366,4347,304,3679,366,8026,California
Siskiyou,2021-02-27,32,11746,5,3813,27,7933,0,0,28,4371,4,3683,28,8054,California
Siskiyou,2021-02-28,5,11751,5,3818,0,7933,0,0,3,4372,2,3685,3,8057,California
Siskiyou,2021-03-01,290,12041,5,3823,285,8218,0,0,49,4180,241,3926,49,8106,California
Siskiyou,2021-03-02,208,12249,1,3824,207,8425,0,0,70,4112,138,4064,70,8176,California
Siskiyou,2021-03-03,346,12595,10,3834,336,8761,0,0,152,4070,194,4258,152,8328,California
Siskiyou,2021-03-04,818,13413,617,4451,201,8962,0,0,642,4536,176,4434,642,8970,California
Siskiyou,2021-03-05,347,13760,5,4456,331,9293,11,11,106,4415,238,4672,117,9087,California
Siskiyou,2021-03-06,42,13802,3,4459,32,9325,7,18,27,4434,15,4687,34,9121,California
Siskiyou,2021-03-07,11,13813,3,4462,0,9325,8,26,1,4433,10,4697,9,9130,California
Siskiyou,2021-03-08,360,14173,22,4484,304,9629,34,60,68,4243,292,4989,102,9232,California
Siskiyou,2021-03-09,175,14348,2,4486,118,9747,55,115,42,4207,133,5122,97,9329,California
Siskiyou,2021-03-10,220,14568,6,4492,184,9931,30,145,24,4065,196,5318,54,9383,California
Siskiyou,2021-03-11,493,15061,206,4698,241,10172,46,191,284,4187,208,5526,330,9713,California
Siskiyou,2021-03-12,652,15713,141,4839,472,10644,39,230,184,3944,466,5992,223,9936,California
Siskiyou,2021-03-13,429,16142,380,5219,26,10670,23,253,380,4298,49,6041,403,10339,California
Siskiyou,2021-03-14,20,16162,1,5220,3,10673,16,269,2,4298,18,6059,18,10357,California
Siskiyou,2021-03-15,495,16657,258,5478,173,10846,64,333,319,4505,176,6235,383,10740,California
Siskiyou,2021-03-16,258,16915,34,5512,208,11054,16,349,141,4546,116,6351,157,10897,California
Siskiyou,2021-03-17,199,17114,8,5520,183,11237,8,357,33,4421,166,6517,41,10938,California
Siskiyou,2021-03-18,924,18038,786,6306,126,11363,12,369,808,5125,116,6633,820,11758,California
Siskiyou,2021-03-19,65,18103,7,6313,45,11408,13,382,18,5109,47,6680,31,11789,California
Siskiyou,2021-03-20,29,18132,7,6320,18,11426,4,386,6,5096,23,6703,10,11799,California
Siskiyou,2021-03-21,10,18142,4,6324,1,11427,5,391,4,5099,6,6709,9,11808,California
Siskiyou,2021-03-22,209,18351,20,6344,166,11593,23,414,146,5208,60,6769,169,11977,California
Siskiyou,2021-03-23,172,18523,19,6363,144,11737,9,423,125,5295,47,6816,134,12111,California
Siskiyou,2021-03-24,143,18666,47,6410,96,11833,0,423,116,5384,27,6843,116,12227,California
Siskiyou,2021-03-25,564,19230,314,6724,247,12080,3,426,394,5611,170,7013,397,12624,California
Siskiyou,2021-03-26,303,19533,34,6758,269,12349,0,426,103,5516,198,7211,103,12727,California
Siskiyou,2021-03-27,39,19572,6,6764,28,12377,5,431,11,5504,28,7239,16,12743,California
Siskiyou,2021-03-28,7,19579,6,6770,1,12378,0,431,5,5507,2,7241,5,12748,California
Siskiyou,2021-03-29,94,19673,10,6780,82,12460,2,433,44,5503,50,7291,46,12794,California
Siskiyou,2021-03-30,101,19774,6,6786,94,12554,1,434,40,5483,61,7352,41,12835,California
Siskiyou,2021-03-31,177,19951,9,6795,165,12719,3,437,48,5408,127,7479,52,12887,California
Siskiyou,2021-04-01,827,20778,669,7464,158,12877,0,437,214,5009,613,8092,214,13101,California
Siskiyou,2021-04-02,347,21125,197,7661,146,13023,4,441,65,4798,280,8372,69,13170,California
Siskiyou,2021-04-03,26,21151,5,7666,14,13037,7,448,5,4789,21,8393,12,13182,California
Siskiyou,2021-04-04,2,21153,1,7667,1,13038,0,448,1,4789,1,8394,1,13183,California
Siskiyou,2021-04-05,437,21590,332,7999,80,13118,25,473,27,4432,409,8803,52,13235,California
Siskiyou,2021-04-06,220,21810,36,8035,131,13249,53,526,126,4518,92,8895,178,13413,California
Siskiyou,2021-04-07,113,21923,10,8045,62,13311,41,567,64,4574,49,8944,105,13518,California
Siskiyou,2021-04-08,343,22266,175,8220,125,13436,43,610,62,4398,281,9225,105,13623,California
Siskiyou,2021-04-09,545,22811,377,8597,130,13566,38,648,84,4061,460,9685,123,13746,California
Siskiyou,2021-04-10,46,22857,6,8603,3,13569,37,685,7,4066,39,9724,44,13790,California
Siskiyou,2021-04-11,7,22864,5,8608,1,13570,1,686,2,4064,5,9729,3,13793,California
Siskiyou,2021-04-12,128,22992,24,8632,103,13673,1,687,48,4033,80,9809,49,13842,California
Siskiyou,2021-04-13,205,23197,37,8669,167,13840,1,688,82,3993,123,9932,83,13925,California
Siskiyou,2021-04-14,156,23353,64,8733,92,13932,0,688,85,4009,69,10001,85,14010,California
Siskiyou,2021-04-15,1114,24467,956,9689,158,14090,0,688,435,3765,679,10680,435,14445,California
Siskiyou,2021-04-16,299,24766,208,9897,91,14181,0,688,268,4003,30,10710,268,14713,California
Siskiyou,2021-04-17,11,24777,8,9905,3,14184,0,688,6,4004,5,10715,6,14719,California
Siskiyou,2021-04-18,5,24782,3,9908,2,14186,0,688,1,4001,4,10719,1,14720,California
Siskiyou,2021-04-19,128,24910,24,9932,104,14290,0,688,45,3963,83,10802,45,14765,California
Siskiyou,2021-04-20,217,25127,4,9936,213,14503,0,688,91,3928,126,10928,91,14856,California
Siskiyou,2021-04-21,96,25223,11,9947,85,14588,0,688,26,3884,70,10998,26,14882,California
Siskiyou,2021-04-22,408,25631,296,10243,112,14700,0,688,50,3576,358,11356,50,14932,California
Siskiyou,2021-04-23,180,25811,15,10258,165,14865,0,688,158,3713,21,11377,158,15090,California
Siskiyou,2021-04-24,28,25839,4,10262,24,14889,0,688,20,3725,8,11385,20,15110,California
Siskiyou,2021-04-25,2,25841,0,10262,2,14891,0,688,2,3727,0,11385,2,15112,California
Siskiyou,2021-04-26,100,25941,5,10267,90,14981,5,693,25,3682,75,11460,30,15142,California
Siskiyou,2021-04-27,113,26054,4,10271,107,15088,2,695,86,3745,25,11485,88,15230,California
Siskiyou,2021-04-28,110,26164,7,10278,95,15183,8,703,53,3749,57,11542,61,15291,California
Siskiyou,2021-04-29,144,26308,14,10292,129,15312,1,704,28,3662,116,11658,29,15320,California
Siskiyou,2021-04-30,103,26411,21,10313,81,15393,1,705,45,3652,55,11713,45,15365,California
Siskiyou,2021-05-01,11,26422,7,10320,1,15394,3,708,7,3658,4,11717,10,15375,California
Siskiyou,2021-05-02,10,26432,4,10324,6,15400,0,708,8,3664,2,11719,8,15383,California
Siskiyou,2021-05-03,107,26539,24,10348,81,15481,2,710,45,3649,62,11781,47,15430,California
Siskiyou,2021-05-04,121,26660,6,10354,113,15594,2,712,60,3651,60,11841,62,15492,California
Siskiyou,2021-05-05,114,26774,19,10373,86,15680,9,721,39,3625,74,11915,48,15540,California
Siskiyou,2021-05-06,365,27139,296,10669,63,15743,6,727,190,3646,175,12090,196,15736,California
Siskiyou,2021-05-07,308,27447,219,10888,84,15827,5,732,32,3408,275,12365,37,15773,California
Siskiyou,2021-05-08,24,27471,3,10891,20,15847,1,733,18,3421,6,12371,19,15792,California
Siskiyou,2021-05-09,1,27472,0,10891,1,15848,0,733,0,3420,1,12372,0,15792,California
Siskiyou,2021-05-10,100,27572,68,10959,31,15879,1,734,22,3365,78,12450,23,15815,California
Siskiyou,2021-05-11,87,27659,8,10967,74,15953,5,739,51,3385,36,12486,56,15871,California
Siskiyou,2021-05-12,56,27715,4,10971,47,16000,5,744,15,3364,41,12527,20,15891,California
Siskiyou,2021-05-13,81,27796,34,11005,38,16038,9,753,37,3366,44,12571,46,15937,California
Siskiyou,2021-05-14,173,27969,81,11086,91,16129,1,754,106,3407,66,12637,107,16044,California
Siskiyou,2021-05-15,43,28012,13,11099,28,16157,2,756,36,3439,6,12643,38,16082,California
Siskiyou,2021-05-16,6,28018,2,11101,4,16161,0,756,4,3441,2,12645,4,16086,California
Siskiyou,2021-05-17,63,28081,2,11103,38,16199,23,779,11,3423,52,12697,34,16120,California
Siskiyou,2021-05-18,216,28297,81,11184,131,16330,4,783,122,3456,93,12790,126,16246,California
Siskiyou,2021-05-19,155,28452,97,11281,57,16387,1,784,124,3550,31,12821,125,16371,California
Siskiyou,2021-05-20,503,28955,421,11702,80,16467,2,786,233,3515,270,13091,235,16606,California
Siskiyou,2021-05-21,197,29152,95,11797,102,16569,0,786,109,3537,87,13178,109,16715,California
Siskiyou,2021-05-22,41,29193,19,11816,22,16591,0,786,26,3548,15,13193,26,16741,California
Siskiyou,2021-05-23,4,29197,3,11819,1,16592,0,786,2,3548,2,13195,2,16743,California
Siskiyou,2021-05-24,18,29215,3,11822,15,16607,0,786,5,3541,12,13207,5,16748,California
Siskiyou,2021-05-25,156,29371,16,11838,120,16727,20,806,50,3507,104,13311,70,16818,California
Siskiyou,2021-05-26,76,29447,19,11857,57,16784,0,806,41,3513,35,13346,41,16859,California
Siskiyou,2021-05-27,128,29575,92,11949,35,16819,1,807,55,3496,73,13419,56,16915,California
Siskiyou,2021-05-28,154,29729,57,12006,96,16915,1,808,102,3548,51,13470,103,17018,California
Siskiyou,2021-05-29,16,29745,9,12015,4,16919,3,811,5,3545,11,13481,8,17026,California
Siskiyou,2021-05-31,2,29747,1,12016,0,16919,1,812,1,3546,1,13482,2,17028,California
Siskiyou,2021-06-01,86,29833,20,12036,66,16985,0,812,29,3519,56,13538,29,17057,California
Siskiyou,2021-06-02,120,29953,35,12071,85,17070,0,812,44,3487,76,13614,44,17101,California
Siskiyou,2021-06-03,150,30103,103,12174,42,17112,5,817,34,3410,116,13730,39,17140,California
Siskiyou,2021-06-04,99,30202,77,12251,22,17134,0,817,20,3351,79,13809,20,17160,California
Siskiyou,2021-06-05,37,30239,17,12268,19,17153,1,818,16,3347,21,13830,17,17177,California
Siskiyou,2021-06-06,3,30242,2,12270,0,17153,1,819,0,3345,3,13833,1,17178,California
Siskiyou,2021-06-07,34,30276,4,12274,30,17183,0,819,26,3363,8,13841,26,17204,California
Siskiyou,2021-06-08,178,30454,93,12367,84,17267,1,820,48,3282,130,13971,49,17253,California
Siskiyou,2021-06-09,104,30558,84,12451,19,17286,1,821,26,3231,78,14049,27,17280,California
Siskiyou,2021-06-10,155,30713,141,12592,14,17300,0,821,59,3194,96,14145,59,17339,California
Siskiyou,2021-06-11,99,30812,55,12647,38,17338,6,827,15,3152,63,14208,21,17360,California
Siskiyou,2021-06-12,3,30815,0,12647,3,17341,0,827,0,3149,3,14211,0,17360,California
Solano,2020-12-15,4,4,4,4,0,0,0,0,4,4,0,0,4,4,California
Solano,2020-12-16,69,73,69,73,0,0,0,0,69,73,0,0,69,73,California
Solano,2020-12-17,170,243,170,243,0,0,0,0,170,243,0,0,170,243,California
Solano,2020-12-18,475,718,474,717,1,1,0,0,475,718,0,0,475,718,California
Solano,2020-12-19,521,1239,521,1238,0,1,0,0,521,1239,0,0,521,1239,California
Solano,2020-12-20,350,1589,348,1586,2,3,0,0,350,1589,0,0,350,1589,California
Solano,2020-12-21,575,2164,573,2159,2,5,0,0,575,2164,0,0,575,2164,California
Solano,2020-12-22,661,2825,628,2787,33,38,0,0,661,2825,0,0,661,2825,California
Solano,2020-12-23,855,3680,764,3551,91,129,0,0,854,3678,1,1,854,3679,California
Solano,2020-12-24,417,4097,166,3717,251,380,0,0,417,4095,0,1,417,4096,California
Solano,2020-12-25,9,4106,1,3718,8,388,0,0,9,4104,0,1,9,4105,California
Solano,2020-12-26,172,4278,46,3764,126,514,0,0,172,4276,0,1,172,4277,California
Solano,2020-12-27,107,4385,29,3793,78,592,0,0,107,4383,0,1,107,4384,California
Solano,2020-12-28,870,5255,425,4218,445,1037,0,0,870,5253,0,1,870,5254,California
Solano,2020-12-29,909,6164,372,4590,537,1574,0,0,909,6162,0,1,909,6163,California
Solano,2020-12-30,1229,7393,595,5185,634,2208,0,0,1229,7391,0,1,1229,7392,California
Solano,2020-12-31,543,7936,139,5324,404,2612,0,0,543,7934,0,1,543,7935,California
Solano,2021-01-01,15,7951,14,5338,1,2613,0,0,15,7949,0,1,15,7950,California
Solano,2021-01-02,214,8165,165,5503,49,2662,0,0,214,8163,0,1,214,8164,California
Solano,2021-01-03,55,8220,39,5542,16,2678,0,0,49,8212,0,1,49,8213,California
Solano,2021-01-04,443,8663,237,5779,206,2884,0,0,434,8644,2,3,434,8647,California
Solano,2021-01-05,732,9395,378,6157,354,3238,0,0,573,9063,154,157,573,9220,California
Solano,2021-01-06,847,10242,435,6592,412,3650,0,0,577,9372,268,425,577,9797,California
Solano,2021-01-07,1061,11303,678,7270,383,4033,0,0,588,9490,471,896,589,10386,California
Solano,2021-01-08,1144,12447,777,8047,367,4400,0,0,547,9460,579,1475,549,10935,California
Solano,2021-01-09,889,13336,763,8810,126,4526,0,0,431,9436,455,1930,431,11366,California
Solano,2021-01-10,260,13596,193,9003,67,4593,0,0,159,9494,101,2031,159,11525,California
Solano,2021-01-11,1337,14933,1122,10125,215,4808,0,0,819,9795,518,2549,819,12344,California
Solano,2021-01-12,1566,16499,1166,11291,400,5208,0,0,1021,10273,544,3093,1022,13366,California
Solano,2021-01-13,1464,17963,1001,12292,463,5671,0,0,1208,11227,254,3347,1208,14574,California
Solano,2021-01-14,1898,19861,812,13104,1086,6757,0,0,1584,12499,313,3660,1585,16159,California
Solano,2021-01-15,1713,21574,1057,14161,656,7413,0,0,1417,13620,296,3956,1417,17576,California
Solano,2021-01-16,1298,22872,909,15070,389,7802,0,0,1125,14572,173,4129,1125,18701,California
Solano,2021-01-17,1054,23926,760,15830,294,8096,0,0,1034,15587,20,4149,1035,19736,California
Solano,2021-01-18,1428,25354,855,16685,573,8669,0,0,1311,16782,117,4266,1312,21048,California
Solano,2021-01-19,1656,27010,1340,18025,316,8985,0,0,1387,17901,268,4534,1387,22435,California
Solano,2021-01-20,2046,29056,1431,19456,615,9600,0,0,1560,18978,483,5017,1560,23995,California
Solano,2021-01-21,3229,32285,1022,20478,2207,11807,0,0,2877,21504,352,5369,2878,26873,California
Solano,2021-01-22,1785,34070,853,21331,932,12739,0,0,1588,22895,197,5566,1588,28461,California
Solano,2021-01-23,735,34805,240,21571,495,13234,0,0,533,23226,203,5769,534,28995,California
Solano,2021-01-24,404,35209,60,21631,344,13578,0,0,336,23494,68,5837,336,29331,California
Solano,2021-01-25,1678,36887,631,22262,1047,14625,0,0,1119,24057,558,6395,1121,30452,California
Solano,2021-01-26,1810,38697,749,23011,1061,15686,0,0,1169,24586,641,7036,1170,31622,California
Solano,2021-01-27,1809,40506,724,23735,1085,16771,0,0,1193,25167,612,7648,1193,32815,California
Solano,2021-01-28,1972,42478,712,24447,1260,18031,0,0,1380,25957,591,8239,1381,34196,California
Solano,2021-01-29,1721,44199,787,25234,934,18965,0,0,1356,26950,363,8602,1356,35552,California
Solano,2021-01-30,962,45161,459,25693,503,19468,0,0,617,27223,345,8947,618,36170,California
Solano,2021-01-31,250,45411,158,25851,92,19560,0,0,173,27319,77,9024,173,36343,California
Solano,2021-02-01,1556,46967,1033,26884,523,20083,0,0,776,27319,776,9800,776,37119,California
Solano,2021-02-02,3379,50346,1094,27978,2285,22368,0,0,2565,29074,810,10610,2565,39684,California
Solano,2021-02-03,2272,52618,1312,29290,960,23328,0,0,1171,29147,1098,11708,1171,40855,California
Solano,2021-02-04,1810,54428,906,30196,904,24232,0,0,1077,29496,728,12436,1077,41932,California
Solano,2021-02-05,3119,57547,1420,31616,1699,25931,0,0,2112,30608,1000,13436,2112,44044,California
Solano,2021-02-06,3086,60633,1176,32792,1910,27841,0,0,2262,32050,820,14256,2262,46306,California
Solano,2021-02-07,854,61487,785,33577,69,27910,0,0,236,31669,617,14873,236,46542,California
Solano,2021-02-08,1765,63252,1237,34814,528,28438,0,0,719,31344,1044,15917,719,47261,California
Solano,2021-02-09,1951,65203,1492,36306,459,28897,0,0,695,30784,1255,17172,695,47956,California
Solano,2021-02-10,2278,67481,1505,37811,773,29670,0,0,830,30166,1448,18620,830,48786,California
Solano,2021-02-11,2526,70007,1496,39307,1030,30700,0,0,1198,30047,1317,19937,1198,49984,California
Solano,2021-02-12,4269,74276,1633,40940,2636,33336,0,0,2915,31615,1347,21284,2915,52899,California
Solano,2021-02-13,2872,77148,244,41184,2628,35964,0,0,2456,33659,412,21696,2456,55355,California
Solano,2021-02-14,729,77877,205,41389,524,36488,0,0,409,33751,318,22014,410,55765,California
Solano,2021-02-15,1331,79208,329,41718,1002,37490,0,0,683,33787,647,22661,683,56448,California
Solano,2021-02-16,2567,81775,1390,43108,1177,38667,0,0,1668,34558,898,23559,1669,58117,California
Solano,2021-02-17,3234,85009,1449,44557,1785,40452,0,0,2191,35710,1040,24599,2192,60309,California
Solano,2021-02-18,2918,87927,840,45397,2078,42530,0,0,855,34509,2057,26656,856,61165,California
Solano,2021-02-19,2477,90404,1454,46851,1023,43553,0,0,1174,34387,1298,27954,1176,62341,California
Solano,2021-02-20,2747,93151,388,47239,2359,45912,0,0,2235,36109,513,28467,2235,64576,California
Solano,2021-02-21,2318,95469,1997,49236,321,46233,0,0,1999,37793,315,28782,1999,66575,California
Solano,2021-02-22,1806,97275,1063,50299,743,46976,0,0,943,37876,861,29643,944,67519,California
Solano,2021-02-23,2904,100179,1091,51390,1813,48789,0,0,1975,38926,925,30568,1975,69494,California
Solano,2021-02-24,2538,102717,1266,52656,1272,50061,0,0,1411,39213,1125,31693,1412,70906,California
Solano,2021-02-25,2570,105287,1566,54222,1004,51065,0,0,1422,39492,1143,32836,1422,72328,California
Solano,2021-02-26,3418,108705,2172,56394,1246,52311,0,0,1974,40027,1439,34275,1974,74302,California
Solano,2021-02-27,3991,112696,1536,57930,2454,54765,1,1,3226,42498,756,35031,3227,77529,California
Solano,2021-02-28,1935,114631,1561,59491,373,55138,1,2,1605,43778,326,35357,1606,79135,California
Solano,2021-03-01,2726,117357,1224,60715,1501,56639,1,3,2056,45172,663,36020,2057,81192,California
Solano,2021-03-02,2282,119639,1409,62124,873,57512,0,3,1295,45481,986,37006,1295,82487,California
Solano,2021-03-03,2250,121889,1263,63387,987,58499,0,3,1387,46015,854,37860,1388,83875,California
Solano,2021-03-04,4383,126272,3434,66821,947,59446,2,5,3152,47951,1221,39081,3157,87032,California
Solano,2021-03-05,4950,131222,1684,68505,3261,62707,5,10,3978,50972,962,40043,3983,91015,California
Solano,2021-03-06,3871,135093,831,69336,3001,65708,39,49,2660,52472,1199,41242,2699,93714,California
Solano,2021-03-07,3600,138693,763,70099,2827,68535,10,59,1968,52832,1619,42861,1979,95693,California
Solano,2021-03-08,2136,140829,1342,71441,525,69060,269,328,1615,54197,517,43378,1882,97575,California
Solano,2021-03-09,3229,144058,1569,73010,1606,70666,54,382,2331,55680,898,44276,2381,99956,California
Solano,2021-03-10,2426,146484,1762,74772,579,71245,85,467,1275,55893,1146,45422,1359,101315,California
Solano,2021-03-11,6036,152520,1755,76527,4027,75272,254,721,4986,60088,1046,46468,5241,106556,California
Solano,2021-03-12,6046,158566,1569,78096,4299,79571,178,899,3169,60561,2873,49341,3346,109902,California
Solano,2021-03-13,4599,163165,811,78907,3708,83279,80,979,2242,60535,2350,51691,2324,112226,California
Solano,2021-03-14,4018,167183,3139,82046,418,83697,461,1440,1544,60068,2469,54160,2002,114228,California
Solano,2021-03-15,4034,171217,2463,84509,1242,84939,329,1769,2513,61394,1514,55674,2840,117068,California
Solano,2021-03-16,3063,174280,1312,85821,1516,86455,235,2004,1547,61663,1512,57186,1781,118849,California
Solano,2021-03-17,6473,180753,1660,87481,4722,91177,91,2095,4938,65160,1532,58718,5029,123878,California
Solano,2021-03-18,5229,185982,1845,89326,3344,94521,40,2135,3755,67490,1466,60184,3796,127674,California
Solano,2021-03-19,3583,189565,2646,91972,860,95381,77,2212,1709,67411,1866,62050,1787,129461,California
Solano,2021-03-20,5608,195173,1684,93656,3872,99253,52,2264,2651,67167,2947,64997,2703,132164,California
Solano,2021-03-21,1677,196850,1573,95229,79,99332,25,2289,370,66257,1303,66300,393,132557,California
Solano,2021-03-22,2664,199514,2036,97265,578,99910,50,2339,1539,66723,1119,67419,1585,134142,California
Solano,2021-03-23,3578,203092,1689,98954,1846,101756,43,2382,1405,66001,2169,69588,1447,135589,California
Solano,2021-03-24,2827,205919,1765,100719,1027,102783,35,2417,1359,65931,1462,71050,1392,136981,California
Solano,2021-03-25,4882,210801,4007,104726,840,103623,35,2452,2275,65638,2602,73652,2309,139290,California
Solano,2021-03-26,3243,214044,2110,106836,1095,104718,38,2490,1743,65930,1490,75142,1782,141072,California
Solano,2021-03-27,4221,218265,1156,107992,3027,107745,38,2528,1662,65075,2553,77695,1698,142770,California
Solano,2021-03-28,1423,219688,1117,109109,289,108034,17,2545,541,64755,878,78573,558,143328,California
Solano,2021-03-29,3530,223218,2048,111157,1465,109499,17,2562,1560,64374,1958,80531,1577,144905,California
Solano,2021-03-30,3046,226264,2012,113169,936,110435,98,2660,1899,65225,1145,81676,1996,146901,California
Solano,2021-03-31,3144,229408,2143,115312,844,111279,157,2817,1839,65915,1302,82978,1992,148893,California
Solano,2021-04-01,5558,234966,2110,117422,3296,114575,152,2969,3512,67546,2033,85011,3664,152557,California
Solano,2021-04-02,6631,241597,2221,119643,4243,118818,167,3136,2544,66185,4071,89082,2710,155267,California
Solano,2021-04-03,1527,243124,967,120610,407,119225,153,3289,568,65948,957,90039,720,155987,California
Solano,2021-04-04,777,243901,287,120897,188,119413,302,3591,237,65951,536,90575,539,156526,California
Solano,2021-04-05,2980,246881,2043,122940,730,120143,207,3798,1512,66202,1466,92041,1717,158243,California
Solano,2021-04-06,6095,252976,1639,124579,3969,124112,487,4285,1653,63906,4434,96475,2138,160381,California
Solano,2021-04-07,5986,258962,4630,129209,953,125065,403,4688,3415,65172,2551,99026,3817,164198,California
Solano,2021-04-08,6477,265439,1791,131000,3814,128879,872,5560,1805,63199,4642,103668,2669,166867,California
Solano,2021-04-09,6308,271747,1665,132665,3783,132662,860,6420,1516,60802,4768,108436,2371,169238,California
Solano,2021-04-10,1755,273502,967,133632,455,133117,333,6753,809,61000,945,109381,1143,170381,California
Solano,2021-04-11,1206,274708,767,134399,327,133444,112,6865,644,61197,559,109940,756,171137,California
Solano,2021-04-12,3283,277991,1692,136091,1226,134670,365,7230,1357,60995,1921,111861,1719,172856,California
Solano,2021-04-13,2532,280523,1100,137191,1431,136101,1,7231,1322,61112,1207,113068,1324,174180,California
Solano,2021-04-14,6507,287030,1959,139150,4548,140649,0,7231,1841,58298,4658,117726,1844,176024,California
Solano,2021-04-15,5719,292749,2155,141305,3563,144212,1,7232,1739,56072,3966,121692,1740,177764,California
Solano,2021-04-16,3687,296436,2597,143902,1088,145300,2,7234,2287,56970,1393,123085,2291,180055,California
Solano,2021-04-17,3262,299698,1057,144959,2205,147505,0,7234,1110,55937,2144,125229,1111,181166,California
Solano,2021-04-18,1002,300700,614,145573,388,147893,0,7234,526,55988,475,125704,526,181692,California
Solano,2021-04-19,2139,302839,1155,146728,984,148877,0,7234,1170,56197,963,126667,1172,182864,California
Solano,2021-04-20,3003,305842,1828,148556,1175,150052,0,7234,1663,56526,1334,128001,1663,184527,California
Solano,2021-04-21,3821,309663,2333,150889,1488,151540,0,7234,2013,56739,1800,129801,2013,186540,California
Solano,2021-04-22,2991,312654,1478,152367,1513,153053,0,7234,1789,57328,1200,131001,1789,188329,California
Solano,2021-04-23,4150,316804,2096,154463,2054,155107,0,7234,2507,58198,1638,132639,2508,190837,California
Solano,2021-04-24,3886,320690,2340,156803,1544,156651,2,7236,2580,59560,1220,133859,2582,193419,California
Solano,2021-04-25,1429,322119,1113,157916,316,156967,0,7236,1131,60400,291,134150,1131,194550,California
Solano,2021-04-26,2589,324708,1668,159584,917,157884,4,7240,1429,60686,1147,135297,1433,195983,California
Solano,2021-04-27,2587,327295,1291,160875,1266,159150,30,7270,1465,61070,1112,136409,1496,197479,California
Solano,2021-04-28,6038,333333,4995,165870,997,160147,46,7316,3772,62633,2255,138664,3818,201297,California
Solano,2021-04-29,4533,337866,1442,167312,3059,163206,32,7348,2047,62234,2478,141142,2079,203376,California
Solano,2021-04-30,4116,341982,2183,169495,1792,164998,141,7489,1901,62077,2199,143341,2042,205418,California
Solano,2021-05-01,2179,344161,1677,171172,301,165299,201,7690,1294,62692,880,144221,1495,206913,California
Solano,2021-05-02,1204,345365,947,172119,231,165530,26,7716,668,62855,531,144752,694,207607,California
Solano,2021-05-03,1454,346819,1009,173128,358,165888,87,7803,594,62679,858,145610,682,208289,California
Solano,2021-05-04,1794,348613,1040,174168,687,166575,67,7870,808,62569,985,146595,875,209164,California
Solano,2021-05-05,2275,350888,1418,175586,743,167318,114,7984,1092,62594,1179,147774,1204,210368,California
Solano,2021-05-06,2004,352892,1192,176778,601,167919,211,8195,730,62271,1263,149037,940,211308,California
Solano,2021-05-07,2819,355711,1966,178744,733,168652,120,8315,972,61522,1839,150876,1090,212398,California
Solano,2021-05-08,1441,357152,899,179643,426,169078,116,8431,548,61296,890,151766,664,213062,California
Solano,2021-05-09,442,357594,265,179908,166,169244,11,8442,177,61223,262,152028,189,213251,California
Solano,2021-05-10,1330,358924,608,180516,616,169860,106,8548,389,60781,936,152964,494,213745,California
Solano,2021-05-11,2268,361192,1141,181657,1038,170898,89,8637,641,59889,1622,154586,730,214475,California
Solano,2021-05-12,2126,363318,1206,182863,744,171642,176,8813,700,59350,1412,155998,873,215348,California
Solano,2021-05-13,3027,366345,2069,184932,746,172388,212,9025,1597,59732,1427,157425,1809,217157,California
Solano,2021-05-14,2415,368760,1630,186562,664,173052,121,9146,1005,59457,1401,158826,1126,218283,California
Solano,2021-05-15,3131,371891,2478,189040,568,173620,85,9231,1198,58818,1921,160747,1282,219565,California
Solano,2021-05-16,1491,373382,1092,190132,367,173987,32,9263,248,57857,1240,161987,279,219844,California
Solano,2021-05-17,2446,375828,1399,191531,961,174948,86,9349,867,57247,1559,163546,949,220793,California
Solano,2021-05-18,2907,378735,1617,193148,1201,176149,89,9438,1454,57349,1441,164987,1543,222336,California
Solano,2021-05-19,5095,383830,3557,196705,1432,177581,106,9544,1961,56293,3124,168111,2068,224404,California
Solano,2021-05-20,2596,386426,1562,198267,975,178556,59,9603,949,55663,1638,169749,1008,225412,California
Solano,2021-05-21,3539,389965,1863,200130,1609,180165,67,9670,1393,54988,2135,171884,1460,226872,California
Solano,2021-05-22,2379,392344,1777,201907,535,180700,67,9737,985,54655,1385,173269,1052,227924,California
Solano,2021-05-23,1362,393706,1120,203027,219,180919,23,9760,728,54775,631,173900,751,228675,California
Solano,2021-05-24,1836,395542,1039,204066,725,181644,72,9832,615,54246,1215,175115,686,229361,California
Solano,2021-05-25,1622,397164,816,204882,746,182390,60,9892,586,53863,1028,176143,645,230006,California
Solano,2021-05-26,1882,399046,1083,205965,744,183134,55,9947,709,53459,1168,177311,764,230770,California
Solano,2021-05-27,2135,401181,944,206909,1116,184250,75,10022,890,53187,1236,178547,964,231734,California
Solano,2021-05-28,2023,403204,1035,207944,937,185187,51,10073,769,52762,1246,179793,821,232555,California
Solano,2021-05-29,649,403853,321,208265,298,185485,30,10103,321,52786,326,180119,350,232905,California
Solano,2021-05-30,323,404176,155,208420,143,185628,25,10128,119,52729,201,180320,144,233049,California
Solano,2021-05-31,127,404303,18,208438,100,185728,9,10137,24,52659,103,180423,33,233082,California
Solano,2021-06-01,1829,406132,1172,209610,579,186307,78,10215,761,52434,1063,181486,838,233920,California
Solano,2021-06-02,1710,407842,1174,210784,471,186778,65,10280,845,52482,859,182345,907,234827,California
Solano,2021-06-03,2003,409845,1550,212334,372,187150,81,10361,595,51756,1403,183748,677,235504,California
Solano,2021-06-04,1651,411496,1148,213482,439,187589,64,10425,556,51285,1091,184839,620,236124,California
Solano,2021-06-05,1392,412888,999,214481,342,187931,51,10476,472,50894,914,185753,523,236647,California
Solano,2021-06-06,528,413416,422,214903,85,188016,21,10497,264,50916,263,186016,285,236932,California
Solano,2021-06-07,1240,414656,943,215846,234,188250,63,10560,419,50581,817,186833,482,237414,California
Solano,2021-06-08,1718,416374,1208,217054,476,188726,34,10594,461,49824,1252,188085,495,237909,California
Solano,2021-06-09,1168,417542,938,217992,182,188908,48,10642,333,49372,833,188918,381,238290,California
Solano,2021-06-10,898,418440,610,218602,229,189137,59,10701,300,49139,593,189511,360,238650,California
Solano,2021-06-11,870,419310,611,219213,216,189353,43,10744,337,48987,532,190043,380,239030,California
Solano,2021-06-12,721,420031,600,219813,71,189424,50,10794,80,48480,637,190680,130,239160,California
Sonoma,2020-12-15,4,4,4,4,0,0,0,0,4,4,0,0,4,4,California
Sonoma,2020-12-16,28,32,28,32,0,0,0,0,28,32,0,0,28,32,California
Sonoma,2020-12-17,109,141,109,141,0,0,0,0,109,141,0,0,109,141,California
Sonoma,2020-12-18,438,579,438,579,0,0,0,0,438,579,0,0,438,579,California
Sonoma,2020-12-19,111,690,110,689,1,1,0,0,111,690,0,0,111,690,California
Sonoma,2020-12-20,176,866,176,865,0,1,0,0,176,866,0,0,176,866,California
Sonoma,2020-12-21,911,1777,909,1774,2,3,0,0,910,1776,0,0,910,1776,California
Sonoma,2020-12-22,1356,3133,1266,3040,90,93,0,0,1356,3132,0,0,1356,3132,California
Sonoma,2020-12-23,1606,4739,1233,4273,373,466,0,0,1607,4739,0,0,1607,4739,California
Sonoma,2020-12-24,311,5050,102,4375,209,675,0,0,311,5050,0,0,311,5050,California
Sonoma,2020-12-25,9,5059,2,4377,7,682,0,0,9,5059,0,0,9,5059,California
Sonoma,2020-12-26,268,5327,257,4634,11,693,0,0,268,5327,0,0,268,5327,California
Sonoma,2020-12-27,96,5423,81,4715,15,708,0,0,96,5423,0,0,96,5423,California
Sonoma,2020-12-28,982,6405,548,5263,434,1142,0,0,955,6378,0,0,955,6378,California
Sonoma,2020-12-29,1132,7537,780,6043,352,1494,0,0,1098,7476,0,0,1098,7476,California
Sonoma,2020-12-30,1094,8631,479,6522,615,2109,0,0,1086,8562,0,0,1086,8562,California
Sonoma,2020-12-31,520,9151,70,6592,450,2559,0,0,521,9083,0,0,521,9083,California
Sonoma,2021-01-01,46,9197,24,6616,22,2581,0,0,46,9129,0,0,46,9129,California
Sonoma,2021-01-02,133,9330,127,6743,6,2587,0,0,133,9262,0,0,133,9262,California
Sonoma,2021-01-03,25,9355,10,6753,15,2602,0,0,25,9287,0,0,25,9287,California
Sonoma,2021-01-04,340,9695,105,6858,235,2837,0,0,339,9626,0,0,339,9626,California
Sonoma,2021-01-05,430,10125,99,6957,331,3168,0,0,404,10014,16,16,404,10030,California
Sonoma,2021-01-06,947,11072,432,7389,515,3683,0,0,834,10741,107,123,834,10864,California
Sonoma,2021-01-07,1031,12103,537,7926,494,4177,0,0,856,11423,174,297,856,11720,California
Sonoma,2021-01-08,1803,13906,1241,9167,562,4739,0,0,1317,12256,484,781,1317,13037,California
Sonoma,2021-01-09,642,14548,402,9569,240,4979,0,0,595,12804,47,828,595,13632,California
Sonoma,2021-01-10,475,15023,464,10033,11,4990,0,0,278,12885,197,1025,278,13910,California
Sonoma,2021-01-11,1388,16411,1241,11274,147,5137,0,0,415,12332,968,1993,415,14325,California
Sonoma,2021-01-12,1547,17958,1293,12567,254,5391,0,0,396,11579,1149,3142,396,14721,California
Sonoma,2021-01-13,2048,20006,1372,13939,676,6067,0,0,1179,11893,866,4008,1180,15901,California
Sonoma,2021-01-14,1541,21547,807,14746,734,6801,0,0,1312,12977,229,4237,1313,17214,California
Sonoma,2021-01-15,1562,23109,627,15373,935,7736,0,0,1340,14105,213,4450,1341,18555,California
Sonoma,2021-01-16,1148,24257,615,15988,533,8269,0,0,902,14765,242,4692,902,19457,California
Sonoma,2021-01-17,672,24929,551,16539,121,8390,0,0,592,15277,80,4772,592,20049,California
Sonoma,2021-01-18,1104,26033,934,17473,170,8560,0,0,615,15404,489,5261,616,20665,California
Sonoma,2021-01-19,2100,28133,1000,18473,1100,9660,0,0,1388,16083,710,5971,1389,22054,California
Sonoma,2021-01-20,2110,30243,633,19106,1477,11137,0,0,1438,16860,662,6633,1439,23493,California
Sonoma,2021-01-21,2298,32541,648,19754,1650,12787,0,0,2074,18714,222,6855,2076,25569,California
Sonoma,2021-01-22,2757,35298,1052,20806,1705,14492,0,0,2609,21176,147,7002,2609,28178,California
Sonoma,2021-01-23,765,36063,592,21398,173,14665,0,0,656,21724,108,7110,656,28834,California
Sonoma,2021-01-24,849,36912,718,22116,131,14796,0,0,831,22537,18,7128,831,29665,California
Sonoma,2021-01-25,2182,39094,518,22634,1664,16460,0,0,1692,23739,490,7618,1692,31357,California
Sonoma,2021-01-26,2057,41151,303,22937,1754,18214,0,0,1597,24877,459,8077,1597,32954,California
Sonoma,2021-01-27,3761,44912,1288,24225,2473,20687,0,0,3180,27480,579,8656,3182,36136,California
Sonoma,2021-01-28,4147,49059,1850,26075,2297,22984,0,0,3467,30272,677,9333,3469,39605,California
Sonoma,2021-01-29,3024,52083,1424,27499,1600,24584,0,0,2176,31603,846,10179,2177,41782,California
Sonoma,2021-01-30,2596,54679,2405,29904,191,24775,0,0,2250,33509,345,10524,2251,44033,California
Sonoma,2021-01-31,809,55488,694,30598,115,24890,0,0,577,33855,231,10755,577,44610,California
Sonoma,2021-02-01,2488,57976,854,31452,1634,26524,0,0,2108,35586,377,11132,2108,46718,California
Sonoma,2021-02-02,3605,61581,1401,32853,2204,28728,0,0,3025,38034,577,11709,3025,49743,California
Sonoma,2021-02-03,4056,65637,1330,34183,2726,31454,0,0,3118,40218,934,12643,3118,52861,California
Sonoma,2021-02-04,4222,69859,1727,35910,2495,33949,0,0,3426,42851,794,13437,3427,56288,California
Sonoma,2021-02-05,4834,74693,1751,37661,3083,37032,0,0,3805,45632,1025,14462,3806,60094,California
Sonoma,2021-02-06,2668,77361,2303,39964,365,37397,0,0,2134,47233,533,14995,2134,62228,California
Sonoma,2021-02-07,1553,78914,1414,41378,139,37536,0,0,1297,48274,256,15251,1297,63525,California
Sonoma,2021-02-08,3278,82192,1041,42419,2237,39773,0,0,2685,50367,592,15843,2685,66210,California
Sonoma,2021-02-09,3585,85777,1704,44123,1881,41654,0,0,3106,52997,477,16320,3107,69317,California
Sonoma,2021-02-10,4562,90339,2491,46614,2071,43725,0,0,3556,55554,1000,17320,3557,72874,California
Sonoma,2021-02-11,5603,95942,3036,49650,2567,46292,0,0,4413,58780,1187,18507,4413,77287,California
Sonoma,2021-02-12,5947,101889,3270,52920,2677,48969,0,0,4502,61845,1441,19948,4506,81793,California
Sonoma,2021-02-13,1996,103885,1155,54075,841,49810,0,0,1201,62254,792,20740,1201,82994,California
Sonoma,2021-02-14,2334,106219,1838,55913,496,50306,0,0,1590,63104,740,21480,1590,84584,California
Sonoma,2021-02-15,2151,108370,800,56713,1351,51657,0,0,1610,64173,541,22021,1610,86194,California
Sonoma,2021-02-16,4921,113291,2058,58771,2863,54520,0,0,3648,66554,1268,23289,3649,89843,California
Sonoma,2021-02-17,5636,118927,2925,61696,2711,57231,0,0,3590,68110,2037,25326,3593,93436,California
Sonoma,2021-02-18,6977,125904,3147,64843,3830,61061,0,0,4022,69190,2943,28269,4023,97459,California
Sonoma,2021-02-19,5587,131491,1683,66526,3904,64965,0,0,3457,70524,2125,30394,3459,100918,California
Sonoma,2021-02-20,3128,134619,2838,69364,290,65255,0,0,1213,69828,1909,32303,1213,102131,California
Sonoma,2021-02-21,534,135153,423,69787,111,65366,0,0,137,69574,391,32694,137,102268,California
Sonoma,2021-02-22,2962,138115,1407,71194,1555,66921,0,0,1232,69081,1725,34419,1232,103500,California
Sonoma,2021-02-23,3455,141570,2121,73315,1334,68255,0,0,1613,68857,1837,36256,1613,105113,California
Sonoma,2021-02-24,5732,147302,2584,75899,3148,71403,0,0,2939,69012,2786,39042,2941,108054,California
Sonoma,2021-02-25,6022,153324,2353,78252,3669,75072,0,0,3239,69491,2760,41802,3239,111293,California
Sonoma,2021-02-26,6653,159977,2942,81194,3711,78783,0,0,4227,71299,2419,44221,4227,115520,California
Sonoma,2021-02-27,4221,164198,1970,83164,2251,81034,0,0,2834,72748,1385,45606,2834,118354,California
Sonoma,2021-02-28,2511,166709,1857,85021,653,81687,1,1,765,71777,1737,47343,766,119120,California
Sonoma,2021-03-01,4127,170836,1310,86331,2816,84503,1,2,2167,71997,1949,49292,2169,121289,California
Sonoma,2021-03-02,4429,175265,1521,87852,2907,87410,1,3,2563,72702,1859,51151,2564,123853,California
Sonoma,2021-03-03,5071,180336,2643,90495,2428,89838,0,3,2331,72301,2732,53883,2331,126184,California
Sonoma,2021-03-04,5995,186331,2697,93192,3298,93136,0,3,2604,71528,3377,57260,2604,128788,California
Sonoma,2021-03-05,6504,192835,2875,96067,3614,96750,15,18,2737,70528,3753,61013,2753,131541,California
Sonoma,2021-03-06,2802,195637,1229,97296,1437,98187,136,154,1924,71716,871,61884,2059,133600,California
Sonoma,2021-03-07,1756,197393,1423,98719,297,98484,36,190,398,70794,1356,63240,434,134034,California
Sonoma,2021-03-08,4087,201480,659,99378,3253,101737,175,365,2406,71703,1670,64910,2579,136613,California
Sonoma,2021-03-09,5630,207110,3102,102480,2259,103996,269,634,2775,71888,2846,67756,3031,139644,California
Sonoma,2021-03-10,6045,213155,3206,105686,2489,106485,350,984,2438,71081,3593,71349,2786,142430,California
Sonoma,2021-03-11,7565,220720,3032,108718,3710,110195,823,1807,2567,69484,4985,76334,3388,145818,California
Sonoma,2021-03-12,7429,228149,2260,110978,3796,113991,1373,3180,2098,67639,5311,81645,3466,149284,California
Sonoma,2021-03-13,3435,231584,1694,112672,1499,115490,242,3422,2010,68463,1424,83069,2248,151532,California
Sonoma,2021-03-14,1383,232967,379,113051,862,116352,142,3564,845,68914,535,83604,986,152518,California
Sonoma,2021-03-15,5257,238224,1520,114571,3350,119702,387,3951,2171,68395,3075,86679,2556,155074,California
Sonoma,2021-03-16,6314,244538,2258,116829,3824,123526,232,4183,2903,68125,3403,90082,3133,158207,California
Sonoma,2021-03-17,6814,251352,3569,120398,3062,126588,183,4366,3290,68086,3510,93592,3471,161678,California
Sonoma,2021-03-18,7157,258509,2948,123346,3593,130181,616,4982,3124,67799,4023,97615,3736,165414,California
Sonoma,2021-03-19,7533,266042,3271,126617,4034,134215,228,5210,3058,66634,4455,102070,3290,168704,California
Sonoma,2021-03-20,3719,269761,1753,128370,1137,135352,829,6039,2016,67778,1696,103766,2840,171544,California
Sonoma,2021-03-21,1386,271147,598,128968,753,136105,35,6074,1202,68836,179,103945,1237,172781,California
Sonoma,2021-03-22,4582,275729,3122,132090,1360,137465,100,6174,3341,71042,1235,105180,3441,176222,California
Sonoma,2021-03-23,5881,281610,3645,135735,2165,139630,71,6245,4443,74128,1428,106608,4514,180736,California
Sonoma,2021-03-24,6851,288461,4304,140039,2473,142103,74,6319,4185,75740,2645,109253,4257,184993,California
Sonoma,2021-03-25,7150,295611,4212,144251,2826,144929,112,6431,4295,77320,2828,112081,4408,189401,California
Sonoma,2021-03-26,7464,303075,3472,147723,3899,148828,93,6524,3819,77609,3622,115703,3911,193312,California
Sonoma,2021-03-27,3901,306976,1508,149231,2024,150852,369,6893,1044,76173,2847,118550,1411,194723,California
Sonoma,2021-03-28,1515,308491,947,150178,540,151392,28,6921,798,76285,713,119263,825,195548,California
Sonoma,2021-03-29,2975,311466,1107,151285,1835,153227,33,6954,1534,76419,1433,120696,1567,197115,California
Sonoma,2021-03-30,5889,317355,3235,154520,2592,155819,62,7016,3054,76709,2826,123522,3116,200231,California
Sonoma,2021-03-31,5624,322979,3405,157925,2002,157821,217,7233,3249,77814,2361,125883,3466,203697,California
Sonoma,2021-04-01,6961,329940,4076,162001,2539,160360,346,7579,3775,78766,3159,129042,4111,207808,California
Sonoma,2021-04-02,5960,335900,3569,165570,2282,162642,109,7688,3586,80096,2364,131406,3694,211502,California
Sonoma,2021-04-03,3651,339551,1823,167393,1603,164245,225,7913,1604,79889,2034,133440,1827,213329,California
Sonoma,2021-04-04,1068,340619,693,168086,284,164529,91,8004,653,80223,410,133850,744,214073,California
Sonoma,2021-04-05,4448,345067,647,168733,3455,167984,346,8350,1671,79469,2770,136620,2016,216089,California
Sonoma,2021-04-06,6940,352007,3514,172247,3019,171003,407,8757,4038,81024,2888,139508,4443,220532,California
Sonoma,2021-04-07,6871,358878,3882,176129,2150,173153,839,9596,3346,81690,3512,143020,4178,224710,California
Sonoma,2021-04-08,7671,366549,4146,180275,2749,175902,776,10372,4208,83215,3454,146474,4979,229689,California
Sonoma,2021-04-09,6864,373413,3831,184106,2142,178044,891,11263,3539,84327,3311,149785,4423,234112,California
Sonoma,2021-04-10,3925,377338,1704,185810,1661,179705,560,11823,1152,83270,2762,152547,1705,235817,California
Sonoma,2021-04-11,1284,378622,605,186415,598,180303,81,11904,439,82946,844,153391,520,236337,California
Sonoma,2021-04-12,4973,383595,2068,188483,2419,182722,486,12390,1852,82168,3109,156500,2331,238668,California
Sonoma,2021-04-13,7925,391520,4666,193149,3256,185978,3,12393,3033,80328,4881,161381,3041,241709,California
Sonoma,2021-04-14,6629,398149,3773,196922,2835,188813,21,12414,2554,78839,4062,165443,2573,244282,California
Sonoma,2021-04-15,7281,405430,4122,201044,3159,191972,0,12414,3604,78781,3665,169108,3607,247889,California
Sonoma,2021-04-16,6817,412247,3415,204459,3400,195372,2,12416,3861,79698,2946,172054,3863,251752,California
Sonoma,2021-04-17,3206,415453,1565,206024,1641,197013,0,12416,1551,79610,1640,173694,1552,253304,California
Sonoma,2021-04-18,1287,416740,895,206919,392,197405,0,12416,453,79230,833,174527,453,253757,California
Sonoma,2021-04-19,3319,420059,1883,208802,1435,198840,1,12417,1447,78810,1868,176395,1448,255205,California
Sonoma,2021-04-20,6283,426342,3471,212273,2811,201651,1,12418,2333,77208,3937,180332,2335,257540,California
Sonoma,2021-04-21,6628,432970,4235,216508,2391,204042,2,12420,3047,76696,3560,183892,3048,260588,California
Sonoma,2021-04-22,6257,439227,4484,220992,1773,205815,0,12420,2524,75504,3716,187608,2524,263112,California
Sonoma,2021-04-23,7439,446666,4633,225625,2800,208615,6,12426,3637,75360,3788,191396,3644,266756,California
Sonoma,2021-04-24,2774,449440,1504,227129,1255,209870,15,12441,1543,75692,1226,192622,1558,268314,California
Sonoma,2021-04-25,1086,450526,790,227919,296,210166,0,12441,429,75467,654,193276,429,268743,California
Sonoma,2021-04-26,2933,453459,1407,229326,1498,211664,28,12469,1616,75802,1309,194585,1644,270387,California
Sonoma,2021-04-27,5488,458947,3727,233053,1638,213302,123,12592,2251,74950,3226,197811,2374,272761,California
Sonoma,2021-04-28,4902,463849,3230,236283,1475,214777,197,12789,2093,74442,2793,200604,2285,275046,California
Sonoma,2021-04-29,5095,468944,3586,239869,1364,216141,145,12934,1920,73344,3163,203767,2065,277111,California
Sonoma,2021-04-30,5467,474411,3632,243501,1540,217681,295,13229,1813,71814,3638,207405,2108,279219,California
Sonoma,2021-05-01,2483,476894,1785,245286,593,218274,105,13334,1235,71910,1240,208645,1336,280555,California
Sonoma,2021-05-02,870,477764,650,245936,169,218443,51,13385,554,72200,316,208961,606,281161,California
Sonoma,2021-05-03,3189,480953,1686,247622,1358,219801,145,13530,1053,71270,2126,211087,1196,282357,California
Sonoma,2021-05-04,4590,485543,2404,250026,2008,221809,178,13708,1457,69791,3109,214196,1630,283987,California
Sonoma,2021-05-05,3674,489217,2176,252202,1303,223112,195,13903,1310,68942,2352,216548,1503,285490,California
Sonoma,2021-05-06,4561,493778,2407,254609,2028,225140,126,14029,1314,67195,3184,219732,1437,286927,California
Sonoma,2021-05-07,3609,497387,2319,256928,1165,226305,125,14154,1089,65898,2510,222242,1213,288140,California
Sonoma,2021-05-08,1859,499246,1259,258187,508,226813,92,14246,743,65628,1105,223347,835,288975,California
Sonoma,2021-05-09,503,499749,287,258474,175,226988,41,14287,169,65508,330,223677,210,289185,California
Sonoma,2021-05-10,2320,502069,1045,259519,1141,228129,134,14421,291,63915,2015,225692,422,289607,California
Sonoma,2021-05-11,3553,505622,1907,261426,1522,229651,124,14545,930,62363,2606,228298,1054,290661,California
Sonoma,2021-05-12,4005,509627,2478,263904,1376,231027,151,14696,852,60224,3141,231439,1002,291663,California
Sonoma,2021-05-13,4934,514561,2840,266744,1964,232991,130,14826,1664,58758,3258,234697,1792,293455,California
Sonoma,2021-05-14,5795,520356,3597,270341,2061,235052,137,14963,2207,57530,3573,238270,2345,295800,California
Sonoma,2021-05-15,2918,523274,2145,272486,712,235764,61,15024,1844,58368,1066,239336,1904,297704,California
Sonoma,2021-05-16,1310,524584,1093,273579,158,235922,59,15083,976,59073,330,239666,1035,298739,California
Sonoma,2021-05-17,2439,527023,1814,275393,530,236452,95,15178,896,58524,1538,241204,989,299728,California
Sonoma,2021-05-18,4330,531353,2855,278248,1366,237818,109,15287,1475,57270,2837,244041,1583,301311,California
Sonoma,2021-05-19,3745,535098,2409,280657,1221,239039,115,15402,1492,56637,2240,246281,1607,302918,California
Sonoma,2021-05-20,3376,538474,2243,282900,1039,240078,94,15496,1344,56051,2019,248300,1433,304351,California
Sonoma,2021-05-21,4210,542684,2397,285297,1684,241762,129,15625,1508,54992,2681,250981,1622,305973,California
Sonoma,2021-05-22,2334,545018,1278,286575,1016,242778,40,15665,666,54042,1656,252637,706,306679,California
Sonoma,2021-05-23,1466,546484,1198,287773,252,243030,16,15681,758,54114,702,253339,774,307453,California
Sonoma,2021-05-24,1966,548450,1249,289022,586,243616,131,15812,646,53600,1291,254630,777,308230,California
Sonoma,2021-05-25,2923,551373,1800,290822,1035,244651,88,15900,741,52259,2169,256799,828,309058,California
Sonoma,2021-05-26,2480,553853,1733,292555,637,245288,110,16010,1001,51899,1468,258267,1108,310166,California
Sonoma,2021-05-27,2083,555936,1139,293694,848,246136,96,16106,702,51323,1373,259640,797,310963,California
Sonoma,2021-05-28,2145,558081,1127,294821,925,247061,93,16199,620,50523,1513,261153,713,311676,California
Sonoma,2021-05-29,1335,559416,914,295735,353,247414,68,16267,646,50558,679,261832,714,312390,California
Sonoma,2021-05-30,339,559755,210,295945,119,247533,10,16277,135,50503,200,262032,145,312535,California
Sonoma,2021-05-31,70,559825,26,295971,43,247576,1,16278,17,50468,53,262085,18,312553,California
Sonoma,2021-06-01,1936,561761,1114,297085,745,248321,77,16355,707,50032,1216,263301,780,313333,California
Sonoma,2021-06-02,1575,563336,965,298050,496,248817,114,16469,667,49909,903,264204,780,314113,California
Sonoma,2021-06-03,1995,565331,1389,299439,527,249344,79,16548,444,48888,1543,265747,522,314635,California
Sonoma,2021-06-04,2691,568022,2201,301640,383,249727,107,16655,520,47352,2162,267909,626,315261,California
Sonoma,2021-06-05,1795,569817,1483,303123,281,250008,31,16686,291,46174,1500,269409,322,315583,California
Sonoma,2021-06-06,1009,570826,933,304056,68,250076,8,16694,157,45490,849,270258,165,315748,California
Sonoma,2021-06-07,1470,572296,1241,305297,175,250251,54,16748,333,44745,1129,271387,384,316132,California
Sonoma,2021-06-08,1864,574160,1503,306800,321,250572,40,16788,515,43962,1337,272724,554,316686,California
Sonoma,2021-06-09,1116,575276,889,307689,176,250748,51,16839,273,43455,831,273555,324,317010,California
Sonoma,2021-06-10,1523,576799,1254,308943,187,250935,82,16921,484,42990,1030,274585,565,317575,California
Sonoma,2021-06-11,1489,578288,1260,310203,157,251092,72,16993,372,42321,1113,275698,444,318019,California
Sonoma,2021-06-12,739,579027,599,310802,100,251192,40,17033,227,42079,509,276207,267,318286,California
Stanislaus,2020-12-15,4,4,4,4,0,0,0,0,4,4,0,0,4,4,California
Stanislaus,2020-12-16,36,40,36,40,0,0,0,0,36,40,0,0,36,40,California
Stanislaus,2020-12-17,74,114,74,114,0,0,0,0,74,114,0,0,74,114,California
Stanislaus,2020-12-18,342,456,336,450,6,6,0,0,342,456,0,0,342,456,California
Stanislaus,2020-12-19,132,588,132,582,0,6,0,0,132,588,0,0,132,588,California
Stanislaus,2020-12-20,86,674,86,668,0,6,0,0,86,674,0,0,86,674,California
Stanislaus,2020-12-21,996,1670,995,1663,1,7,0,0,995,1669,1,1,996,1670,California
Stanislaus,2020-12-22,793,2463,781,2444,12,19,0,0,793,2462,0,1,793,2463,California
Stanislaus,2020-12-23,447,2910,429,2873,18,37,0,0,446,2908,1,2,447,2910,California
Stanislaus,2020-12-24,96,3006,88,2961,8,45,0,0,96,3004,0,2,96,3006,California
Stanislaus,2020-12-26,52,3058,9,2970,43,88,0,0,52,3056,0,2,52,3058,California
Stanislaus,2020-12-27,11,3069,6,2976,5,93,0,0,11,3067,0,2,11,3069,California
Stanislaus,2020-12-28,487,3556,394,3370,93,186,0,0,487,3554,0,2,487,3556,California
Stanislaus,2020-12-29,495,4051,415,3785,80,266,0,0,495,4049,0,2,495,4051,California
Stanislaus,2020-12-30,535,4586,281,4066,254,520,0,0,534,4582,1,3,534,4585,California
Stanislaus,2020-12-31,278,4864,157,4223,121,641,0,0,278,4860,0,3,278,4863,California
Stanislaus,2021-01-01,15,4879,6,4229,9,650,0,0,15,4875,0,3,15,4878,California
Stanislaus,2021-01-02,33,4912,26,4255,7,657,0,0,33,4908,0,3,33,4911,California
Stanislaus,2021-01-03,90,5002,87,4342,3,660,0,0,90,4998,0,3,90,5001,California
Stanislaus,2021-01-04,231,5233,153,4495,78,738,0,0,231,5229,0,3,231,5232,California
Stanislaus,2021-01-05,840,6073,347,4842,493,1231,0,0,815,6028,24,27,823,6055,California
Stanislaus,2021-01-06,1000,7073,599,5441,401,1632,0,0,926,6887,71,98,930,6985,California
Stanislaus,2021-01-07,1079,8152,705,6146,374,2006,0,0,885,7587,188,286,888,7873,California
Stanislaus,2021-01-08,1273,9425,718,6864,555,2561,0,0,928,8179,342,628,934,8807,California
Stanislaus,2021-01-09,290,9715,142,7006,148,2709,0,0,201,8291,89,717,201,9008,California
Stanislaus,2021-01-10,48,9763,21,7027,27,2736,0,0,29,8301,19,736,29,9037,California
Stanislaus,2021-01-11,1494,11257,1212,8239,282,3018,0,0,571,7973,917,1653,589,9626,California
Stanislaus,2021-01-12,1473,12730,867,9106,606,3624,0,0,829,8173,640,2293,840,10466,California
Stanislaus,2021-01-13,1447,14177,688,9794,759,4383,0,0,1122,8983,324,2617,1134,11600,California
Stanislaus,2021-01-14,2245,16422,286,10080,1959,6342,0,0,2070,10954,172,2789,2143,13743,California
Stanislaus,2021-01-15,2824,19246,1157,11237,1667,8009,0,0,2665,13549,155,2944,2750,16493,California
Stanislaus,2021-01-16,473,19719,50,11287,423,8432,0,0,454,13987,18,2962,456,16949,California
Stanislaus,2021-01-17,244,19963,202,11489,42,8474,0,0,237,14218,6,2968,237,17186,California
Stanislaus,2021-01-18,2188,22151,1021,12510,1167,9641,0,0,1793,15699,390,3358,1871,19057,California
Stanislaus,2021-01-19,1253,23404,723,13233,530,10171,0,0,802,16055,447,3805,803,19860,California
Stanislaus,2021-01-20,1013,24417,490,13723,523,10694,0,0,718,16479,294,4099,718,20578,California
Stanislaus,2021-01-21,3691,28108,2978,16701,713,11407,0,0,3353,19614,334,4433,3469,24047,California
Stanislaus,2021-01-22,1100,29208,309,17010,791,12198,0,0,1056,20633,40,4473,1059,25106,California
Stanislaus,2021-01-23,357,29565,42,17052,315,12513,0,0,298,20874,58,4531,299,25405,California
Stanislaus,2021-01-24,302,29867,100,17152,202,12715,0,0,236,21046,66,4597,238,25643,California
Stanislaus,2021-01-25,3159,33026,228,17380,2931,15646,0,0,2823,23725,300,4897,2979,28622,California
Stanislaus,2021-01-26,1729,34755,748,18128,981,16627,0,0,1299,24618,423,5320,1316,29938,California
Stanislaus,2021-01-27,1894,36649,1051,19179,843,17470,0,0,1187,25146,660,5980,1188,31126,California
Stanislaus,2021-01-28,2209,38858,1512,20691,697,18167,0,0,1716,26442,484,6464,1780,32906,California
Stanislaus,2021-01-29,2447,41305,1198,21889,1249,19416,0,0,1911,27916,490,6954,1964,34870,California
Stanislaus,2021-01-30,294,41599,134,22023,160,19576,0,0,230,28093,53,7007,230,35100,California
Stanislaus,2021-01-31,368,41967,314,22337,54,19630,0,0,353,28434,12,7019,353,35453,California
Stanislaus,2021-02-01,1295,43262,584,22921,711,20341,0,0,940,29031,344,7363,941,36394,California
Stanislaus,2021-02-02,1210,44472,346,23267,864,21205,0,0,773,29381,425,7788,775,37169,California
Stanislaus,2021-02-03,2615,47087,1235,24502,1380,22585,0,0,1916,30618,694,8482,1931,39100,California
Stanislaus,2021-02-04,2090,49177,710,25212,1380,23965,0,0,1581,31711,494,8976,1587,40687,California
Stanislaus,2021-02-05,2849,52026,1467,26679,1382,25347,0,0,1591,32121,1194,10170,1604,42291,California
Stanislaus,2021-02-06,886,52912,299,26978,587,25934,0,0,693,32625,191,10361,695,42986,California
Stanislaus,2021-02-07,231,53143,206,27184,25,25959,0,0,42,32482,186,10547,43,43029,California
Stanislaus,2021-02-08,2039,55182,1338,28522,701,26660,0,0,1100,32712,896,11443,1126,44155,California
Stanislaus,2021-02-09,1840,57022,783,29305,1057,27717,0,0,1045,32996,771,12214,1055,45210,California
Stanislaus,2021-02-10,1938,58960,534,29839,1404,29121,0,0,1012,33108,902,13116,1014,46224,California
Stanislaus,2021-02-11,5402,64362,3274,33113,2128,31249,0,0,1231,30399,3946,17062,1237,47461,California
Stanislaus,2021-02-12,3303,67665,916,34029,2387,33636,0,0,1453,30094,1767,18829,1462,48923,California
Stanislaus,2021-02-13,1352,69017,650,34679,702,34338,0,0,982,30717,363,19192,986,49909,California
Stanislaus,2021-02-14,416,69433,164,34843,252,34590,0,0,349,31001,65,19257,349,50258,California
Stanislaus,2021-02-15,1816,71249,229,35072,1587,36177,0,0,578,30461,1122,20379,582,50840,California
Stanislaus,2021-02-16,1363,72612,423,35495,940,37117,0,0,579,30270,772,21151,581,51421,California
Stanislaus,2021-02-17,2758,75370,1689,37184,1069,38186,0,0,1920,31369,833,21984,1932,53353,California
Stanislaus,2021-02-18,3365,78735,1904,39088,1461,39647,0,0,1779,31691,1495,23479,1817,55170,California
Stanislaus,2021-02-19,2772,81507,1075,40163,1697,41344,0,0,1515,32020,1210,24689,1539,56709,California
Stanislaus,2021-02-20,751,82258,382,40545,369,41713,0,0,475,32240,256,24945,476,57185,California
Stanislaus,2021-02-21,905,83163,691,41236,214,41927,0,0,544,32458,337,25282,555,57740,California
Stanislaus,2021-02-22,2348,85511,1695,42931,653,42580,0,0,1631,33393,697,25979,1632,59372,California
Stanislaus,2021-02-23,3748,89259,680,43611,3068,45648,0,0,1742,33306,1840,27819,1753,61125,California
Stanislaus,2021-02-24,4186,93445,2853,46464,1333,46981,0,0,3122,35389,1042,28861,3125,64250,California
Stanislaus,2021-02-25,3951,97396,2715,49179,1236,48217,0,0,3146,37753,785,29646,3149,67399,California
Stanislaus,2021-02-26,4214,101610,1214,50393,3000,51217,0,0,2836,39279,1322,30968,2848,70247,California
Stanislaus,2021-02-27,2091,103701,712,51105,1378,52595,1,1,1858,40935,204,31172,1860,72107,California
Stanislaus,2021-02-28,824,104525,261,51366,563,53158,0,1,775,41673,38,31210,776,72883,California
Stanislaus,2021-03-01,2791,107316,1645,53011,1144,54302,2,3,1639,42217,1109,32319,1653,74536,California
Stanislaus,2021-03-02,2395,109711,1425,54436,969,55271,1,4,1659,43158,721,33040,1662,76198,California
Stanislaus,2021-03-03,3715,113426,2232,56668,1479,56750,4,8,2904,45272,793,33833,2907,79105,California
Stanislaus,2021-03-04,5440,118866,3107,59775,2317,59067,16,24,4188,48253,1219,35052,4200,83305,California
Stanislaus,2021-03-05,4085,122951,1120,60895,2949,62016,16,40,3087,50385,970,36022,3102,86407,California
Stanislaus,2021-03-06,3573,126524,2226,63121,1254,63270,93,133,2719,52349,850,36872,2814,89221,California
Stanislaus,2021-03-07,853,127377,387,63508,430,63700,36,169,667,52871,181,37053,703,89924,California
Stanislaus,2021-03-08,1991,129368,862,64370,1040,64740,89,258,1332,53651,640,37693,1420,91344,California
Stanislaus,2021-03-09,2178,131546,904,65274,1182,65922,92,350,1632,54846,534,38227,1729,93073,California
Stanislaus,2021-03-10,5069,136615,2504,67778,2339,68261,226,576,3736,57509,1312,39539,3975,97048,California
Stanislaus,2021-03-11,5715,142330,3140,70918,2099,70360,476,1052,4115,60677,1428,40967,4596,101644,California
Stanislaus,2021-03-12,5775,148105,1231,72149,2620,72980,1924,2976,2916,62682,2833,43800,4838,106482,California
Stanislaus,2021-03-13,3396,151501,2179,74328,1147,74127,70,3046,2699,64768,690,44490,2776,109258,California
Stanislaus,2021-03-14,988,152489,595,74923,342,74469,51,3097,485,64806,500,44990,538,109796,California
Stanislaus,2021-03-15,3688,156177,1974,76897,1353,75822,361,3458,1602,64787,1989,46979,1970,111766,California
Stanislaus,2021-03-16,4941,161118,2460,79357,2067,77889,414,3872,3550,67381,1369,48348,3963,115729,California
Stanislaus,2021-03-17,4717,165835,2848,82205,1691,79580,178,4050,2875,68630,1810,50158,3059,118788,California
Stanislaus,2021-03-18,5423,171258,3421,85626,1936,81516,66,4116,2931,69293,2339,52497,3002,121790,California
Stanislaus,2021-03-19,5921,177179,1540,87166,2861,84377,1520,5636,3104,71137,2777,55274,4621,126411,California
Stanislaus,2021-03-20,3843,181022,3012,90178,763,85140,68,5704,3367,74104,469,55743,3436,129847,California
Stanislaus,2021-03-21,1009,182031,905,91083,39,85179,65,5769,768,74700,237,55980,833,130680,California
Stanislaus,2021-03-22,2819,184850,1326,92409,769,85948,724,6493,1236,75109,1554,57534,1963,132643,California
Stanislaus,2021-03-23,3940,188790,2018,94427,1664,87612,258,6751,2800,77063,1123,58657,3077,135720,California
Stanislaus,2021-03-24,4560,193350,3221,97648,1266,88878,73,6824,2637,77900,1876,60533,2713,138433,California
Stanislaus,2021-03-25,4249,197599,2924,100572,1309,90187,16,6840,1814,77375,2356,62889,1831,140264,California
Stanislaus,2021-03-26,4757,202356,1334,101906,3349,93536,74,6914,2385,77508,2339,65228,2472,142736,California
Stanislaus,2021-03-27,4395,206751,2739,104645,1574,95110,82,6996,1377,75975,3000,68228,1467,144203,California
Stanislaus,2021-03-28,1105,207856,437,105082,560,95670,108,7104,317,75630,776,69004,431,144634,California
Stanislaus,2021-03-29,2977,210833,1826,106908,1112,96782,39,7143,1979,76666,988,69992,2024,146658,California
Stanislaus,2021-03-30,3679,214512,2066,108974,1587,98369,26,7169,2232,77492,1438,71430,2264,148922,California
Stanislaus,2021-03-31,5429,219941,3851,112825,1458,99827,120,7289,2774,77756,2634,74064,2898,151820,California
Stanislaus,2021-04-01,5735,225676,3839,116664,1807,101634,89,7378,2628,77401,3083,77147,2728,154548,California
Stanislaus,2021-04-02,5020,230696,1211,117875,3655,105289,154,7532,2242,77122,2687,79834,2408,156956,California
Stanislaus,2021-04-03,4541,235237,3300,121175,1205,106494,36,7568,2242,77123,2290,82124,2291,159247,California
Stanislaus,2021-04-04,1325,236562,472,121647,823,107317,30,7598,649,77138,668,82792,683,159930,California
Stanislaus,2021-04-05,3634,240196,2530,124177,856,108173,248,7846,2357,78481,1267,84059,2610,162540,California
Stanislaus,2021-04-06,5751,245947,4173,128350,1303,109476,275,8121,3077,79181,2659,86718,3359,165899,California
Stanislaus,2021-04-07,6353,252300,3602,131952,2326,111802,425,8546,2832,78943,3503,90221,3265,169164,California
Stanislaus,2021-04-08,5686,257986,3330,135282,1923,113725,433,8979,2776,79268,2886,93107,3211,172375,California
Stanislaus,2021-04-09,4822,262808,2103,137385,2345,116070,374,9353,2181,79220,2616,95723,2568,174943,California
Stanislaus,2021-04-10,6499,269307,3986,141371,874,116944,1639,10992,1997,78374,4476,100199,3630,178573,California
Stanislaus,2021-04-11,1516,270823,845,142216,538,117482,133,11125,663,78321,850,101049,797,179370,California
Stanislaus,2021-04-12,3590,274413,2044,144260,1101,118583,445,11570,1872,78949,1697,102746,2325,181695,California
Stanislaus,2021-04-13,5197,279610,3421,147681,1763,120346,13,11583,2919,79640,2236,104982,2927,184622,California
Stanislaus,2021-04-14,4680,284290,3275,150956,1403,121749,2,11585,2286,79574,2359,107341,2293,186915,California
Stanislaus,2021-04-15,5384,289674,3314,154270,2067,123816,3,11588,3228,80692,2114,109455,3232,190147,California
Stanislaus,2021-04-16,4307,293981,988,155258,3318,127134,1,11589,1818,80066,2447,111902,1821,191968,California
Stanislaus,2021-04-17,3164,297145,2130,157388,1034,128168,0,11589,1839,80596,1312,113214,1842,193810,California
Stanislaus,2021-04-18,534,297679,217,157605,315,128483,2,11591,409,80890,118,113332,412,194222,California
Stanislaus,2021-04-19,3456,301135,2448,160053,1007,129490,1,11592,1636,80746,1788,115120,1644,195866,California
Stanislaus,2021-04-20,3967,305102,2406,162459,1561,131051,0,11592,1727,80265,2210,117330,1729,197595,California
Stanislaus,2021-04-21,3827,308929,2558,165017,1268,132319,1,11593,1596,79678,2190,119520,1603,199198,California
Stanislaus,2021-04-22,3958,312887,2414,167431,1544,133863,0,11593,1579,78929,2333,121853,1584,200782,California
Stanislaus,2021-04-23,3594,316481,843,168274,2750,136613,1,11594,1467,78370,2034,123887,1475,202257,California
Stanislaus,2021-04-24,3795,320276,2940,171214,855,137468,0,11594,1796,78190,1981,125868,1801,204058,California
Stanislaus,2021-04-25,938,321214,481,171695,457,137925,0,11594,689,78640,243,126111,693,204751,California
Stanislaus,2021-04-26,3360,324574,2360,174055,994,138919,6,11600,1050,77413,2288,128399,1061,205812,California
Stanislaus,2021-04-27,4039,328613,2802,176857,1189,140108,48,11648,1173,75798,2840,131239,1225,207037,California
Stanislaus,2021-04-28,4259,332872,3024,179881,1173,141281,62,11710,1838,75306,2401,133640,1909,208946,California
Stanislaus,2021-04-29,3638,336510,2260,182141,1330,142611,48,11758,1448,74635,2177,135817,1506,210452,California
Stanislaus,2021-04-30,4495,341005,2039,184180,2372,144983,84,11842,1774,73794,2707,138524,1866,212318,California
Stanislaus,2021-05-01,2707,343712,1926,186106,740,145723,41,11883,1016,73176,1683,140207,1065,213383,California
Stanislaus,2021-05-02,1075,344787,615,186721,424,146147,36,11919,522,73193,547,140754,564,213947,California
Stanislaus,2021-05-03,2411,347198,1925,188646,414,146561,72,11991,909,72687,1490,142244,984,214931,California
Stanislaus,2021-05-04,3468,350666,2469,191115,909,147470,90,12081,1062,71454,2394,144638,1161,216092,California
Stanislaus,2021-05-05,3194,353860,2136,193251,983,148453,75,12156,1085,70528,2089,146727,1163,217255,California
Stanislaus,2021-05-06,3518,357378,2696,195947,698,149151,124,12280,1055,69272,2442,149169,1186,218441,California
Stanislaus,2021-05-07,2307,359685,878,196825,1266,150417,163,12443,935,69011,1361,150530,1100,219541,California
Stanislaus,2021-05-08,1956,361641,1339,198164,584,151001,33,12476,712,68535,1228,151758,752,220293,California
Stanislaus,2021-05-09,712,362353,342,198506,344,151345,26,12502,308,68468,402,152160,335,220628,California
Stanislaus,2021-05-10,1684,364037,1140,199646,448,151793,96,12598,453,67800,1219,153379,551,221179,California
Stanislaus,2021-05-11,2373,366410,1501,201147,713,152506,159,12757,677,66957,1684,155063,841,222020,California
Stanislaus,2021-05-12,2274,368684,1334,202481,832,153338,108,12865,905,66618,1355,156418,1016,223036,California
Stanislaus,2021-05-13,2006,370690,1155,203636,734,154072,117,12982,915,66571,1082,157500,1035,224071,California
Stanislaus,2021-05-14,2612,373302,1162,204798,1314,155386,136,13118,1205,66522,1391,158891,1342,225413,California
Stanislaus,2021-05-15,2478,375780,1767,206565,661,156047,50,13168,1202,66516,1266,160157,1260,226673,California
Stanislaus,2021-05-16,1024,376804,668,207233,348,156395,8,13176,557,66622,463,160620,569,227242,California
Stanislaus,2021-05-17,1924,378728,1291,208524,552,156947,81,13257,920,66630,998,161618,1006,228248,California
Stanislaus,2021-05-18,2201,380929,1504,210028,583,157530,114,13371,1143,66839,1047,162665,1256,229504,California
Stanislaus,2021-05-19,3027,383956,2064,212092,809,158339,154,13525,1353,66687,1664,164329,1512,231016,California
Stanislaus,2021-05-20,2103,386059,1132,213224,868,159207,103,13628,859,66420,1234,165563,967,231983,California
Stanislaus,2021-05-21,2333,388392,1126,214350,1111,160318,96,13724,956,66114,1361,166924,1055,233038,California
Stanislaus,2021-05-22,1934,390326,1196,215546,669,160987,69,13793,863,65983,1064,167988,933,233971,California
Stanislaus,2021-05-23,1031,391357,664,216210,352,161339,15,13808,487,65946,539,168527,502,234473,California
Stanislaus,2021-05-24,1575,392932,1081,217291,419,161758,75,13883,606,65668,966,169493,688,235161,California
Stanislaus,2021-05-25,1695,394627,1163,218454,435,162193,97,13980,826,65729,865,170358,926,236087,California
Stanislaus,2021-05-26,1884,396511,1179,219633,655,162848,50,14030,900,65704,975,171333,950,237037,California
Stanislaus,2021-05-27,1714,398225,942,220575,697,163545,75,14105,642,65359,1062,172395,717,237754,California
Stanislaus,2021-05-28,1951,400176,886,221461,986,164531,79,14184,857,65208,1087,173482,936,238690,California
Stanislaus,2021-05-29,1310,401486,843,222304,426,164957,41,14225,611,65167,695,174177,654,239344,California
Stanislaus,2021-05-30,453,401939,273,222577,146,165103,34,14259,214,65179,236,174413,248,239592,California
Stanislaus,2021-05-31,259,402198,122,222699,130,165233,7,14266,97,65122,161,174574,104,239696,California
Stanislaus,2021-06-01,1542,403740,972,223671,518,165751,52,14318,617,64876,918,175492,672,240368,California
Stanislaus,2021-06-02,1709,405449,1092,224763,551,166302,66,14384,741,64726,958,176450,808,241176,California
Stanislaus,2021-06-03,1305,406754,770,225533,489,166791,46,14430,521,64525,771,177221,570,241746,California
Stanislaus,2021-06-04,1889,408643,1134,226667,685,167476,70,14500,718,64163,1160,178381,798,242544,California
Stanislaus,2021-06-05,1370,410013,1046,227713,298,167774,26,14526,472,63771,891,179272,499,243043,California
Stanislaus,2021-06-06,502,410515,412,228125,82,167856,8,14534,205,63689,297,179569,215,243258,California
Stanislaus,2021-06-07,1354,411869,1028,229153,281,168137,45,14579,509,63405,839,180408,555,243813,California
Stanislaus,2021-06-08,1787,413656,1355,230508,372,168509,60,14639,653,62998,1121,181529,714,244527,California
Stanislaus,2021-06-09,1452,415108,1012,231520,365,168874,75,14714,480,62585,968,182497,555,245082,California
Stanislaus,2021-06-10,1060,416168,635,232155,370,169244,55,14769,413,62413,638,183135,466,245548,California
Stanislaus,2021-06-11,927,417095,486,232641,395,169639,46,14815,306,62162,608,183743,357,245905,California
Stanislaus,2021-06-12,331,417426,238,232879,74,169713,19,14834,121,62100,203,183946,141,246046,California
Sutter,2020-12-15,1,1,1,1,0,0,0,0,1,1,0,0,1,1,California
Sutter,2020-12-16,4,5,4,5,0,0,0,0,4,5,0,0,4,5,California
Sutter,2020-12-17,2,7,2,7,0,0,0,0,2,7,0,0,2,7,California
Sutter,2020-12-18,21,28,21,28,0,0,0,0,21,28,0,0,21,28,California
Sutter,2020-12-19,44,72,44,72,0,0,0,0,44,72,0,0,44,72,California
Sutter,2020-12-20,43,115,43,115,0,0,0,0,43,115,0,0,43,115,California
Sutter,2020-12-21,100,215,100,215,0,0,0,0,100,215,0,0,100,215,California
Sutter,2020-12-22,171,386,171,386,0,0,0,0,171,386,0,0,171,386,California
Sutter,2020-12-23,117,503,112,498,5,5,0,0,117,503,0,0,117,503,California
Sutter,2020-12-24,17,520,11,509,6,11,0,0,17,520,0,0,17,520,California
Sutter,2020-12-26,38,558,34,543,4,15,0,0,38,558,0,0,38,558,California
Sutter,2020-12-27,24,582,23,566,1,16,0,0,24,582,0,0,24,582,California
Sutter,2020-12-28,84,666,56,622,28,44,0,0,84,666,0,0,84,666,California
Sutter,2020-12-29,103,769,14,636,89,133,0,0,103,769,0,0,103,769,California
Sutter,2020-12-30,137,906,34,670,103,236,0,0,137,906,0,0,137,906,California
Sutter,2020-12-31,68,974,6,676,62,298,0,0,68,974,0,0,68,974,California
Sutter,2021-01-01,3,977,3,679,0,298,0,0,3,977,0,0,3,977,California
Sutter,2021-01-02,131,1108,129,808,2,300,0,0,131,1108,0,0,131,1108,California
Sutter,2021-01-03,1,1109,0,808,1,301,0,0,1,1109,0,0,1,1109,California
Sutter,2021-01-04,247,1356,138,946,109,410,0,0,247,1356,0,0,247,1356,California
Sutter,2021-01-05,100,1456,57,1003,43,453,0,0,97,1450,3,3,97,1453,California
Sutter,2021-01-06,204,1660,50,1053,154,607,0,0,199,1644,5,8,199,1652,California
Sutter,2021-01-07,253,1913,151,1204,102,709,0,0,244,1880,8,16,244,1896,California
Sutter,2021-01-08,151,2064,41,1245,110,819,0,0,133,1995,18,34,133,2029,California
Sutter,2021-01-09,44,2108,43,1288,1,820,0,0,3,1957,41,75,3,2032,California
Sutter,2021-01-10,396,2504,37,1325,359,1179,0,0,358,2278,37,112,358,2390,California
Sutter,2021-01-11,133,2637,116,1441,17,1196,0,0,25,2195,108,220,25,2415,California
Sutter,2021-01-12,200,2837,163,1604,37,1233,0,0,58,2111,142,362,58,2473,California
Sutter,2021-01-13,165,3002,101,1705,64,1297,0,0,73,2093,91,453,73,2546,California
Sutter,2021-01-14,146,3148,51,1756,95,1392,0,0,127,2201,19,472,127,2673,California
Sutter,2021-01-15,438,3586,132,1888,306,1698,0,0,423,2609,15,487,423,3096,California
Sutter,2021-01-16,385,3971,41,1929,344,2042,0,0,355,2934,30,517,355,3451,California
Sutter,2021-01-17,27,3998,24,1953,3,2045,0,0,11,2929,16,533,11,3462,California
Sutter,2021-01-18,120,4118,64,2017,56,2101,0,0,71,2951,49,582,71,3533,California
Sutter,2021-01-19,105,4223,42,2059,63,2164,0,0,81,3008,24,606,81,3614,California
Sutter,2021-01-20,271,4494,208,2267,63,2227,0,0,251,3239,20,626,251,3865,California
Sutter,2021-01-21,491,4985,319,2586,172,2399,0,0,472,3692,19,645,472,4337,California
Sutter,2021-01-22,244,5229,54,2640,190,2589,0,0,234,3917,9,654,234,4571,California
Sutter,2021-01-23,398,5627,39,2679,359,2948,0,0,372,4263,26,680,372,4943,California
Sutter,2021-01-24,16,5643,14,2693,2,2950,0,0,14,4275,2,682,14,4957,California
Sutter,2021-01-25,309,5952,196,2889,113,3063,0,0,153,4274,155,837,154,5111,California
Sutter,2021-01-26,249,6201,107,2996,142,3205,0,0,143,4312,105,942,143,5254,California
Sutter,2021-01-27,388,6589,256,3252,132,3337,0,0,322,4568,66,1008,322,5576,California
Sutter,2021-01-28,586,7175,361,3613,225,3562,0,0,411,4805,174,1182,411,5987,California
Sutter,2021-01-29,364,7539,85,3698,279,3841,0,0,245,4931,119,1301,245,6232,California
Sutter,2021-01-30,783,8322,38,3736,745,4586,0,0,772,5692,11,1312,772,7004,California
Sutter,2021-01-31,27,8349,26,3762,1,4587,0,0,27,5719,0,1312,27,7031,California
Sutter,2021-02-01,170,8519,51,3813,119,4706,0,0,137,5824,32,1344,137,7168,California
Sutter,2021-02-02,241,8760,24,3837,217,4923,0,0,208,5999,33,1377,208,7376,California
Sutter,2021-02-03,447,9207,39,3876,408,5331,0,0,212,5977,234,1611,212,7588,California
Sutter,2021-02-04,677,9884,365,4241,312,5643,0,0,624,6548,53,1664,624,8212,California
Sutter,2021-02-05,291,10175,32,4273,259,5902,0,0,140,6537,151,1815,140,8352,California
Sutter,2021-02-06,738,10913,30,4303,708,6610,0,0,718,7235,20,1835,718,9070,California
Sutter,2021-02-07,23,10936,19,4322,4,6614,0,0,19,7250,4,1839,19,9089,California
Sutter,2021-02-08,134,11070,29,4351,105,6719,0,0,99,7314,35,1874,99,9188,California
Sutter,2021-02-09,247,11317,45,4396,202,6921,0,0,185,7437,62,1936,185,9373,California
Sutter,2021-02-10,821,12138,383,4779,438,7359,0,0,179,6975,641,2577,179,9552,California
Sutter,2021-02-11,602,12740,270,5049,332,7691,0,0,343,7059,259,2836,343,9895,California
Sutter,2021-02-12,638,13378,67,5116,571,8262,0,0,312,7046,325,3161,312,10207,California
Sutter,2021-02-13,905,14283,48,5164,857,9119,0,0,789,7719,116,3277,789,10996,California
Sutter,2021-02-14,96,14379,26,5190,70,9189,0,0,84,7791,12,3289,84,11080,California
Sutter,2021-02-15,203,14582,73,5263,130,9319,0,0,123,7834,80,3369,123,11203,California
Sutter,2021-02-16,291,14873,45,5308,246,9565,0,0,207,7958,83,3452,207,11410,California
Sutter,2021-02-17,827,15700,430,5738,397,9962,0,0,132,7396,694,4146,132,11542,California
Sutter,2021-02-18,709,16409,58,5796,651,10613,0,0,494,7676,214,4360,494,12036,California
Sutter,2021-02-19,667,17076,379,6175,288,10901,0,0,463,7937,202,4562,463,12499,California
Sutter,2021-02-20,623,17699,56,6231,567,11468,0,0,519,8353,103,4665,519,13018,California
Sutter,2021-02-21,28,17727,26,6257,2,11470,0,0,8,8341,20,4685,8,13026,California
Sutter,2021-02-22,210,17937,123,6380,87,11557,0,0,89,8309,121,4806,89,13115,California
Sutter,2021-02-23,222,18159,32,6412,190,11747,0,0,97,8282,124,4930,97,13212,California
Sutter,2021-02-24,974,19133,348,6760,626,12373,0,0,198,7705,775,5705,198,13410,California
Sutter,2021-02-25,791,19924,502,7262,289,12662,0,0,607,8131,181,5886,607,14017,California
Sutter,2021-02-26,378,20302,62,7324,316,12978,0,0,155,8065,221,6107,155,14172,California
Sutter,2021-02-27,878,21180,48,7372,830,13808,0,0,714,8615,164,6271,714,14886,California
Sutter,2021-02-28,88,21268,44,7416,44,13852,0,0,68,8664,19,6290,68,14954,California
Sutter,2021-03-01,250,21518,61,7477,189,14041,0,0,153,8720,97,6387,153,15107,California
Sutter,2021-03-02,339,21857,60,7537,279,14320,0,0,163,8709,174,6561,163,15270,California
Sutter,2021-03-03,1386,23243,514,8051,872,15192,0,0,643,8615,737,7298,643,15913,California
Sutter,2021-03-04,1259,24502,862,8913,397,15589,0,0,947,9254,308,7606,947,16860,California
Sutter,2021-03-05,339,24841,79,8992,259,15848,1,1,209,9334,130,7736,210,17070,California
Sutter,2021-03-06,1028,25869,49,9041,974,16822,5,6,861,10033,167,7903,866,17936,California
Sutter,2021-03-07,65,25934,23,9064,41,16863,1,7,43,10055,22,7925,44,17980,California
Sutter,2021-03-08,229,26163,80,9144,137,17000,12,19,159,10156,70,7995,171,18151,California
Sutter,2021-03-09,391,26554,140,9284,238,17238,13,32,188,10154,203,8198,201,18352,California
Sutter,2021-03-10,1583,28137,684,9968,836,18074,63,95,526,9690,1053,9251,589,18941,California
Sutter,2021-03-11,894,29031,443,10411,434,18508,17,112,648,10112,243,9494,665,19606,California
Sutter,2021-03-12,683,29714,111,10522,388,18896,184,296,200,10014,480,9974,382,19988,California
Sutter,2021-03-13,1001,30715,756,11278,227,19123,18,314,787,10606,212,10186,804,20792,California
Sutter,2021-03-14,135,30850,22,11300,102,19225,11,325,45,10572,90,10276,56,20848,California
Sutter,2021-03-15,329,31179,67,11367,213,19438,49,374,156,10606,171,10447,205,21053,California
Sutter,2021-03-16,396,31575,86,11453,263,19701,47,421,214,10684,182,10629,260,21313,California
Sutter,2021-03-17,1500,33075,562,12015,917,20618,21,442,314,9841,1177,11806,334,21647,California
Sutter,2021-03-18,971,34046,176,12191,595,21213,200,642,566,10203,403,12209,765,22412,California
Sutter,2021-03-19,463,34509,164,12355,270,21483,29,671,284,10339,177,12386,313,22725,California
Sutter,2021-03-20,949,35458,116,12471,822,22305,11,682,857,11116,91,12477,868,23593,California
Sutter,2021-03-21,70,35528,49,12520,18,22323,3,685,32,11113,38,12515,35,23628,California
Sutter,2021-03-22,290,35818,120,12640,143,22466,27,712,212,11275,77,12592,239,23867,California
Sutter,2021-03-23,375,36193,115,12755,228,22694,32,744,253,11438,121,12713,284,24151,California
Sutter,2021-03-24,1687,37880,769,13524,848,23542,70,814,316,10468,1356,14069,386,24537,California
Sutter,2021-03-25,1046,38926,682,14206,320,23862,44,858,369,10207,674,14743,413,24950,California
Sutter,2021-03-26,496,39422,177,14383,302,24164,17,875,295,10321,198,14941,312,25262,California
Sutter,2021-03-27,926,40348,63,14446,861,25025,2,877,817,11035,105,15046,819,26081,California
Sutter,2021-03-28,124,40472,71,14517,53,25078,0,877,77,11067,45,15091,77,26158,California
Sutter,2021-03-29,426,40898,143,14660,227,25305,56,933,223,11145,201,15292,279,26437,California
Sutter,2021-03-30,479,41377,161,14821,308,25613,10,943,319,11314,160,15452,329,26766,California
Sutter,2021-03-31,1259,42636,180,15001,1064,26677,15,958,457,10996,789,16241,471,27237,California
Sutter,2021-04-01,1388,44024,740,15741,460,27137,188,1146,428,10659,952,17193,615,27852,California
Sutter,2021-04-02,519,44543,102,15843,299,27436,118,1264,206,10668,311,17504,320,28172,California
Sutter,2021-04-03,917,45460,79,15922,210,27646,628,1892,122,10626,792,18296,750,28922,California
Sutter,2021-04-04,117,45577,22,15944,89,27735,6,1898,54,10623,63,18359,60,28982,California
Sutter,2021-04-05,370,45947,145,16089,189,27924,36,1934,178,10648,189,18548,214,29196,California
Sutter,2021-04-06,514,46461,199,16288,259,28183,56,1990,276,10743,237,18785,332,29528,California
Sutter,2021-04-07,1487,47948,889,17177,522,28705,76,2066,611,10563,867,19652,687,30215,California
Sutter,2021-04-08,1051,48999,582,17759,355,29060,114,2180,580,10787,468,20120,692,30907,California
Sutter,2021-04-09,573,49572,249,18008,259,29319,65,2245,241,10765,328,20448,306,31213,California
Sutter,2021-04-10,832,50404,108,18116,93,29412,631,2876,112,10784,716,21164,735,31948,California
Sutter,2021-04-11,115,50519,28,18144,41,29453,46,2922,34,10782,81,21245,79,32027,California
Sutter,2021-04-12,347,50866,95,18239,199,29652,53,2975,141,10772,204,21449,194,32221,California
Sutter,2021-04-13,437,51303,129,18368,308,29960,0,2975,216,10769,219,21668,216,32437,California
Sutter,2021-04-14,1330,52633,161,18529,1168,31128,1,2976,225,9900,1098,22766,229,32666,California
Sutter,2021-04-15,537,53170,172,18701,365,31493,0,2976,214,9794,320,23086,214,32880,California
Sutter,2021-04-16,396,53566,123,18824,273,31766,0,2976,184,9767,211,23297,184,33064,California
Sutter,2021-04-17,574,54140,83,18907,491,32257,0,2976,503,10200,70,23367,503,33567,California
Sutter,2021-04-18,70,54210,12,18919,58,32315,0,2976,42,10216,26,23393,42,33609,California
Sutter,2021-04-19,289,54499,110,19029,179,32494,0,2976,119,10167,168,23561,119,33728,California
Sutter,2021-04-20,411,54910,134,19163,277,32771,0,2976,203,10162,208,23769,203,33931,California
Sutter,2021-04-21,1236,56146,420,19583,816,33587,0,2976,476,9888,750,24519,476,34407,California
Sutter,2021-04-22,499,56645,163,19746,336,33923,0,2976,253,9897,244,24763,253,34660,California
Sutter,2021-04-23,401,57046,119,19865,282,34205,0,2976,186,9870,213,24976,186,34846,California
Sutter,2021-04-24,329,57375,107,19972,221,34426,1,2977,187,9916,141,25117,187,35033,California
Sutter,2021-04-25,158,57533,76,20048,82,34508,0,2977,87,9934,69,25186,87,35120,California
Sutter,2021-04-26,305,57838,89,20137,214,34722,2,2979,133,9899,170,25356,135,35255,California
Sutter,2021-04-27,539,58377,265,20402,270,34992,4,2983,250,9868,285,25641,254,35509,California
Sutter,2021-04-28,814,59191,342,20744,464,35456,8,2991,254,9575,555,26196,262,35771,California
Sutter,2021-04-29,778,59969,140,20884,637,36093,1,2992,312,9425,463,26659,313,36084,California
Sutter,2021-04-30,361,60330,109,20993,239,36332,13,3005,145,9369,213,26872,157,36241,California
Sutter,2021-05-01,296,60626,106,21099,150,36482,40,3045,128,9372,165,27037,168,36409,California
Sutter,2021-05-02,82,60708,54,21153,26,36508,2,3047,46,9384,36,27073,48,36457,California
Sutter,2021-05-03,220,60928,111,21264,100,36608,9,3056,88,9349,132,27205,97,36554,California
Sutter,2021-05-04,541,61469,237,21501,240,36848,64,3120,226,9326,312,27517,289,36843,California
Sutter,2021-05-05,534,62003,143,21644,383,37231,8,3128,155,9116,373,27890,163,37006,California
Sutter,2021-05-06,425,62428,228,21872,179,37410,18,3146,191,9091,234,28124,209,37215,California
Sutter,2021-05-07,412,62840,145,22017,246,37656,21,3167,154,9010,256,28380,175,37390,California
Sutter,2021-05-08,196,63036,50,22067,141,37797,5,3172,106,9031,90,28470,111,37501,California
Sutter,2021-05-09,82,63118,53,22120,24,37821,5,3177,56,9066,26,28496,61,37562,California
Sutter,2021-05-10,190,63308,42,22162,130,37951,18,3195,48,8992,140,28636,66,37628,California
Sutter,2021-05-11,446,63754,219,22381,206,38157,21,3216,184,8938,257,28893,203,37831,California
Sutter,2021-05-12,442,64196,242,22623,189,38346,11,3227,162,8835,276,29169,173,38004,California
Sutter,2021-05-13,486,64682,262,22885,202,38548,22,3249,200,8773,284,29453,222,38226,California
Sutter,2021-05-14,438,65120,188,23073,234,38782,16,3265,215,8786,218,29671,231,38457,California
Sutter,2021-05-15,841,65961,308,23381,502,39284,31,3296,306,8589,534,30205,337,38794,California
Sutter,2021-05-16,139,66100,83,23464,48,39332,8,3304,75,8609,63,30268,83,38877,California
Sutter,2021-05-17,293,66393,116,23580,163,39495,14,3318,155,8641,137,30405,169,39046,California
Sutter,2021-05-18,544,66937,313,23893,226,39721,5,3323,299,8703,242,30647,304,39350,California
Sutter,2021-05-19,465,67402,267,24160,191,39912,7,3330,246,8740,216,30863,253,39603,California
Sutter,2021-05-20,456,67858,239,24399,205,40117,12,3342,224,8747,229,31092,236,39839,California
Sutter,2021-05-21,490,68348,221,24620,257,40374,12,3354,236,8743,251,31343,247,40086,California
Sutter,2021-05-22,365,68713,200,24820,162,40536,3,3357,184,8753,176,31519,186,40272,California
Sutter,2021-05-23,181,68894,85,24905,87,40623,9,3366,92,8771,83,31602,101,40373,California
Sutter,2021-05-24,240,69134,88,24993,129,40752,23,3389,100,8756,138,31740,123,40496,California
Sutter,2021-05-25,400,69534,195,25188,192,40944,13,3402,166,8705,229,31969,178,40674,California
Sutter,2021-05-26,318,69852,157,25345,152,41096,9,3411,118,8636,196,32165,127,40801,California
Sutter,2021-05-27,433,70285,115,25460,298,41394,20,3431,125,8477,304,32469,145,40946,California
Sutter,2021-05-28,336,70621,164,25624,157,41551,15,3446,179,8519,152,32621,194,41140,California
Sutter,2021-05-29,252,70873,118,25742,119,41670,15,3461,139,8564,109,32730,154,41294,California
Sutter,2021-05-30,85,70958,61,25803,21,41691,3,3464,50,8583,34,32764,53,41347,California
Sutter,2021-05-31,19,70977,2,25805,13,41704,4,3468,5,8578,14,32778,9,41356,California
Sutter,2021-06-01,308,71285,133,25938,167,41871,8,3476,127,8533,180,32958,135,41491,California
Sutter,2021-06-02,281,71566,120,26058,155,42026,6,3482,111,8485,165,33123,117,41608,California
Sutter,2021-06-03,340,71906,225,26283,106,42132,9,3491,118,8396,216,33339,127,41735,California
Sutter,2021-06-04,339,72245,197,26480,135,42267,7,3498,120,8308,215,33554,127,41862,California
Sutter,2021-06-05,435,72680,366,26846,66,42333,3,3501,155,8191,275,33829,158,42020,California
Sutter,2021-06-06,137,72817,118,26964,16,42349,3,3504,57,8173,78,33907,60,42080,California
Sutter,2021-06-07,162,72979,106,27070,48,42397,8,3512,56,8132,105,34012,64,42144,California
Sutter,2021-06-08,366,73345,206,27276,148,42545,12,3524,158,8096,206,34218,170,42314,California
Sutter,2021-06-09,329,73674,217,27493,107,42652,5,3529,112,7998,215,34433,117,42431,California
Sutter,2021-06-10,348,74022,258,27751,81,42733,9,3538,135,7932,210,34643,144,42575,California
Sutter,2021-06-11,202,74224,104,27855,95,42828,3,3541,55,7846,143,34786,57,42632,California
Sutter,2021-06-12,71,74295,38,27893,22,42850,11,3552,21,7828,50,34836,32,42664,California
Tehama,2020-12-16,4,4,4,4,0,0,0,0,4,4,0,0,4,4,California
Tehama,2020-12-17,17,21,17,21,0,0,0,0,17,21,0,0,17,21,California
Tehama,2020-12-18,4,25,4,25,0,0,0,0,5,26,0,0,5,26,California
Tehama,2020-12-21,43,68,43,68,0,0,0,0,43,69,0,0,43,69,California
Tehama,2020-12-22,76,144,70,138,6,6,0,0,76,145,0,0,76,145,California
Tehama,2020-12-23,52,196,44,182,8,14,0,0,52,197,0,0,52,197,California
Tehama,2020-12-24,5,201,3,185,2,16,0,0,5,202,0,0,5,202,California
Tehama,2020-12-26,4,205,3,188,1,17,0,0,4,206,0,0,4,206,California
Tehama,2020-12-27,2,207,2,190,0,17,0,0,2,208,0,0,2,208,California
Tehama,2020-12-28,59,266,46,236,13,30,0,0,59,267,0,0,59,267,California
Tehama,2020-12-29,40,306,40,276,0,30,0,0,40,307,0,0,40,307,California
Tehama,2020-12-30,61,367,43,319,18,48,0,0,60,367,0,0,60,367,California
Tehama,2020-12-31,14,381,4,323,10,58,0,0,14,381,0,0,14,381,California
Tehama,2021-01-01,2,383,0,323,2,60,0,0,2,383,0,0,2,383,California
Tehama,2021-01-04,45,428,14,337,31,91,0,0,45,428,0,0,45,428,California
Tehama,2021-01-05,75,503,46,383,29,120,0,0,70,493,5,5,70,498,California
Tehama,2021-01-06,81,584,29,412,52,172,0,0,68,549,12,17,68,566,California
Tehama,2021-01-07,60,644,7,419,53,225,0,0,59,607,1,18,59,625,California
Tehama,2021-01-08,39,683,28,447,11,236,0,0,32,632,7,25,32,657,California
Tehama,2021-01-09,7,690,5,452,2,238,0,0,6,637,1,26,6,663,California
Tehama,2021-01-10,1,691,0,452,1,239,0,0,1,638,0,26,1,664,California
Tehama,2021-01-11,59,750,52,504,7,246,0,0,20,619,39,65,20,684,California
Tehama,2021-01-12,147,897,127,631,20,266,0,0,93,658,54,119,93,777,California
Tehama,2021-01-13,84,981,60,691,24,290,0,0,34,642,50,169,34,811,California
Tehama,2021-01-14,239,1220,50,741,189,479,0,0,237,877,2,171,237,1048,California
Tehama,2021-01-15,282,1502,76,817,206,685,0,0,278,1151,4,175,278,1326,California
Tehama,2021-01-16,273,1775,20,837,253,938,0,0,270,1418,3,178,270,1596,California
Tehama,2021-01-17,6,1781,2,839,4,942,0,0,4,1420,2,180,4,1600,California
Tehama,2021-01-18,14,1795,7,846,7,949,0,0,8,1422,6,186,8,1608,California
Tehama,2021-01-19,306,2101,75,921,231,1180,0,0,244,1604,62,248,244,1852,California
Tehama,2021-01-20,331,2432,99,1020,232,1412,0,0,276,1826,54,302,276,2128,California
Tehama,2021-01-21,241,2673,19,1039,222,1634,0,0,226,2037,15,317,226,2354,California
Tehama,2021-01-22,244,2917,21,1060,223,1857,0,0,241,2275,3,320,241,2595,California
Tehama,2021-01-23,267,3184,7,1067,260,2117,0,0,266,2540,1,321,266,2861,California
Tehama,2021-01-24,3,3187,1,1068,2,2119,0,0,3,2543,0,321,3,2864,California
Tehama,2021-01-25,43,3230,19,1087,24,2143,0,0,21,2542,22,343,21,2885,California
Tehama,2021-01-26,350,3580,44,1131,306,2449,0,0,312,2816,38,381,312,3197,California
Tehama,2021-01-27,332,3912,24,1155,308,2757,0,0,309,3102,23,404,309,3506,California
Tehama,2021-01-28,366,4278,39,1194,327,3084,0,0,346,3428,20,424,346,3852,California
Tehama,2021-01-29,351,4629,23,1217,328,3412,0,0,332,3741,19,443,332,4184,California
Tehama,2021-01-30,112,4741,2,1219,110,3522,0,0,111,3851,1,444,111,4295,California
Tehama,2021-01-31,1,4742,0,1219,1,3523,0,0,1,3852,0,444,1,4296,California
Tehama,2021-02-01,84,4826,22,1241,62,3585,0,0,37,3842,47,491,37,4333,California
Tehama,2021-02-02,368,5194,70,1311,298,3883,0,0,269,4012,99,590,269,4602,California
Tehama,2021-02-03,430,5624,16,1327,414,4297,0,0,378,4338,52,642,378,4980,California
Tehama,2021-02-04,519,6143,104,1431,415,4712,0,0,434,4688,85,727,435,5415,California
Tehama,2021-02-05,195,6338,75,1506,120,4832,0,0,130,4753,65,792,130,5545,California
Tehama,2021-02-06,37,6375,15,1521,22,4854,0,0,25,4766,12,804,25,5570,California
Tehama,2021-02-07,5,6380,4,1525,1,4855,0,0,2,4765,3,807,2,5572,California
Tehama,2021-02-08,48,6428,14,1539,34,4889,0,0,33,4783,15,822,33,5605,California
Tehama,2021-02-09,93,6521,45,1584,48,4937,0,0,51,4792,42,864,51,5656,California
Tehama,2021-02-10,253,6774,70,1654,183,5120,0,0,163,4865,90,954,163,5819,California
Tehama,2021-02-11,242,7016,18,1672,224,5344,0,0,91,4807,149,1103,91,5910,California
Tehama,2021-02-12,405,7421,78,1750,327,5671,0,0,188,4778,217,1320,188,6098,California
Tehama,2021-02-13,409,7830,17,1767,392,6063,0,0,162,4693,247,1567,162,6260,California
Tehama,2021-02-14,37,7867,2,1769,35,6098,0,0,34,4724,3,1570,34,6294,California
Tehama,2021-02-15,62,7929,10,1779,52,6150,0,0,54,4770,8,1578,54,6348,California
Tehama,2021-02-16,259,8188,21,1800,238,6388,0,0,70,4651,189,1767,70,6418,California
Tehama,2021-02-17,310,8498,19,1819,291,6679,0,0,61,4463,249,2016,61,6479,California
Tehama,2021-02-18,387,8885,34,1853,353,7032,0,0,147,4370,240,2256,147,6626,California
Tehama,2021-02-19,236,9121,26,1879,210,7242,0,0,50,4234,186,2442,50,6676,California
Tehama,2021-02-20,286,9407,8,1887,278,7520,0,0,32,4012,254,2696,32,6708,California
Tehama,2021-02-21,4,9411,1,1888,3,7523,0,0,2,4012,2,2698,2,6710,California
Tehama,2021-02-22,45,9456,15,1903,30,7553,0,0,27,4021,18,2716,27,6737,California
Tehama,2021-02-23,54,9510,23,1926,31,7584,0,0,27,4021,27,2743,27,6764,California
Tehama,2021-02-24,339,9849,25,1951,314,7898,0,0,37,3756,302,3045,37,6801,California
Tehama,2021-02-25,399,10248,60,2011,339,8237,0,0,42,3441,357,3402,42,6843,California
Tehama,2021-02-26,487,10735,21,2032,466,8703,0,0,76,3106,411,3813,76,6919,California
Tehama,2021-02-27,324,11059,6,2038,318,9021,0,0,36,2854,288,4101,36,6955,California
Tehama,2021-02-28,23,11082,2,2040,21,9042,0,0,20,2871,3,4104,20,6975,California
Tehama,2021-03-01,67,11149,7,2047,60,9102,0,0,32,2868,35,4139,32,7007,California
Tehama,2021-03-02,159,11308,21,2068,138,9240,0,0,34,2778,124,4263,34,7041,California
Tehama,2021-03-03,167,11475,33,2101,134,9374,0,0,55,2721,112,4375,55,7096,California
Tehama,2021-03-04,699,12174,57,2158,642,10016,0,0,247,2523,445,4820,247,7343,California
Tehama,2021-03-05,432,12606,24,2182,408,10424,0,0,226,2544,205,5025,226,7569,California
Tehama,2021-03-06,327,12933,18,2200,307,10731,2,2,87,2395,239,5264,90,7659,California
Tehama,2021-03-07,6,12939,1,2201,5,10736,0,2,4,2398,1,5265,4,7663,California
Tehama,2021-03-08,66,13005,11,2212,39,10775,16,18,26,2401,39,5304,42,7705,California
Tehama,2021-03-09,397,13402,13,2225,361,11136,23,41,336,2699,61,5365,359,8064,California
Tehama,2021-03-10,367,13769,21,2246,325,11461,21,62,74,2502,292,5657,95,8159,California
Tehama,2021-03-11,538,14307,24,2270,455,11916,59,121,375,2773,163,5820,434,8593,California
Tehama,2021-03-12,336,14643,28,2298,237,12153,71,192,195,2898,141,5961,266,8859,California
Tehama,2021-03-13,55,14698,9,2307,38,12191,8,200,7,2865,48,6009,15,8874,California
Tehama,2021-03-14,62,14760,3,2310,50,12241,9,209,20,2852,42,6051,29,8903,California
Tehama,2021-03-15,166,14926,21,2331,120,12361,25,234,85,2881,81,6132,110,9013,California
Tehama,2021-03-16,444,15370,19,2350,387,12748,38,272,337,3150,106,6238,375,9388,California
Tehama,2021-03-17,463,15833,31,2381,401,13149,31,303,376,3472,85,6323,407,9795,California
Tehama,2021-03-18,521,16354,36,2417,460,13609,25,328,337,3652,182,6505,362,10157,California
Tehama,2021-03-19,342,16696,27,2444,302,13911,13,341,298,3919,44,6549,311,10468,California
Tehama,2021-03-20,53,16749,15,2459,33,13944,5,346,37,3945,16,6565,42,10510,California
Tehama,2021-03-21,12,16761,5,2464,7,13951,0,346,12,3957,0,6565,12,10522,California
Tehama,2021-03-22,101,16862,10,2474,74,14025,17,363,56,3985,45,6610,73,10595,California
Tehama,2021-03-23,103,16965,33,2507,62,14087,8,371,76,4042,27,6637,84,10679,California
Tehama,2021-03-24,94,17059,16,2523,75,14162,3,374,60,4071,34,6671,63,10742,California
Tehama,2021-03-25,557,17616,386,2909,158,14320,13,387,505,4539,50,6721,518,11260,California
Tehama,2021-03-26,558,18174,438,3347,108,14428,12,399,473,4942,82,6803,485,11745,California
Tehama,2021-03-27,504,18678,395,3742,76,14504,33,432,427,5326,76,6879,460,12205,California
Tehama,2021-03-28,40,18718,15,3757,25,14529,0,432,24,5334,16,6895,24,12229,California
Tehama,2021-03-29,129,18847,30,3787,97,14626,2,434,82,5371,46,6941,83,12312,California
Tehama,2021-03-30,411,19258,246,4033,163,14789,2,436,276,5514,135,7076,278,12590,California
Tehama,2021-03-31,422,19680,314,4347,105,14894,3,439,340,5775,81,7157,342,12932,California
Tehama,2021-04-01,558,20238,267,4614,285,15179,6,445,418,6060,139,7296,424,13356,California
Tehama,2021-04-02,489,20727,234,4848,247,15426,8,453,296,6170,193,7489,303,13659,California
Tehama,2021-04-03,73,20800,7,4855,59,15485,7,460,37,6178,36,7525,44,13703,California
Tehama,2021-04-04,39,20839,8,4863,28,15513,3,463,25,6192,14,7539,28,13731,California
Tehama,2021-04-05,128,20967,22,4885,74,15587,32,495,65,6226,63,7602,97,13828,California
Tehama,2021-04-06,537,21504,117,5002,359,15946,61,556,147,6044,390,7992,208,14036,California
Tehama,2021-04-07,448,21952,304,5306,93,16039,51,607,323,6292,124,8116,372,14408,California
Tehama,2021-04-08,647,22599,190,5496,415,16454,42,649,242,6172,404,8520,284,14692,California
Tehama,2021-04-09,476,23075,219,5715,218,16672,39,688,238,6212,237,8757,277,14969,California
Tehama,2021-04-10,96,23171,23,5738,42,16714,31,719,50,6247,46,8803,81,15050,California
Tehama,2021-04-11,45,23216,9,5747,25,16739,11,730,10,6233,35,8838,21,15071,California
Tehama,2021-04-12,119,23335,6,5753,91,16830,22,752,43,6222,76,8914,65,15136,California
Tehama,2021-04-13,415,23750,73,5826,342,17172,0,752,68,5943,347,9261,68,15204,California
Tehama,2021-04-14,426,24176,54,5880,372,17544,0,752,49,5617,375,9636,49,15253,California
Tehama,2021-04-15,544,24720,204,6084,340,17884,0,752,82,5237,462,10098,82,15335,California
Tehama,2021-04-16,657,25377,380,6464,277,18161,0,752,87,4754,570,10668,87,15422,California
Tehama,2021-04-17,380,25757,291,6755,89,18250,0,752,52,4480,327,10995,53,15475,California
Tehama,2021-04-18,19,25776,5,6760,14,18264,0,752,13,4487,6,11001,13,15488,California
Tehama,2021-04-19,101,25877,7,6767,94,18358,0,752,42,4470,59,11060,42,15530,California
Tehama,2021-04-20,571,26448,473,7240,98,18456,0,752,164,4232,404,11464,166,15696,California
Tehama,2021-04-21,530,26978,451,7691,79,18535,0,752,171,4046,357,11821,171,15867,California
Tehama,2021-04-22,547,27525,386,8077,161,18696,0,752,154,3810,390,12211,154,16021,California
Tehama,2021-04-23,477,28002,370,8447,107,18803,0,752,208,3751,268,12479,209,16230,California
Tehama,2021-04-24,112,28114,21,8468,91,18894,0,752,27,3693,85,12564,27,16257,California
Tehama,2021-04-25,30,28144,19,8487,11,18905,0,752,10,3683,20,12584,10,16267,California
Tehama,2021-04-26,94,28238,12,8499,82,18987,0,752,53,3695,41,12625,53,16320,California
Tehama,2021-04-27,270,28508,218,8717,50,19037,2,754,101,3629,169,12794,103,16423,California
Tehama,2021-04-28,421,28929,342,9059,60,19097,19,773,71,3369,350,13144,90,16513,California
Tehama,2021-04-29,385,29314,182,9241,196,19293,7,780,75,3142,309,13453,82,16595,California
Tehama,2021-04-30,366,29680,270,9511,89,19382,7,787,128,3039,238,13691,135,16730,California
Tehama,2021-05-01,77,29757,4,9515,67,19449,6,793,14,2996,63,13754,20,16750,California
Tehama,2021-05-02,46,29803,24,9539,10,19459,12,805,26,3014,20,13774,38,16788,California
Tehama,2021-05-03,125,29928,40,9579,76,19535,9,814,65,3028,60,13834,74,16862,California
Tehama,2021-05-04,168,30096,58,9637,101,19636,9,823,70,3009,98,13932,79,16941,California
Tehama,2021-05-05,92,30188,25,9662,57,19693,10,833,41,3009,51,13983,51,16992,California
Tehama,2021-05-06,175,30363,96,9758,62,19755,17,850,108,3067,67,14050,125,17117,California
Tehama,2021-05-07,192,30555,81,9839,99,19854,12,862,54,2997,136,14186,66,17183,California
Tehama,2021-05-08,54,30609,8,9847,44,19898,2,864,15,2975,39,14225,17,17200,California
Tehama,2021-05-09,18,30627,4,9851,14,19912,0,864,8,2973,10,14235,8,17208,California
Tehama,2021-05-10,84,30711,6,9857,69,19981,9,873,39,2976,44,14279,47,17255,California
Tehama,2021-05-11,183,30894,130,9987,40,20021,13,886,33,2872,150,14429,46,17301,California
Tehama,2021-05-12,215,31109,137,10124,68,20089,10,896,49,2766,165,14594,59,17360,California
Tehama,2021-05-13,255,31364,168,10292,77,20166,10,906,116,2754,138,14732,126,17486,California
Tehama,2021-05-14,257,31621,141,10433,95,20261,21,927,63,2645,193,14925,84,17570,California
Tehama,2021-05-15,243,31864,141,10574,61,20322,41,968,169,2782,73,14998,210,17780,California
Tehama,2021-05-16,28,31892,7,10581,18,20340,3,971,16,2789,12,15010,19,17799,California
Tehama,2021-05-17,123,32015,32,10613,74,20414,17,988,59,2802,63,15073,76,17875,California
Tehama,2021-05-18,159,32174,82,10695,61,20475,16,1004,50,2761,107,15180,66,17941,California
Tehama,2021-05-19,133,32307,58,10753,64,20539,11,1015,45,2729,88,15268,56,17997,California
Tehama,2021-05-20,338,32645,247,11000,68,20607,23,1038,236,2887,101,15369,259,18256,California
Tehama,2021-05-21,234,32879,109,11109,112,20719,13,1051,78,2825,153,15522,91,18347,California
Tehama,2021-05-22,67,32946,33,11142,30,20749,4,1055,39,2840,28,15550,43,18390,California
Tehama,2021-05-23,49,32995,24,11166,15,20764,10,1065,14,2829,35,15585,24,18414,California
Tehama,2021-05-24,103,33098,29,11195,65,20829,9,1074,32,2799,71,15656,41,18455,California
Tehama,2021-05-25,78,33176,19,11214,51,20880,8,1082,46,2821,31,15687,53,18508,California
Tehama,2021-05-26,82,33258,32,11246,47,20927,3,1085,53,2849,28,15715,56,18564,California
Tehama,2021-05-27,160,33418,100,11346,56,20983,4,1089,52,2799,106,15821,56,18620,California
Tehama,2021-05-28,142,33560,38,11384,96,21079,8,1097,66,2798,75,15896,74,18694,California
Tehama,2021-05-29,56,33616,9,11393,41,21120,6,1103,36,2820,20,15916,42,18736,California
Tehama,2021-05-30,15,33631,4,11397,10,21130,1,1104,7,2820,8,15924,8,18744,California
Tehama,2021-05-31,17,33648,1,11398,15,21145,1,1105,4,2812,13,15937,5,18749,California
Tehama,2021-06-01,103,33751,20,11418,64,21209,19,1124,35,2798,68,16005,54,18803,California
Tehama,2021-06-02,91,33842,32,11450,54,21263,5,1129,38,2788,53,16058,43,18846,California
Tehama,2021-06-03,141,33983,103,11553,27,21290,11,1140,32,2722,109,16167,43,18889,California
Tehama,2021-06-04,145,34128,34,11587,96,21386,15,1155,60,2711,84,16251,73,18962,California
Tehama,2021-06-05,159,34287,133,11720,22,21408,4,1159,30,2617,128,16379,34,18996,California
Tehama,2021-06-06,19,34306,9,11729,2,21410,8,1167,4,2614,15,16394,12,19008,California
Tehama,2021-06-07,73,34379,28,11757,43,21453,2,1169,21,2585,52,16446,23,19031,California
Tehama,2021-06-08,105,34484,34,11791,61,21514,10,1179,43,2577,61,16507,53,19084,California
Tehama,2021-06-09,80,34564,42,11833,35,21549,3,1182,39,2578,41,16548,42,19126,California
Tehama,2021-06-10,255,34819,213,12046,32,21581,10,1192,34,2402,220,16768,44,19170,California
Tehama,2021-06-11,103,34922,46,12092,52,21633,5,1197,36,2378,65,16833,41,19211,California
Tehama,2021-06-12,21,34943,12,12104,9,21642,0,1197,10,2377,11,16844,10,19221,California
Trinity,2020-12-17,4,4,4,4,0,0,0,0,4,4,0,0,4,4,California
Trinity,2020-12-18,2,6,2,6,0,0,0,0,2,6,0,0,2,6,California
Trinity,2020-12-21,39,45,39,45,0,0,0,0,39,45,0,0,39,45,California
Trinity,2020-12-22,4,49,4,49,0,0,0,0,4,49,0,0,4,49,California
Trinity,2020-12-23,6,55,5,54,1,1,0,0,6,55,0,0,6,55,California
Trinity,2020-12-28,31,86,31,85,0,1,0,0,31,86,0,0,31,86,California
Trinity,2020-12-29,8,94,7,92,1,2,0,0,8,94,0,0,8,94,California
Trinity,2020-12-30,10,104,8,100,2,4,0,0,10,104,0,0,10,104,California
Trinity,2020-12-31,2,106,1,101,1,5,0,0,2,106,0,0,2,106,California
Trinity,2021-01-04,28,134,0,101,28,33,0,0,27,133,0,0,27,133,California
Trinity,2021-01-05,2,136,1,102,1,34,0,0,2,135,0,0,2,135,California
Trinity,2021-01-06,24,160,4,106,20,54,0,0,20,151,4,4,20,155,California
Trinity,2021-01-08,49,209,2,108,47,101,0,0,48,197,2,6,48,203,California
Trinity,2021-01-11,41,250,38,146,3,104,0,0,4,164,37,43,4,207,California
Trinity,2021-01-12,9,259,6,152,3,107,0,0,4,163,5,48,4,211,California
Trinity,2021-01-13,7,266,4,156,3,110,0,0,4,164,3,51,4,215,California
Trinity,2021-01-14,4,270,1,157,3,113,0,0,4,168,0,51,4,219,California
Trinity,2021-01-15,5,275,0,157,5,118,0,0,5,173,0,51,5,224,California
Trinity,2021-01-16,2,277,0,157,2,120,0,0,2,175,0,51,2,226,California
Trinity,2021-01-18,31,308,31,188,0,120,0,0,0,144,31,82,0,226,California
Trinity,2021-01-19,34,342,15,203,19,139,0,0,20,150,14,96,20,246,California
Trinity,2021-01-20,20,362,3,206,17,156,0,0,17,164,3,99,17,263,California
Trinity,2021-01-21,18,380,7,213,11,167,0,0,18,182,0,99,18,281,California
Trinity,2021-01-22,5,385,1,214,4,171,0,0,5,187,0,99,5,286,California
Trinity,2021-01-23,7,392,3,217,4,175,0,0,7,194,0,99,7,293,California
Trinity,2021-01-25,14,406,1,218,13,188,0,0,13,206,1,100,13,306,California
Trinity,2021-01-26,10,416,1,219,9,197,0,0,9,214,1,101,9,315,California
Trinity,2021-01-27,12,428,0,219,12,209,0,0,12,226,0,101,12,327,California
Trinity,2021-01-28,13,441,3,222,10,219,0,0,10,233,3,104,10,337,California
Trinity,2021-01-29,2,443,0,222,2,221,0,0,1,233,1,105,1,338,California
Trinity,2021-01-30,12,455,11,233,1,222,0,0,12,245,0,105,12,350,California
Trinity,2021-02-01,2,457,1,234,1,223,0,0,1,245,1,106,1,351,California
Trinity,2021-02-02,15,472,3,237,12,235,0,0,14,258,1,107,14,365,California
Trinity,2021-02-03,6,478,1,238,5,240,0,0,4,260,2,109,4,369,California
Trinity,2021-02-04,41,519,32,270,9,249,0,0,34,287,7,116,34,403,California
Trinity,2021-02-05,351,870,0,270,351,600,0,0,320,576,31,147,320,723,California
Trinity,2021-02-06,210,1080,5,275,205,805,0,0,203,772,7,154,203,926,California
Trinity,2021-02-07,1,1081,0,275,1,806,0,0,1,773,0,154,1,927,California
Trinity,2021-02-08,28,1109,1,276,27,833,0,0,16,777,12,166,16,943,California
Trinity,2021-02-09,27,1136,2,278,25,858,0,0,11,772,16,182,11,954,California
Trinity,2021-02-10,122,1258,10,288,112,970,0,0,102,854,20,202,102,1056,California
Trinity,2021-02-11,339,1597,2,290,337,1307,0,0,332,1179,7,209,332,1388,California
Trinity,2021-02-12,19,1616,10,300,9,1316,0,0,14,1188,5,214,14,1402,California
Trinity,2021-02-13,11,1627,6,306,5,1321,0,0,6,1189,5,219,6,1408,California
Trinity,2021-02-14,2,1629,2,308,0,1321,0,0,2,1191,0,219,2,1410,California
Trinity,2021-02-15,47,1676,0,308,47,1368,0,0,47,1238,0,219,47,1457,California
Trinity,2021-02-16,4,1680,1,309,3,1371,0,0,2,1238,2,221,2,1459,California
Trinity,2021-02-17,94,1774,2,311,92,1463,0,0,84,1312,10,231,84,1543,California
Trinity,2021-02-18,4,1778,0,311,4,1467,0,0,1,1310,3,234,1,1544,California
Trinity,2021-02-19,307,2085,2,313,305,1772,0,0,293,1589,14,248,293,1837,California
Trinity,2021-02-20,142,2227,14,327,128,1900,0,0,114,1675,28,276,114,1951,California
Trinity,2021-02-21,1,2228,1,328,0,1900,0,0,1,1676,0,276,1,1952,California
Trinity,2021-02-22,8,2236,0,328,8,1908,0,0,5,1678,3,279,5,1957,California
Trinity,2021-02-23,10,2246,3,331,7,1915,0,0,5,1678,5,284,5,1962,California
Trinity,2021-02-24,30,2276,8,339,22,1937,0,0,7,1662,23,307,7,1969,California
Trinity,2021-02-25,37,2313,23,362,14,1951,0,0,5,1635,32,339,5,1974,California
Trinity,2021-02-26,11,2324,1,363,10,1961,0,0,5,1634,6,345,5,1979,California
Trinity,2021-02-27,10,2334,8,371,2,1963,0,0,4,1632,6,351,4,1983,California
Trinity,2021-03-01,10,2344,0,371,10,1973,0,0,5,1632,5,356,5,1988,California
Trinity,2021-03-02,9,2353,3,374,6,1979,0,0,2,1627,7,363,2,1990,California
Trinity,2021-03-03,5,2358,0,374,5,1984,0,0,4,1630,1,364,4,1994,California
Trinity,2021-03-04,23,2381,19,393,4,1988,0,0,10,1627,13,377,10,2004,California
Trinity,2021-03-05,388,2769,1,394,387,2375,0,0,121,1485,263,640,121,2125,California
Trinity,2021-03-06,203,2972,7,401,196,2571,0,0,27,1336,176,816,27,2152,California
Trinity,2021-03-07,4,2976,3,404,1,2572,0,0,3,1338,1,817,3,2155,California
Trinity,2021-03-08,4,2980,0,404,3,2575,1,1,1,1337,3,820,2,2157,California
Trinity,2021-03-09,99,3079,1,405,96,2671,2,3,93,1426,6,826,95,2252,California
Trinity,2021-03-10,126,3205,3,408,120,2791,3,6,38,1379,88,914,41,2293,California
Trinity,2021-03-11,16,3221,4,412,10,2801,2,8,5,1375,11,925,7,2300,California
Trinity,2021-03-12,399,3620,5,417,388,3189,6,14,97,1176,302,1227,103,2403,California
Trinity,2021-03-13,12,3632,7,424,3,3192,2,16,7,1180,5,1232,9,2412,California
Trinity,2021-03-14,4,3636,1,425,3,3195,0,16,3,1182,1,1233,3,2415,California
Trinity,2021-03-15,68,3704,0,425,67,3262,1,17,15,1145,53,1286,16,2431,California
Trinity,2021-03-16,115,3819,7,432,108,3370,0,17,102,1234,13,1299,102,2533,California
Trinity,2021-03-17,100,3919,3,435,97,3467,0,17,26,1186,74,1373,26,2559,California
Trinity,2021-03-18,9,3928,1,436,5,3472,3,20,4,1188,5,1378,7,2566,California
Trinity,2021-03-19,461,4389,4,440,347,3819,110,130,36,909,425,1803,146,2712,California
Trinity,2021-03-20,108,4497,7,447,101,3920,0,130,72,946,35,1838,72,2784,California
Trinity,2021-03-21,4,4501,0,447,3,3923,1,131,3,949,1,1839,4,2788,California
Trinity,2021-03-22,2,4503,0,447,2,3925,0,131,2,951,0,1839,2,2790,California
Trinity,2021-03-23,96,4599,2,449,94,4019,0,131,78,1011,18,1857,78,2868,California
Trinity,2021-03-24,12,4611,1,450,11,4030,0,131,9,1017,3,1860,9,2877,California
Trinity,2021-03-25,111,4722,8,458,97,4127,6,137,85,1082,26,1886,91,2968,California
Trinity,2021-03-26,84,4806,8,466,76,4203,0,137,77,1152,7,1893,77,3045,California
Trinity,2021-03-27,20,4826,4,470,7,4210,9,146,9,1159,11,1904,18,3063,California
Trinity,2021-03-28,5,4831,3,473,2,4212,0,146,1,1156,4,1908,1,3064,California
Trinity,2021-03-29,5,4836,0,473,5,4217,0,146,2,1155,3,1911,2,3066,California
Trinity,2021-03-30,78,4914,6,479,72,4289,0,146,67,1211,11,1922,67,3133,California
Trinity,2021-03-31,56,4970,5,484,18,4307,33,179,20,1227,36,1958,52,3185,California
Trinity,2021-04-01,40,5010,10,494,19,4326,11,190,21,1240,19,1977,32,3217,California
Trinity,2021-04-02,257,5267,5,499,177,4503,75,265,84,1227,172,2149,159,3376,California
Trinity,2021-04-03,17,5284,12,511,5,4508,0,265,7,1224,10,2159,7,3383,California
Trinity,2021-04-04,10,5294,8,519,2,4510,0,265,8,1230,2,2161,8,3391,California
Trinity,2021-04-05,60,5354,6,525,51,4561,3,268,54,1281,6,2167,57,3448,California
Trinity,2021-04-06,122,5476,15,540,104,4665,3,271,29,1220,93,2260,32,3480,California
Trinity,2021-04-07,26,5502,11,551,10,4675,5,276,19,1237,7,2267,24,3504,California
Trinity,2021-04-08,90,5592,11,562,77,4752,2,278,53,1255,37,2304,55,3559,California
Trinity,2021-04-09,166,5758,18,580,144,4896,4,282,88,1269,78,2382,92,3651,California
Trinity,2021-04-10,12,5770,7,587,5,4901,0,282,11,1279,1,2383,11,3662,California
Trinity,2021-04-11,10,5780,5,592,3,4904,2,284,4,1279,6,2389,6,3668,California
Trinity,2021-04-12,78,5858,5,597,72,4976,1,285,64,1330,13,2402,64,3732,California
Trinity,2021-04-13,104,5962,5,602,99,5075,0,285,11,1248,93,2495,11,3743,California
Trinity,2021-04-14,10,5972,5,607,5,5080,0,285,6,1250,4,2499,6,3749,California
Trinity,2021-04-15,44,6016,10,617,34,5114,0,285,14,1235,29,2528,14,3763,California
Trinity,2021-04-16,156,6172,13,630,143,5257,0,285,81,1242,74,2602,81,3844,California
Trinity,2021-04-17,11,6183,5,635,6,5263,0,285,9,1249,2,2604,9,3853,California
Trinity,2021-04-18,3,6186,1,636,2,5265,0,285,0,1246,3,2607,0,3853,California
Trinity,2021-04-19,67,6253,2,638,65,5330,0,285,66,1311,1,2608,66,3919,California
Trinity,2021-04-20,93,6346,8,646,85,5415,0,285,21,1260,72,2680,21,3940,California
Trinity,2021-04-21,22,6368,9,655,13,5428,0,285,9,1256,13,2693,9,3949,California
Trinity,2021-04-22,92,6460,5,660,87,5515,0,285,14,1192,78,2771,14,3963,California
Trinity,2021-04-23,181,6641,6,666,175,5690,0,285,112,1235,69,2840,112,4075,California
Trinity,2021-04-24,23,6664,12,678,11,5701,0,285,6,1224,17,2857,6,4081,California
Trinity,2021-04-25,10,6674,9,687,1,5702,0,285,3,1221,6,2863,3,4084,California
Trinity,2021-04-26,48,6722,9,696,39,5741,0,285,40,1253,8,2871,40,4124,California
Trinity,2021-04-27,87,6809,11,707,76,5817,0,285,23,1212,64,2935,23,4147,California
Trinity,2021-04-28,33,6842,11,718,22,5839,0,285,12,1203,21,2956,12,4159,California
Trinity,2021-04-29,34,6876,13,731,21,5860,0,285,12,1193,22,2978,12,4171,California
Trinity,2021-04-30,26,6902,21,752,5,5865,0,285,10,1188,15,2993,10,4181,California
Trinity,2021-05-01,14,6916,8,760,1,5866,5,290,4,1187,10,3003,9,4190,California
Trinity,2021-05-02,8,6924,5,765,1,5867,2,292,2,1185,6,3009,4,4194,California
Trinity,2021-05-03,58,6982,13,778,44,5911,1,293,9,1147,48,3057,10,4204,California
Trinity,2021-05-04,27,7009,11,789,15,5926,1,294,8,1137,19,3076,9,4213,California
Trinity,2021-05-05,11,7020,7,796,4,5930,0,294,4,1134,7,3083,4,4217,California
Trinity,2021-05-06,75,7095,11,807,62,5992,2,296,16,1093,59,3142,18,4235,California
Trinity,2021-05-07,180,7275,12,819,134,6126,34,330,14,975,166,3308,48,4283,California
Trinity,2021-05-08,7,7282,2,821,5,6131,0,330,2,972,5,3313,2,4285,California
Trinity,2021-05-09,11,7293,8,829,3,6134,0,330,7,975,4,3317,7,4292,California
Trinity,2021-05-10,15,7308,5,834,9,6143,1,331,8,977,7,3324,9,4301,California
Trinity,2021-05-11,8,7316,4,838,4,6147,0,331,6,981,2,3326,6,4307,California
Trinity,2021-05-12,19,7335,16,854,2,6149,1,332,14,991,5,3331,15,4322,California
Trinity,2021-05-13,15,7350,10,864,4,6153,1,333,9,995,6,3337,10,4332,California
Trinity,2021-05-14,141,7491,19,883,94,6247,28,361,39,960,102,3439,67,4399,California
Trinity,2021-05-15,15,7506,10,893,4,6251,1,362,7,961,7,3446,8,4407,California
Trinity,2021-05-16,7,7513,6,899,1,6252,0,362,5,964,2,3448,5,4412,California
Trinity,2021-05-17,108,7621,20,919,86,6338,2,364,42,942,66,3514,44,4456,California
Trinity,2021-05-18,37,7658,7,926,29,6367,1,365,11,928,26,3540,12,4468,California
Trinity,2021-05-19,150,7808,16,942,105,6472,29,394,31,870,118,3658,60,4528,California
Trinity,2021-05-20,28,7836,21,963,4,6476,3,397,17,879,11,3669,20,4548,California
Trinity,2021-05-21,21,7857,13,976,8,6484,0,397,11,880,10,3679,11,4559,California
Trinity,2021-05-22,17,7874,14,990,3,6487,0,397,13,889,4,3683,13,4572,California
Trinity,2021-05-23,6,7880,4,994,2,6489,0,397,2,887,4,3687,2,4574,California
Trinity,2021-05-24,109,7989,12,1006,96,6585,1,398,8,796,100,3787,9,4583,California
Trinity,2021-05-25,38,8027,13,1019,25,6610,0,398,16,790,22,3809,16,4599,California
Trinity,2021-05-26,11,8038,5,1024,6,6616,0,398,3,785,8,3817,3,4602,California
Trinity,2021-05-27,30,8068,13,1037,12,6628,5,403,7,774,23,3840,12,4614,California
Trinity,2021-05-28,13,8081,10,1047,2,6630,1,404,6,774,7,3847,7,4621,California
Trinity,2021-05-29,10,8091,7,1054,2,6632,1,405,7,779,3,3850,8,4629,California
Trinity,2021-05-30,5,8096,4,1058,1,6633,0,405,0,774,5,3855,0,4629,California
Trinity,2021-05-31,4,8100,3,1061,1,6634,0,405,2,774,2,3857,2,4631,California
Trinity,2021-06-01,15,8115,8,1069,5,6639,2,407,4,770,10,3867,6,4637,California
Trinity,2021-06-02,24,8139,19,1088,3,6642,2,409,9,766,15,3882,11,4648,California
Trinity,2021-06-03,39,8178,13,1101,26,6668,0,409,13,753,26,3908,13,4661,California
Trinity,2021-06-04,29,8207,21,1122,8,6676,0,409,8,740,21,3929,8,4669,California
Trinity,2021-06-05,19,8226,18,1140,1,6677,0,409,13,747,6,3935,13,4682,California
Trinity,2021-06-06,9,8235,6,1146,2,6679,1,410,2,743,7,3942,3,4685,California
Trinity,2021-06-07,28,8263,19,1165,8,6687,1,411,12,740,16,3958,13,4698,California
Trinity,2021-06-08,15,8278,13,1178,1,6688,1,412,4,734,11,3969,5,4703,California
Trinity,2021-06-09,9,8287,7,1185,0,6688,2,414,0,727,9,3978,2,4705,California
Trinity,2021-06-10,8,8295,8,1193,0,6688,0,414,2,723,6,3984,2,4707,California
Trinity,2021-06-11,29,8324,0,1193,29,6717,0,414,9,712,20,4004,9,4716,California
Trinity,2021-06-12,2,8326,2,1195,0,6717,0,414,1,712,1,4005,1,4717,California
Tulare,2020-12-15,1,1,1,1,0,0,0,0,1,1,0,0,1,1,California
Tulare,2020-12-16,4,5,4,5,0,0,0,0,4,5,0,0,4,5,California
Tulare,2020-12-17,110,115,110,115,0,0,0,0,110,115,0,0,110,115,California
Tulare,2020-12-18,290,405,289,404,1,1,0,0,290,405,0,0,290,405,California
Tulare,2020-12-19,325,730,325,729,0,1,0,0,325,730,0,0,325,730,California
Tulare,2020-12-20,165,895,165,894,0,1,0,0,165,895,0,0,165,895,California
Tulare,2020-12-21,421,1316,421,1315,0,1,0,0,441,1336,0,0,441,1336,California
Tulare,2020-12-22,472,1788,470,1785,2,3,0,0,471,1807,0,0,471,1807,California
Tulare,2020-12-23,327,2115,319,2104,8,11,0,0,325,2132,0,0,325,2132,California
Tulare,2020-12-24,18,2133,16,2120,2,13,0,0,18,2150,0,0,18,2150,California
Tulare,2020-12-26,7,2140,6,2126,1,14,0,0,7,2157,0,0,7,2157,California
Tulare,2020-12-27,16,2156,12,2138,4,18,0,0,16,2173,0,0,16,2173,California
Tulare,2020-12-28,482,2638,469,2607,13,31,0,0,481,2654,0,0,481,2654,California
Tulare,2020-12-29,549,3187,477,3084,72,103,0,0,549,3203,0,0,549,3203,California
Tulare,2020-12-30,469,3656,425,3509,44,147,0,0,469,3672,0,0,469,3672,California
Tulare,2020-12-31,101,3757,23,3532,78,225,0,0,101,3773,0,0,101,3773,California
Tulare,2021-01-01,3,3760,1,3533,2,227,0,0,3,3776,0,0,3,3776,California
Tulare,2021-01-02,33,3793,20,3553,13,240,0,0,33,3809,0,0,33,3809,California
Tulare,2021-01-03,23,3816,9,3562,14,254,0,0,23,3832,0,0,23,3832,California
Tulare,2021-01-04,93,3909,16,3578,77,331,0,0,93,3925,0,0,93,3925,California
Tulare,2021-01-05,468,4377,279,3857,189,520,0,0,466,4389,2,2,466,4391,California
Tulare,2021-01-06,867,5244,633,4490,234,754,0,0,857,5236,10,12,857,5248,California
Tulare,2021-01-07,786,6030,588,5078,198,952,0,0,679,5808,107,119,679,5927,California
Tulare,2021-01-08,1296,7326,573,5651,723,1675,0,0,959,6431,336,455,959,6886,California
Tulare,2021-01-09,802,8128,202,5853,600,2275,0,0,615,6859,187,642,615,7501,California
Tulare,2021-01-10,50,8178,43,5896,7,2282,0,0,12,6833,38,680,12,7513,California
Tulare,2021-01-11,1275,9453,771,6667,504,2786,0,0,838,7234,437,1117,838,8351,California
Tulare,2021-01-12,1455,10908,506,7173,949,3735,0,0,1044,7869,410,1527,1045,9396,California
Tulare,2021-01-13,427,11335,200,7373,227,3962,0,0,352,8146,75,1602,352,9748,California
Tulare,2021-01-14,495,11830,145,7518,350,4312,0,0,469,8600,15,1617,469,10217,California
Tulare,2021-01-15,1702,13532,161,7679,1541,5853,0,0,1692,10282,10,1627,1692,11909,California
Tulare,2021-01-16,1927,15459,121,7800,1806,7659,0,0,1913,12181,14,1641,1913,13822,California
Tulare,2021-01-17,142,15601,122,7922,20,7679,0,0,132,12303,10,1651,132,13954,California
Tulare,2021-01-18,694,16295,662,8584,32,7711,0,0,295,12199,399,2050,295,14249,California
Tulare,2021-01-19,1021,17316,692,9276,329,8040,0,0,594,12366,427,2477,594,14843,California
Tulare,2021-01-20,2440,19756,614,9890,1826,9866,0,0,2027,14006,387,2864,2027,16870,California
Tulare,2021-01-21,1584,21340,184,10074,1400,11266,0,0,1557,15541,22,2886,1557,18427,California
Tulare,2021-01-22,1075,22415,191,10265,884,12150,0,0,1047,16561,27,2913,1047,19474,California
Tulare,2021-01-23,442,22857,158,10423,284,12434,0,0,421,16961,21,2934,421,19895,California
Tulare,2021-01-24,30,22887,27,10450,3,12437,0,0,28,16987,2,2936,28,19923,California
Tulare,2021-01-25,1352,24239,984,11434,368,12805,0,0,1303,18241,49,2985,1303,21226,California
Tulare,2021-01-26,1514,25753,1100,12534,414,13219,0,0,1175,19078,338,3323,1175,22401,California
Tulare,2021-01-27,1501,27254,1073,13607,428,13647,0,0,921,19420,579,3902,921,23322,California
Tulare,2021-01-28,1217,28471,776,14383,441,14088,0,0,817,19837,400,4302,817,24139,California
Tulare,2021-01-29,1136,29607,724,15107,412,14500,0,0,825,20351,311,4613,825,24964,California
Tulare,2021-01-30,1685,31292,1590,16697,95,14595,0,0,1662,21991,23,4636,1663,26627,California
Tulare,2021-01-31,68,31360,63,16760,5,14600,0,0,65,22053,3,4639,65,26692,California
Tulare,2021-02-01,1196,32556,919,17679,277,14877,0,0,833,22524,362,5001,833,27525,California
Tulare,2021-02-02,703,33259,349,18028,354,15231,0,0,457,22738,244,5245,458,27983,California
Tulare,2021-02-03,574,33833,242,18270,332,15563,0,0,327,22838,227,5472,327,28310,California
Tulare,2021-02-04,571,34404,170,18440,401,15964,0,0,280,22829,290,5762,281,28591,California
Tulare,2021-02-05,1241,35645,237,18677,1004,16968,0,0,403,22396,836,6598,403,28994,California
Tulare,2021-02-06,842,36487,164,18841,678,17646,0,0,208,21972,632,7230,208,29202,California
Tulare,2021-02-07,83,36570,70,18911,13,17659,0,0,22,21933,61,7291,22,29224,California
Tulare,2021-02-08,948,37518,329,19240,619,18278,0,0,242,21471,704,7995,242,29466,California
Tulare,2021-02-09,1435,38953,337,19577,1098,19376,0,0,356,20754,1073,9068,356,29822,California
Tulare,2021-02-10,2478,41431,1990,21567,488,19864,0,0,2079,22435,398,9466,2079,31901,California
Tulare,2021-02-11,1337,42768,379,21946,958,20822,0,0,915,22928,422,9888,915,32816,California
Tulare,2021-02-12,2791,45559,575,22521,2216,23038,0,0,1191,22526,1593,11481,1191,34007,California
Tulare,2021-02-13,2484,48043,158,22679,2326,25364,0,0,652,21350,1828,13309,652,34659,California
Tulare,2021-02-14,335,48378,39,22718,296,25660,0,0,298,21611,37,13346,298,34957,California
Tulare,2021-02-15,921,49299,292,23010,629,26289,0,0,662,22015,258,13604,662,35619,California
Tulare,2021-02-16,2852,52151,1603,24613,1249,27538,0,0,1091,21346,1760,15364,1091,36710,California
Tulare,2021-02-17,2724,54875,518,25131,2206,29744,0,0,463,19554,2255,17619,463,37173,California
Tulare,2021-02-18,2337,57212,456,25587,1881,31625,0,0,640,18505,1689,19308,640,37813,California
Tulare,2021-02-19,2333,59545,880,26467,1453,33078,0,0,957,18088,1374,20682,957,38770,California
Tulare,2021-02-20,3002,62547,1896,28363,1106,34184,0,0,1267,17625,1730,22412,1267,40037,California
Tulare,2021-02-21,95,62642,92,28455,3,34187,0,0,48,17627,46,22458,48,40085,California
Tulare,2021-02-22,1112,63754,705,29160,407,34594,0,0,212,16940,899,23357,212,40297,California
Tulare,2021-02-23,1969,65723,952,30112,1017,35611,0,0,1472,17917,495,23852,1472,41769,California
Tulare,2021-02-24,2493,68216,1556,31668,937,36548,0,0,2119,19664,373,24225,2120,43889,California
Tulare,2021-02-25,3536,71752,1989,33657,1547,38095,0,0,3118,22368,414,24639,3118,47007,California
Tulare,2021-02-26,3878,75630,1901,35558,1977,40072,0,0,3409,25310,467,25106,3409,50416,California
Tulare,2021-02-27,3020,78650,1507,37065,1513,41585,0,0,2885,28072,123,25229,2885,53301,California
Tulare,2021-02-28,1313,79963,1041,38106,272,41857,0,0,1293,29348,17,25246,1293,54594,California
Tulare,2021-03-01,1798,81761,804,38910,994,42851,0,0,1601,30754,195,25441,1601,56195,California
Tulare,2021-03-02,2784,84545,1277,40187,1507,44358,0,0,2610,33193,172,25613,2611,58806,California
Tulare,2021-03-03,3990,88535,2635,42822,1354,45712,1,1,2035,33280,1952,27565,2039,60845,California
Tulare,2021-03-04,2986,91521,1348,44170,1638,47350,0,1,2642,35583,339,27904,2642,63487,California
Tulare,2021-03-05,3459,94980,1771,45941,1673,49023,15,16,2941,38027,515,28419,2959,66446,California
Tulare,2021-03-06,3103,98083,1448,47389,1595,50618,60,76,2849,40683,251,28670,2907,69353,California
Tulare,2021-03-07,1141,99224,704,48093,416,51034,21,97,1101,41766,39,28709,1122,70475,California
Tulare,2021-03-08,1728,100952,1011,49104,548,51582,169,266,1400,43011,323,29032,1568,72043,California
Tulare,2021-03-09,3286,104238,2256,51360,881,52463,149,415,2860,45594,425,29457,3008,75051,California
Tulare,2021-03-10,2985,107223,1412,52772,1399,53862,174,589,2582,47954,394,29851,2754,77805,California
Tulare,2021-03-11,4237,111460,2000,54772,1931,55793,306,895,3279,50582,958,30809,3586,81391,California
Tulare,2021-03-12,4441,115901,2435,57207,1652,57445,354,1249,3152,52807,1281,32090,3506,84897,California
Tulare,2021-03-13,4179,120080,1959,59166,2115,59560,105,1354,3223,55185,950,33040,3328,88225,California
Tulare,2021-03-14,1862,121942,988,60154,654,60214,220,1574,1337,56215,524,33564,1554,89779,California
Tulare,2021-03-15,2767,124709,1643,61797,1007,61221,117,1691,1989,57547,775,34339,2107,91886,California
Tulare,2021-03-16,3463,128172,2126,63923,1257,62478,80,1771,1895,57961,1564,35903,1978,93864,California
Tulare,2021-03-17,4075,132247,2651,66574,1349,63827,75,1846,2320,58614,1749,37652,2402,96266,California
Tulare,2021-03-18,4665,136912,3401,69975,1191,65018,73,1919,2466,58967,2191,39843,2544,98810,California
Tulare,2021-03-19,5128,142040,3370,73345,1561,66579,197,2116,2738,59533,2371,42214,2937,101747,California
Tulare,2021-03-20,4513,146553,2811,76156,1329,67908,373,2489,2073,59551,2432,44646,2450,104197,California
Tulare,2021-03-21,1999,148552,1710,77866,263,68171,26,2515,1055,59691,940,45586,1080,105277,California
Tulare,2021-03-22,2570,151122,1780,79646,679,68850,111,2626,1694,60627,870,46456,1806,107083,California
Tulare,2021-03-23,3761,154883,2160,81806,1550,70400,51,2677,2062,61056,1689,48145,2118,109201,California
Tulare,2021-03-24,3224,158107,2004,83810,1178,71578,42,2719,1811,61505,1405,49550,1854,111055,California
Tulare,2021-03-25,3496,161603,1822,85632,1504,73082,170,2889,1693,61575,1795,51345,1865,112920,California
Tulare,2021-03-26,5290,166893,3156,88788,2024,75106,110,2999,2560,61533,2712,54057,2670,115590,California
Tulare,2021-03-27,3554,170447,1823,90611,1632,76738,99,3098,996,60077,2550,56607,1094,116684,California
Tulare,2021-03-28,1475,171922,1070,91681,374,77112,31,3129,676,59997,797,57404,717,117401,California
Tulare,2021-03-29,2899,174821,1678,93359,1110,78222,111,3240,1233,59681,1662,59066,1346,118747,California
Tulare,2021-03-30,4864,179685,2803,96162,1828,80050,233,3473,1538,58129,3316,62382,1764,120511,California
Tulare,2021-03-31,3986,183671,2357,98519,1515,81565,114,3587,1577,57420,2401,64783,1692,122203,California
Tulare,2021-04-01,4542,188213,2462,100981,2014,83579,66,3653,1562,56079,2970,67753,1629,123832,California
Tulare,2021-04-02,5381,193594,3075,104056,2184,85763,122,3775,1593,54023,3772,71525,1716,125548,California
Tulare,2021-04-03,3646,197240,2109,106165,1163,86926,374,4149,842,52471,2766,74291,1214,126762,California
Tulare,2021-04-04,1637,198877,1149,107314,481,87407,7,4156,360,51565,1273,75564,367,127129,California
Tulare,2021-04-05,3373,202250,2352,109666,752,88159,269,4425,855,50185,2505,78069,1125,128254,California
Tulare,2021-04-06,3449,205699,1474,111140,1477,89636,498,4923,930,49104,2511,80580,1430,129684,California
Tulare,2021-04-07,3926,209625,1855,112995,1633,91269,438,5361,1191,48000,2724,83304,1620,131304,California
Tulare,2021-04-08,4820,214445,2636,115631,1718,92987,466,5827,1542,46739,3265,86569,2004,133308,California
Tulare,2021-04-09,4870,219315,3009,118640,1420,94407,441,6268,1838,45995,3023,89592,2279,135587,California
Tulare,2021-04-10,3874,223189,2092,120732,1459,95866,323,6591,949,44347,2916,92508,1268,136855,California
Tulare,2021-04-11,1594,224783,1055,121787,465,96331,74,6665,495,43819,1097,93605,569,137424,California
Tulare,2021-04-12,3419,228202,2131,123918,690,97021,598,7263,1070,43148,2340,95945,1669,139093,California
Tulare,2021-04-13,2419,230621,1593,125511,816,97837,10,7273,906,42564,1502,97447,918,140011,California
Tulare,2021-04-14,2881,233502,1696,127207,1185,99022,0,7273,924,41535,1953,99400,924,140935,California
Tulare,2021-04-15,3317,236819,2160,129367,1157,100179,0,7273,1487,41203,1819,101219,1487,142422,California
Tulare,2021-04-16,3668,240487,2219,131586,1449,101628,0,7273,1479,40505,2178,103397,1480,143902,California
Tulare,2021-04-17,2220,242707,1303,132889,917,102545,0,7273,1173,40636,1043,104440,1174,145076,California
Tulare,2021-04-18,1523,244230,1193,134082,330,102875,0,7273,817,40748,705,105145,817,145893,California
Tulare,2021-04-19,2134,246364,1224,135306,908,103783,2,7275,898,40416,1232,106377,900,146793,California
Tulare,2021-04-20,2340,248704,1317,136623,1023,104806,0,7275,993,40075,1334,107711,993,147786,California
Tulare,2021-04-21,2215,250919,1335,137958,880,105686,0,7275,812,39524,1364,109075,813,148599,California
Tulare,2021-04-22,2117,253036,1178,139136,939,106625,0,7275,728,38882,1370,110445,728,149327,California
Tulare,2021-04-23,2596,255632,1589,140725,1006,107631,1,7276,1021,38339,1564,112009,1021,150348,California
Tulare,2021-04-24,1648,257280,1056,141781,590,108221,2,7278,852,38402,791,112800,854,151202,California
Tulare,2021-04-25,700,257980,527,142308,173,108394,0,7278,268,38238,432,113232,268,151470,California
Tulare,2021-04-26,1526,259506,919,143227,588,108982,19,7297,639,38014,880,114112,656,152126,California
Tulare,2021-04-27,1670,261176,679,143906,952,109934,39,7336,714,37814,952,115064,752,152878,California
Tulare,2021-04-28,1714,262890,974,144880,698,110632,42,7378,674,37495,1035,116099,716,153594,California
Tulare,2021-04-29,2011,264901,1202,146082,769,111401,40,7418,779,37091,1221,117320,817,154411,California
Tulare,2021-04-30,2452,267353,1785,147867,617,112018,50,7468,906,36508,1538,118858,955,155366,California
Tulare,2021-05-01,1427,268780,1228,149095,187,112205,12,7480,728,36559,689,119547,740,156106,California
Tulare,2021-05-02,590,269370,501,149596,73,112278,16,7496,189,36366,398,119945,205,156311,California
Tulare,2021-05-03,1625,270995,1098,150694,402,112680,125,7621,350,35573,1268,121213,475,156786,California
Tulare,2021-05-04,1562,272557,835,151529,657,113337,70,7691,629,35344,925,122138,696,157482,California
Tulare,2021-05-05,1284,273841,621,152150,573,113910,90,7781,447,35055,826,122964,537,158019,California
Tulare,2021-05-06,1970,275811,1326,153476,595,114505,49,7830,592,34326,1370,124334,641,158660,California
Tulare,2021-05-07,1839,277650,1248,154724,523,115028,68,7898,526,33613,1306,125640,593,159253,California
Tulare,2021-05-08,1233,278883,807,155531,401,115429,25,7923,526,33464,700,126340,551,159804,California
Tulare,2021-05-09,594,279477,469,156000,104,115533,21,7944,117,33130,473,126813,139,159943,California
Tulare,2021-05-10,1025,280502,593,156593,366,115899,66,8010,310,32793,713,127526,376,160319,California
Tulare,2021-05-11,1254,281756,634,157227,538,116437,82,8092,521,32670,726,128252,603,160922,California
Tulare,2021-05-12,1579,283335,1016,158243,505,116942,58,8150,429,32021,1135,129387,486,161408,California
Tulare,2021-05-13,1556,284891,986,159229,531,117473,39,8189,696,31899,856,130243,734,162142,California
Tulare,2021-05-14,1930,286821,1242,160471,624,118097,64,8253,861,31766,1057,131300,924,163066,California
Tulare,2021-05-15,1570,288391,885,161356,639,118736,46,8299,672,31589,890,132190,713,163779,California
Tulare,2021-05-16,698,289089,558,161914,128,118864,12,8311,325,31554,372,132562,337,164116,California
Tulare,2021-05-17,1544,290633,958,162872,513,119377,73,8384,740,31570,797,133359,813,164929,California
Tulare,2021-05-18,1585,292218,857,163729,673,120050,55,8439,794,31631,786,134145,847,165776,California
Tulare,2021-05-19,1481,293699,957,164686,491,120541,33,8472,773,31735,702,134847,806,166582,California
Tulare,2021-05-20,1587,295286,1071,165757,429,120970,87,8559,766,31771,817,135664,853,167435,California
Tulare,2021-05-21,1951,297237,1429,167186,481,121451,41,8600,1071,32011,872,136536,1112,168547,California
Tulare,2021-05-22,1604,298841,1145,168331,436,121887,23,8623,605,31649,991,137527,629,169176,California
Tulare,2021-05-23,393,299234,312,168643,72,121959,9,8632,198,31663,193,137720,207,169383,California
Tulare,2021-05-24,905,300139,551,169194,294,122253,60,8692,404,31628,499,138219,464,169847,California
Tulare,2021-05-25,1188,301327,710,169904,446,122699,32,8724,509,31496,673,138892,541,170388,California
Tulare,2021-05-26,881,302208,487,170391,352,123051,42,8766,401,31463,475,139367,442,170830,California
Tulare,2021-05-27,1275,303483,808,171199,436,123487,31,8797,594,31412,678,140045,627,171457,California
Tulare,2021-05-28,1186,304669,660,171859,477,123964,49,8846,631,31542,549,140594,679,172136,California
Tulare,2021-05-29,870,305539,643,172502,208,124172,19,8865,500,31693,368,140962,519,172655,California
Tulare,2021-05-30,285,305824,206,172708,71,124243,8,8873,165,31748,118,141080,173,172828,California
Tulare,2021-05-31,131,305955,51,172759,69,124312,11,8884,55,31739,75,141155,66,172894,California
Tulare,2021-06-01,1050,307005,624,173383,395,124707,31,8915,404,31537,637,141792,435,173329,California
Tulare,2021-06-02,795,307800,468,173851,295,125002,32,8947,363,31510,420,142212,393,173722,California
Tulare,2021-06-03,1142,308942,810,174661,274,125276,58,9005,420,31285,702,142914,477,174199,California
Tulare,2021-06-04,1164,310106,833,175494,298,125574,33,9038,393,30944,767,143681,426,174625,California
Tulare,2021-06-05,875,310981,696,176190,164,125738,15,9053,298,30683,574,144255,313,174938,California
Tulare,2021-06-06,418,311399,354,176544,46,125784,18,9071,138,30560,279,144534,156,175094,California
Tulare,2021-06-07,881,312280,693,177237,151,125935,37,9108,287,30292,591,145125,323,175417,California
Tulare,2021-06-08,1047,313327,773,178010,213,126148,61,9169,352,30015,690,145815,413,175830,California
Tulare,2021-06-09,898,314225,621,178631,248,126396,29,9198,276,29700,618,146433,303,176133,California
Tulare,2021-06-10,955,315180,765,179396,155,126551,35,9233,320,29422,632,147065,354,176487,California
Tulare,2021-06-11,914,316094,623,180019,259,126810,32,9265,264,29076,642,147707,296,176783,California
Tulare,2021-06-12,501,316595,405,180424,86,126896,10,9275,182,28953,315,148022,192,176975,California
Tuolumne,2020-12-16,47,47,47,47,0,0,0,0,47,47,0,0,47,47,California
Tuolumne,2020-12-17,18,65,18,65,0,0,0,0,18,65,0,0,18,65,California
Tuolumne,2020-12-18,101,166,100,165,1,1,0,0,101,166,0,0,101,166,California
Tuolumne,2020-12-19,4,170,4,169,0,1,0,0,4,170,0,0,4,170,California
Tuolumne,2020-12-20,2,172,2,171,0,1,0,0,2,172,0,0,2,172,California
Tuolumne,2020-12-21,115,287,101,272,14,15,0,0,115,287,0,0,115,287,California
Tuolumne,2020-12-22,171,458,171,443,0,15,0,0,171,458,0,0,171,458,California
Tuolumne,2020-12-23,184,642,182,625,2,17,0,0,184,642,0,0,184,642,California
Tuolumne,2020-12-26,2,644,2,627,0,17,0,0,2,644,0,0,2,644,California
Tuolumne,2020-12-28,77,721,75,702,2,19,0,0,77,721,0,0,77,721,California
Tuolumne,2020-12-29,102,823,39,741,63,82,0,0,102,823,0,0,102,823,California
Tuolumne,2020-12-30,80,903,22,763,58,140,0,0,80,903,0,0,80,903,California
Tuolumne,2020-12-31,27,930,20,783,7,147,0,0,27,930,0,0,27,930,California
Tuolumne,2021-01-01,6,936,5,788,1,148,0,0,6,936,0,0,6,936,California
Tuolumne,2021-01-02,118,1054,116,904,2,150,0,0,118,1054,0,0,118,1054,California
Tuolumne,2021-01-03,2,1056,2,906,0,150,0,0,2,1056,0,0,2,1056,California
Tuolumne,2021-01-04,69,1125,26,932,43,193,0,0,69,1125,0,0,69,1125,California
Tuolumne,2021-01-05,93,1218,27,959,66,259,0,0,90,1213,3,3,91,1216,California
Tuolumne,2021-01-06,132,1350,71,1030,61,320,0,0,68,1217,64,67,68,1284,California
Tuolumne,2021-01-07,119,1469,63,1093,56,376,0,0,64,1226,55,122,64,1348,California
Tuolumne,2021-01-08,104,1573,81,1174,23,399,0,0,26,1176,77,199,27,1375,California
Tuolumne,2021-01-09,2,1575,0,1174,2,401,0,0,2,1178,0,199,2,1377,California
Tuolumne,2021-01-10,3,1578,1,1175,2,403,0,0,3,1181,0,199,3,1380,California
Tuolumne,2021-01-11,114,1692,88,1263,26,429,0,0,34,1135,80,279,34,1414,California
Tuolumne,2021-01-12,102,1794,86,1349,16,445,0,0,18,1069,84,363,18,1432,California
Tuolumne,2021-01-13,231,2025,125,1474,106,551,0,0,182,1203,49,412,183,1615,California
Tuolumne,2021-01-14,148,2173,108,1582,40,591,0,0,43,1142,104,516,43,1658,California
Tuolumne,2021-01-15,476,2649,74,1656,402,993,0,0,414,1496,61,577,415,2073,California
Tuolumne,2021-01-16,7,2656,3,1659,4,997,0,0,6,1501,1,578,6,2079,California
Tuolumne,2021-01-17,7,2663,4,1663,3,1000,0,0,7,1508,0,578,7,2086,California
Tuolumne,2021-01-18,46,2709,38,1701,8,1008,0,0,9,1481,36,614,9,2095,California
Tuolumne,2021-01-19,479,3188,74,1775,405,1413,0,0,433,1868,46,660,433,2528,California
Tuolumne,2021-01-20,76,3264,58,1833,18,1431,0,0,24,1841,51,711,24,2552,California
Tuolumne,2021-01-21,56,3320,23,1856,33,1464,0,0,40,1865,16,727,40,2592,California
Tuolumne,2021-01-22,169,3489,16,1872,153,1617,0,0,162,2020,7,734,162,2754,California
Tuolumne,2021-01-23,653,4142,134,2006,519,2136,0,0,546,2472,107,841,559,3313,California
Tuolumne,2021-01-24,523,4665,2,2008,521,2657,0,0,520,2991,3,844,522,3835,California
Tuolumne,2021-01-25,50,4715,28,2036,22,2679,0,0,24,2990,26,870,25,3860,California
Tuolumne,2021-01-26,80,4795,68,2104,12,2691,0,0,40,2991,40,910,41,3901,California
Tuolumne,2021-01-27,61,4856,4,2108,57,2748,0,0,8,2947,52,962,8,3909,California
Tuolumne,2021-01-28,27,4883,7,2115,20,2768,0,0,18,2956,9,971,18,3927,California
Tuolumne,2021-01-29,70,4953,5,2120,65,2833,0,0,32,2950,38,1009,32,3959,California
Tuolumne,2021-01-30,711,5664,553,2673,158,2991,0,0,689,3634,22,1031,706,4665,California
Tuolumne,2021-01-31,7,5671,2,2675,5,2996,0,0,4,3635,3,1034,4,4669,California
Tuolumne,2021-02-01,27,5698,7,2682,20,3016,0,0,24,3656,3,1037,24,4693,California
Tuolumne,2021-02-02,649,6347,42,2724,607,3623,0,0,637,4283,10,1047,637,5330,California
Tuolumne,2021-02-03,241,6588,112,2836,129,3752,0,0,87,4216,154,1201,87,5417,California
Tuolumne,2021-02-04,123,6711,13,2849,110,3862,0,0,61,4215,62,1263,61,5478,California
Tuolumne,2021-02-05,102,6813,15,2864,87,3949,0,0,36,4186,65,1328,36,5514,California
Tuolumne,2021-02-06,858,7671,582,3446,276,4225,0,0,849,5032,9,1337,855,6369,California
Tuolumne,2021-02-07,8,7679,4,3450,4,4229,0,0,4,5032,4,1341,4,6373,California
Tuolumne,2021-02-08,92,7771,41,3491,51,4280,0,0,68,5076,24,1365,68,6441,California
Tuolumne,2021-02-09,865,8636,52,3543,813,5093,0,0,822,5855,43,1408,822,7263,California
Tuolumne,2021-02-10,92,8728,17,3560,75,5168,0,0,31,5826,60,1468,31,7294,California
Tuolumne,2021-02-11,143,8871,68,3628,75,5243,0,0,78,5839,65,1533,78,7372,California
Tuolumne,2021-02-12,650,9521,20,3648,630,5873,0,0,208,5606,441,1974,208,7580,California
Tuolumne,2021-02-13,151,9672,41,3689,110,5983,0,0,121,5698,29,2003,121,7701,California
Tuolumne,2021-02-14,152,9824,14,3703,138,6121,0,0,150,5846,2,2005,150,7851,California
Tuolumne,2021-02-15,188,10012,10,3713,178,6299,0,0,179,6016,9,2014,179,8030,California
Tuolumne,2021-02-16,531,10543,18,3731,513,6812,0,0,122,5735,405,2419,124,8154,California
Tuolumne,2021-02-17,111,10654,63,3794,48,6860,0,0,61,5747,49,2468,61,8215,California
Tuolumne,2021-02-18,681,11335,26,3820,655,7515,0,0,630,6327,51,2519,631,8846,California
Tuolumne,2021-02-19,142,11477,22,3842,120,7635,0,0,42,6269,100,2619,42,8888,California
Tuolumne,2021-02-20,905,12382,341,4183,564,8199,0,0,384,6149,506,3125,386,9274,California
Tuolumne,2021-02-21,978,13360,39,4222,939,9138,0,0,469,6116,506,3631,473,9747,California
Tuolumne,2021-02-22,80,13440,57,4279,23,9161,0,0,46,6129,33,3664,46,9793,California
Tuolumne,2021-02-23,48,13488,24,4303,24,9185,0,0,26,6134,21,3685,26,9819,California
Tuolumne,2021-02-24,104,13592,58,4361,46,9231,0,0,42,6115,61,3746,42,9861,California
Tuolumne,2021-02-25,1051,14643,35,4396,1016,10247,0,0,1020,7104,31,3777,1020,10881,California
Tuolumne,2021-02-26,151,14794,11,4407,140,10387,0,0,125,7204,26,3803,126,11007,California
Tuolumne,2021-02-27,955,15749,579,4986,376,10763,0,0,250,6770,687,4490,253,11260,California
Tuolumne,2021-02-28,56,15805,4,4990,52,10815,0,0,52,6819,3,4493,52,11312,California
Tuolumne,2021-03-01,115,15920,22,5012,92,10907,1,1,77,6861,37,4530,79,11391,California
Tuolumne,2021-03-02,708,16628,75,5087,633,11540,0,1,107,6367,601,5131,107,11498,California
Tuolumne,2021-03-03,95,16723,21,5108,74,11614,0,1,67,6407,27,5158,67,11565,California
Tuolumne,2021-03-04,1173,17896,75,5183,1098,12712,0,1,1108,7450,65,5223,1108,12673,California
Tuolumne,2021-03-05,90,17986,10,5193,80,12792,0,1,52,7466,37,5260,53,12726,California
Tuolumne,2021-03-06,1059,19045,606,5799,451,13243,2,3,204,6826,849,6109,209,12935,California
Tuolumne,2021-03-07,40,19085,12,5811,14,13257,14,17,18,6836,22,6131,32,12967,California
Tuolumne,2021-03-08,197,19282,90,5901,100,13357,7,24,139,6924,58,6189,146,13113,California
Tuolumne,2021-03-09,860,20142,16,5917,833,14190,11,35,68,6218,786,6975,80,13193,California
Tuolumne,2021-03-10,79,20221,12,5929,56,14246,11,46,54,6258,25,7000,65,13258,California
Tuolumne,2021-03-11,1282,21503,37,5966,1240,15486,5,51,1255,7493,27,7027,1262,14520,California
Tuolumne,2021-03-12,298,21801,34,6000,249,15735,15,66,189,7592,108,7135,207,14727,California
Tuolumne,2021-03-13,114,21915,13,6013,101,15836,0,66,84,7648,29,7164,85,14812,California
Tuolumne,2021-03-14,148,22063,10,6023,129,15965,9,75,7,7528,141,7305,21,14833,California
Tuolumne,2021-03-15,302,22365,82,6105,217,16182,3,78,104,7446,197,7502,115,14948,California
Tuolumne,2021-03-16,806,23171,41,6146,754,16936,11,89,668,7988,137,7639,679,15627,California
Tuolumne,2021-03-17,153,23324,33,6179,107,17043,13,102,79,8007,73,7712,92,15719,California
Tuolumne,2021-03-18,948,24272,27,6206,908,17951,13,115,317,7710,627,8339,330,16049,California
Tuolumne,2021-03-19,135,24407,18,6224,87,18038,30,145,73,7752,61,8400,103,16152,California
Tuolumne,2021-03-20,95,24502,8,6232,77,18115,10,155,41,7749,53,8453,50,16202,California
Tuolumne,2021-03-21,833,25335,389,6621,434,18549,10,165,41,7019,782,9235,52,16254,California
Tuolumne,2021-03-22,164,25499,73,6694,72,18621,19,184,97,7069,66,9301,116,16370,California
Tuolumne,2021-03-23,713,26212,638,7332,61,18682,14,198,674,7717,39,9340,687,17057,California
Tuolumne,2021-03-24,110,26322,20,7352,72,18754,18,216,76,7778,33,9373,94,17151,California
Tuolumne,2021-03-25,1300,27622,24,7376,1273,20027,3,219,327,7136,972,10345,330,17481,California
Tuolumne,2021-03-26,275,27897,16,7392,236,20263,23,242,115,7126,149,10494,139,17620,California
Tuolumne,2021-03-27,581,28478,54,7446,527,20790,0,242,316,7181,263,10757,318,17938,California
Tuolumne,2021-03-28,46,28524,5,7451,41,20831,0,242,7,7151,38,10795,8,17946,California
Tuolumne,2021-03-29,206,28730,83,7534,123,20954,0,242,109,7166,94,10889,109,18055,California
Tuolumne,2021-03-30,162,28892,9,7543,152,21106,1,243,118,7242,43,10932,119,18174,California
Tuolumne,2021-03-31,94,28986,13,7556,79,21185,2,245,37,7226,55,10987,39,18213,California
Tuolumne,2021-04-01,1250,30236,29,7585,1221,22406,0,245,227,6433,1020,12007,227,18440,California
Tuolumne,2021-04-02,164,30400,9,7594,129,22535,26,271,90,6477,72,12079,116,18556,California
Tuolumne,2021-04-03,427,30827,35,7629,391,22926,1,272,239,6530,186,12265,239,18795,California
Tuolumne,2021-04-04,33,30860,3,7632,30,22956,0,272,20,6539,11,12276,20,18815,California
Tuolumne,2021-04-05,133,30993,19,7651,107,23063,7,279,59,6532,73,12349,66,18881,California
Tuolumne,2021-04-06,651,31644,516,8167,108,23171,27,306,516,6942,134,12483,544,19425,California
Tuolumne,2021-04-07,128,31772,37,8204,75,23246,16,322,50,6930,78,12561,66,19491,California
Tuolumne,2021-04-08,1447,33219,33,8237,1399,24645,15,337,248,5999,1194,13755,263,19754,California
Tuolumne,2021-04-09,274,33493,42,8279,189,24834,43,380,132,6036,142,13897,179,19933,California
Tuolumne,2021-04-10,55,33548,2,8281,33,24867,20,400,22,6046,32,13929,42,19975,California
Tuolumne,2021-04-11,18,33566,3,8284,12,24879,3,403,12,6055,6,13935,15,19990,California
Tuolumne,2021-04-12,173,33739,66,8350,102,24981,5,408,90,6072,78,14013,95,20085,California
Tuolumne,2021-04-13,788,34527,35,8385,753,25734,0,408,171,5635,608,14621,171,20256,California
Tuolumne,2021-04-14,157,34684,30,8415,127,25861,0,408,79,5641,74,14695,80,20336,California
Tuolumne,2021-04-15,345,35029,21,8436,324,26185,0,408,60,5423,278,14973,60,20396,California
Tuolumne,2021-04-16,253,35282,50,8486,203,26388,0,408,141,5461,104,15077,142,20538,California
Tuolumne,2021-04-17,44,35326,5,8491,39,26427,0,408,27,5471,17,15094,27,20565,California
Tuolumne,2021-04-18,9,35335,2,8493,7,26434,0,408,5,5473,4,15098,6,20571,California
Tuolumne,2021-04-19,176,35511,78,8571,98,26532,0,408,99,5497,75,15173,99,20670,California
Tuolumne,2021-04-20,710,36221,615,9186,95,26627,0,408,75,4945,627,15800,75,20745,California
Tuolumne,2021-04-21,118,36339,25,9211,93,26720,0,408,62,4956,51,15851,62,20807,California
Tuolumne,2021-04-22,710,37049,45,9256,665,27385,0,408,430,5116,271,16122,431,21238,California
Tuolumne,2021-04-23,172,37221,29,9285,143,27528,0,408,81,5109,89,16211,82,21320,California
Tuolumne,2021-04-24,78,37299,17,9302,61,27589,0,408,49,5129,29,16240,49,21369,California
Tuolumne,2021-04-25,25,37324,9,9311,16,27605,0,408,22,5148,3,16243,22,21391,California
Tuolumne,2021-04-26,157,37481,56,9367,101,27706,0,408,73,5139,83,16326,74,21465,California
Tuolumne,2021-04-27,139,37620,22,9389,110,27816,7,415,64,5138,72,16398,71,21536,California
Tuolumne,2021-04-28,111,37731,21,9410,79,27895,11,426,59,5157,51,16449,70,21606,California
Tuolumne,2021-04-29,277,38008,16,9426,253,28148,8,434,54,4999,220,16669,62,21668,California
Tuolumne,2021-04-30,366,38374,23,9449,331,28479,12,446,71,4791,291,16960,83,21751,California
Tuolumne,2021-05-01,25,38399,7,9456,13,28492,5,451,16,4803,9,16969,21,21772,California
Tuolumne,2021-05-02,26,38425,3,9459,21,28513,2,453,19,4817,7,16976,21,21793,California
Tuolumne,2021-05-03,111,38536,14,9473,92,28605,5,458,36,4785,73,17049,41,21834,California
Tuolumne,2021-05-04,707,39243,600,10073,103,28708,4,462,215,4512,491,17540,218,22052,California
Tuolumne,2021-05-05,108,39351,25,10098,77,28785,6,468,56,4525,49,17589,62,22114,California
Tuolumne,2021-05-06,287,39638,12,10110,259,29044,16,484,41,4339,242,17831,56,22170,California
Tuolumne,2021-05-07,329,39967,26,10136,295,29339,8,492,71,4161,257,18088,79,22249,California
Tuolumne,2021-05-08,46,40013,6,10142,36,29375,4,496,31,4181,15,18103,35,22284,California
Tuolumne,2021-05-09,17,40030,2,10144,13,29388,2,498,3,4172,14,18117,5,22289,California
Tuolumne,2021-05-10,113,40143,44,10188,63,29451,6,504,32,4130,80,18197,38,22327,California
Tuolumne,2021-05-11,202,40345,62,10250,128,29579,12,516,55,4051,146,18343,67,22394,California
Tuolumne,2021-05-12,130,40475,20,10270,106,29685,4,520,49,4023,81,18424,53,22447,California
Tuolumne,2021-05-13,116,40591,18,10288,90,29775,8,528,72,4058,44,18468,79,22526,California
Tuolumne,2021-05-14,206,40797,76,10364,120,29895,10,538,107,4078,97,18565,117,22643,California
Tuolumne,2021-05-15,57,40854,14,10378,36,29931,7,545,19,4067,38,18603,27,22670,California
Tuolumne,2021-05-16,26,40880,8,10386,16,29947,2,547,13,4069,13,18616,15,22685,California
Tuolumne,2021-05-17,110,40990,29,10415,78,30025,3,550,47,4057,63,18679,51,22736,California
Tuolumne,2021-05-18,177,41167,53,10468,77,30102,47,597,59,4046,117,18796,106,22842,California
Tuolumne,2021-05-19,119,41286,20,10488,66,30168,33,630,47,4055,71,18867,80,22922,California
Tuolumne,2021-05-20,405,41691,18,10506,382,30550,5,635,52,3761,351,19218,57,22979,California
Tuolumne,2021-05-21,197,41888,91,10597,101,30651,5,640,119,3808,77,19295,124,23103,California
Tuolumne,2021-05-22,56,41944,18,10615,33,30684,5,645,24,3805,31,19326,28,23131,California
Tuolumne,2021-05-23,27,41971,7,10622,19,30703,1,646,10,3799,17,19343,11,23142,California
Tuolumne,2021-05-24,134,42105,41,10663,87,30790,6,652,51,3774,82,19425,57,23199,California
Tuolumne,2021-05-25,293,42398,219,10882,68,30858,6,658,110,3708,182,19607,116,23315,California
Tuolumne,2021-05-26,87,42485,23,10905,62,30920,2,660,37,3697,50,19657,39,23354,California
Tuolumne,2021-05-27,73,42558,13,10918,57,30977,3,663,29,3686,43,19700,32,23386,California
Tuolumne,2021-05-28,111,42669,53,10971,57,31034,1,664,65,3708,44,19744,66,23452,California
Tuolumne,2021-05-29,38,42707,7,10978,25,31059,6,670,17,3710,21,19765,23,23475,California
Tuolumne,2021-05-30,18,42725,1,10979,14,31073,3,673,4,3703,14,19779,7,23482,California
Tuolumne,2021-05-31,10,42735,2,10981,7,31080,1,674,2,3698,8,19787,3,23485,California
Tuolumne,2021-06-01,76,42811,20,11001,52,31132,4,678,22,3671,53,19840,26,23511,California
Tuolumne,2021-06-02,73,42884,7,11008,58,31190,8,686,23,3653,49,19889,31,23542,California
Tuolumne,2021-06-03,75,42959,25,11033,35,31225,15,701,23,3640,51,19940,38,23580,California
Tuolumne,2021-06-04,132,43091,62,11095,67,31292,3,704,38,3589,92,20032,41,23621,California
Tuolumne,2021-06-05,40,43131,10,11105,28,31320,2,706,16,3584,23,20055,18,23639,California
Tuolumne,2021-06-06,19,43150,5,11110,7,31327,7,713,5,3582,14,20069,12,23651,California
Tuolumne,2021-06-07,59,43209,14,11124,37,31364,8,721,26,3583,33,20102,34,23685,California
Tuolumne,2021-06-08,65,43274,14,11138,50,31414,1,722,22,3565,41,20143,23,23708,California
Tuolumne,2021-06-09,73,43347,41,11179,26,31440,6,728,37,3573,35,20178,43,23751,California
Tuolumne,2021-06-10,74,43421,7,11186,60,31500,7,735,16,3538,58,20236,23,23774,California
Tuolumne,2021-06-11,78,43499,38,11224,37,31537,3,738,15,3494,62,20298,18,23792,California
Tuolumne,2021-06-12,35,43534,12,11236,7,31544,16,754,8,3492,26,20324,24,23816,California
Ventura,2020-12-15,5,5,5,5,0,0,0,0,5,5,0,0,5,5,California
Ventura,2020-12-16,74,79,74,79,0,0,0,0,74,79,0,0,74,79,California
Ventura,2020-12-17,250,329,250,329,0,0,0,0,250,329,0,0,250,329,California
Ventura,2020-12-18,1412,1741,1412,1741,0,0,0,0,1412,1741,0,0,1412,1741,California
Ventura,2020-12-19,913,2654,913,2654,0,0,0,0,913,2654,0,0,913,2654,California
Ventura,2020-12-20,429,3083,429,3083,0,0,0,0,429,3083,0,0,429,3083,California
Ventura,2020-12-21,1464,4547,1464,4547,0,0,0,0,1464,4547,0,0,1464,4547,California
Ventura,2020-12-22,1104,5651,1100,5647,4,4,0,0,1104,5651,0,0,1104,5651,California
Ventura,2020-12-23,1032,6683,982,6629,50,54,0,0,1032,6683,0,0,1032,6683,California
Ventura,2020-12-24,474,7157,377,7006,97,151,0,0,474,7157,0,0,474,7157,California
Ventura,2020-12-25,12,7169,7,7013,5,156,0,0,12,7169,0,0,12,7169,California
Ventura,2020-12-26,116,7285,95,7108,21,177,0,0,116,7285,0,0,116,7285,California
Ventura,2020-12-27,60,7345,29,7137,31,208,0,0,60,7345,0,0,60,7345,California
Ventura,2020-12-28,1070,8415,929,8066,141,349,0,0,1070,8415,0,0,1070,8415,California
Ventura,2020-12-29,1179,9594,771,8837,408,757,0,0,1179,9594,0,0,1179,9594,California
Ventura,2020-12-30,1990,11584,1527,10364,463,1220,0,0,1990,11584,0,0,1990,11584,California
Ventura,2020-12-31,479,12063,162,10526,317,1537,0,0,474,12053,5,5,474,12058,California
Ventura,2021-01-01,34,12097,13,10539,21,1558,0,0,34,12087,0,5,34,12092,California
Ventura,2021-01-02,172,12269,77,10616,95,1653,0,0,172,12259,0,5,172,12264,California
Ventura,2021-01-03,18,12287,8,10624,10,1663,0,0,18,12277,0,5,18,12282,California
Ventura,2021-01-04,1099,13386,556,11180,543,2206,0,0,1098,13375,0,5,1098,13380,California
Ventura,2021-01-05,1378,14764,782,11962,596,2802,0,0,1333,14663,45,50,1333,14713,California
Ventura,2021-01-06,2046,16810,1167,13129,879,3681,0,0,1620,15868,417,467,1622,16335,California
Ventura,2021-01-07,2063,18873,1319,14448,744,4425,0,0,1179,16167,881,1348,1180,17515,California
Ventura,2021-01-08,2196,21069,1474,15922,722,5147,0,0,906,15786,1288,2636,907,18422,California
Ventura,2021-01-09,718,21787,497,16419,221,5368,0,0,316,15700,402,3038,316,18738,California
Ventura,2021-01-10,341,22128,324,16743,17,5385,0,0,127,15613,214,3252,127,18865,California
Ventura,2021-01-11,2444,24572,1492,18235,952,6337,0,0,1488,16149,956,4208,1492,20357,California
Ventura,2021-01-12,3040,27612,1609,19844,1431,7768,0,0,2011,17131,1029,5237,2011,22368,California
Ventura,2021-01-13,2930,30542,1434,21278,1496,9264,0,0,2040,18285,887,6124,2041,24409,California
Ventura,2021-01-14,2728,33270,1053,22331,1675,10939,0,0,2284,20127,443,6567,2285,26694,California
Ventura,2021-01-15,2885,36155,965,23296,1920,12859,0,0,2670,22583,215,6782,2671,29365,California
Ventura,2021-01-16,479,36634,187,23483,292,13151,0,0,400,22904,79,6861,400,29765,California
Ventura,2021-01-17,263,36897,144,23627,119,13270,0,0,254,23150,8,6869,254,30019,California
Ventura,2021-01-18,2214,39111,1671,25298,543,13813,0,0,1667,24272,546,7415,1668,31687,California
Ventura,2021-01-19,3046,42157,2128,27426,918,14731,0,0,2148,25525,898,8313,2151,33838,California
Ventura,2021-01-20,4093,46250,3150,30576,943,15674,0,0,3034,27504,1056,9369,3035,36873,California
Ventura,2021-01-21,3852,50102,2695,33271,1157,16831,0,0,3174,30010,670,10039,3176,40049,California
Ventura,2021-01-22,3584,53686,2476,35747,1108,17939,0,0,3419,33265,165,10204,3420,43469,California
Ventura,2021-01-23,1146,54832,630,36377,516,18455,0,0,1049,34220,96,10300,1051,44520,California
Ventura,2021-01-24,451,55283,135,36512,316,18771,0,0,438,34645,13,10313,438,44958,California
Ventura,2021-01-25,3118,58401,2010,38522,1108,19879,0,0,2564,36657,553,10866,2565,47523,California
Ventura,2021-01-26,3686,62087,2208,40730,1478,21357,0,0,2681,38336,1003,11869,2682,50205,California
Ventura,2021-01-27,3443,65530,1550,42280,1893,23250,0,0,2693,40284,747,12616,2695,52900,California
Ventura,2021-01-28,3833,69363,1984,44264,1849,25099,0,0,3212,42892,606,13222,3214,56114,California
Ventura,2021-01-29,4256,73619,2523,46787,1733,26832,0,0,3757,46163,487,13709,3758,59872,California
Ventura,2021-01-30,3034,76653,1971,48758,1063,27895,0,0,2864,48862,166,13875,2865,62737,California
Ventura,2021-01-31,809,77462,426,49184,383,28278,0,0,722,49498,86,13961,722,63459,California
Ventura,2021-02-01,3957,81419,2114,51298,1843,30121,0,0,3175,51900,775,14736,3177,66636,California
Ventura,2021-02-02,4381,85800,2346,53644,2035,32156,0,0,3353,54231,1024,15760,3355,69991,California
Ventura,2021-02-03,4421,90221,2079,55723,2342,34498,0,0,3412,56640,1004,16764,3413,73404,California
Ventura,2021-02-04,4783,95004,2289,58012,2494,36992,0,0,3505,58879,1270,18034,3509,76913,California
Ventura,2021-02-05,4833,99837,2326,60338,2507,39499,0,0,3336,60733,1484,19518,3338,80251,California
Ventura,2021-02-06,2806,102643,1501,61839,1305,40804,0,0,2408,62744,397,19915,2408,82659,California
Ventura,2021-02-07,712,103355,238,62077,474,41278,0,0,583,63199,129,20044,584,83243,California
Ventura,2021-02-08,3531,106886,1642,63719,1889,43167,0,0,2437,64548,1089,21133,2438,85681,California
Ventura,2021-02-09,4698,111584,1963,65682,2735,45902,0,0,2449,64754,2246,23379,2452,88133,California
Ventura,2021-02-10,4682,116266,2220,67902,2462,48364,0,0,2374,64833,2296,25675,2375,90508,California
Ventura,2021-02-11,4645,120911,1862,69764,2783,51147,0,0,2428,65055,2209,27884,2431,92939,California
Ventura,2021-02-12,6282,127193,2647,72411,3635,54782,0,0,3218,65216,3057,30941,3218,96157,California
Ventura,2021-02-13,3264,130457,1813,74224,1451,56233,0,0,1826,65610,1434,32375,1828,97985,California
Ventura,2021-02-14,1205,131662,122,74346,1083,57316,0,0,995,66396,210,32585,996,98981,California
Ventura,2021-02-15,3967,135629,1785,76131,2182,59498,0,0,2104,66640,1860,34445,2104,101085,California
Ventura,2021-02-16,5524,141153,2693,78824,2831,62329,0,0,2996,67118,2518,36963,2996,104081,California
Ventura,2021-02-17,5270,146423,1903,80727,3367,65696,0,0,3326,68509,1935,38898,3326,107407,California
Ventura,2021-02-18,5753,152176,1814,82541,3939,69635,0,0,3637,70043,2103,41001,3637,111044,California
Ventura,2021-02-19,6455,158631,3756,86297,2699,72334,0,0,3003,69603,3446,44447,3006,114050,California
Ventura,2021-02-20,4922,163553,3167,89464,1755,74089,0,0,2753,70200,2160,46607,2757,116807,California
Ventura,2021-02-21,1075,164628,790,90254,285,74374,0,0,443,70016,627,47234,443,117250,California
Ventura,2021-02-22,5398,170026,2410,92664,2988,77362,0,0,3461,71550,1928,49162,3462,120712,California
Ventura,2021-02-23,5920,175946,2942,95606,2978,80340,0,0,3412,72474,2490,51652,3414,124126,California
Ventura,2021-02-24,7048,182994,2610,98216,4438,84778,0,0,4254,73953,2777,54429,4256,128382,California
Ventura,2021-02-25,7538,190532,2559,100775,4979,89757,0,0,4575,75580,2950,57379,4577,132959,California
Ventura,2021-02-26,9422,199954,2765,103540,6657,96414,0,0,6176,78539,3221,60600,6180,139139,California
Ventura,2021-02-27,10555,210509,5267,108807,5288,101702,0,0,7945,83901,2593,63193,7955,147094,California
Ventura,2021-02-28,2523,213032,1615,110422,907,102609,1,1,2064,85515,450,63643,2064,149158,California
Ventura,2021-03-01,7118,220150,2832,113254,4284,106893,2,3,4726,87880,2376,66019,4741,153899,California
Ventura,2021-03-02,7691,227841,4031,117285,3658,110551,2,5,5392,90984,2288,68307,5392,159291,California
Ventura,2021-03-03,8635,236476,3900,121185,4732,115283,3,8,6097,94568,2520,70827,6104,165395,California
Ventura,2021-03-04,8234,244710,3873,125058,4361,119644,0,8,5545,97443,2672,73499,5547,170942,California
Ventura,2021-03-05,10075,254785,4817,129875,5248,124892,10,18,7189,101780,2870,76369,7207,178149,California
Ventura,2021-03-06,7734,262519,4392,134267,3189,128081,153,171,5783,105775,1943,78312,5938,184087,California
Ventura,2021-03-07,1646,264165,609,134876,937,129018,100,271,1236,106701,410,78722,1336,185423,California
Ventura,2021-03-08,6833,270998,3439,138315,3240,132258,154,425,4726,109484,2100,80822,4883,190306,California
Ventura,2021-03-09,6828,277826,3014,141329,3620,135878,194,619,3966,110799,2849,83671,4164,194470,California
Ventura,2021-03-10,6998,284824,3014,144343,3744,139622,240,859,4681,113417,2302,85973,4920,199390,California
Ventura,2021-03-11,6507,291331,2886,147229,3309,142931,312,1171,3550,114336,2941,88914,3860,203250,California
Ventura,2021-03-12,8666,299997,3039,150268,4783,147714,844,2015,4244,115017,4405,93319,5086,208336,California
Ventura,2021-03-13,7227,307224,2499,152767,3890,151604,838,2853,4302,117240,2916,96235,5139,213475,California
Ventura,2021-03-14,2105,309329,465,153232,1140,152744,500,3353,705,117048,1398,97633,1206,214681,California
Ventura,2021-03-15,7055,316384,2036,155268,3669,156413,1350,4703,3120,117601,3912,101545,4465,219146,California
Ventura,2021-03-16,8102,324486,2450,157718,4538,160951,1114,5817,4171,118966,3918,105463,5283,224429,California
Ventura,2021-03-17,7691,332177,2770,160488,4576,165527,345,6162,4686,121015,2983,108446,5032,229461,California
Ventura,2021-03-18,7375,339552,3263,163751,3964,169491,148,6310,4810,123420,2552,110998,4957,234418,California
Ventura,2021-03-19,8627,348179,3784,167535,4732,174223,111,6421,5230,125387,3372,114370,5339,239757,California
Ventura,2021-03-20,8685,356864,5739,173274,2923,177146,23,6444,4425,125599,4237,118607,4449,244206,California
Ventura,2021-03-21,2781,359645,1516,174790,893,178039,372,6816,1310,125820,1457,120064,1678,245884,California
Ventura,2021-03-22,7395,367040,3677,178467,3615,181654,103,6919,4884,128317,2492,122556,4989,250873,California
Ventura,2021-03-23,8212,375252,3908,182375,4232,185886,72,6991,4603,129410,3580,126136,4673,255546,California
Ventura,2021-03-24,8925,384177,3406,185781,5443,191329,76,7067,4472,129538,4422,130558,4550,260096,California
Ventura,2021-03-25,8814,392991,3903,189684,4810,196139,101,7168,4460,129764,4335,134893,4561,264657,California
Ventura,2021-03-26,9927,402918,3364,193048,5907,202046,656,7824,3977,128475,5920,140813,4631,269288,California
Ventura,2021-03-27,8475,411393,3923,196971,4514,206560,38,7862,2400,124869,6045,146858,2439,271727,California
Ventura,2021-03-28,2506,413899,1407,198378,1091,207651,8,7870,1355,125087,1145,148003,1363,273090,California
Ventura,2021-03-29,8577,422476,4320,202698,4211,211862,46,7916,4258,125101,4290,152293,4304,277394,California
Ventura,2021-03-30,8976,431452,4457,207155,4391,216253,128,8044,4372,125011,4589,156882,4499,281893,California
Ventura,2021-03-31,10775,442227,4862,212017,5287,221540,626,8670,4665,124216,6084,162966,5289,287182,California
Ventura,2021-04-01,10844,453071,5279,217296,4687,226227,878,9548,5491,125268,5311,168277,6363,293545,California
Ventura,2021-04-02,11771,464842,4631,221927,5802,232029,1338,10886,5623,126117,6114,174391,6963,300508,California
Ventura,2021-04-03,8090,472932,4017,225944,2899,234928,1174,12060,3419,126043,4659,179050,4585,305093,California
Ventura,2021-04-04,1705,474637,953,226897,617,235545,135,12195,1145,126769,554,179604,1280,306373,California
Ventura,2021-04-05,9381,484018,4847,231744,3420,238965,1114,13309,4776,128064,4593,184197,5888,312261,California
Ventura,2021-04-06,10920,494938,5562,237306,3868,242833,1490,14799,5627,129912,5266,189463,7114,319375,California
Ventura,2021-04-07,11472,506410,5392,242698,4577,247410,1503,16302,5258,130471,6195,195658,6754,326129,California
Ventura,2021-04-08,10432,516842,5275,247973,4173,251583,984,17286,5204,131445,5205,200863,6179,332308,California
Ventura,2021-04-09,11322,528164,4363,252336,5231,256814,1728,19014,4944,131756,6353,207216,6664,338972,California
Ventura,2021-04-10,9571,537735,3884,256220,3522,260336,2165,21179,3149,130662,6403,213619,5309,344281,California
Ventura,2021-04-11,2439,540174,853,257073,1010,261346,576,21755,682,130171,1747,215366,1256,345537,California
Ventura,2021-04-12,9027,549201,4498,261571,3695,265041,834,22589,3773,129537,5237,220603,4603,350140,California
Ventura,2021-04-13,8875,558076,4499,266070,4370,269411,6,22595,3769,128248,5067,225670,3778,353918,California
Ventura,2021-04-14,8802,566878,4113,270183,4674,274085,15,22610,3389,126286,5375,231045,3413,357331,California
Ventura,2021-04-15,9389,576267,4554,274737,4810,278895,25,22635,4113,125188,5248,236293,4150,361481,California
Ventura,2021-04-16,10098,586365,4437,279174,5659,284554,2,22637,4760,124648,5320,241613,4780,366261,California
Ventura,2021-04-17,8749,595114,5313,284487,3422,287976,14,22651,5078,126086,3654,245267,5092,371353,California
Ventura,2021-04-18,2115,597229,1001,285488,1114,289090,0,22651,903,125783,1206,246473,903,372256,California
Ventura,2021-04-19,8052,605281,4833,290321,3217,292307,2,22653,4630,127016,3399,249872,4632,376888,California
Ventura,2021-04-20,9279,614560,4906,295227,4368,296675,5,22658,4364,126493,4892,254764,4369,381257,California
Ventura,2021-04-21,8909,623469,4562,299789,4342,301017,5,22663,4239,126082,4656,259420,4245,385502,California
Ventura,2021-04-22,10047,633516,5487,305276,4560,305577,0,22663,4473,125002,5554,264974,4474,389976,California
Ventura,2021-04-23,10835,644351,5375,310651,5459,311036,1,22664,5414,125023,5394,270368,5415,395391,California
Ventura,2021-04-24,10430,654781,5884,316535,4546,315582,0,22664,6136,126882,4278,274646,6137,401528,California
Ventura,2021-04-25,2453,657234,1697,318232,756,316338,0,22664,1143,126718,1307,275953,1143,402671,California
Ventura,2021-04-26,7880,665114,4508,322740,3305,319643,67,22731,3287,125504,4563,280516,3349,406020,California
Ventura,2021-04-27,9081,674195,5064,327804,3792,323435,225,22956,3413,123489,5651,286167,3636,409656,California
Ventura,2021-04-28,8302,682497,4816,332620,3168,326603,318,23274,3264,122056,5016,291183,3583,413239,California
Ventura,2021-04-29,7812,690309,4213,336833,3335,329938,264,23538,2790,120114,4995,296178,3053,416292,California
Ventura,2021-04-30,9370,699679,5432,342265,3664,333602,274,23812,3896,118832,5441,301619,4159,420451,California
Ventura,2021-05-01,5021,704700,3616,345881,1302,334904,103,23915,1947,117830,3051,304670,2049,422500,California
Ventura,2021-05-02,2115,706815,1419,347300,608,335512,88,24003,1025,117858,1086,305756,1114,423614,California
Ventura,2021-05-03,6237,713052,3859,351159,2099,337611,279,24282,1965,115848,4253,310009,2243,425857,California
Ventura,2021-05-04,6295,719347,3286,354445,2716,340327,293,24575,2300,114460,3981,313990,2593,428450,California
Ventura,2021-05-05,5323,724670,2978,357423,2087,342414,258,24833,1916,113247,3381,317371,2168,430618,California
Ventura,2021-05-06,6194,730864,3203,360626,2723,345137,268,25101,2004,111349,4171,321542,2273,432891,California
Ventura,2021-05-07,6742,737606,3356,363982,3116,348253,270,25371,2332,109569,4382,325924,2602,435493,California
Ventura,2021-05-08,5286,742892,4102,368084,1030,349283,154,25525,1216,106881,4056,329980,1368,436861,California
Ventura,2021-05-09,1030,743922,724,368808,260,349543,46,25571,388,106678,636,330616,433,437294,California
Ventura,2021-05-10,6063,749985,4065,372873,1787,351330,211,25782,1394,103624,4658,335274,1604,438898,California
Ventura,2021-05-11,5246,755231,3247,376120,1775,353105,224,26006,1538,101687,3698,338972,1761,440659,California
Ventura,2021-05-12,4933,760164,2861,378981,1855,354960,217,26223,1554,100095,3364,342336,1772,442431,California
Ventura,2021-05-13,6222,766386,3749,382730,2262,357222,211,26434,2234,98568,3974,346310,2447,444878,California
Ventura,2021-05-14,7243,773629,4456,387186,2584,359806,203,26637,2757,97058,4467,350777,2957,447835,California
Ventura,2021-05-15,6618,780247,5355,392541,1178,360984,85,26722,2837,96220,3761,354538,2923,450758,California
Ventura,2021-05-16,2163,782410,1674,394215,436,361420,53,26775,1029,96173,1129,355667,1082,451840,California
Ventura,2021-05-17,5832,788242,3546,397761,2072,363492,214,26989,2450,95472,3364,359031,2663,454503,California
Ventura,2021-05-18,5361,793603,3167,400928,2015,365507,179,27168,2178,94665,3163,362194,2356,456859,California
Ventura,2021-05-19,5794,799397,3519,404447,2065,367572,210,27378,2389,93881,3379,365573,2595,459454,California
Ventura,2021-05-20,5427,804824,3022,407469,2247,369819,158,27536,2156,92948,3243,368816,2310,461764,California
Ventura,2021-05-21,7904,812728,4456,411925,3273,373092,175,27711,2617,90483,5256,374072,2791,464555,California
Ventura,2021-05-22,5601,818329,2845,414770,2681,375773,75,27786,1788,88542,3804,377876,1863,466418,California
Ventura,2021-05-23,1931,820260,1473,416243,387,376160,71,27857,730,88148,1195,379071,801,467219,California
Ventura,2021-05-24,4507,824767,2434,418677,1907,378067,166,28023,1454,86729,3036,382107,1617,468836,California
Ventura,2021-05-25,4268,829035,2208,420885,1908,379975,152,28175,1430,85490,2820,384927,1581,470417,California
Ventura,2021-05-26,4258,833293,2268,423153,1827,381802,163,28338,1665,84744,2574,387501,1828,472245,California
Ventura,2021-05-27,3847,837140,1895,425048,1826,383628,126,28464,1394,83824,2439,389940,1519,473764,California
Ventura,2021-05-28,4495,841635,2475,427523,1828,385456,192,28656,1983,83498,2498,392438,2172,475936,California
Ventura,2021-05-29,2139,843774,1335,428858,737,386193,67,28723,1051,83539,1077,393515,1118,477054,California
Ventura,2021-05-30,900,844674,578,429436,269,386462,53,28776,372,83438,526,394041,425,477479,California
Ventura,2021-05-31,254,844928,136,429572,108,386570,10,28786,60,83314,194,394235,70,477549,California
Ventura,2021-06-01,3914,848842,2270,431842,1479,388049,165,28951,1306,82194,2591,396826,1471,479020,California
Ventura,2021-06-02,2930,851772,1625,433467,1170,389219,135,29086,1027,81466,1890,398716,1162,480182,California
Ventura,2021-06-03,3203,854975,1990,435457,1061,390280,152,29238,920,80265,2273,400989,1072,481254,California
Ventura,2021-06-04,4528,859503,3000,438457,1368,391648,160,29398,1491,78892,3024,404013,1651,482905,California
Ventura,2021-06-05,3799,863302,3171,441628,565,392213,63,29461,1169,77507,2617,406630,1232,484137,California
Ventura,2021-06-06,1243,864545,1060,442688,138,392351,45,29506,293,76904,940,407570,337,484474,California
Ventura,2021-06-07,3136,867681,2334,445022,697,393048,105,29611,958,75803,2164,409734,1063,485537,California
Ventura,2021-06-08,2934,870615,1948,446970,859,393907,127,29738,877,74758,2049,411783,1004,486541,California
Ventura,2021-06-09,1864,872479,1165,448135,640,394547,59,29797,509,73977,1348,413131,567,487108,California
Ventura,2021-06-10,1952,874431,1262,449397,618,395165,72,29869,554,73211,1391,414522,625,487733,California
Ventura,2021-06-11,1882,876313,1155,450552,663,395828,64,29933,537,72474,1338,415860,601,488334,California
Ventura,2021-06-12,916,877229,786,451338,110,395938,20,29953,219,72017,696,416556,239,488573,California
Yolo,2020-12-15,39,39,39,39,0,0,0,0,39,39,0,0,39,39,California
Yolo,2020-12-16,78,117,78,117,0,0,0,0,78,117,0,0,78,117,California
Yolo,2020-12-17,106,223,106,223,0,0,0,0,106,223,0,0,106,223,California
Yolo,2020-12-18,229,452,229,452,0,0,0,0,229,452,0,0,229,452,California
Yolo,2020-12-19,86,538,86,538,0,0,0,0,86,538,0,0,86,538,California
Yolo,2020-12-20,103,641,103,641,0,0,0,0,103,641,0,0,103,641,California
Yolo,2020-12-21,253,894,253,894,0,0,0,0,253,894,0,0,253,894,California
Yolo,2020-12-22,384,1278,383,1277,1,1,0,0,384,1278,0,0,384,1278,California
Yolo,2020-12-23,438,1716,419,1696,19,20,0,0,438,1716,0,0,438,1716,California
Yolo,2020-12-24,154,1870,96,1792,58,78,0,0,154,1870,0,0,154,1870,California
Yolo,2020-12-25,1,1871,1,1793,0,78,0,0,1,1871,0,0,1,1871,California
Yolo,2020-12-26,75,1946,25,1818,50,128,0,0,75,1946,0,0,75,1946,California
Yolo,2020-12-27,47,1993,20,1838,27,155,0,0,47,1993,0,0,47,1993,California
Yolo,2020-12-28,353,2346,181,2019,172,327,0,0,353,2346,0,0,353,2346,California
Yolo,2020-12-29,491,2837,268,2287,223,550,0,0,491,2837,0,0,491,2837,California
Yolo,2020-12-30,630,3467,260,2547,370,920,0,0,630,3467,0,0,630,3467,California
Yolo,2020-12-31,186,3653,94,2641,92,1012,0,0,186,3653,0,0,186,3653,California
Yolo,2021-01-01,57,3710,55,2696,2,1014,0,0,57,3710,0,0,57,3710,California
Yolo,2021-01-02,70,3780,27,2723,43,1057,0,0,70,3780,0,0,70,3780,California
Yolo,2021-01-03,45,3825,19,2742,26,1083,0,0,45,3825,0,0,45,3825,California
Yolo,2021-01-04,190,4015,39,2781,151,1234,0,0,190,4015,0,0,190,4015,California
Yolo,2021-01-05,616,4631,238,3019,378,1612,0,0,554,4507,62,62,554,4569,California
Yolo,2021-01-06,485,5116,184,3203,301,1913,0,0,345,4712,140,202,345,4914,California
Yolo,2021-01-07,718,5834,231,3434,487,2400,0,0,529,5053,188,390,529,5443,California
Yolo,2021-01-08,634,6468,312,3746,322,2722,0,0,410,5240,223,613,410,5853,California
Yolo,2021-01-09,419,6887,69,3815,350,3072,0,0,373,5567,46,659,373,6226,California
Yolo,2021-01-10,403,7290,79,3894,324,3396,0,0,333,5830,70,729,333,6559,California
Yolo,2021-01-11,565,7855,328,4222,237,3633,0,0,289,5845,276,1005,291,6850,California
Yolo,2021-01-12,487,8342,370,4592,117,3750,0,0,175,5709,312,1317,176,7026,California
Yolo,2021-01-13,771,9113,312,4904,459,4209,0,0,520,5978,251,1568,520,7546,California
Yolo,2021-01-14,381,9494,182,5086,199,4408,0,0,277,6151,104,1672,277,7823,California
Yolo,2021-01-15,631,10125,324,5410,307,4715,0,0,549,6619,82,1754,550,8373,California
Yolo,2021-01-16,745,10870,92,5502,653,5368,0,0,714,7302,31,1785,714,9087,California
Yolo,2021-01-17,187,11057,118,5620,69,5437,0,0,180,7475,7,1792,180,9267,California
Yolo,2021-01-18,486,11543,306,5926,180,5617,0,0,381,7751,105,1897,381,9648,California
Yolo,2021-01-19,557,12100,371,6297,186,5803,0,0,383,7960,174,2071,383,10031,California
Yolo,2021-01-20,659,12759,380,6677,279,6082,0,0,472,8246,186,2257,472,10503,California
Yolo,2021-01-21,648,13407,385,7062,263,6345,0,0,462,8522,186,2443,462,10965,California
Yolo,2021-01-22,751,14158,252,7314,499,6844,0,0,635,9043,114,2557,635,11600,California
Yolo,2021-01-23,614,14772,123,7437,491,7335,0,0,566,9561,48,2605,566,12166,California
Yolo,2021-01-24,208,14980,123,7560,85,7420,0,0,167,9687,41,2646,167,12333,California
Yolo,2021-01-25,733,15713,158,7718,575,7995,0,0,512,9978,221,2867,512,12845,California
Yolo,2021-01-26,830,16543,329,8047,501,8496,0,0,434,10016,396,3263,434,13279,California
Yolo,2021-01-27,554,17097,220,8267,334,8830,0,0,377,10216,177,3440,377,13656,California
Yolo,2021-01-28,1052,18149,566,8833,486,9316,0,0,926,11017,125,3565,926,14582,California
Yolo,2021-01-29,900,19049,266,9099,634,9950,0,0,812,11743,87,3652,813,15395,California
Yolo,2021-01-30,1529,20578,929,10028,600,10550,0,0,1407,13034,116,3768,1407,16802,California
Yolo,2021-01-31,239,20817,201,10229,38,10588,0,0,212,13220,26,3794,212,17014,California
Yolo,2021-02-01,847,21664,361,10590,486,11074,0,0,613,13603,230,4024,613,17627,California
Yolo,2021-02-02,1342,23006,756,11346,586,11660,0,0,931,14124,411,4435,932,18559,California
Yolo,2021-02-03,1524,24530,399,11745,1125,12785,0,0,1183,14969,338,4773,1183,19742,California
Yolo,2021-02-04,1793,26323,281,12026,1512,14297,0,0,1235,15658,547,5320,1236,20978,California
Yolo,2021-02-05,1596,27919,909,12935,687,14984,0,0,1194,16452,401,5721,1195,22173,California
Yolo,2021-02-06,1950,29869,1265,14200,685,15669,0,0,1577,17657,373,6094,1578,23751,California
Yolo,2021-02-07,527,30396,247,14447,280,15949,0,0,169,17469,357,6451,169,23920,California
Yolo,2021-02-08,945,31341,326,14773,619,16568,0,0,603,17733,339,6790,603,24523,California
Yolo,2021-02-09,860,32201,387,15160,473,17041,0,0,575,18023,285,7075,575,25098,California
Yolo,2021-02-10,1467,33668,477,15637,990,18031,0,0,829,18216,638,7713,831,25929,California
Yolo,2021-02-11,1577,35245,809,16446,768,18799,0,0,1183,19005,394,8107,1183,27112,California
Yolo,2021-02-12,1922,37167,763,17209,1159,19958,0,0,1445,19977,473,8580,1445,28557,California
Yolo,2021-02-13,2058,39225,712,17921,1346,21304,0,0,1384,20687,674,9254,1384,29941,California
Yolo,2021-02-14,562,39787,151,18072,411,21715,0,0,437,21000,124,9378,437,30378,California
Yolo,2021-02-15,545,40332,204,18276,341,22056,0,0,274,21004,271,9649,275,30653,California
Yolo,2021-02-16,1130,41462,425,18701,705,22761,0,0,805,21485,325,9974,806,31459,California
Yolo,2021-02-17,1385,42847,701,19402,684,23445,0,0,992,22084,393,10367,992,32451,California
Yolo,2021-02-18,2486,45333,811,20213,1675,25120,0,0,1716,23032,769,11136,1717,34168,California
Yolo,2021-02-19,1751,47084,747,20960,1004,26124,0,0,1128,23539,621,11757,1128,35296,California
Yolo,2021-02-20,2458,49542,956,21916,1502,27626,0,0,1373,23833,1080,12837,1374,36670,California
Yolo,2021-02-21,289,49831,228,22144,61,27687,0,0,75,23695,213,13050,75,36745,California
Yolo,2021-02-22,1369,51200,598,22742,771,28458,0,0,696,23719,672,13722,696,37441,California
Yolo,2021-02-23,1141,52341,854,23596,287,28745,0,0,441,23461,699,14421,441,37882,California
Yolo,2021-02-24,2087,54428,594,24190,1493,30238,0,0,1382,24140,703,15124,1382,39264,California
Yolo,2021-02-25,1393,55821,486,24676,907,31145,0,0,920,24588,472,15596,920,40184,California
Yolo,2021-02-26,2616,58437,1025,25701,1591,32736,0,0,1378,24731,1235,16831,1378,41562,California
Yolo,2021-02-27,1688,60125,790,26491,898,33634,0,0,1233,25509,455,17286,1233,42795,California
Yolo,2021-02-28,1834,61959,1534,28025,300,33934,0,0,718,25114,1114,18400,719,43514,California
Yolo,2021-03-01,1134,63093,371,28396,763,34697,0,0,684,25350,448,18848,684,44198,California
Yolo,2021-03-02,1476,64569,694,29090,782,35479,0,0,943,25760,533,19381,943,45141,California
Yolo,2021-03-03,1854,66423,635,29725,1219,36698,0,0,830,25569,1022,20403,831,45972,California
Yolo,2021-03-04,2919,69342,1475,31200,1444,38142,0,0,1567,25787,1349,21752,1567,47539,California
Yolo,2021-03-05,2358,71700,1412,32612,935,39077,11,11,1467,26376,889,22641,1478,49017,California
Yolo,2021-03-06,1497,73197,1149,33761,319,39396,29,40,854,26618,641,23282,883,49900,California
Yolo,2021-03-07,916,74113,682,34443,220,39616,14,54,783,27282,133,23415,797,50697,California
Yolo,2021-03-08,1109,75222,498,34941,568,40184,43,97,764,27747,343,23758,808,51505,California
Yolo,2021-03-09,1270,76492,679,35620,528,40712,63,160,779,28100,489,24247,842,52347,California
Yolo,2021-03-10,1821,78313,1061,36681,470,41182,290,450,753,28072,1064,25311,1036,53383,California
Yolo,2021-03-11,2347,80660,1610,38291,670,41852,67,517,1610,29014,736,26047,1678,55061,California
Yolo,2021-03-12,2902,83562,1351,39642,1470,43322,81,598,1369,28938,1525,27572,1449,56510,California
Yolo,2021-03-13,1844,85406,728,40370,940,44262,176,774,998,29269,843,28415,1174,57684,California
Yolo,2021-03-14,1016,86422,207,40577,660,44922,149,923,539,29475,476,28891,682,58366,California
Yolo,2021-03-15,1320,87742,769,41346,369,45291,182,1105,710,29756,608,29499,889,59255,California
Yolo,2021-03-16,1883,89625,723,42069,1088,46379,72,1177,1117,30179,766,30265,1189,60444,California
Yolo,2021-03-17,2507,92132,980,43049,1454,47833,73,1250,1718,31216,786,31051,1823,62267,California
Yolo,2021-03-18,3028,95160,1037,44086,1771,49604,220,1470,1256,30924,1768,32819,1476,63743,California
Yolo,2021-03-19,2093,97253,870,44956,1154,50758,69,1539,1088,31083,998,33817,1157,64900,California
Yolo,2021-03-20,2775,100028,823,45779,1908,52666,44,1583,1090,30540,1679,35496,1136,66036,California
Yolo,2021-03-21,315,100343,213,45992,94,52760,8,1591,207,30648,107,35603,215,66251,California
Yolo,2021-03-22,1405,101748,490,46482,856,53616,59,1650,920,31144,482,36085,978,67229,California
Yolo,2021-03-23,1735,103483,936,47418,743,54359,56,1706,1063,31591,671,36756,1118,68347,California
Yolo,2021-03-24,2874,106357,1408,48826,1416,55775,50,1756,1401,31582,1461,38217,1452,69799,California
Yolo,2021-03-25,2549,108906,1417,50243,1104,56879,28,1784,1250,31572,1288,39505,1278,71077,California
Yolo,2021-03-26,2390,111296,1258,51501,1114,57993,18,1802,1019,31245,1363,40868,1036,72113,California
Yolo,2021-03-27,1656,112952,465,51966,1174,59167,17,1819,751,31109,904,41772,768,72881,California
Yolo,2021-03-28,1111,114063,868,52834,225,59392,18,1837,250,30520,856,42628,267,73148,California
Yolo,2021-03-29,2015,116078,817,53651,1168,60560,30,1867,960,30459,1051,43679,990,74138,California
Yolo,2021-03-30,2275,118353,1085,54736,1171,61731,19,1886,1167,30542,1103,44782,1186,75324,California
Yolo,2021-03-31,2356,120709,1228,55964,1091,62822,37,1923,1189,30602,1166,45948,1226,76550,California
Yolo,2021-04-01,3853,124562,1863,57827,1516,64338,474,2397,1613,30451,2237,48185,2086,78636,California
Yolo,2021-04-02,3389,127951,1519,59346,1723,66061,147,2544,2105,31425,1278,49463,2252,80888,California
Yolo,2021-04-03,1825,129776,1102,60448,504,66565,219,2763,817,31454,1007,50470,1036,81924,California
Yolo,2021-04-04,394,130170,156,60604,176,66741,62,2825,146,31414,248,50718,208,82132,California
Yolo,2021-04-05,1919,132089,734,61338,1085,67826,100,2925,1017,31635,897,51615,1118,83250,California
Yolo,2021-04-06,2581,134670,1322,62660,1089,68915,170,3095,1300,31834,1272,52887,1471,84721,California
Yolo,2021-04-07,2989,137659,1526,64186,1108,70023,355,3450,1927,33064,1056,53943,2286,87007,California
Yolo,2021-04-08,2422,140081,1003,65189,945,70968,474,3924,1025,33165,1394,55337,1495,88502,California
Yolo,2021-04-09,2574,142655,922,66111,1086,72054,566,4490,852,32858,1718,57055,1411,89913,California
Yolo,2021-04-10,1760,144415,826,66937,751,72805,183,4673,1042,33367,715,57770,1224,91137,California
Yolo,2021-04-11,927,145342,287,67224,579,73384,61,4734,373,33249,551,58321,433,91570,California
Yolo,2021-04-12,1775,147117,526,67750,1105,74489,144,4878,1103,33827,669,58990,1247,92817,California
Yolo,2021-04-13,1983,149100,910,68660,1073,75562,0,4878,1043,33931,939,59929,1043,93860,California
Yolo,2021-04-14,2792,151892,768,69428,2024,77586,0,4878,1378,33901,1408,61337,1378,95238,California
Yolo,2021-04-15,3332,155224,1135,70563,2197,79783,0,4878,2289,35153,1037,62374,2289,97527,California
Yolo,2021-04-16,3046,158270,1969,72532,1077,80860,0,4878,1952,36017,1088,63462,1952,99479,California
Yolo,2021-04-17,1598,159868,468,73000,1130,81990,0,4878,828,36078,767,64229,828,100307,California
Yolo,2021-04-18,632,160500,303,73303,329,82319,0,4878,353,36156,275,64504,353,100660,California
Yolo,2021-04-19,1664,162164,713,74016,950,83269,1,4879,763,36024,896,65400,764,101424,California
Yolo,2021-04-20,2007,164171,1019,75035,988,84257,0,4879,1081,36181,924,66324,1081,102505,California
Yolo,2021-04-21,1971,166142,982,76017,989,85246,0,4879,1066,36347,900,67224,1066,103571,California
Yolo,2021-04-22,1933,168075,871,76888,1062,86308,0,4879,963,36346,965,68189,964,104535,California
Yolo,2021-04-23,2613,170688,1530,78418,1083,87391,0,4879,1157,36058,1445,69634,1157,105692,California
Yolo,2021-04-24,1164,171852,644,79062,518,87909,2,4881,460,35823,697,70331,462,106154,California
Yolo,2021-04-25,949,172801,407,79469,542,88451,0,4881,728,36331,220,70551,728,106882,California
Yolo,2021-04-26,1229,174030,485,79954,741,89192,3,4884,526,36161,700,71251,530,107412,California
Yolo,2021-04-27,1543,175573,723,80677,801,89993,19,4903,605,35849,938,72189,626,108038,California
Yolo,2021-04-28,2045,177618,1010,81687,1008,91001,27,4930,737,35309,1304,73493,764,108802,California
Yolo,2021-04-29,1754,179372,816,82503,856,91857,82,5012,696,35031,1055,74548,777,109579,California
Yolo,2021-04-30,2013,181385,995,83498,960,92817,58,5070,965,35011,1042,75590,1022,110601,California
Yolo,2021-05-01,1284,182669,995,84493,269,93086,20,5090,372,34492,911,76501,392,110993,California
Yolo,2021-05-02,520,183189,429,84922,68,93154,23,5113,324,34643,196,76697,347,111340,California
Yolo,2021-05-03,1120,184309,407,85329,680,93834,33,5146,299,34155,819,77516,331,111671,California
Yolo,2021-05-04,1447,185756,668,85997,755,94589,24,5170,502,33740,941,78457,526,112197,California
Yolo,2021-05-05,1555,187311,426,86423,1065,95654,64,5234,446,33148,1102,79559,510,112707,California
Yolo,2021-05-06,1494,188805,694,87117,720,96374,80,5314,485,32716,997,80556,565,113272,California
Yolo,2021-05-07,2310,191115,1391,88508,868,97242,51,5365,463,31389,1839,82395,512,113784,California
Yolo,2021-05-08,840,191955,358,88866,426,97668,56,5421,312,31231,525,82920,367,114151,California
Yolo,2021-05-09,395,192350,163,89029,219,97887,13,5434,89,31028,305,83225,102,114253,California
Yolo,2021-05-10,897,193247,352,89381,500,98387,45,5479,150,30477,745,83970,194,114447,California
Yolo,2021-05-11,1151,194398,664,90045,465,98852,22,5501,278,29907,870,84840,300,114747,California
Yolo,2021-05-12,1564,195962,700,90745,833,99685,31,5532,314,29008,1247,86087,348,115095,California
Yolo,2021-05-13,2170,198132,848,91593,1267,100952,55,5587,646,28189,1520,87607,701,115796,California
Yolo,2021-05-14,2033,200165,1517,93110,485,101437,31,5618,1156,28502,874,88481,1187,116983,California
Yolo,2021-05-15,1246,201411,710,93820,489,101926,47,5665,647,28597,599,89080,694,117677,California
Yolo,2021-05-16,1409,202820,1199,95019,204,102130,6,5671,989,29177,415,89495,995,118672,California
Yolo,2021-05-17,1079,203899,392,95411,668,102798,19,5690,315,28751,760,90255,334,119006,California
Yolo,2021-05-18,1685,205584,1105,96516,561,103359,19,5709,911,28912,769,91024,930,119936,California
Yolo,2021-05-19,996,206580,580,97096,380,103739,36,5745,486,28926,508,91532,522,120458,California
Yolo,2021-05-20,1089,207669,691,97787,372,104111,26,5771,390,28649,693,92225,416,120874,California
Yolo,2021-05-21,1436,209105,934,98721,476,104587,26,5797,374,27990,1057,93282,398,121272,California
Yolo,2021-05-22,816,209921,537,99258,271,104858,8,5805,281,27749,530,93812,289,121561,California
Yolo,2021-05-23,617,210538,164,99422,436,105294,17,5822,108,27366,508,94320,125,121686,California
Yolo,2021-05-24,706,211244,346,99768,340,105634,20,5842,221,27126,482,94802,242,121928,California
Yolo,2021-05-25,876,212120,507,100275,347,105981,22,5864,342,26962,528,95330,364,122292,California
Yolo,2021-05-26,808,212928,265,100540,510,106491,33,5897,255,26702,548,95878,288,122580,California
Yolo,2021-05-27,756,213684,379,100919,328,106819,49,5946,304,26607,448,96326,353,122933,California
Yolo,2021-05-28,862,214546,390,101309,444,107263,28,5974,371,26518,487,96813,398,123331,California
Yolo,2021-05-29,591,215137,341,101650,213,107476,37,6011,272,26508,317,97130,307,123638,California
Yolo,2021-05-30,126,215263,69,101719,51,107527,6,6017,54,26498,70,97200,60,123698,California
Yolo,2021-05-31,70,215333,18,101737,48,107575,4,6021,16,26463,54,97254,19,123717,California
Yolo,2021-06-01,746,216079,320,102057,401,107976,25,6046,254,26256,486,97740,279,123996,California
Yolo,2021-06-02,756,216835,301,102358,434,108410,21,6067,235,25994,518,98258,256,124252,California
Yolo,2021-06-03,916,217751,589,102947,304,108714,23,6090,216,25536,697,98955,239,124491,California
Yolo,2021-06-04,1493,219244,1216,104163,254,108968,23,6113,382,24833,1107,100062,404,124895,California
Yolo,2021-06-05,721,219965,551,104714,153,109121,17,6130,167,24463,554,100616,184,125079,California
Yolo,2021-06-06,1108,221073,1044,105758,57,109178,7,6137,175,23713,932,101548,182,125261,California
Yolo,2021-06-07,517,221590,271,106029,226,109404,20,6157,175,23569,338,101886,194,125455,California
Yolo,2021-06-08,1036,222626,807,106836,210,109614,19,6176,198,22949,837,102723,217,125672,California
Yolo,2021-06-09,704,223330,438,107274,240,109854,26,6202,227,22727,475,103198,253,125925,California
Yolo,2021-06-10,487,223817,310,107584,150,110004,27,6229,138,22545,347,103545,165,126090,California
Yolo,2021-06-11,513,224330,345,107929,147,110151,21,6250,142,22338,370,103915,163,126253,California
Yolo,2021-06-12,252,224582,166,108095,69,110220,17,6267,64,22231,188,104103,81,126334,California
Yuba,2020-12-16,4,4,4,4,0,0,0,0,4,4,0,0,4,4,California
Yuba,2020-12-17,4,8,4,8,0,0,0,0,4,8,0,0,4,8,California
Yuba,2020-12-18,7,15,7,15,0,0,0,0,7,15,0,0,7,15,California
Yuba,2020-12-19,12,27,12,27,0,0,0,0,12,27,0,0,12,27,California
Yuba,2020-12-20,19,46,19,46,0,0,0,0,19,46,0,0,19,46,California
Yuba,2020-12-21,40,86,40,86,0,0,0,0,40,86,0,0,40,86,California
Yuba,2020-12-22,85,171,85,171,0,0,0,0,85,171,0,0,85,171,California
Yuba,2020-12-23,65,236,63,234,2,2,0,0,65,236,0,0,65,236,California
Yuba,2020-12-24,21,257,11,245,10,12,0,0,21,257,0,0,21,257,California
Yuba,2020-12-26,14,271,13,258,1,13,0,0,14,271,0,0,14,271,California
Yuba,2020-12-27,15,286,15,273,0,13,0,0,15,286,0,0,15,286,California
Yuba,2020-12-28,50,336,34,307,16,29,0,0,50,336,0,0,50,336,California
Yuba,2020-12-29,75,411,10,317,65,94,0,0,75,411,0,0,75,411,California
Yuba,2020-12-30,66,477,21,338,45,139,0,0,66,477,0,0,66,477,California
Yuba,2020-12-31,37,514,6,344,31,170,0,0,37,514,0,0,37,514,California
Yuba,2021-01-02,23,537,22,366,1,171,0,0,23,537,0,0,23,537,California
Yuba,2021-01-03,10,547,6,372,4,175,0,0,10,547,0,0,10,547,California
Yuba,2021-01-04,92,639,23,395,69,244,0,0,92,639,0,0,92,639,California
Yuba,2021-01-05,72,711,38,433,34,278,0,0,71,709,1,1,71,710,California
Yuba,2021-01-06,154,865,76,509,78,356,0,0,148,851,6,7,148,858,California
Yuba,2021-01-07,77,942,20,529,57,413,0,0,74,921,4,11,74,932,California
Yuba,2021-01-08,73,1015,24,553,49,462,0,0,67,982,6,17,67,999,California
Yuba,2021-01-09,18,1033,16,569,2,464,0,0,10,984,8,25,10,1009,California
Yuba,2021-01-10,115,1148,22,591,93,557,0,0,93,1055,22,47,93,1102,California
Yuba,2021-01-11,72,1220,50,641,22,579,0,0,32,1047,40,87,32,1134,California
Yuba,2021-01-12,108,1328,78,719,30,609,0,0,44,1027,64,151,44,1178,California
Yuba,2021-01-13,120,1448,73,792,47,656,0,0,54,1016,65,216,54,1232,California
Yuba,2021-01-14,114,1562,43,835,71,727,0,0,102,1106,12,228,102,1334,California
Yuba,2021-01-15,202,1764,86,921,116,843,0,0,191,1286,11,239,191,1525,California
Yuba,2021-01-16,187,1951,21,942,166,1009,0,0,174,1447,13,252,174,1699,California
Yuba,2021-01-17,13,1964,9,951,4,1013,0,0,7,1448,6,258,7,1706,California
Yuba,2021-01-18,61,2025,31,982,30,1043,0,0,37,1461,24,282,37,1743,California
Yuba,2021-01-19,83,2108,33,1015,50,1093,0,0,67,1512,16,298,67,1810,California
Yuba,2021-01-20,137,2245,87,1102,50,1143,0,0,114,1603,23,321,114,1924,California
Yuba,2021-01-21,217,2462,98,1200,119,1262,0,0,209,1804,8,329,209,2133,California
Yuba,2021-01-22,105,2567,6,1206,99,1361,0,0,96,1891,9,338,96,2229,California
Yuba,2021-01-23,202,2769,7,1213,195,1556,0,0,200,2089,2,340,200,2429,California
Yuba,2021-01-24,10,2779,7,1220,3,1559,0,0,8,2095,2,342,8,2437,California
Yuba,2021-01-25,86,2865,30,1250,56,1615,0,0,53,2116,32,374,53,2490,California
Yuba,2021-01-26,147,3012,39,1289,108,1723,0,0,90,2149,57,431,90,2580,California
Yuba,2021-01-27,186,3198,131,1420,55,1778,0,0,117,2197,69,500,117,2697,California
Yuba,2021-01-28,227,3425,92,1512,135,1913,0,0,173,2316,54,554,173,2870,California
Yuba,2021-01-29,154,3579,47,1559,107,2020,0,0,114,2390,40,594,114,2984,California
Yuba,2021-01-30,415,3994,24,1583,391,2411,0,0,404,2783,11,605,404,3388,California
Yuba,2021-01-31,18,4012,12,1595,6,2417,0,0,16,2797,2,607,16,3404,California
Yuba,2021-02-01,155,4167,75,1670,80,2497,0,0,131,2906,23,630,132,3536,California
Yuba,2021-02-02,124,4291,21,1691,103,2600,0,0,101,2984,23,653,101,3637,California
Yuba,2021-02-03,228,4519,30,1721,198,2798,0,0,116,2989,111,764,116,3753,California
Yuba,2021-02-04,294,4813,118,1839,176,2974,0,0,250,3195,44,808,250,4003,California
Yuba,2021-02-05,150,4963,33,1872,117,3091,0,0,73,3191,77,885,73,4076,California
Yuba,2021-02-06,451,5414,24,1896,427,3518,0,0,444,3628,7,892,444,4520,California
Yuba,2021-02-07,19,5433,13,1909,6,3524,0,0,15,3639,4,896,15,4535,California
Yuba,2021-02-08,98,5531,37,1946,61,3585,0,0,69,3679,29,925,69,4604,California
Yuba,2021-02-09,158,5689,59,2005,99,3684,0,0,87,3695,71,996,87,4691,California
Yuba,2021-02-10,361,6050,174,2179,187,3871,0,0,123,3581,237,1233,123,4814,California
Yuba,2021-02-11,402,6452,67,2246,335,4206,0,0,303,3787,97,1330,303,5117,California
Yuba,2021-02-12,264,6716,26,2272,238,4444,0,0,150,3823,114,1444,150,5267,California
Yuba,2021-02-13,434,7150,36,2308,398,4842,0,0,383,4155,51,1495,383,5650,California
Yuba,2021-02-14,51,7201,10,2318,41,4883,0,0,46,4196,5,1500,46,5696,California
Yuba,2021-02-15,90,7291,37,2355,53,4936,0,0,70,4246,20,1520,70,5766,California
Yuba,2021-02-16,201,7492,52,2407,149,5085,0,0,142,4330,58,1578,142,5908,California
Yuba,2021-02-17,382,7874,157,2564,225,5310,0,0,102,4153,279,1857,102,6010,California
Yuba,2021-02-18,317,8191,48,2612,269,5579,0,0,194,4224,123,1980,194,6204,California
Yuba,2021-02-19,223,8414,79,2691,144,5723,0,0,138,4277,85,2065,138,6342,California
Yuba,2021-02-20,392,8806,31,2722,361,6084,0,0,337,4559,55,2120,337,6679,California
Yuba,2021-02-21,17,8823,14,2736,3,6087,0,0,7,4556,10,2130,7,6686,California
Yuba,2021-02-22,129,8952,79,2815,50,6137,0,0,40,4508,88,2218,40,6726,California
Yuba,2021-02-23,116,9068,26,2841,90,6227,0,0,49,4491,66,2284,49,6775,California
Yuba,2021-02-24,484,9552,137,2978,347,6574,0,0,105,4217,379,2663,105,6880,California
Yuba,2021-02-25,342,9894,136,3114,206,6780,0,0,217,4309,125,2788,217,7097,California
Yuba,2021-02-26,264,10158,71,3185,193,6973,0,0,147,4341,115,2903,147,7244,California
Yuba,2021-02-27,466,10624,47,3232,419,7392,0,0,383,4641,83,2986,383,7627,California
Yuba,2021-02-28,73,10697,23,3255,50,7442,0,0,52,4672,21,3007,52,7679,California
Yuba,2021-03-01,163,10860,45,3300,118,7560,0,0,82,4674,80,3087,82,7761,California
Yuba,2021-03-02,164,11024,39,3339,125,7685,0,0,83,4676,81,3168,83,7844,California
Yuba,2021-03-03,636,11660,160,3499,476,8161,0,0,203,4447,432,3600,203,8047,California
Yuba,2021-03-04,473,12133,273,3772,200,8361,0,0,327,4629,145,3745,327,8374,California
Yuba,2021-03-05,323,12456,58,3830,264,8625,1,1,255,4817,68,3813,256,8630,California
Yuba,2021-03-06,476,12932,33,3863,439,9064,4,5,369,5084,106,3919,373,9003,California
Yuba,2021-03-07,53,12985,29,3892,23,9087,1,6,39,5110,14,3933,40,9043,California
Yuba,2021-03-08,164,13149,51,3943,97,9184,16,22,102,5166,62,3995,118,9161,California
Yuba,2021-03-09,179,13328,45,3988,114,9298,20,42,84,5175,95,4090,104,9265,California
Yuba,2021-03-10,741,14069,237,4225,474,9772,30,72,238,4940,503,4593,268,9533,California
Yuba,2021-03-11,441,14510,196,4421,232,10004,13,85,295,5102,146,4739,308,9841,California
Yuba,2021-03-12,464,14974,83,4504,326,10330,55,140,153,4999,311,5050,208,10049,California
Yuba,2021-03-13,460,15434,341,4845,104,10434,15,155,362,5279,97,5147,377,10426,California
Yuba,2021-03-14,107,15541,20,4865,77,10511,10,165,48,5279,58,5205,58,10484,California
Yuba,2021-03-15,198,15739,53,4918,129,10640,16,181,104,5305,94,5299,120,10604,California
Yuba,2021-03-16,304,16043,77,4995,203,10843,24,205,190,5406,113,5412,214,10818,California
Yuba,2021-03-17,748,16791,165,5160,552,11395,31,236,196,5083,550,5962,227,11045,California
Yuba,2021-03-18,588,17379,159,5319,313,11708,116,352,356,5322,232,6194,471,11516,California
Yuba,2021-03-19,329,17708,119,5438,159,11867,51,403,185,5415,143,6337,236,11752,California
Yuba,2021-03-20,561,18269,82,5520,461,12328,18,421,479,5831,81,6418,497,12249,California
Yuba,2021-03-21,65,18334,39,5559,26,12354,0,421,50,5866,15,6433,50,12299,California
Yuba,2021-03-22,197,18531,72,5631,118,12472,7,428,154,5984,43,6476,161,12460,California
Yuba,2021-03-23,269,18800,80,5711,161,12633,28,456,181,6107,86,6562,209,12669,California
Yuba,2021-03-24,769,19569,258,5969,431,13064,80,536,189,5798,578,7140,269,12938,California
Yuba,2021-03-25,514,20083,271,6240,221,13285,22,558,255,5816,259,7399,277,13215,California
Yuba,2021-03-26,399,20482,141,6381,228,13513,30,588,229,5906,169,7568,259,13474,California
Yuba,2021-03-27,462,20944,29,6410,430,13943,3,591,408,6263,53,7621,410,13884,California
Yuba,2021-03-28,104,21048,43,6453,57,14000,4,595,34,6231,70,7691,38,13922,California
Yuba,2021-03-29,300,21348,89,6542,179,14179,32,627,183,6329,117,7808,215,14137,California
Yuba,2021-03-30,276,21624,68,6610,200,14379,8,635,189,6439,87,7895,197,14334,California
Yuba,2021-03-31,683,22307,115,6725,556,14935,12,647,242,6254,439,8334,254,14588,California
Yuba,2021-04-01,627,22934,291,7016,308,15243,28,675,292,6239,335,8669,320,14908,California
Yuba,2021-04-02,512,23446,98,7114,329,15572,85,760,192,6196,319,8988,276,15184,California
Yuba,2021-04-03,659,24105,56,7170,117,15689,486,1246,88,6200,570,9558,574,15758,California
Yuba,2021-04-04,61,24166,11,7181,43,15732,7,1253,32,6210,29,9587,39,15797,California
Yuba,2021-04-05,254,24420,86,7267,146,15878,22,1275,126,6231,126,9713,147,15944,California
Yuba,2021-04-06,355,24775,116,7383,179,16057,60,1335,170,6276,184,9897,229,16173,California
Yuba,2021-04-07,797,25572,413,7796,329,16386,55,1390,362,6260,432,10329,416,16589,California
Yuba,2021-04-08,755,26327,294,8090,195,16581,266,1656,281,6333,473,10802,546,17135,California
Yuba,2021-04-09,407,26734,171,8261,168,16749,68,1724,170,6335,236,11038,238,17373,California
Yuba,2021-04-10,600,27334,72,8333,79,16828,449,2173,71,6327,527,11565,519,17892,California
Yuba,2021-04-11,107,27441,27,8360,68,16896,12,2185,46,6325,60,11625,58,17950,California
Yuba,2021-04-12,215,27656,47,8407,137,17033,31,2216,79,6300,135,11760,110,18060,California
Yuba,2021-04-13,402,28058,104,8511,298,17331,0,2216,202,6303,199,11959,202,18262,California
Yuba,2021-04-14,716,28774,109,8620,607,17938,0,2216,125,5839,589,12548,125,18387,California
Yuba,2021-04-15,347,29121,133,8753,214,18152,0,2216,154,5801,193,12741,155,18542,California
Yuba,2021-04-16,338,29459,97,8850,241,18393,0,2216,181,5826,156,12897,181,18723,California
Yuba,2021-04-17,411,29870,60,8910,351,18744,0,2216,337,6090,73,12970,337,19060,California
Yuba,2021-04-18,56,29926,10,8920,46,18790,0,2216,26,6086,30,13000,26,19086,California
Yuba,2021-04-19,251,30177,106,9026,145,18935,0,2216,104,6043,147,13147,104,19190,California
Yuba,2021-04-20,323,30500,80,9106,243,19178,0,2216,181,6084,141,13288,182,19372,California
Yuba,2021-04-21,699,31199,279,9385,420,19598,0,2216,294,5973,405,13693,294,19666,California
Yuba,2021-04-22,363,31562,138,9523,225,19823,0,2216,202,6014,161,13854,202,19868,California
Yuba,2021-04-23,355,31917,115,9638,240,20063,0,2216,167,5995,186,14040,167,20035,California
Yuba,2021-04-24,221,32138,70,9708,151,20214,0,2216,126,6026,95,14135,126,20161,California
Yuba,2021-04-25,73,32211,30,9738,43,20257,0,2216,36,6025,37,14172,36,20197,California
Yuba,2021-04-26,241,32452,57,9795,180,20437,4,2220,109,6006,132,14304,113,20310,California
Yuba,2021-04-27,481,32933,163,9958,308,20745,10,2230,241,6019,238,14542,251,20561,California
Yuba,2021-04-28,436,33369,177,10135,254,20999,5,2235,149,5892,281,14823,154,20715,California
Yuba,2021-04-29,440,33809,73,10208,366,21365,1,2236,153,5760,286,15109,154,20869,California
Yuba,2021-04-30,327,34136,89,10297,208,21573,30,2266,137,5739,188,15297,167,21036,California
Yuba,2021-05-01,207,34343,92,10389,96,21669,19,2285,93,5738,113,15410,112,21148,California
Yuba,2021-05-02,72,34415,42,10431,26,21695,4,2289,37,5744,35,15445,41,21189,California
Yuba,2021-05-03,163,34578,65,10496,90,21785,8,2297,52,5695,109,15554,60,21249,California
Yuba,2021-05-04,327,34905,94,10590,212,21997,21,2318,149,5687,178,15732,170,21419,California
Yuba,2021-05-05,316,35221,77,10667,232,22229,7,2325,113,5604,203,15935,120,21539,California
Yuba,2021-05-06,279,35500,102,10769,138,22367,39,2364,91,5549,185,16120,130,21669,California
Yuba,2021-05-07,356,35856,92,10861,236,22603,28,2392,118,5456,238,16358,145,21814,California
Yuba,2021-05-08,108,35964,31,10892,71,22674,6,2398,46,5446,62,16420,52,21866,California
Yuba,2021-05-09,53,36017,24,10916,26,22700,3,2401,38,5472,15,16435,41,21907,California
Yuba,2021-05-10,171,36188,55,10971,98,22798,18,2419,54,5428,116,16551,72,21979,California
Yuba,2021-05-11,383,36571,172,11143,198,22996,13,2432,146,5351,235,16786,158,22137,California
Yuba,2021-05-12,272,36843,141,11284,124,23120,7,2439,114,5314,158,16944,121,22258,California
Yuba,2021-05-13,366,37209,196,11480,127,23247,43,2482,119,5232,244,17188,162,22420,California
Yuba,2021-05-14,367,37576,139,11619,207,23454,21,2503,160,5205,207,17395,180,22600,California
Yuba,2021-05-15,441,38017,112,11731,308,23762,21,2524,112,5010,327,17722,132,22732,California
Yuba,2021-05-16,139,38156,44,11775,86,23848,9,2533,85,5051,53,17775,94,22826,California
Yuba,2021-05-17,215,38371,90,11865,105,23953,20,2553,92,5042,121,17896,112,22938,California
Yuba,2021-05-18,389,38760,160,12025,220,24173,9,2562,165,4992,224,18120,174,23112,California
Yuba,2021-05-19,261,39021,144,12169,111,24284,6,2568,135,5007,126,18246,141,23253,California
Yuba,2021-05-20,427,39448,298,12467,117,24401,12,2580,266,5125,160,18406,278,23531,California
Yuba,2021-05-21,512,39960,269,12736,237,24638,6,2586,314,5249,196,18602,320,23851,California
Yuba,2021-05-22,230,40190,123,12859,96,24734,11,2597,92,5214,138,18740,103,23954,California
Yuba,2021-05-23,65,40255,32,12891,31,24765,2,2599,34,5219,31,18771,36,23990,California
Yuba,2021-05-24,155,40410,47,12938,91,24856,17,2616,44,5170,110,18881,61,24051,California
Yuba,2021-05-25,317,40727,110,13048,191,25047,16,2632,115,5100,201,19082,131,24182,California
Yuba,2021-05-26,232,40959,100,13148,116,25163,16,2648,90,5065,141,19223,106,24288,California
Yuba,2021-05-27,247,41206,75,13223,160,25323,12,2660,108,5049,136,19359,120,24408,California
Yuba,2021-05-28,244,41450,111,13334,129,25452,4,2664,121,5053,121,19480,125,24533,California
Yuba,2021-05-29,164,41614,66,13400,76,25528,22,2686,94,5100,69,19549,116,24649,California
Yuba,2021-05-30,50,41664,20,13420,25,25553,5,2691,20,5095,30,19579,25,24674,California
Yuba,2021-05-31,31,41695,3,13423,21,25574,7,2698,11,5093,20,19599,18,24692,California
Yuba,2021-06-01,248,41943,106,13529,135,25709,7,2705,87,5029,157,19756,93,24785,California
Yuba,2021-06-02,200,42143,79,13608,114,25823,7,2712,63,4963,136,19892,70,24855,California
Yuba,2021-06-03,175,42318,101,13709,69,25892,5,2717,63,4919,112,20004,68,24923,California
Yuba,2021-06-04,244,42562,120,13829,115,26007,9,2726,81,4846,163,20167,90,25013,California
Yuba,2021-06-05,198,42760,149,13978,43,26050,6,2732,91,4837,106,20273,97,25110,California
Yuba,2021-06-06,106,42866,90,14068,13,26063,3,2735,23,4781,82,20355,26,25136,California
Yuba,2021-06-07,115,42981,49,14117,52,26115,14,2749,38,4756,77,20432,52,25188,California
Yuba,2021-06-08,239,43220,109,14226,121,26236,9,2758,70,4668,167,20599,79,25267,California
Yuba,2021-06-09,142,43362,87,14313,49,26285,6,2764,59,4650,83,20682,65,25332,California
Yuba,2021-06-10,357,43719,295,14608,57,26342,5,2769,87,4474,268,20950,92,25424,California
Yuba,2021-06-11,267,43986,194,14802,66,26408,7,2776,51,4316,216,21166,58,25482,California
Yuba,2021-06-12,44,44030,24,14826,16,26424,4,2780,9,4294,35,21201,13,25495,California
