county,administered_date,total_doses,cumulative_total_doses,pfizer_doses,cumulative_pfizer_doses,moderna_doses,cumulative_moderna_doses,jj_doses,cumulative_jj_doses,partially_vaccinated,total_partially_vaccinated,fully_vaccinated,cumulative_fully_vaccinated,at_least_one_dose,cumulative_at_least_one_dose,california_flag
All CA Counties,2020-12-15,1141,1141,1141,1141,0,0,0,0,1141,1141,0,0,1141,1141,
All CA Counties,2020-12-16,8432,9573,8432,9573,0,0,0,0,8432,9573,0,0,8432,9573,
All CA Counties,2020-12-17,26290,35863,26290,35863,0,0,0,0,26292,35865,0,0,26292,35865,
All CA Counties,2020-12-18,44723,80586,44667,80530,56,56,0,0,44723,80587,1,1,44723,80588,
All CA Counties,2020-12-19,25325,105911,25300,105830,25,81,0,0,25324,105910,1,2,25324,105912,
All CA Counties,2020-12-20,18999,124910,18973,124803,26,107,0,0,18998,124907,1,3,18998,124910,
All CA Counties,2020-12-21,49651,174561,49563,174366,88,195,0,0,49653,174559,2,5,49654,174564,
All CA Counties,2020-12-22,49995,224556,47866,222232,2129,2324,0,0,49992,224549,2,7,49992,224556,
All CA Counties,2020-12-23,50587,275143,41803,264035,8784,11108,0,0,50583,275131,4,11,50586,275142,
All CA Counties,2020-12-24,24063,299206,16339,280374,7724,18832,0,0,24060,299190,3,14,24062,299204,
All CA Counties,2020-12-25,2342,301548,2019,282393,323,19155,0,0,2342,301532,0,14,2342,301546,
All CA Counties,2020-12-26,14610,316158,9458,291851,5152,24307,0,0,14608,316138,2,16,14608,316154,
All CA Counties,2020-12-27,9440,325598,5594,297445,3846,28153,0,0,9439,325576,1,17,9439,325593,
All CA Counties,2020-12-28,45891,371489,29426,326871,16465,44618,0,0,45888,371461,3,20,45888,371481,
All CA Counties,2020-12-29,51043,422532,28445,355316,22598,67216,0,0,51039,422497,3,23,51039,422520,
All CA Counties,2020-12-30,62943,485475,35538,390854,27405,94621,0,0,62935,485429,6,29,62938,485458,
All CA Counties,2020-12-31,29387,514862,10859,401713,18528,113149,0,0,29378,514801,7,36,29379,514837,
All CA Counties,2021-01-01,4271,519133,1920,403633,2351,115500,0,0,4266,519063,4,40,4266,519103,
All CA Counties,2021-01-02,18469,537602,10203,413836,8266,123766,0,0,18468,537531,0,40,18468,537571,
All CA Counties,2021-01-03,6173,543775,3494,417330,2679,126445,0,0,6137,543652,16,56,6137,543708,
All CA Counties,2021-01-04,43599,587374,22092,439422,21507,147952,0,0,43458,587006,104,160,43458,587166,
All CA Counties,2021-01-05,56544,643918,29798,469220,26746,174698,0,0,50999,632610,5488,5648,51092,638258,
All CA Counties,2021-01-06,73374,717292,40491,509711,32883,207581,0,0,57809,675070,15385,21033,57845,696103,
All CA Counties,2021-01-07,92086,809378,52380,562091,39706,247287,0,0,61016,705250,30898,51931,61078,757181,
All CA Counties,2021-01-08,106730,916108,64098,626189,42632,289919,0,0,65077,728874,41518,93449,65142,822323,
All CA Counties,2021-01-09,44357,960465,25507,651696,18850,308769,0,0,27784,740137,16548,109997,27811,850134,
All CA Counties,2021-01-10,24321,984786,14854,666550,9467,318236,0,0,13081,742014,11223,121220,13100,863234,
All CA Counties,2021-01-11,104518,1089304,69539,736089,34979,353215,0,0,60610,758930,43865,165085,60781,924015,
All CA Counties,2021-01-12,113420,1202724,67105,803194,46315,399530,0,0,72362,790546,40980,206065,72596,996611,
All CA Counties,2021-01-13,119115,1321839,61778,864972,57337,456867,0,0,85332,842261,33698,239763,85413,1082024,
All CA Counties,2021-01-14,123754,1445593,49581,914553,74173,531040,0,0,104163,927100,19489,259252,104328,1186352,
All CA Counties,2021-01-15,141834,1587427,51775,966328,90059,621099,0,0,126758,1039085,14983,274235,126968,1313320,
All CA Counties,2021-01-16,80419,1667846,27329,993657,53090,674189,0,0,72849,1104443,7543,281778,72901,1386221,
All CA Counties,2021-01-17,48228,1716074,16836,1010493,31392,705581,0,0,44571,1145412,3650,285428,44619,1430840,
All CA Counties,2021-01-18,88118,1804192,45978,1056471,42140,747721,0,0,68825,1195184,19218,304646,68990,1499830,
All CA Counties,2021-01-19,141907,1946099,73619,1130090,68288,816009,0,0,110757,1275209,31059,335705,111084,1610914,
All CA Counties,2021-01-20,160253,2106352,81882,1211972,78371,894380,0,0,126675,1368782,33359,369064,126932,1737846,
All CA Counties,2021-01-21,173310,2279662,76848,1288820,96462,990842,0,0,154209,1504451,18891,387955,154560,1892406,
All CA Counties,2021-01-22,169520,2449182,69175,1357995,100345,1091187,0,0,155238,1645689,14145,402100,155383,2047789,
All CA Counties,2021-01-23,111360,2560542,49442,1407437,61918,1153105,0,0,98846,1732196,12456,414556,98963,2146752,
All CA Counties,2021-01-24,60953,2621495,29466,1436903,31487,1184592,0,0,56302,1783939,4620,419176,56363,2203115,
All CA Counties,2021-01-25,145229,2766724,65422,1502325,79807,1264399,0,0,110076,1859348,35026,454202,110435,2313550,
All CA Counties,2021-01-26,168945,2935669,82981,1585306,85964,1350363,0,0,131409,1953611,37403,491605,131666,2445216,
All CA Counties,2021-01-27,182625,3118294,87982,1673288,94643,1445006,0,0,143257,2058033,39046,530651,143468,2588684,
All CA Counties,2021-01-28,187902,3306196,86738,1760026,101164,1546170,0,0,153789,2178212,33826,564477,154005,2742689,
All CA Counties,2021-01-29,183739,3489935,88359,1848385,95380,1641550,0,0,149100,2293417,34067,598544,149272,2891961,
All CA Counties,2021-01-30,123608,3613543,55788,1904173,67820,1709370,0,0,108200,2386516,15242,613786,108341,3000302,
All CA Counties,2021-01-31,69234,3682777,38809,1942982,30425,1739795,0,0,64441,2446268,4744,618530,64496,3064798,
All CA Counties,2021-02-01,161899,3844676,75948,2018930,85951,1825746,0,0,121186,2527038,40550,659080,121320,3186118,
All CA Counties,2021-02-02,185213,4029889,77991,2096921,107222,1932968,0,0,140768,2623862,44168,703248,140992,3327110,
All CA Counties,2021-02-03,210829,4240718,95514,2192435,115315,2048283,0,0,156484,2726744,53850,757098,156732,3483842,
All CA Counties,2021-02-04,227780,4468498,99827,2292262,127953,2176236,0,0,167209,2834281,60035,817133,167572,3651414,
All CA Counties,2021-02-05,245987,4714485,106481,2398743,139506,2315742,0,0,167251,2924106,77964,895097,167789,3819203,
All CA Counties,2021-02-06,154982,4869467,75050,2473793,79932,2395674,0,0,120207,3010200,34607,929704,120701,3939904,
All CA Counties,2021-02-07,67052,4936519,43431,2517224,23621,2419295,0,0,50611,3044900,16362,946066,51062,3990966,
All CA Counties,2021-02-08,181253,5117772,89409,2606633,91844,2511139,0,0,119768,3104360,61055,1007121,120515,4111481,
All CA Counties,2021-02-09,211444,5329216,102304,2708937,109140,2620279,0,0,126857,3148233,84135,1091256,128008,4239489,
All CA Counties,2021-02-10,248605,5577821,119782,2828719,128823,2749102,0,0,138082,3178082,109711,1200967,139560,4379049,
All CA Counties,2021-02-11,265489,5843310,131546,2960265,133943,2883045,0,0,145141,3205775,119237,1320204,146930,4525979,
All CA Counties,2021-02-12,272408,6115718,119374,3079639,153034,3036079,0,0,147102,3230823,124426,1444630,149474,4675453,
All CA Counties,2021-02-13,166693,6282411,77310,3156949,89383,3125462,0,0,92109,3250670,74212,1518842,94059,4769512,
All CA Counties,2021-02-14,95313,6377724,47423,3204372,47890,3173352,0,0,51569,3260203,43579,1562421,53112,4822624,
All CA Counties,2021-02-15,142425,6520149,62490,3266862,79935,3253287,0,0,78791,3278858,63260,1625681,81915,4904539,
All CA Counties,2021-02-16,248944,6769093,118221,3385083,130723,3384010,0,0,133143,3299674,115422,1741103,136238,5040777,
All CA Counties,2021-02-17,259104,7028197,129018,3514101,130086,3514096,0,0,129004,3302330,129557,1870660,132213,5172990,
All CA Counties,2021-02-18,272903,7301100,142396,3656497,130507,3644603,0,0,131930,3298209,140270,2010930,136149,5309139,
All CA Counties,2021-02-19,253311,7554411,146951,3803448,106360,3750963,0,0,130734,3308946,122083,2133013,132820,5441959,
All CA Counties,2021-02-20,153714,7708125,98491,3901939,55223,3806186,0,0,84575,3326624,68878,2201891,86556,5528515,
All CA Counties,2021-02-21,82845,7790970,68613,3970552,14232,3820418,0,0,41661,3328888,40942,2242833,43206,5571721,
All CA Counties,2021-02-22,164798,7955768,110439,4080991,54359,3874777,0,0,82492,3331116,81987,2324820,84215,5655936,
All CA Counties,2021-02-23,226254,8182022,119832,4200823,106422,3981199,0,0,105375,3322195,120283,2445103,111362,5767298,
All CA Counties,2021-02-24,283891,8465913,143637,4344460,140254,4121453,0,0,134780,3316028,148485,2593588,142318,5909616,
All CA Counties,2021-02-25,322652,8788565,159280,4503740,163372,4284825,0,0,169039,3340696,152921,2746509,177589,6087205,
All CA Counties,2021-02-26,357007,9145572,166503,4670243,190504,4475329,0,0,198756,3389389,157337,2903846,206030,6293235,
All CA Counties,2021-02-27,253535,9399107,123446,4793689,130067,4605396,22,22,144114,3429136,108801,3012647,148548,6441783,
All CA Counties,2021-02-28,135210,9534317,81136,4874825,54067,4659463,7,29,79565,3456330,55217,3067864,82411,6524194,
All CA Counties,2021-03-01,243959,9778276,130349,5005174,113507,4772970,103,132,140628,3498498,102568,3170432,144736,6668930,
All CA Counties,2021-03-02,289246,10067522,146377,5151551,142843,4915813,26,158,174460,3565606,114268,3284700,181376,6850306,
All CA Counties,2021-03-03,332316,10399838,164956,5316507,167303,5083116,57,215,191406,3624137,140219,3424919,198750,7049056,
All CA Counties,2021-03-04,351510,10751348,178059,5494566,173360,5256476,91,306,206357,3693209,144403,3569322,213475,7262531,
All CA Counties,2021-03-05,339682,11091030,167175,5661741,171384,5427860,1123,1429,211519,3785763,127351,3696673,219905,7482436,
All CA Counties,2021-03-06,259611,11350641,133315,5795056,118444,5546304,7852,9281,161512,3862150,97680,3794353,174067,7656503,
All CA Counties,2021-03-07,127861,11478502,78579,5873635,45132,5591436,4150,13431,80118,3902539,47556,3841909,87945,7744448,
All CA Counties,2021-03-08,219199,11697701,106399,5980034,102304,5693740,10496,23927,143533,3986252,75282,3917191,158995,7903443,
All CA Counties,2021-03-09,291515,11989216,139383,6119417,136210,5829950,15922,39849,163666,4042527,127360,4044551,183635,8087078,
All CA Counties,2021-03-10,322607,12311823,160970,6280387,137182,5967132,24455,64304,174968,4099134,146982,4191533,203589,8290667,
All CA Counties,2021-03-11,376504,12688327,181986,6462373,161202,6128334,33316,97620,193504,4148094,182071,4373604,231031,8521698,
All CA Counties,2021-03-12,395128,13083455,176639,6639012,172197,6300531,46292,143912,194035,4192310,200293,4573897,244509,8766207,
All CA Counties,2021-03-13,283388,13366843,124906,6763918,127352,6427883,31130,175042,153087,4250927,129846,4703743,188463,8954670,
All CA Counties,2021-03-14,154937,13521780,83289,6847207,56555,6484438,15093,190135,78557,4270743,76093,4779836,95909,9050579,
All CA Counties,2021-03-15,290576,13812356,138866,6986073,131158,6615596,20552,210687,158065,4320963,131769,4911605,181989,9232568,
All CA Counties,2021-03-16,370199,14182555,173903,7159976,178994,6794590,17302,227989,214620,4401241,154844,5066449,235122,9467690,
All CA Counties,2021-03-17,383611,14566166,189732,7349708,175327,6969917,18552,246541,237543,4514604,145246,5211695,258609,9726299,
All CA Counties,2021-03-18,400696,14966862,205271,7554979,177434,7147351,17991,264532,237614,4610295,161988,5373683,257679,9983978,
All CA Counties,2021-03-19,410702,15377564,215930,7770909,173163,7320514,21609,286141,238267,4700676,171461,5545144,261842,10245820,
All CA Counties,2021-03-20,294802,15672366,155059,7925968,123875,7444389,15868,302009,186145,4796130,107998,5653142,203452,10449272,
All CA Counties,2021-03-21,143735,15816101,99366,8025334,36841,7481230,7528,309537,88290,4838221,55082,5708224,97173,10546445,
All CA Counties,2021-03-22,273180,16089281,159046,8184380,102919,7584149,11215,320752,177501,4935042,94901,5803125,191722,10738167,
All CA Counties,2021-03-23,357178,16446459,196605,8380985,149504,7733653,11069,331821,219339,5031110,136922,5940047,232990,10971157,
All CA Counties,2021-03-24,387418,16833877,221902,8602887,153032,7886685,12484,344305,225721,5110948,160460,6100507,240298,11211455,
All CA Counties,2021-03-25,417682,17251559,230188,8833075,172664,8059349,14830,359135,236810,5185187,179560,6280067,253799,11465254,
All CA Counties,2021-03-26,434900,17686459,232693,9065768,186131,8245480,16076,375211,234806,5240020,198892,6478959,253725,11718979,
All CA Counties,2021-03-27,312518,17998977,166232,9232000,134512,8379992,11774,386985,157623,5257581,154081,6633040,171642,11890621,
All CA Counties,2021-03-28,169320,18168297,109027,9341027,56709,8436701,3584,390569,88723,5271662,80144,6713184,94225,11984846,
All CA Counties,2021-03-29,310157,18478454,166976,9508003,134135,8570836,9046,399615,172595,5319007,136791,6849975,184136,12168982,
All CA Counties,2021-03-30,398248,18876702,201825,9709828,178214,8749050,18209,417824,224204,5389935,173249,7023224,244177,12413159,
All CA Counties,2021-03-31,426150,19302852,231938,9941766,172543,8921593,21669,439493,238284,5464066,186843,7210067,260974,12674133,
All CA Counties,2021-04-01,491560,19794412,251805,10193571,199502,9121095,40253,479746,271571,5558378,218658,7428725,312970,12987103,
All CA Counties,2021-04-02,473510,20267922,230902,10424473,199451,9320546,43157,522903,257394,5645657,214886,7643611,302165,13289268,
All CA Counties,2021-04-03,329416,20597338,167794,10592267,120184,9440730,41438,564341,164287,5688017,164488,7808099,206848,13496116,
All CA Counties,2021-04-04,132431,20729769,69099,10661366,44316,9485046,19016,583357,58087,5691221,74042,7882141,77246,13573362,
All CA Counties,2021-04-05,353052,21082821,182005,10843371,131366,9616412,39681,623038,174051,5729053,178316,8060457,216148,13789510,
All CA Counties,2021-04-06,456987,21539808,231594,11074965,159965,9776377,65428,688466,221735,5783798,234316,8294773,289061,14078571,
All CA Counties,2021-04-07,471672,22011480,244760,11319725,157019,9933396,69893,758359,230013,5844006,240707,8535480,300915,14379486,
All CA Counties,2021-04-08,499249,22510729,251750,11571475,163221,10096617,84278,842637,235303,5903046,262777,8798257,321817,14701303,
All CA Counties,2021-04-09,494090,23004819,246310,11817785,168077,10264694,79703,922340,227867,5948521,265159,9063416,310634,15011937,
All CA Counties,2021-04-10,366761,23371580,167820,11985605,124782,10389476,74159,996499,154052,5967432,211961,9275377,230872,15242809,
All CA Counties,2021-04-11,187364,23558944,105158,12090763,48130,10437606,34076,1030575,77589,5972496,109433,9384810,114497,15357306,
All CA Counties,2021-04-12,339194,23898138,174058,12264821,127075,10564681,38061,1068636,157228,5990349,181007,9565817,198860,15556166,
All CA Counties,2021-04-13,431508,24329646,241401,12506222,189167,10753848,940,1069576,241227,6046253,189293,9755110,245197,15801363,
All CA Counties,2021-04-14,450223,24779869,252378,12758600,197560,10951408,285,1069861,235185,6072456,213880,9968990,240083,16041446,
All CA Counties,2021-04-15,490156,25270025,285464,13044064,204452,11155860,240,1070101,275041,6136934,213709,10182699,278187,16319633,
All CA Counties,2021-04-16,474119,25744144,266794,13310858,207018,11362878,307,1070408,253051,6172836,219878,10402577,255780,16575413,
All CA Counties,2021-04-17,340804,26084948,190870,13501728,149891,11512769,43,1070451,193737,6223507,146252,10548829,196923,16772336,
All CA Counties,2021-04-18,154283,26239231,97978,13599706,56288,11569057,17,1070468,79401,6231446,74484,10623313,82423,16854759,
All CA Counties,2021-04-19,317080,26556311,183057,13782763,133934,11702991,89,1070557,150011,6217232,166193,10789506,151979,17006738,
All CA Counties,2021-04-20,406366,26962677,216154,13998917,190142,11893133,70,1070627,202535,6220108,202814,10992320,205690,17212428,
All CA Counties,2021-04-21,419517,27382194,237738,14236655,181516,12074649,263,1070890,201695,6208740,216430,11208750,205062,17417490,
All CA Counties,2021-04-22,445764,27827958,254001,14490656,191687,12266336,76,1070966,199078,6165749,245337,11454087,202346,17619836,
All CA Counties,2021-04-23,437063,28265021,248929,14739585,188046,12454382,88,1071054,197904,6129270,237780,11691867,201301,17821137,
All CA Counties,2021-04-24,324684,28589705,204451,14944036,120061,12574443,172,1071226,165038,6139030,158698,11850565,168458,17989595,
All CA Counties,2021-04-25,149345,28739050,98474,15042510,50805,12625248,66,1071292,80363,6152358,68536,11919101,81864,18071459,
All CA Counties,2021-04-26,286142,29025192,166495,15209005,118135,12743383,1512,1072804,124747,6122571,160448,12079549,130661,18202120,
All CA Counties,2021-04-27,358210,29383402,198438,15407443,153754,12897137,6018,1078822,144357,6063351,212750,12292299,153530,18355650,
All CA Counties,2021-04-28,350507,29733909,201075,15608518,141592,13038729,7840,1086662,144322,6012690,205130,12497429,154469,18510119,
All CA Counties,2021-04-29,359837,30093746,207281,15815799,144698,13183427,7858,1094520,131662,5927002,227046,12724475,141358,18651477,
All CA Counties,2021-04-30,371664,30465410,213082,16028881,149730,13333157,8852,1103372,140420,5848203,230013,12954488,151214,18802691,
All CA Counties,2021-05-01,246847,30712257,157829,16186710,82986,13416143,6032,1109404,89505,5789401,156551,13111039,97749,18900440,
All CA Counties,2021-05-02,116752,30829009,81600,16268310,31285,13447428,3867,1113271,40890,5759058,75477,13186516,45134,18945574,
All CA Counties,2021-05-03,251266,31080275,154818,16423128,87789,13535217,8659,1121930,76232,5670580,174224,13360740,85746,19031320,
All CA Counties,2021-05-04,324954,31405229,198078,16621206,117154,13652371,9722,1131652,96136,5549815,227780,13588520,107015,19138335,
All CA Counties,2021-05-05,328669,31733898,204129,16825335,114556,13766927,9984,1141636,92713,5418715,234772,13823292,103672,19242007,
All CA Counties,2021-05-06,347042,32080940,226246,17051581,110299,13877226,10497,1152133,88401,5263029,257085,14080377,101399,19343406,
All CA Counties,2021-05-07,344154,32425094,215643,17267224,118705,13995931,9806,1161939,93596,5118412,249239,14329616,104622,19448028,
All CA Counties,2021-05-08,223165,32648259,141617,17408841,74875,14070806,6673,1168612,61448,5027142,160827,14490443,69557,19517585,
All CA Counties,2021-05-09,93041,32741300,70049,17478890,20020,14090826,2972,1171584,25455,4988744,67263,14557706,28865,19546450,
All CA Counties,2021-05-10,200254,32941554,113991,17592881,78527,14169353,7736,1179320,49756,4897791,149719,14707425,58766,19605216,
All CA Counties,2021-05-11,258449,33200003,144637,17737518,105703,14275056,8109,1187429,68053,4786100,189505,14896930,77814,19683030,
All CA Counties,2021-05-12,252002,33452005,144605,17882123,99055,14374111,8342,1195771,68844,4682140,182197,15079127,78237,19761267,
All CA Counties,2021-05-13,289760,33741765,185851,18067974,96891,14471002,7018,1202789,107992,4618944,180719,15259846,117523,19878790,
All CA Counties,2021-05-14,331701,34073466,212094,18280068,110891,14581893,8716,1211505,130863,4560926,199693,15459539,141675,20020465,
All CA Counties,2021-05-15,273430,34346896,191121,18471189,76442,14658335,5867,1217372,112293,4519722,160324,15619863,119120,20139585,
All CA Counties,2021-05-16,135290,34482186,103680,18574869,28694,14687029,2916,1220288,54858,4497891,79999,15699862,58168,20197753,
All CA Counties,2021-05-17,236974,34719160,156212,18731081,73452,14760481,7310,1227598,98042,4466034,138084,15837946,106227,20303980,
All CA Counties,2021-05-18,277447,34996607,169426,18900507,100695,14861176,7326,1234924,111915,4422257,164439,16002385,120662,20424642,
All CA Counties,2021-05-19,272109,35268716,170046,19070553,94586,14955762,7477,1242401,114821,4389383,156284,16158669,123410,20548052,
All CA Counties,2021-05-20,223241,35491957,133732,19204285,82176,15037938,7333,1249734,87406,4350496,134897,16293566,96010,20644062,
All CA Counties,2021-05-21,240703,35732660,149125,19353410,84452,15122390,7126,1256860,94270,4307471,145405,16438971,102380,20746442,
All CA Counties,2021-05-22,167555,35900215,113247,19466657,48847,15171237,5461,1262321,73835,4294524,93121,16532092,80174,20826616,
All CA Counties,2021-05-23,61778,35961993,46416,19513073,13227,15184464,2135,1264456,28838,4293062,32659,16564751,31197,20857813,
All CA Counties,2021-05-24,165588,36127581,96309,19609382,61126,15245590,8153,1272609,64414,4266044,100423,16665174,73405,20931218,
All CA Counties,2021-05-25,187294,36314875,110356,19719738,69090,15314680,7848,1280457,73257,4235180,113081,16778255,82217,21013435,
All CA Counties,2021-05-26,180821,36495696,104009,19823747,69182,15383862,7630,1288087,71761,4207422,108025,16886280,80267,21093702,
All CA Counties,2021-05-27,169692,36665388,97019,19920766,64261,15448123,8412,1296499,69670,4187432,99238,16985518,79248,21172950,
All CA Counties,2021-05-28,185521,36850909,107387,20028153,71205,15519328,6929,1303428,80996,4172984,103647,17089165,89199,21262149,
All CA Counties,2021-05-29,105500,36956409,64937,20093090,36827,15556155,3736,1307164,50708,4173724,54281,17143446,55021,21317170,
All CA Counties,2021-05-30,46698,37003107,30848,20123938,13411,15569566,2439,1309603,21069,4172090,25413,17168859,23779,21340949,
All CA Counties,2021-05-31,19737,37022844,11678,20135616,7090,15576656,969,1310572,6585,4166749,13030,17181889,7689,21348638,
All CA Counties,2021-06-01,166144,37188988,97284,20232900,61948,15638604,6912,1317484,63293,4136035,101936,17283825,71222,21419860,
All CA Counties,2021-06-02,139781,37328769,82910,20315810,49894,15688498,6977,1324461,56981,4118817,81964,17365789,64746,21484606,
All CA Counties,2021-06-03,163605,37492374,112537,20428347,44370,15732868,6698,1331159,57092,4077942,105773,17471562,64898,21549504,
All CA Counties,2021-06-04,184297,37676671,131267,20559614,47454,15780322,5576,1336735,58318,4018707,125108,17596670,65873,21615377,
All CA Counties,2021-06-05,84919,37761590,67890,20627504,13905,15794227,3124,1339859,20449,3978748,64189,17660859,24230,21639607,
All CA and Non-CA Counties,2020-12-15,1148,1148,1148,1148,0,0,0,0,1148,1148,0,0,1148,1148,
All CA and Non-CA Counties,2020-12-16,8705,9853,8705,9853,0,0,0,0,8705,9853,0,0,8705,9853,
All CA and Non-CA Counties,2020-12-17,27897,37750,27897,37750,0,0,0,0,27897,37750,0,0,27897,37750,
All CA and Non-CA Counties,2020-12-18,47278,85028,47215,84965,63,63,0,0,47277,85026,1,1,47277,85027,
All CA and Non-CA Counties,2020-12-19,26361,111389,26335,111300,26,89,0,0,26360,111385,1,2,26360,111387,
All CA and Non-CA Counties,2020-12-20,19679,131068,19650,130950,29,118,0,0,19678,131062,1,3,19678,131065,
All CA and Non-CA Counties,2020-12-21,51837,182905,51746,182696,91,209,0,0,51835,182896,2,5,51836,182901,
All CA and Non-CA Counties,2020-12-22,52078,234983,49874,232570,2204,2413,0,0,52075,234969,2,7,52075,234976,
All CA and Non-CA Counties,2020-12-23,52119,287102,43193,275763,8926,11339,0,0,52114,287081,5,12,52117,287093,
All CA and Non-CA Counties,2020-12-24,24867,311969,16950,292713,7917,19256,0,0,24864,311944,3,15,24866,311959,
All CA and Non-CA Counties,2020-12-25,2377,314346,2049,294762,328,19584,0,0,2377,314321,0,15,2377,314336,
All CA and Non-CA Counties,2020-12-26,14916,329262,9662,304424,5254,24838,0,0,14914,329233,2,17,14914,329250,
All CA and Non-CA Counties,2020-12-27,9628,338890,5666,310090,3962,28800,0,0,9627,338859,1,18,9627,338877,
All CA and Non-CA Counties,2020-12-28,47302,386192,30323,340413,16979,45779,0,0,47299,386155,3,21,47299,386176,
All CA and Non-CA Counties,2020-12-29,52566,438758,29456,369869,23110,68889,0,0,52562,438714,3,24,52562,438738,
All CA and Non-CA Counties,2020-12-30,64874,503632,36819,406688,28055,96944,0,0,64866,503577,6,30,64869,503607,
All CA and Non-CA Counties,2020-12-31,30479,534111,11460,418148,19019,115963,0,0,30468,534038,8,38,30469,534076,
All CA and Non-CA Counties,2021-01-01,4383,538494,1945,420093,2438,118401,0,0,4378,538412,4,42,4378,538454,
All CA and Non-CA Counties,2021-01-02,18710,557204,10336,430429,8374,126775,0,0,18708,557119,1,43,18708,557162,
All CA and Non-CA Counties,2021-01-03,6345,563549,3585,434014,2760,129535,0,0,6309,563412,16,59,6309,563471,
All CA and Non-CA Counties,2021-01-04,44749,608298,22602,456616,22147,151682,0,0,44602,607909,105,164,44602,608073,
All CA and Non-CA Counties,2021-01-05,58086,666384,30614,487230,27472,179154,0,0,52349,654674,5678,5842,52443,660516,
All CA and Non-CA Counties,2021-01-06,76079,742463,42089,529319,33990,213144,0,0,59773,698360,16123,21965,59809,720325,
All CA and Non-CA Counties,2021-01-07,96289,838752,54978,584297,41311,254455,0,0,63560,729429,32555,54520,63624,783949,
All CA and Non-CA Counties,2021-01-08,111220,949972,67012,651309,44208,298663,0,0,67694,753809,43382,97902,67762,851711,
All CA and Non-CA Counties,2021-01-09,45665,995637,26038,677347,19627,318290,0,0,28765,765728,16875,114777,28794,880505,
All CA and Non-CA Counties,2021-01-10,24620,1020257,15036,692383,9584,327874,0,0,13259,767662,11344,126121,13278,893783,
All CA and Non-CA Counties,2021-01-11,107825,1128082,71562,763945,36263,364137,0,0,62583,785218,45198,171319,62754,956537,
All CA and Non-CA Counties,2021-01-12,117294,1245376,69428,833373,47866,412003,0,0,74677,817599,42534,213853,74915,1031452,
All CA and Non-CA Counties,2021-01-13,122791,1368167,63586,896959,59205,471208,0,0,87826,870628,34881,248734,87910,1119362,
All CA and Non-CA Counties,2021-01-14,127465,1495632,50861,947820,76604,547812,0,0,107232,957909,20118,268852,107399,1226761,
All CA and Non-CA Counties,2021-01-15,146041,1641673,52777,1000597,93264,641076,0,0,130495,1073174,15440,284292,130705,1357466,
All CA and Non-CA Counties,2021-01-16,83115,1724788,27722,1028319,55393,696469,0,0,75369,1140878,7717,292009,75421,1432887,
All CA and Non-CA Counties,2021-01-17,48729,1773517,16990,1045309,31739,728208,0,0,45022,1182248,3700,295709,45070,1477957,
All CA and Non-CA Counties,2021-01-18,89353,1862870,46782,1092091,42571,770779,0,0,69605,1232346,19672,315381,69770,1547727,
All CA and Non-CA Counties,2021-01-19,145982,2008852,74953,1167044,71029,841808,0,0,113944,1314674,31946,347327,114274,1662001,
All CA and Non-CA Counties,2021-01-20,164724,2173576,83359,1250403,81365,923173,0,0,130158,1410745,34345,381672,130416,1792417,
All CA and Non-CA Counties,2021-01-21,177449,2351025,78015,1328418,99434,1022607,0,0,157786,1549442,19440,401112,158137,1950554,
All CA and Non-CA Counties,2021-01-22,174098,2525123,70291,1398709,103807,1126414,0,0,159411,1694454,14546,415658,159558,2110112,
All CA and Non-CA Counties,2021-01-23,113594,2638717,49784,1448493,63810,1190224,0,0,100919,1782873,12617,428275,101036,2211148,
All CA and Non-CA Counties,2021-01-24,61547,2700264,29706,1478199,31841,1222065,0,0,56819,1835055,4698,432973,56880,2268028,
All CA and Non-CA Counties,2021-01-25,149641,2849905,67329,1545528,82312,1304377,0,0,113620,1913144,35891,468864,113980,2382008,
All CA and Non-CA Counties,2021-01-26,174766,3024671,85806,1631334,88960,1393337,0,0,136385,2011543,38250,507114,136649,2518657,
All CA and Non-CA Counties,2021-01-27,187439,3212110,90489,1721823,96950,1490287,0,0,147445,2119533,39668,546782,147658,2666315,
All CA and Non-CA Counties,2021-01-28,193060,3405170,89538,1811361,103522,1593809,0,0,158362,2243707,34404,581186,158578,2824893,
All CA and Non-CA Counties,2021-01-29,188592,3593762,91402,1902763,97190,1690999,0,0,153168,2362198,34850,616036,153341,2978234,
All CA and Non-CA Counties,2021-01-30,127910,3721672,58075,1960838,69835,1760834,0,0,112274,2459142,15472,631508,112416,3090650,
All CA and Non-CA Counties,2021-01-31,72132,3793804,41301,2002139,30831,1791665,0,0,67286,2521687,4797,636305,67342,3157992,
All CA and Non-CA Counties,2021-02-01,167282,3961086,78451,2080590,88831,1880496,0,0,125847,2606402,41266,677571,125981,3283973,
All CA and Non-CA Counties,2021-02-02,191868,4152954,80099,2160689,111769,1992265,0,0,146702,2708447,44881,722452,146926,3430899,
All CA and Non-CA Counties,2021-02-03,218068,4371022,97524,2258213,120544,2112809,0,0,162845,2816820,54721,777173,163094,3593993,
All CA and Non-CA Counties,2021-02-04,234494,4605516,101924,2360137,132570,2245379,0,0,172923,2929081,61026,838199,173287,3767280,
All CA and Non-CA Counties,2021-02-05,252669,4858185,108591,2468728,144078,2389457,0,0,172854,3023435,79038,917237,173392,3940672,
All CA and Non-CA Counties,2021-02-06,159229,5017414,77032,2545760,82197,2471654,0,0,123985,3112848,35069,952306,124482,4065154,
All CA and Non-CA Counties,2021-02-07,69085,5086499,45077,2590837,24008,2495662,0,0,52566,3149427,16440,968746,53019,4118173,
All CA and Non-CA Counties,2021-02-08,186220,5272719,92412,2683249,93808,2589470,0,0,123651,3211697,62128,1030874,124398,4242571,
All CA and Non-CA Counties,2021-02-09,215573,5488292,104080,2787329,111493,2700963,0,0,129678,3257106,85434,1116308,130843,4373414,
All CA and Non-CA Counties,2021-02-10,254090,5742382,121609,2908938,132481,2833444,0,0,141121,3287597,112149,1228457,142640,4516054,
All CA and Non-CA Counties,2021-02-11,270244,6012626,133725,3042663,136519,2969963,0,0,148562,3317404,120562,1349019,150369,4666423,
All CA and Non-CA Counties,2021-02-12,277626,6290252,121294,3163957,156332,3126295,0,0,150478,3344003,126255,1475274,152854,4819277,
All CA and Non-CA Counties,2021-02-13,169067,6459319,77997,3241954,91070,3217365,0,0,93927,3365125,74767,1550041,95889,4915166,
All CA and Non-CA Counties,2021-02-14,96625,6555944,47811,3289765,48814,3266179,0,0,52640,3375494,43816,1593857,54185,4969351,
All CA and Non-CA Counties,2021-02-15,144928,6700872,63986,3353751,80942,3347121,0,0,80021,3394124,64518,1658375,83148,5052499,
All CA and Non-CA Counties,2021-02-16,255286,6956158,121027,3474778,134259,3481380,0,0,135710,3413747,119186,1777561,138809,5191308,
All CA and Non-CA Counties,2021-02-17,264853,7221011,131814,3606592,133039,3614419,0,0,130823,3414303,133481,1911042,134037,5325345,
All CA and Non-CA Counties,2021-02-18,279180,7500191,145976,3752568,133204,3747623,0,0,133985,3408033,144474,2055516,138204,5463549,
All CA and Non-CA Counties,2021-02-19,258982,7759173,150876,3903444,108106,3855729,0,0,133165,3417969,125317,2180833,135253,5598802,
All CA and Non-CA Counties,2021-02-20,156892,7916065,101019,4004463,55873,3911602,0,0,85814,3434952,70813,2251646,87796,5686598,
All CA and Non-CA Counties,2021-02-21,85425,8001490,70976,4075439,14449,3926051,0,0,42504,3436327,42674,2294320,44049,5730647,
All CA and Non-CA Counties,2021-02-22,168174,8169664,112879,4188318,55295,3981346,0,0,84120,3438442,83732,2378052,85847,5816494,
All CA and Non-CA Counties,2021-02-23,232175,8401839,123135,4311453,109040,4090386,0,0,107718,3428308,123853,2501905,113719,5930213,
All CA and Non-CA Counties,2021-02-24,290190,8692029,147097,4458550,143093,4233479,0,0,137240,3420773,152318,2654223,144783,6074996,
All CA and Non-CA Counties,2021-02-25,329471,9021500,162730,4621280,166741,4400220,0,0,172121,3444818,156630,2810853,180675,6255671,
All CA and Non-CA Counties,2021-02-26,363740,9385240,170025,4791305,193715,4593935,0,0,201858,3493065,160886,2971739,209133,6464804,
All CA and Non-CA Counties,2021-02-27,258882,9644122,126076,4917381,132783,4726718,23,23,146001,3531256,112248,3083987,150439,6615243,
All CA and Non-CA Counties,2021-02-28,137497,9781619,82767,5000148,54722,4781440,8,31,80368,3557775,56697,3140684,83216,6698459,
All CA and Non-CA Counties,2021-03-01,248628,10030247,133215,5133363,115309,4896749,104,135,141987,3598007,105869,3246553,146101,6844560,
All CA and Non-CA Counties,2021-03-02,295846,10326093,148750,5282113,147070,5043819,26,161,176526,3662662,118789,3365342,183444,7028004,
All CA and Non-CA Counties,2021-03-03,340117,10666210,167960,5450073,172098,5215917,59,220,194076,3718753,145335,3510677,201426,7229430,
All CA and Non-CA Counties,2021-03-04,358231,11024441,180876,5630949,177258,5393175,97,317,208674,3785763,148790,3659467,215800,7445230,
All CA and Non-CA Counties,2021-03-05,344921,11369362,169800,5800749,173984,5567159,1137,1454,214254,3878579,129846,3789313,222662,7667892,
All CA and Non-CA Counties,2021-03-06,264190,11633552,135425,5936174,120756,5687915,8009,9463,163852,3955233,99919,3889232,176573,7844465,
All CA and Non-CA Counties,2021-03-07,129420,11762972,79578,6015752,45636,5733551,4206,13669,81073,3996032,48159,3937391,88958,7933423,
All CA and Non-CA Counties,2021-03-08,222310,11985282,108254,6124006,103323,5836874,10733,24402,145732,4081305,76165,4013556,161438,8094861,
All CA and Non-CA Counties,2021-03-09,296206,12281488,141807,6265813,138172,5975046,16227,40629,166445,4138755,129269,4142825,186719,8281580,
All CA and Non-CA Counties,2021-03-10,326976,12608464,163068,6428881,138949,6113995,24959,65588,177679,4196934,148632,4291457,206811,8488391,
All CA and Non-CA Counties,2021-03-11,382635,12991099,185123,6614004,163517,6277512,33995,99583,196809,4247059,184891,4476348,235016,8723407,
All CA and Non-CA Counties,2021-03-12,401597,13392696,180548,6794552,174033,6451545,47016,146599,197610,4292690,203178,4679526,248809,8972216,
All CA and Non-CA Counties,2021-03-13,287139,13679835,127087,6921639,128463,6580008,31589,178188,155653,4353156,131024,4810550,191490,9163706,
All CA and Non-CA Counties,2021-03-14,156736,13836571,84221,7005860,57082,6637090,15433,193621,79542,4373484,76907,4887457,97235,9260941,
All CA and Non-CA Counties,2021-03-15,294615,14131186,140982,7146842,132619,6769709,21014,214635,160228,4424461,133641,5021098,184618,9445559,
All CA and Non-CA Counties,2021-03-16,377738,14508924,178286,7325128,181762,6951471,17690,232325,218814,4505977,158185,5179283,239701,9685260,
All CA and Non-CA Counties,2021-03-17,392039,14900963,195189,7520317,177926,7129397,18924,251249,242624,4621452,148588,5327871,264063,9949323,
All CA and Non-CA Counties,2021-03-18,409017,15309980,210411,7730728,180077,7309474,18529,269778,242431,4719004,165482,5493353,263034,10212357,
All CA and Non-CA Counties,2021-03-19,418037,15728017,220279,7951007,175604,7485078,22154,291932,242667,4811403,174392,5667745,266791,10479148,
All CA and Non-CA Counties,2021-03-20,299562,16027579,158203,8109210,125404,7610482,15955,307887,189787,4909479,109106,5776851,207182,10686330,
All CA and Non-CA Counties,2021-03-21,145819,16173398,100800,8210010,37404,7647886,7615,315502,89958,4952911,55496,5832347,98928,10785258,
All CA and Non-CA Counties,2021-03-22,276450,16449848,161012,8371022,104134,7752020,11304,326806,179740,5051040,95921,5928268,194050,10979308,
All CA and Non-CA Counties,2021-03-23,363258,16813106,199699,8570721,152182,7904202,11377,338183,223461,5149595,138865,6067133,237420,11216728,
All CA and Non-CA Counties,2021-03-24,394763,17207869,225669,8796390,156162,8060364,12932,351115,230797,5232693,162722,6229855,245820,11462548,
All CA and Non-CA Counties,2021-03-25,425976,17633845,234046,9030436,176576,8236940,15354,366469,242850,5311255,181801,6411656,260363,11722911,
All CA and Non-CA Counties,2021-03-26,441575,18075420,236225,9266661,189096,8426036,16254,382723,239211,5368427,201135,6612791,258307,11981218,
All CA and Non-CA Counties,2021-03-27,318076,18393496,169358,9436019,136728,8562764,11990,394713,161115,5387634,156142,6768933,175349,12156567,
All CA and Non-CA Counties,2021-03-28,172409,18565905,110680,9546699,57984,8620748,3745,398458,90722,5402790,81229,6850162,96385,12252952,
All CA and Non-CA Counties,2021-03-29,315337,18881242,169275,9715974,136671,8757419,9391,407849,175554,5451222,139008,6989170,187440,12440392,
All CA and Non-CA Counties,2021-03-30,405135,19286377,205452,9921426,180910,8938329,18773,426622,228274,5523984,176056,7165226,248818,12689210,
All CA and Non-CA Counties,2021-03-31,432506,19718883,235734,10157160,174325,9112654,22447,449069,241661,5599294,189816,7355042,265126,12954336,
All CA and Non-CA Counties,2021-04-01,499066,20217949,256293,10413453,201875,9314529,40898,489967,275905,5695413,221821,7576863,317940,13272276,
All CA and Non-CA Counties,2021-04-02,482016,20699965,235440,10648893,202267,9516796,44309,534276,261798,5784153,218979,7795842,307719,13579995,
All CA and Non-CA Counties,2021-04-03,335578,21035543,171453,10820346,121530,9638326,42595,576871,167519,5827979,167410,7963252,211236,13791231,
All CA and Non-CA Counties,2021-04-04,134219,21169762,69976,10890322,44993,9683319,19250,596121,59068,5831591,74847,8038099,78459,13869690,
All CA and Non-CA Counties,2021-04-05,357178,21526940,183999,11074321,132832,9816151,40347,636468,176014,5869894,180473,8218572,218776,14088466,
All CA and Non-CA Counties,2021-04-06,464158,21991098,235457,11309778,161633,9977784,67068,703536,224616,5924881,238591,8457163,293578,14382044,
All CA and Non-CA Counties,2021-04-07,479900,22470998,249393,11559171,158917,10136701,71590,775126,233219,5984968,245722,8702885,305809,14687853,
All CA and Non-CA Counties,2021-04-08,507407,22978405,255987,11815158,165197,10301898,86223,861349,238494,6044175,267735,8970620,326942,15014795,
All CA and Non-CA Counties,2021-04-09,501565,23479970,250157,12065315,169784,10471682,81624,942973,230751,6089874,269741,9240361,315440,15330235,
All CA and Non-CA Counties,2021-04-10,372905,23852875,170862,12236177,126024,10597706,76019,1018992,155779,6107954,216370,9456731,234450,15564685,
All CA and Non-CA Counties,2021-04-11,190201,24043076,106705,12342882,48783,10646489,34713,1053705,78543,6112730,111312,9568043,116088,15680773,
All CA and Non-CA Counties,2021-04-12,343299,24386375,176344,12519226,128346,10774835,38609,1092314,159034,6130646,183299,9751342,201215,15881988,
All CA and Non-CA Counties,2021-04-13,437297,24823672,245102,12764328,191230,10966065,965,1093279,244197,6186732,192106,9943448,248192,16130180,
All CA and Non-CA Counties,2021-04-14,455546,25279218,255743,13020071,199514,11165579,289,1093568,238068,6213389,216315,10159763,242972,16373152,
All CA and Non-CA Counties,2021-04-15,496298,25775516,289336,13309407,206715,11372294,247,1093815,278325,6278354,216515,10376278,281480,16654632,
All CA and Non-CA Counties,2021-04-16,479968,26255484,270143,13579550,209512,11581806,313,1094128,256295,6314914,222472,10598750,259032,16913664,
All CA and Non-CA Counties,2021-04-17,346206,26601690,194233,13773783,151929,11733735,44,1094172,196814,6366348,148567,10747317,200001,17113665,
All CA and Non-CA Counties,2021-04-18,156397,26758087,99154,13872937,57225,11790960,18,1094190,80403,6374184,75591,10822908,83427,17197092,
All CA and Non-CA Counties,2021-04-19,321216,27079303,185055,14057992,136071,11927031,90,1094280,152131,6360089,168198,10991106,154103,17351195,
All CA and Non-CA Counties,2021-04-20,411734,27491037,218594,14276586,193070,12120101,70,1094350,204723,6361980,205987,11197093,207878,17559073,
All CA and Non-CA Counties,2021-04-21,425884,27916921,240389,14516975,185228,12305329,267,1094617,203947,6348771,220527,11417620,207318,17766391,
All CA and Non-CA Counties,2021-04-22,452503,28369424,257435,14774410,194988,12500317,80,1094697,201510,6303924,249631,11667251,204784,17971175,
All CA and Non-CA Counties,2021-04-23,442924,28812348,251905,15026315,190930,12691247,89,1094786,200283,6266362,241245,11908496,203683,18174858,
All CA and Non-CA Counties,2021-04-24,329219,29141567,207393,15233708,121649,12812896,177,1094963,166829,6275182,161437,12069933,170257,18345115,
All CA and Non-CA Counties,2021-04-25,151565,29293132,99725,15333433,51772,12864668,68,1095031,81535,6288642,69581,12139514,83041,18428156,
All CA and Non-CA Counties,2021-04-26,289927,29583059,168151,15501584,120239,12984907,1537,1096568,126443,6258494,162530,12302044,132382,18560538,
All CA and Non-CA Counties,2021-04-27,363669,29946728,200446,15702030,156869,13141776,6354,1102922,146252,6197958,216305,12518349,155769,18716307,
All CA and Non-CA Counties,2021-04-28,355356,30302084,203138,15905168,143983,13285759,8235,1111157,146208,6146628,208081,12726430,156751,18873058,
All CA and Non-CA Counties,2021-04-29,364685,30666769,209503,16114671,146892,13432651,8290,1119447,133481,6060183,230054,12956484,143609,19016667,
All CA and Non-CA Counties,2021-04-30,376559,31043328,215438,16330109,151846,13584497,9275,1128722,142258,5980604,233057,13189541,153478,19170145,
All CA and Non-CA Counties,2021-05-01,250027,31293355,159668,16489777,83900,13668397,6459,1135181,90772,5921594,158453,13347994,99443,19269588,
All CA and Non-CA Counties,2021-05-02,118616,31411971,82682,16572459,31944,13700341,3990,1139171,41725,5891183,76503,13424497,46092,19315680,
All CA and Non-CA Counties,2021-05-03,254138,31666109,156389,16728848,88809,13789150,8940,1148111,77345,5802343,175979,13600476,87139,19402819,
All CA and Non-CA Counties,2021-05-04,328877,31994986,200178,16929026,118532,13907682,10167,1158278,97446,5680723,230388,13830864,108768,19511587,
All CA and Non-CA Counties,2021-05-05,332922,32327908,206428,17135454,116142,14023824,10352,1168630,94209,5548740,237522,14068386,105539,19617126,
All CA and Non-CA Counties,2021-05-06,351359,32679267,228830,17364284,111690,14135514,10839,1179469,89913,5392108,259885,14328271,103253,19720379,
All CA and Non-CA Counties,2021-05-07,348784,33028051,218246,17582530,120343,14255857,10195,1189664,95259,5246588,252194,14580465,106674,19827053,
All CA and Non-CA Counties,2021-05-08,226507,33254558,143832,17726362,75755,14331612,6920,1196584,62655,5154648,162952,14743417,71012,19898065,
All CA and Non-CA Counties,2021-05-09,94418,33348976,70956,17797318,20363,14351975,3099,1199683,26052,5116197,68039,14811456,29588,19927653,
All CA and Non-CA Counties,2021-05-10,202872,33551848,115176,17912494,79633,14431608,8063,1207746,50756,5024961,151331,14962787,60095,19987748,
All CA and Non-CA Counties,2021-05-11,261275,33813123,145953,18058447,106927,14538535,8395,1216141,69129,4912886,191254,15154041,79179,20066927,
All CA and Non-CA Counties,2021-05-12,254871,34067994,145917,18204364,100313,14638848,8641,1224782,69940,4808552,183965,15338006,79631,20146558,
All CA and Non-CA Counties,2021-05-13,292520,34360514,187418,18391782,97879,14736727,7223,1232005,109215,4745248,182255,15520261,118951,20265509,
All CA and Non-CA Counties,2021-05-14,335242,34695756,214087,18605869,112201,14848928,8954,1240959,132494,4687193,201600,15721861,143545,20409054,
All CA and Non-CA Counties,2021-05-15,276074,34971830,192678,18798547,77386,14926314,6010,1246969,113455,4645819,161802,15883663,120428,20529482,
All CA and Non-CA Counties,2021-05-16,136930,35108760,104726,18903273,29218,14955532,2986,1249955,55613,4623932,80881,15964544,58994,20588476,
All CA and Non-CA Counties,2021-05-17,240048,35348808,157852,19061125,74652,15030184,7544,1257499,99451,4592059,139744,16104288,107871,20696347,
All CA and Non-CA Counties,2021-05-18,280685,35629493,171068,19232193,101976,15132160,7641,1265140,113430,4548403,166150,16270438,122494,20818841,
All CA and Non-CA Counties,2021-05-19,275457,35904950,171745,19403938,95967,15228127,7745,1272885,116332,4515478,158114,16428552,125189,20944030,
All CA and Non-CA Counties,2021-05-20,225367,36130317,134936,19538874,82901,15311028,7530,1280415,88415,4476689,136007,16564559,97218,21041248,
All CA and Non-CA Counties,2021-05-21,242947,36373264,150433,19689307,85168,15396196,7346,1287761,95288,4433684,146624,16711183,103619,21144867,
All CA and Non-CA Counties,2021-05-22,169597,36542861,114724,19804031,49236,15445432,5637,1293398,75079,4421362,93914,16805097,81592,21226459,
All CA and Non-CA Counties,2021-05-23,62739,36605600,47141,19851172,13405,15458837,2193,1295591,29358,4420038,33100,16838197,31776,21258235,
All CA and Non-CA Counties,2021-05-24,168018,36773618,97500,19948672,62019,15520856,8499,1304090,65559,4393234,101700,16939897,74896,21333131,
All CA and Non-CA Counties,2021-05-25,189668,36963286,111464,20060136,70023,15590879,8181,1312271,74329,4362481,114373,17054270,83620,21416751,
All CA and Non-CA Counties,2021-05-26,183173,37146459,105094,20165230,70096,15660975,7983,1320254,72761,4334732,109370,17163640,81621,21498372,
All CA and Non-CA Counties,2021-05-27,171883,37318342,98125,20263355,65058,15726033,8700,1328954,70702,4314906,100393,17264033,80567,21578939,
All CA and Non-CA Counties,2021-05-28,187931,37506273,108597,20371952,72051,15798084,7283,1336237,82111,4300640,104935,17368968,90669,21669608,
All CA and Non-CA Counties,2021-05-29,107186,37613459,65795,20437747,37299,15835383,4092,1340329,51450,4301538,55221,17424189,56119,21725727,
All CA and Non-CA Counties,2021-05-30,47615,37661074,31410,20469157,13641,15849024,2564,1342893,21537,4300052,25859,17450048,24373,21750100,
All CA and Non-CA Counties,2021-05-31,20151,37681225,11859,20481016,7285,15856309,1007,1343900,6761,4294700,13256,17463304,7904,21758004,
All CA and Non-CA Counties,2021-06-01,168256,37849481,98396,20579412,62655,15918964,7205,1351105,64368,4264321,102970,17566274,72591,21830595,
All CA and Non-CA Counties,2021-06-02,141838,37991319,83983,20663395,50546,15969510,7309,1358414,58034,4247489,82963,17649237,66131,21896726,
All CA and Non-CA Counties,2021-06-03,165761,38157080,113770,20777165,44997,16014507,6994,1365408,58203,4206982,106812,17756049,66305,21963031,
All CA and Non-CA Counties,2021-06-04,187023,38344103,132888,20910053,48264,16062771,5871,1371279,59638,4147961,126509,17882558,67488,22030519,
All CA and Non-CA Counties,2021-06-05,85824,38429927,68489,20978542,14100,16076871,3235,1374514,20759,4107828,64784,17947342,24651,22055170,
Outside California,2020-12-15,7,7,7,7,0,0,0,0,7,7,0,0,7,7,Not in California
Outside California,2020-12-16,273,280,273,280,0,0,0,0,273,280,0,0,273,280,Not in California
Outside California,2020-12-17,1605,1885,1605,1885,0,0,0,0,1605,1885,0,0,1605,1885,Not in California
Outside California,2020-12-18,2554,4439,2547,4432,7,7,0,0,2554,4439,0,0,2554,4439,Not in California
Outside California,2020-12-19,1036,5475,1035,5467,1,8,0,0,1036,5475,0,0,1036,5475,Not in California
Outside California,2020-12-20,680,6155,677,6144,3,11,0,0,680,6155,0,0,680,6155,Not in California
Outside California,2020-12-21,2182,8337,2179,8323,3,14,0,0,2182,8337,0,0,2182,8337,Not in California
Outside California,2020-12-22,2083,10420,2008,10331,75,89,0,0,2083,10420,0,0,2083,10420,Not in California
Outside California,2020-12-23,1532,11952,1390,11721,142,231,0,0,1531,11950,1,1,1531,11951,Not in California
Outside California,2020-12-24,804,12756,611,12332,193,424,0,0,804,12754,0,1,804,12755,Not in California
Outside California,2020-12-25,35,12791,30,12362,5,429,0,0,35,12789,0,1,35,12790,Not in California
Outside California,2020-12-26,306,13097,204,12566,102,531,0,0,306,13095,0,1,306,13096,Not in California
Outside California,2020-12-27,188,13285,72,12638,116,647,0,0,188,13283,0,1,188,13284,Not in California
Outside California,2020-12-28,1409,14694,895,13533,514,1161,0,0,1409,14692,0,1,1409,14693,Not in California
Outside California,2020-12-29,1522,16216,1010,14543,512,1673,0,0,1522,16214,0,1,1522,16215,Not in California
Outside California,2020-12-30,1877,18093,1227,15770,650,2323,0,0,1877,18091,0,1,1877,18092,Not in California
Outside California,2020-12-31,1091,19184,601,16371,490,2813,0,0,1090,19180,1,2,1090,19182,Not in California
Outside California,2021-01-01,112,19296,25,16396,87,2900,0,0,112,19292,0,2,112,19294,Not in California
Outside California,2021-01-02,240,19536,133,16529,107,3007,0,0,239,19530,1,3,239,19533,Not in California
Outside California,2021-01-03,172,19708,91,16620,81,3088,0,0,172,19702,0,3,172,19705,Not in California
Outside California,2021-01-04,1148,20856,508,17128,640,3728,0,0,1143,20844,1,4,1143,20848,Not in California
Outside California,2021-01-05,1542,22398,816,17944,726,4454,0,0,1350,22005,190,194,1351,22199,Not in California
Outside California,2021-01-06,2699,25097,1594,19538,1105,5559,0,0,1958,23225,738,932,1958,24157,Not in California
Outside California,2021-01-07,4134,29231,2530,22068,1604,7163,0,0,2475,24045,1657,2589,2477,26634,Not in California
Outside California,2021-01-08,4490,33721,2914,24982,1576,8739,0,0,2616,24800,1864,4453,2619,29253,Not in California
Outside California,2021-01-09,1307,35028,530,25512,777,9516,0,0,979,25454,327,4780,981,30234,Not in California
Outside California,2021-01-10,299,35327,182,25694,117,9633,0,0,178,25511,121,4901,178,30412,Not in California
Outside California,2021-01-11,3288,38615,2004,27698,1284,10917,0,0,1955,26133,1333,6234,1955,32367,Not in California
Outside California,2021-01-12,3866,42481,2316,30014,1550,12467,0,0,2309,26892,1553,7787,2312,34679,Not in California
Outside California,2021-01-13,3669,46150,1801,31815,1868,14335,0,0,2486,28198,1183,8970,2489,37168,Not in California
Outside California,2021-01-14,3708,49858,1277,33092,2431,16766,0,0,3066,30637,629,9599,3068,40236,Not in California
Outside California,2021-01-15,4202,54060,998,34090,3204,19970,0,0,3732,33912,457,10056,3732,43968,Not in California
Outside California,2021-01-16,2690,56750,387,34477,2303,22273,0,0,2514,36252,174,10230,2514,46482,Not in California
Outside California,2021-01-17,500,57250,153,34630,347,22620,0,0,450,36652,50,10280,450,46932,Not in California
Outside California,2021-01-18,1201,58451,770,35400,431,23051,0,0,747,36946,453,10733,747,47679,Not in California
Outside California,2021-01-19,4062,62513,1321,36721,2741,25792,0,0,3175,39237,887,11620,3178,50857,Not in California
Outside California,2021-01-20,4404,66917,1410,38131,2994,28786,0,0,3466,41770,934,12554,3467,54324,Not in California
Outside California,2021-01-21,4101,71018,1131,39262,2970,31756,0,0,3538,44760,548,13102,3538,57862,Not in California
Outside California,2021-01-22,4555,75573,1098,40360,3457,35213,0,0,4150,48511,401,13503,4152,62014,Not in California
Outside California,2021-01-23,2223,77796,337,40697,1886,37099,0,0,2062,50412,161,13664,2062,64076,Not in California
Outside California,2021-01-24,592,78388,238,40935,354,37453,0,0,514,50848,78,13742,514,64590,Not in California
Outside California,2021-01-25,4399,82787,1896,42831,2503,39956,0,0,3533,53519,863,14605,3534,68124,Not in California
Outside California,2021-01-26,5762,88549,2766,45597,2996,42952,0,0,4914,57593,847,15452,4921,73045,Not in California
Outside California,2021-01-27,4801,93350,2494,48091,2307,45259,0,0,4176,61150,621,16073,4178,77223,Not in California
Outside California,2021-01-28,5041,98391,2685,50776,2356,47615,0,0,4512,65143,519,16592,4512,81735,Not in California
Outside California,2021-01-29,4726,103117,2916,53692,1810,49425,0,0,3937,68299,782,17374,3938,85673,Not in California
Outside California,2021-01-30,4293,107410,2280,55972,2013,51438,0,0,4062,72133,229,17603,4063,89736,Not in California
Outside California,2021-01-31,2888,110298,2482,58454,406,51844,0,0,2834,74915,53,17656,2835,92571,Not in California
Outside California,2021-02-01,5348,115646,2470,60924,2878,54722,0,0,4642,78859,698,18354,4642,97213,Not in California
Outside California,2021-02-02,6613,122259,2067,62991,4546,59268,0,0,5897,84047,709,19063,5897,103110,Not in California
Outside California,2021-02-03,7218,129477,1990,64981,5228,64496,0,0,6348,89533,863,19926,6349,109459,Not in California
Outside California,2021-02-04,6671,136148,2058,67039,4613,69109,0,0,5675,94222,987,20913,5676,115135,Not in California
Outside California,2021-02-05,6666,142814,2098,69137,4568,73677,0,0,5591,98743,1070,21983,5591,120726,Not in California
Outside California,2021-02-06,4237,147051,1972,71109,2265,75942,0,0,3772,102062,456,22439,3775,124501,Not in California
Outside California,2021-02-07,2028,149079,1641,72750,387,76329,0,0,1950,103936,78,22517,1952,126453,Not in California
Outside California,2021-02-08,4936,154015,2974,75724,1962,78291,0,0,3875,106761,1050,23567,3875,130328,Not in California
Outside California,2021-02-09,4116,158131,1763,77487,2353,80644,0,0,2816,108301,1290,24857,2830,133158,Not in California
Outside California,2021-02-10,5465,163596,1811,79298,3654,84298,0,0,3032,108949,2425,27282,3073,136231,Not in California
Outside California,2021-02-11,4707,168303,2132,81430,2575,86873,0,0,3400,111070,1297,28579,3418,139649,Not in California
Outside California,2021-02-12,5197,173500,1903,83333,3294,90167,0,0,3370,112630,1814,30393,3374,143023,Not in California
Outside California,2021-02-13,2365,175865,685,84018,1680,91847,0,0,1811,113900,553,30946,1823,144846,Not in California
Outside California,2021-02-14,1309,177174,387,84405,922,92769,0,0,1069,114735,236,31182,1071,145917,Not in California
Outside California,2021-02-15,2468,179642,1466,85871,1002,93771,0,0,1204,114691,1251,32433,1207,147124,Not in California
Outside California,2021-02-16,6277,185919,2750,88621,3527,97298,0,0,2542,113513,3724,36157,2546,149670,Not in California
Outside California,2021-02-17,5742,191661,2791,91412,2951,100249,0,0,1817,111415,3920,40077,1822,151492,Not in California
Outside California,2021-02-18,6216,197877,3524,94936,2692,102941,0,0,2043,109303,4155,44232,2043,153535,Not in California
Outside California,2021-02-19,5511,203388,3770,98706,1741,104682,0,0,2390,108579,3116,47348,2392,155927,Not in California
Outside California,2021-02-20,3174,206562,2524,101230,650,105332,0,0,1239,107888,1931,49279,1240,157167,Not in California
Outside California,2021-02-21,2571,209133,2354,103584,217,105549,0,0,843,107008,1723,51002,843,158010,Not in California
Outside California,2021-02-22,3374,212507,2438,106022,936,106485,0,0,1627,106895,1744,52746,1631,159641,Not in California
Outside California,2021-02-23,5877,218384,3271,109293,2606,109091,0,0,2331,105701,3539,56285,2345,161986,Not in California
Outside California,2021-02-24,6279,224663,3447,112740,2832,111923,0,0,2450,104333,3823,60108,2455,164441,Not in California
Outside California,2021-02-25,6766,231429,3410,116150,3356,115279,0,0,3062,103724,3675,63783,3066,167507,Not in California
Outside California,2021-02-26,6700,238129,3502,119652,3198,118477,0,0,3084,103273,3536,67319,3085,170592,Not in California
Outside California,2021-02-27,5332,243461,2620,122272,2711,121188,1,1,1878,101712,3443,70762,1882,172474,Not in California
Outside California,2021-02-28,2272,245733,1619,123891,652,121840,1,2,795,101034,1475,72237,797,173271,Not in California
Outside California,2021-03-01,4643,250376,2854,126745,1788,123628,1,3,1346,99097,3289,75526,1352,174623,Not in California
Outside California,2021-03-02,6583,256959,2368,129113,4215,127843,0,3,2055,96638,4516,80042,2057,176680,Not in California
Outside California,2021-03-03,7794,264753,3001,132114,4791,132634,2,5,2665,94194,5115,85157,2671,179351,Not in California
Outside California,2021-03-04,6697,271450,2796,134910,3895,136529,6,11,2308,92137,4373,89530,2316,181667,Not in California
Outside California,2021-03-05,5221,276671,2616,137526,2591,139120,14,25,2719,92387,2491,92021,2741,184408,Not in California
Outside California,2021-03-06,4564,281235,2101,139627,2308,141428,155,180,2326,92641,2236,94257,2490,186898,Not in California
Outside California,2021-03-07,1559,282794,999,140626,504,141932,56,236,955,93051,603,94860,1013,187911,Not in California
Outside California,2021-03-08,3082,285876,1833,142459,1013,142945,236,472,2192,94625,861,95721,2435,190346,Not in California
Outside California,2021-03-09,4665,290541,2403,144862,1960,144905,302,774,2773,95812,1888,97609,3075,193421,Not in California
Outside California,2021-03-10,4361,294902,2093,146955,1766,146671,502,1276,2706,97381,1646,99255,3215,196636,Not in California
Outside California,2021-03-11,6107,301009,3129,150084,2313,148984,665,1941,3299,98544,2802,102057,3965,200601,Not in California
Outside California,2021-03-12,6417,307426,3870,153954,1828,150812,719,2660,3565,99985,2844,104901,4285,204886,Not in California
Outside California,2021-03-13,3737,311163,2178,156132,1104,151916,455,3115,2561,101835,1168,106069,3018,207904,Not in California
Outside California,2021-03-14,1792,312955,930,157062,524,152440,338,3453,982,102346,810,106879,1321,209225,Not in California
Outside California,2021-03-15,4016,316971,2110,159172,1446,153886,460,3913,2148,103095,1863,108742,2612,211837,Not in California
Outside California,2021-03-16,7502,324473,4370,163542,2748,156634,384,4297,4175,104327,3324,112066,4556,216393,Not in California
Outside California,2021-03-17,8395,332868,5445,168987,2579,159213,371,4668,5052,106412,3339,115405,5424,221817,Not in California
Outside California,2021-03-18,8295,341163,5126,174113,2631,161844,538,5206,4803,108269,3484,118889,5341,227158,Not in California
Outside California,2021-03-19,7313,348476,4336,178449,2432,164276,545,5751,4384,110278,2924,121813,4933,232091,Not in California
Outside California,2021-03-20,4741,353217,3133,181582,1521,165797,87,5838,3633,112898,1101,122914,3721,235812,Not in California
Outside California,2021-03-21,2070,355287,1425,183007,558,166355,87,5925,1656,114229,412,123326,1743,237555,Not in California
Outside California,2021-03-22,3245,358532,1957,184964,1200,167555,88,6013,2228,115534,1011,124337,2316,239871,Not in California
Outside California,2021-03-23,6059,364591,3087,188051,2669,170224,303,6316,4112,118016,1933,126270,4415,244286,Not in California
Outside California,2021-03-24,7325,371916,3760,191811,3117,173341,448,6764,5061,121266,2257,128527,5507,249793,Not in California
Outside California,2021-03-25,8270,380186,3846,195657,3900,177241,524,7288,6023,125578,2235,130762,6547,256340,Not in California
Outside California,2021-03-26,6649,386835,3520,199177,2956,180197,173,7461,4392,127910,2232,132994,4564,260904,Not in California
Outside California,2021-03-27,5530,392365,3112,202289,2205,182402,213,7674,3476,129553,2045,135039,3688,264592,Not in California
Outside California,2021-03-28,3076,395441,1648,203937,1267,183669,161,7835,1989,130621,1082,136121,2150,266742,Not in California
Outside California,2021-03-29,5153,400594,2289,206226,2520,186189,344,8179,2941,131697,2209,138330,3285,270027,Not in California
Outside California,2021-03-30,6862,407456,3614,209840,2684,188873,564,8743,4053,133522,2799,141129,4624,274651,Not in California
Outside California,2021-03-31,6330,413786,3782,213622,1770,190643,778,9521,3359,134691,2965,144094,4134,278785,Not in California
Outside California,2021-04-01,7489,421275,4476,218098,2368,193011,645,10166,4321,136488,3160,147254,4957,283742,Not in California
Outside California,2021-04-02,8471,429746,4524,222622,2804,195815,1143,11309,4389,137945,4073,151327,5530,289272,Not in California
Outside California,2021-04-03,6144,435890,3651,226273,1336,197151,1157,12466,3223,139411,2913,154240,4379,293651,Not in California
Outside California,2021-04-04,1775,437665,873,227146,668,197819,234,12700,972,139813,802,155042,1204,294855,Not in California
Outside California,2021-04-05,4103,441768,1983,229129,1455,199274,665,13365,1952,140283,2146,157188,2616,297471,Not in California
Outside California,2021-04-06,7153,448921,3852,232981,1662,200936,1639,15004,2870,140521,4267,161455,4505,301976,Not in California
Outside California,2021-04-07,8198,457119,4613,237594,1888,202824,1697,16701,3181,140380,5010,166465,4869,306845,Not in California
Outside California,2021-04-08,8130,465249,4221,241815,1969,204793,1940,18641,3177,140542,4943,171408,5105,311950,Not in California
Outside California,2021-04-09,7449,472698,3829,245644,1699,206492,1921,20562,2864,140752,4576,175984,4786,316736,Not in California
Outside California,2021-04-10,6136,478834,3035,248679,1241,207733,1860,22422,1723,139922,4404,180388,3574,320310,Not in California
Outside California,2021-04-11,2829,481663,1542,250221,650,208383,637,23059,951,139635,1875,182263,1588,321898,Not in California
Outside California,2021-04-12,4075,485738,2270,252491,1258,209641,547,23606,1792,139700,2275,184538,2340,324238,Not in California
Outside California,2021-04-13,5757,491495,3685,256176,2047,211688,25,23631,2957,139888,2794,187332,2982,327220,Not in California
Outside California,2021-04-14,5302,496797,3361,259537,1937,213625,4,23635,2879,140355,2418,189750,2885,330105,Not in California
Outside California,2021-04-15,6116,502913,3860,263397,2250,215875,6,23641,3275,140849,2789,192539,3283,333388,Not in California
Outside California,2021-04-16,5832,508745,3340,266737,2486,218361,6,23647,3238,141511,2584,195123,3246,336634,Not in California
Outside California,2021-04-17,5384,514129,3351,270088,2032,220393,1,23648,3074,142283,2302,197425,3074,339708,Not in California
Outside California,2021-04-18,2099,516228,1170,271258,928,221321,1,23649,996,142184,1097,198522,998,340706,Not in California
Outside California,2021-04-19,4111,520339,1984,273242,2126,223447,1,23650,2108,142303,1993,200515,2112,342818,Not in California
Outside California,2021-04-20,5349,525688,2430,275672,2919,226366,0,23650,2184,141330,3157,203672,2184,345002,Not in California
Outside California,2021-04-21,6337,532025,2640,278312,3693,230059,4,23654,2240,139497,4077,207749,2244,347246,Not in California
Outside California,2021-04-22,6720,538745,3423,281735,3293,233352,4,23658,2429,137653,4279,212028,2435,349681,Not in California
Outside California,2021-04-23,5831,544576,2962,284697,2868,236220,1,23659,2363,136566,3453,215481,2366,352047,Not in California
Outside California,2021-04-24,4515,549091,2931,287628,1579,237799,5,23664,1780,135624,2730,218211,1788,353835,Not in California
Outside California,2021-04-25,2200,551291,1242,288870,956,238755,2,23666,1162,135757,1034,219245,1167,355002,Not in California
Outside California,2021-04-26,3765,555056,1645,290515,2095,240850,25,23691,1690,135404,2068,221313,1715,356717,Not in California
Outside California,2021-04-27,5431,560487,1995,292510,3102,243952,334,24025,1886,134096,3536,224849,2228,358945,Not in California
Outside California,2021-04-28,4824,565311,2045,294555,2386,246338,393,24418,1879,133436,2933,227782,2273,361218,Not in California
Outside California,2021-04-29,4820,570131,2204,296759,2184,248522,432,24850,1808,132685,2991,230773,2240,363458,Not in California
Outside California,2021-04-30,4870,575001,2344,299103,2107,250629,419,25269,1825,131900,3032,233805,2247,365705,Not in California
Outside California,2021-05-01,3153,578154,1818,300921,908,251537,427,25696,1252,131688,1891,235696,1679,367384,Not in California
Outside California,2021-05-02,1853,580007,1077,301998,653,252190,123,25819,832,131624,1019,236715,955,368339,Not in California
Outside California,2021-05-03,2850,582857,1556,303554,1016,253206,278,26097,1107,131270,1739,238454,1385,369724,Not in California
Outside California,2021-05-04,3905,586762,2092,305646,1372,254578,441,26538,1306,130422,2593,241047,1745,371469,Not in California
Outside California,2021-05-05,4228,590990,2292,307938,1569,256147,367,26905,1482,129537,2737,243784,1852,373321,Not in California
Outside California,2021-05-06,4296,595286,2576,310514,1385,257532,335,27240,1504,128590,2786,246570,1839,375160,Not in California
Outside California,2021-05-07,4607,599893,2591,313105,1630,259162,386,27626,1653,127688,2941,249511,2039,377199,Not in California
Outside California,2021-05-08,3331,603224,2208,315313,878,260040,245,27871,1202,127016,2120,251631,1448,378647,Not in California
Outside California,2021-05-09,1361,604585,903,316216,335,260375,123,27994,589,126959,768,252399,711,379358,Not in California
Outside California,2021-05-10,2603,607188,1176,317392,1102,261477,325,28319,997,126683,1600,253999,1324,380682,Not in California
Outside California,2021-05-11,2814,610002,1310,318702,1222,262699,282,28601,1071,126297,1742,255741,1356,382038,Not in California
Outside California,2021-05-12,2859,612861,1306,320008,1255,263954,298,28899,1092,125924,1762,257503,1389,383427,Not in California
Outside California,2021-05-13,2747,615608,1559,321567,987,264941,201,29100,1212,125806,1530,259033,1412,384839,Not in California
Outside California,2021-05-14,3523,619131,1978,323545,1308,266249,237,29337,1616,125761,1900,260933,1855,386694,Not in California
Outside California,2021-05-15,2628,621759,1543,325088,942,267191,143,29480,1153,125589,1471,262404,1299,387993,Not in California
Outside California,2021-05-16,1620,623379,1032,326120,519,267710,69,29549,742,125526,875,263279,812,388805,Not in California
Outside California,2021-05-17,3054,626433,1625,327745,1197,268907,232,29781,1396,125501,1654,264933,1629,390434,Not in California
Outside California,2021-05-18,3208,629641,1622,329367,1273,270180,313,30094,1495,125610,1701,266634,1810,392244,Not in California
Outside California,2021-05-19,3316,632957,1676,331043,1373,271553,267,30361,1495,125557,1815,268449,1762,394006,Not in California
Outside California,2021-05-20,2120,635077,1198,332241,725,272278,197,30558,1006,125655,1107,269556,1205,395211,Not in California
Outside California,2021-05-21,2240,637317,1305,333546,715,272993,220,30778,1017,125677,1216,270772,1238,396449,Not in California
Outside California,2021-05-22,2030,639347,1466,335012,388,273381,176,30954,1236,126298,789,271561,1410,397859,Not in California
Outside California,2021-05-23,961,640308,725,335737,178,273559,58,31012,520,126436,441,272002,579,398438,Not in California
Outside California,2021-05-24,2422,642730,1186,336923,891,274450,345,31357,1141,126649,1273,273275,1486,399924,Not in California
Outside California,2021-05-25,2357,645087,1102,338025,928,275378,327,31684,1064,126755,1283,274558,1389,401313,Not in California
Outside California,2021-05-26,2342,647429,1078,339103,912,276290,352,32036,995,126763,1340,275898,1348,402661,Not in California
Outside California,2021-05-27,2169,649598,1091,340194,792,277082,286,32322,1023,126928,1143,277041,1308,403969,Not in California
Outside California,2021-05-28,2387,651985,1197,341391,841,277923,349,32671,1102,127102,1278,278319,1452,405421,Not in California
Outside California,2021-05-29,1675,653660,848,342239,471,278394,356,33027,735,127257,936,279255,1091,406512,Not in California
Outside California,2021-05-30,911,654571,558,342797,229,278623,124,33151,465,127404,443,279698,590,407102,Not in California
Outside California,2021-05-31,413,654984,180,342977,195,278818,38,33189,176,127394,225,279923,215,407317,Not in California
Outside California,2021-06-01,2088,657072,1096,344073,701,279519,291,33480,1059,127719,1026,280949,1351,408668,Not in California
Outside California,2021-06-02,2050,659122,1070,345143,648,280167,332,33812,1050,128106,995,281944,1382,410050,Not in California
Outside California,2021-06-03,2058,661180,1141,346284,621,280788,296,34108,1022,128394,1030,282974,1318,411368,Not in California
Outside California,2021-06-04,2387,663567,1344,347628,753,281541,290,34398,1006,128314,1376,284350,1296,412664,Not in California
Outside California,2021-06-05,904,664471,599,348227,194,281735,111,34509,310,128141,594,284944,421,413085,Not in California
Unknown,2020-12-17,2,2,2,2,0,0,0,0,0,0,0,0,0,0,Not in California
Unknown,2020-12-18,1,3,1,3,0,0,0,0,0,0,0,0,0,0,Not in California
Unknown,2020-12-21,4,7,4,7,0,0,0,0,0,0,0,0,0,0,Not in California
Unknown,2020-12-28,2,9,2,9,0,0,0,0,2,2,0,0,2,2,Not in California
Unknown,2020-12-29,1,10,1,10,0,0,0,0,1,3,0,0,1,3,Not in California
Unknown,2020-12-30,54,64,54,64,0,0,0,0,54,57,0,0,54,57,Not in California
Unknown,2020-12-31,1,65,0,64,1,1,0,0,0,57,0,0,0,57,Not in California
Unknown,2021-01-02,1,66,0,64,1,2,0,0,1,58,0,0,1,58,Not in California
Unknown,2021-01-04,2,68,2,66,0,2,0,0,1,59,0,0,1,59,Not in California
Unknown,2021-01-06,6,74,4,70,2,4,0,0,6,65,0,0,6,65,Not in California
Unknown,2021-01-07,69,143,68,138,1,5,0,0,69,134,0,0,69,134,Not in California
Unknown,2021-01-09,1,144,1,139,0,5,0,0,2,136,0,0,2,136,Not in California
Unknown,2021-01-11,19,163,19,158,0,5,0,0,18,154,0,0,18,154,Not in California
Unknown,2021-01-12,8,171,7,165,1,6,0,0,6,160,1,1,7,161,Not in California
Unknown,2021-01-13,7,178,7,172,0,6,0,0,8,168,0,1,8,169,Not in California
Unknown,2021-01-14,3,181,3,175,0,6,0,0,3,171,0,1,3,172,Not in California
Unknown,2021-01-15,5,186,4,179,1,7,0,0,5,176,0,1,5,177,Not in California
Unknown,2021-01-16,6,192,6,185,0,7,0,0,6,182,0,1,6,183,Not in California
Unknown,2021-01-17,1,193,1,186,0,7,0,0,1,183,0,1,1,184,Not in California
Unknown,2021-01-18,34,227,34,220,0,7,0,0,33,215,1,2,33,217,Not in California
Unknown,2021-01-19,13,240,13,233,0,7,0,0,12,227,0,2,12,229,Not in California
Unknown,2021-01-20,67,307,67,300,0,7,0,0,17,192,52,54,17,246,Not in California
Unknown,2021-01-21,38,345,36,336,2,9,0,0,39,230,1,55,39,285,Not in California
Unknown,2021-01-22,23,368,18,354,5,14,0,0,23,253,0,55,23,308,Not in California
Unknown,2021-01-23,11,379,5,359,6,20,0,0,11,264,0,55,11,319,Not in California
Unknown,2021-01-24,2,381,2,361,0,20,0,0,3,267,0,55,3,322,Not in California
Unknown,2021-01-25,13,394,11,372,2,22,0,0,11,276,2,57,11,333,Not in California
Unknown,2021-01-26,59,453,59,431,0,22,0,0,62,338,0,57,62,395,Not in California
Unknown,2021-01-27,13,466,13,444,0,22,0,0,12,349,1,58,12,407,Not in California
Unknown,2021-01-28,117,583,115,559,2,24,0,0,61,351,59,117,61,468,Not in California
Unknown,2021-01-29,127,710,127,686,0,24,0,0,131,481,1,118,131,599,Not in California
Unknown,2021-01-30,9,719,7,693,2,26,0,0,12,492,1,119,12,611,Not in California
Unknown,2021-01-31,10,729,10,703,0,26,0,0,11,503,0,119,11,622,Not in California
Unknown,2021-02-01,35,764,33,736,2,28,0,0,19,504,18,137,19,641,Not in California
Unknown,2021-02-02,42,806,41,777,1,29,0,0,37,537,4,141,37,678,Not in California
Unknown,2021-02-03,21,827,20,797,1,30,0,0,13,542,8,149,13,691,Not in California
Unknown,2021-02-04,43,870,39,836,4,34,0,0,39,577,4,153,39,730,Not in California
Unknown,2021-02-05,16,886,12,848,4,38,0,0,12,585,4,157,12,742,Not in California
Unknown,2021-02-06,10,896,10,858,0,38,0,0,6,585,6,163,6,748,Not in California
Unknown,2021-02-07,5,901,5,863,0,38,0,0,5,590,0,163,5,753,Not in California
Unknown,2021-02-08,31,932,29,892,2,40,0,0,8,575,23,186,8,761,Not in California
Unknown,2021-02-09,13,945,13,905,0,40,0,0,5,571,9,195,5,766,Not in California
Unknown,2021-02-10,20,965,16,921,4,44,0,0,7,565,13,208,7,773,Not in California
Unknown,2021-02-11,48,1013,47,968,1,45,0,0,21,558,28,236,21,794,Not in California
Unknown,2021-02-12,21,1034,17,985,4,49,0,0,6,549,15,251,6,800,Not in California
Unknown,2021-02-13,9,1043,2,987,7,56,0,0,7,554,2,253,7,807,Not in California
Unknown,2021-02-14,3,1046,1,988,2,58,0,0,2,555,1,254,2,809,Not in California
Unknown,2021-02-15,35,1081,30,1018,5,63,0,0,26,574,7,261,26,835,Not in California
Unknown,2021-02-16,65,1146,56,1074,9,72,0,0,25,559,40,301,25,860,Not in California
Unknown,2021-02-17,7,1153,5,1079,2,74,0,0,2,557,4,305,2,862,Not in California
Unknown,2021-02-18,61,1214,56,1135,5,79,0,0,12,520,49,354,12,874,Not in California
Unknown,2021-02-19,160,1374,155,1290,5,84,0,0,41,443,118,472,41,915,Not in California
Unknown,2021-02-20,4,1378,4,1294,0,84,0,0,0,439,4,476,0,915,Not in California
Unknown,2021-02-21,9,1387,9,1303,0,84,0,0,0,430,9,485,0,915,Not in California
Unknown,2021-02-22,2,1389,2,1305,0,84,0,0,1,430,1,486,1,916,Not in California
Unknown,2021-02-23,44,1433,32,1337,12,96,0,0,12,411,31,517,12,928,Not in California
Unknown,2021-02-24,20,1453,13,1350,7,103,0,0,10,411,10,527,10,938,Not in California
Unknown,2021-02-25,53,1506,40,1390,13,116,0,0,20,397,34,561,20,958,Not in California
Unknown,2021-02-26,33,1539,20,1410,13,129,0,0,18,402,13,574,18,976,Not in California
Unknown,2021-02-27,15,1554,10,1420,5,134,0,0,9,407,4,578,9,985,Not in California
Unknown,2021-02-28,15,1569,12,1432,3,137,0,0,8,410,5,583,8,993,Not in California
Unknown,2021-03-01,26,1595,12,1444,14,151,0,0,13,411,12,595,13,1006,Not in California
Unknown,2021-03-02,17,1612,5,1449,12,163,0,0,11,417,5,600,11,1017,Not in California
Unknown,2021-03-03,7,1619,3,1452,4,167,0,0,5,421,1,601,5,1022,Not in California
Unknown,2021-03-04,24,1643,21,1473,3,170,0,0,9,416,14,615,9,1031,Not in California
Unknown,2021-03-05,18,1661,9,1482,9,179,0,0,16,428,4,619,16,1047,Not in California
Unknown,2021-03-06,15,1676,9,1491,4,183,2,2,14,441,3,622,16,1063,Not in California
Unknown,2021-03-08,29,1705,22,1513,6,189,1,3,7,427,22,644,8,1071,Not in California
Unknown,2021-03-09,26,1731,21,1534,2,191,3,6,6,415,21,665,9,1080,Not in California
Unknown,2021-03-10,8,1739,5,1539,1,192,2,8,5,418,4,669,7,1087,Not in California
Unknown,2021-03-11,24,1763,8,1547,2,194,14,22,6,420,18,687,20,1107,Not in California
Unknown,2021-03-12,52,1815,39,1586,8,202,5,27,10,394,41,728,15,1122,Not in California
Unknown,2021-03-13,14,1829,3,1589,7,209,4,31,5,393,10,738,9,1131,Not in California
Unknown,2021-03-14,7,1836,2,1591,3,212,2,33,3,394,4,742,5,1136,Not in California
Unknown,2021-03-15,23,1859,6,1597,15,227,2,35,15,402,9,751,17,1153,Not in California
Unknown,2021-03-16,37,1896,13,1610,20,247,4,39,19,408,17,768,23,1176,Not in California
Unknown,2021-03-17,33,1929,12,1622,20,267,1,40,29,435,3,771,30,1206,Not in California
Unknown,2021-03-18,26,1955,14,1636,12,279,0,40,14,439,10,781,14,1220,Not in California
Unknown,2021-03-19,22,1977,13,1649,9,288,0,40,16,448,7,788,16,1236,Not in California
Unknown,2021-03-20,19,1996,11,1660,8,296,0,40,9,450,7,795,9,1245,Not in California
Unknown,2021-03-21,14,2010,9,1669,5,301,0,40,12,460,2,797,12,1257,Not in California
Unknown,2021-03-22,25,2035,9,1678,15,316,1,41,11,463,9,806,12,1269,Not in California
Unknown,2021-03-23,21,2056,7,1685,9,325,5,46,10,468,10,816,15,1284,Not in California
Unknown,2021-03-24,20,2076,7,1692,13,338,0,46,15,478,5,821,15,1299,Not in California
Unknown,2021-03-25,24,2100,12,1704,12,350,0,46,17,489,6,827,17,1316,Not in California
Unknown,2021-03-26,26,2126,12,1716,9,359,5,51,13,496,11,838,18,1334,Not in California
Unknown,2021-03-27,28,2154,14,1730,11,370,3,54,16,499,16,854,19,1353,Not in California
Unknown,2021-03-28,13,2167,5,1735,8,378,0,54,10,506,3,857,10,1363,Not in California
Unknown,2021-03-29,27,2194,10,1745,16,394,1,55,18,517,8,865,19,1382,Not in California
Unknown,2021-03-30,25,2219,13,1758,12,406,0,55,17,526,8,873,17,1399,Not in California
Unknown,2021-03-31,26,2245,14,1772,12,418,0,55,18,536,8,881,18,1417,Not in California
Unknown,2021-04-01,17,2262,12,1784,5,423,0,55,13,546,3,884,13,1430,Not in California
Unknown,2021-04-02,35,2297,14,1798,12,435,9,64,15,550,20,904,24,1454,Not in California
Unknown,2021-04-03,18,2315,8,1806,10,445,0,64,9,550,9,913,9,1463,Not in California
Unknown,2021-04-04,13,2328,4,1810,9,454,0,64,9,556,3,916,9,1472,Not in California
Unknown,2021-04-05,23,2351,11,1821,11,465,1,65,11,557,11,927,12,1484,Not in California
Unknown,2021-04-06,18,2369,11,1832,6,471,1,66,11,561,8,935,12,1496,Not in California
Unknown,2021-04-07,30,2399,20,1852,10,481,0,66,25,581,5,940,25,1521,Not in California
Unknown,2021-04-08,28,2427,16,1868,7,488,5,71,14,586,15,955,20,1541,Not in California
Unknown,2021-04-09,26,2453,18,1886,8,496,0,71,20,600,6,961,20,1561,Not in California
Unknown,2021-04-10,8,2461,7,1893,1,497,0,71,4,599,5,966,4,1565,Not in California
Unknown,2021-04-11,8,2469,5,1898,3,500,0,71,3,598,4,970,3,1568,Not in California
Unknown,2021-04-12,30,2499,16,1914,13,513,1,72,14,596,17,987,15,1583,Not in California
Unknown,2021-04-13,32,2531,16,1930,16,529,0,72,13,590,19,1006,13,1596,Not in California
Unknown,2021-04-14,21,2552,4,1934,17,546,0,72,4,577,17,1023,4,1600,Not in California
Unknown,2021-04-15,26,2578,12,1946,13,559,1,73,9,570,17,1040,10,1610,Not in California
Unknown,2021-04-16,17,2595,9,1955,8,567,0,73,6,566,10,1050,6,1616,Not in California
Unknown,2021-04-17,18,2613,12,1967,6,573,0,73,3,557,13,1063,4,1620,Not in California
Unknown,2021-04-18,15,2628,6,1973,9,582,0,73,6,553,10,1073,6,1626,Not in California
Unknown,2021-04-19,25,2653,14,1987,11,593,0,73,12,553,12,1085,12,1638,Not in California
Unknown,2021-04-20,19,2672,10,1997,9,602,0,73,4,541,16,1101,4,1642,Not in California
Unknown,2021-04-21,30,2702,11,2008,19,621,0,73,12,533,20,1121,12,1654,Not in California
Unknown,2021-04-22,19,2721,11,2019,8,629,0,73,3,521,15,1136,3,1657,Not in California
Unknown,2021-04-23,30,2751,14,2033,16,645,0,73,16,525,12,1148,16,1673,Not in California
Unknown,2021-04-24,20,2771,11,2044,9,654,0,73,11,527,9,1157,11,1684,Not in California
Unknown,2021-04-25,20,2791,9,2053,11,665,0,73,10,526,11,1168,10,1694,Not in California
Unknown,2021-04-26,20,2811,11,2064,9,674,0,73,6,518,14,1182,6,1700,Not in California
Unknown,2021-04-27,28,2839,13,2077,13,687,2,75,9,510,19,1201,11,1711,Not in California
Unknown,2021-04-28,25,2864,18,2095,5,692,2,77,7,501,18,1219,9,1720,Not in California
Unknown,2021-04-29,28,2892,18,2113,10,702,0,77,11,495,17,1236,11,1731,Not in California
Unknown,2021-04-30,25,2917,12,2125,9,711,4,81,13,500,12,1248,17,1748,Not in California
Unknown,2021-05-01,27,2944,21,2146,6,717,0,81,15,504,11,1259,15,1763,Not in California
Unknown,2021-05-02,11,2955,5,2151,6,723,0,81,3,500,7,1266,3,1766,Not in California
Unknown,2021-05-03,22,2977,15,2166,4,727,3,84,6,492,16,1282,8,1774,Not in California
Unknown,2021-05-04,18,2995,8,2174,6,733,4,88,4,485,15,1297,8,1782,Not in California
Unknown,2021-05-05,25,3020,7,2181,17,750,1,89,14,487,13,1310,15,1797,Not in California
Unknown,2021-05-06,21,3041,8,2189,6,756,7,96,8,488,14,1324,15,1812,Not in California
Unknown,2021-05-07,23,3064,12,2201,8,764,3,99,10,487,14,1338,13,1825,Not in California
Unknown,2021-05-08,11,3075,7,2208,2,766,2,101,5,489,5,1343,7,1832,Not in California
Unknown,2021-05-09,16,3091,4,2212,8,774,4,105,8,493,8,1351,12,1844,Not in California
Unknown,2021-05-10,15,3106,9,2221,4,778,2,107,3,486,12,1363,5,1849,Not in California
Unknown,2021-05-11,12,3118,6,2227,2,780,4,111,5,488,7,1370,9,1858,Not in California
Unknown,2021-05-12,10,3128,6,2233,3,783,1,112,4,487,6,1376,5,1863,Not in California
Unknown,2021-05-13,13,3141,8,2241,1,784,4,116,11,497,6,1382,16,1879,Not in California
Unknown,2021-05-14,18,3159,15,2256,2,786,1,117,15,505,7,1389,15,1894,Not in California
Unknown,2021-05-15,16,3175,14,2270,2,788,0,117,9,507,7,1396,9,1903,Not in California
Unknown,2021-05-16,20,3195,14,2284,5,793,1,118,13,514,7,1403,14,1917,Not in California
Unknown,2021-05-17,20,3215,15,2299,3,796,2,120,13,523,6,1409,15,1932,Not in California
Unknown,2021-05-18,30,3245,20,2319,8,804,2,122,20,535,10,1419,22,1954,Not in California
Unknown,2021-05-19,32,3277,23,2342,8,812,1,123,16,537,15,1434,17,1971,Not in California
Unknown,2021-05-20,6,3283,6,2348,0,812,0,123,3,537,3,1437,3,1974,Not in California
Unknown,2021-05-21,4,3287,3,2351,1,813,0,123,1,535,3,1440,1,1975,Not in California
Unknown,2021-05-22,12,3299,11,2362,1,814,0,123,8,539,4,1444,8,1983,Not in California
Unknown,2021-05-24,8,3307,5,2367,2,816,1,124,4,540,4,1448,5,1988,Not in California
Unknown,2021-05-25,17,3324,6,2373,5,821,6,130,8,545,9,1457,14,2002,Not in California
Unknown,2021-05-26,10,3334,7,2380,2,823,1,131,5,546,5,1462,6,2008,Not in California
Unknown,2021-05-27,22,3356,15,2395,5,828,2,133,9,545,12,1474,11,2019,Not in California
Unknown,2021-05-28,23,3379,13,2408,5,833,5,138,13,553,10,1484,18,2037,Not in California
Unknown,2021-05-29,11,3390,10,2418,1,834,0,138,7,556,4,1488,7,2044,Not in California
Unknown,2021-05-30,6,3396,4,2422,1,835,1,139,3,557,3,1491,4,2048,Not in California
Unknown,2021-05-31,1,3397,1,2423,0,835,0,139,0,556,1,1492,0,2048,Not in California
Unknown,2021-06-01,24,3421,16,2439,6,841,2,141,16,566,8,1500,18,2066,Not in California
Unknown,2021-06-02,7,3428,3,2442,4,845,0,141,3,565,4,1504,3,2069,Not in California
Unknown,2021-06-03,98,3526,92,2534,6,851,0,141,89,645,9,1513,89,2158,Not in California
Unknown,2021-06-04,339,3865,277,2811,57,908,5,146,314,939,25,1538,319,2477,Not in California
Unknown,2021-06-05,1,3866,0,2811,1,909,0,146,0,938,1,1539,0,2477,Not in California
Alameda,2020-12-15,37,37,37,37,0,0,0,0,37,37,0,0,37,37,California
Alameda,2020-12-16,207,244,207,244,0,0,0,0,207,244,0,0,207,244,California
Alameda,2020-12-17,506,750,506,750,0,0,0,0,506,750,0,0,506,750,California
Alameda,2020-12-18,1915,2665,1914,2664,1,1,0,0,1915,2665,0,0,1915,2665,California
Alameda,2020-12-19,1424,4089,1424,4088,0,1,0,0,1424,4089,0,0,1424,4089,California
Alameda,2020-12-20,1177,5266,1176,5264,1,2,0,0,1176,5264,1,1,1176,5265,California
Alameda,2020-12-21,1848,7114,1846,7110,2,4,0,0,1847,7111,0,1,1847,7112,California
Alameda,2020-12-22,2094,9208,2041,9151,53,57,0,0,2094,9205,0,1,2094,9206,California
Alameda,2020-12-23,1925,11133,1667,10818,258,315,0,0,1926,11131,0,1,1926,11132,California
Alameda,2020-12-24,1213,12346,756,11574,457,772,0,0,1213,12344,0,1,1213,12345,California
Alameda,2020-12-25,165,12511,128,11702,37,809,0,0,165,12509,0,1,165,12510,California
Alameda,2020-12-26,857,13368,322,12024,535,1344,0,0,857,13366,0,1,857,13367,California
Alameda,2020-12-27,494,13862,253,12277,241,1585,0,0,494,13860,0,1,494,13861,California
Alameda,2020-12-28,1870,15732,957,13234,913,2498,0,0,1870,15730,0,1,1870,15731,California
Alameda,2020-12-29,2471,18203,1073,14307,1398,3896,0,0,2470,18200,0,1,2470,18201,California
Alameda,2020-12-30,3076,21279,1319,15626,1757,5653,0,0,3076,21276,0,1,3076,21277,California
Alameda,2020-12-31,1788,23067,446,16072,1342,6995,0,0,1786,23061,1,2,1786,23063,California
Alameda,2021-01-01,174,23241,72,16144,102,7097,0,0,173,23233,1,3,173,23236,California
Alameda,2021-01-02,728,23969,526,16670,202,7299,0,0,727,23960,0,3,727,23963,California
Alameda,2021-01-03,339,24308,219,16889,120,7419,0,0,333,24287,6,9,333,24296,California
Alameda,2021-01-04,1639,25947,936,17825,703,8122,0,0,1602,25853,36,45,1602,25898,California
Alameda,2021-01-05,2206,28153,1276,19101,930,9052,0,0,1951,27552,252,297,1951,27849,California
Alameda,2021-01-06,3259,31412,1800,20901,1459,10511,0,0,2384,29066,872,1169,2386,30235,California
Alameda,2021-01-07,3807,35219,2143,23044,1664,12175,0,0,2622,30517,1176,2345,2627,32862,California
Alameda,2021-01-08,4753,39972,2714,25758,2039,14214,0,0,3020,31815,1727,4072,3025,35887,California
Alameda,2021-01-09,2018,41990,1373,27131,645,14859,0,0,1163,32123,855,4927,1163,37050,California
Alameda,2021-01-10,1056,43046,839,27970,217,15076,0,0,422,31910,635,5562,422,37472,California
Alameda,2021-01-11,4644,47690,3515,31485,1129,16205,0,0,2843,32960,1800,7362,2850,40322,California
Alameda,2021-01-12,4831,52521,3249,34734,1582,17787,0,0,3450,35033,1380,8742,3453,43775,California
Alameda,2021-01-13,5011,57532,2642,37376,2369,20156,0,0,3826,37679,1182,9924,3828,47603,California
Alameda,2021-01-14,5637,63169,2772,40148,2865,23021,0,0,4753,41560,875,10799,4756,52359,California
Alameda,2021-01-15,5820,68989,2302,42450,3518,26539,0,0,5055,45861,758,11557,5059,57418,California
Alameda,2021-01-16,3004,71993,1403,43853,1601,28140,0,0,2735,48328,269,11826,2736,60154,California
Alameda,2021-01-17,1874,73867,1086,44939,788,28928,0,0,1669,49794,204,12030,1670,61824,California
Alameda,2021-01-18,3175,77042,2033,46972,1142,30070,0,0,2584,51794,586,12616,2586,64410,California
Alameda,2021-01-19,5513,82555,3317,50289,2196,32266,0,0,4322,54929,1189,13805,4324,68734,California
Alameda,2021-01-20,6769,89324,4101,54390,2668,34934,0,0,5476,59129,1280,15085,5480,74214,California
Alameda,2021-01-21,7777,97101,3420,57810,4357,39291,0,0,6935,65233,836,15921,6940,81154,California
Alameda,2021-01-22,6838,103939,2033,59843,4805,44096,0,0,5696,69798,1133,17054,5698,86852,California
Alameda,2021-01-23,3281,107220,958,60801,2323,46419,0,0,2724,71966,556,17610,2724,89576,California
Alameda,2021-01-24,2037,109257,653,61454,1384,47803,0,0,1764,73460,270,17880,1764,91340,California
Alameda,2021-01-25,5193,114450,1975,63429,3218,51021,0,0,3619,75514,1566,19446,3620,94960,California
Alameda,2021-01-26,7319,121769,2317,65746,5002,56023,0,0,5435,79074,1876,21322,5436,100396,California
Alameda,2021-01-27,6688,128457,2070,67816,4618,60641,0,0,4844,82084,1834,23156,4844,105240,California
Alameda,2021-01-28,7865,136322,2555,70371,5310,65951,0,0,5632,85500,2217,25373,5633,110873,California
Alameda,2021-01-29,7973,144295,3196,73567,4777,70728,0,0,6139,89817,1824,27197,6141,117014,California
Alameda,2021-01-30,3428,147723,1685,75252,1743,72471,0,0,2713,91821,709,27906,2713,119727,California
Alameda,2021-01-31,1924,149647,951,76203,973,73444,0,0,1686,93272,235,28141,1686,121413,California
Alameda,2021-02-01,6474,156121,3883,80086,2591,76035,0,0,4333,95474,2132,30273,4334,125747,California
Alameda,2021-02-02,7018,163139,3783,83869,3235,79270,0,0,4694,97851,2317,32590,4694,130441,California
Alameda,2021-02-03,7051,170190,3713,87582,3338,82608,0,0,4364,99540,2680,35270,4369,134810,California
Alameda,2021-02-04,9475,179665,4128,91710,5347,87955,0,0,6365,102813,3097,38367,6370,141180,California
Alameda,2021-02-05,10280,189945,5360,97070,4920,92875,0,0,6413,105371,3861,42228,6419,147599,California
Alameda,2021-02-06,6955,196900,4414,101484,2541,95416,0,0,5826,110068,1129,43357,5826,153425,California
Alameda,2021-02-07,3581,200481,2891,104375,690,96106,0,0,2635,111761,943,44300,2636,156061,California
Alameda,2021-02-08,8095,208576,5800,110175,2295,98401,0,0,5531,114738,2556,46856,5533,161594,California
Alameda,2021-02-09,9675,218251,5823,115998,3852,102253,0,0,6024,117130,3634,50490,6026,167620,California
Alameda,2021-02-10,11458,229709,6771,122769,4687,106940,0,0,6541,118779,4900,55390,6549,174169,California
Alameda,2021-02-11,13957,243666,8028,130797,5929,112869,0,0,8367,121579,5570,60960,8370,182539,California
Alameda,2021-02-12,12517,256183,5692,136489,6825,119694,0,0,7736,124553,4765,65725,7739,190278,California
Alameda,2021-02-13,7794,263977,4058,140547,3736,123430,0,0,5822,128411,1967,67692,5825,196103,California
Alameda,2021-02-14,4050,268027,2552,143099,1498,124928,0,0,2869,130106,1177,68869,2872,198975,California
Alameda,2021-02-15,5668,273695,3186,146285,2482,127410,0,0,3687,131816,1979,70848,3689,202664,California
Alameda,2021-02-16,12523,286218,6969,153254,5554,132964,0,0,9308,137925,3205,74053,9314,211978,California
Alameda,2021-02-17,14162,300380,8413,161667,5749,138713,0,0,10515,144811,3631,77684,10517,222495,California
Alameda,2021-02-18,15894,316274,10100,171767,5794,144507,0,0,11546,152024,4339,82023,11552,234047,California
Alameda,2021-02-19,17846,334120,11586,183353,6260,150767,0,0,11801,157809,6021,88044,11806,245853,California
Alameda,2021-02-20,12026,346146,9715,193068,2311,153078,0,0,9248,164290,2773,90817,9254,255107,California
Alameda,2021-02-21,7808,353954,6845,199913,963,154041,0,0,5288,167070,2508,93325,5288,260395,California
Alameda,2021-02-22,10962,364916,8074,207987,2888,156929,0,0,6880,169890,4069,97394,6889,267284,California
Alameda,2021-02-23,12996,377912,7923,215910,5073,162002,0,0,8086,173083,4900,102294,8093,275377,California
Alameda,2021-02-24,14847,392759,8349,224259,6498,168500,0,0,9605,177515,5179,107473,9611,284988,California
Alameda,2021-02-25,16013,408772,9296,233555,6717,175217,0,0,10126,181795,5855,113328,10135,295123,California
Alameda,2021-02-26,18657,427429,10877,244432,7780,182997,0,0,11846,186880,6765,120093,11850,306973,California
Alameda,2021-02-27,15158,442587,11179,255611,3977,186974,2,2,9372,190495,5761,125854,9376,316349,California
Alameda,2021-02-28,10123,452710,8442,264053,1681,188655,0,2,6555,193509,3542,129396,6556,322905,California
Alameda,2021-03-01,14065,466775,9728,273781,4327,192982,10,12,8600,196708,5418,134814,8617,331522,California
Alameda,2021-03-02,15038,481813,10817,284598,4220,197202,1,13,9845,201388,5173,139987,9853,341375,California
Alameda,2021-03-03,15680,497493,10265,294863,5413,202615,2,15,10717,207175,4936,144923,10723,352098,California
Alameda,2021-03-04,17421,514914,11193,306056,6226,208841,2,17,10976,211741,6412,151335,10978,363076,California
Alameda,2021-03-05,16253,531167,10650,316706,5593,214434,10,27,10978,217506,5230,156565,10995,374071,California
Alameda,2021-03-06,14551,545718,10275,326981,4011,218445,265,292,9642,222553,4861,161426,9908,383979,California
Alameda,2021-03-07,9768,555486,8514,335495,1171,219616,83,375,6960,226818,2780,164206,7045,391024,California
Alameda,2021-03-08,11954,567440,7464,342959,4113,223729,377,752,8946,233183,2958,167164,9323,400347,California
Alameda,2021-03-09,14681,582121,10319,353278,3931,227660,431,1183,8010,234987,6637,173801,8441,408788,California
Alameda,2021-03-10,17489,599610,12143,365421,4791,232451,555,1738,7891,233859,9570,183371,8442,417230,California
Alameda,2021-03-11,19779,619389,11593,377014,6473,238924,1713,3451,6721,229253,13028,196399,8422,425652,California
Alameda,2021-03-12,21379,640768,12537,389551,7136,246060,1706,5157,7372,224342,13977,210376,9066,434718,California
Alameda,2021-03-13,16072,656840,10330,399881,4742,250802,1000,6157,5065,219429,10971,221347,6058,440776,California
Alameda,2021-03-14,10890,667730,8023,407904,2081,252883,786,6943,3299,215935,7570,228917,4076,444852,California
Alameda,2021-03-15,14474,682204,9473,417377,4471,257354,530,7473,6246,214511,8197,237114,6773,451625,California
Alameda,2021-03-16,17224,699428,11193,428570,5495,262849,536,8009,7348,212572,9824,246938,7885,459510,California
Alameda,2021-03-17,17516,716944,9893,438463,6903,269752,720,8729,8065,211945,9408,256346,8781,468291,California
Alameda,2021-03-18,19205,736149,10467,448930,7836,277588,902,9631,8643,210965,10529,266875,9549,477840,California
Alameda,2021-03-19,19427,755576,10669,459599,6960,284548,1798,11429,7565,208507,11813,278688,9355,487195,California
Alameda,2021-03-20,15789,771365,10345,469944,4587,289135,857,12286,6311,206225,9445,288133,7163,494358,California
Alameda,2021-03-21,9233,780598,7262,477206,1418,290553,553,12839,3391,204337,5832,293965,3944,498302,California
Alameda,2021-03-22,15059,795657,10150,487356,3897,294450,1012,13851,6803,203918,8226,302191,7807,506109,California
Alameda,2021-03-23,19336,814993,11730,499086,6790,301240,816,14667,9785,205021,9501,311692,10604,516713,California
Alameda,2021-03-24,19293,834286,11701,510787,6567,307807,1025,15692,8394,203595,10834,322526,9408,526121,California
Alameda,2021-03-25,20570,854856,11436,522223,7725,315532,1409,17101,9384,203261,11115,333641,10781,536902,California
Alameda,2021-03-26,20996,875852,12687,534910,6744,322276,1565,18666,8449,200762,12501,346142,10002,546904,California
Alameda,2021-03-27,18384,894236,12552,547462,4878,327154,954,19620,7536,198440,10800,356942,8478,555382,California
Alameda,2021-03-28,10661,904897,8687,556149,1772,328926,202,19822,3468,194935,7180,364122,3675,559057,California
Alameda,2021-03-29,14750,919647,9454,565603,4301,333227,995,20817,5862,192939,8851,372973,6855,565912,California
Alameda,2021-03-30,18623,938270,9836,575439,7064,340291,1723,22540,9269,194604,9319,382292,10984,576896,California
Alameda,2021-03-31,19403,957673,10246,585685,7048,347339,2109,24649,9098,195522,10277,392569,11195,588091,California
Alameda,2021-04-01,23350,981023,10022,595707,7644,354983,5684,30333,11046,199974,12253,404822,16705,604796,California
Alameda,2021-04-02,24121,1005144,9930,605637,8321,363304,5870,36203,11656,205041,12427,417249,17494,622290,California
Alameda,2021-04-03,20377,1025521,9818,615455,5694,368998,4865,41068,10304,210151,10051,427300,15161,637451,California
Alameda,2021-04-04,9974,1035495,3987,619442,2277,371275,3710,44778,3460,210822,6494,433794,7165,644616,California
Alameda,2021-04-05,17844,1053339,7516,626958,5513,376788,4815,49593,7248,212310,10571,444365,12059,656675,California
Alameda,2021-04-06,22206,1075545,10677,637635,5667,382455,5862,55455,10066,216116,12103,456468,15909,672584,California
Alameda,2021-04-07,22589,1098134,11578,649213,5531,387986,5480,60935,11436,221909,11109,467577,16902,689486,California
Alameda,2021-04-08,25586,1123720,11524,660737,6043,394029,8019,68954,10925,226250,14583,482160,18924,708410,California
Alameda,2021-04-09,23440,1147160,10690,671427,7504,401533,5246,74200,12083,232254,11323,493483,17327,725737,California
Alameda,2021-04-10,19275,1166435,7449,678876,5638,407171,6188,80388,8203,235581,11045,504528,14372,740109,California
Alameda,2021-04-11,11009,1177444,4807,683683,2250,409421,3952,84340,4488,237503,6503,511031,8425,748534,California
Alameda,2021-04-12,18078,1195522,11742,695425,4353,413774,1983,86323,10210,241859,7831,518862,12187,760721,California
Alameda,2021-04-13,23072,1218594,14647,710072,8366,422140,59,86382,17014,252937,6005,524867,17083,777804,California
Alameda,2021-04-14,23121,1241715,15215,725287,7905,430045,1,86383,15633,261128,7450,532317,15641,793445,California
Alameda,2021-04-15,24098,1265813,15413,740700,8683,438728,2,86385,16023,269147,8015,540332,16034,809479,California
Alameda,2021-04-16,24405,1290218,14399,755099,10001,448729,5,86390,15720,276259,8626,548958,15738,825217,California
Alameda,2021-04-17,20874,1311092,14439,769538,6435,455164,0,86390,14437,284307,6403,555361,14451,839668,California
Alameda,2021-04-18,9971,1321063,7641,777179,2330,457494,0,86390,6901,288173,3041,558402,6907,846575,California
Alameda,2021-04-19,15644,1336707,9743,786922,5900,463394,1,86391,9084,290747,6520,564922,9094,855669,California
Alameda,2021-04-20,18149,1354856,11113,798035,7034,470428,2,86393,9983,292632,8122,573044,10007,865676,California
Alameda,2021-04-21,19126,1373982,11189,809224,7926,478354,11,86404,11188,295963,7885,580929,11216,876892,California
Alameda,2021-04-22,21409,1395391,13788,823012,7617,485971,4,86408,11414,297466,9940,590869,11443,888335,California
Alameda,2021-04-23,21822,1417213,14111,837123,7707,493678,4,86412,12249,300234,9512,600381,12280,900615,California
Alameda,2021-04-24,18983,1436196,14428,851551,4547,498225,8,86420,10064,301443,8873,609254,10082,910697,California
Alameda,2021-04-25,8993,1445189,6996,858547,1996,500221,1,86421,5893,304273,3073,612327,5903,916600,California
Alameda,2021-04-26,14007,1459196,9745,868292,4236,504457,26,86447,8718,307769,5257,617584,8753,925353,California
Alameda,2021-04-27,16052,1475248,9514,877806,6197,510654,341,86788,7596,307325,8404,625988,7960,933313,California
Alameda,2021-04-28,16442,1491690,10391,888197,5586,516240,465,87253,6688,304768,9722,635710,7165,940478,California
Alameda,2021-04-29,17194,1508884,10305,898502,6560,522800,329,87582,6406,300791,10733,646443,6756,947234,California
Alameda,2021-04-30,19463,1528347,11993,910495,7128,529928,342,87924,7894,297575,11492,657935,8276,955510,California
Alameda,2021-05-01,13980,1542327,9349,919844,4425,534353,206,88130,5222,294310,8721,666656,5456,960966,California
Alameda,2021-05-02,7071,1549398,4934,924778,1969,536322,168,88298,2893,293215,4161,670817,3066,964032,California
Alameda,2021-05-03,14507,1563905,10921,935699,3266,539588,320,88618,2852,284806,11609,682426,3200,967232,California
Alameda,2021-05-04,18320,1582225,13145,948844,4815,544403,360,88978,3686,274315,14568,696994,4077,971309,California
Alameda,2021-05-05,18338,1600563,13326,962170,4503,548906,509,89487,3723,264008,14552,711546,4245,975554,California
Alameda,2021-05-06,18646,1619209,14092,976262,3859,552765,695,90182,3638,253424,14933,726479,4349,979903,California
Alameda,2021-05-07,19130,1638339,12847,989109,5870,558635,413,90595,4364,243523,14695,741174,4794,984697,California
Alameda,2021-05-08,16465,1654804,11263,1000372,4991,563626,211,90806,3101,233523,13327,754501,3327,988024,California
Alameda,2021-05-09,8519,1663323,6971,1007343,1405,565031,143,90949,1452,228077,7045,761546,1599,989623,California
Alameda,2021-05-10,10069,1673392,6881,1014224,2864,567895,324,91273,2476,223323,7563,769109,2809,992432,California
Alameda,2021-05-11,14976,1688368,8007,1022231,6671,574566,298,91571,2697,214119,12232,781341,3028,995460,California
Alameda,2021-05-12,12609,1700977,8279,1030510,3919,578485,411,91982,2616,207220,9952,791293,3053,998513,California
Alameda,2021-05-13,16741,1717718,11965,1042475,4257,582742,519,92501,5160,201392,11538,802831,5710,1004223,California
Alameda,2021-05-14,20465,1738183,13864,1056339,6136,588878,465,92966,7031,195544,13359,816190,7511,1011734,California
Alameda,2021-05-15,17057,1755240,12414,1068753,4416,593294,227,93193,5769,190302,11243,827433,6001,1017735,California
Alameda,2021-05-16,8375,1763615,7157,1075910,1125,594419,93,93286,2790,187635,5555,832988,2888,1020623,California
Alameda,2021-05-17,13351,1776966,9936,1085846,2886,597305,529,93815,4260,183385,9054,842042,4804,1025427,California
Alameda,2021-05-18,14115,1791081,10250,1096096,3443,600748,422,94237,5095,179926,8980,851022,5521,1030948,California
Alameda,2021-05-19,14399,1805480,9869,1105965,4197,604945,333,94570,5999,177911,8349,859371,6334,1037282,California
Alameda,2021-05-20,11676,1817156,7812,1113777,3381,608326,483,95053,5169,177100,6466,865837,5655,1042937,California
Alameda,2021-05-21,13562,1830718,8927,1122704,4402,612728,233,95286,4553,172936,8951,874788,4787,1047724,California
Alameda,2021-05-22,8941,1839659,6596,1129300,2210,614938,135,95421,3690,171535,5227,880015,3826,1051550,California
Alameda,2021-05-23,3806,1843465,3107,1132407,633,615571,66,95487,1179,170171,2610,882625,1246,1052796,California
Alameda,2021-05-24,6952,1850417,3954,1136361,2747,618318,251,95738,2706,168928,4205,886830,2962,1055758,California
Alameda,2021-05-25,7955,1858372,5145,1141506,2554,620872,256,95994,3609,168475,4314,891144,3861,1059619,California
Alameda,2021-05-26,8216,1866588,5140,1146646,2777,623649,299,96293,3622,167818,4572,895716,3915,1063534,California
Alameda,2021-05-27,8056,1874644,4856,1151502,2853,626502,347,96640,3417,166976,4601,900317,3759,1067293,California
Alameda,2021-05-28,8588,1883232,5036,1156538,3329,629831,223,96863,3644,165927,4918,905235,3869,1071162,California
Alameda,2021-05-29,4886,1888118,2941,1159479,1761,631592,184,97047,2527,166299,2341,907576,2713,1073875,California
Alameda,2021-05-30,2422,1890540,1583,1161062,750,632342,89,97136,964,165902,1450,909026,1053,1074928,California
Alameda,2021-05-31,1153,1891693,854,1161916,244,632586,55,97191,347,165512,792,909818,402,1075330,California
Alameda,2021-06-01,7073,1898766,4972,1166888,1862,634448,239,97430,3120,164945,3928,913746,3361,1078691,California
Alameda,2021-06-02,5753,1904519,3578,1170466,1963,636411,212,97642,2383,164196,3342,917088,2593,1081284,California
Alameda,2021-06-03,8424,1912943,6372,1176838,1776,638187,276,97918,3190,162460,5199,922287,3463,1084747,California
Alameda,2021-06-04,10305,1923248,7601,1184439,2459,640646,245,98163,2947,158328,7324,929611,3192,1087939,California
Alameda,2021-06-05,5725,1928973,4043,1188482,1559,642205,123,98286,1007,154759,4698,934309,1129,1089068,California
Alpine,2020-12-18,2,2,2,2,0,0,0,0,2,2,0,0,2,2,California
Alpine,2020-12-19,2,4,2,4,0,0,0,0,2,4,0,0,2,4,California
Alpine,2020-12-21,2,6,2,6,0,0,0,0,2,6,0,0,2,6,California
Alpine,2020-12-30,14,20,0,6,14,14,0,0,14,20,0,0,14,20,California
Alpine,2020-12-31,1,21,0,6,1,15,0,0,1,21,0,0,1,21,California
Alpine,2021-01-01,1,22,0,6,1,16,0,0,1,22,0,0,1,22,California
Alpine,2021-01-02,1,23,1,7,0,16,0,0,1,23,0,0,1,23,California
Alpine,2021-01-04,10,33,0,7,10,26,0,0,10,33,0,0,10,33,California
Alpine,2021-01-05,9,42,1,8,8,34,0,0,9,42,0,0,9,42,California
Alpine,2021-01-06,31,73,0,8,31,65,0,0,31,73,0,0,31,73,California
Alpine,2021-01-07,8,81,0,8,8,73,0,0,8,81,0,0,8,81,California
Alpine,2021-01-08,4,85,2,10,2,75,0,0,2,81,2,2,2,83,California
Alpine,2021-01-09,2,87,2,12,0,75,0,0,0,79,2,4,0,83,California
Alpine,2021-01-11,32,119,1,13,31,106,0,0,31,109,1,5,31,114,California
Alpine,2021-01-13,35,154,0,13,35,141,0,0,35,144,0,5,35,149,California
Alpine,2021-01-14,1,155,0,13,1,142,0,0,1,145,0,5,1,150,California
Alpine,2021-01-15,1,156,0,13,1,143,0,0,1,146,0,5,1,151,California
Alpine,2021-01-20,21,177,0,13,21,164,0,0,21,167,0,5,21,172,California
Alpine,2021-01-21,1,178,0,13,1,165,0,0,1,168,0,5,1,173,California
Alpine,2021-01-22,33,211,0,13,33,198,0,0,33,201,0,5,33,206,California
Alpine,2021-01-23,1,212,1,14,0,198,0,0,0,200,1,6,0,206,California
Alpine,2021-01-25,16,228,0,14,16,214,0,0,16,216,0,6,16,222,California
Alpine,2021-01-27,1,229,1,15,0,214,0,0,0,215,1,7,0,222,California
Alpine,2021-01-28,1,230,0,15,1,215,0,0,0,214,1,8,0,222,California
Alpine,2021-01-29,1,231,0,15,1,216,0,0,1,215,0,8,1,223,California
Alpine,2021-02-01,25,256,0,15,25,241,0,0,7,204,18,26,7,230,California
Alpine,2021-02-03,34,290,0,15,34,275,0,0,10,190,24,50,10,240,California
Alpine,2021-02-04,8,298,0,15,8,283,0,0,3,188,5,55,3,243,California
Alpine,2021-02-05,31,329,0,15,31,314,0,0,12,181,19,74,12,255,California
Alpine,2021-02-08,32,361,0,15,32,346,0,0,4,157,28,102,4,259,California
Alpine,2021-02-10,34,395,0,15,34,380,0,0,0,123,34,136,0,259,California
Alpine,2021-02-11,6,401,0,15,6,386,0,0,3,123,3,139,3,262,California
Alpine,2021-02-12,1,402,0,15,1,387,0,0,0,122,1,140,0,262,California
Alpine,2021-02-17,23,425,0,15,23,410,0,0,3,105,20,160,3,265,California
Alpine,2021-02-18,2,427,0,15,2,412,0,0,1,105,1,161,1,266,California
Alpine,2021-02-19,34,461,1,16,33,445,0,0,2,75,32,193,2,268,California
Alpine,2021-02-22,27,488,0,16,27,472,0,0,8,64,19,212,8,276,California
Alpine,2021-02-24,1,489,1,17,0,472,0,0,1,65,0,212,1,277,California
Alpine,2021-02-25,6,495,1,18,5,477,0,0,6,71,0,212,6,283,California
Alpine,2021-02-26,30,525,1,19,29,506,0,0,29,99,1,213,29,312,California
Alpine,2021-02-27,1,526,0,19,1,507,0,0,1,100,0,213,1,313,California
Alpine,2021-03-01,36,562,0,19,36,543,0,0,26,116,10,223,26,339,California
Alpine,2021-03-03,29,591,0,19,29,572,0,0,18,123,11,234,18,357,California
Alpine,2021-03-04,11,602,1,20,10,582,0,0,11,134,0,234,11,368,California
Alpine,2021-03-05,30,632,0,20,30,612,0,0,22,148,8,242,22,390,California
Alpine,2021-03-08,31,663,0,20,31,643,0,0,29,175,2,244,29,419,California
Alpine,2021-03-10,73,736,0,20,73,716,0,0,73,248,0,244,73,492,California
Alpine,2021-03-11,35,771,0,20,35,751,0,0,31,275,4,248,31,523,California
Alpine,2021-03-12,19,790,0,20,19,770,0,0,17,290,2,250,17,540,California
Alpine,2021-03-15,20,810,0,20,20,790,0,0,19,308,1,251,19,559,California
Alpine,2021-03-17,23,833,0,20,22,812,1,1,19,324,4,255,20,579,California
Alpine,2021-03-18,38,871,3,23,35,847,0,1,35,356,3,258,35,614,California
Alpine,2021-03-19,2,873,1,24,1,848,0,1,1,356,1,259,1,615,California
Alpine,2021-03-22,24,897,0,24,24,872,0,1,15,362,9,268,15,630,California
Alpine,2021-03-24,19,916,0,24,19,891,0,1,8,359,11,279,8,638,California
Alpine,2021-03-25,35,951,1,25,33,924,1,2,28,381,7,286,29,667,California
Alpine,2021-03-27,1,952,0,25,1,925,0,2,0,380,1,287,0,667,California
Alpine,2021-03-28,1,953,1,26,0,925,0,2,1,381,0,287,1,668,California
Alpine,2021-03-29,19,972,0,26,18,943,1,3,2,367,17,304,3,671,California
Alpine,2021-04-01,18,990,0,26,18,961,0,3,8,365,10,314,8,679,California
Alpine,2021-04-02,100,1090,0,26,100,1061,0,3,45,356,54,368,45,724,California
Alpine,2021-04-05,3,1093,0,26,3,1064,0,3,0,353,3,371,0,724,California
Alpine,2021-04-06,3,1096,2,28,1,1065,0,3,2,354,1,372,2,726,California
Alpine,2021-04-07,117,1213,0,28,116,1181,1,4,30,299,86,458,31,757,California
Alpine,2021-04-08,36,1249,0,28,35,1216,1,5,10,284,26,484,11,768,California
Alpine,2021-04-09,2,1251,0,28,2,1218,0,5,2,286,0,484,2,770,California
Alpine,2021-04-14,47,1298,0,28,47,1265,0,5,10,259,37,521,10,780,California
Alpine,2021-04-15,35,1333,0,28,35,1300,0,5,3,230,32,553,3,783,California
Alpine,2021-04-19,1,1334,0,28,1,1301,0,5,1,231,0,553,1,784,California
Alpine,2021-04-21,31,1365,0,28,31,1332,0,5,15,230,16,569,15,799,California
Alpine,2021-04-22,24,1389,0,28,24,1356,0,5,1,208,23,592,1,800,California
Alpine,2021-04-25,1,1390,1,29,0,1356,0,5,0,207,1,593,0,800,California
Alpine,2021-04-27,2,1392,1,30,1,1357,0,5,1,207,1,594,1,801,California
Alpine,2021-04-28,36,1428,0,30,36,1393,0,5,6,183,30,624,6,807,California
Alpine,2021-04-29,6,1434,0,30,6,1399,0,5,0,177,6,630,0,807,California
Alpine,2021-04-30,2,1436,1,31,0,1399,1,6,1,178,1,631,2,809,California
Alpine,2021-05-02,1,1437,0,31,0,1399,1,7,0,178,1,632,1,810,California
Alpine,2021-05-05,17,1454,0,31,17,1416,0,7,4,169,13,645,4,814,California
Alpine,2021-05-06,8,1462,0,31,8,1424,0,7,0,161,8,653,0,814,California
Alpine,2021-05-07,1,1463,0,31,1,1425,0,7,0,160,1,654,0,814,California
Alpine,2021-05-10,1,1464,0,31,1,1426,0,7,1,161,0,654,1,815,California
Alpine,2021-05-12,1,1465,0,31,0,1426,1,8,0,161,1,655,1,816,California
Alpine,2021-05-13,3,1468,0,31,3,1429,0,8,0,158,3,658,0,816,California
Alpine,2021-05-17,2,1470,0,31,2,1431,0,8,1,158,1,659,1,817,California
Alpine,2021-05-18,1,1471,0,31,1,1432,0,8,1,159,0,659,1,818,California
Alpine,2021-05-19,15,1486,0,31,15,1447,0,8,0,144,15,674,0,818,California
Alpine,2021-05-21,1,1487,1,32,0,1447,0,8,0,143,1,675,0,818,California
Alpine,2021-05-25,1,1488,0,32,1,1448,0,8,0,142,1,676,0,818,California
Alpine,2021-05-27,1,1489,0,32,1,1449,0,8,1,143,0,676,1,819,California
Alpine,2021-05-28,2,1491,1,33,1,1450,0,8,2,145,0,676,2,821,California
Alpine,2021-05-29,1,1492,0,33,1,1451,0,8,1,146,0,676,1,822,California
Alpine,2021-06-02,8,1500,0,33,8,1459,0,8,1,140,7,683,1,823,California
Amador,2020-12-16,2,2,2,2,0,0,0,0,2,2,0,0,2,2,California
Amador,2020-12-17,5,7,5,7,0,0,0,0,5,7,0,0,5,7,California
Amador,2020-12-18,45,52,45,52,0,0,0,0,45,52,0,0,45,52,California
Amador,2020-12-19,16,68,16,68,0,0,0,0,16,68,0,0,16,68,California
Amador,2020-12-20,4,72,4,72,0,0,0,0,4,72,0,0,4,72,California
Amador,2020-12-21,31,103,31,103,0,0,0,0,31,103,0,0,31,103,California
Amador,2020-12-22,35,138,34,137,1,1,0,0,35,138,0,0,35,138,California
Amador,2020-12-23,40,178,39,176,1,2,0,0,40,178,0,0,40,178,California
Amador,2020-12-24,5,183,3,179,2,4,0,0,5,183,0,0,5,183,California
Amador,2020-12-26,5,188,4,183,1,5,0,0,5,188,0,0,5,188,California
Amador,2020-12-27,1,189,0,183,1,6,0,0,1,189,0,0,1,189,California
Amador,2020-12-28,30,219,26,209,4,10,0,0,30,219,0,0,30,219,California
Amador,2020-12-29,26,245,19,228,7,17,0,0,26,245,0,0,26,245,California
Amador,2020-12-30,122,367,76,304,46,63,0,0,122,367,0,0,122,367,California
Amador,2020-12-31,192,559,167,471,25,88,0,0,192,559,0,0,192,559,California
Amador,2021-01-01,2,561,0,471,2,90,0,0,2,561,0,0,2,561,California
Amador,2021-01-02,57,618,57,528,0,90,0,0,57,618,0,0,57,618,California
Amador,2021-01-03,65,683,17,545,48,138,0,0,65,683,0,0,65,683,California
Amador,2021-01-04,124,807,1,546,123,261,0,0,124,807,0,0,124,807,California
Amador,2021-01-05,34,841,3,549,31,292,0,0,32,838,2,2,33,840,California
Amador,2021-01-06,40,881,10,559,30,322,0,0,36,870,4,6,36,876,California
Amador,2021-01-07,229,1110,69,628,160,482,0,0,217,1075,12,18,217,1093,California
Amador,2021-01-08,84,1194,69,697,15,497,0,0,41,1074,43,61,42,1135,California
Amador,2021-01-09,11,1205,11,708,0,497,0,0,2,1067,9,70,2,1137,California
Amador,2021-01-10,6,1211,4,712,2,499,0,0,2,1065,4,74,2,1139,California
Amador,2021-01-11,125,1336,44,756,81,580,0,0,88,1117,37,111,89,1228,California
Amador,2021-01-12,65,1401,50,806,15,595,0,0,41,1134,24,135,41,1269,California
Amador,2021-01-13,40,1441,24,830,16,611,0,0,28,1150,12,147,28,1297,California
Amador,2021-01-14,150,1591,22,852,128,739,0,0,140,1281,10,157,141,1438,California
Amador,2021-01-15,59,1650,25,877,34,773,0,0,51,1324,8,165,51,1489,California
Amador,2021-01-16,17,1667,11,888,6,779,0,0,11,1330,6,171,12,1501,California
Amador,2021-01-17,26,1693,5,893,21,800,0,0,26,1356,0,171,26,1527,California
Amador,2021-01-18,30,1723,26,919,4,804,0,0,9,1344,21,192,9,1536,California
Amador,2021-01-19,126,1849,101,1020,25,829,0,0,82,1382,44,236,82,1618,California
Amador,2021-01-20,182,2031,32,1052,150,979,0,0,168,1537,13,249,168,1786,California
Amador,2021-01-21,258,2289,228,1280,30,1009,0,0,147,1574,111,360,148,1934,California
Amador,2021-01-22,137,2426,74,1354,63,1072,0,0,130,1697,7,367,130,2064,California
Amador,2021-01-23,54,2480,33,1387,21,1093,0,0,51,1745,3,370,51,2115,California
Amador,2021-01-24,29,2509,12,1399,17,1110,0,0,26,1768,3,373,26,2141,California
Amador,2021-01-25,58,2567,28,1427,30,1140,0,0,41,1792,17,390,41,2182,California
Amador,2021-01-26,245,2812,17,1444,228,1368,0,0,235,2017,10,400,235,2417,California
Amador,2021-01-27,301,3113,33,1477,268,1636,0,0,254,2227,45,445,255,2672,California
Amador,2021-01-28,369,3482,97,1574,272,1908,0,0,288,2435,81,526,289,2961,California
Amador,2021-01-29,98,3580,33,1607,65,1973,0,0,83,2503,15,541,83,3044,California
Amador,2021-01-30,168,3748,36,1643,132,2105,0,0,163,2661,5,546,163,3207,California
Amador,2021-01-31,32,3780,28,1671,4,2109,0,0,31,2691,1,547,31,3238,California
Amador,2021-02-01,66,3846,24,1695,42,2151,0,0,39,2703,27,574,39,3277,California
Amador,2021-02-02,214,4060,64,1759,150,2301,0,0,127,2746,84,658,127,3404,California
Amador,2021-02-03,139,4199,38,1797,101,2402,0,0,88,2784,50,708,88,3492,California
Amador,2021-02-04,250,4449,74,1871,176,2578,0,0,164,2864,86,794,166,3658,California
Amador,2021-02-05,333,4782,63,1934,270,2848,0,0,317,3165,16,810,317,3975,California
Amador,2021-02-06,100,4882,81,2015,19,2867,0,0,96,3257,4,814,96,4071,California
Amador,2021-02-07,39,4921,35,2050,4,2871,0,0,35,3289,4,818,36,4107,California
Amador,2021-02-08,91,5012,63,2113,28,2899,0,0,73,3344,18,836,73,4180,California
Amador,2021-02-09,175,5187,82,2195,93,2992,0,0,109,3387,66,902,109,4289,California
Amador,2021-02-10,980,6167,81,2276,899,3891,0,0,946,4299,34,936,946,5235,California
Amador,2021-02-11,309,6476,120,2396,189,4080,0,0,198,4388,109,1045,198,5433,California
Amador,2021-02-12,329,6805,122,2518,207,4287,0,0,255,4569,74,1119,255,5688,California
Amador,2021-02-13,165,6970,82,2600,83,4370,0,0,141,4686,24,1143,141,5829,California
Amador,2021-02-14,123,7093,54,2654,69,4439,0,0,105,4773,18,1161,105,5934,California
Amador,2021-02-15,187,7280,61,2715,126,4565,0,0,170,4927,16,1177,170,6104,California
Amador,2021-02-16,466,7746,54,2769,412,4977,0,0,427,5316,39,1216,428,6532,California
Amador,2021-02-17,262,8008,83,2852,179,5156,0,0,164,5382,98,1314,164,6696,California
Amador,2021-02-18,395,8403,97,2949,298,5454,0,0,331,5649,64,1378,331,7027,California
Amador,2021-02-19,194,8597,77,3026,117,5571,0,0,110,5675,84,1462,110,7137,California
Amador,2021-02-20,95,8692,32,3058,63,5634,0,0,67,5714,28,1490,67,7204,California
Amador,2021-02-21,46,8738,34,3092,12,5646,0,0,14,5696,32,1522,14,7218,California
Amador,2021-02-22,66,8804,26,3118,40,5686,0,0,32,5695,33,1555,32,7250,California
Amador,2021-02-23,318,9122,53,3171,265,5951,0,0,138,5653,180,1735,138,7388,California
Amador,2021-02-24,397,9519,59,3230,338,6289,0,0,265,5790,128,1863,265,7653,California
Amador,2021-02-25,525,10044,120,3350,405,6694,0,0,279,5824,245,2108,279,7932,California
Amador,2021-02-26,628,10672,80,3430,548,7242,0,0,514,6224,114,2222,514,8446,California
Amador,2021-02-27,293,10965,95,3525,198,7440,0,0,101,6136,191,2413,103,8549,California
Amador,2021-02-28,106,11071,55,3580,51,7491,0,0,60,6152,46,2459,62,8611,California
Amador,2021-03-01,198,11269,69,3649,129,7620,0,0,126,6207,72,2531,127,8738,California
Amador,2021-03-02,381,11650,63,3712,318,7938,0,0,332,6491,49,2580,333,9071,California
Amador,2021-03-03,242,11892,81,3793,161,8099,0,0,166,6583,75,2655,167,9238,California
Amador,2021-03-04,495,12387,114,3907,381,8480,0,0,393,6875,101,2756,393,9631,California
Amador,2021-03-05,510,12897,74,3981,436,8916,0,0,290,6948,219,2975,292,9923,California
Amador,2021-03-06,98,12995,45,4026,52,8968,1,1,53,6957,45,3020,54,9977,California
Amador,2021-03-07,65,13060,44,4070,21,8989,0,1,22,6936,43,3063,22,9999,California
Amador,2021-03-08,151,13211,69,4139,81,9070,1,2,90,6966,61,3124,91,10090,California
Amador,2021-03-09,376,13587,51,4190,325,9395,0,2,294,7182,79,3203,295,10385,California
Amador,2021-03-10,512,14099,74,4264,436,9831,2,4,111,6896,401,3604,115,10500,California
Amador,2021-03-11,471,14570,116,4380,345,10176,10,14,299,7037,171,3775,312,10812,California
Amador,2021-03-12,567,15137,66,4446,495,10671,6,20,338,7159,228,4003,350,11162,California
Amador,2021-03-13,116,15253,18,4464,91,10762,7,27,76,7206,40,4043,87,11249,California
Amador,2021-03-14,86,15339,18,4482,66,10828,2,29,20,7162,66,4109,22,11271,California
Amador,2021-03-15,177,15516,25,4507,145,10973,7,36,52,7097,125,4234,60,11331,California
Amador,2021-03-16,450,15966,53,4560,388,11361,9,45,139,6936,309,4543,148,11479,California
Amador,2021-03-17,199,16165,43,4603,153,11514,3,48,120,6980,79,4622,123,11602,California
Amador,2021-03-18,476,16641,101,4704,371,11885,4,52,250,7012,226,4848,258,11860,California
Amador,2021-03-19,538,17179,55,4759,468,12353,15,67,388,7270,148,4996,406,12266,California
Amador,2021-03-20,110,17289,45,4804,64,12417,1,68,45,7254,64,5060,48,12314,California
Amador,2021-03-21,48,17337,34,4838,13,12430,1,69,29,7268,18,5078,32,12346,California
Amador,2021-03-22,112,17449,32,4870,52,12482,28,97,48,7280,64,5142,76,12422,California
Amador,2021-03-23,434,17883,47,4917,380,12862,7,104,275,7405,158,5300,283,12705,California
Amador,2021-03-24,345,18228,38,4955,55,12917,252,356,37,7387,307,5607,289,12994,California
Amador,2021-03-25,608,18836,85,5040,516,13433,7,363,393,7573,214,5821,400,13394,California
Amador,2021-03-26,746,19582,42,5082,698,14131,6,369,283,7404,461,6282,292,13686,California
Amador,2021-03-27,89,19671,15,5097,72,14203,2,371,28,7375,61,6343,32,13718,California
Amador,2021-03-28,69,19740,15,5112,52,14255,2,373,12,7334,56,6399,15,13733,California
Amador,2021-03-29,180,19920,24,5136,155,14410,1,374,78,7318,100,6499,84,13817,California
Amador,2021-03-30,535,20455,28,5164,506,14916,1,375,294,7373,240,6739,295,14112,California
Amador,2021-03-31,199,20654,57,5221,137,15053,5,380,43,7266,155,6894,48,14160,California
Amador,2021-04-01,611,21265,85,5306,526,15579,0,380,263,7185,346,7240,265,14425,California
Amador,2021-04-02,607,21872,38,5344,557,16136,12,392,380,7353,226,7466,394,14819,California
Amador,2021-04-03,84,21956,22,5366,43,16179,19,411,22,7334,62,7528,43,14862,California
Amador,2021-04-04,38,21994,3,5369,29,16208,6,417,15,7332,23,7551,21,14883,California
Amador,2021-04-05,144,22138,52,5421,76,16284,16,433,50,7307,93,7644,68,14951,California
Amador,2021-04-06,502,22640,37,5458,447,16731,18,451,222,7269,278,7922,240,15191,California
Amador,2021-04-07,97,22737,33,5491,45,16776,19,470,41,7275,54,7976,60,15251,California
Amador,2021-04-08,495,23232,85,5576,389,17165,21,491,222,7246,272,8248,243,15494,California
Amador,2021-04-09,482,23714,21,5597,441,17606,20,511,213,7208,268,8516,230,15724,California
Amador,2021-04-10,53,23767,15,5612,29,17635,9,520,22,7208,31,8547,31,15755,California
Amador,2021-04-11,48,23815,23,5635,21,17656,4,524,23,7211,24,8571,27,15782,California
Amador,2021-04-12,97,23912,27,5662,60,17716,10,534,42,7208,55,8626,52,15834,California
Amador,2021-04-13,345,24257,50,5712,295,18011,0,534,68,7001,276,8902,69,15903,California
Amador,2021-04-14,284,24541,28,5740,256,18267,0,534,175,7070,106,9008,175,16078,California
Amador,2021-04-15,330,24871,74,5814,256,18523,0,534,69,6883,256,9264,69,16147,California
Amador,2021-04-16,482,25353,29,5843,453,18976,0,534,386,7174,95,9359,386,16533,California
Amador,2021-04-17,64,25417,36,5879,28,19004,0,534,27,7164,37,9396,27,16560,California
Amador,2021-04-18,29,25446,7,5886,22,19026,0,534,11,7159,17,9413,12,16572,California
Amador,2021-04-19,68,25514,27,5913,41,19067,0,534,31,7156,36,9449,33,16605,California
Amador,2021-04-20,436,25950,55,5968,381,19448,0,534,111,6951,318,9767,113,16718,California
Amador,2021-04-21,87,26037,33,6001,54,19502,0,534,44,6953,42,9809,44,16762,California
Amador,2021-04-22,495,26532,78,6079,416,19918,1,535,103,6672,385,10194,104,16866,California
Amador,2021-04-23,358,26890,45,6124,313,20231,0,535,285,6887,72,10266,287,17153,California
Amador,2021-04-24,48,26938,24,6148,24,20255,0,535,27,6894,20,10286,27,17180,California
Amador,2021-04-25,41,26979,19,6167,22,20277,0,535,29,6911,12,10298,29,17209,California
Amador,2021-04-26,90,27069,28,6195,61,20338,1,536,43,6910,46,10344,45,17254,California
Amador,2021-04-27,493,27562,39,6234,453,20791,1,537,88,6597,403,10747,90,17344,California
Amador,2021-04-28,69,27631,29,6263,36,20827,4,541,41,6614,28,10775,45,17389,California
Amador,2021-04-29,223,27854,70,6333,44,20871,109,650,65,6629,158,10933,173,17562,California
Amador,2021-04-30,339,28193,27,6360,308,21179,4,654,95,6484,244,11177,99,17661,California
Amador,2021-05-01,41,28234,15,6375,22,21201,4,658,21,6491,18,11195,25,17686,California
Amador,2021-05-02,27,28261,14,6389,10,21211,3,661,10,6488,17,11212,14,17700,California
Amador,2021-05-03,67,28328,33,6422,24,21235,10,671,26,6483,41,11253,36,17736,California
Amador,2021-05-04,465,28793,26,6448,432,21667,7,678,68,6161,397,11650,75,17811,California
Amador,2021-05-05,202,28995,153,6601,39,21706,10,688,163,6294,38,11688,171,17982,California
Amador,2021-05-06,109,29104,55,6656,49,21755,5,693,64,6320,43,11731,69,18051,California
Amador,2021-05-07,126,29230,29,6685,90,21845,7,700,66,6333,60,11791,73,18124,California
Amador,2021-05-08,42,29272,9,6694,30,21875,3,703,20,6334,22,11813,23,18147,California
Amador,2021-05-09,15,29287,0,6694,9,21884,6,709,4,6333,11,11824,10,18157,California
Amador,2021-05-10,61,29348,14,6708,44,21928,3,712,25,6325,36,11860,28,18185,California
Amador,2021-05-11,101,29449,34,6742,41,21969,26,738,45,6340,56,11916,71,18256,California
Amador,2021-05-12,63,29512,21,6763,41,22010,1,739,29,6336,34,11950,30,18286,California
Amador,2021-05-13,73,29585,41,6804,26,22036,6,745,37,6345,34,11984,43,18329,California
Amador,2021-05-14,395,29980,34,6838,357,22393,4,749,86,6127,309,12293,91,18420,California
Amador,2021-05-15,52,30032,20,6858,21,22414,11,760,23,6133,29,12322,35,18455,California
Amador,2021-05-16,38,30070,15,6873,23,22437,0,760,17,6129,21,12343,17,18472,California
Amador,2021-05-17,76,30146,23,6896,51,22488,2,762,36,6128,39,12382,38,18510,California
Amador,2021-05-18,246,30392,168,7064,43,22531,35,797,162,6242,83,12465,197,18707,California
Amador,2021-05-19,72,30464,22,7086,47,22578,3,800,33,6242,38,12503,38,18745,California
Amador,2021-05-20,78,30542,46,7132,30,22608,2,802,31,6229,46,12549,33,18778,California
Amador,2021-05-21,265,30807,29,7161,234,22842,2,804,39,6044,226,12775,41,18819,California
Amador,2021-05-22,37,30844,13,7174,19,22861,5,809,13,6038,24,12799,18,18837,California
Amador,2021-05-23,22,30866,4,7178,15,22876,3,812,5,6029,17,12816,8,18845,California
Amador,2021-05-24,90,30956,31,7209,47,22923,12,824,43,6038,46,12862,55,18900,California
Amador,2021-05-25,141,31097,89,7298,27,22950,25,849,82,6088,57,12919,107,19007,California
Amador,2021-05-26,207,31304,163,7461,37,22987,7,856,42,5972,164,13083,48,19055,California
Amador,2021-05-27,81,31385,36,7497,36,23023,9,865,30,5960,51,13134,39,19094,California
Amador,2021-05-28,69,31454,26,7523,39,23062,4,869,29,5953,40,13174,33,19127,California
Amador,2021-05-29,26,31480,2,7525,21,23083,3,872,12,5954,14,13188,15,19142,California
Amador,2021-05-30,17,31497,3,7528,8,23091,6,878,4,5951,13,13201,10,19152,California
Amador,2021-05-31,10,31507,0,7528,9,23100,1,879,2,5946,8,13209,3,19155,California
Amador,2021-06-01,84,31591,61,7589,18,23118,5,884,36,5940,47,13256,41,19196,California
Amador,2021-06-02,39,31630,14,7603,17,23135,8,892,13,5936,26,13282,22,19218,California
Amador,2021-06-03,29,31659,5,7608,22,23157,2,894,8,5925,21,13303,10,19228,California
Amador,2021-06-04,23,31682,15,7623,8,23165,0,894,3,5908,20,13323,3,19231,California
Amador,2021-06-05,7,31689,2,7625,4,23169,1,895,1,5904,6,13329,2,19233,California
Butte,2020-12-16,3,3,3,3,0,0,0,0,3,3,0,0,3,3,California
Butte,2020-12-17,21,24,21,24,0,0,0,0,21,24,0,0,21,24,California
Butte,2020-12-18,52,76,52,76,0,0,0,0,52,76,0,0,52,76,California
Butte,2020-12-19,7,83,7,83,0,0,0,0,7,83,0,0,7,83,California
Butte,2020-12-20,10,93,10,93,0,0,0,0,10,93,0,0,10,93,California
Butte,2020-12-21,633,726,633,726,0,0,0,0,633,726,0,0,633,726,California
Butte,2020-12-22,618,1344,616,1342,2,2,0,0,618,1344,0,0,618,1344,California
Butte,2020-12-23,876,2220,860,2202,16,18,0,0,876,2220,0,0,876,2220,California
Butte,2020-12-24,159,2379,155,2357,4,22,0,0,159,2379,0,0,159,2379,California
Butte,2020-12-26,90,2469,88,2445,2,24,0,0,90,2469,0,0,90,2469,California
Butte,2020-12-27,35,2504,34,2479,1,25,0,0,35,2504,0,0,35,2504,California
Butte,2020-12-28,279,2783,273,2752,6,31,0,0,279,2783,0,0,279,2783,California
Butte,2020-12-29,201,2984,178,2930,23,54,0,0,201,2984,0,0,201,2984,California
Butte,2020-12-30,513,3497,291,3221,222,276,0,0,513,3497,0,0,513,3497,California
Butte,2020-12-31,211,3708,18,3239,193,469,0,0,211,3708,0,0,211,3708,California
Butte,2021-01-01,8,3716,1,3240,7,476,0,0,8,3716,0,0,8,3716,California
Butte,2021-01-02,40,3756,37,3277,3,479,0,0,40,3756,0,0,40,3756,California
Butte,2021-01-03,3,3759,0,3277,3,482,0,0,3,3759,0,0,3,3759,California
Butte,2021-01-04,209,3968,176,3453,33,515,0,0,209,3968,0,0,209,3968,California
Butte,2021-01-05,197,4165,153,3606,44,559,0,0,196,4163,1,1,196,4164,California
Butte,2021-01-06,626,4791,397,4003,229,788,0,0,621,4780,5,6,622,4786,California
Butte,2021-01-07,761,5552,369,4372,392,1180,0,0,741,5501,20,26,741,5527,California
Butte,2021-01-08,673,6225,532,4904,141,1321,0,0,625,6078,48,74,625,6152,California
Butte,2021-01-09,11,6236,7,4911,4,1325,0,0,6,6079,5,79,6,6158,California
Butte,2021-01-10,19,6255,5,4916,14,1339,0,0,14,6088,5,84,14,6172,California
Butte,2021-01-11,985,7240,950,5866,35,1374,0,0,356,5818,629,713,359,6531,California
Butte,2021-01-12,696,7936,651,6517,45,1419,0,0,274,5670,422,1135,274,6805,California
Butte,2021-01-13,1566,9502,1074,7591,492,1911,0,0,725,5556,841,1976,727,7532,California
Butte,2021-01-14,1634,11136,892,8483,742,2653,0,0,1437,6797,196,2172,1437,8969,California
Butte,2021-01-15,1053,12189,813,9296,240,2893,0,0,943,7630,110,2282,943,9912,California
Butte,2021-01-16,584,12773,299,9595,285,3178,0,0,540,8126,44,2326,540,10452,California
Butte,2021-01-17,238,13011,64,9659,174,3352,0,0,201,8290,37,2363,201,10653,California
Butte,2021-01-18,344,13355,302,9961,42,3394,0,0,276,8499,67,2430,276,10929,California
Butte,2021-01-19,494,13849,431,10392,63,3457,0,0,224,8453,270,2700,224,11153,California
Butte,2021-01-20,1369,15218,689,11081,680,4137,0,0,1066,9216,303,3003,1066,12219,California
Butte,2021-01-21,1475,16693,867,11948,608,4745,0,0,1367,10476,107,3110,1367,13586,California
Butte,2021-01-22,1136,17829,478,12426,658,5403,0,0,1083,11506,53,3163,1083,14669,California
Butte,2021-01-23,125,17954,84,12510,41,5444,0,0,100,11581,25,3188,100,14769,California
Butte,2021-01-24,9,17963,7,12517,2,5446,0,0,9,11590,0,3188,9,14778,California
Butte,2021-01-25,655,18618,336,12853,319,5765,0,0,491,11917,164,3352,491,15269,California
Butte,2021-01-26,1472,20090,378,13231,1094,6859,0,0,1335,13115,137,3489,1335,16604,California
Butte,2021-01-27,2096,22186,705,13936,1391,8250,0,0,1365,13750,730,4219,1365,17969,California
Butte,2021-01-28,2261,24447,262,14198,1999,10249,0,0,1950,15390,310,4529,1950,19919,California
Butte,2021-01-29,1684,26131,487,14685,1197,11446,0,0,1307,16321,376,4905,1307,21226,California
Butte,2021-01-30,30,26161,8,14693,22,11468,0,0,28,16347,2,4907,28,21254,California
Butte,2021-01-31,16,26177,14,14707,2,11470,0,0,15,16361,1,4908,15,21269,California
Butte,2021-02-01,1751,27928,407,15114,1344,12814,0,0,1361,17334,388,5296,1361,22630,California
Butte,2021-02-02,1933,29861,362,15476,1571,14385,0,0,1632,18664,302,5598,1632,24262,California
Butte,2021-02-03,2739,32600,777,16253,1962,16347,0,0,1845,19617,892,6490,1845,26107,California
Butte,2021-02-04,2956,35556,323,16576,2633,18980,0,0,2400,21463,554,7044,2400,28507,California
Butte,2021-02-05,1273,36829,667,17243,606,19586,0,0,552,21295,721,7765,553,29060,California
Butte,2021-02-06,144,36973,103,17346,41,19627,0,0,61,21273,83,7848,61,29121,California
Butte,2021-02-07,38,37011,34,17380,4,19631,0,0,14,21263,24,7872,14,29135,California
Butte,2021-02-08,698,37709,548,17928,150,19781,0,0,242,21049,456,8328,242,29377,California
Butte,2021-02-09,951,38660,459,18387,492,20273,0,0,721,21540,230,8558,721,30098,California
Butte,2021-02-10,1701,40361,1187,19574,514,20787,0,0,671,21183,1028,9586,671,30769,California
Butte,2021-02-11,2202,42563,1346,20920,856,21643,0,0,1004,20989,1198,10784,1004,31773,California
Butte,2021-02-12,1002,43565,435,21355,567,22210,0,0,330,20648,671,11455,330,32103,California
Butte,2021-02-13,247,43812,43,21398,204,22414,0,0,146,20693,101,11556,146,32249,California
Butte,2021-02-14,161,43973,9,21407,152,22566,0,0,157,20846,4,11560,157,32406,California
Butte,2021-02-15,263,44236,47,21454,216,22782,0,0,198,20979,65,11625,198,32604,California
Butte,2021-02-16,730,44966,432,21886,298,23080,0,0,275,20798,456,12081,275,32879,California
Butte,2021-02-17,1513,46479,848,22734,665,23745,0,0,839,20965,672,12753,839,33718,California
Butte,2021-02-18,1559,48038,761,23495,798,24543,0,0,748,20902,811,13564,748,34466,California
Butte,2021-02-19,1171,49209,391,23886,780,25323,0,0,403,20544,761,14325,403,34869,California
Butte,2021-02-20,477,49686,32,23918,445,25768,0,0,126,20320,350,14675,126,34995,California
Butte,2021-02-21,18,49704,16,23934,2,25770,0,0,13,20328,5,14680,13,35008,California
Butte,2021-02-22,1501,51205,297,24231,1204,26974,0,0,378,19586,1120,15800,378,35386,California
Butte,2021-02-23,1635,52840,295,24526,1340,28314,0,0,463,18882,1167,16967,463,35849,California
Butte,2021-02-24,2137,54977,598,25124,1539,29853,0,0,726,18205,1403,18370,726,36575,California
Butte,2021-02-25,2077,57054,577,25701,1500,31353,0,0,657,17448,1415,19785,658,37233,California
Butte,2021-02-26,919,57973,310,26011,609,31962,0,0,396,17324,520,20305,396,37629,California
Butte,2021-02-27,234,58207,47,26058,187,32149,0,0,184,17460,48,20353,184,37813,California
Butte,2021-02-28,142,58349,16,26074,126,32275,0,0,135,17588,7,20360,135,37948,California
Butte,2021-03-01,1627,59976,175,26249,1451,33726,1,1,327,16619,1297,21657,328,38276,California
Butte,2021-03-02,1749,61725,198,26447,1551,35277,0,1,310,15494,1435,23092,310,38586,California
Butte,2021-03-03,2785,64510,849,27296,1936,37213,0,1,481,13673,2302,25394,481,39067,California
Butte,2021-03-04,3149,67659,681,27977,2468,39681,0,1,627,11779,2521,27915,627,39694,California
Butte,2021-03-05,1351,69010,616,28593,734,40415,1,2,734,11901,613,28528,735,40429,California
Butte,2021-03-06,247,69257,25,28618,199,40614,23,25,187,12052,59,28587,210,40639,California
Butte,2021-03-07,53,69310,3,28621,33,40647,17,42,29,12074,24,28611,46,40685,California
Butte,2021-03-08,1266,70576,128,28749,1060,41707,78,120,1100,13089,163,28774,1178,41863,California
Butte,2021-03-09,1906,72482,284,29033,1519,43226,103,223,1416,14121,487,29261,1519,43382,California
Butte,2021-03-10,2317,74799,967,30000,1249,44475,101,324,1578,15065,734,29995,1678,45060,California
Butte,2021-03-11,2812,77611,1318,31318,1367,45842,127,451,1982,16355,819,30814,2109,47169,California
Butte,2021-03-12,1147,78758,332,31650,467,46309,348,799,355,16272,786,31600,703,47872,California
Butte,2021-03-13,252,79010,67,31717,136,46445,49,848,59,16186,193,31793,107,47979,California
Butte,2021-03-14,163,79173,16,31733,105,46550,42,890,20,16106,142,31935,62,48041,California
Butte,2021-03-15,1743,80916,360,32093,1090,47640,293,1183,1147,16958,588,32523,1440,49481,California
Butte,2021-03-16,1651,82567,414,32507,1158,48798,79,1262,1112,17612,536,33059,1190,50671,California
Butte,2021-03-17,1953,84520,1356,33863,516,49314,81,1343,1137,18021,808,33867,1217,51888,California
Butte,2021-03-18,1810,86330,1466,35329,216,49530,128,1471,1063,18470,741,34608,1190,53078,California
Butte,2021-03-19,697,87027,310,35639,303,49833,84,1555,345,18557,342,34950,429,53507,California
Butte,2021-03-20,206,87233,31,35670,159,49992,16,1571,95,18557,111,35061,111,53618,California
Butte,2021-03-21,56,87289,25,35695,2,49994,29,1600,12,18554,44,35105,41,53659,California
Butte,2021-03-22,1480,88769,350,36045,1036,51030,94,1694,1219,19608,259,35364,1313,54972,California
Butte,2021-03-23,1826,90595,493,36538,1219,52249,114,1808,1476,20851,347,35711,1590,56562,California
Butte,2021-03-24,2262,92857,1265,37803,871,53120,126,1934,1713,22145,544,36255,1838,58400,California
Butte,2021-03-25,1483,94340,1198,39001,193,53313,92,2026,1017,22792,462,36717,1109,59509,California
Butte,2021-03-26,1206,95546,438,39439,522,53835,246,2272,559,22958,639,37356,805,60314,California
Butte,2021-03-27,300,95846,83,39522,193,54028,24,2296,135,22953,162,37518,157,60471,California
Butte,2021-03-28,230,96076,45,39567,177,54205,8,2304,103,22939,124,37642,110,60581,California
Butte,2021-03-29,1761,97837,379,39946,1312,55517,70,2374,1344,23941,412,38054,1414,61995,California
Butte,2021-03-30,1034,98871,470,40416,474,55991,90,2464,491,23985,537,38591,581,62576,California
Butte,2021-03-31,1778,100649,1305,41721,406,56397,67,2531,1085,24450,687,39278,1152,63728,California
Butte,2021-04-01,3329,103978,2706,44427,496,56893,127,2658,2259,25773,1064,40342,2387,66115,California
Butte,2021-04-02,1000,104978,416,44843,464,57357,120,2778,564,26027,428,40770,682,66797,California
Butte,2021-04-03,343,105321,45,44888,225,57582,73,2851,163,26083,180,40950,236,67033,California
Butte,2021-04-04,188,105509,24,44912,141,57723,23,2874,110,26140,76,41026,133,67166,California
Butte,2021-04-05,1974,107483,421,45333,1381,59104,172,3046,595,25535,1370,42396,765,67931,California
Butte,2021-04-06,2199,109682,616,45949,1160,60264,423,3469,797,25357,1396,43792,1218,69149,California
Butte,2021-04-07,3038,112720,1321,47270,1325,61589,392,3861,717,24151,2315,46107,1109,70258,California
Butte,2021-04-08,2755,115475,1202,48472,1285,62874,268,4129,459,22586,2292,48399,727,70985,California
Butte,2021-04-09,1375,116850,352,48824,541,63415,482,4611,329,22350,1042,49441,806,71791,California
Butte,2021-04-10,222,117072,47,48871,76,63491,99,4710,100,22426,122,49563,198,71989,California
Butte,2021-04-11,105,117177,42,48913,53,63544,10,4720,82,22496,22,49585,92,72081,California
Butte,2021-04-12,1405,118582,314,49227,959,64503,132,4852,232,21688,1173,50758,365,72446,California
Butte,2021-04-13,1650,120232,575,49802,1069,65572,6,4858,340,20731,1303,52061,346,72792,California
Butte,2021-04-14,2825,123057,2338,52140,487,66059,0,4858,1309,20530,1511,53572,1310,74102,California
Butte,2021-04-15,638,123695,396,52536,242,66301,0,4858,483,20861,152,53724,483,74585,California
Butte,2021-04-16,809,124504,413,52949,396,66697,0,4858,474,21002,333,54057,474,75059,California
Butte,2021-04-17,338,124842,61,53010,277,66974,0,4858,234,21134,102,54159,234,75293,California
Butte,2021-04-18,42,124884,9,53019,33,67007,0,4858,37,21166,5,54164,37,75330,California
Butte,2021-04-19,1560,126444,381,53400,1179,68186,0,4858,428,20465,1129,55293,428,75758,California
Butte,2021-04-20,1969,128413,718,54118,1251,69437,0,4858,752,20008,1209,56502,752,76510,California
Butte,2021-04-21,2042,130455,1161,55279,881,70318,0,4858,463,18898,1573,58075,463,76973,California
Butte,2021-04-22,2218,132673,1941,57220,277,70595,0,4858,612,17907,1603,59678,612,77585,California
Butte,2021-04-23,939,133612,443,57663,496,71091,0,4858,488,17944,451,60129,488,78073,California
Butte,2021-04-24,346,133958,138,57801,208,71299,0,4858,190,17979,155,60284,190,78263,California
Butte,2021-04-25,172,134130,67,57868,105,71404,0,4858,63,17933,109,60393,63,78326,California
Butte,2021-04-26,1514,135644,437,58305,1072,72476,5,4863,387,17201,1124,61517,392,78718,California
Butte,2021-04-27,988,136632,665,58970,296,72772,27,4890,575,17396,407,61924,602,79320,California
Butte,2021-04-28,1387,138019,932,59902,430,73202,25,4915,498,17034,885,62809,523,79843,California
Butte,2021-04-29,888,138907,543,60445,320,73522,25,4940,300,16777,582,63391,325,80168,California
Butte,2021-04-30,892,139799,388,60833,483,74005,21,4961,448,16807,438,63829,468,80636,California
Butte,2021-05-01,240,140039,64,60897,157,74162,19,4980,71,16728,168,63997,89,80725,California
Butte,2021-05-02,150,140189,62,60959,75,74237,13,4993,44,16679,106,64103,57,80782,California
Butte,2021-05-03,634,140823,256,61215,347,74584,31,5024,177,16440,447,64550,208,80990,California
Butte,2021-05-04,818,141641,317,61532,469,75053,32,5056,211,16081,601,65151,242,81232,California
Butte,2021-05-05,1337,142978,1092,62624,209,75262,36,5092,271,15328,1061,66212,308,81540,California
Butte,2021-05-06,933,143911,672,63296,224,75486,37,5129,358,15151,572,66784,395,81935,California
Butte,2021-05-07,561,144472,289,63585,236,75722,36,5165,287,15202,271,67055,322,82257,California
Butte,2021-05-08,169,144641,35,63620,125,75847,9,5174,89,15221,79,67134,98,82355,California
Butte,2021-05-09,93,144734,19,63639,71,75918,3,5177,50,15231,43,67177,53,82408,California
Butte,2021-05-10,514,145248,302,63941,169,76087,43,5220,210,15183,301,67478,253,82661,California
Butte,2021-05-11,864,146112,640,64581,165,76252,59,5279,275,14931,586,68064,334,82995,California
Butte,2021-05-12,728,146840,469,65050,213,76465,46,5325,325,14903,399,68463,371,83366,California
Butte,2021-05-13,850,147690,573,65623,218,76683,59,5384,295,14713,542,69005,352,83718,California
Butte,2021-05-14,831,148521,519,66142,282,76965,30,5414,359,14632,469,69474,388,84106,California
Butte,2021-05-15,480,149001,224,66366,224,77189,32,5446,224,14633,255,69729,256,84362,California
Butte,2021-05-16,167,149168,83,66449,66,77255,18,5464,98,14681,68,69797,116,84478,California
Butte,2021-05-17,754,149922,482,66931,224,77479,48,5512,334,14645,417,70214,381,84859,California
Butte,2021-05-18,1058,150980,726,67657,284,77763,48,5560,476,14593,576,70790,524,85383,California
Butte,2021-05-19,825,151805,533,68190,248,78011,44,5604,330,14476,490,71280,373,85756,California
Butte,2021-05-20,859,152664,595,68785,157,78168,107,5711,336,14398,520,71800,442,86198,California
Butte,2021-05-21,769,153433,474,69259,269,78437,26,5737,264,14185,502,72302,289,86487,California
Butte,2021-05-22,227,153660,108,69367,112,78549,7,5744,114,14196,110,72412,121,86608,California
Butte,2021-05-23,76,153736,49,69416,26,78575,1,5745,46,14213,30,72442,47,86655,California
Butte,2021-05-24,335,154071,149,69565,137,78712,49,5794,171,14270,162,72604,219,86874,California
Butte,2021-05-25,692,154763,443,70008,213,78925,36,5830,345,14311,340,72944,381,87255,California
Butte,2021-05-26,561,155324,181,70189,358,79283,22,5852,254,14289,298,73242,276,87531,California
Butte,2021-05-27,861,156185,620,70809,224,79507,17,5869,427,14305,429,73671,445,87976,California
Butte,2021-05-28,515,156700,139,70948,297,79804,79,5948,214,14299,299,73970,293,88269,California
Butte,2021-05-29,224,156924,116,71064,96,79900,12,5960,149,14385,75,74045,161,88430,California
Butte,2021-05-30,107,157031,56,71120,51,79951,0,5960,61,14400,46,74091,61,88491,California
Butte,2021-05-31,43,157074,23,71143,18,79969,2,5962,25,14409,18,74109,27,88518,California
Butte,2021-06-01,669,157743,422,71565,212,80181,35,5997,255,14288,411,74520,290,88808,California
Butte,2021-06-02,810,158553,571,72136,199,80380,40,6037,364,14250,442,74962,404,89212,California
Butte,2021-06-03,614,159167,412,72548,187,80567,15,6052,234,14122,377,75339,249,89461,California
Butte,2021-06-04,451,159618,257,72805,169,80736,25,6077,142,13985,304,75643,167,89628,California
Butte,2021-06-05,64,159682,31,72836,19,80755,14,6091,17,13969,47,75690,31,89659,California
Calaveras,2020-12-16,5,5,5,5,0,0,0,0,5,5,0,0,5,5,California
Calaveras,2020-12-17,3,8,3,8,0,0,0,0,3,8,0,0,3,8,California
Calaveras,2020-12-18,39,47,39,47,0,0,0,0,39,47,0,0,39,47,California
Calaveras,2020-12-19,3,50,3,50,0,0,0,0,3,50,0,0,3,50,California
Calaveras,2020-12-20,4,54,4,54,0,0,0,0,4,54,0,0,4,54,California
Calaveras,2020-12-21,55,109,48,102,7,7,0,0,55,109,0,0,55,109,California
Calaveras,2020-12-22,82,191,78,180,4,11,0,0,83,192,0,0,83,192,California
Calaveras,2020-12-23,76,267,74,254,2,13,0,0,76,268,0,0,76,268,California
Calaveras,2020-12-24,2,269,2,256,0,13,0,0,2,270,0,0,2,270,California
Calaveras,2020-12-26,3,272,3,259,0,13,0,0,3,273,0,0,3,273,California
Calaveras,2020-12-27,1,273,1,260,0,13,0,0,1,274,0,0,1,274,California
Calaveras,2020-12-28,21,294,17,277,4,17,0,0,20,293,1,1,20,294,California
Calaveras,2020-12-29,159,453,138,415,21,38,0,0,159,452,0,1,159,453,California
Calaveras,2020-12-30,93,546,81,496,12,50,0,0,93,545,0,1,93,546,California
Calaveras,2020-12-31,36,582,25,521,11,61,0,0,36,581,0,1,36,582,California
Calaveras,2021-01-02,11,593,11,532,0,61,0,0,11,592,0,1,11,593,California
Calaveras,2021-01-03,10,603,4,536,6,67,0,0,10,602,0,1,10,603,California
Calaveras,2021-01-04,33,636,5,541,28,95,0,0,33,635,0,1,33,636,California
Calaveras,2021-01-05,41,677,10,551,31,126,0,0,32,663,9,10,37,673,California
Calaveras,2021-01-06,107,784,30,581,77,203,0,0,97,750,10,20,97,770,California
Calaveras,2021-01-07,105,889,26,607,79,282,0,0,92,832,11,31,93,863,California
Calaveras,2021-01-08,69,958,39,646,30,312,0,0,45,854,24,55,46,909,California
Calaveras,2021-01-09,5,963,5,651,0,312,0,0,2,853,3,58,2,911,California
Calaveras,2021-01-10,2,965,0,651,2,314,0,0,2,855,0,58,2,913,California
Calaveras,2021-01-11,65,1030,59,710,6,320,0,0,27,847,37,95,29,942,California
Calaveras,2021-01-12,86,1116,53,763,33,353,0,0,52,866,34,129,53,995,California
Calaveras,2021-01-13,109,1225,45,808,64,417,0,0,75,908,34,163,76,1071,California
Calaveras,2021-01-14,139,1364,43,851,96,513,0,0,106,983,32,195,107,1178,California
Calaveras,2021-01-15,92,1456,28,879,64,577,0,0,72,1035,20,215,72,1250,California
Calaveras,2021-01-16,13,1469,2,881,11,588,0,0,12,1046,1,216,12,1262,California
Calaveras,2021-01-17,10,1479,2,883,8,596,0,0,9,1054,1,217,9,1271,California
Calaveras,2021-01-18,131,1610,19,902,112,708,0,0,118,1162,13,230,121,1392,California
Calaveras,2021-01-19,206,1816,175,1077,31,739,0,0,69,1096,136,366,70,1462,California
Calaveras,2021-01-20,378,2194,82,1159,296,1035,0,0,290,1311,87,453,302,1764,California
Calaveras,2021-01-21,463,2657,40,1199,423,1458,0,0,427,1715,36,489,440,2204,California
Calaveras,2021-01-22,402,3059,23,1222,379,1837,0,0,391,2103,11,500,399,2603,California
Calaveras,2021-01-23,18,3077,8,1230,10,1847,0,0,17,2119,1,501,17,2620,California
Calaveras,2021-01-24,14,3091,8,1238,6,1853,0,0,12,2129,2,503,12,2632,California
Calaveras,2021-01-25,86,3177,8,1246,78,1931,0,0,81,2205,5,508,81,2713,California
Calaveras,2021-01-26,48,3225,16,1262,32,1963,0,0,39,2235,9,517,39,2752,California
Calaveras,2021-01-27,131,3356,44,1306,87,2050,0,0,102,2309,28,545,102,2854,California
Calaveras,2021-01-28,165,3521,25,1331,140,2190,0,0,140,2428,25,570,144,2998,California
Calaveras,2021-01-29,375,3896,12,1343,363,2553,0,0,345,2756,30,600,358,3356,California
Calaveras,2021-01-30,27,3923,10,1353,17,2570,0,0,25,2781,0,600,25,3381,California
Calaveras,2021-01-31,6,3929,4,1357,2,2572,0,0,5,2785,1,601,5,3386,California
Calaveras,2021-02-01,26,3955,11,1368,15,2587,0,0,17,2793,9,610,17,3403,California
Calaveras,2021-02-02,110,4065,22,1390,88,2675,0,0,71,2831,34,644,72,3475,California
Calaveras,2021-02-03,434,4499,44,1434,390,3065,0,0,349,3098,84,728,351,3826,California
Calaveras,2021-02-04,383,4882,26,1460,357,3422,0,0,298,3314,85,813,301,4127,California
Calaveras,2021-02-05,79,4961,22,1482,57,3479,0,0,41,3318,38,851,42,4169,California
Calaveras,2021-02-06,21,4982,12,1494,9,3488,0,0,21,3339,0,851,21,4190,California
Calaveras,2021-02-07,5,4987,1,1495,4,3492,0,0,2,3339,2,853,2,4192,California
Calaveras,2021-02-08,38,5025,17,1512,21,3513,0,0,30,3363,6,859,30,4222,California
Calaveras,2021-02-09,193,5218,77,1589,116,3629,0,0,131,3435,60,919,132,4354,California
Calaveras,2021-02-10,514,5732,31,1620,483,4112,0,0,441,3809,73,992,447,4801,California
Calaveras,2021-02-11,581,6313,81,1701,500,4612,0,0,472,4179,106,1098,476,5277,California
Calaveras,2021-02-12,569,6882,324,2025,245,4857,0,0,492,4599,75,1173,495,5772,California
Calaveras,2021-02-13,200,7082,45,2070,155,5012,0,0,185,4769,15,1188,185,5957,California
Calaveras,2021-02-14,221,7303,71,2141,150,5162,0,0,206,4961,14,1202,206,6163,California
Calaveras,2021-02-15,382,7685,23,2164,359,5521,0,0,262,5106,117,1319,262,6425,California
Calaveras,2021-02-16,267,7952,144,2308,123,5644,0,0,229,5300,38,1357,232,6657,California
Calaveras,2021-02-17,512,8464,38,2346,474,6118,0,0,208,5220,292,1649,212,6869,California
Calaveras,2021-02-18,498,8962,91,2437,407,6525,0,0,95,4932,384,2033,96,6965,California
Calaveras,2021-02-19,438,9400,42,2479,396,6921,0,0,97,4699,330,2363,97,7062,California
Calaveras,2021-02-20,57,9457,15,2494,42,6963,0,0,47,4736,10,2373,47,7109,California
Calaveras,2021-02-21,25,9482,15,2509,10,6973,0,0,18,4748,6,2379,18,7127,California
Calaveras,2021-02-22,62,9544,38,2547,24,6997,0,0,33,4752,29,2408,33,7160,California
Calaveras,2021-02-23,128,9672,43,2590,85,7082,0,0,92,4809,36,2444,93,7253,California
Calaveras,2021-02-24,96,9768,47,2637,49,7131,0,0,66,4846,29,2473,66,7319,California
Calaveras,2021-02-25,552,10320,102,2739,450,7581,0,0,356,5016,191,2664,361,7680,California
Calaveras,2021-02-26,749,11069,46,2785,703,8284,0,0,396,5081,332,2996,397,8077,California
Calaveras,2021-02-27,205,11274,22,2807,183,8467,0,0,181,5238,24,3020,181,8258,California
Calaveras,2021-02-28,97,11371,15,2822,82,8549,0,0,91,5324,5,3025,91,8349,California
Calaveras,2021-03-01,232,11603,42,2864,190,8739,0,0,149,5395,79,3104,150,8499,California
Calaveras,2021-03-02,250,11853,97,2961,153,8892,0,0,204,5557,43,3147,205,8704,California
Calaveras,2021-03-03,515,12368,105,3066,410,9302,0,0,213,5474,296,3443,213,8917,California
Calaveras,2021-03-04,745,13113,69,3135,675,9977,1,1,353,5446,383,3826,355,9272,California
Calaveras,2021-03-05,454,13567,271,3406,179,10156,4,5,140,5281,309,4135,144,9416,California
Calaveras,2021-03-06,154,13721,41,3447,107,10263,6,11,114,5361,40,4175,120,9536,California
Calaveras,2021-03-07,76,13797,32,3479,37,10300,7,18,34,5360,42,4217,41,9577,California
Calaveras,2021-03-08,163,13960,27,3506,128,10428,8,26,129,5464,33,4250,137,9714,California
Calaveras,2021-03-09,360,14320,136,3642,218,10646,6,32,32,5180,322,4572,38,9752,California
Calaveras,2021-03-10,420,14740,32,3674,385,11031,3,35,59,4888,354,4926,62,9814,California
Calaveras,2021-03-11,850,15590,423,4097,414,11445,13,48,431,4921,413,5339,446,10260,California
Calaveras,2021-03-12,401,15991,212,4309,179,11624,10,58,325,5187,75,5414,341,10601,California
Calaveras,2021-03-13,177,16168,15,4324,154,11778,8,66,140,5303,36,5450,152,10753,California
Calaveras,2021-03-14,155,16323,11,4335,143,11921,1,67,17,5190,138,5588,25,10778,California
Calaveras,2021-03-15,329,16652,48,4383,256,12177,25,92,52,4995,276,5864,81,10859,California
Calaveras,2021-03-16,690,17342,554,4937,116,12293,20,112,546,5419,142,6006,566,11425,California
Calaveras,2021-03-17,279,17621,52,4989,213,12506,14,126,49,5258,225,6231,64,11489,California
Calaveras,2021-03-18,665,18286,570,5559,79,12585,16,142,547,5705,118,6349,565,12054,California
Calaveras,2021-03-19,232,18518,50,5609,108,12693,74,216,58,5665,170,6519,130,12184,California
Calaveras,2021-03-20,78,18596,22,5631,55,12748,1,217,21,5631,57,6576,23,12207,California
Calaveras,2021-03-21,46,18642,30,5661,5,12753,11,228,11,5618,35,6611,22,12229,California
Calaveras,2021-03-22,80,18722,36,5697,23,12776,21,249,25,5609,55,6666,46,12275,California
Calaveras,2021-03-23,296,19018,205,5902,81,12857,10,259,118,5569,168,6834,128,12403,California
Calaveras,2021-03-24,136,19154,52,5954,74,12931,10,269,44,5533,90,6924,54,12457,California
Calaveras,2021-03-25,743,19897,103,6057,636,13567,4,273,446,5694,289,7213,450,12907,California
Calaveras,2021-03-26,427,20324,28,6085,393,13960,6,279,88,5454,336,7549,96,13003,California
Calaveras,2021-03-27,211,20535,18,6103,189,14149,4,283,37,5326,171,7720,43,13046,California
Calaveras,2021-03-28,112,20647,12,6115,98,14247,2,285,8,5234,103,7823,11,13057,California
Calaveras,2021-03-29,177,20824,23,6138,151,14398,3,288,57,5177,118,7941,61,13118,California
Calaveras,2021-03-30,538,21362,25,6163,496,14894,17,305,360,5377,177,8118,377,13495,California
Calaveras,2021-03-31,322,21684,142,6305,170,15064,10,315,155,5376,167,8285,166,13661,California
Calaveras,2021-04-01,685,22369,444,6749,240,15304,1,316,186,5071,496,8781,191,13852,California
Calaveras,2021-04-02,392,22761,229,6978,155,15459,8,324,116,4923,273,9054,125,13977,California
Calaveras,2021-04-03,144,22905,33,7011,107,15566,4,328,40,4863,104,9158,44,14021,California
Calaveras,2021-04-04,78,22983,25,7036,53,15619,0,328,49,4883,29,9187,49,14070,California
Calaveras,2021-04-05,213,23196,82,7118,121,15740,10,338,101,4882,112,9299,111,14181,California
Calaveras,2021-04-06,652,23848,574,7692,64,15804,14,352,112,4472,536,9835,126,14307,California
Calaveras,2021-04-07,756,24604,659,8351,61,15865,36,388,619,4991,137,9972,656,14963,California
Calaveras,2021-04-08,946,25550,856,9207,69,15934,21,409,437,4944,506,10478,459,15422,California
Calaveras,2021-04-09,155,25705,59,9266,48,15982,48,457,57,4953,97,10575,106,15528,California
Calaveras,2021-04-10,192,25897,43,9309,131,16113,18,475,149,5079,42,10617,168,15696,California
Calaveras,2021-04-11,68,25965,44,9353,22,16135,2,477,48,5109,20,10637,50,15746,California
Calaveras,2021-04-12,101,26066,46,9399,37,16172,18,495,55,5137,46,10683,74,15820,California
Calaveras,2021-04-13,423,26489,368,9767,55,16227,0,495,364,5445,58,10741,366,16186,California
Calaveras,2021-04-14,181,26670,29,9796,152,16379,0,495,135,5535,46,10787,136,16322,California
Calaveras,2021-04-15,336,27006,287,10083,49,16428,0,495,253,5708,80,10867,253,16575,California
Calaveras,2021-04-16,99,27105,24,10107,75,16503,0,495,46,5705,49,10916,46,16621,California
Calaveras,2021-04-17,330,27435,126,10233,204,16707,0,495,288,5951,42,10958,288,16909,California
Calaveras,2021-04-18,17,27452,6,10239,11,16718,0,495,11,5956,6,10964,11,16920,California
Calaveras,2021-04-19,73,27525,27,10266,46,16764,0,495,45,5975,27,10991,46,16966,California
Calaveras,2021-04-20,261,27786,92,10358,169,16933,0,495,194,6104,65,11056,194,17160,California
Calaveras,2021-04-21,214,28000,144,10502,70,17003,0,495,81,6055,131,11187,82,17242,California
Calaveras,2021-04-22,542,28542,96,10598,446,17449,0,495,141,5799,399,11586,143,17385,California
Calaveras,2021-04-23,157,28699,79,10677,78,17527,0,495,64,5773,90,11676,64,17449,California
Calaveras,2021-04-24,172,28871,36,10713,136,17663,0,495,129,5861,42,11718,130,17579,California
Calaveras,2021-04-25,43,28914,28,10741,15,17678,0,495,22,5864,21,11739,24,17603,California
Calaveras,2021-04-26,102,29016,64,10805,38,17716,0,495,30,5823,72,11811,31,17634,California
Calaveras,2021-04-27,429,29445,65,10870,351,18067,13,508,53,5516,373,12184,66,17700,California
Calaveras,2021-04-28,642,30087,575,11445,36,18103,31,539,51,5015,590,12774,89,17789,California
Calaveras,2021-04-29,512,30599,440,11885,53,18156,19,558,72,4672,439,13213,96,17885,California
Calaveras,2021-04-30,147,30746,58,11943,84,18240,5,563,65,4667,81,13294,76,17961,California
Calaveras,2021-05-01,199,30945,110,12053,87,18327,2,565,132,4739,66,13360,138,18099,California
Calaveras,2021-05-02,51,30996,34,12087,16,18343,1,566,19,4729,31,13391,21,18120,California
Calaveras,2021-05-03,92,31088,68,12155,19,18362,5,571,29,4704,63,13454,38,18158,California
Calaveras,2021-05-04,412,31500,329,12484,46,18408,37,608,41,4413,370,13824,79,18237,California
Calaveras,2021-05-05,112,31612,57,12541,23,18431,32,640,49,4431,62,13886,80,18317,California
Calaveras,2021-05-06,254,31866,194,12735,36,18467,24,664,47,4296,207,14093,72,18389,California
Calaveras,2021-05-07,83,31949,23,12758,54,18521,6,670,54,4327,29,14122,60,18449,California
Calaveras,2021-05-08,290,32239,141,12899,147,18668,2,672,92,4225,196,14318,94,18543,California
Calaveras,2021-05-09,28,32267,12,12911,13,18681,3,675,12,4224,16,14334,15,18558,California
Calaveras,2021-05-10,55,32322,25,12936,29,18710,1,676,24,4221,29,14363,26,18584,California
Calaveras,2021-05-11,128,32450,84,13020,31,18741,13,689,89,4286,38,14401,103,18687,California
Calaveras,2021-05-12,156,32606,36,13056,120,18861,0,689,44,4219,111,14512,44,18731,California
Calaveras,2021-05-13,113,32719,60,13116,38,18899,15,704,60,4242,52,14564,75,18806,California
Calaveras,2021-05-14,150,32869,93,13209,54,18953,3,707,101,4298,48,14612,104,18910,California
Calaveras,2021-05-15,265,33134,92,13301,170,19123,3,710,105,4252,154,14766,108,19018,California
Calaveras,2021-05-16,28,33162,11,13312,17,19140,0,710,13,4251,15,14781,14,19032,California
Calaveras,2021-05-17,87,33249,40,13352,40,19180,7,717,45,4263,41,14822,53,19085,California
Calaveras,2021-05-18,223,33472,60,13412,141,19321,22,739,71,4205,151,14973,93,19178,California
Calaveras,2021-05-19,146,33618,59,13471,82,19403,5,744,71,4208,74,15047,77,19255,California
Calaveras,2021-05-20,184,33802,73,13544,87,19490,24,768,62,4174,119,15166,85,19340,California
Calaveras,2021-05-21,79,33881,49,13593,26,19516,4,772,50,4200,27,15193,53,19393,California
Calaveras,2021-05-22,282,34163,157,13750,125,19641,0,772,141,4202,139,15332,141,19534,California
Calaveras,2021-05-23,18,34181,14,13764,4,19645,0,772,10,4204,8,15340,10,19544,California
Calaveras,2021-05-24,73,34254,37,13801,20,19665,16,788,33,4214,40,15380,50,19594,California
Calaveras,2021-05-25,121,34375,46,13847,58,19723,17,805,60,4230,61,15441,77,19671,California
Calaveras,2021-05-26,119,34494,86,13933,29,19752,4,809,82,4279,36,15477,85,19756,California
Calaveras,2021-05-27,83,34577,43,13976,36,19788,4,813,27,4258,53,15530,32,19788,California
Calaveras,2021-05-28,83,34660,43,14019,36,19824,4,817,41,4261,42,15572,45,19833,California
Calaveras,2021-05-29,68,34728,23,14042,40,19864,5,822,33,4265,34,15606,38,19871,California
Calaveras,2021-05-30,36,34764,14,14056,17,19881,5,827,11,4256,25,15631,16,19887,California
Calaveras,2021-05-31,5,34769,0,14056,3,19884,2,829,0,4253,5,15636,2,19889,California
Calaveras,2021-06-01,144,34913,97,14153,41,19925,6,835,45,4205,99,15735,51,19940,California
Calaveras,2021-06-02,62,34975,32,14185,26,19951,4,839,25,4197,37,15772,29,19969,California
Calaveras,2021-06-03,59,35034,34,14219,21,19972,4,843,27,4199,31,15803,33,20002,California
Calaveras,2021-06-04,50,35084,33,14252,17,19989,0,843,24,4197,26,15829,24,20026,California
Calaveras,2021-06-05,1,35085,1,14253,0,19989,0,843,1,4198,0,15829,1,20027,California
Colusa,2020-12-18,1,1,1,1,0,0,0,0,1,1,0,0,1,1,California
Colusa,2020-12-21,2,3,2,3,0,0,0,0,2,3,0,0,2,3,California
Colusa,2020-12-22,10,13,10,13,0,0,0,0,10,13,0,0,10,13,California
Colusa,2020-12-23,10,23,10,23,0,0,0,0,10,23,0,0,10,23,California
Colusa,2020-12-24,2,25,1,24,1,1,0,0,2,25,0,0,2,25,California
Colusa,2020-12-27,1,26,1,25,0,1,0,0,1,26,0,0,1,26,California
Colusa,2020-12-28,7,33,3,28,4,5,0,0,7,33,0,0,7,33,California
Colusa,2020-12-29,11,44,8,36,3,8,0,0,11,44,0,0,11,44,California
Colusa,2020-12-30,50,94,13,49,37,45,0,0,50,94,0,0,50,94,California
Colusa,2020-12-31,18,112,1,50,17,62,0,0,18,112,0,0,18,112,California
Colusa,2021-01-04,4,116,0,50,4,66,0,0,4,116,0,0,4,116,California
Colusa,2021-01-05,67,183,1,51,66,132,0,0,67,183,0,0,67,183,California
Colusa,2021-01-06,15,198,9,60,6,138,0,0,15,198,0,0,15,198,California
Colusa,2021-01-07,38,236,4,64,34,172,0,0,37,234,1,1,37,235,California
Colusa,2021-01-08,9,245,7,71,2,174,0,0,8,241,1,2,8,243,California
Colusa,2021-01-09,2,247,1,72,1,175,0,0,2,243,0,2,2,245,California
Colusa,2021-01-10,1,248,0,72,1,176,0,0,1,244,0,2,1,246,California
Colusa,2021-01-11,12,260,6,78,6,182,0,0,7,246,5,7,7,253,California
Colusa,2021-01-12,11,271,9,87,2,184,0,0,6,247,5,12,6,259,California
Colusa,2021-01-13,21,292,13,100,8,192,0,0,13,252,8,20,13,272,California
Colusa,2021-01-14,35,327,28,128,7,199,0,0,33,283,2,22,33,305,California
Colusa,2021-01-15,43,370,5,133,38,237,0,0,41,322,2,24,41,346,California
Colusa,2021-01-16,12,382,1,134,11,248,0,0,11,332,1,25,11,357,California
Colusa,2021-01-17,3,385,2,136,1,249,0,0,2,333,1,26,2,359,California
Colusa,2021-01-18,4,389,0,136,4,253,0,0,4,337,0,26,4,363,California
Colusa,2021-01-19,9,398,8,144,1,254,0,0,5,338,4,30,5,368,California
Colusa,2021-01-20,113,511,101,245,12,266,0,0,100,425,13,43,100,468,California
Colusa,2021-01-21,58,569,43,288,15,281,0,0,57,481,1,44,57,525,California
Colusa,2021-01-22,37,606,17,305,20,301,0,0,32,508,5,49,32,557,California
Colusa,2021-01-23,35,641,6,311,29,330,0,0,35,543,0,49,35,592,California
Colusa,2021-01-25,7,648,0,311,7,337,0,0,7,550,0,49,7,599,California
Colusa,2021-01-26,8,656,5,316,3,340,0,0,5,552,3,52,5,604,California
Colusa,2021-01-27,109,765,31,347,78,418,0,0,107,657,2,54,107,711,California
Colusa,2021-01-28,79,844,46,393,33,451,0,0,72,722,7,61,72,783,California
Colusa,2021-01-29,40,884,7,400,33,484,0,0,39,760,1,62,39,822,California
Colusa,2021-01-30,27,911,4,404,23,507,0,0,27,787,0,62,27,849,California
Colusa,2021-01-31,7,918,7,411,0,507,0,0,7,794,0,62,7,856,California
Colusa,2021-02-01,27,945,10,421,17,524,0,0,22,811,5,67,22,878,California
Colusa,2021-02-02,44,989,9,430,35,559,0,0,37,841,7,74,37,915,California
Colusa,2021-02-03,70,1059,11,441,59,618,0,0,60,891,10,84,60,975,California
Colusa,2021-02-04,143,1202,81,522,62,680,0,0,115,978,28,112,115,1090,California
Colusa,2021-02-05,29,1231,8,530,21,701,0,0,26,1001,3,115,26,1116,California
Colusa,2021-02-06,283,1514,9,539,274,975,0,0,272,1262,11,126,272,1388,California
Colusa,2021-02-07,2,1516,1,540,1,976,0,0,0,1260,2,128,0,1388,California
Colusa,2021-02-08,40,1556,5,545,35,1011,0,0,37,1294,3,131,37,1425,California
Colusa,2021-02-09,230,1786,14,559,216,1227,0,0,176,1416,54,185,176,1601,California
Colusa,2021-02-10,115,1901,41,600,74,1301,0,0,72,1445,43,228,72,1673,California
Colusa,2021-02-11,102,2003,39,639,63,1364,0,0,75,1493,27,255,75,1748,California
Colusa,2021-02-12,119,2122,9,648,110,1474,0,0,79,1531,41,296,79,1827,California
Colusa,2021-02-13,60,2182,8,656,52,1526,0,0,52,1575,8,304,52,1879,California
Colusa,2021-02-14,21,2203,8,664,13,1539,0,0,15,1584,6,310,15,1894,California
Colusa,2021-02-15,45,2248,10,674,35,1574,0,0,38,1615,7,317,38,1932,California
Colusa,2021-02-16,67,2315,4,678,63,1637,0,0,66,1680,1,318,66,1998,California
Colusa,2021-02-17,203,2518,143,821,60,1697,0,0,58,1593,145,463,58,2056,California
Colusa,2021-02-18,136,2654,36,857,100,1797,0,0,113,1683,23,486,113,2169,California
Colusa,2021-02-19,153,2807,19,876,134,1931,0,0,130,1790,23,509,130,2299,California
Colusa,2021-02-20,27,2834,5,881,22,1953,0,0,11,1785,16,525,11,2310,California
Colusa,2021-02-21,1,2835,1,882,0,1953,0,0,0,1784,1,526,0,2310,California
Colusa,2021-02-22,43,2878,26,908,17,1970,0,0,29,1799,14,540,29,2339,California
Colusa,2021-02-23,22,2900,7,915,15,1985,0,0,17,1811,5,545,17,2356,California
Colusa,2021-02-24,302,3202,55,970,247,2232,0,0,158,1825,144,689,158,2514,California
Colusa,2021-02-25,102,3304,55,1025,47,2279,0,0,66,1855,36,725,66,2580,California
Colusa,2021-02-26,96,3400,14,1039,82,2361,0,0,59,1877,37,762,59,2639,California
Colusa,2021-02-27,55,3455,4,1043,51,2412,0,0,40,1902,15,777,40,2679,California
Colusa,2021-02-28,27,3482,15,1058,12,2424,0,0,18,1911,9,786,18,2697,California
Colusa,2021-03-01,46,3528,15,1073,31,2455,0,0,29,1923,17,803,29,2726,California
Colusa,2021-03-02,49,3577,13,1086,36,2491,0,0,26,1926,23,826,26,2752,California
Colusa,2021-03-03,243,3820,43,1129,200,2691,0,0,186,2055,57,883,186,2938,California
Colusa,2021-03-04,140,3960,60,1189,80,2771,0,0,80,2075,60,943,80,3018,California
Colusa,2021-03-05,95,4055,25,1214,61,2832,9,9,53,2095,42,985,62,3080,California
Colusa,2021-03-06,272,4327,9,1223,263,3095,0,9,37,1897,235,1220,37,3117,California
Colusa,2021-03-07,8,4335,5,1228,3,3098,0,9,6,1901,2,1222,6,3123,California
Colusa,2021-03-08,89,4424,21,1249,33,3131,35,44,45,1937,44,1266,80,3203,California
Colusa,2021-03-09,276,4700,75,1324,178,3309,23,67,86,1856,190,1456,109,3312,California
Colusa,2021-03-10,290,4990,38,1362,216,3525,36,103,204,2010,86,1542,240,3552,California
Colusa,2021-03-11,419,5409,60,1422,338,3863,21,124,337,2284,82,1624,356,3908,California
Colusa,2021-03-12,109,5518,18,1440,78,3941,13,137,19,2226,90,1714,32,3940,California
Colusa,2021-03-13,60,5578,15,1455,36,3977,9,146,18,2211,42,1756,27,3967,California
Colusa,2021-03-14,20,5598,0,1455,18,3995,2,148,6,2206,13,1769,8,3975,California
Colusa,2021-03-15,71,5669,27,1482,36,4031,8,156,15,2173,56,1825,23,3998,California
Colusa,2021-03-16,296,5965,16,1498,234,4265,46,202,189,2301,107,1932,235,4233,California
Colusa,2021-03-17,193,6158,50,1548,143,4408,0,202,108,2324,85,2017,108,4341,California
Colusa,2021-03-18,324,6482,37,1585,216,4624,71,273,201,2473,123,2140,272,4613,California
Colusa,2021-03-19,78,6560,20,1605,56,4680,2,275,53,2503,25,2165,55,4668,California
Colusa,2021-03-20,49,6609,7,1612,41,4721,1,276,36,2527,13,2178,37,4705,California
Colusa,2021-03-21,6,6615,4,1616,2,4723,0,276,3,2527,3,2181,3,4708,California
Colusa,2021-03-22,62,6677,10,1626,43,4766,9,285,40,2554,22,2203,49,4757,California
Colusa,2021-03-23,81,6758,16,1642,63,4829,2,287,55,2585,26,2229,57,4814,California
Colusa,2021-03-24,341,7099,57,1699,278,5107,6,293,68,2385,273,2502,73,4887,California
Colusa,2021-03-25,107,7206,60,1759,42,5149,5,298,50,2383,57,2559,55,4942,California
Colusa,2021-03-26,298,7504,48,1807,246,5395,4,302,246,2581,52,2611,250,5192,California
Colusa,2021-03-27,64,7568,5,1812,59,5454,0,302,26,2569,38,2649,26,5218,California
Colusa,2021-03-28,16,7584,7,1819,9,5463,0,302,8,2569,8,2657,8,5226,California
Colusa,2021-03-29,73,7657,21,1840,46,5509,6,308,33,2568,40,2697,39,5265,California
Colusa,2021-03-30,151,7808,83,1923,66,5575,2,310,71,2561,80,2777,73,5338,California
Colusa,2021-03-31,234,8042,41,1964,193,5768,0,310,73,2474,160,2937,73,5411,California
Colusa,2021-04-01,435,8477,72,2036,308,6076,55,365,312,2718,122,3059,366,5777,California
Colusa,2021-04-02,83,8560,14,2050,55,6131,14,379,39,2727,44,3103,53,5830,California
Colusa,2021-04-03,61,8621,10,2060,28,6159,23,402,14,2716,47,3150,36,5866,California
Colusa,2021-04-04,18,8639,0,2060,8,6167,10,412,3,2714,15,3165,13,5879,California
Colusa,2021-04-05,97,8736,26,2086,55,6222,16,428,39,2711,58,3223,55,5934,California
Colusa,2021-04-06,130,8866,35,2121,45,6267,50,478,43,2717,87,3310,93,6027,California
Colusa,2021-04-07,358,9224,41,2162,294,6561,23,501,131,2645,227,3537,155,6182,California
Colusa,2021-04-08,425,9649,34,2196,365,6926,26,527,121,2491,301,3838,147,6329,California
Colusa,2021-04-09,77,9726,21,2217,32,6958,24,551,28,2494,49,3887,52,6381,California
Colusa,2021-04-10,44,9770,9,2226,14,6972,21,572,11,2493,33,3920,32,6413,California
Colusa,2021-04-11,17,9787,3,2229,12,6984,2,574,8,2494,9,3929,10,6423,California
Colusa,2021-04-12,32,9819,3,2232,29,7013,0,574,25,2512,7,3936,25,6448,California
Colusa,2021-04-13,278,10097,22,2254,256,7269,0,574,93,2421,184,4120,93,6541,California
Colusa,2021-04-14,94,10191,18,2272,76,7345,0,574,33,2393,61,4181,33,6574,California
Colusa,2021-04-15,325,10516,46,2318,279,7624,0,574,133,2334,192,4373,133,6707,California
Colusa,2021-04-16,79,10595,11,2329,68,7692,0,574,35,2326,43,4416,35,6742,California
Colusa,2021-04-17,51,10646,7,2336,44,7736,0,574,29,2333,22,4438,29,6771,California
Colusa,2021-04-18,9,10655,2,2338,7,7743,0,574,7,2338,2,4440,7,6778,California
Colusa,2021-04-19,61,10716,22,2360,39,7782,0,574,16,2309,45,4485,16,6794,California
Colusa,2021-04-20,178,10894,31,2391,147,7929,0,574,129,2389,49,4534,129,6923,California
Colusa,2021-04-21,170,11064,59,2450,111,8040,0,574,110,2439,60,4594,110,7033,California
Colusa,2021-04-22,420,11484,27,2477,392,8432,1,575,218,2456,201,4795,218,7251,California
Colusa,2021-04-23,92,11576,19,2496,73,8505,0,575,36,2436,56,4851,36,7287,California
Colusa,2021-04-24,241,11817,19,2515,221,8726,1,576,209,2613,32,4883,209,7496,California
Colusa,2021-04-25,12,11829,6,2521,6,8732,0,576,8,2617,4,4887,8,7504,California
Colusa,2021-04-26,23,11852,5,2526,17,8749,1,577,6,2607,16,4903,6,7510,California
Colusa,2021-04-27,94,11946,23,2549,67,8816,4,581,44,2605,50,4953,48,7558,California
Colusa,2021-04-28,189,12135,27,2576,159,8975,3,584,139,2698,49,5002,142,7700,California
Colusa,2021-04-29,319,12454,27,2603,288,9263,4,588,47,2479,270,5272,51,7751,California
Colusa,2021-04-30,65,12519,18,2621,47,9310,0,588,41,2496,24,5296,41,7792,California
Colusa,2021-05-01,19,12538,8,2629,8,9318,3,591,9,2498,10,5306,12,7804,California
Colusa,2021-05-02,4,12542,1,2630,2,9320,1,592,2,2499,2,5308,3,7807,California
Colusa,2021-05-03,31,12573,7,2637,24,9344,0,592,15,2498,16,5324,15,7822,California
Colusa,2021-05-04,95,12668,52,2689,42,9386,1,593,68,2540,27,5351,69,7891,California
Colusa,2021-05-05,79,12747,16,2705,62,9448,1,594,34,2530,45,5396,35,7926,California
Colusa,2021-05-06,254,13001,16,2721,236,9684,2,596,111,2500,143,5539,113,8039,California
Colusa,2021-05-07,67,13068,5,2726,58,9742,4,600,31,2499,36,5575,35,8074,California
Colusa,2021-05-08,17,13085,5,2731,12,9754,0,600,9,2500,8,5583,9,8083,California
Colusa,2021-05-09,13,13098,5,2736,5,9759,3,603,6,2502,7,5590,9,8092,California
Colusa,2021-05-10,16,13114,6,2742,10,9769,0,603,7,2500,9,5599,7,8099,California
Colusa,2021-05-11,92,13206,33,2775,59,9828,0,603,50,2508,42,5641,50,8149,California
Colusa,2021-05-12,71,13277,31,2806,36,9864,4,607,20,2481,51,5692,24,8173,California
Colusa,2021-05-13,239,13516,22,2828,216,10080,1,608,76,2395,163,5855,77,8250,California
Colusa,2021-05-14,86,13602,18,2846,53,10133,15,623,33,2391,52,5907,48,8298,California
Colusa,2021-05-15,37,13639,9,2855,26,10159,2,625,19,2394,18,5925,21,8319,California
Colusa,2021-05-16,22,13661,5,2860,10,10169,7,632,9,2397,13,5938,16,8335,California
Colusa,2021-05-17,24,13685,4,2864,18,10187,2,634,12,2399,12,5950,14,8349,California
Colusa,2021-05-18,98,13783,24,2888,72,10259,2,636,43,2389,55,6005,45,8394,California
Colusa,2021-05-19,217,14000,43,2931,154,10413,20,656,67,2326,150,6155,87,8481,California
Colusa,2021-05-20,281,14281,34,2965,243,10656,4,660,69,2187,212,6367,73,8554,California
Colusa,2021-05-21,68,14349,23,2988,43,10699,2,662,36,2193,32,6399,38,8592,California
Colusa,2021-05-22,214,14563,20,3008,194,10893,0,662,28,2035,186,6585,28,8620,California
Colusa,2021-05-23,15,14578,5,3013,6,10899,4,666,3,2030,12,6597,7,8627,California
Colusa,2021-05-24,26,14604,3,3016,18,10917,5,671,15,2039,11,6608,20,8647,California
Colusa,2021-05-25,132,14736,73,3089,57,10974,2,673,50,2009,82,6690,52,8699,California
Colusa,2021-05-26,71,14807,24,3113,47,11021,0,673,32,2002,39,6729,32,8731,California
Colusa,2021-05-27,170,14977,17,3130,153,11174,0,673,54,1940,116,6845,54,8785,California
Colusa,2021-05-28,80,15057,26,3156,53,11227,1,674,40,1941,40,6885,41,8826,California
Colusa,2021-05-29,37,15094,18,3174,18,11245,1,675,29,1963,8,6893,30,8856,California
Colusa,2021-05-30,8,15102,1,3175,2,11247,5,680,1,1962,7,6900,6,8862,California
Colusa,2021-05-31,4,15106,0,3175,4,11251,0,680,1,1960,3,6903,1,8863,California
Colusa,2021-06-01,53,15159,17,3192,35,11286,1,681,28,1965,24,6927,29,8892,California
Colusa,2021-06-02,146,15305,20,3212,124,11410,2,683,52,1926,93,7020,54,8946,California
Colusa,2021-06-03,63,15368,20,3232,42,11452,1,684,28,1923,32,7052,29,8975,California
Colusa,2021-06-04,53,15421,18,3250,32,11484,3,687,16,1906,36,7088,19,8994,California
Colusa,2021-06-05,6,15427,6,3256,0,11484,0,687,4,1908,2,7090,4,8998,California
Contra Costa,2020-12-15,18,18,18,18,0,0,0,0,18,18,0,0,18,18,California
Contra Costa,2020-12-16,523,541,523,541,0,0,0,0,523,541,0,0,523,541,California
Contra Costa,2020-12-17,1047,1588,1047,1588,0,0,0,0,1047,1588,0,0,1047,1588,California
Contra Costa,2020-12-18,1760,3348,1759,3347,1,1,0,0,1760,3348,0,0,1760,3348,California
Contra Costa,2020-12-19,1118,4466,1117,4464,1,2,0,0,1118,4466,0,0,1118,4466,California
Contra Costa,2020-12-20,598,5064,597,5061,1,3,0,0,598,5064,0,0,598,5064,California
Contra Costa,2020-12-21,1668,6732,1666,6727,2,5,0,0,1668,6732,0,0,1668,6732,California
Contra Costa,2020-12-22,1677,8409,1571,8298,106,111,0,0,1677,8409,0,0,1677,8409,California
Contra Costa,2020-12-23,1621,10030,1373,9671,248,359,0,0,1621,10030,0,0,1621,10030,California
Contra Costa,2020-12-24,662,10692,339,10010,323,682,0,0,662,10692,0,0,662,10692,California
Contra Costa,2020-12-25,40,10732,18,10028,22,704,0,0,40,10732,0,0,40,10732,California
Contra Costa,2020-12-26,656,11388,134,10162,522,1226,0,0,656,11388,0,0,656,11388,California
Contra Costa,2020-12-27,243,11631,86,10248,157,1383,0,0,243,11631,0,0,243,11631,California
Contra Costa,2020-12-28,1851,13482,869,11117,982,2365,0,0,1851,13482,0,0,1851,13482,California
Contra Costa,2020-12-29,1845,15327,824,11941,1021,3386,0,0,1845,15327,0,0,1845,15327,California
Contra Costa,2020-12-30,2415,17742,1215,13156,1200,4586,0,0,2414,17741,1,1,2415,17742,California
Contra Costa,2020-12-31,924,18666,307,13463,617,5203,0,0,923,18664,0,1,923,18665,California
Contra Costa,2021-01-01,64,18730,24,13487,40,5243,0,0,64,18728,0,1,64,18729,California
Contra Costa,2021-01-02,339,19069,174,13661,165,5408,0,0,339,19067,0,1,339,19068,California
Contra Costa,2021-01-03,180,19249,122,13783,58,5466,0,0,179,19246,0,1,179,19247,California
Contra Costa,2021-01-04,1918,21167,1256,15039,662,6128,0,0,1889,21108,27,28,1889,21136,California
Contra Costa,2021-01-05,2119,23286,1264,16303,855,6983,0,0,1833,22657,285,313,1834,22970,California
Contra Costa,2021-01-06,3308,26594,2268,18571,1040,8023,0,0,2494,24347,808,1121,2498,25468,California
Contra Costa,2021-01-07,3117,29711,2077,20648,1040,9063,0,0,1797,24827,1317,2438,1797,27265,California
Contra Costa,2021-01-08,3411,33122,2410,23058,1001,10064,0,0,1759,24942,1647,4085,1762,29027,California
Contra Costa,2021-01-09,1603,34725,1149,24207,454,10518,0,0,737,24816,865,4950,739,29766,California
Contra Costa,2021-01-10,368,35093,291,24498,77,10595,0,0,155,24758,213,5163,155,29921,California
Contra Costa,2021-01-11,3855,38948,3157,27655,698,11293,0,0,2229,25364,1626,6789,2232,32153,California
Contra Costa,2021-01-12,3936,42884,2956,30611,980,12273,0,0,2589,26610,1347,8136,2593,34746,California
Contra Costa,2021-01-13,4761,47645,2955,33566,1806,14079,0,0,3801,29456,956,9092,3802,38548,California
Contra Costa,2021-01-14,4340,51985,1574,35140,2766,16845,0,0,3953,33022,387,9479,3953,42501,California
Contra Costa,2021-01-15,5360,57345,2472,37612,2888,19733,0,0,5032,37731,327,9806,5036,47537,California
Contra Costa,2021-01-16,1735,59080,561,38173,1174,20907,0,0,1659,39314,76,9882,1659,49196,California
Contra Costa,2021-01-17,1663,60743,978,39151,685,21592,0,0,1541,40736,122,10004,1544,50740,California
Contra Costa,2021-01-18,3234,63977,1278,40429,1956,23548,0,0,2606,42721,622,10626,2607,53347,California
Contra Costa,2021-01-19,7084,71061,3170,43599,3914,27462,0,0,6075,47795,1006,11632,6080,59427,California
Contra Costa,2021-01-20,6717,77778,4136,47735,2581,30043,0,0,5479,52045,1234,12866,5484,64911,California
Contra Costa,2021-01-21,7005,84783,3110,50845,3895,33938,0,0,6271,57596,728,13594,6279,71190,California
Contra Costa,2021-01-22,6420,91203,2728,53573,3692,37630,0,0,5554,62296,857,14451,5557,76747,California
Contra Costa,2021-01-23,2055,93258,361,53934,1694,39324,0,0,1792,63829,261,14712,1794,78541,California
Contra Costa,2021-01-24,1600,94858,219,54153,1381,40705,0,0,1452,65137,148,14860,1456,79997,California
Contra Costa,2021-01-25,6720,101578,3051,57204,3669,44374,0,0,5135,68693,1583,16443,5139,85136,California
Contra Costa,2021-01-26,8185,109763,4725,61929,3460,47834,0,0,6307,73135,1870,18313,6312,91448,California
Contra Costa,2021-01-27,8257,118020,5437,67366,2820,50654,0,0,6393,77680,1852,20165,6397,97845,California
Contra Costa,2021-01-28,7512,125532,4097,71463,3415,54069,0,0,5889,81956,1617,21782,5893,103738,California
Contra Costa,2021-01-29,7498,133030,3907,75370,3591,57660,0,0,6171,86806,1323,23105,6173,109911,California
Contra Costa,2021-01-30,2155,135185,662,76032,1493,59153,0,0,1746,88150,402,23507,1746,111657,California
Contra Costa,2021-01-31,667,135852,438,76470,229,59382,0,0,574,88634,90,23597,574,112231,California
Contra Costa,2021-02-01,5896,141748,4103,80573,1793,61175,0,0,3984,90717,1904,25501,3987,116218,California
Contra Costa,2021-02-02,7627,149375,5110,85683,2517,63692,0,0,5916,94924,1710,27211,5917,122135,California
Contra Costa,2021-02-03,8339,157714,5509,91192,2830,66522,0,0,5658,97911,2672,29883,5659,127794,California
Contra Costa,2021-02-04,7568,165282,3602,94794,3966,70488,0,0,5798,101944,1768,31651,5801,133595,California
Contra Costa,2021-02-05,8487,173769,4837,99631,3650,74138,0,0,5779,105022,2701,34352,5779,139374,California
Contra Costa,2021-02-06,3510,177279,2174,101805,1336,75474,0,0,2853,107220,656,35008,2854,142228,California
Contra Costa,2021-02-07,993,178272,721,102526,272,75746,0,0,611,107450,381,35389,611,142839,California
Contra Costa,2021-02-08,5922,184194,3513,106039,2409,78155,0,0,4410,110356,1505,36894,4411,147250,California
Contra Costa,2021-02-09,8727,192921,4826,110865,3901,82056,0,0,5816,113268,2905,39799,5817,153067,California
Contra Costa,2021-02-10,8705,201626,4690,115555,4015,86071,0,0,5401,115384,3289,43088,5405,158472,California
Contra Costa,2021-02-11,9396,211022,4240,119795,5156,91227,0,0,5308,116615,4082,47170,5313,163785,California
Contra Costa,2021-02-12,10146,221168,4651,124446,5495,96722,0,0,5491,117461,4648,51818,5494,169279,California
Contra Costa,2021-02-13,4919,226087,1383,125829,3536,100258,0,0,3426,119398,1490,53308,3427,172706,California
Contra Costa,2021-02-14,2108,228195,868,126697,1240,101498,0,0,1226,119744,880,54188,1226,173932,California
Contra Costa,2021-02-15,4495,232690,2482,129179,2013,103511,0,0,2350,119957,2138,56326,2351,176283,California
Contra Costa,2021-02-16,10472,243162,4939,134118,5533,109044,0,0,4666,118829,5798,62124,4670,180953,California
Contra Costa,2021-02-17,12372,255534,6199,140317,6173,115217,0,0,5671,117815,6686,68810,5672,186625,California
Contra Costa,2021-02-18,11555,267089,6008,146325,5547,120764,0,0,5351,116975,6193,75003,5353,191978,California
Contra Costa,2021-02-19,11547,278636,7201,153526,4346,125110,0,0,5233,115910,6300,81303,5235,197213,California
Contra Costa,2021-02-20,6571,285207,2973,156499,3598,128708,0,0,4637,118631,1918,83221,4639,201852,California
Contra Costa,2021-02-21,2338,287545,1756,158255,582,129290,0,0,1579,119452,758,83979,1579,203431,California
Contra Costa,2021-02-22,7775,295320,5258,163513,2517,131807,0,0,3579,118852,4182,88161,3582,207013,California
Contra Costa,2021-02-23,12277,307597,7555,171068,4722,136529,0,0,6184,118964,6079,94240,6191,213204,California
Contra Costa,2021-02-24,10814,318411,7951,179019,2863,139392,0,0,5253,118675,5544,99784,5255,218459,California
Contra Costa,2021-02-25,11968,330379,7596,186615,4372,143764,0,0,5558,117849,6389,106173,5563,224022,California
Contra Costa,2021-02-26,11182,341561,7063,193678,4119,147883,0,0,5543,117769,5624,111797,5544,229566,California
Contra Costa,2021-02-27,6980,348541,4508,198186,2472,150355,0,0,4375,119549,2597,114394,4377,233943,California
Contra Costa,2021-02-28,4363,352904,3620,201806,742,151097,1,1,3682,122555,678,115072,3684,237627,California
Contra Costa,2021-03-01,8700,361604,6599,208405,2096,153193,5,6,5367,124612,3317,118389,5374,243001,California
Contra Costa,2021-03-02,10720,372324,6868,215273,3851,157044,1,7,5748,125406,4956,123345,5750,248751,California
Contra Costa,2021-03-03,11408,383732,7173,222446,4234,161278,1,8,6427,126868,4967,128312,6429,255180,California
Contra Costa,2021-03-04,12094,395826,7230,229676,4863,166141,1,9,6287,127369,5788,134100,6289,261469,California
Contra Costa,2021-03-05,11592,407418,6962,236638,4623,170764,7,16,6670,129142,4904,139004,6677,268146,California
Contra Costa,2021-03-06,7556,414974,4229,240867,3016,173780,311,327,4938,131783,2606,141610,5247,273393,California
Contra Costa,2021-03-07,3861,418835,2469,243336,1330,175110,62,389,3178,134342,681,142291,3240,276633,California
Contra Costa,2021-03-08,8319,427154,3946,247282,4064,179174,309,698,5591,137530,2716,145007,5904,282537,California
Contra Costa,2021-03-09,11231,438385,5963,253245,4971,184145,297,995,5888,138384,5333,150340,6187,288724,California
Contra Costa,2021-03-10,12544,450929,6288,259533,4748,188893,1508,2503,5721,138793,6811,157151,7220,295944,California
Contra Costa,2021-03-11,12626,463555,6638,266171,5423,194316,565,3068,6450,139656,6152,163303,7015,302959,California
Contra Costa,2021-03-12,12738,476293,5248,271419,6924,201240,566,3634,6353,140203,6368,169671,6915,309874,California
Contra Costa,2021-03-13,7934,484227,3189,274608,4314,205554,431,4065,3128,138969,4787,174458,3553,313427,California
Contra Costa,2021-03-14,4478,488705,2646,277254,1340,206894,492,4557,1712,138413,2758,177216,2202,315629,California
Contra Costa,2021-03-15,9542,498247,5181,282435,3595,210489,766,5323,4714,139081,4810,182026,5478,321107,California
Contra Costa,2021-03-16,14464,512711,8623,291058,5432,215921,409,5732,7146,139340,7295,189321,7554,328661,California
Contra Costa,2021-03-17,15196,527907,10509,301567,4468,220389,219,5951,8500,141392,6673,195994,8725,337386,California
Contra Costa,2021-03-18,15552,543459,8687,310254,6383,226772,482,6433,8591,143537,6926,202920,9071,346457,California
Contra Costa,2021-03-19,15767,559226,9115,319369,5237,232009,1415,7848,8169,145543,7580,210500,9586,356043,California
Contra Costa,2021-03-20,10827,570053,6500,325869,4011,236020,316,8164,5112,145276,5694,216194,5427,361470,California
Contra Costa,2021-03-21,4619,574672,4034,329903,487,236507,98,8262,1805,144374,2804,218998,1902,363372,California
Contra Costa,2021-03-22,11746,586418,8869,338772,2622,239129,255,8517,6825,146547,4904,223902,7077,370449,California
Contra Costa,2021-03-23,15782,602200,10890,349662,4721,243850,171,8688,9074,149114,6679,230581,9246,379695,California
Contra Costa,2021-03-24,15151,617351,11827,361489,3110,246960,214,8902,9161,152534,5957,236538,9377,389072,California
Contra Costa,2021-03-25,15484,632835,12086,373575,3107,250067,291,9193,9459,156292,5988,242526,9746,398818,California
Contra Costa,2021-03-26,15179,648014,10903,384478,3871,253938,405,9598,8705,158950,6447,248973,9105,407923,California
Contra Costa,2021-03-27,10640,658654,6922,391400,3203,257141,515,10113,5660,160148,4970,253943,6168,414091,California
Contra Costa,2021-03-28,4275,662929,3046,394446,1175,258316,54,10167,1632,159202,2632,256575,1686,415777,California
Contra Costa,2021-03-29,10997,673926,8583,403029,2296,260612,118,10285,6982,162309,3996,260571,7103,422880,California
Contra Costa,2021-03-30,16935,690861,9270,412299,6305,266917,1360,11645,10452,167653,6463,267034,11807,434687,California
Contra Costa,2021-03-31,18188,709049,12757,425056,3984,270901,1447,13092,11464,173879,6679,273713,12905,447592,California
Contra Costa,2021-04-01,17738,726787,12412,437468,3931,274832,1395,14487,11503,180570,6204,279917,12895,460487,California
Contra Costa,2021-04-02,17631,744418,12982,450450,3615,278447,1034,15521,11674,187330,5945,285862,12705,473192,California
Contra Costa,2021-04-03,10958,755376,6540,456990,2857,281304,1561,17082,6259,190461,4684,290546,7815,481007,California
Contra Costa,2021-04-04,3373,758749,1329,458319,1446,282750,598,17680,852,189396,2513,293059,1448,482455,California
Contra Costa,2021-04-05,12202,770951,7956,466275,3264,286014,982,18662,6626,191442,5562,298621,7608,490063,California
Contra Costa,2021-04-06,17430,788381,12079,478354,3056,289070,2295,20957,9763,195851,7646,306267,12055,502118,California
Contra Costa,2021-04-07,18676,807057,12652,491006,3197,292267,2827,23784,10583,201223,8071,314338,13443,515561,California
Contra Costa,2021-04-08,18826,825883,12547,503553,3346,295613,2933,26717,10085,205516,8714,323052,13007,528568,California
Contra Costa,2021-04-09,18967,844850,12098,515651,4364,299977,2505,29222,10148,209370,8790,331842,12644,541212,California
Contra Costa,2021-04-10,10616,855466,3829,519480,2193,302170,4594,33816,3296,209944,7303,339145,7877,549089,California
Contra Costa,2021-04-11,3384,858850,2019,521499,700,302870,665,34481,1133,209496,2245,341390,1797,550886,California
Contra Costa,2021-04-12,12048,870898,7950,529449,3024,305894,1074,35555,5659,209864,6371,347761,6739,557625,California
Contra Costa,2021-04-13,17895,888793,10988,540437,6900,312794,7,35562,11915,215836,5955,353716,11927,569552,California
Contra Costa,2021-04-14,17657,906450,11098,551535,6558,319352,1,35563,9741,217691,7890,361606,9745,579297,California
Contra Costa,2021-04-15,17583,924033,10805,562340,6777,326129,1,35564,8127,216410,9428,371034,8147,587444,California
Contra Costa,2021-04-16,16920,940953,10555,572895,6363,332492,2,35566,7582,214686,9315,380349,7591,595035,California
Contra Costa,2021-04-17,11480,952433,6319,579214,5161,337653,0,35566,6141,215511,5323,385672,6148,601183,California
Contra Costa,2021-04-18,2773,955206,2134,581348,639,338292,0,35566,1789,216325,975,386647,1789,602972,California
Contra Costa,2021-04-19,11436,966642,8541,589889,2895,341187,0,35566,3579,212077,7830,394477,3582,606554,California
Contra Costa,2021-04-20,16731,983373,10874,600763,5857,347044,0,35566,6250,207882,10450,404927,6255,612809,California
Contra Costa,2021-04-21,17416,1000789,14210,614973,3205,350249,1,35567,6175,202864,11201,416128,6183,618992,California
Contra Costa,2021-04-22,17250,1018039,13970,628943,3278,353527,2,35569,6078,197814,11139,427267,6089,625081,California
Contra Costa,2021-04-23,17085,1035124,13578,642521,3507,357034,0,35569,5506,191785,11543,438810,5514,630595,California
Contra Costa,2021-04-24,11010,1046134,8485,651006,2524,359558,1,35570,4215,189230,6774,445584,4219,634814,California
Contra Costa,2021-04-25,3291,1049425,2213,653219,1076,360634,2,35572,2079,190103,1211,446795,2084,636898,California
Contra Costa,2021-04-26,9914,1059339,8291,661510,1599,362233,24,35596,2931,186105,6965,453760,2967,639865,California
Contra Costa,2021-04-27,14638,1073977,10689,672199,3781,366014,168,35764,3969,179608,10645,464405,4148,644013,California
Contra Costa,2021-04-28,14284,1088261,11124,683323,2873,368887,287,36051,3821,173295,10428,474833,4115,648128,California
Contra Costa,2021-04-29,13484,1101745,10438,693761,2876,371763,170,36221,3218,166449,10239,485072,3393,651521,California
Contra Costa,2021-04-30,13766,1115511,10851,704612,2658,374421,257,36478,3110,159193,10627,495699,3371,654892,California
Contra Costa,2021-05-01,8063,1123574,5867,710479,1872,376293,324,36802,1918,155314,6121,501820,2242,657134,California
Contra Costa,2021-05-02,2345,1125919,1589,712068,674,376967,82,36884,985,155031,1350,503170,1067,658201,California
Contra Costa,2021-05-03,9139,1135058,8035,720103,927,377894,177,37061,1923,149932,7202,510372,2103,660304,California
Contra Costa,2021-05-04,14124,1149182,12190,732293,1605,379499,329,37390,2282,140726,11817,522189,2611,662915,California
Contra Costa,2021-05-05,12552,1161734,10826,743119,1526,381025,200,37590,2407,133217,10117,532306,2608,665523,California
Contra Costa,2021-05-06,10322,1172056,8572,751691,1414,382439,336,37926,1938,127140,8360,540666,2283,667806,California
Contra Costa,2021-05-07,9658,1181714,7759,759450,1673,384112,226,38152,2212,122161,7413,548079,2434,670240,California
Contra Costa,2021-05-08,5315,1187029,3999,763449,1147,385259,169,38321,1248,119531,4051,552130,1421,671661,California
Contra Costa,2021-05-09,2111,1189140,1778,765227,272,385531,61,38382,454,118394,1653,553783,516,672177,California
Contra Costa,2021-05-10,4934,1194074,3946,769173,770,386301,218,38600,1337,116373,3575,557358,1554,673731,California
Contra Costa,2021-05-11,8719,1202793,4536,773709,3954,390255,229,38829,1706,111321,6993,564351,1941,675672,California
Contra Costa,2021-05-12,9029,1211822,4582,778291,4201,394456,246,39075,1543,105656,7459,571810,1794,677466,California
Contra Costa,2021-05-13,11343,1223165,7499,785790,3660,398116,184,39259,3951,102428,7364,579174,4136,681602,California
Contra Costa,2021-05-14,12139,1235304,8083,793873,3779,401895,277,39536,5009,100609,7105,586279,5286,686888,California
Contra Costa,2021-05-15,9979,1245283,7235,801108,2625,404520,119,39655,4386,99537,5579,591858,4507,691395,California
Contra Costa,2021-05-16,2435,1247718,2129,803237,260,404780,46,39701,1090,99333,1339,593197,1135,692530,California
Contra Costa,2021-05-17,7027,1254745,5674,808911,1182,405962,171,39872,3575,99647,3433,596630,3747,696277,California
Contra Costa,2021-05-18,10214,1264959,6978,815889,3018,408980,218,40090,4453,98590,5732,602362,4675,700952,California
Contra Costa,2021-05-19,8445,1273404,6834,822723,1421,410401,190,40280,3836,98030,4590,606952,4030,704982,California
Contra Costa,2021-05-20,6576,1279980,5212,827935,1191,411592,173,40453,3042,97732,3514,610466,3216,708198,California
Contra Costa,2021-05-21,6493,1286473,4972,832907,1323,412915,198,40651,2953,97363,3518,613984,3149,711347,California
Contra Costa,2021-05-22,4562,1291035,3608,836515,792,413707,162,40813,2186,97353,2359,616343,2349,713696,California
Contra Costa,2021-05-23,910,1291945,595,837110,271,413978,44,40857,432,97355,473,616816,475,714171,California
Contra Costa,2021-05-24,4637,1296582,3838,840948,622,414600,177,41034,2193,97293,2434,619250,2372,716543,California
Contra Costa,2021-05-25,6247,1302829,5086,846034,911,415511,250,41284,2650,96613,3580,622830,2900,719443,California
Contra Costa,2021-05-26,5580,1308409,3580,849614,1814,417325,186,41470,1919,95078,3640,626470,2105,721548,California
Contra Costa,2021-05-27,3794,1312203,2684,852298,933,418258,177,41647,1627,94724,2153,628623,1799,723347,California
Contra Costa,2021-05-28,5342,1317545,3732,856030,1437,419695,173,41820,2237,94048,3084,631707,2408,725755,California
Contra Costa,2021-05-29,3236,1320781,2086,858116,1033,420728,117,41937,1614,94169,1610,633317,1731,727486,California
Contra Costa,2021-05-30,922,1321703,581,858697,313,421041,28,41965,361,93999,559,633876,389,727875,California
Contra Costa,2021-05-31,388,1322091,267,858964,110,421151,11,41976,129,93880,259,634135,140,728015,California
Contra Costa,2021-06-01,4783,1326874,3561,862525,1078,422229,144,42120,1730,92716,3038,637173,1874,729889,California
Contra Costa,2021-06-02,3405,1330279,2411,864936,848,423077,146,42266,1453,92371,1943,639116,1598,731487,California
Contra Costa,2021-06-03,5381,1335660,4495,869431,771,423848,115,42381,1598,90308,3776,642892,1713,733200,California
Contra Costa,2021-06-04,6229,1341889,5232,874663,862,424710,135,42516,1582,87399,4623,647515,1714,734914,California
Contra Costa,2021-06-05,3614,1345503,3143,877806,388,425098,83,42599,592,85053,3020,650535,674,735588,California
Del Norte,2020-12-21,23,23,23,23,0,0,0,0,23,23,0,0,23,23,California
Del Norte,2020-12-22,46,69,46,69,0,0,0,0,46,69,0,0,46,69,California
Del Norte,2020-12-23,59,128,48,117,11,11,0,0,57,126,0,0,57,126,California
Del Norte,2020-12-28,34,162,34,151,0,11,0,0,34,160,0,0,34,160,California
Del Norte,2020-12-29,4,166,4,155,0,11,0,0,4,164,0,0,4,164,California
Del Norte,2020-12-30,68,234,56,211,12,23,0,0,68,232,0,0,68,232,California
Del Norte,2020-12-31,16,250,13,224,3,26,0,0,16,248,0,0,16,248,California
Del Norte,2021-01-04,102,352,49,273,53,79,0,0,102,350,0,0,102,350,California
Del Norte,2021-01-05,32,384,0,273,32,111,0,0,31,381,1,1,32,382,California
Del Norte,2021-01-06,77,461,18,291,59,170,0,0,77,458,0,1,77,459,California
Del Norte,2021-01-07,21,482,1,292,20,190,0,0,21,479,0,1,21,480,California
Del Norte,2021-01-08,78,560,7,299,71,261,0,0,78,557,0,1,78,558,California
Del Norte,2021-01-11,40,600,21,320,19,280,0,0,18,554,22,23,19,577,California
Del Norte,2021-01-12,51,651,32,352,19,299,0,0,30,563,21,44,30,607,California
Del Norte,2021-01-13,84,735,40,392,44,343,0,0,51,581,33,77,51,658,California
Del Norte,2021-01-14,53,788,14,406,39,382,0,0,47,622,6,83,47,705,California
Del Norte,2021-01-15,107,895,18,424,89,471,0,0,95,705,12,95,95,800,California
Del Norte,2021-01-17,1,896,1,425,0,471,0,0,1,706,0,95,1,801,California
Del Norte,2021-01-18,2,898,0,425,2,473,0,0,2,708,0,95,2,803,California
Del Norte,2021-01-19,119,1017,56,481,63,536,0,0,77,743,42,137,77,880,California
Del Norte,2021-01-20,160,1177,84,565,76,612,0,0,96,776,63,200,96,976,California
Del Norte,2021-01-21,43,1220,40,605,3,615,0,0,32,797,11,211,32,1008,California
Del Norte,2021-01-22,20,1240,17,622,3,618,0,0,13,803,7,218,13,1021,California
Del Norte,2021-01-23,1,1241,0,622,1,619,0,0,1,804,0,218,1,1022,California
Del Norte,2021-01-24,1,1242,0,622,1,620,0,0,1,805,0,218,1,1023,California
Del Norte,2021-01-25,100,1342,82,704,18,638,0,0,56,817,44,262,56,1079,California
Del Norte,2021-01-26,18,1360,11,715,7,645,0,0,7,813,11,273,7,1086,California
Del Norte,2021-01-27,64,1424,21,736,43,688,0,0,61,871,3,276,61,1147,California
Del Norte,2021-01-28,292,1716,20,756,272,960,0,0,287,1153,5,281,287,1434,California
Del Norte,2021-01-29,61,1777,21,777,40,1000,0,0,43,1178,18,299,43,1477,California
Del Norte,2021-01-30,8,1785,1,778,7,1007,0,0,8,1186,0,299,8,1485,California
Del Norte,2021-02-01,41,1826,1,779,40,1047,0,0,26,1197,15,314,26,1511,California
Del Norte,2021-02-02,140,1966,34,813,106,1153,0,0,73,1204,66,380,73,1584,California
Del Norte,2021-02-03,128,2094,42,855,86,1239,0,0,73,1222,55,435,73,1657,California
Del Norte,2021-02-04,69,2163,27,882,42,1281,0,0,40,1233,29,464,40,1697,California
Del Norte,2021-02-05,184,2347,22,904,162,1443,0,0,118,1286,65,529,118,1815,California
Del Norte,2021-02-06,310,2657,4,908,306,1749,0,0,310,1596,0,529,310,2125,California
Del Norte,2021-02-07,1,2658,0,908,1,1750,0,0,1,1597,0,529,1,2126,California
Del Norte,2021-02-08,36,2694,1,909,35,1785,0,0,32,1625,4,533,32,2158,California
Del Norte,2021-02-09,8,2702,5,914,3,1788,0,0,2,1621,6,539,2,2160,California
Del Norte,2021-02-10,141,2843,20,934,121,1909,0,0,85,1651,55,594,85,2245,California
Del Norte,2021-02-11,176,3019,58,992,118,2027,0,0,63,1601,113,707,63,2308,California
Del Norte,2021-02-12,121,3140,14,1006,107,2134,0,0,67,1614,54,761,67,2375,California
Del Norte,2021-02-13,2,3142,1,1007,1,2135,0,0,2,1616,0,761,2,2377,California
Del Norte,2021-02-14,3,3145,1,1008,2,2137,0,0,2,1617,1,762,2,2379,California
Del Norte,2021-02-15,4,3149,0,1008,4,2141,0,0,2,1617,2,764,2,2381,California
Del Norte,2021-02-16,132,3281,1,1009,131,2272,0,0,13,1511,119,883,13,2394,California
Del Norte,2021-02-17,92,3373,20,1029,72,2344,0,0,25,1469,67,950,25,2419,California
Del Norte,2021-02-18,77,3450,24,1053,53,2397,0,0,51,1494,26,976,51,2470,California
Del Norte,2021-02-19,43,3493,17,1070,26,2423,0,0,33,1517,10,986,33,2503,California
Del Norte,2021-02-20,8,3501,5,1075,3,2426,0,0,6,1521,2,988,6,2509,California
Del Norte,2021-02-22,2,3503,0,1075,2,2428,0,0,2,1523,0,988,2,2511,California
Del Norte,2021-02-23,105,3608,88,1163,17,2445,0,0,29,1477,76,1064,30,2541,California
Del Norte,2021-02-24,154,3762,100,1263,54,2499,0,0,79,1481,75,1139,79,2620,California
Del Norte,2021-02-25,477,4239,131,1394,346,2845,0,0,213,1432,262,1401,213,2833,California
Del Norte,2021-02-26,213,4452,176,1570,37,2882,0,0,167,1553,46,1447,167,3000,California
Del Norte,2021-02-27,149,4601,143,1713,5,2887,1,1,141,1687,8,1455,142,3142,California
Del Norte,2021-02-28,3,4604,0,1713,3,2890,0,1,3,1690,0,1455,3,3145,California
Del Norte,2021-03-01,29,4633,2,1715,27,2917,0,1,4,1670,24,1479,4,3149,California
Del Norte,2021-03-02,222,4855,142,1857,80,2997,0,1,188,1824,34,1513,188,3337,California
Del Norte,2021-03-03,167,5022,99,1956,68,3065,0,1,126,1909,41,1554,126,3463,California
Del Norte,2021-03-04,119,5141,82,2038,37,3102,0,1,91,1973,27,1581,91,3554,California
Del Norte,2021-03-05,122,5263,11,2049,111,3213,0,1,74,1999,48,1629,74,3628,California
Del Norte,2021-03-06,464,5727,77,2126,338,3551,49,50,163,1868,301,1930,170,3798,California
Del Norte,2021-03-07,2,5729,1,2127,1,3552,0,50,1,1868,1,1931,1,3799,California
Del Norte,2021-03-08,27,5756,0,2127,25,3577,2,52,4,1851,23,1954,6,3805,California
Del Norte,2021-03-09,194,5950,113,2240,78,3655,3,55,183,2026,11,1965,186,3991,California
Del Norte,2021-03-10,233,6183,96,2336,109,3764,28,83,134,2089,99,2064,162,4153,California
Del Norte,2021-03-11,151,6334,56,2392,90,3854,5,88,103,2149,48,2112,108,4261,California
Del Norte,2021-03-12,178,6512,89,2481,89,3943,0,88,125,2221,53,2165,125,4386,California
Del Norte,2021-03-13,94,6606,93,2574,1,3944,0,88,91,2309,3,2168,91,4477,California
Del Norte,2021-03-14,1,6607,0,2574,1,3945,0,88,1,2309,1,2169,1,4478,California
Del Norte,2021-03-15,38,6645,0,2574,38,3983,0,88,34,2339,4,2173,34,4512,California
Del Norte,2021-03-16,280,6925,134,2708,146,4129,0,88,260,2579,20,2193,260,4772,California
Del Norte,2021-03-17,284,7209,95,2803,187,4316,2,90,170,2637,114,2307,172,4944,California
Del Norte,2021-03-18,285,7494,107,2910,175,4491,3,93,149,2654,135,2442,152,5096,California
Del Norte,2021-03-19,267,7761,159,3069,102,4593,6,99,91,2575,176,2618,97,5193,California
Del Norte,2021-03-20,157,7918,154,3223,3,4596,0,99,15,2448,142,2760,15,5208,California
Del Norte,2021-03-21,4,7922,2,3225,2,4598,0,99,2,2448,2,2762,2,5210,California
Del Norte,2021-03-22,43,7965,3,3228,39,4637,1,100,39,2485,3,2765,40,5250,California
Del Norte,2021-03-23,333,8298,164,3392,151,4788,18,118,163,2497,168,2933,180,5430,California
Del Norte,2021-03-24,395,8693,106,3498,249,5037,40,158,234,2610,161,3094,274,5704,California
Del Norte,2021-03-25,192,8885,88,3586,104,5141,0,158,84,2587,107,3201,84,5788,California
Del Norte,2021-03-26,232,9117,113,3699,119,5260,0,158,195,2745,37,3238,195,5983,California
Del Norte,2021-03-27,107,9224,86,3785,4,5264,17,175,17,2689,90,3328,34,6017,California
Del Norte,2021-03-28,4,9228,2,3787,2,5266,0,175,1,2687,3,3331,1,6018,California
Del Norte,2021-03-29,57,9285,6,3793,34,5300,17,192,32,2711,25,3356,49,6067,California
Del Norte,2021-03-30,338,9623,119,3912,208,5508,11,203,126,2636,212,3568,137,6204,California
Del Norte,2021-03-31,355,9978,100,4012,238,5746,17,220,199,2698,154,3722,216,6420,California
Del Norte,2021-04-01,164,10142,58,4070,72,5818,34,254,69,2707,94,3816,103,6523,California
Del Norte,2021-04-02,233,10375,79,4149,105,5923,49,303,49,2622,184,4000,99,6622,California
Del Norte,2021-04-03,108,10483,83,4232,2,5925,23,326,5,2548,102,4102,28,6650,California
Del Norte,2021-04-04,4,10487,0,4232,0,5925,4,330,0,2548,4,4106,4,6654,California
Del Norte,2021-04-05,46,10533,5,4237,37,5962,4,334,40,2586,6,4112,44,6698,California
Del Norte,2021-04-06,379,10912,120,4357,222,6184,37,371,146,2541,229,4341,184,6882,California
Del Norte,2021-04-07,438,11350,115,4472,261,6445,62,433,290,2746,148,4489,353,7235,California
Del Norte,2021-04-08,228,11578,54,4526,106,6551,68,501,105,2796,123,4612,173,7408,California
Del Norte,2021-04-09,206,11784,46,4572,83,6634,77,578,99,2864,106,4718,174,7582,California
Del Norte,2021-04-10,47,11831,26,4598,4,6638,17,595,27,2888,20,4738,44,7626,California
Del Norte,2021-04-11,11,11842,3,4601,1,6639,7,602,1,2886,10,4748,8,7634,California
Del Norte,2021-04-12,27,11869,1,4602,9,6648,17,619,1,2879,25,4773,18,7652,California
Del Norte,2021-04-13,298,12167,50,4652,248,6896,0,619,155,2891,143,4916,155,7807,California
Del Norte,2021-04-14,329,12496,23,4675,306,7202,0,619,138,2843,191,5107,143,7950,California
Del Norte,2021-04-15,164,12660,31,4706,133,7335,0,619,45,2770,119,5226,46,7996,California
Del Norte,2021-04-16,162,12822,40,4746,122,7457,0,619,60,2729,102,5328,61,8057,California
Del Norte,2021-04-17,103,12925,72,4818,31,7488,0,619,98,2822,5,5333,98,8155,California
Del Norte,2021-04-18,5,12930,4,4822,1,7489,0,619,4,2825,1,5334,4,8159,California
Del Norte,2021-04-19,50,12980,6,4828,44,7533,0,619,8,2791,42,5376,8,8167,California
Del Norte,2021-04-20,206,13186,40,4868,166,7699,0,619,72,2729,134,5510,72,8239,California
Del Norte,2021-04-21,289,13475,24,4892,265,7964,0,619,65,2573,224,5734,68,8307,California
Del Norte,2021-04-22,114,13589,15,4907,99,8063,0,619,62,2583,52,5786,62,8369,California
Del Norte,2021-04-23,150,13739,22,4929,128,8191,0,619,39,2511,111,5897,39,8408,California
Del Norte,2021-04-24,25,13764,14,4943,11,8202,0,619,20,2526,5,5902,20,8428,California
Del Norte,2021-04-25,2,13766,0,4943,2,8204,0,619,2,2528,0,5902,2,8430,California
Del Norte,2021-04-26,31,13797,0,4943,31,8235,0,619,9,2515,22,5924,9,8439,California
Del Norte,2021-04-27,179,13976,19,4962,155,8390,5,624,49,2439,130,6054,54,8493,California
Del Norte,2021-04-28,351,14327,100,5062,246,8636,5,629,63,2221,287,6341,69,8562,California
Del Norte,2021-04-29,93,14420,6,5068,83,8719,4,633,26,2184,67,6408,30,8592,California
Del Norte,2021-04-30,84,14504,6,5074,68,8787,10,643,45,2200,39,6447,55,8647,California
Del Norte,2021-05-01,8,14512,3,5077,5,8792,0,643,6,2204,2,6449,6,8653,California
Del Norte,2021-05-02,8,14520,0,5077,8,8800,0,643,8,2212,0,6449,8,8661,California
Del Norte,2021-05-03,40,14560,3,5080,34,8834,3,646,2,2180,37,6486,5,8666,California
Del Norte,2021-05-04,222,14782,36,5116,181,9015,5,651,47,2057,175,6661,52,8718,California
Del Norte,2021-05-05,231,15013,19,5135,204,9219,8,659,56,1946,175,6836,64,8782,California
Del Norte,2021-05-06,112,15125,26,5161,73,9292,13,672,26,1899,86,6922,39,8821,California
Del Norte,2021-05-07,151,15276,28,5189,119,9411,4,676,31,1814,120,7042,35,8856,California
Del Norte,2021-05-08,64,15340,55,5244,7,9418,2,678,6,1764,58,7100,8,8864,California
Del Norte,2021-05-09,8,15348,3,5247,2,9420,3,681,2,1763,6,7106,5,8869,California
Del Norte,2021-05-10,25,15373,3,5250,18,9438,4,685,15,1772,10,7116,19,8888,California
Del Norte,2021-05-11,171,15544,49,5299,120,9558,2,687,34,1671,137,7253,36,8924,California
Del Norte,2021-05-12,149,15693,24,5323,115,9673,10,697,27,1587,121,7374,37,8961,California
Del Norte,2021-05-13,60,15753,29,5352,30,9703,1,698,32,1592,28,7402,33,8994,California
Del Norte,2021-05-14,76,15829,26,5378,49,9752,1,699,41,1599,35,7437,42,9036,California
Del Norte,2021-05-15,81,15910,53,5431,28,9780,0,699,53,1624,28,7465,53,9089,California
Del Norte,2021-05-16,11,15921,0,5431,11,9791,0,699,11,1635,0,7465,11,9100,California
Del Norte,2021-05-17,26,15947,3,5434,20,9811,3,702,15,1642,11,7476,18,9118,California
Del Norte,2021-05-18,125,16072,68,5502,57,9868,0,702,80,1677,45,7521,80,9198,California
Del Norte,2021-05-19,97,16169,14,5516,66,9934,17,719,39,1674,58,7579,55,9253,California
Del Norte,2021-05-20,96,16265,30,5546,63,9997,3,722,37,1656,58,7637,40,9293,California
Del Norte,2021-05-21,77,16342,32,5578,42,10039,3,725,40,1662,37,7674,43,9336,California
Del Norte,2021-05-22,22,16364,8,5586,14,10053,0,725,10,1660,12,7686,10,9346,California
Del Norte,2021-05-23,13,16377,5,5591,8,10061,0,725,6,1659,7,7693,6,9352,California
Del Norte,2021-05-24,26,16403,10,5601,16,10077,0,725,17,1667,9,7702,17,9369,California
Del Norte,2021-05-25,43,16446,5,5606,32,10109,6,731,14,1660,27,7729,20,9389,California
Del Norte,2021-05-26,114,16560,35,5641,72,10181,7,738,52,1658,61,7790,59,9448,California
Del Norte,2021-05-27,67,16627,24,5665,39,10220,4,742,31,1657,36,7826,35,9483,California
Del Norte,2021-05-28,47,16674,6,5671,36,10256,5,747,7,1629,40,7866,12,9495,California
Del Norte,2021-05-29,8,16682,0,5671,4,10260,4,751,3,1631,5,7871,7,9502,California
Del Norte,2021-05-30,6,16688,0,5671,6,10266,0,751,1,1627,5,7876,1,9503,California
Del Norte,2021-05-31,4,16692,2,5673,2,10268,0,751,3,1629,1,7877,3,9506,California
Del Norte,2021-06-01,52,16744,6,5679,39,10307,7,758,11,1606,41,7918,18,9524,California
Del Norte,2021-06-02,82,16826,11,5690,68,10375,3,761,19,1565,63,7981,22,9546,California
Del Norte,2021-06-03,57,16883,33,5723,22,10397,2,763,24,1558,33,8014,26,9572,California
Del Norte,2021-06-04,64,16947,22,5745,38,10435,4,767,17,1532,47,8061,21,9593,California
Del Norte,2021-06-05,2,16949,0,5745,1,10436,1,768,0,1531,2,8063,1,9594,California
El Dorado,2020-12-15,12,12,12,12,0,0,0,0,12,12,0,0,12,12,California
El Dorado,2020-12-16,40,52,40,52,0,0,0,0,40,52,0,0,40,52,California
El Dorado,2020-12-17,32,84,32,84,0,0,0,0,32,84,0,0,32,84,California
El Dorado,2020-12-18,262,346,262,346,0,0,0,0,262,346,0,0,262,346,California
El Dorado,2020-12-19,119,465,119,465,0,0,0,0,119,465,0,0,119,465,California
El Dorado,2020-12-20,87,552,87,552,0,0,0,0,87,552,0,0,87,552,California
El Dorado,2020-12-21,310,862,309,861,1,1,0,0,310,862,0,0,310,862,California
El Dorado,2020-12-22,242,1104,218,1079,24,25,0,0,242,1104,0,0,242,1104,California
El Dorado,2020-12-23,191,1295,141,1220,50,75,0,0,191,1295,0,0,191,1295,California
El Dorado,2020-12-24,86,1381,65,1285,21,96,0,0,86,1381,0,0,86,1381,California
El Dorado,2020-12-25,8,1389,8,1293,0,96,0,0,8,1389,0,0,8,1389,California
El Dorado,2020-12-26,45,1434,27,1320,18,114,0,0,45,1434,0,0,45,1434,California
El Dorado,2020-12-27,38,1472,34,1354,4,118,0,0,38,1472,0,0,38,1472,California
El Dorado,2020-12-28,215,1687,167,1521,48,166,0,0,215,1687,0,0,215,1687,California
El Dorado,2020-12-29,461,2148,144,1665,317,483,0,0,461,2148,0,0,461,2148,California
El Dorado,2020-12-30,509,2657,139,1804,370,853,0,0,509,2657,0,0,509,2657,California
El Dorado,2020-12-31,113,2770,71,1875,42,895,0,0,113,2770,0,0,113,2770,California
El Dorado,2021-01-01,6,2776,4,1879,2,897,0,0,6,2776,0,0,6,2776,California
El Dorado,2021-01-02,152,2928,140,2019,12,909,0,0,152,2928,0,0,152,2928,California
El Dorado,2021-01-03,93,3021,17,2036,76,985,0,0,93,3021,0,0,93,3021,California
El Dorado,2021-01-04,191,3212,63,2099,128,1113,0,0,189,3208,2,2,189,3210,California
El Dorado,2021-01-05,227,3439,73,2172,154,1267,0,0,210,3401,17,19,210,3420,California
El Dorado,2021-01-06,240,3679,167,2339,73,1340,0,0,175,3511,65,84,175,3595,California
El Dorado,2021-01-07,334,4013,137,2476,197,1537,0,0,257,3691,77,161,257,3852,California
El Dorado,2021-01-08,986,4999,509,2985,477,2014,0,0,765,4236,221,382,766,4618,California
El Dorado,2021-01-09,196,5195,159,3144,37,2051,0,0,125,4290,71,453,125,4743,California
El Dorado,2021-01-10,182,5377,131,3275,51,2102,0,0,109,4327,73,526,110,4853,California
El Dorado,2021-01-11,659,6036,292,3567,367,2469,0,0,459,4588,199,725,460,5313,California
El Dorado,2021-01-12,806,6842,424,3991,382,2851,0,0,556,4894,250,975,556,5869,California
El Dorado,2021-01-13,706,7548,299,4290,407,3258,0,0,542,5272,164,1139,542,6411,California
El Dorado,2021-01-14,795,8343,221,4511,574,3832,0,0,700,5877,95,1234,700,7111,California
El Dorado,2021-01-15,794,9137,185,4696,609,4441,0,0,720,6523,74,1308,720,7831,California
El Dorado,2021-01-16,176,9313,104,4800,72,4513,0,0,149,6645,27,1335,149,7980,California
El Dorado,2021-01-17,107,9420,50,4850,57,4570,0,0,89,6716,18,1353,89,8069,California
El Dorado,2021-01-18,427,9847,144,4994,283,4853,0,0,357,7003,70,1423,357,8426,California
El Dorado,2021-01-19,749,10596,447,5441,302,5155,0,0,598,7451,151,1574,599,9025,California
El Dorado,2021-01-20,1013,11609,689,6130,324,5479,0,0,899,8237,113,1687,899,9924,California
El Dorado,2021-01-21,1267,12876,679,6809,588,6067,0,0,1058,9127,168,1855,1058,10982,California
El Dorado,2021-01-22,1229,14105,833,7642,396,6463,0,0,1175,10249,53,1908,1175,12157,California
El Dorado,2021-01-23,729,14834,608,8250,121,6584,0,0,619,10758,110,2018,619,12776,California
El Dorado,2021-01-24,127,14961,77,8327,50,6634,0,0,107,10845,20,2038,107,12883,California
El Dorado,2021-01-25,703,15664,292,8619,411,7045,0,0,617,11376,86,2124,617,13500,California
El Dorado,2021-01-26,686,16350,372,8991,314,7359,0,0,579,11848,107,2231,579,14079,California
El Dorado,2021-01-27,994,17344,392,9383,602,7961,0,0,655,12163,340,2571,655,14734,California
El Dorado,2021-01-28,1106,18450,452,9835,654,8615,0,0,743,12543,363,2934,743,15477,California
El Dorado,2021-01-29,1049,19499,558,10393,491,9106,0,0,756,13008,292,3226,757,16234,California
El Dorado,2021-01-30,544,20043,289,10682,255,9361,0,0,447,13359,96,3322,447,16681,California
El Dorado,2021-01-31,240,20283,217,10899,23,9384,0,0,187,13494,52,3374,187,16868,California
El Dorado,2021-02-01,799,21082,368,11267,431,9815,0,0,652,13999,147,3521,652,17520,California
El Dorado,2021-02-02,845,21927,368,11635,477,10292,0,0,681,14516,164,3685,681,18201,California
El Dorado,2021-02-03,906,22833,477,12112,429,10721,0,0,696,15002,210,3895,696,18897,California
El Dorado,2021-02-04,1249,24082,703,12815,546,11267,0,0,874,15501,375,4270,874,19771,California
El Dorado,2021-02-05,1496,25578,605,13420,891,12158,0,0,869,15780,590,4860,869,20640,California
El Dorado,2021-02-06,638,26216,334,13754,304,12462,0,0,530,16203,108,4968,531,21171,California
El Dorado,2021-02-07,259,26475,178,13932,81,12543,0,0,193,16330,66,5034,193,21364,California
El Dorado,2021-02-08,890,27365,422,14354,468,13011,0,0,613,16666,277,5311,613,21977,California
El Dorado,2021-02-09,968,28333,543,14897,425,13436,0,0,542,16782,426,5737,542,22519,California
El Dorado,2021-02-10,1263,29596,737,15634,526,13962,0,0,664,16848,598,6335,664,23183,California
El Dorado,2021-02-11,2156,31752,893,16527,1263,15225,0,0,757,16210,1396,7731,758,23941,California
El Dorado,2021-02-12,1580,33332,827,17354,753,15978,0,0,676,15984,903,8634,677,24618,California
El Dorado,2021-02-13,974,34306,662,18016,312,16290,0,0,439,15889,534,9168,439,25057,California
El Dorado,2021-02-14,492,34798,155,18171,337,16627,0,0,401,16199,91,9259,401,25458,California
El Dorado,2021-02-15,1181,35979,383,18554,798,17425,0,0,819,16660,362,9621,823,26281,California
El Dorado,2021-02-16,1216,37195,535,19089,681,18106,0,0,677,16800,538,10159,678,26959,California
El Dorado,2021-02-17,957,38152,422,19511,535,18641,0,0,464,16773,493,10652,466,27425,California
El Dorado,2021-02-18,2096,40248,1024,20535,1072,19713,0,0,1063,16804,1032,11684,1063,28488,California
El Dorado,2021-02-19,1226,41474,657,21192,569,20282,0,0,688,16955,537,12221,688,29176,California
El Dorado,2021-02-20,942,42416,449,21641,493,20775,0,0,680,17378,257,12478,680,29856,California
El Dorado,2021-02-21,292,42708,234,21875,58,20833,0,0,105,17296,187,12665,105,29961,California
El Dorado,2021-02-22,884,43592,439,22314,445,21278,0,0,273,16959,610,13275,273,30234,California
El Dorado,2021-02-23,867,44459,488,22802,379,21657,0,0,355,16803,511,13786,355,30589,California
El Dorado,2021-02-24,1037,45496,446,23248,591,22248,0,0,432,16630,605,14391,432,31021,California
El Dorado,2021-02-25,1919,47415,1154,24402,765,23013,0,0,695,16110,1217,15608,697,31718,California
El Dorado,2021-02-26,2408,49823,1504,25906,904,23917,0,0,1620,16945,785,16393,1620,33338,California
El Dorado,2021-02-27,1709,51532,447,26353,1262,25179,0,0,1258,17755,448,16841,1258,34596,California
El Dorado,2021-02-28,655,52187,223,26576,432,25611,0,0,493,18087,162,17003,494,35090,California
El Dorado,2021-03-01,1168,53355,471,27047,695,26306,2,2,643,18208,524,17527,645,35735,California
El Dorado,2021-03-02,929,54284,273,27320,655,26961,1,3,484,18250,443,17970,485,36220,California
El Dorado,2021-03-03,1703,55987,468,27788,1235,28196,0,3,1159,18874,537,18507,1161,37381,California
El Dorado,2021-03-04,2526,58513,1551,29339,975,29171,0,3,1201,18753,1322,19829,1201,38582,California
El Dorado,2021-03-05,1595,60108,433,29772,1157,30328,5,8,1056,19281,533,20362,1061,39643,California
El Dorado,2021-03-06,743,60851,219,29991,491,30819,33,41,394,19360,348,20710,427,40070,California
El Dorado,2021-03-07,409,61260,199,30190,192,31011,18,59,247,19465,160,20870,265,40335,California
El Dorado,2021-03-08,1335,62595,367,30557,895,31906,73,132,864,19933,468,21338,936,41271,California
El Dorado,2021-03-09,993,63588,231,30788,694,32600,68,200,590,20203,388,21726,658,41929,California
El Dorado,2021-03-10,956,64544,348,31136,551,33151,57,257,552,20413,398,22124,608,42537,California
El Dorado,2021-03-11,3028,67572,1837,32973,1004,34155,187,444,1285,20161,1722,23846,1470,44007,California
El Dorado,2021-03-12,1799,69371,623,33596,926,35081,250,694,742,20114,1039,24885,992,44999,California
El Dorado,2021-03-13,1075,70446,350,33946,441,35522,284,978,371,20066,700,25585,652,45651,California
El Dorado,2021-03-14,796,71242,204,34150,482,36004,110,1088,275,19930,521,26106,385,46036,California
El Dorado,2021-03-15,1404,72646,301,34451,976,36980,127,1215,612,19882,788,26894,740,46776,California
El Dorado,2021-03-16,1233,73879,419,34870,670,37650,144,1359,564,19926,664,27558,708,47484,California
El Dorado,2021-03-17,1131,75010,363,35233,670,38320,98,1457,732,20358,398,27956,830,48314,California
El Dorado,2021-03-18,3010,78020,1783,37016,1184,39504,43,1500,1983,21365,1019,28975,2026,50340,California
El Dorado,2021-03-19,1123,79143,360,37376,611,40115,152,1652,625,21643,498,29473,776,51116,California
El Dorado,2021-03-20,953,80096,267,37643,670,40785,16,1668,369,21456,572,30045,385,51501,California
El Dorado,2021-03-21,1030,81126,422,38065,603,41388,5,1673,918,22269,110,30155,923,52424,California
El Dorado,2021-03-22,1508,82634,488,38553,938,42326,82,1755,1186,23220,317,30472,1268,53692,California
El Dorado,2021-03-23,1162,83796,461,39014,605,42931,96,1851,740,23645,411,30883,836,54528,California
El Dorado,2021-03-24,1464,85260,635,39649,636,43567,193,2044,664,23729,773,31656,857,55385,California
El Dorado,2021-03-25,2516,87776,1687,41336,722,44289,107,2151,1374,24075,1136,32792,1482,56867,California
El Dorado,2021-03-26,1825,89601,702,42038,1013,45302,110,2261,925,24234,877,33669,1036,57903,California
El Dorado,2021-03-27,1338,90939,189,42227,1144,46446,5,2266,317,23541,1015,34684,322,58225,California
El Dorado,2021-03-28,640,91579,184,42411,445,46891,11,2277,166,23248,470,35154,177,58402,California
El Dorado,2021-03-29,1323,92902,432,42843,875,47766,16,2293,826,23596,494,35648,842,59244,California
El Dorado,2021-03-30,1366,94268,416,43259,855,48621,95,2388,686,23703,672,36320,779,60023,California
El Dorado,2021-03-31,1565,95833,582,43841,918,49539,65,2453,695,23593,868,37188,758,60781,California
El Dorado,2021-04-01,3241,99074,1767,45608,1391,50930,83,2536,1538,23514,1701,38889,1622,62403,California
El Dorado,2021-04-02,1897,100971,566,46174,1236,52166,95,2631,748,23214,1143,40032,843,63246,California
El Dorado,2021-04-03,749,101720,297,46471,332,52498,120,2751,228,23044,518,40550,348,63594,California
El Dorado,2021-04-04,272,101992,83,46554,142,52640,47,2798,97,23014,174,40724,144,63738,California
El Dorado,2021-04-05,1422,103414,422,46976,906,53546,94,2892,592,22874,825,41549,685,64423,California
El Dorado,2021-04-06,1416,104830,523,47499,674,54220,219,3111,451,22580,961,42510,667,65090,California
El Dorado,2021-04-07,1599,106429,568,48067,582,54802,449,3560,562,22554,1034,43544,1008,66098,California
El Dorado,2021-04-08,2703,109132,1747,49814,720,55522,236,3796,1124,22343,1571,45115,1360,67458,California
El Dorado,2021-04-09,1435,110567,453,50267,762,56284,220,4016,572,22271,860,45975,788,68246,California
El Dorado,2021-04-10,821,111388,224,50491,487,56771,110,4126,474,22510,344,46319,583,68829,California
El Dorado,2021-04-11,707,112095,456,50947,235,57006,16,4142,209,22238,497,46816,225,69054,California
El Dorado,2021-04-12,1294,113389,504,51451,640,57646,150,4292,568,22237,719,47535,718,69772,California
El Dorado,2021-04-13,1125,114514,615,52066,510,58156,0,4292,508,22132,613,48148,508,70280,California
El Dorado,2021-04-14,1094,115608,468,52534,625,58781,1,4293,387,21826,694,48842,388,70668,California
El Dorado,2021-04-15,2492,118100,1679,54213,813,59594,0,4293,951,21240,1538,50380,952,71620,California
El Dorado,2021-04-16,1477,119577,524,54737,953,60547,0,4293,606,20980,867,51247,607,72227,California
El Dorado,2021-04-17,801,120378,203,54940,598,61145,0,4293,496,21174,302,51549,496,72723,California
El Dorado,2021-04-18,991,121369,88,55028,903,62048,0,4293,393,20970,597,52146,393,73116,California
El Dorado,2021-04-19,1718,123087,437,55465,1281,63329,0,4293,691,20640,1021,53167,691,73807,California
El Dorado,2021-04-20,1107,124194,359,55824,748,64077,0,4293,457,20452,646,53813,458,74265,California
El Dorado,2021-04-21,1160,125354,466,56290,690,64767,4,4297,592,20485,560,54373,593,74858,California
El Dorado,2021-04-22,2551,127905,1679,57969,872,65639,0,4297,1067,20070,1482,55855,1067,75925,California
El Dorado,2021-04-23,1408,129313,499,58468,909,66548,0,4297,720,20106,685,56540,721,76646,California
El Dorado,2021-04-24,973,130286,521,58989,452,67000,0,4297,737,20609,234,56774,737,77383,California
El Dorado,2021-04-25,655,130941,450,59439,205,67205,0,4297,469,20892,186,56960,469,77852,California
El Dorado,2021-04-26,1154,132095,461,59900,676,67881,17,4314,542,20840,610,57570,558,78410,California
El Dorado,2021-04-27,1086,133181,397,60297,658,68539,31,4345,487,20766,592,58162,518,78928,California
El Dorado,2021-04-28,1068,134249,355,60652,673,69212,40,4385,434,20607,633,58795,474,79402,California
El Dorado,2021-04-29,1983,136232,1359,62011,592,69804,32,4417,587,19832,1394,60189,619,80021,California
El Dorado,2021-04-30,2125,138357,1337,63348,747,70551,41,4458,1363,20485,750,60939,1403,81424,California
El Dorado,2021-05-01,612,138969,279,63627,306,70857,27,4485,275,20457,330,61269,302,81726,California
El Dorado,2021-05-02,302,139271,216,63843,57,70914,29,4514,100,20386,199,61468,128,81854,California
El Dorado,2021-05-03,821,140092,399,64242,372,71286,50,4564,274,20168,543,62011,325,82179,California
El Dorado,2021-05-04,881,140973,434,64676,388,71674,59,4623,313,19976,564,62575,372,82551,California
El Dorado,2021-05-05,879,141852,436,65112,370,72044,73,4696,417,20006,460,63035,490,83041,California
El Dorado,2021-05-06,1115,142967,485,65597,583,72627,47,4743,472,19884,637,63672,515,83556,California
El Dorado,2021-05-07,981,143948,375,65972,548,73175,58,4801,401,19762,580,64252,458,84014,California
El Dorado,2021-05-08,488,144436,153,66125,298,73473,37,4838,187,19687,299,64551,224,84238,California
El Dorado,2021-05-09,221,144657,82,66207,112,73585,27,4865,103,19700,117,64668,130,84368,California
El Dorado,2021-05-10,828,145485,273,66480,496,74081,59,4924,240,19418,579,65247,297,84665,California
El Dorado,2021-05-11,659,146144,286,66766,320,74401,53,4977,288,19392,368,65615,342,85007,California
El Dorado,2021-05-12,588,146732,309,67075,244,74645,35,5012,239,19318,349,65964,275,85282,California
El Dorado,2021-05-13,1139,147871,732,67807,370,75015,37,5049,392,19005,741,66705,428,85710,California
El Dorado,2021-05-14,1403,149274,810,68617,510,75525,83,5132,676,19042,722,67427,759,86469,California
El Dorado,2021-05-15,899,150173,553,69170,289,75814,57,5189,316,18832,583,68010,373,86842,California
El Dorado,2021-05-16,661,150834,461,69631,174,75988,26,5215,230,18657,431,68441,256,87098,California
El Dorado,2021-05-17,1564,152398,662,70293,853,76841,49,5264,564,18273,996,69437,612,87710,California
El Dorado,2021-05-18,1013,153411,509,70802,450,77291,54,5318,441,18197,571,70008,495,88205,California
El Dorado,2021-05-19,814,154225,330,71132,431,77722,53,5371,318,18077,490,70498,370,88575,California
El Dorado,2021-05-20,1043,155268,606,71738,388,78110,49,5420,407,17899,633,71131,455,89030,California
El Dorado,2021-05-21,2199,157467,1677,73415,498,78608,24,5444,766,17260,1429,72560,790,89820,California
El Dorado,2021-05-22,578,158045,154,73569,408,79016,16,5460,197,17093,380,72940,213,90033,California
El Dorado,2021-05-23,203,158248,94,73663,89,79105,20,5480,70,17052,131,73071,90,90123,California
El Dorado,2021-05-24,882,159130,452,74115,362,79467,68,5548,322,16884,556,73627,388,90511,California
El Dorado,2021-05-25,606,159736,254,74369,316,79783,36,5584,235,16787,368,73995,271,90782,California
El Dorado,2021-05-26,794,160530,388,74757,382,80165,24,5608,280,16578,513,74508,304,91086,California
El Dorado,2021-05-27,623,161153,245,75002,344,80509,34,5642,317,16624,304,74812,350,91436,California
El Dorado,2021-05-28,729,161882,252,75254,413,80922,64,5706,309,16580,417,75229,373,91809,California
El Dorado,2021-05-29,386,162268,107,75361,263,81185,16,5722,169,16548,217,75446,185,91994,California
El Dorado,2021-05-30,171,162439,100,75461,57,81242,14,5736,83,16557,88,75534,97,92091,California
El Dorado,2021-05-31,36,162475,11,75472,14,81256,11,5747,8,16548,28,75562,19,92110,California
El Dorado,2021-06-01,674,163149,288,75760,348,81604,38,5785,234,16383,437,75999,272,92382,California
El Dorado,2021-06-02,621,163770,297,76057,274,81878,50,5835,268,16349,352,76351,318,92700,California
El Dorado,2021-06-03,724,164494,338,76395,345,82223,41,5876,223,16113,501,76852,265,92965,California
El Dorado,2021-06-04,845,165339,500,76895,312,82535,33,5909,175,15653,668,77520,208,93173,California
El Dorado,2021-06-05,94,165433,66,76961,26,82561,2,5911,23,15608,70,77590,25,93198,California
Fresno,2020-12-15,2,2,2,2,0,0,0,0,2,2,0,0,2,2,California
Fresno,2020-12-16,125,127,125,127,0,0,0,0,125,127,0,0,125,127,California
Fresno,2020-12-17,123,250,123,250,0,0,0,0,123,250,0,0,123,250,California
Fresno,2020-12-18,348,598,348,598,0,0,0,0,348,598,0,0,348,598,California
Fresno,2020-12-19,161,759,161,759,0,0,0,0,161,759,0,0,161,759,California
Fresno,2020-12-20,258,1017,256,1015,2,2,0,0,258,1017,0,0,258,1017,California
Fresno,2020-12-21,924,1941,922,1937,2,4,0,0,954,1971,0,0,954,1971,California
Fresno,2020-12-22,902,2843,872,2809,30,34,0,0,906,2877,0,0,906,2877,California
Fresno,2020-12-23,1087,3930,1046,3855,41,75,0,0,1088,3965,0,0,1088,3965,California
Fresno,2020-12-24,592,4522,566,4421,26,101,0,0,592,4557,0,0,592,4557,California
Fresno,2020-12-25,2,4524,1,4422,1,102,0,0,2,4559,0,0,2,4559,California
Fresno,2020-12-26,723,5247,714,5136,9,111,0,0,723,5282,0,0,723,5282,California
Fresno,2020-12-27,305,5552,208,5344,97,208,0,0,305,5587,0,0,305,5587,California
Fresno,2020-12-28,1097,6649,804,6148,293,501,0,0,1097,6684,0,0,1097,6684,California
Fresno,2020-12-29,1755,8404,995,7143,760,1261,0,0,1753,8436,1,1,1753,8437,California
Fresno,2020-12-30,982,9386,444,7587,538,1799,0,0,982,9418,0,1,982,9419,California
Fresno,2020-12-31,922,10308,310,7897,612,2411,0,0,921,10339,0,1,921,10340,California
Fresno,2021-01-01,9,10317,3,7900,6,2417,0,0,9,10348,0,1,9,10349,California
Fresno,2021-01-02,1028,11345,713,8613,315,2732,0,0,1028,11376,0,1,1028,11377,California
Fresno,2021-01-03,154,11499,128,8741,26,2758,0,0,154,11530,0,1,154,11531,California
Fresno,2021-01-04,622,12121,377,9118,245,3003,0,0,622,12152,0,1,622,12153,California
Fresno,2021-01-05,780,12901,311,9429,469,3472,0,0,706,12784,74,75,706,12859,California
Fresno,2021-01-06,986,13887,348,9777,638,4110,0,0,810,13418,176,251,810,13669,California
Fresno,2021-01-07,1897,15784,918,10695,979,5089,0,0,1643,14810,254,505,1646,15315,California
Fresno,2021-01-08,1786,17570,612,11307,1174,6263,0,0,1422,15870,362,867,1422,16737,California
Fresno,2021-01-09,638,18208,390,11697,248,6511,0,0,360,15952,278,1145,360,17097,California
Fresno,2021-01-10,517,18725,487,12184,30,6541,0,0,204,15843,313,1458,204,17301,California
Fresno,2021-01-11,2214,20939,1806,13990,408,6949,0,0,1521,16674,693,2151,1524,18825,California
Fresno,2021-01-12,2519,23458,1823,15813,696,7645,0,0,1671,17497,850,3001,1673,20498,California
Fresno,2021-01-13,3556,27014,2436,18249,1120,8765,0,0,2703,19350,853,3854,2706,23204,California
Fresno,2021-01-14,4137,31151,2182,20431,1955,10720,0,0,3664,22542,472,4326,3664,26868,California
Fresno,2021-01-15,3659,34810,2529,22960,1130,11850,0,0,3300,25487,359,4685,3304,30172,California
Fresno,2021-01-16,3138,37948,2300,25260,838,12688,0,0,2672,27696,465,5150,2674,32846,California
Fresno,2021-01-17,978,38926,556,25816,422,13110,0,0,778,28274,200,5350,778,33624,California
Fresno,2021-01-18,3074,42000,2369,28185,705,13815,0,0,2417,30038,655,6005,2419,36043,California
Fresno,2021-01-19,4404,46404,2624,30809,1780,15595,0,0,3686,33010,718,6723,3690,39733,California
Fresno,2021-01-20,3017,49421,1210,32019,1807,17402,0,0,2704,35406,311,7034,2707,42440,California
Fresno,2021-01-21,4388,53809,2031,34050,2357,19759,0,0,4028,39103,337,7371,4034,46474,California
Fresno,2021-01-22,3296,57105,1343,35393,1953,21712,0,0,2912,41648,368,7739,2913,49387,California
Fresno,2021-01-23,3043,60148,1972,37365,1071,22783,0,0,2321,43253,721,8460,2326,51713,California
Fresno,2021-01-24,558,60706,377,37742,181,22964,0,0,352,43401,206,8666,354,52067,California
Fresno,2021-01-25,2440,63146,865,38607,1575,24539,0,0,1864,44692,576,9242,1867,53934,California
Fresno,2021-01-26,2080,65226,589,39196,1491,26030,0,0,1321,45257,757,9999,1322,55256,California
Fresno,2021-01-27,2323,67549,1153,40349,1170,27200,0,0,1746,46430,576,10575,1749,57005,California
Fresno,2021-01-28,4542,72091,3050,43399,1492,28692,0,0,3472,48838,1067,11642,3475,60480,California
Fresno,2021-01-29,1713,73804,983,44382,730,29422,0,0,1413,49956,296,11938,1414,61894,California
Fresno,2021-01-30,1447,75251,546,44928,901,30323,0,0,1029,50567,418,12356,1029,62923,California
Fresno,2021-01-31,229,75480,218,45146,11,30334,0,0,75,50488,154,12510,75,62998,California
Fresno,2021-02-01,3341,78821,1667,46813,1674,32008,0,0,1784,50726,1556,14066,1794,64792,California
Fresno,2021-02-02,2726,81547,555,47368,2171,34179,0,0,1583,51197,1128,15194,1599,66391,California
Fresno,2021-02-03,3556,85103,2104,49472,1452,35631,0,0,1543,50737,2004,17198,1544,67935,California
Fresno,2021-02-04,4191,89294,1891,51363,2300,37931,0,0,1927,50435,2234,19432,1932,69867,California
Fresno,2021-02-05,5343,94637,2727,54090,2616,40547,0,0,2307,49715,3031,22463,2311,72178,California
Fresno,2021-02-06,2928,97565,2039,56129,889,41436,0,0,968,48732,1952,24415,969,73147,California
Fresno,2021-02-07,467,98032,285,56414,182,41618,0,0,272,48810,194,24609,272,73419,California
Fresno,2021-02-08,4276,102308,2288,58702,1988,43606,0,0,1814,48183,2450,27059,1823,75242,California
Fresno,2021-02-09,5327,107635,2090,60792,3237,46843,0,0,3114,49168,2138,29197,3123,78365,California
Fresno,2021-02-10,3890,111525,1235,62027,2655,49498,0,0,1990,49322,1848,31045,2002,80367,California
Fresno,2021-02-11,6449,117974,2089,64116,4360,53858,0,0,3351,49598,3080,34125,3356,83723,California
Fresno,2021-02-12,5395,123369,1384,65500,4011,57869,0,0,2732,49695,2644,36769,2741,86464,California
Fresno,2021-02-13,3741,127110,1560,67060,2181,60050,0,0,2078,50127,1651,38420,2083,88547,California
Fresno,2021-02-14,1565,128675,283,67343,1282,61332,0,0,839,50243,725,39145,841,89388,California
Fresno,2021-02-15,2891,131566,268,67611,2623,63955,0,0,1793,50946,1094,40239,1797,91185,California
Fresno,2021-02-16,6687,138253,2402,70013,4285,68240,0,0,4233,52748,2437,42676,4239,95424,California
Fresno,2021-02-17,5323,143576,2445,72458,2878,71118,0,0,2984,53440,2296,44972,2988,98412,California
Fresno,2021-02-18,6848,150424,2895,75353,3953,75071,0,0,2578,51802,4227,49199,2589,101001,California
Fresno,2021-02-19,3833,154257,1098,76451,2735,77806,0,0,1820,51624,2001,51200,1823,102824,California
Fresno,2021-02-20,4525,158782,2481,78932,2044,79850,0,0,3046,53203,1473,52673,3052,105876,California
Fresno,2021-02-21,189,158971,170,79102,19,79869,0,0,126,53280,49,52722,126,106002,California
Fresno,2021-02-22,2241,161212,998,80100,1243,81112,0,0,1236,53523,995,53717,1238,107240,California
Fresno,2021-02-23,4686,165898,2262,82362,2424,83536,0,0,3806,56463,868,54585,3808,111048,California
Fresno,2021-02-24,4203,170101,1498,83860,2705,86241,0,0,3446,59165,745,55330,3447,114495,California
Fresno,2021-02-25,8705,178806,3743,87603,4962,91203,0,0,7217,64967,1423,56753,7225,121720,California
Fresno,2021-02-26,9024,187830,3704,91307,5320,96523,0,0,7707,71387,1293,58046,7713,129433,California
Fresno,2021-02-27,7290,195120,3168,94475,4121,100644,1,1,6577,77270,697,58743,6580,136013,California
Fresno,2021-02-28,1651,196771,531,95006,1120,101764,0,1,1563,78758,76,58819,1564,137577,California
Fresno,2021-03-01,5086,201857,1319,96325,3767,105531,0,1,3688,81065,1385,60204,3692,141269,California
Fresno,2021-03-02,9859,211716,3384,99709,6475,112006,0,1,8475,88205,1360,61564,8500,149769,California
Fresno,2021-03-03,6933,218649,1689,101398,5243,117249,1,2,5923,93244,996,62560,6035,155804,California
Fresno,2021-03-04,10447,229096,4126,105524,6321,123570,0,2,8708,100250,1711,64271,8717,164521,California
Fresno,2021-03-05,9311,238407,3629,109153,5680,129250,2,4,8031,107209,1148,65419,8107,172628,California
Fresno,2021-03-06,7002,245409,3950,113103,2934,132184,118,122,6009,112355,985,66404,6131,178759,California
Fresno,2021-03-07,1495,246904,682,113785,776,132960,37,159,1265,113431,227,66631,1303,180062,California
Fresno,2021-03-08,5289,252193,2022,115807,3116,136076,151,310,4000,116314,1279,67910,4162,184224,California
Fresno,2021-03-09,8609,260802,3782,119589,4556,140632,271,581,4642,117316,3946,71856,4948,189172,California
Fresno,2021-03-10,6838,267640,2859,122448,3588,144220,391,972,5377,121640,1452,73308,5776,194948,California
Fresno,2021-03-11,11603,279243,4578,127026,6469,150689,556,1528,6308,123313,5268,78576,6941,201889,California
Fresno,2021-03-12,12059,291302,5140,132166,6472,157161,447,1975,9057,129972,2983,81559,9642,211531,California
Fresno,2021-03-13,8344,299646,4057,136223,3255,160416,1032,3007,4024,130806,4298,85857,5132,216663,California
Fresno,2021-03-14,1766,301412,476,136699,1001,161417,289,3296,665,130670,1089,86946,953,217616,California
Fresno,2021-03-15,7132,308544,3175,139874,3786,165203,171,3467,4951,133806,2167,89113,5303,222919,California
Fresno,2021-03-16,10229,318773,4541,144415,5288,170491,400,3867,5423,134951,4774,93887,5919,228838,California
Fresno,2021-03-17,8671,327444,3930,148345,4047,174538,694,4561,5877,139141,2771,96658,6961,235799,California
Fresno,2021-03-18,12449,339893,6736,155081,5074,179612,639,5200,7058,141923,5342,102000,8124,243923,California
Fresno,2021-03-19,11175,351068,5888,160969,4669,184281,618,5818,6931,145551,4215,106215,7843,251766,California
Fresno,2021-03-20,7612,358680,4603,165572,2689,186970,320,6138,3800,146162,3785,110000,4396,256162,California
Fresno,2021-03-21,1792,360472,1205,166777,210,187180,377,6515,967,146689,817,110817,1344,257506,California
Fresno,2021-03-22,5672,366144,2897,169674,2175,189355,600,7115,3837,149508,1819,112636,4638,262144,California
Fresno,2021-03-23,10566,376710,5252,174926,4813,194168,501,7616,5066,150024,5478,118114,5994,268138,California
Fresno,2021-03-24,8851,385561,3822,178748,4197,198365,832,8448,4967,152028,3846,121960,5850,273988,California
Fresno,2021-03-25,12210,397771,5695,184443,5727,204092,788,9236,4765,150268,7395,129355,5635,279623,California
Fresno,2021-03-26,12231,410002,5458,189901,6128,210220,645,9881,4464,147684,7714,137069,5130,284753,California
Fresno,2021-03-27,9740,419742,4464,194365,4191,214411,1085,10966,2950,144973,6752,143821,4041,288794,California
Fresno,2021-03-28,3421,423163,1325,195690,1403,215814,693,11659,1279,145092,2134,145955,2253,291047,California
Fresno,2021-03-29,5994,429157,2003,197693,3442,219256,549,12208,2893,145472,3072,149027,3452,294499,California
Fresno,2021-03-30,10907,440064,4274,201967,5737,224993,896,13104,3850,143189,7028,156055,4745,299244,California
Fresno,2021-03-31,9694,449758,3382,205349,5319,230312,993,14097,3742,142009,5909,161964,4729,303973,California
Fresno,2021-04-01,12117,461875,4203,209552,7053,237365,861,14958,4040,138892,7975,169939,4858,308831,California
Fresno,2021-04-02,12052,473927,4596,214148,6663,244028,793,15751,4254,136309,7637,177576,5054,313885,California
Fresno,2021-04-03,6413,480340,3532,217680,2625,246653,256,16007,2148,134504,4246,181822,2441,316326,California
Fresno,2021-04-04,1499,481839,533,218213,921,247574,45,16052,546,134152,943,182765,591,316917,California
Fresno,2021-04-05,8328,490167,4471,222684,3054,250628,803,16855,2449,131610,5862,188627,3320,320237,California
Fresno,2021-04-06,9607,499774,4020,226704,4402,255030,1185,18040,3543,130331,6024,194651,4745,324982,California
Fresno,2021-04-07,10461,510235,5346,232050,3906,258936,1209,19249,3539,128229,6875,201526,4773,329755,California
Fresno,2021-04-08,10948,521183,5168,237218,4617,263553,1163,20412,3435,125407,7463,208989,4641,334396,California
Fresno,2021-04-09,11232,532415,5349,242567,4492,268045,1391,21803,3617,122866,7568,216557,5027,339423,California
Fresno,2021-04-10,7879,540294,5152,247719,2207,270252,520,22323,3676,122872,4191,220748,4197,343620,California
Fresno,2021-04-11,1394,541688,935,248654,368,270620,91,22414,446,122467,943,221691,538,344158,California
Fresno,2021-04-12,7265,548953,3796,252450,2541,273161,928,23342,2343,120845,4893,226584,3271,347429,California
Fresno,2021-04-13,8904,557857,4259,256709,4577,277738,68,23410,3475,119087,5394,231978,3636,351065,California
Fresno,2021-04-14,9437,567294,5739,262448,3697,281435,1,23411,3728,117195,5667,237645,3775,354840,California
Fresno,2021-04-15,8401,575695,4187,266635,4211,285646,3,23414,3167,115162,5206,242851,3173,358013,California
Fresno,2021-04-16,9367,585062,4634,271269,4731,290377,2,23416,3869,113576,5462,248313,3876,361889,California
Fresno,2021-04-17,5564,590626,3722,274991,1842,292219,0,23416,2646,113326,2898,251211,2648,364537,California
Fresno,2021-04-18,1030,591656,559,275550,471,292690,0,23416,473,113247,552,251763,473,365010,California
Fresno,2021-04-19,5546,597202,3016,278566,2527,295217,3,23419,2249,112241,3260,255023,2254,367264,California
Fresno,2021-04-20,6925,604127,3434,282000,3482,298699,9,23428,2616,110581,4285,259308,2625,369889,California
Fresno,2021-04-21,6371,610498,3525,285525,2838,301537,8,23436,2661,109577,3677,262985,2673,372562,California
Fresno,2021-04-22,6348,616846,3159,288684,3188,304725,1,23437,2310,107912,3979,266964,2314,374876,California
Fresno,2021-04-23,7104,623950,3825,292509,3262,307987,17,23454,2722,106346,4293,271257,2727,377603,California
Fresno,2021-04-24,4173,628123,2494,295003,1679,309666,0,23454,1919,106024,2241,273498,1919,379522,California
Fresno,2021-04-25,1373,629496,557,295560,814,310480,2,23456,692,106043,675,274173,694,380216,California
Fresno,2021-04-26,4021,633517,2021,297581,1955,312435,45,23501,1713,105522,2278,276451,1757,381973,California
Fresno,2021-04-27,4689,638206,2373,299954,2198,314633,118,23619,1853,104678,2814,279265,1970,383943,California
Fresno,2021-04-28,4759,642965,2670,302624,1959,316592,130,23749,1981,104034,2756,282021,2112,386055,California
Fresno,2021-04-29,4777,647742,2654,305278,1985,318577,138,23887,1800,103024,2946,284967,1936,387991,California
Fresno,2021-04-30,5398,653140,3285,308563,1979,320556,134,24021,2141,102071,3227,288194,2274,390265,California
Fresno,2021-05-01,4181,657321,3457,312020,585,321141,139,24160,1224,100493,2939,291133,1361,391626,California
Fresno,2021-05-02,1248,658569,771,312791,426,321567,51,24211,611,100529,625,291758,661,392287,California
Fresno,2021-05-03,4019,662588,2701,315492,1128,322695,190,24401,1297,99317,2694,294452,1482,393769,California
Fresno,2021-05-04,4826,667414,2500,317992,2174,324869,152,24553,1549,97769,3251,297703,1703,395472,California
Fresno,2021-05-05,5079,672493,3145,321137,1709,326578,225,24778,1584,96106,3469,301172,1806,397278,California
Fresno,2021-05-06,4112,676605,2544,323681,1463,328041,105,24883,1403,94934,2680,303852,1508,398786,California
Fresno,2021-05-07,5004,681609,3288,326969,1553,329594,163,25046,1554,93221,3427,307279,1714,400500,California
Fresno,2021-05-08,3895,685504,2490,329459,1257,330851,148,25194,1173,91840,2703,309982,1322,401822,California
Fresno,2021-05-09,678,686182,347,329806,288,331139,43,25237,336,91883,336,310318,379,402201,California
Fresno,2021-05-10,2947,689129,1578,331384,1228,332367,141,25378,915,90915,2024,312342,1056,403257,California
Fresno,2021-05-11,3611,692740,1840,333224,1681,334048,90,25468,1158,89721,2443,314785,1249,404506,California
Fresno,2021-05-12,3717,696457,2350,335574,1217,335265,150,25618,1339,88855,2355,317140,1489,405995,California
Fresno,2021-05-13,3604,700061,1953,337527,1546,336811,105,25723,1591,88576,1975,319115,1696,407691,California
Fresno,2021-05-14,5027,705088,3026,340553,1813,338624,188,25911,2135,88041,2859,321974,2324,410015,California
Fresno,2021-05-15,3575,708663,2671,343224,775,339399,129,26040,1816,88235,1749,323723,1943,411958,California
Fresno,2021-05-16,1443,710106,945,344169,464,339863,34,26074,806,88444,631,324354,840,412798,California
Fresno,2021-05-17,4169,714275,2820,346989,1191,341054,158,26232,2284,89027,1858,326212,2441,415239,California
Fresno,2021-05-18,4078,718353,2516,349505,1411,342465,151,26383,2108,89337,1947,328159,2257,417496,California
Fresno,2021-05-19,4333,722686,2760,352265,1399,343864,174,26557,2103,89405,2208,330367,2276,419772,California
Fresno,2021-05-20,3509,726195,2029,354294,1296,345160,184,26741,1622,89338,1872,332239,1805,421577,California
Fresno,2021-05-21,3826,730021,2469,356763,1266,346426,91,26832,1725,89072,2081,334320,1815,423392,California
Fresno,2021-05-22,3280,733301,2455,359218,654,347080,171,27003,1923,89821,1343,335663,2092,425484,California
Fresno,2021-05-23,537,733838,344,359562,165,347245,28,27031,301,89920,230,335893,329,425813,California
Fresno,2021-05-24,3217,737055,2024,361586,1079,348324,114,27145,1502,89845,1691,337584,1616,427429,California
Fresno,2021-05-25,3201,740256,1928,363514,1150,349474,123,27268,1381,89543,1807,339391,1505,428934,California
Fresno,2021-05-26,3233,743489,2141,365655,988,350462,104,27372,1657,89745,1557,340948,1759,430693,California
Fresno,2021-05-27,3127,746616,1907,367562,1113,351575,107,27479,1411,89573,1691,342639,1519,432212,California
Fresno,2021-05-28,3390,750006,2204,369766,1091,352666,95,27574,1875,90048,1496,344135,1971,434183,California
Fresno,2021-05-29,2271,752277,1654,371420,546,353212,71,27645,1249,90357,1012,345147,1321,435504,California
Fresno,2021-05-30,887,753164,535,371955,317,353529,35,27680,425,90372,445,345592,460,435964,California
Fresno,2021-05-31,314,753478,159,372114,144,353673,11,27691,134,90340,175,345767,143,436107,California
Fresno,2021-06-01,3005,756483,1812,373926,1100,354773,93,27784,1249,89948,1734,347501,1342,437449,California
Fresno,2021-06-02,2651,759134,1712,375638,849,355622,90,27874,1146,89709,1476,348977,1237,438686,California
Fresno,2021-06-03,2904,762038,2001,377639,803,356425,100,27974,1263,89447,1623,350600,1361,440047,California
Fresno,2021-06-04,3167,765205,2332,379971,741,357166,94,28068,1117,88635,2024,352624,1212,441259,California
Fresno,2021-06-05,1716,766921,1353,381324,259,357425,104,28172,686,88399,1024,353648,788,442047,California
Glenn,2020-12-17,1,1,1,1,0,0,0,0,1,1,0,0,1,1,California
Glenn,2020-12-20,1,2,1,2,0,0,0,0,1,2,0,0,1,2,California
Glenn,2020-12-21,11,13,11,13,0,0,0,0,11,13,0,0,11,13,California
Glenn,2020-12-22,61,74,61,74,0,0,0,0,61,74,0,0,61,74,California
Glenn,2020-12-23,28,102,28,102,0,0,0,0,28,102,0,0,28,102,California
Glenn,2020-12-24,9,111,9,111,0,0,0,0,9,111,0,0,9,111,California
Glenn,2020-12-26,2,113,2,113,0,0,0,0,2,113,0,0,2,113,California
Glenn,2020-12-27,4,117,4,117,0,0,0,0,4,117,0,0,4,117,California
Glenn,2020-12-28,21,138,21,138,0,0,0,0,21,138,0,0,21,138,California
Glenn,2020-12-29,81,219,81,219,0,0,0,0,81,219,0,0,81,219,California
Glenn,2020-12-30,129,348,106,325,23,23,0,0,129,348,0,0,129,348,California
Glenn,2020-12-31,38,386,9,334,29,52,0,0,38,386,0,0,38,386,California
Glenn,2021-01-02,3,389,3,337,0,52,0,0,3,389,0,0,3,389,California
Glenn,2021-01-04,7,396,5,342,2,54,0,0,7,396,0,0,7,396,California
Glenn,2021-01-05,10,406,8,350,2,56,0,0,10,406,0,0,10,406,California
Glenn,2021-01-06,59,465,8,358,51,107,0,0,59,465,0,0,59,465,California
Glenn,2021-01-07,66,531,11,369,55,162,0,0,65,529,1,1,65,530,California
Glenn,2021-01-08,12,543,9,378,3,165,0,0,12,541,0,1,12,542,California
Glenn,2021-01-10,1,544,1,379,0,165,0,0,0,540,1,2,0,542,California
Glenn,2021-01-11,29,573,29,408,0,165,0,0,12,535,17,19,12,554,California
Glenn,2021-01-12,44,617,39,447,5,170,0,0,14,519,30,49,14,568,California
Glenn,2021-01-13,221,838,156,603,65,235,0,0,177,652,44,93,177,745,California
Glenn,2021-01-14,117,955,28,631,89,324,0,0,107,749,10,103,107,852,California
Glenn,2021-01-15,41,996,34,665,7,331,0,0,36,780,5,108,36,888,California
Glenn,2021-01-16,33,1029,14,679,19,350,0,0,23,793,10,118,23,911,California
Glenn,2021-01-17,4,1033,2,681,2,352,0,0,2,793,2,120,2,913,California
Glenn,2021-01-18,17,1050,16,697,1,353,0,0,9,794,8,128,9,922,California
Glenn,2021-01-19,30,1080,20,717,10,363,0,0,13,790,17,145,13,935,California
Glenn,2021-01-20,164,1244,94,811,70,433,0,0,83,792,81,226,83,1018,California
Glenn,2021-01-21,123,1367,97,908,26,459,0,0,30,729,93,319,30,1048,California
Glenn,2021-01-22,341,1708,64,972,277,736,0,0,334,1056,7,326,334,1382,California
Glenn,2021-01-23,14,1722,8,980,6,742,0,0,11,1064,3,329,11,1393,California
Glenn,2021-01-24,2,1724,2,982,0,742,0,0,2,1066,0,329,2,1395,California
Glenn,2021-01-25,27,1751,9,991,18,760,0,0,24,1087,3,332,24,1419,California
Glenn,2021-01-26,30,1781,14,1005,16,776,0,0,24,1105,6,338,24,1443,California
Glenn,2021-01-27,187,1968,12,1017,175,951,0,0,165,1248,22,360,165,1608,California
Glenn,2021-01-28,147,2115,8,1025,139,1090,0,0,117,1335,30,390,117,1725,California
Glenn,2021-01-29,299,2414,12,1037,287,1377,0,0,285,1606,14,404,285,2010,California
Glenn,2021-01-30,3,2417,0,1037,3,1380,0,0,3,1609,0,404,3,2013,California
Glenn,2021-01-31,1,2418,0,1037,1,1381,0,0,1,1610,0,404,1,2014,California
Glenn,2021-02-01,30,2448,11,1048,19,1400,0,0,18,1616,12,416,18,2032,California
Glenn,2021-02-02,30,2478,15,1063,15,1415,0,0,20,1626,10,426,20,2052,California
Glenn,2021-02-03,273,2751,125,1188,148,1563,0,0,129,1612,144,570,130,2182,California
Glenn,2021-02-04,80,2831,14,1202,66,1629,0,0,25,1582,55,625,25,2207,California
Glenn,2021-02-05,323,3154,25,1227,298,1927,0,0,302,1863,21,646,302,2509,California
Glenn,2021-02-06,16,3170,2,1229,14,1941,0,0,15,1877,1,647,15,2524,California
Glenn,2021-02-07,2,3172,2,1231,0,1941,0,0,2,1879,0,647,2,2526,California
Glenn,2021-02-08,21,3193,17,1248,4,1945,0,0,4,1866,17,664,4,2530,California
Glenn,2021-02-09,48,3241,19,1267,29,1974,0,0,34,1886,14,678,34,2564,California
Glenn,2021-02-10,139,3380,19,1286,120,2094,0,0,66,1879,73,751,66,2630,California
Glenn,2021-02-11,232,3612,132,1418,100,2194,0,0,150,1946,83,834,150,2780,California
Glenn,2021-02-12,419,4031,98,1516,321,2515,0,0,354,2235,65,899,354,3134,California
Glenn,2021-02-13,36,4067,8,1524,28,2543,0,0,17,2233,19,918,17,3151,California
Glenn,2021-02-14,1,4068,0,1524,1,2544,0,0,1,2234,0,918,1,3152,California
Glenn,2021-02-15,8,4076,0,1524,8,2552,0,0,8,2242,0,918,8,3160,California
Glenn,2021-02-16,39,4115,9,1533,30,2582,0,0,21,2245,18,936,21,3181,California
Glenn,2021-02-17,381,4496,13,1546,368,2950,0,0,304,2472,77,1013,304,3485,California
Glenn,2021-02-18,135,4631,100,1646,35,2985,0,0,111,2559,24,1037,111,3596,California
Glenn,2021-02-19,305,4936,16,1662,289,3274,0,0,28,2310,277,1314,28,3624,California
Glenn,2021-02-20,8,4944,0,1662,8,3282,0,0,0,2302,8,1322,0,3624,California
Glenn,2021-02-21,1,4945,1,1663,0,3282,0,0,1,2303,0,1322,1,3625,California
Glenn,2021-02-22,34,4979,15,1678,19,3301,0,0,17,2303,17,1339,17,3642,California
Glenn,2021-02-23,39,5018,10,1688,29,3330,0,0,27,2318,12,1351,27,3669,California
Glenn,2021-02-24,241,5259,39,1727,202,3532,0,0,46,2169,195,1546,46,3715,California
Glenn,2021-02-25,234,5493,120,1847,114,3646,0,0,118,2171,116,1662,118,3833,California
Glenn,2021-02-26,308,5801,24,1871,284,3930,0,0,20,1904,287,1949,20,3853,California
Glenn,2021-02-27,14,5815,5,1876,9,3939,0,0,6,1903,7,1956,6,3859,California
Glenn,2021-02-28,6,5821,3,1879,3,3942,0,0,3,1904,2,1958,3,3862,California
Glenn,2021-03-01,28,5849,6,1885,22,3964,0,0,12,1900,16,1974,12,3874,California
Glenn,2021-03-02,34,5883,7,1892,27,3991,0,0,16,1898,18,1992,16,3890,California
Glenn,2021-03-03,193,6076,38,1930,155,4146,0,0,102,1911,89,2081,102,3992,California
Glenn,2021-03-04,518,6594,174,2104,344,4490,0,0,374,2141,144,2225,374,4366,California
Glenn,2021-03-05,358,6952,47,2151,311,4801,0,0,34,1851,324,2549,34,4400,California
Glenn,2021-03-06,27,6979,2,2153,24,4825,1,1,8,1841,19,2568,9,4409,California
Glenn,2021-03-07,5,6984,0,2153,5,4830,0,1,3,1843,1,2569,3,4412,California
Glenn,2021-03-08,20,7004,2,2155,17,4847,1,2,18,1860,2,2571,19,4431,California
Glenn,2021-03-09,81,7085,11,2166,67,4914,3,5,53,1887,28,2599,55,4486,California
Glenn,2021-03-10,172,7257,69,2235,101,5015,2,7,95,1907,77,2676,97,4583,California
Glenn,2021-03-11,584,7841,169,2404,392,5407,23,30,454,2254,130,2806,477,5060,California
Glenn,2021-03-12,417,8258,13,2417,342,5749,62,92,41,1981,376,3182,103,5163,California
Glenn,2021-03-13,13,8271,1,2418,4,5753,8,100,1,1978,12,3194,9,5172,California
Glenn,2021-03-14,2,8273,1,2419,1,5754,0,100,0,1976,2,3196,0,5172,California
Glenn,2021-03-15,76,8349,15,2434,56,5810,5,105,61,2027,15,3211,66,5238,California
Glenn,2021-03-16,109,8458,34,2468,65,5875,10,115,69,2066,40,3251,79,5317,California
Glenn,2021-03-17,420,8878,99,2567,314,6189,7,122,116,1883,304,3555,121,5438,California
Glenn,2021-03-18,521,9399,216,2783,49,6238,256,378,144,1905,377,3932,399,5837,California
Glenn,2021-03-19,96,9495,16,2799,74,6312,6,384,75,1966,20,3952,81,5918,California
Glenn,2021-03-20,133,9628,2,2801,130,6442,1,385,131,2096,2,3954,132,6050,California
Glenn,2021-03-21,6,9634,5,2806,0,6442,1,386,3,2098,2,3956,4,6054,California
Glenn,2021-03-22,122,9756,54,2860,61,6503,7,393,103,2191,17,3973,110,6164,California
Glenn,2021-03-23,175,9931,66,2926,59,6562,50,443,104,2275,70,4043,154,6318,California
Glenn,2021-03-24,208,10139,101,3027,102,6664,5,448,135,2343,72,4115,140,6458,California
Glenn,2021-03-25,471,10610,229,3256,148,6812,94,542,344,2655,126,4241,438,6896,California
Glenn,2021-03-26,239,10849,36,3292,167,6979,36,578,189,2830,50,4291,225,7121,California
Glenn,2021-03-27,163,11012,19,3311,138,7117,6,584,153,2979,10,4301,159,7280,California
Glenn,2021-03-28,15,11027,10,3321,5,7122,0,584,10,2984,5,4306,10,7290,California
Glenn,2021-03-29,61,11088,20,3341,38,7160,3,587,47,3020,14,4320,50,7340,California
Glenn,2021-03-30,72,11160,41,3382,30,7190,1,588,41,3033,29,4349,42,7382,California
Glenn,2021-03-31,124,11284,35,3417,88,7278,1,589,54,3019,69,4418,55,7437,California
Glenn,2021-04-01,654,11938,188,3605,457,7735,9,598,243,2862,409,4827,252,7689,California
Glenn,2021-04-02,169,12107,26,3631,131,7866,12,610,133,2971,36,4863,145,7834,California
Glenn,2021-04-03,96,12203,4,3635,85,7951,7,617,85,3052,11,4874,92,7926,California
Glenn,2021-04-04,9,12212,3,3638,4,7955,2,619,5,3055,4,4878,7,7933,California
Glenn,2021-04-05,65,12277,25,3663,27,7982,13,632,28,3059,37,4915,41,7974,California
Glenn,2021-04-06,144,12421,52,3715,53,8035,39,671,37,3028,106,5021,75,8049,California
Glenn,2021-04-07,161,12582,47,3762,60,8095,54,725,74,3069,87,5108,128,8177,California
Glenn,2021-04-08,645,13227,191,3953,420,8515,34,759,139,2738,504,5612,173,8350,California
Glenn,2021-04-09,158,13385,57,4010,85,8600,16,775,101,2798,57,5669,117,8467,California
Glenn,2021-04-10,75,13460,1,4011,61,8661,13,788,59,2855,15,5684,72,8539,California
Glenn,2021-04-11,16,13476,8,4019,3,8664,5,793,7,2858,9,5693,12,8551,California
Glenn,2021-04-12,115,13591,25,4044,61,8725,29,822,20,2812,95,5788,49,8600,California
Glenn,2021-04-13,119,13710,63,4107,56,8781,0,822,30,2754,88,5876,30,8630,California
Glenn,2021-04-14,123,13833,46,4153,77,8858,0,822,69,2769,54,5930,69,8699,California
Glenn,2021-04-15,361,14194,276,4429,85,8943,0,822,123,2654,238,6168,123,8822,California
Glenn,2021-04-16,164,14358,41,4470,123,9066,0,822,76,2642,88,6256,76,8898,California
Glenn,2021-04-17,165,14523,16,4486,149,9215,0,822,27,2538,131,6387,27,8925,California
Glenn,2021-04-18,16,14539,3,4489,13,9228,0,822,13,2548,3,6390,13,8938,California
Glenn,2021-04-19,83,14622,17,4506,66,9294,0,822,22,2510,60,6450,22,8960,California
Glenn,2021-04-20,127,14749,82,4588,45,9339,0,822,54,2491,73,6523,54,9014,California
Glenn,2021-04-21,411,15160,310,4898,101,9440,0,822,280,2640,131,6654,280,9294,California
Glenn,2021-04-22,210,15370,48,4946,162,9602,0,822,33,2497,176,6830,33,9327,California
Glenn,2021-04-23,180,15550,24,4970,156,9758,0,822,41,2400,138,6968,41,9368,California
Glenn,2021-04-24,180,15730,32,5002,148,9906,0,822,31,2282,149,7117,31,9399,California
Glenn,2021-04-25,29,15759,18,5020,11,9917,0,822,21,2295,8,7125,21,9420,California
Glenn,2021-04-26,47,15806,11,5031,36,9953,0,822,18,2284,29,7154,18,9438,California
Glenn,2021-04-27,63,15869,49,5080,9,9962,5,827,32,2289,31,7185,36,9474,California
Glenn,2021-04-28,259,16128,180,5260,68,10030,11,838,129,2300,129,7314,140,9614,California
Glenn,2021-04-29,182,16310,23,5283,157,10187,2,840,36,2192,146,7460,38,9652,California
Glenn,2021-04-30,156,16466,35,5318,119,10306,2,842,37,2112,119,7579,39,9691,California
Glenn,2021-05-01,109,16575,13,5331,95,10401,1,843,26,2056,83,7662,27,9718,California
Glenn,2021-05-02,30,16605,12,5343,9,10410,9,852,15,2065,15,7677,24,9742,California
Glenn,2021-05-03,37,16642,23,5366,13,10423,1,853,14,2057,23,7700,15,9757,California
Glenn,2021-05-04,57,16699,33,5399,19,10442,5,858,28,2061,29,7729,33,9790,California
Glenn,2021-05-05,122,16821,35,5434,77,10519,10,868,51,2051,71,7800,61,9851,California
Glenn,2021-05-06,112,16933,41,5475,66,10585,5,873,41,2026,71,7871,46,9897,California
Glenn,2021-05-07,119,17052,32,5507,78,10663,9,882,31,1979,87,7958,40,9937,California
Glenn,2021-05-08,66,17118,12,5519,50,10713,4,886,21,1960,44,8002,25,9962,California
Glenn,2021-05-09,17,17135,11,5530,6,10719,0,886,13,1969,4,8006,13,9975,California
Glenn,2021-05-10,37,17172,15,5545,17,10736,5,891,14,1965,23,8029,19,9994,California
Glenn,2021-05-11,77,17249,54,5599,14,10750,9,900,15,1927,62,8091,24,10018,California
Glenn,2021-05-12,326,17575,245,5844,67,10817,14,914,45,1705,281,8372,59,10077,California
Glenn,2021-05-13,154,17729,59,5903,77,10894,18,932,68,1705,86,8458,86,10163,California
Glenn,2021-05-14,106,17835,25,5928,76,10970,5,937,42,1688,64,8522,47,10210,California
Glenn,2021-05-15,69,17904,40,5968,26,10996,3,940,36,1694,32,8554,38,10248,California
Glenn,2021-05-16,31,17935,18,5986,13,11009,0,940,9,1681,22,8576,9,10257,California
Glenn,2021-05-17,83,18018,58,6044,21,11030,4,944,58,1718,25,8601,62,10319,California
Glenn,2021-05-18,68,18086,49,6093,14,11044,5,949,22,1699,46,8647,27,10346,California
Glenn,2021-05-19,194,18280,114,6207,68,11112,12,961,72,1661,121,8768,83,10429,California
Glenn,2021-05-20,114,18394,72,6279,40,11152,2,963,81,1711,33,8801,83,10512,California
Glenn,2021-05-21,65,18459,22,6301,42,11194,1,964,26,1699,39,8840,27,10539,California
Glenn,2021-05-22,48,18507,18,6319,30,11224,0,964,22,1695,26,8866,22,10561,California
Glenn,2021-05-23,24,18531,14,6333,10,11234,0,964,11,1694,12,8878,11,10572,California
Glenn,2021-05-24,29,18560,10,6343,15,11249,4,968,10,1690,18,8896,14,10586,California
Glenn,2021-05-25,47,18607,36,6379,9,11258,2,970,24,1693,23,8919,26,10612,California
Glenn,2021-05-26,74,18681,15,6394,55,11313,4,974,26,1675,48,8967,30,10642,California
Glenn,2021-05-27,101,18782,62,6456,38,11351,1,975,47,1671,52,9019,48,10690,California
Glenn,2021-05-28,62,18844,18,6474,37,11388,7,982,32,1680,30,9049,39,10729,California
Glenn,2021-05-29,48,18892,11,6485,33,11421,4,986,21,1678,27,9076,25,10754,California
Glenn,2021-05-30,21,18913,13,6498,8,11429,0,986,8,1674,12,9088,8,10762,California
Glenn,2021-05-31,4,18917,0,6498,4,11433,0,986,0,1670,4,9092,0,10762,California
Glenn,2021-06-01,57,18974,31,6529,23,11456,3,989,24,1664,33,9125,27,10789,California
Glenn,2021-06-02,96,19070,48,6577,45,11501,3,992,44,1659,52,9177,47,10836,California
Glenn,2021-06-03,75,19145,42,6619,26,11527,7,999,18,1629,55,9232,25,10861,California
Glenn,2021-06-04,75,19220,36,6655,36,11563,3,1002,39,1635,36,9268,42,10903,California
Glenn,2021-06-05,31,19251,7,6662,22,11585,2,1004,12,1630,19,9287,14,10917,California
Humboldt,2020-12-15,2,2,2,2,0,0,0,0,2,2,0,0,2,2,California
Humboldt,2020-12-16,16,18,16,18,0,0,0,0,16,18,0,0,16,18,California
Humboldt,2020-12-17,117,135,117,135,0,0,0,0,117,135,0,0,117,135,California
Humboldt,2020-12-18,177,312,177,312,0,0,0,0,177,312,0,0,177,312,California
Humboldt,2020-12-19,10,322,10,322,0,0,0,0,10,322,0,0,10,322,California
Humboldt,2020-12-20,27,349,27,349,0,0,0,0,27,349,0,0,27,349,California
Humboldt,2020-12-21,165,514,165,514,0,0,0,0,165,514,0,0,165,514,California
Humboldt,2020-12-22,297,811,297,811,0,0,0,0,297,811,0,0,297,811,California
Humboldt,2020-12-23,318,1129,263,1074,55,55,0,0,320,1131,0,0,320,1131,California
Humboldt,2020-12-24,25,1154,2,1076,23,78,0,0,25,1156,0,0,25,1156,California
Humboldt,2020-12-25,2,1156,2,1078,0,78,0,0,2,1158,0,0,2,1158,California
Humboldt,2020-12-26,6,1162,5,1083,1,79,0,0,6,1164,0,0,6,1164,California
Humboldt,2020-12-28,173,1335,148,1231,25,104,0,0,173,1337,0,0,173,1337,California
Humboldt,2020-12-29,170,1505,123,1354,47,151,0,0,170,1507,0,0,170,1507,California
Humboldt,2020-12-30,227,1732,125,1479,102,253,0,0,227,1734,0,0,227,1734,California
Humboldt,2020-12-31,241,1973,79,1558,162,415,0,0,241,1975,0,0,241,1975,California
Humboldt,2021-01-01,2,1975,1,1559,1,416,0,0,2,1977,0,0,2,1977,California
Humboldt,2021-01-02,39,2014,1,1560,38,454,0,0,39,2016,0,0,39,2016,California
Humboldt,2021-01-04,218,2232,142,1702,76,530,0,0,219,2235,0,0,219,2235,California
Humboldt,2021-01-05,130,2362,18,1720,112,642,0,0,130,2364,1,1,130,2365,California
Humboldt,2021-01-06,308,2670,210,1930,98,740,0,0,235,2538,61,62,235,2600,California
Humboldt,2021-01-07,437,3107,325,2255,112,852,0,0,320,2758,100,162,320,2920,California
Humboldt,2021-01-08,420,3527,282,2537,138,990,0,0,283,2910,131,293,283,3203,California
Humboldt,2021-01-09,68,3595,44,2581,24,1014,0,0,66,2975,2,295,67,3270,California
Humboldt,2021-01-10,84,3679,84,2665,0,1014,0,0,4,2899,80,375,4,3274,California
Humboldt,2021-01-11,288,3967,277,2942,11,1025,0,0,72,2759,212,587,72,3346,California
Humboldt,2021-01-12,482,4449,320,3262,162,1187,0,0,298,2895,162,749,298,3644,California
Humboldt,2021-01-13,496,4945,278,3540,218,1405,0,0,318,3039,175,924,319,3963,California
Humboldt,2021-01-14,525,5470,166,3706,359,1764,0,0,469,3453,56,980,470,4433,California
Humboldt,2021-01-15,375,5845,39,3745,336,2100,0,0,357,3792,18,998,357,4790,California
Humboldt,2021-01-16,170,6015,6,3751,164,2264,0,0,169,3960,1,999,169,4959,California
Humboldt,2021-01-17,6,6021,4,3755,2,2266,0,0,6,3966,0,999,6,4965,California
Humboldt,2021-01-18,296,6317,261,4016,35,2301,0,0,146,3962,150,1149,146,5111,California
Humboldt,2021-01-19,634,6951,390,4406,244,2545,0,0,507,4348,121,1270,507,5618,California
Humboldt,2021-01-20,906,7857,387,4793,519,3064,0,0,750,4952,148,1418,752,6370,California
Humboldt,2021-01-21,958,8815,261,5054,697,3761,0,0,916,5826,42,1460,916,7286,California
Humboldt,2021-01-22,678,9493,377,5431,301,4062,0,0,669,6487,9,1469,670,7956,California
Humboldt,2021-01-23,860,10353,273,5704,587,4649,0,0,851,7330,9,1478,852,8808,California
Humboldt,2021-01-24,229,10582,1,5705,228,4877,0,0,228,7557,1,1479,228,9036,California
Humboldt,2021-01-25,319,10901,235,5940,84,4961,0,0,151,7540,168,1647,151,9187,California
Humboldt,2021-01-26,529,11430,145,6085,384,5345,0,0,478,7967,51,1698,478,9665,California
Humboldt,2021-01-27,1259,12689,586,6671,673,6018,0,0,1192,9101,60,1758,1194,10859,California
Humboldt,2021-01-28,1459,14148,636,7307,823,6841,0,0,1321,10289,135,1893,1323,12182,California
Humboldt,2021-01-29,1150,15298,548,7855,602,7443,0,0,695,10529,455,2348,695,12877,California
Humboldt,2021-01-30,986,16284,468,8323,518,7961,0,0,973,11490,13,2361,974,13851,California
Humboldt,2021-01-31,315,16599,313,8636,2,7963,0,0,314,11803,1,2362,314,14165,California
Humboldt,2021-02-01,336,16935,193,8829,143,8106,0,0,189,11846,146,2508,189,14354,California
Humboldt,2021-02-02,450,17385,79,8908,371,8477,0,0,345,12091,102,2610,347,14701,California
Humboldt,2021-02-03,670,18055,264,9172,406,8883,0,0,519,12459,151,2761,519,15220,California
Humboldt,2021-02-04,638,18693,260,9432,378,9261,0,0,439,12702,196,2957,439,15659,California
Humboldt,2021-02-05,810,19503,94,9526,716,9977,0,0,626,13144,184,3141,626,16285,California
Humboldt,2021-02-06,1073,20576,461,9987,612,10589,0,0,1028,14129,44,3185,1029,17314,California
Humboldt,2021-02-07,379,20955,9,9996,370,10959,0,0,374,14500,4,3189,375,17689,California
Humboldt,2021-02-08,325,21280,142,10138,183,11142,0,0,183,14542,141,3330,183,17872,California
Humboldt,2021-02-09,494,21774,221,10359,273,11415,0,0,178,14404,316,3646,178,18050,California
Humboldt,2021-02-10,563,22337,371,10730,192,11607,0,0,234,14314,324,3970,234,18284,California
Humboldt,2021-02-11,1302,23639,396,11126,906,12513,0,0,498,14013,801,4771,500,18784,California
Humboldt,2021-02-12,1147,24786,738,11864,409,12922,0,0,706,14278,441,5212,706,19490,California
Humboldt,2021-02-13,1513,26299,562,12426,951,13873,0,0,921,14609,590,5802,921,20411,California
Humboldt,2021-02-14,111,26410,5,12431,106,13979,0,0,108,14715,2,5804,108,20519,California
Humboldt,2021-02-15,295,26705,81,12512,214,14193,0,0,194,14809,100,5904,194,20713,California
Humboldt,2021-02-16,537,27242,121,12633,416,14609,0,0,253,14779,284,6188,254,20967,California
Humboldt,2021-02-17,448,27690,276,12909,172,14781,0,0,131,14594,316,6504,131,21098,California
Humboldt,2021-02-18,973,28663,598,13507,375,15156,0,0,227,14077,744,7248,227,21325,California
Humboldt,2021-02-19,477,29140,435,13942,42,15198,0,0,89,13781,385,7633,89,21414,California
Humboldt,2021-02-20,1636,30776,1006,14948,630,15828,0,0,484,13119,1149,8782,487,21901,California
Humboldt,2021-02-21,479,31255,471,15419,8,15836,0,0,182,13005,297,9079,183,22084,California
Humboldt,2021-02-22,134,31389,94,15513,40,15876,0,0,29,12931,103,9182,29,22113,California
Humboldt,2021-02-23,177,31566,71,15584,106,15982,0,0,40,12836,135,9317,40,22153,California
Humboldt,2021-02-24,1201,32767,741,16325,460,16442,0,0,585,12806,615,9932,585,22738,California
Humboldt,2021-02-25,834,33601,319,16644,515,16957,0,0,232,12438,600,10532,232,22970,California
Humboldt,2021-02-26,2148,35749,106,16750,2042,18999,0,0,448,11193,1694,12226,449,23419,California
Humboldt,2021-02-27,1708,37457,1089,17839,619,19618,0,0,861,11213,845,13071,865,24284,California
Humboldt,2021-02-28,123,37580,11,17850,112,19730,0,0,117,11324,6,13077,117,24401,California
Humboldt,2021-03-01,257,37837,45,17895,212,19942,0,0,183,11433,74,13151,183,24584,California
Humboldt,2021-03-02,295,38132,51,17946,244,20186,0,0,163,11464,132,13283,163,24747,California
Humboldt,2021-03-03,1665,39797,1099,19045,566,20752,0,0,1221,12248,438,13721,1222,25969,California
Humboldt,2021-03-04,906,40703,112,19157,794,21546,0,0,285,11914,621,14342,287,26256,California
Humboldt,2021-03-05,947,41650,187,19344,749,22295,11,11,389,11760,554,14896,400,26656,California
Humboldt,2021-03-06,1795,43445,937,20281,809,23104,49,60,803,11621,991,15887,852,27508,California
Humboldt,2021-03-07,364,43809,294,20575,52,23156,18,78,156,11587,208,16095,174,27682,California
Humboldt,2021-03-08,277,44086,6,20581,192,23348,79,157,182,11753,95,16190,261,27943,California
Humboldt,2021-03-09,490,44576,207,20788,135,23483,148,305,236,11884,252,16442,383,28326,California
Humboldt,2021-03-10,690,45266,466,21254,70,23553,154,459,420,12187,269,16711,572,28898,California
Humboldt,2021-03-11,1462,46728,456,21710,906,24459,100,559,640,12109,817,17528,739,29637,California
Humboldt,2021-03-12,1746,48474,1083,22793,441,24900,222,781,1053,12702,685,18213,1278,30915,California
Humboldt,2021-03-13,1585,50059,1037,23830,496,25396,52,833,668,12511,911,19124,720,31635,California
Humboldt,2021-03-14,141,50200,19,23849,114,25510,8,841,29,12436,112,19236,37,31672,California
Humboldt,2021-03-15,277,50477,51,23900,205,25715,21,862,59,12298,218,19454,80,31752,California
Humboldt,2021-03-16,636,51113,201,24101,174,25889,261,1123,260,12442,375,19829,519,32271,California
Humboldt,2021-03-17,730,51843,394,24495,228,26117,108,1231,340,12501,389,20218,448,32719,California
Humboldt,2021-03-18,1739,53582,1169,25664,527,26644,43,1274,1042,12893,693,20911,1085,33804,California
Humboldt,2021-03-19,1076,54658,61,25725,701,27345,314,1588,441,13015,632,21543,754,34558,California
Humboldt,2021-03-20,1382,56040,754,26479,614,27959,14,1602,424,12498,956,22499,439,34997,California
Humboldt,2021-03-21,250,56290,33,26512,188,28147,29,1631,205,12686,45,22544,233,35230,California
Humboldt,2021-03-22,118,56408,15,26527,53,28200,50,1681,62,12744,54,22598,112,35342,California
Humboldt,2021-03-23,414,56822,43,26570,328,28528,43,1724,320,13015,92,22690,363,35705,California
Humboldt,2021-03-24,1414,58236,388,26958,978,29506,48,1772,1037,13730,369,23059,1084,36789,California
Humboldt,2021-03-25,1835,60071,1209,28167,564,30070,62,1834,945,13849,888,23947,1007,37796,California
Humboldt,2021-03-26,2041,62112,438,28605,1545,31615,58,1892,1594,15059,441,24388,1651,39447,California
Humboldt,2021-03-27,2066,64178,1487,30092,407,32022,172,2064,1089,15347,973,25361,1261,40708,California
Humboldt,2021-03-28,266,64444,81,30173,114,32136,71,2135,83,15320,182,25543,155,40863,California
Humboldt,2021-03-29,467,64911,125,30298,246,32382,96,2231,198,15345,268,25811,293,41156,California
Humboldt,2021-03-30,942,65853,305,30603,523,32905,114,2345,557,15635,380,26191,670,41826,California
Humboldt,2021-03-31,1867,67720,520,31123,1249,34154,98,2443,1410,16692,453,26644,1510,43336,California
Humboldt,2021-04-01,2112,69832,702,31825,1317,35471,93,2536,1483,17646,622,27266,1576,44912,California
Humboldt,2021-04-02,1721,71553,1111,32936,505,35976,105,2641,618,17271,1098,28364,723,45635,California
Humboldt,2021-04-03,1666,73219,1507,34443,145,36121,14,2655,670,16969,986,29350,684,46319,California
Humboldt,2021-04-04,485,73704,371,34814,105,36226,9,2664,405,17304,80,29430,415,46734,California
Humboldt,2021-04-05,777,74481,463,35277,266,36492,48,2712,443,17463,332,29762,491,47225,California
Humboldt,2021-04-06,841,75322,318,35595,389,36881,134,2846,586,17932,249,30011,718,47943,California
Humboldt,2021-04-07,1496,76818,1064,36659,292,37173,140,2986,991,18561,502,30513,1131,49074,California
Humboldt,2021-04-08,1747,78565,1096,37755,493,37666,158,3144,738,18450,1007,31520,896,49970,California
Humboldt,2021-04-09,1440,80005,439,38194,847,38513,154,3298,1152,19462,287,31807,1299,51269,California
Humboldt,2021-04-10,936,80941,139,38333,623,39136,174,3472,737,20174,197,32004,909,52178,California
Humboldt,2021-04-11,642,81583,138,38471,36,39172,468,3940,128,20255,514,32518,595,52773,California
Humboldt,2021-04-12,435,82018,226,38697,84,39256,125,4065,276,20497,159,32677,401,53174,California
Humboldt,2021-04-13,589,82607,323,39020,262,39518,4,4069,555,21024,31,32708,558,53732,California
Humboldt,2021-04-14,1428,84035,1032,40052,396,39914,0,4069,1316,22229,111,32819,1316,55048,California
Humboldt,2021-04-15,1818,85853,1194,41246,620,40534,4,4073,1251,22933,549,33368,1253,56301,California
Humboldt,2021-04-16,1138,86991,523,41769,615,41149,0,4073,552,22902,583,33951,552,56853,California
Humboldt,2021-04-17,1771,88762,1449,43218,322,41471,0,4073,1035,23207,730,34681,1035,57888,California
Humboldt,2021-04-18,661,89423,348,43566,312,41783,1,4074,94,22740,561,35242,94,57982,California
Humboldt,2021-04-19,201,89624,84,43650,117,41900,0,4074,86,22713,113,35355,86,58068,California
Humboldt,2021-04-20,487,90111,127,43777,360,42260,0,4074,241,22709,245,35600,241,58309,California
Humboldt,2021-04-21,1092,91203,381,44158,711,42971,0,4074,433,22493,650,36250,434,58743,California
Humboldt,2021-04-22,878,92081,525,44683,351,43322,2,4076,445,22507,431,36681,445,59188,California
Humboldt,2021-04-23,2164,94245,305,44988,1859,45181,0,4076,315,20977,1845,38526,315,59503,California
Humboldt,2021-04-24,1085,95330,880,45868,200,45381,5,4081,360,20619,723,39249,365,59868,California
Humboldt,2021-04-25,377,95707,240,46108,137,45518,0,4081,193,20631,181,39430,193,60061,California
Humboldt,2021-04-26,318,96025,222,46330,92,45610,4,4085,87,20491,229,39659,89,60150,California
Humboldt,2021-04-27,730,96755,239,46569,469,46079,22,4107,152,20089,576,40235,174,60324,California
Humboldt,2021-04-28,1540,98295,793,47362,702,46781,45,4152,400,19396,1138,41373,445,60769,California
Humboldt,2021-04-29,1737,100032,589,47951,1110,47891,38,4190,290,18281,1443,42816,328,61097,California
Humboldt,2021-04-30,1249,101281,392,48343,823,48714,34,4224,192,17454,1051,43867,224,61321,California
Humboldt,2021-05-01,465,101746,384,48727,59,48773,22,4246,288,17588,176,44043,310,61631,California
Humboldt,2021-05-02,230,101976,184,48911,37,48810,9,4255,114,17597,115,44158,124,61755,California
Humboldt,2021-05-03,610,102586,375,49286,211,49021,24,4279,97,17208,511,44669,122,61877,California
Humboldt,2021-05-04,819,103405,483,49769,290,49311,46,4325,248,16933,568,45237,293,62170,California
Humboldt,2021-05-05,1684,105089,1075,50844,552,49863,57,4382,178,15667,1499,46736,233,62403,California
Humboldt,2021-05-06,1688,106777,1073,51917,363,50226,252,4634,138,14510,1547,48283,390,62793,California
Humboldt,2021-05-07,1417,108194,303,52220,1055,51281,59,4693,234,13621,1180,49463,291,63084,California
Humboldt,2021-05-08,742,108936,147,52367,572,51853,23,4716,91,13085,650,50113,114,63198,California
Humboldt,2021-05-09,908,109844,856,53223,42,51895,10,4726,48,12283,860,50973,58,63256,California
Humboldt,2021-05-10,214,110058,36,53259,140,52035,38,4764,81,12269,133,51106,119,63375,California
Humboldt,2021-05-11,491,110549,146,53405,274,52309,71,4835,183,12215,308,51414,254,63629,California
Humboldt,2021-05-12,580,111129,120,53525,418,52727,42,4877,209,12095,370,51784,250,63879,California
Humboldt,2021-05-13,512,111641,240,53765,247,52974,25,4902,218,12046,292,52076,243,64122,California
Humboldt,2021-05-14,706,112347,140,53905,462,53436,104,5006,231,11908,472,52548,334,64456,California
Humboldt,2021-05-15,780,113127,641,54546,131,53567,8,5014,209,11555,570,53118,217,64673,California
Humboldt,2021-05-16,124,113251,54,54600,66,53633,4,5018,70,11575,54,53172,74,64747,California
Humboldt,2021-05-17,401,113652,213,54813,166,53799,22,5040,223,11643,176,53348,244,64991,California
Humboldt,2021-05-18,660,114312,321,55134,310,54109,29,5069,367,11746,293,53641,396,65387,California
Humboldt,2021-05-19,982,115294,548,55682,391,54500,43,5112,359,11527,619,54260,400,65787,California
Humboldt,2021-05-20,727,116021,550,56232,165,54665,12,5124,539,11894,185,54445,552,66339,California
Humboldt,2021-05-21,790,116811,226,56458,503,55168,61,5185,317,11799,473,54918,378,66717,California
Humboldt,2021-05-22,356,117167,277,56735,71,55239,8,5193,106,11665,248,55166,114,66831,California
Humboldt,2021-05-23,348,117515,302,57037,43,55282,3,5196,57,11434,291,55457,60,66891,California
Humboldt,2021-05-24,324,117839,171,57208,124,55406,29,5225,190,11520,133,55590,219,67110,California
Humboldt,2021-05-25,553,118392,367,57575,162,55568,24,5249,319,11632,231,55821,343,67453,California
Humboldt,2021-05-26,653,119045,320,57895,309,55877,24,5273,319,11641,334,56155,343,67796,California
Humboldt,2021-05-27,459,119504,245,58140,179,56056,35,5308,280,11777,179,56334,315,68111,California
Humboldt,2021-05-28,408,119912,194,58334,167,56223,47,5355,181,11779,226,56560,228,68339,California
Humboldt,2021-05-29,169,120081,102,58436,64,56287,3,5358,96,11805,73,56633,99,68438,California
Humboldt,2021-05-30,104,120185,45,58481,54,56341,5,5363,49,11805,54,56687,54,68492,California
Humboldt,2021-05-31,97,120282,51,58532,40,56381,6,5369,73,11860,23,56710,78,68570,California
Humboldt,2021-06-01,451,120733,268,58800,168,56549,15,5384,203,11831,247,56957,218,68788,California
Humboldt,2021-06-02,528,121261,249,59049,225,56774,54,5438,251,11863,271,57228,303,69091,California
Humboldt,2021-06-03,379,121640,225,59274,133,56907,21,5459,126,11785,225,57453,147,69238,California
Humboldt,2021-06-04,479,122119,305,59579,152,57059,22,5481,127,11626,307,57760,148,69386,California
Humboldt,2021-06-05,163,122282,122,59701,3,57062,38,5519,115,11731,48,57808,153,69539,California
Imperial,2020-12-16,1,1,1,1,0,0,0,0,1,1,0,0,1,1,California
Imperial,2020-12-17,4,5,4,5,0,0,0,0,4,5,0,0,4,5,California
Imperial,2020-12-18,12,17,12,17,0,0,0,0,12,17,0,0,12,17,California
Imperial,2020-12-20,2,19,2,19,0,0,0,0,2,19,0,0,2,19,California
Imperial,2020-12-21,186,205,186,205,0,0,0,0,186,205,0,0,186,205,California
Imperial,2020-12-22,241,446,239,444,2,2,0,0,241,446,0,0,241,446,California
Imperial,2020-12-23,211,657,210,654,1,3,0,0,210,656,0,0,210,656,California
Imperial,2020-12-24,5,662,5,659,0,3,0,0,5,661,0,0,5,661,California
Imperial,2020-12-26,2,664,1,660,1,4,0,0,2,663,0,0,2,663,California
Imperial,2020-12-27,62,726,0,660,62,66,0,0,62,725,0,0,62,725,California
Imperial,2020-12-28,214,940,114,774,100,166,0,0,214,939,0,0,214,939,California
Imperial,2020-12-29,189,1129,36,810,153,319,0,0,189,1128,0,0,189,1128,California
Imperial,2020-12-30,367,1496,50,860,317,636,0,0,367,1495,0,0,367,1495,California
Imperial,2020-12-31,198,1694,27,887,171,807,0,0,198,1693,0,0,198,1693,California
Imperial,2021-01-01,47,1741,5,892,42,849,0,0,47,1740,0,0,47,1740,California
Imperial,2021-01-02,4,1745,0,892,4,853,0,0,4,1744,0,0,4,1744,California
Imperial,2021-01-03,90,1835,0,892,90,943,0,0,90,1834,0,0,90,1834,California
Imperial,2021-01-04,85,1920,5,897,80,1023,0,0,85,1919,0,0,85,1919,California
Imperial,2021-01-05,172,2092,14,911,158,1181,0,0,172,2091,0,0,172,2091,California
Imperial,2021-01-06,189,2281,25,936,164,1345,0,0,188,2278,1,1,188,2279,California
Imperial,2021-01-07,322,2603,10,946,312,1657,0,0,319,2594,3,4,319,2598,California
Imperial,2021-01-08,192,2795,52,998,140,1797,0,0,182,2766,10,14,182,2780,California
Imperial,2021-01-09,24,2819,21,1019,3,1800,0,0,24,2790,0,14,24,2804,California
Imperial,2021-01-10,2,2821,0,1019,2,1802,0,0,2,2792,0,14,2,2806,California
Imperial,2021-01-11,403,3224,244,1263,159,1961,0,0,175,2739,228,242,175,2981,California
Imperial,2021-01-12,405,3629,302,1565,103,2064,0,0,143,2621,261,503,143,3124,California
Imperial,2021-01-13,378,4007,133,1698,245,2309,0,0,278,2799,100,603,278,3402,California
Imperial,2021-01-14,260,4267,150,1848,110,2419,0,0,254,3048,5,608,254,3656,California
Imperial,2021-01-15,239,4506,181,2029,58,2477,0,0,232,3273,7,615,232,3888,California
Imperial,2021-01-16,80,4586,74,2103,6,2483,0,0,79,3351,1,616,79,3967,California
Imperial,2021-01-17,10,4596,2,2105,8,2491,0,0,10,3361,0,616,10,3977,California
Imperial,2021-01-18,1063,5659,399,2504,664,3155,0,0,965,4229,98,714,966,4943,California
Imperial,2021-01-19,166,5825,130,2634,36,3191,0,0,119,4301,47,761,119,5062,California
Imperial,2021-01-20,295,6120,198,2832,97,3288,0,0,257,4520,38,799,257,5319,California
Imperial,2021-01-21,427,6547,193,3025,234,3522,0,0,405,4903,22,821,405,5724,California
Imperial,2021-01-22,462,7009,191,3216,271,3793,0,0,453,5347,9,830,453,6177,California
Imperial,2021-01-23,1041,8050,291,3507,750,4543,0,0,1040,6386,1,831,1040,7217,California
Imperial,2021-01-24,11,8061,4,3511,7,4550,0,0,11,6397,0,831,11,7228,California
Imperial,2021-01-25,215,8276,5,3516,210,4760,0,0,34,6252,179,1010,34,7262,California
Imperial,2021-01-26,374,8650,188,3704,186,4946,0,0,230,6339,143,1153,230,7492,California
Imperial,2021-01-27,580,9230,166,3870,414,5360,0,0,247,6253,333,1486,247,7739,California
Imperial,2021-01-28,640,9870,163,4033,477,5837,0,0,532,6677,108,1594,532,8271,California
Imperial,2021-01-29,430,10300,298,4331,132,5969,0,0,381,7009,49,1643,381,8652,California
Imperial,2021-01-30,60,10360,33,4364,27,5996,0,0,43,7035,17,1660,43,8695,California
Imperial,2021-01-31,19,10379,9,4373,10,6006,0,0,18,7052,1,1661,18,8713,California
Imperial,2021-02-01,425,10804,57,4430,368,6374,0,0,214,7057,209,1870,214,8927,California
Imperial,2021-02-02,689,11493,59,4489,630,7004,0,0,508,7384,181,2051,508,9435,California
Imperial,2021-02-03,463,11956,52,4541,411,7415,0,0,267,7456,195,2246,267,9702,California
Imperial,2021-02-04,1727,13683,1209,5750,518,7933,0,0,1415,8560,311,2557,1415,11117,California
Imperial,2021-02-05,401,14084,243,5993,158,8091,0,0,168,8494,234,2791,168,11285,California
Imperial,2021-02-06,860,14944,837,6830,23,8114,0,0,825,9282,37,2828,825,12110,California
Imperial,2021-02-07,22,14966,9,6839,13,8127,0,0,21,9302,1,2829,21,12131,California
Imperial,2021-02-08,260,15226,53,6892,207,8334,0,0,191,9424,69,2898,191,12322,California
Imperial,2021-02-09,481,15707,157,7049,324,8658,0,0,321,9585,160,3058,321,12643,California
Imperial,2021-02-10,468,16175,62,7111,406,9064,0,0,104,9326,364,3422,105,12748,California
Imperial,2021-02-11,1043,17218,371,7482,672,9736,0,0,151,8590,887,4309,151,12899,California
Imperial,2021-02-12,2153,19371,1429,8911,724,10460,0,0,1800,10035,356,4665,1801,14700,California
Imperial,2021-02-13,47,19418,17,8928,30,10490,0,0,43,10072,7,4672,44,14744,California
Imperial,2021-02-14,25,19443,12,8940,13,10503,0,0,22,10091,3,4675,22,14766,California
Imperial,2021-02-15,107,19550,19,8959,88,10591,0,0,90,10164,17,4692,90,14856,California
Imperial,2021-02-16,524,20074,273,9232,251,10842,0,0,304,10248,220,4912,304,15160,California
Imperial,2021-02-17,445,20519,288,9520,157,10999,0,0,87,9977,358,5270,87,15247,California
Imperial,2021-02-18,654,21173,316,9836,338,11337,0,0,146,9616,507,5777,146,15393,California
Imperial,2021-02-19,775,21948,384,10220,391,11728,0,0,195,9232,579,6356,195,15588,California
Imperial,2021-02-20,1046,22994,195,10415,851,12579,0,0,330,8850,714,7070,332,15920,California
Imperial,2021-02-21,593,23587,559,10974,34,12613,0,0,581,9420,11,7081,581,16501,California
Imperial,2021-02-22,809,24396,568,11542,241,12854,0,0,759,10129,50,7131,759,17260,California
Imperial,2021-02-23,974,25370,404,11946,570,13424,0,0,917,10990,57,7188,918,18178,California
Imperial,2021-02-24,731,26101,303,12249,428,13852,0,0,630,11520,100,7288,630,18808,California
Imperial,2021-02-25,871,26972,343,12592,528,14380,0,0,499,11654,371,7659,505,19313,California
Imperial,2021-02-26,2296,29268,1355,13947,941,15321,0,0,1812,12984,483,8142,1813,21126,California
Imperial,2021-02-27,870,30138,813,14760,57,15378,0,0,135,12383,737,8879,136,21262,California
Imperial,2021-02-28,33,30171,20,14780,13,15391,0,0,23,12396,10,8889,23,21285,California
Imperial,2021-03-01,520,30691,303,15083,214,15605,3,3,449,12781,68,8957,453,21738,California
Imperial,2021-03-02,691,31382,252,15335,438,16043,1,4,393,12881,296,9253,396,22134,California
Imperial,2021-03-03,932,32314,52,15387,879,16922,1,5,562,13088,367,9620,574,22708,California
Imperial,2021-03-04,773,33087,89,15476,683,17605,1,6,504,13355,267,9887,534,23242,California
Imperial,2021-03-05,3099,36186,2216,17692,883,18488,0,6,1740,13735,1362,11249,1742,24984,California
Imperial,2021-03-06,702,36888,238,17930,464,18952,0,6,658,14356,41,11290,662,25646,California
Imperial,2021-03-07,83,36971,41,17971,42,18994,0,6,58,14391,24,11314,59,25705,California
Imperial,2021-03-08,424,37395,339,18310,50,19044,35,41,366,14735,57,11371,401,26106,California
Imperial,2021-03-09,696,38091,321,18631,128,19172,247,288,404,15093,292,11663,650,26756,California
Imperial,2021-03-10,703,38794,327,18958,271,19443,105,393,329,15154,373,12036,434,27190,California
Imperial,2021-03-11,1806,40600,485,19443,1129,20572,192,585,1199,15952,603,12639,1401,28591,California
Imperial,2021-03-12,4784,45384,3467,22910,1133,21705,184,769,3078,17514,1700,14339,3262,31853,California
Imperial,2021-03-13,1158,46542,95,23005,838,22543,225,994,861,18310,294,14633,1090,32943,California
Imperial,2021-03-14,177,46719,36,23041,127,22670,14,1008,140,18428,37,14670,155,33098,California
Imperial,2021-03-15,695,47414,230,23271,203,22873,262,1270,394,18785,299,14969,656,33754,California
Imperial,2021-03-16,1126,48540,283,23554,373,23246,470,1740,562,19254,562,15531,1031,34785,California
Imperial,2021-03-17,1618,50158,703,24257,778,24024,137,1877,1025,19832,585,16116,1163,35948,California
Imperial,2021-03-18,1825,51983,1208,25465,557,24581,60,1937,1289,20651,532,16648,1351,37299,California
Imperial,2021-03-19,3753,55736,2755,28220,994,25575,4,1941,1892,20695,1853,18501,1897,39196,California
Imperial,2021-03-20,1770,57506,552,28772,1213,26788,5,1946,1320,21582,444,18945,1331,40527,California
Imperial,2021-03-21,218,57724,35,28807,179,26967,4,1950,160,21692,58,19003,168,40695,California
Imperial,2021-03-22,1064,58788,349,29156,707,27674,8,1958,630,21899,433,19436,640,41335,California
Imperial,2021-03-23,1451,60239,452,29608,993,28667,6,1964,942,22343,505,19941,949,42284,California
Imperial,2021-03-24,2162,62401,573,30181,1162,29829,427,2391,1169,22948,990,20931,1595,43879,California
Imperial,2021-03-25,3216,65617,697,30878,896,30725,1623,4014,1207,23764,2003,22934,2819,46698,California
Imperial,2021-03-26,3213,68830,1181,32059,1046,31771,986,5000,923,23393,2279,25213,1908,48606,California
Imperial,2021-03-27,621,69451,287,32346,282,32053,52,5052,449,23725,169,25382,501,49107,California
Imperial,2021-03-28,215,69666,54,32400,159,32212,2,5054,174,23861,40,25422,176,49283,California
Imperial,2021-03-29,1482,71148,361,32761,397,32609,724,5778,332,23768,1147,26569,1054,50337,California
Imperial,2021-03-30,2108,73256,693,33454,601,33210,814,6592,694,23861,1414,27983,1507,51844,California
Imperial,2021-03-31,1551,74807,734,34188,811,34021,6,6598,1028,24374,520,28503,1033,52877,California
Imperial,2021-04-01,2055,76862,435,34623,1375,35396,245,6843,883,24335,1166,29669,1127,54004,California
Imperial,2021-04-02,1947,78809,485,35108,1387,36783,75,6918,1325,25117,616,30285,1398,55402,California
Imperial,2021-04-03,1526,80335,436,35544,1011,37794,79,6997,708,25089,815,31100,787,56189,California
Imperial,2021-04-04,89,80424,45,35589,27,37821,17,7014,25,25067,64,31164,42,56231,California
Imperial,2021-04-05,3412,83836,2323,37912,924,38745,165,7179,808,23446,2594,33758,973,57204,California
Imperial,2021-04-06,1320,85156,534,38446,594,39339,192,7371,687,23698,628,34386,880,58084,California
Imperial,2021-04-07,2170,87326,561,39007,1233,40572,376,7747,1564,25026,611,34997,1939,60023,California
Imperial,2021-04-08,2218,89544,1086,40093,836,41408,296,8043,1075,25256,1139,36136,1369,61392,California
Imperial,2021-04-09,3220,92764,1661,41754,940,42348,619,8662,1511,25683,1701,37837,2128,63520,California
Imperial,2021-04-10,1300,94064,200,41954,826,43174,274,8936,236,25127,1061,38898,505,64025,California
Imperial,2021-04-11,220,94284,31,41985,157,43331,32,8968,76,25091,144,39042,108,64133,California
Imperial,2021-04-12,1451,95735,779,42764,451,43782,221,9189,823,25512,623,39665,1044,65177,California
Imperial,2021-04-13,2932,98667,1909,44673,1021,44803,2,9191,2040,26664,888,40553,2040,67217,California
Imperial,2021-04-14,2044,100711,956,45629,1088,45891,0,9191,1391,27408,648,41201,1392,68609,California
Imperial,2021-04-15,1980,102691,907,46536,1073,46964,0,9191,1356,28147,619,41820,1358,69967,California
Imperial,2021-04-16,3446,106137,1796,48332,1650,48614,0,9191,2152,29020,1280,43100,2153,72120,California
Imperial,2021-04-17,1819,107956,935,49267,882,49496,2,9193,1416,30041,398,43498,1419,73539,California
Imperial,2021-04-18,256,108212,74,49341,182,49678,0,9193,89,29965,165,43663,89,73628,California
Imperial,2021-04-19,849,109061,271,49612,578,50256,0,9193,472,30067,374,44037,476,74104,California
Imperial,2021-04-20,1334,110395,536,50148,798,51054,0,9193,747,30230,585,44622,748,74852,California
Imperial,2021-04-21,1387,111782,344,50492,1042,52096,1,9194,804,30457,577,45199,804,75656,California
Imperial,2021-04-22,2290,114072,819,51311,1471,53567,0,9194,1564,31308,715,45914,1566,77222,California
Imperial,2021-04-23,2828,116900,537,51848,2291,55858,0,9194,1093,30701,1704,47618,1097,78319,California
Imperial,2021-04-24,557,117457,332,52180,225,56083,0,9194,202,30551,352,47970,202,78521,California
Imperial,2021-04-25,269,117726,100,52280,169,56252,0,9194,136,30556,131,48101,136,78657,California
Imperial,2021-04-26,1209,118935,479,52759,726,56978,4,9198,701,30758,502,48603,704,79361,California
Imperial,2021-04-27,1100,120035,361,53120,729,57707,10,9208,546,30766,548,49151,556,79917,California
Imperial,2021-04-28,1495,121530,650,53770,816,58523,29,9237,678,30661,812,49963,707,80624,California
Imperial,2021-04-29,1847,123377,867,54637,933,59456,47,9284,819,30510,1018,50981,867,81491,California
Imperial,2021-04-30,3241,126618,1680,56317,1528,60984,33,9317,1575,30465,1655,52636,1610,83101,California
Imperial,2021-05-01,335,126953,140,56457,192,61176,3,9320,163,30460,172,52808,167,83268,California
Imperial,2021-05-02,85,127038,27,56484,56,61232,2,9322,51,30480,34,52842,54,83322,California
Imperial,2021-05-03,1639,128677,553,57037,1038,62270,48,9370,376,29651,1252,54094,423,83745,California
Imperial,2021-05-04,1760,130437,968,58005,765,63035,27,9397,541,29008,1211,55305,568,84313,California
Imperial,2021-05-05,1505,131942,894,58899,590,63625,21,9418,440,28417,1053,56358,462,84775,California
Imperial,2021-05-06,1686,133628,1110,60009,537,64162,39,9457,544,27864,1136,57494,583,85358,California
Imperial,2021-05-07,2432,136060,1348,61357,1039,65201,45,9502,840,27177,1575,59069,888,86246,California
Imperial,2021-05-08,562,136622,429,61786,125,65326,8,9510,166,26958,393,59462,174,86420,California
Imperial,2021-05-09,94,136716,63,61849,30,65356,1,9511,27,26922,64,59526,28,86448,California
Imperial,2021-05-10,1104,137820,282,62131,699,66055,123,9634,327,26601,770,60296,449,86897,California
Imperial,2021-05-11,1456,139276,466,62597,971,67026,19,9653,484,26144,964,61260,507,87404,California
Imperial,2021-05-12,846,140122,267,62864,541,67567,38,9691,295,25930,546,61806,332,87736,California
Imperial,2021-05-13,1642,141764,1050,63914,520,68087,72,9763,713,25794,920,62726,784,88520,California
Imperial,2021-05-14,1755,143519,967,64881,729,68816,59,9822,1153,26414,592,63318,1212,89732,California
Imperial,2021-05-15,1224,144743,469,65350,735,69551,20,9842,467,26150,751,64069,487,90219,California
Imperial,2021-05-16,120,144863,81,65431,36,69587,3,9845,48,26130,71,64140,51,90270,California
Imperial,2021-05-17,1908,146771,712,66143,1154,70741,42,9887,684,25639,1218,65358,727,90997,California
Imperial,2021-05-18,1591,148362,803,66946,716,71457,72,9959,870,25866,715,66073,942,91939,California
Imperial,2021-05-19,1282,149644,604,67550,609,72066,69,10028,613,25886,662,66735,682,92621,California
Imperial,2021-05-20,1464,151108,931,68481,467,72533,66,10094,678,25856,775,67510,745,93366,California
Imperial,2021-05-21,1740,152848,1104,69585,574,73107,62,10156,888,25963,844,68354,951,94317,California
Imperial,2021-05-22,240,153088,161,69746,63,73170,16,10172,127,25998,108,68462,143,94460,California
Imperial,2021-05-23,65,153153,17,69763,39,73209,9,10181,20,25984,43,68505,29,94489,California
Imperial,2021-05-24,1235,154388,604,70367,576,73785,55,10236,507,25825,721,69226,562,95051,California
Imperial,2021-05-25,1343,155731,460,70827,850,74635,33,10269,501,25526,833,70059,534,95585,California
Imperial,2021-05-26,931,156662,486,71313,404,75039,41,10310,397,25433,531,70590,438,96023,California
Imperial,2021-05-27,1307,157969,716,72029,521,75560,70,10380,636,25474,665,71255,706,96729,California
Imperial,2021-05-28,982,158951,562,72591,351,75911,69,10449,368,25304,607,71862,437,97166,California
Imperial,2021-05-29,215,159166,119,72710,90,76001,6,10455,109,25313,106,71968,115,97281,California
Imperial,2021-05-30,95,159261,27,72737,66,76067,2,10457,64,25348,31,71999,66,97347,California
Imperial,2021-05-31,77,159338,19,72756,52,76119,6,10463,35,25347,42,72041,41,97388,California
Imperial,2021-06-01,1148,160486,523,73279,562,76681,63,10526,453,25176,688,72729,517,97905,California
Imperial,2021-06-02,1039,161525,566,73845,386,77067,87,10613,524,25274,511,73240,609,98514,California
Imperial,2021-06-03,902,162427,521,74366,313,77380,68,10681,434,25313,463,73703,502,99016,California
Imperial,2021-06-04,1550,163977,1054,75420,412,77792,84,10765,662,25177,881,74584,745,99761,California
Imperial,2021-06-05,182,164159,131,75551,44,77836,7,10772,69,25142,111,74695,76,99837,California
Inyo,2020-12-19,85,85,85,85,0,0,0,0,85,85,0,0,85,85,California
Inyo,2020-12-20,58,143,58,143,0,0,0,0,58,143,0,0,58,143,California
Inyo,2020-12-21,88,231,85,228,3,3,0,0,88,231,0,0,88,231,California
Inyo,2020-12-22,104,335,104,332,0,3,0,0,104,335,0,0,104,335,California
Inyo,2020-12-23,69,404,66,398,3,6,0,0,69,404,0,0,69,404,California
Inyo,2020-12-24,16,420,16,414,0,6,0,0,16,420,0,0,16,420,California
Inyo,2020-12-25,1,421,0,414,1,7,0,0,1,421,0,0,1,421,California
Inyo,2020-12-26,74,495,74,488,0,7,0,0,74,495,0,0,74,495,California
Inyo,2020-12-28,48,543,36,524,12,19,0,0,48,543,0,0,48,543,California
Inyo,2020-12-29,19,562,19,543,0,19,0,0,19,562,0,0,19,562,California
Inyo,2020-12-30,56,618,54,597,2,21,0,0,56,618,0,0,56,618,California
Inyo,2020-12-31,29,647,0,597,29,50,0,0,29,647,0,0,29,647,California
Inyo,2021-01-01,1,648,0,597,1,51,0,0,1,648,0,0,1,648,California
Inyo,2021-01-03,1,649,0,597,1,52,0,0,1,649,0,0,1,649,California
Inyo,2021-01-04,2,651,1,598,1,53,0,0,2,651,0,0,2,651,California
Inyo,2021-01-05,34,685,0,598,34,87,0,0,34,685,0,0,34,685,California
Inyo,2021-01-06,64,749,0,598,64,151,0,0,64,749,0,0,64,749,California
Inyo,2021-01-07,31,780,1,599,30,181,0,0,31,780,0,0,31,780,California
Inyo,2021-01-08,9,789,8,607,1,182,0,0,4,780,5,5,5,785,California
Inyo,2021-01-09,87,876,86,693,1,183,0,0,1,695,86,91,1,786,California
Inyo,2021-01-10,52,928,52,745,0,183,0,0,0,643,52,143,0,786,California
Inyo,2021-01-11,97,1025,82,827,15,198,0,0,16,578,81,224,16,802,California
Inyo,2021-01-12,137,1162,116,943,21,219,0,0,27,495,110,334,27,829,California
Inyo,2021-01-13,86,1248,68,1011,18,237,0,0,21,452,65,399,22,851,California
Inyo,2021-01-14,59,1307,13,1024,46,283,0,0,49,491,10,409,49,900,California
Inyo,2021-01-15,160,1467,28,1052,132,415,0,0,160,651,0,409,160,1060,California
Inyo,2021-01-16,74,1541,73,1125,1,416,0,0,1,579,73,482,1,1061,California
Inyo,2021-01-18,58,1599,36,1161,22,438,0,0,19,559,39,521,19,1080,California
Inyo,2021-01-19,112,1711,71,1232,41,479,0,0,95,637,17,538,95,1175,California
Inyo,2021-01-20,146,1857,70,1302,76,555,0,0,92,675,54,592,92,1267,California
Inyo,2021-01-21,117,1974,57,1359,60,615,0,0,116,790,1,593,116,1383,California
Inyo,2021-01-22,62,2036,0,1359,62,677,0,0,61,850,1,594,61,1444,California
Inyo,2021-01-23,52,2088,51,1410,1,678,0,0,52,902,0,594,52,1496,California
Inyo,2021-01-25,49,2137,6,1416,43,721,0,0,37,927,12,606,37,1533,California
Inyo,2021-01-26,134,2271,53,1469,81,802,0,0,128,1049,6,612,128,1661,California
Inyo,2021-01-27,24,2295,2,1471,22,824,0,0,23,1071,1,613,23,1684,California
Inyo,2021-01-28,92,2387,2,1473,90,914,0,0,63,1105,29,642,63,1747,California
Inyo,2021-01-29,25,2412,3,1476,22,936,0,0,23,1126,2,644,23,1770,California
Inyo,2021-01-30,10,2422,0,1476,10,946,0,0,10,1136,0,644,10,1780,California
Inyo,2021-01-31,28,2450,3,1479,25,971,0,0,3,1114,25,669,3,1783,California
Inyo,2021-02-01,10,2460,9,1488,1,972,0,0,0,1104,10,679,0,1783,California
Inyo,2021-02-02,130,2590,14,1502,116,1088,0,0,104,1182,26,705,104,1887,California
Inyo,2021-02-03,114,2704,0,1502,114,1202,0,0,73,1214,41,746,73,1960,California
Inyo,2021-02-04,148,2852,32,1534,116,1318,0,0,89,1244,59,805,89,2049,California
Inyo,2021-02-05,114,2966,58,1592,56,1374,0,0,112,1354,2,807,112,2161,California
Inyo,2021-02-06,4,2970,2,1594,2,1376,0,0,3,1356,1,808,3,2164,California
Inyo,2021-02-07,4,2974,2,1596,2,1378,0,0,4,1360,0,808,4,2168,California
Inyo,2021-02-08,116,3090,6,1602,110,1488,0,0,97,1438,19,827,97,2265,California
Inyo,2021-02-09,195,3285,52,1654,143,1631,0,0,124,1491,71,898,124,2389,California
Inyo,2021-02-10,140,3425,16,1670,124,1755,0,0,107,1565,33,931,107,2496,California
Inyo,2021-02-11,220,3645,56,1726,164,1919,0,0,126,1597,94,1025,126,2622,California
Inyo,2021-02-12,296,3941,51,1777,245,2164,0,0,167,1635,129,1154,167,2789,California
Inyo,2021-02-13,57,3998,52,1829,5,2169,0,0,6,1590,51,1205,6,2795,California
Inyo,2021-02-14,1,3999,0,1829,1,2170,0,0,1,1591,0,1205,1,2796,California
Inyo,2021-02-15,28,4027,9,1838,19,2189,0,0,5,1573,23,1228,5,2801,California
Inyo,2021-02-16,177,4204,49,1887,128,2317,0,0,91,1579,85,1313,91,2892,California
Inyo,2021-02-17,38,4242,4,1891,34,2351,0,0,8,1557,30,1343,8,2900,California
Inyo,2021-02-18,119,4361,6,1897,113,2464,0,0,79,1596,40,1383,79,2979,California
Inyo,2021-02-19,52,4413,5,1902,47,2511,0,0,9,1562,43,1426,9,2988,California
Inyo,2021-02-20,505,4918,500,2402,5,2516,0,0,503,2063,2,1428,503,3491,California
Inyo,2021-02-21,441,5359,441,2843,0,2516,0,0,441,2504,0,1428,441,3932,California
Inyo,2021-02-22,60,5419,18,2861,42,2558,0,0,26,2496,34,1462,26,3958,California
Inyo,2021-02-23,197,5616,18,2879,179,2737,0,0,94,2488,102,1564,94,4052,California
Inyo,2021-02-24,118,5734,0,2879,118,2855,0,0,57,2484,61,1625,57,4109,California
Inyo,2021-02-25,130,5864,3,2882,127,2982,0,0,61,2476,69,1694,61,4170,California
Inyo,2021-02-26,100,5964,57,2939,43,3025,0,0,19,2414,81,1775,19,4189,California
Inyo,2021-02-27,14,5978,3,2942,11,3036,0,0,2,2404,12,1787,2,4191,California
Inyo,2021-02-28,3,5981,1,2943,2,3038,0,0,2,2405,1,1788,2,4193,California
Inyo,2021-03-01,19,6000,2,2945,17,3055,0,0,17,2420,2,1790,17,4210,California
Inyo,2021-03-02,193,6193,0,2945,193,3248,0,0,108,2443,85,1875,108,4318,California
Inyo,2021-03-03,83,6276,3,2948,80,3328,0,0,41,2442,42,1917,41,4359,California
Inyo,2021-03-04,125,6401,3,2951,122,3450,0,0,45,2407,80,1997,45,4404,California
Inyo,2021-03-05,140,6541,54,3005,86,3536,0,0,39,2345,101,2098,39,4443,California
Inyo,2021-03-06,23,6564,1,3006,22,3558,0,0,22,2366,1,2099,22,4465,California
Inyo,2021-03-07,6,6570,3,3009,3,3561,0,0,4,2368,2,2101,4,4469,California
Inyo,2021-03-08,173,6743,5,3014,168,3729,0,0,82,2359,91,2192,82,4551,California
Inyo,2021-03-09,190,6933,3,3017,187,3916,0,0,74,2317,116,2308,74,4625,California
Inyo,2021-03-10,71,7004,9,3026,61,3977,1,1,30,2307,41,2349,31,4656,California
Inyo,2021-03-11,204,7208,1,3027,198,4175,5,6,74,2256,130,2479,79,4735,California
Inyo,2021-03-12,176,7384,4,3031,167,4342,5,11,78,2241,98,2577,83,4818,California
Inyo,2021-03-13,576,7960,542,3573,25,4367,9,20,67,1809,508,3085,76,4894,California
Inyo,2021-03-14,440,8400,439,4012,1,4368,0,20,5,1380,434,3519,5,4899,California
Inyo,2021-03-15,50,8450,14,4026,34,4402,2,22,30,1392,20,3539,32,4931,California
Inyo,2021-03-16,162,8612,3,4029,153,4555,6,28,63,1363,98,3637,69,5000,California
Inyo,2021-03-17,108,8720,3,4032,98,4653,7,35,92,1446,16,3653,99,5099,California
Inyo,2021-03-18,183,8903,15,4047,161,4814,7,42,103,1476,80,3733,110,5209,California
Inyo,2021-03-19,44,8947,3,4050,37,4851,4,46,35,1506,9,3742,39,5248,California
Inyo,2021-03-20,19,8966,1,4051,9,4860,9,55,0,1496,19,3761,9,5257,California
Inyo,2021-03-22,58,9024,2,4053,51,4911,5,60,38,1519,20,3781,43,5300,California
Inyo,2021-03-23,194,9218,3,4056,187,5098,4,64,105,1539,89,3870,109,5409,California
Inyo,2021-03-24,140,9358,3,4059,133,5231,4,68,86,1575,54,3924,90,5499,California
Inyo,2021-03-25,329,9687,109,4168,217,5448,3,71,264,1777,65,3989,267,5766,California
Inyo,2021-03-26,91,9778,3,4171,84,5532,4,75,71,1832,20,4009,75,5841,California
Inyo,2021-03-27,50,9828,42,4213,5,5537,3,78,44,1873,6,4015,47,5888,California
Inyo,2021-03-28,3,9831,0,4213,2,5539,1,79,1,1873,2,4017,2,5890,California
Inyo,2021-03-29,108,9939,2,4215,101,5640,5,84,81,1933,26,4043,86,5976,California
Inyo,2021-03-30,218,10157,2,4217,211,5851,5,89,108,1936,110,4153,113,6089,California
Inyo,2021-03-31,150,10307,3,4220,141,5992,6,95,108,2008,42,4195,114,6203,California
Inyo,2021-04-01,166,10473,4,4224,161,6153,1,96,117,2077,49,4244,118,6321,California
Inyo,2021-04-02,79,10552,1,4225,76,6229,2,98,49,2098,30,4274,51,6372,California
Inyo,2021-04-03,79,10631,40,4265,26,6255,13,111,3,2039,74,4348,15,6387,California
Inyo,2021-04-04,5,10636,4,4269,0,6255,1,112,1,2037,4,4352,2,6389,California
Inyo,2021-04-05,108,10744,1,4270,103,6358,4,116,29,1991,79,4431,33,6422,California
Inyo,2021-04-06,234,10978,4,4274,167,6525,63,179,103,2026,131,4562,166,6588,California
Inyo,2021-04-07,206,11184,2,4276,76,6601,128,307,47,2042,159,4721,175,6763,California
Inyo,2021-04-08,181,11365,15,4291,149,6750,17,324,81,2040,100,4821,98,6861,California
Inyo,2021-04-09,125,11490,6,4297,96,6846,23,347,37,2013,87,4908,60,6921,California
Inyo,2021-04-10,41,11531,1,4298,23,6869,17,364,3,1995,38,4946,20,6941,California
Inyo,2021-04-11,1,11532,0,4298,1,6870,0,364,1,1996,0,4946,1,6942,California
Inyo,2021-04-12,79,11611,0,4298,74,6944,5,369,41,2004,38,4984,46,6988,California
Inyo,2021-04-13,121,11732,4,4302,114,7058,3,372,62,2011,58,5042,65,7053,California
Inyo,2021-04-14,130,11862,2,4304,128,7186,0,372,45,1971,85,5127,45,7098,California
Inyo,2021-04-15,273,12135,116,4420,157,7343,0,372,78,1854,195,5322,78,7176,California
Inyo,2021-04-16,46,12181,5,4425,41,7384,0,372,18,1844,28,5350,18,7194,California
Inyo,2021-04-17,2,12183,1,4426,1,7385,0,372,1,1844,1,5351,1,7195,California
Inyo,2021-04-19,122,12305,39,4465,83,7468,0,372,41,1804,81,5432,41,7236,California
Inyo,2021-04-20,163,12468,2,4467,161,7629,0,372,79,1799,84,5516,79,7315,California
Inyo,2021-04-21,112,12580,3,4470,109,7738,0,372,32,1751,80,5596,32,7347,California
Inyo,2021-04-22,196,12776,1,4471,195,7933,0,372,51,1657,145,5741,51,7398,California
Inyo,2021-04-23,95,12871,4,4475,91,8024,0,372,22,1606,73,5814,22,7420,California
Inyo,2021-04-24,309,13180,308,4783,1,8025,0,372,305,1907,4,5818,305,7725,California
Inyo,2021-04-25,133,13313,132,4915,1,8026,0,372,133,2040,0,5818,133,7858,California
Inyo,2021-04-26,91,13404,1,4916,89,8115,1,373,10,1971,80,5898,11,7869,California
Inyo,2021-04-27,183,13587,6,4922,172,8287,5,378,47,1887,136,6034,52,7921,California
Inyo,2021-04-28,122,13709,2,4924,118,8405,2,380,20,1807,102,6136,22,7943,California
Inyo,2021-04-29,170,13879,55,4979,115,8520,0,380,76,1789,94,6230,76,8019,California
Inyo,2021-04-30,82,13961,5,4984,76,8596,1,381,23,1754,59,6289,24,8043,California
Inyo,2021-05-01,12,13973,3,4987,9,8605,0,381,10,1762,2,6291,10,8053,California
Inyo,2021-05-02,7,13980,3,4990,2,8607,2,383,4,1765,3,6294,6,8059,California
Inyo,2021-05-03,38,14018,1,4991,33,8640,4,387,5,1741,33,6327,9,8068,California
Inyo,2021-05-04,122,14140,2,4993,116,8756,4,391,21,1665,101,6428,25,8093,California
Inyo,2021-05-05,36,14176,0,4993,34,8790,2,393,11,1653,25,6453,13,8106,California
Inyo,2021-05-06,92,14268,4,4997,80,8870,8,401,12,1593,80,6533,20,8126,California
Inyo,2021-05-07,49,14317,4,5001,37,8907,8,409,24,1601,24,6557,32,8158,California
Inyo,2021-05-08,11,14328,2,5003,4,8911,5,414,4,1603,7,6564,9,8167,California
Inyo,2021-05-09,1,14329,0,5003,1,8912,0,414,0,1602,1,6565,0,8167,California
Inyo,2021-05-10,69,14398,1,5004,66,8978,2,416,30,1596,39,6604,33,8200,California
Inyo,2021-05-11,87,14485,1,5005,83,9061,3,419,20,1552,67,6671,23,8223,California
Inyo,2021-05-12,43,14528,1,5006,40,9101,2,421,11,1533,32,6703,13,8236,California
Inyo,2021-05-13,74,14602,1,5007,72,9173,1,422,11,1482,63,6766,12,8248,California
Inyo,2021-05-14,25,14627,3,5010,17,9190,5,427,12,1486,13,6779,17,8265,California
Inyo,2021-05-15,377,15004,365,5375,10,9200,2,429,85,1281,292,7071,87,8352,California
Inyo,2021-05-16,198,15202,198,5573,0,9200,0,429,71,1225,127,7198,71,8423,California
Inyo,2021-05-17,62,15264,3,5576,55,9255,4,433,19,1206,42,7240,23,8446,California
Inyo,2021-05-18,83,15347,2,5578,80,9335,1,434,17,1158,66,7306,18,8464,California
Inyo,2021-05-19,47,15394,2,5580,40,9375,5,439,13,1142,34,7340,18,8482,California
Inyo,2021-05-20,143,15537,80,5660,62,9437,1,440,34,1068,109,7449,35,8517,California
Inyo,2021-05-21,47,15584,18,5678,25,9462,4,444,19,1063,28,7477,23,8540,California
Inyo,2021-05-22,25,15609,15,5693,7,9469,3,447,18,1077,7,7484,21,8561,California
Inyo,2021-05-23,2,15611,1,5694,0,9469,1,448,0,1076,2,7486,1,8562,California
Inyo,2021-05-24,33,15644,6,5700,24,9493,3,451,13,1072,20,7506,16,8578,California
Inyo,2021-05-25,82,15726,39,5739,41,9534,2,453,47,1086,35,7541,49,8627,California
Inyo,2021-05-26,32,15758,5,5744,25,9559,2,455,10,1076,22,7563,12,8639,California
Inyo,2021-05-27,40,15798,11,5755,21,9580,8,463,13,1071,26,7589,21,8660,California
Inyo,2021-05-28,26,15824,6,5761,15,9595,5,468,8,1066,18,7607,13,8673,California
Inyo,2021-05-29,15,15839,5,5766,10,9605,0,468,6,1063,9,7616,6,8679,California
Inyo,2021-05-30,2,15841,0,5766,2,9607,0,468,0,1061,2,7618,0,8679,California
Inyo,2021-06-01,53,15894,16,5782,31,9638,6,474,23,1060,30,7648,29,8708,California
Inyo,2021-06-02,9,15903,7,5789,1,9639,1,475,8,1068,1,7649,9,8717,California
Inyo,2021-06-03,25,15928,0,5789,18,9657,7,482,1,1052,24,7673,8,8725,California
Inyo,2021-06-04,33,15961,7,5796,22,9679,4,486,13,1049,20,7693,17,8742,California
Inyo,2021-06-05,7,15968,1,5797,5,9684,1,487,1,1045,6,7699,2,8744,California
Kern,2020-12-15,1,1,1,1,0,0,0,0,1,1,0,0,1,1,California
Kern,2020-12-16,18,19,18,19,0,0,0,0,18,19,0,0,18,19,California
Kern,2020-12-17,163,182,163,182,0,0,0,0,163,182,0,0,163,182,California
Kern,2020-12-18,323,505,323,505,0,0,0,0,323,505,0,0,323,505,California
Kern,2020-12-19,99,604,99,604,0,0,0,0,100,605,0,0,100,605,California
Kern,2020-12-20,61,665,61,665,0,0,0,0,61,666,0,0,61,666,California
Kern,2020-12-21,670,1335,669,1334,1,1,0,0,670,1336,0,0,670,1336,California
Kern,2020-12-22,530,1865,528,1862,2,3,0,0,530,1866,0,0,530,1866,California
Kern,2020-12-23,556,2421,418,2280,138,141,0,0,556,2422,0,0,556,2422,California
Kern,2020-12-24,122,2543,43,2323,79,220,0,0,122,2544,0,0,122,2544,California
Kern,2020-12-25,1,2544,1,2324,0,220,0,0,1,2545,0,0,1,2545,California
Kern,2020-12-26,33,2577,1,2325,32,252,0,0,33,2578,0,0,33,2578,California
Kern,2020-12-27,35,2612,3,2328,32,284,0,0,35,2613,0,0,35,2613,California
Kern,2020-12-28,825,3437,661,2989,164,448,0,0,825,3438,0,0,825,3438,California
Kern,2020-12-29,743,4180,450,3439,293,741,0,0,742,4179,1,1,742,4180,California
Kern,2020-12-30,1204,5384,912,4351,292,1033,0,0,1204,5383,0,1,1204,5384,California
Kern,2020-12-31,277,5661,99,4450,178,1211,0,0,277,5660,0,1,277,5661,California
Kern,2021-01-01,16,5677,9,4459,7,1218,0,0,16,5676,0,1,16,5677,California
Kern,2021-01-02,79,5756,18,4477,61,1279,0,0,79,5755,0,1,79,5756,California
Kern,2021-01-03,23,5779,4,4481,19,1298,0,0,23,5778,0,1,23,5779,California
Kern,2021-01-04,556,6335,361,4842,195,1493,0,0,556,6334,0,1,556,6335,California
Kern,2021-01-05,1133,7468,738,5580,395,1888,0,0,1121,7443,12,13,1121,7456,California
Kern,2021-01-06,1161,8629,449,6029,712,2600,0,0,1131,8544,30,43,1131,8587,California
Kern,2021-01-07,1402,10031,486,6515,916,3516,0,0,1234,9611,167,210,1234,9821,California
Kern,2021-01-08,1625,11656,766,7281,859,4375,0,0,1328,10642,298,508,1329,11150,California
Kern,2021-01-09,228,11884,78,7359,150,4525,0,0,193,10800,35,543,193,11343,California
Kern,2021-01-10,194,12078,149,7508,45,4570,0,0,153,10912,41,584,153,11496,California
Kern,2021-01-11,1559,13637,987,8495,572,5142,0,0,1001,11355,558,1142,1001,12497,California
Kern,2021-01-12,1867,15504,812,9307,1055,6197,0,0,1355,12198,512,1654,1355,13852,California
Kern,2021-01-13,1852,17356,869,10176,983,7180,0,0,1433,13212,419,2073,1433,15285,California
Kern,2021-01-14,2188,19544,646,10822,1542,8722,0,0,2142,15308,46,2119,2142,17427,California
Kern,2021-01-15,2708,22252,854,11676,1854,10576,0,0,2611,17825,95,2214,2612,20039,California
Kern,2021-01-16,671,22923,211,11887,460,11036,0,0,636,18426,35,2249,636,20675,California
Kern,2021-01-17,73,22996,7,11894,66,11102,0,0,71,18495,2,2251,71,20746,California
Kern,2021-01-18,1645,24641,657,12551,988,12090,0,0,1479,19808,166,2417,1479,22225,California
Kern,2021-01-19,1853,26494,1032,13583,821,12911,0,0,1390,20736,463,2880,1391,23616,California
Kern,2021-01-20,2617,29111,1682,15265,935,13846,0,0,1913,21952,699,3579,1915,25531,California
Kern,2021-01-21,2110,31221,867,16132,1243,15089,0,0,1914,23671,195,3774,1914,27445,California
Kern,2021-01-22,2713,33934,1299,17431,1414,16503,0,0,2435,25829,277,4051,2435,29880,California
Kern,2021-01-23,1248,35182,541,17972,707,17210,0,0,1202,26985,46,4097,1202,31082,California
Kern,2021-01-24,152,35334,11,17983,141,17351,0,0,146,27125,6,4103,146,31228,California
Kern,2021-01-25,2387,37721,1087,19070,1300,18651,0,0,1902,28544,484,4587,1903,33131,California
Kern,2021-01-26,2771,40492,1128,20198,1643,20294,0,0,1911,29596,859,5446,1911,35042,California
Kern,2021-01-27,3557,44049,1902,22100,1655,21949,0,0,2859,31760,695,6141,2859,37901,California
Kern,2021-01-28,2874,46923,1358,23458,1516,23465,0,0,2443,33780,426,6567,2446,40347,California
Kern,2021-01-29,3784,50707,1798,25256,1986,25451,0,0,3238,36475,543,7110,3238,43585,California
Kern,2021-01-30,1329,52036,500,25756,829,26280,0,0,1279,37706,48,7158,1279,44864,California
Kern,2021-01-31,403,52439,276,26032,127,26407,0,0,268,37839,135,7293,268,45132,California
Kern,2021-02-01,2598,55037,990,27022,1608,28015,0,0,1885,39015,710,8003,1886,47018,California
Kern,2021-02-02,2752,57789,798,27820,1954,29969,0,0,2050,40364,702,8705,2051,49069,California
Kern,2021-02-03,3664,61453,1553,29373,2111,32080,0,0,2694,42095,963,9668,2694,51763,California
Kern,2021-02-04,3805,65258,1452,30825,2353,34433,0,0,2587,43474,1208,10876,2587,54350,California
Kern,2021-02-05,4854,70112,1989,32814,2865,37298,0,0,3094,44827,1741,12617,3094,57444,California
Kern,2021-02-06,1742,71854,769,33583,973,38271,0,0,1516,46120,223,12840,1516,58960,California
Kern,2021-02-07,284,72138,151,33734,133,38404,0,0,267,46372,15,12855,267,59227,California
Kern,2021-02-08,2562,74700,784,34518,1778,40182,0,0,1256,46341,1288,14143,1257,60484,California
Kern,2021-02-09,3039,77739,987,35505,2052,42234,0,0,1464,46239,1566,15709,1464,61948,California
Kern,2021-02-10,3792,81531,1661,37166,2131,44365,0,0,1873,46210,1903,17612,1874,63822,California
Kern,2021-02-11,4265,85796,1535,38701,2730,47095,0,0,2222,46403,2030,19642,2223,66045,California
Kern,2021-02-12,4950,90746,1891,40592,3059,50154,0,0,2468,46403,2468,22110,2468,68513,California
Kern,2021-02-13,2009,92755,727,41319,1282,51436,0,0,1161,46718,846,22956,1161,69674,California
Kern,2021-02-14,351,93106,12,41331,339,51775,0,0,269,46906,81,23037,269,69943,California
Kern,2021-02-15,2744,95850,896,42227,1848,53623,0,0,1211,46593,1524,24561,1211,71154,California
Kern,2021-02-16,2936,98786,711,42938,2225,55848,0,0,1647,46961,1280,25841,1648,72802,California
Kern,2021-02-17,4069,102855,2077,45015,1992,57840,0,0,1925,46749,2138,27979,1926,74728,California
Kern,2021-02-18,3762,106617,1487,46502,2275,60115,0,0,1628,46253,2124,30103,1628,76356,California
Kern,2021-02-19,4190,110807,1914,48416,2276,62391,0,0,1735,45540,2448,32551,1735,78091,California
Kern,2021-02-20,2580,113387,967,49383,1613,64004,0,0,1347,45658,1229,33780,1347,79438,California
Kern,2021-02-21,258,113645,152,49535,106,64110,0,0,89,45580,167,33947,89,79527,California
Kern,2021-02-22,2670,116315,1154,50689,1516,65626,0,0,1431,45777,1234,35181,1431,80958,California
Kern,2021-02-23,3565,119880,1131,51820,2434,68060,0,0,1993,46201,1570,36751,1994,82952,California
Kern,2021-02-24,5199,125079,2289,54109,2910,70970,0,0,3103,47212,2092,38843,3103,86055,California
Kern,2021-02-25,5375,130454,2457,56566,2918,73888,0,0,3194,48244,2162,41005,3194,89249,California
Kern,2021-02-26,6909,137363,3536,60102,3373,77261,0,0,4354,50051,2548,43553,4355,93604,California
Kern,2021-02-27,3952,141315,1982,62084,1970,79231,0,0,2613,51333,1331,44884,2613,96217,California
Kern,2021-02-28,916,142231,503,62587,412,79643,1,1,695,51810,219,45103,696,96913,California
Kern,2021-03-01,4004,146235,1819,64406,2181,81824,4,5,2691,53201,1304,46407,2695,99608,California
Kern,2021-03-02,4474,150709,1412,65818,3061,84885,1,6,2952,54642,1511,47918,2952,102560,California
Kern,2021-03-03,5938,156647,2814,68632,3124,88009,0,6,3840,56399,2084,50002,3841,106401,California
Kern,2021-03-04,5617,162264,2212,70844,3402,91411,3,9,3620,58038,1983,51985,3622,110023,California
Kern,2021-03-05,6653,168917,2860,73704,3774,95185,19,28,4215,59844,2428,54413,4234,114257,California
Kern,2021-03-06,4747,173664,1926,75630,2714,97899,107,135,3469,62149,1270,55683,3575,117832,California
Kern,2021-03-07,2064,175728,1596,77226,412,98311,56,191,1865,63872,198,55881,1921,119753,California
Kern,2021-03-08,2900,178628,924,78150,1754,100065,222,413,1525,64245,1372,57253,1745,121498,California
Kern,2021-03-09,3716,182344,804,78954,2530,102595,382,795,2318,65552,1390,58643,2697,124195,California
Kern,2021-03-10,6134,188478,2561,81515,2499,105094,1074,1869,3594,67693,2525,61168,4666,128861,California
Kern,2021-03-11,6336,194814,2444,83959,2866,107960,1026,2895,3777,69943,2548,63716,4798,133659,California
Kern,2021-03-12,7831,202645,3073,87032,3406,111366,1352,4247,4321,72108,3497,67213,5662,139321,California
Kern,2021-03-13,4665,207310,2529,89561,1800,113166,336,4583,3244,74268,1414,68627,3574,142895,California
Kern,2021-03-14,2295,209605,1519,91080,535,113701,241,4824,1774,75759,521,69148,2012,144907,California
Kern,2021-03-15,4270,213875,1103,92183,2454,116155,713,5537,2201,76609,2057,71205,2907,147814,California
Kern,2021-03-16,4342,218217,1013,93196,2793,118948,536,6073,2331,77471,2001,73206,2863,150677,California
Kern,2021-03-17,7491,225708,4057,97253,2885,121833,549,6622,4528,79597,2950,76156,5076,155753,California
Kern,2021-03-18,7278,232986,3684,100937,3007,124840,587,7209,4406,81734,2852,79008,4989,160742,California
Kern,2021-03-19,8987,241973,4988,105925,3345,128185,654,7863,4716,82844,4254,83262,5364,166106,California
Kern,2021-03-20,6174,248147,3821,109746,2179,130364,174,8037,3915,84686,2248,85510,4090,170196,California
Kern,2021-03-21,3051,251198,1933,111679,236,130600,882,8919,1847,86217,1197,86707,2728,172924,California
Kern,2021-03-22,3990,255188,1568,113247,2068,132668,354,9273,1937,86473,2036,88743,2292,175216,California
Kern,2021-03-23,4739,259927,1676,114923,2866,135534,197,9470,2487,86932,2223,90966,2682,177898,California
Kern,2021-03-24,7182,267109,3678,118601,3027,138561,477,9947,3653,87549,3511,94477,4128,182026,California
Kern,2021-03-25,6768,273877,3005,121606,3433,141994,330,10277,3277,87679,3474,97951,3604,185630,California
Kern,2021-03-26,9872,283749,4412,126018,4203,146197,1257,11534,4737,88555,5117,103068,5993,191623,California
Kern,2021-03-27,5708,289457,3998,130016,1582,147779,128,11662,3446,89869,2259,105327,3573,195196,California
Kern,2021-03-28,4693,294150,4202,134218,477,148256,14,11676,2958,91108,1733,107060,2972,198168,California
Kern,2021-03-29,4255,298405,1681,135899,2297,150553,277,11953,2611,92361,1632,108692,2885,201053,California
Kern,2021-03-30,5598,304003,1870,137769,3343,153896,385,12338,3069,93289,2524,111216,3452,204505,California
Kern,2021-03-31,8407,312410,4537,142306,3222,157118,648,12986,4340,94224,4051,115267,4986,209491,California
Kern,2021-04-01,7895,320305,3873,146179,3722,160840,300,13286,4227,95100,3647,118914,4523,214014,California
Kern,2021-04-02,8453,328758,4463,150642,3381,164221,609,13895,4225,95714,4212,123126,4826,218840,California
Kern,2021-04-03,5995,334753,3671,154313,2141,166362,183,14078,2663,95234,3323,126449,2843,221683,California
Kern,2021-04-04,1334,336087,871,155184,379,166741,84,14162,473,94933,858,127307,557,222240,California
Kern,2021-04-05,5367,341454,2221,157405,2376,169117,770,14932,2902,96125,2451,129758,3643,225883,California
Kern,2021-04-06,7112,348566,2465,159870,3272,172389,1375,16307,3568,97544,3521,133279,4940,230823,California
Kern,2021-04-07,9371,357937,5466,165336,2943,175332,962,17269,4567,98287,4786,138065,5529,236352,California
Kern,2021-04-08,8667,366604,4798,170134,2957,178289,912,18181,3730,98007,4913,142978,4633,240985,California
Kern,2021-04-09,10248,376852,5132,175266,4125,182414,991,19172,4334,97470,5889,148867,5352,246337,California
Kern,2021-04-10,6571,383423,3451,178717,1873,184287,1247,20419,2129,96409,4432,153299,3371,249708,California
Kern,2021-04-11,3864,387287,2899,181616,357,184644,608,21027,1255,95672,2596,155895,1859,251567,California
Kern,2021-04-12,4398,391685,989,182605,2436,187080,973,22000,1578,95422,2800,158695,2550,254117,California
Kern,2021-04-13,4278,395963,1408,184013,2845,189925,25,22025,2107,95395,2159,160854,2132,256249,California
Kern,2021-04-14,6041,402004,2967,186980,3052,192977,22,22047,2987,95366,3037,163891,3008,259257,California
Kern,2021-04-15,5265,407269,2468,189448,2795,195772,2,22049,2503,95126,2745,166636,2505,261762,California
Kern,2021-04-16,7245,414514,3433,192881,3811,199583,1,22050,2952,93812,4268,170904,2954,264716,California
Kern,2021-04-17,5892,420406,3848,196729,2044,201627,0,22050,2097,92129,3781,174685,2098,266814,California
Kern,2021-04-18,3774,424180,3538,200267,236,201863,0,22050,911,90185,2855,177540,911,267725,California
Kern,2021-04-19,3815,427995,1729,201996,2084,203947,2,22052,1412,89214,2383,179923,1412,269137,California
Kern,2021-04-20,4351,432346,1571,203567,2778,206725,2,22054,1640,88161,2694,182617,1641,270778,California
Kern,2021-04-21,5854,438200,3144,206711,2705,209430,5,22059,2132,86597,3699,186316,2135,272913,California
Kern,2021-04-22,4780,442980,2308,209019,2472,211902,0,22059,1688,85216,3070,189386,1689,274602,California
Kern,2021-04-23,6061,449041,2942,211961,3118,215020,1,22060,1895,82982,4130,193516,1896,276498,California
Kern,2021-04-24,4012,453053,2805,214766,1196,216216,11,22071,1445,81889,2548,196064,1455,277953,California
Kern,2021-04-25,1394,454447,1116,215882,278,216494,0,22071,819,82139,569,196633,819,278772,California
Kern,2021-04-26,3812,458259,1826,217708,1934,218428,52,22123,1045,80481,2757,199390,1099,279871,California
Kern,2021-04-27,4681,462940,2279,219987,2297,220725,105,22228,1421,78757,3248,202638,1524,281395,California
Kern,2021-04-28,6259,469199,3677,223664,2458,223183,124,22352,1774,76185,4467,207105,1895,283290,California
Kern,2021-04-29,5506,474705,3061,226725,2345,225528,100,22452,1613,74027,3872,210977,1714,285004,California
Kern,2021-04-30,5590,480295,3121,229846,2309,227837,160,22612,1609,71830,3965,214942,1768,286772,California
Kern,2021-05-01,2581,482876,1799,231645,722,228559,60,22672,952,71222,1619,216561,1011,287783,California
Kern,2021-05-02,1889,484765,1602,233247,265,228824,22,22694,692,70746,1191,217752,715,288498,California
Kern,2021-05-03,2497,487262,994,234241,1372,230196,131,22825,769,69935,1712,219464,901,289399,California
Kern,2021-05-04,3619,490881,1290,235531,2219,232415,110,22935,1269,68976,2336,221800,1377,290776,California
Kern,2021-05-05,4147,495028,2135,237666,1862,234277,150,23085,1373,67738,2759,224559,1521,292297,California
Kern,2021-05-06,3554,498582,1593,239259,1817,236094,144,23229,1106,66554,2430,226989,1246,293543,California
Kern,2021-05-07,4572,503154,2297,241556,2100,238194,175,23404,1284,64749,3262,230251,1457,295000,California
Kern,2021-05-08,2893,506047,1823,243379,955,239149,115,23519,898,63779,1981,232232,1011,296011,California
Kern,2021-05-09,1295,507342,1121,244500,145,239294,29,23548,448,63416,840,233072,477,296488,California
Kern,2021-05-10,2211,509553,848,245348,1264,240558,99,23647,644,62607,1550,234622,741,297229,California
Kern,2021-05-11,2597,512150,906,246254,1568,242126,123,23770,943,62030,1644,236266,1067,298296,California
Kern,2021-05-12,3515,515665,1391,247645,1975,244101,149,23919,1109,60894,2394,238660,1258,299554,California
Kern,2021-05-13,3334,518999,1734,249379,1459,245560,141,24060,1553,60815,1769,240429,1690,301244,California
Kern,2021-05-14,4275,523274,2531,251910,1523,247083,221,24281,1975,60731,2279,242708,2195,303439,California
Kern,2021-05-15,2914,526188,1898,253808,929,248012,87,24368,1546,61009,1355,244063,1633,305072,California
Kern,2021-05-16,1544,527732,1321,255129,184,248196,39,24407,888,61285,651,244714,927,305999,California
Kern,2021-05-17,2309,530041,996,256125,1167,249363,146,24553,1179,61491,1118,245832,1324,307323,California
Kern,2021-05-18,3126,533167,1422,257547,1574,250937,130,24683,1603,61714,1509,247341,1732,309055,California
Kern,2021-05-19,3803,536970,2371,259918,1306,252243,126,24809,1839,61725,1953,249294,1964,311019,California
Kern,2021-05-20,2909,539879,1576,261494,1203,253446,130,24939,1325,61615,1563,250857,1453,312472,California
Kern,2021-05-21,3398,543277,2082,263576,1196,254642,120,25059,1734,61826,1643,252500,1854,314326,California
Kern,2021-05-22,2592,545869,2015,265591,545,255187,32,25091,1221,61716,1362,253862,1252,315578,California
Kern,2021-05-23,1161,547030,1013,266604,131,255318,17,25108,613,61804,541,254403,629,316207,California
Kern,2021-05-24,1828,548858,771,267375,946,256264,111,25219,869,61830,953,255356,979,317186,California
Kern,2021-05-25,2389,551247,1107,268482,1198,257462,84,25303,1137,61812,1239,256595,1221,318407,California
Kern,2021-05-26,2745,553992,1577,270059,1069,258531,99,25402,1187,61553,1543,258138,1284,319691,California
Kern,2021-05-27,2319,556311,1160,271219,1054,259585,105,25507,1198,61752,1103,259241,1302,320993,California
Kern,2021-05-28,2725,559036,1387,272606,1229,260814,109,25616,1273,61692,1440,260681,1380,322373,California
Kern,2021-05-29,1895,560931,1258,273864,591,261405,46,25662,931,61719,950,261631,977,323350,California
Kern,2021-05-30,860,561791,704,274568,137,261542,19,25681,438,61760,415,262046,456,323806,California
Kern,2021-05-31,130,561921,40,274608,79,261621,11,25692,45,61733,82,262128,55,323861,California
Kern,2021-06-01,2260,564181,938,275546,1255,262876,67,25759,1000,61555,1245,263373,1067,324928,California
Kern,2021-06-02,2205,566386,1276,276822,827,263703,102,25861,943,61346,1253,264626,1044,325972,California
Kern,2021-06-03,2334,568720,1310,278132,872,264575,152,26013,894,60961,1430,266056,1045,327017,California
Kern,2021-06-04,2789,571509,1860,279992,824,265399,105,26118,841,59972,1933,267989,944,327961,California
Kern,2021-06-05,1668,573177,1482,281474,173,265572,13,26131,489,59298,1176,269165,502,328463,California
Kings,2020-12-16,1,1,1,1,0,0,0,0,1,1,0,0,1,1,California
Kings,2020-12-17,8,9,8,9,0,0,0,0,8,9,0,0,8,9,California
Kings,2020-12-18,13,22,13,22,0,0,0,0,13,22,0,0,13,22,California
Kings,2020-12-19,11,33,11,33,0,0,0,0,11,33,0,0,11,33,California
Kings,2020-12-20,13,46,13,46,0,0,0,0,13,46,0,0,13,46,California
Kings,2020-12-21,156,202,156,202,0,0,0,0,269,315,0,0,269,315,California
Kings,2020-12-22,143,345,143,345,0,0,0,0,140,455,0,0,140,455,California
Kings,2020-12-23,136,481,122,467,14,14,0,0,137,592,0,0,137,592,California
Kings,2020-12-24,11,492,9,476,2,16,0,0,11,603,0,0,11,603,California
Kings,2020-12-26,7,499,4,480,3,19,0,0,7,610,0,0,7,610,California
Kings,2020-12-27,4,503,4,484,0,19,0,0,4,614,0,0,4,614,California
Kings,2020-12-28,132,635,103,587,29,48,0,0,133,747,0,0,133,747,California
Kings,2020-12-29,80,715,52,639,28,76,0,0,81,828,0,0,81,828,California
Kings,2020-12-30,150,865,109,748,41,117,0,0,150,978,0,0,150,978,California
Kings,2020-12-31,47,912,6,754,41,158,0,0,47,1025,0,0,47,1025,California
Kings,2021-01-01,1,913,0,754,1,159,0,0,1,1026,0,0,1,1026,California
Kings,2021-01-02,10,923,9,763,1,160,0,0,10,1036,0,0,10,1036,California
Kings,2021-01-04,111,1034,41,804,70,230,0,0,111,1147,0,0,111,1147,California
Kings,2021-01-05,196,1230,40,844,156,386,0,0,196,1343,0,0,196,1343,California
Kings,2021-01-06,276,1506,177,1021,99,485,0,0,273,1613,3,3,273,1616,California
Kings,2021-01-07,181,1687,82,1103,99,584,0,0,173,1778,8,11,173,1789,California
Kings,2021-01-08,249,1936,56,1159,193,777,0,0,229,1987,20,31,229,2018,California
Kings,2021-01-09,63,1999,9,1168,54,831,0,0,55,2034,8,39,55,2073,California
Kings,2021-01-10,15,2014,3,1171,12,843,0,0,12,2043,3,42,12,2085,California
Kings,2021-01-11,518,2532,354,1525,164,1007,0,0,276,2078,242,284,277,2362,California
Kings,2021-01-12,348,2880,251,1776,97,1104,0,0,215,2163,130,414,215,2577,California
Kings,2021-01-13,421,3301,275,2051,146,1250,0,0,330,2402,91,505,330,2907,California
Kings,2021-01-14,210,3511,30,2081,180,1430,0,0,200,2582,21,526,201,3108,California
Kings,2021-01-15,420,3931,31,2112,389,1819,0,0,408,2978,12,538,408,3516,California
Kings,2021-01-16,28,3959,9,2121,19,1838,0,0,27,3004,1,539,27,3543,California
Kings,2021-01-17,9,3968,6,2127,3,1841,0,0,7,3009,2,541,7,3550,California
Kings,2021-01-18,173,4141,40,2167,133,1974,0,0,147,3130,26,567,147,3697,California
Kings,2021-01-19,380,4521,161,2328,219,2193,0,0,251,3252,129,696,251,3948,California
Kings,2021-01-20,235,4756,146,2474,89,2282,0,0,125,3272,105,801,125,4073,California
Kings,2021-01-21,213,4969,57,2531,156,2438,0,0,196,3449,19,820,196,4269,California
Kings,2021-01-22,106,5075,18,2549,88,2526,0,0,105,3549,5,825,105,4374,California
Kings,2021-01-23,27,5102,14,2563,13,2539,0,0,21,3564,6,831,21,4395,California
Kings,2021-01-24,4,5106,4,2567,0,2539,0,0,2,3564,2,833,2,4397,California
Kings,2021-01-25,131,5237,27,2594,104,2643,0,0,95,3623,36,869,95,4492,California
Kings,2021-01-26,154,5391,34,2628,120,2763,0,0,114,3697,40,909,114,4606,California
Kings,2021-01-27,325,5716,35,2663,290,3053,0,0,250,3873,74,983,250,4856,California
Kings,2021-01-28,331,6047,45,2708,286,3339,0,0,274,4090,57,1040,274,5130,California
Kings,2021-01-29,109,6156,26,2734,83,3422,0,0,92,4165,17,1057,92,5222,California
Kings,2021-01-30,1562,7718,26,2760,1536,4958,0,0,1559,5723,3,1060,1561,6783,California
Kings,2021-02-01,218,7936,65,2825,153,5111,0,0,89,5685,127,1187,89,6872,California
Kings,2021-02-02,244,8180,15,2840,229,5340,0,0,93,5628,150,1337,93,6965,California
Kings,2021-02-03,381,8561,192,3032,189,5529,0,0,225,5698,155,1492,225,7190,California
Kings,2021-02-04,408,8969,99,3131,309,5838,0,0,210,5711,197,1689,210,7400,California
Kings,2021-02-05,332,9301,53,3184,279,6117,0,0,172,5725,158,1847,172,7572,California
Kings,2021-02-06,61,9362,10,3194,51,6168,0,0,28,5720,33,1880,28,7600,California
Kings,2021-02-07,5,9367,3,3197,2,6170,0,0,3,5721,2,1882,3,7603,California
Kings,2021-02-08,174,9541,29,3226,145,6315,0,0,67,5681,107,1989,67,7670,California
Kings,2021-02-09,255,9796,57,3283,198,6513,0,0,111,5650,142,2131,111,7781,California
Kings,2021-02-10,373,10169,112,3395,261,6774,0,0,256,5789,117,2248,256,8037,California
Kings,2021-02-11,434,10603,65,3460,369,7143,0,0,318,5992,115,2363,318,8355,California
Kings,2021-02-12,624,11227,38,3498,586,7729,0,0,347,6063,276,2639,347,8702,California
Kings,2021-02-13,141,11368,6,3504,135,7864,0,0,115,6152,26,2665,115,8817,California
Kings,2021-02-14,102,11470,4,3508,98,7962,0,0,94,6238,8,2673,94,8911,California
Kings,2021-02-15,250,11720,5,3513,245,8207,0,0,138,6265,111,2784,138,9049,California
Kings,2021-02-16,517,12237,35,3548,482,8689,0,0,281,6311,235,3019,281,9330,California
Kings,2021-02-17,438,12675,25,3573,413,9102,0,0,300,6475,138,3157,302,9632,California
Kings,2021-02-18,238,12913,23,3596,215,9317,0,0,180,6597,58,3215,180,9812,California
Kings,2021-02-19,167,13080,24,3620,143,9460,0,0,112,6657,52,3267,112,9924,California
Kings,2021-02-20,168,13248,35,3655,133,9593,0,0,135,6759,33,3300,135,10059,California
Kings,2021-02-21,2,13250,1,3656,1,9594,0,0,2,6761,0,3300,2,10061,California
Kings,2021-02-22,114,13364,19,3675,95,9689,0,0,50,6747,64,3364,50,10111,California
Kings,2021-02-23,387,13751,70,3745,317,10006,0,0,270,6900,117,3481,270,10381,California
Kings,2021-02-24,627,14378,153,3898,474,10480,0,0,414,7101,213,3694,414,10795,California
Kings,2021-02-25,691,15069,134,4032,557,11037,0,0,471,7354,218,3912,471,11266,California
Kings,2021-02-26,707,15776,137,4169,570,11607,0,0,642,7931,65,3977,642,11908,California
Kings,2021-02-27,1524,17300,66,4235,1458,13065,0,0,582,7572,941,4918,582,12490,California
Kings,2021-02-28,1172,18472,598,4833,574,13639,0,0,675,7753,494,5412,675,13165,California
Kings,2021-03-01,271,18743,87,4920,184,13823,0,0,219,7920,52,5464,219,13384,California
Kings,2021-03-02,577,19320,255,5175,322,14145,0,0,513,8370,64,5528,514,13898,California
Kings,2021-03-03,686,20006,313,5488,373,14518,0,0,493,8673,190,5718,493,14391,California
Kings,2021-03-04,750,20756,356,5844,394,14912,0,0,648,9220,102,5820,649,15040,California
Kings,2021-03-05,1116,21872,368,6212,739,15651,9,9,977,10068,139,5959,987,16027,California
Kings,2021-03-06,517,22389,187,6399,317,15968,13,22,487,10538,30,5989,500,16527,California
Kings,2021-03-07,359,22748,218,6617,137,16105,4,26,351,10885,8,5997,355,16882,California
Kings,2021-03-08,374,23122,96,6713,225,16330,53,79,262,11088,112,6109,315,17197,California
Kings,2021-03-09,555,23677,256,6969,244,16574,55,134,444,11478,110,6219,500,17697,California
Kings,2021-03-10,583,24260,128,7097,363,16937,92,226,395,11777,187,6406,486,18183,California
Kings,2021-03-11,1033,25293,302,7399,621,17558,110,336,624,12105,407,6813,735,18918,California
Kings,2021-03-12,1392,26685,452,7851,847,18405,93,429,988,12786,402,7215,1083,20001,California
Kings,2021-03-13,677,27362,328,8179,305,18710,44,473,550,13255,127,7342,596,20597,California
Kings,2021-03-14,675,28037,102,8281,184,18894,389,862,202,13373,473,7815,591,21188,California
Kings,2021-03-15,702,28739,266,8547,322,19216,114,976,464,13717,237,8052,581,21769,California
Kings,2021-03-16,1065,29804,448,8995,553,19769,64,1040,723,14162,342,8394,787,22556,California
Kings,2021-03-17,1109,30913,424,9419,623,20392,62,1102,786,14694,323,8717,855,23411,California
Kings,2021-03-18,1131,32044,476,9895,432,20824,223,1325,776,15341,354,9071,1001,24412,California
Kings,2021-03-19,968,33012,469,10364,414,21238,85,1410,739,15950,228,9299,837,25249,California
Kings,2021-03-20,641,33653,254,10618,356,21594,31,1441,465,16279,174,9473,503,25752,California
Kings,2021-03-21,1420,35073,1088,11706,319,21913,13,1454,862,16596,558,10031,875,26627,California
Kings,2021-03-22,447,35520,200,11906,163,22076,84,1538,273,16783,174,10205,361,26988,California
Kings,2021-03-23,920,36440,508,12414,349,22425,63,1601,556,17045,362,10567,624,27612,California
Kings,2021-03-24,968,37408,489,12903,456,22881,23,1624,515,17134,451,11018,540,28152,California
Kings,2021-03-25,925,38333,468,13371,429,23310,28,1652,448,17135,475,11493,476,28628,California
Kings,2021-03-26,1304,39637,382,13753,837,24147,85,1737,521,16962,778,12271,605,29233,California
Kings,2021-03-27,645,40282,260,14013,373,24520,12,1749,160,16651,483,12754,172,29405,California
Kings,2021-03-28,671,40953,600,14613,64,24584,7,1756,409,16813,262,13016,424,29829,California
Kings,2021-03-29,469,41422,213,14826,195,24779,61,1817,260,16926,207,13223,320,30149,California
Kings,2021-03-30,863,42285,477,15303,348,25127,38,1855,429,16960,433,13656,467,30616,California
Kings,2021-03-31,772,43057,380,15683,319,25446,73,1928,423,17115,341,13997,496,31112,California
Kings,2021-04-01,785,43842,392,16075,304,25750,89,2017,358,17141,421,14418,447,31559,California
Kings,2021-04-02,1035,44877,451,16526,460,26210,124,2141,395,17025,634,15052,518,32077,California
Kings,2021-04-03,492,45369,346,16872,137,26347,9,2150,170,16889,316,15368,180,32257,California
Kings,2021-04-04,157,45526,84,16956,67,26414,6,2156,42,16823,114,15482,48,32305,California
Kings,2021-04-05,1060,46586,327,17283,481,26895,252,2408,241,16497,818,16300,492,32797,California
Kings,2021-04-06,1198,47784,448,17731,440,27335,310,2718,281,16173,914,17214,590,33387,California
Kings,2021-04-07,1369,49153,652,18383,531,27866,186,2904,358,15709,1008,18222,544,33931,California
Kings,2021-04-08,1630,50783,635,19018,741,28607,254,3158,376,15093,1247,19469,631,34562,California
Kings,2021-04-09,1162,51945,546,19564,437,29044,179,3337,235,14578,925,20394,410,34972,California
Kings,2021-04-10,596,52541,331,19895,162,29206,103,3440,172,14432,422,20816,276,35248,California
Kings,2021-04-11,356,52897,75,19970,274,29480,7,3447,197,14479,157,20973,204,35452,California
Kings,2021-04-12,704,53601,312,20282,190,29670,202,3649,196,14371,506,21479,398,35850,California
Kings,2021-04-13,911,54512,521,20803,390,30060,0,3649,290,14047,619,22098,295,36145,California
Kings,2021-04-14,1046,55558,579,21382,467,30527,0,3649,375,13752,671,22769,376,36521,California
Kings,2021-04-15,1051,56609,522,21904,528,31055,1,3650,449,13601,601,23370,450,36971,California
Kings,2021-04-16,774,57383,362,22266,412,31467,0,3650,259,13346,514,23884,259,37230,California
Kings,2021-04-17,465,57848,251,22517,214,31681,0,3650,190,13263,273,24157,190,37420,California
Kings,2021-04-18,562,58410,239,22756,323,32004,0,3650,39,12779,523,24680,39,37459,California
Kings,2021-04-19,531,58941,294,23050,237,32241,0,3650,285,12820,244,24924,285,37744,California
Kings,2021-04-20,744,59685,452,23502,292,32533,0,3650,237,12551,506,25430,237,37981,California
Kings,2021-04-21,646,60331,307,23809,339,32872,0,3650,222,12357,416,25846,222,38203,California
Kings,2021-04-22,559,60890,279,24088,280,33152,0,3650,205,12212,351,26197,206,38409,California
Kings,2021-04-23,673,61563,291,24379,382,33534,0,3650,329,12201,340,26537,329,38738,California
Kings,2021-04-24,248,61811,180,24559,67,33601,1,3651,120,12195,127,26664,121,38859,California
Kings,2021-04-25,200,62011,181,24740,19,33620,0,3651,164,12323,36,26700,164,39023,California
Kings,2021-04-26,305,62316,164,24904,138,33758,3,3654,192,12406,112,26812,195,39218,California
Kings,2021-04-27,414,62730,180,25084,215,33973,19,3673,176,12364,237,27049,195,39413,California
Kings,2021-04-28,513,63243,255,25339,238,34211,20,3693,267,12405,246,27295,287,39700,California
Kings,2021-04-29,288,63531,110,25449,166,34377,12,3705,133,12397,153,27448,145,39845,California
Kings,2021-04-30,367,63898,163,25612,187,34564,17,3722,152,12355,211,27659,169,40014,California
Kings,2021-05-01,225,64123,164,25776,51,34615,10,3732,70,12281,154,27813,80,40094,California
Kings,2021-05-02,169,64292,147,25923,22,34637,0,3732,127,12366,42,27855,127,40221,California
Kings,2021-05-03,473,64765,252,26175,208,34845,13,3745,120,12147,352,28207,133,40354,California
Kings,2021-05-04,519,65284,262,26437,237,35082,20,3765,159,11966,360,28567,179,40533,California
Kings,2021-05-05,551,65835,285,26722,246,35328,20,3785,136,11707,415,28982,156,40689,California
Kings,2021-05-06,548,66383,270,26992,255,35583,23,3808,122,11428,424,29406,145,40834,California
Kings,2021-05-07,366,66749,211,27203,139,35722,16,3824,147,11374,217,29623,163,40997,California
Kings,2021-05-08,233,66982,167,27370,54,35776,12,3836,74,11301,158,29781,85,41082,California
Kings,2021-05-09,190,67172,61,27431,129,35905,0,3836,40,11191,150,29931,40,41122,California
Kings,2021-05-10,339,67511,262,27693,67,35972,10,3846,115,11092,223,30154,124,41246,California
Kings,2021-05-11,373,67884,230,27923,115,36087,28,3874,116,10980,257,30411,145,41391,California
Kings,2021-05-12,372,68256,140,28063,219,36306,13,3887,160,10943,210,30621,173,41564,California
Kings,2021-05-13,378,68634,137,28200,233,36539,8,3895,151,10875,227,30848,159,41723,California
Kings,2021-05-14,467,69101,319,28519,117,36656,31,3926,242,10924,224,31072,273,41996,California
Kings,2021-05-15,352,69453,251,28770,83,36739,18,3944,195,10980,157,31229,213,42209,California
Kings,2021-05-16,247,69700,221,28991,25,36764,1,3945,76,10886,171,31400,77,42286,California
Kings,2021-05-17,400,70100,319,29310,64,36828,17,3962,215,10934,184,31584,232,42518,California
Kings,2021-05-18,390,70490,273,29583,104,36932,13,3975,223,11004,167,31751,237,42755,California
Kings,2021-05-19,577,71067,284,29867,269,37201,24,3999,231,10915,344,32095,255,43010,California
Kings,2021-05-20,398,71465,194,30061,177,37378,27,4026,242,11029,156,32251,270,43280,California
Kings,2021-05-21,462,71927,224,30285,228,37606,10,4036,236,11053,222,32473,246,43526,California
Kings,2021-05-22,255,72182,205,30490,39,37645,11,4047,194,11199,59,32532,205,43731,California
Kings,2021-05-23,201,72383,200,30690,1,37646,0,4047,95,11188,106,32638,95,43826,California
Kings,2021-05-24,248,72631,164,30854,70,37716,14,4061,122,11198,126,32764,136,43962,California
Kings,2021-05-25,406,73037,268,31122,105,37821,33,4094,242,11311,162,32926,275,44237,California
Kings,2021-05-26,303,73340,124,31246,162,37983,17,4111,129,11284,173,33099,146,44383,California
Kings,2021-05-27,321,73661,174,31420,129,38112,18,4129,172,11328,146,33245,190,44573,California
Kings,2021-05-28,288,73949,140,31560,131,38243,17,4146,140,11340,145,33390,157,44730,California
Kings,2021-05-29,174,74123,101,31661,62,38305,11,4157,92,11362,81,33471,103,44833,California
Kings,2021-05-30,130,74253,113,31774,15,38320,2,4159,70,11374,60,33531,72,44905,California
Kings,2021-05-31,42,74295,23,31797,16,38336,3,4162,15,11365,27,33558,18,44923,California
Kings,2021-06-01,315,74610,188,31985,111,38447,16,4178,122,11313,189,33747,137,45060,California
Kings,2021-06-02,273,74883,125,32110,140,38587,8,4186,89,11228,182,33929,97,45157,California
Kings,2021-06-03,226,75109,125,32235,90,38677,11,4197,93,11204,128,34057,104,45261,California
Kings,2021-06-04,421,75530,276,32511,132,38809,13,4210,153,11110,260,34317,166,45427,California
Kings,2021-06-05,21,75551,11,32522,7,38816,3,4213,9,11110,12,34329,12,45439,California
Lake,2020-12-17,4,4,4,4,0,0,0,0,4,4,0,0,4,4,California
Lake,2020-12-18,49,53,49,53,0,0,0,0,49,53,0,0,49,53,California
Lake,2020-12-19,3,56,3,56,0,0,0,0,3,56,0,0,3,56,California
Lake,2020-12-20,6,62,6,62,0,0,0,0,6,62,0,0,6,62,California
Lake,2020-12-21,87,149,87,149,0,0,0,0,87,149,0,0,87,149,California
Lake,2020-12-22,63,212,60,209,3,3,0,0,63,212,0,0,63,212,California
Lake,2020-12-23,124,336,115,324,9,12,0,0,124,336,0,0,124,336,California
Lake,2020-12-24,2,338,0,324,2,14,0,0,2,338,0,0,2,338,California
Lake,2020-12-26,2,340,2,326,0,14,0,0,2,340,0,0,2,340,California
Lake,2020-12-27,2,342,2,328,0,14,0,0,2,342,0,0,2,342,California
Lake,2020-12-28,52,394,43,371,9,23,0,0,52,394,0,0,52,394,California
Lake,2020-12-29,52,446,47,418,5,28,0,0,52,446,0,0,52,446,California
Lake,2020-12-30,132,578,124,542,8,36,0,0,132,578,0,0,132,578,California
Lake,2020-12-31,67,645,64,606,3,39,0,0,67,645,0,0,67,645,California
Lake,2021-01-01,1,646,0,606,1,40,0,0,1,646,0,0,1,646,California
Lake,2021-01-02,2,648,1,607,1,41,0,0,2,648,0,0,2,648,California
Lake,2021-01-04,90,738,21,628,69,110,0,0,90,738,0,0,90,738,California
Lake,2021-01-05,120,858,59,687,61,171,0,0,118,854,2,2,118,856,California
Lake,2021-01-06,104,962,65,752,39,210,0,0,102,954,2,4,102,958,California
Lake,2021-01-07,109,1071,85,837,24,234,0,0,100,1045,9,13,100,1058,California
Lake,2021-01-08,155,1226,126,963,29,263,0,0,104,1098,51,64,104,1162,California
Lake,2021-01-09,63,1289,61,1024,2,265,0,0,59,1153,4,68,59,1221,California
Lake,2021-01-10,3,1292,3,1027,0,265,0,0,0,1150,3,71,0,1221,California
Lake,2021-01-11,189,1481,149,1176,40,305,0,0,110,1181,79,150,110,1331,California
Lake,2021-01-12,82,1563,49,1225,33,338,0,0,58,1215,24,174,58,1389,California
Lake,2021-01-13,167,1730,114,1339,53,391,0,0,108,1264,59,233,108,1497,California
Lake,2021-01-14,147,1877,48,1387,99,490,0,0,125,1367,22,255,125,1622,California
Lake,2021-01-15,216,2093,92,1479,124,614,0,0,189,1529,27,282,189,1811,California
Lake,2021-01-16,133,2226,81,1560,52,666,0,0,131,1658,2,284,131,1942,California
Lake,2021-01-17,16,2242,6,1566,10,676,0,0,10,1662,6,290,10,1952,California
Lake,2021-01-18,247,2489,229,1795,18,694,0,0,124,1663,123,413,124,2076,California
Lake,2021-01-19,313,2802,120,1915,193,887,0,0,266,1883,47,460,267,2343,California
Lake,2021-01-20,422,3224,81,1996,341,1228,0,0,357,2176,64,524,357,2700,California
Lake,2021-01-21,434,3658,48,2044,386,1614,0,0,398,2538,36,560,398,3098,California
Lake,2021-01-22,317,3975,47,2091,270,1884,0,0,281,2783,36,596,281,3379,California
Lake,2021-01-23,123,4098,6,2097,117,2001,0,0,122,2904,1,597,122,3501,California
Lake,2021-01-24,5,4103,2,2099,3,2004,0,0,5,2909,0,597,5,3506,California
Lake,2021-01-25,258,4361,95,2194,163,2167,0,0,176,3003,82,679,176,3682,California
Lake,2021-01-26,428,4789,34,2228,394,2561,0,0,404,3383,24,703,404,4086,California
Lake,2021-01-27,361,5150,41,2269,320,2881,0,0,333,3689,28,731,334,4420,California
Lake,2021-01-28,494,5644,159,2428,335,3216,0,0,365,3925,129,860,365,4785,California
Lake,2021-01-29,634,6278,84,2512,550,3766,0,0,573,4437,61,921,573,5358,California
Lake,2021-01-30,553,6831,40,2552,513,4279,0,0,547,4978,6,927,547,5905,California
Lake,2021-01-31,14,6845,8,2560,6,4285,0,0,12,4988,2,929,12,5917,California
Lake,2021-02-01,176,7021,14,2574,162,4447,0,0,162,5136,14,943,162,6079,California
Lake,2021-02-02,562,7583,150,2724,412,4859,0,0,396,5366,166,1109,396,6475,California
Lake,2021-02-03,443,8026,32,2756,411,5270,0,0,338,5599,105,1214,338,6813,California
Lake,2021-02-04,122,8148,70,2826,52,5322,0,0,72,5621,50,1264,72,6885,California
Lake,2021-02-05,380,8528,70,2896,310,5632,0,0,288,5819,90,1354,288,7173,California
Lake,2021-02-06,276,8804,39,2935,237,5869,0,0,265,6073,11,1365,265,7438,California
Lake,2021-02-07,2,8806,1,2936,1,5870,0,0,2,6075,0,1365,2,7440,California
Lake,2021-02-08,277,9083,206,3142,71,5941,0,0,159,6116,118,1483,159,7599,California
Lake,2021-02-09,345,9428,24,3166,321,6262,0,0,301,6374,43,1526,301,7900,California
Lake,2021-02-10,348,9776,51,3217,297,6559,0,0,270,6566,78,1604,270,8170,California
Lake,2021-02-11,175,9951,18,3235,157,6716,0,0,58,6507,117,1721,58,8228,California
Lake,2021-02-12,373,10324,28,3263,345,7061,0,0,286,6707,86,1807,286,8514,California
Lake,2021-02-13,250,10574,8,3271,242,7303,0,0,239,6935,11,1818,239,8753,California
Lake,2021-02-14,17,10591,4,3275,13,7316,0,0,5,6928,12,1830,5,8758,California
Lake,2021-02-15,169,10760,11,3286,158,7474,0,0,8,6776,160,1990,8,8766,California
Lake,2021-02-16,425,11185,22,3308,403,7877,0,0,178,6707,247,2237,178,8944,California
Lake,2021-02-17,348,11533,53,3361,295,8172,0,0,69,6498,278,2515,69,9013,California
Lake,2021-02-18,457,11990,71,3432,386,8558,0,0,114,6269,343,2858,114,9127,California
Lake,2021-02-19,425,12415,26,3458,399,8957,0,0,93,6030,332,3190,93,9220,California
Lake,2021-02-20,289,12704,56,3514,233,9190,0,0,250,6242,38,3228,250,9470,California
Lake,2021-02-21,6,12710,6,3520,0,9190,0,0,0,6236,6,3234,0,9470,California
Lake,2021-02-22,134,12844,17,3537,117,9307,0,0,40,6182,94,3328,40,9510,California
Lake,2021-02-23,216,13060,16,3553,200,9507,0,0,30,6026,186,3514,30,9540,California
Lake,2021-02-24,959,14019,379,3932,580,10087,0,0,419,5906,539,4053,419,9959,California
Lake,2021-02-25,733,14752,468,4400,265,10352,0,0,474,6124,256,4309,474,10433,California
Lake,2021-02-26,995,15747,303,4703,692,11044,0,0,350,5831,643,4952,350,10783,California
Lake,2021-02-27,409,16156,98,4801,311,11355,0,0,327,6076,82,5034,327,11110,California
Lake,2021-02-28,19,16175,10,4811,9,11364,0,0,12,6081,7,5041,12,11122,California
Lake,2021-03-01,595,16770,53,4864,542,11906,0,0,443,6372,152,5193,443,11565,California
Lake,2021-03-02,745,17515,17,4881,728,12634,0,0,289,6205,456,5649,289,11854,California
Lake,2021-03-03,367,17882,193,5074,174,12808,0,0,146,6130,221,5870,146,12000,California
Lake,2021-03-04,577,18459,506,5580,71,12879,0,0,560,6673,17,5887,560,12560,California
Lake,2021-03-05,1051,19510,52,5632,999,13878,0,0,186,5998,861,6748,186,12746,California
Lake,2021-03-06,35,19545,9,5641,25,13903,1,1,22,6008,13,6761,23,12769,California
Lake,2021-03-07,6,19551,4,5645,2,13905,0,1,4,6010,2,6763,4,12773,California
Lake,2021-03-08,340,19891,267,5912,64,13969,9,10,300,6279,40,6803,309,13082,California
Lake,2021-03-09,930,20821,43,5955,870,14839,17,27,407,6181,522,7325,424,13506,California
Lake,2021-03-10,204,21025,58,6013,133,14972,13,40,136,6263,68,7393,150,13656,California
Lake,2021-03-11,588,21613,49,6062,62,15034,477,517,47,6246,541,7934,524,14180,California
Lake,2021-03-12,854,22467,203,6265,625,15659,26,543,362,6143,491,8425,388,14568,California
Lake,2021-03-13,278,22745,20,6285,22,15681,236,779,17,6135,260,8685,252,14820,California
Lake,2021-03-14,11,22756,2,6287,9,15690,0,779,7,6138,4,8689,7,14827,California
Lake,2021-03-15,641,23397,11,6298,613,16303,17,796,481,6476,160,8849,498,15325,California
Lake,2021-03-16,1118,24515,838,7136,263,16566,17,813,444,6266,670,9519,460,15785,California
Lake,2021-03-17,244,24759,120,7256,102,16668,22,835,89,6222,155,9674,111,15896,California
Lake,2021-03-18,746,25505,375,7631,335,17003,36,871,370,6253,374,10048,405,16301,California
Lake,2021-03-19,583,26088,315,7946,248,17251,20,891,478,6647,104,10152,498,16799,California
Lake,2021-03-20,249,26337,8,7954,238,17489,3,894,31,6465,216,10368,34,16833,California
Lake,2021-03-21,16,26353,11,7965,4,17493,1,895,11,6472,5,10373,12,16845,California
Lake,2021-03-22,338,26691,256,8221,67,17560,15,910,250,6649,88,10461,265,17110,California
Lake,2021-03-23,435,27126,23,8244,399,17959,13,923,369,6966,65,10526,382,17492,California
Lake,2021-03-24,422,27548,60,8304,354,18313,8,931,327,7208,94,10620,336,17828,California
Lake,2021-03-25,672,28220,480,8784,186,18499,6,937,176,6893,496,11116,181,18009,California
Lake,2021-03-26,68,28288,32,8816,35,18534,1,938,31,6888,37,11153,32,18041,California
Lake,2021-03-27,307,28595,7,8823,297,18831,3,941,16,6618,289,11442,19,18060,California
Lake,2021-03-28,16,28611,7,8830,9,18840,0,941,8,6618,8,11450,8,18068,California
Lake,2021-03-29,989,29600,287,9117,700,19540,2,943,205,6043,782,12232,207,18275,California
Lake,2021-03-30,468,30068,318,9435,148,19688,2,945,369,6316,98,12330,371,18646,California
Lake,2021-03-31,617,30685,59,9494,558,20246,0,945,434,6576,174,12504,434,19080,California
Lake,2021-04-01,449,31134,235,9729,202,20448,12,957,189,6521,256,12760,201,19281,California
Lake,2021-04-02,220,31354,38,9767,154,20602,28,985,94,6517,126,12886,122,19403,California
Lake,2021-04-03,32,31386,5,9772,24,20626,3,988,12,6512,20,12906,15,19418,California
Lake,2021-04-04,19,31405,11,9783,7,20633,1,989,15,6524,4,12910,16,19434,California
Lake,2021-04-05,646,32051,71,9854,556,21189,19,1008,406,6711,237,13147,424,19858,California
Lake,2021-04-06,479,32530,18,9872,435,21624,26,1034,306,6871,172,13319,332,20190,California
Lake,2021-04-07,523,33053,57,9929,415,22039,51,1085,352,7105,169,13488,403,20593,California
Lake,2021-04-08,606,33659,494,10423,46,22085,66,1151,103,6774,500,13988,169,20762,California
Lake,2021-04-09,279,33938,38,10461,173,22258,68,1219,47,6659,229,14217,114,20876,California
Lake,2021-04-10,252,34190,13,10474,13,22271,226,1445,8,6649,244,14461,234,21110,California
Lake,2021-04-11,22,34212,17,10491,3,22274,2,1447,7,6643,15,14476,9,21119,California
Lake,2021-04-12,1070,35282,232,10723,805,23079,33,1480,239,6085,830,15306,272,21391,California
Lake,2021-04-13,180,35462,110,10833,70,23149,0,1480,52,6009,128,15434,52,21443,California
Lake,2021-04-14,610,36072,35,10868,575,23724,0,1480,547,6493,63,15497,547,21990,California
Lake,2021-04-15,635,36707,191,11059,444,24168,0,1480,328,6514,307,15804,328,22318,California
Lake,2021-04-16,266,36973,28,11087,237,24405,1,1481,73,6396,192,15996,74,22392,California
Lake,2021-04-17,43,37016,11,11098,32,24437,0,1481,32,6417,11,16007,32,22424,California
Lake,2021-04-18,7,37023,4,11102,3,24440,0,1481,0,6410,7,16014,0,22424,California
Lake,2021-04-19,299,37322,40,11142,259,24699,0,1481,248,6607,51,16065,248,22672,California
Lake,2021-04-20,698,38020,280,11422,418,25117,0,1481,92,6095,605,16670,93,22765,California
Lake,2021-04-21,531,38551,62,11484,469,25586,0,1481,197,5958,334,17004,197,22962,California
Lake,2021-04-22,466,39017,48,11532,418,26004,0,1481,320,6133,145,17149,320,23282,California
Lake,2021-04-23,114,39131,56,11588,58,26062,0,1481,68,6156,45,17194,68,23350,California
Lake,2021-04-24,54,39185,9,11597,45,26107,0,1481,40,6182,14,17208,40,23390,California
Lake,2021-04-25,36,39221,19,11616,17,26124,0,1481,24,6194,12,17220,24,23414,California
Lake,2021-04-26,289,39510,81,11697,207,26331,1,1482,85,6076,204,17424,86,23500,California
Lake,2021-04-27,245,39755,22,11719,205,26536,18,1500,81,6011,164,17588,99,23599,California
Lake,2021-04-28,511,40266,49,11768,447,26983,15,1515,90,5696,419,18007,104,23703,California
Lake,2021-04-29,212,40478,83,11851,113,27096,16,1531,112,5724,100,18107,128,23831,California
Lake,2021-04-30,286,40764,43,11894,212,27308,31,1562,148,5765,138,18245,179,24010,California
Lake,2021-05-01,49,40813,28,11922,19,27327,2,1564,35,5788,14,18259,37,24047,California
Lake,2021-05-02,18,40831,9,11931,8,27335,1,1565,9,5789,9,18268,10,24057,California
Lake,2021-05-03,415,41246,28,11959,352,27687,35,1600,65,5540,349,18617,100,24157,California
Lake,2021-05-04,403,41649,216,12175,139,27826,48,1648,123,5432,279,18896,171,24328,California
Lake,2021-05-05,629,42278,44,12219,573,28399,12,1660,86,4989,540,19436,97,24425,California
Lake,2021-05-06,142,42420,19,12238,94,28493,29,1689,73,5021,69,19505,101,24526,California
Lake,2021-05-07,165,42585,29,12267,116,28609,20,1709,103,5084,60,19565,123,24649,California
Lake,2021-05-08,42,42627,6,12273,36,28645,0,1709,35,5112,7,19572,35,24684,California
Lake,2021-05-09,17,42644,2,12275,10,28655,5,1714,10,5120,7,19579,15,24699,California
Lake,2021-05-10,245,42889,11,12286,207,28862,27,1741,58,5019,186,19765,85,24784,California
Lake,2021-05-11,193,43082,25,12311,151,29013,17,1758,115,5074,78,19843,133,24917,California
Lake,2021-05-12,541,43623,32,12343,489,29502,20,1778,54,4660,487,20330,73,24990,California
Lake,2021-05-13,300,43923,58,12401,229,29731,13,1791,66,4507,232,20562,79,25069,California
Lake,2021-05-14,263,44186,79,12480,165,29896,19,1810,161,4586,100,20662,179,25248,California
Lake,2021-05-15,45,44231,19,12499,23,29919,3,1813,28,4600,17,20679,31,25279,California
Lake,2021-05-16,31,44262,17,12516,13,29932,1,1814,16,4602,15,20694,17,25296,California
Lake,2021-05-17,314,44576,42,12558,257,30189,15,1829,83,4472,228,20922,98,25394,California
Lake,2021-05-18,301,44877,65,12623,217,30406,19,1848,174,4539,126,21048,193,25587,California
Lake,2021-05-19,311,45188,57,12680,239,30645,15,1863,87,4418,223,21271,102,25689,California
Lake,2021-05-20,227,45415,59,12739,157,30802,11,1874,89,4380,138,21409,100,25789,California
Lake,2021-05-21,257,45672,47,12786,187,30989,23,1897,100,4348,155,21564,123,25912,California
Lake,2021-05-22,83,45755,48,12834,32,31021,3,1900,40,4348,43,21607,43,25955,California
Lake,2021-05-23,49,45804,25,12859,23,31044,1,1901,26,4352,23,21630,27,25982,California
Lake,2021-05-24,155,45959,35,12894,106,31150,14,1915,72,4355,83,21713,86,26068,California
Lake,2021-05-25,204,46163,55,12949,137,31287,12,1927,75,4314,128,21841,87,26155,California
Lake,2021-05-26,149,46312,44,12993,94,31381,11,1938,54,4286,93,21934,65,26220,California
Lake,2021-05-27,159,46471,47,13040,99,31480,13,1951,61,4263,97,22031,74,26294,California
Lake,2021-05-28,221,46692,19,13059,164,31644,38,1989,49,4180,169,22200,86,26380,California
Lake,2021-05-29,37,46729,10,13069,21,31665,6,1995,14,4177,23,22223,20,26400,California
Lake,2021-05-30,22,46751,6,13075,14,31679,2,1997,12,4181,10,22233,14,26414,California
Lake,2021-05-31,63,46814,21,13096,40,31719,2,1999,54,4228,9,22242,56,26470,California
Lake,2021-06-01,196,47010,37,13133,150,31869,9,2008,69,4180,126,22368,78,26548,California
Lake,2021-06-02,132,47142,45,13178,75,31944,12,2020,54,4168,78,22446,66,26614,California
Lake,2021-06-03,170,47312,54,13232,97,32041,19,2039,85,4187,85,22531,104,26718,California
Lake,2021-06-04,147,47459,24,13256,111,32152,12,2051,40,4134,105,22636,52,26770,California
Lake,2021-06-05,64,47523,47,13303,10,32162,7,2058,44,4165,20,22656,51,26821,California
Lassen,2020-12-16,7,7,7,7,0,0,0,0,7,7,0,0,7,7,California
Lassen,2020-12-17,2,9,2,9,0,0,0,0,2,9,0,0,2,9,California
Lassen,2020-12-18,1,10,1,10,0,0,0,0,1,10,0,0,1,10,California
Lassen,2020-12-19,5,15,5,15,0,0,0,0,5,15,0,0,5,15,California
Lassen,2020-12-20,2,17,2,17,0,0,0,0,2,17,0,0,2,17,California
Lassen,2020-12-21,11,28,11,28,0,0,0,0,11,28,0,0,11,28,California
Lassen,2020-12-22,21,49,21,49,0,0,0,0,21,49,0,0,21,49,California
Lassen,2020-12-23,5,54,5,54,0,0,0,0,5,54,0,0,5,54,California
Lassen,2020-12-24,8,62,8,62,0,0,0,0,8,62,0,0,8,62,California
Lassen,2020-12-28,3,65,2,64,1,1,0,0,3,65,0,0,3,65,California
Lassen,2020-12-29,35,100,35,99,0,1,0,0,35,100,0,0,35,100,California
Lassen,2020-12-30,31,131,30,129,1,2,0,0,31,131,0,0,31,131,California
Lassen,2020-12-31,49,180,42,171,7,9,0,0,49,180,0,0,49,180,California
Lassen,2021-01-02,1,181,0,171,1,10,0,0,1,181,0,0,1,181,California
Lassen,2021-01-04,14,195,2,173,12,22,0,0,14,195,0,0,14,195,California
Lassen,2021-01-05,192,387,52,225,140,162,0,0,192,387,0,0,192,387,California
Lassen,2021-01-06,94,481,43,268,51,213,0,0,86,466,8,8,87,474,California
Lassen,2021-01-07,39,520,3,271,36,249,0,0,37,501,2,10,37,511,California
Lassen,2021-01-08,49,569,2,273,47,296,0,0,49,550,0,10,49,560,California
Lassen,2021-01-09,12,581,6,279,6,302,0,0,12,562,0,10,12,572,California
Lassen,2021-01-11,27,608,5,284,22,324,0,0,27,589,0,10,27,599,California
Lassen,2021-01-12,47,655,27,311,20,344,0,0,29,600,18,28,29,628,California
Lassen,2021-01-13,159,814,16,327,143,487,0,0,146,733,13,41,146,774,California
Lassen,2021-01-14,158,972,16,343,142,629,0,0,148,871,10,51,148,922,California
Lassen,2021-01-15,22,994,3,346,19,648,0,0,22,893,0,51,22,944,California
Lassen,2021-01-16,34,1028,33,379,1,649,0,0,34,927,0,51,34,978,California
Lassen,2021-01-17,1,1029,0,379,1,650,0,0,1,928,0,51,1,979,California
Lassen,2021-01-18,4,1033,2,381,2,652,0,0,3,930,1,52,3,982,California
Lassen,2021-01-19,183,1216,35,416,148,800,0,0,155,1057,28,80,155,1137,California
Lassen,2021-01-20,169,1385,94,510,75,875,0,0,91,1085,63,143,91,1228,California
Lassen,2021-01-21,139,1524,89,599,50,925,0,0,115,1182,18,161,115,1343,California
Lassen,2021-01-22,30,1554,17,616,13,938,0,0,20,1192,10,171,20,1363,California
Lassen,2021-01-23,2,1556,0,616,2,940,0,0,2,1194,0,171,2,1365,California
Lassen,2021-01-24,1,1557,0,616,1,941,0,0,1,1195,0,171,1,1366,California
Lassen,2021-01-25,12,1569,1,617,11,952,0,0,11,1205,1,172,11,1377,California
Lassen,2021-01-26,119,1688,6,623,113,1065,0,0,116,1318,3,175,116,1493,California
Lassen,2021-01-27,71,1759,23,646,48,1113,0,0,54,1355,17,192,54,1547,California
Lassen,2021-01-28,83,1842,14,660,69,1182,0,0,82,1436,1,193,82,1629,California
Lassen,2021-01-29,17,1859,4,664,13,1195,0,0,16,1451,1,194,16,1645,California
Lassen,2021-02-01,51,1910,2,666,49,1244,0,0,27,1454,24,218,27,1672,California
Lassen,2021-02-02,169,2079,8,674,161,1405,0,0,37,1359,132,350,37,1709,California
Lassen,2021-02-03,91,2170,18,692,73,1478,0,0,47,1362,44,394,47,1756,California
Lassen,2021-02-04,107,2277,13,705,94,1572,0,0,58,1371,49,443,58,1814,California
Lassen,2021-02-05,57,2334,8,713,49,1621,0,0,19,1352,38,481,19,1833,California
Lassen,2021-02-06,69,2403,34,747,35,1656,0,0,36,1356,32,513,36,1869,California
Lassen,2021-02-08,41,2444,4,751,37,1693,0,0,15,1345,26,539,15,1884,California
Lassen,2021-02-09,124,2568,5,756,119,1812,0,0,46,1313,78,617,46,1930,California
Lassen,2021-02-10,166,2734,17,773,149,1961,0,0,60,1267,106,723,60,1990,California
Lassen,2021-02-11,160,2894,11,784,149,2110,0,0,62,1232,97,820,62,2052,California
Lassen,2021-02-12,33,2927,10,794,23,2133,0,0,14,1227,19,839,14,2066,California
Lassen,2021-02-13,10,2937,2,796,8,2141,0,0,8,1233,2,841,8,2074,California
Lassen,2021-02-14,13,2950,0,796,13,2154,0,0,12,1244,1,842,12,2086,California
Lassen,2021-02-15,21,2971,2,798,19,2173,0,0,17,1258,3,845,17,2103,California
Lassen,2021-02-16,185,3156,3,801,182,2355,0,0,25,1125,158,1003,25,2128,California
Lassen,2021-02-17,157,3313,82,883,75,2430,0,0,7,982,150,1153,7,2135,California
Lassen,2021-02-18,72,3385,18,901,54,2484,0,0,17,944,55,1208,17,2152,California
Lassen,2021-02-19,72,3457,53,954,19,2503,0,0,13,898,59,1267,13,2165,California
Lassen,2021-02-20,8,3465,0,954,8,2511,0,0,6,902,2,1269,6,2171,California
Lassen,2021-02-21,22,3487,2,956,20,2531,0,0,18,916,4,1273,18,2189,California
Lassen,2021-02-22,23,3510,10,966,13,2544,0,0,5,903,18,1291,5,2194,California
Lassen,2021-02-23,151,3661,7,973,144,2688,0,0,43,838,108,1399,43,2237,California
Lassen,2021-02-24,148,3809,14,987,134,2822,0,0,94,879,53,1452,94,2331,California
Lassen,2021-02-25,144,3953,16,1003,128,2950,0,0,90,915,54,1506,90,2421,California
Lassen,2021-02-26,68,4021,16,1019,52,3002,0,0,34,915,34,1540,34,2455,California
Lassen,2021-02-27,8,4029,7,1026,1,3003,0,0,3,913,5,1545,3,2458,California
Lassen,2021-02-28,4,4033,0,1026,4,3007,0,0,2,913,2,1547,2,2460,California
Lassen,2021-03-01,32,4065,3,1029,29,3036,0,0,6,894,25,1572,6,2466,California
Lassen,2021-03-02,99,4164,6,1035,93,3129,0,0,78,952,20,1592,78,2544,California
Lassen,2021-03-03,144,4308,9,1044,135,3264,0,0,91,990,53,1645,91,2635,California
Lassen,2021-03-04,145,4453,16,1060,129,3393,0,0,95,1036,49,1694,95,2730,California
Lassen,2021-03-05,47,4500,7,1067,16,3409,24,24,11,1035,36,1730,35,2765,California
Lassen,2021-03-06,54,4554,3,1070,29,3438,22,46,5,1013,49,1779,27,2792,California
Lassen,2021-03-07,56,4610,1,1071,0,3438,55,101,1,1014,55,1834,56,2848,California
Lassen,2021-03-08,86,4696,2,1073,6,3444,78,179,3,1012,83,1917,81,2929,California
Lassen,2021-03-09,131,4827,7,1080,107,3551,17,196,84,1066,47,1964,101,3030,California
Lassen,2021-03-10,141,4968,8,1088,132,3683,1,197,75,1077,65,2029,76,3106,California
Lassen,2021-03-11,170,5138,10,1098,153,3836,7,204,100,1117,67,2096,107,3213,California
Lassen,2021-03-12,25,5163,11,1109,11,3847,3,207,10,1115,15,2111,13,3226,California
Lassen,2021-03-13,48,5211,0,1109,2,3849,46,253,1,1114,47,2158,46,3272,California
Lassen,2021-03-14,13,5224,1,1110,11,3860,1,254,1,1104,12,2170,2,3274,California
Lassen,2021-03-15,32,5256,3,1113,29,3889,0,254,14,1100,18,2188,14,3288,California
Lassen,2021-03-16,89,5345,2,1115,82,3971,5,259,72,1160,17,2205,77,3365,California
Lassen,2021-03-17,1085,6430,9,1124,1071,5042,5,264,1066,2212,19,2224,1071,4436,California
Lassen,2021-03-18,88,6518,8,1132,79,5121,1,265,77,2279,11,2235,78,4514,California
Lassen,2021-03-19,14,6532,9,1141,2,5123,3,268,5,2278,9,2244,8,4522,California
Lassen,2021-03-20,17,6549,3,1144,12,5135,2,270,11,2285,6,2250,13,4535,California
Lassen,2021-03-21,33,6582,0,1144,33,5168,0,270,13,2279,19,2269,13,4548,California
Lassen,2021-03-22,49,6631,1,1145,48,5216,0,270,46,2322,3,2272,46,4594,California
Lassen,2021-03-23,116,6747,9,1154,106,5322,1,271,63,2333,53,2325,64,4658,California
Lassen,2021-03-24,188,6935,8,1162,179,5501,1,272,98,2344,88,2413,99,4757,California
Lassen,2021-03-25,147,7082,18,1180,129,5630,0,272,67,2331,80,2493,67,4824,California
Lassen,2021-03-26,73,7155,9,1189,26,5656,38,310,15,2326,57,2550,52,4876,California
Lassen,2021-03-27,19,7174,3,1192,1,5657,15,325,2,2326,17,2567,17,4893,California
Lassen,2021-03-28,13,7187,2,1194,2,5659,9,334,1,2324,12,2579,10,4903,California
Lassen,2021-03-29,51,7238,0,1194,26,5685,25,359,20,2339,30,2609,45,4948,California
Lassen,2021-03-30,178,7416,6,1200,147,5832,25,384,51,2288,127,2736,76,5024,California
Lassen,2021-03-31,143,7559,10,1210,111,5943,22,406,59,2286,83,2819,81,5105,California
Lassen,2021-04-01,153,7712,9,1219,124,6067,20,426,44,2242,108,2927,64,5169,California
Lassen,2021-04-02,27,7739,3,1222,2,6069,22,448,1,2239,26,2953,23,5192,California
Lassen,2021-04-03,12,7751,0,1222,2,6071,10,458,0,2237,12,2965,10,5202,California
Lassen,2021-04-04,6,7757,1,1223,0,6071,5,463,1,2238,5,2970,6,5208,California
Lassen,2021-04-05,21,7778,3,1226,11,6082,7,470,10,2244,11,2981,17,5225,California
Lassen,2021-04-06,175,7953,8,1234,137,6219,30,500,51,2201,124,3105,81,5306,California
Lassen,2021-04-07,126,8079,5,1239,87,6306,34,534,32,2175,94,3199,68,5374,California
Lassen,2021-04-08,157,8236,8,1247,97,6403,52,586,28,2130,125,3324,80,5454,California
Lassen,2021-04-09,49,8285,6,1253,9,6412,34,620,8,2131,40,3364,41,5495,California
Lassen,2021-04-10,9,8294,0,1253,2,6414,7,627,0,2130,8,3372,7,5502,California
Lassen,2021-04-11,5,8299,2,1255,0,6414,3,630,2,2132,3,3375,5,5507,California
Lassen,2021-04-12,30,8329,4,1259,13,6427,13,643,4,2123,26,3401,17,5524,California
Lassen,2021-04-13,122,8451,5,1264,117,6544,0,643,33,2068,88,3489,33,5557,California
Lassen,2021-04-14,983,9434,11,1275,972,7516,0,643,48,1182,934,4423,48,5605,California
Lassen,2021-04-15,137,9571,12,1287,125,7641,0,643,14,1073,123,4546,14,5619,California
Lassen,2021-04-16,10,9581,2,1289,8,7649,0,643,6,1075,4,4550,6,5625,California
Lassen,2021-04-17,11,9592,2,1291,9,7658,0,643,3,1070,8,4558,3,5628,California
Lassen,2021-04-18,4,9596,1,1292,3,7661,0,643,1,1068,3,4561,1,5629,California
Lassen,2021-04-19,30,9626,0,1292,30,7691,0,643,14,1066,16,4577,14,5643,California
Lassen,2021-04-20,132,9758,6,1298,126,7817,0,643,48,1030,84,4661,48,5691,California
Lassen,2021-04-21,153,9911,7,1305,146,7963,0,643,32,943,119,4780,32,5723,California
Lassen,2021-04-22,98,10009,14,1319,84,8047,0,643,31,907,67,4847,31,5754,California
Lassen,2021-04-23,22,10031,0,1319,22,8069,0,643,18,921,4,4851,18,5772,California
Lassen,2021-04-24,9,10040,5,1324,4,8073,0,643,3,918,6,4857,3,5775,California
Lassen,2021-04-25,5,10045,0,1324,4,8077,1,644,3,920,2,4859,4,5779,California
Lassen,2021-04-26,40,10085,1,1325,35,8112,4,648,8,900,32,4891,12,5791,California
Lassen,2021-04-27,115,10200,7,1332,105,8217,3,651,61,910,54,4945,64,5855,California
Lassen,2021-04-28,82,10282,6,1338,74,8291,2,653,30,890,52,4997,32,5887,California
Lassen,2021-04-29,61,10343,6,1344,52,8343,3,656,21,875,39,5036,24,5911,California
Lassen,2021-04-30,12,10355,7,1351,2,8345,3,659,3,872,9,5045,6,5917,California
Lassen,2021-05-01,4,10359,0,1351,3,8348,1,660,3,875,1,5046,4,5921,California
Lassen,2021-05-02,10,10369,6,1357,4,8352,0,660,6,877,4,5050,6,5927,California
Lassen,2021-05-03,19,10388,2,1359,10,8362,7,667,3,871,16,5066,10,5937,California
Lassen,2021-05-04,69,10457,4,1363,58,8420,7,674,19,847,50,5116,26,5963,California
Lassen,2021-05-05,80,10537,4,1367,66,8486,10,684,26,830,53,5169,36,5999,California
Lassen,2021-05-06,73,10610,20,1387,32,8518,21,705,19,816,54,5223,40,6039,California
Lassen,2021-05-07,49,10659,33,1420,11,8529,5,710,41,854,8,5231,46,6085,California
Lassen,2021-05-08,11,10670,0,1420,5,8534,6,716,4,857,7,5238,10,6095,California
Lassen,2021-05-09,2,10672,0,1420,0,8534,2,718,0,857,2,5240,2,6097,California
Lassen,2021-05-10,11,10683,1,1421,7,8541,3,721,5,859,6,5246,8,6105,California
Lassen,2021-05-11,60,10743,0,1421,52,8593,8,729,18,843,42,5288,26,6131,California
Lassen,2021-05-12,40,10783,4,1425,31,8624,5,734,12,832,28,5316,17,6148,California
Lassen,2021-05-13,29,10812,9,1434,15,8639,5,739,9,826,20,5336,14,6162,California
Lassen,2021-05-14,22,10834,4,1438,10,8649,8,747,12,836,10,5346,20,6182,California
Lassen,2021-05-15,16,10850,2,1440,4,8653,10,757,4,838,12,5358,14,6196,California
Lassen,2021-05-16,7,10857,2,1442,3,8656,2,759,2,838,4,5362,4,6200,California
Lassen,2021-05-17,35,10892,4,1446,19,8675,12,771,11,837,24,5386,23,6223,California
Lassen,2021-05-18,89,10981,10,1456,67,8742,12,783,27,814,62,5448,39,6262,California
Lassen,2021-05-19,58,11039,3,1459,44,8786,11,794,8,783,49,5497,18,6280,California
Lassen,2021-05-20,33,11072,8,1467,16,8802,9,803,12,783,21,5518,21,6301,California
Lassen,2021-05-21,62,11134,28,1495,20,8822,14,817,33,801,29,5547,47,6348,California
Lassen,2021-05-22,17,11151,2,1497,7,8829,8,825,7,806,10,5557,15,6363,California
Lassen,2021-05-23,5,11156,3,1500,1,8830,1,826,0,802,5,5562,1,6364,California
Lassen,2021-05-24,12,11168,1,1501,9,8839,2,828,6,805,5,5567,8,6372,California
Lassen,2021-05-25,93,11261,6,1507,78,8917,9,837,32,785,61,5628,41,6413,California
Lassen,2021-05-26,59,11320,0,1507,43,8960,16,853,11,764,48,5676,27,6440,California
Lassen,2021-05-27,41,11361,17,1524,18,8978,6,859,12,754,28,5704,18,6458,California
Lassen,2021-05-28,71,11432,45,1569,18,8996,8,867,29,749,42,5746,37,6495,California
Lassen,2021-05-29,15,11447,1,1570,12,9008,2,869,9,754,6,5752,11,6506,California
Lassen,2021-05-30,2,11449,0,1570,1,9009,1,870,1,755,1,5753,2,6508,California
Lassen,2021-05-31,7,11456,0,1570,6,9015,1,871,1,751,6,5759,2,6510,California
Lassen,2021-06-01,43,11499,1,1571,36,9051,6,877,16,746,27,5786,22,6532,California
Lassen,2021-06-02,54,11553,2,1573,37,9088,15,892,13,734,40,5826,28,6560,California
Lassen,2021-06-03,20,11573,3,1576,8,9096,9,901,7,737,13,5839,16,6576,California
Lassen,2021-06-04,33,11606,3,1579,26,9122,4,905,15,738,18,5857,19,6595,California
Lassen,2021-06-05,3,11609,1,1580,1,9123,1,906,1,738,2,5859,2,6597,California
Los Angeles,2020-12-15,396,396,396,396,0,0,0,0,396,396,0,0,396,396,California
Los Angeles,2020-12-16,3581,3977,3581,3977,0,0,0,0,3581,3977,0,0,3581,3977,California
Los Angeles,2020-12-17,10308,14285,10308,14285,0,0,0,0,10309,14286,0,0,10309,14286,California
Los Angeles,2020-12-18,14565,28850,14542,28827,23,23,0,0,14565,28851,0,0,14565,28851,California
Los Angeles,2020-12-19,7236,36086,7227,36054,9,32,0,0,7238,36089,0,0,7238,36089,California
Los Angeles,2020-12-20,4611,40697,4603,40657,8,40,0,0,4613,40702,0,0,4613,40702,California
Los Angeles,2020-12-21,13732,54429,13715,54372,17,57,0,0,13732,54433,1,1,13732,54434,California
Los Angeles,2020-12-22,11556,65985,11163,65535,393,450,0,0,11556,65987,2,3,11556,65990,California
Los Angeles,2020-12-23,11978,77963,10208,75743,1770,2220,0,0,11978,77965,0,3,11978,77968,California
Los Angeles,2020-12-24,7041,85004,4267,80010,2774,4994,0,0,7044,85009,0,3,7044,85012,California
Los Angeles,2020-12-25,529,85533,422,80432,107,5101,0,0,529,85538,0,3,529,85541,California
Los Angeles,2020-12-26,2534,88067,2188,82620,346,5447,0,0,2533,88069,2,5,2533,88074,California
Los Angeles,2020-12-27,1772,89839,1036,83656,736,6183,0,0,1772,89841,0,5,1772,89846,California
Los Angeles,2020-12-28,10328,100167,6399,90055,3929,10112,0,0,10325,100165,1,6,10325,100171,California
Los Angeles,2020-12-29,11625,111792,6090,96145,5535,15647,0,0,11626,111791,0,6,11626,111797,California
Los Angeles,2020-12-30,14895,126687,8103,104248,6792,22439,0,0,14894,126685,0,6,14894,126691,California
Los Angeles,2020-12-31,7966,134653,2763,107011,5203,27642,0,0,7963,134646,2,8,7963,134654,California
Los Angeles,2021-01-01,1051,135704,299,107310,752,28394,0,0,1051,135697,0,8,1051,135705,California
Los Angeles,2021-01-02,4502,140206,1681,108991,2821,31215,0,0,4502,140199,0,8,4502,140207,California
Los Angeles,2021-01-03,957,141163,221,109212,736,31951,0,0,955,141152,2,10,955,141162,California
Los Angeles,2021-01-04,12723,153886,4893,114105,7830,39781,0,0,12709,153859,2,12,12709,153871,California
Los Angeles,2021-01-05,16094,169980,7110,121215,8984,48765,0,0,14180,166159,1885,1897,14185,168056,California
Los Angeles,2021-01-06,22749,192729,12118,133333,10631,59396,0,0,17097,177683,5583,7480,17107,185163,California
Los Angeles,2021-01-07,29435,222164,15836,149169,13599,72995,0,0,18863,186038,10524,18004,18879,204042,California
Los Angeles,2021-01-08,33202,255366,17946,167115,15256,88251,0,0,20922,194716,12254,30258,20932,224974,California
Los Angeles,2021-01-09,12409,267775,7103,174218,5306,93557,0,0,7523,197363,4883,35141,7530,232504,California
Los Angeles,2021-01-10,4703,272478,3647,177865,1056,94613,0,0,1966,196593,2737,37878,1967,234471,California
Los Angeles,2021-01-11,25887,298365,16290,194155,9597,104210,0,0,14919,200565,10957,48835,14929,249400,California
Los Angeles,2021-01-12,29399,327764,16221,210376,13178,117388,0,0,19244,209684,10138,58973,19257,268657,California
Los Angeles,2021-01-13,29351,357115,15661,226037,13690,131078,0,0,20368,221091,8966,67939,20373,289030,California
Los Angeles,2021-01-14,29320,386435,12707,238744,16613,147691,0,0,23778,239359,5522,73461,23790,312820,California
Los Angeles,2021-01-15,33869,420304,12355,251099,21514,169205,0,0,30282,266090,3560,77021,30291,343111,California
Los Angeles,2021-01-16,17628,437932,4971,256070,12657,181862,0,0,15838,280152,1782,78803,15844,358955,California
Los Angeles,2021-01-17,5203,443135,2314,258384,2889,184751,0,0,4957,284866,245,79048,4959,363914,California
Los Angeles,2021-01-18,15664,458799,10116,268500,5548,190299,0,0,10924,291065,4728,83776,10927,374841,California
Los Angeles,2021-01-19,38698,497497,20643,289143,18055,208354,0,0,30876,314173,7781,91557,30889,405730,California
Los Angeles,2021-01-20,46389,543886,24188,313331,22201,230555,0,0,38897,345620,7460,99017,38907,444637,California
Los Angeles,2021-01-21,48909,592795,22404,335735,26505,257060,0,0,44611,386015,4232,103249,44627,489264,California
Los Angeles,2021-01-22,48295,641090,22368,358103,25927,282987,0,0,44855,427489,3393,106642,44867,534131,California
Los Angeles,2021-01-23,34207,675297,15756,373859,18451,301438,0,0,32136,457600,2039,108681,32150,566281,California
Los Angeles,2021-01-24,15753,691050,12226,386085,3527,304965,0,0,15203,472264,542,109223,15206,581487,California
Los Angeles,2021-01-25,39536,730586,16697,402782,22839,327804,0,0,30884,494542,8622,117845,30900,612387,California
Los Angeles,2021-01-26,49770,780356,24697,427479,25073,352877,0,0,41532,527891,8203,126048,41552,653939,California
Los Angeles,2021-01-27,51228,831584,26075,453554,25153,378030,0,0,41805,560439,9282,135330,41830,695769,California
Los Angeles,2021-01-28,49148,880732,23567,477121,25581,403611,0,0,40690,592809,8335,143665,40705,736474,California
Los Angeles,2021-01-29,49864,930596,25761,502882,24103,427714,0,0,39745,622806,9765,153430,39762,776236,California
Los Angeles,2021-01-30,30486,961082,15759,518641,14727,442441,0,0,26173,644752,4232,157662,26178,802414,California
Los Angeles,2021-01-31,13159,974241,10495,529136,2664,445105,0,0,12338,656287,807,158469,12342,814756,California
Los Angeles,2021-02-01,38844,1013085,16650,545786,22194,467299,0,0,28275,674041,10532,169001,28286,843042,California
Los Angeles,2021-02-02,44779,1057864,18064,563850,26715,494014,0,0,32568,694446,12169,181170,32574,875616,California
Los Angeles,2021-02-03,52339,1110203,19678,583528,32661,526675,0,0,37428,717212,14668,195838,37434,913050,California
Los Angeles,2021-02-04,57349,1167552,20803,604331,36546,563221,0,0,39260,738706,17780,213618,39274,952324,California
Los Angeles,2021-02-05,61548,1229100,21259,625590,40289,603510,0,0,39558,756708,21567,235185,39569,991893,California
Los Angeles,2021-02-06,35827,1264927,13567,639157,22260,625770,0,0,27356,775692,8394,243579,27378,1019271,California
Los Angeles,2021-02-07,11064,1275991,8626,647783,2438,628208,0,0,8669,781989,2379,245958,8676,1027947,California
Los Angeles,2021-02-08,47328,1323319,22060,669843,25268,653476,0,0,31074,796946,16119,262077,31076,1059023,California
Los Angeles,2021-02-09,56116,1379435,24854,694697,31262,684738,0,0,28593,798107,27440,289517,28601,1087624,California
Los Angeles,2021-02-10,67116,1446551,29476,724173,37640,722378,0,0,30782,792949,35950,325467,30792,1118416,California
Los Angeles,2021-02-11,58502,1505053,31302,755475,27200,749578,0,0,28299,791499,29753,355220,28303,1146719,California
Los Angeles,2021-02-12,60019,1565072,29947,785422,30072,779650,0,0,26264,784398,33383,388603,26282,1173001,California
Los Angeles,2021-02-13,33927,1598999,19775,805197,14152,793802,0,0,15484,781566,18354,406957,15522,1188523,California
Los Angeles,2021-02-14,21830,1620829,14900,820097,6930,800732,0,0,8776,777354,12991,419948,8779,1197302,California
Los Angeles,2021-02-15,32999,1653828,16057,836154,16942,817674,0,0,18096,780619,14837,434785,18102,1215404,California
Los Angeles,2021-02-16,64517,1718345,32870,869024,31647,849321,0,0,29946,776107,34471,469256,29959,1245363,California
Los Angeles,2021-02-17,65207,1783552,34827,903851,30380,879701,0,0,26549,764199,38463,507719,26555,1271918,California
Los Angeles,2021-02-18,68923,1852475,35100,938951,33823,913524,0,0,28701,752874,40036,547755,28711,1300629,California
Los Angeles,2021-02-19,58673,1911148,36282,975233,22391,935915,0,0,28676,751674,29893,577648,28693,1329322,California
Los Angeles,2021-02-20,33169,1944317,24191,999424,8978,944893,0,0,15910,750382,17211,594859,15919,1345241,California
Los Angeles,2021-02-21,22441,1966758,20769,1020193,1672,946565,0,0,11109,750219,11275,606134,11112,1356353,California
Los Angeles,2021-02-22,34776,2001534,25359,1045552,9417,955982,0,0,17905,751345,16791,622925,17917,1374270,California
Los Angeles,2021-02-23,55142,2056676,23864,1069416,31278,987260,0,0,21634,739603,33387,656312,21645,1395915,California
Los Angeles,2021-02-24,65233,2121909,29083,1098499,36150,1023410,0,0,28122,730810,36933,693245,28140,1424055,California
Los Angeles,2021-02-25,74390,2196299,34102,1132601,40288,1063698,0,0,38306,733211,35918,729163,38319,1462374,California
Los Angeles,2021-02-26,83974,2280273,38928,1171529,45046,1108744,0,0,47070,743637,36673,765836,47099,1509473,California
Los Angeles,2021-02-27,60498,2340771,26679,1198208,33813,1142557,6,6,30859,745053,29472,795308,30888,1540361,California
Los Angeles,2021-02-28,27081,2367852,18711,1216919,8367,1150924,3,9,18932,755953,8041,803349,18941,1559302,California
Los Angeles,2021-03-01,57307,2425159,32664,1249583,24614,1175538,29,38,34299,767475,22824,826173,34346,1593648,California
Los Angeles,2021-03-02,77852,2503011,37867,1287450,39976,1215514,9,47,49016,787821,28691,854864,49037,1642685,California
Los Angeles,2021-03-03,84914,2587925,43363,1330813,41536,1257050,15,62,53656,810436,31079,885943,53694,1696379,California
Los Angeles,2021-03-04,90860,2678785,46716,1377529,44130,1301180,14,76,57323,834441,33351,919294,57356,1753735,California
Los Angeles,2021-03-05,90090,2768875,44498,1422027,45561,1346741,31,107,60338,865293,29553,948847,60405,1814140,California
Los Angeles,2021-03-06,67406,2836281,34354,1456381,31222,1377963,1830,1937,43462,886788,23799,972646,45294,1859434,California
Los Angeles,2021-03-07,27281,2863562,20789,1477170,5661,1383624,831,2768,21107,902575,6144,978790,21931,1881365,California
Los Angeles,2021-03-08,52820,2916382,27914,1505084,22936,1406560,1970,4738,39906,931639,12809,991599,41873,1923238,California
Los Angeles,2021-03-09,81490,2997872,38720,1543804,39483,1446043,3287,8025,51894,957364,29444,1021043,55169,1978407,California
Los Angeles,2021-03-10,83151,3081023,40928,1584732,37338,1483381,4885,12910,52616,984460,30364,1051407,57460,2035867,California
Los Angeles,2021-03-11,92848,3173871,45352,1630084,40803,1524184,6693,19603,54360,1007171,38295,1089702,61006,2096873,California
Los Angeles,2021-03-12,98982,3272853,44570,1674654,40495,1564679,13917,33520,57659,1037571,41118,1130820,71518,2168391,California
Los Angeles,2021-03-13,75761,3348614,35819,1710473,27968,1592647,11974,45494,45265,1064377,30379,1161199,57185,2225576,California
Los Angeles,2021-03-14,39112,3387726,26294,1736767,10269,1602916,2549,48043,24010,1075880,15033,1176232,26536,2252112,California
Los Angeles,2021-03-15,74981,3462707,36568,1773335,32960,1635876,5453,53496,45411,1097335,29381,1205613,50836,2302948,California
Los Angeles,2021-03-16,99967,3562674,43721,1817056,50357,1686233,5889,59385,64731,1132866,35043,1240656,70574,2373522,California
Los Angeles,2021-03-17,97263,3659937,44080,1861136,44862,1731095,8321,67706,65065,1174123,31993,1272649,73250,2446772,California
Los Angeles,2021-03-18,101928,3761865,48738,1909874,47857,1778952,5333,73039,64687,1207175,36949,1309598,70001,2516773,California
Los Angeles,2021-03-19,109237,3871102,56973,1966847,47485,1826437,4779,77818,67323,1237585,41642,1351240,72052,2588825,California
Los Angeles,2021-03-20,76395,3947497,37748,2004595,34063,1860500,4584,82402,51850,1269640,24361,1375601,56416,2645241,California
Los Angeles,2021-03-21,34640,3982137,25756,2030351,7983,1868483,901,83303,22226,1280470,12295,1387896,23125,2668366,California
Los Angeles,2021-03-22,70876,4053013,41618,2071969,27089,1895572,2169,85472,49724,1311469,20890,1408786,51889,2720255,California
Los Angeles,2021-03-23,96430,4149443,52137,2124106,41047,1936619,3246,88718,58367,1335275,37792,1446578,61598,2781853,California
Los Angeles,2021-03-24,105036,4254479,55714,2179820,46155,1982774,3167,91885,60816,1355348,43895,1490473,63968,2845821,California
Los Angeles,2021-03-25,110691,4365170,59275,2239095,47511,2030285,3905,95790,62188,1373219,48202,1538675,66073,2911894,California
Los Angeles,2021-03-26,115331,4480501,63221,2302316,47930,2078215,4180,99970,63602,1389530,51442,1590117,67753,2979647,California
Los Angeles,2021-03-27,83630,4564131,44017,2346333,37478,2115693,2135,102105,42706,1393704,40662,1630779,44836,3024483,California
Los Angeles,2021-03-28,42211,4606342,28629,2374962,12997,2128690,585,102690,20067,1392344,22010,1652789,20650,3045133,California
Los Angeles,2021-03-29,83052,4689394,46702,2421664,34577,2163267,1773,104463,46103,1403474,36737,1689526,47867,3093000,California
Los Angeles,2021-03-30,108966,4798360,51935,2473599,51087,2214354,5944,110407,56937,1414528,51789,1741315,62843,3155843,California
Los Angeles,2021-03-31,122701,4921061,62003,2535602,51867,2266221,8831,119238,68616,1438148,53773,1795088,77393,3233236,California
Los Angeles,2021-04-01,133404,5054465,62345,2597947,55627,2321848,15432,134670,71937,1464311,61128,1856216,87291,3320527,California
Los Angeles,2021-04-02,132351,5186816,58942,2656889,57844,2379692,15565,150235,70408,1488637,61599,1917815,85925,3406452,California
Los Angeles,2021-04-03,98663,5285479,45176,2702065,39837,2419529,13650,163885,48509,1500766,49963,1967778,62092,3468544,California
Los Angeles,2021-04-04,39224,5324703,20527,2722592,12061,2431590,6636,170521,16371,1500963,22769,1990547,22966,3491510,California
Los Angeles,2021-04-05,93963,5418666,44456,2767048,39220,2470810,10287,180808,44562,1506549,49194,2039741,54780,3546290,California
Los Angeles,2021-04-06,121163,5539829,56987,2824035,43841,2514651,20335,201143,55521,1516899,65381,2105122,75731,3622021,California
Los Angeles,2021-04-07,120327,5660156,54491,2878526,44632,2559283,21204,222347,54377,1526674,65686,2170808,75461,3697482,California
Los Angeles,2021-04-08,133043,5793199,58390,2936916,50509,2609792,24144,246491,60107,1538144,72621,2243429,84091,3781573,California
Los Angeles,2021-04-09,131656,5924855,56850,2993766,50806,2660598,24000,270491,56402,1543446,74946,2318375,80248,3861821,California
Los Angeles,2021-04-10,101636,6026491,42946,3036712,34579,2695177,24111,294602,37184,1540404,64205,2382580,61163,3922984,California
Los Angeles,2021-04-11,41839,6068330,22606,3059318,9732,2704909,9501,304103,14270,1536634,27488,2410068,23718,3946702,California
Los Angeles,2021-04-12,79006,6147336,38540,3097858,34078,2738987,6388,310491,32301,1528788,46494,2456562,38648,3985350,California
Los Angeles,2021-04-13,117540,6264876,59044,3156902,58067,2797054,429,310920,61989,1535919,55305,2511867,62436,4047786,California
Los Angeles,2021-04-14,119028,6383904,59334,3216236,59563,2856617,131,311051,64519,1546343,54236,2566103,64660,4112446,California
Los Angeles,2021-04-15,129929,6513833,70076,3286312,59681,2916298,172,311223,74387,1565515,55259,2621362,74431,4186877,California
Los Angeles,2021-04-16,130195,6644028,68606,3354918,61447,2977745,142,311365,68512,1572703,61398,2682760,68586,4255463,California
Los Angeles,2021-04-17,98368,6742396,51413,3406331,46930,3024675,25,311390,56136,1586851,42012,2724772,56160,4311623,California
Los Angeles,2021-04-18,34115,6776511,22606,3428937,11508,3036183,1,311391,18659,1590138,15378,2740150,18665,4330288,California
Los Angeles,2021-04-19,74947,6851458,39708,3468645,35226,3071409,13,311404,33279,1581965,41474,2781624,33301,4363589,California
Los Angeles,2021-04-20,102993,6954451,50097,3518742,52873,3124282,23,311427,51164,1581570,51584,2833208,51189,4414778,California
Los Angeles,2021-04-21,109576,7064027,52403,3571145,56984,3181266,189,311616,48284,1569078,60964,2894172,48472,4463250,California
Los Angeles,2021-04-22,116353,7180380,59620,3630765,56700,3237966,33,311649,51299,1555674,64740,2958912,51336,4514586,California
Los Angeles,2021-04-23,114419,7294799,62452,3693217,51946,3289912,21,311670,54260,1550093,59860,3018772,54279,4568865,California
Los Angeles,2021-04-24,90183,7384982,57383,3750600,32764,3322676,36,311706,50431,1561049,39521,3058293,50477,4619342,California
Los Angeles,2021-04-25,37786,7422768,25025,3775625,12755,3335431,6,311712,20356,1564088,17322,3075615,20361,4639703,California
Los Angeles,2021-04-26,72773,7495541,37924,3813549,34351,3369782,498,312210,36107,1564229,36457,3112072,36598,4676301,California
Los Angeles,2021-04-27,89923,7585464,43068,3856617,45010,3414792,1845,314055,34306,1545027,55341,3167413,36139,4712440,California
Los Angeles,2021-04-28,84908,7670372,40771,3897388,42094,3456886,2043,316098,33110,1528688,51481,3218894,35142,4747582,California
Los Angeles,2021-04-29,91439,7761811,45207,3942595,44080,3500966,2152,318250,32404,1504574,58662,3277556,34548,4782130,California
Los Angeles,2021-04-30,99226,7861037,48965,3991560,47849,3548815,2412,320662,35797,1479755,63010,3340566,38191,4820321,California
Los Angeles,2021-05-01,75267,7936304,42111,4033671,31654,3580469,1502,322164,28338,1462957,46632,3387198,29834,4850155,California
Los Angeles,2021-05-02,27963,7964267,17947,4051618,9282,3589751,734,322898,10123,1456083,17727,3404925,10853,4861008,California
Los Angeles,2021-05-03,60716,8024983,29694,4081312,28860,3618611,2162,325060,21500,1440764,38967,3443892,23648,4884656,California
Los Angeles,2021-05-04,85602,8110585,47111,4128423,36250,3654861,2241,327301,26338,1410366,58959,3502851,28561,4913217,California
Los Angeles,2021-05-05,88524,8199109,51370,4179793,34815,3689676,2339,329640,24308,1373109,63892,3566743,26635,4939852,California
Los Angeles,2021-05-06,96132,8295241,57682,4237475,35953,3725629,2497,332137,22988,1325808,72769,3639512,25468,4965320,California
Los Angeles,2021-05-07,95528,8390769,56811,4294286,36381,3762010,2336,334473,26111,1285148,69080,3708592,28420,4993740,California
Los Angeles,2021-05-08,63686,8454455,42056,4336342,20018,3782028,1612,336085,17359,1258086,46022,3754614,18960,5012700,California
Los Angeles,2021-05-09,23706,8478161,18033,4354375,4934,3786962,739,336824,6046,1247302,17563,3772177,6779,5019479,California
Los Angeles,2021-05-10,48443,8526604,25472,4379847,21125,3808087,1846,338670,14577,1230064,33652,3805829,16414,5035893,California
Los Angeles,2021-05-11,66853,8593457,35754,4415601,29095,3837182,2004,340674,17077,1199593,49530,3855359,19059,5054952,California
Los Angeles,2021-05-12,66929,8660386,35985,4451586,28822,3866004,2122,342796,18789,1172633,47855,3903214,20895,5075847,California
Los Angeles,2021-05-13,69715,8730101,41954,4493540,26128,3892132,1633,344429,24475,1153841,44884,3948098,26092,5101939,California
Los Angeles,2021-05-14,86783,8816884,55028,4548568,29939,3922071,1816,346245,32740,1134664,53722,4001820,34545,5136484,California
Los Angeles,2021-05-15,73688,8890572,52114,4600682,20085,3942156,1489,347734,28355,1119424,45073,4046893,29833,5166317,California
Los Angeles,2021-05-16,30426,8920998,24052,4624734,5770,3947926,604,348338,12010,1113713,18322,4065215,12611,5178928,California
Los Angeles,2021-05-17,61162,8982160,39863,4664597,19569,3967495,1730,350068,26001,1106489,34939,4100154,27715,5206643,California
Los Angeles,2021-05-18,63846,9046006,38104,4702701,23958,3991453,1784,351852,26420,1097502,37168,4137322,28181,5234824,California
Los Angeles,2021-05-19,66885,9112891,40332,4743033,24731,4016184,1822,353674,29382,1091446,37245,4174567,31189,5266013,California
Los Angeles,2021-05-20,52992,9165883,29802,4772835,21351,4037535,1839,355513,20824,1082234,31872,4206439,22660,5288673,California
Los Angeles,2021-05-21,55738,9221621,34518,4807353,19397,4056932,1823,357336,23118,1074830,32340,4238779,24936,5313609,California
Los Angeles,2021-05-22,44490,9266111,30054,4837407,12961,4069893,1475,358811,19066,1070105,25255,4264034,20530,5334139,California
Los Angeles,2021-05-23,14530,9280641,11331,4848738,2529,4072422,670,359481,7471,1071252,6990,4271024,8137,5342276,California
Los Angeles,2021-05-24,47851,9328492,26325,4875063,19694,4092116,1832,361313,18772,1062980,28867,4299891,20595,5362871,California
Los Angeles,2021-05-25,49297,9377789,28575,4903638,18970,4111086,1752,363065,19641,1054941,29424,4329315,21385,5384256,California
Los Angeles,2021-05-26,46411,9424200,26224,4929862,18384,4129470,1803,364868,19893,1050413,26106,4355421,21578,5405834,California
Los Angeles,2021-05-27,44863,9469063,25035,4954897,17970,4147440,1858,366726,18921,1045429,25717,4381138,20733,5426567,California
Los Angeles,2021-05-28,51366,9520429,29150,4984047,20369,4167809,1847,368573,23087,1042342,28007,4409145,24920,5451487,California
Los Angeles,2021-05-29,30121,9550550,17428,5001475,11668,4179477,1025,369598,14233,1041883,15706,4424851,15247,5466734,California
Los Angeles,2021-05-30,12438,9562988,8177,5009652,3536,4183013,725,370323,5944,1042101,6445,4431296,6663,5473397,California
Los Angeles,2021-05-31,5990,9568978,3712,5013364,1974,4184987,304,370627,1733,1039930,4206,4435502,2035,5475432,California
Los Angeles,2021-06-01,45559,9614537,25558,5038922,18453,4203440,1548,372175,18019,1032258,27217,4462719,19545,5494977,California
Los Angeles,2021-06-02,37638,9652175,21908,5060830,14295,4217735,1435,373610,15979,1028269,21380,4484099,17391,5512368,California
Los Angeles,2021-06-03,41671,9693846,27698,5088528,12498,4230233,1475,375085,16549,1021414,24865,4508964,18010,5530378,California
Los Angeles,2021-06-04,49366,9743212,33754,5122282,14038,4244271,1574,376659,16918,1007725,32158,4541122,18469,5548847,California
Los Angeles,2021-06-05,22842,9766054,17713,5139995,4240,4248511,889,377548,5805,997469,16936,4558058,6680,5555527,California
Madera,2020-12-16,21,21,21,21,0,0,0,0,21,21,0,0,21,21,California
Madera,2020-12-17,13,34,13,34,0,0,0,0,13,34,0,0,13,34,California
Madera,2020-12-18,60,94,60,94,0,0,0,0,60,94,0,0,60,94,California
Madera,2020-12-19,5,99,5,99,0,0,0,0,5,99,0,0,5,99,California
Madera,2020-12-20,14,113,14,113,0,0,0,0,14,113,0,0,14,113,California
Madera,2020-12-21,60,173,60,173,0,0,0,0,60,173,0,0,60,173,California
Madera,2020-12-22,95,268,93,266,2,2,0,0,95,268,0,0,95,268,California
Madera,2020-12-23,68,336,68,334,0,2,0,0,68,336,0,0,68,336,California
Madera,2020-12-24,43,379,38,372,5,7,0,0,43,379,0,0,43,379,California
Madera,2020-12-26,27,406,26,398,1,8,0,0,27,406,0,0,27,406,California
Madera,2020-12-27,29,435,12,410,17,25,0,0,29,435,0,0,29,435,California
Madera,2020-12-28,107,542,36,446,71,96,0,0,107,542,0,0,107,542,California
Madera,2020-12-29,173,715,37,483,136,232,0,0,173,715,0,0,173,715,California
Madera,2020-12-30,223,938,87,570,136,368,0,0,223,938,0,0,223,938,California
Madera,2020-12-31,201,1139,80,650,121,489,0,0,201,1139,0,0,201,1139,California
Madera,2021-01-01,1,1140,1,651,0,489,0,0,1,1140,0,0,1,1140,California
Madera,2021-01-02,88,1228,33,684,55,544,0,0,88,1228,0,0,88,1228,California
Madera,2021-01-03,4,1232,4,688,0,544,0,0,4,1232,0,0,4,1232,California
Madera,2021-01-04,129,1361,65,753,64,608,0,0,129,1361,0,0,129,1361,California
Madera,2021-01-05,280,1641,143,896,137,745,0,0,276,1633,4,4,276,1637,California
Madera,2021-01-06,183,1824,26,922,157,902,0,0,164,1778,19,23,164,1801,California
Madera,2021-01-07,399,2223,116,1038,283,1185,0,0,376,2132,23,46,377,2178,California
Madera,2021-01-08,420,2643,72,1110,348,1533,0,0,365,2444,54,100,366,2544,California
Madera,2021-01-09,36,2679,14,1124,22,1555,0,0,27,2462,9,109,27,2571,California
Madera,2021-01-10,17,2696,14,1138,3,1558,0,0,5,2455,12,121,5,2576,California
Madera,2021-01-11,239,2935,191,1329,48,1606,0,0,198,2612,41,162,198,2774,California
Madera,2021-01-12,390,3325,159,1488,231,1837,0,0,285,2792,105,267,285,3059,California
Madera,2021-01-13,182,3507,90,1578,92,1929,0,0,127,2865,55,322,128,3187,California
Madera,2021-01-14,551,4058,79,1657,472,2401,0,0,519,3352,32,354,519,3706,California
Madera,2021-01-15,597,4655,158,1815,439,2840,0,0,576,3907,21,375,576,4282,California
Madera,2021-01-16,384,5039,48,1863,336,3176,0,0,356,4235,28,403,356,4638,California
Madera,2021-01-17,337,5376,15,1878,322,3498,0,0,333,4564,4,407,333,4971,California
Madera,2021-01-18,78,5454,62,1940,16,3514,0,0,59,4605,18,425,59,5030,California
Madera,2021-01-19,573,6027,136,2076,437,3951,0,0,546,5125,27,452,547,5577,California
Madera,2021-01-20,236,6263,80,2156,156,4107,0,0,208,5306,27,479,208,5785,California
Madera,2021-01-21,237,6500,128,2284,109,4216,0,0,203,5477,32,511,203,5988,California
Madera,2021-01-22,256,6756,81,2365,175,4391,0,0,241,5703,15,526,241,6229,California
Madera,2021-01-23,101,6857,53,2418,48,4439,0,0,77,5756,24,550,77,6306,California
Madera,2021-01-24,99,6956,81,2499,18,4457,0,0,78,5813,21,571,78,6384,California
Madera,2021-01-25,269,7225,126,2625,143,4600,0,0,147,5838,122,693,147,6531,California
Madera,2021-01-26,490,7715,189,2814,301,4901,0,0,299,5948,190,883,300,6831,California
Madera,2021-01-27,741,8456,63,2877,678,5579,0,0,604,6417,137,1020,606,7437,California
Madera,2021-01-28,546,9002,108,2985,438,6017,0,0,441,6754,105,1125,442,7879,California
Madera,2021-01-29,467,9469,94,3079,373,6390,0,0,412,7111,55,1180,412,8291,California
Madera,2021-01-30,504,9973,16,3095,488,6878,0,0,451,7509,53,1233,451,8742,California
Madera,2021-01-31,9,9982,6,3101,3,6881,0,0,8,7516,1,1234,8,8750,California
Madera,2021-02-01,332,10314,147,3248,185,7066,0,0,206,7596,126,1360,206,8956,California
Madera,2021-02-02,256,10570,88,3336,168,7234,0,0,162,7666,93,1453,163,9119,California
Madera,2021-02-03,597,11167,462,3798,135,7369,0,0,477,8026,118,1571,478,9597,California
Madera,2021-02-04,393,11560,126,3924,267,7636,0,0,115,7865,277,1848,116,9713,California
Madera,2021-02-05,976,12536,298,4222,678,8314,0,0,371,7638,599,2447,372,10085,California
Madera,2021-02-06,363,12899,329,4551,34,8348,0,0,323,7922,39,2486,323,10408,California
Madera,2021-02-07,34,12933,6,4557,28,8376,0,0,29,7946,5,2491,29,10437,California
Madera,2021-02-08,387,13320,311,4868,76,8452,0,0,270,8100,116,2607,270,10707,California
Madera,2021-02-09,479,13799,118,4986,361,8813,0,0,198,8021,278,2885,199,10906,California
Madera,2021-02-10,436,14235,148,5134,288,9101,0,0,332,8249,104,2989,332,11238,California
Madera,2021-02-11,937,15172,308,5442,629,9730,0,0,406,8126,530,3519,407,11645,California
Madera,2021-02-12,839,16011,117,5559,722,10452,0,0,311,7918,522,4041,314,11959,California
Madera,2021-02-13,485,16496,44,5603,441,10893,0,0,137,7711,347,4388,140,12099,California
Madera,2021-02-14,400,16896,74,5677,326,11219,0,0,135,7582,265,4653,136,12235,California
Madera,2021-02-15,246,17142,100,5777,146,11365,0,0,175,7687,70,4723,175,12410,California
Madera,2021-02-16,780,17922,182,5959,598,11963,0,0,231,7372,547,5270,232,12642,California
Madera,2021-02-17,613,18535,276,6235,337,12300,0,0,341,7450,265,5535,343,12985,California
Madera,2021-02-18,1301,19836,537,6772,764,13064,0,0,1122,8395,178,5713,1123,14108,California
Madera,2021-02-19,859,20695,542,7314,317,13381,0,0,717,8971,142,5855,718,14826,California
Madera,2021-02-20,1076,21771,985,8299,91,13472,0,0,1003,9903,72,5927,1004,15830,California
Madera,2021-02-21,962,22733,819,9118,143,13615,0,0,957,10855,5,5932,957,16787,California
Madera,2021-02-22,915,23648,837,9955,78,13693,0,0,858,11656,57,5989,858,17645,California
Madera,2021-02-23,773,24421,500,10455,273,13966,0,0,545,11976,225,6214,545,18190,California
Madera,2021-02-24,915,25336,302,10757,613,14579,0,0,383,11828,531,6745,383,18573,California
Madera,2021-02-25,1035,26371,317,11074,718,15297,0,0,599,11993,434,7179,599,19172,California
Madera,2021-02-26,1082,27453,198,11272,884,16181,0,0,701,12315,379,7558,701,19873,California
Madera,2021-02-27,900,28353,265,11537,635,16816,0,0,474,12369,423,7981,477,20350,California
Madera,2021-02-28,194,28547,29,11566,165,16981,0,0,189,12553,5,7986,189,20539,California
Madera,2021-03-01,380,28927,121,11687,259,17240,0,0,197,12569,181,8167,197,20736,California
Madera,2021-03-02,752,29679,349,12036,403,17643,0,0,638,13096,113,8280,640,21376,California
Madera,2021-03-03,1352,31031,724,12760,628,18271,0,0,945,13663,404,8684,971,22347,California
Madera,2021-03-04,1206,32237,529,13289,677,18948,0,0,953,14365,254,8938,956,23303,California
Madera,2021-03-05,1365,33602,421,13710,931,19879,13,13,1085,15196,278,9216,1109,24412,California
Madera,2021-03-06,823,34425,640,14350,151,20030,32,45,503,15413,319,9535,536,24948,California
Madera,2021-03-07,154,34579,27,14377,105,20135,22,67,105,15491,49,9584,127,25075,California
Madera,2021-03-08,605,35184,337,14714,209,20344,59,126,310,15567,295,9879,371,25446,California
Madera,2021-03-09,600,35784,296,15010,270,20614,34,160,410,15831,188,10067,452,25898,California
Madera,2021-03-10,1193,36977,560,15570,554,21168,79,239,758,16239,430,10497,838,26736,California
Madera,2021-03-11,1685,38662,865,16435,491,21659,329,568,770,16436,913,11410,1110,27846,California
Madera,2021-03-12,1577,40239,814,17249,609,22268,154,722,798,16640,777,12187,981,28827,California
Madera,2021-03-13,1881,42120,1330,18579,355,22623,196,918,813,16600,1065,13252,1025,29852,California
Madera,2021-03-14,587,42707,450,19029,104,22727,33,951,295,16639,289,13541,328,30180,California
Madera,2021-03-15,743,43450,228,19257,469,23196,46,997,517,17007,223,13764,591,30771,California
Madera,2021-03-16,933,44383,527,19784,359,23555,47,1044,742,17625,188,13952,806,31577,California
Madera,2021-03-17,1468,45851,982,20766,423,23978,63,1107,912,18141,547,14499,1063,32640,California
Madera,2021-03-18,1955,47806,683,21449,1207,25185,65,1172,977,18293,973,15472,1125,33765,California
Madera,2021-03-19,1587,49393,588,22037,919,26104,80,1252,1046,18949,537,16009,1193,34958,California
Madera,2021-03-20,1189,50582,777,22814,359,26463,53,1305,622,19106,565,16574,722,35680,California
Madera,2021-03-21,1105,51687,903,23717,157,26620,45,1350,383,18816,719,17293,429,36109,California
Madera,2021-03-22,1364,53051,857,24574,441,27061,66,1416,691,18945,670,17963,799,36908,California
Madera,2021-03-23,1419,54470,864,25438,467,27528,88,1504,677,19053,740,18703,848,37756,California
Madera,2021-03-24,955,55425,514,25952,409,27937,32,1536,618,19373,334,19037,654,38410,California
Madera,2021-03-25,1173,56598,532,26484,617,28554,24,1560,647,19541,516,19553,684,39094,California
Madera,2021-03-26,1514,58112,578,27062,802,29356,134,1694,712,19592,798,20351,849,39943,California
Madera,2021-03-27,926,59038,602,27664,301,29657,23,1717,415,19524,507,20858,439,40382,California
Madera,2021-03-28,440,59478,151,27815,228,29885,61,1778,245,19690,194,21052,360,40742,California
Madera,2021-03-29,695,60173,183,27998,482,30367,30,1808,499,20031,192,21244,533,41275,California
Madera,2021-03-30,1075,61248,605,28603,439,30806,31,1839,481,19953,591,21835,513,41788,California
Madera,2021-03-31,1390,62638,545,29148,716,31522,129,1968,429,19558,955,22790,560,42348,California
Madera,2021-04-01,1378,64016,621,29769,706,32228,51,2019,482,19203,887,23677,532,42880,California
Madera,2021-04-02,1607,65623,459,30228,1089,33317,59,2078,479,18625,1117,24794,539,43419,California
Madera,2021-04-03,960,66583,762,30990,179,33496,19,2097,393,18482,565,25359,422,43841,California
Madera,2021-04-04,187,66770,65,31055,120,33616,2,2099,87,18471,100,25459,89,43930,California
Madera,2021-04-05,741,67511,257,31312,425,34041,59,2158,342,18488,398,25857,415,44345,California
Madera,2021-04-06,1712,69223,892,32204,467,34508,353,2511,536,18203,1174,27031,889,45234,California
Madera,2021-04-07,1222,70445,378,32582,696,35204,148,2659,425,17987,794,27825,578,45812,California
Madera,2021-04-08,1731,72176,668,33250,802,36006,261,2920,559,17648,1165,28990,826,46638,California
Madera,2021-04-09,1634,73810,687,33937,799,36805,148,3068,943,18056,686,29676,1094,47732,California
Madera,2021-04-10,970,74780,683,34620,219,37024,68,3136,709,18572,262,29938,778,48510,California
Madera,2021-04-11,810,75590,656,35276,75,37099,79,3215,287,18416,520,30458,364,48874,California
Madera,2021-04-12,777,76367,267,35543,435,37534,75,3290,299,18313,478,30936,375,49249,California
Madera,2021-04-13,1236,77603,608,36151,586,38120,42,3332,719,18568,515,31451,770,50019,California
Madera,2021-04-14,1384,78987,855,37006,529,38649,0,3332,567,18324,817,32268,573,50592,California
Madera,2021-04-15,1159,80146,499,37505,659,39308,1,3333,419,18017,728,32996,421,51013,California
Madera,2021-04-16,1312,81458,532,38037,780,40088,0,3333,361,17440,939,33935,362,51375,California
Madera,2021-04-17,1276,82734,1073,39110,203,40291,0,3333,760,17685,515,34450,760,52135,California
Madera,2021-04-18,245,82979,206,39316,39,40330,0,3333,87,17616,156,34606,87,52222,California
Madera,2021-04-19,808,83787,239,39555,568,40898,1,3334,278,17370,524,35130,278,52500,California
Madera,2021-04-20,871,84658,426,39981,445,41343,0,3334,216,16936,652,35782,218,52718,California
Madera,2021-04-21,859,85517,454,40435,405,41748,0,3334,290,16659,569,36351,292,53010,California
Madera,2021-04-22,1061,86578,511,40946,550,42298,0,3334,370,16343,687,37038,371,53381,California
Madera,2021-04-23,963,87541,307,41253,656,42954,0,3334,334,16053,624,37662,334,53715,California
Madera,2021-04-24,707,88248,466,41719,241,43195,0,3334,248,15847,455,38117,249,53964,California
Madera,2021-04-25,267,88515,160,41879,104,43299,3,3337,118,15824,145,38262,122,54086,California
Madera,2021-04-26,529,89044,100,41979,423,43722,6,3343,116,15536,410,38672,122,54208,California
Madera,2021-04-27,594,89638,274,42253,297,44019,23,3366,309,15585,284,38956,333,54541,California
Madera,2021-04-28,495,90133,197,42450,279,44298,19,3385,243,15596,250,39206,261,54802,California
Madera,2021-04-29,550,90683,244,42694,278,44576,28,3413,258,15597,285,39491,286,55088,California
Madera,2021-04-30,933,91616,505,43199,412,44988,16,3429,264,15214,663,40154,280,55368,California
Madera,2021-05-01,961,92577,867,44066,81,45069,13,3442,385,15037,575,40729,398,55766,California
Madera,2021-05-02,398,92975,351,44417,43,45112,4,3446,145,14933,253,40982,149,55915,California
Madera,2021-05-03,498,93473,197,44614,261,45373,40,3486,100,14678,395,41377,140,56055,California
Madera,2021-05-04,884,94357,433,45047,411,45784,40,3526,213,14260,671,42048,253,56308,California
Madera,2021-05-05,998,95355,477,45524,461,46245,60,3586,271,13866,725,42773,331,56639,California
Madera,2021-05-06,697,96052,247,45771,419,46664,31,3617,153,13511,539,43312,184,56823,California
Madera,2021-05-07,806,96858,277,46048,508,47172,21,3638,195,13121,605,43917,215,57038,California
Madera,2021-05-08,969,97827,757,46805,201,47373,11,3649,185,12534,783,44700,196,57234,California
Madera,2021-05-09,146,97973,20,46825,115,47488,11,3660,35,12470,110,44810,46,57280,California
Madera,2021-05-10,343,98316,73,46898,258,47746,12,3672,99,12338,243,45053,111,57391,California
Madera,2021-05-11,527,98843,177,47075,342,48088,8,3680,172,12165,353,45406,180,57571,California
Madera,2021-05-12,492,99335,222,47297,234,48322,36,3716,119,11949,371,45777,155,57726,California
Madera,2021-05-13,477,99812,287,47584,158,48480,32,3748,155,11816,320,46097,187,57913,California
Madera,2021-05-14,525,100337,264,47848,238,48718,23,3771,233,11783,289,46386,256,58169,California
Madera,2021-05-15,561,100898,476,48324,77,48795,8,3779,363,11958,196,46582,371,58540,California
Madera,2021-05-16,255,101153,186,48510,37,48832,32,3811,104,11943,151,46733,136,58676,California
Madera,2021-05-17,453,101606,188,48698,236,49068,29,3840,208,11938,242,46975,237,58913,California
Madera,2021-05-18,545,102151,364,49062,158,49226,23,3863,287,11994,254,47229,310,59223,California
Madera,2021-05-19,486,102637,225,49287,239,49465,22,3885,215,11961,270,47499,237,59460,California
Madera,2021-05-20,542,103179,243,49530,261,49726,38,3923,202,11867,334,47833,240,59700,California
Madera,2021-05-21,458,103637,168,49698,263,49989,27,3950,167,11775,286,48119,194,59894,California
Madera,2021-05-22,876,104513,802,50500,62,50051,12,3962,522,11956,353,48472,534,60428,California
Madera,2021-05-23,244,104757,228,50728,6,50057,10,3972,129,11981,114,48586,139,60567,California
Madera,2021-05-24,289,105046,135,50863,113,50170,41,4013,118,11970,170,48756,159,60726,California
Madera,2021-05-25,371,105417,167,51030,175,50345,29,4042,149,11928,220,48976,178,60904,California
Madera,2021-05-26,426,105843,257,51287,148,50493,21,4063,234,11993,190,49166,255,61159,California
Madera,2021-05-27,373,106216,136,51423,199,50692,38,4101,131,11924,238,49404,169,61328,California
Madera,2021-05-28,447,106663,174,51597,246,50938,27,4128,180,11866,265,49669,207,61535,California
Madera,2021-05-29,305,106968,215,51812,73,51011,17,4145,168,11914,137,49806,185,61720,California
Madera,2021-05-30,62,107030,27,51839,31,51042,4,4149,29,11915,32,49838,33,61753,California
Madera,2021-05-31,26,107056,9,51848,13,51055,4,4153,12,11917,14,49852,16,61769,California
Madera,2021-06-01,287,107343,144,51992,120,51175,23,4176,108,11870,178,50030,131,61900,California
Madera,2021-06-02,381,107724,125,52117,233,51408,23,4199,117,11747,263,50293,140,62040,California
Madera,2021-06-03,271,107995,147,52264,110,51518,14,4213,98,11686,173,50466,112,62152,California
Madera,2021-06-04,328,108323,207,52471,110,51628,11,4224,123,11615,205,50671,134,62286,California
Madera,2021-06-05,363,108686,300,52771,52,51680,11,4235,83,11433,276,50947,94,62380,California
Marin,2020-12-15,2,2,2,2,0,0,0,0,2,2,0,0,2,2,California
Marin,2020-12-16,109,111,109,111,0,0,0,0,109,111,0,0,109,111,California
Marin,2020-12-17,272,383,272,383,0,0,0,0,272,383,0,0,272,383,California
Marin,2020-12-18,386,769,386,769,0,0,0,0,386,769,0,0,386,769,California
Marin,2020-12-19,348,1117,347,1116,1,1,0,0,348,1117,0,0,348,1117,California
Marin,2020-12-20,165,1282,164,1280,1,2,0,0,165,1282,0,0,165,1282,California
Marin,2020-12-21,238,1520,235,1515,3,5,0,0,238,1520,0,0,238,1520,California
Marin,2020-12-22,521,2041,317,1832,204,209,0,0,521,2041,0,0,521,2041,California
Marin,2020-12-23,734,2775,322,2154,412,621,0,0,734,2775,0,0,734,2775,California
Marin,2020-12-24,357,3132,159,2313,198,819,0,0,357,3132,0,0,357,3132,California
Marin,2020-12-25,26,3158,0,2313,26,845,0,0,26,3158,0,0,26,3158,California
Marin,2020-12-26,143,3301,94,2407,49,894,0,0,143,3301,0,0,143,3301,California
Marin,2020-12-27,90,3391,54,2461,36,930,0,0,90,3391,0,0,90,3391,California
Marin,2020-12-28,408,3799,99,2560,309,1239,0,0,408,3799,0,0,408,3799,California
Marin,2020-12-29,402,4201,87,2647,315,1554,0,0,402,4201,0,0,402,4201,California
Marin,2020-12-30,627,4828,387,3034,240,1794,0,0,627,4828,0,0,627,4828,California
Marin,2020-12-31,199,5027,34,3068,165,1959,0,0,199,5027,0,0,199,5027,California
Marin,2021-01-01,22,5049,11,3079,11,1970,0,0,22,5049,0,0,22,5049,California
Marin,2021-01-02,113,5162,107,3186,6,1976,0,0,113,5162,0,0,113,5162,California
Marin,2021-01-03,49,5211,31,3217,18,1994,0,0,45,5207,0,0,45,5207,California
Marin,2021-01-04,295,5506,192,3409,103,2097,0,0,294,5500,1,1,294,5501,California
Marin,2021-01-05,366,5872,219,3628,147,2244,0,0,323,5780,43,44,323,5824,California
Marin,2021-01-06,813,6685,316,3944,497,2741,0,0,633,6233,180,224,633,6457,California
Marin,2021-01-07,885,7570,499,4443,386,3127,0,0,528,6404,357,581,528,6985,California
Marin,2021-01-08,964,8534,510,4953,454,3581,0,0,581,6603,382,963,581,7566,California
Marin,2021-01-09,622,9156,223,5176,399,3980,0,0,490,6961,132,1095,490,8056,California
Marin,2021-01-10,129,9285,100,5276,29,4009,0,0,55,6942,74,1169,55,8111,California
Marin,2021-01-11,466,9751,324,5600,142,4151,0,0,246,6970,220,1389,248,8359,California
Marin,2021-01-12,939,10690,544,6144,395,4546,0,0,569,7172,367,1756,569,8928,California
Marin,2021-01-13,1177,11867,496,6640,681,5227,0,0,940,7875,237,1993,940,9868,California
Marin,2021-01-14,1068,12935,316,6956,752,5979,0,0,917,8643,149,2142,917,10785,California
Marin,2021-01-15,1153,14088,350,7306,803,6782,0,0,1023,9539,129,2271,1025,11810,California
Marin,2021-01-16,1122,15210,915,8221,207,6989,0,0,1047,10511,75,2346,1047,12857,California
Marin,2021-01-17,1231,16441,1112,9333,119,7108,0,0,1202,11688,28,2374,1205,14062,California
Marin,2021-01-18,362,16803,160,9493,202,7310,0,0,311,11948,51,2425,311,14373,California
Marin,2021-01-19,1151,17954,910,10403,241,7551,0,0,981,12760,169,2594,981,15354,California
Marin,2021-01-20,1792,19746,1208,11611,584,8135,0,0,1063,13106,718,3312,1064,16418,California
Marin,2021-01-21,1679,21425,1062,12673,617,8752,0,0,1325,14082,351,3663,1327,17745,California
Marin,2021-01-22,1707,23132,1093,13766,614,9366,0,0,1535,15446,172,3835,1536,19281,California
Marin,2021-01-23,1843,24975,1344,15110,499,9865,0,0,1756,17115,87,3922,1756,21037,California
Marin,2021-01-24,615,25590,166,15276,449,10314,0,0,583,17666,32,3954,583,21620,California
Marin,2021-01-25,1126,26716,231,15507,895,11209,0,0,690,17921,436,4390,691,22311,California
Marin,2021-01-26,1521,28237,783,16290,738,11947,0,0,1137,18675,383,4773,1137,23448,California
Marin,2021-01-27,1727,29964,887,17177,840,12787,0,0,1363,19677,362,5135,1364,24812,California
Marin,2021-01-28,2083,32047,1069,18246,1014,13801,0,0,1820,21236,262,5397,1821,26633,California
Marin,2021-01-29,2199,34246,1436,19682,763,14564,0,0,2002,23054,185,5582,2003,28636,California
Marin,2021-01-30,1724,35970,909,20591,815,15379,0,0,1645,24621,79,5661,1646,30282,California
Marin,2021-01-31,459,36429,322,20913,137,15516,0,0,433,25028,26,5687,433,30715,California
Marin,2021-02-01,1093,37522,415,21328,678,16194,0,0,894,25725,198,5885,895,31610,California
Marin,2021-02-02,1413,38935,494,21822,919,17113,0,0,752,25827,650,6535,752,32362,California
Marin,2021-02-03,1780,40715,424,22246,1356,18469,0,0,1278,26604,501,7036,1278,33640,California
Marin,2021-02-04,1522,42237,499,22745,1023,19492,0,0,927,26939,592,7628,927,34567,California
Marin,2021-02-05,2166,44403,675,23420,1491,20983,0,0,1331,27439,831,8459,1331,35898,California
Marin,2021-02-06,1427,45830,848,24268,579,21562,0,0,603,27219,823,9282,603,36501,California
Marin,2021-02-07,1289,47119,1006,25274,283,21845,0,0,489,26909,799,10081,489,36990,California
Marin,2021-02-08,1533,48652,756,26030,777,22622,0,0,732,26842,799,10880,732,37722,California
Marin,2021-02-09,1783,50435,1124,27154,659,23281,0,0,836,26731,947,11827,836,38558,California
Marin,2021-02-10,2336,52771,1487,28641,849,24130,0,0,1214,26826,1120,12947,1215,39773,California
Marin,2021-02-11,2871,55642,1643,30284,1228,25358,0,0,1447,26857,1419,14366,1450,41223,California
Marin,2021-02-12,3057,58699,1536,31820,1521,26879,0,0,1555,26914,1499,15865,1556,42779,California
Marin,2021-02-13,2333,61032,1242,33062,1091,27970,0,0,1127,26837,1204,17069,1127,43906,California
Marin,2021-02-14,813,61845,301,33363,512,28482,0,0,719,27463,94,17163,720,44626,California
Marin,2021-02-15,1218,63063,355,33718,863,29345,0,0,839,27925,378,17541,840,45466,California
Marin,2021-02-16,2469,65532,1054,34772,1415,30760,0,0,1503,28463,965,18506,1503,46969,California
Marin,2021-02-17,2100,67632,942,35714,1158,31918,0,0,1084,28534,1014,19520,1085,48054,California
Marin,2021-02-18,2416,70048,1585,37299,831,32749,0,0,1058,28236,1356,20876,1058,49112,California
Marin,2021-02-19,2781,72829,2170,39469,611,33360,0,0,1234,27937,1534,22410,1235,50347,California
Marin,2021-02-20,2622,75451,2154,41623,468,33828,0,0,1254,27832,1360,23770,1255,51602,California
Marin,2021-02-21,1329,76780,1128,42751,201,34029,0,0,944,28395,381,24151,944,52546,California
Marin,2021-02-22,1858,78638,1425,44176,433,34462,0,0,1231,29001,625,24776,1231,53777,California
Marin,2021-02-23,2909,81547,1677,45853,1232,35694,0,0,1951,30008,945,25721,1952,55729,California
Marin,2021-02-24,3537,85084,1633,47486,1904,37598,0,0,2260,30999,1270,26991,2261,57990,California
Marin,2021-02-25,4091,89175,1929,49415,2162,39760,0,0,2892,32703,1190,28181,2894,60884,California
Marin,2021-02-26,3674,92849,2004,51419,1670,41430,0,0,2648,34338,1014,29195,2649,63533,California
Marin,2021-02-27,2743,95592,1614,53033,1129,42559,0,0,1900,35400,840,30035,1902,65435,California
Marin,2021-02-28,1644,97236,924,53957,720,43279,0,0,1298,36355,343,30378,1298,66733,California
Marin,2021-03-01,2686,99922,1666,55623,1019,44298,1,1,1809,37297,868,31246,1810,68543,California
Marin,2021-03-02,2529,102451,1688,57311,840,45138,1,2,1735,38243,790,32036,1736,70279,California
Marin,2021-03-03,4341,106792,2411,59722,1926,47064,4,6,2808,39528,1527,33563,2812,73091,California
Marin,2021-03-04,3395,110187,1665,61387,1729,48793,1,7,2373,40889,1015,34578,2376,75467,California
Marin,2021-03-05,3069,113256,1173,62560,1884,50677,12,19,1799,41435,1265,35843,1811,77278,California
Marin,2021-03-06,3238,116494,2325,64885,835,51512,78,97,2664,43607,569,36412,2741,80019,California
Marin,2021-03-07,1393,117887,1174,66059,195,51707,24,121,1001,44245,387,36799,1025,81044,California
Marin,2021-03-08,1889,119776,1387,67446,385,52092,117,238,1413,45302,473,37272,1530,82574,California
Marin,2021-03-09,2220,121996,1337,68783,774,52866,109,347,1542,46277,675,37947,1650,84224,California
Marin,2021-03-10,4459,126455,2506,71289,1659,54525,294,641,3216,48551,1238,39185,3512,87736,California
Marin,2021-03-11,4584,131039,1877,73166,2572,57097,135,776,3293,50695,1284,40469,3428,91164,California
Marin,2021-03-12,3977,135016,1544,74710,2082,59179,351,1127,1561,50202,2405,42874,1912,93076,California
Marin,2021-03-13,4100,139116,2867,77577,1161,60340,72,1199,2384,50939,1714,44588,2451,95527,California
Marin,2021-03-14,2283,141399,1102,78679,1063,61403,118,1317,696,50167,1585,46173,813,96340,California
Marin,2021-03-15,3250,144649,1779,80458,1423,62826,48,1365,1212,49400,2026,48199,1259,97599,California
Marin,2021-03-16,4304,148953,2320,82778,1618,64444,366,1731,1463,48390,2837,51036,1827,99426,California
Marin,2021-03-17,4210,153163,2279,85057,1880,66324,51,1782,2055,48352,2143,53179,2105,101531,California
Marin,2021-03-18,4489,157652,2263,87320,2151,68475,75,1857,2134,48220,2338,55517,2206,103737,California
Marin,2021-03-19,4475,162127,2289,89609,1966,70441,220,2077,2326,48624,2139,57656,2543,106280,California
Marin,2021-03-20,3602,165729,1996,91605,1491,71932,115,2192,1932,49011,1661,59317,2048,108328,California
Marin,2021-03-21,1539,167268,1138,92743,378,72310,23,2215,796,49090,740,60057,819,109147,California
Marin,2021-03-22,2481,169749,2138,94881,175,72485,168,2383,896,48575,1579,61636,1064,110211,California
Marin,2021-03-23,4246,173995,2202,97083,1916,74401,128,2511,1863,48190,2376,64012,1991,112202,California
Marin,2021-03-24,4442,178437,2898,99981,1438,75839,106,2617,1806,47477,2623,66635,1910,114112,California
Marin,2021-03-25,4652,183089,2845,102826,1739,77578,68,2685,2249,47403,2389,69024,2315,116427,California
Marin,2021-03-26,4308,187397,2346,105172,1749,79327,213,2898,2399,48122,1893,70917,2612,119039,California
Marin,2021-03-27,3711,191108,2667,107839,1025,80352,19,2917,1139,46717,2562,73479,1157,120196,California
Marin,2021-03-28,2389,193497,1728,109567,655,81007,6,2923,839,46019,1543,75022,845,121041,California
Marin,2021-03-29,2689,196186,2092,111659,571,81578,26,2949,1136,45631,1550,76572,1162,122203,California
Marin,2021-03-30,4668,200854,3649,115308,985,82563,34,2983,2952,46904,1713,78285,2986,125189,California
Marin,2021-03-31,5836,206690,4132,119440,1655,84218,49,3032,2549,46227,3275,81560,2598,127787,California
Marin,2021-04-01,4453,211143,2286,121726,1912,86130,255,3287,2111,46261,2331,83891,2365,130152,California
Marin,2021-04-02,3728,214871,1856,123582,1501,87631,371,3658,1988,46880,1732,85623,2351,132503,California
Marin,2021-04-03,3863,218734,2515,126097,971,88602,377,4035,1463,46332,2388,88011,1840,134343,California
Marin,2021-04-04,1645,220379,1240,127337,204,88806,201,4236,1200,47290,443,88454,1401,135744,California
Marin,2021-04-05,2207,222586,1531,128868,300,89106,376,4612,1264,47991,937,89391,1638,137382,California
Marin,2021-04-06,3965,226551,2109,130977,1304,90410,552,5164,2205,48991,1754,91145,2754,140136,California
Marin,2021-04-07,3961,230512,2000,132977,1319,91729,642,5806,1450,48580,2503,93648,2092,142228,California
Marin,2021-04-08,5054,235566,1975,134952,2469,94198,610,6416,2302,48742,2740,96388,2902,145130,California
Marin,2021-04-09,3992,239558,1556,136508,1705,95903,731,7147,1316,48115,2671,99059,2044,147174,California
Marin,2021-04-10,3214,242772,1483,137991,1298,97201,433,7580,1446,48237,1753,100812,1875,149049,California
Marin,2021-04-11,1059,243831,806,138797,92,97293,161,7741,474,48288,583,101395,634,149683,California
Marin,2021-04-12,1729,245560,1233,140030,338,97631,158,7899,916,48554,809,102204,1075,150758,California
Marin,2021-04-13,3730,249290,2284,142314,1439,99070,7,7906,1359,47562,2360,104564,1368,152126,California
Marin,2021-04-14,4200,253490,2514,144828,1683,100753,3,7909,1707,46804,2468,107032,1710,153836,California
Marin,2021-04-15,5583,259073,3955,148783,1628,102381,0,7909,3202,47639,2368,109400,3203,157039,California
Marin,2021-04-16,4257,263330,2237,151020,2017,104398,3,7912,2072,47545,2170,111570,2076,159115,California
Marin,2021-04-17,3532,266862,2157,153177,1375,105773,0,7912,1763,47544,1764,113334,1763,160878,California
Marin,2021-04-18,3168,270030,3070,156247,98,105871,0,7912,2535,49449,630,113964,2535,163413,California
Marin,2021-04-19,2036,272066,1867,158114,169,106040,0,7912,1153,49726,878,114842,1155,164568,California
Marin,2021-04-20,3683,275749,2545,160659,1138,107178,0,7912,1463,48977,2213,117055,1464,166032,California
Marin,2021-04-21,4001,279750,2935,163594,1063,108241,3,7915,1351,47695,2634,119689,1352,167384,California
Marin,2021-04-22,4220,283970,3221,166815,999,109240,0,7915,1488,46464,2722,122411,1491,168875,California
Marin,2021-04-23,3212,287182,1806,168621,1406,110646,0,7915,1225,45712,1978,124389,1226,170101,California
Marin,2021-04-24,2505,289687,1673,170294,832,111478,0,7915,913,45045,1580,125969,913,171014,California
Marin,2021-04-25,1379,291066,1263,171557,116,111594,0,7915,304,44282,1067,127036,304,171318,California
Marin,2021-04-26,1565,292631,1362,172919,200,111794,3,7918,362,43449,1199,128235,366,171684,California
Marin,2021-04-27,3003,295634,2185,175104,774,112568,44,7962,966,42427,2028,130263,1006,172690,California
Marin,2021-04-28,2302,297936,1584,176688,668,113236,50,8012,729,41634,1570,131833,777,173467,California
Marin,2021-04-29,2895,300831,1984,178672,849,114085,62,8074,800,40412,2084,133917,862,174329,California
Marin,2021-04-30,1951,302782,1274,179946,589,114674,88,8162,697,39951,1246,135163,785,175114,California
Marin,2021-05-01,1827,304609,1017,180963,787,115461,23,8185,538,39230,1281,136444,560,175674,California
Marin,2021-05-02,725,305334,587,181550,109,115570,29,8214,201,38941,518,136962,229,175903,California
Marin,2021-05-03,1211,306545,987,182537,167,115737,57,8271,260,38309,948,137910,316,176219,California
Marin,2021-05-04,2925,309470,1966,184503,868,116605,91,8362,470,36423,2447,140357,561,176780,California
Marin,2021-05-05,2721,312191,1997,186500,602,117207,122,8484,441,34712,2274,142631,563,177343,California
Marin,2021-05-06,3262,315453,2535,189035,639,117846,88,8572,425,32394,2829,145460,511,177854,California
Marin,2021-05-07,2031,317484,1543,190578,403,118249,85,8657,376,31204,1648,147108,458,178312,California
Marin,2021-05-08,2473,319957,1866,192444,485,118734,122,8779,342,29545,2123,149231,464,178776,California
Marin,2021-05-09,983,320940,898,193342,65,118799,20,8799,118,28822,862,150093,139,178915,California
Marin,2021-05-10,1407,322347,1151,194493,186,118985,70,8869,199,27887,1203,151296,268,179183,California
Marin,2021-05-11,2281,324628,1831,196324,397,119382,53,8922,292,26244,1987,153283,344,179527,California
Marin,2021-05-12,1389,326017,1029,197353,293,119675,67,8989,278,25481,1107,154390,344,179871,California
Marin,2021-05-13,2497,328514,2164,199517,279,119954,54,9043,1344,25732,1146,155536,1397,181268,California
Marin,2021-05-14,2200,330714,1451,200968,650,120604,99,9142,880,25397,1314,156850,979,182247,California
Marin,2021-05-15,2718,333432,2253,203221,385,120989,80,9222,1648,26056,1069,157919,1728,183975,California
Marin,2021-05-16,1640,335072,1586,204807,49,121038,5,9227,1327,27077,310,158229,1331,185306,California
Marin,2021-05-17,2124,337196,1978,206785,103,121141,43,9270,1708,28419,409,158638,1751,187057,California
Marin,2021-05-18,1524,338720,1183,207968,286,121427,55,9325,806,28567,712,159350,860,187917,California
Marin,2021-05-19,1533,340253,1235,209203,228,121655,70,9395,773,28655,754,160104,842,188759,California
Marin,2021-05-20,1693,341946,1406,210609,201,121856,86,9481,691,28438,994,161098,777,189536,California
Marin,2021-05-21,1341,343287,762,211371,530,122386,49,9530,373,27898,963,162061,423,189959,California
Marin,2021-05-22,1334,344621,1017,212388,261,122647,56,9586,916,28455,415,162476,972,190931,California
Marin,2021-05-23,415,345036,382,212770,24,122671,9,9595,193,28437,220,162696,202,191133,California
Marin,2021-05-24,643,345679,492,213262,110,122781,41,9636,357,28551,283,162979,397,191530,California
Marin,2021-05-25,991,346670,622,213884,324,123105,45,9681,315,28240,668,163647,357,191887,California
Marin,2021-05-26,707,347377,485,214369,176,123281,46,9727,259,28101,444,164091,305,192192,California
Marin,2021-05-27,1032,348409,664,215033,289,123570,79,9806,346,27842,684,164775,425,192617,California
Marin,2021-05-28,1095,349504,714,215747,302,123872,79,9885,321,27470,770,165545,398,193015,California
Marin,2021-05-29,373,349877,216,215963,147,124019,10,9895,214,27535,159,165704,224,193239,California
Marin,2021-05-30,100,349977,59,216022,36,124055,5,9900,58,27557,41,165745,63,193302,California
Marin,2021-05-31,27,350004,13,216035,13,124068,1,9901,14,27559,13,165758,15,193317,California
Marin,2021-06-01,752,350756,550,216585,159,124227,43,9944,329,27509,421,166179,371,193688,California
Marin,2021-06-02,622,351378,472,217057,98,124325,52,9996,222,27385,396,166575,272,193960,California
Marin,2021-06-03,1486,352864,1323,218380,108,124433,55,10051,275,26508,1208,167783,331,194291,California
Marin,2021-06-04,966,353830,824,219204,112,124545,30,10081,186,25945,779,168562,216,194507,California
Marin,2021-06-05,725,354555,560,219764,121,124666,44,10125,212,25693,508,169070,256,194763,California
Mariposa,2020-12-17,36,36,36,36,0,0,0,0,38,38,0,0,38,38,California
Mariposa,2020-12-18,55,91,55,91,0,0,0,0,56,94,0,0,56,94,California
Mariposa,2020-12-20,2,93,2,93,0,0,0,0,2,96,0,0,2,96,California
Mariposa,2020-12-21,49,142,49,142,0,0,0,0,53,149,0,0,53,149,California
Mariposa,2020-12-22,5,147,5,147,0,0,0,0,5,154,0,0,5,154,California
Mariposa,2020-12-23,17,164,17,164,0,0,0,0,17,171,0,0,17,171,California
Mariposa,2020-12-24,1,165,0,164,1,1,0,0,0,171,1,1,1,172,California
Mariposa,2020-12-26,1,166,1,165,0,1,0,0,1,172,0,1,1,173,California
Mariposa,2020-12-27,1,167,0,165,1,2,0,0,1,173,0,1,1,174,California
Mariposa,2020-12-28,6,173,3,168,3,5,0,0,6,179,0,1,6,180,California
Mariposa,2020-12-29,33,206,3,171,30,35,0,0,33,212,0,1,33,213,California
Mariposa,2020-12-30,26,232,4,175,22,57,0,0,26,238,0,1,26,239,California
Mariposa,2020-12-31,17,249,0,175,17,74,0,0,17,255,0,1,17,256,California
Mariposa,2021-01-02,1,250,1,176,0,74,0,0,1,256,0,1,1,257,California
Mariposa,2021-01-04,9,259,1,177,8,82,0,0,9,265,0,1,9,266,California
Mariposa,2021-01-05,24,283,14,191,10,92,0,0,14,269,10,11,14,280,California
Mariposa,2021-01-06,7,290,4,195,3,95,0,0,4,270,3,14,4,284,California
Mariposa,2021-01-07,50,340,45,240,5,100,0,0,5,230,45,59,5,289,California
Mariposa,2021-01-08,109,449,79,319,30,130,0,0,34,189,75,134,34,323,California
Mariposa,2021-01-11,31,480,10,329,21,151,0,0,23,204,8,142,23,346,California
Mariposa,2021-01-12,19,499,4,333,15,166,0,0,15,215,4,146,15,361,California
Mariposa,2021-01-13,22,521,5,338,17,183,0,0,18,229,4,150,18,379,California
Mariposa,2021-01-14,73,594,7,345,66,249,0,0,67,290,6,156,67,446,California
Mariposa,2021-01-15,68,662,27,372,41,290,0,0,58,338,10,166,58,504,California
Mariposa,2021-01-16,14,676,2,374,12,302,0,0,13,350,1,167,13,517,California
Mariposa,2021-01-17,3,679,0,374,3,305,0,0,3,353,0,167,3,520,California
Mariposa,2021-01-18,3,682,3,377,0,305,0,0,1,352,2,169,1,521,California
Mariposa,2021-01-19,8,690,4,381,4,309,0,0,5,355,2,171,5,526,California
Mariposa,2021-01-20,23,713,1,382,22,331,0,0,22,376,1,172,22,548,California
Mariposa,2021-01-21,66,779,8,390,58,389,0,0,62,434,4,176,62,610,California
Mariposa,2021-01-22,56,835,2,392,54,443,0,0,56,490,0,176,56,666,California
Mariposa,2021-01-23,116,951,2,394,114,557,0,0,114,602,2,178,114,780,California
Mariposa,2021-01-24,2,953,2,396,0,557,0,0,2,604,0,178,2,782,California
Mariposa,2021-01-25,4,957,1,397,3,560,0,0,0,600,4,182,0,782,California
Mariposa,2021-01-26,38,995,4,401,34,594,0,0,6,578,32,214,10,792,California
Mariposa,2021-01-27,26,1021,2,403,24,618,0,0,12,577,13,227,12,804,California
Mariposa,2021-01-28,126,1147,3,406,123,741,0,0,113,678,12,239,113,917,California
Mariposa,2021-01-29,83,1230,22,428,61,802,0,0,82,759,1,240,82,999,California
Mariposa,2021-01-30,9,1239,1,429,8,810,0,0,8,766,1,241,8,1007,California
Mariposa,2021-01-31,1,1240,0,429,1,811,0,0,1,767,0,241,1,1008,California
Mariposa,2021-02-01,88,1328,30,459,58,869,0,0,66,811,22,263,66,1074,California
Mariposa,2021-02-02,15,1343,3,462,12,881,0,0,9,814,6,269,9,1083,California
Mariposa,2021-02-03,21,1364,1,463,20,901,0,0,14,821,7,276,14,1097,California
Mariposa,2021-02-04,99,1463,8,471,91,992,0,0,94,912,4,280,95,1192,California
Mariposa,2021-02-05,192,1655,5,476,187,1179,0,0,166,1052,26,306,166,1358,California
Mariposa,2021-02-06,11,1666,4,480,7,1186,0,0,10,1061,1,307,10,1368,California
Mariposa,2021-02-07,1,1667,0,480,1,1187,0,0,1,1062,0,307,1,1369,California
Mariposa,2021-02-08,41,1708,2,482,39,1226,0,0,22,1065,19,326,22,1391,California
Mariposa,2021-02-09,42,1750,24,506,18,1244,0,0,36,1095,6,332,36,1427,California
Mariposa,2021-02-10,28,1778,5,511,23,1267,0,0,17,1108,10,342,23,1450,California
Mariposa,2021-02-11,375,2153,5,516,370,1637,0,0,361,1458,14,356,364,1814,California
Mariposa,2021-02-12,185,2338,8,524,177,1814,0,0,141,1555,44,400,141,1955,California
Mariposa,2021-02-13,11,2349,3,527,8,1822,0,0,9,1562,2,402,9,1964,California
Mariposa,2021-02-14,9,2358,4,531,5,1827,0,0,5,1563,4,406,5,1969,California
Mariposa,2021-02-15,9,2367,3,534,6,1833,0,0,7,1568,2,408,7,1976,California
Mariposa,2021-02-16,57,2424,34,568,23,1856,0,0,34,1579,23,431,34,2010,California
Mariposa,2021-02-17,37,2461,9,577,28,1884,0,0,27,1598,9,440,28,2038,California
Mariposa,2021-02-18,58,2519,7,584,51,1935,0,0,21,1582,37,477,21,2059,California
Mariposa,2021-02-19,83,2602,3,587,80,2015,0,0,77,1653,6,483,77,2136,California
Mariposa,2021-02-20,254,2856,5,592,249,2264,0,0,224,1848,29,512,224,2360,California
Mariposa,2021-02-21,238,3094,4,596,234,2498,0,0,236,2083,1,513,236,2596,California
Mariposa,2021-02-22,22,3116,7,603,15,2513,0,0,20,2101,2,515,20,2616,California
Mariposa,2021-02-23,44,3160,37,640,7,2520,0,0,26,2109,18,533,26,2642,California
Mariposa,2021-02-24,21,3181,3,643,18,2538,0,0,8,2105,12,545,8,2650,California
Mariposa,2021-02-25,18,3199,9,652,9,2547,0,0,12,2111,6,551,12,2662,California
Mariposa,2021-02-26,429,3628,7,659,422,2969,0,0,369,2421,60,611,370,3032,California
Mariposa,2021-02-27,174,3802,4,663,170,3139,0,0,163,2573,11,622,163,3195,California
Mariposa,2021-02-28,2,3804,1,664,1,3140,0,0,0,2571,2,624,0,3195,California
Mariposa,2021-03-01,81,3885,26,690,55,3195,0,0,16,2523,64,688,16,3211,California
Mariposa,2021-03-02,20,3905,13,703,7,3202,0,0,11,2526,8,696,11,3222,California
Mariposa,2021-03-03,71,3976,5,708,66,3268,0,0,65,2586,6,702,66,3288,California
Mariposa,2021-03-04,42,4018,10,718,32,3300,0,0,21,2587,21,723,22,3310,California
Mariposa,2021-03-05,57,4075,9,727,48,3348,0,0,40,2615,17,740,45,3355,California
Mariposa,2021-03-06,15,4090,6,733,9,3357,0,0,7,2614,8,748,7,3362,California
Mariposa,2021-03-07,1,4091,1,734,0,3357,0,0,0,2613,1,749,0,3362,California
Mariposa,2021-03-08,38,4129,4,738,23,3380,11,11,9,2604,29,778,20,3382,California
Mariposa,2021-03-09,46,4175,18,756,18,3398,10,21,15,2598,31,809,25,3407,California
Mariposa,2021-03-10,31,4206,9,765,12,3410,10,31,10,2597,21,830,20,3427,California
Mariposa,2021-03-11,468,4674,6,771,443,3853,19,50,226,2604,241,1071,248,3675,California
Mariposa,2021-03-12,256,4930,8,779,222,4075,26,76,118,2609,138,1209,143,3818,California
Mariposa,2021-03-13,33,4963,7,786,11,4086,15,91,11,2612,22,1231,25,3843,California
Mariposa,2021-03-14,16,4979,2,788,3,4089,11,102,2,2611,14,1245,13,3856,California
Mariposa,2021-03-15,76,5055,7,795,31,4120,38,140,31,2635,45,1290,69,3925,California
Mariposa,2021-03-16,83,5138,33,828,15,4135,35,175,24,2635,59,1349,59,3984,California
Mariposa,2021-03-17,73,5211,10,838,55,4190,8,183,52,2675,20,1369,60,4044,California
Mariposa,2021-03-18,66,5277,15,853,42,4232,9,192,40,2698,26,1395,49,4093,California
Mariposa,2021-03-19,343,5620,11,864,325,4557,7,199,304,2970,39,1434,311,4404,California
Mariposa,2021-03-20,424,6044,4,868,418,4975,2,201,46,2641,378,1812,49,4453,California
Mariposa,2021-03-21,16,6060,9,877,6,4981,1,202,10,2647,5,1817,11,4464,California
Mariposa,2021-03-22,39,6099,8,885,23,5004,8,210,27,2671,12,1829,36,4500,California
Mariposa,2021-03-23,53,6152,33,918,10,5014,10,220,32,2692,21,1850,42,4542,California
Mariposa,2021-03-24,55,6207,5,923,48,5062,2,222,50,2739,5,1855,52,4594,California
Mariposa,2021-03-25,76,6283,15,938,53,5115,8,230,53,2779,21,1876,61,4655,California
Mariposa,2021-03-26,494,6777,9,947,484,5599,1,231,251,2788,243,2119,252,4907,California
Mariposa,2021-03-27,232,7009,8,955,224,5823,0,231,94,2746,138,2257,96,5003,California
Mariposa,2021-03-28,5,7014,0,955,2,5825,3,234,1,2746,4,2261,4,5007,California
Mariposa,2021-03-29,19,7033,6,961,13,5838,0,234,12,2751,7,2268,12,5019,California
Mariposa,2021-03-30,36,7069,13,974,7,5845,16,250,13,2757,23,2291,29,5048,California
Mariposa,2021-03-31,89,7158,15,989,67,5912,7,257,68,2811,21,2312,75,5123,California
Mariposa,2021-04-01,54,7212,10,999,36,5948,8,265,34,2833,20,2332,42,5165,California
Mariposa,2021-04-02,349,7561,11,1010,336,6284,2,267,307,3101,41,2373,309,5474,California
Mariposa,2021-04-03,10,7571,7,1017,3,6287,0,267,5,3101,5,2378,5,5479,California
Mariposa,2021-04-04,2,7573,1,1018,0,6287,1,268,0,3100,2,2380,1,5480,California
Mariposa,2021-04-05,33,7606,22,1040,7,6294,4,272,16,3103,17,2397,20,5500,California
Mariposa,2021-04-06,45,7651,20,1060,9,6303,16,288,14,3103,30,2427,30,5530,California
Mariposa,2021-04-07,99,7750,7,1067,73,6376,19,307,29,3081,70,2497,48,5578,California
Mariposa,2021-04-08,281,8031,13,1080,249,6625,19,326,143,3108,136,2633,163,5741,California
Mariposa,2021-04-09,37,8068,9,1089,13,6638,15,341,10,3106,27,2660,25,5766,California
Mariposa,2021-04-10,202,8270,4,1093,188,6826,10,351,187,3289,13,2673,196,5962,California
Mariposa,2021-04-11,123,8393,4,1097,117,6943,2,353,57,3283,66,2739,60,6022,California
Mariposa,2021-04-12,42,8435,13,1110,27,6970,2,355,13,3269,29,2768,15,6037,California
Mariposa,2021-04-13,55,8490,47,1157,8,6978,0,355,35,3284,20,2788,35,6072,California
Mariposa,2021-04-14,114,8604,8,1165,106,7084,0,355,58,3287,55,2843,58,6130,California
Mariposa,2021-04-15,58,8662,16,1181,42,7126,0,355,44,3320,11,2854,44,6174,California
Mariposa,2021-04-16,382,9044,11,1192,371,7497,0,355,106,3150,276,3130,106,6280,California
Mariposa,2021-04-17,10,9054,6,1198,4,7501,0,355,7,3154,3,3133,7,6287,California
Mariposa,2021-04-18,7,9061,0,1198,7,7508,0,355,3,3153,4,3137,3,6290,California
Mariposa,2021-04-19,58,9119,26,1224,32,7540,0,355,30,3157,26,3163,30,6320,California
Mariposa,2021-04-20,62,9181,49,1273,13,7553,0,355,39,3175,21,3184,39,6359,California
Mariposa,2021-04-21,92,9273,14,1287,78,7631,0,355,43,3170,48,3232,43,6402,California
Mariposa,2021-04-22,47,9320,8,1295,39,7670,0,355,37,3198,9,3241,37,6439,California
Mariposa,2021-04-23,315,9635,70,1365,245,7915,0,355,144,3173,171,3412,146,6585,California
Mariposa,2021-04-24,107,9742,10,1375,97,8012,0,355,43,3153,63,3475,43,6628,California
Mariposa,2021-04-26,14,9756,10,1385,4,8016,0,355,4,3147,10,3485,4,6632,California
Mariposa,2021-04-27,33,9789,17,1402,14,8030,2,357,15,3149,15,3500,17,6649,California
Mariposa,2021-04-28,73,9862,14,1416,52,8082,7,364,27,3137,46,3546,34,6683,California
Mariposa,2021-04-29,84,9946,12,1428,71,8153,1,365,79,3212,5,3551,80,6763,California
Mariposa,2021-04-30,209,10155,3,1431,201,8354,5,370,62,3132,147,3698,67,6830,California
Mariposa,2021-05-01,3,10158,2,1433,1,8355,0,370,0,3129,3,3701,0,6830,California
Mariposa,2021-05-02,3,10161,2,1435,0,8355,1,371,0,3127,3,3704,1,6831,California
Mariposa,2021-05-03,16,10177,12,1447,3,8358,1,372,7,3127,8,3712,8,6839,California
Mariposa,2021-05-04,52,10229,32,1479,16,8374,4,376,36,3151,16,3728,40,6879,California
Mariposa,2021-05-05,56,10285,8,1487,46,8420,2,378,17,3131,39,3767,19,6898,California
Mariposa,2021-05-06,56,10341,37,1524,14,8434,5,383,40,3160,16,3783,45,6943,California
Mariposa,2021-05-07,27,10368,7,1531,17,8451,3,386,13,3162,14,3797,16,6959,California
Mariposa,2021-05-08,283,10651,7,1538,276,8727,0,386,33,2947,250,4047,35,6994,California
Mariposa,2021-05-09,2,10653,1,1539,1,8728,0,386,0,2945,2,4049,0,6994,California
Mariposa,2021-05-10,19,10672,8,1547,9,8737,2,388,4,2936,15,4064,6,7000,California
Mariposa,2021-05-11,28,10700,18,1565,9,8746,1,389,19,2948,8,4072,20,7020,California
Mariposa,2021-05-12,66,10766,4,1569,59,8805,3,392,6,2897,60,4132,9,7029,California
Mariposa,2021-05-13,47,10813,7,1576,38,8843,2,394,13,2878,34,4166,15,7044,California
Mariposa,2021-05-14,250,11063,122,1698,121,8964,7,401,118,2871,132,4298,125,7169,California
Mariposa,2021-05-15,18,11081,8,1706,8,8972,2,403,10,2876,6,4304,11,7180,California
Mariposa,2021-05-16,3,11084,1,1707,1,8973,1,404,1,2876,2,4306,2,7182,California
Mariposa,2021-05-17,16,11100,7,1714,6,8979,3,407,7,2877,9,4315,10,7192,California
Mariposa,2021-05-18,61,11161,41,1755,15,8994,5,412,44,2910,16,4331,49,7241,California
Mariposa,2021-05-19,70,11231,32,1787,37,9031,1,413,51,2944,18,4349,52,7293,California
Mariposa,2021-05-20,36,11267,20,1807,14,9045,2,415,15,2940,21,4370,17,7310,California
Mariposa,2021-05-21,92,11359,8,1815,82,9127,2,417,42,2936,48,4418,44,7354,California
Mariposa,2021-05-22,48,11407,6,1821,41,9168,1,418,17,2923,31,4449,18,7372,California
Mariposa,2021-05-23,4,11411,2,1823,1,9169,1,419,2,2924,2,4451,3,7375,California
Mariposa,2021-05-24,13,11424,8,1831,3,9172,2,421,9,2931,4,4455,11,7386,California
Mariposa,2021-05-25,27,11451,17,1848,10,9182,0,421,19,2942,8,4463,19,7405,California
Mariposa,2021-05-26,34,11485,3,1851,27,9209,4,425,28,2968,6,4469,32,7437,California
Mariposa,2021-05-27,119,11604,64,1915,55,9264,0,425,62,2973,57,4526,62,7499,California
Mariposa,2021-05-28,64,11668,4,1919,56,9320,4,429,23,2959,41,4567,27,7526,California
Mariposa,2021-05-29,8,11676,2,1921,5,9325,1,430,3,2960,3,4570,4,7530,California
Mariposa,2021-05-30,1,11677,0,1921,0,9325,1,431,0,2960,1,4571,1,7531,California
Mariposa,2021-05-31,2,11679,0,1921,1,9326,1,432,0,2959,2,4573,1,7532,California
Mariposa,2021-06-01,14,11693,3,1924,11,9337,0,432,5,2955,9,4582,5,7537,California
Mariposa,2021-06-02,11,11704,1,1925,5,9342,5,437,4,2957,7,4589,9,7546,California
Mariposa,2021-06-03,9,11713,6,1931,3,9345,0,437,2,2952,7,4596,2,7548,California
Mariposa,2021-06-04,4,11717,3,1934,0,9345,1,438,0,2948,4,4600,0,7548,California
Mariposa,2021-06-05,2,11719,1,1935,0,9345,1,439,0,2947,2,4602,1,7549,California
Mendocino,2020-12-17,70,70,70,70,0,0,0,0,70,70,0,0,70,70,California
Mendocino,2020-12-18,85,155,84,154,1,1,0,0,84,154,0,0,84,154,California
Mendocino,2020-12-19,4,159,4,158,0,1,0,0,4,158,0,0,4,158,California
Mendocino,2020-12-20,7,166,7,165,0,1,0,0,7,165,0,0,7,165,California
Mendocino,2020-12-21,240,406,240,405,0,1,0,0,77,242,0,0,77,242,California
Mendocino,2020-12-22,251,657,190,595,61,62,0,0,251,493,0,0,251,493,California
Mendocino,2020-12-23,271,928,48,643,223,285,0,0,270,763,0,0,270,763,California
Mendocino,2020-12-24,48,976,8,651,40,325,0,0,48,811,0,0,48,811,California
Mendocino,2020-12-25,1,977,0,651,1,326,0,0,1,812,0,0,1,812,California
Mendocino,2020-12-26,2,979,2,653,0,326,0,0,2,814,0,0,2,814,California
Mendocino,2020-12-27,1,980,0,653,1,327,0,0,1,815,0,0,1,815,California
Mendocino,2020-12-28,74,1054,9,662,65,392,0,0,74,889,0,0,74,889,California
Mendocino,2020-12-29,120,1174,59,721,61,453,0,0,120,1009,0,0,120,1009,California
Mendocino,2020-12-30,119,1293,66,787,53,506,0,0,119,1128,0,0,119,1128,California
Mendocino,2020-12-31,132,1425,97,884,35,541,0,0,132,1260,0,0,132,1260,California
Mendocino,2021-01-01,9,1434,6,890,3,544,0,0,9,1269,0,0,9,1269,California
Mendocino,2021-01-04,838,2272,18,908,820,1364,0,0,838,2107,0,0,838,2107,California
Mendocino,2021-01-05,74,2346,36,944,38,1402,0,0,61,2155,13,13,61,2168,California
Mendocino,2021-01-06,156,2502,134,1078,22,1424,0,0,146,2291,10,23,146,2314,California
Mendocino,2021-01-07,360,2862,238,1316,122,1546,0,0,297,2525,63,86,297,2611,California
Mendocino,2021-01-08,95,2957,82,1398,13,1559,0,0,41,2513,54,140,42,2653,California
Mendocino,2021-01-09,10,2967,6,1404,4,1563,0,0,8,2519,2,142,8,2661,California
Mendocino,2021-01-10,9,2976,8,1412,1,1564,0,0,2,2514,7,149,2,2663,California
Mendocino,2021-01-11,101,3077,92,1504,9,1573,0,0,43,2500,57,206,43,2706,California
Mendocino,2021-01-12,387,3464,377,1881,10,1583,0,0,271,2655,116,322,271,2977,California
Mendocino,2021-01-13,494,3958,147,2028,347,1930,0,0,451,3066,41,363,452,3429,California
Mendocino,2021-01-14,651,4609,20,2048,631,2561,0,0,642,3699,9,372,642,4071,California
Mendocino,2021-01-15,1873,6482,862,2910,1011,3572,0,0,1868,5563,5,377,1869,5940,California
Mendocino,2021-01-16,793,7275,50,2960,743,4315,0,0,791,6352,2,379,791,6731,California
Mendocino,2021-01-17,554,7829,1,2961,553,4868,0,0,553,6904,1,380,553,7284,California
Mendocino,2021-01-18,486,8315,461,3422,25,4893,0,0,476,7370,10,390,476,7760,California
Mendocino,2021-01-19,330,8645,145,3567,185,5078,0,0,156,7352,174,564,156,7916,California
Mendocino,2021-01-20,555,9200,407,3974,148,5226,0,0,449,7698,104,668,450,8366,California
Mendocino,2021-01-21,538,9738,225,4199,313,5539,0,0,352,7865,185,853,352,8718,California
Mendocino,2021-01-22,152,9890,59,4258,93,5632,0,0,113,7939,39,892,113,8831,California
Mendocino,2021-01-23,156,10046,84,4342,72,5704,0,0,150,8083,6,898,150,8981,California
Mendocino,2021-01-24,5,10051,3,4345,2,5706,0,0,5,8088,0,898,5,8986,California
Mendocino,2021-01-25,192,10243,18,4363,174,5880,0,0,122,8140,70,968,122,9108,California
Mendocino,2021-01-26,153,10396,53,4416,100,5980,0,0,94,8175,59,1027,94,9202,California
Mendocino,2021-01-27,441,10837,371,4787,70,6050,0,0,176,8093,258,1285,176,9378,California
Mendocino,2021-01-28,592,11429,528,5315,64,6114,0,0,498,8498,93,1378,498,9876,California
Mendocino,2021-01-29,392,11821,352,5667,40,6154,0,0,363,8833,29,1407,364,10240,California
Mendocino,2021-01-30,50,11871,33,5700,17,6171,0,0,43,8869,7,1414,43,10283,California
Mendocino,2021-01-31,275,12146,2,5702,273,6444,0,0,4,8602,271,1685,4,10287,California
Mendocino,2021-02-01,382,12528,52,5754,330,6774,0,0,59,8338,323,2008,59,10346,California
Mendocino,2021-02-02,737,13265,517,6271,220,6994,0,0,376,8353,361,2369,376,10722,California
Mendocino,2021-02-03,393,13658,208,6479,185,7179,0,0,223,8408,168,2537,223,10945,California
Mendocino,2021-02-04,627,14285,531,7010,96,7275,0,0,502,8785,125,2662,502,11447,California
Mendocino,2021-02-05,1306,15591,1216,8226,90,7365,0,0,585,8651,719,3381,585,12032,California
Mendocino,2021-02-06,555,16146,154,8380,401,7766,0,0,540,9176,15,3396,540,12572,California
Mendocino,2021-02-07,33,16179,29,8409,4,7770,0,0,33,9209,0,3396,33,12605,California
Mendocino,2021-02-08,748,16927,716,9125,32,7802,0,0,285,9031,463,3859,285,12890,California
Mendocino,2021-02-09,140,17067,58,9183,82,7884,0,0,88,9067,52,3911,88,12978,California
Mendocino,2021-02-10,1489,18556,924,10107,565,8449,0,0,742,9069,740,4651,742,13720,California
Mendocino,2021-02-11,1210,19766,208,10315,1002,9451,0,0,300,8459,910,5561,300,14020,California
Mendocino,2021-02-12,1459,21225,163,10478,1296,10747,0,0,658,8317,800,6361,658,14678,California
Mendocino,2021-02-13,504,21729,15,10493,489,11236,0,0,106,8031,397,6758,111,14789,California
Mendocino,2021-02-14,696,22425,4,10497,692,11928,0,0,136,7607,560,7318,136,14925,California
Mendocino,2021-02-15,329,22754,41,10538,288,12216,0,0,174,7626,155,7473,174,15099,California
Mendocino,2021-02-16,199,22953,52,10590,147,12363,0,0,128,7683,71,7544,128,15227,California
Mendocino,2021-02-17,1356,24309,1193,11783,163,12526,0,0,879,8087,475,8019,879,16106,California
Mendocino,2021-02-18,1787,26096,645,12428,1142,13668,0,0,1220,8742,565,8584,1220,17326,California
Mendocino,2021-02-19,755,26851,147,12575,608,14276,0,0,613,9214,142,8726,614,17940,California
Mendocino,2021-02-20,581,27432,555,13130,26,14302,0,0,548,9731,31,8757,548,18488,California
Mendocino,2021-02-21,325,27757,6,13136,319,14621,0,0,313,10033,11,8768,313,18801,California
Mendocino,2021-02-22,161,27918,29,13165,132,14753,0,0,69,10012,90,8858,69,18870,California
Mendocino,2021-02-23,858,28776,845,14010,13,14766,0,0,646,10448,210,9068,646,19516,California
Mendocino,2021-02-24,1854,30630,1771,15781,83,14849,0,0,1441,11483,408,9476,1443,20959,California
Mendocino,2021-02-25,1708,32338,533,16314,1175,16024,0,0,1285,12346,422,9898,1285,22244,California
Mendocino,2021-02-26,1417,33755,751,17065,666,16690,0,0,1054,13040,360,10258,1054,23298,California
Mendocino,2021-02-27,198,33953,148,17213,50,16740,0,0,77,12997,120,10378,77,23375,California
Mendocino,2021-02-28,35,33988,13,17226,22,16762,0,0,24,13010,11,10389,24,23399,California
Mendocino,2021-03-01,592,34580,550,17776,42,16804,0,0,552,13525,37,10426,552,23951,California
Mendocino,2021-03-02,76,34656,27,17803,49,16853,0,0,41,13532,34,10460,41,23992,California
Mendocino,2021-03-03,2035,36691,1334,19137,701,17554,0,0,1383,14266,649,11109,1383,25375,California
Mendocino,2021-03-04,1851,38542,149,19286,1702,19256,0,0,1633,15685,215,11324,1634,27009,California
Mendocino,2021-03-05,473,39015,415,19701,49,19305,9,9,371,15967,98,11422,380,27389,California
Mendocino,2021-03-06,246,39261,24,19725,197,19502,25,34,203,16153,42,11464,228,27617,California
Mendocino,2021-03-07,507,39768,8,19733,479,19981,20,54,117,15900,389,11853,136,27753,California
Mendocino,2021-03-08,123,39891,27,19760,58,20039,38,92,63,15943,58,11911,101,27854,California
Mendocino,2021-03-09,938,40829,600,20360,297,20336,41,133,832,16710,106,12017,873,28727,California
Mendocino,2021-03-10,1147,41976,984,21344,98,20434,65,198,271,16177,872,12889,339,29066,California
Mendocino,2021-03-11,843,42819,628,21972,162,20596,53,251,401,16192,439,13328,454,29520,California
Mendocino,2021-03-12,2067,44886,1054,23026,899,21495,114,365,1235,16716,825,14153,1349,30869,California
Mendocino,2021-03-13,705,45591,572,23598,75,21570,58,423,105,16283,596,14749,163,31032,California
Mendocino,2021-03-14,106,45697,4,23602,95,21665,7,430,12,16212,90,14839,19,31051,California
Mendocino,2021-03-15,603,46300,50,23652,494,22159,59,489,214,16096,388,15227,272,31323,California
Mendocino,2021-03-16,580,46880,386,24038,148,22307,46,535,117,15798,461,15688,163,31486,California
Mendocino,2021-03-17,1586,48466,1384,25422,53,22360,149,684,217,14805,1365,17053,372,31858,California
Mendocino,2021-03-18,1311,49777,248,25670,1026,23386,37,721,284,14106,1019,18072,320,32178,California
Mendocino,2021-03-19,1780,51557,857,26527,863,24249,60,781,332,13057,1443,19515,394,32572,California
Mendocino,2021-03-20,67,51624,10,26537,37,24286,20,801,11,13032,56,19571,31,32603,California
Mendocino,2021-03-21,8,51632,1,26538,2,24288,5,806,3,13035,5,19576,8,32611,California
Mendocino,2021-03-22,660,52292,616,27154,15,24303,29,835,146,12699,510,20086,174,32785,California
Mendocino,2021-03-23,163,52455,32,27186,101,24404,30,865,112,12791,50,20136,142,32927,California
Mendocino,2021-03-24,913,53368,841,28027,25,24429,47,912,109,12145,802,20938,156,33083,California
Mendocino,2021-03-25,2018,55386,55,28082,1943,26372,20,932,178,10507,1834,22772,196,33279,California
Mendocino,2021-03-26,544,55930,393,28475,126,26498,25,957,113,10214,431,23203,138,33417,California
Mendocino,2021-03-27,144,56074,14,28489,118,26616,12,969,80,10242,63,23266,91,33508,California
Mendocino,2021-03-28,25,56099,5,28494,16,26632,4,973,4,10230,20,23286,8,33516,California
Mendocino,2021-03-29,189,56288,99,28593,46,26678,44,1017,96,10277,93,23379,140,33656,California
Mendocino,2021-03-30,716,57004,631,29224,48,26726,37,1054,104,9808,610,23989,141,33797,California
Mendocino,2021-03-31,914,57918,280,29504,573,27299,61,1115,153,9263,759,24748,214,34011,California
Mendocino,2021-04-01,1748,59666,420,29924,1247,28546,81,1196,378,8361,1360,26108,458,34469,California
Mendocino,2021-04-02,1307,60973,1075,30999,159,28705,73,1269,158,7446,1146,27254,231,34700,California
Mendocino,2021-04-03,710,61683,11,31010,678,29383,21,1290,87,6936,618,27872,108,34808,California
Mendocino,2021-04-04,71,61754,35,31045,30,29413,6,1296,55,6981,16,27888,61,34869,California
Mendocino,2021-04-05,210,61964,141,31186,45,29458,24,1320,124,7040,86,27974,145,35014,California
Mendocino,2021-04-06,395,62359,122,31308,178,29636,95,1415,106,6952,289,28263,201,35215,California
Mendocino,2021-04-07,489,62848,178,31486,65,29701,246,1661,115,6941,371,28634,360,35575,California
Mendocino,2021-04-08,1502,64350,922,32408,465,30166,115,1776,1009,7580,486,29120,1125,36700,California
Mendocino,2021-04-09,762,65112,429,32837,172,30338,161,1937,398,7776,363,29483,559,37259,California
Mendocino,2021-04-10,409,65521,92,32929,272,30610,45,1982,100,7612,309,29792,145,37404,California
Mendocino,2021-04-11,121,65642,47,32976,19,30629,55,2037,59,7664,62,29854,114,37518,California
Mendocino,2021-04-12,623,66265,514,33490,49,30678,60,2097,408,7917,215,30069,468,37986,California
Mendocino,2021-04-13,289,66554,227,33717,62,30740,0,2097,222,8072,67,30136,222,38208,California
Mendocino,2021-04-14,520,67074,427,34144,93,30833,0,2097,420,8392,100,30236,420,38628,California
Mendocino,2021-04-15,661,67735,330,34474,331,31164,0,2097,388,8512,268,30504,388,39016,California
Mendocino,2021-04-16,123,67858,53,34527,69,31233,1,2098,76,8542,46,30550,76,39092,California
Mendocino,2021-04-17,195,68053,13,34540,182,31415,0,2098,68,8485,125,30675,68,39160,California
Mendocino,2021-04-18,13,68066,6,34546,7,31422,0,2098,7,8487,5,30680,7,39167,California
Mendocino,2021-04-19,539,68605,515,35061,23,31445,1,2099,427,8804,111,30791,428,39595,California
Mendocino,2021-04-20,419,69024,291,35352,128,31573,0,2099,263,8912,155,30946,263,39858,California
Mendocino,2021-04-21,191,69215,134,35486,56,31629,1,2100,115,8953,74,31020,115,39973,California
Mendocino,2021-04-22,488,69703,314,35800,173,31802,1,2101,315,9098,170,31190,315,40288,California
Mendocino,2021-04-23,853,70556,703,36503,150,31952,0,2101,697,9642,153,31343,697,40985,California
Mendocino,2021-04-24,107,70663,14,36517,93,32045,0,2101,100,9735,7,31350,100,41085,California
Mendocino,2021-04-25,58,70721,34,36551,20,32065,4,2105,19,9719,39,31389,23,41108,California
Mendocino,2021-04-26,305,71026,238,36789,62,32127,5,2110,198,9816,106,31495,203,41311,California
Mendocino,2021-04-27,205,71231,90,36879,88,32215,27,2137,94,9826,110,31605,120,41431,California
Mendocino,2021-04-28,222,71453,150,37029,53,32268,19,2156,127,9878,95,31700,147,41578,California
Mendocino,2021-04-29,1143,72596,842,37871,286,32554,15,2171,108,8970,1031,32731,123,41701,California
Mendocino,2021-04-30,608,73204,384,38255,214,32768,10,2181,228,8829,379,33110,238,41939,California
Mendocino,2021-05-01,472,73676,433,38688,33,32801,6,2187,368,9100,103,33213,374,42313,California
Mendocino,2021-05-02,55,73731,45,38733,7,32808,3,2190,8,9064,47,33260,11,42324,California
Mendocino,2021-05-03,147,73878,85,38818,40,32848,22,2212,43,9027,102,33362,65,42389,California
Mendocino,2021-05-04,378,74256,252,39070,92,32940,34,2246,140,8963,238,33600,174,42563,California
Mendocino,2021-05-05,874,75130,788,39858,71,33011,15,2261,220,8544,653,34253,234,42797,California
Mendocino,2021-05-06,632,75762,381,40239,229,33240,22,2283,156,8248,474,34727,178,42975,California
Mendocino,2021-05-07,186,75948,35,40274,127,33367,24,2307,122,8331,63,34790,146,43121,California
Mendocino,2021-05-08,125,76073,4,40278,120,33487,1,2308,109,8426,15,34805,110,43231,California
Mendocino,2021-05-09,20,76093,5,40283,14,33501,1,2309,3,8413,17,34822,4,43235,California
Mendocino,2021-05-10,246,76339,163,40446,78,33579,5,2314,152,8476,94,34916,157,43392,California
Mendocino,2021-05-11,274,76613,141,40587,116,33695,17,2331,127,8472,147,35063,143,43535,California
Mendocino,2021-05-12,136,76749,80,40667,48,33743,8,2339,41,8428,93,35156,49,43584,California
Mendocino,2021-05-13,1211,77960,1108,41775,87,33830,16,2355,306,7845,905,36061,322,43906,California
Mendocino,2021-05-14,715,78675,488,42263,163,33993,64,2419,244,7687,466,36527,308,44214,California
Mendocino,2021-05-15,85,78760,29,42292,52,34045,4,2423,40,7686,45,36572,44,44258,California
Mendocino,2021-05-16,116,78876,103,42395,11,34056,2,2425,100,7772,16,36588,102,44360,California
Mendocino,2021-05-17,172,79048,84,42479,72,34128,16,2441,96,7808,76,36664,112,44472,California
Mendocino,2021-05-18,244,79292,118,42597,98,34226,28,2469,107,7806,136,36800,134,44606,California
Mendocino,2021-05-19,329,79621,194,42791,114,34340,21,2490,242,7984,85,36885,263,44869,California
Mendocino,2021-05-20,285,79906,113,42904,130,34470,42,2532,104,7952,178,37063,146,45015,California
Mendocino,2021-05-21,625,80531,459,43363,153,34623,13,2545,491,8323,133,37196,504,45519,California
Mendocino,2021-05-22,776,81307,674,44037,94,34717,8,2553,241,8038,534,37730,249,45768,California
Mendocino,2021-05-23,18,81325,9,44046,2,34719,7,2560,10,8046,8,37738,16,45784,California
Mendocino,2021-05-24,126,81451,43,44089,62,34781,21,2581,60,8062,65,37803,81,45865,California
Mendocino,2021-05-25,294,81745,176,44265,89,34870,29,2610,134,8065,160,37963,163,46028,California
Mendocino,2021-05-26,321,82066,242,44507,68,34938,11,2621,131,8018,189,38152,142,46170,California
Mendocino,2021-05-27,245,82311,112,44619,111,35049,22,2643,102,8000,141,38293,123,46293,California
Mendocino,2021-05-28,235,82546,97,44716,126,35175,12,2655,154,8087,79,38372,166,46459,California
Mendocino,2021-05-29,47,82593,16,44732,26,35201,5,2660,27,8099,20,38392,32,46491,California
Mendocino,2021-05-30,15,82608,2,44734,12,35213,1,2661,10,8105,5,38397,11,46502,California
Mendocino,2021-05-31,5,82613,0,44734,4,35217,1,2662,2,8105,3,38400,3,46505,California
Mendocino,2021-06-01,296,82909,91,44825,197,35414,8,2670,80,7977,216,38616,88,46593,California
Mendocino,2021-06-02,158,83067,60,44885,90,35504,8,2678,57,7944,98,38714,65,46658,California
Mendocino,2021-06-03,537,83604,443,45328,85,35589,9,2687,126,7673,406,39120,135,46793,California
Mendocino,2021-06-04,252,83856,175,45503,55,35644,22,2709,72,7587,180,39300,94,46887,California
Mendocino,2021-06-05,7,83863,4,45507,0,35644,3,2712,2,7587,5,39305,5,46892,California
Merced,2020-12-16,3,3,3,3,0,0,0,0,3,3,0,0,3,3,California
Merced,2020-12-17,7,10,7,10,0,0,0,0,7,10,0,0,7,10,California
Merced,2020-12-18,145,155,145,155,0,0,0,0,145,155,0,0,145,155,California
Merced,2020-12-19,37,192,37,192,0,0,0,0,37,192,0,0,37,192,California
Merced,2020-12-20,18,210,18,210,0,0,0,0,18,210,0,0,18,210,California
Merced,2020-12-21,124,334,121,331,3,3,0,0,124,334,0,0,124,334,California
Merced,2020-12-22,152,486,152,483,0,3,0,0,152,486,0,0,152,486,California
Merced,2020-12-23,249,735,243,726,6,9,0,0,249,735,0,0,249,735,California
Merced,2020-12-24,72,807,72,798,0,9,0,0,72,807,0,0,72,807,California
Merced,2020-12-25,4,811,4,802,0,9,0,0,4,811,0,0,4,811,California
Merced,2020-12-26,6,817,3,805,3,12,0,0,6,817,0,0,6,817,California
Merced,2020-12-27,12,829,11,816,1,13,0,0,12,829,0,0,12,829,California
Merced,2020-12-28,122,951,97,913,25,38,0,0,122,951,0,0,122,951,California
Merced,2020-12-29,181,1132,124,1037,57,95,0,0,181,1132,0,0,181,1132,California
Merced,2020-12-30,216,1348,89,1126,127,222,0,0,216,1348,0,0,216,1348,California
Merced,2020-12-31,103,1451,34,1160,69,291,0,0,103,1451,0,0,103,1451,California
Merced,2021-01-01,5,1456,1,1161,4,295,0,0,5,1456,0,0,5,1456,California
Merced,2021-01-02,129,1585,118,1279,11,306,0,0,129,1585,0,0,129,1585,California
Merced,2021-01-03,9,1594,5,1284,4,310,0,0,9,1594,0,0,9,1594,California
Merced,2021-01-04,81,1675,43,1327,38,348,0,0,81,1675,0,0,81,1675,California
Merced,2021-01-05,321,1996,232,1559,89,437,0,0,315,1986,6,6,317,1992,California
Merced,2021-01-06,256,2252,104,1663,152,589,0,0,251,2232,5,11,251,2243,California
Merced,2021-01-07,186,2438,83,1746,103,692,0,0,175,2395,12,23,175,2418,California
Merced,2021-01-08,527,2965,394,2140,133,825,0,0,374,2617,152,175,374,2792,California
Merced,2021-01-09,22,2987,9,2149,13,838,0,0,17,2629,5,180,17,2809,California
Merced,2021-01-10,11,2998,7,2156,4,842,0,0,7,2632,4,184,7,2816,California
Merced,2021-01-11,230,3228,171,2327,59,901,0,0,103,2610,127,311,105,2921,California
Merced,2021-01-12,291,3519,168,2495,123,1024,0,0,243,2804,49,360,243,3164,California
Merced,2021-01-13,377,3896,175,2670,202,1226,0,0,225,2880,152,512,228,3392,California
Merced,2021-01-14,322,4218,200,2870,122,1348,0,0,157,2874,164,676,158,3550,California
Merced,2021-01-15,585,4803,129,2999,456,1804,0,0,546,3383,40,716,549,4099,California
Merced,2021-01-16,213,5016,129,3128,84,1888,0,0,196,3562,17,733,196,4295,California
Merced,2021-01-17,50,5066,12,3140,38,1926,0,0,49,3610,1,734,49,4344,California
Merced,2021-01-18,262,5328,126,3266,136,2062,0,0,239,3830,23,757,243,4587,California
Merced,2021-01-19,713,6041,589,3855,124,2186,0,0,541,4204,172,929,546,5133,California
Merced,2021-01-20,572,6613,467,4322,105,2291,0,0,515,4665,57,986,518,5651,California
Merced,2021-01-21,1011,7624,651,4973,360,2651,0,0,911,5479,100,1086,914,6565,California
Merced,2021-01-22,1312,8936,692,5665,620,3271,0,0,1284,6748,27,1113,1296,7861,California
Merced,2021-01-23,325,9261,198,5863,127,3398,0,0,218,6859,107,1220,218,8079,California
Merced,2021-01-24,37,9298,15,5878,22,3420,0,0,28,6879,8,1228,28,8107,California
Merced,2021-01-25,729,10027,241,6119,488,3908,0,0,669,7490,59,1287,670,8777,California
Merced,2021-01-26,919,10946,488,6607,431,4339,0,0,676,7951,216,1503,677,9454,California
Merced,2021-01-27,985,11931,588,7195,397,4736,0,0,816,8600,167,1670,816,10270,California
Merced,2021-01-28,1141,13072,595,7790,546,5282,0,0,1017,9495,123,1793,1018,11288,California
Merced,2021-01-29,853,13925,323,8113,530,5812,0,0,599,9856,241,2034,602,11890,California
Merced,2021-01-30,260,14185,28,8141,232,6044,0,0,243,10082,17,2051,243,12133,California
Merced,2021-01-31,47,14232,11,8152,36,6080,0,0,46,10127,1,2052,46,12179,California
Merced,2021-02-01,378,14610,55,8207,323,6403,0,0,327,10405,50,2102,328,12507,California
Merced,2021-02-02,296,14906,179,8386,117,6520,0,0,176,10465,117,2219,177,12684,California
Merced,2021-02-03,350,15256,72,8458,278,6798,0,0,169,10453,181,2400,169,12853,California
Merced,2021-02-04,370,15626,145,8603,225,7023,0,0,239,10563,130,2530,240,13093,California
Merced,2021-02-05,508,16134,169,8772,339,7362,0,0,271,10600,236,2766,273,13366,California
Merced,2021-02-06,389,16523,218,8990,171,7533,0,0,245,10705,141,2907,246,13612,California
Merced,2021-02-07,20,16543,12,9002,8,7541,0,0,13,10711,7,2914,13,13625,California
Merced,2021-02-08,283,16826,198,9200,85,7626,0,0,171,10772,111,3025,172,13797,California
Merced,2021-02-09,1216,18042,956,10156,260,7886,0,0,772,11109,436,3461,773,14570,California
Merced,2021-02-10,1857,19899,1433,11589,424,8310,0,0,1274,11810,573,4034,1274,15844,California
Merced,2021-02-11,2506,22405,2012,13601,494,8804,0,0,1815,12946,679,4713,1815,17659,California
Merced,2021-02-12,1718,24123,1016,14617,702,9506,0,0,746,12740,955,5668,749,18408,California
Merced,2021-02-13,361,24484,207,14824,154,9660,0,0,262,12909,95,5763,264,18672,California
Merced,2021-02-14,118,24602,26,14850,92,9752,0,0,96,12984,22,5785,97,18769,California
Merced,2021-02-15,274,24876,42,14892,232,9984,0,0,169,13056,98,5883,170,18939,California
Merced,2021-02-16,1216,26092,844,15736,372,10356,0,0,834,13531,363,6246,838,19777,California
Merced,2021-02-17,1886,27978,1640,17376,246,10602,0,0,1311,14291,560,6806,1320,21097,California
Merced,2021-02-18,1214,29192,823,18199,391,10993,0,0,404,13909,789,7595,407,21504,California
Merced,2021-02-19,1264,30456,415,18614,849,11842,0,0,539,13731,719,8314,541,22045,California
Merced,2021-02-20,278,30734,31,18645,247,12089,0,0,139,13733,137,8451,139,22184,California
Merced,2021-02-21,77,30811,62,18707,15,12104,0,0,31,13719,45,8496,31,22215,California
Merced,2021-02-22,831,31642,294,19001,537,12641,0,0,481,13853,348,8844,482,22697,California
Merced,2021-02-23,1082,32724,422,19423,660,13301,0,0,638,14054,438,9282,639,23336,California
Merced,2021-02-24,819,33543,302,19725,517,13818,0,0,448,14141,362,9644,449,23785,California
Merced,2021-02-25,1770,35313,879,20604,891,14709,0,0,1316,15009,451,10095,1319,25104,California
Merced,2021-02-26,2155,37468,1379,21983,776,15485,0,0,1740,16342,408,10503,1741,26845,California
Merced,2021-02-27,2609,40077,1183,23166,1426,16911,0,0,2326,18386,282,10785,2326,29171,California
Merced,2021-02-28,310,40387,73,23239,237,17148,0,0,256,18592,50,10835,256,29427,California
Merced,2021-03-01,1123,41510,283,23522,839,17987,1,1,780,19039,334,11169,781,30208,California
Merced,2021-03-02,1756,43266,911,24433,844,18831,1,2,1362,20017,387,11556,1365,31573,California
Merced,2021-03-03,2231,45497,1734,26167,496,19327,1,3,1469,20745,743,12299,1471,33044,California
Merced,2021-03-04,2900,48397,2275,28442,623,19950,2,5,1925,21716,957,13256,1928,34972,California
Merced,2021-03-05,2076,50473,1198,29640,854,20804,24,29,1533,22745,529,13785,1558,36530,California
Merced,2021-03-06,1166,51639,663,30303,481,21285,22,51,910,23422,255,14040,932,37462,California
Merced,2021-03-07,231,51870,67,30370,139,21424,25,76,202,23620,29,14069,227,37689,California
Merced,2021-03-08,1406,53276,808,31178,533,21957,65,141,1190,24659,215,14284,1254,38943,California
Merced,2021-03-09,1697,54973,1003,32181,586,22543,108,249,1100,25276,591,14875,1208,40151,California
Merced,2021-03-10,2708,57681,1874,34055,633,23176,201,450,1631,26049,1062,15937,1835,41986,California
Merced,2021-03-11,1948,59629,699,34754,1047,24223,202,652,1231,26802,702,16639,1455,43441,California
Merced,2021-03-12,2217,61846,903,35657,1042,25265,272,924,1497,27868,715,17354,1781,45222,California
Merced,2021-03-13,884,62730,310,35967,333,25598,241,1165,580,28394,296,17650,822,46044,California
Merced,2021-03-14,251,62981,137,36104,84,25682,30,1195,150,28474,100,17750,180,46224,California
Merced,2021-03-15,1523,64504,496,36600,770,26452,257,1452,1002,29218,514,18264,1258,47482,California
Merced,2021-03-16,1469,65973,713,37313,529,26981,227,1679,978,29944,480,18744,1206,48688,California
Merced,2021-03-17,1969,67942,1064,38377,727,27708,178,1857,1513,31191,446,19190,1693,50381,California
Merced,2021-03-18,2124,70066,1251,39628,727,28435,146,2003,1397,32035,712,19902,1556,51937,California
Merced,2021-03-19,2667,72733,1455,41083,1017,29452,195,2198,1384,32342,1272,21174,1579,53516,California
Merced,2021-03-20,2448,75181,1518,42601,535,29987,395,2593,957,32211,1487,22661,1356,54872,California
Merced,2021-03-21,556,75737,343,42944,201,30188,12,2605,437,32543,119,22780,451,55323,California
Merced,2021-03-22,1264,77001,630,43574,557,30745,77,2682,885,33136,371,23151,964,56287,California
Merced,2021-03-23,1836,78837,1108,44682,664,31409,64,2746,1354,34078,476,23627,1418,57705,California
Merced,2021-03-24,1470,80307,930,45612,505,31914,35,2781,990,34629,474,24101,1025,58730,California
Merced,2021-03-25,3323,83630,2280,47892,1020,32934,23,2804,2083,35510,1228,25329,2109,60839,California
Merced,2021-03-26,1939,85569,1091,48983,814,33748,34,2838,893,35400,1036,26365,926,61765,California
Merced,2021-03-27,3563,89132,1906,50889,1240,34988,417,3255,1553,35374,1997,28362,1971,63736,California
Merced,2021-03-28,523,89655,216,51105,299,35287,8,3263,214,35289,307,28669,222,63958,California
Merced,2021-03-29,1829,91484,780,51885,882,36169,167,3430,670,34980,1150,29819,841,64799,California
Merced,2021-03-30,2148,93632,803,52688,1286,37455,59,3489,990,34879,1152,30971,1051,65850,California
Merced,2021-03-31,2149,95781,1412,54100,699,38154,38,3527,954,34692,1180,32151,993,66843,California
Merced,2021-04-01,2274,98055,1028,55128,1118,39272,128,3655,1018,34590,1250,33401,1148,67991,California
Merced,2021-04-02,2334,100389,638,55766,1292,40564,404,4059,782,34242,1535,34936,1187,69178,California
Merced,2021-04-03,917,101306,439,56205,463,41027,15,4074,506,34358,407,35343,523,69701,California
Merced,2021-04-04,369,101675,143,56348,223,41250,3,4077,141,34277,227,35570,146,69847,California
Merced,2021-04-05,1273,102948,608,56956,453,41703,212,4289,418,34058,848,36418,629,70476,California
Merced,2021-04-06,2419,105367,893,57849,698,42401,828,5117,889,34248,1525,37943,1715,72191,California
Merced,2021-04-07,1662,107029,891,58740,663,43064,108,5225,587,33889,1057,39000,698,72889,California
Merced,2021-04-08,2328,109357,1197,59937,916,43980,215,5440,842,33489,1455,40455,1055,73944,California
Merced,2021-04-09,1693,111050,471,60408,646,44626,576,6016,566,33522,1111,41566,1144,75088,California
Merced,2021-04-10,853,111903,366,60774,300,44926,187,6203,175,33210,672,42238,360,75448,California
Merced,2021-04-11,488,112391,282,61056,72,44998,134,6337,148,33155,338,42576,283,75731,California
Merced,2021-04-12,1460,113851,944,62000,392,45390,124,6461,828,33511,596,43172,952,76683,California
Merced,2021-04-13,2044,115895,1464,63464,577,45967,3,6464,939,33443,1014,44186,946,77629,California
Merced,2021-04-14,2050,117945,1219,64683,831,46798,0,6464,903,33333,1015,45201,905,78534,California
Merced,2021-04-15,3019,120964,1976,66659,1043,47841,0,6464,953,32458,1834,47035,959,79493,California
Merced,2021-04-16,2378,123342,1165,67824,1213,49054,0,6464,969,32117,1310,48345,969,80462,California
Merced,2021-04-17,1989,125331,1331,69155,657,49711,1,6465,595,31327,1387,49732,597,81059,California
Merced,2021-04-18,469,125800,247,69402,222,49933,0,6465,191,31267,251,49983,191,81250,California
Merced,2021-04-19,1337,127137,751,70153,586,50519,0,6465,707,31440,535,50518,708,81958,California
Merced,2021-04-20,1472,128609,739,70892,733,51252,0,6465,802,31642,600,51118,802,82760,California
Merced,2021-04-21,1478,130087,890,71782,588,51840,0,6465,752,31780,614,51732,752,83512,California
Merced,2021-04-22,1616,131703,743,72525,873,52713,0,6465,782,31810,753,52485,783,84295,California
Merced,2021-04-23,1647,133350,684,73209,963,53676,0,6465,887,31984,714,53199,888,85183,California
Merced,2021-04-24,575,133925,405,73614,170,53846,0,6465,390,32193,181,53380,390,85573,California
Merced,2021-04-25,325,134250,185,73799,140,53986,0,6465,191,32253,131,53511,191,85764,California
Merced,2021-04-26,1202,135452,525,74324,677,54663,0,6465,628,32342,541,54052,630,86394,California
Merced,2021-04-27,1749,137201,883,75207,856,55519,10,6475,704,32079,978,55030,715,87109,California
Merced,2021-04-28,1370,138571,678,75885,683,56202,9,6484,783,32307,565,55595,793,87902,California
Merced,2021-04-29,1412,139983,601,76486,786,56988,25,6509,657,32245,746,56341,684,88586,California
Merced,2021-04-30,1456,141439,615,77101,797,57785,44,6553,749,32336,703,57044,794,89380,California
Merced,2021-05-01,557,141996,240,77341,312,58097,5,6558,258,32303,295,57339,262,89642,California
Merced,2021-05-02,296,142292,121,77462,160,58257,15,6573,132,32289,163,57502,149,89791,California
Merced,2021-05-03,839,143131,548,78010,221,58478,70,6643,298,32120,538,58040,369,90160,California
Merced,2021-05-04,1014,144145,543,78553,419,58897,52,6695,373,31907,638,58678,425,90585,California
Merced,2021-05-05,1209,145354,714,79267,419,59316,76,6771,530,31846,668,59346,607,91192,California
Merced,2021-05-06,905,146259,471,79738,384,59700,50,6821,303,31605,594,59940,353,91545,California
Merced,2021-05-07,929,147188,291,80029,596,60296,42,6863,392,31508,533,60473,436,91981,California
Merced,2021-05-08,396,147584,202,80231,158,60454,36,6899,180,31509,215,60688,216,92197,California
Merced,2021-05-09,213,147797,107,80338,99,60553,7,6906,102,31508,110,60798,109,92306,California
Merced,2021-05-10,692,148489,355,80693,301,60854,36,6942,191,31236,500,61298,228,92534,California
Merced,2021-05-11,1111,149600,654,81347,404,61258,53,6995,427,31038,678,61976,480,93014,California
Merced,2021-05-12,985,150585,526,81873,420,61678,39,7034,314,30723,668,62644,353,93367,California
Merced,2021-05-13,799,151384,401,82274,356,62034,42,7076,296,30563,499,63143,339,93706,California
Merced,2021-05-14,1005,152389,615,82889,350,62384,40,7116,526,30656,473,63616,566,94272,California
Merced,2021-05-15,747,153136,565,83454,163,62547,19,7135,443,30822,297,63913,463,94735,California
Merced,2021-05-16,347,153483,232,83686,107,62654,8,7143,200,30887,144,64057,209,94944,California
Merced,2021-05-17,1046,154529,666,84352,350,63004,30,7173,504,30884,538,64595,535,95479,California
Merced,2021-05-18,1264,155793,844,85196,389,63393,31,7204,718,31094,539,65134,749,96228,California
Merced,2021-05-19,1089,156882,740,85936,342,63735,7,7211,612,31244,473,65607,623,96851,California
Merced,2021-05-20,907,157789,467,86403,385,64120,55,7266,335,31064,570,66177,390,97241,California
Merced,2021-05-21,1062,158851,607,87010,429,64549,26,7292,433,30904,619,66796,459,97700,California
Merced,2021-05-22,596,159447,413,87423,170,64719,13,7305,346,31015,248,67044,359,98059,California
Merced,2021-05-23,275,159722,204,87627,60,64779,11,7316,196,31143,79,67123,207,98266,California
Merced,2021-05-24,525,160247,239,87866,256,65035,30,7346,215,31082,307,67430,246,98512,California
Merced,2021-05-25,757,161004,428,88294,295,65330,34,7380,403,31168,351,67781,437,98949,California
Merced,2021-05-26,834,161838,509,88803,292,65622,33,7413,321,31010,512,68293,354,99303,California
Merced,2021-05-27,920,162758,649,89452,238,65860,33,7446,574,31277,341,68634,608,99911,California
Merced,2021-05-28,760,163518,345,89797,368,66228,47,7493,338,31248,415,69049,386,100297,California
Merced,2021-05-29,393,163911,273,90070,112,66340,8,7501,174,31215,216,69265,183,100480,California
Merced,2021-05-30,213,164124,145,90215,57,66397,11,7512,135,31283,78,69343,146,100626,California
Merced,2021-05-31,110,164234,24,90239,80,66477,6,7518,31,31244,77,69420,38,100664,California
Merced,2021-06-01,777,165011,466,90705,282,66759,29,7547,341,31181,433,69853,370,101034,California
Merced,2021-06-02,627,165638,450,91155,155,66914,22,7569,346,31274,275,70128,368,101402,California
Merced,2021-06-03,305,165943,147,91302,141,67055,17,7586,147,31281,157,70285,164,101566,California
Merced,2021-06-04,141,166084,84,91386,52,67107,5,7591,72,31293,69,70354,81,101647,California
Merced,2021-06-05,22,166106,14,91400,5,67112,3,7594,6,31286,16,70370,9,101656,California
Modoc,2020-12-16,1,1,1,1,0,0,0,0,1,1,0,0,1,1,California
Modoc,2020-12-21,100,101,100,101,0,0,0,0,100,101,0,0,100,101,California
Modoc,2020-12-22,14,115,14,115,0,0,0,0,14,115,0,0,14,115,California
Modoc,2020-12-23,4,119,4,119,0,0,0,0,4,119,0,0,4,119,California
Modoc,2020-12-24,1,120,1,120,0,0,0,0,1,120,0,0,1,120,California
Modoc,2020-12-28,2,122,2,122,0,0,0,0,2,122,0,0,2,122,California
Modoc,2020-12-29,9,131,1,123,8,8,0,0,9,131,0,0,9,131,California
Modoc,2020-12-30,8,139,1,124,7,15,0,0,8,139,0,0,8,139,California
Modoc,2021-01-02,3,142,1,125,2,17,0,0,3,142,0,0,3,142,California
Modoc,2021-01-04,8,150,0,125,8,25,0,0,8,150,0,0,8,150,California
Modoc,2021-01-05,3,153,2,127,1,26,0,0,3,153,0,0,3,153,California
Modoc,2021-01-06,3,156,2,129,1,27,0,0,2,154,1,1,2,155,California
Modoc,2021-01-07,73,229,0,129,73,100,0,0,73,227,0,1,73,228,California
Modoc,2021-01-08,106,335,0,129,106,206,0,0,106,333,0,1,106,334,California
Modoc,2021-01-10,1,336,1,130,0,206,0,0,0,332,1,2,0,334,California
Modoc,2021-01-11,91,427,82,212,9,215,0,0,19,279,72,74,19,353,California
Modoc,2021-01-12,94,521,25,237,69,284,0,0,68,321,26,100,68,421,California
Modoc,2021-01-13,24,545,4,241,20,304,0,0,22,341,2,102,22,443,California
Modoc,2021-01-14,129,674,6,247,123,427,0,0,124,460,5,107,124,567,California
Modoc,2021-01-15,6,680,1,248,5,432,0,0,6,466,0,107,6,573,California
Modoc,2021-01-16,1,681,1,249,0,432,0,0,1,467,0,107,1,574,California
Modoc,2021-01-18,1,682,1,250,0,432,0,0,1,468,0,107,1,575,California
Modoc,2021-01-19,5,687,3,253,2,434,0,0,3,469,2,109,3,578,California
Modoc,2021-01-20,13,700,3,256,10,444,0,0,12,480,1,110,12,590,California
Modoc,2021-01-21,158,858,2,258,156,600,0,0,158,638,0,110,158,748,California
Modoc,2021-01-22,3,861,1,259,2,602,0,0,3,641,0,110,3,751,California
Modoc,2021-01-25,11,872,0,259,11,613,0,0,11,652,0,110,11,762,California
Modoc,2021-01-26,90,962,1,260,89,702,0,0,90,742,0,110,90,852,California
Modoc,2021-01-27,40,1002,3,263,37,739,0,0,25,752,15,125,25,877,California
Modoc,2021-01-28,148,1150,3,266,145,884,0,0,147,898,1,126,147,1024,California
Modoc,2021-01-29,4,1154,1,267,3,887,0,0,4,902,0,126,4,1028,California
Modoc,2021-02-01,26,1180,13,280,13,900,0,0,12,900,14,140,12,1040,California
Modoc,2021-02-02,171,1351,2,282,169,1069,0,0,168,1065,3,143,168,1208,California
Modoc,2021-02-03,18,1369,13,295,5,1074,0,0,11,1069,7,150,11,1219,California
Modoc,2021-02-04,158,1527,3,298,155,1229,0,0,29,969,129,279,29,1248,California
Modoc,2021-02-05,3,1530,2,300,1,1230,0,0,2,970,1,280,2,1250,California
Modoc,2021-02-08,10,1540,2,302,8,1238,0,0,9,978,1,281,9,1259,California
Modoc,2021-02-09,198,1738,12,314,186,1424,0,0,65,910,133,414,65,1324,California
Modoc,2021-02-10,6,1744,3,317,3,1427,0,0,4,912,2,416,4,1328,California
Modoc,2021-02-11,201,1945,3,320,198,1625,0,0,83,877,118,534,83,1411,California
Modoc,2021-02-12,7,1952,1,321,6,1631,0,0,3,876,4,538,3,1414,California
Modoc,2021-02-13,1,1953,0,321,1,1632,0,0,1,877,0,538,1,1415,California
Modoc,2021-02-16,147,2100,6,327,141,1773,0,0,143,1016,4,542,143,1558,California
Modoc,2021-02-17,25,2125,2,329,23,1796,0,0,12,1015,13,555,12,1570,California
Modoc,2021-02-18,189,2314,3,332,186,1982,0,0,23,875,165,720,25,1595,California
Modoc,2021-02-19,3,2317,3,335,0,1982,0,0,2,876,1,721,2,1597,California
Modoc,2021-02-20,1,2318,1,336,0,1982,0,0,0,875,1,722,0,1597,California
Modoc,2021-02-22,17,2335,9,345,8,1990,0,0,3,864,14,736,3,1600,California
Modoc,2021-02-23,52,2387,2,347,50,2040,0,0,8,828,44,780,8,1608,California
Modoc,2021-02-24,90,2477,1,348,89,2129,0,0,31,800,59,839,31,1639,California
Modoc,2021-02-25,170,2647,0,348,170,2299,0,0,12,654,158,997,12,1651,California
Modoc,2021-02-26,3,2650,0,348,3,2302,0,0,1,653,2,999,1,1652,California
Modoc,2021-02-27,3,2653,3,351,0,2302,0,0,2,654,1,1000,2,1654,California
Modoc,2021-03-01,5,2658,0,351,5,2307,0,0,0,650,4,1004,0,1654,California
Modoc,2021-03-02,194,2852,12,363,182,2489,0,0,26,508,168,1172,26,1680,California
Modoc,2021-03-03,12,2864,6,369,6,2495,0,0,2,500,10,1182,2,1682,California
Modoc,2021-03-04,176,3040,2,371,174,2669,0,0,147,618,29,1211,147,1829,California
Modoc,2021-03-05,3,3043,2,373,1,2670,0,0,2,619,1,1212,2,1831,California
Modoc,2021-03-06,11,3054,0,373,1,2671,10,10,1,620,10,1222,11,1842,California
Modoc,2021-03-07,8,3062,2,375,0,2671,6,16,2,622,6,1228,8,1850,California
Modoc,2021-03-08,8,3070,1,376,3,2674,4,20,1,621,6,1234,5,1855,California
Modoc,2021-03-09,127,3197,10,386,109,2783,8,28,61,624,66,1300,69,1924,California
Modoc,2021-03-10,9,3206,3,389,2,2785,4,32,4,627,5,1305,8,1932,California
Modoc,2021-03-11,207,3413,0,389,99,2884,108,140,22,572,185,1490,130,2062,California
Modoc,2021-03-12,10,3423,1,390,4,2888,5,145,4,575,6,1496,9,2071,California
Modoc,2021-03-13,4,3427,0,390,1,2889,3,148,1,576,3,1499,4,2075,California
Modoc,2021-03-15,14,3441,1,391,12,2901,1,149,12,587,2,1501,13,2088,California
Modoc,2021-03-16,173,3614,1,392,168,3069,4,153,42,501,131,1632,45,2133,California
Modoc,2021-03-17,10,3624,1,393,4,3073,5,158,2,500,8,1640,7,2140,California
Modoc,2021-03-18,67,3691,2,395,58,3131,7,165,36,512,31,1671,43,2183,California
Modoc,2021-03-19,5,3696,0,395,0,3131,5,170,0,512,5,1676,5,2188,California
Modoc,2021-03-20,5,3701,2,397,0,3131,3,173,0,510,5,1681,3,2191,California
Modoc,2021-03-21,4,3705,1,398,1,3132,2,175,2,512,2,1683,4,2195,California
Modoc,2021-03-22,17,3722,1,399,11,3143,5,180,12,524,5,1688,17,2212,California
Modoc,2021-03-23,54,3776,7,406,44,3187,3,183,39,551,15,1703,42,2254,California
Modoc,2021-03-24,29,3805,1,407,18,3205,10,193,1,534,28,1731,11,2265,California
Modoc,2021-03-25,78,3883,2,409,74,3279,2,195,46,550,32,1763,48,2313,California
Modoc,2021-03-26,7,3890,2,411,2,3281,3,198,2,550,5,1768,5,2318,California
Modoc,2021-03-27,2,3892,0,411,1,3282,1,199,1,551,1,1769,2,2320,California
Modoc,2021-03-28,2,3894,1,412,0,3282,1,200,0,550,2,1771,1,2321,California
Modoc,2021-03-29,15,3909,1,413,6,3288,8,208,6,555,9,1780,14,2335,California
Modoc,2021-03-30,54,3963,9,422,38,3326,7,215,20,548,34,1814,27,2362,California
Modoc,2021-03-31,9,3972,3,425,2,3328,4,219,3,549,6,1820,7,2369,California
Modoc,2021-04-01,169,4141,2,427,162,3490,5,224,34,453,135,1955,39,2408,California
Modoc,2021-04-02,5,4146,0,427,2,3492,3,227,1,454,3,1958,4,2412,California
Modoc,2021-04-03,4,4150,1,428,0,3492,3,230,1,455,2,1960,3,2415,California
Modoc,2021-04-05,10,4160,0,428,9,3501,1,231,9,464,1,1961,10,2425,California
Modoc,2021-04-06,24,4184,5,433,9,3510,10,241,6,462,18,1979,16,2441,California
Modoc,2021-04-07,12,4196,1,434,4,3514,7,248,3,463,9,1988,10,2451,California
Modoc,2021-04-08,96,4292,1,435,92,3606,3,251,26,422,70,2058,29,2480,California
Modoc,2021-04-09,11,4303,2,437,6,3612,3,254,2,417,9,2067,4,2484,California
Modoc,2021-04-10,5,4308,0,437,1,3613,4,258,0,416,5,2072,4,2488,California
Modoc,2021-04-11,2,4310,2,439,0,3613,0,258,1,416,1,2073,1,2489,California
Modoc,2021-04-12,14,4324,0,439,10,3623,4,262,1,410,11,2084,5,2494,California
Modoc,2021-04-13,33,4357,30,469,3,3626,0,262,22,421,11,2095,22,2516,California
Modoc,2021-04-14,2,4359,2,471,0,3626,0,262,1,421,1,2096,1,2517,California
Modoc,2021-04-15,101,4460,0,471,101,3727,0,262,28,376,73,2169,28,2545,California
Modoc,2021-04-16,6,4466,4,475,2,3729,0,262,5,380,1,2170,5,2550,California
Modoc,2021-04-17,2,4468,2,477,0,3729,0,262,2,382,0,2170,2,2552,California
Modoc,2021-04-18,1,4469,0,477,1,3730,0,262,1,383,0,2170,1,2553,California
Modoc,2021-04-19,6,4475,0,477,6,3736,0,262,1,379,5,2175,1,2554,California
Modoc,2021-04-20,40,4515,2,479,38,3774,0,262,9,357,31,2206,9,2563,California
Modoc,2021-04-21,3,4518,3,482,0,3774,0,262,1,356,2,2208,1,2564,California
Modoc,2021-04-22,96,4614,2,484,94,3868,0,262,38,336,58,2266,38,2602,California
Modoc,2021-04-23,4,4618,0,484,4,3872,0,262,3,338,1,2267,3,2605,California
Modoc,2021-04-24,2,4620,0,484,1,3873,1,263,1,339,1,2268,2,2607,California
Modoc,2021-04-25,1,4621,1,485,0,3873,0,263,1,340,0,2268,1,2608,California
Modoc,2021-04-26,8,4629,0,485,8,3881,0,263,2,336,6,2274,2,2610,California
Modoc,2021-04-27,5,4634,4,489,0,3881,1,264,0,332,5,2279,1,2611,California
Modoc,2021-04-28,6,4640,1,490,4,3885,1,265,2,331,4,2283,3,2614,California
Modoc,2021-04-29,65,4705,1,491,64,3949,0,265,21,308,44,2327,21,2635,California
Modoc,2021-04-30,3,4708,2,493,1,3950,0,265,1,307,2,2329,1,2636,California
Modoc,2021-05-01,1,4709,1,494,0,3950,0,265,0,306,1,2330,0,2636,California
Modoc,2021-05-02,4,4713,3,497,1,3951,0,265,3,308,1,2331,3,2639,California
Modoc,2021-05-03,13,4726,0,497,12,3963,1,266,3,302,10,2341,4,2643,California
Modoc,2021-05-04,11,4737,3,500,6,3969,2,268,5,303,6,2347,7,2650,California
Modoc,2021-05-05,28,4765,25,525,2,3971,1,269,8,292,20,2367,9,2659,California
Modoc,2021-05-06,54,4819,3,528,49,4020,2,271,21,282,33,2400,23,2682,California
Modoc,2021-05-07,8,4827,3,531,3,4023,2,273,2,280,6,2406,4,2686,California
Modoc,2021-05-08,3,4830,2,533,0,4023,1,274,1,280,2,2408,2,2688,California
Modoc,2021-05-09,1,4831,1,534,0,4023,0,274,0,279,1,2409,0,2688,California
Modoc,2021-05-10,2,4833,0,534,1,4024,1,275,1,280,1,2410,2,2690,California
Modoc,2021-05-11,3,4836,2,536,0,4024,1,276,0,278,3,2413,1,2691,California
Modoc,2021-05-12,2,4838,0,536,0,4024,2,278,0,278,2,2415,2,2693,California
Modoc,2021-05-13,43,4881,0,536,39,4063,4,282,14,267,29,2444,18,2711,California
Modoc,2021-05-14,9,4890,3,539,1,4064,5,287,4,271,5,2449,9,2720,California
Modoc,2021-05-15,4,4894,3,542,1,4065,0,287,4,275,0,2449,4,2724,California
Modoc,2021-05-16,2,4896,1,543,1,4066,0,287,0,273,2,2451,0,2724,California
Modoc,2021-05-17,7,4903,3,546,4,4070,0,287,4,274,3,2454,4,2728,California
Modoc,2021-05-18,25,4928,12,558,11,4081,2,289,14,279,11,2465,16,2744,California
Modoc,2021-05-19,8,4936,1,559,3,4084,4,293,4,283,4,2469,8,2752,California
Modoc,2021-05-20,58,4994,3,562,46,4130,9,302,8,250,50,2519,17,2769,California
Modoc,2021-05-21,5,4999,3,565,1,4131,1,303,2,250,3,2522,3,2772,California
Modoc,2021-05-22,2,5001,2,567,0,4131,0,303,1,250,1,2523,1,2773,California
Modoc,2021-05-23,2,5003,2,569,0,4131,0,303,0,248,2,2525,0,2773,California
Modoc,2021-05-24,4,5007,1,570,1,4132,2,305,2,250,2,2527,4,2777,California
Modoc,2021-05-25,2,5009,1,571,1,4133,0,305,1,250,1,2528,1,2778,California
Modoc,2021-05-26,35,5044,32,603,3,4136,0,305,25,266,10,2538,26,2804,California
Modoc,2021-05-27,30,5074,2,605,22,4158,6,311,7,256,23,2561,13,2817,California
Modoc,2021-05-28,8,5082,1,606,4,4162,3,314,3,257,5,2566,6,2823,California
Modoc,2021-05-29,1,5083,1,607,0,4162,0,314,0,256,1,2567,0,2823,California
Modoc,2021-06-01,7,5090,0,607,6,4168,1,315,2,254,5,2572,3,2826,California
Modoc,2021-06-02,11,5101,0,607,9,4177,2,317,5,255,6,2578,7,2833,California
Modoc,2021-06-03,24,5125,1,608,21,4198,2,319,4,241,20,2598,6,2839,California
Modoc,2021-06-04,2,5127,1,609,1,4199,0,319,0,239,2,2600,0,2839,California
Mono,2020-12-18,1,1,1,1,0,0,0,0,1,1,0,0,1,1,California
Mono,2020-12-19,5,6,5,6,0,0,0,0,5,6,0,0,5,6,California
Mono,2020-12-20,7,13,7,13,0,0,0,0,7,13,0,0,7,13,California
Mono,2020-12-21,24,37,17,30,7,7,0,0,24,37,0,0,24,37,California
Mono,2020-12-22,67,104,66,96,1,8,0,0,67,104,0,0,67,104,California
Mono,2020-12-23,71,175,43,139,28,36,0,0,71,175,0,0,71,175,California
Mono,2020-12-24,3,178,1,140,2,38,0,0,3,178,0,0,3,178,California
Mono,2020-12-26,3,181,3,143,0,38,0,0,3,181,0,0,3,181,California
Mono,2020-12-27,1,182,0,143,1,39,0,0,1,182,0,0,1,182,California
Mono,2020-12-28,94,276,63,206,31,70,0,0,94,276,0,0,94,276,California
Mono,2020-12-29,29,305,29,235,0,70,0,0,29,305,0,0,29,305,California
Mono,2020-12-30,77,382,36,271,41,111,0,0,77,382,0,0,77,382,California
Mono,2020-12-31,4,386,1,272,3,114,0,0,4,386,0,0,4,386,California
Mono,2021-01-01,4,390,4,276,0,114,0,0,4,390,0,0,4,390,California
Mono,2021-01-02,2,392,2,278,0,114,0,0,2,392,0,0,2,392,California
Mono,2021-01-04,2,394,0,278,2,116,0,0,2,394,0,0,2,394,California
Mono,2021-01-05,45,439,2,280,43,159,0,0,44,437,1,1,44,438,California
Mono,2021-01-06,48,487,0,280,48,207,0,0,48,485,0,1,48,486,California
Mono,2021-01-07,55,542,3,283,52,259,0,0,53,537,2,3,54,540,California
Mono,2021-01-08,2,544,1,284,1,260,0,0,1,537,1,4,1,541,California
Mono,2021-01-09,4,548,4,288,0,260,0,0,0,533,4,8,0,541,California
Mono,2021-01-10,5,553,5,293,0,260,0,0,0,528,5,13,0,541,California
Mono,2021-01-11,8,561,5,298,3,263,0,0,4,528,4,17,4,545,California
Mono,2021-01-12,285,846,77,375,208,471,0,0,220,684,64,81,220,765,California
Mono,2021-01-13,233,1079,73,448,160,631,0,0,178,807,55,136,178,943,California
Mono,2021-01-14,74,1153,71,519,3,634,0,0,74,881,0,136,74,1017,California
Mono,2021-01-15,66,1219,2,521,64,698,0,0,66,947,0,136,66,1083,California
Mono,2021-01-16,4,1223,3,524,1,699,0,0,1,945,3,139,1,1084,California
Mono,2021-01-18,64,1287,55,579,9,708,0,0,2,885,62,201,2,1086,California
Mono,2021-01-19,211,1498,209,788,2,710,0,0,173,1021,38,239,174,1260,California
Mono,2021-01-20,231,1729,199,987,32,742,0,0,170,1130,61,300,170,1430,California
Mono,2021-01-21,6,1735,3,990,3,745,0,0,6,1136,0,300,6,1436,California
Mono,2021-01-22,4,1739,0,990,4,749,0,0,4,1140,0,300,4,1440,California
Mono,2021-01-23,591,2330,591,1581,0,749,0,0,590,1729,1,301,590,2030,California
Mono,2021-01-24,1,2331,0,1581,1,750,0,0,0,1728,1,302,0,2030,California
Mono,2021-01-25,202,2533,164,1745,38,788,0,0,163,1852,39,341,163,2193,California
Mono,2021-01-26,505,3038,503,2248,2,790,0,0,499,2345,6,347,499,2692,California
Mono,2021-01-27,5,3043,1,2249,4,794,0,0,5,2350,0,347,5,2697,California
Mono,2021-01-28,6,3049,2,2251,4,798,0,0,2,2348,4,351,2,2699,California
Mono,2021-01-30,200,3249,198,2449,2,800,0,0,199,2546,1,352,199,2898,California
Mono,2021-01-31,246,3495,138,2587,108,908,0,0,139,2578,107,459,139,3037,California
Mono,2021-02-01,27,3522,27,2614,0,908,0,0,0,2551,27,486,0,3037,California
Mono,2021-02-02,5,3527,0,2614,5,913,0,0,2,2550,3,489,2,3039,California
Mono,2021-02-03,5,3532,2,2616,3,916,0,0,2,2549,3,492,2,3041,California
Mono,2021-02-04,212,3744,158,2774,54,970,0,0,91,2520,120,612,91,3132,California
Mono,2021-02-05,619,4363,613,3387,6,976,0,0,616,3133,3,615,616,3748,California
Mono,2021-02-06,138,4501,137,3524,1,977,0,0,137,3269,1,616,137,3885,California
Mono,2021-02-07,2,4503,0,3524,2,979,0,0,2,3271,0,616,2,3887,California
Mono,2021-02-08,173,4676,173,3697,0,979,0,0,15,3129,157,773,15,3902,California
Mono,2021-02-09,227,4903,6,3703,221,1200,0,0,14,2930,213,986,14,3916,California
Mono,2021-02-10,537,5440,187,3890,350,1550,0,0,193,2780,344,1330,194,4110,California
Mono,2021-02-11,8,5448,4,3894,4,1554,0,0,2,2776,6,1336,2,4112,California
Mono,2021-02-12,89,5537,21,3915,68,1622,0,0,27,2741,62,1398,27,4139,California
Mono,2021-02-13,584,6121,584,4499,0,1622,0,0,27,2212,556,1954,27,4166,California
Mono,2021-02-15,166,6287,164,4663,2,1624,0,0,3,2054,161,2115,3,4169,California
Mono,2021-02-16,518,6805,514,5177,4,1628,0,0,46,1631,469,2584,46,4215,California
Mono,2021-02-17,6,6811,2,5179,4,1632,0,0,2,1629,4,2588,2,4217,California
Mono,2021-02-18,6,6817,2,5181,4,1636,0,0,2,1627,4,2592,2,4219,California
Mono,2021-02-19,53,6870,52,5233,1,1637,0,0,53,1680,0,2592,53,4272,California
Mono,2021-02-20,5,6875,5,5238,0,1637,0,0,5,1685,0,2592,5,4277,California
Mono,2021-02-21,6,6881,6,5244,0,1637,0,0,4,1687,2,2594,4,4281,California
Mono,2021-02-22,283,7164,282,5526,1,1638,0,0,24,1453,258,2852,24,4305,California
Mono,2021-02-23,138,7302,118,5644,20,1658,0,0,22,1359,116,2968,22,4327,California
Mono,2021-02-24,11,7313,3,5647,8,1666,0,0,4,1356,7,2975,4,4331,California
Mono,2021-02-25,5,7318,2,5649,3,1669,0,0,3,1358,1,2976,3,4334,California
Mono,2021-02-26,599,7917,597,6246,2,1671,0,0,20,800,578,3554,20,4354,California
Mono,2021-02-27,141,8058,137,6383,4,1675,0,0,4,669,135,3689,4,4358,California
Mono,2021-03-01,2,8060,2,6385,0,1675,0,0,1,670,0,3689,1,4359,California
Mono,2021-03-02,8,8068,4,6389,4,1679,0,0,6,674,2,3691,6,4365,California
Mono,2021-03-03,113,8181,2,6391,111,1790,0,0,110,782,2,3693,110,4475,California
Mono,2021-03-04,6,8187,1,6392,5,1795,0,0,3,782,3,3696,3,4478,California
Mono,2021-03-05,38,8225,29,6421,9,1804,0,0,12,768,26,3722,12,4490,California
Mono,2021-03-06,513,8738,18,6439,495,2299,0,0,504,1266,7,3729,505,4995,California
Mono,2021-03-07,1,8739,0,6439,1,2300,0,0,0,1265,1,3730,0,4995,California
Mono,2021-03-08,544,9283,11,6450,530,2830,3,3,535,1794,9,3739,538,5533,California
Mono,2021-03-09,6,9289,2,6452,3,2833,1,4,3,1796,2,3741,4,5537,California
Mono,2021-03-10,285,9574,89,6541,193,3026,3,7,9,1535,273,4014,12,5549,California
Mono,2021-03-11,10,9584,0,6541,1,3027,9,16,0,1534,10,4024,9,5558,California
Mono,2021-03-12,7,9591,1,6542,1,3028,5,21,0,1532,7,4031,5,5563,California
Mono,2021-03-13,831,10422,394,6936,436,3464,1,22,821,2344,10,4041,822,6385,California
Mono,2021-03-14,5,10427,5,6941,0,3464,0,22,1,2341,4,4045,1,6386,California
Mono,2021-03-15,31,10458,23,6964,3,3467,5,27,14,2344,16,4061,19,6405,California
Mono,2021-03-16,17,10475,6,6970,5,3472,6,33,8,2349,9,4070,14,6419,California
Mono,2021-03-17,32,10507,4,6974,20,3492,8,41,20,2365,12,4082,28,6447,California
Mono,2021-03-18,21,10528,2,6976,11,3503,8,49,9,2370,12,4094,17,6464,California
Mono,2021-03-19,21,10549,1,6977,17,3520,3,52,17,2387,3,4097,20,6484,California
Mono,2021-03-20,5,10554,3,6980,1,3521,1,53,4,2391,1,4098,5,6489,California
Mono,2021-03-22,11,10565,0,6980,6,3527,5,58,5,2395,6,4104,10,6499,California
Mono,2021-03-23,43,10608,6,6986,32,3559,5,63,17,2391,26,4130,22,6521,California
Mono,2021-03-24,13,10621,1,6987,7,3566,5,68,5,2393,8,4138,10,6531,California
Mono,2021-03-25,18,10639,2,6989,12,3578,4,72,12,2403,6,4144,16,6547,California
Mono,2021-03-26,19,10658,3,6992,11,3589,5,77,10,2410,8,4152,15,6562,California
Mono,2021-03-27,359,11017,356,7348,3,3592,0,77,333,2717,26,4178,333,6895,California
Mono,2021-03-29,11,11028,3,7351,7,3599,1,78,9,2725,2,4180,10,6905,California
Mono,2021-03-30,14,11042,0,7351,10,3609,4,82,7,2729,7,4187,11,6916,California
Mono,2021-03-31,134,11176,8,7359,125,3734,1,83,22,2641,111,4298,23,6939,California
Mono,2021-04-01,9,11185,0,7359,8,3742,1,84,4,2641,5,4303,5,6944,California
Mono,2021-04-02,18,11203,2,7361,16,3758,0,84,8,2639,10,4313,8,6952,California
Mono,2021-04-03,879,12082,380,7741,499,4257,0,84,51,1864,826,5139,51,7003,California
Mono,2021-04-04,1,12083,1,7742,0,4257,0,84,0,1863,1,5140,0,7003,California
Mono,2021-04-05,541,12624,18,7760,522,4779,1,85,34,1392,506,5646,35,7038,California
Mono,2021-04-06,19,12643,1,7761,5,4784,13,98,1,1388,18,5664,14,7052,California
Mono,2021-04-07,24,12667,3,7764,2,4786,19,117,3,1389,21,5685,22,7074,California
Mono,2021-04-08,23,12690,4,7768,2,4788,17,134,5,1393,18,5703,22,7096,California
Mono,2021-04-09,37,12727,4,7772,4,4792,29,163,7,1399,30,5733,36,7132,California
Mono,2021-04-10,452,13179,2,7774,443,5235,7,170,30,1014,422,6155,37,7169,California
Mono,2021-04-12,6,13185,0,7774,3,5238,3,173,3,1017,3,6158,6,7175,California
Mono,2021-04-13,20,13205,2,7776,17,5255,1,174,14,1026,6,6164,15,7190,California
Mono,2021-04-14,25,13230,1,7777,24,5279,0,174,7,1015,18,6182,7,7197,California
Mono,2021-04-15,20,13250,5,7782,15,5294,0,174,11,1017,9,6191,11,7208,California
Mono,2021-04-16,17,13267,1,7783,16,5310,0,174,6,1012,11,6202,6,7214,California
Mono,2021-04-17,51,13318,2,7785,49,5359,0,174,44,1049,7,6209,44,7258,California
Mono,2021-04-18,1,13319,0,7785,1,5360,0,174,1,1050,0,6209,1,7259,California
Mono,2021-04-19,533,13852,324,8109,209,5569,0,174,202,923,329,6538,202,7461,California
Mono,2021-04-20,15,13867,2,8111,13,5582,0,174,10,928,5,6543,10,7471,California
Mono,2021-04-21,8,13875,1,8112,7,5589,0,174,2,924,6,6549,2,7473,California
Mono,2021-04-22,25,13900,11,8123,14,5603,0,174,11,921,14,6563,11,7484,California
Mono,2021-04-23,22,13922,2,8125,20,5623,0,174,12,923,10,6573,12,7496,California
Mono,2021-04-24,36,13958,22,8147,14,5637,0,174,21,929,15,6588,21,7517,California
Mono,2021-04-25,5,13963,4,8151,1,5638,0,174,5,934,0,6588,5,7522,California
Mono,2021-04-26,12,13975,1,8152,11,5649,0,174,3,928,9,6597,3,7525,California
Mono,2021-04-27,66,14041,40,8192,19,5668,7,181,50,969,16,6613,57,7582,California
Mono,2021-04-28,64,14105,41,8233,18,5686,5,186,48,1008,14,6627,53,7635,California
Mono,2021-04-29,10,14115,3,8236,4,5690,3,189,3,1007,7,6634,6,7641,California
Mono,2021-04-30,18,14133,3,8239,12,5702,3,192,8,1008,10,6644,11,7652,California
Mono,2021-05-01,108,14241,4,8243,104,5806,0,192,96,1092,12,6656,96,7748,California
Mono,2021-05-02,1,14242,1,8244,0,5806,0,192,1,1093,0,6656,1,7749,California
Mono,2021-05-03,1,14243,0,8244,1,5807,0,192,0,1092,1,6657,0,7749,California
Mono,2021-05-04,18,14261,0,8244,13,5820,5,197,10,1099,8,6665,15,7764,California
Mono,2021-05-05,52,14313,8,8252,40,5860,4,201,45,1141,7,6672,49,7813,California
Mono,2021-05-06,12,14325,2,8254,9,5869,1,202,8,1146,4,6676,9,7822,California
Mono,2021-05-07,29,14354,22,8276,7,5876,0,202,25,1167,4,6680,25,7847,California
Mono,2021-05-08,52,14406,7,8283,45,5921,0,202,22,1159,30,6710,22,7869,California
Mono,2021-05-09,1,14407,1,8284,0,5921,0,202,0,1159,0,6710,0,7869,California
Mono,2021-05-10,17,14424,1,8285,12,5933,4,206,9,1164,8,6718,13,7882,California
Mono,2021-05-11,16,14440,2,8287,11,5944,3,209,5,1161,11,6729,8,7890,California
Mono,2021-05-12,12,14452,0,8287,11,5955,1,210,4,1158,8,6737,5,7895,California
Mono,2021-05-13,44,14496,31,8318,13,5968,0,210,36,1186,8,6745,36,7931,California
Mono,2021-05-14,10,14506,1,8319,8,5976,1,211,5,1187,5,6750,6,7937,California
Mono,2021-05-15,70,14576,28,8347,35,6011,7,218,20,1164,50,6800,27,7964,California
Mono,2021-05-16,6,14582,5,8352,1,6012,0,218,3,1164,3,6803,3,7967,California
Mono,2021-05-17,248,14830,33,8385,208,6220,7,225,53,1031,194,6997,61,8028,California
Mono,2021-05-18,133,14963,109,8494,23,6243,1,226,87,1073,46,7043,88,8116,California
Mono,2021-05-19,118,15081,112,8606,1,6244,5,231,75,1110,43,7086,80,8196,California
Mono,2021-05-20,69,15150,54,8660,10,6254,5,236,52,1150,17,7103,57,8253,California
Mono,2021-05-21,24,15174,4,8664,17,6271,3,239,11,1151,13,7116,14,8267,California
Mono,2021-05-22,19,15193,10,8674,7,6278,2,241,13,1160,6,7122,15,8282,California
Mono,2021-05-23,2,15195,0,8674,2,6280,0,241,1,1160,1,7123,1,8283,California
Mono,2021-05-24,16,15211,2,8676,13,6293,1,242,9,1164,7,7130,11,8294,California
Mono,2021-05-25,14,15225,5,8681,9,6302,0,242,7,1164,7,7137,7,8301,California
Mono,2021-05-26,18,15243,2,8683,15,6317,1,243,7,1161,11,7148,8,8309,California
Mono,2021-05-27,9,15252,0,8683,9,6326,0,243,6,1165,2,7150,6,8315,California
Mono,2021-05-28,41,15293,28,8711,13,6339,0,243,10,1144,31,7181,10,8325,California
Mono,2021-05-29,128,15421,27,8738,98,6437,3,246,32,1083,96,7277,35,8360,California
Mono,2021-06-01,15,15436,7,8745,8,6445,0,246,8,1084,7,7284,8,8368,California
Mono,2021-06-02,48,15484,4,8749,44,6489,0,246,11,1058,37,7321,11,8379,California
Mono,2021-06-03,11,15495,1,8750,7,6496,3,249,1,1052,10,7331,4,8383,California
Mono,2021-06-04,12,15507,1,8751,10,6506,1,250,3,1047,9,7340,4,8387,California
Mono,2021-06-05,38,15545,22,8773,16,6522,0,250,2,1013,36,7376,2,8389,California
Monterey,2020-12-16,5,5,5,5,0,0,0,0,5,5,0,0,5,5,California
Monterey,2020-12-17,87,92,87,92,0,0,0,0,87,92,0,0,87,92,California
Monterey,2020-12-18,491,583,491,583,0,0,0,0,491,583,0,0,491,583,California
Monterey,2020-12-19,583,1166,582,1165,1,1,0,0,582,1165,0,0,582,1165,California
Monterey,2020-12-20,421,1587,421,1586,0,1,0,0,421,1586,0,0,421,1586,California
Monterey,2020-12-21,725,2312,725,2311,0,1,0,0,725,2311,0,0,725,2311,California
Monterey,2020-12-22,540,2852,527,2838,13,14,0,0,540,2851,0,0,540,2851,California
Monterey,2020-12-23,443,3295,266,3104,177,191,0,0,443,3294,0,0,443,3294,California
Monterey,2020-12-24,84,3379,10,3114,74,265,0,0,84,3378,0,0,84,3378,California
Monterey,2020-12-25,6,3385,0,3114,6,271,0,0,6,3384,0,0,6,3384,California
Monterey,2020-12-26,92,3477,5,3119,87,358,0,0,92,3476,0,0,92,3476,California
Monterey,2020-12-27,6,3483,3,3122,3,361,0,0,6,3482,0,0,6,3482,California
Monterey,2020-12-28,483,3966,25,3147,458,819,0,0,483,3965,0,0,483,3965,California
Monterey,2020-12-29,904,4870,168,3315,736,1555,0,0,904,4869,0,0,904,4869,California
Monterey,2020-12-30,572,5442,100,3415,472,2027,0,0,572,5441,0,0,572,5441,California
Monterey,2020-12-31,33,5475,11,3426,22,2049,0,0,33,5474,0,0,33,5474,California
Monterey,2021-01-01,13,5488,3,3429,10,2059,0,0,13,5487,0,0,13,5487,California
Monterey,2021-01-02,138,5626,135,3564,3,2062,0,0,138,5625,0,0,138,5625,California
Monterey,2021-01-03,31,5657,30,3594,1,2063,0,0,31,5656,0,0,31,5656,California
Monterey,2021-01-04,414,6071,19,3613,395,2458,0,0,414,6070,0,0,414,6070,California
Monterey,2021-01-05,759,6830,331,3944,428,2886,0,0,745,6801,14,14,745,6815,California
Monterey,2021-01-06,665,7495,177,4121,488,3374,0,0,642,7420,23,37,642,7457,California
Monterey,2021-01-07,754,8249,575,4696,179,3553,0,0,428,7524,324,361,428,7885,California
Monterey,2021-01-08,1102,9351,743,5439,359,3912,0,0,399,7220,703,1064,399,8284,California
Monterey,2021-01-09,968,10319,936,6375,32,3944,0,0,315,6884,651,1715,315,8599,California
Monterey,2021-01-10,275,10594,272,6647,3,3947,0,0,9,6627,266,1981,9,8608,California
Monterey,2021-01-11,1076,11670,991,7638,85,4032,0,0,368,6287,708,2689,368,8976,California
Monterey,2021-01-12,476,12146,394,8032,82,4114,0,0,214,6239,262,2951,214,9190,California
Monterey,2021-01-13,1221,13367,594,8626,627,4741,0,0,1175,7368,46,2997,1175,10365,California
Monterey,2021-01-14,1131,14498,169,8795,962,5703,0,0,1112,8465,19,3016,1116,11481,California
Monterey,2021-01-15,1064,15562,46,8841,1018,6721,0,0,1051,9503,13,3029,1051,12532,California
Monterey,2021-01-16,366,15928,301,9142,65,6786,0,0,361,9859,5,3034,361,12893,California
Monterey,2021-01-17,312,16240,292,9434,20,6806,0,0,300,10147,12,3046,300,13193,California
Monterey,2021-01-18,410,16650,49,9483,361,7167,0,0,388,10513,22,3068,388,13581,California
Monterey,2021-01-19,585,17235,397,9880,188,7355,0,0,425,10780,158,3226,425,14006,California
Monterey,2021-01-20,547,17782,270,10150,277,7632,0,0,339,10911,208,3434,339,14345,California
Monterey,2021-01-21,868,18650,94,10244,774,8406,0,0,756,11559,112,3546,760,15105,California
Monterey,2021-01-22,1066,19716,197,10441,869,9275,0,0,1027,12547,39,3585,1027,16132,California
Monterey,2021-01-23,245,19961,176,10617,69,9344,0,0,120,12545,124,3709,122,16254,California
Monterey,2021-01-24,57,20018,38,10655,19,9363,0,0,23,12534,34,3743,23,16277,California
Monterey,2021-01-25,822,20840,180,10835,642,10005,0,0,188,12095,627,4370,188,16465,California
Monterey,2021-01-26,968,21808,230,11065,738,10743,0,0,266,11659,702,5072,266,16731,California
Monterey,2021-01-27,893,22701,319,11384,574,11317,0,0,410,11586,483,5555,410,17141,California
Monterey,2021-01-28,2045,24746,743,12127,1302,12619,0,0,1703,12949,342,5897,1705,18846,California
Monterey,2021-01-29,1288,26034,712,12839,576,13195,0,0,1170,14003,117,6014,1171,20017,California
Monterey,2021-01-30,477,26511,297,13136,180,13375,0,0,220,13966,257,6271,220,20237,California
Monterey,2021-01-31,501,27012,76,13212,425,13800,0,0,490,14446,11,6282,491,20728,California
Monterey,2021-02-01,1668,28680,1155,14367,513,14313,0,0,1099,14977,568,6850,1099,21827,California
Monterey,2021-02-02,2183,30863,463,14830,1720,16033,0,0,1573,15941,609,7459,1573,23400,California
Monterey,2021-02-03,2361,33224,1068,15898,1293,17326,0,0,1579,16742,778,8237,1579,24979,California
Monterey,2021-02-04,2812,36036,2094,17992,718,18044,0,0,2498,18929,311,8548,2498,27477,California
Monterey,2021-02-05,3702,39738,2852,20844,850,18894,0,0,3260,21752,437,8985,3260,30737,California
Monterey,2021-02-06,1126,40864,380,21224,746,19640,0,0,778,22184,346,9331,778,31515,California
Monterey,2021-02-07,322,41186,270,21494,52,19692,0,0,104,22070,218,9549,104,31619,California
Monterey,2021-02-08,529,41715,292,21786,237,19929,0,0,434,22409,95,9644,434,32053,California
Monterey,2021-02-09,897,42612,692,22478,205,20134,0,0,582,22678,315,9959,584,32637,California
Monterey,2021-02-10,2121,44733,1113,23591,1008,21142,0,0,1267,23093,854,10813,1269,33906,California
Monterey,2021-02-11,2519,47252,973,24564,1546,22688,0,0,1553,23684,964,11777,1555,35461,California
Monterey,2021-02-12,2621,49873,435,24999,2186,24874,0,0,1538,24141,1082,12859,1539,37000,California
Monterey,2021-02-13,1089,50962,47,25046,1042,25916,0,0,999,25051,89,12948,999,37999,California
Monterey,2021-02-14,611,51573,74,25120,537,26453,0,0,538,25516,73,13021,538,38537,California
Monterey,2021-02-15,1390,52963,165,25285,1225,27678,0,0,993,26115,395,13416,994,39531,California
Monterey,2021-02-16,1104,54067,245,25530,859,28537,0,0,876,26763,228,13644,876,40407,California
Monterey,2021-02-17,1979,56046,1175,26705,804,29341,0,0,1660,28109,316,13960,1662,42069,California
Monterey,2021-02-18,2265,58311,1183,27888,1082,30423,0,0,918,27696,1333,15293,920,42989,California
Monterey,2021-02-19,2968,61279,1543,29431,1425,31848,0,0,1363,27456,1604,16897,1364,44353,California
Monterey,2021-02-20,1054,62333,643,30074,411,32259,0,0,992,28387,61,16958,992,45345,California
Monterey,2021-02-21,1261,63594,1230,31304,31,32290,0,0,1188,29504,71,17029,1188,46533,California
Monterey,2021-02-22,1031,64625,875,32179,156,32446,0,0,657,29789,372,17401,657,47190,California
Monterey,2021-02-23,988,65613,625,32804,363,32809,0,0,308,29419,679,18080,309,47499,California
Monterey,2021-02-24,2522,68135,1346,34150,1176,33985,0,0,1866,30635,651,18731,1867,49366,California
Monterey,2021-02-25,4463,72598,2444,36594,2019,36004,0,0,1506,29192,2950,21681,1507,50873,California
Monterey,2021-02-26,5323,77921,3099,39693,2224,38228,0,0,2642,29157,2678,24359,2643,53516,California
Monterey,2021-02-27,1047,78968,190,39883,857,39085,0,0,822,29759,220,24579,822,54338,California
Monterey,2021-02-28,1552,80520,87,39970,1465,40550,0,0,1084,30380,463,25042,1084,55422,California
Monterey,2021-03-01,1310,81830,157,40127,1150,41700,3,3,760,30599,545,25587,764,56186,California
Monterey,2021-03-02,2822,84652,1743,41870,1079,42779,0,3,1948,31677,870,26457,1948,58134,California
Monterey,2021-03-03,3237,87889,1250,43120,1987,44766,0,3,1292,31028,1942,28399,1293,59427,California
Monterey,2021-03-04,4635,92524,1486,44606,3149,47915,0,3,2999,32396,1631,30030,2999,62426,California
Monterey,2021-03-05,3697,96221,1628,46234,1791,49706,278,281,3021,35020,675,30705,3299,65725,California
Monterey,2021-03-06,5164,101385,1127,47361,3728,53434,309,590,4234,38634,927,31632,4541,70266,California
Monterey,2021-03-07,528,101913,106,47467,172,53606,250,840,231,38816,297,31929,479,70745,California
Monterey,2021-03-08,1671,103584,329,47796,954,54560,388,1228,1120,39771,551,32480,1506,72251,California
Monterey,2021-03-09,2010,105594,696,48492,1040,55600,274,1502,1506,41046,503,32983,1778,74029,California
Monterey,2021-03-10,3240,108834,1045,49537,1706,57306,489,1991,1491,41281,1745,34728,1980,76009,California
Monterey,2021-03-11,4194,113028,1419,50956,2400,59706,375,2366,2411,42291,1776,36504,2786,78795,California
Monterey,2021-03-12,4462,117490,2058,53014,2257,61963,147,2513,2752,43482,1707,38211,2898,81693,California
Monterey,2021-03-13,5350,122840,989,54003,4013,65976,348,2861,4002,46485,1347,39558,4350,86043,California
Monterey,2021-03-14,2178,125018,1346,55349,807,66783,25,2886,585,45512,1583,41141,610,86653,California
Monterey,2021-03-15,3987,129005,1276,56625,2421,69204,290,3176,2282,46382,1701,42842,2571,89224,California
Monterey,2021-03-16,3551,132556,585,57210,2589,71793,377,3553,2123,47452,1426,44268,2496,91720,California
Monterey,2021-03-17,5893,138449,2395,59605,3241,75034,257,3810,4271,50370,1615,45883,4533,96253,California
Monterey,2021-03-18,4509,142958,2194,61799,2144,77178,171,3981,3130,52334,1374,47257,3338,99591,California
Monterey,2021-03-19,5525,148483,2573,64372,2802,79980,150,4131,4226,55417,1294,48551,4377,103968,California
Monterey,2021-03-20,3372,151855,426,64798,2252,82232,694,4825,2280,57303,1088,49639,2974,106942,California
Monterey,2021-03-21,639,152494,207,65005,423,82655,9,4834,568,57810,69,49708,576,107518,California
Monterey,2021-03-22,2501,154995,1445,66450,993,83648,63,4897,2281,59936,216,49924,2342,109860,California
Monterey,2021-03-23,4059,159054,2383,68833,1633,85281,43,4940,2579,61084,1474,51398,2622,112482,California
Monterey,2021-03-24,5177,164231,2167,71000,2695,87976,315,5255,3804,63830,1370,52768,4116,116598,California
Monterey,2021-03-25,5352,169583,1239,72239,3754,91730,359,5614,2692,64230,2652,55420,3052,119650,California
Monterey,2021-03-26,5497,175080,2647,74886,2773,94503,77,5691,2827,64477,2659,58079,2906,122556,California
Monterey,2021-03-27,4943,180023,1514,76400,3172,97675,257,5948,3150,66096,1790,59869,3409,125965,California
Monterey,2021-03-28,1128,181151,350,76750,769,98444,9,5957,633,66248,490,60359,642,126607,California
Monterey,2021-03-29,3251,184402,1432,78182,1805,100249,14,5971,2020,67064,1223,61582,2039,128646,California
Monterey,2021-03-30,4560,188962,2148,80330,2359,102608,53,6024,2805,68180,1745,63327,2861,131507,California
Monterey,2021-03-31,5492,194454,2457,82787,2236,104844,799,6823,3487,70455,2002,65329,4277,135784,California
Monterey,2021-04-01,6227,200681,2091,84878,3724,108568,412,7235,3146,70942,3066,68395,3553,139337,California
Monterey,2021-04-02,4774,205455,2226,87104,2479,111047,69,7304,3204,72651,1567,69962,3276,142613,California
Monterey,2021-04-03,5976,211431,1131,88235,3796,114843,1049,8353,1242,70210,4725,74687,2284,144897,California
Monterey,2021-04-04,778,212209,166,88401,599,115442,13,8366,501,70450,277,74964,517,145414,California
Monterey,2021-04-05,4027,216236,2485,90886,1309,116751,233,8599,1497,69653,2525,77489,1728,147142,California
Monterey,2021-04-06,3476,219712,1361,92247,1638,118389,477,9076,1191,69037,2282,79771,1666,148808,California
Monterey,2021-04-07,5691,225403,1404,93651,3770,122159,517,9593,2719,69307,2961,82732,3231,152039,California
Monterey,2021-04-08,6772,232175,3559,97210,2397,124556,816,10409,3349,70059,3418,86150,4170,156209,California
Monterey,2021-04-09,5804,237979,3457,100667,1706,126262,641,11050,2315,69525,3486,89636,2952,159161,California
Monterey,2021-04-10,10286,248265,4988,105655,3113,129375,2185,13235,5015,71462,5260,94896,7197,166358,California
Monterey,2021-04-11,5524,253789,4339,109994,575,129950,610,13845,4468,75485,1050,95946,5073,171431,California
Monterey,2021-04-12,4167,257956,1887,111881,1955,131905,325,14170,959,73705,3069,99015,1289,172720,California
Monterey,2021-04-13,3223,261179,743,112624,2475,134380,5,14175,1545,73598,1659,100674,1552,174272,California
Monterey,2021-04-14,6844,268023,3187,115811,3654,138034,3,14178,1857,70495,4969,105643,1866,176138,California
Monterey,2021-04-15,5888,273911,3888,119699,2000,140034,0,14178,3840,72317,2019,107662,3841,179979,California
Monterey,2021-04-16,4920,278831,2488,122187,2421,142455,11,14189,2281,71983,2627,110289,2293,182272,California
Monterey,2021-04-17,5794,284625,1367,123554,4427,146882,0,14189,3741,73685,2039,112328,3741,186013,California
Monterey,2021-04-18,854,285479,263,123817,591,147473,0,14189,241,73317,609,112937,241,186254,California
Monterey,2021-04-19,3751,289230,1299,125116,2452,149925,0,14189,1779,73132,1964,114901,1779,188033,California
Monterey,2021-04-20,3880,293110,1603,126719,2277,152202,0,14189,1589,72455,2267,117168,1590,189623,California
Monterey,2021-04-21,6003,299113,3232,129951,2771,154973,0,14189,2893,72276,3074,120242,2895,192518,California
Monterey,2021-04-22,4878,303991,1058,131009,3820,158793,0,14189,2008,71456,2828,123070,2008,194526,California
Monterey,2021-04-23,5679,309670,2650,133659,3028,161821,1,14190,2244,70289,3417,126487,2250,196776,California
Monterey,2021-04-24,4327,313997,593,134252,3734,165555,0,14190,1563,69107,2745,129232,1563,198339,California
Monterey,2021-04-25,1248,315245,618,134870,630,166185,0,14190,797,69463,441,129673,797,199136,California
Monterey,2021-04-26,3592,318837,2199,137069,1376,167561,17,14207,929,67771,2638,132311,946,200082,California
Monterey,2021-04-27,2753,321590,923,137992,1704,169265,126,14333,1198,67543,1551,133862,1323,201405,California
Monterey,2021-04-28,3666,325256,1397,139389,2116,171381,153,14486,2270,68578,1383,135245,2418,203823,California
Monterey,2021-04-29,4568,329824,2461,141850,2032,173413,75,14561,1673,67444,2883,138128,1749,205572,California
Monterey,2021-04-30,3217,333041,1664,143514,1478,174891,75,14636,810,65930,2397,140525,883,206455,California
Monterey,2021-05-01,5650,338691,4260,147774,1349,176240,41,14677,681,61701,4949,145474,720,207175,California
Monterey,2021-05-02,4378,343069,3948,151722,403,176643,27,14704,315,57994,4049,149523,342,207517,California
Monterey,2021-05-03,2556,345625,1572,153294,867,177510,117,14821,597,56759,1949,151472,714,208231,California
Monterey,2021-05-04,1815,347440,624,153918,1101,178611,90,14911,647,56343,1154,152626,738,208969,California
Monterey,2021-05-05,3363,350803,1225,155143,2052,180663,86,14997,1065,55208,2287,154913,1152,210121,California
Monterey,2021-05-06,4203,355006,2762,157905,1221,181884,220,15217,1132,53503,3057,157970,1352,211473,California
Monterey,2021-05-07,2012,357018,990,158895,922,182806,100,15317,701,53000,1303,159273,800,212273,California
Monterey,2021-05-08,2614,359632,1379,160274,911,183717,324,15641,940,52596,1663,160936,1259,213532,California
Monterey,2021-05-09,405,360037,120,160394,259,183976,26,15667,146,52510,258,161194,172,213704,California
Monterey,2021-05-10,2610,362647,1869,162263,692,184668,49,15716,334,50629,2265,163459,384,214088,California
Monterey,2021-05-11,1790,364437,924,163187,801,185469,65,15781,741,50400,1036,164495,807,214895,California
Monterey,2021-05-12,3711,368148,1981,165168,1654,187123,76,15857,789,48355,2911,167406,866,215761,California
Monterey,2021-05-13,2310,370458,1317,166485,937,188060,56,15913,1272,48653,1028,168434,1326,217087,California
Monterey,2021-05-14,1780,372238,511,166996,1192,189252,77,15990,706,48370,1065,169499,782,217869,California
Monterey,2021-05-15,3035,375273,534,167530,2266,191518,235,16225,659,46897,2365,171864,892,218761,California
Monterey,2021-05-16,899,376172,545,168075,282,191800,72,16297,231,46537,662,172526,302,219063,California
Monterey,2021-05-17,2204,378376,1299,169374,826,192626,79,16376,1038,46500,1154,173680,1117,220180,California
Monterey,2021-05-18,1755,380131,684,170058,1026,193652,45,16421,811,46423,935,174615,858,221038,California
Monterey,2021-05-19,3635,383766,2364,172422,1183,194835,88,16509,1951,46787,1677,176292,2041,223079,California
Monterey,2021-05-20,2358,386124,843,173265,1406,196241,109,16618,759,46071,1586,177878,870,223949,California
Monterey,2021-05-21,2848,388972,1211,174476,1540,197781,97,16715,876,45082,1961,179839,972,224921,California
Monterey,2021-05-22,1724,390696,623,175099,823,198604,278,16993,649,44937,1070,180909,925,225846,California
Monterey,2021-05-23,553,391249,415,175514,122,198726,16,17009,390,45185,158,181067,406,226252,California
Monterey,2021-05-24,1679,392928,502,176016,1117,199843,60,17069,584,44739,1091,182158,645,226897,California
Monterey,2021-05-25,1436,394364,542,176558,825,200668,69,17138,588,44563,833,182991,657,227554,California
Monterey,2021-05-26,2606,396970,1037,177595,1515,202183,54,17192,1015,44060,1574,184565,1071,228625,California
Monterey,2021-05-27,2480,399450,1350,178945,1074,203257,56,17248,901,43456,1562,186127,958,229583,California
Monterey,2021-05-28,1735,401185,574,179519,1104,204361,57,17305,760,43311,963,187090,818,230401,California
Monterey,2021-05-29,977,402162,628,180147,319,204680,30,17335,413,43194,560,187650,443,230844,California
Monterey,2021-05-30,379,402541,161,180308,203,204883,15,17350,150,43131,228,187878,165,231009,California
Monterey,2021-05-31,184,402725,32,180340,143,205026,9,17359,54,43064,130,188008,63,231072,California
Monterey,2021-06-01,1716,404441,925,181265,659,205685,132,17491,711,42914,989,188997,839,231911,California
Monterey,2021-06-02,1637,406078,970,182235,617,206302,50,17541,713,42757,920,189917,763,232674,California
Monterey,2021-06-03,2015,408093,1219,183454,761,207063,35,17576,606,41997,1400,191317,640,233314,California
Monterey,2021-06-04,1306,409399,675,184129,600,207663,31,17607,559,41849,738,192055,590,233904,California
Monterey,2021-06-05,638,410037,144,184273,369,208032,125,17732,137,41612,499,192554,262,234166,California
Napa,2020-12-16,12,12,12,12,0,0,0,0,12,12,0,0,12,12,California
Napa,2020-12-17,47,59,47,59,0,0,0,0,47,59,0,0,47,59,California
Napa,2020-12-18,107,166,107,166,0,0,0,0,107,166,0,0,107,166,California
Napa,2020-12-19,221,387,221,387,0,0,0,0,221,387,0,0,221,387,California
Napa,2020-12-20,191,578,191,578,0,0,0,0,191,578,0,0,191,578,California
Napa,2020-12-21,314,892,314,892,0,0,0,0,315,893,0,0,315,893,California
Napa,2020-12-22,342,1234,333,1225,9,9,0,0,342,1235,0,0,342,1235,California
Napa,2020-12-23,436,1670,324,1549,112,121,0,0,436,1671,0,0,436,1671,California
Napa,2020-12-24,139,1809,77,1626,62,183,0,0,139,1810,0,0,139,1810,California
Napa,2020-12-25,1,1810,1,1627,0,183,0,0,1,1811,0,0,1,1811,California
Napa,2020-12-26,40,1850,11,1638,29,212,0,0,40,1851,0,0,40,1851,California
Napa,2020-12-27,32,1882,16,1654,16,228,0,0,32,1883,0,0,32,1883,California
Napa,2020-12-28,252,2134,185,1839,67,295,0,0,281,2164,0,0,281,2164,California
Napa,2020-12-29,272,2406,216,2055,56,351,0,0,305,2469,0,0,305,2469,California
Napa,2020-12-30,634,3040,489,2544,145,496,0,0,642,3111,0,0,642,3111,California
Napa,2020-12-31,459,3499,371,2915,88,584,0,0,459,3570,0,0,459,3570,California
Napa,2021-01-01,1,3500,1,2916,0,584,0,0,1,3571,0,0,1,3571,California
Napa,2021-01-02,98,3598,93,3009,5,589,0,0,98,3669,0,0,98,3669,California
Napa,2021-01-03,14,3612,12,3021,2,591,0,0,9,3678,0,0,9,3678,California
Napa,2021-01-04,105,3717,63,3084,42,633,0,0,105,3783,0,0,105,3783,California
Napa,2021-01-05,161,3878,85,3169,76,709,0,0,144,3903,24,24,144,3927,California
Napa,2021-01-06,463,4341,114,3283,349,1058,0,0,398,4238,63,87,398,4325,California
Napa,2021-01-07,499,4840,235,3518,264,1322,0,0,397,4534,101,188,397,4722,California
Napa,2021-01-08,448,5288,232,3750,216,1538,0,0,260,4607,187,375,260,4982,California
Napa,2021-01-09,328,5616,302,4052,26,1564,0,0,191,4661,137,512,191,5173,California
Napa,2021-01-10,185,5801,102,4154,83,1647,0,0,108,4692,77,589,108,5281,California
Napa,2021-01-11,880,6681,426,4580,454,2101,0,0,507,4827,374,963,509,5790,California
Napa,2021-01-12,1323,8004,377,4957,946,3047,0,0,1003,5510,320,1283,1003,6793,California
Napa,2021-01-13,1317,9321,268,5225,1049,4096,0,0,1153,6501,163,1446,1154,7947,California
Napa,2021-01-14,1051,10372,169,5394,882,4978,0,0,934,7320,115,1561,934,8881,California
Napa,2021-01-15,1464,11836,387,5781,1077,6055,0,0,1315,8479,157,1718,1316,10197,California
Napa,2021-01-16,355,12191,131,5912,224,6279,0,0,338,8800,17,1735,338,10535,California
Napa,2021-01-17,340,12531,176,6088,164,6443,0,0,330,9120,10,1745,330,10865,California
Napa,2021-01-18,1079,13610,197,6285,882,7325,0,0,988,10017,91,1836,988,11853,California
Napa,2021-01-19,1013,14623,410,6695,603,7928,0,0,766,10537,246,2082,766,12619,California
Napa,2021-01-20,832,15455,188,6883,644,8572,0,0,644,10995,186,2268,644,13263,California
Napa,2021-01-21,1327,16782,367,7250,960,9532,0,0,1073,11816,253,2521,1074,14337,California
Napa,2021-01-22,1547,18329,417,7667,1130,10662,0,0,1218,12707,328,2849,1219,15556,California
Napa,2021-01-23,398,18727,319,7986,79,10741,0,0,336,12981,62,2911,336,15892,California
Napa,2021-01-24,264,18991,186,8172,78,10819,0,0,206,13129,58,2969,206,16098,California
Napa,2021-01-25,1522,20513,229,8401,1293,12112,0,0,1433,14473,89,3058,1433,17531,California
Napa,2021-01-26,879,21392,284,8685,595,12707,0,0,787,15169,92,3150,788,18319,California
Napa,2021-01-27,627,22019,222,8907,405,13112,0,0,467,15476,161,3311,468,18787,California
Napa,2021-01-28,386,22405,176,9083,210,13322,0,0,195,15482,189,3500,195,18982,California
Napa,2021-01-29,260,22665,65,9148,195,13517,0,0,163,15548,97,3597,163,19145,California
Napa,2021-01-30,815,23480,703,9851,112,13629,0,0,646,16025,169,3766,646,19791,California
Napa,2021-01-31,692,24172,660,10511,32,13661,0,0,668,16669,24,3790,668,20459,California
Napa,2021-02-01,324,24496,114,10625,210,13871,0,0,165,16675,159,3949,165,20624,California
Napa,2021-02-02,612,25108,281,10906,331,14202,0,0,299,16664,310,4259,299,20923,California
Napa,2021-02-03,750,25858,311,11217,439,14641,0,0,432,16779,317,4576,432,21355,California
Napa,2021-02-04,783,26641,368,11585,415,15056,0,0,435,16868,346,4922,435,21790,California
Napa,2021-02-05,713,27354,311,11896,402,15458,0,0,341,16837,372,5294,341,22131,California
Napa,2021-02-06,437,27791,143,12039,294,15752,0,0,332,17064,105,5399,332,22463,California
Napa,2021-02-07,176,27967,163,12202,13,15765,0,0,69,17026,107,5506,69,22532,California
Napa,2021-02-08,834,28801,191,12393,643,16408,0,0,274,16742,558,6064,274,22806,California
Napa,2021-02-09,1085,29886,449,12842,636,17044,0,0,440,16538,644,6708,440,23246,California
Napa,2021-02-10,1725,31611,190,13032,1535,18579,0,0,451,15719,1271,7979,452,23698,California
Napa,2021-02-11,1490,33101,187,13219,1303,19882,0,0,402,15046,1075,9054,402,24100,California
Napa,2021-02-12,2156,35257,837,14056,1319,21201,0,0,717,14328,1435,10489,717,24817,California
Napa,2021-02-13,507,35764,54,14110,453,21654,0,0,320,14461,187,10676,320,25137,California
Napa,2021-02-14,344,36108,77,14187,267,21921,0,0,182,14481,162,10838,182,25319,California
Napa,2021-02-15,876,36984,182,14369,694,22615,0,0,224,14055,650,11488,224,25543,California
Napa,2021-02-16,1293,38277,599,14968,694,23309,0,0,618,14000,673,12161,618,26161,California
Napa,2021-02-17,1049,39326,529,15497,520,23829,0,0,478,13910,569,12730,479,26640,California
Napa,2021-02-18,1901,41227,481,15978,1420,25249,0,0,659,13330,1239,13969,659,27299,California
Napa,2021-02-19,1491,42718,584,16562,907,26156,0,0,678,13196,812,14781,678,27977,California
Napa,2021-02-20,865,43583,633,17195,232,26388,0,0,280,12891,585,15366,280,28257,California
Napa,2021-02-21,886,44469,817,18012,69,26457,0,0,191,12387,695,16061,191,28448,California
Napa,2021-02-22,477,44946,198,18210,279,26736,0,0,147,12204,330,16391,147,28595,California
Napa,2021-02-23,1153,46099,308,18518,845,27581,0,0,326,11703,827,17218,326,28921,California
Napa,2021-02-24,1172,47271,648,19166,524,28105,0,0,581,11695,589,17807,581,29502,California
Napa,2021-02-25,2586,49857,1247,20413,1339,29444,0,0,1875,12860,710,18517,1875,31377,California
Napa,2021-02-26,1550,51407,545,20958,1005,30449,0,0,615,12542,933,19450,615,31992,California
Napa,2021-02-27,1170,52577,426,21384,744,31193,0,0,912,13198,256,19706,912,32904,California
Napa,2021-02-28,725,53302,606,21990,119,31312,0,0,608,13691,115,19821,608,33512,California
Napa,2021-03-01,1172,54474,878,22868,294,31606,0,0,896,14312,275,20096,896,34408,California
Napa,2021-03-02,1510,55984,1051,23919,459,32065,0,0,1167,15137,342,20438,1167,35575,California
Napa,2021-03-03,1563,57547,689,24608,874,32939,0,0,1375,16325,187,20625,1375,36950,California
Napa,2021-03-04,1716,59263,788,25396,928,33867,0,0,1478,17568,235,20860,1478,38428,California
Napa,2021-03-05,1904,61167,785,26181,1115,34982,4,4,1489,18648,413,21273,1493,39921,California
Napa,2021-03-06,660,61827,290,26471,339,35321,31,35,548,19117,110,21383,579,40500,California
Napa,2021-03-07,522,62349,311,26782,196,35517,15,50,384,19379,137,21520,399,40899,California
Napa,2021-03-08,714,63063,335,27117,325,35842,54,104,538,19797,174,21694,592,41491,California
Napa,2021-03-09,1687,64750,611,27728,1030,36872,46,150,1249,20657,435,22129,1295,42786,California
Napa,2021-03-10,1501,66251,923,28651,484,37356,94,244,800,20851,697,22826,891,43677,California
Napa,2021-03-11,1887,68138,1064,29715,694,38050,129,373,994,21080,893,23719,1122,44799,California
Napa,2021-03-12,1507,69645,918,30633,497,38547,92,465,806,21279,699,24418,898,45697,California
Napa,2021-03-13,1182,70827,311,30944,846,39393,25,490,835,21794,345,24763,860,46557,California
Napa,2021-03-14,619,71446,334,31278,134,39527,151,641,209,21744,409,25172,359,46916,California
Napa,2021-03-15,956,72402,410,31688,476,40003,70,711,477,21814,477,25649,547,47463,California
Napa,2021-03-16,1848,74250,389,32077,1331,41334,128,839,1372,22842,473,26122,1501,48964,California
Napa,2021-03-17,2508,76758,1845,33922,484,41818,179,1018,1591,23696,916,27038,1770,50734,California
Napa,2021-03-18,2131,78889,942,34864,1176,42994,13,1031,1276,24133,852,27890,1289,52023,California
Napa,2021-03-19,1454,80343,880,35744,547,43541,27,1058,699,24107,752,28642,726,52749,California
Napa,2021-03-20,1011,81354,533,36277,324,43865,154,1212,382,24015,628,29270,536,53285,California
Napa,2021-03-21,710,82064,687,36964,20,43885,3,1215,217,23743,492,29762,220,53505,California
Napa,2021-03-22,1302,83366,1121,38085,169,44054,12,1227,440,23338,857,30619,452,53957,California
Napa,2021-03-23,1883,85249,1188,39273,678,44732,17,1244,996,23468,883,31502,1013,54970,California
Napa,2021-03-24,1704,86953,942,40215,754,45486,8,1252,811,23395,892,32394,819,55789,California
Napa,2021-03-25,1926,88879,1051,41266,821,46307,54,1306,762,23053,1158,33552,816,56605,California
Napa,2021-03-26,1312,90191,840,42106,466,46773,6,1312,589,22930,718,34270,595,57200,California
Napa,2021-03-27,938,91129,437,42543,474,47247,27,1339,296,22611,642,34912,323,57523,California
Napa,2021-03-28,490,91619,381,42924,102,47349,7,1346,178,22486,310,35222,185,57708,California
Napa,2021-03-29,1204,92823,875,43799,324,47673,5,1351,728,22744,475,35697,733,58441,California
Napa,2021-03-30,2743,95566,933,44732,1806,49479,4,1355,1919,23843,824,36521,1923,60364,California
Napa,2021-03-31,1985,97551,969,45701,947,50426,69,1424,812,23552,1170,37691,879,61243,California
Napa,2021-04-01,1758,99309,844,46545,798,51224,116,1540,485,22886,1266,38957,600,61843,California
Napa,2021-04-02,1867,101176,837,47382,888,52112,142,1682,476,22115,1388,40345,617,62460,California
Napa,2021-04-03,635,101811,371,47753,207,52319,57,1739,210,21957,424,40769,266,62726,California
Napa,2021-04-04,355,102166,142,47895,155,52474,58,1797,121,21903,233,41002,179,62905,California
Napa,2021-04-05,1271,103437,757,48652,296,52770,218,2015,570,21992,699,41701,788,63693,California
Napa,2021-04-06,2249,105686,560,49212,1428,54198,261,2276,520,21046,1726,43427,780,64473,California
Napa,2021-04-07,1749,107435,712,49924,817,55015,220,2496,526,20574,1217,44644,745,65218,California
Napa,2021-04-08,1866,109301,1065,50989,424,55439,377,2873,958,21005,903,45547,1334,66552,California
Napa,2021-04-09,1555,110856,934,51923,318,55757,303,3176,682,21118,871,46418,984,67536,California
Napa,2021-04-10,1040,111896,345,52268,595,56352,100,3276,241,20660,798,47216,340,67876,California
Napa,2021-04-11,386,112282,301,52569,62,56414,23,3299,159,20615,227,47443,182,68058,California
Napa,2021-04-12,790,113072,301,52870,364,56778,125,3424,290,20529,497,47940,411,68469,California
Napa,2021-04-13,2550,115622,853,53723,1697,58475,0,3424,929,19843,1616,49556,930,69399,California
Napa,2021-04-14,2082,117704,981,54704,1101,59576,0,3424,1010,19790,1064,50620,1011,70410,California
Napa,2021-04-15,2042,119746,524,55228,1518,61094,0,3424,870,19494,1166,51786,870,71280,California
Napa,2021-04-16,2921,122667,1594,56822,1327,62421,0,3424,2203,20981,716,52502,2203,73483,California
Napa,2021-04-17,1128,123795,270,57092,858,63279,0,3424,831,21516,296,52798,831,74314,California
Napa,2021-04-18,267,124062,173,57265,94,63373,0,3424,119,21487,148,52946,119,74433,California
Napa,2021-04-19,606,124668,337,57602,269,63642,0,3424,263,21408,342,53288,263,74696,California
Napa,2021-04-20,3046,127714,2070,59672,976,64618,0,3424,2094,22553,950,54238,2095,76791,California
Napa,2021-04-21,2934,130648,2169,61841,765,65383,0,3424,1865,23356,1063,55301,1866,78657,California
Napa,2021-04-22,1723,132371,1206,63047,517,65900,0,3424,837,23312,881,56182,837,79494,California
Napa,2021-04-23,1632,134003,1254,64301,376,66276,2,3426,1155,23994,473,56655,1155,80649,California
Napa,2021-04-24,559,134562,317,64618,242,66518,0,3426,283,24004,273,56928,283,80932,California
Napa,2021-04-25,247,134809,189,64807,58,66576,0,3426,129,24016,117,57045,129,81061,California
Napa,2021-04-26,520,135329,269,65076,251,66827,0,3426,272,24045,243,57288,272,81333,California
Napa,2021-04-27,1760,137089,447,65523,1301,68128,12,3438,601,23503,1155,58443,613,81946,California
Napa,2021-04-28,1008,138097,460,65983,531,68659,17,3455,341,23196,665,59108,358,82304,California
Napa,2021-04-29,707,138804,349,66332,339,68998,19,3474,250,23014,450,59558,268,82572,California
Napa,2021-04-30,607,139411,305,66637,237,69235,65,3539,249,22970,357,59915,313,82885,California
Napa,2021-05-01,321,139732,265,66902,45,69280,11,3550,120,22900,201,60116,131,83016,California
Napa,2021-05-02,240,139972,195,67097,39,69319,6,3556,100,22867,139,60255,106,83122,California
Napa,2021-05-03,621,140593,497,67594,89,69408,35,3591,103,22493,513,60768,139,83261,California
Napa,2021-05-04,1130,141723,717,68311,302,69710,111,3702,298,22074,828,61596,409,83670,California
Napa,2021-05-05,1013,142736,683,68994,294,70004,36,3738,253,21606,757,62353,289,83959,California
Napa,2021-05-06,713,143449,318,69312,372,70376,23,3761,368,21661,336,62689,391,84350,California
Napa,2021-05-07,1030,144479,807,70119,160,70536,63,3824,197,21105,815,63504,259,84609,California
Napa,2021-05-08,254,144733,163,70282,80,70616,11,3835,88,21039,165,63669,99,84708,California
Napa,2021-05-09,107,144840,76,70358,31,70647,0,3835,50,21032,57,63726,50,84758,California
Napa,2021-05-10,415,145255,141,70499,255,70902,19,3854,106,20849,308,64034,125,84883,California
Napa,2021-05-11,2169,147424,1789,72288,354,71256,26,3880,370,19452,1793,65827,396,85279,California
Napa,2021-05-12,2163,149587,1353,73641,755,72011,55,3935,298,17945,1860,67687,353,85632,California
Napa,2021-05-13,1820,151407,1131,74772,650,72661,39,3974,767,17705,1046,68733,806,86438,California
Napa,2021-05-14,1911,153318,1143,75915,682,73343,86,4060,511,16909,1394,70127,598,87036,California
Napa,2021-05-15,1051,154369,346,76261,694,74037,11,4071,261,16395,787,70914,273,87309,California
Napa,2021-05-16,240,154609,160,76421,78,74115,2,4073,67,16291,173,71087,69,87378,California
Napa,2021-05-17,877,155486,347,76768,500,74615,30,4103,304,16114,511,71598,334,87712,California
Napa,2021-05-18,1038,156524,545,77313,436,75051,57,4160,501,16140,532,72130,558,88270,California
Napa,2021-05-19,933,157457,551,77864,352,75403,30,4190,502,16243,428,72558,531,88801,California
Napa,2021-05-20,574,158031,382,78246,163,75566,29,4219,356,16410,218,72776,385,89186,California
Napa,2021-05-21,430,158461,213,78459,187,75753,30,4249,185,16380,245,73021,215,89401,California
Napa,2021-05-22,395,158856,219,78678,169,75922,7,4256,165,16323,230,73251,173,89574,California
Napa,2021-05-23,353,159209,321,78999,22,75944,10,4266,275,16530,78,73329,285,89859,California
Napa,2021-05-24,361,159570,178,79177,163,76107,20,4286,147,16484,213,73542,167,90026,California
Napa,2021-05-25,410,159980,174,79351,166,76273,70,4356,145,16434,265,73807,215,90241,California
Napa,2021-05-26,544,160524,353,79704,166,76439,25,4381,315,16548,226,74033,340,90581,California
Napa,2021-05-27,362,160886,157,79861,177,76616,28,4409,130,16474,232,74265,158,90739,California
Napa,2021-05-28,386,161272,199,80060,163,76779,24,4433,160,16434,222,74487,182,90921,California
Napa,2021-05-29,129,161401,79,80139,46,76825,4,4437,76,16462,52,74539,80,91001,California
Napa,2021-05-30,97,161498,60,80199,32,76857,5,4442,32,16435,64,74603,37,91038,California
Napa,2021-05-31,43,161541,17,80216,19,76876,7,4449,9,16417,34,74637,16,91054,California
Napa,2021-06-01,598,162139,310,80526,264,77140,24,4473,269,16386,323,74960,292,91346,California
Napa,2021-06-02,409,162548,240,80766,146,77286,23,4496,203,16408,204,75164,226,91572,California
Napa,2021-06-03,466,163014,362,81128,93,77379,11,4507,181,16316,283,75447,191,91763,California
Napa,2021-06-04,416,163430,264,81392,123,77502,29,4536,117,16165,297,75744,146,91909,California
Napa,2021-06-05,116,163546,92,81484,15,77517,9,4545,39,16136,77,75821,48,91957,California
Nevada,2020-12-16,3,3,3,3,0,0,0,0,3,3,0,0,3,3,California
Nevada,2020-12-17,6,9,6,9,0,0,0,0,6,9,0,0,6,9,California
Nevada,2020-12-18,58,67,58,67,0,0,0,0,58,67,0,0,58,67,California
Nevada,2020-12-19,55,122,55,122,0,0,0,0,55,122,0,0,55,122,California
Nevada,2020-12-20,14,136,14,136,0,0,0,0,14,136,0,0,14,136,California
Nevada,2020-12-21,70,206,70,206,0,0,0,0,70,206,0,0,70,206,California
Nevada,2020-12-22,90,296,88,294,2,2,0,0,90,296,0,0,90,296,California
Nevada,2020-12-23,240,536,208,502,32,34,0,0,240,536,0,0,240,536,California
Nevada,2020-12-24,13,549,11,513,2,36,0,0,13,549,0,0,13,549,California
Nevada,2020-12-25,3,552,3,516,0,36,0,0,3,552,0,0,3,552,California
Nevada,2020-12-26,6,558,4,520,2,38,0,0,6,558,0,0,6,558,California
Nevada,2020-12-27,90,648,90,610,0,38,0,0,90,648,0,0,90,648,California
Nevada,2020-12-28,173,821,93,703,80,118,0,0,173,821,0,0,173,821,California
Nevada,2020-12-29,98,919,72,775,26,144,0,0,98,919,0,0,98,919,California
Nevada,2020-12-30,89,1008,67,842,22,166,0,0,89,1008,0,0,89,1008,California
Nevada,2020-12-31,41,1049,8,850,33,199,0,0,41,1049,0,0,41,1049,California
Nevada,2021-01-01,2,1051,0,850,2,201,0,0,2,1051,0,0,2,1051,California
Nevada,2021-01-02,2,1053,1,851,1,202,0,0,2,1053,0,0,2,1053,California
Nevada,2021-01-03,131,1184,126,977,5,207,0,0,131,1184,0,0,131,1184,California
Nevada,2021-01-04,68,1252,43,1020,25,232,0,0,68,1252,0,0,68,1252,California
Nevada,2021-01-05,278,1530,131,1151,147,379,0,0,277,1528,1,1,277,1529,California
Nevada,2021-01-06,91,1621,43,1194,48,427,0,0,83,1603,8,9,83,1612,California
Nevada,2021-01-07,220,1841,44,1238,176,603,0,0,212,1809,7,16,213,1825,California
Nevada,2021-01-08,231,2072,132,1370,99,702,0,0,171,1921,60,76,172,1997,California
Nevada,2021-01-09,62,2134,55,1425,7,709,0,0,14,1887,48,124,14,2011,California
Nevada,2021-01-10,19,2153,10,1435,9,718,0,0,10,1888,9,133,10,2021,California
Nevada,2021-01-11,188,2341,133,1568,55,773,0,0,58,1816,130,263,58,2079,California
Nevada,2021-01-12,597,2938,449,2017,148,921,0,0,531,2281,66,329,531,2610,California
Nevada,2021-01-13,269,3207,151,2168,118,1039,0,0,131,2274,138,467,131,2741,California
Nevada,2021-01-14,238,3445,125,2293,113,1152,0,0,220,2477,17,484,220,2961,California
Nevada,2021-01-15,403,3848,171,2464,232,1384,0,0,303,2680,100,584,303,3264,California
Nevada,2021-01-16,315,4163,16,2480,299,1683,0,0,310,2985,5,589,310,3574,California
Nevada,2021-01-17,43,4206,38,2518,5,1688,0,0,41,3024,2,591,41,3615,California
Nevada,2021-01-18,157,4363,47,2565,110,1798,0,0,145,3157,12,603,145,3760,California
Nevada,2021-01-19,250,4613,90,2655,160,1958,0,0,228,3363,22,625,228,3988,California
Nevada,2021-01-20,275,4888,166,2821,109,2067,0,0,262,3612,13,638,262,4250,California
Nevada,2021-01-21,338,5226,202,3023,136,2203,0,0,325,3924,13,651,325,4575,California
Nevada,2021-01-22,377,5603,233,3256,144,2347,0,0,346,4239,31,682,346,4921,California
Nevada,2021-01-23,180,5783,105,3361,75,2422,0,0,180,4419,0,682,180,5101,California
Nevada,2021-01-24,109,5892,100,3461,9,2431,0,0,70,4450,39,721,70,5171,California
Nevada,2021-01-25,268,6160,135,3596,133,2564,0,0,204,4590,64,785,204,5375,California
Nevada,2021-01-26,410,6570,144,3740,266,2830,0,0,306,4792,104,889,306,5681,California
Nevada,2021-01-27,436,7006,259,3999,177,3007,0,0,412,5180,24,913,412,6093,California
Nevada,2021-01-28,483,7489,328,4327,155,3162,0,0,435,5568,47,960,435,6528,California
Nevada,2021-01-29,619,8108,401,4728,218,3380,0,0,590,6131,28,988,591,7119,California
Nevada,2021-01-30,243,8351,114,4842,129,3509,0,0,240,6368,3,991,240,7359,California
Nevada,2021-01-31,107,8458,89,4931,18,3527,0,0,103,6469,3,994,104,7463,California
Nevada,2021-02-01,293,8751,73,5004,220,3747,0,0,280,6736,13,1007,280,7743,California
Nevada,2021-02-02,531,9282,190,5194,341,4088,0,0,328,6861,203,1210,328,8071,California
Nevada,2021-02-03,817,10099,562,5756,255,4343,0,0,761,7567,55,1265,761,8832,California
Nevada,2021-02-04,757,10856,390,6146,367,4710,0,0,506,7823,250,1515,506,9338,California
Nevada,2021-02-05,677,11533,383,6529,294,5004,0,0,481,8110,194,1709,481,9819,California
Nevada,2021-02-06,280,11813,91,6620,189,5193,0,0,253,8336,27,1736,253,10072,California
Nevada,2021-02-07,282,12095,225,6845,57,5250,0,0,223,8500,59,1795,223,10295,California
Nevada,2021-02-08,673,12768,411,7256,262,5512,0,0,568,8963,105,1900,568,10863,California
Nevada,2021-02-09,623,13391,352,7608,271,5783,0,0,479,9298,144,2044,479,11342,California
Nevada,2021-02-10,663,14054,331,7939,332,6115,0,0,433,9502,230,2274,434,11776,California
Nevada,2021-02-11,897,14951,515,8454,382,6497,0,0,565,9736,331,2605,565,12341,California
Nevada,2021-02-12,973,15924,450,8904,523,7020,0,0,646,10058,324,2929,646,12987,California
Nevada,2021-02-13,634,16558,249,9153,385,7405,0,0,403,10235,227,3156,404,13391,California
Nevada,2021-02-14,238,16796,124,9277,114,7519,0,0,207,10411,31,3187,207,13598,California
Nevada,2021-02-15,732,17528,447,9724,285,7804,0,0,556,10791,176,3363,556,14154,California
Nevada,2021-02-16,643,18171,211,9935,432,8236,0,0,472,11093,170,3533,472,14626,California
Nevada,2021-02-17,1207,19378,784,10719,423,8659,0,0,867,11620,340,3873,867,15493,California
Nevada,2021-02-18,1027,20405,565,11284,462,9121,0,0,608,11811,417,4290,608,16101,California
Nevada,2021-02-19,1030,21435,644,11928,386,9507,0,0,658,12100,370,4660,659,16760,California
Nevada,2021-02-20,309,21744,111,12039,198,9705,0,0,176,12144,132,4792,176,16936,California
Nevada,2021-02-21,101,21845,93,12132,8,9713,0,0,7,12060,91,4883,7,16943,California
Nevada,2021-02-22,505,22350,340,12472,165,9878,0,0,355,12266,149,5032,355,17298,California
Nevada,2021-02-23,500,22850,242,12714,258,10136,0,0,225,12219,272,5304,225,17523,California
Nevada,2021-02-24,482,23332,245,12959,237,10373,0,0,252,12244,229,5533,254,17777,California
Nevada,2021-02-25,881,24213,481,13440,400,10773,0,0,441,12247,438,5971,441,18218,California
Nevada,2021-02-26,1275,25488,889,14329,386,11159,0,0,442,11859,830,6801,442,18660,California
Nevada,2021-02-27,384,25872,121,14450,263,11422,0,0,201,11877,183,6984,201,18861,California
Nevada,2021-02-28,313,26185,187,14637,126,11548,0,0,137,11839,175,7159,137,18998,California
Nevada,2021-03-01,850,27035,445,15082,405,11953,0,0,375,11741,473,7632,375,19373,California
Nevada,2021-03-02,761,27796,308,15390,453,12406,0,0,519,12023,237,7869,519,19892,California
Nevada,2021-03-03,995,28791,505,15895,489,12895,1,1,513,12057,481,8350,515,20407,California
Nevada,2021-03-04,1135,29926,628,16523,507,13402,0,1,482,11890,649,8999,482,20889,California
Nevada,2021-03-05,869,30795,492,17015,367,13769,10,11,387,11807,480,9479,397,21286,California
Nevada,2021-03-06,374,31169,130,17145,217,13986,27,38,147,11753,227,9706,173,21459,California
Nevada,2021-03-07,214,31383,111,17256,84,14070,19,57,71,11700,143,9849,90,21549,California
Nevada,2021-03-08,841,32224,564,17820,229,14299,48,105,378,11665,462,10311,427,21976,California
Nevada,2021-03-09,809,33033,411,18231,347,14646,51,156,465,11839,341,10652,515,22491,California
Nevada,2021-03-10,1025,34058,659,18890,308,14954,58,214,347,11570,673,11325,404,22895,California
Nevada,2021-03-11,1124,35182,730,19620,368,15322,26,240,554,11588,562,11887,580,23475,California
Nevada,2021-03-12,1219,36401,732,20352,457,15779,30,270,506,11414,709,12596,535,24010,California
Nevada,2021-03-13,295,36696,58,20410,232,16011,5,275,113,11351,180,12776,117,24127,California
Nevada,2021-03-14,158,36854,23,20433,130,16141,5,280,35,11268,123,12899,40,24167,California
Nevada,2021-03-15,869,37723,470,20903,387,16528,12,292,366,11146,500,13399,378,24545,California
Nevada,2021-03-16,1000,38723,468,21371,471,16999,61,353,642,11492,356,13755,702,25247,California
Nevada,2021-03-17,1030,39753,455,21826,565,17564,10,363,586,11647,441,14196,596,25843,California
Nevada,2021-03-18,1000,40753,548,22374,429,17993,23,386,490,11654,506,14702,513,26356,California
Nevada,2021-03-19,766,41519,450,22824,280,18273,36,422,365,11658,397,15099,401,26757,California
Nevada,2021-03-20,832,42351,94,22918,306,18579,432,854,232,11724,594,15693,660,27417,California
Nevada,2021-03-21,62,42413,33,22951,28,18607,1,855,43,11750,18,15711,44,27461,California
Nevada,2021-03-22,812,43225,523,23474,284,18891,5,860,540,12025,270,15981,545,28006,California
Nevada,2021-03-23,868,44093,396,23870,446,19337,26,886,625,12436,240,16221,651,28657,California
Nevada,2021-03-24,1025,45118,549,24419,469,19806,7,893,639,12703,378,16599,645,29302,California
Nevada,2021-03-25,924,46042,473,24892,426,20232,25,918,503,12811,419,17018,527,29829,California
Nevada,2021-03-26,1181,47223,453,25345,689,20921,39,957,836,13342,343,17361,874,30703,California
Nevada,2021-03-27,585,47808,72,25417,497,21418,16,973,390,13553,195,17556,406,31109,California
Nevada,2021-03-28,192,48000,51,25468,128,21546,13,986,38,13453,151,17707,51,31160,California
Nevada,2021-03-29,846,48846,509,25977,315,21861,22,1008,382,13395,461,18168,403,31563,California
Nevada,2021-03-30,1068,49914,486,26463,548,22409,34,1042,491,13351,569,18737,525,32088,California
Nevada,2021-03-31,1194,51108,666,27129,511,22920,17,1059,685,13552,500,19237,701,32789,California
Nevada,2021-04-01,1251,52359,728,27857,471,23391,52,1111,553,13468,689,19926,605,33394,California
Nevada,2021-04-02,1318,53677,667,28524,616,24007,35,1146,789,13767,525,20451,824,34218,California
Nevada,2021-04-03,297,53974,92,28616,168,24175,37,1183,86,13680,210,20661,123,34341,California
Nevada,2021-04-04,133,54107,45,28661,81,24256,7,1190,80,13714,53,20714,87,34428,California
Nevada,2021-04-05,947,55054,627,29288,298,24554,22,1212,626,14044,317,21031,647,35075,California
Nevada,2021-04-06,1088,56142,670,29958,273,24827,145,1357,444,13995,637,21668,588,35663,California
Nevada,2021-04-07,1167,57309,828,30786,252,25079,87,1444,624,14169,536,22204,710,36373,California
Nevada,2021-04-08,1304,58613,904,31690,313,25392,87,1531,711,14380,588,22792,799,37172,California
Nevada,2021-04-09,1266,59879,863,32553,330,25722,73,1604,844,14877,420,23212,917,38089,California
Nevada,2021-04-10,279,60158,79,32632,122,25844,78,1682,113,14903,165,23377,191,38280,California
Nevada,2021-04-11,101,60259,34,32666,63,25907,4,1686,39,14884,62,23439,43,38323,California
Nevada,2021-04-12,759,61018,548,33214,194,26101,17,1703,323,14793,431,23870,340,38663,California
Nevada,2021-04-13,900,61918,365,33579,535,26636,0,1703,472,14840,425,24295,472,39135,California
Nevada,2021-04-14,1057,62975,578,34157,479,27115,0,1703,533,14856,517,24812,533,39668,California
Nevada,2021-04-15,1095,64070,714,34871,381,27496,0,1703,629,15031,454,25266,629,40297,California
Nevada,2021-04-16,912,64982,704,35575,208,27704,0,1703,527,15174,384,25650,527,40824,California
Nevada,2021-04-17,196,65178,50,35625,146,27850,0,1703,83,15146,111,25761,83,40907,California
Nevada,2021-04-18,188,65366,22,35647,166,28016,0,1703,101,15160,87,25848,101,41008,California
Nevada,2021-04-19,776,66142,499,36146,277,28293,0,1703,315,15023,452,26300,315,41323,California
Nevada,2021-04-20,797,66939,315,36461,482,28775,0,1703,304,14840,487,26787,304,41627,California
Nevada,2021-04-21,911,67850,500,36961,411,29186,0,1703,278,14494,624,27411,278,41905,California
Nevada,2021-04-22,1005,68855,621,37582,384,29570,0,1703,343,14187,650,28061,343,42248,California
Nevada,2021-04-23,1232,70087,551,38133,681,30251,0,1703,398,13762,823,28884,398,42646,California
Nevada,2021-04-24,526,70613,75,38208,451,30702,0,1703,172,13582,352,29236,172,42818,California
Nevada,2021-04-25,120,70733,61,38269,54,30756,5,1708,55,13577,64,29300,59,42877,California
Nevada,2021-04-26,734,71467,553,38822,172,30928,9,1717,208,13278,516,29816,217,43094,California
Nevada,2021-04-27,812,72279,372,39194,435,31363,5,1722,414,13307,390,30206,419,43513,California
Nevada,2021-04-28,999,73278,586,39780,408,31771,5,1727,387,13092,607,30813,392,43905,California
Nevada,2021-04-29,1020,74298,714,40494,302,32073,4,1731,284,12646,734,31547,288,44193,California
Nevada,2021-04-30,1245,75543,733,41227,503,32576,9,1740,207,11826,1036,32583,216,44409,California
Nevada,2021-05-01,149,75692,63,41290,82,32658,4,1744,66,11815,81,32664,70,44479,California
Nevada,2021-05-02,62,75754,31,41321,27,32685,4,1748,21,11799,41,32705,25,44504,California
Nevada,2021-05-03,615,76369,413,41734,183,32868,19,1767,182,11570,429,33134,200,44704,California
Nevada,2021-05-04,594,76963,175,41909,401,33269,18,1785,334,11666,256,33390,352,45056,California
Nevada,2021-05-05,742,77705,385,42294,343,33612,14,1799,321,11589,412,33802,335,45391,California
Nevada,2021-05-06,812,78517,569,42863,232,33844,11,1810,201,11199,602,34404,212,45603,California
Nevada,2021-05-07,886,79403,494,43357,356,34200,36,1846,194,10742,687,35091,230,45833,California
Nevada,2021-05-08,178,79581,21,43378,137,34337,20,1866,83,10751,94,35185,103,45936,California
Nevada,2021-05-09,42,79623,7,43385,33,34370,2,1868,18,10747,24,35209,20,45956,California
Nevada,2021-05-10,398,80021,256,43641,117,34487,25,1893,76,10527,321,35530,101,46057,California
Nevada,2021-05-11,512,80533,155,43796,342,34829,15,1908,129,10296,375,35905,144,46201,California
Nevada,2021-05-12,531,81064,233,44029,287,35116,11,1919,151,10086,372,36277,162,46363,California
Nevada,2021-05-13,820,81884,544,44573,267,35383,9,1928,420,10123,392,36669,429,46792,California
Nevada,2021-05-14,777,82661,579,45152,181,35564,17,1945,427,10220,347,37016,444,47236,California
Nevada,2021-05-15,183,82844,86,45238,89,35653,8,1953,85,10216,97,37113,93,47329,California
Nevada,2021-05-16,153,82997,50,45288,103,35756,0,1953,52,10167,101,37214,52,47381,California
Nevada,2021-05-17,502,83499,319,45607,153,35909,30,1983,221,10148,270,37484,251,47632,California
Nevada,2021-05-18,417,83916,253,45860,159,36068,5,1988,222,10181,193,37677,226,47858,California
Nevada,2021-05-19,493,84409,353,46213,135,36203,5,1993,254,10210,230,37907,259,48117,California
Nevada,2021-05-20,566,84975,323,46536,232,36435,11,2004,197,10054,364,38271,208,48325,California
Nevada,2021-05-21,460,85435,293,46829,158,36593,9,2013,204,10015,252,38523,213,48538,California
Nevada,2021-05-22,215,85650,20,46849,106,36699,89,2102,41,9971,174,38697,130,48668,California
Nevada,2021-05-23,26,85676,5,46854,21,36720,0,2102,7,9960,18,38715,7,48675,California
Nevada,2021-05-24,313,85989,219,47073,79,36799,15,2117,108,9881,202,38917,123,48798,California
Nevada,2021-05-25,343,86332,83,47156,247,37046,13,2130,86,9728,252,39169,99,48897,California
Nevada,2021-05-26,430,86762,183,47339,240,37286,7,2137,118,9548,305,39474,125,49022,California
Nevada,2021-05-27,432,87194,230,47569,183,37469,19,2156,183,9505,245,39719,202,49224,California
Nevada,2021-05-28,342,87536,217,47786,114,37583,11,2167,200,9577,139,39858,211,49435,California
Nevada,2021-05-29,66,87602,12,47798,54,37637,0,2167,41,9593,25,39883,41,49476,California
Nevada,2021-05-30,38,87640,19,47817,17,37654,2,2169,25,9607,13,39896,27,49503,California
Nevada,2021-05-31,6,87646,4,47821,0,37654,2,2171,2,9607,4,39900,4,49507,California
Nevada,2021-06-01,394,88040,128,47949,257,37911,9,2180,101,9433,284,40184,110,49617,California
Nevada,2021-06-02,400,88440,163,48112,230,38141,7,2187,102,9251,291,40475,109,49726,California
Nevada,2021-06-03,562,89002,406,48518,151,38292,5,2192,104,8907,453,40928,109,49835,California
Nevada,2021-06-04,517,89519,422,48940,91,38383,4,2196,111,8619,403,41331,115,49950,California
Nevada,2021-06-05,74,89593,26,48966,47,38430,1,2197,36,8620,36,41367,37,49987,California
Orange,2020-12-15,16,16,16,16,0,0,0,0,16,16,0,0,16,16,California
Orange,2020-12-16,390,406,390,406,0,0,0,0,390,406,0,0,390,406,California
Orange,2020-12-17,3741,4147,3741,4147,0,0,0,0,3740,4146,0,0,3740,4146,California
Orange,2020-12-18,5062,9209,5054,9201,8,8,0,0,5060,9205,1,1,5060,9206,California
Orange,2020-12-19,2225,11434,2218,11419,7,15,0,0,2224,11429,0,1,2224,11430,California
Orange,2020-12-20,1986,13420,1983,13402,3,18,0,0,1987,13416,0,1,1987,13417,California
Orange,2020-12-21,4269,17689,4263,17665,6,24,0,0,4269,17685,0,1,4269,17686,California
Orange,2020-12-22,3981,21670,3947,21612,34,58,0,0,3981,21666,0,1,3981,21667,California
Orange,2020-12-23,3586,25256,3219,24831,367,425,0,0,3588,25254,0,1,3588,25255,California
Orange,2020-12-24,1378,26634,1076,25907,302,727,0,0,1378,26632,0,1,1378,26633,California
Orange,2020-12-25,19,26653,14,25921,5,732,0,0,19,26651,0,1,19,26652,California
Orange,2020-12-26,997,27650,420,26341,577,1309,0,0,997,27648,0,1,997,27649,California
Orange,2020-12-27,584,28234,276,26617,308,1617,0,0,584,28232,0,1,584,28233,California
Orange,2020-12-28,3616,31850,2636,29253,980,2597,0,0,3616,31848,0,1,3616,31849,California
Orange,2020-12-29,3495,35345,2483,31736,1012,3609,0,0,3494,35341,1,2,3494,35343,California
Orange,2020-12-30,5120,40465,3541,35277,1579,5188,0,0,5120,40461,0,2,5120,40463,California
Orange,2020-12-31,1503,41968,804,36081,699,5887,0,0,1502,41962,1,3,1502,41965,California
Orange,2021-01-01,643,42611,352,36433,291,6178,0,0,641,42601,2,5,641,42606,California
Orange,2021-01-02,1357,43968,842,37275,515,6693,0,0,1357,43958,0,5,1357,43963,California
Orange,2021-01-03,583,44551,323,37598,260,6953,0,0,583,44541,0,5,583,44546,California
Orange,2021-01-04,2755,47306,1566,39164,1189,8142,0,0,2756,47296,1,6,2756,47302,California
Orange,2021-01-05,3541,50847,2305,41469,1236,9378,0,0,3128,50018,409,415,3131,50433,California
Orange,2021-01-06,4999,55846,3452,44921,1547,10925,0,0,3635,52301,1352,1767,3635,54068,California
Orange,2021-01-07,9283,65129,5177,50098,4106,15031,0,0,5698,54434,3571,5338,5704,59772,California
Orange,2021-01-08,9429,74558,5267,55365,4162,19193,0,0,5660,56340,3758,9096,5664,65436,California
Orange,2021-01-09,5028,79586,1746,57111,3282,22475,0,0,3746,58804,1282,10378,3746,69182,California
Orange,2021-01-10,4253,83839,1044,58155,3209,25684,0,0,3373,61302,879,11257,3377,72559,California
Orange,2021-01-11,9466,93305,4912,63067,4554,30238,0,0,5837,63508,3632,14889,5838,78397,California
Orange,2021-01-12,8938,102243,4831,67898,4107,34345,0,0,5465,65503,3471,18360,5466,83863,California
Orange,2021-01-13,10265,112508,4922,72820,5343,39688,0,0,7053,69355,3208,21568,7060,90923,California
Orange,2021-01-14,10002,122510,3785,76605,6217,45905,0,0,8407,76175,1593,23161,8413,99336,California
Orange,2021-01-15,10206,132716,2634,79239,7572,53477,0,0,9325,84617,889,24050,9331,108667,California
Orange,2021-01-16,8705,141421,2086,81325,6619,60096,0,0,8309,92536,395,24445,8314,116981,California
Orange,2021-01-17,8176,149597,1485,82810,6691,66787,0,0,8026,100422,150,24595,8036,125017,California
Orange,2021-01-18,9692,159289,4400,87210,5292,72079,0,0,7438,105609,2254,26849,7441,132458,California
Orange,2021-01-19,7529,166818,5454,92664,2075,74154,0,0,4896,107873,2633,29482,4897,137355,California
Orange,2021-01-20,8385,175203,5909,98573,2476,76630,0,0,5332,110160,3052,32534,5339,142694,California
Orange,2021-01-21,11022,186225,4902,103475,6120,82750,0,0,10197,119545,823,33357,10208,152902,California
Orange,2021-01-22,13708,199933,5167,108642,8541,91291,0,0,12844,131541,856,34213,12852,165754,California
Orange,2021-01-23,13152,213085,6187,114829,6965,98256,0,0,12218,142836,932,35145,12227,177981,California
Orange,2021-01-24,9827,222912,4294,119123,5533,103789,0,0,9494,152004,330,35475,9498,187479,California
Orange,2021-01-25,10465,233377,5870,124993,4595,108384,0,0,7722,156996,2735,38210,7727,195206,California
Orange,2021-01-26,11901,245278,7717,132710,4184,112568,0,0,9728,164559,2168,40378,9731,204937,California
Orange,2021-01-27,13493,258771,8018,140728,5475,118043,0,0,10777,172637,2704,43082,10782,215719,California
Orange,2021-01-28,13069,271840,7220,147948,5849,123892,0,0,11183,181957,1871,44953,11191,226910,California
Orange,2021-01-29,13666,285506,8475,156423,5191,129083,0,0,10765,189840,2885,47838,10768,237678,California
Orange,2021-01-30,12974,298480,4479,160902,8495,137578,0,0,12200,201284,759,48597,12203,249881,California
Orange,2021-01-31,13705,312185,4920,165822,8785,146363,0,0,13256,214105,443,49040,13264,263145,California
Orange,2021-02-01,14863,327048,6516,172338,8347,154710,0,0,12381,224035,2457,51497,12387,275532,California
Orange,2021-02-02,15046,342094,7973,180311,7073,161783,0,0,12574,234172,2441,53938,12578,288110,California
Orange,2021-02-03,16608,358702,12415,192726,4193,165976,0,0,13654,244957,2875,56813,13660,301770,California
Orange,2021-02-04,19958,378660,13063,205789,6895,172871,0,0,14849,254737,5077,61890,14857,316627,California
Orange,2021-02-05,20773,399433,12018,217807,8755,181626,0,0,14453,262919,6276,68166,14458,331085,California
Orange,2021-02-06,16401,415834,10843,228650,5558,187184,0,0,11120,268992,5266,73432,11339,342424,California
Orange,2021-02-07,11558,427392,8123,236773,3435,190619,0,0,7572,272763,3970,77402,7741,350165,California
Orange,2021-02-08,15065,442457,8676,245449,6389,197008,0,0,9026,275778,6012,83414,9027,359192,California
Orange,2021-02-09,17796,460253,12115,257564,5681,202689,0,0,10743,279547,6980,90394,10749,369941,California
Orange,2021-02-10,20915,481168,11180,268744,9735,212424,0,0,12696,284125,8127,98521,12705,382646,California
Orange,2021-02-11,22196,503364,11549,280293,10647,223071,0,0,12433,286946,9630,108151,12451,395097,California
Orange,2021-02-12,24897,528261,11997,292290,12900,235971,0,0,14640,291402,10190,118341,14646,409743,California
Orange,2021-02-13,22006,550267,11904,304194,10102,246073,0,0,11151,292494,10700,129041,11792,421535,California
Orange,2021-02-14,16186,566453,6539,310733,9647,255720,0,0,9541,295419,6617,135658,9542,431077,California
Orange,2021-02-15,17280,583733,7407,318140,9873,265593,0,0,8911,296018,8324,143982,8923,440000,California
Orange,2021-02-16,19991,603724,9003,327143,10988,276581,0,0,10769,297641,9170,153152,10793,450793,California
Orange,2021-02-17,17972,621696,9383,336526,8589,285170,0,0,9228,298210,8690,161842,9259,460052,California
Orange,2021-02-18,15072,636768,9890,346416,5182,290352,0,0,6809,296820,8209,170051,6819,466871,California
Orange,2021-02-19,18224,654992,10899,357315,7325,297677,0,0,6936,292534,11234,181285,6948,473819,California
Orange,2021-02-20,7541,662533,5626,362941,1915,299592,0,0,3789,292606,3728,185013,3800,477619,California
Orange,2021-02-21,4596,667129,3905,366846,691,300283,0,0,940,289931,3615,188628,940,478559,California
Orange,2021-02-22,9715,676844,7925,374771,1790,302073,0,0,3919,288102,5763,194391,3934,482493,California
Orange,2021-02-23,13361,690205,7327,382098,6034,308107,0,0,3508,281835,9787,204178,3520,486013,California
Orange,2021-02-24,21207,711412,12861,394959,8346,316453,0,0,5396,271508,15741,219919,5414,491427,California
Orange,2021-02-25,22748,734160,12321,407280,10427,326880,0,0,8004,264860,14668,234587,8020,499447,California
Orange,2021-02-26,27870,762030,14109,421389,13761,340641,0,0,11237,259623,16498,251085,11261,510708,California
Orange,2021-02-27,25151,787181,10228,431617,14920,355561,3,3,7332,249268,17705,268790,7350,518058,California
Orange,2021-02-28,19153,806334,7439,439056,11714,367275,0,3,4834,239925,14194,282984,4851,522909,California
Orange,2021-03-01,18662,824996,8528,447584,10123,377398,11,14,7231,235850,11331,294315,7256,530165,California
Orange,2021-03-02,19338,844334,9334,456918,10001,387399,3,17,9460,235519,9822,304137,9491,539656,California
Orange,2021-03-03,20808,865142,9829,466747,10974,398373,5,22,11161,237143,9562,313699,11186,550842,California
Orange,2021-03-04,22617,887759,13026,479773,9577,407950,14,36,11682,237971,10894,324593,11722,562564,California
Orange,2021-03-05,21118,908877,11027,490800,10044,417994,47,83,12961,242931,8109,332702,13069,575633,California
Orange,2021-03-06,24190,933067,13319,504119,9996,427990,875,958,12782,245248,11362,344064,13679,589312,California
Orange,2021-03-07,15275,948342,8580,512699,6284,434274,411,1369,8931,248308,6302,350366,9362,598674,California
Orange,2021-03-08,16780,965122,7734,520433,7731,442005,1315,2684,10777,254477,5949,356315,12118,610792,California
Orange,2021-03-09,21090,986212,9741,530174,8876,450881,2473,5157,12467,260833,8579,364894,14935,625727,California
Orange,2021-03-10,24805,1011017,12178,542352,9166,460047,3461,8618,12522,264591,12219,377113,15977,641704,California
Orange,2021-03-11,29097,1040114,15735,558087,9132,469179,4230,12848,13490,266796,15508,392621,17713,659417,California
Orange,2021-03-12,29449,1069563,14328,572415,11241,480420,3880,16728,14783,270901,14578,407199,18683,678100,California
Orange,2021-03-13,27886,1097449,10260,582675,13674,494094,3952,20680,14105,275236,13718,420917,18053,696153,California
Orange,2021-03-14,18934,1116383,8231,590906,8157,502251,2546,23226,11826,282518,7075,427992,14357,710510,California
Orange,2021-03-15,23114,1139497,10178,601084,12173,514424,763,23989,14412,289071,8613,436605,15166,725676,California
Orange,2021-03-16,26443,1165940,11178,612262,15037,529461,228,24217,17164,297271,9197,445802,17397,743073,California
Orange,2021-03-17,27406,1193346,13599,625861,13216,542677,591,24808,19478,309485,7851,453653,20065,763138,California
Orange,2021-03-18,27822,1221168,13980,639841,13565,556242,277,25085,21635,325281,6119,459772,21915,785053,California
Orange,2021-03-19,33643,1254811,18466,658307,14725,570967,452,25537,24960,342138,8566,468338,25423,810476,California
Orange,2021-03-20,25839,1280650,13607,671914,12024,582991,208,25745,22018,360616,3755,472093,22233,832709,California
Orange,2021-03-21,18555,1299205,10726,682640,7093,590084,736,26481,15751,374330,2772,474865,16486,849195,California
Orange,2021-03-22,22772,1321977,11787,694427,10664,600748,321,26802,19183,390350,3494,478359,19514,868709,California
Orange,2021-03-23,26058,1348035,13545,707972,11869,612617,644,27446,20685,406393,5291,483650,21334,890043,California
Orange,2021-03-24,29175,1377210,16298,724270,11951,624568,926,28372,21997,422233,7084,490734,22924,912967,California
Orange,2021-03-25,32483,1409693,17240,741510,14532,639100,711,29083,24252,439063,8133,498867,24963,937930,California
Orange,2021-03-26,34941,1444634,18141,759651,15934,655034,866,29949,24878,454865,9946,508813,25748,963678,California
Orange,2021-03-27,28522,1473156,13666,773317,14540,669574,316,30265,19787,466329,8640,517453,20104,983782,California
Orange,2021-03-28,24917,1498073,12943,786260,11906,681480,68,30333,18624,478810,6214,523667,18695,1002477,California
Orange,2021-03-29,26551,1524624,12157,798417,13828,695308,566,30899,17802,488529,8653,532320,18372,1020849,California
Orange,2021-03-30,30907,1555531,13968,812385,16308,711616,631,31530,20440,499224,10375,542695,21070,1041919,California
Orange,2021-03-31,37180,1592711,19519,831904,16950,728566,711,32241,23788,510450,13277,555972,24503,1066422,California
Orange,2021-04-01,40529,1633240,21279,853183,17372,745938,1878,34119,26163,524267,14211,570183,28028,1094450,California
Orange,2021-04-02,40197,1673437,20291,873474,18088,764026,1818,35937,22724,531449,17364,587547,24546,1118996,California
Orange,2021-04-03,30226,1703663,15734,889208,12746,776772,1746,37683,14279,531597,15868,603415,16016,1135012,California
Orange,2021-04-04,18472,1722135,10734,899942,6972,783744,766,38449,8162,530270,10251,613666,8924,1143936,California
Orange,2021-04-05,30040,1752175,14032,913974,12607,796351,3401,41850,13807,531311,16151,629817,17192,1161128,California
Orange,2021-04-06,33459,1785634,15648,929622,14376,810727,3435,45285,14356,530073,19009,648826,17771,1178899,California
Orange,2021-04-07,36193,1821827,20148,949770,11458,822185,4587,49872,15970,530463,20135,668961,20525,1199424,California
Orange,2021-04-08,39224,1861051,21706,971476,12038,834223,5480,55352,19020,534840,20090,689051,24467,1223891,California
Orange,2021-04-09,41069,1902120,23886,995362,11950,846173,5233,60585,18162,535397,22808,711859,23365,1247256,California
Orange,2021-04-10,34609,1936729,18316,1013678,12050,858223,4243,64828,14341,533777,20175,732034,18555,1265811,California
Orange,2021-04-11,25767,1962496,14587,1028265,7910,866133,3270,68098,9877,531071,15836,747870,13130,1278941,California
Orange,2021-04-12,30618,1993114,15486,1043751,11539,877672,3593,71691,12041,528178,18505,766375,15612,1294553,California
Orange,2021-04-13,32384,2025498,18245,1061996,14071,891743,68,71759,15075,526080,17239,783614,15141,1309694,California
Orange,2021-04-14,34748,2060246,20378,1082374,14336,906079,34,71793,15186,521904,19462,803076,15286,1324980,California
Orange,2021-04-15,40363,2100609,24590,1106964,15759,921838,14,71807,18756,519264,21497,824573,18857,1343837,California
Orange,2021-04-16,41287,2141896,24266,1131230,16993,938831,28,71835,18623,515369,22552,847125,18657,1362494,California
Orange,2021-04-17,30234,2172130,17121,1148351,13108,951939,5,71840,13228,511724,16882,864007,13237,1375731,California
Orange,2021-04-18,21470,2193600,12999,1161350,8471,960410,0,71840,8481,507273,12936,876943,8485,1384216,California
Orange,2021-04-19,32447,2226047,17928,1179278,14517,974927,2,71842,14909,504747,17442,894385,14916,1399132,California
Orange,2021-04-20,35206,2261253,18284,1197562,16916,991843,6,71848,17619,504871,17501,911886,17625,1416757,California
Orange,2021-04-21,40690,2301943,23451,1221013,17230,1009073,9,71857,19302,502907,21277,933163,19313,1436070,California
Orange,2021-04-22,39257,2341200,20721,1241734,18527,1027600,9,71866,16322,496435,22807,955970,16335,1452405,California
Orange,2021-04-23,40161,2381361,20786,1262520,19368,1046968,7,71873,17926,492254,22118,978088,17937,1470342,California
Orange,2021-04-24,31968,2413329,16706,1279226,15228,1062196,34,71907,13393,487193,18491,996579,13430,1483772,California
Orange,2021-04-25,22942,2436271,12947,1292173,9981,1072177,14,71921,9799,483930,13081,1009660,9818,1493590,California
Orange,2021-04-26,26870,2463141,13142,1305315,13531,1085708,197,72118,11780,480918,14987,1024647,11975,1505565,California
Orange,2021-04-27,29938,2493079,14018,1319333,15354,1101062,566,72684,11414,474536,18367,1043014,11985,1517550,California
Orange,2021-04-28,30859,2523938,15458,1334791,14523,1115585,878,73562,12386,469445,18350,1061364,13259,1530809,California
Orange,2021-04-29,31879,2555817,17411,1352202,13506,1129091,962,74524,11330,461278,20450,1081814,12283,1543092,California
Orange,2021-04-30,29805,2585622,17009,1369211,11855,1140946,941,75465,12678,457861,17030,1098844,13613,1556705,California
Orange,2021-05-01,22638,2608260,15481,1384692,6171,1147117,986,76451,8710,453716,13830,1112674,9685,1566390,California
Orange,2021-05-02,15390,2623650,10238,1394930,4507,1151624,645,77096,5369,449770,9955,1122629,6009,1572399,California
Orange,2021-05-03,20573,2644223,12561,1407491,7255,1158879,757,77853,6474,442980,14020,1136649,7230,1579629,California
Orange,2021-05-04,23599,2667822,13465,1420956,9225,1168104,909,78762,8172,436723,15323,1151972,9066,1588695,California
Orange,2021-05-05,24727,2692549,13797,1434753,10035,1178139,895,79657,8009,429033,16593,1168565,8903,1597598,California
Orange,2021-05-06,26385,2718934,15959,1450712,9424,1187563,1002,80659,7280,418331,18977,1187542,8275,1605873,California
Orange,2021-05-07,28385,2747319,16864,1467576,10474,1198037,1047,81706,8023,407240,20157,1207699,9066,1614939,California
Orange,2021-05-08,18367,2765686,12135,1479711,5457,1203494,775,82481,5403,400564,12848,1220547,6172,1621111,California
Orange,2021-05-09,10957,2776643,8333,1488044,2253,1205747,371,82852,2877,395780,8032,1228579,3248,1624359,California
Orange,2021-05-10,18983,2795626,11559,1499603,6653,1212400,771,83623,4267,386192,14625,1243204,5037,1629396,California
Orange,2021-05-11,21226,2816852,11707,1511310,8845,1221245,674,84297,5028,375787,16102,1259306,5697,1635093,California
Orange,2021-05-12,22521,2839373,13845,1525155,7921,1229166,755,85052,6265,366669,16138,1275444,7020,1642113,California
Orange,2021-05-13,19856,2859229,12094,1537249,7228,1236394,534,85586,7187,361822,12569,1288013,7722,1649835,California
Orange,2021-05-14,25632,2884861,16731,1553980,8099,1244493,802,86388,10399,357881,15134,1303147,11193,1661028,California
Orange,2021-05-15,19875,2904736,14335,1568315,4991,1249484,549,86937,8025,354660,11793,1314940,8572,1669600,California
Orange,2021-05-16,15090,2919826,12400,1580715,2349,1251833,341,87278,6488,352936,8551,1323491,6827,1676427,California
Orange,2021-05-17,19289,2939115,12636,1593351,5955,1257788,698,87976,7159,348714,12069,1335560,7847,1684274,California
Orange,2021-05-18,20399,2959514,11910,1605261,7821,1265609,668,88644,8272,345605,12039,1347599,8930,1693204,California
Orange,2021-05-19,22415,2981929,12814,1618075,8933,1274542,668,89312,7980,339925,14321,1361920,8641,1701845,California
Orange,2021-05-20,18163,3000092,10423,1628498,7154,1281696,586,89898,6175,334784,11901,1373821,6760,1708605,California
Orange,2021-05-21,21167,3021259,11829,1640327,8710,1290406,628,90526,6787,327906,14294,1388115,7416,1716021,California
Orange,2021-05-22,14304,3035563,9687,1650014,4154,1294560,463,90989,5534,325195,8707,1396822,5996,1722017,California
Orange,2021-05-23,6741,3042304,4781,1654795,1750,1296310,210,91199,2306,323301,4409,1401231,2515,1724532,California
Orange,2021-05-24,15327,3057631,9002,1663797,5708,1302018,617,91816,5830,320331,9411,1410642,6441,1730973,California
Orange,2021-05-25,15585,3073216,9184,1672981,5885,1307903,516,92332,5758,316879,9721,1420363,6269,1737242,California
Orange,2021-05-26,15172,3088388,8510,1681491,6173,1314076,489,92821,5729,313732,9362,1429725,6215,1743457,California
Orange,2021-05-27,14341,3102729,8624,1690115,5165,1319241,552,93373,6398,312787,7878,1437603,6933,1750390,California
Orange,2021-05-28,16628,3119357,9827,1699942,6178,1325419,623,93996,7375,311612,9164,1446767,7989,1758379,California
Orange,2021-05-29,8927,3128284,5228,1705170,3343,1328762,356,94352,4131,311350,4743,1451510,4481,1762860,California
Orange,2021-05-30,5975,3134259,3881,1709051,1820,1330582,274,94626,2163,310006,3778,1455288,2434,1765294,California
Orange,2021-05-31,1700,3135959,1049,1710100,605,1331187,46,94672,555,309475,1132,1456420,601,1765895,California
Orange,2021-06-01,13308,3149267,7711,1717811,5119,1336306,478,95150,5269,307275,7942,1464362,5742,1771637,California
Orange,2021-06-02,12897,3162164,7993,1725804,4501,1340807,403,95553,4741,304399,8015,1472377,5139,1776776,California
Orange,2021-06-03,12692,3174856,8786,1734590,3470,1344277,436,95989,4955,302107,7676,1480053,5384,1782160,California
Orange,2021-06-04,16204,3191060,11423,1746013,4234,1348511,547,96536,5145,296813,10984,1491037,5690,1787850,California
Orange,2021-06-05,6801,3197861,5325,1751338,1281,1349792,195,96731,1505,293239,5272,1496309,1698,1789548,California
Placer,2020-12-15,29,29,29,29,0,0,0,0,29,29,0,0,29,29,California
Placer,2020-12-16,55,84,55,84,0,0,0,0,55,84,0,0,55,84,California
Placer,2020-12-17,149,233,149,233,0,0,0,0,149,233,0,0,149,233,California
Placer,2020-12-18,422,655,422,655,0,0,0,0,422,655,0,0,422,655,California
Placer,2020-12-19,253,908,253,908,0,0,0,0,253,908,0,0,253,908,California
Placer,2020-12-20,231,1139,231,1139,0,0,0,0,231,1139,0,0,231,1139,California
Placer,2020-12-21,499,1638,497,1636,2,2,0,0,499,1638,0,0,499,1638,California
Placer,2020-12-22,679,2317,672,2308,7,9,0,0,679,2317,0,0,679,2317,California
Placer,2020-12-23,753,3070,666,2974,87,96,0,0,753,3070,0,0,753,3070,California
Placer,2020-12-24,410,3480,358,3332,52,148,0,0,410,3480,0,0,410,3480,California
Placer,2020-12-26,162,3642,117,3449,45,193,0,0,162,3642,0,0,162,3642,California
Placer,2020-12-27,183,3825,161,3610,22,215,0,0,183,3825,0,0,183,3825,California
Placer,2020-12-28,672,4497,548,4158,124,339,0,0,672,4497,0,0,672,4497,California
Placer,2020-12-29,769,5266,520,4678,249,588,0,0,769,5266,0,0,769,5266,California
Placer,2020-12-30,727,5993,455,5133,272,860,0,0,726,5992,0,0,726,5992,California
Placer,2020-12-31,540,6533,354,5487,186,1046,0,0,540,6532,0,0,540,6532,California
Placer,2021-01-01,15,6548,11,5498,4,1050,0,0,15,6547,0,0,15,6547,California
Placer,2021-01-02,187,6735,155,5653,32,1082,0,0,187,6734,0,0,187,6734,California
Placer,2021-01-03,153,6888,78,5731,75,1157,0,0,153,6887,0,0,153,6887,California
Placer,2021-01-04,628,7516,187,5918,441,1598,0,0,625,7509,3,3,625,7512,California
Placer,2021-01-05,729,8245,159,6077,570,2168,0,0,642,8066,86,89,643,8155,California
Placer,2021-01-06,763,9008,245,6322,518,2686,0,0,613,8529,150,239,613,8768,California
Placer,2021-01-07,982,9990,369,6691,613,3299,0,0,755,9057,227,466,755,9523,California
Placer,2021-01-08,1180,11170,527,7218,653,3952,0,0,792,9464,385,851,792,10315,California
Placer,2021-01-09,456,11626,325,7543,131,4083,0,0,236,9481,219,1070,236,10551,California
Placer,2021-01-10,333,11959,187,7730,146,4229,0,0,165,9478,168,1238,165,10716,California
Placer,2021-01-11,1431,13390,809,8539,622,4851,0,0,839,9726,592,1830,840,11556,California
Placer,2021-01-12,1657,15047,876,9415,781,5632,0,0,1055,10179,602,2432,1055,12611,California
Placer,2021-01-13,1631,16678,819,10234,812,6444,0,0,1208,10969,421,2853,1211,13822,California
Placer,2021-01-14,1804,18482,679,10913,1125,7569,0,0,1429,12027,372,3225,1430,15252,California
Placer,2021-01-15,1937,20419,726,11639,1211,8780,0,0,1582,13256,354,3579,1583,16835,California
Placer,2021-01-16,1446,21865,714,12353,732,9512,0,0,1325,14461,121,3700,1326,18161,California
Placer,2021-01-17,569,22434,397,12750,172,9684,0,0,431,14754,138,3838,431,18592,California
Placer,2021-01-18,993,23427,554,13304,439,10123,0,0,750,15262,243,4081,751,19343,California
Placer,2021-01-19,2639,26066,1973,15277,666,10789,0,0,2180,16984,459,4540,2181,21524,California
Placer,2021-01-20,2284,28350,1712,16989,572,11361,0,0,1948,18597,336,4876,1949,23473,California
Placer,2021-01-21,2577,30927,1133,18122,1444,12805,0,0,2183,20388,393,5269,2184,25657,California
Placer,2021-01-22,2348,33275,646,18768,1702,14507,0,0,2172,22387,174,5443,2173,27830,California
Placer,2021-01-23,1186,34461,382,19150,804,15311,0,0,1028,23257,158,5601,1028,28858,California
Placer,2021-01-24,500,34961,257,19407,243,15554,0,0,427,23612,73,5674,428,29286,California
Placer,2021-01-25,1680,36641,812,20219,868,16422,0,0,1386,24705,294,5968,1387,30673,California
Placer,2021-01-26,1866,38507,1038,21257,828,17250,0,0,1602,26043,264,6232,1602,32275,California
Placer,2021-01-27,1839,40346,1154,22411,685,17935,0,0,1590,27387,247,6479,1591,33866,California
Placer,2021-01-28,1804,42150,1115,23526,689,18624,0,0,1557,28699,245,6724,1557,35423,California
Placer,2021-01-29,1891,44041,1168,24694,723,19347,0,0,1696,30203,194,6918,1698,37121,California
Placer,2021-01-30,1713,45754,969,25663,744,20091,0,0,1592,31675,120,7038,1592,38713,California
Placer,2021-01-31,784,46538,625,26288,159,20250,0,0,713,32318,71,7109,714,39427,California
Placer,2021-02-01,2072,48610,1089,27377,983,21233,0,0,1756,33759,315,7424,1756,41183,California
Placer,2021-02-02,2394,51004,1541,28918,853,22086,0,0,1893,35154,498,7922,1893,43076,California
Placer,2021-02-03,2926,53930,1889,30807,1037,23123,0,0,2299,36830,623,8545,2299,45375,California
Placer,2021-02-04,2738,56668,1187,31994,1551,24674,0,0,1910,37917,824,9369,1911,47286,California
Placer,2021-02-05,2711,59379,1207,33201,1504,26178,0,0,1378,37967,1328,10697,1378,48664,California
Placer,2021-02-06,1949,61328,1313,34514,636,26814,0,0,1402,38822,547,11244,1402,50066,California
Placer,2021-02-07,1194,62522,882,35396,312,27126,0,0,909,39447,284,11528,909,50975,California
Placer,2021-02-08,3300,65822,1770,37166,1530,28656,0,0,1939,40033,1354,12882,1940,52915,California
Placer,2021-02-09,3544,69366,2178,39344,1366,30022,0,0,1627,39746,1914,14796,1627,54542,California
Placer,2021-02-10,3762,73128,2206,41550,1556,31578,0,0,1753,39495,2006,16802,1755,56297,California
Placer,2021-02-11,3701,76829,1912,43462,1789,33367,0,0,1566,38940,2122,18924,1567,57864,California
Placer,2021-02-12,2842,79671,1323,44785,1519,34886,0,0,1658,39452,1147,20071,1659,59523,California
Placer,2021-02-13,2510,82181,1463,46248,1047,35933,0,0,1883,40708,627,20698,1883,61406,California
Placer,2021-02-14,1088,83269,681,46929,407,36340,0,0,739,41100,347,21045,739,62145,California
Placer,2021-02-15,2239,85508,1037,47966,1202,37542,0,0,1522,41907,717,21762,1524,63669,California
Placer,2021-02-16,3577,89085,1783,49749,1794,39336,0,0,1582,41504,1986,23748,1583,65252,California
Placer,2021-02-17,3541,92626,1960,51709,1581,40917,0,0,1508,40983,2029,25777,1508,66760,California
Placer,2021-02-18,3816,96442,2061,53770,1755,42672,0,0,1630,40437,2177,27954,1631,68391,California
Placer,2021-02-19,3627,100069,1936,55706,1691,44363,0,0,1354,39524,2268,30222,1355,69746,California
Placer,2021-02-20,2032,102101,1276,56982,756,45119,0,0,921,39343,1105,31327,924,70670,California
Placer,2021-02-21,991,103092,731,57713,260,45379,0,0,286,38928,702,32029,287,70957,California
Placer,2021-02-22,2550,105642,1790,59503,760,46139,0,0,618,37614,1932,33961,618,71575,California
Placer,2021-02-23,2573,108215,1599,61102,974,47113,0,0,889,36820,1683,35644,889,72464,California
Placer,2021-02-24,3326,111541,1191,62293,2135,49248,0,0,1826,37157,1491,37135,1828,74292,California
Placer,2021-02-25,3741,115282,1545,63838,2196,51444,0,0,2055,37536,1678,38813,2057,76349,California
Placer,2021-02-26,4251,119533,2452,66290,1799,53243,0,0,2458,38205,1789,40602,2458,78807,California
Placer,2021-02-27,2872,122405,1518,67808,1354,54597,0,0,1479,38300,1387,41989,1482,80289,California
Placer,2021-02-28,1560,123965,854,68662,706,55303,0,0,728,38201,827,42816,728,81017,California
Placer,2021-03-01,3184,127149,2122,70784,1062,56365,0,0,1620,38264,1557,44373,1620,82637,California
Placer,2021-03-02,2871,130020,1768,72552,1103,57468,0,0,1878,39154,988,45361,1878,84515,California
Placer,2021-03-03,3336,133356,1438,73990,1898,59366,0,0,1821,39467,1509,46870,1822,86337,California
Placer,2021-03-04,3607,136963,1453,75443,2154,61520,0,0,1882,39637,1713,48583,1883,88220,California
Placer,2021-03-05,2993,139956,1030,76473,1942,63462,21,21,1806,40280,1184,49767,1827,90047,California
Placer,2021-03-06,2431,142387,1504,77977,830,64292,97,118,935,39824,1488,51255,1032,91079,California
Placer,2021-03-07,1311,143698,761,78738,512,64804,38,156,538,39630,770,52025,576,91655,California
Placer,2021-03-08,2896,146594,1820,80558,964,65768,112,268,1644,40136,1250,53275,1756,93411,California
Placer,2021-03-09,3175,149769,1693,82251,1393,67161,89,357,1828,40708,1345,54620,1917,95328,California
Placer,2021-03-10,3302,153071,1334,83585,1863,69024,105,462,1728,40973,1568,56188,1833,97161,California
Placer,2021-03-11,3655,156726,1665,85250,1864,70888,126,588,1754,40964,1891,58079,1882,99043,California
Placer,2021-03-12,3707,160433,1504,86754,1417,72305,786,1374,1256,40562,2445,60524,2043,101086,California
Placer,2021-03-13,2127,162560,741,87495,1262,73567,124,1498,1109,40780,1015,61539,1233,102319,California
Placer,2021-03-14,1656,164216,680,88175,825,74392,151,1649,899,41073,757,62296,1050,103369,California
Placer,2021-03-15,3192,167408,1542,89717,1521,75913,129,1778,1760,41535,1428,63724,1890,105259,California
Placer,2021-03-16,3594,171002,1929,91646,1531,77444,134,1912,2282,42650,1300,65024,2415,107674,California
Placer,2021-03-17,3455,174457,1745,93391,1606,79050,104,2016,2220,43743,1232,66256,2325,109999,California
Placer,2021-03-18,4102,178559,2330,95721,1731,80781,41,2057,2856,45400,1239,67495,2896,112895,California
Placer,2021-03-19,3445,182004,2064,97785,1114,81895,267,2324,2146,46520,1291,68786,2411,115306,California
Placer,2021-03-20,2145,184149,904,98689,1146,83041,95,2419,1305,47084,835,69621,1399,116705,California
Placer,2021-03-21,1266,185415,579,99268,677,83718,10,2429,881,47593,382,70003,891,117596,California
Placer,2021-03-22,3291,188706,2112,101380,1087,84805,92,2521,2134,48666,1153,71156,2226,119822,California
Placer,2021-03-23,3542,192248,2103,103483,1350,86155,89,2610,2524,50267,1013,72169,2614,122436,California
Placer,2021-03-24,3812,196060,2005,105488,1710,87865,97,2707,1947,50467,1844,74013,2044,124480,California
Placer,2021-03-25,3861,199921,1858,107346,1904,89769,99,2806,1727,50169,2123,76136,1825,126305,California
Placer,2021-03-26,3764,203685,1666,109012,1864,91633,234,3040,1503,49660,2246,78382,1737,128042,California
Placer,2021-03-27,1577,205262,465,109477,1093,92726,19,3059,605,49319,965,79347,624,128666,California
Placer,2021-03-28,1099,206361,528,110005,562,93288,9,3068,305,48844,789,80136,314,128980,California
Placer,2021-03-29,3560,209921,1992,111997,1534,94822,34,3102,1725,48780,1826,81962,1762,130742,California
Placer,2021-03-30,3979,213900,2099,114096,1837,96659,43,3145,2082,49021,1883,83845,2124,132866,California
Placer,2021-03-31,4104,218004,1834,115930,2196,98855,74,3219,1691,48379,2406,86251,1764,134630,California
Placer,2021-04-01,2987,220991,1440,117370,1499,100354,48,3267,1660,48765,1322,87573,1708,136338,California
Placer,2021-04-02,2836,223827,1465,118835,1306,101660,65,3332,1576,49152,1253,88826,1640,137978,California
Placer,2021-04-03,1845,225672,986,119821,731,102391,128,3460,886,49213,951,89777,1012,138990,California
Placer,2021-04-04,708,226380,360,120181,295,102686,53,3513,281,49123,424,90201,334,139324,California
Placer,2021-04-05,3022,229402,1912,122093,927,103613,183,3696,1754,49797,1262,91463,1936,141260,California
Placer,2021-04-06,4290,233692,2487,124580,1502,105115,301,3997,1519,48853,2763,94226,1819,143079,California
Placer,2021-04-07,4550,238242,2598,127178,1497,106612,455,4452,2072,48905,2471,96697,2523,145602,California
Placer,2021-04-08,4726,242968,2610,129788,1575,108187,541,4993,1586,47902,3129,99826,2126,147728,California
Placer,2021-04-09,4133,247101,2274,132062,1238,109425,621,5614,1245,46890,2880,102706,1868,149596,California
Placer,2021-04-10,2037,249138,888,132950,967,110392,182,5796,864,46765,1170,103876,1045,150641,California
Placer,2021-04-11,1368,250506,532,133482,803,111195,33,5829,461,46355,903,104779,493,151134,California
Placer,2021-04-12,4109,254615,2648,136130,1077,112272,384,6213,2474,47586,1626,106405,2857,153991,California
Placer,2021-04-13,4359,258974,2998,139128,1360,113632,1,6214,2204,47641,2151,108556,2206,156197,California
Placer,2021-04-14,4151,263125,2573,141701,1577,115209,1,6215,1854,47209,2287,110843,1855,158052,California
Placer,2021-04-15,4489,267614,2510,144211,1978,117187,1,6216,2338,47408,2140,112983,2339,160391,California
Placer,2021-04-16,3663,271277,2176,146387,1487,118674,0,6216,1421,46593,2236,115219,1421,161812,California
Placer,2021-04-17,2423,273700,843,147230,1580,120254,0,6216,1515,47205,903,116122,1515,163327,California
Placer,2021-04-18,1188,274888,255,147485,933,121187,0,6216,412,46843,774,116896,412,163739,California
Placer,2021-04-19,2928,277816,1797,149282,1131,122318,0,6216,1157,46233,1768,118664,1158,164897,California
Placer,2021-04-20,3814,281630,2467,151749,1347,123665,0,6216,2425,47278,1380,120044,2425,167322,California
Placer,2021-04-21,3663,285293,2396,154145,1266,124931,1,6217,2384,48387,1276,121320,2385,169707,California
Placer,2021-04-22,3661,288954,2271,156416,1390,126321,0,6217,1746,48221,1912,123232,1746,171453,California
Placer,2021-04-23,3503,292457,2318,158734,1184,127505,1,6218,1374,47474,2122,125354,1375,172828,California
Placer,2021-04-24,2087,294544,1266,160000,820,128325,1,6219,1220,47836,858,126212,1220,174048,California
Placer,2021-04-25,913,295457,501,160501,412,128737,0,6219,564,48051,349,126561,564,174612,California
Placer,2021-04-26,2381,297838,1265,161766,1093,129830,23,6242,1161,48023,1211,127772,1183,175795,California
Placer,2021-04-27,2689,300527,1406,163172,1243,131073,40,6282,1533,48445,1152,128924,1574,177369,California
Placer,2021-04-28,3002,303529,1881,165053,1084,132157,37,6319,1602,48693,1391,130315,1639,179008,California
Placer,2021-04-29,3378,306907,2186,167239,1139,133296,53,6372,1416,48206,1956,132271,1469,180477,California
Placer,2021-04-30,2975,309882,1798,169037,1128,134424,49,6421,1184,47654,1785,134056,1233,181710,California
Placer,2021-05-01,1326,311208,931,169968,369,134793,26,6447,602,47563,718,134774,627,182337,California
Placer,2021-05-02,730,311938,572,170540,136,134929,22,6469,331,47519,397,135171,353,182690,California
Placer,2021-05-03,1610,313548,989,171529,554,135483,67,6536,441,46860,1166,136337,507,183197,California
Placer,2021-05-04,2296,315844,1292,172821,838,136321,166,6702,858,46452,1432,137769,1024,184221,California
Placer,2021-05-05,3668,319512,2480,175301,1083,137404,105,6807,963,44822,2698,140467,1068,185289,California
Placer,2021-05-06,3091,322603,1887,177188,1127,138531,77,6884,814,43460,2253,142720,891,186180,California
Placer,2021-05-07,2811,325414,1890,179078,830,139361,91,6975,797,42344,2004,144724,888,187068,California
Placer,2021-05-08,1323,326737,706,179784,576,139937,41,7016,391,41844,930,145654,430,187498,California
Placer,2021-05-09,439,327176,204,179988,215,140152,20,7036,217,41858,222,145876,236,187734,California
Placer,2021-05-10,1923,329099,1023,181011,804,140956,96,7132,430,40895,1489,147365,526,188260,California
Placer,2021-05-11,2827,331926,2039,183050,684,141640,104,7236,583,39348,2234,149599,687,188947,California
Placer,2021-05-12,2770,334696,1914,184964,808,142448,48,7284,656,37945,2108,151707,705,189652,California
Placer,2021-05-13,2694,337390,1749,186713,899,143347,46,7330,950,37198,1742,153449,995,190647,California
Placer,2021-05-14,2742,340132,1816,188529,796,144143,130,7460,1343,37282,1386,154835,1470,192117,California
Placer,2021-05-15,2053,342185,1347,189876,682,144825,24,7484,906,37071,1141,155976,930,193047,California
Placer,2021-05-16,1012,343197,528,190404,465,145290,19,7503,343,36766,667,156643,362,193409,California
Placer,2021-05-17,2348,345545,1559,191963,713,146003,76,7579,1030,36558,1314,157957,1106,194515,California
Placer,2021-05-18,2490,348035,1675,193638,736,146739,79,7658,1128,36407,1358,159315,1207,195722,California
Placer,2021-05-19,2509,350544,1591,195229,873,147612,45,7703,880,35708,1624,160939,925,196647,California
Placer,2021-05-20,2265,352809,1497,196726,734,148346,34,7737,769,35020,1489,162428,801,197448,California
Placer,2021-05-21,2184,354993,1384,198110,665,149011,135,7872,969,34915,1207,163635,1102,198550,California
Placer,2021-05-22,1387,356380,973,199083,375,149386,39,7911,706,34984,676,164311,745,199295,California
Placer,2021-05-23,382,356762,233,199316,138,149524,11,7922,216,35047,165,164476,228,199523,California
Placer,2021-05-24,1463,358225,744,200060,604,150128,115,8037,451,34604,1009,165485,566,200089,California
Placer,2021-05-25,1781,360006,936,200996,746,150874,99,8136,660,34249,1114,166599,759,200848,California
Placer,2021-05-26,1558,361564,899,201895,629,151503,30,8166,606,33938,948,167547,637,201485,California
Placer,2021-05-27,1442,363006,708,202603,690,152193,44,8210,655,33859,778,168325,699,202184,California
Placer,2021-05-28,1676,364682,852,203455,735,152928,89,8299,719,33715,952,169277,808,202992,California
Placer,2021-05-29,721,365403,400,203855,291,153219,30,8329,363,33752,355,169632,392,203384,California
Placer,2021-05-30,343,365746,232,204087,97,153316,14,8343,221,33866,121,169753,235,203619,California
Placer,2021-05-31,145,365891,67,204154,61,153377,17,8360,28,33794,116,169869,44,203663,California
Placer,2021-06-01,1665,367556,877,205031,717,154094,71,8431,631,33467,1029,170898,702,204365,California
Placer,2021-06-02,1444,369000,716,205747,661,154755,67,8498,501,33093,942,171840,568,204933,California
Placer,2021-06-03,1637,370637,987,206734,592,155347,58,8556,453,32423,1180,173020,510,205443,California
Placer,2021-06-04,1605,372242,1162,207896,391,155738,52,8608,383,31640,1216,174236,433,205876,California
Placer,2021-06-05,513,372755,413,208309,82,155820,18,8626,115,31375,398,174634,133,206009,California
Plumas,2020-12-18,4,4,4,4,0,0,0,0,4,4,0,0,4,4,California
Plumas,2020-12-19,1,5,1,5,0,0,0,0,1,5,0,0,1,5,California
Plumas,2020-12-21,45,50,45,50,0,0,0,0,45,50,0,0,45,50,California
Plumas,2020-12-22,93,143,93,143,0,0,0,0,93,143,0,0,93,143,California
Plumas,2020-12-23,50,193,50,193,0,0,0,0,50,193,0,0,50,193,California
Plumas,2020-12-24,6,199,6,199,0,0,0,0,6,199,0,0,6,199,California
Plumas,2020-12-28,8,207,0,199,8,8,0,0,8,207,0,0,8,207,California
Plumas,2020-12-29,32,239,22,221,10,18,0,0,32,239,0,0,32,239,California
Plumas,2020-12-30,23,262,1,222,22,40,0,0,23,262,0,0,23,262,California
Plumas,2020-12-31,4,266,1,223,3,43,0,0,4,266,0,0,4,266,California
Plumas,2021-01-02,1,267,0,223,1,44,0,0,1,267,0,0,1,267,California
Plumas,2021-01-04,10,277,3,226,7,51,0,0,10,277,0,0,10,277,California
Plumas,2021-01-05,22,299,1,227,21,72,0,0,22,299,0,0,22,299,California
Plumas,2021-01-06,121,420,5,232,116,188,0,0,121,420,0,0,121,420,California
Plumas,2021-01-07,52,472,2,234,50,238,0,0,51,470,1,1,51,471,California
Plumas,2021-01-08,12,484,5,239,7,245,0,0,8,474,4,5,8,479,California
Plumas,2021-01-09,1,485,1,240,0,245,0,0,0,473,1,6,0,479,California
Plumas,2021-01-11,58,543,50,290,8,253,0,0,11,437,47,53,11,490,California
Plumas,2021-01-12,156,699,87,377,69,322,0,0,71,423,85,138,71,561,California
Plumas,2021-01-13,55,754,50,427,5,327,0,0,9,386,46,184,9,570,California
Plumas,2021-01-14,98,852,14,441,84,411,0,0,93,474,5,189,93,663,California
Plumas,2021-01-15,62,914,7,448,55,466,0,0,60,532,2,191,60,723,California
Plumas,2021-01-16,58,972,1,449,57,523,0,0,58,590,0,191,58,781,California
Plumas,2021-01-18,2,974,1,450,1,524,0,0,2,592,0,191,2,783,California
Plumas,2021-01-19,37,1011,5,455,32,556,0,0,33,621,4,195,33,816,California
Plumas,2021-01-20,130,1141,2,457,128,684,0,0,128,747,2,197,128,944,California
Plumas,2021-01-21,111,1252,2,459,109,793,0,0,111,858,0,197,111,1055,California
Plumas,2021-01-22,5,1257,1,460,4,797,0,0,5,863,0,197,5,1060,California
Plumas,2021-01-23,94,1351,2,462,92,889,0,0,94,957,0,197,94,1154,California
Plumas,2021-01-24,1,1352,1,463,0,889,0,0,1,958,0,197,1,1155,California
Plumas,2021-01-25,9,1361,6,469,3,892,0,0,7,963,2,199,7,1162,California
Plumas,2021-01-26,59,1420,2,471,57,949,0,0,51,1006,8,207,51,1213,California
Plumas,2021-01-27,27,1447,22,493,5,954,0,0,7,993,20,227,7,1220,California
Plumas,2021-01-28,24,1471,1,494,23,977,0,0,22,1013,2,229,22,1242,California
Plumas,2021-01-29,8,1479,2,496,6,983,0,0,7,1019,1,230,7,1249,California
Plumas,2021-01-30,7,1486,3,499,4,987,0,0,7,1026,0,230,7,1256,California
Plumas,2021-01-31,3,1489,3,502,0,987,0,0,3,1029,0,230,3,1259,California
Plumas,2021-02-01,16,1505,2,504,14,1001,0,0,8,1029,8,238,8,1267,California
Plumas,2021-02-02,23,1528,2,506,21,1022,0,0,2,1010,21,259,2,1269,California
Plumas,2021-02-03,126,1654,8,514,118,1140,0,0,13,911,112,371,13,1282,California
Plumas,2021-02-04,102,1756,8,522,94,1234,0,0,23,855,79,450,23,1305,California
Plumas,2021-02-05,27,1783,12,534,15,1249,0,0,12,852,15,465,12,1317,California
Plumas,2021-02-06,7,1790,0,534,7,1256,0,0,7,859,0,465,7,1324,California
Plumas,2021-02-08,14,1804,5,539,9,1265,0,0,2,849,12,477,2,1326,California
Plumas,2021-02-09,173,1977,3,542,170,1435,0,0,113,902,60,537,113,1439,California
Plumas,2021-02-10,98,2075,8,550,90,1525,0,0,92,989,6,543,93,1532,California
Plumas,2021-02-11,337,2412,6,556,331,1856,0,0,277,1206,60,603,277,1809,California
Plumas,2021-02-12,123,2535,4,560,119,1975,0,0,117,1317,6,609,117,1926,California
Plumas,2021-02-13,76,2611,6,566,70,2045,0,0,16,1273,60,669,16,1942,California
Plumas,2021-02-14,8,2619,5,571,3,2048,0,0,8,1281,0,669,8,1950,California
Plumas,2021-02-15,26,2645,5,576,21,2069,0,0,23,1301,3,672,23,1973,California
Plumas,2021-02-16,80,2725,5,581,75,2144,0,0,16,1253,64,736,16,1989,California
Plumas,2021-02-17,146,2871,5,586,141,2285,0,0,12,1131,134,870,12,2001,California
Plumas,2021-02-18,130,3001,7,593,123,2408,0,0,21,1044,109,979,22,2023,California
Plumas,2021-02-19,43,3044,6,599,37,2445,0,0,8,1017,35,1014,8,2031,California
Plumas,2021-02-20,105,3149,7,606,98,2543,0,0,13,938,92,1106,13,2044,California
Plumas,2021-02-21,6,3155,5,611,1,2544,0,0,2,936,4,1110,2,2046,California
Plumas,2021-02-22,3,3158,1,612,2,2546,0,0,0,933,3,1113,0,2046,California
Plumas,2021-02-23,24,3182,5,617,19,2565,0,0,17,943,7,1120,17,2063,California
Plumas,2021-02-24,470,3652,7,624,463,3028,0,0,457,1387,13,1133,457,2520,California
Plumas,2021-02-25,237,3889,12,636,225,3253,0,0,174,1498,63,1196,174,2694,California
Plumas,2021-02-26,267,4156,8,644,259,3512,0,0,258,1748,9,1205,259,2953,California
Plumas,2021-02-27,40,4196,4,648,36,3548,0,0,33,1774,7,1212,33,2986,California
Plumas,2021-02-28,2,4198,0,648,2,3550,0,0,2,1776,0,1212,2,2988,California
Plumas,2021-03-01,15,4213,2,650,13,3563,0,0,10,1782,4,1216,10,2998,California
Plumas,2021-03-02,11,4224,1,651,10,3573,0,0,7,1786,3,1219,7,3005,California
Plumas,2021-03-03,170,4394,9,660,161,3734,0,0,154,1924,16,1235,154,3159,California
Plumas,2021-03-04,251,4645,8,668,243,3977,0,0,229,2131,22,1257,229,3388,California
Plumas,2021-03-05,400,5045,6,674,389,4366,5,5,389,2514,11,1268,394,3782,California
Plumas,2021-03-06,20,5065,3,677,9,4375,8,13,3,2508,17,1285,11,3793,California
Plumas,2021-03-07,14,5079,3,680,2,4377,9,22,4,2511,10,1295,13,3806,California
Plumas,2021-03-08,30,5109,3,683,2,4379,25,47,3,2512,27,1322,28,3834,California
Plumas,2021-03-09,136,5245,3,686,118,4497,15,62,20,2431,116,1438,35,3869,California
Plumas,2021-03-10,284,5529,4,690,266,4763,14,76,110,2382,173,1611,124,3993,California
Plumas,2021-03-11,183,5712,9,699,169,4932,5,81,148,2500,35,1646,153,4146,California
Plumas,2021-03-12,594,6306,5,704,302,5234,287,368,23,2239,571,2217,310,4456,California
Plumas,2021-03-13,25,6331,4,708,10,5244,11,379,4,2233,21,2238,15,4471,California
Plumas,2021-03-14,12,6343,3,711,4,5248,5,384,1,2229,10,2248,6,4477,California
Plumas,2021-03-15,31,6374,0,711,24,5272,7,391,6,2217,25,2273,13,4490,California
Plumas,2021-03-16,61,6435,3,714,57,5329,1,392,49,2255,12,2285,50,4540,California
Plumas,2021-03-17,70,6505,8,722,61,5390,1,393,55,2297,14,2299,56,4596,California
Plumas,2021-03-18,61,6566,6,728,39,5429,16,409,11,2274,50,2349,27,4623,California
Plumas,2021-03-19,163,6729,5,733,156,5585,2,411,155,2426,6,2355,158,4781,California
Plumas,2021-03-20,709,7438,4,737,704,6289,1,412,688,3096,19,2374,689,5470,California
Plumas,2021-03-21,2,7440,1,738,1,6290,0,412,1,3097,0,2374,1,5471,California
Plumas,2021-03-22,191,7631,2,740,189,6479,0,412,184,3274,7,2381,184,5655,California
Plumas,2021-03-23,28,7659,2,742,26,6505,0,412,14,3274,14,2395,14,5669,California
Plumas,2021-03-24,673,8332,6,748,666,7171,1,413,226,3055,446,2841,227,5896,California
Plumas,2021-03-25,304,8636,7,755,295,7466,2,415,160,3071,144,2985,160,6056,California
Plumas,2021-03-26,316,8952,10,765,306,7772,0,415,47,2850,268,3253,47,6103,California
Plumas,2021-03-27,13,8965,1,766,11,7783,1,416,3,2844,10,3263,4,6107,California
Plumas,2021-03-28,8,8973,4,770,3,7786,1,417,4,2845,4,3267,5,6112,California
Plumas,2021-03-29,12,8985,4,774,7,7793,1,418,4,2842,8,3275,5,6117,California
Plumas,2021-03-30,169,9154,3,777,164,7957,2,420,26,2727,143,3418,28,6145,California
Plumas,2021-03-31,290,9444,3,780,286,8243,1,421,268,2974,22,3440,269,6414,California
Plumas,2021-04-01,302,9746,11,791,290,8533,1,422,59,2793,240,3680,59,6473,California
Plumas,2021-04-02,377,10123,4,795,371,8904,2,424,30,2489,336,4016,32,6505,California
Plumas,2021-04-03,15,10138,3,798,5,8909,7,431,4,2489,11,4027,11,6516,California
Plumas,2021-04-04,3,10141,1,799,1,8910,1,432,0,2487,3,4030,1,6517,California
Plumas,2021-04-05,12,10153,4,803,7,8917,1,433,4,2485,7,4037,5,6522,California
Plumas,2021-04-06,128,10281,6,809,96,9013,26,459,15,2413,113,4150,41,6563,California
Plumas,2021-04-07,287,10568,7,816,102,9115,178,637,28,2360,259,4409,206,6769,California
Plumas,2021-04-08,153,10721,3,819,134,9249,16,653,37,2297,115,4524,52,6821,California
Plumas,2021-04-09,50,10771,9,828,24,9273,17,670,17,2297,33,4557,33,6854,California
Plumas,2021-04-10,23,10794,2,830,5,9278,16,686,5,2300,18,4575,21,6875,California
Plumas,2021-04-11,2,10796,1,831,0,9278,1,687,1,2301,1,4576,2,6877,California
Plumas,2021-04-12,12,10808,4,835,5,9283,3,690,6,2304,6,4582,9,6886,California
Plumas,2021-04-13,210,11018,4,839,206,9489,0,690,145,2384,65,4647,145,7031,California
Plumas,2021-04-14,108,11126,6,845,102,9591,0,690,55,2386,53,4700,55,7086,California
Plumas,2021-04-15,52,11178,2,847,50,9641,0,690,34,2402,18,4718,34,7120,California
Plumas,2021-04-16,143,11321,3,850,140,9781,0,690,2,2263,141,4859,2,7122,California
Plumas,2021-04-17,679,12000,2,852,677,10458,0,690,19,1624,658,5517,19,7141,California
Plumas,2021-04-18,3,12003,3,855,0,10458,0,690,0,1621,3,5520,0,7141,California
Plumas,2021-04-19,38,12041,2,857,36,10494,0,690,5,1593,33,5553,5,7146,California
Plumas,2021-04-20,43,12084,5,862,38,10532,0,690,28,1607,14,5567,28,7174,California
Plumas,2021-04-21,318,12402,5,867,312,10844,1,691,17,1323,301,5868,17,7191,California
Plumas,2021-04-22,275,12677,7,874,268,11112,0,691,130,1308,145,6013,130,7321,California
Plumas,2021-04-23,74,12751,5,879,69,11181,0,691,16,1266,58,6071,16,7337,California
Plumas,2021-04-24,171,12922,5,884,166,11347,0,691,145,1386,25,6096,145,7482,California
Plumas,2021-04-26,30,12952,3,887,27,11374,0,691,8,1373,21,6117,8,7490,California
Plumas,2021-04-27,98,13050,4,891,94,11468,0,691,61,1397,37,6154,61,7551,California
Plumas,2021-04-28,284,13334,4,895,280,11748,0,691,38,1190,245,6399,38,7589,California
Plumas,2021-04-29,172,13506,68,963,104,11852,0,691,119,1256,53,6452,119,7708,California
Plumas,2021-04-30,22,13528,11,974,11,11863,0,691,7,1248,15,6467,7,7715,California
Plumas,2021-05-01,4,13532,1,975,2,11865,1,692,1,1248,2,6469,2,7717,California
Plumas,2021-05-02,1,13533,1,976,0,11865,0,692,1,1249,0,6469,1,7718,California
Plumas,2021-05-03,18,13551,6,982,6,11871,6,698,6,1250,11,6480,12,7730,California
Plumas,2021-05-04,31,13582,3,985,21,11892,7,705,18,1263,12,6492,25,7755,California
Plumas,2021-05-05,48,13630,4,989,43,11935,1,706,22,1260,26,6518,23,7778,California
Plumas,2021-05-06,65,13695,2,991,57,11992,6,712,20,1241,45,6563,26,7804,California
Plumas,2021-05-07,22,13717,5,996,16,12008,1,713,8,1236,14,6577,9,7813,California
Plumas,2021-05-08,6,13723,0,996,4,12012,2,715,4,1240,2,6579,6,7819,California
Plumas,2021-05-10,50,13773,0,996,27,12039,23,738,23,1259,27,6606,46,7865,California
Plumas,2021-05-11,171,13944,3,999,149,12188,19,757,15,1137,156,6762,34,7899,California
Plumas,2021-05-12,100,14044,2,1001,91,12279,7,764,37,1119,62,6824,44,7943,California
Plumas,2021-05-13,37,14081,3,1004,32,12311,2,766,13,1110,24,6848,15,7958,California
Plumas,2021-05-14,19,14100,3,1007,11,12322,5,771,9,1114,10,6858,14,7972,California
Plumas,2021-05-15,10,14110,4,1011,4,12326,2,773,4,1114,6,6864,6,7978,California
Plumas,2021-05-16,1,14111,1,1012,0,12326,0,773,1,1115,0,6864,1,7979,California
Plumas,2021-05-17,14,14125,0,1012,5,12331,9,782,4,1118,10,6874,13,7992,California
Plumas,2021-05-18,45,14170,7,1019,37,12368,1,783,25,1124,20,6894,26,8018,California
Plumas,2021-05-19,47,14217,3,1022,30,12398,14,797,12,1116,35,6929,27,8045,California
Plumas,2021-05-20,187,14404,133,1155,43,12441,11,808,77,1094,110,7039,88,8133,California
Plumas,2021-05-21,30,14434,9,1164,15,12456,6,814,15,1100,15,7054,21,8154,California
Plumas,2021-05-22,136,14570,2,1166,134,12590,0,814,6,977,129,7183,6,8160,California
Plumas,2021-05-23,1,14571,1,1167,0,12590,0,814,0,976,1,7184,0,8160,California
Plumas,2021-05-24,50,14621,37,1204,12,12602,1,815,41,1009,9,7193,42,8202,California
Plumas,2021-05-25,73,14694,3,1207,69,12671,1,816,16,969,57,7250,17,8219,California
Plumas,2021-05-26,42,14736,7,1214,28,12699,7,823,17,968,25,7275,24,8243,California
Plumas,2021-05-27,102,14838,26,1240,63,12762,13,836,42,964,59,7334,55,8298,California
Plumas,2021-05-28,42,14880,16,1256,24,12786,2,838,23,970,19,7353,25,8323,California
Plumas,2021-05-29,8,14888,0,1256,8,12794,0,838,6,975,2,7355,7,8330,California
Plumas,2021-05-31,5,14893,0,1256,2,12796,3,841,0,974,4,7359,3,8333,California
Plumas,2021-06-01,34,14927,8,1264,20,12816,6,847,9,965,25,7384,16,8349,California
Plumas,2021-06-02,60,14987,5,1269,34,12850,21,868,10,946,50,7434,31,8380,California
Plumas,2021-06-03,64,15051,16,1285,38,12888,10,878,26,944,38,7472,36,8416,California
Plumas,2021-06-04,13,15064,2,1287,9,12897,2,880,7,947,6,7478,9,8425,California
Plumas,2021-06-05,1,15065,1,1288,0,12897,0,880,0,946,1,7479,0,8425,California
Riverside,2020-12-15,5,5,5,5,0,0,0,0,5,5,0,0,5,5,California
Riverside,2020-12-16,70,75,70,75,0,0,0,0,70,75,0,0,70,75,California
Riverside,2020-12-17,814,889,814,889,0,0,0,0,814,889,0,0,814,889,California
Riverside,2020-12-18,1729,2618,1728,2617,1,1,0,0,1729,2618,0,0,1729,2618,California
Riverside,2020-12-19,1029,3647,1026,3643,3,4,0,0,1027,3644,1,1,1027,3645,California
Riverside,2020-12-20,1086,4733,1085,4728,1,5,0,0,1086,4730,0,1,1086,4731,California
Riverside,2020-12-21,2274,7007,2272,7000,2,7,0,0,2274,7004,0,1,2274,7005,California
Riverside,2020-12-22,2259,9266,2220,9220,39,46,0,0,2259,9263,0,1,2259,9264,California
Riverside,2020-12-23,2147,11413,1805,11025,342,388,0,0,2148,11411,0,1,2148,11412,California
Riverside,2020-12-24,822,12235,619,11644,203,591,0,0,822,12233,0,1,822,12234,California
Riverside,2020-12-25,28,12263,5,11649,23,614,0,0,28,12261,0,1,28,12262,California
Riverside,2020-12-26,400,12663,257,11906,143,757,0,0,400,12661,0,1,400,12662,California
Riverside,2020-12-27,368,13031,247,12153,121,878,0,0,368,13029,0,1,368,13030,California
Riverside,2020-12-28,1636,14667,1131,13284,505,1383,0,0,1637,14666,0,1,1637,14667,California
Riverside,2020-12-29,1741,16408,971,14255,770,2153,0,0,1741,16407,0,1,1741,16408,California
Riverside,2020-12-30,2578,18986,1682,15937,896,3049,0,0,2578,18985,0,1,2578,18986,California
Riverside,2020-12-31,1022,20008,396,16333,626,3675,0,0,1024,20009,0,1,1024,20010,California
Riverside,2021-01-01,122,20130,46,16379,76,3751,0,0,122,20131,0,1,122,20132,California
Riverside,2021-01-02,835,20965,694,17073,141,3892,0,0,835,20966,0,1,835,20967,California
Riverside,2021-01-03,344,21309,298,17371,46,3938,0,0,343,21309,0,1,343,21310,California
Riverside,2021-01-04,1267,22576,794,18165,473,4411,0,0,1267,22576,0,1,1267,22577,California
Riverside,2021-01-05,1990,24566,1366,19531,624,5035,0,0,1895,24381,90,91,1895,24472,California
Riverside,2021-01-06,2497,27063,1113,20644,1384,6419,0,0,2187,26262,306,397,2187,26659,California
Riverside,2021-01-07,2787,29850,1829,22473,958,7377,0,0,1720,26922,1061,1458,1721,28380,California
Riverside,2021-01-08,4069,33919,2938,25411,1131,8508,0,0,2252,27361,1813,3271,2252,30632,California
Riverside,2021-01-09,2077,35996,848,26259,1229,9737,0,0,1725,28735,351,3622,1725,32357,California
Riverside,2021-01-10,1669,37665,734,26993,935,10672,0,0,1068,29202,601,4223,1068,33425,California
Riverside,2021-01-11,4522,42187,3095,30088,1427,12099,0,0,2788,30259,1732,5955,2789,36214,California
Riverside,2021-01-12,3417,45604,2742,32830,675,12774,0,0,1721,30289,1691,7646,1721,37935,California
Riverside,2021-01-13,4463,50067,2944,35774,1519,14293,0,0,2844,31517,1616,9262,2844,40779,California
Riverside,2021-01-14,5524,55591,1916,37690,3608,17901,0,0,4941,35876,582,9844,4941,45720,California
Riverside,2021-01-15,6087,61678,2006,39696,4081,21982,0,0,5796,41382,290,10134,5796,51516,California
Riverside,2021-01-16,3616,65294,1020,40716,2596,24578,0,0,3369,44505,247,10381,3370,54886,California
Riverside,2021-01-17,3596,68890,588,41304,3008,27586,0,0,3397,47705,197,10578,3397,58283,California
Riverside,2021-01-18,3755,72645,2047,43351,1708,29294,0,0,2743,49436,1012,11590,2743,61026,California
Riverside,2021-01-19,7424,80069,2649,46000,4775,34069,0,0,6301,54615,1123,12713,6302,67328,California
Riverside,2021-01-20,8233,88302,3139,49139,5094,39163,0,0,6567,59532,1654,14367,6571,73899,California
Riverside,2021-01-21,8347,96649,3504,52643,4843,44006,0,0,7695,66575,653,15020,7696,81595,California
Riverside,2021-01-22,8732,105381,2964,55607,5768,49774,0,0,8300,74446,430,15450,8301,89896,California
Riverside,2021-01-23,5902,111283,2364,57971,3538,53312,0,0,5181,78908,720,16170,5182,95078,California
Riverside,2021-01-24,3041,114324,1436,59407,1605,54917,0,0,2826,81523,212,16382,2827,97905,California
Riverside,2021-01-25,7892,122216,4540,63947,3352,58269,0,0,6766,87165,1125,17507,6767,104672,California
Riverside,2021-01-26,9153,131369,5725,69672,3428,61697,0,0,7642,93300,1508,19015,7643,112315,California
Riverside,2021-01-27,10929,142298,6394,76066,4535,66232,0,0,9315,101008,1610,20625,9318,121633,California
Riverside,2021-01-28,11510,153808,6791,82857,4719,70951,0,0,10340,110187,1162,21787,10341,131974,California
Riverside,2021-01-29,11941,165749,7286,90143,4655,75606,0,0,10564,119404,1351,23138,10568,142542,California
Riverside,2021-01-30,9068,174817,4617,94760,4451,80057,0,0,8606,127551,460,23598,8607,151149,California
Riverside,2021-01-31,5172,179989,4260,99020,912,80969,0,0,5042,132468,129,23727,5046,156195,California
Riverside,2021-02-01,10984,190973,6790,105810,4194,85163,0,0,9133,139760,1844,25571,9136,165331,California
Riverside,2021-02-02,9480,200453,4820,110630,4660,89823,0,0,8012,146315,1460,27031,8015,173346,California
Riverside,2021-02-03,12191,212644,5147,115777,7044,96867,0,0,9821,153775,2361,29392,9821,183167,California
Riverside,2021-02-04,13520,226164,6010,121787,7510,104377,0,0,11432,163130,2080,31472,11435,194602,California
Riverside,2021-02-05,14327,240491,5391,127178,8936,113313,0,0,11276,171366,3044,34516,11280,205882,California
Riverside,2021-02-06,7233,247724,4264,131442,2969,116282,0,0,5592,175327,1634,36150,5595,211477,California
Riverside,2021-02-07,2167,249891,796,132238,1371,117653,0,0,1846,176855,319,36469,1847,213324,California
Riverside,2021-02-08,12475,262366,5551,137789,6924,124577,0,0,10160,184719,2300,38769,10164,223488,California
Riverside,2021-02-09,9638,272004,4516,142305,5122,129699,0,0,7693,190479,1938,40707,7698,231186,California
Riverside,2021-02-10,12084,284088,6972,149277,5112,134811,0,0,8911,196236,3163,43870,8920,240106,California
Riverside,2021-02-11,16631,300719,9062,158339,7569,142380,0,0,12111,203864,4498,48368,12126,252232,California
Riverside,2021-02-12,17699,318418,10797,169136,6902,149282,0,0,12810,211841,4845,53213,12822,265054,California
Riverside,2021-02-13,6313,324731,2133,171269,4180,153462,0,0,3090,211744,3208,56421,3111,268165,California
Riverside,2021-02-14,4920,329651,1118,172387,3802,157264,0,0,2178,211184,2738,59159,2178,270343,California
Riverside,2021-02-15,9819,339470,4999,177386,4820,162084,0,0,5400,212182,4410,63569,5408,275751,California
Riverside,2021-02-16,16127,355597,10117,187503,6010,168094,0,0,9249,214569,6870,70439,9257,285008,California
Riverside,2021-02-17,15034,370631,8214,195717,6820,174914,0,0,7446,214451,7574,78013,7456,292464,California
Riverside,2021-02-18,15553,386184,8984,204701,6569,181483,0,0,8017,214970,7513,85526,8032,300496,California
Riverside,2021-02-19,15305,401489,8225,212926,7080,188563,0,0,7227,214146,8059,93585,7235,307731,California
Riverside,2021-02-20,8319,409808,4500,217426,3819,192382,0,0,2161,210170,6141,99726,2165,309896,California
Riverside,2021-02-21,4404,414212,3882,221308,522,192904,0,0,1234,208249,3155,102881,1234,311130,California
Riverside,2021-02-22,12388,426600,7780,229088,4608,197512,0,0,5109,206100,7263,110144,5114,316244,California
Riverside,2021-02-23,11127,437727,7573,236661,3554,201066,0,0,5397,205798,5703,115847,5401,321645,California
Riverside,2021-02-24,14808,452535,8102,244763,6706,207772,0,0,6292,203629,8478,124325,6309,327954,California
Riverside,2021-02-25,17368,469903,7405,252168,9963,217735,0,0,8076,202461,9268,133593,8100,336054,California
Riverside,2021-02-26,18648,488551,6737,258905,11911,229646,0,0,9306,202517,9284,142877,9340,345394,California
Riverside,2021-02-27,12094,500645,5606,264511,6488,236134,0,0,5763,202009,6298,149175,5790,351184,California
Riverside,2021-02-28,4888,505533,3225,267736,1663,237797,0,0,2406,201952,2470,151645,2413,353597,California
Riverside,2021-03-01,14380,519913,6116,273852,8261,246058,3,3,8455,204551,5887,157532,8486,362083,California
Riverside,2021-03-02,15384,535297,7519,281371,7864,253922,1,4,9020,207259,6342,163874,9050,371133,California
Riverside,2021-03-03,16935,552232,8385,289756,8550,262472,0,4,7305,205113,9579,173453,7433,378566,California
Riverside,2021-03-04,18756,570988,7477,297233,11274,273746,5,9,8903,204363,9808,183261,9058,387624,California
Riverside,2021-03-05,18922,589910,7608,304841,11270,285016,44,53,9375,204563,9496,192757,9696,397320,California
Riverside,2021-03-06,9527,599437,5080,309921,3966,288982,481,534,4752,205061,4762,197519,5260,402580,California
Riverside,2021-03-07,4262,603699,2753,312674,1120,290102,389,923,2010,205221,2243,199762,2403,404983,California
Riverside,2021-03-08,11968,615667,4757,317431,6801,296903,410,1333,5342,204413,6606,206368,5798,410781,California
Riverside,2021-03-09,14798,630465,6895,324326,7401,304304,502,1835,5898,202072,8877,215245,6536,417317,California
Riverside,2021-03-10,15914,646379,8514,332840,6473,310777,927,2762,6212,199706,9657,224902,7291,424608,California
Riverside,2021-03-11,19312,665691,9470,342310,7992,318769,1850,4612,7612,197710,11665,236567,9669,434277,California
Riverside,2021-03-12,21199,686890,7933,350243,8522,327291,4744,9356,7089,195797,14071,250638,12158,446435,California
Riverside,2021-03-13,8514,695404,2547,352790,4736,332027,1231,10587,4371,197354,4121,254759,5678,452113,California
Riverside,2021-03-14,4748,700152,1621,354411,1755,333782,1372,11959,2088,198161,2649,257408,3456,455569,California
Riverside,2021-03-15,18701,718853,7871,362282,9164,342946,1666,13625,9210,199690,9447,266855,10976,466545,California
Riverside,2021-03-16,20901,739754,10145,372427,9943,352889,813,14438,11390,202511,9474,276329,12295,478840,California
Riverside,2021-03-17,21340,761094,10949,383376,9331,362220,1060,15498,12826,207978,8478,284807,13945,492785,California
Riverside,2021-03-18,22618,783712,11770,395146,9179,371399,1669,17167,12545,212179,10021,294828,14222,507007,California
Riverside,2021-03-19,24161,807873,12685,407831,10505,381904,971,18138,14107,217629,9994,304822,15444,522451,California
Riverside,2021-03-20,10687,818560,6898,414729,2606,384510,1183,19321,6875,221905,3781,308603,8057,530508,California
Riverside,2021-03-21,3748,822308,2922,417651,560,385070,266,19587,2556,223554,1174,309777,2823,533331,California
Riverside,2021-03-22,16645,838953,9930,427581,6164,391234,551,20138,10596,228706,5992,315769,11144,544475,California
Riverside,2021-03-23,18571,857524,10515,438096,7634,398868,422,20560,11933,234498,6577,322346,12369,556844,California
Riverside,2021-03-24,18733,876257,10457,448553,8155,407023,121,20681,12861,241664,5822,328168,12988,569832,California
Riverside,2021-03-25,21162,897419,11675,460228,9309,416332,178,20859,14181,249121,6906,335074,14363,584195,California
Riverside,2021-03-26,24153,921572,11940,472168,12048,428380,165,21024,15021,255280,9030,344104,15189,599384,California
Riverside,2021-03-27,9350,930922,4910,477078,3388,431768,1052,22076,4825,256658,4501,348605,5879,605263,California
Riverside,2021-03-28,4772,935694,3138,480216,1542,433310,92,22168,2840,257672,1919,350524,2933,608196,California
Riverside,2021-03-29,17663,953357,8448,488664,9096,442406,119,22287,10919,262024,6698,357222,11050,619246,California
Riverside,2021-03-30,18369,971726,9559,498223,8603,451009,207,22494,11711,267327,6617,363839,11920,631166,California
Riverside,2021-03-31,18153,989879,8444,506667,9402,460411,307,22801,11460,272458,6645,370484,11776,642942,California
Riverside,2021-04-01,25564,1015443,12496,519163,12290,472701,778,23579,16504,280748,8991,379475,17281,660223,California
Riverside,2021-04-02,26151,1041594,14073,533236,11126,483827,952,24531,16379,288592,9709,389184,17553,677776,California
Riverside,2021-04-03,9389,1050983,5967,539203,2829,486656,593,25124,6049,291911,3319,392503,6638,684414,California
Riverside,2021-04-04,3400,1054383,2066,541269,1090,487746,244,25368,1717,292199,1674,394177,1962,686376,California
Riverside,2021-04-05,18479,1072862,9462,550731,7156,494902,1861,27229,9942,295506,8495,402672,11802,698178,California
Riverside,2021-04-06,23802,1096664,12367,563098,9299,504201,2136,29365,13274,300430,10476,413148,15400,713578,California
Riverside,2021-04-07,24884,1121548,13431,576529,8932,513133,2521,31886,13842,305796,10993,424141,16359,729937,California
Riverside,2021-04-08,27457,1149005,15188,591717,9285,522418,2984,34870,16783,314941,10603,434744,19748,749685,California
Riverside,2021-04-09,26295,1175300,15458,607175,8379,530797,2458,37328,16043,323254,10205,444949,18518,768203,California
Riverside,2021-04-10,12023,1187323,6744,613919,3884,534681,1395,38723,5256,323175,6723,451672,6644,774847,California
Riverside,2021-04-11,4637,1191960,2758,616677,1259,535940,620,39343,2191,323550,2434,454106,2809,777656,California
Riverside,2021-04-12,20180,1212140,8980,625657,8553,544493,2647,41990,10111,326279,10030,464136,12759,790415,California
Riverside,2021-04-13,19996,1232136,11189,636846,8780,553273,27,42017,11428,329209,8529,472665,11459,801874,California
Riverside,2021-04-14,22108,1254244,12174,649020,9919,563192,15,42032,10835,328866,11204,483869,10861,812735,California
Riverside,2021-04-15,21966,1276210,12439,661459,9519,572711,8,42040,11570,330119,10329,494198,11582,824317,California
Riverside,2021-04-16,24897,1301107,14408,675867,10483,583194,6,42046,11512,328313,13331,507529,11525,835842,California
Riverside,2021-04-17,9870,1310977,6503,682370,3367,586561,0,42046,4959,328384,4895,512424,4966,840808,California
Riverside,2021-04-18,3850,1314827,2805,685175,1038,587599,7,42053,1808,328174,2028,514452,1818,842626,California
Riverside,2021-04-19,19460,1334287,11573,696748,7884,595483,3,42056,6955,322673,12464,526916,6963,849589,California
Riverside,2021-04-20,18875,1353162,9956,706704,8910,604393,9,42065,7731,319316,11100,538016,7743,857332,California
Riverside,2021-04-21,19847,1373009,11420,718124,8418,612811,9,42074,7987,315525,11793,549809,8002,865334,California
Riverside,2021-04-22,23242,1396251,13570,731694,9668,622479,4,42078,8668,309699,14503,564312,8677,874011,California
Riverside,2021-04-23,23312,1419563,13721,745415,9577,632056,14,42092,9138,304742,14117,578429,9160,883171,California
Riverside,2021-04-24,10470,1430033,7299,752714,3168,635224,3,42095,4817,303947,5615,584044,4820,887991,California
Riverside,2021-04-25,4214,1434247,2818,755532,1395,636619,1,42096,2185,304124,2010,586054,2187,890178,California
Riverside,2021-04-26,16658,1450905,10452,765984,6161,642780,45,42141,5593,298743,11023,597077,5642,895820,California
Riverside,2021-04-27,18004,1468909,10298,776282,7525,650305,181,42322,6244,293451,11717,608794,6425,902245,California
Riverside,2021-04-28,16473,1485382,8861,785143,7357,657662,255,42577,5546,288382,10870,619664,5801,908046,California
Riverside,2021-04-29,18712,1504094,11444,796587,6922,664584,346,42923,5379,280835,13269,632933,5722,913768,California
Riverside,2021-04-30,19761,1523855,11404,807991,7976,672560,381,43304,6353,274217,13355,646288,6737,920505,California
Riverside,2021-05-01,6752,1530607,4864,812855,1721,674281,167,43471,2323,272299,4406,650694,2488,922993,California
Riverside,2021-05-02,3352,1533959,2183,815038,961,675242,208,43679,1068,271314,2267,652961,1282,924275,California
Riverside,2021-05-03,17991,1551950,11050,826088,6452,681694,489,44168,4160,262192,13769,666730,4647,928922,California
Riverside,2021-05-04,17237,1569187,10946,837034,5874,687568,417,44585,4863,255161,12307,679037,5276,934198,California
Riverside,2021-05-05,15776,1584963,8926,845960,6490,694058,360,44945,4548,248901,11168,690205,4908,939106,California
Riverside,2021-05-06,17756,1602719,9944,855904,7403,701461,409,45354,4500,240626,13185,703390,4910,944016,California
Riverside,2021-05-07,20294,1623013,11570,867474,8295,709756,429,45783,5345,231525,14871,718261,5770,949786,California
Riverside,2021-05-08,6813,1629826,4534,872008,2051,711807,228,46011,2555,230079,4228,722489,2782,952568,California
Riverside,2021-05-09,2306,1632132,1511,873519,640,712447,155,46166,853,229642,1445,723934,1008,953576,California
Riverside,2021-05-10,10021,1642153,5138,878657,4513,716960,370,46536,2852,225745,7119,731053,3222,956798,California
Riverside,2021-05-11,13550,1655703,8128,886785,4930,721890,492,47028,3685,220137,9786,740839,4178,960976,California
Riverside,2021-05-12,11930,1667633,5821,892606,5823,727713,286,47314,3611,215765,8267,749106,3895,964871,California
Riverside,2021-05-13,13746,1681379,8155,900761,5327,733040,264,47578,4861,212059,8835,757941,5129,970000,California
Riverside,2021-05-14,17715,1699094,11195,911956,5729,738769,791,48369,6920,209041,10727,768668,7709,977709,California
Riverside,2021-05-15,9668,1708762,6921,918877,2350,741119,397,48766,4932,209665,4705,773373,5329,983038,California
Riverside,2021-05-16,3458,1712220,2509,921386,839,741958,110,48876,1703,209733,1743,775116,1811,984849,California
Riverside,2021-05-17,11731,1723951,7559,928945,3834,745792,338,49214,5239,208855,6459,781575,5581,990430,California
Riverside,2021-05-18,15013,1738964,9292,938237,5379,751171,342,49556,6180,206590,8786,790361,6521,996951,California
Riverside,2021-05-19,12105,1751069,7665,945902,4215,755386,225,49781,5991,206741,6066,796427,6217,1003168,California
Riverside,2021-05-20,10132,1761201,6211,952113,3671,759057,250,50031,4475,205854,5616,802043,4729,1007897,California
Riverside,2021-05-21,12550,1773751,7681,959794,4567,763624,302,50333,5365,204386,7135,809178,5667,1013564,California
Riverside,2021-05-22,5649,1779400,3877,963671,1585,765209,187,50520,3175,205307,2443,811621,3364,1016928,California
Riverside,2021-05-23,1553,1780953,1051,964722,429,765638,73,50593,836,205509,707,812328,909,1017837,California
Riverside,2021-05-24,8601,1789554,5557,970279,2737,768375,307,50900,3886,205019,4682,817010,4192,1022029,California
Riverside,2021-05-25,9573,1799127,5750,976029,3562,771937,261,51161,3935,203613,5603,822613,4197,1026226,California
Riverside,2021-05-26,8828,1807955,5470,981499,3033,774970,325,51486,3983,203129,4795,827408,4311,1030537,California
Riverside,2021-05-27,8490,1816445,5087,986586,3170,778140,233,51719,4027,202973,4415,831823,4259,1034796,California
Riverside,2021-05-28,10586,1827031,6462,993048,3825,781965,299,52018,5005,202758,5521,837344,5306,1040102,California
Riverside,2021-05-29,4967,1831998,3386,996434,1458,783423,123,52141,2837,203611,2109,839453,2962,1043064,California
Riverside,2021-05-30,1946,1833944,1405,997839,477,783900,64,52205,1069,203874,870,840323,1133,1044197,California
Riverside,2021-05-31,866,1834810,491,998330,342,784242,33,52238,334,203712,529,840852,367,1044564,California
Riverside,2021-06-01,9108,1843918,5636,1003966,3239,787481,233,52471,3657,202200,5402,846254,3890,1048454,California
Riverside,2021-06-02,7045,1850963,4288,1008254,2485,789966,272,52743,3044,201547,3969,850223,3316,1051770,California
Riverside,2021-06-03,7788,1858751,5190,1013444,2346,792312,252,52995,3057,200158,4696,854919,3307,1055077,California
Riverside,2021-06-04,10028,1868779,7134,1020578,2658,794970,236,53231,3629,197668,6354,861273,3864,1058941,California
Riverside,2021-06-05,3257,1872036,2326,1022904,450,795420,481,53712,867,196640,2377,863650,1349,1060290,California
Sacramento,2020-12-15,314,314,314,314,0,0,0,0,314,314,0,0,314,314,California
Sacramento,2020-12-16,647,961,647,961,0,0,0,0,647,961,0,0,647,961,California
Sacramento,2020-12-17,702,1663,702,1663,0,0,0,0,702,1663,0,0,702,1663,California
Sacramento,2020-12-18,1115,2778,1115,2778,0,0,0,0,1115,2778,0,0,1115,2778,California
Sacramento,2020-12-19,611,3389,611,3389,0,0,0,0,611,3389,0,0,611,3389,California
Sacramento,2020-12-20,636,4025,636,4025,0,0,0,0,636,4025,0,0,636,4025,California
Sacramento,2020-12-21,1678,5703,1678,5703,0,0,0,0,1679,5704,0,0,1679,5704,California
Sacramento,2020-12-22,2100,7803,2066,7769,34,34,0,0,2100,7804,0,0,2100,7804,California
Sacramento,2020-12-23,2256,10059,2083,9852,173,207,0,0,2256,10060,0,0,2256,10060,California
Sacramento,2020-12-24,1039,11098,827,10679,212,419,0,0,1039,11099,0,0,1039,11099,California
Sacramento,2020-12-25,1,11099,0,10679,1,420,0,0,1,11100,0,0,1,11100,California
Sacramento,2020-12-26,507,11606,288,10967,219,639,0,0,507,11607,0,0,507,11607,California
Sacramento,2020-12-27,357,11963,251,11218,106,745,0,0,357,11964,0,0,357,11964,California
Sacramento,2020-12-28,1897,13860,1322,12540,575,1320,0,0,1896,13859,1,1,1896,13860,California
Sacramento,2020-12-29,1957,15817,1193,13733,764,2084,0,0,1957,15816,0,1,1957,15817,California
Sacramento,2020-12-30,2557,18374,1455,15188,1102,3186,0,0,2558,18374,0,1,2558,18375,California
Sacramento,2020-12-31,1222,19596,688,15876,534,3720,0,0,1223,19597,0,1,1223,19598,California
Sacramento,2021-01-01,82,19678,71,15947,11,3731,0,0,82,19679,0,1,82,19680,California
Sacramento,2021-01-02,566,20244,365,16312,201,3932,0,0,566,20245,0,1,566,20246,California
Sacramento,2021-01-03,413,20657,224,16536,189,4121,0,0,413,20658,0,1,413,20659,California
Sacramento,2021-01-04,1949,22606,842,17378,1107,5228,0,0,1940,22590,8,9,1940,22599,California
Sacramento,2021-01-05,2212,24818,987,18365,1225,6453,0,0,1848,24081,364,373,1855,24454,California
Sacramento,2021-01-06,2731,27549,1619,19984,1112,7565,0,0,1932,25217,796,1169,1932,26386,California
Sacramento,2021-01-07,2839,30388,1511,21495,1328,8893,0,0,1910,26201,926,2095,1910,28296,California
Sacramento,2021-01-08,3285,33673,2084,23579,1201,10094,0,0,2167,27255,1114,3209,2168,30464,California
Sacramento,2021-01-09,1291,34964,798,24377,493,10587,0,0,896,27758,393,3602,896,31360,California
Sacramento,2021-01-10,1232,36196,709,25086,523,11110,0,0,764,28056,467,4069,765,32125,California
Sacramento,2021-01-11,4350,40546,2962,28048,1388,12498,0,0,2409,28537,1940,6009,2421,34546,California
Sacramento,2021-01-12,4578,45124,3200,31248,1378,13876,0,0,2607,29177,1971,7980,2611,37157,California
Sacramento,2021-01-13,3837,48961,2214,33462,1623,15499,0,0,2420,30182,1416,9396,2421,39578,California
Sacramento,2021-01-14,4612,53573,2323,35785,2289,17788,0,0,3703,32979,906,10302,3703,43281,California
Sacramento,2021-01-15,4435,58008,2251,38036,2184,19972,0,0,3724,35993,711,11013,3725,47006,California
Sacramento,2021-01-16,2082,60090,1276,39312,806,20778,0,0,1864,37639,218,11231,1864,48870,California
Sacramento,2021-01-17,1675,61765,979,40291,696,21474,0,0,1490,38947,185,11416,1493,50363,California
Sacramento,2021-01-18,2825,64590,1728,42019,1097,22571,0,0,2247,40618,577,11993,2248,52611,California
Sacramento,2021-01-19,4970,69560,3023,45042,1947,24518,0,0,3733,43116,1237,13230,3735,56346,California
Sacramento,2021-01-20,4814,74374,2847,47889,1967,26485,0,0,3591,45488,1225,14455,3597,59943,California
Sacramento,2021-01-21,5202,79576,3005,50894,2197,28682,0,0,4233,48760,963,15418,4235,64178,California
Sacramento,2021-01-22,5015,84591,2684,53578,2331,31013,0,0,4714,53175,300,15718,4715,68893,California
Sacramento,2021-01-23,3745,88336,1568,55146,2177,33190,0,0,3284,55998,461,16179,3284,72177,California
Sacramento,2021-01-24,1620,89956,1009,56155,611,33801,0,0,1377,57134,242,16421,1378,73555,California
Sacramento,2021-01-25,4411,94367,2163,58318,2248,36049,0,0,2947,58619,1464,17885,2949,76504,California
Sacramento,2021-01-26,4740,99107,2152,60470,2588,38637,0,0,3542,60967,1196,19081,3544,80048,California
Sacramento,2021-01-27,5851,104958,3051,63521,2800,41437,0,0,4233,63587,1615,20696,4235,84283,California
Sacramento,2021-01-28,5401,110359,2737,66258,2664,44101,0,0,4301,66790,1099,21795,4302,88585,California
Sacramento,2021-01-29,5409,115768,2937,69195,2472,46573,0,0,4390,70170,1010,22805,4390,92975,California
Sacramento,2021-01-30,4503,120271,2196,71391,2307,48880,0,0,4075,73819,426,23231,4075,97050,California
Sacramento,2021-01-31,2334,122605,2034,73425,300,49180,0,0,2055,75599,277,23508,2057,99107,California
Sacramento,2021-02-01,5939,128544,3034,76459,2905,52085,0,0,4257,78177,1679,25187,4257,103364,California
Sacramento,2021-02-02,7015,135559,3787,80246,3228,55313,0,0,4860,80902,2137,27324,4862,108226,California
Sacramento,2021-02-03,7145,142704,3605,83851,3540,58853,0,0,5283,84334,1853,29177,5285,113511,California
Sacramento,2021-02-04,7767,150471,3681,87532,4086,62939,0,0,5526,87628,2232,31409,5526,119037,California
Sacramento,2021-02-05,7858,158329,4482,92014,3376,66315,0,0,4921,89638,2914,34323,4924,123961,California
Sacramento,2021-02-06,8480,166809,3477,95491,5003,71318,0,0,7126,95413,1352,35675,7127,131088,California
Sacramento,2021-02-07,4063,170872,2188,97679,1875,73193,0,0,2875,97107,1183,36858,2877,133965,California
Sacramento,2021-02-08,6258,177130,3256,100935,3002,76195,0,0,3907,98667,2347,39205,3907,137872,California
Sacramento,2021-02-09,6767,183897,3551,104486,3216,79411,0,0,3993,99896,2765,41970,3994,141866,California
Sacramento,2021-02-10,7686,191583,4198,108684,3488,82899,0,0,4523,101272,3149,45119,4525,146391,California
Sacramento,2021-02-11,9604,201187,5738,114422,3866,86765,0,0,5510,102705,4079,49198,5512,151903,California
Sacramento,2021-02-12,10690,211877,4154,118576,6536,93301,0,0,6412,104903,4217,53415,6415,158318,California
Sacramento,2021-02-13,7687,219564,2992,121568,4695,97996,0,0,6091,109404,1591,55006,6092,164410,California
Sacramento,2021-02-14,3193,222757,1961,123529,1232,99228,0,0,2094,110405,1097,56103,2098,166508,California
Sacramento,2021-02-15,6011,228768,2057,125586,3954,103182,0,0,4177,112757,1828,57931,4180,170688,California
Sacramento,2021-02-16,9245,238013,4210,129796,5035,108217,0,0,5310,114143,3928,61859,5314,176002,California
Sacramento,2021-02-17,8849,246862,4995,134791,3854,112071,0,0,5147,115602,3690,65549,5149,181151,California
Sacramento,2021-02-18,9597,256459,5762,140553,3835,115906,0,0,5733,117484,3855,69404,5737,186888,California
Sacramento,2021-02-19,10087,266546,6183,146736,3904,119810,0,0,5977,119368,4099,73503,5983,192871,California
Sacramento,2021-02-20,7850,274396,5791,152527,2059,121869,0,0,4750,121025,3094,76597,4751,197622,California
Sacramento,2021-02-21,3057,277453,2417,154944,640,122509,0,0,1084,120142,1967,78564,1084,198706,California
Sacramento,2021-02-22,6326,283779,3824,158768,2502,125011,0,0,2785,119402,3529,82093,2789,201495,California
Sacramento,2021-02-23,7271,291050,4509,163277,2762,127773,0,0,3549,119250,3705,85798,3553,205048,California
Sacramento,2021-02-24,9836,300886,5422,168699,4414,132187,0,0,5371,120178,4449,90247,5377,210425,California
Sacramento,2021-02-25,11287,312173,6476,175175,4811,136998,0,0,6635,122177,4636,94883,6635,217060,California
Sacramento,2021-02-26,14413,326586,6800,181975,7613,144611,0,0,9882,127563,4500,99383,9886,226946,California
Sacramento,2021-02-27,11085,337671,6876,188851,4206,148817,3,3,8202,132908,2860,102243,8205,235151,California
Sacramento,2021-02-28,6197,343868,2336,191187,3861,152678,0,3,3104,132934,3079,105322,3105,238256,California
Sacramento,2021-03-01,8622,352490,3621,194808,5000,157678,1,4,4701,133740,3898,109220,4704,242960,California
Sacramento,2021-03-02,9296,361786,4048,198856,5247,162925,1,5,5699,135863,3580,112800,5703,248663,California
Sacramento,2021-03-03,10973,372759,5010,203866,5960,168885,3,8,6550,138016,4402,117202,6555,255218,California
Sacramento,2021-03-04,13484,386243,6200,210066,7280,176165,4,12,7496,139566,5956,123158,7506,262724,California
Sacramento,2021-03-05,10634,396877,4913,214979,5691,181856,30,42,7069,143122,3544,126702,7100,269824,California
Sacramento,2021-03-06,8133,405010,3120,218099,4891,186747,122,164,4124,143373,3994,130696,4245,274069,California
Sacramento,2021-03-07,7622,412632,2217,220316,5316,192063,89,253,3754,143351,3863,134559,3841,277910,California
Sacramento,2021-03-08,9118,421750,4263,224579,4631,196694,224,477,5957,146381,3149,137708,6179,284089,California
Sacramento,2021-03-09,9609,431359,4555,229134,4763,201457,291,768,5531,148143,4060,141768,5822,289911,California
Sacramento,2021-03-10,11788,443147,7527,236661,3908,205365,353,1121,6890,150525,4863,146631,7245,297156,California
Sacramento,2021-03-11,15060,458207,10004,246665,4232,209597,824,1945,8927,154178,6094,152725,9747,306903,California
Sacramento,2021-03-12,18052,476259,8345,255010,8846,218443,861,2806,8837,154718,9165,161890,9705,316608,California
Sacramento,2021-03-13,13025,489284,3582,258592,9014,227457,429,3235,7863,157854,5152,167042,8288,324896,California
Sacramento,2021-03-14,8399,497683,3474,262066,4290,231747,635,3870,4431,158975,3943,170985,5064,329960,California
Sacramento,2021-03-15,12239,509922,4863,266929,6714,238461,662,4532,7041,161506,5173,176158,7704,337664,California
Sacramento,2021-03-16,14018,523940,6227,273156,7140,245601,651,5183,8624,165416,5358,181516,9268,346932,California
Sacramento,2021-03-17,13762,537702,6618,279774,6508,252109,636,5819,8783,169883,4954,186470,9421,356353,California
Sacramento,2021-03-18,15695,553397,8222,287996,6881,258990,592,6411,9954,174721,5708,192178,10546,366899,California
Sacramento,2021-03-19,15624,569021,7988,295984,6262,265252,1374,7785,7895,176276,7703,199881,9258,376157,California
Sacramento,2021-03-20,12934,581955,7547,303531,5047,270299,340,8125,8049,179811,4856,204737,8391,384548,California
Sacramento,2021-03-21,5591,587546,2758,306289,2795,273094,38,8163,4857,183987,721,205458,4897,389445,California
Sacramento,2021-03-22,9389,596935,4809,311098,3728,276822,852,9015,6191,187860,3170,208628,7043,396488,California
Sacramento,2021-03-23,11351,608286,6763,317861,3779,280601,809,9824,7263,191882,4046,212674,8068,404556,California
Sacramento,2021-03-24,11862,620148,7266,325127,3965,284566,631,10455,6724,194182,5056,217730,7356,411912,California
Sacramento,2021-03-25,14168,634316,8359,333486,4985,289551,824,11279,8521,197920,5602,223332,9340,421252,California
Sacramento,2021-03-26,18264,652580,8927,342413,8846,298397,491,11770,9160,198538,9036,232368,9654,430906,California
Sacramento,2021-03-27,9690,662270,3576,345989,5824,304221,290,12060,5098,199361,4561,236929,5384,436290,California
Sacramento,2021-03-28,6528,668798,3226,349215,3053,307274,249,12309,2706,198506,3811,240740,2956,439246,California
Sacramento,2021-03-29,11019,679817,5900,355115,4744,312018,375,12684,4950,197792,6040,246780,5326,444572,California
Sacramento,2021-03-30,11855,691672,6087,361202,5379,317397,389,13073,6019,198388,5812,252592,6408,450980,California
Sacramento,2021-03-31,13451,705123,7871,369073,5182,322579,398,13471,5667,196691,7756,260348,6059,457039,California
Sacramento,2021-04-01,17447,722570,10474,379547,6745,329324,228,13699,7322,194167,10080,270428,7556,464595,California
Sacramento,2021-04-02,17128,739698,9699,389246,6692,336016,737,14436,9011,195829,8085,278513,9747,474342,California
Sacramento,2021-04-03,10453,750151,6247,395493,3658,339674,548,14984,6417,198783,4006,282519,6960,481302,California
Sacramento,2021-04-04,3710,753861,1530,397023,1989,341663,191,15175,1449,198163,2255,284774,1635,482937,California
Sacramento,2021-04-05,12046,765907,7565,404588,3651,345314,830,16005,5381,197738,6630,291404,6205,489142,California
Sacramento,2021-04-06,15639,781546,8872,413460,5438,350752,1329,17334,6925,197305,8681,300085,8248,497390,California
Sacramento,2021-04-07,14828,796374,8025,421485,5214,355966,1589,18923,7156,198407,7631,307716,8733,506123,California
Sacramento,2021-04-08,15051,811425,6775,428260,5302,361268,2974,21897,5995,198339,9021,316737,8953,515076,California
Sacramento,2021-04-09,18290,829715,9369,437629,6719,367987,2202,24099,7423,197126,10828,327565,9615,524691,California
Sacramento,2021-04-10,12836,842551,3836,441465,7782,375769,1218,25317,5318,196149,7488,335053,6511,531202,California
Sacramento,2021-04-11,10778,853329,4335,445800,6217,381986,226,25543,3840,193301,6914,341967,4066,535268,California
Sacramento,2021-04-12,12969,866298,5051,450851,6052,388038,1866,27409,4952,192151,7955,349922,6805,542073,California
Sacramento,2021-04-13,16249,882547,9939,460790,6307,394345,3,27412,7558,191054,8662,358584,7565,549638,California
Sacramento,2021-04-14,14888,897435,7930,468720,6956,401301,2,27414,5865,187930,8995,367579,5871,555509,California
Sacramento,2021-04-15,16315,913750,8380,477100,7932,409233,3,27417,6607,184873,9669,377248,6612,562121,California
Sacramento,2021-04-16,17379,931129,9605,486705,7774,417007,0,27417,7871,183278,9468,386716,7873,569994,California
Sacramento,2021-04-17,15297,946426,6143,492848,9154,426161,0,27417,11079,190163,4199,390915,11084,581078,California
Sacramento,2021-04-18,8438,954864,3067,495915,5371,431532,0,27417,3744,189233,4675,395590,3745,584823,California
Sacramento,2021-04-19,10558,965422,5716,501631,4837,436369,5,27422,4683,188068,5854,401444,4689,589512,California
Sacramento,2021-04-20,11101,976523,6740,508371,4358,440727,3,27425,5910,188816,5169,406613,5917,595429,California
Sacramento,2021-04-21,11479,988002,6637,515008,4840,445567,2,27427,6207,189778,5248,411861,6210,601639,California
Sacramento,2021-04-22,14816,1002818,9893,524901,4919,450486,4,27431,6811,188622,7973,419834,6817,608456,California
Sacramento,2021-04-23,15841,1018659,10010,534911,5831,456317,0,27431,7339,187495,8467,428301,7340,615796,California
Sacramento,2021-04-24,11329,1029988,7006,541917,4322,460639,1,27432,5931,188067,5361,433662,5933,621729,California
Sacramento,2021-04-25,7994,1037982,4482,546399,3512,464151,0,27432,4166,188420,3814,437476,4167,625896,California
Sacramento,2021-04-26,10325,1048307,6473,552872,3828,467979,24,27456,4777,187702,5519,442995,4801,630697,California
Sacramento,2021-04-27,11827,1060134,7763,560635,3929,471908,135,27591,5758,187560,6037,449032,5895,636592,California
Sacramento,2021-04-28,10473,1070607,5860,566495,4411,476319,202,27793,5815,188953,4629,453661,6022,642614,California
Sacramento,2021-04-29,10860,1081467,7308,573803,3247,479566,305,28098,6006,190444,4820,458481,6311,648925,California
Sacramento,2021-04-30,12454,1093921,7819,581622,4374,483940,261,28359,5867,190030,6543,465024,6129,655054,California
Sacramento,2021-05-01,7567,1101488,5474,587096,1921,485861,172,28531,2751,188170,4781,469805,2921,657975,California
Sacramento,2021-05-02,4983,1106471,4290,591386,542,486403,151,28682,2222,187804,2737,472542,2371,660346,California
Sacramento,2021-05-03,9112,1115583,7288,598674,1542,487945,282,28964,3957,186907,5132,477674,4235,664581,California
Sacramento,2021-05-04,9370,1124953,5692,604366,3368,491313,310,29274,3789,185468,5537,483211,4098,668679,California
Sacramento,2021-05-05,11054,1136007,5991,610357,4611,495924,452,29726,4513,183929,6499,489710,4960,673639,California
Sacramento,2021-05-06,11185,1147192,6197,616554,4686,500610,302,30028,4623,182608,6244,495954,4923,678562,California
Sacramento,2021-05-07,10603,1157795,6163,622717,4066,504676,374,30402,4467,181362,6087,502041,4841,683403,California
Sacramento,2021-05-08,8159,1165954,3814,626531,4115,508791,230,30632,2697,178858,5425,507466,2921,686324,California
Sacramento,2021-05-09,3147,1169101,1653,628184,1380,510171,114,30746,1171,178178,1965,509431,1285,687609,California
Sacramento,2021-05-10,8071,1177172,3741,631925,4063,514234,267,31013,1972,174352,6068,515499,2242,689851,California
Sacramento,2021-05-11,8074,1185246,5031,636956,2800,517034,243,31256,2784,172118,5259,520758,3025,692876,California
Sacramento,2021-05-12,8063,1193309,4792,641748,3033,520067,238,31494,2762,169847,5270,526028,2999,695875,California
Sacramento,2021-05-13,10868,1204177,6914,648662,3696,523763,258,31752,4083,167435,6753,532781,4341,700216,California
Sacramento,2021-05-14,12171,1216348,6880,655542,5005,528768,286,32038,5028,165660,7088,539869,5313,705529,California
Sacramento,2021-05-15,13065,1229413,7897,663439,5025,533793,143,32181,5793,164354,7238,547107,5932,711461,California
Sacramento,2021-05-16,7819,1237232,4066,667505,3640,537433,113,32294,2104,160881,5692,552799,2219,713680,California
Sacramento,2021-05-17,10381,1247613,6308,673813,3786,541219,287,32581,4074,158972,6273,559072,4364,718044,California
Sacramento,2021-05-18,9687,1257300,6082,679895,3396,544615,209,32790,3772,157085,5874,564946,3987,722031,California
Sacramento,2021-05-19,9743,1267043,6244,686139,3237,547852,262,33052,4525,156702,5176,570122,4793,726824,California
Sacramento,2021-05-20,8938,1275981,6074,692213,2642,550494,222,33274,3552,155130,5346,575468,3774,730598,California
Sacramento,2021-05-21,9365,1285346,6112,698325,2985,553479,268,33542,4255,154584,5075,580543,4529,735127,California
Sacramento,2021-05-22,6291,1291637,4011,702336,2148,555627,132,33674,3152,154751,3118,583661,3285,738412,California
Sacramento,2021-05-23,3365,1295002,2512,704848,790,556417,63,33737,1759,154984,1590,585251,1823,740235,California
Sacramento,2021-05-24,7616,1302618,4567,709415,2741,559158,308,34045,2472,152662,5101,590352,2779,743014,California
Sacramento,2021-05-25,6622,1309240,3846,713261,2485,561643,291,34336,2405,151163,4194,594546,2695,745709,California
Sacramento,2021-05-26,8404,1317644,4668,717929,3427,565070,309,34645,2796,148706,5558,600104,3101,748810,California
Sacramento,2021-05-27,6643,1324287,3626,721555,2776,567846,241,34886,2972,148286,3633,603737,3213,752023,California
Sacramento,2021-05-28,8207,1332494,4566,726121,3280,571126,361,35247,3495,147468,4675,608412,3857,755880,California
Sacramento,2021-05-29,4358,1336852,2668,728789,1534,572660,156,35403,2233,147756,2101,610513,2389,758269,California
Sacramento,2021-05-30,1648,1338500,1036,729825,574,573234,38,35441,764,147681,877,611390,802,759071,California
Sacramento,2021-05-31,883,1339383,443,730268,427,573661,13,35454,316,147444,566,611956,329,759400,California
Sacramento,2021-06-01,6930,1346313,4168,734436,2557,576218,205,35659,2739,146236,4149,616105,2941,762341,California
Sacramento,2021-06-02,6060,1352373,3339,737775,2508,578726,213,35872,2447,145325,3569,619674,2658,764999,California
Sacramento,2021-06-03,7320,1359693,5010,742785,2134,580860,176,36048,2407,143031,4875,624549,2581,767580,California
Sacramento,2021-06-04,6807,1366500,4390,747175,2215,583075,202,36250,2256,140967,4522,629071,2458,770038,California
Sacramento,2021-06-05,3688,1370188,2921,750096,660,583735,107,36357,930,139259,2745,631816,1037,771075,California
San Benito,2020-12-16,29,29,29,29,0,0,0,0,29,29,0,0,29,29,California
San Benito,2020-12-17,48,77,48,77,0,0,0,0,48,77,0,0,48,77,California
San Benito,2020-12-18,72,149,72,149,0,0,0,0,72,149,0,0,72,149,California
San Benito,2020-12-19,47,196,47,196,0,0,0,0,47,196,0,0,47,196,California
San Benito,2020-12-20,23,219,23,219,0,0,0,0,23,219,0,0,23,219,California
San Benito,2020-12-21,78,297,78,297,0,0,0,0,78,297,0,0,78,297,California
San Benito,2020-12-22,102,399,102,399,0,0,0,0,102,399,0,0,102,399,California
San Benito,2020-12-23,86,485,74,473,12,12,0,0,86,485,0,0,86,485,California
San Benito,2020-12-24,13,498,5,478,8,20,0,0,13,498,0,0,13,498,California
San Benito,2020-12-25,3,501,3,481,0,20,0,0,3,501,0,0,3,501,California
San Benito,2020-12-26,13,514,4,485,9,29,0,0,13,514,0,0,13,514,California
San Benito,2020-12-27,8,522,7,492,1,30,0,0,8,522,0,0,8,522,California
San Benito,2020-12-28,63,585,36,528,27,57,0,0,63,585,0,0,63,585,California
San Benito,2020-12-29,49,634,21,549,28,85,0,0,49,634,0,0,49,634,California
San Benito,2020-12-30,59,693,37,586,22,107,0,0,59,693,0,0,59,693,California
San Benito,2020-12-31,19,712,2,588,17,124,0,0,19,712,0,0,19,712,California
San Benito,2021-01-02,24,736,23,611,1,125,0,0,24,736,0,0,24,736,California
San Benito,2021-01-03,3,739,1,612,2,127,0,0,3,739,0,0,3,739,California
San Benito,2021-01-04,62,801,24,636,38,165,0,0,62,801,0,0,62,801,California
San Benito,2021-01-05,121,922,37,673,84,249,0,0,118,916,3,3,118,919,California
San Benito,2021-01-06,102,1024,42,715,60,309,0,0,87,988,15,18,87,1006,California
San Benito,2021-01-07,104,1128,67,782,37,346,0,0,52,988,52,70,52,1058,California
San Benito,2021-01-08,181,1309,89,871,92,438,0,0,116,1039,65,135,116,1174,California
San Benito,2021-01-09,44,1353,31,902,13,451,0,0,31,1057,13,148,31,1205,California
San Benito,2021-01-10,17,1370,15,917,2,453,0,0,5,1050,12,160,5,1210,California
San Benito,2021-01-11,172,1542,107,1024,65,518,0,0,72,1022,100,260,72,1282,California
San Benito,2021-01-12,160,1702,56,1080,104,622,0,0,121,1104,39,299,121,1403,California
San Benito,2021-01-13,221,1923,64,1144,157,779,0,0,174,1231,47,346,174,1577,California
San Benito,2021-01-14,117,2040,23,1167,94,873,0,0,99,1312,18,364,99,1676,California
San Benito,2021-01-15,217,2257,21,1188,196,1069,0,0,203,1501,14,378,203,1879,California
San Benito,2021-01-16,25,2282,8,1196,17,1086,0,0,20,1516,5,383,20,1899,California
San Benito,2021-01-17,11,2293,5,1201,6,1092,0,0,8,1521,3,386,8,1907,California
San Benito,2021-01-18,37,2330,23,1224,14,1106,0,0,22,1528,15,401,22,1929,California
San Benito,2021-01-19,151,2481,65,1289,86,1192,0,0,124,1625,27,428,124,2053,California
San Benito,2021-01-20,276,2757,95,1384,181,1373,0,0,230,1810,45,473,230,2283,California
San Benito,2021-01-21,124,2881,32,1416,92,1465,0,0,99,1884,25,498,99,2382,California
San Benito,2021-01-22,236,3117,19,1435,217,1682,0,0,226,2100,10,508,226,2608,California
San Benito,2021-01-23,30,3147,16,1451,14,1696,0,0,12,2094,18,526,12,2620,California
San Benito,2021-01-24,9,3156,3,1454,6,1702,0,0,5,2095,4,530,5,2625,California
San Benito,2021-01-25,66,3222,24,1478,42,1744,0,0,20,2069,46,576,20,2645,California
San Benito,2021-01-26,136,3358,41,1519,95,1839,0,0,84,2101,52,628,84,2729,California
San Benito,2021-01-27,230,3588,70,1589,160,1999,0,0,190,2251,40,668,190,2919,California
San Benito,2021-01-28,153,3741,32,1621,121,2120,0,0,122,2343,30,698,122,3041,California
San Benito,2021-01-29,291,4032,33,1654,258,2378,0,0,267,2587,23,721,267,3308,California
San Benito,2021-01-30,52,4084,33,1687,19,2397,0,0,28,2591,24,745,28,3336,California
San Benito,2021-01-31,15,4099,4,1691,11,2408,0,0,10,2596,5,750,10,3346,California
San Benito,2021-02-01,133,4232,28,1719,105,2513,0,0,90,2643,43,793,90,3436,California
San Benito,2021-02-02,231,4463,49,1768,182,2695,0,0,137,2686,94,887,137,3573,California
San Benito,2021-02-03,343,4806,43,1811,300,2995,0,0,273,2889,70,957,273,3846,California
San Benito,2021-02-04,167,4973,25,1836,142,3137,0,0,122,2966,45,1002,122,3968,California
San Benito,2021-02-05,297,5270,40,1876,257,3394,0,0,234,3137,63,1065,234,4202,California
San Benito,2021-02-06,46,5316,8,1884,38,3432,0,0,29,3149,17,1082,29,4231,California
San Benito,2021-02-07,15,5331,6,1890,9,3441,0,0,14,3162,1,1083,14,4245,California
San Benito,2021-02-08,139,5470,16,1906,123,3564,0,0,93,3209,46,1129,93,4338,California
San Benito,2021-02-09,326,5796,61,1967,265,3829,0,0,193,3269,133,1262,193,4531,California
San Benito,2021-02-10,323,6119,88,2055,235,4064,0,0,114,3175,208,1470,114,4645,California
San Benito,2021-02-11,298,6417,33,2088,265,4329,0,0,199,3275,99,1569,199,4844,California
San Benito,2021-02-12,420,6837,31,2119,389,4718,0,0,211,3278,208,1777,211,5055,California
San Benito,2021-02-13,55,6892,7,2126,48,4766,0,0,44,3311,11,1788,44,5099,California
San Benito,2021-02-14,40,6932,5,2131,35,4801,0,0,30,3331,10,1798,30,5129,California
San Benito,2021-02-15,106,7038,10,2141,96,4897,0,0,95,3415,11,1809,95,5224,California
San Benito,2021-02-16,209,7247,11,2152,198,5095,0,0,104,3415,105,1914,105,5329,California
San Benito,2021-02-17,330,7577,30,2182,300,5395,0,0,281,3647,49,1963,281,5610,California
San Benito,2021-02-18,292,7869,36,2218,256,5651,0,0,70,3495,222,2185,70,5680,California
San Benito,2021-02-19,350,8219,50,2268,300,5951,0,0,181,3507,169,2354,181,5861,California
San Benito,2021-02-20,45,8264,24,2292,21,5972,0,0,35,3532,10,2364,35,5896,California
San Benito,2021-02-21,25,8289,11,2303,14,5986,0,0,17,3541,8,2372,17,5913,California
San Benito,2021-02-22,135,8424,36,2339,99,6085,0,0,101,3609,33,2405,101,6014,California
San Benito,2021-02-23,375,8799,93,2432,282,6367,0,0,261,3756,114,2519,261,6275,California
San Benito,2021-02-24,384,9183,67,2499,317,6684,0,0,245,3862,139,2658,245,6520,California
San Benito,2021-02-25,396,9579,68,2567,328,7012,0,0,275,4014,123,2781,275,6795,California
San Benito,2021-02-26,657,10236,75,2642,582,7594,0,0,409,4175,248,3029,409,7204,California
San Benito,2021-02-27,109,10345,45,2687,64,7658,0,0,91,4248,18,3047,91,7295,California
San Benito,2021-02-28,254,10599,29,2716,225,7883,0,0,245,4484,9,3056,245,7540,California
San Benito,2021-03-01,232,10831,60,2776,172,8055,0,0,162,4575,71,3127,162,7702,California
San Benito,2021-03-02,280,11111,93,2869,187,8242,0,0,211,4717,69,3196,211,7913,California
San Benito,2021-03-03,403,11514,59,2928,344,8586,0,0,225,4766,176,3372,225,8138,California
San Benito,2021-03-04,620,12134,128,3056,477,9063,15,15,433,5016,187,3559,437,8575,California
San Benito,2021-03-05,587,12721,306,3362,269,9332,12,27,372,5187,213,3772,384,8959,California
San Benito,2021-03-06,198,12919,72,3434,112,9444,14,41,147,5297,51,3823,161,9120,California
San Benito,2021-03-07,646,13565,602,4036,21,9465,23,64,614,5902,32,3855,637,9757,California
San Benito,2021-03-08,293,13858,68,4104,178,9643,47,111,169,5994,124,3979,216,9973,California
San Benito,2021-03-09,428,14286,84,4188,244,9887,100,211,139,5918,288,4267,212,10185,California
San Benito,2021-03-10,406,14692,116,4304,194,10081,96,307,233,6074,173,4440,329,10514,California
San Benito,2021-03-11,475,15167,121,4425,199,10280,155,462,210,6174,265,4705,365,10879,California
San Benito,2021-03-12,521,15688,122,4547,306,10586,93,555,232,6213,287,4992,326,11205,California
San Benito,2021-03-13,199,15887,98,4645,83,10669,18,573,128,6291,68,5060,146,11351,California
San Benito,2021-03-14,233,16120,40,4685,173,10842,20,593,179,6437,53,5113,199,11550,California
San Benito,2021-03-15,323,16443,100,4785,204,11046,19,612,191,6515,132,5245,210,11760,California
San Benito,2021-03-16,506,16949,220,5005,254,11300,32,644,353,6745,153,5398,383,12143,California
San Benito,2021-03-17,798,17747,482,5487,294,11594,22,666,565,7095,229,5627,579,12722,California
San Benito,2021-03-18,789,18536,529,6016,207,11801,53,719,573,7497,215,5842,617,13339,California
San Benito,2021-03-19,776,19312,402,6418,351,12152,23,742,573,7890,203,6045,596,13935,California
San Benito,2021-03-20,250,19562,152,6570,85,12237,13,755,187,8027,63,6108,200,14135,California
San Benito,2021-03-21,111,19673,58,6628,48,12285,5,760,81,8083,30,6138,86,14221,California
San Benito,2021-03-22,355,20028,173,6801,157,12442,25,785,222,8197,133,6271,247,14468,California
San Benito,2021-03-23,482,20510,204,7005,268,12710,10,795,221,8166,261,6532,230,14698,California
San Benito,2021-03-24,583,21093,310,7315,266,12976,7,802,366,8323,216,6748,373,15071,California
San Benito,2021-03-25,747,21840,445,7760,298,13274,4,806,442,8468,301,7049,446,15517,California
San Benito,2021-03-26,1025,22865,521,8281,499,13773,5,811,337,8123,687,7736,342,15859,California
San Benito,2021-03-27,342,23207,192,8473,117,13890,33,844,220,8254,122,7858,253,16112,California
San Benito,2021-03-28,731,23938,604,9077,121,14011,6,850,128,7785,603,8461,134,16246,California
San Benito,2021-03-29,345,24283,110,9187,215,14226,20,870,144,7747,201,8662,163,16409,California
San Benito,2021-03-30,581,24864,273,9460,212,14438,96,966,294,7850,287,8949,390,16799,California
San Benito,2021-03-31,600,25464,369,9829,207,14645,24,990,344,7965,253,9202,368,17167,California
San Benito,2021-04-01,958,26422,385,10214,534,15179,39,1029,572,8185,385,9587,605,17772,California
San Benito,2021-04-02,538,26960,260,10474,142,15321,136,1165,263,8310,274,9861,399,18171,California
San Benito,2021-04-03,260,27220,88,10562,107,15428,65,1230,75,8265,185,10046,140,18311,California
San Benito,2021-04-04,143,27363,107,10669,30,15458,6,1236,105,8338,38,10084,111,18422,California
San Benito,2021-04-05,357,27720,170,10839,143,15601,44,1280,146,8316,211,10295,189,18611,California
San Benito,2021-04-06,469,28189,165,11004,126,15727,178,1458,160,8345,309,10604,338,18949,California
San Benito,2021-04-07,949,29138,530,11534,230,15957,189,1647,268,8123,679,11283,457,19406,California
San Benito,2021-04-08,862,30000,431,11965,179,16136,252,1899,225,7964,636,11919,477,19883,California
San Benito,2021-04-09,850,30850,502,12467,256,16392,92,1991,295,7796,555,12474,387,20270,California
San Benito,2021-04-10,347,31197,208,12675,77,16469,62,2053,193,7897,154,12628,255,20525,California
San Benito,2021-04-11,476,31673,272,12947,170,16639,34,2087,268,7970,208,12836,281,20806,California
San Benito,2021-04-12,533,32206,284,13231,134,16773,115,2202,279,8107,253,13089,390,21196,California
San Benito,2021-04-13,756,32962,295,13526,438,17211,23,2225,522,8420,233,13322,546,21742,California
San Benito,2021-04-14,839,33801,660,14186,179,17390,0,2225,397,8380,437,13759,397,22139,California
San Benito,2021-04-15,947,34748,737,14923,209,17599,1,2226,471,8377,475,14234,472,22611,California
San Benito,2021-04-16,700,35448,365,15288,324,17923,11,2237,293,8278,404,14638,305,22916,California
San Benito,2021-04-17,321,35769,224,15512,97,18020,0,2237,128,8211,195,14833,128,23044,California
San Benito,2021-04-18,490,36259,409,15921,81,18101,0,2237,233,8189,257,15090,235,23279,California
San Benito,2021-04-19,740,36999,592,16513,148,18249,0,2237,420,8291,319,15409,421,23700,California
San Benito,2021-04-20,774,37773,402,16915,370,18619,2,2239,490,8503,279,15688,491,24191,California
San Benito,2021-04-21,957,38730,702,17617,255,18874,0,2239,516,8592,427,16115,516,24707,California
San Benito,2021-04-22,900,39630,694,18311,206,19080,0,2239,568,8836,324,16439,568,25275,California
San Benito,2021-04-23,633,40263,399,18710,233,19313,1,2240,343,8938,241,16680,343,25618,California
San Benito,2021-04-24,366,40629,204,18914,162,19475,0,2240,172,8955,155,16835,172,25790,California
San Benito,2021-04-25,205,40834,127,19041,78,19553,0,2240,94,8956,93,16928,94,25884,California
San Benito,2021-04-26,483,41317,386,19427,97,19650,0,2240,254,9042,168,17096,254,26138,California
San Benito,2021-04-27,547,41864,279,19706,261,19911,7,2247,405,9322,132,17228,412,26550,California
San Benito,2021-04-28,554,42418,390,20096,155,20066,9,2256,392,9565,157,17385,400,26950,California
San Benito,2021-04-29,633,43051,231,20327,392,20458,10,2266,255,9469,378,17763,282,27232,California
San Benito,2021-04-30,378,43429,210,20537,161,20619,7,2273,204,9508,172,17935,211,27443,California
San Benito,2021-05-01,199,43628,144,20681,46,20665,9,2282,65,9450,132,18067,74,27517,California
San Benito,2021-05-02,191,43819,163,20844,24,20689,4,2286,59,9381,132,18199,63,27580,California
San Benito,2021-05-03,361,44180,284,21128,67,20756,10,2296,86,9204,275,18474,98,27678,California
San Benito,2021-05-04,407,44587,246,21374,153,20909,8,2304,151,9108,254,18728,158,27836,California
San Benito,2021-05-05,604,45191,421,21795,167,21076,16,2320,211,8945,390,19118,227,28063,California
San Benito,2021-05-06,614,45805,487,22282,112,21188,15,2335,223,8796,387,19505,238,28301,California
San Benito,2021-05-07,448,46253,282,22564,155,21343,11,2346,174,8710,272,19777,186,28487,California
San Benito,2021-05-08,275,46528,225,22789,45,21388,5,2351,157,8754,118,19895,162,28649,California
San Benito,2021-05-09,101,46629,76,22865,22,21410,3,2354,48,8752,53,19948,51,28700,California
San Benito,2021-05-10,413,47042,325,23190,64,21474,24,2378,51,8466,362,20310,76,28776,California
San Benito,2021-05-11,810,47852,406,23596,391,21865,13,2391,181,8034,627,20937,195,28971,California
San Benito,2021-05-12,483,48335,385,23981,85,21950,13,2404,113,7793,368,21305,127,29098,California
San Benito,2021-05-13,665,49000,569,24550,86,22036,10,2414,169,7478,493,21798,178,29276,California
San Benito,2021-05-14,596,49596,441,24991,148,22184,7,2421,232,7354,363,22161,239,29515,California
San Benito,2021-05-15,229,49825,173,25164,50,22234,6,2427,127,7385,102,22263,133,29648,California
San Benito,2021-05-16,168,49993,140,25304,26,22260,2,2429,93,7405,75,22338,95,29743,California
San Benito,2021-05-17,390,50383,315,25619,65,22325,10,2439,180,7387,208,22546,190,29933,California
San Benito,2021-05-18,666,51049,347,25966,314,22639,5,2444,208,7143,458,23004,214,30147,California
San Benito,2021-05-19,570,51619,417,26383,145,22784,8,2452,229,7039,341,23345,237,30384,California
San Benito,2021-05-20,569,52188,460,26843,98,22882,11,2463,310,7102,258,23603,321,30705,California
San Benito,2021-05-21,447,52635,271,27114,161,23043,15,2478,212,7096,233,23836,227,30932,California
San Benito,2021-05-22,280,52915,219,27333,56,23099,5,2483,178,7179,101,23937,184,31116,California
San Benito,2021-05-23,72,52987,50,27383,18,23117,4,2487,30,7170,42,23979,33,31149,California
San Benito,2021-05-24,298,53285,250,27633,41,23158,7,2494,187,7253,111,24090,194,31343,California
San Benito,2021-05-25,527,53812,241,27874,279,23437,7,2501,174,7083,351,24441,181,31524,California
San Benito,2021-05-26,292,54104,178,28052,108,23545,6,2507,116,7029,175,24616,121,31645,California
San Benito,2021-05-27,405,54509,309,28361,73,23618,23,2530,149,6948,256,24872,175,31820,California
San Benito,2021-05-28,286,54795,176,28537,103,23721,7,2537,111,6892,174,25046,118,31938,California
San Benito,2021-05-29,148,54943,126,28663,20,23741,2,2539,63,6872,85,25131,65,32003,California
San Benito,2021-05-30,271,55214,256,28919,15,23756,0,2539,94,6790,176,25307,94,32097,California
San Benito,2021-05-31,102,55316,89,29008,11,23767,2,2541,45,6781,56,25363,47,32144,California
San Benito,2021-06-01,267,55583,120,29128,121,23888,26,2567,98,6736,168,25531,123,32267,California
San Benito,2021-06-02,322,55905,242,29370,77,23965,3,2570,119,6656,203,25734,123,32390,California
San Benito,2021-06-03,339,56244,288,29658,44,24009,7,2577,134,6595,202,25936,141,32531,California
San Benito,2021-06-04,252,56496,184,29842,68,24077,0,2577,77,6498,174,26110,77,32608,California
San Benito,2021-06-05,42,56538,31,29873,11,24088,0,2577,7,6471,34,26144,7,32615,California
San Bernardino,2020-12-15,13,13,13,13,0,0,0,0,13,13,0,0,13,13,California
San Bernardino,2020-12-16,113,126,113,126,0,0,0,0,113,126,0,0,113,126,California
San Bernardino,2020-12-17,2369,2495,2369,2495,0,0,0,0,2369,2495,0,0,2369,2495,California
San Bernardino,2020-12-18,3155,5650,3152,5647,3,3,0,0,3156,5651,0,0,3156,5651,California
San Bernardino,2020-12-19,1074,6724,1073,6720,1,4,0,0,1075,6726,0,0,1075,6726,California
San Bernardino,2020-12-20,1174,7898,1171,7891,3,7,0,0,1174,7900,0,0,1174,7900,California
San Bernardino,2020-12-21,2464,10362,2459,10350,5,12,0,0,2464,10364,0,0,2464,10364,California
San Bernardino,2020-12-22,2284,12646,2154,12504,130,142,0,0,2284,12648,0,0,2284,12648,California
San Bernardino,2020-12-23,2671,15317,1468,13972,1203,1345,0,0,2669,15317,0,0,2669,15317,California
San Bernardino,2020-12-24,1165,16482,586,14558,579,1924,0,0,1166,16483,0,0,1166,16483,California
San Bernardino,2020-12-25,75,16557,14,14572,61,1985,0,0,75,16558,0,0,75,16558,California
San Bernardino,2020-12-26,462,17019,254,14826,208,2193,0,0,462,17020,0,0,462,17020,California
San Bernardino,2020-12-27,346,17365,160,14986,186,2379,0,0,346,17366,0,0,346,17366,California
San Bernardino,2020-12-28,1575,18940,715,15701,860,3239,0,0,1576,18942,0,0,1576,18942,California
San Bernardino,2020-12-29,2213,21153,1041,16742,1172,4411,0,0,2213,21155,0,0,2213,21155,California
San Bernardino,2020-12-30,2893,24046,1456,18198,1437,5848,0,0,2893,24048,0,0,2893,24048,California
San Bernardino,2020-12-31,1356,25402,437,18635,919,6767,0,0,1354,25402,0,0,1354,25402,California
San Bernardino,2021-01-01,285,25687,153,18788,132,6899,0,0,284,25686,0,0,284,25686,California
San Bernardino,2021-01-02,479,26166,339,19127,140,7039,0,0,479,26165,0,0,479,26165,California
San Bernardino,2021-01-03,136,26302,86,19213,50,7089,0,0,136,26301,0,0,136,26301,California
San Bernardino,2021-01-04,2130,28432,1290,20503,840,7929,0,0,2129,28430,0,0,2129,28430,California
San Bernardino,2021-01-05,2337,30769,1462,21965,875,8804,0,0,2227,30548,109,109,2227,30657,California
San Bernardino,2021-01-06,3447,34216,2354,24319,1093,9897,0,0,2948,33004,493,602,2949,33606,California
San Bernardino,2021-01-07,5433,39649,4515,28834,918,10815,0,0,2479,32549,2935,3537,2480,36086,California
San Bernardino,2021-01-08,5368,45017,4444,33278,924,11739,0,0,2287,31760,3077,6614,2288,38374,California
San Bernardino,2021-01-09,1404,46421,1101,34379,303,12042,0,0,905,32166,499,7113,905,39279,California
San Bernardino,2021-01-10,1025,47446,599,34978,426,12468,0,0,575,32291,450,7563,575,39854,California
San Bernardino,2021-01-11,4984,52430,4081,39059,903,13371,0,0,2760,32831,2220,9783,2760,42614,California
San Bernardino,2021-01-12,4231,56661,3210,42269,1021,14392,0,0,2508,33619,1720,11503,2508,45122,California
San Bernardino,2021-01-13,4582,61243,2854,45123,1728,16120,0,0,3354,35758,1216,12719,3355,48477,California
San Bernardino,2021-01-14,4818,66061,2841,47964,1977,18097,0,0,4232,39408,582,13301,4232,52709,California
San Bernardino,2021-01-15,5990,72051,2977,50941,3013,21110,0,0,5592,44613,390,13691,5595,58304,California
San Bernardino,2021-01-16,2258,74309,1289,52230,969,22079,0,0,2116,46587,142,13833,2116,60420,California
San Bernardino,2021-01-17,1180,75489,506,52736,674,22753,0,0,1096,47602,83,13916,1098,61518,California
San Bernardino,2021-01-18,4272,79761,2638,55374,1634,24387,0,0,3650,50632,622,14538,3652,65170,California
San Bernardino,2021-01-19,6325,86086,3715,59089,2610,26997,0,0,5235,54781,1088,15626,5237,70407,California
San Bernardino,2021-01-20,6836,92922,3760,62849,3076,30073,0,0,4890,57734,1939,17565,4892,75299,California
San Bernardino,2021-01-21,5991,98913,3080,65929,2911,32984,0,0,4876,61506,1107,18672,4879,80178,California
San Bernardino,2021-01-22,6522,105435,3053,68982,3469,36453,0,0,5798,66583,722,19394,5799,85977,California
San Bernardino,2021-01-23,3121,108556,1897,70879,1224,37677,0,0,2729,68921,391,19785,2729,88706,California
San Bernardino,2021-01-24,1198,109754,462,71341,736,38413,0,0,1095,69913,103,19888,1095,89801,California
San Bernardino,2021-01-25,6892,116646,3408,74749,3484,41897,0,0,5051,73129,1838,21726,5054,94855,California
San Bernardino,2021-01-26,7054,123700,3513,78262,3541,45438,0,0,4950,75977,2103,23829,4951,99806,California
San Bernardino,2021-01-27,8533,132233,4155,82417,4378,49816,0,0,5722,78896,2803,26632,5722,105528,California
San Bernardino,2021-01-28,8588,140821,4079,86496,4509,54325,0,0,6268,82849,2315,28947,6268,111796,California
San Bernardino,2021-01-29,8202,149023,3777,90273,4425,58750,0,0,6226,87114,1962,30909,6227,118023,California
San Bernardino,2021-01-30,3094,152117,1896,92169,1198,59948,0,0,2803,89628,289,31198,2803,120826,California
San Bernardino,2021-01-31,928,153045,491,92660,437,60385,0,0,874,90449,53,31251,874,121700,California
San Bernardino,2021-02-01,7580,160625,4253,96913,3327,63712,0,0,4948,92769,2629,33880,4949,126649,California
San Bernardino,2021-02-02,10466,171091,3656,100569,6810,70522,0,0,8402,99112,2060,35940,8403,135052,California
San Bernardino,2021-02-03,9017,180108,4156,104725,4861,75383,0,0,6515,103133,2495,38435,6516,141568,California
San Bernardino,2021-02-04,10511,190619,5172,109897,5339,80722,0,0,7414,107461,3086,41521,7414,148982,California
San Bernardino,2021-02-05,11036,201655,5924,115821,5112,85834,0,0,7492,111421,3533,45054,7493,156475,California
San Bernardino,2021-02-06,5279,206934,2216,118037,3063,88897,0,0,3645,113459,1610,46664,3648,160123,California
San Bernardino,2021-02-07,844,207778,491,118528,353,89250,0,0,469,113557,372,47036,470,160593,California
San Bernardino,2021-02-08,7293,215071,3889,122417,3404,92654,0,0,5623,117511,1669,48705,5623,166216,California
San Bernardino,2021-02-09,10158,225229,5916,128333,4242,96896,0,0,6858,121074,3298,52003,6861,173077,California
San Bernardino,2021-02-10,12098,237327,6461,134794,5637,102533,0,0,7975,124936,4114,56117,7976,181053,California
San Bernardino,2021-02-11,12467,249794,7154,141948,5313,107846,0,0,7943,128381,4501,60618,7946,188999,California
San Bernardino,2021-02-12,10426,260220,5951,147899,4475,112321,0,0,5686,129344,4723,65341,5686,194685,California
San Bernardino,2021-02-13,6058,266278,4032,151931,2026,114347,0,0,3811,130929,2231,67572,3816,198501,California
San Bernardino,2021-02-14,1554,267832,649,152580,905,115252,0,0,874,131130,673,68245,874,199375,California
San Bernardino,2021-02-15,5484,273316,3000,155580,2484,117736,0,0,3067,131794,2403,70648,3067,202442,California
San Bernardino,2021-02-16,12601,285917,7354,162934,5247,122983,0,0,7964,135135,4624,75272,7965,210407,California
San Bernardino,2021-02-17,11817,297734,6469,169403,5348,128331,0,0,7154,137646,4645,79917,7156,217563,California
San Bernardino,2021-02-18,12492,310226,7589,176992,4903,133234,0,0,7709,140587,4769,84686,7710,225273,California
San Bernardino,2021-02-19,11555,321781,5958,182950,5597,138831,0,0,6838,142728,4697,89383,6838,232111,California
San Bernardino,2021-02-20,4529,326310,3476,186426,1053,139884,0,0,2046,142297,2479,91862,2048,234159,California
San Bernardino,2021-02-21,1136,327446,677,187103,459,140343,0,0,395,141951,741,92603,395,234554,California
San Bernardino,2021-02-22,8685,336131,5351,192454,3334,143677,0,0,4050,141378,4624,97227,4051,238605,California
San Bernardino,2021-02-23,9168,345299,5451,197905,3717,147394,0,0,4633,141501,4510,101737,4633,243238,California
San Bernardino,2021-02-24,12482,357781,7181,205086,5301,152695,0,0,6173,141386,6289,108026,6174,249412,California
San Bernardino,2021-02-25,13123,370904,6291,211377,6832,159527,0,0,7656,143596,5449,113475,7659,257071,California
San Bernardino,2021-02-26,13615,384519,6385,217762,7230,166757,0,0,7590,145225,5963,119438,7592,264663,California
San Bernardino,2021-02-27,6669,391188,3730,221492,2938,169695,1,1,4815,148195,1846,121284,4816,269479,California
San Bernardino,2021-02-28,1776,392964,739,222231,1037,170732,0,1,1140,148705,630,121914,1140,270619,California
San Bernardino,2021-03-01,8465,401429,4367,226598,4095,174827,3,4,3847,147969,4594,126508,3858,274477,California
San Bernardino,2021-03-02,13889,415318,5557,232155,8332,183159,0,4,6558,147229,7301,133809,6561,281038,California
San Bernardino,2021-03-03,12902,428220,6555,238710,6344,189503,3,7,6034,146425,6847,140656,6043,287081,California
San Bernardino,2021-03-04,13796,442016,6930,245640,6866,196369,0,7,6000,144654,7775,148431,6004,293085,California
San Bernardino,2021-03-05,14426,456442,7538,253178,6887,203256,1,8,7039,144357,7355,155786,7058,300143,California
San Bernardino,2021-03-06,9743,466185,5461,258639,4058,207314,224,232,4547,143948,5178,160964,4769,304912,California
San Bernardino,2021-03-07,1665,467850,1004,259643,590,207904,71,303,1048,144452,615,161579,1119,306031,California
San Bernardino,2021-03-08,8112,475962,3588,263231,4353,212257,171,474,3605,143732,4499,166078,3779,309810,California
San Bernardino,2021-03-09,13089,489051,7486,270717,5356,217613,247,721,5281,141468,7793,173871,5529,315339,California
San Bernardino,2021-03-10,14233,503284,7858,278575,5820,223433,555,1276,6375,140569,7831,181702,6932,322271,California
San Bernardino,2021-03-11,15643,518927,7252,285827,6799,230232,1592,2868,7404,141342,8218,189920,8991,331262,California
San Bernardino,2021-03-12,15571,534498,6947,292774,6577,236809,2047,4915,7359,142610,8183,198103,9451,340713,California
San Bernardino,2021-03-13,8405,542903,4584,297358,3304,240113,517,5432,4986,144706,3408,201511,5504,346217,California
San Bernardino,2021-03-14,3297,546200,1671,299029,1045,241158,581,6013,1843,145677,1447,202958,2418,348635,California
San Bernardino,2021-03-15,11419,557619,5385,304414,4001,245159,2033,8046,5604,147506,5800,208758,7629,356264,California
San Bernardino,2021-03-16,16229,573848,8035,312449,7250,252409,944,8990,9919,152082,6283,215041,10859,367123,California
San Bernardino,2021-03-17,17393,591241,8636,321085,8008,260417,749,9739,10543,156543,6832,221873,11293,378416,California
San Bernardino,2021-03-18,16674,607915,8252,329337,8034,268451,388,10127,9859,159999,6789,228662,10245,388661,California
San Bernardino,2021-03-19,17017,624932,8441,337778,7981,276432,595,10722,9770,163194,7222,235884,10417,399078,California
San Bernardino,2021-03-20,9462,634394,5972,343750,2896,279328,594,11316,5602,165549,3836,239720,6191,405269,California
San Bernardino,2021-03-21,2806,637200,2283,346033,472,279800,51,11367,2259,167325,534,240254,2310,407579,California
San Bernardino,2021-03-22,9629,646829,4523,350556,4669,284469,437,11804,6976,172106,2632,242886,7413,414992,California
San Bernardino,2021-03-23,15531,662360,8807,359363,6104,290573,620,12424,9607,176429,5903,248789,10226,425218,California
San Bernardino,2021-03-24,15193,677553,7843,367206,7045,297618,305,12729,10095,181767,5063,253852,10401,435619,California
San Bernardino,2021-03-25,17056,694609,8370,375576,8385,306003,301,13030,10804,186665,6202,260054,11100,446719,California
San Bernardino,2021-03-26,18248,712857,8693,384269,8785,314788,770,13800,10916,191050,7301,267355,11686,458405,California
San Bernardino,2021-03-27,10866,723723,7018,391287,3094,317882,754,14554,6200,193357,4646,272001,6953,465358,California
San Bernardino,2021-03-28,3626,727349,2553,393840,960,318842,113,14667,2516,194885,1100,273101,2628,467986,California
San Bernardino,2021-03-29,11797,739146,6129,399969,5267,324109,401,15068,7971,199449,3808,276909,8372,476358,California
San Bernardino,2021-03-30,17016,756162,9500,409469,6800,330909,716,15784,10542,204261,6437,283346,11249,487607,California
San Bernardino,2021-03-31,16612,772774,9359,418828,6615,337524,638,16422,10931,210176,5652,288998,11567,499174,California
San Bernardino,2021-04-01,19851,792625,10485,429313,7941,345465,1425,17847,12781,217344,7028,296026,14196,513370,California
San Bernardino,2021-04-02,18929,811554,9541,438854,8098,353563,1290,19137,11443,222660,7457,303483,12773,526143,California
San Bernardino,2021-04-03,11177,822731,6989,445843,3050,356613,1138,20275,6076,224787,5081,308564,7208,533351,California
San Bernardino,2021-04-04,2504,825235,1508,447351,746,357359,250,20525,1264,225068,1233,309797,1514,534865,California
San Bernardino,2021-04-05,11801,837036,5301,452652,4763,362122,1737,22262,6020,227058,5761,315558,7751,542616,California
San Bernardino,2021-04-06,19782,856818,11133,463785,6531,368653,2118,24380,10452,230334,9284,324842,12560,555176,California
San Bernardino,2021-04-07,21037,877855,11253,475038,7296,375949,2488,26868,11471,234744,9536,334378,13946,569122,California
San Bernardino,2021-04-08,21989,899844,11257,486295,8114,384063,2618,29486,12095,239582,9868,344246,14706,583828,California
San Bernardino,2021-04-09,21835,921679,11111,497406,8146,392209,2578,32064,11878,244106,9921,354167,14445,598273,California
San Bernardino,2021-04-10,15726,937405,8138,505544,3853,396062,3735,35799,7782,247686,7922,362089,11502,609775,California
San Bernardino,2021-04-11,4451,941856,2589,508133,894,396956,968,36767,2036,248274,2409,364498,2997,612772,California
San Bernardino,2021-04-12,13471,955327,6223,514356,5582,402538,1666,38433,6368,249223,7082,371580,8031,620803,California
San Bernardino,2021-04-13,19323,974650,11011,525367,8293,410831,19,38452,11063,252074,8234,379814,11085,631888,California
San Bernardino,2021-04-14,19303,993953,10325,535692,8975,419806,3,38455,10912,254631,8359,388173,10916,642804,California
San Bernardino,2021-04-15,20309,1014262,11350,547042,8953,428759,6,38461,10774,255915,9496,397669,10780,653584,California
San Bernardino,2021-04-16,18607,1032869,10560,557602,8046,436805,1,38462,9137,255623,9429,407098,9137,662721,California
San Bernardino,2021-04-17,11941,1044810,7859,565461,4082,440887,0,38462,6248,256212,5659,412757,6248,668969,California
San Bernardino,2021-04-18,2907,1047717,1997,567458,910,441797,0,38462,1281,255879,1614,414371,1281,670250,California
San Bernardino,2021-04-19,12535,1060252,6685,574143,5850,447647,0,38462,4860,253089,7654,422025,4864,675114,California
San Bernardino,2021-04-20,17631,1077883,9819,583962,7809,455456,3,38465,8051,251588,9556,431581,8055,683169,California
San Bernardino,2021-04-21,18132,1096015,10329,594291,7800,463256,3,38468,7938,249395,10134,441715,7941,691110,California
San Bernardino,2021-04-22,19208,1115223,10977,605268,8227,471483,4,38472,7800,245844,11355,453070,7804,698914,California
San Bernardino,2021-04-23,18478,1133701,10574,615842,7903,479386,1,38473,8044,243503,10388,463458,8047,706961,California
San Bernardino,2021-04-24,12874,1146575,9503,625345,3369,482755,2,38475,6923,244494,5934,469392,6925,713886,California
San Bernardino,2021-04-25,3398,1149973,2227,627572,1171,483926,0,38475,1674,244460,1709,471101,1675,715561,California
San Bernardino,2021-04-26,10664,1160637,5726,633298,4848,488774,90,38565,4526,242974,6100,477201,4614,720175,California
San Bernardino,2021-04-27,16197,1176834,9776,643074,6237,495011,184,38749,6639,240281,9514,486715,6821,726996,California
San Bernardino,2021-04-28,14689,1191523,8718,651792,5695,500706,276,39025,5274,236432,9390,496105,5541,732537,California
San Bernardino,2021-04-29,16193,1207716,9319,661111,6604,507310,270,39295,5363,231265,10796,506901,5629,738166,California
San Bernardino,2021-04-30,16552,1224268,10444,671555,5828,513138,280,39575,6088,227202,10428,517329,6365,744531,California
San Bernardino,2021-05-01,10752,1235020,8419,679974,2019,515157,314,39889,3708,224179,7042,524371,4019,748550,California
San Bernardino,2021-05-02,2931,1237951,2118,682092,681,515838,132,40021,1044,223474,1879,526250,1174,749724,California
San Bernardino,2021-05-03,10041,1247992,5763,687855,3876,519714,402,40423,2899,219644,7130,533380,3300,753024,California
San Bernardino,2021-05-04,15680,1263672,9539,697394,5689,525403,452,40875,4558,213569,11082,544462,5007,758031,California
San Bernardino,2021-05-05,15342,1279014,8822,706216,6105,531508,415,41290,4331,207346,10964,555426,4741,762772,California
San Bernardino,2021-05-06,15781,1294795,8998,715214,6369,537877,414,41704,4299,200615,11442,566868,4711,767483,California
San Bernardino,2021-05-07,15444,1310239,8666,723880,6404,544281,374,42078,4622,194841,10765,577633,4991,772474,California
San Bernardino,2021-05-08,9209,1319448,6129,730009,2839,547120,241,42319,3152,192212,6021,583654,3392,775866,California
San Bernardino,2021-05-09,1822,1321270,1127,731136,606,547726,89,42408,733,191952,1082,584736,822,776688,California
San Bernardino,2021-05-10,7430,1328700,3418,734554,3697,551423,315,42723,2280,189437,5107,589843,2592,779280,California
San Bernardino,2021-05-11,11898,1340598,6555,741109,5016,556439,327,43050,3736,185378,8122,597965,4063,783343,California
San Bernardino,2021-05-12,12028,1352626,6407,747516,5332,561771,289,43339,3431,180543,8551,606516,3716,787059,California
San Bernardino,2021-05-13,12468,1365094,7412,754928,4718,566489,338,43677,4769,177986,7659,614175,5102,792161,California
San Bernardino,2021-05-14,13594,1378688,9034,763962,4229,570718,331,44008,5666,176106,7876,622051,5996,798157,California
San Bernardino,2021-05-15,11251,1389939,8344,772306,2719,573437,188,44196,4517,174108,6699,628750,4701,802858,California
San Bernardino,2021-05-16,2775,1392714,2043,774349,671,574108,61,44257,1309,174028,1449,630199,1369,804227,California
San Bernardino,2021-05-17,9945,1402659,6752,781101,2902,577010,291,44548,4613,173634,5296,635495,4902,809129,California
San Bernardino,2021-05-18,13319,1415978,8781,789882,4290,581300,248,44796,6108,172809,7177,642672,6352,815481,California
San Bernardino,2021-05-19,11474,1427452,7179,797061,3917,585217,378,45174,5335,172417,6102,648774,5710,821191,California
San Bernardino,2021-05-20,9988,1437440,5913,802974,3776,588993,299,45473,4522,171805,5432,654206,4820,826011,California
San Bernardino,2021-05-21,10891,1448331,7204,810178,3328,592321,359,45832,4812,170938,6036,660242,5169,831180,California
San Bernardino,2021-05-22,7362,1455693,5615,815793,1553,593874,194,46026,3699,171196,3632,663874,3890,835070,California
San Bernardino,2021-05-23,1302,1456995,835,816628,395,594269,72,46098,663,171298,633,664507,735,835805,California
San Bernardino,2021-05-24,6557,1463552,4119,820747,2148,596417,290,46388,2922,170917,3593,668100,3212,839017,California
San Bernardino,2021-05-25,9259,1472811,5681,826428,3324,599741,254,46642,4171,170287,5057,673157,4427,843444,California
San Bernardino,2021-05-26,8135,1480946,5167,831595,2736,602477,232,46874,3769,169954,4330,677487,3997,847441,California
San Bernardino,2021-05-27,7589,1488535,4614,836209,2750,605227,225,47099,3494,169617,4056,681543,3719,851160,California
San Bernardino,2021-05-28,8742,1497277,5445,841654,3028,608255,269,47368,4388,169961,4311,685854,4655,855815,California
San Bernardino,2021-05-29,4980,1502257,3339,844993,1529,609784,112,47480,2621,170352,2341,688195,2732,858547,California
San Bernardino,2021-05-30,1757,1504014,1244,846237,432,610216,81,47561,915,170511,836,689031,995,859542,California
San Bernardino,2021-05-31,887,1504901,562,846799,309,610525,16,47577,318,170279,566,689597,334,859876,California
San Bernardino,2021-06-01,8588,1513489,5548,852347,2797,613322,243,47820,3600,169188,4933,694530,3842,863718,California
San Bernardino,2021-06-02,6813,1520302,4291,856638,2278,615600,244,48064,3133,168916,3647,698177,3375,867093,California
San Bernardino,2021-06-03,7845,1528147,5322,861960,2345,617945,178,48242,3018,167308,4803,702980,3195,870288,California
San Bernardino,2021-06-04,8789,1536936,6034,867994,2480,620425,275,48517,3204,165241,5544,708524,3477,873765,California
San Bernardino,2021-06-05,3242,1540178,2819,870813,371,620796,52,48569,1048,164154,2186,710710,1099,874864,California
San Diego,2020-12-15,119,119,119,119,0,0,0,0,119,119,0,0,119,119,California
San Diego,2020-12-16,1103,1222,1103,1222,0,0,0,0,1103,1222,0,0,1103,1222,California
San Diego,2020-12-17,2351,3573,2351,3573,0,0,0,0,2351,3573,0,0,2351,3573,California
San Diego,2020-12-18,3672,7245,3671,7244,1,1,0,0,3672,7245,0,0,3672,7245,California
San Diego,2020-12-19,2313,9558,2313,9557,0,1,0,0,2313,9558,0,0,2313,9558,California
San Diego,2020-12-20,1185,10743,1184,10741,1,2,0,0,1185,10743,0,0,1185,10743,California
San Diego,2020-12-21,3522,14265,3520,14261,2,4,0,0,3522,14265,0,0,3522,14265,California
San Diego,2020-12-22,4062,18327,3418,17679,644,648,0,0,4062,18327,0,0,4062,18327,California
San Diego,2020-12-23,3179,21506,1977,19656,1202,1850,0,0,3179,21506,0,0,3179,21506,California
San Diego,2020-12-24,2736,24242,2219,21875,517,2367,0,0,2736,24242,0,0,2736,24242,California
San Diego,2020-12-25,876,25118,875,22750,1,2368,0,0,876,25118,0,0,876,25118,California
San Diego,2020-12-26,3290,28408,2141,24891,1149,3517,0,0,3290,28408,0,0,3290,28408,California
San Diego,2020-12-27,2510,30918,1619,26510,891,4408,0,0,2509,30916,1,1,2509,30917,California
San Diego,2020-12-28,5911,36829,4225,30735,1686,6094,0,0,5911,36827,0,1,5911,36828,California
San Diego,2020-12-29,5574,42403,3001,33736,2573,8667,0,0,5574,42401,0,1,5574,42402,California
San Diego,2020-12-30,5947,48350,3102,36838,2845,11512,0,0,5947,48348,0,1,5947,48349,California
San Diego,2020-12-31,3035,51385,1053,37891,1982,13494,0,0,3035,51383,0,1,3035,51384,California
San Diego,2021-01-01,1006,52391,452,38343,554,14048,0,0,1006,52389,0,1,1006,52390,California
San Diego,2021-01-02,3746,56137,1303,39646,2443,16491,0,0,3746,56135,0,1,3746,56136,California
San Diego,2021-01-03,858,56995,633,40279,225,16716,0,0,857,56992,0,1,857,56993,California
San Diego,2021-01-04,3706,60701,2053,42332,1653,18369,0,0,3699,60691,0,1,3699,60692,California
San Diego,2021-01-05,4381,65082,2186,44518,2195,20564,0,0,3765,63856,612,613,3777,64469,California
San Diego,2021-01-06,4946,70028,2289,46807,2657,23221,0,0,3713,66363,1210,1823,3717,68186,California
San Diego,2021-01-07,5664,75692,2984,49791,2680,25901,0,0,3504,67721,2153,3976,3511,71697,California
San Diego,2021-01-08,7861,83553,4940,54731,2921,28822,0,0,4077,68049,3767,7743,4095,75792,California
San Diego,2021-01-09,3503,87056,1943,56674,1560,30382,0,0,1953,68475,1538,9281,1964,77756,California
San Diego,2021-01-10,1881,88937,1294,57968,587,30969,0,0,777,68170,1092,10373,787,78543,California
San Diego,2021-01-11,10336,99273,5859,63827,4477,35446,0,0,6806,71472,3523,13896,6825,85368,California
San Diego,2021-01-12,11204,110477,5316,69143,5888,41334,0,0,7825,76041,3370,17266,7939,93307,California
San Diego,2021-01-13,11514,121991,5056,74199,6458,47792,0,0,8969,82501,2533,19799,8993,102300,California
San Diego,2021-01-14,12371,134362,4748,78947,7623,55415,0,0,10201,90577,2162,21961,10238,112538,California
San Diego,2021-01-15,15132,149494,5355,84302,9777,65192,0,0,12484,100487,2629,24590,12539,125077,California
San Diego,2021-01-16,10774,160268,3593,87895,7181,72373,0,0,9329,108407,1440,26030,9360,134437,California
San Diego,2021-01-17,8687,168955,2500,90395,6187,78560,0,0,7846,115433,841,26871,7867,142304,California
San Diego,2021-01-18,12885,181840,6318,96713,6567,85127,0,0,10035,122711,2818,29689,10096,152400,California
San Diego,2021-01-19,14601,196441,5671,102384,8930,94057,0,0,11489,131365,3102,32791,11756,164156,California
San Diego,2021-01-20,18331,214772,6388,108772,11943,106000,0,0,15010,143257,3301,36092,15193,179349,California
San Diego,2021-01-21,17303,232075,5782,114554,11521,117521,0,0,15916,157938,1378,37470,16059,195408,California
San Diego,2021-01-22,17579,249654,4654,119208,12925,130446,0,0,15545,171544,2020,39490,15626,211034,California
San Diego,2021-01-23,14488,264142,5275,124483,9213,139659,0,0,12128,181385,2349,41839,12190,223224,California
San Diego,2021-01-24,11867,276009,3309,127792,8558,148217,0,0,10893,191346,972,42811,10933,234157,California
San Diego,2021-01-25,12256,288265,5783,133575,6473,154690,0,0,9234,197722,3014,45825,9390,243547,California
San Diego,2021-01-26,15138,303403,7842,141417,7296,161986,0,0,11747,206266,3389,49214,11933,255480,California
San Diego,2021-01-27,20579,323982,7930,149347,12649,174635,0,0,17558,220956,3012,52226,17702,273182,California
San Diego,2021-01-28,21298,345280,7637,156984,13661,188296,0,0,19022,237801,2265,54491,19110,292292,California
San Diego,2021-01-29,19655,364935,6401,163385,13254,201550,0,0,17212,252632,2433,56924,17264,309556,California
San Diego,2021-01-30,15837,380772,3596,166981,12241,213791,0,0,13153,263210,2674,59598,13252,322808,California
San Diego,2021-01-31,14773,395545,5723,172704,9050,222841,0,0,14412,277297,357,59955,14444,337252,California
San Diego,2021-02-01,20876,416421,7582,180286,13294,236135,0,0,17318,291154,3545,63500,17402,354654,California
San Diego,2021-02-02,22911,439332,8375,188661,14536,250671,0,0,19637,307697,3265,66765,19808,374462,California
San Diego,2021-02-03,27499,466831,11597,200258,15902,266573,0,0,23183,326776,4297,71062,23376,397838,California
San Diego,2021-02-04,24183,491014,9818,210076,14365,280938,0,0,19547,341994,4619,75681,19837,417675,California
San Diego,2021-02-05,24891,515905,8846,218922,16045,296983,0,0,18195,353983,6672,82353,18661,436336,California
San Diego,2021-02-06,20765,536670,8542,227464,12223,309206,0,0,17512,368470,3250,85603,17737,454073,California
San Diego,2021-02-07,12141,548811,5377,232841,6764,315970,0,0,10255,377110,1875,87478,10515,464588,California
San Diego,2021-02-08,20118,568929,8523,241364,11595,327565,0,0,12665,383024,7442,94920,13356,477944,California
San Diego,2021-02-09,20493,589422,8320,249684,12173,339738,0,0,13185,390003,7287,102207,14266,492210,California
San Diego,2021-02-10,22969,612391,9331,259015,13638,353376,0,0,13838,396148,9076,111283,15221,507431,California
San Diego,2021-02-11,23845,636236,10181,269196,13664,367040,0,0,12757,399540,11061,122344,14453,521884,California
San Diego,2021-02-12,23822,660058,7429,276625,16393,383433,0,0,11855,401725,11950,134294,14135,536019,California
San Diego,2021-02-13,20025,680083,9020,285645,11005,394438,0,0,10891,404695,9127,143421,12097,548116,California
San Diego,2021-02-14,11185,691268,7430,293075,3755,398193,0,0,6317,407666,4864,148285,7835,555951,California
San Diego,2021-02-15,15250,706518,7738,300813,7512,405705,0,0,7804,411114,7424,155709,10872,566823,California
San Diego,2021-02-16,19296,725814,11269,312082,8027,413732,0,0,9215,413249,10069,165778,12204,579027,California
San Diego,2021-02-17,23414,749228,10998,323080,12416,426148,0,0,8112,409171,15287,181065,11209,590236,California
San Diego,2021-02-18,23579,772807,12008,335088,11571,437719,0,0,7763,405224,15805,196870,11858,602094,California
San Diego,2021-02-19,15902,788709,10909,345997,4993,442712,0,0,6616,404560,9268,206138,8604,610698,California
San Diego,2021-02-20,10263,798972,6363,352360,3900,446612,0,0,5792,407806,4468,210606,7714,618412,California
San Diego,2021-02-21,11572,810544,10157,362517,1415,448027,0,0,5178,408116,6389,216995,6699,625111,California
San Diego,2021-02-22,12453,822997,10591,373108,1862,449889,0,0,5744,408814,6704,223699,7402,632513,California
San Diego,2021-02-23,25870,848867,14487,387595,11383,461272,0,0,9615,408092,16246,239945,15524,648037,California
San Diego,2021-02-24,28947,877814,12751,400346,16196,477468,0,0,6834,400279,22093,262038,14280,662317,California
San Diego,2021-02-25,33186,911000,14704,415050,18482,495950,0,0,10093,395722,23073,285111,18516,680833,California
San Diego,2021-02-26,33481,944481,12400,427450,21081,517031,0,0,12097,393593,21354,306465,19225,700058,California
San Diego,2021-02-27,21240,965721,9680,437130,11560,528591,0,0,11427,399498,9807,316272,15712,715770,California
San Diego,2021-02-28,15281,981002,9985,447115,5296,533887,0,0,9509,406032,5771,322043,12305,728075,California
San Diego,2021-03-01,24250,1005252,14314,461429,9934,543821,2,2,14712,415164,9460,331503,18592,746667,California
San Diego,2021-03-02,26168,1031420,14085,475514,12083,555904,0,2,12736,421188,13421,344924,19445,766112,California
San Diego,2021-03-03,34029,1065449,15952,491466,18074,573978,3,5,14065,422239,19945,364869,20996,787108,California
San Diego,2021-03-04,28313,1093762,14107,505573,14206,588184,0,5,12601,425922,15690,380559,19373,806481,California
San Diego,2021-03-05,29003,1122765,14908,520481,14013,602197,82,87,13496,430759,15483,396042,20320,826801,California
San Diego,2021-03-06,23431,1146196,9586,530067,13144,615341,701,788,10329,433399,13090,409132,15730,842531,California
San Diego,2021-03-07,18235,1164431,9327,539394,8337,623678,571,1359,6908,433234,11319,420451,11154,853685,California
San Diego,2021-03-08,23110,1187541,11233,550627,10968,634646,909,2268,11441,438829,11648,432099,17243,870928,California
San Diego,2021-03-09,25886,1213427,11972,562599,12155,646801,1759,4027,10107,438871,15764,447863,15806,886734,California
San Diego,2021-03-10,25527,1238954,10782,573381,12347,659148,2398,6425,10081,440010,15431,463294,16570,903304,California
San Diego,2021-03-11,28642,1267596,11003,584384,14041,673189,3598,10023,9956,438881,18663,481957,17534,920838,California
San Diego,2021-03-12,27322,1294918,9555,593939,14627,687816,3140,13163,10025,438467,17285,499242,16871,937709,California
San Diego,2021-03-13,26217,1321135,7283,601222,17142,704958,1792,14955,10116,438460,16095,515337,16088,953797,California
San Diego,2021-03-14,13878,1335013,5496,606718,7642,712600,740,15695,4806,437276,9064,524401,7880,961677,California
San Diego,2021-03-15,22033,1357046,10170,616888,11082,723682,781,16476,9013,437173,13007,537408,12904,974581,California
San Diego,2021-03-16,30002,1387048,15790,632678,13801,737483,411,16887,15724,442120,14256,551664,19203,993784,California
San Diego,2021-03-17,26330,1413378,12235,644913,13375,750858,720,17607,16767,452119,9547,561211,19546,1013330,California
San Diego,2021-03-18,31520,1444898,17810,662723,12791,763649,919,18526,17008,457107,14478,575689,19466,1032796,California
San Diego,2021-03-19,30358,1475256,14405,677128,14913,778562,1040,19566,19394,467804,10943,586632,21640,1054436,California
San Diego,2021-03-20,27904,1503160,8458,685586,17642,796204,1804,21370,21432,485688,6460,593092,24344,1078780,California
San Diego,2021-03-21,16578,1519738,12102,697688,3759,799963,717,22087,7700,486572,8864,601956,9748,1088528,California
San Diego,2021-03-22,22549,1542287,13152,710840,9120,809083,277,22364,14325,495730,8213,610169,17371,1105899,California
San Diego,2021-03-23,25998,1568285,13635,724475,12084,821167,279,22643,17109,506289,8873,619042,19432,1125331,California
San Diego,2021-03-24,29581,1597866,19777,744252,9422,830589,382,23025,17085,513339,12483,631525,19533,1144864,California
San Diego,2021-03-25,30400,1628266,18316,762568,11400,841989,684,23709,17987,521743,12397,643922,20801,1165665,California
San Diego,2021-03-26,32169,1660435,17947,780515,13649,855638,573,24282,17497,528002,14647,658569,20906,1186571,California
San Diego,2021-03-27,25518,1685953,11047,791562,14077,869715,394,24676,15690,536529,9812,668381,18339,1204910,California
San Diego,2021-03-28,15086,1701039,9241,800803,5788,875503,57,24733,9257,541499,5823,674204,10793,1215703,California
San Diego,2021-03-29,26744,1727783,12928,813731,13183,888686,633,25366,16446,550741,10288,684492,19530,1235233,California
San Diego,2021-03-30,33248,1761031,17901,831632,14557,903243,790,26156,22014,564149,11220,695712,24628,1259861,California
San Diego,2021-03-31,30487,1791518,18805,850437,10976,914219,706,26862,20636,576761,9835,705547,22447,1282308,California
San Diego,2021-04-01,34359,1825877,20066,870503,12791,927010,1502,28364,23240,591730,11098,716645,26067,1308375,California
San Diego,2021-04-02,35813,1861690,20679,891182,12327,939337,2807,31171,24113,608403,11682,728327,28355,1336730,California
San Diego,2021-04-03,30889,1892579,14471,905653,11801,951138,4617,35788,19728,622799,11150,739477,25546,1362276,California
San Diego,2021-04-04,9061,1901640,5207,910860,2926,954064,928,36716,4814,624483,4242,743719,5926,1368202,California
San Diego,2021-04-05,29766,1931406,15407,926267,11705,965769,2654,39370,19381,638643,10370,754089,24530,1392732,California
San Diego,2021-04-06,38760,1970166,20392,946659,12450,978219,5918,45288,22324,652580,16420,770509,30357,1423089,California
San Diego,2021-04-07,35861,2006027,21991,968650,9292,987511,4578,49866,20314,663161,15525,786034,26106,1449195,California
San Diego,2021-04-08,35265,2041292,21380,990030,9713,997224,4172,54038,21298,677269,13949,799983,28057,1477252,California
San Diego,2021-04-09,38447,2079739,22936,1012966,10294,1007518,5217,59255,20787,688995,17595,817578,29321,1506573,California
San Diego,2021-04-10,29201,2108940,11789,1024755,13403,1020921,4009,63264,15094,697031,14098,831676,22134,1528707,California
San Diego,2021-04-11,16262,2125202,10078,1034833,3870,1024791,2314,65578,7243,700576,9015,840691,12560,1541267,California
San Diego,2021-04-12,30863,2156065,12866,1047699,13664,1038455,4333,69911,17165,712065,13683,854374,25172,1566439,California
San Diego,2021-04-13,37225,2193290,17791,1065490,19398,1057853,36,69947,24774,727285,12429,866803,27649,1594088,California
San Diego,2021-04-14,33095,2226385,18931,1084421,14151,1072004,13,69960,17884,734357,15199,882002,22271,1616359,California
San Diego,2021-04-15,39582,2265967,20386,1104807,19192,1091196,4,69964,24113,745884,15450,897452,26977,1643336,California
San Diego,2021-04-16,33851,2299818,18590,1123397,15258,1106454,3,69967,19614,753722,14176,911628,22014,1665350,California
San Diego,2021-04-17,27905,2327723,13542,1136939,14363,1120817,0,69967,12367,753695,15445,927073,15418,1680768,California
San Diego,2021-04-18,14498,2342221,8912,1145851,5583,1126400,3,69970,6760,755688,7724,934797,9717,1690485,California
San Diego,2021-04-19,26605,2368826,13577,1159428,13027,1139427,1,69971,12514,755891,14073,948870,14276,1704761,California
San Diego,2021-04-20,39053,2407879,17778,1177206,21273,1160700,2,69973,19932,759706,19101,967971,22916,1727677,California
San Diego,2021-04-21,35056,2442935,20941,1198147,14115,1174815,0,69973,16975,761646,18046,986017,19986,1747663,California
San Diego,2021-04-22,44697,2487632,22960,1221107,21733,1196548,4,69977,22434,764883,22228,1008245,25465,1773128,California
San Diego,2021-04-23,42283,2529915,26034,1247141,16247,1212795,2,69979,15773,757343,26480,1034725,18940,1792068,California
San Diego,2021-04-24,34968,2564883,18867,1266008,16086,1228881,15,69994,15616,756822,19316,1054041,18795,1810863,California
San Diego,2021-04-25,12653,2577536,7712,1273720,4941,1233822,0,69994,5919,757384,6726,1060767,7288,1818151,California
San Diego,2021-04-26,31605,2609141,15765,1289485,15709,1249531,131,70125,10870,752001,20720,1081487,15337,1833488,California
San Diego,2021-04-27,43768,2652909,24094,1313579,19186,1268717,488,70613,19282,750390,24453,1105940,22842,1856330,California
San Diego,2021-04-28,38350,2691259,22635,1336214,15041,1283758,674,71287,17374,749725,20943,1126883,20278,1876608,California
San Diego,2021-04-29,38143,2729402,24293,1360507,13197,1296955,653,71940,15432,744842,22674,1149557,17791,1894399,California
San Diego,2021-04-30,38176,2767578,23150,1383657,13972,1310927,1054,72994,14949,739481,23191,1172748,17830,1912229,California
San Diego,2021-05-01,24354,2791932,10731,1394388,12980,1323907,643,73637,9573,737066,14772,1187520,12357,1924586,California
San Diego,2021-05-02,10726,2802658,7537,1401925,2603,1326510,586,74223,3283,733831,7439,1194959,4204,1928790,California
San Diego,2021-05-03,25343,2828001,12480,1414405,11705,1338215,1158,75381,9359,729183,15964,1210923,11316,1940106,California
San Diego,2021-05-04,31985,2859986,17651,1432056,13004,1351219,1330,76711,11545,722751,20414,1231337,13982,1954088,California
San Diego,2021-05-05,27745,2887731,17043,1449099,9413,1360632,1289,78000,10606,718481,17119,1248456,12849,1966937,California
San Diego,2021-05-06,28459,2916190,18834,1467933,8712,1369344,913,78913,10843,715127,17589,1266045,14235,1981172,California
San Diego,2021-05-07,29712,2945902,19533,1487466,9128,1378472,1051,79964,11063,709831,18613,1284658,13317,1994489,California
San Diego,2021-05-08,22651,2968553,10764,1498230,11175,1389647,712,80676,7275,703877,15354,1300012,9400,2003889,California
San Diego,2021-05-09,7557,2976110,5681,1503911,1468,1391115,408,81084,2668,702492,4883,1304895,3498,2007387,California
San Diego,2021-05-10,21665,2997775,8447,1512358,12402,1403517,816,81900,5940,694805,15697,1320592,8010,2015397,California
San Diego,2021-05-11,27708,3025483,11252,1523610,15680,1419197,776,82676,9666,688823,18021,1338613,12039,2027436,California
San Diego,2021-05-12,21972,3047455,11707,1535317,9472,1428669,793,83469,8021,684729,13927,1352540,9833,2037269,California
San Diego,2021-05-13,29726,3077181,17733,1553050,11383,1440052,610,84079,12314,682769,17359,1369899,15399,2052668,California
San Diego,2021-05-14,30743,3107924,19686,1572736,10210,1450262,847,84926,14009,683001,16700,1386599,16932,2069600,California
San Diego,2021-05-15,26264,3134188,16497,1589233,8935,1459197,832,85758,10940,680425,15275,1401874,12699,2082299,California
San Diego,2021-05-16,12981,3147169,9709,1598942,2698,1461895,574,86332,6479,681363,6492,1408366,7430,2089729,California
San Diego,2021-05-17,21467,3168636,13041,1611983,7669,1469564,757,87089,9355,680266,12077,1420443,10980,2100709,California
San Diego,2021-05-18,34276,3202912,19394,1631377,14006,1483570,876,87965,13690,675714,20554,1440997,16002,2116711,California
San Diego,2021-05-19,28522,3231434,17933,1649310,9778,1493348,811,88776,12269,673676,16225,1457222,14187,2130898,California
San Diego,2021-05-20,30648,3262082,16350,1665660,13530,1506878,768,89544,10363,665835,20256,1477478,12415,2143313,California
San Diego,2021-05-21,22884,3284966,14381,1680041,7563,1514441,940,90484,9461,663830,13395,1490873,11390,2154703,California
San Diego,2021-05-22,17417,3302383,9662,1689703,6660,1521101,1095,91579,7438,663281,9961,1500834,9412,2164115,California
San Diego,2021-05-23,4826,3307209,3592,1693295,948,1522049,286,91865,2580,664149,2225,1503059,3093,2167208,California
San Diego,2021-05-24,17679,3324888,9014,1702309,6775,1528824,1890,93755,6517,662252,11146,1514205,9249,2176457,California
San Diego,2021-05-25,24252,3349140,13267,1715576,9156,1537980,1829,95584,8709,658414,15513,1529718,11675,2188132,California
San Diego,2021-05-26,19203,3368343,10670,1726246,6519,1544499,2014,97598,6713,655698,12459,1542177,9743,2197875,California
San Diego,2021-05-27,20631,3388974,12067,1738313,6170,1550669,2394,99992,7048,652819,13565,1555742,10686,2208561,California
San Diego,2021-05-28,21185,3410159,13299,1751612,7165,1557834,721,100713,8446,650555,12724,1568466,10460,2219021,California
San Diego,2021-05-29,11999,3422158,7655,1759267,3851,1561685,493,101206,5264,650188,6721,1575187,6354,2225375,California
San Diego,2021-05-30,4722,3426880,3229,1762496,1108,1562793,385,101591,2081,650300,2637,1577824,2749,2228124,California
San Diego,2021-05-31,2610,3429490,1765,1764261,674,1563467,171,101762,882,649772,1724,1579548,1196,2229320,California
San Diego,2021-06-01,21355,3450845,11431,1775692,8287,1571754,1637,103399,6203,643535,15129,1594677,8892,2238212,California
San Diego,2021-06-02,17060,3467905,8824,1784516,6161,1577915,2075,105474,5822,641062,11215,1605892,8742,2246954,California
San Diego,2021-06-03,18705,3486610,11872,1796388,5037,1582952,1796,107270,5660,636630,13027,1618919,8595,2255549,California
San Diego,2021-06-04,19427,3506037,13722,1810110,5127,1588079,578,107848,5919,631677,13483,1632402,8530,2264079,California
San Diego,2021-06-05,8133,3514170,6747,1816857,1125,1589204,261,108109,2029,628551,6095,1638497,2969,2267048,California
San Francisco,2020-12-15,8,8,8,8,0,0,0,0,8,8,0,0,8,8,California
San Francisco,2020-12-16,230,238,230,238,0,0,0,0,230,238,0,0,230,238,California
San Francisco,2020-12-17,417,655,417,655,0,0,0,0,417,655,0,0,417,655,California
San Francisco,2020-12-18,907,1562,906,1561,1,1,0,0,907,1562,0,0,907,1562,California
San Francisco,2020-12-19,607,2169,607,2168,0,1,0,0,607,2169,0,0,607,2169,California
San Francisco,2020-12-20,483,2652,483,2651,0,1,0,0,483,2652,0,0,483,2652,California
San Francisco,2020-12-21,1163,3815,1163,3814,0,1,0,0,1163,3815,0,0,1163,3815,California
San Francisco,2020-12-22,1401,5216,1367,5181,34,35,0,0,1401,5216,0,0,1401,5216,California
San Francisco,2020-12-23,1355,6571,1058,6239,297,332,0,0,1355,6571,0,0,1355,6571,California
San Francisco,2020-12-24,846,7417,505,6744,341,673,0,0,846,7417,0,0,846,7417,California
San Francisco,2020-12-25,33,7450,28,6772,5,678,0,0,33,7450,0,0,33,7450,California
San Francisco,2020-12-26,249,7699,154,6926,95,773,0,0,249,7699,0,0,249,7699,California
San Francisco,2020-12-27,274,7973,60,6986,214,987,0,0,274,7973,0,0,274,7973,California
San Francisco,2020-12-28,1278,9251,690,7676,588,1575,0,0,1278,9251,0,0,1278,9251,California
San Francisco,2020-12-29,1255,10506,629,8305,626,2201,0,0,1255,10506,0,0,1255,10506,California
San Francisco,2020-12-30,1491,11997,780,9085,711,2912,0,0,1491,11997,0,0,1491,11997,California
San Francisco,2020-12-31,970,12967,411,9496,559,3471,0,0,969,12966,0,0,969,12966,California
San Francisco,2021-01-01,98,13065,73,9569,25,3496,0,0,98,13064,0,0,98,13064,California
San Francisco,2021-01-02,340,13405,306,9875,34,3530,0,0,340,13404,0,0,340,13404,California
San Francisco,2021-01-03,299,13704,106,9981,193,3723,0,0,298,13701,1,1,298,13702,California
San Francisco,2021-01-04,1846,15550,1360,11341,486,4209,0,0,1840,15535,6,7,1840,15542,California
San Francisco,2021-01-05,2233,17783,1420,12761,813,5022,0,0,2194,17692,39,46,2196,17738,California
San Francisco,2021-01-06,1874,19657,1161,13922,713,5735,0,0,1606,19033,266,312,1607,19345,California
San Francisco,2021-01-07,2073,21730,1207,15129,866,6601,0,0,1600,20163,470,782,1600,20945,California
San Francisco,2021-01-08,2344,24074,1647,16776,697,7298,0,0,1480,20784,859,1641,1480,22425,California
San Francisco,2021-01-09,1395,25469,897,17673,498,7796,0,0,887,21165,508,2149,889,23314,California
San Francisco,2021-01-10,921,26390,541,18214,380,8176,0,0,462,21169,458,2607,462,23776,California
San Francisco,2021-01-11,2512,28902,1875,20089,637,8813,0,0,1406,21468,1107,3714,1406,25182,California
San Francisco,2021-01-12,3093,31995,2057,22146,1036,9849,0,0,1897,22171,1196,4910,1899,27081,California
San Francisco,2021-01-13,2834,34829,1608,23754,1226,11075,0,0,1997,23331,837,5747,1997,29078,California
San Francisco,2021-01-14,2444,37273,1102,24856,1342,12417,0,0,1884,24655,560,6307,1884,30962,California
San Francisco,2021-01-15,2753,40026,1148,26004,1605,14022,0,0,2362,26630,389,6696,2364,33326,California
San Francisco,2021-01-16,2263,42289,971,26975,1292,15314,0,0,2094,28556,169,6865,2095,35421,California
San Francisco,2021-01-17,1941,44230,535,27510,1406,16720,0,0,1724,30063,217,7082,1724,37145,California
San Francisco,2021-01-18,1381,45611,596,28106,785,17505,0,0,1115,30914,265,7347,1116,38261,California
San Francisco,2021-01-19,2589,48200,1478,29584,1111,18616,0,0,1834,31993,755,8102,1834,40095,California
San Francisco,2021-01-20,2764,50964,1130,30714,1634,20250,0,0,2006,33245,755,8857,2007,42102,California
San Francisco,2021-01-21,3329,54293,945,31659,2384,22634,0,0,2493,34903,835,9692,2493,44595,California
San Francisco,2021-01-22,3199,57492,647,32306,2552,25186,0,0,2756,37218,441,10133,2756,47351,California
San Francisco,2021-01-23,3093,60585,611,32917,2482,27668,0,0,2722,39571,370,10503,2723,50074,California
San Francisco,2021-01-24,2435,63020,366,33283,2069,29737,0,0,2202,41543,230,10733,2202,52276,California
San Francisco,2021-01-25,4648,67668,1833,35116,2815,32552,0,0,3058,43014,1588,12321,3059,55335,California
San Francisco,2021-01-26,4735,72403,2182,37298,2553,35105,0,0,3093,44470,1639,13960,3095,58430,California
San Francisco,2021-01-27,4389,76792,2006,39304,2383,37488,0,0,3087,46257,1300,15260,3087,61517,California
San Francisco,2021-01-28,3771,80563,1555,40859,2216,39704,0,0,2609,47709,1157,16417,2609,64126,California
San Francisco,2021-01-29,4745,85308,1688,42547,3057,42761,0,0,3465,49900,1274,17691,3465,67591,California
San Francisco,2021-01-30,3795,89103,1849,44396,1946,44707,0,0,3335,52780,459,18150,3339,70930,California
San Francisco,2021-01-31,2362,91465,827,45223,1535,46242,0,0,2210,54840,151,18301,2211,73141,California
San Francisco,2021-02-01,3984,95449,1705,46928,2279,48521,0,0,2911,56679,1073,19374,2912,76053,California
San Francisco,2021-02-02,4518,99967,1806,48734,2712,51233,0,0,2921,58008,1592,20966,2921,78974,California
San Francisco,2021-02-03,5072,105039,2378,51112,2694,53927,0,0,3757,60453,1313,22279,3758,82732,California
San Francisco,2021-02-04,5033,110072,2428,53540,2605,56532,0,0,3863,63148,1168,23447,3863,86595,California
San Francisco,2021-02-05,5994,116066,3239,56779,2755,59287,0,0,4643,66443,1349,24796,4644,91239,California
San Francisco,2021-02-06,5525,121591,3703,60482,1822,61109,0,0,4620,70163,902,25698,4622,95861,California
San Francisco,2021-02-07,4392,125983,3243,63725,1149,62258,0,0,3813,73403,576,26274,3816,99677,California
San Francisco,2021-02-08,6811,132794,4701,68426,2110,64368,0,0,5581,77772,1214,27488,5583,105260,California
San Francisco,2021-02-09,5982,138776,4034,72460,1948,66316,0,0,4426,80636,1563,29051,4427,109687,California
San Francisco,2021-02-10,6925,145701,4220,76680,2705,69021,0,0,5119,83957,1801,30852,5122,114809,California
San Francisco,2021-02-11,6762,152463,4022,80702,2740,71761,0,0,4936,87073,1821,32673,4937,119746,California
San Francisco,2021-02-12,5356,157819,2696,83398,2660,74421,0,0,3508,88732,1849,34522,3508,123254,California
San Francisco,2021-02-13,4399,162218,2578,85976,1821,76242,0,0,3062,90459,1337,35859,3064,126318,California
San Francisco,2021-02-14,3441,165659,2262,88238,1179,77421,0,0,2309,91639,1131,36990,2311,128629,California
San Francisco,2021-02-15,2776,168435,1507,89745,1269,78690,0,0,1673,92211,1101,38091,1673,130302,California
San Francisco,2021-02-16,5090,173525,2797,92542,2293,80983,0,0,2987,93108,2096,40187,2993,133295,California
San Francisco,2021-02-17,5343,178868,2612,95154,2731,83714,0,0,2954,93684,2379,42566,2955,136250,California
San Francisco,2021-02-18,5387,184255,2628,97782,2759,86473,0,0,2801,93903,2585,45151,2804,139054,California
San Francisco,2021-02-19,5675,189930,2657,100439,3018,89491,0,0,2940,94114,2730,47881,2941,141995,California
San Francisco,2021-02-20,4554,194484,2191,102630,2363,91854,0,0,1708,92986,2837,50718,1709,143704,California
San Francisco,2021-02-21,2898,197382,1526,104156,1372,93226,0,0,1286,92670,1603,52321,1287,144991,California
San Francisco,2021-02-22,5192,202574,3238,107394,1954,95180,0,0,2615,92719,2569,54890,2618,147609,California
San Francisco,2021-02-23,5611,208185,3199,110593,2412,97592,0,0,2868,92851,2736,57626,2868,150477,California
San Francisco,2021-02-24,9133,217318,5169,115762,3964,101556,0,0,4879,93488,4243,61869,4880,155357,California
San Francisco,2021-02-25,10043,227361,7021,122783,3022,104578,0,0,6453,96356,3587,65456,6455,161812,California
San Francisco,2021-02-26,12382,239743,8047,130830,4335,108913,0,0,7313,98602,5068,70524,7314,169126,California
San Francisco,2021-02-27,9413,249156,6062,136892,3350,112263,1,1,4683,98570,4717,75241,4685,173811,California
San Francisco,2021-02-28,7939,257095,5686,142578,2253,114516,0,1,3868,98370,4069,79310,3869,177680,California
San Francisco,2021-03-01,11433,268528,7728,150306,3701,118217,4,5,5551,98072,5855,85165,5557,183237,California
San Francisco,2021-03-02,10018,278546,6764,157070,3254,121471,0,5,5653,99372,4354,89519,5654,188891,California
San Francisco,2021-03-03,11323,289869,6592,163662,4730,126201,1,6,6160,100387,5149,94668,6164,195055,California
San Francisco,2021-03-04,8822,298691,5551,169213,3271,129472,0,6,4969,101513,3843,98511,4969,200024,California
San Francisco,2021-03-05,9242,307933,5679,174892,3559,133031,4,10,5777,103844,3451,101962,5782,205806,California
San Francisco,2021-03-06,7150,315083,4687,179579,2254,135285,209,219,4461,105809,2702,104664,4667,210473,California
San Francisco,2021-03-07,5409,320492,4232,183811,1118,136403,59,278,3107,106660,2315,106979,3166,213639,California
San Francisco,2021-03-08,7549,328041,5483,189294,1879,138282,187,465,5970,111206,1610,108589,6156,219795,California
San Francisco,2021-03-09,8352,336393,5536,194830,2440,140722,376,841,6100,115421,2256,110845,6471,226266,California
San Francisco,2021-03-10,11252,347645,6620,201450,4133,144855,499,1340,7058,118806,4172,115017,7557,233823,California
San Francisco,2021-03-11,10124,357769,6386,207836,2771,147626,967,2307,6646,122950,3461,118478,7605,241428,California
San Francisco,2021-03-12,10893,368662,6367,214203,3181,150807,1345,3652,6070,125560,4801,123279,7411,248839,California
San Francisco,2021-03-13,6714,375376,3944,218147,1708,152515,1062,4714,4179,128272,2526,125805,5238,254077,California
San Francisco,2021-03-14,7585,382961,4934,223081,2406,154921,245,4959,3983,128913,3585,129390,4226,258303,California
San Francisco,2021-03-15,12126,395087,9281,232362,1900,156821,945,5904,8402,134539,3708,133098,9334,267637,California
San Francisco,2021-03-16,12241,407328,8351,240713,3430,160251,460,6364,8817,140414,3401,136499,9276,276913,California
San Francisco,2021-03-17,13376,420704,8293,249006,4516,164767,567,6931,9620,146870,3727,140226,10183,287096,California
San Francisco,2021-03-18,10114,430818,6871,255877,2621,167388,622,7553,5723,148841,4367,144593,6338,293434,California
San Francisco,2021-03-19,12417,443235,9073,264950,2875,170263,469,8022,6452,149815,5939,150532,6913,300347,California
San Francisco,2021-03-20,8915,452150,6560,271510,1887,172150,468,8490,5179,151759,3705,154237,5649,305996,California
San Francisco,2021-03-21,6620,458770,6064,277574,418,172568,138,8628,3731,152755,2871,157108,3867,309863,California
San Francisco,2021-03-22,9877,468647,6859,284433,2177,174745,841,9469,5072,153881,4780,161888,5906,315769,California
San Francisco,2021-03-23,11290,479937,7487,291920,3151,177896,652,10121,6262,155792,4998,166886,6909,322678,California
San Francisco,2021-03-24,12407,492344,9511,301431,2361,180257,535,10656,6188,156331,6176,173062,6715,329393,California
San Francisco,2021-03-25,11982,504326,8758,310189,2660,182917,564,11220,5819,156619,6091,179153,6379,335772,California
San Francisco,2021-03-26,12047,516373,8360,318549,3454,186371,233,11453,5843,156521,6170,185323,6072,341844,California
San Francisco,2021-03-27,8809,525182,5911,324460,2549,188920,349,11802,3763,155608,5025,190348,4112,345956,California
San Francisco,2021-03-28,6694,531876,5347,329807,1305,190225,42,11844,3000,154979,3668,194016,3039,348995,California
San Francisco,2021-03-29,11622,543498,8008,337815,3430,193655,184,12028,4805,153179,6787,200803,4987,353982,California
San Francisco,2021-03-30,11678,555176,7325,345140,4063,197718,290,12318,5516,152848,6137,206940,5806,359788,California
San Francisco,2021-03-31,12309,567485,8196,353336,3814,201532,299,12617,4959,150785,7315,214255,5252,365040,California
San Francisco,2021-04-01,14007,581492,7439,360775,4869,206401,1699,14316,6015,150530,7953,222208,7698,372738,California
San Francisco,2021-04-02,14878,596370,6574,367349,6417,212818,1887,16203,6958,151466,7896,230104,8832,381570,California
San Francisco,2021-04-03,10608,606978,4924,372273,3857,216675,1827,18030,4862,152423,5727,235831,6684,388254,California
San Francisco,2021-04-04,9049,616027,4799,377072,2593,219268,1657,19687,3576,152194,5458,241289,5229,393483,California
San Francisco,2021-04-05,16074,632101,9846,386918,4339,223607,1889,21576,6261,150553,9783,251072,8142,401625,California
San Francisco,2021-04-06,16095,648196,9530,396448,4500,228107,2065,23641,6247,149036,9820,260892,8303,409928,California
San Francisco,2021-04-07,16870,665066,10036,406484,4599,232706,2235,25876,6992,148393,9852,270744,9209,419137,California
San Francisco,2021-04-08,14217,679283,6750,413234,3035,235741,4432,30308,4624,147862,9558,280302,9027,428164,California
San Francisco,2021-04-09,15861,695144,7660,420894,4835,240576,3366,33674,6598,148577,9230,289532,9945,438109,California
San Francisco,2021-04-10,13336,708480,5699,426593,5877,246453,1760,35434,7106,151227,6203,295735,8853,446962,California
San Francisco,2021-04-11,10047,718527,7528,434121,1345,247798,1174,36608,5202,152766,4832,300567,6371,453333,California
San Francisco,2021-04-12,10615,729142,6891,441012,2571,250369,1153,37761,4857,153036,5736,306303,6006,459339,California
San Francisco,2021-04-13,10821,739963,7334,448346,3475,253844,12,37773,5461,153179,5334,311637,5477,464816,California
San Francisco,2021-04-14,13298,753261,8022,456368,5275,259119,1,37774,6384,152690,6875,318512,6386,471202,California
San Francisco,2021-04-15,13757,767018,9534,465902,4222,263341,1,37775,8085,155138,5641,324153,8089,479291,California
San Francisco,2021-04-16,12942,779960,8701,474603,4197,267538,44,37819,7633,157539,5280,329433,7681,486972,California
San Francisco,2021-04-17,10067,790027,7306,481909,2760,270298,1,37820,7097,161688,2953,332386,7102,494074,California
San Francisco,2021-04-18,6607,796634,5048,486957,1557,271855,2,37822,4086,163275,2503,334889,4090,498164,California
San Francisco,2021-04-19,10883,807517,8179,495136,2699,274554,5,37827,6995,166414,3871,338760,7010,505174,California
San Francisco,2021-04-20,12338,819855,7219,502355,5117,279671,2,37829,8510,171126,3801,342561,8513,513687,California
San Francisco,2021-04-21,10584,830439,7565,509920,3014,282685,5,37834,6450,173477,4108,346669,6459,520146,California
San Francisco,2021-04-22,10460,840899,7739,517659,2720,285405,1,37835,6044,175139,4390,351059,6052,526198,California
San Francisco,2021-04-23,10352,851251,5931,523590,4421,289826,0,37835,6150,177124,4172,355231,6157,532355,California
San Francisco,2021-04-24,7961,859212,5479,529069,2482,292308,0,37835,4704,178601,3235,358466,4712,537067,California
San Francisco,2021-04-25,5044,864256,4339,533408,699,293007,6,37841,2952,179482,2080,360546,2961,540028,California
San Francisco,2021-04-26,8019,872275,5682,539090,2325,295332,12,37853,3960,179432,4034,364580,3984,544012,California
San Francisco,2021-04-27,8586,880861,5782,544872,2647,297979,157,38010,4268,179574,4293,368873,4435,548447,California
San Francisco,2021-04-28,9482,890343,6566,551438,2725,300704,191,38201,4969,180257,4481,373354,5164,553611,California
San Francisco,2021-04-29,9359,899702,5437,556875,3729,304433,193,38394,4597,180322,4737,378091,4802,558413,California
San Francisco,2021-04-30,10880,910582,5191,562066,5488,309921,201,38595,3978,177645,6861,384952,4184,562597,California
San Francisco,2021-05-01,6946,917528,3593,565659,3238,313159,115,38710,1705,174257,5209,390161,1821,564418,California
San Francisco,2021-05-02,5315,922843,3083,568742,2134,315293,98,38808,964,170980,4343,394504,1066,565484,California
San Francisco,2021-05-03,9669,932512,6585,575327,2922,318215,162,38970,2456,166420,7185,401689,2625,568109,California
San Francisco,2021-05-04,9354,941866,5992,581319,3112,321327,250,39220,2280,161914,7041,408730,2535,570644,California
San Francisco,2021-05-05,8770,950636,6128,587447,2333,323660,309,39529,2145,157790,6581,415311,2457,573101,California
San Francisco,2021-05-06,10726,961362,8571,596018,1683,325343,472,40001,1850,151271,8842,424153,2323,575424,California
San Francisco,2021-05-07,10108,971470,6471,602489,3367,328710,270,40271,1643,144743,8440,432593,1912,577336,California
San Francisco,2021-05-08,8363,979833,3553,606042,4680,333390,130,40401,973,138488,7359,439952,1104,578440,California
San Francisco,2021-05-09,6684,986517,5825,611867,777,334167,82,40483,1215,134333,5446,445398,1291,579731,California
San Francisco,2021-05-10,6977,993494,4939,616806,1787,335954,251,40734,1044,129721,5905,451303,1293,581024,California
San Francisco,2021-05-11,7141,1000635,5116,621922,1821,337775,204,40938,1370,125558,5738,457041,1575,582599,California
San Francisco,2021-05-12,7419,1008054,5331,627253,1655,339430,433,41371,1501,121596,5888,462929,1926,584525,California
San Francisco,2021-05-13,10377,1018431,7560,634813,2603,342033,214,41585,3826,119118,6524,469453,4046,588571,California
San Francisco,2021-05-14,9284,1027715,6578,641391,2535,344568,171,41756,3002,116048,6252,475705,3182,591753,California
San Francisco,2021-05-15,7899,1035614,6253,647644,1590,346158,56,41812,3112,114457,4771,480476,3180,594933,California
San Francisco,2021-05-16,4954,1040568,4174,651818,722,346880,58,41870,1835,113251,3100,483576,1894,596827,California
San Francisco,2021-05-17,7228,1047796,5381,657199,1681,348561,166,42036,2519,111250,4689,488265,2688,599515,California
San Francisco,2021-05-18,8658,1056454,4969,662168,3514,352075,175,42211,2004,106821,6609,494874,2180,601695,California
San Francisco,2021-05-19,7443,1063897,5530,667698,1681,353756,232,42443,2438,104513,4977,499851,2669,604364,California
San Francisco,2021-05-20,5381,1069278,3665,671363,1517,355273,199,42642,1537,102436,3811,503662,1734,606098,California
San Francisco,2021-05-21,6641,1075919,3749,675112,2750,358023,142,42784,1702,99382,4894,508556,1840,607938,California
San Francisco,2021-05-22,4332,1080251,3368,678480,919,358942,45,42829,2078,99269,2237,510793,2124,610062,California
San Francisco,2021-05-23,1522,1081773,1236,679716,256,359198,30,42859,767,99317,751,511544,799,610861,California
San Francisco,2021-05-24,4032,1085805,2852,682568,1017,360215,163,43022,1218,97910,2789,514333,1382,612243,California
San Francisco,2021-05-25,3669,1089474,2394,684962,1057,361272,218,43240,1106,96684,2546,516879,1320,613563,California
San Francisco,2021-05-26,3911,1093385,2533,687495,1232,362504,146,43386,1142,95227,2745,519624,1288,614851,California
San Francisco,2021-05-27,3689,1097074,2133,689628,1380,363884,176,43562,1199,94122,2480,522104,1375,616226,California
San Francisco,2021-05-28,3759,1100833,2150,691778,1449,365333,160,43722,1346,93239,2388,524492,1505,617731,California
San Francisco,2021-05-29,2021,1102854,1466,693244,455,365788,100,43822,881,93094,1120,525612,975,618706,California
San Francisco,2021-05-30,962,1103816,692,693936,233,366021,37,43859,403,92979,555,526167,440,619146,California
San Francisco,2021-05-31,253,1104069,206,694142,40,366061,7,43866,86,92906,166,526333,93,619239,California
San Francisco,2021-06-01,3556,1107625,2149,696291,1220,367281,187,44053,1282,92114,2258,528591,1466,620705,California
San Francisco,2021-06-02,2422,1110047,1747,698038,552,367833,123,44176,1019,91859,1392,529983,1137,621842,California
San Francisco,2021-06-03,3938,1113985,2712,700750,1026,368859,200,44376,1263,90658,2660,532643,1459,623301,California
San Francisco,2021-06-04,5605,1119590,4729,705479,736,369595,140,44516,1418,88060,4153,536796,1555,624856,California
San Francisco,2021-06-05,2544,1122134,2221,707700,220,369815,103,44619,637,86899,1897,538693,736,625592,California
San Joaquin,2020-12-15,12,12,12,12,0,0,0,0,12,12,0,0,12,12,California
San Joaquin,2020-12-16,309,321,309,321,0,0,0,0,309,321,0,0,309,321,California
San Joaquin,2020-12-17,320,641,320,641,0,0,0,0,320,641,0,0,320,641,California
San Joaquin,2020-12-18,533,1174,529,1170,4,4,0,0,533,1174,0,0,533,1174,California
San Joaquin,2020-12-19,190,1364,190,1360,0,4,0,0,190,1364,0,0,190,1364,California
San Joaquin,2020-12-20,116,1480,115,1475,1,5,0,0,116,1480,0,0,116,1480,California
San Joaquin,2020-12-21,494,1974,493,1968,1,6,0,0,494,1974,0,0,494,1974,California
San Joaquin,2020-12-22,972,2946,853,2821,119,125,0,0,971,2945,0,0,971,2945,California
San Joaquin,2020-12-23,981,3927,922,3743,59,184,0,0,979,3924,2,2,981,3926,California
San Joaquin,2020-12-24,217,4144,188,3931,29,213,0,0,216,4140,1,3,217,4143,California
San Joaquin,2020-12-25,15,4159,15,3946,0,213,0,0,15,4155,0,3,15,4158,California
San Joaquin,2020-12-26,103,4262,31,3977,72,285,0,0,103,4258,0,3,103,4261,California
San Joaquin,2020-12-27,44,4306,31,4008,13,298,0,0,44,4302,0,3,44,4305,California
San Joaquin,2020-12-28,626,4932,423,4431,203,501,0,0,626,4928,0,3,626,4931,California
San Joaquin,2020-12-29,791,5723,664,5095,127,628,0,0,791,5719,0,3,791,5722,California
San Joaquin,2020-12-30,1011,6734,718,5813,293,921,0,0,1009,6728,2,5,1011,6733,California
San Joaquin,2020-12-31,455,7189,203,6016,252,1173,0,0,455,7183,1,6,456,7189,California
San Joaquin,2021-01-01,23,7212,13,6029,10,1183,0,0,23,7206,0,6,23,7212,California
San Joaquin,2021-01-02,266,7478,243,6272,23,1206,0,0,266,7472,0,6,266,7478,California
San Joaquin,2021-01-03,38,7516,20,6292,18,1224,0,0,37,7508,1,7,37,7515,California
San Joaquin,2021-01-04,478,7994,339,6631,139,1363,0,0,475,7981,2,9,475,7990,California
San Joaquin,2021-01-05,982,8976,647,7278,335,1698,0,0,811,8658,171,180,848,8838,California
San Joaquin,2021-01-06,1225,10201,710,7988,515,2213,0,0,920,9282,300,480,924,9762,California
San Joaquin,2021-01-07,1084,11285,685,8673,399,2612,0,0,787,9776,294,774,788,10550,California
San Joaquin,2021-01-08,1203,12488,823,9496,380,2992,0,0,710,9998,492,1266,714,11264,California
San Joaquin,2021-01-09,379,12867,300,9796,79,3071,0,0,247,10114,132,1398,248,11512,California
San Joaquin,2021-01-10,224,13091,116,9912,108,3179,0,0,171,10233,52,1450,171,11683,California
San Joaquin,2021-01-11,1533,14624,1325,11237,208,3387,0,0,866,10501,666,2116,934,12617,California
San Joaquin,2021-01-12,1475,16099,1060,12297,415,3802,0,0,698,10497,773,2889,769,13386,California
San Joaquin,2021-01-13,1534,17633,900,13197,634,4436,0,0,957,10885,574,3463,962,14348,California
San Joaquin,2021-01-14,1752,19385,973,14170,779,5215,0,0,1408,11987,323,3786,1425,15773,California
San Joaquin,2021-01-15,1532,20917,546,14716,986,6201,0,0,1302,13091,215,4001,1319,17092,California
San Joaquin,2021-01-16,1130,22047,180,14896,950,7151,0,0,1099,14160,30,4031,1099,18191,California
San Joaquin,2021-01-17,1621,23668,135,15031,1486,8637,0,0,1580,15701,41,4072,1582,19773,California
San Joaquin,2021-01-18,740,24408,238,15269,502,9139,0,0,619,16203,117,4189,619,20392,California
San Joaquin,2021-01-19,1875,26283,900,16169,975,10114,0,0,1193,16727,677,4866,1201,21593,California
San Joaquin,2021-01-20,2089,28372,1285,17454,804,10918,0,0,1441,17533,641,5507,1447,23040,California
San Joaquin,2021-01-21,1976,30348,898,18352,1078,11996,0,0,1577,18726,392,5899,1585,24625,California
San Joaquin,2021-01-22,1952,32300,894,19246,1058,13054,0,0,1810,20401,137,6036,1812,26437,California
San Joaquin,2021-01-23,896,33196,396,19642,500,13554,0,0,611,20730,284,6320,613,27050,California
San Joaquin,2021-01-24,352,33548,135,19777,217,13771,0,0,329,21039,20,6340,329,27379,California
San Joaquin,2021-01-25,2000,35548,1146,20923,854,14625,0,0,1433,21910,564,6904,1435,28814,California
San Joaquin,2021-01-26,2158,37706,1115,22038,1043,15668,0,0,1545,22854,606,7510,1550,30364,California
San Joaquin,2021-01-27,1738,39444,770,22808,968,16636,0,0,1239,23606,494,8004,1246,31610,California
San Joaquin,2021-01-28,2041,41485,768,23576,1273,17909,0,0,1386,24349,651,8655,1394,33004,California
San Joaquin,2021-01-29,2160,43645,1048,24624,1112,19021,0,0,1809,25822,345,9000,1818,34822,California
San Joaquin,2021-01-30,2173,45818,354,24978,1819,20840,0,0,1995,27642,177,9177,1997,36819,California
San Joaquin,2021-01-31,1558,47376,180,25158,1378,22218,0,0,1493,29072,64,9241,1494,38313,California
San Joaquin,2021-02-01,2528,49904,1341,26499,1187,23405,0,0,1769,30085,759,10000,1772,40085,California
San Joaquin,2021-02-02,2586,52490,1154,27653,1432,24837,0,0,1975,31513,551,10551,1979,42064,California
San Joaquin,2021-02-03,3077,55567,1213,28866,1864,26701,0,0,2208,32865,862,11413,2214,44278,California
San Joaquin,2021-02-04,3544,59111,1816,30682,1728,28429,0,0,2647,34626,892,12305,2653,46931,California
San Joaquin,2021-02-05,3168,62279,1807,32489,1361,29790,0,0,2342,36165,816,13121,2355,49286,California
San Joaquin,2021-02-06,1086,63365,747,33236,339,30129,0,0,943,36969,140,13261,944,50230,California
San Joaquin,2021-02-07,620,63985,491,33727,129,30258,0,0,416,37187,199,13460,417,50647,California
San Joaquin,2021-02-08,1787,65772,1037,34764,750,31008,0,0,1445,38319,319,13779,1451,52098,California
San Joaquin,2021-02-09,2128,67900,1156,35920,972,31980,0,0,1583,39430,475,14254,1586,53684,California
San Joaquin,2021-02-10,2563,70463,1248,37168,1315,33295,0,0,1342,39574,1199,15453,1343,55027,California
San Joaquin,2021-02-11,2917,73380,1484,38652,1433,34728,0,0,1702,40100,1183,16636,1709,56736,California
San Joaquin,2021-02-12,2816,76196,1127,39779,1689,36417,0,0,1597,40504,1198,17834,1602,58338,California
San Joaquin,2021-02-13,2116,78312,396,40175,1720,38137,0,0,853,40114,1249,19083,859,59197,California
San Joaquin,2021-02-14,1903,80215,260,40435,1643,39780,0,0,691,39623,1183,20266,692,59889,California
San Joaquin,2021-02-15,1988,82203,834,41269,1154,40934,0,0,1194,40057,764,21030,1198,61087,California
San Joaquin,2021-02-16,3161,85364,1375,42644,1786,42720,0,0,1749,40420,1397,22427,1760,62847,California
San Joaquin,2021-02-17,3275,88639,1265,43909,2010,44730,0,0,1865,40892,1397,23824,1869,64716,California
San Joaquin,2021-02-18,3349,91988,1381,45290,1968,46698,0,0,1910,41403,1404,25228,1915,66631,California
San Joaquin,2021-02-19,4272,96260,2414,47704,1858,48556,0,0,2391,41968,1826,27054,2391,69022,California
San Joaquin,2021-02-20,1557,97817,662,48366,895,49451,0,0,1060,42532,496,27550,1060,70082,California
San Joaquin,2021-02-21,673,98490,509,48875,164,49615,0,0,422,42708,248,27798,424,70506,California
San Joaquin,2021-02-22,3548,102038,2503,51378,1045,50660,0,0,2534,44262,984,28782,2538,73044,California
San Joaquin,2021-02-23,4311,106349,2622,54000,1689,52349,0,0,2651,45287,1632,30414,2657,75701,California
San Joaquin,2021-02-24,5766,112115,3423,57423,2343,54692,0,0,4141,47832,1599,32013,4144,79845,California
San Joaquin,2021-02-25,6355,118470,3928,61351,2427,57119,0,0,4102,49731,2214,34227,4113,83958,California
San Joaquin,2021-02-26,5513,123983,2861,64212,2652,59771,0,0,3783,51824,1696,35923,3789,87747,California
San Joaquin,2021-02-27,5480,129463,1632,65844,3848,63619,0,0,2645,51701,2780,38703,2657,90404,California
San Joaquin,2021-02-28,3104,132567,1120,66964,1984,65603,0,0,2053,52730,1026,39729,2055,92459,California
San Joaquin,2021-03-01,4136,136703,1827,68791,2307,67910,2,2,2343,53309,1775,41504,2354,94813,California
San Joaquin,2021-03-02,4212,140915,1682,70473,2530,70440,0,2,2644,54463,1545,43049,2699,97512,California
San Joaquin,2021-03-03,5799,146714,3443,73916,2354,72794,2,4,4181,57051,1594,44643,4182,101694,California
San Joaquin,2021-03-04,5722,152436,2271,76187,3448,76242,3,7,3741,58830,1966,46609,3745,105439,California
San Joaquin,2021-03-05,4464,156900,1900,78087,2559,78801,5,12,3082,60555,1366,47975,3091,108530,California
San Joaquin,2021-03-06,3298,160198,2172,80259,996,79797,130,142,2717,62828,577,48552,2850,111380,California
San Joaquin,2021-03-07,1221,161419,563,80822,610,80407,48,190,936,63530,267,48819,969,112349,California
San Joaquin,2021-03-08,3153,164572,1263,82085,1765,82172,125,315,2140,64793,1001,49820,2264,114613,California
San Joaquin,2021-03-09,4033,168605,1829,83914,2073,84245,131,446,2674,66259,1344,51164,2810,117423,California
San Joaquin,2021-03-10,4643,173248,2467,86381,2036,86281,140,586,3416,68603,1212,52376,3556,120979,California
San Joaquin,2021-03-11,4955,178203,2358,88739,1997,88278,600,1186,2940,70144,2003,54379,3544,124523,California
San Joaquin,2021-03-12,6295,184498,3143,91882,2815,91093,337,1523,4162,72543,2107,56486,4506,129029,California
San Joaquin,2021-03-13,3068,187566,1458,93340,1485,92578,125,1648,2286,74187,774,57260,2418,131447,California
San Joaquin,2021-03-14,2166,189732,674,94014,1189,93767,303,1951,1027,74389,1132,58392,1334,132781,California
San Joaquin,2021-03-15,6079,195811,3500,97514,2175,95942,404,2355,3176,75112,2870,61262,3593,136374,California
San Joaquin,2021-03-16,6858,202669,3903,101417,2698,98640,257,2612,4041,76621,2794,64056,4303,140677,California
San Joaquin,2021-03-17,7810,210479,4679,106096,3061,101701,70,2682,4340,77609,3431,67487,4419,145096,California
San Joaquin,2021-03-18,7640,218119,4495,110591,2640,104341,505,3187,3762,78050,3834,71321,4275,149371,California
San Joaquin,2021-03-19,7946,226065,4658,115249,2744,107085,544,3731,4808,80335,3114,74435,5399,154770,California
San Joaquin,2021-03-20,3687,229752,2127,117376,1317,108402,243,3974,1831,80582,1839,76274,2086,156856,California
San Joaquin,2021-03-21,2120,231872,1505,118881,408,108810,207,4181,1184,81093,924,77198,1435,158291,California
San Joaquin,2021-03-22,3981,235853,2042,120923,1523,110333,416,4597,2348,82247,1616,78814,2770,161061,California
San Joaquin,2021-03-23,5388,241241,2645,123568,2575,112908,168,4765,3712,84479,1655,80469,3887,164948,California
San Joaquin,2021-03-24,6846,248087,4249,127817,2511,115419,86,4851,3021,83807,3787,84256,3115,168063,California
San Joaquin,2021-03-25,5569,253656,3308,131125,2217,117636,44,4895,3299,84909,2248,86504,3350,171413,California
San Joaquin,2021-03-26,6185,259841,2562,133687,3472,121108,151,5046,3233,85385,2926,89430,3402,174815,California
San Joaquin,2021-03-27,4671,264512,2624,136311,1974,123082,73,5119,1807,84435,2841,92271,1891,176706,California
San Joaquin,2021-03-28,2730,267242,1808,138119,897,123979,25,5144,1292,84415,1418,93689,1398,178104,California
San Joaquin,2021-03-29,4045,271287,2185,140304,1838,125817,22,5166,2020,84463,2009,95698,2057,180161,California
San Joaquin,2021-03-30,6233,277520,3175,143479,2965,128782,93,5259,3436,85243,2768,98466,3548,183709,California
San Joaquin,2021-03-31,6599,284119,4152,147631,2387,131169,60,5319,3342,85430,3239,101705,3426,187135,California
San Joaquin,2021-04-01,6427,290546,2986,150617,3354,134523,87,5406,2840,84851,3564,105269,2985,190120,California
San Joaquin,2021-04-02,6345,296891,2882,153499,2970,137493,493,5899,2532,84119,3788,109057,3056,193176,California
San Joaquin,2021-04-03,4145,301036,2337,155836,1483,138976,325,6224,2001,84329,2128,111185,2338,195514,California
San Joaquin,2021-04-04,2288,303324,1366,157202,718,139694,204,6428,1551,85373,728,111913,1772,197286,California
San Joaquin,2021-04-05,4779,308103,2833,160035,1711,141405,235,6663,2637,86124,2131,114044,2882,200168,California
San Joaquin,2021-04-06,7060,315163,4541,164576,2251,143656,268,6931,3339,86055,3692,117736,3623,203791,California
San Joaquin,2021-04-07,8331,323494,4529,169105,2216,145872,1586,8517,3501,86341,4814,122550,5100,208891,California
San Joaquin,2021-04-08,8758,332252,4703,173808,1938,147810,2117,10634,3312,86351,5419,127969,5429,214320,California
San Joaquin,2021-04-09,8882,341134,4280,178088,3039,150849,1563,12197,3218,85509,5641,133610,4799,219119,California
San Joaquin,2021-04-10,5221,346355,1629,179717,1683,152532,1909,14106,1761,85729,3448,137058,3668,222787,California
San Joaquin,2021-04-11,4084,350439,1555,181272,1363,153895,1166,15272,1771,86358,2303,139361,2932,225719,California
San Joaquin,2021-04-12,5988,356427,2387,183659,2061,155956,1540,16812,2338,86614,3629,142990,3885,229604,California
San Joaquin,2021-04-13,7472,363899,4298,187957,3167,159123,7,16819,4580,88340,2869,145859,4595,234199,California
San Joaquin,2021-04-14,7475,371374,3735,191692,3739,162862,1,16820,4471,89838,2986,148845,4484,238683,California
San Joaquin,2021-04-15,7822,379196,4616,196308,3206,166068,0,16820,4372,90801,3417,152262,4380,243063,California
San Joaquin,2021-04-16,7641,386837,4080,200388,3558,169626,3,16823,4575,92351,3039,155301,4589,247652,California
San Joaquin,2021-04-17,5163,392000,2788,203176,2373,171999,2,16825,3666,94551,1486,156787,3686,251338,California
San Joaquin,2021-04-18,2474,394474,1374,204550,1100,173099,0,16825,1315,94729,1145,157932,1323,252661,California
San Joaquin,2021-04-19,5189,399663,2804,207354,2385,175484,0,16825,2770,95115,2394,160326,2780,255441,California
San Joaquin,2021-04-20,6238,405901,3291,210645,2947,178431,0,16825,2956,94825,3256,163582,2966,258407,California
San Joaquin,2021-04-21,5652,411553,3129,213774,2523,180954,0,16825,2924,95078,2679,166261,2932,261339,California
San Joaquin,2021-04-22,5304,416857,3140,216914,2162,183116,2,16827,3066,95951,2212,168473,3085,264424,California
San Joaquin,2021-04-23,5915,422772,2840,219754,3074,186190,1,16828,3752,97568,2142,170615,3759,268183,California
San Joaquin,2021-04-24,5245,428017,3614,223368,1630,187820,1,16829,3416,99188,1804,172419,3424,271607,California
San Joaquin,2021-04-25,3057,431074,2573,225941,484,188304,0,16829,2026,100210,1011,173430,2033,273640,California
San Joaquin,2021-04-26,3955,435029,2612,228553,1339,189643,4,16833,2083,100443,1860,175290,2093,275733,California
San Joaquin,2021-04-27,4570,439599,2640,231193,1876,191519,54,16887,1945,99846,2603,177893,2006,277739,California
San Joaquin,2021-04-28,5566,445165,3350,234543,2141,193660,75,16962,2762,99917,2776,180669,2847,280586,California
San Joaquin,2021-04-29,4906,450071,2873,237416,1977,195637,56,17018,2513,100127,2371,183040,2581,283167,California
San Joaquin,2021-04-30,4969,455040,2425,239841,2477,198114,67,17085,2576,100403,2377,185417,2653,285820,California
San Joaquin,2021-05-01,3342,458382,1911,241752,1372,199486,59,17144,2130,101402,1204,186621,2203,288023,California
San Joaquin,2021-05-02,2300,460682,1600,243352,644,200130,56,17200,1173,101509,1123,187744,1230,289253,California
San Joaquin,2021-05-03,3324,464006,2254,245606,996,201126,74,17274,1403,101088,1905,189649,1484,290737,California
San Joaquin,2021-05-04,4842,468848,3298,248904,1388,202514,156,17430,1782,99998,3039,192688,1949,292686,California
San Joaquin,2021-05-05,4928,473776,3370,252274,1396,203910,162,17592,2139,99545,2762,195450,2309,294995,California
San Joaquin,2021-05-06,4630,478406,3095,255369,1407,205317,128,17720,2034,99138,2579,198029,2172,297167,California
San Joaquin,2021-05-07,5078,483484,2946,258315,1980,207297,152,17872,1885,98013,3171,201200,2046,299213,California
San Joaquin,2021-05-08,3270,486754,2104,260419,1065,208362,101,17973,1207,97282,2048,203248,1317,300530,California
San Joaquin,2021-05-09,1486,488240,849,261268,567,208929,70,18043,596,97067,887,204135,672,301202,California
San Joaquin,2021-05-10,2809,491049,1475,262743,1209,210138,125,18168,927,96256,1868,206003,1057,302259,California
San Joaquin,2021-05-11,4084,495133,2161,264904,1807,211945,116,18284,1302,94936,2766,208769,1446,303705,California
San Joaquin,2021-05-12,4096,499229,1895,266799,2086,214031,115,18399,1300,93582,2782,211551,1428,305133,California
San Joaquin,2021-05-13,4270,503499,2406,269205,1780,215811,84,18483,1579,92581,2677,214228,1676,306809,California
San Joaquin,2021-05-14,5719,509218,3403,272608,2208,218019,108,18591,2404,91812,3289,217517,2520,309329,California
San Joaquin,2021-05-15,5219,514437,3096,275704,2044,220063,79,18670,1632,89972,3555,221072,1715,311044,California
San Joaquin,2021-05-16,3535,517972,2760,278464,726,220789,49,18719,1428,89363,2095,223167,1486,312530,California
San Joaquin,2021-05-17,4110,522082,2456,280920,1557,222346,97,18816,1791,88956,2304,225471,1897,314427,California
San Joaquin,2021-05-18,3930,526012,2266,283186,1545,223891,119,18935,1880,88928,2033,227504,2005,316432,California
San Joaquin,2021-05-19,4718,530730,2733,285919,1853,225744,132,19067,2077,88537,2610,230114,2219,318651,California
San Joaquin,2021-05-20,3500,534230,2156,288075,1258,227002,86,19153,1587,88315,1895,232009,1673,320324,California
San Joaquin,2021-05-21,4428,538658,2656,290731,1667,228669,105,19258,2077,88182,2322,234331,2189,322513,California
San Joaquin,2021-05-22,3520,542178,2253,292984,1190,229859,77,19335,1624,88006,1882,236213,1706,324219,California
San Joaquin,2021-05-23,2090,544268,1804,294788,252,230111,34,19369,1296,88548,789,237002,1331,325550,California
San Joaquin,2021-05-24,2933,547201,1678,296466,1164,231275,91,19460,1395,88517,1521,238523,1490,327040,California
San Joaquin,2021-05-25,3028,550229,1915,298381,1014,232289,99,19559,1474,88555,1534,240057,1572,328612,California
San Joaquin,2021-05-26,3141,553370,1665,300046,1401,233690,75,19634,1333,88171,1797,241854,1413,330025,California
San Joaquin,2021-05-27,2883,556253,1472,301518,1333,235023,78,19712,1131,87644,1739,243593,1212,331237,California
San Joaquin,2021-05-28,3010,559263,1588,303106,1334,236357,88,19800,1396,87547,1592,245185,1495,332732,California
San Joaquin,2021-05-29,2111,561374,1157,304263,918,237275,36,19836,948,87376,1160,246345,989,333721,California
San Joaquin,2021-05-30,960,562334,507,304770,427,237702,26,19862,398,87246,557,246902,427,334148,California
San Joaquin,2021-05-31,618,562952,258,305028,353,238055,7,19869,237,87114,377,247279,245,334393,California
San Joaquin,2021-06-01,2383,565335,1458,306486,837,238892,88,19957,1170,87175,1203,248482,1264,335657,California
San Joaquin,2021-06-02,2600,567935,1524,308010,1029,239921,47,20004,1168,86975,1418,249900,1218,336875,California
San Joaquin,2021-06-03,1683,569618,1078,309088,558,240479,47,20051,718,86784,960,250860,769,337644,California
San Joaquin,2021-06-04,490,570108,259,309347,216,240695,15,20066,241,86793,249,251109,258,337902,California
San Joaquin,2021-06-05,191,570299,152,309499,31,240726,8,20074,104,86824,86,251195,117,338019,California
San Luis Obispo,2020-12-16,4,4,4,4,0,0,0,0,4,4,0,0,4,4,California
San Luis Obispo,2020-12-17,196,200,196,200,0,0,0,0,196,200,0,0,196,200,California
San Luis Obispo,2020-12-18,224,424,224,424,0,0,0,0,224,424,0,0,224,424,California
San Luis Obispo,2020-12-19,164,588,164,588,0,0,0,0,164,588,0,0,164,588,California
San Luis Obispo,2020-12-20,215,803,215,803,0,0,0,0,215,803,0,0,215,803,California
San Luis Obispo,2020-12-21,550,1353,549,1352,1,1,0,0,550,1353,0,0,550,1353,California
San Luis Obispo,2020-12-22,311,1664,307,1659,4,5,0,0,311,1664,0,0,311,1664,California
San Luis Obispo,2020-12-23,682,2346,368,2027,314,319,0,0,682,2346,0,0,682,2346,California
San Luis Obispo,2020-12-24,194,2540,19,2046,175,494,0,0,194,2540,0,0,194,2540,California
San Luis Obispo,2020-12-25,2,2542,1,2047,1,495,0,0,2,2542,0,0,2,2542,California
San Luis Obispo,2020-12-26,90,2632,13,2060,77,572,0,0,90,2632,0,0,90,2632,California
San Luis Obispo,2020-12-27,76,2708,0,2060,76,648,0,0,76,2708,0,0,76,2708,California
San Luis Obispo,2020-12-28,879,3587,429,2489,450,1098,0,0,879,3587,0,0,879,3587,California
San Luis Obispo,2020-12-29,903,4490,503,2992,400,1498,0,0,903,4490,0,0,903,4490,California
San Luis Obispo,2020-12-30,1171,5661,679,3671,492,1990,0,0,1171,5661,0,0,1171,5661,California
San Luis Obispo,2020-12-31,107,5768,4,3675,103,2093,0,0,107,5768,0,0,107,5768,California
San Luis Obispo,2021-01-01,14,5782,9,3684,5,2098,0,0,14,5782,0,0,14,5782,California
San Luis Obispo,2021-01-02,34,5816,8,3692,26,2124,0,0,34,5816,0,0,34,5816,California
San Luis Obispo,2021-01-03,17,5833,6,3698,11,2135,0,0,17,5833,0,0,17,5833,California
San Luis Obispo,2021-01-04,681,6514,524,4222,157,2292,0,0,681,6514,0,0,681,6514,California
San Luis Obispo,2021-01-05,973,7487,752,4974,221,2513,0,0,971,7483,2,2,971,7485,California
San Luis Obispo,2021-01-06,725,8212,479,5453,246,2759,0,0,717,8193,7,9,717,8202,California
San Luis Obispo,2021-01-07,1127,9339,949,6402,178,2937,0,0,684,8434,443,452,684,8886,California
San Luis Obispo,2021-01-08,880,10219,802,7204,78,3015,0,0,511,8577,368,820,511,9397,California
San Luis Obispo,2021-01-09,206,10425,196,7400,10,3025,0,0,28,8427,178,998,28,9425,California
San Luis Obispo,2021-01-10,12,10437,8,7408,4,3029,0,0,8,8431,4,1002,8,9433,California
San Luis Obispo,2021-01-11,560,10997,509,7917,51,3080,0,0,298,8468,261,1263,298,9731,California
San Luis Obispo,2021-01-12,598,11595,382,8299,216,3296,0,0,318,8506,280,1543,318,10049,California
San Luis Obispo,2021-01-13,890,12485,260,8559,630,3926,0,0,651,8920,237,1780,651,10700,California
San Luis Obispo,2021-01-14,725,13210,238,8797,487,4413,0,0,603,9410,113,1893,603,11303,California
San Luis Obispo,2021-01-15,734,13944,292,9089,442,4855,0,0,555,9791,174,2067,555,11858,California
San Luis Obispo,2021-01-16,100,14044,81,9170,19,4874,0,0,94,9879,6,2073,94,11952,California
San Luis Obispo,2021-01-17,65,14109,58,9228,7,4881,0,0,65,9944,0,2073,65,12017,California
San Luis Obispo,2021-01-18,1371,15480,388,9616,983,5864,0,0,1108,10789,263,2336,1108,13125,California
San Luis Obispo,2021-01-19,1578,17058,415,10031,1163,7027,0,0,1171,11554,407,2743,1172,14297,California
San Luis Obispo,2021-01-20,1887,18945,598,10629,1289,8316,0,0,1296,12262,589,3332,1297,15594,California
San Luis Obispo,2021-01-21,1576,20521,469,11098,1107,9423,0,0,1204,13099,368,3700,1205,16799,California
San Luis Obispo,2021-01-22,1517,22038,503,11601,1014,10437,0,0,1202,13988,313,4013,1202,18001,California
San Luis Obispo,2021-01-23,314,22352,295,11896,19,10456,0,0,298,14270,16,4029,298,18299,California
San Luis Obispo,2021-01-24,248,22600,240,12136,8,10464,0,0,242,14506,6,4035,242,18541,California
San Luis Obispo,2021-01-25,2077,24677,601,12737,1476,11940,0,0,1248,14925,829,4864,1248,19789,California
San Luis Obispo,2021-01-26,2001,26678,698,13435,1303,13243,0,0,1140,15204,861,5725,1140,20929,California
San Luis Obispo,2021-01-27,1612,28290,286,13721,1326,14569,0,0,1155,15902,457,6182,1155,22084,California
San Luis Obispo,2021-01-28,1499,29789,344,14065,1155,15724,0,0,1236,16877,261,6443,1236,23320,California
San Luis Obispo,2021-01-29,1740,31529,682,14747,1058,16782,0,0,1454,18045,286,6729,1454,24774,California
San Luis Obispo,2021-01-30,36,31565,18,14765,18,16800,0,0,25,18060,10,6739,25,24799,California
San Luis Obispo,2021-01-31,27,31592,19,14784,8,16808,0,0,25,18083,2,6741,25,24824,California
San Luis Obispo,2021-02-01,1710,33302,742,15526,968,17776,0,0,1406,19186,303,7044,1406,26230,California
San Luis Obispo,2021-02-02,1898,35200,679,16205,1219,18995,0,0,1521,20331,377,7421,1522,27752,California
San Luis Obispo,2021-02-03,1713,36913,730,16935,983,19978,0,0,1297,21212,416,7837,1297,29049,California
San Luis Obispo,2021-02-04,1661,38574,803,17738,858,20836,0,0,1094,21739,567,8404,1094,30143,California
San Luis Obispo,2021-02-05,1605,40179,715,18453,890,21726,0,0,1060,22254,546,8950,1061,31204,California
San Luis Obispo,2021-02-06,174,40353,107,18560,67,21793,0,0,94,22268,80,9030,94,31298,California
San Luis Obispo,2021-02-07,125,40478,80,18640,45,21838,0,0,72,22288,53,9083,73,31371,California
San Luis Obispo,2021-02-08,857,41335,470,19110,387,22225,0,0,500,22432,356,9439,500,31871,California
San Luis Obispo,2021-02-09,1127,42462,449,19559,678,22903,0,0,544,22406,577,10016,551,32422,California
San Luis Obispo,2021-02-10,1445,43907,492,20051,953,23856,0,0,529,22024,914,10930,532,32954,California
San Luis Obispo,2021-02-11,1330,45237,844,20895,486,24342,0,0,656,22008,672,11602,656,33610,California
San Luis Obispo,2021-02-12,788,46025,363,21258,425,24767,0,0,422,22064,366,11968,422,34032,California
San Luis Obispo,2021-02-13,391,46416,127,21385,264,25031,0,0,283,22240,107,12075,283,34315,California
San Luis Obispo,2021-02-14,318,46734,41,21426,277,25308,0,0,282,22487,36,12111,283,34598,California
San Luis Obispo,2021-02-15,729,47463,138,21564,591,25899,0,0,474,22707,254,12365,474,35072,California
San Luis Obispo,2021-02-16,2965,50428,1197,22761,1768,27667,0,0,1358,22458,1607,13972,1358,36430,California
San Luis Obispo,2021-02-17,2780,53208,1244,24005,1536,29203,0,0,1029,21743,1744,15716,1029,37459,California
San Luis Obispo,2021-02-18,2827,56035,1461,25466,1366,30569,0,0,1135,21195,1684,17400,1136,38595,California
San Luis Obispo,2021-02-19,1463,57498,1342,26808,121,30690,0,0,1136,22006,325,17725,1136,39731,California
San Luis Obispo,2021-02-20,254,57752,80,26888,174,30864,0,0,215,22182,39,17764,215,39946,California
San Luis Obispo,2021-02-21,57,57809,53,26941,4,30868,0,0,32,22189,25,17789,32,39978,California
San Luis Obispo,2021-02-22,2417,60226,1868,28809,549,31417,0,0,1468,22709,949,18738,1469,41447,California
San Luis Obispo,2021-02-23,1863,62089,1748,30557,115,31532,0,0,1367,23582,495,19233,1368,42815,California
San Luis Obispo,2021-02-24,2643,64732,1299,31856,1344,32876,0,0,836,22614,1804,21037,836,43651,California
San Luis Obispo,2021-02-25,2136,66868,1244,33100,892,33768,0,0,1207,22899,923,21960,1208,44859,California
San Luis Obispo,2021-02-26,2649,69517,1150,34250,1499,35267,0,0,1326,22911,1314,23274,1326,46185,California
San Luis Obispo,2021-02-27,576,70093,350,34600,226,35493,0,0,527,23389,49,23323,527,46712,California
San Luis Obispo,2021-02-28,196,70289,69,34669,127,35620,0,0,161,23516,34,23357,161,46873,California
San Luis Obispo,2021-03-01,3005,73294,1881,36550,1122,36742,2,2,2075,24663,931,24288,2078,48951,California
San Luis Obispo,2021-03-02,3029,76323,1910,38460,1119,37861,0,2,1875,25390,1149,25437,1876,50827,California
San Luis Obispo,2021-03-03,2346,78669,338,38798,2008,39869,0,2,849,24749,1491,26928,850,51677,California
San Luis Obispo,2021-03-04,2199,80868,1161,39959,1038,40907,0,2,1183,24921,1013,27941,1185,52862,California
San Luis Obispo,2021-03-05,2302,83170,1022,40981,1210,42117,70,72,1298,25299,990,28931,1368,54230,California
San Luis Obispo,2021-03-06,842,84012,311,41292,423,42540,108,180,621,25801,221,29152,723,54953,California
San Luis Obispo,2021-03-07,201,84213,32,41324,85,42625,84,264,73,25831,127,29279,157,55110,California
San Luis Obispo,2021-03-08,2742,86955,760,42084,1666,44291,316,580,1546,26502,1191,30470,1862,56972,California
San Luis Obispo,2021-03-09,2950,89905,968,43052,1734,46025,248,828,1524,26852,1422,31892,1772,58744,California
San Luis Obispo,2021-03-10,3198,93103,1239,44291,1675,47700,284,1112,1814,27571,1379,33271,2098,60842,California
San Luis Obispo,2021-03-11,3297,96400,1273,45564,1702,49402,322,1434,1805,28215,1482,34753,2126,62968,California
San Luis Obispo,2021-03-12,3250,99650,1283,46847,1628,51030,339,1773,1616,28545,1628,36381,1958,64926,California
San Luis Obispo,2021-03-13,796,100446,262,47109,426,51456,108,1881,431,28719,364,36745,538,65464,California
San Luis Obispo,2021-03-14,513,100959,53,47162,350,51806,110,1991,134,28585,378,37123,244,65708,California
San Luis Obispo,2021-03-15,3058,104017,1098,48260,1862,53668,98,2089,1530,28690,1524,38647,1629,67337,California
San Luis Obispo,2021-03-16,2852,106869,1511,49771,1231,54899,110,2199,1436,28825,1410,40057,1545,68882,California
San Luis Obispo,2021-03-17,3436,110305,1449,51220,1726,56625,261,2460,1991,29643,1433,41490,2251,71133,California
San Luis Obispo,2021-03-18,2812,113117,1447,52667,1151,57776,214,2674,1339,29727,1468,42958,1552,72685,California
San Luis Obispo,2021-03-19,2595,115712,1568,54235,705,58481,322,2996,960,29384,1627,44585,1284,73969,California
San Luis Obispo,2021-03-20,841,116553,501,54736,303,58784,37,3033,387,29355,453,45038,424,74393,California
San Luis Obispo,2021-03-21,188,116741,45,54781,140,58924,3,3036,158,29487,29,45067,161,74554,California
San Luis Obispo,2021-03-22,2699,119440,1173,55954,1478,60402,48,3084,1865,30570,830,45897,1913,76467,California
San Luis Obispo,2021-03-23,3384,122824,2211,58165,1142,61544,31,3115,2267,31756,1112,47009,2298,78765,California
San Luis Obispo,2021-03-24,3528,126352,2146,60311,1297,62841,85,3200,2624,33567,897,47906,2708,81473,California
San Luis Obispo,2021-03-25,3691,130043,2304,62615,1375,64216,12,3212,2641,35173,1046,48952,2652,84125,California
San Luis Obispo,2021-03-26,3240,133283,1795,64410,1012,65228,433,3645,1811,35993,1424,50376,2244,86369,California
San Luis Obispo,2021-03-27,994,134277,508,64918,395,65623,91,3736,452,35996,540,50916,543,86912,California
San Luis Obispo,2021-03-28,446,134723,152,65070,238,65861,56,3792,245,36097,200,51116,301,87213,California
San Luis Obispo,2021-03-29,2602,137325,1300,66370,1168,67029,134,3926,1658,36959,930,52046,1792,89005,California
San Luis Obispo,2021-03-30,3521,140846,1929,68299,1450,68479,142,4068,2345,38275,1169,53215,2485,91490,California
San Luis Obispo,2021-03-31,3887,144733,2474,70773,1267,69746,146,4214,2508,39560,1368,54583,2653,94143,California
San Luis Obispo,2021-04-01,3886,148619,2460,73233,1307,71053,119,4333,2716,41236,1157,55740,2833,96976,California
San Luis Obispo,2021-04-02,1752,150371,689,73922,750,71803,313,4646,951,41699,799,56539,1262,98238,California
San Luis Obispo,2021-04-03,1113,151484,558,74480,428,72231,127,4773,494,41705,615,57154,621,98859,California
San Luis Obispo,2021-04-04,387,151871,133,74613,214,72445,40,4813,238,41834,149,57303,278,99137,California
San Luis Obispo,2021-04-05,3614,155485,1943,76556,1560,74005,111,4924,2018,42369,1592,58895,2127,101264,California
San Luis Obispo,2021-04-06,4058,159543,2162,78718,1572,75577,324,5248,1941,42524,2109,61004,2264,103528,California
San Luis Obispo,2021-04-07,4307,163850,2344,81062,1597,77174,366,5614,2460,43515,1832,62836,2823,106351,California
San Luis Obispo,2021-04-08,4057,167907,2210,83272,1441,78615,406,6020,2160,44192,1889,64725,2566,108917,California
San Luis Obispo,2021-04-09,3682,171589,1750,85022,1171,79786,761,6781,1506,44291,2165,66890,2264,111181,California
San Luis Obispo,2021-04-10,1589,173178,565,85587,356,80142,668,7449,495,44359,1094,67984,1162,112343,California
San Luis Obispo,2021-04-11,314,173492,62,85649,187,80329,65,7514,125,44362,187,68171,190,112533,California
San Luis Obispo,2021-04-12,3404,176896,1713,87362,1529,81858,162,7676,1420,43960,1984,70155,1582,114115,California
San Luis Obispo,2021-04-13,3657,180553,2112,89474,1544,83402,1,7677,1970,44248,1684,71839,1972,116087,California
San Luis Obispo,2021-04-14,3548,184101,2011,91485,1532,84934,5,7682,1774,44264,1759,73598,1775,117862,California
San Luis Obispo,2021-04-15,3679,187780,2396,93881,1282,86216,1,7683,1979,44563,1682,75280,1981,119843,California
San Luis Obispo,2021-04-16,3631,191411,2214,96095,1413,87629,4,7687,1780,44500,1845,77125,1782,121625,California
San Luis Obispo,2021-04-17,1095,192506,433,96528,660,88289,2,7689,709,44826,385,77510,711,122336,California
San Luis Obispo,2021-04-18,320,192826,98,96626,221,88510,1,7690,110,44729,207,77717,110,122446,California
San Luis Obispo,2021-04-19,3190,196016,1346,97972,1806,90316,38,7728,1117,43816,2069,79786,1156,123602,California
San Luis Obispo,2021-04-20,3617,199633,2011,99983,1606,91922,0,7728,1336,42880,2272,82058,1336,124938,California
San Luis Obispo,2021-04-21,3925,203558,1809,101792,2116,94038,0,7728,1588,42151,2317,84375,1588,126526,California
San Luis Obispo,2021-04-22,4588,208146,2060,103852,2528,96566,0,7728,1427,40435,3145,87520,1429,127955,California
San Luis Obispo,2021-04-23,1462,209608,845,104697,613,97179,4,7732,704,40397,753,88273,715,128670,California
San Luis Obispo,2021-04-24,1083,210691,440,105137,624,97803,19,7751,508,40342,582,88855,527,129197,California
San Luis Obispo,2021-04-25,346,211037,162,105299,184,97987,0,7751,111,40220,233,89088,111,129308,California
San Luis Obispo,2021-04-26,1001,212038,359,105658,625,98612,17,7768,371,39989,618,89706,387,129695,California
San Luis Obispo,2021-04-27,3850,215888,1962,107620,1814,100426,74,7842,1512,39244,2330,92036,1585,131280,California
San Luis Obispo,2021-04-28,3803,219691,2101,109721,1631,102057,71,7913,1350,38225,2440,94476,1421,132701,California
San Luis Obispo,2021-04-29,3702,223393,2117,111838,1516,103573,69,7982,1240,37088,2447,96923,1310,134011,California
San Luis Obispo,2021-04-30,2977,226370,1665,113503,1238,104811,74,8056,926,36053,2033,98956,998,135009,California
San Luis Obispo,2021-05-01,468,226838,158,113661,274,105085,36,8092,97,35818,367,99323,132,135141,California
San Luis Obispo,2021-05-02,171,227009,52,113713,99,105184,20,8112,42,35751,129,99452,62,135203,California
San Luis Obispo,2021-05-03,884,227893,288,114001,494,105678,102,8214,224,35416,659,100111,324,135527,California
San Luis Obispo,2021-05-04,2931,230824,1902,115903,966,106644,63,8277,868,34289,2056,102167,929,136456,California
San Luis Obispo,2021-05-05,2804,233628,1851,117754,887,107531,66,8343,686,32935,2107,104274,753,137209,California
San Luis Obispo,2021-05-06,2812,236440,1892,119646,860,108391,60,8403,731,31662,2064,106338,791,138000,California
San Luis Obispo,2021-05-07,2322,238762,1760,121406,501,108892,61,8464,607,30638,1693,108031,669,138669,California
San Luis Obispo,2021-05-08,567,239329,333,121739,210,109102,24,8488,191,30495,358,108389,215,138884,California
San Luis Obispo,2021-05-09,163,239492,40,121779,104,109206,19,8507,46,30444,116,108505,65,138949,California
San Luis Obispo,2021-05-10,723,240215,154,121933,521,109727,48,8555,154,30081,564,109069,201,139150,California
San Luis Obispo,2021-05-11,1164,241379,593,122526,501,110228,70,8625,355,29702,804,109873,425,139575,California
San Luis Obispo,2021-05-12,2377,243756,1590,124116,705,110933,82,8707,659,28740,1703,111576,741,140316,California
San Luis Obispo,2021-05-13,1041,244797,651,124767,331,111264,59,8766,445,28651,592,112168,503,140819,California
San Luis Obispo,2021-05-14,2209,247006,1624,126391,541,111805,44,8810,913,28329,1279,113447,957,141776,California
San Luis Obispo,2021-05-15,991,247997,458,126849,499,112304,34,8844,468,28311,521,113968,503,142279,California
San Luis Obispo,2021-05-16,302,248299,162,127011,134,112438,6,8850,171,28358,130,114098,177,142456,California
San Luis Obispo,2021-05-17,1662,249961,965,127976,645,113083,52,8902,663,28083,990,115088,715,143171,California
San Luis Obispo,2021-05-18,1885,251846,1149,129125,704,113787,32,8934,718,27673,1161,116249,751,143922,California
San Luis Obispo,2021-05-19,1449,253295,624,129749,763,114550,62,8996,411,27113,1032,117281,472,144394,California
San Luis Obispo,2021-05-20,969,254264,441,130190,498,115048,30,9026,273,26731,685,117966,303,144697,California
San Luis Obispo,2021-05-21,887,255151,506,130696,343,115391,38,9064,428,26746,451,118417,466,145163,California
San Luis Obispo,2021-05-22,541,255692,292,130988,226,115617,23,9087,292,26818,243,118660,315,145478,California
San Luis Obispo,2021-05-23,71,255763,38,131026,27,115644,6,9093,29,26811,42,118702,35,145513,California
San Luis Obispo,2021-05-24,565,256328,266,131292,265,115909,34,9127,216,26714,347,119049,250,145763,California
San Luis Obispo,2021-05-25,872,257200,431,131723,414,116323,27,9154,355,26587,509,119558,382,146145,California
San Luis Obispo,2021-05-26,2138,259338,987,132710,1096,117419,55,9209,672,25852,1461,121019,726,146871,California
San Luis Obispo,2021-05-27,1872,261210,660,133370,1179,118598,33,9242,482,24981,1385,122404,514,147385,California
San Luis Obispo,2021-05-28,882,262092,451,133821,410,119008,21,9263,465,25051,416,122820,486,147871,California
San Luis Obispo,2021-05-29,374,262466,150,133971,213,119221,11,9274,211,25112,162,122982,223,148094,California
San Luis Obispo,2021-05-30,89,262555,36,134007,45,119266,8,9282,34,25099,54,123036,41,148135,California
San Luis Obispo,2021-05-31,43,262598,5,134012,24,119290,14,9296,16,25103,25,123061,29,148164,California
San Luis Obispo,2021-06-01,752,263350,327,134339,394,119684,31,9327,272,24930,476,123537,303,148467,California
San Luis Obispo,2021-06-02,632,263982,288,134627,306,119990,38,9365,193,24728,433,123970,231,148698,California
San Luis Obispo,2021-06-03,897,264879,439,135066,425,120415,33,9398,254,24375,640,124610,287,148985,California
San Luis Obispo,2021-06-04,2393,267272,1469,136535,884,121299,40,9438,670,23373,1710,126320,708,149693,California
San Luis Obispo,2021-06-05,249,267521,13,136548,225,121524,11,9449,185,23505,64,126384,196,149889,California
San Mateo,2020-12-15,26,26,26,26,0,0,0,0,26,26,0,0,26,26,California
San Mateo,2020-12-16,111,137,111,137,0,0,0,0,111,137,0,0,111,137,California
San Mateo,2020-12-17,171,308,171,308,0,0,0,0,171,308,0,0,171,308,California
San Mateo,2020-12-18,785,1093,783,1091,2,2,0,0,785,1093,0,0,785,1093,California
San Mateo,2020-12-19,510,1603,510,1601,0,2,0,0,510,1603,0,0,510,1603,California
San Mateo,2020-12-20,506,2109,505,2106,1,3,0,0,506,2109,0,0,506,2109,California
San Mateo,2020-12-21,1149,3258,1149,3255,0,3,0,0,1149,3258,0,0,1149,3258,California
San Mateo,2020-12-22,1521,4779,1513,4768,8,11,0,0,1521,4779,0,0,1521,4779,California
San Mateo,2020-12-23,1575,6354,1386,6154,189,200,0,0,1575,6354,0,0,1575,6354,California
San Mateo,2020-12-24,863,7217,611,6765,252,452,0,0,863,7217,0,0,863,7217,California
San Mateo,2020-12-25,115,7332,111,6876,4,456,0,0,115,7332,0,0,115,7332,California
San Mateo,2020-12-26,563,7895,421,7297,142,598,0,0,563,7895,0,0,563,7895,California
San Mateo,2020-12-27,307,8202,176,7473,131,729,0,0,307,8202,0,0,307,8202,California
San Mateo,2020-12-28,1055,9257,710,8183,345,1074,0,0,1055,9257,0,0,1055,9257,California
San Mateo,2020-12-29,1124,10381,703,8886,421,1495,0,0,1124,10381,0,0,1124,10381,California
San Mateo,2020-12-30,1254,11635,756,9642,498,1993,0,0,1254,11635,0,0,1254,11635,California
San Mateo,2020-12-31,709,12344,229,9871,480,2473,0,0,708,12342,1,1,708,12343,California
San Mateo,2021-01-01,95,12439,65,9936,30,2503,0,0,95,12437,0,1,95,12438,California
San Mateo,2021-01-02,393,12832,265,10201,128,2631,0,0,393,12830,0,1,393,12831,California
San Mateo,2021-01-03,285,13117,209,10410,76,2707,0,0,282,13109,3,4,282,13113,California
San Mateo,2021-01-04,1045,14162,673,11083,372,3079,0,0,1044,14152,1,5,1044,14157,California
San Mateo,2021-01-05,1214,15376,715,11798,499,3578,0,0,1182,15303,32,37,1183,15340,California
San Mateo,2021-01-06,1456,16832,958,12756,498,4076,0,0,1263,16377,190,227,1264,16604,California
San Mateo,2021-01-07,1455,18287,813,13569,642,4718,0,0,1149,17228,299,526,1150,17754,California
San Mateo,2021-01-08,1844,20131,1197,14766,647,5365,0,0,1134,17658,704,1230,1134,18888,California
San Mateo,2021-01-09,1161,21292,766,15532,395,5760,0,0,708,17913,453,1683,708,19596,California
San Mateo,2021-01-10,706,21998,578,16110,128,5888,0,0,264,17735,442,2125,264,19860,California
San Mateo,2021-01-11,2600,24598,1496,17606,1104,6992,0,0,1528,18192,1073,3198,1530,21390,California
San Mateo,2021-01-12,3401,27999,1889,19495,1512,8504,0,0,2215,19227,1184,4382,2219,23609,California
San Mateo,2021-01-13,3387,31386,1650,21145,1737,10241,0,0,2356,20554,1031,5413,2358,25967,California
San Mateo,2021-01-14,3788,35174,1592,22737,2196,12437,0,0,3102,22975,686,6099,3107,29074,California
San Mateo,2021-01-15,4325,39499,1708,24445,2617,15054,0,0,3792,26238,531,6630,3794,32868,California
San Mateo,2021-01-16,3071,42570,764,25209,2307,17361,0,0,2747,28663,323,6953,2748,35616,California
San Mateo,2021-01-17,1317,43887,307,25516,1010,18371,0,0,1109,29564,208,7161,1109,36725,California
San Mateo,2021-01-18,1368,45255,538,26054,830,19201,0,0,990,30179,375,7536,990,37715,California
San Mateo,2021-01-19,2793,48048,1790,27844,1003,20204,0,0,1994,31377,796,8332,1994,39709,California
San Mateo,2021-01-20,2793,50841,1543,29387,1250,21454,0,0,1952,32492,838,9170,1953,41662,California
San Mateo,2021-01-21,2849,53690,1296,30683,1553,23007,0,0,2263,34174,584,9754,2266,43928,California
San Mateo,2021-01-22,2804,56494,1140,31823,1664,24671,0,0,2507,36387,295,10049,2508,46436,California
San Mateo,2021-01-23,2872,59366,1680,33503,1192,25863,0,0,2515,38546,357,10406,2516,48952,California
San Mateo,2021-01-24,1515,60881,377,33880,1138,27001,0,0,1204,39441,310,10716,1205,50157,California
San Mateo,2021-01-25,4425,65306,3153,37033,1272,28273,0,0,3529,42080,894,11610,3533,53690,California
San Mateo,2021-01-26,4311,69617,2995,40028,1316,29589,0,0,3383,44537,927,12537,3384,57074,California
San Mateo,2021-01-27,2814,72431,1479,41507,1335,30924,0,0,1812,45354,996,13533,1813,58887,California
San Mateo,2021-01-28,2792,75223,1353,42860,1439,32363,0,0,1940,46457,837,14370,1940,60827,California
San Mateo,2021-01-29,3002,78225,1355,44215,1647,34010,0,0,2162,47784,837,15207,2164,62991,California
San Mateo,2021-01-30,3427,81652,1479,45694,1948,35958,0,0,2971,50301,455,15662,2972,65963,California
San Mateo,2021-01-31,1686,83338,899,46593,787,36745,0,0,1526,51668,159,15821,1526,67489,California
San Mateo,2021-02-01,2942,86280,1361,47954,1581,38326,0,0,2219,53169,719,16540,2220,69709,California
San Mateo,2021-02-02,3220,89500,1737,49691,1483,39809,0,0,2190,54333,1026,17566,2190,71899,California
San Mateo,2021-02-03,4998,94498,2059,51750,2939,42748,0,0,3852,57043,1143,18709,3853,75752,California
San Mateo,2021-02-04,6201,100699,2502,54252,3699,46447,0,0,4920,60691,1276,19985,4924,80676,California
San Mateo,2021-02-05,6788,107487,2550,56802,4238,50685,0,0,4964,63848,1807,21792,4964,85640,California
San Mateo,2021-02-06,3277,110764,1919,58721,1358,52043,0,0,2623,65821,652,22444,2625,88265,California
San Mateo,2021-02-07,1898,112662,1349,60070,549,52592,0,0,1707,67337,191,22635,1707,89972,California
San Mateo,2021-02-08,5304,117966,2275,62345,3029,55621,0,0,3131,68359,2109,24744,3131,93103,California
San Mateo,2021-02-09,6171,124137,3216,65561,2955,58576,0,0,3333,68860,2832,27576,3333,96436,California
San Mateo,2021-02-10,6517,130654,3278,68839,3239,61815,0,0,3429,69212,3077,30653,3429,99865,California
San Mateo,2021-02-11,7047,137701,3573,72412,3474,65289,0,0,3789,69754,3249,33902,3791,103656,California
San Mateo,2021-02-12,6639,144340,2986,75398,3653,68942,0,0,4701,72523,1934,35836,4703,108359,California
San Mateo,2021-02-13,6121,150461,4029,79427,2092,71034,0,0,2645,71697,3471,39307,2645,111004,California
San Mateo,2021-02-14,4631,155092,3022,82449,1609,72643,0,0,1970,71014,2654,41961,1971,112975,California
San Mateo,2021-02-15,3154,158246,1451,83900,1703,74346,0,0,1779,71425,1369,43330,1780,114755,California
San Mateo,2021-02-16,7150,165396,1882,85782,5268,79614,0,0,5276,74831,1872,45202,5278,120033,California
San Mateo,2021-02-17,7067,172463,1943,87725,5124,84738,0,0,5043,77856,2020,47222,5045,125078,California
San Mateo,2021-02-18,6660,179123,4598,92323,2062,86800,0,0,4430,80063,2226,49448,4433,129511,California
San Mateo,2021-02-19,7826,186949,5612,97935,2214,89014,0,0,5795,83834,2024,51472,5795,135306,California
San Mateo,2021-02-20,3777,190726,2434,100369,1343,90357,0,0,2334,84732,1436,52908,2334,137640,California
San Mateo,2021-02-21,2640,193366,1792,102161,848,91205,0,0,1578,85255,1055,53963,1578,139218,California
San Mateo,2021-02-22,4472,197838,3245,105406,1227,92432,0,0,2824,86438,1642,55605,2825,142043,California
San Mateo,2021-02-23,4382,202220,3143,108549,1239,93671,0,0,2558,87180,1816,57421,2558,144601,California
San Mateo,2021-02-24,7363,209583,3311,111860,4052,97723,0,0,4888,89603,2466,59887,4889,149490,California
San Mateo,2021-02-25,9290,218873,4133,115993,5157,102880,0,0,6121,92573,3152,63039,6122,155612,California
San Mateo,2021-02-26,10033,228906,3871,119864,6162,109042,0,0,6952,96463,3066,66105,6956,162568,California
San Mateo,2021-02-27,6933,235839,3572,123436,3360,112402,1,1,3735,97013,3191,69296,3741,166309,California
San Mateo,2021-02-28,4449,240288,2753,126189,1696,114098,0,1,2672,97915,1771,71067,2673,168982,California
San Mateo,2021-03-01,6011,246299,3792,129981,2217,116315,2,3,2970,97860,3027,74094,2972,171954,California
San Mateo,2021-03-02,6248,252547,4442,134423,1805,118120,1,4,3591,98804,2649,76743,3593,175547,California
San Mateo,2021-03-03,8435,260982,3963,138386,4470,122590,2,6,3632,97647,4791,81534,3634,179181,California
San Mateo,2021-03-04,8510,269492,4000,142386,4507,127097,3,9,3838,96838,4652,86186,3843,183024,California
San Mateo,2021-03-05,9346,278838,6232,148618,3110,130207,4,13,6551,100621,2775,88961,6558,189582,California
San Mateo,2021-03-06,7974,286812,5560,154178,2239,132446,175,188,5846,104524,2117,91078,6020,195602,California
San Mateo,2021-03-07,3595,290407,2447,156625,1077,133523,71,259,2123,105250,1468,92546,2194,197796,California
San Mateo,2021-03-08,4530,294937,2570,159195,1743,135266,217,476,3310,107562,1213,93759,3525,201321,California
San Mateo,2021-03-09,5355,300292,2859,162054,2221,137487,275,751,3763,110017,1580,95339,4035,205356,California
San Mateo,2021-03-10,7199,307491,2898,164952,4016,141503,285,1036,4809,112733,2377,97716,5093,210449,California
San Mateo,2021-03-11,9118,316609,5735,170687,2990,144493,393,1429,3708,111453,5380,103096,4100,214549,California
San Mateo,2021-03-12,10599,327208,6692,177379,3523,148016,384,1813,3589,108434,6992,110088,3973,218522,California
San Mateo,2021-03-13,8225,335433,3511,180890,3086,151102,1628,3441,3988,109817,4224,114312,5607,224129,California
San Mateo,2021-03-14,5003,340436,3383,184273,1513,152615,107,3548,2649,110226,2346,116658,2755,226884,California
San Mateo,2021-03-15,7195,347631,4652,188925,2367,154982,176,3724,3766,110746,3423,120081,3943,230827,California
San Mateo,2021-03-16,11975,359606,4402,193327,7450,162432,123,3847,4805,108523,7153,127234,4930,235757,California
San Mateo,2021-03-17,10846,370452,4412,197739,6309,168741,125,3972,4873,107579,5945,133179,5001,240758,California
San Mateo,2021-03-18,7288,377740,4093,201832,3011,171752,184,4156,4306,109093,2975,136154,4489,245247,California
San Mateo,2021-03-19,7470,385210,4832,206664,1965,173717,673,4829,3561,109428,3899,140053,4234,249481,California
San Mateo,2021-03-20,8430,393640,6542,213206,1551,175268,337,5166,5381,112112,3033,143086,5717,255198,California
San Mateo,2021-03-21,4249,397889,3221,216427,795,176063,233,5399,2278,112660,1960,145046,2508,257706,California
San Mateo,2021-03-22,5274,403163,3589,220016,1259,177322,426,5825,2751,113328,2508,147554,3176,260882,California
San Mateo,2021-03-23,9810,412973,4485,224501,5130,182452,195,6020,4378,112501,5400,152954,4573,265455,California
San Mateo,2021-03-24,9506,422479,5488,229989,3871,186323,147,6167,4045,111300,5390,158344,4189,269644,California
San Mateo,2021-03-25,10134,432613,4963,234952,4881,191204,290,6457,4400,110364,5629,163973,4693,274337,California
San Mateo,2021-03-26,11272,443885,7768,242720,3336,194540,168,6625,4296,107892,6937,170910,4465,278802,California
San Mateo,2021-03-27,10596,454481,8124,250844,2370,196910,102,6727,4687,106790,5890,176800,4788,283590,California
San Mateo,2021-03-28,4296,458777,2791,253635,1393,198303,112,6839,2005,106628,2281,179081,2119,285709,California
San Mateo,2021-03-29,6057,464834,3771,257406,2032,200335,254,7093,2691,106227,3346,182427,2945,288654,California
San Mateo,2021-03-30,7150,471984,4081,261487,2916,203251,153,7246,3834,106915,3299,185726,3987,292641,California
San Mateo,2021-03-31,7278,479262,4603,266090,2533,205784,142,7388,3842,107482,3417,189143,3984,296625,California
San Mateo,2021-04-01,10607,489869,5244,271334,4151,209935,1212,8600,5690,109510,4870,194013,6898,303523,California
San Mateo,2021-04-02,10881,500750,5201,276535,4050,213985,1630,10230,5678,111633,5182,199195,7305,310828,California
San Mateo,2021-04-03,10004,510754,5744,282279,2464,216449,1796,12026,5085,113604,4910,204105,6881,317709,California
San Mateo,2021-04-04,5447,516201,2625,284904,1567,218016,1255,13281,1698,112821,3734,207839,2951,320660,California
San Mateo,2021-04-05,8963,525164,4776,289680,2452,220468,1735,15016,3825,113256,5121,212960,5556,326216,California
San Mateo,2021-04-06,13238,538402,8246,297926,3138,223606,1854,16870,7510,116913,5712,218672,9369,335585,California
San Mateo,2021-04-07,11417,549819,5267,303193,4458,228064,1692,18562,4832,116866,6564,225236,6517,342102,California
San Mateo,2021-04-08,10153,559972,5037,308230,2508,230572,2608,21170,4485,118296,5650,230886,7080,349182,California
San Mateo,2021-04-09,11372,571344,5540,313770,3352,233924,2480,23650,5107,119614,6262,237148,7580,356762,California
San Mateo,2021-04-10,11288,582632,5724,319494,4119,238043,1445,25095,4664,119120,6597,243745,6103,362865,California
San Mateo,2021-04-11,6645,589277,3296,322790,872,238915,2477,27572,2305,119565,4332,248077,4777,367642,California
San Mateo,2021-04-12,7347,596624,4477,327267,1899,240814,971,28543,3554,120315,3772,251849,4522,372164,California
San Mateo,2021-04-13,8211,604835,5114,332381,3087,243901,10,28553,4358,120842,3843,255692,4370,376534,California
San Mateo,2021-04-14,8323,613158,5398,337779,2924,246825,1,28554,4273,121091,4032,259724,4281,380815,California
San Mateo,2021-04-15,11136,624294,7410,345189,3724,250549,2,28556,7293,124569,3818,263542,7296,388111,California
San Mateo,2021-04-16,9957,634251,6863,352052,3078,253627,16,28572,6312,127277,3625,267167,6333,394444,California
San Mateo,2021-04-17,9769,644020,6493,358545,3274,256901,2,28574,6140,129806,3619,270786,6148,400592,California
San Mateo,2021-04-18,5430,649450,2591,361136,2839,259740,0,28574,3658,131711,1759,272545,3664,404256,California
San Mateo,2021-04-19,8350,657800,5433,366569,2917,262657,0,28574,5432,134248,2904,275449,5441,409697,California
San Mateo,2021-04-20,10318,668118,5757,372326,4560,267217,1,28575,6639,137240,3658,279107,6650,416347,California
San Mateo,2021-04-21,9014,677132,6094,378420,2920,270137,0,28575,5575,139400,3421,282528,5581,421928,California
San Mateo,2021-04-22,9582,686714,6405,384825,3176,273313,1,28576,5315,140485,4235,286763,5320,427248,California
San Mateo,2021-04-23,9430,696144,6195,391020,3235,276548,0,28576,5284,141664,4120,290883,5299,432547,California
San Mateo,2021-04-24,11276,707420,8033,399053,3243,279791,0,28576,5822,142063,5431,296314,5830,438377,California
San Mateo,2021-04-25,5536,712956,3857,402910,1677,281468,2,28578,3941,144434,1580,297894,3951,442328,California
San Mateo,2021-04-26,6422,719378,4671,407581,1743,283211,8,28586,3719,145482,2691,300585,3739,446067,California
San Mateo,2021-04-27,11190,730568,7928,415509,3131,286342,131,28717,4539,143535,6621,307206,4674,450741,California
San Mateo,2021-04-28,7871,738439,4497,420006,3169,289511,205,28922,4212,144309,3647,310853,4421,455162,California
San Mateo,2021-04-29,8083,746522,3751,423757,4158,293669,174,29096,3656,143752,4399,315252,3842,459004,California
San Mateo,2021-04-30,8050,754572,5050,428807,2847,296516,153,29249,3411,142716,4614,319866,3578,462582,California
San Mateo,2021-05-01,6158,760730,4131,432938,1909,298425,118,29367,2677,142057,3465,323331,2806,465388,California
San Mateo,2021-05-02,3186,763916,1746,434684,1370,299795,70,29437,1156,141265,2022,325353,1230,466618,California
San Mateo,2021-05-03,5975,769891,4454,439138,1377,301172,144,29581,1841,139124,4126,329479,1985,468603,California
San Mateo,2021-05-04,7282,777173,4946,444084,2165,303337,171,29752,2488,137016,4779,334258,2671,471274,California
San Mateo,2021-05-05,6875,784048,4498,448582,2218,305555,159,29911,2386,135104,4460,338718,2548,473822,California
San Mateo,2021-05-06,8552,792600,6675,455257,1701,307256,176,30087,1742,130235,6791,345509,1922,475744,California
San Mateo,2021-05-07,8202,800802,5861,461118,2057,309313,284,30371,1825,126003,6352,351861,2120,477864,California
San Mateo,2021-05-08,6639,807441,4017,465135,2382,311695,240,30611,1833,123288,4793,356654,2078,479942,California
San Mateo,2021-05-09,3116,810557,2427,467562,615,312310,74,30685,1061,122378,2046,358700,1136,481078,California
San Mateo,2021-05-10,4613,815170,3315,470877,1128,313438,170,30855,761,119475,3842,362542,939,482017,California
San Mateo,2021-05-11,6496,821666,4865,475742,1517,314955,114,30969,1673,116453,4810,367352,1788,483805,California
San Mateo,2021-05-12,6399,828065,4618,480360,1590,316545,191,31160,1525,113308,4863,372215,1718,485523,California
San Mateo,2021-05-13,8918,836983,6665,487025,2165,318710,88,31248,3284,111086,5603,377818,3381,488904,California
San Mateo,2021-05-14,8330,845313,6153,493178,2065,320775,112,31360,2702,108294,5613,383431,2821,491725,California
San Mateo,2021-05-15,10383,855696,8099,501277,2184,322959,100,31460,4554,107152,5817,389248,4675,496400,California
San Mateo,2021-05-16,7157,862853,5092,506369,1996,324955,69,31529,2185,104454,4954,394202,2256,498656,California
San Mateo,2021-05-17,7025,869878,4972,511341,1944,326899,109,31638,2189,101934,4821,399023,2301,500957,California
San Mateo,2021-05-18,8454,878332,5830,517171,2527,329426,97,31735,3129,99965,5199,404222,3230,504187,California
San Mateo,2021-05-19,7852,886184,5878,523049,1853,331279,121,31856,3681,99644,4124,408346,3803,507990,California
San Mateo,2021-05-20,4787,890971,3078,526127,1616,332895,93,31949,2009,98985,2760,411106,2101,510091,California
San Mateo,2021-05-21,6135,897106,4359,530486,1673,334568,103,32052,1765,96500,4351,415457,1866,511957,California
San Mateo,2021-05-22,5440,902546,3821,534307,1580,336148,39,32091,2218,95554,3205,418662,2259,514216,California
San Mateo,2021-05-23,2448,904994,1440,535747,950,337098,58,32149,996,95166,1442,420104,1054,515270,California
San Mateo,2021-05-24,3384,908378,2224,537971,1012,338110,148,32297,1157,94258,2210,422314,1302,516572,California
San Mateo,2021-05-25,4704,913082,2979,540950,1556,339666,169,32466,1643,93031,3041,425355,1814,518386,California
San Mateo,2021-05-26,5599,918681,3021,543971,2473,342139,105,32571,1770,91096,3810,429165,1875,520261,California
San Mateo,2021-05-27,3771,922452,2222,546193,1460,343599,89,32660,1290,90015,2456,431621,1375,521636,California
San Mateo,2021-05-28,3472,925924,2205,548398,1190,344789,77,32737,1347,89351,2086,433707,1422,523058,California
San Mateo,2021-05-29,3222,929146,2297,550695,873,345662,52,32789,1331,88867,1866,435573,1382,524440,California
San Mateo,2021-05-30,1654,930800,1123,551818,470,346132,61,32850,677,88637,968,436541,738,525178,California
San Mateo,2021-05-31,496,931296,332,552150,155,346287,9,32859,223,88598,271,436812,232,525410,California
San Mateo,2021-06-01,3385,934681,2038,554188,1254,347541,93,32952,1145,87607,2229,439041,1238,526648,California
San Mateo,2021-06-02,2753,937434,1830,556018,848,348389,75,33027,1191,87324,1547,440588,1264,527912,California
San Mateo,2021-06-03,3756,941190,2972,558990,681,349070,103,33130,991,85660,2754,443342,1090,529002,California
San Mateo,2021-06-04,4131,945321,3211,562201,841,349911,79,33209,1282,84177,2831,446173,1348,530350,California
San Mateo,2021-06-05,3225,948546,2915,565116,244,350155,66,33275,578,82177,2645,448818,645,530995,California
Santa Barbara,2020-12-15,2,2,2,2,0,0,0,0,2,2,0,0,2,2,California
Santa Barbara,2020-12-16,2,4,2,4,0,0,0,0,2,4,0,0,2,4,California
Santa Barbara,2020-12-17,56,60,56,60,0,0,0,0,56,60,0,0,56,60,California
Santa Barbara,2020-12-18,380,440,379,439,1,1,0,0,380,440,0,0,380,440,California
Santa Barbara,2020-12-19,325,765,325,764,0,1,0,0,325,765,0,0,325,765,California
Santa Barbara,2020-12-20,235,1000,235,999,0,1,0,0,235,1000,0,0,235,1000,California
Santa Barbara,2020-12-21,652,1652,650,1649,2,3,0,0,652,1652,0,0,652,1652,California
Santa Barbara,2020-12-22,245,1897,243,1892,2,5,0,0,245,1897,0,0,245,1897,California
Santa Barbara,2020-12-23,324,2221,206,2098,118,123,0,0,324,2221,0,0,324,2221,California
Santa Barbara,2020-12-24,88,2309,40,2138,48,171,0,0,88,2309,0,0,88,2309,California
Santa Barbara,2020-12-26,326,2635,66,2204,260,431,0,0,326,2635,0,0,326,2635,California
Santa Barbara,2020-12-27,62,2697,1,2205,61,492,0,0,62,2697,0,0,62,2697,California
Santa Barbara,2020-12-28,358,3055,225,2430,133,625,0,0,358,3055,0,0,358,3055,California
Santa Barbara,2020-12-29,552,3607,357,2787,195,820,0,0,552,3607,0,0,552,3607,California
Santa Barbara,2020-12-30,577,4184,395,3182,182,1002,0,0,577,4184,0,0,577,4184,California
Santa Barbara,2020-12-31,240,4424,114,3296,126,1128,0,0,240,4424,0,0,240,4424,California
Santa Barbara,2021-01-01,116,4540,110,3406,6,1134,0,0,116,4540,0,0,116,4540,California
Santa Barbara,2021-01-02,588,5128,222,3628,366,1500,0,0,588,5128,0,0,588,5128,California
Santa Barbara,2021-01-03,23,5151,15,3643,8,1508,0,0,23,5151,0,0,23,5151,California
Santa Barbara,2021-01-04,305,5456,242,3885,63,1571,0,0,304,5455,0,0,304,5455,California
Santa Barbara,2021-01-05,750,6206,379,4264,371,1942,0,0,722,6149,28,28,722,6177,California
Santa Barbara,2021-01-06,657,6863,277,4541,380,2322,0,0,596,6685,60,88,596,6773,California
Santa Barbara,2021-01-07,1034,7897,711,5252,323,2645,0,0,529,6713,501,589,529,7302,California
Santa Barbara,2021-01-08,1204,9101,845,6097,359,3004,0,0,710,6929,494,1083,710,8012,California
Santa Barbara,2021-01-09,566,9667,293,6390,273,3277,0,0,320,7003,246,1329,320,8332,California
Santa Barbara,2021-01-10,62,9729,50,6440,12,3289,0,0,46,7033,16,1345,46,8378,California
Santa Barbara,2021-01-11,839,10568,670,7110,169,3458,0,0,614,7423,224,1569,614,8992,California
Santa Barbara,2021-01-12,1435,12003,640,7750,795,4253,0,0,1277,8542,158,1727,1277,10269,California
Santa Barbara,2021-01-13,1218,13221,270,8020,948,5201,0,0,1091,9506,127,1854,1091,11360,California
Santa Barbara,2021-01-14,1252,14473,136,8156,1116,6317,0,0,1197,10650,54,1908,1198,12558,California
Santa Barbara,2021-01-15,1801,16274,421,8577,1380,7697,0,0,1720,12290,80,1988,1720,14278,California
Santa Barbara,2021-01-16,1270,17544,200,8777,1070,8767,0,0,1231,13483,38,2026,1231,15509,California
Santa Barbara,2021-01-17,123,17667,20,8797,103,8870,0,0,120,13600,3,2029,120,15629,California
Santa Barbara,2021-01-18,1156,18823,419,9216,737,9607,0,0,970,14384,186,2215,970,16599,California
Santa Barbara,2021-01-19,1637,20460,571,9787,1066,10673,0,0,1358,15464,278,2493,1358,17957,California
Santa Barbara,2021-01-20,2099,22559,547,10334,1552,12225,0,0,1744,16854,354,2847,1744,19701,California
Santa Barbara,2021-01-21,3183,25742,1911,12245,1272,13497,0,0,3024,19720,159,3006,3025,22726,California
Santa Barbara,2021-01-22,2926,28668,1774,14019,1152,14649,0,0,2762,22322,161,3167,2763,25489,California
Santa Barbara,2021-01-23,1731,30399,1102,15121,629,15278,0,0,1222,23036,508,3675,1222,26711,California
Santa Barbara,2021-01-24,843,31242,751,15872,92,15370,0,0,834,23861,9,3684,834,27545,California
Santa Barbara,2021-01-25,1242,32484,498,16370,744,16114,0,0,1005,24629,237,3921,1005,28550,California
Santa Barbara,2021-01-26,2062,34546,482,16852,1580,17694,0,0,1679,25927,381,4302,1679,30229,California
Santa Barbara,2021-01-27,1165,35711,399,17251,766,18460,0,0,903,26571,261,4563,905,31134,California
Santa Barbara,2021-01-28,891,36602,295,17546,596,19056,0,0,677,27037,211,4774,677,31811,California
Santa Barbara,2021-01-29,1333,37935,535,18081,798,19854,0,0,979,27667,351,5125,981,32792,California
Santa Barbara,2021-01-30,1894,39829,1420,19501,474,20328,0,0,1489,28754,402,5527,1489,34281,California
Santa Barbara,2021-01-31,1454,41283,1216,20717,238,20566,0,0,1415,30130,39,5566,1415,35696,California
Santa Barbara,2021-02-01,956,42239,529,21246,427,20993,0,0,557,30288,399,5965,557,36253,California
Santa Barbara,2021-02-02,1808,44047,679,21925,1129,22122,0,0,1043,30569,762,6727,1043,37296,California
Santa Barbara,2021-02-03,1944,45991,1079,23004,865,22987,0,0,1504,31644,429,7156,1504,38800,California
Santa Barbara,2021-02-04,2779,48770,1867,24871,912,23899,0,0,2481,33833,292,7448,2481,41281,California
Santa Barbara,2021-02-05,2901,51671,2058,26929,843,24742,0,0,2258,35450,641,8089,2258,43539,California
Santa Barbara,2021-02-06,1203,52874,338,27267,865,25607,0,0,793,35833,410,8499,793,44332,California
Santa Barbara,2021-02-07,302,53176,263,27530,39,25646,0,0,267,36066,34,8533,267,44599,California
Santa Barbara,2021-02-08,952,54128,308,27838,644,26290,0,0,663,36440,289,8822,663,45262,California
Santa Barbara,2021-02-09,2436,56564,313,28151,2123,28413,0,0,1119,36251,1308,10130,1119,46381,California
Santa Barbara,2021-02-10,2756,59320,1494,29645,1262,29675,0,0,778,35058,1971,12101,778,47159,California
Santa Barbara,2021-02-11,4196,63516,2812,32457,1384,31059,0,0,629,32130,3557,15658,629,47788,California
Santa Barbara,2021-02-12,3310,66826,948,33405,2362,33421,0,0,777,30380,2527,18185,777,48565,California
Santa Barbara,2021-02-13,1230,68056,339,33744,891,34312,0,0,559,30270,669,18854,559,49124,California
Santa Barbara,2021-02-14,336,68392,40,33784,296,34608,0,0,289,30512,47,18901,289,49413,California
Santa Barbara,2021-02-15,968,69360,338,34122,630,35238,0,0,494,30535,471,19372,494,49907,California
Santa Barbara,2021-02-16,2133,71493,420,34542,1713,36951,0,0,720,29846,1409,20781,720,50627,California
Santa Barbara,2021-02-17,1432,72925,319,34861,1113,38064,0,0,520,29458,908,21689,520,51147,California
Santa Barbara,2021-02-18,3254,76179,2650,37511,604,38668,0,0,1522,29284,1696,23385,1522,52669,California
Santa Barbara,2021-02-19,3591,79770,2638,40149,953,39621,0,0,2327,30350,1261,24646,2327,54996,California
Santa Barbara,2021-02-20,2228,81998,1443,41592,785,40406,0,0,1670,31472,548,25194,1670,56666,California
Santa Barbara,2021-02-21,137,82135,108,41700,29,40435,0,0,61,31459,74,25268,61,56727,California
Santa Barbara,2021-02-22,934,83069,244,41944,690,41125,0,0,269,31066,662,25930,269,56996,California
Santa Barbara,2021-02-23,3189,86258,1046,42990,2143,43268,0,0,421,28723,2764,28694,421,57417,California
Santa Barbara,2021-02-24,3216,89474,1097,44087,2119,45387,0,0,723,26963,2483,31177,723,58140,California
Santa Barbara,2021-02-25,3457,92931,1922,46009,1535,46922,0,0,993,25501,2456,33633,994,59134,California
Santa Barbara,2021-02-26,3662,96593,2177,48186,1485,48407,0,0,1972,25791,1682,35315,1972,61106,California
Santa Barbara,2021-02-27,1536,98129,563,48749,973,49380,0,0,855,25971,677,35992,857,61963,California
Santa Barbara,2021-02-28,1087,99216,221,48970,866,50246,0,0,894,26679,187,36179,895,62858,California
Santa Barbara,2021-03-01,1649,100865,470,49440,1177,51423,2,2,1090,27229,543,36722,1093,63951,California
Santa Barbara,2021-03-02,2650,103515,423,49863,2227,53650,0,2,2149,28891,488,37210,2150,66101,California
Santa Barbara,2021-03-03,4630,108145,2099,51962,2529,56179,2,4,4034,32345,585,37795,4039,70140,California
Santa Barbara,2021-03-04,3417,111562,2280,54242,1137,57316,0,4,2863,34662,546,38341,2863,73003,California
Santa Barbara,2021-03-05,3817,115379,2164,56406,1594,58910,59,63,3092,37093,720,39061,3151,76154,California
Santa Barbara,2021-03-06,2433,117812,726,57132,1487,60397,220,283,1668,38218,761,39822,1886,78040,California
Santa Barbara,2021-03-07,565,118377,124,57256,310,60707,131,414,384,38554,180,40002,516,78556,California
Santa Barbara,2021-03-08,1579,119956,379,57635,857,61564,343,757,796,38916,777,40779,1139,79695,California
Santa Barbara,2021-03-09,2804,122760,348,57983,1684,63248,772,1529,744,38371,2057,42836,1512,81207,California
Santa Barbara,2021-03-10,2769,125529,555,58538,1164,64412,1050,2579,1048,38750,1716,44552,2095,83302,California
Santa Barbara,2021-03-11,5582,131111,3028,61566,1437,65849,1117,3696,2277,38846,3291,47843,3387,86689,California
Santa Barbara,2021-03-12,3686,134797,2101,63667,1155,67004,430,4126,2183,39961,1495,49338,2610,89299,California
Santa Barbara,2021-03-13,3492,138289,1935,65602,1349,68353,208,4334,2697,42074,792,50130,2905,92204,California
Santa Barbara,2021-03-14,798,139087,385,65987,357,68710,56,4390,477,42287,320,50450,533,92737,California
Santa Barbara,2021-03-15,2114,141201,696,66683,1127,69837,291,4681,1268,43006,838,51288,1557,94294,California
Santa Barbara,2021-03-16,3721,144922,1172,67855,2206,72043,343,5024,2733,45098,984,52272,3076,97370,California
Santa Barbara,2021-03-17,3312,148234,973,68828,1934,73977,405,5429,2321,46831,989,53261,2722,100092,California
Santa Barbara,2021-03-18,5227,153461,2799,71627,2226,76203,202,5631,4002,49826,1209,54470,4204,104296,California
Santa Barbara,2021-03-19,4447,157908,2769,74396,1345,77548,333,5964,3056,51827,1387,55857,3388,107684,California
Santa Barbara,2021-03-20,2178,160086,835,75231,1328,78876,15,5979,1330,52326,845,56702,1344,109028,California
Santa Barbara,2021-03-21,1167,161253,384,75615,753,79629,30,6009,840,52871,325,57027,870,109898,California
Santa Barbara,2021-03-22,2778,164031,1914,77529,820,80449,44,6053,2223,54592,546,57573,2267,112165,California
Santa Barbara,2021-03-23,4488,168519,2257,79786,2130,82579,101,6154,3713,57641,765,58338,3814,115979,California
Santa Barbara,2021-03-24,5420,173939,3154,82940,1515,84094,751,6905,2973,58937,2424,60762,3720,119699,California
Santa Barbara,2021-03-25,5567,179506,3275,86215,2100,86194,192,7097,2789,59156,2762,63524,2981,122680,California
Santa Barbara,2021-03-26,5095,184601,3231,89446,1565,87759,299,7396,2245,58868,2832,66356,2544,125224,California
Santa Barbara,2021-03-27,2958,187559,1224,90670,1691,89450,43,7439,1624,59203,1330,67686,1665,126889,California
Santa Barbara,2021-03-28,2781,190340,1656,92326,1097,90547,28,7467,1893,60241,884,68570,1922,128811,California
Santa Barbara,2021-03-29,4043,194383,2085,94411,1887,92434,71,7538,3229,62731,810,69380,3300,132111,California
Santa Barbara,2021-03-30,6804,201187,3514,97925,3139,95573,151,7689,4543,65176,2246,71626,4691,136802,California
Santa Barbara,2021-03-31,8691,209878,5533,103458,3092,98665,66,7755,5065,66702,3605,75231,5131,141933,California
Santa Barbara,2021-04-01,7044,216922,5212,108670,1573,100238,259,8014,4181,68295,2845,78076,4438,146371,California
Santa Barbara,2021-04-02,6650,223572,4563,113233,1492,101730,595,8609,3425,69098,3217,81293,4020,150391,California
Santa Barbara,2021-04-03,3812,227384,2116,115349,1631,103361,65,8674,2523,70400,1285,82578,2587,152978,California
Santa Barbara,2021-04-04,900,228284,444,115793,416,103777,40,8714,500,70542,398,82976,540,153518,California
Santa Barbara,2021-04-05,3465,231749,2291,118084,916,104693,258,8972,2170,71682,1288,84264,2428,155946,California
Santa Barbara,2021-04-06,5486,237235,2827,120911,2122,106815,537,9509,3359,73464,2111,86375,3893,159839,California
Santa Barbara,2021-04-07,6017,243252,3285,124196,2190,109005,542,10051,4085,76168,1922,88297,4626,164465,California
Santa Barbara,2021-04-08,7423,250675,5047,129243,646,109651,1730,11781,3429,77336,3988,92285,5156,169621,California
Santa Barbara,2021-04-09,7333,258008,4884,134127,1091,110742,1358,13139,3308,77980,4016,96301,4660,174281,California
Santa Barbara,2021-04-10,6723,264731,4659,138786,1446,112188,618,13757,4577,81036,2137,98438,5193,179474,California
Santa Barbara,2021-04-11,2677,267408,1962,140748,413,112601,302,14059,1853,82368,818,99256,2150,181624,California
Santa Barbara,2021-04-12,4426,271834,2850,143598,1023,113624,553,14612,1919,82338,2500,101756,2470,184094,California
Santa Barbara,2021-04-13,6348,278182,4185,147783,2157,115781,6,14618,2648,81296,3695,105451,2653,186747,California
Santa Barbara,2021-04-14,6741,284923,4400,152183,2339,118120,2,14620,4206,82981,2524,107975,4209,190956,California
Santa Barbara,2021-04-15,6944,291867,4082,156265,2861,120981,1,14621,3753,83555,3181,111156,3755,194711,California
Santa Barbara,2021-04-16,6373,298240,3741,160006,2621,123602,11,14632,4383,85974,1974,113130,4393,199104,California
Santa Barbara,2021-04-17,5305,303545,3853,163859,1452,125054,0,14632,4087,88855,1206,114336,4087,203191,California
Santa Barbara,2021-04-18,2134,305679,1481,165340,653,125707,0,14632,373,87472,1757,116093,374,203565,California
Santa Barbara,2021-04-19,3230,308909,2224,167564,1000,126707,6,14638,1026,86306,2199,118292,1033,204598,California
Santa Barbara,2021-04-20,5874,314783,3949,171513,1924,128631,1,14639,1651,83746,4211,122503,1651,206249,California
Santa Barbara,2021-04-21,5475,320258,3631,175144,1844,130475,0,14639,1738,81760,3724,126227,1738,207987,California
Santa Barbara,2021-04-22,5093,325351,2555,177699,2537,133012,1,14640,1455,79596,3622,129849,1458,209445,California
Santa Barbara,2021-04-23,5582,330933,3875,181574,1707,134719,0,14640,1964,77955,3605,133454,1964,211409,California
Santa Barbara,2021-04-24,4427,335360,2875,184449,1547,136266,5,14645,1631,76815,2777,136231,1637,213046,California
Santa Barbara,2021-04-25,1836,337196,1185,185634,651,136917,0,14645,499,75985,1329,137560,499,213545,California
Santa Barbara,2021-04-26,3029,340225,1859,187493,1149,138066,21,14666,494,73971,2529,140089,515,214060,California
Santa Barbara,2021-04-27,3830,344055,2098,189591,1637,139703,95,14761,1141,72526,2680,142769,1235,215295,California
Santa Barbara,2021-04-28,4906,348961,2858,192449,1931,141634,117,14878,1398,70549,3495,146264,1518,216813,California
Santa Barbara,2021-04-29,5250,354211,3800,196249,1223,142857,227,15105,1439,68418,3795,150059,1664,218477,California
Santa Barbara,2021-04-30,4943,359154,3695,199944,1084,143941,164,15269,1412,66478,3515,153574,1575,220052,California
Santa Barbara,2021-05-01,5250,364404,4068,204012,1148,145089,34,15303,887,63050,4350,157924,922,220974,California
Santa Barbara,2021-05-02,1132,365536,667,204679,337,145426,128,15431,308,62662,824,158748,436,221410,California
Santa Barbara,2021-05-03,2204,367740,1478,206157,587,146013,139,15570,442,61485,1756,160504,579,221989,California
Santa Barbara,2021-05-04,3284,371024,1664,207821,1549,147562,71,15641,1144,60572,2127,162631,1214,223203,California
Santa Barbara,2021-05-05,5428,376452,3669,211490,1612,149174,147,15788,622,56550,4793,167424,771,223974,California
Santa Barbara,2021-05-06,5051,381503,3912,215402,1035,150209,104,15892,964,53548,4070,171494,1068,225042,California
Santa Barbara,2021-05-07,4662,386165,3649,219051,833,151042,180,16072,1003,51079,3649,175143,1180,226222,California
Santa Barbara,2021-05-08,4237,390402,3158,222209,981,152023,98,16170,891,48735,3333,178476,989,227211,California
Santa Barbara,2021-05-09,700,391102,110,222319,550,152573,40,16210,467,49011,232,178708,508,227719,California
Santa Barbara,2021-05-10,1318,392420,621,222940,614,153187,83,16293,364,48505,952,179660,446,228165,California
Santa Barbara,2021-05-11,1822,394242,767,223707,764,153951,291,16584,410,47798,1405,181065,698,228863,California
Santa Barbara,2021-05-12,1549,395791,688,224395,659,154610,202,16786,443,47346,1097,182162,645,229508,California
Santa Barbara,2021-05-13,3569,399360,2713,227108,663,155273,193,16979,1177,46334,2381,184543,1369,230877,California
Santa Barbara,2021-05-14,4146,403506,2529,229637,1523,156796,94,17073,1634,45563,2497,187040,1726,232603,California
Santa Barbara,2021-05-15,3507,407013,2567,232204,921,157717,19,17092,1844,45775,1652,188692,1864,234467,California
Santa Barbara,2021-05-16,1065,408078,466,232670,484,158201,115,17207,470,45769,591,189283,585,235052,California
Santa Barbara,2021-05-17,1635,409713,931,233601,641,158842,63,17270,897,45996,732,190015,959,236011,California
Santa Barbara,2021-05-18,1842,411555,1162,234763,585,159427,95,17365,996,46258,830,190845,1092,237103,California
Santa Barbara,2021-05-19,1755,413310,967,235730,747,160174,41,17406,817,46185,930,191775,857,237960,California
Santa Barbara,2021-05-20,1267,414577,647,236377,503,160677,117,17523,665,46375,591,192366,781,238741,California
Santa Barbara,2021-05-21,2997,417574,2034,238411,909,161586,54,17577,1118,45682,1866,194232,1173,239914,California
Santa Barbara,2021-05-22,2202,419776,1559,239970,599,162185,44,17621,1309,46147,889,195121,1354,241268,California
Santa Barbara,2021-05-23,559,420335,204,240174,327,162512,28,17649,317,46250,242,195363,345,241613,California
Santa Barbara,2021-05-24,998,421333,584,240758,352,162864,62,17711,496,46310,498,195861,558,242171,California
Santa Barbara,2021-05-25,1398,422731,568,241326,761,163625,69,17780,462,45911,930,196791,531,242702,California
Santa Barbara,2021-05-26,2992,425723,1702,243028,1170,164795,120,17900,826,44705,2151,198942,945,243647,California
Santa Barbara,2021-05-27,1952,427675,1209,244237,599,165394,144,18044,827,44558,1118,200060,971,244618,California
Santa Barbara,2021-05-28,1510,429185,705,244942,654,166048,151,18195,624,44451,883,200943,776,245394,California
Santa Barbara,2021-05-29,896,430081,315,245257,544,166592,37,18232,367,44329,526,201469,404,245798,California
Santa Barbara,2021-05-30,499,430580,179,245436,223,166815,97,18329,186,44300,311,201780,282,246080,California
Santa Barbara,2021-05-31,95,430675,43,245479,42,166857,10,18339,23,44261,71,201851,32,246112,California
Santa Barbara,2021-06-01,1131,431806,594,246073,479,167336,58,18397,467,44128,658,202509,525,246637,California
Santa Barbara,2021-06-02,980,432786,586,246659,312,167648,82,18479,460,44154,515,203024,541,247178,California
Santa Barbara,2021-06-03,2042,434828,1539,248198,449,168097,54,18533,636,43442,1401,204425,689,247867,California
Santa Barbara,2021-06-04,1416,436244,650,248848,635,168732,131,18664,482,43127,928,205353,613,248480,California
Santa Barbara,2021-06-05,2254,438498,1760,250608,482,169214,12,18676,278,41449,1968,207321,290,248770,California
Santa Clara,2020-12-15,67,67,67,67,0,0,0,0,67,67,0,0,67,67,California
Santa Clara,2020-12-16,147,214,147,214,0,0,0,0,147,214,0,0,147,214,California
Santa Clara,2020-12-17,405,619,405,619,0,0,0,0,405,619,0,0,405,619,California
Santa Clara,2020-12-18,1763,2382,1763,2382,0,0,0,0,1763,2382,0,0,1763,2382,California
Santa Clara,2020-12-19,2088,4470,2088,4470,0,0,0,0,2087,4469,0,0,2087,4469,California
Santa Clara,2020-12-20,1898,6368,1897,6367,1,1,0,0,1895,6364,0,0,1895,6364,California
Santa Clara,2020-12-21,2675,9043,2675,9042,0,1,0,0,2674,9038,0,0,2674,9038,California
Santa Clara,2020-12-22,3137,12180,3130,12172,7,8,0,0,3134,12172,0,0,3134,12172,California
Santa Clara,2020-12-23,3281,15461,3091,15263,190,198,0,0,3280,15452,0,0,3280,15452,California
Santa Clara,2020-12-24,1900,17361,1710,16973,190,388,0,0,1895,17346,1,1,1895,17347,California
Santa Clara,2020-12-25,346,17707,345,17318,1,389,0,0,346,17692,0,1,346,17693,California
Santa Clara,2020-12-26,1273,18980,1038,18356,235,624,0,0,1272,18964,0,1,1272,18965,California
Santa Clara,2020-12-27,653,19633,511,18867,142,766,0,0,653,19617,0,1,653,19618,California
Santa Clara,2020-12-28,2342,21975,1731,20598,611,1377,0,0,2342,21959,0,1,2342,21960,California
Santa Clara,2020-12-29,2362,24337,1494,22092,868,2245,0,0,2361,24320,0,1,2361,24321,California
Santa Clara,2020-12-30,2994,27331,1896,23988,1098,3343,0,0,2992,27310,2,3,2992,27313,California
Santa Clara,2020-12-31,1221,28552,390,24378,831,4174,0,0,1220,28529,1,4,1220,28533,California
Santa Clara,2021-01-01,145,28697,11,24389,134,4308,0,0,144,28672,1,5,144,28677,California
Santa Clara,2021-01-02,1089,29786,815,25204,274,4582,0,0,1089,29761,0,5,1089,29766,California
Santa Clara,2021-01-03,583,30369,367,25571,216,4798,0,0,578,30336,3,8,578,30344,California
Santa Clara,2021-01-04,2477,32846,1672,27243,805,5603,0,0,2473,32808,1,9,2473,32817,California
Santa Clara,2021-01-05,3087,35933,2024,29267,1063,6666,0,0,2894,35516,192,201,2900,35717,California
Santa Clara,2021-01-06,3351,39284,1979,31246,1372,8038,0,0,2748,37668,598,799,2750,38467,California
Santa Clara,2021-01-07,4249,43533,2581,33827,1668,9706,0,0,3155,39750,1084,1883,3166,41633,California
Santa Clara,2021-01-08,5862,49395,3829,37656,2033,11739,0,0,3760,41412,2098,3981,3760,45393,California
Santa Clara,2021-01-09,2991,52386,1875,39531,1116,12855,0,0,1692,41808,1299,5280,1695,47088,California
Santa Clara,2021-01-10,1967,54353,1519,41050,448,13303,0,0,749,41340,1217,6497,749,47837,California
Santa Clara,2021-01-11,5963,60316,3761,44811,2202,15505,0,0,3376,42135,2586,9083,3381,51218,California
Santa Clara,2021-01-12,6814,67130,3414,48225,3400,18905,0,0,4557,44436,2257,11340,4558,55776,California
Santa Clara,2021-01-13,7390,74520,3063,51288,4327,23232,0,0,5204,47458,2184,13524,5206,60982,California
Santa Clara,2021-01-14,8243,82763,2807,54095,5436,28668,0,0,6492,52206,1746,15270,6494,67476,California
Santa Clara,2021-01-15,9482,92245,2688,56783,6794,35462,0,0,8153,59039,1325,16595,8158,75634,California
Santa Clara,2021-01-16,4306,96551,1230,58013,3076,38538,0,0,3467,61671,835,17430,3467,79101,California
Santa Clara,2021-01-17,3234,99785,610,58623,2624,41162,0,0,2731,63899,503,17933,2731,81832,California
Santa Clara,2021-01-18,5118,104903,1164,59787,3954,45116,0,0,4561,67904,557,18490,4562,86394,California
Santa Clara,2021-01-19,8524,113427,2695,62482,5829,50945,0,0,6833,73052,1688,20178,6836,93230,California
Santa Clara,2021-01-20,8099,121526,4126,66608,3973,54918,0,0,6552,78062,1542,21720,6552,99782,California
Santa Clara,2021-01-21,8717,130243,3786,70394,4931,59849,0,0,7508,84365,1207,22927,7510,107292,California
Santa Clara,2021-01-22,8643,138886,3247,73641,5396,65245,0,0,8070,91866,572,23499,8073,115365,California
Santa Clara,2021-01-23,3796,142682,1693,75334,2103,67348,0,0,2830,93731,966,24465,2831,118196,California
Santa Clara,2021-01-24,2841,145523,1423,76757,1418,68766,0,0,2356,95605,482,24947,2356,120552,California
Santa Clara,2021-01-25,8411,153934,3805,80562,4606,73372,0,0,6330,99864,2073,27020,6332,126884,California
Santa Clara,2021-01-26,8329,162263,3809,84371,4520,77892,0,0,6185,103917,2134,29154,6187,133071,California
Santa Clara,2021-01-27,8761,171024,3859,88230,4902,82794,0,0,6837,108850,1905,31059,6838,139909,California
Santa Clara,2021-01-28,9530,180554,3830,92060,5700,88494,0,0,7557,114460,1952,33011,7562,147471,California
Santa Clara,2021-01-29,9554,190108,3946,96006,5608,94102,0,0,7375,119666,2170,35181,7376,154847,California
Santa Clara,2021-01-30,4152,194260,2077,98083,2075,96177,0,0,2934,121390,1211,36392,2935,157782,California
Santa Clara,2021-01-31,2188,196448,1307,99390,881,97058,0,0,1590,122386,594,36986,1590,159372,California
Santa Clara,2021-02-01,7870,204318,3519,102909,4351,101409,0,0,6161,126848,1701,38687,6163,165535,California
Santa Clara,2021-02-02,8631,212949,2891,105800,5740,107149,0,0,6608,131443,2016,40703,6611,172146,California
Santa Clara,2021-02-03,9232,222181,3500,109300,5732,112881,0,0,6942,136109,2282,42985,6948,179094,California
Santa Clara,2021-02-04,10984,233165,4160,113460,6824,119705,0,0,8681,142500,2293,45278,8684,187778,California
Santa Clara,2021-02-05,11968,245133,4362,117822,7606,127311,0,0,8503,147553,3451,48729,8504,196282,California
Santa Clara,2021-02-06,5226,250359,2836,120658,2390,129701,0,0,4052,150436,1171,49900,4054,200336,California
Santa Clara,2021-02-07,3489,253848,2353,123011,1136,130837,0,0,3032,153013,456,50356,3033,203369,California
Santa Clara,2021-02-08,10069,263917,3525,126536,6544,137381,0,0,7346,157651,2709,53065,7347,210716,California
Santa Clara,2021-02-09,11192,275109,3828,130364,7364,144745,0,0,7686,161847,3494,56559,7690,218406,California
Santa Clara,2021-02-10,12695,287804,4946,135310,7749,152494,0,0,6860,162885,5824,62383,6862,225268,California
Santa Clara,2021-02-11,13610,301414,4773,140083,8837,161331,0,0,7735,164761,5860,68243,7736,233004,California
Santa Clara,2021-02-12,14609,316023,4499,144582,10110,171441,0,0,7014,164202,7575,75818,7016,240020,California
Santa Clara,2021-02-13,6101,322124,1470,146052,4631,176072,0,0,2228,162566,3866,79684,2230,242250,California
Santa Clara,2021-02-14,4628,326752,1149,147201,3479,179551,0,0,1477,160896,3149,82833,1479,243729,California
Santa Clara,2021-02-15,6282,333034,2795,149996,3487,183038,0,0,2710,160040,3566,86399,2710,246439,California
Santa Clara,2021-02-16,13850,346884,4043,154039,9807,192845,0,0,6952,160111,6881,93280,6952,253391,California
Santa Clara,2021-02-17,14118,361002,5519,159558,8599,201444,0,0,7055,160126,7045,100325,7060,260451,California
Santa Clara,2021-02-18,14300,375302,8433,167991,5867,207311,0,0,7288,160444,6973,107298,7291,267742,California
Santa Clara,2021-02-19,14959,390261,9595,177586,5364,212675,0,0,8712,162930,6231,113529,8717,276459,California
Santa Clara,2021-02-20,6960,397221,5199,182785,1761,214436,0,0,3754,163488,3196,116725,3754,280213,California
Santa Clara,2021-02-21,3387,400608,2517,185302,870,215306,0,0,1255,162621,2124,118849,1257,281470,California
Santa Clara,2021-02-22,10335,410943,6176,191478,4159,219465,0,0,4808,161914,5516,124365,4809,286279,California
Santa Clara,2021-02-23,12044,422987,7799,199277,4245,223710,0,0,6815,163518,5215,129580,6819,293098,California
Santa Clara,2021-02-24,14306,437293,9239,208516,5067,228777,0,0,8849,166926,5441,135021,8849,301947,California
Santa Clara,2021-02-25,15084,452377,9626,218142,5458,234235,0,0,8224,168320,6835,141856,8229,310176,California
Santa Clara,2021-02-26,15032,467409,8716,226858,6316,240551,0,0,8207,169730,6800,148656,8210,318386,California
Santa Clara,2021-02-27,8273,475682,5731,232589,2541,243092,1,1,4631,170737,3632,152288,4639,323025,California
Santa Clara,2021-02-28,5371,481053,3664,236253,1707,244799,0,1,2666,170707,2696,154984,2666,325691,California
Santa Clara,2021-03-01,14559,495612,8377,244630,6177,250976,5,6,9030,174233,5509,160493,9035,334726,California
Santa Clara,2021-03-02,16106,511718,9553,254183,6552,257528,1,7,10259,178673,5822,166315,10262,344988,California
Santa Clara,2021-03-03,18539,530257,9126,263309,9410,266938,3,10,11495,183169,7006,173321,11502,356490,California
Santa Clara,2021-03-04,16565,546822,9036,272345,7526,274464,3,13,9637,185964,6847,180168,9642,366132,California
Santa Clara,2021-03-05,16645,563467,9265,281610,7254,281718,126,139,9247,187966,7376,187544,9378,375510,California
Santa Clara,2021-03-06,9480,572947,6338,287948,2689,284407,453,592,7107,193165,2360,189904,7559,383069,California
Santa Clara,2021-03-07,6843,579790,4479,292427,2121,286528,243,835,5447,197467,1387,191291,5689,388758,California
Santa Clara,2021-03-08,12950,592740,6748,299175,5626,292154,576,1411,8314,201738,4618,195909,8889,397647,California
Santa Clara,2021-03-09,15249,607989,6526,305701,7385,299539,1338,2749,6839,201519,8390,204299,8171,405818,California
Santa Clara,2021-03-10,15166,623155,6606,312307,6441,305980,2119,4868,6229,200932,8909,213208,8322,414140,California
Santa Clara,2021-03-11,17105,640260,7781,320088,7815,313795,1509,6377,6054,197458,11022,224230,7548,421688,California
Santa Clara,2021-03-12,17773,658033,9132,329220,7065,320860,1576,7953,5973,193227,11759,235989,7528,429216,California
Santa Clara,2021-03-13,10793,668826,6250,335470,3045,323905,1498,9451,4782,193497,5988,241977,6258,435474,California
Santa Clara,2021-03-14,6538,675364,3383,338853,1847,325752,1308,10759,3164,194600,3357,245334,4460,439934,California
Santa Clara,2021-03-15,12842,688206,6564,345417,6004,331756,274,11033,5969,193992,6850,252184,6242,446176,California
Santa Clara,2021-03-16,18241,706447,10319,355736,7714,339470,208,11241,8806,193598,9406,261590,9012,455188,California
Santa Clara,2021-03-17,19995,726442,11326,367062,8501,347971,168,11409,10285,194386,9659,271249,10447,465635,California
Santa Clara,2021-03-18,19135,745577,8960,376022,9005,356976,1170,12579,8944,194358,10135,281384,10107,475742,California
Santa Clara,2021-03-19,19358,764935,9962,385984,8389,365365,1007,13586,9850,195755,9449,290833,10846,486588,California
Santa Clara,2021-03-20,11521,776456,6343,392327,4346,369711,832,14418,6691,198475,4800,295633,7520,494108,California
Santa Clara,2021-03-21,8337,784793,3783,396110,3151,372862,1403,15821,5323,202185,3001,298634,6711,500819,California
Santa Clara,2021-03-22,16373,801166,9149,405259,6873,379735,351,16172,9003,204192,7343,305977,9350,510169,California
Santa Clara,2021-03-23,19271,820437,12253,417512,6493,386228,525,16697,11082,207656,8142,314119,11606,521775,California
Santa Clara,2021-03-24,22650,843087,14595,432107,7639,393867,416,17113,14619,214704,7989,322108,15037,536812,California
Santa Clara,2021-03-25,22996,866083,13196,445303,8826,402693,974,18087,14768,222266,8164,330272,15726,552538,California
Santa Clara,2021-03-26,21998,888081,14006,459309,7603,410296,389,18476,13498,227683,8463,338735,13880,566418,California
Santa Clara,2021-03-27,15743,903824,10469,469778,4501,414797,773,19249,8417,229587,7281,346016,9185,575603,California
Santa Clara,2021-03-28,12100,915924,8389,478167,2996,417793,715,19964,6492,231207,5581,351597,7201,582804,California
Santa Clara,2021-03-29,20619,936543,12649,490816,7243,425036,727,20691,11133,233615,9444,361041,11852,594656,California
Santa Clara,2021-03-30,25705,962248,15286,506102,8467,433503,1952,22643,16184,242261,9480,370521,18126,612782,California
Santa Clara,2021-03-31,20537,982785,11935,518037,7472,440975,1130,23773,12626,248133,7868,378389,13740,626522,California
Santa Clara,2021-04-01,31909,1014694,19897,537934,8943,449918,3069,26842,20162,259653,11681,390070,23201,649723,California
Santa Clara,2021-04-02,25244,1039938,14401,552335,8689,458607,2154,28996,16502,269592,8701,398771,18640,668363,California
Santa Clara,2021-04-03,15325,1055263,9293,561628,3519,462126,2513,31509,8527,273840,6777,405548,11025,679388,California
Santa Clara,2021-04-04,7664,1062927,4053,565681,2440,464566,1171,32680,3978,275308,3675,409223,5143,684531,California
Santa Clara,2021-04-05,21931,1084858,14606,580287,4838,469404,2487,35167,14315,284508,7589,416812,16789,701320,California
Santa Clara,2021-04-06,29604,1114462,16321,596608,7827,477231,5456,40623,17800,295983,11757,428569,23232,724552,California
Santa Clara,2021-04-07,30965,1145427,15968,612576,8478,485709,6519,47142,18894,309346,12015,440584,25378,749930,California
Santa Clara,2021-04-08,30015,1175442,16413,628989,6000,491709,7602,54744,16377,319715,13566,454150,23935,773865,California
Santa Clara,2021-04-09,28125,1203567,13929,642918,6915,498624,7281,62025,14373,327641,13685,467835,21611,795476,California
Santa Clara,2021-04-10,21498,1225065,12425,655343,3764,502388,5309,67334,11489,334414,9976,477811,16749,812225,California
Santa Clara,2021-04-11,16070,1241135,9638,664981,2664,505052,3768,71102,8339,338799,7698,485509,12083,824308,California
Santa Clara,2021-04-12,27044,1268179,19035,684016,5571,510623,2438,73540,18460,351157,8525,494034,20883,845191,California
Santa Clara,2021-04-13,34324,1302503,26983,710999,7311,517934,30,73570,26454,369867,7795,501829,26505,871696,California
Santa Clara,2021-04-14,36875,1339378,27935,738934,8936,526870,4,73574,26211,385514,10600,512429,26247,897943,California
Santa Clara,2021-04-15,44087,1383465,34185,773119,9899,536769,3,73577,33999,409554,9983,522412,34023,931966,California
Santa Clara,2021-04-16,38438,1421903,26316,799435,12119,548888,3,73580,27561,426325,10815,533227,27586,959552,California
Santa Clara,2021-04-17,21997,1443900,15026,814461,6969,555857,2,73582,15104,434603,6843,540070,15121,974673,California
Santa Clara,2021-04-18,16433,1460333,10691,825152,5742,561599,0,73582,10265,438742,6138,546208,10277,984950,California
Santa Clara,2021-04-19,28830,1489163,20868,846020,7961,569560,1,73583,17257,444525,11505,557713,17288,1002238,California
Santa Clara,2021-04-20,36923,1526086,22466,868486,14456,584016,1,73584,22549,452838,14268,571981,22581,1024819,California
Santa Clara,2021-04-21,36827,1562913,21361,889847,15464,599480,2,73586,24364,464861,12374,584355,24397,1049216,California
Santa Clara,2021-04-22,37257,1600170,24844,914691,12412,611892,1,73587,17604,462975,19557,603912,17671,1066887,California
Santa Clara,2021-04-23,32071,1632241,19493,934184,12577,624469,1,73588,15064,461185,16906,620818,15116,1082003,California
Santa Clara,2021-04-24,21140,1653381,15478,949662,5661,630130,1,73589,11987,464122,9081,629899,12018,1094021,California
Santa Clara,2021-04-25,13616,1666997,9849,959511,3761,633891,6,73595,8689,467956,4885,634784,8719,1102740,California
Santa Clara,2021-04-26,24465,1691462,19041,978552,5366,639257,58,73653,10177,464022,14193,648977,10259,1112999,California
Santa Clara,2021-04-27,27143,1718605,19423,997975,7386,646643,334,73987,11862,461070,15189,664166,12237,1125236,California
Santa Clara,2021-04-28,25959,1744564,19244,1017219,6277,652920,438,74425,11015,457719,14861,679027,11510,1136746,California
Santa Clara,2021-04-29,23899,1768463,17476,1034695,6025,658945,398,74823,8969,452291,14859,693886,9431,1146177,California
Santa Clara,2021-04-30,22991,1791454,15748,1050443,6879,665824,364,75187,9751,449327,13153,707039,10189,1156366,California
Santa Clara,2021-05-01,17460,1808914,14518,1064961,2682,668506,260,75447,5469,443156,11942,718981,5771,1162137,California
Santa Clara,2021-05-02,11292,1820206,9369,1074330,1693,670199,230,75677,3483,439124,7767,726748,3735,1165872,California
Santa Clara,2021-05-03,22820,1843026,19374,1093704,3014,673213,432,76109,5129,427100,17620,744368,5596,1171468,California
Santa Clara,2021-05-04,30520,1873546,23874,1117578,6103,679316,543,76652,5481,408221,24942,769310,6063,1177531,California
Santa Clara,2021-05-05,32150,1905696,24401,1141979,7204,686520,545,77197,5433,387600,26623,795933,6002,1183533,California
Santa Clara,2021-05-06,35401,1941097,29504,1171483,5423,691943,474,77671,4679,362180,30593,826526,5173,1188706,California
Santa Clara,2021-05-07,32520,1973617,26154,1197637,5873,697816,493,78164,4629,339581,27761,854287,5162,1193868,California
Santa Clara,2021-05-08,16472,1990089,13397,1211034,2653,700469,422,78586,3478,330588,12909,867196,3916,1197784,California
Santa Clara,2021-05-09,10332,2000421,8963,1219997,1181,701650,188,78774,2454,325402,7841,875037,2655,1200439,California
Santa Clara,2021-05-10,20762,2021183,16636,1236633,3724,705374,402,79176,2719,310579,17965,893002,3142,1203581,California
Santa Clara,2021-05-11,21664,2042847,16294,1252927,4953,710327,417,79593,3901,297230,17674,910676,4325,1207906,California
Santa Clara,2021-05-12,20186,2063033,14798,1267725,4926,715253,462,80055,4184,285968,15923,926599,4661,1212567,California
Santa Clara,2021-05-13,26979,2090012,21973,1289698,4715,719968,291,80346,10746,280859,16152,942751,11043,1223610,California
Santa Clara,2021-05-14,27497,2117509,19159,1308857,7952,727920,386,80732,9592,273034,17814,960565,9989,1233599,California
Santa Clara,2021-05-15,20713,2138222,16613,1325470,3819,731739,281,81013,8061,268809,12572,973137,8347,1241946,California
Santa Clara,2021-05-16,16058,2154280,13059,1338529,2823,734562,176,81189,5240,263490,10738,983875,5419,1247365,California
Santa Clara,2021-05-17,20131,2174411,15831,1354360,3936,738498,364,81553,6892,257581,13167,997042,7258,1254623,California
Santa Clara,2021-05-18,25994,2200405,16575,1370935,9003,747501,416,81969,7305,246749,18553,1015595,7721,1262344,California
Santa Clara,2021-05-19,24469,2224874,14258,1385193,9790,757291,421,82390,7480,237776,16882,1032477,7909,1270253,California
Santa Clara,2021-05-20,16887,2241761,11367,1396560,5132,762423,388,82778,5611,232575,11197,1043674,5996,1276249,California
Santa Clara,2021-05-21,20659,2262420,14000,1410560,6236,768659,423,83201,7056,226558,13510,1057184,7493,1283742,California
Santa Clara,2021-05-22,11457,2273877,8945,1419505,2215,770874,297,83498,4921,225301,6478,1063662,5221,1288963,California
Santa Clara,2021-05-23,6999,2280876,5477,1424982,1368,772242,154,83652,2690,223876,4269,1067931,2844,1291807,California
Santa Clara,2021-05-24,10252,2291128,7264,1432246,2540,774782,448,84100,3621,221374,6571,1074502,4069,1295876,California
Santa Clara,2021-05-25,11217,2302345,7711,1439957,3089,777871,417,84517,4432,219509,6712,1081214,4847,1300723,California
Santa Clara,2021-05-26,10237,2312582,6641,1446598,3268,781139,328,84845,3968,217626,6174,1087388,4291,1305014,California
Santa Clara,2021-05-27,9204,2321786,5839,1452437,2891,784030,474,85319,3507,215968,5632,1093020,3974,1308988,California
Santa Clara,2021-05-28,10639,2332425,6865,1459302,3348,787378,426,85745,4303,214423,6275,1099295,4730,1313718,California
Santa Clara,2021-05-29,6290,2338715,4303,1463605,1707,789085,280,86025,2890,214229,3359,1102654,3165,1316883,California
Santa Clara,2021-05-30,3791,2342506,2843,1466448,738,789823,210,86235,1829,214331,1936,1104590,2038,1318921,California
Santa Clara,2021-05-31,1094,2343600,631,1467079,354,790177,109,86344,442,214236,646,1105236,551,1319472,California
Santa Clara,2021-06-01,9005,2352605,6353,1473432,2272,792449,380,86724,3301,212283,5634,1110870,3681,1323153,California
Santa Clara,2021-06-02,7624,2360229,5497,1478929,1778,794227,349,87073,3088,211226,4485,1115355,3428,1326581,California
Santa Clara,2021-06-03,12155,2372384,10074,1489003,1713,795940,368,87441,2986,205468,9116,1124471,3358,1329939,California
Santa Clara,2021-06-04,13255,2385639,11113,1500116,1826,797766,316,87757,3356,199298,9836,1134307,3666,1333605,California
Santa Clara,2021-06-05,6453,2392092,5576,1505692,677,798443,200,87957,1170,195411,5256,1139563,1369,1334974,California
Santa Cruz,2020-12-15,2,2,2,2,0,0,0,0,2,2,0,0,2,2,California
Santa Cruz,2020-12-16,57,59,57,59,0,0,0,0,57,59,0,0,57,59,California
Santa Cruz,2020-12-17,385,444,385,444,0,0,0,0,385,444,0,0,385,444,California
Santa Cruz,2020-12-18,456,900,456,900,0,0,0,0,456,900,0,0,456,900,California
Santa Cruz,2020-12-19,177,1077,176,1076,1,1,0,0,177,1077,0,0,177,1077,California
Santa Cruz,2020-12-20,92,1169,92,1168,0,1,0,0,92,1169,0,0,92,1169,California
Santa Cruz,2020-12-21,433,1602,433,1601,0,1,0,0,433,1602,0,0,433,1602,California
Santa Cruz,2020-12-22,413,2015,412,2013,1,2,0,0,413,2015,0,0,413,2015,California
Santa Cruz,2020-12-23,358,2373,318,2331,40,42,0,0,358,2373,0,0,358,2373,California
Santa Cruz,2020-12-24,123,2496,47,2378,76,118,0,0,123,2496,0,0,123,2496,California
Santa Cruz,2020-12-25,9,2505,9,2387,0,118,0,0,9,2505,0,0,9,2505,California
Santa Cruz,2020-12-26,61,2566,43,2430,18,136,0,0,61,2566,0,0,61,2566,California
Santa Cruz,2020-12-27,31,2597,26,2456,5,141,0,0,31,2597,0,0,31,2597,California
Santa Cruz,2020-12-28,475,3072,107,2563,368,509,0,0,475,3072,0,0,475,3072,California
Santa Cruz,2020-12-29,781,3853,362,2925,419,928,0,0,781,3853,0,0,781,3853,California
Santa Cruz,2020-12-30,345,4198,157,3082,188,1116,0,0,345,4198,0,0,345,4198,California
Santa Cruz,2020-12-31,309,4507,10,3092,299,1415,0,0,309,4507,0,0,309,4507,California
Santa Cruz,2021-01-01,33,4540,1,3093,32,1447,0,0,33,4540,0,0,33,4540,California
Santa Cruz,2021-01-02,65,4605,52,3145,13,1460,0,0,65,4605,0,0,65,4605,California
Santa Cruz,2021-01-03,14,4619,6,3151,8,1468,0,0,14,4619,0,0,14,4619,California
Santa Cruz,2021-01-04,276,4895,122,3273,154,1622,0,0,274,4893,0,0,274,4893,California
Santa Cruz,2021-01-05,556,5451,423,3696,133,1755,0,0,258,4853,298,298,258,5151,California
Santa Cruz,2021-01-06,791,6242,662,4358,129,1884,0,0,455,4973,335,633,455,5606,California
Santa Cruz,2021-01-07,528,6770,210,4568,318,2202,0,0,373,5192,155,788,374,5980,California
Santa Cruz,2021-01-08,920,7690,552,5120,368,2570,0,0,481,5235,439,1227,482,6462,California
Santa Cruz,2021-01-09,461,8151,123,5243,338,2908,0,0,405,5584,56,1283,405,6867,California
Santa Cruz,2021-01-10,73,8224,64,5307,9,2917,0,0,19,5549,54,1337,19,6886,California
Santa Cruz,2021-01-11,711,8935,580,5887,131,3048,0,0,186,5211,525,1862,187,7073,California
Santa Cruz,2021-01-12,713,9648,520,6407,193,3241,0,0,471,5440,242,2104,471,7544,California
Santa Cruz,2021-01-13,503,10151,223,6630,280,3521,0,0,423,5786,77,2181,423,7967,California
Santa Cruz,2021-01-14,539,10690,98,6728,441,3962,0,0,478,6203,61,2242,478,8445,California
Santa Cruz,2021-01-15,1427,12117,71,6799,1356,5318,0,0,1366,7510,61,2303,1368,9813,California
Santa Cruz,2021-01-16,417,12534,49,6848,368,5686,0,0,401,7895,16,2319,401,10214,California
Santa Cruz,2021-01-17,296,12830,41,6889,255,5941,0,0,272,8143,24,2343,272,10486,California
Santa Cruz,2021-01-18,986,13816,99,6988,887,6828,0,0,925,9007,61,2404,925,11411,California
Santa Cruz,2021-01-19,1592,15408,513,7501,1079,7907,0,0,1248,9914,342,2746,1249,12660,California
Santa Cruz,2021-01-20,1221,16629,176,7677,1045,8952,0,0,1028,10752,190,2936,1028,13688,California
Santa Cruz,2021-01-21,1667,18296,194,7871,1473,10425,0,0,1561,12209,106,3042,1563,15251,California
Santa Cruz,2021-01-22,1759,20055,516,8387,1243,11668,0,0,1657,13769,98,3140,1658,16909,California
Santa Cruz,2021-01-23,393,20448,140,8527,253,11921,0,0,337,14051,55,3195,337,17246,California
Santa Cruz,2021-01-24,113,20561,18,8545,95,12016,0,0,95,14128,18,3213,95,17341,California
Santa Cruz,2021-01-25,1036,21597,352,8897,684,12700,0,0,537,14166,499,3712,537,17878,California
Santa Cruz,2021-01-26,1657,23254,241,9138,1416,14116,0,0,1157,14823,500,4212,1157,19035,California
Santa Cruz,2021-01-27,1627,24881,438,9576,1189,15305,0,0,1245,15688,380,4592,1245,20280,California
Santa Cruz,2021-01-28,1724,26605,284,9860,1440,16745,0,0,1450,16865,274,4866,1451,21731,California
Santa Cruz,2021-01-29,1714,28319,479,10339,1235,17980,0,0,1585,18322,128,4994,1585,23316,California
Santa Cruz,2021-01-30,1047,29366,309,10648,738,18718,0,0,915,19105,132,5126,915,24231,California
Santa Cruz,2021-01-31,218,29584,111,10759,107,18825,0,0,204,19295,14,5140,204,24435,California
Santa Cruz,2021-02-01,1202,30786,738,11497,464,19289,0,0,809,19711,393,5533,809,25244,California
Santa Cruz,2021-02-02,976,31762,122,11619,854,20143,0,0,826,20388,149,5682,826,26070,California
Santa Cruz,2021-02-03,2179,33941,934,12553,1245,21388,0,0,1873,21958,303,5985,1873,27943,California
Santa Cruz,2021-02-04,1815,35756,755,13308,1060,22448,0,0,1483,23110,331,6316,1483,29426,California
Santa Cruz,2021-02-05,3099,38855,756,14064,2343,24791,0,0,2788,25588,310,6626,2788,32214,California
Santa Cruz,2021-02-06,2537,41392,151,14215,2386,27177,0,0,2194,27439,343,6969,2194,34408,California
Santa Cruz,2021-02-07,901,42293,124,14339,777,27954,0,0,883,28304,18,6987,883,35291,California
Santa Cruz,2021-02-08,681,42974,192,14531,489,28443,0,0,490,28604,190,7177,490,35781,California
Santa Cruz,2021-02-09,2335,45309,1047,15578,1288,29731,0,0,2079,30427,256,7433,2079,37860,California
Santa Cruz,2021-02-10,2127,47436,560,16138,1567,31298,0,0,1444,31201,671,8104,1445,39305,California
Santa Cruz,2021-02-11,1805,49241,301,16439,1504,32802,0,0,1300,31998,503,8607,1300,40605,California
Santa Cruz,2021-02-12,3142,52383,408,16847,2734,35536,0,0,1758,32383,1375,9982,1760,42365,California
Santa Cruz,2021-02-13,1671,54054,119,16966,1552,37088,0,0,1266,33244,405,10387,1266,43631,California
Santa Cruz,2021-02-14,1387,55441,68,17034,1319,38407,0,0,1125,34107,262,10649,1125,44756,California
Santa Cruz,2021-02-15,1544,56985,274,17308,1270,39677,0,0,549,33662,995,11644,550,45306,California
Santa Cruz,2021-02-16,1655,58640,200,17508,1455,41132,0,0,513,33055,1120,12764,513,45819,California
Santa Cruz,2021-02-17,2862,61502,957,18465,1905,43037,0,0,1181,32571,1668,14432,1184,47003,California
Santa Cruz,2021-02-18,2819,64321,618,19083,2201,45238,0,0,1212,32180,1603,16035,1212,48215,California
Santa Cruz,2021-02-19,3194,67515,1113,20196,2081,47319,0,0,1964,32917,1227,17262,1964,50179,California
Santa Cruz,2021-02-20,2341,69856,1467,21663,874,48193,0,0,1846,34268,495,17757,1846,52025,California
Santa Cruz,2021-02-21,828,70684,364,22027,464,48657,0,0,699,34840,127,17884,699,52724,California
Santa Cruz,2021-02-22,1211,71895,931,22958,280,48937,0,0,517,34665,692,18576,517,53241,California
Santa Cruz,2021-02-23,2059,73954,918,23876,1141,50078,0,0,692,33991,1366,19942,692,53933,California
Santa Cruz,2021-02-24,3119,77073,1627,25503,1492,51570,0,0,1178,33233,1936,21878,1178,55111,California
Santa Cruz,2021-02-25,3169,80242,1389,26892,1780,53350,0,0,1744,33561,1417,23295,1745,56856,California
Santa Cruz,2021-02-26,2698,82940,742,27634,1956,55306,0,0,1538,33946,1155,24450,1540,58396,California
Santa Cruz,2021-02-27,2610,85550,919,28553,1691,56997,0,0,1825,34988,783,25233,1825,60221,California
Santa Cruz,2021-02-28,1278,86828,361,28914,917,57914,0,0,1067,35847,208,25441,1067,61288,California
Santa Cruz,2021-03-01,1874,88702,1231,30145,643,58557,0,0,696,35367,1176,26617,696,61984,California
Santa Cruz,2021-03-02,1502,90204,352,30497,1150,59707,0,0,850,35569,651,27268,853,62837,California
Santa Cruz,2021-03-03,2301,92505,609,31106,1692,61399,0,0,1254,35779,1044,28312,1254,64091,California
Santa Cruz,2021-03-04,2924,95429,1382,32488,1541,62940,1,1,1967,36802,946,29258,1969,66060,California
Santa Cruz,2021-03-05,2573,98002,468,32956,2088,65028,17,18,1116,36481,1454,30712,1133,67193,California
Santa Cruz,2021-03-06,3742,101744,1268,34224,2375,67403,99,117,2070,36977,1672,32384,2168,69361,California
Santa Cruz,2021-03-07,1332,103076,122,34346,1140,68543,70,187,552,36820,779,33163,622,69983,California
Santa Cruz,2021-03-08,1066,104142,215,34561,722,69265,129,316,644,37169,422,33585,771,70754,California
Santa Cruz,2021-03-09,1743,105885,253,34814,1345,70610,145,461,691,36956,1049,34634,836,71590,California
Santa Cruz,2021-03-10,3786,109671,2068,36882,1576,72186,142,603,1977,37270,1807,36441,2121,73711,California
Santa Cruz,2021-03-11,2764,112435,1202,38084,1392,73578,170,773,1529,37737,1234,37675,1701,75412,California
Santa Cruz,2021-03-12,2696,115131,866,38950,1545,75123,285,1058,903,37134,1789,39464,1186,76598,California
Santa Cruz,2021-03-13,2252,117383,1303,40253,909,76032,40,1098,1152,37231,1097,40561,1194,77792,California
Santa Cruz,2021-03-14,878,118261,201,40454,664,76696,13,1111,419,37205,457,41018,431,78223,California
Santa Cruz,2021-03-15,1300,119561,456,40910,810,77506,34,1145,555,37054,741,41759,590,78813,California
Santa Cruz,2021-03-16,2260,121821,1070,41980,1149,78655,41,1186,1307,37453,948,42707,1347,80160,California
Santa Cruz,2021-03-17,3858,125679,2275,44255,1573,80228,10,1196,2539,38692,1314,44021,2553,82713,California
Santa Cruz,2021-03-18,3784,129463,2034,46289,1633,81861,117,1313,2023,39074,1758,45779,2140,84853,California
Santa Cruz,2021-03-19,3301,132764,1290,47579,1792,83653,219,1532,1715,39426,1581,47360,1933,86786,California
Santa Cruz,2021-03-20,2136,134900,1602,49181,499,84152,35,1567,1068,39462,1067,48427,1103,87889,California
Santa Cruz,2021-03-21,813,135713,435,49616,254,84406,124,1691,423,39623,387,48814,548,88437,California
Santa Cruz,2021-03-22,1318,137031,815,50431,481,84887,22,1713,917,40165,398,49212,940,89377,California
Santa Cruz,2021-03-23,2496,139527,1397,51828,1050,85937,49,1762,1653,41025,842,50054,1702,91079,California
Santa Cruz,2021-03-24,3012,142539,2045,53873,946,86883,21,1783,1998,42035,1008,51062,2018,93097,California
Santa Cruz,2021-03-25,2574,145113,1289,55162,1250,88133,35,1818,1298,42099,1269,52331,1333,94430,California
Santa Cruz,2021-03-26,3044,148157,1760,56922,1256,89389,28,1846,2074,43237,963,53294,2101,96531,California
Santa Cruz,2021-03-27,3114,151271,1932,58854,1157,90546,25,1871,1462,43083,1642,54936,1488,98019,California
Santa Cruz,2021-03-28,902,152173,555,59409,333,90879,14,1885,472,43143,426,55362,486,98505,California
Santa Cruz,2021-03-29,1949,154122,850,60259,1032,91911,67,1952,1231,43726,715,56077,1298,99803,California
Santa Cruz,2021-03-30,2636,156758,791,61050,1695,93606,150,2102,1682,44605,952,57029,1831,101634,California
Santa Cruz,2021-03-31,4100,160858,2781,63831,1273,94879,46,2148,2147,44850,1948,58977,2193,103827,California
Santa Cruz,2021-04-01,3935,164793,2107,65938,1720,96599,108,2256,1988,45006,1940,60917,2096,105923,California
Santa Cruz,2021-04-02,3228,168021,1380,67318,1672,98271,176,2432,1836,45629,1389,62306,2012,107935,California
Santa Cruz,2021-04-03,2206,170227,1204,68522,876,99147,126,2558,863,45276,1341,63647,988,108923,California
Santa Cruz,2021-04-04,922,171149,480,69002,386,99533,56,2614,538,45486,384,64031,594,109517,California
Santa Cruz,2021-04-05,2227,173376,763,69765,1300,100833,164,2778,1378,46181,848,64879,1543,111060,California
Santa Cruz,2021-04-06,3330,176706,1613,71378,1344,102177,373,3151,1930,47089,1390,66269,2298,113358,California
Santa Cruz,2021-04-07,4059,180765,1598,72976,2111,104288,350,3501,1753,46888,2303,68572,2102,115460,California
Santa Cruz,2021-04-08,4172,184937,2284,75260,1388,105676,500,4001,2456,48135,1707,70279,2954,118414,California
Santa Cruz,2021-04-09,3654,188591,1474,76734,1785,107461,395,4396,2052,48988,1595,71874,2448,120862,California
Santa Cruz,2021-04-10,2189,190780,1043,77777,907,108368,239,4635,1019,49079,1166,73040,1257,122119,California
Santa Cruz,2021-04-11,963,191743,500,78277,374,108742,89,4724,460,49125,503,73543,549,122668,California
Santa Cruz,2021-04-12,2263,194006,795,79072,1057,109799,411,5135,1091,49469,1158,74701,1502,124170,California
Santa Cruz,2021-04-13,2852,196858,1411,80483,1440,111239,1,5136,1619,49864,1225,75926,1620,125790,California
Santa Cruz,2021-04-14,4537,201395,2172,82655,2365,113604,0,5136,2230,49797,2299,78225,2232,128022,California
Santa Cruz,2021-04-15,4944,206339,3133,85788,1811,115415,0,5136,3138,51140,1795,80020,3138,131160,California
Santa Cruz,2021-04-16,4388,210727,2411,88199,1975,117390,2,5138,2393,51549,1987,82007,2396,133556,California
Santa Cruz,2021-04-17,2199,212926,870,89069,1329,118719,0,5138,1461,52274,736,82743,1461,135017,California
Santa Cruz,2021-04-18,1034,213960,495,89564,538,119257,1,5139,578,52399,454,83197,579,135596,California
Santa Cruz,2021-04-19,2498,216458,1479,91043,1018,120275,1,5140,1593,53090,902,84099,1593,137189,California
Santa Cruz,2021-04-20,3076,219534,1619,92662,1457,121732,0,5140,1785,53593,1283,85382,1786,138975,California
Santa Cruz,2021-04-21,4141,223675,2767,95429,1374,123106,0,5140,2239,53949,1884,87266,2240,141215,California
Santa Cruz,2021-04-22,4214,227889,2844,98273,1370,124476,0,5140,2378,54500,1827,89093,2378,143593,California
Santa Cruz,2021-04-23,3114,231003,1679,99952,1434,125910,1,5141,1348,54092,1756,90849,1348,144941,California
Santa Cruz,2021-04-24,2194,233197,1060,101012,1131,127041,3,5144,685,53281,1499,92348,688,145629,California
Santa Cruz,2021-04-25,1066,234263,679,101691,375,127416,12,5156,436,53106,622,92970,447,146076,California
Santa Cruz,2021-04-26,1917,236180,928,102619,975,128391,14,5170,771,52756,1136,94106,786,146862,California
Santa Cruz,2021-04-27,2848,239028,905,103524,1864,130255,79,5249,1421,52835,1421,95527,1500,148362,California
Santa Cruz,2021-04-28,3387,242415,1879,105403,1433,131688,75,5324,1783,53098,1592,97119,1855,150217,California
Santa Cruz,2021-04-29,3692,246107,2458,107861,1172,132860,62,5386,1306,52093,2375,99494,1370,151587,California
Santa Cruz,2021-04-30,2341,248448,1182,109043,1116,133976,43,5429,992,51788,1341,100835,1036,152623,California
Santa Cruz,2021-05-01,1255,249703,992,110035,231,134207,32,5461,594,51755,659,101494,626,153249,California
Santa Cruz,2021-05-02,624,250327,442,110477,157,134364,25,5486,212,51581,412,101906,238,153487,California
Santa Cruz,2021-05-03,1881,252208,963,111440,854,135218,64,5550,653,51082,1217,103123,718,154205,California
Santa Cruz,2021-05-04,2623,254831,1512,112952,1041,136259,70,5620,856,50242,1764,104887,924,155129,California
Santa Cruz,2021-05-05,2702,257533,1336,114288,1287,137546,79,5699,709,49083,1951,106838,792,155921,California
Santa Cruz,2021-05-06,3758,261291,2388,116676,1155,138701,215,5914,842,47239,2898,109736,1054,156975,California
Santa Cruz,2021-05-07,2682,263973,1203,117879,1399,140100,80,5994,427,45497,2250,111986,508,157483,California
Santa Cruz,2021-05-08,1330,265303,659,118538,643,140743,28,6022,371,44939,959,112945,401,157884,California
Santa Cruz,2021-05-09,500,265803,323,118861,155,140898,22,6044,153,44770,344,113289,175,158059,California
Santa Cruz,2021-05-10,2015,267818,1195,120056,759,141657,61,6105,409,43642,1598,114887,470,158529,California
Santa Cruz,2021-05-11,2279,270097,1270,121326,932,142589,77,6182,628,42700,1646,116533,704,159233,California
Santa Cruz,2021-05-12,3019,273116,1261,122587,1687,144276,71,6253,518,40798,2492,119025,590,159823,California
Santa Cruz,2021-05-13,3705,276821,2504,125091,1112,145388,89,6342,1305,39798,2396,121421,1396,161219,California
Santa Cruz,2021-05-14,2942,279763,1613,126704,1291,146679,38,6380,1151,39206,1783,123204,1191,162410,California
Santa Cruz,2021-05-15,2259,282022,1315,128019,932,147611,12,6392,1107,39176,1149,124353,1119,163529,California
Santa Cruz,2021-05-16,706,282728,358,128377,327,147938,21,6413,201,38895,504,124857,223,163752,California
Santa Cruz,2021-05-17,1509,284237,787,129164,656,148594,66,6479,567,38587,941,125798,633,164385,California
Santa Cruz,2021-05-18,2280,286517,1399,130563,858,149452,23,6502,1127,38592,1145,126943,1150,165535,California
Santa Cruz,2021-05-19,3019,289536,1823,132386,1162,150614,34,6536,1290,38195,1721,128664,1324,166859,California
Santa Cruz,2021-05-20,2860,292396,2105,134491,609,151223,146,6682,1344,38176,1509,130173,1490,168349,California
Santa Cruz,2021-05-21,1344,293740,710,135201,549,151772,85,6767,517,37955,823,130996,602,168951,California
Santa Cruz,2021-05-22,1393,295133,1181,136382,206,151978,6,6773,526,37624,864,131860,533,169484,California
Santa Cruz,2021-05-23,217,295350,165,136547,36,152014,16,6789,92,37609,123,131983,108,169592,California
Santa Cruz,2021-05-24,1154,296504,664,137211,413,152427,77,6866,335,37210,811,132794,412,170004,California
Santa Cruz,2021-05-25,2262,298766,1302,138513,914,153341,46,6912,493,36126,1623,134417,539,170543,California
Santa Cruz,2021-05-26,1698,300464,794,139307,861,154202,43,6955,492,35467,1194,135611,535,171078,California
Santa Cruz,2021-05-27,1274,301738,674,139981,497,154699,103,7058,463,35229,804,136415,566,171644,California
Santa Cruz,2021-05-28,849,302587,379,140360,440,155139,30,7088,373,35166,467,136882,404,172048,California
Santa Cruz,2021-05-29,574,303161,326,140686,238,155377,10,7098,323,35250,250,137132,334,172382,California
Santa Cruz,2021-05-30,238,303399,121,140807,105,155482,12,7110,97,35220,138,137270,108,172490,California
Santa Cruz,2021-05-31,143,303542,64,140871,78,155560,1,7111,46,35171,96,137366,47,172537,California
Santa Cruz,2021-06-01,910,304452,560,141431,338,155898,12,7123,349,34972,559,137925,360,172897,California
Santa Cruz,2021-06-02,885,305337,529,141960,316,156214,40,7163,374,34880,506,138431,414,173311,California
Santa Cruz,2021-06-03,2237,307574,1524,143484,674,156888,39,7202,585,33862,1642,140073,624,173935,California
Santa Cruz,2021-06-04,1014,308588,714,144198,269,157157,31,7233,244,33371,765,140838,274,174209,California
Santa Cruz,2021-06-05,510,309098,470,144668,34,157191,6,7239,65,32999,443,141281,71,174280,California
Shasta,2020-12-16,130,130,130,130,0,0,0,0,130,130,0,0,130,130,California
Shasta,2020-12-17,421,551,421,551,0,0,0,0,421,551,0,0,421,551,California
Shasta,2020-12-18,164,715,164,715,0,0,0,0,164,715,0,0,164,715,California
Shasta,2020-12-19,1,716,1,716,0,0,0,0,1,716,0,0,1,716,California
Shasta,2020-12-21,75,791,75,791,0,0,0,0,75,791,0,0,75,791,California
Shasta,2020-12-22,190,981,185,976,5,5,0,0,190,981,0,0,190,981,California
Shasta,2020-12-23,170,1151,166,1142,4,9,0,0,170,1151,0,0,170,1151,California
Shasta,2020-12-24,21,1172,21,1163,0,9,0,0,21,1172,0,0,21,1172,California
Shasta,2020-12-26,4,1176,1,1164,3,12,0,0,4,1176,0,0,4,1176,California
Shasta,2020-12-27,1,1177,0,1164,1,13,0,0,1,1177,0,0,1,1177,California
Shasta,2020-12-28,38,1215,29,1193,9,22,0,0,38,1215,0,0,38,1215,California
Shasta,2020-12-29,179,1394,178,1371,1,23,0,0,179,1394,0,0,179,1394,California
Shasta,2020-12-30,179,1573,169,1540,10,33,0,0,179,1573,0,0,179,1573,California
Shasta,2020-12-31,83,1656,2,1542,81,114,0,0,83,1656,0,0,83,1656,California
Shasta,2021-01-02,2,1658,0,1542,2,116,0,0,2,1658,0,0,2,1658,California
Shasta,2021-01-03,1,1659,1,1543,0,116,0,0,1,1659,0,0,1,1659,California
Shasta,2021-01-04,365,2024,302,1845,63,179,0,0,366,2025,0,0,366,2025,California
Shasta,2021-01-05,332,2356,312,2157,20,199,0,0,252,2197,80,80,252,2277,California
Shasta,2021-01-06,461,2817,390,2547,71,270,0,0,201,2139,259,339,201,2478,California
Shasta,2021-01-07,129,2946,40,2587,89,359,0,0,104,2218,25,364,104,2582,California
Shasta,2021-01-08,521,3467,446,3033,75,434,0,0,313,2323,208,572,313,2895,California
Shasta,2021-01-09,72,3539,63,3096,9,443,0,0,70,2391,2,574,70,2965,California
Shasta,2021-01-10,5,3544,0,3096,5,448,0,0,3,2394,2,576,5,2970,California
Shasta,2021-01-11,399,3943,182,3278,217,665,0,0,366,2727,33,609,366,3336,California
Shasta,2021-01-12,479,4422,322,3600,157,822,0,0,309,2866,170,779,309,3645,California
Shasta,2021-01-13,596,5018,267,3867,329,1151,0,0,427,3124,169,948,427,4072,California
Shasta,2021-01-14,493,5511,54,3921,439,1590,0,0,473,3577,20,968,473,4545,California
Shasta,2021-01-15,677,6188,137,4058,540,2130,0,0,675,4250,2,970,675,5220,California
Shasta,2021-01-16,889,7077,53,4111,836,2966,0,0,886,5133,3,973,886,6106,California
Shasta,2021-01-17,27,7104,6,4117,21,2987,0,0,23,5152,4,977,23,6129,California
Shasta,2021-01-18,596,7700,127,4244,469,3456,0,0,589,5734,7,984,589,6718,California
Shasta,2021-01-19,1049,8749,392,4636,657,4113,0,0,906,6497,143,1127,906,7624,California
Shasta,2021-01-20,675,9424,413,5049,262,4375,0,0,488,6803,182,1309,488,8112,California
Shasta,2021-01-21,617,10041,279,5328,338,4713,0,0,596,7378,21,1330,596,8708,California
Shasta,2021-01-22,432,10473,173,5501,259,4972,0,0,426,7798,6,1336,426,9134,California
Shasta,2021-01-23,62,10535,5,5506,57,5029,0,0,61,7858,1,1337,61,9195,California
Shasta,2021-01-24,25,10560,2,5508,23,5052,0,0,24,7881,1,1338,24,9219,California
Shasta,2021-01-25,742,11302,485,5993,257,5309,0,0,460,8060,281,1619,460,9679,California
Shasta,2021-01-26,695,11997,336,6329,359,5668,0,0,461,8289,232,1851,461,10140,California
Shasta,2021-01-27,456,12453,187,6516,269,5937,0,0,407,8647,49,1900,407,10547,California
Shasta,2021-01-28,876,13329,571,7087,305,6242,0,0,657,9085,219,2119,657,11204,California
Shasta,2021-01-29,814,14143,330,7417,484,6726,0,0,626,9524,188,2307,627,11831,California
Shasta,2021-01-30,611,14754,15,7432,596,7322,0,0,601,10115,10,2317,601,12432,California
Shasta,2021-01-31,27,14781,3,7435,24,7346,0,0,26,10140,1,2318,26,12458,California
Shasta,2021-02-01,535,15316,149,7584,386,7732,0,0,392,10390,143,2461,393,12851,California
Shasta,2021-02-02,985,16301,499,8083,486,8218,0,0,895,11197,88,2549,895,13746,California
Shasta,2021-02-03,704,17005,211,8294,493,8711,0,0,471,11435,233,2782,471,14217,California
Shasta,2021-02-04,1088,18093,676,8970,412,9123,0,0,897,12142,190,2972,897,15114,California
Shasta,2021-02-05,1254,19347,166,9136,1088,10211,0,0,1046,12981,207,3179,1046,16160,California
Shasta,2021-02-06,1737,21084,40,9176,1697,11908,0,0,1714,14672,23,3202,1714,17874,California
Shasta,2021-02-07,25,21109,3,9179,22,11930,0,0,23,14693,2,3204,23,17897,California
Shasta,2021-02-08,592,21701,167,9346,425,12355,0,0,305,14711,287,3491,305,18202,California
Shasta,2021-02-09,1121,22822,647,9993,474,12829,0,0,732,15055,389,3880,733,18935,California
Shasta,2021-02-10,1124,23946,792,10785,332,13161,0,0,601,15133,524,4404,602,19537,California
Shasta,2021-02-11,877,24823,184,10969,693,13854,0,0,360,14981,512,4916,360,19897,California
Shasta,2021-02-12,1769,26592,1203,12172,566,14420,0,0,1229,15670,540,5456,1229,21126,California
Shasta,2021-02-13,1364,27956,365,12537,999,15419,0,0,558,15422,807,6263,559,21685,California
Shasta,2021-02-14,148,28104,4,12541,144,15563,0,0,125,15524,23,6286,125,21810,California
Shasta,2021-02-15,377,28481,95,12636,282,15845,0,0,210,15567,167,6453,210,22020,California
Shasta,2021-02-16,1190,29671,517,13153,673,16518,0,0,421,15220,768,7221,421,22441,California
Shasta,2021-02-17,1038,30709,451,13604,587,17105,0,0,420,15022,618,7839,420,22861,California
Shasta,2021-02-18,937,31646,469,14073,468,17573,0,0,455,14996,482,8321,456,23317,California
Shasta,2021-02-19,1334,32980,951,15024,383,17956,0,0,876,15414,458,8779,876,24193,California
Shasta,2021-02-20,792,33772,88,15112,704,18660,0,0,299,15220,493,9272,299,24492,California
Shasta,2021-02-21,31,33803,3,15115,28,18688,0,0,9,15207,22,9294,9,24501,California
Shasta,2021-02-22,430,34233,80,15195,350,19038,0,0,181,15140,248,9542,181,24682,California
Shasta,2021-02-23,909,35142,470,15665,439,19477,0,0,327,14885,582,10124,327,25009,California
Shasta,2021-02-24,871,36013,502,16167,369,19846,0,0,268,14551,602,10726,268,25277,California
Shasta,2021-02-25,521,36534,173,16340,348,20194,0,0,168,14367,352,11078,168,25445,California
Shasta,2021-02-26,775,37309,94,16434,681,20875,0,0,332,14257,442,11520,332,25777,California
Shasta,2021-02-27,808,38117,26,16460,782,21657,0,0,187,13825,619,12139,187,25964,California
Shasta,2021-02-28,177,38294,4,16464,173,21830,0,0,127,13902,50,12189,127,26091,California
Shasta,2021-03-01,588,38882,57,16521,531,22361,0,0,296,13907,291,12480,296,26387,California
Shasta,2021-03-02,1031,39913,473,16994,558,22919,0,0,340,13558,689,13169,340,26727,California
Shasta,2021-03-03,673,40586,174,17168,499,23418,0,0,242,13369,431,13600,242,26969,California
Shasta,2021-03-04,2989,43575,2401,19569,588,24006,0,0,1722,13826,1266,14866,1723,28692,California
Shasta,2021-03-05,1542,45117,159,19728,1354,25360,29,29,777,13866,766,15632,806,29498,California
Shasta,2021-03-06,2722,47839,383,20111,2294,27654,45,74,851,12893,1869,17501,896,30394,California
Shasta,2021-03-07,92,47931,4,20115,56,27710,32,106,38,12909,54,17555,70,30464,California
Shasta,2021-03-08,571,48502,52,20167,381,28091,138,244,157,12792,412,17967,295,30759,California
Shasta,2021-03-09,1235,49737,595,20762,464,28555,176,420,679,13091,555,18522,854,31613,California
Shasta,2021-03-10,798,50535,256,21018,340,28895,202,622,139,12772,658,19180,339,31952,California
Shasta,2021-03-11,1537,52072,471,21489,800,29695,266,888,926,13356,608,19788,1192,33144,California
Shasta,2021-03-12,1552,53624,850,22339,457,30152,245,1133,404,12856,1147,20935,647,33791,California
Shasta,2021-03-13,755,54379,424,22763,229,30381,102,1235,474,13150,280,21215,574,34365,California
Shasta,2021-03-14,1010,55389,8,22771,980,31361,22,1257,873,13909,137,21352,896,35261,California
Shasta,2021-03-15,493,55882,38,22809,356,31717,99,1356,209,13932,284,21636,307,35568,California
Shasta,2021-03-16,1132,57014,145,22954,919,32636,68,1424,848,14564,284,21920,916,36484,California
Shasta,2021-03-17,723,57737,184,23138,481,33117,58,1482,386,14678,330,22250,444,36928,California
Shasta,2021-03-18,1528,59265,584,23722,841,33958,103,1585,1104,15465,420,22670,1207,38135,California
Shasta,2021-03-19,635,59900,196,23918,383,34341,56,1641,402,15691,232,22902,458,38593,California
Shasta,2021-03-20,737,60637,485,24403,241,34582,11,1652,594,16153,143,23045,605,39198,California
Shasta,2021-03-21,313,60950,298,24701,4,34586,11,1663,286,16424,26,23071,297,39495,California
Shasta,2021-03-22,344,61294,37,24738,271,34857,36,1699,196,16509,147,23218,232,39727,California
Shasta,2021-03-23,1308,62602,652,25390,596,35453,60,1759,756,16778,547,23765,816,40543,California
Shasta,2021-03-24,612,63214,161,25551,414,35867,37,1796,371,16946,240,24005,408,40951,California
Shasta,2021-03-25,1117,64331,430,25981,666,36533,21,1817,802,17458,312,24317,824,41775,California
Shasta,2021-03-26,1809,66140,1381,27362,397,36930,31,1848,1452,18585,357,24674,1484,43259,California
Shasta,2021-03-27,1570,67710,387,27749,315,37245,868,2716,556,18993,1012,25686,1420,44679,California
Shasta,2021-03-28,402,68112,297,28046,95,37340,10,2726,299,19201,101,25787,309,44988,California
Shasta,2021-03-29,418,68530,40,28086,367,37707,11,2737,165,19125,252,26039,176,45164,California
Shasta,2021-03-30,1230,69760,756,28842,457,38164,17,2754,612,19139,615,26654,629,45793,California
Shasta,2021-03-31,614,70374,203,29045,405,38569,6,2760,374,19284,235,26889,380,46173,California
Shasta,2021-04-01,885,71259,237,29282,636,39205,12,2772,560,19533,323,27212,572,46745,California
Shasta,2021-04-02,733,71992,185,29467,495,39700,53,2825,398,19651,333,27545,451,47196,California
Shasta,2021-04-03,509,72501,362,29829,129,39829,18,2843,387,19934,122,27667,405,47601,California
Shasta,2021-04-04,289,72790,176,30005,94,39923,19,2862,217,20098,72,27739,236,47837,California
Shasta,2021-04-05,435,73225,68,30073,309,40232,58,2920,251,20223,184,27923,309,48146,California
Shasta,2021-04-06,1131,74356,485,30558,480,40712,166,3086,536,20334,590,28513,701,48847,California
Shasta,2021-04-07,645,75001,202,30760,281,40993,162,3248,249,20352,392,28905,410,49257,California
Shasta,2021-04-08,1134,76135,257,31017,722,41715,155,3403,212,19799,920,29825,367,49624,California
Shasta,2021-04-09,2564,78699,2053,33070,303,42018,208,3611,1991,21430,566,30391,2197,51821,California
Shasta,2021-04-10,872,79571,586,33656,158,42176,128,3739,262,21208,610,31001,388,52209,California
Shasta,2021-04-11,1244,80815,397,34053,827,43003,20,3759,143,20274,1097,32098,163,52372,California
Shasta,2021-04-12,334,81149,7,34060,267,43270,60,3819,96,20192,237,32335,155,52527,California
Shasta,2021-04-13,1261,82410,365,34425,894,44164,2,3821,338,19612,919,33254,339,52866,California
Shasta,2021-04-14,588,82998,148,34573,438,44602,2,3823,219,19465,368,33622,221,53087,California
Shasta,2021-04-15,1061,84059,253,34826,808,45410,0,3823,299,19005,759,34381,299,53386,California
Shasta,2021-04-16,2302,86361,1824,36650,478,45888,0,3823,928,18561,1372,35753,928,54314,California
Shasta,2021-04-17,619,86980,396,37046,223,46111,0,3823,178,18299,441,36194,179,54493,California
Shasta,2021-04-18,264,87244,239,37285,25,46136,0,3823,32,18101,230,36424,32,54525,California
Shasta,2021-04-19,376,87620,27,37312,349,46485,0,3823,160,18045,216,36640,160,54685,California
Shasta,2021-04-20,980,88600,231,37543,749,47234,0,3823,363,17792,616,37256,363,55048,California
Shasta,2021-04-21,587,89187,206,37749,381,47615,0,3823,299,17803,288,37544,299,55347,California
Shasta,2021-04-22,950,90137,269,38018,681,48296,0,3823,297,17449,651,38195,297,55644,California
Shasta,2021-04-23,641,90778,250,38268,391,48687,0,3823,323,17455,317,38512,323,55967,California
Shasta,2021-04-24,596,91374,357,38625,238,48925,1,3824,107,17075,487,38999,107,56074,California
Shasta,2021-04-25,209,91583,180,38805,28,48953,1,3825,36,16939,173,39172,37,56111,California
Shasta,2021-04-26,482,92065,50,38855,427,49380,5,3830,335,17133,145,39317,339,56450,California
Shasta,2021-04-27,530,92595,171,39026,322,49702,37,3867,295,17231,232,39549,330,56780,California
Shasta,2021-04-28,565,93160,144,39170,389,50091,32,3899,251,17199,314,39863,282,57062,California
Shasta,2021-04-29,767,93927,111,39281,633,50724,23,3922,180,16816,586,40449,203,57265,California
Shasta,2021-04-30,2235,96162,1818,41099,387,51111,30,3952,256,15124,1978,42427,286,57551,California
Shasta,2021-05-01,221,96383,19,41118,126,51237,76,4028,94,15167,127,42554,170,57721,California
Shasta,2021-05-02,46,96429,16,41134,17,51254,13,4041,19,15172,27,42581,32,57753,California
Shasta,2021-05-03,344,96773,93,41227,226,51480,25,4066,107,15068,236,42817,132,57885,California
Shasta,2021-05-04,522,97295,192,41419,293,51773,37,4103,253,15092,266,43083,290,58175,California
Shasta,2021-05-05,432,97727,140,41559,275,52048,17,4120,198,15073,234,43317,215,58390,California
Shasta,2021-05-06,686,98413,259,41818,389,52437,38,4158,291,15015,386,43703,328,58718,California
Shasta,2021-05-07,1102,99515,729,42547,335,52772,38,4196,299,14550,802,44505,337,59055,California
Shasta,2021-05-08,166,99681,82,42629,73,52845,11,4207,97,14588,69,44574,107,59162,California
Shasta,2021-05-09,64,99745,14,42643,45,52890,5,4212,34,14597,30,44604,39,59201,California
Shasta,2021-05-10,256,100001,19,42662,188,53078,49,4261,112,14614,141,44745,158,59359,California
Shasta,2021-05-11,495,100496,149,42811,199,53277,147,4408,175,14617,319,45064,322,59681,California
Shasta,2021-05-12,360,100856,138,42949,200,53477,22,4430,116,14512,243,45307,138,59819,California
Shasta,2021-05-13,536,101392,226,43175,295,53772,15,4445,197,14387,337,45644,212,60031,California
Shasta,2021-05-14,635,102027,269,43444,341,54113,25,4470,292,14363,342,45986,318,60349,California
Shasta,2021-05-15,382,102409,120,43564,161,54274,101,4571,159,14400,222,46208,259,60608,California
Shasta,2021-05-16,220,102629,154,43718,56,54330,10,4581,162,14514,58,46266,172,60780,California
Shasta,2021-05-17,526,103155,238,43956,229,54559,59,4640,280,14608,245,46511,339,61119,California
Shasta,2021-05-18,605,103760,290,44246,290,54849,25,4665,323,14674,282,46793,348,61467,California
Shasta,2021-05-19,586,104346,276,44522,243,55092,67,4732,286,14730,297,47090,353,61820,California
Shasta,2021-05-20,511,104857,232,44754,260,55352,19,4751,240,14721,268,47358,259,62079,California
Shasta,2021-05-21,553,105410,251,45005,283,55635,19,4770,295,14779,256,47614,314,62393,California
Shasta,2021-05-22,199,105609,113,45118,77,55712,9,4779,127,14845,70,47684,136,62529,California
Shasta,2021-05-23,93,105702,44,45162,41,55753,8,4787,61,14882,32,47716,69,62598,California
Shasta,2021-05-24,522,106224,161,45323,331,56084,30,4817,189,14769,332,48048,219,62817,California
Shasta,2021-05-25,441,106665,178,45501,218,56302,45,4862,158,14691,280,48328,202,63019,California
Shasta,2021-05-26,369,107034,142,45643,202,56504,25,4887,148,14643,221,48549,173,63192,California
Shasta,2021-05-27,420,107454,155,45798,256,56760,9,4896,157,14549,260,48809,166,63358,California
Shasta,2021-05-28,437,107891,197,45995,212,56972,28,4924,206,14555,228,49037,234,63592,California
Shasta,2021-05-29,223,108114,63,46058,130,57102,30,4954,94,14548,129,49166,122,63714,California
Shasta,2021-05-30,85,108199,49,46107,34,57136,2,4956,57,14579,28,49194,59,63773,California
Shasta,2021-05-31,35,108234,9,46116,25,57161,1,4957,12,14570,22,49216,13,63786,California
Shasta,2021-06-01,523,108757,153,46269,226,57387,144,5101,137,14473,379,49595,282,64068,California
Shasta,2021-06-02,291,109048,118,46387,164,57551,9,5110,124,14441,165,49760,133,64201,California
Shasta,2021-06-03,333,109381,157,46544,169,57720,7,5117,122,14360,210,49970,129,64330,California
Shasta,2021-06-04,531,109912,283,46827,221,57941,27,5144,192,14241,338,50308,219,64549,California
Shasta,2021-06-05,32,109944,23,46850,6,57947,3,5147,12,14237,19,50327,15,64564,California
Sierra,2020-12-18,1,1,1,1,0,0,0,0,1,1,0,0,1,1,California
Sierra,2020-12-21,2,3,2,3,0,0,0,0,2,3,0,0,2,3,California
Sierra,2020-12-22,12,15,12,15,0,0,0,0,12,15,0,0,12,15,California
Sierra,2020-12-23,4,19,4,19,0,0,0,0,4,19,0,0,4,19,California
Sierra,2020-12-28,1,20,0,19,1,1,0,0,1,20,0,0,1,20,California
Sierra,2020-12-29,49,69,7,26,42,43,0,0,49,69,0,0,49,69,California
Sierra,2020-12-30,2,71,0,26,2,45,0,0,2,71,0,0,2,71,California
Sierra,2020-12-31,13,84,0,26,13,58,0,0,13,84,0,0,13,84,California
Sierra,2021-01-01,1,85,1,27,0,58,0,0,1,85,0,0,1,85,California
Sierra,2021-01-05,63,148,2,29,61,119,0,0,63,148,0,0,63,148,California
Sierra,2021-01-06,1,149,1,30,0,119,0,0,1,149,0,0,1,149,California
Sierra,2021-01-07,21,170,1,31,20,139,0,0,20,168,1,1,20,169,California
Sierra,2021-01-08,1,171,1,32,0,139,0,0,1,169,0,1,1,170,California
Sierra,2021-01-11,3,174,3,35,0,139,0,0,0,166,3,4,0,170,California
Sierra,2021-01-12,38,212,12,47,26,165,0,0,26,180,12,16,26,196,California
Sierra,2021-01-13,3,215,3,50,0,165,0,0,0,177,3,19,0,196,California
Sierra,2021-01-14,35,250,2,52,33,198,0,0,35,212,0,19,35,231,California
Sierra,2021-01-15,3,253,1,53,2,200,0,0,3,215,0,19,3,234,California
Sierra,2021-01-18,2,255,0,53,2,202,0,0,2,217,0,19,2,236,California
Sierra,2021-01-19,32,287,0,53,32,234,0,0,32,249,0,19,32,268,California
Sierra,2021-01-20,1,288,1,54,0,234,0,0,1,250,0,19,1,269,California
Sierra,2021-01-21,53,341,0,54,53,287,0,0,53,303,0,19,53,322,California
Sierra,2021-01-22,2,343,0,54,2,289,0,0,2,305,0,19,2,324,California
Sierra,2021-01-23,2,345,0,54,2,291,0,0,2,307,0,19,2,326,California
Sierra,2021-01-26,62,407,0,54,62,353,0,0,24,293,38,57,24,350,California
Sierra,2021-01-27,4,411,4,58,0,353,0,0,0,289,4,61,0,350,California
Sierra,2021-01-28,53,464,0,58,53,406,0,0,43,322,10,71,43,393,California
Sierra,2021-01-29,1,465,0,58,1,407,0,0,1,323,0,71,1,394,California
Sierra,2021-01-30,3,468,3,61,0,407,0,0,2,324,1,72,2,396,California
Sierra,2021-02-01,1,469,0,61,1,408,0,0,0,323,1,73,0,396,California
Sierra,2021-02-02,59,528,1,62,58,466,0,0,21,306,38,111,21,417,California
Sierra,2021-02-03,6,534,5,67,1,467,0,0,5,310,1,112,5,422,California
Sierra,2021-02-04,101,635,4,71,97,564,0,0,52,313,49,161,52,474,California
Sierra,2021-02-05,5,640,3,74,2,566,0,0,4,316,1,162,4,478,California
Sierra,2021-02-09,54,694,0,74,54,620,0,0,51,364,3,165,51,529,California
Sierra,2021-02-10,3,697,1,75,2,622,0,0,3,367,0,165,3,532,California
Sierra,2021-02-11,194,891,1,76,193,815,0,0,134,441,60,225,134,666,California
Sierra,2021-02-12,20,911,0,76,20,835,0,0,20,461,0,225,20,686,California
Sierra,2021-02-13,1,912,1,77,0,835,0,0,1,462,0,225,1,687,California
Sierra,2021-02-15,2,914,2,79,0,835,0,0,0,460,2,227,0,687,California
Sierra,2021-02-16,43,957,0,79,43,878,0,0,10,437,33,260,10,697,California
Sierra,2021-02-17,4,961,0,79,4,882,0,0,1,435,3,263,1,698,California
Sierra,2021-02-18,143,1104,0,79,143,1025,0,0,93,478,50,313,93,791,California
Sierra,2021-02-19,2,1106,1,80,1,1026,0,0,1,478,1,314,1,792,California
Sierra,2021-02-20,2,1108,2,82,0,1026,0,0,0,476,2,316,0,792,California
Sierra,2021-02-23,4,1112,0,82,4,1030,0,0,4,480,0,316,4,796,California
Sierra,2021-02-24,1,1113,0,82,1,1031,0,0,1,481,0,316,1,797,California
Sierra,2021-02-25,125,1238,1,83,124,1155,0,0,59,475,65,381,59,856,California
Sierra,2021-02-26,11,1249,6,89,5,1160,0,0,4,472,7,388,4,860,California
Sierra,2021-02-27,2,1251,2,91,0,1160,0,0,0,470,2,390,0,860,California
Sierra,2021-03-01,1,1252,1,92,0,1160,0,0,0,469,1,391,0,860,California
Sierra,2021-03-02,58,1310,0,92,58,1218,0,0,39,489,19,410,39,899,California
Sierra,2021-03-03,2,1312,2,94,0,1218,0,0,1,489,1,411,1,900,California
Sierra,2021-03-04,108,1420,0,94,108,1326,0,0,60,501,48,459,60,960,California
Sierra,2021-03-05,13,1433,1,95,12,1338,0,0,11,510,2,461,11,971,California
Sierra,2021-03-07,1,1434,1,96,0,1338,0,0,0,509,1,462,0,971,California
Sierra,2021-03-08,2,1436,2,98,0,1338,0,0,2,511,0,462,2,973,California
Sierra,2021-03-09,58,1494,0,98,58,1396,0,0,11,475,47,509,11,984,California
Sierra,2021-03-10,6,1500,0,98,6,1402,0,0,4,477,2,511,4,988,California
Sierra,2021-03-11,176,1676,0,98,176,1578,0,0,44,389,132,643,44,1032,California
Sierra,2021-03-12,20,1696,1,99,19,1597,0,0,0,369,20,663,0,1032,California
Sierra,2021-03-13,28,1724,0,99,28,1625,0,0,28,397,0,663,28,1060,California
Sierra,2021-03-15,2,1726,0,99,0,1625,2,2,0,397,2,665,2,1062,California
Sierra,2021-03-16,36,1762,0,99,35,1660,1,3,22,406,14,679,23,1085,California
Sierra,2021-03-17,1,1763,0,99,1,1661,0,3,0,405,1,680,0,1085,California
Sierra,2021-03-18,160,1923,0,99,160,1821,0,3,65,375,95,775,65,1150,California
Sierra,2021-03-19,4,1927,2,101,2,1823,0,3,1,373,3,778,1,1151,California
Sierra,2021-03-20,1,1928,0,101,1,1824,0,3,1,374,0,778,1,1152,California
Sierra,2021-03-23,22,1950,0,101,22,1846,0,3,13,378,9,787,13,1165,California
Sierra,2021-03-24,3,1953,1,102,2,1848,0,3,1,377,2,789,1,1166,California
Sierra,2021-03-25,99,2052,1,103,98,1946,0,3,50,378,49,838,50,1216,California
Sierra,2021-03-26,12,2064,1,104,11,1957,0,3,8,382,4,842,8,1224,California
Sierra,2021-03-27,1,2065,0,104,1,1958,0,3,0,381,1,843,0,1224,California
Sierra,2021-03-29,1,2066,1,105,0,1958,0,3,0,380,1,844,0,1224,California
Sierra,2021-03-30,56,2122,1,106,55,2013,0,3,22,368,34,878,22,1246,California
Sierra,2021-03-31,8,2130,0,106,8,2021,0,3,8,376,0,878,8,1254,California
Sierra,2021-04-01,63,2193,1,107,62,2083,0,3,5,325,56,934,5,1259,California
Sierra,2021-04-02,3,2196,2,109,1,2084,0,3,2,326,1,935,2,1261,California
Sierra,2021-04-04,1,2197,0,109,1,2085,0,3,0,326,0,935,0,1261,California
Sierra,2021-04-06,11,2208,0,109,11,2096,0,3,1,317,10,945,1,1262,California
Sierra,2021-04-07,14,2222,3,112,6,2102,5,8,3,315,10,955,8,1270,California
Sierra,2021-04-08,53,2275,2,114,51,2153,0,8,16,294,37,992,16,1286,California
Sierra,2021-04-09,2,2277,2,116,0,2153,0,8,1,294,1,993,1,1287,California
Sierra,2021-04-10,27,2304,0,116,27,2180,0,8,0,267,27,1020,0,1287,California
Sierra,2021-04-12,1,2305,0,116,0,2180,1,9,0,267,1,1021,1,1288,California
Sierra,2021-04-13,45,2350,0,116,45,2225,0,9,5,232,40,1061,5,1293,California
Sierra,2021-04-14,1,2351,0,116,1,2226,0,9,1,233,0,1061,1,1294,California
Sierra,2021-04-15,49,2400,1,117,48,2274,0,9,2,188,47,1108,2,1296,California
Sierra,2021-04-17,2,2402,1,118,1,2275,0,9,1,188,1,1109,1,1297,California
Sierra,2021-04-18,1,2403,0,118,1,2276,0,9,0,188,0,1109,0,1297,California
Sierra,2021-04-19,2,2405,1,119,1,2277,0,9,1,188,1,1110,1,1298,California
Sierra,2021-04-20,33,2438,1,120,32,2309,0,9,6,167,27,1137,6,1304,California
Sierra,2021-04-21,2,2440,1,121,1,2310,0,9,1,167,1,1138,1,1305,California
Sierra,2021-04-22,64,2504,1,122,63,2373,0,9,5,114,58,1196,5,1310,California
Sierra,2021-04-23,12,2516,0,122,12,2385,0,9,4,110,8,1204,4,1314,California
Sierra,2021-04-24,4,2520,0,122,4,2389,0,9,4,114,0,1204,4,1318,California
Sierra,2021-04-27,27,2547,0,122,27,2416,0,9,4,95,23,1227,4,1322,California
Sierra,2021-04-28,10,2557,2,124,8,2424,0,9,1,87,9,1236,1,1323,California
Sierra,2021-04-29,20,2577,2,126,18,2442,0,9,14,95,6,1242,14,1337,California
Sierra,2021-04-30,3,2580,1,127,2,2444,0,9,1,94,2,1244,1,1338,California
Sierra,2021-05-03,1,2581,1,128,0,2444,0,9,1,95,0,1244,1,1339,California
Sierra,2021-05-04,2,2583,0,128,1,2445,1,10,0,94,2,1246,1,1340,California
Sierra,2021-05-05,23,2606,1,129,22,2467,0,10,8,87,15,1261,8,1348,California
Sierra,2021-05-06,1,2607,1,130,0,2467,0,10,0,86,1,1262,0,1348,California
Sierra,2021-05-07,1,2608,1,131,0,2467,0,10,1,87,0,1262,1,1349,California
Sierra,2021-05-08,1,2609,0,131,0,2467,1,11,0,87,1,1263,1,1350,California
Sierra,2021-05-11,11,2620,0,131,4,2471,7,18,0,83,11,1274,7,1357,California
Sierra,2021-05-12,10,2630,1,132,9,2480,0,18,7,87,3,1277,7,1364,California
Sierra,2021-05-13,3,2633,2,134,1,2481,0,18,2,88,1,1278,2,1366,California
Sierra,2021-05-14,3,2636,1,135,2,2483,0,18,3,91,0,1278,3,1369,California
Sierra,2021-05-17,1,2637,1,136,0,2483,0,18,1,92,0,1278,1,1370,California
Sierra,2021-05-18,1,2638,0,136,0,2483,1,19,0,92,1,1279,1,1371,California
Sierra,2021-05-19,6,2644,3,139,3,2486,0,19,2,90,4,1283,2,1373,California
Sierra,2021-05-20,9,2653,8,147,0,2486,1,20,8,98,1,1284,9,1382,California
Sierra,2021-05-21,3,2656,1,148,2,2488,0,20,1,97,2,1286,1,1383,California
Sierra,2021-05-22,4,2660,0,148,4,2492,0,20,0,93,4,1290,0,1383,California
Sierra,2021-05-23,1,2661,0,148,1,2493,0,20,1,94,0,1290,1,1384,California
Sierra,2021-05-24,3,2664,1,149,2,2495,0,20,2,95,1,1291,2,1386,California
Sierra,2021-05-25,3,2667,0,149,3,2498,0,20,1,94,2,1293,1,1387,California
Sierra,2021-05-26,8,2675,0,149,8,2506,0,20,4,94,4,1297,4,1391,California
Sierra,2021-05-27,9,2684,1,150,7,2513,1,21,2,90,7,1304,3,1394,California
Sierra,2021-05-28,4,2688,2,152,2,2515,0,21,2,90,2,1306,2,1396,California
Sierra,2021-05-29,2,2690,0,152,2,2517,0,21,2,92,0,1306,2,1398,California
Sierra,2021-05-30,1,2691,1,153,0,2517,0,21,1,93,0,1306,1,1399,California
Sierra,2021-06-01,1,2692,0,153,1,2518,0,21,0,92,1,1307,0,1399,California
Sierra,2021-06-02,21,2713,0,153,21,2539,0,21,0,72,20,1327,0,1399,California
Sierra,2021-06-03,2,2715,2,155,0,2539,0,21,0,70,2,1329,0,1399,California
Sierra,2021-06-04,2,2717,2,157,0,2539,0,21,1,70,1,1330,1,1400,California
Siskiyou,2020-12-16,2,2,2,2,0,0,0,0,2,2,0,0,2,2,California
Siskiyou,2020-12-17,4,6,4,6,0,0,0,0,4,6,0,0,4,6,California
Siskiyou,2020-12-18,2,8,2,8,0,0,0,0,2,8,0,0,2,8,California
Siskiyou,2020-12-19,4,12,4,12,0,0,0,0,4,12,0,0,4,12,California
Siskiyou,2020-12-20,1,13,1,13,0,0,0,0,1,13,0,0,1,13,California
Siskiyou,2020-12-21,131,144,131,144,0,0,0,0,131,144,0,0,131,144,California
Siskiyou,2020-12-22,158,302,158,302,0,0,0,0,158,302,0,0,158,302,California
Siskiyou,2020-12-23,142,444,142,444,0,0,0,0,142,444,0,0,142,444,California
Siskiyou,2020-12-24,5,449,5,449,0,0,0,0,5,449,0,0,5,449,California
Siskiyou,2020-12-26,2,451,0,449,2,2,0,0,2,451,0,0,2,451,California
Siskiyou,2020-12-27,2,453,0,449,2,4,0,0,2,453,0,0,2,453,California
Siskiyou,2020-12-28,3,456,1,450,2,6,0,0,3,456,0,0,3,456,California
Siskiyou,2020-12-29,6,462,2,452,4,10,0,0,6,462,0,0,6,462,California
Siskiyou,2020-12-30,98,560,3,455,95,105,0,0,98,560,0,0,98,560,California
Siskiyou,2020-12-31,12,572,0,455,12,117,0,0,12,572,0,0,12,572,California
Siskiyou,2021-01-02,1,573,1,456,0,117,0,0,1,573,0,0,1,573,California
Siskiyou,2021-01-03,1,574,0,456,1,118,0,0,1,574,0,0,1,574,California
Siskiyou,2021-01-04,129,703,3,459,126,244,0,0,129,703,0,0,129,703,California
Siskiyou,2021-01-05,118,821,4,463,114,358,0,0,117,819,1,1,117,820,California
Siskiyou,2021-01-06,59,880,6,469,53,411,0,0,55,870,4,5,55,875,California
Siskiyou,2021-01-07,174,1054,4,473,170,581,0,0,173,1042,1,6,173,1048,California
Siskiyou,2021-01-08,40,1094,3,476,37,618,0,0,38,1078,2,8,38,1086,California
Siskiyou,2021-01-09,2,1096,2,478,0,618,0,0,0,1076,2,10,0,1086,California
Siskiyou,2021-01-11,225,1321,64,542,161,779,0,0,163,1177,62,72,163,1249,California
Siskiyou,2021-01-12,323,1644,274,816,49,828,0,0,90,1035,233,305,91,1340,California
Siskiyou,2021-01-13,157,1801,137,953,20,848,0,0,23,924,134,439,23,1363,California
Siskiyou,2021-01-14,25,1826,1,954,24,872,0,0,24,947,1,440,24,1387,California
Siskiyou,2021-01-15,35,1861,3,957,32,904,0,0,35,982,0,440,35,1422,California
Siskiyou,2021-01-16,7,1868,2,959,5,909,0,0,7,989,0,440,7,1429,California
Siskiyou,2021-01-17,1,1869,1,960,0,909,0,0,0,988,1,441,0,1429,California
Siskiyou,2021-01-18,76,1945,3,963,73,982,0,0,74,1060,2,443,74,1503,California
Siskiyou,2021-01-19,21,1966,1,964,20,1002,0,0,20,1079,1,444,20,1523,California
Siskiyou,2021-01-20,47,2013,35,999,12,1014,0,0,43,1118,4,448,43,1566,California
Siskiyou,2021-01-21,42,2055,1,1000,41,1055,0,0,42,1160,0,448,42,1608,California
Siskiyou,2021-01-22,1327,3382,1175,2175,152,1207,0,0,1327,2487,0,448,1327,2935,California
Siskiyou,2021-01-23,5,3387,1,2176,4,1211,0,0,2,2486,3,451,2,2937,California
Siskiyou,2021-01-25,182,3569,8,2184,174,1385,0,0,178,2660,4,455,178,3115,California
Siskiyou,2021-01-26,119,3688,3,2187,116,1501,0,0,111,2763,8,463,111,3226,California
Siskiyou,2021-01-27,182,3870,1,2188,181,1682,0,0,127,2835,55,518,127,3353,California
Siskiyou,2021-01-28,231,4101,117,2305,114,1796,0,0,225,3054,6,524,225,3578,California
Siskiyou,2021-01-29,249,4350,3,2308,246,2042,0,0,247,3299,2,526,247,3825,California
Siskiyou,2021-01-30,4,4354,3,2311,1,2043,0,0,4,3303,0,526,4,3829,California
Siskiyou,2021-02-01,194,4548,3,2314,191,2234,0,0,105,3319,89,615,105,3934,California
Siskiyou,2021-02-02,289,4837,45,2359,244,2478,0,0,146,3322,143,758,146,4080,California
Siskiyou,2021-02-03,315,5152,1,2360,314,2792,0,0,264,3535,51,809,264,4344,California
Siskiyou,2021-02-04,317,5469,7,2367,310,3102,0,0,196,3610,121,930,196,4540,California
Siskiyou,2021-02-05,511,5980,4,2371,507,3609,0,0,349,3797,162,1092,349,4889,California
Siskiyou,2021-02-06,15,5995,0,2371,15,3624,0,0,15,3812,0,1092,15,4904,California
Siskiyou,2021-02-07,3,5998,2,2373,1,3625,0,0,3,3815,0,1092,3,4907,California
Siskiyou,2021-02-08,218,6216,4,2377,214,3839,0,0,214,4025,4,1096,214,5121,California
Siskiyou,2021-02-09,217,6433,3,2380,214,4053,0,0,184,4176,33,1129,184,5305,California
Siskiyou,2021-02-10,371,6804,41,2421,330,4383,0,0,318,4442,52,1181,318,5623,California
Siskiyou,2021-02-11,189,6993,1,2422,188,4571,0,0,174,4601,15,1196,174,5797,California
Siskiyou,2021-02-12,1687,8680,1198,3620,489,5060,0,0,498,3910,1189,2385,498,6295,California
Siskiyou,2021-02-13,37,8717,2,3622,35,5095,0,0,33,3939,4,2389,33,6328,California
Siskiyou,2021-02-14,5,8722,1,3623,4,5099,0,0,5,3944,0,2389,5,6333,California
Siskiyou,2021-02-15,102,8824,4,3627,98,5197,0,0,100,4042,2,2391,100,6433,California
Siskiyou,2021-02-16,114,8938,2,3629,112,5309,0,0,99,4126,15,2406,99,6532,California
Siskiyou,2021-02-17,176,9114,8,3637,168,5477,0,0,162,4274,14,2420,162,6694,California
Siskiyou,2021-02-18,221,9335,88,3725,133,5610,0,0,98,4249,123,2543,98,6792,California
Siskiyou,2021-02-19,71,9406,34,3759,37,5647,0,0,34,4246,37,2580,34,6826,California
Siskiyou,2021-02-20,22,9428,3,3762,19,5666,0,0,17,4258,5,2585,17,6843,California
Siskiyou,2021-02-21,1,9429,1,3763,0,5666,0,0,1,4259,0,2585,1,6844,California
Siskiyou,2021-02-22,125,9554,2,3765,123,5789,0,0,19,4172,106,2691,19,6863,California
Siskiyou,2021-02-23,161,9715,15,3780,146,5935,0,0,46,4103,115,2806,46,6909,California
Siskiyou,2021-02-24,151,9866,5,3785,146,6081,0,0,38,4028,113,2919,38,6947,California
Siskiyou,2021-02-25,294,10160,18,3803,276,6357,0,0,148,4030,146,3065,148,7095,California
Siskiyou,2021-02-26,669,10829,9,3812,660,7017,0,0,367,4095,302,3367,367,7462,California
Siskiyou,2021-02-27,32,10861,5,3817,27,7044,0,0,28,4119,4,3371,28,7490,California
Siskiyou,2021-02-28,6,10867,5,3822,1,7045,0,0,4,4121,2,3373,4,7494,California
Siskiyou,2021-03-01,280,11147,6,3828,274,7319,0,0,50,3941,230,3603,50,7544,California
Siskiyou,2021-03-02,189,11336,1,3829,188,7507,0,0,70,3892,119,3722,70,7614,California
Siskiyou,2021-03-03,347,11683,10,3839,337,7844,0,0,153,3851,194,3916,153,7767,California
Siskiyou,2021-03-04,787,12470,617,4456,170,8014,0,0,632,4328,155,4071,632,8399,California
Siskiyou,2021-03-05,326,12796,5,4461,310,8324,11,11,106,4228,217,4288,117,8516,California
Siskiyou,2021-03-06,43,12839,3,4464,33,8357,7,18,28,4248,15,4303,35,8551,California
Siskiyou,2021-03-07,10,12849,2,4466,0,8357,8,26,1,4248,9,4312,9,8560,California
Siskiyou,2021-03-08,353,13202,24,4490,295,8652,34,60,59,4047,294,4606,93,8653,California
Siskiyou,2021-03-09,163,13365,2,4492,106,8758,55,115,38,4015,125,4731,93,8746,California
Siskiyou,2021-03-10,220,13585,6,4498,184,8942,30,145,24,3873,196,4927,54,8800,California
Siskiyou,2021-03-11,476,14061,206,4704,223,9165,47,192,276,3997,199,5126,323,9123,California
Siskiyou,2021-03-12,651,14712,141,4845,471,9636,39,231,184,3755,465,5591,223,9346,California
Siskiyou,2021-03-13,429,15141,380,5225,26,9662,23,254,380,4109,49,5640,403,9749,California
Siskiyou,2021-03-14,20,15161,1,5226,3,9665,16,270,2,4109,18,5658,18,9767,California
Siskiyou,2021-03-15,455,15616,258,5484,175,9840,22,292,320,4316,135,5793,342,10109,California
Siskiyou,2021-03-16,257,15873,34,5518,207,10047,16,308,141,4358,115,5908,157,10266,California
Siskiyou,2021-03-17,200,16073,9,5527,183,10230,8,316,34,4234,166,6074,42,10308,California
Siskiyou,2021-03-18,925,16998,787,6314,126,10356,12,328,810,4941,115,6189,822,11130,California
Siskiyou,2021-03-19,66,17064,7,6321,46,10402,13,341,19,4926,47,6236,32,11162,California
Siskiyou,2021-03-20,29,17093,7,6328,18,10420,4,345,6,4913,23,6259,10,11172,California
Siskiyou,2021-03-21,10,17103,4,6332,1,10421,5,350,4,4916,6,6265,9,11181,California
Siskiyou,2021-03-22,208,17311,21,6353,165,10586,22,372,145,5023,60,6325,167,11348,California
Siskiyou,2021-03-23,176,17487,19,6372,148,10734,9,381,128,5112,48,6373,137,11485,California
Siskiyou,2021-03-24,143,17630,47,6419,96,10830,0,381,116,5201,27,6400,116,11601,California
Siskiyou,2021-03-25,566,18196,316,6735,247,11077,3,384,396,5430,170,6570,399,12000,California
Siskiyou,2021-03-26,305,18501,35,6770,270,11347,0,384,104,5335,199,6769,104,12104,California
Siskiyou,2021-03-27,39,18540,6,6776,28,11375,5,389,11,5323,28,6797,16,12120,California
Siskiyou,2021-03-28,7,18547,6,6782,1,11376,0,389,5,5326,2,6799,5,12125,California
Siskiyou,2021-03-29,95,18642,10,6792,83,11459,2,391,45,5323,50,6849,47,12172,California
Siskiyou,2021-03-30,102,18744,6,6798,95,11554,1,392,41,5304,61,6910,42,12214,California
Siskiyou,2021-03-31,181,18925,12,6810,166,11720,3,395,48,5224,132,7042,52,12266,California
Siskiyou,2021-04-01,826,19751,669,7479,157,11877,0,395,213,4824,613,7655,213,12479,California
Siskiyou,2021-04-02,348,20099,197,7676,147,12024,4,399,66,4614,280,7935,70,12549,California
Siskiyou,2021-04-03,26,20125,5,7681,14,12038,7,406,5,4605,21,7956,12,12561,California
Siskiyou,2021-04-04,2,20127,1,7682,1,12039,0,406,1,4605,1,7957,1,12562,California
Siskiyou,2021-04-05,437,20564,332,8014,80,12119,25,431,27,4248,409,8366,52,12614,California
Siskiyou,2021-04-06,220,20784,36,8050,131,12250,53,484,126,4333,93,8459,178,12792,California
Siskiyou,2021-04-07,114,20898,10,8060,63,12313,41,525,65,4390,49,8508,106,12898,California
Siskiyou,2021-04-08,349,21247,179,8239,127,12440,43,568,64,4212,285,8793,107,13005,California
Siskiyou,2021-04-09,546,21793,378,8617,130,12570,38,606,84,3874,461,9254,123,13128,California
Siskiyou,2021-04-10,46,21839,6,8623,3,12573,37,643,7,3879,39,9293,44,13172,California
Siskiyou,2021-04-11,7,21846,5,8628,1,12574,1,644,2,3877,5,9298,3,13175,California
Siskiyou,2021-04-12,128,21974,24,8652,103,12677,1,645,48,3846,80,9378,49,13224,California
Siskiyou,2021-04-13,206,22180,37,8689,168,12845,1,646,82,3805,124,9502,83,13307,California
Siskiyou,2021-04-14,155,22335,64,8753,91,12936,0,646,84,3820,69,9571,84,13391,California
Siskiyou,2021-04-15,1116,23451,957,9710,159,13095,0,646,437,3578,679,10250,437,13828,California
Siskiyou,2021-04-16,300,23751,208,9918,92,13187,0,646,268,3815,31,10281,268,14096,California
Siskiyou,2021-04-17,12,23763,9,9927,3,13190,0,646,7,3817,5,10286,7,14103,California
Siskiyou,2021-04-18,5,23768,3,9930,2,13192,0,646,1,3814,4,10290,1,14104,California
Siskiyou,2021-04-19,127,23895,24,9954,103,13295,0,646,45,3777,82,10372,45,14149,California
Siskiyou,2021-04-20,220,24115,4,9958,216,13511,0,646,91,3739,129,10501,91,14240,California
Siskiyou,2021-04-21,95,24210,10,9968,85,13596,0,646,25,3694,70,10571,25,14265,California
Siskiyou,2021-04-22,410,24620,298,10266,112,13708,0,646,50,3384,360,10931,50,14315,California
Siskiyou,2021-04-23,181,24801,15,10281,166,13874,0,646,159,3522,21,10952,159,14474,California
Siskiyou,2021-04-24,28,24829,4,10285,24,13898,0,646,20,3534,8,10960,20,14494,California
Siskiyou,2021-04-25,2,24831,0,10285,2,13900,0,646,2,3536,0,10960,2,14496,California
Siskiyou,2021-04-26,99,24930,6,10291,88,13988,5,651,24,3490,75,11035,29,14525,California
Siskiyou,2021-04-27,104,25034,4,10295,98,14086,2,653,84,3558,18,11053,86,14611,California
Siskiyou,2021-04-28,109,25143,7,10302,94,14180,8,661,52,3561,57,11110,60,14671,California
Siskiyou,2021-04-29,105,25248,14,10316,91,14271,0,661,25,3506,80,11190,25,14696,California
Siskiyou,2021-04-30,103,25351,21,10337,81,14352,1,662,45,3496,55,11245,45,14741,California
Siskiyou,2021-05-01,11,25362,7,10344,1,14353,3,665,7,3502,4,11249,10,14751,California
Siskiyou,2021-05-02,10,25372,4,10348,6,14359,0,665,8,3508,2,11251,8,14759,California
Siskiyou,2021-05-03,108,25480,24,10372,82,14441,2,667,45,3492,63,11314,47,14806,California
Siskiyou,2021-05-04,121,25601,6,10378,113,14554,2,669,60,3494,60,11374,62,14868,California
Siskiyou,2021-05-05,114,25715,19,10397,86,14640,9,678,39,3468,74,11448,48,14916,California
Siskiyou,2021-05-06,367,26082,296,10693,65,14705,6,684,190,3487,177,11625,196,15112,California
Siskiyou,2021-05-07,309,26391,219,10912,85,14790,5,689,33,3250,275,11900,38,15150,California
Siskiyou,2021-05-08,25,26416,4,10916,20,14810,1,690,18,3262,7,11907,19,15169,California
Siskiyou,2021-05-09,1,26417,0,10916,1,14811,0,690,0,3261,1,11908,0,15169,California
Siskiyou,2021-05-10,99,26516,68,10984,30,14841,1,691,22,3207,77,11985,23,15192,California
Siskiyou,2021-05-11,86,26602,8,10992,73,14914,5,696,51,3228,35,12020,56,15248,California
Siskiyou,2021-05-12,53,26655,4,10996,45,14959,4,700,15,3209,38,12058,19,15267,California
Siskiyou,2021-05-13,76,26731,31,11027,36,14995,9,709,34,3210,42,12100,43,15310,California
Siskiyou,2021-05-14,169,26900,81,11108,87,15082,1,710,102,3247,66,12166,103,15413,California
Siskiyou,2021-05-15,44,26944,14,11122,28,15110,2,712,37,3280,6,12172,39,15452,California
Siskiyou,2021-05-16,6,26950,2,11124,4,15114,0,712,4,3282,2,12174,4,15456,California
Siskiyou,2021-05-17,64,27014,2,11126,39,15153,23,735,11,3263,53,12227,34,15490,California
Siskiyou,2021-05-18,216,27230,81,11207,131,15284,4,739,122,3296,93,12320,126,15616,California
Siskiyou,2021-05-19,155,27385,97,11304,57,15341,1,740,124,3390,31,12351,125,15741,California
Siskiyou,2021-05-20,493,27878,422,11726,69,15410,2,742,226,3351,267,12618,228,15969,California
Siskiyou,2021-05-21,181,28059,95,11821,86,15496,0,742,108,3387,72,12690,108,16077,California
Siskiyou,2021-05-22,41,28100,19,11840,22,15518,0,742,26,3398,15,12705,26,16103,California
Siskiyou,2021-05-23,4,28104,3,11843,1,15519,0,742,2,3398,2,12707,2,16105,California
Siskiyou,2021-05-24,18,28122,3,11846,15,15534,0,742,6,3393,11,12718,6,16111,California
Siskiyou,2021-05-25,156,28278,16,11862,120,15654,20,762,51,3361,103,12821,71,16182,California
Siskiyou,2021-05-26,75,28353,19,11881,56,15710,0,762,42,3370,33,12854,42,16224,California
Siskiyou,2021-05-27,129,28482,93,11974,35,15745,1,763,58,3358,71,12925,59,16283,California
Siskiyou,2021-05-28,153,28635,57,12031,95,15840,1,764,101,3409,51,12976,102,16385,California
Siskiyou,2021-05-29,16,28651,9,12040,4,15844,3,767,5,3406,11,12987,8,16393,California
Siskiyou,2021-05-31,2,28653,1,12041,0,15844,1,768,1,3407,1,12988,2,16395,California
Siskiyou,2021-06-01,86,28739,20,12061,66,15910,0,768,29,3380,56,13044,29,16424,California
Siskiyou,2021-06-02,121,28860,35,12096,86,15996,0,768,44,3347,77,13121,44,16468,California
Siskiyou,2021-06-03,148,29008,103,12199,40,16036,5,773,35,3274,113,13234,40,16508,California
Siskiyou,2021-06-04,103,29111,81,12280,22,16058,0,773,22,3215,81,13315,22,16530,California
Siskiyou,2021-06-05,1,29112,1,12281,0,16058,0,773,0,3214,1,13316,0,16530,California
Solano,2020-12-15,4,4,4,4,0,0,0,0,4,4,0,0,4,4,California
Solano,2020-12-16,70,74,70,74,0,0,0,0,70,74,0,0,70,74,California
Solano,2020-12-17,171,245,171,245,0,0,0,0,171,245,0,0,171,245,California
Solano,2020-12-18,477,722,476,721,1,1,0,0,477,722,0,0,477,722,California
Solano,2020-12-19,521,1243,521,1242,0,1,0,0,521,1243,0,0,521,1243,California
Solano,2020-12-20,353,1596,351,1593,2,3,0,0,353,1596,0,0,353,1596,California
Solano,2020-12-21,577,2173,575,2168,2,5,0,0,577,2173,0,0,577,2173,California
Solano,2020-12-22,662,2835,629,2797,33,38,0,0,662,2835,0,0,662,2835,California
Solano,2020-12-23,864,3699,772,3569,92,130,0,0,863,3697,1,1,863,3698,California
Solano,2020-12-24,422,4121,171,3740,251,381,0,0,422,4119,0,1,422,4120,California
Solano,2020-12-25,9,4130,1,3741,8,389,0,0,9,4128,0,1,9,4129,California
Solano,2020-12-26,172,4302,47,3788,125,514,0,0,172,4300,0,1,172,4301,California
Solano,2020-12-27,105,4407,29,3817,76,590,0,0,105,4405,0,1,105,4406,California
Solano,2020-12-28,867,5274,422,4239,445,1035,0,0,867,5272,0,1,867,5273,California
Solano,2020-12-29,905,6179,371,4610,534,1569,0,0,905,6177,0,1,905,6178,California
Solano,2020-12-30,1229,7408,593,5203,636,2205,0,0,1229,7406,0,1,1229,7407,California
Solano,2020-12-31,540,7948,137,5340,403,2608,0,0,540,7946,0,1,540,7947,California
Solano,2021-01-01,15,7963,14,5354,1,2609,0,0,15,7961,0,1,15,7962,California
Solano,2021-01-02,215,8178,166,5520,49,2658,0,0,215,8176,0,1,215,8177,California
Solano,2021-01-03,56,8234,40,5560,16,2674,0,0,50,8226,0,1,50,8227,California
Solano,2021-01-04,454,8688,246,5806,208,2882,0,0,437,8653,10,11,437,8664,California
Solano,2021-01-05,734,9422,379,6185,355,3237,0,0,574,9072,155,166,574,9238,California
Solano,2021-01-06,845,10267,437,6622,408,3645,0,0,573,9375,270,436,573,9811,California
Solano,2021-01-07,1068,11335,685,7307,383,4028,0,0,590,9490,476,912,591,10402,California
Solano,2021-01-08,1148,12483,781,8088,367,4395,0,0,550,9462,580,1492,552,10954,California
Solano,2021-01-09,886,13369,763,8851,123,4518,0,0,427,9433,456,1948,427,11381,California
Solano,2021-01-10,259,13628,193,9044,66,4584,0,0,158,9490,101,2049,158,11539,California
Solano,2021-01-11,1339,14967,1125,10169,214,4798,0,0,816,9784,522,2571,816,12355,California
Solano,2021-01-12,1568,16535,1167,11336,401,5199,0,0,1019,10256,548,3119,1020,13375,California
Solano,2021-01-13,1470,18005,1006,12342,464,5663,0,0,1210,11208,258,3377,1210,14585,California
Solano,2021-01-14,1891,19896,811,13153,1080,6743,0,0,1579,12476,311,3688,1579,16164,California
Solano,2021-01-15,1716,21612,1055,14208,661,7404,0,0,1422,13604,294,3982,1422,17586,California
Solano,2021-01-16,1297,22909,909,15117,388,7792,0,0,1122,14551,175,4157,1122,18708,California
Solano,2021-01-17,1055,23964,759,15876,296,8088,0,0,1035,15567,20,4177,1036,19744,California
Solano,2021-01-18,1423,25387,850,16726,573,8661,0,0,1307,16759,116,4293,1308,21052,California
Solano,2021-01-19,1656,27043,1339,18065,317,8978,0,0,1388,17880,267,4560,1388,22440,California
Solano,2021-01-20,2030,29073,1420,19485,610,9588,0,0,1544,18941,483,5043,1544,23984,California
Solano,2021-01-21,3208,32281,1018,20503,2190,11778,0,0,2855,21444,353,5396,2856,26840,California
Solano,2021-01-22,1773,34054,846,21349,927,12705,0,0,1579,22829,194,5590,1579,28419,California
Solano,2021-01-23,742,34796,243,21592,499,13204,0,0,536,23159,207,5797,537,28956,California
Solano,2021-01-24,408,35204,62,21654,346,13550,0,0,340,23431,68,5865,340,29296,California
Solano,2021-01-25,1679,36883,632,22286,1047,14597,0,0,1118,23990,560,6425,1119,30415,California
Solano,2021-01-26,1795,38678,742,23028,1053,15650,0,0,1157,24510,638,7063,1158,31573,California
Solano,2021-01-27,1812,40490,725,23753,1087,16737,0,0,1195,25095,610,7673,1195,32768,California
Solano,2021-01-28,1965,42455,712,24465,1253,17990,0,0,1371,25874,593,8266,1372,34140,California
Solano,2021-01-29,1723,44178,788,25253,935,18925,0,0,1355,26863,366,8632,1355,35495,California
Solano,2021-01-30,962,45140,461,25714,501,19426,0,0,617,27136,345,8977,618,36113,California
Solano,2021-01-31,248,45388,157,25871,91,19517,0,0,173,27234,75,9052,173,36286,California
Solano,2021-02-01,1557,46945,1032,26903,525,20042,0,0,777,27234,777,9829,777,37063,California
Solano,2021-02-02,3372,50317,1093,27996,2279,22321,0,0,2559,28984,809,10638,2559,39622,California
Solano,2021-02-03,2272,52589,1314,29310,958,23279,0,0,1169,29053,1100,11738,1169,40791,California
Solano,2021-02-04,1807,54396,907,30217,900,24179,0,0,1075,29401,727,12465,1075,41866,California
Solano,2021-02-05,3116,57512,1421,31638,1695,25874,0,0,2106,30505,1002,13467,2106,43972,California
Solano,2021-02-06,3073,60585,1173,32811,1900,27774,0,0,2250,31936,819,14286,2250,46222,California
Solano,2021-02-07,851,61436,783,33594,68,27842,0,0,235,31556,615,14901,235,46457,California
Solano,2021-02-08,1764,63200,1235,34829,529,28371,0,0,719,31232,1043,15944,719,47176,California
Solano,2021-02-09,1953,65153,1490,36319,463,28834,0,0,698,30676,1254,17198,698,47874,California
Solano,2021-02-10,2273,67426,1499,37818,774,29608,0,0,831,30065,1442,18640,831,48705,California
Solano,2021-02-11,2523,69949,1494,39312,1029,30637,0,0,1198,29949,1314,19954,1198,49903,California
Solano,2021-02-12,4258,74207,1628,40940,2630,33267,0,0,2904,31506,1347,21301,2904,52807,California
Solano,2021-02-13,2865,77072,243,41183,2622,35889,0,0,2451,33546,411,21712,2451,55258,California
Solano,2021-02-14,728,77800,205,41388,523,36412,0,0,406,33633,320,22032,407,55665,California
Solano,2021-02-15,1334,79134,328,41716,1006,37418,0,0,686,33672,647,22679,686,56351,California
Solano,2021-02-16,2559,81693,1385,43101,1174,38592,0,0,1664,34443,894,23573,1665,58016,California
Solano,2021-02-17,3226,84919,1450,44551,1776,40368,0,0,2188,35597,1035,24608,2189,60205,California
Solano,2021-02-18,2913,87832,845,45396,2068,42436,0,0,863,34417,2044,26652,864,61069,California
Solano,2021-02-19,2472,90304,1456,46852,1016,43452,0,0,1174,34300,1293,27945,1176,62245,California
Solano,2021-02-20,2749,93053,389,47241,2360,45812,0,0,2232,36014,518,28463,2232,64477,California
Solano,2021-02-21,2323,95376,1998,49239,325,46137,0,0,1998,37691,321,28784,1998,66475,California
Solano,2021-02-22,1806,97182,1064,50303,742,46879,0,0,941,37770,863,29647,942,67417,California
Solano,2021-02-23,2886,100068,1087,51390,1799,48678,0,0,1963,38815,918,30565,1963,69380,California
Solano,2021-02-24,2535,102603,1266,52656,1269,49947,0,0,1411,39105,1122,31687,1412,70792,California
Solano,2021-02-25,2573,105176,1568,54224,1005,50952,0,0,1424,39385,1144,32831,1424,72216,California
Solano,2021-02-26,3396,108572,2152,56376,1244,52196,0,0,1952,39899,1438,34269,1952,74168,California
Solano,2021-02-27,3981,112553,1531,57907,2449,54645,1,1,3218,42364,754,35023,3219,77387,California
Solano,2021-02-28,1941,114494,1564,59471,376,55021,1,2,1613,43653,325,35348,1614,79001,California
Solano,2021-03-01,2640,117134,1223,60694,1416,56437,1,3,1974,44969,659,36007,1975,80976,California
Solano,2021-03-02,2265,119399,1405,62099,860,57297,0,3,1292,45289,972,36979,1292,82268,California
Solano,2021-03-03,2247,121646,1266,63365,981,58278,0,3,1390,45832,848,37827,1391,83659,California
Solano,2021-03-04,4389,126035,3435,66800,952,59230,2,5,3159,47776,1220,39047,3164,86823,California
Solano,2021-03-05,4943,130978,1685,68485,3253,62483,5,10,3974,50796,959,40006,3979,90802,California
Solano,2021-03-06,3857,134835,829,69314,2989,65472,39,49,2651,52292,1194,41200,2690,93492,California
Solano,2021-03-07,3591,138426,760,70074,2821,68293,10,59,1968,52661,1610,42810,1979,95471,California
Solano,2021-03-08,2140,140566,1346,71420,526,68819,268,327,1618,54028,517,43327,1884,97355,California
Solano,2021-03-09,3229,143795,1569,72989,1606,70425,54,381,2330,55510,898,44225,2380,99735,California
Solano,2021-03-10,2426,146221,1762,74751,579,71004,85,466,1272,55717,1149,45374,1356,101091,California
Solano,2021-03-11,6030,152251,1757,76508,4020,75024,253,719,4979,59903,1047,46421,5233,106324,California
Solano,2021-03-12,6032,158283,1569,78077,4285,79309,178,897,3166,60384,2862,49283,3343,109667,California
Solano,2021-03-13,4587,162870,804,78881,3703,83012,80,977,2232,60351,2348,51631,2315,111982,California
Solano,2021-03-14,4016,166886,3137,82018,423,83435,456,1433,1548,59889,2463,54094,2001,113983,California
Solano,2021-03-15,4026,170912,2457,84475,1243,84678,326,1759,2509,61212,1510,55604,2833,116816,California
Solano,2021-03-16,3078,173990,1318,85793,1521,86199,239,1998,1561,61497,1513,57117,1798,118614,California
Solano,2021-03-17,6469,180459,1666,87459,4712,90911,91,2089,4941,65004,1525,58642,5032,123646,California
Solano,2021-03-18,5227,185686,1848,89307,3340,94251,39,2128,3749,67323,1470,60112,3789,127435,California
Solano,2021-03-19,3570,189256,2640,91947,854,95105,76,2204,1718,67275,1844,61956,1796,129231,California
Solano,2021-03-20,5594,194850,1681,93628,3860,98965,53,2257,2647,67038,2937,64893,2700,131931,California
Solano,2021-03-21,1685,196535,1579,95207,81,99046,25,2282,372,66123,1310,66203,395,132326,California
Solano,2021-03-22,2671,199206,2040,97247,580,99626,51,2333,1541,66588,1123,67326,1588,133914,California
Solano,2021-03-23,3563,202769,1682,98929,1839,101465,42,2375,1409,65887,2151,69477,1450,135364,California
Solano,2021-03-24,2832,205601,1773,100702,1024,102489,35,2410,1360,65814,1466,70943,1393,136757,California
Solano,2021-03-25,4879,210480,4005,104707,839,103328,35,2445,2272,65518,2603,73546,2307,139064,California
Solano,2021-03-26,3238,213718,2111,106818,1089,104417,38,2483,1738,65803,1491,75037,1776,140840,California
Solano,2021-03-27,4215,217933,1157,107975,3020,107437,38,2521,1660,64950,2549,77586,1696,142536,California
Solano,2021-03-28,1425,219358,1117,109092,290,107727,18,2539,545,64637,876,78462,563,143099,California
Solano,2021-03-29,3525,222883,2047,111139,1462,109189,16,2555,1576,64294,1935,80397,1592,144691,California
Solano,2021-03-30,3036,225919,2014,113153,928,110117,94,2649,1886,65125,1148,81545,1979,146670,California
Solano,2021-03-31,3139,229058,2137,115290,843,110960,159,2808,1837,65818,1299,82844,1992,148662,California
Solano,2021-04-01,5557,234615,2107,117397,3296,114256,154,2962,3509,67446,2035,84879,3663,152325,California
Solano,2021-04-02,6628,241243,2229,119626,4233,118489,166,3128,2552,66102,4061,88940,2717,155042,California
Solano,2021-04-03,1526,242769,963,120589,410,118899,153,3281,569,65868,955,89895,721,155763,California
Solano,2021-04-04,781,243550,291,120880,189,119088,301,3582,240,65872,537,90432,541,156304,California
Solano,2021-04-05,2979,246529,2038,122918,734,119822,207,3789,1512,66124,1465,91897,1717,158021,California
Solano,2021-04-06,6082,252611,1640,124558,3954,123776,488,4277,1652,63839,4423,96320,2138,160159,California
Solano,2021-04-07,5959,258570,4612,129170,947,124723,400,4677,3391,65081,2548,98868,3790,163949,California
Solano,2021-04-08,6469,265039,1791,130961,3806,128529,872,5549,1809,63124,4631,103499,2674,166623,California
Solano,2021-04-09,6296,271335,1664,132625,3778,132307,854,6403,1515,60732,4756,108255,2364,168987,California
Solano,2021-04-10,1744,273079,964,133589,450,132757,330,6733,803,60924,940,109195,1132,170119,California
Solano,2021-04-11,1217,274296,765,134354,333,133090,119,6852,641,61111,573,109768,760,170879,California
Solano,2021-04-12,3266,277562,1682,136036,1221,134311,363,7215,1348,60907,1913,111681,1709,172588,California
Solano,2021-04-13,2530,280092,1090,137126,1439,135750,1,7216,1318,61017,1209,112890,1319,173907,California
Solano,2021-04-14,6475,286567,1950,139076,4525,140275,0,7216,1815,58181,4652,117542,1816,175723,California
Solano,2021-04-15,5693,292260,2146,141222,3547,143822,0,7216,1720,55942,3959,121501,1720,177443,California
Solano,2021-04-16,3668,295928,2582,143804,1084,144906,2,7218,2276,56834,1386,122887,2278,179721,California
Solano,2021-04-17,3256,299184,1059,144863,2197,147103,0,7218,1111,55809,2137,125024,1112,180833,California
Solano,2021-04-18,1009,300193,618,145481,391,147494,0,7218,527,55855,481,125505,527,181360,California
Solano,2021-04-19,2104,302297,1156,146637,948,148442,0,7218,1169,56096,930,126435,1171,182531,California
Solano,2021-04-20,3004,305301,1828,148465,1176,149618,0,7218,1662,56422,1336,127771,1662,184193,California
Solano,2021-04-21,3790,309091,2332,150797,1458,151076,0,7218,1998,56636,1784,129555,1998,186191,California
Solano,2021-04-22,2938,312029,1487,152284,1451,152527,0,7218,1786,57273,1150,130705,1787,187978,California
Solano,2021-04-23,4149,316178,2095,154379,2054,154581,0,7218,2505,58140,1639,132344,2506,190484,California
Solano,2021-04-24,3886,320064,2344,156723,1540,156121,2,7220,2583,59509,1216,133560,2585,193069,California
Solano,2021-04-25,1425,321489,1110,157833,315,156436,0,7220,1125,60341,293,133853,1125,194194,California
Solano,2021-04-26,2503,323992,1617,159450,882,157318,4,7224,1357,60568,1134,134987,1361,195555,California
Solano,2021-04-27,2543,326535,1265,160715,1250,158568,28,7252,1438,60940,1095,136082,1467,197022,California
Solano,2021-04-28,6031,332566,4986,165701,999,159567,46,7298,3776,62518,2244,138326,3822,200844,California
Solano,2021-04-29,4519,337085,1433,167134,3054,162621,32,7330,2042,62123,2469,140795,2074,202918,California
Solano,2021-04-30,4106,341191,2183,169317,1785,164406,138,7468,1897,61963,2195,142990,2035,204953,California
Solano,2021-05-01,2175,343366,1676,170993,298,164704,201,7669,1291,62576,879,143869,1492,206445,California
Solano,2021-05-02,1198,344564,939,171932,233,164937,26,7695,663,62735,530,144399,689,207134,California
Solano,2021-05-03,1455,346019,1013,172945,355,165292,87,7782,596,62561,858,145257,684,207818,California
Solano,2021-05-04,1798,347817,1047,173992,685,165977,66,7848,811,62452,986,146243,877,208695,California
Solano,2021-05-05,2263,350080,1416,175408,733,166710,114,7962,1086,62477,1173,147416,1198,209893,California
Solano,2021-05-06,1995,352075,1189,176597,596,167306,210,8172,729,62158,1257,148673,938,210831,California
Solano,2021-05-07,2786,354861,1932,178529,734,168040,120,8292,964,61425,1815,150488,1082,211913,California
Solano,2021-05-08,1366,356227,826,179355,425,168465,115,8407,474,61125,889,151377,589,212502,California
Solano,2021-05-09,418,356645,241,179596,166,168631,11,8418,153,61028,262,151639,165,212667,California
Solano,2021-05-10,1322,357967,606,180202,611,169242,105,8523,383,60582,934,152573,488,213155,California
Solano,2021-05-11,2231,360198,1122,181324,1025,170267,84,8607,633,59706,1593,154166,717,213872,California
Solano,2021-05-12,2046,362244,1153,182477,724,170991,169,8776,672,59186,1359,155525,839,214711,California
Solano,2021-05-13,2889,365133,1985,184462,694,171685,210,8986,1526,59562,1360,156885,1736,216447,California
Solano,2021-05-14,2406,367539,1623,186085,662,172347,121,9107,1000,59286,1397,158282,1121,217568,California
Solano,2021-05-15,2859,370398,2228,188313,569,172916,62,9169,1123,58746,1725,160007,1185,218753,California
Solano,2021-05-16,1481,371879,1087,189400,361,173277,33,9202,242,57784,1236,161243,274,219027,California
Solano,2021-05-17,2447,374326,1400,190800,960,174237,87,9289,912,57264,1515,162758,995,220022,California
Solano,2021-05-18,2908,377234,1618,192418,1201,175438,89,9378,1475,57406,1421,164179,1563,221585,California
Solano,2021-05-19,4943,382177,3408,195826,1429,176867,106,9484,1911,56402,3022,167201,2018,223603,California
Solano,2021-05-20,2241,384418,1350,197176,842,177709,49,9533,836,55888,1399,168600,885,224488,California
Solano,2021-05-21,3169,387587,1625,198801,1488,179197,56,9589,1266,55318,1892,170492,1322,225810,California
Solano,2021-05-22,2153,389740,1667,200468,429,179626,57,9646,917,55064,1228,171720,974,226784,California
Solano,2021-05-23,1225,390965,1062,201530,152,179778,11,9657,691,55235,531,172251,702,227486,California
Solano,2021-05-24,1839,392804,1041,202571,726,180504,72,9729,633,54739,1200,173451,704,228190,California
Solano,2021-05-25,1627,394431,823,203394,746,181250,58,9787,594,54364,1027,174478,652,228842,California
Solano,2021-05-26,1878,396309,1079,204473,745,181995,54,9841,709,53965,1162,175640,763,229605,California
Solano,2021-05-27,1842,398151,821,205294,947,182942,74,9915,700,53604,1134,176774,773,230378,California
Solano,2021-05-28,1906,400057,918,206212,937,183879,51,9966,660,53078,1238,178012,712,231090,California
Solano,2021-05-29,648,400705,320,206532,298,184177,30,9996,322,53105,324,178336,351,231441,California
Solano,2021-05-30,323,401028,155,206687,143,184320,25,10021,119,53048,201,178537,144,231585,California
Solano,2021-05-31,127,401155,18,206705,100,184420,9,10030,24,52978,103,178640,33,231618,California
Solano,2021-06-01,1820,402975,1163,207868,579,184999,78,10108,756,52752,1059,179699,833,232451,California
Solano,2021-06-02,1549,404524,1019,208887,466,185465,64,10172,705,52681,837,180536,766,233217,California
Solano,2021-06-03,1503,406027,1059,209946,363,185828,81,10253,529,52323,969,181505,611,233828,California
Solano,2021-06-04,1600,407627,1100,211046,433,186261,67,10320,527,51848,1068,182573,593,234421,California
Solano,2021-06-05,797,408424,652,211698,108,186369,37,10357,258,51605,537,183110,294,234715,California
Sonoma,2020-12-15,4,4,4,4,0,0,0,0,4,4,0,0,4,4,California
Sonoma,2020-12-16,28,32,28,32,0,0,0,0,28,32,0,0,28,32,California
Sonoma,2020-12-17,110,142,110,142,0,0,0,0,110,142,0,0,110,142,California
Sonoma,2020-12-18,436,578,436,578,0,0,0,0,436,578,0,0,436,578,California
Sonoma,2020-12-19,113,691,112,690,1,1,0,0,113,691,0,0,113,691,California
Sonoma,2020-12-20,175,866,175,865,0,1,0,0,175,866,0,0,175,866,California
Sonoma,2020-12-21,910,1776,908,1773,2,3,0,0,909,1775,0,0,909,1775,California
Sonoma,2020-12-22,1358,3134,1267,3040,91,94,0,0,1358,3133,0,0,1358,3133,California
Sonoma,2020-12-23,1606,4740,1232,4272,374,468,0,0,1607,4740,0,0,1607,4740,California
Sonoma,2020-12-24,309,5049,102,4374,207,675,0,0,309,5049,0,0,309,5049,California
Sonoma,2020-12-25,9,5058,2,4376,7,682,0,0,9,5058,0,0,9,5058,California
Sonoma,2020-12-26,268,5326,257,4633,11,693,0,0,268,5326,0,0,268,5326,California
Sonoma,2020-12-27,96,5422,81,4714,15,708,0,0,96,5422,0,0,96,5422,California
Sonoma,2020-12-28,987,6409,551,5265,436,1144,0,0,958,6380,0,0,958,6380,California
Sonoma,2020-12-29,1132,7541,780,6045,352,1496,0,0,1099,7479,0,0,1099,7479,California
Sonoma,2020-12-30,1097,8638,480,6525,617,2113,0,0,1089,8568,0,0,1089,8568,California
Sonoma,2020-12-31,521,9159,71,6596,450,2563,0,0,522,9090,0,0,522,9090,California
Sonoma,2021-01-01,21,9180,12,6608,9,2572,0,0,21,9111,0,0,21,9111,California
Sonoma,2021-01-02,132,9312,126,6734,6,2578,0,0,132,9243,0,0,132,9243,California
Sonoma,2021-01-03,25,9337,10,6744,15,2593,0,0,25,9268,0,0,25,9268,California
Sonoma,2021-01-04,342,9679,106,6850,236,2829,0,0,341,9609,0,0,341,9609,California
Sonoma,2021-01-05,431,10110,101,6951,330,3159,0,0,405,9998,16,16,405,10014,California
Sonoma,2021-01-06,952,11062,434,7385,518,3677,0,0,838,10728,108,124,838,10852,California
Sonoma,2021-01-07,1034,12096,538,7923,496,4173,0,0,859,11413,174,298,859,11711,California
Sonoma,2021-01-08,1797,13893,1236,9159,561,4734,0,0,1314,12246,481,779,1314,13025,California
Sonoma,2021-01-09,642,14535,404,9563,238,4972,0,0,593,12790,49,828,593,13618,California
Sonoma,2021-01-10,474,15009,463,10026,11,4983,0,0,278,12872,196,1024,278,13896,California
Sonoma,2021-01-11,1389,16398,1241,11267,148,5131,0,0,415,12318,969,1993,415,14311,California
Sonoma,2021-01-12,1547,17945,1291,12558,256,5387,0,0,397,11567,1148,3141,397,14708,California
Sonoma,2021-01-13,2048,19993,1371,13929,677,6064,0,0,1179,11881,866,4007,1180,15888,California
Sonoma,2021-01-14,1539,21532,806,14735,733,6797,0,0,1310,12962,229,4236,1310,17198,California
Sonoma,2021-01-15,1562,23094,628,15363,934,7731,0,0,1339,14088,214,4450,1340,18538,California
Sonoma,2021-01-16,1148,24242,618,15981,530,8261,0,0,900,14744,244,4694,900,19438,California
Sonoma,2021-01-17,673,24915,552,16533,121,8382,0,0,593,15257,80,4774,593,20031,California
Sonoma,2021-01-18,1108,26023,937,17470,171,8553,0,0,619,15388,489,5263,620,20651,California
Sonoma,2021-01-19,2100,28123,1003,18473,1097,9650,0,0,1387,16065,711,5974,1388,22039,California
Sonoma,2021-01-20,2095,30218,631,19104,1464,11114,0,0,1425,16831,660,6634,1426,23465,California
Sonoma,2021-01-21,2267,32485,647,19751,1620,12734,0,0,2047,18661,218,6852,2048,25513,California
Sonoma,2021-01-22,2744,35229,1046,20797,1698,14432,0,0,2594,21106,149,7001,2594,28107,California
Sonoma,2021-01-23,766,35995,592,21389,174,14606,0,0,658,21657,107,7108,658,28765,California
Sonoma,2021-01-24,848,36843,719,22108,129,14735,0,0,830,22469,18,7126,830,29595,California
Sonoma,2021-01-25,2182,39025,520,22628,1662,16397,0,0,1694,23675,488,7614,1694,31289,California
Sonoma,2021-01-26,2044,41069,301,22929,1743,18140,0,0,1584,24800,459,8073,1584,32873,California
Sonoma,2021-01-27,3748,44817,1285,24214,2463,20603,0,0,3166,27388,580,8653,3168,36041,California
Sonoma,2021-01-28,4134,48951,1850,26064,2284,22887,0,0,3452,30163,679,9332,3454,39495,California
Sonoma,2021-01-29,3007,51958,1419,27483,1588,24475,0,0,2161,31481,844,10176,2162,41657,California
Sonoma,2021-01-30,2593,54551,2405,29888,188,24663,0,0,2248,33385,345,10521,2249,43906,California
Sonoma,2021-01-31,813,55364,698,30586,115,24778,0,0,582,33737,230,10751,582,44488,California
Sonoma,2021-02-01,2483,57847,854,31440,1629,26407,0,0,2102,35462,377,11128,2102,46590,California
Sonoma,2021-02-02,3597,61444,1396,32836,2201,28608,0,0,3019,37906,575,11703,3019,49609,California
Sonoma,2021-02-03,4053,65497,1328,34164,2725,31333,0,0,3113,40083,936,12639,3113,52722,California
Sonoma,2021-02-04,4220,69717,1730,35894,2490,33823,0,0,3423,42712,795,13434,3424,56146,California
Sonoma,2021-02-05,4834,74551,1751,37645,3083,36906,0,0,3806,45495,1024,14458,3807,59953,California
Sonoma,2021-02-06,2650,77201,2289,39934,361,37267,0,0,2117,47080,532,14990,2117,62070,California
Sonoma,2021-02-07,1549,78750,1411,41345,138,37405,0,0,1292,48115,257,15247,1292,63362,California
Sonoma,2021-02-08,3279,82029,1042,42387,2237,39642,0,0,2685,50207,593,15840,2685,66047,California
Sonoma,2021-02-09,3582,85611,1702,44089,1880,41522,0,0,3101,52830,479,16319,3102,69149,California
Sonoma,2021-02-10,4560,90171,2492,46581,2068,43590,0,0,3553,55383,1001,17320,3554,72703,California
Sonoma,2021-02-11,5593,95764,3030,49611,2563,46153,0,0,4405,58602,1186,18506,4405,77108,California
Sonoma,2021-02-12,5934,101698,3262,52873,2672,48825,0,0,4496,61668,1434,19940,4500,81608,California
Sonoma,2021-02-13,1997,103695,1155,54028,842,49667,0,0,1204,62082,790,20730,1204,82812,California
Sonoma,2021-02-14,2322,106017,1830,55858,492,50159,0,0,1580,62921,741,21471,1580,84392,California
Sonoma,2021-02-15,2149,108166,797,56655,1352,51511,0,0,1611,63994,538,22009,1611,86003,California
Sonoma,2021-02-16,4916,113082,2056,58711,2860,54371,0,0,3647,66377,1265,23274,3648,89651,California
Sonoma,2021-02-17,5615,118697,2908,61619,2707,57078,0,0,3576,67925,2030,25304,3578,93229,California
Sonoma,2021-02-18,6960,125657,3143,64762,3817,60895,0,0,4017,69011,2932,28236,4018,97247,California
Sonoma,2021-02-19,5577,131234,1679,66441,3898,64793,0,0,3456,70353,2116,30352,3458,100705,California
Sonoma,2021-02-20,3135,134369,2842,69283,293,65086,0,0,1217,69658,1912,32264,1217,101922,California
Sonoma,2021-02-21,538,134907,429,69712,109,65195,0,0,142,69408,392,32656,142,102064,California
Sonoma,2021-02-22,2959,137866,1405,71117,1554,66749,0,0,1231,68916,1723,34379,1231,103295,California
Sonoma,2021-02-23,3443,141309,2113,73230,1330,68079,0,0,1609,68695,1830,36209,1609,104904,California
Sonoma,2021-02-24,5719,147028,2575,75805,3144,71223,0,0,2936,68856,2777,38986,2938,107842,California
Sonoma,2021-02-25,6020,153048,2354,78159,3666,74889,0,0,3233,69325,2764,41750,3233,111075,California
Sonoma,2021-02-26,6648,159696,2939,81098,3709,78598,0,0,4222,71128,2419,44169,4222,115297,California
Sonoma,2021-02-27,4211,163907,1967,83065,2244,80842,0,0,2840,72599,1369,45538,2840,118137,California
Sonoma,2021-02-28,2511,166418,1860,84925,651,81493,0,0,770,71642,1727,47265,770,118907,California
Sonoma,2021-03-01,4117,170535,1311,86236,2805,84298,1,1,2166,71869,1941,49206,2168,121075,California
Sonoma,2021-03-02,4410,174945,1521,87757,2889,87187,0,1,2550,72566,1853,51059,2550,123625,California
Sonoma,2021-03-03,5073,180018,2649,90406,2424,89611,0,1,2336,72173,2729,53788,2336,125961,California
Sonoma,2021-03-04,5975,185993,2695,93101,3280,92891,0,1,2599,71410,3362,57150,2599,128560,California
Sonoma,2021-03-05,6503,192496,2870,95971,3618,96509,15,16,2741,70419,3748,60898,2757,131317,California
Sonoma,2021-03-06,2792,195288,1222,97193,1435,97944,135,151,1920,71608,865,61763,2054,133371,California
Sonoma,2021-03-07,1729,197017,1413,98606,280,98224,36,187,384,70685,1343,63106,420,133791,California
Sonoma,2021-03-08,4084,201101,663,99269,3246,101470,175,362,2402,71589,1671,64777,2575,136366,California
Sonoma,2021-03-09,5612,206713,3092,102361,2250,103720,270,632,2761,71764,2843,67620,3018,139384,California
Sonoma,2021-03-10,6032,212745,3197,105558,2485,106205,350,982,2437,70968,3581,71201,2785,142169,California
Sonoma,2021-03-11,7568,220313,3029,108587,3714,109919,825,1807,2576,69387,4980,76181,3399,145568,California
Sonoma,2021-03-12,7426,227739,2264,110851,3795,113714,1367,3174,2102,67546,5305,81486,3464,149032,California
Sonoma,2021-03-13,3430,231169,1695,112546,1496,115210,239,3413,2006,68363,1423,82909,2240,151272,California
Sonoma,2021-03-14,1387,232556,381,112927,864,116074,142,3555,847,68814,537,83446,988,152260,California
Sonoma,2021-03-15,5251,237807,1518,114445,3348,119422,385,3940,2169,68295,3071,86517,2552,154812,California
Sonoma,2021-03-16,6303,244110,2254,116699,3819,123241,230,4170,2900,68028,3395,89912,3128,157940,California
Sonoma,2021-03-17,6803,250913,3560,120259,3063,126304,180,4350,3291,67998,3499,93411,3469,161409,California
Sonoma,2021-03-18,7145,258058,2944,123203,3585,129889,616,4966,3122,67719,4013,97424,3734,165143,California
Sonoma,2021-03-19,7530,265588,3269,126472,4033,133922,228,5194,3059,66558,4452,101876,3291,168434,California
Sonoma,2021-03-20,3718,269306,1755,128227,1137,135059,826,6020,2014,67697,1696,103572,2835,171269,California
Sonoma,2021-03-21,1385,270691,598,128825,752,135811,35,6055,1203,68758,177,103749,1238,172507,California
Sonoma,2021-03-22,4584,275275,3124,131949,1359,137170,101,6156,3340,70960,1238,104987,3440,175947,California
Sonoma,2021-03-23,5874,281149,3645,135594,2158,139328,71,6227,4434,74036,1430,106417,4506,180453,California
Sonoma,2021-03-24,6848,287997,4302,139896,2477,141805,69,6296,4180,75636,2648,109065,4248,184701,California
Sonoma,2021-03-25,7146,295143,4216,144112,2818,144623,112,6408,4294,77217,2826,111891,4407,189108,California
Sonoma,2021-03-26,7455,302598,3468,147580,3894,148517,93,6501,3812,77499,3622,115513,3904,193012,California
Sonoma,2021-03-27,3879,306477,1506,149086,2009,150526,364,6865,1037,76066,2832,118345,1399,194411,California
Sonoma,2021-03-28,1516,307993,950,150036,539,151065,27,6892,800,76180,713,119058,827,195238,California
Sonoma,2021-03-29,2966,310959,1106,151142,1827,152892,33,6925,1533,76321,1425,120483,1566,196804,California
Sonoma,2021-03-30,5866,316825,3225,154367,2579,155471,62,6987,3051,76626,2808,123291,3113,199917,California
Sonoma,2021-03-31,5624,322449,3410,157777,1998,157469,216,7203,3247,77726,2363,125654,3463,203380,California
Sonoma,2021-04-01,6937,329386,4068,161845,2525,159994,344,7547,3761,78673,3149,128803,4096,207476,California
Sonoma,2021-04-02,5962,335348,3571,165416,2281,162275,110,7657,3582,79993,2371,131174,3691,211167,California
Sonoma,2021-04-03,3646,338994,1824,167240,1599,163874,223,7880,1604,79788,2030,133204,1825,212992,California
Sonoma,2021-04-04,1068,340062,695,167935,282,164156,91,7971,663,80142,400,133604,754,213746,California
Sonoma,2021-04-05,4412,344474,617,168552,3451,167607,344,8315,1648,79376,2757,136361,1991,215737,California
Sonoma,2021-04-06,6905,351379,3495,172047,3003,170610,407,8722,4014,80918,2877,139238,4419,220156,California
Sonoma,2021-04-07,6854,358233,3872,175919,2144,172754,838,9560,3334,81575,3509,142747,4166,224322,California
Sonoma,2021-04-08,7614,365847,4151,180070,2689,175443,774,10334,4180,83099,3425,146172,4949,229271,California
Sonoma,2021-04-09,6862,372709,3826,183896,2147,177590,889,11223,3535,84203,3313,149485,4417,233688,California
Sonoma,2021-04-10,3908,376617,1703,185599,1646,179236,559,11782,1141,83139,2758,152243,1694,235382,California
Sonoma,2021-04-11,1284,377901,606,186205,597,179833,81,11863,439,82815,844,153087,520,235902,California
Sonoma,2021-04-12,4965,382866,2064,188269,2413,182246,488,12351,1849,82041,3104,156191,2330,238232,California
Sonoma,2021-04-13,7859,390725,4654,192923,3203,185449,2,12353,2989,80172,4860,161051,2991,241223,California
Sonoma,2021-04-14,6572,397297,3742,196665,2810,188259,20,12373,2517,78666,4042,165093,2536,243759,California
Sonoma,2021-04-15,7246,404543,4104,200769,3142,191401,0,12373,3579,78592,3655,168748,3581,247340,California
Sonoma,2021-04-16,6785,411328,3402,204171,3381,194782,2,12375,3831,79480,2945,171693,3833,251173,California
Sonoma,2021-04-17,3197,414525,1560,205731,1637,196419,0,12375,1545,79388,1638,173331,1546,252719,California
Sonoma,2021-04-18,1286,415811,892,206623,394,196813,0,12375,450,79003,835,174166,450,253169,California
Sonoma,2021-04-19,3320,419131,1881,208504,1438,198251,1,12376,1447,78582,1869,176035,1448,254617,California
Sonoma,2021-04-20,6273,425404,3467,211971,2806,201057,0,12376,2339,76999,3923,179958,2340,256957,California
Sonoma,2021-04-21,6613,432017,4230,216201,2381,203438,2,12378,3034,76475,3559,183517,3035,259992,California
Sonoma,2021-04-22,6247,438264,4483,220684,1764,205202,0,12378,2517,75279,3713,187230,2517,262509,California
Sonoma,2021-04-23,7429,445693,4631,225315,2792,207994,6,12384,3629,75129,3786,191016,3636,266145,California
Sonoma,2021-04-24,2777,448470,1507,226822,1255,209249,15,12399,1547,75466,1225,192241,1562,267707,California
Sonoma,2021-04-25,1086,449556,790,227612,296,209545,0,12399,430,75243,653,192894,430,268137,California
Sonoma,2021-04-26,2816,452372,1323,228935,1465,211010,28,12427,1551,75565,1257,194151,1579,269716,California
Sonoma,2021-04-27,5416,457788,3690,232625,1614,212624,112,12539,2219,74710,3186,197337,2331,272047,California
Sonoma,2021-04-28,4894,462682,3228,235853,1470,214094,196,12735,2095,74214,2782,200119,2286,274333,California
Sonoma,2021-04-29,5080,467762,3585,239438,1350,215444,145,12880,1912,73114,3157,203276,2057,276390,California
Sonoma,2021-04-30,5456,473218,3632,243070,1530,216974,294,13174,1811,71589,3630,206906,2105,278495,California
Sonoma,2021-05-01,2483,475701,1786,244856,592,217566,105,13279,1235,71685,1240,208146,1336,279831,California
Sonoma,2021-05-02,865,476566,645,245501,169,217735,51,13330,551,71974,314,208460,603,280434,California
Sonoma,2021-05-03,3183,479749,1682,247183,1356,219091,145,13475,1050,71043,2124,210584,1193,281627,California
Sonoma,2021-05-04,4585,484334,2404,249587,2003,221094,178,13653,1460,69571,3105,213689,1633,283260,California
Sonoma,2021-05-05,3670,488004,2179,251766,1297,222391,194,13847,1312,68729,2346,216035,1504,284764,California
Sonoma,2021-05-06,4514,492518,2407,254173,1979,224370,128,13975,1345,67042,3157,219192,1470,286234,California
Sonoma,2021-05-07,3598,496116,2314,256487,1161,225531,123,14098,1085,65746,2503,221695,1207,287441,California
Sonoma,2021-05-08,1850,497966,1260,257747,498,226029,92,14190,752,65497,1093,222788,844,288285,California
Sonoma,2021-05-09,500,498466,284,258031,175,226204,41,14231,172,65385,325,223113,213,288498,California
Sonoma,2021-05-10,2314,500780,1041,259072,1139,227343,134,14365,289,63794,2011,225124,420,288918,California
Sonoma,2021-05-11,3488,504268,1879,260951,1494,228837,115,14480,932,62300,2541,227665,1047,289965,California
Sonoma,2021-05-12,3891,508159,2414,263365,1338,230175,139,14619,813,60183,3068,230733,951,290916,California
Sonoma,2021-05-13,4739,512898,2723,266088,1901,232076,115,14734,1568,58704,3160,233893,1681,292597,California
Sonoma,2021-05-14,5808,518706,3609,269697,2061,234137,138,14872,2219,57487,3575,237468,2358,294955,California
Sonoma,2021-05-15,2923,521629,2151,271848,711,234848,61,14933,1846,58324,1069,238537,1906,296861,California
Sonoma,2021-05-16,1314,522943,1097,272945,158,235006,59,14992,979,59031,331,238868,1038,297899,California
Sonoma,2021-05-17,2446,525389,1821,274766,530,235536,95,15087,951,58586,1490,240358,1045,298944,California
Sonoma,2021-05-18,4325,529714,2857,277623,1359,236895,109,15196,1498,57386,2809,243167,1609,300553,California
Sonoma,2021-05-19,3734,533448,2402,280025,1217,238112,115,15311,1490,56759,2232,245399,1605,302158,California
Sonoma,2021-05-20,3036,536484,2072,282097,872,238984,92,15403,1239,56299,1786,247185,1326,303484,California
Sonoma,2021-05-21,3846,540330,2202,284299,1515,240499,129,15532,1390,55369,2436,249621,1506,304990,California
Sonoma,2021-05-22,2068,542398,1120,285419,908,241407,40,15572,564,54480,1493,251114,604,305594,California
Sonoma,2021-05-23,1224,543622,1079,286498,132,241539,13,15585,686,54646,533,251647,699,306293,California
Sonoma,2021-05-24,1961,545583,1246,287744,585,242124,130,15715,670,54185,1261,252908,800,307093,California
Sonoma,2021-05-25,2915,548498,1795,289539,1032,243156,88,15803,761,52891,2142,255050,848,307941,California
Sonoma,2021-05-26,2455,550953,1724,291263,625,243781,106,15909,1000,52549,1445,256495,1103,309044,California
Sonoma,2021-05-27,2072,553025,1133,292396,843,244624,96,16005,700,51979,1365,257860,795,309839,California
Sonoma,2021-05-28,2143,555168,1127,293523,924,245548,92,16097,621,51182,1510,259370,713,310552,California
Sonoma,2021-05-29,1333,556501,913,294436,353,245901,67,16164,646,51217,678,260048,713,311265,California
Sonoma,2021-05-30,339,556840,210,294646,119,246020,10,16174,135,51162,200,260248,145,311410,California
Sonoma,2021-05-31,71,556911,26,294672,44,246064,1,16175,17,51126,54,260302,18,311428,California
Sonoma,2021-06-01,1911,558822,1091,295763,743,246807,77,16252,693,50686,1205,261507,765,312193,California
Sonoma,2021-06-02,1568,560390,958,296721,496,247303,114,16366,682,50599,882,262389,795,312988,California
Sonoma,2021-06-03,1982,562372,1383,298104,519,247822,80,16446,505,49712,1470,263859,583,313571,California
Sonoma,2021-06-04,2642,565014,2163,300267,370,248192,109,16555,529,48243,2106,265965,637,314208,California
Sonoma,2021-06-05,1226,566240,1071,301338,134,248326,21,16576,142,47324,1082,267047,163,314371,California
Stanislaus,2020-12-15,3,3,3,3,0,0,0,0,3,3,0,0,3,3,California
Stanislaus,2020-12-16,37,40,37,40,0,0,0,0,37,40,0,0,37,40,California
Stanislaus,2020-12-17,74,114,74,114,0,0,0,0,74,114,0,0,74,114,California
Stanislaus,2020-12-18,341,455,335,449,6,6,0,0,341,455,0,0,341,455,California
Stanislaus,2020-12-19,132,587,132,581,0,6,0,0,132,587,0,0,132,587,California
Stanislaus,2020-12-20,86,673,86,667,0,6,0,0,86,673,0,0,86,673,California
Stanislaus,2020-12-21,996,1669,995,1662,1,7,0,0,995,1668,1,1,996,1669,California
Stanislaus,2020-12-22,793,2462,781,2443,12,19,0,0,793,2461,0,1,793,2462,California
Stanislaus,2020-12-23,448,2910,430,2873,18,37,0,0,447,2908,1,2,448,2910,California
Stanislaus,2020-12-24,97,3007,88,2961,9,46,0,0,97,3005,0,2,97,3007,California
Stanislaus,2020-12-26,52,3059,9,2970,43,89,0,0,52,3057,0,2,52,3059,California
Stanislaus,2020-12-27,11,3070,6,2976,5,94,0,0,11,3068,0,2,11,3070,California
Stanislaus,2020-12-28,487,3557,394,3370,93,187,0,0,487,3555,0,2,487,3557,California
Stanislaus,2020-12-29,495,4052,415,3785,80,267,0,0,495,4050,0,2,495,4052,California
Stanislaus,2020-12-30,532,4584,279,4064,253,520,0,0,531,4580,1,3,531,4583,California
Stanislaus,2020-12-31,277,4861,157,4221,120,640,0,0,277,4857,0,3,277,4860,California
Stanislaus,2021-01-01,14,4875,5,4226,9,649,0,0,14,4871,0,3,14,4874,California
Stanislaus,2021-01-02,33,4908,26,4252,7,656,0,0,33,4904,0,3,33,4907,California
Stanislaus,2021-01-03,90,4998,87,4339,3,659,0,0,90,4994,0,3,90,4997,California
Stanislaus,2021-01-04,232,5230,153,4492,79,738,0,0,231,5224,1,4,231,5228,California
Stanislaus,2021-01-05,838,6068,346,4838,492,1230,0,0,813,6021,24,28,821,6049,California
Stanislaus,2021-01-06,1001,7069,597,5435,404,1634,0,0,928,6882,70,98,931,6980,California
Stanislaus,2021-01-07,1077,8146,703,6138,374,2008,0,0,884,7582,187,285,887,7867,California
Stanislaus,2021-01-08,1272,9418,718,6856,554,2562,0,0,927,8173,342,627,933,8800,California
Stanislaus,2021-01-09,289,9707,141,6997,148,2710,0,0,200,8284,89,716,200,9000,California
Stanislaus,2021-01-10,47,9754,20,7017,27,2737,0,0,29,8295,18,734,29,9029,California
Stanislaus,2021-01-11,1496,11250,1213,8230,283,3020,0,0,572,7966,918,1652,589,9618,California
Stanislaus,2021-01-12,1472,12722,866,9096,606,3626,0,0,830,8168,638,2290,840,10458,California
Stanislaus,2021-01-13,1445,14167,687,9783,758,4384,0,0,1122,8979,322,2612,1133,11591,California
Stanislaus,2021-01-14,2240,16407,284,10067,1956,6340,0,0,2067,10947,170,2782,2138,13729,California
Stanislaus,2021-01-15,2824,19231,1158,11225,1666,8006,0,0,2667,13544,153,2935,2750,16479,California
Stanislaus,2021-01-16,472,19703,50,11275,422,8428,0,0,453,13981,18,2953,455,16934,California
Stanislaus,2021-01-17,244,19947,202,11477,42,8470,0,0,237,14212,6,2959,237,17171,California
Stanislaus,2021-01-18,2188,22135,1022,12499,1166,9636,0,0,1796,15697,387,3346,1872,19043,California
Stanislaus,2021-01-19,1253,23388,723,13222,530,10166,0,0,804,16057,445,3791,805,19848,California
Stanislaus,2021-01-20,1009,24397,489,13711,520,10686,0,0,715,16479,293,4084,715,20563,California
Stanislaus,2021-01-21,3693,28090,2978,16689,715,11401,0,0,3363,19626,326,4410,3473,24036,California
Stanislaus,2021-01-22,1097,29187,308,16997,789,12190,0,0,1052,20640,41,4451,1055,25091,California
Stanislaus,2021-01-23,356,29543,42,17039,314,12504,0,0,297,20880,58,4509,298,25389,California
Stanislaus,2021-01-24,302,29845,100,17139,202,12706,0,0,236,21052,66,4575,238,25627,California
Stanislaus,2021-01-25,3158,33003,227,17366,2931,15637,0,0,2828,23737,294,4869,2979,28606,California
Stanislaus,2021-01-26,1727,34730,747,18113,980,16617,0,0,1298,24630,422,5291,1315,29921,California
Stanislaus,2021-01-27,1892,36622,1051,19164,841,17458,0,0,1188,25161,658,5949,1189,31110,California
Stanislaus,2021-01-28,2208,38830,1511,20675,697,18155,0,0,1717,26458,482,6431,1779,32889,California
Stanislaus,2021-01-29,2444,41274,1196,21871,1248,19403,0,0,1911,27933,487,6918,1962,34851,California
Stanislaus,2021-01-30,293,41567,132,22003,161,19564,0,0,229,28109,53,6971,229,35080,California
Stanislaus,2021-01-31,368,41935,314,22317,54,19618,0,0,353,28450,12,6983,353,35433,California
Stanislaus,2021-02-01,1295,43230,585,22902,710,20328,0,0,941,29049,343,7326,942,36375,California
Stanislaus,2021-02-02,1211,44441,347,23249,864,21192,0,0,775,29401,425,7751,777,37152,California
Stanislaus,2021-02-03,2612,47053,1232,24481,1380,22572,0,0,1915,30638,692,8443,1929,39081,California
Stanislaus,2021-02-04,2090,49143,711,25192,1379,23951,0,0,1581,31730,495,8938,1587,40668,California
Stanislaus,2021-02-05,2852,51995,1470,26662,1382,25333,0,0,1591,32135,1199,10137,1604,42272,California
Stanislaus,2021-02-06,885,52880,299,26961,586,25919,0,0,692,32638,191,10328,694,42966,California
Stanislaus,2021-02-07,232,53112,207,27168,25,25944,0,0,43,32496,186,10514,44,43010,California
Stanislaus,2021-02-08,2037,55149,1336,28504,701,26645,0,0,1098,32722,896,11410,1122,44132,California
Stanislaus,2021-02-09,1839,56988,783,29287,1056,27701,0,0,1042,33000,774,12184,1052,45184,California
Stanislaus,2021-02-10,1934,58922,533,29820,1401,29102,0,0,1011,33112,901,13085,1013,46197,California
Stanislaus,2021-02-11,5398,64320,3275,33095,2123,31225,0,0,1231,30397,3952,17037,1237,47434,California
Stanislaus,2021-02-12,3300,67620,915,34010,2385,33610,0,0,1450,30088,1768,18805,1459,48893,California
Stanislaus,2021-02-13,1352,68972,650,34660,702,34312,0,0,983,30712,363,19168,987,49880,California
Stanislaus,2021-02-14,417,69389,165,34825,252,34564,0,0,350,30997,65,19233,350,50230,California
Stanislaus,2021-02-15,1816,71205,229,35054,1587,36151,0,0,580,30459,1122,20355,584,50814,California
Stanislaus,2021-02-16,1362,72567,423,35477,939,37090,0,0,578,30267,772,21127,580,51394,California
Stanislaus,2021-02-17,2754,75321,1686,37163,1068,38158,0,0,1920,31369,829,21956,1931,53325,California
Stanislaus,2021-02-18,3362,78683,1901,39064,1461,39619,0,0,1780,31689,1494,23450,1814,55139,California
Stanislaus,2021-02-19,2766,81449,1070,40134,1696,41315,0,0,1514,32019,1208,24658,1538,56677,California
Stanislaus,2021-02-20,753,82202,383,40517,370,41685,0,0,477,32241,256,24914,478,57155,California
Stanislaus,2021-02-21,906,83108,692,41209,214,41899,0,0,545,32460,337,25251,556,57711,California
Stanislaus,2021-02-22,2350,85458,1697,42906,653,42552,0,0,1632,33395,698,25949,1633,59344,California
Stanislaus,2021-02-23,3748,89206,680,43586,3068,45620,0,0,1741,33300,1847,27796,1752,61096,California
Stanislaus,2021-02-24,4186,93392,2853,46439,1333,46953,0,0,3125,35388,1040,28836,3128,64224,California
Stanislaus,2021-02-25,3952,97344,2718,49157,1234,48187,0,0,3150,37757,784,29620,3153,67377,California
Stanislaus,2021-02-26,4211,101555,1215,50372,2996,51183,0,0,2836,39286,1319,30939,2848,70225,California
Stanislaus,2021-02-27,2093,103648,711,51083,1381,52564,1,1,1860,40944,204,31143,1862,72087,California
Stanislaus,2021-02-28,825,104473,262,51345,563,53127,0,1,775,41681,39,31182,776,72863,California
Stanislaus,2021-03-01,2784,107257,1641,52986,1141,54268,2,3,1635,42222,1108,32290,1649,74512,California
Stanislaus,2021-03-02,2396,109653,1425,54411,970,55238,1,4,1660,43163,722,33012,1663,76175,California
Stanislaus,2021-03-03,3712,113365,2228,56639,1480,56718,4,8,2904,45279,791,33803,2907,79082,California
Stanislaus,2021-03-04,5439,118804,3104,59743,2319,59037,16,24,4190,48264,1217,35020,4202,83284,California
Stanislaus,2021-03-05,4080,122884,1117,60860,2947,61984,16,40,3084,50396,967,35987,3099,86383,California
Stanislaus,2021-03-06,3577,126461,2230,63090,1254,63238,93,133,2722,52362,851,36838,2817,89200,California
Stanislaus,2021-03-07,850,127311,387,63477,427,63665,36,169,664,52881,181,37019,700,89900,California
Stanislaus,2021-03-08,1989,129300,860,64337,1040,64705,89,258,1330,53659,640,37659,1418,91318,California
Stanislaus,2021-03-09,2177,131477,903,65240,1182,65887,92,350,1636,54862,529,38188,1732,93050,California
Stanislaus,2021-03-10,5065,136542,2503,67743,2339,68226,223,573,3737,57526,1309,39497,3973,97023,California
Stanislaus,2021-03-11,5717,142259,3140,70883,2101,70327,476,1049,4120,60699,1427,40924,4600,101623,California
Stanislaus,2021-03-12,5766,148025,1228,72111,2616,72943,1922,2971,2913,62704,2828,43752,4833,106456,California
Stanislaus,2021-03-13,3392,151417,2180,74291,1142,74085,70,3041,2694,64784,691,44443,2771,109227,California
Stanislaus,2021-03-14,989,152406,595,74886,343,74428,51,3092,485,64821,501,44944,538,109765,California
Stanislaus,2021-03-15,3689,156095,1975,76861,1353,75781,361,3453,1602,64800,1990,46934,1969,111734,California
Stanislaus,2021-03-16,4926,161021,2456,79317,2058,77839,412,3865,3545,67396,1360,48294,3956,115690,California
Stanislaus,2021-03-17,4720,165741,2854,82171,1688,79527,178,4043,2878,68646,1812,50106,3062,118752,California
Stanislaus,2021-03-18,5421,171162,3422,85593,1933,81460,66,4109,2928,69305,2340,52446,2999,121751,California
Stanislaus,2021-03-19,5924,177086,1539,87132,2864,84324,1521,5630,3104,71147,2780,55226,4622,126373,California
Stanislaus,2021-03-20,3841,180927,3007,90139,766,85090,68,5698,3364,74110,470,55696,3433,129806,California
Stanislaus,2021-03-21,1005,181932,903,91042,37,85127,65,5763,765,74703,237,55933,830,130636,California
Stanislaus,2021-03-22,2819,184751,1327,92369,767,85894,725,6488,1237,75114,1553,57486,1964,132600,California
Stanislaus,2021-03-23,3945,188696,2021,94390,1664,87558,260,6748,2804,77073,1124,58610,3083,135683,California
Stanislaus,2021-03-24,4550,193246,3221,97611,1261,88819,68,6816,2634,77909,1869,60479,2705,138388,California
Stanislaus,2021-03-25,4252,197498,2925,100536,1311,90130,16,6832,1818,77388,2356,62835,1835,140223,California
Stanislaus,2021-03-26,4747,202245,1334,101870,3338,93468,75,6907,2376,77514,2338,65173,2464,142687,California
Stanislaus,2021-03-27,4401,206646,2741,104611,1578,95046,82,6989,1379,75979,3004,68177,1469,144156,California
Stanislaus,2021-03-28,1105,207751,438,105049,559,95605,108,7097,317,75634,776,68953,431,144587,California
Stanislaus,2021-03-29,2976,210727,1825,106874,1112,96717,39,7136,1978,76669,988,69941,2023,146610,California
Stanislaus,2021-03-30,3676,214403,2064,108938,1586,98303,26,7162,2230,77494,1437,71378,2262,148872,California
Stanislaus,2021-03-31,5425,219828,3853,112791,1453,99756,119,7281,2771,77755,2633,74011,2894,151766,California
Stanislaus,2021-04-01,5734,225562,3836,116627,1809,101565,89,7370,2631,77403,3083,77094,2731,154497,California
Stanislaus,2021-04-02,5008,230570,1210,117837,3644,105209,154,7524,2235,77121,2683,79777,2401,156898,California
Stanislaus,2021-04-03,4542,235112,3299,121136,1206,106415,37,7561,2240,77119,2292,82069,2290,159188,California
Stanislaus,2021-04-04,1323,236435,473,121609,820,107235,30,7591,651,77139,665,82734,685,159873,California
Stanislaus,2021-04-05,3630,240065,2529,124138,853,108088,248,7839,2354,78479,1266,84000,2606,162479,California
Stanislaus,2021-04-06,5746,245811,4170,128308,1301,109389,275,8114,3074,79176,2658,86658,3355,165834,California
Stanislaus,2021-04-07,6344,252155,3596,131904,2325,111714,423,8537,2826,78933,3500,90158,3257,169091,California
Stanislaus,2021-04-08,5679,257834,3323,135227,1923,113637,433,8970,2772,79257,2884,93042,3208,172299,California
Stanislaus,2021-04-09,4819,262653,2103,137330,2344,115981,372,9342,2183,79213,2612,95654,2568,174867,California
Stanislaus,2021-04-10,6488,269141,3983,141313,866,116847,1639,10981,1997,78377,4465,100119,3629,178496,California
Stanislaus,2021-04-11,1518,270659,847,142160,538,117385,133,11114,664,78323,852,100971,798,179294,California
Stanislaus,2021-04-12,3590,274249,2046,144206,1099,118484,445,11559,1872,78950,1698,102669,2325,181619,California
Stanislaus,2021-04-13,5190,279439,3418,147624,1759,120243,13,11572,2916,79639,2234,104903,2923,184542,California
Stanislaus,2021-04-14,4643,284082,3247,150871,1394,121637,2,11574,2253,79541,2358,107261,2260,186802,California
Stanislaus,2021-04-15,5388,289470,3316,154187,2070,123707,2,11576,3238,80671,2111,109372,3241,190043,California
Stanislaus,2021-04-16,4304,293774,992,155179,3311,127018,1,11577,1816,80044,2446,111818,1819,191862,California
Stanislaus,2021-04-17,3162,296936,2127,157306,1035,128053,0,11577,1838,80573,1312,113130,1841,193703,California
Stanislaus,2021-04-18,532,297468,217,157523,314,128367,1,11578,409,80868,116,113246,411,194114,California
Stanislaus,2021-04-19,3455,300923,2448,159971,1006,129373,1,11579,1636,80726,1787,115033,1645,195759,California
Stanislaus,2021-04-20,3968,304891,2409,162380,1559,130932,0,11579,1731,80252,2207,117240,1733,197492,California
Stanislaus,2021-04-21,3825,308716,2558,164938,1266,132198,1,11580,1599,79672,2186,119426,1606,199098,California
Stanislaus,2021-04-22,3950,312666,2405,167343,1545,133743,0,11580,1571,78914,2334,121760,1576,200674,California
Stanislaus,2021-04-23,3584,316250,843,168186,2740,136483,1,11581,1462,78353,2031,123791,1470,202144,California
Stanislaus,2021-04-24,3783,320033,2928,171114,855,137338,0,11581,1790,78172,1976,125767,1795,203939,California
Stanislaus,2021-04-25,937,320970,480,171594,457,137795,0,11581,688,78621,243,126010,692,204631,California
Stanislaus,2021-04-26,3288,324258,2310,173904,972,138767,6,11587,994,77351,2274,128284,1004,205635,California
Stanislaus,2021-04-27,3995,328253,2775,176679,1176,139943,44,11631,1140,75709,2830,131114,1188,206823,California
Stanislaus,2021-04-28,4255,332508,3023,179702,1170,141113,62,11693,1837,75219,2399,133513,1909,208732,California
Stanislaus,2021-04-29,3631,336139,2253,181955,1330,142443,48,11741,1445,74549,2173,135686,1503,210235,California
Stanislaus,2021-04-30,4492,340631,2042,183997,2366,144809,84,11825,1776,73713,2704,138390,1868,212103,California
Stanislaus,2021-05-01,2706,343337,1924,185921,742,145551,40,11865,1015,73092,1684,140074,1063,213166,California
Stanislaus,2021-05-02,1074,344411,614,186535,424,145975,36,11901,521,73108,547,140621,563,213729,California
Stanislaus,2021-05-03,2412,346823,1926,188461,415,146390,71,11972,910,72602,1490,142111,984,214713,California
Stanislaus,2021-05-04,3469,350292,2467,190928,912,147302,90,12062,1066,71376,2391,144502,1165,215878,California
Stanislaus,2021-05-05,3184,353476,2130,193058,979,148281,75,12137,1085,70461,2079,146581,1164,217042,California
Stanislaus,2021-05-06,3152,356628,2338,195396,690,148971,124,12261,1017,69493,2116,148697,1148,218190,California
Stanislaus,2021-05-07,2300,358928,882,196278,1255,150226,163,12424,937,69240,1355,150052,1102,219292,California
Stanislaus,2021-05-08,1958,360886,1340,197618,585,150811,33,12457,712,68761,1231,151283,752,220044,California
Stanislaus,2021-05-09,710,361596,340,197958,344,151155,26,12483,306,68692,402,151685,333,220377,California
Stanislaus,2021-05-10,1668,363264,1136,199094,445,151600,87,12570,449,68022,1208,152893,538,220915,California
Stanislaus,2021-05-11,2328,365592,1471,200565,703,152303,154,12724,658,67179,1659,154552,816,221731,California
Stanislaus,2021-05-12,2144,367736,1220,201785,824,153127,100,12824,829,66808,1302,155854,931,222662,California
Stanislaus,2021-05-13,1846,369582,1020,202805,712,153839,114,12938,843,66768,998,156852,958,223620,California
Stanislaus,2021-05-14,2593,372175,1155,203960,1302,155141,136,13074,1195,66717,1383,158235,1332,224952,California
Stanislaus,2021-05-15,2473,374648,1768,205728,655,155796,50,13124,1198,66707,1266,159501,1256,226208,California
Stanislaus,2021-05-16,1020,375668,665,206393,347,156143,8,13132,554,66814,459,159960,566,226774,California
Stanislaus,2021-05-17,1926,377594,1293,207686,552,156695,81,13213,958,66893,962,160922,1041,227815,California
Stanislaus,2021-05-18,2197,379791,1501,209187,582,157277,114,13327,1165,67151,1020,161942,1278,229093,California
Stanislaus,2021-05-19,3015,382806,2062,211249,803,158080,150,13477,1348,66996,1658,163600,1503,230596,California
Stanislaus,2021-05-20,1843,384649,960,212209,783,158863,100,13577,756,66775,1080,164680,859,231455,California
Stanislaus,2021-05-21,2063,386712,961,213170,1010,159873,92,13669,847,66514,1201,165881,940,232395,California
Stanislaus,2021-05-22,1671,388383,1007,214177,597,160470,67,13736,739,66395,925,166806,806,233201,California
Stanislaus,2021-05-23,863,389246,557,214734,294,160764,12,13748,401,66350,458,167264,413,233614,California
Stanislaus,2021-05-24,1574,390820,1082,215816,417,161181,75,13823,611,66085,959,168223,694,234308,California
Stanislaus,2021-05-25,1692,392512,1163,216979,433,161614,96,13919,833,66161,855,169078,931,235239,California
Stanislaus,2021-05-26,1875,394387,1177,218156,649,162263,49,13968,894,66132,972,170050,943,236182,California
Stanislaus,2021-05-27,1708,396095,939,219095,694,162957,75,14043,640,65788,1059,171109,715,236897,California
Stanislaus,2021-05-28,1946,398041,884,219979,983,163940,79,14122,856,65639,1084,172193,935,237832,California
Stanislaus,2021-05-29,1309,399350,842,220821,426,164366,41,14163,610,65597,695,172888,653,238485,California
Stanislaus,2021-05-30,453,399803,273,221094,146,164512,34,14197,215,65611,235,173123,249,238734,California
Stanislaus,2021-05-31,259,400062,122,221216,130,164642,7,14204,97,65554,161,173284,104,238838,California
Stanislaus,2021-06-01,1530,401592,971,222187,519,165161,40,14244,627,65326,898,174182,670,239508,California
Stanislaus,2021-06-02,1664,403256,1078,223265,522,165683,64,14308,766,65270,889,175071,833,240341,California
Stanislaus,2021-06-03,903,404159,486,223751,376,166059,41,14349,369,65154,529,175600,413,240754,California
Stanislaus,2021-06-04,390,404549,244,223995,139,166198,7,14356,183,65145,205,175805,196,240950,California
Stanislaus,2021-06-05,15,404564,12,224007,3,166201,0,14356,5,65140,10,175815,5,240955,California
Sutter,2020-12-15,1,1,1,1,0,0,0,0,1,1,0,0,1,1,California
Sutter,2020-12-16,4,5,4,5,0,0,0,0,4,5,0,0,4,5,California
Sutter,2020-12-17,2,7,2,7,0,0,0,0,2,7,0,0,2,7,California
Sutter,2020-12-18,22,29,22,29,0,0,0,0,22,29,0,0,22,29,California
Sutter,2020-12-19,44,73,44,73,0,0,0,0,44,73,0,0,44,73,California
Sutter,2020-12-20,43,116,43,116,0,0,0,0,43,116,0,0,43,116,California
Sutter,2020-12-21,100,216,100,216,0,0,0,0,100,216,0,0,100,216,California
Sutter,2020-12-22,171,387,171,387,0,0,0,0,171,387,0,0,171,387,California
Sutter,2020-12-23,118,505,113,500,5,5,0,0,118,505,0,0,118,505,California
Sutter,2020-12-24,17,522,11,511,6,11,0,0,17,522,0,0,17,522,California
Sutter,2020-12-26,38,560,34,545,4,15,0,0,38,560,0,0,38,560,California
Sutter,2020-12-27,24,584,23,568,1,16,0,0,24,584,0,0,24,584,California
Sutter,2020-12-28,84,668,56,624,28,44,0,0,84,668,0,0,84,668,California
Sutter,2020-12-29,102,770,14,638,88,132,0,0,102,770,0,0,102,770,California
Sutter,2020-12-30,137,907,34,672,103,235,0,0,137,907,0,0,137,907,California
Sutter,2020-12-31,69,976,6,678,63,298,0,0,69,976,0,0,69,976,California
Sutter,2021-01-01,3,979,3,681,0,298,0,0,3,979,0,0,3,979,California
Sutter,2021-01-02,131,1110,129,810,2,300,0,0,131,1110,0,0,131,1110,California
Sutter,2021-01-03,1,1111,0,810,1,301,0,0,1,1111,0,0,1,1111,California
Sutter,2021-01-04,246,1357,138,948,108,409,0,0,246,1357,0,0,246,1357,California
Sutter,2021-01-05,100,1457,57,1005,43,452,0,0,97,1451,3,3,97,1454,California
Sutter,2021-01-06,204,1661,50,1055,154,606,0,0,199,1645,5,8,199,1653,California
Sutter,2021-01-07,253,1914,151,1206,102,708,0,0,244,1881,8,16,244,1897,California
Sutter,2021-01-08,152,2066,41,1247,111,819,0,0,134,1997,18,34,134,2031,California
Sutter,2021-01-09,44,2110,43,1290,1,820,0,0,3,1959,41,75,3,2034,California
Sutter,2021-01-10,395,2505,37,1327,358,1178,0,0,357,2279,37,112,357,2391,California
Sutter,2021-01-11,133,2638,116,1443,17,1195,0,0,25,2196,108,220,25,2416,California
Sutter,2021-01-12,201,2839,164,1607,37,1232,0,0,58,2111,143,363,58,2474,California
Sutter,2021-01-13,165,3004,101,1708,64,1296,0,0,74,2095,90,453,74,2548,California
Sutter,2021-01-14,148,3152,51,1759,97,1393,0,0,129,2205,19,472,129,2677,California
Sutter,2021-01-15,437,3589,132,1891,305,1698,0,0,422,2612,15,487,422,3099,California
Sutter,2021-01-16,384,3973,41,1932,343,2041,0,0,354,2936,30,517,354,3453,California
Sutter,2021-01-17,26,3999,24,1956,2,2043,0,0,10,2930,16,533,10,3463,California
Sutter,2021-01-18,119,4118,64,2020,55,2098,0,0,70,2951,49,582,70,3533,California
Sutter,2021-01-19,103,4221,42,2062,61,2159,0,0,79,3006,24,606,79,3612,California
Sutter,2021-01-20,270,4491,206,2268,64,2223,0,0,250,3236,20,626,250,3862,California
Sutter,2021-01-21,485,4976,316,2584,169,2392,0,0,466,3683,19,645,466,4328,California
Sutter,2021-01-22,242,5218,53,2637,189,2581,0,0,233,3907,9,654,233,4561,California
Sutter,2021-01-23,398,5616,39,2676,359,2940,0,0,372,4253,26,680,372,4933,California
Sutter,2021-01-24,16,5632,14,2690,2,2942,0,0,14,4265,2,682,14,4947,California
Sutter,2021-01-25,307,5939,195,2885,112,3054,0,0,152,4264,154,836,153,5100,California
Sutter,2021-01-26,249,6188,108,2993,141,3195,0,0,144,4304,104,940,144,5244,California
Sutter,2021-01-27,387,6575,255,3248,132,3327,0,0,321,4559,66,1006,321,5565,California
Sutter,2021-01-28,585,7160,361,3609,224,3551,0,0,410,4795,174,1180,410,5975,California
Sutter,2021-01-29,361,7521,85,3694,276,3827,0,0,242,4918,119,1299,242,6217,California
Sutter,2021-01-30,780,8301,39,3733,741,4568,0,0,769,5676,11,1310,769,6986,California
Sutter,2021-01-31,26,8327,25,3758,1,4569,0,0,26,5702,0,1310,26,7012,California
Sutter,2021-02-01,168,8495,51,3809,117,4686,0,0,137,5808,31,1341,137,7149,California
Sutter,2021-02-02,241,8736,24,3833,217,4903,0,0,208,5983,33,1374,208,7357,California
Sutter,2021-02-03,446,9182,39,3872,407,5310,0,0,211,5959,235,1609,211,7568,California
Sutter,2021-02-04,673,9855,363,4235,310,5620,0,0,620,6526,53,1662,620,8188,California
Sutter,2021-02-05,291,10146,32,4267,259,5879,0,0,139,6513,152,1814,139,8327,California
Sutter,2021-02-06,736,10882,31,4298,705,6584,0,0,716,7209,20,1834,716,9043,California
Sutter,2021-02-07,23,10905,20,4318,3,6587,0,0,19,7224,4,1838,19,9062,California
Sutter,2021-02-08,133,11038,29,4347,104,6691,0,0,98,7287,35,1873,98,9160,California
Sutter,2021-02-09,248,11286,45,4392,203,6894,0,0,185,7409,63,1936,185,9345,California
Sutter,2021-02-10,819,12105,381,4773,438,7332,0,0,179,6949,639,2575,179,9524,California
Sutter,2021-02-11,602,12707,270,5043,332,7664,0,0,344,7035,258,2833,344,9868,California
Sutter,2021-02-12,637,13344,67,5110,570,8234,0,0,312,7023,324,3157,312,10180,California
Sutter,2021-02-13,900,14244,48,5158,852,9086,0,0,784,7691,116,3273,784,10964,California
Sutter,2021-02-14,92,14336,26,5184,66,9152,0,0,81,7761,11,3284,81,11045,California
Sutter,2021-02-15,200,14536,73,5257,127,9279,0,0,121,7803,79,3363,121,11166,California
Sutter,2021-02-16,290,14826,45,5302,245,9524,0,0,206,7926,83,3446,206,11372,California
Sutter,2021-02-17,825,15651,430,5732,395,9919,0,0,131,7363,694,4140,131,11503,California
Sutter,2021-02-18,708,16359,56,5788,652,10571,0,0,493,7642,214,4354,493,11996,California
Sutter,2021-02-19,664,17023,378,6166,286,10857,0,0,460,7900,202,4556,460,12456,California
Sutter,2021-02-20,623,17646,56,6222,567,11424,0,0,518,8314,104,4660,518,12974,California
Sutter,2021-02-21,27,17673,25,6247,2,11426,0,0,8,8303,19,4679,8,12982,California
Sutter,2021-02-22,208,17881,122,6369,86,11512,0,0,88,8271,120,4799,88,13070,California
Sutter,2021-02-23,222,18103,32,6401,190,11702,0,0,97,8244,124,4923,97,13167,California
Sutter,2021-02-24,972,19075,347,6748,625,12327,0,0,198,7669,773,5696,198,13365,California
Sutter,2021-02-25,790,19865,502,7250,288,12615,0,0,607,8096,180,5876,607,13972,California
Sutter,2021-02-26,374,20239,61,7311,313,12928,0,0,154,8032,218,6094,154,14126,California
Sutter,2021-02-27,873,21112,49,7360,824,13752,0,0,713,8583,162,6256,713,14839,California
Sutter,2021-02-28,86,21198,42,7402,44,13796,0,0,66,8630,19,6275,66,14905,California
Sutter,2021-03-01,249,21447,61,7463,188,13984,0,0,152,8685,97,6372,152,15057,California
Sutter,2021-03-02,336,21783,59,7522,277,14261,0,0,162,8674,173,6545,162,15219,California
Sutter,2021-03-03,1387,23170,514,8036,873,15134,0,0,644,8581,737,7282,644,15863,California
Sutter,2021-03-04,1255,24425,862,8898,393,15527,0,0,946,9222,305,7587,946,16809,California
Sutter,2021-03-05,338,24763,78,8976,259,15786,1,1,207,9299,131,7718,208,17017,California
Sutter,2021-03-06,1024,25787,47,9023,972,16758,5,6,859,9998,165,7883,864,17881,California
Sutter,2021-03-07,65,25852,23,9046,41,16799,1,7,44,10022,21,7904,45,17926,California
Sutter,2021-03-08,229,26081,80,9126,137,16936,12,19,159,10123,70,7974,171,18097,California
Sutter,2021-03-09,392,26473,142,9268,237,17173,13,32,189,10122,203,8177,202,18299,California
Sutter,2021-03-10,1575,28048,684,9952,828,18001,63,95,527,9667,1045,9222,590,18889,California
Sutter,2021-03-11,892,28940,441,10393,433,18434,18,113,647,10090,242,9464,665,19554,California
Sutter,2021-03-12,681,29621,111,10504,388,18822,182,295,200,9992,478,9942,380,19934,California
Sutter,2021-03-13,993,30614,752,11256,223,19045,18,313,784,10586,207,10149,801,20735,California
Sutter,2021-03-14,132,30746,22,11278,99,19144,11,324,45,10555,87,10236,56,20791,California
Sutter,2021-03-15,325,31071,66,11344,210,19354,49,373,155,10591,168,10404,204,20995,California
Sutter,2021-03-16,393,31464,86,11430,260,19614,47,420,212,10668,181,10585,258,21253,California
Sutter,2021-03-17,1498,32962,562,11992,915,20529,21,441,313,9825,1176,11761,333,21586,California
Sutter,2021-03-18,973,33935,178,12170,595,21124,200,641,568,10189,403,12164,767,22353,California
Sutter,2021-03-19,462,34397,165,12335,268,21392,29,670,284,10326,176,12340,313,22666,California
Sutter,2021-03-20,948,35345,117,12452,820,22212,11,681,857,11103,91,12431,868,23534,California
Sutter,2021-03-21,68,35413,47,12499,18,22230,3,684,32,11102,36,12467,35,23569,California
Sutter,2021-03-22,291,35704,121,12620,143,22373,27,711,213,11265,77,12544,240,23809,California
Sutter,2021-03-23,375,36079,115,12735,228,22601,32,743,253,11427,122,12666,284,24093,California
Sutter,2021-03-24,1684,37763,768,13503,845,23446,71,814,312,10453,1357,14023,383,24476,California
Sutter,2021-03-25,1043,38806,681,14184,319,23765,43,857,369,10194,671,14694,412,24888,California
Sutter,2021-03-26,493,39299,176,14360,300,24065,17,874,294,10309,196,14890,311,25199,California
Sutter,2021-03-27,925,40224,63,14423,860,24925,2,876,819,11027,103,14993,821,26020,California
Sutter,2021-03-28,124,40348,71,14494,53,24978,0,876,77,11059,45,15038,77,26097,California
Sutter,2021-03-29,426,40774,143,14637,227,25205,56,932,223,11137,201,15239,279,26376,California
Sutter,2021-03-30,477,41251,162,14799,305,25510,10,942,315,11300,162,15401,325,26701,California
Sutter,2021-03-31,1260,42511,180,14979,1065,26575,15,957,457,10981,792,16193,473,27174,California
Sutter,2021-04-01,1386,43897,739,15718,459,27034,188,1145,428,10646,950,17143,615,27789,California
Sutter,2021-04-02,516,44413,101,15819,297,27331,118,1263,204,10654,310,17453,318,28107,California
Sutter,2021-04-03,917,45330,78,15897,210,27541,629,1892,121,10611,793,18246,750,28857,California
Sutter,2021-04-04,117,45447,22,15919,89,27630,6,1898,54,10608,63,18309,60,28917,California
Sutter,2021-04-05,370,45817,145,16064,189,27819,36,1934,178,10633,189,18498,214,29131,California
Sutter,2021-04-06,513,46330,199,16263,258,28077,56,1990,275,10727,237,18735,331,29462,California
Sutter,2021-04-07,1482,47812,885,17148,521,28598,76,2066,610,10549,864,19599,686,30148,California
Sutter,2021-04-08,1050,48862,581,17729,355,28953,114,2180,578,10770,469,20068,690,30838,California
Sutter,2021-04-09,570,49432,249,17978,256,29209,65,2245,240,10749,326,20394,305,31143,California
Sutter,2021-04-10,831,50263,109,18087,92,29301,630,2875,112,10768,715,21109,734,31877,California
Sutter,2021-04-11,115,50378,28,18115,41,29342,46,2921,34,10766,81,21190,79,31956,California
Sutter,2021-04-12,344,50722,94,18209,196,29538,54,2975,138,10753,205,21395,192,32148,California
Sutter,2021-04-13,435,51157,129,18338,306,29844,0,2975,215,10750,218,21613,215,32363,California
Sutter,2021-04-14,1303,52460,160,18498,1142,30986,1,2976,216,9889,1081,22694,220,32583,California
Sutter,2021-04-15,532,52992,171,18669,361,31347,0,2976,211,9781,319,23013,211,32794,California
Sutter,2021-04-16,393,53385,124,18793,269,31616,0,2976,180,9749,212,23225,180,32974,California
Sutter,2021-04-17,575,53960,84,18877,491,32107,0,2976,504,10183,70,23295,504,33478,California
Sutter,2021-04-18,70,54030,12,18889,58,32165,0,2976,42,10198,27,23322,42,33520,California
Sutter,2021-04-19,287,54317,109,18998,178,32343,0,2976,119,10151,166,23488,119,33639,California
Sutter,2021-04-20,410,54727,132,19130,278,32621,0,2976,202,10145,208,23696,202,33841,California
Sutter,2021-04-21,1232,55959,420,19550,812,33433,0,2976,475,9873,747,24443,475,34316,California
Sutter,2021-04-22,483,56442,164,19714,319,33752,0,2976,251,9894,230,24673,251,34567,California
Sutter,2021-04-23,398,56840,116,19830,282,34034,0,2976,184,9866,212,24885,184,34751,California
Sutter,2021-04-24,326,57166,106,19936,219,34253,1,2977,186,9913,139,25024,186,34937,California
Sutter,2021-04-25,157,57323,75,20011,82,34335,0,2977,86,9930,69,25093,86,35023,California
Sutter,2021-04-26,290,57613,88,20099,200,34535,2,2979,124,9892,164,25257,126,35149,California
Sutter,2021-04-27,531,58144,264,20363,263,34798,4,2983,246,9860,282,25539,250,35399,California
Sutter,2021-04-28,813,58957,341,20704,464,35262,8,2991,254,9568,554,26093,262,35661,California
Sutter,2021-04-29,778,59735,140,20844,637,35899,1,2992,312,9418,463,26556,313,35974,California
Sutter,2021-04-30,359,60094,109,20953,237,36136,13,3005,145,9364,211,26767,157,36131,California
Sutter,2021-05-01,293,60387,105,21058,148,36284,40,3045,125,9364,165,26932,165,36296,California
Sutter,2021-05-02,82,60469,54,21112,26,36310,2,3047,46,9376,36,26968,48,36344,California
Sutter,2021-05-03,217,60686,109,21221,99,36409,9,3056,86,9340,131,27099,95,36439,California
Sutter,2021-05-04,540,61226,237,21458,238,36647,65,3121,226,9319,311,27410,290,36729,California
Sutter,2021-05-05,534,61760,143,21601,383,37030,8,3129,155,9109,373,27783,163,36892,California
Sutter,2021-05-06,420,62180,227,21828,175,37205,18,3147,189,9085,231,28014,207,37099,California
Sutter,2021-05-07,408,62588,146,21974,241,37446,21,3168,153,9006,253,28267,174,37273,California
Sutter,2021-05-08,195,62783,48,22022,142,37588,5,3173,106,9028,89,28356,111,37384,California
Sutter,2021-05-09,82,62865,53,22075,24,37612,5,3178,56,9063,26,28382,61,37445,California
Sutter,2021-05-10,189,63054,42,22117,129,37741,18,3196,47,8988,140,28522,65,37510,California
Sutter,2021-05-11,433,63487,212,22329,202,37943,19,3215,180,8936,250,28772,198,37708,California
Sutter,2021-05-12,396,63883,209,22538,178,38121,9,3224,134,8821,258,29030,143,37851,California
Sutter,2021-05-13,442,64325,228,22766,192,38313,22,3246,171,8745,269,29299,193,38044,California
Sutter,2021-05-14,435,64760,186,22952,233,38546,16,3262,215,8761,215,29514,231,38275,California
Sutter,2021-05-15,840,65600,307,23259,502,39048,31,3293,305,8563,534,30048,336,38611,California
Sutter,2021-05-16,136,65736,82,23341,46,39094,8,3301,74,8584,61,30109,82,38693,California
Sutter,2021-05-17,292,66028,116,23457,162,39256,14,3315,155,8617,136,30245,169,38862,California
Sutter,2021-05-18,540,66568,310,23767,225,39481,5,3320,296,8677,241,30486,301,39163,California
Sutter,2021-05-19,463,67031,265,24032,191,39672,7,3327,245,8714,215,30701,252,39415,California
Sutter,2021-05-20,408,67439,224,24256,172,39844,12,3339,200,8720,206,30907,212,39627,California
Sutter,2021-05-21,453,67892,209,24465,232,40076,12,3351,221,8723,229,31136,232,39859,California
Sutter,2021-05-22,319,68211,184,24649,132,40208,3,3354,162,8735,152,31288,164,40023,California
Sutter,2021-05-23,163,68374,79,24728,76,40284,8,3362,85,8756,72,31360,93,40116,California
Sutter,2021-05-24,241,68615,89,24817,129,40413,23,3385,108,8756,131,31491,131,40247,California
Sutter,2021-05-25,400,69015,195,25012,192,40605,13,3398,169,8711,226,31717,181,40428,California
Sutter,2021-05-26,318,69333,157,25169,152,40757,9,3407,119,8644,195,31912,128,40556,California
Sutter,2021-05-27,432,69765,115,25284,298,41055,19,3426,126,8487,302,32214,145,40701,California
Sutter,2021-05-28,335,70100,164,25448,157,41212,14,3440,179,8529,151,32365,193,40894,California
Sutter,2021-05-29,252,70352,118,25566,119,41331,15,3455,140,8576,108,32473,155,41049,California
Sutter,2021-05-30,85,70437,61,25627,21,41352,3,3458,50,8595,34,32507,53,41102,California
Sutter,2021-05-31,19,70456,2,25629,13,41365,4,3462,5,8590,14,32521,9,41111,California
Sutter,2021-06-01,308,70764,133,25762,167,41532,8,3470,135,8561,172,32693,143,41254,California
Sutter,2021-06-02,281,71045,120,25882,155,41687,6,3476,118,8528,157,32850,124,41378,California
Sutter,2021-06-03,338,71383,225,26107,104,41791,9,3485,131,8467,201,33051,140,41518,California
Sutter,2021-06-04,337,71720,200,26307,130,41921,7,3492,128,8396,206,33257,135,41653,California
Sutter,2021-06-05,241,71961,213,26520,26,41947,2,3494,91,8340,149,33406,93,41746,California
Tehama,2020-12-15,1,1,1,1,0,0,0,0,1,1,0,0,1,1,California
Tehama,2020-12-16,4,5,4,5,0,0,0,0,4,5,0,0,4,5,California
Tehama,2020-12-17,15,20,15,20,0,0,0,0,15,20,0,0,15,20,California
Tehama,2020-12-18,4,24,4,24,0,0,0,0,5,25,0,0,5,25,California
Tehama,2020-12-21,37,61,37,61,0,0,0,0,37,62,0,0,37,62,California
Tehama,2020-12-22,71,132,65,126,6,6,0,0,71,133,0,0,71,133,California
Tehama,2020-12-23,52,184,44,170,8,14,0,0,52,185,0,0,52,185,California
Tehama,2020-12-24,5,189,3,173,2,16,0,0,5,190,0,0,5,190,California
Tehama,2020-12-26,4,193,3,176,1,17,0,0,4,194,0,0,4,194,California
Tehama,2020-12-27,2,195,2,178,0,17,0,0,2,196,0,0,2,196,California
Tehama,2020-12-28,58,253,45,223,13,30,0,0,58,254,0,0,58,254,California
Tehama,2020-12-29,39,292,39,262,0,30,0,0,39,293,0,0,39,293,California
Tehama,2020-12-30,57,349,40,302,17,47,0,0,56,349,0,0,56,349,California
Tehama,2020-12-31,14,363,4,306,10,57,0,0,14,363,0,0,14,363,California
Tehama,2021-01-01,2,365,0,306,2,59,0,0,2,365,0,0,2,365,California
Tehama,2021-01-04,40,405,13,319,27,86,0,0,40,405,0,0,40,405,California
Tehama,2021-01-05,75,480,46,365,29,115,0,0,70,470,5,5,70,475,California
Tehama,2021-01-06,80,560,27,392,53,168,0,0,68,527,11,16,68,543,California
Tehama,2021-01-07,58,618,7,399,51,219,0,0,57,583,1,17,57,600,California
Tehama,2021-01-08,36,654,25,424,11,230,0,0,31,609,5,22,31,631,California
Tehama,2021-01-09,8,662,6,430,2,232,0,0,6,613,2,24,6,637,California
Tehama,2021-01-10,1,663,0,430,1,233,0,0,1,614,0,24,1,638,California
Tehama,2021-01-11,55,718,49,479,6,239,0,0,19,597,36,60,19,657,California
Tehama,2021-01-12,140,858,120,599,20,259,0,0,90,637,50,110,90,747,California
Tehama,2021-01-13,79,937,58,657,21,280,0,0,31,620,48,158,31,778,California
Tehama,2021-01-14,235,1172,50,707,185,465,0,0,233,851,2,160,233,1011,California
Tehama,2021-01-15,269,1441,75,782,194,659,0,0,265,1112,4,164,265,1276,California
Tehama,2021-01-16,272,1713,20,802,252,911,0,0,269,1378,3,167,269,1545,California
Tehama,2021-01-17,6,1719,2,804,4,915,0,0,4,1380,2,169,4,1549,California
Tehama,2021-01-18,13,1732,7,811,6,921,0,0,7,1381,6,175,7,1556,California
Tehama,2021-01-19,305,2037,73,884,232,1153,0,0,244,1564,61,236,244,1800,California
Tehama,2021-01-20,319,2356,95,979,224,1377,0,0,266,1778,52,288,266,2066,California
Tehama,2021-01-21,235,2591,15,994,220,1597,0,0,222,1987,13,301,222,2288,California
Tehama,2021-01-22,239,2830,21,1015,218,1815,0,0,236,2220,3,304,236,2524,California
Tehama,2021-01-23,265,3095,7,1022,258,2073,0,0,264,2483,1,305,264,2788,California
Tehama,2021-01-24,1,3096,1,1023,0,2073,0,0,1,2484,0,305,1,2789,California
Tehama,2021-01-25,40,3136,19,1042,21,2094,0,0,18,2480,22,327,18,2807,California
Tehama,2021-01-26,344,3480,44,1086,300,2394,0,0,306,2748,38,365,306,3113,California
Tehama,2021-01-27,316,3796,22,1108,294,2688,0,0,295,3022,21,386,295,3408,California
Tehama,2021-01-28,354,4150,35,1143,319,3007,0,0,335,3338,19,405,335,3743,California
Tehama,2021-01-29,344,4494,22,1165,322,3329,0,0,326,3646,18,423,326,4069,California
Tehama,2021-01-30,108,4602,2,1167,106,3435,0,0,107,3752,1,424,107,4176,California
Tehama,2021-01-31,1,4603,0,1167,1,3436,0,0,1,3753,0,424,1,4177,California
Tehama,2021-02-01,83,4686,22,1189,61,3497,0,0,38,3746,45,469,38,4215,California
Tehama,2021-02-02,364,5050,69,1258,295,3792,0,0,265,3912,99,568,265,4480,California
Tehama,2021-02-03,418,5468,15,1273,403,4195,0,0,367,4228,51,619,367,4847,California
Tehama,2021-02-04,508,5976,103,1376,405,4600,0,0,425,4571,83,702,426,5273,California
Tehama,2021-02-05,188,6164,73,1449,115,4715,0,0,124,4631,64,766,124,5397,California
Tehama,2021-02-06,37,6201,15,1464,22,4737,0,0,25,4644,12,778,25,5422,California
Tehama,2021-02-07,5,6206,4,1468,1,4738,0,0,2,4643,3,781,2,5424,California
Tehama,2021-02-08,42,6248,14,1482,28,4766,0,0,30,4661,12,793,30,5454,California
Tehama,2021-02-09,86,6334,41,1523,45,4811,0,0,47,4669,39,832,47,5501,California
Tehama,2021-02-10,244,6578,67,1590,177,4988,0,0,160,4745,84,916,160,5661,California
Tehama,2021-02-11,238,6816,18,1608,220,5208,0,0,90,4689,146,1062,90,5751,California
Tehama,2021-02-12,394,7210,74,1682,320,5528,0,0,186,4667,208,1270,186,5937,California
Tehama,2021-02-13,403,7613,16,1698,387,5915,0,0,159,4582,244,1514,159,6096,California
Tehama,2021-02-14,37,7650,2,1700,35,5950,0,0,34,4613,3,1517,34,6130,California
Tehama,2021-02-15,59,7709,10,1710,49,5999,0,0,51,4656,8,1525,51,6181,California
Tehama,2021-02-16,254,7963,19,1729,235,6234,0,0,66,4534,188,1713,66,6247,California
Tehama,2021-02-17,299,8262,15,1744,284,6518,0,0,57,4349,242,1955,57,6304,California
Tehama,2021-02-18,385,8647,33,1777,352,6870,0,0,148,4260,237,2192,148,6452,California
Tehama,2021-02-19,229,8876,22,1799,207,7077,0,0,45,4121,184,2376,45,6497,California
Tehama,2021-02-20,283,9159,8,1807,275,7352,0,0,31,3900,252,2628,31,6528,California
Tehama,2021-02-21,2,9161,1,1808,1,7353,0,0,2,3902,0,2628,2,6530,California
Tehama,2021-02-22,44,9205,15,1823,29,7382,0,0,27,3912,17,2645,27,6557,California
Tehama,2021-02-23,53,9258,23,1846,30,7412,0,0,27,3913,26,2671,27,6584,California
Tehama,2021-02-24,324,9582,20,1866,304,7716,0,0,33,3655,291,2962,33,6617,California
Tehama,2021-02-25,388,9970,60,1926,328,8044,0,0,41,3349,347,3309,41,6658,California
Tehama,2021-02-26,477,10447,20,1946,457,8501,0,0,73,3018,404,3713,73,6731,California
Tehama,2021-02-27,314,10761,6,1952,308,8809,0,0,35,2774,279,3992,35,6766,California
Tehama,2021-02-28,23,10784,2,1954,21,8830,0,0,20,2791,3,3995,20,6786,California
Tehama,2021-03-01,70,10854,8,1962,62,8892,0,0,33,2787,37,4032,33,6819,California
Tehama,2021-03-02,148,11002,19,1981,129,9021,0,0,31,2701,117,4149,31,6850,California
Tehama,2021-03-03,158,11160,33,2014,125,9146,0,0,53,2649,105,4254,53,6903,California
Tehama,2021-03-04,683,11843,54,2068,629,9775,0,0,244,2461,432,4686,244,7147,California
Tehama,2021-03-05,423,12266,23,2091,400,10175,0,0,224,2487,198,4884,224,7371,California
Tehama,2021-03-06,319,12585,16,2107,301,10476,2,2,84,2340,234,5118,87,7458,California
Tehama,2021-03-07,5,12590,1,2108,4,10480,0,2,3,2342,1,5119,3,7461,California
Tehama,2021-03-08,63,12653,11,2119,36,10516,16,18,26,2348,36,5155,42,7503,California
Tehama,2021-03-09,388,13041,11,2130,356,10872,21,39,330,2641,58,5213,351,7854,California
Tehama,2021-03-10,361,13402,17,2147,323,11195,21,60,73,2448,287,5500,94,7948,California
Tehama,2021-03-11,520,13922,20,2167,447,11642,53,113,366,2713,154,5654,419,8367,California
Tehama,2021-03-12,322,14244,24,2191,229,11871,69,182,188,2836,134,5788,257,8624,California
Tehama,2021-03-13,49,14293,9,2200,34,11905,6,188,5,2803,44,5832,11,8635,California
Tehama,2021-03-14,59,14352,3,2203,45,11950,11,199,15,2785,44,5876,26,8661,California
Tehama,2021-03-15,160,14512,21,2224,118,12068,21,220,85,2816,75,5951,106,8767,California
Tehama,2021-03-16,427,14939,18,2242,371,12439,38,258,322,3072,104,6055,360,9127,California
Tehama,2021-03-17,452,15391,28,2270,392,12831,32,290,365,3384,85,6140,397,9524,California
Tehama,2021-03-18,509,15900,33,2303,451,13282,25,315,326,3554,181,6321,351,9875,California
Tehama,2021-03-19,334,16234,26,2329,295,13577,13,328,290,3813,44,6365,303,10178,California
Tehama,2021-03-20,49,16283,12,2341,32,13609,5,333,33,3835,16,6381,38,10216,California
Tehama,2021-03-21,12,16295,5,2346,7,13616,0,333,12,3847,0,6381,12,10228,California
Tehama,2021-03-22,97,16392,8,2354,72,13688,17,350,55,3877,42,6423,72,10300,California
Tehama,2021-03-23,98,16490,31,2385,60,13748,7,357,74,3934,24,6447,81,10381,California
Tehama,2021-03-24,91,16581,16,2401,72,13820,3,360,57,3960,34,6481,60,10441,California
Tehama,2021-03-25,545,17126,378,2779,154,13974,13,373,493,4415,51,6532,506,10947,California
Tehama,2021-03-26,543,17669,428,3207,103,14077,12,385,462,4810,79,6611,474,11421,California
Tehama,2021-03-27,483,18152,380,3587,74,14151,29,414,412,5181,70,6681,441,11862,California
Tehama,2021-03-28,38,18190,15,3602,23,14174,0,414,24,5191,14,6695,24,11886,California
Tehama,2021-03-29,128,18318,31,3633,95,14269,2,416,80,5225,47,6742,81,11967,California
Tehama,2021-03-30,397,18715,237,3870,158,14427,2,418,270,5370,127,6869,272,12239,California
Tehama,2021-03-31,412,19127,307,4177,102,14529,3,421,335,5631,76,6945,337,12576,California
Tehama,2021-04-01,545,19672,260,4437,279,14808,6,427,407,5907,137,7082,413,12989,California
Tehama,2021-04-02,481,20153,230,4667,244,15052,7,434,290,6012,191,7273,296,13285,California
Tehama,2021-04-03,69,20222,6,4673,57,15109,6,440,35,6019,34,7307,41,13326,California
Tehama,2021-04-04,37,20259,6,4679,28,15137,3,443,23,6031,14,7321,26,13352,California
Tehama,2021-04-05,124,20383,21,4700,72,15209,31,474,63,6064,61,7382,94,13446,California
Tehama,2021-04-06,528,20911,114,4814,354,15563,60,534,144,5884,384,7766,204,13650,California
Tehama,2021-04-07,435,21346,295,5109,92,15655,48,582,313,6123,121,7887,360,14010,California
Tehama,2021-04-08,634,21980,186,5295,406,16061,42,624,237,6006,396,8283,279,14289,California
Tehama,2021-04-09,460,22440,213,5508,212,16273,35,659,233,6048,226,8509,268,14557,California
Tehama,2021-04-10,85,22525,17,5525,38,16311,30,689,45,6083,40,8549,75,14632,California
Tehama,2021-04-11,40,22565,8,5533,21,16332,11,700,9,6072,31,8580,20,14652,California
Tehama,2021-04-12,116,22681,6,5539,89,16421,21,721,41,6059,75,8655,62,14714,California
Tehama,2021-04-13,397,23078,69,5608,328,16749,0,721,67,5796,330,8985,67,14781,California
Tehama,2021-04-14,416,23494,53,5661,363,17112,0,721,49,5480,365,9350,49,14830,California
Tehama,2021-04-15,531,24025,200,5861,331,17443,0,721,81,5111,450,9800,81,14911,California
Tehama,2021-04-16,637,24662,368,6229,269,17712,0,721,81,4636,556,10356,81,14992,California
Tehama,2021-04-17,371,25033,283,6512,88,17800,0,721,51,4370,318,10674,52,15044,California
Tehama,2021-04-18,18,25051,4,6516,14,17814,0,721,12,4376,6,10680,12,15056,California
Tehama,2021-04-19,99,25150,7,6523,92,17906,0,721,41,4359,58,10738,41,15097,California
Tehama,2021-04-20,559,25709,462,6985,97,18003,0,721,161,4127,395,11133,163,15260,California
Tehama,2021-04-21,518,26227,442,7427,76,18079,0,721,168,3947,348,11481,168,15428,California
Tehama,2021-04-22,535,26762,381,7808,154,18233,0,721,153,3721,379,11860,153,15581,California
Tehama,2021-04-23,466,27228,363,8171,103,18336,0,721,205,3667,260,12120,206,15787,California
Tehama,2021-04-24,110,27338,20,8191,90,18426,0,721,27,3611,83,12203,27,15814,California
Tehama,2021-04-25,29,27367,18,8209,11,18437,0,721,10,3602,19,12222,10,15824,California
Tehama,2021-04-26,83,27450,12,8221,71,18508,0,721,48,3615,35,12257,48,15872,California
Tehama,2021-04-27,263,27713,214,8435,46,18554,3,724,95,3545,168,12425,98,15970,California
Tehama,2021-04-28,413,28126,334,8769,61,18615,18,742,70,3290,343,12768,88,16058,California
Tehama,2021-04-29,372,28498,178,8947,188,18803,6,748,73,3071,298,13066,79,16137,California
Tehama,2021-04-30,359,28857,264,9211,88,18891,7,755,126,2971,233,13299,133,16270,California
Tehama,2021-05-01,72,28929,3,9214,66,18957,3,758,13,2928,59,13358,16,16286,California
Tehama,2021-05-02,46,28975,24,9238,10,18967,12,770,26,2946,20,13378,38,16324,California
Tehama,2021-05-03,123,29098,40,9278,74,19041,9,779,65,2962,58,13436,74,16398,California
Tehama,2021-05-04,164,29262,57,9335,98,19139,9,788,68,2943,96,13532,77,16475,California
Tehama,2021-05-05,87,29349,22,9357,55,19194,10,798,40,2946,47,13579,50,16525,California
Tehama,2021-05-06,171,29520,95,9452,59,19253,17,815,104,3000,67,13646,121,16646,California
Tehama,2021-05-07,185,29705,77,9529,96,19349,12,827,52,2933,131,13777,64,16710,California
Tehama,2021-05-08,52,29757,7,9536,44,19393,1,828,14,2910,38,13815,15,16725,California
Tehama,2021-05-09,17,29774,4,9540,13,19406,0,828,7,2907,10,13825,7,16732,California
Tehama,2021-05-10,79,29853,6,9546,66,19472,7,835,37,2910,41,13866,44,16776,California
Tehama,2021-05-11,178,30031,126,9672,39,19511,13,848,33,2811,145,14011,46,16822,California
Tehama,2021-05-12,207,30238,135,9807,62,19573,10,858,45,2705,161,14172,55,16877,California
Tehama,2021-05-13,242,30480,166,9973,67,19640,9,867,109,2691,132,14304,118,16995,California
Tehama,2021-05-14,250,30730,137,10110,92,19732,21,888,59,2581,190,14494,80,17075,California
Tehama,2021-05-15,238,30968,139,10249,60,19792,39,927,167,2717,70,14564,206,17281,California
Tehama,2021-05-16,28,30996,7,10256,18,19810,3,930,16,2724,12,14576,19,17300,California
Tehama,2021-05-17,121,31117,33,10289,72,19882,16,946,59,2738,61,14637,75,17375,California
Tehama,2021-05-18,157,31274,82,10371,60,19942,15,961,49,2696,106,14743,64,17439,California
Tehama,2021-05-19,131,31405,57,10428,63,20005,11,972,44,2664,87,14830,55,17494,California
Tehama,2021-05-20,314,31719,229,10657,62,20067,23,995,222,2818,91,14921,245,17739,California
Tehama,2021-05-21,214,31933,103,10760,98,20165,13,1008,71,2761,141,15062,84,17823,California
Tehama,2021-05-22,58,31991,30,10790,24,20189,4,1012,36,2779,22,15084,40,17863,California
Tehama,2021-05-23,42,32033,22,10812,10,20199,10,1022,13,2773,29,15113,23,17886,California
Tehama,2021-05-24,101,32134,29,10841,63,20262,9,1031,35,2751,66,15179,44,17930,California
Tehama,2021-05-25,77,32211,18,10859,51,20313,8,1039,47,2776,29,15208,54,17984,California
Tehama,2021-05-26,81,32292,31,10890,47,20360,3,1042,53,2805,27,15235,56,18040,California
Tehama,2021-05-27,155,32447,98,10988,53,20413,4,1046,50,2756,103,15338,54,18094,California
Tehama,2021-05-28,141,32588,38,11026,95,20508,8,1054,65,2754,75,15413,73,18167,California
Tehama,2021-05-29,54,32642,8,11034,40,20548,6,1060,35,2776,19,15432,41,18208,California
Tehama,2021-05-30,13,32655,3,11037,9,20557,1,1061,5,2774,8,15440,6,18214,California
Tehama,2021-05-31,17,32672,1,11038,15,20572,1,1062,4,2766,13,15453,5,18219,California
Tehama,2021-06-01,100,32772,19,11057,62,20634,19,1081,33,2751,67,15520,52,18271,California
Tehama,2021-06-02,90,32862,32,11089,53,20687,5,1086,38,2742,52,15572,43,18314,California
Tehama,2021-06-03,134,32996,102,11191,23,20710,9,1095,33,2683,101,15673,42,18356,California
Tehama,2021-06-04,119,33115,26,11217,82,20792,11,1106,49,2671,70,15743,58,18414,California
Tehama,2021-06-05,62,33177,55,11272,5,20797,2,1108,4,2619,58,15801,6,18420,California
Trinity,2020-12-17,4,4,4,4,0,0,0,0,4,4,0,0,4,4,California
Trinity,2020-12-18,2,6,2,6,0,0,0,0,2,6,0,0,2,6,California
Trinity,2020-12-21,39,45,39,45,0,0,0,0,39,45,0,0,39,45,California
Trinity,2020-12-22,4,49,4,49,0,0,0,0,4,49,0,0,4,49,California
Trinity,2020-12-23,6,55,5,54,1,1,0,0,6,55,0,0,6,55,California
Trinity,2020-12-28,31,86,31,85,0,1,0,0,31,86,0,0,31,86,California
Trinity,2020-12-29,8,94,7,92,1,2,0,0,8,94,0,0,8,94,California
Trinity,2020-12-30,10,104,8,100,2,4,0,0,10,104,0,0,10,104,California
Trinity,2020-12-31,2,106,1,101,1,5,0,0,2,106,0,0,2,106,California
Trinity,2021-01-04,28,134,0,101,28,33,0,0,27,133,0,0,27,133,California
Trinity,2021-01-05,2,136,1,102,1,34,0,0,2,135,0,0,2,135,California
Trinity,2021-01-06,24,160,4,106,20,54,0,0,20,151,4,4,20,155,California
Trinity,2021-01-08,49,209,2,108,47,101,0,0,48,197,2,6,48,203,California
Trinity,2021-01-11,41,250,38,146,3,104,0,0,4,164,37,43,4,207,California
Trinity,2021-01-12,9,259,6,152,3,107,0,0,4,163,5,48,4,211,California
Trinity,2021-01-13,7,266,4,156,3,110,0,0,4,164,3,51,4,215,California
Trinity,2021-01-14,4,270,1,157,3,113,0,0,4,168,0,51,4,219,California
Trinity,2021-01-15,5,275,0,157,5,118,0,0,5,173,0,51,5,224,California
Trinity,2021-01-16,3,278,0,157,3,121,0,0,3,176,0,51,3,227,California
Trinity,2021-01-18,31,309,31,188,0,121,0,0,0,145,31,82,0,227,California
Trinity,2021-01-19,35,344,15,203,20,141,0,0,21,152,14,96,21,248,California
Trinity,2021-01-20,20,364,3,206,17,158,0,0,17,166,3,99,17,265,California
Trinity,2021-01-21,18,382,7,213,11,169,0,0,18,184,0,99,18,283,California
Trinity,2021-01-22,5,387,1,214,4,173,0,0,5,189,0,99,5,288,California
Trinity,2021-01-23,7,394,3,217,4,177,0,0,7,196,0,99,7,295,California
Trinity,2021-01-25,14,408,1,218,13,190,0,0,13,208,1,100,13,308,California
Trinity,2021-01-26,10,418,1,219,9,199,0,0,9,216,1,101,9,317,California
Trinity,2021-01-27,12,430,0,219,12,211,0,0,12,228,0,101,12,329,California
Trinity,2021-01-28,13,443,3,222,10,221,0,0,10,235,3,104,10,339,California
Trinity,2021-01-29,2,445,0,222,2,223,0,0,1,235,1,105,1,340,California
Trinity,2021-01-30,12,457,11,233,1,224,0,0,12,247,0,105,12,352,California
Trinity,2021-02-01,2,459,1,234,1,225,0,0,1,247,1,106,1,353,California
Trinity,2021-02-02,15,474,3,237,12,237,0,0,14,260,1,107,14,367,California
Trinity,2021-02-03,6,480,1,238,5,242,0,0,4,262,2,109,4,371,California
Trinity,2021-02-04,41,521,32,270,9,251,0,0,34,289,7,116,34,405,California
Trinity,2021-02-05,351,872,0,270,351,602,0,0,320,578,31,147,320,725,California
Trinity,2021-02-06,210,1082,5,275,205,807,0,0,203,774,7,154,203,928,California
Trinity,2021-02-07,1,1083,0,275,1,808,0,0,1,775,0,154,1,929,California
Trinity,2021-02-08,28,1111,1,276,27,835,0,0,16,779,12,166,16,945,California
Trinity,2021-02-09,27,1138,2,278,25,860,0,0,11,774,16,182,11,956,California
Trinity,2021-02-10,122,1260,10,288,112,972,0,0,102,856,20,202,102,1058,California
Trinity,2021-02-11,339,1599,2,290,337,1309,0,0,332,1181,7,209,332,1390,California
Trinity,2021-02-12,19,1618,10,300,9,1318,0,0,14,1190,5,214,14,1404,California
Trinity,2021-02-13,11,1629,5,305,6,1324,0,0,5,1189,6,220,5,1409,California
Trinity,2021-02-14,2,1631,2,307,0,1324,0,0,2,1191,0,220,2,1411,California
Trinity,2021-02-15,47,1678,0,307,47,1371,0,0,47,1238,0,220,47,1458,California
Trinity,2021-02-16,4,1682,1,308,3,1374,0,0,2,1238,2,222,2,1460,California
Trinity,2021-02-17,94,1776,2,310,92,1466,0,0,84,1312,10,232,84,1544,California
Trinity,2021-02-18,4,1780,0,310,4,1470,0,0,1,1310,3,235,1,1545,California
Trinity,2021-02-19,306,2086,2,312,304,1774,0,0,292,1588,14,249,292,1837,California
Trinity,2021-02-20,140,2226,14,326,126,1900,0,0,112,1672,28,277,112,1949,California
Trinity,2021-02-21,1,2227,1,327,0,1900,0,0,1,1673,0,277,1,1950,California
Trinity,2021-02-22,8,2235,0,327,8,1908,0,0,5,1675,3,280,5,1955,California
Trinity,2021-02-23,10,2245,3,330,7,1915,0,0,5,1675,5,285,5,1960,California
Trinity,2021-02-24,30,2275,8,338,22,1937,0,0,7,1659,23,308,7,1967,California
Trinity,2021-02-25,37,2312,23,361,14,1951,0,0,5,1632,32,340,5,1972,California
Trinity,2021-02-26,11,2323,1,362,10,1961,0,0,5,1631,6,346,5,1977,California
Trinity,2021-02-27,10,2333,8,370,2,1963,0,0,4,1629,6,352,4,1981,California
Trinity,2021-03-01,10,2343,0,370,10,1973,0,0,5,1629,5,357,5,1986,California
Trinity,2021-03-02,9,2352,3,373,6,1979,0,0,2,1624,7,364,2,1988,California
Trinity,2021-03-03,5,2357,0,373,5,1984,0,0,4,1627,1,365,4,1992,California
Trinity,2021-03-04,23,2380,19,392,4,1988,0,0,10,1624,13,378,10,2002,California
Trinity,2021-03-05,388,2768,1,393,387,2375,0,0,121,1482,263,641,121,2123,California
Trinity,2021-03-06,202,2970,7,400,195,2570,0,0,27,1334,175,816,27,2150,California
Trinity,2021-03-07,4,2974,3,403,1,2571,0,0,3,1336,1,817,3,2153,California
Trinity,2021-03-08,4,2978,0,403,3,2574,1,1,1,1335,3,820,2,2155,California
Trinity,2021-03-09,98,3076,1,404,95,2669,2,3,93,1425,5,825,95,2250,California
Trinity,2021-03-10,126,3202,3,407,120,2789,3,6,38,1378,88,913,41,2291,California
Trinity,2021-03-11,16,3218,4,411,10,2799,2,8,5,1374,11,924,7,2298,California
Trinity,2021-03-12,399,3617,5,416,388,3187,6,14,97,1175,302,1226,103,2401,California
Trinity,2021-03-13,12,3629,7,423,3,3190,2,16,7,1179,5,1231,9,2410,California
Trinity,2021-03-14,4,3633,1,424,3,3193,0,16,3,1181,1,1232,3,2413,California
Trinity,2021-03-15,67,3700,0,424,66,3259,1,17,14,1143,53,1285,15,2428,California
Trinity,2021-03-16,115,3815,7,431,108,3367,0,17,102,1232,13,1298,102,2530,California
Trinity,2021-03-17,100,3915,3,434,97,3464,0,17,26,1184,74,1372,26,2556,California
Trinity,2021-03-18,9,3924,1,435,5,3469,3,20,4,1186,5,1377,7,2563,California
Trinity,2021-03-19,459,4383,4,439,345,3814,110,130,36,909,423,1800,146,2709,California
Trinity,2021-03-20,107,4490,7,446,100,3914,0,130,72,947,34,1834,72,2781,California
Trinity,2021-03-21,4,4494,0,446,3,3917,1,131,3,950,1,1835,4,2785,California
Trinity,2021-03-22,2,4496,0,446,2,3919,0,131,2,952,0,1835,2,2787,California
Trinity,2021-03-23,96,4592,2,448,94,4013,0,131,78,1012,18,1853,78,2865,California
Trinity,2021-03-24,12,4604,1,449,11,4024,0,131,9,1018,3,1856,9,2874,California
Trinity,2021-03-25,111,4715,8,457,97,4121,6,137,85,1083,26,1882,91,2965,California
Trinity,2021-03-26,84,4799,8,465,76,4197,0,137,77,1153,7,1889,77,3042,California
Trinity,2021-03-27,20,4819,4,469,7,4204,9,146,9,1160,11,1900,18,3060,California
Trinity,2021-03-28,5,4824,3,472,2,4206,0,146,1,1157,4,1904,1,3061,California
Trinity,2021-03-29,5,4829,0,472,5,4211,0,146,2,1156,3,1907,2,3063,California
Trinity,2021-03-30,78,4907,6,478,72,4283,0,146,67,1212,11,1918,67,3130,California
Trinity,2021-03-31,56,4963,5,483,18,4301,33,179,20,1228,36,1954,52,3182,California
Trinity,2021-04-01,40,5003,10,493,19,4320,11,190,21,1241,19,1973,32,3214,California
Trinity,2021-04-02,254,5257,5,498,174,4494,75,265,81,1225,172,2145,156,3370,California
Trinity,2021-04-03,17,5274,12,510,5,4499,0,265,7,1222,10,2155,7,3377,California
Trinity,2021-04-04,10,5284,8,518,2,4501,0,265,8,1228,2,2157,8,3385,California
Trinity,2021-04-05,59,5343,6,524,51,4552,2,267,54,1279,5,2162,56,3441,California
Trinity,2021-04-06,122,5465,15,539,104,4656,3,270,29,1218,93,2255,32,3473,California
Trinity,2021-04-07,26,5491,11,550,10,4666,5,275,19,1235,7,2262,24,3497,California
Trinity,2021-04-08,90,5581,11,561,77,4743,2,277,53,1253,37,2299,55,3552,California
Trinity,2021-04-09,166,5747,19,580,143,4886,4,281,88,1267,78,2377,92,3644,California
Trinity,2021-04-10,11,5758,7,587,4,4890,0,281,10,1276,1,2378,10,3654,California
Trinity,2021-04-11,10,5768,5,592,3,4893,2,283,4,1276,6,2384,6,3660,California
Trinity,2021-04-12,77,5845,5,597,71,4964,1,284,64,1328,12,2396,64,3724,California
Trinity,2021-04-13,98,5943,5,602,93,5057,0,284,10,1250,88,2484,10,3734,California
Trinity,2021-04-14,10,5953,5,607,5,5062,0,284,6,1252,4,2488,6,3740,California
Trinity,2021-04-15,44,5997,10,617,34,5096,0,284,14,1237,29,2517,14,3754,California
Trinity,2021-04-16,153,6150,13,630,140,5236,0,284,78,1241,74,2591,78,3832,California
Trinity,2021-04-17,11,6161,5,635,6,5242,0,284,9,1248,2,2593,9,3841,California
Trinity,2021-04-18,3,6164,1,636,2,5244,0,284,0,1245,3,2596,0,3841,California
Trinity,2021-04-19,67,6231,2,638,65,5309,0,284,66,1310,1,2597,66,3907,California
Trinity,2021-04-20,93,6324,8,646,85,5394,0,284,21,1259,72,2669,21,3928,California
Trinity,2021-04-21,22,6346,9,655,13,5407,0,284,9,1255,13,2682,9,3937,California
Trinity,2021-04-22,92,6438,5,660,87,5494,0,284,14,1191,78,2760,14,3951,California
Trinity,2021-04-23,183,6621,6,666,177,5671,0,284,114,1236,69,2829,114,4065,California
Trinity,2021-04-24,22,6643,12,678,10,5681,0,284,5,1224,17,2846,5,4070,California
Trinity,2021-04-25,10,6653,9,687,1,5682,0,284,3,1221,6,2852,3,4073,California
Trinity,2021-04-26,45,6698,6,693,39,5721,0,284,40,1256,5,2857,40,4113,California
Trinity,2021-04-27,86,6784,10,703,76,5797,0,284,22,1214,64,2921,22,4135,California
Trinity,2021-04-28,33,6817,11,714,22,5819,0,284,12,1205,21,2942,12,4147,California
Trinity,2021-04-29,34,6851,13,727,21,5840,0,284,12,1195,22,2964,12,4159,California
Trinity,2021-04-30,27,6878,22,749,5,5845,0,284,10,1189,16,2980,10,4169,California
Trinity,2021-05-01,14,6892,8,757,1,5846,5,289,4,1188,10,2990,9,4178,California
Trinity,2021-05-02,8,6900,5,762,1,5847,2,291,2,1186,6,2996,4,4182,California
Trinity,2021-05-03,58,6958,13,775,44,5891,1,292,9,1148,48,3044,10,4192,California
Trinity,2021-05-04,25,6983,11,786,13,5904,1,293,8,1140,17,3061,9,4201,California
Trinity,2021-05-05,11,6994,7,793,4,5908,0,293,4,1137,7,3068,4,4205,California
Trinity,2021-05-06,75,7069,11,804,62,5970,2,295,16,1096,59,3127,18,4223,California
Trinity,2021-05-07,178,7247,12,816,132,6102,34,329,14,980,164,3291,48,4271,California
Trinity,2021-05-08,6,7253,2,818,4,6106,0,329,2,978,4,3295,2,4273,California
Trinity,2021-05-09,11,7264,8,826,3,6109,0,329,7,981,4,3299,7,4280,California
Trinity,2021-05-10,15,7279,5,831,9,6118,1,330,8,983,7,3306,9,4289,California
Trinity,2021-05-11,8,7287,4,835,4,6122,0,330,6,987,2,3308,6,4295,California
Trinity,2021-05-12,17,7304,14,849,2,6124,1,331,13,997,4,3312,14,4309,California
Trinity,2021-05-13,10,7314,7,856,2,6126,1,332,7,1002,3,3315,8,4317,California
Trinity,2021-05-14,138,7452,19,875,91,6217,28,360,39,970,99,3414,67,4384,California
Trinity,2021-05-15,14,7466,9,884,4,6221,1,361,7,972,6,3420,8,4392,California
Trinity,2021-05-16,7,7473,6,890,1,6222,0,361,5,975,2,3422,5,4397,California
Trinity,2021-05-17,108,7581,20,910,86,6308,2,363,42,953,66,3488,44,4441,California
Trinity,2021-05-18,37,7618,7,917,29,6337,1,364,11,939,26,3514,12,4453,California
Trinity,2021-05-19,148,7766,16,933,103,6440,29,393,30,881,117,3631,59,4512,California
Trinity,2021-05-20,12,7778,6,939,3,6443,3,396,6,884,6,3637,9,4521,California
Trinity,2021-05-21,12,7790,3,942,9,6452,0,396,4,880,8,3645,4,4525,California
Trinity,2021-05-22,3,7793,2,944,1,6453,0,396,2,881,1,3646,2,4527,California
Trinity,2021-05-23,2,7795,2,946,0,6453,0,396,0,879,2,3648,0,4527,California
Trinity,2021-05-24,109,7904,12,958,96,6549,1,397,8,788,100,3748,9,4536,California
Trinity,2021-05-25,38,7942,13,971,25,6574,0,397,16,782,22,3770,16,4552,California
Trinity,2021-05-26,11,7953,5,976,6,6580,0,397,3,777,8,3778,3,4555,California
Trinity,2021-05-27,30,7983,13,989,12,6592,5,402,7,766,23,3801,12,4567,California
Trinity,2021-05-28,13,7996,10,999,2,6594,1,403,6,766,7,3808,7,4574,California
Trinity,2021-05-29,10,8006,7,1006,2,6596,1,404,7,771,3,3811,8,4582,California
Trinity,2021-05-30,5,8011,4,1010,1,6597,0,404,0,766,5,3816,0,4582,California
Trinity,2021-05-31,4,8015,3,1013,1,6598,0,404,2,766,2,3818,2,4584,California
Trinity,2021-06-01,16,8031,9,1022,5,6603,2,406,5,763,10,3828,7,4591,California
Trinity,2021-06-02,24,8055,19,1041,3,6606,2,408,9,759,15,3843,11,4602,California
Trinity,2021-06-03,39,8094,13,1054,26,6632,0,408,16,752,23,3866,16,4618,California
Trinity,2021-06-04,29,8123,21,1075,8,6640,0,408,8,739,21,3887,8,4626,California
Tulare,2020-12-15,1,1,1,1,0,0,0,0,1,1,0,0,1,1,California
Tulare,2020-12-16,4,5,4,5,0,0,0,0,4,5,0,0,4,5,California
Tulare,2020-12-17,110,115,110,115,0,0,0,0,110,115,0,0,110,115,California
Tulare,2020-12-18,290,405,289,404,1,1,0,0,290,405,0,0,290,405,California
Tulare,2020-12-19,325,730,325,729,0,1,0,0,325,730,0,0,325,730,California
Tulare,2020-12-20,165,895,165,894,0,1,0,0,165,895,0,0,165,895,California
Tulare,2020-12-21,421,1316,421,1315,0,1,0,0,441,1336,0,0,441,1336,California
Tulare,2020-12-22,472,1788,470,1785,2,3,0,0,471,1807,0,0,471,1807,California
Tulare,2020-12-23,327,2115,319,2104,8,11,0,0,325,2132,0,0,325,2132,California
Tulare,2020-12-24,18,2133,16,2120,2,13,0,0,18,2150,0,0,18,2150,California
Tulare,2020-12-26,8,2141,7,2127,1,14,0,0,8,2158,0,0,8,2158,California
Tulare,2020-12-27,16,2157,12,2139,4,18,0,0,16,2174,0,0,16,2174,California
Tulare,2020-12-28,477,2634,465,2604,12,30,0,0,476,2650,0,0,476,2650,California
Tulare,2020-12-29,547,3181,476,3080,71,101,0,0,547,3197,0,0,547,3197,California
Tulare,2020-12-30,469,3650,425,3505,44,145,0,0,469,3666,0,0,469,3666,California
Tulare,2020-12-31,100,3750,22,3527,78,223,0,0,100,3766,0,0,100,3766,California
Tulare,2021-01-01,2,3752,1,3528,1,224,0,0,2,3768,0,0,2,3768,California
Tulare,2021-01-02,32,3784,19,3547,13,237,0,0,32,3800,0,0,32,3800,California
Tulare,2021-01-03,23,3807,9,3556,14,251,0,0,23,3823,0,0,23,3823,California
Tulare,2021-01-04,92,3899,16,3572,76,327,0,0,92,3915,0,0,92,3915,California
Tulare,2021-01-05,465,4364,278,3850,187,514,0,0,463,4376,2,2,463,4378,California
Tulare,2021-01-06,866,5230,635,4485,231,745,0,0,856,5222,10,12,856,5234,California
Tulare,2021-01-07,785,6015,587,5072,198,943,0,0,678,5793,107,119,678,5912,California
Tulare,2021-01-08,1292,7307,573,5645,719,1662,0,0,955,6412,336,455,955,6867,California
Tulare,2021-01-09,802,8109,203,5848,599,2261,0,0,615,6840,187,642,615,7482,California
Tulare,2021-01-10,50,8159,43,5891,7,2268,0,0,12,6814,38,680,12,7494,California
Tulare,2021-01-11,1273,9432,769,6660,504,2772,0,0,837,7215,436,1116,837,8331,California
Tulare,2021-01-12,1423,10855,505,7165,918,3690,0,0,1011,7816,411,1527,1012,9343,California
Tulare,2021-01-13,428,11283,200,7365,228,3918,0,0,353,8094,75,1602,353,9696,California
Tulare,2021-01-14,492,11775,142,7507,350,4268,0,0,466,8545,15,1617,466,10162,California
Tulare,2021-01-15,1672,13447,158,7665,1514,5782,0,0,1663,10199,9,1626,1663,11825,California
Tulare,2021-01-16,1913,15360,121,7786,1792,7574,0,0,1899,12084,14,1640,1899,13724,California
Tulare,2021-01-17,141,15501,121,7907,20,7594,0,0,131,12205,10,1650,131,13855,California
Tulare,2021-01-18,692,16193,660,8567,32,7626,0,0,296,12105,396,2046,296,14151,California
Tulare,2021-01-19,1014,17207,688,9255,326,7952,0,0,588,12267,426,2472,588,14739,California
Tulare,2021-01-20,2432,19639,612,9867,1820,9772,0,0,2021,13903,385,2857,2021,16760,California
Tulare,2021-01-21,1560,21199,184,10051,1376,11148,0,0,1534,15416,21,2878,1534,18294,California
Tulare,2021-01-22,1070,22269,191,10242,879,12027,0,0,1043,16433,26,2904,1043,19337,California
Tulare,2021-01-23,440,22709,157,10399,283,12310,0,0,420,16833,20,2924,420,19757,California
Tulare,2021-01-24,30,22739,27,10426,3,12313,0,0,28,16859,2,2926,28,19785,California
Tulare,2021-01-25,1352,24091,983,11409,369,12682,0,0,1304,18115,48,2974,1304,21089,California
Tulare,2021-01-26,1509,25600,1098,12507,411,13093,0,0,1171,18949,337,3311,1171,22260,California
Tulare,2021-01-27,1505,27105,1076,13583,429,13522,0,0,926,19297,578,3889,926,23186,California
Tulare,2021-01-28,1219,28324,779,14362,440,13962,0,0,819,19716,400,4289,819,24005,California
Tulare,2021-01-29,1132,29456,722,15084,410,14372,0,0,823,20230,309,4598,823,24828,California
Tulare,2021-01-30,1683,31139,1588,16672,95,14467,0,0,1659,21866,24,4622,1660,26488,California
Tulare,2021-01-31,67,31206,62,16734,5,14472,0,0,64,21927,3,4625,64,26552,California
Tulare,2021-02-01,1195,32401,919,17653,276,14748,0,0,833,22399,361,4986,833,27385,California
Tulare,2021-02-02,699,33100,348,18001,351,15099,0,0,456,22615,241,5227,457,27842,California
Tulare,2021-02-03,572,33672,240,18241,332,15431,0,0,327,22717,225,5452,327,28169,California
Tulare,2021-02-04,567,34239,169,18410,398,15829,0,0,279,22710,287,5739,280,28449,California
Tulare,2021-02-05,1239,35478,237,18647,1002,16831,0,0,405,22283,832,6571,405,28854,California
Tulare,2021-02-06,842,36320,164,18811,678,17509,0,0,209,21861,631,7202,209,29063,California
Tulare,2021-02-07,83,36403,70,18881,13,17522,0,0,23,21824,60,7262,23,29086,California
Tulare,2021-02-08,946,37349,327,19208,619,18141,0,0,242,21364,702,7964,242,29328,California
Tulare,2021-02-09,1425,38774,335,19543,1090,19231,0,0,378,20700,1042,9006,378,29706,California
Tulare,2021-02-10,2476,41250,1989,21532,487,19718,0,0,2076,22377,399,9405,2076,31782,California
Tulare,2021-02-11,1334,42584,379,21911,955,20673,0,0,912,22867,422,9827,912,32694,California
Tulare,2021-02-12,2790,45374,576,22487,2214,22887,0,0,1198,22480,1585,11412,1198,33892,California
Tulare,2021-02-13,2479,47853,157,22644,2322,25209,0,0,658,21321,1817,13229,658,34550,California
Tulare,2021-02-14,335,48188,39,22683,296,25505,0,0,298,21582,37,13266,298,34848,California
Tulare,2021-02-15,920,49108,293,22976,627,26132,0,0,663,21989,256,13522,663,35511,California
Tulare,2021-02-16,2844,51952,1600,24576,1244,27376,0,0,1087,21320,1756,15278,1087,36598,California
Tulare,2021-02-17,2721,54673,517,25093,2204,29580,0,0,469,19543,2246,17524,469,37067,California
Tulare,2021-02-18,2332,57005,458,25551,1874,31454,0,0,643,18505,1681,19205,643,37710,California
Tulare,2021-02-19,2326,59331,877,26428,1449,32903,0,0,956,18092,1369,20574,956,38666,California
Tulare,2021-02-20,2997,62328,1892,28320,1105,34008,0,0,1266,17632,1726,22300,1266,39932,California
Tulare,2021-02-21,93,62421,90,28410,3,34011,0,0,47,17634,45,22345,47,39979,California
Tulare,2021-02-22,1111,63532,703,29113,408,34419,0,0,210,16944,900,23245,210,40189,California
Tulare,2021-02-23,1965,65497,951,30064,1014,35433,0,0,1471,17922,493,23738,1471,41660,California
Tulare,2021-02-24,2491,67988,1554,31618,937,36370,0,0,2115,19663,375,24113,2116,43776,California
Tulare,2021-02-25,3521,71509,1980,33598,1541,37911,0,0,3105,22356,412,24525,3105,46881,California
Tulare,2021-02-26,3867,75376,1895,35493,1972,39883,0,0,3399,25289,466,24991,3399,50280,California
Tulare,2021-02-27,3009,78385,1497,36990,1512,41395,0,0,2875,28042,122,25113,2875,53155,California
Tulare,2021-02-28,1312,79697,1040,38030,272,41667,0,0,1292,29317,17,25130,1292,54447,California
Tulare,2021-03-01,1791,81488,799,38829,992,42659,0,0,1594,30716,195,25325,1594,56041,California
Tulare,2021-03-02,2780,84268,1274,40103,1506,44165,0,0,2607,33153,171,25496,2608,58649,California
Tulare,2021-03-03,3983,88251,2635,42738,1348,45513,0,0,2028,33232,1952,27448,2031,60680,California
Tulare,2021-03-04,2971,91222,1342,44080,1629,47142,0,0,2633,35532,333,27781,2633,63313,California
Tulare,2021-03-05,3445,94667,1764,45844,1666,48808,15,15,2927,37962,515,28296,2945,66258,California
Tulare,2021-03-06,3099,97766,1446,47290,1593,50401,60,75,2848,40620,248,28544,2906,69164,California
Tulare,2021-03-07,1139,98905,704,47994,414,50815,21,96,1099,41701,39,28583,1120,70284,California
Tulare,2021-03-08,1722,100627,1008,49002,545,51360,169,265,1394,42940,323,28906,1562,71846,California
Tulare,2021-03-09,3279,103906,2251,51253,880,52240,148,413,2857,45523,421,29327,3004,74850,California
Tulare,2021-03-10,2977,106883,1404,52657,1398,53638,175,588,2573,47874,395,29722,2746,77596,California
Tulare,2021-03-11,4216,111099,1990,54647,1922,55560,304,892,3265,50493,951,30673,3570,81166,California
Tulare,2021-03-12,4432,115531,2434,57081,1645,57205,353,1245,3148,52719,1276,31949,3502,84668,California
Tulare,2021-03-13,4165,119696,1959,59040,2101,59306,105,1350,3214,55093,945,32894,3319,87987,California
Tulare,2021-03-14,1864,121560,989,60029,655,59961,220,1570,1339,56125,524,33418,1556,89543,California
Tulare,2021-03-15,2756,124316,1636,61665,1004,60965,116,1686,1980,57449,774,34192,2098,91641,California
Tulare,2021-03-16,3451,127767,2125,63790,1248,62213,78,1764,1890,57863,1557,35749,1971,93612,California
Tulare,2021-03-17,4061,131828,2643,66433,1343,63556,75,1839,2312,58513,1743,37492,2393,96005,California
Tulare,2021-03-18,4645,136473,3390,69823,1184,64740,71,1910,2461,58872,2177,39669,2536,98541,California
Tulare,2021-03-19,5118,141591,3363,73186,1558,66298,197,2107,2734,59440,2365,42034,2933,101474,California
Tulare,2021-03-20,4502,146093,2800,75986,1330,67628,372,2479,2071,59463,2423,44457,2446,103920,California
Tulare,2021-03-21,1996,148089,1707,77693,263,67891,26,2505,1054,59604,938,45395,1079,104999,California
Tulare,2021-03-22,2566,150655,1778,79471,677,68568,111,2616,1695,60547,865,46260,1808,106807,California
Tulare,2021-03-23,3764,154419,2157,81628,1555,70123,52,2668,2065,60980,1689,47949,2122,108929,California
Tulare,2021-03-24,3217,157636,2003,83631,1172,71295,42,2710,1808,61430,1401,49350,1851,110780,California
Tulare,2021-03-25,3495,161131,1823,85454,1500,72795,172,2882,1693,61503,1794,51144,1867,112647,California
Tulare,2021-03-26,5279,166410,3149,88603,2020,74815,110,2992,2559,61470,2702,53846,2669,115316,California
Tulare,2021-03-27,3548,169958,1820,90423,1629,76444,99,3091,991,60010,2549,56395,1089,116405,California
Tulare,2021-03-28,1475,171433,1070,91493,374,76818,31,3122,679,59932,794,57189,716,117121,California
Tulare,2021-03-29,2898,174331,1676,93169,1109,77927,113,3235,1231,59615,1663,58852,1346,118467,California
Tulare,2021-03-30,4848,179179,2793,95962,1824,79751,231,3466,1537,58075,3302,62154,1762,120229,California
Tulare,2021-03-31,3974,183153,2351,98313,1509,81260,114,3580,1578,57380,2389,64543,1694,121923,California
Tulare,2021-04-01,4531,187684,2455,100768,2009,83269,67,3647,1562,56051,2959,67502,1630,123553,California
Tulare,2021-04-02,5368,193052,3072,103840,2176,85445,120,3767,1590,54000,3762,71264,1711,125264,California
Tulare,2021-04-03,3637,196689,2102,105942,1162,86607,373,4140,841,52453,2759,74023,1212,126476,California
Tulare,2021-04-04,1635,198324,1149,107091,479,87086,7,4147,360,51549,1271,75294,367,126843,California
Tulare,2021-04-05,3365,201689,2345,109436,750,87836,270,4417,855,50177,2498,77792,1126,127969,California
Tulare,2021-04-06,3439,205128,1470,110906,1472,89308,497,4914,923,49091,2508,80300,1422,129391,California
Tulare,2021-04-07,3911,209039,1844,112750,1629,90937,438,5352,1187,47994,2713,83013,1616,131007,California
Tulare,2021-04-08,4799,213838,2627,115377,1709,92646,463,5815,1537,46740,3250,86263,1996,133003,California
Tulare,2021-04-09,4863,218701,3008,118385,1418,94064,437,6252,1838,46000,3016,89279,2276,135279,California
Tulare,2021-04-10,3867,222568,2088,120473,1456,95520,323,6575,952,44365,2906,92185,1271,136550,California
Tulare,2021-04-11,1591,224159,1052,121525,466,95986,73,6648,493,43836,1095,93280,566,137116,California
Tulare,2021-04-12,3399,227558,2125,123650,678,96664,596,7244,1063,43168,2328,95608,1660,138776,California
Tulare,2021-04-13,2411,229969,1590,125240,811,97475,10,7254,903,42586,1497,97105,915,139691,California
Tulare,2021-04-14,2860,232829,1686,126926,1174,98649,0,7254,911,41552,1945,99050,911,140602,California
Tulare,2021-04-15,3294,236123,2144,129070,1150,99799,0,7254,1477,41223,1806,100856,1477,142079,California
Tulare,2021-04-16,3653,239776,2214,131284,1439,101238,0,7254,1477,40535,2165,103021,1477,143556,California
Tulare,2021-04-17,2218,241994,1302,132586,916,102154,0,7254,1175,40672,1039,104060,1176,144732,California
Tulare,2021-04-18,1525,243519,1194,133780,331,102485,0,7254,818,40784,706,104766,818,145550,California
Tulare,2021-04-19,2132,245651,1225,135005,905,103390,2,7256,898,40454,1230,105996,900,146450,California
Tulare,2021-04-20,2336,247987,1314,136319,1022,104412,0,7256,993,40117,1330,107326,993,147443,California
Tulare,2021-04-21,2213,250200,1333,137652,880,105292,0,7256,811,39567,1362,108688,812,148255,California
Tulare,2021-04-22,2118,252318,1177,138829,941,106233,0,7256,730,38928,1369,110057,730,148985,California
Tulare,2021-04-23,2591,254909,1590,140419,1000,107233,1,7257,1022,38391,1559,111616,1022,150007,California
Tulare,2021-04-24,1643,256552,1052,141471,589,107822,2,7259,850,38455,788,112404,852,150859,California
Tulare,2021-04-25,698,257250,525,141996,173,107995,0,7259,267,38291,431,112835,267,151126,California
Tulare,2021-04-26,1487,258737,892,142888,576,108571,19,7278,621,38070,859,113694,638,151764,California
Tulare,2021-04-27,1635,260372,659,143547,938,109509,38,7316,692,37860,939,114633,729,152493,California
Tulare,2021-04-28,1714,262086,974,144521,698,110207,42,7358,674,37541,1035,115668,716,153209,California
Tulare,2021-04-29,2004,264090,1200,145721,765,110972,39,7397,774,37132,1220,116888,811,154020,California
Tulare,2021-04-30,2451,266541,1785,147506,616,111588,50,7447,906,36549,1538,118426,955,154975,California
Tulare,2021-05-01,1417,267958,1220,148726,185,111773,12,7459,720,36593,688,119114,732,155707,California
Tulare,2021-05-02,589,268547,500,149226,73,111846,16,7475,189,36401,397,119511,205,155912,California
Tulare,2021-05-03,1621,270168,1095,150321,401,112247,125,7600,348,35608,1266,120777,473,156385,California
Tulare,2021-05-04,1561,271729,836,151157,655,112902,70,7670,631,35384,922,121699,698,157083,California
Tulare,2021-05-05,1279,273008,620,151777,570,113472,89,7759,443,35091,825,122524,532,157615,California
Tulare,2021-05-06,1962,274970,1325,153102,588,114060,49,7808,586,34358,1368,123892,635,158250,California
Tulare,2021-05-07,1838,276808,1247,154349,523,114583,68,7876,525,33644,1306,125198,592,158842,California
Tulare,2021-05-08,1234,278042,806,155155,403,114986,25,7901,525,33492,702,125900,550,159392,California
Tulare,2021-05-09,592,278634,468,155623,103,115089,21,7922,115,33156,473,126373,137,159529,California
Tulare,2021-05-10,1017,279651,587,156210,365,115454,65,7987,308,32822,707,127080,373,159902,California
Tulare,2021-05-11,1213,280864,614,156824,521,115975,78,8065,503,32700,703,127783,581,160483,California
Tulare,2021-05-12,1514,282378,972,157796,490,116465,52,8117,404,32060,1095,128878,455,160938,California
Tulare,2021-05-13,1456,283834,907,158703,512,116977,37,8154,648,31940,804,129682,684,161622,California
Tulare,2021-05-14,1931,285765,1242,159945,626,117603,63,8217,861,31805,1058,130740,923,162545,California
Tulare,2021-05-15,1560,287325,876,160821,638,118241,46,8263,662,31622,890,131630,707,163252,California
Tulare,2021-05-16,697,288022,557,161378,128,118369,12,8275,324,31586,372,132002,336,163588,California
Tulare,2021-05-17,1542,289564,957,162335,512,118881,73,8348,744,31612,791,132793,817,164405,California
Tulare,2021-05-18,1579,291143,852,163187,673,119554,54,8402,798,31686,776,133569,850,165255,California
Tulare,2021-05-19,1470,292613,950,164137,487,120041,33,8435,766,31786,699,134268,799,166054,California
Tulare,2021-05-20,1359,293972,926,165063,347,120388,86,8521,658,31831,699,134967,744,166798,California
Tulare,2021-05-21,1682,295654,1267,166330,375,120763,40,8561,947,32091,727,135694,987,167785,California
Tulare,2021-05-22,1416,297070,1034,167364,359,121122,23,8584,535,31774,876,136570,559,168344,California
Tulare,2021-05-23,294,297364,251,167615,34,121156,9,8593,146,31782,147,136717,155,168499,California
Tulare,2021-05-24,905,298269,551,168166,294,121450,60,8653,411,31761,492,137209,471,168970,California
Tulare,2021-05-25,1186,299455,709,168875,445,121895,32,8685,518,31649,662,137871,550,169520,California
Tulare,2021-05-26,871,300326,485,169360,345,122240,41,8726,399,31621,467,138338,439,169959,California
Tulare,2021-05-27,1270,301596,808,170168,431,122671,31,8757,595,31577,672,139010,628,170587,California
Tulare,2021-05-28,1180,302776,655,170823,476,123147,49,8806,629,31710,544,139554,677,171264,California
Tulare,2021-05-29,868,303644,641,171464,208,123355,19,8825,500,31863,366,139920,519,171783,California
Tulare,2021-05-30,285,303929,206,171670,71,123426,8,8833,166,31920,117,140037,174,171957,California
Tulare,2021-05-31,129,304058,50,171720,68,123494,11,8844,54,31910,75,140112,65,172022,California
Tulare,2021-06-01,1042,305100,619,172339,393,123887,30,8874,411,31729,622,140734,441,172463,California
Tulare,2021-06-02,795,305895,468,172807,295,124182,32,8906,373,31721,411,141145,403,172866,California
Tulare,2021-06-03,1116,307011,793,173600,266,124448,57,8963,453,31587,643,141788,509,173375,California
Tulare,2021-06-04,1152,308163,824,174424,293,124741,35,8998,384,31242,764,142552,419,173794,California
Tulare,2021-06-05,390,308553,339,174763,44,124785,7,9005,142,31144,246,142798,148,173942,California
Tuolumne,2020-12-16,47,47,47,47,0,0,0,0,47,47,0,0,47,47,California
Tuolumne,2020-12-17,18,65,18,65,0,0,0,0,18,65,0,0,18,65,California
Tuolumne,2020-12-18,101,166,100,165,1,1,0,0,101,166,0,0,101,166,California
Tuolumne,2020-12-19,4,170,4,169,0,1,0,0,4,170,0,0,4,170,California
Tuolumne,2020-12-20,2,172,2,171,0,1,0,0,2,172,0,0,2,172,California
Tuolumne,2020-12-21,115,287,101,272,14,15,0,0,115,287,0,0,115,287,California
Tuolumne,2020-12-22,171,458,171,443,0,15,0,0,171,458,0,0,171,458,California
Tuolumne,2020-12-23,185,643,183,626,2,17,0,0,185,643,0,0,185,643,California
Tuolumne,2020-12-26,2,645,2,628,0,17,0,0,2,645,0,0,2,645,California
Tuolumne,2020-12-28,77,722,75,703,2,19,0,0,77,722,0,0,77,722,California
Tuolumne,2020-12-29,102,824,39,742,63,82,0,0,102,824,0,0,102,824,California
Tuolumne,2020-12-30,80,904,22,764,58,140,0,0,80,904,0,0,80,904,California
Tuolumne,2020-12-31,27,931,20,784,7,147,0,0,27,931,0,0,27,931,California
Tuolumne,2021-01-01,6,937,5,789,1,148,0,0,6,937,0,0,6,937,California
Tuolumne,2021-01-02,118,1055,115,904,3,151,0,0,118,1055,0,0,118,1055,California
Tuolumne,2021-01-03,2,1057,2,906,0,151,0,0,2,1057,0,0,2,1057,California
Tuolumne,2021-01-04,69,1126,26,932,43,194,0,0,69,1126,0,0,69,1126,California
Tuolumne,2021-01-05,93,1219,27,959,66,260,0,0,90,1214,3,3,91,1217,California
Tuolumne,2021-01-06,131,1350,71,1030,60,320,0,0,67,1217,64,67,67,1284,California
Tuolumne,2021-01-07,119,1469,63,1093,56,376,0,0,64,1226,55,122,64,1348,California
Tuolumne,2021-01-08,105,1574,81,1174,24,400,0,0,27,1177,77,199,28,1376,California
Tuolumne,2021-01-09,2,1576,0,1174,2,402,0,0,2,1179,0,199,2,1378,California
Tuolumne,2021-01-10,3,1579,1,1175,2,404,0,0,3,1182,0,199,3,1381,California
Tuolumne,2021-01-11,115,1694,89,1264,26,430,0,0,34,1135,81,280,34,1415,California
Tuolumne,2021-01-12,102,1796,86,1350,16,446,0,0,18,1069,84,364,18,1433,California
Tuolumne,2021-01-13,231,2027,125,1475,106,552,0,0,182,1203,49,413,183,1616,California
Tuolumne,2021-01-14,147,2174,108,1583,39,591,0,0,42,1141,104,517,42,1658,California
Tuolumne,2021-01-15,475,2649,73,1656,402,993,0,0,413,1494,61,578,414,2072,California
Tuolumne,2021-01-16,7,2656,3,1659,4,997,0,0,6,1499,1,579,6,2078,California
Tuolumne,2021-01-17,7,2663,4,1663,3,1000,0,0,7,1506,0,579,7,2085,California
Tuolumne,2021-01-18,46,2709,38,1701,8,1008,0,0,9,1479,36,615,9,2094,California
Tuolumne,2021-01-19,478,3187,73,1774,405,1413,0,0,432,1865,46,661,432,2526,California
Tuolumne,2021-01-20,76,3263,58,1832,18,1431,0,0,24,1838,51,712,24,2550,California
Tuolumne,2021-01-21,56,3319,23,1855,33,1464,0,0,40,1862,16,728,40,2590,California
Tuolumne,2021-01-22,169,3488,16,1871,153,1617,0,0,162,2017,7,735,162,2752,California
Tuolumne,2021-01-23,653,4141,134,2005,519,2136,0,0,548,2472,105,840,560,3312,California
Tuolumne,2021-01-24,523,4664,2,2007,521,2657,0,0,520,2991,3,843,522,3834,California
Tuolumne,2021-01-25,50,4714,28,2035,22,2679,0,0,24,2990,26,869,25,3859,California
Tuolumne,2021-01-26,80,4794,68,2103,12,2691,0,0,40,2991,40,909,41,3900,California
Tuolumne,2021-01-27,61,4855,4,2107,57,2748,0,0,8,2947,52,961,8,3908,California
Tuolumne,2021-01-28,27,4882,7,2114,20,2768,0,0,18,2956,9,970,18,3926,California
Tuolumne,2021-01-29,71,4953,5,2119,66,2834,0,0,33,2951,38,1008,33,3959,California
Tuolumne,2021-01-30,711,5664,553,2672,158,2992,0,0,688,3633,23,1031,705,4664,California
Tuolumne,2021-01-31,8,5672,2,2674,6,2998,0,0,5,3635,3,1034,5,4669,California
Tuolumne,2021-02-01,26,5698,7,2681,19,3017,0,0,23,3655,3,1037,23,4692,California
Tuolumne,2021-02-02,647,6345,40,2721,607,3624,0,0,635,4280,10,1047,635,5327,California
Tuolumne,2021-02-03,241,6586,112,2833,129,3753,0,0,88,4215,153,1200,88,5415,California
Tuolumne,2021-02-04,123,6709,13,2846,110,3863,0,0,60,4212,63,1263,60,5475,California
Tuolumne,2021-02-05,101,6810,14,2860,87,3950,0,0,35,4182,65,1328,35,5510,California
Tuolumne,2021-02-06,857,7667,583,3443,274,4224,0,0,848,5027,9,1337,854,6364,California
Tuolumne,2021-02-07,8,7675,4,3447,4,4228,0,0,4,5027,4,1341,4,6368,California
Tuolumne,2021-02-08,91,7766,40,3487,51,4279,0,0,67,5070,24,1365,67,6435,California
Tuolumne,2021-02-09,861,8627,52,3539,809,5088,0,0,820,5849,41,1406,820,7255,California
Tuolumne,2021-02-10,92,8719,17,3556,75,5163,0,0,31,5820,60,1466,31,7286,California
Tuolumne,2021-02-11,143,8862,68,3624,75,5238,0,0,78,5833,65,1531,78,7364,California
Tuolumne,2021-02-12,647,9509,19,3643,628,5866,0,0,206,5599,440,1971,206,7570,California
Tuolumne,2021-02-13,150,9659,41,3684,109,5975,0,0,120,5690,29,2000,120,7690,California
Tuolumne,2021-02-14,152,9811,14,3698,138,6113,0,0,150,5838,2,2002,150,7840,California
Tuolumne,2021-02-15,187,9998,10,3708,177,6290,0,0,178,6007,9,2011,178,8018,California
Tuolumne,2021-02-16,531,10529,18,3726,513,6803,0,0,122,5726,405,2416,124,8142,California
Tuolumne,2021-02-17,111,10640,63,3789,48,6851,0,0,61,5738,49,2465,61,8203,California
Tuolumne,2021-02-18,680,11320,26,3815,654,7505,0,0,629,6317,51,2516,630,8833,California
Tuolumne,2021-02-19,142,11462,22,3837,120,7625,0,0,42,6259,100,2616,42,8875,California
Tuolumne,2021-02-20,905,12367,341,4178,564,8189,0,0,385,6139,506,3122,386,9261,California
Tuolumne,2021-02-21,977,13344,39,4217,938,9127,0,0,470,6107,505,3627,473,9734,California
Tuolumne,2021-02-22,80,13424,57,4274,23,9150,0,0,46,6120,33,3660,46,9780,California
Tuolumne,2021-02-23,48,13472,24,4298,24,9174,0,0,26,6125,21,3681,26,9806,California
Tuolumne,2021-02-24,104,13576,58,4356,46,9220,0,0,43,6108,60,3741,43,9849,California
Tuolumne,2021-02-25,1051,14627,35,4391,1016,10236,0,0,1020,7097,31,3772,1020,10869,California
Tuolumne,2021-02-26,150,14777,11,4402,139,10375,0,0,124,7196,26,3798,125,10994,California
Tuolumne,2021-02-27,955,15732,579,4981,376,10751,0,0,250,6762,687,4485,253,11247,California
Tuolumne,2021-02-28,56,15788,4,4985,52,10803,0,0,52,6811,3,4488,52,11299,California
Tuolumne,2021-03-01,114,15902,22,5007,91,10894,1,1,77,6854,36,4524,79,11378,California
Tuolumne,2021-03-02,705,16607,73,5080,632,11526,0,1,106,6361,599,5123,106,11484,California
Tuolumne,2021-03-03,89,16696,21,5101,68,11594,0,1,64,6400,25,5148,64,11548,California
Tuolumne,2021-03-04,1172,17868,75,5176,1097,12691,0,1,1107,7442,65,5213,1107,12655,California
Tuolumne,2021-03-05,87,17955,11,5187,76,12767,0,1,50,7457,36,5249,51,12706,California
Tuolumne,2021-03-06,1059,19014,606,5793,451,13218,2,3,205,6818,848,6097,209,12915,California
Tuolumne,2021-03-07,41,19055,12,5805,14,13232,15,18,18,6828,23,6120,33,12948,California
Tuolumne,2021-03-08,196,19251,90,5895,99,13331,7,25,139,6917,57,6177,146,13094,California
Tuolumne,2021-03-09,857,20108,16,5911,830,14161,11,36,68,6213,784,6961,80,13174,California
Tuolumne,2021-03-10,78,20186,12,5923,55,14216,11,47,53,6252,25,6986,64,13238,California
Tuolumne,2021-03-11,1283,21469,37,5960,1241,15457,5,52,1256,7488,27,7013,1263,14501,California
Tuolumne,2021-03-12,298,21767,34,5994,249,15706,15,67,189,7587,108,7121,207,14708,California
Tuolumne,2021-03-13,114,21881,13,6007,101,15807,0,67,84,7643,29,7150,85,14793,California
Tuolumne,2021-03-14,146,22027,8,6015,129,15936,9,76,7,7525,139,7289,21,14814,California
Tuolumne,2021-03-15,301,22328,82,6097,216,16152,3,79,105,7445,195,7484,115,14929,California
Tuolumne,2021-03-16,803,23131,40,6137,752,16904,11,90,666,7986,136,7620,677,15606,California
Tuolumne,2021-03-17,152,23283,32,6169,107,17011,13,103,79,8006,72,7692,92,15698,California
Tuolumne,2021-03-18,947,24230,27,6196,907,17918,13,116,317,7709,627,8319,330,16028,California
Tuolumne,2021-03-19,135,24365,18,6214,87,18005,30,146,74,7753,60,8379,104,16132,California
Tuolumne,2021-03-20,92,24457,7,6221,75,18080,10,156,38,7747,53,8432,47,16179,California
Tuolumne,2021-03-21,833,25290,389,6610,434,18514,10,166,41,7015,784,9216,52,16231,California
Tuolumne,2021-03-22,164,25454,73,6683,72,18586,19,185,97,7065,66,9282,116,16347,California
Tuolumne,2021-03-23,706,26160,636,7319,56,18642,14,199,668,7708,38,9320,681,17028,California
Tuolumne,2021-03-24,111,26271,20,7339,73,18715,18,217,77,7770,33,9353,95,17123,California
Tuolumne,2021-03-25,1299,27570,24,7363,1272,19987,3,220,327,7130,970,10323,330,17453,California
Tuolumne,2021-03-26,275,27845,16,7379,236,20223,23,243,116,7121,149,10472,140,17593,California
Tuolumne,2021-03-27,581,28426,54,7433,527,20750,0,243,316,7176,263,10735,318,17911,California
Tuolumne,2021-03-28,47,28473,6,7439,41,20791,0,243,8,7147,38,10773,9,17920,California
Tuolumne,2021-03-29,206,28679,83,7522,123,20914,0,243,109,7162,94,10867,109,18029,California
Tuolumne,2021-03-30,162,28841,9,7531,152,21066,1,244,119,7240,42,10909,120,18149,California
Tuolumne,2021-03-31,95,28936,14,7545,79,21145,2,246,38,7225,55,10964,40,18189,California
Tuolumne,2021-04-01,1251,30187,30,7575,1221,22366,0,246,228,6433,1020,11984,228,18417,California
Tuolumne,2021-04-02,164,30351,11,7586,127,22493,26,272,91,6479,71,12055,117,18534,California
Tuolumne,2021-04-03,427,30778,35,7621,391,22884,1,273,238,6530,188,12243,239,18773,California
Tuolumne,2021-04-04,33,30811,3,7624,30,22914,0,273,21,6540,11,12254,21,18794,California
Tuolumne,2021-04-05,132,30943,19,7643,106,23020,7,280,59,6534,72,12326,66,18860,California
Tuolumne,2021-04-06,648,31591,516,8159,105,23125,27,307,513,6941,134,12460,541,19401,California
Tuolumne,2021-04-07,128,31719,37,8196,75,23200,16,323,50,6929,78,12538,66,19467,California
Tuolumne,2021-04-08,1446,33165,33,8229,1398,24598,15,338,247,5996,1195,13733,262,19729,California
Tuolumne,2021-04-09,274,33439,41,8270,189,24787,44,382,131,6032,143,13876,179,19908,California
Tuolumne,2021-04-10,55,33494,2,8272,33,24820,20,402,22,6042,32,13908,42,19950,California
Tuolumne,2021-04-11,18,33512,3,8275,12,24832,3,405,12,6051,6,13914,15,19965,California
Tuolumne,2021-04-12,165,33677,66,8341,94,24926,5,410,90,6076,70,13984,95,20060,California
Tuolumne,2021-04-13,784,34461,35,8376,749,25675,0,410,169,5638,607,14591,169,20229,California
Tuolumne,2021-04-14,156,34617,29,8405,127,25802,0,410,79,5644,74,14665,80,20309,California
Tuolumne,2021-04-15,344,34961,21,8426,323,26125,0,410,60,5426,278,14943,60,20369,California
Tuolumne,2021-04-16,249,35210,48,8474,201,26326,0,410,140,5465,102,15045,141,20510,California
Tuolumne,2021-04-17,42,35252,5,8479,37,26363,0,410,26,5475,16,15061,26,20536,California
Tuolumne,2021-04-18,9,35261,3,8482,6,26369,0,410,4,5475,5,15066,5,20541,California
Tuolumne,2021-04-19,170,35431,78,8560,92,26461,0,410,92,5491,76,15142,92,20633,California
Tuolumne,2021-04-20,710,36141,614,9174,96,26557,0,410,77,4943,625,15767,77,20710,California
Tuolumne,2021-04-21,118,36259,25,9199,93,26650,0,410,62,4954,51,15818,62,20772,California
Tuolumne,2021-04-22,711,36970,46,9245,665,27315,0,410,431,5114,271,16089,431,21203,California
Tuolumne,2021-04-23,175,37145,31,9276,144,27459,0,410,83,5108,90,16179,84,21287,California
Tuolumne,2021-04-24,78,37223,17,9293,61,27520,0,410,50,5130,28,16207,50,21337,California
Tuolumne,2021-04-25,25,37248,9,9302,16,27536,0,410,22,5149,3,16210,22,21359,California
Tuolumne,2021-04-26,155,37403,56,9358,99,27635,0,410,72,5140,82,16292,73,21432,California
Tuolumne,2021-04-27,138,37541,23,9381,108,27743,7,417,64,5139,72,16364,71,21503,California
Tuolumne,2021-04-28,114,37655,23,9404,80,27823,11,428,61,5159,52,16416,72,21575,California
Tuolumne,2021-04-29,277,37932,16,9420,253,28076,8,436,53,4998,222,16638,61,21636,California
Tuolumne,2021-04-30,354,38286,22,9442,320,28396,12,448,68,4796,282,16920,80,21716,California
Tuolumne,2021-05-01,25,38311,7,9449,13,28409,5,453,16,4808,9,16929,21,21737,California
Tuolumne,2021-05-02,26,38337,3,9452,21,28430,2,455,19,4822,7,16936,21,21758,California
Tuolumne,2021-05-03,101,38438,14,9466,82,28512,5,460,29,4786,70,17006,34,21792,California
Tuolumne,2021-05-04,694,39132,600,10066,90,28602,4,464,208,4512,485,17491,211,22003,California
Tuolumne,2021-05-05,107,39239,25,10091,76,28678,6,470,56,4525,49,17540,62,22065,California
Tuolumne,2021-05-06,285,39524,12,10103,259,28937,14,484,41,4340,239,17779,54,22119,California
Tuolumne,2021-05-07,325,39849,26,10129,291,29228,8,492,67,4158,257,18036,75,22194,California
Tuolumne,2021-05-08,45,39894,6,10135,35,29263,4,496,30,4177,15,18051,34,22228,California
Tuolumne,2021-05-09,15,39909,2,10137,11,29274,2,498,2,4168,13,18064,4,22232,California
Tuolumne,2021-05-10,112,40021,44,10181,62,29336,6,504,31,4125,80,18144,37,22269,California
Tuolumne,2021-05-11,196,40217,62,10243,122,29458,12,516,56,4054,139,18283,68,22337,California
Tuolumne,2021-05-12,126,40343,18,10261,105,29563,3,519,49,4029,77,18360,52,22389,California
Tuolumne,2021-05-13,109,40452,18,10279,83,29646,8,527,68,4065,41,18401,77,22466,California
Tuolumne,2021-05-14,207,40659,75,10354,120,29766,12,539,106,4084,99,18500,118,22584,California
Tuolumne,2021-05-15,56,40715,14,10368,35,29801,7,546,19,4074,37,18537,27,22611,California
Tuolumne,2021-05-16,25,40740,7,10375,16,29817,2,548,12,4075,13,18550,14,22625,California
Tuolumne,2021-05-17,110,40850,29,10404,78,29895,3,551,47,4063,63,18613,51,22676,California
Tuolumne,2021-05-18,176,41026,54,10458,75,29970,47,598,58,4050,118,18731,105,22781,California
Tuolumne,2021-05-19,118,41144,20,10478,65,30035,33,631,47,4060,70,18801,80,22861,California
Tuolumne,2021-05-20,395,41539,19,10497,371,30406,5,636,51,3773,343,19144,56,22917,California
Tuolumne,2021-05-21,189,41728,89,10586,95,30501,5,641,115,3821,72,19216,120,23037,California
Tuolumne,2021-05-22,51,41779,15,10601,31,30532,5,646,21,3817,29,19245,25,23062,California
Tuolumne,2021-05-23,18,41797,5,10606,13,30545,0,646,9,3817,9,19254,9,23071,California
Tuolumne,2021-05-24,127,41924,40,10646,81,30626,6,652,53,3803,73,19327,59,23130,California
Tuolumne,2021-05-25,282,42206,217,10863,59,30685,6,658,108,3744,173,19500,114,23244,California
Tuolumne,2021-05-26,83,42289,22,10885,60,30745,1,659,36,3734,47,19547,37,23281,California
Tuolumne,2021-05-27,73,42362,14,10899,56,30801,3,662,29,3723,43,19590,32,23313,California
Tuolumne,2021-05-28,107,42469,53,10952,53,30854,1,663,65,3749,40,19630,66,23379,California
Tuolumne,2021-05-29,37,42506,7,10959,24,30878,6,669,16,3750,21,19651,22,23401,California
Tuolumne,2021-05-30,18,42524,1,10960,14,30892,3,672,4,3743,14,19665,7,23408,California
Tuolumne,2021-05-31,10,42534,2,10962,7,30899,1,673,2,3738,8,19673,3,23411,California
Tuolumne,2021-06-01,71,42605,19,10981,48,30947,4,677,22,3715,49,19722,26,23437,California
Tuolumne,2021-06-02,53,42658,4,10985,43,30990,6,683,15,3698,37,19759,20,23457,California
Tuolumne,2021-06-03,44,42702,16,11001,15,31005,13,696,10,3687,34,19793,23,23480,California
Tuolumne,2021-06-04,25,42727,2,11003,22,31027,1,697,6,3677,17,19810,7,23487,California
Tuolumne,2021-06-05,1,42728,1,11004,0,31027,0,697,0,3676,1,19811,0,23487,California
Ventura,2020-12-15,5,5,5,5,0,0,0,0,5,5,0,0,5,5,California
Ventura,2020-12-16,74,79,74,79,0,0,0,0,74,79,0,0,74,79,California
Ventura,2020-12-17,246,325,246,325,0,0,0,0,246,325,0,0,246,325,California
Ventura,2020-12-18,1416,1741,1416,1741,0,0,0,0,1416,1741,0,0,1416,1741,California
Ventura,2020-12-19,911,2652,911,2652,0,0,0,0,911,2652,0,0,911,2652,California
Ventura,2020-12-20,430,3082,430,3082,0,0,0,0,430,3082,0,0,430,3082,California
Ventura,2020-12-21,1467,4549,1467,4549,0,0,0,0,1467,4549,0,0,1467,4549,California
Ventura,2020-12-22,1107,5656,1103,5652,4,4,0,0,1107,5656,0,0,1107,5656,California
Ventura,2020-12-23,1037,6693,987,6639,50,54,0,0,1037,6693,0,0,1037,6693,California
Ventura,2020-12-24,476,7169,378,7017,98,152,0,0,476,7169,0,0,476,7169,California
Ventura,2020-12-25,12,7181,7,7024,5,157,0,0,12,7181,0,0,12,7181,California
Ventura,2020-12-26,116,7297,95,7119,21,178,0,0,116,7297,0,0,116,7297,California
Ventura,2020-12-27,60,7357,29,7148,31,209,0,0,60,7357,0,0,60,7357,California
Ventura,2020-12-28,1066,8423,926,8074,140,349,0,0,1066,8423,0,0,1066,8423,California
Ventura,2020-12-29,1170,9593,764,8838,406,755,0,0,1170,9593,0,0,1170,9593,California
Ventura,2020-12-30,1988,11581,1523,10361,465,1220,0,0,1988,11581,0,0,1988,11581,California
Ventura,2020-12-31,475,12056,160,10521,315,1535,0,0,475,12056,0,0,475,12056,California
Ventura,2021-01-01,33,12089,12,10533,21,1556,0,0,33,12089,0,0,33,12089,California
Ventura,2021-01-02,172,12261,77,10610,95,1651,0,0,172,12261,0,0,172,12261,California
Ventura,2021-01-03,17,12278,8,10618,9,1660,0,0,17,12278,0,0,17,12278,California
Ventura,2021-01-04,1094,13372,554,11172,540,2200,0,0,1093,13371,0,0,1093,13371,California
Ventura,2021-01-05,1376,14748,781,11953,595,2795,0,0,1332,14659,44,44,1332,14703,California
Ventura,2021-01-06,2052,16800,1173,13126,879,3674,0,0,1625,15868,418,462,1627,16330,California
Ventura,2021-01-07,2067,18867,1320,14446,747,4421,0,0,1181,16167,883,1345,1182,17512,California
Ventura,2021-01-08,2197,21064,1473,15919,724,5145,0,0,906,15785,1289,2634,907,18419,California
Ventura,2021-01-09,722,21786,499,16418,223,5368,0,0,318,15699,404,3038,318,18737,California
Ventura,2021-01-10,340,22126,323,16741,17,5385,0,0,127,15613,213,3251,127,18864,California
Ventura,2021-01-11,2439,24565,1492,18233,947,6332,0,0,1483,16144,956,4207,1487,20351,California
Ventura,2021-01-12,3042,27607,1609,19842,1433,7765,0,0,2012,17126,1030,5237,2012,22363,California
Ventura,2021-01-13,2940,30547,1438,21280,1502,9267,0,0,2048,18286,889,6126,2049,24412,California
Ventura,2021-01-14,2729,33276,1056,22336,1673,10940,0,0,2282,20123,446,6572,2283,26695,California
Ventura,2021-01-15,2889,36165,966,23302,1923,12863,0,0,2674,22583,215,6787,2675,29370,California
Ventura,2021-01-16,481,36646,186,23488,295,13158,0,0,402,22906,79,6866,402,29772,California
Ventura,2021-01-17,262,36908,142,23630,120,13278,0,0,254,23152,8,6874,254,30026,California
Ventura,2021-01-18,2208,39116,1664,25294,544,13822,0,0,1665,24276,542,7416,1666,31692,California
Ventura,2021-01-19,3045,42161,2125,27419,920,14742,0,0,2149,25532,896,8312,2152,33844,California
Ventura,2021-01-20,4086,46247,3142,30561,944,15686,0,0,3032,27514,1051,9363,3033,36877,California
Ventura,2021-01-21,3847,50094,2686,33247,1161,16847,0,0,3170,30012,674,10037,3172,40049,California
Ventura,2021-01-22,3589,53683,2477,35724,1112,17959,0,0,3424,33271,165,10202,3424,43473,California
Ventura,2021-01-23,1163,54846,638,36362,525,18484,0,0,1065,34241,97,10299,1067,44540,California
Ventura,2021-01-24,451,55297,134,36496,317,18801,0,0,438,34666,13,10312,438,44978,California
Ventura,2021-01-25,3137,58434,2019,38515,1118,19919,0,0,2582,36695,554,10866,2583,47561,California
Ventura,2021-01-26,3693,62127,2207,40722,1486,21405,0,0,2695,38394,997,11863,2696,50257,California
Ventura,2021-01-27,3447,65574,1548,42270,1899,23304,0,0,2702,40356,742,12605,2704,52961,California
Ventura,2021-01-28,3852,69426,1987,44257,1865,25169,0,0,3234,42988,603,13208,3235,56196,California
Ventura,2021-01-29,4256,73682,2519,46776,1737,26906,0,0,3758,46260,486,13694,3758,59954,California
Ventura,2021-01-30,3029,76711,1964,48740,1065,27971,0,0,2859,48954,166,13860,2860,62814,California
Ventura,2021-01-31,815,77526,432,49172,383,28354,0,0,729,49598,85,13945,729,63543,California
Ventura,2021-02-01,3955,81481,2111,51283,1844,30198,0,0,3177,52005,772,14717,3179,66722,California
Ventura,2021-02-02,4388,85869,2353,53636,2035,32233,0,0,3363,54349,1021,15738,3365,70087,California
Ventura,2021-02-03,4437,90306,2084,55720,2353,34586,0,0,3423,56764,1009,16747,3424,73511,California
Ventura,2021-02-04,4790,95096,2289,58009,2501,37087,0,0,3514,59013,1268,18015,3517,77028,California
Ventura,2021-02-05,4840,99936,2328,60337,2512,39599,0,0,3342,60872,1485,19500,3344,80372,California
Ventura,2021-02-06,2818,102754,1503,61840,1315,40914,0,0,2418,62891,399,19899,2418,82790,California
Ventura,2021-02-07,713,103467,240,62080,473,41387,0,0,584,63347,129,20028,585,83375,California
Ventura,2021-02-08,3521,106988,1642,63722,1879,43266,0,0,2440,64712,1076,21104,2441,85816,California
Ventura,2021-02-09,4710,111698,1969,65691,2741,46007,0,0,2456,64920,2251,23355,2459,88275,California
Ventura,2021-02-10,4695,116393,2224,67915,2471,48478,0,0,2381,64998,2304,25659,2382,90657,California
Ventura,2021-02-11,4654,121047,1866,69781,2788,51266,0,0,2438,65231,2208,27867,2441,93098,California
Ventura,2021-02-12,6291,127338,2650,72431,3641,54907,0,0,3221,65388,3064,30931,3221,96319,California
Ventura,2021-02-13,3285,130623,1821,74252,1464,56371,0,0,1836,65781,1445,32376,1838,98157,California
Ventura,2021-02-14,1213,131836,121,74373,1092,57463,0,0,1001,66571,212,32588,1002,99159,California
Ventura,2021-02-15,3976,135812,1790,76163,2186,59649,0,0,2112,66822,1861,34449,2112,101271,California
Ventura,2021-02-16,5534,141346,2698,78861,2836,62485,0,0,3003,67304,2521,36970,3003,104274,California
Ventura,2021-02-17,5281,146627,1909,80770,3372,65857,0,0,3330,68692,1942,38912,3330,107604,California
Ventura,2021-02-18,5771,152398,1825,82595,3946,69803,0,0,3636,70206,2122,41034,3636,111240,California
Ventura,2021-02-19,6462,158860,3758,86353,2704,72507,0,0,3009,69772,3446,44480,3012,114252,California
Ventura,2021-02-20,4925,163785,3167,89520,1758,74265,0,0,2762,70382,2156,46636,2766,117018,California
Ventura,2021-02-21,1091,164876,803,90323,288,74553,0,0,451,70198,635,47271,451,117469,California
Ventura,2021-02-22,5399,170275,2407,92730,2992,77545,0,0,3460,71730,1929,49200,3461,120930,California
Ventura,2021-02-23,5935,176210,2952,95682,2983,80528,0,0,3412,72638,2506,51706,3414,124344,California
Ventura,2021-02-24,7058,183268,2613,98295,4445,84973,0,0,4254,74106,2788,54494,4256,128600,California
Ventura,2021-02-25,7552,190820,2562,100857,4990,89963,0,0,4571,75711,2968,57462,4573,133173,California
Ventura,2021-02-26,9441,200261,2765,103622,6676,96639,0,0,6172,78643,3244,60706,6176,139349,California
Ventura,2021-02-27,10571,210832,5271,108893,5300,101939,0,0,7950,84000,2603,63309,7960,147309,California
Ventura,2021-02-28,2532,213364,1620,110513,911,102850,1,1,2072,85619,453,63762,2072,149381,California
Ventura,2021-03-01,7127,220491,2836,113349,4289,107139,2,3,4730,87983,2381,66143,4745,154126,California
Ventura,2021-03-02,7695,228186,4034,117383,3659,110798,2,5,5394,91087,2290,68433,5394,159520,California
Ventura,2021-03-03,8646,236832,3904,121287,4739,115537,3,8,6102,94669,2527,70960,6109,165629,California
Ventura,2021-03-04,8242,245074,3872,125159,4370,119907,0,8,5543,97530,2684,73644,5545,171174,California
Ventura,2021-03-05,10079,255153,4814,129973,5255,125162,10,18,7190,101865,2873,76517,7208,178382,California
Ventura,2021-03-06,7753,262906,4392,134365,3209,128371,152,170,5795,105864,1950,78467,5949,184331,California
Ventura,2021-03-07,1650,264556,613,134978,937,129308,100,270,1241,106796,409,78876,1341,185672,California
Ventura,2021-03-08,6835,271391,3437,138415,3244,132552,154,424,4726,109577,2102,80978,4883,190555,California
Ventura,2021-03-09,6837,278228,3016,141431,3625,136177,196,620,3967,110887,2857,83835,4167,194722,California
Ventura,2021-03-10,6995,285223,3012,144443,3744,139921,239,859,4678,113501,2302,86137,4916,199638,California
Ventura,2021-03-11,6518,291741,2890,147333,3315,143236,313,1172,3557,114422,2947,89084,3868,203506,California
Ventura,2021-03-12,8671,300412,3042,150375,4788,148024,841,2013,4249,115105,4405,93489,5088,208594,California
Ventura,2021-03-13,7239,307651,2505,152880,3897,151921,837,2850,4307,117325,2923,96412,5143,213737,California
Ventura,2021-03-14,2125,309776,477,153357,1149,153070,499,3349,715,117131,1409,97821,1215,214952,California
Ventura,2021-03-15,7063,316839,2045,155402,3671,156741,1347,4696,3121,117676,3919,101740,4464,219416,California
Ventura,2021-03-16,8111,324950,2455,157857,4544,161285,1112,5808,4175,119039,3922,105662,5285,224701,California
Ventura,2021-03-17,7697,332647,2767,160624,4583,165868,347,6155,4692,121097,2982,108644,5040,229741,California
Ventura,2021-03-18,7386,340033,3268,163892,3969,169837,149,6304,4819,123510,2554,111198,4967,234708,California
Ventura,2021-03-19,8630,348663,3781,167673,4738,174575,111,6415,5238,125488,3369,114567,5347,240055,California
Ventura,2021-03-20,8692,357355,5745,173418,2924,177499,23,6438,4433,125708,4237,118804,4457,244512,California
Ventura,2021-03-21,2786,360141,1518,174936,896,178395,372,6810,1314,125932,1458,120262,1682,246194,California
Ventura,2021-03-22,7412,367553,3689,178625,3620,182015,103,6913,4896,128435,2498,122760,5001,251195,California
Ventura,2021-03-23,8242,375795,3926,182551,4246,186261,70,6983,4631,129553,3582,126342,4700,255895,California
Ventura,2021-03-24,8924,384719,3407,185958,5441,191702,76,7059,4473,129683,4420,130762,4550,260445,California
Ventura,2021-03-25,8831,393550,3909,189867,4822,196524,100,7159,4476,129924,4335,135097,4576,265021,California
Ventura,2021-03-26,9926,403476,3367,193234,5904,202428,655,7814,3977,128636,5918,141015,4630,269651,California
Ventura,2021-03-27,8490,411966,3925,197159,4527,206955,38,7852,2412,125039,6048,147063,2451,272102,California
Ventura,2021-03-28,2526,414492,1420,198579,1098,208053,8,7860,1365,125257,1155,148218,1373,273475,California
Ventura,2021-03-29,8561,423053,4295,202874,4221,212274,45,7905,4256,125281,4277,152495,4301,277776,California
Ventura,2021-03-30,8994,432047,4465,207339,4401,216675,128,8033,4393,125215,4586,157081,4520,282296,California
Ventura,2021-03-31,10787,442834,4866,212205,5290,221965,631,8664,4674,124429,6089,163170,5303,287599,California
Ventura,2021-04-01,10838,453672,5280,217485,4680,226645,878,9542,5498,125496,5304,168474,6371,293970,California
Ventura,2021-04-02,11779,465451,4633,222118,5803,232448,1343,10885,5625,126344,6122,174596,6970,300940,California
Ventura,2021-04-03,8105,473556,4020,226138,2910,235358,1175,12060,3424,126266,4669,179265,4591,305531,California
Ventura,2021-04-04,1708,475264,956,227094,617,235975,135,12195,1144,126987,558,179823,1279,306810,California
Ventura,2021-04-05,9404,484668,4863,231957,3426,239401,1115,13310,4797,128300,4597,184420,5910,312720,California
Ventura,2021-04-06,10928,495596,5562,237519,3875,243276,1491,14801,5627,130141,5274,189694,7115,319835,California
Ventura,2021-04-07,11472,507068,5390,242909,4573,247849,1509,16310,5254,130697,6201,195895,6757,326592,California
Ventura,2021-04-08,10437,517505,5277,248186,4175,252024,985,17295,5208,131674,5208,201103,6185,332777,California
Ventura,2021-04-09,11307,528812,4365,252551,5220,257244,1722,19017,4937,131980,6345,207448,6651,339428,California
Ventura,2021-04-10,9557,538369,3880,256431,3518,260762,2159,21176,3134,130865,6404,213852,5289,344717,California
Ventura,2021-04-11,2434,540803,856,257287,1007,261769,571,21747,685,130380,1741,215593,1256,345973,California
Ventura,2021-04-12,8989,549792,4484,261771,3680,265449,825,22572,3757,129744,5213,220806,4577,350550,California
Ventura,2021-04-13,8862,558654,4498,266269,4358,269807,6,22578,3762,128452,5061,225867,3769,354319,California
Ventura,2021-04-14,8747,567401,4083,270352,4649,274456,15,22593,3359,126481,5352,231219,3381,357700,California
Ventura,2021-04-15,9330,576731,4534,274886,4789,279245,7,22600,4086,125359,5216,236435,4094,361794,California
Ventura,2021-04-16,10090,586821,4443,279329,5645,284890,2,22602,4762,124816,5311,241746,4768,366562,California
Ventura,2021-04-17,8747,595568,5321,284650,3425,288315,1,22603,5091,126267,3641,245387,5092,371654,California
Ventura,2021-04-18,2126,597694,1009,285659,1117,289432,0,22603,908,125963,1212,246599,908,372562,California
Ventura,2021-04-19,8058,605752,4838,290497,3219,292651,1,22604,4629,127184,3410,250009,4631,377193,California
Ventura,2021-04-20,9297,615049,4912,295409,4381,297032,4,22608,4366,126643,4911,254920,4370,381563,California
Ventura,2021-04-21,8917,623966,4567,299976,4345,301377,5,22613,4245,126236,4658,259578,4251,385814,California
Ventura,2021-04-22,10051,634017,5478,305454,4573,305950,0,22613,4467,125139,5565,265143,4468,390282,California
Ventura,2021-04-23,10847,644864,5380,310834,5466,311416,1,22614,5415,125150,5405,270548,5416,395698,California
Ventura,2021-04-24,10434,655298,5890,316724,4544,315960,0,22614,6137,127004,4284,274832,6138,401836,California
Ventura,2021-04-25,2461,657759,1697,318421,764,316724,0,22614,1147,126840,1311,276143,1147,402983,California
Ventura,2021-04-26,7425,665184,4232,322653,3127,319851,66,22680,3078,125657,4322,280465,3139,406122,California
Ventura,2021-04-27,8778,673962,4878,327531,3700,323551,200,22880,3316,123725,5446,285911,3514,409636,California
Ventura,2021-04-28,8296,682258,4822,332353,3158,326709,316,23196,3255,122277,5020,290931,3572,413208,California
Ventura,2021-04-29,7823,690081,4222,336575,3338,330047,263,23459,2797,120337,4999,295930,3059,416267,California
Ventura,2021-04-30,9377,699458,5439,342014,3665,333712,273,23732,3895,119046,5448,301378,4157,420424,California
Ventura,2021-05-01,5026,704484,3623,345637,1300,335012,103,23835,1948,118040,3056,304434,2050,422474,California
Ventura,2021-05-02,2118,706602,1420,347057,610,335622,88,23923,1028,118070,1087,305521,1117,423591,California
Ventura,2021-05-03,6243,712845,3863,350920,2102,337724,278,24201,1967,116055,4258,309779,2243,425834,California
Ventura,2021-05-04,6303,719148,3287,354207,2721,340445,295,24496,2307,114675,3982,313761,2602,428436,California
Ventura,2021-05-05,5315,724463,2965,357172,2091,342536,259,24755,1920,113478,3369,317130,2172,430608,California
Ventura,2021-05-06,6134,730597,3144,360316,2721,345257,269,25024,1964,111560,4152,321282,2234,432842,California
Ventura,2021-05-07,6755,737352,3376,363692,3108,348365,271,25295,2330,109764,4397,325679,2601,435443,California
Ventura,2021-05-08,5297,742649,4113,367805,1030,349395,154,25449,1219,107070,4065,329744,1371,436814,California
Ventura,2021-05-09,1040,743689,728,368533,267,349662,45,25494,394,106868,640,330384,438,437252,California
Ventura,2021-05-10,6068,749757,4069,372602,1790,351452,209,25703,1400,103819,4657,335041,1608,438860,California
Ventura,2021-05-11,5156,754913,3204,375806,1742,353194,210,25913,1506,101894,3640,338681,1715,440575,California
Ventura,2021-05-12,4784,759697,2770,378576,1809,355003,205,26118,1475,100280,3294,341975,1680,442255,California
Ventura,2021-05-13,5699,765396,3353,381929,2140,357143,206,26324,1929,98659,3757,345732,2136,444391,California
Ventura,2021-05-14,7227,772623,4448,386377,2581,359724,198,26522,2757,97160,4451,350183,2952,447343,California
Ventura,2021-05-15,6614,779237,5364,391741,1167,360891,83,26605,2827,96302,3769,353952,2911,450254,California
Ventura,2021-05-16,2157,781394,1669,393410,436,361327,52,26657,1026,96254,1126,355078,1078,451332,California
Ventura,2021-05-17,5825,787219,3548,396958,2070,363397,207,26864,2548,95749,3259,358337,2754,454086,California
Ventura,2021-05-18,5362,792581,3169,400127,2013,365410,180,27044,2239,95065,3103,361440,2419,456505,California
Ventura,2021-05-19,5797,798378,3519,403646,2068,367478,210,27254,2410,94320,3361,364801,2616,459121,California
Ventura,2021-05-20,4344,802722,2293,405939,1895,369373,156,27410,1771,93697,2546,367347,1923,461044,California
Ventura,2021-05-21,6756,809478,3690,409629,2893,372266,173,27583,2164,91473,4560,371907,2336,463380,California
Ventura,2021-05-22,4755,814233,2308,411937,2375,374641,72,27655,1490,89777,3258,375165,1562,464942,California
Ventura,2021-05-23,1276,815509,1066,413003,139,374780,71,27726,500,89574,774,375939,571,465513,California
Ventura,2021-05-24,4502,820011,2434,415437,1901,376681,167,27893,1508,88269,2977,378916,1672,467185,California
Ventura,2021-05-25,4264,824275,2207,417644,1907,378588,150,28043,1449,87068,2799,381715,1598,468783,California
Ventura,2021-05-26,4210,828485,2262,419906,1808,380396,140,28183,1664,86344,2529,384244,1805,470588,California
Ventura,2021-05-27,3784,832269,1841,421747,1828,382224,115,28298,1386,85460,2385,386629,1501,472089,California
Ventura,2021-05-28,4466,836735,2451,424198,1823,384047,192,28490,1983,85163,2469,389098,2172,474261,California
Ventura,2021-05-29,2139,838874,1335,425533,737,384784,67,28557,1053,85209,1074,390172,1120,475381,California
Ventura,2021-05-30,904,839778,580,426113,271,385055,53,28610,376,85112,526,390698,429,475810,California
Ventura,2021-05-31,255,840033,137,426250,109,385164,9,28619,60,84986,195,390893,69,475879,California
Ventura,2021-06-01,3893,843926,2262,428512,1469,386633,162,28781,1311,83892,2568,393461,1474,477353,California
Ventura,2021-06-02,2917,846843,1623,430135,1163,387796,131,28912,1068,83252,1839,395300,1199,478552,California
Ventura,2021-06-03,3127,849970,1953,432088,1039,388835,135,29047,1083,82435,2035,397335,1218,479770,California
Ventura,2021-06-04,4275,854245,2889,434977,1242,390077,144,29191,1454,81221,2812,400147,1598,481368,California
Ventura,2021-06-05,2295,856540,2038,437015,222,390299,35,29226,729,80424,1561,401708,764,482132,California
Yolo,2020-12-15,39,39,39,39,0,0,0,0,39,39,0,0,39,39,California
Yolo,2020-12-16,78,117,78,117,0,0,0,0,78,117,0,0,78,117,California
Yolo,2020-12-17,105,222,105,222,0,0,0,0,105,222,0,0,105,222,California
Yolo,2020-12-18,228,450,228,450,0,0,0,0,228,450,0,0,228,450,California
Yolo,2020-12-19,87,537,87,537,0,0,0,0,87,537,0,0,87,537,California
Yolo,2020-12-20,101,638,101,638,0,0,0,0,101,638,0,0,101,638,California
Yolo,2020-12-21,250,888,250,888,0,0,0,0,250,888,0,0,250,888,California
Yolo,2020-12-22,381,1269,380,1268,1,1,0,0,381,1269,0,0,381,1269,California
Yolo,2020-12-23,436,1705,416,1684,20,21,0,0,436,1705,0,0,436,1705,California
Yolo,2020-12-24,152,1857,95,1779,57,78,0,0,152,1857,0,0,152,1857,California
Yolo,2020-12-25,1,1858,1,1780,0,78,0,0,1,1858,0,0,1,1858,California
Yolo,2020-12-26,75,1933,25,1805,50,128,0,0,75,1933,0,0,75,1933,California
Yolo,2020-12-27,46,1979,19,1824,27,155,0,0,46,1979,0,0,46,1979,California
Yolo,2020-12-28,353,2332,180,2004,173,328,0,0,353,2332,0,0,353,2332,California
Yolo,2020-12-29,487,2819,267,2271,220,548,0,0,487,2819,0,0,487,2819,California
Yolo,2020-12-30,628,3447,258,2529,370,918,0,0,628,3447,0,0,628,3447,California
Yolo,2020-12-31,183,3630,94,2623,89,1007,0,0,183,3630,0,0,183,3630,California
Yolo,2021-01-01,57,3687,55,2678,2,1009,0,0,57,3687,0,0,57,3687,California
Yolo,2021-01-02,70,3757,27,2705,43,1052,0,0,70,3757,0,0,70,3757,California
Yolo,2021-01-03,45,3802,19,2724,26,1078,0,0,45,3802,0,0,45,3802,California
Yolo,2021-01-04,193,3995,43,2767,150,1228,0,0,190,3989,3,3,190,3992,California
Yolo,2021-01-05,614,4609,237,3004,377,1605,0,0,552,4479,62,65,552,4544,California
Yolo,2021-01-06,481,5090,183,3187,298,1903,0,0,343,4684,138,203,343,4887,California
Yolo,2021-01-07,712,5802,231,3418,481,2384,0,0,523,5019,188,391,523,5410,California
Yolo,2021-01-08,635,6437,312,3730,323,2707,0,0,412,5209,222,613,412,5822,California
Yolo,2021-01-09,415,6852,70,3800,345,3052,0,0,369,5532,46,659,369,6191,California
Yolo,2021-01-10,399,7251,79,3879,320,3372,0,0,330,5793,69,728,330,6521,California
Yolo,2021-01-11,564,7815,324,4203,240,3612,0,0,292,5815,272,1000,294,6815,California
Yolo,2021-01-12,486,8301,367,4570,119,3731,0,0,179,5688,307,1307,180,6995,California
Yolo,2021-01-13,767,9068,311,4881,456,4187,0,0,517,5955,250,1557,517,7512,California
Yolo,2021-01-14,382,9450,183,5064,199,4386,0,0,278,6129,104,1661,278,7790,California
Yolo,2021-01-15,631,10081,324,5388,307,4693,0,0,549,6597,82,1743,550,8340,California
Yolo,2021-01-16,742,10823,94,5482,648,5341,0,0,711,7277,31,1774,711,9051,California
Yolo,2021-01-17,190,11013,117,5599,73,5414,0,0,184,7455,6,1780,184,9235,California
Yolo,2021-01-18,484,11497,305,5904,179,5593,0,0,380,7731,104,1884,380,9615,California
Yolo,2021-01-19,558,12055,372,6276,186,5779,0,0,385,7943,173,2057,385,10000,California
Yolo,2021-01-20,659,12714,380,6656,279,6058,0,0,474,8233,184,2241,474,10474,California
Yolo,2021-01-21,647,13361,384,7040,263,6321,0,0,461,8508,186,2427,461,10935,California
Yolo,2021-01-22,750,14111,251,7291,499,6820,0,0,633,9026,115,2542,633,11568,California
Yolo,2021-01-23,616,14727,123,7414,493,7313,0,0,568,9546,48,2590,568,12136,California
Yolo,2021-01-24,208,14935,123,7537,85,7398,0,0,167,9672,41,2631,167,12303,California
Yolo,2021-01-25,733,15668,157,7694,576,7974,0,0,511,9961,222,2853,511,12814,California
Yolo,2021-01-26,827,16495,327,8021,500,8474,0,0,431,9996,396,3249,431,13245,California
Yolo,2021-01-27,553,17048,219,8240,334,8808,0,0,378,10199,175,3424,378,13623,California
Yolo,2021-01-28,1049,18097,564,8804,485,9293,0,0,924,10999,124,3548,924,14547,California
Yolo,2021-01-29,903,19000,268,9072,635,9928,0,0,817,11731,85,3633,817,15364,California
Yolo,2021-01-30,1528,20528,928,10000,600,10528,0,0,1406,13021,116,3749,1406,16770,California
Yolo,2021-01-31,239,20767,200,10200,39,10567,0,0,212,13207,26,3775,212,16982,California
Yolo,2021-02-01,849,21616,364,10564,485,11052,0,0,614,13590,231,4006,614,17596,California
Yolo,2021-02-02,1339,22955,755,11319,584,11636,0,0,930,14112,409,4415,931,18527,California
Yolo,2021-02-03,1524,24479,397,11716,1127,12763,0,0,1186,14963,335,4750,1186,19713,California
Yolo,2021-02-04,1789,26268,281,11997,1508,14271,0,0,1236,15658,542,5292,1237,20950,California
Yolo,2021-02-05,1596,27864,908,12905,688,14959,0,0,1195,16454,400,5692,1196,22146,California
Yolo,2021-02-06,1943,29807,1266,14171,677,15636,0,0,1577,17666,366,6058,1578,23724,California
Yolo,2021-02-07,525,30332,248,14419,277,15913,0,0,169,17480,355,6413,169,23893,California
Yolo,2021-02-08,949,31281,331,14750,618,16531,0,0,603,17740,343,6756,603,24496,California
Yolo,2021-02-09,859,32140,389,15139,470,17001,0,0,574,18029,285,7041,574,25070,California
Yolo,2021-02-10,1464,33604,480,15619,984,17985,0,0,823,18213,641,7682,825,25895,California
Yolo,2021-02-11,1580,35184,810,16429,770,18755,0,0,1185,19003,395,8077,1185,27080,California
Yolo,2021-02-12,1923,37107,762,17191,1161,19916,0,0,1446,19976,473,8550,1446,28526,California
Yolo,2021-02-13,2055,39162,712,17903,1343,21259,0,0,1385,20691,670,9220,1385,29911,California
Yolo,2021-02-14,569,39731,152,18055,417,21676,0,0,441,21005,127,9347,441,30352,California
Yolo,2021-02-15,535,40266,194,18249,341,22017,0,0,266,21003,269,9616,267,30619,California
Yolo,2021-02-16,1131,41397,425,18674,706,22723,0,0,809,21491,322,9938,810,31429,California
Yolo,2021-02-17,1392,42789,701,19375,691,23414,0,0,996,22091,396,10334,996,32425,California
Yolo,2021-02-18,2489,45278,812,20187,1677,25091,0,0,1717,23038,771,11105,1718,34143,California
Yolo,2021-02-19,1753,47031,751,20938,1002,26093,0,0,1130,23547,621,11726,1130,35273,California
Yolo,2021-02-20,2460,49491,957,21895,1503,27596,0,0,1374,23841,1081,12807,1375,36648,California
Yolo,2021-02-21,286,49777,225,22120,61,27657,0,0,74,23704,211,13018,74,36722,California
Yolo,2021-02-22,1369,51146,599,22719,770,28427,0,0,695,23726,673,13691,695,37417,California
Yolo,2021-02-23,1147,52293,856,23575,291,28718,0,0,444,23469,701,14392,444,37861,California
Yolo,2021-02-24,2090,54383,593,24168,1497,30215,0,0,1382,24145,706,15098,1382,39243,California
Yolo,2021-02-25,1395,55778,487,24655,908,31123,0,0,922,24595,472,15570,922,40165,California
Yolo,2021-02-26,2624,58402,1028,25683,1596,32719,0,0,1383,24740,1238,16808,1383,41548,California
Yolo,2021-02-27,1685,60087,786,26469,899,33618,0,0,1228,25511,457,17265,1228,42776,California
Yolo,2021-02-28,1838,61925,1537,28006,301,33919,0,0,720,25116,1116,18381,721,43497,California
Yolo,2021-03-01,1129,63054,374,28380,755,34674,0,0,679,25347,448,18829,679,44176,California
Yolo,2021-03-02,1474,64528,694,29074,780,35454,0,0,942,25757,532,19361,942,45118,California
Yolo,2021-03-03,1857,66385,638,29712,1219,36673,0,0,832,25566,1023,20384,832,45950,California
Yolo,2021-03-04,2923,69308,1477,31189,1446,38119,0,0,1567,25780,1353,21737,1567,47517,California
Yolo,2021-03-05,2361,71669,1412,32601,938,39057,11,11,1470,26372,889,22626,1481,48998,California
Yolo,2021-03-06,1495,73164,1144,33745,322,39379,29,40,851,26610,642,23268,880,49878,California
Yolo,2021-03-07,916,74080,680,34425,222,39601,14,54,784,27276,132,23400,798,50676,California
Yolo,2021-03-08,1097,75177,490,34915,564,40165,43,97,763,27751,332,23732,807,51483,California
Yolo,2021-03-09,1272,76449,682,35597,527,40692,63,160,780,28104,490,24222,843,52326,California
Yolo,2021-03-10,1816,78265,1062,36659,464,41156,290,450,752,28079,1060,25282,1035,53361,California
Yolo,2021-03-11,2348,80613,1608,38267,672,41828,68,518,1609,29019,738,26020,1678,55039,California
Yolo,2021-03-12,2907,83520,1355,39622,1471,43299,81,599,1373,28946,1526,27546,1453,56492,California
Yolo,2021-03-13,1848,85368,731,40353,941,44240,176,775,1002,29281,843,28389,1178,57670,California
Yolo,2021-03-14,1016,86384,208,40561,660,44900,148,923,536,29480,479,28868,678,58348,California
Yolo,2021-03-15,1323,87707,772,41333,369,45269,182,1105,709,29756,612,29480,888,59236,California
Yolo,2021-03-16,1877,89584,719,42052,1086,46355,72,1177,1109,30169,768,30248,1181,60417,California
Yolo,2021-03-17,2508,92092,980,43032,1456,47811,72,1249,1719,31206,786,31034,1823,62240,California
Yolo,2021-03-18,3031,95123,1039,44071,1770,49581,222,1471,1260,30920,1767,32801,1481,63721,California
Yolo,2021-03-19,2097,97220,873,44944,1156,50737,68,1539,1090,31078,1000,33801,1158,64879,California
Yolo,2021-03-20,2779,99999,822,45766,1914,52651,43,1582,1096,30542,1677,35478,1141,66020,California
Yolo,2021-03-21,318,100317,215,45981,95,52746,8,1590,208,30649,109,35587,216,66236,California
Yolo,2021-03-22,1408,101725,490,46471,857,53603,61,1651,919,31142,486,36073,979,67215,California
Yolo,2021-03-23,1741,103466,937,47408,746,54349,58,1709,1066,31591,674,36747,1123,68338,California
Yolo,2021-03-24,2882,106348,1410,48818,1422,55771,50,1759,1407,31586,1463,38210,1458,69796,California
Yolo,2021-03-25,2552,108900,1415,50233,1109,56880,28,1787,1251,31575,1290,39500,1279,71075,California
Yolo,2021-03-26,2389,111289,1256,51489,1114,57994,19,1806,1018,31247,1364,40864,1036,72111,California
Yolo,2021-03-27,1657,112946,463,51952,1176,59170,18,1824,753,31115,903,41767,771,72882,California
Yolo,2021-03-28,1107,114053,865,52817,224,59394,18,1842,249,30528,853,42620,266,73148,California
Yolo,2021-03-29,2013,116066,819,53636,1164,60558,30,1872,963,30475,1046,43666,993,74141,California
Yolo,2021-03-30,2277,118343,1084,54720,1171,61729,22,1894,1167,30559,1105,44771,1189,75330,California
Yolo,2021-03-31,2357,120700,1229,55949,1092,62821,36,1930,1193,30625,1163,45934,1229,76559,California
Yolo,2021-04-01,3850,124550,1862,57811,1514,64335,474,2404,1614,30479,2233,48167,2087,78646,California
Yolo,2021-04-02,3394,127944,1517,59328,1730,66065,147,2551,2105,31448,1283,49450,2252,80898,California
Yolo,2021-04-03,1822,129766,1097,60425,504,66569,221,2772,812,31472,1009,50459,1033,81931,California
Yolo,2021-04-04,395,130161,156,60581,178,66747,61,2833,146,31430,249,50708,207,82138,California
Yolo,2021-04-05,1928,132089,741,61322,1087,67834,100,2933,1020,31648,903,51611,1121,83259,California
Yolo,2021-04-06,2579,134668,1319,62641,1091,68925,169,3102,1303,31854,1267,52878,1473,84732,California
Yolo,2021-04-07,2990,137658,1524,64165,1109,70034,357,3459,1926,33083,1058,53936,2287,87019,California
Yolo,2021-04-08,2422,140080,1007,65172,941,70975,474,3933,1024,33182,1395,55331,1494,88513,California
Yolo,2021-04-09,2577,142657,920,66092,1089,72064,568,4501,850,32869,1724,57055,1411,89924,California
Yolo,2021-04-10,1750,144407,820,66912,748,72812,182,4683,1030,33363,717,57772,1211,91135,California
Yolo,2021-04-11,915,145322,286,67198,575,73387,54,4737,372,33249,540,58312,426,91561,California
Yolo,2021-04-12,1763,147085,522,67720,1099,74486,142,4879,1095,33821,665,58977,1237,92798,California
Yolo,2021-04-13,1981,149066,915,68635,1066,75552,0,4879,1045,33931,935,59912,1045,93843,California
Yolo,2021-04-14,2776,151842,761,69396,2015,77567,0,4879,1367,33894,1404,61316,1367,95210,California
Yolo,2021-04-15,3317,155159,1137,70533,2180,79747,0,4879,2278,35138,1034,62350,2278,97488,California
Yolo,2021-04-16,3041,158200,1967,72500,1074,80821,0,4879,1942,35987,1093,63443,1942,99430,California
Yolo,2021-04-17,1606,159806,470,72970,1136,81957,0,4879,834,36052,769,64212,834,100264,California
Yolo,2021-04-18,629,160435,301,73271,328,82285,0,4879,351,36129,274,64486,351,100615,California
Yolo,2021-04-19,1669,162104,714,73985,954,83239,1,4880,765,35996,899,65385,766,101381,California
Yolo,2021-04-20,2005,164109,1017,75002,988,84227,0,4880,1076,36145,927,66312,1076,102457,California
Yolo,2021-04-21,1979,166088,985,75987,994,85221,0,4880,1070,36311,904,67216,1070,103527,California
Yolo,2021-04-22,1942,168030,879,76866,1063,86284,0,4880,964,36303,973,68189,965,104492,California
Yolo,2021-04-23,2614,170644,1530,78396,1084,87368,0,4880,1164,36028,1439,69628,1164,105656,California
Yolo,2021-04-24,1165,171809,644,79040,519,87887,2,4882,461,35794,697,70325,463,106119,California
Yolo,2021-04-25,951,172760,410,79450,541,88428,0,4882,731,36306,219,70544,731,106850,California
Yolo,2021-04-26,1194,173954,465,79915,726,89154,3,4885,501,36121,690,71234,505,107355,California
Yolo,2021-04-27,1515,175469,715,80630,789,89943,11,4896,591,35801,924,72158,604,107959,California
Yolo,2021-04-28,2047,177516,1009,81639,1011,90954,27,4923,742,35269,1301,73459,769,108728,California
Yolo,2021-04-29,1753,179269,817,82456,854,91808,82,5005,693,34986,1057,74516,774,109502,California
Yolo,2021-04-30,2007,181276,990,83446,959,92767,58,5063,957,34957,1043,75559,1014,110516,California
Yolo,2021-05-01,1288,182564,998,84444,270,93037,20,5083,378,34446,909,76468,398,110914,California
Yolo,2021-05-02,523,183087,430,84874,70,93107,23,5106,326,34598,197,76665,349,111263,California
Yolo,2021-05-03,1120,184207,407,85281,680,93787,33,5139,300,34112,818,77483,332,111595,California
Yolo,2021-05-04,1452,185659,675,85956,754,94541,23,5162,503,33693,945,78428,526,112121,California
Yolo,2021-05-05,1554,187213,426,86382,1063,95604,65,5227,444,33099,1103,79531,509,112630,California
Yolo,2021-05-06,1501,188714,702,87084,718,96322,81,5308,489,32669,1000,80531,570,113200,California
Yolo,2021-05-07,2316,191030,1394,88478,871,97193,51,5359,466,31342,1842,82373,515,113715,California
Yolo,2021-05-08,844,191874,363,88841,424,97617,57,5416,315,31187,526,82899,371,114086,California
Yolo,2021-05-09,393,192267,162,89003,218,97835,13,5429,90,30988,302,83201,103,114189,California
Yolo,2021-05-10,898,193165,353,89356,500,98335,45,5474,151,30438,745,83946,195,114384,California
Yolo,2021-05-11,1122,194287,649,90005,452,98787,21,5495,271,29882,848,84794,292,114676,California
Yolo,2021-05-12,1501,195788,663,90668,809,99596,29,5524,281,28978,1217,86011,313,114989,California
Yolo,2021-05-13,2076,197864,788,91456,1236,100832,52,5576,591,28140,1481,87492,643,115632,California
Yolo,2021-05-14,2035,199899,1518,92974,486,101318,31,5607,1158,28455,874,88366,1189,116821,California
Yolo,2021-05-15,1244,201143,704,93678,493,101811,47,5654,641,28540,603,88969,688,117509,California
Yolo,2021-05-16,1409,202552,1197,94875,206,102017,6,5660,986,29114,418,89387,992,118501,California
Yolo,2021-05-17,1083,203635,393,95268,671,102688,19,5679,327,28709,751,90138,346,118847,California
Yolo,2021-05-18,1687,205322,1107,96375,561,103249,19,5698,924,28894,758,90896,943,119790,California
Yolo,2021-05-19,996,206318,582,96957,378,103627,36,5734,489,28914,505,91401,525,120315,California
Yolo,2021-05-20,931,207249,618,97575,291,103918,22,5756,351,28713,574,91975,373,120688,California
Yolo,2021-05-21,1254,208503,841,98416,394,104312,19,5775,322,28125,927,92902,339,121027,California
Yolo,2021-05-22,670,209173,467,98883,196,104508,7,5782,258,27981,409,93311,265,121292,California
Yolo,2021-05-23,510,209683,112,98995,384,104892,14,5796,90,27666,419,93730,104,121396,California
Yolo,2021-05-24,704,210387,347,99342,338,105230,19,5815,218,27421,483,94213,238,121634,California
Yolo,2021-05-25,879,211266,509,99851,348,105578,22,5837,350,27270,523,94736,372,122006,California
Yolo,2021-05-26,799,212065,258,100109,509,106087,32,5869,248,27003,547,95283,280,122286,California
Yolo,2021-05-27,757,212822,379,100488,327,106414,51,5920,303,26907,450,95733,354,122640,California
Yolo,2021-05-28,865,213687,393,100881,444,106858,28,5948,369,26811,492,96225,396,123036,California
Yolo,2021-05-29,593,214280,342,101223,214,107072,37,5985,272,26799,319,96544,307,123343,California
Yolo,2021-05-30,127,214407,70,101293,51,107123,6,5991,54,26788,71,96615,60,123403,California
Yolo,2021-05-31,68,214475,18,101311,48,107171,2,5993,16,26753,52,96667,17,123420,California
Yolo,2021-06-01,747,215222,321,101632,402,107573,24,6017,261,26558,480,97147,285,123705,California
Yolo,2021-06-02,757,215979,302,101934,434,108007,21,6038,249,26323,505,97652,270,123975,California
Yolo,2021-06-03,921,216900,592,102526,306,108313,23,6061,249,25926,669,98321,272,124247,California
Yolo,2021-06-04,1397,218297,1133,103659,243,108556,21,6082,367,25287,1027,99348,388,124635,California
Yolo,2021-06-05,453,218750,383,104042,61,108617,9,6091,89,25021,363,99711,97,124732,California
Yuba,2020-12-16,4,4,4,4,0,0,0,0,4,4,0,0,4,4,California
Yuba,2020-12-17,4,8,4,8,0,0,0,0,4,8,0,0,4,8,California
Yuba,2020-12-18,8,16,8,16,0,0,0,0,8,16,0,0,8,16,California
Yuba,2020-12-19,12,28,12,28,0,0,0,0,12,28,0,0,12,28,California
Yuba,2020-12-20,19,47,19,47,0,0,0,0,19,47,0,0,19,47,California
Yuba,2020-12-21,40,87,40,87,0,0,0,0,40,87,0,0,40,87,California
Yuba,2020-12-22,86,173,86,173,0,0,0,0,86,173,0,0,86,173,California
Yuba,2020-12-23,65,238,63,236,2,2,0,0,65,238,0,0,65,238,California
Yuba,2020-12-24,20,258,10,246,10,12,0,0,20,258,0,0,20,258,California
Yuba,2020-12-26,14,272,13,259,1,13,0,0,14,272,0,0,14,272,California
Yuba,2020-12-27,15,287,15,274,0,13,0,0,15,287,0,0,15,287,California
Yuba,2020-12-28,50,337,34,308,16,29,0,0,50,337,0,0,50,337,California
Yuba,2020-12-29,76,413,10,318,66,95,0,0,76,413,0,0,76,413,California
Yuba,2020-12-30,66,479,21,339,45,140,0,0,66,479,0,0,66,479,California
Yuba,2020-12-31,37,516,6,345,31,171,0,0,37,516,0,0,37,516,California
Yuba,2021-01-02,23,539,22,367,1,172,0,0,23,539,0,0,23,539,California
Yuba,2021-01-03,10,549,6,373,4,176,0,0,10,549,0,0,10,549,California
Yuba,2021-01-04,93,642,23,396,70,246,0,0,93,642,0,0,93,642,California
Yuba,2021-01-05,71,713,38,434,33,279,0,0,70,711,1,1,70,712,California
Yuba,2021-01-06,154,867,76,510,78,357,0,0,148,853,6,7,148,860,California
Yuba,2021-01-07,75,942,19,529,56,413,0,0,72,921,4,11,72,932,California
Yuba,2021-01-08,73,1015,24,553,49,462,0,0,66,980,7,18,66,998,California
Yuba,2021-01-09,18,1033,16,569,2,464,0,0,10,982,8,26,10,1008,California
Yuba,2021-01-10,117,1150,22,591,95,559,0,0,95,1055,22,48,95,1103,California
Yuba,2021-01-11,72,1222,50,641,22,581,0,0,32,1047,40,88,32,1135,California
Yuba,2021-01-12,107,1329,78,719,29,610,0,0,42,1024,65,153,42,1177,California
Yuba,2021-01-13,119,1448,72,791,47,657,0,0,54,1014,64,217,54,1231,California
Yuba,2021-01-14,112,1560,43,834,69,726,0,0,100,1102,12,229,100,1331,California
Yuba,2021-01-15,202,1762,87,921,115,841,0,0,191,1282,11,240,191,1522,California
Yuba,2021-01-16,186,1948,21,942,165,1006,0,0,173,1442,13,253,173,1695,California
Yuba,2021-01-17,13,1961,9,951,4,1010,0,0,7,1443,6,259,7,1702,California
Yuba,2021-01-18,61,2022,31,982,30,1040,0,0,37,1456,24,283,37,1739,California
Yuba,2021-01-19,82,2104,32,1014,50,1090,0,0,66,1506,16,299,66,1805,California
Yuba,2021-01-20,135,2239,87,1101,48,1138,0,0,112,1595,23,322,112,1917,California
Yuba,2021-01-21,215,2454,98,1199,117,1255,0,0,207,1794,8,330,207,2124,California
Yuba,2021-01-22,104,2558,6,1205,98,1353,0,0,95,1880,9,339,95,2219,California
Yuba,2021-01-23,201,2759,7,1212,194,1547,0,0,199,2077,2,341,199,2418,California
Yuba,2021-01-24,10,2769,7,1219,3,1550,0,0,8,2083,2,343,8,2426,California
Yuba,2021-01-25,86,2855,30,1249,56,1606,0,0,53,2104,32,375,53,2479,California
Yuba,2021-01-26,148,3003,39,1288,109,1715,0,0,90,2136,58,433,90,2569,California
Yuba,2021-01-27,186,3189,130,1418,56,1771,0,0,117,2184,69,502,117,2686,California
Yuba,2021-01-28,225,3414,89,1507,136,1907,0,0,173,2305,52,554,173,2859,California
Yuba,2021-01-29,152,3566,46,1553,106,2013,0,0,113,2379,39,593,113,2972,California
Yuba,2021-01-30,414,3980,23,1576,391,2404,0,0,403,2771,11,604,403,3375,California
Yuba,2021-01-31,18,3998,12,1588,6,2410,0,0,16,2785,2,606,16,3391,California
Yuba,2021-02-01,156,4154,75,1663,81,2491,0,0,131,2893,24,630,132,3523,California
Yuba,2021-02-02,123,4277,21,1684,102,2593,0,0,101,2972,22,652,101,3624,California
Yuba,2021-02-03,227,4504,30,1714,197,2790,0,0,115,2976,111,763,115,3739,California
Yuba,2021-02-04,294,4798,118,1832,176,2966,0,0,250,3182,44,807,250,3989,California
Yuba,2021-02-05,150,4948,33,1865,117,3083,0,0,73,3178,77,884,73,4062,California
Yuba,2021-02-06,448,5396,23,1888,425,3508,0,0,441,3612,7,891,441,4503,California
Yuba,2021-02-07,19,5415,13,1901,6,3514,0,0,15,3623,4,895,15,4518,California
Yuba,2021-02-08,97,5512,37,1938,60,3574,0,0,68,3662,29,924,68,4586,California
Yuba,2021-02-09,155,5667,57,1995,98,3672,0,0,86,3679,69,993,86,4672,California
Yuba,2021-02-10,361,6028,175,2170,186,3858,0,0,120,3559,240,1233,120,4792,California
Yuba,2021-02-11,398,6426,66,2236,332,4190,0,0,301,3765,95,1328,301,5093,California
Yuba,2021-02-12,263,6689,25,2261,238,4428,0,0,150,3802,113,1441,150,5243,California
Yuba,2021-02-13,434,7123,35,2296,399,4827,0,0,383,4134,51,1492,383,5626,California
Yuba,2021-02-14,51,7174,10,2306,41,4868,0,0,46,4175,5,1497,46,5672,California
Yuba,2021-02-15,88,7262,36,2342,52,4920,0,0,68,4223,20,1517,68,5740,California
Yuba,2021-02-16,199,7461,52,2394,147,5067,0,0,140,4305,58,1575,140,5880,California
Yuba,2021-02-17,380,7841,157,2551,223,5290,0,0,102,4130,277,1852,102,5982,California
Yuba,2021-02-18,314,8155,48,2599,266,5556,0,0,192,4200,122,1974,192,6174,California
Yuba,2021-02-19,226,8381,82,2681,144,5700,0,0,142,4258,84,2058,142,6316,California
Yuba,2021-02-20,391,8772,30,2711,361,6061,0,0,337,4541,54,2112,337,6653,California
Yuba,2021-02-21,17,8789,14,2725,3,6064,0,0,7,4538,10,2122,7,6660,California
Yuba,2021-02-22,128,8917,79,2804,49,6113,0,0,39,4489,88,2210,39,6699,California
Yuba,2021-02-23,116,9033,26,2830,90,6203,0,0,49,4472,66,2276,49,6748,California
Yuba,2021-02-24,485,9518,137,2967,348,6551,0,0,106,4199,379,2655,106,6854,California
Yuba,2021-02-25,340,9858,136,3103,204,6755,0,0,215,4289,125,2780,215,7069,California
Yuba,2021-02-26,264,10122,71,3174,193,6948,0,0,147,4321,115,2895,147,7216,California
Yuba,2021-02-27,470,10592,46,3220,424,7372,0,0,384,4621,84,2979,384,7600,California
Yuba,2021-02-28,69,10661,21,3241,48,7420,0,0,48,4648,21,3000,48,7648,California
Yuba,2021-03-01,161,10822,44,3285,117,7537,0,0,80,4648,80,3080,80,7728,California
Yuba,2021-03-02,163,10985,37,3322,126,7663,0,0,82,4649,81,3161,82,7810,California
Yuba,2021-03-03,631,11616,159,3481,472,8135,0,0,203,4425,427,3588,203,8013,California
Yuba,2021-03-04,471,12087,272,3753,199,8334,0,0,326,4607,144,3732,326,8339,California
Yuba,2021-03-05,317,12404,57,3810,259,8593,1,1,251,4793,66,3798,252,8591,California
Yuba,2021-03-06,474,12878,33,3843,437,9030,4,5,368,5060,105,3903,372,8963,California
Yuba,2021-03-07,52,12930,28,3871,23,9053,1,6,38,5085,14,3917,39,9002,California
Yuba,2021-03-08,161,13091,50,3921,95,9148,16,22,100,5140,61,3978,116,9118,California
Yuba,2021-03-09,176,13267,45,3966,111,9259,20,42,83,5150,93,4071,103,9221,California
Yuba,2021-03-10,741,14008,235,4201,476,9735,30,72,232,4904,508,4579,262,9483,California
Yuba,2021-03-11,440,14448,196,4397,231,9966,13,85,294,5065,146,4725,307,9790,California
Yuba,2021-03-12,462,14910,84,4481,324,10290,54,139,152,4961,310,5035,206,9996,California
Yuba,2021-03-13,459,15369,342,4823,102,10392,15,154,362,5242,96,5131,377,10373,California
Yuba,2021-03-14,107,15476,20,4843,77,10469,10,164,48,5242,58,5189,58,10431,California
Yuba,2021-03-15,193,15669,51,4894,126,10595,16,180,100,5265,93,5282,116,10547,California
Yuba,2021-03-16,299,15968,73,4967,202,10797,24,204,184,5359,114,5396,208,10755,California
Yuba,2021-03-17,748,16716,166,5133,552,11349,30,234,198,5039,548,5944,228,10983,California
Yuba,2021-03-18,583,17299,158,5291,310,11659,115,349,354,5278,229,6173,468,11451,California
Yuba,2021-03-19,330,17629,119,5410,161,11820,50,399,187,5373,142,6315,237,11688,California
Yuba,2021-03-20,559,18188,82,5492,460,12280,17,416,479,5790,79,6394,496,12184,California
Yuba,2021-03-21,62,18250,36,5528,26,12306,0,416,49,5826,13,6407,49,12233,California
Yuba,2021-03-22,194,18444,72,5600,115,12421,7,423,152,5943,42,6449,159,12392,California
Yuba,2021-03-23,266,18710,79,5679,159,12580,28,451,178,6063,86,6535,206,12598,California
Yuba,2021-03-24,768,19478,257,5936,432,13012,79,530,188,5752,578,7113,267,12865,California
Yuba,2021-03-25,511,19989,271,6207,218,13230,22,552,255,5773,256,7369,277,13142,California
Yuba,2021-03-26,397,20386,141,6348,227,13457,29,581,225,5856,171,7540,254,13396,California
Yuba,2021-03-27,460,20846,29,6377,428,13885,3,584,406,6211,53,7593,408,13804,California
Yuba,2021-03-28,101,20947,42,6419,55,13940,4,588,34,6182,67,7660,38,13842,California
Yuba,2021-03-29,298,21245,88,6507,178,14118,32,620,182,6280,116,7776,214,14056,California
Yuba,2021-03-30,276,21521,67,6574,201,14319,8,628,190,6392,86,7862,198,14254,California
Yuba,2021-03-31,678,22199,113,6687,553,14872,12,640,242,6212,434,8296,254,14508,California
Yuba,2021-04-01,623,22822,288,6975,307,15179,28,668,291,6199,332,8628,319,14827,California
Yuba,2021-04-02,500,23322,96,7071,320,15499,84,752,187,6157,312,8940,270,15097,California
Yuba,2021-04-03,657,23979,56,7127,117,15616,484,1236,88,6161,568,9508,572,15669,California
Yuba,2021-04-04,61,24040,11,7138,44,15660,6,1242,33,6172,28,9536,39,15708,California
Yuba,2021-04-05,249,24289,83,7221,145,15805,21,1263,125,6195,122,9658,145,15853,California
Yuba,2021-04-06,353,24642,113,7334,179,15984,61,1324,170,6243,182,9840,230,16083,California
Yuba,2021-04-07,789,25431,409,7743,326,16310,54,1378,357,6224,429,10269,410,16493,California
Yuba,2021-04-08,752,26183,293,8036,194,16504,265,1643,280,6298,471,10740,545,17038,California
Yuba,2021-04-09,407,26590,171,8207,168,16672,68,1711,171,6302,235,10975,239,17277,California
Yuba,2021-04-10,599,27189,72,8279,78,16750,449,2160,71,6295,526,11501,519,17796,California
Yuba,2021-04-11,108,27297,28,8307,68,16818,12,2172,46,6292,61,11562,58,17854,California
Yuba,2021-04-12,213,27510,46,8353,137,16955,30,2202,79,6268,133,11695,109,17963,California
Yuba,2021-04-13,400,27910,103,8456,297,17252,0,2202,203,6275,196,11891,203,18166,California
Yuba,2021-04-14,704,28614,110,8566,594,17846,0,2202,123,5820,579,12470,124,18290,California
Yuba,2021-04-15,342,28956,133,8699,209,18055,0,2202,150,5778,192,12662,150,18440,California
Yuba,2021-04-16,335,29291,96,8795,239,18294,0,2202,178,5800,156,12818,178,18618,California
Yuba,2021-04-17,407,29698,60,8855,347,18641,0,2202,333,6060,73,12891,333,18951,California
Yuba,2021-04-18,55,29753,10,8865,45,18686,0,2202,25,6055,30,12921,25,18976,California
Yuba,2021-04-19,249,30002,105,8970,144,18830,0,2202,104,6014,145,13066,104,19080,California
Yuba,2021-04-20,321,30323,81,9051,240,19070,0,2202,180,6055,140,13206,181,19261,California
Yuba,2021-04-21,698,31021,279,9330,419,19489,0,2202,295,5947,403,13609,295,19556,California
Yuba,2021-04-22,359,31380,138,9468,221,19710,0,2202,203,5994,156,13765,203,19759,California
Yuba,2021-04-23,352,31732,115,9583,237,19947,0,2202,167,5978,183,13948,167,19926,California
Yuba,2021-04-24,214,31946,67,9650,147,20094,0,2202,120,6004,94,14042,120,20046,California
Yuba,2021-04-25,73,32019,30,9680,43,20137,0,2202,36,6003,37,14079,36,20082,California
Yuba,2021-04-26,230,32249,56,9736,170,20307,4,2206,104,5985,126,14205,108,20190,California
Yuba,2021-04-27,480,32729,163,9899,307,20614,10,2216,239,5995,239,14444,249,20439,California
Yuba,2021-04-28,434,33163,175,10074,254,20868,5,2221,149,5870,279,14723,154,20593,California
Yuba,2021-04-29,438,33601,71,10145,366,21234,1,2222,152,5738,285,15008,153,20746,California
Yuba,2021-04-30,324,33925,90,10235,204,21438,30,2252,137,5720,185,15193,167,20913,California
Yuba,2021-05-01,206,34131,91,10326,96,21534,19,2271,92,5718,113,15306,111,21024,California
Yuba,2021-05-02,73,34204,43,10369,26,21560,4,2275,38,5725,35,15341,42,21066,California
Yuba,2021-05-03,163,34367,65,10434,90,21650,8,2283,52,5676,109,15450,60,21126,California
Yuba,2021-05-04,323,34690,94,10528,208,21858,21,2304,145,5664,178,15628,166,21292,California
Yuba,2021-05-05,315,35005,77,10605,231,22089,7,2311,112,5580,203,15831,119,21411,California
Yuba,2021-05-06,275,35280,102,10707,134,22223,39,2350,89,5525,183,16014,128,21539,California
Yuba,2021-05-07,357,35637,91,10798,238,22461,28,2378,120,5435,237,16251,147,21686,California
Yuba,2021-05-08,107,35744,32,10830,70,22531,5,2383,46,5425,61,16312,51,21737,California
Yuba,2021-05-09,52,35796,23,10853,26,22557,3,2386,37,5450,15,16327,40,21777,California
Yuba,2021-05-10,172,35968,56,10909,98,22655,18,2404,54,5405,117,16444,72,21849,California
Yuba,2021-05-11,371,36339,166,11075,192,22847,13,2417,137,5322,232,16676,149,21998,California
Yuba,2021-05-12,251,36590,126,11201,118,22965,7,2424,99,5276,152,16828,106,22104,California
Yuba,2021-05-13,347,36937,190,11391,114,23079,43,2467,110,5194,235,17063,153,22257,California
Yuba,2021-05-14,369,37306,140,11531,208,23287,21,2488,160,5165,209,17272,180,22437,California
Yuba,2021-05-15,435,37741,110,11641,304,23591,21,2509,111,4974,322,17594,131,22568,California
Yuba,2021-05-16,140,37881,44,11685,87,23678,9,2518,85,5014,54,17648,94,22662,California
Yuba,2021-05-17,215,38096,90,11775,105,23783,20,2538,93,5007,120,17768,113,22775,California
Yuba,2021-05-18,388,38484,159,11934,220,24003,9,2547,165,4958,223,17991,174,22949,California
Yuba,2021-05-19,261,38745,144,12078,111,24114,6,2553,135,4973,126,18117,141,23090,California
Yuba,2021-05-20,407,39152,290,12368,106,24220,11,2564,255,5088,151,18268,266,23356,California
Yuba,2021-05-21,476,39628,253,12621,216,24436,7,2571,299,5219,175,18443,306,23662,California
Yuba,2021-05-22,202,39830,116,12737,76,24512,10,2581,88,5203,114,18557,98,23760,California
Yuba,2021-05-23,38,39868,24,12761,12,24524,2,2583,28,5223,10,18567,30,23790,California
Yuba,2021-05-24,151,40019,47,12808,90,24614,14,2597,46,5179,104,18671,60,23850,California
Yuba,2021-05-25,314,40333,108,12916,190,24804,16,2613,118,5118,195,18866,134,23984,California
Yuba,2021-05-26,231,40564,100,13016,117,24921,14,2627,91,5084,139,19005,105,24089,California
Yuba,2021-05-27,248,40812,76,13092,160,25081,12,2639,109,5067,138,19143,121,24210,California
Yuba,2021-05-28,245,41057,113,13205,130,25211,2,2641,124,5074,119,19262,126,24336,California
Yuba,2021-05-29,161,41218,65,13270,74,25285,22,2663,92,5120,68,19330,114,24450,California
Yuba,2021-05-30,50,41268,20,13290,25,25310,5,2668,20,5115,30,19360,25,24475,California
Yuba,2021-05-31,31,41299,3,13293,21,25331,7,2675,11,5113,20,19380,18,24493,California
Yuba,2021-06-01,244,41543,106,13399,132,25463,6,2681,90,5058,150,19530,95,24588,California
Yuba,2021-06-02,198,41741,78,13477,113,25576,7,2688,71,5010,126,19656,78,24666,California
Yuba,2021-06-03,174,41915,101,13578,68,25644,5,2693,68,4977,106,19762,73,24739,California
Yuba,2021-06-04,242,42157,118,13696,115,25759,9,2702,81,4906,161,19923,90,24829,California
Yuba,2021-06-05,108,42265,89,13785,17,25776,2,2704,66,4933,41,19964,68,24897,California
