county,administered_date,total_doses,cumulative_total_doses,pfizer_doses,cumulative_pfizer_doses,moderna_doses,cumulative_moderna_doses,jj_doses,cumulative_jj_doses,partially_vaccinated,total_partially_vaccinated,fully_vaccinated,cumulative_fully_vaccinated,at_least_one_dose,cumulative_at_least_one_dose,california_flag
All CA Counties,2020-12-15,1134,1134,1134,1134,0,0,0,0,1134,1134,0,0,1134,1134,
All CA Counties,2020-12-16,8122,9256,8122,9256,0,0,0,0,8122,9256,0,0,8122,9256,
All CA Counties,2020-12-17,25724,34980,25724,34980,0,0,0,0,25726,34982,0,0,25726,34982,
All CA Counties,2020-12-18,43758,78738,43703,78683,55,55,0,0,43759,78741,0,0,43759,78741,
All CA Counties,2020-12-19,25206,103944,25183,103866,23,78,0,0,25205,103945,1,1,25205,103946,
All CA Counties,2020-12-20,18950,122894,18923,122789,27,105,0,0,18949,122893,1,2,18949,122895,
All CA Counties,2020-12-21,49549,172443,49467,172256,82,187,0,0,49552,172444,1,3,49552,172447,
All CA Counties,2020-12-22,49867,222310,47755,220011,2112,2299,0,0,49865,222308,1,4,49865,222312,
All CA Counties,2020-12-23,50270,272580,41557,261568,8713,11012,0,0,50266,272574,0,4,50266,272578,
All CA Counties,2020-12-24,24026,296606,16326,277894,7700,18712,0,0,24023,296596,1,5,24023,296601,
All CA Counties,2020-12-25,2335,298941,2014,279908,321,19033,0,0,2335,298931,0,5,2335,298936,
All CA Counties,2020-12-26,14609,313550,9436,289344,5173,24206,0,0,14608,313538,1,6,14608,313544,
All CA Counties,2020-12-27,9390,322940,5567,294911,3823,28029,0,0,9389,322926,1,7,9389,322933,
All CA Counties,2020-12-28,45670,368610,29283,324194,16387,44416,0,0,45668,368591,3,10,45668,368601,
All CA Counties,2020-12-29,51043,419653,28519,352713,22524,66940,0,0,51039,419627,3,13,51039,419640,
All CA Counties,2020-12-30,62954,482607,35652,388365,27302,94242,0,0,62948,482572,3,16,62948,482588,
All CA Counties,2020-12-31,29304,511911,10848,399213,18456,112698,0,0,29296,511863,5,21,29296,511884,
All CA Counties,2021-01-01,4034,515945,1786,400999,2248,114946,0,0,4030,515890,3,24,4030,515914,
All CA Counties,2021-01-02,18479,534424,10252,411251,8227,123173,0,0,18478,534368,0,24,18478,534392,
All CA Counties,2021-01-03,6154,540578,3483,414734,2671,125844,0,0,6125,540481,12,36,6125,540517,
All CA Counties,2021-01-04,43533,584111,22076,436810,21457,147301,0,0,43454,583892,43,79,43454,583971,
All CA Counties,2021-01-05,56343,640454,29658,466468,26685,173986,0,0,50906,629505,5381,5460,50994,634965,
All CA Counties,2021-01-06,73246,713700,40446,506914,32800,206786,0,0,57950,672364,15119,20579,57978,692943,
All CA Counties,2021-01-07,91796,805496,52188,559102,39608,246394,0,0,61270,703318,30362,50941,61316,754259,
All CA Counties,2021-01-08,106457,911953,63980,623082,42477,288871,0,0,65401,727853,40925,91866,65460,819719,
All CA Counties,2021-01-09,44187,956140,25457,648539,18730,307601,0,0,27702,739117,16463,108329,27727,847446,
All CA Counties,2021-01-10,24277,980417,14833,663372,9444,317045,0,0,13053,740979,11208,119537,13070,860516,
All CA Counties,2021-01-11,104235,1084652,69357,732729,34878,351923,0,0,60511,757971,43685,163222,60677,921193,
All CA Counties,2021-01-12,112579,1197231,66472,799201,46107,398030,0,0,71631,788959,40869,204091,71857,993050,
All CA Counties,2021-01-13,118658,1315889,61445,860646,57213,455243,0,0,85032,840527,33540,237631,85108,1078158,
All CA Counties,2021-01-14,123362,1439251,49521,910167,73841,529084,0,0,103831,925083,19427,257058,103983,1182141,
All CA Counties,2021-01-15,141729,1580980,52082,962249,89647,618731,0,0,126717,1037076,14920,271978,126913,1309054,
All CA Counties,2021-01-16,80361,1661341,27387,989636,52974,671705,0,0,72830,1102449,7505,279483,72878,1381932,
All CA Counties,2021-01-17,48053,1709394,16788,1006424,31265,702970,0,0,44421,1143291,3624,283107,44466,1426398,
All CA Counties,2021-01-18,87676,1797070,45624,1052048,42052,745022,0,0,68527,1192909,19069,302176,68687,1495085,
All CA Counties,2021-01-19,141581,1938651,73419,1125467,68162,813184,0,0,110502,1272737,30986,333162,110814,1605899,
All CA Counties,2021-01-20,159242,2097893,81317,1206784,77925,891109,0,0,125805,1365566,33222,366384,126051,1731950,
All CA Counties,2021-01-21,172829,2270722,76720,1283504,96109,987218,0,0,153820,1500916,18803,385187,154153,1886103,
All CA Counties,2021-01-22,169027,2439749,69052,1352556,99975,1087193,0,0,154782,1641747,14115,399302,154946,2041049,
All CA Counties,2021-01-23,111049,2550798,49444,1402000,61605,1148798,0,0,98495,1727863,12495,411797,98611,2139660,
All CA Counties,2021-01-24,60910,2611708,29493,1431493,31417,1180215,0,0,56274,1779587,4604,416401,56328,2195988,
All CA Counties,2021-01-25,143932,2755640,64932,1496425,79000,1259215,0,0,109226,1854575,34585,450986,109573,2305561,
All CA Counties,2021-01-26,167737,2923377,82426,1578851,85311,1344526,0,0,130591,1948403,37018,488004,130846,2436407,
All CA Counties,2021-01-27,179694,3103071,87989,1666840,91705,1436231,0,0,140492,2050296,38800,526804,140693,2577100,
All CA Counties,2021-01-28,186975,3290046,86083,1752923,100892,1537123,0,0,153127,2170051,33563,560367,153318,2730418,
All CA Counties,2021-01-29,182715,3472761,87990,1840913,94725,1631848,0,0,148311,2284671,33841,594208,148461,2878879,
All CA Counties,2021-01-30,122738,3595499,55155,1896068,67583,1699431,0,0,107739,2377709,14837,609045,107875,2986754,
All CA Counties,2021-01-31,69219,3664718,38924,1934992,30295,1729726,0,0,64140,2436870,5032,614077,64193,3050947,
All CA Counties,2021-02-01,158300,3823018,72956,2007948,85344,1815070,0,0,120136,2519117,38017,652094,120264,3171211,
All CA Counties,2021-02-02,185790,4008808,79492,2087440,106298,1921368,0,0,140012,2613921,45425,697519,140229,3311440,
All CA Counties,2021-02-03,210079,4218887,95029,2182469,115050,2036418,0,0,156088,2716745,53495,751014,156319,3467759,
All CA Counties,2021-02-04,227587,4446474,99898,2282367,127689,2164107,0,0,166987,2824023,60057,811071,167335,3635094,
All CA Counties,2021-02-05,245437,4691911,106314,2388681,139123,2303230,0,0,166855,2913551,77826,888897,167354,3802448,
All CA Counties,2021-02-06,154506,4846417,74717,2463398,79789,2383019,0,0,119831,2999360,34508,923405,120317,3922765,
All CA Counties,2021-02-07,66665,4913082,43099,2506497,23566,2406585,0,0,50245,3033720,16333,939738,50693,3973458,
All CA Counties,2021-02-08,180022,5093104,88380,2594877,91642,2498227,0,0,118878,3092631,60689,1000427,119600,4093058,
All CA Counties,2021-02-09,210460,5303564,101689,2696566,108771,2606998,0,0,126317,3136377,83700,1084127,127446,4220504,
All CA Counties,2021-02-10,247913,5551477,119710,2816276,128203,2735201,0,0,137739,3166227,109346,1193473,139196,4359700,
All CA Counties,2021-02-11,263751,5815228,130693,2946969,133058,2868259,0,0,144779,3194880,117904,1311377,146557,4506257,
All CA Counties,2021-02-12,271355,6086583,118935,3065904,152420,3020679,0,0,146641,3219970,123893,1435270,148983,4655240,
All CA Counties,2021-02-13,166422,6253005,77075,3142979,89347,3110026,0,0,92019,3239942,73984,1509254,93956,4749196,
All CA Counties,2021-02-14,95245,6348250,47469,3190448,47776,3157802,0,0,51592,3249573,43498,1552752,53129,4802325,
All CA Counties,2021-02-15,141660,6489910,62310,3252758,79350,3237152,0,0,78399,3268194,62893,1615645,81514,4883839,
All CA Counties,2021-02-16,247990,6737900,117650,3370408,130340,3367492,0,0,132941,3289512,114687,1730332,136005,5019844,
All CA Counties,2021-02-17,257724,6995624,128218,3498626,129506,3496998,0,0,128485,3292442,128737,1859069,131667,5151511,
All CA Counties,2021-02-18,271663,7267287,141774,3640400,129889,3626887,0,0,131899,3289415,139095,1998164,136068,5287579,
All CA Counties,2021-02-19,251590,7518877,146018,3786418,105572,3732459,0,0,130052,3300459,121063,2119227,132107,5419686,
All CA Counties,2021-02-20,152205,7671082,97575,3883993,54630,3787089,0,0,83866,3318195,68089,2187316,85825,5505511,
All CA Counties,2021-02-21,73316,7744398,59332,3943325,13984,3801073,0,0,35841,3318326,37241,2224557,37372,5542883,
All CA Counties,2021-02-22,162855,7907253,109229,4052554,53626,3854699,0,0,81666,3320819,80868,2305425,83361,5626244,
All CA Counties,2021-02-23,221964,8129217,116666,4169220,105298,3959997,0,0,103065,3311502,118341,2423766,109024,5735268,
All CA Counties,2021-02-24,281058,8410275,141844,4311064,139214,4099211,0,0,134044,3306654,146411,2570177,141563,5876831,
All CA Counties,2021-02-25,316900,8727175,155408,4466472,161492,4260703,0,0,166060,3331015,150187,2720364,174548,6051379,
All CA Counties,2021-02-26,350151,9077326,163227,4629699,186924,4447627,0,0,196018,3380995,153256,2873620,203236,6254615,
All CA Counties,2021-02-27,246619,9323945,118287,4747986,128314,4575941,18,18,139347,3418043,106697,2980317,143745,6398360,
All CA Counties,2021-02-28,130005,9453950,77708,4825694,52294,4628235,3,21,76012,3443304,53586,3033903,78847,6477207,
All CA Counties,2021-03-01,236698,9690648,125513,4951207,111121,4739356,64,85,136948,3485192,99090,3132993,140978,6618185,
All CA Counties,2021-03-02,275613,9966261,134131,5085338,141465,4880821,17,102,164069,3545057,111073,3244066,170938,6789123,
All CA Counties,2021-03-03,327409,10293670,161718,5247056,165649,5046470,42,144,188024,3601636,138743,3382809,195322,6984445,
All CA Counties,2021-03-04,346613,10640283,174475,5421531,172052,5218522,86,230,203101,3669004,142800,3525609,210168,7194613,
All CA Counties,2021-03-05,331722,10972005,161214,5582745,169395,5387917,1113,1343,205429,3757221,125526,3651135,213743,7408356,
All CA Counties,2021-03-06,255502,11227507,130302,5713047,117407,5505324,7793,9136,158334,3831244,96776,3747911,170799,7579155,
All CA Counties,2021-03-07,124244,11351751,75535,5788582,44649,5549973,4060,13196,77229,3869350,46841,3794752,84947,7664102,
All CA Counties,2021-03-08,215275,11567026,103574,5892156,101333,5651306,10368,23564,140336,3950424,74579,3869331,155653,7819755,
All CA Counties,2021-03-09,266784,11833810,115839,6007995,135134,5786440,15811,39375,144048,3992046,122291,3991622,163913,7983668,
All CA Counties,2021-03-10,313667,12147477,153884,6161879,135478,5921918,24305,63680,168446,4044344,144610,4136232,196908,8180576,
All CA Counties,2021-03-11,374023,12521500,181025,6342904,159781,6081699,33217,96897,192395,4093441,180737,4316969,229834,8410410,
All CA Counties,2021-03-12,389247,12910747,172961,6515865,170287,6251986,45999,142896,190480,4135919,198030,4514999,240508,8650918,
All CA Counties,2021-03-13,278712,13189459,122060,6637925,125692,6377678,30960,173856,150072,4192994,128217,4643216,185292,8836210,
All CA Counties,2021-03-14,152600,13342059,81447,6719372,56286,6433964,14867,188723,82275,4222339,70064,4713280,99409,8935619,
All CA Counties,2021-03-15,287660,13629719,136962,6856334,130337,6564301,20361,209084,157242,4273589,129724,4843004,180974,9116593,
All CA Counties,2021-03-16,367021,13996740,171851,7028185,178058,6742359,17112,226196,214845,4357260,151479,4994483,235150,9351743,
All CA Counties,2021-03-17,379120,14375860,187219,7215404,173564,6915923,18337,244533,235417,4470603,142943,5137426,256286,9608029,
All CA Counties,2021-03-18,396594,14772454,202519,7417923,176329,7092252,17746,262279,237886,4570625,157683,5295109,257705,9865734,
All CA Counties,2021-03-19,404274,15176728,211589,7629512,171339,7263591,21346,283625,237192,4664964,166166,5461275,260505,10126239,
All CA Counties,2021-03-20,290039,15466767,151991,7781503,122369,7385960,15679,299304,186316,4765283,103111,5564386,203430,10329669,
All CA Counties,2021-03-21,141307,15608074,97217,7878720,36705,7422665,7385,306689,89212,4811446,51781,5616167,97944,10427613,
All CA Counties,2021-03-22,270391,15878465,157185,8035905,102251,7524916,10955,317644,178575,4912841,91129,5707296,192524,10620137,
All CA Counties,2021-03-23,354064,16232529,194266,8230171,148977,7673893,10821,328465,227618,5028244,125598,5832894,241001,10861138,
All CA Counties,2021-03-24,383277,16615806,219330,8449501,151796,7825689,12151,340616,225976,5112304,156156,5989050,240216,11101354,
All CA Counties,2021-03-25,412637,17028443,227315,8676816,170934,7996623,14388,355004,238308,5194029,173124,6162174,254849,11356203,
All CA Counties,2021-03-26,428007,17456450,228685,8905501,183541,8180164,15781,370785,237126,5259996,189770,6351944,255737,11611940,
All CA Counties,2021-03-27,307519,17763969,163116,9068617,133005,8313169,11398,382183,158384,5283620,148383,6500327,172007,11783947,
All CA Counties,2021-03-28,166193,17930162,106078,9174695,56545,8369714,3570,385753,90930,5305148,74872,6575199,96400,11880347,
All CA Counties,2021-03-29,306530,18236692,165225,9339920,132752,8502466,8553,394306,174666,5359661,131178,6706377,185691,12066038,
All CA Counties,2021-03-30,393894,18630586,199048,9538968,177184,8679650,17662,411968,239724,5465361,153463,6859840,259163,12325201,
All CA Counties,2021-03-31,420025,19050611,228280,9767248,170536,8850186,21209,433177,241441,5551364,177704,7037544,263707,12588908,
All CA Counties,2021-04-01,483843,19534454,248066,10015314,196747,9046933,39030,472207,268772,5646369,213998,7251542,309003,12897911,
All CA Counties,2021-04-02,464765,19999219,226852,10242166,196092,9243025,41821,514028,254052,5734325,209605,7461147,297561,13195472,
All CA Counties,2021-04-03,324026,20323245,164509,10406675,119153,9362178,40364,554392,162882,5778185,160569,7621716,204429,13399901,
All CA Counties,2021-04-04,131527,20454772,68599,10475274,44032,9406210,18896,573288,58711,5783381,72560,7694276,77756,13477657,
All CA Counties,2021-04-05,349079,20803851,179889,10655163,130096,9536306,39094,612382,173791,5824011,174688,7868964,215318,13692975,
All CA Counties,2021-04-06,453855,21257706,230377,10885540,158537,9694843,64941,677323,221909,5881669,231113,8100077,288771,13981746,
All CA Counties,2021-04-07,466661,21724367,242762,11128302,154756,9849599,69143,746466,229290,5944608,236525,8336602,299464,14281210,
All CA Counties,2021-04-08,492935,22217302,249199,11377501,160416,10010015,83320,829786,233554,6005390,258353,8594955,319135,14600345,
All CA Counties,2021-04-09,486231,22703533,242220,11619721,165154,10175169,78857,908643,225646,6053299,259637,8854592,307546,14907891,
All CA Counties,2021-04-10,362259,23065792,166244,11785965,122928,10298097,73087,981730,153577,6074616,208023,9062615,229340,15137231,
All CA Counties,2021-04-11,185929,23251721,104358,11890323,47711,10345808,33860,1015590,77829,6081337,107788,9170403,114509,15251740,
All CA Counties,2021-04-12,336294,23588015,172891,12063214,125783,10471591,37620,1053210,156893,6100810,178538,9348941,198011,15449751,
All CA Counties,2021-04-13,429043,24017058,240289,12303503,187836,10659427,918,1054128,240670,6157899,187478,9536419,244567,15694318,
All CA Counties,2021-04-14,444340,24461398,249764,12553267,194307,10853734,269,1054397,233704,6186725,209585,9746004,238411,15932729,
All CA Counties,2021-04-15,484787,24946185,282901,12836168,201653,11055387,233,1054630,272592,6251428,210889,9956893,275592,16208321,
All CA Counties,2021-04-16,468740,25414925,264741,13100909,203695,11259082,304,1054934,251337,6289140,216301,10173194,254013,16462334,
All CA Counties,2021-04-17,336642,25751567,188961,13289870,147641,11406723,40,1054974,192007,6340339,143947,10317141,195146,16657480,
All CA Counties,2021-04-18,152957,25904524,97310,13387180,55633,11462356,14,1054988,79343,6349405,73264,10390405,82330,16739810,
All CA Counties,2021-04-19,314514,26219038,181747,13568927,132683,11595039,84,1055072,149256,6336136,164456,10554861,151187,16890997,
All CA Counties,2021-04-20,402344,26621382,214254,13783181,188039,11783078,51,1055123,200969,6339739,200441,10755302,204044,17095041,
All CA Counties,2021-04-21,415715,27037097,235988,14019169,179474,11962552,253,1055376,200768,6330114,213690,10968992,204065,17299106,
All CA Counties,2021-04-22,441419,27478516,252238,14271407,189108,12151660,73,1055449,197289,6287728,242884,11211876,200498,17499604,
All CA Counties,2021-04-23,432562,27911078,247538,14518945,184943,12336603,81,1055530,196788,6253316,234532,11446408,200120,17699724,
All CA Counties,2021-04-24,319140,28230218,202258,14721203,116725,12453328,157,1055687,162734,6263865,155537,11601945,166086,17865810,
All CA Counties,2021-04-25,148119,28378337,97775,14818978,50282,12503610,62,1055749,79591,6276782,68134,11670079,81051,17946861,
All CA Counties,2021-04-26,268741,28647078,157108,14976086,110219,12613829,1414,1057163,116388,6247353,151528,11821607,122099,18068960,
All CA Counties,2021-04-27,336633,28983711,186036,15162122,145265,12759094,5332,1062495,135121,6190259,200516,12022123,143422,18212382,
All CA Counties,2021-04-28,344325,29328036,197689,15359811,138922,12898016,7714,1070209,140095,6137049,203291,12225414,150081,18362463,
All CA Counties,2021-04-29,352999,29681035,204138,15563949,141133,13039149,7728,1077937,127430,6049479,224546,12449960,136976,18499439,
All CA Counties,2021-04-30,366429,30047464,210930,15774879,146834,13185983,8665,1086602,138930,5972562,226398,12676358,149481,18648920,
All CA Counties,2021-05-01,244567,30292031,156581,15931460,81999,13267982,5987,1092589,89021,5914900,154877,12831235,97215,18746135,
All CA Counties,2021-05-02,115085,30407116,80173,16011633,31099,13299081,3813,1096402,40624,5885605,74098,12905333,44803,18790938,
All CA Counties,2021-05-03,248837,30655953,153783,16165416,86483,13385564,8571,1104973,75141,5797255,172935,13078268,84585,18875523,
All CA Counties,2021-05-04,321737,30977690,196370,16361786,115825,13501389,9542,1114515,94719,5676617,226047,13304315,105409,18980932,
All CA Counties,2021-05-05,304989,31282679,194927,16556713,100319,13601708,9743,1124258,85892,5555187,218034,13522349,96604,19077536,
All CA Counties,2021-05-06,321598,31604277,215323,16772036,96182,13697890,10093,1134351,81805,5411199,238375,13760724,94387,19171923,
All CA Counties,2021-05-07,316084,31920361,203567,16975603,102995,13800885,9522,1143873,85903,5278852,229005,13989729,96658,19268581,
All CA Counties,2021-05-08,209591,32129952,134324,17109927,68741,13869626,6526,1150399,57057,5192247,151594,14141323,64989,19333570,
All CA Counties,2021-05-09,90111,32220063,68067,17177994,19082,13888708,2962,1153361,24888,5155723,64808,14206131,28284,19361854,
All CA Counties,2021-05-10,175269,32395332,103000,17280994,64908,13953616,7361,1160722,44181,5078201,130338,14336469,52816,19414670,
All CA Counties,2021-05-11,194809,32590141,109932,17390926,80020,14033636,4857,1165579,50822,4991570,143353,14479822,56722,19471392,
All CA Counties,2021-05-12,143546,32733687,86796,17477722,52644,14086280,4106,1169685,30217,4913454,112786,14592608,34670,19506062,
All CA and Non-CA Counties,2020-12-15,1141,1141,1141,1141,0,0,0,0,1141,1141,0,0,1141,1141,
All CA and Non-CA Counties,2020-12-16,8388,9529,8388,9529,0,0,0,0,8388,9529,0,0,8388,9529,
All CA and Non-CA Counties,2020-12-17,27326,36855,27326,36855,0,0,0,0,27326,36855,0,0,27326,36855,
All CA and Non-CA Counties,2020-12-18,46324,83179,46262,83117,62,62,0,0,46324,83179,0,0,46324,83179,
All CA and Non-CA Counties,2020-12-19,26326,109505,26302,109419,24,86,0,0,26325,109503,1,1,26325,109504,
All CA and Non-CA Counties,2020-12-20,19649,129154,19619,129038,30,116,0,0,19648,129150,1,2,19648,129152,
All CA and Non-CA Counties,2020-12-21,51739,180893,51654,180692,85,201,0,0,51737,180886,1,3,51737,180889,
All CA and Non-CA Counties,2020-12-22,51933,232826,49747,230439,2186,2387,0,0,51931,232816,1,4,51931,232820,
All CA and Non-CA Counties,2020-12-23,51787,284613,42940,273379,8847,11234,0,0,51783,284599,0,4,51783,284603,
All CA and Non-CA Counties,2020-12-24,24829,309442,16937,290316,7892,19126,0,0,24826,309424,1,5,24826,309429,
All CA and Non-CA Counties,2020-12-25,2368,311810,2043,292359,325,19451,0,0,2368,311792,0,5,2368,311797,
All CA and Non-CA Counties,2020-12-26,14916,326726,9640,301999,5276,24727,0,0,14915,326706,1,6,14915,326712,
All CA and Non-CA Counties,2020-12-27,9579,336305,5640,307639,3939,28666,0,0,9578,336283,1,7,9578,336290,
All CA and Non-CA Counties,2020-12-28,47086,383391,30180,337819,16906,45572,0,0,47083,383363,3,10,47083,383373,
All CA and Non-CA Counties,2020-12-29,52594,435985,29538,367357,23056,68628,0,0,52590,435950,3,13,52590,435963,
All CA and Non-CA Counties,2020-12-30,64934,500919,36938,404295,27996,96624,0,0,64926,500873,3,16,64926,500889,
All CA and Non-CA Counties,2020-12-31,30425,531344,11448,415743,18977,115601,0,0,30415,531282,6,22,30415,531304,
All CA and Non-CA Counties,2021-01-01,4145,535489,1809,417552,2336,117937,0,0,4141,535420,3,25,4141,535445,
All CA and Non-CA Counties,2021-01-02,18718,554207,10384,427936,8334,126271,0,0,18716,554135,1,26,18716,554161,
All CA and Non-CA Counties,2021-01-03,6324,560531,3573,431509,2751,129022,0,0,6295,560418,12,38,6295,560456,
All CA and Non-CA Counties,2021-01-04,44684,605215,22592,454101,22092,151114,0,0,44600,604975,43,81,44600,605056,
All CA and Non-CA Counties,2021-01-05,57885,663100,30471,484572,27414,178528,0,0,52257,651750,5571,5652,52346,657402,
All CA and Non-CA Counties,2021-01-06,75985,739085,42072,526644,33913,212441,0,0,59930,695834,15874,21526,59958,717360,
All CA and Non-CA Counties,2021-01-07,96050,835135,54831,581475,41219,253660,0,0,63832,727662,32052,53578,63880,781240,
All CA and Non-CA Counties,2021-01-08,111001,946136,66925,648400,44076,297736,0,0,68045,752954,42815,96393,68107,849347,
All CA and Non-CA Counties,2021-01-09,45506,991642,25985,674385,19521,317257,0,0,28697,764891,16787,113180,28724,878071,
All CA and Non-CA Counties,2021-01-10,24579,1016221,15013,689398,9566,326823,0,0,13236,766817,11327,124507,13253,891324,
All CA and Non-CA Counties,2021-01-11,107562,1123783,71390,760788,36172,362995,0,0,62502,784465,45020,169527,62668,953992,
All CA and Non-CA Counties,2021-01-12,116467,1240250,68792,829580,47675,410670,0,0,73976,816262,42407,211934,74204,1028196,
All CA and Non-CA Counties,2021-01-13,122360,1362610,63261,892841,59099,469769,0,0,87560,869185,34716,246650,87639,1115835,
All CA and Non-CA Counties,2021-01-14,127105,1489715,50798,943639,76307,546076,0,0,106935,956221,20053,266703,107089,1222924,
All CA and Non-CA Counties,2021-01-15,145997,1635712,53080,996719,92917,638993,0,0,130518,1071561,15374,282077,130714,1353638,
All CA and Non-CA Counties,2021-01-16,83062,1718774,27774,1024493,55288,694281,0,0,75362,1139299,7672,289749,75410,1429048,
All CA and Non-CA Counties,2021-01-17,48551,1767325,16940,1041433,31611,725892,0,0,44870,1180541,3673,293422,44915,1473963,
All CA and Non-CA Counties,2021-01-18,88926,1856251,46446,1087879,42480,768372,0,0,69318,1230493,19527,312949,69479,1543442,
All CA and Non-CA Counties,2021-01-19,145637,2001888,74760,1162639,70877,839249,0,0,113664,1312593,31879,344828,113979,1657421,
All CA and Non-CA Counties,2021-01-20,163710,2165598,82805,1245444,80905,920154,0,0,129289,1407925,34204,379032,129536,1786957,
All CA and Non-CA Counties,2021-01-21,177011,2342609,77895,1323339,99116,1019270,0,0,157440,1546346,19352,398384,157773,1944730,
All CA and Non-CA Counties,2021-01-22,173684,2516293,70162,1393501,103522,1122792,0,0,159044,1691049,14506,412890,159209,2103939,
All CA and Non-CA Counties,2021-01-23,113311,2629604,49782,1443283,63529,1186321,0,0,100594,1779101,12658,425548,100710,2204649,
All CA and Non-CA Counties,2021-01-24,61516,2691120,29740,1473023,31776,1218097,0,0,56803,1831276,4682,430230,56857,2261506,
All CA and Non-CA Counties,2021-01-25,148413,2839533,66907,1539930,81506,1299603,0,0,112840,1909016,35448,465678,113188,2374694,
All CA and Non-CA Counties,2021-01-26,173781,3013314,85414,1625344,88367,1387970,0,0,135791,2007205,37864,503542,136053,2510747,
All CA and Non-CA Counties,2021-01-27,184532,3197846,90681,1716025,93851,1481821,0,0,144713,2112707,39413,542955,144915,2655662,
All CA and Non-CA Counties,2021-01-28,192423,3390269,89119,1805144,103304,1585125,0,0,157990,2236748,34140,577095,158181,2813843,
All CA and Non-CA Counties,2021-01-29,187808,3578077,91236,1896380,96572,1681697,0,0,152622,2354899,34623,611718,152774,2966617,
All CA and Non-CA Counties,2021-01-30,127257,3705334,57628,1954008,69629,1751326,0,0,112033,2452006,15063,626781,112170,3078787,
All CA and Non-CA Counties,2021-01-31,72405,3777739,41690,1995698,30715,1782041,0,0,67268,2514238,5090,631871,67322,3146109,
All CA and Non-CA Counties,2021-02-01,163809,3941548,75550,2071248,88259,1870300,0,0,124938,2600586,38718,670589,125066,3271175,
All CA and Non-CA Counties,2021-02-02,192619,4134167,81725,2152973,110894,1981194,0,0,146114,2700773,46144,716733,146331,3417506,
All CA and Non-CA Counties,2021-02-03,217450,4351617,97158,2250131,120292,2101486,0,0,162579,2809218,54366,771099,162811,3580317,
All CA and Non-CA Counties,2021-02-04,234442,4586059,102126,2352257,132316,2233802,0,0,172846,2921369,61044,832143,173195,3753512,
All CA and Non-CA Counties,2021-02-05,252260,4838319,108545,2460802,143715,2377517,0,0,172610,3015585,78893,911036,173109,3926621,
All CA and Non-CA Counties,2021-02-06,158972,4997291,76897,2537699,82075,2459592,0,0,123830,3104935,34969,946005,124319,4050940,
All CA and Non-CA Counties,2021-02-07,68922,5066213,44970,2582669,23952,2483544,0,0,52423,3141396,16412,962417,52873,4103813,
All CA and Non-CA Counties,2021-02-08,185472,5251685,91864,2674533,93608,2577152,0,0,123232,3203575,61775,1024192,123954,4227767,
All CA and Non-CA Counties,2021-02-09,214821,5466506,103675,2778208,111146,2688298,0,0,129354,3249059,85013,1109205,130497,4358264,
All CA and Non-CA Counties,2021-02-10,253551,5720057,121675,2899883,131876,2820174,0,0,140911,3279665,111804,1221009,142410,4500674,
All CA and Non-CA Counties,2021-02-11,268623,5988680,132990,3032873,135633,2955807,0,0,148300,3310515,119247,1340256,150097,4650771,
All CA and Non-CA Counties,2021-02-12,276615,6265295,120903,3153776,155712,3111519,0,0,150065,3337200,125726,1465982,152411,4803182,
All CA and Non-CA Counties,2021-02-13,168836,6434131,77773,3231549,91063,3202582,0,0,93890,3358509,74530,1540512,95839,4899021,
All CA and Non-CA Counties,2021-02-14,96578,6530709,47870,3279419,48708,3251290,0,0,52682,3368993,43737,1584249,54221,4953242,
All CA and Non-CA Counties,2021-02-15,144209,6674918,63857,3343276,80352,3331642,0,0,79623,3387532,64203,1648452,82742,5035984,
All CA and Non-CA Counties,2021-02-16,254521,6929439,120630,3463906,133891,3465533,0,0,135583,3407619,118565,1767017,138652,5174636,
All CA and Non-CA Counties,2021-02-17,263623,7193062,131159,3595065,132464,3597997,0,0,130317,3408324,132798,1899815,133503,5308139,
All CA and Non-CA Counties,2021-02-18,278151,7471213,145564,3740629,132587,3730584,0,0,133955,3402939,143510,2043325,138125,5446264,
All CA and Non-CA Counties,2021-02-19,257500,7728713,150171,3890800,107329,3837913,0,0,132514,3413003,124506,2167831,134570,5580834,
All CA and Non-CA Counties,2021-02-20,155529,7884242,100238,3991038,55291,3893204,0,0,85073,3429836,70200,2238031,87033,5667867,
All CA and Non-CA Counties,2021-02-21,75146,7959388,60946,4051984,14200,3907404,0,0,36474,3429407,38434,2276465,38005,5705872,
All CA and Non-CA Counties,2021-02-22,166320,8125708,111765,4163749,54555,3961959,0,0,83289,3431688,82708,2359173,84989,5790861,
All CA and Non-CA Counties,2021-02-23,227861,8353569,119945,4283694,107916,4069875,0,0,105382,3421129,121914,2481087,111355,5902216,
All CA and Non-CA Counties,2021-02-24,287420,8640989,145351,4429045,142069,4211944,0,0,136537,3414915,150275,2631362,144061,6046277,
All CA and Non-CA Counties,2021-02-25,323871,8964860,158956,4588001,164915,4376859,0,0,169210,3438640,153977,2785339,177702,6223979,
All CA and Non-CA Counties,2021-02-26,356991,9321851,166856,4754857,190135,4566994,0,0,199211,3488246,156824,2942163,206430,6430409,
All CA and Non-CA Counties,2021-02-27,251959,9573810,120878,4875735,131062,4698056,19,19,141224,3523723,110149,3052312,145626,6576035,
All CA and Non-CA Counties,2021-02-28,132449,9706259,79490,4955225,52955,4751011,4,23,76818,3548158,55220,3107532,79655,6655690,
All CA and Non-CA Counties,2021-03-01,241462,9947721,128466,5083691,112931,4863942,65,88,138278,3587956,102516,3210048,142314,6798004,
All CA and Non-CA Counties,2021-03-02,281819,10229540,136146,5219837,145656,5009598,17,105,165959,3645409,115377,3325425,172830,6970834,
All CA and Non-CA Counties,2021-03-03,335173,10564713,164686,5384523,170443,5180041,44,149,190624,3699443,143894,3469319,197928,7168762,
All CA and Non-CA Counties,2021-03-04,353395,10918108,177364,5561887,175941,5355982,90,239,205465,3764778,147203,3616522,212538,7381300,
All CA and Non-CA Counties,2021-03-05,336782,11254890,163666,5725553,171989,5527971,1127,1366,208039,3853176,127976,3744498,216374,7597674,
All CA and Non-CA Counties,2021-03-06,260109,11514999,132424,5857977,119735,5647706,7950,9316,160673,3927437,99042,3843540,173303,7770977,
All CA and Non-CA Counties,2021-03-07,125795,11640794,76514,5934491,45168,5692874,4113,13429,78158,3965906,47461,3891001,85930,7856907,
All CA and Non-CA Counties,2021-03-08,218295,11859089,105330,6039821,102351,5795225,10614,24043,142450,4048468,75458,3966459,158020,8014927,
All CA and Non-CA Counties,2021-03-09,271094,12130183,117883,6157704,137074,5932299,16137,40180,146486,4090985,124160,4090619,166677,8181604,
All CA and Non-CA Counties,2021-03-10,317874,12448057,155816,6313520,137242,6069541,24816,64996,170989,4144687,146267,4236886,199969,8381573,
All CA and Non-CA Counties,2021-03-11,380195,12828252,184164,6497684,162122,6231663,33909,98905,195722,4194968,183573,4420459,233854,8615427,
All CA and Non-CA Counties,2021-03-12,395662,13223914,176797,6674481,172135,6403798,46730,145635,193988,4238789,200927,4621386,244748,8860175,
All CA and Non-CA Counties,2021-03-13,282456,13506370,124210,6798691,126820,6530618,31426,177061,152668,4297787,129359,4750745,188357,9048532,
All CA and Non-CA Counties,2021-03-14,154368,13660738,82348,6881039,56826,6587444,15194,192255,83322,4327785,70786,4821531,100784,9149316,
All CA and Non-CA Counties,2021-03-15,291608,13952346,138993,7020032,131810,6719254,20805,213060,159334,4379724,131576,4953107,183515,9332831,
All CA and Non-CA Counties,2021-03-16,374525,14326871,176208,7196240,180833,6900087,17484,230544,219055,4464683,154770,5107877,239729,9572560,
All CA and Non-CA Counties,2021-03-17,387503,14714374,192608,7388848,176191,7076278,18704,249248,240475,4580132,146263,5254140,261712,9834272,
All CA and Non-CA Counties,2021-03-18,404777,15119151,207536,7596384,178970,7255248,18271,267519,242642,4682016,161101,5415241,262985,10097257,
All CA and Non-CA Counties,2021-03-19,411557,15530708,215901,7812285,173771,7429019,21885,289404,241594,4778418,169047,5584288,265449,10362706,
All CA and Non-CA Counties,2021-03-20,294751,15825459,155068,7967353,123918,7552937,15765,305169,189938,4881363,104193,5688481,207138,10569844,
All CA and Non-CA Counties,2021-03-21,143327,15968786,98581,8065934,37274,7590211,7472,312641,90832,4928837,52178,5740659,99652,10669496,
All CA and Non-CA Counties,2021-03-22,273645,16242431,159140,8225074,103462,7693673,11043,323684,180823,5031573,92124,5832783,194860,10864356,
All CA and Non-CA Counties,2021-03-23,360074,16602505,197326,8422400,151648,7845321,11100,334784,231833,5149690,127379,5960162,245496,11109852,
All CA and Non-CA Counties,2021-03-24,390540,16993045,223058,8645458,154908,8000229,12574,347358,231073,5237109,158315,6118477,245734,11355586,
All CA and Non-CA Counties,2021-03-25,420882,17413927,231178,8876636,174829,8175058,14875,362233,244377,5323226,175288,6293765,261405,11616991,
All CA and Non-CA Counties,2021-03-26,434619,17848546,232161,9108797,186500,8361558,15958,378191,241628,5391787,191854,6485619,260415,11877406,
All CA and Non-CA Counties,2021-03-27,312835,18161381,166154,9274951,135180,8496738,11501,389692,161814,5417059,150266,6635885,175538,12052944,
All CA and Non-CA Counties,2021-03-28,169223,18330604,107680,9382631,57815,8554553,3728,393420,92959,5439779,75867,6711752,98587,12151531,
All CA and Non-CA Counties,2021-03-29,311589,18642193,167455,9550086,135249,8689802,8885,402305,177683,5495603,133217,6844969,189041,12340572,
All CA and Non-CA Counties,2021-03-30,400677,19042870,202616,9752702,179856,8869658,18205,420510,243934,5603500,156027,7000996,263924,12604496,
All CA and Non-CA Counties,2021-03-31,426258,19469128,232018,9984720,172269,9041927,21971,442481,244949,5691050,180424,7181420,267974,12872470,
All CA and Non-CA Counties,2021-04-01,491236,19960364,252507,10237227,199076,9241003,39653,482134,273086,5787912,217072,7398492,313934,13186404,
All CA and Non-CA Counties,2021-04-02,473106,20433470,231246,10468473,198906,9439909,42954,525088,258413,5877388,213578,7612070,303054,13489458,
All CA and Non-CA Counties,2021-04-03,330106,20763576,168121,10636594,120473,9560382,41512,566600,166069,5922696,163457,7775527,208765,13698223,
All CA and Non-CA Counties,2021-04-04,133303,20896879,69465,10706059,44706,9605088,19132,585732,59704,5928337,73343,7848870,78984,13777207,
All CA and Non-CA Counties,2021-04-05,353139,21250018,181905,10887964,131489,9736577,39745,625477,175758,5969495,176779,8025649,217937,13995144,
All CA and Non-CA Counties,2021-04-06,460738,21710756,234101,11122065,160138,9896715,66499,691976,224701,6027414,235198,8260847,293117,14288261,
All CA and Non-CA Counties,2021-04-07,474411,22185167,247088,11369153,156513,10053228,70810,762786,232452,6090581,241115,8501962,304282,14592543,
All CA and Non-CA Counties,2021-04-08,500785,22685952,253276,11622429,162285,10215513,85224,848010,236775,6151849,262985,8764947,324253,14916796,
All CA and Non-CA Counties,2021-04-09,493520,23179472,245904,11868333,166843,10382356,80773,928783,228563,6200222,264007,9028954,312380,15229176,
All CA and Non-CA Counties,2021-04-10,368282,23547754,169300,12037633,124046,10506402,74936,1003719,155291,6220775,212346,9241300,232899,15462075,
All CA and Non-CA Counties,2021-04-11,188733,23736487,105886,12143519,48354,10554756,34493,1038212,78832,6227333,109588,9350888,116146,15578221,
All CA and Non-CA Counties,2021-04-12,340204,24076691,174997,12318516,127051,10681807,38156,1076368,158674,6246987,180673,9531561,200327,15778548,
All CA and Non-CA Counties,2021-04-13,434629,24511320,243799,12562315,189889,10871696,941,1077309,243494,6304157,190244,9721805,247414,16025962,
All CA and Non-CA Counties,2021-04-14,449522,24960842,252952,12815267,196298,11067994,272,1077581,236551,6333490,211928,9933733,241261,16267223,
All CA and Non-CA Counties,2021-04-15,490674,25451516,286452,13101719,203982,11271976,240,1077821,275773,6398720,213551,10147284,278781,16546004,
All CA and Non-CA Counties,2021-04-16,474665,25926181,268136,13369855,206218,11478194,311,1078132,254736,6437302,218838,10366122,257420,16803424,
All CA and Non-CA Counties,2021-04-17,341858,26268039,192040,13561895,149777,11627971,41,1078173,195000,6489274,146168,10512290,198140,17001564,
All CA and Non-CA Counties,2021-04-18,155043,26423082,98466,13660361,56562,11684533,15,1078188,80337,6498246,74354,10586644,83326,17084890,
All CA and Non-CA Counties,2021-04-19,318687,26741769,183738,13844099,134864,11819397,85,1078273,151473,6485227,166426,10753070,153407,17238297,
All CA and Non-CA Counties,2021-04-20,407795,27149564,216785,14060884,190959,12010356,51,1078324,203300,6488033,203569,10956639,206375,17444672,
All CA and Non-CA Counties,2021-04-21,422278,27571842,238850,14299734,183172,12193528,256,1078580,203307,6476912,217729,11174368,206608,17651280,
All CA and Non-CA Counties,2021-04-22,448556,28020398,256096,14555830,192384,12385912,76,1078656,200195,6433214,247106,11421474,203408,17854688,
All CA and Non-CA Counties,2021-04-23,438710,28459108,250775,14806605,187853,12573765,82,1078738,199553,6398201,237901,11659375,202888,18057576,
All CA and Non-CA Counties,2021-04-24,324090,28783198,205716,15012321,118213,12691978,161,1078899,164998,6408340,158218,11817593,168357,18225933,
All CA and Non-CA Counties,2021-04-25,150304,28933502,99075,15111396,51165,12743143,64,1078963,80736,6421369,69171,11886764,82200,18308133,
All CA and Non-CA Counties,2021-04-26,272315,29205817,158690,15270086,112189,12855332,1436,1080399,118016,6391651,153467,12040231,123749,18431882,
All CA and Non-CA Counties,2021-04-27,341736,29547553,187773,15457859,148341,13003673,5622,1086021,137051,6333616,203682,12243913,145647,18577529,
All CA and Non-CA Counties,2021-04-28,349264,29896817,199826,15657685,141327,13145000,8111,1094132,142127,6279941,206187,12450100,152512,18730041,
All CA and Non-CA Counties,2021-04-29,357964,30254781,206436,15864121,143370,13288370,8158,1102290,129419,6191834,227503,12677603,139396,18869437,
All CA and Non-CA Counties,2021-04-30,371422,30626203,213391,16077512,148937,13437307,9094,1111384,140934,6114372,229377,12906980,151915,19021352,
All CA and Non-CA Counties,2021-05-01,247747,30873950,158432,16235944,82896,13520203,6419,1117803,90336,6056598,156735,13063715,98961,19120313,
All CA and Non-CA Counties,2021-05-02,116956,30990906,81256,16317200,31762,13551965,3938,1121741,41489,6027289,75102,13138817,45793,19166106,
All CA and Non-CA Counties,2021-05-03,251900,31242806,155548,16472748,87484,13639449,8868,1130609,76468,5938830,174667,13313484,86208,19252314,
All CA and Non-CA Counties,2021-05-04,326196,31569002,198906,16671654,117272,13756721,10018,1140627,96721,5818219,228497,13541981,107886,19360200,
All CA and Non-CA Counties,2021-05-05,309811,31878813,197812,16869466,101847,13858568,10152,1150779,88066,5696735,220673,13762654,99189,19459389,
All CA and Non-CA Counties,2021-05-06,326509,32205322,218420,17087886,97608,13956176,10481,1161260,84040,5552705,241041,14003695,97011,19556400,
All CA and Non-CA Counties,2021-05-07,321255,32526577,206673,17294559,104621,14060797,9961,1171221,88190,5420209,231879,14235574,99383,19655783,
All CA and Non-CA Counties,2021-05-08,213431,32740008,136946,17431505,69686,14130483,6799,1178020,58870,5333730,153558,14389132,67079,19722862,
All CA and Non-CA Counties,2021-05-09,91619,32831627,69064,17500569,19458,14149941,3097,1181117,25656,5297391,65525,14454657,29186,19752048,
All CA and Non-CA Counties,2021-05-10,178021,33009648,104279,17604848,66025,14215966,7717,1188834,45352,5219833,131900,14586557,54342,19806390,
All CA and Non-CA Counties,2021-05-11,197243,33206891,111211,17716059,80974,14296940,5058,1193892,51802,5132929,144806,14731363,57902,19864292,
All CA and Non-CA Counties,2021-05-12,145651,33352542,87832,17803891,53519,14350459,4300,1198192,30872,5054214,114235,14845598,35520,19899812,
Outside California,2020-12-15,7,7,7,7,0,0,0,0,7,7,0,0,7,7,Not in California
Outside California,2020-12-16,266,273,266,273,0,0,0,0,266,273,0,0,266,273,Not in California
Outside California,2020-12-17,1600,1873,1600,1873,0,0,0,0,1600,1873,0,0,1600,1873,Not in California
Outside California,2020-12-18,2557,4430,2550,4423,7,7,0,0,2557,4430,0,0,2557,4430,Not in California
Outside California,2020-12-19,1039,5469,1038,5461,1,8,0,0,1039,5469,0,0,1039,5469,Not in California
Outside California,2020-12-20,675,6144,672,6133,3,11,0,0,675,6144,0,0,675,6144,Not in California
Outside California,2020-12-21,2185,8329,2182,8315,3,14,0,0,2185,8329,0,0,2185,8329,Not in California
Outside California,2020-12-22,2062,10391,1988,10303,74,88,0,0,2062,10391,0,0,2062,10391,Not in California
Outside California,2020-12-23,1517,11908,1383,11686,134,222,0,0,1517,11908,0,0,1517,11908,Not in California
Outside California,2020-12-24,803,12711,611,12297,192,414,0,0,803,12711,0,0,803,12711,Not in California
Outside California,2020-12-25,33,12744,29,12326,4,418,0,0,33,12744,0,0,33,12744,Not in California
Outside California,2020-12-26,306,13050,203,12529,103,521,0,0,306,13050,0,0,306,13050,Not in California
Outside California,2020-12-27,189,13239,73,12602,116,637,0,0,189,13239,0,0,189,13239,Not in California
Outside California,2020-12-28,1412,14651,893,13495,519,1156,0,0,1412,14651,0,0,1412,14651,Not in California
Outside California,2020-12-29,1548,16199,1016,14511,532,1688,0,0,1548,16199,0,0,1548,16199,Not in California
Outside California,2020-12-30,1921,18120,1230,15741,691,2379,0,0,1921,18120,0,0,1921,18120,Not in California
Outside California,2020-12-31,1119,19239,600,16341,519,2898,0,0,1118,19237,1,1,1118,19238,Not in California
Outside California,2021-01-01,111,19350,23,16364,88,2986,0,0,111,19348,0,1,111,19349,Not in California
Outside California,2021-01-02,238,19588,132,16496,106,3092,0,0,237,19584,1,2,237,19586,Not in California
Outside California,2021-01-03,170,19758,90,16586,80,3172,0,0,170,19754,0,2,170,19756,Not in California
Outside California,2021-01-04,1148,20906,513,17099,635,3807,0,0,1144,20898,0,2,1144,20900,Not in California
Outside California,2021-01-05,1541,22447,813,17912,728,4535,0,0,1349,22058,190,192,1350,22250,Not in California
Outside California,2021-01-06,2709,25156,1598,19510,1111,5646,0,0,1974,23300,732,924,1974,24224,Not in California
Outside California,2021-01-07,4144,29300,2536,22046,1608,7254,0,0,2490,24140,1652,2576,2492,26716,Not in California
Outside California,2021-01-08,4518,33818,2924,24970,1594,8848,0,0,2639,24913,1869,4445,2642,29358,Not in California
Outside California,2021-01-09,1316,35134,526,25496,790,9638,0,0,991,25582,324,4769,993,30351,Not in California
Outside California,2021-01-10,302,35436,180,25676,122,9760,0,0,183,25646,119,4888,183,30534,Not in California
Outside California,2021-01-11,3304,38740,2010,27686,1294,11054,0,0,1973,26288,1331,6219,1973,32507,Not in California
Outside California,2021-01-12,3878,42618,2312,29998,1566,12620,0,0,2337,27089,1537,7756,2338,34845,Not in California
Outside California,2021-01-13,3691,46309,1805,31803,1886,14506,0,0,2515,28431,1176,8932,2518,37363,Not in California
Outside California,2021-01-14,3739,50048,1274,33077,2465,16971,0,0,3100,30907,626,9558,3102,40465,Not in California
Outside California,2021-01-15,4263,54311,994,34071,3269,20240,0,0,3796,34249,454,10012,3796,44261,Not in California
Outside California,2021-01-16,2694,57005,380,34451,2314,22554,0,0,2526,36609,166,10178,2526,46787,Not in California
Outside California,2021-01-17,495,57500,149,34600,346,22900,0,0,446,37006,49,10227,446,47233,Not in California
Outside California,2021-01-18,1196,58696,768,35368,428,23328,0,0,739,37290,456,10683,740,47973,Not in California
Outside California,2021-01-19,4033,62729,1319,36687,2714,26042,0,0,3141,39542,892,11575,3144,51117,Not in California
Outside California,2021-01-20,4389,67118,1409,38096,2980,29022,0,0,3456,42069,930,12505,3457,54574,Not in California
Outside California,2021-01-21,4122,71240,1117,39213,3005,32027,0,0,3559,45080,548,13053,3559,58133,Not in California
Outside California,2021-01-22,4621,75861,1079,40292,3542,35569,0,0,4226,48916,391,13444,4227,62360,Not in California
Outside California,2021-01-23,2251,78112,333,40625,1918,37487,0,0,2088,50841,163,13607,2088,64448,Not in California
Outside California,2021-01-24,604,78716,245,40870,359,37846,0,0,526,51289,78,13685,526,64974,Not in California
Outside California,2021-01-25,4460,83176,1957,42827,2503,40349,0,0,3597,54027,860,14545,3598,68572,Not in California
Outside California,2021-01-26,5946,89122,2894,45721,3052,43401,0,0,5099,58287,846,15391,5106,73678,Not in California
Outside California,2021-01-27,4821,93943,2675,48396,2146,45547,0,0,4205,61881,612,16003,4206,77884,Not in California
Outside California,2021-01-28,5293,99236,2884,51280,2409,47956,0,0,4765,66129,517,16520,4765,82649,Not in California
Outside California,2021-01-29,4946,104182,3100,54380,1846,49802,0,0,4160,69510,781,17301,4162,86811,Not in California
Outside California,2021-01-30,4509,108691,2465,56845,2044,51846,0,0,4281,73567,225,17526,4282,91093,Not in California
Outside California,2021-01-31,3170,111861,2750,59595,420,52266,0,0,3112,76623,57,17583,3113,94206,Not in California
Outside California,2021-02-01,5473,117334,2560,62155,2913,55179,0,0,4781,80720,684,18267,4781,98987,Not in California
Outside California,2021-02-02,6759,124093,2165,64320,4594,59773,0,0,6039,86046,713,18980,6039,105026,Not in California
Outside California,2021-02-03,7321,131414,2083,66403,5238,65011,0,0,6452,91639,860,19840,6453,111479,Not in California
Outside California,2021-02-04,6794,138208,2172,68575,4622,69633,0,0,5803,96461,982,20822,5804,117283,Not in California
Outside California,2021-02-05,6801,145009,2216,70791,4585,74218,0,0,5737,101138,1060,21882,5737,123020,Not in California
Outside California,2021-02-06,4447,149456,2166,72957,2281,76499,0,0,3984,104671,454,22336,3987,127007,Not in California
Outside California,2021-02-07,2249,151705,1863,74820,386,76885,0,0,2172,106768,77,22413,2174,129181,Not in California
Outside California,2021-02-08,5397,157102,3434,78254,1963,78848,0,0,4340,110061,1047,23460,4340,133521,Not in California
Outside California,2021-02-09,4342,161444,1968,80222,2374,81222,0,0,3033,111810,1298,24758,3047,136568,Not in California
Outside California,2021-02-10,5603,167047,1935,82157,3668,84890,0,0,3163,112583,2432,27190,3205,139773,Not in California
Outside California,2021-02-11,4779,171826,2205,84362,2574,87464,0,0,3478,114788,1292,28482,3497,143270,Not in California
Outside California,2021-02-12,5218,177044,1934,86296,3284,90748,0,0,3407,116395,1804,30286,3411,146681,Not in California
Outside California,2021-02-13,2399,179443,695,86991,1704,92452,0,0,1854,117716,545,30831,1866,148547,Not in California
Outside California,2021-02-14,1326,180769,400,87391,926,93378,0,0,1085,118565,238,31069,1087,149634,Not in California
Outside California,2021-02-15,2506,183275,1510,88901,996,94374,0,0,1196,118468,1297,32366,1200,150834,Not in California
Outside California,2021-02-16,6427,189702,2885,91786,3542,97916,0,0,2611,117279,3805,36171,2616,153450,Not in California
Outside California,2021-02-17,5889,195591,2933,94719,2956,100872,0,0,1828,115055,4056,40227,1832,155282,Not in California
Outside California,2021-02-18,6383,201974,3690,98409,2693,103565,0,0,2037,112764,4329,44556,2038,157320,Not in California
Outside California,2021-02-19,5714,207688,3963,102372,1751,105316,0,0,2403,111862,3306,47862,2404,159724,Not in California
Outside California,2021-02-20,3312,211000,2658,105030,654,105970,0,0,1202,110959,2106,49968,1203,160927,Not in California
Outside California,2021-02-21,1812,212812,1596,106626,216,106186,0,0,629,110409,1179,51147,629,161556,Not in California
Outside California,2021-02-22,3456,216268,2527,109153,929,107115,0,0,1617,110194,1837,52984,1622,163178,Not in California
Outside California,2021-02-23,5834,222102,3228,112381,2606,109721,0,0,2302,108984,3526,56510,2316,165494,Not in California
Outside California,2021-02-24,6319,228421,3472,115853,2847,112568,0,0,2479,107633,3835,60345,2484,167978,Not in California
Outside California,2021-02-25,6895,235316,3488,119341,3407,115975,0,0,3123,107019,3741,64086,3127,171105,Not in California
Outside California,2021-02-26,6800,242116,3604,122945,3196,119171,0,0,3169,106636,3553,67639,3170,174275,Not in California
Outside California,2021-02-27,5312,247428,2576,125521,2735,121906,1,1,1857,105053,3444,71083,1861,176136,Not in California
Outside California,2021-02-28,2427,249855,1769,127290,657,122563,1,2,796,104222,1629,72712,798,176934,Not in California
Outside California,2021-03-01,4719,254574,2926,130216,1792,124355,1,3,1306,102128,3406,76118,1312,178246,Not in California
Outside California,2021-03-02,6187,260761,2008,132224,4179,128534,0,3,1878,99709,4299,80417,1880,180126,Not in California
Outside California,2021-03-03,7751,268512,2961,135185,4788,133322,2,5,2591,97158,5148,85565,2597,182723,Not in California
Outside California,2021-03-04,6729,275241,2840,138025,3885,137207,4,9,2342,95134,4372,89937,2348,185071,Not in California
Outside California,2021-03-05,5027,280268,2437,140462,2576,139783,14,23,2575,95286,2444,92381,2596,187667,Not in California
Outside California,2021-03-06,4575,284843,2111,142573,2309,142092,155,178,2316,95508,2257,94638,2479,190146,Not in California
Outside California,2021-03-07,1541,286384,978,143551,510,142602,53,231,923,95868,617,95255,977,191123,Not in California
Outside California,2021-03-08,2988,289372,1733,145284,1011,143613,244,475,2105,97370,854,96109,2356,193479,Not in California
Outside California,2021-03-09,4271,293643,2012,147296,1937,145550,322,797,2428,98281,1839,97948,2750,196229,Not in California
Outside California,2021-03-10,4198,297841,1926,149222,1763,147313,509,1306,2538,99683,1652,99600,3054,199283,Not in California
Outside California,2021-03-11,6135,303976,3126,152348,2331,149644,678,1984,3313,100860,2815,102415,3992,203275,Not in California
Outside California,2021-03-12,6333,310309,3780,156128,1827,151471,726,2710,3493,102247,2833,105248,4220,207495,Not in California
Outside California,2021-03-13,3720,314029,2146,158274,1112,152583,462,3172,2587,104173,1126,106374,3052,210547,Not in California
Outside California,2021-03-14,1751,315780,892,159166,534,153117,325,3497,1040,104828,711,107085,1366,211913,Not in California
Outside California,2021-03-15,3918,319698,2020,161186,1456,154573,442,3939,2072,105508,1839,108924,2519,214432,Not in California
Outside California,2021-03-16,7440,327138,4335,165521,2737,157310,368,4307,4166,106767,3272,112196,4531,218963,Not in California
Outside California,2021-03-17,8336,335474,5375,170896,2595,159905,366,4673,5016,108834,3316,115512,5383,224346,Not in California
Outside California,2021-03-18,8143,343617,4997,175893,2621,162526,525,5198,4728,110680,3406,118918,5252,229598,Not in California
Outside California,2021-03-19,7254,350871,4293,180186,2422,164948,539,5737,4378,112727,2873,121791,4920,234518,Not in California
Outside California,2021-03-20,4678,355549,3062,183248,1530,166478,86,5823,3602,115346,1069,122860,3688,238206,Not in California
Outside California,2021-03-21,1997,357546,1347,184595,563,167041,87,5910,1601,116641,394,123254,1689,239895,Not in California
Outside California,2021-03-22,3218,360764,1936,186531,1195,168236,87,5997,2229,117974,983,124237,2316,242211,Not in California
Outside California,2021-03-23,5987,366751,3051,189582,2662,170898,274,6271,4204,120683,1770,126007,4479,246690,Not in California
Outside California,2021-03-24,7237,373988,3719,193301,3095,173993,423,6694,5076,124026,2154,128161,5497,252187,Not in California
Outside California,2021-03-25,8197,382185,3829,197130,3881,177874,487,7181,6036,128399,2150,130311,6523,258710,Not in California
Outside California,2021-03-26,6575,388760,3456,200586,2947,180821,172,7353,4482,130984,2068,132379,4653,263363,Not in California
Outside California,2021-03-27,5276,394036,3024,203610,2149,182970,103,7456,3404,132626,1863,134242,3505,266868,Not in California
Outside California,2021-03-28,3014,397050,1593,205203,1263,184233,158,7614,2018,133811,991,135233,2176,269044,Not in California
Outside California,2021-03-29,5021,402071,2213,207416,2477,186710,331,7945,2992,135108,2027,137260,3324,272368,Not in California
Outside California,2021-03-30,6741,408812,3543,210959,2655,189365,543,8488,4182,137292,2549,139809,4733,277101,Not in California
Outside California,2021-03-31,6197,415009,3716,214675,1719,191084,762,9250,3483,138826,2708,142517,4242,281343,Not in California
Outside California,2021-04-01,7365,422374,4427,219102,2315,193399,623,9873,4290,140665,3068,145585,4907,286250,Not in California
Outside California,2021-04-02,8278,430652,4378,223480,2776,196175,1124,10997,4332,142181,3939,149524,5455,291705,Not in California
Outside California,2021-04-03,6061,436713,3603,227083,1310,197485,1148,12145,3177,143629,2878,152402,4326,296031,Not in California
Outside California,2021-04-04,1760,438473,862,227945,662,198147,236,12381,982,144068,778,153180,1217,297248,Not in California
Outside California,2021-04-05,4025,442498,1995,229940,1380,199527,650,13031,1945,144588,2076,155256,2596,299844,Not in California
Outside California,2021-04-06,6847,449345,3706,233646,1584,201111,1557,14588,2768,144843,4066,159322,4321,304165,Not in California
Outside California,2021-04-07,7710,457055,4299,237945,1744,202855,1667,16255,3120,145037,4582,163904,4776,308941,Not in California
Outside California,2021-04-08,7812,464867,4054,241999,1858,204713,1900,18155,3194,145514,4610,168514,5087,314028,Not in California
Outside California,2021-04-09,7248,472115,3659,245658,1673,206386,1916,20071,2885,145960,4356,172870,4802,318830,Not in California
Outside California,2021-04-10,6013,478128,3047,248705,1117,207503,1849,21920,1693,145182,4316,177186,3538,322368,Not in California
Outside California,2021-04-11,2790,480918,1518,250223,639,208142,633,22553,997,145022,1791,178977,1631,323999,Not in California
Outside California,2021-04-12,3870,484788,2083,252306,1252,209394,535,23088,1752,145196,2112,181089,2286,326285,Not in California
Outside California,2021-04-13,5517,490305,3484,255790,2010,211404,23,23111,2786,145280,2725,183814,2809,329094,Not in California
Outside California,2021-04-14,5148,495453,3178,258968,1967,213371,3,23114,2826,145792,2317,186131,2829,331923,Not in California
Outside California,2021-04-15,5845,501298,3534,262502,2305,215676,6,23120,3162,146328,2633,188764,3169,335092,Not in California
Outside California,2021-04-16,5872,507170,3356,265858,2509,218185,7,23127,3349,147169,2516,191280,3357,338449,Not in California
Outside California,2021-04-17,5189,512359,3064,268922,2124,220309,1,23128,2979,147946,2202,193482,2979,341428,Not in California
Outside California,2021-04-18,2067,514426,1149,270071,917,221226,1,23129,984,147854,1078,194560,986,342414,Not in California
Outside California,2021-04-19,4137,518563,1969,272040,2167,223393,1,23130,2175,148080,1952,196512,2178,344592,Not in California
Outside California,2021-04-20,5426,523989,2517,274557,2909,226302,0,23130,2311,147283,3108,199620,2311,346903,Not in California
Outside California,2021-04-21,6525,530514,2846,277403,3676,229978,3,23133,2497,145771,4013,203633,2501,349404,Not in California
Outside California,2021-04-22,7114,537628,3844,281247,3267,233245,3,23136,2901,144472,4204,207837,2905,352309,Not in California
Outside California,2021-04-23,6114,543742,3222,284469,2891,236136,1,23137,2745,143864,3356,211193,2748,355057,Not in California
Outside California,2021-04-24,4912,548654,3435,287904,1473,237609,4,23141,2236,143436,2671,213864,2243,357300,Not in California
Outside California,2021-04-25,2162,550816,1291,289195,869,238478,2,23143,1133,143547,1026,214890,1137,358437,Not in California
Outside California,2021-04-26,3555,554371,1570,290765,1963,240441,22,23165,1622,143265,1926,216816,1644,360081,Not in California
Outside California,2021-04-27,5079,559450,1728,292493,3061,243502,290,23455,1923,142334,3149,219965,2218,362299,Not in California
Outside California,2021-04-28,4890,564340,2096,294589,2398,245900,396,23851,2011,141875,2868,222833,2409,364708,Not in California
Outside California,2021-04-29,4929,569269,2277,296866,2222,248122,430,24281,1977,141350,2933,225766,2408,367116,Not in California
Outside California,2021-04-30,4962,574231,2447,299313,2091,250213,424,24705,1988,140799,2964,228730,2413,369529,Not in California
Outside California,2021-05-01,3146,577377,1825,301138,890,251103,431,25136,1295,140680,1844,230574,1725,371254,Not in California
Outside California,2021-05-02,1857,579234,1076,302214,657,251760,124,25260,859,140667,996,231570,983,372237,Not in California
Outside California,2021-05-03,2843,582077,1608,303822,960,252720,275,25535,1161,140424,1678,233248,1435,373672,Not in California
Outside California,2021-05-04,4172,586249,2372,306194,1365,254085,435,25970,1787,140266,2379,235627,2221,375893,Not in California
Outside California,2021-05-05,4512,590761,2707,308901,1436,255521,369,26339,1934,140001,2569,238196,2304,378197,Not in California
Outside California,2021-05-06,4607,595368,2928,311829,1324,256845,355,26694,2003,139765,2595,240791,2359,380556,Not in California
Outside California,2021-05-07,4838,600206,2919,314748,1524,258369,395,27089,2038,139407,2790,243581,2432,382988,Not in California
Outside California,2021-05-08,3575,603781,2469,317217,862,259231,244,27333,1597,139335,1917,245498,1845,384833,Not in California
Outside California,2021-05-09,1281,605062,842,318059,326,259557,113,27446,582,139353,676,246174,694,385527,Not in California
Outside California,2021-05-10,2544,607606,1153,319212,1057,260614,334,27780,1031,139222,1495,247669,1364,386891,Not in California
Outside California,2021-05-11,2343,609949,1192,320404,953,261567,198,27978,909,138895,1433,249102,1106,387997,Not in California
Outside California,2021-05-12,2071,612020,1002,321406,875,262442,194,28172,654,138328,1416,250518,849,388846,Not in California
Unknown,2020-12-17,2,2,2,2,0,0,0,0,0,0,0,0,0,0,Not in California
Unknown,2020-12-18,9,11,9,11,0,0,0,0,8,8,0,0,8,8,Not in California
Unknown,2020-12-19,81,92,81,92,0,0,0,0,81,89,0,0,81,89,Not in California
Unknown,2020-12-20,24,116,24,116,0,0,0,0,24,113,0,0,24,113,Not in California
Unknown,2020-12-21,5,121,5,121,0,0,0,0,0,113,0,0,0,113,Not in California
Unknown,2020-12-22,4,125,4,125,0,0,0,0,4,117,0,0,4,117,Not in California
Unknown,2020-12-26,1,126,1,126,0,0,0,0,1,118,0,0,1,118,Not in California
Unknown,2020-12-28,4,130,4,130,0,0,0,0,3,121,0,0,3,121,Not in California
Unknown,2020-12-29,3,133,3,133,0,0,0,0,3,124,0,0,3,124,Not in California
Unknown,2020-12-30,59,192,56,189,3,3,0,0,57,181,0,0,57,181,Not in California
Unknown,2020-12-31,2,194,0,189,2,5,0,0,1,182,0,0,1,182,Not in California
Unknown,2021-01-02,1,195,0,189,1,6,0,0,1,183,0,0,1,183,Not in California
Unknown,2021-01-04,3,198,3,192,0,6,0,0,2,185,0,0,2,185,Not in California
Unknown,2021-01-05,1,199,0,192,1,7,0,0,2,187,0,0,2,187,Not in California
Unknown,2021-01-06,30,229,28,220,2,9,0,0,6,170,23,23,6,193,Not in California
Unknown,2021-01-07,110,339,107,327,3,12,0,0,72,204,38,61,72,265,Not in California
Unknown,2021-01-08,26,365,21,348,5,17,0,0,5,188,21,82,5,270,Not in California
Unknown,2021-01-09,3,368,2,350,1,18,0,0,4,192,0,82,4,274,Not in California
Unknown,2021-01-11,23,391,23,373,0,18,0,0,18,206,4,86,18,292,Not in California
Unknown,2021-01-12,10,401,8,381,2,20,0,0,8,214,1,87,9,301,Not in California
Unknown,2021-01-13,11,412,11,392,0,20,0,0,13,227,0,87,13,314,Not in California
Unknown,2021-01-14,4,416,3,395,1,21,0,0,4,231,0,87,4,318,Not in California
Unknown,2021-01-15,5,421,4,399,1,22,0,0,5,236,0,87,5,323,Not in California
Unknown,2021-01-16,7,428,7,406,0,22,0,0,6,241,1,88,6,329,Not in California
Unknown,2021-01-17,3,431,3,409,0,22,0,0,3,244,0,88,3,332,Not in California
Unknown,2021-01-18,54,485,54,463,0,22,0,0,52,294,2,90,52,384,Not in California
Unknown,2021-01-19,23,508,22,485,1,23,0,0,21,314,1,91,21,405,Not in California
Unknown,2021-01-20,79,587,79,564,0,23,0,0,28,290,52,143,28,433,Not in California
Unknown,2021-01-21,60,647,58,622,2,25,0,0,61,350,1,144,61,494,Not in California
Unknown,2021-01-22,36,683,31,653,5,30,0,0,36,386,0,144,36,530,Not in California
Unknown,2021-01-23,11,694,5,658,6,36,0,0,11,397,0,144,11,541,Not in California
Unknown,2021-01-24,2,696,2,660,0,36,0,0,3,400,0,144,3,544,Not in California
Unknown,2021-01-25,21,717,18,678,3,39,0,0,17,414,3,147,17,561,Not in California
Unknown,2021-01-26,98,815,94,772,4,43,0,0,101,515,0,147,101,662,Not in California
Unknown,2021-01-27,17,832,17,789,0,43,0,0,16,530,1,148,16,678,Not in California
Unknown,2021-01-28,155,987,152,941,3,46,0,0,98,568,60,208,98,776,Not in California
Unknown,2021-01-29,147,1134,146,1087,1,47,0,0,151,718,1,209,151,927,Not in California
Unknown,2021-01-30,10,1144,8,1095,2,49,0,0,13,730,1,210,13,940,Not in California
Unknown,2021-01-31,16,1160,16,1111,0,49,0,0,16,745,1,211,16,956,Not in California
Unknown,2021-02-01,36,1196,34,1145,2,51,0,0,21,749,17,228,21,977,Not in California
Unknown,2021-02-02,70,1266,68,1213,2,53,0,0,63,806,6,234,63,1040,Not in California
Unknown,2021-02-03,50,1316,46,1259,4,57,0,0,39,834,11,245,39,1079,Not in California
Unknown,2021-02-04,61,1377,56,1315,5,62,0,0,56,885,5,250,56,1135,Not in California
Unknown,2021-02-05,22,1399,15,1330,7,69,0,0,18,896,7,257,18,1153,Not in California
Unknown,2021-02-06,19,1418,14,1344,5,74,0,0,15,904,7,264,15,1168,Not in California
Unknown,2021-02-07,8,1426,8,1352,0,74,0,0,6,908,2,266,6,1174,Not in California
Unknown,2021-02-08,53,1479,50,1402,3,77,0,0,14,883,39,305,14,1188,Not in California
Unknown,2021-02-09,19,1498,18,1420,1,78,0,0,4,872,15,320,4,1192,Not in California
Unknown,2021-02-10,35,1533,30,1450,5,83,0,0,9,855,26,346,9,1201,Not in California
Unknown,2021-02-11,93,1626,92,1542,1,84,0,0,43,847,51,397,43,1244,Not in California
Unknown,2021-02-12,42,1668,34,1576,8,92,0,0,17,835,29,426,17,1261,Not in California
Unknown,2021-02-13,15,1683,3,1579,12,104,0,0,17,851,1,427,17,1278,Not in California
Unknown,2021-02-14,7,1690,1,1580,6,110,0,0,5,855,1,428,5,1283,Not in California
Unknown,2021-02-15,43,1733,37,1617,6,116,0,0,28,870,13,441,28,1311,Not in California
Unknown,2021-02-16,104,1837,95,1712,9,125,0,0,31,828,73,514,31,1342,Not in California
Unknown,2021-02-17,10,1847,8,1720,2,127,0,0,4,827,5,519,4,1346,Not in California
Unknown,2021-02-18,105,1952,100,1820,5,132,0,0,19,760,86,605,19,1365,Not in California
Unknown,2021-02-19,196,2148,190,2010,6,138,0,0,59,682,137,742,59,1424,Not in California
Unknown,2021-02-20,12,2160,5,2015,7,145,0,0,5,682,5,747,5,1429,Not in California
Unknown,2021-02-21,18,2178,18,2033,0,145,0,0,4,672,14,761,4,1433,Not in California
Unknown,2021-02-22,9,2187,9,2042,0,145,0,0,6,675,3,764,6,1439,Not in California
Unknown,2021-02-23,63,2250,51,2093,12,157,0,0,15,643,47,811,15,1454,Not in California
Unknown,2021-02-24,43,2293,35,2128,8,165,0,0,14,628,29,840,14,1468,Not in California
Unknown,2021-02-25,76,2369,60,2188,16,181,0,0,27,606,49,889,27,1495,Not in California
Unknown,2021-02-26,40,2409,25,2213,15,196,0,0,24,615,15,904,24,1519,Not in California
Unknown,2021-02-27,28,2437,15,2228,13,209,0,0,20,627,8,912,20,1539,Not in California
Unknown,2021-02-28,17,2454,13,2241,4,213,0,0,10,632,5,917,10,1549,Not in California
Unknown,2021-03-01,45,2499,27,2268,18,231,0,0,24,636,20,937,24,1573,Not in California
Unknown,2021-03-02,19,2518,7,2275,12,243,0,0,12,643,5,942,12,1585,Not in California
Unknown,2021-03-03,13,2531,7,2282,6,249,0,0,9,649,3,945,9,1594,Not in California
Unknown,2021-03-04,53,2584,49,2331,4,253,0,0,22,640,31,976,22,1616,Not in California
Unknown,2021-03-05,33,2617,15,2346,18,271,0,0,35,669,6,982,35,1651,Not in California
Unknown,2021-03-06,32,2649,11,2357,19,290,2,2,23,685,9,991,25,1676,Not in California
Unknown,2021-03-07,10,2659,1,2358,9,299,0,2,6,688,3,994,6,1682,Not in California
Unknown,2021-03-08,32,2691,23,2381,7,306,2,4,9,674,25,1019,11,1693,Not in California
Unknown,2021-03-09,39,2730,32,2413,3,309,4,8,10,658,30,1049,14,1707,Not in California
Unknown,2021-03-10,9,2739,6,2419,1,310,2,10,5,660,5,1054,7,1714,Not in California
Unknown,2021-03-11,37,2776,13,2432,10,320,14,24,14,667,21,1075,28,1742,Not in California
Unknown,2021-03-12,82,2858,56,2488,21,341,5,29,15,623,64,1139,20,1762,Not in California
Unknown,2021-03-13,24,2882,4,2492,16,357,4,33,9,620,16,1155,13,1775,Not in California
Unknown,2021-03-14,17,2899,9,2501,6,363,2,35,7,618,11,1166,9,1784,Not in California
Unknown,2021-03-15,30,2929,11,2512,17,380,2,37,20,627,13,1179,22,1806,Not in California
Unknown,2021-03-16,64,2993,22,2534,38,418,4,41,44,656,19,1198,48,1854,Not in California
Unknown,2021-03-17,47,3040,14,2548,32,450,1,42,42,695,4,1202,43,1897,Not in California
Unknown,2021-03-18,40,3080,20,2568,20,470,0,42,28,711,12,1214,28,1925,Not in California
Unknown,2021-03-19,29,3109,19,2587,10,480,0,42,24,727,8,1222,24,1949,Not in California
Unknown,2021-03-20,34,3143,15,2602,19,499,0,42,20,734,13,1235,20,1969,Not in California
Unknown,2021-03-21,23,3166,17,2619,6,505,0,42,19,750,3,1238,19,1988,Not in California
Unknown,2021-03-22,36,3202,19,2638,16,521,1,43,19,758,12,1250,20,2008,Not in California
Unknown,2021-03-23,23,3225,9,2647,9,530,5,48,11,763,11,1261,16,2024,Not in California
Unknown,2021-03-24,26,3251,9,2656,17,547,0,48,21,779,5,1266,21,2045,Not in California
Unknown,2021-03-25,48,3299,34,2690,14,561,0,48,33,798,14,1280,33,2078,Not in California
Unknown,2021-03-26,37,3336,20,2710,12,573,5,53,20,807,16,1296,25,2103,Not in California
Unknown,2021-03-27,40,3376,14,2724,26,599,0,53,26,813,20,1316,26,2129,Not in California
Unknown,2021-03-28,16,3392,9,2733,7,606,0,53,11,820,4,1320,11,2140,Not in California
Unknown,2021-03-29,38,3430,17,2750,20,626,1,54,25,834,12,1332,26,2166,Not in California
Unknown,2021-03-30,42,3472,25,2775,17,643,0,54,28,847,15,1347,28,2194,Not in California
Unknown,2021-03-31,36,3508,22,2797,14,657,0,54,25,860,12,1359,25,2219,Not in California
Unknown,2021-04-01,28,3536,14,2811,14,671,0,54,24,878,6,1365,24,2243,Not in California
Unknown,2021-04-02,63,3599,16,2827,38,709,9,63,29,882,34,1399,38,2281,Not in California
Unknown,2021-04-03,19,3618,9,2836,10,719,0,63,10,882,10,1409,10,2291,Not in California
Unknown,2021-04-04,16,3634,4,2840,12,731,0,63,11,888,5,1414,11,2302,Not in California
Unknown,2021-04-05,35,3669,21,2861,13,744,1,64,22,896,15,1429,23,2325,Not in California
Unknown,2021-04-06,36,3705,18,2879,17,761,1,65,24,902,19,1448,25,2350,Not in California
Unknown,2021-04-07,40,3745,27,2906,13,774,0,65,42,936,8,1456,42,2392,Not in California
Unknown,2021-04-08,38,3783,23,2929,11,785,4,69,27,945,22,1478,31,2423,Not in California
Unknown,2021-04-09,41,3824,25,2954,16,801,0,69,32,963,14,1492,32,2455,Not in California
Unknown,2021-04-10,10,3834,9,2963,1,802,0,69,21,977,7,1499,21,2476,Not in California
Unknown,2021-04-11,14,3848,10,2973,4,806,0,69,6,974,9,1508,6,2482,Not in California
Unknown,2021-04-12,40,3888,23,2996,16,822,1,70,29,981,23,1531,30,2512,Not in California
Unknown,2021-04-13,69,3957,26,3022,43,865,0,70,38,978,41,1572,38,2550,Not in California
Unknown,2021-04-14,34,3991,10,3032,24,889,0,70,21,973,26,1598,21,2571,Not in California
Unknown,2021-04-15,42,4033,17,3049,24,913,1,71,19,964,29,1627,20,2591,Not in California
Unknown,2021-04-16,53,4086,39,3088,14,927,0,71,50,993,21,1648,50,2641,Not in California
Unknown,2021-04-17,27,4113,15,3103,12,939,0,71,14,989,19,1667,15,2656,Not in California
Unknown,2021-04-18,19,4132,7,3110,12,951,0,71,10,987,12,1679,10,2666,Not in California
Unknown,2021-04-19,36,4168,22,3132,14,965,0,71,42,1011,18,1697,42,2708,Not in California
Unknown,2021-04-20,25,4193,14,3146,11,976,0,71,20,1011,20,1717,20,2728,Not in California
Unknown,2021-04-21,38,4231,16,3162,22,998,0,71,42,1027,26,1743,42,2770,Not in California
Unknown,2021-04-22,23,4254,14,3176,9,1007,0,71,5,1014,18,1761,5,2775,Not in California
Unknown,2021-04-23,34,4288,15,3191,19,1026,0,71,20,1021,13,1774,20,2795,Not in California
Unknown,2021-04-24,38,4326,23,3214,15,1041,0,71,28,1039,10,1784,28,2823,Not in California
Unknown,2021-04-25,23,4349,9,3223,14,1055,0,71,12,1040,11,1795,12,2835,Not in California
Unknown,2021-04-26,19,4368,12,3235,7,1062,0,71,6,1033,13,1808,6,2841,Not in California
Unknown,2021-04-27,24,4392,9,3244,15,1077,0,71,7,1023,17,1825,7,2848,Not in California
Unknown,2021-04-28,49,4441,41,3285,7,1084,1,72,21,1017,28,1853,22,2870,Not in California
Unknown,2021-04-29,36,4477,21,3306,15,1099,0,72,12,1005,24,1877,12,2882,Not in California
Unknown,2021-04-30,31,4508,14,3320,12,1111,5,77,16,1011,15,1892,21,2903,Not in California
Unknown,2021-05-01,34,4542,26,3346,7,1118,1,78,20,1018,14,1906,21,2924,Not in California
Unknown,2021-05-02,14,4556,7,3353,6,1124,1,79,6,1017,8,1914,7,2931,Not in California
Unknown,2021-05-03,220,4776,157,3510,41,1165,22,101,166,1151,54,1968,188,3119,Not in California
Unknown,2021-05-04,287,5063,164,3674,82,1247,41,142,215,1336,71,2039,256,3375,Not in California
Unknown,2021-05-05,310,5373,178,3852,92,1339,40,182,240,1547,70,2109,281,3656,Not in California
Unknown,2021-05-06,304,5677,169,4021,102,1441,33,215,232,1741,71,2180,265,3921,Not in California
Unknown,2021-05-07,333,6010,187,4208,102,1543,44,259,249,1950,84,2264,293,4214,Not in California
Unknown,2021-05-08,265,6275,153,4361,83,1626,29,288,216,2148,47,2311,245,4459,Not in California
Unknown,2021-05-09,227,6502,155,4516,50,1676,22,310,186,2315,41,2352,208,4667,Not in California
Unknown,2021-05-10,208,6710,126,4642,60,1736,22,332,140,2410,67,2419,162,4829,Not in California
Unknown,2021-05-11,91,6801,87,4729,1,1737,3,335,71,2464,20,2439,74,4903,Not in California
Unknown,2021-05-12,34,6835,34,4763,0,1737,0,335,1,2432,33,2472,1,4904,Not in California
Alameda,2020-12-15,36,36,36,36,0,0,0,0,36,36,0,0,36,36,California
Alameda,2020-12-16,206,242,206,242,0,0,0,0,206,242,0,0,206,242,California
Alameda,2020-12-17,396,638,396,638,0,0,0,0,396,638,0,0,396,638,California
Alameda,2020-12-18,1775,2413,1775,2413,0,0,0,0,1775,2413,0,0,1775,2413,California
Alameda,2020-12-19,1353,3766,1353,3766,0,0,0,0,1353,3766,0,0,1353,3766,California
Alameda,2020-12-20,1162,4928,1161,4927,1,1,0,0,1161,4926,1,1,1161,4927,California
Alameda,2020-12-21,1861,6789,1859,6786,2,3,0,0,1860,6786,0,1,1860,6787,California
Alameda,2020-12-22,2100,8889,2047,8833,53,56,0,0,2100,8886,0,1,2100,8887,California
Alameda,2020-12-23,1943,10832,1685,10518,258,314,0,0,1944,10830,0,1,1944,10831,California
Alameda,2020-12-24,1220,12052,760,11278,460,774,0,0,1220,12050,0,1,1220,12051,California
Alameda,2020-12-25,166,12218,129,11407,37,811,0,0,166,12216,0,1,166,12217,California
Alameda,2020-12-26,870,13088,326,11733,544,1355,0,0,870,13086,0,1,870,13087,California
Alameda,2020-12-27,498,13586,256,11989,242,1597,0,0,498,13584,0,1,498,13585,California
Alameda,2020-12-28,1885,15471,959,12948,926,2523,0,0,1885,15469,0,1,1885,15470,California
Alameda,2020-12-29,2431,17902,1025,13973,1406,3929,0,0,2430,17899,0,1,2430,17900,California
Alameda,2020-12-30,3132,21034,1365,15338,1767,5696,0,0,3134,21033,0,1,3134,21034,California
Alameda,2020-12-31,1796,22830,443,15781,1353,7049,0,0,1794,22826,1,2,1794,22828,California
Alameda,2021-01-01,172,23002,70,15851,102,7151,0,0,171,22996,1,3,171,22999,California
Alameda,2021-01-02,727,23729,524,16375,203,7354,0,0,726,23722,0,3,726,23725,California
Alameda,2021-01-03,343,24072,222,16597,121,7475,0,0,340,24059,3,6,340,24065,California
Alameda,2021-01-04,1648,25720,943,17540,705,8180,0,0,1636,25684,11,17,1636,25701,California
Alameda,2021-01-05,2208,27928,1266,18806,942,9122,0,0,1972,27423,233,250,1972,27673,California
Alameda,2021-01-06,3249,31177,1782,20588,1467,10589,0,0,2428,29035,818,1068,2430,30103,California
Alameda,2021-01-07,3777,34954,2113,22701,1664,12253,0,0,2688,30647,1080,2148,2692,32795,California
Alameda,2021-01-08,4739,39693,2706,25407,2033,14286,0,0,3110,32136,1625,3773,3114,35909,California
Alameda,2021-01-09,2034,41727,1388,26795,646,14932,0,0,1173,32448,861,4634,1173,37082,California
Alameda,2021-01-10,1068,42795,846,27641,222,15154,0,0,428,32235,641,5275,428,37510,California
Alameda,2021-01-11,4650,47445,3515,31156,1135,16289,0,0,2856,33305,1793,7068,2863,40373,California
Alameda,2021-01-12,4831,52276,3251,34407,1580,17869,0,0,3439,35356,1391,8459,3442,43815,California
Alameda,2021-01-13,5045,57321,2665,37072,2380,20249,0,0,3856,38028,1185,9644,3857,47672,California
Alameda,2021-01-14,5638,62959,2772,39844,2866,23115,0,0,4752,41905,878,10522,4755,52427,California
Alameda,2021-01-15,5842,68801,2314,42158,3528,26643,0,0,5075,46223,761,11283,5079,57506,California
Alameda,2021-01-16,3007,71808,1409,43567,1598,28241,0,0,2737,48691,270,11553,2738,60244,California
Alameda,2021-01-17,1869,73677,1083,44650,786,29027,0,0,1662,50148,206,11759,1663,61907,California
Alameda,2021-01-18,3200,76877,2055,46705,1145,30172,0,0,2605,52167,591,12350,2610,64517,California
Alameda,2021-01-19,5530,82407,3334,50039,2196,32368,0,0,4337,55315,1191,13541,4339,68856,California
Alameda,2021-01-20,6780,89187,4111,54150,2669,35037,0,0,5483,59518,1284,14825,5487,74343,California
Alameda,2021-01-21,7780,96967,3406,57556,4374,39411,0,0,6942,65633,832,15657,6947,81290,California
Alameda,2021-01-22,6850,103817,2038,59594,4812,44223,0,0,5711,70214,1132,16789,5713,87003,California
Alameda,2021-01-23,3290,107107,947,60541,2343,46566,0,0,2735,72396,555,17344,2737,89740,California
Alameda,2021-01-24,2052,109159,656,61197,1396,47962,0,0,1776,73900,272,17616,1776,91516,California
Alameda,2021-01-25,5221,114380,1984,63181,3237,51199,0,0,3634,75956,1579,19195,3635,95151,California
Alameda,2021-01-26,7253,121633,2291,65472,4962,56161,0,0,5392,79495,1854,21049,5393,100544,California
Alameda,2021-01-27,6669,128302,2076,67548,4593,60754,0,0,4820,82480,1835,22884,4820,105364,California
Alameda,2021-01-28,7898,136200,2549,70097,5349,66103,0,0,5656,85911,2226,25110,5657,111021,California
Alameda,2021-01-29,7928,144128,3184,73281,4744,70847,0,0,6104,90202,1814,26924,6105,117126,California
Alameda,2021-01-30,3423,147551,1675,74956,1748,72595,0,0,2717,92219,700,27624,2717,119843,California
Alameda,2021-01-31,1906,149457,965,75921,941,73536,0,0,1662,93640,241,27865,1662,121505,California
Alameda,2021-02-01,5973,155430,3367,79288,2606,76142,0,0,4331,96336,1636,29501,4332,125837,California
Alameda,2021-02-02,7473,162903,4256,83544,3217,79359,0,0,4675,98223,2788,32289,4675,130512,California
Alameda,2021-02-03,7085,169988,3730,87274,3355,82714,0,0,4405,99959,2674,34963,4410,134922,California
Alameda,2021-02-04,9524,179512,4129,91403,5395,88109,0,0,6433,103325,3072,38035,6438,141360,California
Alameda,2021-02-05,10343,189855,5396,96799,4947,93056,0,0,6469,105932,3868,41903,6475,147835,California
Alameda,2021-02-06,6998,196853,4437,101236,2561,95617,0,0,5875,110684,1123,43026,5875,153710,California
Alameda,2021-02-07,3585,200438,2895,104131,690,96307,0,0,2641,112385,941,43967,2642,156352,California
Alameda,2021-02-08,8101,208539,5790,109921,2311,98618,0,0,5544,115385,2546,46513,5546,161898,California
Alameda,2021-02-09,9722,218261,5865,115786,3857,102475,0,0,6071,117813,3645,50158,6073,167971,California
Alameda,2021-02-10,11471,229732,6784,122570,4687,107162,0,0,6572,119512,4881,55039,6580,174551,California
Alameda,2021-02-11,13940,243672,7990,130560,5950,113112,0,0,8376,122345,5546,60585,8379,182930,California
Alameda,2021-02-12,12544,256216,5700,136260,6844,119956,0,0,7762,125342,4768,65353,7765,190695,California
Alameda,2021-02-13,7820,264036,4070,140330,3750,123706,0,0,5854,129237,1961,67314,5856,196551,California
Alameda,2021-02-14,4035,268071,2538,142868,1497,125203,0,0,2872,130953,1159,68473,2875,199426,California
Alameda,2021-02-15,5717,273788,3226,146094,2491,127694,0,0,3702,132648,2010,70483,3705,203131,California
Alameda,2021-02-16,12541,286329,6961,153055,5580,133274,0,0,9322,138766,3209,73692,9327,212458,California
Alameda,2021-02-17,14118,300447,8359,161414,5759,139033,0,0,10489,145646,3611,77303,10491,222949,California
Alameda,2021-02-18,15879,316326,10069,171483,5810,144843,0,0,11522,152825,4349,81652,11528,234477,California
Alameda,2021-02-19,17662,333988,11453,182936,6209,151052,0,0,11702,158593,5938,87590,11706,246183,California
Alameda,2021-02-20,11870,345858,9616,192552,2254,153306,0,0,9145,165024,2720,90310,9151,255334,California
Alameda,2021-02-21,6253,352111,5321,197873,932,154238,0,0,3773,166328,2469,92779,3773,259107,California
Alameda,2021-02-22,10717,362828,7933,205806,2784,157022,0,0,6752,169138,3951,96730,6761,265868,California
Alameda,2021-02-23,12741,375569,7734,213540,5007,162029,0,0,7924,172262,4807,101537,7931,273799,California
Alameda,2021-02-24,14671,390240,8218,221758,6453,168482,0,0,9512,176681,5098,106635,9517,283316,California
Alameda,2021-02-25,15648,405888,9140,230898,6508,174990,0,0,9967,181006,5649,112284,9974,293290,California
Alameda,2021-02-26,18113,424001,10646,241544,7467,182457,0,0,11712,186362,6360,118644,11716,305006,California
Alameda,2021-02-27,14731,438732,10833,252377,3896,186353,2,2,9121,189899,5588,124232,9125,314131,California
Alameda,2021-02-28,9166,447898,7724,260101,1442,187795,0,2,6082,192921,3061,127293,6083,320214,California
Alameda,2021-03-01,13282,461180,9226,269327,4050,191845,6,8,8230,196156,5007,132300,8242,328456,California
Alameda,2021-03-02,13854,475034,9628,278955,4225,196070,1,9,8899,200129,4934,137234,8907,337363,California
Alameda,2021-03-03,15424,490458,10016,288971,5407,201477,1,10,10505,205748,4891,142125,10510,347873,California
Alameda,2021-03-04,17333,507791,11082,300053,6249,207726,2,12,10891,210233,6408,148533,10893,358766,California
Alameda,2021-03-05,15879,523670,10250,310303,5620,213346,9,21,10647,215702,5193,153726,10662,369428,California
Alameda,2021-03-06,14272,537942,9987,320290,4023,217369,262,283,9371,220479,4858,158584,9635,379063,California
Alameda,2021-03-07,9366,547308,8141,328431,1144,218513,81,364,6587,224398,2751,161335,6670,385733,California
Alameda,2021-03-08,11678,558986,7185,335616,4114,222627,379,743,8669,230487,2959,164294,9048,394781,California
Alameda,2021-03-09,11429,570415,7063,342679,3938,226565,428,1171,6304,232129,5092,169386,6734,401515,California
Alameda,2021-03-10,16694,587109,11338,354017,4798,231363,558,1729,7562,231138,9107,178493,8116,409631,California
Alameda,2021-03-11,19785,606894,11568,365585,6511,237874,1706,3435,6776,226636,12979,191472,8477,418108,California
Alameda,2021-03-12,21170,628064,12325,377910,7191,245065,1654,5089,7476,222087,13671,205143,9122,427230,California
Alameda,2021-03-13,15850,643914,10106,388016,4757,249822,987,6076,5110,217477,10705,215848,6095,433325,California
Alameda,2021-03-14,10706,654620,7820,395836,2101,251923,785,6861,4644,216853,6045,221893,5421,438746,California
Alameda,2021-03-15,14323,668943,9333,405169,4472,256395,518,7379,6373,215820,7920,229813,6887,445633,California
Alameda,2021-03-16,17185,686128,11122,416291,5529,261924,534,7913,7573,214367,9561,239374,8108,453741,California
Alameda,2021-03-17,17394,703522,9797,426088,6902,268826,695,8608,8180,214064,9177,248551,8874,462615,California
Alameda,2021-03-18,19092,722614,10357,436445,7858,276684,877,9485,8787,213457,10275,258826,9668,472283,California
Alameda,2021-03-19,19134,741748,10363,446808,6986,283670,1785,11270,7661,211472,11425,270251,9440,481723,California
Alameda,2021-03-20,15641,757389,10205,457013,4613,288283,823,12093,6546,209772,9066,279317,7366,489089,California
Alameda,2021-03-21,9065,766454,7106,464119,1426,289709,533,12626,3777,208805,5278,284595,4311,493400,California
Alameda,2021-03-22,14902,781356,10014,474133,3911,293620,977,13603,7178,209259,7698,292293,8152,501552,California
Alameda,2021-03-23,19132,800488,11524,485657,6816,300436,792,14395,10733,212434,8356,300649,11531,513083,California
Alameda,2021-03-24,19024,819512,11456,497113,6576,307012,992,15387,8590,211636,10371,311020,9573,522656,California
Alameda,2021-03-25,20382,839894,11264,508377,7736,314748,1382,16769,9575,211842,10739,321759,10945,533601,California
Alameda,2021-03-26,20695,860589,12391,520768,6768,321516,1536,18305,8875,210468,11775,333534,10401,544002,California
Alameda,2021-03-27,18205,878794,12347,533115,4896,326412,962,19267,7854,208961,10304,343838,8797,552799,California
Alameda,2021-03-28,10439,889233,8454,541569,1781,328193,204,19471,3832,206411,6594,350432,4044,556843,California
Alameda,2021-03-29,14607,903840,9295,550864,4315,332508,997,20468,6285,205404,8288,358720,7281,564124,California
Alameda,2021-03-30,18470,922310,9690,560554,7083,339591,1697,22165,10832,210318,7609,366329,12523,576647,California
Alameda,2021-03-31,19252,941562,10137,570691,7048,346639,2067,24232,9548,212248,9679,376008,11609,588256,California
Alameda,2021-04-01,23079,964641,9995,580686,7587,354226,5497,29729,11034,216755,12011,388019,16518,604774,California
Alameda,2021-04-02,23822,988463,9903,590589,8241,362467,5678,35407,11587,221804,12200,400219,17249,622023,California
Alameda,2021-04-03,20146,1008609,9749,600338,5694,368161,4703,40110,10327,227033,9801,410020,15030,637053,California
Alameda,2021-04-04,9936,1018545,3969,604307,2284,370445,3683,43793,3518,227823,6405,416425,7195,644248,California
Alameda,2021-04-05,17791,1036336,7502,611809,5519,375964,4770,48563,7270,229356,10503,426928,12036,656284,California
Alameda,2021-04-06,22174,1058510,10705,622514,5647,381611,5822,54385,10110,233245,12031,438959,15920,672204,California
Alameda,2021-04-07,22476,1080986,11540,634054,5501,387112,5435,59820,11419,239075,11015,449974,16845,689049,California
Alameda,2021-04-08,25402,1106388,11489,645543,5957,393069,7956,67776,10849,243385,14484,464458,18794,707843,California
Alameda,2021-04-09,23276,1129664,10610,656153,7461,400530,5205,72981,12013,249369,11234,475692,17218,725061,California
Alameda,2021-04-10,18842,1148506,7423,663576,5595,406125,5824,78805,8186,252731,10634,486326,13996,739057,California
Alameda,2021-04-11,10992,1159498,4789,668365,2270,408395,3933,82738,4498,254676,6476,492802,8421,747478,California
Alameda,2021-04-12,17948,1177446,11717,680082,4298,412693,1933,84671,10121,258933,7793,500595,12050,759528,California
Alameda,2021-04-13,23012,1200458,14600,694682,8357,421050,55,84726,16954,269940,6013,506608,17020,776548,California
Alameda,2021-04-14,23123,1223581,15299,709981,7823,428873,1,84727,15700,278257,7391,513999,15708,792256,California
Alameda,2021-04-15,24113,1247694,15410,725391,8701,437574,2,84729,16023,286254,8035,522034,16032,808288,California
Alameda,2021-04-16,24366,1272060,14404,739795,9957,447531,5,84734,15718,293388,8599,530633,15733,824021,California
Alameda,2021-04-17,20768,1292828,14322,754117,6446,453977,0,84734,14315,301298,6419,537052,14329,838350,California
Alameda,2021-04-18,9904,1302732,7568,761685,2336,456313,0,84734,6858,305141,3020,540072,6863,845213,California
Alameda,2021-04-19,15580,1318312,9654,771339,5925,462238,1,84735,8996,307616,6531,546603,9006,854219,California
Alameda,2021-04-20,18091,1336403,11050,782389,7040,469278,1,84736,9887,309374,8150,554753,9908,864127,California
Alameda,2021-04-21,19112,1355515,11195,793584,7909,477187,8,84744,11113,312592,7922,562675,11140,875267,California
Alameda,2021-04-22,21373,1376888,13767,807351,7603,484790,3,84747,11358,314013,9966,572641,11387,886654,California
Alameda,2021-04-23,21660,1398548,14047,821398,7611,492401,2,84749,12117,316665,9492,582133,12144,898798,California
Alameda,2021-04-24,18960,1417508,14386,835784,4567,496968,7,84756,10020,317798,8904,591037,10037,908835,California
Alameda,2021-04-25,8805,1426313,6865,842649,1940,498908,0,84756,5721,320459,3070,594107,5731,914566,California
Alameda,2021-04-26,13214,1439527,9158,851807,4034,502942,22,84778,8252,323807,4934,599041,8282,922848,California
Alameda,2021-04-27,15117,1454644,8896,860703,5916,508858,305,85083,7123,323310,7949,606990,7452,930300,California
Alameda,2021-04-28,15953,1470597,10146,870849,5342,514200,465,85548,6212,320290,9711,616701,6691,936991,California
Alameda,2021-04-29,16657,1487254,10020,880869,6314,520514,323,85871,5968,315958,10645,627346,6313,943304,California
Alameda,2021-04-30,19431,1506685,12005,892874,7086,527600,340,86211,7864,312702,11495,638841,8239,951543,California
Alameda,2021-05-01,13966,1520651,9312,902186,4447,532047,207,86418,5188,309379,8750,647591,5427,956970,California
Alameda,2021-05-02,7040,1527691,4898,907084,1971,534018,171,86589,2866,308264,4157,651748,3042,960012,California
Alameda,2021-05-03,14395,1542086,10904,917988,3177,537195,314,86903,2816,299884,11541,663289,3161,963173,California
Alameda,2021-05-04,18233,1560319,13076,931064,4793,541988,364,87267,3629,289363,14540,677829,4019,967192,California
Alameda,2021-05-05,18430,1578749,13412,944476,4509,546497,509,87776,3751,279018,14619,692448,4274,971466,California
Alameda,2021-05-06,18395,1597144,13916,958392,3825,550322,654,88430,3613,268584,14715,707163,4281,975747,California
Alameda,2021-05-07,19016,1616160,12761,971153,5839,556161,416,88846,4392,258849,14559,721722,4824,980571,California
Alameda,2021-05-08,16393,1632553,11208,982361,4966,561127,219,89065,3102,248930,13252,734974,3333,983904,California
Alameda,2021-05-09,8459,1641012,6886,989247,1425,562552,148,89213,1482,243607,6960,741934,1637,985541,California
Alameda,2021-05-10,9769,1650781,6586,995833,2851,565403,332,89545,2485,239167,7261,749195,2821,988362,California
Alameda,2021-05-11,13030,1663811,6620,1002453,6228,571631,182,89727,2256,230892,10738,759933,2463,990825,California
Alameda,2021-05-12,9252,1673063,6011,1008464,2999,574630,242,89969,1388,224701,7836,767769,1645,992470,California
Alpine,2020-12-18,2,2,2,2,0,0,0,0,2,2,0,0,2,2,California
Alpine,2020-12-19,2,4,2,4,0,0,0,0,2,4,0,0,2,4,California
Alpine,2020-12-21,2,6,2,6,0,0,0,0,2,6,0,0,2,6,California
Alpine,2020-12-30,14,20,0,6,14,14,0,0,14,20,0,0,14,20,California
Alpine,2020-12-31,1,21,0,6,1,15,0,0,1,21,0,0,1,21,California
Alpine,2021-01-01,1,22,0,6,1,16,0,0,1,22,0,0,1,22,California
Alpine,2021-01-02,1,23,1,7,0,16,0,0,1,23,0,0,1,23,California
Alpine,2021-01-04,10,33,0,7,10,26,0,0,10,33,0,0,10,33,California
Alpine,2021-01-05,9,42,1,8,8,34,0,0,9,42,0,0,9,42,California
Alpine,2021-01-06,31,73,0,8,31,65,0,0,31,73,0,0,31,73,California
Alpine,2021-01-07,8,81,0,8,8,73,0,0,8,81,0,0,8,81,California
Alpine,2021-01-08,4,85,2,10,2,75,0,0,2,81,2,2,2,83,California
Alpine,2021-01-09,2,87,2,12,0,75,0,0,0,79,2,4,0,83,California
Alpine,2021-01-11,32,119,1,13,31,106,0,0,31,109,1,5,31,114,California
Alpine,2021-01-13,35,154,0,13,35,141,0,0,35,144,0,5,35,149,California
Alpine,2021-01-14,1,155,0,13,1,142,0,0,1,145,0,5,1,150,California
Alpine,2021-01-15,1,156,0,13,1,143,0,0,1,146,0,5,1,151,California
Alpine,2021-01-20,21,177,0,13,21,164,0,0,21,167,0,5,21,172,California
Alpine,2021-01-21,1,178,0,13,1,165,0,0,1,168,0,5,1,173,California
Alpine,2021-01-22,32,210,0,13,32,197,0,0,32,200,0,5,32,205,California
Alpine,2021-01-23,1,211,1,14,0,197,0,0,0,199,1,6,0,205,California
Alpine,2021-01-25,16,227,0,14,16,213,0,0,16,215,0,6,16,221,California
Alpine,2021-01-27,1,228,1,15,0,213,0,0,0,214,1,7,0,221,California
Alpine,2021-01-28,1,229,0,15,1,214,0,0,0,213,1,8,0,221,California
Alpine,2021-01-29,1,230,0,15,1,215,0,0,1,214,0,8,1,222,California
Alpine,2021-02-01,25,255,0,15,25,240,0,0,7,203,18,26,7,229,California
Alpine,2021-02-03,34,289,0,15,34,274,0,0,10,189,24,50,10,239,California
Alpine,2021-02-04,8,297,0,15,8,282,0,0,3,187,5,55,3,242,California
Alpine,2021-02-05,31,328,0,15,31,313,0,0,12,180,19,74,12,254,California
Alpine,2021-02-06,1,329,1,16,0,313,0,0,1,181,0,74,1,255,California
Alpine,2021-02-07,1,330,1,17,0,313,0,0,1,182,0,74,1,256,California
Alpine,2021-02-08,32,362,0,17,32,345,0,0,4,158,28,102,4,260,California
Alpine,2021-02-10,34,396,0,17,34,379,0,0,0,124,34,136,0,260,California
Alpine,2021-02-11,6,402,0,17,6,385,0,0,3,124,3,139,3,263,California
Alpine,2021-02-12,1,403,0,17,1,386,0,0,0,123,1,140,0,263,California
Alpine,2021-02-17,23,426,0,17,23,409,0,0,3,106,20,160,3,266,California
Alpine,2021-02-18,2,428,0,17,2,411,0,0,1,106,1,161,1,267,California
Alpine,2021-02-19,34,462,1,18,33,444,0,0,2,76,32,193,2,269,California
Alpine,2021-02-22,27,489,0,18,27,471,0,0,8,65,19,212,8,277,California
Alpine,2021-02-24,1,490,1,19,0,471,0,0,1,66,0,212,1,278,California
Alpine,2021-02-25,6,496,1,20,5,476,0,0,6,72,0,212,6,284,California
Alpine,2021-02-26,30,526,1,21,29,505,0,0,29,100,1,213,29,313,California
Alpine,2021-02-27,1,527,0,21,1,506,0,0,1,101,0,213,1,314,California
Alpine,2021-03-01,36,563,0,21,36,542,0,0,26,117,10,223,26,340,California
Alpine,2021-03-02,1,564,1,22,0,542,0,0,0,116,1,224,0,340,California
Alpine,2021-03-03,30,594,1,23,29,571,0,0,18,122,12,236,18,358,California
Alpine,2021-03-04,11,605,1,24,10,581,0,0,11,133,0,236,11,369,California
Alpine,2021-03-05,30,635,0,24,30,611,0,0,22,147,8,244,22,391,California
Alpine,2021-03-08,31,666,0,24,31,642,0,0,29,174,2,246,29,420,California
Alpine,2021-03-10,73,739,0,24,73,715,0,0,73,247,0,246,73,493,California
Alpine,2021-03-11,35,774,0,24,35,750,0,0,31,274,4,250,31,524,California
Alpine,2021-03-12,19,793,0,24,19,769,0,0,17,289,2,252,17,541,California
Alpine,2021-03-15,21,814,1,25,20,789,0,0,20,308,1,253,20,561,California
Alpine,2021-03-17,23,837,0,25,22,811,1,1,19,324,4,257,20,581,California
Alpine,2021-03-18,38,875,3,28,35,846,0,1,35,356,3,260,35,616,California
Alpine,2021-03-19,2,877,1,29,1,847,0,1,1,356,1,261,1,617,California
Alpine,2021-03-22,24,901,0,29,24,871,0,1,15,362,9,270,15,632,California
Alpine,2021-03-24,19,920,0,29,19,890,0,1,8,359,11,281,8,640,California
Alpine,2021-03-25,35,955,1,30,33,923,1,2,28,381,7,288,29,669,California
Alpine,2021-03-27,1,956,0,30,1,924,0,2,0,380,1,289,0,669,California
Alpine,2021-03-28,1,957,1,31,0,924,0,2,1,381,0,289,1,670,California
Alpine,2021-03-29,19,976,0,31,18,942,1,3,2,367,17,306,3,673,California
Alpine,2021-04-01,18,994,0,31,18,960,0,3,8,365,10,316,8,681,California
Alpine,2021-04-02,101,1095,1,32,100,1060,0,3,46,357,54,370,46,727,California
Alpine,2021-04-05,4,1099,1,33,3,1063,0,3,0,353,4,374,0,727,California
Alpine,2021-04-06,3,1102,2,35,1,1064,0,3,2,354,1,375,2,729,California
Alpine,2021-04-07,117,1219,0,35,116,1180,1,4,30,299,86,461,31,760,California
Alpine,2021-04-08,37,1256,0,35,35,1215,2,6,10,284,27,488,12,772,California
Alpine,2021-04-09,1,1257,0,35,1,1216,0,6,1,285,0,488,1,773,California
Alpine,2021-04-14,47,1304,0,35,47,1263,0,6,10,258,37,525,10,783,California
Alpine,2021-04-15,35,1339,0,35,35,1298,0,6,3,229,32,557,3,786,California
Alpine,2021-04-16,1,1340,0,35,1,1299,0,6,1,230,0,557,1,787,California
Alpine,2021-04-19,1,1341,0,35,1,1300,0,6,1,231,0,557,1,788,California
Alpine,2021-04-21,31,1372,0,35,31,1331,0,6,15,230,16,573,15,803,California
Alpine,2021-04-22,24,1396,0,35,24,1355,0,6,1,208,23,596,1,804,California
Alpine,2021-04-24,2,1398,2,37,0,1355,0,6,0,207,2,598,1,805,California
Alpine,2021-04-25,1,1399,1,38,0,1355,0,6,0,206,1,599,0,805,California
Alpine,2021-04-27,2,1401,1,39,1,1356,0,6,1,206,1,600,1,806,California
Alpine,2021-04-28,36,1437,0,39,36,1392,0,6,6,182,30,630,6,812,California
Alpine,2021-04-29,7,1444,1,40,6,1398,0,6,1,177,6,636,1,813,California
Alpine,2021-04-30,2,1446,1,41,0,1398,1,7,1,178,1,637,2,815,California
Alpine,2021-05-02,1,1447,0,41,0,1398,1,8,0,178,1,638,1,816,California
Alpine,2021-05-05,17,1464,0,41,17,1415,0,8,4,169,13,651,4,820,California
Alpine,2021-05-06,7,1471,0,41,7,1422,0,8,0,162,7,658,0,820,California
Alpine,2021-05-07,1,1472,0,41,1,1423,0,8,0,161,1,659,0,820,California
Alpine,2021-05-10,1,1473,0,41,1,1424,0,8,1,162,0,659,1,821,California
Alpine,2021-05-12,1,1474,0,41,0,1424,1,9,0,162,1,660,1,822,California
Amador,2020-12-16,2,2,2,2,0,0,0,0,2,2,0,0,2,2,California
Amador,2020-12-17,5,7,5,7,0,0,0,0,5,7,0,0,5,7,California
Amador,2020-12-18,45,52,45,52,0,0,0,0,45,52,0,0,45,52,California
Amador,2020-12-19,17,69,17,69,0,0,0,0,17,69,0,0,17,69,California
Amador,2020-12-20,4,73,4,73,0,0,0,0,4,73,0,0,4,73,California
Amador,2020-12-21,31,104,31,104,0,0,0,0,31,104,0,0,31,104,California
Amador,2020-12-22,35,139,34,138,1,1,0,0,35,139,0,0,35,139,California
Amador,2020-12-23,39,178,38,176,1,2,0,0,39,178,0,0,39,178,California
Amador,2020-12-24,5,183,3,179,2,4,0,0,5,183,0,0,5,183,California
Amador,2020-12-26,5,188,4,183,1,5,0,0,5,188,0,0,5,188,California
Amador,2020-12-27,1,189,0,183,1,6,0,0,1,189,0,0,1,189,California
Amador,2020-12-28,31,220,27,210,4,10,0,0,31,220,0,0,31,220,California
Amador,2020-12-29,26,246,19,229,7,17,0,0,26,246,0,0,26,246,California
Amador,2020-12-30,124,370,78,307,46,63,0,0,124,370,0,0,124,370,California
Amador,2020-12-31,191,561,166,473,25,88,0,0,191,561,0,0,191,561,California
Amador,2021-01-01,2,563,0,473,2,90,0,0,2,563,0,0,2,563,California
Amador,2021-01-02,56,619,56,529,0,90,0,0,56,619,0,0,56,619,California
Amador,2021-01-03,65,684,17,546,48,138,0,0,65,684,0,0,65,684,California
Amador,2021-01-04,124,808,1,547,123,261,0,0,124,808,0,0,124,808,California
Amador,2021-01-05,33,841,3,550,30,291,0,0,31,838,2,2,32,840,California
Amador,2021-01-06,40,881,10,560,30,321,0,0,36,870,4,6,36,876,California
Amador,2021-01-07,230,1111,69,629,161,482,0,0,218,1076,12,18,218,1094,California
Amador,2021-01-08,84,1195,70,699,14,496,0,0,40,1073,44,62,41,1135,California
Amador,2021-01-09,11,1206,11,710,0,496,0,0,2,1066,9,71,2,1137,California
Amador,2021-01-10,6,1212,4,714,2,498,0,0,2,1064,4,75,2,1139,California
Amador,2021-01-11,124,1336,44,758,80,578,0,0,87,1115,37,112,88,1227,California
Amador,2021-01-12,64,1400,49,807,15,593,0,0,40,1131,24,136,40,1267,California
Amador,2021-01-13,38,1438,23,830,15,608,0,0,26,1145,12,148,26,1293,California
Amador,2021-01-14,146,1584,20,850,126,734,0,0,136,1272,10,158,137,1430,California
Amador,2021-01-15,56,1640,25,875,31,765,0,0,48,1312,8,166,48,1478,California
Amador,2021-01-16,19,1659,12,887,7,772,0,0,13,1320,6,172,14,1492,California
Amador,2021-01-17,26,1685,6,893,20,792,0,0,26,1346,0,172,26,1518,California
Amador,2021-01-18,32,1717,28,921,4,796,0,0,10,1334,22,194,10,1528,California
Amador,2021-01-19,121,1838,96,1017,25,821,0,0,77,1367,44,238,77,1605,California
Amador,2021-01-20,184,2022,34,1051,150,971,0,0,168,1520,15,253,168,1773,California
Amador,2021-01-21,255,2277,224,1275,31,1002,0,0,145,1556,110,363,146,1919,California
Amador,2021-01-22,135,2412,73,1348,62,1064,0,0,128,1677,7,370,128,2047,California
Amador,2021-01-23,52,2464,32,1380,20,1084,0,0,50,1725,2,372,50,2097,California
Amador,2021-01-24,28,2492,12,1392,16,1100,0,0,25,1747,3,375,25,2122,California
Amador,2021-01-25,59,2551,28,1420,31,1131,0,0,42,1772,17,392,42,2164,California
Amador,2021-01-26,245,2796,17,1437,228,1359,0,0,235,1997,10,402,235,2399,California
Amador,2021-01-27,298,3094,31,1468,267,1626,0,0,251,2204,45,447,252,2651,California
Amador,2021-01-28,347,3441,77,1545,270,1896,0,0,286,2430,61,508,287,2938,California
Amador,2021-01-29,96,3537,31,1576,65,1961,0,0,81,2496,15,523,81,3019,California
Amador,2021-01-30,169,3706,36,1612,133,2094,0,0,164,2655,5,528,164,3183,California
Amador,2021-01-31,32,3738,28,1640,4,2098,0,0,31,2685,1,529,31,3214,California
Amador,2021-02-01,63,3801,23,1663,40,2138,0,0,36,2694,27,556,36,3250,California
Amador,2021-02-02,212,4013,63,1726,149,2287,0,0,126,2737,83,639,126,3376,California
Amador,2021-02-03,141,4154,38,1764,103,2390,0,0,90,2777,50,689,90,3466,California
Amador,2021-02-04,250,4404,74,1838,176,2566,0,0,164,2857,86,775,166,3632,California
Amador,2021-02-05,331,4735,63,1901,268,2834,0,0,315,3156,16,791,315,3947,California
Amador,2021-02-06,99,4834,80,1981,19,2853,0,0,95,3247,4,795,95,4042,California
Amador,2021-02-07,39,4873,35,2016,4,2857,0,0,35,3279,4,799,36,4078,California
Amador,2021-02-08,90,4963,62,2078,28,2885,0,0,73,3335,17,816,73,4151,California
Amador,2021-02-09,175,5138,83,2161,92,2977,0,0,110,3380,65,881,110,4261,California
Amador,2021-02-10,978,6116,80,2241,898,3875,0,0,945,4292,33,914,945,5206,California
Amador,2021-02-11,307,6423,119,2360,188,4063,0,0,201,4389,104,1018,201,5407,California
Amador,2021-02-12,328,6751,120,2480,208,4271,0,0,255,4571,73,1091,255,5662,California
Amador,2021-02-13,166,6917,82,2562,84,4355,0,0,140,4685,26,1117,140,5802,California
Amador,2021-02-14,123,7040,54,2616,69,4424,0,0,106,4774,17,1134,106,5908,California
Amador,2021-02-15,185,7225,60,2676,125,4549,0,0,168,4926,16,1150,168,6076,California
Amador,2021-02-16,464,7689,53,2729,411,4960,0,0,425,5313,39,1189,426,6502,California
Amador,2021-02-17,261,7950,82,2811,179,5139,0,0,165,5382,96,1285,165,6667,California
Amador,2021-02-18,398,8348,99,2910,299,5438,0,0,336,5657,62,1347,337,7004,California
Amador,2021-02-19,195,8543,77,2987,118,5556,0,0,112,5686,83,1430,112,7116,California
Amador,2021-02-20,95,8638,33,3020,62,5618,0,0,67,5725,28,1458,67,7183,California
Amador,2021-02-21,45,8683,34,3054,11,5629,0,0,15,5710,30,1488,15,7198,California
Amador,2021-02-22,65,8748,26,3080,39,5668,0,0,32,5710,32,1520,32,7230,California
Amador,2021-02-23,320,9068,54,3134,266,5934,0,0,140,5671,180,1700,141,7371,California
Amador,2021-02-24,394,9462,57,3191,337,6271,0,0,263,5807,127,1827,263,7634,California
Amador,2021-02-25,522,9984,117,3308,405,6676,0,0,280,5846,241,2068,280,7914,California
Amador,2021-02-26,612,10596,75,3383,537,7213,0,0,505,6245,107,2175,506,8420,California
Amador,2021-02-27,293,10889,93,3476,200,7413,0,0,103,6161,189,2364,105,8525,California
Amador,2021-02-28,103,10992,52,3528,51,7464,0,0,57,6174,46,2410,59,8584,California
Amador,2021-03-01,189,11181,66,3594,123,7587,0,0,120,6226,69,2479,121,8705,California
Amador,2021-03-02,380,11561,64,3658,316,7903,0,0,330,6507,50,2529,331,9036,California
Amador,2021-03-03,244,11805,79,3737,165,8068,0,0,168,6601,75,2604,169,9205,California
Amador,2021-03-04,497,12302,116,3853,381,8449,0,0,394,6893,102,2706,394,9599,California
Amador,2021-03-05,511,12813,77,3930,434,8883,0,0,293,6971,217,2923,295,9894,California
Amador,2021-03-06,99,12912,45,3975,53,8936,1,1,54,6981,45,2968,55,9949,California
Amador,2021-03-07,63,12975,42,4017,21,8957,0,1,20,6958,43,3011,20,9969,California
Amador,2021-03-08,152,13127,71,4088,80,9037,1,2,91,6989,61,3072,92,10061,California
Amador,2021-03-09,370,13497,50,4138,320,9357,0,2,292,7206,75,3147,292,10353,California
Amador,2021-03-10,511,14008,76,4214,433,9790,2,4,111,6920,400,3547,114,10467,California
Amador,2021-03-11,474,14482,118,4332,345,10135,11,15,299,7059,174,3721,313,10780,California
Amador,2021-03-12,570,15052,66,4398,496,10631,8,23,338,7179,231,3952,351,11131,California
Amador,2021-03-13,114,15166,18,4416,89,10720,7,30,74,7224,40,3992,85,11216,California
Amador,2021-03-14,89,15255,19,4435,67,10787,3,33,21,7180,68,4060,24,11240,California
Amador,2021-03-15,176,15431,25,4460,144,10931,7,40,53,7119,123,4183,62,11302,California
Amador,2021-03-16,448,15879,54,4514,384,11315,10,50,138,6959,308,4491,148,11450,California
Amador,2021-03-17,193,16072,43,4557,147,11462,3,53,116,7002,77,4568,120,11570,California
Amador,2021-03-18,476,16548,98,4655,374,11836,4,57,249,7032,227,4795,257,11827,California
Amador,2021-03-19,540,17088,56,4711,467,12303,17,74,391,7296,147,4942,411,12238,California
Amador,2021-03-20,110,17198,45,4756,64,12367,1,75,46,7282,63,5005,49,12287,California
Amador,2021-03-21,48,17246,36,4792,11,12378,1,76,31,7300,16,5021,34,12321,California
Amador,2021-03-22,114,17360,32,4824,53,12431,29,105,50,7315,64,5085,79,12400,California
Amador,2021-03-23,433,17793,47,4871,378,12809,8,113,276,7443,156,5241,284,12684,California
Amador,2021-03-24,342,18135,35,4906,54,12863,253,366,34,7423,307,5548,287,12971,California
Amador,2021-03-25,606,18741,84,4990,516,13379,6,372,394,7612,211,5759,400,13371,California
Amador,2021-03-26,741,19482,45,5035,690,14069,6,378,282,7446,457,6216,291,13662,California
Amador,2021-03-27,91,19573,15,5050,74,14143,2,380,27,7413,64,6280,31,13693,California
Amador,2021-03-28,69,19642,15,5065,52,14195,2,382,13,7374,55,6335,16,13709,California
Amador,2021-03-29,180,19822,26,5091,153,14348,1,383,80,7362,98,6433,86,13795,California
Amador,2021-03-30,532,20354,28,5119,503,14851,1,384,294,7420,237,6670,295,14090,California
Amador,2021-03-31,199,20553,57,5176,137,14988,5,389,43,7312,156,6826,48,14138,California
Amador,2021-04-01,615,21168,88,5264,527,15515,0,389,264,7229,349,7175,266,14404,California
Amador,2021-04-02,605,21773,37,5301,556,16071,12,401,383,7404,221,7396,396,14800,California
Amador,2021-04-03,84,21857,20,5321,44,16115,20,421,21,7384,63,7459,43,14843,California
Amador,2021-04-04,38,21895,3,5324,29,16144,6,427,15,7382,23,7482,21,14864,California
Amador,2021-04-05,143,22038,52,5376,74,16218,17,444,48,7355,94,7576,67,14931,California
Amador,2021-04-06,501,22539,37,5413,445,16663,19,463,221,7317,278,7854,240,15171,California
Amador,2021-04-07,99,22638,34,5447,46,16709,19,482,43,7325,54,7908,62,15233,California
Amador,2021-04-08,494,23132,84,5531,389,17098,21,503,221,7295,272,8180,242,15475,California
Amador,2021-04-09,481,23613,21,5552,441,17539,19,522,212,7256,268,8448,229,15704,California
Amador,2021-04-10,50,23663,14,5566,27,17566,9,531,22,7259,28,8476,31,15735,California
Amador,2021-04-11,50,23713,25,5591,21,17587,4,535,23,7260,26,8502,27,15762,California
Amador,2021-04-12,96,23809,24,5615,62,17649,10,545,40,7254,56,8558,50,15812,California
Amador,2021-04-13,344,24153,50,5665,294,17943,0,545,68,7047,275,8833,68,15880,California
Amador,2021-04-14,277,24430,26,5691,251,18194,0,545,176,7123,100,8933,176,16056,California
Amador,2021-04-15,329,24759,72,5763,257,18451,0,545,73,6945,251,9184,73,16129,California
Amador,2021-04-16,482,25241,29,5792,453,18904,0,545,384,7233,96,9280,384,16513,California
Amador,2021-04-17,61,25302,35,5827,26,18930,0,545,27,7226,34,9314,27,16540,California
Amador,2021-04-18,25,25327,5,5832,20,18950,0,545,11,7223,14,9328,11,16551,California
Amador,2021-04-19,69,25396,27,5859,42,18992,0,545,31,7219,37,9365,33,16584,California
Amador,2021-04-20,436,25832,54,5913,382,19374,0,545,111,7014,318,9683,113,16697,California
Amador,2021-04-21,86,25918,34,5947,52,19426,0,545,44,7017,41,9724,44,16741,California
Amador,2021-04-22,495,26413,76,6023,418,19844,1,546,104,6738,384,10108,105,16846,California
Amador,2021-04-23,357,26770,45,6068,312,20156,0,546,286,6956,70,10178,288,17134,California
Amador,2021-04-24,45,26815,23,6091,22,20178,0,546,25,6961,20,10198,25,17159,California
Amador,2021-04-25,37,26852,19,6110,18,20196,0,546,25,6974,12,10210,25,17184,California
Amador,2021-04-26,80,26932,25,6135,54,20250,1,547,39,6974,40,10250,40,17224,California
Amador,2021-04-27,482,27414,36,6171,446,20696,0,547,81,6657,399,10649,82,17306,California
Amador,2021-04-28,67,27481,29,6200,34,20730,4,551,39,6672,28,10677,43,17349,California
Amador,2021-04-29,221,27702,69,6269,44,20774,108,659,64,6686,157,10834,171,17520,California
Amador,2021-04-30,337,28039,26,6295,307,21081,4,663,96,6545,241,11075,100,17620,California
Amador,2021-05-01,43,28082,17,6312,22,21103,4,667,23,6554,18,11093,27,17647,California
Amador,2021-05-02,26,28108,14,6326,9,21112,3,670,9,6550,17,11110,13,17660,California
Amador,2021-05-03,66,28174,32,6358,24,21136,10,680,27,6548,39,11149,37,17697,California
Amador,2021-05-04,462,28636,23,6381,434,21570,5,685,68,6227,394,11543,73,17770,California
Amador,2021-05-05,199,28835,154,6535,37,21607,8,693,162,6360,37,11580,170,17940,California
Amador,2021-05-06,112,28947,54,6589,53,21660,5,698,67,6389,43,11623,72,18012,California
Amador,2021-05-07,126,29073,29,6618,90,21750,7,705,67,6404,59,11682,74,18086,California
Amador,2021-05-08,42,29115,8,6626,30,21780,4,709,19,6404,23,11705,23,18109,California
Amador,2021-05-09,16,29131,0,6626,10,21790,6,715,5,6404,11,11716,11,18120,California
Amador,2021-05-10,63,29194,15,6641,45,21835,3,718,27,6398,36,11752,30,18150,California
Amador,2021-05-11,93,29287,32,6673,35,21870,26,744,44,6419,49,11801,70,18220,California
Amador,2021-05-12,33,29320,16,6689,17,21887,0,744,17,6421,16,11817,18,18238,California
Butte,2020-12-16,3,3,3,3,0,0,0,0,3,3,0,0,3,3,California
Butte,2020-12-17,21,24,21,24,0,0,0,0,21,24,0,0,21,24,California
Butte,2020-12-18,50,74,50,74,0,0,0,0,50,74,0,0,50,74,California
Butte,2020-12-19,7,81,7,81,0,0,0,0,7,81,0,0,7,81,California
Butte,2020-12-20,10,91,10,91,0,0,0,0,10,91,0,0,10,91,California
Butte,2020-12-21,634,725,634,725,0,0,0,0,634,725,0,0,634,725,California
Butte,2020-12-22,618,1343,616,1341,2,2,0,0,618,1343,0,0,618,1343,California
Butte,2020-12-23,869,2212,853,2194,16,18,0,0,869,2212,0,0,869,2212,California
Butte,2020-12-24,159,2371,155,2349,4,22,0,0,159,2371,0,0,159,2371,California
Butte,2020-12-26,93,2464,91,2440,2,24,0,0,93,2464,0,0,93,2464,California
Butte,2020-12-27,35,2499,34,2474,1,25,0,0,35,2499,0,0,35,2499,California
Butte,2020-12-28,279,2778,273,2747,6,31,0,0,279,2778,0,0,279,2778,California
Butte,2020-12-29,203,2981,179,2926,24,55,0,0,203,2981,0,0,203,2981,California
Butte,2020-12-30,513,3494,291,3217,222,277,0,0,513,3494,0,0,513,3494,California
Butte,2020-12-31,211,3705,18,3235,193,470,0,0,211,3705,0,0,211,3705,California
Butte,2021-01-01,8,3713,1,3236,7,477,0,0,8,3713,0,0,8,3713,California
Butte,2021-01-02,41,3754,38,3274,3,480,0,0,41,3754,0,0,41,3754,California
Butte,2021-01-03,4,3758,1,3275,3,483,0,0,4,3758,0,0,4,3758,California
Butte,2021-01-04,208,3966,175,3450,33,516,0,0,208,3966,0,0,208,3966,California
Butte,2021-01-05,196,4162,151,3601,45,561,0,0,195,4160,1,1,195,4161,California
Butte,2021-01-06,623,4785,397,3998,226,787,0,0,618,4774,5,6,619,4780,California
Butte,2021-01-07,761,5546,369,4367,392,1179,0,0,741,5495,20,26,741,5521,California
Butte,2021-01-08,668,6214,529,4896,139,1318,0,0,622,6071,46,72,622,6143,California
Butte,2021-01-09,12,6226,7,4903,5,1323,0,0,7,6073,5,77,7,6150,California
Butte,2021-01-10,19,6245,5,4908,14,1337,0,0,14,6082,5,82,14,6164,California
Butte,2021-01-11,985,7230,949,5857,36,1373,0,0,357,5814,628,710,360,6524,California
Butte,2021-01-12,698,7928,653,6510,45,1418,0,0,274,5664,424,1134,274,6798,California
Butte,2021-01-13,1449,9377,955,7465,494,1912,0,0,615,5447,834,1968,617,7415,California
Butte,2021-01-14,1635,11012,894,8359,741,2653,0,0,1439,6691,195,2163,1439,8854,California
Butte,2021-01-15,1167,12179,925,9284,242,2895,0,0,1058,7639,110,2273,1058,9912,California
Butte,2021-01-16,586,12765,300,9584,286,3181,0,0,541,8135,45,2318,541,10453,California
Butte,2021-01-17,239,13004,64,9648,175,3356,0,0,202,8300,37,2355,202,10655,California
Butte,2021-01-18,344,13348,302,9950,42,3398,0,0,276,8509,67,2422,276,10931,California
Butte,2021-01-19,498,13846,433,10383,65,3463,0,0,225,8461,273,2695,225,11156,California
Butte,2021-01-20,1369,15215,688,11071,681,4144,0,0,1066,9224,303,2998,1066,12222,California
Butte,2021-01-21,1474,16689,866,11937,608,4752,0,0,1366,10483,107,3105,1366,13588,California
Butte,2021-01-22,1135,17824,476,12413,659,5411,0,0,1082,11512,53,3158,1082,14670,California
Butte,2021-01-23,129,17953,87,12500,42,5453,0,0,103,11589,26,3184,103,14773,California
Butte,2021-01-24,9,17962,7,12507,2,5455,0,0,9,11598,0,3184,9,14782,California
Butte,2021-01-25,655,18617,335,12842,320,5775,0,0,492,11927,163,3347,492,15274,California
Butte,2021-01-26,1468,20085,377,13219,1091,6866,0,0,1331,13121,137,3484,1331,16605,California
Butte,2021-01-27,2091,22176,705,13924,1386,8252,0,0,1362,13755,728,4212,1362,17967,California
Butte,2021-01-28,2260,24436,260,14184,2000,10252,0,0,1950,15396,309,4521,1950,19917,California
Butte,2021-01-29,1686,26122,487,14671,1199,11451,0,0,1307,16325,378,4899,1307,21224,California
Butte,2021-01-30,32,26154,9,14680,23,11474,0,0,29,16351,3,4902,29,21253,California
Butte,2021-01-31,16,26170,14,14694,2,11476,0,0,15,16365,1,4903,15,21268,California
Butte,2021-02-01,1749,27919,406,15100,1343,12819,0,0,1361,17340,386,5289,1361,22629,California
Butte,2021-02-02,1931,29850,363,15463,1568,14387,0,0,1628,18664,304,5593,1628,24257,California
Butte,2021-02-03,2732,32582,771,16234,1961,16348,0,0,1842,19618,888,6481,1842,26099,California
Butte,2021-02-04,2958,35540,327,16561,2631,18979,0,0,2402,21466,554,7035,2402,28501,California
Butte,2021-02-05,1264,36804,662,17223,602,19581,0,0,548,21299,716,7751,549,29050,California
Butte,2021-02-06,144,36948,103,17326,41,19622,0,0,62,21279,82,7833,62,29112,California
Butte,2021-02-07,37,36985,33,17359,4,19626,0,0,13,21268,24,7857,13,29125,California
Butte,2021-02-08,691,37676,542,17901,149,19775,0,0,238,21053,453,8310,238,29363,California
Butte,2021-02-09,953,38629,459,18360,494,20269,0,0,723,21546,230,8540,723,30086,California
Butte,2021-02-10,1706,40335,1190,19550,516,20785,0,0,675,21192,1029,9569,675,30761,California
Butte,2021-02-11,2202,42537,1349,20899,853,21638,0,0,1006,21002,1196,10765,1006,31767,California
Butte,2021-02-12,1001,43538,433,21332,568,22206,0,0,330,20662,670,11435,330,32097,California
Butte,2021-02-13,252,43790,44,21376,208,22414,0,0,150,20710,102,11537,150,32247,California
Butte,2021-02-14,161,43951,9,21385,152,22566,0,0,156,20861,5,11542,156,32403,California
Butte,2021-02-15,263,44214,47,21432,216,22782,0,0,198,20994,65,11607,198,32601,California
Butte,2021-02-16,734,44948,433,21865,301,23083,0,0,275,20809,460,12067,275,32876,California
Butte,2021-02-17,1515,46463,848,22713,667,23750,0,0,842,20980,671,12738,842,33718,California
Butte,2021-02-18,1554,48017,760,23473,794,24544,0,0,747,20920,807,13545,747,34465,California
Butte,2021-02-19,1166,49183,387,23860,779,25323,0,0,401,20563,758,14303,401,34866,California
Butte,2021-02-20,475,49658,29,23889,446,25769,0,0,122,20333,352,14655,122,34988,California
Butte,2021-02-21,16,49674,14,23903,2,25771,0,0,11,20339,5,14660,11,34999,California
Butte,2021-02-22,1498,51172,296,24199,1202,26973,0,0,380,19604,1115,15775,380,35379,California
Butte,2021-02-23,1634,52806,297,24496,1337,28310,0,0,463,18901,1166,16941,463,35842,California
Butte,2021-02-24,2135,54941,596,25092,1539,29849,0,0,728,18230,1399,18340,728,36570,California
Butte,2021-02-25,2077,57018,579,25671,1498,31347,0,0,655,17469,1417,19757,656,37226,California
Butte,2021-02-26,921,57939,311,25982,610,31957,0,0,398,17347,520,20277,398,37624,California
Butte,2021-02-27,235,58174,48,26030,187,32144,0,0,186,17486,47,20324,186,37810,California
Butte,2021-02-28,140,58314,16,26046,124,32268,0,0,132,17610,8,20332,132,37942,California
Butte,2021-03-01,1629,59943,178,26224,1450,33718,1,1,329,16643,1297,21629,330,38272,California
Butte,2021-03-02,1742,61685,196,26420,1546,35264,0,1,309,15523,1429,23058,309,38581,California
Butte,2021-03-03,2783,64468,848,27268,1935,37199,0,1,482,13705,2300,25358,482,39063,California
Butte,2021-03-04,3141,67609,678,27946,2463,39662,0,1,622,11809,2518,27876,622,39685,California
Butte,2021-03-05,1349,68958,617,28563,731,40393,1,2,736,11936,610,28486,737,40422,California
Butte,2021-03-06,247,69205,27,28590,197,40590,23,25,186,12085,60,28546,209,40631,California
Butte,2021-03-07,55,69260,3,28593,35,40625,17,42,30,12107,25,28571,47,40678,California
Butte,2021-03-08,1265,70525,129,28722,1059,41684,77,119,1100,13122,162,28733,1177,41855,California
Butte,2021-03-09,1900,72425,279,29001,1518,43202,103,222,1413,14153,485,29218,1516,43371,California
Butte,2021-03-10,2321,74746,965,29966,1255,44457,101,323,1579,15095,737,29955,1679,45050,California
Butte,2021-03-11,2808,77554,1315,31281,1367,45824,126,449,1982,16388,815,30770,2108,47158,California
Butte,2021-03-12,1144,78698,329,31610,466,46290,349,798,355,16309,783,31553,704,47862,California
Butte,2021-03-13,253,78951,67,31677,137,46427,49,847,64,16232,189,31742,112,47974,California
Butte,2021-03-14,161,79112,15,31692,104,46531,42,889,21,16156,139,31881,63,48037,California
Butte,2021-03-15,1719,80831,360,32052,1066,47597,293,1182,1125,16986,588,32469,1418,49455,California
Butte,2021-03-16,1630,82461,417,32469,1135,48732,78,1260,1090,17616,537,33006,1167,50622,California
Butte,2021-03-17,1952,84413,1358,33827,513,49245,81,1341,1134,18020,810,33816,1214,51836,California
Butte,2021-03-18,1805,86218,1462,35289,214,49459,129,1470,1062,18473,737,34553,1190,53026,California
Butte,2021-03-19,699,86917,313,35602,302,49761,84,1554,346,18559,344,34897,430,53456,California
Butte,2021-03-20,205,87122,32,35634,157,49918,16,1570,93,18556,112,35009,109,53565,California
Butte,2021-03-21,58,87180,27,35661,2,49920,29,1599,15,18557,43,35052,44,53609,California
Butte,2021-03-22,1461,88641,353,36014,1014,50934,94,1693,1196,19584,263,35315,1290,54899,California
Butte,2021-03-23,1805,90446,493,36507,1198,52132,114,1807,1455,20806,347,35662,1569,56468,California
Butte,2021-03-24,2247,92693,1266,37773,855,52987,126,1933,1701,22090,542,36204,1826,58294,California
Butte,2021-03-25,1489,94182,1205,38978,192,53179,92,2025,1024,22745,461,36665,1116,59410,California
Butte,2021-03-26,1212,95394,442,39420,524,53703,246,2271,567,22921,637,37302,813,60223,California
Butte,2021-03-27,299,95693,83,39503,192,53895,24,2295,132,22911,164,37466,154,60377,California
Butte,2021-03-28,226,95919,43,39546,175,54070,8,2303,101,22897,122,37588,108,60485,California
Butte,2021-03-29,1721,97640,381,39927,1270,55340,70,2373,1306,23863,410,37998,1376,61861,California
Butte,2021-03-30,1041,98681,471,40398,480,55820,90,2463,498,23914,537,38535,588,62449,California
Butte,2021-03-31,1778,100459,1304,41702,407,56227,67,2530,1089,24387,683,39218,1156,63605,California
Butte,2021-04-01,3279,103738,2663,44365,489,56716,127,2657,2211,25663,1063,40281,2339,65944,California
Butte,2021-04-02,997,104735,417,44782,460,57176,120,2777,558,25908,431,40712,676,66620,California
Butte,2021-04-03,346,105081,47,44829,224,57400,75,2852,167,25971,179,40891,242,66862,California
Butte,2021-04-04,184,105265,23,44852,138,57538,23,2875,106,26024,76,40967,129,66991,California
Butte,2021-04-05,1958,107223,422,45274,1366,58904,170,3045,597,25438,1352,42319,766,67757,California
Butte,2021-04-06,2188,109411,617,45891,1151,60055,420,3465,790,25254,1392,43711,1208,68965,California
Butte,2021-04-07,3006,112417,1312,47203,1302,61357,392,3857,696,24038,2304,46015,1088,70053,California
Butte,2021-04-08,2723,115140,1189,48392,1269,62626,265,4122,441,22464,2280,48295,706,70759,California
Butte,2021-04-09,1367,116507,349,48741,538,63164,480,4602,328,22233,1036,49331,805,71564,California
Butte,2021-04-10,219,116726,48,48789,74,63238,97,4699,96,22303,122,49453,192,71756,California
Butte,2021-04-11,105,116831,44,48833,51,63289,10,4709,81,22372,22,49475,91,71847,California
Butte,2021-04-12,1408,118239,316,49149,959,64248,133,4842,254,21605,1154,50629,387,72234,California
Butte,2021-04-13,1636,119875,570,49719,1060,65308,6,4848,347,20677,1282,51911,354,72588,California
Butte,2021-04-14,2829,122704,2339,52058,490,65798,0,4848,1313,20480,1511,53422,1314,73902,California
Butte,2021-04-15,636,123340,392,52450,244,66042,0,4848,480,20807,153,53575,480,74382,California
Butte,2021-04-16,809,124149,416,52866,393,66435,0,4848,474,20949,332,53907,474,74856,California
Butte,2021-04-17,340,124489,61,52927,279,66714,0,4848,238,21087,100,54007,238,75094,California
Butte,2021-04-18,39,124528,9,52936,30,66744,0,4848,35,21118,4,54011,35,75129,California
Butte,2021-04-19,1558,126086,380,53316,1178,67922,0,4848,447,20458,1107,55118,447,75576,California
Butte,2021-04-20,1969,128055,717,54033,1252,69174,0,4848,777,20049,1186,56304,777,76353,California
Butte,2021-04-21,2049,130104,1165,55198,884,70058,0,4848,480,18966,1563,57867,480,76833,California
Butte,2021-04-22,2190,132294,1912,57110,278,70336,0,4848,613,18006,1573,59440,613,77446,California
Butte,2021-04-23,947,133241,447,57557,500,70836,0,4848,491,18042,455,59895,491,77937,California
Butte,2021-04-24,345,133586,138,57695,207,71043,0,4848,191,18079,154,60049,191,78128,California
Butte,2021-04-25,171,133757,67,57762,104,71147,0,4848,63,18034,108,60157,63,78191,California
Butte,2021-04-26,1468,135225,408,58170,1055,72202,5,4853,410,17394,1055,61212,415,78606,California
Butte,2021-04-27,904,136129,613,58783,263,72465,28,4881,546,17614,354,61566,574,79180,California
Butte,2021-04-28,1391,137520,935,59718,432,72897,24,4905,498,17248,888,62454,522,79702,California
Butte,2021-04-29,876,138396,540,60258,311,73208,25,4930,296,16993,576,63030,321,80023,California
Butte,2021-04-30,892,139288,387,60645,484,73692,21,4951,452,17029,436,63466,472,80495,California
Butte,2021-05-01,239,139527,64,60709,156,73848,19,4970,72,16954,166,63632,91,80586,California
Butte,2021-05-02,146,139673,60,60769,73,73921,13,4983,42,16905,104,63736,55,80641,California
Butte,2021-05-03,607,140280,248,61017,326,74247,33,5016,152,16645,445,64181,185,80826,California
Butte,2021-05-04,809,141089,308,61325,467,74714,34,5050,205,16285,598,64779,238,81064,California
Butte,2021-05-05,1333,142422,1090,62415,206,74920,37,5087,272,15537,1057,65836,309,81373,California
Butte,2021-05-06,910,143332,649,63064,218,75138,43,5130,346,15366,560,66396,389,81762,California
Butte,2021-05-07,571,143903,298,63362,235,75373,38,5168,290,15416,278,66674,328,82090,California
Butte,2021-05-08,169,144072,34,63396,123,75496,12,5180,87,15434,81,66755,99,82189,California
Butte,2021-05-09,87,144159,17,63413,67,75563,3,5183,43,15436,44,66799,46,82235,California
Butte,2021-05-10,514,144673,305,63718,163,75726,46,5229,206,15385,303,67102,252,82487,California
Butte,2021-05-11,799,145472,611,64329,131,75857,57,5286,247,15139,550,67652,304,82791,California
Butte,2021-05-12,533,146005,409,64738,109,75966,15,5301,220,15062,312,67964,235,83026,California
Calaveras,2020-12-16,5,5,5,5,0,0,0,0,5,5,0,0,5,5,California
Calaveras,2020-12-17,3,8,3,8,0,0,0,0,3,8,0,0,3,8,California
Calaveras,2020-12-18,38,46,38,46,0,0,0,0,38,46,0,0,38,46,California
Calaveras,2020-12-19,3,49,3,49,0,0,0,0,3,49,0,0,3,49,California
Calaveras,2020-12-20,3,52,3,52,0,0,0,0,3,52,0,0,3,52,California
Calaveras,2020-12-21,55,107,48,100,7,7,0,0,55,107,0,0,55,107,California
Calaveras,2020-12-22,82,189,78,178,4,11,0,0,83,190,0,0,83,190,California
Calaveras,2020-12-23,76,265,74,252,2,13,0,0,76,266,0,0,76,266,California
Calaveras,2020-12-24,2,267,2,254,0,13,0,0,2,268,0,0,2,268,California
Calaveras,2020-12-26,3,270,3,257,0,13,0,0,3,271,0,0,3,271,California
Calaveras,2020-12-28,22,292,18,275,4,17,0,0,21,291,1,1,21,292,California
Calaveras,2020-12-29,167,459,147,422,20,37,0,0,167,458,0,1,167,459,California
Calaveras,2020-12-30,93,552,81,503,12,49,0,0,93,551,0,1,93,552,California
Calaveras,2020-12-31,35,587,25,528,10,59,0,0,35,586,0,1,35,587,California
Calaveras,2021-01-02,11,598,11,539,0,59,0,0,11,597,0,1,11,598,California
Calaveras,2021-01-03,10,608,4,543,6,65,0,0,10,607,0,1,10,608,California
Calaveras,2021-01-04,33,641,5,548,28,93,0,0,33,640,0,1,33,641,California
Calaveras,2021-01-05,40,681,9,557,31,124,0,0,32,669,8,9,37,678,California
Calaveras,2021-01-06,107,788,30,587,77,201,0,0,97,756,10,19,97,775,California
Calaveras,2021-01-07,105,893,26,613,79,280,0,0,92,838,11,30,93,868,California
Calaveras,2021-01-08,68,961,38,651,30,310,0,0,45,861,23,53,46,914,California
Calaveras,2021-01-09,5,966,5,656,0,310,0,0,2,860,3,56,2,916,California
Calaveras,2021-01-10,2,968,0,656,2,312,0,0,2,862,0,56,2,918,California
Calaveras,2021-01-11,65,1033,59,715,6,318,0,0,27,854,37,93,29,947,California
Calaveras,2021-01-12,85,1118,52,767,33,351,0,0,52,874,33,126,53,1000,California
Calaveras,2021-01-13,109,1227,44,811,65,416,0,0,75,916,34,160,76,1076,California
Calaveras,2021-01-14,138,1365,41,852,97,513,0,0,105,990,32,192,106,1182,California
Calaveras,2021-01-15,91,1456,29,881,62,575,0,0,71,1041,20,212,71,1253,California
Calaveras,2021-01-16,13,1469,2,883,11,586,0,0,12,1052,1,213,12,1265,California
Calaveras,2021-01-17,9,1478,1,884,8,594,0,0,9,1061,0,213,9,1274,California
Calaveras,2021-01-18,132,1610,19,903,113,707,0,0,119,1170,13,226,122,1396,California
Calaveras,2021-01-19,203,1813,173,1076,30,737,0,0,62,1093,140,366,63,1459,California
Calaveras,2021-01-20,376,2189,82,1158,294,1031,0,0,290,1308,85,451,300,1759,California
Calaveras,2021-01-21,462,2651,40,1198,422,1453,0,0,433,1719,29,480,440,2199,California
Calaveras,2021-01-22,401,3052,23,1221,378,1831,0,0,390,2106,11,491,398,2597,California
Calaveras,2021-01-23,22,3074,10,1231,12,1843,0,0,18,2120,4,495,18,2615,California
Calaveras,2021-01-24,13,3087,8,1239,5,1848,0,0,11,2129,2,497,11,2626,California
Calaveras,2021-01-25,85,3172,8,1247,77,1925,0,0,80,2204,5,502,80,2706,California
Calaveras,2021-01-26,47,3219,15,1262,32,1957,0,0,39,2235,8,510,39,2745,California
Calaveras,2021-01-27,133,3352,43,1305,90,2047,0,0,105,2313,27,537,105,2850,California
Calaveras,2021-01-28,164,3516,24,1329,140,2187,0,0,141,2434,23,560,144,2994,California
Calaveras,2021-01-29,387,3903,11,1340,376,2563,0,0,362,2780,25,585,371,3365,California
Calaveras,2021-01-30,27,3930,10,1350,17,2580,0,0,25,2805,0,585,25,3390,California
Calaveras,2021-01-31,6,3936,4,1354,2,2582,0,0,5,2809,1,586,5,3395,California
Calaveras,2021-02-01,24,3960,11,1365,13,2595,0,0,17,2819,7,593,17,3412,California
Calaveras,2021-02-02,109,4069,22,1387,87,2682,0,0,71,2857,34,627,72,3484,California
Calaveras,2021-02-03,429,4498,42,1429,387,3069,0,0,346,3122,82,709,347,3831,California
Calaveras,2021-02-04,381,4879,25,1454,356,3425,0,0,297,3337,84,793,299,4130,California
Calaveras,2021-02-05,78,4957,22,1476,56,3481,0,0,40,3340,38,831,41,4171,California
Calaveras,2021-02-06,21,4978,12,1488,9,3490,0,0,21,3361,0,831,21,4192,California
Calaveras,2021-02-07,4,4982,1,1489,3,3493,0,0,2,3361,2,833,2,4194,California
Calaveras,2021-02-08,38,5020,17,1506,21,3514,0,0,30,3385,6,839,30,4224,California
Calaveras,2021-02-09,193,5213,77,1583,116,3630,0,0,131,3461,56,895,132,4356,California
Calaveras,2021-02-10,513,5726,31,1614,482,4112,0,0,442,3836,71,966,446,4802,California
Calaveras,2021-02-11,583,6309,81,1695,502,4614,0,0,473,4205,107,1073,476,5278,California
Calaveras,2021-02-12,570,6879,325,2020,245,4859,0,0,494,4627,74,1147,496,5774,California
Calaveras,2021-02-13,193,7072,37,2057,156,5015,0,0,178,4790,15,1162,178,5952,California
Calaveras,2021-02-14,221,7293,71,2128,150,5165,0,0,206,4982,14,1176,206,6158,California
Calaveras,2021-02-15,383,7676,23,2151,360,5525,0,0,263,5128,117,1293,263,6421,California
Calaveras,2021-02-16,267,7943,143,2294,124,5649,0,0,230,5322,37,1330,231,6652,California
Calaveras,2021-02-17,509,8452,38,2332,471,6120,0,0,210,5244,290,1620,212,6864,California
Calaveras,2021-02-18,499,8951,91,2423,408,6528,0,0,99,4955,388,2008,99,6963,California
Calaveras,2021-02-19,440,9391,43,2466,397,6925,0,0,98,4721,332,2340,98,7061,California
Calaveras,2021-02-20,59,9450,15,2481,44,6969,0,0,48,4758,11,2351,48,7109,California
Calaveras,2021-02-21,23,9473,14,2495,9,6978,0,0,19,4773,4,2355,19,7128,California
Calaveras,2021-02-22,62,9535,38,2533,24,7002,0,0,33,4777,29,2384,33,7161,California
Calaveras,2021-02-23,125,9660,40,2573,85,7087,0,0,89,4831,36,2420,90,7251,California
Calaveras,2021-02-24,96,9756,47,2620,49,7136,0,0,66,4868,29,2449,66,7317,California
Calaveras,2021-02-25,550,10306,99,2719,451,7587,0,0,359,5040,187,2636,359,7676,California
Calaveras,2021-02-26,705,11011,46,2765,659,8246,0,0,369,5091,320,2956,371,8047,California
Calaveras,2021-02-27,205,11216,22,2787,183,8429,0,0,181,5248,24,2980,181,8228,California
Calaveras,2021-02-28,99,11315,16,2803,83,8512,0,0,93,5336,5,2985,93,8321,California
Calaveras,2021-03-01,226,11541,40,2843,186,8698,0,0,146,5405,78,3063,147,8468,California
Calaveras,2021-03-02,248,11789,96,2939,152,8850,0,0,202,5565,43,3106,203,8671,California
Calaveras,2021-03-03,510,12299,103,3042,407,9257,0,0,213,5486,292,3398,213,8884,California
Calaveras,2021-03-04,742,13041,66,3108,675,9932,1,1,351,5455,383,3781,352,9236,California
Calaveras,2021-03-05,456,13497,271,3379,181,10113,4,5,141,5289,311,4092,145,9381,California
Calaveras,2021-03-06,155,13652,42,3421,107,10220,6,11,122,5384,33,4125,128,9509,California
Calaveras,2021-03-07,75,13727,32,3453,36,10256,7,18,34,5384,41,4166,41,9550,California
Calaveras,2021-03-08,161,13888,26,3479,127,10383,8,26,127,5486,33,4199,135,9685,California
Calaveras,2021-03-09,360,14248,136,3615,218,10601,6,32,32,5200,324,4523,38,9723,California
Calaveras,2021-03-10,417,14665,29,3644,385,10986,3,35,57,4905,355,4878,60,9783,California
Calaveras,2021-03-11,848,15513,420,4064,415,11401,13,48,432,4938,412,5290,445,10228,California
Calaveras,2021-03-12,399,15912,212,4276,177,11578,10,58,325,5206,73,5363,341,10569,California
Calaveras,2021-03-13,176,16088,16,4292,152,11730,8,66,142,5325,33,5396,152,10721,California
Calaveras,2021-03-14,156,16244,11,4303,144,11874,1,67,18,5213,138,5534,26,10747,California
Calaveras,2021-03-15,332,16576,49,4352,257,12131,26,93,53,5018,278,5812,83,10830,California
Calaveras,2021-03-16,685,17261,550,4902,115,12246,20,113,545,5445,138,5950,565,11395,California
Calaveras,2021-03-17,279,17540,52,4954,213,12459,14,127,51,5286,225,6175,66,11461,California
Calaveras,2021-03-18,666,18206,571,5525,80,12539,15,142,550,5737,116,6291,567,12028,California
Calaveras,2021-03-19,231,18437,50,5575,107,12646,74,216,56,5695,171,6462,129,12157,California
Calaveras,2021-03-20,80,18517,21,5596,58,12704,1,217,23,5663,57,6519,25,12182,California
Calaveras,2021-03-21,48,18565,31,5627,6,12710,11,228,12,5650,36,6555,23,12205,California
Calaveras,2021-03-22,79,18644,36,5663,22,12732,21,249,25,5642,54,6609,46,12251,California
Calaveras,2021-03-23,292,18936,204,5867,78,12810,10,259,114,5597,169,6778,124,12375,California
Calaveras,2021-03-24,132,19068,50,5917,72,12882,10,269,43,5562,88,6866,53,12428,California
Calaveras,2021-03-25,741,19809,102,6019,636,13518,3,272,448,5723,290,7156,451,12879,California
Calaveras,2021-03-26,426,20235,28,6047,392,13910,6,278,89,5486,334,7490,97,12976,California
Calaveras,2021-03-27,212,20447,19,6066,189,14099,4,282,37,5357,172,7662,43,13019,California
Calaveras,2021-03-28,112,20559,12,6078,98,14197,2,284,8,5265,103,7765,11,13030,California
Calaveras,2021-03-29,178,20737,22,6100,153,14350,3,287,58,5209,118,7883,62,13092,California
Calaveras,2021-03-30,532,21269,24,6124,491,14841,17,304,356,5407,175,8058,373,13465,California
Calaveras,2021-03-31,322,21591,140,6264,172,15013,10,314,156,5408,166,8224,167,13632,California
Calaveras,2021-04-01,684,22275,442,6706,241,15254,1,315,186,5101,497,8721,190,13822,California
Calaveras,2021-04-02,394,22669,231,6937,155,15409,8,323,118,4955,273,8994,127,13949,California
Calaveras,2021-04-03,144,22813,34,6971,106,15515,4,327,39,4893,105,9099,43,13992,California
Calaveras,2021-04-04,79,22892,26,6997,53,15568,0,327,50,4914,29,9128,50,14042,California
Calaveras,2021-04-05,208,23100,79,7076,120,15688,9,336,99,4914,109,9237,109,14151,California
Calaveras,2021-04-06,650,23750,573,7649,64,15752,13,349,111,4502,536,9773,124,14275,California
Calaveras,2021-04-07,756,24506,658,8307,62,15814,36,385,619,5021,137,9910,656,14931,California
Calaveras,2021-04-08,946,25452,855,9162,70,15884,21,406,435,4971,508,10418,458,15389,California
Calaveras,2021-04-09,153,25605,57,9219,48,15932,48,454,56,4980,96,10514,105,15494,California
Calaveras,2021-04-10,188,25793,42,9261,128,16060,18,472,147,5105,41,10555,166,15660,California
Calaveras,2021-04-11,69,25862,44,9305,23,16083,2,474,48,5134,21,10576,50,15710,California
Calaveras,2021-04-12,103,25965,46,9351,38,16121,19,493,54,5159,49,10625,74,15784,California
Calaveras,2021-04-13,422,26387,367,9718,55,16176,0,493,363,5466,58,10683,365,16149,California
Calaveras,2021-04-14,182,26569,28,9746,154,16330,0,493,136,5557,46,10729,137,16286,California
Calaveras,2021-04-15,336,26905,287,10033,49,16379,0,493,253,5730,80,10809,253,16539,California
Calaveras,2021-04-16,98,27003,24,10057,74,16453,0,493,46,5728,48,10857,46,16585,California
Calaveras,2021-04-17,331,27334,129,10186,202,16655,0,493,288,5974,42,10899,288,16873,California
Calaveras,2021-04-18,18,27352,5,10191,13,16668,0,493,11,5978,7,10906,11,16884,California
Calaveras,2021-04-19,67,27419,25,10216,42,16710,0,493,40,5993,26,10932,41,16925,California
Calaveras,2021-04-20,258,27677,92,10308,166,16876,0,493,193,6123,63,10995,193,17118,California
Calaveras,2021-04-21,212,27889,144,10452,68,16944,0,493,85,6084,125,11120,86,17204,California
Calaveras,2021-04-22,543,28432,97,10549,446,17390,0,493,142,5829,400,11520,145,17349,California
Calaveras,2021-04-23,158,28590,80,10629,78,17468,0,493,65,5803,91,11611,65,17414,California
Calaveras,2021-04-24,172,28762,36,10665,136,17604,0,493,129,5891,42,11653,130,17544,California
Calaveras,2021-04-25,43,28805,28,10693,15,17619,0,493,22,5894,21,11674,24,17568,California
Calaveras,2021-04-26,93,28898,59,10752,34,17653,0,493,27,5856,66,11740,28,17596,California
Calaveras,2021-04-27,423,29321,58,10810,351,18004,14,507,58,5565,363,12103,72,17668,California
Calaveras,2021-04-28,641,29962,573,11383,37,18041,31,538,52,5068,589,12692,92,17760,California
Calaveras,2021-04-29,508,30470,439,11822,50,18091,19,557,74,4733,433,13125,98,17858,California
Calaveras,2021-04-30,148,30618,60,11882,83,18174,5,562,67,4730,81,13206,78,17936,California
Calaveras,2021-05-01,197,30815,109,11991,86,18260,2,564,130,4800,66,13272,136,18072,California
Calaveras,2021-05-02,52,30867,35,12026,16,18276,1,565,20,4791,31,13303,22,18094,California
Calaveras,2021-05-03,90,30957,68,12094,17,18293,5,570,28,4765,62,13365,36,18130,California
Calaveras,2021-05-04,411,31368,327,12421,47,18340,37,607,40,4473,370,13735,78,18208,California
Calaveras,2021-05-05,107,31475,54,12475,22,18362,31,638,44,4486,62,13797,75,18283,California
Calaveras,2021-05-06,253,31728,195,12670,34,18396,24,662,44,4348,208,14005,70,18353,California
Calaveras,2021-05-07,81,31809,23,12693,52,18448,6,668,53,4379,28,14033,59,18412,California
Calaveras,2021-05-08,286,32095,139,12832,145,18593,2,670,88,4273,196,14229,90,18502,California
Calaveras,2021-05-09,26,32121,11,12843,12,18605,3,673,10,4270,16,14245,13,18515,California
Calaveras,2021-05-10,50,32171,21,12864,28,18633,1,674,22,4266,27,14272,23,18538,California
Calaveras,2021-05-11,104,32275,69,12933,25,18658,10,684,73,4320,30,14302,84,18622,California
Calaveras,2021-05-12,124,32399,23,12956,101,18759,0,684,27,4252,96,14398,28,18650,California
Colusa,2020-12-18,1,1,1,1,0,0,0,0,1,1,0,0,1,1,California
Colusa,2020-12-21,2,3,2,3,0,0,0,0,2,3,0,0,2,3,California
Colusa,2020-12-22,10,13,10,13,0,0,0,0,10,13,0,0,10,13,California
Colusa,2020-12-23,10,23,10,23,0,0,0,0,10,23,0,0,10,23,California
Colusa,2020-12-24,2,25,1,24,1,1,0,0,2,25,0,0,2,25,California
Colusa,2020-12-27,1,26,1,25,0,1,0,0,1,26,0,0,1,26,California
Colusa,2020-12-28,7,33,3,28,4,5,0,0,7,33,0,0,7,33,California
Colusa,2020-12-29,11,44,8,36,3,8,0,0,11,44,0,0,11,44,California
Colusa,2020-12-30,50,94,13,49,37,45,0,0,50,94,0,0,50,94,California
Colusa,2020-12-31,18,112,1,50,17,62,0,0,18,112,0,0,18,112,California
Colusa,2021-01-04,4,116,0,50,4,66,0,0,4,116,0,0,4,116,California
Colusa,2021-01-05,67,183,1,51,66,132,0,0,67,183,0,0,67,183,California
Colusa,2021-01-06,15,198,9,60,6,138,0,0,15,198,0,0,15,198,California
Colusa,2021-01-07,38,236,4,64,34,172,0,0,37,234,1,1,37,235,California
Colusa,2021-01-08,9,245,7,71,2,174,0,0,8,241,1,2,8,243,California
Colusa,2021-01-09,2,247,1,72,1,175,0,0,2,243,0,2,2,245,California
Colusa,2021-01-10,1,248,0,72,1,176,0,0,1,244,0,2,1,246,California
Colusa,2021-01-11,12,260,6,78,6,182,0,0,7,246,5,7,7,253,California
Colusa,2021-01-12,11,271,9,87,2,184,0,0,6,247,5,12,6,259,California
Colusa,2021-01-13,21,292,13,100,8,192,0,0,13,252,8,20,13,272,California
Colusa,2021-01-14,35,327,28,128,7,199,0,0,33,283,2,22,33,305,California
Colusa,2021-01-15,41,368,5,133,36,235,0,0,39,320,2,24,39,344,California
Colusa,2021-01-16,12,380,1,134,11,246,0,0,11,330,1,25,11,355,California
Colusa,2021-01-17,3,383,2,136,1,247,0,0,2,331,1,26,2,357,California
Colusa,2021-01-18,4,387,0,136,4,251,0,0,4,335,0,26,4,361,California
Colusa,2021-01-19,9,396,8,144,1,252,0,0,5,336,4,30,5,366,California
Colusa,2021-01-20,115,511,101,245,14,266,0,0,102,425,13,43,102,468,California
Colusa,2021-01-21,56,567,41,286,15,281,0,0,55,479,1,44,55,523,California
Colusa,2021-01-22,40,607,17,303,23,304,0,0,35,509,5,49,35,558,California
Colusa,2021-01-23,35,642,6,309,29,333,0,0,35,544,0,49,35,593,California
Colusa,2021-01-25,7,649,0,309,7,340,0,0,7,551,0,49,7,600,California
Colusa,2021-01-26,8,657,5,314,3,343,0,0,5,553,3,52,5,605,California
Colusa,2021-01-27,109,766,31,345,78,421,0,0,107,658,2,54,107,712,California
Colusa,2021-01-28,79,845,46,391,33,454,0,0,72,723,7,61,72,784,California
Colusa,2021-01-29,41,886,7,398,34,488,0,0,40,762,1,62,40,824,California
Colusa,2021-01-30,27,913,4,402,23,511,0,0,27,789,0,62,27,851,California
Colusa,2021-01-31,7,920,7,409,0,511,0,0,7,796,0,62,7,858,California
Colusa,2021-02-01,27,947,10,419,17,528,0,0,22,813,5,67,22,880,California
Colusa,2021-02-02,42,989,8,427,34,562,0,0,36,843,6,73,36,916,California
Colusa,2021-02-03,69,1058,10,437,59,621,0,0,59,892,10,83,59,975,California
Colusa,2021-02-04,143,1201,81,518,62,683,0,0,115,979,28,111,115,1090,California
Colusa,2021-02-05,32,1233,8,526,24,707,0,0,29,1005,3,114,29,1119,California
Colusa,2021-02-06,284,1517,8,534,276,983,0,0,273,1267,11,125,273,1392,California
Colusa,2021-02-07,2,1519,1,535,1,984,0,0,0,1265,2,127,0,1392,California
Colusa,2021-02-08,40,1559,5,540,35,1019,0,0,37,1299,3,130,37,1429,California
Colusa,2021-02-09,231,1790,14,554,217,1236,0,0,176,1420,55,185,176,1605,California
Colusa,2021-02-10,116,1906,41,595,75,1311,0,0,73,1450,43,228,73,1678,California
Colusa,2021-02-11,98,2004,36,631,62,1373,0,0,73,1498,25,253,73,1751,California
Colusa,2021-02-12,117,2121,9,640,108,1481,0,0,79,1538,39,292,79,1830,California
Colusa,2021-02-13,60,2181,8,648,52,1533,0,0,52,1582,8,300,52,1882,California
Colusa,2021-02-14,20,2201,8,656,12,1545,0,0,14,1590,6,306,14,1896,California
Colusa,2021-02-15,45,2246,10,666,35,1580,0,0,38,1621,7,313,38,1934,California
Colusa,2021-02-16,67,2313,4,670,63,1643,0,0,66,1686,1,314,66,2000,California
Colusa,2021-02-17,206,2519,143,813,63,1706,0,0,60,1600,146,460,60,2060,California
Colusa,2021-02-18,135,2654,35,848,100,1806,0,0,112,1689,23,483,112,2172,California
Colusa,2021-02-19,155,2809,19,867,136,1942,0,0,129,1792,26,509,129,2301,California
Colusa,2021-02-20,28,2837,6,873,22,1964,0,0,12,1788,16,525,12,2313,California
Colusa,2021-02-21,1,2838,1,874,0,1964,0,0,0,1787,1,526,0,2313,California
Colusa,2021-02-22,43,2881,26,900,17,1981,0,0,29,1802,14,540,29,2342,California
Colusa,2021-02-23,22,2903,6,906,16,1997,0,0,18,1816,4,544,18,2360,California
Colusa,2021-02-24,300,3203,54,960,246,2243,0,0,158,1832,142,686,158,2518,California
Colusa,2021-02-25,102,3305,55,1015,47,2290,0,0,66,1862,36,722,66,2584,California
Colusa,2021-02-26,99,3404,14,1029,85,2375,0,0,60,1883,39,761,60,2644,California
Colusa,2021-02-27,55,3459,4,1033,51,2426,0,0,40,1908,15,776,40,2684,California
Colusa,2021-02-28,26,3485,14,1047,12,2438,0,0,18,1918,8,784,18,2702,California
Colusa,2021-03-01,46,3531,15,1062,31,2469,0,0,29,1930,17,801,29,2731,California
Colusa,2021-03-02,49,3580,13,1075,36,2505,0,0,26,1933,23,824,26,2757,California
Colusa,2021-03-03,242,3822,43,1118,199,2704,0,0,185,2061,57,881,185,2942,California
Colusa,2021-03-04,138,3960,58,1176,80,2784,0,0,80,2083,58,939,80,3022,California
Colusa,2021-03-05,98,4058,25,1201,64,2848,9,9,53,2100,45,984,62,3084,California
Colusa,2021-03-06,274,4332,9,1210,265,3113,0,9,37,1900,237,1221,37,3121,California
Colusa,2021-03-07,8,4340,5,1215,3,3116,0,9,6,1904,2,1223,6,3127,California
Colusa,2021-03-08,89,4429,21,1236,33,3149,35,44,45,1940,44,1267,80,3207,California
Colusa,2021-03-09,274,4703,72,1308,179,3328,23,67,83,1855,191,1458,106,3313,California
Colusa,2021-03-10,289,4992,37,1345,216,3544,36,103,203,2008,86,1544,239,3552,California
Colusa,2021-03-11,420,5412,60,1405,339,3883,21,124,339,2285,81,1625,358,3910,California
Colusa,2021-03-12,109,5521,18,1423,78,3961,13,137,19,2227,90,1715,32,3942,California
Colusa,2021-03-13,61,5582,16,1439,36,3997,9,146,18,2211,43,1758,27,3969,California
Colusa,2021-03-14,20,5602,0,1439,18,4015,2,148,6,2206,13,1771,8,3977,California
Colusa,2021-03-15,69,5671,26,1465,35,4050,8,156,14,2173,55,1826,22,3999,California
Colusa,2021-03-16,296,5967,16,1481,234,4284,46,202,189,2301,107,1933,235,4234,California
Colusa,2021-03-17,195,6162,49,1530,146,4430,0,202,110,2326,85,2018,110,4344,California
Colusa,2021-03-18,325,6487,38,1568,216,4646,71,273,202,2476,123,2141,273,4617,California
Colusa,2021-03-19,78,6565,20,1588,56,4702,2,275,53,2506,25,2166,55,4672,California
Colusa,2021-03-20,49,6614,7,1595,41,4743,1,276,36,2530,13,2179,37,4709,California
Colusa,2021-03-21,6,6620,4,1599,2,4745,0,276,4,2532,2,2181,4,4713,California
Colusa,2021-03-22,62,6682,10,1609,43,4788,9,285,40,2559,22,2203,49,4762,California
Colusa,2021-03-23,81,6763,16,1625,63,4851,2,287,54,2588,27,2230,56,4818,California
Colusa,2021-03-24,337,7100,57,1682,274,5125,6,293,69,2394,268,2498,74,4892,California
Colusa,2021-03-25,110,7210,61,1743,44,5169,5,298,53,2395,57,2555,58,4950,California
Colusa,2021-03-26,298,7508,47,1790,247,5416,4,302,245,2591,53,2608,249,5199,California
Colusa,2021-03-27,63,7571,5,1795,58,5474,0,302,25,2578,38,2646,25,5224,California
Colusa,2021-03-28,15,7586,6,1801,9,5483,0,302,7,2577,8,2654,7,5231,California
Colusa,2021-03-29,71,7657,20,1821,45,5528,6,308,31,2574,40,2694,37,5268,California
Colusa,2021-03-30,147,7804,78,1899,67,5595,2,310,75,2579,72,2766,77,5345,California
Colusa,2021-03-31,234,8038,42,1941,192,5787,0,310,74,2494,159,2925,74,5419,California
Colusa,2021-04-01,428,8466,69,2010,305,6092,54,364,306,2732,121,3046,359,5778,California
Colusa,2021-04-02,81,8547,12,2022,55,6147,14,378,37,2739,44,3090,51,5829,California
Colusa,2021-04-03,61,8608,10,2032,28,6175,23,401,13,2727,48,3138,36,5865,California
Colusa,2021-04-04,18,8626,0,2032,8,6183,10,411,3,2725,15,3153,13,5878,California
Colusa,2021-04-05,95,8721,25,2057,55,6238,15,426,39,2723,56,3209,54,5932,California
Colusa,2021-04-06,128,8849,33,2090,45,6283,50,476,43,2731,85,3294,93,6025,California
Colusa,2021-04-07,358,9207,40,2130,295,6578,23,499,132,2661,226,3520,156,6181,California
Colusa,2021-04-08,428,9635,35,2165,366,6944,27,526,122,2507,303,3823,149,6330,California
Colusa,2021-04-09,77,9712,21,2186,33,6977,23,549,29,2511,48,3871,52,6382,California
Colusa,2021-04-10,44,9756,9,2195,15,6992,20,569,12,2511,32,3903,32,6414,California
Colusa,2021-04-11,16,9772,3,2198,11,7003,2,571,8,2513,8,3911,10,6424,California
Colusa,2021-04-12,31,9803,3,2201,28,7031,0,571,24,2530,7,3918,24,6448,California
Colusa,2021-04-13,278,10081,23,2224,255,7286,0,571,93,2439,184,4102,93,6541,California
Colusa,2021-04-14,94,10175,19,2243,75,7361,0,571,33,2411,61,4163,33,6574,California
Colusa,2021-04-15,323,10498,47,2290,276,7637,0,571,130,2348,193,4356,130,6704,California
Colusa,2021-04-16,80,10578,11,2301,69,7706,0,571,36,2341,43,4399,36,6740,California
Colusa,2021-04-17,53,10631,7,2308,46,7752,0,571,31,2350,22,4421,31,6771,California
Colusa,2021-04-18,9,10640,2,2310,7,7759,0,571,7,2355,2,4423,7,6778,California
Colusa,2021-04-19,61,10701,22,2332,39,7798,0,571,17,2328,44,4467,17,6795,California
Colusa,2021-04-20,176,10877,32,2364,144,7942,0,571,128,2408,48,4515,128,6923,California
Colusa,2021-04-21,170,11047,59,2423,111,8053,0,571,110,2458,60,4575,110,7033,California
Colusa,2021-04-22,417,11464,26,2449,390,8443,1,572,214,2470,202,4777,214,7247,California
Colusa,2021-04-23,91,11555,17,2466,74,8517,0,572,37,2453,54,4831,37,7284,California
Colusa,2021-04-24,237,11792,19,2485,217,8734,1,573,204,2625,33,4864,205,7489,California
Colusa,2021-04-25,11,11803,5,2490,6,8740,0,573,8,2630,3,4867,8,7497,California
Colusa,2021-04-26,22,11825,4,2494,17,8757,1,574,6,2621,15,4882,6,7503,California
Colusa,2021-04-27,92,11917,21,2515,67,8824,4,578,43,2619,49,4931,47,7550,California
Colusa,2021-04-28,188,12105,27,2542,158,8982,3,581,138,2711,49,4980,141,7691,California
Colusa,2021-04-29,316,12421,25,2567,287,9269,4,585,46,2493,268,5248,50,7741,California
Colusa,2021-04-30,65,12486,18,2585,47,9316,0,585,41,2510,24,5272,41,7782,California
Colusa,2021-05-01,19,12505,8,2593,8,9324,3,588,9,2512,10,5282,12,7794,California
Colusa,2021-05-02,3,12508,0,2593,2,9326,1,589,2,2514,1,5283,3,7797,California
Colusa,2021-05-03,21,12529,7,2600,14,9340,0,589,6,2505,15,5298,6,7803,California
Colusa,2021-05-04,86,12615,44,2644,41,9381,1,590,63,2546,23,5321,64,7867,California
Colusa,2021-05-05,65,12680,14,2658,50,9431,1,591,30,2542,35,5356,31,7898,California
Colusa,2021-05-06,247,12927,14,2672,230,9661,3,594,103,2504,144,5500,106,8004,California
Colusa,2021-05-07,69,12996,4,2676,61,9722,4,598,29,2497,40,5540,33,8037,California
Colusa,2021-05-08,18,13014,5,2681,13,9735,0,598,9,2497,9,5549,9,8046,California
Colusa,2021-05-09,11,13025,3,2684,5,9740,3,601,4,2497,7,5556,7,8053,California
Colusa,2021-05-10,16,13041,7,2691,9,9749,0,601,6,2493,10,5566,6,8059,California
Colusa,2021-05-11,70,13111,12,2703,58,9807,0,601,39,2501,31,5597,39,8098,California
Colusa,2021-05-12,59,13170,29,2732,26,9833,4,605,10,2466,49,5646,14,8112,California
Contra Costa,2020-12-15,18,18,18,18,0,0,0,0,18,18,0,0,18,18,California
Contra Costa,2020-12-16,522,540,522,540,0,0,0,0,522,540,0,0,522,540,California
Contra Costa,2020-12-17,908,1448,908,1448,0,0,0,0,908,1448,0,0,908,1448,California
Contra Costa,2020-12-18,1591,3039,1590,3038,1,1,0,0,1591,3039,0,0,1591,3039,California
Contra Costa,2020-12-19,1103,4142,1102,4140,1,2,0,0,1103,4142,0,0,1103,4142,California
Contra Costa,2020-12-20,584,4726,583,4723,1,3,0,0,584,4726,0,0,584,4726,California
Contra Costa,2020-12-21,1653,6379,1651,6374,2,5,0,0,1653,6379,0,0,1653,6379,California
Contra Costa,2020-12-22,1667,8046,1563,7937,104,109,0,0,1667,8046,0,0,1667,8046,California
Contra Costa,2020-12-23,1590,9636,1342,9279,248,357,0,0,1590,9636,0,0,1590,9636,California
Contra Costa,2020-12-24,656,10292,336,9615,320,677,0,0,656,10292,0,0,656,10292,California
Contra Costa,2020-12-25,39,10331,17,9632,22,699,0,0,39,10331,0,0,39,10331,California
Contra Costa,2020-12-26,641,10972,131,9763,510,1209,0,0,641,10972,0,0,641,10972,California
Contra Costa,2020-12-27,240,11212,87,9850,153,1362,0,0,240,11212,0,0,240,11212,California
Contra Costa,2020-12-28,1833,13045,863,10713,970,2332,0,0,1833,13045,0,0,1833,13045,California
Contra Costa,2020-12-29,1830,14875,824,11537,1006,3338,0,0,1830,14875,0,0,1830,14875,California
Contra Costa,2020-12-30,2392,17267,1214,12751,1178,4516,0,0,2391,17266,0,0,2391,17266,California
Contra Costa,2020-12-31,915,18182,308,13059,607,5123,0,0,914,18180,0,0,914,18180,California
Contra Costa,2021-01-01,61,18243,23,13082,38,5161,0,0,61,18241,0,0,61,18241,California
Contra Costa,2021-01-02,335,18578,173,13255,162,5323,0,0,335,18576,0,0,335,18576,California
Contra Costa,2021-01-03,175,18753,117,13372,58,5381,0,0,174,18750,0,0,174,18750,California
Contra Costa,2021-01-04,1904,20657,1251,14623,653,6034,0,0,1883,20614,19,19,1883,20633,California
Contra Costa,2021-01-05,2105,22762,1259,15882,846,6880,0,0,1846,22203,258,277,1847,22480,California
Contra Costa,2021-01-06,3279,26041,2247,18129,1032,7912,0,0,2519,23971,754,1031,2522,25002,California
Contra Costa,2021-01-07,3092,29133,2059,20188,1033,8945,0,0,1881,24644,1208,2239,1881,26883,California
Contra Costa,2021-01-08,3383,32516,2391,22579,992,9937,0,0,1821,24911,1557,3796,1824,28707,California
Contra Costa,2021-01-09,1585,34101,1133,23712,452,10389,0,0,748,24825,836,4632,750,29457,California
Contra Costa,2021-01-10,362,34463,286,23998,76,10465,0,0,153,24769,209,4841,153,29610,California
Contra Costa,2021-01-11,3837,38300,3145,27143,692,11157,0,0,2233,25401,1604,6445,2236,31846,California
Contra Costa,2021-01-12,3908,42208,2933,30076,975,12132,0,0,2581,26658,1327,7772,2584,34430,California
Contra Costa,2021-01-13,4708,46916,2917,32993,1791,13923,0,0,3764,29483,940,8712,3765,38195,California
Contra Costa,2021-01-14,4305,51221,1555,34548,2750,16673,0,0,3923,33024,382,9094,3923,42118,California
Contra Costa,2021-01-15,5338,56559,2461,37009,2877,19550,0,0,5015,37721,322,9416,5019,47137,California
Contra Costa,2021-01-16,1719,58278,554,37563,1165,20715,0,0,1644,39290,75,9491,1644,48781,California
Contra Costa,2021-01-17,1636,59914,974,38537,662,21377,0,0,1513,40683,123,9614,1516,50297,California
Contra Costa,2021-01-18,3205,63119,1262,39799,1943,23320,0,0,2580,42645,619,10233,2581,52878,California
Contra Costa,2021-01-19,7068,70187,3163,42962,3905,27225,0,0,6064,47713,1001,11234,6069,58947,California
Contra Costa,2021-01-20,6663,76850,4103,47065,2560,29785,0,0,5430,51919,1229,12463,5435,64382,California
Contra Costa,2021-01-21,6977,83827,3112,50177,3865,33650,0,0,6249,57453,723,13186,6257,70639,California
Contra Costa,2021-01-22,6369,90196,2706,52883,3663,37313,0,0,5511,62118,849,14035,5514,76153,California
Contra Costa,2021-01-23,2031,92227,363,53246,1668,38981,0,0,1773,63637,256,14291,1775,77928,California
Contra Costa,2021-01-24,1581,93808,218,53464,1363,40344,0,0,1436,64932,145,14436,1440,79368,California
Contra Costa,2021-01-25,6655,100463,3017,56481,3638,43982,0,0,5092,68466,1561,15997,5095,84463,California
Contra Costa,2021-01-26,8091,108554,4689,61170,3402,47384,0,0,6247,72881,1836,17833,6251,90714,California
Contra Costa,2021-01-27,8247,116801,5505,66675,2742,50126,0,0,6341,77401,1825,19658,6345,97059,California
Contra Costa,2021-01-28,7446,124247,4085,70760,3361,53487,0,0,5839,81643,1601,21259,5843,102902,California
Contra Costa,2021-01-29,7441,131688,3890,74650,3551,57038,0,0,6128,86464,1309,22568,6130,109032,California
Contra Costa,2021-01-30,2083,133771,597,75247,1486,58524,0,0,1717,87822,359,22927,1717,110749,California
Contra Costa,2021-01-31,698,134469,479,75726,219,58743,0,0,572,88271,123,23050,572,111321,California
Contra Costa,2021-02-01,5529,139998,3767,79493,1762,60505,0,0,3897,90545,1626,24676,3900,115221,California
Contra Costa,2021-02-02,7762,147760,5273,84766,2489,62994,0,0,5909,94604,1851,26527,5910,121131,California
Contra Costa,2021-02-03,8274,156034,5465,90231,2809,65803,0,0,5612,97567,2650,29177,5613,126744,California
Contra Costa,2021-02-04,7442,163476,3535,93766,3907,69710,0,0,5711,101554,1727,30904,5714,132458,California
Contra Costa,2021-02-05,8432,171908,4824,98590,3608,73318,0,0,5719,104567,2706,33610,5719,138177,California
Contra Costa,2021-02-06,3471,175379,2156,100746,1315,74633,0,0,2818,106734,652,34262,2819,140996,California
Contra Costa,2021-02-07,981,176360,710,101456,271,74904,0,0,604,106962,376,34638,604,141600,California
Contra Costa,2021-02-08,5817,182177,3441,104897,2376,77280,0,0,4336,109823,1476,36114,4337,145937,California
Contra Costa,2021-02-09,8668,190845,4780,109677,3888,81168,0,0,5770,112701,2893,39007,5771,151708,California
Contra Costa,2021-02-10,8632,199477,4647,114324,3985,85153,0,0,5357,114802,3260,42267,5361,157069,California
Contra Costa,2021-02-11,9310,208787,4216,118540,5094,90247,0,0,5264,116032,4039,46306,5269,162338,California
Contra Costa,2021-02-12,10073,218860,4614,123154,5459,95706,0,0,5455,116879,4611,50917,5458,167796,California
Contra Costa,2021-02-13,4881,223741,1367,124521,3514,99220,0,0,3400,118802,1478,52395,3401,171197,California
Contra Costa,2021-02-14,2087,225828,865,125386,1222,100442,0,0,1225,119167,860,53255,1225,172422,California
Contra Costa,2021-02-15,4457,230285,2469,127855,1988,102430,0,0,2349,119416,2101,55356,2350,174772,California
Contra Costa,2021-02-16,10416,240701,4909,132764,5507,107937,0,0,4642,118296,5766,61122,4646,179418,California
Contra Costa,2021-02-17,12282,252983,6136,138900,6146,114083,0,0,5629,117288,6638,67760,5630,185048,California
Contra Costa,2021-02-18,11472,264455,5970,144870,5502,119585,0,0,5322,116473,6139,73899,5324,190372,California
Contra Costa,2021-02-19,11406,275861,7107,151977,4299,123884,0,0,5175,115435,6214,80113,5176,195548,California
Contra Costa,2021-02-20,6447,282308,2894,154871,3553,127437,0,0,4566,118138,1865,81978,4568,200116,California
Contra Costa,2021-02-21,1814,284122,1264,156135,550,127987,0,0,1094,118514,718,82696,1094,201210,California
Contra Costa,2021-02-22,7537,291659,5100,161235,2437,130424,0,0,3459,117909,4066,86762,3461,204671,California
Contra Costa,2021-02-23,11913,303572,7257,168492,4656,135080,0,0,5929,117872,5970,92732,5933,210604,California
Contra Costa,2021-02-24,10487,314059,7685,176177,2802,137882,0,0,5054,117512,5416,98148,5056,215660,California
Contra Costa,2021-02-25,11471,325530,7211,183388,4260,142142,0,0,5206,116477,6245,104393,5210,220870,California
Contra Costa,2021-02-26,10706,336236,6755,190143,3951,146093,0,0,5308,116403,5383,109776,5309,226179,California
Contra Costa,2021-02-27,6626,342862,4212,194355,2414,148507,0,0,4115,118016,2503,112279,4116,230295,California
Contra Costa,2021-02-28,3793,346655,3122,197477,671,149178,0,0,3195,120617,595,112874,3196,233491,California
Contra Costa,2021-03-01,8104,354759,6084,203561,2015,151193,5,5,4977,122490,3111,115985,4984,238475,California
Contra Costa,2021-03-02,10159,364918,6332,209893,3826,155019,1,6,5263,122874,4880,120865,5264,243739,California
Contra Costa,2021-03-03,11170,376088,6985,216878,4184,159203,1,7,6252,124224,4904,125769,6254,249993,California
Contra Costa,2021-03-04,11889,387977,7103,223981,4786,163989,0,7,6159,124672,5711,131480,6159,256152,California
Contra Costa,2021-03-05,11239,399216,6671,230652,4562,168551,6,13,6400,126254,4824,136304,6406,262558,California
Contra Costa,2021-03-06,7299,406515,4012,234664,2977,171528,310,323,4720,128715,2567,138871,5028,267586,California
Contra Costa,2021-03-07,3632,410147,2276,236940,1294,172822,62,385,2957,131060,674,139545,3019,270605,California
Contra Costa,2021-03-08,8063,418210,3766,240706,3993,176815,304,689,5372,134060,2680,142225,5680,276285,California
Contra Costa,2021-03-09,10223,428433,5019,245725,4909,181724,295,984,5052,134244,5163,147388,5347,281632,California
Contra Costa,2021-03-10,12154,440587,5971,251696,4687,186411,1496,2480,5478,134544,6665,154053,6965,288597,California
Contra Costa,2021-03-11,12472,453059,6568,258264,5341,191752,563,3043,6364,135386,6086,160139,6928,295525,California
Contra Costa,2021-03-12,12547,465606,5151,263415,6851,198603,545,3588,6271,135939,6261,166400,6814,302339,California
Contra Costa,2021-03-13,7766,473372,3077,266492,4265,202868,424,4012,3082,134772,4667,171067,3500,305839,California
Contra Costa,2021-03-14,4348,477720,2547,269039,1317,204185,484,4496,2068,135051,2272,173339,2551,308390,California
Contra Costa,2021-03-15,9384,487104,5062,274101,3569,207754,753,5249,4753,135943,4614,177953,5506,313896,California
Contra Costa,2021-03-16,14255,501359,8466,282567,5393,213147,396,5645,7266,136637,6967,184920,7661,321557,California
Contra Costa,2021-03-17,14999,516358,10345,292912,4440,217587,214,5859,8581,139041,6397,191317,8801,330358,California
Contra Costa,2021-03-18,15371,531729,8544,301456,6347,223934,480,6339,8794,141765,6548,197865,9272,339630,California
Contra Costa,2021-03-19,15501,547230,8906,310362,5205,229139,1390,7729,8301,144275,7186,205051,9696,349326,California
Contra Costa,2021-03-20,10617,557847,6340,316702,3974,233113,303,8032,5242,144463,5358,210409,5546,354872,California
Contra Costa,2021-03-21,4441,562288,3888,320590,466,233579,87,8119,2083,144281,2351,212760,2169,357041,California
Contra Costa,2021-03-22,11528,573816,8688,329278,2591,236170,249,8368,7089,147191,4427,217187,7337,364378,California
Contra Costa,2021-03-23,15604,589420,10748,340026,4686,240856,170,8538,9497,150782,6079,223266,9670,374048,California
Contra Costa,2021-03-24,14980,604400,11681,351707,3087,243943,212,8750,9206,154460,5742,229008,9420,383468,California
Contra Costa,2021-03-25,15270,619670,11896,363603,3090,247033,284,9034,9428,158365,5805,234813,9710,393178,California
Contra Costa,2021-03-26,14936,634606,10701,374304,3840,250873,395,9429,8817,161479,6093,240906,9207,402385,California
Contra Costa,2021-03-27,10429,645035,6750,381054,3169,254042,510,9939,5769,163101,4650,245556,6272,408657,California
Contra Costa,2021-03-28,4130,649165,2925,383979,1153,255195,52,9991,1766,162565,2354,247910,1818,410475,California
Contra Costa,2021-03-29,10826,659991,8448,392427,2263,257458,115,10106,7073,166017,3738,251648,7190,417665,California
Contra Costa,2021-03-30,16721,676712,9124,401551,6245,263703,1352,11458,11030,172723,5676,257324,12382,430047,California
Contra Costa,2021-03-31,17954,694666,12561,414112,3953,267656,1440,12898,11535,179309,6386,263710,12972,443019,California
Contra Costa,2021-04-01,17420,712086,12193,426305,3865,271521,1362,14260,11343,185957,6055,269765,12703,455722,California
Contra Costa,2021-04-02,17388,729474,12832,439137,3551,275072,1005,15265,11559,192702,5818,275583,12563,468285,California
Contra Costa,2021-04-03,10756,740230,6417,445554,2803,277875,1536,16801,6159,195812,4584,280167,7694,475979,California
Contra Costa,2021-04-04,3317,743547,1313,446867,1409,279284,595,17396,889,194875,2420,282587,1483,477462,California
Contra Costa,2021-04-05,12043,755590,7855,454722,3212,282496,976,18372,6569,196960,5460,288047,7545,485007,California
Contra Costa,2021-04-06,17294,772884,11987,466709,3025,285521,2282,20654,9759,201486,7514,295561,12040,497047,California
Contra Costa,2021-04-07,18453,791337,12486,479195,3162,288683,2805,23459,10468,206830,7965,303526,13309,510356,California
Contra Costa,2021-04-08,18605,809942,12404,491599,3289,291972,2912,26371,9988,211128,8589,312115,12887,523243,California
Contra Costa,2021-04-09,18667,828609,11922,503521,4270,296242,2475,28846,9974,214905,8667,320782,12444,535687,California
Contra Costa,2021-04-10,10505,839114,3801,507322,2156,298398,4548,33394,3286,215522,7204,327986,7821,543508,California
Contra Costa,2021-04-11,3315,842429,1980,509302,682,299080,653,34047,1120,215106,2189,330175,1773,545281,California
Contra Costa,2021-04-12,11861,854290,7842,517144,2966,302046,1053,35100,5592,215500,6255,336430,6649,551930,California
Contra Costa,2021-04-13,17789,872079,10875,528019,6909,308955,5,35105,11883,221509,5885,342315,11894,563824,California
Contra Costa,2021-04-14,17531,889610,10987,539006,6543,315498,1,35106,9705,223411,7807,350122,9709,573533,California
Contra Costa,2021-04-15,17497,907107,10728,549734,6768,322266,1,35107,8122,222207,9346,359468,8142,581675,California
Contra Costa,2021-04-16,16857,923964,10532,560266,6324,328590,1,35108,7613,220606,9220,368688,7619,589294,California
Contra Costa,2021-04-17,11421,935385,6275,566541,5146,333736,0,35108,6134,221471,5274,373962,6139,595433,California
Contra Costa,2021-04-18,2731,938116,2112,568653,619,334355,0,35108,1776,222300,947,374909,1776,597209,California
Contra Costa,2021-04-19,11336,949452,8479,577132,2857,337212,0,35108,3550,218092,7760,382669,3552,600761,California
Contra Costa,2021-04-20,16615,966067,10794,587926,5821,343033,0,35108,6239,213985,10350,393019,6243,607004,California
Contra Costa,2021-04-21,17292,983359,14116,602042,3176,346209,0,35108,6154,209043,11104,404123,6162,613166,California
Contra Costa,2021-04-22,17143,1000502,13887,615929,3255,349464,1,35109,6073,204089,11038,415161,6084,619250,California
Contra Costa,2021-04-23,16949,1017451,13482,629411,3467,352931,0,35109,5471,198123,11444,426605,5478,624728,California
Contra Costa,2021-04-24,10881,1028332,8417,637828,2464,355395,0,35109,4164,195594,6697,433302,4168,628896,California
Contra Costa,2021-04-25,3225,1031557,2176,640004,1047,356442,2,35111,2035,196447,1187,434489,2040,630936,California
Contra Costa,2021-04-26,9540,1041097,8093,648097,1423,357865,24,35135,2802,192561,6722,441211,2836,633772,California
Contra Costa,2021-04-27,14126,1055223,10417,658514,3558,361423,151,35286,3787,186190,10319,451530,3948,637720,California
Contra Costa,2021-04-28,13840,1069063,10765,669279,2787,364210,288,35574,3466,179607,10341,461871,3758,641478,California
Contra Costa,2021-04-29,13000,1082063,10060,679339,2770,366980,170,35744,2831,172470,10143,472014,3006,644484,California
Contra Costa,2021-04-30,13635,1095698,10755,690094,2630,369610,250,35994,3089,165292,10521,482535,3343,647827,California
Contra Costa,2021-05-01,8000,1103698,5843,695937,1838,371448,319,36313,1910,161452,6070,488605,2230,650057,California
Contra Costa,2021-05-02,2319,1106017,1578,697515,662,372110,79,36392,986,161194,1323,489928,1065,651122,California
Contra Costa,2021-05-03,9119,1115136,8033,705548,920,373030,166,36558,1943,156147,7161,497089,2114,653236,California
Contra Costa,2021-05-04,14017,1129153,12110,717658,1584,374614,323,36881,2278,147033,11715,508804,2601,655837,California
Contra Costa,2021-05-05,12491,1141644,10777,728435,1506,376120,208,37089,2406,139588,10059,518863,2614,658451,California
Contra Costa,2021-05-06,10243,1151887,8505,736940,1397,377517,341,37430,1925,133566,8294,527157,2272,660723,California
Contra Costa,2021-05-07,9580,1161467,7698,744638,1649,379166,233,37663,2193,128634,7355,534512,2423,663146,California
Contra Costa,2021-05-08,5238,1166705,3948,748586,1122,380288,168,37831,1216,126019,4001,538513,1386,664532,California
Contra Costa,2021-05-09,2113,1168818,1779,750365,271,380559,63,37894,458,124895,1647,540160,523,665055,California
Contra Costa,2021-05-10,4929,1173747,3938,754303,779,381338,212,38106,1341,122885,3562,543722,1552,666607,California
Contra Costa,2021-05-11,8076,1181823,4136,758439,3797,385135,143,38249,1478,117932,6578,550300,1625,668232,California
Contra Costa,2021-05-12,7769,1189592,3923,762362,3703,388838,143,38392,978,112281,6773,557073,1122,669354,California
Del Norte,2020-12-21,23,23,23,23,0,0,0,0,23,23,0,0,23,23,California
Del Norte,2020-12-22,46,69,46,69,0,0,0,0,46,69,0,0,46,69,California
Del Norte,2020-12-23,58,127,48,117,10,10,0,0,56,125,0,0,56,125,California
Del Norte,2020-12-28,34,161,34,151,0,10,0,0,34,159,0,0,34,159,California
Del Norte,2020-12-29,4,165,4,155,0,10,0,0,4,163,0,0,4,163,California
Del Norte,2020-12-30,67,232,55,210,12,22,0,0,68,231,0,0,68,231,California
Del Norte,2020-12-31,16,248,13,223,3,25,0,0,16,247,0,0,16,247,California
Del Norte,2021-01-04,102,350,49,272,53,78,0,0,102,349,0,0,102,349,California
Del Norte,2021-01-05,32,382,0,272,32,110,0,0,32,381,0,0,32,381,California
Del Norte,2021-01-06,77,459,18,290,59,169,0,0,77,458,0,0,77,458,California
Del Norte,2021-01-07,21,480,1,291,20,189,0,0,21,479,0,0,21,479,California
Del Norte,2021-01-08,78,558,7,298,71,260,0,0,78,557,0,0,78,557,California
Del Norte,2021-01-11,40,598,21,319,19,279,0,0,18,554,22,22,19,576,California
Del Norte,2021-01-12,51,649,32,351,19,298,0,0,30,563,21,43,30,606,California
Del Norte,2021-01-13,86,735,40,391,46,344,0,0,53,583,33,76,53,659,California
Del Norte,2021-01-14,52,787,14,405,38,382,0,0,46,623,6,82,46,705,California
Del Norte,2021-01-15,107,894,18,423,89,471,0,0,95,706,12,94,95,800,California
Del Norte,2021-01-17,1,895,1,424,0,471,0,0,1,707,0,94,1,801,California
Del Norte,2021-01-18,2,897,0,424,2,473,0,0,2,709,0,94,2,803,California
Del Norte,2021-01-19,119,1016,56,480,63,536,0,0,77,744,42,136,77,880,California
Del Norte,2021-01-20,158,1174,84,564,74,610,0,0,96,778,62,198,96,976,California
Del Norte,2021-01-21,43,1217,40,604,3,613,0,0,32,799,11,209,32,1008,California
Del Norte,2021-01-22,20,1237,17,621,3,616,0,0,13,805,7,216,13,1021,California
Del Norte,2021-01-23,1,1238,0,621,1,617,0,0,1,806,0,216,1,1022,California
Del Norte,2021-01-24,1,1239,0,621,1,618,0,0,1,807,0,216,1,1023,California
Del Norte,2021-01-25,100,1339,82,703,18,636,0,0,56,819,44,260,56,1079,California
Del Norte,2021-01-26,18,1357,11,714,7,643,0,0,7,815,11,271,7,1086,California
Del Norte,2021-01-27,64,1421,21,735,43,686,0,0,61,873,3,274,61,1147,California
Del Norte,2021-01-28,291,1712,20,755,271,957,0,0,286,1154,5,279,286,1433,California
Del Norte,2021-01-29,55,1767,21,776,34,991,0,0,44,1187,11,290,44,1477,California
Del Norte,2021-01-30,8,1775,1,777,7,998,0,0,8,1195,0,290,8,1485,California
Del Norte,2021-02-01,41,1816,1,778,40,1038,0,0,26,1206,15,305,26,1511,California
Del Norte,2021-02-02,142,1958,34,812,108,1146,0,0,73,1211,68,373,73,1584,California
Del Norte,2021-02-03,126,2084,40,852,86,1232,0,0,71,1227,55,428,71,1655,California
Del Norte,2021-02-04,71,2155,29,881,42,1274,0,0,42,1240,29,457,42,1697,California
Del Norte,2021-02-05,184,2339,22,903,162,1436,0,0,119,1295,64,521,119,1816,California
Del Norte,2021-02-06,312,2651,6,909,306,1742,0,0,312,1607,0,521,312,2128,California
Del Norte,2021-02-07,2,2653,1,910,1,1743,0,0,2,1609,0,521,2,2130,California
Del Norte,2021-02-08,36,2689,1,911,35,1778,0,0,32,1637,4,525,32,2162,California
Del Norte,2021-02-09,8,2697,5,916,3,1781,0,0,2,1633,6,531,2,2164,California
Del Norte,2021-02-10,143,2840,20,936,123,1904,0,0,86,1663,56,587,86,2250,California
Del Norte,2021-02-11,177,3017,59,995,118,2022,0,0,64,1614,113,700,64,2314,California
Del Norte,2021-02-12,121,3138,14,1009,107,2129,0,0,67,1627,54,754,67,2381,California
Del Norte,2021-02-13,2,3140,1,1010,1,2130,0,0,2,1629,0,754,2,2383,California
Del Norte,2021-02-14,3,3143,1,1011,2,2132,0,0,2,1630,1,755,2,2385,California
Del Norte,2021-02-15,4,3147,0,1011,4,2136,0,0,2,1630,2,757,2,2387,California
Del Norte,2021-02-16,132,3279,1,1012,131,2267,0,0,13,1524,119,876,13,2400,California
Del Norte,2021-02-17,91,3370,20,1032,71,2338,0,0,24,1481,67,943,24,2424,California
Del Norte,2021-02-18,77,3447,24,1056,53,2391,0,0,51,1506,26,969,51,2475,California
Del Norte,2021-02-19,43,3490,17,1073,26,2417,0,0,33,1529,10,979,33,2508,California
Del Norte,2021-02-20,8,3498,5,1078,3,2420,0,0,6,1533,2,981,6,2514,California
Del Norte,2021-02-22,2,3500,0,1078,2,2422,0,0,2,1535,0,981,2,2516,California
Del Norte,2021-02-23,107,3607,89,1167,18,2440,0,0,31,1491,76,1057,32,2548,California
Del Norte,2021-02-24,152,3759,98,1265,54,2494,0,0,79,1497,73,1130,79,2627,California
Del Norte,2021-02-25,476,4235,131,1396,345,2839,0,0,213,1449,261,1391,213,2840,California
Del Norte,2021-02-26,213,4448,176,1572,37,2876,0,0,167,1570,46,1437,167,3007,California
Del Norte,2021-02-27,152,4600,145,1717,6,2882,1,1,141,1701,11,1448,142,3149,California
Del Norte,2021-02-28,4,4604,1,1718,3,2885,0,1,3,1703,1,1449,3,3152,California
Del Norte,2021-03-01,28,4632,2,1720,26,2911,0,1,4,1683,24,1473,4,3156,California
Del Norte,2021-03-02,220,4852,141,1861,79,2990,0,1,187,1837,33,1506,187,3343,California
Del Norte,2021-03-03,167,5019,99,1960,68,3058,0,1,126,1922,41,1547,126,3469,California
Del Norte,2021-03-04,120,5139,83,2043,37,3095,0,1,91,1985,28,1575,91,3560,California
Del Norte,2021-03-05,120,5259,10,2053,110,3205,0,1,72,2009,48,1623,72,3632,California
Del Norte,2021-03-06,466,5725,78,2131,338,3543,50,51,164,1878,302,1925,171,3803,California
Del Norte,2021-03-07,2,5727,1,2132,1,3544,0,51,1,1878,1,1926,1,3804,California
Del Norte,2021-03-08,28,5755,1,2133,25,3569,2,53,5,1862,23,1949,7,3811,California
Del Norte,2021-03-09,193,5948,112,2245,78,3647,3,56,182,2036,11,1960,185,3996,California
Del Norte,2021-03-10,233,6181,96,2341,109,3756,28,84,134,2099,99,2059,162,4158,California
Del Norte,2021-03-11,151,6332,55,2396,91,3847,5,89,103,2159,48,2107,108,4266,California
Del Norte,2021-03-12,178,6510,89,2485,89,3936,0,89,125,2231,53,2160,125,4391,California
Del Norte,2021-03-13,94,6604,93,2578,1,3937,0,89,91,2319,3,2163,91,4482,California
Del Norte,2021-03-14,1,6605,0,2578,1,3938,0,89,1,2319,1,2164,1,4483,California
Del Norte,2021-03-15,38,6643,0,2578,38,3976,0,89,34,2349,4,2168,34,4517,California
Del Norte,2021-03-16,281,6924,135,2713,146,4122,0,89,260,2588,21,2189,260,4777,California
Del Norte,2021-03-17,283,7207,95,2808,186,4308,2,91,169,2645,114,2303,171,4948,California
Del Norte,2021-03-18,285,7492,107,2915,175,4483,3,94,149,2662,135,2438,152,5100,California
Del Norte,2021-03-19,266,7758,159,3074,101,4584,6,100,91,2584,175,2613,97,5197,California
Del Norte,2021-03-20,157,7915,154,3228,3,4587,0,100,15,2457,142,2755,15,5212,California
Del Norte,2021-03-21,4,7919,2,3230,2,4589,0,100,2,2457,2,2757,2,5214,California
Del Norte,2021-03-22,43,7962,3,3233,39,4628,1,101,39,2494,3,2760,40,5254,California
Del Norte,2021-03-23,335,8297,164,3397,153,4781,18,119,165,2508,168,2928,182,5436,California
Del Norte,2021-03-24,397,8694,107,3504,249,5030,41,160,236,2624,161,3089,277,5713,California
Del Norte,2021-03-25,192,8886,89,3593,103,5133,0,160,84,2601,107,3196,84,5797,California
Del Norte,2021-03-26,232,9118,112,3705,120,5253,0,160,197,2763,35,3231,197,5994,California
Del Norte,2021-03-27,108,9226,87,3792,4,5257,17,177,17,2706,91,3322,34,6028,California
Del Norte,2021-03-28,4,9230,2,3794,2,5259,0,177,1,2704,3,3325,1,6029,California
Del Norte,2021-03-29,57,9287,6,3800,34,5293,17,194,32,2728,25,3350,49,6078,California
Del Norte,2021-03-30,339,9626,118,3918,210,5503,11,205,128,2656,211,3561,139,6217,California
Del Norte,2021-03-31,353,9979,100,4018,236,5739,17,222,198,2718,153,3714,215,6432,California
Del Norte,2021-04-01,164,10143,58,4076,72,5811,34,256,69,2727,94,3808,103,6535,California
Del Norte,2021-04-02,230,10373,78,4154,103,5914,49,305,47,2641,183,3991,97,6632,California
Del Norte,2021-04-03,106,10479,82,4236,2,5916,22,327,4,2566,101,4092,26,6658,California
Del Norte,2021-04-04,4,10483,0,4236,0,5916,4,331,0,2566,4,4096,4,6662,California
Del Norte,2021-04-05,46,10529,5,4241,37,5953,4,335,39,2602,7,4103,43,6705,California
Del Norte,2021-04-06,378,10907,119,4360,222,6175,37,372,145,2556,229,4332,183,6888,California
Del Norte,2021-04-07,430,11337,114,4474,255,6430,61,433,283,2754,146,4478,344,7232,California
Del Norte,2021-04-08,233,11570,54,4528,111,6541,68,501,111,2811,122,4600,179,7411,California
Del Norte,2021-04-09,205,11775,47,4575,81,6622,77,578,98,2878,106,4706,173,7584,California
Del Norte,2021-04-10,47,11822,26,4601,4,6626,17,595,27,2902,20,4726,44,7628,California
Del Norte,2021-04-11,12,11834,3,4604,2,6628,7,602,2,2901,10,4736,9,7637,California
Del Norte,2021-04-12,28,11862,1,4605,9,6637,18,620,1,2894,26,4762,19,7656,California
Del Norte,2021-04-13,297,12159,49,4654,248,6885,0,620,154,2905,143,4905,154,7810,California
Del Norte,2021-04-14,327,12486,23,4677,304,7189,0,620,137,2857,190,5095,142,7952,California
Del Norte,2021-04-15,163,12649,30,4707,133,7322,0,620,44,2783,119,5214,45,7997,California
Del Norte,2021-04-16,160,12809,39,4746,121,7443,0,620,58,2740,102,5316,59,8056,California
Del Norte,2021-04-17,102,12911,70,4816,32,7475,0,620,97,2832,5,5321,97,8153,California
Del Norte,2021-04-18,5,12916,4,4820,1,7476,0,620,4,2835,1,5322,4,8157,California
Del Norte,2021-04-19,50,12966,6,4826,44,7520,0,620,8,2801,42,5364,8,8165,California
Del Norte,2021-04-20,209,13175,40,4866,169,7689,0,620,74,2740,135,5499,74,8239,California
Del Norte,2021-04-21,287,13462,22,4888,265,7954,0,620,63,2582,224,5723,66,8305,California
Del Norte,2021-04-22,114,13576,15,4903,99,8053,0,620,62,2592,52,5775,62,8367,California
Del Norte,2021-04-23,152,13728,21,4924,131,8184,0,620,40,2520,112,5887,40,8407,California
Del Norte,2021-04-24,25,13753,14,4938,11,8195,0,620,20,2535,5,5892,20,8427,California
Del Norte,2021-04-25,2,13755,0,4938,2,8197,0,620,2,2537,0,5892,2,8429,California
Del Norte,2021-04-26,29,13784,0,4938,29,8226,0,620,7,2522,22,5914,7,8436,California
Del Norte,2021-04-27,175,13959,19,4957,151,8377,5,625,49,2450,126,6040,54,8490,California
Del Norte,2021-04-28,352,14311,101,5058,246,8623,5,630,63,2232,287,6327,69,8559,California
Del Norte,2021-04-29,92,14403,5,5063,83,8706,4,634,26,2196,66,6393,30,8589,California
Del Norte,2021-04-30,83,14486,6,5069,67,8773,10,644,44,2211,39,6432,54,8643,California
Del Norte,2021-05-01,8,14494,3,5072,5,8778,0,644,6,2215,2,6434,6,8649,California
Del Norte,2021-05-02,8,14502,0,5072,8,8786,0,644,8,2223,0,6434,8,8657,California
Del Norte,2021-05-03,40,14542,3,5075,34,8820,3,647,2,2191,37,6471,5,8662,California
Del Norte,2021-05-04,218,14760,36,5111,177,8997,5,652,44,2066,174,6645,49,8711,California
Del Norte,2021-05-05,232,14992,19,5130,205,9202,8,660,58,1961,174,6819,69,8780,California
Del Norte,2021-05-06,114,15106,24,5154,77,9279,13,673,30,1920,84,6903,43,8823,California
Del Norte,2021-05-07,141,15247,26,5180,111,9390,4,677,29,1841,112,7015,33,8856,California
Del Norte,2021-05-08,66,15313,56,5236,8,9398,2,679,9,1795,57,7072,11,8867,California
Del Norte,2021-05-09,9,15322,3,5239,3,9401,3,682,2,1793,7,7079,5,8872,California
Del Norte,2021-05-10,31,15353,4,5243,24,9425,3,685,16,1797,15,7094,19,8891,California
Del Norte,2021-05-11,166,15519,50,5293,114,9539,2,687,30,1693,136,7230,32,8923,California
Del Norte,2021-05-12,116,15635,2,5295,104,9643,10,697,21,1629,95,7325,31,8954,California
El Dorado,2020-12-15,12,12,12,12,0,0,0,0,12,12,0,0,12,12,California
El Dorado,2020-12-16,40,52,40,52,0,0,0,0,40,52,0,0,40,52,California
El Dorado,2020-12-17,31,83,31,83,0,0,0,0,31,83,0,0,31,83,California
El Dorado,2020-12-18,236,319,236,319,0,0,0,0,236,319,0,0,236,319,California
El Dorado,2020-12-19,116,435,116,435,0,0,0,0,116,435,0,0,116,435,California
El Dorado,2020-12-20,85,520,85,520,0,0,0,0,85,520,0,0,85,520,California
El Dorado,2020-12-21,309,829,308,828,1,1,0,0,309,829,0,0,309,829,California
El Dorado,2020-12-22,238,1067,214,1042,24,25,0,0,238,1067,0,0,238,1067,California
El Dorado,2020-12-23,189,1256,140,1182,49,74,0,0,189,1256,0,0,189,1256,California
El Dorado,2020-12-24,87,1343,66,1248,21,95,0,0,87,1343,0,0,87,1343,California
El Dorado,2020-12-25,8,1351,8,1256,0,95,0,0,8,1351,0,0,8,1351,California
El Dorado,2020-12-26,44,1395,26,1282,18,113,0,0,44,1395,0,0,44,1395,California
El Dorado,2020-12-27,37,1432,33,1315,4,117,0,0,37,1432,0,0,37,1432,California
El Dorado,2020-12-28,215,1647,168,1483,47,164,0,0,215,1647,0,0,215,1647,California
El Dorado,2020-12-29,459,2106,142,1625,317,481,0,0,459,2106,0,0,459,2106,California
El Dorado,2020-12-30,507,2613,136,1761,371,852,0,0,507,2613,0,0,507,2613,California
El Dorado,2020-12-31,110,2723,70,1831,40,892,0,0,110,2723,0,0,110,2723,California
El Dorado,2021-01-01,7,2730,4,1835,3,895,0,0,7,2730,0,0,7,2730,California
El Dorado,2021-01-02,153,2883,141,1976,12,907,0,0,153,2883,0,0,153,2883,California
El Dorado,2021-01-03,92,2975,17,1993,75,982,0,0,92,2975,0,0,92,2975,California
El Dorado,2021-01-04,189,3164,62,2055,127,1109,0,0,189,3164,0,0,189,3164,California
El Dorado,2021-01-05,207,3371,51,2106,156,1265,0,0,191,3339,16,16,191,3355,California
El Dorado,2021-01-06,261,3632,189,2295,72,1337,0,0,197,3472,64,80,197,3552,California
El Dorado,2021-01-07,330,3962,136,2431,194,1531,0,0,259,3660,71,151,259,3811,California
El Dorado,2021-01-08,976,4938,501,2932,475,2006,0,0,773,4231,203,354,774,4585,California
El Dorado,2021-01-09,194,5132,157,3089,37,2043,0,0,126,4289,68,422,126,4711,California
El Dorado,2021-01-10,180,5312,129,3218,51,2094,0,0,110,4330,70,492,111,4822,California
El Dorado,2021-01-11,659,5971,293,3511,366,2460,0,0,459,4591,199,691,460,5282,California
El Dorado,2021-01-12,696,6667,422,3933,274,2734,0,0,447,4789,249,940,447,5729,California
El Dorado,2021-01-13,701,7368,296,4229,405,3139,0,0,540,5168,161,1101,540,6269,California
El Dorado,2021-01-14,693,8061,219,4448,474,3613,0,0,598,5671,95,1196,598,6867,California
El Dorado,2021-01-15,684,8745,185,4633,499,4112,0,0,612,6211,72,1268,612,7479,California
El Dorado,2021-01-16,173,8918,104,4737,69,4181,0,0,146,6330,27,1295,146,7625,California
El Dorado,2021-01-17,100,9018,47,4784,53,4234,0,0,83,6396,17,1312,83,7708,California
El Dorado,2021-01-18,421,9439,138,4922,283,4517,0,0,353,6681,68,1380,353,8061,California
El Dorado,2021-01-19,654,10093,354,5276,300,4817,0,0,504,7036,150,1530,505,8566,California
El Dorado,2021-01-20,1011,11104,686,5962,325,5142,0,0,900,7826,110,1640,900,9466,California
El Dorado,2021-01-21,1162,12266,577,6539,585,5727,0,0,955,8615,166,1806,955,10421,California
El Dorado,2021-01-22,1104,13370,712,7251,392,6119,0,0,1050,9612,53,1859,1050,11471,California
El Dorado,2021-01-23,737,14107,617,7868,120,6239,0,0,626,10127,111,1970,626,12097,California
El Dorado,2021-01-24,126,14233,76,7944,50,6289,0,0,107,10215,19,1989,107,12204,California
El Dorado,2021-01-25,612,14845,206,8150,406,6695,0,0,524,10651,88,2077,524,12728,California
El Dorado,2021-01-26,676,15521,365,8515,311,7006,0,0,571,11118,105,2182,572,13300,California
El Dorado,2021-01-27,981,16502,382,8897,599,7605,0,0,644,11424,338,2520,644,13944,California
El Dorado,2021-01-28,1106,17608,453,9350,653,8258,0,0,745,11808,361,2881,745,14689,California
El Dorado,2021-01-29,976,18584,490,9840,486,8744,0,0,746,12326,229,3110,747,15436,California
El Dorado,2021-01-30,610,19194,359,10199,251,8995,0,0,450,12616,160,3270,450,15886,California
El Dorado,2021-01-31,209,19403,188,10387,21,9016,0,0,180,12767,29,3299,180,16066,California
El Dorado,2021-02-01,799,20202,368,10755,431,9447,0,0,655,13279,143,3442,655,16721,California
El Dorado,2021-02-02,837,21039,367,11122,470,9917,0,0,676,13794,161,3603,676,17397,California
El Dorado,2021-02-03,900,21939,476,11598,424,10341,0,0,687,14268,213,3816,687,18084,California
El Dorado,2021-02-04,1267,23206,723,12321,544,10885,0,0,871,14744,395,4211,871,18955,California
El Dorado,2021-02-05,1484,24690,598,12919,886,11771,0,0,868,15031,581,4792,868,19823,California
El Dorado,2021-02-06,639,25329,334,13253,305,12076,0,0,530,15453,109,4901,531,20354,California
El Dorado,2021-02-07,257,25586,177,13430,80,12156,0,0,193,15582,64,4965,193,20547,California
El Dorado,2021-02-08,882,26468,417,13847,465,12621,0,0,608,15916,274,5239,608,21155,California
El Dorado,2021-02-09,909,27377,487,14334,422,13043,0,0,487,15981,422,5661,487,21642,California
El Dorado,2021-02-10,1247,28624,727,15061,520,13563,0,0,655,16045,591,6252,655,22297,California
El Dorado,2021-02-11,2154,30778,891,15952,1263,14826,0,0,961,15817,1190,7442,962,23259,California
El Dorado,2021-02-12,1573,32351,826,16778,747,15573,0,0,679,15604,893,8335,680,23939,California
El Dorado,2021-02-13,978,33329,669,17447,309,15882,0,0,434,15497,541,8876,434,24373,California
El Dorado,2021-02-14,484,33813,154,17601,330,16212,0,0,398,15809,86,8962,398,24771,California
El Dorado,2021-02-15,1184,34997,387,17988,797,17009,0,0,824,16276,360,9322,827,25598,California
El Dorado,2021-02-16,1202,36199,530,18518,672,17681,0,0,677,16430,524,9846,678,26276,California
El Dorado,2021-02-17,906,37105,375,18893,531,18212,0,0,419,16364,487,10333,421,26697,California
El Dorado,2021-02-18,2085,39190,1012,19905,1073,19285,0,0,1346,16972,738,11071,1346,28043,California
El Dorado,2021-02-19,1169,40359,605,20510,564,19849,0,0,649,17102,519,11590,649,28692,California
El Dorado,2021-02-20,921,41280,438,20948,483,20332,0,0,672,17531,243,11833,672,29364,California
El Dorado,2021-02-21,282,41562,225,21173,57,20389,0,0,99,17448,182,12015,99,29463,California
El Dorado,2021-02-22,869,42431,435,21608,434,20823,0,0,283,17146,585,12600,283,29746,California
El Dorado,2021-02-23,845,43276,473,22081,372,21195,0,0,348,16998,496,13096,348,30094,California
El Dorado,2021-02-24,1028,44304,439,22520,589,21784,0,0,429,16829,599,13695,430,30524,California
El Dorado,2021-02-25,1648,45952,898,23418,750,22534,0,0,716,16621,926,14621,718,31242,California
El Dorado,2021-02-26,2354,48306,1482,24900,872,23406,0,0,1589,17447,763,15384,1589,32831,California
El Dorado,2021-02-27,1659,49965,439,25339,1220,24626,0,0,1220,18231,436,15820,1220,34051,California
El Dorado,2021-02-28,589,50554,203,25542,386,25012,0,0,437,18517,152,15972,438,34489,California
El Dorado,2021-03-01,1141,51695,453,25995,687,25699,1,1,628,18634,512,16484,629,35118,California
El Dorado,2021-03-02,900,52595,266,26261,634,26333,0,1,461,18658,437,16921,461,35579,California
El Dorado,2021-03-03,1680,54275,463,26724,1217,27550,0,1,1153,19293,520,17441,1155,36734,California
El Dorado,2021-03-04,2514,56789,1551,28275,963,28513,0,1,1221,19224,1290,18731,1221,37955,California
El Dorado,2021-03-05,1575,58364,422,28697,1148,29661,5,6,1042,19743,528,19259,1047,39002,California
El Dorado,2021-03-06,740,59104,211,28908,494,30155,35,41,392,19822,348,19607,427,39429,California
El Dorado,2021-03-07,406,59510,198,29106,190,30345,18,59,242,19920,162,19769,260,39689,California
El Dorado,2021-03-08,1327,60837,364,29470,891,31236,72,131,857,20381,467,20236,928,40617,California
El Dorado,2021-03-09,979,61816,225,29695,687,31923,67,198,580,20644,384,20620,647,41264,California
El Dorado,2021-03-10,947,62763,344,30039,547,32470,56,254,547,20852,394,21014,602,41866,California
El Dorado,2021-03-11,3019,65782,1833,31872,1004,33474,182,436,1376,20785,1624,22638,1557,43423,California
El Dorado,2021-03-12,1780,67562,620,32492,914,34388,246,682,743,20754,1020,23658,989,44412,California
El Dorado,2021-03-13,1063,68625,344,32836,436,34824,283,965,374,20723,686,24344,655,45067,California
El Dorado,2021-03-14,793,69418,208,33044,473,35297,112,1077,280,20602,513,24857,392,45459,California
El Dorado,2021-03-15,1403,70821,303,33347,974,36271,126,1203,614,20558,785,25642,741,46200,California
El Dorado,2021-03-16,1214,72035,407,33754,663,36934,144,1347,571,20636,637,26279,715,46915,California
El Dorado,2021-03-17,1112,73147,351,34105,667,37601,94,1441,726,21070,386,26665,820,47735,California
El Dorado,2021-03-18,2994,76141,1772,35877,1177,38778,45,1486,1993,22115,993,27658,2038,49773,California
El Dorado,2021-03-19,1114,77255,364,36241,606,39384,144,1630,639,22423,475,28133,783,50556,California
El Dorado,2021-03-20,945,78200,268,36509,660,40044,17,1647,367,22240,567,28700,384,50940,California
El Dorado,2021-03-21,1026,79226,419,36928,602,40646,5,1652,936,23093,88,28788,941,51881,California
El Dorado,2021-03-22,1502,80728,489,37417,930,41576,83,1735,1190,24059,307,29095,1273,53154,California
El Dorado,2021-03-23,1144,81872,449,37866,602,42178,93,1828,733,24485,400,29495,826,53980,California
El Dorado,2021-03-24,1452,83324,620,38486,636,42814,196,2024,660,24577,764,30259,856,54836,California
El Dorado,2021-03-25,2505,85829,1683,40169,719,43533,103,2127,1382,24945,1117,31376,1485,56321,California
El Dorado,2021-03-26,1820,87649,697,40866,1013,44546,110,2237,950,25157,849,32225,1061,57382,California
El Dorado,2021-03-27,1316,88965,189,41055,1123,45669,4,2241,335,24521,975,33200,339,57721,California
El Dorado,2021-03-28,632,89597,182,41237,441,46110,9,2250,203,24307,426,33626,212,57933,California
El Dorado,2021-03-29,1315,90912,431,41668,868,46978,16,2266,825,24661,487,34113,841,58774,California
El Dorado,2021-03-30,1360,92272,411,42079,857,47835,92,2358,704,24807,649,34762,795,59569,California
El Dorado,2021-03-31,1559,93831,582,42661,914,48749,63,2421,703,24717,854,35616,764,60333,California
El Dorado,2021-04-01,3221,97052,1761,44422,1378,50127,82,2503,1531,24644,1688,37304,1615,61948,California
El Dorado,2021-04-02,1882,98934,560,44982,1227,51354,95,2598,754,24368,1125,38429,849,62797,California
El Dorado,2021-04-03,746,99680,292,45274,333,51687,121,2719,227,24198,517,38946,347,63144,California
El Dorado,2021-04-04,270,99950,85,45359,138,51825,47,2766,97,24170,172,39118,144,63288,California
El Dorado,2021-04-05,1425,101375,425,45784,906,52731,94,2860,595,24033,825,39943,688,63976,California
El Dorado,2021-04-06,1416,102791,524,46308,669,53400,223,3083,454,23749,959,40902,675,64651,California
El Dorado,2021-04-07,1578,104369,554,46862,577,53977,447,3530,556,23730,1019,41921,1000,65651,California
El Dorado,2021-04-08,2663,107032,1715,48577,713,54690,235,3765,1109,23527,1545,43466,1342,66993,California
El Dorado,2021-04-09,1420,108452,447,49024,753,55443,220,3985,565,23457,852,44318,782,67775,California
El Dorado,2021-04-10,827,109279,224,49248,493,55936,110,4095,481,23704,343,44661,590,68365,California
El Dorado,2021-04-11,703,109982,454,49702,233,56169,16,4111,207,23433,494,45155,223,68588,California
El Dorado,2021-04-12,1277,111259,495,50197,634,56803,148,4259,558,23426,712,45867,705,69293,California
El Dorado,2021-04-13,1119,112378,614,50811,505,57308,0,4259,511,23333,604,46471,511,69804,California
El Dorado,2021-04-14,1085,113463,457,51268,627,57935,1,4260,384,23030,688,47159,385,70189,California
El Dorado,2021-04-15,2502,115965,1684,52952,818,58753,0,4260,969,22470,1530,48689,970,71159,California
El Dorado,2021-04-16,1472,117437,522,53474,950,59703,0,4260,610,22224,857,49546,611,71770,California
El Dorado,2021-04-17,787,118224,201,53675,586,60289,0,4260,487,22414,297,49843,487,72257,California
El Dorado,2021-04-18,992,119216,88,53763,904,61193,0,4260,401,22225,590,50433,401,72658,California
El Dorado,2021-04-19,1709,120925,437,54200,1272,62465,0,4260,690,21902,1013,51446,690,73348,California
El Dorado,2021-04-20,1106,122031,356,54556,750,63215,0,4260,456,21713,645,52091,456,73804,California
El Dorado,2021-04-21,1152,123183,464,55020,684,63899,4,4264,587,21743,558,52649,588,74392,California
El Dorado,2021-04-22,2550,125733,1684,56704,866,64765,0,4264,1071,21336,1478,54127,1071,75463,California
El Dorado,2021-04-23,1396,127129,497,57201,899,65664,0,4264,715,21374,678,54805,716,76179,California
El Dorado,2021-04-24,961,128090,511,57712,450,66114,0,4264,730,21875,229,55034,730,76909,California
El Dorado,2021-04-25,612,128702,433,58145,179,66293,0,4264,441,22145,171,55205,441,77350,California
El Dorado,2021-04-26,1029,129731,429,58574,584,66877,16,4280,500,22133,528,55733,516,77866,California
El Dorado,2021-04-27,950,130681,358,58932,564,67441,28,4308,438,22093,506,56239,466,78332,California
El Dorado,2021-04-28,1030,131711,346,59278,644,68085,40,4348,401,21906,628,56867,441,78773,California
El Dorado,2021-04-29,1926,133637,1304,60582,590,68675,32,4380,537,21088,1387,58254,569,79342,California
El Dorado,2021-04-30,2111,135748,1325,61907,745,69420,41,4421,1357,21742,743,58997,1397,80739,California
El Dorado,2021-05-01,616,136364,283,62190,306,69726,27,4448,277,21714,332,59329,304,81043,California
El Dorado,2021-05-02,298,136662,212,62402,57,69783,29,4477,101,21649,194,59523,129,81172,California
El Dorado,2021-05-03,814,137476,401,62803,366,70149,47,4524,273,21431,539,60062,321,81493,California
El Dorado,2021-05-04,879,138355,436,63239,383,70532,60,4584,302,21219,573,60635,361,81854,California
El Dorado,2021-05-05,860,139215,417,63656,373,70905,70,4654,403,21237,455,61090,473,82327,California
El Dorado,2021-05-06,1103,140318,485,64141,574,71479,44,4698,463,21105,635,61725,503,82830,California
El Dorado,2021-05-07,959,141277,378,64519,526,72005,55,4753,380,20961,579,62304,435,83265,California
El Dorado,2021-05-08,479,141756,147,64666,294,72299,38,4791,171,20864,306,62610,209,83474,California
El Dorado,2021-05-09,214,141970,77,64743,110,72409,27,4818,99,20876,114,62724,126,83600,California
El Dorado,2021-05-10,834,142804,277,65020,492,72901,65,4883,236,20588,587,63311,299,83899,California
El Dorado,2021-05-11,522,143326,229,65249,263,73164,30,4913,232,20562,287,63598,261,84160,California
El Dorado,2021-05-12,257,143583,194,65443,52,73216,11,4924,59,20434,198,63796,70,84230,California
Fresno,2020-12-15,2,2,2,2,0,0,0,0,2,2,0,0,2,2,California
Fresno,2020-12-16,121,123,121,123,0,0,0,0,121,123,0,0,121,123,California
Fresno,2020-12-17,121,244,121,244,0,0,0,0,121,244,0,0,121,244,California
Fresno,2020-12-18,344,588,344,588,0,0,0,0,344,588,0,0,344,588,California
Fresno,2020-12-19,158,746,158,746,0,0,0,0,158,746,0,0,158,746,California
Fresno,2020-12-20,258,1004,256,1002,2,2,0,0,258,1004,0,0,258,1004,California
Fresno,2020-12-21,925,1929,924,1926,1,3,0,0,956,1960,0,0,956,1960,California
Fresno,2020-12-22,901,2830,872,2798,29,32,0,0,905,2865,0,0,905,2865,California
Fresno,2020-12-23,1087,3917,1046,3844,41,73,0,0,1088,3953,0,0,1088,3953,California
Fresno,2020-12-24,583,4500,563,4407,20,93,0,0,583,4536,0,0,583,4536,California
Fresno,2020-12-25,2,4502,1,4408,1,94,0,0,2,4538,0,0,2,4538,California
Fresno,2020-12-26,723,5225,714,5122,9,103,0,0,723,5261,0,0,723,5261,California
Fresno,2020-12-27,300,5525,204,5326,96,199,0,0,300,5561,0,0,300,5561,California
Fresno,2020-12-28,1063,6588,775,6101,288,487,0,0,1064,6625,0,0,1064,6625,California
Fresno,2020-12-29,1772,8360,1038,7139,734,1221,0,0,1770,8394,1,1,1770,8395,California
Fresno,2020-12-30,982,9342,479,7618,503,1724,0,0,982,9376,0,1,982,9377,California
Fresno,2020-12-31,898,10240,310,7928,588,2312,0,0,897,10273,0,1,897,10274,California
Fresno,2021-01-01,9,10249,3,7931,6,2318,0,0,9,10282,0,1,9,10283,California
Fresno,2021-01-02,1030,11279,717,8648,313,2631,0,0,1030,11312,0,1,1030,11313,California
Fresno,2021-01-03,153,11432,128,8776,25,2656,0,0,153,11465,0,1,153,11466,California
Fresno,2021-01-04,619,12051,376,9152,243,2899,0,0,619,12084,0,1,619,12085,California
Fresno,2021-01-05,781,12832,313,9465,468,3367,0,0,707,12717,74,75,707,12792,California
Fresno,2021-01-06,976,13808,346,9811,630,3997,0,0,804,13349,172,247,804,13596,California
Fresno,2021-01-07,1888,15696,916,10727,972,4969,0,0,1634,14732,254,501,1637,15233,California
Fresno,2021-01-08,1787,17483,613,11340,1174,6143,0,0,1424,15795,361,862,1424,16657,California
Fresno,2021-01-09,629,18112,387,11727,242,6385,0,0,354,15874,275,1137,354,17011,California
Fresno,2021-01-10,517,18629,487,12214,30,6415,0,0,204,15765,313,1450,204,17215,California
Fresno,2021-01-11,2157,20786,1749,13963,408,6823,0,0,1464,16539,693,2143,1467,18682,California
Fresno,2021-01-12,2524,23310,1826,15789,698,7521,0,0,1677,17369,849,2992,1679,20361,California
Fresno,2021-01-13,3538,26848,2421,18210,1117,8638,0,0,2682,19197,856,3848,2684,23045,California
Fresno,2021-01-14,4157,31005,2202,20412,1955,10593,0,0,3686,22413,470,4318,3686,26731,California
Fresno,2021-01-15,3649,34654,2531,22943,1118,11711,0,0,3291,25350,358,4676,3295,30026,California
Fresno,2021-01-16,3153,37807,2310,25253,843,12554,0,0,2688,27575,464,5140,2689,32715,California
Fresno,2021-01-17,977,38784,556,25809,421,12975,0,0,779,28156,198,5338,779,33494,California
Fresno,2021-01-18,3076,41860,2369,28178,707,13682,0,0,2411,29906,663,6001,2413,35907,California
Fresno,2021-01-19,4333,46193,2542,30720,1791,15473,0,0,3682,32941,651,6652,3686,39593,California
Fresno,2021-01-20,3004,49197,1193,31913,1811,17284,0,0,2698,35339,303,6955,2701,42294,California
Fresno,2021-01-21,4379,53576,2025,33938,2354,19638,0,0,4028,39042,330,7285,4033,46327,California
Fresno,2021-01-22,3314,56890,1348,35286,1966,21604,0,0,2924,41594,373,7658,2925,49252,California
Fresno,2021-01-23,3044,59934,1970,37256,1074,22678,0,0,2321,43200,722,8380,2328,51580,California
Fresno,2021-01-24,553,60487,373,37629,180,22858,0,0,348,43346,205,8585,351,51931,California
Fresno,2021-01-25,2344,62831,865,38494,1479,24337,0,0,1855,44716,489,9074,1859,53790,California
Fresno,2021-01-26,2024,64855,586,39080,1438,25775,0,0,1316,45327,706,9780,1317,55107,California
Fresno,2021-01-27,2275,67130,1164,40244,1111,26886,0,0,1753,46562,521,10301,1756,56863,California
Fresno,2021-01-28,4501,71631,3058,43302,1443,28329,0,0,3478,49024,1019,11320,3481,60344,California
Fresno,2021-01-29,1706,73337,983,44285,723,29052,0,0,1409,50140,294,11614,1410,61754,California
Fresno,2021-01-30,1451,74788,551,44836,900,29952,0,0,1034,50757,417,12031,1034,62788,California
Fresno,2021-01-31,226,75014,217,45053,9,29961,0,0,72,50675,154,12185,72,62860,California
Fresno,2021-02-01,3339,78353,1667,46720,1672,31633,0,0,1824,51003,1514,13699,1842,64702,California
Fresno,2021-02-02,2721,81074,552,47272,2169,33802,0,0,1583,51479,1123,14822,1599,66301,California
Fresno,2021-02-03,3543,84617,2091,49363,1452,35254,0,0,1531,51014,1997,16819,1532,67833,California
Fresno,2021-02-04,4200,88817,1899,51262,2301,37555,0,0,1930,50709,2240,19059,1935,69768,California
Fresno,2021-02-05,5333,94150,2724,53986,2609,40164,0,0,2307,49999,3021,22080,2311,72079,California
Fresno,2021-02-06,2937,97087,2049,56035,888,41052,0,0,978,49022,1956,24036,979,73058,California
Fresno,2021-02-07,470,97557,289,56324,181,41233,0,0,275,49103,194,24230,275,73333,California
Fresno,2021-02-08,4278,101835,2292,58616,1986,43219,0,0,1813,48484,2441,26671,1822,75155,California
Fresno,2021-02-09,5332,107167,2084,60700,3248,46467,0,0,3119,49474,2138,28809,3128,78283,California
Fresno,2021-02-10,3885,111052,1237,61937,2648,49115,0,0,1990,49636,1840,30649,2002,80285,California
Fresno,2021-02-11,6458,117510,2097,64034,4361,53476,0,0,3365,49928,3078,33727,3370,83655,California
Fresno,2021-02-12,5388,122898,1384,65418,4004,57480,0,0,2742,50052,2625,36352,2749,86404,California
Fresno,2021-02-13,3737,126635,1548,66966,2189,59669,0,0,2083,50499,1642,37994,2089,88493,California
Fresno,2021-02-14,1562,128197,282,67248,1280,60949,0,0,848,50635,714,38708,850,89343,California
Fresno,2021-02-15,2891,131088,272,67520,2619,63568,0,0,1786,51324,1101,39809,1790,91133,California
Fresno,2021-02-16,6696,137784,2408,69928,4288,67856,0,0,4252,53156,2426,42235,4258,95391,California
Fresno,2021-02-17,5341,143125,2455,72383,2886,70742,0,0,2987,53839,2309,44544,2992,98383,California
Fresno,2021-02-18,6863,149988,2906,75289,3957,74699,0,0,2573,52181,4241,48785,2583,100966,California
Fresno,2021-02-19,3839,153827,1103,76392,2736,77435,0,0,1834,52023,1995,50780,1837,102803,California
Fresno,2021-02-20,4538,158365,2502,78894,2036,79471,0,0,3057,53612,1474,52254,3063,105866,California
Fresno,2021-02-21,191,158556,172,79066,19,79490,0,0,129,53692,49,52303,129,105995,California
Fresno,2021-02-22,2233,160789,1002,80068,1231,80721,0,0,1227,53924,997,53300,1229,107224,California
Fresno,2021-02-23,3911,164700,1501,81569,2410,83131,0,0,3048,56122,852,54152,3050,110274,California
Fresno,2021-02-24,4189,168889,1500,83069,2689,85820,0,0,3440,58826,737,54889,3441,113715,California
Fresno,2021-02-25,7522,176411,2554,85623,4968,90788,0,0,6058,63490,1401,56290,6065,119780,California
Fresno,2021-02-26,8367,184778,3061,88684,5306,96094,0,0,7075,69302,1269,57559,7081,126861,California
Fresno,2021-02-27,6318,191096,2223,90907,4095,100189,0,0,5624,74246,681,58240,5625,132486,California
Fresno,2021-02-28,1652,192748,535,91442,1117,101306,0,0,1562,75732,77,58317,1563,134049,California
Fresno,2021-03-01,4946,197694,1313,92755,3633,104939,0,0,3630,78060,1306,59623,3634,137683,California
Fresno,2021-03-02,8674,206368,2323,95078,6351,111290,0,0,7302,84037,1348,60971,7325,145008,California
Fresno,2021-03-03,6888,213256,1692,96770,5195,116485,1,1,5874,89024,1002,61973,5989,150997,California
Fresno,2021-03-04,8656,221912,2550,99320,6106,122591,0,1,7125,94652,1505,63478,7133,158130,California
Fresno,2021-03-05,8072,229984,2720,102040,5350,127941,2,3,7046,100882,893,64371,7123,165253,California
Fresno,2021-03-06,6485,236469,3551,105591,2816,130757,118,121,5531,105588,947,65318,5653,170906,California
Fresno,2021-03-07,1482,237951,679,106270,767,131524,36,157,1252,106649,228,65546,1289,172195,California
Fresno,2021-03-08,5081,243032,2022,108292,2906,134430,153,310,3901,109543,1171,66717,4065,176260,California
Fresno,2021-03-09,7198,250230,2436,110728,4492,138922,270,580,4000,110668,3180,69897,4305,180565,California
Fresno,2021-03-10,6647,256877,2762,113490,3492,142414,393,973,5241,114916,1396,71293,5644,186209,California
Fresno,2021-03-11,11459,268336,4560,118050,6333,148747,566,1539,6215,116573,5200,76493,6857,193066,California
Fresno,2021-03-12,11689,280025,5021,123071,6215,154962,453,1992,8689,122873,2983,79476,9283,202349,California
Fresno,2021-03-13,8178,288203,3905,126976,3242,158204,1031,3023,3921,123662,4235,83711,5024,207373,California
Fresno,2021-03-14,1766,289969,473,127449,1003,159207,290,3313,665,123526,1090,84801,954,208327,California
Fresno,2021-03-15,7071,297040,3138,130587,3762,162969,171,3484,4906,126639,2150,86951,5263,213590,California
Fresno,2021-03-16,10103,307143,4430,135017,5278,168247,395,3879,6065,129189,4006,90957,6556,220146,California
Fresno,2021-03-17,8607,315750,3884,138901,4029,172276,694,4573,5826,133330,2760,93717,6901,227047,California
Fresno,2021-03-18,12278,328028,6581,145482,5066,177342,631,5204,8009,138174,4221,97938,9065,236112,California
Fresno,2021-03-19,10900,338928,5640,151122,4646,181988,614,5818,7401,143013,3471,101409,8310,244422,California
Fresno,2021-03-20,7386,346314,4425,155547,2649,184637,312,6130,4509,145256,2853,104262,5096,249518,California
Fresno,2021-03-21,1778,348092,1205,156752,202,184839,371,6501,963,145779,811,105073,1334,250852,California
Fresno,2021-03-22,5650,353742,2891,159643,2164,187003,595,7096,3851,148642,1783,106856,4646,255498,California
Fresno,2021-03-23,10533,364275,5239,164882,4801,191804,493,7589,6053,151157,4459,111315,6974,262472,California
Fresno,2021-03-24,8636,372911,3656,168538,4152,195956,828,8417,4757,152949,3845,115160,5637,268109,California
Fresno,2021-03-25,12063,384974,5579,174117,5702,201658,782,9199,6177,154144,5844,121004,7039,275148,California
Fresno,2021-03-26,12032,397006,5336,179453,6051,207709,645,9844,5276,153377,6707,127711,5940,281088,California
Fresno,2021-03-27,9380,406386,4140,183593,4157,211866,1083,10927,2938,150998,6405,134116,4026,285114,California
Fresno,2021-03-28,3350,409736,1266,184859,1397,213263,687,11614,1258,151136,2084,136200,2222,287336,California
Fresno,2021-03-29,5994,415730,1980,186839,3471,216734,543,12157,2890,151502,3079,139279,3445,290781,California
Fresno,2021-03-30,10789,426519,4217,191056,5686,222420,886,13043,4453,150528,6310,145589,5336,296117,California
Fresno,2021-03-31,9272,435791,3327,194383,4962,227382,983,14026,3790,149855,5443,151032,4770,300887,California
Fresno,2021-04-01,11714,447505,4079,198462,6775,234157,860,14886,3928,146916,7686,158718,4747,305634,California
Fresno,2021-04-02,11604,459109,4408,202870,6409,240566,787,15673,4206,144671,7245,165963,5000,310634,California
Fresno,2021-04-03,6220,465329,3385,206255,2582,243148,253,15926,2225,143210,3980,169943,2519,313153,California
Fresno,2021-04-04,1489,466818,533,206788,912,244060,44,15970,559,142892,921,170864,603,313756,California
Fresno,2021-04-05,8293,475111,4468,211256,3028,247088,797,16767,2528,140535,5750,176614,3393,317149,California
Fresno,2021-04-06,9558,484669,4019,215275,4365,251453,1174,17941,3612,139426,5911,182525,4802,321951,California
Fresno,2021-04-07,10318,494987,5314,220589,3813,255266,1191,19132,3560,137483,6720,189245,4777,326728,California
Fresno,2021-04-08,10824,505811,5128,225717,4551,259817,1145,20277,3512,134911,7270,196515,4698,331426,California
Fresno,2021-04-09,10709,516520,5119,230836,4219,264036,1371,21648,3603,132842,7066,203581,4997,336423,California
Fresno,2021-04-10,7853,524373,5147,235983,2185,266221,521,22169,3723,132975,4110,207691,4243,340666,California
Fresno,2021-04-11,1388,525761,928,236911,371,266592,89,22258,448,132578,935,208626,538,341204,California
Fresno,2021-04-12,7143,532904,3770,240681,2458,269050,915,23173,2325,131024,4793,213419,3239,344443,California
Fresno,2021-04-13,8906,541810,4235,244916,4601,273651,70,23243,3496,129307,5374,218793,3657,348100,California
Fresno,2021-04-14,8843,550653,5149,250065,3693,277344,1,23244,3614,127785,5183,223976,3661,351761,California
Fresno,2021-04-15,7838,558491,3644,253709,4191,281535,3,23247,3053,126088,4756,228732,3059,354820,California
Fresno,2021-04-16,8964,567455,4252,257961,4710,286245,2,23249,3841,124852,5084,233816,3848,358668,California
Fresno,2021-04-17,5571,573026,3732,261693,1839,288084,0,23249,2714,124727,2841,236657,2716,361384,California
Fresno,2021-04-18,1021,574047,554,262247,467,288551,0,23249,476,124661,542,237199,476,361860,California
Fresno,2021-04-19,5407,579454,2919,265166,2484,291035,4,23253,2169,123636,3201,240400,2176,364036,California
Fresno,2021-04-20,6818,586272,3312,268478,3498,294533,8,23261,2539,121929,4255,244655,2548,366584,California
Fresno,2021-04-21,6260,592532,3410,271888,2841,297374,9,23270,2585,120878,3648,248303,2597,369181,California
Fresno,2021-04-22,6325,598857,3137,275025,3187,300561,1,23271,2333,119275,3940,252243,2337,371518,California
Fresno,2021-04-23,7020,605877,3766,278791,3235,303796,19,23290,2719,117740,4261,256504,2726,374244,California
Fresno,2021-04-24,4154,610031,2482,281273,1672,305468,0,23290,1956,117512,2184,258688,1956,376200,California
Fresno,2021-04-25,1379,611410,567,281840,810,306278,2,23292,691,117520,684,259372,692,376892,California
Fresno,2021-04-26,3788,615198,1848,283688,1897,308175,43,23335,1597,116992,2166,261538,1638,378530,California
Fresno,2021-04-27,4402,619600,2181,285869,2111,310286,110,23445,1722,116164,2660,264198,1832,380362,California
Fresno,2021-04-28,4702,624302,2625,288494,1950,312236,127,23572,1926,115461,2756,266954,2053,382415,California
Fresno,2021-04-29,4719,629021,2644,291138,1942,314178,133,23705,1738,114380,2952,269906,1871,384286,California
Fresno,2021-04-30,5302,634323,3227,294365,1946,316124,129,23834,2096,113431,3173,273079,2224,386510,California
Fresno,2021-05-01,4179,638502,3465,297830,577,316701,137,23971,1214,111830,2951,276030,1350,387860,California
Fresno,2021-05-02,1245,639747,777,298607,418,317119,50,24021,606,111856,629,276659,655,388515,California
Fresno,2021-05-03,3934,643681,2645,301252,1108,318227,181,24202,1287,110696,2624,279283,1464,389979,California
Fresno,2021-05-04,4647,648328,2346,303598,2158,320385,143,24345,1490,109194,3137,282420,1635,391614,California
Fresno,2021-05-05,4717,653045,2799,306397,1697,322082,221,24566,1441,107597,3252,285672,1655,393269,California
Fresno,2021-05-06,3870,656915,2314,308711,1452,323534,104,24670,1285,106432,2555,288227,1390,394659,California
Fresno,2021-05-07,4952,661867,3263,311974,1533,325067,156,24826,1527,104714,3401,291628,1683,396342,California
Fresno,2021-05-08,3845,665712,2471,314445,1231,326298,143,24969,1134,103304,2693,294321,1283,397625,California
Fresno,2021-05-09,686,666398,362,314807,277,326575,47,25016,328,103324,354,294675,374,397999,California
Fresno,2021-05-10,2909,669307,1581,316388,1189,327764,139,25155,916,102396,1983,296658,1055,399054,California
Fresno,2021-05-11,2957,672264,1437,317825,1464,329228,56,25211,902,101308,2046,298704,958,400012,California
Fresno,2021-05-12,2153,674417,1429,319254,637,329865,87,25298,635,100527,1503,300207,722,400734,California
Glenn,2020-12-17,1,1,1,1,0,0,0,0,1,1,0,0,1,1,California
Glenn,2020-12-19,1,2,1,2,0,0,0,0,1,2,0,0,1,2,California
Glenn,2020-12-20,1,3,1,3,0,0,0,0,1,3,0,0,1,3,California
Glenn,2020-12-21,11,14,11,14,0,0,0,0,11,14,0,0,11,14,California
Glenn,2020-12-22,59,73,59,73,0,0,0,0,59,73,0,0,59,73,California
Glenn,2020-12-23,27,100,27,100,0,0,0,0,27,100,0,0,27,100,California
Glenn,2020-12-24,9,109,9,109,0,0,0,0,9,109,0,0,9,109,California
Glenn,2020-12-26,2,111,2,111,0,0,0,0,2,111,0,0,2,111,California
Glenn,2020-12-27,4,115,4,115,0,0,0,0,4,115,0,0,4,115,California
Glenn,2020-12-28,21,136,21,136,0,0,0,0,21,136,0,0,21,136,California
Glenn,2020-12-29,82,218,82,218,0,0,0,0,82,218,0,0,82,218,California
Glenn,2020-12-30,129,347,106,324,23,23,0,0,129,347,0,0,129,347,California
Glenn,2020-12-31,38,385,9,333,29,52,0,0,38,385,0,0,38,385,California
Glenn,2021-01-02,2,387,2,335,0,52,0,0,2,387,0,0,2,387,California
Glenn,2021-01-04,7,394,5,340,2,54,0,0,7,394,0,0,7,394,California
Glenn,2021-01-05,9,403,8,348,1,55,0,0,9,403,0,0,9,403,California
Glenn,2021-01-06,60,463,8,356,52,107,0,0,60,463,0,0,60,463,California
Glenn,2021-01-07,67,530,12,368,55,162,0,0,65,526,2,2,65,528,California
Glenn,2021-01-08,12,542,9,377,3,165,0,0,12,538,0,2,12,540,California
Glenn,2021-01-10,1,543,1,378,0,165,0,0,0,537,1,3,0,540,California
Glenn,2021-01-11,30,573,30,408,0,165,0,0,12,531,18,21,12,552,California
Glenn,2021-01-12,42,615,37,445,5,170,0,0,14,517,28,49,14,566,California
Glenn,2021-01-13,154,769,89,534,65,235,0,0,110,583,44,93,110,676,California
Glenn,2021-01-14,185,954,96,630,89,324,0,0,175,748,10,103,175,851,California
Glenn,2021-01-15,42,996,34,664,8,332,0,0,37,780,5,108,37,888,California
Glenn,2021-01-16,34,1030,14,678,20,352,0,0,24,794,10,118,24,912,California
Glenn,2021-01-17,4,1034,2,680,2,354,0,0,2,794,2,120,2,914,California
Glenn,2021-01-18,17,1051,16,696,1,355,0,0,9,795,8,128,9,923,California
Glenn,2021-01-19,31,1082,20,716,11,366,0,0,14,792,17,145,14,937,California
Glenn,2021-01-20,163,1245,94,810,69,435,0,0,82,793,81,226,82,1019,California
Glenn,2021-01-21,124,1369,98,908,26,461,0,0,30,729,94,320,30,1049,California
Glenn,2021-01-22,339,1708,65,973,274,735,0,0,332,1054,7,327,332,1381,California
Glenn,2021-01-23,14,1722,7,980,7,742,0,0,12,1064,2,329,12,1393,California
Glenn,2021-01-24,2,1724,2,982,0,742,0,0,2,1066,0,329,2,1395,California
Glenn,2021-01-25,27,1751,9,991,18,760,0,0,24,1087,3,332,24,1419,California
Glenn,2021-01-26,29,1780,13,1004,16,776,0,0,23,1104,6,338,23,1442,California
Glenn,2021-01-27,188,1968,13,1017,175,951,0,0,166,1248,22,360,166,1608,California
Glenn,2021-01-28,146,2114,8,1025,138,1089,0,0,116,1334,30,390,116,1724,California
Glenn,2021-01-29,296,2410,12,1037,284,1373,0,0,282,1602,14,404,282,2006,California
Glenn,2021-01-30,4,2414,0,1037,4,1377,0,0,4,1606,0,404,4,2010,California
Glenn,2021-01-31,1,2415,0,1037,1,1378,0,0,1,1607,0,404,1,2011,California
Glenn,2021-02-01,28,2443,10,1047,18,1396,0,0,16,1611,12,416,16,2027,California
Glenn,2021-02-02,28,2471,13,1060,15,1411,0,0,19,1621,9,425,19,2046,California
Glenn,2021-02-03,207,2678,58,1118,149,1560,0,0,111,1637,96,521,112,2158,California
Glenn,2021-02-04,150,2828,84,1202,66,1626,0,0,45,1577,105,626,45,2203,California
Glenn,2021-02-05,319,3147,24,1226,295,1921,0,0,299,1856,20,646,299,2502,California
Glenn,2021-02-06,14,3161,2,1228,12,1933,0,0,13,1868,1,647,13,2515,California
Glenn,2021-02-07,2,3163,2,1230,0,1933,0,0,2,1870,0,647,2,2517,California
Glenn,2021-02-08,21,3184,17,1247,4,1937,0,0,4,1857,17,664,4,2521,California
Glenn,2021-02-09,49,3233,20,1267,29,1966,0,0,36,1880,13,677,36,2557,California
Glenn,2021-02-10,139,3372,19,1286,120,2086,0,0,65,1871,74,751,65,2622,California
Glenn,2021-02-11,233,3605,133,1419,100,2186,0,0,150,1938,83,834,150,2772,California
Glenn,2021-02-12,420,4025,99,1518,321,2507,0,0,354,2226,66,900,354,3126,California
Glenn,2021-02-13,34,4059,7,1525,27,2534,0,0,16,2224,18,918,16,3142,California
Glenn,2021-02-14,1,4060,0,1525,1,2535,0,0,1,2225,0,918,1,3143,California
Glenn,2021-02-15,8,4068,0,1525,8,2543,0,0,8,2233,0,918,8,3151,California
Glenn,2021-02-16,39,4107,9,1534,30,2573,0,0,21,2236,18,936,21,3172,California
Glenn,2021-02-17,380,4487,15,1549,365,2938,0,0,302,2460,78,1014,302,3474,California
Glenn,2021-02-18,135,4622,100,1649,35,2973,0,0,111,2547,24,1038,111,3585,California
Glenn,2021-02-19,303,4925,17,1666,286,3259,0,0,29,2302,274,1312,29,3614,California
Glenn,2021-02-20,8,4933,0,1666,8,3267,0,0,0,2294,8,1320,0,3614,California
Glenn,2021-02-22,33,4966,14,1680,19,3286,0,0,17,2295,16,1336,17,3631,California
Glenn,2021-02-23,40,5006,10,1690,30,3316,0,0,28,2311,12,1348,28,3659,California
Glenn,2021-02-24,221,5227,15,1705,206,3522,0,0,47,2184,174,1522,47,3706,California
Glenn,2021-02-25,262,5489,148,1853,114,3636,0,0,118,2158,144,1666,118,3824,California
Glenn,2021-02-26,304,5793,24,1877,280,3916,0,0,20,1895,283,1949,20,3844,California
Glenn,2021-02-27,15,5808,5,1882,10,3926,0,0,5,1891,9,1958,5,3849,California
Glenn,2021-02-28,6,5814,3,1885,3,3929,0,0,3,1892,2,1960,3,3852,California
Glenn,2021-03-01,28,5842,6,1891,22,3951,0,0,12,1888,16,1976,12,3864,California
Glenn,2021-03-02,35,5877,7,1898,28,3979,0,0,17,1887,18,1994,17,3881,California
Glenn,2021-03-03,192,6069,37,1935,155,4134,0,0,101,1899,89,2083,101,3982,California
Glenn,2021-03-04,521,6590,175,2110,346,4480,0,0,375,2128,146,2229,375,4357,California
Glenn,2021-03-05,356,6946,48,2158,308,4788,0,0,35,1842,321,2550,35,4392,California
Glenn,2021-03-06,26,6972,3,2161,22,4810,1,1,9,1835,17,2567,10,4402,California
Glenn,2021-03-07,5,6977,0,2161,5,4815,0,1,3,1837,1,2568,3,4405,California
Glenn,2021-03-08,20,6997,2,2163,17,4832,1,2,18,1854,2,2570,19,4424,California
Glenn,2021-03-09,82,7079,11,2174,68,4900,3,5,54,1882,28,2598,56,4480,California
Glenn,2021-03-10,172,7251,68,2242,102,5002,2,7,95,1902,77,2675,97,4577,California
Glenn,2021-03-11,584,7835,170,2412,391,5393,23,30,454,2249,130,2805,477,5054,California
Glenn,2021-03-12,418,8253,14,2426,342,5735,62,92,41,1975,377,3182,103,5157,California
Glenn,2021-03-13,12,8265,1,2427,3,5738,8,100,1,1973,11,3193,9,5166,California
Glenn,2021-03-14,3,8268,1,2428,2,5740,0,100,2,1974,1,3194,2,5168,California
Glenn,2021-03-15,75,8343,15,2443,55,5795,5,105,60,2024,15,3209,65,5233,California
Glenn,2021-03-16,106,8449,33,2476,62,5857,11,116,65,2059,41,3250,76,5309,California
Glenn,2021-03-17,417,8866,97,2573,313,6170,7,123,116,1879,301,3551,121,5430,California
Glenn,2021-03-18,521,9387,215,2788,50,6220,256,379,145,1903,376,3927,400,5830,California
Glenn,2021-03-19,92,9479,16,2804,70,6290,6,385,71,1960,20,3947,77,5907,California
Glenn,2021-03-20,121,9600,1,2805,119,6409,1,386,119,2078,2,3949,120,6027,California
Glenn,2021-03-21,6,9606,5,2810,0,6409,1,387,3,2080,2,3951,4,6031,California
Glenn,2021-03-22,117,9723,54,2864,55,6464,8,395,97,2167,18,3969,105,6136,California
Glenn,2021-03-23,173,9896,66,2930,56,6520,51,446,100,2246,72,4041,151,6287,California
Glenn,2021-03-24,205,10101,99,3029,101,6621,5,451,133,2313,71,4112,138,6425,California
Glenn,2021-03-25,458,10559,228,3257,136,6757,94,545,330,2610,127,4239,424,6849,California
Glenn,2021-03-26,229,10788,37,3294,156,6913,36,581,178,2773,51,4290,214,7063,California
Glenn,2021-03-27,151,10939,22,3316,124,7037,5,586,141,2909,10,4300,146,7209,California
Glenn,2021-03-28,15,10954,10,3326,5,7042,0,586,10,2914,5,4305,10,7219,California
Glenn,2021-03-29,60,11014,20,3346,37,7079,3,589,46,2949,14,4319,49,7268,California
Glenn,2021-03-30,74,11088,42,3388,31,7110,1,590,42,2962,30,4349,43,7311,California
Glenn,2021-03-31,125,11213,35,3423,89,7199,1,591,54,2947,70,4419,55,7366,California
Glenn,2021-04-01,643,11856,185,3608,449,7648,9,600,231,2777,410,4829,240,7606,California
Glenn,2021-04-02,159,12015,25,3633,122,7770,12,612,123,2876,36,4865,135,7741,California
Glenn,2021-04-03,91,12106,4,3637,80,7850,7,619,80,2952,11,4876,87,7828,California
Glenn,2021-04-04,8,12114,3,3640,3,7853,2,621,4,2954,4,4880,6,7834,California
Glenn,2021-04-05,65,12179,25,3665,27,7880,13,634,28,2958,37,4917,41,7875,California
Glenn,2021-04-06,144,12323,52,3717,53,7933,39,673,38,2929,105,5022,76,7951,California
Glenn,2021-04-07,158,12481,46,3763,58,7991,54,727,72,2969,86,5108,126,8077,California
Glenn,2021-04-08,640,13121,189,3952,417,8408,34,761,138,2641,500,5608,172,8249,California
Glenn,2021-04-09,156,13277,57,4009,83,8491,16,777,100,2701,56,5664,116,8365,California
Glenn,2021-04-10,75,13352,1,4010,63,8554,11,788,62,2762,12,5676,73,8438,California
Glenn,2021-04-11,17,13369,8,4018,4,8558,5,793,7,2764,10,5686,12,8450,California
Glenn,2021-04-12,114,13483,25,4043,60,8618,29,822,20,2719,94,5780,49,8499,California
Glenn,2021-04-13,118,13601,63,4106,55,8673,0,822,31,2664,86,5866,31,8530,California
Glenn,2021-04-14,123,13724,47,4153,76,8749,0,822,69,2679,54,5920,69,8599,California
Glenn,2021-04-15,361,14085,275,4428,86,8835,0,822,124,2566,237,6157,124,8723,California
Glenn,2021-04-16,164,14249,40,4468,124,8959,0,822,78,2558,86,6243,78,8801,California
Glenn,2021-04-17,166,14415,18,4486,148,9107,0,822,36,2471,123,6366,36,8837,California
Glenn,2021-04-18,16,14431,3,4489,13,9120,0,822,13,2481,3,6369,13,8850,California
Glenn,2021-04-19,82,14513,17,4506,65,9185,0,822,27,2454,54,6423,27,8877,California
Glenn,2021-04-20,125,14638,81,4587,44,9229,0,822,56,2441,69,6492,56,8933,California
Glenn,2021-04-21,410,15048,307,4894,103,9332,0,822,284,2599,126,6618,284,9217,California
Glenn,2021-04-22,208,15256,48,4942,160,9492,0,822,43,2478,164,6782,43,9260,California
Glenn,2021-04-23,178,15434,24,4966,154,9646,0,822,48,2397,129,6911,48,9308,California
Glenn,2021-04-24,179,15613,32,4998,147,9793,0,822,44,2306,135,7046,44,9352,California
Glenn,2021-04-25,28,15641,16,5014,12,9805,0,822,21,2320,7,7053,21,9373,California
Glenn,2021-04-26,44,15685,9,5023,35,9840,0,822,18,2312,26,7079,18,9391,California
Glenn,2021-04-27,52,15737,39,5062,8,9848,5,827,24,2313,27,7106,28,9419,California
Glenn,2021-04-28,255,15992,177,5239,67,9915,11,838,127,2323,128,7234,138,9557,California
Glenn,2021-04-29,182,16174,23,5262,157,10072,2,840,44,2231,138,7372,46,9603,California
Glenn,2021-04-30,155,16329,34,5296,119,10191,2,842,45,2168,110,7482,47,9650,California
Glenn,2021-05-01,108,16437,13,5309,94,10285,1,843,30,2121,78,7560,31,9681,California
Glenn,2021-05-02,30,16467,12,5321,9,10294,9,852,15,2130,15,7575,24,9705,California
Glenn,2021-05-03,36,16503,23,5344,12,10306,1,853,14,2123,22,7597,15,9720,California
Glenn,2021-05-04,56,16559,32,5376,19,10325,5,858,27,2126,29,7626,32,9752,California
Glenn,2021-05-05,123,16682,35,5411,78,10403,10,868,53,2119,70,7696,63,9815,California
Glenn,2021-05-06,105,16787,42,5453,58,10461,5,873,40,2099,65,7761,45,9860,California
Glenn,2021-05-07,122,16909,33,5486,80,10541,9,882,33,2053,88,7849,42,9902,California
Glenn,2021-05-08,66,16975,11,5497,51,10592,4,886,20,2032,45,7894,24,9926,California
Glenn,2021-05-09,16,16991,11,5508,5,10597,0,886,12,2040,4,7898,12,9938,California
Glenn,2021-05-10,35,17026,15,5523,15,10612,5,891,16,2042,19,7917,21,9959,California
Glenn,2021-05-11,68,17094,48,5571,14,10626,6,897,15,2010,53,7970,21,9980,California
Glenn,2021-05-12,276,17370,203,5774,65,10691,8,905,36,1815,239,8209,44,10024,California
Humboldt,2020-12-15,2,2,2,2,0,0,0,0,2,2,0,0,2,2,California
Humboldt,2020-12-16,15,17,15,17,0,0,0,0,15,17,0,0,15,17,California
Humboldt,2020-12-17,117,134,117,134,0,0,0,0,117,134,0,0,117,134,California
Humboldt,2020-12-18,177,311,177,311,0,0,0,0,177,311,0,0,177,311,California
Humboldt,2020-12-19,10,321,10,321,0,0,0,0,10,321,0,0,10,321,California
Humboldt,2020-12-20,28,349,28,349,0,0,0,0,28,349,0,0,28,349,California
Humboldt,2020-12-21,166,515,166,515,0,0,0,0,166,515,0,0,166,515,California
Humboldt,2020-12-22,297,812,297,812,0,0,0,0,297,812,0,0,297,812,California
Humboldt,2020-12-23,310,1122,262,1074,48,48,0,0,312,1124,0,0,312,1124,California
Humboldt,2020-12-24,25,1147,2,1076,23,71,0,0,25,1149,0,0,25,1149,California
Humboldt,2020-12-25,2,1149,2,1078,0,71,0,0,2,1151,0,0,2,1151,California
Humboldt,2020-12-26,6,1155,5,1083,1,72,0,0,6,1157,0,0,6,1157,California
Humboldt,2020-12-28,157,1312,145,1228,12,84,0,0,157,1314,0,0,157,1314,California
Humboldt,2020-12-29,171,1483,124,1352,47,131,0,0,171,1485,0,0,171,1485,California
Humboldt,2020-12-30,223,1706,124,1476,99,230,0,0,223,1708,0,0,223,1708,California
Humboldt,2020-12-31,242,1948,79,1555,163,393,0,0,242,1950,0,0,242,1950,California
Humboldt,2021-01-01,2,1950,1,1556,1,394,0,0,2,1952,0,0,2,1952,California
Humboldt,2021-01-02,38,1988,1,1557,37,431,0,0,38,1990,0,0,38,1990,California
Humboldt,2021-01-04,217,2205,142,1699,75,506,0,0,218,2208,0,0,218,2208,California
Humboldt,2021-01-05,129,2334,18,1717,111,617,0,0,128,2335,1,1,128,2336,California
Humboldt,2021-01-06,302,2636,204,1921,98,715,0,0,229,2503,61,62,229,2565,California
Humboldt,2021-01-07,423,3059,311,2232,112,827,0,0,309,2713,99,161,309,2874,California
Humboldt,2021-01-08,420,3479,281,2513,139,966,0,0,285,2867,131,292,285,3159,California
Humboldt,2021-01-09,69,3548,45,2558,24,990,0,0,66,2931,3,295,67,3226,California
Humboldt,2021-01-10,84,3632,84,2642,0,990,0,0,4,2855,80,375,4,3230,California
Humboldt,2021-01-11,289,3921,278,2920,11,1001,0,0,72,2714,213,588,72,3302,California
Humboldt,2021-01-12,482,4403,319,3239,163,1164,0,0,298,2850,162,750,298,3600,California
Humboldt,2021-01-13,488,4891,275,3514,213,1377,0,0,311,2988,174,924,312,3912,California
Humboldt,2021-01-14,521,5412,164,3678,357,1734,0,0,465,3398,56,980,466,4378,California
Humboldt,2021-01-15,374,5786,39,3717,335,2069,0,0,357,3738,17,997,357,4735,California
Humboldt,2021-01-16,170,5956,6,3723,164,2233,0,0,169,3906,1,998,169,4904,California
Humboldt,2021-01-17,6,5962,4,3727,2,2235,0,0,6,3912,0,998,6,4910,California
Humboldt,2021-01-18,294,6256,259,3986,35,2270,0,0,144,3906,150,1148,144,5054,California
Humboldt,2021-01-19,625,6881,372,4358,253,2523,0,0,498,4283,121,1269,498,5552,California
Humboldt,2021-01-20,915,7796,405,4763,510,3033,0,0,767,4912,140,1409,769,6321,California
Humboldt,2021-01-21,959,8755,261,5024,698,3731,0,0,917,5787,42,1451,917,7238,California
Humboldt,2021-01-22,676,9431,376,5400,300,4031,0,0,668,6447,8,1459,668,7906,California
Humboldt,2021-01-23,812,10243,272,5672,540,4571,0,0,803,7242,9,1468,804,8710,California
Humboldt,2021-01-24,226,10469,1,5673,225,4796,0,0,225,7466,1,1469,225,8935,California
Humboldt,2021-01-25,305,10774,233,5906,72,4868,0,0,149,7459,156,1625,149,9084,California
Humboldt,2021-01-26,526,11300,141,6047,385,5253,0,0,476,7885,50,1675,476,9560,California
Humboldt,2021-01-27,1260,12560,587,6634,673,5926,0,0,1194,9022,59,1734,1196,10756,California
Humboldt,2021-01-28,1456,14016,634,7268,822,6748,0,0,1320,10211,133,1867,1322,12078,California
Humboldt,2021-01-29,1131,15147,546,7814,585,7333,0,0,703,10487,428,2295,704,12782,California
Humboldt,2021-01-30,974,16121,457,8271,517,7850,0,0,961,11436,13,2308,962,13744,California
Humboldt,2021-01-31,313,16434,312,8583,1,7851,0,0,312,11747,1,2309,312,14056,California
Humboldt,2021-02-01,333,16767,192,8775,141,7992,0,0,189,11793,143,2452,189,14245,California
Humboldt,2021-02-02,444,17211,74,8849,370,8362,0,0,339,12032,102,2554,341,14586,California
Humboldt,2021-02-03,655,17866,257,9106,398,8760,0,0,505,12387,150,2704,505,15091,California
Humboldt,2021-02-04,638,18504,262,9368,376,9136,0,0,441,12634,194,2898,441,15532,California
Humboldt,2021-02-05,811,19315,94,9462,717,9853,0,0,625,13073,186,3084,625,16157,California
Humboldt,2021-02-06,1058,20373,446,9908,612,10465,0,0,1015,14047,42,3126,1016,17173,California
Humboldt,2021-02-07,379,20752,9,9917,370,10835,0,0,374,14418,4,3130,375,17548,California
Humboldt,2021-02-08,325,21077,142,10059,183,11018,0,0,184,14462,140,3270,184,17732,California
Humboldt,2021-02-09,494,21571,220,10279,274,11292,0,0,179,14326,315,3585,179,17911,California
Humboldt,2021-02-10,563,22134,370,10649,193,11485,0,0,232,14232,326,3911,232,18143,California
Humboldt,2021-02-11,1296,23430,395,11044,901,12386,0,0,503,13945,790,4701,503,18646,California
Humboldt,2021-02-12,1147,24577,736,11780,411,12797,0,0,707,14212,440,5141,707,19353,California
Humboldt,2021-02-13,1505,26082,557,12337,948,13745,0,0,916,14541,587,5728,916,20269,California
Humboldt,2021-02-14,112,26194,5,12342,107,13852,0,0,109,14648,2,5730,109,20378,California
Humboldt,2021-02-15,292,26486,78,12420,214,14066,0,0,195,14746,97,5827,195,20573,California
Humboldt,2021-02-16,534,27020,118,12538,416,14482,0,0,253,14719,281,6108,254,20827,California
Humboldt,2021-02-17,453,27473,281,12819,172,14654,0,0,137,14541,315,6423,137,20964,California
Humboldt,2021-02-18,969,28442,596,13415,373,15027,0,0,228,14030,739,7162,228,21192,California
Humboldt,2021-02-19,476,28918,434,13849,42,15069,0,0,89,13735,384,7546,89,21281,California
Humboldt,2021-02-20,1593,30511,983,14832,610,15679,0,0,475,13097,1115,8661,477,21758,California
Humboldt,2021-02-21,479,30990,471,15303,8,15687,0,0,183,12985,296,8957,184,21942,California
Humboldt,2021-02-22,127,31117,92,15395,35,15722,0,0,28,12916,97,9054,28,21970,California
Humboldt,2021-02-23,173,31290,70,15465,103,15825,0,0,40,12825,131,9185,40,22010,California
Humboldt,2021-02-24,1164,32454,705,16170,459,16284,0,0,586,12834,577,9762,586,22596,California
Humboldt,2021-02-25,832,33286,317,16487,515,16799,0,0,229,12462,601,10363,229,22825,California
Humboldt,2021-02-26,2144,35430,106,16593,2038,18837,0,0,450,11225,1688,12051,451,23276,California
Humboldt,2021-02-27,1693,37123,1075,17668,618,19455,0,0,869,11276,822,12873,873,24149,California
Humboldt,2021-02-28,121,37244,11,17679,110,19565,0,0,117,11389,4,12877,117,24266,California
Humboldt,2021-03-01,259,37503,47,17726,212,19777,0,0,184,11498,75,12952,184,24450,California
Humboldt,2021-03-02,287,37790,48,17774,239,20016,0,0,157,11525,130,13082,157,24607,California
Humboldt,2021-03-03,1654,39444,1097,18871,557,20573,0,0,1223,12325,424,13506,1224,25831,California
Humboldt,2021-03-04,899,40343,112,18983,787,21360,0,0,280,11988,619,14125,282,26113,California
Humboldt,2021-03-05,943,41286,183,19166,749,22109,11,11,387,11834,552,14677,398,26511,California
Humboldt,2021-03-06,1699,42985,841,20007,809,22918,49,60,713,11611,985,15662,762,27273,California
Humboldt,2021-03-07,364,43349,296,20303,50,22968,18,78,157,11579,207,15869,175,27448,California
Humboldt,2021-03-08,273,43622,7,20310,188,23156,78,156,179,11742,94,15963,257,27705,California
Humboldt,2021-03-09,478,44100,203,20513,128,23284,147,303,230,11873,246,16209,377,28082,California
Humboldt,2021-03-10,688,44788,466,20979,69,23353,153,456,419,12175,268,16477,570,28652,California
Humboldt,2021-03-11,1446,46234,463,21442,884,24237,99,555,627,12084,816,17293,725,29377,California
Humboldt,2021-03-12,1746,47980,1082,22524,442,24679,222,777,1053,12677,685,17978,1278,30655,California
Humboldt,2021-03-13,1570,49550,1022,23546,496,25175,52,829,676,12517,888,18866,728,31383,California
Humboldt,2021-03-14,142,49692,18,23564,115,25290,9,838,28,12440,114,18980,37,31420,California
Humboldt,2021-03-15,275,49967,51,23615,204,25494,20,858,59,12303,216,19196,79,31499,California
Humboldt,2021-03-16,633,50600,200,23815,173,25667,260,1118,259,12447,373,19569,517,32016,California
Humboldt,2021-03-17,731,51331,397,24212,226,25893,108,1226,338,12501,392,19961,446,32462,California
Humboldt,2021-03-18,1735,53066,1166,25378,526,26419,43,1269,1041,12896,689,20650,1084,33546,California
Humboldt,2021-03-19,1073,54139,58,25436,701,27120,314,1583,439,13017,631,21281,752,34298,California
Humboldt,2021-03-20,1375,55514,751,26187,611,27731,13,1596,428,12514,945,22226,442,34740,California
Humboldt,2021-03-21,248,55762,33,26220,186,27917,29,1625,201,12697,47,22273,230,34970,California
Humboldt,2021-03-22,114,55876,15,26235,49,27966,50,1675,57,12749,55,22328,107,35077,California
Humboldt,2021-03-23,411,56287,41,26276,327,28293,43,1718,320,13023,89,22417,363,35440,California
Humboldt,2021-03-24,1414,57701,389,26665,977,29270,48,1766,1037,13737,369,22786,1083,36523,California
Humboldt,2021-03-25,1832,59533,1207,27872,563,29833,62,1828,946,13861,884,23670,1008,37531,California
Humboldt,2021-03-26,2036,61569,437,28309,1543,31376,56,1884,1595,15075,436,24106,1650,39181,California
Humboldt,2021-03-27,1939,63508,1437,29746,333,31709,169,2053,1068,15445,867,24973,1237,40418,California
Humboldt,2021-03-28,267,63775,81,29827,115,31824,71,2124,85,15420,182,25155,157,40575,California
Humboldt,2021-03-29,467,64242,126,29953,246,32070,95,2219,198,15444,268,25423,292,40867,California
Humboldt,2021-03-30,939,65181,304,30257,521,32591,114,2333,564,15750,371,25794,677,41544,California
Humboldt,2021-03-31,1853,67034,519,30776,1238,33829,96,2429,1401,16800,449,26243,1499,43043,California
Humboldt,2021-04-01,2103,69137,703,31479,1308,35137,92,2521,1478,17753,618,26861,1571,44614,California
Humboldt,2021-04-02,1700,70837,1099,32578,497,35634,104,2625,603,17369,1091,27952,707,45321,California
Humboldt,2021-04-03,1654,72491,1496,34074,142,35776,16,2641,661,17063,983,28935,677,45998,California
Humboldt,2021-04-04,480,72971,369,34443,102,35878,9,2650,404,17401,76,29011,414,46412,California
Humboldt,2021-04-05,771,73742,456,34899,267,36145,48,2698,438,17556,331,29342,486,46898,California
Humboldt,2021-04-06,834,74576,316,35215,384,36529,134,2832,585,18030,243,29585,717,47615,California
Humboldt,2021-04-07,1490,76066,1058,36273,293,36822,139,2971,987,18655,501,30086,1126,48741,California
Humboldt,2021-04-08,1724,77790,1085,37358,481,37303,158,3129,732,18555,990,31076,890,49631,California
Humboldt,2021-04-09,1424,79214,433,37791,838,38141,153,3282,1141,19560,282,31358,1287,50918,California
Humboldt,2021-04-10,926,80140,135,37926,616,38757,175,3457,728,20265,196,31554,901,51819,California
Humboldt,2021-04-11,638,80778,138,38064,34,38791,466,3923,127,20346,511,32065,592,52411,California
Humboldt,2021-04-12,431,81209,224,38288,83,38874,124,4047,275,20589,156,32221,399,52810,California
Humboldt,2021-04-13,582,81791,322,38610,257,39131,3,4050,547,21107,31,32252,549,53359,California
Humboldt,2021-04-14,1420,83211,1030,39640,390,39521,0,4050,1309,22306,110,32362,1309,54668,California
Humboldt,2021-04-15,1809,85020,1194,40834,611,40132,4,4054,1242,23001,549,32911,1244,55912,California
Humboldt,2021-04-16,1119,86139,514,41348,605,40737,0,4054,537,22959,579,33490,537,56449,California
Humboldt,2021-04-17,1600,87739,1277,42625,323,41060,0,4054,1013,23391,581,34071,1013,57462,California
Humboldt,2021-04-18,537,88276,342,42967,195,41255,0,4054,93,23044,440,34511,93,57555,California
Humboldt,2021-04-19,186,88462,83,43050,103,41358,0,4054,71,23002,113,34624,71,57626,California
Humboldt,2021-04-20,476,88938,133,43183,343,41701,0,4054,234,22995,241,34865,234,57860,California
Humboldt,2021-04-21,1080,90018,374,43557,706,42407,0,4054,426,22778,644,35509,427,58287,California
Humboldt,2021-04-22,872,90890,520,44077,350,42757,2,4056,439,22786,431,35940,439,58726,California
Humboldt,2021-04-23,2147,93037,299,44376,1848,44605,0,4056,315,21272,1829,37769,315,59041,California
Humboldt,2021-04-24,1014,94051,875,45251,134,44739,5,4061,349,20963,663,38432,354,59395,California
Humboldt,2021-04-25,373,94424,238,45489,135,44874,0,4061,193,20979,177,38609,193,59588,California
Humboldt,2021-04-26,265,94689,186,45675,76,44950,3,4064,79,20875,184,38793,80,59668,California
Humboldt,2021-04-27,635,95324,192,45867,425,45375,18,4082,126,20512,507,39300,144,59812,California
Humboldt,2021-04-28,1521,96845,789,46656,688,46063,44,4126,393,19823,1126,40426,437,60249,California
Humboldt,2021-04-29,1712,98557,569,47225,1105,47168,38,4164,268,18689,1440,41866,306,60555,California
Humboldt,2021-04-30,1229,99786,385,47610,811,47979,33,4197,194,17885,1029,42895,225,60780,California
Humboldt,2021-05-01,457,100243,378,47988,57,48036,22,4219,284,18019,172,43067,306,61086,California
Humboldt,2021-05-02,227,100470,182,48170,36,48072,9,4228,113,18029,113,43180,123,61209,California
Humboldt,2021-05-03,602,101072,373,48543,206,48278,23,4251,95,17642,505,43685,118,61327,California
Humboldt,2021-05-04,797,101869,476,49019,279,48557,42,4293,241,17371,553,44238,282,61609,California
Humboldt,2021-05-05,1685,103554,1083,50102,545,49102,57,4350,180,16108,1498,45736,235,61844,California
Humboldt,2021-05-06,1629,105183,1044,51146,339,49441,246,4596,127,14982,1499,47235,373,62217,California
Humboldt,2021-05-07,1407,106590,303,51449,1048,50489,56,4652,233,14097,1172,48407,287,62504,California
Humboldt,2021-05-08,694,107284,105,51554,568,51057,21,4673,84,13593,609,49016,105,62609,California
Humboldt,2021-05-09,902,108186,852,52406,41,51098,9,4682,44,12788,858,49874,53,62662,California
Humboldt,2021-05-10,202,108388,33,52439,132,51230,37,4719,74,12771,128,50002,111,62773,California
Humboldt,2021-05-11,416,108804,126,52565,246,51476,44,4763,151,12701,265,50267,195,62968,California
Humboldt,2021-05-12,373,109177,55,52620,304,51780,14,4777,111,12564,262,50529,125,63093,California
Imperial,2020-12-16,1,1,1,1,0,0,0,0,1,1,0,0,1,1,California
Imperial,2020-12-17,4,5,4,5,0,0,0,0,4,5,0,0,4,5,California
Imperial,2020-12-18,12,17,12,17,0,0,0,0,12,17,0,0,12,17,California
Imperial,2020-12-20,2,19,2,19,0,0,0,0,2,19,0,0,2,19,California
Imperial,2020-12-21,186,205,186,205,0,0,0,0,186,205,0,0,186,205,California
Imperial,2020-12-22,241,446,239,444,2,2,0,0,241,446,0,0,241,446,California
Imperial,2020-12-23,210,656,209,653,1,3,0,0,209,655,0,0,209,655,California
Imperial,2020-12-24,5,661,5,658,0,3,0,0,5,660,0,0,5,660,California
Imperial,2020-12-26,1,662,0,658,1,4,0,0,1,661,0,0,1,661,California
Imperial,2020-12-27,62,724,0,658,62,66,0,0,62,723,0,0,62,723,California
Imperial,2020-12-28,214,938,114,772,100,166,0,0,214,937,0,0,214,937,California
Imperial,2020-12-29,189,1127,36,808,153,319,0,0,189,1126,0,0,189,1126,California
Imperial,2020-12-30,366,1493,50,858,316,635,0,0,366,1492,0,0,366,1492,California
Imperial,2020-12-31,197,1690,26,884,171,806,0,0,197,1689,0,0,197,1689,California
Imperial,2021-01-01,47,1737,5,889,42,848,0,0,47,1736,0,0,47,1736,California
Imperial,2021-01-02,4,1741,0,889,4,852,0,0,4,1740,0,0,4,1740,California
Imperial,2021-01-03,90,1831,0,889,90,942,0,0,90,1830,0,0,90,1830,California
Imperial,2021-01-04,85,1916,5,894,80,1022,0,0,85,1915,0,0,85,1915,California
Imperial,2021-01-05,173,2089,14,908,159,1181,0,0,173,2088,0,0,173,2088,California
Imperial,2021-01-06,190,2279,25,933,165,1346,0,0,189,2276,1,1,189,2277,California
Imperial,2021-01-07,319,2598,9,942,310,1656,0,0,316,2589,3,4,316,2593,California
Imperial,2021-01-08,192,2790,52,994,140,1796,0,0,182,2761,10,14,182,2775,California
Imperial,2021-01-09,24,2814,21,1015,3,1799,0,0,24,2785,0,14,24,2799,California
Imperial,2021-01-10,1,2815,0,1015,1,1800,0,0,1,2786,0,14,1,2800,California
Imperial,2021-01-11,402,3217,243,1258,159,1959,0,0,174,2732,228,242,174,2974,California
Imperial,2021-01-12,404,3621,302,1560,102,2061,0,0,142,2613,261,503,142,3116,California
Imperial,2021-01-13,379,4000,132,1692,247,2308,0,0,280,2794,99,602,280,3396,California
Imperial,2021-01-14,260,4260,151,1843,109,2417,0,0,254,3043,5,607,254,3650,California
Imperial,2021-01-15,241,4501,182,2025,59,2476,0,0,234,3270,7,614,234,3884,California
Imperial,2021-01-16,77,4578,73,2098,4,2480,0,0,76,3345,1,615,76,3960,California
Imperial,2021-01-17,10,4588,2,2100,8,2488,0,0,10,3355,0,615,10,3970,California
Imperial,2021-01-18,1053,5641,399,2499,654,3142,0,0,955,4213,98,713,956,4926,California
Imperial,2021-01-19,165,5806,129,2628,36,3178,0,0,118,4284,47,760,118,5044,California
Imperial,2021-01-20,292,6098,195,2823,97,3275,0,0,254,4500,38,798,254,5298,California
Imperial,2021-01-21,415,6513,183,3006,232,3507,0,0,395,4875,20,818,395,5693,California
Imperial,2021-01-22,457,6970,189,3195,268,3775,0,0,448,5314,9,827,448,6141,California
Imperial,2021-01-23,1041,8011,290,3485,751,4526,0,0,1040,6353,1,828,1040,7181,California
Imperial,2021-01-24,11,8022,4,3489,7,4533,0,0,11,6364,0,828,11,7192,California
Imperial,2021-01-25,213,8235,5,3494,208,4741,0,0,34,6220,178,1006,34,7226,California
Imperial,2021-01-26,360,8595,185,3679,175,4916,0,0,217,6294,143,1149,217,7443,California
Imperial,2021-01-27,570,9165,162,3841,408,5324,0,0,237,6198,333,1482,237,7680,California
Imperial,2021-01-28,632,9797,159,4000,473,5797,0,0,525,6616,107,1589,525,8205,California
Imperial,2021-01-29,424,10221,296,4296,128,5925,0,0,374,6940,50,1639,374,8579,California
Imperial,2021-01-30,56,10277,31,4327,25,5950,0,0,39,6962,17,1656,39,8618,California
Imperial,2021-01-31,17,10294,7,4334,10,5960,0,0,16,6977,1,1657,16,8634,California
Imperial,2021-02-01,420,10714,54,4388,366,6326,0,0,209,6977,209,1866,209,8843,California
Imperial,2021-02-02,680,11394,54,4442,626,6952,0,0,499,7295,181,2047,499,9342,California
Imperial,2021-02-03,457,11851,48,4490,409,7361,0,0,264,7367,192,2239,264,9606,California
Imperial,2021-02-04,1723,13574,1203,5693,520,7881,0,0,1408,8462,313,2552,1408,11014,California
Imperial,2021-02-05,389,13963,241,5934,148,8029,0,0,152,8379,235,2787,152,11166,California
Imperial,2021-02-06,861,14824,838,6772,23,8052,0,0,824,9167,36,2823,824,11990,California
Imperial,2021-02-07,21,14845,9,6781,12,8064,0,0,20,9186,1,2824,20,12010,California
Imperial,2021-02-08,250,15095,42,6823,208,8272,0,0,182,9300,68,2892,182,12192,California
Imperial,2021-02-09,462,15557,146,6969,316,8588,0,0,304,9446,158,3050,304,12496,California
Imperial,2021-02-10,385,15942,56,7025,329,8917,0,0,95,9252,290,3340,96,12592,California
Imperial,2021-02-11,465,16407,259,7284,206,9123,0,0,89,8965,376,3716,89,12681,California
Imperial,2021-02-12,2130,18537,1411,8695,719,9842,0,0,1778,10392,351,4067,1778,14459,California
Imperial,2021-02-13,42,18579,18,8713,24,9866,0,0,34,10419,8,4075,35,14494,California
Imperial,2021-02-14,24,18603,12,8725,12,9878,0,0,21,10437,3,4078,21,14515,California
Imperial,2021-02-15,30,18633,10,8735,20,9898,0,0,23,10453,7,4085,23,14538,California
Imperial,2021-02-16,514,19147,267,9002,247,10145,0,0,293,10525,221,4306,293,14831,California
Imperial,2021-02-17,439,19586,285,9287,154,10299,0,0,83,10252,356,4662,83,14914,California
Imperial,2021-02-18,646,20232,308,9595,338,10637,0,0,140,9888,504,5166,140,15054,California
Imperial,2021-02-19,767,20999,382,9977,385,11022,0,0,192,9506,574,5740,192,15246,California
Imperial,2021-02-20,1039,22038,191,10168,848,11870,0,0,325,9120,713,6453,327,15573,California
Imperial,2021-02-21,588,22626,554,10722,34,11904,0,0,577,9687,10,6463,577,16150,California
Imperial,2021-02-22,807,23433,567,11289,240,12144,0,0,758,10396,49,6512,758,16908,California
Imperial,2021-02-23,960,24393,395,11684,565,12709,0,0,907,11250,53,6565,907,17815,California
Imperial,2021-02-24,700,25093,285,11969,415,13124,0,0,603,11757,96,6661,603,18418,California
Imperial,2021-02-25,818,25911,339,12308,479,13603,0,0,452,11849,365,7026,457,18875,California
Imperial,2021-02-26,1745,27656,1351,13659,394,13997,0,0,1570,13247,173,7199,1571,20446,California
Imperial,2021-02-27,860,28516,811,14470,49,14046,0,0,121,12630,739,7938,122,20568,California
Imperial,2021-02-28,31,28547,20,14490,11,14057,0,0,21,12641,10,7948,21,20589,California
Imperial,2021-03-01,495,29042,295,14785,199,14256,1,1,429,13008,64,8012,431,21020,California
Imperial,2021-03-02,675,29717,247,15032,428,14684,0,1,385,13106,289,8301,387,21407,California
Imperial,2021-03-03,927,30644,49,15081,877,15561,1,2,558,13310,366,8667,570,21977,California
Imperial,2021-03-04,746,31390,76,15157,669,16230,1,3,485,13566,259,8926,515,22492,California
Imperial,2021-03-05,2573,33963,1939,17096,634,16864,0,3,1248,13494,1322,10248,1250,23742,California
Imperial,2021-03-06,690,34653,238,17334,452,17316,0,3,649,14109,38,10286,653,24395,California
Imperial,2021-03-07,75,34728,41,17375,34,17350,0,3,54,14143,21,10307,55,24450,California
Imperial,2021-03-08,415,35143,331,17706,49,17399,35,38,362,14488,52,10359,397,24847,California
Imperial,2021-03-09,681,35824,310,18016,125,17524,246,284,398,14848,283,10642,643,25490,California
Imperial,2021-03-10,684,36508,313,18329,267,17791,104,388,320,14910,363,11005,425,25915,California
Imperial,2021-03-11,1786,38294,477,18806,1117,18908,192,580,1184,15696,601,11606,1387,27302,California
Imperial,2021-03-12,3704,41998,2540,21346,978,19886,186,766,2105,16390,1597,13203,2291,29593,California
Imperial,2021-03-13,1143,43141,92,21438,828,20714,223,989,857,17189,284,13487,1083,30676,California
Imperial,2021-03-14,169,43310,31,21469,126,20840,12,1001,139,17311,30,13517,152,30828,California
Imperial,2021-03-15,671,43981,214,21683,198,21038,259,1260,374,17649,295,13812,633,31461,California
Imperial,2021-03-16,1070,45051,275,21958,341,21379,454,1714,534,18101,534,14346,986,32447,California
Imperial,2021-03-17,1571,46622,689,22647,745,22124,137,1851,992,18655,576,14922,1130,33577,California
Imperial,2021-03-18,1780,48402,1177,23824,543,22667,60,1911,1251,19441,527,15449,1313,34890,California
Imperial,2021-03-19,3338,51740,2446,26270,888,23555,4,1915,1501,19118,1829,17278,1506,36396,California
Imperial,2021-03-20,864,52604,550,26820,309,23864,5,1920,420,19109,440,17718,431,36827,California
Imperial,2021-03-21,217,52821,35,26855,178,24042,4,1924,159,19218,58,17776,167,36994,California
Imperial,2021-03-22,1046,53867,339,27194,700,24742,7,1931,622,19426,423,18199,631,37625,California
Imperial,2021-03-23,1390,55257,411,27605,972,25714,7,1938,890,19828,497,18696,899,38524,California
Imperial,2021-03-24,1870,57127,542,28147,901,26615,427,2365,899,20185,968,19664,1325,39849,California
Imperial,2021-03-25,2915,60042,506,28653,884,27499,1525,3890,1018,20827,1893,21557,2535,42384,California
Imperial,2021-03-26,2488,62530,881,29534,736,28235,871,4761,776,20770,1705,23262,1648,44032,California
Imperial,2021-03-27,596,63126,282,29816,262,28497,52,4813,436,21101,157,23419,488,44520,California
Imperial,2021-03-28,209,63335,51,29867,156,28653,2,4815,171,21237,37,23456,173,44693,California
Imperial,2021-03-29,1214,64549,348,30215,391,29044,475,5290,317,21135,895,24351,793,45486,California
Imperial,2021-03-30,1819,66368,675,30890,592,29636,552,5842,675,21219,1144,25495,1228,46714,California
Imperial,2021-03-31,1522,67890,712,31602,805,30441,5,5847,1005,21713,515,26010,1009,47723,California
Imperial,2021-04-01,1913,69803,399,32001,1272,31713,242,6089,833,21713,1074,27084,1074,48797,California
Imperial,2021-04-02,1266,71069,450,32451,742,32455,74,6163,749,22021,514,27598,822,49619,California
Imperial,2021-04-03,1495,72564,408,32859,1008,33463,79,6242,687,21982,805,28403,766,50385,California
Imperial,2021-04-04,84,72648,40,32899,28,33491,16,6258,25,21964,59,28462,41,50426,California
Imperial,2021-04-05,2115,74763,1283,34182,765,34256,67,6325,403,20732,1704,30166,472,50898,California
Imperial,2021-04-06,1294,76057,526,34708,579,34835,189,6514,681,20993,610,30776,871,51769,California
Imperial,2021-04-07,2148,78205,549,35257,1223,36058,376,6890,1538,22300,607,31383,1914,53683,California
Imperial,2021-04-08,2185,80390,1070,36327,821,36879,294,7184,1077,22564,1105,32488,1369,55052,California
Imperial,2021-04-09,2147,82537,634,36961,897,37776,616,7800,837,22709,1306,33794,1451,56503,California
Imperial,2021-04-10,1276,83813,184,37145,821,38597,271,8071,215,22134,1059,34853,484,56987,California
Imperial,2021-04-11,218,84031,30,37175,156,38753,32,8103,75,22098,143,34996,107,57094,California
Imperial,2021-04-12,1409,85440,762,37937,431,39184,216,8319,794,22499,611,35607,1012,58106,California
Imperial,2021-04-13,2725,88165,1872,39809,851,40035,2,8321,2019,23816,702,36309,2019,60125,California
Imperial,2021-04-14,2010,90175,940,40749,1070,41105,0,8321,1422,24656,583,36892,1423,61548,California
Imperial,2021-04-15,1968,92143,908,41657,1060,42165,0,8321,1380,25454,584,37476,1382,62930,California
Imperial,2021-04-16,2343,94486,1181,42838,1162,43327,0,8321,1425,25969,910,38386,1425,64355,California
Imperial,2021-04-17,1807,96293,926,43764,879,44206,2,8323,1424,27018,378,38764,1427,65782,California
Imperial,2021-04-18,251,96544,70,43834,181,44387,0,8323,91,26950,159,38923,91,65873,California
Imperial,2021-04-19,825,97369,263,44097,562,44949,0,8323,486,27102,338,39261,490,66363,California
Imperial,2021-04-20,1308,98677,515,44612,793,45742,0,8323,768,27333,537,39798,768,67131,California
Imperial,2021-04-21,1361,100038,334,44946,1027,46769,0,8323,821,27617,537,40335,821,67952,California
Imperial,2021-04-22,2034,102072,782,45728,1252,48021,0,8323,1431,28455,595,40930,1433,69385,California
Imperial,2021-04-23,1667,103739,408,46136,1259,49280,0,8323,872,28560,771,41701,876,70261,California
Imperial,2021-04-24,533,104272,314,46450,219,49499,0,8323,205,28439,326,42027,205,70466,California
Imperial,2021-04-25,263,104535,96,46546,167,49666,0,8323,135,28447,127,42154,135,70601,California
Imperial,2021-04-26,1047,105582,443,46989,601,50267,3,8326,671,28746,375,42529,674,71275,California
Imperial,2021-04-27,939,106521,338,47327,593,50860,8,8334,476,28768,462,42991,484,71759,California
Imperial,2021-04-28,1303,107824,595,47922,682,51542,26,8360,628,28751,671,43662,654,72413,California
Imperial,2021-04-29,1738,109562,845,48767,846,52388,47,8407,791,28650,940,44602,839,73252,California
Imperial,2021-04-30,1420,110982,728,49495,662,53050,30,8437,1022,29309,393,44995,1052,74304,California
Imperial,2021-05-01,302,111284,116,49611,184,53234,2,8439,154,29318,148,45143,157,74461,California
Imperial,2021-05-02,83,111367,25,49636,56,53290,2,8441,53,29344,30,45173,56,74517,California
Imperial,2021-05-03,1558,112925,546,50182,965,54255,47,8488,355,28551,1196,46369,403,74920,California
Imperial,2021-05-04,1599,114524,859,51041,718,54973,22,8510,474,27927,1121,47490,497,75417,California
Imperial,2021-05-05,1463,115987,885,51926,558,55531,20,8530,430,27354,1024,48514,451,75868,California
Imperial,2021-05-06,1568,117555,1108,53034,432,55963,28,8558,508,26836,1054,49568,536,76404,California
Imperial,2021-05-07,1484,119039,906,53940,541,56504,37,8595,606,26607,872,50440,643,77047,California
Imperial,2021-05-08,367,119406,236,54176,123,56627,8,8603,136,26526,225,50665,144,77191,California
Imperial,2021-05-09,95,119501,61,54237,33,56660,1,8604,34,26502,59,50724,35,77226,California
Imperial,2021-05-10,497,119998,183,54420,227,56887,87,8691,197,26490,297,51021,285,77511,California
Imperial,2021-05-11,801,120799,333,54753,453,57340,15,8706,291,26294,504,51525,308,77819,California
Imperial,2021-05-12,496,121295,155,54908,307,57647,34,8740,193,26221,300,51825,227,78046,California
Inyo,2020-12-19,85,85,85,85,0,0,0,0,85,85,0,0,85,85,California
Inyo,2020-12-20,58,143,58,143,0,0,0,0,58,143,0,0,58,143,California
Inyo,2020-12-21,88,231,85,228,3,3,0,0,88,231,0,0,88,231,California
Inyo,2020-12-22,105,336,105,333,0,3,0,0,105,336,0,0,105,336,California
Inyo,2020-12-23,70,406,67,400,3,6,0,0,70,406,0,0,70,406,California
Inyo,2020-12-24,16,422,16,416,0,6,0,0,16,422,0,0,16,422,California
Inyo,2020-12-25,1,423,0,416,1,7,0,0,1,423,0,0,1,423,California
Inyo,2020-12-26,74,497,74,490,0,7,0,0,74,497,0,0,74,497,California
Inyo,2020-12-28,48,545,36,526,12,19,0,0,48,545,0,0,48,545,California
Inyo,2020-12-29,19,564,19,545,0,19,0,0,19,564,0,0,19,564,California
Inyo,2020-12-30,56,620,54,599,2,21,0,0,56,620,0,0,56,620,California
Inyo,2020-12-31,29,649,0,599,29,50,0,0,29,649,0,0,29,649,California
Inyo,2021-01-01,1,650,0,599,1,51,0,0,1,650,0,0,1,650,California
Inyo,2021-01-03,1,651,0,599,1,52,0,0,1,651,0,0,1,651,California
Inyo,2021-01-04,2,653,1,600,1,53,0,0,2,653,0,0,2,653,California
Inyo,2021-01-05,34,687,0,600,34,87,0,0,34,687,0,0,34,687,California
Inyo,2021-01-06,68,755,0,600,68,155,0,0,68,755,0,0,68,755,California
Inyo,2021-01-07,31,786,1,601,30,185,0,0,31,786,0,0,31,786,California
Inyo,2021-01-08,9,795,8,609,1,186,0,0,4,786,5,5,5,791,California
Inyo,2021-01-09,87,882,86,695,1,187,0,0,1,701,86,91,1,792,California
Inyo,2021-01-10,52,934,52,747,0,187,0,0,0,649,52,143,0,792,California
Inyo,2021-01-11,97,1031,82,829,15,202,0,0,16,584,81,224,16,808,California
Inyo,2021-01-12,139,1170,118,947,21,223,0,0,28,501,111,335,28,836,California
Inyo,2021-01-13,86,1256,68,1015,18,241,0,0,21,458,65,400,22,858,California
Inyo,2021-01-14,59,1315,13,1028,46,287,0,0,49,497,10,410,49,907,California
Inyo,2021-01-15,163,1478,28,1056,135,422,0,0,163,660,0,410,163,1070,California
Inyo,2021-01-16,74,1552,73,1129,1,423,0,0,1,588,73,483,1,1071,California
Inyo,2021-01-18,58,1610,36,1165,22,445,0,0,19,568,39,522,19,1090,California
Inyo,2021-01-19,115,1725,72,1237,43,488,0,0,98,649,17,539,98,1188,California
Inyo,2021-01-20,147,1872,71,1308,76,564,0,0,93,688,54,593,93,1281,California
Inyo,2021-01-21,121,1993,57,1365,64,628,0,0,120,807,1,594,120,1401,California
Inyo,2021-01-22,62,2055,0,1365,62,690,0,0,61,867,1,595,61,1462,California
Inyo,2021-01-23,52,2107,52,1417,0,690,0,0,52,919,0,595,52,1514,California
Inyo,2021-01-25,49,2156,6,1423,43,733,0,0,37,944,12,607,37,1551,California
Inyo,2021-01-26,135,2291,54,1477,81,814,0,0,129,1067,6,613,129,1680,California
Inyo,2021-01-27,24,2315,2,1479,22,836,0,0,23,1089,1,614,23,1703,California
Inyo,2021-01-28,92,2407,2,1481,90,926,0,0,63,1123,29,643,63,1766,California
Inyo,2021-01-29,25,2432,3,1484,22,948,0,0,23,1144,2,645,23,1789,California
Inyo,2021-01-30,11,2443,1,1485,10,958,0,0,11,1155,0,645,11,1800,California
Inyo,2021-01-31,32,2475,4,1489,28,986,0,0,4,1131,28,673,4,1804,California
Inyo,2021-02-01,11,2486,9,1498,2,988,0,0,1,1122,10,683,1,1805,California
Inyo,2021-02-02,130,2616,14,1512,116,1104,0,0,104,1200,26,709,104,1909,California
Inyo,2021-02-03,116,2732,0,1512,116,1220,0,0,74,1232,42,751,74,1983,California
Inyo,2021-02-04,149,2881,31,1543,118,1338,0,0,90,1263,59,810,90,2073,California
Inyo,2021-02-05,118,2999,62,1605,56,1394,0,0,116,1377,2,812,116,2189,California
Inyo,2021-02-06,4,3003,2,1607,2,1396,0,0,3,1379,1,813,3,2192,California
Inyo,2021-02-07,4,3007,2,1609,2,1398,0,0,4,1383,0,813,4,2196,California
Inyo,2021-02-08,117,3124,7,1616,110,1508,0,0,97,1460,20,833,97,2293,California
Inyo,2021-02-09,195,3319,52,1668,143,1651,0,0,124,1513,71,904,124,2417,California
Inyo,2021-02-10,143,3462,18,1686,125,1776,0,0,109,1588,34,938,109,2526,California
Inyo,2021-02-11,220,3682,56,1742,164,1940,0,0,126,1620,94,1032,126,2652,California
Inyo,2021-02-12,299,3981,51,1793,248,2188,0,0,167,1655,132,1164,167,2819,California
Inyo,2021-02-13,60,4041,55,1848,5,2193,0,0,8,1611,52,1216,8,2827,California
Inyo,2021-02-14,1,4042,0,1848,1,2194,0,0,1,1612,0,1216,1,2828,California
Inyo,2021-02-15,29,4071,9,1857,20,2214,0,0,5,1593,24,1240,5,2833,California
Inyo,2021-02-16,180,4251,50,1907,130,2344,0,0,92,1598,87,1327,92,2925,California
Inyo,2021-02-17,38,4289,4,1911,34,2378,0,0,8,1576,30,1357,8,2933,California
Inyo,2021-02-18,123,4412,6,1917,117,2495,0,0,79,1611,44,1401,79,3012,California
Inyo,2021-02-19,52,4464,4,1921,48,2543,0,0,9,1577,43,1444,9,3021,California
Inyo,2021-02-20,504,4968,500,2421,4,2547,0,0,502,2077,2,1446,502,3523,California
Inyo,2021-02-21,267,5235,267,2688,0,2547,0,0,267,2344,0,1446,267,3790,California
Inyo,2021-02-22,61,5296,19,2707,42,2589,0,0,27,2337,34,1480,27,3817,California
Inyo,2021-02-23,198,5494,20,2727,178,2767,0,0,94,2328,103,1583,94,3911,California
Inyo,2021-02-24,118,5612,0,2727,118,2885,0,0,57,2324,61,1644,57,3968,California
Inyo,2021-02-25,130,5742,3,2730,127,3012,0,0,62,2318,68,1712,62,4030,California
Inyo,2021-02-26,104,5846,61,2791,43,3055,0,0,19,2252,85,1797,19,4049,California
Inyo,2021-02-27,15,5861,4,2795,11,3066,0,0,3,2243,12,1809,3,4052,California
Inyo,2021-02-28,3,5864,1,2796,2,3068,0,0,2,2244,1,1810,2,4054,California
Inyo,2021-03-01,20,5884,2,2798,18,3086,0,0,17,2258,3,1813,17,4071,California
Inyo,2021-03-02,196,6080,1,2799,195,3281,0,0,111,2284,85,1898,111,4182,California
Inyo,2021-03-03,83,6163,2,2801,81,3362,0,0,40,2281,43,1941,40,4222,California
Inyo,2021-03-04,128,6291,4,2805,124,3486,0,0,46,2245,82,2023,46,4268,California
Inyo,2021-03-05,141,6432,56,2861,85,3571,0,0,38,2180,103,2126,38,4306,California
Inyo,2021-03-06,31,6463,1,2862,30,3601,0,0,30,2209,1,2127,30,4336,California
Inyo,2021-03-07,7,6470,4,2866,3,3604,0,0,5,2212,2,2129,5,4341,California
Inyo,2021-03-08,182,6652,5,2871,177,3781,0,0,91,2212,91,2220,91,4432,California
Inyo,2021-03-09,187,6839,2,2873,185,3966,0,0,71,2167,116,2336,71,4503,California
Inyo,2021-03-10,70,6909,8,2881,61,4027,1,1,30,2158,40,2376,31,4534,California
Inyo,2021-03-11,204,7113,1,2882,198,4225,5,6,74,2107,130,2506,79,4613,California
Inyo,2021-03-12,175,7288,4,2886,166,4391,5,11,77,2091,98,2604,82,4695,California
Inyo,2021-03-13,576,7864,541,3427,25,4416,10,21,77,1680,498,3102,87,4782,California
Inyo,2021-03-14,431,8295,430,3857,1,4417,0,21,168,1586,262,3364,168,4950,California
Inyo,2021-03-15,51,8346,15,3872,34,4451,2,23,30,1597,21,3385,32,4982,California
Inyo,2021-03-16,163,8509,4,3876,153,4604,6,29,63,1567,99,3484,69,5051,California
Inyo,2021-03-17,108,8617,3,3879,98,4702,7,36,92,1650,16,3500,99,5150,California
Inyo,2021-03-18,184,8801,15,3894,162,4864,7,43,103,1679,81,3581,110,5260,California
Inyo,2021-03-19,46,8847,4,3898,38,4902,4,47,36,1709,10,3591,40,5300,California
Inyo,2021-03-20,20,8867,1,3899,10,4912,9,56,1,1700,19,3610,10,5310,California
Inyo,2021-03-22,59,8926,2,3901,52,4964,5,61,39,1724,20,3630,44,5354,California
Inyo,2021-03-23,194,9120,4,3905,186,5150,4,65,104,1742,90,3720,108,5462,California
Inyo,2021-03-24,140,9260,3,3908,133,5283,4,69,87,1780,53,3773,91,5553,California
Inyo,2021-03-25,325,9585,104,4012,217,5500,4,73,259,1977,66,3839,263,5816,California
Inyo,2021-03-26,91,9676,3,4015,84,5584,4,77,71,2032,20,3859,75,5891,California
Inyo,2021-03-27,52,9728,44,4059,5,5589,3,80,46,2075,6,3865,49,5940,California
Inyo,2021-03-28,4,9732,1,4060,2,5591,1,81,1,2074,3,3868,2,5942,California
Inyo,2021-03-29,109,9841,2,4062,102,5693,5,86,82,2135,26,3894,87,6029,California
Inyo,2021-03-30,212,10053,2,4064,205,5898,5,91,101,2130,111,4005,106,6135,California
Inyo,2021-03-31,148,10201,4,4068,139,6037,5,96,107,2201,41,4046,112,6247,California
Inyo,2021-04-01,164,10365,4,4072,159,6196,1,97,115,2268,49,4095,116,6363,California
Inyo,2021-04-02,80,10445,1,4073,77,6273,2,99,51,2292,29,4124,53,6416,California
Inyo,2021-04-03,94,10539,47,4120,33,6306,14,113,6,2225,86,4210,19,6435,California
Inyo,2021-04-04,5,10544,4,4124,0,6306,1,114,1,2223,4,4214,2,6437,California
Inyo,2021-04-05,117,10661,1,4125,112,6418,4,118,29,2168,88,4302,33,6470,California
Inyo,2021-04-06,236,10897,6,4131,167,6585,63,181,105,2205,131,4433,168,6638,California
Inyo,2021-04-07,200,11097,2,4133,72,6657,126,307,45,2220,156,4589,171,6809,California
Inyo,2021-04-08,178,11275,15,4148,146,6803,17,324,80,2219,98,4687,97,6906,California
Inyo,2021-04-09,125,11400,7,4155,95,6898,23,347,38,2194,86,4773,61,6967,California
Inyo,2021-04-10,42,11442,1,4156,24,6922,17,364,3,2175,39,4812,20,6987,California
Inyo,2021-04-11,1,11443,0,4156,1,6923,0,364,1,2176,0,4812,1,6988,California
Inyo,2021-04-12,80,11523,0,4156,75,6998,5,369,41,2183,39,4851,46,7034,California
Inyo,2021-04-13,119,11642,3,4159,113,7111,3,372,61,2190,57,4908,64,7098,California
Inyo,2021-04-14,124,11766,1,4160,123,7234,0,372,40,2146,84,4992,40,7138,California
Inyo,2021-04-15,273,12039,114,4274,159,7393,0,372,83,2039,190,5182,83,7221,California
Inyo,2021-04-16,49,12088,6,4280,43,7436,0,372,21,2032,28,5210,21,7242,California
Inyo,2021-04-17,2,12090,1,4281,1,7437,0,372,1,2032,1,5211,1,7243,California
Inyo,2021-04-19,130,12220,43,4324,87,7524,0,372,44,1990,86,5297,44,7287,California
Inyo,2021-04-20,164,12384,3,4327,161,7685,0,372,81,1988,83,5380,81,7368,California
Inyo,2021-04-21,113,12497,4,4331,109,7794,0,372,32,1939,81,5461,32,7400,California
Inyo,2021-04-22,196,12693,1,4332,195,7989,0,372,52,1847,144,5605,52,7452,California
Inyo,2021-04-23,95,12788,4,4336,91,8080,0,372,22,1796,73,5678,22,7474,California
Inyo,2021-04-24,310,13098,309,4645,1,8081,0,372,305,2096,5,5683,305,7779,California
Inyo,2021-04-25,136,13234,135,4780,1,8082,0,372,136,2232,0,5683,136,7915,California
Inyo,2021-04-26,67,13301,0,4780,66,8148,1,373,8,2182,59,5742,9,7924,California
Inyo,2021-04-27,163,13464,7,4787,151,8299,5,378,47,2118,116,5858,52,7976,California
Inyo,2021-04-28,121,13585,2,4789,117,8416,2,380,20,2039,101,5959,22,7998,California
Inyo,2021-04-29,172,13757,56,4845,116,8532,0,380,79,2026,92,6051,79,8077,California
Inyo,2021-04-30,85,13842,5,4850,79,8611,1,381,24,1990,61,6112,25,8102,California
Inyo,2021-05-01,11,13853,3,4853,8,8619,0,381,9,1997,2,6114,9,8111,California
Inyo,2021-05-02,7,13860,3,4856,2,8621,2,383,4,2000,3,6117,6,8117,California
Inyo,2021-05-03,38,13898,1,4857,33,8654,4,387,5,1976,33,6150,9,8126,California
Inyo,2021-05-04,123,14021,2,4859,115,8769,6,393,23,1905,100,6250,29,8155,California
Inyo,2021-05-05,34,14055,0,4859,32,8801,2,395,11,1895,23,6273,13,8168,California
Inyo,2021-05-06,93,14148,6,4865,78,8879,9,404,12,1835,81,6354,21,8189,California
Inyo,2021-05-07,46,14194,3,4868,35,8914,8,412,21,1840,24,6378,29,8218,California
Inyo,2021-05-08,14,14208,3,4871,6,8920,5,417,7,1845,7,6385,12,8230,California
Inyo,2021-05-09,1,14209,0,4871,1,8921,0,417,0,1844,1,6386,0,8230,California
Inyo,2021-05-10,67,14276,1,4872,64,8985,2,419,28,1836,39,6425,31,8261,California
Inyo,2021-05-11,87,14363,1,4873,83,9068,3,422,19,1791,67,6492,22,8283,California
Inyo,2021-05-12,20,14383,3,4876,15,9083,2,424,6,1785,14,6506,8,8291,California
Kern,2020-12-15,1,1,1,1,0,0,0,0,1,1,0,0,1,1,California
Kern,2020-12-16,18,19,18,19,0,0,0,0,18,19,0,0,18,19,California
Kern,2020-12-17,163,182,163,182,0,0,0,0,163,182,0,0,163,182,California
Kern,2020-12-18,322,504,322,504,0,0,0,0,322,504,0,0,322,504,California
Kern,2020-12-19,98,602,98,602,0,0,0,0,99,603,0,0,99,603,California
Kern,2020-12-20,61,663,61,663,0,0,0,0,61,664,0,0,61,664,California
Kern,2020-12-21,671,1334,670,1333,1,1,0,0,671,1335,0,0,671,1335,California
Kern,2020-12-22,531,1865,528,1861,3,4,0,0,531,1866,0,0,531,1866,California
Kern,2020-12-23,556,2421,418,2279,138,142,0,0,556,2422,0,0,556,2422,California
Kern,2020-12-24,122,2543,43,2322,79,221,0,0,122,2544,0,0,122,2544,California
Kern,2020-12-25,1,2544,1,2323,0,221,0,0,1,2545,0,0,1,2545,California
Kern,2020-12-26,33,2577,1,2324,32,253,0,0,33,2578,0,0,33,2578,California
Kern,2020-12-27,35,2612,3,2327,32,285,0,0,35,2613,0,0,35,2613,California
Kern,2020-12-28,826,3438,662,2989,164,449,0,0,826,3439,0,0,826,3439,California
Kern,2020-12-29,745,4183,452,3441,293,742,0,0,744,4182,1,1,744,4183,California
Kern,2020-12-30,1203,5386,910,4351,293,1035,0,0,1203,5385,0,1,1203,5386,California
Kern,2020-12-31,277,5663,99,4450,178,1213,0,0,277,5662,0,1,277,5663,California
Kern,2021-01-01,13,5676,6,4456,7,1220,0,0,13,5675,0,1,13,5676,California
Kern,2021-01-02,78,5754,18,4474,60,1280,0,0,78,5753,0,1,78,5754,California
Kern,2021-01-03,23,5777,4,4478,19,1299,0,0,23,5776,0,1,23,5777,California
Kern,2021-01-04,554,6331,360,4838,194,1493,0,0,554,6330,0,1,554,6331,California
Kern,2021-01-05,1134,7465,739,5577,395,1888,0,0,1122,7440,12,13,1122,7453,California
Kern,2021-01-06,1167,8632,456,6033,711,2599,0,0,1137,8547,30,43,1137,8590,California
Kern,2021-01-07,1406,10038,493,6526,913,3512,0,0,1238,9618,167,210,1238,9828,California
Kern,2021-01-08,1628,11666,768,7294,860,4372,0,0,1330,10650,299,509,1331,11159,California
Kern,2021-01-09,226,11892,77,7371,149,4521,0,0,192,10808,34,543,192,11351,California
Kern,2021-01-10,195,12087,148,7519,47,4568,0,0,154,10921,41,584,154,11505,California
Kern,2021-01-11,1556,13643,984,8503,572,5140,0,0,1001,11367,555,1139,1001,12506,California
Kern,2021-01-12,1868,15511,810,9313,1058,6198,0,0,1357,12213,511,1650,1357,13863,California
Kern,2021-01-13,1853,17364,870,10183,983,7181,0,0,1432,13224,421,2071,1432,15295,California
Kern,2021-01-14,2184,19548,645,10828,1539,8720,0,0,2139,15317,46,2117,2139,17434,California
Kern,2021-01-15,2706,22254,858,11686,1848,10568,0,0,2609,17832,95,2212,2610,20044,California
Kern,2021-01-16,671,22925,213,11899,458,11026,0,0,636,18433,35,2247,636,20680,California
Kern,2021-01-17,73,22998,7,11906,66,11092,0,0,71,18502,2,2249,71,20751,California
Kern,2021-01-18,1645,24643,659,12565,986,12078,0,0,1477,19811,168,2417,1477,22228,California
Kern,2021-01-19,1853,26496,1034,13599,819,12897,0,0,1386,20731,467,2884,1387,23615,California
Kern,2021-01-20,2555,29051,1620,15219,935,13832,0,0,1854,21891,696,3580,1856,25471,California
Kern,2021-01-21,2168,31219,922,16141,1246,15078,0,0,1972,23668,195,3775,1972,27443,California
Kern,2021-01-22,2712,33931,1293,17434,1419,16497,0,0,2434,25825,277,4052,2434,29877,California
Kern,2021-01-23,1245,35176,535,17969,710,17207,0,0,1199,26978,46,4098,1199,31076,California
Kern,2021-01-24,160,35336,18,17987,142,17349,0,0,154,27126,6,4104,154,31230,California
Kern,2021-01-25,2385,37721,1086,19073,1299,18648,0,0,1901,28545,483,4587,1902,33132,California
Kern,2021-01-26,2769,40490,1128,20201,1641,20289,0,0,1911,29599,857,5444,1911,35043,California
Kern,2021-01-27,3558,44048,1901,22102,1657,21946,0,0,2858,31760,697,6141,2858,37901,California
Kern,2021-01-28,2863,46911,1353,23455,1510,23456,0,0,2430,33765,428,6569,2433,40334,California
Kern,2021-01-29,3771,50682,1805,25260,1966,25422,0,0,3227,36451,541,7110,3227,43561,California
Kern,2021-01-30,1325,52007,497,25757,828,26250,0,0,1277,37682,46,7156,1277,44838,California
Kern,2021-01-31,403,52410,276,26033,127,26377,0,0,268,37815,135,7291,268,45106,California
Kern,2021-02-01,2409,54819,818,26851,1591,27968,0,0,1858,39126,548,7839,1859,46965,California
Kern,2021-02-02,2923,57742,973,27824,1950,29918,0,0,2060,40324,863,8702,2061,49026,California
Kern,2021-02-03,3657,61399,1548,29372,2109,32027,0,0,2688,42050,962,9664,2688,51714,California
Kern,2021-02-04,3803,65202,1452,30824,2351,34378,0,0,2588,43434,1204,10868,2588,54302,California
Kern,2021-02-05,4847,70049,1988,32812,2859,37237,0,0,3088,44782,1740,12608,3088,57390,California
Kern,2021-02-06,1734,71783,766,33578,968,38205,0,0,1510,46071,221,12829,1510,58900,California
Kern,2021-02-07,283,72066,151,33729,132,38337,0,0,267,46324,14,12843,267,59167,California
Kern,2021-02-08,2562,74628,788,34517,1774,40111,0,0,1253,46287,1291,14134,1254,60421,California
Kern,2021-02-09,3040,77668,988,35505,2052,42163,0,0,1468,46191,1564,15698,1468,61889,California
Kern,2021-02-10,3784,81452,1657,37162,2127,44290,0,0,1870,46164,1898,17596,1871,63760,California
Kern,2021-02-11,4259,85711,1536,38698,2723,47013,0,0,2224,46367,2022,19618,2225,65985,California
Kern,2021-02-12,4951,90662,1892,40590,3059,50072,0,0,2478,46386,2459,22077,2478,68463,California
Kern,2021-02-13,2010,92672,728,41318,1282,51354,0,0,1165,46708,843,22920,1165,69628,California
Kern,2021-02-14,351,93023,12,41330,339,51693,0,0,270,46898,80,23000,270,69898,California
Kern,2021-02-15,2736,95759,889,42219,1847,53540,0,0,1204,46579,1523,24523,1204,71102,California
Kern,2021-02-16,2944,98703,720,42939,2224,55764,0,0,1655,46956,1279,25802,1656,72758,California
Kern,2021-02-17,4068,102771,2077,45016,1991,57755,0,0,1928,46750,2135,27937,1929,74687,California
Kern,2021-02-18,3751,106522,1481,46497,2270,60025,0,0,1616,46244,2122,30059,1616,76303,California
Kern,2021-02-19,4197,110719,1916,48413,2281,62306,0,0,1737,45529,2452,32511,1737,78040,California
Kern,2021-02-20,2570,113289,967,49380,1603,63909,0,0,1339,45640,1228,33739,1339,79379,California
Kern,2021-02-21,249,113538,143,49523,106,64015,0,0,86,45565,161,33900,86,79465,California
Kern,2021-02-22,2657,116195,1148,50671,1509,65524,0,0,1424,45761,1228,35128,1424,80889,California
Kern,2021-02-23,3542,119737,1121,51792,2421,67945,0,0,1975,46172,1565,36693,1976,82865,California
Kern,2021-02-24,5165,124902,2268,54060,2897,70842,0,0,3079,47169,2082,38775,3079,85944,California
Kern,2021-02-25,5358,130260,2450,56510,2908,73750,0,0,3179,48188,2160,40935,3179,89123,California
Kern,2021-02-26,6885,137145,3519,60029,3366,77116,0,0,4359,50029,2519,43454,4360,93483,California
Kern,2021-02-27,3855,141000,1895,61924,1960,79076,0,0,2519,51219,1329,44783,2519,96002,California
Kern,2021-02-28,908,141908,498,62422,409,79485,1,1,689,51692,217,45000,690,96692,California
Kern,2021-03-01,3992,145900,1809,64231,2180,81665,3,4,2693,53097,1291,46291,2696,99388,California
Kern,2021-03-02,4374,150274,1376,65607,2997,84662,1,5,2868,54470,1495,47786,2868,102256,California
Kern,2021-03-03,5803,156077,2700,68307,3103,87765,0,5,3716,56115,2073,49859,3718,105974,California
Kern,2021-03-04,5553,161630,2161,70468,3389,91154,3,8,3558,57694,1981,51840,3560,109534,California
Kern,2021-03-05,6468,168098,2669,73137,3781,94935,18,26,4043,59338,2417,54257,4061,113595,California
Kern,2021-03-06,4714,172812,1912,75049,2701,97636,101,127,3446,61624,1260,55517,3546,117141,California
Kern,2021-03-07,2045,174857,1585,76634,411,98047,49,176,1854,63337,190,55707,1903,119044,California
Kern,2021-03-08,2815,177672,856,77490,1746,99793,213,389,1470,63676,1342,57049,1681,120725,California
Kern,2021-03-09,3633,181305,789,78279,2461,102254,383,772,2239,64908,1388,58437,2620,123345,California
Kern,2021-03-10,6026,187331,2468,80747,2488,104742,1070,1842,3505,66973,2509,60946,4574,127919,California
Kern,2021-03-11,6288,193619,2410,83157,2852,107594,1026,2868,3732,69184,2545,63491,4756,132675,California
Kern,2021-03-12,7666,201285,2924,86081,3390,110984,1352,4220,4158,71190,3495,66986,5501,138176,California
Kern,2021-03-13,4429,205714,2303,88384,1791,112775,335,4555,3011,73118,1412,68398,3340,141516,California
Kern,2021-03-14,2185,207899,1412,89796,534,113309,239,4794,1670,74510,515,68913,1907,143423,California
Kern,2021-03-15,4247,212146,1088,90884,2446,115755,713,5507,2183,75347,2053,70966,2890,146313,California
Kern,2021-03-16,4332,216478,1008,91892,2796,118551,528,6035,2331,76211,1992,72958,2856,149169,California
Kern,2021-03-17,7235,223713,3805,95697,2874,121425,556,6591,4299,78140,2925,75883,4854,154023,California
Kern,2021-03-18,6989,230702,3407,99104,3002,124427,580,7171,4160,80067,2809,78692,4736,158759,California
Kern,2021-03-19,8749,239451,4770,103874,3331,127758,648,7819,4549,81073,4186,82878,5192,163951,California
Kern,2021-03-20,5938,245389,3593,107467,2171,129929,174,7993,3814,82947,2115,84993,3989,167940,California
Kern,2021-03-21,2865,248254,1752,109219,236,130165,877,8870,1683,84330,1176,86169,2559,170499,California
Kern,2021-03-22,3947,252201,1545,110764,2046,132211,356,9226,1921,84591,2015,88184,2276,172775,California
Kern,2021-03-23,4699,256900,1654,112418,2847,135058,198,9424,2493,85102,2178,90362,2689,175464,California
Kern,2021-03-24,6998,263898,3509,115927,3017,138075,472,9896,3668,85925,3316,93678,4139,179603,California
Kern,2021-03-25,6632,270530,2883,118810,3419,141494,330,10226,3266,86170,3348,97026,3593,183196,California
Kern,2021-03-26,9595,280125,4152,122962,4189,145683,1254,11480,4748,87339,4831,101857,6000,189196,California
Kern,2021-03-27,5439,285564,3742,126704,1569,147252,128,11608,3302,88633,2135,103992,3429,192625,California
Kern,2021-03-28,4336,289900,3849,130553,473,147725,14,11622,2768,89848,1567,105559,2782,195407,California
Kern,2021-03-29,4202,294102,1636,132189,2288,150013,278,11900,2616,91164,1575,107134,2891,198298,California
Kern,2021-03-30,5536,299638,1826,134015,3325,153338,385,12285,3080,92175,2452,109586,3463,201761,California
Kern,2021-03-31,8122,307760,4281,138296,3196,156534,645,12930,4290,93288,3821,113407,4934,206695,California
Kern,2021-04-01,7612,315372,3638,141934,3677,160211,297,13227,4104,94192,3493,116900,4397,211092,California
Kern,2021-04-02,8139,323511,4188,146122,3348,163559,603,13830,4079,94824,4045,120945,4677,215769,California
Kern,2021-04-03,5684,329195,3394,149516,2108,165667,182,14012,2596,94520,3081,124026,2777,218546,California
Kern,2021-04-04,1328,330523,866,150382,378,166045,84,14096,545,94369,781,124807,630,219176,California
Kern,2021-04-05,5328,335851,2194,152576,2366,168411,768,14864,2887,95568,2431,127238,3630,222806,California
Kern,2021-04-06,7031,342882,2455,155031,3232,171643,1344,16208,3603,97105,3407,130645,4944,227750,California
Kern,2021-04-07,9281,352163,5402,160433,2924,174567,955,17163,4675,98145,4589,135234,5629,233379,California
Kern,2021-04-08,8588,360751,4752,165185,2934,177501,902,18065,3930,98337,4635,139869,4827,238206,California
Kern,2021-04-09,10128,370879,5091,170276,4056,181557,981,19046,4456,98122,5649,145518,5434,243640,California
Kern,2021-04-10,6517,377396,3423,173699,1855,183412,1239,20285,2289,97424,4219,149737,3521,247161,California
Kern,2021-04-11,3762,381158,2886,176585,358,183770,518,20803,1430,97048,2321,152058,1945,249106,California
Kern,2021-04-12,4368,385526,980,177565,2418,186188,970,21773,1570,96803,2783,154841,2538,251644,California
Kern,2021-04-13,4272,389798,1411,178976,2836,189024,25,21798,2128,96824,2133,156974,2154,253798,California
Kern,2021-04-14,6037,395835,2967,181943,3048,192072,22,21820,3076,96975,2946,159920,3097,256895,California
Kern,2021-04-15,5248,401083,2469,184412,2777,194849,2,21822,2528,96801,2704,162624,2530,259425,California
Kern,2021-04-16,7237,408320,3435,187847,3801,198650,1,21823,3081,95749,4135,166759,3083,262508,California
Kern,2021-04-17,5886,414206,3846,191693,2040,200690,0,21823,2248,94372,3626,170385,2249,264757,California
Kern,2021-04-18,3678,417884,3441,195134,237,200927,0,21823,1068,92837,2603,172988,1068,265825,California
Kern,2021-04-19,3796,421680,1723,196857,2072,202999,1,21824,1439,91938,2338,175326,1439,267264,California
Kern,2021-04-20,4300,425980,1538,198395,2761,205760,1,21825,1660,90971,2629,177955,1662,268926,California
Kern,2021-04-21,5853,431833,3123,201518,2725,208485,5,21830,2251,89643,3583,181538,2255,271181,California
Kern,2021-04-22,4780,436613,2311,203829,2469,210954,0,21830,1770,88426,2988,184526,1771,272952,California
Kern,2021-04-23,6048,442661,2940,206769,3107,214061,1,21831,2003,86420,4011,188537,2005,274957,California
Kern,2021-04-24,3931,446592,2732,209501,1189,215250,10,21841,1483,85480,2433,190970,1493,276450,California
Kern,2021-04-25,1341,447933,1063,210564,278,215528,0,21841,772,85688,564,191534,772,277222,California
Kern,2021-04-26,3648,451581,1751,212315,1845,217373,52,21893,1006,84115,2632,194166,1059,278281,California
Kern,2021-04-27,4500,456081,2183,214498,2216,219589,101,21994,1351,82428,3136,197302,1449,279730,California
Kern,2021-04-28,6246,462327,3673,218171,2450,222039,123,22117,1783,79880,4451,201753,1903,281633,California
Kern,2021-04-29,5501,467828,3057,221228,2344,224383,100,22217,1633,77766,3848,205601,1734,283367,California
Kern,2021-04-30,5573,473401,3120,224348,2295,226678,158,22375,1621,75606,3938,209539,1778,285145,California
Kern,2021-05-01,2571,475972,1798,226146,714,227392,59,22434,959,75017,1606,211145,1017,286162,California
Kern,2021-05-02,1887,477859,1602,227748,263,227655,22,22456,696,74549,1186,212331,718,286880,California
Kern,2021-05-03,2424,480283,949,228697,1345,229000,130,22586,749,73770,1660,213991,881,287761,California
Kern,2021-05-04,3537,483820,1236,229933,2192,231192,109,22695,1237,72831,2282,216273,1343,289104,California
Kern,2021-05-05,3880,487700,2108,232041,1625,232817,147,22842,1263,71639,2601,218874,1409,290513,California
Kern,2021-05-06,3245,490945,1562,233603,1554,234371,129,22971,1010,70562,2215,221089,1138,291651,California
Kern,2021-05-07,4233,495178,2259,235862,1807,236178,167,23138,1175,68866,3033,224122,1337,292988,California
Kern,2021-05-08,2799,497977,1763,237625,926,237104,110,23248,871,67930,1917,226039,981,293969,California
Kern,2021-05-09,1291,499268,1115,238740,148,237252,28,23276,446,67565,839,226878,474,294443,California
Kern,2021-05-10,1820,501088,796,239536,930,238182,94,23370,518,66892,1283,228161,610,295053,California
Kern,2021-05-11,2112,503200,804,240340,1215,239397,93,23463,773,66431,1328,229489,867,295920,California
Kern,2021-05-12,2362,505562,1108,241448,1160,240557,94,23557,671,65511,1685,231174,765,296685,California
Kings,2020-12-16,1,1,1,1,0,0,0,0,1,1,0,0,1,1,California
Kings,2020-12-17,8,9,8,9,0,0,0,0,8,9,0,0,8,9,California
Kings,2020-12-18,12,21,12,21,0,0,0,0,12,21,0,0,12,21,California
Kings,2020-12-19,11,32,11,32,0,0,0,0,11,32,0,0,11,32,California
Kings,2020-12-20,13,45,13,45,0,0,0,0,13,45,0,0,13,45,California
Kings,2020-12-21,156,201,156,201,0,0,0,0,269,314,0,0,269,314,California
Kings,2020-12-22,143,344,143,344,0,0,0,0,140,454,0,0,140,454,California
Kings,2020-12-23,135,479,123,467,12,12,0,0,136,590,0,0,136,590,California
Kings,2020-12-24,11,490,9,476,2,14,0,0,11,601,0,0,11,601,California
Kings,2020-12-26,7,497,4,480,3,17,0,0,7,608,0,0,7,608,California
Kings,2020-12-27,4,501,4,484,0,17,0,0,4,612,0,0,4,612,California
Kings,2020-12-28,131,632,103,587,28,45,0,0,132,744,0,0,132,744,California
Kings,2020-12-29,78,710,51,638,27,72,0,0,79,823,0,0,79,823,California
Kings,2020-12-30,148,858,109,747,39,111,0,0,148,971,0,0,148,971,California
Kings,2020-12-31,45,903,6,753,39,150,0,0,45,1016,0,0,45,1016,California
Kings,2021-01-01,1,904,0,753,1,151,0,0,1,1017,0,0,1,1017,California
Kings,2021-01-02,10,914,9,762,1,152,0,0,10,1027,0,0,10,1027,California
Kings,2021-01-04,112,1026,42,804,70,222,0,0,112,1139,0,0,112,1139,California
Kings,2021-01-05,196,1222,39,843,157,379,0,0,196,1335,0,0,196,1335,California
Kings,2021-01-06,277,1499,178,1021,99,478,0,0,274,1606,3,3,274,1609,California
Kings,2021-01-07,178,1677,81,1102,97,575,0,0,170,1768,8,11,170,1779,California
Kings,2021-01-08,247,1924,54,1156,193,768,0,0,228,1977,19,30,228,2007,California
Kings,2021-01-09,63,1987,9,1165,54,822,0,0,55,2024,8,38,55,2062,California
Kings,2021-01-10,15,2002,3,1168,12,834,0,0,12,2033,3,41,12,2074,California
Kings,2021-01-11,518,2520,354,1522,164,998,0,0,276,2068,242,283,277,2351,California
Kings,2021-01-12,350,2870,253,1775,97,1095,0,0,216,2153,131,414,216,2567,California
Kings,2021-01-13,415,3285,268,2043,147,1242,0,0,323,2384,92,506,323,2890,California
Kings,2021-01-14,209,3494,31,2074,178,1420,0,0,199,2563,21,527,200,3090,California
Kings,2021-01-15,417,3911,29,2103,388,1808,0,0,405,2956,12,539,405,3495,California
Kings,2021-01-16,31,3942,12,2115,19,1827,0,0,30,2985,1,540,30,3525,California
Kings,2021-01-17,9,3951,6,2121,3,1830,0,0,7,2990,2,542,7,3532,California
Kings,2021-01-18,172,4123,40,2161,132,1962,0,0,146,3110,26,568,146,3678,California
Kings,2021-01-19,377,4500,158,2319,219,2181,0,0,249,3231,128,696,249,3927,California
Kings,2021-01-20,236,4736,145,2464,91,2272,0,0,126,3252,105,801,126,4053,California
Kings,2021-01-21,190,4926,35,2499,155,2427,0,0,174,3408,18,819,174,4227,California
Kings,2021-01-22,126,5052,40,2539,86,2513,0,0,126,3529,5,824,126,4353,California
Kings,2021-01-23,26,5078,14,2553,12,2525,0,0,20,3543,6,830,20,4373,California
Kings,2021-01-24,4,5082,4,2557,0,2525,0,0,2,3543,2,832,2,4375,California
Kings,2021-01-25,124,5206,26,2583,98,2623,0,0,90,3599,34,866,90,4465,California
Kings,2021-01-26,154,5360,35,2618,119,2742,0,0,115,3675,39,905,115,4580,California
Kings,2021-01-27,319,5679,34,2652,285,3027,0,0,249,3855,69,974,249,4829,California
Kings,2021-01-28,326,6005,46,2698,280,3307,0,0,271,4071,55,1029,271,5100,California
Kings,2021-01-29,86,6091,26,2724,60,3367,0,0,69,4123,17,1046,69,5169,California
Kings,2021-01-30,1556,7647,31,2755,1525,4892,0,0,1553,5675,3,1049,1555,6724,California
Kings,2021-02-01,199,7846,64,2819,135,5027,0,0,72,5622,125,1174,72,6796,California
Kings,2021-02-02,232,8078,14,2833,218,5245,0,0,82,5555,149,1323,82,6878,California
Kings,2021-02-03,357,8435,191,3024,166,5411,0,0,203,5605,153,1476,203,7081,California
Kings,2021-02-04,395,8830,98,3122,297,5708,0,0,198,5607,196,1672,198,7279,California
Kings,2021-02-05,257,9087,14,3136,243,5951,0,0,101,5554,154,1826,101,7380,California
Kings,2021-02-06,61,9148,10,3146,51,6002,0,0,28,5549,33,1859,28,7408,California
Kings,2021-02-07,5,9153,3,3149,2,6004,0,0,3,5550,2,1861,3,7411,California
Kings,2021-02-08,171,9324,29,3178,142,6146,0,0,68,5515,103,1964,68,7479,California
Kings,2021-02-09,253,9577,57,3235,196,6342,0,0,110,5484,141,2105,110,7589,California
Kings,2021-02-10,285,9862,112,3347,173,6515,0,0,169,5537,116,2221,169,7758,California
Kings,2021-02-11,430,10292,65,3412,365,6880,0,0,316,5740,113,2334,316,8074,California
Kings,2021-02-12,623,10915,36,3448,587,7467,0,0,347,5812,275,2609,347,8421,California
Kings,2021-02-13,104,11019,6,3454,98,7565,0,0,78,5864,26,2635,78,8499,California
Kings,2021-02-14,102,11121,4,3458,98,7663,0,0,94,5950,8,2643,94,8593,California
Kings,2021-02-15,246,11367,5,3463,241,7904,0,0,137,5979,108,2751,137,8730,California
Kings,2021-02-16,486,11853,33,3496,453,8357,0,0,251,5996,234,2985,251,8981,California
Kings,2021-02-17,380,12233,23,3519,357,8714,0,0,243,6103,137,3122,244,9225,California
Kings,2021-02-18,155,12388,23,3542,132,8846,0,0,98,6144,57,3179,98,9323,California
Kings,2021-02-19,158,12546,23,3565,135,8981,0,0,102,6193,53,3232,102,9425,California
Kings,2021-02-20,171,12717,40,3605,131,9112,0,0,134,6290,37,3269,134,9559,California
Kings,2021-02-21,3,12720,2,3607,1,9113,0,0,3,6293,0,3269,3,9562,California
Kings,2021-02-22,110,12830,19,3626,91,9204,0,0,51,6285,59,3328,51,9613,California
Kings,2021-02-23,296,13126,69,3695,227,9431,0,0,179,6347,117,3445,179,9792,California
Kings,2021-02-24,592,13718,154,3849,438,9869,0,0,380,6515,212,3657,380,10172,California
Kings,2021-02-25,667,14385,115,3964,552,10421,0,0,449,6748,216,3873,449,10621,California
Kings,2021-02-26,657,15042,129,4093,528,10949,0,0,594,7280,62,3935,594,11215,California
Kings,2021-02-27,1498,16540,62,4155,1436,12385,0,0,564,6911,933,4868,564,11779,California
Kings,2021-02-28,1172,17712,597,4752,575,12960,0,0,674,7090,495,5363,674,12453,California
Kings,2021-03-01,259,17971,79,4831,180,13140,0,0,214,7259,45,5408,214,12667,California
Kings,2021-03-02,474,18445,207,5038,267,13407,0,0,423,7632,51,5459,424,13091,California
Kings,2021-03-03,629,19074,304,5342,325,13732,0,0,439,7883,188,5647,439,13530,California
Kings,2021-03-04,718,19792,343,5685,375,14107,0,0,622,8410,96,5743,623,14153,California
Kings,2021-03-05,1059,20851,349,6034,701,14808,9,9,942,9246,116,5859,952,15105,California
Kings,2021-03-06,511,21362,184,6218,314,15122,13,22,481,9710,30,5889,494,15599,California
Kings,2021-03-07,366,21728,225,6443,137,15259,4,26,358,10064,8,5897,362,15961,California
Kings,2021-03-08,369,22097,96,6539,220,15479,53,79,261,10269,108,6005,313,16274,California
Kings,2021-03-09,524,22621,239,6778,230,15709,55,134,417,10636,106,6111,473,16747,California
Kings,2021-03-10,506,23127,125,6903,290,15999,91,225,322,10865,183,6294,412,17159,California
Kings,2021-03-11,1023,24150,305,7208,608,16607,110,335,618,11190,403,6697,728,17887,California
Kings,2021-03-12,1355,25505,438,7646,823,17430,94,429,954,11840,400,7097,1050,18937,California
Kings,2021-03-13,671,26176,332,7978,295,17725,44,473,545,12304,126,7223,590,19527,California
Kings,2021-03-14,671,26847,101,8079,184,17909,386,859,200,12419,471,7694,586,20113,California
Kings,2021-03-15,701,27548,264,8343,322,18231,115,974,465,12766,235,7929,582,20695,California
Kings,2021-03-16,1040,28588,438,8781,541,18772,61,1035,703,13194,336,8265,764,21459,California
Kings,2021-03-17,1089,29677,417,9198,611,19383,61,1096,770,13713,319,8584,838,22297,California
Kings,2021-03-18,1101,30778,467,9665,412,19795,222,1318,769,14376,331,8915,994,23291,California
Kings,2021-03-19,949,31727,468,10133,396,20191,85,1403,732,14989,217,9132,830,24121,California
Kings,2021-03-20,624,32351,255,10388,338,20529,31,1434,450,15305,172,9304,488,24609,California
Kings,2021-03-21,1400,33751,1085,11473,304,20833,11,1445,846,15608,554,9858,857,25466,California
Kings,2021-03-22,450,34201,203,11676,164,20997,83,1528,277,15799,173,10031,364,25830,California
Kings,2021-03-23,900,35101,493,12169,344,21341,63,1591,576,16119,322,10353,642,26472,California
Kings,2021-03-24,923,36024,479,12648,421,21762,23,1614,512,16247,409,10762,537,27009,California
Kings,2021-03-25,894,36918,446,13094,422,22184,26,1640,446,16273,446,11208,472,27481,California
Kings,2021-03-26,1281,38199,373,13467,823,23007,85,1725,529,16139,747,11955,613,28094,California
Kings,2021-03-27,616,38815,245,13712,359,23366,12,1737,169,15875,445,12400,181,28275,California
Kings,2021-03-28,548,39363,477,14189,64,23430,7,1744,342,16026,206,12606,357,28632,California
Kings,2021-03-29,458,39821,201,14390,196,23626,61,1805,251,16132,205,12811,311,28943,California
Kings,2021-03-30,843,40664,463,14853,342,23968,38,1843,422,16172,420,13231,460,29403,California
Kings,2021-03-31,724,41388,374,15227,286,24254,64,1907,415,16349,302,13533,479,29882,California
Kings,2021-04-01,758,42146,381,15608,294,24548,83,1990,343,16366,409,13942,426,30308,California
Kings,2021-04-02,983,43129,428,16036,433,24981,122,2112,388,16285,590,14532,509,30817,California
Kings,2021-04-03,475,43604,330,16366,137,25118,8,2120,161,16148,308,14840,171,30988,California
Kings,2021-04-04,156,43760,82,16448,68,25186,6,2126,43,16085,112,14952,49,31037,California
Kings,2021-04-05,1047,44807,323,16771,474,25660,250,2376,234,15757,811,15763,483,31520,California
Kings,2021-04-06,1186,45993,447,17218,432,26092,307,2683,293,15466,890,16653,599,32119,California
Kings,2021-04-07,1341,47334,640,17858,514,26606,187,2870,413,15141,925,17578,600,32719,California
Kings,2021-04-08,1593,48927,628,18486,714,27320,251,3121,363,14532,1223,18801,614,33333,California
Kings,2021-04-09,1111,50038,522,19008,413,27733,176,3297,242,14080,867,19668,415,33748,California
Kings,2021-04-10,593,50631,329,19337,162,27895,102,3399,181,13952,411,20079,283,34031,California
Kings,2021-04-11,328,50959,74,19411,248,28143,6,3405,196,14022,132,20211,202,34233,California
Kings,2021-04-12,697,51656,311,19722,186,28329,200,3605,190,13906,506,20717,390,34623,California
Kings,2021-04-13,888,52544,508,20230,380,28709,0,3605,288,13600,599,21316,293,34916,California
Kings,2021-04-14,1023,53567,565,20795,458,29167,0,3605,372,13322,651,21967,373,35289,California
Kings,2021-04-15,1050,54617,519,21314,530,29697,1,3606,468,13210,581,22548,469,35758,California
Kings,2021-04-16,765,55382,360,21674,405,30102,0,3606,267,12980,497,23045,267,36025,California
Kings,2021-04-17,455,55837,242,21916,213,30315,0,3606,198,12922,256,23301,198,36223,California
Kings,2021-04-18,552,56389,239,22155,313,30628,0,3606,71,12512,481,23782,71,36294,California
Kings,2021-04-19,524,56913,287,22442,237,30865,0,3606,285,12560,237,24019,285,36579,California
Kings,2021-04-20,733,57646,443,22885,290,31155,0,3606,246,12320,486,24505,246,36825,California
Kings,2021-04-21,636,58282,305,23190,331,31486,0,3606,220,12131,409,24914,220,37045,California
Kings,2021-04-22,550,58832,275,23465,275,31761,0,3606,201,11988,345,25259,202,37247,California
Kings,2021-04-23,662,59494,290,23755,372,32133,0,3606,328,11985,331,25590,328,37575,California
Kings,2021-04-24,244,59738,178,23933,65,32198,1,3607,120,11983,123,25713,121,37696,California
Kings,2021-04-25,195,59933,176,24109,19,32217,0,3607,159,12106,36,25749,159,37855,California
Kings,2021-04-26,289,60222,147,24256,139,32356,3,3610,180,12181,108,25857,183,38038,California
Kings,2021-04-27,395,60617,174,24430,202,32558,19,3629,164,12134,230,26087,183,38221,California
Kings,2021-04-28,504,61121,254,24684,230,32788,20,3649,264,12178,240,26327,284,38505,California
Kings,2021-04-29,285,61406,112,24796,162,32950,11,3660,133,12172,150,26477,144,38649,California
Kings,2021-04-30,365,61771,163,24959,185,33135,17,3677,151,12129,211,26688,168,38817,California
Kings,2021-05-01,229,62000,166,25125,53,33188,10,3687,74,12060,153,26841,84,38901,California
Kings,2021-05-02,167,62167,145,25270,22,33210,0,3687,125,12143,42,26883,125,39026,California
Kings,2021-05-03,473,62640,254,25524,205,33415,14,3701,123,11931,349,27232,137,39163,California
Kings,2021-05-04,516,63156,258,25782,237,33652,21,3722,161,11759,354,27586,182,39345,California
Kings,2021-05-05,539,63695,277,26059,239,33891,23,3745,138,11519,401,27987,161,39506,California
Kings,2021-05-06,533,64228,267,26326,243,34134,23,3768,123,11257,408,28395,146,39652,California
Kings,2021-05-07,367,64595,212,26538,142,34276,13,3781,150,11205,215,28610,163,39815,California
Kings,2021-05-08,229,64824,167,26705,52,34328,10,3791,74,11134,155,28765,84,39899,California
Kings,2021-05-09,190,65014,57,26762,132,34460,1,3792,39,11023,151,28916,40,39939,California
Kings,2021-05-10,328,65342,252,27014,66,34526,10,3802,112,10929,215,29131,121,40060,California
Kings,2021-05-11,303,65645,185,27199,98,34624,20,3822,99,10844,204,29335,119,40179,California
Kings,2021-05-12,239,65884,54,27253,179,34803,6,3828,85,10782,153,29488,91,40270,California
Lake,2020-12-17,4,4,4,4,0,0,0,0,4,4,0,0,4,4,California
Lake,2020-12-18,51,55,51,55,0,0,0,0,51,55,0,0,51,55,California
Lake,2020-12-19,3,58,3,58,0,0,0,0,3,58,0,0,3,58,California
Lake,2020-12-20,6,64,6,64,0,0,0,0,6,64,0,0,6,64,California
Lake,2020-12-21,86,150,86,150,0,0,0,0,86,150,0,0,86,150,California
Lake,2020-12-22,63,213,60,210,3,3,0,0,63,213,0,0,63,213,California
Lake,2020-12-23,123,336,114,324,9,12,0,0,123,336,0,0,123,336,California
Lake,2020-12-24,2,338,0,324,2,14,0,0,2,338,0,0,2,338,California
Lake,2020-12-26,2,340,2,326,0,14,0,0,2,340,0,0,2,340,California
Lake,2020-12-27,2,342,2,328,0,14,0,0,2,342,0,0,2,342,California
Lake,2020-12-28,52,394,43,371,9,23,0,0,52,394,0,0,52,394,California
Lake,2020-12-29,50,444,45,416,5,28,0,0,50,444,0,0,50,444,California
Lake,2020-12-30,125,569,118,534,7,35,0,0,125,569,0,0,125,569,California
Lake,2020-12-31,67,636,64,598,3,38,0,0,67,636,0,0,67,636,California
Lake,2021-01-01,1,637,0,598,1,39,0,0,1,637,0,0,1,637,California
Lake,2021-01-02,2,639,1,599,1,40,0,0,2,639,0,0,2,639,California
Lake,2021-01-04,87,726,21,620,66,106,0,0,87,726,0,0,87,726,California
Lake,2021-01-05,120,846,59,679,61,167,0,0,118,842,2,2,118,844,California
Lake,2021-01-06,105,951,65,744,40,207,0,0,103,943,2,4,103,947,California
Lake,2021-01-07,108,1059,85,829,23,230,0,0,99,1033,9,13,99,1046,California
Lake,2021-01-08,152,1211,124,953,28,258,0,0,100,1081,52,65,100,1146,California
Lake,2021-01-09,63,1274,61,1014,2,260,0,0,59,1136,4,69,59,1205,California
Lake,2021-01-10,3,1277,3,1017,0,260,0,0,0,1133,3,72,0,1205,California
Lake,2021-01-11,192,1469,151,1168,41,301,0,0,112,1165,80,152,112,1317,California
Lake,2021-01-12,81,1550,48,1216,33,334,0,0,57,1198,24,176,57,1374,California
Lake,2021-01-13,164,1714,112,1328,52,386,0,0,107,1248,57,233,107,1481,California
Lake,2021-01-14,147,1861,46,1374,101,487,0,0,125,1351,22,255,125,1606,California
Lake,2021-01-15,215,2076,92,1466,123,610,0,0,188,1512,27,282,188,1794,California
Lake,2021-01-16,134,2210,81,1547,53,663,0,0,132,1642,2,284,132,1926,California
Lake,2021-01-17,18,2228,6,1553,12,675,0,0,12,1648,6,290,12,1938,California
Lake,2021-01-18,246,2474,226,1779,20,695,0,0,126,1654,120,410,126,2064,California
Lake,2021-01-19,311,2785,117,1896,194,889,0,0,266,1876,45,455,267,2331,California
Lake,2021-01-20,422,3207,80,1976,342,1231,0,0,358,2171,63,518,358,2689,California
Lake,2021-01-21,433,3640,49,2025,384,1615,0,0,398,2534,35,553,398,3087,California
Lake,2021-01-22,318,3958,46,2071,272,1887,0,0,282,2780,36,589,282,3369,California
Lake,2021-01-23,122,4080,5,2076,117,2004,0,0,121,2900,1,590,121,3490,California
Lake,2021-01-24,5,4085,2,2078,3,2007,0,0,5,2905,0,590,5,3495,California
Lake,2021-01-25,257,4342,95,2173,162,2169,0,0,176,3000,81,671,176,3671,California
Lake,2021-01-26,428,4770,36,2209,392,2561,0,0,405,3382,23,694,405,4076,California
Lake,2021-01-27,359,5129,41,2250,318,2879,0,0,331,3686,28,722,332,4408,California
Lake,2021-01-28,498,5627,161,2411,337,3216,0,0,368,3924,130,852,368,4776,California
Lake,2021-01-29,636,6263,83,2494,553,3769,0,0,576,4440,60,912,576,5352,California
Lake,2021-01-30,555,6818,44,2538,511,4280,0,0,549,4983,6,918,549,5901,California
Lake,2021-01-31,14,6832,8,2546,6,4286,0,0,12,4993,2,920,12,5913,California
Lake,2021-02-01,179,7011,18,2564,161,4447,0,0,166,5146,13,933,166,6079,California
Lake,2021-02-02,564,7575,151,2715,413,4860,0,0,398,5378,166,1099,398,6477,California
Lake,2021-02-03,445,8020,33,2748,412,5272,0,0,340,5613,105,1204,340,6817,California
Lake,2021-02-04,120,8140,69,2817,51,5323,0,0,73,5639,47,1251,73,6890,California
Lake,2021-02-05,379,8519,70,2887,309,5632,0,0,288,5838,89,1340,288,7178,California
Lake,2021-02-06,276,8795,41,2928,235,5867,0,0,265,6092,11,1351,265,7443,California
Lake,2021-02-07,2,8797,1,2929,1,5868,0,0,2,6094,0,1351,2,7445,California
Lake,2021-02-08,278,9075,206,3135,72,5940,0,0,159,6134,119,1470,159,7604,California
Lake,2021-02-09,345,9420,25,3160,320,6260,0,0,301,6392,43,1513,301,7905,California
Lake,2021-02-10,351,9771,54,3214,297,6557,0,0,274,6589,77,1590,274,8179,California
Lake,2021-02-11,169,9940,18,3232,151,6708,0,0,56,6532,113,1703,56,8235,California
Lake,2021-02-12,376,10316,29,3261,347,7055,0,0,289,6735,86,1789,289,8524,California
Lake,2021-02-13,247,10563,7,3268,240,7295,0,0,236,6960,11,1800,236,8760,California
Lake,2021-02-14,20,10583,5,3273,15,7310,0,0,6,6952,14,1814,6,8766,California
Lake,2021-02-15,172,10755,13,3286,159,7469,0,0,8,6797,163,1977,8,8774,California
Lake,2021-02-16,423,11178,23,3309,400,7869,0,0,176,6726,247,2224,176,8950,California
Lake,2021-02-17,351,11529,54,3363,297,8166,0,0,70,6516,280,2504,70,9020,California
Lake,2021-02-18,458,11987,69,3432,389,8555,0,0,114,6286,344,2848,114,9134,California
Lake,2021-02-19,418,12405,25,3457,393,8948,0,0,93,6054,325,3173,93,9227,California
Lake,2021-02-20,294,12699,60,3517,234,9182,0,0,251,6263,42,3215,251,9478,California
Lake,2021-02-21,6,12705,6,3523,0,9182,0,0,0,6257,6,3221,0,9478,California
Lake,2021-02-22,140,12845,23,3546,117,9299,0,0,43,6203,97,3318,43,9521,California
Lake,2021-02-23,213,13058,14,3560,199,9498,0,0,28,6046,185,3503,28,9549,California
Lake,2021-02-24,955,14013,377,3937,578,10076,0,0,416,5924,538,4041,416,9965,California
Lake,2021-02-25,731,14744,464,4401,267,10343,0,0,472,6139,257,4298,472,10437,California
Lake,2021-02-26,995,15739,304,4705,691,11034,0,0,350,5847,642,4940,350,10787,California
Lake,2021-02-27,411,16150,98,4803,313,11347,0,0,328,6092,83,5023,328,11115,California
Lake,2021-02-28,18,16168,12,4815,6,11353,0,0,10,6094,8,5031,10,11125,California
Lake,2021-03-01,596,16764,53,4868,543,11896,0,0,443,6384,153,5184,443,11568,California
Lake,2021-03-02,746,17510,18,4886,728,12624,0,0,289,6216,457,5641,289,11857,California
Lake,2021-03-03,359,17869,196,5082,163,12787,0,0,135,6127,224,5865,135,11992,California
Lake,2021-03-04,579,18448,510,5592,69,12856,0,0,562,6672,17,5882,562,12554,California
Lake,2021-03-05,1037,19485,40,5632,997,13853,0,0,174,5987,859,6741,174,12728,California
Lake,2021-03-06,34,19519,9,5641,24,13877,1,1,21,5996,13,6754,22,12750,California
Lake,2021-03-07,7,19526,5,5646,2,13879,0,1,4,5997,3,6757,4,12754,California
Lake,2021-03-08,339,19865,267,5913,63,13942,9,10,299,6265,40,6797,308,13062,California
Lake,2021-03-09,915,20780,29,5942,869,14811,17,27,393,6154,521,7318,410,13472,California
Lake,2021-03-10,203,20983,60,6002,130,14941,13,40,135,6234,68,7386,148,13620,California
Lake,2021-03-11,583,21566,47,6049,62,15003,474,514,48,6221,535,7921,522,14142,California
Lake,2021-03-12,853,22419,203,6252,626,15629,24,538,363,6119,489,8410,387,14529,California
Lake,2021-03-13,277,22696,21,6273,20,15649,236,774,16,6110,260,8670,251,14780,California
Lake,2021-03-14,11,22707,2,6275,9,15658,0,774,7,6113,4,8674,7,14787,California
Lake,2021-03-15,642,23349,14,6289,611,16269,17,791,483,6454,159,8833,500,15287,California
Lake,2021-03-16,1113,24462,834,7123,262,16531,17,808,446,6253,663,9496,462,15749,California
Lake,2021-03-17,246,24708,121,7244,103,16634,22,830,90,6209,156,9652,112,15861,California
Lake,2021-03-18,748,25456,373,7617,338,16972,37,867,372,6242,375,10027,408,16269,California
Lake,2021-03-19,580,26036,313,7930,247,17219,20,887,473,6629,106,10133,493,16762,California
Lake,2021-03-20,248,26284,8,7938,237,17456,3,890,29,6444,217,10350,32,16794,California
Lake,2021-03-21,16,26300,11,7949,4,17460,1,891,11,6451,5,10355,12,16806,California
Lake,2021-03-22,324,26624,244,8193,66,17526,14,905,238,6617,86,10441,252,17058,California
Lake,2021-03-23,418,27042,20,8213,385,17911,13,918,353,6919,64,10505,366,17424,California
Lake,2021-03-24,413,27455,61,8274,344,18255,8,926,317,7150,95,10600,326,17750,California
Lake,2021-03-25,659,28114,470,8744,183,18438,6,932,174,6845,485,11085,180,17930,California
Lake,2021-03-26,69,28183,33,8777,35,18473,1,933,45,6867,24,11109,46,17976,California
Lake,2021-03-27,309,28492,7,8784,299,18772,3,936,17,6597,290,11399,20,17996,California
Lake,2021-03-28,17,28509,8,8792,9,18781,0,936,11,6602,6,11405,11,18007,California
Lake,2021-03-29,900,29409,268,9060,630,19411,2,938,194,6094,704,12109,196,18203,California
Lake,2021-03-30,454,29863,304,9364,148,19559,2,940,368,6379,85,12194,370,18573,California
Lake,2021-03-31,583,30446,60,9424,523,20082,0,940,418,6640,157,12351,418,18991,California
Lake,2021-04-01,423,30869,219,9643,192,20274,12,952,178,6588,242,12593,190,19181,California
Lake,2021-04-02,220,31089,40,9683,152,20426,28,980,97,6590,123,12716,125,19306,California
Lake,2021-04-03,32,31121,6,9689,23,20449,3,983,13,6587,19,12735,16,19322,California
Lake,2021-04-04,20,31141,11,9700,7,20456,2,985,15,6599,5,12740,17,19339,California
Lake,2021-04-05,638,31779,70,9770,549,21005,19,1004,399,6780,236,12976,417,19756,California
Lake,2021-04-06,473,32252,16,9786,431,21436,26,1030,300,6934,172,13148,326,20082,California
Lake,2021-04-07,517,32769,55,9841,411,21847,51,1081,350,7170,165,13313,401,20483,California
Lake,2021-04-08,599,33368,486,10327,46,21893,67,1148,103,6847,493,13806,170,20653,California
Lake,2021-04-09,279,33647,39,10366,172,22065,68,1216,46,6731,230,14036,114,20767,California
Lake,2021-04-10,253,33900,15,10381,14,22079,224,1440,11,6724,242,14278,235,21002,California
Lake,2021-04-11,22,33922,17,10398,3,22082,2,1442,7,6718,15,14293,9,21011,California
Lake,2021-04-12,1068,34990,231,10629,804,22886,33,1475,248,6180,819,15112,281,21292,California
Lake,2021-04-13,180,35170,110,10739,70,22956,0,1475,54,6108,126,15238,54,21346,California
Lake,2021-04-14,609,35779,37,10776,572,23528,0,1475,548,6595,61,15299,548,21894,California
Lake,2021-04-15,641,36420,193,10969,448,23976,0,1475,332,6618,309,15608,332,22226,California
Lake,2021-04-16,259,36679,25,10994,233,24209,1,1476,69,6499,189,15797,70,22296,California
Lake,2021-04-17,40,36719,11,11005,29,24238,0,1476,30,6519,10,15807,30,22326,California
Lake,2021-04-18,8,36727,5,11010,3,24241,0,1476,0,6511,8,15815,0,22326,California
Lake,2021-04-19,295,37022,39,11049,256,24497,0,1476,245,6706,50,15865,245,22571,California
Lake,2021-04-20,692,37714,278,11327,414,24911,0,1476,113,6242,578,16443,114,22685,California
Lake,2021-04-21,532,38246,64,11391,468,25379,0,1476,204,6118,328,16771,204,22889,California
Lake,2021-04-22,461,38707,50,11441,411,25790,0,1476,314,6286,146,16917,314,23203,California
Lake,2021-04-23,114,38821,58,11499,56,25846,0,1476,67,6306,47,16964,67,23270,California
Lake,2021-04-24,53,38874,9,11508,44,25890,0,1476,39,6331,14,16978,39,23309,California
Lake,2021-04-25,36,38910,19,11527,17,25907,0,1476,23,6341,13,16991,23,23332,California
Lake,2021-04-26,279,39189,74,11601,204,26111,1,1477,81,6225,198,17189,82,23414,California
Lake,2021-04-27,239,39428,21,11622,200,26311,18,1495,80,6164,159,17348,98,23512,California
Lake,2021-04-28,506,39934,46,11668,445,26756,15,1510,117,5908,387,17735,131,23643,California
Lake,2021-04-29,210,40144,81,11749,113,26869,16,1526,113,5940,97,17832,129,23772,California
Lake,2021-04-30,287,40431,46,11795,210,27079,31,1557,148,5980,139,17971,179,23951,California
Lake,2021-05-01,48,40479,26,11821,20,27099,2,1559,33,6000,15,17986,35,23986,California
Lake,2021-05-02,18,40497,9,11830,8,27107,1,1560,9,6001,9,17995,10,23996,California
Lake,2021-05-03,411,40908,27,11857,348,27455,36,1596,64,5755,346,18341,100,24096,California
Lake,2021-05-04,407,41315,217,12074,142,27597,48,1644,126,5649,280,18621,174,24270,California
Lake,2021-05-05,633,41948,49,12123,574,28171,10,1654,92,5211,539,19160,101,24371,California
Lake,2021-05-06,143,42091,20,12143,92,28263,31,1685,71,5240,72,19232,101,24472,California
Lake,2021-05-07,164,42255,25,12168,119,28382,20,1705,106,5311,55,19287,126,24598,California
Lake,2021-05-08,43,42298,8,12176,34,28416,1,1706,34,5337,9,19296,35,24633,California
Lake,2021-05-09,17,42315,3,12179,11,28427,3,1709,12,5347,5,19301,15,24648,California
Lake,2021-05-10,240,42555,11,12190,204,28631,25,1734,58,5248,182,19483,83,24731,California
Lake,2021-05-11,180,42735,26,12216,141,28772,13,1747,111,5304,69,19552,125,24856,California
Lake,2021-05-12,474,43209,20,12236,451,29223,3,1750,32,4897,442,19994,35,24891,California
Lassen,2020-12-16,8,8,8,8,0,0,0,0,8,8,0,0,8,8,California
Lassen,2020-12-17,6,14,6,14,0,0,0,0,6,14,0,0,6,14,California
Lassen,2020-12-18,1,15,1,15,0,0,0,0,1,15,0,0,1,15,California
Lassen,2020-12-19,5,20,5,20,0,0,0,0,5,20,0,0,5,20,California
Lassen,2020-12-20,2,22,2,22,0,0,0,0,2,22,0,0,2,22,California
Lassen,2020-12-21,11,33,11,33,0,0,0,0,11,33,0,0,11,33,California
Lassen,2020-12-22,23,56,23,56,0,0,0,0,23,56,0,0,23,56,California
Lassen,2020-12-23,6,62,6,62,0,0,0,0,6,62,0,0,6,62,California
Lassen,2020-12-24,11,73,11,73,0,0,0,0,11,73,0,0,11,73,California
Lassen,2020-12-28,3,76,2,75,1,1,0,0,3,76,0,0,3,76,California
Lassen,2020-12-29,35,111,35,110,0,1,0,0,35,111,0,0,35,111,California
Lassen,2020-12-30,37,148,36,146,1,2,0,0,37,148,0,0,37,148,California
Lassen,2020-12-31,49,197,42,188,7,9,0,0,49,197,0,0,49,197,California
Lassen,2021-01-02,1,198,0,188,1,10,0,0,1,198,0,0,1,198,California
Lassen,2021-01-04,15,213,1,189,14,24,0,0,15,213,0,0,15,213,California
Lassen,2021-01-05,194,407,53,242,141,165,0,0,194,407,0,0,194,407,California
Lassen,2021-01-06,95,502,44,286,51,216,0,0,87,487,8,8,88,495,California
Lassen,2021-01-07,43,545,7,293,36,252,0,0,37,518,6,14,37,532,California
Lassen,2021-01-08,50,595,2,295,48,300,0,0,50,568,0,14,50,582,California
Lassen,2021-01-09,12,607,6,301,6,306,0,0,12,580,0,14,12,594,California
Lassen,2021-01-11,27,634,5,306,22,328,0,0,27,607,0,14,27,621,California
Lassen,2021-01-12,49,683,29,335,20,348,0,0,30,618,19,33,30,651,California
Lassen,2021-01-13,161,844,18,353,143,491,0,0,146,749,15,48,146,797,California
Lassen,2021-01-14,163,1007,18,371,145,636,0,0,151,888,12,60,151,948,California
Lassen,2021-01-15,33,1040,6,377,27,663,0,0,33,921,0,60,33,981,California
Lassen,2021-01-16,34,1074,33,410,1,664,0,0,34,955,0,60,34,1015,California
Lassen,2021-01-17,1,1075,0,410,1,665,0,0,1,956,0,60,1,1016,California
Lassen,2021-01-18,5,1080,2,412,3,668,0,0,4,959,1,61,4,1020,California
Lassen,2021-01-19,185,1265,36,448,149,817,0,0,157,1088,28,89,157,1177,California
Lassen,2021-01-20,189,1454,101,549,88,905,0,0,105,1124,69,158,105,1282,California
Lassen,2021-01-21,145,1599,93,642,52,957,0,0,121,1227,18,176,121,1403,California
Lassen,2021-01-22,31,1630,18,660,13,970,0,0,21,1238,10,186,21,1424,California
Lassen,2021-01-23,2,1632,0,660,2,972,0,0,2,1240,0,186,2,1426,California
Lassen,2021-01-24,1,1633,0,660,1,973,0,0,1,1241,0,186,1,1427,California
Lassen,2021-01-25,11,1644,0,660,11,984,0,0,11,1252,0,186,11,1438,California
Lassen,2021-01-26,126,1770,12,672,114,1098,0,0,122,1370,4,190,122,1560,California
Lassen,2021-01-27,87,1857,35,707,52,1150,0,0,69,1421,18,208,69,1629,California
Lassen,2021-01-28,86,1943,15,722,71,1221,0,0,85,1505,1,209,85,1714,California
Lassen,2021-01-29,23,1966,7,729,16,1237,0,0,22,1526,1,210,22,1736,California
Lassen,2021-02-01,62,2028,4,733,58,1295,0,0,36,1536,26,236,36,1772,California
Lassen,2021-02-02,177,2205,12,745,165,1460,0,0,44,1447,133,369,44,1816,California
Lassen,2021-02-03,96,2301,21,766,75,1535,0,0,51,1453,45,414,51,1867,California
Lassen,2021-02-04,112,2413,15,781,97,1632,0,0,63,1467,49,463,63,1930,California
Lassen,2021-02-05,65,2478,12,793,53,1685,0,0,23,1448,42,505,23,1953,California
Lassen,2021-02-06,69,2547,34,827,35,1720,0,0,36,1452,32,537,36,1989,California
Lassen,2021-02-07,2,2549,2,829,0,1720,0,0,2,1454,0,537,2,1991,California
Lassen,2021-02-08,44,2593,4,833,40,1760,0,0,18,1446,26,563,18,2009,California
Lassen,2021-02-09,129,2722,8,841,121,1881,0,0,50,1417,79,642,50,2059,California
Lassen,2021-02-10,184,2906,21,862,163,2044,0,0,76,1385,108,750,76,2135,California
Lassen,2021-02-11,184,3090,16,878,168,2212,0,0,80,1362,103,853,80,2215,California
Lassen,2021-02-12,42,3132,11,889,31,2243,0,0,14,1348,28,881,14,2229,California
Lassen,2021-02-13,12,3144,3,892,9,2252,0,0,10,1356,2,883,10,2239,California
Lassen,2021-02-14,13,3157,0,892,13,2265,0,0,12,1367,1,884,12,2251,California
Lassen,2021-02-15,21,3178,2,894,19,2284,0,0,17,1380,4,888,17,2268,California
Lassen,2021-02-16,192,3370,4,898,188,2472,0,0,31,1252,159,1047,31,2299,California
Lassen,2021-02-17,183,3553,94,992,89,2561,0,0,10,1089,173,1220,10,2309,California
Lassen,2021-02-18,80,3633,22,1014,58,2619,0,0,20,1049,60,1280,20,2329,California
Lassen,2021-02-19,82,3715,62,1076,20,2639,0,0,18,1003,64,1344,18,2347,California
Lassen,2021-02-20,8,3723,0,1076,8,2647,0,0,6,1007,2,1346,6,2353,California
Lassen,2021-02-21,22,3745,2,1078,20,2667,0,0,18,1021,4,1350,18,2371,California
Lassen,2021-02-22,25,3770,10,1088,15,2682,0,0,6,1008,19,1369,6,2377,California
Lassen,2021-02-23,153,3923,10,1098,143,2825,0,0,41,937,112,1481,41,2418,California
Lassen,2021-02-24,165,4088,16,1114,149,2974,0,0,107,987,57,1538,107,2525,California
Lassen,2021-02-25,156,4244,19,1133,137,3111,0,0,99,1029,57,1595,99,2624,California
Lassen,2021-02-26,73,4317,16,1149,57,3168,0,0,36,1028,37,1632,36,2660,California
Lassen,2021-02-27,8,4325,7,1156,1,3169,0,0,3,1026,5,1637,3,2663,California
Lassen,2021-02-28,6,4331,1,1157,5,3174,0,0,3,1026,3,1640,3,2666,California
Lassen,2021-03-01,42,4373,4,1161,38,3212,0,0,8,1001,33,1673,8,2674,California
Lassen,2021-03-02,106,4479,8,1169,98,3310,0,0,80,1055,26,1699,80,2754,California
Lassen,2021-03-03,170,4649,12,1181,158,3468,0,0,113,1111,57,1756,113,2867,California
Lassen,2021-03-04,150,4799,17,1198,133,3601,0,0,100,1162,49,1805,100,2967,California
Lassen,2021-03-05,47,4846,7,1205,17,3618,23,23,11,1160,36,1841,34,3001,California
Lassen,2021-03-06,55,4901,4,1209,29,3647,22,45,5,1137,50,1891,27,3028,California
Lassen,2021-03-07,56,4957,1,1210,0,3647,55,100,1,1138,55,1946,56,3084,California
Lassen,2021-03-08,90,5047,2,1212,8,3655,80,180,3,1135,86,2032,83,3167,California
Lassen,2021-03-09,137,5184,11,1223,109,3764,17,197,88,1192,49,2081,106,3273,California
Lassen,2021-03-10,175,5359,10,1233,163,3927,2,199,79,1178,95,2176,81,3354,California
Lassen,2021-03-11,185,5544,16,1249,162,4089,7,206,113,1229,69,2245,120,3474,California
Lassen,2021-03-12,35,5579,18,1267,13,4102,4,210,12,1222,23,2268,16,3490,California
Lassen,2021-03-13,49,5628,0,1267,3,4105,46,256,1,1220,48,2316,46,3536,California
Lassen,2021-03-14,14,5642,2,1269,11,4116,1,257,2,1211,12,2328,3,3539,California
Lassen,2021-03-15,33,5675,2,1271,31,4147,0,257,16,1210,17,2345,16,3555,California
Lassen,2021-03-16,93,5768,2,1273,85,4232,6,263,74,1271,19,2364,80,3635,California
Lassen,2021-03-17,1083,6851,9,1282,1069,5301,5,268,1064,2321,19,2383,1069,4704,California
Lassen,2021-03-18,95,6946,9,1291,85,5386,1,269,81,2389,14,2397,82,4786,California
Lassen,2021-03-19,17,6963,11,1302,2,5388,4,273,7,2390,10,2407,11,4797,California
Lassen,2021-03-20,29,6992,3,1305,23,5411,3,276,22,2408,7,2414,25,4822,California
Lassen,2021-03-21,34,7026,0,1305,34,5445,0,276,14,2403,19,2433,14,4836,California
Lassen,2021-03-22,57,7083,1,1306,56,5501,0,276,54,2454,3,2436,54,4890,California
Lassen,2021-03-23,119,7202,11,1317,107,5608,1,277,67,2470,52,2488,68,4958,California
Lassen,2021-03-24,213,7415,13,1330,199,5807,1,278,107,2473,105,2593,108,5066,California
Lassen,2021-03-25,153,7568,22,1352,131,5938,0,278,70,2460,83,2676,70,5136,California
Lassen,2021-03-26,78,7646,13,1365,26,5964,39,317,19,2459,58,2734,57,5193,California
Lassen,2021-03-27,20,7666,4,1369,1,5965,15,332,3,2460,17,2751,18,5211,California
Lassen,2021-03-28,18,7684,3,1372,5,5970,10,342,4,2460,14,2765,14,5225,California
Lassen,2021-03-29,52,7736,0,1372,27,5997,25,367,20,2474,31,2796,45,5270,California
Lassen,2021-03-30,198,7934,10,1382,163,6160,25,392,51,2403,147,2943,76,5346,California
Lassen,2021-03-31,146,8080,12,1394,112,6272,22,414,62,2403,84,3027,84,5430,California
Lassen,2021-04-01,165,8245,15,1409,131,6403,19,433,48,2354,116,3143,67,5497,California
Lassen,2021-04-02,29,8274,4,1413,3,6406,22,455,2,2351,27,3170,24,5521,California
Lassen,2021-04-03,12,8286,0,1413,2,6408,10,465,0,2349,12,3182,10,5531,California
Lassen,2021-04-04,7,8293,2,1415,0,6408,5,470,1,2349,6,3188,6,5537,California
Lassen,2021-04-05,23,8316,4,1419,12,6420,7,477,11,2356,11,3199,18,5555,California
Lassen,2021-04-06,184,8500,9,1428,145,6565,30,507,53,2308,131,3330,83,5638,California
Lassen,2021-04-07,135,8635,6,1434,92,6657,37,544,32,2276,103,3433,71,5709,California
Lassen,2021-04-08,170,8805,9,1443,105,6762,56,600,34,2234,132,3565,90,5799,California
Lassen,2021-04-09,52,8857,6,1449,11,6773,35,635,9,2235,42,3607,43,5842,California
Lassen,2021-04-10,9,8866,0,1449,2,6775,7,642,0,2234,8,3615,7,5849,California
Lassen,2021-04-11,5,8871,2,1451,0,6775,3,645,2,2236,3,3618,5,5854,California
Lassen,2021-04-12,31,8902,3,1454,15,6790,13,658,3,2224,28,3646,16,5870,California
Lassen,2021-04-13,129,9031,6,1460,123,6913,0,658,40,2176,88,3734,40,5910,California
Lassen,2021-04-14,987,10018,16,1476,971,7884,0,658,51,1292,935,4669,51,5961,California
Lassen,2021-04-15,147,10165,14,1490,133,8017,0,658,19,1183,128,4797,19,5980,California
Lassen,2021-04-16,11,10176,4,1494,7,8024,0,658,5,1182,6,4803,5,5985,California
Lassen,2021-04-17,24,10200,3,1497,21,8045,0,658,4,1166,20,4823,4,5989,California
Lassen,2021-04-18,5,10205,2,1499,3,8048,0,658,2,1165,3,4826,2,5991,California
Lassen,2021-04-19,33,10238,0,1499,33,8081,0,658,17,1166,16,4842,17,6008,California
Lassen,2021-04-20,138,10376,7,1506,131,8212,0,658,52,1132,86,4928,52,6060,California
Lassen,2021-04-21,163,10539,10,1516,153,8365,0,658,32,1035,129,5057,32,6092,California
Lassen,2021-04-22,102,10641,16,1532,86,8451,0,658,33,999,69,5126,33,6125,California
Lassen,2021-04-23,28,10669,3,1535,25,8476,0,658,22,1015,6,5132,22,6147,California
Lassen,2021-04-24,10,10679,6,1541,4,8480,0,658,4,1013,6,5138,4,6151,California
Lassen,2021-04-25,5,10684,0,1541,4,8484,1,659,3,1015,2,5140,4,6155,California
Lassen,2021-04-26,40,10724,1,1542,35,8519,4,663,7,993,33,5173,11,6166,California
Lassen,2021-04-27,121,10845,10,1552,108,8627,3,666,69,1013,52,5225,72,6238,California
Lassen,2021-04-28,84,10929,8,1560,74,8701,2,668,31,993,53,5278,33,6271,California
Lassen,2021-04-29,67,10996,7,1567,57,8758,3,671,22,974,44,5322,25,6296,California
Lassen,2021-04-30,11,11007,7,1574,1,8759,3,674,3,972,8,5330,6,6302,California
Lassen,2021-05-01,3,11010,0,1574,2,8761,1,675,2,974,1,5331,3,6305,California
Lassen,2021-05-02,12,11022,8,1582,4,8765,0,675,8,978,4,5335,8,6313,California
Lassen,2021-05-03,18,11040,1,1583,11,8776,6,681,4,974,14,5349,10,6323,California
Lassen,2021-05-04,75,11115,4,1587,63,8839,8,689,23,953,52,5401,31,6354,California
Lassen,2021-05-05,79,11194,4,1591,65,8904,10,699,24,933,54,5455,34,6388,California
Lassen,2021-05-06,85,11279,20,1611,43,8947,22,721,23,916,62,5517,45,6433,California
Lassen,2021-05-07,45,11324,31,1642,10,8957,4,725,38,951,7,5524,42,6475,California
Lassen,2021-05-08,9,11333,1,1643,4,8961,4,729,3,952,6,5530,7,6482,California
Lassen,2021-05-09,3,11336,1,1644,0,8961,2,731,0,951,3,5533,2,6484,California
Lassen,2021-05-10,11,11347,1,1645,8,8969,2,733,6,954,5,5538,8,6492,California
Lassen,2021-05-11,67,11414,0,1645,59,9028,8,741,18,931,49,5587,26,6518,California
Lassen,2021-05-12,30,11444,4,1649,25,9053,1,742,7,916,23,5610,8,6526,California
Los Angeles,2020-12-15,392,392,392,392,0,0,0,0,392,392,0,0,392,392,California
Los Angeles,2020-12-16,3364,3756,3364,3756,0,0,0,0,3364,3756,0,0,3364,3756,California
Los Angeles,2020-12-17,10235,13991,10235,13991,0,0,0,0,10236,13992,0,0,10236,13992,California
Los Angeles,2020-12-18,14521,28512,14497,28488,24,24,0,0,14521,28513,0,0,14521,28513,California
Los Angeles,2020-12-19,7226,35738,7218,35706,8,32,0,0,7227,35740,0,0,7227,35740,California
Los Angeles,2020-12-20,4597,40335,4589,40295,8,40,0,0,4599,40339,0,0,4599,40339,California
Los Angeles,2020-12-21,13694,54029,13679,53974,15,55,0,0,13694,54032,1,1,13694,54033,California
Los Angeles,2020-12-22,11524,65553,11144,65118,380,435,0,0,11525,65556,1,2,11525,65558,California
Los Angeles,2020-12-23,11889,77442,10133,75251,1756,2191,0,0,11890,77446,0,2,11890,77448,California
Los Angeles,2020-12-24,7020,84462,4253,79504,2767,4958,0,0,7023,84469,0,2,7023,84471,California
Los Angeles,2020-12-25,525,84987,419,79923,106,5064,0,0,525,84994,0,2,525,84996,California
Los Angeles,2020-12-26,2523,87510,2179,82102,344,5408,0,0,2523,87516,1,3,2523,87519,California
Los Angeles,2020-12-27,1757,89267,1027,83129,730,6138,0,0,1757,89273,0,3,1757,89276,California
Los Angeles,2020-12-28,10288,99555,6383,89512,3905,10043,0,0,10286,99558,1,4,10286,99562,California
Los Angeles,2020-12-29,11598,111153,6077,95589,5521,15564,0,0,11600,111158,0,4,11600,111162,California
Los Angeles,2020-12-30,14865,126018,8089,103678,6776,22340,0,0,14864,126022,0,4,14864,126026,California
Los Angeles,2020-12-31,7934,133952,2755,106433,5179,27519,0,0,7931,133951,2,6,7931,133957,California
Los Angeles,2021-01-01,1005,134957,272,106705,733,28252,0,0,1005,134956,0,6,1005,134962,California
Los Angeles,2021-01-02,4463,139420,1658,108363,2805,31057,0,0,4463,139419,0,6,4463,139425,California
Los Angeles,2021-01-03,948,140368,213,108576,735,31792,0,0,947,140365,1,7,947,140372,California
Los Angeles,2021-01-04,12712,153080,4885,113461,7827,39619,0,0,12698,153060,3,10,12698,153070,California
Los Angeles,2021-01-05,16049,169129,7087,120548,8962,48581,0,0,14148,165337,1874,1884,14151,167221,California
Los Angeles,2021-01-06,22680,191809,12080,132628,10600,59181,0,0,17086,176904,5526,7410,17093,184314,California
Los Angeles,2021-01-07,29370,221179,15814,148442,13556,72737,0,0,18860,185312,10466,17876,18874,203188,California
Los Angeles,2021-01-08,33117,254296,17900,166342,15217,87954,0,0,20893,194015,12198,30074,20901,224089,California
Los Angeles,2021-01-09,12372,266668,7081,173423,5291,93245,0,0,7504,196659,4866,34940,7510,231599,California
Los Angeles,2021-01-10,4683,271351,3634,177057,1049,94294,0,0,1948,195873,2735,37675,1949,233548,California
Los Angeles,2021-01-11,25804,297155,16253,193310,9551,103845,0,0,14868,199824,10925,48600,14876,248424,California
Los Angeles,2021-01-12,29233,326388,16082,209392,13151,116996,0,0,19099,208819,10116,58716,19111,267535,California
Los Angeles,2021-01-13,29277,355665,15639,225031,13638,130634,0,0,20331,220226,8928,67644,20335,287870,California
Los Angeles,2021-01-14,29256,384921,12723,237754,16533,147167,0,0,23749,238497,5488,73132,23759,311629,California
Los Angeles,2021-01-15,33820,418741,12372,250126,21448,168615,0,0,30245,265200,3550,76682,30253,341882,California
Los Angeles,2021-01-16,17559,436300,4965,255091,12594,181209,0,0,15782,279217,1769,78451,15786,357668,California
Los Angeles,2021-01-17,5194,441494,2312,257403,2882,184091,0,0,4948,283922,245,78696,4950,362618,California
Los Angeles,2021-01-18,15587,457081,10065,267468,5522,189613,0,0,10881,290111,4694,83390,10883,373501,California
Los Angeles,2021-01-19,38466,495547,20578,288046,17888,207501,0,0,30668,313032,7757,91147,30678,404179,California
Los Angeles,2021-01-20,45779,541326,23922,311968,21857,229358,0,0,38291,343875,7458,98605,38301,442480,California
Los Angeles,2021-01-21,48743,590069,22460,334428,26283,255641,0,0,44470,384149,4210,102815,44484,486964,California
Los Angeles,2021-01-22,47931,638000,22240,356668,25691,281332,0,0,44502,425277,3384,106199,44512,531476,California
Los Angeles,2021-01-23,33977,671977,15716,372384,18261,299593,0,0,31923,455191,2021,108220,31935,563411,California
Los Angeles,2021-01-24,15738,687715,12214,384598,3524,303117,0,0,15190,469842,540,108760,15191,578602,California
Los Angeles,2021-01-25,38786,726501,16464,401062,22322,325439,0,0,30285,491671,8472,117232,30301,608903,California
Los Angeles,2021-01-26,49283,775784,24480,425542,24803,350242,0,0,41092,524626,8156,125388,41111,650014,California
Los Angeles,2021-01-27,48560,824344,25843,451385,22717,372959,0,0,39316,554852,9109,134497,39335,689349,California
Los Angeles,2021-01-28,48628,872972,23125,474510,25503,398462,0,0,40205,586770,8301,142798,40219,729568,California
Los Angeles,2021-01-29,49285,922257,25421,499931,23864,422326,0,0,39225,616304,9706,152504,39240,768808,California
Los Angeles,2021-01-30,30004,952261,15410,515341,14594,436920,0,0,25850,638081,4077,156581,25854,794662,California
Los Angeles,2021-01-31,13026,965287,10385,525726,2641,439561,0,0,12096,649264,917,157498,12100,806762,California
Los Angeles,2021-02-01,38084,1003371,16237,541963,21847,461408,0,0,27800,666823,10251,167749,27810,834572,California
Los Angeles,2021-02-02,44240,1047611,17903,559866,26337,487745,0,0,32054,686735,12145,179894,32057,866629,California
Los Angeles,2021-02-03,52146,1099757,19576,579442,32570,520315,0,0,37259,709351,14649,194543,37265,903894,California
Los Angeles,2021-02-04,57186,1156943,20708,600150,36478,556793,0,0,39076,730639,17802,212345,39090,942984,California
Los Angeles,2021-02-05,61213,1218156,21061,621211,40152,596945,0,0,39291,748434,21503,233848,39298,982282,California
Los Angeles,2021-02-06,35509,1253665,13308,634519,22201,619146,0,0,27071,767162,8365,242213,27093,1009375,California
Los Angeles,2021-02-07,10821,1264486,8398,642917,2423,621569,0,0,8419,773200,2387,244600,8425,1017800,California
Los Angeles,2021-02-08,46739,1311225,21509,664426,25230,646799,0,0,30575,787749,16028,260628,30577,1048377,California
Los Angeles,2021-02-09,55770,1366995,24600,689026,31170,677969,0,0,28375,788811,27320,287948,28382,1076759,California
Los Angeles,2021-02-10,66922,1433917,29416,718442,37506,715475,0,0,30842,783957,35705,323653,30851,1107610,California
Los Angeles,2021-02-11,58008,1491925,30875,749317,27133,742608,0,0,28012,782419,29554,353207,28016,1135626,California
Los Angeles,2021-02-12,59529,1551454,29790,779107,29739,772347,0,0,25964,775173,33226,386433,25980,1161606,California
Los Angeles,2021-02-13,33788,1585242,19609,798716,14179,786526,0,0,15455,772418,18248,404681,15493,1177099,California
Los Angeles,2021-02-14,21885,1607127,14972,813688,6913,793439,0,0,8782,768160,13043,417724,8785,1185884,California
Los Angeles,2021-02-15,32446,1639573,15860,829548,16586,810025,0,0,17796,771375,14587,432311,17802,1203686,California
Los Angeles,2021-02-16,63988,1703561,32510,862058,31478,841503,0,0,29844,767174,34057,466368,29856,1233542,California
Los Angeles,2021-02-17,64477,1768038,34296,896354,30181,871684,0,0,26391,755659,37913,504281,26398,1259940,California
Los Angeles,2021-02-18,68281,1836319,34699,931053,33582,905266,0,0,28574,744713,39530,543811,28584,1288524,California
Los Angeles,2021-02-19,58068,1894387,35878,966931,22190,927456,0,0,28453,743665,29516,573327,28468,1316992,California
Los Angeles,2021-02-20,32759,1927146,23823,990754,8936,936392,0,0,15739,742436,16976,590303,15747,1332739,California
Los Angeles,2021-02-21,16767,1943913,15111,1005865,1656,938048,0,0,8525,742760,8204,598507,8528,1341267,California
Los Angeles,2021-02-22,34338,1978251,24988,1030853,9350,947398,0,0,17743,743992,16522,615029,17754,1359021,California
Los Angeles,2021-02-23,53698,2031949,22797,1053650,30901,978299,0,0,21159,732731,32432,647461,21171,1380192,California
Los Angeles,2021-02-24,64303,2096252,28420,1082070,35883,1014182,0,0,28324,725263,35810,683271,28342,1408534,California
Los Angeles,2021-02-25,73575,2169827,33771,1115841,39804,1053986,0,0,38591,729041,34825,718096,38603,1447137,California
Los Angeles,2021-02-26,82842,2252669,38610,1154451,44232,1098218,0,0,47363,741185,35247,753343,47391,1494528,California
Los Angeles,2021-02-27,58712,2311381,25031,1179482,33677,1131895,4,4,30005,742654,28563,781906,30032,1524560,California
Los Angeles,2021-02-28,26832,2338213,18515,1197997,8316,1140211,1,5,18863,753657,7868,789774,18871,1543431,California
Los Angeles,2021-03-01,55669,2393882,31198,1229195,24452,1164663,19,24,33757,765697,21751,811525,33791,1577222,California
Los Angeles,2021-03-02,71058,2464940,31535,1260730,39521,1204184,2,26,43438,781651,27497,839022,43451,1620673,California
Los Angeles,2021-03-03,82798,2547738,41637,1302367,41151,1245335,10,36,52051,803142,30592,869614,52083,1672756,California
Los Angeles,2021-03-04,89683,2637421,45777,1348144,43895,1289230,11,47,56589,826845,32915,902529,56618,1729374,California
Los Angeles,2021-03-05,87712,2725133,42678,1390822,45005,1334235,29,76,58445,856263,29089,931618,58507,1787881,California
Los Angeles,2021-03-06,66212,2791345,33280,1424102,31115,1365350,1817,1893,42646,877307,23424,955042,44468,1832349,California
Los Angeles,2021-03-07,25708,2817053,19320,1443422,5587,1370937,801,2694,19821,892066,5860,960902,20619,1852968,California
Los Angeles,2021-03-08,51401,2868454,26692,1470114,22763,1393700,1946,4640,38639,919984,12664,973566,40582,1893550,California
Los Angeles,2021-03-09,69021,2937475,26484,1496598,39261,1432961,3276,7916,41255,936890,27617,1001183,44523,1938073,California
Los Angeles,2021-03-10,79223,3016698,37360,1533958,36993,1469954,4870,12786,49636,961929,29429,1030612,54468,1992541,California
Los Angeles,2021-03-11,92284,3108982,44989,1578947,40621,1510575,6674,19460,54039,984537,38066,1068678,60674,2053215,California
Los Angeles,2021-03-12,97175,3206157,43234,1622181,40113,1550688,13828,33288,56517,1014358,40476,1109154,70297,2123512,California
Los Angeles,2021-03-13,74043,3280200,34473,1656654,27673,1578361,11897,45185,44005,1040287,29931,1139085,55860,2179372,California
Los Angeles,2021-03-14,38096,3318296,25419,1682073,10216,1588577,2461,47646,25500,1055693,12533,1151618,27939,2207311,California
Los Angeles,2021-03-15,73517,3391813,35553,1717626,32632,1621209,5332,52978,44866,1077406,28465,1180083,50178,2257489,California
Los Angeles,2021-03-16,98485,3490298,42642,1760268,50075,1671284,5768,58746,64373,1113579,33930,1214013,70103,2327592,California
Los Angeles,2021-03-17,95449,3585747,42975,1803243,44269,1715553,8205,66951,64171,1154762,31084,1245097,72267,2399859,California
Los Angeles,2021-03-18,100053,3685800,47392,1850635,47458,1763011,5203,72154,63824,1187816,35962,1281059,69016,2468875,California
Los Angeles,2021-03-19,106547,3792347,55150,1905785,46724,1809735,4673,76827,66245,1218645,40041,1321100,70870,2539745,California
Los Angeles,2021-03-20,75099,3867446,36604,1942389,33984,1843719,4511,81338,52045,1252299,22886,1343986,56540,2596285,California
Los Angeles,2021-03-21,33578,3901024,24782,1967171,7952,1851671,844,82182,21802,1263276,11668,1355654,22645,2618930,California
Los Angeles,2021-03-22,69432,3970456,40559,2007730,26870,1878541,2003,84185,49341,1294767,19850,1375504,51341,2670271,California
Los Angeles,2021-03-23,94883,4065339,50872,2058602,40953,1919494,3058,87243,62875,1328918,31770,1407274,65921,2736192,California
Los Angeles,2021-03-24,103544,4168883,54734,2113336,45859,1965353,2951,90194,61485,1351581,41761,1449035,64424,2800616,California
Los Angeles,2021-03-25,108581,4277464,57993,2171329,46895,2012248,3693,93887,62371,1371685,45944,1494979,66048,2866664,California
Los Angeles,2021-03-26,112403,4389867,61401,2232730,46899,2059147,4103,97990,64025,1391663,48126,1543105,68104,2934768,California
Los Angeles,2021-03-27,82035,4471902,42975,2275705,36933,2096080,2127,100117,42917,1397823,38886,1581991,45046,2979814,California
Los Angeles,2021-03-28,40882,4512784,27341,2303046,12958,2109038,583,100700,20779,1399178,20006,1601997,21361,3001175,California
Los Angeles,2021-03-29,81439,4594223,45936,2348982,33903,2142941,1600,102300,46684,1412887,34570,1636567,48279,3049454,California
Los Angeles,2021-03-30,106998,4701221,50425,2399407,50825,2193766,5748,108048,65597,1443018,41187,1677754,71318,3120772,California
Los Angeles,2021-03-31,120025,4821246,60299,2459706,51215,2244981,8511,116559,70269,1472271,49501,1727255,78754,3199526,California
Los Angeles,2021-04-01,130468,4951714,60930,2520636,54709,2299690,14829,131388,71008,1498860,59190,1786445,85779,3285305,California
Los Angeles,2021-04-02,128476,5080190,56881,2577517,56715,2356405,14880,146268,69028,1523597,59148,1845593,83885,3369190,California
Los Angeles,2021-04-03,96407,5176597,43893,2621410,39461,2395866,13053,159321,48046,1536457,48195,1893788,61055,3430245,California
Los Angeles,2021-04-04,38950,5215547,20355,2641765,12001,2407867,6594,165915,16700,1537537,22182,1915970,23262,3453507,California
Los Angeles,2021-04-05,93178,5308725,44110,2685875,38943,2446810,10125,176040,44862,1544332,48138,1964108,54933,3508440,California
Los Angeles,2021-04-06,120183,5428908,56578,2742453,43456,2490266,20149,196189,55831,1556081,64125,2028233,75874,3584314,California
Los Angeles,2021-04-07,118664,5547572,53986,2796439,43762,2534028,20916,217105,54298,1567051,64139,2092372,75109,3659423,California
Los Angeles,2021-04-08,131267,5678839,57809,2854248,49564,2583592,23894,240999,59883,1579580,71124,2163496,83653,3743076,California
Los Angeles,2021-04-09,129649,5808488,56063,2910311,49813,2633405,23773,264772,56218,1586281,73165,2236661,79866,3822942,California
Los Angeles,2021-04-10,100636,5909124,42745,2953056,34020,2667425,23871,288643,37340,1584309,63083,2299744,61111,3884053,California
Los Angeles,2021-04-11,41582,5950706,22483,2975539,9589,2677014,9510,298153,14487,1581236,27026,2326770,23953,3908006,California
Los Angeles,2021-04-12,78314,6029020,38352,3013891,33690,2710704,6272,304425,32666,1574660,45463,2372233,38887,3946893,California
Los Angeles,2021-04-13,116752,6145772,58773,3072664,57560,2768264,419,304844,61866,1582274,54676,2426909,62290,4009183,California
Los Angeles,2021-04-14,116762,6262534,58786,3131450,57848,2826112,128,304972,63516,1592910,53002,2479911,63638,4072821,California
Los Angeles,2021-04-15,127506,6390040,69190,3200640,58146,2884258,170,305142,73018,1611724,54246,2534157,73060,4145881,California
Los Angeles,2021-04-16,127956,6517996,68133,3268773,59682,2943940,141,305283,67658,1619407,60047,2594204,67730,4213611,California
Los Angeles,2021-04-17,96629,6614625,50617,3319390,45987,2989927,25,305308,54986,1632957,41459,2635663,55009,4268620,California
Los Angeles,2021-04-18,33768,6648393,22399,3341789,11368,3001295,1,305309,18660,1636580,15043,2650706,18666,4287286,California
Los Angeles,2021-04-19,74323,6722716,39510,3381299,34803,3036098,10,305319,33303,1629033,40868,2691574,33321,4320607,California
Los Angeles,2021-04-20,101021,6823737,49572,3430871,51431,3087529,18,305337,50219,1628683,50588,2742162,50238,4370845,California
Los Angeles,2021-04-21,108508,6932245,52157,3483028,56163,3143692,188,305525,48224,1617082,60015,2802177,48414,4419259,California
Los Angeles,2021-04-22,114184,7046429,58919,3541947,55231,3198923,34,305559,50120,1603452,63789,2865966,50159,4469418,California
Los Angeles,2021-04-23,113052,7159481,62037,3603984,50999,3249922,16,305575,53842,1598375,58937,2924903,53860,4523278,California
Los Angeles,2021-04-24,87492,7246973,56248,3660232,31218,3281140,26,305601,48811,1608741,38477,2963380,48843,4572121,California
Los Angeles,2021-04-25,37744,7284717,25084,3685316,12655,3293795,5,305606,20413,1611919,17240,2980620,20418,4592539,California
Los Angeles,2021-04-26,66925,7351642,35950,3721266,30529,3324324,446,306052,33132,1611872,33619,3014239,33572,4626111,California
Los Angeles,2021-04-27,83949,7435591,40281,3761547,41993,3366317,1675,307727,31855,1593535,51858,3066097,33521,4659632,California
Los Angeles,2021-04-28,84196,7519787,40763,3802310,41422,3407739,2011,309738,32834,1577270,51103,3117200,34838,4694470,California
Los Angeles,2021-04-29,90506,7610293,45287,3847597,43116,3450855,2103,311841,32114,1553422,58067,3175267,34219,4728689,California
Los Angeles,2021-04-30,98327,7708620,48860,3896457,47100,3497955,2367,314208,35809,1529431,62154,3237421,38163,4766852,California
Los Angeles,2021-05-01,74635,7783255,42039,3938496,31106,3529061,1490,315698,28239,1512981,46175,3283596,29725,4796577,California
Los Angeles,2021-05-02,27898,7811153,17899,3956395,9265,3538326,734,316432,10097,1506119,17691,3301287,10829,4807406,California
Los Angeles,2021-05-03,59889,7871042,29397,3985792,28336,3566662,2156,318588,20964,1490510,38719,3340006,23110,4830516,California
Los Angeles,2021-05-04,84404,7955446,46522,4032314,35700,3602362,2182,320770,25788,1460132,58341,3398347,27963,4858479,California
Los Angeles,2021-05-05,74972,8030418,46523,4078837,26200,3628562,2249,323019,21057,1429778,53648,3451995,23294,4881773,California
Los Angeles,2021-05-06,81943,8112361,51691,4130528,27862,3656424,2390,325409,19873,1390272,61750,3513745,22244,4904017,California
Los Angeles,2021-05-07,81448,8193809,51059,4181587,28158,3684582,2231,327640,22349,1356030,58812,3572557,24570,4928587,California
Los Angeles,2021-05-08,55965,8249774,38413,4220000,15960,3700542,1592,329232,15131,1332332,40412,3612969,16714,4945301,California
Los Angeles,2021-05-09,22386,8272160,17363,4237363,4299,3704841,724,329956,5896,1322657,16292,3629261,6617,4951918,California
Los Angeles,2021-05-10,37872,8310032,22005,4259368,14144,3718985,1723,331679,12242,1311237,25377,3654638,13957,4965875,California
Los Angeles,2021-05-11,46868,8356900,26863,4286231,18799,3737784,1206,332885,11376,1288489,35313,3689951,12565,4978440,California
Los Angeles,2021-05-12,35373,8392273,22026,4308257,12291,3750075,1056,333941,8181,1270668,27051,3717002,9230,4987670,California
Madera,2020-12-16,22,22,22,22,0,0,0,0,22,22,0,0,22,22,California
Madera,2020-12-17,13,35,13,35,0,0,0,0,13,35,0,0,13,35,California
Madera,2020-12-18,60,95,60,95,0,0,0,0,60,95,0,0,60,95,California
Madera,2020-12-19,5,100,5,100,0,0,0,0,5,100,0,0,5,100,California
Madera,2020-12-20,14,114,14,114,0,0,0,0,14,114,0,0,14,114,California
Madera,2020-12-21,60,174,60,174,0,0,0,0,60,174,0,0,60,174,California
Madera,2020-12-22,97,271,95,269,2,2,0,0,97,271,0,0,97,271,California
Madera,2020-12-23,67,338,67,336,0,2,0,0,67,338,0,0,67,338,California
Madera,2020-12-24,45,383,40,376,5,7,0,0,45,383,0,0,45,383,California
Madera,2020-12-26,28,411,26,402,2,9,0,0,28,411,0,0,28,411,California
Madera,2020-12-27,30,441,12,414,18,27,0,0,30,441,0,0,30,441,California
Madera,2020-12-28,107,548,37,451,70,97,0,0,107,548,0,0,107,548,California
Madera,2020-12-29,175,723,40,491,135,232,0,0,175,723,0,0,175,723,California
Madera,2020-12-30,218,941,86,577,132,364,0,0,218,941,0,0,218,941,California
Madera,2020-12-31,201,1142,80,657,121,485,0,0,201,1142,0,0,201,1142,California
Madera,2021-01-01,1,1143,1,658,0,485,0,0,1,1143,0,0,1,1143,California
Madera,2021-01-02,89,1232,33,691,56,541,0,0,89,1232,0,0,89,1232,California
Madera,2021-01-03,5,1237,5,696,0,541,0,0,5,1237,0,0,5,1237,California
Madera,2021-01-04,129,1366,65,761,64,605,0,0,129,1366,0,0,129,1366,California
Madera,2021-01-05,279,1645,143,904,136,741,0,0,275,1637,4,4,275,1641,California
Madera,2021-01-06,184,1829,27,931,157,898,0,0,164,1781,20,24,164,1805,California
Madera,2021-01-07,396,2225,113,1044,283,1181,0,0,374,2133,22,46,374,2179,California
Madera,2021-01-08,418,2643,72,1116,346,1527,0,0,363,2443,54,100,364,2543,California
Madera,2021-01-09,37,2680,14,1130,23,1550,0,0,28,2462,9,109,28,2571,California
Madera,2021-01-10,17,2697,14,1144,3,1553,0,0,5,2455,12,121,5,2576,California
Madera,2021-01-11,237,2934,189,1333,48,1601,0,0,195,2608,42,163,195,2771,California
Madera,2021-01-12,391,3325,158,1491,233,1834,0,0,285,2787,106,269,285,3056,California
Madera,2021-01-13,185,3510,91,1582,94,1928,0,0,129,2861,56,325,130,3186,California
Madera,2021-01-14,554,4064,82,1664,472,2400,0,0,520,3347,34,359,520,3706,California
Madera,2021-01-15,600,4664,160,1824,440,2840,0,0,579,3905,21,380,579,4285,California
Madera,2021-01-16,382,5046,47,1871,335,3175,0,0,353,4229,29,409,353,4638,California
Madera,2021-01-17,335,5381,15,1886,320,3495,0,0,331,4556,4,413,331,4969,California
Madera,2021-01-18,77,5458,61,1947,16,3511,0,0,58,4596,18,431,58,5027,California
Madera,2021-01-19,572,6030,135,2082,437,3948,0,0,545,5115,27,458,546,5573,California
Madera,2021-01-20,235,6265,80,2162,155,4103,0,0,207,5295,27,485,207,5780,California
Madera,2021-01-21,238,6503,131,2293,107,4210,0,0,205,5469,31,516,205,5985,California
Madera,2021-01-22,257,6760,83,2376,174,4384,0,0,243,5698,14,530,243,6228,California
Madera,2021-01-23,100,6860,52,2428,48,4432,0,0,76,5750,24,554,76,6304,California
Madera,2021-01-24,101,6961,82,2510,19,4451,0,0,78,5805,23,577,78,6382,California
Madera,2021-01-25,255,7216,124,2634,131,4582,0,0,141,5832,114,691,141,6523,California
Madera,2021-01-26,483,7699,189,2823,294,4876,0,0,294,5939,188,879,295,6818,California
Madera,2021-01-27,737,8436,63,2886,674,5550,0,0,600,6404,137,1016,602,7420,California
Madera,2021-01-28,543,8979,107,2993,436,5986,0,0,440,6741,103,1119,440,7860,California
Madera,2021-01-29,468,9447,95,3088,373,6359,0,0,412,7097,56,1175,412,8272,California
Madera,2021-01-30,505,9952,16,3104,489,6848,0,0,451,7494,54,1229,451,8723,California
Madera,2021-01-31,9,9961,6,3110,3,6851,0,0,8,7501,1,1230,8,8731,California
Madera,2021-02-01,258,10219,73,3183,185,7036,0,0,198,7639,60,1290,198,8929,California
Madera,2021-02-02,251,10470,87,3270,164,7200,0,0,161,7712,89,1379,162,9091,California
Madera,2021-02-03,594,11064,460,3730,134,7334,0,0,474,8069,118,1497,475,9566,California
Madera,2021-02-04,389,11453,121,3851,268,7602,0,0,112,7906,276,1773,113,9679,California
Madera,2021-02-05,975,12428,297,4148,678,8280,0,0,369,7675,601,2374,370,10049,California
Madera,2021-02-06,359,12787,324,4472,35,8315,0,0,320,7957,38,2412,320,10369,California
Madera,2021-02-07,35,12822,7,4479,28,8343,0,0,30,7982,5,2417,30,10399,California
Madera,2021-02-08,384,13206,308,4787,76,8419,0,0,270,8139,113,2530,270,10669,California
Madera,2021-02-09,480,13686,119,4906,361,8780,0,0,198,8059,279,2809,199,10868,California
Madera,2021-02-10,431,14117,149,5055,282,9062,0,0,325,8278,106,2915,325,11193,California
Madera,2021-02-11,935,15052,307,5362,628,9690,0,0,406,8157,528,3443,407,11600,California
Madera,2021-02-12,844,15896,120,5482,724,10414,0,0,311,7944,527,3970,314,11914,California
Madera,2021-02-13,485,16381,44,5526,441,10855,0,0,139,7740,345,4315,141,12055,California
Madera,2021-02-14,399,16780,75,5601,324,11179,0,0,137,7616,262,4577,138,12193,California
Madera,2021-02-15,244,17024,98,5699,146,11325,0,0,175,7723,68,4645,175,12368,California
Madera,2021-02-16,775,17799,183,5882,592,11917,0,0,229,7409,544,5189,230,12598,California
Madera,2021-02-17,609,18408,274,6156,335,12252,0,0,339,7485,265,5454,341,12939,California
Madera,2021-02-18,1299,19707,540,6696,759,13011,0,0,1120,8427,179,5633,1121,14060,California
Madera,2021-02-19,861,20568,545,7241,316,13327,0,0,719,9005,142,5775,720,14780,California
Madera,2021-02-20,1070,21638,979,8220,91,13418,0,0,999,9935,70,5845,1000,15780,California
Madera,2021-02-21,962,22600,819,9039,143,13561,0,0,957,10887,5,5850,957,16737,California
Madera,2021-02-22,909,23509,833,9872,76,13637,0,0,855,11688,54,5904,855,17592,California
Madera,2021-02-23,770,24279,497,10369,273,13910,0,0,550,12019,219,6123,550,18142,California
Madera,2021-02-24,906,25185,299,10668,607,14517,0,0,377,11868,528,6651,377,18519,California
Madera,2021-02-25,1017,26202,306,10974,711,15228,0,0,587,12027,428,7079,587,19106,California
Madera,2021-02-26,1074,27276,185,11159,889,16117,0,0,698,12351,374,7453,698,19804,California
Madera,2021-02-27,872,28148,245,11404,627,16744,0,0,449,12383,420,7873,452,20256,California
Madera,2021-02-28,189,28337,29,11433,160,16904,0,0,183,12560,6,7879,183,20439,California
Madera,2021-03-01,374,28711,120,11553,254,17158,0,0,194,12576,178,8057,194,20633,California
Madera,2021-03-02,655,29366,269,11822,386,17544,0,0,541,13004,114,8171,542,21175,California
Madera,2021-03-03,1329,30695,707,12529,622,18166,0,0,927,13556,399,8570,951,22126,California
Madera,2021-03-04,1179,31874,506,13035,673,18839,0,0,934,14247,246,8816,937,23063,California
Madera,2021-03-05,1329,33203,407,13442,909,19748,13,13,1064,15072,263,9079,1088,24151,California
Madera,2021-03-06,802,34005,621,14063,149,19897,32,45,484,15272,317,9396,517,24668,California
Madera,2021-03-07,153,34158,27,14090,104,20001,22,67,103,15347,50,9446,125,24793,California
Madera,2021-03-08,597,34755,336,14426,202,20203,59,126,304,15419,293,9739,365,25158,California
Madera,2021-03-09,457,35212,160,14586,263,20466,34,160,279,15564,176,9915,321,25479,California
Madera,2021-03-10,1138,36350,513,15099,547,21013,78,238,709,15927,425,10340,788,26267,California
Madera,2021-03-11,1660,38010,844,15943,484,21497,332,570,749,16110,909,11249,1092,27359,California
Madera,2021-03-12,1531,39541,779,16722,597,22094,155,725,753,16267,776,12025,933,28292,California
Madera,2021-03-13,1811,41352,1268,17990,345,22439,198,923,745,16162,1064,13089,959,29251,California
Madera,2021-03-14,583,41935,448,18438,102,22541,33,956,293,16201,287,13376,326,29577,California
Madera,2021-03-15,737,42672,220,18658,470,23011,47,1003,513,16565,221,13597,585,30162,California
Madera,2021-03-16,825,43497,422,19080,356,23367,47,1050,642,17091,180,13777,706,30868,California
Madera,2021-03-17,1413,44910,932,20012,419,23786,62,1112,861,17560,544,14321,1013,31881,California
Madera,2021-03-18,1875,46785,649,20661,1166,24952,60,1172,911,17658,957,15278,1055,32936,California
Madera,2021-03-19,1521,48306,587,21248,850,25802,84,1256,987,18266,528,15806,1136,34072,California
Madera,2021-03-20,1130,49436,772,22020,307,26109,51,1307,580,18397,548,16354,679,34751,California
Madera,2021-03-21,1073,50509,872,22892,156,26265,45,1352,357,18087,713,17067,403,35154,California
Madera,2021-03-22,1359,51868,851,23743,440,26705,68,1420,686,18213,670,17737,796,35950,California
Madera,2021-03-23,1397,53265,840,24583,466,27171,91,1511,735,18462,659,18396,908,36858,California
Madera,2021-03-24,907,54172,471,25054,405,27576,31,1542,602,18796,303,18699,637,37495,California
Madera,2021-03-25,1126,55298,491,25545,611,28187,24,1566,647,19012,468,19167,684,38179,California
Madera,2021-03-26,1439,56737,510,26055,797,28984,132,1698,673,19060,760,19927,808,38987,California
Madera,2021-03-27,831,57568,530,26585,279,29263,22,1720,373,19004,452,20379,396,39383,California
Madera,2021-03-28,419,57987,136,26721,222,29485,61,1781,229,19158,189,20568,343,39726,California
Madera,2021-03-29,680,58667,179,26900,474,29959,27,1808,488,19489,188,20756,519,40245,California
Madera,2021-03-30,1017,59684,561,27461,424,30383,32,1840,557,19622,457,21213,590,40835,California
Madera,2021-03-31,1322,61006,489,27950,698,31081,135,1975,447,19336,869,22082,583,41418,California
Madera,2021-04-01,1249,62255,538,28488,661,31742,50,2025,441,19022,803,22885,489,41907,California
Madera,2021-04-02,1538,63793,409,28897,1070,32812,59,2084,471,18497,1056,23941,531,42438,California
Madera,2021-04-03,880,64673,684,29581,176,32988,20,2104,383,18414,495,24436,412,42850,California
Madera,2021-04-04,184,64857,65,29646,117,33105,2,2106,85,18402,99,24535,87,42937,California
Madera,2021-04-05,734,65591,255,29901,421,33526,58,2164,340,18421,393,24928,412,43349,California
Madera,2021-04-06,1692,67283,879,30780,464,33990,349,2513,634,18347,1056,25984,982,44331,California
Madera,2021-04-07,1199,68482,371,31151,679,34669,149,2662,456,18217,740,26724,610,44941,California
Madera,2021-04-08,1697,70179,655,31806,786,35455,256,2918,568,17925,1122,27846,830,45771,California
Madera,2021-04-09,1612,71791,673,32479,790,36245,149,3067,940,18351,666,28512,1092,46863,California
Madera,2021-04-10,954,72745,679,33158,208,36453,67,3134,709,18882,246,28758,777,47640,California
Madera,2021-04-11,791,73536,639,33797,73,36526,79,3213,301,18772,487,29245,377,48017,California
Madera,2021-04-12,778,74314,265,34062,435,36961,78,3291,301,18675,477,29722,380,48397,California
Madera,2021-04-13,1235,75549,610,34672,584,37545,41,3332,728,18949,505,30227,779,49176,California
Madera,2021-04-14,1363,76912,838,35510,525,38070,0,3332,582,18754,783,31010,588,49764,California
Madera,2021-04-15,1123,78035,470,35980,652,38722,1,3333,448,18540,664,31674,450,50214,California
Madera,2021-04-16,1282,79317,519,36499,763,39485,0,3333,443,18156,828,32502,444,50658,California
Madera,2021-04-17,1264,80581,1065,37564,199,39684,0,3333,825,18542,439,32941,825,51483,California
Madera,2021-04-18,244,80825,207,37771,37,39721,0,3333,99,18497,144,33085,99,51582,California
Madera,2021-04-19,798,81623,232,38003,565,40286,1,3334,270,18247,521,33606,271,51853,California
Madera,2021-04-20,865,82488,423,38426,442,40728,0,3334,237,17861,625,34231,239,52092,California
Madera,2021-04-21,854,83342,447,38873,407,41135,0,3334,297,17605,555,34786,299,52391,California
Madera,2021-04-22,1059,84401,510,39383,549,41684,0,3334,393,17337,662,35448,394,52785,California
Madera,2021-04-23,961,85362,306,39689,654,42338,1,3335,347,17076,609,36057,348,53133,California
Madera,2021-04-24,703,86065,464,40153,239,42577,0,3335,283,16944,416,36473,284,53417,California
Madera,2021-04-25,265,86330,161,40314,101,42678,3,3338,118,16923,143,36616,122,53539,California
Madera,2021-04-26,506,86836,89,40403,411,43089,6,3344,104,16633,400,37016,110,53649,California
Madera,2021-04-27,556,87392,257,40660,278,43367,21,3365,297,16694,258,37274,319,53968,California
Madera,2021-04-28,474,87866,197,40857,258,43625,19,3384,236,16712,236,37510,254,54222,California
Madera,2021-04-29,516,88382,240,41097,249,43874,27,3411,251,16732,258,37768,278,54500,California
Madera,2021-04-30,922,89304,505,41602,401,44275,16,3427,262,16354,656,38424,278,54778,California
Madera,2021-05-01,956,90260,864,42466,79,44354,13,3440,388,16187,568,38992,401,55179,California
Madera,2021-05-02,398,90658,350,42816,44,44398,4,3444,149,16091,249,39241,153,55332,California
Madera,2021-05-03,501,91159,200,43016,260,44658,41,3485,99,15832,399,39640,140,55472,California
Madera,2021-05-04,874,92033,429,43445,403,45061,42,3527,211,15422,663,40303,253,55725,California
Madera,2021-05-05,997,93030,477,43922,461,45522,59,3586,278,15043,717,41020,338,56063,California
Madera,2021-05-06,692,93722,240,44162,418,45940,34,3620,156,14702,531,41551,190,56253,California
Madera,2021-05-07,804,94526,275,44437,507,46447,22,3642,194,14314,603,42154,215,56468,California
Madera,2021-05-08,968,95494,755,45192,203,46650,10,3652,187,13732,779,42933,197,56665,California
Madera,2021-05-09,142,95636,17,45209,114,46764,11,3663,30,13662,111,43044,41,56706,California
Madera,2021-05-10,347,95983,78,45287,256,47020,13,3676,104,13538,241,43285,117,56823,California
Madera,2021-05-11,469,96452,161,45448,302,47322,6,3682,139,13355,328,43613,145,56968,California
Madera,2021-05-12,379,96831,180,45628,171,47493,28,3710,77,13161,299,43912,105,57073,California
Marin,2020-12-15,2,2,2,2,0,0,0,0,2,2,0,0,2,2,California
Marin,2020-12-16,107,109,107,109,0,0,0,0,107,109,0,0,107,109,California
Marin,2020-12-17,260,369,260,369,0,0,0,0,260,369,0,0,260,369,California
Marin,2020-12-18,373,742,373,742,0,0,0,0,373,742,0,0,373,742,California
Marin,2020-12-19,349,1091,348,1090,1,1,0,0,349,1091,0,0,349,1091,California
Marin,2020-12-20,167,1258,166,1256,1,2,0,0,167,1258,0,0,167,1258,California
Marin,2020-12-21,238,1496,235,1491,3,5,0,0,238,1496,0,0,238,1496,California
Marin,2020-12-22,521,2017,317,1808,204,209,0,0,521,2017,0,0,521,2017,California
Marin,2020-12-23,730,2747,321,2129,409,618,0,0,730,2747,0,0,730,2747,California
Marin,2020-12-24,357,3104,159,2288,198,816,0,0,357,3104,0,0,357,3104,California
Marin,2020-12-25,27,3131,0,2288,27,843,0,0,27,3131,0,0,27,3131,California
Marin,2020-12-26,143,3274,93,2381,50,893,0,0,143,3274,0,0,143,3274,California
Marin,2020-12-27,92,3366,55,2436,37,930,0,0,92,3366,0,0,92,3366,California
Marin,2020-12-28,408,3774,99,2535,309,1239,0,0,408,3774,0,0,408,3774,California
Marin,2020-12-29,402,4176,88,2623,314,1553,0,0,402,4176,0,0,402,4176,California
Marin,2020-12-30,626,4802,388,3011,238,1791,0,0,626,4802,0,0,626,4802,California
Marin,2020-12-31,197,4999,34,3045,163,1954,0,0,197,4999,0,0,197,4999,California
Marin,2021-01-01,16,5015,6,3051,10,1964,0,0,16,5015,0,0,16,5015,California
Marin,2021-01-02,108,5123,102,3153,6,1970,0,0,108,5123,0,0,108,5123,California
Marin,2021-01-03,54,5177,36,3189,18,1988,0,0,51,5174,0,0,51,5174,California
Marin,2021-01-04,296,5473,192,3381,104,2092,0,0,295,5468,1,1,295,5469,California
Marin,2021-01-05,369,5842,222,3603,147,2239,0,0,326,5751,43,44,326,5795,California
Marin,2021-01-06,819,6661,318,3921,501,2740,0,0,641,6214,178,222,641,6436,California
Marin,2021-01-07,890,7551,502,4423,388,3128,0,0,544,6412,346,568,544,6980,California
Marin,2021-01-08,971,8522,515,4938,456,3584,0,0,594,6630,376,944,594,7574,California
Marin,2021-01-09,620,9142,224,5162,396,3980,0,0,488,6986,132,1076,488,8062,California
Marin,2021-01-10,129,9271,100,5262,29,4009,0,0,55,6967,74,1150,55,8117,California
Marin,2021-01-11,468,9739,326,5588,142,4151,0,0,248,6997,220,1370,250,8367,California
Marin,2021-01-12,935,10674,538,6126,397,4548,0,0,568,7201,364,1734,568,8935,California
Marin,2021-01-13,1175,11849,498,6624,677,5225,0,0,937,7900,238,1972,937,9872,California
Marin,2021-01-14,1068,12917,318,6942,750,5975,0,0,918,8670,148,2120,918,10790,California
Marin,2021-01-15,1156,14073,354,7296,802,6777,0,0,1026,9568,129,2249,1027,11817,California
Marin,2021-01-16,1120,15193,914,8210,206,6983,0,0,1046,10540,74,2323,1046,12863,California
Marin,2021-01-17,1232,16425,1113,9323,119,7102,0,0,1203,11718,28,2351,1206,14069,California
Marin,2021-01-18,360,16785,159,9482,201,7303,0,0,309,11976,51,2402,309,14378,California
Marin,2021-01-19,1156,17941,914,10396,242,7545,0,0,984,12789,171,2573,984,15362,California
Marin,2021-01-20,1790,19731,1208,11604,582,8127,0,0,1060,13130,719,3292,1060,16422,California
Marin,2021-01-21,1685,21416,1062,12666,623,8750,0,0,1332,14114,350,3642,1334,17756,California
Marin,2021-01-22,1701,23117,1089,13755,612,9362,0,0,1533,15479,168,3810,1533,19289,California
Marin,2021-01-23,1843,24960,1341,15096,502,9864,0,0,1754,17145,88,3898,1754,21043,California
Marin,2021-01-24,615,25575,166,15262,449,10313,0,0,583,17696,32,3930,583,21626,California
Marin,2021-01-25,1128,26703,229,15491,899,11212,0,0,693,17955,435,4365,694,22320,California
Marin,2021-01-26,1505,28208,783,16274,722,11934,0,0,1130,18711,374,4739,1130,23450,California
Marin,2021-01-27,1714,29922,886,17160,828,12762,0,0,1352,19704,360,5099,1353,24803,California
Marin,2021-01-28,2079,32001,1070,18230,1009,13771,0,0,1815,21257,263,5362,1816,26619,California
Marin,2021-01-29,2195,34196,1446,19676,749,14520,0,0,1991,23057,192,5554,1992,28611,California
Marin,2021-01-30,1721,35917,906,20582,815,15335,0,0,1642,24621,79,5633,1643,30254,California
Marin,2021-01-31,457,36374,320,20902,137,15472,0,0,431,25026,26,5659,431,30685,California
Marin,2021-02-01,1090,37464,416,21318,674,16146,0,0,891,25719,199,5858,892,31577,California
Marin,2021-02-02,1353,38817,463,21781,890,17036,0,0,723,25823,619,6477,723,32300,California
Marin,2021-02-03,1782,40599,429,22210,1353,18389,0,0,1257,26556,524,7001,1257,33557,California
Marin,2021-02-04,1540,42139,513,22723,1027,19416,0,0,937,26893,600,7601,937,34494,California
Marin,2021-02-05,2179,44318,683,23406,1496,20912,0,0,1341,27400,834,8435,1341,35835,California
Marin,2021-02-06,1426,45744,850,24256,576,21488,0,0,604,27183,821,9256,604,36439,California
Marin,2021-02-07,1290,47034,1008,25264,282,21770,0,0,488,26870,801,10057,488,36927,California
Marin,2021-02-08,1521,48555,754,26018,767,22537,0,0,726,26803,793,10850,726,37653,California
Marin,2021-02-09,1783,50338,1122,27140,661,23198,0,0,835,26690,948,11798,835,38488,California
Marin,2021-02-10,2338,52676,1492,28632,846,24044,0,0,1218,26791,1118,12916,1219,39707,California
Marin,2021-02-11,2871,55547,1644,30276,1227,25271,0,0,1454,26837,1411,14327,1457,41164,California
Marin,2021-02-12,3063,58610,1540,31816,1523,26794,0,0,1563,26903,1497,15824,1563,42727,California
Marin,2021-02-13,2337,60947,1243,33059,1094,27888,0,0,1130,26828,1205,17029,1130,43857,California
Marin,2021-02-14,811,61758,302,33361,509,28397,0,0,718,27454,93,17122,719,44576,California
Marin,2021-02-15,1215,62973,355,33716,860,29257,0,0,835,27911,379,17501,836,45412,California
Marin,2021-02-16,2464,65437,1057,34773,1407,30664,0,0,1503,28454,960,18461,1503,46915,California
Marin,2021-02-17,2099,67536,942,35715,1157,31821,0,0,1086,28530,1011,19472,1087,48002,California
Marin,2021-02-18,2417,69953,1581,37296,836,32657,0,0,1059,28232,1357,20829,1059,49061,California
Marin,2021-02-19,2762,72715,2157,39453,605,33262,0,0,1220,27923,1530,22359,1221,50282,California
Marin,2021-02-20,2565,75280,2112,41565,453,33715,0,0,1216,27798,1342,23701,1217,51499,California
Marin,2021-02-21,1285,76565,1092,42657,193,33908,0,0,909,28335,372,24073,909,52408,California
Marin,2021-02-22,1828,78393,1408,44065,420,34328,0,0,1216,28941,610,24683,1216,53624,California
Marin,2021-02-23,2836,81229,1616,45681,1220,35548,0,0,1908,29932,918,25601,1909,55533,California
Marin,2021-02-24,3511,84740,1610,47291,1901,37449,0,0,2251,30931,1253,26854,2252,57785,California
Marin,2021-02-25,3932,88672,1810,49101,2122,39571,0,0,2774,32555,1151,28005,2775,60560,California
Marin,2021-02-26,3494,92166,1890,50991,1604,41175,0,0,2535,34144,947,28952,2536,63096,California
Marin,2021-02-27,2611,94777,1495,52486,1116,42291,0,0,1777,35092,831,29783,1779,64875,California
Marin,2021-02-28,1380,96157,919,53405,461,42752,0,0,1043,35801,334,30117,1043,65918,California
Marin,2021-03-01,2492,98649,1547,54952,945,43697,0,0,1675,36665,811,30928,1675,67593,California
Marin,2021-03-02,2448,101097,1610,56562,837,44534,1,1,1695,37611,750,31678,1696,69289,California
Marin,2021-03-03,4320,105417,2400,58962,1916,46450,4,5,2797,38894,1518,33196,2801,72090,California
Marin,2021-03-04,3349,108766,1653,60615,1695,48145,1,6,2336,40228,1006,34202,2340,74430,California
Marin,2021-03-05,3036,111802,1139,61754,1885,50030,12,18,1780,40768,1252,35454,1792,76222,California
Marin,2021-03-06,3227,115029,2314,64068,835,50865,78,96,2653,42929,569,36023,2730,78952,California
Marin,2021-03-07,1371,116400,1153,65221,194,51059,24,120,981,43548,386,36409,1005,79957,California
Marin,2021-03-08,1875,118275,1370,66591,388,51447,117,237,1408,44609,464,36873,1525,81482,California
Marin,2021-03-09,2100,120375,1219,67810,774,52221,107,344,1427,45472,671,37544,1534,83016,California
Marin,2021-03-10,4400,124775,2459,70269,1660,53881,281,625,3173,47705,1223,38767,3456,86472,California
Marin,2021-03-11,4567,129342,1876,72145,2556,56437,135,760,3273,49826,1287,40054,3408,89880,California
Marin,2021-03-12,3978,133320,1538,73683,2084,58521,356,1116,1566,49347,2401,42455,1922,91802,California
Marin,2021-03-13,4096,137416,2859,76542,1165,59686,72,1188,2421,50162,1673,44128,2488,94290,California
Marin,2021-03-14,2274,139690,1097,77639,1060,60746,117,1305,727,49460,1545,45673,843,95133,California
Marin,2021-03-15,3233,142923,1766,79405,1419,62165,48,1353,1220,48725,2002,47675,1267,96400,California
Marin,2021-03-16,4302,147225,2315,81720,1623,63788,364,1717,1525,47838,2774,50449,1887,98287,California
Marin,2021-03-17,4178,151403,2267,83987,1867,65655,44,1761,2056,47826,2111,52560,2099,100386,California
Marin,2021-03-18,4484,155887,2259,86246,2150,67805,75,1836,2248,47926,2220,54780,2320,102706,California
Marin,2021-03-19,4467,160354,2282,88528,1966,69771,219,2055,2429,48543,2029,56809,2646,105352,California
Marin,2021-03-20,3574,163928,1980,90508,1480,71251,114,2169,2032,49155,1535,58344,2147,107499,California
Marin,2021-03-21,1536,165464,1131,91639,380,71631,25,2194,800,49246,734,59078,825,108324,California
Marin,2021-03-22,2470,167934,2136,93775,169,71800,165,2359,994,48934,1471,60549,1159,109483,California
Marin,2021-03-23,4247,172181,2199,95974,1918,73718,130,2489,1932,48687,2309,62858,2062,111545,California
Marin,2021-03-24,4422,176603,2899,98873,1419,75137,104,2593,1802,47982,2609,65467,1904,113449,California
Marin,2021-03-25,4643,181246,2838,101711,1737,76874,68,2661,2268,47954,2362,67829,2334,115783,California
Marin,2021-03-26,4286,185532,2326,104037,1746,78620,214,2875,2419,48737,1850,69679,2633,118416,California
Marin,2021-03-27,3697,189229,2653,106690,1025,79645,19,2894,1147,47364,2540,72219,1167,119583,California
Marin,2021-03-28,2380,191609,1719,108409,655,80300,6,2900,1104,47204,1270,73489,1110,120693,California
Marin,2021-03-29,2686,194295,2092,110501,569,80869,25,2925,1185,46915,1499,74988,1210,121903,California
Marin,2021-03-30,4654,198949,3644,114145,977,81846,33,2958,3056,48409,1595,76583,3089,124992,California
Marin,2021-03-31,5798,204747,4107,118252,1642,83488,49,3007,2577,47825,3210,79793,2626,127618,California
Marin,2021-04-01,4403,209150,2271,120523,1881,85369,251,3258,2121,47922,2274,82067,2371,129989,California
Marin,2021-04-02,3697,212847,1835,122358,1499,86868,363,3621,1978,48548,1712,83779,2338,132327,California
Marin,2021-04-03,3847,216694,2524,124882,954,87822,369,3990,1471,48025,2365,86144,1842,134169,California
Marin,2021-04-04,1638,218332,1230,126112,204,88026,204,4194,1195,48983,441,86585,1399,135568,California
Marin,2021-04-05,2198,220530,1527,127639,300,88326,371,4565,1269,49697,924,87509,1638,137206,California
Marin,2021-04-06,3948,224478,2110,129749,1288,89614,550,5115,2194,50689,1749,89258,2741,139947,California
Marin,2021-04-07,3914,228392,1981,131730,1294,90908,639,5754,1428,50277,2479,91737,2067,142014,California
Marin,2021-04-08,5003,233395,1957,133687,2439,93347,607,6361,2287,50454,2707,94444,2884,144898,California
Marin,2021-04-09,3954,237349,1541,135228,1687,95034,726,7087,1303,49833,2646,97090,2025,146923,California
Marin,2021-04-10,3187,240536,1462,136690,1292,96326,433,7520,1438,49963,1739,98829,1869,148792,California
Marin,2021-04-11,1060,241596,804,137494,94,96420,162,7682,476,50018,582,99411,637,149429,California
Marin,2021-04-12,1737,243333,1237,138731,340,96760,160,7842,926,50297,808,100219,1087,150516,California
Marin,2021-04-13,3707,247040,2267,140998,1433,98193,7,7849,1343,49293,2354,102573,1350,151866,California
Marin,2021-04-14,4149,251189,2477,143475,1670,99863,2,7851,1701,48554,2441,105014,1702,153568,California
Marin,2021-04-15,5557,256746,3936,147411,1621,101484,0,7851,3183,49377,2361,107375,3184,156752,California
Marin,2021-04-16,4240,260986,2234,149645,2003,103487,3,7854,2061,49274,2167,109542,2064,158816,California
Marin,2021-04-17,3520,264506,2151,151796,1369,104856,0,7854,1759,49277,1756,111298,1759,160575,California
Marin,2021-04-18,3200,267706,3098,154894,102,104958,0,7854,2564,51208,633,111931,2564,163139,California
Marin,2021-04-19,2018,269724,1849,156743,169,105127,0,7854,1161,51517,854,112785,1163,164302,California
Marin,2021-04-20,3691,273415,2552,159295,1139,106266,0,7854,1476,50783,2210,114995,1476,165778,California
Marin,2021-04-21,3996,277411,2937,162232,1056,107322,3,7857,1369,49540,2613,117608,1370,167148,California
Marin,2021-04-22,4208,281619,3207,165439,1001,108323,0,7857,1482,48307,2718,120326,1485,168633,California
Marin,2021-04-23,3225,284844,1825,167264,1400,109723,0,7857,1237,47562,1983,122309,1238,169871,California
Marin,2021-04-24,2518,287362,1691,168955,826,110549,1,7858,925,46904,1584,123893,926,170797,California
Marin,2021-04-25,1388,288750,1271,170226,117,110666,0,7858,312,46146,1070,124963,312,171109,California
Marin,2021-04-26,1514,290264,1322,171548,189,110855,3,7861,337,45312,1175,126138,341,171450,California
Marin,2021-04-27,2918,293182,2134,173682,746,111601,38,7899,939,44316,1969,128107,973,172423,California
Marin,2021-04-28,2286,295468,1576,175258,663,112264,47,7946,718,43515,1565,129672,764,173187,California
Marin,2021-04-29,2874,298342,1968,177226,844,113108,62,8008,789,42288,2078,131750,851,174038,California
Marin,2021-04-30,1948,300290,1272,178498,588,113696,88,8096,696,41827,1245,132995,784,174822,California
Marin,2021-05-01,1808,302098,1003,179501,782,114478,23,8119,524,41098,1276,134271,547,175369,California
Marin,2021-05-02,724,302822,587,180088,108,114586,29,8148,202,40810,518,134789,230,175599,California
Marin,2021-05-03,1212,304034,988,181076,170,114756,54,8202,264,40182,945,135734,317,175916,California
Marin,2021-05-04,2923,306957,1965,183041,868,115624,90,8292,476,38307,2441,138175,566,176482,California
Marin,2021-05-05,2702,309659,1986,185027,597,116221,119,8411,439,36607,2258,140433,558,177040,California
Marin,2021-05-06,3248,312907,2527,187554,635,116856,86,8497,426,34305,2814,143247,512,177552,California
Marin,2021-05-07,2042,314949,1544,189098,408,117264,90,8587,394,33146,1641,144888,482,178034,California
Marin,2021-05-08,2472,317421,1859,190957,494,117758,119,8706,348,31497,2116,147004,467,178501,California
Marin,2021-05-09,981,318402,901,191858,60,117818,20,8726,115,30768,864,147868,135,178636,California
Marin,2021-05-10,1408,319810,1157,193015,187,118005,64,8790,207,29841,1198,149066,271,178907,California
Marin,2021-05-11,2137,321947,1752,194767,360,118365,25,8815,262,28253,1874,150940,286,179193,California
Marin,2021-05-12,1049,322996,855,195622,154,118519,40,8855,165,27577,880,151820,204,179397,California
Mariposa,2020-12-17,37,37,37,37,0,0,0,0,39,39,0,0,39,39,California
Mariposa,2020-12-18,55,92,55,92,0,0,0,0,56,95,0,0,56,95,California
Mariposa,2020-12-20,2,94,2,94,0,0,0,0,2,97,0,0,2,97,California
Mariposa,2020-12-21,47,141,47,141,0,0,0,0,52,149,0,0,52,149,California
Mariposa,2020-12-22,5,146,5,146,0,0,0,0,5,154,0,0,5,154,California
Mariposa,2020-12-23,17,163,17,163,0,0,0,0,17,171,0,0,17,171,California
Mariposa,2020-12-24,1,164,0,163,1,1,0,0,0,171,0,0,0,171,California
Mariposa,2020-12-26,1,165,1,164,0,1,0,0,1,172,0,0,1,172,California
Mariposa,2020-12-27,1,166,0,164,1,2,0,0,1,173,0,0,1,173,California
Mariposa,2020-12-28,6,172,3,167,3,5,0,0,6,179,0,0,6,179,California
Mariposa,2020-12-29,33,205,3,170,30,35,0,0,33,212,0,0,33,212,California
Mariposa,2020-12-30,25,230,4,174,21,56,0,0,25,237,0,0,25,237,California
Mariposa,2020-12-31,16,246,0,174,16,72,0,0,16,253,0,0,16,253,California
Mariposa,2021-01-02,1,247,1,175,0,72,0,0,1,254,0,0,1,254,California
Mariposa,2021-01-04,8,255,1,176,7,79,0,0,8,262,0,0,8,262,California
Mariposa,2021-01-05,24,279,14,190,10,89,0,0,14,266,10,10,14,276,California
Mariposa,2021-01-06,6,285,3,193,3,92,0,0,3,266,3,13,3,279,California
Mariposa,2021-01-07,51,336,46,239,5,97,0,0,5,225,46,59,5,284,California
Mariposa,2021-01-08,108,444,79,318,29,126,0,0,33,183,75,134,33,317,California
Mariposa,2021-01-09,1,445,0,318,1,127,0,0,1,184,0,134,1,318,California
Mariposa,2021-01-11,31,476,10,328,21,148,0,0,23,199,8,142,23,341,California
Mariposa,2021-01-12,19,495,4,332,15,163,0,0,15,210,4,146,15,356,California
Mariposa,2021-01-13,21,516,4,336,17,180,0,0,18,225,3,149,18,374,California
Mariposa,2021-01-14,73,589,7,343,66,246,0,0,67,286,6,155,67,441,California
Mariposa,2021-01-15,66,655,26,369,40,286,0,0,56,332,10,165,56,497,California
Mariposa,2021-01-16,14,669,2,371,12,298,0,0,13,344,1,166,13,510,California
Mariposa,2021-01-17,2,671,0,371,2,300,0,0,2,346,0,166,2,512,California
Mariposa,2021-01-18,3,674,3,374,0,300,0,0,1,345,2,168,1,513,California
Mariposa,2021-01-19,8,682,4,378,4,304,0,0,5,348,2,170,5,518,California
Mariposa,2021-01-20,23,705,1,379,22,326,0,0,22,369,1,171,22,540,California
Mariposa,2021-01-21,65,770,7,386,58,384,0,0,61,426,4,175,61,601,California
Mariposa,2021-01-22,56,826,2,388,54,438,0,0,56,482,0,175,56,657,California
Mariposa,2021-01-23,116,942,2,390,114,552,0,0,115,596,1,176,115,772,California
Mariposa,2021-01-24,2,944,2,392,0,552,0,0,2,598,0,176,2,774,California
Mariposa,2021-01-25,4,948,1,393,3,555,0,0,0,594,4,180,0,774,California
Mariposa,2021-01-26,36,984,4,397,32,587,0,0,4,570,32,212,8,782,California
Mariposa,2021-01-27,23,1007,1,398,22,609,0,0,13,573,10,222,13,795,California
Mariposa,2021-01-28,126,1133,3,401,123,732,0,0,113,674,12,234,113,908,California
Mariposa,2021-01-29,84,1217,22,423,62,794,0,0,83,756,1,235,83,991,California
Mariposa,2021-01-30,9,1226,1,424,8,802,0,0,8,763,1,236,8,999,California
Mariposa,2021-01-31,1,1227,0,424,1,803,0,0,1,764,0,236,1,1000,California
Mariposa,2021-02-01,87,1314,30,454,57,860,0,0,66,809,21,257,66,1066,California
Mariposa,2021-02-02,15,1329,3,457,12,872,0,0,9,812,6,263,9,1075,California
Mariposa,2021-02-03,20,1349,1,458,19,891,0,0,14,820,6,269,14,1089,California
Mariposa,2021-02-04,97,1446,8,466,89,980,0,0,92,909,4,273,93,1182,California
Mariposa,2021-02-05,189,1635,5,471,184,1164,0,0,163,1046,26,299,163,1345,California
Mariposa,2021-02-06,11,1646,4,475,7,1171,0,0,10,1055,1,300,10,1355,California
Mariposa,2021-02-07,1,1647,0,475,1,1172,0,0,1,1056,0,300,1,1356,California
Mariposa,2021-02-08,40,1687,2,477,38,1210,0,0,21,1058,19,319,21,1377,California
Mariposa,2021-02-09,43,1730,25,502,18,1228,0,0,37,1089,6,325,37,1414,California
Mariposa,2021-02-10,28,1758,5,507,23,1251,0,0,17,1102,10,335,23,1437,California
Mariposa,2021-02-11,375,2133,5,512,370,1621,0,0,361,1452,14,349,364,1801,California
Mariposa,2021-02-12,184,2317,8,520,176,1797,0,0,141,1550,43,392,141,1942,California
Mariposa,2021-02-13,11,2328,3,523,8,1805,0,0,9,1557,2,394,9,1951,California
Mariposa,2021-02-14,8,2336,4,527,4,1809,0,0,5,1559,3,397,5,1956,California
Mariposa,2021-02-15,9,2345,3,530,6,1815,0,0,7,1564,2,399,7,1963,California
Mariposa,2021-02-16,57,2402,34,564,23,1838,0,0,34,1575,23,422,34,1997,California
Mariposa,2021-02-17,36,2438,8,572,28,1866,0,0,27,1595,8,430,28,2025,California
Mariposa,2021-02-18,57,2495,7,579,50,1916,0,0,20,1578,37,467,20,2045,California
Mariposa,2021-02-19,82,2577,3,582,79,1995,0,0,77,1650,5,472,77,2122,California
Mariposa,2021-02-20,252,2829,4,586,248,2243,0,0,222,1843,29,501,222,2344,California
Mariposa,2021-02-21,236,3065,3,589,233,2476,0,0,235,2077,1,502,235,2579,California
Mariposa,2021-02-22,23,3088,7,596,16,2492,0,0,21,2096,2,504,21,2600,California
Mariposa,2021-02-23,42,3130,36,632,6,2498,0,0,25,2104,17,521,25,2625,California
Mariposa,2021-02-24,20,3150,3,635,17,2515,0,0,8,2101,11,532,8,2633,California
Mariposa,2021-02-25,17,3167,8,643,9,2524,0,0,11,2106,6,538,11,2644,California
Mariposa,2021-02-26,421,3588,7,650,414,2938,0,0,360,2406,61,599,361,3005,California
Mariposa,2021-02-27,171,3759,5,655,166,3104,0,0,160,2555,11,610,160,3165,California
Mariposa,2021-02-28,2,3761,1,656,1,3105,0,0,0,2553,2,612,0,3165,California
Mariposa,2021-03-01,82,3843,26,682,56,3161,0,0,17,2506,64,676,17,3182,California
Mariposa,2021-03-02,21,3864,14,696,7,3168,0,0,11,2508,9,685,11,3193,California
Mariposa,2021-03-03,70,3934,5,701,65,3233,0,0,66,2571,4,689,67,3260,California
Mariposa,2021-03-04,37,3971,9,710,28,3261,0,0,20,2575,17,706,21,3281,California
Mariposa,2021-03-05,54,4025,9,719,45,3306,0,0,38,2602,16,722,43,3324,California
Mariposa,2021-03-06,15,4040,6,725,9,3315,0,0,7,2601,8,730,7,3331,California
Mariposa,2021-03-07,1,4041,1,726,0,3315,0,0,0,2600,1,731,0,3331,California
Mariposa,2021-03-08,38,4079,4,730,23,3338,11,11,9,2591,29,760,20,3351,California
Mariposa,2021-03-09,45,4124,18,748,17,3355,10,21,14,2584,31,791,24,3375,California
Mariposa,2021-03-10,29,4153,9,757,10,3365,10,31,9,2583,20,811,19,3394,California
Mariposa,2021-03-11,467,4620,6,763,442,3807,19,50,224,2587,242,1053,246,3640,California
Mariposa,2021-03-12,254,4874,8,771,219,4026,27,77,114,2587,140,1193,140,3780,California
Mariposa,2021-03-13,32,4906,6,777,11,4037,15,92,11,2591,21,1214,25,3805,California
Mariposa,2021-03-14,17,4923,2,779,4,4041,11,103,3,2591,14,1228,14,3819,California
Mariposa,2021-03-15,76,4999,7,786,31,4072,38,141,31,2615,45,1273,69,3888,California
Mariposa,2021-03-16,82,5081,32,818,15,4087,35,176,24,2616,58,1331,59,3947,California
Mariposa,2021-03-17,71,5152,10,828,53,4140,8,184,51,2656,19,1350,59,4006,California
Mariposa,2021-03-18,66,5218,15,843,41,4181,10,194,41,2682,25,1375,51,4057,California
Mariposa,2021-03-19,338,5556,11,854,322,4503,5,199,303,2955,35,1410,308,4365,California
Mariposa,2021-03-20,426,5982,5,859,419,4922,2,201,46,2624,380,1790,49,4414,California
Mariposa,2021-03-21,14,5996,8,867,5,4927,1,202,9,2630,4,1794,10,4424,California
Mariposa,2021-03-22,36,6032,7,874,21,4948,8,210,24,2651,12,1806,33,4457,California
Mariposa,2021-03-23,53,6085,33,907,10,4958,10,220,32,2672,21,1827,42,4499,California
Mariposa,2021-03-24,55,6140,5,912,48,5006,2,222,50,2719,5,1832,52,4551,California
Mariposa,2021-03-25,73,6213,15,927,50,5056,8,230,53,2760,20,1852,61,4612,California
Mariposa,2021-03-26,486,6699,9,936,476,5532,1,231,250,2775,236,2088,251,4863,California
Mariposa,2021-03-27,225,6924,8,944,217,5749,0,231,90,2732,135,2223,92,4955,California
Mariposa,2021-03-28,5,6929,0,944,2,5751,3,234,1,2732,4,2227,4,4959,California
Mariposa,2021-03-29,19,6948,6,950,13,5764,0,234,12,2737,7,2234,12,4971,California
Mariposa,2021-03-30,36,6984,13,963,7,5771,16,250,13,2743,23,2257,29,5000,California
Mariposa,2021-03-31,89,7073,16,979,66,5837,7,257,69,2799,20,2277,76,5076,California
Mariposa,2021-04-01,53,7126,9,988,36,5873,8,265,33,2820,20,2297,41,5117,California
Mariposa,2021-04-02,347,7473,11,999,334,6207,2,267,307,3090,39,2336,309,5426,California
Mariposa,2021-04-03,10,7483,7,1006,3,6210,0,267,5,3090,5,2341,5,5431,California
Mariposa,2021-04-04,2,7485,1,1007,0,6210,1,268,0,3089,2,2343,1,5432,California
Mariposa,2021-04-05,32,7517,23,1030,6,6216,3,271,16,3092,16,2359,19,5451,California
Mariposa,2021-04-06,44,7561,20,1050,8,6224,16,287,14,3093,29,2388,30,5481,California
Mariposa,2021-04-07,97,7658,6,1056,72,6296,19,306,28,3071,69,2457,47,5528,California
Mariposa,2021-04-08,275,7933,13,1069,243,6539,19,325,140,3098,133,2590,160,5688,California
Mariposa,2021-04-09,37,7970,9,1078,13,6552,15,340,10,3096,27,2617,25,5713,California
Mariposa,2021-04-10,203,8173,3,1081,190,6742,10,350,188,3280,13,2630,197,5910,California
Mariposa,2021-04-11,125,8298,4,1085,119,6861,2,352,58,3274,67,2697,61,5971,California
Mariposa,2021-04-12,42,8340,13,1098,27,6888,2,354,13,3260,29,2726,15,5986,California
Mariposa,2021-04-13,53,8393,45,1143,8,6896,0,354,34,3275,19,2745,34,6020,California
Mariposa,2021-04-14,112,8505,7,1150,105,7001,0,354,58,3280,53,2798,58,6078,California
Mariposa,2021-04-15,57,8562,17,1167,40,7041,0,354,42,3310,12,2810,42,6120,California
Mariposa,2021-04-16,381,8943,11,1178,370,7411,0,354,106,3141,275,3085,106,6226,California
Mariposa,2021-04-17,10,8953,5,1183,5,7416,0,354,7,3145,3,3088,7,6233,California
Mariposa,2021-04-18,6,8959,0,1183,6,7422,0,354,3,3145,3,3091,3,6236,California
Mariposa,2021-04-19,54,9013,23,1206,31,7453,0,354,27,3147,25,3116,27,6263,California
Mariposa,2021-04-20,62,9075,49,1255,13,7466,0,354,39,3165,21,3137,39,6302,California
Mariposa,2021-04-21,88,9163,12,1267,76,7542,0,354,40,3158,47,3184,40,6342,California
Mariposa,2021-04-22,44,9207,8,1275,36,7578,0,354,36,3187,7,3191,36,6378,California
Mariposa,2021-04-23,314,9521,69,1344,245,7823,0,354,145,3164,169,3360,146,6524,California
Mariposa,2021-04-24,105,9626,10,1354,95,7918,0,354,42,3144,62,3422,42,6566,California
Mariposa,2021-04-26,12,9638,9,1363,3,7921,0,354,2,3136,10,3432,2,6568,California
Mariposa,2021-04-27,29,9667,15,1378,13,7934,1,355,14,3140,11,3443,15,6583,California
Mariposa,2021-04-28,73,9740,13,1391,53,7987,7,362,28,3130,45,3488,35,6618,California
Mariposa,2021-04-29,84,9824,12,1403,71,8058,1,363,79,3205,5,3493,80,6698,California
Mariposa,2021-04-30,209,10033,5,1408,199,8257,5,368,63,3127,146,3639,68,6766,California
Mariposa,2021-05-01,1,10034,1,1409,0,8257,0,368,0,3126,1,3640,0,6766,California
Mariposa,2021-05-02,3,10037,2,1411,0,8257,1,369,0,3124,3,3643,1,6767,California
Mariposa,2021-05-03,15,10052,12,1423,2,8259,1,370,7,3125,7,3650,8,6775,California
Mariposa,2021-05-04,50,10102,31,1454,15,8274,4,374,36,3151,14,3664,40,6815,California
Mariposa,2021-05-05,54,10156,8,1462,44,8318,2,376,17,3133,37,3701,19,6834,California
Mariposa,2021-05-06,55,10211,33,1495,16,8334,6,382,36,3156,19,3720,42,6876,California
Mariposa,2021-05-07,25,10236,8,1503,14,8348,3,385,15,3164,10,3730,18,6894,California
Mariposa,2021-05-08,281,10517,4,1507,277,8625,0,385,34,2953,247,3977,36,6930,California
Mariposa,2021-05-09,2,10519,1,1508,1,8626,0,385,0,2951,2,3979,0,6930,California
Mariposa,2021-05-10,17,10536,7,1515,8,8634,2,387,3,2942,14,3993,5,6935,California
Mariposa,2021-05-11,27,10563,18,1533,9,8643,0,387,19,2954,7,4000,19,6954,California
Mariposa,2021-05-12,6,10569,3,1536,0,8643,3,390,1,2953,5,4005,4,6958,California
Mendocino,2020-12-17,70,70,70,70,0,0,0,0,70,70,0,0,70,70,California
Mendocino,2020-12-18,85,155,84,154,1,1,0,0,84,154,0,0,84,154,California
Mendocino,2020-12-19,4,159,4,158,0,1,0,0,4,158,0,0,4,158,California
Mendocino,2020-12-20,7,166,7,165,0,1,0,0,7,165,0,0,7,165,California
Mendocino,2020-12-21,241,407,241,406,0,1,0,0,77,242,0,0,77,242,California
Mendocino,2020-12-22,251,658,190,596,61,62,0,0,251,493,0,0,251,493,California
Mendocino,2020-12-23,270,928,47,643,223,285,0,0,269,762,0,0,269,762,California
Mendocino,2020-12-24,49,977,8,651,41,326,0,0,49,811,0,0,49,811,California
Mendocino,2020-12-25,1,978,0,651,1,327,0,0,1,812,0,0,1,812,California
Mendocino,2020-12-26,2,980,2,653,0,327,0,0,2,814,0,0,2,814,California
Mendocino,2020-12-27,1,981,0,653,1,328,0,0,1,815,0,0,1,815,California
Mendocino,2020-12-28,74,1055,9,662,65,393,0,0,74,889,0,0,74,889,California
Mendocino,2020-12-29,122,1177,61,723,61,454,0,0,122,1011,0,0,122,1011,California
Mendocino,2020-12-30,123,1300,68,791,55,509,0,0,123,1134,0,0,123,1134,California
Mendocino,2020-12-31,132,1432,97,888,35,544,0,0,132,1266,0,0,132,1266,California
Mendocino,2021-01-01,8,1440,6,894,2,546,0,0,8,1274,0,0,8,1274,California
Mendocino,2021-01-04,840,2280,19,913,821,1367,0,0,840,2114,0,0,840,2114,California
Mendocino,2021-01-05,71,2351,35,948,36,1403,0,0,58,2159,13,13,58,2172,California
Mendocino,2021-01-06,155,2506,133,1081,22,1425,0,0,145,2294,10,23,145,2317,California
Mendocino,2021-01-07,358,2864,238,1319,120,1545,0,0,295,2526,63,86,295,2612,California
Mendocino,2021-01-08,95,2959,82,1401,13,1558,0,0,41,2514,54,140,42,2654,California
Mendocino,2021-01-09,10,2969,6,1407,4,1562,0,0,8,2520,2,142,8,2662,California
Mendocino,2021-01-10,8,2977,8,1415,0,1562,0,0,1,2514,7,149,1,2663,California
Mendocino,2021-01-11,101,3078,92,1507,9,1571,0,0,43,2500,57,206,43,2706,California
Mendocino,2021-01-12,385,3463,375,1882,10,1581,0,0,269,2653,116,322,269,2975,California
Mendocino,2021-01-13,484,3947,145,2027,339,1920,0,0,442,3056,40,362,443,3418,California
Mendocino,2021-01-14,636,4583,20,2047,616,2536,0,0,627,3674,9,371,627,4045,California
Mendocino,2021-01-15,1857,6440,859,2906,998,3534,0,0,1852,5522,5,376,1853,5898,California
Mendocino,2021-01-16,791,7231,50,2956,741,4275,0,0,789,6309,2,378,789,6687,California
Mendocino,2021-01-17,553,7784,1,2957,552,4827,0,0,552,6860,1,379,552,7239,California
Mendocino,2021-01-18,488,8272,463,3420,25,4852,0,0,476,7324,12,391,476,7715,California
Mendocino,2021-01-19,334,8606,148,3568,186,5038,0,0,158,7306,176,567,158,7873,California
Mendocino,2021-01-20,553,9159,406,3974,147,5185,0,0,447,7650,104,671,448,8321,California
Mendocino,2021-01-21,537,9696,224,4198,313,5498,0,0,351,7816,185,856,351,8672,California
Mendocino,2021-01-22,149,9845,58,4256,91,5589,0,0,110,7887,39,895,110,8782,California
Mendocino,2021-01-23,155,10000,83,4339,72,5661,0,0,149,8030,6,901,149,8931,California
Mendocino,2021-01-24,5,10005,3,4342,2,5663,0,0,5,8035,0,901,5,8936,California
Mendocino,2021-01-25,191,10196,18,4360,173,5836,0,0,121,8086,70,971,121,9057,California
Mendocino,2021-01-26,155,10351,55,4415,100,5936,0,0,95,8121,60,1031,95,9152,California
Mendocino,2021-01-27,440,10791,370,4785,70,6006,0,0,175,8038,258,1289,175,9327,California
Mendocino,2021-01-28,590,11381,526,5311,64,6070,0,0,495,8439,94,1383,495,9822,California
Mendocino,2021-01-29,392,11773,351,5662,41,6111,0,0,363,8774,29,1412,364,10186,California
Mendocino,2021-01-30,49,11822,31,5693,18,6129,0,0,42,8809,7,1419,42,10228,California
Mendocino,2021-01-31,273,12095,2,5695,271,6400,0,0,3,8542,270,1689,3,10231,California
Mendocino,2021-02-01,381,12476,52,5747,329,6729,0,0,59,8279,322,2011,59,10290,California
Mendocino,2021-02-02,724,13200,504,6251,220,6949,0,0,365,8285,359,2370,365,10655,California
Mendocino,2021-02-03,390,13590,205,6456,185,7134,0,0,221,8339,167,2537,221,10876,California
Mendocino,2021-02-04,624,14214,529,6985,95,7229,0,0,500,8715,124,2661,500,11376,California
Mendocino,2021-02-05,1300,15514,1212,8197,88,7317,0,0,583,8583,715,3376,583,11959,California
Mendocino,2021-02-06,559,16073,158,8355,401,7718,0,0,544,9112,15,3391,544,12503,California
Mendocino,2021-02-07,32,16105,28,8383,4,7722,0,0,32,9144,0,3391,32,12535,California
Mendocino,2021-02-08,747,16852,715,9098,32,7754,0,0,285,8967,462,3853,285,12820,California
Mendocino,2021-02-09,141,16993,58,9156,83,7837,0,0,89,9004,52,3905,89,12909,California
Mendocino,2021-02-10,1487,18480,923,10079,564,8401,0,0,742,9012,738,4643,746,13655,California
Mendocino,2021-02-11,1142,19622,208,10287,934,9335,0,0,280,8438,862,5505,288,13943,California
Mendocino,2021-02-12,1408,21030,162,10449,1246,10581,0,0,641,8314,766,6271,642,14585,California
Mendocino,2021-02-13,496,21526,12,10461,484,11065,0,0,103,8030,392,6663,108,14693,California
Mendocino,2021-02-14,693,22219,3,10464,690,11755,0,0,134,7605,559,7222,134,14827,California
Mendocino,2021-02-15,330,22549,42,10506,288,12043,0,0,175,7625,155,7377,175,15002,California
Mendocino,2021-02-16,201,22750,51,10557,150,12193,0,0,130,7684,71,7448,130,15132,California
Mendocino,2021-02-17,1353,24103,1191,11748,162,12355,0,0,877,8087,474,7922,877,16009,California
Mendocino,2021-02-18,1782,25885,641,12389,1141,13496,0,0,1216,8738,565,8487,1216,17225,California
Mendocino,2021-02-19,750,26635,146,12535,604,14100,0,0,611,9210,139,8626,611,17836,California
Mendocino,2021-02-20,571,27206,545,13080,26,14126,0,0,540,9721,29,8655,540,18376,California
Mendocino,2021-02-21,325,27531,6,13086,319,14445,0,0,313,10023,11,8666,313,18689,California
Mendocino,2021-02-22,162,27693,30,13116,132,14577,0,0,69,10001,91,8757,69,18758,California
Mendocino,2021-02-23,678,28371,665,13781,13,14590,0,0,613,10551,63,8820,613,19371,California
Mendocino,2021-02-24,1840,30211,1759,15540,81,14671,0,0,1431,11580,404,9224,1433,20804,California
Mendocino,2021-02-25,1704,31915,532,16072,1172,15843,0,0,1284,12446,418,9642,1284,22088,California
Mendocino,2021-02-26,1402,33317,748,16820,654,16497,0,0,1039,13124,361,10003,1039,23127,California
Mendocino,2021-02-27,199,33516,151,16971,48,16545,0,0,76,13078,122,10125,76,23203,California
Mendocino,2021-02-28,35,33551,13,16984,22,16567,0,0,24,13091,11,10136,24,23227,California
Mendocino,2021-03-01,578,34129,534,17518,44,16611,0,0,539,13593,37,10173,539,23766,California
Mendocino,2021-03-02,73,34202,26,17544,47,16658,0,0,41,13603,31,10204,41,23807,California
Mendocino,2021-03-03,1716,35918,1331,18875,385,17043,0,0,1082,14053,632,10836,1082,24889,California
Mendocino,2021-03-04,1768,37686,147,19022,1621,18664,0,0,1550,15389,215,11051,1551,26440,California
Mendocino,2021-03-05,211,37897,150,19172,52,18716,9,9,119,15427,90,11141,128,26568,California
Mendocino,2021-03-06,244,38141,21,19193,198,18914,25,34,203,15615,40,11181,228,26796,California
Mendocino,2021-03-07,505,38646,8,19201,477,19391,20,54,118,15366,386,11567,137,26933,California
Mendocino,2021-03-08,125,38771,30,19231,58,19449,37,91,64,15408,59,11626,101,27034,California
Mendocino,2021-03-09,573,39344,233,19464,299,19748,41,132,475,15826,98,11724,516,27550,California
Mendocino,2021-03-10,1111,40455,981,20445,65,19813,65,197,268,15322,840,12564,336,27886,California
Mendocino,2021-03-11,825,41280,612,21057,160,19973,53,250,395,15343,427,12991,448,28334,California
Mendocino,2021-03-12,2020,43300,1031,22088,894,20867,95,345,1212,15849,801,13792,1307,29641,California
Mendocino,2021-03-13,656,43956,526,22614,73,20940,57,402,99,15452,553,14345,156,29797,California
Mendocino,2021-03-14,104,44060,2,22616,95,21035,7,409,11,15381,89,14434,18,29815,California
Mendocino,2021-03-15,597,44657,50,22666,489,21524,58,467,208,15258,388,14822,265,30080,California
Mendocino,2021-03-16,569,45226,373,23039,151,21675,45,512,138,15012,429,15251,183,30263,California
Mendocino,2021-03-17,1563,46789,1359,24398,56,21731,148,660,214,14035,1346,16597,369,30632,California
Mendocino,2021-03-18,1306,48095,247,24645,1021,22752,38,698,283,13340,1015,17612,320,30952,California
Mendocino,2021-03-19,1757,49852,857,25502,839,23591,61,759,332,12314,1421,19033,395,31347,California
Mendocino,2021-03-20,68,49920,10,25512,37,23628,21,780,12,12291,56,19089,33,31380,California
Mendocino,2021-03-21,8,49928,1,25513,2,23630,5,785,3,12294,5,19094,8,31388,California
Mendocino,2021-03-22,624,50552,580,26093,15,23645,29,814,146,11994,474,19568,174,31562,California
Mendocino,2021-03-23,165,50717,33,26126,102,23747,30,844,115,12089,50,19618,145,31707,California
Mendocino,2021-03-24,913,51630,840,26966,26,23773,47,891,114,11453,797,20415,161,31868,California
Mendocino,2021-03-25,1987,53617,50,27016,1917,25690,20,911,174,9836,1809,22224,192,32060,California
Mendocino,2021-03-26,509,54126,359,27375,125,25815,25,936,325,10002,184,22408,350,32410,California
Mendocino,2021-03-27,143,54269,13,27388,118,25933,12,948,81,10033,61,22469,92,32502,California
Mendocino,2021-03-28,25,54294,5,27393,16,25949,4,952,3,10019,21,22490,7,32509,California
Mendocino,2021-03-29,187,54481,99,27492,46,25995,42,994,96,10066,91,22581,138,32647,California
Mendocino,2021-03-30,684,55165,599,28091,48,26043,37,1031,411,10242,272,22853,448,33095,California
Mendocino,2021-03-31,869,56034,272,28363,537,26580,60,1091,405,10245,462,23315,465,33560,California
Mendocino,2021-04-01,1709,57743,399,28762,1231,27811,79,1170,384,9390,1317,24632,462,34022,California
Mendocino,2021-04-02,1284,59027,1056,29818,155,27966,73,1243,223,8629,1057,25689,296,34318,California
Mendocino,2021-04-03,705,59732,9,29827,675,28641,21,1264,83,8115,618,26307,104,34422,California
Mendocino,2021-04-04,69,59801,34,29861,29,28670,6,1270,54,8160,15,26322,60,34482,California
Mendocino,2021-04-05,211,60012,142,30003,45,28715,24,1294,131,8232,80,26402,152,34634,California
Mendocino,2021-04-06,396,60408,121,30124,180,28895,95,1389,107,8145,289,26691,202,34836,California
Mendocino,2021-04-07,485,60893,177,30301,63,28958,245,1634,120,8146,363,27054,364,35200,California
Mendocino,2021-04-08,1488,62381,911,31212,462,29420,115,1749,999,8777,483,27537,1114,36314,California
Mendocino,2021-04-09,758,63139,425,31637,172,29592,161,1910,397,8975,360,27897,558,36872,California
Mendocino,2021-04-10,404,63543,91,31728,267,29859,46,1956,100,8817,304,28201,146,37018,California
Mendocino,2021-04-11,121,63664,47,31775,18,29877,56,2012,58,8868,63,28264,114,37132,California
Mendocino,2021-04-12,619,64283,513,32288,46,29923,60,2072,413,9135,206,28470,473,37605,California
Mendocino,2021-04-13,289,64572,226,32514,63,29986,0,2072,222,9290,67,28537,222,37827,California
Mendocino,2021-04-14,513,65085,424,32938,89,30075,0,2072,412,9601,101,28638,412,38239,California
Mendocino,2021-04-15,656,65741,326,33264,330,30405,0,2072,395,9739,257,28895,395,38634,California
Mendocino,2021-04-16,124,65865,51,33315,72,30477,1,2073,77,9770,46,28941,77,38711,California
Mendocino,2021-04-17,198,66063,12,33327,186,30663,0,2073,70,9714,126,29067,70,38781,California
Mendocino,2021-04-18,7,66070,2,33329,5,30668,0,2073,4,9715,3,29070,4,38785,California
Mendocino,2021-04-19,531,66601,506,33835,24,30692,1,2074,432,10050,98,29168,433,39218,California
Mendocino,2021-04-20,411,67012,284,34119,127,30819,0,2074,262,10163,149,29317,262,39480,California
Mendocino,2021-04-21,183,67195,124,34243,58,30877,1,2075,114,10209,68,29385,114,39594,California
Mendocino,2021-04-22,485,67680,309,34552,175,31052,1,2076,320,10366,163,29548,320,39914,California
Mendocino,2021-04-23,840,68520,699,35251,141,31193,0,2076,688,10904,150,29698,688,40602,California
Mendocino,2021-04-24,101,68621,14,35265,87,31280,0,2076,94,10991,7,29705,94,40696,California
Mendocino,2021-04-25,52,68673,28,35293,20,31300,4,2080,18,10979,34,29739,22,40718,California
Mendocino,2021-04-26,272,68945,209,35502,58,31358,5,2085,189,11091,82,29821,194,40912,California
Mendocino,2021-04-27,174,69119,67,35569,83,31441,24,2109,90,11121,83,29904,113,41025,California
Mendocino,2021-04-28,216,69335,147,35716,53,31494,16,2125,126,11173,90,29994,142,41167,California
Mendocino,2021-04-29,1135,70470,839,36555,282,31776,14,2139,106,10266,1027,31021,120,41287,California
Mendocino,2021-04-30,607,71077,386,36941,211,31987,10,2149,229,10127,378,31399,239,41526,California
Mendocino,2021-05-01,470,71547,434,37375,30,32017,6,2155,366,10396,103,31502,372,41898,California
Mendocino,2021-05-02,56,71603,47,37422,6,32023,3,2158,9,10362,46,31548,12,41910,California
Mendocino,2021-05-03,135,71738,76,37498,38,32061,21,2179,40,10329,94,31642,61,41971,California
Mendocino,2021-05-04,373,72111,254,37752,86,32147,33,2212,134,10258,238,31880,167,42138,California
Mendocino,2021-05-05,868,72979,784,38536,67,32214,17,2229,217,9842,649,32529,233,42371,California
Mendocino,2021-05-06,626,73605,382,38918,223,32437,21,2250,149,9538,474,33003,170,42541,California
Mendocino,2021-05-07,170,73775,32,38950,114,32551,24,2274,108,9609,61,33064,132,42673,California
Mendocino,2021-05-08,126,73901,4,38954,120,32671,2,2276,110,9706,15,33079,112,42785,California
Mendocino,2021-05-09,21,73922,7,38961,13,32684,1,2277,4,9694,17,33096,5,42790,California
Mendocino,2021-05-10,230,74152,149,39110,77,32761,4,2281,142,9753,87,33183,146,42936,California
Mendocino,2021-05-11,258,74410,139,39249,110,32871,9,2290,126,9755,132,33315,134,43070,California
Mendocino,2021-05-12,75,74485,65,39314,10,32881,0,2290,13,9708,60,33375,13,43083,California
Merced,2020-12-16,3,3,3,3,0,0,0,0,3,3,0,0,3,3,California
Merced,2020-12-17,5,8,5,8,0,0,0,0,5,8,0,0,5,8,California
Merced,2020-12-18,143,151,143,151,0,0,0,0,143,151,0,0,143,151,California
Merced,2020-12-19,39,190,39,190,0,0,0,0,39,190,0,0,39,190,California
Merced,2020-12-20,17,207,17,207,0,0,0,0,17,207,0,0,17,207,California
Merced,2020-12-21,125,332,122,329,3,3,0,0,125,332,0,0,125,332,California
Merced,2020-12-22,152,484,152,481,0,3,0,0,152,484,0,0,152,484,California
Merced,2020-12-23,248,732,242,723,6,9,0,0,248,732,0,0,248,732,California
Merced,2020-12-24,72,804,72,795,0,9,0,0,72,804,0,0,72,804,California
Merced,2020-12-25,4,808,4,799,0,9,0,0,4,808,0,0,4,808,California
Merced,2020-12-26,6,814,3,802,3,12,0,0,6,814,0,0,6,814,California
Merced,2020-12-27,12,826,11,813,1,13,0,0,12,826,0,0,12,826,California
Merced,2020-12-28,123,949,98,911,25,38,0,0,123,949,0,0,123,949,California
Merced,2020-12-29,180,1129,124,1035,56,94,0,0,180,1129,0,0,180,1129,California
Merced,2020-12-30,214,1343,89,1124,125,219,0,0,214,1343,0,0,214,1343,California
Merced,2020-12-31,103,1446,34,1158,69,288,0,0,103,1446,0,0,103,1446,California
Merced,2021-01-01,4,1450,0,1158,4,292,0,0,4,1450,0,0,4,1450,California
Merced,2021-01-02,128,1578,117,1275,11,303,0,0,128,1578,0,0,128,1578,California
Merced,2021-01-03,9,1587,5,1280,4,307,0,0,9,1587,0,0,9,1587,California
Merced,2021-01-04,80,1667,42,1322,38,345,0,0,80,1667,0,0,80,1667,California
Merced,2021-01-05,320,1987,231,1553,89,434,0,0,314,1977,6,6,316,1983,California
Merced,2021-01-06,254,2241,103,1656,151,585,0,0,248,2219,6,12,248,2231,California
Merced,2021-01-07,184,2425,80,1736,104,689,0,0,174,2382,11,23,174,2405,California
Merced,2021-01-08,527,2952,393,2129,134,823,0,0,376,2608,150,173,376,2781,California
Merced,2021-01-09,23,2975,10,2139,13,836,0,0,17,2619,6,179,17,2798,California
Merced,2021-01-10,11,2986,7,2146,4,840,0,0,7,2622,4,183,7,2805,California
Merced,2021-01-11,225,3211,167,2313,58,898,0,0,101,2601,124,307,103,2908,California
Merced,2021-01-12,280,3491,157,2470,123,1021,0,0,230,2780,51,358,230,3138,California
Merced,2021-01-13,372,3863,173,2643,199,1220,0,0,221,2853,151,509,224,3362,California
Merced,2021-01-14,325,4188,201,2844,124,1344,0,0,160,2850,164,673,161,3523,California
Merced,2021-01-15,578,4766,127,2971,451,1795,0,0,540,3353,39,712,542,4065,California
Merced,2021-01-16,203,4969,122,3093,81,1876,0,0,198,3546,5,717,198,4263,California
Merced,2021-01-17,49,5018,12,3105,37,1913,0,0,48,3593,1,718,48,4311,California
Merced,2021-01-18,260,5278,126,3231,134,2047,0,0,238,3812,22,740,241,4552,California
Merced,2021-01-19,710,5988,586,3817,124,2171,0,0,539,4184,171,911,543,5095,California
Merced,2021-01-20,571,6559,466,4283,105,2276,0,0,514,4644,57,968,517,5612,California
Merced,2021-01-21,1007,7566,647,4930,360,2636,0,0,908,5456,99,1067,911,6523,California
Merced,2021-01-22,1304,8870,686,5616,618,3254,0,0,1277,6718,27,1094,1289,7812,California
Merced,2021-01-23,307,9177,185,5801,122,3376,0,0,202,6815,105,1199,202,8014,California
Merced,2021-01-24,32,9209,14,5815,18,3394,0,0,23,6830,8,1207,23,8037,California
Merced,2021-01-25,727,9936,241,6056,486,3880,0,0,668,7441,58,1265,669,8706,California
Merced,2021-01-26,913,10849,483,6539,430,4310,0,0,672,7900,214,1479,673,9379,California
Merced,2021-01-27,977,11826,582,7121,395,4705,0,0,810,8545,165,1644,810,10189,California
Merced,2021-01-28,1139,12965,593,7714,546,5251,0,0,1017,9441,122,1766,1018,11207,California
Merced,2021-01-29,845,13810,321,8035,524,5775,0,0,600,9805,238,2004,602,11809,California
Merced,2021-01-30,259,14069,27,8062,232,6007,0,0,243,10032,16,2020,243,12052,California
Merced,2021-01-31,46,14115,10,8072,36,6043,0,0,45,10076,1,2021,45,12097,California
Merced,2021-02-01,374,14489,52,8124,322,6365,0,0,325,10354,48,2069,326,12423,California
Merced,2021-02-02,294,14783,181,8305,113,6478,0,0,175,10413,117,2186,176,12599,California
Merced,2021-02-03,349,15132,71,8376,278,6756,0,0,168,10400,181,2367,168,12767,California
Merced,2021-02-04,371,15503,146,8522,225,6981,0,0,240,10511,130,2497,241,13008,California
Merced,2021-02-05,513,16016,173,8695,340,7321,0,0,272,10545,240,2737,274,13282,California
Merced,2021-02-06,389,16405,219,8914,170,7491,0,0,246,10650,142,2879,247,13529,California
Merced,2021-02-07,21,16426,13,8927,8,7499,0,0,14,10657,7,2886,14,13543,California
Merced,2021-02-08,279,16705,197,9124,82,7581,0,0,170,10720,108,2994,171,13714,California
Merced,2021-02-09,1215,17920,955,10079,260,7841,0,0,772,11058,435,3429,773,14487,California
Merced,2021-02-10,1852,19772,1431,11510,421,8262,0,0,1273,11762,569,3998,1273,15760,California
Merced,2021-02-11,2503,22275,2007,13517,496,8758,0,0,1815,12898,679,4677,1815,17575,California
Merced,2021-02-12,1713,23988,1012,14529,701,9459,0,0,745,12686,959,5636,747,18322,California
Merced,2021-02-13,361,24349,206,14735,155,9614,0,0,262,12852,98,5734,264,18586,California
Merced,2021-02-14,117,24466,26,14761,91,9705,0,0,96,12928,21,5755,97,18683,California
Merced,2021-02-15,274,24740,40,14801,234,9939,0,0,170,13001,98,5853,171,18854,California
Merced,2021-02-16,1212,25952,843,15644,369,10308,0,0,838,13485,356,6209,840,19694,California
Merced,2021-02-17,1874,27826,1629,17273,245,10553,0,0,1313,14253,548,6757,1316,21010,California
Merced,2021-02-18,1209,29035,819,18092,390,10943,0,0,406,13877,782,7539,406,21416,California
Merced,2021-02-19,1261,30296,413,18505,848,11791,0,0,537,13698,718,8257,539,21955,California
Merced,2021-02-20,276,30572,31,18536,245,12036,0,0,142,13708,132,8389,142,22097,California
Merced,2021-02-21,76,30648,62,18598,14,12050,0,0,32,13696,44,8433,32,22129,California
Merced,2021-02-22,831,31479,293,18891,538,12588,0,0,483,13833,346,8779,483,22612,California
Merced,2021-02-23,1080,32559,421,19312,659,13247,0,0,638,14034,437,9216,638,23250,California
Merced,2021-02-24,815,33374,303,19615,512,13759,0,0,445,14119,361,9577,446,23696,California
Merced,2021-02-25,1756,35130,865,20480,891,14650,0,0,1305,14978,448,10025,1307,25003,California
Merced,2021-02-26,2148,37278,1375,21855,773,15423,0,0,1736,16305,410,10435,1737,26740,California
Merced,2021-02-27,2526,39804,1102,22957,1424,16847,0,0,2241,18262,284,10719,2241,28981,California
Merced,2021-02-28,306,40110,71,23028,235,17082,0,0,251,18462,51,10770,251,29232,California
Merced,2021-03-01,1115,41225,280,23308,834,17916,1,1,774,18905,332,11102,775,30007,California
Merced,2021-03-02,1746,42971,903,24211,842,18758,1,2,1358,19885,379,11481,1359,31366,California
Merced,2021-03-03,2212,45183,1727,25938,484,19242,1,3,1456,20603,739,12220,1457,32823,California
Merced,2021-03-04,2881,48064,2267,28205,612,19854,2,5,1911,21564,953,13173,1914,34737,California
Merced,2021-03-05,2064,50128,1193,29398,847,20701,24,29,1528,22593,524,13697,1553,36290,California
Merced,2021-03-06,1166,51294,662,30060,482,21183,22,51,910,23270,255,13952,932,37222,California
Merced,2021-03-07,229,51523,65,30125,139,21322,25,76,200,23466,29,13981,225,37447,California
Merced,2021-03-08,1363,52886,765,30890,533,21855,65,141,1151,24470,211,14192,1215,38662,California
Merced,2021-03-09,1691,54577,996,31886,588,22443,107,248,1097,25086,589,14781,1205,39867,California
Merced,2021-03-10,2688,57265,1861,33747,627,23070,200,448,1617,25850,1057,15838,1821,41688,California
Merced,2021-03-11,1934,59199,689,34436,1041,24111,204,652,1219,26595,700,16538,1445,43133,California
Merced,2021-03-12,2196,61395,900,35336,1028,25139,268,920,1482,27647,710,17248,1762,44895,California
Merced,2021-03-13,720,62115,309,35645,168,25307,243,1163,412,28003,300,17548,656,45551,California
Merced,2021-03-14,249,62364,136,35781,83,25390,30,1193,149,28084,99,17647,180,45731,California
Merced,2021-03-15,1502,63866,493,36274,754,26144,255,1448,984,28811,511,18158,1238,46969,California
Merced,2021-03-16,1432,65298,686,36960,520,26664,226,1674,949,29511,474,18632,1174,48143,California
Merced,2021-03-17,1959,67257,1057,38017,724,27388,178,1852,1511,30762,440,19072,1691,49834,California
Merced,2021-03-18,2036,69293,1168,39185,721,28109,147,1999,1388,31673,637,19709,1548,51382,California
Merced,2021-03-19,2661,71954,1449,40634,1019,29128,193,2192,1384,31985,1266,20975,1578,52960,California
Merced,2021-03-20,2413,74367,1485,42119,533,29661,395,2587,957,31888,1453,22428,1356,54316,California
Merced,2021-03-21,556,74923,343,42462,200,29861,13,2600,437,32221,119,22547,452,54768,California
Merced,2021-03-22,1262,76185,629,43091,557,30418,76,2676,887,32818,368,22915,965,55733,California
Merced,2021-03-23,1824,78009,1099,44190,661,31079,64,2740,1347,33757,473,23388,1412,57145,California
Merced,2021-03-24,1414,79423,881,45071,498,31577,35,2775,937,34258,472,23860,973,58118,California
Merced,2021-03-25,3301,82724,2269,47340,1011,32588,21,2796,2079,35147,1214,25074,2103,60221,California
Merced,2021-03-26,1930,84654,1084,48424,812,33400,34,2830,890,35038,1032,26106,923,61144,California
Merced,2021-03-27,3130,87784,1797,50221,1200,34600,133,2963,1411,34876,1707,27813,1545,62689,California
Merced,2021-03-28,516,88300,213,50434,296,34896,7,2970,213,34796,301,28114,221,62910,California
Merced,2021-03-29,1764,90064,723,51157,876,35772,165,3135,666,34539,1092,29206,835,63745,California
Merced,2021-03-30,2142,92206,799,51956,1284,37056,59,3194,988,34437,1150,30356,1048,64793,California
Merced,2021-03-31,2123,94329,1400,53356,685,37741,38,3232,952,34272,1156,31512,991,65784,California
Merced,2021-04-01,2179,96508,1019,54375,1036,38777,124,3356,997,34219,1176,32688,1123,66907,California
Merced,2021-04-02,2327,98835,635,55010,1289,40066,403,3759,779,33871,1531,34219,1183,68090,California
Merced,2021-04-03,903,99738,426,55436,464,40530,13,3772,496,33979,403,34622,511,68601,California
Merced,2021-04-04,369,100107,143,55579,222,40752,4,3776,141,33899,227,34849,147,68748,California
Merced,2021-04-05,1259,101366,598,56177,450,41202,211,3987,414,33684,839,35688,624,69372,California
Merced,2021-04-06,2412,103778,890,57067,696,41898,826,4813,898,33897,1510,37198,1723,71095,California
Merced,2021-04-07,1649,105427,885,57952,657,42555,107,4920,584,33538,1052,38250,693,71788,California
Merced,2021-04-08,2272,107699,1169,59121,888,43443,215,5135,813,33135,1429,39679,1026,72814,California
Merced,2021-04-09,1679,109378,474,59595,630,44073,575,5710,563,33175,1100,40779,1140,73954,California
Merced,2021-04-10,694,110072,362,59957,144,44217,188,5898,176,33024,513,41292,362,74316,California
Merced,2021-04-11,486,110558,280,60237,72,44289,134,6032,146,32967,338,41630,281,74597,California
Merced,2021-04-12,1414,111972,927,61164,364,44653,123,6155,812,33335,567,42197,935,75532,California
Merced,2021-04-13,2025,113997,1448,62612,574,45227,3,6158,936,33276,1001,43198,942,76474,California
Merced,2021-04-14,2040,116037,1207,63819,833,46060,0,6158,904,33177,1005,44203,906,77380,California
Merced,2021-04-15,3007,119044,1971,65790,1036,47096,0,6158,955,32309,1827,46030,959,78339,California
Merced,2021-04-16,2354,121398,1147,66937,1207,48303,0,6158,962,31975,1296,47326,962,79301,California
Merced,2021-04-17,1453,122851,806,67743,647,48950,0,6158,372,31272,1076,48402,373,79674,California
Merced,2021-04-18,467,123318,248,67991,219,49169,0,6158,190,31212,250,48652,190,79864,California
Merced,2021-04-19,1321,124639,741,68732,580,49749,0,6158,703,31391,524,49176,703,80567,California
Merced,2021-04-20,1409,126048,733,69465,676,50425,0,6158,785,31620,557,49733,786,81353,California
Merced,2021-04-21,1463,127511,880,70345,583,51008,0,6158,748,31764,604,50337,748,82101,California
Merced,2021-04-22,1603,129114,739,71084,864,51872,0,6158,774,31790,748,51085,774,82875,California
Merced,2021-04-23,1629,130743,670,71754,959,52831,0,6158,884,31976,699,51784,885,83760,California
Merced,2021-04-24,567,131310,398,72152,169,53000,0,6158,388,32190,175,51959,389,84149,California
Merced,2021-04-25,325,131635,185,72337,140,53140,0,6158,191,32249,132,52091,191,84340,California
Merced,2021-04-26,1138,132773,476,72813,662,53802,0,6158,604,32354,501,52592,606,84946,California
Merced,2021-04-27,1474,134247,623,73436,841,54643,10,6168,610,32176,799,53391,621,85567,California
Merced,2021-04-28,1361,135608,673,74109,679,55322,9,6177,780,32405,561,53952,790,86357,California
Merced,2021-04-29,1387,136995,587,74696,775,56097,25,6202,648,32347,732,54684,674,87031,California
Merced,2021-04-30,1398,138393,579,75275,775,56872,44,6246,703,32403,692,55376,748,87779,California
Merced,2021-05-01,556,138949,241,75516,311,57183,4,6250,258,32370,295,55671,262,88041,California
Merced,2021-05-02,291,139240,117,75633,159,57342,15,6265,128,32351,163,55834,144,88185,California
Merced,2021-05-03,768,140008,528,76161,194,57536,46,6311,267,32189,496,56330,334,88519,California
Merced,2021-05-04,989,140997,534,76695,402,57938,53,6364,349,31954,636,56966,401,88920,California
Merced,2021-05-05,1132,142129,703,77398,356,58294,73,6437,471,31847,652,57618,545,89465,California
Merced,2021-05-06,888,143017,458,77856,381,58675,49,6486,293,31599,590,58208,342,89807,California
Merced,2021-05-07,832,143849,236,78092,558,59233,38,6524,342,31493,487,58695,381,90188,California
Merced,2021-05-08,390,144239,199,78291,155,59388,36,6560,172,31485,216,58911,208,90396,California
Merced,2021-05-09,209,144448,103,78394,99,59487,7,6567,97,31477,112,59023,104,90500,California
Merced,2021-05-10,668,145116,342,78736,292,59779,34,6601,177,31198,490,59513,211,90711,California
Merced,2021-05-11,957,146073,545,79281,375,60154,37,6638,375,31035,576,60089,413,91124,California
Merced,2021-05-12,454,146527,322,79603,121,60275,11,6649,88,30769,365,60454,99,91223,California
Modoc,2020-12-16,1,1,1,1,0,0,0,0,1,1,0,0,1,1,California
Modoc,2020-12-21,99,100,99,100,0,0,0,0,99,100,0,0,99,100,California
Modoc,2020-12-22,14,114,14,114,0,0,0,0,14,114,0,0,14,114,California
Modoc,2020-12-23,4,118,4,118,0,0,0,0,4,118,0,0,4,118,California
Modoc,2020-12-24,1,119,1,119,0,0,0,0,1,119,0,0,1,119,California
Modoc,2020-12-28,2,121,2,121,0,0,0,0,2,121,0,0,2,121,California
Modoc,2020-12-29,10,131,1,122,9,9,0,0,10,131,0,0,10,131,California
Modoc,2020-12-30,7,138,0,122,7,16,0,0,7,138,0,0,7,138,California
Modoc,2021-01-02,3,141,1,123,2,18,0,0,3,141,0,0,3,141,California
Modoc,2021-01-04,8,149,0,123,8,26,0,0,8,149,0,0,8,149,California
Modoc,2021-01-05,2,151,1,124,1,27,0,0,2,151,0,0,2,151,California
Modoc,2021-01-06,3,154,2,126,1,28,0,0,2,152,1,1,2,153,California
Modoc,2021-01-07,72,226,0,126,72,100,0,0,72,224,0,1,72,225,California
Modoc,2021-01-08,105,331,0,126,105,205,0,0,105,329,0,1,105,330,California
Modoc,2021-01-10,1,332,1,127,0,205,0,0,0,328,1,2,0,330,California
Modoc,2021-01-11,90,422,81,208,9,214,0,0,19,276,71,73,19,349,California
Modoc,2021-01-12,94,516,25,233,69,283,0,0,68,318,26,99,68,417,California
Modoc,2021-01-13,24,540,4,237,20,303,0,0,22,338,2,101,22,439,California
Modoc,2021-01-14,129,669,6,243,123,426,0,0,124,457,5,106,124,563,California
Modoc,2021-01-15,6,675,1,244,5,431,0,0,6,463,0,106,6,569,California
Modoc,2021-01-16,1,676,1,245,0,431,0,0,1,464,0,106,1,570,California
Modoc,2021-01-18,1,677,1,246,0,431,0,0,1,465,0,106,1,571,California
Modoc,2021-01-19,5,682,3,249,2,433,0,0,3,466,2,108,3,574,California
Modoc,2021-01-20,11,693,1,250,10,443,0,0,11,477,0,108,11,585,California
Modoc,2021-01-21,157,850,2,252,155,598,0,0,157,634,0,108,157,742,California
Modoc,2021-01-22,2,852,0,252,2,600,0,0,2,636,0,108,2,744,California
Modoc,2021-01-25,11,863,0,252,11,611,0,0,11,647,0,108,11,755,California
Modoc,2021-01-26,65,928,1,253,64,675,0,0,65,712,0,108,65,820,California
Modoc,2021-01-27,41,969,2,255,39,714,0,0,25,721,16,124,25,845,California
Modoc,2021-01-28,145,1114,2,257,143,857,0,0,144,864,1,125,144,989,California
Modoc,2021-01-29,3,1117,1,258,2,859,0,0,3,867,0,125,3,992,California
Modoc,2021-02-01,26,1143,13,271,13,872,0,0,12,865,14,139,12,1004,California
Modoc,2021-02-02,170,1313,2,273,168,1040,0,0,167,1029,3,142,167,1171,California
Modoc,2021-02-03,18,1331,13,286,5,1045,0,0,11,1033,7,149,11,1182,California
Modoc,2021-02-04,155,1486,4,290,151,1196,0,0,27,932,128,277,27,1209,California
Modoc,2021-02-05,4,1490,3,293,1,1197,0,0,3,934,1,278,3,1212,California
Modoc,2021-02-08,9,1499,2,295,7,1204,0,0,8,941,1,279,8,1220,California
Modoc,2021-02-09,197,1696,13,308,184,1388,0,0,65,874,132,411,65,1285,California
Modoc,2021-02-10,5,1701,2,310,3,1391,0,0,4,877,1,412,4,1289,California
Modoc,2021-02-11,201,1902,3,313,198,1589,0,0,83,842,118,530,83,1372,California
Modoc,2021-02-12,4,1906,0,313,4,1593,0,0,2,842,2,532,2,1374,California
Modoc,2021-02-13,1,1907,0,313,1,1594,0,0,1,843,0,532,1,1375,California
Modoc,2021-02-16,147,2054,6,319,141,1735,0,0,143,982,4,536,143,1518,California
Modoc,2021-02-17,24,2078,1,320,23,1758,0,0,12,982,12,548,12,1530,California
Modoc,2021-02-18,188,2266,2,322,186,1944,0,0,25,846,162,710,26,1556,California
Modoc,2021-02-19,2,2268,2,324,0,1944,0,0,2,848,0,710,2,1558,California
Modoc,2021-02-20,1,2269,1,325,0,1944,0,0,0,847,1,711,0,1558,California
Modoc,2021-02-22,17,2286,9,334,8,1952,0,0,3,836,14,725,3,1561,California
Modoc,2021-02-23,20,2306,2,336,18,1970,0,0,1,818,19,744,1,1562,California
Modoc,2021-02-24,90,2396,1,337,89,2059,0,0,30,788,60,804,30,1592,California
Modoc,2021-02-25,169,2565,1,338,168,2227,0,0,13,645,156,960,13,1605,California
Modoc,2021-02-26,3,2568,0,338,3,2230,0,0,1,644,2,962,1,1606,California
Modoc,2021-02-27,5,2573,5,343,0,2230,0,0,2,643,3,965,2,1608,California
Modoc,2021-03-01,5,2578,0,343,5,2235,0,0,0,639,4,969,0,1608,California
Modoc,2021-03-02,193,2771,12,355,181,2416,0,0,26,498,167,1136,26,1634,California
Modoc,2021-03-03,12,2783,6,361,6,2422,0,0,2,490,10,1146,2,1636,California
Modoc,2021-03-04,175,2958,2,363,173,2595,0,0,148,611,27,1173,148,1784,California
Modoc,2021-03-05,4,2962,3,366,1,2596,0,0,2,611,2,1175,2,1786,California
Modoc,2021-03-06,11,2973,0,366,1,2597,10,10,1,612,10,1185,11,1797,California
Modoc,2021-03-07,6,2979,1,367,0,2597,5,15,1,613,5,1190,6,1803,California
Modoc,2021-03-08,8,2987,1,368,3,2600,4,19,1,612,6,1196,5,1808,California
Modoc,2021-03-09,126,3113,10,378,108,2708,8,27,61,616,65,1261,69,1877,California
Modoc,2021-03-10,9,3122,3,381,2,2710,4,31,4,619,5,1266,8,1885,California
Modoc,2021-03-11,207,3329,0,381,99,2809,108,139,22,564,185,1451,130,2015,California
Modoc,2021-03-12,10,3339,1,382,4,2813,5,144,4,567,6,1457,9,2024,California
Modoc,2021-03-13,4,3343,0,382,1,2814,3,147,1,568,3,1460,4,2028,California
Modoc,2021-03-15,12,3355,1,383,10,2824,1,148,10,577,2,1462,11,2039,California
Modoc,2021-03-16,173,3528,1,384,168,2992,4,152,42,491,131,1593,45,2084,California
Modoc,2021-03-17,10,3538,1,385,4,2996,5,157,2,490,8,1601,7,2091,California
Modoc,2021-03-18,67,3605,2,387,58,3054,7,164,35,500,32,1633,42,2133,California
Modoc,2021-03-19,5,3610,0,387,0,3054,5,169,0,500,5,1638,5,2138,California
Modoc,2021-03-20,6,3616,2,389,1,3055,3,172,1,499,5,1643,4,2142,California
Modoc,2021-03-21,4,3620,1,390,1,3056,2,174,2,501,2,1645,4,2146,California
Modoc,2021-03-22,18,3638,1,391,11,3067,6,180,12,513,6,1651,18,2164,California
Modoc,2021-03-23,37,3675,7,398,27,3094,3,183,28,535,9,1660,31,2195,California
Modoc,2021-03-24,29,3704,1,399,18,3112,10,193,2,520,27,1687,12,2207,California
Modoc,2021-03-25,77,3781,1,400,74,3186,2,195,45,535,32,1719,47,2254,California
Modoc,2021-03-26,7,3788,2,402,2,3188,3,198,2,535,5,1724,5,2259,California
Modoc,2021-03-27,2,3790,0,402,1,3189,1,199,1,536,1,1725,2,2261,California
Modoc,2021-03-28,2,3792,1,403,0,3189,1,200,0,535,2,1727,1,2262,California
Modoc,2021-03-29,14,3806,1,404,5,3194,8,208,5,539,9,1736,13,2275,California
Modoc,2021-03-30,55,3861,10,414,38,3232,7,215,21,533,34,1770,28,2303,California
Modoc,2021-03-31,9,3870,3,417,2,3234,4,219,3,534,6,1776,7,2310,California
Modoc,2021-04-01,167,4037,2,419,160,3394,5,224,32,436,135,1911,37,2347,California
Modoc,2021-04-02,5,4042,0,419,2,3396,3,227,1,437,3,1914,4,2351,California
Modoc,2021-04-03,5,4047,2,421,0,3396,3,230,2,439,2,1916,4,2355,California
Modoc,2021-04-05,9,4056,0,421,9,3405,0,230,9,448,0,1916,9,2364,California
Modoc,2021-04-06,24,4080,5,426,9,3414,10,240,6,446,18,1934,16,2380,California
Modoc,2021-04-07,12,4092,1,427,4,3418,7,247,3,447,9,1943,10,2390,California
Modoc,2021-04-08,97,4189,1,428,93,3511,3,250,26,405,71,2014,29,2419,California
Modoc,2021-04-09,11,4200,2,430,6,3517,3,253,2,400,9,2023,4,2423,California
Modoc,2021-04-10,5,4205,0,430,1,3518,4,257,0,399,5,2028,4,2427,California
Modoc,2021-04-11,2,4207,2,432,0,3518,0,257,1,399,1,2029,1,2428,California
Modoc,2021-04-12,15,4222,1,433,10,3528,4,261,2,394,11,2040,6,2434,California
Modoc,2021-04-13,30,4252,29,462,1,3529,0,261,21,406,9,2049,21,2455,California
Modoc,2021-04-14,2,4254,2,464,0,3529,0,261,1,406,1,2050,1,2456,California
Modoc,2021-04-15,100,4354,0,464,100,3629,0,261,27,360,73,2123,27,2483,California
Modoc,2021-04-16,4,4358,4,468,0,3629,0,261,3,362,1,2124,3,2486,California
Modoc,2021-04-17,3,4361,2,470,1,3630,0,261,2,363,1,2125,2,2488,California
Modoc,2021-04-18,1,4362,0,470,1,3631,0,261,1,364,0,2125,1,2489,California
Modoc,2021-04-19,7,4369,1,471,6,3637,0,261,2,361,5,2130,2,2491,California
Modoc,2021-04-20,27,4396,2,473,25,3662,0,261,9,352,18,2148,9,2500,California
Modoc,2021-04-21,3,4399,3,476,0,3662,0,261,1,351,2,2150,1,2501,California
Modoc,2021-04-22,98,4497,4,480,94,3756,0,261,41,335,57,2207,41,2542,California
Modoc,2021-04-23,5,4502,1,481,4,3760,0,261,4,338,1,2208,4,2546,California
Modoc,2021-04-24,3,4505,1,482,1,3761,1,262,2,340,1,2209,3,2549,California
Modoc,2021-04-25,1,4506,1,483,0,3761,0,262,1,341,0,2209,1,2550,California
Modoc,2021-04-26,8,4514,1,484,7,3768,0,262,3,339,5,2214,3,2553,California
Modoc,2021-04-27,6,4520,4,488,1,3769,1,263,1,336,5,2219,2,2555,California
Modoc,2021-04-28,5,4525,1,489,3,3772,1,264,1,334,4,2223,2,2557,California
Modoc,2021-04-29,65,4590,2,491,63,3835,0,264,24,317,41,2264,24,2581,California
Modoc,2021-04-30,5,4595,4,495,1,3836,0,264,3,318,2,2266,3,2584,California
Modoc,2021-05-01,1,4596,1,496,0,3836,0,264,0,317,1,2267,0,2584,California
Modoc,2021-05-02,4,4600,3,499,1,3837,0,264,3,319,1,2268,3,2587,California
Modoc,2021-05-03,10,4610,0,499,9,3846,1,265,0,310,10,2278,1,2588,California
Modoc,2021-05-04,11,4621,3,502,6,3852,2,267,5,311,6,2284,7,2595,California
Modoc,2021-05-05,27,4648,24,526,2,3854,1,268,8,301,19,2303,9,2604,California
Modoc,2021-05-06,53,4701,4,530,47,3901,2,270,20,290,33,2336,22,2626,California
Modoc,2021-05-07,7,4708,3,533,2,3903,2,272,1,287,6,2342,3,2629,California
Modoc,2021-05-08,2,4710,1,534,0,3903,1,273,0,286,2,2344,1,2630,California
Modoc,2021-05-09,1,4711,1,535,0,3903,0,273,0,285,1,2345,0,2630,California
Modoc,2021-05-10,4,4715,2,537,1,3904,1,274,1,284,3,2348,2,2632,California
Modoc,2021-05-11,3,4718,1,538,0,3904,2,276,0,283,3,2351,2,2634,California
Mono,2020-12-18,1,1,1,1,0,0,0,0,1,1,0,0,1,1,California
Mono,2020-12-19,5,6,5,6,0,0,0,0,5,6,0,0,5,6,California
Mono,2020-12-20,7,13,7,13,0,0,0,0,7,13,0,0,7,13,California
Mono,2020-12-21,24,37,17,30,7,7,0,0,24,37,0,0,24,37,California
Mono,2020-12-22,66,103,65,95,1,8,0,0,66,103,0,0,66,103,California
Mono,2020-12-23,70,173,42,137,28,36,0,0,70,173,0,0,70,173,California
Mono,2020-12-24,3,176,1,138,2,38,0,0,3,176,0,0,3,176,California
Mono,2020-12-26,3,179,3,141,0,38,0,0,3,179,0,0,3,179,California
Mono,2020-12-28,94,273,63,204,31,69,0,0,94,273,0,0,94,273,California
Mono,2020-12-29,29,302,29,233,0,69,0,0,29,302,0,0,29,302,California
Mono,2020-12-30,77,379,36,269,41,110,0,0,77,379,0,0,77,379,California
Mono,2020-12-31,4,383,1,270,3,113,0,0,4,383,0,0,4,383,California
Mono,2021-01-01,4,387,4,274,0,113,0,0,4,387,0,0,4,387,California
Mono,2021-01-02,2,389,2,276,0,113,0,0,2,389,0,0,2,389,California
Mono,2021-01-04,1,390,0,276,1,114,0,0,1,390,0,0,1,390,California
Mono,2021-01-05,45,435,2,278,43,157,0,0,44,433,1,1,44,434,California
Mono,2021-01-06,44,479,0,278,44,201,0,0,44,477,0,1,44,478,California
Mono,2021-01-07,55,534,3,281,52,253,0,0,54,530,1,2,54,532,California
Mono,2021-01-08,2,536,1,282,1,254,0,0,1,530,1,3,1,533,California
Mono,2021-01-09,4,540,4,286,0,254,0,0,0,526,4,7,0,533,California
Mono,2021-01-10,5,545,5,291,0,254,0,0,0,521,5,12,0,533,California
Mono,2021-01-11,8,553,5,296,3,257,0,0,4,521,4,16,4,537,California
Mono,2021-01-12,282,835,75,371,207,464,0,0,218,676,63,79,218,755,California
Mono,2021-01-13,233,1068,73,444,160,624,0,0,178,799,55,134,178,933,California
Mono,2021-01-14,73,1141,71,515,2,626,0,0,73,872,0,134,73,1006,California
Mono,2021-01-15,62,1203,2,517,60,686,0,0,62,934,0,134,62,1068,California
Mono,2021-01-16,4,1207,3,520,1,687,0,0,1,932,3,137,1,1069,California
Mono,2021-01-18,64,1271,55,575,9,696,0,0,2,872,62,199,2,1071,California
Mono,2021-01-19,210,1481,208,783,2,698,0,0,172,1007,38,237,173,1244,California
Mono,2021-01-20,231,1712,199,982,32,730,0,0,170,1116,61,298,170,1414,California
Mono,2021-01-21,3,1715,3,985,0,730,0,0,3,1119,0,298,3,1417,California
Mono,2021-01-22,4,1719,0,985,4,734,0,0,4,1123,0,298,4,1421,California
Mono,2021-01-23,595,2314,595,1580,0,734,0,0,594,1716,1,299,594,2015,California
Mono,2021-01-25,203,2517,165,1745,38,772,0,0,164,1841,39,338,164,2179,California
Mono,2021-01-26,505,3022,503,2248,2,774,0,0,499,2334,6,344,499,2678,California
Mono,2021-01-27,5,3027,1,2249,4,778,0,0,5,2339,0,344,5,2683,California
Mono,2021-01-28,6,3033,2,2251,4,782,0,0,2,2337,4,348,2,2685,California
Mono,2021-01-30,202,3235,200,2451,2,784,0,0,201,2537,1,349,201,2886,California
Mono,2021-01-31,243,3478,138,2589,105,889,0,0,139,2572,104,453,139,3025,California
Mono,2021-02-01,27,3505,27,2616,0,889,0,0,0,2545,27,480,0,3025,California
Mono,2021-02-02,5,3510,0,2616,5,894,0,0,2,2544,3,483,2,3027,California
Mono,2021-02-03,4,3514,2,2618,2,896,0,0,2,2544,2,485,2,3029,California
Mono,2021-02-04,211,3725,158,2776,53,949,0,0,90,2513,121,606,90,3119,California
Mono,2021-02-05,616,4341,610,3386,6,955,0,0,613,3123,3,609,613,3732,California
Mono,2021-02-06,139,4480,138,3524,1,956,0,0,138,3260,1,610,138,3870,California
Mono,2021-02-07,2,4482,0,3524,2,958,0,0,2,3262,0,610,2,3872,California
Mono,2021-02-08,172,4654,172,3696,0,958,0,0,15,3121,156,766,15,3887,California
Mono,2021-02-09,226,4880,6,3702,220,1178,0,0,14,2923,212,978,14,3901,California
Mono,2021-02-10,537,5417,187,3889,350,1528,0,0,194,2775,343,1321,195,4096,California
Mono,2021-02-11,7,5424,4,3893,3,1531,0,0,2,2772,5,1326,2,4098,California
Mono,2021-02-12,84,5508,20,3913,64,1595,0,0,26,2740,58,1384,26,4124,California
Mono,2021-02-13,586,6094,586,4499,0,1595,0,0,25,2205,560,1944,25,4149,California
Mono,2021-02-15,167,6261,165,4664,2,1597,0,0,3,2046,162,2106,3,4152,California
Mono,2021-02-16,516,6777,513,5177,3,1600,0,0,45,1623,468,2574,45,4197,California
Mono,2021-02-17,6,6783,1,5178,5,1605,0,0,1,1619,5,2579,1,4198,California
Mono,2021-02-18,3,6786,2,5180,1,1606,0,0,2,1620,1,2580,2,4200,California
Mono,2021-02-19,54,6840,53,5233,1,1607,0,0,54,1674,0,2580,54,4254,California
Mono,2021-02-20,4,6844,4,5237,0,1607,0,0,4,1678,0,2580,4,4258,California
Mono,2021-02-21,5,6849,5,5242,0,1607,0,0,3,1679,2,2582,3,4261,California
Mono,2021-02-22,285,7134,284,5526,1,1608,0,0,24,1443,260,2842,24,4285,California
Mono,2021-02-23,135,7269,115,5641,20,1628,0,0,22,1352,113,2955,22,4307,California
Mono,2021-02-24,8,7277,3,5644,5,1633,0,0,2,1348,6,2961,2,4309,California
Mono,2021-02-25,5,7282,2,5646,3,1636,0,0,3,1350,1,2962,3,4312,California
Mono,2021-02-26,597,7879,595,6241,2,1638,0,0,21,796,575,3537,21,4333,California
Mono,2021-02-27,141,8020,137,6378,4,1642,0,0,4,665,135,3672,4,4337,California
Mono,2021-03-01,2,8022,2,6380,0,1642,0,0,1,666,0,3672,1,4338,California
Mono,2021-03-02,5,8027,3,6383,2,1644,0,0,3,667,2,3674,3,4341,California
Mono,2021-03-03,82,8109,2,6385,80,1724,0,0,79,744,2,3676,79,4420,California
Mono,2021-03-04,5,8114,1,6386,4,1728,0,0,3,745,2,3678,3,4423,California
Mono,2021-03-05,37,8151,27,6413,10,1738,0,0,14,736,23,3701,14,4437,California
Mono,2021-03-06,508,8659,17,6430,491,2229,0,0,500,1231,6,3707,501,4938,California
Mono,2021-03-07,1,8660,0,6430,1,2230,0,0,0,1230,1,3708,0,4938,California
Mono,2021-03-08,539,9199,11,6441,525,2755,3,3,530,1754,9,3717,533,5471,California
Mono,2021-03-09,6,9205,2,6443,3,2758,1,4,3,1756,2,3719,4,5475,California
Mono,2021-03-10,286,9491,90,6533,193,2951,3,7,9,1493,275,3994,12,5487,California
Mono,2021-03-11,10,9501,0,6533,1,2952,9,16,0,1492,10,4004,9,5496,California
Mono,2021-03-12,7,9508,1,6534,1,2953,5,21,0,1490,7,4011,5,5501,California
Mono,2021-03-13,823,10331,386,6920,437,3390,0,21,815,2297,8,4019,815,6316,California
Mono,2021-03-14,4,10335,4,6924,0,3390,0,21,1,2295,3,4022,1,6317,California
Mono,2021-03-15,31,10366,23,6947,3,3393,5,26,14,2298,16,4038,19,6336,California
Mono,2021-03-16,16,10382,6,6953,4,3397,6,32,8,2304,8,4046,14,6350,California
Mono,2021-03-17,34,10416,5,6958,21,3418,8,40,22,2322,12,4058,30,6380,California
Mono,2021-03-18,21,10437,2,6960,11,3429,8,48,9,2327,12,4070,17,6397,California
Mono,2021-03-19,21,10458,1,6961,17,3446,3,51,17,2344,3,4073,20,6417,California
Mono,2021-03-20,5,10463,3,6964,1,3447,1,52,4,2348,1,4074,5,6422,California
Mono,2021-03-21,1,10464,1,6965,0,3447,0,52,1,2349,0,4074,1,6423,California
Mono,2021-03-22,11,10475,0,6965,6,3453,5,57,5,2353,6,4080,10,6433,California
Mono,2021-03-23,41,10516,5,6970,31,3484,5,62,18,2353,23,4103,23,6456,California
Mono,2021-03-24,11,10527,1,6971,5,3489,5,67,5,2357,6,4109,10,6466,California
Mono,2021-03-25,19,10546,3,6974,12,3501,4,71,12,2366,7,4116,16,6482,California
Mono,2021-03-26,19,10565,3,6977,11,3512,5,76,10,2373,8,4124,15,6497,California
Mono,2021-03-27,350,10915,347,7324,3,3515,0,76,324,2671,26,4150,324,6821,California
Mono,2021-03-28,1,10916,1,7325,0,3515,0,76,1,2672,0,4150,1,6822,California
Mono,2021-03-29,10,10926,3,7328,6,3521,1,77,8,2679,2,4152,9,6831,California
Mono,2021-03-30,12,10938,0,7328,8,3529,4,81,7,2685,5,4157,11,6842,California
Mono,2021-03-31,126,11064,7,7335,118,3647,1,82,47,2655,78,4235,48,6890,California
Mono,2021-04-01,8,11072,0,7335,7,3654,1,83,3,2654,5,4240,4,6894,California
Mono,2021-04-02,18,11090,2,7337,16,3670,0,83,7,2650,11,4251,7,6901,California
Mono,2021-04-03,846,11936,365,7702,481,4151,0,83,34,1874,810,5061,34,6935,California
Mono,2021-04-05,529,12465,17,7719,511,4662,1,84,30,1407,498,5559,31,6966,California
Mono,2021-04-06,20,12485,2,7721,5,4667,13,97,2,1404,18,5577,15,6981,California
Mono,2021-04-07,25,12510,3,7724,3,4670,19,116,4,1406,21,5598,23,7004,California
Mono,2021-04-08,22,12532,3,7727,2,4672,17,133,4,1409,18,5616,21,7025,California
Mono,2021-04-09,37,12569,4,7731,4,4676,29,162,7,1415,30,5646,36,7061,California
Mono,2021-04-10,446,13015,2,7733,437,5113,7,169,28,1032,418,6064,35,7096,California
Mono,2021-04-11,1,13016,1,7734,0,5113,0,169,0,1031,1,6065,0,7096,California
Mono,2021-04-12,6,13022,0,7734,3,5116,3,172,3,1034,3,6068,6,7102,California
Mono,2021-04-13,18,13040,2,7736,15,5131,1,173,12,1041,6,6074,13,7115,California
Mono,2021-04-14,26,13066,1,7737,25,5156,0,173,7,1029,19,6093,7,7122,California
Mono,2021-04-15,18,13084,3,7740,15,5171,0,173,9,1029,9,6102,9,7131,California
Mono,2021-04-16,16,13100,1,7741,15,5186,0,173,5,1023,11,6113,5,7136,California
Mono,2021-04-17,51,13151,2,7743,49,5235,0,173,44,1060,7,6120,44,7180,California
Mono,2021-04-18,2,13153,1,7744,1,5236,0,173,2,1062,0,6120,2,7182,California
Mono,2021-04-19,527,13680,319,8063,208,5444,0,173,201,939,324,6444,201,7383,California
Mono,2021-04-20,17,13697,2,8065,15,5459,0,173,12,946,5,6449,12,7395,California
Mono,2021-04-21,9,13706,1,8066,8,5467,0,173,4,945,5,6454,4,7399,California
Mono,2021-04-22,27,13733,13,8079,14,5481,0,173,13,944,14,6468,13,7412,California
Mono,2021-04-23,21,13754,2,8081,19,5500,0,173,11,945,10,6478,11,7423,California
Mono,2021-04-24,34,13788,20,8101,14,5514,0,173,19,949,15,6493,19,7442,California
Mono,2021-04-25,3,13791,2,8103,1,5515,0,173,3,952,0,6493,3,7445,California
Mono,2021-04-26,8,13799,1,8104,7,5522,0,173,2,948,6,6499,2,7447,California
Mono,2021-04-27,63,13862,40,8144,18,5540,5,178,49,988,14,6513,54,7501,California
Mono,2021-04-28,63,13925,41,8185,18,5558,4,182,48,1027,13,6526,52,7553,California
Mono,2021-04-29,8,13933,1,8186,4,5562,3,185,2,1026,6,6532,5,7558,California
Mono,2021-04-30,16,13949,3,8189,10,5572,3,188,8,1029,8,6540,11,7569,California
Mono,2021-05-01,110,14059,4,8193,106,5678,0,188,98,1115,12,6552,98,7667,California
Mono,2021-05-03,2,14061,0,8193,1,5679,1,189,0,1114,2,6554,1,7668,California
Mono,2021-05-04,23,14084,1,8194,16,5695,6,195,14,1125,9,6563,20,7688,California
Mono,2021-05-05,52,14136,8,8202,41,5736,3,198,45,1166,7,6570,48,7736,California
Mono,2021-05-06,13,14149,4,8206,8,5744,1,199,8,1170,5,6575,9,7745,California
Mono,2021-05-07,28,14177,22,8228,6,5750,0,199,24,1190,4,6579,24,7769,California
Mono,2021-05-08,50,14227,5,8233,45,5795,0,199,21,1182,29,6608,21,7790,California
Mono,2021-05-09,4,14231,1,8234,3,5798,0,199,4,1186,0,6608,4,7794,California
Mono,2021-05-10,17,14248,2,8236,11,5809,4,203,10,1193,7,6615,14,7808,California
Mono,2021-05-11,15,14263,3,8239,9,5818,3,206,5,1191,10,6625,8,7816,California
Mono,2021-05-12,2,14265,1,8240,1,5819,0,206,1,1191,1,6626,1,7817,California
Monterey,2020-12-16,4,4,4,4,0,0,0,0,4,4,0,0,4,4,California
Monterey,2020-12-17,83,87,83,87,0,0,0,0,83,87,0,0,83,87,California
Monterey,2020-12-18,482,569,482,569,0,0,0,0,482,569,0,0,482,569,California
Monterey,2020-12-19,581,1150,581,1150,0,0,0,0,581,1150,0,0,581,1150,California
Monterey,2020-12-20,422,1572,422,1572,0,0,0,0,422,1572,0,0,422,1572,California
Monterey,2020-12-21,719,2291,719,2291,0,0,0,0,719,2291,0,0,719,2291,California
Monterey,2020-12-22,533,2824,520,2811,13,13,0,0,533,2824,0,0,533,2824,California
Monterey,2020-12-23,437,3261,262,3073,175,188,0,0,437,3261,0,0,437,3261,California
Monterey,2020-12-24,84,3345,10,3083,74,262,0,0,84,3345,0,0,84,3345,California
Monterey,2020-12-25,6,3351,0,3083,6,268,0,0,6,3351,0,0,6,3351,California
Monterey,2020-12-26,92,3443,5,3088,87,355,0,0,92,3443,0,0,92,3443,California
Monterey,2020-12-27,7,3450,4,3092,3,358,0,0,7,3450,0,0,7,3450,California
Monterey,2020-12-28,475,3925,25,3117,450,808,0,0,475,3925,0,0,475,3925,California
Monterey,2020-12-29,898,4823,167,3284,731,1539,0,0,898,4823,0,0,898,4823,California
Monterey,2020-12-30,568,5391,98,3382,470,2009,0,0,568,5391,0,0,568,5391,California
Monterey,2020-12-31,33,5424,11,3393,22,2031,0,0,33,5424,0,0,33,5424,California
Monterey,2021-01-01,12,5436,2,3395,10,2041,0,0,12,5436,0,0,12,5436,California
Monterey,2021-01-02,137,5573,134,3529,3,2044,0,0,137,5573,0,0,137,5573,California
Monterey,2021-01-03,30,5603,29,3558,1,2045,0,0,30,5603,0,0,30,5603,California
Monterey,2021-01-04,411,6014,18,3576,393,2438,0,0,411,6014,0,0,411,6014,California
Monterey,2021-01-05,752,6766,327,3903,425,2863,0,0,738,6738,14,14,738,6752,California
Monterey,2021-01-06,656,7422,172,4075,484,3347,0,0,634,7350,22,36,634,7386,California
Monterey,2021-01-07,746,8168,572,4647,174,3521,0,0,422,7450,322,358,422,7808,California
Monterey,2021-01-08,1087,9255,734,5381,353,3874,0,0,394,7151,693,1051,394,8202,California
Monterey,2021-01-09,965,10220,937,6318,28,3902,0,0,313,6812,652,1703,313,8515,California
Monterey,2021-01-10,274,10494,271,6589,3,3905,0,0,9,6556,265,1968,9,8524,California
Monterey,2021-01-11,1065,11559,985,7574,80,3985,0,0,362,6215,703,2671,362,8886,California
Monterey,2021-01-12,464,12023,387,7961,77,4062,0,0,203,6157,261,2932,203,9089,California
Monterey,2021-01-13,1217,13240,593,8554,624,4686,0,0,1171,7282,46,2978,1171,10260,California
Monterey,2021-01-14,1120,14360,165,8719,955,5641,0,0,1101,8368,19,2997,1105,11365,California
Monterey,2021-01-15,1046,15406,44,8763,1002,6643,0,0,1033,9388,13,3010,1033,12398,California
Monterey,2021-01-16,363,15769,300,9063,63,6706,0,0,358,9741,5,3015,358,12756,California
Monterey,2021-01-17,309,16078,288,9351,21,6727,0,0,296,10024,13,3028,296,13052,California
Monterey,2021-01-18,401,16479,50,9401,351,7078,0,0,380,10383,21,3049,380,13432,California
Monterey,2021-01-19,578,17057,396,9797,182,7260,0,0,419,10645,157,3206,419,13851,California
Monterey,2021-01-20,532,17589,270,10067,262,7522,0,0,326,10765,206,3412,326,14177,California
Monterey,2021-01-21,840,18429,92,10159,748,8270,0,0,730,11389,110,3522,734,14911,California
Monterey,2021-01-22,1050,19479,193,10352,857,9127,0,0,1011,12361,39,3561,1011,15922,California
Monterey,2021-01-23,240,19719,174,10526,66,9193,0,0,117,12357,122,3683,118,16040,California
Monterey,2021-01-24,56,19775,38,10564,18,9211,0,0,22,12345,34,3717,22,16062,California
Monterey,2021-01-25,782,20557,173,10737,609,9820,0,0,157,11884,618,4335,157,16219,California
Monterey,2021-01-26,928,21485,224,10961,704,10524,0,0,236,11428,692,5027,236,16455,California
Monterey,2021-01-27,858,22343,308,11269,550,11074,0,0,379,11328,479,5506,379,16834,California
Monterey,2021-01-28,2021,24364,737,12006,1284,12358,0,0,1681,12671,340,5846,1683,18517,California
Monterey,2021-01-29,1229,25593,707,12713,522,12880,0,0,1112,13668,116,5962,1113,19630,California
Monterey,2021-01-30,442,26035,295,13008,147,13027,0,0,185,13596,257,6219,185,19815,California
Monterey,2021-01-31,493,26528,71,13079,422,13449,0,0,483,14070,10,6229,484,20299,California
Monterey,2021-02-01,1651,28179,1139,14218,512,13961,0,0,1088,14596,562,6791,1088,21387,California
Monterey,2021-02-02,2160,30339,463,14681,1697,15658,0,0,1553,15543,606,7397,1553,22940,California
Monterey,2021-02-03,2327,32666,1045,15726,1282,16940,0,0,1552,16324,771,8168,1552,24492,California
Monterey,2021-02-04,2771,35437,2087,17813,684,17624,0,0,2462,18479,307,8475,2462,26954,California
Monterey,2021-02-05,3641,39078,2819,20632,822,18446,0,0,3206,21255,430,8905,3206,30160,California
Monterey,2021-02-06,1097,40175,379,21011,718,19164,0,0,755,21670,340,9245,755,30915,California
Monterey,2021-02-07,315,40490,270,21281,45,19209,0,0,96,21547,219,9464,96,31011,California
Monterey,2021-02-08,515,41005,290,21571,225,19434,0,0,426,21884,89,9553,426,31437,California
Monterey,2021-02-09,862,41867,674,22245,188,19622,0,0,552,22128,310,9863,554,31991,California
Monterey,2021-02-10,2083,43950,1113,23358,970,20592,0,0,1233,22512,850,10713,1234,33225,California
Monterey,2021-02-11,2498,46448,970,24328,1528,22120,0,0,1544,23106,952,11665,1546,34771,California
Monterey,2021-02-12,2586,49034,428,24756,2158,24278,0,0,1517,23556,1068,12733,1518,36289,California
Monterey,2021-02-13,1068,50102,50,24806,1018,25296,0,0,977,24442,91,12824,977,37266,California
Monterey,2021-02-14,591,50693,73,24879,518,25814,0,0,518,24887,73,12897,518,37784,California
Monterey,2021-02-15,1367,52060,160,25039,1207,27021,0,0,982,25487,383,13280,983,38767,California
Monterey,2021-02-16,1090,53150,244,25283,846,27867,0,0,866,26129,224,13504,866,39633,California
Monterey,2021-02-17,1937,55087,1164,26447,773,28640,0,0,1639,27474,296,13800,1641,41274,California
Monterey,2021-02-18,2226,57313,1177,27624,1049,29689,0,0,909,27082,1303,15103,911,42185,California
Monterey,2021-02-19,2938,60251,1534,29158,1404,31093,0,0,1346,26838,1591,16694,1347,43532,California
Monterey,2021-02-20,1007,61258,607,29765,400,31493,0,0,952,27736,54,16748,952,44484,California
Monterey,2021-02-21,1240,62498,1212,30977,28,31521,0,0,1170,28838,68,16816,1170,45654,California
Monterey,2021-02-22,976,63474,843,31820,133,31654,0,0,643,29150,331,17147,643,46297,California
Monterey,2021-02-23,953,64427,621,32441,332,31986,0,0,302,28803,650,17797,303,46600,California
Monterey,2021-02-24,2464,66891,1315,33756,1149,33135,0,0,1851,30047,608,18405,1852,48452,California
Monterey,2021-02-25,4402,71293,2412,36168,1990,35125,0,0,1472,28597,2923,21328,1473,49925,California
Monterey,2021-02-26,5246,76539,3080,39248,2166,37291,0,0,2625,28605,2618,23946,2626,52551,California
Monterey,2021-02-27,996,77535,182,39430,814,38105,0,0,805,29224,186,24132,805,53356,California
Monterey,2021-02-28,1528,79063,81,39511,1447,39552,0,0,1066,29833,457,24589,1066,54422,California
Monterey,2021-03-01,1281,80344,139,39650,1139,40691,3,3,744,30048,533,25122,748,55170,California
Monterey,2021-03-02,2730,83074,1721,41371,1009,41700,0,3,1878,31078,848,25970,1878,57048,California
Monterey,2021-03-03,3201,86275,1241,42612,1960,43660,0,3,1262,30404,1937,27907,1263,58311,California
Monterey,2021-03-04,4550,90825,1468,44080,3082,46742,0,3,2951,31760,1595,29502,2951,61262,California
Monterey,2021-03-05,3589,94414,1623,45703,1689,48431,277,280,2957,34363,631,30133,3234,64496,California
Monterey,2021-03-06,5037,99451,1067,46770,3667,52098,303,583,4133,37896,901,31034,4434,68930,California
Monterey,2021-03-07,520,99971,108,46878,167,52265,245,828,233,38085,287,31321,476,69406,California
Monterey,2021-03-08,1658,101629,326,47204,943,53208,389,1217,1119,39052,539,31860,1506,70912,California
Monterey,2021-03-09,1906,103535,678,47882,952,54160,276,1493,1417,40255,488,32348,1691,72603,California
Monterey,2021-03-10,3123,106658,1022,48904,1613,55773,488,1981,1418,40462,1698,34046,1905,74508,California
Monterey,2021-03-11,4106,110764,1407,50311,2326,58099,373,2354,2345,41426,1754,35800,2718,77226,California
Monterey,2021-03-12,4319,115083,2047,52358,2137,60236,135,2489,2636,42516,1680,37480,2770,79996,California
Monterey,2021-03-13,5241,120324,960,53318,3934,64170,347,2836,3934,45491,1307,38787,4282,84278,California
Monterey,2021-03-14,2147,122471,1325,54643,797,64967,25,2861,576,44533,1559,40346,601,84879,California
Monterey,2021-03-15,3940,126411,1265,55908,2386,67353,289,3150,2255,45395,1681,42027,2543,87422,California
Monterey,2021-03-16,3491,129902,573,56481,2543,69896,375,3525,2080,46436,1410,43437,2451,89873,California
Monterey,2021-03-17,5706,135608,2336,58817,3117,73013,253,3778,4111,49217,1588,45025,4369,94242,California
Monterey,2021-03-18,4354,139962,2154,60971,2033,75046,167,3945,2999,51072,1349,46374,3204,97446,California
Monterey,2021-03-19,5391,145353,2557,63528,2691,77737,143,4088,4118,54066,1268,47642,4262,101708,California
Monterey,2021-03-20,3310,148663,420,63948,2195,79932,695,4783,2232,55918,1075,48717,2927,104635,California
Monterey,2021-03-21,624,149287,201,64149,415,80347,8,4791,557,56417,65,48782,564,105199,California
Monterey,2021-03-22,2459,151746,1434,65583,963,81310,62,4853,2250,58522,205,48987,2310,107509,California
Monterey,2021-03-23,3973,155719,2351,67934,1579,82889,43,4896,2517,59630,1451,50438,2559,110068,California
Monterey,2021-03-24,4988,160707,2088,70022,2591,85480,309,5205,3633,62219,1351,51789,3940,114008,California
Monterey,2021-03-25,5213,165920,1212,71234,3644,89124,357,5562,2589,62550,2617,54406,2948,116956,California
Monterey,2021-03-26,5293,171213,2603,73837,2624,91748,66,5628,2654,62642,2630,57036,2722,119678,California
Monterey,2021-03-27,4761,175974,1419,75256,3086,94834,256,5884,3050,64240,1708,58744,3306,122984,California
Monterey,2021-03-28,1107,177081,334,75590,764,95598,9,5893,623,64393,479,59223,632,123616,California
Monterey,2021-03-29,3168,180249,1404,76994,1750,97348,14,5907,1951,65151,1210,60433,1968,125584,California
Monterey,2021-03-30,4437,184686,2131,79125,2263,99611,43,5950,2751,66273,1676,62109,2798,128382,California
Monterey,2021-03-31,5290,189976,2379,81504,2122,101733,789,6739,3344,68454,1943,64052,4124,132506,California
Monterey,2021-04-01,6037,196013,2070,83574,3559,105292,408,7147,3027,68890,2995,67047,3431,135937,California
Monterey,2021-04-02,4666,200679,2241,85815,2364,107656,61,7208,3170,70629,1495,68542,3234,139171,California
Monterey,2021-04-03,5776,206455,1106,86921,3649,111305,1021,8229,1187,68258,4573,73115,2202,141373,California
Monterey,2021-04-04,753,207208,156,87077,583,111888,14,8243,485,68491,268,73383,501,141874,California
Monterey,2021-04-05,3973,211181,2465,89542,1280,113168,228,8471,1463,67676,2505,75888,1690,143564,California
Monterey,2021-04-06,3344,214525,1321,90863,1550,114718,473,8944,1122,67048,2220,78108,1592,145156,California
Monterey,2021-04-07,5486,220011,1366,92229,3609,118327,511,9455,2645,67370,2830,80938,3152,148308,California
Monterey,2021-04-08,6466,226477,3447,95676,2217,120544,802,10257,3168,68049,3292,84230,3971,152279,California
Monterey,2021-04-09,5505,231982,3351,99027,1522,122066,632,10889,2219,67616,3283,87513,2850,155129,California
Monterey,2021-04-10,10021,242003,4874,103901,3000,125066,2147,13036,4895,69538,5117,92630,7039,162168,California
Monterey,2021-04-11,5414,247417,4247,108148,566,125632,601,13637,4371,73470,1037,93667,4969,167137,California
Monterey,2021-04-12,4057,251474,1843,109991,1903,127535,311,13948,905,71672,3014,96681,1216,168353,California
Monterey,2021-04-13,3123,254597,720,110711,2398,129933,5,13953,1497,71567,1608,98289,1503,169856,California
Monterey,2021-04-14,6562,261159,3111,113822,3449,133382,2,13955,1798,68616,4751,103040,1800,171656,California
Monterey,2021-04-15,5741,266900,3885,117707,1856,135238,0,13955,3825,70555,1886,104926,3825,175481,California
Monterey,2021-04-16,4665,271565,2391,120098,2260,137498,14,13969,2175,70265,2479,107405,2189,177670,California
Monterey,2021-04-17,5511,277076,1340,121438,4171,141669,0,13969,3686,72140,1811,109216,3686,181356,California
Monterey,2021-04-18,834,277910,253,121691,581,142250,0,13969,235,71780,595,109811,235,181591,California
Monterey,2021-04-19,3667,281577,1283,122974,2384,144634,0,13969,1751,71623,1908,111719,1751,183342,California
Monterey,2021-04-20,3749,285326,1568,124542,2181,146815,0,13969,1544,70984,2184,113903,1545,184887,California
Monterey,2021-04-21,5776,291102,3151,127693,2625,149440,0,13969,2831,70907,2910,116813,2833,187720,California
Monterey,2021-04-22,4694,295796,1011,128704,3683,153123,0,13969,1947,70145,2709,119522,1947,189667,California
Monterey,2021-04-23,5625,301421,2627,131331,2997,156120,1,13970,2210,68962,3397,122919,2214,191881,California
Monterey,2021-04-24,4132,305553,583,131914,3549,159669,0,13970,1530,67921,2571,125490,1530,193411,California
Monterey,2021-04-25,1230,306783,602,132516,628,160297,0,13970,786,68272,435,125925,786,194197,California
Monterey,2021-04-26,3402,310185,2143,134659,1242,161539,17,13987,858,66628,2519,128444,875,195072,California
Monterey,2021-04-27,2499,312684,864,135523,1518,163057,117,14104,1091,66433,1402,129846,1207,196279,California
Monterey,2021-04-28,3493,316177,1357,136880,1998,165055,138,14242,2172,67432,1308,131154,2307,198586,California
Monterey,2021-04-29,4376,320553,2404,139284,1896,166951,76,14318,1631,66405,2735,133889,1708,200294,California
Monterey,2021-04-30,3075,323628,1654,140938,1345,168296,76,14394,759,64930,2308,136197,833,201127,California
Monterey,2021-05-01,5604,329232,4229,145167,1335,169631,40,14434,679,60737,4910,141107,717,201844,California
Monterey,2021-05-02,4349,333581,3925,149092,397,170028,27,14461,324,57076,4012,145119,351,202195,California
Monterey,2021-05-03,2523,336104,1567,150659,839,170867,117,14578,583,55847,1929,147048,700,202895,California
Monterey,2021-05-04,1726,337830,590,151249,1045,171912,91,14669,624,55475,1088,148136,716,203611,California
Monterey,2021-05-05,3217,341047,1184,152433,1948,173860,85,14754,1033,54420,2173,150309,1118,204729,California
Monterey,2021-05-06,4072,345119,2709,155142,1152,175012,211,14965,1115,52802,2944,153253,1326,206055,California
Monterey,2021-05-07,1911,347030,934,156076,882,175894,95,15060,695,52381,1209,154462,788,206843,California
Monterey,2021-05-08,2509,349539,1348,157424,840,176734,321,15381,865,51929,1634,156096,1182,208025,California
Monterey,2021-05-09,393,349932,112,157536,256,176990,25,15406,142,51846,250,156346,167,208192,California
Monterey,2021-05-10,2559,352491,1842,159378,672,177662,45,15451,330,50002,2219,158565,375,208567,California
Monterey,2021-05-11,1377,353868,814,160192,520,178182,43,15494,612,49905,752,159317,655,209222,California
Monterey,2021-05-12,2973,356841,1806,161998,1140,179322,27,15521,547,48061,2418,161735,574,209796,California
Napa,2020-12-16,12,12,12,12,0,0,0,0,12,12,0,0,12,12,California
Napa,2020-12-17,44,56,44,56,0,0,0,0,44,56,0,0,44,56,California
Napa,2020-12-18,101,157,101,157,0,0,0,0,101,157,0,0,101,157,California
Napa,2020-12-19,221,378,221,378,0,0,0,0,221,378,0,0,221,378,California
Napa,2020-12-20,189,567,189,567,0,0,0,0,189,567,0,0,189,567,California
Napa,2020-12-21,311,878,311,878,0,0,0,0,312,879,0,0,312,879,California
Napa,2020-12-22,340,1218,331,1209,9,9,0,0,340,1219,0,0,340,1219,California
Napa,2020-12-23,428,1646,318,1527,110,119,0,0,428,1647,0,0,428,1647,California
Napa,2020-12-24,139,1785,78,1605,61,180,0,0,139,1786,0,0,139,1786,California
Napa,2020-12-25,1,1786,1,1606,0,180,0,0,1,1787,0,0,1,1787,California
Napa,2020-12-26,39,1825,11,1617,28,208,0,0,39,1826,0,0,39,1826,California
Napa,2020-12-27,32,1857,16,1633,16,224,0,0,32,1858,0,0,32,1858,California
Napa,2020-12-28,252,2109,186,1819,66,290,0,0,281,2139,0,0,281,2139,California
Napa,2020-12-29,273,2382,214,2033,59,349,0,0,307,2446,0,0,307,2446,California
Napa,2020-12-30,628,3010,485,2518,143,492,0,0,636,3082,0,0,636,3082,California
Napa,2020-12-31,459,3469,371,2889,88,580,0,0,459,3541,0,0,459,3541,California
Napa,2021-01-01,1,3470,1,2890,0,580,0,0,1,3542,0,0,1,3542,California
Napa,2021-01-02,98,3568,93,2983,5,585,0,0,98,3640,0,0,98,3640,California
Napa,2021-01-03,13,3581,11,2994,2,587,0,0,9,3649,0,0,9,3649,California
Napa,2021-01-04,107,3688,64,3058,43,630,0,0,107,3756,0,0,107,3756,California
Napa,2021-01-05,162,3850,85,3143,77,707,0,0,145,3877,24,24,145,3901,California
Napa,2021-01-06,460,4310,115,3258,345,1052,0,0,396,4211,62,86,396,4297,California
Napa,2021-01-07,499,4809,235,3493,264,1316,0,0,398,4509,100,186,398,4695,California
Napa,2021-01-08,443,5252,227,3720,216,1532,0,0,262,4591,180,366,262,4957,California
Napa,2021-01-09,325,5577,300,4020,25,1557,0,0,189,4644,136,502,189,5146,California
Napa,2021-01-10,186,5763,103,4123,83,1640,0,0,109,4676,77,579,109,5255,California
Napa,2021-01-11,883,6646,426,4549,457,2097,0,0,510,4814,374,953,512,5767,California
Napa,2021-01-12,1313,7959,370,4919,943,3040,0,0,998,5497,315,1268,998,6765,California
Napa,2021-01-13,1311,9270,264,5183,1047,4087,0,0,1149,6486,161,1429,1150,7915,California
Napa,2021-01-14,1053,10323,173,5356,880,4967,0,0,935,7305,116,1545,935,8850,California
Napa,2021-01-15,1457,11780,385,5741,1072,6039,0,0,1308,8457,157,1702,1309,10159,California
Napa,2021-01-16,357,12137,134,5875,223,6262,0,0,339,8778,18,1720,339,10498,California
Napa,2021-01-17,341,12478,176,6051,165,6427,0,0,331,9099,10,1730,331,10829,California
Napa,2021-01-18,1081,13559,197,6248,884,7311,0,0,990,9998,91,1821,990,11819,California
Napa,2021-01-19,1009,14568,404,6652,605,7916,0,0,767,10524,241,2062,767,12586,California
Napa,2021-01-20,826,15394,185,6837,641,8557,0,0,643,10986,181,2243,643,13229,California
Napa,2021-01-21,1336,16730,374,7211,962,9519,0,0,1081,11814,254,2497,1082,14311,California
Napa,2021-01-22,1541,18271,412,7623,1129,10648,0,0,1214,12703,326,2823,1215,15526,California
Napa,2021-01-23,398,18669,318,7941,80,10728,0,0,336,12977,62,2885,336,15862,California
Napa,2021-01-24,265,18934,188,8129,77,10805,0,0,208,13128,57,2942,208,16070,California
Napa,2021-01-25,1521,20455,231,8360,1290,12095,0,0,1431,14469,90,3032,1431,17501,California
Napa,2021-01-26,882,21337,286,8646,596,12691,0,0,788,15164,94,3126,789,18290,California
Napa,2021-01-27,627,21964,221,8867,406,13097,0,0,471,15480,156,3282,472,18762,California
Napa,2021-01-28,389,22353,176,9043,213,13310,0,0,197,15487,190,3472,197,18959,California
Napa,2021-01-29,256,22609,65,9108,191,13501,0,0,161,15553,95,3567,161,19120,California
Napa,2021-01-30,805,23414,696,9804,109,13610,0,0,641,16030,164,3731,641,19761,California
Napa,2021-01-31,656,24070,625,10429,31,13641,0,0,630,16634,26,3757,630,20391,California
Napa,2021-02-01,315,24385,110,10539,205,13846,0,0,163,16645,152,3909,163,20554,California
Napa,2021-02-02,608,24993,281,10820,327,14173,0,0,298,16636,307,4216,298,20852,California
Napa,2021-02-03,746,25739,310,11130,436,14609,0,0,431,16753,314,4530,431,21283,California
Napa,2021-02-04,789,26528,373,11503,416,15025,0,0,441,16848,346,4876,441,21724,California
Napa,2021-02-05,711,27239,311,11814,400,15425,0,0,343,16823,368,5244,343,22067,California
Napa,2021-02-06,434,27673,146,11960,288,15713,0,0,328,17045,106,5350,328,22395,California
Napa,2021-02-07,176,27849,163,12123,13,15726,0,0,71,17011,105,5455,71,22466,California
Napa,2021-02-08,837,28686,191,12314,646,16372,0,0,274,16725,560,6015,274,22740,California
Napa,2021-02-09,1079,29765,444,12758,635,17007,0,0,438,16522,641,6656,438,23178,California
Napa,2021-02-10,1720,31485,193,12951,1527,18534,0,0,452,15710,1265,7921,453,23631,California
Napa,2021-02-11,1496,32981,195,13146,1301,19835,0,0,407,15042,1076,8997,408,24039,California
Napa,2021-02-12,2166,35147,843,13989,1323,21158,0,0,725,14330,1437,10434,725,24764,California
Napa,2021-02-13,499,35646,52,14041,447,21605,0,0,313,14457,186,10620,313,25077,California
Napa,2021-02-14,356,36002,89,14130,267,21872,0,0,194,14489,162,10782,194,25271,California
Napa,2021-02-15,876,36878,183,14313,693,22565,0,0,221,14057,653,11435,221,25492,California
Napa,2021-02-16,1288,38166,597,14910,691,23256,0,0,612,13995,674,12109,612,26104,California
Napa,2021-02-17,1051,39217,534,15444,517,23773,0,0,481,13908,568,12677,481,26585,California
Napa,2021-02-18,1902,41119,486,15930,1416,25189,0,0,659,13327,1240,13917,659,27244,California
Napa,2021-02-19,1483,42602,588,16518,895,26084,0,0,677,13199,805,14722,677,27921,California
Napa,2021-02-20,823,43425,597,17115,226,26310,0,0,274,12924,549,15271,274,28195,California
Napa,2021-02-21,799,44224,736,17851,63,26373,0,0,197,12519,602,15873,197,28392,California
Napa,2021-02-22,444,44668,187,18038,257,26630,0,0,138,12351,306,16179,138,28530,California
Napa,2021-02-23,1125,45793,301,18339,824,27454,0,0,308,11842,817,16996,308,28838,California
Napa,2021-02-24,1164,46957,644,18983,520,27974,0,0,576,11832,586,17582,576,29414,California
Napa,2021-02-25,2554,49511,1223,20206,1331,29305,0,0,1844,12967,709,18291,1844,31258,California
Napa,2021-02-26,1508,51019,529,20735,979,30284,0,0,594,12649,912,19203,594,31852,California
Napa,2021-02-27,1119,52138,379,21114,740,31024,0,0,867,13266,250,19453,867,32719,California
Napa,2021-02-28,560,52698,459,21573,101,31125,0,0,461,13630,97,19550,461,33180,California
Napa,2021-03-01,1102,53800,816,22389,286,31411,0,0,832,14193,269,19819,832,34012,California
Napa,2021-03-02,1485,55285,1026,23415,459,31870,0,0,1143,14995,341,20160,1143,35155,California
Napa,2021-03-03,1554,56839,690,24105,864,32734,0,0,1370,16182,183,20343,1370,36525,California
Napa,2021-03-04,1708,58547,784,24889,924,33658,0,0,1470,17417,235,20578,1470,37995,California
Napa,2021-03-05,1895,60442,788,25677,1103,34761,4,4,1476,18480,417,20995,1480,39475,California
Napa,2021-03-06,648,61090,281,25958,336,35097,31,35,535,18935,111,21106,566,40041,California
Napa,2021-03-07,520,61610,318,26276,187,35284,15,50,370,19170,150,21256,385,40426,California
Napa,2021-03-08,706,62316,330,26606,323,35607,53,103,529,19577,175,21431,582,41008,California
Napa,2021-03-09,1635,63951,572,27178,1017,36624,46,149,1203,20397,429,21860,1249,42257,California
Napa,2021-03-10,1479,65430,917,28095,468,37092,94,243,777,20569,698,22558,870,43127,California
Napa,2021-03-11,1877,67307,1060,29155,688,37780,129,372,986,20793,891,23449,1115,44242,California
Napa,2021-03-12,1506,68813,914,30069,496,38276,96,468,801,20986,703,24152,896,45138,California
Napa,2021-03-13,1167,69980,302,30371,840,39116,25,493,829,21504,336,24488,854,45992,California
Napa,2021-03-14,613,70593,331,30702,134,39250,148,641,229,21497,383,24871,376,46368,California
Napa,2021-03-15,949,71542,408,31110,472,39722,69,710,480,21579,467,25338,549,46917,California
Napa,2021-03-16,1840,73382,389,31499,1325,41047,126,836,1378,22626,458,25796,1505,48422,California
Napa,2021-03-17,2499,75881,1849,33348,471,41518,179,1015,1588,23482,911,26707,1767,50189,California
Napa,2021-03-18,2107,77988,920,34268,1177,42695,10,1025,1283,23953,822,27529,1293,51482,California
Napa,2021-03-19,1444,79432,872,35140,544,43239,28,1053,711,23962,730,28259,739,52221,California
Napa,2021-03-20,1007,80439,529,35669,325,43564,153,1206,433,23975,573,28832,586,52807,California
Napa,2021-03-21,701,81140,680,36349,19,43583,2,1208,349,23975,351,29183,351,53158,California
Napa,2021-03-22,1291,82431,1115,37464,165,43748,11,1219,490,23680,796,29979,501,53659,California
Napa,2021-03-23,1819,84250,1128,38592,674,44422,17,1236,1019,23920,796,30775,1036,54695,California
Napa,2021-03-24,1709,85959,945,39537,755,45177,9,1245,822,23865,886,31661,831,55526,California
Napa,2021-03-25,1637,87596,1051,40588,532,45709,54,1299,749,23784,885,32546,804,56330,California
Napa,2021-03-26,1298,88894,831,41419,461,46170,6,1305,592,23680,702,33248,598,56928,California
Napa,2021-03-27,950,89844,432,41851,491,46661,27,1332,318,23393,632,33880,345,57273,California
Napa,2021-03-28,483,90327,373,42224,103,46764,7,1339,184,23286,298,34178,191,57464,California
Napa,2021-03-29,1195,91522,871,43095,319,47083,5,1344,735,23567,459,34637,740,58204,California
Napa,2021-03-30,2544,94066,929,44024,1611,48694,4,1348,1758,24543,786,35423,1762,59966,California
Napa,2021-03-31,1965,96031,959,44983,937,49631,69,1417,802,24252,1160,36583,869,60835,California
Napa,2021-04-01,1732,97763,831,45814,785,50416,116,1533,470,23581,1256,37839,585,61420,California
Napa,2021-04-02,1833,99596,822,46636,869,51285,142,1675,458,22809,1372,39211,600,62020,California
Napa,2021-04-03,625,100221,362,46998,204,51489,59,1734,210,22662,415,39626,268,62288,California
Napa,2021-04-04,354,100575,144,47142,152,51641,58,1792,125,22617,228,39854,183,62471,California
Napa,2021-04-05,1264,101839,755,47897,291,51932,218,2010,574,22720,689,40543,792,63263,California
Napa,2021-04-06,2230,104069,560,48457,1415,53347,255,2265,529,21806,1698,42241,784,64047,California
Napa,2021-04-07,1723,105792,703,49160,799,54146,221,2486,523,21354,1195,43436,743,64790,California
Napa,2021-04-08,1846,107638,1057,50217,419,54565,370,2856,957,21794,885,44321,1325,66115,California
Napa,2021-04-09,1530,109168,919,51136,309,54874,302,3158,676,21919,852,45173,977,67092,California
Napa,2021-04-10,1031,110199,346,51482,584,55458,101,3259,239,21467,791,45964,339,67431,California
Napa,2021-04-11,384,110583,299,51781,62,55520,23,3282,155,21416,229,46193,178,67609,California
Napa,2021-04-12,784,111367,301,52082,359,55879,124,3406,292,21338,491,46684,413,68022,California
Napa,2021-04-13,2522,113889,843,52925,1679,57558,0,3406,920,20661,1597,48281,920,68942,California
Napa,2021-04-14,2063,115952,978,53903,1085,58643,0,3406,1007,20620,1048,49329,1007,69949,California
Napa,2021-04-15,2046,117998,526,54429,1520,60163,0,3406,875,20329,1166,50495,875,70824,California
Napa,2021-04-16,2900,120898,1571,56000,1329,61492,0,3406,2186,21803,712,51207,2186,73010,California
Napa,2021-04-17,1127,122025,267,56267,860,62352,0,3406,830,22337,296,51503,830,73840,California
Napa,2021-04-18,265,122290,173,56440,92,62444,0,3406,118,22309,146,51649,118,73958,California
Napa,2021-04-19,609,122899,339,56779,270,62714,0,3406,266,22233,342,51991,266,74224,California
Napa,2021-04-20,3038,125937,2065,58844,973,63687,0,3406,2087,23371,950,52941,2088,76312,California
Napa,2021-04-21,2910,128847,2150,60994,760,64447,0,3406,1856,24180,1048,53989,1857,78169,California
Napa,2021-04-22,1628,130475,1130,62124,498,64945,0,3406,834,24224,790,54779,834,79003,California
Napa,2021-04-23,1625,132100,1246,63370,377,65322,2,3408,1153,24909,468,55247,1153,80156,California
Napa,2021-04-24,545,132645,315,63685,230,65552,0,3408,284,24935,258,55505,284,80440,California
Napa,2021-04-25,248,132893,191,63876,57,65609,0,3408,129,24946,118,55623,129,80569,California
Napa,2021-04-26,493,133386,256,64132,237,65846,0,3408,251,24959,238,55861,251,80820,California
Napa,2021-04-27,1501,134887,426,64558,1064,66910,11,3419,622,24716,876,56737,633,81453,California
Napa,2021-04-28,969,135856,426,64984,526,67436,17,3436,319,24403,649,57386,336,81789,California
Napa,2021-04-29,636,136492,324,65308,293,67729,19,3455,199,24189,431,57817,217,82006,California
Napa,2021-04-30,597,137089,299,65607,234,67963,64,3519,247,24150,349,58166,310,82316,California
Napa,2021-05-01,318,137407,264,65871,44,68007,10,3529,116,24074,202,58368,126,82442,California
Napa,2021-05-02,237,137644,193,66064,38,68045,6,3535,99,24042,137,58505,105,82547,California
Napa,2021-05-03,620,138264,494,66558,92,68137,34,3569,101,23662,516,59021,136,82683,California
Napa,2021-05-04,1125,139389,715,67273,301,68438,109,3678,297,23243,825,59846,406,83089,California
Napa,2021-05-05,1018,140407,684,67957,299,68737,35,3713,258,22779,757,60603,293,83382,California
Napa,2021-05-06,708,141115,315,68272,370,69107,23,3736,367,22835,334,60937,390,83772,California
Napa,2021-05-07,547,141662,350,68622,152,69259,45,3781,167,22670,376,61313,211,83983,California
Napa,2021-05-08,263,141925,166,68788,86,69345,11,3792,96,22611,166,61479,107,84090,California
Napa,2021-05-09,104,142029,75,68863,29,69374,0,3792,47,22603,55,61534,47,84137,California
Napa,2021-05-10,411,142440,133,68996,257,69631,21,3813,101,22416,309,61843,122,84259,California
Napa,2021-05-11,2049,144489,1712,70708,317,69948,20,3833,335,21060,1711,63554,355,84614,California
Napa,2021-05-12,1348,145837,836,71544,474,70422,38,3871,165,20082,1181,64735,203,84817,California
Nevada,2020-12-16,3,3,3,3,0,0,0,0,3,3,0,0,3,3,California
Nevada,2020-12-17,6,9,6,9,0,0,0,0,6,9,0,0,6,9,California
Nevada,2020-12-18,52,61,52,61,0,0,0,0,52,61,0,0,52,61,California
Nevada,2020-12-19,55,116,55,116,0,0,0,0,55,116,0,0,55,116,California
Nevada,2020-12-20,12,128,12,128,0,0,0,0,12,128,0,0,12,128,California
Nevada,2020-12-21,69,197,69,197,0,0,0,0,69,197,0,0,69,197,California
Nevada,2020-12-22,91,288,89,286,2,2,0,0,91,288,0,0,91,288,California
Nevada,2020-12-23,233,521,202,488,31,33,0,0,233,521,0,0,233,521,California
Nevada,2020-12-24,13,534,11,499,2,35,0,0,13,534,0,0,13,534,California
Nevada,2020-12-25,3,537,3,502,0,35,0,0,3,537,0,0,3,537,California
Nevada,2020-12-26,6,543,4,506,2,37,0,0,6,543,0,0,6,543,California
Nevada,2020-12-27,88,631,88,594,0,37,0,0,88,631,0,0,88,631,California
Nevada,2020-12-28,170,801,93,687,77,114,0,0,170,801,0,0,170,801,California
Nevada,2020-12-29,100,901,74,761,26,140,0,0,100,901,0,0,100,901,California
Nevada,2020-12-30,86,987,66,827,20,160,0,0,86,987,0,0,86,987,California
Nevada,2020-12-31,39,1026,9,836,30,190,0,0,39,1026,0,0,39,1026,California
Nevada,2021-01-01,2,1028,0,836,2,192,0,0,2,1028,0,0,2,1028,California
Nevada,2021-01-02,1,1029,1,837,0,192,0,0,1,1029,0,0,1,1029,California
Nevada,2021-01-03,129,1158,126,963,3,195,0,0,129,1158,0,0,129,1158,California
Nevada,2021-01-04,71,1229,47,1010,24,219,0,0,71,1229,0,0,71,1229,California
Nevada,2021-01-05,273,1502,132,1142,141,360,0,0,272,1500,1,1,272,1501,California
Nevada,2021-01-06,91,1593,43,1185,48,408,0,0,83,1575,8,9,83,1584,California
Nevada,2021-01-07,215,1808,43,1228,172,580,0,0,208,1778,6,15,209,1793,California
Nevada,2021-01-08,223,2031,129,1357,94,674,0,0,170,1896,53,68,171,1964,California
Nevada,2021-01-09,64,2095,56,1413,8,682,0,0,16,1864,48,116,16,1980,California
Nevada,2021-01-10,18,2113,9,1422,9,691,0,0,10,1866,8,124,10,1990,California
Nevada,2021-01-11,185,2298,131,1553,54,745,0,0,57,1795,128,252,57,2047,California
Nevada,2021-01-12,597,2895,451,2004,146,891,0,0,531,2260,66,318,531,2578,California
Nevada,2021-01-13,260,3155,147,2151,113,1004,0,0,125,2250,135,453,125,2703,California
Nevada,2021-01-14,238,3393,127,2278,111,1115,0,0,220,2453,17,470,220,2923,California
Nevada,2021-01-15,395,3788,170,2448,225,1340,0,0,297,2652,98,568,297,3220,California
Nevada,2021-01-16,296,4084,15,2463,281,1621,0,0,292,2940,4,572,292,3512,California
Nevada,2021-01-17,35,4119,31,2494,4,1625,0,0,33,2971,2,574,33,3545,California
Nevada,2021-01-18,151,4270,41,2535,110,1735,0,0,141,3102,10,584,141,3686,California
Nevada,2021-01-19,244,4514,85,2620,159,1894,0,0,225,3308,19,603,225,3911,California
Nevada,2021-01-20,258,4772,153,2773,105,1999,0,0,245,3540,13,616,245,4156,California
Nevada,2021-01-21,338,5110,207,2980,131,2130,0,0,325,3852,13,629,325,4481,California
Nevada,2021-01-22,346,5456,209,3189,137,2267,0,0,316,4138,30,659,316,4797,California
Nevada,2021-01-23,177,5633,104,3293,73,2340,0,0,177,4315,0,659,177,4974,California
Nevada,2021-01-24,105,5738,98,3391,7,2347,0,0,66,4342,39,698,66,5040,California
Nevada,2021-01-25,267,6005,137,3528,130,2477,0,0,206,4487,61,759,206,5246,California
Nevada,2021-01-26,403,6408,141,3669,262,2739,0,0,299,4682,104,863,299,5545,California
Nevada,2021-01-27,420,6828,249,3918,171,2910,0,0,396,5054,24,887,396,5941,California
Nevada,2021-01-28,470,7298,319,4237,151,3061,0,0,426,5437,43,930,426,6367,California
Nevada,2021-01-29,603,7901,392,4629,211,3272,0,0,576,5988,26,956,577,6944,California
Nevada,2021-01-30,232,8133,105,4734,127,3399,0,0,229,6214,3,959,229,7173,California
Nevada,2021-01-31,103,8236,86,4820,17,3416,0,0,101,6315,1,960,102,7275,California
Nevada,2021-02-01,291,8527,71,4891,220,3636,0,0,277,6578,14,974,277,7552,California
Nevada,2021-02-02,511,9038,173,5064,338,3974,0,0,323,6713,188,1162,323,7875,California
Nevada,2021-02-03,812,9850,572,5636,240,4214,0,0,758,7418,53,1215,758,8633,California
Nevada,2021-02-04,738,10588,392,6028,346,4560,0,0,488,7657,249,1464,488,9121,California
Nevada,2021-02-05,646,11234,367,6395,279,4839,0,0,455,7923,189,1653,455,9576,California
Nevada,2021-02-06,269,11503,83,6478,186,5025,0,0,242,8138,27,1680,242,9818,California
Nevada,2021-02-07,244,11747,191,6669,53,5078,0,0,190,8274,54,1734,190,10008,California
Nevada,2021-02-08,651,12398,408,7077,243,5321,0,0,553,8729,98,1832,553,10561,California
Nevada,2021-02-09,602,13000,337,7414,265,5586,0,0,463,9053,139,1971,463,11024,California
Nevada,2021-02-10,647,13647,322,7736,325,5911,0,0,416,9239,231,2202,417,11441,California
Nevada,2021-02-11,871,14518,505,8241,366,6277,0,0,542,9453,328,2530,542,11983,California
Nevada,2021-02-12,937,15455,437,8678,500,6777,0,0,616,9751,318,2848,616,12599,California
Nevada,2021-02-13,600,16055,235,8913,365,7142,0,0,389,9934,207,3055,390,12989,California
Nevada,2021-02-14,229,16284,119,9032,110,7252,0,0,201,10107,28,3083,201,13190,California
Nevada,2021-02-15,709,16993,438,9470,271,7523,0,0,535,10468,174,3257,535,13725,California
Nevada,2021-02-16,621,17614,197,9667,424,7947,0,0,451,10750,169,3426,451,14176,California
Nevada,2021-02-17,1186,18800,764,10431,422,8369,0,0,856,11276,330,3756,856,15032,California
Nevada,2021-02-18,1007,19807,548,10979,459,8828,0,0,600,11471,405,4161,600,15632,California
Nevada,2021-02-19,1014,20821,630,11609,384,9212,0,0,652,11763,361,4522,653,16285,California
Nevada,2021-02-20,298,21119,106,11715,192,9404,0,0,173,11812,124,4646,173,16458,California
Nevada,2021-02-21,90,21209,85,11800,5,9409,0,0,8,11739,81,4727,8,16466,California
Nevada,2021-02-22,494,21703,327,12127,167,9576,0,0,346,11938,147,4874,346,16812,California
Nevada,2021-02-23,469,22172,220,12347,249,9825,0,0,206,11884,260,5134,206,17018,California
Nevada,2021-02-24,474,22646,235,12582,239,10064,0,0,248,11908,226,5360,250,17268,California
Nevada,2021-02-25,863,23509,468,13050,395,10459,0,0,433,11913,428,5788,433,17701,California
Nevada,2021-02-26,1237,24746,881,13931,356,10815,0,0,408,11495,826,6614,408,18109,California
Nevada,2021-02-27,354,25100,110,14041,244,11059,0,0,184,11509,170,6784,184,18293,California
Nevada,2021-02-28,265,25365,152,14193,113,11172,0,0,123,11491,141,6925,123,18416,California
Nevada,2021-03-01,822,26187,427,14620,395,11567,0,0,356,11383,464,7389,356,18772,California
Nevada,2021-03-02,708,26895,262,14882,446,12013,0,0,481,11641,223,7612,481,19253,California
Nevada,2021-03-03,965,27860,492,15374,472,12485,1,1,493,11664,471,8083,494,19747,California
Nevada,2021-03-04,1105,28965,616,15990,489,12974,0,1,466,11494,636,8719,466,20213,California
Nevada,2021-03-05,821,29786,461,16451,350,13324,10,11,363,11411,456,9175,373,20586,California
Nevada,2021-03-06,359,30145,121,16572,211,13535,27,38,145,11369,214,9389,172,20758,California
Nevada,2021-03-07,211,30356,109,16681,82,13617,20,58,69,11316,142,9531,89,20847,California
Nevada,2021-03-08,806,31162,538,17219,223,13840,45,103,359,11275,446,9977,405,21252,California
Nevada,2021-03-09,671,31833,320,17539,301,14141,50,153,368,11391,301,10278,417,21669,California
Nevada,2021-03-10,961,32794,606,18145,298,14439,57,210,323,11137,634,10912,380,22049,California
Nevada,2021-03-11,1104,33898,725,18870,354,14793,25,235,550,11166,546,11458,575,22624,California
Nevada,2021-03-12,1192,35090,722,19592,440,15233,30,265,506,11017,684,12142,535,23159,California
Nevada,2021-03-13,271,35361,52,19644,214,15447,5,270,100,10951,170,12312,104,23263,California
Nevada,2021-03-14,155,35516,21,19665,128,15575,6,276,33,10868,122,12434,39,23302,California
Nevada,2021-03-15,841,36357,456,20121,373,15948,12,288,358,10758,480,12914,370,23672,California
Nevada,2021-03-16,994,37351,466,20587,467,16415,61,349,646,11119,346,13260,707,24379,California
Nevada,2021-03-17,1016,38367,451,21038,555,16970,10,359,586,11288,427,13687,596,24975,California
Nevada,2021-03-18,974,39341,529,21567,421,17391,24,383,478,11298,492,14179,502,25477,California
Nevada,2021-03-19,758,40099,437,22004,284,17675,37,420,352,11285,402,14581,389,25866,California
Nevada,2021-03-20,822,40921,92,22096,306,17981,424,844,235,11359,581,15162,655,26521,California
Nevada,2021-03-21,58,40979,32,22128,25,18006,1,845,40,11383,17,15179,41,26562,California
Nevada,2021-03-22,795,41774,513,22641,277,18283,5,850,536,11667,257,15436,541,27103,California
Nevada,2021-03-23,852,42626,383,23024,443,18726,26,876,641,12126,208,15644,667,27770,California
Nevada,2021-03-24,1021,43647,541,23565,473,19199,7,883,650,12417,365,16009,656,28426,California
Nevada,2021-03-25,902,44549,454,24019,423,19622,25,908,495,12530,406,16415,519,28945,California
Nevada,2021-03-26,1138,45687,433,24452,667,20289,38,946,826,13084,309,16724,863,29808,California
Nevada,2021-03-27,568,46255,71,24523,481,20770,16,962,386,13304,182,16906,402,30210,California
Nevada,2021-03-28,175,46430,50,24573,112,20882,13,975,39,13223,133,17039,52,30262,California
Nevada,2021-03-29,821,47251,501,25074,298,21180,22,997,393,13212,425,17464,414,30676,California
Nevada,2021-03-30,1043,48294,475,25549,534,21714,34,1031,539,13289,496,17960,573,31249,California
Nevada,2021-03-31,1174,49468,658,26207,499,22213,17,1048,694,13528,471,18431,710,31959,California
Nevada,2021-04-01,1228,50696,716,26923,459,22672,53,1101,541,13443,679,19110,594,32553,California
Nevada,2021-04-02,1282,51978,655,27578,591,23263,36,1137,761,13723,517,19627,797,33350,California
Nevada,2021-04-03,288,52266,89,27667,161,23424,38,1175,83,13640,204,19831,121,33471,California
Nevada,2021-04-04,128,52394,42,27709,79,23503,7,1182,77,13673,51,19882,84,33555,California
Nevada,2021-04-05,929,53323,610,28319,300,23803,19,1201,618,14002,308,20190,637,34192,California
Nevada,2021-04-06,1070,54393,662,28981,264,24067,144,1345,471,14024,592,20782,614,34806,California
Nevada,2021-04-07,1143,55536,815,29796,246,24313,82,1427,605,14179,531,21313,686,35492,California
Nevada,2021-04-08,1278,56814,890,30686,305,24618,83,1510,706,14399,569,21882,789,36281,California
Nevada,2021-04-09,1243,58057,846,31532,328,24946,69,1579,844,14914,398,22280,913,37194,California
Nevada,2021-04-10,264,58321,76,31608,112,25058,76,1655,110,14947,153,22433,186,37380,California
Nevada,2021-04-11,100,58421,31,31639,65,25123,4,1659,39,14929,61,22494,43,37423,California
Nevada,2021-04-12,736,59157,536,32175,183,25306,17,1676,311,14836,421,22915,328,37751,California
Nevada,2021-04-13,889,60046,351,32526,538,25844,0,1676,480,14909,407,23322,480,38231,California
Nevada,2021-04-14,1051,61097,565,33091,486,26330,0,1676,540,14946,503,23825,540,38771,California
Nevada,2021-04-15,1074,62171,710,33801,364,26694,0,1676,623,15128,441,24266,623,39394,California
Nevada,2021-04-16,900,63071,698,34499,202,26896,0,1676,529,15287,370,24636,529,39923,California
Nevada,2021-04-17,199,63270,52,34551,147,27043,0,1676,87,15263,111,24747,87,40010,California
Nevada,2021-04-18,184,63454,20,34571,164,27207,0,1676,101,15281,83,24830,101,40111,California
Nevada,2021-04-19,750,64204,481,35052,269,27476,0,1676,304,15147,438,25268,304,40415,California
Nevada,2021-04-20,795,64999,307,35359,488,27964,0,1676,298,14953,492,25760,298,40713,California
Nevada,2021-04-21,897,65896,490,35849,407,28371,0,1676,266,14597,622,26382,266,40979,California
Nevada,2021-04-22,991,66887,619,36468,372,28743,0,1676,339,14295,641,27023,339,41318,California
Nevada,2021-04-23,1215,68102,537,37005,678,29421,0,1676,395,13881,809,27832,395,41713,California
Nevada,2021-04-24,520,68622,73,37078,447,29868,0,1676,169,13701,349,28181,169,41882,California
Nevada,2021-04-25,116,68738,61,37139,50,29918,5,1681,51,13693,64,28245,56,41938,California
Nevada,2021-04-26,696,69434,527,37666,161,30079,8,1689,196,13406,491,28736,204,42142,California
Nevada,2021-04-27,758,70192,345,38011,408,30487,5,1694,393,13447,357,29093,398,42540,California
Nevada,2021-04-28,983,71175,580,38591,398,30885,5,1699,387,13248,591,29684,392,42932,California
Nevada,2021-04-29,1011,72186,708,39299,299,31184,4,1703,276,12795,733,30417,280,43212,California
Nevada,2021-04-30,1222,73408,723,40022,490,31674,9,1712,200,11984,1020,31437,209,43421,California
Nevada,2021-05-01,142,73550,64,40086,74,31748,4,1716,63,11974,77,31514,67,43488,California
Nevada,2021-05-02,53,73603,29,40115,20,31768,4,1720,19,11963,34,31548,23,43511,California
Nevada,2021-05-03,603,74206,402,40517,182,31950,19,1739,177,11735,423,31971,195,43706,California
Nevada,2021-05-04,585,74791,172,40689,394,32344,19,1758,331,11836,249,32220,350,44056,California
Nevada,2021-05-05,723,75514,379,41068,327,32671,17,1775,311,11760,404,32624,328,44384,California
Nevada,2021-05-06,797,76311,566,41634,220,32891,11,1786,187,11356,602,33226,198,44582,California
Nevada,2021-05-07,876,77187,487,42121,354,33245,35,1821,187,10889,689,33915,222,44804,California
Nevada,2021-05-08,173,77360,21,42142,132,33377,20,1841,80,10896,93,34008,100,44904,California
Nevada,2021-05-09,44,77404,8,42150,34,33411,2,1843,21,10896,23,34031,23,44927,California
Nevada,2021-05-10,381,77785,244,42394,114,33525,23,1866,71,10680,310,34341,94,45021,California
Nevada,2021-05-11,483,78268,143,42537,330,33855,10,1876,112,10439,363,34704,122,45143,California
Nevada,2021-05-12,459,78727,206,42743,248,34103,5,1881,103,10199,348,35052,108,45251,California
Orange,2020-12-15,16,16,16,16,0,0,0,0,16,16,0,0,16,16,California
Orange,2020-12-16,366,382,366,382,0,0,0,0,366,382,0,0,366,382,California
Orange,2020-12-17,3726,4108,3726,4108,0,0,0,0,3725,4107,0,0,3725,4107,California
Orange,2020-12-18,5054,9162,5047,9155,7,7,0,0,5053,9160,0,0,5053,9160,California
Orange,2020-12-19,2233,11395,2226,11381,7,14,0,0,2232,11392,0,0,2232,11392,California
Orange,2020-12-20,1985,13380,1982,13363,3,17,0,0,1986,13378,0,0,1986,13378,California
Orange,2020-12-21,4253,17633,4247,17610,6,23,0,0,4253,17631,0,0,4253,17631,California
Orange,2020-12-22,3983,21616,3947,21557,36,59,0,0,3983,21614,0,0,3983,21614,California
Orange,2020-12-23,3563,25179,3200,24757,363,422,0,0,3565,25179,0,0,3565,25179,California
Orange,2020-12-24,1380,26559,1079,25836,301,723,0,0,1380,26559,0,0,1380,26559,California
Orange,2020-12-25,17,26576,12,25848,5,728,0,0,17,26576,0,0,17,26576,California
Orange,2020-12-26,1023,27599,423,26271,600,1328,0,0,1023,27599,0,0,1023,27599,California
Orange,2020-12-27,582,28181,275,26546,307,1635,0,0,582,28181,0,0,582,28181,California
Orange,2020-12-28,3542,31723,2568,29114,974,2609,0,0,3542,31723,0,0,3542,31723,California
Orange,2020-12-29,3575,35298,2563,31677,1012,3621,0,0,3574,35296,1,1,3574,35297,California
Orange,2020-12-30,5129,40427,3558,35235,1571,5192,0,0,5129,40425,0,1,5129,40426,California
Orange,2020-12-31,1498,41925,801,36036,697,5889,0,0,1498,41923,0,1,1498,41924,California
Orange,2021-01-01,546,42471,299,36335,247,6136,0,0,545,42467,1,2,545,42469,California
Orange,2021-01-02,1415,43886,904,37239,511,6647,0,0,1415,43882,0,2,1415,43884,California
Orange,2021-01-03,583,44469,323,37562,260,6907,0,0,583,44465,0,2,583,44467,California
Orange,2021-01-04,2745,47214,1562,39124,1183,8090,0,0,2746,47210,1,3,2746,47213,California
Orange,2021-01-05,3524,50738,2296,41420,1228,9318,0,0,3117,49927,403,406,3120,50333,California
Orange,2021-01-06,5011,55749,3466,44886,1545,10863,0,0,3644,52216,1355,1761,3644,53977,California
Orange,2021-01-07,9267,65016,5168,50054,4099,14962,0,0,5696,54358,3558,5319,5700,59677,California
Orange,2021-01-08,9420,74436,5269,55323,4151,19113,0,0,5657,56265,3753,9072,5660,65337,California
Orange,2021-01-09,5011,79447,1743,57066,3268,22381,0,0,3729,58712,1282,10354,3729,69066,California
Orange,2021-01-10,4237,83684,1042,58108,3195,25576,0,0,3358,61196,878,11232,3362,72428,California
Orange,2021-01-11,9442,93126,4903,63011,4539,30115,0,0,5819,63390,3626,14858,5820,78248,California
Orange,2021-01-12,8820,101946,4724,67735,4096,34211,0,0,5356,65285,3462,18320,5357,83605,California
Orange,2021-01-13,10258,112204,4924,72659,5334,39545,0,0,7056,69150,3198,21518,7063,90668,California
Orange,2021-01-14,9971,122175,3778,76437,6193,45738,0,0,8378,75944,1590,23108,8384,99052,California
Orange,2021-01-15,10172,132347,2628,79065,7544,53282,0,0,9293,84356,887,23995,9299,108351,California
Orange,2021-01-16,8708,141055,2096,81161,6612,59894,0,0,8312,92278,395,24390,8317,116668,California
Orange,2021-01-17,8157,149212,1484,82645,6673,66567,0,0,8010,100151,147,24537,8020,124688,California
Orange,2021-01-18,9756,158968,4460,87105,5296,71863,0,0,7512,105420,2246,26783,7515,132203,California
Orange,2021-01-19,7495,166463,5414,92519,2081,73944,0,0,4863,107652,2632,29415,4864,137067,California
Orange,2021-01-20,8383,174846,5920,98439,2463,76407,0,0,5321,109919,3062,32477,5329,142396,California
Orange,2021-01-21,11013,185859,4905,103344,6108,82515,0,0,10200,119318,812,33289,10211,152607,California
Orange,2021-01-22,13667,199526,5140,108484,8527,91042,0,0,12813,131292,847,34136,12821,165428,California
Orange,2021-01-23,13137,212663,6187,114671,6950,97992,0,0,12154,142473,981,35117,12162,177590,California
Orange,2021-01-24,9823,222486,4296,118967,5527,103519,0,0,9492,151640,328,35445,9495,187085,California
Orange,2021-01-25,10450,232936,5868,124835,4582,108101,0,0,7721,156643,2723,38168,7726,194811,California
Orange,2021-01-26,11905,244841,7723,132558,4182,112283,0,0,9734,164213,2167,40335,9737,204548,California
Orange,2021-01-27,13435,258276,8010,140568,5425,117708,0,0,10731,172256,2693,43028,10736,215284,California
Orange,2021-01-28,13036,271312,7208,147776,5828,123536,0,0,11170,181583,1851,44879,11178,226462,California
Orange,2021-01-29,13649,284961,8457,156233,5192,128728,0,0,10749,189450,2886,47765,10753,237215,California
Orange,2021-01-30,12933,297894,4444,160677,8489,137217,0,0,12188,200911,730,48495,12191,249406,California
Orange,2021-01-31,13719,311613,4947,165624,8772,145989,0,0,13257,213719,456,48951,13264,262670,California
Orange,2021-02-01,14091,325704,5811,171435,8280,154269,0,0,12073,223800,1997,50948,12078,274748,California
Orange,2021-02-02,15436,341140,8377,179812,7059,161328,0,0,12680,233833,2650,53598,12683,287431,California
Orange,2021-02-03,16768,357908,12585,192397,4183,165511,0,0,13735,244618,2955,56553,13740,301171,California
Orange,2021-02-04,19881,377789,12999,205396,6882,172393,0,0,14790,254356,5060,61613,14798,315969,California
Orange,2021-02-05,20766,398555,12026,217422,8740,181133,0,0,14472,262578,6253,67866,14475,330444,California
Orange,2021-02-06,16337,414892,10795,228217,5542,186675,0,0,11074,268623,5247,73113,11292,341736,California
Orange,2021-02-07,11527,426419,8104,236321,3423,190098,0,0,7551,272383,3960,77073,7720,349456,California
Orange,2021-02-08,14956,441375,8587,244908,6369,196467,0,0,8929,275316,5997,83070,8930,358386,California
Orange,2021-02-09,17682,459057,12041,256949,5641,202108,0,0,10709,279131,6899,89969,10714,369100,California
Orange,2021-02-10,20923,479980,11198,268147,9725,211833,0,0,12679,283671,8148,98117,12688,381788,California
Orange,2021-02-11,22110,502090,11493,279640,10617,222450,0,0,12377,286465,9601,107718,12395,394183,California
Orange,2021-02-12,24795,526885,11913,291553,12882,235332,0,0,14632,291000,10102,117820,14637,408820,California
Orange,2021-02-13,22020,548905,11916,303469,10104,245436,0,0,11149,292121,10669,128489,11790,420610,California
Orange,2021-02-14,16196,565101,6575,310044,9621,255057,0,0,9550,295052,6620,135109,9551,430161,California
Orange,2021-02-15,17231,582332,7396,317440,9835,264892,0,0,8882,295638,8305,143414,8891,439052,California
Orange,2021-02-16,19938,602270,8989,326429,10949,275841,0,0,10722,297216,9168,152582,10746,449798,California
Orange,2021-02-17,17898,620168,9334,335763,8564,284405,0,0,9191,297778,8660,161242,9222,459020,California
Orange,2021-02-18,15035,635203,9876,345639,5159,289564,0,0,6780,296363,8203,169445,6788,465808,California
Orange,2021-02-19,18194,653397,10895,356534,7299,296863,0,0,6936,292104,11207,180652,6948,472756,California
Orange,2021-02-20,7528,660925,5620,362154,1908,298771,0,0,3778,292164,3728,184380,3788,476544,California
Orange,2021-02-21,4381,665306,3698,365852,683,299454,0,0,792,289405,3551,187931,792,477336,California
Orange,2021-02-22,9657,674963,7877,373729,1780,301234,0,0,3896,287585,5731,193662,3911,481247,California
Orange,2021-02-23,13272,688235,7249,380978,6023,307257,0,0,3495,281375,9716,203378,3506,484753,California
Orange,2021-02-24,21172,709407,12841,393819,8331,315588,0,0,5396,271078,15712,219090,5415,490168,California
Orange,2021-02-25,22680,732087,12299,406118,10381,325969,0,0,7997,264480,14611,233701,8013,498181,California
Orange,2021-02-26,27764,759851,14088,420206,13676,339645,0,0,11175,259213,16467,250168,11200,509381,California
Orange,2021-02-27,25007,784858,10104,430310,14901,354546,2,2,7264,248857,17637,267805,7281,516662,California
Orange,2021-02-28,19086,803944,7411,437721,11675,366221,0,2,4826,239559,14141,281946,4843,521505,California
Orange,2021-03-01,18449,822393,8411,446132,10031,376252,7,9,7137,235485,11230,293176,7156,528661,California
Orange,2021-03-02,18852,841245,8910,455042,9939,386191,3,12,9190,235091,9614,302790,9220,537881,California
Orange,2021-03-03,20529,861774,9651,464693,10875,397066,3,15,11008,236684,9441,312231,11034,548915,California
Orange,2021-03-04,22343,884117,12862,477555,9467,406533,14,29,11604,237627,10701,322932,11644,560559,California
Orange,2021-03-05,20763,904880,10768,488323,9950,416483,45,74,12710,242432,8010,330942,12815,573374,California
Orange,2021-03-06,23971,928851,13142,501465,9965,426448,864,938,12675,244735,11260,342202,13563,586937,California
Orange,2021-03-07,14859,943710,8318,509783,6142,432590,399,1337,8672,247678,6148,348350,9091,596028,California
Orange,2021-03-08,16235,959945,7428,517211,7545,440135,1262,2599,10421,253624,5764,354114,11710,607738,California
Orange,2021-03-09,19748,979693,8592,525803,8721,448856,2435,5034,11332,259016,8376,362490,13768,621506,California
Orange,2021-03-10,24326,1004019,11773,537576,9103,457959,3450,8484,12157,262508,12111,374601,15603,637109,California
Orange,2021-03-11,28981,1033000,15687,553263,9075,467034,4219,12703,13429,264692,15461,390062,17645,654754,California
Orange,2021-03-12,29241,1062241,14231,567494,11157,478191,3853,16556,14675,268753,14488,404550,18549,673303,California
Orange,2021-03-13,27717,1089958,10163,577657,13626,491817,3928,20484,14022,273063,13638,418188,17948,691251,California
Orange,2021-03-14,18800,1108758,8149,585806,8126,499943,2525,23009,11869,280545,6901,425089,14383,705634,California
Orange,2021-03-15,22987,1131745,10119,595925,12110,512053,758,23767,14354,287094,8558,433647,15107,720741,California
Orange,2021-03-16,26340,1158085,11136,607061,14979,527032,225,23992,17142,295352,9116,442763,17374,738115,California
Orange,2021-03-17,27306,1185391,13549,620610,13168,540200,589,24581,19431,307566,7803,450566,20017,758132,California
Orange,2021-03-18,27706,1213097,13921,634531,13509,553709,276,24857,21582,323372,6057,456623,21863,779995,California
Orange,2021-03-19,33416,1246513,18361,652892,14615,568324,440,25297,24883,340282,8423,465046,25333,805328,California
Orange,2021-03-20,25746,1272259,13544,666436,11996,580320,206,25503,22031,358869,3653,468699,22240,827568,California
Orange,2021-03-21,18472,1290731,10668,677104,7077,587397,727,26230,15714,372581,2729,471428,16441,844009,California
Orange,2021-03-22,22710,1313441,11728,688832,10660,598057,322,26552,19193,388671,3433,474861,19523,863532,California
Orange,2021-03-23,25954,1339395,13456,702288,11863,609920,635,27187,20853,405142,5021,479882,21492,885024,California
Orange,2021-03-24,29050,1368445,16189,718477,11951,621871,910,28097,22000,421088,6966,486848,22912,907936,California
Orange,2021-03-25,32260,1400705,17176,735653,14381,636252,703,28800,24199,438017,7971,494819,24900,932836,California
Orange,2021-03-26,34719,1435424,18003,753656,15853,652105,863,29663,24985,454236,9631,504450,25850,958686,California
Orange,2021-03-27,28355,1463779,13562,767218,14479,666584,314,29977,19791,465872,8472,512922,20108,978794,California
Orange,2021-03-28,24709,1488488,12779,779997,11862,678446,68,30045,18626,478556,6013,518935,18697,997491,California
Orange,2021-03-29,26398,1514886,12062,792059,13770,692216,566,30611,17912,488632,8404,527339,18480,1015971,California
Orange,2021-03-30,30782,1545668,13849,805908,16297,708513,636,31247,21319,501200,9388,536727,21956,1037927,California
Orange,2021-03-31,36975,1582643,19381,825289,16883,725396,711,31958,24051,513142,12827,549554,24769,1062696,California
Orange,2021-04-01,40166,1622809,21064,846353,17264,742660,1838,33796,26053,527022,14003,563557,27883,1090579,California
Orange,2021-04-02,39802,1662611,20063,866416,17957,760617,1782,35578,22579,534286,17123,580680,24387,1114966,California
Orange,2021-04-03,30001,1692612,15630,882046,12675,773292,1696,37274,14213,534473,15717,596397,15904,1130870,California
Orange,2021-04-04,18331,1710943,10646,892692,6929,780221,756,38030,8178,533304,10099,606496,8930,1139800,California
Orange,2021-04-05,29795,1740738,13925,906617,12493,792714,3377,41407,13825,534592,15900,622396,17188,1156988,California
Orange,2021-04-06,33220,1773958,15555,922172,14245,806959,3420,44827,14365,533592,18764,641160,17764,1174752,California
Orange,2021-04-07,35845,1809803,19992,942164,11286,818245,4567,49394,15787,533938,19979,661139,20325,1195077,California
Orange,2021-04-08,38498,1848301,21425,963589,11644,829889,5429,54823,18756,538445,19648,680787,24155,1219232,California
Orange,2021-04-09,40469,1888770,23580,987169,11745,841634,5144,59967,17930,539038,22455,703242,23048,1242280,California
Orange,2021-04-10,34079,1922849,18071,1005240,11804,853438,4204,64171,14152,537518,19846,723088,18326,1260606,California
Orange,2021-04-11,25460,1948309,14377,1019617,7824,861262,3259,67430,9798,534944,15616,738704,13042,1273648,California
Orange,2021-04-12,30304,1978613,15345,1034962,11428,872690,3531,70961,11936,532071,18314,757018,15441,1289089,California
Orange,2021-04-13,32237,2010850,18125,1053087,14045,886735,67,71028,15036,530036,17136,774154,15101,1304190,California
Orange,2021-04-14,34233,2045083,20011,1073098,14192,900927,30,71058,15026,525976,19118,793272,15058,1319248,California
Orange,2021-04-15,39799,2084882,24285,1097383,15501,916428,13,71071,18493,523275,21209,814481,18508,1337756,California
Orange,2021-04-16,41082,2125964,24146,1121529,16906,933334,30,71101,18557,519439,22429,836910,18593,1356349,California
Orange,2021-04-17,29894,2155858,17246,1138775,12645,945979,3,71104,13003,515632,16817,853727,13010,1369359,California
Orange,2021-04-18,21360,2177218,12916,1151691,8444,954423,0,71104,8464,511248,12851,866578,8467,1377826,California
Orange,2021-04-19,32341,2209559,17820,1169511,14519,968942,2,71106,14856,508707,17402,883980,14861,1392687,California
Orange,2021-04-20,35075,2244634,18208,1187719,16864,985806,3,71109,17537,508781,17465,901445,17539,1410226,California
Orange,2021-04-21,40446,2285080,23277,1210996,17159,1002965,10,71119,19142,506720,21214,922659,19153,1429379,California
Orange,2021-04-22,39104,2324184,20667,1231663,18429,1021394,8,71127,16258,500262,22730,945389,16272,1445651,California
Orange,2021-04-23,39897,2364081,20554,1252217,19337,1040731,6,71133,17738,495952,22056,967445,17746,1463397,California
Orange,2021-04-24,31792,2395873,16651,1268868,15106,1055837,35,71168,13366,491003,18352,985797,13403,1476800,California
Orange,2021-04-25,22929,2418802,12929,1281797,9987,1065824,13,71181,9845,487836,13030,998827,9863,1486663,California
Orange,2021-04-26,25248,2444050,12041,1293838,13029,1078853,178,71359,11042,484935,14121,1012948,11220,1497883,California
Orange,2021-04-27,27727,2471777,12616,1306454,14622,1093475,489,71848,10533,478914,17048,1029996,11027,1508910,California
Orange,2021-04-28,30499,2502276,15173,1321627,14462,1107937,864,72712,12088,473550,18312,1048308,12948,1521858,California
Orange,2021-04-29,31398,2533674,17169,1338796,13277,1121214,952,73664,11229,465642,20084,1068392,12176,1534034,California
Orange,2021-04-30,29296,2562970,16644,1355440,11725,1132939,927,74591,12359,462070,16853,1085245,13281,1547315,California
Orange,2021-05-01,21747,2584717,14655,1370095,6107,1139046,985,75576,8668,458708,13009,1098254,9647,1556962,California
Orange,2021-05-02,15366,2600083,10215,1380310,4510,1143556,641,76217,5376,454794,9929,1108183,6015,1562977,California
Orange,2021-05-03,20409,2620492,12438,1392748,7217,1150773,754,76971,6381,447968,13956,1122139,7130,1570107,California
Orange,2021-05-04,23387,2643879,13335,1406083,9169,1159942,883,77854,8066,441683,15223,1137362,8938,1579045,California
Orange,2021-05-05,21944,2665823,12891,1418974,8168,1168110,885,78739,7155,435048,14671,1152033,8036,1587081,California
Orange,2021-05-06,23843,2689666,15004,1433978,7861,1175971,978,79717,6129,424547,17600,1169633,7099,1594180,California
Orange,2021-05-07,24723,2714389,15335,1449313,8357,1184328,1031,80748,6985,415003,17554,1187187,8010,1602190,California
Orange,2021-05-08,17068,2731457,11404,1460717,4910,1189238,754,81502,4619,408001,12377,1199564,5375,1607565,California
Orange,2021-05-09,10296,2741753,7816,1468533,2103,1191341,377,81879,2648,403424,7601,1207165,3024,1610589,California
Orange,2021-05-10,16840,2758593,10944,1479477,5161,1196502,735,82614,3371,394143,13387,1220552,4106,1614695,California
Orange,2021-05-11,15393,2773986,9459,1488936,5606,1202108,328,82942,3136,385426,12182,1232734,3465,1618160,California
Orange,2021-05-12,11999,2785985,7644,1496580,4043,1206151,312,83254,2777,379358,9157,1241891,3089,1621249,California
Placer,2020-12-15,29,29,29,29,0,0,0,0,29,29,0,0,29,29,California
Placer,2020-12-16,54,83,54,83,0,0,0,0,54,83,0,0,54,83,California
Placer,2020-12-17,140,223,140,223,0,0,0,0,140,223,0,0,140,223,California
Placer,2020-12-18,332,555,332,555,0,0,0,0,332,555,0,0,332,555,California
Placer,2020-12-19,252,807,252,807,0,0,0,0,252,807,0,0,252,807,California
Placer,2020-12-20,234,1041,234,1041,0,0,0,0,234,1041,0,0,234,1041,California
Placer,2020-12-21,493,1534,492,1533,1,1,0,0,493,1534,0,0,493,1534,California
Placer,2020-12-22,675,2209,668,2201,7,8,0,0,675,2209,0,0,675,2209,California
Placer,2020-12-23,748,2957,662,2863,86,94,0,0,748,2957,0,0,748,2957,California
Placer,2020-12-24,398,3355,346,3209,52,146,0,0,398,3355,0,0,398,3355,California
Placer,2020-12-26,156,3511,111,3320,45,191,0,0,156,3511,0,0,156,3511,California
Placer,2020-12-27,186,3697,163,3483,23,214,0,0,186,3697,0,0,186,3697,California
Placer,2020-12-28,663,4360,536,4019,127,341,0,0,663,4360,0,0,663,4360,California
Placer,2020-12-29,762,5122,513,4532,249,590,0,0,762,5122,0,0,762,5122,California
Placer,2020-12-30,728,5850,454,4986,274,864,0,0,726,5848,0,0,726,5848,California
Placer,2020-12-31,529,6379,343,5329,186,1050,0,0,529,6377,0,0,529,6377,California
Placer,2021-01-01,15,6394,11,5340,4,1054,0,0,15,6392,0,0,15,6392,California
Placer,2021-01-02,184,6578,152,5492,32,1086,0,0,184,6576,0,0,184,6576,California
Placer,2021-01-03,154,6732,79,5571,75,1161,0,0,154,6730,0,0,154,6730,California
Placer,2021-01-04,619,7351,180,5751,439,1600,0,0,619,7349,0,0,619,7349,California
Placer,2021-01-05,726,8077,159,5910,567,2167,0,0,643,7911,82,82,644,7993,California
Placer,2021-01-06,760,8837,244,6154,516,2683,0,0,618,8387,142,224,618,8611,California
Placer,2021-01-07,985,9822,368,6522,617,3300,0,0,780,8962,205,429,780,9391,California
Placer,2021-01-08,1184,11006,528,7050,656,3956,0,0,855,9491,326,755,855,10246,California
Placer,2021-01-09,450,11456,321,7371,129,4085,0,0,234,9510,215,970,234,10480,California
Placer,2021-01-10,329,11785,186,7557,143,4228,0,0,164,9509,165,1135,164,10644,California
Placer,2021-01-11,1425,13210,807,8364,618,4846,0,0,836,9757,589,1724,837,11481,California
Placer,2021-01-12,1651,14861,877,9241,774,5620,0,0,1049,10204,602,2326,1049,12530,California
Placer,2021-01-13,1634,16495,821,10062,813,6433,0,0,1210,10995,422,2748,1213,13743,California
Placer,2021-01-14,1775,18270,652,10714,1123,7556,0,0,1419,12062,353,3101,1420,15163,California
Placer,2021-01-15,1936,20206,722,11436,1214,8770,0,0,1586,13300,349,3450,1587,16750,California
Placer,2021-01-16,1470,21676,720,12156,750,9520,0,0,1349,14529,121,3571,1350,18100,California
Placer,2021-01-17,563,22239,397,12553,166,9686,0,0,430,14826,133,3704,430,18530,California
Placer,2021-01-18,976,23215,539,13092,437,10123,0,0,747,15345,229,3933,748,19278,California
Placer,2021-01-19,2611,25826,1948,15040,663,10786,0,0,2161,17056,450,4383,2161,21439,California
Placer,2021-01-20,2266,28092,1697,16737,569,11355,0,0,1937,18665,329,4712,1938,23377,California
Placer,2021-01-21,2557,30649,1113,17850,1444,12799,0,0,2164,20438,392,5104,2165,25542,California
Placer,2021-01-22,2304,32953,595,18445,1709,14508,0,0,2129,22395,173,5277,2130,27672,California
Placer,2021-01-23,1189,34142,380,18825,809,15317,0,0,1034,23274,155,5432,1034,28706,California
Placer,2021-01-24,507,34649,265,19090,242,15559,0,0,431,23630,76,5508,432,29138,California
Placer,2021-01-25,1672,36321,802,19892,870,16429,0,0,1384,24727,288,5796,1385,30523,California
Placer,2021-01-26,1855,38176,1030,20922,825,17254,0,0,1591,26054,264,6060,1591,32114,California
Placer,2021-01-27,1841,40017,1153,22075,688,17942,0,0,1597,27410,242,6302,1598,33712,California
Placer,2021-01-28,1806,41823,1116,23191,690,18632,0,0,1558,28722,246,6548,1558,35270,California
Placer,2021-01-29,1894,43717,1171,24362,723,19355,0,0,1702,30235,191,6739,1704,36974,California
Placer,2021-01-30,1727,45444,973,25335,754,20109,0,0,1606,31721,120,6859,1606,38580,California
Placer,2021-01-31,781,46225,624,25959,157,20266,0,0,713,32367,68,6927,714,39294,California
Placer,2021-02-01,2071,48296,1090,27049,981,21247,0,0,1757,33810,314,7241,1757,41051,California
Placer,2021-02-02,2379,50675,1542,28591,837,22084,0,0,1888,35210,488,7729,1888,42939,California
Placer,2021-02-03,2920,53595,1877,30468,1043,23127,0,0,2296,36886,620,8349,2296,45235,California
Placer,2021-02-04,2759,56354,1187,31655,1572,24699,0,0,1935,38002,820,9169,1936,47171,California
Placer,2021-02-05,2731,59085,1205,32860,1526,26225,0,0,1403,38082,1323,10492,1403,48574,California
Placer,2021-02-06,1954,61039,1313,34173,641,26866,0,0,1401,38930,553,11045,1401,49975,California
Placer,2021-02-07,1226,62265,915,35088,311,27177,0,0,939,39583,286,11331,939,50914,California
Placer,2021-02-08,3301,65566,1767,36855,1534,28711,0,0,1978,40247,1315,12646,1979,52893,California
Placer,2021-02-09,3550,69116,2177,39032,1373,30084,0,0,1644,39987,1904,14550,1644,54537,California
Placer,2021-02-10,3749,72865,2190,41222,1559,31643,0,0,1744,39731,2002,16552,1746,56283,California
Placer,2021-02-11,3693,76558,1905,43127,1788,33431,0,0,1588,39228,2092,18644,1589,57872,California
Placer,2021-02-12,2849,79407,1324,44451,1525,34956,0,0,1669,39755,1143,19787,1670,59542,California
Placer,2021-02-13,2540,81947,1485,45936,1055,36011,0,0,1889,40993,651,20438,1889,61431,California
Placer,2021-02-14,1083,83030,677,46613,406,36417,0,0,738,41389,342,20780,738,62169,California
Placer,2021-02-15,2244,85274,1043,47656,1201,37618,0,0,1532,42209,713,21493,1533,63702,California
Placer,2021-02-16,3574,88848,1780,49436,1794,39412,0,0,1588,41821,1977,23470,1589,65291,California
Placer,2021-02-17,3543,92391,1963,51399,1580,40992,0,0,1510,41302,2029,25499,1510,66801,California
Placer,2021-02-18,3797,96188,2047,53446,1750,42742,0,0,1626,40767,2162,27661,1627,68428,California
Placer,2021-02-19,3585,99773,1910,55356,1675,44417,0,0,1328,39843,2253,29914,1329,69757,California
Placer,2021-02-20,2003,101776,1258,56614,745,45162,0,0,914,39677,1083,30997,917,70674,California
Placer,2021-02-21,974,102750,731,57345,243,45405,0,0,281,39269,690,31687,282,70956,California
Placer,2021-02-22,2523,105273,1775,59120,748,46153,0,0,603,37953,1919,33606,603,71559,California
Placer,2021-02-23,2553,107826,1578,60698,975,47128,0,0,882,37165,1670,35276,882,72441,California
Placer,2021-02-24,3290,111116,1176,61874,2114,49242,0,0,1792,37471,1488,36764,1794,74235,California
Placer,2021-02-25,3630,114746,1517,63391,2113,51355,0,0,1969,37788,1653,38417,1970,76205,California
Placer,2021-02-26,4098,118844,2376,65767,1722,53077,0,0,2354,38402,1740,40157,2354,78559,California
Placer,2021-02-27,2823,121667,1494,67261,1329,54406,0,0,1455,38499,1361,41518,1458,80017,California
Placer,2021-02-28,1401,123068,796,68057,605,55011,0,0,586,38276,809,42327,586,80603,California
Placer,2021-03-01,3000,126068,1991,70048,1009,56020,0,0,1551,38383,1444,43771,1551,82154,California
Placer,2021-03-02,2872,128940,1762,71810,1110,57130,0,0,1876,39268,991,44762,1876,84030,California
Placer,2021-03-03,3319,132259,1423,73233,1896,59026,0,0,1815,39586,1498,46260,1816,85846,California
Placer,2021-03-04,3627,135886,1456,74689,2171,61197,0,0,1895,39762,1720,47980,1896,87742,California
Placer,2021-03-05,3013,138899,1033,75722,1958,63155,22,22,1809,40391,1202,49182,1831,89573,California
Placer,2021-03-06,2413,141312,1486,77208,831,63986,96,118,925,39931,1481,50663,1021,90594,California
Placer,2021-03-07,1298,142610,751,77959,509,64495,38,156,531,39736,764,51427,569,91163,California
Placer,2021-03-08,2907,145517,1826,79785,968,65463,113,269,1647,40238,1258,52685,1760,92923,California
Placer,2021-03-09,3173,148690,1681,81466,1401,66864,91,360,1817,40793,1353,54038,1908,94831,California
Placer,2021-03-10,3282,151972,1321,82787,1854,68718,107,467,1709,41041,1568,55606,1816,96647,California
Placer,2021-03-11,3637,155609,1646,84433,1866,70584,125,592,1747,41035,1881,57487,1875,98522,California
Placer,2021-03-12,3673,159282,1483,85916,1409,71993,781,1373,1252,40654,2415,59902,2034,100556,California
Placer,2021-03-13,2108,161390,741,86657,1248,73241,119,1492,1114,40896,991,60893,1233,101789,California
Placer,2021-03-14,1642,163032,672,87329,821,74062,149,1641,891,41185,751,61644,1040,102829,California
Placer,2021-03-15,3183,166215,1533,88862,1518,75580,132,1773,1765,41666,1417,63061,1898,104727,California
Placer,2021-03-16,3563,169778,1915,90777,1515,77095,133,1906,2287,42822,1265,64326,2421,107148,California
Placer,2021-03-17,3424,173202,1728,92505,1597,78692,99,2005,2210,43921,1212,65538,2311,109459,California
Placer,2021-03-18,4091,177293,2324,94829,1729,80421,38,2043,2864,45602,1220,66758,2901,112360,California
Placer,2021-03-19,3439,180732,2070,96899,1105,81526,264,2307,2196,46825,1236,67994,2459,114819,California
Placer,2021-03-20,2138,182870,897,97796,1144,82670,97,2404,1301,47390,832,68826,1397,116216,California
Placer,2021-03-21,1253,184123,574,98370,670,83340,9,2413,945,48039,305,69131,954,117170,California
Placer,2021-03-22,3269,187392,2103,100473,1077,84417,89,2502,2193,49250,1072,70203,2283,119453,California
Placer,2021-03-23,3526,190918,2097,102570,1338,85755,91,2593,2522,50865,999,71202,2614,122067,California
Placer,2021-03-24,3788,194706,1998,104568,1693,87448,97,2690,1952,51100,1814,73016,2049,124116,California
Placer,2021-03-25,3852,198558,1864,106432,1891,89339,97,2787,1785,50924,2057,75073,1881,125997,California
Placer,2021-03-26,3761,202319,1663,108095,1866,91205,232,3019,1584,50576,2164,77237,1816,127813,California
Placer,2021-03-27,1592,203911,467,108562,1105,92310,20,3039,647,50305,938,78175,667,128480,California
Placer,2021-03-28,1107,205018,527,109089,570,92880,10,3049,374,49961,728,78903,384,128864,California
Placer,2021-03-29,3559,208577,1988,111077,1537,94417,34,3083,1726,49898,1824,80727,1761,130625,California
Placer,2021-03-30,3974,212551,2100,113177,1831,96248,43,3126,2091,50162,1869,82596,2133,132758,California
Placer,2021-03-31,4093,216644,1830,115007,2188,98436,75,3201,1693,49536,2393,84989,1767,134525,California
Placer,2021-04-01,2967,219611,1429,116436,1492,99928,46,3247,1655,49926,1311,86300,1701,136226,California
Placer,2021-04-02,2837,222448,1449,117885,1324,101252,64,3311,1588,50336,1242,87542,1652,137878,California
Placer,2021-04-03,1852,224300,984,118869,740,101992,128,3439,889,50397,956,88498,1017,138895,California
Placer,2021-04-04,710,225010,361,119230,296,102288,53,3492,286,50315,421,88919,339,139234,California
Placer,2021-04-05,2994,228004,1896,121126,914,103202,184,3676,1742,50993,1248,90167,1926,141160,California
Placer,2021-04-06,4277,232281,2469,123595,1509,104711,299,3975,1523,50066,2749,92916,1822,142982,California
Placer,2021-04-07,4505,236786,2570,126165,1474,106185,461,4436,2060,50144,2440,95356,2518,145500,California
Placer,2021-04-08,4688,241474,2592,128757,1550,107735,546,4982,1569,49151,3108,98464,2115,147615,California
Placer,2021-04-09,4101,245575,2263,131020,1220,108955,618,5600,1223,48124,2870,101334,1843,149458,California
Placer,2021-04-10,2007,247582,876,131896,949,109904,182,5782,853,48007,1151,102485,1034,150492,California
Placer,2021-04-11,1353,248935,532,132428,788,110692,33,5815,455,47600,894,103379,487,150979,California
Placer,2021-04-12,4104,253039,2654,135082,1070,111762,380,6195,2466,48818,1627,105006,2845,153824,California
Placer,2021-04-13,4339,257378,2989,138071,1349,113111,1,6196,2184,48853,2150,107156,2185,156009,California
Placer,2021-04-14,4121,261499,2561,140632,1559,114670,1,6197,1847,48435,2265,109421,1847,157856,California
Placer,2021-04-15,4497,265996,2511,143143,1985,116655,1,6198,2353,48656,2133,111554,2354,160210,California
Placer,2021-04-16,3679,269675,2189,145332,1490,118145,0,6198,1438,47859,2235,113789,1438,161648,California
Placer,2021-04-17,2412,272087,836,146168,1576,119721,0,6198,1511,48472,898,114687,1511,163159,California
Placer,2021-04-18,1178,273265,254,146422,924,120645,0,6198,410,48116,766,115453,410,163569,California
Placer,2021-04-19,2920,276185,1790,148212,1130,121775,0,6198,1157,47514,1760,117213,1158,164727,California
Placer,2021-04-20,3771,279956,2448,150660,1323,123098,0,6198,2399,48549,1364,118577,2399,167126,California
Placer,2021-04-21,3650,283606,2392,153052,1257,124355,1,6199,2378,49660,1268,119845,2379,169505,California
Placer,2021-04-22,3652,287258,2257,155309,1395,125750,0,6199,1742,49495,1907,121752,1742,171247,California
Placer,2021-04-23,3495,290753,2319,157628,1175,126925,1,6200,1370,48747,2119,123871,1371,172618,California
Placer,2021-04-24,2071,292824,1254,158882,816,127741,1,6201,1210,49104,853,124724,1210,173828,California
Placer,2021-04-25,900,293724,497,159379,403,128144,0,6201,556,49316,344,125068,556,174384,California
Placer,2021-04-26,2200,295924,1205,160584,972,129116,23,6224,1097,49342,1093,126161,1119,175503,California
Placer,2021-04-27,2492,298416,1310,161894,1147,130263,35,6259,1472,49836,1014,127175,1508,177011,California
Placer,2021-04-28,2911,301327,1803,163697,1071,131334,37,6296,1519,50010,1382,128557,1556,178567,California
Placer,2021-04-29,3259,304586,2074,165771,1133,132467,52,6348,1318,49445,1935,130492,1370,179937,California
Placer,2021-04-30,2984,307570,1808,167579,1129,133596,47,6395,1193,48900,1785,132277,1240,181177,California
Placer,2021-05-01,1327,308897,931,168510,372,133968,24,6419,606,48814,715,132992,629,181806,California
Placer,2021-05-02,715,309612,553,169063,141,134109,21,6440,333,48788,380,133372,354,182160,California
Placer,2021-05-03,1611,311223,998,170061,550,134659,63,6503,444,48131,1163,134535,506,182666,California
Placer,2021-05-04,2281,313504,1291,171352,827,135486,163,6666,857,47730,1421,135956,1020,183686,California
Placer,2021-05-05,3635,317139,2466,173818,1068,136554,101,6767,947,46094,2684,138640,1048,184734,California
Placer,2021-05-06,3060,320199,1889,175707,1101,137655,70,6837,787,44702,2249,140889,857,185591,California
Placer,2021-05-07,2760,322959,1873,177580,797,138452,90,6927,745,43533,2003,142892,834,186425,California
Placer,2021-05-08,1308,324267,702,178282,571,139023,35,6962,391,43043,916,143808,426,186851,California
Placer,2021-05-09,419,324686,190,178472,205,139228,24,6986,198,43043,221,144029,221,187072,California
Placer,2021-05-10,1889,326575,1031,179503,771,139999,87,7073,418,42080,1468,145497,505,187577,California
Placer,2021-05-11,2472,329047,1836,181339,556,140555,80,7153,413,40519,2053,147550,492,188069,California
Placer,2021-05-12,2013,331060,1526,182865,474,141029,13,7166,290,39103,1719,149269,303,188372,California
Plumas,2020-12-18,4,4,4,4,0,0,0,0,4,4,0,0,4,4,California
Plumas,2020-12-19,1,5,1,5,0,0,0,0,1,5,0,0,1,5,California
Plumas,2020-12-21,45,50,45,50,0,0,0,0,45,50,0,0,45,50,California
Plumas,2020-12-22,92,142,92,142,0,0,0,0,92,142,0,0,92,142,California
Plumas,2020-12-23,50,192,50,192,0,0,0,0,50,192,0,0,50,192,California
Plumas,2020-12-24,6,198,6,198,0,0,0,0,6,198,0,0,6,198,California
Plumas,2020-12-28,8,206,0,198,8,8,0,0,8,206,0,0,8,206,California
Plumas,2020-12-29,32,238,22,220,10,18,0,0,32,238,0,0,32,238,California
Plumas,2020-12-30,22,260,1,221,21,39,0,0,22,260,0,0,22,260,California
Plumas,2020-12-31,4,264,1,222,3,42,0,0,4,264,0,0,4,264,California
Plumas,2021-01-04,10,274,4,226,6,48,0,0,10,274,0,0,10,274,California
Plumas,2021-01-05,22,296,2,228,20,68,0,0,22,296,0,0,22,296,California
Plumas,2021-01-06,124,420,5,233,119,187,0,0,124,420,0,0,124,420,California
Plumas,2021-01-07,53,473,2,235,51,238,0,0,52,471,1,1,52,472,California
Plumas,2021-01-08,12,485,5,240,7,245,0,0,8,475,4,5,8,480,California
Plumas,2021-01-09,2,487,2,242,0,245,0,0,1,475,1,6,1,481,California
Plumas,2021-01-11,59,546,50,292,9,254,0,0,12,440,47,53,12,493,California
Plumas,2021-01-12,155,701,86,378,69,323,0,0,71,427,84,137,71,564,California
Plumas,2021-01-13,56,757,50,428,6,329,0,0,10,391,46,183,10,574,California
Plumas,2021-01-14,96,853,14,442,82,411,0,0,91,477,5,188,91,665,California
Plumas,2021-01-15,62,915,7,449,55,466,0,0,60,535,2,190,60,725,California
Plumas,2021-01-16,58,973,1,450,57,523,0,0,58,593,0,190,58,783,California
Plumas,2021-01-18,2,975,1,451,1,524,0,0,2,595,0,190,2,785,California
Plumas,2021-01-19,36,1011,5,456,31,555,0,0,32,623,4,194,32,817,California
Plumas,2021-01-20,121,1132,3,459,118,673,0,0,119,740,2,196,119,936,California
Plumas,2021-01-21,112,1244,2,461,110,783,0,0,112,852,0,196,112,1048,California
Plumas,2021-01-22,5,1249,1,462,4,787,0,0,5,857,0,196,5,1053,California
Plumas,2021-01-23,93,1342,2,464,91,878,0,0,93,950,0,196,93,1146,California
Plumas,2021-01-24,1,1343,1,465,0,878,0,0,1,951,0,196,1,1147,California
Plumas,2021-01-25,10,1353,7,472,3,881,0,0,7,955,3,199,7,1154,California
Plumas,2021-01-26,60,1413,2,474,58,939,0,0,52,999,8,207,52,1206,California
Plumas,2021-01-27,25,1438,20,494,5,944,0,0,5,984,20,227,5,1211,California
Plumas,2021-01-28,23,1461,0,494,23,967,0,0,21,1003,2,229,21,1232,California
Plumas,2021-01-29,8,1469,2,496,6,973,0,0,7,1009,1,230,7,1239,California
Plumas,2021-01-30,8,1477,4,500,4,977,0,0,7,1015,1,231,7,1246,California
Plumas,2021-01-31,3,1480,3,503,0,977,0,0,3,1018,0,231,3,1249,California
Plumas,2021-02-01,15,1495,2,505,13,990,0,0,7,1017,8,239,7,1256,California
Plumas,2021-02-02,21,1516,2,507,19,1009,0,0,2,1000,19,258,2,1258,California
Plumas,2021-02-03,128,1644,8,515,120,1129,0,0,13,899,114,372,13,1271,California
Plumas,2021-02-04,101,1745,8,523,93,1222,0,0,23,844,78,450,23,1294,California
Plumas,2021-02-05,24,1769,11,534,13,1235,0,0,9,838,15,465,9,1303,California
Plumas,2021-02-06,7,1776,0,534,7,1242,0,0,7,845,0,465,7,1310,California
Plumas,2021-02-08,16,1792,7,541,9,1251,0,0,4,837,12,477,4,1314,California
Plumas,2021-02-09,171,1963,1,542,170,1421,0,0,111,888,60,537,111,1425,California
Plumas,2021-02-10,89,2052,9,551,80,1501,0,0,80,960,9,546,81,1506,California
Plumas,2021-02-11,322,2374,7,558,315,1816,0,0,263,1164,59,605,263,1769,California
Plumas,2021-02-12,123,2497,4,562,119,1935,0,0,118,1277,5,610,118,1887,California
Plumas,2021-02-13,74,2571,5,567,69,2004,0,0,14,1231,60,670,14,1901,California
Plumas,2021-02-14,8,2579,5,572,3,2007,0,0,8,1239,0,670,8,1909,California
Plumas,2021-02-15,27,2606,5,577,22,2029,0,0,24,1260,3,673,24,1933,California
Plumas,2021-02-16,76,2682,4,581,72,2101,0,0,14,1212,62,735,14,1947,California
Plumas,2021-02-17,136,2818,5,586,131,2232,0,0,12,1100,124,859,12,1959,California
Plumas,2021-02-18,128,2946,6,592,122,2354,0,0,19,1011,109,968,20,1979,California
Plumas,2021-02-19,41,2987,4,596,37,2391,0,0,6,982,35,1003,6,1985,California
Plumas,2021-02-20,104,3091,7,603,97,2488,0,0,12,902,92,1095,12,1997,California
Plumas,2021-02-21,5,3096,5,608,0,2488,0,0,1,899,4,1099,1,1998,California
Plumas,2021-02-22,3,3099,1,609,2,2490,0,0,0,896,3,1102,0,1998,California
Plumas,2021-02-23,25,3124,5,614,20,2510,0,0,17,905,8,1110,17,2015,California
Plumas,2021-02-24,457,3581,7,621,450,2960,0,0,444,1336,13,1123,444,2459,California
Plumas,2021-02-25,229,3810,10,631,219,3179,0,0,168,1443,61,1184,168,2627,California
Plumas,2021-02-26,267,4077,8,639,259,3438,0,0,259,1695,8,1192,260,2887,California
Plumas,2021-02-27,40,4117,4,643,36,3474,0,0,33,1721,7,1199,33,2920,California
Plumas,2021-02-28,1,4118,0,643,1,3475,0,0,1,1722,0,1199,1,2921,California
Plumas,2021-03-01,13,4131,3,646,10,3485,0,0,8,1726,4,1203,8,2929,California
Plumas,2021-03-02,8,4139,0,646,8,3493,0,0,6,1730,2,1205,6,2935,California
Plumas,2021-03-03,152,4291,10,656,142,3635,0,0,136,1850,16,1221,136,3071,California
Plumas,2021-03-04,251,4542,9,665,242,3877,0,0,229,2057,22,1243,229,3300,California
Plumas,2021-03-05,399,4941,7,672,387,4264,5,5,388,2439,11,1254,393,3693,California
Plumas,2021-03-06,19,4960,2,674,9,4273,8,13,3,2434,16,1270,11,3704,California
Plumas,2021-03-07,13,4973,2,676,2,4275,9,22,3,2436,10,1280,12,3716,California
Plumas,2021-03-08,29,5002,3,679,2,4277,24,46,3,2437,26,1306,27,3743,California
Plumas,2021-03-09,133,5135,2,681,116,4393,15,61,18,2355,115,1421,33,3776,California
Plumas,2021-03-10,255,5390,3,684,238,4631,14,75,108,2331,146,1567,122,3898,California
Plumas,2021-03-11,182,5572,8,692,169,4800,5,80,147,2448,35,1602,152,4050,California
Plumas,2021-03-12,595,6167,3,695,304,5104,288,368,23,2187,572,2174,311,4361,California
Plumas,2021-03-13,25,6192,4,699,10,5114,11,379,5,2183,20,2194,16,4377,California
Plumas,2021-03-14,12,6204,3,702,4,5118,5,384,1,2179,10,2204,6,4383,California
Plumas,2021-03-15,32,6236,1,703,24,5142,7,391,6,2166,26,2230,13,4396,California
Plumas,2021-03-16,60,6296,3,706,56,5198,1,392,49,2205,11,2241,50,4446,California
Plumas,2021-03-17,73,6369,9,715,63,5261,1,393,58,2250,14,2255,59,4505,California
Plumas,2021-03-18,60,6429,6,721,38,5299,16,409,12,2230,48,2303,28,4533,California
Plumas,2021-03-19,164,6593,6,727,156,5455,2,411,155,2381,7,2310,158,4691,California
Plumas,2021-03-20,693,7286,4,731,688,6143,1,412,673,3037,18,2328,674,5365,California
Plumas,2021-03-21,2,7288,1,732,1,6144,0,412,1,3038,0,2328,1,5366,California
Plumas,2021-03-22,183,7471,2,734,181,6325,0,412,176,3207,7,2335,176,5542,California
Plumas,2021-03-23,27,7498,2,736,25,6350,0,412,13,3206,14,2349,13,5555,California
Plumas,2021-03-24,654,8152,7,743,646,6996,1,413,223,3000,430,2779,224,5779,California
Plumas,2021-03-25,299,8451,7,750,290,7286,2,415,157,3015,142,2921,157,5936,California
Plumas,2021-03-26,315,8766,9,759,306,7592,0,415,46,2793,268,3189,46,5982,California
Plumas,2021-03-27,13,8779,1,760,11,7603,1,416,3,2787,10,3199,4,5986,California
Plumas,2021-03-28,5,8784,3,763,1,7604,1,417,3,2789,2,3201,4,5990,California
Plumas,2021-03-29,12,8796,4,767,7,7611,1,418,4,2786,8,3209,5,5995,California
Plumas,2021-03-30,151,8947,3,770,147,7758,1,419,24,2684,127,3336,25,6020,California
Plumas,2021-03-31,289,9236,2,772,286,8044,1,420,268,2933,20,3356,269,6289,California
Plumas,2021-04-01,298,9534,11,783,286,8330,1,421,61,2759,235,3591,61,6350,California
Plumas,2021-04-02,375,9909,5,788,369,8699,1,422,29,2455,334,3925,30,6380,California
Plumas,2021-04-03,16,9925,3,791,5,8704,8,430,4,2455,12,3937,12,6392,California
Plumas,2021-04-04,3,9928,1,792,1,8705,1,431,0,2453,3,3940,1,6393,California
Plumas,2021-04-05,10,9938,3,795,6,8711,1,432,3,2450,7,3947,4,6397,California
Plumas,2021-04-06,120,10058,6,801,88,8799,26,458,13,2382,107,4054,39,6436,California
Plumas,2021-04-07,281,10339,7,808,99,8898,175,633,28,2332,253,4307,203,6639,California
Plumas,2021-04-08,155,10494,3,811,136,9034,16,649,34,2261,120,4427,49,6688,California
Plumas,2021-04-09,50,10544,9,820,25,9059,16,665,19,2264,31,4458,34,6722,California
Plumas,2021-04-10,22,10566,2,822,4,9063,16,681,3,2264,19,4477,19,6741,California
Plumas,2021-04-11,4,10570,3,825,0,9063,1,682,3,2267,1,4478,4,6745,California
Plumas,2021-04-12,11,10581,5,830,3,9066,3,685,7,2273,4,4482,10,6755,California
Plumas,2021-04-13,206,10787,5,835,201,9267,0,685,138,2343,68,4550,138,6893,California
Plumas,2021-04-14,108,10895,8,843,100,9367,0,685,54,2343,54,4604,54,6947,California
Plumas,2021-04-15,50,10945,2,845,48,9415,0,685,32,2357,18,4622,32,6979,California
Plumas,2021-04-16,144,11089,4,849,140,9555,0,685,4,2221,140,4762,4,6983,California
Plumas,2021-04-17,667,11756,2,851,665,10220,0,685,21,1598,644,5406,21,7004,California
Plumas,2021-04-18,4,11760,3,854,1,10221,0,685,1,1596,3,5409,1,7005,California
Plumas,2021-04-19,38,11798,3,857,35,10256,0,685,5,1568,33,5442,5,7010,California
Plumas,2021-04-20,41,11839,4,861,37,10293,0,685,25,1578,15,5457,25,7035,California
Plumas,2021-04-21,312,12151,5,866,306,10599,1,686,18,1302,294,5751,18,7053,California
Plumas,2021-04-22,272,12423,8,874,264,10863,0,686,130,1290,142,5893,130,7183,California
Plumas,2021-04-23,73,12496,6,880,67,10930,0,686,16,1249,57,5950,16,7199,California
Plumas,2021-04-24,171,12667,5,885,166,11096,0,686,146,1371,24,5974,146,7345,California
Plumas,2021-04-26,29,12696,4,889,25,11121,0,686,9,1361,19,5993,9,7354,California
Plumas,2021-04-27,87,12783,3,892,84,11205,0,686,51,1376,36,6029,51,7405,California
Plumas,2021-04-28,283,13066,4,896,279,11484,0,686,37,1167,246,6275,37,7442,California
Plumas,2021-04-29,172,13238,69,965,103,11587,0,686,118,1232,53,6328,118,7560,California
Plumas,2021-04-30,23,13261,11,976,12,11599,0,686,7,1223,16,6344,7,7567,California
Plumas,2021-05-01,2,13263,1,977,0,11599,1,687,0,1222,2,6346,1,7568,California
Plumas,2021-05-02,3,13266,3,980,0,11599,0,687,1,1221,2,6348,1,7569,California
Plumas,2021-05-03,18,13284,8,988,4,11603,6,693,7,1223,11,6359,13,7582,California
Plumas,2021-05-04,28,13312,3,991,19,11622,6,699,17,1235,11,6370,23,7605,California
Plumas,2021-05-05,44,13356,6,997,37,11659,1,700,17,1226,27,6397,18,7623,California
Plumas,2021-05-06,53,13409,3,1000,45,11704,5,705,13,1205,39,6436,18,7641,California
Plumas,2021-05-07,23,13432,7,1007,16,11720,0,705,7,1196,16,6452,7,7648,California
Plumas,2021-05-08,8,13440,1,1008,4,11724,3,708,4,1200,3,6455,7,7655,California
Plumas,2021-05-10,48,13488,1,1009,24,11748,23,731,22,1219,26,6481,45,7700,California
Plumas,2021-05-11,160,13648,2,1011,139,11887,19,750,14,1106,146,6627,33,7733,California
Plumas,2021-05-12,75,13723,1,1012,74,11961,0,750,23,1077,52,6679,23,7756,California
Riverside,2020-12-15,5,5,5,5,0,0,0,0,5,5,0,0,5,5,California
Riverside,2020-12-16,64,69,64,69,0,0,0,0,64,69,0,0,64,69,California
Riverside,2020-12-17,804,873,804,873,0,0,0,0,804,873,0,0,804,873,California
Riverside,2020-12-18,1723,2596,1722,2595,1,1,0,0,1723,2596,0,0,1723,2596,California
Riverside,2020-12-19,1026,3622,1023,3618,3,4,0,0,1024,3619,1,1,1024,3620,California
Riverside,2020-12-20,1083,4705,1082,4700,1,5,0,0,1083,4702,0,1,1083,4703,California
Riverside,2020-12-21,2273,6978,2271,6971,2,7,0,0,2273,6975,0,1,2273,6976,California
Riverside,2020-12-22,2256,9234,2217,9188,39,46,0,0,2255,9230,0,1,2255,9231,California
Riverside,2020-12-23,2129,11363,1792,10980,337,383,0,0,2130,11360,0,1,2130,11361,California
Riverside,2020-12-24,828,12191,626,11606,202,585,0,0,828,12188,0,1,828,12189,California
Riverside,2020-12-25,28,12219,5,11611,23,608,0,0,28,12216,0,1,28,12217,California
Riverside,2020-12-26,400,12619,257,11868,143,751,0,0,400,12616,0,1,400,12617,California
Riverside,2020-12-27,361,12980,243,12111,118,869,0,0,361,12977,0,1,361,12978,California
Riverside,2020-12-28,1626,14606,1126,13237,500,1369,0,0,1626,14603,0,1,1626,14604,California
Riverside,2020-12-29,1738,16344,972,14209,766,2135,0,0,1738,16341,0,1,1738,16342,California
Riverside,2020-12-30,2578,18922,1684,15893,894,3029,0,0,2577,18918,0,1,2577,18919,California
Riverside,2020-12-31,1022,19944,395,16288,627,3656,0,0,1024,19942,0,1,1024,19943,California
Riverside,2021-01-01,116,20060,45,16333,71,3727,0,0,116,20058,0,1,116,20059,California
Riverside,2021-01-02,834,20894,694,17027,140,3867,0,0,834,20892,0,1,834,20893,California
Riverside,2021-01-03,343,21237,298,17325,45,3912,0,0,342,21234,0,1,342,21235,California
Riverside,2021-01-04,1265,22502,797,18122,468,4380,0,0,1265,22499,0,1,1265,22500,California
Riverside,2021-01-05,1984,24486,1363,19485,621,5001,0,0,1889,24299,89,90,1889,24389,California
Riverside,2021-01-06,2496,26982,1112,20597,1384,6385,0,0,2190,26187,302,392,2190,26579,California
Riverside,2021-01-07,2766,29748,1813,22410,953,7338,0,0,1705,26838,1056,1448,1707,28286,California
Riverside,2021-01-08,4055,33803,2935,25345,1120,8458,0,0,2244,27275,1807,3255,2244,30530,California
Riverside,2021-01-09,2070,35873,844,26189,1226,9684,0,0,1723,28652,346,3601,1723,32253,California
Riverside,2021-01-10,1667,37540,735,26924,932,10616,0,0,1063,29111,604,4205,1063,33316,California
Riverside,2021-01-11,4525,42065,3103,30027,1422,12038,0,0,2790,30169,1733,5938,2791,36107,California
Riverside,2021-01-12,3405,45470,2731,32758,674,12712,0,0,1717,30203,1683,7621,1717,37824,California
Riverside,2021-01-13,4389,49859,2870,35628,1519,14231,0,0,2784,31385,1602,9223,2784,40608,California
Riverside,2021-01-14,5495,55354,1895,37523,3600,17831,0,0,4907,35704,588,9811,4907,45515,California
Riverside,2021-01-15,6155,61509,2097,39620,4058,21889,0,0,5867,41284,287,10098,5867,51382,California
Riverside,2021-01-16,3608,65117,1017,40637,2591,24480,0,0,3362,44401,246,10344,3363,54745,California
Riverside,2021-01-17,3593,68710,582,41219,3011,27491,0,0,3396,47602,195,10539,3396,58141,California
Riverside,2021-01-18,3729,72439,2023,43242,1706,29197,0,0,2724,49321,1005,11544,2724,60865,California
Riverside,2021-01-19,7409,79848,2643,45885,4766,33963,0,0,6292,54497,1117,12661,6293,67158,California
Riverside,2021-01-20,8110,87958,3025,48910,5085,39048,0,0,6536,59474,1563,14224,6540,73698,California
Riverside,2021-01-21,8363,96321,3521,52431,4842,43890,0,0,7714,66539,649,14873,7714,81412,California
Riverside,2021-01-22,8727,105048,2980,55411,5747,49637,0,0,8297,74409,428,15301,8298,89710,California
Riverside,2021-01-23,5925,110973,2393,57804,3532,53169,0,0,5197,78879,728,16029,5198,94908,California
Riverside,2021-01-24,3034,114007,1430,59234,1604,54773,0,0,2820,81489,211,16240,2821,97729,California
Riverside,2021-01-25,7879,121886,4537,63771,3342,58115,0,0,6753,87118,1125,17365,6754,104483,California
Riverside,2021-01-26,9121,131007,5731,69502,3390,61505,0,0,7609,93219,1509,18874,7610,112093,California
Riverside,2021-01-27,10906,141913,6387,75889,4519,66024,0,0,9299,100918,1603,20477,9302,121395,California
Riverside,2021-01-28,11489,153402,6780,82669,4709,70733,0,0,10329,110096,1152,21629,10330,131725,California
Riverside,2021-01-29,11924,165326,7277,89946,4647,75380,0,0,10555,119312,1343,22972,10559,142284,California
Riverside,2021-01-30,9049,174375,4605,94551,4444,79824,0,0,8585,127437,461,23433,8586,150870,California
Riverside,2021-01-31,5161,179536,4250,98801,911,80735,0,0,5028,132337,132,23565,5032,155902,California
Riverside,2021-02-01,10873,190409,6714,105515,4159,84894,0,0,9086,139646,1780,25345,9089,164991,California
Riverside,2021-02-02,9512,199921,4847,110362,4665,89559,0,0,8017,146178,1488,26833,8020,173011,California
Riverside,2021-02-03,12123,212044,5099,115461,7024,96583,0,0,9792,153649,2321,29154,9792,182803,California
Riverside,2021-02-04,13550,225594,6043,121504,7507,104090,0,0,11436,162980,2107,31261,11438,194241,California
Riverside,2021-02-05,14331,239925,5399,126903,8932,113022,0,0,11278,171217,3045,34306,11282,205523,California
Riverside,2021-02-06,7261,247186,4288,131191,2973,115995,0,0,5615,175197,1638,35944,5618,211141,California
Riverside,2021-02-07,2167,249353,796,131987,1371,117366,0,0,1851,176734,315,36259,1852,212993,California
Riverside,2021-02-08,12453,261806,5533,137520,6920,124286,0,0,10139,184580,2297,38556,10143,223136,California
Riverside,2021-02-09,9669,271475,4547,142067,5122,129408,0,0,7727,190378,1934,40490,7732,230868,California
Riverside,2021-02-10,12071,283546,6981,149048,5090,134498,0,0,8897,196121,3162,43652,8905,239773,California
Riverside,2021-02-11,16588,300134,9044,158092,7544,142042,0,0,12082,203735,4483,48135,12097,251870,California
Riverside,2021-02-12,17684,317818,10818,168910,6866,148908,0,0,12812,211732,4827,52962,12824,264694,California
Riverside,2021-02-13,6325,324143,2127,171037,4198,153106,0,0,3099,211644,3208,56170,3120,267814,California
Riverside,2021-02-14,4927,329070,1122,172159,3805,156911,0,0,2175,211072,2748,58918,2176,269990,California
Riverside,2021-02-15,9824,338894,4999,177158,4825,161736,0,0,5409,212081,4407,63325,5416,275406,California
Riverside,2021-02-16,16107,355001,10104,187262,6003,167739,0,0,9246,214481,6854,70179,9254,284660,California
Riverside,2021-02-17,15015,370016,8202,195464,6813,174552,0,0,7443,214375,7559,77738,7453,292113,California
Riverside,2021-02-18,15529,385545,8992,204456,6537,181089,0,0,8023,214925,7487,85225,8037,300150,California
Riverside,2021-02-19,15259,400804,8223,212679,7036,188125,0,0,7210,214113,8030,93255,7218,307368,California
Riverside,2021-02-20,8312,409116,4497,217176,3815,191940,0,0,2170,210161,6125,99380,2173,309541,California
Riverside,2021-02-21,4354,413470,3834,221010,520,192460,0,0,1218,208258,3121,102501,1218,310759,California
Riverside,2021-02-22,12356,425826,7761,228771,4595,197055,0,0,5102,206130,7235,109736,5107,315866,California
Riverside,2021-02-23,11091,436917,7556,236327,3535,200590,0,0,5389,205850,5673,115409,5393,321259,California
Riverside,2021-02-24,14803,451720,8098,244425,6705,207295,0,0,6294,203691,8470,123879,6311,327570,California
Riverside,2021-02-25,17329,469049,7385,251810,9944,217239,0,0,8045,202499,9262,133141,8070,335640,California
Riverside,2021-02-26,18595,487644,6717,258527,11878,229117,0,0,9287,202569,9250,142391,9320,344960,California
Riverside,2021-02-27,12026,499670,5560,264087,6466,235583,0,0,5751,202107,6240,148631,5778,350738,California
Riverside,2021-02-28,4888,504558,3222,267309,1666,237249,0,0,2414,202065,2463,151094,2421,353159,California
Riverside,2021-03-01,14307,518865,6093,273402,8212,245461,2,2,8429,204679,5844,156938,8458,361617,California
Riverside,2021-03-02,15286,534151,7436,280838,7849,253310,1,3,8976,207396,6287,163225,9004,370621,California
Riverside,2021-03-03,16858,551009,8343,289181,8515,261825,0,3,7281,205276,9528,172753,7408,378029,California
Riverside,2021-03-04,18719,569728,7449,296630,11266,273091,4,7,8892,204540,9782,182535,9046,387075,California
Riverside,2021-03-05,18755,588483,7532,304162,11179,284270,44,51,9287,204730,9418,191953,9608,396683,California
Riverside,2021-03-06,9451,597934,5016,309178,3953,288223,482,533,4698,205200,4739,196692,5209,401892,California
Riverside,2021-03-07,4175,602109,2698,311876,1088,289311,389,922,1961,205350,2204,198896,2354,404246,California
Riverside,2021-03-08,11931,614040,4739,316615,6783,296094,409,1331,5311,204515,6601,205497,5766,410012,California
Riverside,2021-03-09,14659,628699,6761,323376,7400,303494,498,1829,5788,202082,8853,214350,6420,416432,California
Riverside,2021-03-10,15633,644332,8391,331767,6354,309848,888,2717,6015,199559,9578,223928,7055,423487,California
Riverside,2021-03-11,19227,663559,9444,341211,7938,317786,1845,4562,7589,197600,11604,235532,9645,433132,California
Riverside,2021-03-12,21150,684709,7922,349133,8494,326280,4734,9296,7095,195734,14022,249554,12156,445288,California
Riverside,2021-03-13,8390,693099,2507,351640,4677,330957,1206,10502,4295,197238,4076,253630,5580,450868,California
Riverside,2021-03-14,4606,697705,1581,353221,1734,332691,1291,11793,2044,198018,2552,256182,3332,454200,California
Riverside,2021-03-15,18681,716386,7850,361071,9158,341849,1673,13466,9203,199558,9436,265618,10976,465176,California
Riverside,2021-03-16,20886,737272,10137,371208,9935,351784,814,14280,11385,202389,9461,275079,12292,477468,California
Riverside,2021-03-17,21274,758546,10913,382121,9313,361097,1048,15328,12781,207819,8457,283536,13887,491355,California
Riverside,2021-03-18,22569,781115,11741,393862,9174,370271,1654,16982,12530,212019,9992,293528,14192,505547,California
Riverside,2021-03-19,24008,805123,12576,406438,10482,380753,950,17932,14036,217449,9917,303445,15347,520894,California
Riverside,2021-03-20,10596,815719,6837,413275,2594,383347,1165,19097,6827,221701,3740,307185,7992,528886,California
Riverside,2021-03-21,3679,819398,2873,416148,553,383900,253,19350,2525,223339,1140,308325,2778,531664,California
Riverside,2021-03-22,16641,836039,9925,426073,6163,390063,553,19903,10604,228504,5989,314314,11154,542818,California
Riverside,2021-03-23,18548,854587,10498,436571,7628,397691,422,20325,11964,234376,6529,320843,12401,555219,California
Riverside,2021-03-24,18684,873271,10416,446987,8148,405839,120,20445,12844,241554,5794,326637,12972,568191,California
Riverside,2021-03-25,21094,894365,11644,458631,9271,415110,179,20624,14168,249049,6859,333496,14354,582545,California
Riverside,2021-03-26,24080,918445,11890,470521,12017,427127,173,20797,15033,255310,8948,342444,15209,597754,California
Riverside,2021-03-27,9276,927721,4866,475387,3355,430482,1055,21852,4806,256722,4450,346894,5862,603616,California
Riverside,2021-03-28,4719,932440,3102,478489,1525,432007,92,21944,2832,257773,1874,348768,2925,606541,California
Riverside,2021-03-29,17622,950062,8437,486926,9069,441076,116,22060,10959,262233,6626,355394,11086,617627,California
Riverside,2021-03-30,18318,968380,9540,496466,8574,449650,204,22264,11803,267765,6477,361871,12009,629636,California
Riverside,2021-03-31,18032,986412,8387,504853,9344,458994,301,22565,11478,273043,6512,368383,11790,641426,California
Riverside,2021-04-01,25375,1011787,12396,517249,12221,471215,758,23323,16413,281308,8904,377287,17169,658595,California
Riverside,2021-04-02,26017,1037804,14019,531268,11059,482274,939,24262,16351,289210,9614,386901,17516,676111,California
Riverside,2021-04-03,9266,1047070,5897,537165,2792,485066,577,24839,6006,292551,3242,390143,6583,682694,California
Riverside,2021-04-04,3370,1050440,2046,539211,1086,486152,238,25077,1751,292930,1611,391754,1990,684684,California
Riverside,2021-04-05,18359,1068799,9414,548625,7108,493260,1837,26914,9896,296239,8426,400180,11735,696419,California
Riverside,2021-04-06,23684,1092483,12314,560939,9257,502517,2113,29027,13202,301117,10431,410611,15309,711728,California
Riverside,2021-04-07,24523,1117006,13180,574119,8863,511380,2480,31507,13658,306435,10822,421433,16140,727868,California
Riverside,2021-04-08,26927,1143933,14785,588904,9204,520584,2938,34445,16405,315298,10462,431895,19325,747193,California
Riverside,2021-04-09,26018,1169951,15281,604185,8319,528903,2418,36863,15902,323563,10073,441968,18338,765531,California
Riverside,2021-04-10,11920,1181871,6703,610888,3830,532733,1387,38250,5225,323517,6653,448621,6607,772138,California
Riverside,2021-04-11,4583,1186454,2728,613616,1243,533976,612,38862,2172,323900,2400,451021,2783,774921,California
Riverside,2021-04-12,20052,1206506,8910,622526,8515,542491,2627,41489,10075,326663,9937,460958,12700,787621,California
Riverside,2021-04-13,19891,1226397,11142,633668,8723,551214,26,41515,11367,329576,8482,469440,11395,799016,California
Riverside,2021-04-14,22006,1248403,12097,645765,9895,561109,14,41529,10789,329229,11153,480593,10806,809822,California
Riverside,2021-04-15,21648,1270051,12160,657925,9480,570589,8,41537,11343,330343,10238,490831,11352,821174,California
Riverside,2021-04-16,24920,1294971,14426,672351,10488,581077,6,41543,11613,328713,13256,504087,11626,832800,California
Riverside,2021-04-17,9843,1304814,6486,678837,3357,584434,0,41543,4977,328846,4851,508938,4984,837784,California
Riverside,2021-04-18,3857,1308671,2813,681650,1037,585471,7,41550,1841,328691,2005,510943,1850,839634,California
Riverside,2021-04-19,19436,1328107,11561,693211,7872,593343,3,41553,6957,323217,12439,523382,6965,846599,California
Riverside,2021-04-20,18773,1346880,9877,703088,8887,602230,9,41562,7685,319864,11051,534433,7698,854297,California
Riverside,2021-04-21,19446,1366326,11080,714168,8358,610588,8,41570,7663,315818,11724,546157,7678,861975,California
Riverside,2021-04-22,23073,1389399,13425,727593,9645,620233,3,41573,8572,309961,14437,560594,8580,870555,California
Riverside,2021-04-23,23249,1412648,13693,741286,9542,629775,14,41587,9148,305084,14047,574641,9170,879725,California
Riverside,2021-04-24,10469,1423117,7315,748601,3152,632927,2,41589,4855,304363,5579,580220,4858,884583,California
Riverside,2021-04-25,4208,1427325,2821,751422,1387,634314,0,41589,2200,304569,1995,582215,2201,886784,California
Riverside,2021-04-26,15946,1443271,9979,761401,5922,640236,45,41634,5326,299355,10588,592803,5374,892158,California
Riverside,2021-04-27,17144,1460415,9707,771108,7276,647512,161,41795,5898,294211,11203,604006,6059,898217,California
Riverside,2021-04-28,16386,1476801,8828,779936,7306,654818,252,42047,5529,289194,10798,614804,5781,903998,California
Riverside,2021-04-29,18621,1495422,11423,791359,6863,661681,335,42382,5384,281740,13173,627977,5719,909717,California
Riverside,2021-04-30,19630,1515052,11318,802677,7941,669622,371,42753,6280,275091,13303,641280,6654,916371,California
Riverside,2021-05-01,6753,1521805,4869,807546,1716,671338,168,42921,2319,273164,4412,645692,2485,918856,California
Riverside,2021-05-02,3345,1525150,2184,809730,956,672294,205,43126,1064,272172,2267,647959,1275,920131,California
Riverside,2021-05-03,17868,1543018,10941,820671,6450,678744,477,43603,4079,262998,13729,661688,4555,924686,California
Riverside,2021-05-04,17063,1560081,10831,831502,5820,684564,412,44015,4793,255991,12212,673900,5205,929891,California
Riverside,2021-05-05,13852,1573933,7929,839431,5577,690141,346,44361,3852,250240,9949,683849,4198,934089,California
Riverside,2021-05-06,15532,1589465,8761,848192,6380,696521,391,44752,3776,242710,11699,695548,4169,938258,California
Riverside,2021-05-07,17702,1607167,10466,858658,6808,703329,428,45180,4440,234382,13196,708744,4868,943126,California
Riverside,2021-05-08,5830,1612997,3729,862387,1916,705245,185,45365,2284,233329,3522,712266,2469,945595,California
Riverside,2021-05-09,2251,1615248,1489,863876,612,705857,150,45515,831,232902,1409,713675,982,946577,California
Riverside,2021-05-10,7611,1622859,3954,867830,3285,709142,372,45887,2187,230070,5389,719064,2557,949134,California
Riverside,2021-05-11,9910,1632769,6041,873871,3529,712671,340,46227,2571,225679,7301,726365,2910,952044,California
Riverside,2021-05-12,5855,1638624,2571,876442,3183,715854,101,46328,1401,222756,4425,730790,1502,953546,California
Sacramento,2020-12-15,315,315,315,315,0,0,0,0,315,315,0,0,315,315,California
Sacramento,2020-12-16,643,958,643,958,0,0,0,0,643,958,0,0,643,958,California
Sacramento,2020-12-17,647,1605,647,1605,0,0,0,0,647,1605,0,0,647,1605,California
Sacramento,2020-12-18,969,2574,969,2574,0,0,0,0,969,2574,0,0,969,2574,California
Sacramento,2020-12-19,612,3186,612,3186,0,0,0,0,612,3186,0,0,612,3186,California
Sacramento,2020-12-20,633,3819,633,3819,0,0,0,0,633,3819,0,0,633,3819,California
Sacramento,2020-12-21,1676,5495,1676,5495,0,0,0,0,1677,5496,0,0,1677,5496,California
Sacramento,2020-12-22,2095,7590,2062,7557,33,33,0,0,2095,7591,0,0,2095,7591,California
Sacramento,2020-12-23,2249,9839,2080,9637,169,202,0,0,2249,9840,0,0,2249,9840,California
Sacramento,2020-12-24,1046,10885,834,10471,212,414,0,0,1046,10886,0,0,1046,10886,California
Sacramento,2020-12-25,1,10886,0,10471,1,415,0,0,1,10887,0,0,1,10887,California
Sacramento,2020-12-26,509,11395,291,10762,218,633,0,0,509,11396,0,0,509,11396,California
Sacramento,2020-12-27,351,11746,247,11009,104,737,0,0,351,11747,0,0,351,11747,California
Sacramento,2020-12-28,1902,13648,1324,12333,578,1315,0,0,1901,13647,1,1,1901,13648,California
Sacramento,2020-12-29,1954,15602,1189,13522,765,2080,0,0,1954,15601,0,1,1954,15602,California
Sacramento,2020-12-30,2562,18164,1457,14979,1105,3185,0,0,2563,18164,0,1,2563,18165,California
Sacramento,2020-12-31,1229,19393,695,15674,534,3719,0,0,1230,19394,0,1,1230,19395,California
Sacramento,2021-01-01,81,19474,70,15744,11,3730,0,0,81,19475,0,1,81,19476,California
Sacramento,2021-01-02,563,20037,362,16106,201,3931,0,0,563,20038,0,1,563,20039,California
Sacramento,2021-01-03,411,20448,222,16328,189,4120,0,0,411,20449,0,1,411,20450,California
Sacramento,2021-01-04,1958,22406,845,17173,1113,5233,0,0,1956,22404,1,2,1956,22406,California
Sacramento,2021-01-05,2213,24619,986,18159,1227,6460,0,0,1859,23916,354,356,1866,24272,California
Sacramento,2021-01-06,2734,27353,1623,19782,1111,7571,0,0,1959,25103,772,1128,1959,26231,California
Sacramento,2021-01-07,2836,30189,1506,21288,1330,8901,0,0,1975,26220,858,1986,1975,28206,California
Sacramento,2021-01-08,3296,33485,2091,23379,1205,10106,0,0,2262,27453,1030,3016,2263,30469,California
Sacramento,2021-01-09,1290,34775,798,24177,492,10598,0,0,900,27965,388,3404,900,31369,California
Sacramento,2021-01-10,1246,36021,710,24887,536,11134,0,0,775,28271,470,3874,776,32145,California
Sacramento,2021-01-11,4350,40371,2960,27847,1390,12524,0,0,2413,28760,1936,5810,2425,34570,California
Sacramento,2021-01-12,4396,44767,3033,30880,1363,13887,0,0,2430,29229,1965,7775,2434,37004,California
Sacramento,2021-01-13,3791,48558,2171,33051,1620,15507,0,0,2380,30200,1410,9185,2381,39385,California
Sacramento,2021-01-14,4628,53186,2369,35420,2259,17766,0,0,3705,32986,919,10104,3705,43090,California
Sacramento,2021-01-15,4427,57613,2265,37685,2162,19928,0,0,3705,35971,721,10825,3706,46796,California
Sacramento,2021-01-16,2093,59706,1292,38977,801,20729,0,0,1876,37630,217,11042,1876,48672,California
Sacramento,2021-01-17,1643,61349,952,39929,691,21420,0,0,1465,38920,178,11220,1468,50140,California
Sacramento,2021-01-18,2860,64209,1768,41697,1092,22512,0,0,2333,40728,526,11746,2334,52474,California
Sacramento,2021-01-19,5001,69210,3051,44748,1950,24462,0,0,3730,43189,1271,13017,3732,56206,California
Sacramento,2021-01-20,4811,74021,2850,47598,1961,26423,0,0,3590,45561,1223,14240,3595,59801,California
Sacramento,2021-01-21,5200,79221,2997,50595,2203,28626,0,0,4235,48838,959,15199,4236,64037,California
Sacramento,2021-01-22,4985,84206,2654,53249,2331,30957,0,0,4684,53223,300,15499,4685,68722,California
Sacramento,2021-01-23,3731,87937,1561,54810,2170,33127,0,0,3274,56040,457,15956,3274,71996,California
Sacramento,2021-01-24,1598,89535,998,55808,600,33727,0,0,1357,57157,241,16197,1358,73354,California
Sacramento,2021-01-25,4362,93897,2113,57921,2249,35976,0,0,2944,58685,1418,17615,2946,76300,California
Sacramento,2021-01-26,4724,98621,2137,60058,2587,38563,0,0,3522,61009,1200,18815,3524,79824,California
Sacramento,2021-01-27,5814,104435,3056,63114,2758,41321,0,0,4207,63614,1604,20419,4209,84033,California
Sacramento,2021-01-28,5361,109796,2708,65822,2653,43974,0,0,4267,66789,1093,21512,4268,88301,California
Sacramento,2021-01-29,5399,115195,2939,68761,2460,46434,0,0,4373,70145,1017,22529,4373,92674,California
Sacramento,2021-01-30,4511,119706,2206,70967,2305,48739,0,0,4076,73788,433,22962,4076,96750,California
Sacramento,2021-01-31,2313,122019,2019,72986,294,49033,0,0,2037,75553,274,23236,2039,98789,California
Sacramento,2021-02-01,5911,127930,3015,76001,2896,51929,0,0,4249,78144,1658,24894,4249,103038,California
Sacramento,2021-02-02,6936,134866,3765,79766,3171,55100,0,0,4851,80931,2066,26960,4853,107891,California
Sacramento,2021-02-03,7099,141965,3557,83323,3542,58642,0,0,5236,84316,1853,28813,5238,113129,California
Sacramento,2021-02-04,7719,149684,3638,86961,4081,62723,0,0,5498,87603,2211,31024,5498,118627,California
Sacramento,2021-02-05,7813,157497,4452,91413,3361,66084,0,0,4877,89570,2913,33937,4880,123507,California
Sacramento,2021-02-06,8441,165938,3453,94866,4988,71072,0,0,7111,95356,1326,35263,7112,130619,California
Sacramento,2021-02-07,4076,170014,2190,97056,1886,72958,0,0,2853,96996,1215,36478,2855,133474,California
Sacramento,2021-02-08,6196,176210,3204,100260,2992,75950,0,0,3885,98574,2307,38785,3885,137359,California
Sacramento,2021-02-09,6801,183011,3588,103848,3213,79163,0,0,4010,99803,2782,41567,4011,141370,California
Sacramento,2021-02-10,7660,190671,4174,108022,3486,82649,0,0,4529,101216,3118,44685,4531,145901,California
Sacramento,2021-02-11,9608,200279,5747,113769,3861,86510,0,0,5547,102718,4047,48732,5549,151450,California
Sacramento,2021-02-12,10662,210941,4142,117911,6520,93030,0,0,6401,104921,4201,52933,6404,157854,California
Sacramento,2021-02-13,7676,218617,2991,120902,4685,97715,0,0,6090,109427,1584,54517,6090,163944,California
Sacramento,2021-02-14,3164,221781,1947,122849,1217,98932,0,0,2086,110441,1076,55593,2090,166034,California
Sacramento,2021-02-15,5985,227766,2043,124892,3942,102874,0,0,4162,112789,1816,57409,4164,170198,California
Sacramento,2021-02-16,9231,236997,4203,129095,5028,107902,0,0,5319,114207,3905,61314,5323,175521,California
Sacramento,2021-02-17,8826,245823,4980,134075,3846,111748,0,0,5137,115669,3677,64991,5139,180660,California
Sacramento,2021-02-18,9554,255377,5718,139793,3836,115584,0,0,5766,117657,3781,68772,5769,186429,California
Sacramento,2021-02-19,10008,265385,6138,145931,3870,119454,0,0,5911,119489,4084,72856,5916,192345,California
Sacramento,2021-02-20,7745,273130,5720,151651,2025,121479,0,0,4689,121131,3048,75904,4690,197035,California
Sacramento,2021-02-21,2937,276067,2334,153985,603,122082,0,0,1024,120248,1907,77811,1024,198059,California
Sacramento,2021-02-22,6188,282255,3745,157730,2443,124525,0,0,2685,119445,3492,81303,2689,200748,California
Sacramento,2021-02-23,7139,289394,4439,162169,2700,127225,0,0,3468,119262,3655,84958,3472,204220,California
Sacramento,2021-02-24,9653,299047,5295,167464,4358,131583,0,0,5287,120204,4349,89307,5291,209511,California
Sacramento,2021-02-25,10918,309965,6224,173688,4694,136277,0,0,6410,122121,4493,93800,6410,215921,California
Sacramento,2021-02-26,13904,323869,6472,180160,7432,143709,0,0,9577,127406,4296,98096,9581,225502,California
Sacramento,2021-02-27,10809,334678,6719,186879,4087,147796,3,3,7944,132506,2847,100943,7947,233449,California
Sacramento,2021-02-28,5614,340292,2225,189104,3389,151185,0,3,2590,132087,3010,103953,2591,236040,California
Sacramento,2021-03-01,8043,348335,3469,192573,4574,155759,0,3,4349,132765,3673,107626,4351,240391,California
Sacramento,2021-03-02,9242,357577,4021,196594,5220,160979,1,4,5676,134895,3550,111176,5680,246071,California
Sacramento,2021-03-03,10921,368498,5001,201595,5917,166896,3,7,6509,137016,4393,115569,6514,252585,California
Sacramento,2021-03-04,13418,381916,6167,207762,7247,174143,4,11,7465,138568,5923,121492,7475,260060,California
Sacramento,2021-03-05,10575,392491,4883,212645,5662,179805,30,41,7031,142107,3522,125014,7061,267121,California
Sacramento,2021-03-06,8092,400583,3103,215748,4867,184672,122,163,4095,142343,3980,128994,4216,271337,California
Sacramento,2021-03-07,7587,408170,2196,217944,5305,189977,86,249,3728,142301,3854,132848,3812,275149,California
Sacramento,2021-03-08,9098,417268,4243,222187,4631,194608,224,473,5958,145354,3127,135975,6180,281329,California
Sacramento,2021-03-09,9554,426822,4526,226713,4740,199348,288,761,5492,147088,4046,140021,5780,287109,California
Sacramento,2021-03-10,11708,438530,7476,234189,3886,203234,346,1107,6845,149453,4828,144849,7193,294302,California
Sacramento,2021-03-11,14986,453516,9958,244147,4233,207467,795,1902,8916,153131,6032,150881,9710,304012,California
Sacramento,2021-03-12,17958,471474,8308,252455,8817,216284,833,2735,8838,153743,9067,159948,9679,313691,California
Sacramento,2021-03-13,12952,484426,3571,256026,8957,225241,424,3159,7860,156944,5080,165028,8281,321972,California
Sacramento,2021-03-14,8374,492800,3463,259489,4281,229522,630,3789,4475,158172,3876,168904,5104,327076,California
Sacramento,2021-03-15,12166,504966,4823,264312,6693,236215,650,4439,7081,160840,5064,173968,7732,334808,California
Sacramento,2021-03-16,13968,518934,6206,270518,7124,243339,638,5077,8629,164796,5306,179274,9262,344070,California
Sacramento,2021-03-17,13636,532570,6570,277088,6455,249794,611,5688,8812,169427,4796,184070,9427,353497,California
Sacramento,2021-03-18,15634,548204,8210,285298,6860,256654,564,6252,10111,174609,5492,189562,10674,364171,California
Sacramento,2021-03-19,15578,563782,7957,293255,6249,262903,1372,7624,8111,176650,7440,197002,9481,373652,California
Sacramento,2021-03-20,12889,576671,7529,300784,5021,267924,339,7963,8161,180454,4698,201700,8502,382154,California
Sacramento,2021-03-21,5597,582268,2753,303537,2805,270729,39,8002,4944,184798,641,202341,4985,387139,California
Sacramento,2021-03-22,9363,591631,4795,308332,3719,274448,849,8851,6280,188871,3057,205398,7130,394269,California
Sacramento,2021-03-23,11317,602948,6745,315077,3763,278211,809,9660,7311,193022,3967,209365,8118,402387,California
Sacramento,2021-03-24,11847,614795,7273,322350,3944,282155,630,10290,6750,195387,5016,214381,7381,409768,California
Sacramento,2021-03-25,14077,628872,8305,330655,4964,287119,808,11098,8543,199244,5491,219872,9348,419116,California
Sacramento,2021-03-26,18238,647110,8930,339585,8820,295939,488,11586,9234,200032,8936,228808,9724,428840,California
Sacramento,2021-03-27,9679,656789,3559,343144,5830,301769,290,11876,5217,201104,4431,233239,5503,434343,California
Sacramento,2021-03-28,6520,663309,3214,346358,3058,304827,248,12124,3130,201105,3380,236619,3381,437724,California
Sacramento,2021-03-29,11011,674320,5896,352254,4744,309571,371,12495,5221,200937,5762,242381,5594,443318,California
Sacramento,2021-03-30,11845,686165,6078,358332,5375,314946,392,12887,6067,201639,5756,248137,6458,449776,California
Sacramento,2021-03-31,13396,699561,7833,366165,5167,320113,396,13283,5683,200024,7687,255824,6072,455848,California
Sacramento,2021-04-01,17287,716848,10398,376563,6669,326782,220,13503,7295,197587,9960,265784,7523,463371,California
Sacramento,2021-04-02,17041,733889,9666,386229,6646,333428,729,14232,8970,199249,8040,273824,9702,473073,California
Sacramento,2021-04-03,10345,744234,6166,392395,3632,337060,547,14779,6354,202182,3964,277788,6897,479970,California
Sacramento,2021-04-04,3683,747917,1519,393914,1976,339036,188,14967,1442,201573,2236,280024,1627,481597,California
Sacramento,2021-04-05,11998,759915,7530,401444,3638,342674,830,15797,5357,201146,6608,286632,6181,487778,California
Sacramento,2021-04-06,15548,775463,8833,410277,5372,348046,1343,17140,6875,200719,8642,295274,8215,495993,California
Sacramento,2021-04-07,14695,790158,7953,418230,5165,353211,1577,18717,7111,201847,7551,302825,8679,504672,California
Sacramento,2021-04-08,14901,805059,6683,424913,5253,358464,2965,21682,5906,201742,8963,311788,8858,513530,California
Sacramento,2021-04-09,18102,823161,9256,434169,6664,365128,2182,23864,7328,200508,10737,322525,9503,523033,California
Sacramento,2021-04-10,12478,835639,3820,437989,7487,372615,1171,25035,5076,199354,7375,329900,6221,529254,California
Sacramento,2021-04-11,10708,846347,4309,442298,6175,378790,224,25259,3791,196476,6891,336791,4013,533267,California
Sacramento,2021-04-12,12891,859238,5003,447301,6025,384815,1863,27122,4925,195339,7911,344702,6774,540041,California
Sacramento,2021-04-13,16207,875445,9915,457216,6288,391103,4,27126,7534,194235,8647,353349,7543,547584,California
Sacramento,2021-04-14,14876,890321,7934,465150,6940,398043,2,27128,5877,191149,8968,362317,5882,553466,California
Sacramento,2021-04-15,16276,906597,8384,473534,7890,405933,2,27130,6603,188119,9638,371955,6608,560074,California
Sacramento,2021-04-16,17335,923932,9592,483126,7743,413676,0,27130,7858,186542,9437,381392,7860,567934,California
Sacramento,2021-04-17,15199,939131,6106,489232,9093,422769,0,27130,11005,193376,4175,385567,11009,578943,California
Sacramento,2021-04-18,8417,947548,3062,492294,5355,428124,0,27130,3741,192457,4661,390228,3742,582685,California
Sacramento,2021-04-19,10549,958097,5699,497993,4846,432970,4,27134,4695,191323,5835,396063,4701,587386,California
Sacramento,2021-04-20,11081,969178,6720,504713,4358,437328,3,27137,5901,192070,5161,401224,5908,593294,California
Sacramento,2021-04-21,11446,980624,6610,511323,4834,442162,2,27139,6214,193081,5206,406430,6217,599511,California
Sacramento,2021-04-22,14775,995399,9868,521191,4904,447066,3,27142,6817,191972,7931,414361,6822,606333,California
Sacramento,2021-04-23,15791,1011190,9984,531175,5807,452873,0,27142,7331,190878,8426,422787,7332,613665,California
Sacramento,2021-04-24,11306,1022496,7000,538175,4305,457178,1,27143,5926,191465,5341,428128,5928,619593,California
Sacramento,2021-04-25,7974,1030470,4482,542657,3492,460670,0,27143,4154,191814,3806,431934,4155,623748,California
Sacramento,2021-04-26,9813,1040283,6152,548809,3636,464306,25,27168,4469,190994,5315,437249,4495,628243,California
Sacramento,2021-04-27,11171,1051454,7352,556161,3699,468005,120,27288,5439,190850,5703,442952,5559,633802,California
Sacramento,2021-04-28,9991,1061445,5698,561859,4092,472097,201,27489,5353,191796,4613,447565,5559,639361,California
Sacramento,2021-04-29,10150,1071595,6788,568647,3059,475156,303,27792,5338,192659,4779,452344,5642,645003,California
Sacramento,2021-04-30,12400,1083995,7786,576433,4350,479506,264,28056,5859,192286,6497,458841,6124,651127,California
Sacramento,2021-05-01,7556,1091551,5469,581902,1918,481424,169,28225,2752,190440,4769,463610,2923,654050,California
Sacramento,2021-05-02,3808,1095359,3157,585059,543,481967,108,28333,2161,191078,1629,465239,2267,656317,California
Sacramento,2021-05-03,9052,1104411,7243,592302,1529,483496,280,28613,3915,190154,5113,470352,4189,660506,California
Sacramento,2021-05-04,9327,1113738,5668,597970,3351,486847,308,28921,3764,188706,5518,475870,4070,664576,California
Sacramento,2021-05-05,10828,1124566,5860,603830,4519,491366,449,29370,4339,187034,6455,482325,4783,669359,California
Sacramento,2021-05-06,11041,1135607,6172,610002,4578,495944,291,29661,4603,185782,6145,488470,4893,674252,California
Sacramento,2021-05-07,10381,1145988,6048,616050,3957,499901,376,30037,4302,184423,6035,494505,4676,678928,California
Sacramento,2021-05-08,8092,1154080,3763,619813,4105,504006,224,30261,2673,181930,5387,499892,2894,681822,California
Sacramento,2021-05-09,3113,1157193,1630,621443,1376,505382,107,30368,1138,181215,1960,501852,1245,683067,California
Sacramento,2021-05-10,7958,1165151,3693,625136,4002,509384,263,30631,1942,177435,5986,507838,2206,685273,California
Sacramento,2021-05-11,7009,1172160,4488,629624,2371,511755,150,30781,2338,175273,4650,512488,2488,687761,California
Sacramento,2021-05-12,5402,1177562,3682,633306,1587,513342,133,30914,1438,172901,3943,516431,1571,689332,California
San Benito,2020-12-16,2,2,2,2,0,0,0,0,2,2,0,0,2,2,California
San Benito,2020-12-17,8,10,8,10,0,0,0,0,8,10,0,0,8,10,California
San Benito,2020-12-18,32,42,32,42,0,0,0,0,32,42,0,0,32,42,California
San Benito,2020-12-19,47,89,47,89,0,0,0,0,47,89,0,0,47,89,California
San Benito,2020-12-20,22,111,22,111,0,0,0,0,22,111,0,0,22,111,California
San Benito,2020-12-21,48,159,48,159,0,0,0,0,48,159,0,0,48,159,California
San Benito,2020-12-22,65,224,65,224,0,0,0,0,65,224,0,0,65,224,California
San Benito,2020-12-23,48,272,36,260,12,12,0,0,48,272,0,0,48,272,California
San Benito,2020-12-24,12,284,4,264,8,20,0,0,12,284,0,0,12,284,California
San Benito,2020-12-25,4,288,4,268,0,20,0,0,4,288,0,0,4,288,California
San Benito,2020-12-26,13,301,4,272,9,29,0,0,13,301,0,0,13,301,California
San Benito,2020-12-27,8,309,7,279,1,30,0,0,8,309,0,0,8,309,California
San Benito,2020-12-28,63,372,36,315,27,57,0,0,63,372,0,0,63,372,California
San Benito,2020-12-29,50,422,21,336,29,86,0,0,50,422,0,0,50,422,California
San Benito,2020-12-30,59,481,37,373,22,108,0,0,59,481,0,0,59,481,California
San Benito,2020-12-31,19,500,2,375,17,125,0,0,19,500,0,0,19,500,California
San Benito,2021-01-02,25,525,24,399,1,126,0,0,25,525,0,0,25,525,California
San Benito,2021-01-03,3,528,1,400,2,128,0,0,3,528,0,0,3,528,California
San Benito,2021-01-04,62,590,23,423,39,167,0,0,62,590,0,0,62,590,California
San Benito,2021-01-05,119,709,37,460,82,249,0,0,116,703,3,3,116,706,California
San Benito,2021-01-06,97,806,42,502,55,304,0,0,83,772,14,17,83,789,California
San Benito,2021-01-07,80,886,43,545,37,341,0,0,52,796,28,45,52,841,California
San Benito,2021-01-08,130,1016,67,612,63,404,0,0,86,838,44,89,86,927,California
San Benito,2021-01-09,42,1058,29,641,13,417,0,0,29,854,13,102,29,956,California
San Benito,2021-01-10,15,1073,13,654,2,419,0,0,5,849,10,112,5,961,California
San Benito,2021-01-11,100,1173,59,713,41,460,0,0,47,843,53,165,47,1008,California
San Benito,2021-01-12,157,1330,53,766,104,564,0,0,121,928,36,201,121,1129,California
San Benito,2021-01-13,190,1520,35,801,155,719,0,0,163,1064,27,228,163,1292,California
San Benito,2021-01-14,116,1636,23,824,93,812,0,0,99,1146,17,245,99,1391,California
San Benito,2021-01-15,215,1851,21,845,194,1006,0,0,201,1333,14,259,201,1592,California
San Benito,2021-01-16,27,1878,9,854,18,1024,0,0,21,1348,6,265,21,1613,California
San Benito,2021-01-17,11,1889,5,859,6,1030,0,0,8,1353,3,268,8,1621,California
San Benito,2021-01-18,36,1925,23,882,13,1043,0,0,21,1359,15,283,21,1642,California
San Benito,2021-01-19,152,2077,65,947,87,1130,0,0,125,1457,27,310,125,1767,California
San Benito,2021-01-20,275,2352,94,1041,181,1311,0,0,229,1641,45,355,229,1996,California
San Benito,2021-01-21,125,2477,32,1073,93,1404,0,0,100,1716,25,380,100,2096,California
San Benito,2021-01-22,231,2708,19,1092,212,1616,0,0,221,1927,10,390,221,2317,California
San Benito,2021-01-23,31,2739,17,1109,14,1630,0,0,13,1922,18,408,13,2330,California
San Benito,2021-01-24,11,2750,3,1112,8,1638,0,0,7,1925,4,412,7,2337,California
San Benito,2021-01-25,67,2817,25,1137,42,1680,0,0,21,1900,46,458,21,2358,California
San Benito,2021-01-26,134,2951,41,1178,93,1773,0,0,81,1928,53,511,81,2439,California
San Benito,2021-01-27,230,3181,69,1247,161,1934,0,0,190,2078,40,551,190,2629,California
San Benito,2021-01-28,155,3336,32,1279,123,2057,0,0,123,2170,31,582,123,2752,California
San Benito,2021-01-29,284,3620,31,1310,253,2310,0,0,261,2409,22,604,261,3013,California
San Benito,2021-01-30,50,3670,31,1341,19,2329,0,0,28,2415,22,626,28,3041,California
San Benito,2021-01-31,16,3686,5,1346,11,2340,0,0,11,2421,5,631,11,3052,California
San Benito,2021-02-01,133,3819,28,1374,105,2445,0,0,89,2466,44,675,89,3141,California
San Benito,2021-02-02,226,4045,49,1423,177,2622,0,0,136,2512,90,765,136,3277,California
San Benito,2021-02-03,336,4381,42,1465,294,2916,0,0,272,2720,64,829,272,3549,California
San Benito,2021-02-04,162,4543,24,1489,138,3054,0,0,118,2794,44,873,118,3667,California
San Benito,2021-02-05,290,4833,40,1529,250,3304,0,0,228,2960,62,935,228,3895,California
San Benito,2021-02-06,49,4882,9,1538,40,3344,0,0,32,2975,17,952,32,3927,California
San Benito,2021-02-07,15,4897,7,1545,8,3352,0,0,14,2988,1,953,14,3941,California
San Benito,2021-02-08,138,5035,15,1560,123,3475,0,0,92,3034,46,999,92,4033,California
San Benito,2021-02-09,327,5362,64,1624,263,3738,0,0,194,3095,133,1132,194,4227,California
San Benito,2021-02-10,319,5681,88,1712,231,3969,0,0,111,2999,207,1339,111,4338,California
San Benito,2021-02-11,296,5977,32,1744,264,4233,0,0,198,3099,98,1437,198,4536,California
San Benito,2021-02-12,412,6389,30,1774,382,4615,0,0,207,3102,204,1641,207,4743,California
San Benito,2021-02-13,57,6446,8,1782,49,4664,0,0,43,3131,14,1655,43,4786,California
San Benito,2021-02-14,40,6486,5,1787,35,4699,0,0,30,3151,10,1665,30,4816,California
San Benito,2021-02-15,106,6592,9,1796,97,4796,0,0,95,3235,11,1676,95,4911,California
San Benito,2021-02-16,205,6797,11,1807,194,4990,0,0,101,3232,104,1780,101,5012,California
San Benito,2021-02-17,327,7124,30,1837,297,5287,0,0,278,3461,49,1829,278,5290,California
San Benito,2021-02-18,293,7417,38,1875,255,5542,0,0,72,3312,221,2050,72,5362,California
San Benito,2021-02-19,342,7759,45,1920,297,5839,0,0,177,3324,165,2215,177,5539,California
San Benito,2021-02-20,45,7804,26,1946,19,5858,0,0,36,3351,9,2224,36,5575,California
San Benito,2021-02-21,23,7827,8,1954,15,5873,0,0,14,3356,9,2233,14,5589,California
San Benito,2021-02-22,132,7959,36,1990,96,5969,0,0,98,3421,33,2266,98,5687,California
San Benito,2021-02-23,374,8333,92,2082,282,6251,0,0,262,3571,112,2378,262,5949,California
San Benito,2021-02-24,377,8710,63,2145,314,6565,0,0,237,3668,140,2518,237,6186,California
San Benito,2021-02-25,392,9102,63,2208,329,6894,0,0,271,3816,123,2641,271,6457,California
San Benito,2021-02-26,640,9742,72,2280,568,7462,0,0,397,3970,243,2884,397,6854,California
San Benito,2021-02-27,98,9840,36,2316,62,7524,0,0,83,4038,15,2899,83,6937,California
San Benito,2021-02-28,249,10089,24,2340,225,7749,0,0,240,4269,9,2908,240,7177,California
San Benito,2021-03-01,224,10313,59,2399,165,7914,0,0,155,4354,70,2978,155,7332,California
San Benito,2021-03-02,276,10589,90,2489,186,8100,0,0,206,4490,70,3048,206,7538,California
San Benito,2021-03-03,396,10985,58,2547,338,8438,0,0,220,4536,174,3222,220,7758,California
San Benito,2021-03-04,610,11595,124,2671,471,8909,15,15,429,4788,181,3403,433,8191,California
San Benito,2021-03-05,582,12177,305,2976,265,9174,12,27,373,4965,208,3611,385,8576,California
San Benito,2021-03-06,191,12368,67,3043,110,9284,14,41,139,5066,52,3663,153,8729,California
San Benito,2021-03-07,647,13015,603,3646,22,9306,22,63,615,5671,32,3695,637,9366,California
San Benito,2021-03-08,288,13303,65,3711,177,9483,46,109,167,5763,121,3816,213,9579,California
San Benito,2021-03-09,423,13726,84,3795,240,9723,99,208,137,5687,285,4101,209,9788,California
San Benito,2021-03-10,402,14128,114,3909,193,9916,95,303,232,5844,170,4271,327,10115,California
San Benito,2021-03-11,467,14595,119,4028,196,10112,152,455,206,5941,261,4532,358,10473,California
San Benito,2021-03-12,513,15108,117,4145,301,10413,95,550,230,5986,281,4813,326,10799,California
San Benito,2021-03-13,202,15310,102,4247,82,10495,18,568,128,6061,71,4884,146,10945,California
San Benito,2021-03-14,232,15542,40,4287,172,10667,20,588,180,6210,51,4935,200,11145,California
San Benito,2021-03-15,325,15867,100,4387,206,10873,19,607,191,6286,134,5069,210,11355,California
San Benito,2021-03-16,497,16364,219,4606,247,11120,31,638,350,6519,147,5216,380,11735,California
San Benito,2021-03-17,785,17149,476,5082,288,11408,21,659,559,6869,222,5438,572,12307,California
San Benito,2021-03-18,787,17936,525,5607,207,11615,55,714,573,7276,212,5650,619,12926,California
San Benito,2021-03-19,777,18713,404,6011,350,11965,23,737,577,7676,200,5850,600,13526,California
San Benito,2021-03-20,239,18952,147,6158,80,12045,12,749,183,7815,56,5906,195,13721,California
San Benito,2021-03-21,108,19060,56,6214,47,12092,5,754,81,7874,27,5933,86,13807,California
San Benito,2021-03-22,345,19405,171,6385,149,12241,25,779,222,7998,123,6056,247,14054,California
San Benito,2021-03-23,475,19880,197,6582,268,12509,10,789,215,7962,260,6316,224,14278,California
San Benito,2021-03-24,576,20456,305,6887,264,12773,7,796,361,8116,214,6530,368,14646,California
San Benito,2021-03-25,742,21198,442,7329,296,13069,4,800,443,8268,295,6825,447,15093,California
San Benito,2021-03-26,1001,22199,518,7847,480,13549,3,803,333,7937,667,7492,336,15429,California
San Benito,2021-03-27,332,22531,184,8031,115,13664,33,836,215,8069,116,7608,248,15677,California
San Benito,2021-03-28,694,23225,571,8602,118,13782,5,841,125,7630,569,8177,130,15807,California
San Benito,2021-03-29,344,23569,110,8712,214,13996,20,861,149,7603,195,8372,168,15975,California
San Benito,2021-03-30,573,24142,269,8981,210,14206,94,955,288,7700,285,8657,382,16357,California
San Benito,2021-03-31,584,24726,357,9338,203,14409,24,979,334,7810,248,8905,358,16715,California
San Benito,2021-04-01,933,25659,374,9712,521,14930,38,1017,557,8024,375,9280,589,17304,California
San Benito,2021-04-02,540,26199,263,9975,142,15072,135,1152,266,8151,274,9554,401,17705,California
San Benito,2021-04-03,252,26451,87,10062,103,15175,62,1214,74,8109,178,9732,136,17841,California
San Benito,2021-04-04,144,26595,109,10171,30,15205,5,1219,107,8184,37,9769,112,17953,California
San Benito,2021-04-05,351,26946,170,10341,139,15344,42,1261,143,8160,208,9977,184,18137,California
San Benito,2021-04-06,459,27405,160,10501,124,15468,175,1436,155,8186,304,10281,330,18467,California
San Benito,2021-04-07,922,28327,521,11022,212,15680,189,1625,254,7962,667,10948,443,18910,California
San Benito,2021-04-08,848,29175,425,11447,173,15853,250,1875,216,7797,631,11579,466,19376,California
San Benito,2021-04-09,836,30011,495,11942,250,16103,91,1966,287,7626,549,12128,378,19754,California
San Benito,2021-04-10,325,30336,197,12139,71,16174,57,2023,180,7718,145,12273,237,19991,California
San Benito,2021-04-11,470,30806,270,12409,167,16341,33,2056,263,7787,207,12480,276,20267,California
San Benito,2021-04-12,528,31334,287,12696,129,16470,112,2168,277,7922,250,12730,385,20652,California
San Benito,2021-04-13,757,32091,293,12989,441,16911,23,2191,528,8246,228,12958,552,21204,California
San Benito,2021-04-14,830,32921,653,13642,177,17088,0,2191,396,8213,429,13387,396,21600,California
San Benito,2021-04-15,940,33861,732,14374,207,17295,1,2192,467,8210,471,13858,468,22068,California
San Benito,2021-04-16,697,34558,364,14738,324,17619,9,2201,291,8107,403,14261,300,22368,California
San Benito,2021-04-17,316,34874,227,14965,89,17708,0,2201,129,8047,189,14450,129,22497,California
San Benito,2021-04-18,492,35366,411,15376,81,17789,0,2201,242,8040,250,14700,243,22740,California
San Benito,2021-04-19,727,36093,586,15962,141,17930,0,2201,411,8137,315,15015,412,23152,California
San Benito,2021-04-20,746,36839,398,16360,347,18277,1,2202,475,8346,266,15281,475,23627,California
San Benito,2021-04-21,954,37793,703,17063,251,18528,0,2202,522,8450,418,15699,522,24149,California
San Benito,2021-04-22,893,38686,691,17754,202,18730,0,2202,567,8699,318,16017,567,24716,California
San Benito,2021-04-23,625,39311,395,18149,229,18959,1,2203,339,8802,237,16254,340,25056,California
San Benito,2021-04-24,351,39662,198,18347,153,19112,0,2203,161,8813,150,16404,161,25217,California
San Benito,2021-04-25,199,39861,122,18469,77,19189,0,2203,88,8809,92,16496,88,25305,California
San Benito,2021-04-26,473,40334,377,18846,96,19285,0,2203,251,8898,162,16658,251,25556,California
San Benito,2021-04-27,526,40860,267,19113,252,19537,7,2210,397,9183,119,16777,404,25960,California
San Benito,2021-04-28,540,41400,383,19496,148,19685,9,2219,377,9410,158,16935,385,26345,California
San Benito,2021-04-29,621,42021,230,19726,381,20066,10,2229,249,9314,372,17307,276,26621,California
San Benito,2021-04-30,370,42391,205,19931,158,20224,7,2236,199,9351,169,17476,206,26827,California
San Benito,2021-05-01,193,42584,142,20073,43,20267,8,2244,65,9298,126,17602,73,26900,California
San Benito,2021-05-02,189,42773,161,20234,24,20291,4,2248,57,9227,132,17734,61,26961,California
San Benito,2021-05-03,357,43130,280,20514,67,20358,10,2258,83,9048,274,18008,95,27056,California
San Benito,2021-05-04,389,43519,240,20754,142,20500,7,2265,147,8963,240,18248,155,27211,California
San Benito,2021-05-05,593,44112,411,21165,163,20663,19,2284,200,8790,392,18640,219,27430,California
San Benito,2021-05-06,601,44713,478,21643,107,20770,16,2300,213,8632,386,19026,228,27658,California
San Benito,2021-05-07,436,45149,275,21918,149,20919,12,2312,164,8541,270,19296,179,27837,California
San Benito,2021-05-08,259,45408,208,22126,45,20964,6,2318,140,8569,118,19414,146,27983,California
San Benito,2021-05-09,98,45506,73,22199,22,20986,3,2321,46,8566,52,19466,49,28032,California
San Benito,2021-05-10,371,45877,296,22495,52,21038,23,2344,44,8308,327,19793,69,28101,California
San Benito,2021-05-11,698,46575,325,22820,364,21402,9,2353,160,7941,537,20330,170,28271,California
San Benito,2021-05-12,261,46836,204,23024,49,21451,8,2361,46,7784,213,20543,56,28327,California
San Bernardino,2020-12-15,13,13,13,13,0,0,0,0,13,13,0,0,13,13,California
San Bernardino,2020-12-16,107,120,107,120,0,0,0,0,107,120,0,0,107,120,California
San Bernardino,2020-12-17,2355,2475,2355,2475,0,0,0,0,2355,2475,0,0,2355,2475,California
San Bernardino,2020-12-18,3146,5621,3143,5618,3,3,0,0,3147,5622,0,0,3147,5622,California
San Bernardino,2020-12-19,1069,6690,1068,6686,1,4,0,0,1070,6692,0,0,1070,6692,California
San Bernardino,2020-12-20,1175,7865,1173,7859,2,6,0,0,1175,7867,0,0,1175,7867,California
San Bernardino,2020-12-21,2453,10318,2448,10307,5,11,0,0,2453,10320,0,0,2453,10320,California
San Bernardino,2020-12-22,2270,12588,2143,12450,127,138,0,0,2271,12591,0,0,2271,12591,California
San Bernardino,2020-12-23,2649,15237,1456,13906,1193,1331,0,0,2647,15238,0,0,2647,15238,California
San Bernardino,2020-12-24,1157,16394,581,14487,576,1907,0,0,1159,16397,0,0,1159,16397,California
San Bernardino,2020-12-25,75,16469,14,14501,61,1968,0,0,75,16472,0,0,75,16472,California
San Bernardino,2020-12-26,462,16931,254,14755,208,2176,0,0,462,16934,0,0,462,16934,California
San Bernardino,2020-12-27,343,17274,160,14915,183,2359,0,0,343,17277,0,0,343,17277,California
San Bernardino,2020-12-28,1569,18843,713,15628,856,3215,0,0,1570,18847,0,0,1570,18847,California
San Bernardino,2020-12-29,2210,21053,1043,16671,1167,4382,0,0,2210,21057,0,0,2210,21057,California
San Bernardino,2020-12-30,2895,23948,1459,18130,1436,5818,0,0,2896,23953,0,0,2896,23953,California
San Bernardino,2020-12-31,1357,25305,439,18569,918,6736,0,0,1355,25308,0,0,1355,25308,California
San Bernardino,2021-01-01,283,25588,151,18720,132,6868,0,0,282,25590,0,0,282,25590,California
San Bernardino,2021-01-02,476,26064,339,19059,137,7005,0,0,476,26066,0,0,476,26066,California
San Bernardino,2021-01-03,135,26199,85,19144,50,7055,0,0,135,26201,0,0,135,26201,California
San Bernardino,2021-01-04,2122,28321,1288,20432,834,7889,0,0,2121,28322,0,0,2121,28322,California
San Bernardino,2021-01-05,2336,30657,1461,21893,875,8764,0,0,2226,30439,109,109,2226,30548,California
San Bernardino,2021-01-06,3438,34095,2353,24246,1085,9849,0,0,2943,32894,489,598,2944,33492,California
San Bernardino,2021-01-07,5418,39513,4504,28750,914,10763,0,0,2485,32465,2914,3512,2485,35977,California
San Bernardino,2021-01-08,5368,44881,4446,33196,922,11685,0,0,2291,31684,3073,6585,2292,38269,California
San Bernardino,2021-01-09,1402,46283,1100,34296,302,11987,0,0,906,32094,496,7081,906,39175,California
San Bernardino,2021-01-10,1025,47308,598,34894,427,12414,0,0,577,32223,448,7529,577,39752,California
San Bernardino,2021-01-11,4982,52290,4076,38970,906,13320,0,0,2767,32778,2212,9741,2767,42519,California
San Bernardino,2021-01-12,4231,56521,3218,42188,1013,14333,0,0,2517,33582,1713,11454,2517,45036,California
San Bernardino,2021-01-13,4563,61084,2851,45039,1712,16045,0,0,3340,35713,1210,12664,3341,48377,California
San Bernardino,2021-01-14,4789,65873,2815,47854,1974,18019,0,0,4207,39342,578,13242,4207,52584,California
San Bernardino,2021-01-15,5986,71859,2978,50832,3008,21027,0,0,5589,44547,387,13629,5592,58176,California
San Bernardino,2021-01-16,2261,74120,1294,52126,967,21994,0,0,2119,46524,142,13771,2119,60295,California
San Bernardino,2021-01-17,1191,75311,517,52643,674,22668,0,0,1101,47538,89,13860,1103,61398,California
San Bernardino,2021-01-18,4271,79582,2639,55282,1632,24300,0,0,3649,50569,621,14481,3652,65050,California
San Bernardino,2021-01-19,6310,85892,3709,58991,2601,26901,0,0,5218,54699,1090,15571,5220,70270,California
San Bernardino,2021-01-20,6811,92703,3741,62732,3070,29971,0,0,4877,57652,1926,17497,4879,75149,California
San Bernardino,2021-01-21,5984,98687,3078,65810,2906,32877,0,0,4866,61412,1109,18606,4869,80018,California
San Bernardino,2021-01-22,6522,105209,3053,68863,3469,36346,0,0,5798,66489,722,19328,5799,85817,California
San Bernardino,2021-01-23,3110,108319,1893,70756,1217,37563,0,0,2720,68820,389,19717,2720,88537,California
San Bernardino,2021-01-24,1194,109513,461,71217,733,38296,0,0,1093,69812,101,19818,1093,89630,California
San Bernardino,2021-01-25,6876,116389,3400,74617,3476,41772,0,0,5023,72988,1850,21668,5026,94656,California
San Bernardino,2021-01-26,7109,123498,3570,78187,3539,45311,0,0,5012,75904,2097,23765,5013,99669,California
San Bernardino,2021-01-27,8490,131988,4146,82333,4344,49655,0,0,5694,78810,2788,26553,5694,105363,California
San Bernardino,2021-01-28,8593,140581,4082,86415,4511,54166,0,0,6267,82756,2321,28874,6267,111630,California
San Bernardino,2021-01-29,8188,148769,3772,90187,4416,58582,0,0,6220,87023,1954,30828,6221,117851,California
San Bernardino,2021-01-30,3092,151861,1900,92087,1192,59774,0,0,2804,89540,287,31115,2804,120655,California
San Bernardino,2021-01-31,924,152785,494,92581,430,60204,0,0,870,90357,53,31168,870,121525,California
San Bernardino,2021-02-01,7547,160332,4232,96813,3315,63519,0,0,4926,92665,2618,33786,4926,126451,California
San Bernardino,2021-02-02,10423,170755,3653,100466,6770,70289,0,0,8360,98967,2059,35845,8361,134812,California
San Bernardino,2021-02-03,8989,179744,4147,104613,4842,75131,0,0,6492,102971,2489,38334,6493,141305,California
San Bernardino,2021-02-04,10526,190270,5199,109812,5327,80458,0,0,7419,107294,3096,41430,7419,148724,California
San Bernardino,2021-02-05,10998,201268,5913,115725,5085,85543,0,0,7471,111250,3516,44946,7472,156196,California
San Bernardino,2021-02-06,5257,206525,2207,117932,3050,88593,0,0,3617,113255,1615,46561,3620,159816,California
San Bernardino,2021-02-07,844,207369,490,118422,354,88947,0,0,466,113347,375,46936,467,160283,California
San Bernardino,2021-02-08,7275,214644,3878,122300,3397,92344,0,0,5607,117289,1665,48601,5607,165890,California
San Bernardino,2021-02-09,9907,224551,5812,128112,4095,96439,0,0,6675,120738,3229,51830,6678,172568,California
San Bernardino,2021-02-10,12015,236566,6535,134647,5480,101919,0,0,7842,124419,4162,55992,7843,180411,California
San Bernardino,2021-02-11,12377,248943,7106,141753,5271,107190,0,0,7884,127836,4470,60462,7887,188298,California
San Bernardino,2021-02-12,10390,259333,5934,147687,4456,111646,0,0,5678,128817,4697,65159,5678,193976,California
San Bernardino,2021-02-13,6025,265358,4002,151689,2023,113669,0,0,3785,130383,2224,67383,3790,197766,California
San Bernardino,2021-02-14,1549,266907,650,152339,899,114568,0,0,872,130586,669,68052,872,198638,California
San Bernardino,2021-02-15,5459,272366,2994,155333,2465,117033,0,0,3056,131253,2389,70441,3056,201694,California
San Bernardino,2021-02-16,12601,284967,7374,162707,5227,122260,0,0,7958,134582,4630,75071,7959,209653,California
San Bernardino,2021-02-17,11786,296753,6451,169158,5335,127595,0,0,7138,137091,4631,79702,7140,216793,California
San Bernardino,2021-02-18,12464,309217,7591,176749,4873,132468,0,0,7704,140051,4745,84447,7705,224498,California
San Bernardino,2021-02-19,11499,320716,5933,182682,5566,138034,0,0,6805,142181,4675,89122,6805,231303,California
San Bernardino,2021-02-20,4515,325231,3466,186148,1049,139083,0,0,2040,141751,2472,91594,2042,233345,California
San Bernardino,2021-02-21,1039,326270,582,186730,457,139540,0,0,330,141372,709,92303,330,233675,California
San Bernardino,2021-02-22,8636,334906,5324,192054,3312,142852,0,0,4033,140814,4592,96895,4034,237709,California
San Bernardino,2021-02-23,9091,343997,5419,197473,3672,146524,0,0,4572,140898,4488,101383,4572,242281,California
San Bernardino,2021-02-24,12359,356356,7155,204628,5204,151728,0,0,6087,140739,6247,107630,6088,248369,California
San Bernardino,2021-02-25,13001,369357,6267,210895,6734,158462,0,0,7562,142883,5421,113051,7565,255934,California
San Bernardino,2021-02-26,13548,382905,6370,217265,7178,165640,0,0,7539,144478,5946,118997,7541,263475,California
San Bernardino,2021-02-27,6630,389535,3697,220962,2932,168572,1,1,4790,147441,1828,120825,4791,268266,California
San Bernardino,2021-02-28,1754,391289,726,221688,1028,169600,0,1,1130,147952,619,121444,1130,269396,California
San Bernardino,2021-03-01,8413,399702,4339,226027,4072,173672,2,3,3834,147239,4557,126001,3844,273240,California
San Bernardino,2021-03-02,13653,413355,5366,231393,8287,181959,0,3,6424,146467,7199,133200,6427,279667,California
San Bernardino,2021-03-03,12679,426034,6442,237835,6234,188193,3,6,5875,145567,6784,139984,5884,285551,California
San Bernardino,2021-03-04,13683,439717,6863,244698,6820,195013,0,6,5950,143808,7712,147696,5953,291504,California
San Bernardino,2021-03-05,14213,453930,7370,252068,6842,201855,1,7,6889,143422,7294,154990,6908,298412,California
San Bernardino,2021-03-06,9652,463582,5401,257469,4036,205891,215,222,4526,143050,5111,160101,4739,303151,California
San Bernardino,2021-03-07,1572,465154,928,258397,589,206480,55,277,1001,143537,569,160670,1056,304207,California
San Bernardino,2021-03-08,7998,473152,3507,261904,4331,210811,160,437,3526,142762,4465,165135,3690,307897,California
San Bernardino,2021-03-09,12606,485758,7035,268939,5327,216138,244,681,4859,140132,7734,172869,5104,313001,California
San Bernardino,2021-03-10,14018,499776,7686,276625,5783,221921,549,1230,6197,139088,7794,180663,6750,319751,California
San Bernardino,2021-03-11,15254,515030,7131,283756,6539,228460,1584,2814,7264,139963,7969,188632,8844,328595,California
San Bernardino,2021-03-12,15281,530311,6817,290573,6421,234881,2043,4857,7284,141368,7968,196600,9373,337968,California
San Bernardino,2021-03-13,8276,538587,4494,295067,3271,238152,511,5368,4898,143412,3367,199967,5411,343379,California
San Bernardino,2021-03-14,3221,541808,1615,296682,1032,239184,574,5942,1839,144443,1376,201343,2407,345786,California
San Bernardino,2021-03-15,11336,553144,5333,302015,3972,243156,2031,7973,5552,146248,5771,207114,7576,353362,California
San Bernardino,2021-03-16,16098,569242,7987,310002,7166,250322,945,8918,9838,150793,6234,213348,10779,364141,California
San Bernardino,2021-03-17,17098,586340,8589,318591,7760,258082,749,9667,10296,155054,6785,220133,11046,375187,California
San Bernardino,2021-03-18,16508,602848,8190,326781,7934,266016,384,10051,9785,158525,6697,226830,10168,385355,California
San Bernardino,2021-03-19,16828,619676,8337,335118,7903,273919,588,10639,9657,161676,7147,233977,10298,395653,California
San Bernardino,2021-03-20,9386,629062,5914,341032,2885,276804,587,11226,5568,164033,3794,237771,6151,401804,California
San Bernardino,2021-03-21,2758,631820,2242,343274,468,277272,48,11274,2228,165791,518,238289,2276,404080,California
San Bernardino,2021-03-22,9575,641395,4495,347769,4645,281917,435,11709,6940,170549,2617,240906,7375,411455,California
San Bernardino,2021-03-23,15446,656841,8760,356529,6065,287982,621,12330,9669,175081,5756,246662,10288,421743,California
San Bernardino,2021-03-24,15014,671855,7777,364306,6936,294918,301,12631,9990,180384,4989,251651,10292,432035,California
San Bernardino,2021-03-25,16949,688804,8301,372607,8351,303269,297,12928,10769,185315,6131,257782,11062,443097,California
San Bernardino,2021-03-26,17956,706760,8589,381196,8600,311869,767,13695,10913,189982,7013,264795,11680,454777,California
San Bernardino,2021-03-27,10737,717497,6907,388103,3080,314949,750,14445,6160,192331,4560,269355,6909,461686,California
San Bernardino,2021-03-28,3537,721034,2472,390575,952,315901,113,14558,2497,193908,1033,270388,2610,464296,California
San Bernardino,2021-03-29,11693,732727,6072,396647,5224,321125,397,14955,7974,198577,3702,274090,8371,472667,California
San Bernardino,2021-03-30,16863,749590,9423,406070,6730,327855,710,15665,10857,204163,5973,280063,11559,484226,California
San Bernardino,2021-03-31,16243,765833,9155,415225,6457,334312,631,16296,10880,210336,5337,285400,11510,495736,California
San Bernardino,2021-04-01,19446,785279,10252,425477,7835,342147,1359,17655,12542,217364,6866,292266,13894,509630,California
San Bernardino,2021-04-02,18617,803896,9346,434823,7999,350146,1272,18927,11276,222635,7317,299583,12588,522218,California
San Bernardino,2021-04-03,10972,814868,6847,441670,3001,353147,1124,20051,6012,224829,4944,304527,7138,529356,California
San Bernardino,2021-04-04,2453,817321,1489,443159,716,353863,248,20299,1250,225129,1198,305725,1498,530854,California
San Bernardino,2021-04-05,11719,829040,5264,448423,4728,358591,1727,22026,6004,227157,5696,311421,7724,538578,California
San Bernardino,2021-04-06,19638,848678,11045,459468,6490,365081,2103,24129,10433,230519,9169,320590,12531,551109,California
San Bernardino,2021-04-07,20798,869476,11128,470596,7210,372291,2460,26589,11392,234981,9378,329968,13840,564949,California
San Bernardino,2021-04-08,21595,891071,11069,481665,7936,380227,2590,29179,11955,239905,9613,339581,14537,579486,California
San Bernardino,2021-04-09,21525,912596,10901,492566,8080,388307,2544,31723,11744,244437,9746,349327,14278,593764,California
San Bernardino,2021-04-10,15561,928157,8059,500625,3811,392118,3691,35414,7742,248060,7799,357126,11422,605186,California
San Bernardino,2021-04-11,4399,932556,2566,503191,883,393001,950,36364,2038,248691,2354,359480,2985,608171,California
San Bernardino,2021-04-12,13328,945884,6177,509368,5513,398514,1638,38002,6323,249662,6985,366465,7956,616127,California
San Bernardino,2021-04-13,19181,965065,10937,520305,8226,406740,18,38020,10993,252509,8165,374630,11012,627139,California
San Bernardino,2021-04-14,18960,984025,10245,530550,8712,415452,3,38023,10836,255254,8095,382725,10840,637979,California
San Bernardino,2021-04-15,20125,1004150,11297,541847,8823,424275,5,38028,10740,256652,9350,392075,10748,648727,California
San Bernardino,2021-04-16,18461,1022611,10519,552366,7941,432216,1,38029,9136,256503,9285,401360,9136,657863,California
San Bernardino,2021-04-17,11874,1034485,7823,560189,4051,436267,0,38029,6257,257173,5587,406947,6257,664120,California
San Bernardino,2021-04-18,2874,1037359,1971,562160,903,437170,0,38029,1313,256934,1552,408499,1313,665433,California
San Bernardino,2021-04-19,12451,1049810,6616,568776,5835,443005,0,38029,4839,254186,7591,416090,4843,670276,California
San Bernardino,2021-04-20,17513,1067323,9751,578527,7759,450764,3,38032,8021,252739,9471,425561,8024,678300,California
San Bernardino,2021-04-21,17966,1085289,10294,588821,7670,458434,2,38034,7990,250811,9920,435481,7992,686292,California
San Bernardino,2021-04-22,19085,1104374,10899,599720,8182,466616,4,38038,7842,247463,11194,446675,7846,694138,California
San Bernardino,2021-04-23,18371,1122745,10515,610235,7855,474471,1,38039,8106,245353,10219,456894,8109,702247,California
San Bernardino,2021-04-24,12773,1135518,9456,619691,3315,477786,2,38041,6885,246369,5871,462765,6887,709134,California
San Bernardino,2021-04-25,3405,1138923,2234,621925,1171,478957,0,38041,1688,246355,1703,464468,1689,710823,California
San Bernardino,2021-04-26,10044,1148967,5318,627243,4637,483594,89,38130,4294,245020,5717,470185,4382,715205,California
San Bernardino,2021-04-27,15406,1164373,9182,636425,6056,489650,168,38298,6256,242332,9112,479297,6424,721629,California
San Bernardino,2021-04-28,14624,1178997,8686,645111,5668,495318,270,38568,5259,238518,9334,488631,5520,727149,California
San Bernardino,2021-04-29,16054,1195051,9256,654367,6530,501848,268,38836,5329,233430,10683,499314,5595,732744,California
San Bernardino,2021-04-30,16478,1211529,10422,664789,5776,507624,280,39116,6044,229367,10384,509698,6321,739065,California
San Bernardino,2021-05-01,10676,1222205,8390,673179,1978,509602,308,39424,3645,226322,6995,516693,3950,743015,California
San Bernardino,2021-05-02,2915,1225120,2112,675291,672,510274,131,39555,1039,225623,1869,518562,1170,744185,California
San Bernardino,2021-05-03,9926,1235046,5736,681027,3792,514066,398,39953,2824,221770,7074,525636,3221,747406,California
San Bernardino,2021-05-04,15592,1250638,9473,690500,5666,519732,453,40406,4509,215687,11043,536679,4960,752366,California
San Bernardino,2021-05-05,12846,1263484,7765,698265,4697,524429,384,40790,3608,210481,9195,545874,3989,756355,California
San Bernardino,2021-05-06,12928,1276412,7742,706007,4789,529218,397,41187,3551,205087,9340,555214,3946,760301,California
San Bernardino,2021-05-07,12883,1289295,7502,713509,5032,534250,349,41536,3777,200157,9055,564269,4125,764426,California
San Bernardino,2021-05-08,7477,1296772,5082,718591,2176,536426,219,41755,2527,197980,4921,569190,2744,767170,California
San Bernardino,2021-05-09,1826,1298598,1128,719719,605,537031,93,41848,746,197748,1070,570260,838,768008,California
San Bernardino,2021-05-10,5047,1303645,2241,721960,2527,539558,279,42127,1571,196157,3439,573699,1848,769856,California
San Bernardino,2021-05-11,8417,1312062,4597,726557,3641,543199,179,42306,2748,193439,5645,579344,2927,772783,California
San Bernardino,2021-05-12,6068,1318130,3449,730006,2474,545673,145,42451,1244,190030,4794,584138,1385,774168,California
San Diego,2020-12-15,119,119,119,119,0,0,0,0,119,119,0,0,119,119,California
San Diego,2020-12-16,1103,1222,1103,1222,0,0,0,0,1103,1222,0,0,1103,1222,California
San Diego,2020-12-17,2349,3571,2349,3571,0,0,0,0,2349,3571,0,0,2349,3571,California
San Diego,2020-12-18,3671,7242,3670,7241,1,1,0,0,3671,7242,0,0,3671,7242,California
San Diego,2020-12-19,2311,9553,2311,9552,0,1,0,0,2311,9553,0,0,2311,9553,California
San Diego,2020-12-20,1184,10737,1183,10735,1,2,0,0,1184,10737,0,0,1184,10737,California
San Diego,2020-12-21,3524,14261,3523,14258,1,3,0,0,3524,14261,0,0,3524,14261,California
San Diego,2020-12-22,4058,18319,3415,17673,643,646,0,0,4058,18319,0,0,4058,18319,California
San Diego,2020-12-23,3180,21499,1977,19650,1203,1849,0,0,3180,21499,0,0,3180,21499,California
San Diego,2020-12-24,2738,24237,2220,21870,518,2367,0,0,2738,24237,0,0,2738,24237,California
San Diego,2020-12-25,875,25112,874,22744,1,2368,0,0,875,25112,0,0,875,25112,California
San Diego,2020-12-26,3295,28407,2144,24888,1151,3519,0,0,3295,28407,0,0,3295,28407,California
San Diego,2020-12-27,2507,30914,1617,26505,890,4409,0,0,2506,30912,1,1,2506,30913,California
San Diego,2020-12-28,5901,36815,4214,30719,1687,6096,0,0,5901,36813,0,1,5901,36814,California
San Diego,2020-12-29,5590,42405,3016,33735,2574,8670,0,0,5590,42403,0,1,5590,42404,California
San Diego,2020-12-30,5953,48358,3108,36843,2845,11515,0,0,5953,48356,0,1,5953,48357,California
San Diego,2020-12-31,3036,51394,1053,37896,1983,13498,0,0,3036,51392,0,1,3036,51393,California
San Diego,2021-01-01,1006,52400,452,38348,554,14052,0,0,1006,52398,0,1,1006,52399,California
San Diego,2021-01-02,3762,56162,1320,39668,2442,16494,0,0,3762,56160,0,1,3762,56161,California
San Diego,2021-01-03,859,57021,632,40300,227,16721,0,0,858,57018,0,1,858,57019,California
San Diego,2021-01-04,3704,60725,2052,42352,1652,18373,0,0,3697,60715,0,1,3697,60716,California
San Diego,2021-01-05,4342,65067,2153,44505,2189,20562,0,0,3726,63841,612,613,3738,64454,California
San Diego,2021-01-06,4958,70025,2302,46807,2656,23218,0,0,3723,66356,1212,1825,3727,68181,California
San Diego,2021-01-07,5663,75688,2982,49789,2681,25899,0,0,3505,67716,2151,3976,3511,71692,California
San Diego,2021-01-08,7884,83572,4957,54746,2927,28826,0,0,4098,68061,3769,7745,4114,75806,California
San Diego,2021-01-09,3501,87073,1940,56686,1561,30387,0,0,1951,68485,1538,9283,1962,77768,California
San Diego,2021-01-10,1882,88955,1293,57979,589,30976,0,0,780,68184,1090,10373,789,78557,California
San Diego,2021-01-11,10335,99290,5863,63842,4472,35448,0,0,6805,71484,3523,13896,6823,85380,California
San Diego,2021-01-12,11206,110496,5319,69161,5887,41335,0,0,7830,76060,3367,17263,7943,93323,California
San Diego,2021-01-13,11488,121984,5033,74194,6455,47790,0,0,8942,82493,2533,19796,8966,102289,California
San Diego,2021-01-14,12369,134353,4753,78947,7616,55406,0,0,10200,90568,2160,21956,10235,112524,California
San Diego,2021-01-15,15134,149487,5356,84303,9778,65184,0,0,12490,100487,2625,24581,12544,125068,California
San Diego,2021-01-16,10770,160257,3595,87898,7175,72359,0,0,9324,108401,1441,26022,9355,134423,California
San Diego,2021-01-17,8685,168942,2502,90400,6183,78542,0,0,7846,115427,839,26861,7865,142288,California
San Diego,2021-01-18,12525,181467,5965,96365,6560,85102,0,0,9692,122381,2794,29655,9748,152036,California
San Diego,2021-01-19,14764,196231,5833,102198,8931,94033,0,0,11631,131152,3120,32775,11891,163927,California
San Diego,2021-01-20,18332,214563,6391,108589,11941,105974,0,0,15009,143034,3302,36077,15184,179111,California
San Diego,2021-01-21,17422,231985,5908,114497,11514,117488,0,0,16028,157827,1383,37460,16176,195287,California
San Diego,2021-01-22,17677,249662,4759,119256,12918,130406,0,0,15623,171512,2040,39500,15725,211012,California
San Diego,2021-01-23,14482,264144,5273,124529,9209,139615,0,0,12120,181339,2350,41850,12177,223189,California
San Diego,2021-01-24,11915,276059,3357,127886,8558,148173,0,0,10944,191350,969,42819,10980,234169,California
San Diego,2021-01-25,12266,288325,5795,133681,6471,154644,0,0,9248,197742,3011,45830,9403,243572,California
San Diego,2021-01-26,14957,303282,7660,141341,7297,161941,0,0,11644,206265,3308,49138,11831,255403,California
San Diego,2021-01-27,20767,324049,8131,149472,12636,174577,0,0,17671,220997,3082,52220,17814,273217,California
San Diego,2021-01-28,21307,345356,7650,157122,13657,188234,0,0,19040,237860,2257,54477,19120,292337,California
San Diego,2021-01-29,19712,365068,6468,163590,13244,201478,0,0,17287,252775,2415,56892,17330,309667,California
San Diego,2021-01-30,15905,380973,3667,167257,12238,213716,0,0,13224,263424,2671,59563,13320,322987,California
San Diego,2021-01-31,14802,395775,5755,173012,9047,222763,0,0,14441,277538,357,59920,14471,337458,California
San Diego,2021-02-01,20537,416312,7242,180254,13295,236058,0,0,17342,291775,3181,63101,17418,354876,California
San Diego,2021-02-02,23218,439530,8701,188955,14517,250575,0,0,19671,308077,3537,66638,19839,374715,California
San Diego,2021-02-03,27459,466989,11564,200519,15895,266470,0,0,23265,327353,4176,70814,23452,398167,California
San Diego,2021-02-04,24386,491375,10031,210550,14355,280825,0,0,19670,342605,4698,75512,19950,418117,California
San Diego,2021-02-05,25033,516408,8992,219542,16041,296866,0,0,18325,354691,6684,82196,18770,436887,California
San Diego,2021-02-06,20795,537203,8569,228111,12226,309092,0,0,17528,369179,3261,85457,17749,454636,California
San Diego,2021-02-07,12136,549339,5377,233488,6759,315851,0,0,10260,377841,1856,87313,10518,465154,California
San Diego,2021-02-08,20111,569450,8520,242008,11591,327442,0,0,12677,383782,7416,94729,13357,478511,California
San Diego,2021-02-09,20419,589869,8256,250264,12163,339605,0,0,13203,390857,7196,101925,14271,492782,California
San Diego,2021-02-10,23027,612896,9388,259652,13639,353244,0,0,13872,396996,9097,111022,15236,508018,California
San Diego,2021-02-11,23816,636712,10157,269809,13659,366903,0,0,12749,400389,11037,122059,14430,522448,California
San Diego,2021-02-12,23860,660572,7469,277278,16391,383294,0,0,11912,402634,11930,133989,14175,536623,California
San Diego,2021-02-13,20053,680625,9044,286322,11009,394303,0,0,10920,405624,9125,143114,12115,548738,California
San Diego,2021-02-14,11188,691813,7432,293754,3756,398059,0,0,6329,408609,4855,147969,7840,556578,California
San Diego,2021-02-15,15279,707092,7769,301523,7510,405569,0,0,7847,412110,7410,155379,10911,567489,California
San Diego,2021-02-16,19287,726379,11257,312780,8030,413599,0,0,9238,414282,10036,165415,12208,579697,California
San Diego,2021-02-17,23405,749784,10989,323769,12416,426015,0,0,8131,410235,15260,180675,11213,590910,California
San Diego,2021-02-18,23586,773370,12024,335793,11562,437577,0,0,7794,406322,15781,196456,11868,602778,California
San Diego,2021-02-19,15917,789287,10924,346717,4993,442570,0,0,6634,405667,9265,205721,8610,611388,California
San Diego,2021-02-20,10265,799552,6367,353084,3898,446468,0,0,5815,408938,4447,210168,7718,619106,California
San Diego,2021-02-21,11547,811099,10134,363218,1413,447881,0,0,5190,409310,6327,216495,6699,625805,California
San Diego,2021-02-22,12453,823552,10592,373810,1861,449742,0,0,5795,410091,6650,223145,7431,633236,California
San Diego,2021-02-23,25901,849453,14527,388337,11374,461116,0,0,9658,409405,16235,239380,15549,648785,California
San Diego,2021-02-24,28953,878406,12763,401100,16190,477306,0,0,6859,401623,22072,261452,14290,663075,California
San Diego,2021-02-25,33198,911604,14724,415824,18474,495780,0,0,10163,397147,23015,284467,18539,681614,California
San Diego,2021-02-26,33473,945077,12405,428229,21068,516848,0,0,12145,395070,21299,305766,19222,700836,California
San Diego,2021-02-27,21239,966316,9679,437908,11560,528408,0,0,11447,400988,9787,315553,15705,716541,California
San Diego,2021-02-28,15265,981581,9967,447875,5298,533706,0,0,9507,407526,5757,321310,12295,728836,California
San Diego,2021-03-01,24245,1005826,14315,462190,9928,543634,2,2,14736,416681,9433,330743,18588,747424,California
San Diego,2021-03-02,26157,1031983,14075,476265,12082,555716,0,2,12758,422733,13389,344132,19441,766865,California
San Diego,2021-03-03,33997,1065980,15918,492183,18076,573792,3,5,14066,423787,19910,364042,20964,787829,California
San Diego,2021-03-04,28323,1094303,14109,506292,14214,588006,0,5,12656,427527,15645,379687,19385,807214,California
San Diego,2021-03-05,28933,1123236,14833,521125,14018,602024,82,87,13474,432333,15436,395123,20242,827456,California
San Diego,2021-03-06,23365,1146601,9527,530652,13138,615162,700,787,10296,434936,13055,408178,15658,843114,California
San Diego,2021-03-07,18206,1164807,9298,539950,8337,623499,571,1358,6903,434766,11295,419473,11125,854239,California
San Diego,2021-03-08,23099,1187906,11228,551178,10971,634470,900,2258,11454,440363,11625,431098,17222,871461,California
San Diego,2021-03-09,25893,1213799,11981,563159,12157,646627,1755,4013,10130,440418,15751,446849,15806,887267,California
San Diego,2021-03-10,25302,1239101,10774,573933,12133,658760,2395,6408,9913,441410,15373,462222,16365,903632,California
San Diego,2021-03-11,28707,1267808,11032,584965,14077,672837,3598,10006,10038,440356,18646,480868,17592,921224,California
San Diego,2021-03-12,27077,1294885,9456,594421,14485,687322,3136,13142,9968,439893,17094,497962,16631,937855,California
San Diego,2021-03-13,26165,1321050,7301,601722,17075,704397,1789,14931,10078,439845,16084,514046,16036,953891,California
San Diego,2021-03-14,13770,1334820,5424,607146,7609,712006,737,15668,4789,438719,8973,523019,7847,961738,California
San Diego,2021-03-15,22026,1356846,10168,617314,11079,723085,779,16447,9032,438639,12978,535997,12898,974636,California
San Diego,2021-03-16,30008,1386854,15793,633107,13801,736886,414,16861,15750,443609,14235,550232,19205,993841,California
San Diego,2021-03-17,26320,1413174,12215,645322,13386,750272,719,17580,16772,453613,9533,559765,19537,1013378,California
San Diego,2021-03-18,31500,1444674,17796,663118,12793,763065,911,18491,17017,458618,14451,574216,19456,1032834,California
San Diego,2021-03-19,30258,1474932,14362,677480,14897,777962,999,19490,19361,469284,10879,585095,21545,1054379,California
San Diego,2021-03-20,27851,1502783,8429,685909,17628,795590,1794,21284,21402,487144,6438,591533,24298,1078677,California
San Diego,2021-03-21,16534,1519317,12056,697965,3761,799351,717,22001,7699,488051,8821,600354,9728,1088405,California
San Diego,2021-03-22,22517,1541834,13148,711113,9120,808471,249,22250,14338,497219,8167,608521,17335,1105740,California
San Diego,2021-03-23,25985,1567819,13642,724755,12080,820551,263,22513,17157,507841,8813,617334,19435,1125175,California
San Diego,2021-03-24,29546,1597365,19759,744514,9423,829974,364,22877,17122,514959,12415,629749,19533,1144708,California
San Diego,2021-03-25,30319,1627684,18283,762797,11378,841352,658,23535,17987,523395,12315,642064,20751,1165459,California
San Diego,2021-03-26,32094,1659778,17907,780704,13630,854982,557,24092,17560,529818,14508,656572,20931,1186390,California
San Diego,2021-03-27,25446,1685224,10993,791697,14060,869042,393,24485,15725,538463,9705,666277,18350,1204740,California
San Diego,2021-03-28,15035,1700259,9193,800890,5786,874828,56,24541,9282,543515,5747,672024,10799,1215539,California
San Diego,2021-03-29,26671,1726930,12905,813795,13170,887998,596,25137,16447,552768,10215,682239,19468,1235007,California
San Diego,2021-03-30,33230,1760160,17903,831698,14556,902554,771,25908,22052,566232,11166,693405,24630,1259637,California
San Diego,2021-03-31,30405,1790565,18760,850458,10967,913521,678,26586,20610,578828,9779,703184,22375,1282012,California
San Diego,2021-04-01,34316,1824881,20061,870519,12795,926316,1460,28046,23252,593807,11039,714223,26018,1308030,California
San Diego,2021-04-02,35699,1860580,20656,891175,12322,938638,2721,30767,24110,610479,11570,725793,28242,1336272,California
San Diego,2021-04-03,30808,1891388,14426,905601,11785,950423,4597,35364,19685,624840,11111,736904,25472,1361744,California
San Diego,2021-04-04,9065,1900453,5205,910806,2930,953353,930,36294,4827,626538,4233,741137,5931,1367675,California
San Diego,2021-04-05,29691,1930144,15403,926209,11698,965051,2590,38884,19397,640716,10279,751416,24457,1392132,California
San Diego,2021-04-06,38693,1968837,20391,946600,12448,977499,5854,44738,22352,654679,16326,767742,30289,1422421,California
San Diego,2021-04-07,35758,2004595,21977,968577,9270,986769,4511,49249,20452,665544,15282,783024,26147,1448568,California
San Diego,2021-04-08,35145,2039740,21358,989935,9690,996459,4097,53346,21308,679672,13817,796841,27945,1476513,California
San Diego,2021-04-09,38215,2077955,22803,1012738,10283,1006742,5129,58475,20829,691565,17316,814157,29209,1505722,California
San Diego,2021-04-10,29237,2107192,11781,1024519,13455,1020197,4001,62476,15237,699794,13988,828145,22217,1527939,California
San Diego,2021-04-11,16251,2123443,10072,1034591,3866,1024063,2313,64789,7299,703420,8948,837093,12574,1540513,California
San Diego,2021-04-12,30718,2154161,12816,1047407,13613,1037676,4289,69078,17223,715077,13480,850573,25137,1565650,California
San Diego,2021-04-13,37251,2191412,17773,1065180,19443,1057119,35,69113,24857,730403,12374,862947,27700,1593350,California
San Diego,2021-04-14,33051,2224463,18911,1084091,14128,1071247,12,69125,17908,737514,15128,878075,22239,1615589,California
San Diego,2021-04-15,39291,2263754,20330,1104421,18958,1090205,3,69128,23915,748888,15355,893430,26729,1642318,California
San Diego,2021-04-16,33763,2297517,18579,1123000,15182,1105387,2,69130,19593,756736,14108,907538,21956,1664274,California
San Diego,2021-04-17,27846,2325363,13527,1136527,14319,1119706,0,69130,12380,756762,15368,922906,15394,1679668,California
San Diego,2021-04-18,14272,2339635,8925,1145452,5344,1125050,3,69133,6583,758599,7676,930582,9513,1689181,California
San Diego,2021-04-19,26369,2366004,13493,1158945,12874,1137924,2,69135,12428,758837,13924,944506,14162,1703343,California
San Diego,2021-04-20,38770,2404774,17578,1176523,21192,1159116,0,69135,19844,762700,18905,963411,22768,1726111,California
San Diego,2021-04-21,34860,2439634,20849,1197372,14011,1173127,0,69135,16898,764617,17927,981338,19844,1745955,California
San Diego,2021-04-22,44394,2484028,22825,1220197,21563,1194690,6,69141,22192,767630,22163,1003501,25176,1771131,California
San Diego,2021-04-23,42005,2526033,25966,1246163,16037,1210727,2,69143,15592,759956,26380,1029881,18706,1789837,California
San Diego,2021-04-24,34306,2560339,18776,1264939,15515,1226242,15,69158,15415,759642,18858,1048739,18544,1808381,California
San Diego,2021-04-25,12442,2572781,7666,1272605,4776,1231018,0,69158,5849,760237,6584,1055323,7179,1815560,California
San Diego,2021-04-26,29953,2602734,14628,1287233,15201,1246219,124,69282,10070,754790,19873,1075196,14426,1829986,California
San Diego,2021-04-27,41462,2644196,22580,1309813,18482,1264701,400,69682,18164,752979,23267,1098463,21456,1851442,California
San Diego,2021-04-28,38124,2682320,22557,1332370,14926,1279627,641,70323,17286,752294,20804,1119267,20119,1871561,California
San Diego,2021-04-29,37976,2720296,24208,1356578,13150,1292777,618,70941,15359,747365,22581,1141848,17652,1889213,California
San Diego,2021-04-30,37900,2758196,23091,1379669,13833,1306610,976,71917,14810,741874,23056,1164904,17565,1906778,California
San Diego,2021-05-01,24259,2782455,10696,1390365,12918,1319528,645,72562,9515,739415,14733,1179637,12274,1919052,California
San Diego,2021-05-02,10697,2793152,7508,1397873,2602,1322130,587,73149,3265,736161,7427,1187064,4173,1923225,California
San Diego,2021-05-03,25294,2818446,12448,1410321,11691,1333821,1155,74304,9347,731514,15925,1202989,11278,1934503,California
San Diego,2021-05-04,31798,2850244,17542,1427863,12958,1346779,1298,75602,11511,725150,20259,1223248,13895,1948398,California
San Diego,2021-05-05,27570,2877814,16992,1444855,9309,1356088,1269,76871,10556,720922,16992,1240240,12764,1961162,California
San Diego,2021-05-06,28232,2906046,18792,1463647,8547,1364635,893,77764,10799,717672,17405,1257645,14155,1975317,California
San Diego,2021-05-07,29402,2935448,19517,1483164,8851,1373486,1034,78798,11018,712564,18349,1275994,13241,1988558,California
San Diego,2021-05-08,22531,2957979,10711,1493875,11114,1384600,706,79504,7261,706648,15248,1291242,9332,1997890,California
San Diego,2021-05-09,7488,2965467,5683,1499558,1394,1385994,411,79915,2615,705225,4865,1296107,3442,2001332,California
San Diego,2021-05-10,21571,2987038,8394,1507952,12383,1398377,794,80709,5935,697600,15608,1311715,7983,2009315,California
San Diego,2021-05-11,23894,3010932,8818,1516770,14711,1413088,365,81074,8245,691589,15628,1327343,9617,2018932,California
San Diego,2021-05-12,10203,3021135,5894,1522664,4060,1417148,249,81323,3101,688172,7089,1334432,3672,2022604,California
San Francisco,2020-12-15,7,7,7,7,0,0,0,0,7,7,0,0,7,7,California
San Francisco,2020-12-16,229,236,229,236,0,0,0,0,229,236,0,0,229,236,California
San Francisco,2020-12-17,393,629,393,629,0,0,0,0,393,629,0,0,393,629,California
San Francisco,2020-12-18,876,1505,875,1504,1,1,0,0,876,1505,0,0,876,1505,California
San Francisco,2020-12-19,601,2106,601,2105,0,1,0,0,601,2106,0,0,601,2106,California
San Francisco,2020-12-20,484,2590,484,2589,0,1,0,0,484,2590,0,0,484,2590,California
San Francisco,2020-12-21,1162,3752,1162,3751,0,1,0,0,1162,3752,0,0,1162,3752,California
San Francisco,2020-12-22,1401,5153,1367,5118,34,35,0,0,1401,5153,0,0,1401,5153,California
San Francisco,2020-12-23,1336,6489,1047,6165,289,324,0,0,1336,6489,0,0,1336,6489,California
San Francisco,2020-12-24,841,7330,503,6668,338,662,0,0,841,7330,0,0,841,7330,California
San Francisco,2020-12-25,34,7364,29,6697,5,667,0,0,34,7364,0,0,34,7364,California
San Francisco,2020-12-26,245,7609,151,6848,94,761,0,0,245,7609,0,0,245,7609,California
San Francisco,2020-12-27,274,7883,60,6908,214,975,0,0,274,7883,0,0,274,7883,California
San Francisco,2020-12-28,1269,9152,686,7594,583,1558,0,0,1269,9152,0,0,1269,9152,California
San Francisco,2020-12-29,1246,10398,623,8217,623,2181,0,0,1246,10398,0,0,1246,10398,California
San Francisco,2020-12-30,1486,11884,779,8996,707,2888,0,0,1486,11884,0,0,1486,11884,California
San Francisco,2020-12-31,963,12847,410,9406,553,3441,0,0,962,12846,0,0,962,12846,California
San Francisco,2021-01-01,86,12933,70,9476,16,3457,0,0,86,12932,0,0,86,12932,California
San Francisco,2021-01-02,334,13267,302,9778,32,3489,0,0,334,13266,0,0,334,13266,California
San Francisco,2021-01-03,295,13562,102,9880,193,3682,0,0,294,13559,1,1,294,13560,California
San Francisco,2021-01-04,1840,15402,1355,11235,485,4167,0,0,1837,15393,3,4,1837,15397,California
San Francisco,2021-01-05,2234,17636,1417,12652,817,4984,0,0,2199,17559,35,39,2201,17598,California
San Francisco,2021-01-06,1869,19505,1160,13812,709,5693,0,0,1604,18901,263,302,1605,19203,California
San Francisco,2021-01-07,2062,21567,1202,15014,860,6553,0,0,1606,20054,453,755,1606,20809,California
San Francisco,2021-01-08,2332,23899,1633,16647,699,7252,0,0,1496,20719,831,1586,1496,22305,California
San Francisco,2021-01-09,1389,25288,893,17540,496,7748,0,0,885,21102,504,2090,887,23192,California
San Francisco,2021-01-10,919,26207,541,18081,378,8126,0,0,460,21104,458,2548,460,23652,California
San Francisco,2021-01-11,2504,28711,1872,19953,632,8758,0,0,1402,21403,1103,3651,1402,25054,California
San Francisco,2021-01-12,3089,31800,2059,22012,1030,9788,0,0,1896,22108,1193,4844,1898,26952,California
San Francisco,2021-01-13,2826,34626,1601,23613,1225,11013,0,0,1996,23274,830,5674,1996,28948,California
San Francisco,2021-01-14,2441,37067,1099,24712,1342,12355,0,0,1881,24595,560,6234,1881,30829,California
San Francisco,2021-01-15,2743,39810,1147,25859,1596,13951,0,0,2351,26558,390,6624,2353,33182,California
San Francisco,2021-01-16,2255,42065,964,26823,1291,15242,0,0,2089,28482,166,6790,2090,35272,California
San Francisco,2021-01-17,1916,43981,530,27353,1386,16628,0,0,1702,29970,214,7004,1702,36974,California
San Francisco,2021-01-18,1378,45359,593,27946,785,17413,0,0,1114,30823,263,7267,1116,38090,California
San Francisco,2021-01-19,2576,47935,1474,29420,1102,18515,0,0,1827,31901,749,8016,1827,39917,California
San Francisco,2021-01-20,2743,50678,1118,30538,1625,20140,0,0,1993,33148,747,8763,1994,41911,California
San Francisco,2021-01-21,3309,53987,945,31483,2364,22504,0,0,2474,34789,833,9596,2474,44385,California
San Francisco,2021-01-22,3188,57175,644,32127,2544,25048,0,0,2746,37095,440,10036,2746,47131,California
San Francisco,2021-01-23,3092,60267,612,32739,2480,27528,0,0,2725,39455,366,10402,2726,49857,California
San Francisco,2021-01-24,2424,62691,363,33102,2061,29589,0,0,2195,41424,226,10628,2195,52052,California
San Francisco,2021-01-25,4581,67272,1779,34881,2802,32391,0,0,3034,42914,1545,12173,3035,55087,California
San Francisco,2021-01-26,4668,71940,2135,37016,2533,34924,0,0,3076,44403,1589,13762,3078,58165,California
San Francisco,2021-01-27,4427,76367,2073,39089,2354,37278,0,0,3078,46136,1345,15107,3078,61243,California
San Francisco,2021-01-28,3756,80123,1555,40644,2201,39479,0,0,2594,47573,1157,16264,2594,63837,California
San Francisco,2021-01-29,4721,84844,1681,42325,3040,42519,0,0,3450,49759,1264,17528,3450,67287,California
San Francisco,2021-01-30,3772,88616,1838,44163,1934,44453,0,0,3323,52638,448,17976,3327,70614,California
San Francisco,2021-01-31,2351,90967,824,44987,1527,45980,0,0,2199,54687,151,18127,2200,72814,California
San Francisco,2021-02-01,3798,94765,1530,46517,2268,48248,0,0,2892,56674,906,19033,2893,75707,California
San Francisco,2021-02-02,4648,99413,1963,48480,2685,50933,0,0,2884,57800,1758,20791,2884,78591,California
San Francisco,2021-02-03,5054,104467,2365,50845,2689,53622,0,0,3749,60247,1303,22094,3750,82341,California
San Francisco,2021-02-04,5027,109494,2434,53279,2593,56215,0,0,3862,62946,1163,23257,3862,86203,California
San Francisco,2021-02-05,5941,115435,3196,56475,2745,58960,0,0,4598,66204,1341,24598,4599,90802,California
San Francisco,2021-02-06,5474,120909,3655,60130,1819,60779,0,0,4574,69883,897,25495,4576,95378,California
San Francisco,2021-02-07,4331,125240,3181,63311,1150,61929,0,0,3753,73064,575,26070,3756,99134,California
San Francisco,2021-02-08,6702,131942,4613,67924,2089,64018,0,0,5486,77353,1199,27269,5488,104622,California
San Francisco,2021-02-09,5925,137867,3987,71911,1938,65956,0,0,4367,80167,1554,28823,4368,108990,California
San Francisco,2021-02-10,6867,144734,4177,76088,2690,68646,0,0,5068,83447,1791,30614,5071,114061,California
San Francisco,2021-02-11,6707,151441,3978,80066,2729,71375,0,0,4892,86529,1811,32425,4893,118954,California
San Francisco,2021-02-12,5314,156755,2666,82732,2648,74023,0,0,3478,88172,1835,34260,3478,122432,California
San Francisco,2021-02-13,4361,161116,2548,85280,1813,75836,0,0,3037,89887,1324,35584,3039,125471,California
San Francisco,2021-02-14,3415,164531,2241,87521,1174,77010,0,0,2290,91055,1124,36708,2292,127763,California
San Francisco,2021-02-15,2771,167302,1505,89026,1266,78276,0,0,1678,91642,1091,37799,1678,129441,California
San Francisco,2021-02-16,4994,172296,2728,91754,2266,80542,0,0,2957,92575,2030,39829,2963,132404,California
San Francisco,2021-02-17,5404,177700,2681,94435,2723,83265,0,0,2961,93105,2432,42261,2962,135366,California
San Francisco,2021-02-18,5374,183074,2631,97066,2743,86008,0,0,2804,93342,2570,44831,2807,138173,California
San Francisco,2021-02-19,5638,188712,2646,99712,2992,89000,0,0,2928,93568,2704,47535,2930,141103,California
San Francisco,2021-02-20,4523,193235,2180,101892,2343,91343,0,0,1702,92458,2813,50348,1703,142806,California
San Francisco,2021-02-21,2741,195976,1373,103265,1368,92711,0,0,1144,92012,1591,51939,1145,143951,California
San Francisco,2021-02-22,5102,201078,3176,106441,1926,94637,0,0,2566,92052,2528,54467,2568,146519,California
San Francisco,2021-02-23,5462,206540,3085,109526,2377,97014,0,0,2766,92128,2690,57157,2766,149285,California
San Francisco,2021-02-24,8982,215522,5083,114609,3899,100913,0,0,4792,92741,4180,61337,4793,154078,California
San Francisco,2021-02-25,9773,225295,6869,121478,2904,103817,0,0,6315,95603,3455,64792,6317,160395,California
San Francisco,2021-02-26,11920,237215,7731,129209,4189,108006,0,0,7065,97813,4856,69648,7066,167461,California
San Francisco,2021-02-27,8919,246134,5677,134886,3241,111247,1,1,4512,97935,4392,74040,4514,171975,California
San Francisco,2021-02-28,7723,253857,5546,140432,2177,113424,0,1,3831,97877,3890,77930,3832,175807,California
San Francisco,2021-03-01,10760,264617,7241,147673,3516,116940,3,4,5230,97605,5508,83438,5236,181043,California
San Francisco,2021-03-02,8897,273514,5678,153351,3219,120159,0,4,5160,99037,3729,87167,5161,186204,California
San Francisco,2021-03-03,11042,284556,6343,159694,4698,124857,1,5,6036,100083,4994,92161,6040,192244,California
San Francisco,2021-03-04,8662,293218,5445,165139,3217,128074,0,5,4880,101187,3776,95937,4880,197124,California
San Francisco,2021-03-05,8699,301917,5151,170290,3545,131619,3,8,5459,103426,3224,99161,5463,202587,California
San Francisco,2021-03-06,6895,308812,4439,174729,2247,133866,209,217,4233,105191,2674,101835,4439,207026,California
San Francisco,2021-03-07,5140,313952,3981,178710,1101,134967,58,275,2890,105876,2263,104098,2948,209974,California
San Francisco,2021-03-08,7155,321107,5178,183888,1791,136758,186,461,5597,110070,1589,105687,5783,215757,California
San Francisco,2021-03-09,6740,327847,3956,187844,2408,139166,376,837,4605,112906,2140,107827,4976,220733,California
San Francisco,2021-03-10,10416,338263,5897,193741,4020,143186,499,1336,6361,115736,4032,111859,6862,227595,California
San Francisco,2021-03-11,10046,348309,6354,200095,2729,145915,963,2299,6596,119853,3434,115293,7551,235146,California
San Francisco,2021-03-12,10757,359066,6271,206366,3163,149078,1323,3622,5979,122397,4755,120048,7299,242445,California
San Francisco,2021-03-13,6587,365653,3835,210201,1695,150773,1057,4679,4075,125025,2503,122551,5131,247576,California
San Francisco,2021-03-14,7491,373144,4845,215046,2404,153177,242,4921,4040,125869,3438,125989,4282,251858,California
San Francisco,2021-03-15,11946,385090,9108,224154,1896,155073,942,5863,8271,131411,3662,129651,9204,261062,California
San Francisco,2021-03-16,12077,397167,8200,232354,3418,158491,459,6322,8785,137381,3273,132924,9243,270305,California
San Francisco,2021-03-17,13201,410368,8146,240500,4498,162989,557,6879,9524,143811,3647,136571,10077,280382,California
San Francisco,2021-03-18,9976,420344,6759,247259,2596,165585,621,7500,5684,145845,4267,140838,6301,286683,California
San Francisco,2021-03-19,12027,432371,8709,255968,2853,168438,465,7965,6404,147110,5599,146437,6864,293547,California
San Francisco,2021-03-20,8720,441091,6384,262352,1876,170314,460,8425,5201,149283,3490,149927,5663,299210,California
San Francisco,2021-03-21,6448,447539,5900,268252,413,170727,135,8560,3681,150345,2753,152680,3815,303025,California
San Francisco,2021-03-22,9744,457283,6836,275088,2065,172792,843,9403,5136,151734,4584,157264,5973,308998,California
San Francisco,2021-03-23,11155,468438,7374,282462,3134,175926,647,10050,6703,154660,4421,161685,7347,316345,California
San Francisco,2021-03-24,12286,480724,9394,291856,2356,178282,536,10586,6335,155615,5911,167596,6866,323211,California
San Francisco,2021-03-25,11828,492552,8652,300508,2613,180895,563,11149,5909,156233,5850,173446,6468,329679,California
San Francisco,2021-03-26,11860,504412,8204,308712,3426,184321,230,11379,6111,156853,5718,179164,6338,336017,California
San Francisco,2021-03-27,8641,513053,5761,314473,2532,186853,348,11727,3918,156414,4703,183867,4264,340281,California
San Francisco,2021-03-28,6582,519635,5246,319719,1294,188147,42,11769,3167,156228,3392,187259,3206,343487,California
San Francisco,2021-03-29,11379,531014,7876,327595,3320,191467,183,11952,5100,155257,6252,193511,5281,348768,California
San Francisco,2021-03-30,11501,542515,7185,334780,4026,195493,290,12242,6843,157758,4632,198143,7133,355901,California
San Francisco,2021-03-31,12110,554625,8034,342814,3780,199273,296,12538,5551,157072,6526,204669,5840,361741,California
San Francisco,2021-04-01,13766,568391,7314,350128,4811,204084,1641,14179,6005,156980,7728,212397,7636,369377,California
San Francisco,2021-04-02,14638,583029,6453,356581,6371,210455,1814,15993,6907,157981,7713,220110,8714,378091,California
San Francisco,2021-04-03,10422,593451,4793,361374,3836,214291,1793,17786,4831,159027,5576,225686,6622,384713,California
San Francisco,2021-04-04,9009,602460,4768,366142,2588,216879,1653,19439,3631,158945,5365,231051,5283,389996,California
San Francisco,2021-04-05,15923,618383,9761,375903,4287,221166,1875,21314,6360,157638,9536,240587,8229,398225,California
San Francisco,2021-04-06,15979,634362,9469,385372,4452,225618,2058,23372,6292,156319,9664,250251,8345,406570,California
San Francisco,2021-04-07,16763,651125,9976,395348,4563,230181,2224,25596,7055,155897,9687,259938,9265,415835,California
San Francisco,2021-04-08,14120,665245,6717,402065,3007,233188,4396,29992,4648,155478,9442,269380,9023,424858,California
San Francisco,2021-04-09,15700,680945,7588,409653,4779,237967,3333,33325,6672,156469,8998,278378,9989,434847,California
San Francisco,2021-04-10,13235,694180,5662,415315,5850,243817,1723,35048,7137,159246,6074,284452,8851,443698,California
San Francisco,2021-04-11,9975,704155,7468,422783,1337,245154,1170,36218,5209,160867,4755,289207,6376,450074,California
San Francisco,2021-04-12,10577,714732,6864,429647,2568,247722,1145,37363,4865,161184,5690,294897,6007,456081,California
San Francisco,2021-04-13,10706,725438,7278,436925,3415,251137,13,37376,5423,161361,5263,300160,5440,461521,California
San Francisco,2021-04-14,13277,738715,8009,444934,5267,256404,1,37377,6439,160996,6805,306965,6440,467961,California
San Francisco,2021-04-15,13668,752383,9495,454429,4171,260575,2,37379,8059,163481,5578,312543,8063,476024,California
San Francisco,2021-04-16,12894,765277,8692,463121,4158,264733,44,37423,7656,165972,5213,317756,7704,483728,California
San Francisco,2021-04-17,10021,775298,7297,470418,2723,267456,1,37424,7100,170171,2906,320662,7105,490833,California
San Francisco,2021-04-18,6585,781883,5035,475453,1549,269005,1,37425,4090,171786,2478,323140,4093,494926,California
San Francisco,2021-04-19,10811,792694,8112,483565,2695,271700,4,37429,6962,174928,3834,326974,6976,501902,California
San Francisco,2021-04-20,12266,804960,7165,490730,5100,276800,1,37430,8469,179624,3776,330750,8472,510374,California
San Francisco,2021-04-21,10510,815470,7513,498243,2993,279793,4,37434,6408,181960,4080,334830,6416,516790,California
San Francisco,2021-04-22,10392,825862,7699,505942,2692,282485,1,37435,6006,183610,4363,339193,6013,522803,California
San Francisco,2021-04-23,10323,836185,5939,511881,4384,286869,0,37435,6166,185652,4131,343324,6173,528976,California
San Francisco,2021-04-24,7963,844148,5492,517373,2471,289340,0,37435,4739,187194,3204,346528,4746,533722,California
San Francisco,2021-04-25,5035,849183,4340,521713,689,290029,6,37441,2955,188093,2065,348593,2964,536686,California
San Francisco,2021-04-26,7453,856636,5245,526958,2196,292225,12,37453,3663,188012,3767,352360,3686,540372,California
San Francisco,2021-04-27,7907,864543,5286,532244,2495,294720,126,37579,3925,188113,3959,356319,4060,544432,California
San Francisco,2021-04-28,9242,873785,6525,538769,2527,297247,190,37769,4776,188642,4442,360761,4971,549403,California
San Francisco,2021-04-29,9089,882874,5385,544154,3511,300758,193,37962,4372,188524,4695,365456,4577,553980,California
San Francisco,2021-04-30,10847,893721,5189,549343,5459,306217,199,38161,3983,185883,6828,372284,4187,558167,California
San Francisco,2021-05-01,6917,900638,3583,552926,3220,309437,114,38275,1707,182516,5190,377474,1823,559990,California
San Francisco,2021-05-02,5319,905957,3083,556009,2138,311575,98,38373,976,179259,4334,381808,1077,561067,California
San Francisco,2021-05-03,9659,915616,6580,562589,2909,314484,170,38543,2480,174774,7147,388955,2662,563729,California
San Francisco,2021-05-04,9279,924895,5962,568551,3080,317564,237,38780,2268,170302,6984,395939,2512,566241,California
San Francisco,2021-05-05,8780,933675,6156,574707,2315,319879,309,39089,2169,166222,6562,402501,2482,568723,California
San Francisco,2021-05-06,10679,944354,8545,583252,1687,321566,447,39536,1878,159781,8769,411270,2328,571051,California
San Francisco,2021-05-07,10118,954472,6434,589686,3406,324972,278,39814,1691,153349,8404,419674,1972,573023,California
San Francisco,2021-05-08,8366,962838,3507,593193,4721,329693,138,39952,1030,147212,7305,426979,1168,574191,California
San Francisco,2021-05-09,6686,969524,5811,599004,788,330481,87,40039,1230,143090,5433,432412,1311,575502,California
San Francisco,2021-05-10,6880,976404,4895,603899,1738,332219,247,40286,1047,138579,5805,438217,1294,576796,California
San Francisco,2021-05-11,6215,982619,4460,608359,1619,333838,136,40422,1136,134801,5050,443267,1272,578068,California
San Francisco,2021-05-12,5485,988104,3920,612279,1249,335087,316,40738,660,130962,4807,448074,968,579036,California
San Joaquin,2020-12-15,12,12,12,12,0,0,0,0,12,12,0,0,12,12,California
San Joaquin,2020-12-16,307,319,307,319,0,0,0,0,307,319,0,0,307,319,California
San Joaquin,2020-12-17,312,631,312,631,0,0,0,0,312,631,0,0,312,631,California
San Joaquin,2020-12-18,522,1153,518,1149,4,4,0,0,522,1153,0,0,522,1153,California
San Joaquin,2020-12-19,188,1341,188,1337,0,4,0,0,188,1341,0,0,188,1341,California
San Joaquin,2020-12-20,113,1454,112,1449,1,5,0,0,113,1454,0,0,113,1454,California
San Joaquin,2020-12-21,491,1945,491,1940,0,5,0,0,491,1945,0,0,491,1945,California
San Joaquin,2020-12-22,967,2912,847,2787,120,125,0,0,966,2911,0,0,966,2911,California
San Joaquin,2020-12-23,978,3890,919,3706,59,184,0,0,976,3887,0,0,976,3887,California
San Joaquin,2020-12-24,215,4105,187,3893,28,212,0,0,214,4101,0,0,214,4101,California
San Joaquin,2020-12-25,14,4119,14,3907,0,212,0,0,14,4115,0,0,14,4115,California
San Joaquin,2020-12-26,102,4221,30,3937,72,284,0,0,102,4217,0,0,102,4217,California
San Joaquin,2020-12-27,42,4263,29,3966,13,297,0,0,42,4259,0,0,42,4259,California
San Joaquin,2020-12-28,622,4885,421,4387,201,498,0,0,622,4881,0,0,622,4881,California
San Joaquin,2020-12-29,797,5682,671,5058,126,624,0,0,797,5678,0,0,797,5678,California
San Joaquin,2020-12-30,1007,6689,715,5773,292,916,0,0,1005,6683,0,0,1005,6683,California
San Joaquin,2020-12-31,454,7143,203,5976,251,1167,0,0,454,7137,0,0,454,7137,California
San Joaquin,2021-01-01,22,7165,13,5989,9,1176,0,0,22,7159,0,0,22,7159,California
San Joaquin,2021-01-02,262,7427,240,6229,22,1198,0,0,262,7421,0,0,262,7421,California
San Joaquin,2021-01-03,37,7464,19,6248,18,1216,0,0,36,7456,1,1,36,7457,California
San Joaquin,2021-01-04,476,7940,338,6586,138,1354,0,0,474,7929,1,2,474,7931,California
San Joaquin,2021-01-05,976,8916,644,7230,332,1686,0,0,808,8605,168,170,844,8775,California
San Joaquin,2021-01-06,1220,10136,707,7937,513,2199,0,0,917,9227,298,468,920,9695,California
San Joaquin,2021-01-07,1075,11211,680,8617,395,2594,0,0,786,9728,286,754,787,10482,California
San Joaquin,2021-01-08,1191,12402,819,9436,372,2966,0,0,707,9956,483,1237,711,11193,California
San Joaquin,2021-01-09,375,12777,299,9735,76,3042,0,0,246,10073,129,1366,246,11439,California
San Joaquin,2021-01-10,223,13000,115,9850,108,3150,0,0,171,10192,52,1418,171,11610,California
San Joaquin,2021-01-11,1525,14525,1319,11169,206,3356,0,0,861,10457,663,2081,928,12538,California
San Joaquin,2021-01-12,1455,15980,1049,12218,406,3762,0,0,686,10448,765,2846,756,13294,California
San Joaquin,2021-01-13,1527,17507,893,13111,634,4396,0,0,955,10837,571,3417,960,14254,California
San Joaquin,2021-01-14,1650,19157,877,13988,773,5169,0,0,1311,11844,319,3736,1326,15580,California
San Joaquin,2021-01-15,1600,20757,621,14609,979,6148,0,0,1381,13033,205,3941,1394,16974,California
San Joaquin,2021-01-16,1143,21900,193,14802,950,7098,0,0,1115,14121,27,3968,1115,18089,California
San Joaquin,2021-01-17,1614,23514,130,14932,1484,8582,0,0,1576,15661,38,4006,1578,19667,California
San Joaquin,2021-01-18,737,24251,237,15169,500,9082,0,0,617,16162,116,4122,617,20284,California
San Joaquin,2021-01-19,1858,26109,887,16056,971,10053,0,0,1178,16671,675,4797,1184,21468,California
San Joaquin,2021-01-20,2080,28189,1282,17338,798,10851,0,0,1430,17462,645,5442,1436,22904,California
San Joaquin,2021-01-21,1966,30155,892,18230,1074,11925,0,0,1570,18650,389,5831,1577,24481,California
San Joaquin,2021-01-22,1962,32117,914,19144,1048,12973,0,0,1819,20334,138,5969,1822,26303,California
San Joaquin,2021-01-23,894,33011,404,19548,490,13463,0,0,609,20662,284,6253,612,26915,California
San Joaquin,2021-01-24,348,33359,136,19684,212,13675,0,0,325,20967,20,6273,325,27240,California
San Joaquin,2021-01-25,1983,35342,1136,20820,847,14522,0,0,1423,21837,557,6830,1427,28667,California
San Joaquin,2021-01-26,2144,37486,1114,21934,1030,15552,0,0,1536,22773,605,7435,1541,30208,California
San Joaquin,2021-01-27,1724,39210,766,22700,958,16510,0,0,1230,23519,490,7925,1236,31444,California
San Joaquin,2021-01-28,2021,41231,760,23460,1261,17771,0,0,1373,24252,644,8569,1377,32821,California
San Joaquin,2021-01-29,2143,43374,1044,24504,1099,18870,0,0,1796,25714,342,8911,1804,34625,California
San Joaquin,2021-01-30,2162,45536,348,24852,1814,20684,0,0,1987,27530,173,9084,1989,36614,California
San Joaquin,2021-01-31,1555,47091,177,25029,1378,22062,0,0,1492,28961,62,9146,1493,38107,California
San Joaquin,2021-02-01,2491,49582,1313,26342,1178,23240,0,0,1757,29988,733,9879,1760,39867,California
San Joaquin,2021-02-02,2587,52169,1171,27513,1416,24656,0,0,1962,31388,566,10445,1966,41833,California
San Joaquin,2021-02-03,3061,55230,1210,28723,1851,26507,0,0,2199,32737,855,11300,2204,44037,California
San Joaquin,2021-02-04,3434,58664,1712,30435,1722,28229,0,0,2627,34568,802,12102,2633,46670,California
San Joaquin,2021-02-05,3215,61879,1860,32295,1355,29584,0,0,2354,36073,854,12956,2359,49029,California
San Joaquin,2021-02-06,1119,62998,784,33079,335,29919,0,0,944,36846,173,13129,946,49975,California
San Joaquin,2021-02-07,615,63613,487,33566,128,30047,0,0,412,37063,196,13325,413,50388,California
San Joaquin,2021-02-08,1776,65389,1031,34597,745,30792,0,0,1441,38197,313,13638,1447,51835,California
San Joaquin,2021-02-09,2098,67487,1138,35735,960,31752,0,0,1569,39309,459,14097,1571,53406,California
San Joaquin,2021-02-10,2558,70045,1250,36985,1308,33060,0,0,1337,39454,1192,15289,1337,54743,California
San Joaquin,2021-02-11,2930,72975,1504,38489,1426,34486,0,0,1717,39993,1183,16472,1722,56465,California
San Joaquin,2021-02-12,2804,75779,1122,39611,1682,36168,0,0,1587,40385,1200,17672,1592,58057,California
San Joaquin,2021-02-13,2119,77898,399,40010,1720,37888,0,0,854,39992,1253,18925,860,58917,California
San Joaquin,2021-02-14,1903,79801,262,40272,1641,39529,0,0,689,39494,1188,20113,690,59607,California
San Joaquin,2021-02-15,1981,81782,836,41108,1145,40674,0,0,1194,39935,757,20870,1198,60805,California
San Joaquin,2021-02-16,3146,84928,1370,42478,1776,42450,0,0,1740,40291,1392,22262,1748,62553,California
San Joaquin,2021-02-17,3269,88197,1263,43741,2006,44456,0,0,1862,40761,1396,23658,1866,64419,California
San Joaquin,2021-02-18,3326,91523,1368,45109,1958,46414,0,0,1897,41264,1399,25057,1902,66321,California
San Joaquin,2021-02-19,4248,95771,2404,47513,1844,48258,0,0,2389,41848,1805,26862,2389,68710,California
San Joaquin,2021-02-20,1541,97312,653,48166,888,49146,0,0,1064,42436,476,27338,1064,69774,California
San Joaquin,2021-02-21,638,97950,480,48646,158,49304,0,0,402,42606,233,27571,403,70177,California
San Joaquin,2021-02-22,3516,101466,2476,51122,1040,50344,0,0,2520,44165,965,28536,2524,72701,California
San Joaquin,2021-02-23,4288,105754,2609,53731,1679,52023,0,0,2642,45195,1616,30152,2646,75347,California
San Joaquin,2021-02-24,5699,111453,3389,57120,2310,54333,0,0,4099,47720,1576,31728,4101,79448,California
San Joaquin,2021-02-25,6297,117750,3891,61011,2406,56739,0,0,4071,49606,2195,33923,4081,83529,California
San Joaquin,2021-02-26,5467,123217,2851,63862,2616,59355,0,0,3759,51692,1678,35601,3764,87293,California
San Joaquin,2021-02-27,5440,128657,1617,65479,3823,63178,0,0,2613,51537,2779,38380,2624,89917,California
San Joaquin,2021-02-28,3079,131736,1105,66584,1974,65152,0,0,2034,52552,1021,39401,2036,91953,California
San Joaquin,2021-03-01,4074,135810,1794,68378,2280,67432,0,0,2309,53119,1749,41150,2316,94269,California
San Joaquin,2021-03-02,4169,139979,1665,70043,2504,69936,0,0,2616,54257,1534,42684,2672,96941,California
San Joaquin,2021-03-03,5746,145725,3410,73453,2334,72270,2,2,4147,56829,1576,44260,4148,101089,California
San Joaquin,2021-03-04,5685,151410,2253,75706,3429,75699,3,5,3720,58601,1952,46212,3724,104813,California
San Joaquin,2021-03-05,4409,155819,1866,77572,2539,78238,4,9,3040,60296,1353,47565,3048,107861,California
San Joaquin,2021-03-06,3282,159101,2163,79735,989,79227,130,139,2700,62550,579,48144,2833,110694,California
San Joaquin,2021-03-07,1204,160305,552,80287,606,79833,46,185,922,63239,264,48408,953,111647,California
San Joaquin,2021-03-08,3122,163427,1253,81540,1744,81577,125,310,2113,64479,997,49405,2237,113884,California
San Joaquin,2021-03-09,3960,167387,1778,83318,2055,83632,127,437,2621,65906,1324,50729,2751,116635,California
San Joaquin,2021-03-10,4633,172020,2462,85780,2033,85665,138,575,3411,68247,1209,51938,3550,120185,California
San Joaquin,2021-03-11,4926,176946,2337,88117,1989,87654,600,1175,2927,69790,1989,53927,3532,123717,California
San Joaquin,2021-03-12,6255,183201,3125,91242,2798,90452,332,1507,4153,72199,2081,56008,4490,128207,California
San Joaquin,2021-03-13,3052,186253,1447,92689,1479,91931,126,1633,2285,73857,760,56768,2418,130625,California
San Joaquin,2021-03-14,2152,188405,668,93357,1181,93112,303,1936,1038,74092,1110,57878,1345,131970,California
San Joaquin,2021-03-15,6050,194455,3481,96838,2165,95277,404,2340,3173,74829,2851,60729,3588,135558,California
San Joaquin,2021-03-16,6815,201270,3877,100715,2682,97959,256,2596,4022,76336,2779,63508,4286,139844,California
San Joaquin,2021-03-17,7750,209020,4645,105360,3035,100994,70,2666,4313,77326,3402,66910,4392,144236,California
San Joaquin,2021-03-18,7616,216636,4478,109838,2632,103626,506,3172,3772,77806,3805,70715,4285,148521,California
San Joaquin,2021-03-19,7903,224539,4631,114469,2730,106356,542,3714,4791,80096,3091,73806,5381,153902,California
San Joaquin,2021-03-20,3666,228205,2120,116589,1303,107659,243,3957,1821,80341,1830,75636,2075,155977,California
San Joaquin,2021-03-21,2097,230302,1490,118079,401,108060,206,4163,1182,80865,908,76544,1432,157409,California
San Joaquin,2021-03-22,3950,234252,2018,120097,1515,109575,417,4580,2337,82023,1601,78145,2759,160168,California
San Joaquin,2021-03-23,5357,239609,2628,122725,2562,112137,167,4747,3708,84273,1631,79776,3881,164049,California
San Joaquin,2021-03-24,6806,246415,4225,126950,2494,114631,87,4834,3024,83639,3753,83529,3119,167168,California
San Joaquin,2021-03-25,5524,251939,3276,130226,2206,116837,42,4876,3288,84760,2216,85745,3337,170505,California
San Joaquin,2021-03-26,6134,258073,2536,132762,3448,120285,150,5026,3234,85283,2880,88625,3403,173908,California
San Joaquin,2021-03-27,4610,262683,2610,135372,1951,122236,49,5075,1802,84358,2786,91411,1861,175769,California
San Joaquin,2021-03-28,2703,265386,1792,137164,886,123122,25,5100,1295,84367,1389,92800,1398,177167,California
San Joaquin,2021-03-29,4014,269400,2169,139333,1823,124945,22,5122,2019,84441,1982,94782,2056,179223,California
San Joaquin,2021-03-30,6192,275592,3147,142480,2953,127898,92,5214,3445,85274,2723,97505,3556,182779,California
San Joaquin,2021-03-31,6565,282157,4135,146615,2371,130269,59,5273,3336,85479,3213,100718,3418,186197,California
San Joaquin,2021-04-01,6362,288519,2952,149567,3328,133597,82,5355,2815,84902,3531,104249,2954,189151,California
San Joaquin,2021-04-02,6307,294826,2868,152435,2950,136547,489,5844,2517,84172,3768,108017,3038,192189,California
San Joaquin,2021-04-03,4119,298945,2320,154755,1473,138020,326,6170,1988,84377,2114,110131,2319,194508,California
San Joaquin,2021-04-04,2269,301214,1356,156111,711,138731,202,6372,1544,85420,716,110847,1759,196267,California
San Joaquin,2021-04-05,4542,305756,2815,158926,1547,140278,180,6552,2633,86342,1902,112749,2824,199091,California
San Joaquin,2021-04-06,7004,312760,4506,163432,2237,142515,261,6813,3329,86292,3652,116401,3602,202693,California
San Joaquin,2021-04-07,8291,321051,4511,167943,2206,144721,1574,8387,3490,86584,4787,121188,5079,207772,California
San Joaquin,2021-04-08,8633,329684,4677,172620,1936,146657,2020,10407,3299,86594,5311,126499,5321,213093,California
San Joaquin,2021-04-09,8822,338506,4252,176872,3017,149674,1553,11960,3201,85768,5599,132098,4773,217866,California
San Joaquin,2021-04-10,5194,343700,1621,178493,1668,151342,1905,13865,1753,85990,3433,135531,3655,221521,California
San Joaquin,2021-04-11,4053,347753,1543,180036,1345,152687,1165,15030,1748,86604,2294,137825,2908,224429,California
San Joaquin,2021-04-12,5947,353700,2363,182399,2050,154737,1534,16564,2320,86854,3609,141434,3859,228288,California
San Joaquin,2021-04-13,7421,361121,4278,186677,3137,157874,6,16570,4548,88562,2854,144288,4562,232850,California
San Joaquin,2021-04-14,7407,368528,3700,190377,3707,161581,0,16570,4430,90043,2958,147246,4439,237289,California
San Joaquin,2021-04-15,7734,376262,4569,194946,3165,164746,0,16570,4314,90975,3388,150634,4320,241609,California
San Joaquin,2021-04-16,7360,383622,3849,198795,3508,168254,3,16573,4336,92329,2996,153630,4350,245959,California
San Joaquin,2021-04-17,5102,388724,2752,201547,2348,170602,2,16575,3615,94484,1478,155108,3633,249592,California
San Joaquin,2021-04-18,2440,391164,1349,202896,1091,171693,0,16575,1297,94660,1128,156236,1304,250896,California
San Joaquin,2021-04-19,5079,396243,2730,205626,2349,174042,0,16575,2715,95043,2342,158578,2725,253621,California
San Joaquin,2021-04-20,6186,402429,3248,208874,2938,176980,0,16575,2928,94748,3234,161812,2939,256560,California
San Joaquin,2021-04-21,5335,407764,2830,211704,2505,179485,0,16575,2888,95242,2400,164212,2894,259454,California
San Joaquin,2021-04-22,5143,412907,3000,214704,2142,181627,1,16576,2933,96000,2185,166397,2943,262397,California
San Joaquin,2021-04-23,5800,418707,2748,217452,3051,184678,1,16577,3659,97542,2123,168520,3665,266062,California
San Joaquin,2021-04-24,5156,423863,3543,220995,1612,186290,1,16578,3349,99112,1785,170305,3355,269417,California
San Joaquin,2021-04-25,2969,426832,2497,223492,472,186762,0,16578,1945,100056,1007,171312,1951,271368,California
San Joaquin,2021-04-26,3712,430544,2468,225960,1243,188005,1,16579,1966,100290,1736,173048,1970,273338,California
San Joaquin,2021-04-27,4161,434705,2428,228388,1684,189689,49,16628,1757,99717,2387,175435,1814,275152,California
San Joaquin,2021-04-28,5464,440169,3279,231667,2110,191799,75,16703,2681,99727,2754,178189,2764,277916,California
San Joaquin,2021-04-29,4775,444944,2781,234448,1939,193738,55,16758,2426,99884,2330,180519,2487,280403,California
San Joaquin,2021-04-30,4873,449817,2377,236825,2429,196167,67,16825,2502,100105,2356,182875,2577,282980,California
San Joaquin,2021-05-01,3289,453106,1890,238715,1340,197507,59,16884,2083,101060,1200,184075,2155,285135,California
San Joaquin,2021-05-02,2243,455349,1548,240263,640,198147,55,16939,1127,101133,1111,185186,1184,286319,California
San Joaquin,2021-05-03,3167,458516,2128,242391,968,199115,71,17010,1330,100719,1825,187011,1411,287730,California
San Joaquin,2021-05-04,4797,463313,3276,245667,1368,200483,153,17163,1752,99607,3027,190038,1915,289645,California
San Joaquin,2021-05-05,4489,467802,2994,248661,1337,201820,158,17321,1750,98806,2717,192755,1916,291561,California
San Joaquin,2021-05-06,4558,472360,3040,251701,1390,203210,128,17449,2028,98455,2514,195269,2163,293724,California
San Joaquin,2021-05-07,4544,476904,2579,254280,1814,205024,151,17600,1817,97718,2716,197985,1979,295703,California
San Joaquin,2021-05-08,3158,480062,2082,256362,979,206003,97,17697,1202,97084,1943,199928,1309,297012,California
San Joaquin,2021-05-09,1450,481512,829,257191,553,206556,68,17765,577,96864,870,200798,650,297662,California
San Joaquin,2021-05-10,2663,484175,1382,258573,1163,207719,118,17883,876,96085,1779,202577,1000,298662,California
San Joaquin,2021-05-11,3292,487467,1879,260452,1368,209087,45,17928,1086,95033,2194,204771,1142,299804,California
San Joaquin,2021-05-12,2506,489973,1213,261665,1242,210329,51,17979,532,93657,1969,206740,593,300397,California
San Luis Obispo,2020-12-16,4,4,4,4,0,0,0,0,4,4,0,0,4,4,California
San Luis Obispo,2020-12-17,196,200,196,200,0,0,0,0,196,200,0,0,196,200,California
San Luis Obispo,2020-12-18,224,424,224,424,0,0,0,0,224,424,0,0,224,424,California
San Luis Obispo,2020-12-19,162,586,162,586,0,0,0,0,162,586,0,0,162,586,California
San Luis Obispo,2020-12-20,215,801,215,801,0,0,0,0,215,801,0,0,215,801,California
San Luis Obispo,2020-12-21,549,1350,548,1349,1,1,0,0,549,1350,0,0,549,1350,California
San Luis Obispo,2020-12-22,309,1659,305,1654,4,5,0,0,309,1659,0,0,309,1659,California
San Luis Obispo,2020-12-23,682,2341,368,2022,314,319,0,0,682,2341,0,0,682,2341,California
San Luis Obispo,2020-12-24,194,2535,19,2041,175,494,0,0,194,2535,0,0,194,2535,California
San Luis Obispo,2020-12-25,2,2537,1,2042,1,495,0,0,2,2537,0,0,2,2537,California
San Luis Obispo,2020-12-26,89,2626,12,2054,77,572,0,0,89,2626,0,0,89,2626,California
San Luis Obispo,2020-12-27,76,2702,0,2054,76,648,0,0,76,2702,0,0,76,2702,California
San Luis Obispo,2020-12-28,880,3582,430,2484,450,1098,0,0,880,3582,0,0,880,3582,California
San Luis Obispo,2020-12-29,903,4485,502,2986,401,1499,0,0,903,4485,0,0,903,4485,California
San Luis Obispo,2020-12-30,1172,5657,681,3667,491,1990,0,0,1172,5657,0,0,1172,5657,California
San Luis Obispo,2020-12-31,107,5764,4,3671,103,2093,0,0,107,5764,0,0,107,5764,California
San Luis Obispo,2021-01-01,13,5777,8,3679,5,2098,0,0,13,5777,0,0,13,5777,California
San Luis Obispo,2021-01-02,33,5810,8,3687,25,2123,0,0,33,5810,0,0,33,5810,California
San Luis Obispo,2021-01-03,16,5826,6,3693,10,2133,0,0,16,5826,0,0,16,5826,California
San Luis Obispo,2021-01-04,679,6505,525,4218,154,2287,0,0,679,6505,0,0,679,6505,California
San Luis Obispo,2021-01-05,974,7479,756,4974,218,2505,0,0,972,7475,2,2,972,7477,California
San Luis Obispo,2021-01-06,725,8204,480,5454,245,2750,0,0,717,8185,7,9,717,8194,California
San Luis Obispo,2021-01-07,1126,9330,948,6402,178,2928,0,0,683,8425,443,452,683,8877,California
San Luis Obispo,2021-01-08,882,10212,804,7206,78,3006,0,0,513,8570,368,820,513,9390,California
San Luis Obispo,2021-01-09,204,10416,195,7401,9,3015,0,0,27,8420,177,997,27,9417,California
San Luis Obispo,2021-01-10,12,10428,8,7409,4,3019,0,0,8,8424,4,1001,8,9425,California
San Luis Obispo,2021-01-11,559,10987,508,7917,51,3070,0,0,299,8464,259,1260,299,9724,California
San Luis Obispo,2021-01-12,597,11584,380,8297,217,3287,0,0,318,8503,279,1539,318,10042,California
San Luis Obispo,2021-01-13,885,12469,256,8553,629,3916,0,0,645,8911,237,1776,645,10687,California
San Luis Obispo,2021-01-14,729,13198,244,8797,485,4401,0,0,604,9403,112,1888,604,11291,California
San Luis Obispo,2021-01-15,729,13927,288,9085,441,4842,0,0,554,9787,170,2058,554,11845,California
San Luis Obispo,2021-01-16,100,14027,81,9166,19,4861,0,0,95,9877,5,2063,95,11940,California
San Luis Obispo,2021-01-17,67,14094,61,9227,6,4867,0,0,67,9944,0,2063,67,12007,California
San Luis Obispo,2021-01-18,1371,15465,389,9616,982,5849,0,0,1109,10791,262,2325,1109,13116,California
San Luis Obispo,2021-01-19,1584,17049,417,10033,1167,7016,0,0,1176,11559,408,2733,1176,14292,California
San Luis Obispo,2021-01-20,1884,18933,596,10629,1288,8304,0,0,1293,12264,589,3322,1294,15586,California
San Luis Obispo,2021-01-21,1570,20503,466,11095,1104,9408,0,0,1197,13093,369,3691,1198,16784,California
San Luis Obispo,2021-01-22,1521,22024,509,11604,1012,10420,0,0,1206,13986,313,4004,1206,17990,California
San Luis Obispo,2021-01-23,312,22336,294,11898,18,10438,0,0,296,14266,16,4020,296,18286,California
San Luis Obispo,2021-01-24,245,22581,237,12135,8,10446,0,0,239,14499,6,4026,239,18525,California
San Luis Obispo,2021-01-25,2074,24655,606,12741,1468,11914,0,0,1244,14913,830,4856,1244,19769,California
San Luis Obispo,2021-01-26,2002,26657,704,13445,1298,13212,0,0,1135,15181,867,5723,1135,20904,California
San Luis Obispo,2021-01-27,1611,28268,284,13729,1327,14539,0,0,1152,15874,459,6182,1152,22056,California
San Luis Obispo,2021-01-28,1491,29759,343,14072,1148,15687,0,0,1229,16842,261,6443,1229,23285,California
San Luis Obispo,2021-01-29,1735,31494,681,14753,1054,16741,0,0,1451,18009,284,6727,1451,24736,California
San Luis Obispo,2021-01-30,37,31531,18,14771,19,16760,0,0,26,18025,10,6737,26,24762,California
San Luis Obispo,2021-01-31,28,31559,20,14791,8,16768,0,0,25,18047,3,6740,25,24787,California
San Luis Obispo,2021-02-01,1703,33262,738,15529,965,17733,0,0,1401,19147,301,7041,1401,26188,California
San Luis Obispo,2021-02-02,1895,35157,677,16206,1218,18951,0,0,1521,20294,374,7415,1521,27709,California
San Luis Obispo,2021-02-03,1706,36863,728,16934,978,19929,0,0,1293,21174,413,7828,1293,29002,California
San Luis Obispo,2021-02-04,1659,38522,801,17735,858,20787,0,0,1092,21699,567,8395,1092,30094,California
San Luis Obispo,2021-02-05,1603,40125,717,18452,886,21673,0,0,1058,22212,546,8941,1059,31153,California
San Luis Obispo,2021-02-06,159,40284,92,18544,67,21740,0,0,93,22239,66,9007,93,31246,California
San Luis Obispo,2021-02-07,144,40428,99,18643,45,21785,0,0,74,22244,70,9077,75,31321,California
San Luis Obispo,2021-02-08,858,41286,470,19113,388,22173,0,0,498,22383,359,9436,498,31819,California
San Luis Obispo,2021-02-09,1123,42409,449,19562,674,22847,0,0,542,22357,575,10011,549,32368,California
San Luis Obispo,2021-02-10,1430,43839,487,20049,943,23790,0,0,524,21981,903,10914,527,32895,California
San Luis Obispo,2021-02-11,1330,45169,844,20893,486,24276,0,0,655,21964,672,11586,655,33550,California
San Luis Obispo,2021-02-12,786,45955,363,21256,423,24699,0,0,417,22012,369,11955,417,33967,California
San Luis Obispo,2021-02-13,393,46348,127,21383,266,24965,0,0,285,22190,107,12062,285,34252,California
San Luis Obispo,2021-02-14,318,46666,41,21424,277,25242,0,0,282,22437,36,12098,283,34535,California
San Luis Obispo,2021-02-15,725,47391,137,21561,588,25830,0,0,469,22653,253,12351,469,35004,California
San Luis Obispo,2021-02-16,2963,50354,1196,22757,1767,27597,0,0,1359,22414,1598,13949,1359,36363,California
San Luis Obispo,2021-02-17,2776,53130,1238,23995,1538,29135,0,0,1029,21705,1738,15687,1029,37392,California
San Luis Obispo,2021-02-18,2823,55953,1457,25452,1366,30501,0,0,1133,21157,1682,17369,1134,38526,California
San Luis Obispo,2021-02-19,1456,57409,1336,26788,120,30621,0,0,1133,21968,322,17691,1133,39659,California
San Luis Obispo,2021-02-20,252,57661,81,26869,171,30792,0,0,215,22146,37,17728,215,39874,California
San Luis Obispo,2021-02-21,54,57715,50,26919,4,30796,0,0,31,22154,23,17751,31,39905,California
San Luis Obispo,2021-02-22,2411,60126,1864,28783,547,31343,0,0,1466,22676,945,18696,1467,41372,California
San Luis Obispo,2021-02-23,1856,61982,1741,30524,115,31458,0,0,1363,23548,492,19188,1364,42736,California
San Luis Obispo,2021-02-24,2644,64626,1301,31825,1343,32801,0,0,836,22579,1805,20993,836,43572,California
San Luis Obispo,2021-02-25,2130,66756,1243,33068,887,33688,0,0,1206,22869,917,21910,1207,44779,California
San Luis Obispo,2021-02-26,2644,69400,1148,34216,1496,35184,0,0,1324,22881,1312,23222,1324,46103,California
San Luis Obispo,2021-02-27,565,69965,339,34555,226,35410,0,0,519,23354,46,23268,519,46622,California
San Luis Obispo,2021-02-28,200,70165,73,34628,127,35537,0,0,163,23484,33,23301,163,46785,California
San Luis Obispo,2021-03-01,2964,73129,1846,36474,1116,36653,2,2,2039,24600,926,24227,2042,48827,California
San Luis Obispo,2021-03-02,2992,76121,1887,38361,1105,37758,0,2,1847,25307,1141,25368,1848,50675,California
San Luis Obispo,2021-03-03,2278,78399,332,38693,1946,39704,0,2,830,24696,1442,26810,831,51506,California
San Luis Obispo,2021-03-04,2181,80580,1152,39845,1029,40733,0,2,1168,24855,1011,27821,1170,52676,California
San Luis Obispo,2021-03-05,2295,82875,1018,40863,1207,41940,70,72,1291,25227,989,28810,1361,54037,California
San Luis Obispo,2021-03-06,833,83708,309,41172,417,42357,107,179,613,25721,220,29030,714,54751,California
San Luis Obispo,2021-03-07,200,83908,32,41204,84,42441,84,263,71,25749,128,29158,156,54907,California
San Luis Obispo,2021-03-08,2727,86635,754,41958,1659,44100,314,577,1540,26418,1184,30342,1853,56760,California
San Luis Obispo,2021-03-09,2928,89563,955,42913,1726,45826,247,824,1508,26758,1416,31758,1756,58516,California
San Luis Obispo,2021-03-10,3192,92755,1238,44151,1672,47498,282,1106,1816,27484,1372,33130,2098,60614,California
San Luis Obispo,2021-03-11,3129,95884,1274,45425,1533,49031,322,1428,1703,28091,1417,34547,2024,62638,California
San Luis Obispo,2021-03-12,3211,99095,1281,46706,1592,50623,338,1766,1597,28423,1606,36153,1938,64576,California
San Luis Obispo,2021-03-13,794,99889,262,46968,423,51046,109,1875,431,28600,362,36515,539,65115,California
San Luis Obispo,2021-03-14,514,100403,53,47021,350,51396,111,1986,135,28468,378,36893,246,65361,California
San Luis Obispo,2021-03-15,3054,103457,1096,48117,1860,53256,98,2084,1530,28576,1520,38413,1628,66989,California
San Luis Obispo,2021-03-16,2848,106305,1509,49626,1229,54485,110,2194,1438,28719,1404,39817,1547,68536,California
San Luis Obispo,2021-03-17,3425,109730,1449,51075,1715,56200,261,2455,1977,29519,1437,41254,2237,70773,California
San Luis Obispo,2021-03-18,2809,112539,1448,52523,1150,57350,211,2666,1339,29603,1465,42719,1549,72322,California
San Luis Obispo,2021-03-19,2585,115124,1563,54086,701,58051,321,2987,961,29271,1616,44335,1284,73606,California
San Luis Obispo,2021-03-20,833,115957,496,54582,300,58351,37,3024,385,29245,448,44783,422,74028,California
San Luis Obispo,2021-03-21,187,116144,45,54627,139,58490,3,3027,157,29376,29,44812,160,74188,California
San Luis Obispo,2021-03-22,2684,118828,1169,55796,1467,59957,48,3075,1863,30471,816,45628,1911,76099,California
San Luis Obispo,2021-03-23,3370,122198,2210,58006,1131,61088,29,3104,2267,31668,1099,46727,2296,78395,California
San Luis Obispo,2021-03-24,3501,125699,2132,60138,1285,62373,84,3188,2614,33483,882,47609,2697,81092,California
San Luis Obispo,2021-03-25,3663,129362,2291,62429,1360,63733,12,3200,2633,35101,1026,48635,2644,83736,California
San Luis Obispo,2021-03-26,3143,132505,1755,64184,956,64689,432,3632,1747,35889,1391,50026,2179,85915,California
San Luis Obispo,2021-03-27,993,133498,508,64692,393,65082,92,3724,452,35894,539,50565,544,86459,California
San Luis Obispo,2021-03-28,443,133941,151,64843,236,65318,56,3780,242,35991,201,50766,298,86757,California
San Luis Obispo,2021-03-29,2575,136516,1275,66118,1167,66485,133,3913,1647,36857,914,51680,1780,88537,California
San Luis Obispo,2021-03-30,3495,140011,1907,68025,1447,67932,141,4054,2344,38194,1146,52826,2483,91020,California
San Luis Obispo,2021-03-31,3842,143853,2459,70484,1236,69168,147,4201,2475,39460,1357,54183,2623,93643,California
San Luis Obispo,2021-04-01,3820,147673,2418,72902,1286,70454,116,4317,2683,41132,1126,55309,2798,96441,California
San Luis Obispo,2021-04-02,1752,149425,686,73588,755,71209,311,4628,955,41600,796,56105,1264,97705,California
San Luis Obispo,2021-04-03,1103,150528,554,74142,422,71631,127,4755,487,41602,612,56717,614,98319,California
San Luis Obispo,2021-04-04,380,150908,130,74272,210,71841,40,4795,234,41730,146,56863,274,98593,California
San Luis Obispo,2021-04-05,3610,154518,1944,76216,1556,73397,110,4905,2044,42319,1563,58426,2152,100745,California
San Luis Obispo,2021-04-06,4032,158550,2146,78362,1564,74961,322,5227,1955,42527,2069,60495,2277,103022,California
San Luis Obispo,2021-04-07,4286,162836,2341,80703,1583,76544,362,5589,2470,43555,1802,62297,2830,105852,California
San Luis Obispo,2021-04-08,4023,166859,2196,82899,1425,77969,402,5991,2179,44299,1837,64134,2581,108433,California
San Luis Obispo,2021-04-09,3646,170505,1733,84632,1157,79126,756,6747,1539,44491,2098,66232,2290,110723,California
San Luis Obispo,2021-04-10,1571,172076,558,85190,351,79477,662,7409,483,44546,1088,67320,1143,111866,California
San Luis Obispo,2021-04-11,311,172387,63,85253,185,79662,63,7472,124,44548,185,67505,187,112053,California
San Luis Obispo,2021-04-12,3373,175760,1696,86949,1513,81175,164,7636,1414,44168,1957,69462,1577,113630,California
San Luis Obispo,2021-04-13,3640,179400,2096,89045,1543,82718,1,7637,1970,44473,1667,71129,1972,115602,California
San Luis Obispo,2021-04-14,2847,182247,1681,90726,1163,83881,3,7640,1662,44961,1174,72303,1662,117264,California
San Luis Obispo,2021-04-15,3666,185913,2376,93102,1289,85170,1,7641,1957,45228,1692,73995,1959,119223,California
San Luis Obispo,2021-04-16,3604,189517,2189,95291,1412,86582,3,7644,1797,45223,1803,75798,1798,121021,California
San Luis Obispo,2021-04-17,1099,190616,433,95724,664,87246,2,7646,716,45561,380,76178,718,121739,California
San Luis Obispo,2021-04-18,319,190935,97,95821,221,87467,1,7647,109,45463,207,76385,109,121848,California
San Luis Obispo,2021-04-19,3078,194013,1285,97106,1755,89222,38,7685,1131,44689,1944,78329,1170,123018,California
San Luis Obispo,2021-04-20,3559,197572,1933,99039,1626,90848,0,7685,1373,43888,2174,80503,1373,124391,California
San Luis Obispo,2021-04-21,3901,201473,1792,100831,2109,92957,0,7685,1628,43260,2256,82759,1628,126019,California
San Luis Obispo,2021-04-22,4574,206047,2060,102891,2514,95471,0,7685,1504,41711,3055,85814,1506,127525,California
San Luis Obispo,2021-04-23,1467,207514,850,103741,613,96084,4,7689,704,41669,757,86571,715,128240,California
San Luis Obispo,2021-04-24,1083,208597,444,104185,620,96704,19,7708,494,41599,583,87154,513,128753,California
San Luis Obispo,2021-04-25,345,208942,162,104347,183,96887,0,7708,113,41481,231,87385,113,128866,California
San Luis Obispo,2021-04-26,913,209855,292,104639,604,97491,17,7725,334,41264,567,87952,350,129216,California
San Luis Obispo,2021-04-27,3593,213448,1842,106481,1684,99175,67,7792,1373,40490,2213,90165,1439,130655,California
San Luis Obispo,2021-04-28,3706,217154,2081,108562,1553,100728,72,7864,1277,39423,2416,92581,1349,132004,California
San Luis Obispo,2021-04-29,3625,220779,2095,110657,1460,102188,70,7934,1187,38255,2426,95007,1258,133262,California
San Luis Obispo,2021-04-30,2934,223713,1641,112298,1220,103408,73,8007,911,37228,2010,97017,983,134245,California
San Luis Obispo,2021-05-01,465,224178,158,112456,271,103679,36,8043,97,37000,360,97377,132,134377,California
San Luis Obispo,2021-05-02,168,224346,52,112508,96,103775,20,8063,42,36936,126,97503,62,134439,California
San Luis Obispo,2021-05-03,881,225227,289,112797,493,104268,99,8162,225,36607,652,98155,323,134762,California
San Luis Obispo,2021-05-04,2921,228148,1887,114684,968,105236,66,8228,864,35485,2050,100205,928,135690,California
San Luis Obispo,2021-05-05,2798,230946,1853,116537,884,106120,61,8289,695,34150,2092,102297,757,136447,California
San Luis Obispo,2021-05-06,2763,233709,1868,118405,840,106960,55,8344,726,32909,2022,104319,781,137228,California
San Luis Obispo,2021-05-07,2294,236003,1736,120141,495,107455,63,8407,599,31902,1670,105989,663,137891,California
San Luis Obispo,2021-05-08,566,236569,340,120481,202,107657,24,8431,189,31756,359,106348,213,138104,California
San Luis Obispo,2021-05-09,151,236720,40,120521,94,107751,17,8448,40,31703,110,106458,57,138161,California
San Luis Obispo,2021-05-10,720,237440,149,120670,524,108275,47,8495,164,31364,550,107008,211,138372,California
San Luis Obispo,2021-05-11,985,238425,564,121234,389,108664,32,8527,320,31054,661,107669,351,138723,California
San Luis Obispo,2021-05-12,1757,240182,1185,122419,530,109194,42,8569,469,30288,1277,108946,511,139234,California
San Mateo,2020-12-15,26,26,26,26,0,0,0,0,26,26,0,0,26,26,California
San Mateo,2020-12-16,111,137,111,137,0,0,0,0,111,137,0,0,111,137,California
San Mateo,2020-12-17,164,301,164,301,0,0,0,0,164,301,0,0,164,301,California
San Mateo,2020-12-18,741,1042,739,1040,2,2,0,0,741,1042,0,0,741,1042,California
San Mateo,2020-12-19,514,1556,514,1554,0,2,0,0,514,1556,0,0,514,1556,California
San Mateo,2020-12-20,512,2068,510,2064,2,4,0,0,512,2068,0,0,512,2068,California
San Mateo,2020-12-21,1156,3224,1156,3220,0,4,0,0,1156,3224,0,0,1156,3224,California
San Mateo,2020-12-22,1523,4747,1516,4736,7,11,0,0,1523,4747,0,0,1523,4747,California
San Mateo,2020-12-23,1575,6322,1386,6122,189,200,0,0,1575,6322,0,0,1575,6322,California
San Mateo,2020-12-24,868,7190,611,6733,257,457,0,0,868,7190,0,0,868,7190,California
San Mateo,2020-12-25,115,7305,111,6844,4,461,0,0,115,7305,0,0,115,7305,California
San Mateo,2020-12-26,561,7866,418,7262,143,604,0,0,561,7866,0,0,561,7866,California
San Mateo,2020-12-27,307,8173,176,7438,131,735,0,0,307,8173,0,0,307,8173,California
San Mateo,2020-12-28,1052,9225,705,8143,347,1082,0,0,1052,9225,0,0,1052,9225,California
San Mateo,2020-12-29,1130,10355,706,8849,424,1506,0,0,1130,10355,0,0,1130,10355,California
San Mateo,2020-12-30,1264,11619,760,9609,504,2010,0,0,1264,11619,0,0,1264,11619,California
San Mateo,2020-12-31,716,12335,231,9840,485,2495,0,0,715,12333,1,1,715,12334,California
San Mateo,2021-01-01,63,12398,44,9884,19,2514,0,0,63,12396,0,1,63,12397,California
San Mateo,2021-01-02,400,12798,270,10154,130,2644,0,0,400,12796,0,1,400,12797,California
San Mateo,2021-01-03,283,13081,208,10362,75,2719,0,0,280,13073,3,4,280,13077,California
San Mateo,2021-01-04,1053,14134,680,11042,373,3092,0,0,1053,14126,0,4,1053,14130,California
San Mateo,2021-01-05,1201,15335,705,11747,496,3588,0,0,1172,15270,29,33,1173,15303,California
San Mateo,2021-01-06,1449,16784,951,12698,498,4086,0,0,1267,16358,180,213,1268,16571,California
San Mateo,2021-01-07,1457,18241,811,13509,646,4732,0,0,1167,17243,283,496,1168,17739,California
San Mateo,2021-01-08,1840,20081,1191,14700,649,5381,0,0,1141,17693,692,1188,1142,18881,California
San Mateo,2021-01-09,1181,21262,777,15477,404,5785,0,0,722,17956,459,1647,722,19603,California
San Mateo,2021-01-10,704,21966,575,16052,129,5914,0,0,266,17784,438,2085,266,19869,California
San Mateo,2021-01-11,2593,24559,1485,17537,1108,7022,0,0,1526,18244,1068,3153,1528,21397,California
San Mateo,2021-01-12,3285,27844,1777,19314,1508,8530,0,0,2100,19164,1183,4336,2103,23500,California
San Mateo,2021-01-13,3484,31328,1755,21069,1729,10259,0,0,2448,20579,1036,5372,2451,25951,California
San Mateo,2021-01-14,3777,35105,1584,22653,2193,12452,0,0,3091,22989,686,6058,3096,29047,California
San Mateo,2021-01-15,4328,39433,1709,24362,2619,15071,0,0,3799,26263,527,6585,3801,32848,California
San Mateo,2021-01-16,3086,42519,776,25138,2310,17381,0,0,2765,28707,321,6906,2765,35613,California
San Mateo,2021-01-17,1312,43831,310,25448,1002,18383,0,0,1102,29599,210,7116,1102,36715,California
San Mateo,2021-01-18,1364,45195,533,25981,831,19214,0,0,990,30222,371,7487,994,37709,California
San Mateo,2021-01-19,2798,47993,1786,27767,1012,20226,0,0,2004,31435,791,8278,2004,39713,California
San Mateo,2021-01-20,2799,50792,1544,29311,1255,21481,0,0,1954,32548,842,9120,1955,41668,California
San Mateo,2021-01-21,2846,53638,1297,30608,1549,23030,0,0,2253,34213,591,9711,2256,43924,California
San Mateo,2021-01-22,2798,56436,1137,31745,1661,24691,0,0,2499,36416,297,10008,2500,46424,California
San Mateo,2021-01-23,2885,59321,1690,33435,1195,25886,0,0,2521,38574,364,10372,2522,48946,California
San Mateo,2021-01-24,1521,60842,375,33810,1146,27032,0,0,1209,39473,311,10683,1210,50156,California
San Mateo,2021-01-25,4434,65276,3149,36959,1285,28317,0,0,3538,42120,894,11577,3541,53697,California
San Mateo,2021-01-26,4294,69570,2979,39938,1315,29632,0,0,3391,44609,902,12479,3391,57088,California
San Mateo,2021-01-27,2791,72361,1473,41411,1318,30950,0,0,1794,45414,990,13469,1795,58883,California
San Mateo,2021-01-28,2806,75167,1357,42768,1449,32399,0,0,1955,46533,836,14305,1955,60838,California
San Mateo,2021-01-29,2985,78152,1340,44108,1645,34044,0,0,2152,47858,830,15135,2155,62993,California
San Mateo,2021-01-30,3373,81525,1476,45584,1897,35941,0,0,2915,50317,457,15592,2916,65909,California
San Mateo,2021-01-31,1681,83206,897,46481,784,36725,0,0,1518,51674,161,15753,1518,67427,California
San Mateo,2021-02-01,2929,86135,1345,47826,1584,38309,0,0,2221,53192,704,16457,2222,69649,California
San Mateo,2021-02-02,3178,89313,1731,49557,1447,39756,0,0,2158,54333,1017,17474,2158,71807,California
San Mateo,2021-02-03,4885,94198,1952,51509,2933,42689,0,0,3831,57114,1051,18525,3832,75639,California
San Mateo,2021-02-04,6297,100495,2592,54101,3705,46394,0,0,4938,60702,1353,19878,4941,80580,California
San Mateo,2021-02-05,6800,107295,2551,56652,4249,50643,0,0,4976,63871,1807,21685,4976,85556,California
San Mateo,2021-02-06,3282,110577,1916,58568,1366,52009,0,0,2617,65826,664,22349,2619,88175,California
San Mateo,2021-02-07,1896,112473,1342,59910,554,52563,0,0,1709,67348,187,22536,1709,89884,California
San Mateo,2021-02-08,5281,117754,2248,62158,3033,55596,0,0,3107,68346,2109,24645,3107,92991,California
San Mateo,2021-02-09,6190,123944,3225,65383,2965,58561,0,0,3343,68847,2842,27487,3343,96334,California
San Mateo,2021-02-10,6502,130446,3274,68657,3228,61789,0,0,3428,69210,3065,30552,3428,99762,California
San Mateo,2021-02-11,7058,137504,3582,72239,3476,65265,0,0,3803,69771,3245,33797,3806,103568,California
San Mateo,2021-02-12,6621,144125,2952,75191,3669,68934,0,0,4699,72552,1920,35717,4701,108269,California
San Mateo,2021-02-13,6096,150221,3995,79186,2101,71035,0,0,2642,71744,3450,39167,2642,110911,California
San Mateo,2021-02-14,4634,154855,3018,82204,1616,72651,0,0,1986,71087,2644,41811,1987,112898,California
San Mateo,2021-02-15,3166,158021,1459,83663,1707,74358,0,0,1784,71494,1378,43189,1785,114683,California
San Mateo,2021-02-16,7152,165173,1876,85539,5276,79634,0,0,5283,74911,1868,45057,5285,119968,California
San Mateo,2021-02-17,7057,172230,1938,87477,5119,84753,0,0,5061,77983,1991,47048,5063,125031,California
San Mateo,2021-02-18,6700,178930,4628,92105,2072,86825,0,0,4451,80193,2244,49292,4454,129485,California
San Mateo,2021-02-19,7811,186741,5612,97717,2199,89024,0,0,5816,84020,1989,51281,5816,135301,California
San Mateo,2021-02-20,3734,190475,2419,100136,1315,90339,0,0,2308,84909,1419,52700,2308,137609,California
San Mateo,2021-02-21,2311,192786,1467,101603,844,91183,0,0,1264,85132,1041,53741,1264,138873,California
San Mateo,2021-02-22,4420,197206,3197,104800,1223,92406,0,0,2780,86279,1634,55375,2781,141654,California
San Mateo,2021-02-23,4292,201498,3047,107847,1245,93651,0,0,2484,86962,1801,57176,2484,144138,California
San Mateo,2021-02-24,7273,208771,3254,111101,4019,97670,0,0,4847,89389,2421,59597,4848,148986,California
San Mateo,2021-02-25,9091,217862,4013,115114,5078,102748,0,0,6017,92347,3059,62656,6017,155003,California
San Mateo,2021-02-26,9774,227636,3718,118832,6056,108804,0,0,6848,96287,2912,65568,6852,161855,California
San Mateo,2021-02-27,6681,234317,3413,122245,3267,112071,1,1,3633,96884,3042,68610,3639,165494,California
San Mateo,2021-02-28,4123,238440,2505,124750,1618,113689,0,1,2553,97874,1564,70174,2554,168048,California
San Mateo,2021-03-01,5659,244099,3539,128289,2119,115808,1,2,2799,97826,2848,73022,2800,170848,California
San Mateo,2021-03-02,5802,249901,3990,132279,1811,117619,1,3,3340,98714,2454,75476,3342,174190,California
San Mateo,2021-03-03,8355,258256,3903,136182,4450,122069,2,5,3605,97584,4738,80214,3608,177798,California
San Mateo,2021-03-04,8425,266681,3939,140121,4483,126552,3,8,3803,96789,4603,84817,3808,181606,California
San Mateo,2021-03-05,9102,275783,5991,146112,3107,129659,4,12,6420,100556,2661,87478,6428,188034,California
San Mateo,2021-03-06,7858,283641,5444,151556,2238,131897,176,188,5745,104371,2104,89582,5919,193953,California
San Mateo,2021-03-07,3473,287114,2317,153873,1089,132986,67,255,2008,104985,1461,91043,2075,196028,California
San Mateo,2021-03-08,4449,291563,2481,156354,1750,134736,218,473,3224,107211,1217,92260,3443,199471,California
San Mateo,2021-03-09,4563,296126,2131,158485,2159,136895,273,746,3014,108955,1541,93801,3285,202756,California
San Mateo,2021-03-10,6922,303048,2644,161129,3991,140886,287,1033,4566,111465,2342,96143,4852,207608,California
San Mateo,2021-03-11,9140,312188,5739,166868,3008,143894,393,1426,3719,110185,5391,101534,4111,211719,California
San Mateo,2021-03-12,10512,322700,6610,173478,3520,147414,382,1808,3507,107087,6988,108522,3890,215609,California
San Mateo,2021-03-13,8108,330808,3423,176901,3057,150471,1628,3436,3916,108442,4180,112702,5535,221144,California
San Mateo,2021-03-14,4937,335745,3305,180206,1525,151996,107,3543,2899,109417,2031,114733,3006,224150,California
San Mateo,2021-03-15,7128,342873,4581,184787,2371,154367,176,3719,3770,110012,3352,118085,3947,228097,California
San Mateo,2021-03-16,11912,354785,4360,189147,7429,161796,123,3842,4860,107961,7036,125121,4985,233082,California
San Mateo,2021-03-17,10800,365585,4366,193513,6309,168105,125,3967,4897,107110,5877,130998,5026,238108,California
San Mateo,2021-03-18,7245,372830,4042,197555,3020,171125,183,4150,4317,108687,2921,133919,4498,242606,California
San Mateo,2021-03-19,7362,380192,4721,202276,1974,173099,667,4817,3610,109222,3742,137661,4277,246883,California
San Mateo,2021-03-20,8291,388483,6435,208711,1520,174619,336,5153,5417,112115,2859,140520,5752,252635,California
San Mateo,2021-03-21,4157,392640,3126,211837,800,175419,231,5384,2347,112891,1799,142319,2575,255210,California
San Mateo,2021-03-22,5225,397865,3547,215384,1259,176678,419,5803,2862,113824,2349,144668,3282,258492,California
San Mateo,2021-03-23,9782,407647,4449,219833,5137,181815,196,5999,4662,113590,5091,149759,4857,263349,California
San Mateo,2021-03-24,9445,417092,5446,225279,3859,185674,140,6139,4107,112563,5271,155030,4244,267593,California
San Mateo,2021-03-25,10021,427113,4883,230162,4870,190544,268,6407,4431,111777,5488,160518,4702,272295,California
San Mateo,2021-03-26,11150,438263,7666,237828,3319,193863,165,6572,4453,109736,6660,167178,4619,276914,California
San Mateo,2021-03-27,10437,448700,7969,245797,2363,196226,105,6677,4698,108815,5721,172899,4800,281714,California
San Mateo,2021-03-28,4214,452914,2699,248496,1404,197630,111,6788,2105,108932,2100,174999,2217,283931,California
San Mateo,2021-03-29,6020,458934,3746,252242,2021,199651,253,7041,2851,108886,3150,178149,3104,287035,California
San Mateo,2021-03-30,7084,466018,4016,256258,2913,202564,155,7196,4462,110896,2607,180756,4617,291652,California
San Mateo,2021-03-31,7210,473228,4554,260812,2518,205082,138,7334,4062,111964,3132,183888,4200,295852,California
San Mateo,2021-04-01,10424,483652,5117,265929,4126,209208,1181,8515,5602,113960,4782,188670,6778,302630,California
San Mateo,2021-04-02,10665,494317,5080,271009,4021,213229,1564,10079,5605,116084,5043,193713,7167,309797,California
San Mateo,2021-04-03,9690,504007,5495,276504,2459,215688,1736,11815,4904,117944,4782,198495,6642,316439,California
San Mateo,2021-04-04,5405,509412,2605,279109,1552,217240,1248,13063,1721,117239,3672,202167,2967,319406,California
San Mateo,2021-04-05,8966,518378,4773,283882,2458,219698,1735,14798,3865,117751,5086,207253,5598,325004,California
San Mateo,2021-04-06,13120,531498,8208,292090,3062,222760,1850,16648,7499,121500,5608,212861,9357,334361,California
San Mateo,2021-04-07,11338,542836,5246,297336,4418,227178,1674,18322,4820,121492,6496,219357,6488,340849,California
San Mateo,2021-04-08,10078,552914,5032,302368,2461,229639,2585,20907,4479,122962,5584,224941,7054,347903,California
San Mateo,2021-04-09,11256,564170,5470,307838,3309,232948,2477,23384,5085,124347,6169,231110,7554,355457,California
San Mateo,2021-04-10,11152,575322,5671,313509,4052,237000,1429,24813,4630,123900,6502,237612,6055,361512,California
San Mateo,2021-04-11,6615,581937,3284,316793,882,237882,2449,27262,2343,124420,4266,241878,4786,366298,California
San Mateo,2021-04-12,7312,589249,4472,321265,1879,239761,961,28223,3555,125197,3739,245617,4516,370814,California
San Mateo,2021-04-13,8158,597407,5096,326361,3053,242814,9,28232,4335,125726,3817,249434,4346,375160,California
San Mateo,2021-04-14,8355,605762,5431,331792,2923,245737,1,28233,4327,126043,4017,253451,4334,379494,California
San Mateo,2021-04-15,11077,616839,7373,339165,3702,249439,2,28235,7269,129531,3785,257236,7273,386767,California
San Mateo,2021-04-16,9941,626780,6866,346031,3059,252498,16,28251,6328,132284,3596,260832,6349,393116,California
San Mateo,2021-04-17,9635,636415,6427,352458,3205,255703,3,28254,6113,134892,3513,264345,6121,399237,California
San Mateo,2021-04-18,5400,641815,2593,355051,2807,258510,0,28254,3654,136817,1736,266081,3661,402898,California
San Mateo,2021-04-19,8314,650129,5407,360458,2907,261417,0,28254,5390,139300,2915,268996,5398,408296,California
San Mateo,2021-04-20,10192,660321,5657,366115,4535,265952,0,28254,6545,142223,3632,272628,6555,414851,California
San Mateo,2021-04-21,8986,669307,6093,372208,2893,268845,0,28254,5572,144401,3401,276029,5579,420430,California
San Mateo,2021-04-22,9558,678865,6402,378610,3155,272000,1,28255,5315,145511,4211,280240,5321,425751,California
San Mateo,2021-04-23,9449,688314,6218,384828,3231,275231,0,28255,5317,146736,4107,284347,5332,431083,California
San Mateo,2021-04-24,11202,699516,8008,392836,3194,278425,0,28255,6041,147644,5141,289488,6049,437132,California
San Mateo,2021-04-25,5490,705006,3856,396692,1633,280058,1,28256,3903,149983,1574,291062,3913,441045,California
San Mateo,2021-04-26,5999,711005,4387,401079,1605,281663,7,28263,3486,150982,2506,293568,3505,444550,California
San Mateo,2021-04-27,10647,721652,7539,408618,3004,284667,104,28367,4256,148981,6365,299933,4364,448914,California
San Mateo,2021-04-28,7658,729310,4427,413045,3027,287694,204,28571,4012,149563,3638,303571,4220,453134,California
San Mateo,2021-04-29,7905,737215,3705,416750,4025,291719,175,28746,3502,148873,4378,307949,3688,456822,California
San Mateo,2021-04-30,8045,745260,5071,421821,2819,294538,155,28901,3412,147841,4612,312561,3580,460402,California
San Mateo,2021-05-01,6140,751400,4120,425941,1901,296439,119,29020,2658,147162,3467,316028,2788,463190,California
San Mateo,2021-05-02,3166,754566,1741,427682,1354,297793,71,29091,1143,146365,2015,318043,1218,464408,California
San Mateo,2021-05-03,6034,760600,4515,432197,1376,299169,143,29234,1893,144270,4131,322174,2036,466444,California
San Mateo,2021-05-04,7224,767824,4903,437100,2151,301320,170,29404,2454,142151,4754,326928,2635,469079,California
San Mateo,2021-05-05,6874,774698,4536,441636,2180,303500,158,29562,2433,140331,4414,331342,2594,471673,California
San Mateo,2021-05-06,8490,783188,6607,448243,1702,305202,181,29743,1716,135482,6752,338094,1903,473576,California
San Mateo,2021-05-07,8102,791290,5814,454057,2015,307217,273,30016,1809,131308,6268,344362,2094,475670,California
San Mateo,2021-05-08,6482,797772,3891,457948,2358,309575,233,30249,1811,128693,4663,349025,2048,477718,California
San Mateo,2021-05-09,3097,800869,2410,460358,612,310187,75,30324,1036,127750,2055,351080,1112,478830,California
San Mateo,2021-05-10,4429,805298,3169,463527,1098,311285,162,30486,750,124993,3673,354753,916,479746,California
San Mateo,2021-05-11,4972,810270,3798,467325,1143,312428,31,30517,1387,122842,3572,358325,1421,481167,California
San Mateo,2021-05-12,3929,814199,2764,470089,1068,313496,97,30614,609,120236,3313,361638,707,481874,California
Santa Barbara,2020-12-15,2,2,2,2,0,0,0,0,2,2,0,0,2,2,California
Santa Barbara,2020-12-16,2,4,2,4,0,0,0,0,2,4,0,0,2,4,California
Santa Barbara,2020-12-17,56,60,56,60,0,0,0,0,56,60,0,0,56,60,California
Santa Barbara,2020-12-18,378,438,377,437,1,1,0,0,378,438,0,0,378,438,California
Santa Barbara,2020-12-19,325,763,325,762,0,1,0,0,325,763,0,0,325,763,California
Santa Barbara,2020-12-20,235,998,235,997,0,1,0,0,235,998,0,0,235,998,California
Santa Barbara,2020-12-21,652,1650,650,1647,2,3,0,0,652,1650,0,0,652,1650,California
Santa Barbara,2020-12-22,244,1894,242,1889,2,5,0,0,244,1894,0,0,244,1894,California
Santa Barbara,2020-12-23,320,2214,202,2091,118,123,0,0,320,2214,0,0,320,2214,California
Santa Barbara,2020-12-24,88,2302,40,2131,48,171,0,0,88,2302,0,0,88,2302,California
Santa Barbara,2020-12-26,326,2628,66,2197,260,431,0,0,326,2628,0,0,326,2628,California
Santa Barbara,2020-12-27,62,2690,1,2198,61,492,0,0,62,2690,0,0,62,2690,California
Santa Barbara,2020-12-28,356,3046,223,2421,133,625,0,0,356,3046,0,0,356,3046,California
Santa Barbara,2020-12-29,555,3601,361,2782,194,819,0,0,555,3601,0,0,555,3601,California
Santa Barbara,2020-12-30,585,4186,403,3185,182,1001,0,0,585,4186,0,0,585,4186,California
Santa Barbara,2020-12-31,240,4426,114,3299,126,1127,0,0,240,4426,0,0,240,4426,California
Santa Barbara,2021-01-01,112,4538,108,3407,4,1131,0,0,112,4538,0,0,112,4538,California
Santa Barbara,2021-01-02,589,5127,224,3631,365,1496,0,0,589,5127,0,0,589,5127,California
Santa Barbara,2021-01-03,23,5150,15,3646,8,1504,0,0,23,5150,0,0,23,5150,California
Santa Barbara,2021-01-04,309,5459,246,3892,63,1567,0,0,308,5458,0,0,308,5458,California
Santa Barbara,2021-01-05,753,6212,380,4272,373,1940,0,0,726,6157,27,27,726,6184,California
Santa Barbara,2021-01-06,656,6868,276,4548,380,2320,0,0,595,6692,60,87,595,6779,California
Santa Barbara,2021-01-07,1033,7901,711,5259,322,2642,0,0,527,6717,502,589,527,7306,California
Santa Barbara,2021-01-08,1203,9104,843,6102,360,3002,0,0,710,6934,493,1082,710,8016,California
Santa Barbara,2021-01-09,566,9670,293,6395,273,3275,0,0,320,7008,246,1328,320,8336,California
Santa Barbara,2021-01-10,62,9732,50,6445,12,3287,0,0,46,7038,16,1344,46,8382,California
Santa Barbara,2021-01-11,839,10571,670,7115,169,3456,0,0,616,7432,222,1566,616,8998,California
Santa Barbara,2021-01-12,1427,11998,635,7750,792,4248,0,0,1270,8545,157,1723,1270,10268,California
Santa Barbara,2021-01-13,1227,13225,280,8030,947,5195,0,0,1102,9521,126,1849,1102,11370,California
Santa Barbara,2021-01-14,1248,14473,132,8162,1116,6311,0,0,1194,10663,53,1902,1195,12565,California
Santa Barbara,2021-01-15,1802,16275,420,8582,1382,7693,0,0,1722,12306,79,1981,1722,14287,California
Santa Barbara,2021-01-16,1272,17547,202,8784,1070,8763,0,0,1233,13501,38,2019,1233,15520,California
Santa Barbara,2021-01-17,123,17670,20,8804,103,8866,0,0,120,13618,3,2022,120,15640,California
Santa Barbara,2021-01-18,1151,18821,417,9221,734,9600,0,0,966,14399,185,2207,966,16606,California
Santa Barbara,2021-01-19,1638,20459,570,9791,1068,10668,0,0,1359,15480,278,2485,1359,17965,California
Santa Barbara,2021-01-20,2095,22554,544,10335,1551,12219,0,0,1737,16860,357,2842,1737,19702,California
Santa Barbara,2021-01-21,3089,25643,1818,12153,1271,13490,0,0,2930,19632,159,3001,2931,22633,California
Santa Barbara,2021-01-22,3017,28660,1864,14017,1153,14643,0,0,2853,22325,161,3162,2854,25487,California
Santa Barbara,2021-01-23,1734,30394,1106,15123,628,15271,0,0,1222,23036,511,3673,1222,26709,California
Santa Barbara,2021-01-24,844,31238,752,15875,92,15363,0,0,835,23862,9,3682,835,27544,California
Santa Barbara,2021-01-25,1244,32482,501,16376,743,16106,0,0,1004,24626,240,3922,1004,28548,California
Santa Barbara,2021-01-26,2051,34533,468,16844,1583,17689,0,0,1664,25905,385,4307,1664,30212,California
Santa Barbara,2021-01-27,1163,35696,400,17244,763,18452,0,0,902,26548,260,4567,903,31115,California
Santa Barbara,2021-01-28,896,36592,298,17542,598,19050,0,0,681,27017,212,4779,681,31796,California
Santa Barbara,2021-01-29,1333,37925,538,18080,795,19845,0,0,978,27645,352,5131,980,32776,California
Santa Barbara,2021-01-30,1892,39817,1420,19500,472,20317,0,0,1488,28732,401,5532,1488,34264,California
Santa Barbara,2021-01-31,1455,41272,1217,20717,238,20555,0,0,1416,30109,39,5571,1416,35680,California
Santa Barbara,2021-02-01,942,42214,520,21237,422,20977,0,0,554,30275,388,5959,554,36234,California
Santa Barbara,2021-02-02,1828,44042,700,21937,1128,22105,0,0,1053,30555,773,6732,1053,37287,California
Santa Barbara,2021-02-03,1942,45984,1078,23015,864,22969,0,0,1500,31623,432,7164,1500,38787,California
Santa Barbara,2021-02-04,2775,48759,1862,24877,913,23882,0,0,2481,33815,289,7453,2481,41268,California
Santa Barbara,2021-02-05,2906,51665,2061,26938,845,24727,0,0,2262,35435,642,8095,2262,43530,California
Santa Barbara,2021-02-06,1204,52869,338,27276,866,25593,0,0,794,35819,410,8505,794,44324,California
Santa Barbara,2021-02-07,301,53170,263,27539,38,25631,0,0,266,36051,34,8539,266,44590,California
Santa Barbara,2021-02-08,956,54126,311,27850,645,26276,0,0,668,36431,288,8827,668,45258,California
Santa Barbara,2021-02-09,2438,56564,313,28163,2125,28401,0,0,1121,36245,1307,10134,1121,46379,California
Santa Barbara,2021-02-10,2764,59328,1498,29661,1266,29667,0,0,780,35050,1975,12109,780,47159,California
Santa Barbara,2021-02-11,4184,63512,2806,32467,1378,31045,0,0,625,32125,3550,15659,625,47784,California
Santa Barbara,2021-02-12,3309,66821,949,33416,2360,33405,0,0,774,30370,2529,18188,774,48558,California
Santa Barbara,2021-02-13,1235,68056,341,33757,894,34299,0,0,561,30261,670,18858,561,49119,California
Santa Barbara,2021-02-14,331,68387,34,33791,297,34596,0,0,285,30500,46,18904,285,49404,California
Santa Barbara,2021-02-15,968,69355,338,34129,630,35226,0,0,493,30524,470,19374,494,49898,California
Santa Barbara,2021-02-16,2108,71463,397,34526,1711,36937,0,0,716,29852,1388,20762,716,50614,California
Santa Barbara,2021-02-17,1436,72899,321,34847,1115,38052,0,0,522,29462,912,21674,522,51136,California
Santa Barbara,2021-02-18,3254,76153,2647,37494,607,38659,0,0,1519,29281,1700,23374,1519,52655,California
Santa Barbara,2021-02-19,3594,79747,2641,40135,953,39612,0,0,2328,30346,1263,24637,2328,54983,California
Santa Barbara,2021-02-20,2221,81968,1435,41570,786,40398,0,0,1666,31466,546,25183,1666,56649,California
Santa Barbara,2021-02-21,127,82095,98,41668,29,40427,0,0,58,31455,69,25252,58,56707,California
Santa Barbara,2021-02-22,939,83034,247,41915,692,41119,0,0,261,31045,671,25923,261,56968,California
Santa Barbara,2021-02-23,3188,86222,1045,42960,2143,43262,0,0,421,28703,2763,28686,421,57389,California
Santa Barbara,2021-02-24,3199,89421,1088,44048,2111,45373,0,0,720,26955,2468,31154,720,58109,California
Santa Barbara,2021-02-25,3451,92872,1918,45966,1533,46906,0,0,985,25482,2459,33613,986,59095,California
Santa Barbara,2021-02-26,3665,96537,2175,48141,1490,48396,0,0,1979,25782,1679,35292,1979,61074,California
Santa Barbara,2021-02-27,1528,98065,563,48704,965,49361,0,0,847,25956,675,35967,849,61923,California
Santa Barbara,2021-02-28,1085,99150,221,48925,864,50225,0,0,893,26663,187,36154,894,62817,California
Santa Barbara,2021-03-01,1635,100785,466,49391,1169,51394,0,0,1085,27212,537,36691,1086,63903,California
Santa Barbara,2021-03-02,2619,103404,414,49805,2205,53599,0,0,2118,28843,488,37179,2119,66022,California
Santa Barbara,2021-03-03,4627,108031,2099,51904,2526,56125,2,2,4032,32295,585,37764,4037,70059,California
Santa Barbara,2021-03-04,3415,111446,2281,54185,1134,57259,0,2,2860,34608,547,38311,2860,72919,California
Santa Barbara,2021-03-05,3809,115255,2160,56345,1590,58849,59,61,3084,37032,719,39030,3143,76062,California
Santa Barbara,2021-03-06,2432,117687,724,57069,1488,60337,220,281,1666,38155,762,39792,1885,77947,California
Santa Barbara,2021-03-07,561,118248,122,57191,309,60646,130,411,382,38490,178,39970,513,78460,California
Santa Barbara,2021-03-08,1576,119824,379,57570,855,61501,342,753,794,38850,776,40746,1136,79596,California
Santa Barbara,2021-03-09,2773,122597,323,57893,1675,63176,775,1528,717,38285,2053,42799,1488,81084,California
Santa Barbara,2021-03-10,2750,125347,544,58437,1159,64335,1047,2575,1034,38655,1710,44509,2080,83164,California
Santa Barbara,2021-03-11,5575,130922,3029,61466,1431,65766,1115,3690,2280,38763,3282,47791,3390,86554,California
Santa Barbara,2021-03-12,3664,134586,2092,63558,1143,66909,429,4119,2173,39879,1483,49274,2599,89153,California
Santa Barbara,2021-03-13,3472,138058,1923,65481,1340,68249,209,4328,2693,42005,777,50051,2903,92056,California
Santa Barbara,2021-03-14,783,138841,371,65852,355,68604,57,4385,465,42209,318,50369,522,92578,California
Santa Barbara,2021-03-15,2106,140947,693,66545,1122,69726,291,4676,1267,42931,834,51203,1556,94134,California
Santa Barbara,2021-03-16,3724,144671,1171,67716,2211,71937,342,5018,2739,45030,982,52185,3081,97215,California
Santa Barbara,2021-03-17,3297,147968,972,68688,1920,73857,405,5423,2309,46754,986,53171,2710,99925,California
Santa Barbara,2021-03-18,5221,153189,2799,71487,2221,76078,201,5624,3998,49744,1209,54380,4199,104124,California
Santa Barbara,2021-03-19,4439,157628,2765,74252,1342,77420,332,5956,3050,51740,1385,55765,3381,107505,California
Santa Barbara,2021-03-20,2163,159791,827,75079,1325,78745,11,5967,1329,52247,832,56597,1339,108844,California
Santa Barbara,2021-03-21,1163,160954,382,75461,752,79497,29,5996,838,52791,323,56920,867,109711,California
Santa Barbara,2021-03-22,2777,163731,1912,77373,821,80318,44,6040,2223,54512,546,57466,2267,111978,California
Santa Barbara,2021-03-23,4477,168208,2251,79624,2126,82444,100,6140,3711,57567,756,58222,3811,115789,California
Santa Barbara,2021-03-24,5404,173612,3155,82779,1511,83955,738,6878,2969,58859,2414,60636,3706,119495,California
Santa Barbara,2021-03-25,5553,179165,3278,86057,2088,86043,187,7065,2780,59069,2757,63393,2967,122462,California
Santa Barbara,2021-03-26,5081,184246,3220,89277,1562,87605,299,7364,2239,58781,2826,66219,2538,125000,California
Santa Barbara,2021-03-27,2924,187170,1220,90497,1661,89266,43,7407,1594,59091,1325,67544,1635,126635,California
Santa Barbara,2021-03-28,2771,189941,1647,92144,1096,90362,28,7435,1887,60128,879,68423,1916,128551,California
Santa Barbara,2021-03-29,4043,193984,2086,94230,1886,92248,71,7506,3233,62626,806,69229,3304,131855,California
Santa Barbara,2021-03-30,6796,200780,3512,97742,3134,95382,150,7656,4567,65127,2214,71443,4715,136570,California
Santa Barbara,2021-03-31,8641,209421,5512,103254,3062,98444,67,7723,5051,66673,3572,75015,5118,141688,California
Santa Barbara,2021-04-01,7000,216421,5176,108430,1565,100009,259,7982,4152,68250,2832,77847,4409,146097,California
Santa Barbara,2021-04-02,6591,223012,4517,112947,1481,101490,593,8575,3380,69018,3204,81051,3972,150069,California
Santa Barbara,2021-04-03,3779,226791,2098,115045,1613,103103,68,8643,2493,70296,1282,82333,2560,152629,California
Santa Barbara,2021-04-04,898,227689,445,115490,413,103516,40,8683,499,70439,397,82730,540,153169,California
Santa Barbara,2021-04-05,3448,231137,2277,117767,914,104430,257,8940,2160,71574,1282,84012,2417,155586,California
Santa Barbara,2021-04-06,5446,236583,2808,120575,2103,106533,535,9475,3330,73334,2102,86114,3862,159448,California
Santa Barbara,2021-04-07,5982,242565,3282,123857,2160,108693,540,10015,4076,76053,1896,88010,4615,164063,California
Santa Barbara,2021-04-08,7363,249928,5012,128869,640,109333,1711,11726,3395,77190,3966,91976,5103,169166,California
Santa Barbara,2021-04-09,7247,257175,4825,133694,1077,110410,1345,13071,3259,77809,3980,95956,4599,173765,California
Santa Barbara,2021-04-10,6632,263807,4591,138285,1424,111834,617,13688,4507,80812,2120,98076,5123,178888,California
Santa Barbara,2021-04-11,2645,266452,1931,140216,415,112249,299,13987,1824,82115,815,98891,2118,181006,California
Santa Barbara,2021-04-12,4378,270830,2799,143015,1026,113275,553,14540,1874,82043,2497,101388,2425,183431,California
Santa Barbara,2021-04-13,6305,277135,4145,147160,2154,115429,6,14546,2620,80987,3681,105069,2625,186056,California
Santa Barbara,2021-04-14,6671,283806,4342,151502,2327,117756,2,14548,4153,82633,2508,107577,4154,190210,California
Santa Barbara,2021-04-15,6942,290748,4093,155595,2848,120604,1,14549,3768,83239,3164,110741,3770,193980,California
Santa Barbara,2021-04-16,6375,297123,3748,159343,2616,123220,11,14560,4392,85672,1969,112710,4402,198382,California
Santa Barbara,2021-04-17,5311,302434,3868,163211,1443,124663,0,14560,4104,88577,1199,113909,4104,202486,California
Santa Barbara,2021-04-18,2125,304559,1475,164686,650,125313,0,14560,370,87197,1751,115660,371,202857,California
Santa Barbara,2021-04-19,3199,307758,2217,166903,977,126290,5,14565,1001,86010,2194,117854,1007,203864,California
Santa Barbara,2021-04-20,5868,313626,3946,170849,1921,128211,1,14566,1658,83470,4198,122052,1658,205522,California
Santa Barbara,2021-04-21,5473,319099,3636,174485,1837,130048,0,14566,1742,81493,3719,125771,1742,207264,California
Santa Barbara,2021-04-22,5075,324174,2549,177034,2525,132573,1,14567,1450,79336,3610,129381,1453,208717,California
Santa Barbara,2021-04-23,5529,329703,3875,180909,1654,134227,0,14567,1955,77727,3564,132945,1955,210672,California
Santa Barbara,2021-04-24,4421,334124,2877,183786,1539,135766,5,14572,1664,76647,2749,135694,1669,212341,California
Santa Barbara,2021-04-25,1830,335954,1184,184970,646,136412,0,14572,501,75826,1322,137016,501,212842,California
Santa Barbara,2021-04-26,2855,338809,1775,186745,1060,137472,20,14592,431,73859,2418,139434,451,213293,California
Santa Barbara,2021-04-27,3596,342405,1982,188727,1527,138999,87,14679,1082,72521,2506,141940,1168,214461,California
Santa Barbara,2021-04-28,4886,347291,2864,191591,1906,140905,116,14795,1400,70564,3475,145415,1518,215979,California
Santa Barbara,2021-04-29,5249,352540,3802,195393,1220,142125,227,15022,1445,68446,3788,149203,1670,217649,California
Santa Barbara,2021-04-30,4945,357485,3694,199087,1087,143212,164,15186,1423,66523,3509,152712,1586,219235,California
Santa Barbara,2021-05-01,5239,362724,4062,203149,1145,144357,32,15218,908,63141,4324,157036,942,220177,California
Santa Barbara,2021-05-02,1134,363858,666,203815,339,144696,129,15347,310,62757,823,157859,439,220616,California
Santa Barbara,2021-05-03,2075,365933,1352,205167,582,145278,141,15488,448,61724,1622,159481,589,221205,California
Santa Barbara,2021-05-04,3300,369233,1677,206844,1556,146834,67,15555,1152,60807,2135,161616,1218,222423,California
Santa Barbara,2021-05-05,5417,374650,3670,210514,1604,148438,143,15698,629,56804,4776,166392,773,223196,California
Santa Barbara,2021-05-06,5038,379688,3897,214411,1035,149473,106,15804,969,53825,4054,170446,1075,224271,California
Santa Barbara,2021-05-07,4642,384330,3638,218049,830,150303,174,15978,1003,51366,3634,174080,1175,225446,California
Santa Barbara,2021-05-08,4200,388530,3158,221207,947,151250,95,16073,853,48982,3332,177412,948,226394,California
Santa Barbara,2021-05-09,711,389241,120,221327,550,151800,41,16114,473,49259,237,177649,514,226908,California
Santa Barbara,2021-05-10,1281,390522,603,221930,593,152393,85,16199,333,48732,945,178594,418,227326,California
Santa Barbara,2021-05-11,1511,392033,689,222619,566,152959,256,16455,294,48071,1209,179803,548,227874,California
Santa Barbara,2021-05-12,747,392780,267,222886,319,153278,161,16616,94,47677,649,180452,255,228129,California
Santa Clara,2020-12-15,65,65,65,65,0,0,0,0,65,65,0,0,65,65,California
Santa Clara,2020-12-16,136,201,136,201,0,0,0,0,136,201,0,0,136,201,California
Santa Clara,2020-12-17,392,593,392,593,0,0,0,0,392,593,0,0,392,593,California
Santa Clara,2020-12-18,1677,2270,1677,2270,0,0,0,0,1677,2270,0,0,1677,2270,California
Santa Clara,2020-12-19,2075,4345,2075,4345,0,0,0,0,2074,4344,0,0,2074,4344,California
Santa Clara,2020-12-20,1895,6240,1894,6239,1,1,0,0,1892,6236,0,0,1892,6236,California
Santa Clara,2020-12-21,2672,8912,2672,8911,0,1,0,0,2671,8907,0,0,2671,8907,California
Santa Clara,2020-12-22,3120,12032,3113,12024,7,8,0,0,3117,12024,0,0,3117,12024,California
Santa Clara,2020-12-23,3262,15294,3075,15099,187,195,0,0,3260,15284,0,0,3260,15284,California
Santa Clara,2020-12-24,1896,17190,1710,16809,186,381,0,0,1890,17173,1,1,1890,17174,California
Santa Clara,2020-12-25,343,17533,342,17151,1,382,0,0,343,17516,0,1,343,17517,California
Santa Clara,2020-12-26,1265,18798,1032,18183,233,615,0,0,1264,18780,0,1,1264,18781,California
Santa Clara,2020-12-27,648,19446,508,18691,140,755,0,0,648,19428,0,1,648,19429,California
Santa Clara,2020-12-28,2332,21778,1730,20421,602,1357,0,0,2332,21760,0,1,2332,21761,California
Santa Clara,2020-12-29,2328,24106,1468,21889,860,2217,0,0,2326,24086,0,1,2326,24087,California
Santa Clara,2020-12-30,2993,27099,1901,23790,1092,3309,0,0,2991,27075,2,3,2991,27078,California
Santa Clara,2020-12-31,1217,28316,393,24183,824,4133,0,0,1216,28290,1,4,1216,28294,California
Santa Clara,2021-01-01,145,28461,12,24195,133,4266,0,0,144,28433,1,5,144,28438,California
Santa Clara,2021-01-02,1087,29548,817,25012,270,4536,0,0,1087,29520,0,5,1087,29525,California
Santa Clara,2021-01-03,583,30131,368,25380,215,4751,0,0,578,30095,3,8,578,30103,California
Santa Clara,2021-01-04,2470,32601,1670,27050,800,5551,0,0,2467,32562,0,8,2467,32570,California
Santa Clara,2021-01-05,3065,35666,2009,29059,1056,6607,0,0,2877,35258,187,195,2883,35453,California
Santa Clara,2021-01-06,3326,38992,1961,31020,1365,7972,0,0,2751,37439,571,766,2752,38205,California
Santa Clara,2021-01-07,4215,43207,2557,33577,1658,9630,0,0,3147,39533,1058,1824,3152,41357,California
Santa Clara,2021-01-08,5847,49054,3821,37398,2026,11656,0,0,3793,41276,2050,3874,3793,45150,California
Santa Clara,2021-01-09,2973,52027,1865,39263,1108,12764,0,0,1689,41684,1284,5158,1692,46842,California
Santa Clara,2021-01-10,1955,53982,1510,40773,445,13209,0,0,745,41220,1209,6367,745,47587,California
Santa Clara,2021-01-11,5943,59925,3741,44514,2202,15411,0,0,3379,42041,2563,8930,3384,50971,California
Santa Clara,2021-01-12,6806,66731,3402,47916,3404,18815,0,0,4563,44363,2242,11172,4564,55535,California
Santa Clara,2021-01-13,7365,74096,3046,50962,4319,23134,0,0,5198,47397,2165,13337,5199,60734,California
Santa Clara,2021-01-14,8226,82322,2791,53753,5435,28569,0,0,6485,52150,1734,15071,6487,67221,California
Santa Clara,2021-01-15,9457,91779,2683,56436,6774,35343,0,0,8139,58979,1315,16386,8144,75365,California
Santa Clara,2021-01-16,4301,96080,1229,57665,3072,38415,0,0,3466,61614,831,17217,3466,78831,California
Santa Clara,2021-01-17,3217,99297,606,58271,2611,41026,0,0,2720,63837,497,17714,2720,81551,California
Santa Clara,2021-01-18,5090,104387,1152,59423,3938,44964,0,0,4537,67822,553,18267,4538,86089,California
Santa Clara,2021-01-19,8479,112866,2671,62094,5808,50772,0,0,6803,72955,1673,19940,6806,92895,California
Santa Clara,2021-01-20,8079,120945,4105,66199,3974,54746,0,0,6530,77941,1544,21484,6530,99425,California
Santa Clara,2021-01-21,8648,129593,3738,69937,4910,59656,0,0,7447,84191,1199,22683,7449,106874,California
Santa Clara,2021-01-22,8620,138213,3241,73178,5379,65035,0,0,8055,91685,564,23247,8058,114932,California
Santa Clara,2021-01-23,3782,141995,1690,74868,2092,67127,0,0,2822,93548,960,24207,2823,117755,California
Santa Clara,2021-01-24,2825,144820,1422,76290,1403,68530,0,0,2339,95404,483,24690,2339,120094,California
Santa Clara,2021-01-25,8372,153192,3783,80073,4589,73119,0,0,6307,99658,2057,26747,6311,126405,California
Santa Clara,2021-01-26,8239,161431,3769,83842,4470,77589,0,0,6122,103675,2107,28854,6124,132529,California
Santa Clara,2021-01-27,8715,170146,3831,87673,4884,82473,0,0,6792,108566,1902,30756,6793,139322,California
Santa Clara,2021-01-28,9461,179607,3795,91468,5666,88139,0,0,7503,114136,1937,32693,7507,146829,California
Santa Clara,2021-01-29,9506,189113,3942,95410,5564,93703,0,0,7337,119314,2160,34853,7338,154167,California
Santa Clara,2021-01-30,4185,193298,2076,97486,2109,95812,0,0,2979,121095,1199,36052,2980,157147,California
Santa Clara,2021-01-31,2174,195472,1305,98791,869,96681,0,0,1582,122088,589,36641,1582,158729,California
Santa Clara,2021-02-01,7829,203301,3485,102276,4344,101025,0,0,6141,126550,1680,38321,6142,164871,California
Santa Clara,2021-02-02,8524,211825,2874,105150,5650,106675,0,0,6526,131088,1991,40312,6529,171400,California
Santa Clara,2021-02-03,9196,221021,3481,108631,5715,112390,0,0,6917,135738,2273,42585,6923,178323,California
Santa Clara,2021-02-04,10911,231932,4119,112750,6792,119182,0,0,8626,142092,2275,44860,8629,186952,California
Santa Clara,2021-02-05,11914,243846,4348,117098,7566,126748,0,0,8453,147100,3446,48306,8454,195406,California
Santa Clara,2021-02-06,5183,249029,2818,119916,2365,129113,0,0,4020,149963,1159,49465,4022,199428,California
Santa Clara,2021-02-07,3473,252502,2348,122264,1125,130238,0,0,3020,152532,452,49917,3021,202449,California
Santa Clara,2021-02-08,10007,262509,3481,125745,6526,136764,0,0,7293,157126,2700,52617,7294,209743,California
Santa Clara,2021-02-09,11157,273666,3816,129561,7341,144105,0,0,7672,161326,3475,56092,7675,217418,California
Santa Clara,2021-02-10,12635,286301,4908,134469,7727,151832,0,0,6835,162376,5787,61879,6837,224255,California
Santa Clara,2021-02-11,13497,299798,4714,139183,8783,160615,0,0,7676,164247,5806,67685,7677,231932,California
Santa Clara,2021-02-12,14546,314344,4490,143673,10056,170671,0,0,6978,163679,7548,75233,6980,238912,California
Santa Clara,2021-02-13,6073,320417,1458,145131,4615,175286,0,0,2220,162055,3846,79079,2222,241134,California
Santa Clara,2021-02-14,4614,325031,1143,146274,3471,178757,0,0,1468,160381,3144,82223,1470,242604,California
Santa Clara,2021-02-15,6252,331283,2796,149070,3456,182213,0,0,2703,159543,3541,85764,2703,245307,California
Santa Clara,2021-02-16,13772,345055,4000,153070,9772,191985,0,0,6930,159649,6824,92588,6930,252237,California
Santa Clara,2021-02-17,14068,359123,5488,158558,8580,200565,0,0,7047,159698,7003,99591,7052,259289,California
Santa Clara,2021-02-18,14189,373312,8358,166916,5831,206396,0,0,7229,160012,6918,106509,7232,266521,California
Santa Clara,2021-02-19,14806,388118,9519,176435,5287,211683,0,0,8616,162459,6174,112683,8621,275142,California
Santa Clara,2021-02-20,6819,394937,5105,181540,1714,213397,0,0,3673,162996,3136,115819,3673,278815,California
Santa Clara,2021-02-21,3248,398185,2431,183971,817,214214,0,0,1165,162088,2075,117894,1167,279982,California
Santa Clara,2021-02-22,10158,408343,6084,190055,4074,218288,0,0,4733,161407,5415,123309,4734,284716,California
Santa Clara,2021-02-23,11875,420218,7705,197760,4170,222458,0,0,6739,163027,5123,128432,6743,291459,California
Santa Clara,2021-02-24,14139,434357,9105,206865,5034,227492,0,0,8753,166410,5370,133802,8753,300212,California
Santa Clara,2021-02-25,14603,448960,9239,216104,5364,232856,0,0,7882,167597,6700,140502,7887,308099,California
Santa Clara,2021-02-26,14555,463515,8435,224539,6120,238976,0,0,7997,169064,6533,147035,8000,316099,California
Santa Clara,2021-02-27,8066,471581,5500,230039,2565,241541,1,1,4461,169938,3595,150630,4469,320568,California
Santa Clara,2021-02-28,4723,476304,3075,233114,1648,243189,0,1,2204,169632,2510,153140,2204,322772,California
Santa Clara,2021-03-01,14066,490370,7976,241090,6087,249276,3,4,8704,172996,5343,158483,8707,331479,California
Santa Clara,2021-03-02,15866,506236,9391,250481,6474,255750,1,5,10112,177380,5730,164213,10114,341593,California
Santa Clara,2021-03-03,18428,524664,9041,259522,9386,265136,1,6,11443,181882,6948,171161,11450,353043,California
Santa Clara,2021-03-04,16413,541077,8937,268459,7473,272609,3,9,9545,184643,6789,177950,9550,362593,California
Santa Clara,2021-03-05,16479,557556,9147,277606,7207,279816,125,134,9133,186579,7326,185276,9262,371855,California
Santa Clara,2021-03-06,9362,566918,6274,283880,2652,282468,436,570,7048,191762,2301,187577,7484,379339,California
Santa Clara,2021-03-07,6729,573647,4413,288293,2083,284551,233,803,5358,195989,1363,188940,5590,384929,California
Santa Clara,2021-03-08,12837,586484,6682,294975,5594,290145,561,1364,8222,200175,4598,193538,8784,393713,California
Santa Clara,2021-03-09,14924,601408,6214,301189,7380,297525,1330,2694,6604,199804,8302,201840,7931,401644,California
Santa Clara,2021-03-10,15007,616415,6482,307671,6421,303946,2104,4798,6117,199139,8865,210705,8200,409844,California
Santa Clara,2021-03-11,17008,633423,7746,315417,7759,311705,1503,6301,6037,195723,10943,221648,7527,417371,California
Santa Clara,2021-03-12,17637,651060,9069,324486,6998,318703,1570,7871,5954,191588,11643,233291,7508,424879,California
Santa Clara,2021-03-13,10706,661766,6194,330680,3020,321723,1492,9363,4795,191970,5888,239179,6270,431149,California
Santa Clara,2021-03-14,6480,668246,3349,334029,1823,323546,1308,10671,3195,193195,3269,242448,4494,435643,California
Santa Clara,2021-03-15,12749,680995,6521,340550,5959,329505,269,10940,5975,192687,6752,249200,6244,441887,California
Santa Clara,2021-03-16,18140,699135,10255,350805,7677,337182,208,11148,8794,192369,9318,258518,9000,450887,California
Santa Clara,2021-03-17,19828,718963,11233,362038,8427,345609,168,11316,10238,193229,9541,268059,10401,461288,California
Santa Clara,2021-03-18,19004,737967,8893,370931,8950,354559,1161,12477,9060,193553,9891,277950,10215,471503,California
Santa Clara,2021-03-19,19175,757142,9860,380791,8317,362876,998,13475,9959,195342,9159,287109,10948,482451,California
Santa Clara,2021-03-20,11473,768615,6299,387090,4347,367223,827,14302,6755,198230,4689,291798,7577,490028,California
Santa Clara,2021-03-21,8264,776879,3737,390827,3128,370351,1399,15701,5548,202462,2704,294502,6936,496964,California
Santa Clara,2021-03-22,16263,793142,9071,399898,6847,377198,345,16046,9294,205155,6945,301447,9638,506602,California
Santa Clara,2021-03-23,19171,812313,12197,412095,6459,383657,515,16561,11242,209029,7883,309330,11757,518359,California
Santa Clara,2021-03-24,22537,834850,14516,426611,7612,391269,409,16970,14642,216230,7852,317182,15053,533412,California
Santa Clara,2021-03-25,22849,857699,13081,439692,8783,400052,985,17955,14756,223926,8032,325214,15728,549140,California
Santa Clara,2021-03-26,21836,879535,13915,453607,7538,407590,383,18338,13513,229531,8286,333500,13891,563031,California
Santa Clara,2021-03-27,15621,895156,10386,463993,4471,412061,764,19102,8429,231570,7150,340650,9189,572220,California
Santa Clara,2021-03-28,11995,907151,8298,472291,2983,415044,714,19816,6492,233294,5477,346127,7201,579421,California
Santa Clara,2021-03-29,20531,927682,12590,484881,7216,422260,725,20541,11192,235903,9300,355427,11909,591330,California
Santa Clara,2021-03-30,25541,953223,15206,500087,8401,430661,1934,22475,16353,245031,9153,364580,18281,609611,California
Santa Clara,2021-03-31,20369,973592,11814,511901,7430,438091,1125,23600,12611,251035,7720,372300,13724,623335,California
Santa Clara,2021-04-01,31572,1005164,19731,531632,8847,446938,2994,26594,19989,262484,11521,383821,22970,646305,California
Santa Clara,2021-04-02,24939,1030103,14229,545861,8590,455528,2120,28714,16290,272268,8614,392435,18398,664703,California
Santa Clara,2021-04-03,15153,1045256,9170,555031,3484,459012,2499,31213,8420,276461,6714,399149,10907,675610,California
Santa Clara,2021-04-04,7593,1052849,4018,559049,2418,461430,1157,32370,3955,277942,3629,402778,5110,680720,California
Santa Clara,2021-04-05,21717,1074566,14494,573543,4762,466192,2461,34831,14172,287047,7521,410299,16626,697346,California
Santa Clara,2021-04-06,29347,1103913,16180,589723,7757,473949,5410,40241,17616,298364,11690,421989,23007,720353,California
Santa Clara,2021-04-07,30605,1134518,15812,605535,8367,482316,6426,46667,18700,311608,11854,433843,25098,745451,California
Santa Clara,2021-04-08,29624,1164142,16172,621707,5949,488265,7503,54170,16126,321781,13428,447271,23601,769052,California
Santa Clara,2021-04-09,27696,1191838,13727,635434,6803,495068,7166,61336,14138,329552,13503,460774,21274,790326,California
Santa Clara,2021-04-10,21251,1213089,12298,647732,3758,498826,5195,66531,11402,336299,9817,470591,16564,806890,California
Santa Clara,2021-04-11,15960,1229049,9565,657297,2636,501462,3759,70290,8292,340694,7640,478231,12035,818925,California
Santa Clara,2021-04-12,26757,1255806,18842,676139,5497,506959,2418,72708,18271,352935,8437,486668,20678,839603,California
Santa Clara,2021-04-13,34216,1290022,26968,703107,7221,514180,27,72735,26418,371680,7722,494390,26467,866070,California
Santa Clara,2021-04-14,36449,1326471,27619,730726,8827,523007,3,72738,25906,387132,10483,504873,25935,892005,California
Santa Clara,2021-04-15,43858,1370329,34044,764770,9813,532820,1,72739,33823,411047,9933,514806,33848,925853,California
Santa Clara,2021-04-16,38152,1408481,26186,790956,11963,544783,3,72742,27365,427715,10723,525529,27391,953244,California
Santa Clara,2021-04-17,21922,1430403,15000,805956,6921,551704,1,72743,15039,435928,6842,532371,15055,968299,California
Santa Clara,2021-04-18,16324,1446727,10597,816553,5727,557431,0,72743,10212,440069,6082,538453,10223,978522,California
Santa Clara,2021-04-19,28542,1475269,20608,837161,7933,565364,1,72744,17131,445884,11347,549800,17162,995684,California
Santa Clara,2021-04-20,36648,1511917,22217,859378,14431,579795,0,72744,22468,454308,14073,563873,22497,1018181,California
Santa Clara,2021-04-21,36652,1548569,21226,880604,15425,595220,1,72745,24283,466336,12288,576161,24316,1042497,California
Santa Clara,2021-04-22,37123,1585692,24747,905351,12375,607595,1,72746,17567,464507,19461,595622,17632,1060129,California
Santa Clara,2021-04-23,31817,1617509,19394,924745,12423,620018,0,72746,14969,462776,16749,612371,15018,1075147,California
Santa Clara,2021-04-24,20645,1638154,14999,939744,5645,625663,1,72747,11590,465404,8989,621360,11617,1086764,California
Santa Clara,2021-04-25,13204,1651358,9470,949214,3727,629390,7,72754,8301,468875,4860,626220,8331,1095095,California
Santa Clara,2021-04-26,23417,1674775,18190,967404,5170,634560,57,72811,9575,464777,13752,639972,9654,1104749,California
Santa Clara,2021-04-27,25860,1700635,18490,985894,7083,641643,287,73098,11294,461915,14477,654449,11615,1116364,California
Santa Clara,2021-04-28,25213,1725848,18591,1004485,6184,647827,438,73536,10387,458050,14744,669193,10879,1127243,California
Santa Clara,2021-04-29,23117,1748965,16795,1021280,5926,653753,396,73932,8379,452216,14671,683864,8837,1136080,California
Santa Clara,2021-04-30,22820,1771785,15652,1036932,6808,660561,360,74292,9726,449359,13008,696872,10151,1146231,California
Santa Clara,2021-05-01,17367,1789152,14441,1051373,2666,663227,260,74552,5478,443298,11840,708712,5779,1152010,California
Santa Clara,2021-05-02,11289,1800441,9366,1060739,1695,664922,228,74780,3498,439295,7751,716463,3748,1155758,California
Santa Clara,2021-05-03,22732,1823173,19334,1080073,2964,667886,434,75214,5124,427343,17538,734001,5586,1161344,California
Santa Clara,2021-05-04,30489,1853662,23875,1103948,6080,673966,534,75748,5457,408431,24937,758938,6025,1167369,California
Santa Clara,2021-05-05,31849,1885511,24132,1128080,7177,681143,540,76288,5396,388030,26364,785302,5963,1173332,California
Santa Clara,2021-05-06,34935,1920446,29034,1157114,5429,686572,472,76760,4613,362942,30196,815498,5108,1178440,California
Santa Clara,2021-05-07,32034,1952480,25702,1182816,5853,692425,479,77239,4619,340800,27280,842778,5138,1183578,California
Santa Clara,2021-05-08,16300,1968780,13261,1196077,2622,695047,417,77656,3473,331957,12749,855527,3906,1187484,California
Santa Clara,2021-05-09,9724,1978504,8369,1204446,1175,696222,180,77836,2418,327290,7275,862802,2608,1190092,California
Santa Clara,2021-05-10,16956,1995460,13199,1217645,3386,699608,371,78207,2409,315606,14480,877282,2796,1192888,California
Santa Clara,2021-05-11,9368,2004828,6425,1224070,2806,702414,137,78344,1982,310383,7350,884632,2127,1195015,California
Santa Clara,2021-05-12,7190,2012018,4614,1228684,2407,704821,169,78513,973,305351,6183,890815,1151,1196166,California
Santa Cruz,2020-12-15,2,2,2,2,0,0,0,0,2,2,0,0,2,2,California
Santa Cruz,2020-12-16,58,60,58,60,0,0,0,0,58,60,0,0,58,60,California
Santa Cruz,2020-12-17,389,449,389,449,0,0,0,0,389,449,0,0,389,449,California
Santa Cruz,2020-12-18,464,913,464,913,0,0,0,0,464,913,0,0,464,913,California
Santa Cruz,2020-12-19,179,1092,178,1091,1,1,0,0,179,1092,0,0,179,1092,California
Santa Cruz,2020-12-20,95,1187,95,1186,0,1,0,0,95,1187,0,0,95,1187,California
Santa Cruz,2020-12-21,437,1624,437,1623,0,1,0,0,437,1624,0,0,437,1624,California
Santa Cruz,2020-12-22,424,2048,423,2046,1,2,0,0,424,2048,0,0,424,2048,California
Santa Cruz,2020-12-23,372,2420,329,2375,43,45,0,0,372,2420,0,0,372,2420,California
Santa Cruz,2020-12-24,125,2545,49,2424,76,121,0,0,125,2545,0,0,125,2545,California
Santa Cruz,2020-12-25,11,2556,11,2435,0,121,0,0,11,2556,0,0,11,2556,California
Santa Cruz,2020-12-26,64,2620,45,2480,19,140,0,0,64,2620,0,0,64,2620,California
Santa Cruz,2020-12-27,32,2652,27,2507,5,145,0,0,32,2652,0,0,32,2652,California
Santa Cruz,2020-12-28,485,3137,108,2615,377,522,0,0,485,3137,0,0,485,3137,California
Santa Cruz,2020-12-29,798,3935,369,2984,429,951,0,0,798,3935,0,0,798,3935,California
Santa Cruz,2020-12-30,356,4291,164,3148,192,1143,0,0,356,4291,0,0,356,4291,California
Santa Cruz,2020-12-31,313,4604,11,3159,302,1445,0,0,313,4604,0,0,313,4604,California
Santa Cruz,2021-01-01,33,4637,1,3160,32,1477,0,0,33,4637,0,0,33,4637,California
Santa Cruz,2021-01-02,71,4708,57,3217,14,1491,0,0,71,4708,0,0,71,4708,California
Santa Cruz,2021-01-03,15,4723,7,3224,8,1499,0,0,15,4723,0,0,15,4723,California
Santa Cruz,2021-01-04,281,5004,123,3347,158,1657,0,0,279,5002,0,0,279,5002,California
Santa Cruz,2021-01-05,566,5570,429,3776,137,1794,0,0,264,4964,302,302,264,5266,California
Santa Cruz,2021-01-06,803,6373,670,4446,133,1927,0,0,464,5090,338,640,464,5730,California
Santa Cruz,2021-01-07,538,6911,211,4657,327,2254,0,0,385,5323,153,793,386,6116,California
Santa Cruz,2021-01-08,936,7847,562,5219,374,2628,0,0,488,5364,448,1241,489,6605,California
Santa Cruz,2021-01-09,464,8311,123,5342,341,2969,0,0,410,5720,54,1295,410,7015,California
Santa Cruz,2021-01-10,80,8391,70,5412,10,2979,0,0,21,5682,59,1354,21,7036,California
Santa Cruz,2021-01-11,726,9117,592,6004,134,3113,0,0,191,5339,535,1889,192,7228,California
Santa Cruz,2021-01-12,736,9853,532,6536,204,3317,0,0,493,5589,243,2132,493,7721,California
Santa Cruz,2021-01-13,525,10378,228,6764,297,3614,0,0,441,5949,81,2213,441,8162,California
Santa Cruz,2021-01-14,559,10937,103,6867,456,4070,0,0,493,6376,66,2279,493,8655,California
Santa Cruz,2021-01-15,1458,12395,77,6944,1381,5451,0,0,1393,7707,64,2343,1395,10050,California
Santa Cruz,2021-01-16,426,12821,53,6997,373,5824,0,0,407,8095,19,2362,407,10457,California
Santa Cruz,2021-01-17,297,13118,41,7038,256,6080,0,0,272,8342,25,2387,272,10729,California
Santa Cruz,2021-01-18,1016,14134,106,7144,910,6990,0,0,954,9234,62,2449,954,11683,California
Santa Cruz,2021-01-19,1623,15757,525,7669,1098,8088,0,0,1270,10154,351,2800,1271,12954,California
Santa Cruz,2021-01-20,1241,16998,182,7851,1059,9147,0,0,1045,11006,193,2993,1045,13999,California
Santa Cruz,2021-01-21,1711,18709,201,8052,1510,10657,0,0,1603,12503,108,3101,1605,15604,California
Santa Cruz,2021-01-22,1800,20509,532,8584,1268,11925,0,0,1698,14103,99,3200,1699,17303,California
Santa Cruz,2021-01-23,402,20911,147,8731,255,12180,0,0,342,14386,59,3259,342,17645,California
Santa Cruz,2021-01-24,116,21027,21,8752,95,12275,0,0,98,14466,18,3277,98,17743,California
Santa Cruz,2021-01-25,1064,22091,362,9114,702,12977,0,0,553,14508,511,3788,553,18296,California
Santa Cruz,2021-01-26,1696,23787,249,9363,1447,14424,0,0,1183,15178,513,4301,1183,19479,California
Santa Cruz,2021-01-27,1653,25440,449,9812,1204,15628,0,0,1269,16065,382,4683,1269,20748,California
Santa Cruz,2021-01-28,1752,27192,291,10103,1461,17089,0,0,1475,17264,277,4960,1476,22224,California
Santa Cruz,2021-01-29,1736,28928,490,10593,1246,18335,0,0,1606,18741,129,5089,1606,23830,California
Santa Cruz,2021-01-30,1060,29988,309,10902,751,19086,0,0,926,19533,134,5223,926,24756,California
Santa Cruz,2021-01-31,222,30210,113,11015,109,19195,0,0,208,19727,14,5237,208,24964,California
Santa Cruz,2021-02-01,1235,31445,761,11776,474,19669,0,0,828,20148,407,5644,828,25792,California
Santa Cruz,2021-02-02,1010,32455,128,11904,882,20551,0,0,856,20851,153,5797,856,26648,California
Santa Cruz,2021-02-03,2239,34694,962,12866,1277,21828,0,0,1924,22464,311,6108,1924,28572,California
Santa Cruz,2021-02-04,1855,36549,774,13640,1081,22909,0,0,1517,23644,337,6445,1517,30089,California
Santa Cruz,2021-02-05,3172,39721,793,14433,2379,25288,0,0,2851,26175,320,6765,2851,32940,California
Santa Cruz,2021-02-06,2588,42309,163,14596,2425,27713,0,0,2242,28071,346,7111,2242,35182,California
Santa Cruz,2021-02-07,909,43218,122,14718,787,28500,0,0,891,28944,18,7129,891,36073,California
Santa Cruz,2021-02-08,717,43935,203,14921,514,29014,0,0,516,29260,200,7329,516,36589,California
Santa Cruz,2021-02-09,2377,46312,1056,15977,1321,30335,0,0,2109,31105,264,7593,2109,38698,California
Santa Cruz,2021-02-10,2203,48515,580,16557,1623,31958,0,0,1502,31916,692,8285,1503,40201,California
Santa Cruz,2021-02-11,1861,50376,318,16875,1543,33501,0,0,1332,32721,527,8812,1332,41533,California
Santa Cruz,2021-02-12,3228,53604,421,17296,2807,36308,0,0,1819,33142,1400,10212,1821,43354,California
Santa Cruz,2021-02-13,1713,55317,124,17420,1589,37897,0,0,1299,34027,414,10626,1299,44653,California
Santa Cruz,2021-02-14,1411,56728,70,17490,1341,39238,0,0,1147,34910,264,10890,1147,45800,California
Santa Cruz,2021-02-15,1585,58313,281,17771,1304,40542,0,0,567,34460,1018,11908,568,46368,California
Santa Cruz,2021-02-16,1698,60011,208,17979,1490,42032,0,0,539,33862,1137,13045,539,46907,California
Santa Cruz,2021-02-17,2923,62934,977,18956,1946,43978,0,0,1218,33391,1692,14737,1221,48128,California
Santa Cruz,2021-02-18,2883,65817,638,19594,2245,46223,0,0,1232,32976,1647,16384,1232,49360,California
Santa Cruz,2021-02-19,3273,69090,1148,20742,2125,48348,0,0,2012,33730,1258,17642,2012,51372,California
Santa Cruz,2021-02-20,2388,71478,1500,22242,888,49236,0,0,1892,35126,496,18138,1892,53264,California
Santa Cruz,2021-02-21,831,72309,364,22606,467,49703,0,0,703,35703,126,18264,703,53967,California
Santa Cruz,2021-02-22,1259,73568,967,23573,292,49995,0,0,535,35516,722,18986,535,54502,California
Santa Cruz,2021-02-23,2100,75668,938,24511,1162,51157,0,0,710,34837,1389,20375,710,55212,California
Santa Cruz,2021-02-24,3196,78864,1674,26185,1522,52679,0,0,1217,34079,1975,22350,1217,56429,California
Santa Cruz,2021-02-25,3250,82114,1438,27623,1812,54491,0,0,1786,34409,1457,23807,1787,58216,California
Santa Cruz,2021-02-26,2730,84844,767,28390,1963,56454,0,0,1553,34791,1173,24980,1555,59771,California
Santa Cruz,2021-02-27,2635,87479,932,29322,1703,58157,0,0,1834,35826,799,25779,1834,61605,California
Santa Cruz,2021-02-28,1302,88781,361,29683,941,59098,0,0,1086,36699,213,25992,1086,62691,California
Santa Cruz,2021-03-01,1830,90611,1255,30938,575,59673,0,0,690,36252,1137,27129,690,63381,California
Santa Cruz,2021-03-02,1537,92148,362,31300,1175,60848,0,0,860,36440,675,27804,863,64244,California
Santa Cruz,2021-03-03,2371,94519,633,31933,1738,62586,0,0,1300,36672,1068,28872,1300,65544,California
Santa Cruz,2021-03-04,3019,97538,1416,33349,1602,64188,1,1,2034,37734,974,29846,2036,67580,California
Santa Cruz,2021-03-05,2617,100155,488,33837,2111,66299,18,19,1135,37408,1479,31325,1153,68733,California
Santa Cruz,2021-03-06,3874,104029,1348,35185,2421,68720,105,124,2161,37959,1713,33038,2264,70997,California
Santa Cruz,2021-03-07,1348,105377,129,35314,1145,69865,74,198,557,37800,790,33828,631,71628,California
Santa Cruz,2021-03-08,1085,106462,219,35533,737,70602,129,327,653,38151,431,34259,782,72410,California
Santa Cruz,2021-03-09,1775,108237,244,35777,1384,71986,147,474,701,37927,1072,35331,848,73258,California
Santa Cruz,2021-03-10,3866,112103,2093,37870,1623,73609,150,624,1997,38209,1867,37198,2149,75407,California
Santa Cruz,2021-03-11,2809,114912,1220,39090,1414,75023,175,799,1547,38672,1261,38459,1724,77131,California
Santa Cruz,2021-03-12,2768,117680,892,39982,1582,76605,294,1093,912,38025,1852,40311,1205,78336,California
Santa Cruz,2021-03-13,2316,119996,1336,41318,936,77541,44,1137,1181,38120,1132,41443,1227,79563,California
Santa Cruz,2021-03-14,907,120903,217,41535,676,78217,14,1151,441,38110,464,41907,454,80017,California
Santa Cruz,2021-03-15,1359,122262,483,42018,840,79057,36,1187,585,37961,771,42678,622,80639,California
Santa Cruz,2021-03-16,2319,124581,1089,43107,1188,80245,42,1229,1340,38367,975,43653,1381,82020,California
Santa Cruz,2021-03-17,3872,128453,2236,45343,1626,81871,10,1239,2518,39548,1350,45003,2531,84551,California
Santa Cruz,2021-03-18,3869,132322,2094,47437,1655,83526,120,1359,2065,39932,1801,46804,2185,86736,California
Santa Cruz,2021-03-19,3285,135607,1325,48762,1735,85261,225,1584,1653,40183,1627,48431,1878,88614,California
Santa Cruz,2021-03-20,2172,137779,1615,50377,520,85781,37,1621,1097,40245,1072,49503,1134,89748,California
Santa Cruz,2021-03-21,828,138607,441,50818,265,86046,122,1743,445,40432,381,49884,568,90316,California
Santa Cruz,2021-03-22,1379,139986,852,51670,504,86550,23,1766,946,40972,430,50314,970,91286,California
Santa Cruz,2021-03-23,2569,142555,1445,53115,1074,87624,50,1816,1713,41881,854,51168,1763,93049,California
Santa Cruz,2021-03-24,3036,145591,2040,55155,975,88599,21,1837,1999,42868,1032,52200,2019,95068,California
Santa Cruz,2021-03-25,2655,148246,1334,56489,1285,89884,36,1873,1358,42972,1290,53490,1394,96462,California
Santa Cruz,2021-03-26,3040,151286,1836,58325,1177,91061,27,1900,2055,44076,978,54468,2082,98544,California
Santa Cruz,2021-03-27,3241,154527,2015,60340,1201,92262,25,1925,1530,43930,1702,56170,1556,100100,California
Santa Cruz,2021-03-28,934,155461,573,60913,347,92609,14,1939,497,44008,433,56603,511,100611,California
Santa Cruz,2021-03-29,1981,157442,886,61799,1027,93636,68,2007,1281,44660,697,57300,1349,101960,California
Santa Cruz,2021-03-30,2732,160174,821,62620,1748,95384,163,2170,1756,45606,973,58273,1919,103879,California
Santa Cruz,2021-03-31,4093,164267,2739,65359,1306,96690,48,2218,2107,45780,1982,60255,2156,106035,California
Santa Cruz,2021-04-01,4069,168336,2175,67534,1787,98477,107,2325,2071,45965,1993,62248,2178,108213,California
Santa Cruz,2021-04-02,3180,171516,1431,68965,1567,100044,182,2507,1770,46512,1405,63653,1952,110165,California
Santa Cruz,2021-04-03,2264,173780,1234,70199,895,100939,135,2642,892,46168,1370,65023,1026,111191,California
Santa Cruz,2021-04-04,939,174719,491,70690,393,101332,55,2697,551,46387,388,65411,607,111798,California
Santa Cruz,2021-04-05,2278,176997,795,71485,1313,102645,170,2867,1408,47097,869,66280,1579,113377,California
Santa Cruz,2021-04-06,3418,180415,1657,73142,1378,104023,383,3250,1980,48030,1428,67708,2361,115738,California
Santa Cruz,2021-04-07,4167,184582,1640,74782,2162,106185,365,3615,1873,47977,2290,69998,2237,117975,California
Santa Cruz,2021-04-08,4274,188856,2353,77135,1403,107588,518,4133,2516,49259,1750,71748,3032,121007,California
Santa Cruz,2021-04-09,3576,192432,1511,78646,1663,109251,402,4535,1966,50023,1605,73353,2369,123376,California
Santa Cruz,2021-04-10,2266,194698,1093,79739,921,110172,252,4787,1070,50153,1191,74544,1321,124697,California
Santa Cruz,2021-04-11,994,195692,519,80258,383,110555,92,4879,480,50210,514,75058,571,125268,California
Santa Cruz,2021-04-12,2290,197982,820,81078,1039,111594,431,5310,1088,50542,1186,76244,1518,126786,California
Santa Cruz,2021-04-13,2907,200889,1468,82546,1437,113031,2,5312,1638,50918,1264,77508,1640,128426,California
Santa Cruz,2021-04-14,4647,205536,2264,84810,2383,115414,0,5312,2383,51047,2256,79764,2385,130811,California
Santa Cruz,2021-04-15,5012,210548,3195,88005,1817,117231,0,5312,3166,52378,1835,81599,3166,133977,California
Santa Cruz,2021-04-16,4434,214982,2550,90555,1882,119113,2,5314,2473,52900,1954,83553,2476,136453,California
Santa Cruz,2021-04-17,2277,217259,897,91452,1380,120493,0,5314,1513,53651,762,84315,1513,137966,California
Santa Cruz,2021-04-18,1079,218338,519,91971,559,121052,1,5315,602,53779,475,84790,603,138569,California
Santa Cruz,2021-04-19,2440,220778,1529,93500,910,121962,1,5316,1507,54356,930,85720,1507,140076,California
Santa Cruz,2021-04-20,3121,223899,1691,95191,1430,123392,0,5316,1766,54780,1343,87063,1767,141843,California
Santa Cruz,2021-04-21,4289,228188,2903,98094,1386,124778,0,5316,2418,55342,1856,88919,2418,144261,California
Santa Cruz,2021-04-22,4350,232538,2935,101029,1415,126193,0,5316,2448,55898,1892,90811,2448,146709,California
Santa Cruz,2021-04-23,3087,235625,1747,102776,1339,127532,1,5317,1391,55604,1686,92497,1392,148101,California
Santa Cruz,2021-04-24,2255,237880,1086,103862,1166,128698,3,5320,695,54751,1551,94048,698,148799,California
Santa Cruz,2021-04-25,1097,238977,701,104563,384,129082,12,5332,452,54577,637,94685,463,149262,California
Santa Cruz,2021-04-26,1777,240754,910,105473,853,129935,14,5346,673,54171,1094,95779,688,149950,California
Santa Cruz,2021-04-27,2772,243526,852,106325,1854,131789,66,5412,1383,54236,1384,97163,1449,151399,California
Santa Cruz,2021-04-28,3445,246971,1912,108237,1458,133247,75,5487,1811,54497,1622,98785,1883,153282,California
Santa Cruz,2021-04-29,3745,250716,2487,110724,1195,134442,63,5550,1295,53419,2437,101222,1359,154641,California
Santa Cruz,2021-04-30,2272,252988,1221,111945,1008,135450,43,5593,1014,53227,1250,102472,1058,155699,California
Santa Cruz,2021-05-01,1306,254294,1039,112984,234,135684,33,5626,605,53166,699,103171,638,156337,California
Santa Cruz,2021-05-02,639,254933,465,113449,149,135833,25,5651,202,52957,437,103608,228,156565,California
Santa Cruz,2021-05-03,1883,256816,989,114438,828,136661,66,5717,622,52396,1250,104858,689,157254,California
Santa Cruz,2021-05-04,2699,259515,1574,116012,1053,137714,72,5789,867,51506,1828,106686,938,158192,California
Santa Cruz,2021-05-05,2698,262213,1323,117335,1313,139027,62,5851,657,50227,2002,108688,723,158915,California
Santa Cruz,2021-05-06,3783,265996,2402,119737,1159,140186,222,6073,825,48330,2941,111629,1044,159959,California
Santa Cruz,2021-05-07,2764,268760,1293,121030,1394,141580,77,6150,514,46675,2247,113876,592,160551,California
Santa Cruz,2021-05-08,1354,270114,685,121715,639,142219,30,6180,366,46087,986,114862,398,160949,California
Santa Cruz,2021-05-09,502,270616,337,122052,144,142363,21,6201,144,45894,358,115220,165,161114,California
Santa Cruz,2021-05-10,1443,272059,1147,123199,232,142595,64,6265,376,45273,1062,116282,441,161555,California
Santa Cruz,2021-05-11,1443,273502,1128,124327,277,142872,38,6303,540,44949,901,117183,577,162132,California
Santa Cruz,2021-05-12,1835,275337,902,125229,907,143779,26,6329,261,43667,1570,118753,288,162420,California
Shasta,2020-12-16,131,131,131,131,0,0,0,0,131,131,0,0,131,131,California
Shasta,2020-12-17,418,549,418,549,0,0,0,0,418,549,0,0,418,549,California
Shasta,2020-12-18,166,715,166,715,0,0,0,0,166,715,0,0,166,715,California
Shasta,2020-12-19,1,716,1,716,0,0,0,0,1,716,0,0,1,716,California
Shasta,2020-12-21,79,795,79,795,0,0,0,0,79,795,0,0,79,795,California
Shasta,2020-12-22,191,986,186,981,5,5,0,0,191,986,0,0,191,986,California
Shasta,2020-12-23,173,1159,169,1150,4,9,0,0,173,1159,0,0,173,1159,California
Shasta,2020-12-24,18,1177,18,1168,0,9,0,0,18,1177,0,0,18,1177,California
Shasta,2020-12-26,4,1181,1,1169,3,12,0,0,4,1181,0,0,4,1181,California
Shasta,2020-12-27,1,1182,0,1169,1,13,0,0,1,1182,0,0,1,1182,California
Shasta,2020-12-28,40,1222,31,1200,9,22,0,0,40,1222,0,0,40,1222,California
Shasta,2020-12-29,186,1408,185,1385,1,23,0,0,186,1408,0,0,186,1408,California
Shasta,2020-12-30,178,1586,168,1553,10,33,0,0,178,1586,0,0,178,1586,California
Shasta,2020-12-31,83,1669,2,1555,81,114,0,0,83,1669,0,0,83,1669,California
Shasta,2021-01-02,2,1671,0,1555,2,116,0,0,2,1671,0,0,2,1671,California
Shasta,2021-01-03,1,1672,1,1556,0,116,0,0,1,1672,0,0,1,1672,California
Shasta,2021-01-04,372,2044,306,1862,66,182,0,0,373,2045,0,0,373,2045,California
Shasta,2021-01-05,335,2379,314,2176,21,203,0,0,254,2218,81,81,254,2299,California
Shasta,2021-01-06,466,2845,395,2571,71,274,0,0,204,2161,261,342,204,2503,California
Shasta,2021-01-07,125,2970,36,2607,89,363,0,0,104,2244,21,363,104,2607,California
Shasta,2021-01-08,525,3495,448,3055,77,440,0,0,317,2353,208,571,317,2924,California
Shasta,2021-01-09,72,3567,63,3118,9,449,0,0,70,2421,2,573,70,2994,California
Shasta,2021-01-10,5,3572,0,3118,5,454,0,0,4,2425,1,574,5,2999,California
Shasta,2021-01-11,406,3978,184,3302,222,676,0,0,371,2761,35,609,371,3370,California
Shasta,2021-01-12,484,4462,327,3629,157,833,0,0,310,2897,174,783,310,3680,California
Shasta,2021-01-13,599,5061,267,3896,332,1165,0,0,430,3158,169,952,430,4110,California
Shasta,2021-01-14,499,5560,51,3947,448,1613,0,0,481,3621,18,970,481,4591,California
Shasta,2021-01-15,692,6252,136,4083,556,2169,0,0,690,4309,2,972,690,5281,California
Shasta,2021-01-16,897,7149,54,4137,843,3012,0,0,894,5200,3,975,894,6175,California
Shasta,2021-01-17,27,7176,6,4143,21,3033,0,0,23,5219,4,979,23,6198,California
Shasta,2021-01-18,599,7775,129,4272,470,3503,0,0,591,5802,8,987,591,6789,California
Shasta,2021-01-19,1058,8833,398,4670,660,4163,0,0,910,6564,148,1135,910,7699,California
Shasta,2021-01-20,679,9512,411,5081,268,4431,0,0,494,6878,180,1315,494,8193,California
Shasta,2021-01-21,632,10144,279,5360,353,4784,0,0,609,7464,23,1338,609,8802,California
Shasta,2021-01-22,445,10589,171,5531,274,5058,0,0,439,7897,6,1344,439,9241,California
Shasta,2021-01-23,68,10657,5,5536,63,5121,0,0,67,7963,1,1345,67,9308,California
Shasta,2021-01-24,25,10682,2,5538,23,5144,0,0,24,7986,1,1346,24,9332,California
Shasta,2021-01-25,750,11432,491,6029,259,5403,0,0,464,8165,285,1631,464,9796,California
Shasta,2021-01-26,710,12142,333,6362,377,5780,0,0,476,8409,232,1863,476,10272,California
Shasta,2021-01-27,459,12601,179,6541,280,6060,0,0,410,8770,49,1912,410,10682,California
Shasta,2021-01-28,886,13487,576,7117,310,6370,0,0,664,9212,222,2134,664,11346,California
Shasta,2021-01-29,831,14318,330,7447,501,6871,0,0,641,9664,190,2324,642,11988,California
Shasta,2021-01-30,615,14933,14,7461,601,7472,0,0,606,10261,9,2333,606,12594,California
Shasta,2021-01-31,28,14961,4,7465,24,7496,0,0,26,10285,2,2335,26,12620,California
Shasta,2021-02-01,530,15491,148,7613,382,7878,0,0,386,10527,144,2479,386,13006,California
Shasta,2021-02-02,990,16481,501,8114,489,8367,0,0,898,11335,90,2569,898,13904,California
Shasta,2021-02-03,719,17200,210,8324,509,8876,0,0,485,11586,234,2803,485,14389,California
Shasta,2021-02-04,1094,18294,674,8998,420,9296,0,0,901,12295,192,2995,901,15290,California
Shasta,2021-02-05,1240,19534,164,9162,1076,10372,0,0,1033,13122,206,3201,1033,16323,California
Shasta,2021-02-06,1744,21278,41,9203,1703,12075,0,0,1721,14820,23,3224,1721,18044,California
Shasta,2021-02-07,26,21304,3,9206,23,12098,0,0,24,14842,2,3226,24,18068,California
Shasta,2021-02-08,596,21900,167,9373,429,12527,0,0,306,14858,290,3516,306,18374,California
Shasta,2021-02-09,1124,23024,654,10027,470,12997,0,0,732,15198,392,3908,732,19106,California
Shasta,2021-02-10,1124,24148,788,10815,336,13333,0,0,599,15272,526,4434,600,19706,California
Shasta,2021-02-11,886,25034,186,11001,700,14033,0,0,364,15119,517,4951,364,20070,California
Shasta,2021-02-12,1727,26761,1146,12147,581,14614,0,0,1176,15744,551,5502,1176,21246,California
Shasta,2021-02-13,1382,28143,368,12515,1014,15628,0,0,570,15502,813,6315,571,21817,California
Shasta,2021-02-14,150,28293,4,12519,146,15774,0,0,126,15604,24,6339,126,21943,California
Shasta,2021-02-15,380,28673,90,12609,290,16064,0,0,211,15646,169,6508,211,22154,California
Shasta,2021-02-16,1194,29867,520,13129,674,16738,0,0,421,15295,772,7280,421,22575,California
Shasta,2021-02-17,1034,30901,438,13567,596,17334,0,0,414,15089,620,7900,414,22989,California
Shasta,2021-02-18,947,31848,466,14033,481,17815,0,0,460,15062,487,8387,460,23449,California
Shasta,2021-02-19,1328,33176,935,14968,393,18208,0,0,861,15456,467,8854,861,24310,California
Shasta,2021-02-20,802,33978,89,15057,713,18921,0,0,303,15260,499,9353,303,24613,California
Shasta,2021-02-21,31,34009,2,15059,29,18950,0,0,9,15247,22,9375,9,24622,California
Shasta,2021-02-22,427,34436,74,15133,353,19303,0,0,178,15177,248,9623,178,24800,California
Shasta,2021-02-23,911,35347,471,15604,440,19743,0,0,325,14916,586,10209,325,25125,California
Shasta,2021-02-24,890,36237,508,16112,382,20125,0,0,273,14573,616,10825,273,25398,California
Shasta,2021-02-25,517,36754,161,16273,356,20481,0,0,163,14383,353,11178,163,25561,California
Shasta,2021-02-26,790,37544,94,16367,696,21177,0,0,330,14255,458,11636,330,25891,California
Shasta,2021-02-27,828,38372,27,16394,801,21978,0,0,188,13805,638,12274,188,26079,California
Shasta,2021-02-28,176,38548,4,16398,172,22150,0,0,126,13881,50,12324,126,26205,California
Shasta,2021-03-01,584,39132,59,16457,525,22675,0,0,295,13888,288,12612,295,26500,California
Shasta,2021-03-02,1025,40157,473,16930,552,23227,0,0,336,13537,687,13299,336,26836,California
Shasta,2021-03-03,666,40823,167,17097,499,23726,0,0,243,13357,423,13722,243,27079,California
Shasta,2021-03-04,3022,43845,2412,19509,610,24336,0,0,1792,13921,1229,14951,1793,28872,California
Shasta,2021-03-05,1542,45387,162,19671,1351,25687,29,29,794,13995,749,15700,823,29695,California
Shasta,2021-03-06,2744,48131,387,20058,2310,27997,47,76,857,13014,1885,17585,904,30599,California
Shasta,2021-03-07,91,48222,3,20061,56,28053,32,108,37,13029,54,17639,69,30668,California
Shasta,2021-03-08,568,48790,46,20107,383,28436,139,247,155,12912,411,18050,294,30962,California
Shasta,2021-03-09,1254,50044,594,20701,482,28918,178,425,698,13231,556,18606,875,31837,California
Shasta,2021-03-10,801,50845,258,20959,341,29259,202,627,136,12904,664,19270,337,32174,California
Shasta,2021-03-11,1475,52320,471,21430,732,29991,272,899,940,13584,532,19802,1212,33386,California
Shasta,2021-03-12,1530,53850,833,22263,448,30439,249,1148,398,13098,1131,20933,645,34031,California
Shasta,2021-03-13,758,54608,425,22688,232,30671,101,1249,475,13390,282,21215,574,34605,California
Shasta,2021-03-14,1019,55627,8,22696,989,31660,22,1271,881,14156,138,21353,904,35509,California
Shasta,2021-03-15,498,56125,35,22731,363,32023,100,1371,210,14177,288,21641,309,35818,California
Shasta,2021-03-16,1132,57257,147,22878,918,32941,67,1438,849,14810,283,21924,916,36734,California
Shasta,2021-03-17,734,57991,191,23069,485,33426,58,1496,395,14930,333,22257,453,37187,California
Shasta,2021-03-18,1542,59533,586,23655,852,34278,104,1600,1116,15728,422,22679,1220,38407,California
Shasta,2021-03-19,648,60181,196,23851,396,34674,56,1656,415,15967,232,22911,471,38878,California
Shasta,2021-03-20,748,60929,490,24341,244,34918,14,1670,600,16433,148,23059,614,39492,California
Shasta,2021-03-21,312,61241,297,24638,4,34922,11,1681,286,16705,25,23084,297,39789,California
Shasta,2021-03-22,347,61588,37,24675,274,35196,36,1717,199,16793,147,23231,235,40024,California
Shasta,2021-03-23,1310,62898,651,25326,600,35796,59,1776,758,17063,547,23778,817,40841,California
Shasta,2021-03-24,607,63505,156,25482,414,36210,37,1813,365,17224,241,24019,402,41243,California
Shasta,2021-03-25,1137,64642,452,25934,664,36874,21,1834,822,17756,312,24331,844,42087,California
Shasta,2021-03-26,1837,66479,1405,27339,402,37276,30,1864,1478,18906,359,24690,1509,43596,California
Shasta,2021-03-27,1595,68074,407,27746,317,37593,871,2735,576,19333,1017,25707,1444,45040,California
Shasta,2021-03-28,405,68479,299,28045,96,37689,10,2745,302,19544,101,25808,312,45352,California
Shasta,2021-03-29,418,68897,40,28085,366,38055,12,2757,164,19467,253,26061,176,45528,California
Shasta,2021-03-30,1245,70142,766,28851,462,38517,17,2774,626,19494,616,26677,643,46171,California
Shasta,2021-03-31,619,70761,207,29058,407,38924,5,2779,383,19651,231,26908,388,46559,California
Shasta,2021-04-01,890,71651,246,29304,632,39556,12,2791,572,19918,317,27225,584,47143,California
Shasta,2021-04-02,753,72404,201,29505,500,40056,52,2843,414,20047,337,27562,466,47609,California
Shasta,2021-04-03,514,72918,361,29866,134,40190,19,2862,389,20330,125,27687,408,48017,California
Shasta,2021-04-04,288,73206,174,30040,94,40284,20,2882,214,20490,74,27761,234,48251,California
Shasta,2021-04-05,442,73648,68,30108,311,40595,63,2945,255,20621,187,27948,318,48569,California
Shasta,2021-04-06,1165,74813,486,30594,504,41099,175,3120,542,20718,619,28567,716,49285,California
Shasta,2021-04-07,653,75466,213,30807,277,41376,163,3283,256,20743,393,28960,418,49703,California
Shasta,2021-04-08,1139,76605,259,31066,726,42102,154,3437,230,20220,906,29866,383,50086,California
Shasta,2021-04-09,2581,79186,2062,33128,310,42412,209,3646,2004,21863,568,30434,2211,52297,California
Shasta,2021-04-10,878,80064,592,33720,157,42569,129,3775,265,21643,613,31047,393,52690,California
Shasta,2021-04-11,1250,81314,395,34115,835,43404,20,3795,143,20703,1103,32150,163,52853,California
Shasta,2021-04-12,338,81652,8,34123,268,43672,62,3857,97,20621,240,32390,158,53011,California
Shasta,2021-04-13,1257,82909,366,34489,889,44561,2,3859,340,20049,913,33303,341,53352,California
Shasta,2021-04-14,601,83510,142,34631,457,45018,2,3861,222,19895,378,33681,224,53576,California
Shasta,2021-04-15,1070,84580,259,34890,811,45829,0,3861,303,19434,764,34445,303,53879,California
Shasta,2021-04-16,2344,86924,1849,36739,495,46324,0,3861,938,18968,1404,35849,938,54817,California
Shasta,2021-04-17,643,87567,411,37150,232,46556,0,3861,192,18709,451,36300,192,55009,California
Shasta,2021-04-18,266,87833,241,37391,25,46581,0,3861,33,18511,231,36531,33,55042,California
Shasta,2021-04-19,381,88214,29,37420,352,46933,0,3861,162,18454,219,36750,162,55204,California
Shasta,2021-04-20,1014,89228,257,37677,757,47690,0,3861,379,18199,634,37384,379,55583,California
Shasta,2021-04-21,609,89837,223,37900,386,48076,0,3861,307,18205,301,37685,307,55890,California
Shasta,2021-04-22,961,90798,284,38184,677,48753,0,3861,301,17848,658,38343,301,56191,California
Shasta,2021-04-23,661,91459,266,38450,395,49148,0,3861,329,17846,331,38674,329,56520,California
Shasta,2021-04-24,596,92055,360,38810,236,49384,0,3861,106,17462,490,39164,106,56626,California
Shasta,2021-04-25,212,92267,182,38992,29,49413,1,3862,38,17327,174,39338,39,56665,California
Shasta,2021-04-26,465,92732,50,39042,410,49823,5,3867,330,17528,133,39471,334,56999,California
Shasta,2021-04-27,512,93244,171,39213,305,50128,36,3903,288,17629,221,39692,322,57321,California
Shasta,2021-04-28,574,93818,155,39368,386,50514,33,3936,250,17587,324,40016,282,57603,California
Shasta,2021-04-29,782,94600,120,39488,639,51153,23,3959,185,17199,596,40612,208,57811,California
Shasta,2021-04-30,2266,96866,1839,41327,396,51549,31,3990,270,15504,1996,42608,301,58112,California
Shasta,2021-05-01,223,97089,20,41347,127,51676,76,4066,95,15547,128,42736,171,58283,California
Shasta,2021-05-02,46,97135,16,41363,17,51693,13,4079,19,15552,27,42763,32,58315,California
Shasta,2021-05-03,349,97484,93,41456,230,51923,26,4105,111,15452,237,43000,137,58452,California
Shasta,2021-05-04,500,97984,175,41631,290,52213,35,4140,240,15470,257,43257,275,58727,California
Shasta,2021-05-05,426,98410,137,41768,270,52483,19,4159,194,15452,231,43488,213,58940,California
Shasta,2021-05-06,682,99092,263,42031,383,52866,36,4195,294,15402,380,43868,330,59270,California
Shasta,2021-05-07,1094,100186,732,42763,322,53188,40,4235,294,14936,800,44668,334,59604,California
Shasta,2021-05-08,168,100354,81,42844,77,53265,10,4245,98,14976,68,44736,108,59712,California
Shasta,2021-05-09,72,100426,17,42861,47,53312,8,4253,37,14986,35,44771,45,59757,California
Shasta,2021-05-10,244,100670,24,42885,176,53488,44,4297,111,15008,133,44904,155,59912,California
Shasta,2021-05-11,415,101085,144,43029,146,53634,125,4422,143,15005,271,45175,268,60180,California
Shasta,2021-05-12,169,101254,69,43098,94,53728,6,4428,56,14954,113,45288,62,60242,California
Sierra,2020-12-18,1,1,1,1,0,0,0,0,1,1,0,0,1,1,California
Sierra,2020-12-21,2,3,2,3,0,0,0,0,2,3,0,0,2,3,California
Sierra,2020-12-22,12,15,12,15,0,0,0,0,12,15,0,0,12,15,California
Sierra,2020-12-23,4,19,4,19,0,0,0,0,4,19,0,0,4,19,California
Sierra,2020-12-28,1,20,0,19,1,1,0,0,1,20,0,0,1,20,California
Sierra,2020-12-29,49,69,7,26,42,43,0,0,49,69,0,0,49,69,California
Sierra,2020-12-30,2,71,0,26,2,45,0,0,2,71,0,0,2,71,California
Sierra,2020-12-31,13,84,0,26,13,58,0,0,13,84,0,0,13,84,California
Sierra,2021-01-01,1,85,1,27,0,58,0,0,1,85,0,0,1,85,California
Sierra,2021-01-05,64,149,2,29,62,120,0,0,64,149,0,0,64,149,California
Sierra,2021-01-06,1,150,1,30,0,120,0,0,1,150,0,0,1,150,California
Sierra,2021-01-07,21,171,1,31,20,140,0,0,20,169,1,1,20,170,California
Sierra,2021-01-08,1,172,1,32,0,140,0,0,1,170,0,1,1,171,California
Sierra,2021-01-11,3,175,3,35,0,140,0,0,0,167,3,4,0,171,California
Sierra,2021-01-12,40,215,12,47,28,168,0,0,28,183,12,16,28,199,California
Sierra,2021-01-13,4,219,3,50,1,169,0,0,1,181,3,19,1,200,California
Sierra,2021-01-14,35,254,2,52,33,202,0,0,35,216,0,19,35,235,California
Sierra,2021-01-15,3,257,1,53,2,204,0,0,3,219,0,19,3,238,California
Sierra,2021-01-18,2,259,0,53,2,206,0,0,2,221,0,19,2,240,California
Sierra,2021-01-19,32,291,0,53,32,238,0,0,32,253,0,19,32,272,California
Sierra,2021-01-20,1,292,1,54,0,238,0,0,1,254,0,19,1,273,California
Sierra,2021-01-21,53,345,0,54,53,291,0,0,53,307,0,19,53,326,California
Sierra,2021-01-22,2,347,0,54,2,293,0,0,2,309,0,19,2,328,California
Sierra,2021-01-23,2,349,0,54,2,295,0,0,2,311,0,19,2,330,California
Sierra,2021-01-26,62,411,0,54,62,357,0,0,24,297,38,57,24,354,California
Sierra,2021-01-27,4,415,4,58,0,357,0,0,0,293,4,61,0,354,California
Sierra,2021-01-28,53,468,0,58,53,410,0,0,43,326,10,71,43,397,California
Sierra,2021-01-29,2,470,0,58,2,412,0,0,2,328,0,71,2,399,California
Sierra,2021-01-30,3,473,3,61,0,412,0,0,2,329,1,72,2,401,California
Sierra,2021-02-01,1,474,0,61,1,413,0,0,0,328,1,73,0,401,California
Sierra,2021-02-02,58,532,1,62,57,470,0,0,19,308,39,112,19,420,California
Sierra,2021-02-03,6,538,5,67,1,471,0,0,5,312,1,113,5,425,California
Sierra,2021-02-04,104,642,6,73,98,569,0,0,55,318,49,162,55,480,California
Sierra,2021-02-05,6,648,4,77,2,571,0,0,5,322,1,163,5,485,California
Sierra,2021-02-09,51,699,0,77,51,622,0,0,48,367,3,166,48,533,California
Sierra,2021-02-10,5,704,2,79,3,625,0,0,4,370,1,167,4,537,California
Sierra,2021-02-11,196,900,1,80,195,820,0,0,134,442,62,229,134,671,California
Sierra,2021-02-12,21,921,0,80,21,841,0,0,20,461,1,230,20,691,California
Sierra,2021-02-13,1,922,1,81,0,841,0,0,1,462,0,230,1,692,California
Sierra,2021-02-15,2,924,2,83,0,841,0,0,0,460,2,232,0,692,California
Sierra,2021-02-16,43,967,0,83,43,884,0,0,10,437,33,265,10,702,California
Sierra,2021-02-17,4,971,0,83,4,888,0,0,1,435,3,268,1,703,California
Sierra,2021-02-18,141,1112,0,83,141,1029,0,0,91,476,50,318,91,794,California
Sierra,2021-02-19,2,1114,1,84,1,1030,0,0,1,476,1,319,1,795,California
Sierra,2021-02-20,2,1116,2,86,0,1030,0,0,0,474,2,321,0,795,California
Sierra,2021-02-22,1,1117,1,87,0,1030,0,0,1,475,0,321,1,796,California
Sierra,2021-02-23,4,1121,0,87,4,1034,0,0,4,479,0,321,4,800,California
Sierra,2021-02-24,4,1125,3,90,1,1035,0,0,3,481,1,322,3,803,California
Sierra,2021-02-25,125,1250,2,92,123,1158,0,0,58,473,66,388,58,861,California
Sierra,2021-02-26,11,1261,6,98,5,1163,0,0,4,470,7,395,4,865,California
Sierra,2021-02-27,2,1263,2,100,0,1163,0,0,0,468,2,397,0,865,California
Sierra,2021-03-01,2,1265,2,102,0,1163,0,0,0,466,2,399,0,865,California
Sierra,2021-03-02,56,1321,0,102,56,1219,0,0,38,486,18,417,38,903,California
Sierra,2021-03-03,2,1323,2,104,0,1219,0,0,1,486,1,418,1,904,California
Sierra,2021-03-04,109,1432,0,104,109,1328,0,0,60,497,49,467,60,964,California
Sierra,2021-03-05,13,1445,1,105,12,1340,0,0,11,506,2,469,11,975,California
Sierra,2021-03-07,1,1446,1,106,0,1340,0,0,0,505,1,470,0,975,California
Sierra,2021-03-08,2,1448,2,108,0,1340,0,0,2,507,0,470,2,977,California
Sierra,2021-03-09,56,1504,0,108,56,1396,0,0,12,475,44,514,12,989,California
Sierra,2021-03-10,6,1510,0,108,6,1402,0,0,4,477,2,516,4,993,California
Sierra,2021-03-11,175,1685,0,108,175,1577,0,0,43,389,131,647,43,1036,California
Sierra,2021-03-12,20,1705,1,109,19,1596,0,0,0,369,20,667,0,1036,California
Sierra,2021-03-13,28,1733,0,109,28,1624,0,0,28,397,0,667,28,1064,California
Sierra,2021-03-14,1,1734,0,109,0,1624,1,1,0,397,1,668,1,1065,California
Sierra,2021-03-15,1,1735,1,110,0,1624,0,1,0,396,1,669,0,1065,California
Sierra,2021-03-16,36,1771,0,110,35,1659,1,2,23,407,13,682,24,1089,California
Sierra,2021-03-17,4,1775,3,113,1,1660,0,2,1,405,3,685,1,1090,California
Sierra,2021-03-18,158,1933,0,113,158,1818,0,2,65,377,93,778,65,1155,California
Sierra,2021-03-19,4,1937,2,115,2,1820,0,2,1,375,3,781,1,1156,California
Sierra,2021-03-20,1,1938,0,115,1,1821,0,2,1,376,0,781,1,1157,California
Sierra,2021-03-23,22,1960,0,115,22,1843,0,2,13,380,9,790,13,1170,California
Sierra,2021-03-24,3,1963,1,116,2,1845,0,2,1,379,2,792,1,1171,California
Sierra,2021-03-25,99,2062,1,117,98,1943,0,2,50,380,49,841,50,1221,California
Sierra,2021-03-26,12,2074,1,118,11,1954,0,2,9,386,3,844,9,1230,California
Sierra,2021-03-27,2,2076,1,119,1,1955,0,2,0,384,2,846,0,1230,California
Sierra,2021-03-29,1,2077,1,120,0,1955,0,2,0,383,1,847,0,1230,California
Sierra,2021-03-30,55,2132,1,121,54,2009,0,2,22,372,33,880,22,1252,California
Sierra,2021-03-31,8,2140,0,121,8,2017,0,2,8,380,0,880,8,1260,California
Sierra,2021-04-01,64,2204,2,123,62,2079,0,2,6,330,56,936,6,1266,California
Sierra,2021-04-02,3,2207,2,125,1,2080,0,2,2,331,1,937,2,1268,California
Sierra,2021-04-04,1,2208,0,125,1,2081,0,2,0,331,0,937,0,1268,California
Sierra,2021-04-05,1,2209,1,126,0,2081,0,2,1,332,0,937,1,1269,California
Sierra,2021-04-06,10,2219,0,126,10,2091,0,2,0,322,10,947,0,1269,California
Sierra,2021-04-07,15,2234,3,129,6,2097,6,8,3,320,11,958,9,1278,California
Sierra,2021-04-08,53,2287,2,131,51,2148,0,8,16,299,37,995,16,1294,California
Sierra,2021-04-09,2,2289,2,133,0,2148,0,8,1,299,1,996,1,1295,California
Sierra,2021-04-10,27,2316,0,133,27,2175,0,8,0,272,27,1023,0,1295,California
Sierra,2021-04-13,46,2362,0,133,46,2221,0,8,5,236,41,1064,5,1300,California
Sierra,2021-04-14,2,2364,1,134,1,2222,0,8,2,238,0,1064,2,1302,California
Sierra,2021-04-15,49,2413,1,135,48,2270,0,8,2,193,47,1111,2,1304,California
Sierra,2021-04-16,1,2414,0,135,1,2271,0,8,1,194,0,1111,1,1305,California
Sierra,2021-04-17,2,2416,1,136,1,2272,0,8,1,194,1,1112,1,1306,California
Sierra,2021-04-19,1,2417,1,137,0,2272,0,8,0,193,1,1113,0,1306,California
Sierra,2021-04-20,34,2451,1,138,33,2305,0,8,7,173,27,1140,7,1313,California
Sierra,2021-04-21,2,2453,1,139,1,2306,0,8,1,173,1,1141,1,1314,California
Sierra,2021-04-22,65,2518,2,141,63,2369,0,8,5,119,59,1200,5,1319,California
Sierra,2021-04-23,13,2531,0,141,13,2382,0,8,5,116,8,1208,5,1324,California
Sierra,2021-04-24,4,2535,0,141,4,2386,0,8,4,120,0,1208,4,1328,California
Sierra,2021-04-27,28,2563,1,142,27,2413,0,8,5,102,23,1231,5,1333,California
Sierra,2021-04-28,10,2573,2,144,8,2421,0,8,1,94,9,1240,1,1334,California
Sierra,2021-04-29,20,2593,2,146,18,2439,0,8,14,102,6,1246,14,1348,California
Sierra,2021-04-30,4,2597,2,148,2,2441,0,8,2,102,2,1248,2,1350,California
Sierra,2021-05-03,2,2599,2,150,0,2441,0,8,1,102,1,1249,1,1351,California
Sierra,2021-05-04,1,2600,0,150,0,2441,1,9,0,102,1,1250,1,1352,California
Sierra,2021-05-05,25,2625,1,151,24,2465,0,9,8,94,16,1266,8,1360,California
Sierra,2021-05-06,1,2626,1,152,0,2465,0,9,0,93,1,1267,0,1360,California
Sierra,2021-05-07,1,2627,1,153,0,2465,0,9,1,94,0,1267,1,1361,California
Sierra,2021-05-08,2,2629,0,153,1,2466,1,10,1,95,1,1268,2,1363,California
Sierra,2021-05-10,1,2630,0,153,0,2466,1,11,0,95,1,1269,1,1364,California
Sierra,2021-05-11,11,2641,0,153,4,2470,7,18,0,91,11,1280,7,1371,California
Sierra,2021-05-12,10,2651,1,154,9,2479,0,18,8,97,2,1282,8,1379,California
Siskiyou,2020-12-16,2,2,2,2,0,0,0,0,2,2,0,0,2,2,California
Siskiyou,2020-12-17,4,6,4,6,0,0,0,0,4,6,0,0,4,6,California
Siskiyou,2020-12-18,2,8,2,8,0,0,0,0,2,8,0,0,2,8,California
Siskiyou,2020-12-19,4,12,4,12,0,0,0,0,4,12,0,0,4,12,California
Siskiyou,2020-12-20,1,13,1,13,0,0,0,0,1,13,0,0,1,13,California
Siskiyou,2020-12-21,132,145,132,145,0,0,0,0,132,145,0,0,132,145,California
Siskiyou,2020-12-22,159,304,159,304,0,0,0,0,159,304,0,0,159,304,California
Siskiyou,2020-12-23,142,446,142,446,0,0,0,0,142,446,0,0,142,446,California
Siskiyou,2020-12-24,5,451,5,451,0,0,0,0,5,451,0,0,5,451,California
Siskiyou,2020-12-26,2,453,0,451,2,2,0,0,2,453,0,0,2,453,California
Siskiyou,2020-12-27,2,455,0,451,2,4,0,0,2,455,0,0,2,455,California
Siskiyou,2020-12-28,3,458,1,452,2,6,0,0,3,458,0,0,3,458,California
Siskiyou,2020-12-29,6,464,2,454,4,10,0,0,6,464,0,0,6,464,California
Siskiyou,2020-12-30,98,562,3,457,95,105,0,0,98,562,0,0,98,562,California
Siskiyou,2020-12-31,12,574,0,457,12,117,0,0,12,574,0,0,12,574,California
Siskiyou,2021-01-02,1,575,1,458,0,117,0,0,1,575,0,0,1,575,California
Siskiyou,2021-01-03,1,576,0,458,1,118,0,0,1,576,0,0,1,576,California
Siskiyou,2021-01-04,130,706,3,461,127,245,0,0,130,706,0,0,130,706,California
Siskiyou,2021-01-05,117,823,4,465,113,358,0,0,116,821,1,1,116,822,California
Siskiyou,2021-01-06,59,882,6,471,53,411,0,0,55,872,4,5,55,877,California
Siskiyou,2021-01-07,178,1060,4,475,174,585,0,0,177,1048,1,6,177,1054,California
Siskiyou,2021-01-08,41,1101,3,478,38,623,0,0,39,1085,2,8,39,1093,California
Siskiyou,2021-01-09,2,1103,2,480,0,623,0,0,0,1083,2,10,0,1093,California
Siskiyou,2021-01-11,226,1329,65,545,161,784,0,0,163,1183,63,73,163,1256,California
Siskiyou,2021-01-12,322,1651,274,819,48,832,0,0,88,1038,234,307,89,1345,California
Siskiyou,2021-01-13,157,1808,137,956,20,852,0,0,23,927,134,441,23,1368,California
Siskiyou,2021-01-14,26,1834,1,957,25,877,0,0,25,951,1,442,25,1393,California
Siskiyou,2021-01-15,35,1869,3,960,32,909,0,0,35,986,0,442,35,1428,California
Siskiyou,2021-01-16,7,1876,2,962,5,914,0,0,7,993,0,442,7,1435,California
Siskiyou,2021-01-17,1,1877,1,963,0,914,0,0,0,992,1,443,0,1435,California
Siskiyou,2021-01-18,77,1954,4,967,73,987,0,0,75,1065,2,445,75,1510,California
Siskiyou,2021-01-19,21,1975,1,968,20,1007,0,0,20,1084,1,446,20,1530,California
Siskiyou,2021-01-20,48,2023,35,1003,13,1020,0,0,43,1123,4,450,43,1573,California
Siskiyou,2021-01-21,42,2065,1,1004,41,1061,0,0,42,1165,0,450,42,1615,California
Siskiyou,2021-01-22,1328,3393,1176,2180,152,1213,0,0,1328,2493,0,450,1328,2943,California
Siskiyou,2021-01-23,5,3398,1,2181,4,1217,0,0,2,2492,3,453,2,2945,California
Siskiyou,2021-01-25,182,3580,8,2189,174,1391,0,0,178,2666,4,457,178,3123,California
Siskiyou,2021-01-26,148,3728,3,2192,145,1536,0,0,140,2798,8,465,140,3263,California
Siskiyou,2021-01-27,181,3909,1,2193,180,1716,0,0,126,2869,55,520,126,3389,California
Siskiyou,2021-01-28,232,4141,118,2311,114,1830,0,0,226,3089,6,526,226,3615,California
Siskiyou,2021-01-29,249,4390,3,2314,246,2076,0,0,247,3334,2,528,247,3862,California
Siskiyou,2021-01-30,3,4393,2,2316,1,2077,0,0,3,3337,0,528,3,3865,California
Siskiyou,2021-02-01,195,4588,3,2319,192,2269,0,0,105,3352,90,618,105,3970,California
Siskiyou,2021-02-02,289,4877,45,2364,244,2513,0,0,147,3357,142,760,147,4117,California
Siskiyou,2021-02-03,314,5191,1,2365,313,2826,0,0,264,3571,50,810,264,4381,California
Siskiyou,2021-02-04,322,5513,7,2372,315,3141,0,0,200,3649,122,932,200,4581,California
Siskiyou,2021-02-05,513,6026,4,2376,509,3650,0,0,348,3832,165,1097,348,4929,California
Siskiyou,2021-02-06,15,6041,0,2376,15,3665,0,0,15,3847,0,1097,15,4944,California
Siskiyou,2021-02-07,3,6044,2,2378,1,3666,0,0,3,3850,0,1097,3,4947,California
Siskiyou,2021-02-08,221,6265,5,2383,216,3882,0,0,216,4061,5,1102,216,5163,California
Siskiyou,2021-02-09,196,6461,4,2387,192,4074,0,0,163,4191,33,1135,163,5326,California
Siskiyou,2021-02-10,370,6831,40,2427,330,4404,0,0,317,4456,52,1187,317,5643,California
Siskiyou,2021-02-11,190,7021,1,2428,189,4593,0,0,174,4614,16,1203,174,5817,California
Siskiyou,2021-02-12,1691,8712,1199,3627,492,5085,0,0,501,3925,1190,2393,501,6318,California
Siskiyou,2021-02-13,36,8748,2,3629,34,5119,0,0,32,3953,4,2397,32,6350,California
Siskiyou,2021-02-14,5,8753,1,3630,4,5123,0,0,5,3958,0,2397,5,6355,California
Siskiyou,2021-02-15,107,8860,10,3640,97,5220,0,0,105,4061,2,2399,105,6460,California
Siskiyou,2021-02-16,114,8974,2,3642,112,5332,0,0,99,4145,15,2414,99,6559,California
Siskiyou,2021-02-17,185,9159,15,3657,170,5502,0,0,171,4302,14,2428,171,6730,California
Siskiyou,2021-02-18,222,9381,89,3746,133,5635,0,0,98,4276,124,2552,98,6828,California
Siskiyou,2021-02-19,71,9452,34,3780,37,5672,0,0,34,4273,37,2589,34,6862,California
Siskiyou,2021-02-20,21,9473,3,3783,18,5690,0,0,17,4286,4,2593,17,6879,California
Siskiyou,2021-02-21,1,9474,1,3784,0,5690,0,0,1,4287,0,2593,1,6880,California
Siskiyou,2021-02-22,124,9598,1,3785,123,5813,0,0,18,4199,106,2699,18,6898,California
Siskiyou,2021-02-23,197,9795,15,3800,182,5995,0,0,53,4108,144,2843,53,6951,California
Siskiyou,2021-02-24,147,9942,4,3804,143,6138,0,0,35,4031,112,2955,35,6986,California
Siskiyou,2021-02-25,300,10242,24,3828,276,6414,0,0,154,4039,146,3101,154,7140,California
Siskiyou,2021-02-26,669,10911,10,3838,659,7073,0,0,367,4104,302,3403,367,7507,California
Siskiyou,2021-02-27,33,10944,5,3843,28,7101,0,0,28,4127,5,3408,28,7535,California
Siskiyou,2021-02-28,5,10949,4,3847,1,7102,0,0,4,4130,1,3409,4,7539,California
Siskiyou,2021-03-01,280,11229,6,3853,274,7376,0,0,50,3950,230,3639,50,7589,California
Siskiyou,2021-03-02,190,11419,1,3854,189,7565,0,0,70,3900,120,3759,70,7659,California
Siskiyou,2021-03-03,343,11762,7,3861,336,7901,0,0,153,3863,190,3949,153,7812,California
Siskiyou,2021-03-04,794,12556,621,4482,173,8074,0,0,637,4343,157,4106,637,8449,California
Siskiyou,2021-03-05,326,12882,6,4488,309,8383,11,11,105,4241,218,4324,116,8565,California
Siskiyou,2021-03-06,43,12925,3,4491,33,8416,7,18,28,4261,15,4339,35,8600,California
Siskiyou,2021-03-07,12,12937,4,4495,0,8416,8,26,3,4263,9,4348,11,8611,California
Siskiyou,2021-03-08,361,13298,31,4526,295,8711,35,61,59,4055,302,4650,94,8705,California
Siskiyou,2021-03-09,163,13461,2,4528,108,8819,53,114,57,4059,106,4756,110,8815,California
Siskiyou,2021-03-10,221,13682,7,4535,184,9003,30,144,31,3930,190,4946,61,8876,California
Siskiyou,2021-03-11,474,14156,206,4741,221,9224,47,191,274,4052,199,5145,321,9197,California
Siskiyou,2021-03-12,647,14803,141,4882,467,9691,39,230,184,3814,461,5606,223,9420,California
Siskiyou,2021-03-13,428,15231,381,5263,24,9715,23,253,382,4173,46,5652,405,9825,California
Siskiyou,2021-03-14,20,15251,1,5264,3,9718,16,269,2,4173,18,5670,18,9843,California
Siskiyou,2021-03-15,453,15704,257,5521,176,9894,20,289,321,4382,132,5802,341,10184,California
Siskiyou,2021-03-16,255,15959,32,5553,206,10100,17,306,140,4425,114,5916,157,10341,California
Siskiyou,2021-03-17,202,16161,9,5562,185,10285,8,314,34,4299,168,6084,42,10383,California
Siskiyou,2021-03-18,926,17087,788,6350,126,10411,12,326,810,5005,116,6200,822,11205,California
Siskiyou,2021-03-19,67,17154,9,6359,45,10456,13,339,20,4991,47,6247,33,11238,California
Siskiyou,2021-03-20,30,17184,7,6366,18,10474,5,344,6,4978,24,6271,11,11249,California
Siskiyou,2021-03-21,10,17194,4,6370,1,10475,5,349,4,4981,6,6277,9,11258,California
Siskiyou,2021-03-22,207,17401,21,6391,164,10639,22,371,144,5087,60,6337,166,11424,California
Siskiyou,2021-03-23,195,17596,19,6410,166,10805,10,381,141,5184,54,6391,151,11575,California
Siskiyou,2021-03-24,140,17736,47,6457,93,10898,0,381,115,5274,25,6416,115,11690,California
Siskiyou,2021-03-25,572,18308,320,6777,249,11147,3,384,400,5505,172,6588,403,12093,California
Siskiyou,2021-03-26,304,18612,35,6812,269,11416,0,384,104,5411,198,6786,104,12197,California
Siskiyou,2021-03-27,37,18649,4,6816,28,11444,5,389,9,5397,28,6814,14,12211,California
Siskiyou,2021-03-28,8,18657,7,6823,1,11445,0,389,5,5399,3,6817,5,12216,California
Siskiyou,2021-03-29,98,18755,11,6834,85,11530,2,391,47,5398,50,6867,49,12265,California
Siskiyou,2021-03-30,102,18857,7,6841,94,11624,1,392,41,5379,61,6928,42,12307,California
Siskiyou,2021-03-31,190,19047,21,6862,166,11790,3,395,50,5294,139,7067,54,12361,California
Siskiyou,2021-04-01,824,19871,667,7529,157,11947,0,395,208,4886,616,7683,208,12569,California
Siskiyou,2021-04-02,346,20217,197,7726,145,12092,4,399,65,4676,279,7962,69,12638,California
Siskiyou,2021-04-03,26,20243,5,7731,14,12106,7,406,5,4667,21,7983,12,12650,California
Siskiyou,2021-04-04,2,20245,2,7733,0,12106,0,406,1,4667,1,7984,1,12651,California
Siskiyou,2021-04-05,437,20682,330,8063,80,12186,27,433,26,4309,410,8394,52,12703,California
Siskiyou,2021-04-06,220,20902,36,8099,131,12317,53,486,126,4394,93,8487,178,12881,California
Siskiyou,2021-04-07,116,21018,11,8110,63,12380,42,528,66,4452,50,8537,108,12989,California
Siskiyou,2021-04-08,347,21365,183,8293,123,12503,41,569,60,4266,287,8824,101,13090,California
Siskiyou,2021-04-09,548,21913,381,8674,130,12633,37,606,84,3926,462,9286,122,13212,California
Siskiyou,2021-04-10,46,21959,6,8680,3,12636,37,643,7,3931,39,9325,44,13256,California
Siskiyou,2021-04-11,8,21967,5,8685,1,12637,2,645,2,3929,6,9331,4,13260,California
Siskiyou,2021-04-12,129,22096,25,8710,103,12740,1,646,49,3899,80,9411,50,13310,California
Siskiyou,2021-04-13,204,22300,36,8746,167,12907,1,647,78,3852,126,9537,79,13389,California
Siskiyou,2021-04-14,157,22457,65,8811,92,12999,0,647,86,3869,69,9606,86,13475,California
Siskiyou,2021-04-15,1116,23573,956,9767,160,13159,0,647,436,3625,680,10286,436,13911,California
Siskiyou,2021-04-16,297,23870,206,9973,91,13250,0,647,266,3861,30,10316,266,14177,California
Siskiyou,2021-04-17,12,23882,9,9982,3,13253,0,647,8,3865,4,10320,8,14185,California
Siskiyou,2021-04-18,5,23887,3,9985,2,13255,0,647,2,3864,3,10323,2,14187,California
Siskiyou,2021-04-19,126,24013,22,10007,104,13359,0,647,43,3824,83,10406,43,14230,California
Siskiyou,2021-04-20,236,24249,4,10011,232,13591,0,647,93,3774,143,10549,93,14323,California
Siskiyou,2021-04-21,96,24345,12,10023,84,13675,0,647,26,3730,70,10619,26,14349,California
Siskiyou,2021-04-22,415,24760,302,10325,113,13788,0,647,50,3415,365,10984,50,14399,California
Siskiyou,2021-04-23,171,24931,13,10338,158,13946,0,647,149,3543,21,11005,149,14548,California
Siskiyou,2021-04-24,27,24958,4,10342,23,13969,0,647,19,3554,8,11013,19,14567,California
Siskiyou,2021-04-25,3,24961,0,10342,3,13972,0,647,2,3555,1,11014,2,14569,California
Siskiyou,2021-04-26,101,25062,7,10349,89,14061,5,652,25,3509,76,11090,30,14599,California
Siskiyou,2021-04-27,102,25164,3,10352,97,14158,2,654,83,3578,16,11106,85,14684,California
Siskiyou,2021-04-28,111,25275,9,10361,94,14252,8,662,53,3581,58,11164,61,14745,California
Siskiyou,2021-04-29,105,25380,14,10375,91,14343,0,662,25,3526,80,11244,25,14770,California
Siskiyou,2021-04-30,101,25481,20,10395,80,14423,1,663,44,3516,54,11298,44,14814,California
Siskiyou,2021-05-01,11,25492,7,10402,1,14424,3,666,7,3522,4,11302,10,14824,California
Siskiyou,2021-05-02,11,25503,5,10407,6,14430,0,666,9,3529,2,11304,9,14833,California
Siskiyou,2021-05-03,112,25615,24,10431,85,14515,3,669,47,3514,65,11369,50,14883,California
Siskiyou,2021-05-04,112,25727,6,10437,103,14618,3,672,58,3522,53,11422,61,14944,California
Siskiyou,2021-05-05,116,25843,24,10461,83,14701,9,681,38,3492,77,11499,47,14991,California
Siskiyou,2021-05-06,346,26189,274,10735,67,14768,5,686,179,3509,167,11666,184,15175,California
Siskiyou,2021-05-07,309,26498,221,10956,84,14852,4,690,33,3271,275,11941,37,15212,California
Siskiyou,2021-05-08,23,26521,6,10962,16,14868,1,691,17,3283,6,11947,18,15230,California
Siskiyou,2021-05-09,2,26523,0,10962,1,14869,1,692,0,3282,2,11949,1,15231,California
Siskiyou,2021-05-10,62,26585,32,10994,28,14897,2,694,19,3260,43,11992,21,15252,California
Siskiyou,2021-05-11,71,26656,5,10999,61,14958,5,699,41,3276,30,12022,46,15298,California
Siskiyou,2021-05-12,36,26692,3,11002,32,14990,1,700,5,3251,31,12053,6,15304,California
Solano,2020-12-15,4,4,4,4,0,0,0,0,4,4,0,0,4,4,California
Solano,2020-12-16,71,75,71,75,0,0,0,0,71,75,0,0,71,75,California
Solano,2020-12-17,153,228,153,228,0,0,0,0,153,228,0,0,153,228,California
Solano,2020-12-18,445,673,444,672,1,1,0,0,445,673,0,0,445,673,California
Solano,2020-12-19,518,1191,518,1190,0,1,0,0,518,1191,0,0,518,1191,California
Solano,2020-12-20,355,1546,353,1543,2,3,0,0,355,1546,0,0,355,1546,California
Solano,2020-12-21,572,2118,570,2113,2,5,0,0,572,2118,0,0,572,2118,California
Solano,2020-12-22,663,2781,630,2743,33,38,0,0,663,2781,0,0,663,2781,California
Solano,2020-12-23,859,3640,772,3515,87,125,0,0,858,3639,0,0,858,3639,California
Solano,2020-12-24,422,4062,171,3686,251,376,0,0,422,4061,0,0,422,4061,California
Solano,2020-12-25,10,4072,2,3688,8,384,0,0,10,4071,0,0,10,4071,California
Solano,2020-12-26,175,4247,48,3736,127,511,0,0,175,4246,0,0,175,4246,California
Solano,2020-12-27,104,4351,29,3765,75,586,0,0,104,4350,0,0,104,4350,California
Solano,2020-12-28,863,5214,421,4186,442,1028,0,0,863,5213,0,0,863,5213,California
Solano,2020-12-29,896,6110,376,4562,520,1548,0,0,896,6109,0,0,896,6109,California
Solano,2020-12-30,1236,7346,601,5163,635,2183,0,0,1236,7345,0,0,1236,7345,California
Solano,2020-12-31,538,7884,137,5300,401,2584,0,0,538,7883,0,0,538,7883,California
Solano,2021-01-01,14,7898,13,5313,1,2585,0,0,14,7897,0,0,14,7897,California
Solano,2021-01-02,213,8111,165,5478,48,2633,0,0,213,8110,0,0,213,8110,California
Solano,2021-01-03,57,8168,40,5518,17,2650,0,0,52,8162,0,0,52,8162,California
Solano,2021-01-04,451,8619,246,5764,205,2855,0,0,441,8600,3,3,441,8603,California
Solano,2021-01-05,729,9348,377,6141,352,3207,0,0,575,9026,149,152,575,9178,California
Solano,2021-01-06,844,10192,436,6577,408,3615,0,0,582,9348,260,412,582,9760,California
Solano,2021-01-07,1067,11259,683,7260,384,3999,0,0,610,9504,455,867,611,10371,California
Solano,2021-01-08,1138,12397,777,8037,361,4360,0,0,545,9476,575,1442,547,10918,California
Solano,2021-01-09,885,13282,763,8800,122,4482,0,0,428,9450,454,1896,428,11346,California
Solano,2021-01-10,254,13536,194,8994,60,4542,0,0,153,9502,101,1997,153,11499,California
Solano,2021-01-11,1329,14865,1118,10112,211,4753,0,0,813,9799,516,2513,813,12312,California
Solano,2021-01-12,1566,16431,1168,11280,398,5151,0,0,1015,10265,550,3063,1016,13328,California
Solano,2021-01-13,1465,17896,1005,12285,460,5611,0,0,1206,11214,257,3320,1206,14534,California
Solano,2021-01-14,1887,19783,815,13100,1072,6683,0,0,1573,12473,314,3634,1573,16107,California
Solano,2021-01-15,1695,21478,1060,14160,635,7318,0,0,1397,13572,298,3932,1397,17504,California
Solano,2021-01-16,1290,22768,903,15063,387,7705,0,0,1115,14512,175,4107,1115,18619,California
Solano,2021-01-17,1045,23813,761,15824,284,7989,0,0,1027,15521,18,4125,1027,19646,California
Solano,2021-01-18,1415,25228,857,16681,558,8547,0,0,1297,16702,118,4243,1299,20945,California
Solano,2021-01-19,1651,26879,1339,18020,312,8859,0,0,1378,17808,272,4515,1378,22323,California
Solano,2021-01-20,2033,28912,1423,19443,610,9469,0,0,1547,18872,483,4998,1547,23870,California
Solano,2021-01-21,3172,32084,1007,20450,2165,11634,0,0,2824,21349,348,5346,2825,26695,California
Solano,2021-01-22,1774,33858,845,21295,929,12563,0,0,1584,22743,190,5536,1584,28279,California
Solano,2021-01-23,736,34594,242,21537,494,13057,0,0,531,23069,206,5742,532,28811,California
Solano,2021-01-24,404,34998,61,21598,343,13400,0,0,337,23339,67,5809,337,29148,California
Solano,2021-01-25,1661,36659,625,22223,1036,14436,0,0,1109,23898,551,6360,1110,30258,California
Solano,2021-01-26,1773,38432,737,22960,1036,15472,0,0,1142,24411,630,6990,1143,31401,California
Solano,2021-01-27,1796,40228,726,23686,1070,16542,0,0,1183,24994,600,7590,1183,32584,California
Solano,2021-01-28,1954,42182,705,24391,1249,17791,0,0,1363,25768,590,8180,1364,33948,California
Solano,2021-01-29,1700,43882,783,25174,917,18708,0,0,1345,26760,353,8533,1345,35293,California
Solano,2021-01-30,712,44594,220,25394,492,19200,0,0,551,27150,161,8694,551,35844,California
Solano,2021-01-31,485,45079,394,25788,91,19291,0,0,230,27126,255,8949,231,36075,California
Solano,2021-02-01,1509,46588,988,26776,521,19812,0,0,767,27154,739,9688,767,36842,California
Solano,2021-02-02,3356,49944,1112,27888,2244,22056,0,0,2530,28862,822,10510,2530,39372,California
Solano,2021-02-03,2263,52207,1305,29193,958,23014,0,0,1164,28931,1095,11605,1164,40536,California
Solano,2021-02-04,1801,54008,911,30104,890,23904,0,0,1076,29287,720,12325,1076,41612,California
Solano,2021-02-05,3089,57097,1413,31517,1676,25580,0,0,2087,30380,994,13319,2087,43699,California
Solano,2021-02-06,3052,60149,1170,32687,1882,27462,0,0,2237,31806,811,14130,2237,45936,California
Solano,2021-02-07,848,60997,784,33471,64,27526,0,0,231,31420,617,14747,231,46167,California
Solano,2021-02-08,1750,62747,1234,34705,516,28042,0,0,709,31091,1038,15785,709,46876,California
Solano,2021-02-09,1947,64694,1485,36190,462,28504,0,0,699,30543,1247,17032,699,47575,California
Solano,2021-02-10,2266,66960,1498,37688,768,29272,0,0,820,29917,1446,18478,820,48395,California
Solano,2021-02-11,2503,69463,1489,39177,1014,30286,0,0,1198,29821,1295,19773,1199,49594,California
Solano,2021-02-12,4206,73669,1617,40794,2589,32875,0,0,2864,31350,1335,21108,2864,52458,California
Solano,2021-02-13,2863,76532,247,41041,2616,35491,0,0,2451,33392,409,21517,2451,54909,California
Solano,2021-02-14,704,77236,202,41243,502,35993,0,0,412,33515,290,21807,413,55322,California
Solano,2021-02-15,1314,78550,324,41567,990,36983,0,0,677,33556,636,22443,677,55999,California
Solano,2021-02-16,2568,81118,1396,42963,1172,38155,0,0,1677,34344,890,23333,1678,57677,California
Solano,2021-02-17,3108,84226,1452,44415,1656,39811,0,0,2070,35380,1035,24368,2071,59748,California
Solano,2021-02-18,2847,87073,845,45260,2002,41813,0,0,853,34246,1988,26356,854,60602,California
Solano,2021-02-19,2398,89471,1447,46707,951,42764,0,0,1174,34202,1220,27576,1176,61778,California
Solano,2021-02-20,2567,92038,382,47089,2185,44949,0,0,2095,35824,473,28049,2095,63873,California
Solano,2021-02-21,2175,94213,1861,48950,314,45263,0,0,1864,37381,307,28356,1864,65737,California
Solano,2021-02-22,1719,95932,1046,49996,673,45936,0,0,906,37477,811,29167,907,66644,California
Solano,2021-02-23,2844,98776,1089,51085,1755,47691,0,0,1942,38520,899,30066,1942,68586,California
Solano,2021-02-24,2473,101249,1242,52327,1231,48922,0,0,1386,38821,1085,31151,1386,69972,California
Solano,2021-02-25,2398,103647,1442,53769,956,49878,0,0,1310,39048,1083,32234,1310,71282,California
Solano,2021-02-26,3175,106822,2021,55790,1154,51032,0,0,1844,39574,1318,33552,1844,73126,California
Solano,2021-02-27,3651,110473,1374,57164,2276,53308,1,1,2956,41844,687,34239,2957,76083,California
Solano,2021-02-28,1370,111843,1039,58203,331,53639,0,1,1092,42662,275,34514,1093,77176,California
Solano,2021-03-01,2434,114277,1053,59256,1380,55019,1,2,1832,43897,598,35112,1833,79009,California
Solano,2021-03-02,2179,116456,1366,60622,813,55832,0,2,1270,44258,909,36021,1270,80279,California
Solano,2021-03-03,2212,118668,1254,61876,958,56790,0,2,1375,44805,829,36850,1376,81655,California
Solano,2021-03-04,4348,123016,3406,65282,940,57730,2,4,3132,46733,1209,38059,3137,84792,California
Solano,2021-03-05,4901,127917,1665,66947,3231,60961,5,9,3940,49727,951,39010,3945,88737,California
Solano,2021-03-06,3833,131750,825,67772,2969,63930,39,48,2638,51219,1185,40195,2677,91414,California
Solano,2021-03-07,3542,135292,737,68509,2795,66725,10,58,1950,51599,1581,41776,1961,93375,California
Solano,2021-03-08,2112,137404,1316,69825,525,67250,271,329,1596,52952,512,42288,1865,95240,California
Solano,2021-03-09,3138,140542,1511,71336,1573,68823,54,383,2246,54357,892,43180,2297,97537,California
Solano,2021-03-10,2394,142936,1739,73075,569,69392,86,469,1250,54551,1140,44320,1334,98871,California
Solano,2021-03-11,6005,148941,1748,74823,4003,73395,254,723,4955,58714,1046,45366,5209,104080,California
Solano,2021-03-12,5981,154922,1563,76386,4242,77637,176,899,3159,59231,2818,48184,3335,107415,California
Solano,2021-03-13,4575,159497,804,77190,3687,81324,84,983,2239,59227,2329,50513,2325,109740,California
Solano,2021-03-14,3991,163488,3115,80305,423,81747,453,1436,1653,58997,2333,52846,2103,111843,California
Solano,2021-03-15,4004,167492,2446,82751,1241,82988,317,1753,2512,60342,1484,54330,2829,114672,California
Solano,2021-03-16,3089,170581,1325,84076,1528,84516,236,1989,1574,60641,1510,55840,1809,116481,California
Solano,2021-03-17,6344,176925,1665,85741,4588,89104,91,2080,4887,64165,1454,57294,4978,121459,California
Solano,2021-03-18,5183,182108,1838,87579,3309,92413,36,2116,3819,66663,1356,58650,3854,125313,California
Solano,2021-03-19,3442,185550,2522,90101,847,93260,73,2189,1747,66800,1684,60334,1821,127134,California
Solano,2021-03-20,5516,191066,1666,91767,3796,97056,54,2243,2837,67021,2670,63004,2891,130025,California
Solano,2021-03-21,1667,192733,1564,93331,79,97135,24,2267,854,67086,811,63815,876,130901,California
Solano,2021-03-22,2667,195400,2038,95369,579,97714,50,2317,1676,67822,986,64801,1722,132623,California
Solano,2021-03-23,3495,198895,1657,97026,1796,99510,42,2359,1437,67246,2054,66855,1478,134101,California
Solano,2021-03-24,2819,201714,1766,98792,1018,100528,35,2394,1373,67213,1440,68295,1407,135508,California
Solano,2021-03-25,4847,206561,3975,102767,837,101365,35,2429,2289,66984,2554,70849,2325,137833,California
Solano,2021-03-26,3210,209771,2085,104852,1089,102454,36,2465,1741,67301,1460,72309,1777,139610,California
Solano,2021-03-27,4185,213956,1147,105999,3002,105456,36,2501,1799,66756,2380,74689,1835,141445,California
Solano,2021-03-28,1415,215371,1105,107104,292,105748,18,2519,564,66491,847,75536,582,142027,California
Solano,2021-03-29,3483,218854,2035,109139,1431,107179,17,2536,1602,66240,1870,77406,1619,143646,California
Solano,2021-03-30,3006,221860,2014,111153,902,108081,90,2626,1910,67150,1091,78497,2001,145647,California
Solano,2021-03-31,3118,224978,2123,113276,836,108917,159,2785,1845,67880,1270,79767,2000,147647,California
Solano,2021-04-01,5517,230495,2096,115372,3276,112193,145,2930,3493,69506,2013,81780,3639,151286,California
Solano,2021-04-02,6547,237042,2213,117585,4168,116361,166,3096,2535,68209,3997,85777,2700,153986,California
Solano,2021-04-03,1526,238568,960,118545,412,116773,154,3250,560,67959,964,86741,714,154700,California
Solano,2021-04-04,775,239343,286,118831,188,116961,301,3551,237,67963,534,87275,538,155238,California
Solano,2021-04-05,2966,242309,2023,120854,737,117698,206,3757,1507,68217,1457,88732,1711,156949,California
Solano,2021-04-06,5933,248242,1623,122477,3819,121517,491,4248,1624,66026,4303,93035,2112,159061,California
Solano,2021-04-07,5874,254116,4547,127024,934,122451,393,4641,3347,67254,2511,95546,3739,162800,California
Solano,2021-04-08,6401,260517,1781,128805,3765,126216,855,5496,1804,65335,4570,100116,2651,165451,California
Solano,2021-04-09,6226,266743,1651,130456,3735,129951,840,6336,1512,62991,4692,104808,2348,167799,California
Solano,2021-04-10,1713,268456,948,131404,448,130399,317,6653,793,63181,919,105727,1109,168908,California
Solano,2021-04-11,1222,269678,759,132163,336,130735,127,6780,635,63359,584,106311,762,169670,California
Solano,2021-04-12,3253,272931,1672,133835,1223,131958,358,7138,1341,63149,1907,108218,1697,171367,California
Solano,2021-04-13,2524,275455,1090,134925,1433,133391,1,7139,1318,63266,1202,109420,1319,172686,California
Solano,2021-04-14,6396,281851,1947,136872,4449,137840,0,7139,1848,60579,4536,113956,1849,174535,California
Solano,2021-04-15,5657,287508,2135,139007,3522,141362,0,7139,1716,58366,3929,117885,1716,176251,California
Solano,2021-04-16,3666,291174,2575,141582,1089,142451,2,7141,2281,59273,1376,119261,2283,178534,California
Solano,2021-04-17,3249,294423,1058,142640,2191,144642,0,7141,1129,58290,2113,121374,1130,179664,California
Solano,2021-04-18,1003,295426,609,143249,394,145036,0,7141,528,58344,474,121848,528,180192,California
Solano,2021-04-19,2056,297482,1156,144405,900,145936,0,7141,1144,58583,907,122755,1146,181338,California
Solano,2021-04-20,2996,300478,1823,146228,1173,147109,0,7141,1667,58925,1325,124080,1667,183005,California
Solano,2021-04-21,3546,304024,2317,148545,1229,148338,0,7141,1778,58941,1762,125842,1778,184783,California
Solano,2021-04-22,2913,306937,1467,150012,1446,149784,0,7141,1769,59569,1141,126983,1769,186552,California
Solano,2021-04-23,4113,311050,2059,152071,2054,151838,0,7141,2460,60385,1645,128628,2461,189013,California
Solano,2021-04-24,3461,314511,2276,154347,1183,153021,2,7143,2421,61846,962,129590,2423,191436,California
Solano,2021-04-25,1429,315940,1114,155461,315,153336,0,7143,1129,62682,293,129883,1129,192565,California
Solano,2021-04-26,2382,318322,1550,157011,828,154164,4,7147,1262,62840,1108,130991,1266,193831,California
Solano,2021-04-27,2283,320605,1204,158215,1055,155219,24,7171,1263,63115,1013,132004,1288,195119,California
Solano,2021-04-28,5079,325684,4102,162317,931,156150,46,7217,3140,64372,1929,133933,3186,198305,California
Solano,2021-04-29,3872,329556,1253,163570,2588,158738,31,7248,1576,63692,2287,136220,1607,199912,California
Solano,2021-04-30,3781,333337,2020,165590,1631,160369,130,7378,1836,63724,1934,138154,1966,201878,California
Solano,2021-05-01,2111,335448,1625,167215,295,160664,191,7569,1245,64299,861,139015,1436,203314,California
Solano,2021-05-02,1095,336543,934,168149,137,160801,24,7593,572,64377,518,139533,596,203910,California
Solano,2021-05-03,1447,337990,1000,169149,358,161159,89,7682,593,64208,852,140385,683,204593,California
Solano,2021-05-04,1781,339771,1041,170190,679,161838,61,7743,798,64085,982,141367,859,205452,California
Solano,2021-05-05,2252,342023,1407,171597,730,162568,115,7858,1079,64110,1167,142534,1192,206644,California
Solano,2021-05-06,1919,343942,1190,172787,582,163150,147,8005,714,63773,1198,143732,861,207505,California
Solano,2021-05-07,2652,346594,1862,174649,679,163829,111,8116,916,63068,1730,145462,1025,208530,California
Solano,2021-05-08,1284,347878,818,175467,355,164184,111,8227,445,62788,836,146298,556,209086,California
Solano,2021-05-09,421,348299,244,175711,165,164349,12,8239,163,62708,256,146554,176,209262,California
Solano,2021-05-10,1297,349596,603,176314,607,164956,87,8326,381,62264,913,147467,469,209731,California
Solano,2021-05-11,1950,351546,960,177274,933,165889,57,8383,532,61442,1413,148880,591,210322,California
Solano,2021-05-12,1123,352669,627,177901,383,166272,113,8496,249,60935,868,149748,361,210683,California
Sonoma,2020-12-15,4,4,4,4,0,0,0,0,4,4,0,0,4,4,California
Sonoma,2020-12-16,27,31,27,31,0,0,0,0,27,31,0,0,27,31,California
Sonoma,2020-12-17,104,135,104,135,0,0,0,0,104,135,0,0,104,135,California
Sonoma,2020-12-18,420,555,420,555,0,0,0,0,420,555,0,0,420,555,California
Sonoma,2020-12-19,111,666,110,665,1,1,0,0,111,666,0,0,111,666,California
Sonoma,2020-12-20,174,840,174,839,0,1,0,0,174,840,0,0,174,840,California
Sonoma,2020-12-21,911,1751,909,1748,2,3,0,0,910,1750,0,0,910,1750,California
Sonoma,2020-12-22,1355,3106,1264,3012,91,94,0,0,1355,3105,0,0,1355,3105,California
Sonoma,2020-12-23,1607,4713,1231,4243,376,470,0,0,1608,4713,0,0,1608,4713,California
Sonoma,2020-12-24,305,5018,101,4344,204,674,0,0,305,5018,0,0,305,5018,California
Sonoma,2020-12-25,8,5026,2,4346,6,680,0,0,8,5026,0,0,8,5026,California
Sonoma,2020-12-26,267,5293,256,4602,11,691,0,0,267,5293,0,0,267,5293,California
Sonoma,2020-12-27,93,5386,80,4682,13,704,0,0,93,5386,0,0,93,5386,California
Sonoma,2020-12-28,987,6373,553,5235,434,1138,0,0,958,6344,0,0,958,6344,California
Sonoma,2020-12-29,1129,7502,776,6011,353,1491,0,0,1095,7439,0,0,1095,7439,California
Sonoma,2020-12-30,1093,8595,479,6490,614,2105,0,0,1085,8524,0,0,1085,8524,California
Sonoma,2020-12-31,517,9112,71,6561,446,2551,0,0,518,9042,0,0,518,9042,California
Sonoma,2021-01-01,11,9123,6,6567,5,2556,0,0,11,9053,0,0,11,9053,California
Sonoma,2021-01-02,131,9254,125,6692,6,2562,0,0,131,9184,0,0,131,9184,California
Sonoma,2021-01-03,25,9279,11,6703,14,2576,0,0,25,9209,0,0,25,9209,California
Sonoma,2021-01-04,341,9620,105,6808,236,2812,0,0,340,9549,0,0,340,9549,California
Sonoma,2021-01-05,438,10058,102,6910,336,3148,0,0,414,9948,15,15,414,9963,California
Sonoma,2021-01-06,947,11005,432,7342,515,3663,0,0,836,10679,105,120,836,10799,California
Sonoma,2021-01-07,1031,12036,535,7877,496,4159,0,0,861,11371,169,289,861,11660,California
Sonoma,2021-01-08,1790,13826,1233,9110,557,4716,0,0,1318,12219,470,759,1318,12978,California
Sonoma,2021-01-09,639,14465,402,9512,237,4953,0,0,591,12762,48,807,591,13569,California
Sonoma,2021-01-10,472,14937,461,9973,11,4964,0,0,278,12846,194,1001,278,13847,California
Sonoma,2021-01-11,1384,16321,1238,11211,146,5110,0,0,414,12294,966,1967,414,14261,California
Sonoma,2021-01-12,1546,17867,1293,12504,253,5363,0,0,395,11540,1149,3116,395,14656,California
Sonoma,2021-01-13,2074,19941,1399,13903,675,6038,0,0,1211,11892,860,3976,1212,15868,California
Sonoma,2021-01-14,1531,21472,806,14709,725,6763,0,0,1300,12961,231,4207,1300,17168,California
Sonoma,2021-01-15,1568,23040,637,15346,931,7694,0,0,1347,14098,211,4418,1348,18516,California
Sonoma,2021-01-16,1144,24184,617,15963,527,8221,0,0,898,14754,242,4660,898,19414,California
Sonoma,2021-01-17,670,24854,549,16512,121,8342,0,0,590,15264,80,4740,590,20004,California
Sonoma,2021-01-18,1105,25959,931,17443,174,8516,0,0,615,15390,490,5230,616,20620,California
Sonoma,2021-01-19,2096,28055,1006,18449,1090,9606,0,0,1386,16069,708,5938,1387,22007,California
Sonoma,2021-01-20,2078,30133,626,19075,1452,11058,0,0,1417,16836,651,6589,1418,23425,California
Sonoma,2021-01-21,2262,32395,647,19722,1615,12673,0,0,2043,18663,217,6806,2044,25469,California
Sonoma,2021-01-22,2738,35133,1043,20765,1695,14368,0,0,2590,21106,147,6953,2590,28059,California
Sonoma,2021-01-23,768,35901,593,21358,175,14543,0,0,661,21661,106,7059,661,28720,California
Sonoma,2021-01-24,852,36753,716,22074,136,14679,0,0,836,22481,16,7075,836,29556,California
Sonoma,2021-01-25,2173,38926,520,22594,1653,16332,0,0,1686,23680,487,7562,1686,31242,California
Sonoma,2021-01-26,2014,40940,302,22896,1712,18044,0,0,1559,24785,454,8016,1559,32801,California
Sonoma,2021-01-27,3699,44639,1279,24175,2420,20464,0,0,3126,27343,571,8587,3129,35930,California
Sonoma,2021-01-28,4119,48758,1848,26023,2271,22735,0,0,3448,30124,668,9255,3449,39379,California
Sonoma,2021-01-29,2967,51725,1411,27434,1556,24291,0,0,2133,31426,832,10087,2134,41513,California
Sonoma,2021-01-30,2583,54308,2394,29828,189,24480,0,0,2244,33332,339,10426,2245,43758,California
Sonoma,2021-01-31,777,55085,665,30493,112,24592,0,0,579,33714,197,10623,579,44337,California
Sonoma,2021-02-01,2505,57590,883,31376,1622,26214,0,0,2100,35412,402,11025,2100,46437,California
Sonoma,2021-02-02,3525,61115,1373,32749,2152,28366,0,0,2954,37797,569,11594,2954,49391,California
Sonoma,2021-02-03,4037,65152,1323,34072,2714,31080,0,0,3106,39975,928,12522,3106,52497,California
Sonoma,2021-02-04,4204,69356,1713,35785,2491,33571,0,0,3421,42616,781,13303,3422,55919,California
Sonoma,2021-02-05,4816,74172,1740,37525,3076,36647,0,0,3796,45397,1016,14319,3797,59716,California
Sonoma,2021-02-06,2659,76831,2298,39823,361,37008,0,0,2099,46937,559,14878,2099,61815,California
Sonoma,2021-02-07,1536,78367,1401,41224,135,37143,0,0,1284,47969,252,15130,1284,63099,California
Sonoma,2021-02-08,3259,81626,1035,42259,2224,39367,0,0,2679,50069,579,15709,2679,65778,California
Sonoma,2021-02-09,3568,85194,1697,43956,1871,41238,0,0,3088,52680,478,16187,3089,68867,California
Sonoma,2021-02-10,4538,89732,2480,46436,2058,43296,0,0,3500,55149,1032,17219,3501,72368,California
Sonoma,2021-02-11,5570,95302,3017,49453,2553,45849,0,0,4387,58356,1180,18399,4387,76755,California
Sonoma,2021-02-12,5902,101204,3243,52696,2659,48508,0,0,4479,61419,1419,19818,4482,81237,California
Sonoma,2021-02-13,1984,103188,1152,53848,832,49340,0,0,1200,61838,781,20599,1200,82437,California
Sonoma,2021-02-14,2318,105506,1824,55672,494,49834,0,0,1570,62661,747,21346,1570,84007,California
Sonoma,2021-02-15,2139,107645,791,56463,1348,51182,0,0,1604,63731,534,21880,1604,85611,California
Sonoma,2021-02-16,4897,112542,2052,58515,2845,54027,0,0,3643,66124,1250,23130,3643,89254,California
Sonoma,2021-02-17,5596,118138,2898,61413,2698,56725,0,0,3572,67682,2016,25146,3574,92828,California
Sonoma,2021-02-18,6924,125062,3133,64546,3791,60516,0,0,4002,68771,2914,28060,4003,96831,California
Sonoma,2021-02-19,5517,130579,1666,66212,3851,64367,0,0,3421,70102,2091,30151,3422,100253,California
Sonoma,2021-02-20,3120,133699,2840,69052,280,64647,0,0,1217,69422,1897,32048,1217,101470,California
Sonoma,2021-02-21,524,134223,417,69469,107,64754,0,0,131,69163,390,32438,131,101601,California
Sonoma,2021-02-22,2877,137100,1356,70825,1521,66275,0,0,1198,68687,1674,34112,1198,102799,California
Sonoma,2021-02-23,3364,140464,2071,72896,1293,67568,0,0,1617,68561,1743,35855,1617,104416,California
Sonoma,2021-02-24,5634,146098,2540,75436,3094,70662,0,0,2912,68757,2717,38572,2913,107329,California
Sonoma,2021-02-25,5792,151890,2239,77675,3553,74215,0,0,3109,69203,2663,41235,3109,110438,California
Sonoma,2021-02-26,6260,158150,2758,80433,3502,77717,0,0,3971,70890,2284,43519,3971,114409,California
Sonoma,2021-02-27,4029,162179,1908,82341,2121,79838,0,0,2686,72235,1341,44860,2686,117095,California
Sonoma,2021-02-28,2334,164513,1851,84192,483,80321,0,0,609,71130,1714,46574,609,117704,California
Sonoma,2021-03-01,3742,168255,1134,85326,2608,82929,0,0,1880,71159,1852,48426,1881,119585,California
Sonoma,2021-03-02,4348,172603,1482,86808,2866,85795,0,0,2533,71885,1807,50233,2533,122118,California
Sonoma,2021-03-03,5033,177636,2634,89442,2399,88194,0,0,2311,71481,2715,52948,2311,124429,California
Sonoma,2021-03-04,5921,183557,2665,92107,3256,91450,0,0,2568,70710,3339,56287,2568,126997,California
Sonoma,2021-03-05,6443,190000,2823,94930,3605,95055,15,15,2715,69728,3713,60000,2731,129728,California
Sonoma,2021-03-06,2778,192778,1212,96142,1432,96487,134,149,1910,70910,861,60861,2043,131771,California
Sonoma,2021-03-07,1684,194462,1394,97536,255,96742,35,184,358,69979,1324,62185,393,132164,California
Sonoma,2021-03-08,4053,198515,654,98190,3224,99966,175,359,2381,70871,1662,63847,2554,134718,California
Sonoma,2021-03-09,5494,204009,3009,101199,2243,102209,242,601,2679,70984,2808,66655,2921,137639,California
Sonoma,2021-03-10,5971,209980,3186,104385,2457,104666,328,929,2412,70178,3545,70200,2739,140378,California
Sonoma,2021-03-11,7530,217510,3001,107386,3709,108375,820,1749,2568,68614,4953,75153,3389,143767,California
Sonoma,2021-03-12,7397,224907,2267,109653,3770,112145,1360,3109,2106,66804,5272,80425,3462,147229,California
Sonoma,2021-03-13,3395,228302,1688,111341,1472,113617,235,3344,1995,67632,1399,81824,2227,149456,California
Sonoma,2021-03-14,1380,229682,383,111724,856,114473,141,3485,851,68097,526,82350,991,150447,California
Sonoma,2021-03-15,5228,234910,1504,113228,3339,117812,385,3870,2194,67648,3026,85376,2577,153024,California
Sonoma,2021-03-16,6281,241191,2242,115470,3807,121619,232,4102,2908,67419,3367,88743,3138,156162,California
Sonoma,2021-03-17,6745,247936,3525,118995,3040,124659,180,4282,3286,67437,3447,92190,3465,159627,California
Sonoma,2021-03-18,7123,255059,2938,121933,3571,128230,614,4896,3179,67291,3936,96126,3790,163417,California
Sonoma,2021-03-19,7488,262547,3238,125171,4019,132249,231,5127,3194,66445,4275,100401,3429,166846,California
Sonoma,2021-03-20,3699,266246,1747,126918,1123,133372,829,5956,2024,67626,1668,102069,2849,169695,California
Sonoma,2021-03-21,1383,267629,601,127519,749,134121,33,5989,1215,68710,164,102233,1248,170943,California
Sonoma,2021-03-22,4528,272157,3100,130619,1327,135448,101,6090,3423,71134,1100,103333,3524,174467,California
Sonoma,2021-03-23,5814,277971,3620,134239,2118,137566,76,6166,4425,74256,1379,104712,4501,178968,California
Sonoma,2021-03-24,6700,284671,4268,138507,2366,139932,66,6232,4081,75801,2601,107313,4146,183114,California
Sonoma,2021-03-25,6988,291659,4192,142699,2689,142621,107,6339,4232,77407,2734,110047,4340,187454,California
Sonoma,2021-03-26,7291,298950,3450,146149,3751,146372,90,6429,3814,77851,3460,113507,3904,191358,California
Sonoma,2021-03-27,3820,302770,1502,147651,1956,148328,362,6791,1124,76653,2689,116196,1491,192849,California
Sonoma,2021-03-28,1508,304278,949,148600,532,148860,27,6818,944,77063,561,116757,971,193820,California
Sonoma,2021-03-29,2885,307163,1095,149695,1757,150617,33,6851,1605,77427,1274,118031,1638,195458,California
Sonoma,2021-03-30,5761,312924,3168,152863,2530,153147,63,6914,3043,77820,2712,120743,3105,198563,California
Sonoma,2021-03-31,5559,318483,3376,156239,1968,155115,215,7129,3227,78942,2320,123063,3442,202005,California
Sonoma,2021-04-01,6700,325183,3989,160228,2375,157490,336,7465,3583,79754,3099,126162,3911,205916,California
Sonoma,2021-04-02,5910,331093,3537,163765,2264,159754,109,7574,3548,81055,2356,128518,3657,209573,California
Sonoma,2021-04-03,3580,334673,1769,165534,1588,161342,223,7797,1560,80828,2008,130526,1781,211354,California
Sonoma,2021-04-04,1057,335730,688,166222,279,161621,90,7887,667,81199,386,130912,757,212111,California
Sonoma,2021-04-05,4361,340091,591,166813,3431,165052,339,8226,1637,80456,2718,133630,1975,214086,California
Sonoma,2021-04-06,6854,346945,3471,170284,2980,168032,403,8629,3977,81971,2863,136493,4378,218464,California
Sonoma,2021-04-07,6756,353701,3813,174097,2109,170141,834,9463,3276,82605,3471,139964,4105,222569,California
Sonoma,2021-04-08,7500,361201,4096,178193,2633,172774,771,10234,4085,84053,3404,143368,4852,227421,California
Sonoma,2021-04-09,6772,367973,3770,181963,2118,174892,884,11118,3477,85127,3283,146651,4357,231778,California
Sonoma,2021-04-10,3866,371839,1686,183649,1627,176519,553,11671,1125,84069,2731,149382,1673,233451,California
Sonoma,2021-04-11,1281,373120,607,184256,592,177111,82,11753,435,83741,845,150227,517,233968,California
Sonoma,2021-04-12,4929,378049,2050,186306,2398,179509,481,12234,1843,82980,3078,153305,2317,236285,California
Sonoma,2021-04-13,7795,385844,4616,190922,3177,182686,2,12236,2961,81118,4825,158130,2963,239248,California
Sonoma,2021-04-14,6538,392382,3726,194648,2792,185478,20,12256,2524,79660,4001,162131,2543,241791,California
Sonoma,2021-04-15,7204,399586,4082,198730,3122,188600,0,12256,3552,79571,3641,165772,3552,245343,California
Sonoma,2021-04-16,6790,406376,3414,202144,3375,191975,1,12257,3851,80491,2932,168704,3852,249195,California
Sonoma,2021-04-17,3102,409478,1500,203644,1602,193577,0,12257,1498,80397,1593,170297,1499,250694,California
Sonoma,2021-04-18,1239,410717,847,204491,392,193969,0,12257,403,79966,834,171131,403,251097,California
Sonoma,2021-04-19,3307,414024,1873,206364,1433,195402,1,12258,1451,79566,1852,172983,1452,252549,California
Sonoma,2021-04-20,6262,420286,3454,209818,2808,198210,0,12258,2374,78066,3875,176858,2375,254924,California
Sonoma,2021-04-21,6367,426653,4194,214012,2171,200381,2,12260,2932,77578,3421,180279,2933,257857,California
Sonoma,2021-04-22,6122,432775,4450,218462,1672,202053,0,12260,2484,76437,3625,183904,2484,260341,California
Sonoma,2021-04-23,7377,440152,4617,223079,2753,204806,7,12267,3701,76481,3665,187569,3709,264050,California
Sonoma,2021-04-24,2741,442893,1494,224573,1233,206039,14,12281,1554,76865,1184,188753,1568,265618,California
Sonoma,2021-04-25,1077,443970,785,225358,292,206331,0,12281,428,76647,646,189399,428,266046,California
Sonoma,2021-04-26,2707,446677,1268,226626,1413,207744,26,12307,1536,77046,1163,190562,1562,267608,California
Sonoma,2021-04-27,5268,451945,3623,230249,1548,209292,97,12404,2160,76209,3094,193656,2257,269865,California
Sonoma,2021-04-28,4858,456803,3199,233448,1464,210756,195,12599,2109,75776,2732,196388,2299,272164,California
Sonoma,2021-04-29,4804,461607,3425,236873,1234,211990,145,12744,1758,74640,3039,199427,1903,274067,California
Sonoma,2021-04-30,5431,467038,3620,240493,1518,213508,293,13037,1814,73140,3606,203033,2106,276173,California
Sonoma,2021-05-01,2464,469502,1772,242265,586,214094,106,13143,1237,73259,1221,204254,1340,277513,California
Sonoma,2021-05-02,862,470364,645,242910,166,214260,51,13194,551,73551,311,204565,603,278116,California
Sonoma,2021-05-03,3172,473536,1677,244587,1352,215612,143,13337,1050,72629,2114,206679,1192,279308,California
Sonoma,2021-05-04,4552,478088,2403,246990,1974,217586,175,13512,1456,71180,3076,209755,1627,280935,California
Sonoma,2021-05-05,3636,481724,2162,249152,1287,218873,187,13699,1296,70333,2329,212084,1482,282417,California
Sonoma,2021-05-06,4451,486175,2374,251526,1955,220828,122,13821,1345,68705,3093,215177,1465,283882,California
Sonoma,2021-05-07,3574,489749,2305,253831,1149,221977,120,13941,1069,67400,2493,217670,1188,285070,California
Sonoma,2021-05-08,1808,491557,1232,255063,488,222465,88,14029,764,67212,1040,218710,852,285922,California
Sonoma,2021-05-09,495,492052,284,255347,172,222637,39,14068,168,67095,324,219034,207,286129,California
Sonoma,2021-05-10,2273,494325,1023,256370,1121,223758,129,14197,270,65500,1992,221026,397,286526,California
Sonoma,2021-05-11,3141,497466,1766,258136,1303,225061,72,14269,906,64252,2226,223252,978,287504,California
Sonoma,2021-05-12,2970,500436,1892,260028,1040,226101,38,14307,403,62137,2556,225808,441,287945,California
Stanislaus,2020-12-15,3,3,3,3,0,0,0,0,3,3,0,0,3,3,California
Stanislaus,2020-12-16,37,40,37,40,0,0,0,0,37,40,0,0,37,40,California
Stanislaus,2020-12-17,74,114,74,114,0,0,0,0,74,114,0,0,74,114,California
Stanislaus,2020-12-18,337,451,331,445,6,6,0,0,337,451,0,0,337,451,California
Stanislaus,2020-12-19,133,584,133,578,0,6,0,0,133,584,0,0,133,584,California
Stanislaus,2020-12-20,85,669,85,663,0,6,0,0,85,669,0,0,85,669,California
Stanislaus,2020-12-21,1000,1669,999,1662,1,7,0,0,999,1668,0,0,999,1668,California
Stanislaus,2020-12-22,795,2464,783,2445,12,19,0,0,795,2463,0,0,795,2463,California
Stanislaus,2020-12-23,447,2911,430,2875,17,36,0,0,446,2909,0,0,446,2909,California
Stanislaus,2020-12-24,97,3008,88,2963,9,45,0,0,97,3006,0,0,97,3006,California
Stanislaus,2020-12-26,51,3059,8,2971,43,88,0,0,51,3057,0,0,51,3057,California
Stanislaus,2020-12-27,11,3070,6,2977,5,93,0,0,11,3068,0,0,11,3068,California
Stanislaus,2020-12-28,490,3560,395,3372,95,188,0,0,490,3558,0,0,490,3558,California
Stanislaus,2020-12-29,494,4054,416,3788,78,266,0,0,494,4052,0,0,494,4052,California
Stanislaus,2020-12-30,534,4588,279,4067,255,521,0,0,533,4584,1,1,533,4585,California
Stanislaus,2020-12-31,275,4863,156,4223,119,640,0,0,275,4859,0,1,275,4860,California
Stanislaus,2021-01-01,12,4875,4,4227,8,648,0,0,12,4871,0,1,12,4872,California
Stanislaus,2021-01-02,32,4907,25,4252,7,655,0,0,32,4903,0,1,32,4904,California
Stanislaus,2021-01-03,90,4997,87,4339,3,658,0,0,90,4993,0,1,90,4994,California
Stanislaus,2021-01-04,229,5226,150,4489,79,737,0,0,229,5222,0,1,229,5223,California
Stanislaus,2021-01-05,832,6058,342,4831,490,1227,0,0,808,6014,23,24,815,6038,California
Stanislaus,2021-01-06,1002,7060,599,5430,403,1630,0,0,931,6878,68,92,932,6970,California
Stanislaus,2021-01-07,1079,8139,703,6133,376,2006,0,0,889,7585,184,276,891,7861,California
Stanislaus,2021-01-08,1280,9419,724,6857,556,2562,0,0,938,8189,339,615,943,8804,California
Stanislaus,2021-01-09,285,9704,141,6998,144,2706,0,0,195,8294,90,705,195,8999,California
Stanislaus,2021-01-10,48,9752,21,7019,27,2733,0,0,29,8304,19,724,29,9028,California
Stanislaus,2021-01-11,1523,11275,1246,8265,277,3010,0,0,596,7995,922,1646,613,9641,California
Stanislaus,2021-01-12,1467,12742,863,9128,604,3614,0,0,829,8197,634,2280,836,10477,California
Stanislaus,2021-01-13,1439,14181,685,9813,754,4368,0,0,1117,9001,322,2602,1126,11603,California
Stanislaus,2021-01-14,2229,16410,281,10094,1948,6316,0,0,2065,10968,162,2764,2129,13732,California
Stanislaus,2021-01-15,2820,19230,1156,11250,1664,7980,0,0,2671,13571,145,2909,2748,16480,California
Stanislaus,2021-01-16,472,19702,51,11301,421,8401,0,0,455,14012,16,2925,457,16937,California
Stanislaus,2021-01-17,244,19946,202,11503,42,8443,0,0,238,14245,5,2930,238,17175,California
Stanislaus,2021-01-18,2185,22131,1024,12527,1161,9604,0,0,1803,15739,377,3307,1871,19046,California
Stanislaus,2021-01-19,1250,23381,722,13249,528,10132,0,0,806,16105,441,3748,807,19853,California
Stanislaus,2021-01-20,1001,24382,486,13735,515,10647,0,0,711,16527,289,4037,711,20564,California
Stanislaus,2021-01-21,3648,28030,2951,16686,697,11344,0,0,3331,19642,315,4352,3430,23994,California
Stanislaus,2021-01-22,1066,29096,307,16993,759,12103,0,0,1021,20626,41,4393,1025,25019,California
Stanislaus,2021-01-23,341,29437,41,17034,300,12403,0,0,284,20858,56,4449,288,25307,California
Stanislaus,2021-01-24,293,29730,101,17135,192,12595,0,0,227,21021,66,4515,229,25536,California
Stanislaus,2021-01-25,3139,32869,226,17361,2913,15508,0,0,2826,23707,278,4793,2964,28500,California
Stanislaus,2021-01-26,1722,34591,744,18105,978,16486,0,0,1298,24603,418,5211,1314,29814,California
Stanislaus,2021-01-27,1867,36458,1030,19135,837,17323,0,0,1163,25107,660,5871,1164,30978,California
Stanislaus,2021-01-28,2200,38658,1504,20639,696,18019,0,0,1716,26401,476,6347,1770,32748,California
Stanislaus,2021-01-29,2432,41090,1191,21830,1241,19260,0,0,1911,27880,476,6823,1955,34703,California
Stanislaus,2021-01-30,292,41382,131,21961,161,19421,0,0,229,28057,52,6875,229,34932,California
Stanislaus,2021-01-31,368,41750,314,22275,54,19475,0,0,352,28396,13,6888,352,35284,California
Stanislaus,2021-02-01,1263,43013,557,22832,706,20181,0,0,916,28976,336,7224,916,36200,California
Stanislaus,2021-02-02,1234,44247,375,23207,859,21040,0,0,779,29314,445,7669,783,36983,California
Stanislaus,2021-02-03,2468,46715,1089,24296,1379,22419,0,0,1797,30450,667,8336,1803,38786,California
Stanislaus,2021-02-04,2095,48810,725,25021,1370,23789,0,0,1578,31529,504,8840,1583,40369,California
Stanislaus,2021-02-05,2835,51645,1457,26478,1378,25167,0,0,1583,31924,1197,10037,1592,41961,California
Stanislaus,2021-02-06,884,52529,301,26779,583,25750,0,0,693,32429,189,10226,694,42655,California
Stanislaus,2021-02-07,213,52742,189,26968,24,25774,0,0,42,32302,170,10396,43,42698,California
Stanislaus,2021-02-08,2017,54759,1319,28287,698,26472,0,0,1095,32521,887,11283,1106,43804,California
Stanislaus,2021-02-09,1832,56591,779,29066,1053,27525,0,0,1043,32801,769,12052,1049,44853,California
Stanislaus,2021-02-10,1931,58522,531,29597,1400,28925,0,0,1011,32914,900,12952,1013,45866,California
Stanislaus,2021-02-11,5374,63896,3261,32858,2113,31038,0,0,1226,30187,3957,16909,1230,47096,California
Stanislaus,2021-02-12,3284,67180,912,33770,2372,33410,0,0,1446,29872,1766,18675,1451,48547,California
Stanislaus,2021-02-13,1347,68527,649,34419,698,34108,0,0,979,30491,364,19039,983,49530,California
Stanislaus,2021-02-14,421,68948,168,34587,253,34361,0,0,352,30776,67,19106,352,49882,California
Stanislaus,2021-02-15,1809,70757,230,34817,1579,35940,0,0,579,30237,1122,20228,583,50465,California
Stanislaus,2021-02-16,1358,72115,420,35237,938,36878,0,0,581,30052,768,20996,583,51048,California
Stanislaus,2021-02-17,2732,74847,1670,36907,1062,37940,0,0,1935,31200,794,21790,1942,52990,California
Stanislaus,2021-02-18,3347,78194,1890,38797,1457,39397,0,0,1790,31528,1477,23267,1805,54795,California
Stanislaus,2021-02-19,2722,80916,1056,39853,1666,41063,0,0,1525,31906,1159,24426,1537,56332,California
Stanislaus,2021-02-20,745,81661,378,40231,367,41430,0,0,482,32145,245,24671,484,56816,California
Stanislaus,2021-02-21,904,82565,689,40920,215,41645,0,0,550,32376,330,25001,561,57377,California
Stanislaus,2021-02-22,2338,84903,1690,42610,648,42293,0,0,1634,33331,679,25680,1634,59011,California
Stanislaus,2021-02-23,3693,88596,679,43289,3014,45307,0,0,1731,33254,1815,27495,1738,60749,California
Stanislaus,2021-02-24,4153,92749,2837,46126,1316,46623,0,0,3130,35381,1006,28501,3133,63882,California
Stanislaus,2021-02-25,3873,96622,2639,48765,1234,47857,0,0,3074,37676,782,29283,3077,66959,California
Stanislaus,2021-02-26,4180,100802,1213,49978,2967,50824,0,0,2828,39210,1304,30587,2838,69797,California
Stanislaus,2021-02-27,2089,102891,705,50683,1383,52207,1,1,1862,40874,199,30786,1863,71660,California
Stanislaus,2021-02-28,817,103708,262,50945,555,52762,0,1,769,41605,39,30825,770,72430,California
Stanislaus,2021-03-01,2755,106463,1620,52565,1134,53896,1,2,1626,42137,1104,31929,1636,74066,California
Stanislaus,2021-03-02,2375,108838,1411,53976,963,54859,1,3,1654,43080,712,32641,1655,75721,California
Stanislaus,2021-03-03,3707,112545,2227,56203,1478,56337,2,5,2905,45200,785,33426,2905,78626,California
Stanislaus,2021-03-04,5429,117974,3102,59305,2311,58648,16,21,4192,48194,1210,34636,4204,82830,California
Stanislaus,2021-03-05,4007,121981,1109,60414,2882,61530,16,37,3044,50313,940,35576,3059,85889,California
Stanislaus,2021-03-06,3573,125554,2225,62639,1255,62785,93,130,2722,52283,847,36423,2817,88706,California
Stanislaus,2021-03-07,845,126399,385,63024,424,63209,36,166,657,52794,182,36605,693,89399,California
Stanislaus,2021-03-08,1982,128381,854,63878,1039,64248,89,255,1322,53558,646,37251,1410,90809,California
Stanislaus,2021-03-09,2169,130550,893,64771,1184,65432,92,347,1627,54751,530,37781,1723,92532,California
Stanislaus,2021-03-10,5050,135600,2492,67263,2337,67769,221,568,3733,57418,1300,39081,3967,96499,California
Stanislaus,2021-03-11,5702,141302,3129,70392,2097,69866,476,1044,4126,60606,1416,40497,4604,101103,California
Stanislaus,2021-03-12,5756,147058,1226,71618,2609,72475,1921,2965,2918,62619,2820,43317,4833,105936,California
Stanislaus,2021-03-13,3372,150430,2177,73795,1127,73602,68,3033,2684,64695,681,43998,2757,108693,California
Stanislaus,2021-03-14,993,151423,595,74390,347,73949,51,3084,490,64739,500,44498,544,109237,California
Stanislaus,2021-03-15,3683,155106,1971,76361,1354,75303,358,3442,1602,64719,1986,46484,1966,111203,California
Stanislaus,2021-03-16,4900,160006,2441,78802,2048,77351,411,3853,3533,67313,1349,47833,3943,115146,California
Stanislaus,2021-03-17,4706,164712,2849,81651,1681,79032,176,4029,2883,68577,1801,49634,3065,118211,California
Stanislaus,2021-03-18,5408,170120,3410,85061,1930,80962,68,4097,2977,69341,2285,51919,3049,121260,California
Stanislaus,2021-03-19,5911,176031,1527,86588,2859,83821,1525,5622,3098,71178,2784,54703,4621,125881,California
Stanislaus,2021-03-20,3833,179864,2999,89587,766,84587,68,5690,3362,74145,464,55167,3431,129312,California
Stanislaus,2021-03-21,982,180846,882,90469,35,84622,65,5755,746,74722,234,55401,811,130123,California
Stanislaus,2021-03-22,2806,183652,1319,91788,763,85385,724,6479,1241,75138,1549,56950,1965,132088,California
Stanislaus,2021-03-23,3937,187589,2013,93801,1664,87049,260,6739,2812,77121,1108,58058,3091,135179,California
Stanislaus,2021-03-24,4536,192125,3212,97013,1255,88304,69,6808,2636,77972,1857,59915,2708,137887,California
Stanislaus,2021-03-25,4229,196354,2904,99917,1309,89613,16,6824,1811,77458,2341,62256,1827,139714,California
Stanislaus,2021-03-26,4714,201068,1332,101249,3307,92920,75,6899,2372,77611,2308,64564,2461,142175,California
Stanislaus,2021-03-27,4336,205404,2712,103961,1581,94501,43,6942,1377,76095,2943,67507,1427,143602,California
Stanislaus,2021-03-28,1101,206505,437,104398,557,95058,107,7049,320,75758,769,68276,432,144034,California
Stanislaus,2021-03-29,2971,209476,1821,106219,1111,96169,39,7088,1983,76808,978,69254,2028,146062,California
Stanislaus,2021-03-30,3662,213138,2051,108270,1584,97753,27,7115,2232,77651,1422,70676,2265,148327,California
Stanislaus,2021-03-31,5396,218534,3827,112097,1450,99203,119,7234,2767,77928,2612,73288,2889,151216,California
Stanislaus,2021-04-01,5718,224252,3825,115922,1804,101007,89,7323,2625,77574,3078,76366,2724,153940,California
Stanislaus,2021-04-02,4983,229235,1210,117132,3621,104628,152,7475,2236,77309,2664,79030,2399,156339,California
Stanislaus,2021-04-03,4541,233776,3300,120432,1204,105832,37,7512,2240,77305,2292,81322,2288,158627,California
Stanislaus,2021-04-04,1317,235093,472,120904,815,106647,30,7542,653,77333,659,81981,687,159314,California
Stanislaus,2021-04-05,3616,238709,2525,123429,841,107488,250,7792,2350,78679,1257,83238,2603,161917,California
Stanislaus,2021-04-06,5731,244440,4156,127585,1302,108790,273,8065,3078,79397,2640,85878,3358,165275,California
Stanislaus,2021-04-07,6335,250775,3594,131179,2322,111112,419,8484,2830,79162,3490,89368,3255,168530,California
Stanislaus,2021-04-08,5664,256439,3316,134495,1917,113029,431,8915,2761,79474,2885,92253,3197,171727,California
Stanislaus,2021-04-09,4806,261245,2102,136597,2336,115365,368,9283,2182,79434,2602,94855,2562,174289,California
Stanislaus,2021-04-10,6471,267716,3980,140577,856,116221,1635,10918,1997,78606,4454,99309,3626,177915,California
Stanislaus,2021-04-11,1518,269234,849,141426,536,116757,133,11051,664,78552,852,100161,798,178713,California
Stanislaus,2021-04-12,3580,272814,2037,143463,1099,117856,444,11495,1870,79176,1697,101858,2321,181034,California
Stanislaus,2021-04-13,5182,277996,3411,146874,1758,119614,13,11508,2919,79871,2230,104088,2925,183959,California
Stanislaus,2021-04-14,4636,282632,3248,150122,1387,121001,1,11509,2249,79768,2357,106445,2254,186213,California
Stanislaus,2021-04-15,5370,288002,3305,153427,2063,123064,2,11511,3231,80899,2104,108549,3235,189448,California
Stanislaus,2021-04-16,4272,292274,980,154407,3291,126355,1,11512,1808,80285,2424,110973,1810,191258,California
Stanislaus,2021-04-17,3129,295403,2095,156502,1034,127389,0,11512,1829,80829,1289,112262,1833,193091,California
Stanislaus,2021-04-18,526,295929,213,156715,313,127702,0,11512,403,81117,117,112379,405,193496,California
Stanislaus,2021-04-19,3448,299377,2445,159160,1002,128704,1,11513,1638,80983,1780,114159,1646,195142,California
Stanislaus,2021-04-20,3965,303342,2407,161567,1558,130262,0,11513,1737,80522,2200,116359,1739,196881,California
Stanislaus,2021-04-21,3786,307128,2524,164091,1261,131523,1,11514,1600,79978,2151,118510,1607,198488,California
Stanislaus,2021-04-22,3932,311060,2393,166484,1539,133062,0,11514,1575,79244,2314,120824,1580,200068,California
Stanislaus,2021-04-23,3587,314647,842,167326,2745,135807,0,11514,1475,78706,2020,122844,1482,201550,California
Stanislaus,2021-04-24,3721,318368,2919,170245,802,136609,0,11514,1733,78473,1973,124817,1740,203290,California
Stanislaus,2021-04-25,931,319299,478,170723,453,137062,0,11514,681,78914,245,125062,686,203976,California
Stanislaus,2021-04-26,3166,322465,2228,172951,932,137994,6,11520,924,77625,2227,127289,938,204914,California
Stanislaus,2021-04-27,3797,326262,2660,175611,1095,139089,42,11562,1060,76009,2719,130008,1103,206017,California
Stanislaus,2021-04-28,4122,330384,2903,178514,1157,140246,62,11624,1805,75586,2302,132310,1879,207896,California
Stanislaus,2021-04-29,3568,333952,2224,180738,1296,141542,48,11672,1396,74882,2157,134467,1453,209349,California
Stanislaus,2021-04-30,4478,338430,2041,182779,2353,143895,84,11756,1773,74052,2695,137162,1865,211214,California
Stanislaus,2021-05-01,2700,341130,1921,184700,739,144634,40,11796,1009,73427,1682,138844,1057,212271,California
Stanislaus,2021-05-02,1065,342195,608,185308,421,145055,36,11832,515,73438,545,139389,556,212827,California
Stanislaus,2021-05-03,2376,344571,1895,187203,414,145469,67,11899,892,72935,1474,140863,971,213798,California
Stanislaus,2021-05-04,3405,347976,2436,189639,887,146356,82,11981,1015,71660,2381,143244,1106,214904,California
Stanislaus,2021-05-05,3124,351100,2107,191746,944,147300,73,12054,1044,70717,2063,145307,1120,216024,California
Stanislaus,2021-05-06,3067,354167,2282,194028,676,147976,109,12163,1005,69788,2049,147356,1120,217144,California
Stanislaus,2021-05-07,2257,356424,877,194905,1239,149215,141,12304,925,69531,1324,148680,1067,218211,California
Stanislaus,2021-05-08,1930,358354,1320,196225,576,149791,34,12338,691,69033,1227,149907,729,218940,California
Stanislaus,2021-05-09,705,359059,336,196561,341,150132,28,12366,303,68967,401,150308,335,219275,California
Stanislaus,2021-05-10,1641,360700,1127,197688,435,150567,79,12445,432,68281,1201,151509,515,219790,California
Stanislaus,2021-05-11,2079,362779,1293,198981,654,151221,132,12577,546,67435,1528,153037,682,220472,California
Stanislaus,2021-05-12,1513,364292,925,199906,531,151752,57,12634,497,66984,1007,154044,556,221028,California
Sutter,2020-12-15,1,1,1,1,0,0,0,0,1,1,0,0,1,1,California
Sutter,2020-12-16,4,5,4,5,0,0,0,0,4,5,0,0,4,5,California
Sutter,2020-12-17,2,7,2,7,0,0,0,0,2,7,0,0,2,7,California
Sutter,2020-12-18,20,27,20,27,0,0,0,0,20,27,0,0,20,27,California
Sutter,2020-12-19,44,71,44,71,0,0,0,0,44,71,0,0,44,71,California
Sutter,2020-12-20,42,113,42,113,0,0,0,0,42,113,0,0,42,113,California
Sutter,2020-12-21,100,213,100,213,0,0,0,0,100,213,0,0,100,213,California
Sutter,2020-12-22,172,385,172,385,0,0,0,0,172,385,0,0,172,385,California
Sutter,2020-12-23,116,501,111,496,5,5,0,0,116,501,0,0,116,501,California
Sutter,2020-12-24,17,518,11,507,6,11,0,0,17,518,0,0,17,518,California
Sutter,2020-12-26,38,556,34,541,4,15,0,0,38,556,0,0,38,556,California
Sutter,2020-12-27,24,580,23,564,1,16,0,0,24,580,0,0,24,580,California
Sutter,2020-12-28,83,663,55,619,28,44,0,0,83,663,0,0,83,663,California
Sutter,2020-12-29,102,765,14,633,88,132,0,0,102,765,0,0,102,765,California
Sutter,2020-12-30,137,902,34,667,103,235,0,0,137,902,0,0,137,902,California
Sutter,2020-12-31,70,972,6,673,64,299,0,0,70,972,0,0,70,972,California
Sutter,2021-01-01,3,975,3,676,0,299,0,0,3,975,0,0,3,975,California
Sutter,2021-01-02,133,1108,131,807,2,301,0,0,133,1108,0,0,133,1108,California
Sutter,2021-01-03,1,1109,0,807,1,302,0,0,1,1109,0,0,1,1109,California
Sutter,2021-01-04,247,1356,139,946,108,410,0,0,247,1356,0,0,247,1356,California
Sutter,2021-01-05,100,1456,57,1003,43,453,0,0,98,1452,2,2,98,1454,California
Sutter,2021-01-06,204,1660,50,1053,154,607,0,0,199,1646,5,7,199,1653,California
Sutter,2021-01-07,251,1911,151,1204,100,707,0,0,242,1880,8,15,242,1895,California
Sutter,2021-01-08,147,2058,40,1244,107,814,0,0,130,1993,17,32,130,2025,California
Sutter,2021-01-09,46,2104,43,1287,3,817,0,0,5,1957,41,73,5,2030,California
Sutter,2021-01-10,397,2501,37,1324,360,1177,0,0,359,2279,37,110,359,2389,California
Sutter,2021-01-11,132,2633,114,1438,18,1195,0,0,26,2199,106,216,26,2415,California
Sutter,2021-01-12,201,2834,164,1602,37,1232,0,0,58,2114,143,359,58,2473,California
Sutter,2021-01-13,161,2995,98,1700,63,1295,0,0,71,2096,89,448,71,2544,California
Sutter,2021-01-14,145,3140,49,1749,96,1391,0,0,126,2203,19,467,126,2670,California
Sutter,2021-01-15,436,3576,132,1881,304,1695,0,0,421,2609,15,482,421,3091,California
Sutter,2021-01-16,384,3960,41,1922,343,2038,0,0,353,2932,30,512,353,3444,California
Sutter,2021-01-17,26,3986,24,1946,2,2040,0,0,10,2926,16,528,10,3454,California
Sutter,2021-01-18,116,4102,61,2007,55,2095,0,0,69,2948,47,575,69,3523,California
Sutter,2021-01-19,104,4206,43,2050,61,2156,0,0,79,3002,25,600,79,3602,California
Sutter,2021-01-20,255,4461,190,2240,65,2221,0,0,235,3217,20,620,235,3837,California
Sutter,2021-01-21,472,4933,303,2543,169,2390,0,0,453,3651,19,639,453,4290,California
Sutter,2021-01-22,269,5202,81,2624,188,2578,0,0,260,3902,9,648,260,4550,California
Sutter,2021-01-23,397,5599,40,2664,357,2935,0,0,370,4245,27,675,370,4920,California
Sutter,2021-01-24,17,5616,14,2678,3,2938,0,0,15,4258,2,677,15,4935,California
Sutter,2021-01-25,307,5923,197,2875,110,3048,0,0,152,4256,154,831,152,5087,California
Sutter,2021-01-26,243,6166,103,2978,140,3188,0,0,143,4300,99,930,143,5230,California
Sutter,2021-01-27,386,6552,255,3233,131,3319,0,0,320,4554,66,996,320,5550,California
Sutter,2021-01-28,525,7077,301,3534,224,3543,0,0,395,4820,129,1125,395,5945,California
Sutter,2021-01-29,419,7496,146,3680,273,3816,0,0,254,4909,165,1290,254,6199,California
Sutter,2021-01-30,775,8271,38,3718,737,4553,0,0,764,5662,11,1301,764,6963,California
Sutter,2021-01-31,27,8298,27,3745,0,4553,0,0,27,5689,0,1301,27,6990,California
Sutter,2021-02-01,165,8463,49,3794,116,4669,0,0,134,5792,31,1332,134,7124,California
Sutter,2021-02-02,244,8707,27,3821,217,4886,0,0,212,5972,32,1364,212,7336,California
Sutter,2021-02-03,443,9150,38,3859,405,5291,0,0,210,5949,233,1597,210,7546,California
Sutter,2021-02-04,670,9820,366,4225,304,5595,0,0,620,6519,50,1647,620,8166,California
Sutter,2021-02-05,285,10105,32,4257,253,5848,0,0,136,6506,149,1796,136,8302,California
Sutter,2021-02-06,735,10840,29,4286,706,6554,0,0,713,7197,22,1818,713,9015,California
Sutter,2021-02-07,23,10863,20,4306,3,6557,0,0,19,7212,4,1822,19,9034,California
Sutter,2021-02-08,134,10997,29,4335,105,6662,0,0,98,7274,36,1858,98,9132,California
Sutter,2021-02-09,245,11242,45,4380,200,6862,0,0,184,7397,61,1919,184,9316,California
Sutter,2021-02-10,818,12060,379,4759,439,7301,0,0,177,6934,640,2559,177,9493,California
Sutter,2021-02-11,603,12663,275,5034,328,7629,0,0,345,7021,258,2817,345,9838,California
Sutter,2021-02-12,633,13296,67,5101,566,8195,0,0,310,7009,322,3139,310,10148,California
Sutter,2021-02-13,898,14194,49,5150,849,9044,0,0,781,7673,117,3256,781,10929,California
Sutter,2021-02-14,90,14284,25,5175,65,9109,0,0,80,7743,10,3266,80,11009,California
Sutter,2021-02-15,198,14482,73,5248,125,9234,0,0,119,7783,79,3345,119,11128,California
Sutter,2021-02-16,289,14771,45,5293,244,9478,0,0,205,7905,83,3428,205,11333,California
Sutter,2021-02-17,823,15594,428,5721,395,9873,0,0,129,7340,694,4122,129,11462,California
Sutter,2021-02-18,700,16294,55,5776,645,10518,0,0,489,7619,210,4332,489,11951,California
Sutter,2021-02-19,665,16959,378,6154,287,10805,0,0,463,7882,200,4532,463,12414,California
Sutter,2021-02-20,622,17581,55,6209,567,11372,0,0,519,8299,102,4634,519,12933,California
Sutter,2021-02-21,29,17610,26,6235,3,11375,0,0,6,8282,23,4657,6,12939,California
Sutter,2021-02-22,207,17817,122,6357,85,11460,0,0,87,8249,120,4777,87,13026,California
Sutter,2021-02-23,223,18040,33,6390,190,11650,0,0,97,8220,126,4903,97,13123,California
Sutter,2021-02-24,960,19000,349,6739,611,12261,0,0,190,7641,769,5672,190,13313,California
Sutter,2021-02-25,784,19784,497,7236,287,12548,0,0,603,8066,178,5850,603,13916,California
Sutter,2021-02-26,370,20154,59,7295,311,12859,0,0,154,8006,214,6064,154,14070,California
Sutter,2021-02-27,865,21019,44,7339,821,13680,0,0,710,8559,157,6221,710,14780,California
Sutter,2021-02-28,83,21102,38,7377,45,13725,0,0,64,8605,18,6239,64,14844,California
Sutter,2021-03-01,247,21349,61,7438,186,13911,0,0,150,8658,97,6336,150,14994,California
Sutter,2021-03-02,334,21683,57,7495,277,14188,0,0,160,8645,173,6509,160,15154,California
Sutter,2021-03-03,1384,23067,514,8009,870,15058,0,0,647,8561,731,7240,647,15801,California
Sutter,2021-03-04,1256,24323,867,8876,389,15447,0,0,950,9209,302,7542,950,16751,California
Sutter,2021-03-05,337,24660,77,8953,259,15706,1,1,204,9282,132,7674,205,16956,California
Sutter,2021-03-06,1022,25682,46,8999,971,16677,5,6,860,9985,162,7836,865,17821,California
Sutter,2021-03-07,64,25746,23,9022,40,16717,1,7,44,10010,20,7856,45,17866,California
Sutter,2021-03-08,226,25972,79,9101,135,16852,12,19,158,10112,68,7924,170,18036,California
Sutter,2021-03-09,386,26358,136,9237,237,17089,13,32,183,10106,202,8126,196,18232,California
Sutter,2021-03-10,1571,27929,683,9920,827,17916,61,93,527,9653,1041,9167,588,18820,California
Sutter,2021-03-11,894,28823,442,10362,433,18349,19,112,647,10075,244,9411,666,19486,California
Sutter,2021-03-12,672,29495,110,10472,380,18729,182,294,198,9982,471,9882,378,19864,California
Sutter,2021-03-13,981,30476,747,11219,217,18946,17,311,778,10576,201,10083,795,20659,California
Sutter,2021-03-14,128,30604,21,11240,96,19042,11,322,43,10545,85,10168,54,20713,California
Sutter,2021-03-15,318,30922,66,11306,203,19245,49,371,151,10579,166,10334,200,20913,California
Sutter,2021-03-16,388,31310,86,11392,255,19500,47,418,210,10657,178,10512,256,21169,California
Sutter,2021-03-17,1497,32807,565,11957,913,20413,19,437,310,9807,1179,11691,329,21498,California
Sutter,2021-03-18,963,33770,176,12133,587,21000,200,637,568,10180,394,12085,767,22265,California
Sutter,2021-03-19,462,34232,164,12297,269,21269,29,666,283,10315,177,12262,312,22577,California
Sutter,2021-03-20,951,35183,116,12413,824,22093,11,677,863,11101,88,12350,874,23451,California
Sutter,2021-03-21,67,35250,47,12460,17,22110,3,680,37,11111,30,12380,40,23491,California
Sutter,2021-03-22,287,35537,120,12580,141,22251,26,706,212,11275,74,12454,238,23729,California
Sutter,2021-03-23,376,35913,116,12696,228,22479,32,738,254,11439,122,12576,286,24015,California
Sutter,2021-03-24,1684,37597,773,13469,841,23320,70,808,317,10473,1353,13929,387,24402,California
Sutter,2021-03-25,1038,38635,679,14148,318,23638,41,849,369,10216,667,14596,410,24812,California
Sutter,2021-03-26,487,39122,174,14322,296,23934,17,866,294,10337,190,14786,311,25123,California
Sutter,2021-03-27,932,40054,63,14385,867,24801,2,868,824,11058,105,14891,826,25949,California
Sutter,2021-03-28,125,40179,71,14456,54,24855,0,868,78,11091,45,14936,78,26027,California
Sutter,2021-03-29,427,40606,144,14600,228,25083,55,923,226,11173,199,15135,281,26308,California
Sutter,2021-03-30,476,41082,159,14759,307,25390,10,933,317,11341,159,15294,327,26635,California
Sutter,2021-03-31,1244,42326,175,14934,1053,26443,16,949,444,11010,790,16084,459,27094,California
Sutter,2021-04-01,1375,43701,732,15666,456,26899,187,1136,420,10668,948,17032,606,27700,California
Sutter,2021-04-02,513,44214,99,15765,296,27195,118,1254,201,10673,311,17343,316,28016,California
Sutter,2021-04-03,909,45123,77,15842,209,27404,623,1877,120,10629,787,18130,743,28759,California
Sutter,2021-04-04,117,45240,22,15864,89,27493,6,1883,54,10626,63,18193,60,28819,California
Sutter,2021-04-05,368,45608,146,16010,186,27679,36,1919,177,10651,188,18381,213,29032,California
Sutter,2021-04-06,509,46117,196,16206,257,27936,56,1975,272,10743,236,18617,328,29360,California
Sutter,2021-04-07,1465,47582,864,17070,526,28462,75,2050,603,10565,856,19473,678,30038,California
Sutter,2021-04-08,1024,48606,575,17645,340,28802,109,2159,561,10775,458,19931,668,30706,California
Sutter,2021-04-09,558,49164,246,17891,249,29051,63,2222,235,10752,321,20252,298,31004,California
Sutter,2021-04-10,819,49983,106,17997,88,29139,625,2847,105,10764,712,20964,724,31728,California
Sutter,2021-04-11,110,50093,28,18025,40,29179,42,2889,32,10760,78,21042,74,31802,California
Sutter,2021-04-12,337,50430,91,18116,192,29371,54,2943,137,10751,200,21242,191,31993,California
Sutter,2021-04-13,429,50859,126,18242,303,29674,0,2943,214,10752,213,21455,214,32207,California
Sutter,2021-04-14,1292,52151,160,18402,1131,30805,1,2944,213,9893,1073,22528,214,32421,California
Sutter,2021-04-15,535,52686,174,18576,361,31166,0,2944,214,9788,319,22847,214,32635,California
Sutter,2021-04-16,393,53079,122,18698,271,31437,0,2944,180,9756,212,23059,180,32815,California
Sutter,2021-04-17,577,53656,84,18782,493,31930,0,2944,506,10193,69,23128,506,33321,California
Sutter,2021-04-18,69,53725,10,18792,59,31989,0,2944,42,10209,26,23154,42,33363,California
Sutter,2021-04-19,289,54014,110,18902,179,32168,0,2944,121,10164,166,23320,121,33484,California
Sutter,2021-04-20,391,54405,136,19038,255,32423,0,2944,202,10178,188,23508,202,33686,California
Sutter,2021-04-21,1237,55642,423,19461,814,33237,0,2944,478,9906,750,24258,478,34164,California
Sutter,2021-04-22,474,56116,166,19627,308,33545,0,2944,246,9925,227,24485,246,34410,California
Sutter,2021-04-23,399,56515,117,19744,282,33827,0,2944,187,9901,211,24696,187,34597,California
Sutter,2021-04-24,324,56839,105,19849,219,34046,0,2944,185,9948,138,24834,185,34782,California
Sutter,2021-04-25,157,56996,75,19924,82,34128,0,2944,86,9966,68,24902,86,34868,California
Sutter,2021-04-26,259,57255,60,19984,197,34325,2,2946,114,9939,143,25045,116,34984,California
Sutter,2021-04-27,487,57742,228,20212,255,34580,4,2950,225,9909,259,25304,229,35213,California
Sutter,2021-04-28,817,58559,342,20554,467,35047,8,2958,259,9623,553,25857,267,35480,California
Sutter,2021-04-29,773,59332,134,20688,638,35685,1,2959,308,9470,462,26319,309,35789,California
Sutter,2021-04-30,356,59688,109,20797,234,35919,13,2972,145,9419,208,26527,157,35946,California
Sutter,2021-05-01,294,59982,105,20902,148,36067,41,3013,124,9417,167,26694,165,36111,California
Sutter,2021-05-02,78,60060,51,20953,25,36092,2,3015,45,9431,33,26727,47,36158,California
Sutter,2021-05-03,171,60231,108,21061,53,36145,10,3025,70,9410,101,26828,80,36238,California
Sutter,2021-05-04,485,60716,233,21294,189,36334,63,3088,208,9406,274,27102,270,36508,California
Sutter,2021-05-05,527,61243,137,21431,382,36716,8,3096,154,9201,367,27469,162,36670,California
Sutter,2021-05-06,368,61611,230,21661,117,36833,21,3117,164,9182,204,27673,185,36855,California
Sutter,2021-05-07,404,62015,147,21808,234,37067,23,3140,147,9098,254,27927,170,37025,California
Sutter,2021-05-08,201,62216,45,21853,149,37216,7,3147,107,9119,93,28020,114,37139,California
Sutter,2021-05-09,81,62297,52,21905,24,37240,5,3152,56,9155,25,28045,61,37200,California
Sutter,2021-05-10,194,62491,47,21952,131,37371,16,3168,53,9085,139,28184,69,37269,California
Sutter,2021-05-11,357,62848,188,22140,160,37531,9,3177,160,9059,194,28378,168,37437,California
Sutter,2021-05-12,255,63103,144,22284,108,37639,3,3180,59,8927,194,28572,62,37499,California
Tehama,2020-12-15,1,1,1,1,0,0,0,0,1,1,0,0,1,1,California
Tehama,2020-12-16,2,3,2,3,0,0,0,0,2,3,0,0,2,3,California
Tehama,2020-12-17,12,15,12,15,0,0,0,0,12,15,0,0,12,15,California
Tehama,2020-12-18,2,17,2,17,0,0,0,0,3,18,0,0,3,18,California
Tehama,2020-12-21,33,50,33,50,0,0,0,0,33,51,0,0,33,51,California
Tehama,2020-12-22,68,118,62,112,6,6,0,0,68,119,0,0,68,119,California
Tehama,2020-12-23,48,166,40,152,8,14,0,0,48,167,0,0,48,167,California
Tehama,2020-12-24,5,171,3,155,2,16,0,0,5,172,0,0,5,172,California
Tehama,2020-12-26,3,174,2,157,1,17,0,0,3,175,0,0,3,175,California
Tehama,2020-12-27,2,176,2,159,0,17,0,0,2,177,0,0,2,177,California
Tehama,2020-12-28,56,232,43,202,13,30,0,0,56,233,0,0,56,233,California
Tehama,2020-12-29,31,263,31,233,0,30,0,0,31,264,0,0,31,264,California
Tehama,2020-12-30,54,317,38,271,16,46,0,0,53,317,0,0,53,317,California
Tehama,2020-12-31,14,331,4,275,10,56,0,0,14,331,0,0,14,331,California
Tehama,2021-01-01,2,333,0,275,2,58,0,0,2,333,0,0,2,333,California
Tehama,2021-01-04,32,365,9,284,23,81,0,0,32,365,0,0,32,365,California
Tehama,2021-01-05,70,435,43,327,27,108,0,0,67,429,3,3,67,432,California
Tehama,2021-01-06,71,506,21,348,50,158,0,0,62,483,8,11,62,494,California
Tehama,2021-01-07,57,563,7,355,50,208,0,0,56,538,1,12,56,550,California
Tehama,2021-01-08,33,596,24,379,9,217,0,0,28,561,5,17,28,578,California
Tehama,2021-01-09,7,603,5,384,2,219,0,0,5,564,2,19,5,583,California
Tehama,2021-01-10,1,604,0,384,1,220,0,0,1,565,0,19,1,584,California
Tehama,2021-01-11,48,652,46,430,2,222,0,0,15,547,33,52,15,599,California
Tehama,2021-01-12,116,768,96,526,20,242,0,0,71,573,45,97,71,670,California
Tehama,2021-01-13,73,841,55,581,18,260,0,0,27,554,46,143,27,697,California
Tehama,2021-01-14,225,1066,50,631,175,435,0,0,223,775,2,145,223,920,California
Tehama,2021-01-15,247,1313,74,705,173,608,0,0,243,1014,4,149,243,1163,California
Tehama,2021-01-16,272,1585,27,732,245,853,0,0,269,1280,3,152,269,1432,California
Tehama,2021-01-17,13,1598,9,741,4,857,0,0,11,1289,2,154,11,1443,California
Tehama,2021-01-18,10,1608,6,747,4,861,0,0,5,1289,5,159,5,1448,California
Tehama,2021-01-19,288,1896,62,809,226,1087,0,0,233,1467,55,214,233,1681,California
Tehama,2021-01-20,301,2197,87,896,214,1301,0,0,251,1669,49,263,251,1932,California
Tehama,2021-01-21,214,2411,11,907,203,1504,0,0,204,1863,10,273,204,2136,California
Tehama,2021-01-22,223,2634,21,928,202,1706,0,0,220,2080,3,276,220,2356,California
Tehama,2021-01-23,261,2895,10,938,251,1957,0,0,260,2339,1,277,260,2616,California
Tehama,2021-01-25,32,2927,14,952,18,1975,0,0,14,2335,18,295,14,2630,California
Tehama,2021-01-26,323,3250,42,994,281,2256,0,0,286,2584,37,332,286,2916,California
Tehama,2021-01-27,299,3549,21,1015,278,2534,0,0,279,2843,20,352,279,3195,California
Tehama,2021-01-28,340,3889,29,1044,311,2845,0,0,325,3153,15,367,325,3520,California
Tehama,2021-01-29,321,4210,19,1063,302,3147,0,0,304,3440,17,384,304,3824,California
Tehama,2021-01-30,103,4313,2,1065,101,3248,0,0,102,3541,1,385,102,3926,California
Tehama,2021-01-31,1,4314,0,1065,1,3249,0,0,1,3542,0,385,1,3927,California
Tehama,2021-02-01,78,4392,22,1087,56,3305,0,0,36,3536,42,427,36,3963,California
Tehama,2021-02-02,347,4739,63,1150,284,3589,0,0,250,3692,94,521,250,4213,California
Tehama,2021-02-03,387,5126,12,1162,375,3964,0,0,343,3991,44,565,343,4556,California
Tehama,2021-02-04,475,5601,98,1260,377,4341,0,0,396,4309,79,644,397,4953,California
Tehama,2021-02-05,173,5774,73,1333,100,4441,0,0,111,4358,62,706,111,5064,California
Tehama,2021-02-06,28,5802,13,1346,15,4456,0,0,16,4362,12,718,16,5080,California
Tehama,2021-02-07,5,5807,4,1350,1,4457,0,0,2,4361,3,721,2,5082,California
Tehama,2021-02-08,36,5843,14,1364,22,4479,0,0,27,4379,9,730,27,5109,California
Tehama,2021-02-09,78,5921,34,1398,44,4523,0,0,44,4389,34,764,44,5153,California
Tehama,2021-02-10,233,6154,62,1460,171,4694,0,0,157,4470,76,840,157,5310,California
Tehama,2021-02-11,222,6376,16,1476,206,4900,0,0,82,4414,138,978,82,5392,California
Tehama,2021-02-12,364,6740,65,1541,299,5199,0,0,174,4398,190,1168,174,5566,California
Tehama,2021-02-13,386,7126,13,1554,373,5572,0,0,147,4306,239,1407,147,5713,California
Tehama,2021-02-14,33,7159,0,1554,33,5605,0,0,32,4337,1,1408,32,5745,California
Tehama,2021-02-15,51,7210,9,1563,42,5647,0,0,45,4376,6,1414,45,5790,California
Tehama,2021-02-16,242,7452,16,1579,226,5873,0,0,60,4254,182,1596,60,5850,California
Tehama,2021-02-17,280,7732,12,1591,268,6141,0,0,54,4082,226,1822,54,5904,California
Tehama,2021-02-18,368,8100,32,1623,336,6477,0,0,144,4002,224,2046,144,6048,California
Tehama,2021-02-19,213,8313,18,1641,195,6672,0,0,42,3873,171,2217,42,6090,California
Tehama,2021-02-20,271,8584,6,1647,265,6937,0,0,26,3654,245,2462,26,6116,California
Tehama,2021-02-22,37,8621,13,1660,24,6961,0,0,24,3665,13,2475,24,6140,California
Tehama,2021-02-23,46,8667,19,1679,27,6988,0,0,26,3671,20,2495,26,6166,California
Tehama,2021-02-24,298,8965,12,1691,286,7274,0,0,26,3425,272,2767,26,6192,California
Tehama,2021-02-25,377,9342,61,1752,316,7590,0,0,38,3124,339,3106,38,6230,California
Tehama,2021-02-26,455,9797,19,1771,436,8026,0,0,70,2809,385,3491,70,6300,California
Tehama,2021-02-27,294,10091,5,1776,289,8315,0,0,34,2583,260,3751,34,6334,California
Tehama,2021-02-28,23,10114,2,1778,21,8336,0,0,20,2600,3,3754,20,6354,California
Tehama,2021-03-01,65,10179,8,1786,57,8393,0,0,31,2597,34,3788,31,6385,California
Tehama,2021-03-02,131,10310,18,1804,113,8506,0,0,30,2526,101,3889,30,6415,California
Tehama,2021-03-03,146,10456,33,1837,113,8619,0,0,47,2474,99,3988,47,6462,California
Tehama,2021-03-04,620,11076,36,1873,584,9203,0,0,222,2305,391,4379,222,6684,California
Tehama,2021-03-05,396,11472,18,1891,378,9581,0,0,215,2340,180,4559,215,6899,California
Tehama,2021-03-06,299,11771,17,1908,282,9863,0,0,81,2205,217,4776,82,6981,California
Tehama,2021-03-07,5,11776,1,1909,4,9867,0,0,3,2207,1,4777,3,6984,California
Tehama,2021-03-08,58,11834,12,1921,31,9898,15,15,27,2219,30,4807,42,7026,California
Tehama,2021-03-09,364,12198,8,1929,337,10235,19,34,309,2492,55,4862,328,7354,California
Tehama,2021-03-10,351,12549,12,1941,318,10553,21,55,69,2301,281,5143,90,7444,California
Tehama,2021-03-11,486,13035,17,1958,423,10976,46,101,343,2547,143,5286,389,7833,California
Tehama,2021-03-12,304,13339,19,1977,220,11196,65,166,179,2666,125,5411,244,8077,California
Tehama,2021-03-13,45,13384,8,1985,31,11227,6,172,6,2639,39,5450,12,8089,California
Tehama,2021-03-14,51,13435,3,1988,37,11264,11,183,10,2619,41,5491,21,8110,California
Tehama,2021-03-15,151,13586,21,2009,110,11374,20,203,84,2656,67,5558,104,8214,California
Tehama,2021-03-16,412,13998,14,2023,360,11734,38,241,311,2905,100,5658,349,8563,California
Tehama,2021-03-17,422,14420,22,2045,368,12102,32,273,337,3191,83,5741,369,8932,California
Tehama,2021-03-18,489,14909,26,2071,439,12541,24,297,310,3348,177,5918,334,9266,California
Tehama,2021-03-19,318,15227,23,2094,282,12823,13,310,276,3595,42,5960,289,9555,California
Tehama,2021-03-20,40,15267,8,2102,30,12853,2,312,28,3613,12,5972,30,9585,California
Tehama,2021-03-21,12,15279,5,2107,7,12860,0,312,12,3625,0,5972,12,9597,California
Tehama,2021-03-22,90,15369,7,2114,66,12926,17,329,49,3650,41,6013,66,9663,California
Tehama,2021-03-23,87,15456,26,2140,54,12980,7,336,68,3706,19,6032,75,9738,California
Tehama,2021-03-24,86,15542,16,2156,68,13048,2,338,55,3732,31,6063,57,9795,California
Tehama,2021-03-25,517,16059,353,2509,151,13199,13,351,468,4165,48,6111,481,10276,California
Tehama,2021-03-26,506,16565,398,2907,96,13295,12,363,431,4533,75,6186,443,10719,California
Tehama,2021-03-27,451,17016,359,3266,67,13362,25,388,384,4876,66,6252,409,11128,California
Tehama,2021-03-28,34,17050,13,3279,21,13383,0,388,22,4886,12,6264,22,11150,California
Tehama,2021-03-29,122,17172,31,3310,90,13473,1,389,78,4920,44,6308,78,11228,California
Tehama,2021-03-30,373,17545,222,3532,149,13622,2,391,255,5059,118,6426,257,11485,California
Tehama,2021-03-31,397,17942,296,3828,98,13720,3,394,325,5315,71,6497,327,11812,California
Tehama,2021-04-01,525,18467,246,4074,273,13993,6,400,392,5580,133,6630,398,12210,California
Tehama,2021-04-02,454,18921,215,4289,233,14226,6,406,269,5670,184,6814,274,12484,California
Tehama,2021-04-03,61,18982,3,4292,53,14279,5,411,30,5674,31,6845,35,12519,California
Tehama,2021-04-04,34,19016,6,4298,27,14306,1,412,22,5685,12,6857,23,12542,California
Tehama,2021-04-05,115,19131,21,4319,68,14374,26,438,60,5716,55,6912,86,12628,California
Tehama,2021-04-06,490,19621,110,4429,329,14703,51,489,140,5557,350,7262,191,12819,California
Tehama,2021-04-07,419,20040,282,4711,93,14796,44,533,304,5790,114,7376,347,13166,California
Tehama,2021-04-08,600,20640,174,4885,388,15184,38,571,229,5687,370,7746,267,13433,California
Tehama,2021-04-09,430,21070,193,5078,204,15388,33,604,215,5722,213,7959,248,13681,California
Tehama,2021-04-10,72,21142,9,5087,37,15425,26,630,39,5754,33,7992,65,13746,California
Tehama,2021-04-11,33,21175,7,5094,15,15440,11,641,8,5748,25,8017,19,13765,California
Tehama,2021-04-12,113,21288,6,5100,88,15528,19,660,43,5740,70,8087,62,13827,California
Tehama,2021-04-13,313,21601,61,5161,252,15780,0,660,65,5558,248,8335,66,13893,California
Tehama,2021-04-14,475,22076,51,5212,424,16204,0,660,52,5188,422,8757,52,13945,California
Tehama,2021-04-15,495,22571,191,5403,304,16508,0,660,84,4861,411,9168,84,14029,California
Tehama,2021-04-16,587,23158,335,5738,252,16760,0,660,75,4424,512,9680,75,14104,California
Tehama,2021-04-17,347,23505,268,6006,79,16839,0,660,41,4161,305,9985,42,14146,California
Tehama,2021-04-18,16,23521,2,6008,14,16853,0,660,12,4169,4,9989,12,14158,California
Tehama,2021-04-19,93,23614,7,6015,86,16939,0,660,40,4156,53,10042,40,14198,California
Tehama,2021-04-20,500,24114,412,6427,88,17027,0,660,146,3952,352,10394,148,14346,California
Tehama,2021-04-21,518,24632,444,6871,74,17101,0,660,168,3770,350,10744,168,14514,California
Tehama,2021-04-22,514,25146,363,7234,151,17252,0,660,150,3557,363,11107,150,14664,California
Tehama,2021-04-23,445,25591,347,7581,98,17350,0,660,204,3521,241,11348,205,14869,California
Tehama,2021-04-24,104,25695,18,7599,86,17436,0,660,30,3477,74,11422,30,14899,California
Tehama,2021-04-25,29,25724,18,7617,11,17447,0,660,11,3470,18,11440,11,14910,California
Tehama,2021-04-26,72,25796,7,7624,65,17512,0,660,41,3481,30,11470,41,14951,California
Tehama,2021-04-27,248,26044,203,7827,45,17557,0,660,91,3415,157,11627,91,15042,California
Tehama,2021-04-28,395,26439,318,8145,60,17617,17,677,65,3167,330,11957,82,15124,California
Tehama,2021-04-29,350,26789,171,8316,174,17791,5,682,67,2957,282,12239,72,15196,California
Tehama,2021-04-30,324,27113,240,8556,78,17869,6,688,112,2863,212,12451,118,15314,California
Tehama,2021-05-01,72,27185,4,8560,65,17934,3,691,14,2822,58,12509,17,15331,California
Tehama,2021-05-02,46,27231,24,8584,10,17944,12,703,26,2840,20,12529,38,15369,California
Tehama,2021-05-03,117,27348,41,8625,68,18012,8,711,62,2855,55,12584,70,15439,California
Tehama,2021-05-04,153,27501,53,8678,93,18105,7,718,66,2841,87,12671,73,15512,California
Tehama,2021-05-05,89,27590,22,8700,56,18161,11,729,40,2843,49,12720,51,15563,California
Tehama,2021-05-06,163,27753,88,8788,57,18218,18,747,96,2890,67,12787,114,15677,California
Tehama,2021-05-07,161,27914,69,8857,82,18300,10,757,43,2828,115,12902,53,15730,California
Tehama,2021-05-08,47,27961,6,8863,40,18340,1,758,11,2804,36,12938,12,15742,California
Tehama,2021-05-09,16,27977,3,8866,12,18352,1,759,6,2801,10,12948,7,15749,California
Tehama,2021-05-10,82,28059,7,8873,68,18420,7,766,40,2807,41,12989,47,15796,California
Tehama,2021-05-11,146,28205,115,8988,21,18441,10,776,23,2717,123,13112,33,15829,California
Tehama,2021-05-12,169,28374,125,9113,37,18478,7,783,26,2607,143,13255,33,15862,California
Trinity,2020-12-17,4,4,4,4,0,0,0,0,4,4,0,0,4,4,California
Trinity,2020-12-18,2,6,2,6,0,0,0,0,2,6,0,0,2,6,California
Trinity,2020-12-21,39,45,39,45,0,0,0,0,39,45,0,0,39,45,California
Trinity,2020-12-22,5,50,5,50,0,0,0,0,5,50,0,0,5,50,California
Trinity,2020-12-23,5,55,5,55,0,0,0,0,5,55,0,0,5,55,California
Trinity,2020-12-28,30,85,30,85,0,0,0,0,30,85,0,0,30,85,California
Trinity,2020-12-29,8,93,7,92,1,1,0,0,8,93,0,0,8,93,California
Trinity,2020-12-30,10,103,8,100,2,3,0,0,10,103,0,0,10,103,California
Trinity,2020-12-31,2,105,1,101,1,4,0,0,2,105,0,0,2,105,California
Trinity,2021-01-04,28,133,0,101,28,32,0,0,27,132,0,0,27,132,California
Trinity,2021-01-05,2,135,1,102,1,33,0,0,2,134,0,0,2,134,California
Trinity,2021-01-06,24,159,4,106,20,53,0,0,20,150,4,4,20,154,California
Trinity,2021-01-08,49,208,2,108,47,100,0,0,48,196,2,6,48,202,California
Trinity,2021-01-11,42,250,39,147,3,103,0,0,4,162,38,44,4,206,California
Trinity,2021-01-12,9,259,7,154,2,105,0,0,4,161,5,49,4,210,California
Trinity,2021-01-13,7,266,4,158,3,108,0,0,4,162,3,52,4,214,California
Trinity,2021-01-14,4,270,1,159,3,111,0,0,4,166,0,52,4,218,California
Trinity,2021-01-15,4,274,0,159,4,115,0,0,4,170,0,52,4,222,California
Trinity,2021-01-16,4,278,0,159,4,119,0,0,4,174,0,52,4,226,California
Trinity,2021-01-18,31,309,31,190,0,119,0,0,1,145,30,82,1,227,California
Trinity,2021-01-19,96,405,14,204,82,201,0,0,82,213,14,96,82,309,California
Trinity,2021-01-20,19,424,3,207,16,217,0,0,17,228,2,98,17,326,California
Trinity,2021-01-21,17,441,7,214,10,227,0,0,17,245,0,98,17,343,California
Trinity,2021-01-22,5,446,1,215,4,231,0,0,5,250,0,98,5,348,California
Trinity,2021-01-23,7,453,3,218,4,235,0,0,7,257,0,98,7,355,California
Trinity,2021-01-25,14,467,1,219,13,248,0,0,13,269,1,99,13,368,California
Trinity,2021-01-26,10,477,1,220,9,257,0,0,9,277,1,100,9,377,California
Trinity,2021-01-27,12,489,0,220,12,269,0,0,12,289,0,100,12,389,California
Trinity,2021-01-28,13,502,3,223,10,279,0,0,10,296,3,103,10,399,California
Trinity,2021-01-29,3,505,1,224,2,281,0,0,2,297,1,104,2,401,California
Trinity,2021-01-30,12,517,11,235,1,282,0,0,12,309,0,104,12,413,California
Trinity,2021-02-01,2,519,1,236,1,283,0,0,1,309,1,105,1,414,California
Trinity,2021-02-02,13,532,3,239,10,293,0,0,13,322,0,105,13,427,California
Trinity,2021-02-03,6,538,1,240,5,298,0,0,3,322,3,108,3,430,California
Trinity,2021-02-04,42,580,32,272,10,308,0,0,35,350,7,115,35,465,California
Trinity,2021-02-05,350,930,0,272,350,658,0,0,320,640,30,145,320,785,California
Trinity,2021-02-06,210,1140,5,277,205,863,0,0,203,836,7,152,203,988,California
Trinity,2021-02-07,1,1141,0,277,1,864,0,0,1,837,0,152,1,989,California
Trinity,2021-02-08,25,1166,0,277,25,889,0,0,15,842,10,162,15,1004,California
Trinity,2021-02-09,27,1193,2,279,25,914,0,0,11,837,16,178,11,1015,California
Trinity,2021-02-10,122,1315,10,289,112,1026,0,0,102,919,20,198,102,1117,California
Trinity,2021-02-11,339,1654,2,291,337,1363,0,0,332,1244,7,205,332,1449,California
Trinity,2021-02-12,14,1668,6,297,8,1371,0,0,10,1250,4,209,10,1459,California
Trinity,2021-02-13,12,1680,5,302,7,1378,0,0,5,1248,7,216,5,1464,California
Trinity,2021-02-14,2,1682,2,304,0,1378,0,0,2,1250,0,216,2,1466,California
Trinity,2021-02-15,47,1729,0,304,47,1425,0,0,47,1297,0,216,47,1513,California
Trinity,2021-02-16,6,1735,2,306,4,1429,0,0,3,1297,3,219,3,1516,California
Trinity,2021-02-17,94,1829,2,308,92,1521,0,0,84,1371,10,229,84,1600,California
Trinity,2021-02-18,4,1833,0,308,4,1525,0,0,1,1369,3,232,1,1601,California
Trinity,2021-02-19,304,2137,2,310,302,1827,0,0,290,1645,14,246,290,1891,California
Trinity,2021-02-20,141,2278,14,324,127,1954,0,0,113,1730,28,274,113,2004,California
Trinity,2021-02-22,8,2286,0,324,8,1962,0,0,5,1732,3,277,5,2009,California
Trinity,2021-02-23,11,2297,4,328,7,1969,0,0,6,1733,5,282,6,2015,California
Trinity,2021-02-24,30,2327,8,336,22,1991,0,0,7,1717,23,305,7,2022,California
Trinity,2021-02-25,36,2363,23,359,13,2004,0,0,5,1691,31,336,5,2027,California
Trinity,2021-02-26,11,2374,1,360,10,2014,0,0,5,1690,6,342,5,2032,California
Trinity,2021-02-27,9,2383,7,367,2,2016,0,0,4,1689,5,347,4,2036,California
Trinity,2021-03-01,9,2392,0,367,9,2025,0,0,5,1690,4,351,5,2041,California
Trinity,2021-03-02,9,2401,3,370,6,2031,0,0,2,1685,7,358,2,2043,California
Trinity,2021-03-03,5,2406,0,370,5,2036,0,0,4,1688,1,359,4,2047,California
Trinity,2021-03-04,24,2430,19,389,5,2041,0,0,14,1692,10,369,14,2061,California
Trinity,2021-03-05,388,2818,1,390,387,2428,0,0,121,1550,263,632,121,2182,California
Trinity,2021-03-06,202,3020,7,397,195,2623,0,0,27,1402,175,807,27,2209,California
Trinity,2021-03-07,4,3024,3,400,1,2624,0,0,3,1404,1,808,3,2212,California
Trinity,2021-03-08,3,3027,0,400,2,2626,1,1,1,1404,2,810,2,2214,California
Trinity,2021-03-09,94,3121,0,400,92,2718,2,3,89,1490,5,815,91,2305,California
Trinity,2021-03-10,126,3247,3,403,120,2838,3,6,38,1443,88,903,41,2346,California
Trinity,2021-03-11,14,3261,4,407,8,2846,2,8,5,1441,9,912,7,2353,California
Trinity,2021-03-12,385,3646,5,412,374,3220,6,14,90,1242,295,1207,96,2449,California
Trinity,2021-03-13,13,3659,8,420,3,3223,2,16,8,1247,5,1212,10,2459,California
Trinity,2021-03-14,2,3661,0,420,2,3225,0,16,2,1249,0,1212,2,2461,California
Trinity,2021-03-15,67,3728,0,420,66,3291,1,17,14,1211,53,1265,15,2476,California
Trinity,2021-03-16,115,3843,7,427,108,3399,0,17,101,1298,14,1279,101,2577,California
Trinity,2021-03-17,100,3943,3,430,97,3496,0,17,26,1250,74,1353,26,2603,California
Trinity,2021-03-18,10,3953,2,432,5,3501,3,20,5,1253,5,1358,8,2611,California
Trinity,2021-03-19,459,4412,4,436,345,3846,110,130,36,976,423,1781,146,2757,California
Trinity,2021-03-20,104,4516,7,443,97,3943,0,130,69,1011,34,1815,69,2826,California
Trinity,2021-03-21,4,4520,0,443,3,3946,1,131,3,1014,1,1816,4,2830,California
Trinity,2021-03-22,2,4522,0,443,2,3948,0,131,2,1016,0,1816,2,2832,California
Trinity,2021-03-23,96,4618,2,445,94,4042,0,131,78,1076,18,1834,78,2910,California
Trinity,2021-03-24,12,4630,1,446,11,4053,0,131,9,1082,3,1837,9,2919,California
Trinity,2021-03-25,110,4740,8,454,96,4149,6,137,84,1146,26,1863,90,3009,California
Trinity,2021-03-26,85,4825,8,462,77,4226,0,137,78,1217,7,1870,78,3087,California
Trinity,2021-03-27,18,4843,4,466,5,4231,9,146,7,1222,11,1881,16,3103,California
Trinity,2021-03-28,5,4848,3,469,2,4233,0,146,1,1219,4,1885,1,3104,California
Trinity,2021-03-29,5,4853,0,469,5,4238,0,146,2,1218,3,1888,2,3106,California
Trinity,2021-03-30,77,4930,5,474,72,4310,0,146,67,1275,10,1898,67,3173,California
Trinity,2021-03-31,56,4986,5,479,19,4329,32,178,21,1292,35,1933,52,3225,California
Trinity,2021-04-01,41,5027,11,490,19,4348,11,189,21,1304,20,1953,32,3257,California
Trinity,2021-04-02,242,5269,5,495,163,4511,74,263,72,1281,169,2122,146,3403,California
Trinity,2021-04-03,18,5287,13,508,5,4516,0,263,8,1279,10,2132,8,3411,California
Trinity,2021-04-04,10,5297,8,516,2,4518,0,263,8,1285,2,2134,8,3419,California
Trinity,2021-04-05,59,5356,6,522,52,4570,1,264,55,1337,4,2138,56,3475,California
Trinity,2021-04-06,115,5471,15,537,97,4667,3,267,27,1279,88,2226,30,3505,California
Trinity,2021-04-07,22,5493,12,549,5,4672,5,272,14,1290,8,2234,19,3524,California
Trinity,2021-04-08,87,5580,10,559,75,4747,2,274,50,1305,37,2271,52,3576,California
Trinity,2021-04-09,168,5748,20,579,143,4890,5,279,89,1320,79,2350,94,3670,California
Trinity,2021-04-10,11,5759,7,586,4,4894,0,279,10,1329,1,2351,10,3680,California
Trinity,2021-04-11,9,5768,5,591,2,4896,2,281,4,1330,5,2356,6,3686,California
Trinity,2021-04-12,77,5845,5,596,71,4967,1,282,64,1382,12,2368,64,3750,California
Trinity,2021-04-13,97,5942,5,601,92,5059,0,282,10,1305,87,2455,10,3760,California
Trinity,2021-04-14,10,5952,5,606,5,5064,0,282,6,1307,4,2459,6,3766,California
Trinity,2021-04-15,43,5995,10,616,33,5097,0,282,14,1292,29,2488,14,3780,California
Trinity,2021-04-16,143,6138,12,628,131,5228,0,282,71,1291,72,2560,71,3851,California
Trinity,2021-04-17,11,6149,5,633,6,5234,0,282,9,1298,2,2562,9,3860,California
Trinity,2021-04-18,2,6151,1,634,1,5235,0,282,0,1296,2,2564,0,3860,California
Trinity,2021-04-19,5,6156,2,636,3,5238,0,282,4,1299,1,2565,4,3864,California
Trinity,2021-04-20,92,6248,8,644,84,5322,0,282,20,1247,72,2637,20,3884,California
Trinity,2021-04-21,22,6270,9,653,13,5335,0,282,9,1243,13,2650,9,3893,California
Trinity,2021-04-22,91,6361,5,658,86,5421,0,282,14,1180,77,2727,14,3907,California
Trinity,2021-04-23,182,6543,6,664,176,5597,0,282,113,1224,69,2796,113,4020,California
Trinity,2021-04-24,20,6563,13,677,7,5604,0,282,5,1214,15,2811,5,4025,California
Trinity,2021-04-25,10,6573,9,686,1,5605,0,282,3,1211,6,2817,3,4028,California
Trinity,2021-04-26,45,6618,6,692,39,5644,0,282,40,1246,5,2822,40,4068,California
Trinity,2021-04-27,85,6703,7,699,78,5722,0,282,22,1205,63,2885,22,4090,California
Trinity,2021-04-28,33,6736,11,710,22,5744,0,282,12,1196,21,2906,12,4102,California
Trinity,2021-04-29,34,6770,13,723,21,5765,0,282,12,1186,22,2928,12,4114,California
Trinity,2021-04-30,26,6796,20,743,6,5771,0,282,8,1176,18,2946,8,4122,California
Trinity,2021-05-01,14,6810,8,751,1,5772,5,287,4,1175,10,2956,9,4131,California
Trinity,2021-05-02,8,6818,5,756,1,5773,2,289,2,1173,6,2962,4,4135,California
Trinity,2021-05-03,58,6876,13,769,44,5817,1,290,10,1136,48,3010,11,4146,California
Trinity,2021-05-04,21,6897,12,781,8,5825,1,291,10,1136,11,3021,11,4157,California
Trinity,2021-05-05,11,6908,6,787,5,5830,0,291,4,1133,7,3028,4,4161,California
Trinity,2021-05-06,73,6981,9,796,62,5892,2,293,16,1094,57,3085,18,4179,California
Trinity,2021-05-07,168,7149,9,805,125,6017,34,327,11,982,157,3242,45,4224,California
Trinity,2021-05-08,7,7156,3,808,4,6021,0,327,2,979,5,3247,2,4226,California
Trinity,2021-05-09,11,7167,7,815,4,6025,0,327,6,980,5,3252,6,4232,California
Trinity,2021-05-10,12,7179,4,819,7,6032,1,328,8,985,4,3256,9,4241,California
Trinity,2021-05-11,6,7185,0,819,5,6037,1,329,4,988,2,3258,5,4246,California
Trinity,2021-05-12,3,7188,1,820,2,6039,0,329,2,989,1,3259,2,4248,California
Tulare,2020-12-15,1,1,1,1,0,0,0,0,1,1,0,0,1,1,California
Tulare,2020-12-16,3,4,3,4,0,0,0,0,3,4,0,0,3,4,California
Tulare,2020-12-17,110,114,110,114,0,0,0,0,110,114,0,0,110,114,California
Tulare,2020-12-18,290,404,289,403,1,1,0,0,290,404,0,0,290,404,California
Tulare,2020-12-19,327,731,327,730,0,1,0,0,327,731,0,0,327,731,California
Tulare,2020-12-20,166,897,165,895,1,2,0,0,166,897,0,0,166,897,California
Tulare,2020-12-21,423,1320,423,1318,0,2,0,0,443,1340,0,0,443,1340,California
Tulare,2020-12-22,469,1789,467,1785,2,4,0,0,468,1808,0,0,468,1808,California
Tulare,2020-12-23,327,2116,319,2104,8,12,0,0,325,2133,0,0,325,2133,California
Tulare,2020-12-24,18,2134,16,2120,2,14,0,0,18,2151,0,0,18,2151,California
Tulare,2020-12-26,8,2142,7,2127,1,15,0,0,8,2159,0,0,8,2159,California
Tulare,2020-12-27,16,2158,12,2139,4,19,0,0,16,2175,0,0,16,2175,California
Tulare,2020-12-28,481,2639,469,2608,12,31,0,0,480,2655,0,0,480,2655,California
Tulare,2020-12-29,546,3185,478,3086,68,99,0,0,546,3201,0,0,546,3201,California
Tulare,2020-12-30,474,3659,435,3521,39,138,0,0,474,3675,0,0,474,3675,California
Tulare,2020-12-31,94,3753,22,3543,72,210,0,0,94,3769,0,0,94,3769,California
Tulare,2021-01-01,2,3755,1,3544,1,211,0,0,2,3771,0,0,2,3771,California
Tulare,2021-01-02,30,3785,17,3561,13,224,0,0,30,3801,0,0,30,3801,California
Tulare,2021-01-03,23,3808,9,3570,14,238,0,0,23,3824,0,0,23,3824,California
Tulare,2021-01-04,92,3900,16,3586,76,314,0,0,92,3916,0,0,92,3916,California
Tulare,2021-01-05,460,4360,278,3864,182,496,0,0,458,4372,2,2,458,4374,California
Tulare,2021-01-06,864,5224,635,4499,229,725,0,0,854,5216,10,12,854,5228,California
Tulare,2021-01-07,781,6005,583,5082,198,923,0,0,673,5782,107,119,673,5901,California
Tulare,2021-01-08,1266,7271,574,5656,692,1615,0,0,928,6373,337,456,928,6829,California
Tulare,2021-01-09,741,8012,203,5859,538,2153,0,0,554,6740,187,643,554,7383,California
Tulare,2021-01-10,50,8062,44,5903,6,2159,0,0,11,6712,39,682,11,7394,California
Tulare,2021-01-11,1270,9332,769,6672,501,2660,0,0,834,7110,436,1118,834,8228,California
Tulare,2021-01-12,1404,10736,489,7161,915,3575,0,0,995,7698,408,1526,996,9224,California
Tulare,2021-01-13,437,11173,208,7369,229,3804,0,0,363,7987,74,1600,363,9587,California
Tulare,2021-01-14,491,11664,140,7509,351,4155,0,0,465,8437,15,1615,465,10052,California
Tulare,2021-01-15,1621,13285,153,7662,1468,5623,0,0,1612,10040,9,1624,1612,11664,California
Tulare,2021-01-16,1901,15186,114,7776,1787,7410,0,0,1887,11913,14,1638,1887,13551,California
Tulare,2021-01-17,141,15327,122,7898,19,7429,0,0,131,12034,10,1648,131,13682,California
Tulare,2021-01-18,692,16019,659,8557,33,7462,0,0,294,11930,398,2046,294,13976,California
Tulare,2021-01-19,1007,17026,684,9241,323,7785,0,0,579,12081,428,2474,579,14555,California
Tulare,2021-01-20,2425,19451,612,9853,1813,9598,0,0,2011,13703,389,2863,2011,16566,California
Tulare,2021-01-21,1550,21001,186,10039,1364,10962,0,0,1524,15206,21,2884,1524,18090,California
Tulare,2021-01-22,1059,22060,190,10229,869,11831,0,0,1034,16216,24,2908,1034,19124,California
Tulare,2021-01-23,438,22498,156,10385,282,12113,0,0,417,16612,21,2929,417,19541,California
Tulare,2021-01-24,30,22528,27,10412,3,12116,0,0,28,16638,2,2931,28,19569,California
Tulare,2021-01-25,1325,23853,979,11391,346,12462,0,0,1296,17905,29,2960,1296,20865,California
Tulare,2021-01-26,1499,25352,1100,12491,399,12861,0,0,1174,18755,324,3284,1174,22039,California
Tulare,2021-01-27,1501,26853,1071,13562,430,13291,0,0,924,19103,576,3860,924,22963,California
Tulare,2021-01-28,1203,28056,769,14331,434,13725,0,0,808,19516,395,4255,808,23771,California
Tulare,2021-01-29,1130,29186,720,15051,410,14135,0,0,820,20026,310,4565,820,24591,California
Tulare,2021-01-30,1674,30860,1580,16631,94,14229,0,0,1650,21653,24,4589,1651,26242,California
Tulare,2021-01-31,52,30912,47,16678,5,14234,0,0,49,21699,3,4592,49,26291,California
Tulare,2021-02-01,1185,32097,916,17594,269,14503,0,0,830,22175,354,4946,830,27121,California
Tulare,2021-02-02,677,32774,328,17922,349,14852,0,0,445,22391,230,5176,446,27567,California
Tulare,2021-02-03,588,33362,262,18184,326,15178,0,0,336,22495,232,5408,336,27903,California
Tulare,2021-02-04,552,33914,166,18350,386,15564,0,0,266,22477,285,5693,267,28170,California
Tulare,2021-02-05,1234,35148,237,18587,997,16561,0,0,416,22077,816,6509,416,28586,California
Tulare,2021-02-06,836,35984,158,18745,678,17239,0,0,268,21779,566,7075,268,28854,California
Tulare,2021-02-07,82,36066,70,18815,12,17251,0,0,23,21743,59,7134,23,28877,California
Tulare,2021-02-08,941,37007,328,19143,613,17864,0,0,244,21293,694,7828,244,29121,California
Tulare,2021-02-09,1409,38416,329,19472,1080,18944,0,0,362,20613,1042,8870,362,29483,California
Tulare,2021-02-10,2467,40883,1984,21456,483,19427,0,0,2067,22283,397,9267,2067,31550,California
Tulare,2021-02-11,1325,42208,377,21833,948,20375,0,0,906,22770,419,9686,906,32456,California
Tulare,2021-02-12,2780,44988,575,22408,2205,22580,0,0,1210,22417,1563,11249,1210,33666,California
Tulare,2021-02-13,2480,47468,157,22565,2323,24903,0,0,667,21275,1809,13058,667,34333,California
Tulare,2021-02-14,333,47801,36,22601,297,25200,0,0,300,21542,33,13091,300,34633,California
Tulare,2021-02-15,920,48721,294,22895,626,25826,0,0,663,21949,256,13347,663,35296,California
Tulare,2021-02-16,2834,51555,1597,24492,1237,27063,0,0,1078,21272,1755,15102,1078,36374,California
Tulare,2021-02-17,2698,54253,510,25002,2188,29251,0,0,461,19501,2232,17334,461,36835,California
Tulare,2021-02-18,2305,56558,456,25458,1849,31100,0,0,634,18472,1663,18997,634,37469,California
Tulare,2021-02-19,2298,58856,857,26315,1441,32541,0,0,944,18064,1352,20349,944,38413,California
Tulare,2021-02-20,2989,61845,1891,28206,1098,33639,0,0,1266,17612,1718,22067,1266,39679,California
Tulare,2021-02-21,94,61939,90,28296,4,33643,0,0,59,17636,35,22102,59,39738,California
Tulare,2021-02-22,1105,63044,700,28996,405,34048,0,0,210,16952,894,22996,210,39948,California
Tulare,2021-02-23,1947,64991,940,29936,1007,35055,0,0,1457,17920,489,23485,1457,41405,California
Tulare,2021-02-24,2476,67467,1551,31487,925,35980,0,0,2097,19640,378,23863,2098,43503,California
Tulare,2021-02-25,3486,70953,1951,33438,1535,37515,0,0,3071,22300,411,24274,3071,46574,California
Tulare,2021-02-26,3840,74793,1880,35318,1960,39475,0,0,3377,25216,461,24735,3377,49951,California
Tulare,2021-02-27,2901,77694,1394,36712,1507,40982,0,0,2768,27862,122,24857,2768,52719,California
Tulare,2021-02-28,1304,78998,1033,37745,271,41253,0,0,1284,29128,18,24875,1284,54003,California
Tulare,2021-03-01,1741,80739,773,38518,968,42221,0,0,1556,30501,183,25058,1556,55559,California
Tulare,2021-03-02,2689,83428,1194,39712,1495,43716,0,0,2520,32855,167,25225,2521,58080,California
Tulare,2021-03-03,3927,87355,2597,42309,1330,45046,0,0,1976,32885,1948,27173,1978,60058,California
Tulare,2021-03-04,2891,90246,1302,43611,1589,46635,0,0,2572,35141,316,27489,2572,62630,California
Tulare,2021-03-05,3295,93541,1699,45310,1581,48216,15,15,2787,37441,504,27993,2804,65434,California
Tulare,2021-03-06,3059,96600,1434,46744,1566,49782,59,74,2811,40064,245,28238,2868,68302,California
Tulare,2021-03-07,1092,97692,682,47426,389,50171,21,95,1052,41097,40,28278,1073,69375,California
Tulare,2021-03-08,1697,99389,1005,48431,523,50694,169,264,1378,42329,314,28592,1546,70921,California
Tulare,2021-03-09,3193,102582,2190,50621,856,51550,147,411,2796,44872,398,28990,2941,73862,California
Tulare,2021-03-10,2791,105373,1388,52009,1228,52778,175,586,2411,47085,371,29361,2584,76446,California
Tulare,2021-03-11,4141,109514,1965,53974,1876,54654,300,886,3204,49652,937,30298,3504,79950,California
Tulare,2021-03-12,4344,113858,2388,56362,1607,56261,349,1235,3073,51813,1263,31561,3424,83374,California
Tulare,2021-03-13,4005,117863,1849,58211,2051,58312,105,1340,3068,54055,931,32492,3173,86547,California
Tulare,2021-03-14,1802,119665,973,59184,609,58921,220,1560,1273,55019,528,33020,1492,88039,California
Tulare,2021-03-15,2738,122403,1619,60803,1004,59925,115,1675,1965,56329,771,33791,2081,90120,California
Tulare,2021-03-16,3420,125823,2115,62918,1228,61153,77,1752,1873,56738,1544,35335,1953,92073,California
Tulare,2021-03-17,4012,129835,2608,65526,1327,62480,77,1829,2270,57356,1736,37071,2354,94427,California
Tulare,2021-03-18,4599,134434,3351,68877,1175,63655,73,1902,2440,57718,2153,39224,2515,96942,California
Tulare,2021-03-19,5065,139499,3319,72196,1551,65206,195,2097,2716,58300,2331,41555,2913,99855,California
Tulare,2021-03-20,4453,143952,2762,74958,1319,66525,372,2469,2116,58463,2328,43883,2491,102346,California
Tulare,2021-03-21,1919,145871,1631,76589,262,66787,26,2495,989,58550,927,44810,1014,103360,California
Tulare,2021-03-22,2499,148370,1711,78300,676,67463,112,2607,1667,59505,826,45636,1781,105141,California
Tulare,2021-03-23,3728,152098,2140,80440,1536,68999,52,2659,2084,60013,1634,47270,2142,107283,California
Tulare,2021-03-24,3164,155262,1955,82395,1167,70166,42,2701,1808,60514,1349,48619,1850,109133,California
Tulare,2021-03-25,3461,158723,1803,84198,1486,71652,172,2873,1711,60655,1744,50363,1885,111018,California
Tulare,2021-03-26,5208,163931,3107,87305,1992,73644,109,2982,2567,60708,2623,52986,2676,113694,California
Tulare,2021-03-27,3521,167452,1807,89112,1616,75260,98,3080,992,59275,2521,55507,1088,114782,California
Tulare,2021-03-28,1455,168907,1051,90163,373,75633,31,3111,675,59210,777,56284,712,115494,California
Tulare,2021-03-29,2895,171802,1674,91837,1110,76743,111,3222,1224,58881,1666,57950,1337,116831,California
Tulare,2021-03-30,4798,176600,2767,94604,1801,78544,230,3452,1550,57418,3240,61190,1777,118608,California
Tulare,2021-03-31,3860,180460,2298,96902,1449,79993,113,3565,1570,56825,2282,63472,1689,120297,California
Tulare,2021-04-01,4399,184859,2359,99261,1974,81967,66,3631,1543,55590,2846,66318,1611,121908,California
Tulare,2021-04-02,5218,190077,2980,102241,2121,84088,117,3748,1644,53794,3558,69876,1762,123670,California
Tulare,2021-04-03,3489,193566,2005,104246,1122,85210,362,4110,845,52394,2606,72482,1206,124876,California
Tulare,2021-04-04,1616,195182,1131,105377,478,85688,7,4117,390,51567,1224,73706,397,125273,California
Tulare,2021-04-05,3317,198499,2327,107704,727,86415,263,4380,867,50260,2438,76144,1131,126404,California
Tulare,2021-04-06,3404,201903,1467,109171,1445,87860,492,4872,934,49225,2464,78608,1429,127833,California
Tulare,2021-04-07,3830,205733,1813,110984,1586,89446,431,5303,1277,48378,2546,81154,1699,129532,California
Tulare,2021-04-08,4713,210446,2588,113572,1668,91114,457,5760,1542,47211,3162,84316,1995,131527,California
Tulare,2021-04-09,4771,215217,2944,116516,1398,92512,429,6189,1826,46530,2937,87253,2256,133783,California
Tulare,2021-04-10,3802,219019,2053,118569,1433,93945,316,6505,973,44995,2822,90075,1287,135070,California
Tulare,2021-04-11,1577,220596,1038,119607,468,94413,71,6576,590,44672,984,91059,661,135731,California
Tulare,2021-04-12,3361,223957,2106,121713,662,95075,593,7169,1083,44080,2269,93328,1677,137408,California
Tulare,2021-04-13,2403,226360,1585,123298,808,95883,10,7179,917,43535,1474,94802,929,138337,California
Tulare,2021-04-14,2833,229193,1674,124972,1159,97042,0,7179,929,42563,1901,96703,929,139266,California
Tulare,2021-04-15,3244,232437,2130,127102,1114,98156,0,7179,1453,42234,1782,98485,1453,140719,California
Tulare,2021-04-16,3645,236082,2214,129316,1431,99587,0,7179,1478,41555,2157,100642,1478,142197,California
Tulare,2021-04-17,2199,238281,1298,130614,901,100488,0,7179,1178,41716,1018,101660,1179,143376,California
Tulare,2021-04-18,1516,239797,1187,131801,329,100817,0,7179,812,41826,702,102362,812,144188,California
Tulare,2021-04-19,2115,241912,1219,133020,894,101711,2,7181,899,41513,1214,103576,901,145089,California
Tulare,2021-04-20,2320,244232,1303,134323,1017,102728,0,7181,992,41190,1315,104891,992,146081,California
Tulare,2021-04-21,2170,246402,1316,135639,854,103582,0,7181,786,40627,1349,106240,786,146867,California
Tulare,2021-04-22,2095,248497,1169,136808,926,104508,0,7181,738,40027,1338,107578,738,147605,California
Tulare,2021-04-23,2550,251047,1570,138378,979,105487,1,7182,1006,39499,1534,109112,1006,148611,California
Tulare,2021-04-24,1636,252683,1054,139432,580,106067,2,7184,861,39592,770,109882,863,149474,California
Tulare,2021-04-25,695,253378,522,139954,173,106240,0,7184,267,39431,428,110310,267,149741,California
Tulare,2021-04-26,1431,254809,844,140798,568,106808,19,7203,601,39225,824,111134,618,150359,California
Tulare,2021-04-27,1564,256373,601,141399,926,107734,37,7240,662,39023,900,112034,698,151057,California
Tulare,2021-04-28,1700,258073,968,142367,691,108425,41,7281,672,38712,1024,113058,713,151770,California
Tulare,2021-04-29,1985,260058,1190,143557,758,109183,37,7318,776,38324,1199,114257,811,152581,California
Tulare,2021-04-30,2419,262477,1767,145324,603,109786,49,7367,896,37751,1518,115775,945,153526,California
Tulare,2021-05-01,1405,263882,1208,146532,185,109971,12,7379,722,37809,676,116451,734,154260,California
Tulare,2021-05-02,583,264465,495,147027,72,110043,16,7395,189,37623,391,116842,205,154465,California
Tulare,2021-05-03,1605,266070,1090,148117,391,110434,124,7519,348,36845,1250,118092,472,154937,California
Tulare,2021-05-04,1543,267613,822,148939,650,111084,71,7590,624,36627,912,119004,694,155631,California
Tulare,2021-05-05,1267,268880,615,149554,573,111657,79,7669,448,36346,808,119812,527,156158,California
Tulare,2021-05-06,1933,270813,1315,150869,572,112229,46,7715,581,35626,1346,121158,626,156784,California
Tulare,2021-05-07,1820,272633,1227,152096,523,112752,70,7785,511,34906,1299,122457,579,157363,California
Tulare,2021-05-08,1236,273869,810,152906,400,113152,26,7811,522,34748,706,123163,548,157911,California
Tulare,2021-05-09,591,274460,467,153373,103,113255,21,7832,118,34419,469,123632,140,158051,California
Tulare,2021-05-10,1007,275467,585,153958,354,113609,68,7900,308,34098,697,124329,376,158427,California
Tulare,2021-05-11,1046,276513,523,154481,461,114070,62,7962,458,34036,582,124911,520,158947,California
Tulare,2021-05-12,1015,277528,645,155126,337,114407,33,7995,220,33505,784,125695,253,159200,California
Tuolumne,2020-12-16,47,47,47,47,0,0,0,0,47,47,0,0,47,47,California
Tuolumne,2020-12-17,17,64,17,64,0,0,0,0,17,64,0,0,17,64,California
Tuolumne,2020-12-18,101,165,100,164,1,1,0,0,101,165,0,0,101,165,California
Tuolumne,2020-12-19,5,170,5,169,0,1,0,0,5,170,0,0,5,170,California
Tuolumne,2020-12-20,1,171,1,170,0,1,0,0,1,171,0,0,1,171,California
Tuolumne,2020-12-21,116,287,102,272,14,15,0,0,116,287,0,0,116,287,California
Tuolumne,2020-12-22,172,459,172,444,0,15,0,0,172,459,0,0,172,459,California
Tuolumne,2020-12-23,186,645,184,628,2,17,0,0,186,645,0,0,186,645,California
Tuolumne,2020-12-26,3,648,3,631,0,17,0,0,3,648,0,0,3,648,California
Tuolumne,2020-12-28,77,725,75,706,2,19,0,0,77,725,0,0,77,725,California
Tuolumne,2020-12-29,102,827,39,745,63,82,0,0,102,827,0,0,102,827,California
Tuolumne,2020-12-30,78,905,22,767,56,138,0,0,78,905,0,0,78,905,California
Tuolumne,2020-12-31,27,932,20,787,7,145,0,0,27,932,0,0,27,932,California
Tuolumne,2021-01-01,7,939,6,793,1,146,0,0,7,939,0,0,7,939,California
Tuolumne,2021-01-02,118,1057,115,908,3,149,0,0,118,1057,0,0,118,1057,California
Tuolumne,2021-01-03,2,1059,2,910,0,149,0,0,2,1059,0,0,2,1059,California
Tuolumne,2021-01-04,69,1128,26,936,43,192,0,0,69,1128,0,0,69,1128,California
Tuolumne,2021-01-05,93,1221,27,963,66,258,0,0,90,1216,3,3,91,1219,California
Tuolumne,2021-01-06,132,1353,72,1035,60,318,0,0,68,1220,64,67,68,1287,California
Tuolumne,2021-01-07,119,1472,63,1098,56,374,0,0,64,1229,55,122,64,1351,California
Tuolumne,2021-01-08,103,1575,79,1177,24,398,0,0,26,1180,76,198,27,1378,California
Tuolumne,2021-01-09,1,1576,0,1177,1,399,0,0,1,1181,0,198,1,1379,California
Tuolumne,2021-01-10,3,1579,1,1178,2,401,0,0,3,1184,0,198,3,1382,California
Tuolumne,2021-01-11,116,1695,90,1268,26,427,0,0,34,1136,82,280,34,1416,California
Tuolumne,2021-01-12,102,1797,86,1354,16,443,0,0,17,1068,85,365,17,1433,California
Tuolumne,2021-01-13,231,2028,125,1479,106,549,0,0,182,1202,49,414,183,1616,California
Tuolumne,2021-01-14,147,2175,107,1586,40,589,0,0,42,1140,104,518,42,1658,California
Tuolumne,2021-01-15,475,2650,72,1658,403,992,0,0,413,1493,61,579,414,2072,California
Tuolumne,2021-01-16,7,2657,3,1661,4,996,0,0,6,1498,1,580,6,2078,California
Tuolumne,2021-01-17,8,2665,5,1666,3,999,0,0,7,1505,0,580,7,2085,California
Tuolumne,2021-01-18,46,2711,38,1704,8,1007,0,0,9,1478,36,616,9,2094,California
Tuolumne,2021-01-19,477,3188,73,1777,404,1411,0,0,431,1863,46,662,431,2525,California
Tuolumne,2021-01-20,76,3264,58,1835,18,1429,0,0,24,1836,51,713,24,2549,California
Tuolumne,2021-01-21,56,3320,23,1858,33,1462,0,0,40,1860,16,729,40,2589,California
Tuolumne,2021-01-22,168,3488,16,1874,152,1614,0,0,161,2014,7,736,161,2750,California
Tuolumne,2021-01-23,666,4154,147,2021,519,2133,0,0,551,2462,115,851,563,3313,California
Tuolumne,2021-01-24,523,4677,1,2022,522,2655,0,0,519,2979,3,854,520,3833,California
Tuolumne,2021-01-25,49,4726,28,2050,21,2676,0,0,22,2975,27,881,23,3856,California
Tuolumne,2021-01-26,80,4806,68,2118,12,2688,0,0,40,2976,40,921,41,3897,California
Tuolumne,2021-01-27,61,4867,4,2122,57,2745,0,0,8,2932,52,973,8,3905,California
Tuolumne,2021-01-28,27,4894,7,2129,20,2765,0,0,18,2941,9,982,18,3923,California
Tuolumne,2021-01-29,74,4968,6,2135,68,2833,0,0,35,2937,39,1021,35,3958,California
Tuolumne,2021-01-30,710,5678,553,2688,157,2990,0,0,687,3618,23,1044,704,4662,California
Tuolumne,2021-01-31,8,5686,2,2690,6,2996,0,0,5,3620,3,1047,5,4667,California
Tuolumne,2021-02-01,25,5711,6,2696,19,3015,0,0,22,3639,3,1050,22,4689,California
Tuolumne,2021-02-02,646,6357,37,2733,609,3624,0,0,635,4265,9,1059,635,5324,California
Tuolumne,2021-02-03,238,6595,109,2842,129,3753,0,0,86,4199,152,1211,86,5410,California
Tuolumne,2021-02-04,123,6718,13,2855,110,3863,0,0,60,4196,63,1274,60,5470,California
Tuolumne,2021-02-05,98,6816,12,2867,86,3949,0,0,35,4169,62,1336,35,5505,California
Tuolumne,2021-02-06,854,7670,580,3447,274,4223,0,0,848,5014,6,1342,851,6356,California
Tuolumne,2021-02-07,8,7678,4,3451,4,4227,0,0,4,5014,4,1346,4,6360,California
Tuolumne,2021-02-08,91,7769,40,3491,51,4278,0,0,67,5057,24,1370,67,6427,California
Tuolumne,2021-02-09,863,8632,53,3544,810,5088,0,0,823,5840,40,1410,823,7250,California
Tuolumne,2021-02-10,92,8724,17,3561,75,5163,0,0,31,5811,60,1470,31,7281,California
Tuolumne,2021-02-11,142,8866,67,3628,75,5238,0,0,76,5821,66,1536,76,7357,California
Tuolumne,2021-02-12,648,9514,20,3648,628,5866,0,0,206,5586,441,1977,206,7563,California
Tuolumne,2021-02-13,149,9663,42,3690,107,5973,0,0,118,5679,25,2002,118,7681,California
Tuolumne,2021-02-14,148,9811,12,3702,136,6109,0,0,147,5825,1,2003,147,7828,California
Tuolumne,2021-02-15,185,9996,10,3712,175,6284,0,0,176,5992,9,2012,176,8004,California
Tuolumne,2021-02-16,529,10525,17,3729,512,6796,0,0,122,5712,404,2416,124,8128,California
Tuolumne,2021-02-17,110,10635,63,3792,47,6843,0,0,63,5729,46,2462,63,8191,California
Tuolumne,2021-02-18,680,11315,26,3818,654,7497,0,0,629,6308,51,2513,630,8821,California
Tuolumne,2021-02-19,142,11457,23,3841,119,7616,0,0,43,6252,99,2612,43,8864,California
Tuolumne,2021-02-20,905,12362,342,4183,563,8179,0,0,386,6134,505,3117,387,9251,California
Tuolumne,2021-02-21,976,13338,37,4220,939,9118,0,0,469,6101,504,3621,471,9722,California
Tuolumne,2021-02-22,79,13417,58,4278,21,9139,0,0,47,6117,31,3652,47,9769,California
Tuolumne,2021-02-23,48,13465,24,4302,24,9163,0,0,26,6122,21,3673,26,9795,California
Tuolumne,2021-02-24,103,13568,58,4360,45,9208,0,0,43,6106,59,3732,43,9838,California
Tuolumne,2021-02-25,1053,14621,35,4395,1018,10226,0,0,1022,7097,31,3763,1022,10860,California
Tuolumne,2021-02-26,144,14765,10,4405,134,10360,0,0,121,7195,23,3786,121,10981,California
Tuolumne,2021-02-27,951,15716,578,4983,373,10733,0,0,248,6759,686,4472,250,11231,California
Tuolumne,2021-02-28,56,15772,4,4987,52,10785,0,0,53,6810,2,4474,53,11284,California
Tuolumne,2021-03-01,112,15884,21,5008,91,10876,0,0,77,6855,33,4507,78,11362,California
Tuolumne,2021-03-02,705,16589,73,5081,632,11508,0,0,106,6363,598,5105,106,11468,California
Tuolumne,2021-03-03,90,16679,22,5103,68,11576,0,0,65,6403,25,5130,65,11533,California
Tuolumne,2021-03-04,1170,17849,75,5178,1095,12671,0,0,1107,7447,63,5193,1107,12640,California
Tuolumne,2021-03-05,85,17934,10,5188,75,12746,0,0,48,7460,36,5229,49,12689,California
Tuolumne,2021-03-06,1055,18989,604,5792,449,13195,2,2,204,6820,847,6076,207,12896,California
Tuolumne,2021-03-07,41,19030,12,5804,14,13209,15,17,18,6830,23,6099,33,12929,California
Tuolumne,2021-03-08,195,19225,88,5892,100,13309,7,24,139,6920,56,6155,146,13075,California
Tuolumne,2021-03-09,858,20083,16,5908,831,14140,11,35,68,6214,786,6941,80,13155,California
Tuolumne,2021-03-10,78,20161,12,5920,55,14195,11,46,53,6253,25,6966,64,13219,California
Tuolumne,2021-03-11,1285,21446,38,5958,1241,15436,6,52,1259,7494,26,6992,1267,14486,California
Tuolumne,2021-03-12,299,21745,35,5993,249,15685,15,67,190,7594,108,7100,208,14694,California
Tuolumne,2021-03-13,112,21857,12,6005,100,15785,0,67,84,7652,27,7127,85,14779,California
Tuolumne,2021-03-14,142,21999,8,6013,125,15910,9,76,8,7540,134,7261,22,14801,California
Tuolumne,2021-03-15,293,22292,79,6092,212,16122,2,78,100,7457,192,7453,109,14910,California
Tuolumne,2021-03-16,803,23095,40,6132,752,16874,11,89,665,7996,137,7590,676,15586,California
Tuolumne,2021-03-17,150,23245,30,6162,107,16981,13,102,77,8014,71,7661,89,15675,California
Tuolumne,2021-03-18,949,24194,29,6191,907,17888,13,115,318,7717,629,8290,332,16007,California
Tuolumne,2021-03-19,132,24326,16,6207,85,17973,31,146,71,7759,59,8349,101,16108,California
Tuolumne,2021-03-20,89,24415,7,6214,72,18045,10,156,37,7754,51,8400,46,16154,California
Tuolumne,2021-03-21,834,25249,391,6605,434,18479,9,165,39,7014,789,9189,49,16203,California
Tuolumne,2021-03-22,163,25412,72,6677,72,18551,19,184,97,7064,66,9255,116,16319,California
Tuolumne,2021-03-23,709,26121,639,7316,56,18607,14,198,673,7714,36,9291,686,17005,California
Tuolumne,2021-03-24,110,26231,20,7336,72,18679,18,216,77,7777,32,9323,95,17100,California
Tuolumne,2021-03-25,1295,27526,23,7359,1269,19948,3,219,323,7133,970,10293,326,17426,California
Tuolumne,2021-03-26,269,27795,16,7375,230,20178,23,242,111,7119,148,10441,134,17560,California
Tuolumne,2021-03-27,579,28374,54,7429,525,20703,0,242,318,7179,259,10700,319,17879,California
Tuolumne,2021-03-28,49,28423,8,7437,41,20744,0,242,9,7150,39,10739,10,17889,California
Tuolumne,2021-03-29,204,28627,82,7519,122,20866,0,242,107,7163,94,10833,107,17996,California
Tuolumne,2021-03-30,162,28789,11,7530,150,21016,1,243,120,7243,41,10874,121,18117,California
Tuolumne,2021-03-31,95,28884,14,7544,79,21095,2,245,37,7227,56,10930,40,18157,California
Tuolumne,2021-04-01,1251,30135,32,7576,1219,22314,0,245,226,6431,1023,11953,227,18384,California
Tuolumne,2021-04-02,165,30300,11,7587,128,22442,26,271,92,6478,71,12024,118,18502,California
Tuolumne,2021-04-03,425,30725,35,7622,389,22831,1,272,238,6532,187,12211,241,18743,California
Tuolumne,2021-04-04,32,30757,2,7624,30,22861,0,272,20,6541,11,12222,20,18763,California
Tuolumne,2021-04-05,126,30883,19,7643,101,22962,6,278,55,6531,71,12293,61,18824,California
Tuolumne,2021-04-06,646,31529,516,8159,103,23065,27,305,513,6939,133,12426,541,19365,California
Tuolumne,2021-04-07,126,31655,37,8196,73,23138,16,321,48,6925,78,12504,64,19429,California
Tuolumne,2021-04-08,1436,33091,33,8229,1389,24527,14,335,240,5986,1193,13697,254,19683,California
Tuolumne,2021-04-09,267,33358,41,8270,182,24709,44,379,125,6017,142,13839,173,19856,California
Tuolumne,2021-04-10,56,33414,2,8272,34,24743,20,399,23,6028,32,13871,43,19899,California
Tuolumne,2021-04-11,17,33431,2,8274,12,24755,3,402,12,6038,5,13876,15,19914,California
Tuolumne,2021-04-12,164,33595,67,8341,92,24847,5,407,90,6065,68,13944,95,20009,California
Tuolumne,2021-04-13,784,34379,36,8377,748,25595,0,407,170,5629,606,14550,170,20179,California
Tuolumne,2021-04-14,144,34523,27,8404,117,25712,0,407,70,5629,71,14621,71,20250,California
Tuolumne,2021-04-15,337,34860,20,8424,317,26029,0,407,55,5407,277,14898,55,20305,California
Tuolumne,2021-04-16,241,35101,50,8474,191,26220,0,407,135,5443,99,14997,135,20440,California
Tuolumne,2021-04-17,43,35144,6,8480,37,26257,0,407,27,5454,16,15013,27,20467,California
Tuolumne,2021-04-18,8,35152,2,8482,6,26263,0,407,3,5453,4,15017,3,20470,California
Tuolumne,2021-04-19,167,35319,78,8560,89,26352,0,407,89,5466,76,15093,89,20559,California
Tuolumne,2021-04-20,711,36030,618,9178,93,26445,0,407,77,4916,627,15720,77,20636,California
Tuolumne,2021-04-21,116,36146,26,9204,90,26535,0,407,61,4927,50,15770,61,20697,California
Tuolumne,2021-04-22,693,36839,46,9250,647,27182,0,407,422,5088,261,16031,422,21119,California
Tuolumne,2021-04-23,160,36999,31,9281,129,27311,0,407,85,5100,73,16104,85,21204,California
Tuolumne,2021-04-24,80,37079,18,9299,62,27373,0,407,52,5124,28,16132,52,21256,California
Tuolumne,2021-04-25,27,37106,10,9309,17,27390,0,407,24,5145,3,16135,24,21280,California
Tuolumne,2021-04-26,151,37257,56,9365,95,27485,0,407,69,5134,81,16216,70,21350,California
Tuolumne,2021-04-27,131,37388,21,9386,103,27588,7,414,59,5130,70,16286,66,21416,California
Tuolumne,2021-04-28,115,37503,25,9411,79,27667,11,425,64,5155,50,16336,75,21491,California
Tuolumne,2021-04-29,271,37774,16,9427,247,27914,8,433,49,4991,221,16557,57,21548,California
Tuolumne,2021-04-30,348,38122,21,9448,315,28229,12,445,65,4788,280,16837,77,21625,California
Tuolumne,2021-05-01,24,38146,7,9455,13,28242,4,449,16,4800,8,16845,20,21645,California
Tuolumne,2021-05-02,26,38172,3,9458,21,28263,2,451,19,4814,7,16852,21,21666,California
Tuolumne,2021-05-03,81,38253,12,9470,64,28327,5,456,22,4783,58,16910,27,21693,California
Tuolumne,2021-05-04,679,38932,600,10070,74,28401,5,461,198,4505,480,17390,202,21895,California
Tuolumne,2021-05-05,91,39023,26,10096,62,28463,3,464,47,4514,42,17432,51,21946,California
Tuolumne,2021-05-06,269,39292,12,10108,245,28708,12,476,32,4325,232,17664,43,21989,California
Tuolumne,2021-05-07,310,39602,25,10133,277,28985,8,484,56,4136,253,17917,64,22053,California
Tuolumne,2021-05-08,47,39649,7,10140,36,29021,4,488,30,4153,17,17934,34,22087,California
Tuolumne,2021-05-09,14,39663,1,10141,11,29032,2,490,2,4145,12,17946,4,22091,California
Tuolumne,2021-05-10,96,39759,43,10184,49,29081,4,494,26,4106,69,18015,30,22121,California
Tuolumne,2021-05-11,158,39917,44,10228,109,29190,5,499,48,4050,109,18124,53,22174,California
Tuolumne,2021-05-12,67,39984,15,10243,52,29242,0,499,25,4033,42,18166,25,22199,California
Ventura,2020-12-15,5,5,5,5,0,0,0,0,5,5,0,0,5,5,California
Ventura,2020-12-16,72,77,72,77,0,0,0,0,72,77,0,0,72,77,California
Ventura,2020-12-17,249,326,249,326,0,0,0,0,249,326,0,0,249,326,California
Ventura,2020-12-18,1411,1737,1411,1737,0,0,0,0,1411,1737,0,0,1411,1737,California
Ventura,2020-12-19,911,2648,911,2648,0,0,0,0,911,2648,0,0,911,2648,California
Ventura,2020-12-20,430,3078,430,3078,0,0,0,0,430,3078,0,0,430,3078,California
Ventura,2020-12-21,1468,4546,1468,4546,0,0,0,0,1468,4546,0,0,1468,4546,California
Ventura,2020-12-22,1104,5650,1099,5645,5,5,0,0,1104,5650,0,0,1104,5650,California
Ventura,2020-12-23,1028,6678,980,6625,48,53,0,0,1028,6678,0,0,1028,6678,California
Ventura,2020-12-24,477,7155,379,7004,98,151,0,0,477,7155,0,0,477,7155,California
Ventura,2020-12-25,11,7166,7,7011,4,155,0,0,11,7166,0,0,11,7166,California
Ventura,2020-12-26,111,7277,91,7102,20,175,0,0,111,7277,0,0,111,7277,California
Ventura,2020-12-27,58,7335,27,7129,31,206,0,0,58,7335,0,0,58,7335,California
Ventura,2020-12-28,1072,8407,932,8061,140,346,0,0,1072,8407,0,0,1072,8407,California
Ventura,2020-12-29,1171,9578,764,8825,407,753,0,0,1171,9578,0,0,1171,9578,California
Ventura,2020-12-30,1987,11565,1522,10347,465,1218,0,0,1987,11565,0,0,1987,11565,California
Ventura,2020-12-31,479,12044,161,10508,318,1536,0,0,479,12044,0,0,479,12044,California
Ventura,2021-01-01,25,12069,7,10515,18,1554,0,0,25,12069,0,0,25,12069,California
Ventura,2021-01-02,174,12243,79,10594,95,1649,0,0,174,12243,0,0,174,12243,California
Ventura,2021-01-03,16,12259,8,10602,8,1657,0,0,16,12259,0,0,16,12259,California
Ventura,2021-01-04,1083,13342,552,11154,531,2188,0,0,1082,13341,0,0,1082,13341,California
Ventura,2021-01-05,1373,14715,777,11931,596,2784,0,0,1332,14632,41,41,1332,14673,California
Ventura,2021-01-06,2058,16773,1180,13111,878,3662,0,0,1627,15839,422,463,1629,16302,California
Ventura,2021-01-07,2068,18841,1326,14437,742,4404,0,0,1181,16135,885,1348,1181,17483,California
Ventura,2021-01-08,2197,21038,1474,15911,723,5127,0,0,906,15753,1289,2637,907,18390,California
Ventura,2021-01-09,721,21759,500,16411,221,5348,0,0,319,15670,402,3039,319,18709,California
Ventura,2021-01-10,343,22102,327,16738,16,5364,0,0,129,15585,214,3253,129,18838,California
Ventura,2021-01-11,2446,24548,1488,18226,958,6322,0,0,1494,16130,952,4205,1497,20335,California
Ventura,2021-01-12,3042,27590,1612,19838,1430,7752,0,0,2017,17122,1025,5230,2017,22352,California
Ventura,2021-01-13,2925,30515,1424,21262,1501,9253,0,0,2041,18283,881,6111,2042,24394,California
Ventura,2021-01-14,2736,33251,1062,22324,1674,10927,0,0,2288,20125,447,6558,2289,26683,California
Ventura,2021-01-15,2890,36141,972,23296,1918,12845,0,0,2677,22590,213,6771,2678,29361,California
Ventura,2021-01-16,484,36625,187,23483,297,13142,0,0,404,22914,80,6851,404,29765,California
Ventura,2021-01-17,259,36884,137,23620,122,13264,0,0,253,23161,6,6857,253,30018,California
Ventura,2021-01-18,2219,39103,1673,25293,546,13810,0,0,1668,24280,550,7407,1669,31687,California
Ventura,2021-01-19,3042,42145,2120,27413,922,14732,0,0,2147,25535,895,8302,2150,33837,California
Ventura,2021-01-20,4095,46240,3143,30556,952,15684,0,0,3041,27526,1051,9353,3042,36879,California
Ventura,2021-01-21,3842,50082,2675,33231,1167,16851,0,0,3166,30021,673,10026,3168,40047,California
Ventura,2021-01-22,3615,53697,2494,35725,1121,17972,0,0,3453,33312,162,10188,3453,43500,California
Ventura,2021-01-23,1184,54881,649,36374,535,18507,0,0,1084,34299,99,10287,1086,44586,California
Ventura,2021-01-24,452,55333,137,36511,315,18822,0,0,439,34725,13,10300,439,45025,California
Ventura,2021-01-25,3154,58487,2031,38542,1123,19945,0,0,2598,36769,555,10855,2599,47624,California
Ventura,2021-01-26,3714,62201,2206,40748,1508,21453,0,0,2715,38487,998,11853,2716,50340,California
Ventura,2021-01-27,3462,65663,1560,42308,1902,23355,0,0,2719,40467,739,12592,2719,53059,California
Ventura,2021-01-28,3874,69537,1993,44301,1881,25236,0,0,3260,43131,597,13189,3261,56320,California
Ventura,2021-01-29,4271,73808,2525,46826,1746,26982,0,0,3768,46409,490,13679,3768,60088,California
Ventura,2021-01-30,3036,76844,1964,48790,1072,28054,0,0,2865,49108,167,13846,2866,62954,California
Ventura,2021-01-31,835,77679,446,49236,389,28443,0,0,748,49770,86,13932,748,63702,California
Ventura,2021-02-01,3944,81623,2113,51349,1831,30274,0,0,3169,52169,772,14704,3171,66873,California
Ventura,2021-02-02,4406,86029,2375,53724,2031,32305,0,0,3381,54530,1021,15725,3382,70255,California
Ventura,2021-02-03,4453,90482,2089,55813,2364,34669,0,0,3443,56969,1005,16730,3444,73699,California
Ventura,2021-02-04,4776,95258,2287,58100,2489,37158,0,0,3519,59241,1249,17979,3521,77220,California
Ventura,2021-02-05,4838,100096,2317,60417,2521,39679,0,0,3345,61108,1480,19459,3347,80567,California
Ventura,2021-02-06,2837,102933,1515,61932,1322,41001,0,0,2434,63140,402,19861,2434,83001,California
Ventura,2021-02-07,710,103643,241,62173,469,41470,0,0,584,63599,126,19987,585,83586,California
Ventura,2021-02-08,3498,107141,1624,63797,1874,43344,0,0,2428,64962,1065,21052,2428,86014,California
Ventura,2021-02-09,4716,111857,1971,65768,2745,46089,0,0,2464,65178,2251,23303,2467,88481,California
Ventura,2021-02-10,4716,116573,2237,68005,2479,48568,0,0,2390,65254,2315,25618,2391,90872,California
Ventura,2021-02-11,4663,121236,1863,69868,2800,51368,0,0,2447,65495,2209,27827,2450,93322,California
Ventura,2021-02-12,6305,127541,2661,72529,3644,55012,0,0,3223,65641,3077,30904,3223,96545,California
Ventura,2021-02-13,3298,130839,1826,74355,1472,56484,0,0,1844,66037,1450,32354,1846,98391,California
Ventura,2021-02-14,1226,132065,124,74479,1102,57586,0,0,1010,66832,216,32570,1011,99402,California
Ventura,2021-02-15,3987,136052,1798,76277,2189,59775,0,0,2118,67084,1866,34436,2118,101520,California
Ventura,2021-02-16,5545,141597,2706,78983,2839,62614,0,0,3011,67569,2526,36962,3011,104531,California
Ventura,2021-02-17,5233,146830,1920,80903,3313,65927,0,0,3266,68877,1958,38920,3266,107797,California
Ventura,2021-02-18,5777,152607,1830,82733,3947,69874,0,0,3633,70377,2133,41053,3633,111430,California
Ventura,2021-02-19,6455,159062,3771,86504,2684,72558,0,0,3010,69951,3438,44491,3012,114442,California
Ventura,2021-02-20,4938,164000,3171,89675,1767,74325,0,0,2771,70565,2161,46652,2775,117217,California
Ventura,2021-02-21,1049,165049,760,90435,289,74614,0,0,432,70386,611,47263,432,117649,California
Ventura,2021-02-22,5370,170419,2409,92844,2961,77575,0,0,3454,71933,1907,49170,3454,121103,California
Ventura,2021-02-23,5932,176351,2968,95812,2964,80539,0,0,3415,72849,2501,51671,3417,124520,California
Ventura,2021-02-24,6994,183345,2608,98420,4386,84925,0,0,4246,74362,2735,54406,4248,128768,California
Ventura,2021-02-25,7494,190839,2572,100992,4922,89847,0,0,4575,76034,2905,57311,4577,133345,California
Ventura,2021-02-26,9347,200186,2767,103759,6580,96427,0,0,6162,79040,3158,60469,6164,139509,California
Ventura,2021-02-27,9996,210182,5273,109032,4723,101150,0,0,7373,83816,2607,63076,7383,146892,California
Ventura,2021-02-28,2569,212751,1634,110666,934,102084,1,1,2096,85446,466,63542,2096,148988,California
Ventura,2021-03-01,6947,219698,2813,113479,4134,106218,0,1,4633,87789,2303,65845,4646,153634,California
Ventura,2021-03-02,7481,227179,3936,117415,3543,109761,2,3,5251,90820,2220,68065,5251,158885,California
Ventura,2021-03-03,8520,235699,3901,121316,4619,114380,0,3,6075,94469,2430,70495,6079,164964,California
Ventura,2021-03-04,8105,243804,3869,125185,4236,118616,0,3,5474,97329,2617,73112,5477,170441,California
Ventura,2021-03-05,9974,253778,4801,129986,5163,123779,10,13,7085,101557,2875,75987,7103,177544,California
Ventura,2021-03-06,7234,261012,4396,134382,2685,126464,153,166,5320,105124,1908,77895,5475,183019,California
Ventura,2021-03-07,1655,262667,606,134988,947,127411,102,268,1236,106043,419,78314,1338,184357,California
Ventura,2021-03-08,6737,269404,3413,138401,3170,130581,154,422,4632,108733,2099,80413,4789,189146,California
Ventura,2021-03-09,6548,275952,2821,141222,3527,134108,200,622,3676,109753,2858,83271,3878,193024,California
Ventura,2021-03-10,6804,282756,2967,144189,3599,137707,238,860,4488,112174,2305,85576,4726,197750,California
Ventura,2021-03-11,6374,289130,2888,147077,3173,140880,313,1173,3421,112966,2940,88516,3732,201482,California
Ventura,2021-03-12,8519,297649,3037,150114,4637,145517,845,2018,4110,113529,4391,92907,4954,206436,California
Ventura,2021-03-13,6685,304334,2498,152612,3345,148862,842,2860,3758,115209,2918,95825,4598,211034,California
Ventura,2021-03-14,2131,306465,478,153090,1158,150020,495,3355,730,115035,1400,97225,1226,212260,California
Ventura,2021-03-15,6917,313382,2048,155138,3520,153540,1349,4704,2975,115439,3917,101142,4321,216581,California
Ventura,2021-03-16,7920,321302,2461,157599,4345,157885,1114,5818,3993,116632,3913,105055,5106,221687,California
Ventura,2021-03-17,7474,328776,2768,160367,4358,162243,348,6166,4472,118474,2980,108035,4822,226509,California
Ventura,2021-03-18,7224,336000,3271,163638,3801,166044,152,6318,4704,120822,2506,110541,4854,231363,California
Ventura,2021-03-19,8404,344404,3778,167416,4513,170557,113,6431,5024,122596,3361,113902,5135,236498,California
Ventura,2021-03-20,8145,352549,5246,172662,2879,173436,20,6451,3894,122284,4227,118129,3915,240413,California
Ventura,2021-03-21,2781,355330,1510,174172,900,174336,371,6822,1318,122520,1452,119581,1688,242101,California
Ventura,2021-03-22,7345,362675,3687,177859,3556,177892,102,6924,4843,124981,2486,122067,4947,247048,California
Ventura,2021-03-23,8186,370861,3885,181744,4227,182119,74,6998,4672,126238,3488,125555,4745,251793,California
Ventura,2021-03-24,8869,379730,3407,185151,5387,187506,75,7073,4430,126334,4409,129964,4505,256298,California
Ventura,2021-03-25,8798,388528,3906,189057,4792,192298,100,7173,4452,126559,4329,134293,4554,260852,California
Ventura,2021-03-26,9822,398350,3347,192404,5822,198120,653,7826,3905,125226,5889,140182,4556,265408,California
Ventura,2021-03-27,8118,406468,3903,196307,4175,202295,40,7866,2406,121981,5692,145874,2447,267855,California
Ventura,2021-03-28,2527,408995,1407,197714,1111,203406,9,7875,1384,122237,1137,147011,1393,269248,California
Ventura,2021-03-29,8448,417443,4257,201971,4148,207554,43,7918,4222,122304,4198,151209,4265,273513,California
Ventura,2021-03-30,8929,426372,4408,206379,4394,211948,127,8045,4528,122570,4387,155596,4653,278166,California
Ventura,2021-03-31,10691,437063,4822,211201,5242,217190,627,8672,4642,121812,6027,161623,5269,283435,California
Ventura,2021-04-01,10654,447717,5189,216390,4587,221777,878,9550,5368,122790,5266,166889,6244,289679,California
Ventura,2021-04-02,11610,459327,4594,220984,5719,227496,1297,10847,5535,123581,6046,172935,6837,296516,California
Ventura,2021-04-03,8018,467345,3956,224940,2922,230418,1140,11987,3365,123440,4643,177578,4502,301018,California
Ventura,2021-04-04,1712,469057,959,225899,621,231039,132,12119,1154,124174,552,178130,1286,302304,California
Ventura,2021-04-05,9295,478352,4867,230766,3332,234371,1096,13215,4722,125432,4562,182692,5820,308124,California
Ventura,2021-04-06,10837,489189,5548,236314,3808,238179,1481,14696,5559,127216,5254,187946,7038,315162,California
Ventura,2021-04-07,11295,500484,5426,241740,4393,242572,1476,16172,5165,127737,6115,194061,6636,321798,California
Ventura,2021-04-08,10221,510705,5296,247036,3988,246560,937,17109,5101,128664,5103,199164,6030,327828,California
Ventura,2021-04-09,11083,521788,4337,251373,5038,251598,1708,18817,4842,128984,6223,205387,6543,334371,California
Ventura,2021-04-10,9137,530925,3507,254880,3476,255074,2154,20971,3005,128022,6116,211503,5154,339525,California
Ventura,2021-04-11,2427,533352,863,255743,995,256069,569,21540,687,127543,1733,213236,1254,340779,California
Ventura,2021-04-12,8876,542228,4465,260208,3604,259673,807,22347,3734,126954,5124,218360,4535,345314,California
Ventura,2021-04-13,8766,550994,4445,264653,4315,263988,6,22353,3748,125722,4986,223346,3754,349068,California
Ventura,2021-04-14,8655,559649,4061,268714,4579,268567,15,22368,3361,123839,5261,228607,3378,352446,California
Ventura,2021-04-15,9287,568936,4518,273232,4762,273329,7,22375,4090,122760,5176,233783,4097,356543,California
Ventura,2021-04-16,10102,579038,4478,277710,5623,278952,1,22376,4840,122355,5247,239030,4842,361385,California
Ventura,2021-04-17,8531,587569,5298,283008,3232,282184,1,22377,4997,123830,3523,242553,4998,366383,California
Ventura,2021-04-18,2129,589698,1013,284021,1116,283300,0,22377,906,123518,1218,243771,906,367289,California
Ventura,2021-04-19,8006,597704,4840,288861,3165,286465,1,22378,4624,124779,3365,247136,4626,371915,California
Ventura,2021-04-20,9213,606917,4898,293759,4313,290778,2,22380,4350,124284,4848,251984,4353,376268,California
Ventura,2021-04-21,8835,615752,4535,298294,4297,295075,3,22383,4204,123875,4617,256601,4208,380476,California
Ventura,2021-04-22,10029,625781,5483,303777,4546,299621,0,22383,4498,122860,5513,262114,4498,384974,California
Ventura,2021-04-23,10795,636576,5386,309163,5409,305030,0,22383,5407,122904,5363,267477,5407,390381,California
Ventura,2021-04-24,10318,646894,5895,315058,4423,309453,0,22383,6116,124829,4192,271669,6117,396498,California
Ventura,2021-04-25,2470,649364,1699,316757,771,310224,0,22383,1141,124644,1326,272995,1141,397639,California
Ventura,2021-04-26,6836,656200,3959,320716,2813,313037,64,22447,2819,123525,3998,276993,2879,400518,California
Ventura,2021-04-27,8021,664221,4444,325160,3409,316446,168,22615,2995,121674,5013,282006,3162,403680,California
Ventura,2021-04-28,8239,672460,4811,329971,3115,319561,313,22928,3213,120193,5007,287013,3526,407206,California
Ventura,2021-04-29,7742,680202,4215,334186,3267,322828,260,23188,2744,118221,4974,291987,3002,410208,California
Ventura,2021-04-30,9290,689492,5430,339616,3591,326419,269,23457,3848,116914,5416,297403,4109,414317,California
Ventura,2021-05-01,4938,694430,3632,343248,1204,327623,102,23559,1869,115832,3053,300456,1971,416288,California
Ventura,2021-05-02,2128,696558,1426,344674,613,328236,89,23648,1032,115861,1092,301548,1121,417409,California
Ventura,2021-05-03,6197,702755,3901,348575,2021,330257,275,23923,1943,113845,4233,305781,2217,419626,California
Ventura,2021-05-04,6244,708999,3295,351870,2651,332908,298,24221,2254,112420,3976,309757,2551,422177,California
Ventura,2021-05-05,4710,713709,2866,354736,1590,334498,254,24475,1695,111368,2998,312755,1946,424123,California
Ventura,2021-05-06,5313,719022,3095,357831,1969,336467,249,24724,1761,109844,3535,316290,2011,426134,California
Ventura,2021-05-07,5846,724868,3206,361037,2381,338848,259,24983,2037,108355,3784,320074,2295,428429,California
Ventura,2021-05-08,4965,729833,4006,365043,805,339653,154,25137,1092,105740,3861,323935,1246,429675,California
Ventura,2021-05-09,1034,730867,728,365771,267,339920,39,25176,395,105541,633,324568,434,430109,California
Ventura,2021-05-10,5352,736219,4007,369778,1152,341072,193,25369,1229,102851,4112,328680,1422,431531,California
Ventura,2021-05-11,4060,740279,2887,372665,1034,342106,139,25508,1135,101207,2917,331597,1273,432804,California
Ventura,2021-05-12,2768,743047,1928,374593,716,342822,124,25632,699,99972,2058,333655,823,433627,California
Yolo,2020-12-15,39,39,39,39,0,0,0,0,39,39,0,0,39,39,California
Yolo,2020-12-16,78,117,78,117,0,0,0,0,78,117,0,0,78,117,California
Yolo,2020-12-17,101,218,101,218,0,0,0,0,101,218,0,0,101,218,California
Yolo,2020-12-18,210,428,210,428,0,0,0,0,210,428,0,0,210,428,California
Yolo,2020-12-19,88,516,88,516,0,0,0,0,88,516,0,0,88,516,California
Yolo,2020-12-20,100,616,100,616,0,0,0,0,100,616,0,0,100,616,California
Yolo,2020-12-21,253,869,253,869,0,0,0,0,253,869,0,0,253,869,California
Yolo,2020-12-22,381,1250,380,1249,1,1,0,0,381,1250,0,0,381,1250,California
Yolo,2020-12-23,432,1682,412,1661,20,21,0,0,432,1682,0,0,432,1682,California
Yolo,2020-12-24,151,1833,95,1756,56,77,0,0,151,1833,0,0,151,1833,California
Yolo,2020-12-25,1,1834,1,1757,0,77,0,0,1,1834,0,0,1,1834,California
Yolo,2020-12-26,75,1909,25,1782,50,127,0,0,75,1909,0,0,75,1909,California
Yolo,2020-12-27,46,1955,19,1801,27,154,0,0,46,1955,0,0,46,1955,California
Yolo,2020-12-28,346,2301,179,1980,167,321,0,0,346,2301,0,0,346,2301,California
Yolo,2020-12-29,488,2789,267,2247,221,542,0,0,488,2789,0,0,488,2789,California
Yolo,2020-12-30,622,3411,254,2501,368,910,0,0,622,3411,0,0,622,3411,California
Yolo,2020-12-31,185,3596,95,2596,90,1000,0,0,185,3596,0,0,185,3596,California
Yolo,2021-01-01,58,3654,56,2652,2,1002,0,0,58,3654,0,0,58,3654,California
Yolo,2021-01-02,68,3722,25,2677,43,1045,0,0,68,3722,0,0,68,3722,California
Yolo,2021-01-03,44,3766,19,2696,25,1070,0,0,44,3766,0,0,44,3766,California
Yolo,2021-01-04,193,3959,43,2739,150,1220,0,0,193,3959,0,0,193,3959,California
Yolo,2021-01-05,612,4571,236,2975,376,1596,0,0,551,4449,61,61,551,4510,California
Yolo,2021-01-06,480,5051,183,3158,297,1893,0,0,349,4667,131,192,349,4859,California
Yolo,2021-01-07,709,5760,233,3391,476,2369,0,0,520,4999,188,380,520,5379,California
Yolo,2021-01-08,632,6392,311,3702,321,2690,0,0,416,5200,215,595,416,5795,California
Yolo,2021-01-09,410,6802,69,3771,341,3031,0,0,364,5518,46,641,364,6159,California
Yolo,2021-01-10,393,7195,80,3851,313,3344,0,0,323,5771,70,711,323,6482,California
Yolo,2021-01-11,562,7757,325,4176,237,3581,0,0,293,5797,269,980,295,6777,California
Yolo,2021-01-12,481,8238,364,4540,117,3698,0,0,173,5663,308,1288,174,6951,California
Yolo,2021-01-13,770,9008,312,4852,458,4156,0,0,520,5933,250,1538,520,7471,California
Yolo,2021-01-14,376,9384,182,5034,194,4350,0,0,272,6101,104,1642,272,7743,California
Yolo,2021-01-15,623,10007,318,5352,305,4655,0,0,544,6567,79,1721,545,8288,California
Yolo,2021-01-16,740,10747,95,5447,645,5300,0,0,709,7245,31,1752,709,8997,California
Yolo,2021-01-17,186,10933,117,5564,69,5369,0,0,179,7417,7,1759,179,9176,California
Yolo,2021-01-18,478,11411,303,5867,175,5544,0,0,379,7697,99,1858,379,9555,California
Yolo,2021-01-19,556,11967,372,6239,184,5728,0,0,381,7903,175,2033,381,9936,California
Yolo,2021-01-20,659,12626,379,6618,280,6008,0,0,474,8193,184,2217,474,10410,California
Yolo,2021-01-21,648,13274,382,7000,266,6274,0,0,460,8465,188,2405,460,10870,California
Yolo,2021-01-22,746,14020,250,7250,496,6770,0,0,629,8979,115,2520,629,11499,California
Yolo,2021-01-23,613,14633,123,7373,490,7260,0,0,566,9498,47,2567,566,12065,California
Yolo,2021-01-24,207,14840,124,7497,83,7343,0,0,166,9623,41,2608,166,12231,California
Yolo,2021-01-25,728,15568,153,7650,575,7918,0,0,514,9923,214,2822,514,12745,California
Yolo,2021-01-26,817,16385,327,7977,490,8408,0,0,428,9962,389,3211,428,13173,California
Yolo,2021-01-27,557,16942,223,8200,334,8742,0,0,383,10171,174,3385,383,13556,California
Yolo,2021-01-28,1051,17993,566,8766,485,9227,0,0,925,10971,125,3510,925,14481,California
Yolo,2021-01-29,871,18864,263,9029,608,9835,0,0,789,11679,81,3591,789,15270,California
Yolo,2021-01-30,1515,20379,915,9944,600,10435,0,0,1406,12982,103,3694,1406,16676,California
Yolo,2021-01-31,249,20628,211,10155,38,10473,0,0,214,13162,34,3728,214,16890,California
Yolo,2021-02-01,844,21472,360,10515,484,10957,0,0,614,13549,227,3955,614,17504,California
Yolo,2021-02-02,1323,22795,746,11261,577,11534,0,0,931,14089,392,4347,932,18436,California
Yolo,2021-02-03,1515,24310,398,11659,1117,12651,0,0,1182,14941,330,4677,1182,19618,California
Yolo,2021-02-04,1787,26097,282,11941,1505,14156,0,0,1237,15640,539,5216,1238,20856,California
Yolo,2021-02-05,1592,27689,900,12841,692,14848,0,0,1197,16443,395,5611,1198,22054,California
Yolo,2021-02-06,1917,29606,1247,14088,670,15518,0,0,1556,17639,361,5972,1557,23611,California
Yolo,2021-02-07,519,30125,249,14337,270,15788,0,0,171,17463,347,6319,171,23782,California
Yolo,2021-02-08,948,31073,332,14669,616,16404,0,0,605,17728,340,6659,605,24387,California
Yolo,2021-02-09,860,31933,387,15056,473,16877,0,0,577,18022,283,6942,577,24964,California
Yolo,2021-02-10,1458,33391,476,15532,982,17859,0,0,821,18208,637,7579,823,25787,California
Yolo,2021-02-11,1567,34958,799,16331,768,18627,0,0,1185,19011,382,7961,1185,26972,California
Yolo,2021-02-12,1910,36868,750,17081,1160,19787,0,0,1442,19989,464,8425,1442,28414,California
Yolo,2021-02-13,2056,38924,712,17793,1344,21131,0,0,1391,20715,665,9090,1391,29805,California
Yolo,2021-02-14,571,39495,155,17948,416,21547,0,0,446,21037,124,9214,446,30251,California
Yolo,2021-02-15,531,40026,189,18137,342,21889,0,0,266,21039,265,9479,267,30518,California
Yolo,2021-02-16,1130,41156,426,18563,704,22593,0,0,812,21533,318,9797,812,31330,California
Yolo,2021-02-17,1390,42546,701,19264,689,23282,0,0,995,22133,395,10192,995,32325,California
Yolo,2021-02-18,2497,45043,814,20078,1683,24965,0,0,1727,23091,770,10962,1728,34053,California
Yolo,2021-02-19,1742,46785,745,20823,997,25962,0,0,1121,23593,619,11581,1121,35174,California
Yolo,2021-02-20,2443,49228,949,21772,1494,27456,0,0,1373,23902,1065,12646,1374,36548,California
Yolo,2021-02-21,282,49510,225,21997,57,27513,0,0,73,23767,208,12854,73,36621,California
Yolo,2021-02-22,1362,50872,601,22598,761,28274,0,0,693,23792,668,13522,693,37314,California
Yolo,2021-02-23,1125,51997,842,23440,283,28557,0,0,438,23545,685,14207,438,37752,California
Yolo,2021-02-24,2091,54088,590,24030,1501,30058,0,0,1381,24218,708,14915,1381,39133,California
Yolo,2021-02-25,1380,55468,485,24515,895,30953,0,0,914,24667,465,15380,914,40047,California
Yolo,2021-02-26,2600,58068,1012,25527,1588,32541,0,0,1394,24858,1203,16583,1394,41441,California
Yolo,2021-02-27,1657,59725,766,26293,891,33432,0,0,1207,25615,450,17033,1207,42648,California
Yolo,2021-02-28,1775,61500,1493,27786,282,33714,0,0,680,25202,1093,18126,680,43328,California
Yolo,2021-03-01,1102,62602,365,28151,737,34451,0,0,670,25442,430,18556,670,43998,California
Yolo,2021-03-02,1462,64064,681,28832,781,35232,0,0,931,25842,531,19087,931,44929,California
Yolo,2021-03-03,1840,65904,630,29462,1210,36442,0,0,833,25670,1005,20092,833,45762,California
Yolo,2021-03-04,2909,68813,1453,30915,1456,37898,0,0,1575,25914,1331,21423,1575,47337,California
Yolo,2021-03-05,2350,71163,1398,32313,941,38839,11,11,1472,26520,877,22300,1483,48820,California
Yolo,2021-03-06,1470,72633,1122,33435,319,39158,29,40,837,26756,630,22930,866,49686,California
Yolo,2021-03-07,908,73541,673,34108,221,39379,14,54,772,27406,136,23066,786,50472,California
Yolo,2021-03-08,1091,74632,486,34594,562,39941,43,97,763,27886,327,23393,807,51279,California
Yolo,2021-03-09,1244,75876,671,35265,512,40453,61,158,754,28213,488,23881,815,52094,California
Yolo,2021-03-10,1797,77673,1049,36314,459,40912,289,447,751,28204,1043,24924,1034,53128,California
Yolo,2021-03-11,2345,80018,1601,37915,678,41590,66,513,1601,29129,743,25667,1668,54796,California
Yolo,2021-03-12,2895,82913,1344,39259,1471,43061,80,593,1373,29067,1514,27181,1452,56248,California
Yolo,2021-03-13,1844,84757,730,39989,937,43998,177,770,999,29401,842,28023,1176,57424,California
Yolo,2021-03-14,1004,85761,211,40200,643,44641,150,920,523,29589,480,28503,668,58092,California
Yolo,2021-03-15,1325,87086,774,40974,375,45016,176,1096,709,29858,614,29117,883,58975,California
Yolo,2021-03-16,1869,88955,717,41691,1080,46096,72,1168,1103,30267,766,29883,1175,60150,California
Yolo,2021-03-17,2487,91442,969,42660,1446,47542,72,1240,1705,31296,779,30662,1808,61958,California
Yolo,2021-03-18,3017,94459,1018,43678,1775,49317,224,1464,1262,31031,1751,32413,1486,63444,California
Yolo,2021-03-19,2086,96545,863,44541,1155,50472,68,1532,1095,31209,985,33398,1163,64607,California
Yolo,2021-03-20,2749,99294,817,45358,1891,52363,41,1573,1115,30739,1628,35026,1158,65765,California
Yolo,2021-03-21,316,99610,215,45573,93,52456,8,1581,229,30890,86,35112,237,66002,California
Yolo,2021-03-22,1399,101009,487,46060,853,53309,59,1640,918,31388,478,35590,976,66978,California
Yolo,2021-03-23,1732,102741,933,46993,743,54052,56,1696,1074,31860,657,36247,1129,68107,California
Yolo,2021-03-24,2851,105592,1393,48386,1409,55461,49,1745,1423,31917,1416,37663,1473,69580,California
Yolo,2021-03-25,2539,108131,1407,49793,1105,56566,27,1772,1258,31931,1271,38934,1285,70865,California
Yolo,2021-03-26,2397,110528,1254,51047,1124,57690,19,1791,1033,31625,1357,40291,1051,71916,California
Yolo,2021-03-27,1650,112178,455,51502,1179,58869,16,1807,762,31516,887,41178,778,72694,California
Yolo,2021-03-28,1107,113285,862,52364,227,59096,18,1825,277,30985,826,42004,295,72989,California
Yolo,2021-03-29,2012,115297,821,53185,1161,60257,30,1855,983,30973,1025,43029,1013,74002,California
Yolo,2021-03-30,2269,117566,1069,54254,1177,61434,23,1878,1181,31094,1083,44112,1204,75206,California
Yolo,2021-03-31,2342,119908,1215,55469,1091,62525,36,1914,1198,31185,1143,45255,1234,76440,California
Yolo,2021-04-01,3828,123736,1840,57309,1513,64038,475,2389,1617,31068,2208,47463,2091,78531,California
Yolo,2021-04-02,3375,127111,1502,58811,1729,65767,144,2533,2089,32021,1280,48743,2233,80764,California
Yolo,2021-04-03,1786,128897,1078,59889,493,66260,215,2748,797,32045,988,49731,1012,81776,California
Yolo,2021-04-04,386,129283,150,60039,174,66434,62,2810,145,32011,241,49972,207,81983,California
Yolo,2021-04-05,1904,131187,731,60770,1075,67509,98,2908,1008,32226,891,50863,1106,83089,California
Yolo,2021-04-06,2567,133754,1301,62071,1095,68604,171,3079,1315,32470,1243,52106,1487,84576,California
Yolo,2021-04-07,2967,136721,1511,63582,1105,69709,351,3430,1916,33696,1045,53151,2271,86847,California
Yolo,2021-04-08,2414,139135,1000,64582,943,70652,471,3901,1023,33799,1387,54538,1490,88337,California
Yolo,2021-04-09,2570,141705,915,65497,1078,71730,577,4478,842,33486,1725,56263,1412,89749,California
Yolo,2021-04-10,1726,143431,810,66307,740,72470,176,4654,1020,33979,702,56965,1195,90944,California
Yolo,2021-04-11,887,144318,282,66589,560,73030,45,4699,363,33865,521,57486,407,91351,California
Yolo,2021-04-12,1762,146080,522,67111,1096,74126,144,4843,1089,34428,670,58156,1233,92584,California
Yolo,2021-04-13,1966,148046,910,68021,1056,75182,0,4843,1036,34535,929,59085,1036,93620,California
Yolo,2021-04-14,2756,150802,756,68777,2000,77182,0,4843,1370,34523,1382,60467,1370,94990,California
Yolo,2021-04-15,3310,154112,1134,69911,2176,79358,0,4843,2270,35758,1035,61502,2270,97260,California
Yolo,2021-04-16,3029,157141,1952,71863,1077,80435,0,4843,1928,36592,1094,62596,1928,99188,California
Yolo,2021-04-17,1597,158738,467,72330,1130,81565,0,4843,824,36646,770,63366,824,100012,California
Yolo,2021-04-18,631,159369,303,72633,328,81893,0,4843,352,36722,276,63642,352,100364,California
Yolo,2021-04-19,1667,161036,719,73352,947,82840,1,4844,769,36599,893,64535,770,101134,California
Yolo,2021-04-20,2000,163036,1012,74364,988,83828,0,4844,1074,36749,924,65459,1074,102208,California
Yolo,2021-04-21,1994,165030,992,75356,1002,84830,0,4844,1094,36947,896,66355,1094,103302,California
Yolo,2021-04-22,1931,166961,874,76230,1057,85887,0,4844,960,36942,966,67321,961,104263,California
Yolo,2021-04-23,2610,169571,1523,77753,1087,86974,0,4844,1169,36680,1431,68752,1169,105432,California
Yolo,2021-04-24,1152,170723,630,78383,520,87494,2,4846,454,36446,690,69442,456,105888,California
Yolo,2021-04-25,943,171666,402,78785,541,88035,0,4846,722,36948,220,69662,722,106610,California
Yolo,2021-04-26,1161,172827,437,79222,721,88756,3,4849,474,36741,685,70347,478,107088,California
Yolo,2021-04-27,1454,174281,665,79887,780,89536,9,4858,557,36412,897,71244,568,107656,California
Yolo,2021-04-28,2011,176292,994,80881,990,90526,27,4885,703,35837,1305,72549,730,108386,California
Yolo,2021-04-29,1724,178016,800,81681,841,91367,83,4968,662,35521,1061,73610,745,109131,California
Yolo,2021-04-30,2003,180019,990,82671,956,92323,57,5025,961,35503,1036,74646,1018,110149,California
Yolo,2021-05-01,1271,181290,985,83656,266,92589,20,5045,375,35003,895,75541,395,110544,California
Yolo,2021-05-02,495,181785,401,84057,71,92660,23,5068,321,35173,174,75715,344,110888,California
Yolo,2021-05-03,1117,182902,403,84460,681,93341,33,5101,299,34689,815,76530,331,111219,California
Yolo,2021-05-04,1446,184348,658,85118,762,94103,26,5127,491,34255,951,77481,517,111736,California
Yolo,2021-05-05,1538,185886,419,85537,1058,95161,61,5188,436,33659,1093,78574,497,112233,California
Yolo,2021-05-06,1499,187385,704,86241,717,95878,78,5266,495,33241,990,79564,572,112805,California
Yolo,2021-05-07,2273,189658,1368,87609,861,96739,44,5310,453,31924,1814,81378,497,113302,California
Yolo,2021-05-08,816,190474,352,87961,407,97146,57,5367,303,31773,510,81888,359,113661,California
Yolo,2021-05-09,384,190858,153,88114,219,97365,12,5379,85,31571,298,82186,96,113757,California
Yolo,2021-05-10,909,191767,361,88475,502,97867,46,5425,159,31027,748,82934,204,113961,California
Yolo,2021-05-11,855,192622,488,88963,354,98221,13,5438,220,30628,632,83566,233,114194,California
Yolo,2021-05-12,1272,193894,565,89528,690,98911,17,5455,166,29711,1103,84669,186,114380,California
Yuba,2020-12-16,4,4,4,4,0,0,0,0,4,4,0,0,4,4,California
Yuba,2020-12-17,4,8,4,8,0,0,0,0,4,8,0,0,4,8,California
Yuba,2020-12-18,8,16,8,16,0,0,0,0,8,16,0,0,8,16,California
Yuba,2020-12-19,12,28,12,28,0,0,0,0,12,28,0,0,12,28,California
Yuba,2020-12-20,20,48,20,48,0,0,0,0,20,48,0,0,20,48,California
Yuba,2020-12-21,40,88,40,88,0,0,0,0,40,88,0,0,40,88,California
Yuba,2020-12-22,86,174,86,174,0,0,0,0,86,174,0,0,86,174,California
Yuba,2020-12-23,64,238,62,236,2,2,0,0,64,238,0,0,64,238,California
Yuba,2020-12-24,20,258,10,246,10,12,0,0,20,258,0,0,20,258,California
Yuba,2020-12-26,15,273,13,259,2,14,0,0,15,273,0,0,15,273,California
Yuba,2020-12-27,15,288,15,274,0,14,0,0,15,288,0,0,15,288,California
Yuba,2020-12-28,51,339,35,309,16,30,0,0,51,339,0,0,51,339,California
Yuba,2020-12-29,75,414,10,319,65,95,0,0,75,414,0,0,75,414,California
Yuba,2020-12-30,64,478,20,339,44,139,0,0,64,478,0,0,64,478,California
Yuba,2020-12-31,38,516,7,346,31,170,0,0,38,516,0,0,38,516,California
Yuba,2021-01-02,23,539,22,368,1,171,0,0,23,539,0,0,23,539,California
Yuba,2021-01-03,10,549,6,374,4,175,0,0,10,549,0,0,10,549,California
Yuba,2021-01-04,90,639,21,395,69,244,0,0,90,639,0,0,90,639,California
Yuba,2021-01-05,70,709,38,433,32,276,0,0,69,707,1,1,69,708,California
Yuba,2021-01-06,154,863,76,509,78,354,0,0,148,849,6,7,148,856,California
Yuba,2021-01-07,75,938,19,528,56,410,0,0,72,917,4,11,72,928,California
Yuba,2021-01-08,73,1011,25,553,48,458,0,0,66,976,7,18,66,994,California
Yuba,2021-01-09,19,1030,16,569,3,461,0,0,11,979,8,26,11,1005,California
Yuba,2021-01-10,117,1147,22,591,95,556,0,0,95,1052,22,48,95,1100,California
Yuba,2021-01-11,72,1219,50,641,22,578,0,0,32,1044,40,88,32,1132,California
Yuba,2021-01-12,107,1326,77,718,30,608,0,0,42,1021,65,153,42,1174,California
Yuba,2021-01-13,119,1445,72,790,47,655,0,0,54,1011,64,217,54,1228,California
Yuba,2021-01-14,109,1554,43,833,66,721,0,0,97,1096,12,229,97,1325,California
Yuba,2021-01-15,206,1760,88,921,118,839,0,0,195,1280,11,240,195,1520,California
Yuba,2021-01-16,184,1944,21,942,163,1002,0,0,172,1439,13,253,172,1692,California
Yuba,2021-01-17,13,1957,9,951,4,1006,0,0,7,1440,6,259,7,1699,California
Yuba,2021-01-18,60,2017,32,983,28,1034,0,0,35,1450,25,284,35,1734,California
Yuba,2021-01-19,80,2097,29,1012,51,1085,0,0,65,1500,15,299,65,1799,California
Yuba,2021-01-20,133,2230,87,1099,46,1131,0,0,110,1587,23,322,110,1909,California
Yuba,2021-01-21,213,2443,97,1196,116,1247,0,0,205,1784,8,330,205,2114,California
Yuba,2021-01-22,103,2546,6,1202,97,1344,0,0,94,1869,9,339,94,2208,California
Yuba,2021-01-23,200,2746,7,1209,193,1537,0,0,197,2063,3,342,197,2405,California
Yuba,2021-01-24,10,2756,7,1216,3,1540,0,0,8,2069,2,344,8,2413,California
Yuba,2021-01-25,84,2840,28,1244,56,1596,0,0,53,2092,30,374,53,2466,California
Yuba,2021-01-26,148,2988,39,1283,109,1705,0,0,90,2124,58,432,90,2556,California
Yuba,2021-01-27,183,3171,128,1411,55,1760,0,0,115,2171,68,500,115,2671,California
Yuba,2021-01-28,217,3388,79,1490,138,1898,0,0,175,2304,42,542,175,2846,California
Yuba,2021-01-29,159,3547,56,1546,103,2001,0,0,112,2369,47,589,112,2958,California
Yuba,2021-01-30,410,3957,23,1569,387,2388,0,0,399,2757,11,600,399,3357,California
Yuba,2021-01-31,17,3974,12,1581,5,2393,0,0,15,2770,2,602,15,3372,California
Yuba,2021-02-01,155,4129,75,1656,80,2473,0,0,131,2879,23,625,132,3504,California
Yuba,2021-02-02,123,4252,23,1679,100,2573,0,0,101,2958,22,647,101,3605,California
Yuba,2021-02-03,226,4478,29,1708,197,2770,0,0,114,2961,111,758,114,3719,California
Yuba,2021-02-04,295,4773,120,1828,175,2945,0,0,252,3170,43,801,252,3971,California
Yuba,2021-02-05,147,4920,32,1860,115,3060,0,0,71,3165,76,877,71,4042,California
Yuba,2021-02-06,450,5370,26,1886,424,3484,0,0,442,3599,8,885,442,4484,California
Yuba,2021-02-07,18,5388,11,1897,7,3491,0,0,15,3611,3,888,15,4499,California
Yuba,2021-02-08,96,5484,35,1932,61,3552,0,0,66,3647,30,918,66,4565,California
Yuba,2021-02-09,154,5638,56,1988,98,3650,0,0,84,3661,70,988,84,4649,California
Yuba,2021-02-10,352,5990,172,2160,180,3830,0,0,114,3538,237,1225,114,4763,California
Yuba,2021-02-11,396,6386,63,2223,333,4163,0,0,299,3742,95,1320,299,5062,California
Yuba,2021-02-12,265,6651,27,2250,238,4401,0,0,151,3779,114,1434,151,5213,California
Yuba,2021-02-13,435,7086,35,2285,400,4801,0,0,387,4118,48,1482,387,5600,California
Yuba,2021-02-14,54,7140,11,2296,43,4844,0,0,49,4162,5,1487,49,5649,California
Yuba,2021-02-15,87,7227,36,2332,51,4895,0,0,68,4211,19,1506,68,5717,California
Yuba,2021-02-16,199,7426,53,2385,146,5041,0,0,140,4293,58,1564,140,5857,California
Yuba,2021-02-17,372,7798,156,2541,216,5257,0,0,99,4120,272,1836,99,5956,California
Yuba,2021-02-18,317,8115,46,2587,271,5528,0,0,194,4191,123,1959,194,6150,California
Yuba,2021-02-19,225,8340,83,2670,142,5670,0,0,142,4250,83,2042,142,6292,California
Yuba,2021-02-20,390,8730,31,2701,359,6029,0,0,336,4532,54,2096,336,6628,California
Yuba,2021-02-21,17,8747,14,2715,3,6032,0,0,7,4529,10,2106,7,6635,California
Yuba,2021-02-22,128,8875,79,2794,49,6081,0,0,38,4478,89,2195,38,6673,California
Yuba,2021-02-23,113,8988,25,2819,88,6169,0,0,46,4458,66,2261,46,6719,California
Yuba,2021-02-24,481,9469,135,2954,346,6515,0,0,107,4191,374,2635,107,6826,California
Yuba,2021-02-25,343,9812,139,3093,204,6719,0,0,214,4276,129,2764,214,7040,California
Yuba,2021-02-26,256,10068,67,3160,189,6908,0,0,143,4308,111,2875,143,7183,California
Yuba,2021-02-27,472,10540,47,3207,425,7333,0,0,383,4604,87,2962,383,7566,California
Yuba,2021-02-28,66,10606,21,3228,45,7378,0,0,45,4628,21,2983,45,7611,California
Yuba,2021-03-01,156,10762,40,3268,116,7494,0,0,80,4633,75,3058,80,7691,California
Yuba,2021-03-02,159,10921,36,3304,123,7617,0,0,79,4632,80,3138,79,7770,California
Yuba,2021-03-03,622,11543,159,3463,463,8080,0,0,200,4411,421,3559,200,7970,California
Yuba,2021-03-04,466,12009,270,3733,196,8276,0,0,325,4596,140,3699,325,8295,California
Yuba,2021-03-05,317,12326,60,3793,256,8532,1,1,249,4778,68,3767,250,8545,California
Yuba,2021-03-06,474,12800,35,3828,435,8967,4,5,368,5044,106,3873,372,8917,California
Yuba,2021-03-07,49,12849,27,3855,21,8988,1,6,33,5062,16,3889,34,8951,California
Yuba,2021-03-08,160,13009,49,3904,95,9083,16,22,101,5120,59,3948,117,9068,California
Yuba,2021-03-09,177,13186,47,3951,110,9193,20,42,84,5131,93,4041,104,9172,California
Yuba,2021-03-10,737,13923,233,4184,474,9667,30,72,232,4889,504,4545,262,9434,California
Yuba,2021-03-11,438,14361,197,4381,229,9896,12,84,295,5053,143,4688,307,9741,California
Yuba,2021-03-12,461,14822,86,4467,321,10217,54,138,150,4946,311,4999,204,9945,California
Yuba,2021-03-13,455,15277,335,4802,105,10322,15,153,360,5227,94,5093,375,10320,California
Yuba,2021-03-14,107,15384,21,4823,76,10398,10,163,46,5223,60,5153,56,10376,California
Yuba,2021-03-15,190,15574,49,4872,124,10522,17,180,96,5242,94,5247,113,10489,California
Yuba,2021-03-16,290,15864,71,4943,194,10716,25,205,177,5332,112,5359,202,10691,California
Yuba,2021-03-17,739,16603,162,5105,548,11264,29,234,193,5010,544,5903,222,10913,California
Yuba,2021-03-18,582,17185,161,5266,309,11573,112,346,353,5245,229,6132,464,11377,California
Yuba,2021-03-19,325,17510,120,5386,156,11729,49,395,186,5342,138,6270,235,11612,California
Yuba,2021-03-20,556,18066,81,5467,457,12186,18,413,476,5757,79,6349,494,12106,California
Yuba,2021-03-21,60,18126,35,5502,25,12211,0,413,48,5793,12,6361,48,12154,California
Yuba,2021-03-22,190,18316,70,5572,113,12324,7,420,148,5906,42,6403,155,12309,California
Yuba,2021-03-23,264,18580,80,5652,157,12481,27,447,177,6025,85,6488,204,12513,California
Yuba,2021-03-24,767,19347,254,5906,432,12913,81,528,188,5716,577,7065,268,12781,California
Yuba,2021-03-25,502,19849,268,6174,212,13125,22,550,249,5734,253,7318,271,13052,California
Yuba,2021-03-26,390,20239,143,6317,220,13345,27,577,224,5820,165,7483,251,13303,California
Yuba,2021-03-27,460,20699,27,6344,430,13775,3,580,405,6173,54,7537,407,13710,California
Yuba,2021-03-28,99,20798,40,6384,55,13830,4,584,37,6152,62,7599,41,13751,California
Yuba,2021-03-29,295,21093,86,6470,177,14007,32,616,179,6247,116,7715,211,13962,California
Yuba,2021-03-30,274,21367,68,6538,198,14205,8,624,190,6361,84,7799,198,14160,California
Yuba,2021-03-31,667,22034,113,6651,542,14747,12,636,237,6181,429,8228,249,14409,California
Yuba,2021-04-01,620,22654,287,6938,304,15051,29,665,286,6163,334,8562,316,14725,California
Yuba,2021-04-02,493,23147,94,7032,316,15367,83,748,187,6127,305,8867,269,14994,California
Yuba,2021-04-03,653,23800,55,7087,116,15483,482,1230,87,6131,565,9432,569,15563,California
Yuba,2021-04-04,58,23858,11,7098,41,15524,6,1236,33,6145,25,9457,39,15602,California
Yuba,2021-04-05,245,24103,78,7176,146,15670,21,1257,123,6168,120,9577,143,15745,California
Yuba,2021-04-06,354,24457,114,7290,179,15849,61,1318,170,6216,183,9760,231,15976,California
Yuba,2021-04-07,771,25228,396,7686,322,16171,53,1371,347,6194,421,10181,399,16375,California
Yuba,2021-04-08,721,25949,288,7974,171,16342,262,1633,255,6245,465,10646,516,16891,California
Yuba,2021-04-09,397,26346,173,8147,158,16500,66,1699,163,6241,233,10879,229,17120,California
Yuba,2021-04-10,594,26940,73,8220,74,16574,447,2146,73,6240,519,11398,518,17638,California
Yuba,2021-04-11,102,27042,26,8246,64,16638,12,2158,43,6236,59,11457,55,17693,California
Yuba,2021-04-12,210,27252,46,8292,135,16773,29,2187,80,6216,129,11586,109,17802,California
Yuba,2021-04-13,396,27648,102,8394,294,17067,0,2187,204,6229,191,11777,204,18006,California
Yuba,2021-04-14,693,28341,109,8503,584,17651,0,2187,118,5773,574,12351,118,18124,California
Yuba,2021-04-15,333,28674,126,8629,207,17858,0,2187,144,5728,189,12540,144,18268,California
Yuba,2021-04-16,331,29005,101,8730,230,18088,0,2187,179,5755,152,12692,179,18447,California
Yuba,2021-04-17,403,29408,59,8789,344,18432,0,2187,332,6017,70,12762,332,18779,California
Yuba,2021-04-18,52,29460,9,8798,43,18475,0,2187,24,6013,28,12790,24,18803,California
Yuba,2021-04-19,245,29705,102,8900,143,18618,0,2187,104,5976,141,12931,104,18907,California
Yuba,2021-04-20,301,30006,78,8978,223,18841,0,2187,175,6027,125,13056,176,19083,California
Yuba,2021-04-21,705,30711,287,9265,418,19259,0,2187,304,5930,401,13457,304,19387,California
Yuba,2021-04-22,323,31034,129,9394,194,19453,0,2187,181,5969,142,13599,181,19568,California
Yuba,2021-04-23,340,31374,111,9505,229,19682,0,2187,163,5956,176,13775,163,19731,California
Yuba,2021-04-24,216,31590,68,9573,148,19830,0,2187,123,5986,93,13868,123,19854,California
Yuba,2021-04-25,74,31664,30,9603,44,19874,0,2187,37,5986,37,13905,37,19891,California
Yuba,2021-04-26,217,31881,47,9650,166,20040,4,2191,99,5971,118,14023,103,19994,California
Yuba,2021-04-27,458,32339,149,9799,299,20339,10,2201,225,5975,231,14254,235,20229,California
Yuba,2021-04-28,430,32769,174,9973,251,20590,5,2206,144,5844,280,14534,149,20378,California
Yuba,2021-04-29,426,33195,65,10038,360,20950,1,2207,145,5710,280,14814,146,20524,California
Yuba,2021-04-30,328,33523,93,10131,206,21156,29,2236,140,5693,186,15000,169,20693,California
Yuba,2021-05-01,207,33730,93,10224,96,21252,18,2254,93,5691,113,15113,111,20804,California
Yuba,2021-05-02,64,33794,34,10258,26,21278,4,2258,37,5705,27,15140,41,20845,California
Yuba,2021-05-03,143,33937,66,10324,68,21346,9,2267,46,5666,94,15234,55,20900,California
Yuba,2021-05-04,286,34223,93,10417,172,21518,21,2288,127,5655,159,15393,148,21048,California
Yuba,2021-05-05,311,34534,77,10494,227,21745,7,2295,110,5571,201,15594,117,21165,California
Yuba,2021-05-06,228,34762,98,10592,92,21837,38,2333,77,5538,148,15742,115,21280,California
Yuba,2021-05-07,353,35115,97,10689,231,22068,25,2358,119,5447,234,15976,143,21423,California
Yuba,2021-05-08,102,35217,29,10718,70,22138,3,2361,43,5434,59,16035,46,21469,California
Yuba,2021-05-09,50,35267,23,10741,24,22162,3,2364,35,5457,15,16050,38,21507,California
Yuba,2021-05-10,162,35429,52,10793,93,22255,17,2381,47,5407,114,16164,64,21571,California
Yuba,2021-05-11,281,35710,140,10933,135,22390,6,2387,97,5326,183,16347,102,21673,California
Yuba,2021-05-12,166,35876,82,11015,83,22473,1,2388,47,5255,119,16466,48,21721,California
