county,administered_date,total_doses,cumulative_total_doses,pfizer_doses,cumulative_pfizer_doses,moderna_doses,cumulative_moderna_doses,jj_doses,cumulative_jj_doses,partially_vaccinated,total_partially_vaccinated,fully_vaccinated,cumulative_fully_vaccinated,at_least_one_dose,cumulative_at_least_one_dose,california_flag
All CA Counties,2020-12-15,1129,1129,1129,1129,0,0,0,0,1128,1128,0,0,1128,1128,
All CA Counties,2020-12-16,8239,9368,8239,9368,0,0,0,0,8238,9366,0,0,8238,9366,
All CA Counties,2020-12-17,25723,35091,25723,35091,0,0,0,0,25756,35122,0,0,25756,35122,
All CA Counties,2020-12-18,43862,78953,43783,78874,79,79,0,0,43911,79032,1,1,43911,79033,
All CA Counties,2020-12-19,25317,104270,25296,104170,21,100,0,0,25314,104345,1,2,25314,104347,
All CA Counties,2020-12-20,18962,123232,18933,123103,29,129,0,0,18960,123304,1,3,18960,123307,
All CA Counties,2020-12-21,49629,172861,49546,172649,83,212,0,0,49666,172969,1,4,49666,172973,
All CA Counties,2020-12-22,49939,222800,47796,220445,2143,2355,0,0,49935,222903,1,5,49935,222908,
All CA Counties,2020-12-23,50260,273060,41574,262019,8686,11041,0,0,50253,273156,0,5,50253,273161,
All CA Counties,2020-12-24,23987,297047,16306,278325,7681,18722,0,0,23981,297136,1,6,23981,297142,
All CA Counties,2020-12-25,2327,299374,2008,280333,319,19041,0,0,2325,299460,1,7,2325,299467,
All CA Counties,2020-12-26,14590,313964,9425,289758,5165,24206,0,0,14586,314045,1,8,14586,314053,
All CA Counties,2020-12-27,9375,323339,5558,295316,3817,28023,0,0,9373,323417,1,9,9373,323426,
All CA Counties,2020-12-28,45606,368945,29245,324561,16361,44384,0,0,45594,369008,3,12,45594,369020,
All CA Counties,2020-12-29,51034,419979,28566,353127,22468,66852,0,0,51024,420029,3,15,51024,420044,
All CA Counties,2020-12-30,62885,482864,35638,388765,27247,94099,0,0,62870,482896,3,18,62870,482914,
All CA Counties,2020-12-31,29175,512039,10744,399509,18431,112530,0,0,29163,512054,5,23,29163,512077,
All CA Counties,2021-01-01,3722,515761,1634,401143,2088,114618,0,0,3705,515758,1,24,3705,515782,
All CA Counties,2021-01-02,18366,534127,10195,411338,8171,122789,0,0,18362,534120,0,24,18362,534144,
All CA Counties,2021-01-03,6097,540224,3457,414795,2640,125429,0,0,6065,540173,12,36,6065,540209,
All CA Counties,2021-01-04,43230,583454,21874,436669,21356,146785,0,0,43144,583274,43,79,43144,583353,
All CA Counties,2021-01-05,56168,639622,29612,466281,26556,173341,0,0,50659,628578,5438,5517,50742,634095,
All CA Counties,2021-01-06,72885,712507,40355,506636,32530,205871,0,0,57555,671024,15137,20654,57583,691678,
All CA Counties,2021-01-07,91584,804091,52140,558776,39444,245315,0,0,61133,701912,30285,50939,61173,752851,
All CA Counties,2021-01-08,106123,910214,64093,622869,42030,287345,0,0,64985,725954,40996,91935,65038,817889,
All CA Counties,2021-01-09,43522,953736,25007,647876,18515,305860,0,0,27448,737370,16053,107988,27469,845358,
All CA Counties,2021-01-10,24168,977904,14791,662667,9377,315237,0,0,12964,739161,11188,119176,12979,858337,
All CA Counties,2021-01-11,103913,1081817,69191,731858,34722,349959,0,0,60256,755899,43613,162789,60351,918688,
All CA Counties,2021-01-12,112374,1194191,66366,798224,46008,395967,0,0,71444,786696,40842,203631,71639,990327,
All CA Counties,2021-01-13,118285,1312476,61268,859492,57017,452984,0,0,84687,837980,33472,237103,84756,1075083,
All CA Counties,2021-01-14,122741,1435217,49245,908737,73496,526480,0,0,103252,921995,19365,256468,103380,1178463,
All CA Counties,2021-01-15,141307,1576524,51980,960717,89327,615807,0,0,126316,1033608,14869,271337,126482,1304945,
All CA Counties,2021-01-16,80332,1656856,27332,988049,53000,668807,0,0,72822,1099000,7477,278814,72869,1377814,
All CA Counties,2021-01-17,47992,1704848,16734,1004783,31258,700065,0,0,44382,1139820,3604,282418,44424,1422238,
All CA Counties,2021-01-18,87572,1792420,45537,1050320,42035,742100,0,0,68469,1189416,19020,301438,68616,1490854,
All CA Counties,2021-01-19,140698,1933118,73246,1123566,67452,809552,0,0,109668,1268462,30933,332371,109979,1600833,
All CA Counties,2021-01-20,157679,2090797,79979,1203545,77700,887252,0,0,124607,1360416,32883,365254,124837,1725670,
All CA Counties,2021-01-21,171727,2262524,76001,1279546,95726,982978,0,0,152928,1495059,18587,383841,153230,1878900,
All CA Counties,2021-01-22,168336,2430860,68622,1348168,99714,1082692,0,0,154199,1635407,14001,397842,154349,2033249,
All CA Counties,2021-01-23,110813,2541673,49291,1397459,61522,1144214,0,0,98338,1721439,12415,410257,98447,2131696,
All CA Counties,2021-01-24,60507,2602180,29210,1426669,31297,1175511,0,0,55984,1772921,4552,414809,56034,2187730,
All CA Counties,2021-01-25,143307,2745487,64629,1491298,78678,1254189,0,0,108793,1847622,34427,449236,109128,2296858,
All CA Counties,2021-01-26,166718,2912205,81778,1573076,84940,1339129,0,0,129644,1940768,36760,485996,129906,2426764,
All CA Counties,2021-01-27,177987,3090192,87136,1660212,90851,1429980,0,0,139012,2041679,38283,524279,139194,2565958,
All CA Counties,2021-01-28,185909,3276101,85483,1745695,100426,1530406,0,0,151940,2160466,33333,557612,152120,2718078,
All CA Counties,2021-01-29,181982,3458083,87589,1833284,94393,1624799,0,0,147671,2274655,33623,591235,147812,2865890,
All CA Counties,2021-01-30,122661,3580744,54947,1888231,67714,1692513,0,0,107603,2367690,14696,605931,107731,2973621,
All CA Counties,2021-01-31,69056,3649800,38811,1927042,30245,1722758,0,0,63735,2426527,4937,610868,63774,3037395,
All CA Counties,2021-02-01,157534,3807334,72531,1999573,85003,1807761,0,0,119149,2508050,37746,648614,119269,3156664,
All CA Counties,2021-02-02,184407,3991741,79210,2078783,105197,1912958,0,0,138225,2601330,45157,693771,138437,3295101,
All CA Counties,2021-02-03,209458,4201199,94669,2173452,114789,2027747,0,0,155102,2703731,52923,746694,155324,3450425,
All CA Counties,2021-02-04,226607,4427806,99584,2273036,127023,2154770,0,0,165588,2810020,59633,806327,165922,3616347,
All CA Counties,2021-02-05,244623,4672429,105926,2378962,138697,2293467,0,0,166414,2899766,77220,883547,166966,3783313,
All CA Counties,2021-02-06,154281,4826710,74526,2453488,79755,2373222,0,0,119534,2985467,34324,917871,120025,3903338,
All CA Counties,2021-02-07,66435,4893145,42929,2496417,23506,2396728,0,0,49287,3018976,16221,934092,49730,3953068,
All CA Counties,2021-02-08,179436,5072581,88074,2584491,91362,2488090,0,0,118050,3077454,60294,994386,118772,4071840,
All CA Counties,2021-02-09,209357,5281938,101334,2685825,108023,2596113,0,0,125073,3120448,83216,1077602,126210,4198050,
All CA Counties,2021-02-10,246818,5528756,119273,2805098,127545,2723658,0,0,137169,3150848,108215,1185817,138615,4336665,
All CA Counties,2021-02-11,261069,5789825,129127,2934225,131942,2855600,0,0,142761,3178768,116606,1302423,144526,4481191,
All CA Counties,2021-02-12,270211,6060036,118519,3052744,151692,3007292,0,0,145931,3204042,122981,1425404,148255,4629446,
All CA Counties,2021-02-13,166103,6226139,76976,3129720,89127,3096419,0,0,91215,3223675,73537,1498941,93170,4722616,
All CA Counties,2021-02-14,94930,6321069,47337,3177057,47593,3144012,0,0,51024,3233105,43134,1542075,52564,4775180,
All CA Counties,2021-02-15,140978,6462047,61991,3239048,78987,3222999,0,0,78116,3252112,62215,1604290,81222,4856402,
All CA Counties,2021-02-16,246230,6708277,117269,3356317,128961,3351960,0,0,131888,3273779,113345,1717635,135012,4991414,
All CA Counties,2021-02-17,255915,6964192,127712,3484029,128203,3480163,0,0,127709,3277993,126748,1844383,130962,5122376,
All CA Counties,2021-02-18,269049,7233241,140337,3624366,128712,3608875,0,0,130514,3275787,136964,1981347,134758,5257134,
All CA Counties,2021-02-19,249445,7482686,144832,3769198,104613,3713488,0,0,129818,3288737,118987,2100334,131937,5389071,
All CA Counties,2021-02-20,150369,7633055,96560,3865758,53809,3767297,0,0,83086,3307078,66735,2167069,85076,5474147,
All CA Counties,2021-02-21,71435,7704490,57606,3923364,13829,3781126,0,0,35036,3308440,34976,2202045,36338,5510485,
All CA Counties,2021-02-22,162173,7866663,109143,4032507,53030,3834156,0,0,82388,3313247,79331,2281376,84138,5594623,
All CA Counties,2021-02-23,220237,8086900,116376,4148883,103861,3938017,0,0,103063,3306400,115875,2397251,109028,5703651,
All CA Counties,2021-02-24,279833,8366733,141379,4290262,138454,4076471,0,0,135119,3305368,143710,2540961,142678,5846329,
All CA Counties,2021-02-25,314015,8680748,154278,4444540,159737,4236208,0,0,165342,3331759,147525,2688486,173916,6020245,
All CA Counties,2021-02-26,348013,9028761,162594,4607134,185419,4421627,0,0,195184,3382319,151810,2840296,202370,6222615,
All CA Counties,2021-02-27,245432,9274193,117089,4724223,128329,4549956,14,14,139110,3420333,105497,2945793,143511,6366126,
All CA Counties,2021-02-28,128973,9403166,76953,4801176,52019,4601975,1,15,76249,3447575,51934,2997727,79176,6445302,
All CA Counties,2021-03-01,234525,9637691,124248,4925424,110256,4712231,21,36,136126,3490237,97503,3095230,140165,6585467,
All CA Counties,2021-03-02,265195,9902886,129506,5054930,135679,4847910,10,46,160410,3554208,103542,3198772,167513,6752980,
All CA Counties,2021-03-03,320625,10223511,158347,5213277,162251,5010161,27,73,183638,3609140,136100,3334872,191032,6944012,
All CA Counties,2021-03-04,334626,10558137,167957,5381234,166591,5176752,78,151,197660,3677994,135880,3470752,204734,7148746,
All CA Counties,2021-03-05,324419,10882556,157753,5538987,165582,5342334,1084,1235,202006,3767089,121286,3592038,210381,7359127,
All CA Counties,2021-03-06,247313,11129869,127300,5666287,112406,5454740,7607,8842,154026,3842087,91423,3683461,166421,7525548,
All CA Counties,2021-03-07,123108,11252977,74922,5741209,44207,5498947,3979,12821,77990,3883177,44682,3728143,85772,7611320,
All CA Counties,2021-03-08,210079,11463056,101476,5842685,98507,5597454,10096,22917,136696,3962539,72362,3800505,151724,7763044,
All CA Counties,2021-03-09,259129,11722185,111837,5954522,131632,5729086,15660,38577,141911,4008029,116192,3916697,161682,7924726,
All CA Counties,2021-03-10,307777,12029962,150670,6105192,133884,5862970,23223,61800,168241,4065358,138408,4055105,195737,8120463,
All CA Counties,2021-03-11,363856,12393818,175922,6281114,156690,6019660,31244,93044,189928,4117851,173015,4228120,225508,8345971,
All CA Counties,2021-03-12,382846,12776664,170618,6451732,167024,6186684,45204,138248,187297,4159616,194810,4422930,236575,8582546,
All CA Counties,2021-03-13,273369,13050033,120209,6571941,122725,6309409,30435,168683,147850,4217187,125011,4547941,182582,8765128,
All CA Counties,2021-03-14,150755,13200788,80956,6652897,55064,6364473,14735,183418,81269,4246288,69220,4617161,98321,8863449,
All CA Counties,2021-03-15,285905,13486693,136351,6789248,129304,6493777,20250,203668,157484,4300459,127034,4744195,181205,9044654,
All CA Counties,2021-03-16,363877,13850570,171144,6960392,175749,6669526,16984,220652,215168,4387936,147970,4892165,235447,9280101,
All CA Counties,2021-03-17,375175,14225745,187109,7147501,170208,6839734,17858,238510,233230,4500851,140823,5032988,253738,9533839,
All CA Counties,2021-03-18,388126,14613871,198992,7346493,171547,7011281,17587,256097,235018,4603879,151807,5184795,254835,9788674,
All CA Counties,2021-03-19,398818,15012689,209024,7555517,168626,7179907,21168,277265,234322,4698213,163294,5348089,257628,10046302,
All CA Counties,2021-03-20,287195,15299884,150675,7706192,121265,7301172,15255,292520,185344,4799237,100991,5449080,202015,10248317,
All CA Counties,2021-03-21,140608,15440492,96861,7803053,36378,7337550,7369,299889,91748,4851214,48581,5497661,100558,10348875,
All CA Counties,2021-03-22,266291,15706783,155612,7958665,99891,7437441,10788,310677,178286,4956051,87314,5584975,192151,10541026,
All CA Counties,2021-03-23,348584,16055367,191730,8150395,146321,7583762,10533,321210,228752,5079038,118934,5703909,241921,10782947,
All CA Counties,2021-03-24,377861,16433228,217451,8367846,148599,7732361,11811,333021,227007,5170269,149669,5853578,240900,11023847,
All CA Counties,2021-03-25,403554,16836782,222314,8590160,167470,7899831,13770,346791,235425,5255157,166266,6019844,251154,11275001,
All CA Counties,2021-03-26,421043,17257825,224441,8814601,180971,8080802,15631,362422,235229,5324678,184477,6204321,253998,11528999,
All CA Counties,2021-03-27,303250,17561075,160981,8975582,131139,8211941,11130,373552,155749,5347458,146308,6350629,169088,11698087,
All CA Counties,2021-03-28,164999,17726074,105608,9081190,55769,8267710,3622,377174,90669,5369661,73986,6424615,96189,11794276,
All CA Counties,2021-03-29,300841,18026915,162777,9243967,129755,8397465,8309,385483,174899,5430549,124918,6549533,185806,11980082,
All CA Counties,2021-03-30,388281,18415196,196548,9440515,175389,8572854,16344,401827,241117,5543669,146148,6695681,259268,12239350,
All CA Counties,2021-03-31,414556,18829752,225607,9666122,168167,8741021,20782,422609,241340,5634940,171917,6867598,263188,12502538,
All CA Counties,2021-04-01,472121,19301873,240941,9907063,193242,8934263,37938,460547,267346,5738318,203054,7070652,306432,12808970,
All CA Counties,2021-04-02,453192,19755065,220561,10127624,191976,9126239,40655,501202,251011,5831322,200096,7270748,293100,13102070,
All CA Counties,2021-04-03,317228,20072293,160359,10287983,117647,9243886,39222,540424,162783,5880845,153701,7424449,203224,13305294,
All CA Counties,2021-04-04,128123,20200416,66570,10354553,43848,9287734,17705,558129,56576,5884597,70620,7495069,74372,13379666,
All CA Counties,2021-04-05,338116,20538532,174248,10528801,126176,9413910,37692,595821,170228,5928300,166630,7661699,210333,13589999,
All CA Counties,2021-04-06,441285,20979817,224126,10752927,154464,9568374,62695,658516,216630,5986510,222710,7884409,280920,13870919,
All CA Counties,2021-04-07,451309,21431126,234216,10987143,151574,9719948,65519,724035,221179,6047893,226147,8110556,287530,14158449,
All CA Counties,2021-04-08,468391,21899517,237520,11224663,152502,9872450,78369,802404,221802,6108571,240638,8351194,301316,14459765,
All CA Counties,2021-04-09,371780,22271297,178366,11403029,140840,10013290,52574,854978,171434,6146172,186321,8537515,223922,14683687,
All CA Counties,2021-04-10,248186,22519483,106874,11509903,99597,10112887,41715,896693,108505,6164993,132913,8670428,151734,14835421,
All CA Counties,2021-04-11,132477,22651960,73360,11583263,44240,10157127,14877,911570,35453,6168993,40748,8711176,44748,14880169,
All CA Counties,2021-04-12,152829,22804789,65802,11649065,67502,10224629,19525,931095,0,6168993,0,8711176,0,14880169,
All CA and Non-CA Counties,2020-12-15,1136,1136,1136,1136,0,0,0,0,1135,1135,0,0,1135,1135,
All CA and Non-CA Counties,2020-12-16,8371,9507,8371,9507,0,0,0,0,8370,9505,0,0,8370,9505,
All CA and Non-CA Counties,2020-12-17,27291,36798,27291,36798,0,0,0,0,27288,36793,0,0,27288,36793,
All CA and Non-CA Counties,2020-12-18,46280,83078,46197,82995,83,83,0,0,46277,83069,1,1,46277,83070,
All CA and Non-CA Counties,2020-12-19,26298,109376,26276,109271,22,105,0,0,26295,109363,1,2,26295,109365,
All CA and Non-CA Counties,2020-12-20,19604,128980,19574,128845,30,135,0,0,19602,128964,1,3,19602,128967,
All CA and Non-CA Counties,2020-12-21,51735,180715,51651,180496,84,219,0,0,51730,180693,1,4,51730,180697,
All CA and Non-CA Counties,2020-12-22,51865,232580,49688,230184,2177,2396,0,0,51860,232552,1,5,51860,232557,
All CA and Non-CA Counties,2020-12-23,51683,284263,42880,273064,8803,11199,0,0,51676,284228,0,5,51676,284233,
All CA and Non-CA Counties,2020-12-24,24789,309052,16916,289980,7873,19072,0,0,24783,309010,1,6,24783,309016,
All CA and Non-CA Counties,2020-12-25,2359,311411,2036,292016,323,19395,0,0,2357,311366,1,7,2357,311373,
All CA and Non-CA Counties,2020-12-26,14898,326309,9629,301645,5269,24664,0,0,14894,326259,1,8,14894,326267,
All CA and Non-CA Counties,2020-12-27,9562,335871,5630,307275,3932,28596,0,0,9559,335817,1,9,9559,335826,
All CA and Non-CA Counties,2020-12-28,47001,382872,30126,337401,16875,45471,0,0,46989,382803,3,12,46989,382815,
All CA and Non-CA Counties,2020-12-29,52488,435360,29495,366896,22993,68464,0,0,52478,435278,3,15,52478,435293,
All CA and Non-CA Counties,2020-12-30,64789,500149,36888,403784,27901,96365,0,0,64775,500050,3,18,64775,500068,
All CA and Non-CA Counties,2020-12-31,30244,530393,11329,415113,18915,115280,0,0,30231,530276,5,23,30231,530299,
All CA and Non-CA Counties,2021-01-01,3832,534225,1656,416769,2176,117456,0,0,3815,534090,1,24,3815,534114,
All CA and Non-CA Counties,2021-01-02,18606,552831,10327,427096,8279,125735,0,0,18601,552690,1,25,18601,552715,
All CA and Non-CA Counties,2021-01-03,6269,559100,3549,430645,2720,128455,0,0,6237,558915,12,37,6237,558952,
All CA and Non-CA Counties,2021-01-04,44358,603458,22380,453025,21978,150433,0,0,44265,603137,43,80,44265,603217,
All CA and Non-CA Counties,2021-01-05,57609,661067,30362,483387,27247,177680,0,0,51964,649612,5572,5652,52047,655264,
All CA and Non-CA Counties,2021-01-06,75468,736535,41882,525269,33586,211266,0,0,59468,693295,15813,21465,59496,714760,
All CA and Non-CA Counties,2021-01-07,95740,832275,54714,579983,41026,252292,0,0,63661,725087,31911,53376,63703,778463,
All CA and Non-CA Counties,2021-01-08,110395,942670,66793,646776,43602,295894,0,0,67517,749936,42724,96100,67573,846036,
All CA and Non-CA Counties,2021-01-09,44852,987522,25540,672316,19312,315206,0,0,28450,762029,16380,112480,28473,874509,
All CA and Non-CA Counties,2021-01-10,24469,1011991,14969,687285,9500,324706,0,0,13146,763883,11307,123787,13161,887670,
All CA and Non-CA Counties,2021-01-11,107166,1119157,71172,758457,35994,360700,0,0,62190,781236,44932,168719,62285,949955,
All CA and Non-CA Counties,2021-01-12,116150,1235307,68626,827083,47524,408224,0,0,73737,812853,42317,211036,73934,1023889,
All CA and Non-CA Counties,2021-01-13,121797,1357104,63003,890086,58794,467018,0,0,87107,865460,34570,245606,87177,1111066,
All CA and Non-CA Counties,2021-01-14,126379,1483483,50491,940577,75888,542906,0,0,106276,951887,19977,265583,106404,1217470,
All CA and Non-CA Counties,2021-01-15,145305,1628788,52899,993476,92406,635312,0,0,129882,1066638,15298,280881,130049,1347519,
All CA and Non-CA Counties,2021-01-16,82868,1711656,27692,1021168,55176,690488,0,0,75184,1134221,7648,288529,75231,1422750,
All CA and Non-CA Counties,2021-01-17,48443,1760099,16883,1038051,31560,722048,0,0,44781,1175391,3653,292182,44823,1467573,
All CA and Non-CA Counties,2021-01-18,88712,1848811,46326,1084377,42386,764434,0,0,69152,1225215,19476,311658,69300,1536873,
All CA and Non-CA Counties,2021-01-19,144687,1993498,74563,1158940,70124,834558,0,0,112810,1306560,31778,343436,113123,1649996,
All CA and Non-CA Counties,2021-01-20,162045,2155543,81397,1240337,80648,915206,0,0,128041,1401023,33809,377245,128272,1778268,
All CA and Non-CA Counties,2021-01-21,175710,2331253,77041,1317378,98669,1013875,0,0,156396,1538632,19089,396334,156698,1934966,
All CA and Non-CA Counties,2021-01-22,172757,2504010,69650,1387028,103107,1116982,0,0,158224,1682617,14390,410724,158375,2093341,
All CA and Non-CA Counties,2021-01-23,113034,2617044,49627,1436655,63407,1180389,0,0,100392,1770538,12580,423304,100501,2193842,
All CA and Non-CA Counties,2021-01-24,61249,2678293,29585,1466240,31664,1212053,0,0,56602,1822559,4631,427935,56652,2250494,
All CA and Non-CA Counties,2021-01-25,147693,2825986,66598,1532838,81095,1293148,0,0,112306,1899925,35276,463211,112642,2363136,
All CA and Non-CA Counties,2021-01-26,172849,2998835,84915,1617753,87934,1381082,0,0,135065,1997691,37569,500780,135335,2498471,
All CA and Non-CA Counties,2021-01-27,182651,3181486,89805,1707558,92846,1473928,0,0,143436,2102464,38846,539626,143619,2642090,
All CA and Non-CA Counties,2021-01-28,190933,3372419,88302,1795860,102631,1576559,0,0,156777,2225589,33832,573458,156957,2799047,
All CA and Non-CA Counties,2021-01-29,186657,3559076,90587,1886447,96070,1672629,0,0,151722,2343113,34340,607798,151864,2950911,
All CA and Non-CA Counties,2021-01-30,126762,3685838,57269,1943716,69493,1742122,0,0,111664,2439987,14918,622716,111792,3062703,
All CA and Non-CA Counties,2021-01-31,72255,3758093,41605,1985321,30650,1772772,0,0,67217,2502254,4989,627705,67256,3129959,
All CA and Non-CA Counties,2021-02-01,162899,3920992,75030,2060351,87869,1860641,0,0,124322,2588293,38403,666108,124442,3254401,
All CA and Non-CA Counties,2021-02-02,191127,4112119,81365,2141716,109762,1970403,0,0,144879,2687536,45848,711956,145091,3399492,
All CA and Non-CA Counties,2021-02-03,216636,4328755,96706,2238422,119930,2090333,0,0,162365,2796389,53735,765691,162588,3562080,
All CA and Non-CA Counties,2021-02-04,233270,4562025,101702,2340124,131568,2221901,0,0,172104,2908260,60567,826258,172438,3734518,
All CA and Non-CA Counties,2021-02-05,251153,4813178,108001,2448125,143152,2365053,0,0,172150,3002751,78211,904469,172702,3907220,
All CA and Non-CA Counties,2021-02-06,158564,4971742,76692,2524817,81872,2446925,0,0,123607,3092104,34750,939219,124103,4031323,
All CA and Non-CA Counties,2021-02-07,68623,5040365,44728,2569545,23895,2470820,0,0,52168,3128417,16300,955519,52613,4083936,
All CA and Non-CA Counties,2021-02-08,184632,5224997,91376,2660921,93256,2564076,0,0,122782,3190575,61346,1016865,123504,4207440,
All CA and Non-CA Counties,2021-02-09,213507,5438504,103211,2764132,110296,2674372,0,0,128529,3235747,84510,1101375,129682,4337122,
All CA and Non-CA Counties,2021-02-10,252130,5690634,121079,2885211,131051,2805423,0,0,140695,3267355,110577,1211952,142185,4479307,
All CA and Non-CA Counties,2021-02-11,265374,5956008,131072,3016283,134302,2939725,0,0,146449,3297833,117754,1329706,148232,4627539,
All CA and Non-CA Counties,2021-02-12,274884,6230892,120168,3136451,154716,3094441,0,0,148999,3324563,124597,1454303,151327,4778866,
All CA and Non-CA Counties,2021-02-13,168320,6399212,77577,3214028,90743,3185184,0,0,93017,3345576,73969,1528272,94982,4873848,
All CA and Non-CA Counties,2021-02-14,96296,6495508,47743,3261771,48553,3233737,0,0,52175,3355922,43401,1571673,53747,4927595,
All CA and Non-CA Counties,2021-02-15,143445,6638953,63504,3325275,79941,3313678,0,0,79282,3374807,63539,1635212,82424,5010019,
All CA and Non-CA Counties,2021-02-16,252525,6891478,120157,3445432,132368,3446046,0,0,134423,3395234,117133,1752345,137560,5147579,
All CA and Non-CA Counties,2021-02-17,261557,7153035,130495,3575927,131062,3577108,0,0,129382,3397150,130726,1883071,132642,5280221,
All CA and Non-CA Counties,2021-02-18,275106,7428141,143902,3719829,131204,3708312,0,0,132341,3392539,141199,2024270,136588,5416809,
All CA and Non-CA Counties,2021-02-19,254615,7682756,148457,3868286,106158,3814470,0,0,131748,3404179,122228,2146498,133868,5550677,
All CA and Non-CA Counties,2021-02-20,153467,7836223,99159,3967445,54308,3868778,0,0,84183,3421603,68751,2215249,86175,5636852,
All CA and Non-CA Counties,2021-02-21,73243,7909466,59208,4026653,14035,3882813,0,0,35656,3422397,36164,2251413,36958,5673810,
All CA and Non-CA Counties,2021-02-22,164863,8074329,111014,4137667,53849,3936662,0,0,83348,3426413,81086,2332499,85102,5758912,
All CA and Non-CA Counties,2021-02-23,225251,8299580,118877,4256544,106374,4043036,0,0,104631,3417663,119354,2451853,110604,5869516,
All CA and Non-CA Counties,2021-02-24,285009,8584589,143922,4400466,141087,4184123,0,0,136596,3414402,147420,2599273,144159,6013675,
All CA and Non-CA Counties,2021-02-25,319726,8904315,156764,4557230,162962,4347085,0,0,167437,3439234,151184,2750457,176016,6189691,
All CA and Non-CA Counties,2021-02-26,353887,9258202,165529,4722759,188358,4535443,0,0,197594,3488812,155203,2905660,204781,6394472,
All CA and Non-CA Counties,2021-02-27,249904,9508106,119314,4842073,130575,4666018,15,15,140336,3524800,108752,3014412,144740,6539212,
All CA and Non-CA Counties,2021-02-28,131362,9639468,78727,4920800,52634,4718652,1,16,77255,3551430,53553,3067965,80183,6619395,
All CA and Non-CA Counties,2021-03-01,238972,9878440,127170,5047970,111781,4830433,21,37,137260,3591896,100846,3168811,141312,6760707,
All CA and Non-CA Counties,2021-03-02,270999,10149439,131335,5179305,139654,4970087,10,47,162045,3653304,107830,3276641,169238,6929945,
All CA and Non-CA Counties,2021-03-03,327399,10476838,160534,5339839,166837,5136924,28,75,185437,3705027,141119,3417760,192842,7122787,
All CA and Non-CA Counties,2021-03-04,340567,10817405,170233,5510072,170255,5307179,79,154,199461,3771572,140008,3557768,206553,7329340,
All CA and Non-CA Counties,2021-03-05,328608,11146013,159530,5669602,167983,5475162,1095,1249,204081,3860616,123431,3681199,212475,7541815,
All CA and Non-CA Counties,2021-03-06,251235,11397248,128956,5798558,114520,5589682,7759,9008,155906,3935624,93521,3774720,168529,7710344,
All CA and Non-CA Counties,2021-03-07,124604,11521852,75889,5874447,44683,5634365,4032,13040,78883,3977043,45316,3820036,86735,7797079,
All CA and Non-CA Counties,2021-03-08,212700,11734552,103000,5977447,99355,5733720,10345,23385,138552,4057758,73115,3893151,153830,7950909,
All CA and Non-CA Counties,2021-03-09,262986,11997538,113670,6091117,133342,5867062,15974,39359,144080,4104042,117900,4011051,164184,8115093,
All CA and Non-CA Counties,2021-03-10,311277,12308815,152060,6243177,135504,6002566,23713,63072,170222,4162341,139915,4150966,198214,8313307,
All CA and Non-CA Counties,2021-03-11,369331,12678146,178577,6421754,158829,6161395,31925,94997,192798,4215775,175630,4326596,229064,8542371,
All CA and Non-CA Counties,2021-03-12,388158,13066304,173516,6595270,168735,6330130,45907,140904,190199,4258748,197208,4523804,240181,8782552,
All CA and Non-CA Counties,2021-03-13,276738,13343042,122068,6717338,123767,6453897,30903,171807,150094,4317914,126129,4649933,185295,8967847,
All CA and Non-CA Counties,2021-03-14,152641,13495683,81874,6799212,55699,6509596,15068,186875,82397,4347719,69984,4719917,99789,9067636,
All CA and Non-CA Counties,2021-03-15,289054,13784737,137720,6936932,130696,6640292,20638,207513,159341,4402853,128321,4848238,183455,9251091,
All CA and Non-CA Counties,2021-03-16,370000,14154737,174242,7111174,178430,6818722,17328,224841,218706,4491629,150552,4998790,239328,9490419,
All CA and Non-CA Counties,2021-03-17,381570,14536307,190616,7301790,172750,6991472,18204,243045,237140,4606324,143301,5142091,257996,9748415,
All CA and Non-CA Counties,2021-03-18,394748,14931055,202674,7504464,173974,7165446,18100,261145,239142,4711502,154331,5296422,259509,10007924,
All CA and Non-CA Counties,2021-03-19,404532,15335587,212231,7716695,170601,7336047,21700,282845,237871,4807760,165455,5461877,261713,10269637,
All CA and Non-CA Counties,2021-03-20,290929,15626516,153206,7869901,122389,7458436,15334,298179,188375,4911194,101690,5563567,205124,10474761,
All CA and Non-CA Counties,2021-03-21,142342,15768858,98055,7967956,36829,7495265,7458,305637,93091,4964217,48968,5612535,101991,10576752,
All CA and Non-CA Counties,2021-03-22,268982,16037840,157100,8125056,101020,7596285,10862,316499,180061,5069997,88219,5700754,193999,10770751,
All CA and Non-CA Counties,2021-03-23,354105,16391945,194395,8319451,148908,7745193,10802,327301,232616,5195474,120576,5821330,246053,11016804,
All CA and Non-CA Counties,2021-03-24,384158,16776103,220412,8539863,151521,7896714,12225,339526,231803,5290418,151163,5972493,246107,11262911,
All CA and Non-CA Counties,2021-03-25,410745,17186848,225326,8765189,171166,8067880,14253,353779,240979,5379725,167882,6140375,257189,11520100,
All CA and Non-CA Counties,2021-03-26,427027,17613875,227538,8992727,183685,8251565,15804,369583,239475,5451939,186203,6326578,258417,11778517,
All CA and Non-CA Counties,2021-03-27,307458,17921333,163450,9156177,132837,8384402,11171,380754,158700,5476469,147547,6474125,172077,11950594,
All CA and Non-CA Counties,2021-03-28,167520,18088853,106864,9263041,56960,8441362,3696,384450,92326,5499544,74845,6548970,97920,12048514,
All CA and Non-CA Counties,2021-03-29,305276,18394129,164706,9427747,132006,8573368,8564,393014,177653,5561765,126595,6675565,188816,12237330,
All CA and Non-CA Counties,2021-03-30,394294,18788423,199585,9627332,177837,8751205,16872,409886,244880,5676948,148384,6823949,263567,12500897,
All CA and Non-CA Counties,2021-03-31,419854,19208277,228589,9855921,169757,8920962,21508,431394,244523,5770020,174024,6997973,267096,12767993,
All CA and Non-CA Counties,2021-04-01,478254,19686531,244362,10100283,195330,9116292,38562,469956,271002,5875208,205522,7203495,310710,13078703,
All CA and Non-CA Counties,2021-04-02,460558,20147089,224506,10324789,194360,9310652,41692,511648,255055,5969986,203322,7406817,298100,13376803,
All CA and Non-CA Counties,2021-04-03,322960,20470049,163708,10488497,118874,9429526,40378,552026,165822,6021020,156385,7563202,207419,13584222,
All CA and Non-CA Counties,2021-04-04,129742,20599791,67391,10555888,44417,9473943,17934,569960,57456,6025161,71337,7634539,75478,13659700,
All CA and Non-CA Counties,2021-04-05,341806,20941597,176149,10732037,127419,9601362,38238,608198,172077,6069429,168459,7802998,212727,13872427,
All CA and Non-CA Counties,2021-04-06,447821,21389418,227378,10959415,156259,9757621,64184,672382,219438,6128240,226397,8029395,285208,14157635,
All CA and Non-CA Counties,2021-04-07,459173,21848591,238240,11197655,153562,9911183,67371,739753,224640,6190568,230504,8259899,292832,14450467,
All CA and Non-CA Counties,2021-04-08,476428,22325019,241548,11439203,154444,10065627,80436,820189,225361,6252424,245075,8504974,306931,14757398,
All CA and Non-CA Counties,2021-04-09,377518,22702537,181176,11620379,142212,10207839,54130,874319,173761,6290637,189574,8694548,227787,14985185,
All CA and Non-CA Counties,2021-04-10,252530,22955067,108941,11729320,100463,10308302,43126,917445,109958,6309469,135751,8830299,154583,15139768,
All CA and Non-CA Counties,2021-04-11,134205,23089272,74277,11803597,44826,10353128,15102,932547,35721,6313523,41027,8871326,45081,15184849,
All CA and Non-CA Counties,2021-04-12,154120,23243392,66375,11869972,68030,10421158,19715,952262,0,6313523,0,8871326,0,15184849,
Outside California,2020-12-15,7,7,7,7,0,0,0,0,7,7,0,0,7,7,Not in California
Outside California,2020-12-16,132,139,132,139,0,0,0,0,132,139,0,0,132,139,Not in California
Outside California,2020-12-17,1532,1671,1532,1671,0,0,0,0,1531,1670,0,0,1531,1670,Not in California
Outside California,2020-12-18,2366,4037,2362,4033,4,4,0,0,2364,4034,0,0,2364,4034,Not in California
Outside California,2020-12-19,981,5018,980,5013,1,5,0,0,981,5015,0,0,981,5015,Not in California
Outside California,2020-12-20,642,5660,641,5654,1,6,0,0,642,5657,0,0,642,5657,Not in California
Outside California,2020-12-21,2065,7725,2064,7718,1,7,0,0,2064,7721,0,0,2064,7721,Not in California
Outside California,2020-12-22,1926,9651,1892,9610,34,41,0,0,1925,9646,0,0,1925,9646,Not in California
Outside California,2020-12-23,1423,11074,1306,10916,117,158,0,0,1423,11069,0,0,1423,11069,Not in California
Outside California,2020-12-24,802,11876,610,11526,192,350,0,0,802,11871,0,0,802,11871,Not in California
Outside California,2020-12-25,32,11908,28,11554,4,354,0,0,32,11903,0,0,32,11903,Not in California
Outside California,2020-12-26,307,12215,203,11757,104,458,0,0,307,12210,0,0,307,12210,Not in California
Outside California,2020-12-27,187,12402,72,11829,115,573,0,0,186,12396,0,0,186,12396,Not in California
Outside California,2020-12-28,1391,13793,877,12706,514,1087,0,0,1391,13787,0,0,1391,13787,Not in California
Outside California,2020-12-29,1451,15244,926,13632,525,1612,0,0,1451,15238,0,0,1451,15238,Not in California
Outside California,2020-12-30,1849,17093,1195,14827,654,2266,0,0,1850,17088,0,0,1850,17088,Not in California
Outside California,2020-12-31,1067,18160,585,15412,482,2748,0,0,1068,18156,0,0,1068,18156,Not in California
Outside California,2021-01-01,110,18270,22,15434,88,2836,0,0,110,18266,0,0,110,18266,Not in California
Outside California,2021-01-02,239,18509,132,15566,107,2943,0,0,238,18503,1,1,238,18504,Not in California
Outside California,2021-01-03,172,18681,92,15658,80,3023,0,0,172,18675,0,1,172,18676,Not in California
Outside California,2021-01-04,1125,19806,503,16161,622,3645,0,0,1119,19794,0,1,1119,19795,Not in California
Outside California,2021-01-05,1439,21245,750,16911,689,4334,0,0,1303,20963,134,135,1303,21098,Not in California
Outside California,2021-01-06,2578,23823,1523,18434,1055,5389,0,0,1909,22196,676,811,1909,23007,Not in California
Outside California,2021-01-07,4086,27909,2505,20939,1581,6970,0,0,2458,23030,1626,2437,2460,25467,Not in California
Outside California,2021-01-08,4272,32181,2700,23639,1572,8542,0,0,2531,23836,1728,4165,2534,28001,Not in California
Outside California,2021-01-09,1328,33509,531,24170,797,9339,0,0,999,24510,327,4492,1001,29002,Not in California
Outside California,2021-01-10,301,33810,178,24348,123,9462,0,0,182,24573,119,4611,182,29184,Not in California
Outside California,2021-01-11,3234,37044,1962,26310,1272,10734,0,0,1916,25170,1319,5930,1916,31100,Not in California
Outside California,2021-01-12,3766,40810,2251,28561,1515,12249,0,0,2285,25982,1474,7404,2286,33386,Not in California
Outside California,2021-01-13,3501,44311,1724,30285,1777,14026,0,0,2407,27292,1098,8502,2408,35794,Not in California
Outside California,2021-01-14,3635,47946,1243,31528,2392,16418,0,0,3021,29701,612,9114,3021,38815,Not in California
Outside California,2021-01-15,3994,51940,916,32444,3078,19496,0,0,3561,32834,429,9543,3562,42377,Not in California
Outside California,2021-01-16,2529,54469,353,32797,2176,21672,0,0,2356,35020,170,9713,2356,44733,Not in California
Outside California,2021-01-17,448,54917,146,32943,302,21974,0,0,396,35367,49,9762,396,45129,Not in California
Outside California,2021-01-18,1083,56000,732,33675,351,22325,0,0,628,35542,454,10216,629,45758,Not in California
Outside California,2021-01-19,3964,59964,1292,34967,2672,24997,0,0,3119,37819,844,11060,3121,48879,Not in California
Outside California,2021-01-20,4287,64251,1339,36306,2948,27945,0,0,3407,40353,874,11934,3408,52287,Not in California
Outside California,2021-01-21,3923,68174,982,37288,2941,30886,0,0,3406,43257,502,12436,3406,55693,Not in California
Outside California,2021-01-22,4380,72554,993,38281,3387,34273,0,0,3985,46854,389,12825,3986,59679,Not in California
Outside California,2021-01-23,2208,74762,329,38610,1879,36152,0,0,2042,48731,165,12990,2042,61721,Not in California
Outside California,2021-01-24,740,75502,373,38983,367,36519,0,0,615,49267,79,13069,615,62336,Not in California
Outside California,2021-01-25,4366,79868,1951,40934,2415,38934,0,0,3496,51918,846,13915,3497,65833,Not in California
Outside California,2021-01-26,6036,85904,3042,43976,2994,41928,0,0,5323,56440,809,14724,5331,71164,Not in California
Outside California,2021-01-27,4647,90551,2652,46628,1995,43923,0,0,4408,60287,562,15286,4409,75573,Not in California
Outside California,2021-01-28,4870,95421,2667,49295,2203,46126,0,0,4739,64586,440,15726,4739,80312,Not in California
Outside California,2021-01-29,4527,99948,2850,52145,1677,47803,0,0,3898,67769,716,16442,3899,84211,Not in California
Outside California,2021-01-30,4091,104039,2314,54459,1777,49580,0,0,4048,71596,221,16663,4048,88259,Not in California
Outside California,2021-01-31,3182,107221,2777,57236,405,49985,0,0,3465,75010,51,16714,3465,91724,Not in California
Outside California,2021-02-01,5328,112549,2464,59700,2864,52849,0,0,5151,79521,640,17354,5151,96875,Not in California
Outside California,2021-02-02,6650,119199,2087,61787,4563,57412,0,0,6591,85427,685,18039,6591,103466,Not in California
Outside California,2021-02-03,7130,126329,1990,63777,5140,62552,0,0,7227,91854,801,18840,7228,110694,Not in California
Outside California,2021-02-04,6602,132931,2061,65838,4541,67093,0,0,6459,97383,930,19770,6459,117153,Not in California
Outside California,2021-02-05,6514,139445,2064,67902,4450,71543,0,0,5722,102119,986,20756,5722,122875,Not in California
Outside California,2021-02-06,4266,143711,2152,70054,2114,73657,0,0,4059,105761,420,21176,4062,126937,Not in California
Outside California,2021-02-07,2180,145891,1791,71845,389,74046,0,0,2875,108561,77,21253,2877,129814,Not in California
Outside California,2021-02-08,5141,151032,3250,75095,1891,75937,0,0,4719,112270,1010,22263,4719,134533,Not in California
Outside California,2021-02-09,4128,155160,1855,76950,2273,78210,0,0,3451,114460,1277,23540,3467,138000,Not in California
Outside California,2021-02-10,5275,160435,1774,78724,3501,81711,0,0,3515,115683,2336,25876,3559,141559,Not in California
Outside California,2021-02-11,4212,164647,1853,80577,2359,84070,0,0,3645,118249,1097,26973,3663,145222,Not in California
Outside California,2021-02-12,4626,169273,1611,82188,3015,87085,0,0,3049,119719,1583,28556,3053,148275,Not in California
Outside California,2021-02-13,2203,171476,598,82786,1605,88690,0,0,1786,121084,431,28987,1796,150071,Not in California
Outside California,2021-02-14,1358,172834,405,83191,953,89643,0,0,1145,121995,266,29253,1177,151248,Not in California
Outside California,2021-02-15,2425,175259,1477,84668,948,90591,0,0,1137,121855,1313,30566,1173,152421,Not in California
Outside California,2021-02-16,6190,181449,2792,87460,3398,93989,0,0,2504,120658,3714,34280,2517,154938,Not in California
Outside California,2021-02-17,5632,187081,2775,90235,2857,96846,0,0,1667,118359,3973,38253,1674,156612,Not in California
Outside California,2021-02-18,5951,193032,3464,93699,2487,99333,0,0,1808,116022,4148,42401,1811,158423,Not in California
Outside California,2021-02-19,4971,198003,3431,97130,1540,100873,0,0,1871,114792,3102,45503,1872,160295,Not in California
Outside California,2021-02-20,3086,201089,2594,99724,492,101365,0,0,1092,113875,2011,47514,1094,161389,Not in California
Outside California,2021-02-21,1785,202874,1579,101303,206,101571,0,0,612,113314,1173,48687,612,162001,Not in California
Outside California,2021-02-22,2678,205552,1859,103162,819,102390,0,0,953,112521,1750,50437,957,162958,Not in California
Outside California,2021-02-23,4951,210503,2450,105612,2501,104891,0,0,1553,110650,3432,53869,1561,164519,Not in California
Outside California,2021-02-24,5132,215635,2507,108119,2625,107516,0,0,1463,108437,3680,57549,1467,165986,Not in California
Outside California,2021-02-25,5637,221272,2426,110545,3211,110727,0,0,2069,106900,3611,61160,2074,168060,Not in California
Outside California,2021-02-26,5832,227104,2909,113454,2923,113650,0,0,2383,105904,3380,64540,2384,170444,Not in California
Outside California,2021-02-27,4445,231549,2212,115666,2232,115882,1,1,1206,103866,3247,67787,1209,171653,Not in California
Outside California,2021-02-28,2372,233921,1761,117427,611,116493,0,1,996,103249,1614,69401,997,172650,Not in California
Outside California,2021-03-01,4404,238325,2897,120324,1507,118000,0,1,1110,101048,3324,72725,1123,173773,Not in California
Outside California,2021-03-02,5787,244112,1823,122147,3964,121964,0,1,1626,98482,4282,77007,1716,175489,Not in California
Outside California,2021-03-03,6756,250868,2178,124325,4577,126541,1,2,1786,95265,5014,82021,1797,177286,Not in California
Outside California,2021-03-04,5886,256754,2225,126550,3660,130201,1,3,1777,92963,4097,86118,1795,179081,Not in California
Outside California,2021-03-05,4161,260915,1764,128314,2386,132587,11,14,2041,92884,2139,88257,2060,181141,Not in California
Outside California,2021-03-06,3891,264806,1646,129960,2095,134682,150,164,1858,92879,2089,90346,2084,183225,Not in California
Outside California,2021-03-07,1487,266293,966,130926,468,135150,53,217,888,93206,631,90977,958,184183,Not in California
Outside California,2021-03-08,2587,268880,1500,132426,840,135990,247,464,1847,94574,727,91704,2095,186278,Not in California
Outside California,2021-03-09,3818,272698,1801,134227,1707,137697,310,774,2157,95382,1678,93382,2486,188764,Not in California
Outside California,2021-03-10,3491,276189,1384,135611,1619,139316,488,1262,1976,96350,1502,94884,2470,191234,Not in California
Outside California,2021-03-11,5434,281623,2642,138253,2128,141444,664,1926,2853,97281,2591,97475,3522,194756,Not in California
Outside California,2021-03-12,5215,286838,2842,141095,1686,143130,687,2613,2875,98516,2328,99803,3563,198319,Not in California
Outside California,2021-03-13,3322,290160,1855,142950,1007,144137,460,3073,2218,100096,1099,100902,2679,200998,Not in California
Outside California,2021-03-14,1823,291983,899,143849,596,144733,328,3401,1083,100768,746,101648,1418,202416,Not in California
Outside California,2021-03-15,3119,295102,1357,145206,1376,146109,386,3787,1838,101723,1274,102922,2229,204645,Not in California
Outside California,2021-03-16,6063,301165,3077,148283,2645,148754,341,4128,3497,102996,2564,105486,3837,208482,Not in California
Outside California,2021-03-17,6350,307515,3495,151778,2510,151264,345,4473,3868,104737,2474,107960,4215,212697,Not in California
Outside California,2021-03-18,6577,314092,3660,155438,2404,153668,513,4986,4093,106869,2511,110471,4643,217340,Not in California
Outside California,2021-03-19,5685,319777,3186,158624,1967,155635,532,5518,3529,108784,2150,112621,4065,221405,Not in California
Outside California,2021-03-20,3706,323483,2518,161142,1109,156744,79,5597,3013,111187,688,113309,3091,224496,Not in California
Outside California,2021-03-21,1713,325196,1178,162320,446,157190,89,5686,1325,112218,384,113693,1415,225911,Not in California
Outside California,2021-03-22,2662,327858,1472,163792,1117,158307,73,5759,1758,113155,893,114586,1830,227741,Not in California
Outside California,2021-03-23,5496,333354,2655,166447,2577,160884,264,6023,3850,115637,1631,116217,4113,231854,Not in California
Outside California,2021-03-24,6273,339627,2954,169401,2905,163789,414,6437,4777,119336,1489,117706,5188,237042,Not in California
Outside California,2021-03-25,7147,346774,2982,172383,3682,167471,483,6920,5523,123737,1603,119309,6004,243046,Not in California
Outside California,2021-03-26,5948,352722,3080,175463,2700,170171,168,7088,4226,126421,1710,121019,4394,247440,Not in California
Outside California,2021-03-27,4172,356894,2458,177921,1673,171844,41,7129,2934,128172,1221,122240,2972,250412,Not in California
Outside California,2021-03-28,2505,359399,1248,179169,1183,173027,74,7203,1645,129036,855,123095,1719,252131,Not in California
Outside California,2021-03-29,4385,363784,1899,181068,2231,175258,255,7458,2717,130345,1664,124759,2973,255104,Not in California
Outside California,2021-03-30,5968,369752,3007,184075,2433,177691,528,7986,3730,132387,2224,126983,4266,259370,Not in California
Outside California,2021-03-31,5251,375003,2949,187024,1576,179267,726,8712,3146,134161,2097,129080,3871,263241,Not in California
Outside California,2021-04-01,6100,381103,3401,190425,2075,181342,624,9336,3628,135948,2463,131543,4250,267491,Not in California
Outside California,2021-04-02,7302,388405,3927,194352,2347,183689,1028,10364,4013,137715,3198,134741,4965,272456,Not in California
Outside California,2021-04-03,5706,394111,3332,197684,1218,184907,1156,11520,3023,139220,2674,137415,4179,276635,Not in California
Outside California,2021-04-04,1601,395712,814,198498,558,185465,229,11749,870,139604,712,138127,1096,277731,Not in California
Outside California,2021-04-05,3505,399217,1753,200251,1230,186695,522,12271,1703,140038,1791,139918,2225,279956,Not in California
Outside California,2021-04-06,6137,405354,3021,203272,1663,188358,1453,13724,2468,140321,3629,143547,3912,283868,Not in California
Outside California,2021-04-07,7430,412784,3753,207025,1872,190230,1805,15529,3089,140908,4296,147843,4883,288751,Not in California
Outside California,2021-04-08,7624,420408,3775,210800,1837,192067,2012,17541,3218,141762,4365,152208,5219,293970,Not in California
Outside California,2021-04-09,5391,425799,2585,213385,1287,193354,1519,19060,2026,142082,3207,155415,3527,297497,Not in California
Outside California,2021-04-10,4103,429902,1889,215274,843,194197,1371,20431,1274,141934,2778,158193,2630,300127,Not in California
Outside California,2021-04-11,1450,431352,793,216067,479,194676,178,20609,268,141988,279,158472,333,300460,Not in California
Outside California,2021-04-12,1291,432643,573,216640,528,195204,190,20799,0,141988,0,158472,0,300460,Not in California
Unknown,2020-12-17,36,36,36,36,0,0,0,0,1,1,0,0,1,1,Not in California
Unknown,2020-12-18,52,88,52,88,0,0,0,0,2,3,0,0,2,3,Not in California
Unknown,2020-12-21,41,129,41,129,0,0,0,0,0,3,0,0,0,3,Not in California
Unknown,2020-12-26,1,130,1,130,0,0,0,0,1,4,0,0,1,4,Not in California
Unknown,2020-12-28,4,134,4,134,0,0,0,0,4,8,0,0,4,8,Not in California
Unknown,2020-12-29,3,137,3,137,0,0,0,0,3,11,0,0,3,11,Not in California
Unknown,2020-12-30,55,192,55,192,0,0,0,0,55,66,0,0,55,66,Not in California
Unknown,2020-12-31,2,194,0,192,2,2,0,0,0,66,0,0,0,66,Not in California
Unknown,2021-01-02,1,195,0,192,1,3,0,0,1,67,0,0,1,67,Not in California
Unknown,2021-01-04,3,198,3,195,0,3,0,0,2,69,0,0,2,69,Not in California
Unknown,2021-01-05,2,200,0,195,2,5,0,0,2,71,0,0,2,71,Not in California
Unknown,2021-01-06,5,205,4,199,1,6,0,0,4,75,0,0,4,75,Not in California
Unknown,2021-01-07,70,275,69,268,1,7,0,0,70,145,0,0,70,145,Not in California
Unknown,2021-01-09,2,277,2,270,0,7,0,0,3,148,0,0,3,148,Not in California
Unknown,2021-01-11,19,296,19,289,0,7,0,0,18,166,0,0,18,166,Not in California
Unknown,2021-01-12,10,306,9,298,1,8,0,0,8,174,1,1,9,175,Not in California
Unknown,2021-01-13,11,317,11,309,0,8,0,0,13,187,0,1,13,188,Not in California
Unknown,2021-01-14,3,320,3,312,0,8,0,0,3,190,0,1,3,191,Not in California
Unknown,2021-01-15,4,324,3,315,1,9,0,0,5,195,0,1,5,196,Not in California
Unknown,2021-01-16,7,331,7,322,0,9,0,0,6,200,1,2,6,202,Not in California
Unknown,2021-01-17,3,334,3,325,0,9,0,0,3,203,0,2,3,205,Not in California
Unknown,2021-01-18,57,391,57,382,0,9,0,0,55,256,2,4,55,260,Not in California
Unknown,2021-01-19,25,416,25,407,0,9,0,0,23,278,1,5,23,283,Not in California
Unknown,2021-01-20,79,495,79,486,0,9,0,0,27,253,52,57,27,310,Not in California
Unknown,2021-01-21,60,555,58,544,2,11,0,0,62,315,0,57,62,372,Not in California
Unknown,2021-01-22,41,596,35,579,6,17,0,0,40,355,0,57,40,412,Not in California
Unknown,2021-01-23,13,609,7,586,6,23,0,0,12,367,0,57,12,424,Not in California
Unknown,2021-01-24,2,611,2,588,0,23,0,0,3,370,0,57,3,427,Not in California
Unknown,2021-01-25,20,631,18,606,2,25,0,0,17,384,3,60,17,444,Not in California
Unknown,2021-01-26,95,726,95,701,0,25,0,0,98,482,0,60,98,542,Not in California
Unknown,2021-01-27,17,743,17,718,0,25,0,0,16,497,1,61,16,558,Not in California
Unknown,2021-01-28,154,897,152,870,2,27,0,0,98,536,59,120,98,656,Not in California
Unknown,2021-01-29,148,1045,148,1018,0,27,0,0,153,688,1,121,153,809,Not in California
Unknown,2021-01-30,10,1055,8,1026,2,29,0,0,13,700,1,122,13,822,Not in California
Unknown,2021-01-31,17,1072,17,1043,0,29,0,0,17,716,1,123,17,839,Not in California
Unknown,2021-02-01,37,1109,35,1078,2,31,0,0,22,721,17,140,22,861,Not in California
Unknown,2021-02-02,70,1179,68,1146,2,33,0,0,63,778,6,146,63,924,Not in California
Unknown,2021-02-03,48,1227,47,1193,1,34,0,0,36,803,11,157,36,960,Not in California
Unknown,2021-02-04,61,1288,57,1250,4,38,0,0,57,856,4,161,57,1017,Not in California
Unknown,2021-02-05,16,1304,11,1261,5,43,0,0,14,865,5,166,14,1031,Not in California
Unknown,2021-02-06,17,1321,14,1275,3,46,0,0,14,875,6,172,16,1047,Not in California
Unknown,2021-02-07,8,1329,8,1283,0,46,0,0,6,879,2,174,6,1053,Not in California
Unknown,2021-02-08,55,1384,52,1335,3,49,0,0,13,850,42,216,13,1066,Not in California
Unknown,2021-02-09,22,1406,22,1357,0,49,0,0,5,838,17,233,5,1071,Not in California
Unknown,2021-02-10,37,1443,32,1389,5,54,0,0,11,823,26,259,11,1082,Not in California
Unknown,2021-02-11,93,1536,92,1481,1,55,0,0,43,815,51,310,43,1125,Not in California
Unknown,2021-02-12,47,1583,38,1519,9,64,0,0,19,801,33,343,19,1144,Not in California
Unknown,2021-02-13,14,1597,3,1522,11,75,0,0,16,816,1,344,16,1160,Not in California
Unknown,2021-02-14,8,1605,1,1523,7,82,0,0,6,821,1,345,6,1166,Not in California
Unknown,2021-02-15,42,1647,36,1559,6,88,0,0,29,839,11,356,29,1195,Not in California
Unknown,2021-02-16,105,1752,96,1655,9,97,0,0,31,796,74,430,31,1226,Not in California
Unknown,2021-02-17,10,1762,8,1663,2,99,0,0,6,797,5,435,6,1232,Not in California
Unknown,2021-02-18,106,1868,101,1764,5,104,0,0,19,729,87,522,19,1251,Not in California
Unknown,2021-02-19,199,2067,194,1958,5,109,0,0,59,649,139,661,59,1310,Not in California
Unknown,2021-02-20,12,2079,5,1963,7,116,0,0,5,649,5,666,5,1315,Not in California
Unknown,2021-02-21,23,2102,23,1986,0,116,0,0,8,642,15,681,8,1323,Not in California
Unknown,2021-02-22,12,2114,12,1998,0,116,0,0,7,644,5,686,7,1330,Not in California
Unknown,2021-02-23,63,2177,51,2049,12,128,0,0,15,612,47,733,15,1345,Not in California
Unknown,2021-02-24,44,2221,36,2085,8,136,0,0,14,596,30,763,14,1359,Not in California
Unknown,2021-02-25,74,2295,60,2145,14,150,0,0,26,574,48,811,26,1385,Not in California
Unknown,2021-02-26,42,2337,26,2171,16,166,0,0,27,588,13,824,27,1412,Not in California
Unknown,2021-02-27,27,2364,13,2184,14,180,0,0,20,600,8,832,20,1432,Not in California
Unknown,2021-02-28,17,2381,13,2197,4,184,0,0,10,605,5,837,10,1442,Not in California
Unknown,2021-03-01,43,2424,25,2222,18,202,0,0,24,610,19,856,24,1466,Not in California
Unknown,2021-03-02,17,2441,6,2228,11,213,0,0,9,613,6,862,9,1475,Not in California
Unknown,2021-03-03,18,2459,9,2237,9,222,0,0,13,621,5,867,13,1488,Not in California
Unknown,2021-03-04,55,2514,51,2288,4,226,0,0,24,614,31,898,24,1512,Not in California
Unknown,2021-03-05,28,2542,13,2301,15,241,0,0,34,642,6,904,34,1546,Not in California
Unknown,2021-03-06,31,2573,10,2311,19,260,2,2,22,657,9,913,24,1570,Not in California
Unknown,2021-03-07,9,2582,1,2312,8,268,0,2,5,659,3,916,5,1575,Not in California
Unknown,2021-03-08,34,2616,24,2336,8,276,2,4,9,644,26,942,11,1586,Not in California
Unknown,2021-03-09,39,2655,32,2368,3,279,4,8,12,630,30,972,16,1602,Not in California
Unknown,2021-03-10,9,2664,6,2374,1,280,2,10,5,632,5,977,7,1609,Not in California
Unknown,2021-03-11,41,2705,13,2387,11,291,17,27,17,642,24,1001,34,1643,Not in California
Unknown,2021-03-12,97,2802,56,2443,25,316,16,43,27,615,70,1071,43,1686,Not in California
Unknown,2021-03-13,47,2849,4,2447,35,351,8,51,26,630,19,1090,34,1720,Not in California
Unknown,2021-03-14,63,2912,19,2466,39,390,5,56,45,662,18,1108,50,1770,Not in California
Unknown,2021-03-15,30,2942,12,2478,16,406,2,58,19,670,13,1121,21,1791,Not in California
Unknown,2021-03-16,60,3002,21,2499,36,442,3,61,41,696,18,1139,44,1835,Not in California
Unknown,2021-03-17,45,3047,12,2511,32,474,1,62,42,735,4,1143,43,1878,Not in California
Unknown,2021-03-18,45,3092,22,2533,23,497,0,62,31,753,13,1156,31,1909,Not in California
Unknown,2021-03-19,29,3121,21,2554,8,505,0,62,20,762,11,1167,20,1929,Not in California
Unknown,2021-03-20,28,3149,13,2567,15,520,0,62,18,769,11,1178,18,1947,Not in California
Unknown,2021-03-21,21,3170,16,2583,5,525,0,62,18,784,3,1181,18,1965,Not in California
Unknown,2021-03-22,29,3199,16,2599,12,537,1,63,17,790,12,1193,18,1983,Not in California
Unknown,2021-03-23,25,3224,10,2609,10,547,5,68,14,798,11,1204,19,2002,Not in California
Unknown,2021-03-24,24,3248,7,2616,17,564,0,68,19,812,5,1209,19,2021,Not in California
Unknown,2021-03-25,44,3292,30,2646,14,578,0,68,31,830,13,1222,31,2052,Not in California
Unknown,2021-03-26,36,3328,17,2663,14,592,5,73,20,839,16,1238,25,2077,Not in California
Unknown,2021-03-27,36,3364,11,2674,25,617,0,73,17,838,18,1256,17,2094,Not in California
Unknown,2021-03-28,16,3380,8,2682,8,625,0,73,12,846,4,1260,12,2106,Not in California
Unknown,2021-03-29,50,3430,30,2712,20,645,0,73,37,870,13,1273,37,2143,Not in California
Unknown,2021-03-30,45,3475,30,2742,15,660,0,73,33,891,12,1285,33,2176,Not in California
Unknown,2021-03-31,47,3522,33,2775,14,674,0,73,37,918,10,1295,37,2213,Not in California
Unknown,2021-04-01,33,3555,20,2795,13,687,0,73,28,941,5,1300,28,2241,Not in California
Unknown,2021-04-02,64,3619,18,2813,37,724,9,82,31,948,28,1328,35,2276,Not in California
Unknown,2021-04-03,26,3645,17,2830,9,733,0,82,16,954,10,1338,16,2292,Not in California
Unknown,2021-04-04,18,3663,7,2837,11,744,0,82,10,959,5,1343,10,2302,Not in California
Unknown,2021-04-05,185,3848,148,2985,13,757,24,106,146,1090,38,1381,169,2471,Not in California
Unknown,2021-04-06,399,4247,231,3216,132,889,36,142,340,1408,58,1439,376,2847,Not in California
Unknown,2021-04-07,434,4681,271,3487,116,1005,47,189,372,1766,61,1500,419,3266,Not in California
Unknown,2021-04-08,413,5094,253,3740,105,1110,55,244,341,2090,72,1572,396,3662,Not in California
Unknown,2021-04-09,347,5441,225,3965,85,1195,37,281,301,2382,46,1618,338,4000,Not in California
Unknown,2021-04-10,241,5682,178,4143,23,1218,40,321,179,2541,60,1678,219,4219,Not in California
Unknown,2021-04-11,278,5960,124,4267,107,1325,47,368,0,2541,0,1678,0,4219,Not in California
Alameda,2020-12-15,36,36,36,36,0,0,0,0,36,36,0,0,36,36,California
Alameda,2020-12-16,201,237,201,237,0,0,0,0,201,237,0,0,201,237,California
Alameda,2020-12-17,396,633,396,633,0,0,0,0,396,633,0,0,396,633,California
Alameda,2020-12-18,1776,2409,1775,2408,1,1,0,0,1776,2409,0,0,1776,2409,California
Alameda,2020-12-19,1440,3849,1440,3848,0,1,0,0,1440,3849,0,0,1440,3849,California
Alameda,2020-12-20,1181,5030,1180,5028,1,2,0,0,1180,5028,1,1,1180,5029,California
Alameda,2020-12-21,1856,6886,1855,6883,1,3,0,0,1854,6882,0,1,1854,6883,California
Alameda,2020-12-22,2096,8982,2045,8928,51,54,0,0,2094,8976,0,1,2094,8977,California
Alameda,2020-12-23,1925,10907,1670,10598,255,309,0,0,1925,10901,0,1,1925,10902,California
Alameda,2020-12-24,1218,12125,759,11357,459,768,0,0,1218,12119,0,1,1218,12120,California
Alameda,2020-12-25,166,12291,129,11486,37,805,0,0,166,12285,0,1,166,12286,California
Alameda,2020-12-26,867,13158,323,11809,544,1349,0,0,867,13152,0,1,867,13153,California
Alameda,2020-12-27,500,13658,256,12065,244,1593,0,0,500,13652,0,1,500,13653,California
Alameda,2020-12-28,1875,15533,949,13014,926,2519,0,0,1875,15527,0,1,1875,15528,California
Alameda,2020-12-29,2420,17953,1019,14033,1401,3920,0,0,2418,17945,0,1,2418,17946,California
Alameda,2020-12-30,3127,21080,1361,15394,1766,5686,0,0,3126,21071,0,1,3126,21072,California
Alameda,2020-12-31,1785,22865,439,15833,1346,7032,0,0,1784,22854,1,2,1784,22856,California
Alameda,2021-01-01,167,23032,67,15900,100,7132,0,0,166,23020,0,2,166,23022,California
Alameda,2021-01-02,717,23749,520,16420,197,7329,0,0,716,23736,0,2,716,23738,California
Alameda,2021-01-03,340,24089,219,16639,121,7450,0,0,337,24070,3,5,337,24075,California
Alameda,2021-01-04,1650,25739,946,17585,704,8154,0,0,1638,25697,11,16,1638,25713,California
Alameda,2021-01-05,2199,27938,1264,18849,935,9089,0,0,1961,27424,234,250,1961,27674,California
Alameda,2021-01-06,3252,31190,1789,20638,1463,10552,0,0,2415,29008,833,1083,2417,30091,California
Alameda,2021-01-07,3784,34974,2139,22777,1645,12197,0,0,2657,30551,1118,2201,2661,32752,California
Alameda,2021-01-08,4746,39720,2716,25493,2030,14227,0,0,3105,32024,1636,3837,3109,35861,California
Alameda,2021-01-09,2033,41753,1390,26883,643,14870,0,0,1169,32329,864,4701,1169,37030,California
Alameda,2021-01-10,1057,42810,839,27722,218,15088,0,0,422,32115,636,5337,422,37452,California
Alameda,2021-01-11,4628,47438,3500,31222,1128,16216,0,0,2840,33174,1787,7124,2846,40298,California
Alameda,2021-01-12,4815,52253,3240,34462,1575,17791,0,0,3425,35214,1387,8511,3427,43725,California
Alameda,2021-01-13,5013,57266,2651,37113,2362,20153,0,0,3835,37877,1173,9684,3836,47561,California
Alameda,2021-01-14,5603,62869,2738,39851,2865,23018,0,0,4716,41717,878,10562,4718,52279,California
Alameda,2021-01-15,5818,68687,2308,42159,3510,26528,0,0,5056,46021,755,11317,5059,57338,California
Alameda,2021-01-16,3010,71697,1414,43573,1596,28124,0,0,2738,48489,271,11588,2739,60077,California
Alameda,2021-01-17,1862,73559,1079,44652,783,28907,0,0,1659,49946,203,11791,1660,61737,California
Alameda,2021-01-18,3187,76746,2047,46699,1140,30047,0,0,2599,51966,584,12375,2604,64341,California
Alameda,2021-01-19,5511,82257,3326,50025,2185,32232,0,0,4327,55113,1182,13557,4329,68670,California
Alameda,2021-01-20,6616,88873,4023,54048,2593,34825,0,0,5322,59158,1281,14838,5326,73996,California
Alameda,2021-01-21,7728,96601,3383,57431,4345,39170,0,0,6901,65242,820,15658,6904,80900,California
Alameda,2021-01-22,6898,103499,2029,59460,4869,44039,0,0,5760,69873,1131,16789,5762,86662,California
Alameda,2021-01-23,3277,106776,941,60401,2336,46375,0,0,2727,72051,551,17340,2729,89391,California
Alameda,2021-01-24,2051,108827,658,61059,1393,47768,0,0,1773,73551,273,17613,1773,91164,California
Alameda,2021-01-25,5206,114033,1988,63047,3218,50986,0,0,3624,75602,1573,19186,3624,94788,California
Alameda,2021-01-26,7227,121260,2267,65314,4960,55946,0,0,5365,79127,1841,21027,5366,100154,California
Alameda,2021-01-27,6664,127924,2078,67392,4586,60532,0,0,4825,82124,1828,22855,4825,104979,California
Alameda,2021-01-28,7811,135735,2494,69886,5317,65849,0,0,5610,85549,2186,25041,5611,110590,California
Alameda,2021-01-29,7891,143626,3175,73061,4716,70565,0,0,6070,89808,1811,26852,6070,116660,California
Alameda,2021-01-30,3404,147030,1662,74723,1742,72307,0,0,2704,91818,694,27546,2704,119364,California
Alameda,2021-01-31,1901,148931,962,75685,939,73246,0,0,1663,93242,239,27785,1663,121027,California
Alameda,2021-02-01,5941,154872,3347,79032,2594,75840,0,0,4309,95926,1626,29411,4310,125337,California
Alameda,2021-02-02,7440,162312,4235,83267,3205,79045,0,0,4658,97812,2773,32184,4659,129996,California
Alameda,2021-02-03,7072,169384,3726,86993,3346,82391,0,0,4406,99564,2660,34844,4412,134408,California
Alameda,2021-02-04,9476,178860,4129,91122,5347,87738,0,0,6436,102982,3023,37867,6441,140849,California
Alameda,2021-02-05,10312,189172,5384,96506,4928,92666,0,0,6449,105582,3856,41723,6456,147305,California
Alameda,2021-02-06,6996,196168,4436,100942,2560,95226,0,0,5875,110338,1120,42843,5876,153181,California
Alameda,2021-02-07,3583,199751,2896,103838,687,95913,0,0,2648,112055,933,43776,2650,155831,California
Alameda,2021-02-08,8076,207827,5776,109614,2300,98213,0,0,5541,115070,2528,46304,5543,161374,California
Alameda,2021-02-09,9693,217520,5852,115466,3841,102054,0,0,6048,117483,3637,49941,6050,167424,California
Alameda,2021-02-10,11435,228955,6765,122231,4670,106724,0,0,6635,119339,4787,54728,6643,174067,California
Alameda,2021-02-11,13827,242782,7903,130134,5924,112648,0,0,8367,122266,5444,60172,8371,182438,California
Alameda,2021-02-12,12493,255275,5683,135817,6810,119458,0,0,7740,125273,4735,64907,7742,190180,California
Alameda,2021-02-13,7791,263066,4060,139877,3731,123189,0,0,5834,129156,1953,66860,5836,196016,California
Alameda,2021-02-14,4018,267084,2535,142412,1483,124672,0,0,2862,130866,1154,68014,2864,198880,California
Alameda,2021-02-15,5698,272782,3217,145629,2481,127153,0,0,3694,132564,2003,70017,3701,202581,California
Alameda,2021-02-16,12502,285284,6942,152571,5560,132713,0,0,9307,138692,3184,73201,9312,211893,California
Alameda,2021-02-17,14083,299367,8340,160911,5743,138456,0,0,10479,145584,3589,76790,10481,222374,California
Alameda,2021-02-18,15823,315190,10047,170958,5776,144232,0,0,11505,152776,4315,81105,11507,233881,California
Alameda,2021-02-19,17608,332798,11423,182381,6185,150417,0,0,11677,158549,5905,87010,11678,245559,California
Alameda,2021-02-20,11837,344635,9595,191976,2242,152659,0,0,9141,165000,2695,89705,9146,254705,California
Alameda,2021-02-21,6157,350792,5230,197206,927,153586,0,0,3701,166260,2443,92148,3703,258408,California
Alameda,2021-02-22,10670,361462,7900,205106,2770,156356,0,0,6721,169058,3933,96081,6731,265139,California
Alameda,2021-02-23,12678,374140,7700,212806,4978,161334,0,0,7897,172186,4775,100856,7903,273042,California
Alameda,2021-02-24,14632,388772,8193,220999,6439,167773,0,0,9489,176595,5085,105941,9494,282536,California
Alameda,2021-02-25,15583,404355,9121,230120,6462,174235,0,0,9937,180921,5617,111558,9943,292479,California
Alameda,2021-02-26,18049,422404,10611,240731,7438,181673,0,0,11691,186302,6313,117871,11694,304173,California
Alameda,2021-02-27,14674,437078,10793,251524,3879,185552,2,2,9095,189837,5563,123434,9098,313271,California
Alameda,2021-02-28,9130,446208,7692,259216,1438,186990,0,2,6082,192873,3047,126481,6083,319354,California
Alameda,2021-03-01,13184,459392,9165,268381,4019,191009,0,2,8192,196115,4955,131436,8197,327551,California
Alameda,2021-03-02,13689,473081,9524,277905,4165,195174,0,2,8807,200063,4868,136304,8816,336367,California
Alameda,2021-03-03,15087,488168,9795,287700,5292,200466,0,2,10268,205537,4796,141100,10270,346637,California
Alameda,2021-03-04,17203,505371,11008,298708,6194,206660,1,3,10842,210044,6336,147436,10843,357480,California
Alameda,2021-03-05,15766,521137,10187,308895,5572,212232,7,10,10578,215484,5150,152586,10590,368070,California
Alameda,2021-03-06,14177,535314,9926,318821,3992,216224,259,269,9311,220237,4818,157404,9571,377641,California
Alameda,2021-03-07,9238,544552,8040,326861,1118,217342,80,349,6524,224153,2690,160094,6606,384247,California
Alameda,2021-03-08,11534,556086,7122,333983,4065,221407,347,696,8619,230250,2868,162962,8965,393212,California
Alameda,2021-03-09,11241,567327,6941,340924,3873,225280,427,1123,6227,231926,4981,167943,6657,399869,California
Alameda,2021-03-10,16563,583890,11271,352195,4745,230025,547,1670,7500,230932,9039,176982,8045,407914,California
Alameda,2021-03-11,19661,603551,11501,363696,6476,236501,1684,3354,6720,226419,12916,189898,8403,416317,California
Alameda,2021-03-12,20901,624452,12185,375881,7099,243600,1617,4971,7391,221935,13484,203382,9000,425317,California
Alameda,2021-03-13,15689,640141,10053,385934,4671,248271,965,5936,5049,217340,10606,213988,6011,431328,California
Alameda,2021-03-14,10650,650791,7793,393727,2076,250347,781,6717,4670,216822,5964,219952,5446,436774,California
Alameda,2021-03-15,14241,665032,9307,403034,4422,254769,512,7229,6324,215772,7883,227835,6833,443607,California
Alameda,2021-03-16,17020,682052,11059,414093,5442,260211,519,7748,7477,214277,9492,237327,7997,451604,California
Alameda,2021-03-17,17250,699302,9722,423815,6838,267049,690,8438,8082,213913,9137,246464,8773,460377,California
Alameda,2021-03-18,18932,718234,10290,434105,7768,274817,874,9312,8682,213251,10220,256684,9558,469935,California
Alameda,2021-03-19,18961,737195,10269,444374,6903,281720,1789,11101,7565,211259,11340,268024,9348,479283,California
Alameda,2021-03-20,15521,752716,10146,454520,4561,286281,814,11915,6482,209544,9009,277033,7294,486577,California
Alameda,2021-03-21,8995,761711,7061,461581,1405,287686,529,12444,3734,208558,5250,282283,4264,490841,California
Alameda,2021-03-22,14794,776505,9964,471545,3855,291541,975,13419,7144,209047,7630,289913,8119,498960,California
Alameda,2021-03-23,18959,795464,11408,482953,6759,298300,792,14211,10658,212241,8261,298174,11455,510415,California
Alameda,2021-03-24,18823,814287,11314,494267,6527,304827,982,15193,8555,211556,10207,308381,9522,519937,California
Alameda,2021-03-25,20183,834470,11128,505395,7694,312521,1361,16554,9498,211785,10607,318988,10836,530773,California
Alameda,2021-03-26,20548,855018,12302,517697,6720,319241,1526,18080,8800,210407,11696,330684,10318,541091,California
Alameda,2021-03-27,18077,873095,12274,529971,4847,324088,956,19036,7792,208901,10238,340922,8732,549823,California
Alameda,2021-03-28,10405,883500,8433,538404,1771,325859,201,19237,3836,206383,6561,347483,4043,553866,California
Alameda,2021-03-29,14515,898015,9249,547653,4290,330149,976,20213,6257,205391,8223,355706,7231,561097,California
Alameda,2021-03-30,18301,916316,9623,557276,7035,337184,1643,21856,10801,210365,7465,363171,12439,573536,California
Alameda,2021-03-31,19066,935382,10012,567288,7018,344202,2036,23892,9547,212460,9485,372656,11580,585116,California
Alameda,2021-04-01,22752,958134,9895,577183,7447,351649,5410,29302,10904,216986,11783,384439,16309,601425,California
Alameda,2021-04-02,23398,981532,9764,586947,8201,359850,5433,34735,11509,222068,11849,396288,16931,618356,California
Alameda,2021-04-03,20011,1001543,9702,596649,5643,365493,4666,39401,10264,227281,9719,406007,14932,633288,California
Alameda,2021-04-04,9644,1011187,3891,600540,2274,367767,3479,42880,3425,228018,6160,412167,6897,640185,California
Alameda,2021-04-05,17411,1028598,7205,607745,5497,373264,4709,47589,6990,229346,10370,422537,11698,651883,California
Alameda,2021-04-06,21975,1050573,10528,618273,5672,378936,5775,53364,10023,233244,11896,434433,15794,667677,California
Alameda,2021-04-07,22267,1072840,11351,629624,5436,384372,5480,58844,11261,239059,10921,445354,16736,684413,California
Alameda,2021-04-08,24720,1097560,11152,640776,5790,390162,7778,66622,10450,243204,14064,459418,18209,702622,California
Alameda,2021-04-09,18009,1115569,8902,649678,6967,397129,2140,68762,10818,249161,6792,466210,12749,715371,California
Alameda,2021-04-10,12282,1127851,4863,654541,4936,402065,2483,71245,6239,251987,5861,472071,8687,724058,California
Alameda,2021-04-11,5830,1133681,2900,657441,2004,404069,926,72171,2354,253382,1581,473652,2976,727034,California
Alameda,2021-04-12,8233,1141914,4103,661544,3071,407140,1059,73230,0,253382,0,473652,0,727034,California
Alpine,2020-12-18,2,2,2,2,0,0,0,0,2,2,0,0,2,2,California
Alpine,2020-12-19,2,4,2,4,0,0,0,0,2,4,0,0,2,4,California
Alpine,2020-12-21,2,6,2,6,0,0,0,0,2,6,0,0,2,6,California
Alpine,2020-12-30,15,21,0,6,15,15,0,0,15,21,0,0,15,21,California
Alpine,2020-12-31,1,22,0,6,1,16,0,0,1,22,0,0,1,22,California
Alpine,2021-01-01,1,23,0,6,1,17,0,0,1,23,0,0,1,23,California
Alpine,2021-01-02,1,24,1,7,0,17,0,0,1,24,0,0,1,24,California
Alpine,2021-01-04,10,34,0,7,10,27,0,0,10,34,0,0,10,34,California
Alpine,2021-01-05,9,43,1,8,8,35,0,0,9,43,0,0,9,43,California
Alpine,2021-01-06,31,74,0,8,31,66,0,0,31,74,0,0,31,74,California
Alpine,2021-01-07,8,82,0,8,8,74,0,0,8,82,0,0,8,82,California
Alpine,2021-01-08,4,86,2,10,2,76,0,0,2,82,2,2,2,84,California
Alpine,2021-01-09,2,88,2,12,0,76,0,0,0,80,2,4,0,84,California
Alpine,2021-01-11,32,120,1,13,31,107,0,0,31,110,1,5,31,115,California
Alpine,2021-01-13,35,155,0,13,35,142,0,0,35,145,0,5,35,150,California
Alpine,2021-01-14,2,157,0,13,2,144,0,0,2,147,0,5,2,152,California
Alpine,2021-01-15,1,158,0,13,1,145,0,0,1,148,0,5,1,153,California
Alpine,2021-01-20,21,179,0,13,21,166,0,0,21,169,0,5,21,174,California
Alpine,2021-01-21,1,180,0,13,1,167,0,0,1,170,0,5,1,175,California
Alpine,2021-01-22,32,212,0,13,32,199,0,0,32,202,0,5,32,207,California
Alpine,2021-01-23,1,213,1,14,0,199,0,0,0,201,1,6,0,207,California
Alpine,2021-01-25,16,229,0,14,16,215,0,0,16,217,0,6,16,223,California
Alpine,2021-01-27,1,230,1,15,0,215,0,0,0,216,1,7,0,223,California
Alpine,2021-01-28,12,242,0,15,12,227,0,0,11,226,1,8,11,234,California
Alpine,2021-01-29,1,243,0,15,1,228,0,0,1,227,0,8,1,235,California
Alpine,2021-02-01,26,269,0,15,26,254,0,0,7,215,19,27,7,242,California
Alpine,2021-02-03,34,303,0,15,34,288,0,0,10,201,24,51,10,252,California
Alpine,2021-02-04,9,312,0,15,9,297,0,0,4,200,5,56,4,256,California
Alpine,2021-02-05,31,343,0,15,31,328,0,0,12,193,19,75,12,268,California
Alpine,2021-02-06,1,344,1,16,0,328,0,0,1,194,0,75,1,269,California
Alpine,2021-02-07,1,345,1,17,0,328,0,0,1,195,0,75,1,270,California
Alpine,2021-02-08,32,377,0,17,32,360,0,0,4,171,28,103,4,274,California
Alpine,2021-02-10,34,411,0,17,34,394,0,0,0,137,34,137,0,274,California
Alpine,2021-02-11,6,417,0,17,6,400,0,0,3,137,3,140,3,277,California
Alpine,2021-02-12,1,418,0,17,1,401,0,0,0,136,1,141,0,277,California
Alpine,2021-02-17,23,441,0,17,23,424,0,0,3,119,20,161,3,280,California
Alpine,2021-02-18,2,443,0,17,2,426,0,0,1,119,1,162,1,281,California
Alpine,2021-02-19,34,477,1,18,33,459,0,0,2,89,32,194,2,283,California
Alpine,2021-02-22,28,505,0,18,28,487,0,0,9,79,19,213,9,292,California
Alpine,2021-02-24,1,506,1,19,0,487,0,0,1,80,0,213,1,293,California
Alpine,2021-02-25,17,523,1,20,16,503,0,0,6,75,11,224,6,299,California
Alpine,2021-02-26,29,552,1,21,28,531,0,0,28,102,1,225,28,327,California
Alpine,2021-03-01,35,587,0,21,35,566,0,0,25,117,10,235,25,352,California
Alpine,2021-03-02,1,588,1,22,0,566,0,0,0,116,1,236,0,352,California
Alpine,2021-03-03,29,617,1,23,28,594,0,0,17,121,12,248,17,369,California
Alpine,2021-03-04,13,630,1,24,12,606,0,0,12,132,1,249,12,381,California
Alpine,2021-03-05,30,660,0,24,30,636,0,0,22,146,8,257,22,403,California
Alpine,2021-03-08,31,691,0,24,31,667,0,0,29,173,2,259,29,432,California
Alpine,2021-03-10,75,766,0,24,75,742,0,0,75,248,0,259,75,507,California
Alpine,2021-03-11,36,802,0,24,36,778,0,0,32,276,4,263,32,539,California
Alpine,2021-03-12,21,823,0,24,21,799,0,0,19,293,2,265,19,558,California
Alpine,2021-03-15,21,844,1,25,20,819,0,0,20,312,1,266,20,578,California
Alpine,2021-03-17,22,866,0,25,21,840,1,1,18,327,4,270,19,597,California
Alpine,2021-03-18,40,906,3,28,37,877,0,1,37,361,3,273,37,634,California
Alpine,2021-03-19,2,908,1,29,1,878,0,1,1,361,1,274,1,635,California
Alpine,2021-03-22,25,933,0,29,25,903,0,1,15,366,10,284,15,650,California
Alpine,2021-03-24,19,952,0,29,19,922,0,1,9,365,10,294,9,659,California
Alpine,2021-03-25,38,990,1,30,36,958,1,2,31,390,7,301,32,691,California
Alpine,2021-03-28,1,991,1,31,0,958,0,2,1,391,0,301,1,692,California
Alpine,2021-03-29,20,1011,0,31,19,977,1,3,3,378,17,318,4,696,California
Alpine,2021-04-01,18,1029,0,31,18,995,0,3,8,376,10,328,8,704,California
Alpine,2021-04-02,101,1130,1,32,100,1095,0,3,48,372,52,380,48,752,California
Alpine,2021-04-05,4,1134,1,33,3,1098,0,3,0,368,4,384,0,752,California
Alpine,2021-04-06,3,1137,2,35,1,1099,0,3,2,369,1,385,2,754,California
Alpine,2021-04-07,85,1222,0,35,84,1183,1,4,20,370,21,406,22,776,California
Alpine,2021-04-08,42,1264,0,35,42,1225,0,4,15,358,27,433,15,791,California
Alpine,2021-04-09,1,1265,0,35,1,1226,0,4,0,357,1,434,0,791,California
Amador,2020-12-16,2,2,2,2,0,0,0,0,2,2,0,0,2,2,California
Amador,2020-12-17,5,7,5,7,0,0,0,0,5,7,0,0,5,7,California
Amador,2020-12-18,44,51,44,51,0,0,0,0,44,51,0,0,44,51,California
Amador,2020-12-19,17,68,17,68,0,0,0,0,17,68,0,0,17,68,California
Amador,2020-12-20,4,72,4,72,0,0,0,0,4,72,0,0,4,72,California
Amador,2020-12-21,33,105,33,105,0,0,0,0,33,105,0,0,33,105,California
Amador,2020-12-22,35,140,34,139,1,1,0,0,35,140,0,0,35,140,California
Amador,2020-12-23,39,179,38,177,1,2,0,0,39,179,0,0,39,179,California
Amador,2020-12-24,5,184,3,180,2,4,0,0,5,184,0,0,5,184,California
Amador,2020-12-26,6,190,5,185,1,5,0,0,6,190,0,0,6,190,California
Amador,2020-12-27,1,191,0,185,1,6,0,0,1,191,0,0,1,191,California
Amador,2020-12-28,31,222,27,212,4,10,0,0,31,222,0,0,31,222,California
Amador,2020-12-29,26,248,19,231,7,17,0,0,26,248,0,0,26,248,California
Amador,2020-12-30,123,371,77,308,46,63,0,0,123,371,0,0,123,371,California
Amador,2020-12-31,193,564,168,476,25,88,0,0,193,564,0,0,193,564,California
Amador,2021-01-01,1,565,0,476,1,89,0,0,1,565,0,0,1,565,California
Amador,2021-01-02,56,621,56,532,0,89,0,0,56,621,0,0,56,621,California
Amador,2021-01-03,65,686,17,549,48,137,0,0,65,686,0,0,65,686,California
Amador,2021-01-04,125,811,1,550,124,261,0,0,124,809,1,1,124,810,California
Amador,2021-01-05,33,844,3,553,30,291,0,0,31,839,2,3,32,842,California
Amador,2021-01-06,40,884,10,563,30,321,0,0,36,871,4,7,36,878,California
Amador,2021-01-07,227,1111,68,631,159,480,0,0,215,1074,12,19,215,1093,California
Amador,2021-01-08,84,1195,70,701,14,494,0,0,40,1071,44,63,41,1134,California
Amador,2021-01-09,11,1206,11,712,0,494,0,0,2,1064,9,72,2,1136,California
Amador,2021-01-10,7,1213,5,717,2,496,0,0,3,1063,4,76,3,1139,California
Amador,2021-01-11,124,1337,44,761,80,576,0,0,89,1117,35,111,89,1228,California
Amador,2021-01-12,62,1399,48,809,14,590,0,0,39,1133,23,134,39,1267,California
Amador,2021-01-13,39,1438,24,833,15,605,0,0,26,1146,13,147,26,1293,California
Amador,2021-01-14,146,1584,20,853,126,731,0,0,136,1272,10,157,136,1429,California
Amador,2021-01-15,54,1638,23,876,31,762,0,0,47,1312,7,164,47,1476,California
Amador,2021-01-16,19,1657,12,888,7,769,0,0,13,1320,6,170,14,1490,California
Amador,2021-01-17,25,1682,5,893,20,789,0,0,25,1345,0,170,25,1515,California
Amador,2021-01-18,31,1713,27,920,4,793,0,0,9,1332,22,192,9,1524,California
Amador,2021-01-19,120,1833,97,1017,23,816,0,0,76,1364,44,236,76,1600,California
Amador,2021-01-20,182,2015,33,1050,149,965,0,0,166,1515,15,251,166,1766,California
Amador,2021-01-21,253,2268,222,1272,31,996,0,0,144,1550,109,360,144,1910,California
Amador,2021-01-22,132,2400,71,1343,61,1057,0,0,126,1670,6,366,126,2036,California
Amador,2021-01-23,52,2452,32,1375,20,1077,0,0,50,1718,2,368,50,2086,California
Amador,2021-01-24,28,2480,12,1387,16,1093,0,0,25,1740,3,371,25,2111,California
Amador,2021-01-25,58,2538,28,1415,30,1123,0,0,41,1764,17,388,41,2152,California
Amador,2021-01-26,243,2781,16,1431,227,1350,0,0,233,1987,10,398,233,2385,California
Amador,2021-01-27,295,3076,29,1460,266,1616,0,0,248,2191,45,443,249,2634,California
Amador,2021-01-28,345,3421,76,1536,269,1885,0,0,284,2415,61,504,285,2919,California
Amador,2021-01-29,94,3515,30,1566,64,1949,0,0,79,2479,15,519,79,2998,California
Amador,2021-01-30,166,3681,32,1598,134,2083,0,0,161,2635,5,524,161,3159,California
Amador,2021-01-31,32,3713,28,1626,4,2087,0,0,31,2665,1,525,31,3190,California
Amador,2021-02-01,63,3776,23,1649,40,2127,0,0,36,2674,27,552,36,3226,California
Amador,2021-02-02,215,3991,65,1714,150,2277,0,0,127,2717,84,636,127,3353,California
Amador,2021-02-03,141,4132,38,1752,103,2380,0,0,90,2757,50,686,90,3443,California
Amador,2021-02-04,247,4379,71,1823,176,2556,0,0,162,2836,85,771,164,3607,California
Amador,2021-02-05,328,4707,61,1884,267,2823,0,0,313,3134,15,786,313,3920,California
Amador,2021-02-06,98,4805,79,1963,19,2842,0,0,94,3224,4,790,94,4014,California
Amador,2021-02-07,38,4843,35,1998,3,2845,0,0,35,3256,3,793,35,4049,California
Amador,2021-02-08,91,4934,63,2061,28,2873,0,0,73,3311,18,811,73,4122,California
Amador,2021-02-09,171,5105,82,2143,89,2962,0,0,108,3356,63,874,108,4230,California
Amador,2021-02-10,713,5818,78,2221,635,3597,0,0,680,4003,33,907,680,4910,California
Amador,2021-02-11,304,6122,118,2339,186,3783,0,0,198,4097,104,1011,198,5108,California
Amador,2021-02-12,321,6443,117,2456,204,3987,0,0,250,4276,71,1082,250,5358,California
Amador,2021-02-13,164,6607,81,2537,83,4070,0,0,138,4388,26,1108,138,5496,California
Amador,2021-02-14,123,6730,54,2591,69,4139,0,0,106,4477,17,1125,106,5602,California
Amador,2021-02-15,186,6916,59,2650,127,4266,0,0,169,4630,16,1141,169,5771,California
Amador,2021-02-16,408,7324,51,2701,357,4623,0,0,371,4965,37,1178,372,6143,California
Amador,2021-02-17,258,7582,80,2781,178,4801,0,0,163,5033,95,1273,163,6306,California
Amador,2021-02-18,398,7980,98,2879,300,5101,0,0,336,5308,62,1335,337,6643,California
Amador,2021-02-19,191,8171,76,2955,115,5216,0,0,110,5337,81,1416,110,6753,California
Amador,2021-02-20,91,8262,29,2984,62,5278,0,0,64,5374,27,1443,64,6817,California
Amador,2021-02-21,45,8307,34,3018,11,5289,0,0,15,5359,30,1473,15,6832,California
Amador,2021-02-22,63,8370,24,3042,39,5328,0,0,32,5361,30,1503,32,6864,California
Amador,2021-02-23,317,8687,55,3097,262,5590,0,0,138,5321,179,1682,139,7003,California
Amador,2021-02-24,396,9083,55,3152,341,5931,0,0,268,5465,124,1806,268,7271,California
Amador,2021-02-25,517,9600,110,3262,407,6338,0,0,280,5509,236,2042,280,7551,California
Amador,2021-02-26,607,10207,75,3337,532,6870,0,0,504,5911,103,2145,505,8056,California
Amador,2021-02-27,288,10495,90,3427,198,7068,0,0,102,5830,185,2330,104,8160,California
Amador,2021-02-28,101,10596,52,3479,49,7117,0,0,55,5843,45,2375,58,8218,California
Amador,2021-03-01,193,10789,66,3545,127,7244,0,0,124,5899,69,2444,125,8343,California
Amador,2021-03-02,385,11174,61,3606,324,7568,0,0,335,6185,50,2494,336,8679,California
Amador,2021-03-03,243,11417,78,3684,165,7733,0,0,168,6280,74,2568,169,8848,California
Amador,2021-03-04,499,11916,117,3801,382,8115,0,0,397,6575,102,2670,397,9245,California
Amador,2021-03-05,514,12430,75,3876,439,8554,0,0,298,6660,215,2885,300,9545,California
Amador,2021-03-06,97,12527,43,3919,53,8607,1,1,54,6672,43,2928,55,9600,California
Amador,2021-03-07,61,12588,42,3961,19,8626,0,1,18,6647,43,2971,18,9618,California
Amador,2021-03-08,154,12742,70,4031,83,8709,1,2,93,6680,61,3032,94,9712,California
Amador,2021-03-09,371,13113,47,4078,324,9033,0,2,312,6936,56,3088,312,10024,California
Amador,2021-03-10,510,13623,74,4152,435,9468,1,3,246,6922,263,3351,249,10273,California
Amador,2021-03-11,473,14096,113,4265,349,9817,11,14,330,7123,143,3494,344,10617,California
Amador,2021-03-12,563,14659,64,4329,491,10308,8,22,350,7274,212,3706,363,10980,California
Amador,2021-03-13,103,14762,17,4346,79,10387,7,29,68,7318,35,3741,79,11059,California
Amador,2021-03-14,88,14850,18,4364,67,10454,3,32,20,7273,68,3809,23,11082,California
Amador,2021-03-15,186,15036,23,4387,150,10604,13,45,56,7214,130,3939,71,11153,California
Amador,2021-03-16,455,15491,55,4442,390,10994,10,55,193,7157,260,4199,203,11356,California
Amador,2021-03-17,192,15683,40,4482,149,11143,3,58,120,7209,72,4271,124,11480,California
Amador,2021-03-18,474,16157,97,4579,373,11516,4,62,253,7249,219,4490,259,11739,California
Amador,2021-03-19,544,16701,57,4636,470,11986,17,79,396,7519,146,4636,416,12155,California
Amador,2021-03-20,110,16811,47,4683,62,12048,1,80,46,7505,63,4699,49,12204,California
Amador,2021-03-21,48,16859,34,4717,13,12061,1,81,31,7523,16,4715,34,12238,California
Amador,2021-03-22,114,16973,34,4751,51,12112,29,110,49,7536,65,4780,78,12316,California
Amador,2021-03-23,440,17413,47,4798,385,12497,8,118,283,7672,155,4935,291,12607,California
Amador,2021-03-24,347,17760,37,4835,57,12554,253,371,39,7657,307,5242,292,12899,California
Amador,2021-03-25,600,18360,79,4914,515,13069,6,377,391,7846,208,5450,397,13296,California
Amador,2021-03-26,741,19101,40,4954,696,13765,5,382,290,7695,449,5899,298,13594,California
Amador,2021-03-27,90,19191,14,4968,74,13839,2,384,27,7663,63,5962,31,13625,California
Amador,2021-03-28,68,19259,15,4983,51,13890,2,386,14,7625,54,6016,16,13641,California
Amador,2021-03-29,184,19443,27,5010,156,14046,1,387,82,7612,100,6116,87,13728,California
Amador,2021-03-30,536,19979,26,5036,509,14555,1,388,301,7680,234,6350,302,14030,California
Amador,2021-03-31,211,20190,59,5095,147,14702,5,393,48,7570,163,6513,53,14083,California
Amador,2021-04-01,613,20803,85,5180,528,15230,0,393,268,7497,343,6856,270,14353,California
Amador,2021-04-02,608,21411,32,5212,564,15794,12,405,384,7672,222,7078,397,14750,California
Amador,2021-04-03,82,21493,19,5231,43,15837,20,425,21,7655,59,7137,42,14792,California
Amador,2021-04-04,38,21531,2,5233,30,15867,6,431,16,7655,22,7159,22,14814,California
Amador,2021-04-05,141,21672,44,5277,80,15947,17,448,44,7621,96,7255,62,14876,California
Amador,2021-04-06,505,22177,37,5314,449,16396,19,467,224,7585,279,7534,243,15119,California
Amador,2021-04-07,103,22280,33,5347,51,16447,19,486,45,7594,55,7589,64,15183,California
Amador,2021-04-08,458,22738,41,5388,396,16843,21,507,197,7552,261,7850,219,15402,California
Amador,2021-04-09,475,23213,19,5407,443,17286,13,520,215,7519,260,8110,227,15629,California
Amador,2021-04-10,48,23261,14,5421,24,17310,10,530,13,7518,23,8133,22,15651,California
Amador,2021-04-11,45,23306,22,5443,20,17330,3,533,4,7506,19,8152,7,15658,California
Amador,2021-04-12,49,23355,14,5457,29,17359,6,539,0,7506,0,8152,0,15658,California
Butte,2020-12-16,3,3,3,3,0,0,0,0,3,3,0,0,3,3,California
Butte,2020-12-17,21,24,21,24,0,0,0,0,21,24,0,0,21,24,California
Butte,2020-12-18,50,74,50,74,0,0,0,0,50,74,0,0,50,74,California
Butte,2020-12-19,7,81,7,81,0,0,0,0,7,81,0,0,7,81,California
Butte,2020-12-20,10,91,10,91,0,0,0,0,10,91,0,0,10,91,California
Butte,2020-12-21,634,725,634,725,0,0,0,0,634,725,0,0,634,725,California
Butte,2020-12-22,618,1343,616,1341,2,2,0,0,618,1343,0,0,618,1343,California
Butte,2020-12-23,870,2213,854,2195,16,18,0,0,870,2213,0,0,870,2213,California
Butte,2020-12-24,160,2373,157,2352,3,21,0,0,160,2373,0,0,160,2373,California
Butte,2020-12-26,93,2466,91,2443,2,23,0,0,93,2466,0,0,93,2466,California
Butte,2020-12-27,35,2501,34,2477,1,24,0,0,35,2501,0,0,35,2501,California
Butte,2020-12-28,279,2780,273,2750,6,30,0,0,279,2780,0,0,279,2780,California
Butte,2020-12-29,206,2986,182,2932,24,54,0,0,206,2986,0,0,206,2986,California
Butte,2020-12-30,501,3487,290,3222,211,265,0,0,501,3487,0,0,501,3487,California
Butte,2020-12-31,212,3699,18,3240,194,459,0,0,212,3699,0,0,212,3699,California
Butte,2021-01-01,8,3707,1,3241,7,466,0,0,8,3707,0,0,8,3707,California
Butte,2021-01-02,37,3744,36,3277,1,467,0,0,37,3744,0,0,37,3744,California
Butte,2021-01-03,4,3748,1,3278,3,470,0,0,4,3748,0,0,4,3748,California
Butte,2021-01-04,208,3956,174,3452,34,504,0,0,208,3956,0,0,208,3956,California
Butte,2021-01-05,194,4150,150,3602,44,548,0,0,193,4148,1,1,193,4149,California
Butte,2021-01-06,623,4773,396,3998,227,775,0,0,618,4762,5,6,619,4768,California
Butte,2021-01-07,759,5532,369,4367,390,1165,0,0,739,5481,20,26,739,5507,California
Butte,2021-01-08,570,6102,529,4896,41,1206,0,0,524,5959,46,72,524,6031,California
Butte,2021-01-09,12,6114,7,4903,5,1211,0,0,7,5961,5,77,7,6038,California
Butte,2021-01-10,19,6133,5,4908,14,1225,0,0,14,5970,5,82,14,6052,California
Butte,2021-01-11,987,7120,951,5859,36,1261,0,0,358,5702,629,711,361,6413,California
Butte,2021-01-12,696,7816,651,6510,45,1306,0,0,273,5552,423,1134,273,6686,California
Butte,2021-01-13,1451,9267,956,7466,495,1801,0,0,616,5335,835,1969,618,7304,California
Butte,2021-01-14,1637,10904,896,8362,741,2542,0,0,1440,6579,196,2165,1440,8744,California
Butte,2021-01-15,1170,12074,926,9288,244,2786,0,0,1060,7528,111,2276,1060,9804,California
Butte,2021-01-16,585,12659,300,9588,285,3071,0,0,540,8023,45,2321,540,10344,California
Butte,2021-01-17,239,12898,64,9652,175,3246,0,0,202,8188,37,2358,202,10546,California
Butte,2021-01-18,343,13241,303,9955,40,3286,0,0,274,8394,68,2426,274,10820,California
Butte,2021-01-19,491,13732,428,10383,63,3349,0,0,217,8337,274,2700,217,11037,California
Butte,2021-01-20,1346,15078,664,11047,682,4031,0,0,1045,9081,301,3001,1045,12082,California
Butte,2021-01-21,1473,16551,865,11912,608,4639,0,0,1367,10343,105,3106,1367,13449,California
Butte,2021-01-22,991,17542,333,12245,658,5297,0,0,938,11228,53,3159,938,14387,California
Butte,2021-01-23,125,17667,82,12327,43,5340,0,0,100,11303,25,3184,100,14487,California
Butte,2021-01-24,8,17675,6,12333,2,5342,0,0,8,11311,0,3184,8,14495,California
Butte,2021-01-25,651,18326,335,12668,316,5658,0,0,488,11636,163,3347,488,14983,California
Butte,2021-01-26,1462,19788,376,13044,1086,6744,0,0,1324,12824,136,3483,1324,16307,California
Butte,2021-01-27,2079,21867,705,13749,1374,8118,0,0,1363,13472,715,4198,1363,17670,California
Butte,2021-01-28,2258,24125,258,14007,2000,10118,0,0,1948,15111,309,4507,1948,19618,California
Butte,2021-01-29,1673,25798,487,14494,1186,11304,0,0,1294,16027,378,4885,1294,20912,California
Butte,2021-01-30,31,25829,9,14503,22,11326,0,0,28,16052,3,4888,28,20940,California
Butte,2021-01-31,17,25846,15,14518,2,11328,0,0,16,16067,1,4889,16,20956,California
Butte,2021-02-01,1745,27591,406,14924,1339,12667,0,0,1358,17040,385,5274,1358,22314,California
Butte,2021-02-02,1931,29522,362,15286,1569,14236,0,0,1627,18362,305,5579,1627,23941,California
Butte,2021-02-03,2733,32255,772,16058,1961,16197,0,0,1844,19319,887,6466,1844,25785,California
Butte,2021-02-04,2955,35210,325,16383,2630,18827,0,0,2400,21166,553,7019,2400,28185,California
Butte,2021-02-05,1164,36374,661,17044,503,19330,0,0,536,21075,628,7647,537,28722,California
Butte,2021-02-06,144,36518,102,17146,42,19372,0,0,62,21055,82,7729,62,28784,California
Butte,2021-02-07,38,36556,34,17180,4,19376,0,0,14,21045,24,7753,14,28798,California
Butte,2021-02-08,688,37244,539,17719,149,19525,0,0,239,20833,451,8204,239,29037,California
Butte,2021-02-09,948,38192,455,18174,493,20018,0,0,722,21329,226,8430,722,29759,California
Butte,2021-02-10,1706,39898,1189,19363,517,20535,0,0,697,21018,1008,9438,697,30456,California
Butte,2021-02-11,2197,42095,1347,20710,850,21385,0,0,1003,20827,1194,10632,1003,31459,California
Butte,2021-02-12,864,42959,299,21009,565,21950,0,0,317,20598,546,11178,317,31776,California
Butte,2021-02-13,250,43209,45,21054,205,22155,0,0,148,20644,102,11280,148,31924,California
Butte,2021-02-14,160,43369,9,21063,151,22306,0,0,155,20794,5,11285,155,32079,California
Butte,2021-02-15,260,43629,47,21110,213,22519,0,0,199,20931,62,11347,199,32278,California
Butte,2021-02-16,731,44360,428,21538,303,22822,0,0,274,20748,457,11804,274,32552,California
Butte,2021-02-17,1513,45873,846,22384,667,23489,0,0,840,20917,671,12475,840,33392,California
Butte,2021-02-18,1550,47423,759,23143,791,24280,0,0,745,20857,805,13280,745,34137,California
Butte,2021-02-19,1164,48587,387,23530,777,25057,0,0,400,20498,759,14039,400,34537,California
Butte,2021-02-20,473,49060,28,23558,445,25502,0,0,120,20266,352,14391,120,34657,California
Butte,2021-02-21,15,49075,13,23571,2,25504,0,0,11,20273,4,14395,11,34668,California
Butte,2021-02-22,1492,50567,296,23867,1196,26700,0,0,385,19552,1106,15501,385,35053,California
Butte,2021-02-23,1632,52199,298,24165,1334,28034,0,0,462,18849,1165,16666,462,35515,California
Butte,2021-02-24,2129,54328,596,24761,1533,29567,0,0,729,18187,1391,18057,729,36244,California
Butte,2021-02-25,2074,56402,577,25338,1497,31064,0,0,656,17429,1415,19472,657,36901,California
Butte,2021-02-26,920,57322,311,25649,609,31673,0,0,399,17310,518,19990,399,37300,California
Butte,2021-02-27,233,57555,47,25696,186,31859,0,0,186,17451,45,20035,186,37486,California
Butte,2021-02-28,140,57695,17,25713,123,31982,0,0,133,17575,9,20044,133,37619,California
Butte,2021-03-01,1619,59314,176,25889,1442,33424,1,1,327,16611,1292,21336,328,37947,California
Butte,2021-03-02,1731,61045,191,26080,1540,34964,0,1,302,15487,1426,22762,302,38249,California
Butte,2021-03-03,2757,63802,832,26912,1925,36889,0,1,471,13675,2283,25045,471,38720,California
Butte,2021-03-04,3115,66917,657,27569,2458,39347,0,1,609,11778,2506,27551,609,39329,California
Butte,2021-03-05,1324,68241,601,28170,722,40069,1,2,719,11896,602,28153,720,40049,California
Butte,2021-03-06,244,68485,27,28197,194,40263,23,25,184,12044,59,28212,207,40256,California
Butte,2021-03-07,56,68541,3,28200,36,40299,17,42,30,12065,26,28238,47,40303,California
Butte,2021-03-08,1262,69803,127,28327,1058,41357,77,119,1099,13080,161,28399,1176,41479,California
Butte,2021-03-09,1892,71695,276,28603,1513,42870,103,222,1408,14108,483,28882,1511,42990,California
Butte,2021-03-10,2317,74012,965,29568,1252,44122,100,322,1581,15057,731,29613,1680,44670,California
Butte,2021-03-11,2797,76809,1308,30876,1365,45487,124,446,1977,16348,810,30423,2101,46771,California
Butte,2021-03-12,1127,77936,323,31199,458,45945,346,792,354,16281,767,31190,700,47471,California
Butte,2021-03-13,242,78178,69,31268,126,46071,47,839,63,16212,179,31369,110,47581,California
Butte,2021-03-14,159,78337,15,31283,102,46173,42,881,21,16138,137,31506,63,47644,California
Butte,2021-03-15,1714,80051,359,31642,1061,47234,294,1175,1125,16968,588,32094,1418,49062,California
Butte,2021-03-16,1627,81678,415,32057,1134,48368,78,1253,1084,17590,539,32633,1161,50223,California
Butte,2021-03-17,1939,83617,1351,33408,507,48875,81,1334,1121,17980,811,33444,1201,51424,California
Butte,2021-03-18,1795,85412,1451,34859,213,49088,131,1465,1051,18422,739,34183,1181,52605,California
Butte,2021-03-19,692,86104,311,35170,297,49385,84,1549,341,18503,344,34527,425,53030,California
Butte,2021-03-20,205,86309,33,35203,156,49541,16,1565,94,18502,111,34638,110,53140,California
Butte,2021-03-21,57,86366,25,35228,3,49544,29,1594,15,18504,42,34680,44,53184,California
Butte,2021-03-22,1458,87824,352,35580,1012,50556,94,1688,1194,19531,261,34941,1288,54472,California
Butte,2021-03-23,1794,89618,487,36067,1193,51749,114,1802,1453,20758,340,35281,1567,56039,California
Butte,2021-03-24,2236,91854,1255,37322,855,52604,126,1928,1693,22038,538,35819,1818,57857,California
Butte,2021-03-25,1457,93311,1178,38500,190,52794,89,2017,997,22667,457,36276,1086,58943,California
Butte,2021-03-26,1198,94509,434,38934,518,53312,246,2263,559,22840,632,36908,805,59748,California
Butte,2021-03-27,300,94809,84,39018,192,53504,24,2287,133,22832,164,37072,156,59904,California
Butte,2021-03-28,223,95032,43,39061,172,53676,8,2295,99,22817,121,37193,106,60010,California
Butte,2021-03-29,1718,96750,379,39440,1269,54945,70,2365,1307,23786,408,37601,1377,61387,California
Butte,2021-03-30,1030,97780,465,39905,473,55418,92,2457,492,23836,534,38135,584,61971,California
Butte,2021-03-31,1771,99551,1300,41205,405,55823,66,2523,1091,24318,675,38810,1157,63128,California
Butte,2021-04-01,3269,102820,2654,43859,488,56311,127,2650,2203,25588,1061,39871,2331,65459,California
Butte,2021-04-02,994,103814,413,44272,463,56774,118,2768,566,25852,419,40290,683,66142,California
Butte,2021-04-03,342,104156,46,44318,222,56996,74,2842,164,25912,178,40468,238,66380,California
Butte,2021-04-04,185,104341,22,44340,140,57136,23,2865,108,25967,76,40544,131,66511,California
Butte,2021-04-05,1937,106278,412,44752,1368,58504,157,3022,600,25392,1331,41875,756,67267,California
Butte,2021-04-06,2151,108429,607,45359,1139,59643,405,3427,772,25195,1370,43245,1173,68440,California
Butte,2021-04-07,2932,111361,1260,46619,1295,60938,377,3804,651,23947,2276,45521,1028,69468,California
Butte,2021-04-08,2658,114019,1162,47781,1241,62179,255,4059,400,22352,2249,47770,654,70122,California
Butte,2021-04-09,961,114980,304,48085,433,62612,224,4283,267,22155,661,48431,464,70586,California
Butte,2021-04-10,171,115151,42,48127,45,62657,84,4367,68,22205,101,48532,151,70737,California
Butte,2021-04-11,80,115231,38,48165,35,62692,7,4374,8,22209,9,48541,13,70750,California
Butte,2021-04-12,348,115579,194,48359,96,62788,58,4432,0,22209,0,48541,0,70750,California
Calaveras,2020-12-16,5,5,5,5,0,0,0,0,5,5,0,0,5,5,California
Calaveras,2020-12-17,3,8,3,8,0,0,0,0,3,8,0,0,3,8,California
Calaveras,2020-12-18,38,46,38,46,0,0,0,0,38,46,0,0,38,46,California
Calaveras,2020-12-19,3,49,3,49,0,0,0,0,3,49,0,0,3,49,California
Calaveras,2020-12-20,3,52,3,52,0,0,0,0,3,52,0,0,3,52,California
Calaveras,2020-12-21,55,107,48,100,7,7,0,0,55,107,0,0,55,107,California
Calaveras,2020-12-22,80,187,76,176,4,11,0,0,81,188,0,0,81,188,California
Calaveras,2020-12-23,76,263,74,250,2,13,0,0,85,273,0,0,85,273,California
Calaveras,2020-12-24,2,265,2,252,0,13,0,0,2,275,0,0,2,275,California
Calaveras,2020-12-26,3,268,3,255,0,13,0,0,3,278,0,0,3,278,California
Calaveras,2020-12-28,22,290,18,273,4,17,0,0,21,298,1,1,21,299,California
Calaveras,2020-12-29,166,456,147,420,19,36,0,0,166,464,0,1,166,465,California
Calaveras,2020-12-30,94,550,82,502,12,48,0,0,94,558,0,1,94,559,California
Calaveras,2020-12-31,35,585,25,527,10,58,0,0,35,593,0,1,35,594,California
Calaveras,2021-01-02,11,596,11,538,0,58,0,0,11,604,0,1,11,605,California
Calaveras,2021-01-03,8,604,3,541,5,63,0,0,8,612,0,1,8,613,California
Calaveras,2021-01-04,33,637,5,546,28,91,0,0,33,645,0,1,33,646,California
Calaveras,2021-01-05,41,678,10,556,31,122,0,0,35,677,8,9,40,686,California
Calaveras,2021-01-06,109,787,30,586,79,201,0,0,99,766,10,19,99,785,California
Calaveras,2021-01-07,106,893,27,613,79,280,0,0,94,850,11,30,95,880,California
Calaveras,2021-01-08,69,962,38,651,31,311,0,0,46,874,23,53,47,927,California
Calaveras,2021-01-09,5,967,5,656,0,311,0,0,2,873,3,56,2,929,California
Calaveras,2021-01-10,2,969,0,656,2,313,0,0,2,875,0,56,2,931,California
Calaveras,2021-01-11,65,1034,59,715,6,319,0,0,28,868,36,92,29,960,California
Calaveras,2021-01-12,86,1120,53,768,33,352,0,0,54,890,32,124,54,1014,California
Calaveras,2021-01-13,107,1227,43,811,64,416,0,0,74,932,33,157,75,1089,California
Calaveras,2021-01-14,135,1362,40,851,95,511,0,0,102,1002,32,189,102,1191,California
Calaveras,2021-01-15,113,1475,51,902,62,573,0,0,87,1063,26,215,87,1278,California
Calaveras,2021-01-16,12,1487,2,904,10,583,0,0,11,1073,1,216,11,1289,California
Calaveras,2021-01-17,10,1497,1,905,9,592,0,0,10,1083,0,216,10,1299,California
Calaveras,2021-01-18,132,1629,20,925,112,704,0,0,119,1192,13,229,122,1421,California
Calaveras,2021-01-19,202,1831,172,1097,30,734,0,0,62,1116,138,367,62,1483,California
Calaveras,2021-01-20,392,2223,79,1176,313,1047,0,0,308,1349,83,450,316,1799,California
Calaveras,2021-01-21,462,2685,39,1215,423,1470,0,0,435,1763,27,477,441,2240,California
Calaveras,2021-01-22,430,3115,22,1237,408,1878,0,0,420,2180,10,487,427,2667,California
Calaveras,2021-01-23,22,3137,10,1247,12,1890,0,0,18,2194,4,491,18,2685,California
Calaveras,2021-01-24,14,3151,8,1255,6,1896,0,0,12,2204,2,493,12,2697,California
Calaveras,2021-01-25,121,3272,7,1262,114,2010,0,0,116,2315,5,498,116,2813,California
Calaveras,2021-01-26,49,3321,18,1280,31,2041,0,0,38,2342,11,509,38,2851,California
Calaveras,2021-01-27,161,3482,44,1324,117,2158,0,0,134,2450,26,535,134,2985,California
Calaveras,2021-01-28,164,3646,22,1346,142,2300,0,0,140,2569,24,559,143,3128,California
Calaveras,2021-01-29,441,4087,33,1379,408,2708,0,0,421,2977,20,579,428,3556,California
Calaveras,2021-01-30,28,4115,10,1389,18,2726,0,0,26,3003,0,579,26,3582,California
Calaveras,2021-01-31,4,4119,2,1391,2,2728,0,0,3,3005,1,580,3,3585,California
Calaveras,2021-02-01,53,4172,41,1432,12,2740,0,0,34,3020,19,599,34,3619,California
Calaveras,2021-02-02,110,4282,24,1456,86,2826,0,0,72,3059,34,633,73,3692,California
Calaveras,2021-02-03,440,4722,44,1500,396,3222,0,0,356,3333,83,716,357,4049,California
Calaveras,2021-02-04,376,5098,23,1523,353,3575,0,0,295,3547,81,797,295,4344,California
Calaveras,2021-02-05,80,5178,23,1546,57,3632,0,0,41,3550,39,836,42,4386,California
Calaveras,2021-02-06,22,5200,13,1559,9,3641,0,0,22,3572,0,836,22,4408,California
Calaveras,2021-02-07,4,5204,1,1560,3,3644,0,0,2,3572,2,838,2,4410,California
Calaveras,2021-02-08,39,5243,18,1578,21,3665,0,0,31,3597,6,844,31,4441,California
Calaveras,2021-02-09,208,5451,92,1670,116,3781,0,0,147,3688,56,900,147,4588,California
Calaveras,2021-02-10,506,5957,28,1698,478,4259,0,0,440,4063,66,966,441,5029,California
Calaveras,2021-02-11,578,6535,75,1773,503,4762,0,0,471,4430,105,1071,472,5501,California
Calaveras,2021-02-12,565,7100,323,2096,242,5004,0,0,492,4851,72,1143,493,5994,California
Calaveras,2021-02-13,192,7292,37,2133,155,5159,0,0,177,5013,15,1158,177,6171,California
Calaveras,2021-02-14,215,7507,71,2204,144,5303,0,0,202,5201,14,1172,202,6373,California
Calaveras,2021-02-15,378,7885,21,2225,357,5660,0,0,261,5348,114,1286,261,6634,California
Calaveras,2021-02-16,299,8184,173,2398,126,5786,0,0,242,5533,57,1343,242,6876,California
Calaveras,2021-02-17,524,8708,35,2433,489,6275,0,0,210,5437,307,1650,211,7087,California
Calaveras,2021-02-18,496,9204,89,2522,407,6682,0,0,98,5146,389,2039,98,7185,California
Calaveras,2021-02-19,437,9641,43,2565,394,7076,0,0,96,4910,332,2371,96,7281,California
Calaveras,2021-02-20,58,9699,14,2579,44,7120,0,0,47,4946,11,2382,47,7328,California
Calaveras,2021-02-21,20,9719,12,2591,8,7128,0,0,18,4962,2,2384,18,7346,California
Calaveras,2021-02-22,64,9783,40,2631,24,7152,0,0,34,4966,30,2414,34,7380,California
Calaveras,2021-02-23,150,9933,68,2699,82,7234,0,0,101,5019,49,2463,102,7482,California
Calaveras,2021-02-24,96,10029,46,2745,50,7284,0,0,66,5055,30,2493,66,7548,California
Calaveras,2021-02-25,550,10579,97,2842,453,7737,0,0,360,5228,187,2680,360,7908,California
Calaveras,2021-02-26,699,11278,45,2887,654,8391,0,0,372,5290,312,2992,374,8282,California
Calaveras,2021-02-27,202,11480,21,2908,181,8572,0,0,178,5444,24,3016,178,8460,California
Calaveras,2021-02-28,95,11575,15,2923,80,8652,0,0,91,5531,4,3020,91,8551,California
Calaveras,2021-03-01,274,11849,59,2982,215,8867,0,0,147,5553,126,3146,148,8699,California
Calaveras,2021-03-02,240,12089,90,3072,150,9017,0,0,200,5715,39,3185,201,8900,California
Calaveras,2021-03-03,499,12588,101,3173,398,9415,0,0,206,5630,291,3476,206,9106,California
Calaveras,2021-03-04,758,13346,59,3232,698,10113,1,1,344,5566,410,3886,346,9452,California
Calaveras,2021-03-05,457,13803,269,3501,183,10296,5,6,143,5402,312,4198,148,9600,California
Calaveras,2021-03-06,155,13958,43,3544,106,10402,6,12,121,5495,34,4232,127,9727,California
Calaveras,2021-03-07,76,14034,32,3576,36,10438,8,20,34,5496,42,4274,43,9770,California
Calaveras,2021-03-08,157,14191,25,3601,125,10563,7,27,124,5595,32,4306,131,9901,California
Calaveras,2021-03-09,374,14565,150,3751,218,10781,6,33,38,5306,333,4639,44,9945,California
Calaveras,2021-03-10,412,14977,24,3775,385,11166,3,36,54,5007,356,4995,57,10002,California
Calaveras,2021-03-11,838,15815,411,4186,414,11580,13,49,424,5032,412,5407,437,10439,California
Calaveras,2021-03-12,384,16199,210,4396,164,11744,10,59,318,5297,66,5473,331,10770,California
Calaveras,2021-03-13,164,16363,16,4412,140,11884,8,67,133,5409,31,5504,143,10913,California
Calaveras,2021-03-14,151,16514,10,4422,140,12024,1,68,18,5302,133,5637,26,10939,California
Calaveras,2021-03-15,328,16842,47,4469,255,12279,26,94,51,5106,277,5914,81,11020,California
Calaveras,2021-03-16,707,17549,570,5039,117,12396,20,114,553,5526,153,6067,573,11593,California
Calaveras,2021-03-17,275,17824,51,5090,211,12607,13,127,49,5364,224,6291,62,11655,California
Calaveras,2021-03-18,663,18487,568,5658,80,12687,15,142,547,5811,116,6407,563,12218,California
Calaveras,2021-03-19,228,18715,47,5705,108,12795,73,215,55,5769,170,6577,128,12346,California
Calaveras,2021-03-20,81,18796,21,5726,59,12854,1,216,26,5742,55,6632,28,12374,California
Calaveras,2021-03-21,48,18844,31,5757,6,12860,11,227,13,5731,35,6667,24,12398,California
Calaveras,2021-03-22,79,18923,36,5793,22,12882,21,248,27,5727,52,6719,48,12446,California
Calaveras,2021-03-23,302,19225,218,6011,74,12956,10,258,124,5689,172,6891,134,12580,California
Calaveras,2021-03-24,132,19357,49,6060,73,13029,10,268,47,5661,85,6976,57,12637,California
Calaveras,2021-03-25,735,20092,100,6160,632,13661,3,271,444,5820,288,7264,447,13084,California
Calaveras,2021-03-26,422,20514,25,6185,391,14052,6,277,88,5584,332,7596,96,13180,California
Calaveras,2021-03-27,210,20724,18,6203,188,14240,4,281,37,5458,170,7766,44,13224,California
Calaveras,2021-03-28,108,20832,11,6214,95,14335,2,283,8,5370,99,7865,11,13235,California
Calaveras,2021-03-29,175,21007,22,6236,151,14486,2,285,59,5318,115,7980,63,13298,California
Calaveras,2021-03-30,528,21535,31,6267,481,14967,16,301,365,5537,163,8143,382,13680,California
Calaveras,2021-03-31,324,21859,144,6411,170,15137,10,311,162,5548,161,8304,172,13852,California
Calaveras,2021-04-01,675,22534,437,6848,237,15374,1,312,188,5253,486,8790,191,14043,California
Calaveras,2021-04-02,392,22926,230,7078,154,15528,8,320,115,5102,275,9065,124,14167,California
Calaveras,2021-04-03,140,23066,29,7107,107,15635,4,324,38,5042,102,9167,42,14209,California
Calaveras,2021-04-04,78,23144,25,7132,53,15688,0,324,50,5064,28,9195,50,14259,California
Calaveras,2021-04-05,215,23359,88,7220,119,15807,8,332,99,5057,114,9309,107,14366,California
Calaveras,2021-04-06,635,23994,563,7783,60,15867,12,344,93,4625,537,9846,105,14471,California
Calaveras,2021-04-07,742,24736,647,8430,62,15929,33,377,609,5139,129,9975,643,15114,California
Calaveras,2021-04-08,911,25647,827,9257,64,15993,20,397,415,5086,490,10465,437,15551,California
Calaveras,2021-04-09,127,25774,40,9297,46,16039,41,438,42,5086,83,10548,83,15634,California
Calaveras,2021-04-10,179,25953,34,9331,130,16169,15,453,33,5101,34,10582,49,15683,California
Calaveras,2021-04-11,64,26017,40,9371,23,16192,1,454,9,5103,7,10589,9,15692,California
Calaveras,2021-04-12,40,26057,12,9383,16,16208,12,466,0,5103,0,10589,0,15692,California
Colusa,2020-12-18,1,1,1,1,0,0,0,0,1,1,0,0,1,1,California
Colusa,2020-12-21,2,3,2,3,0,0,0,0,2,3,0,0,2,3,California
Colusa,2020-12-22,10,13,10,13,0,0,0,0,10,13,0,0,10,13,California
Colusa,2020-12-23,10,23,10,23,0,0,0,0,10,23,0,0,10,23,California
Colusa,2020-12-24,2,25,1,24,1,1,0,0,2,25,0,0,2,25,California
Colusa,2020-12-27,1,26,1,25,0,1,0,0,1,26,0,0,1,26,California
Colusa,2020-12-28,7,33,3,28,4,5,0,0,7,33,0,0,7,33,California
Colusa,2020-12-29,10,43,7,35,3,8,0,0,10,43,0,0,10,43,California
Colusa,2020-12-30,50,93,13,48,37,45,0,0,50,93,0,0,50,93,California
Colusa,2020-12-31,18,111,1,49,17,62,0,0,18,111,0,0,18,111,California
Colusa,2021-01-04,4,115,0,49,4,66,0,0,4,115,0,0,4,115,California
Colusa,2021-01-05,67,182,1,50,66,132,0,0,67,182,0,0,67,182,California
Colusa,2021-01-06,15,197,9,59,6,138,0,0,15,197,0,0,15,197,California
Colusa,2021-01-07,38,235,4,63,34,172,0,0,37,233,1,1,37,234,California
Colusa,2021-01-08,9,244,7,70,2,174,0,0,8,240,1,2,8,242,California
Colusa,2021-01-09,2,246,1,71,1,175,0,0,2,242,0,2,2,244,California
Colusa,2021-01-10,1,247,0,71,1,176,0,0,1,243,0,2,1,245,California
Colusa,2021-01-11,12,259,6,77,6,182,0,0,7,245,5,7,7,252,California
Colusa,2021-01-12,11,270,9,86,2,184,0,0,6,246,5,12,6,258,California
Colusa,2021-01-13,21,291,13,99,8,192,0,0,13,251,8,20,13,271,California
Colusa,2021-01-14,35,326,28,127,7,199,0,0,33,282,2,22,33,304,California
Colusa,2021-01-15,41,367,5,132,36,235,0,0,39,319,2,24,39,343,California
Colusa,2021-01-16,12,379,1,133,11,246,0,0,11,329,1,25,11,354,California
Colusa,2021-01-17,3,382,2,135,1,247,0,0,2,330,1,26,2,356,California
Colusa,2021-01-18,4,386,0,135,4,251,0,0,4,334,0,26,4,360,California
Colusa,2021-01-19,9,395,8,143,1,252,0,0,5,335,4,30,5,365,California
Colusa,2021-01-20,115,510,101,244,14,266,0,0,102,424,13,43,102,467,California
Colusa,2021-01-21,56,566,41,285,15,281,0,0,55,478,1,44,55,522,California
Colusa,2021-01-22,40,606,17,302,23,304,0,0,35,508,5,49,35,557,California
Colusa,2021-01-23,35,641,6,308,29,333,0,0,35,543,0,49,35,592,California
Colusa,2021-01-25,7,648,0,308,7,340,0,0,7,550,0,49,7,599,California
Colusa,2021-01-26,8,656,5,313,3,343,0,0,5,552,3,52,5,604,California
Colusa,2021-01-27,107,763,31,344,76,419,0,0,105,655,2,54,105,709,California
Colusa,2021-01-28,78,841,45,389,33,452,0,0,72,721,6,60,72,781,California
Colusa,2021-01-29,40,881,7,396,33,485,0,0,39,759,1,61,39,820,California
Colusa,2021-01-30,27,908,4,400,23,508,0,0,27,786,0,61,27,847,California
Colusa,2021-01-31,7,915,7,407,0,508,0,0,7,793,0,61,7,854,California
Colusa,2021-02-01,27,942,10,417,17,525,0,0,22,810,5,66,22,876,California
Colusa,2021-02-02,42,984,8,425,34,559,0,0,36,840,6,72,36,912,California
Colusa,2021-02-03,69,1053,10,435,59,618,0,0,59,889,10,82,59,971,California
Colusa,2021-02-04,143,1196,81,516,62,680,0,0,115,976,28,110,115,1086,California
Colusa,2021-02-05,32,1228,8,524,24,704,0,0,29,1002,3,113,29,1115,California
Colusa,2021-02-06,284,1512,8,532,276,980,0,0,273,1264,11,124,273,1388,California
Colusa,2021-02-07,2,1514,1,533,1,981,0,0,0,1262,2,126,0,1388,California
Colusa,2021-02-08,40,1554,5,538,35,1016,0,0,37,1296,3,129,37,1425,California
Colusa,2021-02-09,231,1785,14,552,217,1233,0,0,176,1417,55,184,176,1601,California
Colusa,2021-02-10,116,1901,41,593,75,1308,0,0,73,1447,43,227,73,1674,California
Colusa,2021-02-11,97,1998,36,629,61,1369,0,0,72,1494,25,252,72,1746,California
Colusa,2021-02-12,118,2116,9,638,109,1478,0,0,80,1535,39,291,80,1826,California
Colusa,2021-02-13,60,2176,8,646,52,1530,0,0,52,1579,8,299,52,1878,California
Colusa,2021-02-14,20,2196,8,654,12,1542,0,0,14,1587,6,305,14,1892,California
Colusa,2021-02-15,45,2241,10,664,35,1577,0,0,38,1618,7,312,38,1930,California
Colusa,2021-02-16,67,2308,4,668,63,1640,0,0,66,1683,1,313,66,1996,California
Colusa,2021-02-17,206,2514,143,811,63,1703,0,0,60,1597,146,459,60,2056,California
Colusa,2021-02-18,135,2649,35,846,100,1803,0,0,112,1686,23,482,112,2168,California
Colusa,2021-02-19,155,2804,19,865,136,1939,0,0,129,1789,26,508,129,2297,California
Colusa,2021-02-20,28,2832,6,871,22,1961,0,0,12,1785,16,524,12,2309,California
Colusa,2021-02-21,1,2833,1,872,0,1961,0,0,0,1784,1,525,0,2309,California
Colusa,2021-02-22,43,2876,26,898,17,1978,0,0,29,1799,14,539,29,2338,California
Colusa,2021-02-23,21,2897,5,903,16,1994,0,0,17,1812,4,543,17,2355,California
Colusa,2021-02-24,300,3197,54,957,246,2240,0,0,158,1828,142,685,158,2513,California
Colusa,2021-02-25,100,3297,54,1011,46,2286,0,0,65,1858,35,720,65,2578,California
Colusa,2021-02-26,96,3393,12,1023,84,2370,0,0,58,1878,38,758,58,2636,California
Colusa,2021-02-27,55,3448,4,1027,51,2421,0,0,40,1903,15,773,40,2676,California
Colusa,2021-02-28,25,3473,13,1040,12,2433,0,0,17,1911,9,782,17,2693,California
Colusa,2021-03-01,46,3519,15,1055,31,2464,0,0,29,1923,17,799,29,2722,California
Colusa,2021-03-02,47,3566,13,1068,34,2498,0,0,24,1924,23,822,24,2746,California
Colusa,2021-03-03,237,3803,38,1106,199,2697,0,0,180,2047,57,879,180,2926,California
Colusa,2021-03-04,136,3939,58,1164,78,2775,0,0,80,2071,56,935,80,3006,California
Colusa,2021-03-05,97,4036,24,1188,64,2839,9,9,52,2087,45,980,61,3067,California
Colusa,2021-03-06,274,4310,9,1197,265,3104,0,9,37,1887,237,1217,37,3104,California
Colusa,2021-03-07,8,4318,5,1202,3,3107,0,9,6,1891,2,1219,6,3110,California
Colusa,2021-03-08,88,4406,20,1222,33,3140,35,44,44,1926,44,1263,79,3189,California
Colusa,2021-03-09,272,4678,70,1292,179,3319,23,67,83,1843,189,1452,106,3295,California
Colusa,2021-03-10,287,4965,35,1327,216,3535,36,103,200,1993,86,1538,236,3531,California
Colusa,2021-03-11,414,5379,58,1385,335,3870,21,124,332,2263,82,1620,352,3883,California
Colusa,2021-03-12,106,5485,18,1403,75,3945,13,137,20,2210,86,1706,33,3916,California
Colusa,2021-03-13,59,5544,15,1418,35,3980,9,146,17,2194,42,1748,26,3942,California
Colusa,2021-03-14,21,5565,0,1418,19,3999,2,148,7,2190,13,1761,9,3951,California
Colusa,2021-03-15,68,5633,26,1444,34,4033,8,156,13,2156,55,1816,21,3972,California
Colusa,2021-03-16,273,5906,14,1458,213,4246,46,202,166,2261,107,1923,212,4184,California
Colusa,2021-03-17,188,6094,48,1506,140,4386,0,202,88,2266,83,2006,88,4272,California
Colusa,2021-03-18,319,6413,33,1539,215,4601,71,273,196,2410,123,2129,267,4539,California
Colusa,2021-03-19,74,6487,17,1556,55,4656,2,275,51,2440,23,2152,53,4592,California
Colusa,2021-03-20,48,6535,7,1563,40,4696,1,276,35,2463,13,2165,36,4628,California
Colusa,2021-03-21,6,6541,4,1567,2,4698,0,276,4,2465,2,2167,4,4632,California
Colusa,2021-03-22,63,6604,10,1577,44,4742,9,285,41,2493,22,2189,50,4682,California
Colusa,2021-03-23,80,6684,16,1593,62,4804,2,287,53,2521,27,2216,55,4737,California
Colusa,2021-03-24,334,7018,56,1649,272,5076,6,293,69,2330,265,2481,74,4811,California
Colusa,2021-03-25,107,7125,59,1708,43,5119,5,298,50,2328,57,2538,55,4866,California
Colusa,2021-03-26,298,7423,47,1755,247,5366,4,302,245,2524,53,2591,249,5115,California
Colusa,2021-03-27,62,7485,5,1760,57,5423,0,302,24,2510,38,2629,24,5139,California
Colusa,2021-03-28,15,7500,6,1766,9,5432,0,302,7,2509,8,2637,7,5146,California
Colusa,2021-03-29,68,7568,19,1785,44,5476,5,307,30,2506,38,2675,35,5181,California
Colusa,2021-03-30,145,7713,77,1862,66,5542,2,309,76,2515,69,2744,78,5259,California
Colusa,2021-03-31,226,7939,35,1897,191,5733,0,309,72,2434,153,2897,72,5331,California
Colusa,2021-04-01,421,8360,64,1961,302,6035,55,364,300,2669,120,3017,355,5686,California
Colusa,2021-04-02,81,8441,14,1975,54,6089,13,377,40,2681,41,3058,53,5739,California
Colusa,2021-04-03,61,8502,9,1984,29,6118,23,400,14,2671,47,3105,37,5776,California
Colusa,2021-04-04,18,8520,0,1984,8,6126,10,410,3,2669,15,3120,13,5789,California
Colusa,2021-04-05,97,8617,25,2009,57,6183,15,425,40,2667,57,3177,55,5844,California
Colusa,2021-04-06,123,8740,34,2043,41,6224,48,473,40,2672,83,3260,88,5932,California
Colusa,2021-04-07,351,9091,40,2083,291,6515,20,493,100,2669,125,3385,122,6054,California
Colusa,2021-04-08,421,9512,34,2117,361,6876,26,519,118,2528,286,3671,145,6199,California
Colusa,2021-04-09,61,9573,13,2130,31,6907,17,536,23,2532,35,3706,39,6238,California
Colusa,2021-04-10,40,9613,8,2138,13,6920,19,555,9,2530,29,3735,27,6265,California
Colusa,2021-04-11,14,9627,2,2140,12,6932,0,555,6,2529,7,3742,6,6271,California
Colusa,2021-04-12,16,9643,0,2140,16,6948,0,555,0,2529,0,3742,0,6271,California
Contra Costa,2020-12-15,19,19,19,19,0,0,0,0,19,19,0,0,19,19,California
Contra Costa,2020-12-16,523,542,523,542,0,0,0,0,523,542,0,0,523,542,California
Contra Costa,2020-12-17,908,1450,908,1450,0,0,0,0,908,1450,0,0,908,1450,California
Contra Costa,2020-12-18,1590,3040,1589,3039,1,1,0,0,1590,3040,0,0,1590,3040,California
Contra Costa,2020-12-19,1100,4140,1099,4138,1,2,0,0,1100,4140,0,0,1100,4140,California
Contra Costa,2020-12-20,582,4722,581,4719,1,3,0,0,582,4722,0,0,582,4722,California
Contra Costa,2020-12-21,1651,6373,1649,6368,2,5,0,0,1651,6373,0,0,1651,6373,California
Contra Costa,2020-12-22,1669,8042,1564,7932,105,110,0,0,1669,8042,0,0,1669,8042,California
Contra Costa,2020-12-23,1576,9618,1330,9262,246,356,0,0,1575,9617,0,0,1575,9617,California
Contra Costa,2020-12-24,652,10270,335,9597,317,673,0,0,652,10269,0,0,652,10269,California
Contra Costa,2020-12-25,38,10308,16,9613,22,695,0,0,38,10307,0,0,38,10307,California
Contra Costa,2020-12-26,639,10947,130,9743,509,1204,0,0,639,10946,0,0,639,10946,California
Contra Costa,2020-12-27,240,11187,86,9829,154,1358,0,0,240,11186,0,0,240,11186,California
Contra Costa,2020-12-28,1826,13013,860,10689,966,2324,0,0,1826,13012,0,0,1826,13012,California
Contra Costa,2020-12-29,1823,14836,823,11512,1000,3324,0,0,1823,14835,0,0,1823,14835,California
Contra Costa,2020-12-30,2384,17220,1208,12720,1176,4500,0,0,2383,17218,0,0,2383,17218,California
Contra Costa,2020-12-31,911,18131,307,13027,604,5104,0,0,910,18128,0,0,910,18128,California
Contra Costa,2021-01-01,57,18188,23,13050,34,5138,0,0,57,18185,0,0,57,18185,California
Contra Costa,2021-01-02,332,18520,172,13222,160,5298,0,0,332,18517,0,0,332,18517,California
Contra Costa,2021-01-03,174,18694,116,13338,58,5356,0,0,173,18690,0,0,173,18690,California
Contra Costa,2021-01-04,1894,20588,1245,14583,649,6005,0,0,1873,20544,19,19,1873,20563,California
Contra Costa,2021-01-05,2095,22683,1255,15838,840,6845,0,0,1836,22123,258,277,1837,22400,California
Contra Costa,2021-01-06,3264,25947,2240,18078,1024,7869,0,0,2506,23879,753,1030,2509,24909,California
Contra Costa,2021-01-07,3089,29036,2057,20135,1032,8901,0,0,1879,24551,1207,2237,1879,26788,California
Contra Costa,2021-01-08,3364,32400,2377,22512,987,9888,0,0,1805,24806,1553,3790,1808,28596,California
Contra Costa,2021-01-09,1581,33981,1130,23642,451,10339,0,0,747,24721,833,4623,748,29344,California
Contra Costa,2021-01-10,361,34342,288,23930,73,10412,0,0,150,24660,211,4834,150,29494,California
Contra Costa,2021-01-11,3833,38175,3118,27048,715,11127,0,0,2230,25289,1603,6437,2232,31726,California
Contra Costa,2021-01-12,3905,42080,2930,29978,975,12102,0,0,2580,26547,1324,7761,2582,34308,California
Contra Costa,2021-01-13,4664,46744,2880,32858,1784,13886,0,0,3733,29353,927,8688,3733,38041,California
Contra Costa,2021-01-14,4294,51038,1552,34410,2742,16628,0,0,3912,32883,382,9070,3912,41953,California
Contra Costa,2021-01-15,5315,56353,2451,36861,2864,19492,0,0,4993,37560,321,9391,4998,46951,California
Contra Costa,2021-01-16,1703,58056,545,37406,1158,20650,0,0,1629,39115,74,9465,1629,48580,California
Contra Costa,2021-01-17,1631,59687,971,38377,660,21310,0,0,1509,40505,122,9587,1512,50092,California
Contra Costa,2021-01-18,3180,62867,1249,39626,1931,23241,0,0,2558,42448,616,10203,2559,52651,California
Contra Costa,2021-01-19,7050,69917,3150,42776,3900,27141,0,0,6048,47503,999,11202,6054,58705,California
Contra Costa,2021-01-20,6587,76504,4035,46811,2552,29693,0,0,5362,51648,1221,12423,5366,64071,California
Contra Costa,2021-01-21,6946,83450,3084,49895,3862,33555,0,0,6226,57166,715,13138,6233,70304,California
Contra Costa,2021-01-22,6354,89804,2696,52591,3658,37213,0,0,5498,61821,846,13984,5501,75805,California
Contra Costa,2021-01-23,2023,91827,358,52949,1665,38878,0,0,1766,63334,255,14239,1768,77573,California
Contra Costa,2021-01-24,1575,93402,214,53163,1361,40239,0,0,1431,64625,144,14383,1435,79008,California
Contra Costa,2021-01-25,6607,100009,3009,56172,3598,43837,0,0,5051,68125,1554,15937,5054,84062,California
Contra Costa,2021-01-26,8041,108050,4658,60830,3383,47220,0,0,6215,72523,1819,17756,6217,90279,California
Contra Costa,2021-01-27,8211,116261,5483,66313,2728,49948,0,0,6323,77046,1804,19560,6327,96606,California
Contra Costa,2021-01-28,7374,123635,4049,70362,3325,53273,0,0,5786,81254,1582,21142,5790,102396,California
Contra Costa,2021-01-29,7417,131052,3877,74239,3540,56813,0,0,6114,86072,1299,22441,6117,108513,California
Contra Costa,2021-01-30,2078,133130,594,74833,1484,58297,0,0,1715,87429,358,22799,1715,110228,California
Contra Costa,2021-01-31,701,133831,482,75315,219,58516,0,0,575,87881,123,22922,575,110803,California
Contra Costa,2021-02-01,5506,139337,3757,79072,1749,60265,0,0,3882,90146,1620,24542,3885,114688,California
Contra Costa,2021-02-02,7743,147080,5274,84346,2469,62734,0,0,5897,94198,1846,26388,5898,120586,California
Contra Costa,2021-02-03,8261,155341,5456,89802,2805,65539,0,0,5634,97212,2621,29009,5635,126221,California
Contra Costa,2021-02-04,7441,162782,3532,93334,3909,69448,0,0,5726,101228,1712,30721,5728,131949,California
Contra Costa,2021-02-05,8422,171204,4823,98157,3599,73047,0,0,5724,104262,2691,33412,5725,137674,California
Contra Costa,2021-02-06,3460,174664,2149,100306,1311,74358,0,0,2813,106430,646,34058,2814,140488,California
Contra Costa,2021-02-07,974,175638,703,101009,271,74629,0,0,602,106660,372,34430,602,141090,California
Contra Costa,2021-02-08,5787,181425,3430,104439,2357,76986,0,0,4315,109509,1467,35897,4316,145406,California
Contra Costa,2021-02-09,8622,190047,4751,109190,3871,80857,0,0,5751,112396,2866,38763,5753,151159,California
Contra Costa,2021-02-10,8590,198637,4635,113825,3955,84812,0,0,5399,114621,3178,41941,5403,156562,California
Contra Costa,2021-02-11,9206,207843,4190,118015,5016,89828,0,0,5247,115919,3953,45894,5251,161813,California
Contra Costa,2021-02-12,10056,217899,4606,122621,5450,95278,0,0,5458,116790,4590,50484,5461,167274,California
Contra Costa,2021-02-13,4860,222759,1356,123977,3504,98782,0,0,3398,118730,1459,51943,3399,170673,California
Contra Costa,2021-02-14,2077,224836,860,124837,1217,99999,0,0,1220,119093,857,52800,1220,171893,California
Contra Costa,2021-02-15,4428,229264,2457,127294,1971,101970,0,0,2345,119362,2078,54878,2347,174240,California
Contra Costa,2021-02-16,10391,239655,4896,132190,5495,107465,0,0,4633,118250,5749,60627,4637,178877,California
Contra Costa,2021-02-17,12252,251907,6109,138299,6143,113608,0,0,5618,117247,6621,67248,5618,184495,California
Contra Costa,2021-02-18,11430,263337,5943,144242,5487,119095,0,0,5306,116443,6112,73360,5308,189803,California
Contra Costa,2021-02-19,11381,274718,7096,151338,4285,123380,0,0,5167,115412,6200,79560,5169,194972,California
Contra Costa,2021-02-20,6434,281152,2885,154223,3549,126929,0,0,4565,118126,1853,81413,4567,199539,California
Contra Costa,2021-02-21,1789,282941,1243,155466,546,127475,0,0,1082,118502,706,82119,1082,200621,California
Contra Costa,2021-02-22,7521,290462,5091,160557,2430,129905,0,0,3476,117941,4038,86157,3477,204098,California
Contra Costa,2021-02-23,11855,302317,7227,167784,4628,134533,0,0,5904,117913,5936,92093,5908,210006,California
Contra Costa,2021-02-24,10449,312766,7666,175450,2783,137316,0,0,5041,117564,5392,97485,5043,215049,California
Contra Costa,2021-02-25,11425,324191,7194,182644,4231,141547,0,0,5183,116531,6220,103705,5187,220236,California
Contra Costa,2021-02-26,10669,334860,6727,189371,3942,145489,0,0,5291,116454,5369,109074,5292,225528,California
Contra Costa,2021-02-27,6594,341454,4191,193562,2403,147892,0,0,4096,118058,2493,111567,4097,229625,California
Contra Costa,2021-02-28,3775,345229,3111,196673,664,148556,0,0,3193,120662,590,112157,3194,232819,California
Contra Costa,2021-03-01,8067,353296,6068,202741,1999,150555,0,0,4961,122529,3096,115253,4963,237782,California
Contra Costa,2021-03-02,10032,363328,6258,208999,3773,154328,1,1,5178,122885,4824,120077,5180,242962,California
Contra Costa,2021-03-03,10917,374245,6835,215834,4081,158409,1,2,6042,124063,4866,124943,6044,249006,California
Contra Costa,2021-03-04,11839,386084,7057,222891,4782,163191,0,2,6131,124503,5691,130634,6131,255137,California
Contra Costa,2021-03-05,11172,397256,6632,229523,4536,167727,4,6,6348,126045,4810,135444,6352,261489,California
Contra Costa,2021-03-06,7245,404501,3981,233504,2957,170684,307,313,4682,128480,2553,137997,4988,266477,California
Contra Costa,2021-03-07,3594,408095,2249,235753,1286,171970,59,372,2924,130793,670,138667,2983,269460,California
Contra Costa,2021-03-08,8024,416119,3742,239495,3979,175949,303,675,5360,133801,2659,141326,5667,275127,California
Contra Costa,2021-03-09,10134,426253,4972,244467,4868,180817,294,969,5017,133999,5113,146439,5311,280438,California
Contra Costa,2021-03-10,12070,438323,5938,250405,4647,185464,1485,2454,5452,134324,6609,153048,6934,287372,California
Contra Costa,2021-03-11,12397,450720,6523,256928,5324,190788,550,3004,6329,135157,6048,159096,6881,294253,California
Contra Costa,2021-03-12,12439,463159,5090,262018,6824,197612,525,3529,6231,135722,6191,165287,6756,301009,California
Contra Costa,2021-03-13,7662,470821,3033,265051,4219,201831,410,3939,3037,134556,4608,169895,3442,304451,California
Contra Costa,2021-03-14,4320,475141,2530,267581,1311,203142,479,4418,2066,134853,2248,172143,2545,306996,California
Contra Costa,2021-03-15,9363,484504,5043,272624,3568,206710,752,5170,4748,135756,4598,176741,5501,312497,California
Contra Costa,2021-03-16,14230,498734,8454,281078,5382,212092,394,5564,7272,136484,6938,183679,7666,320163,California
Contra Costa,2021-03-17,14943,513677,10331,291409,4403,216495,209,5773,8556,138888,6366,190045,8770,328933,California
Contra Costa,2021-03-18,15329,529006,8522,299931,6329,222824,478,6251,8783,141628,6520,196565,9260,338193,California
Contra Costa,2021-03-19,15463,544469,8863,308794,5210,228034,1390,7641,8288,144151,7157,203722,9680,347873,California
Contra Costa,2021-03-20,10570,555039,6314,315108,3955,231989,301,7942,5211,144320,5341,209063,5510,353383,California
Contra Costa,2021-03-21,4439,559478,3884,318992,470,232459,85,8027,2093,144158,2340,211403,2178,355561,California
Contra Costa,2021-03-22,11489,570967,8655,327647,2586,235045,248,8275,7072,147074,4405,215808,7321,362882,California
Contra Costa,2021-03-23,15570,586537,10729,338376,4674,239719,167,8442,9540,150779,6005,221813,9710,372592,California
Contra Costa,2021-03-24,14881,601418,11622,349998,3048,242767,211,8653,9191,154517,5666,227479,9404,381996,California
Contra Costa,2021-03-25,15144,616562,11804,361802,3067,245834,273,8926,9364,158412,5740,233219,9635,391631,California
Contra Costa,2021-03-26,14871,631433,10668,372470,3808,249642,395,9321,8799,161552,6051,239270,9191,400822,California
Contra Costa,2021-03-27,10394,641827,6728,379198,3158,252800,508,9829,5772,163215,4613,243883,6276,407098,California
Contra Costa,2021-03-28,4107,645934,2913,382111,1141,253941,53,9882,1772,162714,2326,246209,1825,408923,California
Contra Costa,2021-03-29,10819,656753,8458,390569,2247,256188,114,9996,7099,166221,3707,249916,7214,416137,California
Contra Costa,2021-03-30,16700,673453,9111,399680,6251,262439,1338,11334,11100,173073,5578,255494,12430,428567,California
Contra Costa,2021-03-31,17893,691346,12544,412224,3913,266352,1436,12770,11612,179875,6249,261743,13051,441618,California
Contra Costa,2021-04-01,17385,708731,12196,424420,3830,270182,1359,14129,11367,186609,5994,267737,12728,454346,California
Contra Costa,2021-04-02,17301,726032,12803,437223,3504,273686,994,15123,11587,193496,5696,273433,12583,466929,California
Contra Costa,2021-04-03,10758,736790,6422,443645,2809,276495,1527,16650,6204,196686,4540,277973,7730,474659,California
Contra Costa,2021-04-04,3229,740019,1251,444896,1416,277911,562,17212,829,195706,2369,280342,1389,476048,California
Contra Costa,2021-04-05,11945,751964,7819,452715,3210,281121,916,18128,6563,197820,5366,285708,7480,483528,California
Contra Costa,2021-04-06,16793,768757,11621,464336,2985,284106,2187,20315,9393,202030,7372,293080,11582,495110,California
Contra Costa,2021-04-07,17290,786047,11552,475888,3142,287248,2596,22911,9574,206574,7664,300744,12208,507318,California
Contra Costa,2021-04-08,17447,803494,11491,487379,3236,290484,2720,25631,9094,210104,8274,309018,11804,519122,California
Contra Costa,2021-04-09,16065,819559,10341,497720,3965,294449,1759,27390,8656,213225,7262,316280,10383,529505,California
Contra Costa,2021-04-10,7429,826988,2595,500315,1829,296278,3005,30395,2512,213873,4857,321137,5505,535010,California
Contra Costa,2021-04-11,2495,829483,1558,501873,700,296978,237,30632,754,213746,1071,322208,944,535954,California
Contra Costa,2021-04-12,7819,837302,5112,506985,2072,299050,635,31267,0,213746,0,322208,0,535954,California
Del Norte,2020-12-21,23,23,23,23,0,0,0,0,23,23,0,0,23,23,California
Del Norte,2020-12-22,46,69,46,69,0,0,0,0,46,69,0,0,46,69,California
Del Norte,2020-12-23,58,127,48,117,10,10,0,0,57,126,0,0,57,126,California
Del Norte,2020-12-28,34,161,34,151,0,10,0,0,34,160,0,0,34,160,California
Del Norte,2020-12-29,4,165,4,155,0,10,0,0,4,164,0,0,4,164,California
Del Norte,2020-12-30,67,232,55,210,12,22,0,0,68,232,0,0,68,232,California
Del Norte,2020-12-31,16,248,13,223,3,25,0,0,16,248,0,0,16,248,California
Del Norte,2021-01-04,102,350,49,272,53,78,0,0,102,350,0,0,102,350,California
Del Norte,2021-01-05,33,383,0,272,33,111,0,0,33,383,0,0,33,383,California
Del Norte,2021-01-06,77,460,18,290,59,170,0,0,77,460,0,0,77,460,California
Del Norte,2021-01-07,21,481,1,291,20,190,0,0,21,481,0,0,21,481,California
Del Norte,2021-01-08,77,558,7,298,70,260,0,0,77,558,0,0,77,558,California
Del Norte,2021-01-11,40,598,21,319,19,279,0,0,18,555,22,22,19,577,California
Del Norte,2021-01-12,50,648,32,351,18,297,0,0,29,563,21,43,29,606,California
Del Norte,2021-01-13,85,733,40,391,45,342,0,0,52,582,33,76,52,658,California
Del Norte,2021-01-14,52,785,14,405,38,380,0,0,46,622,6,82,46,704,California
Del Norte,2021-01-15,107,892,18,423,89,469,0,0,95,705,12,94,95,799,California
Del Norte,2021-01-17,1,893,1,424,0,469,0,0,1,706,0,94,1,800,California
Del Norte,2021-01-18,2,895,0,424,2,471,0,0,2,708,0,94,2,802,California
Del Norte,2021-01-19,119,1014,56,480,63,534,0,0,77,743,42,136,77,879,California
Del Norte,2021-01-20,158,1172,84,564,74,608,0,0,96,777,62,198,96,975,California
Del Norte,2021-01-21,43,1215,40,604,3,611,0,0,32,798,11,209,32,1007,California
Del Norte,2021-01-22,19,1234,16,620,3,614,0,0,12,803,7,216,12,1019,California
Del Norte,2021-01-23,1,1235,0,620,1,615,0,0,1,804,0,216,1,1020,California
Del Norte,2021-01-24,1,1236,0,620,1,616,0,0,1,805,0,216,1,1021,California
Del Norte,2021-01-25,97,1333,79,699,18,634,0,0,53,814,44,260,53,1074,California
Del Norte,2021-01-26,18,1351,11,710,7,641,0,0,7,810,11,271,7,1081,California
Del Norte,2021-01-27,64,1415,21,731,43,684,0,0,61,868,3,274,61,1142,California
Del Norte,2021-01-28,291,1706,20,751,271,955,0,0,287,1151,4,278,287,1429,California
Del Norte,2021-01-29,51,1757,19,770,32,987,0,0,41,1182,10,288,41,1470,California
Del Norte,2021-01-30,8,1765,1,771,7,994,0,0,8,1190,0,288,8,1478,California
Del Norte,2021-02-01,41,1806,1,772,40,1034,0,0,26,1201,15,303,26,1504,California
Del Norte,2021-02-02,142,1948,34,806,108,1142,0,0,73,1206,68,371,73,1577,California
Del Norte,2021-02-03,125,2073,40,846,85,1227,0,0,71,1223,54,425,71,1648,California
Del Norte,2021-02-04,71,2144,29,875,42,1269,0,0,41,1234,30,455,41,1689,California
Del Norte,2021-02-05,181,2325,22,897,159,1428,0,0,118,1290,62,517,118,1807,California
Del Norte,2021-02-06,310,2635,6,903,304,1732,0,0,310,1600,0,517,310,2117,California
Del Norte,2021-02-07,2,2637,1,904,1,1733,0,0,2,1602,0,517,2,2119,California
Del Norte,2021-02-08,36,2673,1,905,35,1768,0,0,32,1630,4,521,32,2151,California
Del Norte,2021-02-09,8,2681,5,910,3,1771,0,0,2,1626,6,527,2,2153,California
Del Norte,2021-02-10,143,2824,20,930,123,1894,0,0,86,1656,56,583,86,2239,California
Del Norte,2021-02-11,175,2999,58,988,117,2011,0,0,63,1607,112,695,63,2302,California
Del Norte,2021-02-12,120,3119,14,1002,106,2117,0,0,66,1619,54,749,66,2368,California
Del Norte,2021-02-13,2,3121,1,1003,1,2118,0,0,2,1621,0,749,2,2370,California
Del Norte,2021-02-14,3,3124,1,1004,2,2120,0,0,2,1622,1,750,2,2372,California
Del Norte,2021-02-15,4,3128,0,1004,4,2124,0,0,2,1622,2,752,2,2374,California
Del Norte,2021-02-16,132,3260,1,1005,131,2255,0,0,13,1516,119,871,13,2387,California
Del Norte,2021-02-17,91,3351,20,1025,71,2326,0,0,24,1473,67,938,24,2411,California
Del Norte,2021-02-18,77,3428,24,1049,53,2379,0,0,51,1498,26,964,51,2462,California
Del Norte,2021-02-19,43,3471,17,1066,26,2405,0,0,33,1521,10,974,33,2495,California
Del Norte,2021-02-20,9,3480,6,1072,3,2408,0,0,7,1526,2,976,7,2502,California
Del Norte,2021-02-22,2,3482,0,1072,2,2410,0,0,2,1528,0,976,2,2504,California
Del Norte,2021-02-23,102,3584,84,1156,18,2428,0,0,31,1488,71,1047,31,2535,California
Del Norte,2021-02-24,152,3736,98,1254,54,2482,0,0,79,1494,73,1120,79,2614,California
Del Norte,2021-02-25,473,4209,130,1384,343,2825,0,0,210,1442,262,1382,210,2824,California
Del Norte,2021-02-26,211,4420,175,1559,36,2861,0,0,165,1561,46,1428,165,2989,California
Del Norte,2021-02-27,151,4571,145,1704,5,2866,1,1,141,1693,9,1437,141,3130,California
Del Norte,2021-02-28,4,4575,1,1705,3,2869,0,1,3,1695,1,1438,3,3133,California
Del Norte,2021-03-01,27,4602,2,1707,25,2894,0,1,4,1676,23,1461,4,3137,California
Del Norte,2021-03-02,218,4820,140,1847,78,2972,0,1,185,1828,33,1494,185,3322,California
Del Norte,2021-03-03,158,4978,90,1937,68,3040,0,1,117,1904,41,1535,117,3439,California
Del Norte,2021-03-04,120,5098,83,2020,37,3077,0,1,91,1967,28,1563,91,3530,California
Del Norte,2021-03-05,92,5190,9,2029,83,3160,0,1,44,1963,48,1611,44,3574,California
Del Norte,2021-03-06,434,5624,74,2103,310,3470,50,51,154,1844,280,1891,161,3735,California
Del Norte,2021-03-07,2,5626,1,2104,1,3471,0,51,1,1844,1,1892,1,3736,California
Del Norte,2021-03-08,28,5654,1,2105,25,3496,2,53,5,1828,23,1915,7,3743,California
Del Norte,2021-03-09,193,5847,112,2217,78,3574,3,56,182,2002,11,1926,185,3928,California
Del Norte,2021-03-10,218,6065,97,2314,93,3667,28,84,132,2076,86,2012,160,4088,California
Del Norte,2021-03-11,146,6211,55,2369,91,3758,0,84,102,2135,43,2055,102,4190,California
Del Norte,2021-03-12,178,6389,91,2460,87,3845,0,84,126,2209,52,2107,126,4316,California
Del Norte,2021-03-13,95,6484,94,2554,1,3846,0,84,91,2296,4,2111,91,4407,California
Del Norte,2021-03-14,1,6485,0,2554,1,3847,0,84,0,2295,1,2112,0,4407,California
Del Norte,2021-03-15,39,6524,0,2554,38,3885,1,85,34,2325,5,2117,35,4442,California
Del Norte,2021-03-16,276,6800,135,2689,141,4026,0,85,255,2559,21,2138,255,4697,California
Del Norte,2021-03-17,284,7084,97,2786,185,4211,2,87,170,2617,114,2252,172,4869,California
Del Norte,2021-03-18,287,7371,109,2895,175,4386,3,90,151,2636,135,2387,154,5023,California
Del Norte,2021-03-19,264,7635,158,3053,100,4486,6,96,90,2558,174,2561,96,5119,California
Del Norte,2021-03-20,158,7793,156,3209,2,4488,0,96,16,2432,142,2703,16,5135,California
Del Norte,2021-03-21,4,7797,2,3211,2,4490,0,96,2,2432,2,2705,2,5137,California
Del Norte,2021-03-22,41,7838,2,3213,38,4528,1,97,38,2468,3,2708,39,5176,California
Del Norte,2021-03-23,329,8167,162,3375,149,4677,18,115,160,2479,167,2875,178,5354,California
Del Norte,2021-03-24,392,8559,107,3482,244,4921,41,156,238,2604,154,3029,279,5633,California
Del Norte,2021-03-25,194,8753,90,3572,104,5025,0,156,87,2585,106,3135,87,5720,California
Del Norte,2021-03-26,227,8980,108,3680,119,5144,0,156,194,2746,33,3168,194,5914,California
Del Norte,2021-03-27,108,9088,87,3767,4,5148,17,173,19,2693,89,3257,36,5950,California
Del Norte,2021-03-28,4,9092,2,3769,2,5150,0,173,1,2691,3,3260,1,5951,California
Del Norte,2021-03-29,57,9149,6,3775,34,5184,17,190,31,2714,25,3285,48,5999,California
Del Norte,2021-03-30,334,9483,118,3893,205,5389,11,201,128,2647,206,3491,139,6138,California
Del Norte,2021-03-31,346,9829,100,3993,229,5618,17,218,190,2700,154,3645,207,6345,California
Del Norte,2021-04-01,165,9994,60,4053,71,5689,34,252,70,2710,94,3739,104,6449,California
Del Norte,2021-04-02,232,10226,80,4133,104,5793,48,300,76,2679,156,3895,125,6574,California
Del Norte,2021-04-03,103,10329,82,4215,2,5795,19,319,4,2604,98,3993,23,6597,California
Del Norte,2021-04-04,4,10333,0,4215,0,5795,4,323,0,2604,4,3997,4,6601,California
Del Norte,2021-04-05,53,10386,5,4220,44,5839,4,327,46,2647,7,4004,50,6651,California
Del Norte,2021-04-06,376,10762,122,4342,220,6059,34,361,147,2606,223,4227,182,6833,California
Del Norte,2021-04-07,410,11172,107,4449,247,6306,56,417,218,2764,111,4338,269,7102,California
Del Norte,2021-04-08,232,11404,54,4503,111,6417,67,484,109,2818,80,4418,134,7236,California
Del Norte,2021-04-09,176,11580,33,4536,72,6489,71,555,86,2884,90,4508,156,7392,California
Del Norte,2021-04-10,42,11622,31,4567,3,6492,8,563,31,2912,11,4519,39,7431,California
Del Norte,2021-04-11,13,11635,3,4570,1,6493,9,572,0,2912,7,4526,7,7438,California
Del Norte,2021-04-12,16,11651,1,4571,2,6495,13,585,0,2912,0,4526,0,7438,California
El Dorado,2020-12-15,12,12,12,12,0,0,0,0,12,12,0,0,12,12,California
El Dorado,2020-12-16,40,52,40,52,0,0,0,0,40,52,0,0,40,52,California
El Dorado,2020-12-17,30,82,30,82,0,0,0,0,30,82,0,0,30,82,California
El Dorado,2020-12-18,236,318,236,318,0,0,0,0,236,318,0,0,236,318,California
El Dorado,2020-12-19,116,434,116,434,0,0,0,0,116,434,0,0,116,434,California
El Dorado,2020-12-20,84,518,84,518,0,0,0,0,84,518,0,0,84,518,California
El Dorado,2020-12-21,306,824,305,823,1,1,0,0,306,824,0,0,306,824,California
El Dorado,2020-12-22,239,1063,215,1038,24,25,0,0,239,1063,0,0,239,1063,California
El Dorado,2020-12-23,189,1252,139,1177,50,75,0,0,189,1252,0,0,189,1252,California
El Dorado,2020-12-24,86,1338,65,1242,21,96,0,0,86,1338,0,0,86,1338,California
El Dorado,2020-12-25,8,1346,8,1250,0,96,0,0,8,1346,0,0,8,1346,California
El Dorado,2020-12-26,43,1389,25,1275,18,114,0,0,43,1389,0,0,43,1389,California
El Dorado,2020-12-27,37,1426,33,1308,4,118,0,0,37,1426,0,0,37,1426,California
El Dorado,2020-12-28,216,1642,170,1478,46,164,0,0,216,1642,0,0,216,1642,California
El Dorado,2020-12-29,454,2096,140,1618,314,478,0,0,454,2096,0,0,454,2096,California
El Dorado,2020-12-30,504,2600,136,1754,368,846,0,0,504,2600,0,0,504,2600,California
El Dorado,2020-12-31,108,2708,68,1822,40,886,0,0,108,2708,0,0,108,2708,California
El Dorado,2021-01-01,6,2714,4,1826,2,888,0,0,6,2714,0,0,6,2714,California
El Dorado,2021-01-02,151,2865,140,1966,11,899,0,0,150,2864,0,0,150,2864,California
El Dorado,2021-01-03,90,2955,16,1982,74,973,0,0,90,2954,0,0,90,2954,California
El Dorado,2021-01-04,190,3145,63,2045,127,1100,0,0,190,3144,0,0,190,3144,California
El Dorado,2021-01-05,202,3347,48,2093,154,1254,0,0,186,3314,16,16,186,3330,California
El Dorado,2021-01-06,261,3608,188,2281,73,1327,0,0,198,3449,63,79,198,3528,California
El Dorado,2021-01-07,326,3934,134,2415,192,1519,0,0,256,3635,70,149,256,3784,California
El Dorado,2021-01-08,970,4904,500,2915,470,1989,0,0,767,4200,203,352,768,4552,California
El Dorado,2021-01-09,192,5096,156,3071,36,2025,0,0,124,4256,68,420,124,4676,California
El Dorado,2021-01-10,180,5276,129,3200,51,2076,0,0,111,4298,69,489,111,4787,California
El Dorado,2021-01-11,657,5933,292,3492,365,2441,0,0,459,4560,197,686,459,5246,California
El Dorado,2021-01-12,689,6622,418,3910,271,2712,0,0,441,4753,248,934,441,5687,California
El Dorado,2021-01-13,694,7316,295,4205,399,3111,0,0,535,5129,159,1093,535,6222,California
El Dorado,2021-01-14,678,7994,217,4422,461,3572,0,0,582,5616,95,1188,582,6804,California
El Dorado,2021-01-15,674,8668,184,4606,490,4062,0,0,602,6146,72,1260,602,7406,California
El Dorado,2021-01-16,170,8838,103,4709,67,4129,0,0,143,6262,27,1287,143,7549,California
El Dorado,2021-01-17,98,8936,46,4755,52,4181,0,0,81,6326,17,1304,81,7630,California
El Dorado,2021-01-18,418,9354,138,4893,280,4461,0,0,350,6608,68,1372,350,7980,California
El Dorado,2021-01-19,636,9990,351,5244,285,4746,0,0,487,6947,149,1521,488,8468,California
El Dorado,2021-01-20,1010,11000,685,5929,325,5071,0,0,898,7734,111,1632,898,9366,California
El Dorado,2021-01-21,1151,12151,569,6498,582,5653,0,0,945,8514,165,1797,945,10311,California
El Dorado,2021-01-22,1090,13241,703,7201,387,6040,0,0,1039,9503,50,1847,1039,11350,California
El Dorado,2021-01-23,737,13978,618,7819,119,6159,0,0,625,10017,111,1958,625,11975,California
El Dorado,2021-01-24,126,14104,76,7895,50,6209,0,0,107,10105,19,1977,107,12082,California
El Dorado,2021-01-25,609,14713,203,8098,406,6615,0,0,520,10536,89,2066,520,12602,California
El Dorado,2021-01-26,669,15382,361,8459,308,6923,0,0,567,11002,102,2168,568,13170,California
El Dorado,2021-01-27,925,16307,331,8790,594,7517,0,0,591,11258,335,2503,591,13761,California
El Dorado,2021-01-28,1096,17403,448,9238,648,8165,0,0,739,11640,357,2860,739,14500,California
El Dorado,2021-01-29,965,18368,487,9725,478,8643,0,0,736,12149,228,3088,737,15237,California
El Dorado,2021-01-30,612,18980,361,10086,251,8894,0,0,451,12439,161,3249,451,15688,California
El Dorado,2021-01-31,207,19187,186,10272,21,8915,0,0,178,12588,29,3278,178,15866,California
El Dorado,2021-02-01,785,19972,368,10640,417,9332,0,0,642,13088,142,3420,642,16508,California
El Dorado,2021-02-02,822,20794,363,11003,459,9791,0,0,665,13596,157,3577,665,17173,California
El Dorado,2021-02-03,896,21690,474,11477,422,10213,0,0,685,14070,211,3788,685,17858,California
El Dorado,2021-02-04,1263,22953,720,12197,543,10756,0,0,870,14547,393,4181,870,18728,California
El Dorado,2021-02-05,1474,24427,595,12792,879,11635,0,0,865,14837,575,4756,865,19593,California
El Dorado,2021-02-06,638,25065,334,13126,304,11939,0,0,530,15260,108,4864,531,20124,California
El Dorado,2021-02-07,255,25320,176,13302,79,12018,0,0,191,15387,64,4928,191,20315,California
El Dorado,2021-02-08,878,26198,416,13718,462,12480,0,0,605,15719,273,5201,605,20920,California
El Dorado,2021-02-09,903,27101,488,14206,415,12895,0,0,482,15780,421,5622,482,21402,California
El Dorado,2021-02-10,1237,28338,727,14933,510,13405,0,0,646,15836,590,6212,646,22048,California
El Dorado,2021-02-11,2124,30462,879,15812,1245,14650,0,0,953,15620,1170,7382,954,23002,California
El Dorado,2021-02-12,1557,32019,822,16634,735,15385,0,0,677,15418,880,8262,678,23680,California
El Dorado,2021-02-13,974,32993,669,17303,305,15690,0,0,430,15308,540,8802,430,24110,California
El Dorado,2021-02-14,480,33473,153,17456,327,16017,0,0,397,15622,83,8885,397,24507,California
El Dorado,2021-02-15,1180,34653,386,17842,794,16811,0,0,826,16097,354,9239,829,25336,California
El Dorado,2021-02-16,1171,35824,527,18369,644,17455,0,0,666,16260,504,9743,667,26003,California
El Dorado,2021-02-17,899,36723,371,18740,528,17983,0,0,421,16205,478,10221,423,26426,California
El Dorado,2021-02-18,2074,38797,1005,19745,1069,19052,0,0,1350,16832,723,10944,1350,27776,California
El Dorado,2021-02-19,1156,39953,599,20344,557,19609,0,0,645,16969,510,11454,647,28423,California
El Dorado,2021-02-20,912,40865,434,20778,478,20087,0,0,664,17391,242,11696,664,29087,California
El Dorado,2021-02-21,280,41145,224,21002,56,20143,0,0,100,17312,179,11875,100,29187,California
El Dorado,2021-02-22,862,42007,436,21438,426,20569,0,0,278,17008,582,12457,278,29465,California
El Dorado,2021-02-23,812,42819,470,21908,342,20911,0,0,331,16858,481,12938,331,29796,California
El Dorado,2021-02-24,992,43811,439,22347,553,21464,0,0,400,16667,592,13530,401,30197,California
El Dorado,2021-02-25,1593,45404,878,23225,715,22179,0,0,692,16465,895,14425,693,30890,California
El Dorado,2021-02-26,2324,47728,1483,24708,841,23020,0,0,1569,17281,753,15178,1569,32459,California
El Dorado,2021-02-27,1645,49373,436,25144,1209,24229,0,0,1204,18048,437,15615,1204,33663,California
El Dorado,2021-02-28,568,49941,204,25348,364,24593,0,0,417,18315,151,15766,418,34081,California
El Dorado,2021-03-01,1093,51034,449,25797,644,25237,0,0,601,18424,492,16258,601,34682,California
El Dorado,2021-03-02,876,51910,261,26058,615,25852,0,0,451,18452,423,16681,451,35133,California
El Dorado,2021-03-03,1618,53528,446,26504,1172,27024,0,0,1099,19042,511,17192,1101,36234,California
El Dorado,2021-03-04,2461,55989,1531,28035,930,27954,0,0,1193,18970,1265,18457,1193,37427,California
El Dorado,2021-03-05,1553,57542,420,28455,1128,29082,5,5,1025,19477,523,18980,1030,38457,California
El Dorado,2021-03-06,719,58261,201,28656,485,29567,33,38,376,19543,343,19323,409,38866,California
El Dorado,2021-03-07,395,58656,197,28853,180,29747,18,56,233,19634,160,19483,251,39117,California
El Dorado,2021-03-08,1314,59970,364,29217,879,30626,71,127,843,20080,468,19951,914,40031,California
El Dorado,2021-03-09,944,60914,225,29442,652,31278,67,194,557,20328,376,20327,624,40655,California
El Dorado,2021-03-10,915,61829,342,29784,518,31796,55,249,528,20528,383,20710,583,41238,California
El Dorado,2021-03-11,2977,64806,1826,31610,971,32767,180,429,1368,20477,1598,22308,1547,42785,California
El Dorado,2021-03-12,1733,66539,619,32229,871,33638,243,672,720,20441,999,23307,963,43748,California
El Dorado,2021-03-13,1028,67567,341,32570,408,34046,279,951,356,20404,670,23977,633,44381,California
El Dorado,2021-03-14,777,68344,209,32779,455,34501,113,1064,261,20263,515,24492,374,44755,California
El Dorado,2021-03-15,1350,69694,297,33076,926,35427,127,1191,564,20172,782,25274,691,45446,California
El Dorado,2021-03-16,1177,70871,401,33477,632,36059,144,1335,539,20223,632,25906,683,46129,California
El Dorado,2021-03-17,1063,71934,352,33829,616,36675,95,1430,679,20620,375,26281,772,46901,California
El Dorado,2021-03-18,2918,74852,1743,35572,1131,37806,44,1474,1919,21609,975,27256,1964,48865,California
El Dorado,2021-03-19,1074,75926,355,35927,575,38381,144,1618,591,21874,471,27727,736,49601,California
El Dorado,2021-03-20,923,76849,261,36188,645,39026,17,1635,351,21681,561,28288,368,49969,California
El Dorado,2021-03-21,1020,77869,414,36602,601,39627,5,1640,934,22535,85,28373,939,50908,California
El Dorado,2021-03-22,1473,79342,486,37088,906,40533,81,1721,1173,23497,292,28665,1254,52162,California
El Dorado,2021-03-23,1085,80427,451,37539,543,41076,91,1812,700,23911,377,29042,791,52953,California
El Dorado,2021-03-24,1402,81829,625,38164,583,41659,194,2006,673,24064,714,29756,867,53820,California
El Dorado,2021-03-25,2448,84277,1660,39824,685,42344,103,2109,1355,24469,1052,30808,1457,55277,California
El Dorado,2021-03-26,1729,86006,680,40504,940,43284,109,2218,915,24708,785,31593,1024,56301,California
El Dorado,2021-03-27,1287,87293,185,40689,1098,44382,4,2222,322,24075,959,32552,326,56627,California
El Dorado,2021-03-28,612,87905,183,40872,419,44801,10,2232,196,23868,413,32965,206,56833,California
El Dorado,2021-03-29,1297,89202,432,41304,851,45652,14,2246,830,24248,464,33429,844,57677,California
El Dorado,2021-03-30,1323,90525,411,41715,822,46474,90,2336,688,24395,630,34059,777,58454,California
El Dorado,2021-03-31,1515,92040,576,42291,876,47350,63,2399,713,24371,799,34858,775,59229,California
El Dorado,2021-04-01,3168,95208,1745,44036,1340,48690,83,2482,1515,24320,1651,36509,1600,60829,California
El Dorado,2021-04-02,1813,97021,554,44590,1167,49857,92,2574,719,24040,1091,37600,811,61640,California
El Dorado,2021-04-03,730,97751,280,44870,331,50188,119,2693,216,23862,513,38113,335,61975,California
El Dorado,2021-04-04,264,98015,83,44953,134,50322,47,2740,90,23832,166,38279,136,62111,California
El Dorado,2021-04-05,1364,99379,415,45368,865,51187,84,2824,568,23691,793,39072,652,62763,California
El Dorado,2021-04-06,1365,100744,494,45862,660,51847,211,3035,431,23401,930,40002,640,63403,California
El Dorado,2021-04-07,1489,102233,542,46404,527,52374,420,3455,518,23400,937,40939,936,64339,California
El Dorado,2021-04-08,2535,104768,1652,48056,648,53022,235,3690,1005,23117,1522,42461,1239,65578,California
El Dorado,2021-04-09,1074,105842,362,48418,532,53554,180,3870,405,23049,651,43112,583,66161,California
El Dorado,2021-04-10,612,106454,180,48598,334,53888,98,3968,313,23177,281,43393,409,66570,California
El Dorado,2021-04-11,661,107115,432,49030,218,54106,11,3979,84,23164,106,43499,93,66663,California
El Dorado,2021-04-12,562,107677,161,49191,320,54426,81,4060,0,23164,0,43499,0,66663,California
Fresno,2020-12-15,2,2,2,2,0,0,0,0,2,2,0,0,2,2,California
Fresno,2020-12-16,121,123,121,123,0,0,0,0,121,123,0,0,121,123,California
Fresno,2020-12-17,120,243,120,243,0,0,0,0,120,243,0,0,120,243,California
Fresno,2020-12-18,345,588,345,588,0,0,0,0,345,588,0,0,345,588,California
Fresno,2020-12-19,157,745,157,745,0,0,0,0,157,745,0,0,157,745,California
Fresno,2020-12-20,255,1000,253,998,2,2,0,0,255,1000,0,0,255,1000,California
Fresno,2020-12-21,924,1924,923,1921,1,3,0,0,956,1956,0,0,956,1956,California
Fresno,2020-12-22,901,2825,872,2793,29,32,0,0,905,2861,0,0,905,2861,California
Fresno,2020-12-23,1083,3908,1049,3842,34,66,0,0,1084,3945,0,0,1084,3945,California
Fresno,2020-12-24,581,4489,562,4404,19,85,0,0,579,4524,0,0,579,4524,California
Fresno,2020-12-25,2,4491,1,4405,1,86,0,0,2,4526,0,0,2,4526,California
Fresno,2020-12-26,720,5211,712,5117,8,94,0,0,720,5246,0,0,720,5246,California
Fresno,2020-12-27,298,5509,204,5321,94,188,0,0,298,5544,0,0,298,5544,California
Fresno,2020-12-28,1061,6570,774,6095,287,475,0,0,1060,6604,0,0,1060,6604,California
Fresno,2020-12-29,1770,8340,1040,7135,730,1205,0,0,1767,8370,1,1,1767,8371,California
Fresno,2020-12-30,978,9318,477,7612,501,1706,0,0,978,9348,0,1,978,9349,California
Fresno,2020-12-31,893,10211,310,7922,583,2289,0,0,892,10240,0,1,892,10241,California
Fresno,2021-01-01,9,10220,3,7925,6,2295,0,0,9,10249,0,1,9,10250,California
Fresno,2021-01-02,1030,11250,717,8642,313,2608,0,0,1029,11278,0,1,1029,11279,California
Fresno,2021-01-03,154,11404,129,8771,25,2633,0,0,154,11432,0,1,154,11433,California
Fresno,2021-01-04,606,12010,373,9144,233,2866,0,0,606,12038,0,1,606,12039,California
Fresno,2021-01-05,776,12786,311,9455,465,3331,0,0,702,12666,74,75,702,12741,California
Fresno,2021-01-06,970,13756,345,9800,625,3956,0,0,798,13292,172,247,798,13539,California
Fresno,2021-01-07,1881,15637,914,10714,967,4923,0,0,1628,14670,253,500,1631,15170,California
Fresno,2021-01-08,1778,17415,616,11330,1162,6085,0,0,1411,15717,364,864,1411,16581,California
Fresno,2021-01-09,628,18043,387,11717,241,6326,0,0,354,15797,274,1138,354,16935,California
Fresno,2021-01-10,515,18558,485,12202,30,6356,0,0,202,15686,313,1451,202,17137,California
Fresno,2021-01-11,2145,20703,1741,13943,404,6760,0,0,1451,16447,693,2144,1454,18591,California
Fresno,2021-01-12,2509,23212,1816,15759,693,7453,0,0,1659,17259,849,2993,1661,20252,California
Fresno,2021-01-13,3523,26735,2413,18172,1110,8563,0,0,2667,19073,855,3848,2669,22921,California
Fresno,2021-01-14,4137,30872,2199,20371,1938,10501,0,0,3664,22267,470,4318,3664,26585,California
Fresno,2021-01-15,3625,34497,2519,22890,1106,11607,0,0,3269,25183,356,4674,3272,29857,California
Fresno,2021-01-16,3135,37632,2293,25183,842,12449,0,0,2672,27394,462,5136,2673,32530,California
Fresno,2021-01-17,975,38607,553,25736,422,12871,0,0,777,27973,198,5334,777,33307,California
Fresno,2021-01-18,3074,41681,2366,28102,708,13579,0,0,2411,29725,661,5995,2413,35720,California
Fresno,2021-01-19,4317,45998,2547,30649,1770,15349,0,0,3669,32750,647,6642,3672,39392,California
Fresno,2021-01-20,2990,48988,1183,31832,1807,17156,0,0,2693,35148,298,6940,2696,42088,California
Fresno,2021-01-21,4346,53334,2001,33833,2345,19501,0,0,3999,38824,328,7268,4004,46092,California
Fresno,2021-01-22,3303,56637,1343,35176,1960,21461,0,0,2916,41371,370,7638,2917,49009,California
Fresno,2021-01-23,3029,59666,1958,37134,1071,22532,0,0,2307,42964,722,8360,2315,51324,California
Fresno,2021-01-24,548,60214,372,37506,176,22708,0,0,345,43109,203,8563,348,51672,California
Fresno,2021-01-25,2334,62548,861,38367,1473,24181,0,0,1848,44476,485,9048,1852,53524,California
Fresno,2021-01-26,2009,64557,582,38949,1427,25608,0,0,1307,45086,698,9746,1308,54832,California
Fresno,2021-01-27,2246,66803,1162,40111,1084,26692,0,0,1727,46298,518,10264,1730,56562,California
Fresno,2021-01-28,4452,71255,3027,43138,1425,28117,0,0,3449,48751,999,11263,3452,60014,California
Fresno,2021-01-29,1697,72952,984,44122,713,28830,0,0,1399,49856,295,11558,1400,61414,California
Fresno,2021-01-30,1432,74384,541,44663,891,29721,0,0,1020,50464,412,11970,1020,62434,California
Fresno,2021-01-31,226,74610,217,44880,9,29730,0,0,72,50382,154,12124,72,62506,California
Fresno,2021-02-01,3317,77927,1656,46536,1661,31391,0,0,1807,50700,1507,13631,1825,64331,California
Fresno,2021-02-02,2720,80647,553,47089,2167,33558,0,0,1596,51199,1110,14741,1609,65940,California
Fresno,2021-02-03,3499,84146,2063,49152,1436,34994,0,0,1517,50750,1967,16708,1518,67458,California
Fresno,2021-02-04,4198,88344,1901,51053,2297,37291,0,0,1930,50447,2238,18946,1935,69393,California
Fresno,2021-02-05,5199,93543,2598,53651,2601,39892,0,0,2184,49625,3008,21954,2186,71579,California
Fresno,2021-02-06,2929,96472,2043,55694,886,40778,0,0,973,48648,1952,23906,975,72554,California
Fresno,2021-02-07,466,96938,286,55980,180,40958,0,0,272,48728,192,24098,272,72826,California
Fresno,2021-02-08,4274,101212,2295,58275,1979,42937,0,0,1812,48110,2439,26537,1821,74647,California
Fresno,2021-02-09,5326,106538,2084,60359,3242,46179,0,0,3116,49100,2134,28671,3124,77771,California
Fresno,2021-02-10,3862,110400,1234,61593,2628,48807,0,0,1981,49264,1827,30498,1991,79762,California
Fresno,2021-02-11,6445,116845,2091,63684,4354,53161,0,0,3391,49621,3038,33536,3395,83157,California
Fresno,2021-02-12,5368,122213,1380,65064,3988,57149,0,0,2749,49774,2602,36138,2755,85912,California
Fresno,2021-02-13,3722,125935,1543,66607,2179,59328,0,0,2074,50217,1636,37774,2079,87991,California
Fresno,2021-02-14,1559,127494,281,66888,1278,60606,0,0,848,50357,709,38483,849,88840,California
Fresno,2021-02-15,2879,130373,270,67158,2609,63215,0,0,1775,51036,1100,39583,1779,90619,California
Fresno,2021-02-16,6675,137048,2401,69559,4274,67489,0,0,4245,52876,2411,41994,4251,94870,California
Fresno,2021-02-17,5318,142366,2446,72005,2872,70361,0,0,2975,53556,2299,44293,2979,97849,California
Fresno,2021-02-18,6849,149215,2902,74907,3947,74308,0,0,2573,51914,4226,48519,2584,100433,California
Fresno,2021-02-19,3828,153043,1096,76003,2732,77040,0,0,1829,51758,1988,50507,1832,102265,California
Fresno,2021-02-20,4532,157575,2497,78500,2035,79075,0,0,3064,53365,1462,51969,3069,105334,California
Fresno,2021-02-21,186,157761,170,78670,16,79091,0,0,127,53446,46,52015,127,105461,California
Fresno,2021-02-22,2220,159981,998,79668,1222,80313,0,0,1225,53688,990,53005,1232,106693,California
Fresno,2021-02-23,3852,163833,1450,81118,2402,82715,0,0,3000,55844,846,53851,3002,109695,California
Fresno,2021-02-24,4160,167993,1489,82607,2671,85386,0,0,3421,58539,730,54581,3425,113120,California
Fresno,2021-02-25,7444,175437,2494,85101,4950,90336,0,0,5994,63157,1381,55962,5999,119119,California
Fresno,2021-02-26,8267,183704,3003,88104,5264,95600,0,0,6991,68902,1251,57213,6996,126115,California
Fresno,2021-02-27,6270,189974,2187,90291,4083,99683,0,0,5588,73824,672,57885,5594,131709,California
Fresno,2021-02-28,1625,191599,526,90817,1099,100782,0,0,1544,75296,72,57957,1544,133253,California
Fresno,2021-03-01,4856,196455,1281,92098,3575,104357,0,0,3583,77625,1262,59219,3591,136844,California
Fresno,2021-03-02,8357,204812,2285,94383,6072,110429,0,0,7014,83346,1317,60536,7038,143882,California
Fresno,2021-03-03,6550,211362,1564,95947,4985,115414,1,1,5533,87990,1004,61540,5648,149530,California
Fresno,2021-03-04,8383,219745,2501,98448,5882,121296,0,1,6880,93405,1473,63013,6888,156418,California
Fresno,2021-03-05,7787,227532,2644,101092,5141,126437,2,3,6782,99392,872,63885,6859,163277,California
Fresno,2021-03-06,6419,233951,3523,104615,2779,129216,117,120,5482,104066,929,64814,5603,168880,California
Fresno,2021-03-07,1364,235315,570,105185,761,129977,33,153,1141,105019,221,65035,1174,170054,California
Fresno,2021-03-08,4817,240132,1792,106977,2872,132849,153,306,3648,107670,1160,66195,3811,173865,California
Fresno,2021-03-09,6768,246900,2300,109277,4201,137050,267,573,3863,108956,2880,69075,4166,178031,California
Fresno,2021-03-10,6527,253427,2665,111942,3476,140526,386,959,5142,113121,1372,70447,5537,183568,California
Fresno,2021-03-11,11183,264610,4496,116438,6125,146651,562,1521,6184,114978,4964,75411,6821,190389,California
Fresno,2021-03-12,11356,275966,4880,121318,6035,152686,441,1962,8425,121070,2913,78324,9005,199394,California
Fresno,2021-03-13,8034,284000,3881,125199,3141,155827,1012,2974,3866,121873,4148,82472,4951,204345,California
Fresno,2021-03-14,1727,285727,461,125660,987,156814,279,3253,648,121727,1072,83544,926,205271,California
Fresno,2021-03-15,6808,292535,2917,128577,3721,160535,170,3423,4651,124595,2137,85681,5005,210276,California
Fresno,2021-03-16,9988,302523,4393,132970,5205,165740,390,3813,6128,127377,3835,89516,6617,216893,California
Fresno,2021-03-17,8397,310920,3859,136829,3845,169585,693,4506,5632,131338,2745,92261,6706,223599,California
Fresno,2021-03-18,12109,323029,6541,143370,4938,174523,630,5136,7941,136199,4131,96392,8992,232591,California
Fresno,2021-03-19,10803,333832,5585,148955,4604,179127,614,5750,7380,141092,3394,99786,8287,240878,California
Fresno,2021-03-20,7312,341144,4381,153336,2620,181747,311,6061,4486,143350,2809,102595,5067,245945,California
Fresno,2021-03-21,1766,342910,1196,154532,198,181945,372,6433,962,143885,800,103395,1335,247280,California
Fresno,2021-03-22,5582,348492,2875,157407,2113,184058,594,7027,3792,146699,1771,105166,4585,251865,California
Fresno,2021-03-23,10562,359054,5225,162632,4846,188904,491,7518,6138,149352,4403,109569,7056,258921,California
Fresno,2021-03-24,8574,367628,3626,166258,4120,193024,828,8346,4745,151182,3796,113365,5626,264547,California
Fresno,2021-03-25,11948,379576,5549,171807,5644,198668,755,9101,6157,152418,5699,119064,6935,271482,California
Fresno,2021-03-26,11832,391408,5298,177105,5893,204561,641,9742,5266,151828,6520,125584,5930,277412,California
Fresno,2021-03-27,9345,400753,4120,181225,4141,208702,1084,10826,2940,149489,6369,131953,4030,281442,California
Fresno,2021-03-28,3248,404001,1186,182411,1391,210093,671,11497,1345,149869,1895,133848,2275,283717,California
Fresno,2021-03-29,5995,409996,1979,184390,3475,213568,541,12038,2929,150307,3045,136893,3483,287200,California
Fresno,2021-03-30,10629,420625,4149,188539,5610,219178,870,12908,4450,149515,6114,143007,5322,292522,California
Fresno,2021-03-31,8919,429544,3280,191819,4664,223842,975,13883,3825,149266,5052,148059,4803,297325,California
Fresno,2021-04-01,11118,440662,4012,195831,6257,230099,849,14732,3845,146792,7121,155180,4647,301972,California
Fresno,2021-04-02,11167,451829,4381,200212,6022,236121,764,15496,4203,145003,6763,161943,4974,306946,California
Fresno,2021-04-03,6126,457955,3374,203586,2506,238627,246,15742,2228,143631,3883,165826,2511,309457,California
Fresno,2021-04-04,1482,459437,529,204115,911,239538,42,15784,561,143321,913,166739,603,310060,California
Fresno,2021-04-05,7611,467048,3922,208037,2921,242459,768,16552,2408,141426,5142,171881,3247,313307,California
Fresno,2021-04-06,9243,476291,3836,211873,4262,246721,1145,17697,3482,140348,5692,177573,4614,317921,California
Fresno,2021-04-07,9945,486236,5173,217046,3644,250365,1128,18825,3385,138638,6220,183793,4510,322431,California
Fresno,2021-04-08,10147,496383,4663,221709,4356,254721,1128,19953,3232,136606,6404,190197,4372,326803,California
Fresno,2021-04-09,7280,503663,2609,224318,3593,258314,1078,21031,2106,134846,4933,195130,3173,329976,California
Fresno,2021-04-10,3992,507655,1675,225993,2049,260363,268,21299,1462,134521,2037,197167,1712,331688,California
Fresno,2021-04-11,1201,508856,789,226782,353,260716,59,21358,107,134271,410,197577,160,331848,California
Fresno,2021-04-12,2397,511253,1294,228076,830,261546,273,21631,0,134271,0,197577,0,331848,California
Glenn,2020-12-17,1,1,1,1,0,0,0,0,1,1,0,0,1,1,California
Glenn,2020-12-19,1,2,1,2,0,0,0,0,1,2,0,0,1,2,California
Glenn,2020-12-20,1,3,1,3,0,0,0,0,1,3,0,0,1,3,California
Glenn,2020-12-21,11,14,11,14,0,0,0,0,11,14,0,0,11,14,California
Glenn,2020-12-22,59,73,59,73,0,0,0,0,59,73,0,0,59,73,California
Glenn,2020-12-23,26,99,26,99,0,0,0,0,26,99,0,0,26,99,California
Glenn,2020-12-24,9,108,9,108,0,0,0,0,9,108,0,0,9,108,California
Glenn,2020-12-26,2,110,2,110,0,0,0,0,2,110,0,0,2,110,California
Glenn,2020-12-27,4,114,4,114,0,0,0,0,4,114,0,0,4,114,California
Glenn,2020-12-28,21,135,21,135,0,0,0,0,21,135,0,0,21,135,California
Glenn,2020-12-29,82,217,82,217,0,0,0,0,82,217,0,0,82,217,California
Glenn,2020-12-30,128,345,106,323,22,22,0,0,128,345,0,0,128,345,California
Glenn,2020-12-31,38,383,9,332,29,51,0,0,38,383,0,0,38,383,California
Glenn,2021-01-02,2,385,2,334,0,51,0,0,2,385,0,0,2,385,California
Glenn,2021-01-04,7,392,5,339,2,53,0,0,7,392,0,0,7,392,California
Glenn,2021-01-05,9,401,8,347,1,54,0,0,9,401,0,0,9,401,California
Glenn,2021-01-06,61,462,9,356,52,106,0,0,61,462,0,0,61,462,California
Glenn,2021-01-07,66,528,12,368,54,160,0,0,64,524,2,2,64,526,California
Glenn,2021-01-08,11,539,9,377,2,162,0,0,11,535,0,2,11,537,California
Glenn,2021-01-10,1,540,1,378,0,162,0,0,0,534,1,3,0,537,California
Glenn,2021-01-11,30,570,30,408,0,162,0,0,12,528,18,21,12,549,California
Glenn,2021-01-12,42,612,37,445,5,167,0,0,14,514,28,49,14,563,California
Glenn,2021-01-13,152,764,87,532,65,232,0,0,109,580,43,92,109,672,California
Glenn,2021-01-14,184,948,96,628,88,320,0,0,174,744,10,102,174,846,California
Glenn,2021-01-15,42,990,34,662,8,328,0,0,37,776,5,107,37,883,California
Glenn,2021-01-16,34,1024,14,676,20,348,0,0,24,790,10,117,24,907,California
Glenn,2021-01-17,4,1028,2,678,2,350,0,0,2,790,2,119,2,909,California
Glenn,2021-01-18,17,1045,16,694,1,351,0,0,9,791,8,127,9,918,California
Glenn,2021-01-19,30,1075,20,714,10,361,0,0,13,787,17,144,13,931,California
Glenn,2021-01-20,163,1238,94,808,69,430,0,0,82,788,81,225,82,1013,California
Glenn,2021-01-21,124,1362,98,906,26,456,0,0,30,724,94,319,30,1043,California
Glenn,2021-01-22,337,1699,63,969,274,730,0,0,330,1047,7,326,330,1373,California
Glenn,2021-01-23,14,1713,7,976,7,737,0,0,12,1057,2,328,12,1385,California
Glenn,2021-01-24,2,1715,2,978,0,737,0,0,2,1059,0,328,2,1387,California
Glenn,2021-01-25,27,1742,9,987,18,755,0,0,24,1080,3,331,24,1411,California
Glenn,2021-01-26,29,1771,13,1000,16,771,0,0,23,1097,6,337,23,1434,California
Glenn,2021-01-27,188,1959,14,1014,174,945,0,0,166,1241,22,359,166,1600,California
Glenn,2021-01-28,146,2105,8,1022,138,1083,0,0,116,1327,30,389,116,1716,California
Glenn,2021-01-29,297,2402,12,1034,285,1368,0,0,283,1596,14,403,283,1999,California
Glenn,2021-01-30,5,2407,0,1034,5,1373,0,0,5,1601,0,403,5,2004,California
Glenn,2021-01-31,1,2408,0,1034,1,1374,0,0,1,1602,0,403,1,2005,California
Glenn,2021-02-01,28,2436,10,1044,18,1392,0,0,16,1606,12,415,16,2021,California
Glenn,2021-02-02,28,2464,13,1057,15,1407,0,0,19,1616,9,424,19,2040,California
Glenn,2021-02-03,207,2671,58,1115,149,1556,0,0,112,1633,95,519,112,2152,California
Glenn,2021-02-04,149,2820,84,1199,65,1621,0,0,45,1574,104,623,45,2197,California
Glenn,2021-02-05,320,3140,24,1223,296,1917,0,0,301,1856,19,642,301,2498,California
Glenn,2021-02-06,14,3154,2,1225,12,1929,0,0,13,1868,1,643,13,2511,California
Glenn,2021-02-07,2,3156,2,1227,0,1929,0,0,2,1870,0,643,2,2513,California
Glenn,2021-02-08,21,3177,17,1244,4,1933,0,0,4,1857,17,660,4,2517,California
Glenn,2021-02-09,49,3226,20,1264,29,1962,0,0,36,1880,13,673,36,2553,California
Glenn,2021-02-10,138,3364,19,1283,119,2081,0,0,64,1870,74,747,64,2617,California
Glenn,2021-02-11,231,3595,132,1415,99,2180,0,0,149,1937,82,829,149,2766,California
Glenn,2021-02-12,420,4015,99,1514,321,2501,0,0,356,2229,64,893,356,3122,California
Glenn,2021-02-13,34,4049,7,1521,27,2528,0,0,16,2227,18,911,16,3138,California
Glenn,2021-02-14,1,4050,0,1521,1,2529,0,0,1,2228,0,911,1,3139,California
Glenn,2021-02-15,8,4058,0,1521,8,2537,0,0,8,2236,0,911,8,3147,California
Glenn,2021-02-16,39,4097,9,1530,30,2567,0,0,21,2239,18,929,21,3168,California
Glenn,2021-02-17,379,4476,15,1545,364,2931,0,0,301,2462,78,1007,301,3469,California
Glenn,2021-02-18,134,4610,99,1644,35,2966,0,0,110,2548,24,1031,110,3579,California
Glenn,2021-02-19,304,4914,17,1661,287,3253,0,0,30,2304,274,1305,30,3609,California
Glenn,2021-02-20,8,4922,0,1661,8,3261,0,0,0,2296,8,1313,0,3609,California
Glenn,2021-02-22,33,4955,14,1675,19,3280,0,0,17,2297,16,1329,17,3626,California
Glenn,2021-02-23,40,4995,10,1685,30,3310,0,0,28,2313,12,1341,28,3654,California
Glenn,2021-02-24,222,5217,16,1701,206,3516,0,0,48,2187,174,1515,48,3702,California
Glenn,2021-02-25,261,5478,147,1848,114,3630,0,0,117,2160,144,1659,117,3819,California
Glenn,2021-02-26,305,5783,24,1872,281,3911,0,0,20,1896,284,1943,20,3839,California
Glenn,2021-02-27,15,5798,5,1877,10,3921,0,0,5,1892,9,1952,5,3844,California
Glenn,2021-02-28,6,5804,3,1880,3,3924,0,0,3,1893,2,1954,3,3847,California
Glenn,2021-03-01,28,5832,6,1886,22,3946,0,0,12,1889,16,1970,12,3859,California
Glenn,2021-03-02,35,5867,7,1893,28,3974,0,0,17,1888,18,1988,17,3876,California
Glenn,2021-03-03,190,6057,34,1927,156,4130,0,0,98,1895,91,2079,98,3974,California
Glenn,2021-03-04,520,6577,175,2102,345,4475,0,0,376,2127,144,2223,376,4350,California
Glenn,2021-03-05,353,6930,44,2146,309,4784,0,0,34,1842,319,2542,34,4384,California
Glenn,2021-03-06,26,6956,3,2149,22,4806,1,1,9,1835,17,2559,10,4394,California
Glenn,2021-03-07,5,6961,0,2149,5,4811,0,1,3,1837,1,2560,3,4397,California
Glenn,2021-03-08,20,6981,2,2151,17,4828,1,2,18,1854,2,2562,19,4416,California
Glenn,2021-03-09,74,7055,11,2162,60,4888,3,5,50,1882,24,2586,52,4468,California
Glenn,2021-03-10,171,7226,68,2230,101,4989,2,7,95,1903,76,2662,97,4565,California
Glenn,2021-03-11,584,7810,169,2399,391,5380,24,31,454,2251,130,2792,478,5043,California
Glenn,2021-03-12,415,8225,14,2413,340,5720,61,92,39,1975,376,3168,100,5143,California
Glenn,2021-03-13,11,8236,2,2415,1,5721,8,100,1,1974,10,3178,9,5152,California
Glenn,2021-03-14,3,8239,1,2416,2,5723,0,100,2,1975,1,3179,2,5154,California
Glenn,2021-03-15,75,8314,15,2431,55,5778,5,105,60,2025,15,3194,65,5219,California
Glenn,2021-03-16,104,8418,32,2463,61,5839,11,116,63,2058,41,3235,74,5293,California
Glenn,2021-03-17,413,8831,97,2560,309,6148,7,123,110,1872,302,3537,116,5409,California
Glenn,2021-03-18,518,9349,214,2774,49,6197,255,378,144,1897,374,3911,399,5808,California
Glenn,2021-03-19,91,9440,16,2790,69,6266,6,384,70,1953,20,3931,76,5884,California
Glenn,2021-03-20,120,9560,1,2791,118,6384,1,385,118,2070,2,3933,119,6003,California
Glenn,2021-03-21,6,9566,5,2796,0,6384,1,386,3,2072,2,3935,4,6007,California
Glenn,2021-03-22,116,9682,53,2849,55,6439,8,394,96,2158,18,3953,104,6111,California
Glenn,2021-03-23,168,9850,67,2916,50,6489,51,445,95,2232,72,4025,146,6257,California
Glenn,2021-03-24,204,10054,99,3015,100,6589,5,450,133,2300,70,4095,138,6395,California
Glenn,2021-03-25,455,10509,230,3245,131,6720,94,544,326,2592,128,4223,420,6815,California
Glenn,2021-03-26,225,10734,34,3279,155,6875,36,580,175,2753,50,4273,211,7026,California
Glenn,2021-03-27,152,10886,21,3300,126,7001,5,585,142,2890,10,4283,147,7173,California
Glenn,2021-03-28,15,10901,10,3310,5,7006,0,585,10,2895,5,4288,10,7183,California
Glenn,2021-03-29,58,10959,19,3329,36,7042,3,588,44,2928,14,4302,47,7230,California
Glenn,2021-03-30,73,11032,41,3370,31,7073,1,589,43,2943,29,4331,44,7274,California
Glenn,2021-03-31,125,11157,36,3406,88,7161,1,590,55,2929,70,4401,56,7330,California
Glenn,2021-04-01,641,11798,186,3592,446,7607,9,599,231,2760,409,4810,240,7570,California
Glenn,2021-04-02,158,11956,25,3617,121,7728,12,611,122,2858,36,4846,134,7704,California
Glenn,2021-04-03,90,12046,4,3621,79,7807,7,618,79,2933,11,4857,86,7790,California
Glenn,2021-04-04,8,12054,3,3624,3,7810,2,620,4,2935,4,4861,6,7796,California
Glenn,2021-04-05,62,12116,23,3647,27,7837,12,632,26,2937,36,4897,38,7834,California
Glenn,2021-04-06,137,12253,49,3696,48,7885,40,672,35,2910,102,4999,75,7909,California
Glenn,2021-04-07,153,12406,45,3741,53,7938,55,727,72,2957,80,5079,127,8036,California
Glenn,2021-04-08,614,13020,191,3932,392,8330,31,758,139,2654,473,5552,170,8206,California
Glenn,2021-04-09,89,13109,42,3974,29,8359,18,776,47,2677,42,5594,65,8271,California
Glenn,2021-04-10,11,13120,2,3976,0,8359,9,785,2,2679,9,5603,11,8282,California
Glenn,2021-04-11,19,13139,9,3985,4,8363,6,791,1,2679,6,5609,6,8288,California
Glenn,2021-04-12,26,13165,10,3995,4,8367,12,803,0,2679,0,5609,0,8288,California
Humboldt,2020-12-15,2,2,2,2,0,0,0,0,2,2,0,0,2,2,California
Humboldt,2020-12-16,15,17,15,17,0,0,0,0,15,17,0,0,15,17,California
Humboldt,2020-12-17,116,133,116,133,0,0,0,0,116,133,0,0,116,133,California
Humboldt,2020-12-18,175,308,175,308,0,0,0,0,175,308,0,0,175,308,California
Humboldt,2020-12-19,10,318,10,318,0,0,0,0,10,318,0,0,10,318,California
Humboldt,2020-12-20,28,346,28,346,0,0,0,0,28,346,0,0,28,346,California
Humboldt,2020-12-21,165,511,165,511,0,0,0,0,165,511,0,0,165,511,California
Humboldt,2020-12-22,290,801,290,801,0,0,0,0,290,801,0,0,290,801,California
Humboldt,2020-12-23,309,1110,261,1062,48,48,0,0,310,1111,0,0,310,1111,California
Humboldt,2020-12-24,25,1135,2,1064,23,71,0,0,25,1136,0,0,25,1136,California
Humboldt,2020-12-25,2,1137,2,1066,0,71,0,0,2,1138,0,0,2,1138,California
Humboldt,2020-12-26,6,1143,5,1071,1,72,0,0,6,1144,0,0,6,1144,California
Humboldt,2020-12-28,153,1296,144,1215,9,81,0,0,153,1297,0,0,153,1297,California
Humboldt,2020-12-29,165,1461,122,1337,43,124,0,0,165,1462,0,0,165,1462,California
Humboldt,2020-12-30,223,1684,124,1461,99,223,0,0,223,1685,0,0,223,1685,California
Humboldt,2020-12-31,241,1925,79,1540,162,385,0,0,241,1926,0,0,241,1926,California
Humboldt,2021-01-01,2,1927,1,1541,1,386,0,0,2,1928,0,0,2,1928,California
Humboldt,2021-01-02,39,1966,1,1542,38,424,0,0,39,1967,0,0,39,1967,California
Humboldt,2021-01-04,213,2179,140,1682,73,497,0,0,214,2181,0,0,214,2181,California
Humboldt,2021-01-05,126,2305,18,1700,108,605,0,0,125,2305,1,1,125,2306,California
Humboldt,2021-01-06,301,2606,203,1903,98,703,0,0,229,2473,61,62,229,2535,California
Humboldt,2021-01-07,419,3025,306,2209,113,816,0,0,307,2683,97,159,307,2842,California
Humboldt,2021-01-08,417,3442,279,2488,138,954,0,0,283,2836,130,289,283,3125,California
Humboldt,2021-01-09,69,3511,45,2533,24,978,0,0,66,2900,3,292,67,3192,California
Humboldt,2021-01-10,84,3595,84,2617,0,978,0,0,4,2824,80,372,4,3196,California
Humboldt,2021-01-11,288,3883,277,2894,11,989,0,0,74,2688,210,582,74,3270,California
Humboldt,2021-01-12,479,4362,316,3210,163,1152,0,0,298,2827,159,741,298,3568,California
Humboldt,2021-01-13,476,4838,273,3483,203,1355,0,0,300,2955,173,914,301,3869,California
Humboldt,2021-01-14,518,5356,161,3644,357,1712,0,0,461,3361,56,970,462,4331,California
Humboldt,2021-01-15,374,5730,40,3684,334,2046,0,0,356,3700,17,987,356,4687,California
Humboldt,2021-01-16,169,5899,6,3690,163,2209,0,0,168,3867,1,988,168,4855,California
Humboldt,2021-01-17,6,5905,4,3694,2,2211,0,0,6,3873,0,988,6,4861,California
Humboldt,2021-01-18,291,6196,256,3950,35,2246,0,0,142,3866,149,1137,142,5003,California
Humboldt,2021-01-19,616,6812,371,4321,245,2491,0,0,490,4236,120,1257,490,5493,California
Humboldt,2021-01-20,909,7721,399,4720,510,3001,0,0,762,4862,138,1395,764,6257,California
Humboldt,2021-01-21,954,8675,260,4980,694,3695,0,0,913,5734,41,1436,913,7170,California
Humboldt,2021-01-22,673,9348,374,5354,299,3994,0,0,665,6391,8,1444,665,7835,California
Humboldt,2021-01-23,797,10145,269,5623,528,4522,0,0,788,7172,8,1452,789,8624,California
Humboldt,2021-01-24,224,10369,1,5624,223,4745,0,0,224,7396,0,1452,224,8848,California
Humboldt,2021-01-25,302,10671,232,5856,70,4815,0,0,148,7390,154,1606,148,8996,California
Humboldt,2021-01-26,523,11194,141,5997,382,5197,0,0,476,7819,47,1653,476,9472,California
Humboldt,2021-01-27,1253,12447,585,6582,668,5865,0,0,1189,8951,57,1710,1189,10661,California
Humboldt,2021-01-28,1444,13891,626,7208,818,6683,0,0,1308,10128,133,1843,1310,11971,California
Humboldt,2021-01-29,1125,15016,541,7749,584,7267,0,0,709,10422,416,2259,710,12681,California
Humboldt,2021-01-30,970,15986,458,8207,512,7779,0,0,959,11371,11,2270,960,13641,California
Humboldt,2021-01-31,308,16294,307,8514,1,7780,0,0,307,11677,1,2271,307,13948,California
Humboldt,2021-02-01,331,16625,191,8705,140,7920,0,0,187,11723,141,2412,187,14135,California
Humboldt,2021-02-02,439,17064,73,8778,366,8286,0,0,337,11962,100,2512,339,14474,California
Humboldt,2021-02-03,645,17709,258,9036,387,8673,0,0,497,12311,148,2660,497,14971,California
Humboldt,2021-02-04,638,18347,261,9297,377,9050,0,0,442,12560,193,2853,442,15413,California
Humboldt,2021-02-05,807,19154,95,9392,712,9762,0,0,624,13001,183,3036,624,16037,California
Humboldt,2021-02-06,1053,20207,442,9834,611,10373,0,0,1012,13974,40,3076,1013,17050,California
Humboldt,2021-02-07,377,20584,7,9841,370,10743,0,0,373,14344,4,3080,374,17424,California
Humboldt,2021-02-08,321,20905,140,9981,181,10924,0,0,181,14386,139,3219,181,17605,California
Humboldt,2021-02-09,491,21396,217,10198,274,11198,0,0,177,14248,315,3534,177,17782,California
Humboldt,2021-02-10,559,21955,367,10565,192,11390,0,0,233,14158,323,3857,233,18015,California
Humboldt,2021-02-11,1289,23244,391,10956,898,12288,0,0,510,13892,776,4633,510,18525,California
Humboldt,2021-02-12,1141,24385,731,11687,410,12698,0,0,704,14159,437,5070,704,19229,California
Humboldt,2021-02-13,1494,25879,550,12237,944,13642,0,0,903,14479,583,5653,903,20132,California
Humboldt,2021-02-14,113,25992,5,12242,108,13750,0,0,110,14587,2,5655,110,20242,California
Humboldt,2021-02-15,291,26283,77,12319,214,13964,0,0,194,14684,97,5752,194,20436,California
Humboldt,2021-02-16,532,26815,117,12436,415,14379,0,0,250,14653,282,6034,251,20687,California
Humboldt,2021-02-17,448,27263,279,12715,169,14548,0,0,136,14477,312,6346,136,20823,California
Humboldt,2021-02-18,966,28229,595,13310,371,14919,0,0,229,13971,735,7081,229,21052,California
Humboldt,2021-02-19,475,28704,434,13744,41,14960,0,0,90,13678,383,7464,90,21142,California
Humboldt,2021-02-20,1576,30280,971,14715,605,15565,0,0,468,13046,1102,8566,470,21612,California
Humboldt,2021-02-21,477,30757,469,15184,8,15573,0,0,186,12943,290,8856,187,21799,California
Humboldt,2021-02-22,125,30882,91,15275,34,15607,0,0,26,12873,96,8952,26,21825,California
Humboldt,2021-02-23,169,31051,69,15344,100,15707,0,0,39,12784,128,9080,39,21864,California
Humboldt,2021-02-24,1143,32194,685,16029,458,16165,0,0,567,12776,575,9655,567,22431,California
Humboldt,2021-02-25,827,33021,315,16344,512,16677,0,0,226,12403,599,10254,226,22657,California
Humboldt,2021-02-26,2140,35161,106,16450,2034,18711,0,0,454,11178,1679,11933,454,23111,California
Humboldt,2021-02-27,1686,36847,1071,17521,615,19326,0,0,868,11234,816,12749,872,23983,California
Humboldt,2021-02-28,122,36969,12,17533,110,19436,0,0,116,11344,6,12755,116,24099,California
Humboldt,2021-03-01,253,37222,45,17578,208,19644,0,0,178,11446,76,12831,178,24277,California
Humboldt,2021-03-02,283,37505,48,17626,234,19878,1,1,153,11470,130,12961,154,24431,California
Humboldt,2021-03-03,1612,39117,1083,18709,529,20407,0,1,1194,12252,413,13374,1195,25626,California
Humboldt,2021-03-04,878,39995,107,18816,771,21178,0,1,264,11903,615,13989,266,25892,California
Humboldt,2021-03-05,919,40914,177,18993,731,21909,11,12,370,11740,544,14533,381,26273,California
Humboldt,2021-03-06,1679,42593,834,19827,799,22708,46,58,706,11523,969,15502,752,27025,California
Humboldt,2021-03-07,363,42956,295,20122,50,22758,18,76,156,11491,206,15708,174,27199,California
Humboldt,2021-03-08,254,43210,7,20129,169,22927,78,154,161,11637,92,15800,238,27437,California
Humboldt,2021-03-09,451,43661,200,20329,107,23034,144,298,210,11752,239,16039,354,27791,California
Humboldt,2021-03-10,681,44342,464,20793,64,23098,153,451,412,12047,268,16307,563,28354,California
Humboldt,2021-03-11,1324,45666,459,21252,764,23862,101,552,508,11841,814,17121,608,28962,California
Humboldt,2021-03-12,1716,47382,1083,22335,419,24281,214,766,1041,12431,667,17788,1257,30219,California
Humboldt,2021-03-13,1560,48942,1021,23356,488,24769,51,817,685,12298,869,18657,736,30955,California
Humboldt,2021-03-14,139,49081,18,23374,111,24880,10,827,25,12219,114,18771,35,30990,California
Humboldt,2021-03-15,265,49346,50,23424,195,25075,20,847,49,12072,216,18987,69,31059,California
Humboldt,2021-03-16,631,49977,201,23625,170,25245,260,1107,257,12215,373,19360,516,31575,California
Humboldt,2021-03-17,725,50702,396,24021,221,25466,108,1215,332,12263,392,19752,440,32015,California
Humboldt,2021-03-18,1717,52419,1163,25184,512,25978,42,1257,1034,12662,677,20429,1076,33091,California
Humboldt,2021-03-19,1071,53490,58,25242,699,26677,314,1571,439,12787,628,21057,753,33844,California
Humboldt,2021-03-20,1373,54863,752,25994,608,27285,13,1584,429,12288,942,21999,443,34287,California
Humboldt,2021-03-21,243,55106,31,26025,184,27469,28,1612,197,12467,46,22045,225,34512,California
Humboldt,2021-03-22,110,55216,16,26041,45,27514,49,1661,55,12517,54,22099,104,34616,California
Humboldt,2021-03-23,403,55619,39,26080,321,27835,43,1704,314,12787,87,22186,357,34973,California
Humboldt,2021-03-24,1392,57011,369,26449,976,28811,47,1751,1034,13517,349,22535,1079,36052,California
Humboldt,2021-03-25,1770,58781,1170,27619,537,29348,63,1814,890,13593,877,23412,953,37005,California
Humboldt,2021-03-26,2023,60804,424,28043,1543,30891,56,1870,1581,14796,434,23846,1637,38642,California
Humboldt,2021-03-27,1903,62707,1419,29462,316,31207,168,2038,1044,15152,856,24702,1212,39854,California
Humboldt,2021-03-28,262,62969,79,29541,112,31319,71,2109,83,15128,178,24880,154,40008,California
Humboldt,2021-03-29,464,63433,123,29664,246,31565,95,2204,198,15155,265,25145,292,40300,California
Humboldt,2021-03-30,930,64363,300,29964,517,32082,113,2317,561,15463,366,25511,674,40974,California
Humboldt,2021-03-31,1841,66204,510,30474,1235,33317,96,2413,1404,16530,432,25943,1499,42473,California
Humboldt,2021-04-01,2076,68280,688,31162,1300,34617,88,2501,1469,17494,593,26536,1557,44030,California
Humboldt,2021-04-02,1676,69956,1093,32255,481,35098,102,2603,596,17119,1073,27609,698,44728,California
Humboldt,2021-04-03,1640,71596,1487,33742,137,35235,16,2619,665,16836,964,28573,681,45409,California
Humboldt,2021-04-04,468,72064,359,34101,100,35335,9,2628,397,17171,71,28644,406,45815,California
Humboldt,2021-04-05,652,72716,417,34518,214,35549,21,2649,370,17282,280,28924,391,46206,California
Humboldt,2021-04-06,696,73412,257,34775,352,35901,87,2736,509,17694,183,29107,595,46801,California
Humboldt,2021-04-07,1257,74669,920,35695,231,36132,106,2842,804,18155,448,29555,909,47710,California
Humboldt,2021-04-08,1272,75941,834,36529,359,36491,79,2921,517,18011,738,30293,594,48304,California
Humboldt,2021-04-09,654,76595,301,36830,276,36767,77,2998,475,18390,149,30442,528,48832,California
Humboldt,2021-04-10,289,76884,118,36948,17,36784,154,3152,112,18481,172,30614,263,49095,California
Humboldt,2021-04-11,567,77451,127,37075,23,36807,417,3569,6,18462,33,30647,14,49109,California
Humboldt,2021-04-12,32,77483,3,37078,10,36817,19,3588,0,18462,0,30647,0,49109,California
Imperial,2020-12-16,1,1,1,1,0,0,0,0,1,1,0,0,1,1,California
Imperial,2020-12-17,4,5,4,5,0,0,0,0,4,5,0,0,4,5,California
Imperial,2020-12-18,11,16,11,16,0,0,0,0,11,16,0,0,11,16,California
Imperial,2020-12-20,2,18,2,18,0,0,0,0,2,18,0,0,2,18,California
Imperial,2020-12-21,186,204,186,204,0,0,0,0,186,204,0,0,186,204,California
Imperial,2020-12-22,241,445,239,443,2,2,0,0,241,445,0,0,241,445,California
Imperial,2020-12-23,211,656,210,653,1,3,0,0,210,655,0,0,210,655,California
Imperial,2020-12-24,5,661,5,658,0,3,0,0,5,660,0,0,5,660,California
Imperial,2020-12-26,1,662,0,658,1,4,0,0,1,661,0,0,1,661,California
Imperial,2020-12-27,62,724,0,658,62,66,0,0,62,723,0,0,62,723,California
Imperial,2020-12-28,214,938,114,772,100,166,0,0,214,937,0,0,214,937,California
Imperial,2020-12-29,189,1127,36,808,153,319,0,0,189,1126,0,0,189,1126,California
Imperial,2020-12-30,366,1493,50,858,316,635,0,0,366,1492,0,0,366,1492,California
Imperial,2020-12-31,197,1690,26,884,171,806,0,0,197,1689,0,0,197,1689,California
Imperial,2021-01-01,46,1736,5,889,41,847,0,0,46,1735,0,0,46,1735,California
Imperial,2021-01-02,4,1740,0,889,4,851,0,0,4,1739,0,0,4,1739,California
Imperial,2021-01-03,90,1830,0,889,90,941,0,0,90,1829,0,0,90,1829,California
Imperial,2021-01-04,85,1915,5,894,80,1021,0,0,85,1914,0,0,85,1914,California
Imperial,2021-01-05,172,2087,13,907,159,1180,0,0,172,2086,0,0,172,2086,California
Imperial,2021-01-06,190,2277,25,932,165,1345,0,0,189,2274,1,1,189,2275,California
Imperial,2021-01-07,319,2596,9,941,310,1655,0,0,316,2587,3,4,316,2591,California
Imperial,2021-01-08,190,2786,50,991,140,1795,0,0,181,2759,9,13,181,2772,California
Imperial,2021-01-09,24,2810,21,1012,3,1798,0,0,24,2783,0,13,24,2796,California
Imperial,2021-01-10,1,2811,0,1012,1,1799,0,0,1,2784,0,13,1,2797,California
Imperial,2021-01-11,402,3213,244,1256,158,1957,0,0,174,2730,228,241,174,2971,California
Imperial,2021-01-12,404,3617,301,1557,103,2060,0,0,142,2611,261,502,142,3113,California
Imperial,2021-01-13,380,3997,132,1689,248,2308,0,0,280,2792,99,601,280,3393,California
Imperial,2021-01-14,259,4256,151,1840,108,2416,0,0,253,3040,5,606,253,3646,California
Imperial,2021-01-15,239,4495,182,2022,57,2473,0,0,232,3265,7,613,232,3878,California
Imperial,2021-01-16,76,4571,72,2094,4,2477,0,0,75,3339,1,614,75,3953,California
Imperial,2021-01-17,8,4579,2,2096,6,2483,0,0,8,3347,0,614,8,3961,California
Imperial,2021-01-18,1057,5636,402,2498,655,3138,0,0,958,4207,99,713,959,4920,California
Imperial,2021-01-19,164,5800,128,2626,36,3174,0,0,117,4277,47,760,117,5037,California
Imperial,2021-01-20,290,6090,194,2820,96,3270,0,0,252,4491,38,798,252,5289,California
Imperial,2021-01-21,414,6504,183,3003,231,3501,0,0,394,4865,20,818,394,5683,California
Imperial,2021-01-22,456,6960,189,3192,267,3768,0,0,447,5303,9,827,447,6130,California
Imperial,2021-01-23,1041,8001,290,3482,751,4519,0,0,1040,6342,1,828,1040,7170,California
Imperial,2021-01-24,10,8011,3,3485,7,4526,0,0,10,6352,0,828,10,7180,California
Imperial,2021-01-25,213,8224,5,3490,208,4734,0,0,34,6208,178,1006,34,7214,California
Imperial,2021-01-26,360,8584,185,3675,175,4909,0,0,216,6281,143,1149,216,7430,California
Imperial,2021-01-27,570,9154,162,3837,408,5317,0,0,238,6186,333,1482,238,7668,California
Imperial,2021-01-28,632,9786,159,3996,473,5790,0,0,525,6604,107,1589,525,8193,California
Imperial,2021-01-29,421,10207,295,4291,126,5916,0,0,371,6925,50,1639,371,8564,California
Imperial,2021-01-30,55,10262,30,4321,25,5941,0,0,38,6946,17,1656,38,8602,California
Imperial,2021-01-31,16,10278,6,4327,10,5951,0,0,15,6960,1,1657,15,8617,California
Imperial,2021-02-01,418,10696,53,4380,365,6316,0,0,209,6960,209,1866,209,8826,California
Imperial,2021-02-02,677,11373,54,4434,623,6939,0,0,496,7275,181,2047,496,9322,California
Imperial,2021-02-03,456,11829,47,4481,409,7348,0,0,266,7349,192,2239,266,9588,California
Imperial,2021-02-04,1715,13544,1196,5677,519,7867,0,0,1405,8442,312,2551,1405,10993,California
Imperial,2021-02-05,389,13933,241,5918,148,8015,0,0,153,8361,234,2785,153,11146,California
Imperial,2021-02-06,861,14794,838,6756,23,8038,0,0,825,9150,36,2821,825,11971,California
Imperial,2021-02-07,21,14815,9,6765,12,8050,0,0,22,9171,1,2822,22,11993,California
Imperial,2021-02-08,251,15066,42,6807,209,8259,0,0,183,9286,68,2890,183,12176,California
Imperial,2021-02-09,461,15527,145,6952,316,8575,0,0,306,9435,157,3047,306,12482,California
Imperial,2021-02-10,383,15910,54,7006,329,8904,0,0,94,9242,288,3335,95,12577,California
Imperial,2021-02-11,458,16368,257,7263,201,9105,0,0,89,8962,369,3704,89,12666,California
Imperial,2021-02-12,2115,18483,1405,8668,710,9815,0,0,1764,10375,351,4055,1764,14430,California
Imperial,2021-02-13,41,18524,18,8686,23,9838,0,0,34,10403,7,4062,35,14465,California
Imperial,2021-02-14,22,18546,11,8697,11,9849,0,0,21,10422,2,4064,21,14486,California
Imperial,2021-02-15,29,18575,10,8707,19,9868,0,0,23,10438,7,4071,23,14509,California
Imperial,2021-02-16,513,19088,266,8973,247,10115,0,0,295,10513,220,4291,295,14804,California
Imperial,2021-02-17,439,19527,285,9258,154,10269,0,0,86,10244,355,4646,86,14890,California
Imperial,2021-02-18,644,20171,308,9566,336,10605,0,0,145,9886,503,5149,145,15035,California
Imperial,2021-02-19,764,20935,381,9947,383,10988,0,0,191,9505,572,5721,191,15226,California
Imperial,2021-02-20,1040,21975,192,10139,848,11836,0,0,330,9124,713,6434,332,15558,California
Imperial,2021-02-21,589,22564,555,10694,34,11870,0,0,579,9693,10,6444,579,16137,California
Imperial,2021-02-22,809,23373,569,11263,240,12110,0,0,759,10402,50,6494,759,16896,California
Imperial,2021-02-23,935,24308,372,11635,563,12673,0,0,891,11243,50,6544,891,17787,California
Imperial,2021-02-24,700,25008,285,11920,415,13088,0,0,611,11758,96,6640,611,18398,California
Imperial,2021-02-25,814,25822,338,12258,476,13564,0,0,451,11850,364,7004,456,18854,California
Imperial,2021-02-26,1742,27564,1351,13609,391,13955,0,0,1591,13270,171,7175,1591,20445,California
Imperial,2021-02-27,857,28421,809,14418,48,14003,0,0,179,12712,738,7913,180,20625,California
Imperial,2021-02-28,29,28450,19,14437,10,14013,0,0,67,12770,9,7922,67,20692,California
Imperial,2021-03-01,488,28938,290,14727,198,14211,0,0,448,13158,61,7983,449,21141,California
Imperial,2021-03-02,670,29608,245,14972,425,14636,0,0,401,13274,288,8271,404,21545,California
Imperial,2021-03-03,911,30519,36,15008,874,15510,1,1,554,13474,366,8637,566,22111,California
Imperial,2021-03-04,743,31262,75,15083,668,16178,0,1,501,13746,258,8895,530,22641,California
Imperial,2021-03-05,2565,33827,1936,17019,629,16807,0,1,1250,13678,1320,10215,1252,23893,California
Imperial,2021-03-06,685,34512,236,17255,449,17256,0,1,645,14288,40,10255,650,24543,California
Imperial,2021-03-07,73,34585,41,17296,32,17288,0,1,55,14324,20,10275,56,24599,California
Imperial,2021-03-08,409,34994,328,17624,48,17336,33,34,364,14671,50,10325,397,24996,California
Imperial,2021-03-09,680,35674,310,17934,122,17458,248,282,401,15035,285,10610,649,25645,California
Imperial,2021-03-10,676,36350,309,18243,263,17721,104,386,313,15089,364,10974,418,26063,California
Imperial,2021-03-11,1782,38132,477,18720,1112,18833,193,579,1188,15882,598,11572,1391,27454,California
Imperial,2021-03-12,3696,41828,2538,21258,974,19807,184,763,2107,16590,1584,13156,2292,29746,California
Imperial,2021-03-13,1132,42960,89,21347,819,20626,224,987,849,17384,282,13438,1076,30822,California
Imperial,2021-03-14,172,43132,32,21379,128,20754,12,999,141,17507,31,13469,154,30976,California
Imperial,2021-03-15,672,43804,216,21595,197,20951,259,1258,377,17849,294,13763,636,31612,California
Imperial,2021-03-16,1064,44868,274,21869,337,21288,453,1711,528,18295,535,14298,981,32593,California
Imperial,2021-03-17,1547,46415,664,22533,747,22035,136,1847,971,18830,573,14871,1108,33701,California
Imperial,2021-03-18,1775,48190,1174,23707,541,22576,60,1907,1246,19612,527,15398,1309,35010,California
Imperial,2021-03-19,3337,51527,2443,26150,890,23466,4,1911,1502,19290,1829,17227,1507,36517,California
Imperial,2021-03-20,860,52387,551,26701,304,23770,5,1916,417,19278,440,17667,428,36945,California
Imperial,2021-03-21,215,52602,33,26734,178,23948,4,1920,157,19384,58,17725,164,37109,California
Imperial,2021-03-22,1022,53624,316,27050,699,24647,7,1927,603,19577,418,18143,611,37720,California
Imperial,2021-03-23,1378,55002,406,27456,967,25614,5,1932,883,19975,492,18635,890,38610,California
Imperial,2021-03-24,1866,56868,540,27996,900,26514,426,2358,896,20331,969,19604,1325,39935,California
Imperial,2021-03-25,2716,59584,495,28491,870,27384,1351,3709,995,20955,1678,21282,2302,42237,California
Imperial,2021-03-26,2390,61974,794,29285,726,28110,870,4579,754,20950,1630,22912,1625,43862,California
Imperial,2021-03-27,572,62546,262,29547,259,28369,51,4630,414,21261,154,23066,465,44327,California
Imperial,2021-03-28,206,62752,50,29597,154,28523,2,4632,170,21397,36,23102,172,44499,California
Imperial,2021-03-29,1152,63904,346,29943,389,28912,417,5049,312,21290,815,23917,708,45207,California
Imperial,2021-03-30,1402,65306,678,30621,588,29500,136,5185,673,21372,729,24646,811,46018,California
Imperial,2021-03-31,1525,66831,711,31332,807,30307,7,5192,1014,21886,507,25153,1021,47039,California
Imperial,2021-04-01,1713,68544,387,31719,1085,31392,241,5433,793,22004,916,26069,1034,48073,California
Imperial,2021-04-02,1232,69776,445,32164,714,32106,73,5506,720,22287,508,26577,791,48864,California
Imperial,2021-04-03,1454,71230,405,32569,1004,33110,45,5551,685,22252,765,27342,730,49594,California
Imperial,2021-04-04,82,71312,39,32608,27,33137,16,5567,24,22234,58,27400,40,49634,California
Imperial,2021-04-05,1767,73079,993,33601,718,33855,56,5623,332,21277,1343,28743,386,50020,California
Imperial,2021-04-06,1210,74289,513,34114,544,34399,153,5776,657,21539,550,29293,812,50832,California
Imperial,2021-04-07,2019,76308,538,34652,1135,35534,346,6122,1461,22797,549,29842,1807,52639,California
Imperial,2021-04-08,2006,78314,1074,35726,657,36191,275,6397,932,22990,1015,30857,1208,53847,California
Imperial,2021-04-09,1254,79568,302,36028,564,36755,388,6785,480,23203,654,31511,867,54714,California
Imperial,2021-04-10,878,80446,164,36192,656,37411,58,6843,134,22670,720,32231,187,54901,California
Imperial,2021-04-11,174,80620,21,36213,126,37537,27,6870,8,22672,32,32263,34,54935,California
Imperial,2021-04-12,266,80886,19,36232,134,37671,113,6983,0,22672,0,32263,0,54935,California
Inyo,2020-12-19,85,85,85,85,0,0,0,0,85,85,0,0,85,85,California
Inyo,2020-12-20,58,143,58,143,0,0,0,0,58,143,0,0,58,143,California
Inyo,2020-12-21,88,231,85,228,3,3,0,0,88,231,0,0,88,231,California
Inyo,2020-12-22,105,336,105,333,0,3,0,0,105,336,0,0,105,336,California
Inyo,2020-12-23,70,406,67,400,3,6,0,0,70,406,0,0,70,406,California
Inyo,2020-12-24,16,422,16,416,0,6,0,0,16,422,0,0,16,422,California
Inyo,2020-12-25,1,423,0,416,1,7,0,0,1,423,0,0,1,423,California
Inyo,2020-12-26,74,497,74,490,0,7,0,0,74,497,0,0,74,497,California
Inyo,2020-12-28,48,545,36,526,12,19,0,0,48,545,0,0,48,545,California
Inyo,2020-12-29,20,565,20,546,0,19,0,0,20,565,0,0,20,565,California
Inyo,2020-12-30,56,621,54,600,2,21,0,0,56,621,0,0,56,621,California
Inyo,2020-12-31,29,650,0,600,29,50,0,0,29,650,0,0,29,650,California
Inyo,2021-01-01,1,651,0,600,1,51,0,0,1,651,0,0,1,651,California
Inyo,2021-01-03,1,652,0,600,1,52,0,0,1,652,0,0,1,652,California
Inyo,2021-01-04,1,653,1,601,0,52,0,0,1,653,0,0,1,653,California
Inyo,2021-01-05,34,687,0,601,34,86,0,0,34,687,0,0,34,687,California
Inyo,2021-01-06,68,755,0,601,68,154,0,0,68,755,0,0,68,755,California
Inyo,2021-01-07,31,786,1,602,30,184,0,0,31,786,0,0,31,786,California
Inyo,2021-01-08,9,795,8,610,1,185,0,0,4,786,5,5,5,791,California
Inyo,2021-01-09,87,882,86,696,1,186,0,0,1,701,86,91,1,792,California
Inyo,2021-01-10,52,934,52,748,0,186,0,0,0,649,52,143,0,792,California
Inyo,2021-01-11,97,1031,82,830,15,201,0,0,16,584,81,224,16,808,California
Inyo,2021-01-12,139,1170,118,948,21,222,0,0,28,501,111,335,28,836,California
Inyo,2021-01-13,86,1256,68,1016,18,240,0,0,21,458,65,400,22,858,California
Inyo,2021-01-14,59,1315,13,1029,46,286,0,0,49,497,10,410,49,907,California
Inyo,2021-01-15,162,1477,28,1057,134,420,0,0,162,659,0,410,162,1069,California
Inyo,2021-01-16,74,1551,73,1130,1,421,0,0,1,587,73,483,1,1070,California
Inyo,2021-01-18,58,1609,36,1166,22,443,0,0,19,567,39,522,19,1089,California
Inyo,2021-01-19,116,1725,73,1239,43,486,0,0,100,651,16,538,100,1189,California
Inyo,2021-01-20,144,1869,69,1308,75,561,0,0,90,687,54,592,90,1279,California
Inyo,2021-01-21,120,1989,57,1365,63,624,0,0,119,805,1,593,119,1398,California
Inyo,2021-01-22,62,2051,0,1365,62,686,0,0,61,865,1,594,61,1459,California
Inyo,2021-01-23,52,2103,52,1417,0,686,0,0,52,917,0,594,52,1511,California
Inyo,2021-01-25,49,2152,6,1423,43,729,0,0,37,942,12,606,37,1548,California
Inyo,2021-01-26,133,2285,51,1474,82,811,0,0,127,1063,6,612,127,1675,California
Inyo,2021-01-27,23,2308,2,1476,21,832,0,0,22,1084,1,613,22,1697,California
Inyo,2021-01-28,92,2400,2,1478,90,922,0,0,63,1118,29,642,63,1760,California
Inyo,2021-01-29,25,2425,3,1481,22,944,0,0,23,1139,2,644,23,1783,California
Inyo,2021-01-30,11,2436,1,1482,10,954,0,0,11,1150,0,644,11,1794,California
Inyo,2021-01-31,32,2468,4,1486,28,982,0,0,4,1126,28,672,4,1798,California
Inyo,2021-02-01,11,2479,9,1495,2,984,0,0,1,1117,10,682,1,1799,California
Inyo,2021-02-02,129,2608,14,1509,115,1099,0,0,104,1195,26,708,104,1903,California
Inyo,2021-02-03,116,2724,0,1509,116,1215,0,0,74,1227,42,750,74,1977,California
Inyo,2021-02-04,149,2873,31,1540,118,1333,0,0,90,1258,59,809,90,2067,California
Inyo,2021-02-05,118,2991,62,1602,56,1389,0,0,116,1372,2,811,116,2183,California
Inyo,2021-02-06,4,2995,2,1604,2,1391,0,0,3,1374,1,812,3,2186,California
Inyo,2021-02-07,4,2999,2,1606,2,1393,0,0,4,1378,0,812,4,2190,California
Inyo,2021-02-08,117,3116,7,1613,110,1503,0,0,97,1455,20,832,97,2287,California
Inyo,2021-02-09,193,3309,51,1664,142,1645,0,0,122,1506,71,903,122,2409,California
Inyo,2021-02-10,143,3452,17,1681,126,1771,0,0,109,1581,34,937,109,2518,California
Inyo,2021-02-11,219,3671,56,1737,163,1934,0,0,125,1612,94,1031,125,2643,California
Inyo,2021-02-12,299,3970,52,1789,247,2181,0,0,168,1649,131,1162,168,2811,California
Inyo,2021-02-13,60,4030,55,1844,5,2186,0,0,8,1605,52,1214,8,2819,California
Inyo,2021-02-14,1,4031,0,1844,1,2187,0,0,1,1606,0,1214,1,2820,California
Inyo,2021-02-15,29,4060,9,1853,20,2207,0,0,5,1587,24,1238,5,2825,California
Inyo,2021-02-16,180,4240,49,1902,131,2338,0,0,93,1593,87,1325,93,2918,California
Inyo,2021-02-17,37,4277,4,1906,33,2371,0,0,7,1570,30,1355,7,2925,California
Inyo,2021-02-18,121,4398,5,1911,116,2487,0,0,78,1605,43,1398,78,3003,California
Inyo,2021-02-19,52,4450,4,1915,48,2535,0,0,9,1571,43,1441,9,3012,California
Inyo,2021-02-20,503,4953,499,2414,4,2539,0,0,501,2070,2,1443,501,3513,California
Inyo,2021-02-21,267,5220,267,2681,0,2539,0,0,267,2337,0,1443,267,3780,California
Inyo,2021-02-22,61,5281,19,2700,42,2581,0,0,27,2330,34,1477,27,3807,California
Inyo,2021-02-23,197,5478,20,2720,177,2758,0,0,94,2322,102,1579,94,3901,California
Inyo,2021-02-24,116,5594,0,2720,116,2874,0,0,57,2320,59,1638,57,3958,California
Inyo,2021-02-25,131,5725,3,2723,128,3002,0,0,63,2315,68,1706,63,4021,California
Inyo,2021-02-26,104,5829,61,2784,43,3045,0,0,19,2249,85,1791,19,4040,California
Inyo,2021-02-27,15,5844,4,2788,11,3056,0,0,3,2240,12,1803,3,4043,California
Inyo,2021-02-28,3,5847,1,2789,2,3058,0,0,2,2241,1,1804,2,4045,California
Inyo,2021-03-01,20,5867,2,2791,18,3076,0,0,17,2255,3,1807,17,4062,California
Inyo,2021-03-02,191,6058,1,2792,190,3266,0,0,108,2280,83,1890,108,4170,California
Inyo,2021-03-03,83,6141,2,2794,81,3347,0,0,41,2278,43,1933,41,4211,California
Inyo,2021-03-04,127,6268,4,2798,123,3470,0,0,46,2243,81,2014,46,4257,California
Inyo,2021-03-05,142,6410,57,2855,85,3555,0,0,38,2177,104,2118,38,4295,California
Inyo,2021-03-06,31,6441,1,2856,30,3585,0,0,30,2206,1,2119,30,4325,California
Inyo,2021-03-07,7,6448,4,2860,3,3588,0,0,5,2209,2,2121,5,4330,California
Inyo,2021-03-08,181,6629,5,2865,176,3764,0,0,91,2210,90,2211,91,4421,California
Inyo,2021-03-09,185,6814,2,2867,183,3947,0,0,70,2165,115,2326,70,4491,California
Inyo,2021-03-10,69,6883,8,2875,60,4007,1,1,30,2157,39,2365,31,4522,California
Inyo,2021-03-11,203,7086,1,2876,197,4204,5,6,73,2106,129,2494,78,4600,California
Inyo,2021-03-12,173,7259,4,2880,164,4368,5,11,75,2088,98,2592,80,4680,California
Inyo,2021-03-13,575,7834,540,3420,25,4393,10,21,77,1678,497,3089,87,4767,California
Inyo,2021-03-14,431,8265,429,3849,2,4395,0,21,168,1584,262,3351,168,4935,California
Inyo,2021-03-15,51,8316,15,3864,34,4429,2,23,30,1595,21,3372,32,4967,California
Inyo,2021-03-16,163,8479,3,3867,154,4583,6,29,62,1563,100,3472,68,5035,California
Inyo,2021-03-17,107,8586,3,3870,97,4680,7,36,92,1647,15,3487,99,5134,California
Inyo,2021-03-18,182,8768,14,3884,161,4841,7,43,102,1676,80,3567,109,5243,California
Inyo,2021-03-19,45,8813,3,3887,38,4879,4,47,35,1705,10,3577,39,5282,California
Inyo,2021-03-20,21,8834,1,3888,11,4890,9,56,2,1697,19,3596,11,5293,California
Inyo,2021-03-22,60,8894,2,3890,53,4943,5,61,40,1722,20,3616,45,5338,California
Inyo,2021-03-23,193,9087,4,3894,185,5128,4,65,103,1739,90,3706,107,5445,California
Inyo,2021-03-24,139,9226,3,3897,132,5260,4,69,86,1776,53,3759,90,5535,California
Inyo,2021-03-25,324,9550,104,4001,216,5476,4,73,259,1974,65,3824,263,5798,California
Inyo,2021-03-26,90,9640,2,4003,84,5560,4,77,70,2028,20,3844,74,5872,California
Inyo,2021-03-27,51,9691,44,4047,4,5564,3,80,45,2070,6,3850,48,5920,California
Inyo,2021-03-28,4,9695,1,4048,2,5566,1,81,1,2069,3,3853,2,5922,California
Inyo,2021-03-29,109,9804,2,4050,102,5668,5,86,82,2130,26,3879,87,6009,California
Inyo,2021-03-30,209,10013,3,4053,201,5869,5,91,102,2130,107,3986,107,6116,California
Inyo,2021-03-31,145,10158,4,4057,136,6005,5,96,104,2198,41,4027,109,6225,California
Inyo,2021-04-01,159,10317,5,4062,153,6158,1,97,110,2260,49,4076,111,6336,California
Inyo,2021-04-02,81,10398,1,4063,78,6236,2,99,52,2285,29,4105,54,6390,California
Inyo,2021-04-03,94,10492,46,4109,34,6270,14,113,6,2218,86,4191,19,6409,California
Inyo,2021-04-04,5,10497,4,4113,0,6270,1,114,1,2216,4,4195,2,6411,California
Inyo,2021-04-05,117,10614,1,4114,112,6382,4,118,29,2161,88,4283,33,6444,California
Inyo,2021-04-06,226,10840,4,4118,158,6540,64,182,95,2189,131,4414,159,6603,California
Inyo,2021-04-07,195,11035,2,4120,68,6608,125,307,40,2199,155,4569,165,6768,California
Inyo,2021-04-08,172,11207,16,4136,141,6749,15,322,78,2198,94,4663,93,6861,California
Inyo,2021-04-09,93,11300,5,4141,67,6816,21,343,29,2186,62,4725,50,6911,California
Inyo,2021-04-10,44,11344,1,4142,23,6839,20,363,2,2166,42,4767,22,6933,California
Inyo,2021-04-11,1,11345,0,4142,1,6840,0,363,0,2166,0,4767,0,6933,California
Inyo,2021-04-12,42,11387,0,4142,41,6881,1,364,0,2166,0,4767,0,6933,California
Kern,2020-12-15,1,1,1,1,0,0,0,0,1,1,0,0,1,1,California
Kern,2020-12-16,19,20,19,20,0,0,0,0,19,20,0,0,19,20,California
Kern,2020-12-17,164,184,164,184,0,0,0,0,164,184,0,0,164,184,California
Kern,2020-12-18,319,503,319,503,0,0,0,0,319,503,0,0,319,503,California
Kern,2020-12-19,98,601,98,601,0,0,0,0,99,602,0,0,99,602,California
Kern,2020-12-20,61,662,61,662,0,0,0,0,61,663,0,0,61,663,California
Kern,2020-12-21,669,1331,669,1331,0,0,0,0,669,1332,0,0,669,1332,California
Kern,2020-12-22,530,1861,527,1858,3,3,0,0,530,1862,0,0,530,1862,California
Kern,2020-12-23,557,2418,418,2276,139,142,0,0,557,2419,0,0,557,2419,California
Kern,2020-12-24,122,2540,43,2319,79,221,0,0,122,2541,0,0,122,2541,California
Kern,2020-12-25,1,2541,1,2320,0,221,0,0,1,2542,0,0,1,2542,California
Kern,2020-12-26,33,2574,1,2321,32,253,0,0,33,2575,0,0,33,2575,California
Kern,2020-12-27,35,2609,3,2324,32,285,0,0,35,2610,0,0,35,2610,California
Kern,2020-12-28,824,3433,660,2984,164,449,0,0,824,3434,0,0,824,3434,California
Kern,2020-12-29,745,4178,452,3436,293,742,0,0,745,4179,0,0,745,4179,California
Kern,2020-12-30,1199,5377,908,4344,291,1033,0,0,1199,5378,0,0,1199,5378,California
Kern,2020-12-31,277,5654,98,4442,179,1212,0,0,277,5655,0,0,277,5655,California
Kern,2021-01-01,10,5664,6,4448,4,1216,0,0,10,5665,0,0,10,5665,California
Kern,2021-01-02,77,5741,18,4466,59,1275,0,0,77,5742,0,0,77,5742,California
Kern,2021-01-03,23,5764,4,4470,19,1294,0,0,23,5765,0,0,23,5765,California
Kern,2021-01-04,552,6316,359,4829,193,1487,0,0,552,6317,0,0,552,6317,California
Kern,2021-01-05,1129,7445,735,5564,394,1881,0,0,1116,7421,12,12,1116,7433,California
Kern,2021-01-06,1167,8612,455,6019,712,2593,0,0,1136,8526,31,43,1136,8569,California
Kern,2021-01-07,1403,10015,493,6512,910,3503,0,0,1234,9592,168,211,1234,9803,California
Kern,2021-01-08,1627,11642,766,7278,861,4364,0,0,1331,10626,298,509,1332,11135,California
Kern,2021-01-09,225,11867,76,7354,149,4513,0,0,191,10783,34,543,191,11326,California
Kern,2021-01-10,192,12059,146,7500,46,4559,0,0,151,10893,41,584,151,11477,California
Kern,2021-01-11,1550,13609,981,8481,569,5128,0,0,998,11339,552,1136,998,12475,California
Kern,2021-01-12,1870,15479,810,9291,1060,6188,0,0,1360,12189,510,1646,1360,13835,California
Kern,2021-01-13,1856,17335,867,10158,989,7177,0,0,1434,13201,422,2068,1434,15269,California
Kern,2021-01-14,2179,19514,645,10803,1534,8711,0,0,2134,15289,46,2114,2134,17403,California
Kern,2021-01-15,2702,22216,858,11661,1844,10555,0,0,2604,17799,95,2209,2605,20008,California
Kern,2021-01-16,669,22885,212,11873,457,11012,0,0,635,18400,34,2243,635,20643,California
Kern,2021-01-17,72,22957,7,11880,65,11077,0,0,70,18468,2,2245,70,20713,California
Kern,2021-01-18,1642,24599,658,12538,984,12061,0,0,1472,19771,169,2414,1472,22185,California
Kern,2021-01-19,1847,26446,1027,13565,820,12881,0,0,1380,20684,467,2881,1380,23565,California
Kern,2021-01-20,2442,28888,1509,15074,933,13814,0,0,1817,21883,620,3501,1819,25384,California
Kern,2021-01-21,2161,31049,917,15991,1244,15058,0,0,1967,23657,193,3694,1967,27351,California
Kern,2021-01-22,2709,33758,1291,17282,1418,16476,0,0,2433,25816,274,3968,2433,29784,California
Kern,2021-01-23,1246,35004,534,17816,712,17188,0,0,1200,26970,46,4014,1200,30984,California
Kern,2021-01-24,159,35163,19,17835,140,17328,0,0,154,27119,5,4019,154,31138,California
Kern,2021-01-25,2377,37540,1081,18916,1296,18624,0,0,1894,28533,481,4500,1895,33033,California
Kern,2021-01-26,2749,40289,1114,20030,1635,20259,0,0,1898,29581,850,5350,1898,34931,California
Kern,2021-01-27,3550,43839,1896,21926,1654,21913,0,0,2853,31739,695,6045,2853,37784,California
Kern,2021-01-28,2854,46693,1346,23272,1508,23421,0,0,2425,33741,426,6471,2428,40212,California
Kern,2021-01-29,3767,50460,1799,25071,1968,25389,0,0,3228,36433,536,7007,3228,43440,California
Kern,2021-01-30,1321,51781,496,25567,825,26214,0,0,1274,37662,45,7052,1274,44714,California
Kern,2021-01-31,404,52185,277,25844,127,26341,0,0,270,37798,134,7186,270,44984,California
Kern,2021-02-01,2402,54587,812,26656,1590,27931,0,0,1855,39108,546,7732,1856,46840,California
Kern,2021-02-02,2918,57505,972,27628,1946,29877,0,0,2057,40305,861,8593,2058,48898,California
Kern,2021-02-03,3653,61158,1549,29177,2104,31981,0,0,2688,42034,959,9552,2688,51586,California
Kern,2021-02-04,3795,64953,1448,30625,2347,34328,0,0,2583,43416,1201,10753,2583,54169,California
Kern,2021-02-05,4847,69800,1990,32615,2857,37185,0,0,3089,44766,1739,12492,3089,57258,California
Kern,2021-02-06,1734,71534,765,33380,969,38154,0,0,1511,46057,220,12712,1511,58769,California
Kern,2021-02-07,284,71818,151,33531,133,38287,0,0,268,46311,14,12726,268,59037,California
Kern,2021-02-08,2559,74377,788,34319,1771,40058,0,0,1257,46284,1284,14010,1257,60294,California
Kern,2021-02-09,3022,77399,982,35301,2040,42098,0,0,1465,46200,1550,15560,1466,61760,California
Kern,2021-02-10,3780,81179,1653,36954,2127,44225,0,0,1894,46225,1870,17430,1895,63655,California
Kern,2021-02-11,4251,85430,1537,38491,2714,46939,0,0,2231,46449,2007,19437,2231,65886,California
Kern,2021-02-12,4948,90378,1891,40382,3057,49996,0,0,2482,46477,2454,21891,2482,68368,California
Kern,2021-02-13,2007,92385,725,41107,1282,51278,0,0,1165,46803,839,22730,1165,69533,California
Kern,2021-02-14,350,92735,13,41120,337,51615,0,0,269,46992,80,22810,269,69802,California
Kern,2021-02-15,2732,95467,886,42006,1846,53461,0,0,1207,46684,1516,24326,1208,71010,California
Kern,2021-02-16,2946,98413,719,42725,2227,55688,0,0,1661,47071,1275,25601,1662,72672,California
Kern,2021-02-17,4055,102468,2070,44795,1985,57673,0,0,1929,46880,2121,27722,1930,74602,California
Kern,2021-02-18,3747,106215,1472,46267,2275,59948,0,0,1619,46386,2113,29835,1619,76221,California
Kern,2021-02-19,4191,110406,1916,48183,2275,62223,0,0,1737,45677,2447,32282,1738,77959,California
Kern,2021-02-20,2572,112978,969,49152,1603,63826,0,0,1339,45787,1229,33511,1339,79298,California
Kern,2021-02-21,246,113224,140,49292,106,63932,0,0,85,45714,159,33670,86,79384,California
Kern,2021-02-22,2653,115877,1146,50438,1507,65439,0,0,1429,45923,1220,34890,1429,80813,California
Kern,2021-02-23,3529,119406,1115,51553,2414,67853,0,0,1973,46341,1555,36445,1973,82786,California
Kern,2021-02-24,5151,124557,2263,53816,2888,70741,0,0,3073,47338,2076,38521,3073,85859,California
Kern,2021-02-25,5345,129902,2442,56258,2903,73644,0,0,3170,48351,2157,40678,3170,89029,California
Kern,2021-02-26,6875,136777,3513,59771,3362,77006,0,0,4356,50190,2518,43196,4357,93386,California
Kern,2021-02-27,3847,140624,1888,61659,1959,78965,0,0,2513,51377,1326,44522,2513,95899,California
Kern,2021-02-28,905,141529,496,62155,409,79374,0,0,691,51854,214,44736,691,96590,California
Kern,2021-03-01,3968,145497,1799,63954,2169,81543,0,0,2684,53257,1281,46017,2684,99274,California
Kern,2021-03-02,4350,149847,1366,65320,2983,84526,1,1,2853,54621,1489,47506,2853,102127,California
Kern,2021-03-03,5729,155576,2664,67984,3065,87591,0,1,3653,56213,2062,49568,3654,105781,California
Kern,2021-03-04,5504,161080,2121,70105,3381,90972,2,3,3514,57753,1975,51543,3515,109296,California
Kern,2021-03-05,6431,167511,2647,72752,3767,94739,17,20,4019,59384,2405,53948,4036,113332,California
Kern,2021-03-06,4634,172145,1878,74630,2661,97400,95,115,3379,61613,1246,55194,3475,116807,California
Kern,2021-03-07,2034,174179,1582,76212,407,97807,45,160,1848,63320,186,55380,1893,118700,California
Kern,2021-03-08,2789,176968,849,77061,1728,99535,212,372,1446,63635,1341,56721,1656,120356,California
Kern,2021-03-09,3571,180539,758,77819,2430,101965,383,755,2175,64804,1337,58058,2506,122862,California
Kern,2021-03-10,6011,186550,2459,80278,2482,104447,1070,1825,3495,66865,2504,60562,4565,127427,California
Kern,2021-03-11,6256,192806,2395,82673,2846,107293,1015,2840,3720,69076,2522,63084,4733,132160,California
Kern,2021-03-12,7598,200404,2894,85567,3360,110653,1344,4184,4120,71064,3468,66552,5456,137616,California
Kern,2021-03-13,4379,204783,2293,87860,1749,112402,337,4521,2978,72978,1396,67948,3310,140926,California
Kern,2021-03-14,2261,207044,1408,89268,610,113012,243,4764,1741,74442,518,68466,1982,142908,California
Kern,2021-03-15,4214,211258,1068,90336,2436,115448,710,5474,2154,75258,2046,70512,2862,145770,California
Kern,2021-03-16,4301,215559,996,91332,2776,118224,529,6003,2310,76112,1982,72494,2836,148606,California
Kern,2021-03-17,7175,222734,3782,95114,2853,121077,540,6543,4263,78014,2899,75393,4801,153407,California
Kern,2021-03-18,6919,229653,3357,98471,2987,124064,575,7118,4103,79893,2798,78191,4677,158084,California
Kern,2021-03-19,8580,238233,4652,103123,3280,127344,648,7766,4425,80823,4141,82332,5071,163155,California
Kern,2021-03-20,5849,244082,3516,106639,2159,129503,174,7940,3786,82731,2053,84385,3961,167116,California
Kern,2021-03-21,2856,246938,1738,108377,241,129744,877,8817,1686,84131,1164,85549,2564,169680,California
Kern,2021-03-22,3902,250840,1519,109896,2026,131770,357,9174,1892,84377,2003,87552,2249,171929,California
Kern,2021-03-23,4603,255443,1637,111533,2786,134556,180,9354,2443,84870,2129,89681,2622,174551,California
Kern,2021-03-24,6942,262385,3493,115026,2980,137536,469,9823,3644,85698,3284,92965,4112,178663,California
Kern,2021-03-25,6571,268956,2863,117889,3387,140923,321,10144,3287,86036,3270,96235,3608,182271,California
Kern,2021-03-26,9380,278336,4132,122021,3999,144922,1249,11393,4658,87244,4700,100935,5908,188179,California
Kern,2021-03-27,5419,283755,3725,125746,1573,146495,121,11514,3326,88606,2085,103020,3447,191626,California
Kern,2021-03-28,4202,287957,3719,129465,469,146964,14,11528,2660,89745,1535,104555,2674,194300,California
Kern,2021-03-29,4165,292122,1621,131086,2264,149228,280,11808,2604,91080,1548,106103,2883,197183,California
Kern,2021-03-30,5415,297537,1802,132888,3307,152535,306,12114,3081,92140,2325,108428,3385,200568,California
Kern,2021-03-31,7983,305520,4156,137044,3182,155717,645,12759,4217,93252,3750,112178,4862,205430,California
Kern,2021-04-01,7523,313043,3595,140639,3632,159349,296,13055,4058,94155,3448,115626,4351,209781,California
Kern,2021-04-02,8091,321134,4175,144814,3309,162658,607,13662,4081,94845,3994,119620,4684,214465,California
Kern,2021-04-03,5645,326779,3359,148173,2104,164762,182,13844,2595,94582,3039,122659,2776,217241,California
Kern,2021-04-04,1223,328002,767,148940,372,165134,84,13928,447,94341,772,123431,531,217772,California
Kern,2021-04-05,5269,333271,2166,151106,2347,167481,756,14684,2799,95498,2396,125827,3553,221325,California
Kern,2021-04-06,6486,339757,2355,153461,2969,170450,1162,15846,3471,97214,2916,128743,4632,225957,California
Kern,2021-04-07,9155,348912,5351,158812,2862,173312,942,16788,4579,98223,4509,133252,5518,231475,California
Kern,2021-04-08,8462,357374,4696,163508,2874,176186,892,17680,3838,98547,4380,137632,4704,236179,California
Kern,2021-04-09,5632,363006,1870,165378,2980,179166,782,18462,1949,98240,3001,140633,2694,238873,California
Kern,2021-04-10,2025,365031,495,165873,1248,180414,282,18744,625,98106,1002,141635,868,239741,California
Kern,2021-04-11,754,365785,375,166248,297,180711,82,18826,46,97816,359,141994,69,239810,California
Kern,2021-04-12,1978,367763,501,166749,1165,181876,312,19138,0,97816,0,141994,0,239810,California
Kings,2020-12-16,1,1,1,1,0,0,0,0,1,1,0,0,1,1,California
Kings,2020-12-17,8,9,8,9,0,0,0,0,8,9,0,0,8,9,California
Kings,2020-12-18,12,21,12,21,0,0,0,0,12,21,0,0,12,21,California
Kings,2020-12-19,11,32,11,32,0,0,0,0,11,32,0,0,11,32,California
Kings,2020-12-20,13,45,13,45,0,0,0,0,13,45,0,0,13,45,California
Kings,2020-12-21,155,200,155,200,0,0,0,0,271,316,0,0,271,316,California
Kings,2020-12-22,143,343,143,343,0,0,0,0,140,456,0,0,140,456,California
Kings,2020-12-23,134,477,122,465,12,12,0,0,135,591,0,0,135,591,California
Kings,2020-12-24,11,488,9,474,2,14,0,0,11,602,0,0,11,602,California
Kings,2020-12-26,7,495,4,478,3,17,0,0,7,609,0,0,7,609,California
Kings,2020-12-27,4,499,4,482,0,17,0,0,4,613,0,0,4,613,California
Kings,2020-12-28,131,630,103,585,28,45,0,0,132,745,0,0,132,745,California
Kings,2020-12-29,78,708,51,636,27,72,0,0,79,824,0,0,79,824,California
Kings,2020-12-30,147,855,108,744,39,111,0,0,147,971,0,0,147,971,California
Kings,2020-12-31,43,898,6,750,37,148,0,0,43,1014,0,0,43,1014,California
Kings,2021-01-01,1,899,0,750,1,149,0,0,1,1015,0,0,1,1015,California
Kings,2021-01-02,10,909,9,759,1,150,0,0,10,1025,0,0,10,1025,California
Kings,2021-01-04,113,1022,42,801,71,221,0,0,113,1138,0,0,113,1138,California
Kings,2021-01-05,197,1219,39,840,158,379,0,0,197,1335,0,0,197,1335,California
Kings,2021-01-06,276,1495,177,1017,99,478,0,0,273,1605,3,3,273,1608,California
Kings,2021-01-07,178,1673,81,1098,97,575,0,0,170,1767,8,11,170,1778,California
Kings,2021-01-08,247,1920,54,1152,193,768,0,0,228,1976,19,30,228,2006,California
Kings,2021-01-09,63,1983,9,1161,54,822,0,0,55,2023,8,38,55,2061,California
Kings,2021-01-10,15,1998,3,1164,12,834,0,0,12,2032,3,41,12,2073,California
Kings,2021-01-11,518,2516,356,1520,162,996,0,0,274,2063,244,285,275,2348,California
Kings,2021-01-12,349,2865,252,1772,97,1093,0,0,215,2147,131,416,215,2563,California
Kings,2021-01-13,414,3279,267,2039,147,1240,0,0,323,2379,91,507,323,2886,California
Kings,2021-01-14,208,3487,31,2070,177,1417,0,0,198,2557,21,528,199,3085,California
Kings,2021-01-15,414,3901,28,2098,386,1803,0,0,402,2947,12,540,402,3487,California
Kings,2021-01-16,31,3932,12,2110,19,1822,0,0,30,2976,1,541,30,3517,California
Kings,2021-01-17,8,3940,5,2115,3,1825,0,0,6,2980,2,543,6,3523,California
Kings,2021-01-18,172,4112,40,2155,132,1957,0,0,146,3100,26,569,146,3669,California
Kings,2021-01-19,376,4488,158,2313,218,2175,0,0,248,3220,128,697,248,3917,California
Kings,2021-01-20,225,4713,135,2448,90,2265,0,0,120,3239,101,798,120,4037,California
Kings,2021-01-21,186,4899,32,2480,154,2419,0,0,172,3395,16,814,172,4209,California
Kings,2021-01-22,125,5024,38,2518,87,2506,0,0,125,3515,5,819,125,4334,California
Kings,2021-01-23,26,5050,14,2532,12,2518,0,0,20,3529,6,825,20,4354,California
Kings,2021-01-24,4,5054,4,2536,0,2518,0,0,2,3529,2,827,2,4356,California
Kings,2021-01-25,124,5178,26,2562,98,2616,0,0,90,3585,34,861,90,4446,California
Kings,2021-01-26,153,5331,34,2596,119,2735,0,0,114,3660,39,900,114,4560,California
Kings,2021-01-27,318,5649,34,2630,284,3019,0,0,248,3839,69,969,248,4808,California
Kings,2021-01-28,324,5973,46,2676,278,3297,0,0,271,4057,53,1022,271,5079,California
Kings,2021-01-29,86,6059,26,2702,60,3357,0,0,69,4109,17,1039,69,5148,California
Kings,2021-01-30,1556,7615,31,2733,1525,4882,0,0,1553,5661,3,1042,1555,6703,California
Kings,2021-02-01,199,7814,64,2797,135,5017,0,0,71,5606,126,1168,71,6774,California
Kings,2021-02-02,226,8040,14,2811,212,5229,0,0,81,5543,144,1312,81,6855,California
Kings,2021-02-03,356,8396,192,3003,164,5393,0,0,202,5592,153,1465,202,7057,California
Kings,2021-02-04,392,8788,97,3100,295,5688,0,0,197,5595,194,1659,197,7254,California
Kings,2021-02-05,254,9042,12,3112,242,5930,0,0,100,5543,152,1811,100,7354,California
Kings,2021-02-06,60,9102,10,3122,50,5980,0,0,27,5537,33,1844,27,7381,California
Kings,2021-02-07,5,9107,3,3125,2,5982,0,0,3,5538,2,1846,3,7384,California
Kings,2021-02-08,169,9276,29,3154,140,6122,0,0,68,5505,101,1947,68,7452,California
Kings,2021-02-09,252,9528,57,3211,195,6317,0,0,109,5473,141,2088,109,7561,California
Kings,2021-02-10,286,9814,112,3323,174,6491,0,0,173,5533,113,2201,173,7734,California
Kings,2021-02-11,429,10243,65,3388,364,6855,0,0,318,5741,110,2311,318,8052,California
Kings,2021-02-12,610,10853,36,3424,574,7429,0,0,341,5813,269,2580,341,8393,California
Kings,2021-02-13,102,10955,6,3430,96,7525,0,0,77,5865,25,2605,77,8470,California
Kings,2021-02-14,102,11057,4,3434,98,7623,0,0,95,5952,8,2613,95,8565,California
Kings,2021-02-15,246,11303,5,3439,241,7864,0,0,137,5981,108,2721,137,8702,California
Kings,2021-02-16,483,11786,32,3471,451,8315,0,0,250,5999,232,2953,250,8952,California
Kings,2021-02-17,378,12164,22,3493,356,8671,0,0,241,6104,137,3090,242,9194,California
Kings,2021-02-18,154,12318,23,3516,131,8802,0,0,99,6149,54,3144,99,9293,California
Kings,2021-02-19,157,12475,22,3538,135,8937,0,0,101,6197,53,3197,101,9394,California
Kings,2021-02-20,171,12646,40,3578,131,9068,0,0,134,6294,37,3234,134,9528,California
Kings,2021-02-21,2,12648,1,3579,1,9069,0,0,2,6296,0,3234,2,9530,California
Kings,2021-02-22,110,12758,19,3598,91,9160,0,0,51,6288,59,3293,51,9581,California
Kings,2021-02-23,290,13048,69,3667,221,9381,0,0,173,6344,117,3410,173,9754,California
Kings,2021-02-24,590,13638,152,3819,438,9819,0,0,378,6510,212,3622,378,10132,California
Kings,2021-02-25,661,14299,112,3931,549,10368,0,0,443,6736,217,3839,443,10575,California
Kings,2021-02-26,655,14954,130,4061,525,10893,0,0,592,7266,62,3901,592,11167,California
Kings,2021-02-27,1498,16452,62,4123,1436,12329,0,0,565,6899,932,4833,565,11732,California
Kings,2021-02-28,1169,17621,594,4717,575,12904,0,0,671,7075,495,5328,671,12403,California
Kings,2021-03-01,256,17877,77,4794,179,13083,0,0,212,7243,44,5372,212,12615,California
Kings,2021-03-02,466,18343,204,4998,262,13345,0,0,417,7612,49,5421,418,13033,California
Kings,2021-03-03,608,18951,293,5291,315,13660,0,0,422,7850,184,5605,422,13455,California
Kings,2021-03-04,709,19660,341,5632,368,14028,0,0,615,8372,94,5699,616,14071,California
Kings,2021-03-05,1000,20660,348,5980,643,14671,9,9,884,9150,116,5815,894,14965,California
Kings,2021-03-06,508,21168,183,6163,312,14983,13,22,479,9613,29,5844,492,15457,California
Kings,2021-03-07,359,21527,218,6381,137,15120,4,26,351,9960,8,5852,355,15812,California
Kings,2021-03-08,348,21875,95,6476,200,15320,53,79,239,10142,109,5961,291,16103,California
Kings,2021-03-09,460,22335,185,6661,220,15540,55,134,349,10442,105,6066,405,16508,California
Kings,2021-03-10,495,22830,120,6781,284,15824,91,225,314,10666,180,6246,404,16912,California
Kings,2021-03-11,1007,23837,307,7088,590,16414,110,335,603,10977,402,6648,713,17625,California
Kings,2021-03-12,1256,25093,383,7471,780,17194,93,428,873,11563,382,7030,968,18593,California
Kings,2021-03-13,660,25753,331,7802,285,17479,44,472,541,12030,119,7149,586,19179,California
Kings,2021-03-14,667,26420,102,7904,183,17662,382,854,200,12145,467,7616,582,19761,California
Kings,2021-03-15,605,27025,174,8078,316,17978,115,969,369,12396,235,7851,486,20247,California
Kings,2021-03-16,1040,28065,438,8516,541,18519,61,1030,706,12829,334,8185,767,21014,California
Kings,2021-03-17,1083,29148,417,8933,605,19124,61,1091,769,13352,314,8499,837,21851,California
Kings,2021-03-18,1085,30233,465,9398,400,19524,220,1311,756,14003,328,8827,979,22830,California
Kings,2021-03-19,927,31160,468,9866,374,19898,85,1396,709,14593,217,9044,807,23637,California
Kings,2021-03-20,623,31783,253,10119,340,20238,30,1426,450,14910,170,9214,487,24124,California
Kings,2021-03-21,1393,33176,1088,11207,294,20532,11,1437,836,15204,553,9767,847,24971,California
Kings,2021-03-22,446,33622,201,11408,162,20694,83,1520,275,15395,171,9938,362,25333,California
Kings,2021-03-23,882,34504,488,11896,335,21029,59,1579,569,15716,310,10248,631,25964,California
Kings,2021-03-24,904,35408,466,12362,415,21444,23,1602,501,15841,401,10649,526,26490,California
Kings,2021-03-25,876,36284,442,12804,408,21852,26,1628,439,15871,434,11083,464,26954,California
Kings,2021-03-26,1280,37564,375,13179,820,22672,85,1713,529,15739,746,11829,614,27568,California
Kings,2021-03-27,616,38180,246,13425,358,23030,12,1725,172,15481,442,12271,184,27752,California
Kings,2021-03-28,539,38719,468,13893,64,23094,7,1732,340,15637,199,12470,355,28107,California
Kings,2021-03-29,451,39170,196,14089,195,23289,60,1792,246,15739,203,12673,305,28412,California
Kings,2021-03-30,822,39992,450,14539,334,23623,38,1830,467,15896,348,13021,505,28917,California
Kings,2021-03-31,708,40700,366,14905,277,23900,65,1895,413,16085,289,13310,478,29395,California
Kings,2021-04-01,745,41445,371,15276,294,24194,80,1975,339,16104,400,13710,419,29814,California
Kings,2021-04-02,965,42410,418,15694,426,24620,121,2096,428,16131,521,14231,548,30362,California
Kings,2021-04-03,468,42878,326,16020,136,24756,6,2102,158,15993,304,14535,166,30528,California
Kings,2021-04-04,156,43034,82,16102,68,24824,6,2108,44,15932,111,14646,50,30578,California
Kings,2021-04-05,1036,44070,319,16421,467,25291,250,2358,254,15658,778,15424,504,31082,California
Kings,2021-04-06,1149,45219,427,16848,418,25709,304,2662,278,15371,868,16292,581,31663,California
Kings,2021-04-07,1335,46554,639,17487,511,26220,185,2847,413,15049,920,17212,598,32261,California
Kings,2021-04-08,1553,48107,604,18091,707,26927,242,3089,363,14475,1179,18391,605,32866,California
Kings,2021-04-09,699,48806,331,18422,235,27162,133,3222,128,14170,563,18954,258,33124,California
Kings,2021-04-10,314,49120,206,18628,64,27226,44,3266,44,13992,265,19219,87,33211,California
Kings,2021-04-11,148,49268,63,18691,80,27306,5,3271,8,13987,18,19237,13,33224,California
Kings,2021-04-12,142,49410,29,18720,74,27380,39,3310,0,13987,0,19237,0,33224,California
Lake,2020-12-17,4,4,4,4,0,0,0,0,4,4,0,0,4,4,California
Lake,2020-12-18,51,55,51,55,0,0,0,0,51,55,0,0,51,55,California
Lake,2020-12-19,3,58,3,58,0,0,0,0,3,58,0,0,3,58,California
Lake,2020-12-20,6,64,6,64,0,0,0,0,6,64,0,0,6,64,California
Lake,2020-12-21,86,150,86,150,0,0,0,0,86,150,0,0,86,150,California
Lake,2020-12-22,63,213,60,210,3,3,0,0,63,213,0,0,63,213,California
Lake,2020-12-23,123,336,114,324,9,12,0,0,123,336,0,0,123,336,California
Lake,2020-12-24,2,338,0,324,2,14,0,0,2,338,0,0,2,338,California
Lake,2020-12-26,2,340,2,326,0,14,0,0,2,340,0,0,2,340,California
Lake,2020-12-27,2,342,2,328,0,14,0,0,2,342,0,0,2,342,California
Lake,2020-12-28,52,394,43,371,9,23,0,0,52,394,0,0,52,394,California
Lake,2020-12-29,49,443,44,415,5,28,0,0,49,443,0,0,49,443,California
Lake,2020-12-30,123,566,116,531,7,35,0,0,123,566,0,0,123,566,California
Lake,2020-12-31,67,633,64,595,3,38,0,0,67,633,0,0,67,633,California
Lake,2021-01-01,1,634,0,595,1,39,0,0,1,634,0,0,1,634,California
Lake,2021-01-02,2,636,1,596,1,40,0,0,2,636,0,0,2,636,California
Lake,2021-01-04,86,722,21,617,65,105,0,0,86,722,0,0,86,722,California
Lake,2021-01-05,119,841,59,676,60,165,0,0,117,837,2,2,117,839,California
Lake,2021-01-06,105,946,65,741,40,205,0,0,103,938,2,4,103,942,California
Lake,2021-01-07,103,1049,82,823,21,226,0,0,94,1023,9,13,94,1036,California
Lake,2021-01-08,152,1201,124,947,28,254,0,0,100,1071,52,65,100,1136,California
Lake,2021-01-09,62,1263,60,1007,2,256,0,0,58,1125,4,69,58,1194,California
Lake,2021-01-10,3,1266,3,1010,0,256,0,0,0,1122,3,72,0,1194,California
Lake,2021-01-11,193,1459,152,1162,41,297,0,0,113,1155,80,152,113,1307,California
Lake,2021-01-12,80,1539,48,1210,32,329,0,0,56,1187,24,176,56,1363,California
Lake,2021-01-13,164,1703,112,1322,52,381,0,0,107,1237,57,233,107,1470,California
Lake,2021-01-14,146,1849,46,1368,100,481,0,0,124,1339,22,255,124,1594,California
Lake,2021-01-15,216,2065,92,1460,124,605,0,0,189,1501,27,282,189,1783,California
Lake,2021-01-16,137,2202,83,1543,54,659,0,0,135,1634,2,284,135,1918,California
Lake,2021-01-17,18,2220,6,1549,12,671,0,0,12,1640,6,290,12,1930,California
Lake,2021-01-18,245,2465,224,1773,21,692,0,0,127,1649,118,408,127,2057,California
Lake,2021-01-19,311,2776,117,1890,194,886,0,0,266,1871,45,453,267,2324,California
Lake,2021-01-20,419,3195,79,1969,340,1226,0,0,356,2165,62,515,356,2680,California
Lake,2021-01-21,432,3627,49,2018,383,1609,0,0,397,2527,35,550,397,3077,California
Lake,2021-01-22,315,3942,45,2063,270,1879,0,0,279,2770,36,586,279,3356,California
Lake,2021-01-23,122,4064,5,2068,117,1996,0,0,121,2890,1,587,121,3477,California
Lake,2021-01-24,4,4068,1,2069,3,1999,0,0,4,2894,0,587,4,3481,California
Lake,2021-01-25,256,4324,95,2164,161,2160,0,0,175,2988,81,668,175,3656,California
Lake,2021-01-26,427,4751,35,2199,392,2552,0,0,404,3369,23,691,404,4060,California
Lake,2021-01-27,355,5106,39,2238,316,2868,0,0,328,3671,27,718,329,4389,California
Lake,2021-01-28,499,5605,160,2398,339,3207,0,0,371,3914,128,846,371,4760,California
Lake,2021-01-29,636,6241,83,2481,553,3760,0,0,576,4430,60,906,576,5336,California
Lake,2021-01-30,557,6798,45,2526,512,4272,0,0,550,4974,6,912,550,5886,California
Lake,2021-01-31,13,6811,8,2534,5,4277,0,0,12,4985,1,913,12,5898,California
Lake,2021-02-01,179,6990,18,2552,161,4438,0,0,166,5138,13,926,166,6064,California
Lake,2021-02-02,564,7554,154,2706,410,4848,0,0,398,5370,166,1092,398,6462,California
Lake,2021-02-03,443,7997,33,2739,410,5258,0,0,339,5605,104,1196,339,6801,California
Lake,2021-02-04,118,8115,68,2807,50,5308,0,0,72,5631,46,1242,72,6873,California
Lake,2021-02-05,377,8492,68,2875,309,5617,0,0,288,5832,87,1329,288,7161,California
Lake,2021-02-06,279,8771,42,2917,237,5854,0,0,267,6087,12,1341,267,7428,California
Lake,2021-02-07,2,8773,1,2918,1,5855,0,0,2,6089,0,1341,2,7430,California
Lake,2021-02-08,279,9052,206,3124,73,5928,0,0,160,6130,119,1460,160,7590,California
Lake,2021-02-09,346,9398,25,3149,321,6249,0,0,302,6389,43,1503,302,7892,California
Lake,2021-02-10,352,9750,54,3203,298,6547,0,0,276,6589,76,1579,276,8168,California
Lake,2021-02-11,166,9916,17,3220,149,6696,0,0,55,6533,111,1690,55,8223,California
Lake,2021-02-12,373,10289,28,3248,345,7041,0,0,287,6734,86,1776,287,8510,California
Lake,2021-02-13,248,10537,9,3257,239,7280,0,0,237,6960,11,1787,237,8747,California
Lake,2021-02-14,19,10556,4,3261,15,7295,0,0,6,6953,13,1800,6,8753,California
Lake,2021-02-15,171,10727,13,3274,158,7453,0,0,8,6799,162,1962,8,8761,California
Lake,2021-02-16,418,11145,20,3294,398,7851,0,0,173,6727,245,2207,173,8934,California
Lake,2021-02-17,349,11494,51,3345,298,8149,0,0,69,6517,279,2486,69,9003,California
Lake,2021-02-18,456,11950,69,3414,387,8536,0,0,114,6290,342,2828,115,9118,California
Lake,2021-02-19,413,12363,25,3439,388,8924,0,0,89,6055,324,3152,89,9207,California
Lake,2021-02-20,295,12658,60,3499,235,9159,0,0,252,6265,42,3194,252,9459,California
Lake,2021-02-21,6,12664,6,3505,0,9159,0,0,0,6259,6,3200,0,9459,California
Lake,2021-02-22,138,12802,23,3528,115,9274,0,0,43,6207,95,3295,43,9502,California
Lake,2021-02-23,212,13014,15,3543,197,9471,0,0,26,6047,186,3481,26,9528,California
Lake,2021-02-24,955,13969,378,3921,577,10048,0,0,418,5929,536,4017,418,9946,California
Lake,2021-02-25,731,14700,462,4383,269,10317,0,0,472,6144,257,4274,472,10418,California
Lake,2021-02-26,991,15691,303,4686,688,11005,0,0,345,5847,642,4916,345,10763,California
Lake,2021-02-27,409,16100,97,4783,312,11317,0,0,326,6090,83,4999,326,11089,California
Lake,2021-02-28,19,16119,13,4796,6,11323,0,0,10,6091,9,5008,10,11099,California
Lake,2021-03-01,594,16713,52,4848,542,11865,0,0,442,6381,152,5160,442,11541,California
Lake,2021-03-02,744,17457,18,4866,726,12591,0,0,290,6217,454,5614,290,11831,California
Lake,2021-03-03,357,17814,196,5062,161,12752,0,0,133,6126,224,5838,133,11964,California
Lake,2021-03-04,576,18390,508,5570,68,12820,0,0,562,6674,14,5852,562,12526,California
Lake,2021-03-05,1037,19427,38,5608,999,13819,0,0,174,5989,859,6711,174,12700,California
Lake,2021-03-06,36,19463,11,5619,24,13843,1,1,21,5996,15,6726,22,12722,California
Lake,2021-03-07,7,19470,5,5624,2,13845,0,1,4,5997,3,6729,4,12726,California
Lake,2021-03-08,339,19809,268,5892,62,13907,9,10,299,6265,40,6769,308,13034,California
Lake,2021-03-09,917,20726,27,5919,873,14780,17,27,394,6154,522,7291,411,13445,California
Lake,2021-03-10,202,20928,58,5977,131,14911,13,40,135,6235,67,7358,148,13593,California
Lake,2021-03-11,588,21516,47,6024,65,14976,476,516,52,6227,536,7894,528,14121,California
Lake,2021-03-12,856,22372,205,6229,627,15603,24,540,366,6128,489,8383,390,14511,California
Lake,2021-03-13,276,22648,22,6251,17,15620,237,777,16,6121,259,8642,252,14763,California
Lake,2021-03-14,12,22660,2,6253,10,15630,0,777,7,6123,5,8647,7,14770,California
Lake,2021-03-15,641,23301,14,6267,610,16240,17,794,483,6465,158,8805,500,15270,California
Lake,2021-03-16,1105,24406,829,7096,259,16499,17,811,448,6276,653,9458,464,15734,California
Lake,2021-03-17,245,24651,119,7215,104,16603,22,833,88,6229,157,9615,110,15844,California
Lake,2021-03-18,748,25399,368,7583,343,16946,37,870,374,6266,373,9988,410,16254,California
Lake,2021-03-19,587,25986,321,7904,246,17192,20,890,486,6672,100,10088,506,16760,California
Lake,2021-03-20,249,26235,8,7912,238,17430,3,893,30,6488,217,10305,33,16793,California
Lake,2021-03-21,17,26252,11,7923,5,17435,1,894,12,6496,5,10310,13,16806,California
Lake,2021-03-22,318,26570,239,8162,65,17500,14,908,233,6658,85,10395,247,17053,California
Lake,2021-03-23,412,26982,18,8180,381,17881,13,921,351,6962,60,10455,364,17417,California
Lake,2021-03-24,412,27394,60,8240,344,18225,8,929,316,7192,95,10550,325,17742,California
Lake,2021-03-25,657,28051,469,8709,182,18407,6,935,174,6889,483,11033,180,17922,California
Lake,2021-03-26,71,28122,33,8742,37,18444,1,936,48,6916,22,11055,49,17971,California
Lake,2021-03-27,309,28431,7,8749,299,18743,3,939,18,6648,289,11344,21,17992,California
Lake,2021-03-28,14,28445,5,8754,9,18752,0,939,8,6650,6,11350,8,18000,California
Lake,2021-03-29,899,29344,269,9023,628,19380,2,941,193,6141,704,12054,195,18195,California
Lake,2021-03-30,449,29793,303,9326,144,19524,2,943,364,6422,85,12139,366,18561,California
Lake,2021-03-31,569,30362,61,9387,508,20032,0,943,408,6677,153,12292,408,18969,California
Lake,2021-04-01,426,30788,224,9611,190,20222,12,955,178,6622,245,12537,190,19159,California
Lake,2021-04-02,224,31012,42,9653,154,20376,28,983,102,6630,122,12659,130,19289,California
Lake,2021-04-03,31,31043,8,9661,20,20396,3,986,11,6624,20,12679,14,19303,California
Lake,2021-04-04,19,31062,10,9671,7,20403,2,988,14,6635,5,12684,16,19319,California
Lake,2021-04-05,635,31697,68,9739,546,20949,21,1009,395,6813,237,12921,415,19734,California
Lake,2021-04-06,473,32170,22,9761,424,21373,27,1036,302,6974,168,13089,329,20063,California
Lake,2021-04-07,500,32670,54,9815,404,21777,42,1078,341,7200,155,13244,381,20444,California
Lake,2021-04-08,577,33247,471,10286,47,21824,59,1137,95,6874,479,13723,153,20597,California
Lake,2021-04-09,263,33510,41,10327,163,21987,59,1196,44,6763,209,13932,98,20695,California
Lake,2021-04-10,229,33739,13,10340,7,21994,209,1405,10,6764,218,14150,219,20914,California
Lake,2021-04-11,23,33762,15,10355,5,21999,3,1408,3,6765,3,14153,4,20918,California
Lake,2021-04-12,53,33815,2,10357,40,22039,11,1419,0,6765,0,14153,0,20918,California
Lassen,2020-12-16,8,8,8,8,0,0,0,0,8,8,0,0,8,8,California
Lassen,2020-12-17,6,14,6,14,0,0,0,0,6,14,0,0,6,14,California
Lassen,2020-12-18,1,15,1,15,0,0,0,0,1,15,0,0,1,15,California
Lassen,2020-12-19,5,20,5,20,0,0,0,0,5,20,0,0,5,20,California
Lassen,2020-12-20,2,22,2,22,0,0,0,0,2,22,0,0,2,22,California
Lassen,2020-12-21,11,33,11,33,0,0,0,0,11,33,0,0,11,33,California
Lassen,2020-12-22,23,56,23,56,0,0,0,0,23,56,0,0,23,56,California
Lassen,2020-12-23,6,62,6,62,0,0,0,0,6,62,0,0,6,62,California
Lassen,2020-12-24,11,73,11,73,0,0,0,0,11,73,0,0,11,73,California
Lassen,2020-12-28,3,76,2,75,1,1,0,0,3,76,0,0,3,76,California
Lassen,2020-12-29,35,111,35,110,0,1,0,0,35,111,0,0,35,111,California
Lassen,2020-12-30,37,148,36,146,1,2,0,0,37,148,0,0,37,148,California
Lassen,2020-12-31,49,197,42,188,7,9,0,0,49,197,0,0,49,197,California
Lassen,2021-01-02,1,198,0,188,1,10,0,0,1,198,0,0,1,198,California
Lassen,2021-01-04,15,213,1,189,14,24,0,0,15,213,0,0,15,213,California
Lassen,2021-01-05,194,407,53,242,141,165,0,0,194,407,0,0,194,407,California
Lassen,2021-01-06,95,502,43,285,52,217,0,0,87,487,8,8,88,495,California
Lassen,2021-01-07,43,545,7,292,36,253,0,0,37,518,6,14,37,532,California
Lassen,2021-01-08,50,595,2,294,48,301,0,0,50,568,0,14,50,582,California
Lassen,2021-01-09,12,607,6,300,6,307,0,0,12,580,0,14,12,594,California
Lassen,2021-01-11,27,634,5,305,22,329,0,0,27,607,0,14,27,621,California
Lassen,2021-01-12,49,683,29,334,20,349,0,0,30,618,19,33,30,651,California
Lassen,2021-01-13,161,844,18,352,143,492,0,0,146,749,15,48,146,797,California
Lassen,2021-01-14,163,1007,18,370,145,637,0,0,151,888,12,60,151,948,California
Lassen,2021-01-15,33,1040,6,376,27,664,0,0,33,921,0,60,33,981,California
Lassen,2021-01-16,34,1074,33,409,1,665,0,0,34,955,0,60,34,1015,California
Lassen,2021-01-17,1,1075,0,409,1,666,0,0,1,956,0,60,1,1016,California
Lassen,2021-01-18,5,1080,2,411,3,669,0,0,4,959,1,61,4,1020,California
Lassen,2021-01-19,185,1265,36,447,149,818,0,0,157,1088,28,89,157,1177,California
Lassen,2021-01-20,188,1453,100,547,88,906,0,0,104,1123,69,158,104,1281,California
Lassen,2021-01-21,145,1598,94,641,51,957,0,0,120,1224,19,177,120,1401,California
Lassen,2021-01-22,31,1629,18,659,13,970,0,0,21,1235,10,187,21,1422,California
Lassen,2021-01-23,1,1630,0,659,1,971,0,0,1,1236,0,187,1,1423,California
Lassen,2021-01-24,1,1631,0,659,1,972,0,0,1,1237,0,187,1,1424,California
Lassen,2021-01-25,11,1642,0,659,11,983,0,0,11,1248,0,187,11,1435,California
Lassen,2021-01-26,126,1768,12,671,114,1097,0,0,123,1367,4,191,123,1558,California
Lassen,2021-01-27,82,1850,30,701,52,1149,0,0,67,1419,15,206,67,1625,California
Lassen,2021-01-28,85,1935,14,715,71,1220,0,0,84,1502,1,207,84,1709,California
Lassen,2021-01-29,23,1958,7,722,16,1236,0,0,22,1523,1,208,22,1731,California
Lassen,2021-02-01,62,2020,4,726,58,1294,0,0,36,1533,26,234,36,1767,California
Lassen,2021-02-02,178,2198,12,738,166,1460,0,0,43,1442,134,368,43,1810,California
Lassen,2021-02-03,96,2294,21,759,75,1535,0,0,51,1448,45,413,51,1861,California
Lassen,2021-02-04,112,2406,15,774,97,1632,0,0,63,1462,49,462,63,1924,California
Lassen,2021-02-05,65,2471,12,786,53,1685,0,0,23,1443,42,504,23,1947,California
Lassen,2021-02-06,69,2540,34,820,35,1720,0,0,36,1447,32,536,36,1983,California
Lassen,2021-02-07,1,2541,1,821,0,1720,0,0,1,1448,0,536,1,1984,California
Lassen,2021-02-08,43,2584,4,825,39,1759,0,0,18,1441,25,561,18,2002,California
Lassen,2021-02-09,128,2712,8,833,120,1879,0,0,49,1411,79,640,49,2051,California
Lassen,2021-02-10,182,2894,20,853,162,2041,0,0,75,1379,107,747,75,2126,California
Lassen,2021-02-11,183,3077,16,869,167,2208,0,0,79,1355,103,850,79,2205,California
Lassen,2021-02-12,43,3120,12,881,31,2239,0,0,15,1342,28,878,15,2220,California
Lassen,2021-02-13,11,3131,3,884,8,2247,0,0,9,1349,2,880,9,2229,California
Lassen,2021-02-14,13,3144,0,884,13,2260,0,0,12,1360,1,881,12,2241,California
Lassen,2021-02-15,20,3164,1,885,19,2279,0,0,16,1372,4,885,16,2257,California
Lassen,2021-02-16,193,3357,4,889,189,2468,0,0,32,1245,159,1044,32,2289,California
Lassen,2021-02-17,184,3541,94,983,90,2558,0,0,11,1083,173,1217,11,2300,California
Lassen,2021-02-18,79,3620,22,1005,57,2615,0,0,20,1044,59,1276,20,2320,California
Lassen,2021-02-19,82,3702,62,1067,20,2635,0,0,18,998,64,1340,18,2338,California
Lassen,2021-02-20,7,3709,0,1067,7,2642,0,0,5,1001,2,1342,5,2343,California
Lassen,2021-02-21,22,3731,2,1069,20,2662,0,0,18,1015,4,1346,18,2361,California
Lassen,2021-02-22,23,3754,8,1077,15,2677,0,0,5,1002,18,1364,5,2366,California
Lassen,2021-02-23,152,3906,9,1086,143,2820,0,0,40,931,111,1475,40,2406,California
Lassen,2021-02-24,165,4071,16,1102,149,2969,0,0,107,981,57,1532,107,2513,California
Lassen,2021-02-25,156,4227,19,1121,137,3106,0,0,100,1025,56,1588,100,2613,California
Lassen,2021-02-26,73,4300,16,1137,57,3163,0,0,36,1024,37,1625,36,2649,California
Lassen,2021-02-27,7,4307,7,1144,0,3163,0,0,3,1023,4,1629,3,2652,California
Lassen,2021-02-28,6,4313,1,1145,5,3168,0,0,3,1023,3,1632,3,2655,California
Lassen,2021-03-01,40,4353,4,1149,36,3204,0,0,7,997,33,1665,7,2662,California
Lassen,2021-03-02,103,4456,6,1155,97,3301,0,0,78,1050,25,1690,78,2740,California
Lassen,2021-03-03,168,4624,12,1167,156,3457,0,0,111,1104,57,1747,111,2851,California
Lassen,2021-03-04,147,4771,14,1181,133,3590,0,0,98,1154,48,1795,98,2949,California
Lassen,2021-03-05,47,4818,7,1188,17,3607,23,23,11,1152,36,1831,34,2983,California
Lassen,2021-03-06,51,4869,4,1192,28,3635,19,42,4,1128,47,1878,23,3006,California
Lassen,2021-03-07,56,4925,1,1193,0,3635,55,97,1,1129,55,1933,56,3062,California
Lassen,2021-03-08,89,5014,1,1194,8,3643,80,177,3,1127,85,2018,83,3145,California
Lassen,2021-03-09,136,5150,11,1205,108,3751,17,194,89,1186,47,2065,106,3251,California
Lassen,2021-03-10,172,5322,10,1215,161,3912,1,195,79,1173,93,2158,80,3331,California
Lassen,2021-03-11,185,5507,16,1231,162,4074,7,202,113,1224,69,2227,120,3451,California
Lassen,2021-03-12,34,5541,18,1249,12,4086,4,206,12,1218,22,2249,16,3467,California
Lassen,2021-03-13,49,5590,0,1249,3,4089,46,252,1,1216,48,2297,46,3513,California
Lassen,2021-03-14,14,5604,2,1251,11,4100,1,253,2,1207,12,2309,3,3516,California
Lassen,2021-03-15,31,5635,0,1251,31,4131,0,253,15,1206,16,2325,15,3531,California
Lassen,2021-03-16,91,5726,2,1253,83,4214,6,259,73,1267,18,2343,79,3610,California
Lassen,2021-03-17,1080,6806,8,1261,1067,5281,5,264,1061,2315,18,2361,1066,4676,California
Lassen,2021-03-18,96,6902,10,1271,85,5366,1,265,82,2384,14,2375,83,4759,California
Lassen,2021-03-19,17,6919,11,1282,2,5368,4,269,7,2385,10,2385,11,4770,California
Lassen,2021-03-20,29,6948,3,1285,23,5391,3,272,23,2405,6,2391,26,4796,California
Lassen,2021-03-21,34,6982,0,1285,34,5425,0,272,14,2400,19,2410,14,4810,California
Lassen,2021-03-22,55,7037,0,1285,55,5480,0,272,52,2449,3,2413,52,4862,California
Lassen,2021-03-23,119,7156,9,1294,109,5589,1,273,69,2470,49,2462,70,4932,California
Lassen,2021-03-24,210,7366,12,1306,198,5787,0,273,106,2473,103,2565,106,5038,California
Lassen,2021-03-25,150,7516,21,1327,129,5916,0,273,68,2459,82,2647,68,5106,California
Lassen,2021-03-26,76,7592,12,1339,25,5941,39,312,15,2454,59,2706,54,5160,California
Lassen,2021-03-27,19,7611,3,1342,1,5942,15,327,3,2456,16,2722,18,5178,California
Lassen,2021-03-28,18,7629,3,1345,5,5947,10,337,4,2456,14,2736,14,5192,California
Lassen,2021-03-29,52,7681,1,1346,26,5973,25,362,21,2471,31,2767,46,5238,California
Lassen,2021-03-30,197,7878,9,1355,163,6136,25,387,50,2399,147,2914,75,5313,California
Lassen,2021-03-31,146,8024,12,1367,112,6248,22,409,62,2399,84,2998,84,5397,California
Lassen,2021-04-01,161,8185,16,1383,126,6374,19,428,49,2361,106,3104,68,5465,California
Lassen,2021-04-02,27,8212,3,1386,3,6377,21,449,1,2357,26,3130,22,5487,California
Lassen,2021-04-03,12,8224,0,1386,2,6379,10,459,0,2355,12,3142,10,5497,California
Lassen,2021-04-04,7,8231,2,1388,0,6379,5,464,1,2355,6,3148,6,5503,California
Lassen,2021-04-05,24,8255,5,1393,12,6391,7,471,12,2363,11,3159,19,5522,California
Lassen,2021-04-06,179,8434,7,1400,142,6533,30,501,49,2312,130,3289,79,5601,California
Lassen,2021-04-07,135,8569,7,1407,92,6625,36,537,35,2283,100,3389,71,5672,California
Lassen,2021-04-08,123,8692,8,1415,65,6690,50,587,25,2265,93,3482,75,5747,California
Lassen,2021-04-09,40,8732,3,1418,8,6698,29,616,3,2259,36,3518,30,5777,California
Lassen,2021-04-10,9,8741,0,1418,2,6700,7,623,1,2259,8,3526,8,5785,California
Lassen,2021-04-11,7,8748,2,1420,0,6700,5,628,1,2260,3,3529,4,5789,California
Lassen,2021-04-12,9,8757,2,1422,6,6706,1,629,0,2260,0,3529,0,5789,California
Los Angeles,2020-12-15,392,392,392,392,0,0,0,0,391,391,0,0,391,391,California
Los Angeles,2020-12-16,3360,3752,3360,3752,0,0,0,0,3360,3751,0,0,3360,3751,California
Los Angeles,2020-12-17,10228,13980,10228,13980,0,0,0,0,10228,13979,0,0,10228,13979,California
Los Angeles,2020-12-18,14498,28478,14477,28457,21,21,0,0,14498,28477,0,0,14498,28477,California
Los Angeles,2020-12-19,7214,35692,7207,35664,7,28,0,0,7214,35691,0,0,7214,35691,California
Los Angeles,2020-12-20,4574,40266,4567,40231,7,35,0,0,4576,40267,0,0,4576,40267,California
Los Angeles,2020-12-21,13665,53931,13653,53884,12,47,0,0,13665,53931,1,1,13665,53932,California
Los Angeles,2020-12-22,11494,65425,11115,64999,379,426,0,0,11495,65425,1,2,11495,65427,California
Los Angeles,2020-12-23,11865,77290,10110,75109,1755,2181,0,0,11866,77291,0,2,11866,77293,California
Los Angeles,2020-12-24,7004,84294,4238,79347,2766,4947,0,0,7007,84298,0,2,7007,84300,California
Los Angeles,2020-12-25,521,84815,416,79763,105,5052,0,0,521,84819,0,2,521,84821,California
Los Angeles,2020-12-26,2524,87339,2179,81942,345,5397,0,0,2523,87341,1,3,2523,87344,California
Los Angeles,2020-12-27,1751,89090,1021,82963,730,6127,0,0,1751,89092,0,3,1751,89095,California
Los Angeles,2020-12-28,10251,99341,6353,89316,3898,10025,0,0,10247,99338,1,4,10247,99342,California
Los Angeles,2020-12-29,11570,110911,6056,95372,5514,15539,0,0,11570,110908,0,4,11570,110912,California
Los Angeles,2020-12-30,14840,125751,8077,103449,6763,22302,0,0,14835,125743,0,4,14835,125747,California
Los Angeles,2020-12-31,7893,133644,2742,106191,5151,27453,0,0,7888,133630,1,5,7888,133635,California
Los Angeles,2021-01-01,940,134584,247,106438,693,28146,0,0,937,134567,0,5,937,134572,California
Los Angeles,2021-01-02,4432,139016,1648,108086,2784,30930,0,0,4432,138999,0,5,4432,139004,California
Los Angeles,2021-01-03,918,139934,203,108289,715,31645,0,0,916,139914,1,6,916,139920,California
Los Angeles,2021-01-04,12642,152576,4838,113127,7804,39449,0,0,12622,152533,3,9,12622,152542,California
Los Angeles,2021-01-05,15972,168548,7059,120186,8913,48362,0,0,14066,164727,1873,1882,14067,166609,California
Los Angeles,2021-01-06,22460,191008,12033,132219,10427,58789,0,0,16882,176108,5508,7390,16889,183498,California
Los Angeles,2021-01-07,29303,220311,15779,147998,13524,72313,0,0,18821,184505,10434,17824,18831,202329,California
Los Angeles,2021-01-08,32990,253301,17855,165853,15135,87448,0,0,20798,193148,12163,29987,20806,223135,California
Los Angeles,2021-01-09,12322,265623,7049,172902,5273,92721,0,0,7465,195764,4855,34842,7471,230606,California
Los Angeles,2021-01-10,4643,270266,3626,176528,1017,93738,0,0,1917,194956,2726,37568,1918,232524,California
Los Angeles,2021-01-11,25713,295979,16205,192733,9508,103246,0,0,14800,198859,10903,48471,14806,247330,California
Los Angeles,2021-01-12,29116,325095,16025,208758,13091,116337,0,0,19011,207795,10083,58554,19019,266349,California
Los Angeles,2021-01-13,29182,354277,15588,224346,13594,129931,0,0,20255,219149,8906,67460,20260,286609,California
Los Angeles,2021-01-14,29190,383467,12690,237036,16500,146431,0,0,23698,237384,5472,72932,23707,310316,California
Los Angeles,2021-01-15,33672,417139,12318,249354,21354,167785,0,0,30110,263972,3531,76463,30119,340435,California
Los Angeles,2021-01-16,17499,434638,4952,254306,12547,180332,0,0,15721,277930,1768,78231,15726,356161,California
Los Angeles,2021-01-17,5169,439807,2291,256597,2878,183210,0,0,4925,282614,243,78474,4927,361088,California
Los Angeles,2021-01-18,15547,455354,10042,266639,5505,188715,0,0,10848,288778,4685,83159,10849,371937,California
Los Angeles,2021-01-19,38366,493720,20518,287157,17848,206563,0,0,30599,311664,7721,90880,30607,402544,California
Los Angeles,2021-01-20,45477,539197,23689,310846,21788,228351,0,0,37994,342219,7447,98327,38002,440546,California
Los Angeles,2021-01-21,48437,587634,22319,333165,26118,254469,0,0,44195,382254,4172,102499,44207,484753,California
Los Angeles,2021-01-22,47552,635186,22171,355336,25381,279850,0,0,44154,423064,3350,105849,44160,528913,California
Los Angeles,2021-01-23,33860,669046,15659,370995,18201,298051,0,0,31822,452890,2005,107854,31831,560744,California
Los Angeles,2021-01-24,15666,684712,12157,383152,3509,301560,0,0,15120,467473,538,108392,15121,575865,California
Los Angeles,2021-01-25,38511,723223,16338,399490,22173,323733,0,0,30079,489182,8393,116785,30102,605967,California
Los Angeles,2021-01-26,48984,772207,24300,423790,24684,348417,0,0,40837,521960,8080,124865,40858,646825,California
Los Angeles,2021-01-27,48141,820348,25666,449456,22475,370892,0,0,39014,552004,8987,133852,39031,685856,California
Los Angeles,2021-01-28,48290,868638,22983,472439,25307,396199,0,0,39969,583783,8204,142056,39983,725839,California
Los Angeles,2021-01-29,49025,917663,25275,497714,23750,419949,0,0,39040,613206,9629,151685,39052,764891,California
Los Angeles,2021-01-30,29885,947548,15343,513057,14542,434491,0,0,25780,634960,4029,155714,25783,790674,California
Los Angeles,2021-01-31,12951,960499,10331,523388,2620,437111,0,0,12047,646111,899,156613,12050,802724,California
Los Angeles,2021-02-01,37811,998310,16070,539458,21741,458852,0,0,27611,663563,10168,166781,27620,830344,California
Los Angeles,2021-02-02,44026,1042336,17808,557266,26218,485070,0,0,31906,683385,12088,178869,31910,862254,California
Los Angeles,2021-02-03,51898,1094234,19413,576679,32485,517555,0,0,37280,706277,14394,193263,37286,899540,California
Los Angeles,2021-02-04,57006,1151240,20615,597294,36391,553946,0,0,39019,727618,17689,210952,39030,938570,California
Los Angeles,2021-02-05,60896,1212136,20936,618230,39960,593906,0,0,39142,745432,21346,232298,39160,977730,California
Los Angeles,2021-02-06,35373,1247509,13239,631469,22134,616040,0,0,26992,764135,8310,240608,27013,1004743,California
Los Angeles,2021-02-07,10752,1258261,8344,639813,2408,618448,0,0,8395,770185,2351,242959,8401,1013144,California
Los Angeles,2021-02-08,46567,1304828,21401,661214,25166,643614,0,0,30485,784720,15953,258912,30488,1043632,California
Los Angeles,2021-02-09,55608,1360436,24537,685751,31071,674685,0,0,28354,785893,27199,286111,28372,1072004,California
Los Angeles,2021-02-10,66693,1427129,29309,715060,37384,712069,0,0,30932,781445,35398,321509,30950,1102954,California
Los Angeles,2021-02-11,57746,1484875,30758,745818,26988,739057,0,0,27929,779990,29396,350905,27941,1130895,California
Los Angeles,2021-02-12,59332,1544207,29731,775549,29601,768658,0,0,25927,772865,33069,383974,25944,1156839,California
Los Angeles,2021-02-13,33741,1577948,19590,795139,14151,782809,0,0,15470,770206,18174,402148,15515,1172354,California
Los Angeles,2021-02-14,21844,1599792,14948,810087,6896,789705,0,0,8783,765980,13013,415161,8787,1181141,California
Los Angeles,2021-02-15,32285,1632077,15773,825860,16512,806217,0,0,17748,769256,14482,429643,17758,1198899,California
Los Angeles,2021-02-16,63737,1695814,32396,858256,31341,837558,0,0,29872,765335,33804,463447,29883,1228782,California
Los Angeles,2021-02-17,63756,1759570,34131,892387,29625,867183,0,0,26332,754411,37262,500709,26338,1255120,California
Los Angeles,2021-02-18,67938,1827508,34575,926962,33363,900546,0,0,28583,743899,39105,539814,28593,1283713,California
Los Angeles,2021-02-19,56809,1884317,34903,961865,21906,922452,0,0,28304,743816,28404,568218,28321,1312034,California
Los Angeles,2021-02-20,31957,1916274,23733,985598,8224,930676,0,0,15599,743130,16294,584512,15608,1327642,California
Los Angeles,2021-02-21,16411,1932685,14781,1000379,1630,932306,0,0,8412,743592,7958,592470,8420,1336062,California
Los Angeles,2021-02-22,33993,1966678,24823,1025202,9170,941476,0,0,17625,744930,16299,608769,17637,1353699,California
Los Angeles,2021-02-23,53130,2019808,22588,1047790,30542,972018,0,0,21040,733984,32011,640780,21065,1374764,California
Los Angeles,2021-02-24,63568,2083376,27901,1075691,35667,1007685,0,0,27965,726507,35459,676239,27982,1402746,California
Los Angeles,2021-02-25,72799,2156175,33370,1109061,39429,1047114,0,0,38308,730454,34371,710610,38318,1441064,California
Los Angeles,2021-02-26,82309,2238484,38386,1147447,43923,1091037,0,0,47233,742838,34871,745481,47255,1488319,California
Los Angeles,2021-02-27,58334,2296818,24778,1172225,33554,1124591,2,2,29877,744389,28350,773831,29901,1518220,California
Los Angeles,2021-02-28,26671,2323489,18408,1190633,8263,1132854,0,2,18882,755499,7776,781607,18886,1537106,California
Los Angeles,2021-03-01,55053,2378542,30724,1221357,24319,1157173,10,12,33392,767356,21560,803167,33417,1570523,California
Los Angeles,2021-03-02,70013,2448555,30963,1252320,39049,1196222,1,13,42839,783117,27088,830255,42849,1613372,California
Los Angeles,2021-03-03,80738,2529293,40443,1292763,40290,1236512,5,18,50521,803571,30095,860350,50549,1663921,California
Los Angeles,2021-03-04,88140,2617433,45446,1338209,42685,1279197,9,27,55595,826781,32406,892756,55616,1719537,California
Los Angeles,2021-03-05,86627,2704060,42052,1380261,44555,1323752,20,47,57742,855943,28630,921386,57792,1777329,California
Los Angeles,2021-03-06,65279,2769339,32693,1412954,30787,1354539,1799,1846,41848,876426,23178,944564,43661,1820990,California
Los Angeles,2021-03-07,25442,2794781,19186,1432140,5475,1360014,781,2627,19629,891044,5793,950357,20411,1841401,California
Los Angeles,2021-03-08,50907,2845688,26420,1458560,22554,1382568,1933,4560,38314,918782,12511,962868,40249,1881650,California
Los Angeles,2021-03-09,67932,2913620,25653,1484213,39015,1421583,3264,7824,40614,935480,27180,990048,43878,1925528,California
Los Angeles,2021-03-10,78190,2991810,36880,1521093,36693,1458276,4617,12441,49131,960282,28918,1018966,53720,1979248,California
Los Angeles,2021-03-11,90637,3082447,44092,1565185,40340,1498616,6205,18646,53315,982596,37181,1056147,59495,2038743,California
Los Angeles,2021-03-12,95408,3177855,42378,1607563,39460,1538076,13570,32216,55571,1012044,39660,1095807,69108,2107851,California
Los Angeles,2021-03-13,72098,3249953,33373,1640936,26897,1564973,11828,44044,43003,1037873,28984,1124791,54813,2162664,California
Los Angeles,2021-03-14,37751,3287704,25252,1666188,10093,1575066,2406,46450,25345,1053266,12348,1137139,27741,2190405,California
Los Angeles,2021-03-15,73109,3360813,35369,1701557,32437,1607503,5303,51753,44485,1075015,28035,1165174,49784,2240189,California
Los Angeles,2021-03-16,97247,3458060,41859,1743416,49680,1657183,5708,57461,63393,1110427,33674,1198848,69086,2309275,California
Los Angeles,2021-03-17,93325,3551385,42375,1785791,43016,1700199,7934,65395,62420,1150283,30472,1229320,70328,2379603,California
Los Angeles,2021-03-18,97221,3648606,46266,1832057,45823,1746022,5132,70527,61689,1181972,35124,1264444,66813,2446416,California
Los Angeles,2021-03-19,104311,3752917,54260,1886317,45482,1791504,4569,75096,64847,1212173,39219,1303663,69420,2515836,California
Los Angeles,2021-03-20,73846,3826763,35919,1922236,33684,1825188,4243,79339,51337,1245394,22354,1326017,55575,2571411,California
Los Angeles,2021-03-21,33362,3860125,24649,1946885,7873,1833061,840,80179,21701,1256353,11580,1337597,22539,2593950,California
Los Angeles,2021-03-22,67357,3927482,39974,1986859,25432,1858493,1951,82130,48053,1287271,19086,1356683,50004,2643954,California
Los Angeles,2021-03-23,92485,4019967,49986,2036845,39596,1898089,2903,85033,61751,1321450,30473,1387156,64652,2708606,California
Los Angeles,2021-03-24,101038,4121005,53772,2090617,44421,1942510,2845,87878,60080,1343720,40648,1427804,62918,2771524,California
Los Angeles,2021-03-25,105747,4226752,56576,2147193,45625,1988135,3546,91424,60873,1363499,44631,1472435,64410,2835934,California
Los Angeles,2021-03-26,110938,4337690,60579,2207772,46286,2034421,4073,95497,63557,1383964,47150,1519585,67615,2903549,California
Los Angeles,2021-03-27,80311,4418001,42016,2249788,36205,2070626,2090,97587,41975,1389929,38103,1557688,44068,2947617,California
Los Angeles,2021-03-28,40544,4458545,27148,2276936,12814,2083440,582,98169,20651,1391343,19819,1577507,21233,2968850,California
Los Angeles,2021-03-29,80551,4539096,45507,2322443,33465,2116905,1579,99748,46333,1405214,34040,1611547,47911,3016761,California
Los Angeles,2021-03-30,105570,4644666,49415,2371858,50465,2167370,5690,105438,65253,1436002,40141,1651688,70929,3087690,California
Los Angeles,2021-03-31,118139,4762805,59130,2430988,50590,2217960,8419,113857,69920,1466451,47866,1699554,78315,3166005,California
Los Angeles,2021-04-01,126732,4889537,57927,2488915,54222,2272182,14583,128440,70404,1495310,56032,1755586,84891,3250896,California
Los Angeles,2021-04-02,125095,5014632,54396,2543311,55970,2328152,14729,143169,68138,1521537,56601,1812187,82828,3333724,California
Los Angeles,2021-04-03,93100,5107732,41270,2584581,38885,2367037,12945,156114,47009,1535528,45937,1858124,59928,3393652,California
Los Angeles,2021-04-04,37676,5145408,19705,2604286,11970,2379007,6001,162115,16154,1536338,21318,1879442,22128,3415780,California
Los Angeles,2021-04-05,89311,5234719,43157,2647443,36401,2415408,9753,171868,43895,1544748,45194,1924636,53604,3469384,California
Los Angeles,2021-04-06,118014,5352733,55622,2703065,42745,2458153,19647,191515,54916,1556501,62693,1987329,74446,3543830,California
Los Angeles,2021-04-07,116923,5469656,53563,2756628,43720,2501873,19640,211155,54370,1568282,62156,2049485,73937,3617767,California
Los Angeles,2021-04-08,125974,5595630,56418,2813046,46833,2548706,22723,233878,57434,1580646,67552,2117037,79916,3697683,California
Los Angeles,2021-04-09,90542,5686172,34761,2847807,42236,2590942,13545,247423,38920,1583741,48519,2165556,51614,3749297,California
Los Angeles,2021-04-10,57139,5743311,20704,2868511,26367,2617309,10068,257491,22544,1582488,33609,2199165,32356,3781653,California
Los Angeles,2021-04-11,21466,5764777,9792,2878303,9393,2626702,2281,259772,3404,1583301,3422,2202587,4235,3785888,California
Los Angeles,2021-04-12,24485,5789262,7728,2886031,14058,2640760,2699,262471,0,1583301,0,2202587,0,3785888,California
Madera,2020-12-16,22,22,22,22,0,0,0,0,22,22,0,0,22,22,California
Madera,2020-12-17,13,35,13,35,0,0,0,0,13,35,0,0,13,35,California
Madera,2020-12-18,61,96,61,96,0,0,0,0,61,96,0,0,61,96,California
Madera,2020-12-19,6,102,6,102,0,0,0,0,6,102,0,0,6,102,California
Madera,2020-12-20,14,116,14,116,0,0,0,0,14,116,0,0,14,116,California
Madera,2020-12-21,60,176,60,176,0,0,0,0,60,176,0,0,60,176,California
Madera,2020-12-22,98,274,96,272,2,2,0,0,98,274,0,0,98,274,California
Madera,2020-12-23,69,343,69,341,0,2,0,0,69,343,0,0,69,343,California
Madera,2020-12-24,44,387,39,380,5,7,0,0,44,387,0,0,44,387,California
Madera,2020-12-26,28,415,26,406,2,9,0,0,28,415,0,0,28,415,California
Madera,2020-12-27,30,445,12,418,18,27,0,0,30,445,0,0,30,445,California
Madera,2020-12-28,105,550,36,454,69,96,0,0,105,550,0,0,105,550,California
Madera,2020-12-29,173,723,40,494,133,229,0,0,173,723,0,0,173,723,California
Madera,2020-12-30,217,940,86,580,131,360,0,0,217,940,0,0,217,940,California
Madera,2020-12-31,202,1142,80,660,122,482,0,0,202,1142,0,0,202,1142,California
Madera,2021-01-02,85,1227,30,690,55,537,0,0,85,1227,0,0,85,1227,California
Madera,2021-01-03,5,1232,5,695,0,537,0,0,5,1232,0,0,5,1232,California
Madera,2021-01-04,128,1360,64,759,64,601,0,0,128,1360,0,0,128,1360,California
Madera,2021-01-05,279,1639,143,902,136,737,0,0,274,1629,5,5,274,1634,California
Madera,2021-01-06,183,1822,27,929,156,893,0,0,163,1772,20,25,163,1797,California
Madera,2021-01-07,375,2197,93,1022,282,1175,0,0,353,2103,22,47,353,2150,California
Madera,2021-01-08,417,2614,72,1094,345,1520,0,0,362,2412,54,101,363,2513,California
Madera,2021-01-09,37,2651,14,1108,23,1543,0,0,28,2431,9,110,28,2541,California
Madera,2021-01-10,17,2668,14,1122,3,1546,0,0,5,2424,12,122,5,2546,California
Madera,2021-01-11,230,2898,182,1304,48,1594,0,0,187,2568,43,165,187,2733,California
Madera,2021-01-12,392,3290,159,1463,233,1827,0,0,285,2746,107,272,285,3018,California
Madera,2021-01-13,186,3476,92,1555,94,1921,0,0,129,2819,57,329,130,3148,California
Madera,2021-01-14,555,4031,82,1637,473,2394,0,0,521,3306,34,363,521,3669,California
Madera,2021-01-15,596,4627,158,1795,438,2832,0,0,575,3861,20,383,575,4244,California
Madera,2021-01-16,378,5005,47,1842,331,3163,0,0,349,4181,29,412,349,4593,California
Madera,2021-01-17,334,5339,14,1856,320,3483,0,0,330,4507,4,416,330,4923,California
Madera,2021-01-18,75,5414,59,1915,16,3499,0,0,56,4545,18,434,56,4979,California
Madera,2021-01-19,565,5979,130,2045,435,3934,0,0,538,5057,27,461,539,5518,California
Madera,2021-01-20,234,6213,80,2125,154,4088,0,0,206,5236,27,488,206,5724,California
Madera,2021-01-21,236,6449,129,2254,107,4195,0,0,203,5408,31,519,203,5927,California
Madera,2021-01-22,255,6704,83,2337,172,4367,0,0,242,5637,13,532,242,6169,California
Madera,2021-01-23,100,6804,52,2389,48,4415,0,0,76,5689,24,556,76,6245,California
Madera,2021-01-24,102,6906,82,2471,20,4435,0,0,78,5744,23,579,78,6323,California
Madera,2021-01-25,252,7158,121,2592,131,4566,0,0,140,5772,112,691,140,6463,California
Madera,2021-01-26,480,7638,188,2780,292,4858,0,0,292,5879,187,878,294,6757,California
Madera,2021-01-27,735,8373,63,2843,672,5530,0,0,600,6345,135,1013,601,7358,California
Madera,2021-01-28,535,8908,103,2946,432,5962,0,0,431,6672,104,1117,431,7789,California
Madera,2021-01-29,466,9374,95,3041,371,6333,0,0,410,7026,56,1173,410,8199,California
Madera,2021-01-30,503,9877,15,3056,488,6821,0,0,449,7421,54,1227,449,8648,California
Madera,2021-01-31,9,9886,6,3062,3,6824,0,0,8,7428,1,1228,8,8656,California
Madera,2021-02-01,256,10142,72,3134,184,7008,0,0,199,7570,57,1285,199,8855,California
Madera,2021-02-02,249,10391,86,3220,163,7171,0,0,160,7642,88,1373,160,9015,California
Madera,2021-02-03,590,10981,457,3677,133,7304,0,0,472,7999,116,1489,473,9488,California
Madera,2021-02-04,384,11365,120,3797,264,7568,0,0,110,7837,273,1762,111,9599,California
Madera,2021-02-05,967,12332,293,4090,674,8242,0,0,361,7598,601,2363,362,9961,California
Madera,2021-02-06,359,12691,324,4414,35,8277,0,0,319,7879,38,2401,319,10280,California
Madera,2021-02-07,35,12726,7,4421,28,8305,0,0,30,7904,5,2406,30,10310,California
Madera,2021-02-08,382,13108,306,4727,76,8381,0,0,269,8061,112,2518,269,10579,California
Madera,2021-02-09,474,13582,115,4842,359,8740,0,0,194,7979,277,2795,195,10774,California
Madera,2021-02-10,429,14011,149,4991,280,9020,0,0,323,8196,106,2901,323,11097,California
Madera,2021-02-11,930,14941,302,5293,628,9648,0,0,402,8072,527,3428,403,11500,California
Madera,2021-02-12,838,15779,118,5411,720,10368,0,0,306,7855,526,3954,309,11809,California
Madera,2021-02-13,483,16262,44,5455,439,10807,0,0,140,7655,342,4296,142,11951,California
Madera,2021-02-14,398,16660,75,5530,323,11130,0,0,135,7529,262,4558,136,12087,California
Madera,2021-02-15,239,16899,96,5626,143,11273,0,0,174,7639,64,4622,174,12261,California
Madera,2021-02-16,773,17672,183,5809,590,11863,0,0,229,7328,541,5163,230,12491,California
Madera,2021-02-17,608,18280,272,6081,336,12199,0,0,337,7402,265,5428,339,12830,California
Madera,2021-02-18,1290,19570,535,6616,755,12954,0,0,1115,8344,175,5603,1117,13947,California
Madera,2021-02-19,861,20431,546,7162,315,13269,0,0,719,8923,142,5745,721,14668,California
Madera,2021-02-20,1074,21505,983,8145,91,13360,0,0,1003,9857,70,5815,1004,15672,California
Madera,2021-02-21,961,22466,818,8963,143,13503,0,0,954,10805,6,5821,954,16626,California
Madera,2021-02-22,905,23371,829,9792,76,13579,0,0,851,11602,54,5875,851,17477,California
Madera,2021-02-23,768,24139,496,10288,272,13851,0,0,550,11935,217,6092,550,18027,California
Madera,2021-02-24,906,25045,301,10589,605,14456,0,0,378,11785,528,6620,378,18405,California
Madera,2021-02-25,1017,26062,306,10895,711,15167,0,0,589,11949,425,7045,589,18994,California
Madera,2021-02-26,1068,27130,186,11081,882,16049,0,0,695,12272,372,7417,695,19689,California
Madera,2021-02-27,867,27997,243,11324,624,16673,0,0,448,12306,417,7834,451,20140,California
Madera,2021-02-28,187,28184,29,11353,158,16831,0,0,181,12481,6,7840,181,20321,California
Madera,2021-03-01,365,28549,116,11469,249,17080,0,0,191,12496,176,8016,191,20512,California
Madera,2021-03-02,645,29194,267,11736,378,17458,0,0,534,12920,111,8127,535,21047,California
Madera,2021-03-03,1291,30485,690,12426,601,18059,0,0,892,13441,394,8521,915,21962,California
Madera,2021-03-04,1158,31643,502,12928,656,18715,0,0,917,14119,242,8763,920,22882,California
Madera,2021-03-05,1316,32959,401,13329,903,19618,12,12,1057,14942,257,9020,1080,23962,California
Madera,2021-03-06,802,33761,623,13952,148,19766,31,43,484,15140,318,9338,516,24478,California
Madera,2021-03-07,153,33914,27,13979,104,19870,22,65,103,15215,50,9388,125,24603,California
Madera,2021-03-08,578,34492,320,14299,200,20070,58,123,288,15274,289,9677,348,24951,California
Madera,2021-03-09,435,34927,157,14456,245,20315,33,156,272,15426,161,9838,313,25264,California
Madera,2021-03-10,1124,36051,502,14958,545,20860,77,233,700,15784,420,10258,778,26042,California
Madera,2021-03-11,1647,37698,838,15796,478,21338,331,564,752,15985,893,11151,1094,27136,California
Madera,2021-03-12,1512,39210,775,16571,585,21923,152,716,749,16149,763,11914,927,28063,California
Madera,2021-03-13,1799,41009,1271,17842,330,22253,198,914,739,16046,1057,12971,954,29017,California
Madera,2021-03-14,580,41589,447,18289,101,22354,32,946,294,16088,284,13255,326,29343,California
Madera,2021-03-15,718,42307,210,18499,463,22817,45,991,497,16438,218,13473,568,29911,California
Madera,2021-03-16,816,43123,422,18921,347,23164,47,1038,638,16965,176,13649,703,30614,California
Madera,2021-03-17,1407,44530,930,19851,416,23580,61,1099,854,17426,544,14193,1005,31619,California
Madera,2021-03-18,1860,46390,643,20494,1157,24737,60,1159,907,17529,948,15141,1051,32670,California
Madera,2021-03-19,1493,47883,586,21080,823,25560,84,1243,965,18117,525,15666,1113,33783,California
Madera,2021-03-20,1119,49002,762,21842,308,25868,49,1292,574,18242,544,16210,669,34452,California
Madera,2021-03-21,1064,50066,865,22707,154,26022,45,1337,353,17933,708,16918,399,34851,California
Madera,2021-03-22,1350,51416,850,23557,432,26454,68,1405,679,18054,668,17586,789,35640,California
Madera,2021-03-23,1395,52811,841,24398,463,26917,91,1496,739,18312,654,18240,912,36552,California
Madera,2021-03-24,893,53704,463,24861,399,27316,31,1527,594,18642,298,18538,628,37180,California
Madera,2021-03-25,1113,54817,488,25349,602,27918,23,1550,640,18855,460,18998,673,37853,California
Madera,2021-03-26,1426,56243,508,25857,787,28705,131,1681,673,18913,749,19747,807,38660,California
Madera,2021-03-27,826,57069,527,26384,278,28983,21,1702,373,18859,448,20195,394,39054,California
Madera,2021-03-28,418,57487,136,26520,222,29205,60,1762,230,19014,187,20382,342,39396,California
Madera,2021-03-29,680,58167,179,26699,474,29679,27,1789,493,19354,184,20566,524,39920,California
Madera,2021-03-30,1011,59178,556,27255,423,30102,32,1821,556,19490,454,21020,590,40510,California
Madera,2021-03-31,1259,60437,458,27713,687,30789,114,1935,430,19210,825,21845,545,41055,California
Madera,2021-04-01,1209,61646,527,28240,633,31422,49,1984,428,18911,775,22620,476,41531,California
Madera,2021-04-02,1494,63140,408,28648,1029,32451,57,2041,457,18398,1026,23646,513,42044,California
Madera,2021-04-03,871,64011,680,29328,170,32621,21,2062,377,18312,492,24138,406,42450,California
Madera,2021-04-04,184,64195,65,29393,117,32738,2,2064,85,18301,98,24236,87,42537,California
Madera,2021-04-05,709,64904,232,29625,420,33158,57,2121,329,18326,375,24611,400,42937,California
Madera,2021-04-06,1673,66577,870,30495,456,33614,347,2468,630,18263,1035,25646,972,43909,California
Madera,2021-04-07,1179,67756,366,30861,673,34287,140,2608,463,18183,686,26332,606,44515,California
Madera,2021-04-08,1668,69424,654,31515,764,35051,250,2858,571,17928,1083,27415,828,45343,California
Madera,2021-04-09,719,70143,157,31672,433,35484,129,2987,277,17913,418,27833,403,45746,California
Madera,2021-04-10,287,70430,104,31776,127,35611,56,3043,90,17870,189,28022,146,45892,California
Madera,2021-04-11,167,70597,87,31863,66,35677,14,3057,27,17846,65,28087,41,45933,California
Madera,2021-04-12,440,71037,134,31997,269,35946,37,3094,0,17846,0,28087,0,45933,California
Marin,2020-12-15,2,2,2,2,0,0,0,0,2,2,0,0,2,2,California
Marin,2020-12-16,107,109,107,109,0,0,0,0,107,109,0,0,107,109,California
Marin,2020-12-17,260,369,260,369,0,0,0,0,260,369,0,0,260,369,California
Marin,2020-12-18,370,739,370,739,0,0,0,0,370,739,0,0,370,739,California
Marin,2020-12-19,349,1088,348,1087,1,1,0,0,348,1087,0,0,348,1087,California
Marin,2020-12-20,167,1255,166,1253,1,2,0,0,167,1254,0,0,167,1254,California
Marin,2020-12-21,238,1493,235,1488,3,5,0,0,238,1492,0,0,238,1492,California
Marin,2020-12-22,521,2014,318,1806,203,208,0,0,521,2013,0,0,521,2013,California
Marin,2020-12-23,732,2746,324,2130,408,616,0,0,732,2745,0,0,732,2745,California
Marin,2020-12-24,357,3103,160,2290,197,813,0,0,357,3102,0,0,357,3102,California
Marin,2020-12-25,27,3130,0,2290,27,840,0,0,27,3129,0,0,27,3129,California
Marin,2020-12-26,142,3272,93,2383,49,889,0,0,142,3271,0,0,142,3271,California
Marin,2020-12-27,93,3365,56,2439,37,926,0,0,93,3364,0,0,93,3364,California
Marin,2020-12-28,408,3773,99,2538,309,1235,0,0,408,3772,0,0,408,3772,California
Marin,2020-12-29,400,4173,88,2626,312,1547,0,0,400,4172,0,0,400,4172,California
Marin,2020-12-30,624,4797,388,3014,236,1783,0,0,624,4796,0,0,624,4796,California
Marin,2020-12-31,198,4995,33,3047,165,1948,0,0,198,4994,0,0,198,4994,California
Marin,2021-01-01,11,5006,5,3052,6,1954,0,0,11,5005,0,0,11,5005,California
Marin,2021-01-02,103,5109,97,3149,6,1960,0,0,103,5108,0,0,103,5108,California
Marin,2021-01-03,54,5163,36,3185,18,1978,0,0,51,5159,0,0,51,5159,California
Marin,2021-01-04,291,5454,188,3373,103,2081,0,0,290,5448,1,1,290,5449,California
Marin,2021-01-05,366,5820,223,3596,143,2224,0,0,323,5728,43,44,323,5772,California
Marin,2021-01-06,819,6639,317,3913,502,2726,0,0,643,6195,176,220,643,6415,California
Marin,2021-01-07,893,7532,503,4416,390,3116,0,0,545,6392,348,568,545,6960,California
Marin,2021-01-08,969,8501,513,4929,456,3572,0,0,594,6612,374,942,594,7554,California
Marin,2021-01-09,618,9119,222,5151,396,3968,0,0,487,6968,131,1073,487,8041,California
Marin,2021-01-10,128,9247,99,5250,29,3997,0,0,54,6948,74,1147,54,8095,California
Marin,2021-01-11,468,9715,327,5577,141,4138,0,0,250,6982,217,1364,251,8346,California
Marin,2021-01-12,939,10654,541,6118,398,4536,0,0,567,7180,369,1733,567,8913,California
Marin,2021-01-13,1177,11831,501,6619,676,5212,0,0,938,7879,239,1972,938,9851,California
Marin,2021-01-14,1067,12898,319,6938,748,5960,0,0,917,8648,148,2120,917,10768,California
Marin,2021-01-15,1153,14051,354,7292,799,6759,0,0,1023,9543,129,2249,1024,11792,California
Marin,2021-01-16,1109,15160,907,8199,202,6961,0,0,1034,10502,75,2324,1034,12826,California
Marin,2021-01-17,1235,16395,1116,9315,119,7080,0,0,1207,11685,27,2351,1210,14036,California
Marin,2021-01-18,361,16756,159,9474,202,7282,0,0,310,11944,51,2402,310,14346,California
Marin,2021-01-19,1154,17910,913,10387,241,7523,0,0,982,12756,171,2573,983,15329,California
Marin,2021-01-20,1783,19693,1204,11591,579,8102,0,0,1052,13090,718,3291,1052,16381,California
Marin,2021-01-21,1682,21375,1062,12653,620,8722,0,0,1330,14073,349,3640,1332,17713,California
Marin,2021-01-22,1694,23069,1085,13738,609,9331,0,0,1529,15437,165,3805,1529,19242,California
Marin,2021-01-23,1842,24911,1341,15079,501,9832,0,0,1758,17112,83,3888,1758,21000,California
Marin,2021-01-24,611,25522,164,15243,447,10279,0,0,579,17659,32,3920,579,21579,California
Marin,2021-01-25,1120,26642,225,15468,895,11174,0,0,687,17916,431,4351,688,22267,California
Marin,2021-01-26,1498,28140,779,16247,719,11893,0,0,1122,18663,375,4726,1122,23389,California
Marin,2021-01-27,1695,29835,868,17115,827,12720,0,0,1344,19659,349,5075,1345,24734,California
Marin,2021-01-28,2068,31903,1062,18177,1006,13726,0,0,1802,21197,265,5340,1803,26537,California
Marin,2021-01-29,2181,34084,1434,19611,747,14473,0,0,1980,22988,190,5530,1981,28518,California
Marin,2021-01-30,1714,35798,899,20510,815,15288,0,0,1636,24547,78,5608,1637,30155,California
Marin,2021-01-31,451,36249,314,20824,137,15425,0,0,426,24948,25,5633,426,30581,California
Marin,2021-02-01,1087,37336,417,21241,670,16095,0,0,887,25636,200,5833,888,31469,California
Marin,2021-02-02,1354,38690,464,21705,890,16985,0,0,727,25745,618,6451,727,32196,California
Marin,2021-02-03,1778,40468,427,22132,1351,18336,0,0,1252,26473,524,6975,1252,33448,California
Marin,2021-02-04,1538,42006,515,22647,1023,19359,0,0,935,26808,600,7575,935,34383,California
Marin,2021-02-05,2172,44178,679,23326,1493,20852,0,0,1333,27306,835,8410,1333,35716,California
Marin,2021-02-06,1426,45604,851,24177,575,21427,0,0,603,27088,822,9232,604,36320,California
Marin,2021-02-07,1287,46891,1005,25182,282,21709,0,0,487,26776,799,10031,487,36807,California
Marin,2021-02-08,1516,48407,754,25936,762,22471,0,0,724,26711,790,10821,725,37532,California
Marin,2021-02-09,1780,50187,1122,27058,658,23129,0,0,834,26599,946,11767,834,38366,California
Marin,2021-02-10,2334,52521,1488,28546,846,23975,0,0,1220,26708,1112,12879,1221,39587,California
Marin,2021-02-11,2860,55381,1643,30189,1217,25192,0,0,1450,26755,1405,14284,1452,41039,California
Marin,2021-02-12,3058,58439,1538,31727,1520,26712,0,0,1563,26826,1492,15776,1563,42602,California
Marin,2021-02-13,2334,60773,1243,32970,1091,27803,0,0,1129,26753,1202,16978,1129,43731,California
Marin,2021-02-14,810,61583,301,33271,509,28312,0,0,719,27381,92,17070,720,44451,California
Marin,2021-02-15,1208,62791,353,33624,855,29167,0,0,831,27837,375,17445,831,45282,California
Marin,2021-02-16,2461,65252,1056,34680,1405,30572,0,0,1502,28382,957,18402,1502,46784,California
Marin,2021-02-17,2083,67335,929,35609,1154,31726,0,0,1084,28468,999,19401,1085,47869,California
Marin,2021-02-18,2410,69745,1575,37184,835,32561,0,0,1060,28179,1349,20750,1060,48929,California
Marin,2021-02-19,2747,72492,2148,39332,599,33160,0,0,1215,27874,1521,22271,1216,50145,California
Marin,2021-02-20,2563,75055,2109,41441,454,33614,0,0,1215,27745,1344,23615,1215,51360,California
Marin,2021-02-21,1281,76336,1089,42530,192,33806,0,0,907,28282,370,23985,907,52267,California
Marin,2021-02-22,1817,78153,1402,43932,415,34221,0,0,1211,28888,605,24590,1211,53478,California
Marin,2021-02-23,2827,80980,1613,45545,1214,35435,0,0,1905,29880,914,25504,1906,55384,California
Marin,2021-02-24,3498,84478,1600,47145,1898,37333,0,0,2248,30886,1243,26747,2249,57633,California
Marin,2021-02-25,3922,88400,1809,48954,2113,39446,0,0,2768,32506,1149,27896,2769,60402,California
Marin,2021-02-26,3475,91875,1875,50829,1600,41046,0,0,2529,34099,936,28832,2529,62931,California
Marin,2021-02-27,2606,94481,1492,52321,1114,42160,0,0,1776,35048,829,29661,1778,64709,California
Marin,2021-02-28,1378,95859,918,53239,460,42620,0,0,1046,35762,332,29993,1046,65755,California
Marin,2021-03-01,2464,98323,1527,54766,937,43557,0,0,1655,36611,806,30799,1655,67410,California
Marin,2021-03-02,2424,100747,1591,56357,832,44389,1,1,1683,37555,740,31539,1684,69094,California
Marin,2021-03-03,4249,104996,2369,58726,1880,46269,0,1,2745,38799,1501,33040,2745,71839,California
Marin,2021-03-04,3328,108324,1638,60364,1689,47958,1,2,2324,40130,996,34036,2327,74166,California
Marin,2021-03-05,3013,111337,1122,61486,1879,49837,12,14,1769,40671,1240,35276,1781,75947,California
Marin,2021-03-06,3213,114550,2312,63798,822,50659,79,93,2642,42825,566,35842,2720,78667,California
Marin,2021-03-07,1368,115918,1153,64951,192,50851,23,116,982,43447,383,36225,1005,79672,California
Marin,2021-03-08,1850,117768,1364,66315,385,51236,101,217,1403,44506,445,36670,1504,81176,California
Marin,2021-03-09,2097,119865,1214,67529,777,52013,106,323,1428,45372,668,37338,1534,82710,California
Marin,2021-03-10,4401,124266,2457,69986,1662,53675,282,605,3180,47615,1219,38557,3462,86172,California
Marin,2021-03-11,4543,128809,1860,71846,2553,56228,130,735,3264,49737,1272,39829,3394,89566,California
Marin,2021-03-12,3926,132735,1526,73372,2050,58278,350,1085,1544,49257,2373,42202,1893,91459,California
Marin,2021-03-13,4053,136788,2849,76221,1136,59414,68,1153,2403,50079,1644,43846,2466,93925,California
Marin,2021-03-14,2273,139061,1095,77316,1062,60476,116,1269,730,49382,1543,45389,846,94771,California
Marin,2021-03-15,3209,142270,1759,79075,1403,61879,47,1316,1203,48636,1995,47384,1249,96020,California
Marin,2021-03-16,4299,146569,2314,81389,1621,63500,364,1680,1523,47751,2772,50156,1887,97907,California
Marin,2021-03-17,4113,150682,2246,83635,1823,65323,44,1724,1999,47691,2103,52259,2043,99950,California
Marin,2021-03-18,4448,155130,2239,85874,2138,67461,71,1795,2219,47764,2216,54475,2289,102239,California
Marin,2021-03-19,4425,159555,2269,88143,1939,69400,217,2012,2406,48377,2010,56485,2623,104862,California
Marin,2021-03-20,3574,163129,1978,90121,1481,70881,115,2127,2034,48993,1534,58019,2150,107012,California
Marin,2021-03-21,1525,164654,1123,91244,377,71258,25,2152,791,49078,731,58750,816,107828,California
Marin,2021-03-22,2462,167116,2127,93371,170,71428,165,2317,990,48766,1467,60217,1155,108983,California
Marin,2021-03-23,4224,171340,2184,95555,1911,73339,129,2446,1940,48557,2278,62495,2069,111052,California
Marin,2021-03-24,4396,175736,2884,98439,1408,74747,104,2550,1790,47854,2596,65091,1893,112945,California
Marin,2021-03-25,4609,180345,2813,101252,1727,76474,69,2619,2253,47831,2343,67434,2320,115265,California
Marin,2021-03-26,4268,184613,2312,103564,1742,78216,214,2833,2408,48609,1844,69278,2622,117887,California
Marin,2021-03-27,3677,188290,2642,106206,1018,79234,17,2850,1142,47243,2525,71803,1159,119046,California
Marin,2021-03-28,2372,190662,1720,107926,646,79880,6,2856,1101,47083,1267,73070,1107,120153,California
Marin,2021-03-29,2674,193336,2082,110008,567,80447,25,2881,1180,46797,1490,74560,1204,121357,California
Marin,2021-03-30,4646,197982,3646,113654,967,81414,33,2914,3063,48313,1580,76140,3096,124453,California
Marin,2021-03-31,5761,203743,4087,117741,1625,83039,49,2963,2585,47781,3166,79306,2634,127087,California
Marin,2021-04-01,4359,208102,2257,119998,1863,84902,239,3202,2105,47877,2247,81553,2343,129430,California
Marin,2021-04-02,3661,211763,1812,121810,1489,86391,360,3562,1955,48496,1695,83248,2314,131744,California
Marin,2021-04-03,3822,215585,2514,124324,944,87335,364,3926,1472,47992,2340,85588,1836,133580,California
Marin,2021-04-04,1624,217209,1224,125548,202,87537,198,4124,1187,48944,433,86021,1385,134965,California
Marin,2021-04-05,2170,219379,1509,127057,293,87830,368,4492,1251,49644,917,86938,1617,136582,California
Marin,2021-04-06,3894,223273,2064,129121,1288,89118,542,5034,2167,50631,1720,88658,2707,139289,California
Marin,2021-04-07,3905,227178,1988,131109,1299,90417,618,5652,1438,50229,2458,91116,2056,141345,California
Marin,2021-04-08,4927,232105,1948,133057,2392,92809,587,6239,2234,50373,2671,93787,2815,144160,California
Marin,2021-04-09,3179,235284,1114,134171,1544,94353,521,6760,1084,49925,2045,95832,1597,145757,California
Marin,2021-04-10,2480,237764,1137,135308,1067,95420,276,7036,1179,50091,1284,97116,1450,147207,California
Marin,2021-04-11,717,238481,607,135915,90,95510,20,7056,347,50289,153,97269,351,147558,California
Marin,2021-04-12,796,239277,554,136469,206,95716,36,7092,0,50289,0,97269,0,147558,California
Mariposa,2020-12-17,3,3,3,3,0,0,0,0,38,38,0,0,38,38,California
Mariposa,2020-12-18,5,8,5,8,0,0,0,0,56,94,0,0,56,94,California
Mariposa,2020-12-20,2,10,2,10,0,0,0,0,2,96,0,0,2,96,California
Mariposa,2020-12-21,3,13,3,13,0,0,0,0,45,141,0,0,45,141,California
Mariposa,2020-12-22,2,15,2,15,0,0,0,0,2,143,0,0,2,143,California
Mariposa,2020-12-23,10,25,10,25,0,0,0,0,1,144,0,0,1,144,California
Mariposa,2020-12-24,1,26,0,25,1,1,0,0,0,144,0,0,0,144,California
Mariposa,2020-12-26,1,27,1,26,0,1,0,0,1,145,0,0,1,145,California
Mariposa,2020-12-27,1,28,0,26,1,2,0,0,1,146,0,0,1,146,California
Mariposa,2020-12-28,4,32,2,28,2,4,0,0,3,149,0,0,3,149,California
Mariposa,2020-12-29,33,65,1,29,32,36,0,0,33,182,0,0,33,182,California
Mariposa,2020-12-30,21,86,0,29,21,57,0,0,20,202,0,0,20,202,California
Mariposa,2020-12-31,22,108,0,29,22,79,0,0,22,224,0,0,22,224,California
Mariposa,2021-01-04,9,117,1,30,8,87,0,0,9,233,0,0,9,233,California
Mariposa,2021-01-05,24,141,14,44,10,97,0,0,12,235,10,10,12,245,California
Mariposa,2021-01-06,5,146,3,47,2,99,0,0,2,234,3,13,2,247,California
Mariposa,2021-01-07,49,195,47,94,2,101,0,0,2,189,47,60,2,249,California
Mariposa,2021-01-08,109,304,81,175,28,129,0,0,33,146,76,136,33,282,California
Mariposa,2021-01-09,1,305,0,175,1,130,0,0,1,147,0,136,1,283,California
Mariposa,2021-01-11,24,329,3,178,21,151,0,0,22,167,2,138,22,305,California
Mariposa,2021-01-12,21,350,3,181,18,169,0,0,18,182,3,141,18,323,California
Mariposa,2021-01-13,22,372,1,182,21,190,0,0,21,202,1,142,21,344,California
Mariposa,2021-01-14,94,466,1,183,93,283,0,0,94,296,0,142,94,438,California
Mariposa,2021-01-15,47,513,2,185,45,328,0,0,45,340,1,143,45,483,California
Mariposa,2021-01-16,19,532,2,187,17,345,0,0,18,357,1,144,18,501,California
Mariposa,2021-01-17,2,534,0,187,2,347,0,0,2,359,0,144,2,503,California
Mariposa,2021-01-18,2,536,2,189,0,347,0,0,1,359,1,145,1,504,California
Mariposa,2021-01-19,1,537,0,189,1,348,0,0,1,360,0,145,1,505,California
Mariposa,2021-01-20,26,563,0,189,26,374,0,0,26,386,0,145,26,531,California
Mariposa,2021-01-21,87,650,1,190,86,460,0,0,87,473,0,145,87,618,California
Mariposa,2021-01-22,77,727,1,191,76,536,0,0,77,550,0,145,77,695,California
Mariposa,2021-01-23,125,852,0,191,125,661,0,0,123,673,0,145,123,818,California
Mariposa,2021-01-25,3,855,1,192,2,663,0,0,0,670,3,148,0,818,California
Mariposa,2021-01-26,32,887,2,194,30,693,0,0,3,648,29,177,7,825,California
Mariposa,2021-01-27,34,921,1,195,33,726,0,0,26,666,8,185,26,851,California
Mariposa,2021-01-28,149,1070,2,197,147,873,0,0,135,788,13,198,135,986,California
Mariposa,2021-01-29,58,1128,0,197,58,931,0,0,58,846,0,198,58,1044,California
Mariposa,2021-01-30,3,1131,1,198,2,933,0,0,2,847,1,199,2,1046,California
Mariposa,2021-01-31,1,1132,0,198,1,934,0,0,1,848,0,199,1,1047,California
Mariposa,2021-02-01,55,1187,0,198,55,989,0,0,48,889,7,206,48,1095,California
Mariposa,2021-02-02,8,1195,0,198,8,997,0,0,2,885,6,212,2,1097,California
Mariposa,2021-02-03,26,1221,1,199,25,1022,0,0,22,903,4,216,22,1119,California
Mariposa,2021-02-04,115,1336,7,206,108,1130,0,0,108,1008,4,220,109,1228,California
Mariposa,2021-02-05,239,1575,4,210,235,1365,0,0,217,1203,22,242,217,1445,California
Mariposa,2021-02-06,2,1577,1,211,1,1366,0,0,1,1203,1,243,1,1446,California
Mariposa,2021-02-08,39,1616,1,212,38,1404,0,0,20,1204,19,262,20,1466,California
Mariposa,2021-02-09,11,1627,3,215,8,1412,0,0,6,1205,5,267,6,1472,California
Mariposa,2021-02-10,17,1644,1,216,16,1428,0,0,9,1212,8,275,15,1487,California
Mariposa,2021-02-11,378,2022,4,220,374,1802,0,0,367,1572,9,284,369,1856,California
Mariposa,2021-02-12,173,2195,1,221,172,1974,0,0,129,1657,44,328,129,1985,California
Mariposa,2021-02-13,5,2200,3,224,2,1976,0,0,4,1660,1,329,4,1989,California
Mariposa,2021-02-14,5,2205,2,226,3,1979,0,0,4,1663,1,330,4,1993,California
Mariposa,2021-02-15,8,2213,2,228,6,1985,0,0,7,1669,1,331,7,2000,California
Mariposa,2021-02-16,20,2233,2,230,18,2003,0,0,19,1687,1,332,19,2019,California
Mariposa,2021-02-17,19,2252,1,231,18,2021,0,0,15,1699,3,335,15,2034,California
Mariposa,2021-02-18,55,2307,2,233,53,2074,0,0,12,1668,43,378,12,2046,California
Mariposa,2021-02-19,75,2382,0,233,75,2149,0,0,74,1741,1,379,74,2120,California
Mariposa,2021-02-20,253,2635,4,237,249,2398,0,0,221,1931,31,410,221,2341,California
Mariposa,2021-02-21,231,2866,2,239,229,2627,0,0,230,2160,1,411,230,2571,California
Mariposa,2021-02-22,14,2880,2,241,12,2639,0,0,14,2174,0,411,14,2585,California
Mariposa,2021-02-23,5,2885,2,243,3,2642,0,0,4,2177,1,412,4,2589,California
Mariposa,2021-02-24,18,2903,1,244,17,2659,0,0,2,2163,16,428,2,2591,California
Mariposa,2021-02-25,5,2908,3,247,2,2661,0,0,2,2162,3,431,2,2593,California
Mariposa,2021-02-26,408,3316,2,249,406,3067,0,0,353,2459,56,487,353,2946,California
Mariposa,2021-02-27,154,3470,3,252,151,3218,0,0,151,2607,3,490,151,3097,California
Mariposa,2021-02-28,2,3472,1,253,1,3219,0,0,0,2605,2,492,0,3097,California
Mariposa,2021-03-01,54,3526,1,254,53,3272,0,0,6,2563,48,540,6,3103,California
Mariposa,2021-03-02,6,3532,5,259,1,3273,0,0,3,2563,3,543,3,3106,California
Mariposa,2021-03-03,68,3600,1,260,67,3340,0,0,66,2627,2,545,66,3172,California
Mariposa,2021-03-04,15,3615,5,265,10,3350,0,0,8,2628,7,552,8,3180,California
Mariposa,2021-03-05,40,3655,6,271,34,3384,0,0,33,2658,7,559,37,3217,California
Mariposa,2021-03-06,4,3659,2,273,2,3386,0,0,4,2662,0,559,4,3221,California
Mariposa,2021-03-08,35,3694,3,276,21,3407,11,11,6,2650,29,588,17,3238,California
Mariposa,2021-03-09,24,3718,2,278,12,3419,10,21,9,2654,15,603,19,3257,California
Mariposa,2021-03-10,14,3732,1,279,3,3422,10,31,2,2654,12,615,12,3269,California
Mariposa,2021-03-11,456,4188,6,285,432,3854,18,49,221,2662,234,849,242,3511,California
Mariposa,2021-03-12,242,4430,3,288,210,4064,29,78,108,2665,134,983,137,3648,California
Mariposa,2021-03-13,26,4456,3,291,8,4072,15,93,7,2668,19,1002,22,3670,California
Mariposa,2021-03-14,16,4472,1,292,4,4076,11,104,2,2667,14,1016,13,3683,California
Mariposa,2021-03-15,75,4547,6,298,31,4107,38,142,31,2692,44,1060,69,3752,California
Mariposa,2021-03-16,42,4589,4,302,4,4111,34,176,5,2694,37,1097,39,3791,California
Mariposa,2021-03-17,53,4642,4,306,43,4154,6,182,45,2738,8,1105,52,3843,California
Mariposa,2021-03-18,45,4687,5,311,31,4185,9,191,33,2768,12,1117,42,3885,California
Mariposa,2021-03-19,331,5018,4,315,318,4503,9,200,297,3040,34,1151,306,4191,California
Mariposa,2021-03-20,419,5437,4,319,414,4917,1,201,46,2716,373,1524,49,4240,California
Mariposa,2021-03-21,8,5445,7,326,0,4917,1,202,5,2719,3,1527,6,4246,California
Mariposa,2021-03-22,33,5478,3,329,19,4936,11,213,21,2740,12,1539,33,4279,California
Mariposa,2021-03-23,21,5499,3,332,4,4940,14,227,3,2739,18,1557,17,4296,California
Mariposa,2021-03-24,49,5548,1,333,46,4986,2,229,47,2786,2,1559,49,4345,California
Mariposa,2021-03-25,58,5606,7,340,43,5029,8,237,46,2828,12,1571,54,4399,California
Mariposa,2021-03-26,471,6077,7,347,462,5491,2,239,243,2845,228,1799,245,4644,California
Mariposa,2021-03-27,214,6291,3,350,211,5702,0,239,85,2802,129,1928,86,4730,California
Mariposa,2021-03-28,4,6295,0,350,1,5703,3,242,0,2801,4,1932,3,4733,California
Mariposa,2021-03-29,12,6307,2,352,10,5713,0,242,7,2803,5,1937,7,4740,California
Mariposa,2021-03-30,19,6326,1,353,2,5715,16,258,1,2802,18,1955,17,4757,California
Mariposa,2021-03-31,71,6397,5,358,65,5780,1,259,61,2854,10,1965,62,4819,California
Mariposa,2021-04-01,6,6403,2,360,3,5783,1,260,2,2853,4,1969,3,4822,California
Mariposa,2021-04-02,32,6435,4,364,27,5810,1,261,9,2840,23,1992,10,4832,California
Mariposa,2021-04-03,5,6440,3,367,2,5812,0,261,3,2841,2,1994,3,4835,California
Mariposa,2021-04-04,2,6442,1,368,0,5812,1,262,0,2840,2,1996,1,4836,California
Mariposa,2021-04-05,13,6455,9,377,2,5814,2,264,6,2842,6,2002,8,4844,California
Mariposa,2021-04-06,23,6478,8,385,1,5815,14,278,1,2836,21,2023,15,4859,California
Mariposa,2021-04-07,25,6503,3,388,6,5821,16,294,1,2829,24,2047,17,4876,California
Mariposa,2021-04-08,34,6537,8,396,7,5828,19,313,9,2832,25,2072,28,4904,California
Mariposa,2021-04-09,25,6562,7,403,6,5834,12,325,6,2831,19,2091,18,4922,California
Mariposa,2021-04-10,10,6572,1,404,1,5835,8,333,1,2830,9,2100,8,4930,California
Mariposa,2021-04-11,6,6578,4,408,2,5837,0,333,1,2828,3,2103,1,4931,California
Mariposa,2021-04-12,23,6601,0,408,22,5859,1,334,0,2828,0,2103,0,4931,California
Mendocino,2020-12-17,70,70,70,70,0,0,0,0,70,70,0,0,70,70,California
Mendocino,2020-12-18,85,155,84,154,1,1,0,0,84,154,0,0,84,154,California
Mendocino,2020-12-19,4,159,4,158,0,1,0,0,4,158,0,0,4,158,California
Mendocino,2020-12-20,7,166,7,165,0,1,0,0,7,165,0,0,7,165,California
Mendocino,2020-12-21,245,411,245,410,0,1,0,0,77,242,0,0,77,242,California
Mendocino,2020-12-22,250,661,189,599,61,62,0,0,250,492,0,0,250,492,California
Mendocino,2020-12-23,270,931,47,646,223,285,0,0,269,761,0,0,269,761,California
Mendocino,2020-12-24,49,980,8,654,41,326,0,0,49,810,0,0,49,810,California
Mendocino,2020-12-25,1,981,0,654,1,327,0,0,1,811,0,0,1,811,California
Mendocino,2020-12-26,2,983,2,656,0,327,0,0,2,813,0,0,2,813,California
Mendocino,2020-12-27,1,984,0,656,1,328,0,0,1,814,0,0,1,814,California
Mendocino,2020-12-28,73,1057,8,664,65,393,0,0,73,887,0,0,73,887,California
Mendocino,2020-12-29,121,1178,61,725,60,453,0,0,121,1008,0,0,121,1008,California
Mendocino,2020-12-30,123,1301,68,793,55,508,0,0,123,1131,0,0,123,1131,California
Mendocino,2020-12-31,130,1431,95,888,35,543,0,0,130,1261,0,0,130,1261,California
Mendocino,2021-01-01,4,1435,2,890,2,545,0,0,4,1265,0,0,4,1265,California
Mendocino,2021-01-02,1,1436,1,891,0,545,0,0,1,1266,0,0,1,1266,California
Mendocino,2021-01-04,841,2277,19,910,822,1367,0,0,841,2107,0,0,841,2107,California
Mendocino,2021-01-05,71,2348,35,945,36,1403,0,0,58,2152,13,13,58,2165,California
Mendocino,2021-01-06,151,2499,129,1074,22,1425,0,0,141,2283,10,23,141,2306,California
Mendocino,2021-01-07,358,2857,237,1311,121,1546,0,0,295,2515,63,86,295,2601,California
Mendocino,2021-01-08,95,2952,82,1393,13,1559,0,0,41,2503,54,140,42,2643,California
Mendocino,2021-01-09,10,2962,6,1399,4,1563,0,0,8,2509,2,142,8,2651,California
Mendocino,2021-01-10,8,2970,8,1407,0,1563,0,0,1,2503,7,149,1,2652,California
Mendocino,2021-01-11,101,3071,92,1499,9,1572,0,0,43,2489,57,206,43,2695,California
Mendocino,2021-01-12,386,3457,376,1875,10,1582,0,0,270,2643,116,322,270,2965,California
Mendocino,2021-01-13,480,3937,144,2019,336,1918,0,0,440,3046,38,360,441,3406,California
Mendocino,2021-01-14,634,4571,20,2039,614,2532,0,0,625,3662,9,369,625,4031,California
Mendocino,2021-01-15,1857,6428,859,2898,998,3530,0,0,1853,5511,4,373,1853,5884,California
Mendocino,2021-01-16,791,7219,50,2948,741,4271,0,0,789,6298,2,375,789,6673,California
Mendocino,2021-01-17,554,7773,1,2949,553,4824,0,0,553,6850,1,376,553,7226,California
Mendocino,2021-01-18,488,8261,463,3412,25,4849,0,0,476,7314,12,388,476,7702,California
Mendocino,2021-01-19,331,8592,146,3558,185,5034,0,0,155,7293,176,564,155,7857,California
Mendocino,2021-01-20,552,9144,405,3963,147,5181,0,0,446,7636,104,668,447,8304,California
Mendocino,2021-01-21,533,9677,221,4184,312,5493,0,0,349,7802,183,851,349,8653,California
Mendocino,2021-01-22,149,9826,58,4242,91,5584,0,0,110,7873,39,890,110,8763,California
Mendocino,2021-01-23,155,9981,83,4325,72,5656,0,0,149,8016,6,896,149,8912,California
Mendocino,2021-01-24,5,9986,3,4328,2,5658,0,0,5,8021,0,896,5,8917,California
Mendocino,2021-01-25,191,10177,18,4346,173,5831,0,0,121,8072,70,966,121,9038,California
Mendocino,2021-01-26,155,10332,57,4403,98,5929,0,0,95,8107,60,1026,95,9133,California
Mendocino,2021-01-27,433,10765,363,4766,70,5999,0,0,173,8027,253,1279,173,9306,California
Mendocino,2021-01-28,584,11349,520,5286,64,6063,0,0,491,8425,93,1372,491,9797,California
Mendocino,2021-01-29,388,11737,348,5634,40,6103,0,0,359,8756,29,1401,360,10157,California
Mendocino,2021-01-30,48,11785,30,5664,18,6121,0,0,41,8790,7,1408,41,10198,California
Mendocino,2021-01-31,274,12059,2,5666,272,6393,0,0,3,8522,271,1679,3,10201,California
Mendocino,2021-02-01,378,12437,50,5716,328,6721,0,0,55,8255,322,2001,55,10256,California
Mendocino,2021-02-02,720,13157,501,6217,219,6940,0,0,362,8259,358,2359,362,10618,California
Mendocino,2021-02-03,391,13548,205,6422,186,7126,0,0,221,8312,168,2527,221,10839,California
Mendocino,2021-02-04,626,14174,530,6952,96,7222,0,0,502,8690,124,2651,502,11341,California
Mendocino,2021-02-05,1300,15474,1212,8164,88,7310,0,0,585,8561,714,3365,585,11926,California
Mendocino,2021-02-06,557,16031,157,8321,400,7710,0,0,542,9088,15,3380,542,12468,California
Mendocino,2021-02-07,31,16062,27,8348,4,7714,0,0,31,9119,0,3380,31,12499,California
Mendocino,2021-02-08,745,16807,714,9062,31,7745,0,0,284,8942,461,3841,284,12783,California
Mendocino,2021-02-09,141,16948,58,9120,83,7828,0,0,89,8979,52,3893,89,12872,California
Mendocino,2021-02-10,1479,18427,921,10041,558,8386,0,0,742,8993,731,4624,745,13617,California
Mendocino,2021-02-11,1131,19558,209,10250,922,9308,0,0,286,8433,846,5470,286,13903,California
Mendocino,2021-02-12,1400,20958,157,10407,1243,10551,0,0,634,8303,764,6234,634,14537,California
Mendocino,2021-02-13,495,21453,12,10419,483,11034,0,0,102,8017,393,6627,107,14644,California
Mendocino,2021-02-14,697,22150,3,10422,694,11728,0,0,136,7592,561,7188,136,14780,California
Mendocino,2021-02-15,327,22477,43,10465,284,12012,0,0,172,7609,155,7343,172,14952,California
Mendocino,2021-02-16,199,22676,50,10515,149,12161,0,0,131,7672,68,7411,131,15083,California
Mendocino,2021-02-17,1349,24025,1187,11702,162,12323,0,0,877,8079,470,7881,877,15960,California
Mendocino,2021-02-18,1778,25803,637,12339,1141,13464,0,0,1213,8727,565,8446,1213,17173,California
Mendocino,2021-02-19,747,26550,145,12484,602,14066,0,0,608,9196,139,8585,608,17781,California
Mendocino,2021-02-20,572,27122,546,13030,26,14092,0,0,542,9710,28,8613,542,18323,California
Mendocino,2021-02-21,326,27448,5,13035,321,14413,0,0,314,10013,11,8624,314,18637,California
Mendocino,2021-02-22,162,27610,30,13065,132,14545,0,0,71,9994,90,8714,71,18708,California
Mendocino,2021-02-23,669,28279,657,13722,12,14557,0,0,610,10547,57,8771,610,19318,California
Mendocino,2021-02-24,1837,30116,1758,15480,79,14636,0,0,1429,11573,405,9176,1431,20749,California
Mendocino,2021-02-25,1703,31819,532,16012,1171,15807,0,0,1285,12441,417,9593,1285,22034,California
Mendocino,2021-02-26,1399,33218,746,16758,653,16460,0,0,1038,13120,359,9952,1038,23072,California
Mendocino,2021-02-27,197,33415,150,16908,47,16507,0,0,76,13076,120,10072,76,23148,California
Mendocino,2021-02-28,33,33448,11,16919,22,16529,0,0,25,13091,10,10082,25,23173,California
Mendocino,2021-03-01,577,34025,534,17453,43,16572,0,0,540,13594,37,10119,540,23713,California
Mendocino,2021-03-02,70,34095,24,17477,46,16618,0,0,41,13607,28,10147,41,23754,California
Mendocino,2021-03-03,1689,35784,1322,18799,367,16985,0,0,1059,14037,629,10776,1059,24813,California
Mendocino,2021-03-04,1765,37549,146,18945,1619,18604,0,0,1547,15370,215,10991,1548,26361,California
Mendocino,2021-03-05,206,37755,143,19088,54,18658,9,9,114,15404,89,11080,123,26484,California
Mendocino,2021-03-06,239,37994,20,19108,196,18854,23,32,201,15591,37,11117,224,26708,California
Mendocino,2021-03-07,502,38496,6,19114,476,19330,20,52,116,15341,385,11502,135,26843,California
Mendocino,2021-03-08,124,38620,29,19143,59,19389,36,88,64,15383,58,11560,100,26943,California
Mendocino,2021-03-09,441,39061,224,19367,176,19565,41,129,346,15675,95,11655,387,27330,California
Mendocino,2021-03-10,1107,40168,979,20346,62,19627,66,195,267,15172,839,12494,336,27666,California
Mendocino,2021-03-11,819,40987,609,20955,157,19784,53,248,398,15204,419,12913,451,28117,California
Mendocino,2021-03-12,1998,42985,1026,21981,878,20662,94,342,1210,15726,782,13695,1304,29421,California
Mendocino,2021-03-13,648,43633,524,22505,67,20729,57,399,97,15333,547,14242,154,29575,California
Mendocino,2021-03-14,104,43737,2,22507,95,20824,7,406,11,15260,91,14333,18,29593,California
Mendocino,2021-03-15,597,44334,52,22559,488,21312,57,463,209,15141,385,14718,266,29859,California
Mendocino,2021-03-16,572,44906,374,22933,153,21465,45,508,141,14898,429,15147,186,30045,California
Mendocino,2021-03-17,1559,46465,1357,24290,55,21520,147,655,213,13921,1344,16491,367,30412,California
Mendocino,2021-03-18,1303,47768,246,24536,1019,22539,38,693,283,13229,1012,17503,320,30732,California
Mendocino,2021-03-19,1756,49524,857,25393,838,23377,61,754,336,12212,1416,18919,399,31131,California
Mendocino,2021-03-20,71,49595,12,25405,38,23415,21,775,15,12192,56,18975,36,31167,California
Mendocino,2021-03-21,9,49604,1,25406,3,23418,5,780,4,12196,5,18980,9,31176,California
Mendocino,2021-03-22,627,50231,583,25989,15,23433,29,809,148,11896,476,19456,176,31352,California
Mendocino,2021-03-23,167,50398,34,26023,103,23536,30,839,117,11993,50,19506,147,31499,California
Mendocino,2021-03-24,900,51298,828,26851,25,23561,47,886,114,11372,782,20288,161,31660,California
Mendocino,2021-03-25,1974,53272,51,26902,1904,25465,19,905,165,9749,1806,22094,183,31843,California
Mendocino,2021-03-26,507,53779,360,27262,123,25588,24,929,330,9927,176,22270,354,32197,California
Mendocino,2021-03-27,141,53920,12,27274,118,25706,11,940,83,9963,57,22327,93,32290,California
Mendocino,2021-03-28,26,53946,5,27279,17,25723,4,944,4,9949,22,22349,8,32298,California
Mendocino,2021-03-29,187,54133,98,27377,47,25770,42,986,96,9996,91,22440,138,32436,California
Mendocino,2021-03-30,683,54816,598,27975,48,25818,37,1023,420,10191,262,22702,457,32893,California
Mendocino,2021-03-31,848,55664,270,28245,519,26337,59,1082,408,10220,438,23140,467,33360,California
Mendocino,2021-04-01,1657,57321,395,28640,1198,27535,64,1146,378,9402,1258,24398,440,33800,California
Mendocino,2021-04-02,1281,58602,1053,29693,155,27690,73,1219,224,8646,1053,25451,297,34097,California
Mendocino,2021-04-03,706,59308,7,29700,678,28368,21,1240,88,8141,614,26065,109,34206,California
Mendocino,2021-04-04,68,59376,33,29733,29,28397,6,1246,53,8185,15,26080,59,34265,California
Mendocino,2021-04-05,196,59572,133,29866,41,28438,22,1268,123,8256,72,26152,143,34408,California
Mendocino,2021-04-06,377,59949,120,29986,180,28618,77,1345,107,8170,270,26422,184,34592,California
Mendocino,2021-04-07,451,60400,164,30150,69,28687,218,1563,112,8195,305,26727,330,34922,California
Mendocino,2021-04-08,1445,61845,884,31034,459,29146,102,1665,972,8840,430,27157,1075,35997,California
Mendocino,2021-04-09,703,62548,398,31432,159,29305,146,1811,367,9053,298,27455,511,36508,California
Mendocino,2021-04-10,105,62653,58,31490,5,29310,42,1853,22,9066,50,27505,63,36571,California
Mendocino,2021-04-11,91,62744,29,31519,13,29323,49,1902,1,9065,9,27514,8,36579,California
Mendocino,2021-04-12,80,62824,19,31538,33,29356,28,1930,0,9065,0,27514,0,36579,California
Merced,2020-12-16,3,3,3,3,0,0,0,0,3,3,0,0,3,3,California
Merced,2020-12-17,5,8,5,8,0,0,0,0,5,8,0,0,5,8,California
Merced,2020-12-18,144,152,144,152,0,0,0,0,144,152,0,0,144,152,California
Merced,2020-12-19,39,191,39,191,0,0,0,0,38,190,0,0,38,190,California
Merced,2020-12-20,17,208,17,208,0,0,0,0,17,207,0,0,17,207,California
Merced,2020-12-21,129,337,126,334,3,3,0,0,129,336,0,0,129,336,California
Merced,2020-12-22,162,499,162,496,0,3,0,0,162,498,0,0,162,498,California
Merced,2020-12-23,304,803,289,785,15,18,0,0,304,802,0,0,304,802,California
Merced,2020-12-24,71,874,71,856,0,18,0,0,71,873,0,0,71,873,California
Merced,2020-12-25,5,879,5,861,0,18,0,0,5,878,0,0,5,878,California
Merced,2020-12-26,7,886,4,865,3,21,0,0,7,885,0,0,7,885,California
Merced,2020-12-27,12,898,11,876,1,22,0,0,12,897,0,0,12,897,California
Merced,2020-12-28,124,1022,100,976,24,46,0,0,124,1021,0,0,124,1021,California
Merced,2020-12-29,189,1211,135,1111,54,100,0,0,189,1210,0,0,189,1210,California
Merced,2020-12-30,239,1450,93,1204,146,246,0,0,238,1448,0,0,238,1448,California
Merced,2020-12-31,126,1576,39,1243,87,333,0,0,123,1571,0,0,123,1571,California
Merced,2021-01-01,1,1577,0,1243,1,334,0,0,1,1572,0,0,1,1572,California
Merced,2021-01-02,128,1705,117,1360,11,345,0,0,129,1701,0,0,129,1701,California
Merced,2021-01-03,9,1714,5,1365,4,349,0,0,9,1710,0,0,9,1710,California
Merced,2021-01-04,84,1798,41,1406,43,392,0,0,84,1794,0,0,84,1794,California
Merced,2021-01-05,320,2118,231,1637,89,481,0,0,321,2111,6,6,323,2117,California
Merced,2021-01-06,271,2389,97,1734,174,655,0,0,266,2371,6,12,266,2383,California
Merced,2021-01-07,191,2580,79,1813,112,767,0,0,191,2551,11,23,191,2574,California
Merced,2021-01-08,542,3122,400,2213,142,909,0,0,398,2800,149,172,398,2972,California
Merced,2021-01-09,23,3145,10,2223,13,922,0,0,17,2811,6,178,17,2989,California
Merced,2021-01-10,10,3155,6,2229,4,926,0,0,6,2813,4,182,6,2995,California
Merced,2021-01-11,245,3400,169,2398,76,1002,0,0,118,2806,126,308,119,3114,California
Merced,2021-01-12,311,3711,161,2559,150,1152,0,0,258,3008,56,364,258,3372,California
Merced,2021-01-13,450,4161,232,2791,218,1370,0,0,237,3040,207,571,239,3611,California
Merced,2021-01-14,353,4514,213,3004,140,1510,0,0,182,3054,170,741,184,3795,California
Merced,2021-01-15,684,5198,149,3153,535,2045,0,0,661,3678,39,780,663,4458,California
Merced,2021-01-16,242,5440,151,3304,91,2136,0,0,238,3911,5,785,238,4696,California
Merced,2021-01-17,48,5488,11,3315,37,2173,0,0,47,3957,1,786,47,4743,California
Merced,2021-01-18,329,5817,155,3470,174,2347,0,0,307,4245,22,808,310,5053,California
Merced,2021-01-19,731,6548,582,4052,149,2496,0,0,550,4617,182,990,554,5607,California
Merced,2021-01-20,593,7141,484,4536,109,2605,0,0,529,5084,64,1054,531,6138,California
Merced,2021-01-21,1056,8197,686,5222,370,2975,0,0,955,5939,103,1157,958,7096,California
Merced,2021-01-22,1392,9589,710,5932,682,3657,0,0,1368,7293,26,1183,1380,8476,California
Merced,2021-01-23,306,9895,184,6116,122,3779,0,0,203,7391,105,1288,203,8679,California
Merced,2021-01-24,32,9927,15,6131,17,3796,0,0,23,7406,8,1296,23,8702,California
Merced,2021-01-25,780,10707,270,6401,510,4306,0,0,703,8050,59,1355,703,9405,California
Merced,2021-01-26,944,11651,480,6881,464,4770,0,0,688,8530,209,1564,689,10094,California
Merced,2021-01-27,1029,12680,583,7464,446,5216,0,0,840,9208,162,1726,840,10934,California
Merced,2021-01-28,1202,13882,586,8050,616,5832,0,0,1044,10119,134,1860,1045,11979,California
Merced,2021-01-29,907,14789,339,8389,568,6400,0,0,650,10528,244,2104,653,12632,California
Merced,2021-01-30,286,15075,27,8416,259,6659,0,0,270,10782,16,2120,270,12902,California
Merced,2021-01-31,47,15122,10,8426,37,6696,0,0,46,10827,1,2121,46,12948,California
Merced,2021-02-01,373,15495,51,8477,322,7018,0,0,322,11099,50,2171,322,13270,California
Merced,2021-02-02,291,15786,180,8657,111,7129,0,0,172,11155,117,2288,173,13443,California
Merced,2021-02-03,393,16179,69,8726,324,7453,0,0,200,11160,195,2483,200,13643,California
Merced,2021-02-04,429,16608,158,8884,271,7724,0,0,273,11281,153,2636,274,13917,California
Merced,2021-02-05,623,17231,215,9099,408,8132,0,0,321,11315,289,2925,323,14240,California
Merced,2021-02-06,443,17674,248,9347,195,8327,0,0,270,11414,171,3096,270,14510,California
Merced,2021-02-07,20,17694,12,9359,8,8335,0,0,13,11420,7,3103,13,14523,California
Merced,2021-02-08,320,18014,218,9577,102,8437,0,0,180,11464,137,3240,181,14704,California
Merced,2021-02-09,1277,19291,963,10540,314,8751,0,0,804,11813,456,3696,805,15509,California
Merced,2021-02-10,1919,21210,1433,11973,486,9237,0,0,1335,12570,578,4274,1335,16844,California
Merced,2021-02-11,2609,23819,2042,14015,567,9804,0,0,1856,13679,747,5021,1856,18700,California
Merced,2021-02-12,1890,25709,1060,15075,830,10634,0,0,837,13475,1041,6062,837,19537,California
Merced,2021-02-13,363,26072,202,15277,161,10795,0,0,267,13648,96,6158,269,19806,California
Merced,2021-02-14,117,26189,27,15304,90,10885,0,0,95,13722,22,6180,96,19902,California
Merced,2021-02-15,273,26462,41,15345,232,11117,0,0,169,13793,99,6279,170,20072,California
Merced,2021-02-16,1288,27750,862,16207,426,11543,0,0,862,14252,406,6685,865,20937,California
Merced,2021-02-17,1945,29695,1676,17883,269,11812,0,0,1368,15057,565,7250,1370,22307,California
Merced,2021-02-18,1313,31008,854,18737,459,12271,0,0,456,14684,829,8079,456,22763,California
Merced,2021-02-19,1323,32331,439,19176,884,13155,0,0,574,14518,742,8821,576,23339,California
Merced,2021-02-20,274,32605,32,19208,242,13397,0,0,142,14529,131,8952,142,23481,California
Merced,2021-02-21,72,32677,57,19265,15,13412,0,0,28,14513,44,8996,28,23509,California
Merced,2021-02-22,921,33598,373,19638,548,13960,0,0,576,14745,344,9340,576,24085,California
Merced,2021-02-23,1181,34779,487,20125,694,14654,0,0,734,15036,443,9783,734,24819,California
Merced,2021-02-24,849,35628,301,20426,548,15202,0,0,465,15126,375,10158,465,25284,California
Merced,2021-02-25,1916,37544,957,21383,959,16161,0,0,1439,16104,462,10620,1440,26724,California
Merced,2021-02-26,2350,39894,1503,22886,847,17008,0,0,1923,17600,428,11048,1924,28648,California
Merced,2021-02-27,2836,42730,1250,24136,1586,18594,0,0,2457,19751,306,11354,2457,31105,California
Merced,2021-02-28,332,43062,70,24206,262,18856,0,0,286,19993,44,11398,286,31391,California
Merced,2021-03-01,1184,44246,276,24482,908,19764,0,0,855,20523,325,11723,855,32246,California
Merced,2021-03-02,1805,46051,916,25398,889,20653,0,0,1403,21540,386,12109,1403,33649,California
Merced,2021-03-03,2362,48413,1824,27222,537,21190,1,1,1566,22347,761,12870,1568,35217,California
Merced,2021-03-04,3101,51514,2437,29659,662,21852,2,3,2208,23585,972,13842,2210,37427,California
Merced,2021-03-05,2484,53998,1537,31196,924,22776,23,26,1871,24895,585,14427,1895,39322,California
Merced,2021-03-06,1261,55259,726,31922,514,23290,21,47,976,25615,277,14704,997,40319,California
Merced,2021-03-07,280,55539,61,31983,194,23484,25,72,250,25861,29,14733,275,40594,California
Merced,2021-03-08,1255,56794,623,32606,567,24051,65,137,1045,26760,210,14943,1109,41703,California
Merced,2021-03-09,1715,58509,1038,33644,564,24615,113,250,1151,27465,560,15503,1265,42968,California
Merced,2021-03-10,2905,61414,2018,35662,673,25288,214,464,1822,28426,1080,16583,2041,45009,California
Merced,2021-03-11,1947,63361,654,36316,1089,26377,204,668,1386,29489,552,17135,1615,46624,California
Merced,2021-03-12,2482,65843,1131,37447,1086,27463,265,933,1720,30725,760,17895,1996,48620,California
Merced,2021-03-13,754,66597,365,37812,147,27610,242,1175,447,31115,300,18195,690,49310,California
Merced,2021-03-14,246,66843,136,37948,80,27690,30,1205,148,31197,97,18292,179,49489,California
Merced,2021-03-15,1565,68408,526,38474,774,28464,265,1470,1035,31975,521,18813,1299,50788,California
Merced,2021-03-16,1581,69989,814,39288,544,29008,223,1693,1065,32781,482,19295,1288,52076,California
Merced,2021-03-17,2232,72221,1286,40574,765,29773,181,1874,1769,34279,454,19749,1952,54028,California
Merced,2021-03-18,2100,74321,1196,41770,747,30520,157,2031,1441,35244,645,20394,1610,55638,California
Merced,2021-03-19,3135,77456,1864,43634,1078,31598,193,2224,1729,35776,1394,21788,1926,57564,California
Merced,2021-03-20,2546,80002,1667,45301,535,32133,344,2568,1171,36023,1266,23054,1513,59077,California
Merced,2021-03-21,673,80675,341,45642,319,32452,13,2581,555,36477,117,23171,571,59648,California
Merced,2021-03-22,1118,81793,481,46123,553,33005,84,2665,729,36911,380,23551,814,60462,California
Merced,2021-03-23,1931,83724,1170,47293,697,33702,64,2729,1465,37978,463,24014,1530,61992,California
Merced,2021-03-24,1406,85130,841,48134,521,34223,44,2773,1050,38725,346,24360,1093,63085,California
Merced,2021-03-25,3478,88608,2448,50582,1008,35231,22,2795,2077,39434,1393,25753,2102,65187,California
Merced,2021-03-26,2140,90748,1281,51863,830,36061,29,2824,914,39162,1215,26968,943,66130,California
Merced,2021-03-27,2807,93555,1390,53253,1350,37411,67,2891,947,38469,1707,28675,1014,67144,California
Merced,2021-03-28,574,94129,206,53459,361,37772,7,2898,253,38410,321,28996,262,67406,California
Merced,2021-03-29,1639,95768,454,53913,938,38710,247,3145,652,38331,982,29978,903,68309,California
Merced,2021-03-30,2291,98059,856,54769,1377,40087,58,3203,1043,38189,1243,31221,1101,69410,California
Merced,2021-03-31,2394,100453,1652,56421,710,40797,32,3235,1047,37939,1330,32551,1080,70490,California
Merced,2021-04-01,2226,102679,1084,57505,1036,41833,106,3341,791,37426,1412,33963,899,71389,California
Merced,2021-04-02,2545,105224,749,58254,1448,43281,348,3689,950,37165,1412,35375,1151,72540,California
Merced,2021-04-03,896,106120,402,58656,484,43765,10,3699,458,37198,436,35811,469,73009,California
Merced,2021-04-04,456,106576,140,58796,313,44078,3,3702,195,37139,259,36070,200,73209,California
Merced,2021-04-05,1292,107868,517,59313,487,44565,288,3990,405,36946,886,36956,693,73902,California
Merced,2021-04-06,2179,110047,663,59976,729,45294,787,4777,700,36973,1212,38168,1239,75141,California
Merced,2021-04-07,1230,111277,424,60400,676,45970,130,4907,464,36852,720,38888,599,75740,California
Merced,2021-04-08,1329,112606,591,60991,571,46541,167,5074,554,36854,720,39608,722,76462,California
Merced,2021-04-09,1607,114213,489,61480,593,47134,525,5599,495,36816,791,40399,753,77215,California
Merced,2021-04-10,679,114892,361,61841,134,47268,184,5783,111,36562,523,40922,269,77484,California
Merced,2021-04-11,418,115310,229,62070,67,47335,122,5905,39,36558,159,41081,155,77639,California
Merced,2021-04-12,545,115855,274,62344,177,47512,94,5999,0,36558,0,41081,0,77639,California
Modoc,2020-12-16,1,1,1,1,0,0,0,0,1,1,0,0,1,1,California
Modoc,2020-12-21,100,101,100,101,0,0,0,0,100,101,0,0,100,101,California
Modoc,2020-12-22,14,115,14,115,0,0,0,0,14,115,0,0,14,115,California
Modoc,2020-12-23,4,119,4,119,0,0,0,0,4,119,0,0,4,119,California
Modoc,2020-12-24,1,120,1,120,0,0,0,0,1,120,0,0,1,120,California
Modoc,2020-12-28,2,122,2,122,0,0,0,0,2,122,0,0,2,122,California
Modoc,2020-12-29,10,132,1,123,9,9,0,0,10,132,0,0,10,132,California
Modoc,2020-12-30,7,139,0,123,7,16,0,0,7,139,0,0,7,139,California
Modoc,2021-01-02,2,141,0,123,2,18,0,0,2,141,0,0,2,141,California
Modoc,2021-01-04,8,149,0,123,8,26,0,0,8,149,0,0,8,149,California
Modoc,2021-01-05,2,151,1,124,1,27,0,0,2,151,0,0,2,151,California
Modoc,2021-01-06,3,154,2,126,1,28,0,0,2,152,1,1,2,153,California
Modoc,2021-01-07,72,226,0,126,72,100,0,0,72,224,0,1,72,225,California
Modoc,2021-01-08,105,331,0,126,105,205,0,0,105,329,0,1,105,330,California
Modoc,2021-01-10,1,332,1,127,0,205,0,0,0,328,1,2,0,330,California
Modoc,2021-01-11,92,424,83,210,9,214,0,0,19,274,73,75,19,349,California
Modoc,2021-01-12,94,518,25,235,69,283,0,0,68,316,26,101,68,417,California
Modoc,2021-01-13,24,542,4,239,20,303,0,0,22,336,2,103,22,439,California
Modoc,2021-01-14,129,671,6,245,123,426,0,0,124,455,5,108,124,563,California
Modoc,2021-01-15,6,677,1,246,5,431,0,0,6,461,0,108,6,569,California
Modoc,2021-01-16,1,678,1,247,0,431,0,0,1,462,0,108,1,570,California
Modoc,2021-01-18,1,679,1,248,0,431,0,0,1,463,0,108,1,571,California
Modoc,2021-01-19,5,684,3,251,2,433,0,0,3,464,2,110,3,574,California
Modoc,2021-01-20,11,695,1,252,10,443,0,0,11,475,0,110,11,585,California
Modoc,2021-01-21,158,853,2,254,156,599,0,0,158,633,0,110,158,743,California
Modoc,2021-01-22,2,855,0,254,2,601,0,0,2,635,0,110,2,745,California
Modoc,2021-01-25,11,866,0,254,11,612,0,0,11,646,0,110,11,756,California
Modoc,2021-01-26,65,931,1,255,64,676,0,0,65,711,0,110,65,821,California
Modoc,2021-01-27,41,972,2,257,39,715,0,0,25,720,16,126,25,846,California
Modoc,2021-01-28,144,1116,1,258,143,858,0,0,144,864,0,126,144,990,California
Modoc,2021-01-29,3,1119,1,259,2,860,0,0,3,867,0,126,3,993,California
Modoc,2021-02-01,25,1144,12,271,13,873,0,0,11,864,14,140,11,1004,California
Modoc,2021-02-02,170,1314,2,273,168,1041,0,0,167,1028,3,143,167,1171,California
Modoc,2021-02-03,18,1332,13,286,5,1046,0,0,11,1032,7,150,11,1182,California
Modoc,2021-02-04,155,1487,4,290,151,1197,0,0,27,931,128,278,27,1209,California
Modoc,2021-02-05,4,1491,3,293,1,1198,0,0,3,933,1,279,3,1212,California
Modoc,2021-02-08,9,1500,2,295,7,1205,0,0,8,940,1,280,8,1220,California
Modoc,2021-02-09,197,1697,13,308,184,1389,0,0,66,875,131,411,66,1286,California
Modoc,2021-02-10,5,1702,2,310,3,1392,0,0,4,878,1,412,4,1290,California
Modoc,2021-02-11,201,1903,3,313,198,1590,0,0,82,842,118,530,82,1372,California
Modoc,2021-02-12,5,1908,1,314,4,1594,0,0,3,843,2,532,3,1375,California
Modoc,2021-02-13,1,1909,0,314,1,1595,0,0,1,844,0,532,1,1376,California
Modoc,2021-02-16,147,2056,6,320,141,1736,0,0,143,983,4,536,143,1519,California
Modoc,2021-02-17,24,2080,1,321,23,1759,0,0,12,983,12,548,12,1531,California
Modoc,2021-02-18,189,2269,2,323,187,1946,0,0,25,846,163,711,26,1557,California
Modoc,2021-02-19,2,2271,2,325,0,1946,0,0,2,848,0,711,2,1559,California
Modoc,2021-02-20,1,2272,1,326,0,1946,0,0,1,849,0,711,1,1560,California
Modoc,2021-02-22,16,2288,8,334,8,1954,0,0,3,839,13,724,3,1563,California
Modoc,2021-02-23,21,2309,3,337,18,1972,0,0,1,820,20,744,1,1564,California
Modoc,2021-02-24,90,2399,1,338,89,2061,0,0,30,790,60,804,30,1594,California
Modoc,2021-02-25,168,2567,0,338,168,2229,0,0,12,646,156,960,12,1606,California
Modoc,2021-02-26,3,2570,0,338,3,2232,0,0,1,645,2,962,1,1607,California
Modoc,2021-02-27,5,2575,5,343,0,2232,0,0,2,644,3,965,2,1609,California
Modoc,2021-03-01,4,2579,0,343,4,2236,0,0,0,640,4,969,0,1609,California
Modoc,2021-03-02,193,2772,12,355,181,2417,0,0,26,499,167,1136,26,1635,California
Modoc,2021-03-03,12,2784,6,361,6,2423,0,0,2,491,10,1146,2,1637,California
Modoc,2021-03-04,175,2959,2,363,173,2596,0,0,148,612,27,1173,148,1785,California
Modoc,2021-03-05,4,2963,3,366,1,2597,0,0,2,612,2,1175,2,1787,California
Modoc,2021-03-06,10,2973,0,366,0,2597,10,10,0,612,10,1185,10,1797,California
Modoc,2021-03-07,6,2979,1,367,0,2597,5,15,1,613,5,1190,6,1803,California
Modoc,2021-03-08,7,2986,1,368,2,2599,4,19,1,612,6,1196,5,1808,California
Modoc,2021-03-09,127,3113,10,378,109,2708,8,27,61,615,66,1262,69,1877,California
Modoc,2021-03-10,9,3122,3,381,2,2710,4,31,4,618,5,1267,8,1885,California
Modoc,2021-03-11,206,3328,0,381,99,2809,107,138,22,564,183,1450,129,2014,California
Modoc,2021-03-12,10,3338,1,382,4,2813,5,143,4,567,6,1456,9,2023,California
Modoc,2021-03-13,4,3342,0,382,1,2814,3,146,1,568,3,1459,4,2027,California
Modoc,2021-03-15,12,3354,1,383,10,2824,1,147,10,577,2,1461,11,2038,California
Modoc,2021-03-16,173,3527,1,384,168,2992,4,151,42,491,131,1592,45,2083,California
Modoc,2021-03-17,10,3537,1,385,4,2996,5,156,2,490,8,1600,7,2090,California
Modoc,2021-03-18,66,3603,1,386,58,3054,7,163,34,499,32,1632,41,2131,California
Modoc,2021-03-19,5,3608,0,386,0,3054,5,168,0,499,5,1637,5,2136,California
Modoc,2021-03-20,6,3614,2,388,1,3055,3,171,1,498,5,1642,4,2140,California
Modoc,2021-03-21,4,3618,1,389,1,3056,2,173,2,500,2,1644,4,2144,California
Modoc,2021-03-22,18,3636,1,390,11,3067,6,179,12,512,6,1650,18,2162,California
Modoc,2021-03-23,32,3668,4,394,25,3092,3,182,24,531,8,1658,27,2189,California
Modoc,2021-03-24,29,3697,1,395,18,3110,10,192,2,516,27,1685,12,2201,California
Modoc,2021-03-25,64,3761,1,396,61,3171,2,194,32,518,32,1717,34,2235,California
Modoc,2021-03-26,7,3768,2,398,2,3173,3,197,2,518,5,1722,5,2240,California
Modoc,2021-03-27,2,3770,0,398,1,3174,1,198,1,519,1,1723,2,2242,California
Modoc,2021-03-28,2,3772,1,399,0,3174,1,199,0,518,2,1725,1,2243,California
Modoc,2021-03-29,14,3786,1,400,5,3179,8,207,5,522,9,1734,13,2256,California
Modoc,2021-03-30,56,3842,11,411,39,3218,6,213,23,518,33,1767,29,2285,California
Modoc,2021-03-31,9,3851,3,414,2,3220,4,217,3,519,6,1773,7,2292,California
Modoc,2021-04-01,170,4021,3,417,162,3382,5,222,35,424,135,1908,40,2332,California
Modoc,2021-04-02,5,4026,0,417,2,3384,3,225,1,425,3,1911,4,2336,California
Modoc,2021-04-03,4,4030,2,419,0,3384,2,227,2,427,2,1913,4,2340,California
Modoc,2021-04-05,9,4039,0,419,9,3393,0,227,9,436,0,1913,9,2349,California
Modoc,2021-04-06,22,4061,5,424,7,3400,10,237,4,432,18,1931,14,2363,California
Modoc,2021-04-07,11,4072,1,425,3,3403,7,244,2,432,9,1940,9,2372,California
Modoc,2021-04-08,96,4168,1,426,93,3496,2,246,26,390,70,2010,28,2400,California
Modoc,2021-04-09,11,4179,1,427,8,3504,2,248,3,387,7,2017,4,2404,California
Modoc,2021-04-10,3,4182,0,427,0,3504,3,251,0,387,3,2020,3,2407,California
Modoc,2021-04-11,4,4186,2,429,0,3504,2,253,1,388,1,2021,2,2409,California
Modoc,2021-04-12,12,4198,1,430,9,3513,2,255,0,388,0,2021,0,2409,California
Mono,2020-12-18,1,1,1,1,0,0,0,0,1,1,0,0,1,1,California
Mono,2020-12-19,5,6,5,6,0,0,0,0,5,6,0,0,5,6,California
Mono,2020-12-20,7,13,7,13,0,0,0,0,7,13,0,0,7,13,California
Mono,2020-12-21,24,37,17,30,7,7,0,0,24,37,0,0,24,37,California
Mono,2020-12-22,65,102,64,94,1,8,0,0,65,102,0,0,65,102,California
Mono,2020-12-23,70,172,42,136,28,36,0,0,70,172,0,0,70,172,California
Mono,2020-12-24,3,175,1,137,2,38,0,0,3,175,0,0,3,175,California
Mono,2020-12-26,3,178,3,140,0,38,0,0,3,178,0,0,3,178,California
Mono,2020-12-28,94,272,63,203,31,69,0,0,94,272,0,0,94,272,California
Mono,2020-12-29,29,301,29,232,0,69,0,0,29,301,0,0,29,301,California
Mono,2020-12-30,76,377,35,267,41,110,0,0,76,377,0,0,76,377,California
Mono,2020-12-31,4,381,1,268,3,113,0,0,4,381,0,0,4,381,California
Mono,2021-01-01,4,385,4,272,0,113,0,0,4,385,0,0,4,385,California
Mono,2021-01-02,1,386,1,273,0,113,0,0,1,386,0,0,1,386,California
Mono,2021-01-04,1,387,0,273,1,114,0,0,1,387,0,0,1,387,California
Mono,2021-01-05,45,432,2,275,43,157,0,0,44,430,1,1,44,431,California
Mono,2021-01-06,44,476,0,275,44,201,0,0,44,474,0,1,44,475,California
Mono,2021-01-07,55,531,3,278,52,253,0,0,54,527,1,2,54,529,California
Mono,2021-01-08,2,533,1,279,1,254,0,0,1,527,1,3,1,530,California
Mono,2021-01-09,4,537,4,283,0,254,0,0,0,523,4,7,0,530,California
Mono,2021-01-10,5,542,5,288,0,254,0,0,0,518,5,12,0,530,California
Mono,2021-01-11,7,549,4,292,3,257,0,0,3,517,4,16,3,533,California
Mono,2021-01-12,283,832,75,367,208,465,0,0,219,673,63,79,219,752,California
Mono,2021-01-13,233,1065,73,440,160,625,0,0,178,796,55,134,178,930,California
Mono,2021-01-14,73,1138,71,511,2,627,0,0,73,869,0,134,73,1003,California
Mono,2021-01-15,60,1198,2,513,58,685,0,0,60,929,0,134,60,1063,California
Mono,2021-01-16,4,1202,3,516,1,686,0,0,1,927,3,137,1,1064,California
Mono,2021-01-18,63,1265,54,570,9,695,0,0,2,868,61,198,2,1066,California
Mono,2021-01-19,209,1474,207,777,2,697,0,0,171,1002,38,236,172,1238,California
Mono,2021-01-20,231,1705,200,977,31,728,0,0,170,1111,61,297,170,1408,California
Mono,2021-01-21,3,1708,3,980,0,728,0,0,3,1114,0,297,3,1411,California
Mono,2021-01-22,4,1712,0,980,4,732,0,0,4,1118,0,297,4,1415,California
Mono,2021-01-23,598,2310,598,1578,0,732,0,0,598,1716,0,297,598,2013,California
Mono,2021-01-25,205,2515,167,1745,38,770,0,0,166,1843,39,336,166,2179,California
Mono,2021-01-26,504,3019,502,2247,2,772,0,0,499,2337,5,341,499,2678,California
Mono,2021-01-27,5,3024,1,2248,4,776,0,0,5,2342,0,341,5,2683,California
Mono,2021-01-28,7,3031,3,2251,4,780,0,0,3,2341,4,345,3,2686,California
Mono,2021-01-30,201,3232,199,2450,2,782,0,0,201,2542,0,345,201,2887,California
Mono,2021-01-31,243,3475,138,2588,105,887,0,0,139,2577,104,449,139,3026,California
Mono,2021-02-01,27,3502,27,2615,0,887,0,0,0,2550,27,476,0,3026,California
Mono,2021-02-02,5,3507,0,2615,5,892,0,0,2,2549,3,479,2,3028,California
Mono,2021-02-03,3,3510,1,2616,2,894,0,0,1,2548,2,481,1,3029,California
Mono,2021-02-04,211,3721,158,2774,53,947,0,0,90,2517,121,602,90,3119,California
Mono,2021-02-05,623,4344,617,3391,6,953,0,0,620,3134,3,605,620,3739,California
Mono,2021-02-06,140,4484,139,3530,1,954,0,0,138,3270,2,607,138,3877,California
Mono,2021-02-07,2,4486,0,3530,2,956,0,0,2,3272,0,607,2,3879,California
Mono,2021-02-08,172,4658,172,3702,0,956,0,0,15,3131,156,763,15,3894,California
Mono,2021-02-09,226,4884,5,3707,221,1177,0,0,14,2933,212,975,14,3908,California
Mono,2021-02-10,538,5422,187,3894,351,1528,0,0,196,2790,339,1314,196,4104,California
Mono,2021-02-11,6,5428,4,3898,2,1530,0,0,1,2786,5,1319,1,4105,California
Mono,2021-02-12,84,5512,20,3918,64,1594,0,0,26,2754,58,1377,26,4131,California
Mono,2021-02-13,589,6101,589,4507,0,1594,0,0,25,2215,564,1941,25,4156,California
Mono,2021-02-15,168,6269,166,4673,2,1596,0,0,4,2056,163,2104,4,4160,California
Mono,2021-02-16,520,6789,517,5190,3,1599,0,0,44,1626,474,2578,44,4204,California
Mono,2021-02-17,5,6794,1,5191,4,1603,0,0,1,1623,4,2582,1,4205,California
Mono,2021-02-18,2,6796,2,5193,0,1603,0,0,1,1623,1,2583,1,4206,California
Mono,2021-02-19,54,6850,53,5246,1,1604,0,0,54,1677,0,2583,54,4260,California
Mono,2021-02-20,4,6854,4,5250,0,1604,0,0,4,1681,0,2583,4,4264,California
Mono,2021-02-21,3,6857,3,5253,0,1604,0,0,3,1684,0,2583,3,4267,California
Mono,2021-02-22,285,7142,284,5537,1,1605,0,0,24,1448,260,2843,24,4291,California
Mono,2021-02-23,135,7277,115,5652,20,1625,0,0,22,1357,113,2956,22,4313,California
Mono,2021-02-24,7,7284,2,5654,5,1630,0,0,2,1354,5,2961,2,4315,California
Mono,2021-02-25,5,7289,2,5656,3,1633,0,0,3,1356,1,2962,3,4318,California
Mono,2021-02-26,603,7892,602,6258,1,1634,0,0,20,794,582,3544,20,4338,California
Mono,2021-02-27,142,8034,138,6396,4,1638,0,0,4,663,135,3679,4,4342,California
Mono,2021-03-01,2,8036,2,6398,0,1638,0,0,1,664,0,3679,1,4343,California
Mono,2021-03-02,5,8041,3,6401,2,1640,0,0,3,665,2,3681,3,4346,California
Mono,2021-03-03,81,8122,2,6403,79,1719,0,0,78,741,2,3683,78,4424,California
Mono,2021-03-04,4,8126,0,6403,4,1723,0,0,2,741,2,3685,2,4426,California
Mono,2021-03-05,37,8163,27,6430,10,1733,0,0,14,732,23,3708,14,4440,California
Mono,2021-03-06,510,8673,16,6446,494,2227,0,0,504,1231,5,3713,504,4944,California
Mono,2021-03-07,1,8674,0,6446,1,2228,0,0,0,1230,1,3714,0,4944,California
Mono,2021-03-08,544,9218,11,6457,530,2758,3,3,535,1759,9,3723,538,5482,California
Mono,2021-03-09,7,9225,2,6459,4,2762,1,4,4,1762,2,3725,5,5487,California
Mono,2021-03-10,286,9511,91,6550,192,2954,3,7,10,1500,275,4000,13,5500,California
Mono,2021-03-11,10,9521,0,6550,1,2955,9,16,0,1499,10,4010,9,5509,California
Mono,2021-03-12,6,9527,1,6551,1,2956,4,20,0,1497,6,4016,4,5513,California
Mono,2021-03-13,828,10355,392,6943,436,3392,0,20,820,2309,8,4024,820,6333,California
Mono,2021-03-14,4,10359,4,6947,0,3392,0,20,1,2307,3,4027,1,6334,California
Mono,2021-03-15,29,10388,23,6970,1,3393,5,25,13,2309,16,4043,18,6352,California
Mono,2021-03-16,16,10404,6,6976,4,3397,6,31,8,2315,8,4051,14,6366,California
Mono,2021-03-17,33,10437,4,6980,21,3418,8,39,22,2334,11,4062,30,6396,California
Mono,2021-03-18,19,10456,2,6982,9,3427,8,47,8,2339,11,4073,16,6412,California
Mono,2021-03-19,22,10478,1,6983,18,3445,3,50,18,2357,3,4076,21,6433,California
Mono,2021-03-20,5,10483,4,6987,0,3445,1,51,4,2361,1,4077,5,6438,California
Mono,2021-03-21,1,10484,1,6988,0,3445,0,51,1,2362,0,4077,1,6439,California
Mono,2021-03-22,11,10495,0,6988,6,3451,5,56,5,2366,6,4083,10,6449,California
Mono,2021-03-23,42,10537,5,6993,32,3483,5,61,19,2367,23,4106,24,6473,California
Mono,2021-03-24,12,10549,1,6994,6,3489,5,66,6,2372,6,4112,11,6484,California
Mono,2021-03-25,18,10567,2,6996,12,3501,4,70,12,2382,6,4118,16,6500,California
Mono,2021-03-26,21,10588,3,6999,13,3514,5,75,12,2391,8,4126,17,6517,California
Mono,2021-03-27,354,10942,351,7350,3,3517,0,75,329,2695,25,4151,329,6846,California
Mono,2021-03-28,1,10943,1,7351,0,3517,0,75,1,2696,0,4151,1,6847,California
Mono,2021-03-29,10,10953,3,7354,6,3523,1,76,9,2705,1,4152,10,6857,California
Mono,2021-03-30,15,10968,0,7354,11,3534,4,80,10,2714,5,4157,14,6871,California
Mono,2021-03-31,121,11089,7,7361,113,3647,1,81,45,2685,75,4232,46,6917,California
Mono,2021-04-01,8,11097,0,7361,7,3654,1,82,3,2684,5,4237,4,6921,California
Mono,2021-04-02,17,11114,2,7363,15,3669,0,82,6,2679,11,4248,6,6927,California
Mono,2021-04-03,850,11964,367,7730,483,4152,0,82,35,1900,814,5062,35,6962,California
Mono,2021-04-05,535,12499,17,7747,517,4669,1,83,32,1432,501,5563,33,6995,California
Mono,2021-04-06,25,12524,4,7751,9,4678,12,95,7,1433,18,5581,19,7014,California
Mono,2021-04-07,23,12547,9,7760,3,4681,11,106,10,1441,13,5594,21,7035,California
Mono,2021-04-08,21,12568,4,7764,1,4682,16,122,4,1444,17,5611,20,7055,California
Mono,2021-04-09,25,12593,3,7767,1,4683,21,143,1,1442,24,5635,22,7077,California
Mono,2021-04-10,441,13034,2,7769,433,5116,6,149,27,1061,413,6048,32,7109,California
Mono,2021-04-12,2,13036,1,7770,0,5116,1,150,0,1061,0,6048,0,7109,California
Monterey,2020-12-16,4,4,4,4,0,0,0,0,4,4,0,0,4,4,California
Monterey,2020-12-17,82,86,82,86,0,0,0,0,82,86,0,0,82,86,California
Monterey,2020-12-18,481,567,481,567,0,0,0,0,481,567,0,0,481,567,California
Monterey,2020-12-19,579,1146,579,1146,0,0,0,0,579,1146,0,0,579,1146,California
Monterey,2020-12-20,422,1568,422,1568,0,0,0,0,422,1568,0,0,422,1568,California
Monterey,2020-12-21,720,2288,720,2288,0,0,0,0,720,2288,0,0,720,2288,California
Monterey,2020-12-22,533,2821,520,2808,13,13,0,0,533,2821,0,0,533,2821,California
Monterey,2020-12-23,435,3256,259,3067,176,189,0,0,435,3256,0,0,435,3256,California
Monterey,2020-12-24,84,3340,10,3077,74,263,0,0,84,3340,0,0,84,3340,California
Monterey,2020-12-25,6,3346,0,3077,6,269,0,0,6,3346,0,0,6,3346,California
Monterey,2020-12-26,92,3438,5,3082,87,356,0,0,92,3438,0,0,92,3438,California
Monterey,2020-12-27,7,3445,4,3086,3,359,0,0,7,3445,0,0,7,3445,California
Monterey,2020-12-28,477,3922,25,3111,452,811,0,0,477,3922,0,0,477,3922,California
Monterey,2020-12-29,899,4821,167,3278,732,1543,0,0,899,4821,0,0,899,4821,California
Monterey,2020-12-30,568,5389,98,3376,470,2013,0,0,568,5389,0,0,568,5389,California
Monterey,2020-12-31,35,5424,11,3387,24,2037,0,0,35,5424,0,0,35,5424,California
Monterey,2021-01-01,11,5435,2,3389,9,2046,0,0,11,5435,0,0,11,5435,California
Monterey,2021-01-02,137,5572,134,3523,3,2049,0,0,137,5572,0,0,137,5572,California
Monterey,2021-01-03,30,5602,29,3552,1,2050,0,0,30,5602,0,0,30,5602,California
Monterey,2021-01-04,410,6012,18,3570,392,2442,0,0,410,6012,0,0,410,6012,California
Monterey,2021-01-05,750,6762,326,3896,424,2866,0,0,736,6734,14,14,736,6748,California
Monterey,2021-01-06,655,7417,172,4068,483,3349,0,0,633,7345,22,36,633,7381,California
Monterey,2021-01-07,743,8160,570,4638,173,3522,0,0,420,7444,321,357,420,7801,California
Monterey,2021-01-08,1085,9245,733,5371,352,3874,0,0,393,7145,692,1049,393,8194,California
Monterey,2021-01-09,963,10208,935,6306,28,3902,0,0,313,6808,650,1699,313,8507,California
Monterey,2021-01-10,272,10480,269,6575,3,3905,0,0,7,6550,265,1964,7,8514,California
Monterey,2021-01-11,1064,11544,984,7559,80,3985,0,0,361,6208,703,2667,361,8875,California
Monterey,2021-01-12,463,12007,387,7946,76,4061,0,0,202,6149,261,2928,202,9077,California
Monterey,2021-01-13,1217,13224,590,8536,627,4688,0,0,1173,7278,44,2972,1173,10250,California
Monterey,2021-01-14,1046,14270,93,8629,953,5641,0,0,1028,8291,18,2990,1031,11281,California
Monterey,2021-01-15,1037,15307,43,8672,994,6635,0,0,1024,9302,13,3003,1024,12305,California
Monterey,2021-01-16,359,15666,296,8968,63,6698,0,0,354,9651,5,3008,354,12659,California
Monterey,2021-01-17,312,15978,290,9258,22,6720,0,0,299,9937,13,3021,299,12958,California
Monterey,2021-01-18,401,16379,50,9308,351,7071,0,0,380,10296,21,3042,380,13338,California
Monterey,2021-01-19,574,16953,394,9702,180,7251,0,0,416,10556,156,3198,416,13754,California
Monterey,2021-01-20,530,17483,268,9970,262,7513,0,0,324,10674,206,3404,324,14078,California
Monterey,2021-01-21,839,18322,92,10062,747,8260,0,0,729,11297,110,3514,733,14811,California
Monterey,2021-01-22,1046,19368,191,10253,855,9115,0,0,1007,12265,39,3553,1007,15818,California
Monterey,2021-01-23,240,19608,174,10427,66,9181,0,0,117,12261,122,3675,118,15936,California
Monterey,2021-01-24,56,19664,38,10465,18,9199,0,0,22,12249,34,3709,22,15958,California
Monterey,2021-01-25,781,20445,173,10638,608,9807,0,0,154,11783,620,4329,154,16112,California
Monterey,2021-01-26,923,21368,221,10859,702,10509,0,0,233,11326,690,5019,233,16345,California
Monterey,2021-01-27,858,22226,307,11166,551,11060,0,0,376,11220,482,5501,376,16721,California
Monterey,2021-01-28,2004,24230,734,11900,1270,12330,0,0,1663,12544,341,5842,1665,18386,California
Monterey,2021-01-29,1224,25454,704,12604,520,12850,0,0,1109,13540,114,5956,1110,19496,California
Monterey,2021-01-30,432,25886,285,12889,147,12997,0,0,181,13470,251,6207,181,19677,California
Monterey,2021-01-31,491,26377,69,12958,422,13419,0,0,482,13944,9,6216,483,20160,California
Monterey,2021-02-01,1657,28034,1144,14102,513,13932,0,0,1097,14481,560,6776,1097,21257,California
Monterey,2021-02-02,2144,30178,454,14556,1690,15622,0,0,1538,15413,606,7382,1538,22795,California
Monterey,2021-02-03,2328,32506,1046,15602,1282,16904,0,0,1553,16195,771,8153,1553,24348,California
Monterey,2021-02-04,2700,35206,2021,17623,679,17583,0,0,2439,18375,259,8412,2439,26787,California
Monterey,2021-02-05,3636,38842,2819,20442,817,18400,0,0,3206,21156,425,8837,3206,29993,California
Monterey,2021-02-06,1096,39938,379,20821,717,19117,0,0,755,21572,339,9176,755,30748,California
Monterey,2021-02-07,316,40254,272,21093,44,19161,0,0,95,21446,221,9397,95,30843,California
Monterey,2021-02-08,513,40767,288,21381,225,19386,0,0,429,21790,85,9482,429,31272,California
Monterey,2021-02-09,856,41623,673,22054,183,19569,0,0,546,22028,310,9792,548,31820,California
Monterey,2021-02-10,2009,43632,1041,23095,968,20537,0,0,1160,22339,849,10641,1160,32980,California
Monterey,2021-02-11,2488,46120,963,24058,1525,22062,0,0,1538,22929,950,11591,1540,34520,California
Monterey,2021-02-12,2582,48702,426,24484,2156,24218,0,0,1522,23392,1059,12650,1522,36042,California
Monterey,2021-02-13,1070,49772,49,24533,1021,25239,0,0,979,24280,91,12741,979,37021,California
Monterey,2021-02-14,585,50357,73,24606,512,25751,0,0,511,24717,74,12815,511,37532,California
Monterey,2021-02-15,1344,51701,138,24744,1206,26957,0,0,974,25323,369,13184,975,38507,California
Monterey,2021-02-16,1086,52787,241,24985,845,27802,0,0,866,25969,220,13404,866,39373,California
Monterey,2021-02-17,1932,54719,1160,26145,772,28574,0,0,1634,27310,296,13700,1637,41010,California
Monterey,2021-02-18,2218,56937,1174,27319,1044,29618,0,0,904,26913,1304,15004,907,41917,California
Monterey,2021-02-19,2928,59865,1529,28848,1399,31017,0,0,1340,26665,1588,16592,1340,43257,California
Monterey,2021-02-20,1000,60865,601,29449,399,31416,0,0,947,27561,51,16643,947,44204,California
Monterey,2021-02-21,1235,62100,1207,30656,28,31444,0,0,1170,28666,65,16708,1170,45374,California
Monterey,2021-02-22,971,63071,841,31497,130,31574,0,0,639,28974,331,17039,639,46013,California
Monterey,2021-02-23,946,64017,614,32111,332,31906,0,0,300,28628,647,17686,301,46314,California
Monterey,2021-02-24,2453,66470,1310,33421,1143,33049,0,0,1844,29871,602,18288,1845,48159,California
Monterey,2021-02-25,4338,70808,2393,35814,1945,34994,0,0,1445,28432,2885,21173,1446,49605,California
Monterey,2021-02-26,5240,76048,3080,38894,2160,37154,0,0,2621,28437,2617,23790,2622,52227,California
Monterey,2021-02-27,991,77039,181,39075,810,37964,0,0,803,29056,184,23974,803,53030,California
Monterey,2021-02-28,1524,78563,81,39156,1443,39407,0,0,1066,29667,455,24429,1066,54096,California
Monterey,2021-03-01,1271,79834,136,39292,1132,40539,3,3,741,29883,528,24957,744,54840,California
Monterey,2021-03-02,2717,82551,1713,41005,1004,41543,0,3,1872,30915,840,25797,1872,56712,California
Monterey,2021-03-03,3148,85699,1228,42233,1920,43463,0,3,1260,30290,1886,27683,1261,57973,California
Monterey,2021-03-04,4535,90234,1462,43695,3073,46536,0,3,2975,31708,1557,29240,2975,60948,California
Monterey,2021-03-05,3245,93479,1417,45112,1555,48091,273,276,2621,33979,623,29863,2894,63842,California
Monterey,2021-03-06,4926,98405,1063,46175,3611,51702,252,528,4057,37437,852,30715,4310,68152,California
Monterey,2021-03-07,516,98921,106,46281,164,51866,246,774,227,37620,289,31004,472,68624,California
Monterey,2021-03-08,1605,100526,323,46604,936,52802,346,1120,1109,38577,497,31501,1454,70078,California
Monterey,2021-03-09,1896,102422,673,47277,948,53750,275,1395,1411,39778,483,31984,1684,71762,California
Monterey,2021-03-10,2907,105329,869,48146,1554,55304,484,1879,1358,40076,1544,33528,1842,73604,California
Monterey,2021-03-11,4094,109423,1403,49549,2324,57628,367,2246,2338,41033,1748,35276,2705,76309,California
Monterey,2021-03-12,4209,113632,2006,51555,2097,59725,106,2352,2595,42121,1612,36888,2700,79009,California
Monterey,2021-03-13,5028,118660,958,52513,3724,63449,346,2698,3750,44948,1269,38157,4096,83105,California
Monterey,2021-03-14,2132,120792,1325,53838,783,64232,24,2722,576,44002,1546,39703,600,83705,California
Monterey,2021-03-15,3927,124719,1262,55100,2375,66607,290,3012,2243,44855,1679,41382,2532,86237,California
Monterey,2021-03-16,3452,128171,566,55666,2514,69121,372,3384,2054,45884,1397,42779,2426,88663,California
Monterey,2021-03-17,5642,133813,2305,57971,3088,72209,249,3633,4071,48647,1563,44342,4326,92989,California
Monterey,2021-03-18,4306,138119,2144,60115,1994,74203,168,3801,2986,50526,1315,45657,3194,96183,California
Monterey,2021-03-19,5321,143440,2542,62657,2637,76840,142,3943,4073,53500,1241,46898,4215,100398,California
Monterey,2021-03-20,3184,146624,418,63075,2072,78912,694,4637,2039,55163,1070,47968,2733,103131,California
Monterey,2021-03-21,618,147242,198,63273,413,79325,7,4644,553,55659,64,48032,560,103691,California
Monterey,2021-03-22,2435,149677,1422,64695,952,80277,61,4705,2241,57770,190,48222,2301,105992,California
Monterey,2021-03-23,3961,153638,2345,67040,1574,81851,42,4747,2508,58872,1448,49670,2550,108542,California
Monterey,2021-03-24,4915,158553,2059,69099,2547,84398,309,5056,3607,61484,1304,50974,3916,112458,California
Monterey,2021-03-25,5132,163685,1202,70301,3573,87971,357,5413,2584,61889,2537,53511,2942,115400,California
Monterey,2021-03-26,5281,168966,2596,72897,2619,90590,66,5479,2845,62376,2426,55937,2913,118313,California
Monterey,2021-03-27,4628,173594,1411,74308,2961,93551,256,5735,2923,63855,1700,57637,3179,121492,California
Monterey,2021-03-28,1102,174696,337,74645,757,94308,8,5743,626,64018,471,58108,634,122126,California
Monterey,2021-03-29,3192,177888,1432,76077,1746,96054,14,5757,1976,64805,1206,59314,1993,124119,California
Monterey,2021-03-30,4427,182315,2130,78207,2260,98314,37,5794,2747,65924,1669,60983,2788,126907,California
Monterey,2021-03-31,5264,187579,2365,80572,2107,100421,792,6586,3333,68126,1924,62907,4126,131033,California
Monterey,2021-04-01,6019,193598,2069,82641,3547,103968,403,6989,3031,68589,2970,65877,3433,134466,California
Monterey,2021-04-02,4670,198268,2254,84895,2358,106326,58,7047,3304,70591,1362,67239,3364,137830,California
Monterey,2021-04-03,5202,203470,1113,86008,3507,109833,582,7629,1211,68404,3968,71207,1781,139611,California
Monterey,2021-04-04,758,204228,162,86170,583,110416,13,7642,493,68647,264,71471,507,140118,California
Monterey,2021-04-05,4011,208239,2505,88675,1278,111694,228,7870,1536,67943,2469,73940,1765,141883,California
Monterey,2021-04-06,3006,211245,1317,89992,1279,112973,410,8280,1104,67562,1892,75832,1511,143394,California
Monterey,2021-04-07,5208,216453,1400,91392,3358,116331,450,8730,2534,68083,2380,78212,2901,146295,California
Monterey,2021-04-08,6146,222599,3372,94764,2079,118410,695,9425,3086,68824,2916,81128,3657,149952,California
Monterey,2021-04-09,4769,227368,3095,97859,1368,119778,306,9731,1964,68475,2594,83722,2245,152197,California
Monterey,2021-04-10,7056,234424,4298,102157,1554,121332,1204,10935,4166,71569,2268,85990,5362,157559,California
Monterey,2021-04-11,4589,239013,3979,106136,550,121882,60,10995,58,71606,26,86016,63,157622,California
Monterey,2021-04-12,1826,240839,1066,107202,687,122569,73,11068,0,71606,0,86016,0,157622,California
Napa,2020-12-16,12,12,12,12,0,0,0,0,12,12,0,0,12,12,California
Napa,2020-12-17,44,56,44,56,0,0,0,0,44,56,0,0,44,56,California
Napa,2020-12-18,102,158,102,158,0,0,0,0,102,158,0,0,102,158,California
Napa,2020-12-19,221,379,221,379,0,0,0,0,221,379,0,0,221,379,California
Napa,2020-12-20,189,568,189,568,0,0,0,0,189,568,0,0,189,568,California
Napa,2020-12-21,309,877,309,877,0,0,0,0,310,878,0,0,310,878,California
Napa,2020-12-22,338,1215,329,1206,9,9,0,0,338,1216,0,0,338,1216,California
Napa,2020-12-23,429,1644,320,1526,109,118,0,0,429,1645,0,0,429,1645,California
Napa,2020-12-24,138,1782,77,1603,61,179,0,0,138,1783,0,0,138,1783,California
Napa,2020-12-25,1,1783,1,1604,0,179,0,0,1,1784,0,0,1,1784,California
Napa,2020-12-26,39,1822,11,1615,28,207,0,0,39,1823,0,0,39,1823,California
Napa,2020-12-27,32,1854,16,1631,16,223,0,0,32,1855,0,0,32,1855,California
Napa,2020-12-28,249,2103,184,1815,65,288,0,0,277,2132,0,0,277,2132,California
Napa,2020-12-29,275,2378,216,2031,59,347,0,0,309,2441,0,0,309,2441,California
Napa,2020-12-30,630,3008,486,2517,144,491,0,0,638,3079,0,0,638,3079,California
Napa,2020-12-31,461,3469,373,2890,88,579,0,0,461,3540,0,0,461,3540,California
Napa,2021-01-01,1,3470,1,2891,0,579,0,0,1,3541,0,0,1,3541,California
Napa,2021-01-02,97,3567,92,2983,5,584,0,0,97,3638,0,0,97,3638,California
Napa,2021-01-03,13,3580,11,2994,2,586,0,0,9,3647,0,0,9,3647,California
Napa,2021-01-04,107,3687,64,3058,43,629,0,0,107,3754,0,0,107,3754,California
Napa,2021-01-05,155,3842,85,3143,70,699,0,0,138,3868,24,24,138,3892,California
Napa,2021-01-06,456,4298,114,3257,342,1041,0,0,392,4198,62,86,392,4284,California
Napa,2021-01-07,485,4783,222,3479,263,1304,0,0,385,4484,99,185,385,4669,California
Napa,2021-01-08,442,5225,227,3706,215,1519,0,0,262,4567,179,364,262,4931,California
Napa,2021-01-09,325,5550,299,4005,26,1545,0,0,188,4618,137,501,188,5119,California
Napa,2021-01-10,184,5734,101,4106,83,1628,0,0,109,4652,75,576,109,5228,California
Napa,2021-01-11,878,6612,422,4528,456,2084,0,0,506,4787,373,949,508,5736,California
Napa,2021-01-12,1309,7921,370,4898,939,3023,0,0,994,5466,315,1264,994,6730,California
Napa,2021-01-13,1310,9231,264,5162,1046,4069,0,0,1148,6454,161,1425,1149,7879,California
Napa,2021-01-14,1048,10279,171,5333,877,4946,0,0,932,7272,114,1539,932,8811,California
Napa,2021-01-15,1449,11728,382,5715,1067,6013,0,0,1301,8418,156,1695,1302,10113,California
Napa,2021-01-16,354,12082,133,5848,221,6234,0,0,336,8736,18,1713,336,10449,California
Napa,2021-01-17,339,12421,175,6023,164,6398,0,0,329,9055,10,1723,329,10778,California
Napa,2021-01-18,1081,13502,196,6219,885,7283,0,0,990,9954,91,1814,990,11768,California
Napa,2021-01-19,1009,14511,406,6625,603,7886,0,0,766,10478,242,2056,766,12534,California
Napa,2021-01-20,825,15336,185,6810,640,8526,0,0,643,10941,180,2236,643,13177,California
Napa,2021-01-21,1332,16668,373,7183,959,9485,0,0,1077,11765,254,2490,1078,14255,California
Napa,2021-01-22,1538,18206,411,7594,1127,10612,0,0,1211,12651,326,2816,1212,15467,California
Napa,2021-01-23,396,18602,316,7910,80,10692,0,0,335,12925,61,2877,335,15802,California
Napa,2021-01-24,265,18867,189,8099,76,10768,0,0,207,13074,58,2935,207,16009,California
Napa,2021-01-25,1522,20389,231,8330,1291,12059,0,0,1430,14414,90,3025,1430,17439,California
Napa,2021-01-26,878,21267,283,8613,595,12654,0,0,783,15104,94,3119,784,18223,California
Napa,2021-01-27,623,21890,219,8832,404,13058,0,0,468,15417,155,3274,468,18691,California
Napa,2021-01-28,378,22268,166,8998,212,13270,0,0,199,15438,178,3452,199,18890,California
Napa,2021-01-29,252,22520,64,9062,188,13458,0,0,157,15500,95,3547,157,19047,California
Napa,2021-01-30,804,23324,695,9757,109,13567,0,0,640,15976,164,3711,640,19687,California
Napa,2021-01-31,656,23980,626,10383,30,13597,0,0,630,16580,26,3737,630,20317,California
Napa,2021-02-01,312,24292,108,10491,204,13801,0,0,160,16588,152,3889,160,20477,California
Napa,2021-02-02,589,24881,280,10771,309,14110,0,0,288,16577,299,4188,288,20765,California
Napa,2021-02-03,735,25616,309,11080,426,14536,0,0,425,16691,311,4499,425,21190,California
Napa,2021-02-04,790,26406,374,11454,416,14952,0,0,442,16787,346,4845,442,21632,California
Napa,2021-02-05,703,27109,312,11766,391,15343,0,0,337,16758,366,5211,337,21969,California
Napa,2021-02-06,430,27539,144,11910,286,15629,0,0,325,16979,104,5315,325,22294,California
Napa,2021-02-07,173,27712,160,12070,13,15642,0,0,70,16946,103,5418,70,22364,California
Napa,2021-02-08,830,28542,190,12260,640,16282,0,0,269,16657,558,5976,269,22633,California
Napa,2021-02-09,1072,29614,440,12700,632,16914,0,0,432,16449,640,6616,432,23065,California
Napa,2021-02-10,1713,31327,189,12889,1524,18438,0,0,447,15634,1263,7879,448,23513,California
Napa,2021-02-11,1494,32821,194,13083,1300,19738,0,0,410,14973,1072,8951,411,23924,California
Napa,2021-02-12,2153,34974,835,13918,1318,21056,0,0,718,14260,1431,10382,718,24642,California
Napa,2021-02-13,492,35466,51,13969,441,21497,0,0,311,14391,181,10563,312,24954,California
Napa,2021-02-14,356,35822,91,14060,265,21762,0,0,195,14427,161,10724,197,25151,California
Napa,2021-02-15,873,36695,183,14243,690,22452,0,0,223,14000,650,11374,223,25374,California
Napa,2021-02-16,1285,37980,598,14841,687,23139,0,0,614,13942,672,12046,614,25988,California
Napa,2021-02-17,1047,39027,531,15372,516,23655,0,0,481,13858,565,12611,481,26469,California
Napa,2021-02-18,1897,40924,485,15857,1412,25067,0,0,660,13285,1233,13844,660,27129,California
Napa,2021-02-19,1479,42403,586,16443,893,25960,0,0,679,13165,799,14643,679,27808,California
Napa,2021-02-20,817,43220,593,17036,224,26184,0,0,270,12888,547,15190,270,28078,California
Napa,2021-02-21,797,44017,736,17772,61,26245,0,0,195,12481,602,15792,195,28273,California
Napa,2021-02-22,439,44456,184,17956,255,26500,0,0,138,12317,302,16094,138,28411,California
Napa,2021-02-23,1124,45580,301,18257,823,27323,0,0,307,11807,817,16911,307,28718,California
Napa,2021-02-24,1160,46740,641,18898,519,27842,0,0,573,11796,585,17496,574,29292,California
Napa,2021-02-25,2537,49277,1210,20108,1327,29169,0,0,1824,12908,712,18208,1824,31116,California
Napa,2021-02-26,1497,50774,521,20629,976,30145,0,0,585,12583,910,19118,585,31701,California
Napa,2021-02-27,1098,51872,361,20990,737,30882,0,0,846,13179,250,19368,846,32547,California
Napa,2021-02-28,560,52432,459,21449,101,30983,0,0,461,13543,97,19465,461,33008,California
Napa,2021-03-01,1095,53527,813,22262,282,31265,0,0,831,14109,265,19730,831,33839,California
Napa,2021-03-02,1480,55007,1024,23286,456,31721,0,0,1145,14922,332,20062,1145,34984,California
Napa,2021-03-03,1520,56527,679,23965,841,32562,0,0,1344,16091,175,20237,1344,36328,California
Napa,2021-03-04,1701,58228,776,24741,925,33487,0,0,1464,17321,234,20471,1464,37792,California
Napa,2021-03-05,1887,60115,779,25520,1104,34591,4,4,1472,18386,411,20882,1476,39268,California
Napa,2021-03-06,624,60739,279,25799,315,34906,30,34,516,18826,106,20988,546,39814,California
Napa,2021-03-07,516,61255,319,26118,182,35088,15,49,366,19056,151,21139,381,40195,California
Napa,2021-03-08,690,61945,319,26437,319,35407,52,101,516,19452,172,21311,568,40763,California
Napa,2021-03-09,1632,63577,570,27007,1016,36423,46,147,1204,20276,426,21737,1250,42013,California
Napa,2021-03-10,1468,65045,913,27920,463,36886,92,239,774,20450,692,22429,866,42879,California
Napa,2021-03-11,1814,66859,1037,28957,651,37537,126,365,921,20606,891,23320,1047,43926,California
Napa,2021-03-12,1488,68347,905,29862,489,38026,94,459,791,20796,694,24014,884,44810,California
Napa,2021-03-13,1149,69496,299,30161,826,38852,24,483,822,21317,325,24339,846,45656,California
Napa,2021-03-14,608,70104,329,30490,130,38982,149,632,226,21311,381,24720,375,46031,California
Napa,2021-03-15,941,71045,402,30892,471,39453,68,700,476,21392,463,25183,544,46575,California
Napa,2021-03-16,1808,72853,389,31281,1293,40746,126,826,1348,22411,456,25639,1475,48050,California
Napa,2021-03-17,2465,75318,1841,33122,445,41191,179,1005,1564,23253,901,26540,1743,49793,California
Napa,2021-03-18,2100,77418,913,34035,1177,42368,10,1015,1290,23745,808,27348,1300,51093,California
Napa,2021-03-19,1427,78845,856,34891,544,42912,27,1042,710,23768,714,28062,737,51830,California
Napa,2021-03-20,994,79839,530,35421,311,43223,153,1195,422,23772,571,28633,575,52405,California
Napa,2021-03-21,705,80544,683,36104,20,43243,2,1197,355,23780,349,28982,357,52762,California
Napa,2021-03-22,1078,81622,900,37004,167,43410,11,1208,476,23667,600,29582,487,53249,California
Napa,2021-03-23,1500,83122,813,37817,670,44080,17,1225,998,24182,500,30082,1015,54264,California
Napa,2021-03-24,1685,84807,932,38749,745,44825,8,1233,812,24130,872,30954,820,55084,California
Napa,2021-03-25,1595,86402,1043,39792,498,45323,54,1287,738,24067,855,31809,792,55876,California
Napa,2021-03-26,1242,87644,806,40598,430,45753,6,1293,548,23931,690,32499,554,56430,California
Napa,2021-03-27,945,88589,434,41032,484,46237,27,1320,315,23643,630,33129,342,56772,California
Napa,2021-03-28,481,89070,372,41404,103,46340,6,1326,182,23533,299,33428,189,56961,California
Napa,2021-03-29,1158,90228,856,42260,297,46637,5,1331,710,23801,447,33875,715,57676,California
Napa,2021-03-30,2345,92573,928,43188,1414,48051,3,1334,1552,24578,778,34653,1555,59231,California
Napa,2021-03-31,1954,94527,955,44143,930,48981,69,1403,819,24331,1133,35786,886,60117,California
Napa,2021-04-01,1698,96225,811,44954,772,49753,115,1518,467,23687,1227,37013,583,60700,California
Napa,2021-04-02,1791,98016,811,45765,838,50591,142,1660,452,22957,1324,38337,594,61294,California
Napa,2021-04-03,625,98641,362,46127,203,50794,60,1720,214,22820,411,38748,274,61568,California
Napa,2021-04-04,347,98988,139,46266,150,50944,58,1778,119,22769,228,38976,177,61745,California
Napa,2021-04-05,1261,100249,757,47023,285,51229,219,1997,570,22868,690,39666,789,62534,California
Napa,2021-04-06,1592,101841,558,47581,780,52009,254,2251,519,22571,1070,40736,773,63307,California
Napa,2021-04-07,1693,103534,671,48252,794,52803,228,2479,501,22113,1186,41922,728,64035,California
Napa,2021-04-08,1686,105220,992,49244,330,53133,364,2843,867,22549,792,42714,1228,65263,California
Napa,2021-04-09,1174,106394,766,50010,211,53344,197,3040,535,22667,612,43326,730,65993,California
Napa,2021-04-10,668,107062,263,50273,363,53707,42,3082,173,22389,492,43818,214,66207,California
Napa,2021-04-11,357,107419,283,50556,62,53769,12,3094,112,22370,140,43958,121,66328,California
Napa,2021-04-12,357,107776,134,50690,176,53945,47,3141,0,22370,0,43958,0,66328,California
Nevada,2020-12-16,3,3,3,3,0,0,0,0,3,3,0,0,3,3,California
Nevada,2020-12-17,6,9,6,9,0,0,0,0,6,9,0,0,6,9,California
Nevada,2020-12-18,51,60,51,60,0,0,0,0,51,60,0,0,51,60,California
Nevada,2020-12-19,55,115,55,115,0,0,0,0,55,115,0,0,55,115,California
Nevada,2020-12-20,12,127,12,127,0,0,0,0,12,127,0,0,12,127,California
Nevada,2020-12-21,69,196,69,196,0,0,0,0,69,196,0,0,69,196,California
Nevada,2020-12-22,91,287,89,285,2,2,0,0,91,287,0,0,91,287,California
Nevada,2020-12-23,234,521,202,487,32,34,0,0,234,521,0,0,234,521,California
Nevada,2020-12-24,13,534,11,498,2,36,0,0,13,534,0,0,13,534,California
Nevada,2020-12-25,2,536,2,500,0,36,0,0,2,536,0,0,2,536,California
Nevada,2020-12-26,6,542,4,504,2,38,0,0,6,542,0,0,6,542,California
Nevada,2020-12-27,88,630,88,592,0,38,0,0,88,630,0,0,88,630,California
Nevada,2020-12-28,170,800,93,685,77,115,0,0,170,800,0,0,170,800,California
Nevada,2020-12-29,100,900,74,759,26,141,0,0,100,900,0,0,100,900,California
Nevada,2020-12-30,85,985,66,825,19,160,0,0,85,985,0,0,85,985,California
Nevada,2020-12-31,39,1024,9,834,30,190,0,0,39,1024,0,0,39,1024,California
Nevada,2021-01-01,1,1025,0,834,1,191,0,0,1,1025,0,0,1,1025,California
Nevada,2021-01-02,1,1026,1,835,0,191,0,0,1,1026,0,0,1,1026,California
Nevada,2021-01-03,129,1155,126,961,3,194,0,0,129,1155,0,0,129,1155,California
Nevada,2021-01-04,71,1226,47,1008,24,218,0,0,71,1226,0,0,71,1226,California
Nevada,2021-01-05,272,1498,130,1138,142,360,0,0,271,1496,1,1,271,1497,California
Nevada,2021-01-06,91,1589,43,1181,48,408,0,0,83,1571,8,9,83,1580,California
Nevada,2021-01-07,215,1804,43,1224,172,580,0,0,208,1774,6,15,209,1789,California
Nevada,2021-01-08,220,2024,126,1350,94,674,0,0,169,1892,51,66,169,1958,California
Nevada,2021-01-09,63,2087,56,1406,7,681,0,0,15,1859,48,114,15,1973,California
Nevada,2021-01-10,17,2104,9,1415,8,689,0,0,9,1860,8,122,9,1982,California
Nevada,2021-01-11,185,2289,131,1546,54,743,0,0,57,1789,128,250,57,2039,California
Nevada,2021-01-12,599,2888,453,1999,146,889,0,0,533,2256,66,316,533,2572,California
Nevada,2021-01-13,259,3147,146,2145,113,1002,0,0,124,2245,135,451,124,2696,California
Nevada,2021-01-14,232,3379,124,2269,108,1110,0,0,214,2442,17,468,214,2910,California
Nevada,2021-01-15,392,3771,168,2437,224,1334,0,0,294,2638,98,566,294,3204,California
Nevada,2021-01-16,295,4066,15,2452,280,1614,0,0,291,2925,4,570,291,3495,California
Nevada,2021-01-17,35,4101,31,2483,4,1618,0,0,33,2956,2,572,33,3528,California
Nevada,2021-01-18,148,4249,40,2523,108,1726,0,0,139,3086,9,581,139,3667,California
Nevada,2021-01-19,234,4483,85,2608,149,1875,0,0,215,3282,19,600,215,3882,California
Nevada,2021-01-20,258,4741,153,2761,105,1980,0,0,245,3514,13,613,245,4127,California
Nevada,2021-01-21,336,5077,207,2968,129,2109,0,0,323,3824,13,626,323,4450,California
Nevada,2021-01-22,342,5419,209,3177,133,2242,0,0,311,4104,31,657,311,4761,California
Nevada,2021-01-23,176,5595,104,3281,72,2314,0,0,176,4280,0,657,176,4937,California
Nevada,2021-01-24,105,5700,98,3379,7,2321,0,0,66,4307,39,696,66,5003,California
Nevada,2021-01-25,264,5964,136,3515,128,2449,0,0,203,4449,61,757,203,5206,California
Nevada,2021-01-26,398,6362,141,3656,257,2706,0,0,297,4645,101,858,297,5503,California
Nevada,2021-01-27,409,6771,242,3898,167,2873,0,0,385,5006,24,882,385,5888,California
Nevada,2021-01-28,459,7230,312,4210,147,3020,0,0,417,5382,41,923,417,6305,California
Nevada,2021-01-29,593,7823,388,4598,205,3225,0,0,570,5930,23,946,571,6876,California
Nevada,2021-01-30,230,8053,103,4701,127,3352,0,0,227,6154,3,949,227,7103,California
Nevada,2021-01-31,103,8156,87,4788,16,3368,0,0,103,6257,0,949,103,7206,California
Nevada,2021-02-01,290,8446,70,4858,220,3588,0,0,276,6519,14,963,276,7482,California
Nevada,2021-02-02,510,8956,171,5029,339,3927,0,0,319,6649,189,1152,319,7801,California
Nevada,2021-02-03,806,9762,569,5598,237,4164,0,0,755,7355,49,1201,755,8556,California
Nevada,2021-02-04,742,10504,393,5991,349,4513,0,0,494,7602,247,1448,494,9050,California
Nevada,2021-02-05,640,11144,362,6353,278,4791,0,0,454,7871,185,1633,454,9504,California
Nevada,2021-02-06,269,11413,83,6436,186,4977,0,0,243,8087,27,1660,243,9747,California
Nevada,2021-02-07,244,11657,191,6627,53,5030,0,0,190,8223,54,1714,190,9937,California
Nevada,2021-02-08,650,12307,407,7034,243,5273,0,0,551,8675,99,1813,551,10488,California
Nevada,2021-02-09,602,12909,338,7372,264,5537,0,0,466,9003,138,1951,466,10954,California
Nevada,2021-02-10,647,13556,323,7695,324,5861,0,0,418,9193,229,2180,419,11373,California
Nevada,2021-02-11,867,14423,501,8196,366,6227,0,0,539,9405,327,2507,539,11912,California
Nevada,2021-02-12,925,15348,433,8629,492,6719,0,0,611,9703,313,2820,611,12523,California
Nevada,2021-02-13,592,15940,233,8862,359,7078,0,0,386,9888,202,3022,387,12910,California
Nevada,2021-02-14,228,16168,119,8981,109,7187,0,0,200,10060,28,3050,200,13110,California
Nevada,2021-02-15,702,16870,437,9418,265,7452,0,0,534,10426,168,3218,534,13644,California
Nevada,2021-02-16,611,17481,197,9615,414,7866,0,0,453,10721,158,3376,453,14097,California
Nevada,2021-02-17,1177,18658,761,10376,416,8282,0,0,860,11264,317,3693,860,14957,California
Nevada,2021-02-18,996,19654,545,10921,451,8733,0,0,599,11468,395,4088,599,15556,California
Nevada,2021-02-19,1002,20656,627,11548,375,9108,0,0,651,11769,351,4439,652,16208,California
Nevada,2021-02-20,294,20950,103,11651,191,9299,0,0,172,11820,121,4560,172,16380,California
Nevada,2021-02-21,89,21039,84,11735,5,9304,0,0,9,11749,80,4640,9,16389,California
Nevada,2021-02-22,491,21530,326,12061,165,9469,0,0,347,11953,143,4783,347,16736,California
Nevada,2021-02-23,458,21988,211,12272,247,9716,0,0,206,11910,249,5032,206,16942,California
Nevada,2021-02-24,471,22459,234,12506,237,9953,0,0,251,11941,222,5254,253,17195,California
Nevada,2021-02-25,856,23315,465,12971,391,10344,0,0,429,11945,425,5679,429,17624,California
Nevada,2021-02-26,1231,24546,881,13852,350,10694,0,0,409,11535,819,6498,409,18033,California
Nevada,2021-02-27,350,24896,109,13961,241,10935,0,0,179,11544,170,6668,179,18212,California
Nevada,2021-02-28,263,25159,152,14113,111,11046,0,0,122,11525,141,6809,122,18334,California
Nevada,2021-03-01,813,25972,419,14532,394,11440,0,0,348,11409,464,7273,348,18682,California
Nevada,2021-03-02,696,26668,258,14790,438,11878,0,0,477,11670,216,7489,477,19159,California
Nevada,2021-03-03,939,27607,483,15273,456,12334,0,0,470,11677,463,7952,470,19629,California
Nevada,2021-03-04,1091,28698,611,15884,480,12814,0,0,459,11506,630,8582,459,20088,California
Nevada,2021-03-05,808,29506,449,16333,349,13163,10,10,353,11416,453,9035,363,20451,California
Nevada,2021-03-06,344,29850,113,16446,208,13371,23,33,136,11367,208,9243,159,20610,California
Nevada,2021-03-07,208,30058,110,16556,78,13449,20,53,66,11310,142,9385,85,20695,California
Nevada,2021-03-08,799,30857,538,17094,218,13667,43,96,355,11266,443,9828,399,21094,California
Nevada,2021-03-09,652,31509,310,17404,292,13959,50,146,357,11378,294,10122,406,21500,California
Nevada,2021-03-10,951,32460,602,18006,292,14251,57,203,317,11121,631,10753,374,21874,California
Nevada,2021-03-11,1085,33545,714,18720,346,14597,25,228,534,11137,543,11296,559,22433,California
Nevada,2021-03-12,1179,34724,724,19444,424,15021,31,259,506,11001,672,11968,536,22969,California
Nevada,2021-03-13,255,34979,50,19494,200,15221,5,264,90,10932,163,12131,94,23063,California
Nevada,2021-03-14,153,35132,22,19516,126,15347,5,269,31,10846,122,12253,36,23099,California
Nevada,2021-03-15,837,35969,451,19967,374,15721,12,281,355,10733,480,12733,367,23466,California
Nevada,2021-03-16,993,36962,464,20431,468,16189,61,342,645,11092,347,13080,706,24172,California
Nevada,2021-03-17,1005,37967,444,20875,551,16740,10,352,578,11256,424,13504,588,24760,California
Nevada,2021-03-18,963,38930,526,21401,414,17154,23,375,475,11270,484,13988,498,25258,California
Nevada,2021-03-19,743,39673,436,21837,276,17430,31,406,349,11257,393,14381,380,25638,California
Nevada,2021-03-20,816,40489,92,21929,303,17733,421,827,233,11331,577,14958,651,26289,California
Nevada,2021-03-21,58,40547,31,21960,26,17759,1,828,41,11356,17,14975,42,26331,California
Nevada,2021-03-22,800,41347,515,22475,280,18039,5,833,544,11651,254,15229,549,26880,California
Nevada,2021-03-23,850,42197,384,22859,440,18479,26,859,642,12114,205,15434,668,27548,California
Nevada,2021-03-24,1013,43210,538,23397,468,18947,7,866,645,12404,362,15796,652,28200,California
Nevada,2021-03-25,888,44098,448,23845,414,19361,26,892,487,12517,398,16194,511,28711,California
Nevada,2021-03-26,1137,45235,431,24276,670,20031,36,928,828,13075,306,16500,864,29575,California
Nevada,2021-03-27,558,45793,69,24345,473,20504,16,944,387,13307,171,16671,403,29978,California
Nevada,2021-03-28,169,45962,49,24394,107,20611,13,957,38,13228,130,16801,51,30029,California
Nevada,2021-03-29,819,46781,503,24897,294,20905,22,979,393,13219,424,17225,415,30444,California
Nevada,2021-03-30,1038,47819,472,25369,532,21437,34,1013,540,13301,492,17717,574,31018,California
Nevada,2021-03-31,1165,48984,658,26027,490,21927,17,1030,710,13584,444,18161,727,31745,California
Nevada,2021-04-01,1224,50208,716,26743,455,22382,53,1083,554,13524,667,18828,607,32352,California
Nevada,2021-04-02,1271,51479,648,27391,587,22969,36,1119,763,13818,505,19333,799,33151,California
Nevada,2021-04-03,283,51762,86,27477,159,23128,38,1157,80,13733,203,19536,118,33269,California
Nevada,2021-04-04,127,51889,42,27519,78,23206,7,1164,77,13768,49,19585,84,33353,California
Nevada,2021-04-05,908,52797,587,28106,300,23506,21,1185,600,14084,305,19890,621,33974,California
Nevada,2021-04-06,1056,53853,663,28769,255,23761,138,1323,467,14105,584,20474,605,34579,California
Nevada,2021-04-07,1106,54959,791,29560,238,23999,77,1400,578,14240,519,20993,654,35233,California
Nevada,2021-04-08,1162,56121,808,30368,284,24283,70,1470,648,14449,509,21502,718,35951,California
Nevada,2021-04-09,831,56952,517,30885,266,24549,48,1518,581,14837,240,21742,628,36579,California
Nevada,2021-04-10,221,57173,73,30958,85,24634,63,1581,99,14883,115,21857,161,36740,California
Nevada,2021-04-11,91,57264,37,30995,54,24688,0,1581,19,14871,31,21888,19,36759,California
Nevada,2021-04-12,162,57426,40,31035,119,24807,3,1584,0,14871,0,21888,0,36759,California
Orange,2020-12-15,16,16,16,16,0,0,0,0,16,16,0,0,16,16,California
Orange,2020-12-16,367,383,367,383,0,0,0,0,367,383,0,0,367,383,California
Orange,2020-12-17,3715,4098,3715,4098,0,0,0,0,3714,4097,0,0,3714,4097,California
Orange,2020-12-18,5030,9128,5023,9121,7,7,0,0,5029,9126,0,0,5029,9126,California
Orange,2020-12-19,2224,11352,2217,11338,7,14,0,0,2223,11349,0,0,2223,11349,California
Orange,2020-12-20,1970,13322,1968,13306,2,16,0,0,1971,13320,0,0,1971,13320,California
Orange,2020-12-21,4238,17560,4232,17538,6,22,0,0,4238,17558,0,0,4238,17558,California
Orange,2020-12-22,3972,21532,3939,21477,33,55,0,0,3972,21530,0,0,3972,21530,California
Orange,2020-12-23,3549,25081,3196,24673,353,408,0,0,3550,25080,0,0,3550,25080,California
Orange,2020-12-24,1372,26453,1076,25749,296,704,0,0,1371,26451,0,0,1371,26451,California
Orange,2020-12-25,17,26470,12,25761,5,709,0,0,16,26467,0,0,16,26467,California
Orange,2020-12-26,1017,27487,421,26182,596,1305,0,0,1016,27483,0,0,1016,27483,California
Orange,2020-12-27,580,28067,274,26456,306,1611,0,0,580,28063,0,0,580,28063,California
Orange,2020-12-28,3530,31597,2562,29018,968,2579,0,0,3529,31592,0,0,3529,31592,California
Orange,2020-12-29,3561,35158,2564,31582,997,3576,0,0,3560,35151,1,1,3560,35152,California
Orange,2020-12-30,5115,40273,3552,35134,1563,5139,0,0,5115,40266,0,1,5115,40267,California
Orange,2020-12-31,1454,41727,757,35891,697,5836,0,0,1454,41720,0,1,1454,41721,California
Orange,2021-01-01,445,42172,247,36138,198,6034,0,0,438,42157,1,2,438,42159,California
Orange,2021-01-02,1396,43568,893,37031,503,6537,0,0,1395,43552,0,2,1395,43554,California
Orange,2021-01-03,564,44132,313,37344,251,6788,0,0,563,44115,0,2,563,44117,California
Orange,2021-01-04,2709,46841,1556,38900,1153,7941,0,0,2709,46823,1,3,2709,46826,California
Orange,2021-01-05,3499,50340,2285,41185,1214,9155,0,0,3087,49508,405,408,3090,49916,California
Orange,2021-01-06,4971,55311,3456,44641,1515,10670,0,0,3602,51754,1356,1764,3602,53518,California
Orange,2021-01-07,9224,64535,5141,49782,4083,14753,0,0,5667,53880,3544,5308,5670,59188,California
Orange,2021-01-08,9366,73901,5228,55010,4138,18891,0,0,5631,55789,3724,9032,5633,64821,California
Orange,2021-01-09,4979,78880,1729,56739,3250,22141,0,0,3703,58216,1276,10308,3703,68524,California
Orange,2021-01-10,4227,83107,1039,57778,3188,25329,0,0,3348,60690,878,11186,3352,71876,California
Orange,2021-01-11,9406,92513,4875,62653,4531,29860,0,0,5803,62889,3605,14791,5804,77680,California
Orange,2021-01-12,8767,101280,4707,67360,4060,33920,0,0,5314,64751,3452,18243,5314,82994,California
Orange,2021-01-13,10202,111482,4880,72240,5322,39242,0,0,7013,68586,3185,21428,7020,90014,California
Orange,2021-01-14,9934,121416,3760,76000,6174,45416,0,0,8351,75362,1580,23008,8356,98370,California
Orange,2021-01-15,10129,131545,2611,78611,7518,52934,0,0,9256,83745,878,23886,9261,107631,California
Orange,2021-01-16,8691,140236,2090,80701,6601,59535,0,0,8306,91670,385,24271,8310,115941,California
Orange,2021-01-17,8147,148383,1486,82187,6661,66196,0,0,8003,99538,144,24415,8012,123953,California
Orange,2021-01-18,9739,158122,4453,86640,5286,71482,0,0,7499,104797,2242,26657,7501,131454,California
Orange,2021-01-19,7457,165579,5406,92046,2051,73533,0,0,4833,107007,2624,29281,4834,136288,California
Orange,2021-01-20,8242,173821,5798,97844,2444,75977,0,0,5193,109159,3047,32328,5199,141487,California
Orange,2021-01-21,10823,184644,4800,102644,6023,82000,0,0,10036,118417,786,33114,10044,151531,California
Orange,2021-01-22,13553,198197,5069,107713,8484,90484,0,0,12727,130336,816,33930,12735,164266,California
Orange,2021-01-23,13093,211290,6165,113878,6928,97412,0,0,12127,141507,964,34894,12135,176401,California
Orange,2021-01-24,9797,221087,4281,118159,5516,102928,0,0,9483,150681,312,35206,9486,185887,California
Orange,2021-01-25,10398,231485,5836,123995,4562,107490,0,0,7692,155678,2700,37906,7697,193584,California
Orange,2021-01-26,11826,243311,7681,131676,4145,111635,0,0,9692,163246,2127,40033,9695,203279,California
Orange,2021-01-27,13348,256659,7975,139651,5373,117008,0,0,10689,171286,2652,42685,10692,213971,California
Orange,2021-01-28,12964,269623,7156,146807,5808,122816,0,0,11123,180587,1829,44514,11130,225101,California
Orange,2021-01-29,13541,283164,8389,155196,5152,127968,0,0,10698,188461,2829,47343,10703,235804,California
Orange,2021-01-30,12904,296068,4438,159634,8466,136434,0,0,12184,199942,705,48048,12186,247990,California
Orange,2021-01-31,13703,309771,4941,164575,8762,145196,0,0,13286,212810,422,48470,13290,261280,California
Orange,2021-02-01,13944,323715,5727,170302,8217,153413,0,0,11980,222845,1949,50419,11984,273264,California
Orange,2021-02-02,15357,339072,8350,178652,7007,160420,0,0,12632,232857,2623,53042,12635,285899,California
Orange,2021-02-03,16673,355745,12532,191184,4141,164561,0,0,13695,243643,2914,55956,13700,299599,California
Orange,2021-02-04,19727,375472,12891,204075,6836,171397,0,0,14657,253277,5030,60986,14664,314263,California
Orange,2021-02-05,20704,396176,11987,216062,8717,180114,0,0,14443,261512,6211,67197,14446,328709,California
Orange,2021-02-06,16306,412482,10779,226841,5527,185641,0,0,11052,267554,5228,72425,11270,339979,California
Orange,2021-02-07,11515,423997,8100,234941,3415,189056,0,0,7547,271317,3955,76380,7718,347697,California
Orange,2021-02-08,14765,438762,8442,243383,6323,195379,0,0,8822,274205,5936,82316,8824,356521,California
Orange,2021-02-09,17584,456346,11989,255372,5595,200974,0,0,10735,278149,6795,89111,10739,367260,California
Orange,2021-02-10,20834,477180,11138,266510,9696,210670,0,0,12677,282734,8099,97210,12684,379944,California
Orange,2021-02-11,21932,499112,11361,277871,10571,221241,0,0,12364,285657,9460,106670,12383,392327,California
Orange,2021-02-12,24693,523805,11873,289744,12820,234061,0,0,14606,290232,10036,116706,14611,406938,California
Orange,2021-02-13,21966,545771,11889,301633,10077,244138,0,0,11096,291625,10347,127053,11740,418678,California
Orange,2021-02-14,16144,561915,6553,308186,9591,253729,0,0,9554,294591,6590,133643,9556,428234,California
Orange,2021-02-15,17177,579092,7364,315550,9813,263542,0,0,8890,295290,8201,141844,8900,437134,California
Orange,2021-02-16,19865,598957,8946,324496,10919,274461,0,0,10731,296929,9119,150963,10758,447892,California
Orange,2021-02-17,17753,616710,9307,333803,8446,282907,0,0,9167,297691,8437,159400,9199,457091,California
Orange,2021-02-18,14826,631536,9812,343615,5014,287921,0,0,6762,296682,7780,167180,6771,463862,California
Orange,2021-02-19,17797,649333,10708,354323,7089,295010,0,0,6878,292842,10729,177909,6889,470751,California
Orange,2021-02-20,7362,656695,5548,359871,1814,296824,0,0,3730,292964,3617,181526,3739,474490,California
Orange,2021-02-21,4298,660993,3624,363495,674,297498,0,0,769,290235,3503,185029,774,475264,California
Orange,2021-02-22,9561,670554,7820,371315,1741,299239,0,0,3882,288479,5652,190681,3896,479160,California
Orange,2021-02-23,13184,683738,7206,378521,5978,305217,0,0,3526,282495,9526,200207,3542,482702,California
Orange,2021-02-24,21004,704742,12722,391243,8282,313499,0,0,5363,272420,15457,215664,5382,488084,California
Orange,2021-02-25,22487,727229,12181,403424,10306,323805,0,0,8023,266134,14325,229989,8039,496123,California
Orange,2021-02-26,27533,754762,13945,417369,13588,337393,0,0,11141,261026,16274,246263,11166,507289,California
Orange,2021-02-27,24875,779637,10030,427399,14843,352236,2,2,7278,250807,17513,263776,7294,514583,California
Orange,2021-02-28,18950,798587,7324,434723,11626,363862,0,2,4839,241666,13996,277772,4855,519438,California
Orange,2021-03-01,18197,816784,8287,443010,9908,373770,2,4,7049,237611,11118,288890,7063,526501,California
Orange,2021-03-02,14725,831509,7138,450148,7586,381356,1,5,8663,240264,6036,294926,8689,535190,California
Orange,2021-03-03,19599,851108,9110,459258,10487,391843,2,7,10394,241519,9161,304087,10416,545606,California
Orange,2021-03-04,20934,872042,12115,471373,8807,400650,12,19,11006,242729,9832,313919,11042,556648,California
Orange,2021-03-05,19250,891292,9901,481274,9306,409956,43,62,11944,247487,7282,321201,12040,568688,California
Orange,2021-03-06,20019,911311,11269,492543,7894,417850,856,918,10116,249520,8962,330163,10995,579683,California
Orange,2021-03-07,14680,925991,8262,500805,6045,423895,373,1291,8562,252386,6088,336251,8954,588637,California
Orange,2021-03-08,16002,941993,7336,508141,7411,431306,1255,2546,10320,258335,5659,341910,11608,600245,California
Orange,2021-03-09,19469,961462,8462,516603,8586,439892,2421,4967,11207,263729,8242,350152,13636,613881,California
Orange,2021-03-10,23725,985187,11638,528241,8949,448841,3138,8105,11991,267176,11682,361834,15129,629010,California
Orange,2021-03-11,28514,1013701,15553,543794,8930,457771,4031,12136,13266,269305,15169,377003,17298,646308,California
Orange,2021-03-12,28753,1042454,14080,557874,10918,468689,3755,15891,14487,273370,14199,391202,18264,664572,California
Orange,2021-03-13,27193,1069647,10029,567903,13271,481960,3893,19784,13731,277574,13424,404626,17628,682200,California
Orange,2021-03-14,18663,1088310,8119,576022,8029,489989,2515,22299,11793,285040,6842,411468,14308,696508,California
Orange,2021-03-15,22772,1111082,10046,586068,11976,501965,750,23049,14195,291687,8295,419763,14942,711450,California
Orange,2021-03-16,26131,1137213,11030,597098,14882,516847,219,23268,16988,299835,9067,428830,17215,728665,California
Orange,2021-03-17,26972,1164185,13451,610549,13052,529899,469,23737,19272,311946,7634,436464,19745,748410,California
Orange,2021-03-18,27455,1191640,13822,624371,13366,543265,267,24004,21429,327679,5968,442432,21701,770111,California
Orange,2021-03-19,32990,1224630,18099,642470,14469,557734,422,24426,24617,344542,8190,450622,25053,795164,California
Orange,2021-03-20,25474,1250104,13412,655882,11859,569593,203,24629,21814,362958,3600,454222,22016,817180,California
Orange,2021-03-21,18224,1268328,10578,666460,6919,576512,727,25356,15495,376479,2700,456922,16221,833401,California
Orange,2021-03-22,22459,1290787,11601,678061,10538,587050,320,25676,19040,392486,3360,460282,19367,852768,California
Orange,2021-03-23,25684,1316471,13336,691397,11722,598772,626,26302,20668,408846,4937,465219,21297,874065,California
Orange,2021-03-24,28751,1345222,16049,707446,11822,610594,880,27182,21940,424919,6746,471965,22819,896884,California
Orange,2021-03-25,31541,1376763,16743,724189,14145,624739,653,27835,23963,442303,7234,479199,24618,921502,California
Orange,2021-03-26,34146,1410909,17610,741799,15692,640431,844,28679,24783,458674,9255,488454,25626,947128,California
Orange,2021-03-27,28240,1439149,13494,755293,14432,654863,314,28993,20278,471394,7874,496328,20594,967722,California
Orange,2021-03-28,24506,1463655,12665,767958,11774,666637,67,29060,18540,484090,5914,502242,18610,986332,California
Orange,2021-03-29,26184,1489839,11976,779934,13662,680299,546,29606,17862,494249,8251,510493,18410,1004742,California
Orange,2021-03-30,30354,1520193,13747,793681,16227,696526,380,29986,21559,507447,8742,519235,21940,1026682,California
Orange,2021-03-31,36405,1556598,19034,812715,16794,713320,577,30563,24110,519941,12195,531430,24689,1051371,California
Orange,2021-04-01,38520,1595118,20204,832919,16827,730147,1489,32052,25769,534536,12654,544084,27249,1078620,California
Orange,2021-04-02,38179,1633297,19002,851921,17554,747701,1623,33675,22495,543073,15586,559670,24123,1102743,California
Orange,2021-04-03,29182,1662479,15088,867009,12501,760202,1593,35268,15550,546664,13548,573218,17139,1119882,California
Orange,2021-04-04,18050,1680529,10556,877565,6861,767063,633,35901,8120,545535,9860,583078,8731,1128613,California
Orange,2021-04-05,28932,1709461,13599,891164,12150,779213,3183,39084,13618,547074,15249,598327,16788,1145401,California
Orange,2021-04-06,32583,1742044,15095,906259,14200,793413,3288,42372,14158,546155,18351,616678,17432,1162833,California
Orange,2021-04-07,34981,1777025,19499,925758,11162,804575,4320,46692,15432,546594,19277,635955,19716,1182549,California
Orange,2021-04-08,36891,1813916,20220,945978,11438,816013,5233,51925,17769,550628,18907,654862,22941,1205490,California
Orange,2021-04-09,33259,1847175,18802,964780,10455,826468,4002,55927,13924,549958,18462,673324,17792,1223282,California
Orange,2021-04-10,27104,1874279,14155,978935,9805,836273,3144,59071,11171,548659,15449,688773,14150,1237432,California
Orange,2021-04-11,23431,1897710,13110,992045,7586,843859,2735,61806,6792,546653,10688,699461,8682,1246114,California
Orange,2021-04-12,13314,1911024,5098,997143,6165,850024,2051,63857,0,546653,0,699461,0,1246114,California
Placer,2020-12-15,29,29,29,29,0,0,0,0,29,29,0,0,29,29,California
Placer,2020-12-16,53,82,53,82,0,0,0,0,53,82,0,0,53,82,California
Placer,2020-12-17,139,221,139,221,0,0,0,0,139,221,0,0,139,221,California
Placer,2020-12-18,330,551,330,551,0,0,0,0,330,551,0,0,330,551,California
Placer,2020-12-19,251,802,251,802,0,0,0,0,251,802,0,0,251,802,California
Placer,2020-12-20,234,1036,234,1036,0,0,0,0,234,1036,0,0,234,1036,California
Placer,2020-12-21,493,1529,492,1528,1,1,0,0,493,1529,0,0,493,1529,California
Placer,2020-12-22,676,2205,669,2197,7,8,0,0,676,2205,0,0,676,2205,California
Placer,2020-12-23,742,2947,657,2854,85,93,0,0,742,2947,0,0,742,2947,California
Placer,2020-12-24,398,3345,346,3200,52,145,0,0,398,3345,0,0,398,3345,California
Placer,2020-12-26,158,3503,113,3313,45,190,0,0,158,3503,0,0,158,3503,California
Placer,2020-12-27,186,3689,163,3476,23,213,0,0,186,3689,0,0,186,3689,California
Placer,2020-12-28,665,4354,538,4014,127,340,0,0,665,4354,0,0,665,4354,California
Placer,2020-12-29,760,5114,512,4526,248,588,0,0,760,5114,0,0,760,5114,California
Placer,2020-12-30,730,5844,454,4980,276,864,0,0,728,5842,0,0,728,5842,California
Placer,2020-12-31,527,6371,343,5323,184,1048,0,0,527,6369,0,0,527,6369,California
Placer,2021-01-01,14,6385,10,5333,4,1052,0,0,14,6383,0,0,14,6383,California
Placer,2021-01-02,184,6569,152,5485,32,1084,0,0,184,6567,0,0,184,6567,California
Placer,2021-01-03,155,6724,79,5564,76,1160,0,0,155,6722,0,0,155,6722,California
Placer,2021-01-04,618,7342,178,5742,440,1600,0,0,618,7340,0,0,618,7340,California
Placer,2021-01-05,722,8064,159,5901,563,2163,0,0,639,7898,82,82,640,7980,California
Placer,2021-01-06,756,8820,243,6144,513,2676,0,0,615,8372,141,223,615,8595,California
Placer,2021-01-07,981,9801,366,6510,615,3291,0,0,776,8943,205,428,776,9371,California
Placer,2021-01-08,1181,10982,527,7037,654,3945,0,0,855,9475,323,751,855,10226,California
Placer,2021-01-09,448,11430,320,7357,128,4073,0,0,232,9492,215,966,232,10458,California
Placer,2021-01-10,329,11759,186,7543,143,4216,0,0,164,9491,165,1131,164,10622,California
Placer,2021-01-11,1423,13182,807,8350,616,4832,0,0,835,9739,588,1719,836,11458,California
Placer,2021-01-12,1642,14824,870,9220,772,5604,0,0,1039,10175,603,2322,1039,12497,California
Placer,2021-01-13,1626,16450,818,10038,808,6412,0,0,1206,10966,417,2739,1208,13705,California
Placer,2021-01-14,1736,18186,653,10691,1083,7495,0,0,1380,11994,353,3092,1381,15086,California
Placer,2021-01-15,1905,20091,721,11412,1184,8679,0,0,1553,13197,351,3443,1554,16640,California
Placer,2021-01-16,1469,21560,719,12131,750,9429,0,0,1347,14424,121,3564,1348,17988,California
Placer,2021-01-17,559,22119,394,12525,165,9594,0,0,427,14719,132,3696,427,18415,California
Placer,2021-01-18,975,23094,538,13063,437,10031,0,0,746,15237,229,3925,747,19162,California
Placer,2021-01-19,2557,25651,1946,15009,611,10642,0,0,2106,16892,451,4376,2106,21268,California
Placer,2021-01-20,2238,27889,1690,16699,548,11190,0,0,1908,18473,328,4704,1909,23177,California
Placer,2021-01-21,2529,30418,1114,17813,1415,12605,0,0,2132,20213,393,5097,2133,25310,California
Placer,2021-01-22,2275,32693,589,18402,1686,14291,0,0,2102,22145,171,5268,2103,27413,California
Placer,2021-01-23,1189,33882,380,18782,809,15100,0,0,1034,23024,155,5423,1034,28447,California
Placer,2021-01-24,508,34390,265,19047,243,15343,0,0,433,23383,75,5498,434,28881,California
Placer,2021-01-25,1646,36036,798,19845,848,16191,0,0,1361,24460,285,5783,1362,30243,California
Placer,2021-01-26,1826,37862,1023,20868,803,16994,0,0,1561,25758,263,6046,1561,31804,California
Placer,2021-01-27,1813,39675,1155,22023,658,17652,0,0,1572,27091,240,6286,1573,33377,California
Placer,2021-01-28,1776,41451,1106,23129,670,18322,0,0,1530,28377,244,6530,1530,34907,California
Placer,2021-01-29,1855,43306,1164,24293,691,19013,0,0,1663,29852,190,6720,1665,36572,California
Placer,2021-01-30,1723,45029,970,25263,753,19766,0,0,1604,31338,118,6838,1604,38176,California
Placer,2021-01-31,778,45807,621,25884,157,19923,0,0,709,31979,69,6907,710,38886,California
Placer,2021-02-01,2064,47871,1086,26970,978,20901,0,0,1749,33412,316,7223,1749,40635,California
Placer,2021-02-02,2363,50234,1534,28504,829,21730,0,0,1883,34816,479,7702,1883,42518,California
Placer,2021-02-03,2906,53140,1871,30375,1035,22765,0,0,2289,36492,613,8315,2289,44807,California
Placer,2021-02-04,2752,55892,1185,31560,1567,24332,0,0,1933,37610,816,9131,1934,46741,California
Placer,2021-02-05,2725,58617,1201,32761,1524,25856,0,0,1398,37686,1322,10453,1398,48139,California
Placer,2021-02-06,1934,60551,1298,34059,636,26492,0,0,1387,38526,547,11000,1387,49526,California
Placer,2021-02-07,1215,61766,906,34965,309,26801,0,0,939,39189,276,11276,939,50465,California
Placer,2021-02-08,3297,65063,1766,36731,1531,28332,0,0,1979,39859,1310,12586,1980,52445,California
Placer,2021-02-09,3533,68596,2164,38895,1369,29701,0,0,1629,39588,1900,14486,1629,54074,California
Placer,2021-02-10,3737,72333,2184,41079,1553,31254,0,0,1747,39346,1991,16477,1749,55823,California
Placer,2021-02-11,3618,75951,1893,42972,1725,32979,0,0,1584,38903,2028,18505,1585,57408,California
Placer,2021-02-12,2753,78704,1316,44288,1437,34416,0,0,1665,39498,1071,19576,1666,59074,California
Placer,2021-02-13,2530,81234,1487,45775,1043,35459,0,0,1879,40726,651,20227,1879,60953,California
Placer,2021-02-14,1074,82308,675,46450,399,35858,0,0,734,41123,337,20564,734,61687,California
Placer,2021-02-15,2173,84481,1041,47491,1132,36990,0,0,1520,41990,654,21218,1521,63208,California
Placer,2021-02-16,3509,87990,1779,49270,1730,38720,0,0,1577,41645,1923,23141,1578,64786,California
Placer,2021-02-17,3486,91476,1958,51228,1528,40248,0,0,1490,41142,1993,25134,1490,66276,California
Placer,2021-02-18,3641,95117,1972,53200,1669,41917,0,0,1539,40593,2092,27226,1543,67819,California
Placer,2021-02-19,3532,98649,1904,55104,1628,43545,0,0,1310,39688,2216,29442,1311,69130,California
Placer,2021-02-20,1961,100610,1221,56325,740,44285,0,0,879,39493,1077,30519,882,70012,California
Placer,2021-02-21,949,101559,725,57050,224,44509,0,0,261,39069,686,31205,262,70274,California
Placer,2021-02-22,2484,104043,1762,58812,722,45231,0,0,601,37787,1883,33088,601,70875,California
Placer,2021-02-23,2500,106543,1559,60371,941,46172,0,0,867,37022,1632,34720,867,71742,California
Placer,2021-02-24,3228,109771,1171,61542,2057,48229,0,0,1779,37365,1438,36158,1781,73523,California
Placer,2021-02-25,3440,113211,1418,62960,2022,50251,0,0,1827,37588,1605,37763,1828,75351,California
Placer,2021-02-26,4053,117264,2371,65331,1682,51933,0,0,2333,38208,1713,39476,2333,77684,California
Placer,2021-02-27,2807,120071,1485,66816,1322,53255,0,0,1450,38311,1350,40826,1453,79137,California
Placer,2021-02-28,1381,121452,789,67605,592,53847,0,0,576,38083,804,41630,576,79713,California
Placer,2021-03-01,2969,124421,1981,69586,988,54835,0,0,1527,38169,1441,43071,1527,81240,California
Placer,2021-03-02,2817,127238,1753,71339,1064,55899,0,0,1852,39059,963,44034,1853,83093,California
Placer,2021-03-03,3218,130456,1381,72720,1837,57736,0,0,1750,39346,1464,45498,1751,84844,California
Placer,2021-03-04,3526,133982,1422,74142,2104,59840,0,0,1840,39514,1673,47171,1841,86685,California
Placer,2021-03-05,2951,136933,1009,75151,1920,61760,22,22,1781,40151,1166,48337,1803,88488,California
Placer,2021-03-06,2332,139265,1444,76595,812,62572,76,98,881,39663,1445,49782,957,89445,California
Placer,2021-03-07,1289,140554,751,77346,499,63071,39,137,522,39459,764,50546,560,90005,California
Placer,2021-03-08,2873,143427,1826,79172,936,64007,111,248,1643,39983,1230,51776,1754,91759,California
Placer,2021-03-09,3115,146542,1672,80844,1354,65361,89,337,1771,40502,1341,53117,1860,93619,California
Placer,2021-03-10,3243,149785,1308,82152,1829,67190,106,443,1693,40755,1545,54662,1798,95417,California
Placer,2021-03-11,3502,153287,1563,83715,1814,69004,125,568,1684,40755,1811,56473,1811,97228,California
Placer,2021-03-12,3599,156886,1474,85189,1351,70355,774,1342,1208,40350,2388,58861,1983,99211,California
Placer,2021-03-13,2058,158944,729,85918,1216,71571,113,1455,1119,40647,936,59797,1233,100444,California
Placer,2021-03-14,1618,160562,668,86586,802,72373,148,1603,877,40930,741,60538,1024,101468,California
Placer,2021-03-15,3148,163710,1520,88106,1497,73870,131,1734,1740,41400,1403,61941,1873,103341,California
Placer,2021-03-16,3527,167237,1899,90005,1495,75365,133,1867,2261,42541,1254,63195,2395,105736,California
Placer,2021-03-17,3393,170630,1727,91732,1566,76931,100,1967,2201,43660,1184,64379,2303,108039,California
Placer,2021-03-18,3942,174572,2203,93935,1702,78633,37,2004,2828,45420,1106,65485,2866,110905,California
Placer,2021-03-19,3408,177980,2070,96005,1077,79710,261,2265,2177,46639,1218,66703,2437,113342,California
Placer,2021-03-20,2130,180110,894,96899,1138,80848,98,2363,1303,47218,821,67524,1400,114742,California
Placer,2021-03-21,1241,181351,567,97466,665,81513,9,2372,951,47891,287,67811,960,115702,California
Placer,2021-03-22,3252,184603,2086,99552,1079,82592,87,2459,2185,49103,1061,68872,2273,117975,California
Placer,2021-03-23,3479,188082,2077,101629,1311,83903,91,2550,2499,50719,975,69847,2591,120566,California
Placer,2021-03-24,3742,191824,1990,103619,1655,85558,97,2647,1956,51001,1771,71618,2053,122619,California
Placer,2021-03-25,3747,195571,1790,105409,1860,87418,97,2744,1725,50814,2008,73626,1821,124440,California
Placer,2021-03-26,3700,199271,1647,107056,1822,89240,231,2975,1572,50501,2116,75742,1803,126243,California
Placer,2021-03-27,1589,200860,470,107526,1099,90339,20,2995,666,50271,916,76658,686,126929,California
Placer,2021-03-28,1071,201931,508,108034,553,90892,10,3005,364,49943,702,77360,374,127303,California
Placer,2021-03-29,3544,205475,1989,110023,1523,92415,32,3037,1734,49911,1799,79159,1767,129070,California
Placer,2021-03-30,3955,209430,2087,112110,1825,94240,43,3080,2107,50225,1835,80994,2149,131219,California
Placer,2021-03-31,4037,213467,1821,113931,2143,96383,73,3153,1709,49685,2321,83315,1781,133000,California
Placer,2021-04-01,2845,216312,1363,115294,1438,97821,44,3197,1589,50065,1253,84568,1633,134633,California
Placer,2021-04-02,2745,219057,1431,116725,1252,99073,62,3259,1546,50482,1191,85759,1608,136241,California
Placer,2021-04-03,1830,220887,962,117687,739,99812,129,3388,882,50552,940,86699,1010,137251,California
Placer,2021-04-04,701,221588,355,118042,293,100105,53,3441,242,50430,417,87116,295,137546,California
Placer,2021-04-05,2847,224435,1788,119830,902,101007,157,3598,1645,51034,1198,88314,1802,139348,California
Placer,2021-04-06,4114,228549,2366,122196,1477,102484,271,3869,1465,50127,2641,90955,1734,141082,California
Placer,2021-04-07,4298,232847,2478,124674,1395,103879,425,4294,1863,50065,2329,93284,2267,143349,California
Placer,2021-04-08,4420,237267,2452,127126,1454,105333,514,4808,1449,49149,2877,96161,1961,145310,California
Placer,2021-04-09,3405,240672,1910,129036,990,106323,505,5313,886,48167,2369,98530,1387,146697,California
Placer,2021-04-10,1650,242322,703,129739,794,107117,153,5466,671,48223,761,99291,817,147514,California
Placer,2021-04-11,1264,243586,481,130220,762,107879,21,5487,274,47839,669,99960,285,147799,California
Placer,2021-04-12,2705,246291,1945,132165,606,108485,154,5641,0,47839,0,99960,0,147799,California
Plumas,2020-12-18,4,4,4,4,0,0,0,0,4,4,0,0,4,4,California
Plumas,2020-12-19,1,5,1,5,0,0,0,0,1,5,0,0,1,5,California
Plumas,2020-12-21,45,50,45,50,0,0,0,0,45,50,0,0,45,50,California
Plumas,2020-12-22,92,142,92,142,0,0,0,0,92,142,0,0,92,142,California
Plumas,2020-12-23,50,192,50,192,0,0,0,0,50,192,0,0,50,192,California
Plumas,2020-12-24,6,198,6,198,0,0,0,0,6,198,0,0,6,198,California
Plumas,2020-12-28,8,206,0,198,8,8,0,0,8,206,0,0,8,206,California
Plumas,2020-12-29,32,238,22,220,10,18,0,0,32,238,0,0,32,238,California
Plumas,2020-12-30,22,260,1,221,21,39,0,0,22,260,0,0,22,260,California
Plumas,2020-12-31,4,264,1,222,3,42,0,0,4,264,0,0,4,264,California
Plumas,2021-01-04,9,273,3,225,6,48,0,0,9,273,0,0,9,273,California
Plumas,2021-01-05,22,295,2,227,20,68,0,0,22,295,0,0,22,295,California
Plumas,2021-01-06,125,420,6,233,119,187,0,0,125,420,0,0,125,420,California
Plumas,2021-01-07,54,474,2,235,52,239,0,0,53,472,1,1,53,473,California
Plumas,2021-01-08,12,486,5,240,7,246,0,0,8,476,4,5,8,481,California
Plumas,2021-01-09,2,488,2,242,0,246,0,0,1,476,1,6,1,482,California
Plumas,2021-01-11,59,547,50,292,9,255,0,0,12,441,47,53,12,494,California
Plumas,2021-01-12,154,701,86,378,68,323,0,0,70,427,84,137,70,564,California
Plumas,2021-01-13,55,756,50,428,5,328,0,0,9,390,46,183,9,573,California
Plumas,2021-01-14,96,852,14,442,82,410,0,0,91,476,5,188,91,664,California
Plumas,2021-01-15,62,914,7,449,55,465,0,0,60,534,2,190,60,724,California
Plumas,2021-01-16,58,972,1,450,57,522,0,0,58,592,0,190,58,782,California
Plumas,2021-01-18,2,974,1,451,1,523,0,0,2,594,0,190,2,784,California
Plumas,2021-01-19,36,1010,5,456,31,554,0,0,32,622,4,194,32,816,California
Plumas,2021-01-20,121,1131,3,459,118,672,0,0,119,739,2,196,119,935,California
Plumas,2021-01-21,113,1244,2,461,111,783,0,0,113,852,0,196,113,1048,California
Plumas,2021-01-22,3,1247,0,461,3,786,0,0,3,855,0,196,3,1051,California
Plumas,2021-01-23,92,1339,1,462,91,877,0,0,92,947,0,196,92,1143,California
Plumas,2021-01-24,1,1340,1,463,0,877,0,0,1,948,0,196,1,1144,California
Plumas,2021-01-25,8,1348,5,468,3,880,0,0,5,950,3,199,5,1149,California
Plumas,2021-01-26,60,1408,2,470,58,938,0,0,51,993,8,207,51,1200,California
Plumas,2021-01-27,25,1433,20,490,5,943,0,0,5,978,20,227,5,1205,California
Plumas,2021-01-28,23,1456,0,490,23,966,0,0,21,997,2,229,21,1226,California
Plumas,2021-01-29,7,1463,2,492,5,971,0,0,6,1002,1,230,6,1232,California
Plumas,2021-01-30,8,1471,4,496,4,975,0,0,7,1008,1,231,7,1239,California
Plumas,2021-01-31,3,1474,3,499,0,975,0,0,3,1011,0,231,3,1242,California
Plumas,2021-02-01,15,1489,2,501,13,988,0,0,7,1010,8,239,7,1249,California
Plumas,2021-02-02,20,1509,1,502,19,1007,0,0,1,992,19,258,1,1250,California
Plumas,2021-02-03,126,1635,6,508,120,1127,0,0,12,891,113,371,12,1262,California
Plumas,2021-02-04,102,1737,8,516,94,1221,0,0,23,835,79,450,23,1285,California
Plumas,2021-02-05,24,1761,11,527,13,1234,0,0,9,829,15,465,9,1294,California
Plumas,2021-02-06,7,1768,0,527,7,1241,0,0,7,836,0,465,7,1301,California
Plumas,2021-02-08,16,1784,8,535,8,1249,0,0,4,828,12,477,4,1305,California
Plumas,2021-02-09,170,1954,1,536,169,1418,0,0,111,880,59,536,111,1416,California
Plumas,2021-02-10,90,2044,9,545,81,1499,0,0,82,954,8,544,82,1498,California
Plumas,2021-02-11,321,2365,7,552,314,1813,0,0,262,1157,59,603,262,1760,California
Plumas,2021-02-12,123,2488,3,555,120,1933,0,0,119,1272,4,607,119,1879,California
Plumas,2021-02-13,71,2559,3,558,68,2001,0,0,12,1225,59,666,12,1891,California
Plumas,2021-02-14,7,2566,4,562,3,2004,0,0,7,1232,0,666,7,1898,California
Plumas,2021-02-15,26,2592,3,565,23,2027,0,0,25,1256,1,667,25,1923,California
Plumas,2021-02-16,75,2667,4,569,71,2098,0,0,14,1209,61,728,14,1937,California
Plumas,2021-02-17,136,2803,5,574,131,2229,0,0,11,1095,125,853,11,1948,California
Plumas,2021-02-18,126,2929,6,580,120,2349,0,0,17,1003,109,962,17,1965,California
Plumas,2021-02-19,40,2969,4,584,36,2385,0,0,6,975,34,996,6,1971,California
Plumas,2021-02-20,103,3072,6,590,97,2482,0,0,11,894,92,1088,11,1982,California
Plumas,2021-02-21,6,3078,5,595,1,2483,0,0,2,892,4,1092,2,1984,California
Plumas,2021-02-22,3,3081,1,596,2,2485,0,0,0,889,3,1095,0,1984,California
Plumas,2021-02-23,21,3102,4,600,17,2502,0,0,13,894,8,1103,13,1997,California
Plumas,2021-02-24,454,3556,5,605,449,2951,0,0,444,1327,11,1114,444,2441,California
Plumas,2021-02-25,226,3782,9,614,217,3168,0,0,166,1433,60,1174,166,2607,California
Plumas,2021-02-26,258,4040,7,621,251,3419,0,0,253,1682,5,1179,254,2861,California
Plumas,2021-02-27,40,4080,4,625,36,3455,0,0,33,1708,7,1186,33,2894,California
Plumas,2021-03-01,9,4089,3,628,6,3461,0,0,5,1709,4,1190,5,2899,California
Plumas,2021-03-02,9,4098,0,628,9,3470,0,0,6,1712,3,1193,6,2905,California
Plumas,2021-03-03,151,4249,10,638,141,3611,0,0,135,1831,16,1209,135,3040,California
Plumas,2021-03-04,245,4494,10,648,235,3846,0,0,224,2034,21,1230,224,3264,California
Plumas,2021-03-05,396,4890,6,654,385,4231,5,5,385,2413,11,1241,390,3654,California
Plumas,2021-03-06,16,4906,1,655,7,4238,8,13,3,2411,13,1254,11,3665,California
Plumas,2021-03-07,13,4919,2,657,2,4240,9,22,3,2413,10,1264,12,3677,California
Plumas,2021-03-08,29,4948,3,660,2,4242,24,46,3,2414,26,1290,27,3704,California
Plumas,2021-03-09,132,5080,1,661,116,4358,15,61,17,2331,115,1405,32,3736,California
Plumas,2021-03-10,254,5334,3,664,237,4595,14,75,106,2303,148,1553,120,3856,California
Plumas,2021-03-11,176,5510,8,672,163,4758,5,80,142,2416,34,1587,147,4003,California
Plumas,2021-03-12,594,6104,2,674,305,5063,287,367,23,2155,571,2158,310,4313,California
Plumas,2021-03-13,22,6126,4,678,7,5070,11,378,4,2152,18,2176,15,4328,California
Plumas,2021-03-14,10,6136,2,680,3,5073,5,383,1,2149,9,2185,6,4334,California
Plumas,2021-03-15,31,6167,1,681,25,5098,5,388,6,2135,25,2210,11,4345,California
Plumas,2021-03-16,57,6224,2,683,54,5152,1,389,47,2173,10,2220,48,4393,California
Plumas,2021-03-17,74,6298,10,693,63,5215,1,390,60,2220,14,2234,61,4454,California
Plumas,2021-03-18,53,6351,6,699,30,5245,17,407,6,2196,47,2281,23,4477,California
Plumas,2021-03-19,162,6513,5,704,155,5400,2,409,153,2344,8,2289,156,4633,California
Plumas,2021-03-20,669,7182,4,708,664,6064,1,410,650,2978,17,2306,651,5284,California
Plumas,2021-03-21,1,7183,1,709,0,6064,0,410,1,2979,0,2306,1,5285,California
Plumas,2021-03-22,179,7362,1,710,178,6242,0,410,173,3146,6,2312,173,5458,California
Plumas,2021-03-23,25,7387,2,712,23,6265,0,410,13,3147,12,2324,13,5471,California
Plumas,2021-03-24,640,8027,7,719,632,6897,1,411,210,2928,430,2754,211,5682,California
Plumas,2021-03-25,188,8215,5,724,181,7078,2,413,51,2842,137,2891,51,5733,California
Plumas,2021-03-26,308,8523,9,733,299,7377,0,413,47,2629,260,3151,47,5780,California
Plumas,2021-03-27,11,8534,1,734,9,7386,1,414,2,2623,9,3160,3,5783,California
Plumas,2021-03-28,5,8539,3,737,1,7387,1,415,3,2625,2,3162,4,5787,California
Plumas,2021-03-29,13,8552,4,741,8,7395,1,416,5,2623,8,3170,6,5793,California
Plumas,2021-03-30,150,8702,3,744,146,7541,1,417,24,2522,126,3296,25,5818,California
Plumas,2021-03-31,274,8976,2,746,271,7812,1,418,255,2759,19,3315,256,6074,California
Plumas,2021-04-01,289,9265,12,758,277,8089,0,418,59,2589,229,3544,59,6133,California
Plumas,2021-04-02,371,9636,4,762,366,8455,1,419,26,2283,333,3877,27,6160,California
Plumas,2021-04-03,12,9648,0,762,4,8459,8,427,1,2281,11,3888,9,6169,California
Plumas,2021-04-04,3,9651,1,763,1,8460,1,428,0,2279,3,3891,1,6170,California
Plumas,2021-04-05,14,9665,3,766,10,8470,1,429,7,2280,7,3898,8,6178,California
Plumas,2021-04-06,116,9781,5,771,83,8553,28,457,12,2212,103,4001,35,6213,California
Plumas,2021-04-07,283,10064,10,781,99,8652,174,631,29,2161,251,4252,200,6413,California
Plumas,2021-04-08,147,10211,1,782,130,8782,16,647,33,2096,113,4365,48,6461,California
Plumas,2021-04-09,37,10248,5,787,23,8805,9,656,16,2100,21,4386,25,6486,California
Plumas,2021-04-10,20,10268,2,789,4,8809,14,670,3,2101,16,4402,17,6503,California
Plumas,2021-04-11,3,10271,2,791,0,8809,1,671,2,2103,1,4403,3,6506,California
Plumas,2021-04-12,1,10272,0,791,1,8810,0,671,0,2103,0,4403,0,6506,California
Riverside,2020-12-15,4,4,4,4,0,0,0,0,4,4,0,0,4,4,California
Riverside,2020-12-16,63,67,63,67,0,0,0,0,63,67,0,0,63,67,California
Riverside,2020-12-17,805,872,805,872,0,0,0,0,805,872,0,0,805,872,California
Riverside,2020-12-18,1723,2595,1721,2593,2,2,0,0,1723,2595,0,0,1723,2595,California
Riverside,2020-12-19,1022,3617,1020,3613,2,4,0,0,1020,3614,1,1,1020,3615,California
Riverside,2020-12-20,1084,4701,1083,4696,1,5,0,0,1084,4698,0,1,1084,4699,California
Riverside,2020-12-21,2271,6972,2269,6965,2,7,0,0,2271,6969,0,1,2271,6970,California
Riverside,2020-12-22,2248,9220,2209,9174,39,46,0,0,2247,9216,0,1,2247,9217,California
Riverside,2020-12-23,2122,11342,1786,10960,336,382,0,0,2123,11339,0,1,2123,11340,California
Riverside,2020-12-24,826,12168,624,11584,202,584,0,0,826,12165,0,1,826,12166,California
Riverside,2020-12-25,28,12196,5,11589,23,607,0,0,28,12193,0,1,28,12194,California
Riverside,2020-12-26,400,12596,257,11846,143,750,0,0,400,12593,0,1,400,12594,California
Riverside,2020-12-27,361,12957,243,12089,118,868,0,0,361,12954,0,1,361,12955,California
Riverside,2020-12-28,1620,14577,1122,13211,498,1366,0,0,1619,14573,0,1,1619,14574,California
Riverside,2020-12-29,1738,16315,972,14183,766,2132,0,0,1738,16311,0,1,1738,16312,California
Riverside,2020-12-30,2569,18884,1681,15864,888,3020,0,0,2568,18879,0,1,2568,18880,California
Riverside,2020-12-31,1020,19904,394,16258,626,3646,0,0,1022,19901,0,1,1022,19902,California
Riverside,2021-01-01,104,20008,40,16298,64,3710,0,0,104,20005,0,1,104,20006,California
Riverside,2021-01-02,829,20837,691,16989,138,3848,0,0,829,20834,0,1,829,20835,California
Riverside,2021-01-03,346,21183,299,17288,47,3895,0,0,345,21179,0,1,345,21180,California
Riverside,2021-01-04,1257,22440,793,18081,464,4359,0,0,1257,22436,0,1,1257,22437,California
Riverside,2021-01-05,1981,24421,1365,19446,616,4975,0,0,1883,24228,91,92,1883,24320,California
Riverside,2021-01-06,2470,26891,1100,20546,1370,6345,0,0,2165,26092,301,393,2165,26485,California
Riverside,2021-01-07,2762,29653,1811,22357,951,7296,0,0,1701,26738,1057,1450,1703,28188,California
Riverside,2021-01-08,4034,33687,2931,25288,1103,8399,0,0,2228,27164,1802,3252,2228,30416,California
Riverside,2021-01-09,2070,35757,844,26132,1226,9625,0,0,1725,28545,344,3596,1725,32141,California
Riverside,2021-01-10,1660,37417,731,26863,929,10554,0,0,1058,29001,602,4198,1058,33199,California
Riverside,2021-01-11,4509,41926,3087,29950,1422,11976,0,0,2782,30058,1726,5924,2783,35982,California
Riverside,2021-01-12,3394,45320,2724,32674,670,12646,0,0,1709,30087,1680,7604,1709,37691,California
Riverside,2021-01-13,4380,49700,2867,35541,1513,14159,0,0,2777,31265,1599,9203,2777,40468,California
Riverside,2021-01-14,5449,55149,1861,37402,3588,17747,0,0,4864,35544,585,9788,4864,45332,California
Riverside,2021-01-15,6117,61266,2089,39491,4028,21775,0,0,5830,41089,285,10073,5830,51162,California
Riverside,2021-01-16,3603,64869,1015,40506,2588,24363,0,0,3358,44203,245,10318,3359,54521,California
Riverside,2021-01-17,3594,68463,582,41088,3012,27375,0,0,3399,47408,194,10512,3399,57920,California
Riverside,2021-01-18,3712,72175,2015,43103,1697,29072,0,0,2706,49109,1005,11517,2706,60626,California
Riverside,2021-01-19,7395,79570,2636,45739,4759,33831,0,0,6276,54268,1119,12636,6278,66904,California
Riverside,2021-01-20,7952,87522,2866,48605,5086,38917,0,0,6472,59273,1470,14106,6475,73379,California
Riverside,2021-01-21,8191,95713,3361,51966,4830,43747,0,0,7577,66235,615,14721,7577,80956,California
Riverside,2021-01-22,8694,104407,2962,54928,5732,49479,0,0,8268,74078,425,15146,8268,89224,California
Riverside,2021-01-23,5923,110330,2396,57324,3527,53006,0,0,5195,78546,728,15874,5196,94420,California
Riverside,2021-01-24,3036,113366,1435,58759,1601,54607,0,0,2822,81159,210,16084,2823,97243,California
Riverside,2021-01-25,7874,121240,4538,63297,3336,57943,0,0,6751,86791,1120,17204,6752,103995,California
Riverside,2021-01-26,9093,130333,5720,69017,3373,61316,0,0,7586,92875,1505,18709,7589,111584,California
Riverside,2021-01-27,10490,140823,6169,75186,4321,65637,0,0,8982,100354,1506,20215,8985,120569,California
Riverside,2021-01-28,11378,152201,6690,81876,4688,70325,0,0,10232,109444,1143,21358,10233,130802,California
Riverside,2021-01-29,11833,164034,7222,89098,4611,74936,0,0,10465,118573,1340,22698,10469,141271,California
Riverside,2021-01-30,9039,173073,4600,93698,4439,79375,0,0,8581,126699,456,23154,8582,149853,California
Riverside,2021-01-31,5148,178221,4246,97944,902,80277,0,0,5024,131600,126,23280,5027,154880,California
Riverside,2021-02-01,10818,189039,6677,104621,4141,84418,0,0,9050,138884,1768,25048,9052,163932,California
Riverside,2021-02-02,9375,198414,4769,109390,4606,89024,0,0,7909,145326,1469,26517,7911,171843,California
Riverside,2021-02-03,11993,210407,4973,114363,7020,96044,0,0,9777,152886,2217,28734,9777,181620,California
Riverside,2021-02-04,13540,223947,6043,120406,7497,103541,0,0,11473,162283,2078,30812,11475,193095,California
Riverside,2021-02-05,14318,238265,5396,125802,8922,112463,0,0,11284,170546,3027,33839,11290,204385,California
Riverside,2021-02-06,7253,245518,4282,130084,2971,115434,0,0,5623,174546,1626,35465,5626,210011,California
Riverside,2021-02-07,2157,247675,785,130869,1372,116806,0,0,1873,176107,313,35778,1874,211885,California
Riverside,2021-02-08,12433,260108,5523,136392,6910,123716,0,0,10166,184015,2263,38041,10171,222056,California
Riverside,2021-02-09,9636,269744,4517,140909,5119,128835,0,0,7745,189864,1902,39943,7751,229807,California
Riverside,2021-02-10,12008,281752,6980,147889,5028,133863,0,0,8931,195712,3091,43034,8939,238746,California
Riverside,2021-02-11,16476,298228,8980,156869,7496,141359,0,0,12126,203509,4344,47378,12141,250887,California
Riverside,2021-02-12,17640,315868,10801,167670,6839,148198,0,0,12807,211535,4791,52169,12817,263704,California
Riverside,2021-02-13,6300,322168,2110,169780,4190,152388,0,0,3077,211435,3204,55373,3104,266808,California
Riverside,2021-02-14,4925,327093,1122,170902,3803,156191,0,0,2191,210880,2748,58121,2193,269001,California
Riverside,2021-02-15,9809,336902,4998,175900,4811,161002,0,0,5436,211928,4395,62516,5443,274444,California
Riverside,2021-02-16,16100,353002,10106,186006,5994,166996,0,0,9306,214396,6846,69362,9314,283758,California
Riverside,2021-02-17,14982,367984,8181,194187,6801,173797,0,0,7598,214590,7414,76776,7608,291366,California
Riverside,2021-02-18,15447,383431,8921,203108,6526,180323,0,0,8056,215280,7378,84154,8068,299434,California
Riverside,2021-02-19,15223,398654,8203,211311,7020,187343,0,0,7213,214511,7990,92144,7221,306655,California
Riverside,2021-02-20,8048,406702,4248,215559,3800,191143,0,0,2094,210662,5946,98090,2097,308752,California
Riverside,2021-02-21,3391,410093,2881,218440,510,191653,0,0,1024,209331,2357,100447,1026,309778,California
Riverside,2021-02-22,12277,422370,7703,226143,4574,196227,0,0,5102,207265,7173,107620,5107,314885,California
Riverside,2021-02-23,10979,433349,7479,233622,3500,199727,0,0,5426,207089,5607,113227,5431,320316,California
Riverside,2021-02-24,14697,448046,8023,241645,6674,206401,0,0,6421,205279,8247,121474,6437,326753,California
Riverside,2021-02-25,17104,465150,7265,248910,9839,216240,0,0,8021,204215,9108,130582,8044,334797,California
Riverside,2021-02-26,18217,483367,6669,255579,11548,227788,0,0,9134,204313,9065,139647,9163,343960,California
Riverside,2021-02-27,11321,494688,4893,260472,6428,234216,0,0,5690,204402,5627,145274,5716,349676,California
Riverside,2021-02-28,4603,499291,2940,263412,1663,235879,0,0,2431,204624,2217,147491,2439,352115,California
Riverside,2021-03-01,14232,513523,6058,269470,8173,244052,1,1,8430,207280,5804,153295,8460,360575,California
Riverside,2021-03-02,14815,528338,7229,276699,7585,251637,1,2,8809,210116,6005,159300,8841,369416,California
Riverside,2021-03-03,16519,544857,8130,284829,8389,260026,0,2,7068,207883,9426,168726,7193,376609,California
Riverside,2021-03-04,16390,561247,5963,290792,10423,270449,4,6,7966,207601,8396,177122,8114,384723,California
Riverside,2021-03-05,17404,578651,6842,297634,10519,280968,43,49,8747,208045,8619,185741,9063,393786,California
Riverside,2021-03-06,9013,587664,4693,302327,3863,284831,457,506,4587,208730,4389,190130,5074,398860,California
Riverside,2021-03-07,4160,591824,2697,305024,1078,285909,385,891,1963,208891,2193,192323,2354,401214,California
Riverside,2021-03-08,10253,602077,4649,309673,5206,291115,398,1289,4373,207819,5873,198196,4801,406015,California
Riverside,2021-03-09,12777,614854,6010,315683,6314,297429,453,1742,5218,206057,7552,205748,5790,411805,California
Riverside,2021-03-10,13361,628215,6679,322362,5871,303300,811,2553,5535,204757,7794,213542,6494,418299,California
Riverside,2021-03-11,17146,645361,8489,330851,6970,310270,1687,4240,6838,203209,10281,223823,8733,427032,California
Riverside,2021-03-12,20890,666251,7833,338684,8399,318669,4658,8898,7013,201367,13845,237668,12003,439035,California
Riverside,2021-03-13,8027,674278,2447,341131,4433,323102,1147,10045,4193,202966,3821,241489,5420,444455,California
Riverside,2021-03-14,4526,678804,1579,342710,1663,324765,1284,11329,2012,203760,2497,243986,3291,447746,California
Riverside,2021-03-15,18528,697332,7811,350521,9048,333813,1669,12998,9060,205179,9413,253399,10832,458578,California
Riverside,2021-03-16,20813,718145,10087,360608,9912,343725,814,13812,11329,207975,9444,262843,12240,470818,California
Riverside,2021-03-17,21130,739275,10825,371433,9259,352984,1046,14858,12673,213332,8423,271266,13780,484598,California
Riverside,2021-03-18,22456,761731,11671,383104,9135,362119,1650,16508,12462,217507,9946,281212,14121,498719,California
Riverside,2021-03-19,23882,785613,12526,395630,10412,372531,944,17452,13938,222860,9891,291103,15244,513963,California
Riverside,2021-03-20,10507,796120,6804,402434,2546,375077,1157,18609,6747,227033,3732,294835,7905,521868,California
Riverside,2021-03-21,3648,799768,2849,405283,547,375624,252,18861,2501,228654,1134,295969,2755,524623,California
Riverside,2021-03-22,16558,816326,9875,415158,6127,381751,556,19417,10565,233823,5952,301921,11121,535744,California
Riverside,2021-03-23,18484,834810,10458,425616,7605,389356,421,19838,11992,239809,6443,308364,12429,548173,California
Riverside,2021-03-24,18538,853348,10335,435951,8086,397442,117,19955,12831,247100,5665,314029,12956,561129,California
Riverside,2021-03-25,20970,874318,11599,447550,9194,406636,177,20132,14257,254887,6650,320679,14437,575566,California
Riverside,2021-03-26,23965,898283,11823,459373,11972,418608,170,20302,15033,261287,8801,329480,15201,590767,California
Riverside,2021-03-27,9187,907470,4811,464184,3323,421931,1053,21355,4539,262451,4429,333909,5593,596360,California
Riverside,2021-03-28,4705,912175,3101,467285,1514,423445,90,21445,2836,263516,1862,335771,2927,599287,California
Riverside,2021-03-29,15558,927733,7897,475182,7546,430991,115,21560,10040,268187,5493,341264,10164,609451,California
Riverside,2021-03-30,18204,945937,9497,484679,8506,439497,201,21761,11891,274018,6265,347529,12096,621547,California
Riverside,2021-03-31,17903,963840,8339,493018,9263,448760,301,22062,11658,279796,6192,353721,11970,633517,California
Riverside,2021-04-01,25070,988910,12273,505291,12066,460826,731,22793,16728,288966,8291,362012,17461,650978,California
Riverside,2021-04-02,25713,1014623,13836,519127,10951,471777,926,23719,16353,297168,9306,371318,17508,668486,California
Riverside,2021-04-03,9075,1023698,5751,524878,2766,474543,558,24277,5925,300514,3136,374454,6482,674968,California
Riverside,2021-04-04,3285,1026983,1997,526875,1073,475616,215,24492,1695,300857,1554,376008,1897,676865,California
Riverside,2021-04-05,17780,1044763,9118,535993,6875,482491,1787,26279,10352,305603,7374,383382,12120,688985,California
Riverside,2021-04-06,22760,1067523,11739,547732,9032,491523,1989,28268,12707,310298,9995,393377,14690,703675,California
Riverside,2021-04-07,23079,1090602,12356,560088,8463,499986,2260,30528,13216,315961,9815,403192,15478,719153,California
Riverside,2021-04-08,25306,1115908,13721,573809,8847,508833,2738,33266,15611,324732,9559,412751,18330,737483,California
Riverside,2021-04-09,22043,1137951,13386,587195,6659,515492,1998,35264,13288,331658,8316,421067,15242,752725,California
Riverside,2021-04-10,8908,1146859,5122,592317,2743,518235,1043,36307,3730,331710,4712,425779,4764,757489,California
Riverside,2021-04-11,3418,1150277,2114,594431,922,519157,382,36689,676,331836,668,426447,794,758283,California
Riverside,2021-04-12,11698,1161975,4664,599095,5537,524694,1497,38186,0,331836,0,426447,0,758283,California
Sacramento,2020-12-15,314,314,314,314,0,0,0,0,314,314,0,0,314,314,California
Sacramento,2020-12-16,645,959,645,959,0,0,0,0,645,959,0,0,645,959,California
Sacramento,2020-12-17,645,1604,645,1604,0,0,0,0,645,1604,0,0,645,1604,California
Sacramento,2020-12-18,972,2576,969,2573,3,3,0,0,972,2576,0,0,972,2576,California
Sacramento,2020-12-19,613,3189,613,3186,0,3,0,0,613,3189,0,0,613,3189,California
Sacramento,2020-12-20,633,3822,633,3819,0,3,0,0,633,3822,0,0,633,3822,California
Sacramento,2020-12-21,1677,5499,1676,5495,1,4,0,0,1678,5500,0,0,1678,5500,California
Sacramento,2020-12-22,2092,7591,2062,7557,30,34,0,0,2092,7592,0,0,2092,7592,California
Sacramento,2020-12-23,2245,9836,2080,9637,165,199,0,0,2245,9837,0,0,2245,9837,California
Sacramento,2020-12-24,1045,10881,834,10471,211,410,0,0,1045,10882,0,0,1045,10882,California
Sacramento,2020-12-25,1,10882,0,10471,1,411,0,0,1,10883,0,0,1,10883,California
Sacramento,2020-12-26,508,11390,291,10762,217,628,0,0,508,11391,0,0,508,11391,California
Sacramento,2020-12-27,350,11740,247,11009,103,731,0,0,350,11741,0,0,350,11741,California
Sacramento,2020-12-28,1900,13640,1320,12329,580,1311,0,0,1898,13638,1,1,1898,13639,California
Sacramento,2020-12-29,1950,15590,1187,13516,763,2074,0,0,1950,15588,0,1,1950,15589,California
Sacramento,2020-12-30,2565,18155,1464,14980,1101,3175,0,0,2566,18154,0,1,2566,18155,California
Sacramento,2020-12-31,1226,19381,694,15674,532,3707,0,0,1225,19379,0,1,1225,19380,California
Sacramento,2021-01-01,69,19450,60,15734,9,3716,0,0,69,19448,0,1,69,19449,California
Sacramento,2021-01-02,565,20015,363,16097,202,3918,0,0,565,20013,0,1,565,20014,California
Sacramento,2021-01-03,410,20425,221,16318,189,4107,0,0,410,20423,0,1,410,20424,California
Sacramento,2021-01-04,1960,22385,846,17164,1114,5221,0,0,1958,22380,1,2,1958,22382,California
Sacramento,2021-01-05,2209,24594,984,18148,1225,6446,0,0,1855,23888,354,356,1862,24244,California
Sacramento,2021-01-06,2729,27323,1624,19772,1105,7551,0,0,1953,25068,773,1129,1953,26197,California
Sacramento,2021-01-07,2832,30155,1507,21279,1325,8876,0,0,1973,26185,856,1985,1973,28170,California
Sacramento,2021-01-08,3285,33440,2089,23368,1196,10072,0,0,2248,27401,1033,3018,2249,30419,California
Sacramento,2021-01-09,1288,34728,797,24165,491,10563,0,0,898,27911,388,3406,898,31317,California
Sacramento,2021-01-10,1245,35973,712,24877,533,11096,0,0,772,28212,472,3878,773,32090,California
Sacramento,2021-01-11,4339,40312,2947,27824,1392,12488,0,0,2412,28700,1926,5804,2414,34504,California
Sacramento,2021-01-12,4415,44727,3032,30856,1383,13871,0,0,2450,29190,1963,7767,2453,36957,California
Sacramento,2021-01-13,3770,48497,2160,33016,1610,15481,0,0,2355,30138,1409,9176,2357,39314,California
Sacramento,2021-01-14,4589,53086,2359,35375,2230,17711,0,0,3666,32885,919,10095,3666,42980,California
Sacramento,2021-01-15,4399,57485,2261,37636,2138,19849,0,0,3676,35842,720,10815,3677,46657,California
Sacramento,2021-01-16,2091,59576,1291,38927,800,20649,0,0,1874,37499,217,11032,1874,48531,California
Sacramento,2021-01-17,1633,61209,951,39878,682,21331,0,0,1456,38780,177,11209,1458,49989,California
Sacramento,2021-01-18,2854,64063,1763,41641,1091,22422,0,0,2331,40589,523,11732,2332,52321,California
Sacramento,2021-01-19,4613,68676,3053,44694,1560,23982,0,0,3349,42675,1264,12996,3350,55671,California
Sacramento,2021-01-20,4760,73436,2818,47512,1942,25924,0,0,3548,45014,1214,14210,3553,59224,California
Sacramento,2021-01-21,5172,78608,2980,50492,2192,28116,0,0,4211,48271,955,15165,4212,63436,California
Sacramento,2021-01-22,4967,83575,2646,53138,2321,30437,0,0,4662,52630,304,15469,4663,68099,California
Sacramento,2021-01-23,3724,87299,1559,54697,2165,32602,0,0,3269,55444,455,15924,3269,71368,California
Sacramento,2021-01-24,1563,88862,979,55676,584,33186,0,0,1323,56530,238,16162,1324,72692,California
Sacramento,2021-01-25,4345,93207,2109,57785,2236,35422,0,0,2928,58045,1415,17577,2930,75622,California
Sacramento,2021-01-26,4697,97904,2129,59914,2568,37990,0,0,3493,60344,1197,18774,3496,79118,California
Sacramento,2021-01-27,5785,103689,3044,62958,2741,40731,0,0,4183,62930,1599,20373,4185,83303,California
Sacramento,2021-01-28,5345,109034,2707,65665,2638,43369,0,0,4247,66083,1095,21468,4248,87551,California
Sacramento,2021-01-29,5376,114410,2926,68591,2450,45819,0,0,4359,69434,1008,22476,4359,91910,California
Sacramento,2021-01-30,4499,118909,2196,70787,2303,48122,0,0,4064,73066,432,22908,4064,95974,California
Sacramento,2021-01-31,2288,121197,1994,72781,294,48416,0,0,2015,74813,270,23178,2017,97991,California
Sacramento,2021-02-01,5897,127094,3009,75790,2888,51304,0,0,4242,77402,1653,24831,4242,102233,California
Sacramento,2021-02-02,6842,133936,3752,79542,3090,54394,0,0,4768,80113,2059,26890,4770,107003,California
Sacramento,2021-02-03,7076,141012,3544,83086,3532,57926,0,0,5221,83491,1845,28735,5223,112226,California
Sacramento,2021-02-04,7683,148695,3619,86705,4064,61990,0,0,5481,86777,2195,30930,5481,117707,California
Sacramento,2021-02-05,7708,156403,4361,91066,3347,65337,0,0,4805,88706,2879,33809,4808,122515,California
Sacramento,2021-02-06,8407,164810,3436,94502,4971,70308,0,0,7075,94455,1328,35137,7077,129592,California
Sacramento,2021-02-07,4031,168841,2149,96651,1882,72190,0,0,2808,96055,1209,36346,2809,132401,California
Sacramento,2021-02-08,6182,175023,3194,99845,2988,75178,0,0,3872,97623,2305,38651,3873,136274,California
Sacramento,2021-02-09,6709,181732,3501,103346,3208,78386,0,0,3920,98768,2777,41428,3922,140196,California
Sacramento,2021-02-10,7643,189375,4174,107520,3469,81855,0,0,4533,100208,3095,44523,4535,144731,California
Sacramento,2021-02-11,8765,198140,4972,112492,3793,85648,0,0,4791,101043,3958,48481,4793,149524,California
Sacramento,2021-02-12,10543,208683,4132,116624,6411,92059,0,0,6362,103269,4139,52620,6365,155889,California
Sacramento,2021-02-13,7584,216267,2984,119608,4600,96659,0,0,6006,107697,1578,54198,6006,161895,California
Sacramento,2021-02-14,3088,219355,1916,121524,1172,97831,0,0,2058,108733,1027,55225,2063,163958,California
Sacramento,2021-02-15,5934,225289,2031,123555,3903,101734,0,0,4145,111095,1785,57010,4147,168105,California
Sacramento,2021-02-16,8839,234128,4192,127747,4647,106381,0,0,5266,112800,3566,60576,5271,173376,California
Sacramento,2021-02-17,8788,242916,4966,132713,3822,110203,0,0,5119,114264,3656,64232,5120,178496,California
Sacramento,2021-02-18,8804,251720,5037,137750,3767,113970,0,0,5062,115600,3730,67962,5066,183562,California
Sacramento,2021-02-19,9971,261691,6120,143870,3851,117821,0,0,5896,117439,4061,72023,5900,189462,California
Sacramento,2021-02-20,7332,269023,5351,149221,1981,119802,0,0,4290,118696,3034,75057,4291,193753,California
Sacramento,2021-02-21,2864,271887,2283,151504,581,120383,0,0,990,117823,1864,76921,991,194744,California
Sacramento,2021-02-22,6141,278028,3720,155224,2421,122804,0,0,2663,117021,3470,80391,2668,197412,California
Sacramento,2021-02-23,7085,285113,4405,159629,2680,125484,0,0,3463,116881,3606,83997,3466,200878,California
Sacramento,2021-02-24,9559,294672,5269,164898,4290,129774,0,0,5236,117817,4305,88302,5241,206119,California
Sacramento,2021-02-25,9964,304636,5373,170271,4591,134365,0,0,5500,118871,4446,92748,5500,211619,California
Sacramento,2021-02-26,13836,318472,6442,176713,7394,141759,0,0,9512,124098,4289,97037,9516,221135,California
Sacramento,2021-02-27,10761,329233,6696,183409,4062,145821,3,3,7920,129195,2827,99864,7924,229059,California
Sacramento,2021-02-28,5528,334761,2171,185580,3357,149178,0,3,2561,128802,2955,102819,2562,231621,California
Sacramento,2021-03-01,7931,342692,3411,188991,4520,153698,0,3,4269,129428,3645,106464,4271,235892,California
Sacramento,2021-03-02,8767,351459,3984,192975,4782,158480,1,4,5475,131629,3277,109741,5478,241370,California
Sacramento,2021-03-03,10600,362059,4881,197856,5717,164197,2,6,6230,133510,4353,114094,6234,247604,California
Sacramento,2021-03-04,12228,374287,5071,202927,7153,171350,4,10,7051,135422,5150,119244,7062,254666,California
Sacramento,2021-03-05,10465,384752,4842,207769,5594,176944,29,39,6945,138895,3502,122746,6975,261641,California
Sacramento,2021-03-06,7962,392714,3057,210826,4782,181726,123,162,3994,139065,3948,126694,4118,265759,California
Sacramento,2021-03-07,7530,400244,2179,213005,5268,186994,83,245,3695,139009,3833,130527,3777,269536,California
Sacramento,2021-03-08,9045,409289,4216,217221,4605,191599,224,469,5929,142054,3106,133633,6151,275687,California
Sacramento,2021-03-09,9446,418735,4499,221720,4679,196278,268,737,5416,143733,4006,137639,5685,281372,California
Sacramento,2021-03-10,11552,430287,7459,229179,3767,200045,326,1063,6743,146023,4781,142420,7071,288443,California
Sacramento,2021-03-11,13742,444029,8818,237997,4150,204195,774,1837,8157,149412,5539,147959,8928,297371,California
Sacramento,2021-03-12,17064,461093,8245,246242,7999,212194,820,2657,8059,149354,8947,156906,8889,306260,California
Sacramento,2021-03-13,12713,473806,3540,249782,8759,220953,414,3071,8005,153084,4691,161597,8421,314681,California
Sacramento,2021-03-14,8210,482016,3437,253219,4147,225100,626,3697,4358,154239,3828,165425,4983,319664,California
Sacramento,2021-03-15,11911,493927,4787,258006,6488,231588,636,4333,6873,156732,5017,170442,7510,327174,California
Sacramento,2021-03-16,13757,507684,6179,264185,6940,238528,638,4971,8457,160562,5263,175705,9093,336267,California
Sacramento,2021-03-17,13378,521062,6530,270715,6240,244768,608,5579,8602,165063,4708,180413,9209,345476,California
Sacramento,2021-03-18,13743,534805,6509,277224,6674,251442,560,6139,9004,169978,4647,185060,9562,355038,California
Sacramento,2021-03-19,14743,549548,7397,284621,5986,257428,1360,7499,7322,171320,7339,192399,8681,363719,California
Sacramento,2021-03-20,12665,562213,7517,292138,4808,262236,340,7839,7972,174963,4670,197069,8313,372032,California
Sacramento,2021-03-21,5530,567743,2749,294887,2742,264978,39,7878,4894,179273,625,197694,4935,376967,California
Sacramento,2021-03-22,9199,576942,4752,299639,3681,268659,766,8644,6197,183287,2951,200645,6965,383932,California
Sacramento,2021-03-23,11132,588074,6690,306329,3634,272293,808,9452,7166,187333,3928,204573,7974,391906,California
Sacramento,2021-03-24,11572,599646,7197,313526,3745,276038,630,10082,6676,189821,4819,209392,7307,399213,California
Sacramento,2021-03-25,12270,611916,6720,320246,4746,280784,804,10886,7033,192574,5083,214475,7836,407049,California
Sacramento,2021-03-26,17191,629107,8248,328494,8461,289245,482,11368,8359,192675,8743,223218,8844,415893,California
Sacramento,2021-03-27,9490,638597,3537,332031,5671,294916,282,11650,5143,193782,4317,227535,5424,421317,California
Sacramento,2021-03-28,6389,644986,3204,335235,2938,297854,247,11897,3050,193754,3329,230864,3301,424618,California
Sacramento,2021-03-29,10670,655656,5870,341105,4603,302457,197,12094,5129,193569,5512,236376,5327,429945,California
Sacramento,2021-03-30,11490,667146,6032,347137,5145,307602,313,12407,5990,194409,5462,241838,6302,436247,California
Sacramento,2021-03-31,13110,680256,7795,354932,4923,312525,392,12799,5691,193096,7393,249231,6080,442327,California
Sacramento,2021-04-01,15218,695474,8635,363567,6365,318890,218,13017,5733,189605,9447,258678,5956,448283,California
Sacramento,2021-04-02,15654,711128,8600,372167,6365,325255,689,13706,7775,190272,7798,266476,8465,456748,California
Sacramento,2021-04-03,10309,721437,6150,378317,3610,328865,549,14255,6389,193321,3886,270362,6935,463683,California
Sacramento,2021-04-04,3593,725030,1484,379801,1923,330788,186,14441,1365,192691,2174,272536,1544,465227,California
Sacramento,2021-04-05,11602,736632,7276,387077,3519,334307,807,15248,5139,192218,6414,278950,5941,471168,California
Sacramento,2021-04-06,15173,751805,8576,395653,5318,339625,1279,16527,6656,191707,8426,287376,7915,479083,California
Sacramento,2021-04-07,14189,765994,7611,403264,5056,344681,1522,18049,6760,192670,7294,294670,8257,487340,California
Sacramento,2021-04-08,14199,780193,6408,409672,4935,349616,2856,20905,5620,192635,8479,303149,8444,495784,California
Sacramento,2021-04-09,13864,794057,6904,416576,5057,354673,1903,22808,5330,191488,8351,311500,7204,502988,California
Sacramento,2021-04-10,9806,803863,2674,419250,6278,360951,854,23662,3864,190517,5673,317173,4702,507690,California
Sacramento,2021-04-11,8998,812861,2777,422027,6061,367012,160,23822,1779,186251,6183,323356,1917,509607,California
Sacramento,2021-04-12,8108,820969,3100,425127,3839,370851,1169,24991,0,186251,0,323356,0,509607,California
San Benito,2020-12-16,2,2,2,2,0,0,0,0,2,2,0,0,2,2,California
San Benito,2020-12-17,8,10,8,10,0,0,0,0,8,10,0,0,8,10,California
San Benito,2020-12-18,32,42,32,42,0,0,0,0,32,42,0,0,32,42,California
San Benito,2020-12-19,47,89,47,89,0,0,0,0,47,89,0,0,47,89,California
San Benito,2020-12-20,22,111,21,110,1,1,0,0,22,111,0,0,22,111,California
San Benito,2020-12-21,48,159,48,158,0,1,0,0,48,159,0,0,48,159,California
San Benito,2020-12-22,64,223,64,222,0,1,0,0,64,223,0,0,64,223,California
San Benito,2020-12-23,48,271,36,258,12,13,0,0,48,271,0,0,48,271,California
San Benito,2020-12-24,12,283,4,262,8,21,0,0,12,283,0,0,12,283,California
San Benito,2020-12-25,4,287,4,266,0,21,0,0,4,287,0,0,4,287,California
San Benito,2020-12-26,13,300,4,270,9,30,0,0,13,300,0,0,13,300,California
San Benito,2020-12-27,8,308,7,277,1,31,0,0,8,308,0,0,8,308,California
San Benito,2020-12-28,63,371,36,313,27,58,0,0,63,371,0,0,63,371,California
San Benito,2020-12-29,49,420,20,333,29,87,0,0,49,420,0,0,49,420,California
San Benito,2020-12-30,60,480,37,370,23,110,0,0,60,480,0,0,60,480,California
San Benito,2020-12-31,19,499,2,372,17,127,0,0,19,499,0,0,19,499,California
San Benito,2021-01-02,24,523,23,395,1,128,0,0,24,523,0,0,24,523,California
San Benito,2021-01-03,3,526,1,396,2,130,0,0,3,526,0,0,3,526,California
San Benito,2021-01-04,62,588,23,419,39,169,0,0,62,588,0,0,62,588,California
San Benito,2021-01-05,118,706,36,455,82,251,0,0,115,700,3,3,115,703,California
San Benito,2021-01-06,97,803,42,497,55,306,0,0,83,769,14,17,83,786,California
San Benito,2021-01-07,79,882,43,540,36,342,0,0,51,792,28,45,51,837,California
San Benito,2021-01-08,130,1012,67,607,63,405,0,0,87,836,43,88,87,924,California
San Benito,2021-01-09,44,1056,31,638,13,418,0,0,30,852,14,102,30,954,California
San Benito,2021-01-10,15,1071,13,651,2,420,0,0,5,847,10,112,5,959,California
San Benito,2021-01-11,102,1173,59,710,43,463,0,0,49,843,53,165,49,1008,California
San Benito,2021-01-12,154,1327,51,761,103,566,0,0,119,927,35,200,119,1127,California
San Benito,2021-01-13,190,1517,35,796,155,721,0,0,163,1063,27,227,163,1290,California
San Benito,2021-01-14,113,1630,23,819,90,811,0,0,96,1142,17,244,96,1386,California
San Benito,2021-01-15,213,1843,21,840,192,1003,0,0,199,1327,14,258,199,1585,California
San Benito,2021-01-16,27,1870,9,849,18,1021,0,0,21,1342,6,264,21,1606,California
San Benito,2021-01-17,10,1880,5,854,5,1026,0,0,7,1346,3,267,7,1613,California
San Benito,2021-01-18,36,1916,23,877,13,1039,0,0,21,1352,15,282,21,1634,California
San Benito,2021-01-19,150,2066,63,940,87,1126,0,0,124,1450,26,308,124,1758,California
San Benito,2021-01-20,260,2326,80,1020,180,1306,0,0,214,1619,45,353,214,1972,California
San Benito,2021-01-21,124,2450,31,1051,93,1399,0,0,100,1695,24,377,100,2072,California
San Benito,2021-01-22,231,2681,19,1070,212,1611,0,0,221,1906,10,387,221,2293,California
San Benito,2021-01-23,30,2711,16,1086,14,1625,0,0,13,1902,17,404,13,2306,California
San Benito,2021-01-24,11,2722,3,1089,8,1633,0,0,7,1905,4,408,7,2313,California
San Benito,2021-01-25,67,2789,25,1114,42,1675,0,0,22,1882,45,453,22,2335,California
San Benito,2021-01-26,134,2923,41,1155,93,1768,0,0,81,1910,53,506,81,2416,California
San Benito,2021-01-27,231,3154,69,1224,162,1930,0,0,190,2059,41,547,190,2606,California
San Benito,2021-01-28,156,3310,32,1256,124,2054,0,0,124,2152,31,578,124,2730,California
San Benito,2021-01-29,285,3595,32,1288,253,2307,0,0,261,2390,23,601,261,2991,California
San Benito,2021-01-30,49,3644,31,1319,18,2325,0,0,27,2395,22,623,27,3018,California
San Benito,2021-01-31,17,3661,5,1324,12,2337,0,0,12,2402,5,628,12,3030,California
San Benito,2021-02-01,133,3794,28,1352,105,2442,0,0,89,2447,44,672,89,3119,California
San Benito,2021-02-02,224,4018,48,1400,176,2618,0,0,134,2491,90,762,134,3253,California
San Benito,2021-02-03,336,4354,41,1441,295,2913,0,0,272,2699,64,826,272,3525,California
San Benito,2021-02-04,159,4513,24,1465,135,3048,0,0,116,2772,43,869,116,3641,California
San Benito,2021-02-05,289,4802,40,1505,249,3297,0,0,227,2937,62,931,227,3868,California
San Benito,2021-02-06,49,4851,9,1514,40,3337,0,0,32,2952,17,948,32,3900,California
San Benito,2021-02-07,15,4866,7,1521,8,3345,0,0,14,2965,1,949,14,3914,California
San Benito,2021-02-08,137,5003,15,1536,122,3467,0,0,91,3010,46,995,91,4005,California
San Benito,2021-02-09,326,5329,64,1600,262,3729,0,0,195,3074,131,1126,195,4200,California
San Benito,2021-02-10,318,5647,88,1688,230,3959,0,0,124,3004,194,1320,124,4324,California
San Benito,2021-02-11,292,5939,31,1719,261,4220,0,0,195,3102,97,1417,195,4519,California
San Benito,2021-02-12,411,6350,30,1749,381,4601,0,0,208,3107,203,1620,208,4727,California
San Benito,2021-02-13,57,6407,8,1757,49,4650,0,0,43,3136,14,1634,43,4770,California
San Benito,2021-02-14,40,6447,5,1762,35,4685,0,0,30,3156,10,1644,30,4800,California
San Benito,2021-02-15,106,6553,9,1771,97,4782,0,0,95,3240,11,1655,95,4895,California
San Benito,2021-02-16,203,6756,11,1782,192,4974,0,0,103,3243,100,1755,103,4998,California
San Benito,2021-02-17,325,7081,30,1812,295,5269,0,0,277,3472,48,1803,277,5275,California
San Benito,2021-02-18,291,7372,38,1850,253,5522,0,0,70,3321,221,2024,70,5345,California
San Benito,2021-02-19,325,7697,45,1895,280,5802,0,0,158,3312,167,2191,158,5503,California
San Benito,2021-02-20,45,7742,26,1921,19,5821,0,0,36,3339,9,2200,36,5539,California
San Benito,2021-02-21,23,7765,8,1929,15,5836,0,0,14,3344,9,2209,14,5553,California
San Benito,2021-02-22,131,7896,36,1965,95,5931,0,0,97,3408,33,2242,97,5650,California
San Benito,2021-02-23,374,8270,92,2057,282,6213,0,0,264,3561,111,2353,264,5914,California
San Benito,2021-02-24,372,8642,62,2119,310,6523,0,0,235,3659,137,2490,235,6149,California
San Benito,2021-02-25,391,9033,63,2182,328,6851,0,0,271,3807,123,2613,271,6420,California
San Benito,2021-02-26,640,9673,73,2255,567,7418,0,0,398,3963,242,2855,398,6818,California
San Benito,2021-02-27,98,9771,36,2291,62,7480,0,0,83,4031,15,2870,83,6901,California
San Benito,2021-02-28,244,10015,23,2314,221,7701,0,0,235,4257,9,2879,235,7136,California
San Benito,2021-03-01,224,10239,59,2373,165,7866,0,0,156,4343,70,2949,156,7292,California
San Benito,2021-03-02,255,10494,74,2447,181,8047,0,0,187,4462,68,3017,187,7479,California
San Benito,2021-03-03,381,10875,54,2501,327,8374,0,0,207,4497,172,3189,207,7686,California
San Benito,2021-03-04,600,11475,122,2623,464,8838,14,14,422,4745,178,3367,426,8112,California
San Benito,2021-03-05,582,12057,305,2928,264,9102,13,27,373,4923,208,3575,386,8498,California
San Benito,2021-03-06,188,12245,64,2992,110,9212,14,41,137,5023,51,3626,151,8649,California
San Benito,2021-03-07,646,12891,602,3594,22,9234,22,63,614,5627,32,3658,636,9285,California
San Benito,2021-03-08,267,13158,65,3659,174,9408,28,91,165,5718,102,3760,193,9478,California
San Benito,2021-03-09,419,13577,85,3744,235,9643,99,190,135,5643,281,4041,206,9684,California
San Benito,2021-03-10,401,13978,114,3858,193,9836,94,284,232,5800,169,4210,326,10010,California
San Benito,2021-03-11,468,14446,120,3978,197,10033,151,435,210,5903,258,4468,361,10371,California
San Benito,2021-03-12,505,14951,116,4094,296,10329,93,528,228,5950,275,4743,322,10693,California
San Benito,2021-03-13,200,15151,100,4194,82,10411,18,546,128,6026,70,4813,146,10839,California
San Benito,2021-03-14,230,15381,40,4234,170,10581,20,566,178,6173,51,4864,198,11037,California
San Benito,2021-03-15,323,15704,99,4333,205,10786,19,585,189,6247,134,4998,208,11245,California
San Benito,2021-03-16,479,16183,217,4550,231,11017,31,616,338,6475,140,5138,368,11613,California
San Benito,2021-03-17,684,16867,473,5023,198,11215,13,629,553,6914,127,5265,566,12179,California
San Benito,2021-03-18,774,17641,522,5545,196,11411,56,685,564,7317,208,5473,611,12790,California
San Benito,2021-03-19,765,18406,402,5947,340,11751,23,708,567,7731,176,5649,590,13380,California
San Benito,2021-03-20,235,18641,146,6093,77,11828,12,720,179,7866,56,5705,191,13571,California
San Benito,2021-03-21,104,18745,53,6146,46,11874,5,725,77,7921,27,5732,82,13653,California
San Benito,2021-03-22,328,19073,170,6316,133,12007,25,750,226,8070,102,5834,251,13904,California
San Benito,2021-03-23,473,19546,197,6513,266,12273,10,760,222,8050,251,6085,231,14135,California
San Benito,2021-03-24,548,20094,306,6819,236,12509,6,766,359,8225,189,6274,364,14499,California
San Benito,2021-03-25,703,20797,412,7231,287,12796,4,770,412,8351,289,6563,415,14914,California
San Benito,2021-03-26,992,21789,515,7746,474,13270,3,773,327,8017,664,7227,330,15244,California
San Benito,2021-03-27,320,22109,179,7925,109,13379,32,805,206,8142,113,7340,238,15482,California
San Benito,2021-03-28,690,22799,571,8496,114,13493,5,810,127,7711,563,7903,132,15614,California
San Benito,2021-03-29,345,23144,110,8606,215,13708,20,830,150,7686,194,8097,169,15783,California
San Benito,2021-03-30,561,23705,260,8866,210,13918,91,921,280,7778,279,8376,371,16154,California
San Benito,2021-03-31,566,24271,345,9211,197,14115,24,945,323,7884,241,8617,347,16501,California
San Benito,2021-04-01,928,25199,371,9582,519,14634,38,983,558,8111,368,8985,595,17096,California
San Benito,2021-04-02,537,25736,261,9843,141,14775,135,1118,265,8239,272,9257,400,17496,California
San Benito,2021-04-03,245,25981,90,9933,104,14879,51,1169,79,8203,166,9423,130,17626,California
San Benito,2021-04-04,145,26126,110,10043,30,14909,5,1174,107,8280,35,9458,112,17738,California
San Benito,2021-04-05,347,26473,166,10209,140,15049,41,1215,140,8253,207,9665,180,17918,California
San Benito,2021-04-06,332,26805,156,10365,123,15172,53,1268,164,8302,168,9833,217,18135,California
San Benito,2021-04-07,802,27607,519,10884,219,15391,64,1332,259,8090,535,10368,323,18458,California
San Benito,2021-04-08,674,28281,413,11297,174,15565,87,1419,206,7919,455,10823,284,18742,California
San Benito,2021-04-09,709,28990,414,11711,223,15788,72,1491,229,7744,476,11299,301,19043,California
San Benito,2021-04-10,278,29268,189,11900,53,15841,36,1527,178,7861,95,11394,212,19255,California
San Benito,2021-04-11,386,29654,212,12112,168,16009,6,1533,17,7738,145,11539,22,19277,California
San Benito,2021-04-12,207,29861,46,12158,81,16090,80,1613,0,7738,0,11539,0,19277,California
San Bernardino,2020-12-15,13,13,13,13,0,0,0,0,13,13,0,0,13,13,California
San Bernardino,2020-12-16,107,120,107,120,0,0,0,0,107,120,0,0,107,120,California
San Bernardino,2020-12-17,2347,2467,2347,2467,0,0,0,0,2347,2467,0,0,2347,2467,California
San Bernardino,2020-12-18,3142,5609,3139,5606,3,3,0,0,3143,5610,0,0,3143,5610,California
San Bernardino,2020-12-19,1066,6675,1065,6671,1,4,0,0,1067,6677,0,0,1067,6677,California
San Bernardino,2020-12-20,1172,7847,1171,7842,1,5,0,0,1172,7849,0,0,1172,7849,California
San Bernardino,2020-12-21,2454,10301,2449,10291,5,10,0,0,2454,10303,0,0,2454,10303,California
San Bernardino,2020-12-22,2268,12569,2143,12434,125,135,0,0,2269,12572,0,0,2269,12572,California
San Bernardino,2020-12-23,2644,15213,1453,13887,1191,1326,0,0,2643,15215,0,0,2643,15215,California
San Bernardino,2020-12-24,1159,16372,585,14472,574,1900,0,0,1161,16376,0,0,1161,16376,California
San Bernardino,2020-12-25,74,16446,14,14486,60,1960,0,0,74,16450,0,0,74,16450,California
San Bernardino,2020-12-26,461,16907,253,14739,208,2168,0,0,461,16911,0,0,461,16911,California
San Bernardino,2020-12-27,343,17250,160,14899,183,2351,0,0,343,17254,0,0,343,17254,California
San Bernardino,2020-12-28,1560,18810,710,15609,850,3201,0,0,1561,18815,0,0,1561,18815,California
San Bernardino,2020-12-29,2207,21017,1041,16650,1166,4367,0,0,2205,21019,1,1,2205,21020,California
San Bernardino,2020-12-30,2888,23905,1459,18109,1429,5796,0,0,2889,23908,0,1,2889,23909,California
San Bernardino,2020-12-31,1352,25257,439,18548,913,6709,0,0,1350,25258,0,1,1350,25259,California
San Bernardino,2021-01-01,276,25533,148,18696,128,6837,0,0,274,25532,0,1,274,25533,California
San Bernardino,2021-01-02,476,26009,339,19035,137,6974,0,0,476,26008,0,1,476,26009,California
San Bernardino,2021-01-03,135,26144,85,19120,50,7024,0,0,135,26143,0,1,135,26144,California
San Bernardino,2021-01-04,2117,28261,1287,20407,830,7854,0,0,2114,28257,0,1,2114,28258,California
San Bernardino,2021-01-05,2329,30590,1459,21866,870,8724,0,0,2215,30362,110,111,2215,30473,California
San Bernardino,2021-01-06,3423,34013,2352,24218,1071,9795,0,0,2932,32810,485,596,2933,33406,California
San Bernardino,2021-01-07,5399,39412,4492,28710,907,10702,0,0,2472,32376,2906,3502,2472,35878,California
San Bernardino,2021-01-08,5353,44765,4440,33150,913,11615,0,0,2280,31590,3067,6569,2281,38159,California
San Bernardino,2021-01-09,1398,46163,1100,34250,298,11913,0,0,902,31996,496,7065,902,39061,California
San Bernardino,2021-01-10,1020,47183,598,34848,422,12335,0,0,573,32122,447,7512,573,39634,California
San Bernardino,2021-01-11,4984,52167,4082,38930,902,13237,0,0,2768,32678,2212,9724,2768,42402,California
San Bernardino,2021-01-12,4228,56395,3222,42152,1006,14243,0,0,2514,33479,1713,11437,2514,44916,California
San Bernardino,2021-01-13,4552,60947,2847,44999,1705,15948,0,0,3329,35599,1210,12647,3330,48246,California
San Bernardino,2021-01-14,4743,65690,2774,47773,1969,17917,0,0,4161,39182,578,13225,4161,52407,California
San Bernardino,2021-01-15,5963,71653,2971,50744,2992,20909,0,0,5568,44368,385,13610,5571,57978,California
San Bernardino,2021-01-16,2254,73907,1288,52032,966,21875,0,0,2113,46340,141,13751,2113,60091,California
San Bernardino,2021-01-17,1186,75093,515,52547,671,22546,0,0,1096,47349,89,13840,1098,61189,California
San Bernardino,2021-01-18,4264,79357,2636,55183,1628,24174,0,0,3646,50380,617,14457,3648,64837,California
San Bernardino,2021-01-19,6294,85651,3705,58888,2589,26763,0,0,5205,54502,1087,15544,5209,70046,California
San Bernardino,2021-01-20,6795,92446,3727,62615,3068,29831,0,0,4867,57452,1919,17463,4869,74915,California
San Bernardino,2021-01-21,5982,98428,3075,65690,2907,32738,0,0,4869,61219,1104,18567,4871,79786,California
San Bernardino,2021-01-22,6497,104925,3037,68727,3460,36198,0,0,5775,66276,719,19286,5776,85562,California
San Bernardino,2021-01-23,3098,108023,1886,70613,1212,37410,0,0,2711,68602,385,19671,2711,88273,California
San Bernardino,2021-01-24,1194,109217,461,71074,733,38143,0,0,1094,69597,99,19770,1094,89367,California
San Bernardino,2021-01-25,6859,116076,3397,74471,3462,41605,0,0,5017,72778,1839,21609,5020,94387,California
San Bernardino,2021-01-26,7088,123164,3563,78034,3525,45130,0,0,5002,75701,2085,23694,5008,99395,California
San Bernardino,2021-01-27,8223,131387,4101,82135,4122,49252,0,0,5538,78563,2676,26370,5538,104933,California
San Bernardino,2021-01-28,8529,139916,4041,86176,4488,53740,0,0,6229,82494,2298,28668,6229,111162,California
San Bernardino,2021-01-29,8129,148045,3732,89908,4397,58137,0,0,6180,86741,1934,30602,6181,117343,California
San Bernardino,2021-01-30,3079,151124,1895,91803,1184,59321,0,0,2797,89256,282,30884,2797,120140,California
San Bernardino,2021-01-31,922,152046,493,92296,429,59750,0,0,871,90074,53,30937,871,121011,California
San Bernardino,2021-02-01,7521,159567,4222,96518,3299,63049,0,0,4903,92362,2615,33552,4903,125914,California
San Bernardino,2021-02-02,10364,169931,3645,100163,6719,69768,0,0,8319,98635,2047,35599,8320,134234,California
San Bernardino,2021-02-03,8955,178886,4141,104304,4814,74582,0,0,6479,102645,2470,38069,6480,140714,California
San Bernardino,2021-02-04,10502,189388,5198,109502,5304,79886,0,0,7441,107035,3051,41120,7441,148155,California
San Bernardino,2021-02-05,10944,200332,5900,115402,5044,84930,0,0,7430,110965,3502,44622,7432,155587,California
San Bernardino,2021-02-06,5245,205577,2206,117608,3039,87969,0,0,3615,112978,1605,46227,3618,159205,California
San Bernardino,2021-02-07,844,206421,493,118101,351,88320,0,0,475,113080,374,46601,476,159681,California
San Bernardino,2021-02-08,7260,213681,3867,121968,3393,91713,0,0,5599,117021,1658,48259,5599,165280,California
San Bernardino,2021-02-09,9887,223568,5814,127782,4073,95786,0,0,6679,120490,3215,51474,6684,171964,California
San Bernardino,2021-02-10,11987,235555,6529,134311,5458,101244,0,0,7831,124177,4145,55619,7832,179796,California
San Bernardino,2021-02-11,12244,247799,7045,141356,5199,106443,0,0,7819,127592,4408,60027,7823,187619,California
San Bernardino,2021-02-12,10321,258120,5918,147274,4403,110846,0,0,5672,128630,4636,64663,5674,193293,California
San Bernardino,2021-02-13,5998,264118,3985,151259,2013,112859,0,0,3765,130187,2215,66878,3772,197065,California
San Bernardino,2021-02-14,1542,265660,648,151907,894,113753,0,0,868,130387,668,67546,868,197933,California
San Bernardino,2021-02-15,5452,271112,2993,154900,2459,116212,0,0,3055,131060,2383,69929,3056,200989,California
San Bernardino,2021-02-16,12576,283688,7370,162270,5206,121418,0,0,7972,134440,4594,74523,7974,208963,California
San Bernardino,2021-02-17,11776,295464,6454,168724,5322,126740,0,0,7165,137011,4595,79118,7166,216129,California
San Bernardino,2021-02-18,12450,307914,7585,176309,4865,131605,0,0,7714,140013,4718,83836,7720,223849,California
San Bernardino,2021-02-19,11455,319369,5894,182203,5561,137166,0,0,6780,142137,4656,88492,6780,230629,California
San Bernardino,2021-02-20,4493,323862,3456,185659,1037,138203,0,0,2045,141737,2446,90938,2046,232675,California
San Bernardino,2021-02-21,1018,324880,559,186218,459,138662,0,0,319,141358,698,91636,319,232994,California
San Bernardino,2021-02-22,8483,333363,5193,191411,3290,141952,0,0,4028,140941,4446,96082,4029,237023,California
San Bernardino,2021-02-23,8786,342149,5173,196584,3613,145565,0,0,4521,141219,4243,100325,4521,241544,California
San Bernardino,2021-02-24,11970,354119,6840,203424,5130,150695,0,0,6082,141436,5866,106191,6083,247627,California
San Bernardino,2021-02-25,12884,367003,6248,209672,6636,157331,0,0,7518,143604,5354,111545,7522,255149,California
San Bernardino,2021-02-26,13324,380327,6379,216051,6945,164276,0,0,7510,145360,5755,117300,7511,262660,California
San Bernardino,2021-02-27,6571,386898,3647,219698,2924,167200,0,0,4766,148325,1801,119101,4766,267426,California
San Bernardino,2021-02-28,1731,388629,707,220405,1024,168224,0,0,1134,148856,605,119706,1136,268562,California
San Bernardino,2021-03-01,8362,396991,4306,224711,4055,172279,1,1,3838,148188,4515,124221,3847,272409,California
San Bernardino,2021-03-02,13482,410473,5321,230032,8161,180440,0,1,6413,147560,7044,131265,6416,278825,California
San Bernardino,2021-03-03,12397,422870,6281,236313,6115,186555,1,2,5721,146619,6667,137932,5726,284551,California
San Bernardino,2021-03-04,12727,435597,6477,242790,6249,192804,1,3,5772,145449,6945,144877,5775,290326,California
San Bernardino,2021-03-05,13315,448912,6688,249478,6626,199430,1,4,6770,145717,6520,151397,6788,297114,California
San Bernardino,2021-03-06,9454,458366,5260,254738,3979,203409,215,219,4406,145308,5029,156426,4620,301734,California
San Bernardino,2021-03-07,1523,459889,925,255663,543,203952,55,274,981,145804,540,156966,1036,302770,California
San Bernardino,2021-03-08,7214,467103,3103,258766,3950,207902,161,435,3456,145671,3753,160719,3620,306390,California
San Bernardino,2021-03-09,11894,478997,6540,265306,5117,213019,237,672,4775,143577,7107,167826,5013,311403,California
San Bernardino,2021-03-10,13288,492285,7248,272554,5648,218667,392,1064,6136,142987,7124,174950,6534,317937,California
San Bernardino,2021-03-11,13643,505928,6444,278998,6412,225079,787,1851,7154,144465,6465,181415,7943,325880,California
San Bernardino,2021-03-12,15087,521015,6734,285732,6357,231436,1996,3847,7235,145923,7822,189237,9280,335160,California
San Bernardino,2021-03-13,8111,529126,4460,290192,3158,234594,493,4340,4824,147959,3282,192519,5318,340478,California
San Bernardino,2021-03-14,3160,532286,1587,291779,1010,235604,563,4903,1805,148976,1350,193869,2367,342845,California
San Bernardino,2021-03-15,11237,543523,5301,297080,3937,239541,1999,6902,5497,150756,5714,199583,7494,350339,California
San Bernardino,2021-03-16,15949,559472,7894,304974,7113,246654,942,7844,9729,155229,6197,205780,10670,361009,California
San Bernardino,2021-03-17,16740,576212,8436,313410,7559,254213,745,8589,10054,159367,6662,212442,10800,371809,California
San Bernardino,2021-03-18,16216,592428,8050,321460,7783,261996,383,8972,9527,162620,6658,219100,9911,381720,California
San Bernardino,2021-03-19,16589,609017,8174,329634,7832,269828,583,9555,9502,165699,7060,226160,10139,391859,California
San Bernardino,2021-03-20,9358,618375,5903,335537,2872,272700,583,10138,5568,168086,3762,229922,6149,398008,California
San Bernardino,2021-03-21,2735,621110,2232,337769,456,273156,47,10185,2215,169841,507,230429,2262,400270,California
San Bernardino,2021-03-22,9544,630654,4482,342251,4629,277785,433,10618,6935,174618,2592,233021,7369,407639,California
San Bernardino,2021-03-23,15254,645908,8640,350891,5994,283779,620,11238,9535,179073,5697,238718,10152,417791,California
San Bernardino,2021-03-24,14839,660747,7700,358591,6841,290620,298,11536,9935,184435,4872,243590,10234,428025,California
San Bernardino,2021-03-25,16602,677349,8164,366755,8149,298769,289,11825,10571,189300,5991,249581,10856,438881,California
San Bernardino,2021-03-26,17777,695126,8539,375294,8482,307251,756,12581,10852,194019,6892,256473,11611,450492,California
San Bernardino,2021-03-27,10662,705788,6872,382166,3044,310295,746,13327,6112,196351,4526,260999,6858,457350,California
San Bernardino,2021-03-28,3501,709289,2463,384629,928,311223,110,13437,2470,197905,1026,262025,2580,459930,California
San Bernardino,2021-03-29,11248,720537,5940,390569,4911,316134,397,13834,7636,202339,3599,265624,8033,467963,California
San Bernardino,2021-03-30,16725,737262,9386,399955,6633,322767,706,14540,10812,207972,5882,271506,11515,479478,California
San Bernardino,2021-03-31,15918,753180,8933,408888,6380,329147,605,15145,10786,214249,5111,276617,11388,490866,California
San Bernardino,2021-04-01,19311,772491,10227,419115,7750,336897,1334,16479,12644,221589,6634,283251,13974,504840,California
San Bernardino,2021-04-02,18192,790683,9046,428161,7884,344781,1262,17741,11020,226820,7090,290341,12321,517161,California
San Bernardino,2021-04-03,10818,801501,6747,434908,2949,347730,1122,18863,5950,229037,4852,295193,7069,524230,California
San Bernardino,2021-04-04,2404,803905,1445,436353,717,348447,242,19105,1203,229314,1167,296360,1444,525674,California
San Bernardino,2021-04-05,11248,815153,5026,441379,4659,353106,1563,20668,5810,231311,5369,301729,7366,533040,California
San Bernardino,2021-04-06,18944,834097,10558,451937,6458,359564,1928,22596,10089,234583,8723,310452,11995,545035,California
San Bernardino,2021-04-07,19954,854051,10456,462393,7135,366699,2363,24959,10800,238724,8989,319441,13130,558165,California
San Bernardino,2021-04-08,20757,874808,10433,472826,7823,374522,2501,27460,11325,243292,9251,328692,13819,571984,California
San Bernardino,2021-04-09,15930,890738,7190,480016,6708,381230,2032,29492,7859,245607,7491,336183,9806,581790,California
San Bernardino,2021-04-10,10125,900863,4381,484397,2857,384087,2887,32379,4200,246863,5799,341982,7055,588845,California
San Bernardino,2021-04-11,2779,903642,1450,485847,807,384894,522,32901,500,247261,304,342286,702,589547,California
San Bernardino,2021-04-12,6522,910164,2466,488313,3096,387990,960,33861,0,247261,0,342286,0,589547,California
San Diego,2020-12-15,119,119,119,119,0,0,0,0,119,119,0,0,119,119,California
San Diego,2020-12-16,1101,1220,1101,1220,0,0,0,0,1101,1220,0,0,1101,1220,California
San Diego,2020-12-17,2348,3568,2348,3568,0,0,0,0,2348,3568,0,0,2348,3568,California
San Diego,2020-12-18,3672,7240,3671,7239,1,1,0,0,3672,7240,0,0,3672,7240,California
San Diego,2020-12-19,2310,9550,2310,9549,0,1,0,0,2311,9551,0,0,2311,9551,California
San Diego,2020-12-20,1185,10735,1183,10732,2,3,0,0,1184,10735,0,0,1184,10735,California
San Diego,2020-12-21,3520,14255,3519,14251,1,4,0,0,3520,14255,0,0,3520,14255,California
San Diego,2020-12-22,4056,18311,3413,17664,643,647,0,0,4056,18311,0,0,4056,18311,California
San Diego,2020-12-23,3176,21487,1974,19638,1202,1849,0,0,3176,21487,0,0,3176,21487,California
San Diego,2020-12-24,2733,24220,2217,21855,516,2365,0,0,2733,24220,0,0,2733,24220,California
San Diego,2020-12-25,875,25095,874,22729,1,2366,0,0,874,25093,1,1,874,25094,California
San Diego,2020-12-26,3294,28389,2144,24873,1150,3516,0,0,3293,28386,0,1,3293,28387,California
San Diego,2020-12-27,2508,30897,1618,26491,890,4406,0,0,2507,30892,1,2,2507,30894,California
San Diego,2020-12-28,5900,36797,4212,30703,1688,6094,0,0,5899,36791,0,2,5899,36793,California
San Diego,2020-12-29,5588,42385,3014,33717,2574,8668,0,0,5588,42379,0,2,5588,42381,California
San Diego,2020-12-30,5942,48327,3100,36817,2842,11510,0,0,5942,48321,0,2,5942,48323,California
San Diego,2020-12-31,2984,51311,1005,37822,1979,13489,0,0,2983,51303,1,3,2983,51306,California
San Diego,2021-01-01,1006,52317,452,38274,554,14043,0,0,1005,52308,0,3,1005,52311,California
San Diego,2021-01-02,3762,56079,1321,39595,2441,16484,0,0,3762,56070,0,3,3762,56073,California
San Diego,2021-01-03,859,56938,632,40227,227,16711,0,0,858,56928,0,3,858,56931,California
San Diego,2021-01-04,3699,60637,2051,42278,1648,18359,0,0,3692,60620,0,3,3692,60623,California
San Diego,2021-01-05,4307,64944,2122,44400,2185,20544,0,0,3690,63710,613,616,3703,64326,California
San Diego,2021-01-06,4945,69889,2299,46699,2646,23190,0,0,3710,66212,1212,1828,3714,68040,California
San Diego,2021-01-07,5610,75499,2984,49683,2626,25816,0,0,3455,67525,2148,3976,3461,71501,California
San Diego,2021-01-08,7722,83221,4961,54644,2761,28577,0,0,3934,67703,3771,7747,3949,75450,California
San Diego,2021-01-09,2956,86177,1554,56198,1402,29979,0,0,1788,68342,1157,8904,1796,77246,California
San Diego,2021-01-10,1881,88058,1292,57490,589,30568,0,0,780,68041,1089,9993,788,78034,California
San Diego,2021-01-11,10324,98382,5859,63349,4465,35033,0,0,6799,71336,3518,13511,6813,84847,California
San Diego,2021-01-12,11198,109580,5316,68665,5882,40915,0,0,7826,75913,3363,16874,7940,92787,California
San Diego,2021-01-13,11475,121055,5024,73689,6451,47366,0,0,8930,82335,2531,19405,8953,101740,California
San Diego,2021-01-14,12360,133415,4750,78439,7610,54976,0,0,10194,90406,2157,21562,10228,111968,California
San Diego,2021-01-15,15114,148529,5353,83792,9761,64737,0,0,12470,100304,2624,24186,12522,124490,California
San Diego,2021-01-16,10766,159295,3595,87387,7171,71908,0,0,9319,108214,1440,25626,9350,133840,California
San Diego,2021-01-17,8681,167976,2500,89887,6181,78089,0,0,7843,115237,838,26464,7861,141701,California
San Diego,2021-01-18,12496,180472,5943,95830,6553,84642,0,0,9665,122163,2792,29256,9718,151419,California
San Diego,2021-01-19,14743,195215,5820,101650,8923,93565,0,0,11618,130928,3111,32367,11876,163295,California
San Diego,2021-01-20,18316,213531,6379,108029,11937,105502,0,0,15032,142859,3270,35637,15201,178496,California
San Diego,2021-01-21,17402,230933,5899,113928,11503,117005,0,0,16013,157638,1378,37015,16157,194653,California
San Diego,2021-01-22,17677,248610,4754,118682,12923,129928,0,0,15623,171317,2040,39055,15719,210372,California
San Diego,2021-01-23,14470,263080,5268,123950,9202,139130,0,0,12109,181133,2348,41403,12164,222536,California
San Diego,2021-01-24,11742,274822,3206,127156,8536,147666,0,0,10853,191065,954,42357,10886,233422,California
San Diego,2021-01-25,12125,286947,5669,132825,6456,154122,0,0,9155,197365,3004,45361,9304,242726,California
San Diego,2021-01-26,14661,301608,7374,140199,7287,161409,0,0,11329,205610,3267,48628,11512,254238,California
San Diego,2021-01-27,20609,322217,7969,148168,12640,174049,0,0,17217,219892,3067,51695,17349,271587,California
San Diego,2021-01-28,21249,343466,7597,155765,13652,187701,0,0,18645,236365,2248,53943,18721,290308,California
San Diego,2021-01-29,19658,363124,6419,162184,13239,200940,0,0,17127,251123,2409,56352,17167,307475,California
San Diego,2021-01-30,15896,379020,3669,165853,12227,213167,0,0,13019,261573,2663,59015,13113,320588,California
San Diego,2021-01-31,14799,393819,5762,171615,9037,222204,0,0,14078,275325,348,59363,14100,334688,California
San Diego,2021-02-01,20524,414343,7238,178853,13286,235490,0,0,16828,289054,3173,62536,16902,351590,California
San Diego,2021-02-02,23198,437541,8691,187544,14507,249997,0,0,18945,304645,3520,66056,19111,370701,California
San Diego,2021-02-03,27455,464996,11570,199114,15885,265882,0,0,22273,322946,4152,70208,22453,393154,California
San Diego,2021-02-04,24360,489356,10011,209125,14349,280231,0,0,18774,337320,4679,74887,19053,412207,California
San Diego,2021-02-05,24987,514343,8949,218074,16038,296269,0,0,18219,349506,6519,81406,18705,430912,California
San Diego,2021-02-06,20765,535108,8543,226617,12222,308491,0,0,17317,363852,3191,84597,17537,448449,California
San Diego,2021-02-07,12130,547238,5377,231994,6753,315244,0,0,9369,371627,1846,86443,9621,458070,California
San Diego,2021-02-08,20102,567340,8528,240522,11574,326818,0,0,11985,376906,7393,93836,12672,470742,California
San Diego,2021-02-09,20392,587732,8236,248758,12156,338974,0,0,12478,383276,7175,101011,13545,484287,California
San Diego,2021-02-10,22979,610711,9358,258116,13621,352595,0,0,13168,388729,9070,110081,14523,498810,California
San Diego,2021-02-11,23769,634480,10135,268251,13634,366229,0,0,11953,391342,11012,121093,13625,512435,California
San Diego,2021-02-12,23830,658310,7456,275707,16374,382603,0,0,11395,393105,11885,132978,13648,526083,California
San Diego,2021-02-13,20024,678334,9012,284719,11012,393615,0,0,10297,395480,9116,142094,11491,537574,California
San Diego,2021-02-14,11189,689523,7433,292152,3756,397371,0,0,5813,398130,4675,146769,7325,544899,California
San Diego,2021-02-15,15187,704710,7682,299834,7505,404876,0,0,7628,401578,7223,153992,10671,555570,California
San Diego,2021-02-16,19284,723994,11253,311087,8031,412907,0,0,8811,403732,9679,163671,11833,567403,California
San Diego,2021-02-17,23386,747380,10978,322065,12408,425315,0,0,7662,399775,14776,178447,10819,578222,California
San Diego,2021-02-18,23562,770942,12016,334081,11546,436861,0,0,7521,396048,15399,193846,11672,589894,California
San Diego,2021-02-19,15902,786844,10916,344997,4986,441847,0,0,6672,395601,9160,203006,8713,598607,California
San Diego,2021-02-20,10253,797097,6358,351355,3895,445742,0,0,5700,399015,4228,207234,7642,606249,California
San Diego,2021-02-21,11526,808623,10114,361469,1412,447154,0,0,4959,399919,5320,212554,6224,612473,California
San Diego,2021-02-22,12438,821061,10580,372049,1858,449012,0,0,6363,402075,5884,218438,8040,620513,California
San Diego,2021-02-23,25904,846965,14525,386574,11379,460391,0,0,9909,402734,15132,233570,15791,636304,California
San Diego,2021-02-24,28939,875904,12756,399330,16183,476574,0,0,7713,397064,20851,254421,15181,651485,California
San Diego,2021-02-25,33172,909076,14699,414029,18473,495047,0,0,10598,394128,22006,276427,19070,670555,California
San Diego,2021-02-26,33442,942518,12389,426418,21053,516100,0,0,12034,392119,21106,297533,19097,689652,California
San Diego,2021-02-27,21246,963764,9674,436092,11572,527672,0,0,11274,398083,9575,307108,15539,705191,California
San Diego,2021-02-28,15237,979001,9936,446028,5301,532973,0,0,9728,405910,4784,311892,12611,717802,California
San Diego,2021-03-01,24152,1003153,14231,460259,9920,542893,1,1,15058,416398,8471,320363,18959,736761,California
San Diego,2021-03-02,26033,1029186,13963,474222,12070,554963,0,1,12679,423537,12453,332816,19592,756353,California
San Diego,2021-03-03,33922,1063108,15862,490084,18057,573020,3,4,14554,426163,18951,351767,21577,777930,California
San Diego,2021-03-04,28249,1091357,14050,504134,14199,587219,0,4,12736,430684,14972,366739,19493,797423,California
San Diego,2021-03-05,28862,1120219,14800,518934,13980,601199,82,86,13957,436986,14532,381271,20834,818257,California
San Diego,2021-03-06,23247,1143466,9510,528444,13034,614233,703,789,10631,440896,12188,393459,16098,834355,California
San Diego,2021-03-07,18192,1161658,9294,537738,8333,622566,565,1354,8371,444108,9512,402971,12724,847079,California
San Diego,2021-03-08,22945,1184603,11160,548898,10901,633467,884,2238,10685,449074,11458,414429,16424,863503,California
San Diego,2021-03-09,25729,1210332,11937,560835,12054,645521,1738,3976,11680,453001,13516,427945,17443,880946,California
San Diego,2021-03-10,25171,1235503,10725,571560,12078,657599,2368,6344,11117,457139,13492,441437,17630,898576,California
San Diego,2021-03-11,28556,1264059,10978,582538,13995,671594,3583,9927,11516,459346,16920,458357,19127,917703,California
San Diego,2021-03-12,26928,1290987,9413,591951,14402,685996,3113,13040,9927,458928,16985,475342,16567,934270,California
San Diego,2021-03-13,25785,1316772,7252,599203,16934,702930,1599,14639,9930,458863,15756,491098,15691,949961,California
San Diego,2021-03-14,13684,1330456,5345,604548,7605,710535,734,15373,4869,458006,8791,499889,7934,957895,California
San Diego,2021-03-15,21894,1352350,10155,614703,10972,721507,767,16140,10888,461838,10967,510856,14799,972694,California
San Diego,2021-03-16,29769,1382119,15713,630416,13668,735175,388,16528,17989,471558,11747,522603,21467,994161,California
San Diego,2021-03-17,26143,1408262,12181,642597,13259,748434,703,17231,17382,483014,8717,531320,20173,1014334,California
San Diego,2021-03-18,31262,1439524,17707,660304,12660,761094,895,18126,20374,495183,10785,542105,22954,1037288,California
San Diego,2021-03-19,30088,1469612,14283,674587,14827,775921,978,19104,19886,507155,10173,552278,22145,1059433,California
San Diego,2021-03-20,27698,1497310,8346,682933,17562,793483,1790,20894,22049,526517,5606,557884,24968,1084401,California
San Diego,2021-03-21,16467,1513777,11993,694926,3758,797241,716,21610,10492,533167,5952,563836,12602,1097003,California
San Diego,2021-03-22,22379,1536156,13087,708013,9053,806294,239,21849,16115,546119,6212,570048,19164,1116167,California
San Diego,2021-03-23,25784,1561940,13588,721601,11935,818229,261,22110,19585,561906,6157,576205,21944,1138111,California
San Diego,2021-03-24,29433,1591373,19679,741280,9391,827620,363,22473,20072,575150,9327,585532,22571,1160682,California
San Diego,2021-03-25,30027,1621400,18124,759404,11245,838865,658,23131,19749,587484,10212,595744,22546,1183228,California
San Diego,2021-03-26,31871,1653271,17769,777173,13570,852435,532,23663,19220,597783,12558,608302,22857,1206085,California
San Diego,2021-03-27,24935,1678206,10972,788145,13569,866004,394,24057,15214,605984,9664,617966,17865,1223950,California
San Diego,2021-03-28,14837,1693043,9163,797308,5618,871622,56,24113,9129,610937,5684,623650,10637,1234587,California
San Diego,2021-03-29,26394,1719437,12698,810006,13099,884721,597,24710,18542,624835,7794,631444,21692,1256279,California
San Diego,2021-03-30,33058,1752495,17811,827817,14465,899186,782,25492,23301,641085,9678,641122,25928,1282207,California
San Diego,2021-03-31,30038,1782533,18625,846442,10778,909964,635,26127,20440,653709,9522,650644,22146,1304353,California
San Diego,2021-04-01,33810,1816343,19897,866339,12566,922530,1347,27474,24421,671497,9350,659994,27138,1331491,California
San Diego,2021-04-02,35285,1851628,20571,886910,12179,934709,2535,30009,24128,688434,11107,671101,28044,1359535,California
San Diego,2021-04-03,30588,1882216,14367,901277,11748,946457,4473,34482,20070,703667,10498,681599,25731,1385266,California
San Diego,2021-04-04,8883,1891099,5057,906334,2927,949384,899,35381,4634,705197,4165,685764,5695,1390961,California
San Diego,2021-04-05,29099,1920198,14982,921316,11668,961052,2449,37830,19119,719246,9960,695724,24009,1414970,California
San Diego,2021-04-06,38307,1958505,20085,941401,12409,973461,5813,43643,22114,733118,16127,711851,29999,1444969,California
San Diego,2021-04-07,34462,1992967,21130,962531,8937,982398,4395,48038,19788,743849,14616,726467,25347,1470316,California
San Diego,2021-04-08,33866,2026833,20325,982856,9614,992012,3927,51965,20672,757864,12587,739054,26602,1496918,California
San Diego,2021-04-09,35497,2062330,20934,1003790,9707,1001719,4856,56821,18980,769281,14721,753775,26138,1523056,California
San Diego,2021-04-10,26803,2089133,10883,1014673,12176,1013895,3744,60565,14164,777926,12044,765819,20689,1543745,California
San Diego,2021-04-11,14413,2103546,9140,1023813,3445,1017340,1828,62393,4569,780805,2790,768609,5669,1549414,California
San Diego,2021-04-12,14058,2117604,3438,1027251,7948,1025288,2672,65065,0,780805,0,768609,0,1549414,California
San Francisco,2020-12-15,7,7,7,7,0,0,0,0,7,7,0,0,7,7,California
San Francisco,2020-12-16,229,236,229,236,0,0,0,0,229,236,0,0,229,236,California
San Francisco,2020-12-17,395,631,395,631,0,0,0,0,395,631,0,0,395,631,California
San Francisco,2020-12-18,878,1509,877,1508,1,1,0,0,878,1509,0,0,878,1509,California
San Francisco,2020-12-19,601,2110,601,2109,0,1,0,0,601,2110,0,0,601,2110,California
San Francisco,2020-12-20,484,2594,484,2593,0,1,0,0,484,2594,0,0,484,2594,California
San Francisco,2020-12-21,1163,3757,1163,3756,0,1,0,0,1163,3757,0,0,1163,3757,California
San Francisco,2020-12-22,1400,5157,1366,5122,34,35,0,0,1400,5157,0,0,1400,5157,California
San Francisco,2020-12-23,1329,6486,1040,6162,289,324,0,0,1328,6485,0,0,1328,6485,California
San Francisco,2020-12-24,838,7324,502,6664,336,660,0,0,838,7323,0,0,838,7323,California
San Francisco,2020-12-25,33,7357,28,6692,5,665,0,0,33,7356,0,0,33,7356,California
San Francisco,2020-12-26,245,7602,151,6843,94,759,0,0,245,7601,0,0,245,7601,California
San Francisco,2020-12-27,273,7875,60,6903,213,972,0,0,273,7874,0,0,273,7874,California
San Francisco,2020-12-28,1269,9144,686,7589,583,1555,0,0,1269,9143,0,0,1269,9143,California
San Francisco,2020-12-29,1245,10389,622,8211,623,2178,0,0,1245,10388,0,0,1245,10388,California
San Francisco,2020-12-30,1481,11870,777,8988,704,2882,0,0,1481,11869,0,0,1481,11869,California
San Francisco,2020-12-31,962,12832,410,9398,552,3434,0,0,961,12830,0,0,961,12830,California
San Francisco,2021-01-01,67,12899,59,9457,8,3442,0,0,67,12897,0,0,67,12897,California
San Francisco,2021-01-02,333,13232,302,9759,31,3473,0,0,333,13230,0,0,333,13230,California
San Francisco,2021-01-03,293,13525,101,9860,192,3665,0,0,292,13521,1,1,292,13522,California
San Francisco,2021-01-04,1834,15359,1354,11214,480,4145,0,0,1831,15349,3,4,1831,15353,California
San Francisco,2021-01-05,2231,17590,1414,12628,817,4962,0,0,2196,17512,35,39,2198,17551,California
San Francisco,2021-01-06,1872,19462,1165,13793,707,5669,0,0,1607,18857,263,302,1608,19159,California
San Francisco,2021-01-07,2063,21525,1202,14995,861,6530,0,0,1608,20013,452,754,1608,20767,California
San Francisco,2021-01-08,2328,23853,1634,16629,694,7224,0,0,1490,20670,833,1587,1490,22257,California
San Francisco,2021-01-09,1387,25240,892,17521,495,7719,0,0,884,21053,503,2090,886,23143,California
San Francisco,2021-01-10,920,26160,542,18063,378,8097,0,0,460,21054,459,2549,460,23603,California
San Francisco,2021-01-11,2504,28664,1873,19936,631,8728,0,0,1403,21355,1102,3651,1403,25006,California
San Francisco,2021-01-12,3084,31748,2056,21992,1028,9756,0,0,1891,22054,1193,4844,1892,26898,California
San Francisco,2021-01-13,2813,34561,1598,23590,1215,10971,0,0,1986,23213,827,5671,1986,28884,California
San Francisco,2021-01-14,2428,36989,1093,24683,1335,12306,0,0,1869,24524,559,6230,1870,30754,California
San Francisco,2021-01-15,2737,39726,1144,25827,1593,13899,0,0,2346,26483,389,6619,2348,33102,California
San Francisco,2021-01-16,2245,41971,964,26791,1281,15180,0,0,2081,28400,164,6783,2081,35183,California
San Francisco,2021-01-17,1918,43889,532,27323,1386,16566,0,0,1703,29888,215,6998,1703,36886,California
San Francisco,2021-01-18,1374,45263,590,27913,784,17350,0,0,1110,30737,263,7261,1112,37998,California
San Francisco,2021-01-19,2567,47830,1471,29384,1096,18446,0,0,1824,31818,743,8004,1824,39822,California
San Francisco,2021-01-20,2699,50529,1083,30467,1616,20062,0,0,1953,33030,742,8746,1954,41776,California
San Francisco,2021-01-21,3288,53817,928,31395,2360,22422,0,0,2467,34678,819,9565,2467,44243,California
San Francisco,2021-01-22,3165,56982,630,32025,2535,24957,0,0,2724,36964,438,10003,2724,46967,California
San Francisco,2021-01-23,3089,60071,608,32633,2481,27438,0,0,2722,39321,366,10369,2723,49690,California
San Francisco,2021-01-24,2423,62494,359,32992,2064,29502,0,0,2196,41293,224,10593,2196,51886,California
San Francisco,2021-01-25,4563,67057,1772,34764,2791,32293,0,0,3023,42779,1538,12131,3024,54910,California
San Francisco,2021-01-26,4647,71704,2124,36888,2523,34816,0,0,3060,44257,1584,13715,3062,57972,California
San Francisco,2021-01-27,4420,76124,2080,38968,2340,37156,0,0,3072,45984,1345,15060,3072,61044,California
San Francisco,2021-01-28,3746,79870,1550,40518,2196,39352,0,0,2582,47407,1159,16219,2582,63626,California
San Francisco,2021-01-29,4710,84580,1677,42195,3033,42385,0,0,3441,49587,1261,17480,3441,67067,California
San Francisco,2021-01-30,3765,88345,1837,44032,1928,44313,0,0,3322,52470,442,17922,3325,70392,California
San Francisco,2021-01-31,2346,90691,820,44852,1526,45839,0,0,2196,54517,150,18072,2197,72589,California
San Francisco,2021-02-01,3772,94463,1513,46365,2259,48098,0,0,2875,56496,897,18969,2876,75465,California
San Francisco,2021-02-02,4640,99103,1958,48323,2682,50780,0,0,2875,57613,1758,20727,2875,78340,California
San Francisco,2021-02-03,5046,104149,2362,50685,2684,53464,0,0,3749,60070,1293,22020,3750,82090,California
San Francisco,2021-02-04,5015,109164,2432,53117,2583,56047,0,0,3853,62763,1160,23180,3853,85943,California
San Francisco,2021-02-05,5915,115079,3193,56310,2722,58769,0,0,4586,66023,1327,24507,4587,90530,California
San Francisco,2021-02-06,5458,120537,3643,59953,1815,60584,0,0,4559,69688,897,25404,4562,95092,California
San Francisco,2021-02-07,4321,124858,3173,63126,1148,61732,0,0,3747,72864,574,25978,3750,98842,California
San Francisco,2021-02-08,6682,131540,4601,67727,2081,63813,0,0,5477,77155,1188,27166,5479,104321,California
San Francisco,2021-02-09,5914,137454,3984,71711,1930,65743,0,0,4361,79967,1550,28716,4362,108683,California
San Francisco,2021-02-10,6829,144283,4167,75878,2662,68405,0,0,5066,83282,1754,30470,5069,113752,California
San Francisco,2021-02-11,6676,150959,3954,79832,2722,71127,0,0,4867,86345,1805,32275,4868,118620,California
San Francisco,2021-02-12,5299,156258,2660,82492,2639,73766,0,0,3474,87996,1823,34098,3474,122094,California
San Francisco,2021-02-13,4350,160608,2548,85040,1802,75568,0,0,3030,89706,1322,35420,3032,125126,California
San Francisco,2021-02-14,3411,164019,2236,87276,1175,76743,0,0,2291,90879,1119,36539,2292,127418,California
San Francisco,2021-02-15,2764,166783,1501,88777,1263,78006,0,0,1673,91463,1089,37628,1673,129091,California
San Francisco,2021-02-16,4972,171755,2720,91497,2252,80258,0,0,2955,92411,2013,39641,2961,132052,California
San Francisco,2021-02-17,5391,177146,2678,94175,2713,82971,0,0,2954,92939,2428,42069,2956,135008,California
San Francisco,2021-02-18,5364,182510,2624,96799,2740,85711,0,0,2808,93196,2554,44623,2811,137819,California
San Francisco,2021-02-19,5616,188126,2638,99437,2978,88689,0,0,2924,93436,2686,47309,2926,140745,California
San Francisco,2021-02-20,4508,192634,2169,101606,2339,91028,0,0,1700,92336,2801,50110,1701,142446,California
San Francisco,2021-02-21,2728,195362,1359,102965,1369,92397,0,0,1135,91883,1589,51699,1136,143582,California
San Francisco,2021-02-22,5081,200443,3164,106129,1917,94314,0,0,2552,91916,2522,54221,2555,146137,California
San Francisco,2021-02-23,5426,205869,3070,109199,2356,96670,0,0,2758,92010,2664,56885,2758,148895,California
San Francisco,2021-02-24,8945,214814,5063,114262,3882,100552,0,0,4772,92621,4162,61047,4773,153668,California
San Francisco,2021-02-25,9720,224534,6840,121102,2880,103432,0,0,6284,95465,3442,64489,6286,159954,California
San Francisco,2021-02-26,11876,236410,7715,128817,4161,107593,0,0,7040,97667,4839,69328,7041,166995,California
San Francisco,2021-02-27,8856,245266,5631,134448,3224,110817,1,1,4495,97812,4352,73680,4497,171492,California
San Francisco,2021-02-28,7691,252957,5519,139967,2172,112989,0,1,3833,97784,3862,77542,3834,175326,California
San Francisco,2021-03-01,10613,263570,7122,147089,3491,116480,0,1,5136,97460,5463,83005,5139,180465,California
San Francisco,2021-03-02,8790,272360,5605,152694,3185,119665,0,1,5101,98882,3680,86685,5102,185567,California
San Francisco,2021-03-03,10753,283113,6143,158837,4609,124274,1,2,5798,99730,4954,91639,5802,191369,California
San Francisco,2021-03-04,8575,291688,5398,164235,3177,127451,0,2,4839,100838,3731,95370,4839,196208,California
San Francisco,2021-03-05,8568,300256,5067,169302,3499,130950,2,4,5378,103040,3179,98549,5381,201589,California
San Francisco,2021-03-06,6828,307084,4399,173701,2222,133172,207,211,4189,104782,2652,101201,4394,205983,California
San Francisco,2021-03-07,5089,312173,3957,177658,1076,134248,56,267,2857,105451,2245,103446,2914,208897,California
San Francisco,2021-03-08,7079,319252,5132,182790,1765,136013,182,449,5548,109615,1567,105013,5731,214628,California
San Francisco,2021-03-09,6658,325910,3899,186689,2385,138398,374,823,4540,112413,2110,107123,4908,219536,California
San Francisco,2021-03-10,10292,336202,5851,192540,3948,142346,493,1316,6283,115229,3956,111079,6772,226308,California
San Francisco,2021-03-11,9926,346128,6317,198857,2661,145007,948,2264,6502,119281,3393,114472,7445,233753,California
San Francisco,2021-03-12,10630,356758,6211,205068,3122,148129,1297,3561,5916,121821,4671,119143,7211,240964,California
San Francisco,2021-03-13,6499,363257,3814,208882,1657,149786,1028,4589,4053,124462,2427,121570,5068,246032,California
San Francisco,2021-03-14,7467,370724,4838,213720,2395,152181,234,4823,4036,125312,3420,124990,4270,250302,California
San Francisco,2021-03-15,11891,382615,9062,222782,1897,154078,932,5755,8239,130839,3637,128627,9164,259466,California
San Francisco,2021-03-16,11983,394598,8154,230936,3374,157452,455,6210,8697,136740,3249,131876,9150,268616,California
San Francisco,2021-03-17,13128,407726,8112,239048,4476,161928,540,6750,9500,143203,3573,135449,10036,278652,California
San Francisco,2021-03-18,9868,417594,6719,245767,2543,164471,606,7356,5620,145205,4203,139652,6205,284857,California
San Francisco,2021-03-19,11958,429552,8694,254461,2800,167271,464,7820,6366,146484,5550,145202,6829,291686,California
San Francisco,2021-03-20,8604,438156,6392,260853,1808,169079,404,8224,5152,148624,3371,148573,5511,297197,California
San Francisco,2021-03-21,6435,444591,5886,266739,415,169494,134,8358,3682,149697,2743,151316,3816,301013,California
San Francisco,2021-03-22,9652,454243,6815,273554,1996,171490,841,9199,5084,151079,4542,155858,5924,306937,California
San Francisco,2021-03-23,11081,465324,7341,280895,3093,174583,647,9846,6710,154120,4313,160171,7354,314291,California
San Francisco,2021-03-24,12210,477534,9367,290262,2309,176892,534,10380,6349,155174,5827,165998,6881,321172,California
San Francisco,2021-03-25,11709,489243,8616,298878,2547,179439,546,10926,5899,155867,5748,171746,6441,327613,California
San Francisco,2021-03-26,11766,501009,8164,307042,3374,182813,228,11154,6098,156580,5608,177354,6321,333934,California
San Francisco,2021-03-27,8519,509528,5727,312769,2503,185316,289,11443,3891,156148,4552,181906,4120,338054,California
San Francisco,2021-03-28,6540,516068,5221,317990,1278,186594,41,11484,3153,155974,3366,185272,3192,341246,California
San Francisco,2021-03-29,11351,527419,7871,325861,3299,189893,181,11665,5159,155149,6161,191433,5336,346582,California
San Francisco,2021-03-30,11450,538869,7150,333011,4008,193901,292,11957,6868,157786,4513,195946,7150,353732,California
San Francisco,2021-03-31,12055,550924,7997,341008,3765,197666,293,12250,5690,157432,6323,202269,5969,359701,California
San Francisco,2021-04-01,13575,564499,7228,348236,4730,202396,1617,13867,5902,157332,7616,209885,7516,367217,California
San Francisco,2021-04-02,14501,579000,6404,354640,6305,208701,1792,15659,6881,158409,7595,217480,8672,375889,California
San Francisco,2021-04-03,10211,589211,4751,359391,3687,212388,1773,17432,4688,159361,5507,222987,6459,382348,California
San Francisco,2021-04-04,8850,598061,4663,364054,2579,214967,1608,19040,3486,159139,5314,228301,5092,387440,California
San Francisco,2021-04-05,15625,613686,9532,373586,4243,219210,1850,20890,6203,157839,9340,237641,8040,395480,California
San Francisco,2021-04-06,15905,629591,9380,382966,4421,223631,2104,22994,6260,156578,9621,247262,8360,403840,California
San Francisco,2021-04-07,16526,646117,9906,392872,4344,227975,2276,25270,6884,156149,9564,256826,9135,412975,California
San Francisco,2021-04-08,14077,660194,6690,399562,2965,230940,4422,29692,4671,155895,9312,266138,9058,422033,California
San Francisco,2021-04-09,11600,671794,4948,404510,4454,235394,2198,31890,5967,158578,5403,271541,8086,430119,California
San Francisco,2021-04-10,8394,680188,2700,407210,5115,240509,579,32469,5992,162793,2254,273795,6469,436588,California
San Francisco,2021-04-11,6122,686310,4695,411905,1282,241791,145,32614,4055,165838,1055,274850,4100,440688,California
San Francisco,2021-04-12,5234,691544,2619,414524,1884,243675,731,33345,0,165838,0,274850,0,440688,California
San Joaquin,2020-12-15,12,12,12,12,0,0,0,0,12,12,0,0,12,12,California
San Joaquin,2020-12-16,438,450,438,450,0,0,0,0,437,449,0,0,437,449,California
San Joaquin,2020-12-17,385,835,385,835,0,0,0,0,385,834,0,0,385,834,California
San Joaquin,2020-12-18,572,1407,546,1381,26,26,0,0,572,1406,0,0,572,1406,California
San Joaquin,2020-12-19,199,1606,199,1580,0,26,0,0,199,1605,0,0,199,1605,California
San Joaquin,2020-12-20,113,1719,112,1692,1,27,0,0,113,1718,0,0,113,1718,California
San Joaquin,2020-12-21,554,2273,550,2242,4,31,0,0,554,2272,0,0,554,2272,California
San Joaquin,2020-12-22,1055,3328,896,3138,159,190,0,0,1054,3326,0,0,1054,3326,California
San Joaquin,2020-12-23,1025,4353,958,4096,67,257,0,0,1023,4349,0,0,1023,4349,California
San Joaquin,2020-12-24,221,4574,193,4289,28,285,0,0,220,4569,0,0,220,4569,California
San Joaquin,2020-12-25,14,4588,14,4303,0,285,0,0,14,4583,0,0,14,4583,California
San Joaquin,2020-12-26,101,4689,29,4332,72,357,0,0,101,4684,0,0,101,4684,California
San Joaquin,2020-12-27,40,4729,29,4361,11,368,0,0,40,4724,0,0,40,4724,California
San Joaquin,2020-12-28,649,5378,443,4804,206,574,0,0,649,5373,0,0,649,5373,California
San Joaquin,2020-12-29,877,6255,740,5544,137,711,0,0,877,6250,0,0,877,6250,California
San Joaquin,2020-12-30,1054,7309,747,6291,307,1018,0,0,1053,7303,0,0,1053,7303,California
San Joaquin,2020-12-31,449,7758,200,6491,249,1267,0,0,450,7753,0,0,450,7753,California
San Joaquin,2021-01-01,17,7775,10,6501,7,1274,0,0,17,7770,0,0,17,7770,California
San Joaquin,2021-01-02,254,8029,233,6734,21,1295,0,0,253,8023,0,0,253,8023,California
San Joaquin,2021-01-03,37,8066,19,6753,18,1313,0,0,35,8057,1,1,35,8058,California
San Joaquin,2021-01-04,483,8549,341,7094,142,1455,0,0,480,8537,0,1,480,8538,California
San Joaquin,2021-01-05,1041,9590,710,7804,331,1786,0,0,820,9171,222,223,856,9394,California
San Joaquin,2021-01-06,1308,10898,788,8592,520,2306,0,0,941,9756,359,582,944,10338,California
San Joaquin,2021-01-07,1132,12030,723,9315,409,2715,0,0,808,10245,320,902,809,11147,California
San Joaquin,2021-01-08,1335,13365,944,10259,391,3106,0,0,802,10520,528,1430,803,11950,California
San Joaquin,2021-01-09,378,13743,301,10560,77,3183,0,0,248,10638,130,1560,248,12198,California
San Joaquin,2021-01-10,220,13963,114,10674,106,3289,0,0,168,10754,52,1612,168,12366,California
San Joaquin,2021-01-11,1582,15545,1377,12051,205,3494,0,0,902,11004,679,2291,929,13295,California
San Joaquin,2021-01-12,1508,17053,1072,13123,436,3930,0,0,710,10972,793,3084,761,14056,California
San Joaquin,2021-01-13,1533,18586,850,13973,683,4613,0,0,985,11432,529,3613,989,15045,California
San Joaquin,2021-01-14,1608,20194,905,14878,703,5316,0,0,1247,12356,329,3942,1253,16298,California
San Joaquin,2021-01-15,1597,21791,668,15546,929,6245,0,0,1355,13491,222,4164,1357,17655,California
San Joaquin,2021-01-16,1172,22963,191,15737,981,7226,0,0,1148,14615,24,4188,1148,18803,California
San Joaquin,2021-01-17,1651,24614,129,15866,1522,8748,0,0,1616,16199,34,4222,1618,20421,California
San Joaquin,2021-01-18,763,25377,234,16100,529,9277,0,0,645,16731,113,4335,645,21066,California
San Joaquin,2021-01-19,1899,27276,892,16992,1007,10284,0,0,1195,17231,700,5035,1200,22266,California
San Joaquin,2021-01-20,2149,29425,1319,18311,830,11114,0,0,1465,18021,680,5715,1470,23736,California
San Joaquin,2021-01-21,2049,31474,942,19253,1107,12221,0,0,1624,19233,417,6132,1629,25365,California
San Joaquin,2021-01-22,2032,33506,966,20219,1066,13287,0,0,1889,20986,139,6271,1892,27257,California
San Joaquin,2021-01-23,931,34437,401,20620,530,13817,0,0,654,21366,276,6547,656,27913,California
San Joaquin,2021-01-24,333,34770,131,20751,202,14019,0,0,314,21663,17,6564,314,28227,California
San Joaquin,2021-01-25,2040,36810,1174,21925,866,14885,0,0,1462,22554,575,7139,1466,29693,California
San Joaquin,2021-01-26,2219,39029,1164,23089,1055,15940,0,0,1577,23497,638,7777,1581,31274,California
San Joaquin,2021-01-27,1812,40841,823,23912,989,16929,0,0,1298,24291,510,8287,1304,32578,California
San Joaquin,2021-01-28,2146,42987,858,24770,1288,18217,0,0,1459,25068,685,8972,1462,34040,California
San Joaquin,2021-01-29,2255,45242,1138,25908,1117,19334,0,0,1883,26591,367,9339,1890,35930,California
San Joaquin,2021-01-30,2398,47640,344,26252,2054,21388,0,0,2207,28629,171,9510,2209,38139,California
San Joaquin,2021-01-31,1570,49210,176,26428,1394,22782,0,0,1501,30077,54,9564,1502,39641,California
San Joaquin,2021-02-01,2617,51827,1412,27840,1205,23987,0,0,1849,31161,767,10331,1851,41492,California
San Joaquin,2021-02-02,2687,54514,1239,29079,1448,25435,0,0,2054,32646,573,10904,2058,43550,California
San Joaquin,2021-02-03,3177,57691,1308,30387,1869,27304,0,0,2288,34053,885,11789,2292,45842,California
San Joaquin,2021-02-04,3541,61232,1806,32193,1735,29039,0,0,2731,35978,808,12597,2733,48575,California
San Joaquin,2021-02-05,3358,64590,1959,34152,1399,30438,0,0,2491,37608,864,13461,2494,51069,California
San Joaquin,2021-02-06,1138,65728,791,34943,347,30785,0,0,965,38404,171,13632,967,52036,California
San Joaquin,2021-02-07,608,66336,483,35426,125,30910,0,0,412,38627,189,13821,412,52448,California
San Joaquin,2021-02-08,1821,68157,1060,36486,761,31671,0,0,1495,39818,308,14129,1499,53947,California
San Joaquin,2021-02-09,2137,70294,1172,37658,965,32636,0,0,1630,40996,453,14582,1631,55578,California
San Joaquin,2021-02-10,2673,72967,1301,38959,1372,34008,0,0,1385,41137,1244,15826,1385,56963,California
San Joaquin,2021-02-11,2944,75911,1559,40518,1385,35393,0,0,1791,41795,1138,16964,1796,58759,California
San Joaquin,2021-02-12,2850,78761,1196,41714,1654,37047,0,0,1688,42328,1159,18123,1692,60451,California
San Joaquin,2021-02-13,2125,80886,399,42113,1726,38773,0,0,849,41919,1264,19387,855,61306,California
San Joaquin,2021-02-14,1891,82777,258,42371,1633,40406,0,0,682,41409,1193,20580,683,61989,California
San Joaquin,2021-02-15,1970,84747,828,43199,1142,41548,0,0,1198,41862,749,21329,1202,63191,California
San Joaquin,2021-02-16,3190,87937,1454,44653,1736,43284,0,0,1738,42165,1441,22770,1744,64935,California
San Joaquin,2021-02-17,3403,91340,1366,46019,2037,45321,0,0,1938,42656,1451,24221,1942,66877,California
San Joaquin,2021-02-18,3516,94856,1494,47513,2022,47343,0,0,2012,43194,1481,25702,2019,68896,California
San Joaquin,2021-02-19,4695,99551,2778,50291,1917,49260,0,0,2818,44173,1840,27542,2819,71715,California
San Joaquin,2021-02-20,1663,101214,643,50934,1020,50280,0,0,1155,44822,506,28048,1155,72870,California
San Joaquin,2021-02-21,626,101840,470,51404,156,50436,0,0,401,44999,225,28273,402,73272,California
San Joaquin,2021-02-22,4123,105963,3049,54453,1074,51510,0,0,3077,47064,1017,29290,3082,76354,California
San Joaquin,2021-02-23,4883,110846,3277,57730,1606,53116,0,0,3282,48773,1579,30869,3288,79642,California
San Joaquin,2021-02-24,6699,117545,4290,62020,2409,55525,0,0,5012,52122,1667,32536,5016,84658,California
San Joaquin,2021-02-25,7159,124704,4776,66796,2383,57908,0,0,4877,54756,2253,34789,4887,89545,California
San Joaquin,2021-02-26,6006,130710,3370,70166,2636,60544,0,0,4242,57272,1734,36523,4250,93795,California
San Joaquin,2021-02-27,5594,136304,1608,71774,3986,64530,0,0,2642,57013,2916,39439,2657,96452,California
San Joaquin,2021-02-28,3023,139327,1083,72857,1940,66470,0,0,1997,57995,1018,40457,2000,98452,California
San Joaquin,2021-03-01,4127,143454,1809,74666,2318,68788,0,0,2322,58535,1791,42248,2331,100783,California
San Joaquin,2021-03-02,4194,147648,1681,76347,2513,71301,0,0,2607,59635,1567,43815,2667,103450,California
San Joaquin,2021-03-03,6231,153879,3925,80272,2304,73605,2,2,4596,62615,1616,45431,4596,108046,California
San Joaquin,2021-03-04,5296,159175,2466,82738,2829,76434,1,3,3217,63854,1986,47417,3225,111271,California
San Joaquin,2021-03-05,4503,163678,1957,84695,2544,78978,2,5,3071,65511,1419,48836,3076,114347,California
San Joaquin,2021-03-06,3584,167262,2459,87154,996,79974,129,134,2995,68052,586,49422,3127,117474,California
San Joaquin,2021-03-07,1219,168481,548,87702,628,80602,43,177,946,68770,257,49679,975,118449,California
San Joaquin,2021-03-08,3129,171610,1247,88949,1761,82363,121,298,2114,69997,1007,50686,2234,120683,California
San Joaquin,2021-03-09,4131,175741,1864,90813,2140,84503,127,425,2724,71455,1394,52080,2852,123535,California
San Joaquin,2021-03-10,4922,180663,2668,93481,2116,86619,138,563,3651,73986,1258,53338,3789,127324,California
San Joaquin,2021-03-11,5052,185715,2427,95908,2035,88654,590,1153,2944,75422,2102,55440,3538,130862,California
San Joaquin,2021-03-12,6653,192368,3533,99441,2798,91452,322,1475,4234,77572,2407,57847,4557,135419,California
San Joaquin,2021-03-13,3142,195510,1570,101011,1448,92900,124,1599,2394,79358,737,58584,2523,137942,California
San Joaquin,2021-03-14,2144,197654,667,101678,1177,94077,300,1899,1041,79603,1100,59684,1345,139287,California
San Joaquin,2021-03-15,6642,204296,4090,105768,2156,96233,396,2295,3315,80023,3306,62990,3726,143013,California
San Joaquin,2021-03-16,7686,211982,4727,110495,2711,98944,248,2543,4308,81228,3361,66351,4566,147579,California
San Joaquin,2021-03-17,8890,220872,5813,116308,3003,101947,74,2617,4702,81845,4170,70521,4787,152366,California
San Joaquin,2021-03-18,8545,229417,5413,121721,2626,104573,506,3123,3898,81640,4613,75134,4408,156774,California
San Joaquin,2021-03-19,8490,237907,5106,126827,2844,107417,540,3663,4882,83529,3579,78713,5468,162242,California
San Joaquin,2021-03-20,3782,241689,2110,128937,1432,108849,240,3903,1875,83764,1892,80605,2127,164369,California
San Joaquin,2021-03-21,2315,244004,1681,130618,428,109277,206,4109,1412,84530,896,81501,1662,166031,California
San Joaquin,2021-03-22,4301,248305,2350,132968,1537,110814,414,4523,2694,86049,1596,83097,3115,169146,California
San Joaquin,2021-03-23,5593,253898,2866,135834,2562,113376,165,4688,3967,88570,1614,84711,4135,173281,California
San Joaquin,2021-03-24,7424,261322,4784,140618,2554,115930,86,4774,3232,87722,4174,88885,3326,176607,California
San Joaquin,2021-03-25,5830,267152,3551,144169,2240,118170,39,4813,3584,89127,2222,91107,3627,180234,California
San Joaquin,2021-03-26,6313,273465,2639,146808,3528,121698,146,4959,3357,89725,2926,94033,3524,183758,California
San Joaquin,2021-03-27,5074,278539,2903,149711,2130,123828,41,5000,2070,88862,2987,97020,2124,185882,California
San Joaquin,2021-03-28,3002,281541,2087,151798,890,124718,25,5025,1596,89193,1377,98397,1708,187590,California
San Joaquin,2021-03-29,4140,285681,2297,154095,1821,126539,22,5047,2178,89472,1948,100345,2227,189817,California
San Joaquin,2021-03-30,6389,292070,3388,157483,2966,129505,35,5082,3753,90666,2620,102965,3814,193631,California
San Joaquin,2021-03-31,6821,298891,4349,161832,2415,131920,57,5139,3549,91062,3237,106202,3633,197264,California
San Joaquin,2021-04-01,6611,305502,3222,165054,3314,135234,75,5214,3682,91989,2895,109097,3822,201086,California
San Joaquin,2021-04-02,6212,311714,2757,167811,2970,138204,485,5699,2483,91465,3526,112623,3002,204088,California
San Joaquin,2021-04-03,4063,315777,2273,170084,1483,139687,307,6006,1846,91498,2131,114754,2164,206252,California
San Joaquin,2021-04-04,1748,317525,847,170931,717,140404,184,6190,1024,92044,664,115418,1210,207462,California
San Joaquin,2021-04-05,4084,321609,2490,173421,1455,141859,139,6329,2189,92649,1737,117155,2342,209804,California
San Joaquin,2021-04-06,7107,328716,4636,178057,2236,144095,235,6564,3345,92664,3577,120732,3592,213396,California
San Joaquin,2021-04-07,7870,336586,4203,182260,2278,146373,1389,7953,3046,92891,4226,124958,4453,217849,California
San Joaquin,2021-04-08,7576,344162,3701,185961,1915,148288,1960,9913,2562,93146,4274,129232,4529,222378,California
San Joaquin,2021-04-09,6331,350493,1973,187934,3040,151328,1318,11231,2366,93433,3396,132628,3683,226061,California
San Joaquin,2021-04-10,4863,355356,1448,189382,1809,153137,1606,12837,1579,93579,3039,135667,3185,229246,California
San Joaquin,2021-04-11,3977,359333,1549,190931,1493,154630,935,13772,1252,93736,1997,137664,2154,231400,California
San Joaquin,2021-04-12,3198,362531,822,191753,1358,155988,1018,14790,0,93736,0,137664,0,231400,California
San Luis Obispo,2020-12-16,4,4,4,4,0,0,0,0,4,4,0,0,4,4,California
San Luis Obispo,2020-12-17,196,200,196,200,0,0,0,0,196,200,0,0,196,200,California
San Luis Obispo,2020-12-18,224,424,224,424,0,0,0,0,224,424,0,0,224,424,California
San Luis Obispo,2020-12-19,162,586,162,586,0,0,0,0,162,586,0,0,162,586,California
San Luis Obispo,2020-12-20,215,801,215,801,0,0,0,0,215,801,0,0,215,801,California
San Luis Obispo,2020-12-21,550,1351,550,1351,0,0,0,0,550,1351,0,0,550,1351,California
San Luis Obispo,2020-12-22,307,1658,303,1654,4,4,0,0,307,1658,0,0,307,1658,California
San Luis Obispo,2020-12-23,681,2339,368,2022,313,317,0,0,681,2339,0,0,681,2339,California
San Luis Obispo,2020-12-24,195,2534,19,2041,176,493,0,0,195,2534,0,0,195,2534,California
San Luis Obispo,2020-12-25,2,2536,1,2042,1,494,0,0,2,2536,0,0,2,2536,California
San Luis Obispo,2020-12-26,90,2626,12,2054,78,572,0,0,90,2626,0,0,90,2626,California
San Luis Obispo,2020-12-27,76,2702,0,2054,76,648,0,0,76,2702,0,0,76,2702,California
San Luis Obispo,2020-12-28,879,3581,430,2484,449,1097,0,0,879,3581,0,0,879,3581,California
San Luis Obispo,2020-12-29,903,4484,502,2986,401,1498,0,0,903,4484,0,0,903,4484,California
San Luis Obispo,2020-12-30,1174,5658,681,3667,493,1991,0,0,1174,5658,0,0,1174,5658,California
San Luis Obispo,2020-12-31,106,5764,4,3671,102,2093,0,0,106,5764,0,0,106,5764,California
San Luis Obispo,2021-01-01,12,5776,8,3679,4,2097,0,0,11,5775,0,0,11,5775,California
San Luis Obispo,2021-01-02,33,5809,8,3687,25,2122,0,0,33,5808,0,0,33,5808,California
San Luis Obispo,2021-01-03,16,5825,6,3693,10,2132,0,0,16,5824,0,0,16,5824,California
San Luis Obispo,2021-01-04,676,6501,524,4217,152,2284,0,0,676,6500,0,0,676,6500,California
San Luis Obispo,2021-01-05,976,7477,758,4975,218,2502,0,0,974,7472,2,2,974,7474,California
San Luis Obispo,2021-01-06,727,8204,482,5457,245,2747,0,0,719,8184,7,9,719,8193,California
San Luis Obispo,2021-01-07,1128,9332,950,6407,178,2925,0,0,686,8428,442,451,686,8879,California
San Luis Obispo,2021-01-08,881,10213,805,7212,76,3001,0,0,512,8572,368,819,512,9391,California
San Luis Obispo,2021-01-09,205,10418,196,7408,9,3010,0,0,28,8423,177,996,28,9419,California
San Luis Obispo,2021-01-10,12,10430,8,7416,4,3014,0,0,8,8427,4,1000,8,9427,California
San Luis Obispo,2021-01-11,524,10954,474,7890,50,3064,0,0,263,8430,260,1260,263,9690,California
San Luis Obispo,2021-01-12,598,11552,380,8270,218,3282,0,0,320,8472,278,1538,320,10010,California
San Luis Obispo,2021-01-13,880,12432,253,8523,627,3909,0,0,642,8878,236,1774,642,10652,California
San Luis Obispo,2021-01-14,729,13161,243,8766,486,4395,0,0,604,9370,112,1886,604,11256,California
San Luis Obispo,2021-01-15,730,13891,288,9054,442,4837,0,0,554,9753,171,2057,554,11810,California
San Luis Obispo,2021-01-16,99,13990,81,9135,18,4855,0,0,94,9842,5,2062,94,11904,California
San Luis Obispo,2021-01-17,66,14056,60,9195,6,4861,0,0,66,9908,0,2062,66,11970,California
San Luis Obispo,2021-01-18,1372,15428,389,9584,983,5844,0,0,1110,10756,262,2324,1110,13080,California
San Luis Obispo,2021-01-19,1584,17012,418,10002,1166,7010,0,0,1177,11526,407,2731,1177,14257,California
San Luis Obispo,2021-01-20,1880,18892,595,10597,1285,8295,0,0,1290,12229,588,3319,1291,15548,California
San Luis Obispo,2021-01-21,1571,20463,466,11063,1105,9400,0,0,1197,13057,370,3689,1198,16746,California
San Luis Obispo,2021-01-22,1520,21983,508,11571,1012,10412,0,0,1205,13949,313,4002,1205,17951,California
San Luis Obispo,2021-01-23,310,22293,292,11863,18,10430,0,0,294,14227,16,4018,294,18245,California
San Luis Obispo,2021-01-24,243,22536,236,12099,7,10437,0,0,237,14458,6,4024,237,18482,California
San Luis Obispo,2021-01-25,2072,24608,607,12706,1465,11902,0,0,1245,14876,827,4851,1245,19727,California
San Luis Obispo,2021-01-26,2004,26612,703,13409,1301,13203,0,0,1137,15147,866,5717,1137,20864,California
San Luis Obispo,2021-01-27,1611,28223,282,13691,1329,14532,0,0,1150,15835,462,6179,1150,22014,California
San Luis Obispo,2021-01-28,1477,29700,334,14025,1143,15675,0,0,1216,16791,260,6439,1216,23230,California
San Luis Obispo,2021-01-29,1730,31430,677,14702,1053,16728,0,0,1446,17953,284,6723,1446,24676,California
San Luis Obispo,2021-01-30,37,31467,18,14720,19,16747,0,0,26,17969,10,6733,26,24702,California
San Luis Obispo,2021-01-31,26,31493,20,14740,6,16753,0,0,23,17989,3,6736,23,24725,California
San Luis Obispo,2021-02-01,1663,33156,702,15442,961,17714,0,0,1393,19114,268,7004,1393,26118,California
San Luis Obispo,2021-02-02,1893,35049,675,16117,1218,18932,0,0,1519,20259,374,7378,1519,27637,California
San Luis Obispo,2021-02-03,1700,36749,727,16844,973,19905,0,0,1288,21135,412,7790,1288,28925,California
San Luis Obispo,2021-02-04,1654,38403,799,17643,855,20760,0,0,1088,21657,566,8356,1088,30013,California
San Luis Obispo,2021-02-05,1601,40004,718,18361,883,21643,0,0,1053,22167,544,8900,1054,31067,California
San Luis Obispo,2021-02-06,160,40164,93,18454,67,21710,0,0,94,22195,66,8966,94,31161,California
San Luis Obispo,2021-02-07,143,40307,98,18552,45,21755,0,0,73,22199,70,9036,74,31235,California
San Luis Obispo,2021-02-08,853,41160,469,19021,384,22139,0,0,496,22338,357,9393,496,31731,California
San Luis Obispo,2021-02-09,1124,42284,448,19469,676,22815,0,0,541,22310,576,9969,548,32279,California
San Luis Obispo,2021-02-10,1422,43706,484,19953,938,23753,0,0,520,21933,900,10869,523,32802,California
San Luis Obispo,2021-02-11,1329,45035,843,20796,486,24239,0,0,655,21917,671,11540,655,33457,California
San Luis Obispo,2021-02-12,777,45812,362,21158,415,24654,0,0,413,21965,365,11905,413,33870,California
San Luis Obispo,2021-02-13,386,46198,124,21282,262,24916,0,0,280,22140,105,12010,280,34150,California
San Luis Obispo,2021-02-14,316,46514,42,21324,274,25190,0,0,279,22383,37,12047,280,34430,California
San Luis Obispo,2021-02-15,710,47224,137,21461,573,25763,0,0,458,22592,249,12296,458,34888,California
San Luis Obispo,2021-02-16,2960,50184,1193,22654,1767,27530,0,0,1359,22355,1596,13892,1359,36247,California
San Luis Obispo,2021-02-17,2771,52955,1237,23891,1534,29064,0,0,1028,21648,1735,15627,1028,37275,California
San Luis Obispo,2021-02-18,2809,55764,1445,25336,1364,30428,0,0,1121,21089,1681,17308,1122,38397,California
San Luis Obispo,2021-02-19,1451,57215,1332,26668,119,30547,0,0,1129,21898,320,17628,1129,39526,California
San Luis Obispo,2021-02-20,245,57460,77,26745,168,30715,0,0,212,22075,35,17663,212,39738,California
San Luis Obispo,2021-02-21,47,57507,44,26789,3,30718,0,0,29,22085,19,17682,29,39767,California
San Luis Obispo,2021-02-22,2402,59909,1858,28647,544,31262,0,0,1461,22606,941,18623,1462,41229,California
San Luis Obispo,2021-02-23,1854,61763,1740,30387,114,31376,0,0,1366,23485,487,19110,1366,42595,California
San Luis Obispo,2021-02-24,2641,64404,1297,31684,1344,32720,0,0,834,22514,1805,20915,834,43429,California
San Luis Obispo,2021-02-25,2118,66522,1235,32919,883,33603,0,0,1202,22806,911,21826,1203,44632,California
San Luis Obispo,2021-02-26,2612,69134,1133,34052,1479,35082,0,0,1307,22813,1300,23126,1307,45939,California
San Luis Obispo,2021-02-27,566,69700,343,34395,223,35305,0,0,520,23286,47,23173,520,46459,California
San Luis Obispo,2021-02-28,195,69895,72,34467,123,35428,0,0,164,23421,29,23202,164,46623,California
San Luis Obispo,2021-03-01,2950,72845,1837,36304,1112,36540,1,1,2034,24540,917,24119,2036,48659,California
San Luis Obispo,2021-03-02,2942,75787,1854,38158,1088,37628,0,1,1827,25254,1114,25233,1828,50487,California
San Luis Obispo,2021-03-03,2237,78024,324,38482,1913,39541,0,1,796,24617,1436,26669,799,51286,California
San Luis Obispo,2021-03-04,2156,80180,1138,39620,1018,40559,0,1,1161,24785,995,27664,1163,52449,California
San Luis Obispo,2021-03-05,2285,82465,1012,40632,1203,41762,70,71,1283,25149,989,28653,1353,53802,California
San Luis Obispo,2021-03-06,806,83271,296,40928,415,42177,95,166,600,25632,206,28859,689,54491,California
San Luis Obispo,2021-03-07,198,83469,31,40959,83,42260,84,250,69,25658,128,28987,154,54645,California
San Luis Obispo,2021-03-08,2720,86189,751,41710,1655,43915,314,564,1538,26329,1181,30168,1852,56497,California
San Luis Obispo,2021-03-09,2906,89095,952,42662,1718,45633,236,800,1506,26675,1397,31565,1743,58240,California
San Luis Obispo,2021-03-10,3162,92257,1240,43902,1652,47285,270,1070,1796,27383,1357,32922,2065,60305,California
San Luis Obispo,2021-03-11,3041,95298,1264,45166,1477,48762,300,1370,1665,27976,1372,34294,1965,62270,California
San Luis Obispo,2021-03-12,3100,98398,1277,46443,1480,50242,343,1713,1501,28246,1577,35871,1847,64117,California
San Luis Obispo,2021-03-13,751,99149,254,46697,389,50631,108,1821,421,28444,330,36201,528,64645,California
San Luis Obispo,2021-03-14,510,99659,54,46751,345,50976,111,1932,137,28319,373,36574,248,64893,California
San Luis Obispo,2021-03-15,3047,102706,1098,47849,1852,52828,97,2029,1528,28430,1514,38088,1625,66518,California
San Luis Obispo,2021-03-16,2818,105524,1500,49349,1219,54047,99,2128,1437,28590,1375,39463,1535,68053,California
San Luis Obispo,2021-03-17,3393,108917,1450,50799,1683,55730,260,2388,1955,29372,1433,40896,2215,70268,California
San Luis Obispo,2021-03-18,2694,111611,1438,52237,1062,56792,194,2582,1249,29372,1443,42339,1443,71711,California
San Luis Obispo,2021-03-19,2559,114170,1563,53800,674,57466,322,2904,939,29020,1615,43954,1263,72974,California
San Luis Obispo,2021-03-20,825,114995,494,54294,295,57761,36,2940,378,28988,446,44400,414,73388,California
San Luis Obispo,2021-03-21,180,115175,42,54336,135,57896,3,2943,152,29115,28,44428,155,73543,California
San Luis Obispo,2021-03-22,2675,117850,1170,55506,1458,59354,47,2990,1861,30212,811,45239,1908,75451,California
San Luis Obispo,2021-03-23,3355,121205,2213,57719,1124,60478,18,3008,2263,31405,1088,46327,2281,77732,California
San Luis Obispo,2021-03-24,3397,124602,2082,59801,1245,61723,70,3078,2557,33196,836,47163,2627,80359,California
San Luis Obispo,2021-03-25,3574,128176,2279,62080,1284,63007,11,3089,2566,34766,1007,48170,2577,82936,California
San Luis Obispo,2021-03-26,3108,131284,1754,63834,932,63939,422,3511,1734,35551,1370,49540,2155,85091,California
San Luis Obispo,2021-03-27,984,132268,503,64337,385,64324,96,3607,454,35572,529,50069,550,85641,California
San Luis Obispo,2021-03-28,442,132710,152,64489,234,64558,56,3663,244,35674,198,50267,300,85941,California
San Luis Obispo,2021-03-29,2575,135285,1273,65762,1168,65726,134,3797,1657,36557,908,51175,1791,87732,California
San Luis Obispo,2021-03-30,3494,138779,1907,67669,1444,67170,143,3940,2349,37906,1141,52316,2490,90222,California
San Luis Obispo,2021-03-31,3804,142583,2444,70113,1215,68385,145,4085,2462,39181,1330,53646,2605,92827,California
San Luis Obispo,2021-04-01,3777,146360,2412,72525,1281,69666,84,4169,2681,40857,1088,54734,2764,95591,California
San Luis Obispo,2021-04-02,1697,148057,678,73203,717,70383,302,4471,915,41292,782,55516,1217,96808,California
San Luis Obispo,2021-04-03,1077,149134,551,73754,408,70791,118,4589,475,41289,596,56112,593,97401,California
San Luis Obispo,2021-04-04,377,149511,130,73884,208,70999,39,4628,231,41413,146,56258,270,97671,California
San Luis Obispo,2021-04-05,3566,153077,1945,75829,1520,72519,101,4729,2048,42044,1517,57775,2148,99819,California
San Luis Obispo,2021-04-06,3981,157058,2148,77977,1544,74063,289,5018,1954,42270,2018,59793,2244,102063,California
San Luis Obispo,2021-04-07,4073,161131,2213,80190,1588,75651,272,5290,2379,43250,1669,61462,2649,104712,California
San Luis Obispo,2021-04-08,3775,164906,2064,82254,1347,76998,364,5654,2019,43933,1700,63162,2383,107095,California
San Luis Obispo,2021-04-09,2688,167594,1357,83611,920,77918,411,6065,542,44072,656,63818,795,107890,California
San Luis Obispo,2021-04-10,1335,168929,515,84126,294,78212,526,6591,429,44122,899,64717,949,108839,California
San Luis Obispo,2021-04-11,304,169233,90,84216,175,78387,39,6630,13,44126,29,64746,33,108872,California
San Luis Obispo,2021-04-12,546,169779,64,84280,415,78802,67,6697,0,44126,0,64746,0,108872,California
San Mateo,2020-12-15,25,25,25,25,0,0,0,0,25,25,0,0,25,25,California
San Mateo,2020-12-16,108,133,108,133,0,0,0,0,108,133,0,0,108,133,California
San Mateo,2020-12-17,162,295,162,295,0,0,0,0,161,294,0,0,161,294,California
San Mateo,2020-12-18,741,1036,739,1034,2,2,0,0,740,1033,1,1,740,1034,California
San Mateo,2020-12-19,508,1544,508,1542,0,2,0,0,508,1541,0,1,508,1542,California
San Mateo,2020-12-20,508,2052,507,2049,1,3,0,0,508,2049,0,1,508,2050,California
San Mateo,2020-12-21,1151,3203,1151,3200,0,3,0,0,1151,3200,0,1,1151,3201,California
San Mateo,2020-12-22,1513,4716,1506,4706,7,10,0,0,1513,4713,0,1,1513,4714,California
San Mateo,2020-12-23,1573,6289,1387,6093,186,196,0,0,1573,6286,0,1,1573,6287,California
San Mateo,2020-12-24,867,7156,610,6703,257,453,0,0,867,7153,0,1,867,7154,California
San Mateo,2020-12-25,114,7270,110,6813,4,457,0,0,114,7267,0,1,114,7268,California
San Mateo,2020-12-26,560,7830,417,7230,143,600,0,0,560,7827,0,1,560,7828,California
San Mateo,2020-12-27,305,8135,175,7405,130,730,0,0,305,8132,0,1,305,8133,California
San Mateo,2020-12-28,1048,9183,702,8107,346,1076,0,0,1048,9180,0,1,1048,9181,California
San Mateo,2020-12-29,1125,10308,704,8811,421,1497,0,0,1125,10305,0,1,1125,10306,California
San Mateo,2020-12-30,1265,11573,763,9574,502,1999,0,0,1264,11569,0,1,1264,11570,California
San Mateo,2020-12-31,718,12291,233,9807,485,2484,0,0,717,12285,1,2,717,12287,California
San Mateo,2021-01-01,35,12326,30,9837,5,2489,0,0,35,12320,0,2,35,12322,California
San Mateo,2021-01-02,397,12723,268,10105,129,2618,0,0,397,12717,0,2,397,12719,California
San Mateo,2021-01-03,283,13006,208,10313,75,2693,0,0,280,12994,3,5,280,12999,California
San Mateo,2021-01-04,1054,14060,681,10994,373,3066,0,0,1054,14048,0,5,1054,14053,California
San Mateo,2021-01-05,1194,15254,703,11697,491,3557,0,0,1166,15187,28,33,1167,15220,California
San Mateo,2021-01-06,1443,16697,947,12644,496,4053,0,0,1265,16278,175,208,1266,16486,California
San Mateo,2021-01-07,1449,18146,805,13449,644,4697,0,0,1162,17162,279,487,1163,17649,California
San Mateo,2021-01-08,1834,19980,1188,14637,646,5343,0,0,1136,17608,691,1178,1137,18786,California
San Mateo,2021-01-09,1174,21154,773,15410,401,5744,0,0,720,17874,454,1632,720,19506,California
San Mateo,2021-01-10,697,21851,569,15979,128,5872,0,0,262,17701,435,2067,262,19768,California
San Mateo,2021-01-11,2580,24431,1477,17456,1103,6975,0,0,1522,18165,1059,3126,1523,21291,California
San Mateo,2021-01-12,3276,27707,1771,19227,1505,8480,0,0,2095,19083,1179,4305,2097,23388,California
San Mateo,2021-01-13,3466,31173,1748,20975,1718,10198,0,0,2433,20487,1032,5337,2436,25824,California
San Mateo,2021-01-14,3773,34946,1580,22555,2193,12391,0,0,3087,22895,685,6022,3093,28917,California
San Mateo,2021-01-15,4327,39273,1709,24264,2618,15009,0,0,3799,26170,525,6547,3800,32717,California
San Mateo,2021-01-16,3072,42345,774,25038,2298,17307,0,0,2752,28603,319,6866,2752,35469,California
San Mateo,2021-01-17,1309,43654,309,25347,1000,18307,0,0,1101,29496,208,7074,1101,36570,California
San Mateo,2021-01-18,1361,45015,530,25877,831,19138,0,0,988,30118,370,7444,992,37562,California
San Mateo,2021-01-19,2796,47811,1781,27658,1015,20153,0,0,2007,31338,787,8231,2007,39569,California
San Mateo,2021-01-20,2654,50465,1403,29061,1251,21404,0,0,1807,32302,844,9075,1808,41377,California
San Mateo,2021-01-21,2820,53285,1280,30341,1540,22944,0,0,2239,33964,580,9655,2242,43619,California
San Mateo,2021-01-22,2794,56079,1130,31471,1664,24608,0,0,2495,36163,297,9952,2496,46115,California
San Mateo,2021-01-23,2879,58958,1686,33157,1193,25801,0,0,2518,38321,361,10313,2519,48634,California
San Mateo,2021-01-24,1522,60480,375,33532,1147,26948,0,0,1212,39224,309,10622,1212,49846,California
San Mateo,2021-01-25,4425,64905,3146,36678,1279,28227,0,0,3533,41869,890,11512,3535,53381,California
San Mateo,2021-01-26,4284,69189,2979,39657,1305,29532,0,0,3385,44356,898,12410,3385,56766,California
San Mateo,2021-01-27,2773,71962,1457,41114,1316,30848,0,0,1783,45156,984,13394,1784,58550,California
San Mateo,2021-01-28,2779,74741,1341,42455,1438,32286,0,0,1936,46263,829,14223,1936,60486,California
San Mateo,2021-01-29,2967,77708,1327,43782,1640,33926,0,0,2138,47578,826,15049,2141,62627,California
San Mateo,2021-01-30,3368,81076,1470,45252,1898,35824,0,0,2914,50038,455,15504,2915,65542,California
San Mateo,2021-01-31,1684,82760,898,46150,786,36610,0,0,1522,51400,160,15664,1522,67064,California
San Mateo,2021-02-01,2917,85677,1339,47489,1578,38188,0,0,2209,52907,703,16367,2210,69274,California
San Mateo,2021-02-02,3156,88833,1723,49212,1433,39621,0,0,2149,54050,1006,17373,2149,71423,California
San Mateo,2021-02-03,4870,93703,1941,51153,2929,42550,0,0,3821,56827,1045,18418,3822,75245,California
San Mateo,2021-02-04,6271,99974,2580,53733,3691,46241,0,0,4918,60402,1346,19764,4921,80166,California
San Mateo,2021-02-05,6778,106752,2549,56282,4229,50470,0,0,4953,63548,1808,21572,4954,85120,California
San Mateo,2021-02-06,3281,110033,1919,58201,1362,51832,0,0,2619,65511,661,22233,2624,87744,California
San Mateo,2021-02-07,1894,111927,1341,59542,553,52385,0,0,1708,67033,187,22420,1709,89453,California
San Mateo,2021-02-08,5271,117198,2241,61783,3030,55415,0,0,3101,68026,2108,24528,3101,92554,California
San Mateo,2021-02-09,6164,123362,3215,64998,2949,58364,0,0,3331,68529,2828,27356,3331,95885,California
San Mateo,2021-02-10,6485,129847,3271,68269,3214,61578,0,0,3536,69125,2940,30296,3536,99421,California
San Mateo,2021-02-11,7017,136864,3563,71832,3454,65032,0,0,3807,69733,3202,33498,3810,103231,California
San Mateo,2021-02-12,6610,143474,2949,74781,3661,68693,0,0,4702,72537,1901,35399,4705,107936,California
San Mateo,2021-02-13,6077,149551,3987,78768,2090,70783,0,0,2636,71735,3438,38837,2636,110572,California
San Mateo,2021-02-14,4628,154179,3015,81783,1613,72396,0,0,1977,71065,2648,41485,1978,112550,California
San Mateo,2021-02-15,3156,157335,1454,83237,1702,74098,0,0,1786,71484,1369,42854,1788,114338,California
San Mateo,2021-02-16,7136,164471,1865,85102,5271,79369,0,0,5275,74900,1863,44717,5279,119617,California
San Mateo,2021-02-17,7045,171516,1929,87031,5116,84485,0,0,5061,77984,1979,46696,5063,124680,California
San Mateo,2021-02-18,6670,178186,4618,91649,2052,86537,0,0,4436,80191,2231,48927,4438,129118,California
San Mateo,2021-02-19,7805,185991,5603,97252,2202,88739,0,0,5822,84035,1979,50906,5823,134941,California
San Mateo,2021-02-20,3728,189719,2411,99663,1317,90056,0,0,2308,84930,1413,52319,2308,137249,California
San Mateo,2021-02-21,2291,192010,1451,101114,840,90896,0,0,1246,85137,1040,53359,1247,138496,California
San Mateo,2021-02-22,4407,196417,3185,104299,1222,92118,0,0,2782,86301,1619,54978,2783,141279,California
San Mateo,2021-02-23,4281,200698,3042,107341,1239,93357,0,0,2482,86992,1791,56769,2482,143761,California
San Mateo,2021-02-24,7270,207968,3248,110589,4022,97379,0,0,4853,89433,2412,59181,4853,148614,California
San Mateo,2021-02-25,9041,217009,3998,114587,5043,102422,0,0,6002,92409,3026,62207,6002,154616,California
San Mateo,2021-02-26,9731,226740,3698,118285,6033,108455,0,0,6815,96323,2902,65109,6816,161432,California
San Mateo,2021-02-27,6676,233416,3410,121695,3265,111720,1,1,3632,96921,3041,68150,3639,165071,California
San Mateo,2021-02-28,4117,237533,2495,124190,1622,113342,0,1,2557,97917,1562,69712,2558,167629,California
San Mateo,2021-03-01,5614,243147,3507,127697,2107,115449,0,1,2783,97871,2829,72541,2783,170412,California
San Mateo,2021-03-02,5719,248866,3941,131638,1777,117226,1,2,3290,98745,2418,74959,3292,173704,California
San Mateo,2021-03-03,8157,257023,3824,135462,4332,121558,1,3,3481,97560,4667,79626,3482,177186,California
San Mateo,2021-03-04,8327,265350,3919,139381,4406,125964,2,5,3776,96804,4537,84163,3781,180967,California
San Mateo,2021-03-05,9029,274379,5956,145337,3070,129034,3,8,6380,100565,2626,86789,6387,187354,California
San Mateo,2021-03-06,7792,282171,5398,150735,2218,131252,176,184,5691,104339,2092,88881,5866,193220,California
San Mateo,2021-03-07,3416,285587,2262,152997,1087,132339,67,251,1958,104908,1456,90337,2025,195245,California
San Mateo,2021-03-08,4347,289934,2419,155416,1731,134070,197,448,3150,107066,1190,91527,3348,198593,California
San Mateo,2021-03-09,4499,294433,2099,157515,2129,136199,271,719,2970,108784,1523,93050,3241,201834,California
San Mateo,2021-03-10,6926,301359,2628,160143,4015,140214,283,1002,4591,111336,2322,95372,4874,206708,California
San Mateo,2021-03-11,9104,310463,5703,165846,3022,143236,379,1381,3722,110080,5357,100729,4101,210809,California
San Mateo,2021-03-12,10402,320865,6574,172420,3464,146700,364,1745,3470,106997,6918,107647,3835,214644,California
San Mateo,2021-03-13,8007,328872,3394,175814,2990,149690,1623,3368,3870,108355,4130,111777,5488,220132,California
San Mateo,2021-03-14,4909,333781,3295,179109,1507,151197,107,3475,2906,109373,1994,113771,3012,223144,California
San Mateo,2021-03-15,7092,340873,4559,183668,2359,153556,174,3649,3746,109959,3334,117105,3920,227064,California
San Mateo,2021-03-16,11838,352711,4335,188003,7381,160937,122,3771,4809,107886,7007,124112,4934,231998,California
San Mateo,2021-03-17,10718,363429,4345,192348,6249,167186,124,3895,4827,106976,5866,129978,4956,236954,California
San Mateo,2021-03-18,7155,370584,3998,196346,2974,170160,183,4078,4248,108504,2904,132882,4432,241386,California
San Mateo,2021-03-19,7312,377896,4697,201043,1951,172111,664,4742,3578,109023,3724,136606,4243,245629,California
San Mateo,2021-03-20,8205,386101,6404,207447,1474,173585,327,5069,5346,111852,2842,139448,5671,251300,California
San Mateo,2021-03-21,4122,390223,3118,210565,773,174358,231,5300,2329,112624,1783,141231,2555,253855,California
San Mateo,2021-03-22,5169,395392,3519,214084,1231,175589,419,5719,2821,113529,2335,143566,3240,257095,California
San Mateo,2021-03-23,9717,405109,4413,218497,5110,180699,194,5913,4636,113303,5057,148623,4831,261926,California
San Mateo,2021-03-24,9384,414493,5406,223903,3839,184538,139,6052,4119,112344,5215,153838,4256,266182,California
San Mateo,2021-03-25,9861,424354,4818,228721,4791,189329,252,6304,4337,111513,5421,159259,4590,270772,California
San Mateo,2021-03-26,11052,435406,7625,236346,3265,192594,162,6466,4407,109475,6607,165866,4569,275341,California
San Mateo,2021-03-27,10338,445744,7902,244248,2332,194926,104,6570,4637,108534,5676,171542,4735,280076,California
San Mateo,2021-03-28,4187,449931,2701,246949,1375,196301,111,6681,2089,108646,2089,173631,2201,282277,California
San Mateo,2021-03-29,5971,455902,3722,250671,1999,198300,250,6931,2825,108595,3126,176757,3075,285352,California
San Mateo,2021-03-30,7001,462903,3963,254634,2893,201193,145,7076,4455,110667,2528,179285,4600,289952,California
San Mateo,2021-03-31,7134,470037,4517,259151,2480,203673,137,7213,4084,111856,3032,182317,4221,294173,California
San Mateo,2021-04-01,10285,480322,5037,264188,4082,207755,1166,8379,5536,113853,4703,187020,6700,300873,California
San Mateo,2021-04-02,10538,490860,5028,269216,3950,211705,1560,9939,5547,115993,4966,191986,7106,307979,California
San Mateo,2021-04-03,9545,500405,5411,274627,2414,214119,1720,11659,4800,117782,4733,196719,6522,314501,California
San Mateo,2021-04-04,5280,505685,2538,277165,1539,215658,1203,12862,1639,117012,3611,200330,2841,317342,California
San Mateo,2021-04-05,8667,514352,4520,281685,2427,218085,1720,14582,3645,117382,4994,205324,5364,322706,California
San Mateo,2021-04-06,12692,527044,7769,289454,3057,221142,1866,16448,7088,120758,5580,210904,8956,331662,California
San Mateo,2021-04-07,11345,538389,5210,294664,4450,225592,1685,18133,4818,120772,6482,217386,6496,338158,California
San Mateo,2021-04-08,9688,548077,4759,299423,2386,227978,2543,20676,4239,122144,5401,222787,6773,344931,California
San Mateo,2021-04-09,7878,555955,3771,303194,3095,231073,1012,21688,3906,123192,3811,226598,4859,349790,California
San Mateo,2021-04-10,8103,564058,4074,307268,3480,234553,549,22237,3759,123346,4147,230745,4301,354091,California
San Mateo,2021-04-11,3502,567560,2210,309478,885,235438,407,22644,1299,124025,893,231638,1572,355663,California
San Mateo,2021-04-12,3517,571077,1666,311144,1201,236639,650,23294,0,124025,0,231638,0,355663,California
Santa Barbara,2020-12-15,2,2,2,2,0,0,0,0,2,2,0,0,2,2,California
Santa Barbara,2020-12-16,2,4,2,4,0,0,0,0,2,4,0,0,2,4,California
Santa Barbara,2020-12-17,53,57,53,57,0,0,0,0,53,57,0,0,53,57,California
Santa Barbara,2020-12-18,378,435,377,434,1,1,0,0,378,435,0,0,378,435,California
Santa Barbara,2020-12-19,325,760,325,759,0,1,0,0,325,760,0,0,325,760,California
Santa Barbara,2020-12-20,235,995,235,994,0,1,0,0,235,995,0,0,235,995,California
Santa Barbara,2020-12-21,651,1646,649,1643,2,3,0,0,651,1646,0,0,651,1646,California
Santa Barbara,2020-12-22,243,1889,241,1884,2,5,0,0,243,1889,0,0,243,1889,California
Santa Barbara,2020-12-23,320,2209,202,2086,118,123,0,0,320,2209,0,0,320,2209,California
Santa Barbara,2020-12-24,87,2296,40,2126,47,170,0,0,87,2296,0,0,87,2296,California
Santa Barbara,2020-12-26,326,2622,66,2192,260,430,0,0,326,2622,0,0,326,2622,California
Santa Barbara,2020-12-27,62,2684,1,2193,61,491,0,0,62,2684,0,0,62,2684,California
Santa Barbara,2020-12-28,353,3037,220,2413,133,624,0,0,353,3037,0,0,353,3037,California
Santa Barbara,2020-12-29,552,3589,360,2773,192,816,0,0,552,3589,0,0,552,3589,California
Santa Barbara,2020-12-30,584,4173,404,3177,180,996,0,0,584,4173,0,0,584,4173,California
Santa Barbara,2020-12-31,238,4411,112,3289,126,1122,0,0,238,4411,0,0,238,4411,California
Santa Barbara,2021-01-01,107,4518,106,3395,1,1123,0,0,107,4518,0,0,107,4518,California
Santa Barbara,2021-01-02,586,5104,223,3618,363,1486,0,0,586,5104,0,0,586,5104,California
Santa Barbara,2021-01-03,23,5127,15,3633,8,1494,0,0,23,5127,0,0,23,5127,California
Santa Barbara,2021-01-04,307,5434,244,3877,63,1557,0,0,306,5433,0,0,306,5433,California
Santa Barbara,2021-01-05,751,6185,378,4255,373,1930,0,0,724,6130,27,27,724,6157,California
Santa Barbara,2021-01-06,654,6839,274,4529,380,2310,0,0,595,6667,58,85,595,6752,California
Santa Barbara,2021-01-07,1029,7868,706,5235,323,2633,0,0,524,6690,501,586,524,7276,California
Santa Barbara,2021-01-08,1203,9071,840,6075,363,2996,0,0,708,6904,494,1080,708,7984,California
Santa Barbara,2021-01-09,567,9638,293,6368,274,3270,0,0,321,6979,246,1326,321,8305,California
Santa Barbara,2021-01-10,62,9700,50,6418,12,3282,0,0,46,7009,16,1342,46,8351,California
Santa Barbara,2021-01-11,837,10537,668,7086,169,3451,0,0,614,7401,222,1564,614,8965,California
Santa Barbara,2021-01-12,1427,11964,634,7720,793,4244,0,0,1271,8516,156,1720,1271,10236,California
Santa Barbara,2021-01-13,1226,13190,280,8000,946,5190,0,0,1100,9490,126,1846,1100,11336,California
Santa Barbara,2021-01-14,1247,14437,134,8134,1113,6303,0,0,1193,10631,53,1899,1194,12530,California
Santa Barbara,2021-01-15,1798,16235,418,8552,1380,7683,0,0,1718,12270,79,1978,1718,14248,California
Santa Barbara,2021-01-16,1273,17508,202,8754,1071,8754,0,0,1234,13466,38,2016,1234,15482,California
Santa Barbara,2021-01-17,123,17631,20,8774,103,8857,0,0,120,13583,3,2019,120,15602,California
Santa Barbara,2021-01-18,1147,18778,417,9191,730,9587,0,0,962,14360,185,2204,962,16564,California
Santa Barbara,2021-01-19,1635,20413,566,9757,1069,10656,0,0,1356,15438,278,2482,1356,17920,California
Santa Barbara,2021-01-20,1986,22399,444,10201,1542,12198,0,0,1694,16841,291,2773,1694,19614,California
Santa Barbara,2021-01-21,3085,25484,1817,12018,1268,13466,0,0,2931,19619,154,2927,2932,22546,California
Santa Barbara,2021-01-22,2998,28482,1850,13868,1148,14614,0,0,2853,22330,142,3069,2853,25399,California
Santa Barbara,2021-01-23,1735,30217,1107,14975,628,15242,0,0,1226,23048,508,3577,1226,26625,California
Santa Barbara,2021-01-24,844,31061,753,15728,91,15333,0,0,836,23876,8,3585,836,27461,California
Santa Barbara,2021-01-25,1236,32297,497,16225,739,16072,0,0,999,24639,236,3821,999,28460,California
Santa Barbara,2021-01-26,2037,34334,462,16687,1575,17647,0,0,1651,25908,382,4203,1651,30111,California
Santa Barbara,2021-01-27,1154,35488,398,17085,756,18403,0,0,898,26553,254,4457,899,31010,California
Santa Barbara,2021-01-28,888,36376,293,17378,595,18998,0,0,677,27023,207,4664,677,31687,California
Santa Barbara,2021-01-29,1333,37709,539,17917,794,19792,0,0,980,27655,350,5014,982,32669,California
Santa Barbara,2021-01-30,1889,39598,1418,19335,471,20263,0,0,1485,28740,401,5415,1486,34155,California
Santa Barbara,2021-01-31,1459,41057,1221,20556,238,20501,0,0,1420,30121,39,5454,1420,35575,California
Santa Barbara,2021-02-01,932,41989,517,21073,415,20916,0,0,545,30279,387,5841,545,36120,California
Santa Barbara,2021-02-02,1813,43802,697,21770,1116,22032,0,0,1039,30545,773,6614,1039,37159,California
Santa Barbara,2021-02-03,1941,45743,1076,22846,865,22897,0,0,1501,31615,431,7045,1501,38660,California
Santa Barbara,2021-02-04,2775,48518,1860,24706,915,23812,0,0,2480,33805,290,7335,2480,41140,California
Santa Barbara,2021-02-05,2905,51423,2059,26765,846,24658,0,0,2261,35423,643,7978,2261,43401,California
Santa Barbara,2021-02-06,1208,52631,339,27104,869,25527,0,0,797,35809,411,8389,797,44198,California
Santa Barbara,2021-02-07,298,52929,262,27366,36,25563,0,0,264,36040,33,8422,264,44462,California
Santa Barbara,2021-02-08,956,53885,312,27678,644,26207,0,0,670,36424,286,8708,670,45132,California
Santa Barbara,2021-02-09,2443,56328,315,27993,2128,28335,0,0,1123,36236,1311,10019,1123,46255,California
Santa Barbara,2021-02-10,2756,59084,1494,29487,1262,29597,0,0,802,35090,1948,11967,802,47057,California
Santa Barbara,2021-02-11,4173,63257,2802,32289,1371,30968,0,0,617,32156,3551,15518,617,47674,California
Santa Barbara,2021-02-12,3303,66560,947,33236,2356,33324,0,0,769,30396,2529,18047,769,48443,California
Santa Barbara,2021-02-13,1238,67798,341,33577,897,34221,0,0,563,30287,672,18719,563,49006,California
Santa Barbara,2021-02-14,330,68128,34,33611,296,34517,0,0,284,30525,46,18765,284,49290,California
Santa Barbara,2021-02-15,956,69084,335,33946,621,35138,0,0,488,30549,464,19229,488,49778,California
Santa Barbara,2021-02-16,2110,71194,395,34341,1715,36853,0,0,719,29881,1387,20616,719,50497,California
Santa Barbara,2021-02-17,1430,72624,316,34657,1114,37967,0,0,516,29484,913,21529,516,51013,California
Santa Barbara,2021-02-18,3250,75874,2646,37303,604,38571,0,0,1522,29311,1695,23224,1522,52535,California
Santa Barbara,2021-02-19,3603,79477,2649,39952,954,39525,0,0,2334,30379,1266,24490,2334,54869,California
Santa Barbara,2021-02-20,2219,81696,1432,41384,787,40312,0,0,1671,31507,543,25033,1671,56540,California
Santa Barbara,2021-02-21,126,81822,99,41483,27,40339,0,0,58,31497,68,25101,58,56598,California
Santa Barbara,2021-02-22,935,82757,243,41726,692,41031,0,0,261,31091,667,25768,261,56859,California
Santa Barbara,2021-02-23,3178,85935,1043,42769,2135,43166,0,0,424,28763,2753,28521,425,57284,California
Santa Barbara,2021-02-24,3188,89123,1088,43857,2100,45266,0,0,720,27023,2460,30981,720,58004,California
Santa Barbara,2021-02-25,3448,92571,1913,45770,1535,46801,0,0,985,25551,2458,33439,986,58990,California
Santa Barbara,2021-02-26,3654,96225,2169,47939,1485,48286,0,0,1977,25855,1673,35112,1977,60967,California
Santa Barbara,2021-02-27,1526,97751,561,48500,965,49251,0,0,848,26031,674,35786,850,61817,California
Santa Barbara,2021-02-28,1076,98827,216,48716,860,50111,0,0,886,26732,186,35972,887,62704,California
Santa Barbara,2021-03-01,1612,100439,456,49172,1156,51267,0,0,1079,27280,532,36504,1080,63784,California
Santa Barbara,2021-03-02,2513,102952,397,49569,2116,53383,0,0,2030,28836,475,36979,2031,65815,California
Santa Barbara,2021-03-03,4589,107541,2088,51657,2499,55882,2,2,4000,32259,581,37560,4004,69819,California
Santa Barbara,2021-03-04,3390,110931,2269,53926,1121,57003,0,2,2844,34562,541,38101,2844,72663,California
Santa Barbara,2021-03-05,3790,114721,2140,56066,1591,58594,59,61,3079,36993,707,38808,3138,75801,California
Santa Barbara,2021-03-06,2407,117128,709,56775,1491,60085,207,268,1657,38108,748,39556,1863,77664,California
Santa Barbara,2021-03-07,558,117686,121,56896,308,60393,129,397,383,38445,176,39732,513,78177,California
Santa Barbara,2021-03-08,1567,119253,369,57265,856,61249,342,739,788,38801,773,40505,1129,79306,California
Santa Barbara,2021-03-09,2765,122018,322,57587,1674,62923,769,1508,720,38243,2044,42549,1486,80792,California
Santa Barbara,2021-03-10,2745,124763,539,58126,1159,64082,1047,2555,1030,38610,1710,44259,2077,82869,California
Santa Barbara,2021-03-11,5548,130311,3027,61153,1419,65501,1102,3657,2265,38704,3271,47530,3365,86234,California
Santa Barbara,2021-03-12,3602,133913,2084,63237,1102,66603,416,4073,2167,39860,1427,48957,2583,88817,California
Santa Barbara,2021-03-13,3431,137344,1907,65144,1319,67922,205,4278,2687,42010,743,49700,2893,91710,California
Santa Barbara,2021-03-14,761,138105,359,65503,345,68267,57,4335,444,42196,315,50015,501,92211,California
Santa Barbara,2021-03-15,2090,140195,689,66192,1112,69379,289,4624,1256,42908,831,50846,1543,93754,California
Santa Barbara,2021-03-16,3714,143909,1165,67357,2208,71587,341,4965,2731,45000,980,51826,3072,96826,California
Santa Barbara,2021-03-17,3270,147179,965,68322,1905,73492,400,5365,2285,46701,983,52809,2684,99510,California
Santa Barbara,2021-03-18,4317,151496,2780,71102,1337,74829,200,5565,3119,48832,1188,53997,3319,102829,California
Santa Barbara,2021-03-19,4415,155911,2755,73857,1329,76158,331,5896,3023,50801,1386,55383,3355,106184,California
Santa Barbara,2021-03-20,2146,158057,819,74676,1318,77476,9,5905,1312,51290,832,56215,1321,107505,California
Santa Barbara,2021-03-21,1143,159200,375,75051,739,78215,29,5934,821,51820,320,56535,850,108355,California
Santa Barbara,2021-03-22,2761,161961,1903,76954,815,79030,43,5977,2213,53534,542,57077,2256,110611,California
Santa Barbara,2021-03-23,4444,166405,2236,79190,2112,81142,96,6073,3689,56572,745,57822,3783,114394,California
Santa Barbara,2021-03-24,5361,171766,3138,82328,1490,82632,733,6806,2939,57840,2403,60225,3671,118065,California
Santa Barbara,2021-03-25,5479,177245,3259,85587,2039,84671,181,6987,2729,58015,2735,62960,2910,120975,California
Santa Barbara,2021-03-26,5060,182305,3215,88802,1548,86219,297,7284,2226,57720,2818,65778,2523,123498,California
Santa Barbara,2021-03-27,2925,185230,1220,90022,1663,87882,42,7326,1608,58057,1312,67090,1649,125147,California
Santa Barbara,2021-03-28,2763,187993,1650,91672,1085,88967,28,7354,1884,59093,876,67966,1912,127059,California
Santa Barbara,2021-03-29,4039,192032,2088,93760,1882,90849,69,7423,3236,61600,798,68764,3305,130364,California
Santa Barbara,2021-03-30,6774,198806,3501,97261,3126,93975,147,7570,4556,64098,2204,70968,4702,135066,California
Santa Barbara,2021-03-31,8617,207423,5490,102751,3063,97038,64,7634,5083,65730,3516,74484,5148,140214,California
Santa Barbara,2021-04-01,6879,214302,5078,107829,1547,98585,254,7888,4051,67218,2810,77294,4298,144512,California
Santa Barbara,2021-04-02,6590,220892,4532,112361,1471,100056,587,8475,3390,68007,3171,80465,3960,148472,California
Santa Barbara,2021-04-03,3787,224679,2101,114462,1616,101672,70,8545,2493,69289,1280,81745,2562,151034,California
Santa Barbara,2021-04-04,891,225570,440,114902,413,102085,38,8583,493,69425,395,82140,531,151565,California
Santa Barbara,2021-04-05,3429,228999,2262,117164,910,102995,257,8840,2145,70548,1272,83412,2395,153960,California
Santa Barbara,2021-04-06,5143,234142,2745,119909,1888,104883,510,9350,3135,72196,1987,85399,3635,157595,California
Santa Barbara,2021-04-07,5677,239819,3084,122993,2069,106952,524,9874,3814,74681,1835,87234,4320,161915,California
Santa Barbara,2021-04-08,7030,246849,4790,127783,646,107598,1594,11468,3173,75617,3829,91063,4765,166680,California
Santa Barbara,2021-04-09,6185,253034,4420,132203,888,108486,877,12345,2708,75947,3201,94264,3531,170211,California
Santa Barbara,2021-04-10,5330,258364,3854,136057,980,109466,496,12841,3472,78082,1832,96096,3967,174178,California
Santa Barbara,2021-04-11,2338,260702,1728,137785,387,109853,223,13064,65,77947,315,96411,180,174358,California
Santa Barbara,2021-04-12,1697,262399,998,138783,499,110352,200,13264,0,77947,0,96411,0,174358,California
Santa Clara,2020-12-15,64,64,64,64,0,0,0,0,64,64,0,0,64,64,California
Santa Clara,2020-12-16,135,199,135,199,0,0,0,0,135,199,0,0,135,199,California
Santa Clara,2020-12-17,388,587,388,587,0,0,0,0,388,587,0,0,388,587,California
Santa Clara,2020-12-18,1669,2256,1669,2256,0,0,0,0,1669,2256,0,0,1669,2256,California
Santa Clara,2020-12-19,2073,4329,2073,4329,0,0,0,0,2072,4328,0,0,2072,4328,California
Santa Clara,2020-12-20,1898,6227,1892,6221,6,6,0,0,1895,6223,0,0,1895,6223,California
Santa Clara,2020-12-21,2670,8897,2670,8891,0,6,0,0,2667,8890,0,0,2667,8890,California
Santa Clara,2020-12-22,3126,12023,3117,12008,9,15,0,0,3123,12013,0,0,3123,12013,California
Santa Clara,2020-12-23,3256,15279,3071,15079,185,200,0,0,3254,15267,0,0,3254,15267,California
Santa Clara,2020-12-24,1898,17177,1711,16790,187,387,0,0,1892,17158,1,1,1892,17159,California
Santa Clara,2020-12-25,343,17520,342,17132,1,388,0,0,343,17501,0,1,343,17502,California
Santa Clara,2020-12-26,1263,18783,1031,18163,232,620,0,0,1262,18763,0,1,1262,18764,California
Santa Clara,2020-12-27,646,19429,507,18670,139,759,0,0,646,19409,0,1,646,19410,California
Santa Clara,2020-12-28,2333,21762,1730,20400,603,1362,0,0,2333,21742,0,1,2333,21743,California
Santa Clara,2020-12-29,2325,24087,1464,21864,861,2223,0,0,2323,24065,0,1,2323,24066,California
Santa Clara,2020-12-30,2988,27075,1898,23762,1090,3313,0,0,2986,27049,2,3,2986,27052,California
Santa Clara,2020-12-31,1207,28282,389,24151,818,4131,0,0,1206,28254,1,4,1206,28258,California
Santa Clara,2021-01-01,137,28419,7,24158,130,4261,0,0,136,28390,0,4,136,28394,California
Santa Clara,2021-01-02,1081,29500,813,24971,268,4529,0,0,1081,29471,0,4,1081,29475,California
Santa Clara,2021-01-03,585,30085,370,25341,215,4744,0,0,580,30048,3,7,580,30055,California
Santa Clara,2021-01-04,2465,32550,1664,27005,801,5545,0,0,2463,32511,0,7,2463,32518,California
Santa Clara,2021-01-05,3057,35607,2002,29007,1055,6600,0,0,2870,35199,186,193,2874,35392,California
Santa Clara,2021-01-06,3314,38921,1953,30960,1361,7961,0,0,2740,37370,570,763,2741,38133,California
Santa Clara,2021-01-07,4215,43136,2553,33513,1662,9623,0,0,3152,39474,1053,1816,3157,41290,California
Santa Clara,2021-01-08,5841,48977,3821,37334,2020,11643,0,0,3789,41215,2048,3864,3789,45079,California
Santa Clara,2021-01-09,2965,51942,1859,39193,1106,12749,0,0,1685,41622,1280,5144,1687,46766,California
Santa Clara,2021-01-10,1951,53893,1506,40699,445,13194,0,0,741,41154,1209,6353,741,47507,California
Santa Clara,2021-01-11,5933,59826,3730,44429,2203,15397,0,0,3373,41973,2559,8912,3378,50885,California
Santa Clara,2021-01-12,6792,66618,3394,47823,3398,18795,0,0,4552,44288,2238,11150,4553,55438,California
Santa Clara,2021-01-13,7357,73975,3034,50857,4323,23118,0,0,5191,47317,2163,13313,5192,60630,California
Santa Clara,2021-01-14,8226,82201,2790,53647,5436,28554,0,0,6487,52071,1734,15047,6488,67118,California
Santa Clara,2021-01-15,9438,91639,2682,56329,6756,35310,0,0,8125,58890,1310,16357,8129,75247,California
Santa Clara,2021-01-16,4282,95921,1214,57543,3068,38378,0,0,3449,61512,827,17184,3449,78696,California
Santa Clara,2021-01-17,3211,99132,600,58143,2611,40989,0,0,2714,63730,496,17680,2714,81410,California
Santa Clara,2021-01-18,5090,104222,1150,59293,3940,44929,0,0,4537,67715,553,18233,4538,85948,California
Santa Clara,2021-01-19,8446,112668,2649,61942,5797,50726,0,0,6773,72825,1670,19903,6780,92728,California
Santa Clara,2021-01-20,7987,120655,4014,65956,3973,54699,0,0,6449,77742,1532,21435,6449,99177,California
Santa Clara,2021-01-21,8538,129193,3629,69585,4909,59608,0,0,7389,83986,1147,22582,7391,106568,California
Santa Clara,2021-01-22,8574,137767,3201,72786,5373,64981,0,0,8009,91433,564,23146,8011,114579,California
Santa Clara,2021-01-23,3778,141545,1684,74470,2094,67075,0,0,2821,93298,957,24103,2822,117401,California
Santa Clara,2021-01-24,2822,144367,1421,75891,1401,68476,0,0,2335,95148,485,24588,2335,119736,California
Santa Clara,2021-01-25,8353,152720,3775,79666,4578,73054,0,0,6299,99404,2047,26635,6303,126039,California
Santa Clara,2021-01-26,8233,160953,3760,83426,4473,77527,0,0,6098,103411,2094,28729,6101,132140,California
Santa Clara,2021-01-27,8654,169607,3793,87219,4861,82388,0,0,6744,108267,1889,30618,6745,138885,California
Santa Clara,2021-01-28,9407,179014,3762,90981,5645,88033,0,0,7458,113802,1927,32545,7462,146347,California
Santa Clara,2021-01-29,9470,188484,3919,94900,5551,93584,0,0,7311,118963,2151,34696,7312,153659,California
Santa Clara,2021-01-30,4159,192643,2057,96957,2102,95686,0,0,2958,120725,1197,35893,2959,156618,California
Santa Clara,2021-01-31,2164,194807,1300,98257,864,96550,0,0,1576,121715,586,36479,1576,158194,California
Santa Clara,2021-02-01,7826,202633,3478,101735,4348,100898,0,0,6140,126176,1680,38159,6141,164335,California
Santa Clara,2021-02-02,8067,210700,2866,104601,5201,106099,0,0,6084,130283,1980,40139,6087,170422,California
Santa Clara,2021-02-03,9189,219889,3479,108080,5710,111809,0,0,6926,134956,2259,42398,6932,177354,California
Santa Clara,2021-02-04,10552,230441,4106,112186,6446,118255,0,0,8277,140969,2267,44665,8280,185634,California
Santa Clara,2021-02-05,11893,242334,4334,116520,7559,125814,0,0,8438,145972,3440,48105,8443,194077,California
Santa Clara,2021-02-06,5162,247496,2800,119320,2362,128176,0,0,4008,148830,1152,49257,4010,198087,California
Santa Clara,2021-02-07,3471,250967,2346,121666,1125,129301,0,0,3023,151406,448,49705,3024,201111,California
Santa Clara,2021-02-08,9997,260964,3473,125139,6524,135825,0,0,7289,156001,2695,52400,7290,208401,California
Santa Clara,2021-02-09,10766,271730,3802,128941,6964,142789,0,0,7298,159844,3458,55858,7301,215702,California
Santa Clara,2021-02-10,12620,284350,4890,133831,7730,150519,0,0,6904,161046,5705,61563,6907,222609,California
Santa Clara,2021-02-11,13156,297506,4631,138462,8525,159044,0,0,7424,162751,5720,67283,7425,230034,California
Santa Clara,2021-02-12,14518,312024,4474,142936,10044,169088,0,0,7011,162278,7488,74771,7015,237049,California
Santa Clara,2021-02-13,6064,318088,1444,144380,4620,173708,0,0,2213,160646,3847,78618,2215,239264,California
Santa Clara,2021-02-14,4613,322701,1138,145518,3475,177183,0,0,1477,158988,3137,81755,1479,240743,California
Santa Clara,2021-02-15,6227,328928,2778,148296,3449,180632,0,0,2697,158159,3526,85281,2697,243440,California
Santa Clara,2021-02-16,13567,342495,3983,152279,9584,190216,0,0,6741,158096,6809,92090,6746,250186,California
Santa Clara,2021-02-17,14046,356541,5483,157762,8563,198779,0,0,7040,158152,6991,99081,7047,257233,California
Santa Clara,2021-02-18,13681,370222,8340,166102,5341,204120,0,0,7010,158515,6650,105731,7013,264246,California
Santa Clara,2021-02-19,14669,384891,9513,175615,5156,209276,0,0,8494,160856,6158,111889,8499,272745,California
Santa Clara,2021-02-20,6806,391697,5093,180708,1713,210989,0,0,3673,161405,3124,115013,3673,276418,California
Santa Clara,2021-02-21,3233,394930,2419,183127,814,211803,0,0,1161,160503,2065,117078,1163,277581,California
Santa Clara,2021-02-22,10125,405055,6068,189195,4057,215860,0,0,4735,159862,5380,122458,4739,282320,California
Santa Clara,2021-02-23,11814,416869,7683,196878,4131,219991,0,0,6697,161456,5108,127566,6702,289022,California
Santa Clara,2021-02-24,14086,430955,9080,205958,5006,224997,0,0,8727,164837,5346,132912,8727,297749,California
Santa Clara,2021-02-25,14061,445016,9213,215171,4848,229845,0,0,7661,166111,6392,139304,7666,305415,California
Santa Clara,2021-02-26,14523,459539,8415,223586,6108,235953,0,0,7999,167614,6498,145802,8001,313416,California
Santa Clara,2021-02-27,8031,467570,5485,229071,2545,238498,1,1,4447,168491,3578,149380,4455,317871,California
Santa Clara,2021-02-28,4702,472272,3055,232126,1647,240145,0,1,2212,168209,2494,151874,2212,320083,California
Santa Clara,2021-03-01,14023,486295,7948,240074,6074,246219,1,2,8682,171561,5331,157205,8683,328766,California
Santa Clara,2021-03-02,13695,499990,8199,248273,5496,251715,0,2,9155,176194,4524,161729,9157,337923,California
Santa Clara,2021-03-03,17906,517896,8845,257118,9060,260775,1,3,10996,180321,6876,168605,11003,348926,California
Santa Clara,2021-03-04,15678,533574,8887,266005,6788,267563,3,6,9221,183124,6422,175027,9225,358151,California
Santa Clara,2021-03-05,16151,549725,9093,275098,6933,274496,125,131,8861,184837,7276,182303,8989,367140,California
Santa Clara,2021-03-06,9312,559037,6254,281352,2624,277120,434,565,7032,190034,2267,184570,7464,374604,California
Santa Clara,2021-03-07,6687,565724,4380,285732,2078,279198,229,794,5330,194245,1349,185919,5560,380164,California
Santa Clara,2021-03-08,12776,578500,6659,292391,5597,284795,520,1314,8212,198425,4554,190473,8734,388898,California
Santa Clara,2021-03-09,14262,592762,6199,298590,6734,291529,1329,2643,6243,197995,8002,198475,7572,396470,California
Santa Clara,2021-03-10,14772,607534,6457,305047,6394,297923,1921,4564,6065,197290,8680,207155,7975,404445,California
Santa Clara,2021-03-11,16394,623928,7697,312744,7222,305145,1475,6039,5671,193734,10698,217853,7142,411587,California
Santa Clara,2021-03-12,17432,641360,8993,321737,6899,312044,1540,7579,5871,189624,11517,229370,7407,418994,California
Santa Clara,2021-03-13,10480,651840,6071,327808,2937,314981,1472,9051,4612,189859,5843,235213,6078,425072,California
Santa Clara,2021-03-14,6459,658299,3332,331140,1826,316807,1301,10352,3182,191077,3261,238474,4479,429551,California
Santa Clara,2021-03-15,12668,670967,6438,337578,5964,322771,266,10618,5903,190506,6740,245214,6169,435720,California
Santa Clara,2021-03-16,17285,688252,10233,347811,6847,329618,205,10823,8292,190036,8965,254179,8495,444215,California
Santa Clara,2021-03-17,19560,707812,11195,359006,8203,337821,162,10985,10082,190850,9430,263609,10244,454459,California
Santa Clara,2021-03-18,18067,725879,8842,367848,8069,345890,1156,12141,8368,190726,9647,273256,9523,463982,California
Santa Clara,2021-03-19,18727,744606,9768,377616,7962,353852,997,13138,9624,192389,8952,282208,10615,474597,California
Santa Clara,2021-03-20,11416,756022,6260,383876,4327,358179,829,13967,6704,195239,4680,286888,7530,482127,California
Santa Clara,2021-03-21,8222,764244,3701,387577,3121,361300,1400,15367,5505,199437,2705,289593,6903,489030,California
Santa Clara,2021-03-22,15948,780192,9012,396589,6593,367893,343,15710,9122,202105,6797,296390,9465,498495,California
Santa Clara,2021-03-23,18951,799143,12108,408697,6383,374276,460,16170,11431,206518,7478,303868,11891,510386,California
Santa Clara,2021-03-24,21784,820927,14382,423079,7152,381428,250,16420,14319,213671,7316,311184,14469,524855,California
Santa Clara,2021-03-25,22336,843263,12902,435981,8521,389949,913,17333,14528,221371,7614,318798,15314,540169,California
Santa Clara,2021-03-26,21499,864762,13805,449786,7310,397259,384,17717,13203,226760,8193,326991,13582,553751,California
Santa Clara,2021-03-27,14930,879692,9958,459744,4211,401470,761,18478,7783,228188,7115,334106,8543,562294,California
Santa Clara,2021-03-28,11946,891638,8257,468001,2973,404443,716,19194,6466,229916,5454,339560,7182,569476,California
Santa Clara,2021-03-29,20333,911971,12461,480462,7148,411591,724,19918,10934,232483,9089,348649,11656,581132,California
Santa Clara,2021-03-30,25121,937092,15125,495587,8310,419901,1686,21604,16458,242129,8461,357110,18107,599239,California
Santa Clara,2021-03-31,19982,957074,11716,507303,7174,427075,1092,22696,12566,248588,7193,364303,13652,612891,California
Santa Clara,2021-04-01,31186,988260,19556,526859,8673,435748,2957,25653,19720,260182,10947,375250,22541,635432,California
Santa Clara,2021-04-02,24793,1013053,14147,541006,8552,444300,2094,27747,16321,270271,8320,383570,18409,653841,California
Santa Clara,2021-04-03,14968,1028021,9099,550105,3434,447734,2435,30182,8334,274434,6602,390172,10765,664606,California
Santa Clara,2021-04-04,7511,1035532,3990,554095,2405,450139,1116,31298,3825,275801,3571,393743,4938,669544,California
Santa Clara,2021-04-05,21098,1056630,13982,568077,4707,454846,2409,33707,13663,284511,7358,401101,16068,685612,California
Santa Clara,2021-04-06,28383,1085013,15508,583585,7686,462532,5189,38896,17201,295790,11094,412195,22373,707985,California
Santa Clara,2021-04-07,29042,1114055,15203,598788,7846,470378,5993,44889,17594,308035,11325,423520,23570,731555,California
Santa Clara,2021-04-08,26991,1141046,15506,614294,5558,475936,5927,50816,15399,318005,11336,434856,21306,752861,California
Santa Clara,2021-04-09,23748,1164794,11877,626171,6474,482410,5397,56213,12556,325381,10512,445368,17888,770749,California
Santa Clara,2021-04-10,15279,1180073,8954,635125,3248,485658,3077,59290,8891,331103,5783,451151,11505,782254,California
Santa Clara,2021-04-11,13037,1193110,7843,642968,2568,488226,2626,61916,5139,333825,4674,455825,7396,789650,California
Santa Clara,2021-04-12,16553,1209663,11632,654600,3630,491856,1291,63207,0,333825,0,455825,0,789650,California
Santa Cruz,2020-12-15,2,2,2,2,0,0,0,0,2,2,0,0,2,2,California
Santa Cruz,2020-12-16,57,59,57,59,0,0,0,0,57,59,0,0,57,59,California
Santa Cruz,2020-12-17,389,448,389,448,0,0,0,0,389,448,0,0,389,448,California
Santa Cruz,2020-12-18,465,913,465,913,0,0,0,0,465,913,0,0,465,913,California
Santa Cruz,2020-12-19,178,1091,177,1090,1,1,0,0,178,1091,0,0,178,1091,California
Santa Cruz,2020-12-20,95,1186,95,1185,0,1,0,0,95,1186,0,0,95,1186,California
Santa Cruz,2020-12-21,433,1619,433,1618,0,1,0,0,433,1619,0,0,433,1619,California
Santa Cruz,2020-12-22,424,2043,423,2041,1,2,0,0,424,2043,0,0,424,2043,California
Santa Cruz,2020-12-23,370,2413,328,2369,42,44,0,0,370,2413,0,0,370,2413,California
Santa Cruz,2020-12-24,125,2538,50,2419,75,119,0,0,125,2538,0,0,125,2538,California
Santa Cruz,2020-12-25,11,2549,11,2430,0,119,0,0,11,2549,0,0,11,2549,California
Santa Cruz,2020-12-26,64,2613,45,2475,19,138,0,0,64,2613,0,0,64,2613,California
Santa Cruz,2020-12-27,32,2645,27,2502,5,143,0,0,32,2645,0,0,32,2645,California
Santa Cruz,2020-12-28,484,3129,108,2610,376,519,0,0,483,3128,0,0,483,3128,California
Santa Cruz,2020-12-29,796,3925,370,2980,426,945,0,0,796,3924,0,0,796,3924,California
Santa Cruz,2020-12-30,356,4281,164,3144,192,1137,0,0,356,4280,0,0,356,4280,California
Santa Cruz,2020-12-31,312,4593,11,3155,301,1438,0,0,312,4592,0,0,312,4592,California
Santa Cruz,2021-01-01,32,4625,0,3155,32,1470,0,0,32,4624,0,0,32,4624,California
Santa Cruz,2021-01-02,71,4696,57,3212,14,1484,0,0,71,4695,0,0,71,4695,California
Santa Cruz,2021-01-03,15,4711,7,3219,8,1492,0,0,15,4710,0,0,15,4710,California
Santa Cruz,2021-01-04,281,4992,123,3342,158,1650,0,0,279,4989,0,0,279,4989,California
Santa Cruz,2021-01-05,566,5558,428,3770,138,1788,0,0,264,4951,302,302,264,5253,California
Santa Cruz,2021-01-06,803,6361,670,4440,133,1921,0,0,465,5079,337,639,465,5718,California
Santa Cruz,2021-01-07,539,6900,212,4652,327,2248,0,0,386,5313,153,792,387,6105,California
Santa Cruz,2021-01-08,935,7835,561,5213,374,2622,0,0,487,5353,448,1240,488,6593,California
Santa Cruz,2021-01-09,463,8298,123,5336,340,2962,0,0,409,5708,54,1294,409,7002,California
Santa Cruz,2021-01-10,80,8378,70,5406,10,2972,0,0,21,5670,59,1353,21,7023,California
Santa Cruz,2021-01-11,722,9100,587,5993,135,3107,0,0,192,5332,530,1883,192,7215,California
Santa Cruz,2021-01-12,736,9836,532,6525,204,3311,0,0,493,5582,243,2126,493,7708,California
Santa Cruz,2021-01-13,521,10357,228,6753,293,3604,0,0,437,5938,81,2207,437,8145,California
Santa Cruz,2021-01-14,553,10910,101,6854,452,4056,0,0,487,6359,66,2273,487,8632,California
Santa Cruz,2021-01-15,1456,12366,77,6931,1379,5435,0,0,1392,7689,63,2336,1393,10025,California
Santa Cruz,2021-01-16,427,12793,54,6985,373,5808,0,0,408,8078,19,2355,408,10433,California
Santa Cruz,2021-01-17,297,13090,41,7026,256,6064,0,0,272,8325,25,2380,272,10705,California
Santa Cruz,2021-01-18,1016,14106,105,7131,911,6975,0,0,954,9217,62,2442,954,11659,California
Santa Cruz,2021-01-19,1623,15729,524,7655,1099,8074,0,0,1270,10137,351,2793,1271,12930,California
Santa Cruz,2021-01-20,1235,16964,184,7839,1051,9125,0,0,1038,10981,194,2987,1038,13968,California
Santa Cruz,2021-01-21,1707,18671,200,8039,1507,10632,0,0,1602,12478,106,3093,1603,15571,California
Santa Cruz,2021-01-22,1795,20466,531,8570,1264,11896,0,0,1695,14077,97,3190,1696,17267,California
Santa Cruz,2021-01-23,401,20867,146,8716,255,12151,0,0,341,14359,59,3249,341,17608,California
Santa Cruz,2021-01-24,115,20982,20,8736,95,12246,0,0,97,14438,18,3267,97,17705,California
Santa Cruz,2021-01-25,1058,22040,359,9095,699,12945,0,0,548,14477,509,3776,548,18253,California
Santa Cruz,2021-01-26,1688,23728,246,9341,1442,14387,0,0,1177,15144,510,4286,1177,19430,California
Santa Cruz,2021-01-27,1647,25375,445,9786,1202,15589,0,0,1265,16028,381,4667,1265,20695,California
Santa Cruz,2021-01-28,1745,27120,292,10078,1453,17042,0,0,1469,17222,276,4943,1470,22165,California
Santa Cruz,2021-01-29,1736,28856,490,10568,1246,18288,0,0,1606,18699,129,5072,1606,23771,California
Santa Cruz,2021-01-30,1060,29916,308,10876,752,19040,0,0,927,19493,133,5205,927,24698,California
Santa Cruz,2021-01-31,217,30133,111,10987,106,19146,0,0,203,19682,14,5219,203,24901,California
Santa Cruz,2021-02-01,1232,31365,759,11746,473,19619,0,0,826,20102,406,5625,826,25727,California
Santa Cruz,2021-02-02,1004,32369,127,11873,877,20496,0,0,852,20800,154,5779,852,26579,California
Santa Cruz,2021-02-03,2220,34589,946,12819,1274,21770,0,0,1908,22400,308,6087,1908,28487,California
Santa Cruz,2021-02-04,1834,36423,770,13589,1064,22834,0,0,1497,23561,336,6423,1497,29984,California
Santa Cruz,2021-02-05,3172,39595,794,14383,2378,25212,0,0,2852,26094,319,6742,2852,32836,California
Santa Cruz,2021-02-06,2584,42179,164,14547,2420,27632,0,0,2236,27982,348,7090,2236,35072,California
Santa Cruz,2021-02-07,907,43086,121,14668,786,28418,0,0,889,28853,18,7108,889,35961,California
Santa Cruz,2021-02-08,717,43803,204,14872,513,28931,0,0,517,29171,199,7307,517,36478,California
Santa Cruz,2021-02-09,2373,46176,1057,15929,1316,30247,0,0,2110,31020,261,7568,2110,38588,California
Santa Cruz,2021-02-10,2200,48376,580,16509,1620,31867,0,0,1499,31830,690,8258,1500,40088,California
Santa Cruz,2021-02-11,1852,50228,316,16825,1536,33403,0,0,1328,32635,523,8781,1328,41416,California
Santa Cruz,2021-02-12,3217,53445,421,17246,2796,36199,0,0,1809,33049,1397,10178,1811,43227,California
Santa Cruz,2021-02-13,1710,55155,123,17369,1587,37786,0,0,1296,33932,413,10591,1296,44523,California
Santa Cruz,2021-02-14,1401,56556,69,17438,1332,39118,0,0,1137,34806,263,10854,1137,45660,California
Santa Cruz,2021-02-15,1583,58139,279,17717,1304,40422,0,0,566,34356,1017,11871,567,46227,California
Santa Cruz,2021-02-16,1692,59831,202,17919,1490,41912,0,0,535,33755,1136,13007,535,46762,California
Santa Cruz,2021-02-17,2918,62749,974,18893,1944,43856,0,0,1221,33295,1684,14691,1224,47986,California
Santa Cruz,2021-02-18,2880,65629,638,19531,2242,46098,0,0,1231,32880,1646,16337,1231,49217,California
Santa Cruz,2021-02-19,3264,68893,1144,20675,2120,48218,0,0,2010,33636,1254,17591,2010,51227,California
Santa Cruz,2021-02-20,2382,71275,1497,22172,885,49103,0,0,1888,35031,493,18084,1888,53115,California
Santa Cruz,2021-02-21,823,72098,357,22529,466,49569,0,0,699,35608,122,18206,699,53814,California
Santa Cruz,2021-02-22,1251,73349,969,23498,282,49851,0,0,536,35431,713,18919,536,54350,California
Santa Cruz,2021-02-23,2095,75444,938,24436,1157,51008,0,0,710,34757,1384,20303,710,55060,California
Santa Cruz,2021-02-24,3179,78623,1660,26096,1519,52527,0,0,1210,34002,1965,22268,1210,56270,California
Santa Cruz,2021-02-25,3236,81859,1432,27528,1804,54331,0,0,1783,34338,1447,23715,1783,58053,California
Santa Cruz,2021-02-26,2716,84575,758,28286,1958,56289,0,0,1546,34718,1168,24883,1548,59601,California
Santa Cruz,2021-02-27,2639,87214,931,29217,1708,57997,0,0,1838,35757,799,25682,1838,61439,California
Santa Cruz,2021-02-28,1295,88509,359,29576,936,58933,0,0,1086,36636,207,25889,1086,62525,California
Santa Cruz,2021-03-01,1828,90337,1252,30828,576,59509,0,0,688,36186,1138,27027,688,63213,California
Santa Cruz,2021-03-02,1507,91844,339,31167,1168,60677,0,0,838,36359,668,27695,841,64054,California
Santa Cruz,2021-03-03,2316,94160,597,31764,1719,62396,0,0,1250,36546,1063,28758,1250,65304,California
Santa Cruz,2021-03-04,2999,97159,1403,33167,1595,63991,1,1,2031,37621,958,29716,2033,67337,California
Santa Cruz,2021-03-05,2599,99758,476,33643,2105,66096,18,19,1123,37288,1474,31190,1141,68478,California
Santa Cruz,2021-03-06,3864,103622,1346,34989,2415,68511,103,122,2160,37846,1704,32894,2262,70740,California
Santa Cruz,2021-03-07,1341,104963,127,35116,1139,69650,75,197,550,37681,790,33684,625,71365,California
Santa Cruz,2021-03-08,1048,106011,217,35333,731,70381,100,297,653,38037,397,34081,753,72118,California
Santa Cruz,2021-03-09,1762,107773,234,35567,1381,71762,147,444,697,37818,1063,35144,844,72962,California
Santa Cruz,2021-03-10,3851,111624,2086,37653,1617,73379,148,592,1987,38100,1856,37000,2138,75100,California
Santa Cruz,2021-03-11,2792,114416,1215,38868,1410,74789,167,759,1543,38567,1245,38245,1712,76812,California
Santa Cruz,2021-03-12,2736,117152,887,39755,1562,76351,287,1046,903,37927,1830,40075,1190,78002,California
Santa Cruz,2021-03-13,2273,119425,1321,41076,907,77258,45,1091,1154,38010,1117,41192,1200,79202,California
Santa Cruz,2021-03-14,895,120320,214,41290,667,77925,14,1105,438,38007,454,41646,451,79653,California
Santa Cruz,2021-03-15,1344,121664,474,41764,835,78760,35,1140,573,37849,767,42413,609,80262,California
Santa Cruz,2021-03-16,2311,123975,1088,42852,1183,79943,40,1180,1337,38254,971,43384,1376,81638,California
Santa Cruz,2021-03-17,3859,127834,2233,45085,1616,81559,10,1190,2513,39439,1340,44724,2525,84163,California
Santa Cruz,2021-03-18,3857,131691,2095,47180,1645,83204,117,1307,2068,39839,1785,46509,2185,86348,California
Santa Cruz,2021-03-19,3276,134967,1323,48503,1728,84932,225,1532,1653,40100,1617,48126,1878,88226,California
Santa Cruz,2021-03-20,2168,137135,1617,50120,514,85446,37,1569,1097,40166,1066,49192,1132,89358,California
Santa Cruz,2021-03-21,822,137957,436,50556,265,85711,121,1690,441,40350,379,49571,563,89921,California
Santa Cruz,2021-03-22,1360,139317,844,51400,494,86205,22,1712,938,40893,418,49989,961,90882,California
Santa Cruz,2021-03-23,2554,141871,1436,52836,1069,87274,49,1761,1719,41828,833,50822,1768,92650,California
Santa Cruz,2021-03-24,2998,144869,2008,54844,968,88242,22,1783,1984,42826,1006,51828,2004,94654,California
Santa Cruz,2021-03-25,2608,147477,1327,56171,1248,89490,33,1816,1354,42968,1244,53072,1386,96040,California
Santa Cruz,2021-03-26,3033,150510,1821,57992,1185,90675,27,1843,2061,44091,965,54037,2088,98128,California
Santa Cruz,2021-03-27,3214,153724,2011,60003,1178,91853,25,1868,1508,43931,1694,55731,1534,99662,California
Santa Cruz,2021-03-28,921,154645,567,60570,341,92194,13,1881,488,44005,428,56159,502,100164,California
Santa Cruz,2021-03-29,1951,156596,872,61442,1011,93205,68,1949,1248,44626,695,56854,1316,101480,California
Santa Cruz,2021-03-30,2699,159295,819,62261,1722,94927,158,2107,1738,45563,959,57813,1896,103376,California
Santa Cruz,2021-03-31,4028,163323,2700,64961,1285,96212,43,2150,2077,45742,1941,59754,2120,105496,California
Santa Cruz,2021-04-01,4014,167337,2149,67110,1760,97972,105,2255,2028,45893,1979,61733,2130,107626,California
Santa Cruz,2021-04-02,3151,170488,1434,68544,1537,99509,180,2435,1761,46449,1385,63118,1941,109567,California
Santa Cruz,2021-04-03,2238,172726,1233,69777,890,100399,115,2550,892,46112,1343,64461,1006,110573,California
Santa Cruz,2021-04-04,939,173665,493,70270,391,100790,55,2605,555,46339,383,64844,610,111183,California
Santa Cruz,2021-04-05,2242,175907,798,71068,1292,102082,152,2757,1398,47047,842,65686,1550,112733,California
Santa Cruz,2021-04-06,3370,179277,1674,72742,1346,103428,350,3107,2012,48059,1349,67035,2361,115094,California
Santa Cruz,2021-04-07,4113,183390,1631,74373,2150,105578,332,3439,1865,48046,2205,69240,2192,117286,California
Santa Cruz,2021-04-08,4153,187543,2328,76701,1382,106960,443,3882,2471,49300,1521,70761,2775,120061,California
Santa Cruz,2021-04-09,3010,190553,1274,77975,1560,108520,176,4058,1741,49972,1244,72005,1916,121977,California
Santa Cruz,2021-04-10,1803,192356,890,78865,732,109252,181,4239,866,50101,914,72919,1043,123020,California
Santa Cruz,2021-04-11,886,193242,453,79318,376,109628,57,4296,85,49962,238,73157,99,123119,California
Santa Cruz,2021-04-12,1151,194393,173,79491,603,110231,375,4671,0,49962,0,73157,0,123119,California
Shasta,2020-12-16,131,131,131,131,0,0,0,0,131,131,0,0,131,131,California
Shasta,2020-12-17,417,548,417,548,0,0,0,0,417,548,0,0,417,548,California
Shasta,2020-12-18,166,714,166,714,0,0,0,0,166,714,0,0,166,714,California
Shasta,2020-12-19,1,715,1,715,0,0,0,0,1,715,0,0,1,715,California
Shasta,2020-12-21,80,795,80,795,0,0,0,0,80,795,0,0,80,795,California
Shasta,2020-12-22,191,986,186,981,5,5,0,0,191,986,0,0,191,986,California
Shasta,2020-12-23,174,1160,170,1151,4,9,0,0,174,1160,0,0,174,1160,California
Shasta,2020-12-24,18,1178,18,1169,0,9,0,0,18,1178,0,0,18,1178,California
Shasta,2020-12-26,4,1182,1,1170,3,12,0,0,4,1182,0,0,4,1182,California
Shasta,2020-12-27,1,1183,0,1170,1,13,0,0,1,1183,0,0,1,1183,California
Shasta,2020-12-28,40,1223,31,1201,9,22,0,0,40,1223,0,0,40,1223,California
Shasta,2020-12-29,186,1409,185,1386,1,23,0,0,186,1409,0,0,186,1409,California
Shasta,2020-12-30,178,1587,168,1554,10,33,0,0,178,1587,0,0,178,1587,California
Shasta,2020-12-31,83,1670,2,1556,81,114,0,0,83,1670,0,0,83,1670,California
Shasta,2021-01-02,2,1672,0,1556,2,116,0,0,2,1672,0,0,2,1672,California
Shasta,2021-01-03,1,1673,1,1557,0,116,0,0,1,1673,0,0,1,1673,California
Shasta,2021-01-04,346,2019,306,1863,40,156,0,0,347,2020,0,0,347,2020,California
Shasta,2021-01-05,335,2354,314,2177,21,177,0,0,254,2193,81,81,254,2274,California
Shasta,2021-01-06,437,2791,395,2572,42,219,0,0,175,2107,261,342,175,2449,California
Shasta,2021-01-07,116,2907,35,2607,81,300,0,0,95,2181,21,363,95,2544,California
Shasta,2021-01-08,507,3414,447,3054,60,360,0,0,299,2272,208,571,299,2843,California
Shasta,2021-01-09,72,3486,63,3117,9,369,0,0,70,2340,2,573,70,2913,California
Shasta,2021-01-10,5,3491,0,3117,5,374,0,0,4,2344,1,574,5,2918,California
Shasta,2021-01-11,353,3844,185,3302,168,542,0,0,316,2624,36,610,316,3234,California
Shasta,2021-01-12,452,4296,327,3629,125,667,0,0,278,2728,174,784,278,3512,California
Shasta,2021-01-13,541,4837,268,3897,273,940,0,0,371,2929,170,954,371,3883,California
Shasta,2021-01-14,447,5284,51,3948,396,1336,0,0,429,3340,18,972,429,4312,California
Shasta,2021-01-15,634,5918,136,4084,498,1834,0,0,632,3970,2,974,632,4944,California
Shasta,2021-01-16,899,6817,55,4139,844,2678,0,0,896,4863,3,977,896,5840,California
Shasta,2021-01-17,27,6844,6,4145,21,2699,0,0,23,4882,4,981,23,5863,California
Shasta,2021-01-18,600,7444,130,4275,470,3169,0,0,592,5466,8,989,592,6455,California
Shasta,2021-01-19,1018,8462,397,4672,621,3790,0,0,870,6188,148,1137,870,7325,California
Shasta,2021-01-20,676,9138,408,5080,268,4058,0,0,493,6502,179,1316,493,7818,California
Shasta,2021-01-21,629,9767,277,5357,352,4410,0,0,606,7085,23,1339,606,8424,California
Shasta,2021-01-22,445,10212,171,5528,274,4684,0,0,439,7518,6,1345,439,8863,California
Shasta,2021-01-23,68,10280,5,5533,63,4747,0,0,67,7584,1,1346,67,8930,California
Shasta,2021-01-24,25,10305,2,5535,23,4770,0,0,24,7607,1,1347,24,8954,California
Shasta,2021-01-25,749,11054,491,6026,258,5028,0,0,463,7785,285,1632,463,9417,California
Shasta,2021-01-26,707,11761,331,6357,376,5404,0,0,474,8028,231,1863,474,9891,California
Shasta,2021-01-27,458,12219,179,6536,279,5683,0,0,409,8388,49,1912,409,10300,California
Shasta,2021-01-28,854,13073,576,7112,278,5961,0,0,632,8798,222,2134,632,10932,California
Shasta,2021-01-29,831,13904,331,7443,500,6461,0,0,641,9250,190,2324,642,11574,California
Shasta,2021-01-30,618,14522,14,7457,604,7065,0,0,609,9850,9,2333,609,12183,California
Shasta,2021-01-31,28,14550,4,7461,24,7089,0,0,26,9874,2,2335,26,12209,California
Shasta,2021-02-01,502,15052,141,7602,361,7450,0,0,383,10138,119,2454,383,12592,California
Shasta,2021-02-02,937,15989,493,8095,444,7894,0,0,846,10895,89,2543,846,13438,California
Shasta,2021-02-03,675,16664,210,8305,465,8359,0,0,479,11178,196,2739,479,13917,California
Shasta,2021-02-04,1067,17731,662,8967,405,8764,0,0,876,11864,190,2929,876,14793,California
Shasta,2021-02-05,1212,18943,163,9130,1049,9813,0,0,1023,12699,188,3117,1023,15816,California
Shasta,2021-02-06,1729,20672,42,9172,1687,11500,0,0,1704,14379,24,3141,1704,17520,California
Shasta,2021-02-07,25,20697,2,9174,23,11523,0,0,23,14400,2,3143,23,17543,California
Shasta,2021-02-08,541,21238,168,9342,373,11896,0,0,303,14465,238,3381,303,17846,California
Shasta,2021-02-09,1026,22264,651,9993,375,12271,0,0,676,14791,350,3731,676,18522,California
Shasta,2021-02-10,1083,23347,782,10775,301,12572,0,0,593,14894,491,4222,594,19116,California
Shasta,2021-02-11,785,24132,187,10962,598,13170,0,0,304,14722,476,4698,304,19420,California
Shasta,2021-02-12,1663,25795,1144,12106,519,13689,0,0,1170,15399,493,5191,1170,20590,California
Shasta,2021-02-13,1384,27179,368,12474,1016,14705,0,0,572,15158,813,6004,572,21162,California
Shasta,2021-02-14,148,27327,4,12478,144,14849,0,0,124,15258,24,6028,124,21286,California
Shasta,2021-02-15,381,27708,91,12569,290,15139,0,0,212,15301,169,6197,212,21498,California
Shasta,2021-02-16,1084,28792,512,13081,572,15711,0,0,319,14856,764,6961,319,21817,California
Shasta,2021-02-17,994,29786,438,13519,556,16267,0,0,376,14614,618,7579,376,22193,California
Shasta,2021-02-18,875,30661,441,13960,434,16701,0,0,427,14594,447,8026,427,22620,California
Shasta,2021-02-19,1326,31987,934,14894,392,17093,0,0,859,14986,467,8493,859,23479,California
Shasta,2021-02-20,799,32786,87,14981,712,17805,0,0,300,14787,499,8992,300,23779,California
Shasta,2021-02-21,31,32817,2,14983,29,17834,0,0,9,14774,22,9014,9,23788,California
Shasta,2021-02-22,348,33165,74,15057,274,18108,0,0,102,14630,246,9260,102,23890,California
Shasta,2021-02-23,801,33966,466,15523,335,18443,0,0,218,14264,584,9844,218,24108,California
Shasta,2021-02-24,882,34848,504,16027,378,18821,0,0,269,13921,612,10456,269,24377,California
Shasta,2021-02-25,477,35325,157,16184,320,19141,0,0,157,13759,319,10775,157,24534,California
Shasta,2021-02-26,788,36113,91,16275,697,19838,0,0,326,13626,459,11234,326,24860,California
Shasta,2021-02-27,824,36937,27,16302,797,20635,0,0,187,13176,637,11871,187,25047,California
Shasta,2021-02-28,177,37114,4,16306,173,20808,0,0,127,13253,50,11921,127,25174,California
Shasta,2021-03-01,558,37672,60,16366,498,21306,0,0,267,13230,290,12211,267,25441,California
Shasta,2021-03-02,930,38602,465,16831,465,21771,0,0,266,12835,661,12872,266,25707,California
Shasta,2021-03-03,629,39231,145,16976,484,22255,0,0,223,12652,406,13278,223,25930,California
Shasta,2021-03-04,1051,40282,504,17480,547,22802,0,0,646,12895,404,13682,647,26577,California
Shasta,2021-03-05,976,41258,159,17639,788,23590,29,29,321,12588,657,14339,350,26927,California
Shasta,2021-03-06,841,42099,387,18026,407,23997,47,76,203,12203,635,14974,250,27177,California
Shasta,2021-03-07,90,42189,3,18029,55,24052,32,108,36,12217,54,15028,68,27245,California
Shasta,2021-03-08,558,42747,46,18075,373,24425,139,247,145,12090,411,15439,284,27529,California
Shasta,2021-03-09,605,43352,45,18120,382,24807,178,425,232,12127,373,15812,410,27939,California
Shasta,2021-03-10,797,44149,259,18379,335,25142,203,628,134,11800,662,16474,335,28274,California
Shasta,2021-03-11,1043,45192,175,18554,624,25766,244,872,644,12289,399,16873,888,29162,California
Shasta,2021-03-12,809,46001,160,18714,406,26172,243,1115,293,12308,515,17388,534,29696,California
Shasta,2021-03-13,742,46743,423,19137,219,26391,100,1215,474,12614,267,17655,573,30269,California
Shasta,2021-03-14,364,47107,8,19145,334,26725,22,1237,227,12726,137,17792,249,30518,California
Shasta,2021-03-15,493,47600,34,19179,359,27084,100,1337,206,12745,286,18078,305,30823,California
Shasta,2021-03-16,1077,48677,144,19323,866,27950,67,1404,798,13331,279,18357,865,31688,California
Shasta,2021-03-17,692,49369,195,19518,439,28389,58,1462,393,13489,293,18650,451,32139,California
Shasta,2021-03-18,1072,50441,237,19755,732,29121,103,1565,798,14121,269,18919,901,33040,California
Shasta,2021-03-19,624,51065,191,19946,377,29498,56,1621,396,14346,227,19146,452,33492,California
Shasta,2021-03-20,745,51810,488,20434,243,29741,14,1635,598,14811,147,19293,612,34104,California
Shasta,2021-03-21,312,52122,296,20730,4,29745,12,1647,286,15083,26,19319,298,34402,California
Shasta,2021-03-22,341,52463,36,20766,275,30020,30,1677,200,15173,140,19459,230,34632,California
Shasta,2021-03-23,817,53280,156,20922,603,30623,58,1735,626,15671,186,19645,684,35316,California
Shasta,2021-03-24,512,53792,155,21077,320,30943,37,1772,363,15923,148,19793,400,35716,California
Shasta,2021-03-25,762,54554,186,21263,559,31502,17,1789,618,16420,138,19931,635,36351,California
Shasta,2021-03-26,683,55237,257,21520,396,31898,30,1819,331,16430,352,20283,362,36713,California
Shasta,2021-03-27,1556,56793,404,21924,315,32213,837,2656,571,16852,983,21266,1405,38118,California
Shasta,2021-03-28,405,57198,299,22223,96,32309,10,2666,302,17063,101,21367,312,38430,California
Shasta,2021-03-29,415,57613,41,22264,362,32671,12,2678,160,16983,252,21619,172,38602,California
Shasta,2021-03-30,526,58139,185,22449,334,33005,7,2685,321,17109,202,21821,328,38930,California
Shasta,2021-03-31,620,58759,206,22655,409,33414,5,2690,392,17283,223,22044,397,39327,California
Shasta,2021-04-01,773,59532,246,22901,521,33935,6,2696,548,17613,225,22269,555,39882,California
Shasta,2021-04-02,746,60278,202,23103,493,34428,51,2747,414,17748,330,22599,465,40347,California
Shasta,2021-04-03,520,60798,368,23471,133,34561,19,2766,397,18041,123,22722,416,40763,California
Shasta,2021-04-04,281,61079,177,23648,84,34645,20,2786,217,18214,64,22786,237,41000,California
Shasta,2021-04-05,416,61495,50,23698,305,34950,61,2847,249,18357,167,22953,310,41310,California
Shasta,2021-04-06,711,62206,175,23873,374,35324,162,3009,296,18401,414,23367,458,41768,California
Shasta,2021-04-07,662,62868,222,24095,285,35609,155,3164,275,18453,364,23731,416,42184,California
Shasta,2021-04-08,1022,63890,263,24358,605,36214,154,3318,227,18047,786,24517,380,42564,California
Shasta,2021-04-09,951,64841,560,24918,224,36438,167,3485,459,18254,379,24896,586,43150,California
Shasta,2021-04-10,828,65669,583,25501,131,36569,114,3599,247,18038,576,25472,360,43510,California
Shasta,2021-04-11,436,66105,391,25892,28,36597,17,3616,3,18041,13,25485,16,43526,California
Shasta,2021-04-12,137,66242,7,25899,112,36709,18,3634,0,18041,0,25485,0,43526,California
Sierra,2020-12-18,1,1,1,1,0,0,0,0,1,1,0,0,1,1,California
Sierra,2020-12-21,2,3,2,3,0,0,0,0,2,3,0,0,2,3,California
Sierra,2020-12-22,12,15,12,15,0,0,0,0,12,15,0,0,12,15,California
Sierra,2020-12-23,4,19,4,19,0,0,0,0,4,19,0,0,4,19,California
Sierra,2020-12-28,1,20,0,19,1,1,0,0,1,20,0,0,1,20,California
Sierra,2020-12-29,49,69,7,26,42,43,0,0,49,69,0,0,49,69,California
Sierra,2020-12-30,2,71,0,26,2,45,0,0,2,71,0,0,2,71,California
Sierra,2020-12-31,12,83,0,26,12,57,0,0,12,83,0,0,12,83,California
Sierra,2021-01-05,65,148,3,29,62,119,0,0,65,148,0,0,65,148,California
Sierra,2021-01-06,1,149,1,30,0,119,0,0,1,149,0,0,1,149,California
Sierra,2021-01-07,20,169,1,31,19,138,0,0,19,167,1,1,19,168,California
Sierra,2021-01-08,1,170,1,32,0,138,0,0,1,168,0,1,1,169,California
Sierra,2021-01-11,3,173,3,35,0,138,0,0,0,165,3,4,0,169,California
Sierra,2021-01-12,39,212,12,47,27,165,0,0,27,180,12,16,27,196,California
Sierra,2021-01-13,4,216,3,50,1,166,0,0,1,178,3,19,1,197,California
Sierra,2021-01-14,35,251,2,52,33,199,0,0,35,213,0,19,35,232,California
Sierra,2021-01-15,2,253,1,53,1,200,0,0,2,215,0,19,2,234,California
Sierra,2021-01-18,2,255,0,53,2,202,0,0,2,217,0,19,2,236,California
Sierra,2021-01-19,32,287,0,53,32,234,0,0,32,249,0,19,32,268,California
Sierra,2021-01-20,1,288,1,54,0,234,0,0,1,250,0,19,1,269,California
Sierra,2021-01-21,54,342,0,54,54,288,0,0,54,304,0,19,54,323,California
Sierra,2021-01-22,1,343,0,54,1,289,0,0,1,305,0,19,1,324,California
Sierra,2021-01-23,2,345,0,54,2,291,0,0,2,307,0,19,2,326,California
Sierra,2021-01-26,62,407,0,54,62,353,0,0,24,293,38,57,24,350,California
Sierra,2021-01-27,4,411,4,58,0,353,0,0,0,289,4,61,0,350,California
Sierra,2021-01-28,53,464,0,58,53,406,0,0,44,324,9,70,44,394,California
Sierra,2021-01-29,1,465,0,58,1,407,0,0,1,325,0,70,1,395,California
Sierra,2021-01-30,3,468,3,61,0,407,0,0,2,326,1,71,2,397,California
Sierra,2021-02-01,1,469,0,61,1,408,0,0,0,325,1,72,0,397,California
Sierra,2021-02-02,57,526,0,61,57,465,0,0,18,304,39,111,18,415,California
Sierra,2021-02-03,6,532,5,66,1,466,0,0,5,308,1,112,5,420,California
Sierra,2021-02-04,105,637,6,72,99,565,0,0,57,317,48,160,57,477,California
Sierra,2021-02-05,6,643,4,76,2,567,0,0,5,321,1,161,5,482,California
Sierra,2021-02-09,51,694,0,76,51,618,0,0,49,368,2,163,49,531,California
Sierra,2021-02-10,5,699,2,78,3,621,0,0,4,371,1,164,4,535,California
Sierra,2021-02-11,196,895,1,79,195,816,0,0,134,443,62,226,134,669,California
Sierra,2021-02-12,20,915,0,79,20,836,0,0,20,463,0,226,20,689,California
Sierra,2021-02-13,1,916,1,80,0,836,0,0,1,464,0,226,1,690,California
Sierra,2021-02-14,1,917,0,80,1,837,0,0,1,465,0,226,1,691,California
Sierra,2021-02-15,1,918,1,81,0,837,0,0,0,464,1,227,0,691,California
Sierra,2021-02-16,43,961,0,81,43,880,0,0,10,441,33,260,10,701,California
Sierra,2021-02-17,3,964,0,81,3,883,0,0,1,440,2,262,1,702,California
Sierra,2021-02-18,143,1107,0,81,143,1026,0,0,92,481,51,313,92,794,California
Sierra,2021-02-19,1,1108,1,82,0,1026,0,0,1,482,0,313,1,795,California
Sierra,2021-02-20,2,1110,2,84,0,1026,0,0,0,480,2,315,0,795,California
Sierra,2021-02-22,1,1111,1,85,0,1026,0,0,1,481,0,315,1,796,California
Sierra,2021-02-23,4,1115,0,85,4,1030,0,0,4,485,0,315,4,800,California
Sierra,2021-02-24,5,1120,3,88,2,1032,0,0,4,488,1,316,4,804,California
Sierra,2021-02-25,124,1244,1,89,123,1155,0,0,58,480,66,382,58,862,California
Sierra,2021-02-26,9,1253,6,95,3,1158,0,0,4,479,5,387,4,866,California
Sierra,2021-02-27,2,1255,2,97,0,1158,0,0,0,477,2,389,0,866,California
Sierra,2021-03-01,2,1257,2,99,0,1158,0,0,0,475,2,391,0,866,California
Sierra,2021-03-02,56,1313,0,99,56,1214,0,0,38,495,18,409,38,904,California
Sierra,2021-03-03,2,1315,2,101,0,1214,0,0,1,495,1,410,1,905,California
Sierra,2021-03-04,108,1423,0,101,108,1322,0,0,57,501,51,461,57,962,California
Sierra,2021-03-05,13,1436,1,102,12,1334,0,0,11,510,2,463,11,973,California
Sierra,2021-03-07,1,1437,1,103,0,1334,0,0,0,509,1,464,0,973,California
Sierra,2021-03-08,2,1439,2,105,0,1334,0,0,2,511,0,464,2,975,California
Sierra,2021-03-09,56,1495,0,105,56,1390,0,0,11,477,45,509,11,986,California
Sierra,2021-03-10,6,1501,0,105,6,1396,0,0,4,479,2,511,4,990,California
Sierra,2021-03-11,176,1677,0,105,176,1572,0,0,44,391,132,643,44,1034,California
Sierra,2021-03-12,20,1697,1,106,19,1591,0,0,0,371,20,663,0,1034,California
Sierra,2021-03-13,28,1725,0,106,28,1619,0,0,28,399,0,663,28,1062,California
Sierra,2021-03-14,1,1726,0,106,0,1619,1,1,0,399,1,664,1,1063,California
Sierra,2021-03-15,2,1728,1,107,1,1620,0,1,0,397,2,666,0,1063,California
Sierra,2021-03-16,37,1765,0,107,36,1656,1,2,24,409,13,679,25,1088,California
Sierra,2021-03-17,4,1769,3,110,1,1657,0,2,1,407,3,682,1,1089,California
Sierra,2021-03-18,160,1929,0,110,160,1817,0,2,66,379,94,776,66,1155,California
Sierra,2021-03-19,4,1933,2,112,2,1819,0,2,1,377,3,779,1,1156,California
Sierra,2021-03-20,1,1934,0,112,1,1820,0,2,1,378,0,779,1,1157,California
Sierra,2021-03-23,24,1958,0,112,24,1844,0,2,15,384,9,788,15,1172,California
Sierra,2021-03-24,2,1960,1,113,1,1845,0,2,0,382,2,790,0,1172,California
Sierra,2021-03-25,90,2050,0,113,90,1935,0,2,46,384,44,834,46,1218,California
Sierra,2021-03-26,13,2063,1,114,12,1947,0,2,10,391,3,837,10,1228,California
Sierra,2021-03-27,2,2065,1,115,1,1948,0,2,0,389,2,839,0,1228,California
Sierra,2021-03-29,1,2066,1,116,0,1948,0,2,0,388,1,840,0,1228,California
Sierra,2021-03-30,54,2120,0,116,54,2002,0,2,21,376,33,873,21,1249,California
Sierra,2021-03-31,8,2128,0,116,8,2010,0,2,8,384,0,873,8,1257,California
Sierra,2021-04-01,60,2188,2,118,58,2068,0,2,6,336,54,927,6,1263,California
Sierra,2021-04-02,3,2191,2,120,1,2069,0,2,2,337,1,928,2,1265,California
Sierra,2021-04-05,1,2192,1,121,0,2069,0,2,0,336,1,929,0,1265,California
Sierra,2021-04-06,10,2202,0,121,10,2079,0,2,0,326,10,939,0,1265,California
Sierra,2021-04-07,12,2214,1,122,5,2084,6,8,1,323,10,949,7,1272,California
Sierra,2021-04-08,53,2267,1,123,52,2136,0,8,16,302,37,986,16,1288,California
Sierra,2021-04-09,2,2269,2,125,0,2136,0,8,1,302,1,987,1,1289,California
Sierra,2021-04-10,28,2297,1,126,27,2163,0,8,1,276,27,1014,1,1290,California
Sierra,2021-04-12,1,2298,0,126,1,2164,0,8,0,276,0,1014,0,1290,California
Siskiyou,2020-12-16,2,2,2,2,0,0,0,0,2,2,0,0,2,2,California
Siskiyou,2020-12-17,4,6,4,6,0,0,0,0,4,6,0,0,4,6,California
Siskiyou,2020-12-18,2,8,2,8,0,0,0,0,2,8,0,0,2,8,California
Siskiyou,2020-12-19,4,12,4,12,0,0,0,0,4,12,0,0,4,12,California
Siskiyou,2020-12-20,1,13,1,13,0,0,0,0,1,13,0,0,1,13,California
Siskiyou,2020-12-21,132,145,132,145,0,0,0,0,132,145,0,0,132,145,California
Siskiyou,2020-12-22,159,304,159,304,0,0,0,0,159,304,0,0,159,304,California
Siskiyou,2020-12-23,142,446,142,446,0,0,0,0,142,446,0,0,142,446,California
Siskiyou,2020-12-24,5,451,5,451,0,0,0,0,5,451,0,0,5,451,California
Siskiyou,2020-12-26,2,453,0,451,2,2,0,0,2,453,0,0,2,453,California
Siskiyou,2020-12-27,2,455,0,451,2,4,0,0,2,455,0,0,2,455,California
Siskiyou,2020-12-28,3,458,1,452,2,6,0,0,3,458,0,0,3,458,California
Siskiyou,2020-12-29,6,464,2,454,4,10,0,0,6,464,0,0,6,464,California
Siskiyou,2020-12-30,98,562,3,457,95,105,0,0,98,562,0,0,98,562,California
Siskiyou,2020-12-31,12,574,0,457,12,117,0,0,12,574,0,0,12,574,California
Siskiyou,2021-01-02,1,575,1,458,0,117,0,0,1,575,0,0,1,575,California
Siskiyou,2021-01-03,1,576,0,458,1,118,0,0,1,576,0,0,1,576,California
Siskiyou,2021-01-04,130,706,3,461,127,245,0,0,130,706,0,0,130,706,California
Siskiyou,2021-01-05,117,823,4,465,113,358,0,0,116,821,1,1,116,822,California
Siskiyou,2021-01-06,60,883,6,471,54,412,0,0,56,873,4,5,56,878,California
Siskiyou,2021-01-07,175,1058,3,474,172,584,0,0,174,1046,1,6,174,1052,California
Siskiyou,2021-01-08,41,1099,3,477,38,622,0,0,39,1083,2,8,39,1091,California
Siskiyou,2021-01-09,2,1101,2,479,0,622,0,0,0,1081,2,10,0,1091,California
Siskiyou,2021-01-11,226,1327,65,544,161,783,0,0,163,1181,63,73,163,1254,California
Siskiyou,2021-01-12,320,1647,273,817,47,830,0,0,87,1035,233,306,87,1341,California
Siskiyou,2021-01-13,157,1804,137,954,20,850,0,0,23,924,134,440,23,1364,California
Siskiyou,2021-01-14,26,1830,1,955,25,875,0,0,25,948,1,441,25,1389,California
Siskiyou,2021-01-15,35,1865,3,958,32,907,0,0,35,983,0,441,35,1424,California
Siskiyou,2021-01-16,7,1872,2,960,5,912,0,0,7,990,0,441,7,1431,California
Siskiyou,2021-01-17,1,1873,1,961,0,912,0,0,0,989,1,442,0,1431,California
Siskiyou,2021-01-18,75,1948,4,965,71,983,0,0,73,1060,2,444,73,1504,California
Siskiyou,2021-01-19,21,1969,1,966,20,1003,0,0,20,1079,1,445,20,1524,California
Siskiyou,2021-01-20,47,2016,35,1001,12,1015,0,0,43,1118,4,449,43,1567,California
Siskiyou,2021-01-21,42,2058,1,1002,41,1056,0,0,42,1160,0,449,42,1609,California
Siskiyou,2021-01-22,1331,3389,1179,2181,152,1208,0,0,1331,2491,0,449,1331,2940,California
Siskiyou,2021-01-23,5,3394,1,2182,4,1212,0,0,2,2490,3,452,2,2942,California
Siskiyou,2021-01-25,182,3576,8,2190,174,1386,0,0,178,2664,4,456,178,3120,California
Siskiyou,2021-01-26,148,3724,3,2193,145,1531,0,0,141,2797,8,464,141,3261,California
Siskiyou,2021-01-27,179,3903,0,2193,179,1710,0,0,125,2868,54,518,125,3386,California
Siskiyou,2021-01-28,232,4135,118,2311,114,1824,0,0,226,3088,6,524,226,3612,California
Siskiyou,2021-01-29,248,4383,2,2313,246,2070,0,0,246,3332,2,526,246,3858,California
Siskiyou,2021-01-30,3,4386,2,2315,1,2071,0,0,3,3335,0,526,3,3861,California
Siskiyou,2021-02-01,194,4580,3,2318,191,2262,0,0,104,3349,90,616,104,3965,California
Siskiyou,2021-02-02,288,4868,44,2362,244,2506,0,0,148,3356,141,757,148,4113,California
Siskiyou,2021-02-03,313,5181,1,2363,312,2818,0,0,264,3571,49,806,264,4377,California
Siskiyou,2021-02-04,318,5499,7,2370,311,3129,0,0,199,3651,119,925,199,4576,California
Siskiyou,2021-02-05,511,6010,4,2374,507,3636,0,0,346,3832,165,1090,346,4922,California
Siskiyou,2021-02-06,15,6025,0,2374,15,3651,0,0,15,3847,0,1090,15,4937,California
Siskiyou,2021-02-07,3,6028,2,2376,1,3652,0,0,3,3850,0,1090,3,4940,California
Siskiyou,2021-02-08,221,6249,5,2381,216,3868,0,0,216,4061,5,1095,216,5156,California
Siskiyou,2021-02-09,194,6443,3,2384,191,4059,0,0,161,4189,33,1128,161,5317,California
Siskiyou,2021-02-10,370,6813,40,2424,330,4389,0,0,316,4452,53,1181,316,5633,California
Siskiyou,2021-02-11,191,7004,1,2425,190,4579,0,0,175,4611,16,1197,175,5808,California
Siskiyou,2021-02-12,1693,8697,1201,3626,492,5071,0,0,501,3919,1193,2390,501,6309,California
Siskiyou,2021-02-13,36,8733,2,3628,34,5105,0,0,32,3947,4,2394,32,6341,California
Siskiyou,2021-02-14,5,8738,1,3629,4,5109,0,0,5,3952,0,2394,5,6346,California
Siskiyou,2021-02-15,108,8846,10,3639,98,5207,0,0,106,4056,2,2396,106,6452,California
Siskiyou,2021-02-16,114,8960,2,3641,112,5319,0,0,99,4140,15,2411,99,6551,California
Siskiyou,2021-02-17,182,9142,15,3656,167,5486,0,0,168,4294,14,2425,168,6719,California
Siskiyou,2021-02-18,221,9363,89,3745,132,5618,0,0,98,4269,123,2548,98,6817,California
Siskiyou,2021-02-19,70,9433,33,3778,37,5655,0,0,34,4267,36,2584,34,6851,California
Siskiyou,2021-02-20,21,9454,3,3781,18,5673,0,0,17,4280,4,2588,17,6868,California
Siskiyou,2021-02-21,2,9456,2,3783,0,5673,0,0,2,4282,0,2588,2,6870,California
Siskiyou,2021-02-22,124,9580,1,3784,123,5796,0,0,18,4194,106,2694,18,6888,California
Siskiyou,2021-02-23,195,9775,15,3799,180,5976,0,0,51,4101,144,2838,51,6939,California
Siskiyou,2021-02-24,146,9921,4,3803,142,6118,0,0,34,4023,112,2950,34,6973,California
Siskiyou,2021-02-25,300,10221,24,3827,276,6394,0,0,154,4031,146,3096,154,7127,California
Siskiyou,2021-02-26,667,10888,9,3836,658,7052,0,0,366,4096,301,3397,366,7493,California
Siskiyou,2021-02-27,32,10920,5,3841,27,7079,0,0,27,4118,5,3402,27,7520,California
Siskiyou,2021-02-28,4,10924,4,3845,0,7079,0,0,3,4120,1,3403,3,7523,California
Siskiyou,2021-03-01,279,11203,5,3850,274,7353,0,0,51,3941,230,3633,51,7574,California
Siskiyou,2021-03-02,190,11393,1,3851,189,7542,0,0,71,3893,119,3752,71,7645,California
Siskiyou,2021-03-03,343,11736,7,3858,336,7878,0,0,153,3856,190,3942,153,7798,California
Siskiyou,2021-03-04,771,12507,600,4458,171,8049,0,0,620,4325,151,4093,620,8418,California
Siskiyou,2021-03-05,321,12828,6,4464,304,8353,11,11,103,4223,216,4309,114,8532,California
Siskiyou,2021-03-06,34,12862,2,4466,27,8380,5,16,26,4246,8,4317,31,8563,California
Siskiyou,2021-03-07,12,12874,4,4470,0,8380,8,24,3,4248,9,4326,11,8574,California
Siskiyou,2021-03-08,359,13233,31,4501,293,8673,35,59,57,4038,302,4628,92,8666,California
Siskiyou,2021-03-09,161,13394,0,4501,108,8781,53,112,56,4042,105,4733,109,8775,California
Siskiyou,2021-03-10,221,13615,7,4508,183,8964,31,143,32,3915,189,4922,62,8837,California
Siskiyou,2021-03-11,467,14082,201,4709,219,9183,47,190,268,4032,198,5120,315,9152,California
Siskiyou,2021-03-12,627,14709,127,4836,461,9644,39,229,178,3802,447,5567,217,9369,California
Siskiyou,2021-03-13,423,15132,379,5215,21,9665,23,252,380,4162,43,5610,403,9772,California
Siskiyou,2021-03-14,23,15155,2,5217,5,9670,16,268,3,4161,20,5630,19,9791,California
Siskiyou,2021-03-15,453,15608,256,5473,177,9847,20,288,320,4368,132,5762,339,10130,California
Siskiyou,2021-03-16,260,15868,37,5510,206,10053,17,305,145,4416,114,5876,162,10292,California
Siskiyou,2021-03-17,196,16064,6,5516,182,10235,8,313,31,4290,165,6041,39,10331,California
Siskiyou,2021-03-18,926,16990,789,6305,125,10360,12,325,810,4996,116,6157,822,11153,California
Siskiyou,2021-03-19,66,17056,9,6314,44,10404,13,338,20,4983,46,6203,33,11186,California
Siskiyou,2021-03-20,30,17086,7,6321,18,10422,5,343,6,4970,24,6227,11,11197,California
Siskiyou,2021-03-21,9,17095,3,6324,1,10423,5,348,3,4972,6,6233,8,11205,California
Siskiyou,2021-03-22,205,17300,19,6343,164,10587,22,370,142,5076,60,6293,164,11369,California
Siskiyou,2021-03-23,190,17490,19,6362,161,10748,10,380,136,5168,54,6347,146,11515,California
Siskiyou,2021-03-24,143,17633,51,6413,92,10840,0,380,119,5263,24,6371,119,11634,California
Siskiyou,2021-03-25,542,18175,292,6705,247,11087,3,383,372,5468,170,6541,375,12009,California
Siskiyou,2021-03-26,294,18469,27,6732,267,11354,0,383,95,5365,198,6739,95,12104,California
Siskiyou,2021-03-27,37,18506,4,6736,28,11382,5,388,9,5351,28,6767,14,12118,California
Siskiyou,2021-03-28,6,18512,6,6742,0,11382,0,388,4,5353,2,6769,4,12122,California
Siskiyou,2021-03-29,105,18617,11,6753,92,11474,2,390,47,5353,49,6818,49,12171,California
Siskiyou,2021-03-30,99,18716,3,6756,95,11569,1,391,38,5331,61,6879,39,12210,California
Siskiyou,2021-03-31,188,18904,22,6778,164,11733,2,393,50,5247,137,7016,53,12263,California
Siskiyou,2021-04-01,817,19721,670,7448,147,11880,0,393,209,4848,608,7624,209,12472,California
Siskiyou,2021-04-02,343,20064,196,7644,143,12023,4,397,65,4641,276,7900,69,12541,California
Siskiyou,2021-04-03,25,20089,4,7648,14,12037,7,404,5,4633,20,7920,12,12553,California
Siskiyou,2021-04-04,2,20091,2,7650,0,12037,0,404,1,4633,1,7921,1,12554,California
Siskiyou,2021-04-05,431,20522,326,7976,79,12116,26,430,27,4282,404,8325,53,12607,California
Siskiyou,2021-04-06,206,20728,36,8012,127,12243,43,473,121,4361,85,8410,164,12771,California
Siskiyou,2021-04-07,106,20834,11,8023,60,12303,35,508,64,4419,41,8451,99,12870,California
Siskiyou,2021-04-08,312,21146,184,8207,85,12388,43,551,52,4254,260,8711,95,12965,California
Siskiyou,2021-04-09,514,21660,365,8572,119,12507,30,581,67,3909,442,9153,97,13062,California
Siskiyou,2021-04-10,39,21699,4,8576,0,12507,35,616,2,3909,37,9190,37,13099,California
Siskiyou,2021-04-11,4,21703,3,8579,0,12507,1,617,0,3909,1,9191,1,13100,California
Siskiyou,2021-04-12,89,21792,7,8586,82,12589,0,617,0,3909,0,9191,0,13100,California
Solano,2020-12-15,4,4,4,4,0,0,0,0,4,4,0,0,4,4,California
Solano,2020-12-16,71,75,71,75,0,0,0,0,71,75,0,0,71,75,California
Solano,2020-12-17,151,226,151,226,0,0,0,0,151,226,0,0,151,226,California
Solano,2020-12-18,448,674,447,673,1,1,0,0,448,674,0,0,448,674,California
Solano,2020-12-19,516,1190,516,1189,0,1,0,0,516,1190,0,0,516,1190,California
Solano,2020-12-20,353,1543,352,1541,1,2,0,0,353,1543,0,0,353,1543,California
Solano,2020-12-21,572,2115,570,2111,2,4,0,0,572,2115,0,0,572,2115,California
Solano,2020-12-22,662,2777,629,2740,33,37,0,0,662,2777,0,0,662,2777,California
Solano,2020-12-23,856,3633,771,3511,85,122,0,0,855,3632,0,0,855,3632,California
Solano,2020-12-24,420,4053,169,3680,251,373,0,0,420,4052,0,0,420,4052,California
Solano,2020-12-25,10,4063,2,3682,8,381,0,0,10,4062,0,0,10,4062,California
Solano,2020-12-26,175,4238,48,3730,127,508,0,0,175,4237,0,0,175,4237,California
Solano,2020-12-27,104,4342,29,3759,75,583,0,0,103,4340,0,0,103,4340,California
Solano,2020-12-28,861,5203,421,4180,440,1023,0,0,861,5201,0,0,861,5201,California
Solano,2020-12-29,889,6092,374,4554,515,1538,0,0,889,6090,0,0,889,6090,California
Solano,2020-12-30,1208,7300,598,5152,610,2148,0,0,1207,7297,0,0,1207,7297,California
Solano,2020-12-31,533,7833,135,5287,398,2546,0,0,533,7830,0,0,533,7830,California
Solano,2021-01-01,13,7846,12,5299,1,2547,0,0,13,7843,0,0,13,7843,California
Solano,2021-01-02,212,8058,164,5463,48,2595,0,0,212,8055,0,0,212,8055,California
Solano,2021-01-03,57,8115,40,5503,17,2612,0,0,52,8107,0,0,52,8107,California
Solano,2021-01-04,451,8566,246,5749,205,2817,0,0,441,8545,3,3,441,8548,California
Solano,2021-01-05,693,9259,376,6125,317,3134,0,0,539,8935,149,152,539,9087,California
Solano,2021-01-06,822,10081,436,6561,386,3520,0,0,560,9235,260,412,560,9647,California
Solano,2021-01-07,1047,11128,696,7257,351,3871,0,0,591,9373,454,866,592,10239,California
Solano,2021-01-08,1116,12244,774,8031,342,4213,0,0,523,9323,575,1441,525,10764,California
Solano,2021-01-09,885,13129,763,8794,122,4335,0,0,428,9297,454,1895,428,11192,California
Solano,2021-01-10,253,13382,193,8987,60,4395,0,0,152,9348,101,1996,152,11344,California
Solano,2021-01-11,1322,14704,1109,10096,213,4608,0,0,807,9640,515,2511,807,12151,California
Solano,2021-01-12,1556,16260,1160,11256,396,5004,0,0,1009,10104,546,3057,1010,13161,California
Solano,2021-01-13,1427,17687,1000,12256,427,5431,0,0,1166,11012,258,3315,1166,14327,California
Solano,2021-01-14,1849,19536,795,13051,1054,6485,0,0,1536,12235,313,3628,1536,15863,California
Solano,2021-01-15,1684,21220,1057,14108,627,7112,0,0,1386,13323,298,3926,1386,17249,California
Solano,2021-01-16,1290,22510,905,15013,385,7497,0,0,1115,14263,175,4101,1115,18364,California
Solano,2021-01-17,1041,23551,760,15773,281,7778,0,0,1024,15270,17,4118,1024,19388,California
Solano,2021-01-18,1405,24956,856,16629,549,8327,0,0,1287,16442,118,4236,1290,20678,California
Solano,2021-01-19,1641,26597,1337,17966,304,8631,0,0,1370,17542,270,4506,1370,22048,California
Solano,2021-01-20,2027,28624,1420,19386,607,9238,0,0,1545,18608,479,4985,1545,23593,California
Solano,2021-01-21,3104,31728,999,20385,2105,11343,0,0,2761,21027,343,5328,2762,26355,California
Solano,2021-01-22,1749,33477,842,21227,907,12250,0,0,1559,22396,190,5518,1559,27914,California
Solano,2021-01-23,729,34206,236,21463,493,12743,0,0,526,22719,204,5722,527,28441,California
Solano,2021-01-24,378,34584,60,21523,318,13061,0,0,311,22965,65,5787,311,28752,California
Solano,2021-01-25,1615,36199,620,22143,995,14056,0,0,1068,23487,547,6334,1069,29821,California
Solano,2021-01-26,1675,37874,737,22880,938,14994,0,0,1046,23907,627,6961,1047,30868,California
Solano,2021-01-27,1763,39637,727,23607,1036,16030,0,0,1174,24506,575,7536,1174,32042,California
Solano,2021-01-28,1841,41478,715,24322,1126,17156,0,0,1238,25143,602,8138,1239,33281,California
Solano,2021-01-29,1646,43124,781,25103,865,18021,0,0,1294,26087,350,8488,1294,34575,California
Solano,2021-01-30,712,43836,222,25325,490,18511,0,0,551,26477,161,8649,551,35126,California
Solano,2021-01-31,485,44321,393,25718,92,18603,0,0,230,26453,255,8904,231,35357,California
Solano,2021-02-01,1470,45791,971,26689,499,19102,0,0,739,26462,730,9634,739,36096,California
Solano,2021-02-02,3294,49085,1103,27792,2191,21293,0,0,2502,28177,787,10421,2502,38598,California
Solano,2021-02-03,2223,51308,1300,29092,923,22216,0,0,1149,28256,1070,11491,1149,39747,California
Solano,2021-02-04,1754,53062,904,29996,850,23066,0,0,1043,28593,706,12197,1043,40790,California
Solano,2021-02-05,3048,56110,1407,31403,1641,24707,0,0,2056,29667,982,13179,2056,42846,California
Solano,2021-02-06,3021,59131,1169,32572,1852,26559,0,0,2207,31066,809,13988,2208,45054,California
Solano,2021-02-07,848,59979,786,33358,62,26621,0,0,231,30679,618,14606,231,45285,California
Solano,2021-02-08,1706,61685,1232,34590,474,27095,0,0,676,30328,1027,15633,676,45961,California
Solano,2021-02-09,1891,63576,1467,36057,424,27519,0,0,672,29783,1218,16851,673,46634,California
Solano,2021-02-10,2248,65824,1498,37555,750,28269,0,0,826,29189,1420,18271,826,47460,California
Solano,2021-02-11,2389,68213,1439,38994,950,29219,0,0,1120,29050,1259,19530,1120,48580,California
Solano,2021-02-12,4085,72298,1594,40588,2491,31710,0,0,2733,30482,1301,20831,2733,51313,California
Solano,2021-02-13,2813,75111,240,40828,2573,34283,0,0,2432,32536,378,21209,2432,53745,California
Solano,2021-02-14,688,75799,201,41029,487,34770,0,0,412,32674,274,21483,412,54157,California
Solano,2021-02-15,1291,77090,322,41351,969,35739,0,0,670,32725,619,22102,670,54827,California
Solano,2021-02-16,2386,79476,1225,42576,1161,36900,0,0,1622,33584,763,22865,1622,56449,California
Solano,2021-02-17,2693,82169,1218,43794,1475,38375,0,0,1904,34703,786,23651,1905,58354,California
Solano,2021-02-18,2567,84736,697,44491,1870,40245,0,0,806,33757,1753,25404,807,59161,California
Solano,2021-02-19,2203,86939,1260,45751,943,41188,0,0,1122,33807,1074,26478,1124,60285,California
Solano,2021-02-20,2542,89481,381,46132,2161,43349,0,0,2074,35412,469,26947,2074,62359,California
Solano,2021-02-21,2141,91622,1860,47992,281,43630,0,0,1856,36988,280,27227,1856,64215,California
Solano,2021-02-22,1577,93199,912,48904,665,44295,0,0,816,37047,758,27985,817,65032,California
Solano,2021-02-23,2484,95683,968,49872,1516,45811,0,0,1636,37840,843,28828,1636,66668,California
Solano,2021-02-24,2326,98009,1130,51002,1196,47007,0,0,1299,38114,1025,29853,1299,67967,California
Solano,2021-02-25,2281,100290,1345,52347,936,47943,0,0,1257,38353,1018,30871,1257,69224,California
Solano,2021-02-26,2624,102914,1520,53867,1104,49047,0,0,1375,38483,1245,32116,1375,70599,California
Solano,2021-02-27,3636,106550,1371,55238,2265,51312,0,0,2947,40747,683,32799,2947,73546,California
Solano,2021-02-28,1353,107903,1038,56276,315,51627,0,0,1082,41560,269,33068,1082,74628,California
Solano,2021-03-01,2201,110104,1058,57334,1143,52770,0,0,1596,42556,600,33668,1596,76224,California
Solano,2021-03-02,1925,112029,1224,58558,701,53471,0,0,1200,43034,722,34390,1200,77424,California
Solano,2021-03-03,2092,114121,1181,59739,911,54382,0,0,1291,43532,793,35183,1291,78715,California
Solano,2021-03-04,4199,118320,3276,63015,921,55303,2,2,3117,45576,1078,36261,3122,81837,California
Solano,2021-03-05,4680,123000,1601,64616,3076,58379,3,5,3772,48454,897,37158,3775,85612,California
Solano,2021-03-06,3742,126742,822,65438,2881,61260,39,44,2575,49912,1156,38314,2614,88226,California
Solano,2021-03-07,3472,130214,736,66174,2726,63986,10,54,1926,50315,1534,39848,1937,90163,California
Solano,2021-03-08,1589,131803,812,66986,506,64492,271,325,1087,51172,500,40348,1357,91520,California
Solano,2021-03-09,2895,134698,1332,68318,1511,66003,52,377,2072,52471,822,41170,2121,93641,California
Solano,2021-03-10,2186,136884,1553,69871,549,66552,84,461,1093,52557,1090,42260,1176,94817,California
Solano,2021-03-11,5510,142394,1400,71271,3855,70407,255,716,4524,56352,984,43244,4779,99596,California
Solano,2021-03-12,5722,148116,1383,72654,4174,74581,165,881,3004,56807,2713,45957,3168,102764,California
Solano,2021-03-13,4546,152662,799,73453,3665,78246,82,963,2227,56806,2314,48271,2313,105077,California
Solano,2021-03-14,3986,156648,3108,76561,425,78671,453,1416,1659,56594,2321,50592,2109,107186,California
Solano,2021-03-15,3757,160405,2235,78796,1206,79877,316,1732,2399,57961,1348,51940,2715,109901,California
Solano,2021-03-16,2849,163254,1134,79930,1480,81357,235,1967,1434,58220,1409,53349,1668,111569,California
Solano,2021-03-17,5923,169177,1475,81405,4358,85715,90,2057,4580,61555,1335,54684,4670,116239,California
Solano,2021-03-18,4999,174176,1676,83081,3286,89001,37,2094,3696,63993,1295,55979,3733,119972,California
Solano,2021-03-19,2452,176628,1639,84720,740,89741,73,2167,1303,64228,1142,57121,1377,121349,California
Solano,2021-03-20,5452,182080,1668,86388,3731,93472,53,2220,2797,64434,2644,59765,2850,124199,California
Solano,2021-03-21,1662,183742,1569,87957,70,93542,23,2243,851,64497,809,60574,872,125071,California
Solano,2021-03-22,2388,186130,1776,89733,563,94105,49,2292,1449,65062,933,61507,1498,126569,California
Solano,2021-03-23,3019,189149,1494,91227,1483,95588,42,2334,1353,64797,1660,63167,1395,127964,California
Solano,2021-03-24,2651,191800,1635,92862,982,96570,34,2368,1265,64717,1379,64546,1299,129263,California
Solano,2021-03-25,4534,196334,3666,96528,832,97402,36,2404,2020,64266,2507,67053,2056,131319,California
Solano,2021-03-26,2761,199095,1662,98190,1063,98465,36,2440,1494,64538,1258,68311,1530,132849,California
Solano,2021-03-27,4170,203265,1152,99342,2983,101448,35,2475,1797,64004,2365,70676,1831,134680,California
Solano,2021-03-28,1347,204612,1101,100443,228,101676,18,2493,552,63785,790,71466,571,135251,California
Solano,2021-03-29,2754,207366,1491,101934,1247,102923,16,2509,1546,64147,1200,72666,1562,136813,California
Solano,2021-03-30,2773,210139,1824,103758,863,103786,86,2595,1738,64939,1032,73698,1824,138637,California
Solano,2021-03-31,2854,212993,1920,105678,782,104568,152,2747,1656,65551,1194,74892,1806,140443,California
Solano,2021-04-01,5056,218049,1672,107350,3238,107806,146,2893,3398,67452,1643,76535,3544,143987,California
Solano,2021-04-02,5421,223470,1666,109016,3594,111400,161,3054,2393,67103,2903,79438,2554,146541,California
Solano,2021-04-03,1509,224979,959,109975,399,111799,151,3205,566,66882,938,80376,717,147258,California
Solano,2021-04-04,773,225752,286,110261,187,111986,300,3505,235,66885,532,80908,535,147793,California
Solano,2021-04-05,2807,228559,1883,112144,731,112717,193,3698,1396,67088,1385,82293,1588,149381,California
Solano,2021-04-06,5022,233581,1389,113533,3153,115870,480,4178,1490,65534,3523,85816,1969,151350,California
Solano,2021-04-07,4906,238487,3578,117111,928,116798,400,4578,2830,66710,2057,87873,3233,154583,California
Solano,2021-04-08,5385,243872,1536,118647,2986,119784,863,5441,1570,65386,3748,91621,2424,157007,California
Solano,2021-04-09,3986,247858,1377,120024,2072,121856,537,5978,1004,64275,2640,94261,1529,158536,California
Solano,2021-04-10,1206,249064,751,120775,310,122166,145,6123,572,64364,625,94886,714,159250,California
Solano,2021-04-11,1040,250104,705,121480,292,122458,43,6166,481,64534,339,95225,509,159759,California
Solano,2021-04-12,1806,251910,1036,122516,644,123102,126,6292,0,64534,0,95225,0,159759,California
Sonoma,2020-12-15,4,4,4,4,0,0,0,0,4,4,0,0,4,4,California
Sonoma,2020-12-16,27,31,27,31,0,0,0,0,27,31,0,0,27,31,California
Sonoma,2020-12-17,102,133,102,133,0,0,0,0,102,133,0,0,102,133,California
Sonoma,2020-12-18,421,554,421,554,0,0,0,0,421,554,0,0,421,554,California
Sonoma,2020-12-19,111,665,110,664,1,1,0,0,111,665,0,0,111,665,California
Sonoma,2020-12-20,174,839,174,838,0,1,0,0,174,839,0,0,174,839,California
Sonoma,2020-12-21,911,1750,909,1747,2,3,0,0,910,1749,0,0,910,1749,California
Sonoma,2020-12-22,1357,3107,1265,3012,92,95,0,0,1357,3106,0,0,1357,3106,California
Sonoma,2020-12-23,1602,4709,1228,4240,374,469,0,0,1603,4709,0,0,1603,4709,California
Sonoma,2020-12-24,305,5014,101,4341,204,673,0,0,305,5014,0,0,305,5014,California
Sonoma,2020-12-25,8,5022,2,4343,6,679,0,0,8,5022,0,0,8,5022,California
Sonoma,2020-12-26,266,5288,255,4598,11,690,0,0,266,5288,0,0,266,5288,California
Sonoma,2020-12-27,93,5381,80,4678,13,703,0,0,93,5381,0,0,93,5381,California
Sonoma,2020-12-28,991,6372,554,5232,437,1140,0,0,963,6344,0,0,963,6344,California
Sonoma,2020-12-29,1129,7501,776,6008,353,1493,0,0,1095,7439,0,0,1095,7439,California
Sonoma,2020-12-30,1091,8592,478,6486,613,2106,0,0,1083,8522,0,0,1083,8522,California
Sonoma,2020-12-31,517,9109,71,6557,446,2552,0,0,518,9040,0,0,518,9040,California
Sonoma,2021-01-01,10,9119,5,6562,5,2557,0,0,10,9050,0,0,10,9050,California
Sonoma,2021-01-02,132,9251,126,6688,6,2563,0,0,132,9182,0,0,132,9182,California
Sonoma,2021-01-03,25,9276,11,6699,14,2577,0,0,25,9207,0,0,25,9207,California
Sonoma,2021-01-04,341,9617,105,6804,236,2813,0,0,340,9547,0,0,340,9547,California
Sonoma,2021-01-05,440,10057,103,6907,337,3150,0,0,415,9947,15,15,415,9962,California
Sonoma,2021-01-06,946,11003,431,7338,515,3665,0,0,833,10675,105,120,833,10795,California
Sonoma,2021-01-07,1022,12025,530,7868,492,4157,0,0,852,11358,169,289,852,11647,California
Sonoma,2021-01-08,1783,13808,1227,9095,556,4713,0,0,1313,12203,468,757,1313,12960,California
Sonoma,2021-01-09,637,14445,401,9496,236,4949,0,0,589,12744,48,805,589,13549,California
Sonoma,2021-01-10,473,14918,462,9958,11,4960,0,0,280,12831,193,998,280,13829,California
Sonoma,2021-01-11,1382,16300,1236,11194,146,5106,0,0,412,12278,965,1963,412,14241,California
Sonoma,2021-01-12,1546,17846,1293,12487,253,5359,0,0,395,11524,1149,3112,395,14636,California
Sonoma,2021-01-13,2065,19911,1423,13910,642,6001,0,0,1202,11866,860,3972,1202,15838,California
Sonoma,2021-01-14,1530,21441,808,14718,722,6723,0,0,1299,12935,230,4202,1299,17137,California
Sonoma,2021-01-15,1562,23003,634,15352,928,7651,0,0,1342,14067,211,4413,1343,18480,California
Sonoma,2021-01-16,1142,24145,613,15965,529,8180,0,0,897,14723,241,4654,897,19377,California
Sonoma,2021-01-17,667,24812,548,16513,119,8299,0,0,586,15228,81,4735,586,19963,California
Sonoma,2021-01-18,1105,25917,932,17445,173,8472,0,0,614,15352,491,5226,615,20578,California
Sonoma,2021-01-19,2094,28011,1006,18451,1088,9560,0,0,1384,16029,708,5934,1385,21963,California
Sonoma,2021-01-20,2073,30084,623,19074,1450,11010,0,0,1415,16796,649,6583,1416,23379,California
Sonoma,2021-01-21,2227,32311,618,19692,1609,12619,0,0,2008,18588,217,6800,2009,25388,California
Sonoma,2021-01-22,2725,35036,1033,20725,1692,14311,0,0,2577,21018,147,6947,2577,27965,California
Sonoma,2021-01-23,764,35800,593,21318,171,14482,0,0,657,21569,106,7053,657,28622,California
Sonoma,2021-01-24,828,36628,694,22012,134,14616,0,0,813,22367,15,7068,813,29435,California
Sonoma,2021-01-25,2169,38797,519,22531,1650,16266,0,0,1682,23562,487,7555,1682,31117,California
Sonoma,2021-01-26,2002,40799,295,22826,1707,17973,0,0,1544,24651,455,8010,1544,32661,California
Sonoma,2021-01-27,3684,44483,1272,24098,2412,20385,0,0,3114,27199,569,8579,3117,35778,California
Sonoma,2021-01-28,4087,48570,1819,25917,2268,22653,0,0,3426,29967,659,9238,3427,39205,California
Sonoma,2021-01-29,2956,51526,1403,27320,1553,24206,0,0,2128,31270,826,10064,2129,41334,California
Sonoma,2021-01-30,2566,54092,2380,29700,186,24392,0,0,2232,33169,334,10398,2233,43567,California
Sonoma,2021-01-31,775,54867,663,30363,112,24504,0,0,578,33551,196,10594,578,44145,California
Sonoma,2021-02-01,2486,57353,867,31230,1619,26123,0,0,2088,35244,395,10989,2088,46233,California
Sonoma,2021-02-02,3441,60794,1362,32592,2079,28202,0,0,2875,37555,564,11553,2875,49108,California
Sonoma,2021-02-03,4022,64816,1318,33910,2704,30906,0,0,3099,39733,921,12474,3099,52207,California
Sonoma,2021-02-04,4183,68999,1703,35613,2480,33386,0,0,3409,42369,773,13247,3409,55616,California
Sonoma,2021-02-05,4794,73793,1732,37345,3062,36448,0,0,3781,45143,1008,14255,3782,59398,California
Sonoma,2021-02-06,2646,76439,2288,39633,358,36806,0,0,2089,46677,556,14811,2090,61488,California
Sonoma,2021-02-07,1525,77964,1391,41024,134,36940,0,0,1277,47706,248,15059,1277,62765,California
Sonoma,2021-02-08,3246,81210,1029,42053,2217,39157,0,0,2667,49795,578,15637,2667,65432,California
Sonoma,2021-02-09,3547,84757,1694,43747,1853,41010,0,0,3068,52387,476,16113,3068,68500,California
Sonoma,2021-02-10,4398,89155,2357,46104,2041,43051,0,0,3365,54727,1026,17139,3366,71866,California
Sonoma,2021-02-11,5328,94483,2786,48890,2542,45593,0,0,4158,57717,1168,18307,4158,76024,California
Sonoma,2021-02-12,5628,100111,2971,51861,2657,48250,0,0,4215,60524,1410,19717,4217,80241,California
Sonoma,2021-02-13,1982,102093,1152,53013,830,49080,0,0,1205,60956,774,20491,1206,81447,California
Sonoma,2021-02-14,2303,104396,1807,54820,496,49576,0,0,1583,61819,720,21211,1583,83030,California
Sonoma,2021-02-15,2131,106527,785,55605,1346,50922,0,0,1607,62902,524,21735,1607,84637,California
Sonoma,2021-02-16,4609,111136,2047,57652,2562,53484,0,0,3361,65019,1244,22979,3361,87998,California
Sonoma,2021-02-17,5313,116449,2880,60532,2433,55917,0,0,3328,66375,1973,24952,3329,91327,California
Sonoma,2021-02-18,6758,123207,2985,63517,3773,59690,0,0,3868,67365,2878,27830,3868,95195,California
Sonoma,2021-02-19,5352,128559,1650,65167,3702,63392,0,0,3262,68545,2083,29913,3263,98458,California
Sonoma,2021-02-20,3096,131655,2819,67986,277,63669,0,0,1218,67891,1872,31785,1218,99676,California
Sonoma,2021-02-21,514,132169,410,68396,104,63773,0,0,129,67638,382,32167,129,99805,California
Sonoma,2021-02-22,2702,134871,1347,69743,1355,65128,0,0,1041,67022,1657,33824,1041,100846,California
Sonoma,2021-02-23,3072,137943,2047,71790,1025,66153,0,0,1353,66656,1719,35543,1353,102199,California
Sonoma,2021-02-24,5448,143391,2530,74320,2918,69071,0,0,2733,66679,2712,38255,2735,104934,California
Sonoma,2021-02-25,5636,149027,2220,76540,3416,72487,0,0,2967,66998,2648,40903,2967,107901,California
Sonoma,2021-02-26,5995,155022,2729,79269,3266,75753,0,0,3728,68465,2261,43164,3728,111629,California
Sonoma,2021-02-27,3995,159017,1900,81169,2095,77848,0,0,2667,69804,1328,44492,2667,114296,California
Sonoma,2021-02-28,2322,161339,1840,83009,482,78330,0,0,613,68711,1706,46198,613,114909,California
Sonoma,2021-03-01,3654,164993,1121,84130,2533,80863,0,0,1811,68688,1835,48033,1812,116721,California
Sonoma,2021-03-02,4198,169191,1451,85581,2747,83610,0,0,2477,69450,1715,49748,2477,119198,California
Sonoma,2021-03-03,4765,173956,2495,88076,2270,85880,0,0,2187,69065,2572,52320,2187,121385,California
Sonoma,2021-03-04,5666,179622,2431,90507,3235,89115,0,0,2559,68528,3096,55416,2559,123944,California
Sonoma,2021-03-05,6134,185756,2537,93044,3582,92697,15,15,2703,67827,3420,58836,2719,126663,California
Sonoma,2021-03-06,2741,188497,1203,94247,1410,94107,128,143,1890,68998,846,59682,2017,128680,California
Sonoma,2021-03-07,1670,190167,1387,95634,250,94357,33,176,355,68072,1314,60996,388,129068,California
Sonoma,2021-03-08,3878,194045,651,96285,3053,97410,174,350,2219,68814,1649,62645,2391,131459,California
Sonoma,2021-03-09,5395,199440,2995,99280,2160,99570,240,590,2654,68976,2732,65377,2894,134353,California
Sonoma,2021-03-10,5925,205365,3163,102443,2438,102008,324,914,2393,68176,3517,68894,2717,137070,California
Sonoma,2021-03-11,7453,212818,2969,105412,3676,105684,808,1722,2630,66800,4814,73708,3438,140508,California
Sonoma,2021-03-12,7339,220157,2249,107661,3740,109424,1350,3072,2092,65009,5229,78937,3438,143946,California
Sonoma,2021-03-13,3189,223346,1538,109199,1420,110844,231,3303,1815,65687,1366,80303,2044,145990,California
Sonoma,2021-03-14,1372,224718,382,109581,849,111693,141,3444,845,66148,524,80827,985,146975,California
Sonoma,2021-03-15,5206,229924,1486,111067,3335,115028,385,3829,2189,65716,3005,83832,2573,149548,California
Sonoma,2021-03-16,6244,236168,2218,113285,3794,118822,232,4061,3158,66024,3081,86913,3389,152937,California
Sonoma,2021-03-17,6724,242892,3514,116799,3031,121853,179,4240,3540,66570,3174,90087,3720,156657,California
Sonoma,2021-03-18,7061,249953,2917,119716,3534,125387,610,4850,3153,66428,3902,93989,3760,160417,California
Sonoma,2021-03-19,7440,257393,3210,122926,3999,129386,231,5081,3305,65851,4117,98106,3540,163957,California
Sonoma,2021-03-20,3622,261015,1738,124664,1054,130440,830,5911,1965,66997,1649,99755,2795,166752,California
Sonoma,2021-03-21,1372,262387,603,125267,736,131176,33,5944,1207,68075,162,99917,1240,167992,California
Sonoma,2021-03-22,4475,266862,3079,128346,1296,132472,100,6044,3533,70771,938,100855,3634,171626,California
Sonoma,2021-03-23,5763,272625,3581,131927,2107,134579,75,6119,4644,74381,1110,101965,4720,176346,California
Sonoma,2021-03-24,6573,279198,4257,136184,2251,136830,65,6184,4152,76193,2404,104369,4216,180562,California
Sonoma,2021-03-25,6876,286074,4131,140315,2642,139472,103,6287,4274,77991,2579,106948,4377,184939,California
Sonoma,2021-03-26,7215,293289,3420,143735,3708,143180,87,6374,3983,78845,3216,110164,4070,189009,California
Sonoma,2021-03-27,3772,297061,1491,145226,1919,145099,362,6736,1125,77690,2641,112805,1486,190495,California
Sonoma,2021-03-28,1497,298558,943,146169,527,145626,27,6763,944,78109,552,113357,971,191466,California
Sonoma,2021-03-29,2822,301380,1085,147254,1704,147330,33,6796,1614,78557,1199,114556,1647,193113,California
Sonoma,2021-03-30,5627,307007,3111,150365,2455,149785,61,6857,3042,79082,2579,117135,3104,196217,California
Sonoma,2021-03-31,5466,312473,3326,153691,1929,151714,211,7068,3300,80439,2154,119289,3511,199728,California
Sonoma,2021-04-01,6652,319125,3959,157650,2364,154078,329,7397,3581,81292,3053,122342,3906,203634,California
Sonoma,2021-04-02,5888,325013,3534,161184,2246,156324,108,7505,3564,82647,2318,124660,3673,207307,California
Sonoma,2021-04-03,3356,328369,1640,162824,1497,157821,219,7724,1480,82481,1865,126525,1699,209006,California
Sonoma,2021-04-04,1050,329419,681,163505,279,158100,90,7814,666,82854,383,126908,756,209762,California
Sonoma,2021-04-05,4326,333745,576,164081,3429,161529,321,8135,1789,82433,2531,129439,2110,211872,California
Sonoma,2021-04-06,6733,340478,3434,167515,2916,164445,383,8518,3933,83960,2787,132226,4314,216186,California
Sonoma,2021-04-07,6682,347160,3806,171321,2083,166528,793,9311,3253,84591,3411,135637,4042,220228,California
Sonoma,2021-04-08,7348,354508,4079,175400,2526,169054,743,10054,3998,85996,3334,138971,4739,224967,California
Sonoma,2021-04-09,5464,359972,2850,178250,1973,171027,641,10695,2569,86381,2786,141757,3171,228138,California
Sonoma,2021-04-10,2545,362517,1072,179322,1208,172235,265,10960,551,85231,1961,143718,811,228949,California
Sonoma,2021-04-11,1179,363696,558,179880,578,172813,43,11003,101,84936,422,144140,127,229076,California
Sonoma,2021-04-12,2710,366406,846,180726,1790,174603,74,11077,0,84936,0,144140,0,229076,California
Stanislaus,2020-12-15,2,2,2,2,0,0,0,0,2,2,0,0,2,2,California
Stanislaus,2020-12-16,37,39,37,39,0,0,0,0,37,39,0,0,37,39,California
Stanislaus,2020-12-17,73,112,73,112,0,0,0,0,73,112,0,0,73,112,California
Stanislaus,2020-12-18,428,540,421,533,7,7,0,0,428,540,0,0,428,540,California
Stanislaus,2020-12-19,191,731,191,724,0,7,0,0,191,731,0,0,191,731,California
Stanislaus,2020-12-20,125,856,125,849,0,7,0,0,125,856,0,0,125,856,California
Stanislaus,2020-12-21,1124,1980,1121,1970,3,10,0,0,1123,1979,0,0,1123,1979,California
Stanislaus,2020-12-22,849,2829,837,2807,12,22,0,0,849,2828,0,0,849,2828,California
Stanislaus,2020-12-23,460,3289,443,3250,17,39,0,0,459,3287,0,0,459,3287,California
Stanislaus,2020-12-24,97,3386,88,3338,9,48,0,0,97,3384,0,0,97,3384,California
Stanislaus,2020-12-26,50,3436,8,3346,42,90,0,0,50,3434,0,0,50,3434,California
Stanislaus,2020-12-27,10,3446,5,3351,5,95,0,0,10,3444,0,0,10,3444,California
Stanislaus,2020-12-28,501,3947,405,3756,96,191,0,0,501,3945,0,0,501,3945,California
Stanislaus,2020-12-29,504,4451,429,4185,75,266,0,0,504,4449,0,0,504,4449,California
Stanislaus,2020-12-30,539,4990,283,4468,256,522,0,0,539,4987,1,1,539,4988,California
Stanislaus,2020-12-31,314,5304,171,4639,143,665,0,0,316,5303,0,1,316,5304,California
Stanislaus,2021-01-01,9,5313,2,4641,7,672,0,0,8,5311,0,1,8,5312,California
Stanislaus,2021-01-02,31,5344,24,4665,7,679,0,0,31,5342,0,1,31,5343,California
Stanislaus,2021-01-03,88,5432,85,4750,3,682,0,0,88,5430,0,1,88,5431,California
Stanislaus,2021-01-04,117,5549,33,4783,84,766,0,0,120,5550,0,1,120,5551,California
Stanislaus,2021-01-05,853,6402,336,5119,517,1283,0,0,822,6355,23,24,828,6379,California
Stanislaus,2021-01-06,976,7378,546,5665,430,1713,0,0,901,7193,64,88,902,7281,California
Stanislaus,2021-01-07,1103,8481,712,6377,391,2104,0,0,977,8058,113,201,978,8259,California
Stanislaus,2021-01-08,1319,9800,754,7131,565,2669,0,0,947,8643,366,567,951,9210,California
Stanislaus,2021-01-09,284,10084,141,7272,143,2812,0,0,194,8747,90,657,194,9404,California
Stanislaus,2021-01-10,48,10132,21,7293,27,2839,0,0,29,8757,19,676,29,9433,California
Stanislaus,2021-01-11,1549,11681,1263,8556,286,3125,0,0,604,8435,940,1616,618,10051,California
Stanislaus,2021-01-12,1492,13173,889,9445,603,3728,0,0,833,8618,655,2271,838,10889,California
Stanislaus,2021-01-13,1442,14615,677,10122,765,4493,0,0,1116,9415,325,2596,1122,12011,California
Stanislaus,2021-01-14,2214,16829,280,10402,1934,6427,0,0,2062,11382,149,2745,2116,14127,California
Stanislaus,2021-01-15,2884,19713,1143,11545,1741,8168,0,0,2726,14041,133,2878,2792,16919,California
Stanislaus,2021-01-16,564,20277,49,11594,515,8683,0,0,549,14578,14,2892,551,17470,California
Stanislaus,2021-01-17,241,20518,200,11794,41,8724,0,0,236,14809,5,2897,236,17706,California
Stanislaus,2021-01-18,2177,22695,1018,12812,1159,9883,0,0,1806,16308,367,3264,1866,19572,California
Stanislaus,2021-01-19,1270,23965,737,13549,533,10416,0,0,810,16662,457,3721,811,20383,California
Stanislaus,2021-01-20,994,24959,480,14029,514,10930,0,0,702,17073,291,4012,702,21085,California
Stanislaus,2021-01-21,3672,28631,2957,16986,715,11645,0,0,3355,20200,315,4327,3442,24527,California
Stanislaus,2021-01-22,1091,29722,307,17293,784,12429,0,0,1048,21213,39,4366,1052,25579,California
Stanislaus,2021-01-23,342,30064,38,17331,304,12733,0,0,288,21451,54,4420,292,25871,California
Stanislaus,2021-01-24,289,30353,99,17430,190,12923,0,0,222,21609,66,4486,224,26095,California
Stanislaus,2021-01-25,3143,33496,218,17648,2925,15848,0,0,2839,24274,303,4789,2968,29063,California
Stanislaus,2021-01-26,1730,35226,737,18385,993,16841,0,0,1312,25187,414,5203,1327,30390,California
Stanislaus,2021-01-27,1826,37052,970,19355,856,17697,0,0,1169,25709,648,5851,1170,31560,California
Stanislaus,2021-01-28,2248,39300,1496,20851,752,18449,0,0,1759,27039,478,6329,1808,33368,California
Stanislaus,2021-01-29,2477,41777,1198,22049,1279,19728,0,0,1946,28545,482,6811,1988,35356,California
Stanislaus,2021-01-30,297,42074,121,22170,176,19904,0,0,247,28740,52,6863,247,35603,California
Stanislaus,2021-01-31,364,42438,311,22481,53,19957,0,0,363,29093,10,6873,363,35966,California
Stanislaus,2021-02-01,1259,43697,539,23020,720,20677,0,0,919,29686,326,7199,919,36885,California
Stanislaus,2021-02-02,1244,44941,371,23391,873,21550,0,0,791,30038,443,7642,795,37680,California
Stanislaus,2021-02-03,2490,47431,1071,24462,1419,22969,0,0,1814,31186,671,8313,1819,39499,California
Stanislaus,2021-02-04,2094,49525,715,25177,1379,24348,0,0,1585,32271,504,8817,1589,41088,California
Stanislaus,2021-02-05,2843,52368,1449,26626,1394,25742,0,0,1607,32694,1188,10005,1611,42699,California
Stanislaus,2021-02-06,1009,53377,287,26913,722,26464,0,0,821,33329,187,10192,822,43521,California
Stanislaus,2021-02-07,211,53588,187,27100,24,26488,0,0,41,33202,169,10361,42,43563,California
Stanislaus,2021-02-08,2017,55605,1307,28407,710,27198,0,0,1115,33444,875,11236,1117,44680,California
Stanislaus,2021-02-09,1866,57471,787,29194,1079,28277,0,0,1095,33774,768,12004,1098,45778,California
Stanislaus,2021-02-10,1974,59445,563,29757,1411,29688,0,0,1060,33940,896,12900,1062,46840,California
Stanislaus,2021-02-11,5526,64971,3406,33163,2120,31808,0,0,1405,31389,3960,16860,1409,48249,California
Stanislaus,2021-02-12,3526,68497,1101,34264,2425,34233,0,0,1661,31235,1816,18676,1662,49911,California
Stanislaus,2021-02-13,1532,70029,744,35008,788,35021,0,0,1084,31878,446,19122,1089,51000,California
Stanislaus,2021-02-14,420,70449,169,35177,251,35272,0,0,356,32169,65,19187,356,51356,California
Stanislaus,2021-02-15,1840,72289,253,35430,1587,36859,0,0,630,31692,1112,20299,635,51991,California
Stanislaus,2021-02-16,1383,73672,412,35842,971,37830,0,0,611,31538,767,21066,613,52604,California
Stanislaus,2021-02-17,2740,76412,1659,37501,1081,38911,0,0,1971,32745,771,21837,1978,54582,California
Stanislaus,2021-02-18,3384,79796,1873,39374,1511,40422,0,0,1835,33107,1481,23318,1843,56425,California
Stanislaus,2021-02-19,2778,82574,1043,40417,1735,42157,0,0,1568,33500,1184,24502,1577,58002,California
Stanislaus,2021-02-20,753,83327,369,40786,384,42541,0,0,497,33751,247,24749,498,58500,California
Stanislaus,2021-02-21,866,84193,654,41440,212,42753,0,0,525,33961,326,25075,536,59036,California
Stanislaus,2021-02-22,2366,86559,1674,43114,692,43445,0,0,1660,34939,684,25759,1662,60698,California
Stanislaus,2021-02-23,3697,90256,678,43792,3019,46464,0,0,1752,34879,1816,27575,1756,62454,California
Stanislaus,2021-02-24,4197,94453,2852,46644,1345,47809,0,0,3195,37091,986,28561,3198,65652,California
Stanislaus,2021-02-25,3920,98373,2640,49284,1280,49089,0,0,3123,39432,785,29346,3126,68778,California
Stanislaus,2021-02-26,4232,102605,1211,50495,3021,52110,0,0,2871,40989,1323,30669,2880,71658,California
Stanislaus,2021-02-27,2210,104815,694,51189,1515,53625,1,1,1956,42716,230,30899,1957,73615,California
Stanislaus,2021-02-28,814,105629,264,51453,550,54175,0,1,766,43439,44,30943,767,74382,California
Stanislaus,2021-03-01,2776,108405,1593,53046,1183,55358,0,1,1648,43977,1114,32057,1652,76034,California
Stanislaus,2021-03-02,2399,110804,1421,54467,978,56336,0,1,1665,44912,730,32787,1665,77699,California
Stanislaus,2021-03-03,3756,114560,2253,56720,1500,57836,3,4,2908,46980,840,33627,2908,80607,California
Stanislaus,2021-03-04,5574,120134,3221,59941,2335,60171,18,22,4241,49915,1318,34945,4253,84860,California
Stanislaus,2021-03-05,4268,124402,1306,61247,2945,63116,17,39,3143,51963,1111,36056,3159,88019,California
Stanislaus,2021-03-06,3763,128165,2266,63513,1404,64520,93,132,2740,53776,1021,37077,2834,90853,California
Stanislaus,2021-03-07,841,129006,384,63897,420,64940,37,169,652,54280,184,37261,688,91541,California
Stanislaus,2021-03-08,2054,131060,921,64818,1045,65985,88,257,1323,54969,722,37983,1411,92952,California
Stanislaus,2021-03-09,2257,133317,944,65762,1220,67205,93,350,1698,56210,552,38535,1793,94745,California
Stanislaus,2021-03-10,5086,138403,2505,68267,2360,69565,221,571,3764,58900,1308,39843,3998,98743,California
Stanislaus,2021-03-11,5810,144213,3154,71421,2175,71740,481,1052,4229,62184,1428,41271,4712,103455,California
Stanislaus,2021-03-12,5776,149989,1223,72644,2619,74359,1934,2986,2925,64203,2840,44111,4859,108314,California
Stanislaus,2021-03-13,3442,153431,2143,74787,1232,75591,67,3053,2775,66386,664,44775,2847,111161,California
Stanislaus,2021-03-14,970,154401,578,75365,340,75931,52,3105,487,66445,483,45258,542,111703,California
Stanislaus,2021-03-15,3744,158145,1969,77334,1399,77330,376,3481,1642,66467,2004,47262,2026,113729,California
Stanislaus,2021-03-16,4961,163106,2430,79764,2089,79419,442,3923,3547,69055,1400,48662,3988,117717,California
Stanislaus,2021-03-17,4929,168035,2994,82758,1753,81172,182,4105,3082,70493,1831,50493,3269,120986,California
Stanislaus,2021-03-18,5719,173754,3537,86295,2115,83287,67,4172,3266,71517,2314,52807,3338,124324,California
Stanislaus,2021-03-19,6363,180117,1741,88036,3093,86380,1529,5701,3472,73659,2860,55667,5002,129326,California
Stanislaus,2021-03-20,3991,184108,2950,90986,971,87351,70,5771,3518,76786,462,56129,3589,132915,California
Stanislaus,2021-03-21,987,185095,888,91874,34,87385,65,5836,754,77370,233,56362,817,133732,California
Stanislaus,2021-03-22,2845,187940,1332,93206,786,88171,727,6563,1253,77772,1578,57940,1980,135712,California
Stanislaus,2021-03-23,3946,191886,2001,95207,1683,89854,262,6825,2815,79744,1119,59059,3091,138803,California
Stanislaus,2021-03-24,4540,196426,3190,98397,1282,91136,68,6893,2653,80618,1849,60908,2723,141526,California
Stanislaus,2021-03-25,4425,200851,3025,101422,1383,92519,17,6910,1975,80234,2377,63285,1993,143519,California
Stanislaus,2021-03-26,4788,205639,1384,102806,3329,95848,75,6985,2430,80421,2330,65615,2517,146036,California
Stanislaus,2021-03-27,4401,210040,2704,105510,1674,97522,23,7008,1358,78794,3022,68637,1395,147431,California
Stanislaus,2021-03-28,1182,211222,444,105954,551,98073,187,7195,349,78517,827,69464,550,147981,California
Stanislaus,2021-03-29,3021,214243,1808,107762,1175,99248,38,7233,2024,79597,989,70453,2069,150050,California
Stanislaus,2021-03-30,3675,217918,2070,109832,1576,100824,29,7262,2250,80466,1419,71872,2288,152338,California
Stanislaus,2021-03-31,5475,223393,3850,113682,1487,102311,138,7400,2783,80727,2675,74547,2936,155274,California
Stanislaus,2021-04-01,5787,229180,3807,117489,1891,104202,89,7489,2661,80390,3112,77659,2775,158049,California
Stanislaus,2021-04-02,5054,234234,1264,118753,3632,107834,158,7647,2275,80145,2670,80329,2425,160474,California
Stanislaus,2021-04-03,4510,238744,3238,121991,1235,109069,37,7684,2185,80107,2287,82616,2249,162723,California
Stanislaus,2021-04-04,1310,240054,483,122474,805,109874,22,7706,656,80146,649,83265,688,163411,California
Stanislaus,2021-04-05,3684,243738,2499,124973,877,110751,308,8014,2358,81497,1320,84585,2671,166082,California
Stanislaus,2021-04-06,5672,249410,4100,129073,1295,112046,277,8291,2995,82122,2655,87240,3280,169362,California
Stanislaus,2021-04-07,6007,255417,3330,132403,2277,114323,400,8691,2417,81577,3380,90620,2835,172197,California
Stanislaus,2021-04-08,5454,260871,3154,135557,1843,116166,457,9148,2535,81829,2751,93371,3003,175200,California
Stanislaus,2021-04-09,4441,265312,1881,137438,2209,118375,351,9499,1915,81730,2381,95752,2282,177482,California
Stanislaus,2021-04-10,5603,270915,3216,140654,967,119342,1420,10919,1543,80775,3914,99666,2959,180441,California
Stanislaus,2021-04-11,1372,272287,733,141387,525,119867,114,11033,372,80635,576,100242,436,180877,California
Stanislaus,2021-04-12,2376,274663,1150,142537,951,120818,275,11308,0,80635,0,100242,0,180877,California
Sutter,2020-12-15,1,1,1,1,0,0,0,0,1,1,0,0,1,1,California
Sutter,2020-12-16,4,5,4,5,0,0,0,0,4,5,0,0,4,5,California
Sutter,2020-12-17,2,7,2,7,0,0,0,0,2,7,0,0,2,7,California
Sutter,2020-12-18,20,27,20,27,0,0,0,0,20,27,0,0,20,27,California
Sutter,2020-12-19,44,71,44,71,0,0,0,0,44,71,0,0,44,71,California
Sutter,2020-12-20,42,113,42,113,0,0,0,0,42,113,0,0,42,113,California
Sutter,2020-12-21,100,213,100,213,0,0,0,0,100,213,0,0,100,213,California
Sutter,2020-12-22,172,385,172,385,0,0,0,0,172,385,0,0,172,385,California
Sutter,2020-12-23,114,499,110,495,4,4,0,0,114,499,0,0,114,499,California
Sutter,2020-12-24,17,516,11,506,6,10,0,0,17,516,0,0,17,516,California
Sutter,2020-12-26,39,555,35,541,4,14,0,0,39,555,0,0,39,555,California
Sutter,2020-12-27,24,579,23,564,1,15,0,0,24,579,0,0,24,579,California
Sutter,2020-12-28,83,662,55,619,28,43,0,0,83,662,0,0,83,662,California
Sutter,2020-12-29,100,762,14,633,86,129,0,0,100,762,0,0,100,762,California
Sutter,2020-12-30,136,898,34,667,102,231,0,0,136,898,0,0,136,898,California
Sutter,2020-12-31,70,968,6,673,64,295,0,0,70,968,0,0,70,968,California
Sutter,2021-01-01,3,971,3,676,0,295,0,0,3,971,0,0,3,971,California
Sutter,2021-01-02,133,1104,131,807,2,297,0,0,133,1104,0,0,133,1104,California
Sutter,2021-01-03,1,1105,0,807,1,298,0,0,1,1105,0,0,1,1105,California
Sutter,2021-01-04,249,1354,140,947,109,407,0,0,249,1354,0,0,249,1354,California
Sutter,2021-01-05,99,1453,56,1003,43,450,0,0,97,1449,2,2,97,1451,California
Sutter,2021-01-06,205,1658,51,1054,154,604,0,0,200,1644,5,7,200,1651,California
Sutter,2021-01-07,253,1911,151,1205,102,706,0,0,244,1880,8,15,244,1895,California
Sutter,2021-01-08,146,2057,40,1245,106,812,0,0,129,1992,17,32,129,2024,California
Sutter,2021-01-09,44,2101,43,1288,1,813,0,0,3,1954,41,73,3,2027,California
Sutter,2021-01-10,397,2498,37,1325,360,1173,0,0,359,2276,37,110,359,2386,California
Sutter,2021-01-11,132,2630,114,1439,18,1191,0,0,26,2196,106,216,26,2412,California
Sutter,2021-01-12,200,2830,163,1602,37,1228,0,0,57,2110,143,359,57,2469,California
Sutter,2021-01-13,160,2990,98,1700,62,1290,0,0,72,2094,88,447,72,2541,California
Sutter,2021-01-14,144,3134,49,1749,95,1385,0,0,125,2200,19,466,125,2666,California
Sutter,2021-01-15,432,3566,130,1879,302,1687,0,0,417,2602,15,481,417,3083,California
Sutter,2021-01-16,387,3953,42,1921,345,2032,0,0,355,2926,31,512,355,3438,California
Sutter,2021-01-17,25,3978,23,1944,2,2034,0,0,9,2919,16,528,9,3447,California
Sutter,2021-01-18,116,4094,61,2005,55,2089,0,0,69,2941,47,575,69,3516,California
Sutter,2021-01-19,102,4196,42,2047,60,2149,0,0,77,2993,25,600,77,3593,California
Sutter,2021-01-20,255,4451,191,2238,64,2213,0,0,235,3208,20,620,235,3828,California
Sutter,2021-01-21,435,4886,266,2504,169,2382,0,0,416,3605,19,639,416,4244,California
Sutter,2021-01-22,269,5155,82,2586,187,2569,0,0,260,3856,9,648,260,4504,California
Sutter,2021-01-23,396,5551,40,2626,356,2925,0,0,370,4200,26,674,370,4874,California
Sutter,2021-01-24,17,5568,14,2640,3,2928,0,0,15,4213,2,676,15,4889,California
Sutter,2021-01-25,301,5869,195,2835,106,3034,0,0,148,4209,152,828,148,5037,California
Sutter,2021-01-26,245,6114,104,2939,141,3175,0,0,146,4258,97,925,146,5183,California
Sutter,2021-01-27,384,6498,254,3193,130,3305,0,0,319,4512,65,990,319,5502,California
Sutter,2021-01-28,521,7019,299,3492,222,3527,0,0,392,4775,129,1119,392,5894,California
Sutter,2021-01-29,416,7435,144,3636,272,3799,0,0,252,4863,164,1283,252,6146,California
Sutter,2021-01-30,775,8210,38,3674,737,4536,0,0,764,5616,11,1294,764,6910,California
Sutter,2021-01-31,27,8237,27,3701,0,4536,0,0,27,5643,0,1294,27,6937,California
Sutter,2021-02-01,162,8399,47,3748,115,4651,0,0,131,5743,31,1325,131,7068,California
Sutter,2021-02-02,241,8640,26,3774,215,4866,0,0,211,5924,30,1355,211,7279,California
Sutter,2021-02-03,444,9084,38,3812,406,5272,0,0,209,5898,235,1590,209,7488,California
Sutter,2021-02-04,668,9752,365,4177,303,5575,0,0,618,6466,50,1640,618,8106,California
Sutter,2021-02-05,284,10036,31,4208,253,5828,0,0,134,6450,150,1790,134,8240,California
Sutter,2021-02-06,735,10771,27,4235,708,6536,0,0,716,7147,19,1809,716,8956,California
Sutter,2021-02-07,22,10793,19,4254,3,6539,0,0,19,7163,3,1812,19,8975,California
Sutter,2021-02-08,133,10926,28,4282,105,6644,0,0,97,7224,36,1848,97,9072,California
Sutter,2021-02-09,246,11172,45,4327,201,6845,0,0,185,7348,61,1909,185,9257,California
Sutter,2021-02-10,801,11973,380,4707,421,7266,0,0,175,6898,625,2534,175,9432,California
Sutter,2021-02-11,602,12575,273,4980,329,7595,0,0,374,7044,228,2762,374,9806,California
Sutter,2021-02-12,625,13200,67,5047,558,8153,0,0,309,7037,316,3078,309,10115,California
Sutter,2021-02-13,898,14098,49,5096,849,9002,0,0,782,7703,116,3194,782,10897,California
Sutter,2021-02-14,90,14188,24,5120,66,9068,0,0,80,7773,10,3204,80,10977,California
Sutter,2021-02-15,195,14383,69,5189,126,9194,0,0,121,7820,74,3278,121,11098,California
Sutter,2021-02-16,287,14670,44,5233,243,9437,0,0,204,7942,82,3360,204,11302,California
Sutter,2021-02-17,826,15496,431,5664,395,9832,0,0,127,7369,700,4060,127,11429,California
Sutter,2021-02-18,695,16191,50,5714,645,10477,0,0,485,7645,209,4269,485,11914,California
Sutter,2021-02-19,661,16852,377,6091,284,10761,0,0,461,7908,198,4467,461,12375,California
Sutter,2021-02-20,615,17467,52,6143,563,11324,0,0,513,8319,102,4569,513,12888,California
Sutter,2021-02-21,29,17496,26,6169,3,11327,0,0,6,8302,23,4592,6,12894,California
Sutter,2021-02-22,207,17703,123,6292,84,11411,0,0,87,8269,120,4712,87,12981,California
Sutter,2021-02-23,220,17923,32,6324,188,11599,0,0,97,8243,123,4835,97,13078,California
Sutter,2021-02-24,955,18878,348,6672,607,12206,0,0,188,7665,766,5601,188,13266,California
Sutter,2021-02-25,768,19646,487,7159,281,12487,0,0,591,8082,174,5775,591,13857,California
Sutter,2021-02-26,365,20011,58,7217,307,12794,0,0,151,8021,212,5987,151,14008,California
Sutter,2021-02-27,863,20874,42,7259,821,13615,0,0,707,8571,157,6144,707,14715,California
Sutter,2021-02-28,82,20956,37,7296,45,13660,0,0,65,8619,17,6161,65,14780,California
Sutter,2021-03-01,245,21201,60,7356,185,13845,0,0,150,8673,96,6257,150,14930,California
Sutter,2021-03-02,333,21534,56,7412,277,14122,0,0,160,8661,172,6429,160,15090,California
Sutter,2021-03-03,1371,22905,502,7914,869,14991,0,0,634,8564,731,7160,634,15724,California
Sutter,2021-03-04,1249,24154,860,8774,389,15380,0,0,952,9223,293,7453,952,16676,California
Sutter,2021-03-05,328,24482,71,8845,256,15636,1,1,194,9285,133,7586,195,16871,California
Sutter,2021-03-06,1016,25498,42,8887,969,16605,5,6,855,9984,161,7747,860,17731,California
Sutter,2021-03-07,62,25560,23,8910,38,16643,1,7,42,10007,20,7767,43,17774,California
Sutter,2021-03-08,224,25784,76,8986,135,16778,13,20,157,10110,67,7834,170,17944,California
Sutter,2021-03-09,381,26165,133,9119,235,17013,13,33,179,10100,202,8036,192,18136,California
Sutter,2021-03-10,1564,27729,680,9799,823,17836,61,94,520,9640,1041,9077,581,18717,California
Sutter,2021-03-11,891,28620,437,10236,435,18271,19,113,646,10062,243,9320,665,19382,California
Sutter,2021-03-12,658,29278,108,10344,368,18639,182,295,192,9971,464,9784,373,19755,California
Sutter,2021-03-13,975,30253,749,11093,209,18848,17,312,781,10577,192,9976,798,20553,California
Sutter,2021-03-14,127,30380,20,11113,96,18944,11,323,41,10543,86,10062,52,20605,California
Sutter,2021-03-15,318,30698,68,11181,201,19145,49,372,150,10575,167,10229,199,20804,California
Sutter,2021-03-16,384,31082,86,11267,252,19397,46,418,207,10651,177,10406,253,21057,California
Sutter,2021-03-17,1480,32562,554,11821,907,20304,19,437,304,9808,1166,11572,323,21380,California
Sutter,2021-03-18,957,33519,165,11986,594,20898,198,635,572,10193,384,11956,769,22149,California
Sutter,2021-03-19,446,33965,149,12135,268,21166,29,664,270,10319,173,12129,299,22448,California
Sutter,2021-03-20,945,34910,114,12249,820,21986,11,675,859,11103,86,12215,870,23318,California
Sutter,2021-03-21,63,34973,45,12294,15,22001,3,678,34,11111,29,12244,37,23355,California
Sutter,2021-03-22,286,35259,119,12413,141,22142,26,704,210,11271,76,12320,236,23591,California
Sutter,2021-03-23,349,35608,117,12530,200,22342,32,736,236,11426,113,12433,268,23859,California
Sutter,2021-03-24,1625,37233,719,13249,837,23179,69,805,312,10506,1301,13734,381,24240,California
Sutter,2021-03-25,1013,38246,671,13920,301,23480,41,846,351,10238,660,14394,392,24632,California
Sutter,2021-03-26,479,38725,169,14089,293,23773,17,863,290,10360,185,14579,307,24939,California
Sutter,2021-03-27,931,39656,64,14153,865,24638,2,865,823,11081,104,14683,825,25764,California
Sutter,2021-03-28,125,39781,71,14224,54,24692,0,865,79,11115,45,14728,79,25843,California
Sutter,2021-03-29,420,40201,140,14364,225,24917,55,920,223,11198,195,14923,278,26121,California
Sutter,2021-03-30,474,40675,159,14523,306,25223,9,929,319,11371,155,15078,328,26449,California
Sutter,2021-03-31,1233,41908,173,14696,1043,26266,17,946,456,11075,768,15846,472,26921,California
Sutter,2021-04-01,1363,43271,723,15419,453,26719,187,1133,407,10721,949,16795,595,27516,California
Sutter,2021-04-02,489,43760,94,15513,293,27012,102,1235,205,10742,283,17078,304,27820,California
Sutter,2021-04-03,914,44674,75,15588,209,27221,630,1865,119,10698,793,17871,749,28569,California
Sutter,2021-04-04,116,44790,21,15609,89,27310,6,1871,56,10700,60,17931,62,28631,California
Sutter,2021-04-05,359,45149,139,15748,185,27495,35,1906,169,10717,187,18118,204,28835,California
Sutter,2021-04-06,475,45624,184,15932,233,27728,58,1964,244,10790,229,18347,302,29137,California
Sutter,2021-04-07,1396,47020,844,16776,486,28214,66,2030,561,10593,823,19170,626,29763,California
Sutter,2021-04-08,1002,48022,557,17333,334,28548,111,2141,537,10783,456,19626,646,30409,California
Sutter,2021-04-09,450,48472,210,17543,188,28736,52,2193,184,10756,263,19889,236,30645,California
Sutter,2021-04-10,748,49220,92,17635,88,28824,568,2761,99,10775,643,20532,662,31307,California
Sutter,2021-04-11,90,49310,17,17652,36,28860,37,2798,8,10768,17,20549,10,31317,California
Sutter,2021-04-12,172,49482,23,17675,123,28983,26,2824,0,10768,0,20549,0,31317,California
Tehama,2020-12-15,1,1,1,1,0,0,0,0,1,1,0,0,1,1,California
Tehama,2020-12-16,2,3,2,3,0,0,0,0,2,3,0,0,2,3,California
Tehama,2020-12-17,12,15,12,15,0,0,0,0,12,15,0,0,12,15,California
Tehama,2020-12-18,2,17,2,17,0,0,0,0,3,18,0,0,3,18,California
Tehama,2020-12-21,33,50,33,50,0,0,0,0,33,51,0,0,33,51,California
Tehama,2020-12-22,68,118,62,112,6,6,0,0,68,119,0,0,68,119,California
Tehama,2020-12-23,48,166,40,152,8,14,0,0,48,167,0,0,48,167,California
Tehama,2020-12-24,5,171,3,155,2,16,0,0,5,172,0,0,5,172,California
Tehama,2020-12-26,3,174,2,157,1,17,0,0,3,175,0,0,3,175,California
Tehama,2020-12-27,2,176,2,159,0,17,0,0,2,177,0,0,2,177,California
Tehama,2020-12-28,56,232,43,202,13,30,0,0,56,233,0,0,56,233,California
Tehama,2020-12-29,31,263,31,233,0,30,0,0,31,264,0,0,31,264,California
Tehama,2020-12-30,54,317,38,271,16,46,0,0,53,317,0,0,53,317,California
Tehama,2020-12-31,14,331,4,275,10,56,0,0,14,331,0,0,14,331,California
Tehama,2021-01-01,2,333,0,275,2,58,0,0,2,333,0,0,2,333,California
Tehama,2021-01-04,31,364,8,283,23,81,0,0,31,364,0,0,31,364,California
Tehama,2021-01-05,71,435,44,327,27,108,0,0,68,429,3,3,68,432,California
Tehama,2021-01-06,71,506,21,348,50,158,0,0,62,483,8,11,62,494,California
Tehama,2021-01-07,56,562,7,355,49,207,0,0,55,537,1,12,55,549,California
Tehama,2021-01-08,30,592,24,379,6,213,0,0,25,557,5,17,25,574,California
Tehama,2021-01-09,7,599,5,384,2,215,0,0,5,560,2,19,5,579,California
Tehama,2021-01-10,1,600,0,384,1,216,0,0,1,561,0,19,1,580,California
Tehama,2021-01-11,47,647,46,430,1,217,0,0,14,542,33,52,14,594,California
Tehama,2021-01-12,115,762,95,525,20,237,0,0,70,567,45,97,70,664,California
Tehama,2021-01-13,72,834,55,580,17,254,0,0,26,547,46,143,26,690,California
Tehama,2021-01-14,224,1058,50,630,174,428,0,0,222,767,2,145,222,912,California
Tehama,2021-01-15,246,1304,74,704,172,600,0,0,242,1005,4,149,242,1154,California
Tehama,2021-01-16,274,1578,27,731,247,847,0,0,271,1273,3,152,271,1425,California
Tehama,2021-01-17,13,1591,9,740,4,851,0,0,11,1282,2,154,11,1436,California
Tehama,2021-01-18,10,1601,6,746,4,855,0,0,5,1282,5,159,5,1441,California
Tehama,2021-01-19,287,1888,61,807,226,1081,0,0,232,1459,55,214,232,1673,California
Tehama,2021-01-20,302,2190,87,894,215,1296,0,0,252,1662,49,263,252,1925,California
Tehama,2021-01-21,214,2404,11,905,203,1499,0,0,204,1856,10,273,204,2129,California
Tehama,2021-01-22,214,2618,12,917,202,1701,0,0,211,2064,3,276,211,2340,California
Tehama,2021-01-23,263,2881,10,927,253,1954,0,0,262,2325,1,277,262,2602,California
Tehama,2021-01-25,30,2911,13,940,17,1971,0,0,13,2321,17,294,13,2615,California
Tehama,2021-01-26,324,3235,42,982,282,2253,0,0,287,2571,37,331,287,2902,California
Tehama,2021-01-27,299,3534,21,1003,278,2531,0,0,279,2830,20,351,279,3181,California
Tehama,2021-01-28,340,3874,29,1032,311,2842,0,0,325,3140,15,366,325,3506,California
Tehama,2021-01-29,321,4195,19,1051,302,3144,0,0,304,3427,17,383,304,3810,California
Tehama,2021-01-30,103,4298,2,1053,101,3245,0,0,102,3528,1,384,102,3912,California
Tehama,2021-01-31,1,4299,0,1053,1,3246,0,0,1,3529,0,384,1,3913,California
Tehama,2021-02-01,77,4376,22,1075,55,3301,0,0,36,3524,41,425,36,3949,California
Tehama,2021-02-02,337,4713,63,1138,274,3575,0,0,240,3670,94,519,240,4189,California
Tehama,2021-02-03,369,5082,12,1150,357,3932,0,0,325,3951,44,563,325,4514,California
Tehama,2021-02-04,458,5540,99,1249,359,4291,0,0,378,4251,79,642,379,4893,California
Tehama,2021-02-05,161,5701,73,1322,88,4379,0,0,102,4294,59,701,102,4995,California
Tehama,2021-02-06,28,5729,13,1335,15,4394,0,0,16,4298,12,713,16,5011,California
Tehama,2021-02-07,5,5734,4,1339,1,4395,0,0,2,4297,3,716,2,5013,California
Tehama,2021-02-08,35,5769,14,1353,21,4416,0,0,27,4316,8,724,27,5040,California
Tehama,2021-02-09,76,5845,33,1386,43,4459,0,0,42,4324,34,758,42,5082,California
Tehama,2021-02-10,232,6077,61,1447,171,4630,0,0,158,4408,74,832,158,5240,California
Tehama,2021-02-11,219,6296,16,1463,203,4833,0,0,80,4351,137,969,80,5320,California
Tehama,2021-02-12,354,6650,57,1520,297,5130,0,0,173,4343,181,1150,173,5493,California
Tehama,2021-02-13,388,7038,13,1533,375,5505,0,0,147,4249,241,1391,147,5640,California
Tehama,2021-02-14,34,7072,0,1533,34,5539,0,0,33,4281,1,1392,33,5673,California
Tehama,2021-02-15,51,7123,9,1542,42,5581,0,0,45,4320,6,1398,45,5718,California
Tehama,2021-02-16,240,7363,16,1558,224,5805,0,0,58,4196,182,1580,58,5776,California
Tehama,2021-02-17,279,7642,11,1569,268,6073,0,0,53,4023,226,1806,53,5829,California
Tehama,2021-02-18,370,8012,33,1602,337,6410,0,0,146,3945,224,2030,146,5975,California
Tehama,2021-02-19,214,8226,19,1621,195,6605,0,0,43,3817,171,2201,43,6018,California
Tehama,2021-02-20,273,8499,6,1627,267,6872,0,0,26,3596,247,2448,26,6044,California
Tehama,2021-02-22,36,8535,13,1640,23,6895,0,0,24,3608,12,2460,24,6068,California
Tehama,2021-02-23,46,8581,19,1659,27,6922,0,0,26,3614,20,2480,26,6094,California
Tehama,2021-02-24,299,8880,12,1671,287,7209,0,0,26,3367,273,2753,26,6120,California
Tehama,2021-02-25,377,9257,61,1732,316,7525,0,0,37,3064,340,3093,37,6157,California
Tehama,2021-02-26,455,9712,19,1751,436,7961,0,0,70,2749,385,3478,70,6227,California
Tehama,2021-02-27,294,10006,5,1756,289,8250,0,0,34,2523,260,3738,34,6261,California
Tehama,2021-02-28,23,10029,2,1758,21,8271,0,0,20,2540,3,3741,20,6281,California
Tehama,2021-03-01,62,10091,8,1766,54,8325,0,0,28,2534,34,3775,28,6309,California
Tehama,2021-03-02,112,10203,17,1783,95,8420,0,0,29,2480,83,3858,29,6338,California
Tehama,2021-03-03,119,10322,34,1817,85,8505,0,0,47,2456,71,3929,47,6385,California
Tehama,2021-03-04,579,10901,22,1839,557,9062,0,0,218,2320,354,4283,218,6603,California
Tehama,2021-03-05,383,11284,18,1857,365,9427,0,0,214,2366,168,4451,214,6817,California
Tehama,2021-03-06,295,11579,17,1874,278,9705,0,0,80,2233,214,4665,81,6898,California
Tehama,2021-03-07,5,11584,1,1875,4,9709,0,0,3,2235,1,4666,3,6901,California
Tehama,2021-03-08,56,11640,12,1887,29,9738,15,15,25,2245,30,4696,40,6941,California
Tehama,2021-03-09,312,11952,5,1892,288,10026,19,34,257,2466,55,4751,276,7217,California
Tehama,2021-03-10,348,12300,11,1903,316,10342,21,55,67,2274,280,5031,88,7305,California
Tehama,2021-03-11,480,12780,15,1918,419,10761,46,101,338,2515,143,5174,384,7689,California
Tehama,2021-03-12,283,13063,16,1934,202,10963,65,166,165,2627,118,5292,230,7919,California
Tehama,2021-03-13,43,13106,8,1942,29,10992,6,172,6,2602,37,5329,12,7931,California
Tehama,2021-03-14,44,13150,3,1945,30,11022,11,183,2,2573,42,5371,13,7944,California
Tehama,2021-03-15,154,13304,21,1966,113,11135,20,203,87,2613,67,5438,107,8051,California
Tehama,2021-03-16,397,13701,14,1980,345,11480,38,241,298,2851,98,5536,336,8387,California
Tehama,2021-03-17,416,14117,23,2003,361,11841,32,273,331,3131,83,5619,363,8750,California
Tehama,2021-03-18,478,14595,24,2027,430,12271,24,297,300,3279,176,5795,324,9074,California
Tehama,2021-03-19,301,14896,23,2050,265,12536,13,310,259,3509,42,5837,272,9346,California
Tehama,2021-03-20,40,14936,8,2058,30,12566,2,312,28,3527,12,5849,30,9376,California
Tehama,2021-03-21,12,14948,5,2063,7,12573,0,312,12,3539,0,5849,12,9388,California
Tehama,2021-03-22,90,15038,7,2070,66,12639,17,329,49,3564,41,5890,66,9454,California
Tehama,2021-03-23,84,15122,23,2093,54,12693,7,336,65,3617,19,5909,72,9526,California
Tehama,2021-03-24,82,15204,15,2108,64,12757,3,339,53,3644,29,5938,56,9582,California
Tehama,2021-03-25,501,15705,340,2448,148,12905,13,352,454,4065,47,5985,468,10050,California
Tehama,2021-03-26,460,16165,352,2800,96,13001,12,364,385,4387,75,6060,397,10447,California
Tehama,2021-03-27,436,16601,347,3147,68,13069,21,385,373,4719,62,6122,394,10841,California
Tehama,2021-03-28,34,16635,13,3160,21,13090,0,385,22,4729,12,6134,22,10863,California
Tehama,2021-03-29,120,16755,30,3190,90,13180,0,385,76,4762,43,6177,76,10939,California
Tehama,2021-03-30,354,17109,206,3396,146,13326,2,387,240,4890,114,6291,242,11181,California
Tehama,2021-03-31,371,17480,270,3666,98,13424,3,390,298,5119,72,6363,301,11482,California
Tehama,2021-04-01,512,17992,237,3903,269,13693,6,396,382,5377,130,6493,388,11870,California
Tehama,2021-04-02,442,18434,204,4107,232,13925,6,402,257,5455,185,6678,263,12133,California
Tehama,2021-04-03,61,18495,3,4110,53,13978,5,407,30,5459,31,6709,35,12168,California
Tehama,2021-04-04,33,18528,6,4116,26,14004,1,408,22,5471,11,6720,23,12191,California
Tehama,2021-04-05,113,18641,19,4135,68,14072,26,434,58,5500,55,6775,84,12275,California
Tehama,2021-04-06,466,19107,100,4235,316,14388,50,484,163,5410,303,7078,213,12488,California
Tehama,2021-04-07,408,19515,280,4515,87,14475,41,525,301,5647,105,7183,342,12830,California
Tehama,2021-04-08,595,20110,171,4686,385,14860,39,564,228,5548,365,7548,266,13096,California
Tehama,2021-04-09,146,20256,50,4736,71,14931,25,589,49,5539,79,7627,70,13166,California
Tehama,2021-04-10,36,20292,12,4748,4,14935,20,609,10,5543,26,7653,30,13196,California
Tehama,2021-04-11,23,20315,7,4755,5,14940,11,620,1,5544,11,7664,12,13208,California
Tehama,2021-04-12,44,20359,5,4760,32,14972,7,627,0,5544,0,7664,0,13208,California
Trinity,2020-12-17,4,4,4,4,0,0,0,0,4,4,0,0,4,4,California
Trinity,2020-12-18,2,6,2,6,0,0,0,0,2,6,0,0,2,6,California
Trinity,2020-12-21,38,44,38,44,0,0,0,0,38,44,0,0,38,44,California
Trinity,2020-12-22,5,49,5,49,0,0,0,0,5,49,0,0,5,49,California
Trinity,2020-12-23,5,54,5,54,0,0,0,0,5,54,0,0,5,54,California
Trinity,2020-12-28,30,84,30,84,0,0,0,0,30,84,0,0,30,84,California
Trinity,2020-12-29,8,92,7,91,1,1,0,0,8,92,0,0,8,92,California
Trinity,2020-12-30,10,102,8,99,2,3,0,0,10,102,0,0,10,102,California
Trinity,2020-12-31,2,104,1,100,1,4,0,0,2,104,0,0,2,104,California
Trinity,2021-01-04,27,131,1,101,26,30,0,0,26,130,0,0,26,130,California
Trinity,2021-01-05,2,133,1,102,1,31,0,0,2,132,0,0,2,132,California
Trinity,2021-01-06,23,156,4,106,19,50,0,0,19,147,4,4,19,151,California
Trinity,2021-01-08,49,205,2,108,47,97,0,0,48,193,2,6,48,199,California
Trinity,2021-01-11,39,244,38,146,1,98,0,0,2,158,37,43,2,201,California
Trinity,2021-01-12,9,253,7,153,2,100,0,0,4,157,5,48,4,205,California
Trinity,2021-01-13,7,260,4,157,3,103,0,0,4,158,3,51,4,209,California
Trinity,2021-01-14,4,264,1,158,3,106,0,0,4,162,0,51,4,213,California
Trinity,2021-01-16,4,268,0,158,4,110,0,0,4,166,0,51,4,217,California
Trinity,2021-01-18,31,299,31,189,0,110,0,0,1,137,30,81,1,218,California
Trinity,2021-01-19,31,330,14,203,17,127,0,0,17,140,14,95,17,235,California
Trinity,2021-01-20,20,350,4,207,16,143,0,0,17,155,2,97,17,252,California
Trinity,2021-01-21,17,367,7,214,10,153,0,0,17,172,0,97,17,269,California
Trinity,2021-01-22,5,372,1,215,4,157,0,0,5,177,0,97,5,274,California
Trinity,2021-01-23,7,379,3,218,4,161,0,0,7,184,0,97,7,281,California
Trinity,2021-01-25,14,393,1,219,13,174,0,0,13,196,1,98,13,294,California
Trinity,2021-01-26,10,403,1,220,9,183,0,0,9,204,1,99,9,303,California
Trinity,2021-01-27,12,415,0,220,12,195,0,0,12,216,0,99,12,315,California
Trinity,2021-01-28,13,428,3,223,10,205,0,0,10,223,3,102,10,325,California
Trinity,2021-01-29,3,431,1,224,2,207,0,0,2,224,1,103,2,327,California
Trinity,2021-01-30,12,443,11,235,1,208,0,0,12,236,0,103,12,339,California
Trinity,2021-02-01,2,445,1,236,1,209,0,0,1,236,1,104,1,340,California
Trinity,2021-02-02,13,458,3,239,10,219,0,0,12,247,1,105,12,352,California
Trinity,2021-02-03,6,464,1,240,5,224,0,0,3,247,3,108,3,355,California
Trinity,2021-02-04,36,500,32,272,4,228,0,0,34,279,2,110,34,389,California
Trinity,2021-02-05,348,848,0,272,348,576,0,0,318,567,30,140,318,707,California
Trinity,2021-02-06,209,1057,5,277,204,780,0,0,202,762,7,147,202,909,California
Trinity,2021-02-07,1,1058,0,277,1,781,0,0,1,763,0,147,1,910,California
Trinity,2021-02-08,23,1081,0,277,23,804,0,0,15,770,8,155,15,925,California
Trinity,2021-02-09,21,1102,2,279,19,823,0,0,6,761,15,170,6,931,California
Trinity,2021-02-10,123,1225,10,289,113,936,0,0,103,844,20,190,103,1034,California
Trinity,2021-02-11,334,1559,2,291,332,1268,0,0,328,1166,6,196,328,1362,California
Trinity,2021-02-12,9,1568,6,297,3,1271,0,0,9,1175,0,196,9,1371,California
Trinity,2021-02-13,12,1580,5,302,7,1278,0,0,5,1173,7,203,5,1376,California
Trinity,2021-02-14,2,1582,2,304,0,1278,0,0,2,1175,0,203,2,1378,California
Trinity,2021-02-15,46,1628,0,304,46,1324,0,0,46,1221,0,203,46,1424,California
Trinity,2021-02-16,7,1635,2,306,5,1329,0,0,4,1222,3,206,4,1428,California
Trinity,2021-02-17,94,1729,2,308,92,1421,0,0,84,1296,10,216,84,1512,California
Trinity,2021-02-18,5,1734,0,308,5,1426,0,0,1,1294,3,219,1,1513,California
Trinity,2021-02-19,211,1945,3,311,208,1634,0,0,198,1479,13,232,198,1711,California
Trinity,2021-02-20,143,2088,14,325,129,1763,0,0,115,1566,28,260,115,1826,California
Trinity,2021-02-22,3,2091,0,325,3,1766,0,0,0,1563,3,263,0,1826,California
Trinity,2021-02-23,8,2099,4,329,4,1770,0,0,3,1561,5,268,3,1829,California
Trinity,2021-02-24,30,2129,8,337,22,1792,0,0,7,1545,23,291,7,1836,California
Trinity,2021-02-25,36,2165,23,360,13,1805,0,0,5,1519,31,322,5,1841,California
Trinity,2021-02-26,11,2176,1,361,10,1815,0,0,5,1518,6,328,5,1846,California
Trinity,2021-02-27,9,2185,7,368,2,1817,0,0,4,1517,5,333,4,1850,California
Trinity,2021-03-01,8,2193,0,368,8,1825,0,0,5,1519,3,336,5,1855,California
Trinity,2021-03-02,8,2201,3,371,5,1830,0,0,1,1513,7,343,1,1856,California
Trinity,2021-03-03,5,2206,0,371,5,1835,0,0,4,1516,1,344,4,1860,California
Trinity,2021-03-04,15,2221,10,381,5,1840,0,0,13,1527,2,346,13,1873,California
Trinity,2021-03-05,284,2505,1,382,283,2123,0,0,32,1312,247,593,32,1905,California
Trinity,2021-03-06,185,2690,6,388,179,2302,0,0,20,1167,165,758,20,1925,California
Trinity,2021-03-07,3,2693,3,391,0,2302,0,0,2,1168,1,759,2,1927,California
Trinity,2021-03-08,3,2696,0,391,2,2304,1,1,1,1168,2,761,2,1929,California
Trinity,2021-03-09,93,2789,0,391,91,2395,2,3,89,1255,4,765,91,2020,California
Trinity,2021-03-10,127,2916,3,394,121,2516,3,6,38,1207,89,854,41,2061,California
Trinity,2021-03-11,7,2923,3,397,2,2518,2,8,3,1208,4,858,5,2066,California
Trinity,2021-03-12,334,3257,3,400,326,2844,5,13,45,969,289,1147,50,2116,California
Trinity,2021-03-13,12,3269,7,407,3,2847,2,15,7,973,5,1152,9,2125,California
Trinity,2021-03-15,67,3336,0,407,66,2913,1,16,15,937,52,1204,16,2141,California
Trinity,2021-03-16,114,3450,6,413,108,3021,0,16,100,1023,14,1218,100,2241,California
Trinity,2021-03-17,100,3550,3,416,97,3118,0,16,26,975,74,1292,26,2267,California
Trinity,2021-03-18,10,3560,2,418,5,3123,3,19,5,978,5,1297,8,2275,California
Trinity,2021-03-19,359,3919,6,424,246,3369,107,126,29,784,330,1627,136,2411,California
Trinity,2021-03-20,104,4023,6,430,98,3467,0,126,67,814,37,1664,67,2478,California
Trinity,2021-03-21,4,4027,0,430,2,3469,2,128,2,816,2,1666,4,2482,California
Trinity,2021-03-22,2,4029,0,430,2,3471,0,128,2,818,0,1666,2,2484,California
Trinity,2021-03-23,96,4125,1,431,95,3566,0,128,79,880,17,1683,79,2563,California
Trinity,2021-03-24,9,4134,1,432,8,3574,0,128,9,889,0,1683,9,2572,California
Trinity,2021-03-25,105,4239,6,438,93,3667,6,134,82,954,23,1706,88,2660,California
Trinity,2021-03-26,15,4254,2,440,13,3680,0,134,8,956,6,1712,8,2668,California
Trinity,2021-03-27,15,4269,3,443,3,3683,9,143,5,960,10,1722,14,2682,California
Trinity,2021-03-28,6,4275,4,447,2,3685,0,143,1,956,5,1727,1,2683,California
Trinity,2021-03-29,4,4279,0,447,4,3689,0,143,1,954,3,1730,1,2684,California
Trinity,2021-03-30,75,4354,4,451,71,3760,0,143,67,1013,8,1738,67,2751,California
Trinity,2021-03-31,52,4406,5,456,19,3779,28,171,21,1030,31,1769,48,2799,California
Trinity,2021-04-01,38,4444,11,467,16,3795,11,182,19,1041,19,1788,30,2829,California
Trinity,2021-04-02,164,4608,6,473,84,3879,74,256,71,1094,92,1880,145,2974,California
Trinity,2021-04-03,19,4627,14,487,5,3884,0,256,9,1093,10,1890,9,2983,California
Trinity,2021-04-04,10,4637,8,495,2,3886,0,256,10,1103,0,1890,10,2993,California
Trinity,2021-04-05,59,4696,7,502,51,3937,1,257,55,1155,4,1894,56,3049,California
Trinity,2021-04-06,106,4802,10,512,93,4030,3,260,19,1090,87,1981,22,3071,California
Trinity,2021-04-07,19,4821,10,522,4,4034,5,265,12,1101,5,1986,16,3087,California
Trinity,2021-04-08,89,4910,11,533,76,4110,2,267,52,1119,36,2022,54,3141,California
Trinity,2021-04-09,33,4943,12,545,19,4129,2,269,15,1126,10,2032,17,3158,California
Trinity,2021-04-10,8,4951,4,549,3,4132,1,270,6,1131,2,2034,7,3165,California
Trinity,2021-04-11,6,4957,3,552,1,4133,2,272,0,1131,0,2034,0,3165,California
Trinity,2021-04-12,2,4959,0,552,1,4134,1,273,0,1131,0,2034,0,3165,California
Tulare,2020-12-16,3,3,3,3,0,0,0,0,3,3,0,0,3,3,California
Tulare,2020-12-17,110,113,110,113,0,0,0,0,110,113,0,0,110,113,California
Tulare,2020-12-18,290,403,290,403,0,0,0,0,290,403,0,0,290,403,California
Tulare,2020-12-19,327,730,327,730,0,0,0,0,327,730,0,0,327,730,California
Tulare,2020-12-20,167,897,166,896,1,1,0,0,167,897,0,0,167,897,California
Tulare,2020-12-21,422,1319,422,1318,0,1,0,0,442,1339,0,0,442,1339,California
Tulare,2020-12-22,470,1789,468,1786,2,3,0,0,469,1808,0,0,469,1808,California
Tulare,2020-12-23,328,2117,320,2106,8,11,0,0,326,2134,0,0,326,2134,California
Tulare,2020-12-24,18,2135,16,2122,2,13,0,0,18,2152,0,0,18,2152,California
Tulare,2020-12-26,8,2143,7,2129,1,14,0,0,8,2160,0,0,8,2160,California
Tulare,2020-12-27,16,2159,12,2141,4,18,0,0,16,2176,0,0,16,2176,California
Tulare,2020-12-28,484,2643,472,2613,12,30,0,0,483,2659,0,0,483,2659,California
Tulare,2020-12-29,544,3187,477,3090,67,97,0,0,544,3203,0,0,544,3203,California
Tulare,2020-12-30,473,3660,434,3524,39,136,0,0,473,3676,0,0,473,3676,California
Tulare,2020-12-31,94,3754,22,3546,72,208,0,0,94,3770,0,0,94,3770,California
Tulare,2021-01-01,1,3755,0,3546,1,209,0,0,1,3771,0,0,1,3771,California
Tulare,2021-01-02,28,3783,18,3564,10,219,0,0,28,3799,0,0,28,3799,California
Tulare,2021-01-03,22,3805,9,3573,13,232,0,0,22,3821,0,0,22,3821,California
Tulare,2021-01-04,91,3896,16,3589,75,307,0,0,91,3912,0,0,91,3912,California
Tulare,2021-01-05,460,4356,278,3867,182,489,0,0,458,4368,2,2,458,4370,California
Tulare,2021-01-06,865,5221,636,4503,229,718,0,0,855,5213,10,12,855,5225,California
Tulare,2021-01-07,783,6004,585,5088,198,916,0,0,677,5784,106,118,677,5902,California
Tulare,2021-01-08,1263,7267,574,5662,689,1605,0,0,925,6372,337,455,925,6827,California
Tulare,2021-01-09,741,8008,203,5865,538,2143,0,0,554,6739,187,642,554,7381,California
Tulare,2021-01-10,49,8057,43,5908,6,2149,0,0,10,6710,39,681,10,7391,California
Tulare,2021-01-11,1202,9259,765,6673,437,2586,0,0,767,7042,435,1116,767,8158,California
Tulare,2021-01-12,1400,10659,487,7160,913,3499,0,0,993,7629,407,1523,994,9152,California
Tulare,2021-01-13,457,11116,227,7387,230,3729,0,0,383,7938,74,1597,383,9535,California
Tulare,2021-01-14,491,11607,141,7528,350,4079,0,0,465,8388,15,1612,465,10000,California
Tulare,2021-01-15,1617,13224,149,7677,1468,5547,0,0,1608,9987,9,1621,1608,11608,California
Tulare,2021-01-16,1899,15123,114,7791,1785,7332,0,0,1885,11858,14,1635,1885,13493,California
Tulare,2021-01-17,140,15263,121,7912,19,7351,0,0,130,11978,10,1645,130,13623,California
Tulare,2021-01-18,695,15958,662,8574,33,7384,0,0,295,11873,400,2045,295,13918,California
Tulare,2021-01-19,1005,16963,682,9256,323,7707,0,0,578,12024,427,2472,578,14496,California
Tulare,2021-01-20,2375,19338,563,9819,1812,9519,0,0,1990,13629,385,2857,1990,16486,California
Tulare,2021-01-21,1507,20845,150,9969,1357,10876,0,0,1481,15089,21,2878,1481,17967,California
Tulare,2021-01-22,1053,21898,186,10155,867,11743,0,0,1029,16095,23,2901,1029,18996,California
Tulare,2021-01-23,437,22335,156,10311,281,12024,0,0,416,16490,21,2922,416,19412,California
Tulare,2021-01-24,30,22365,27,10338,3,12027,0,0,28,16516,2,2924,28,19440,California
Tulare,2021-01-25,1325,23690,980,11318,345,12372,0,0,1295,17782,29,2953,1295,20735,California
Tulare,2021-01-26,1496,25186,1098,12416,398,12770,0,0,1173,18633,322,3275,1173,21908,California
Tulare,2021-01-27,1456,26642,1070,13486,386,13156,0,0,878,18933,578,3853,878,22786,California
Tulare,2021-01-28,1197,27839,768,14254,429,13585,0,0,801,19338,396,4249,801,23587,California
Tulare,2021-01-29,1127,28966,718,14972,409,13994,0,0,817,19845,310,4559,817,24404,California
Tulare,2021-01-30,1671,30637,1578,16550,93,14087,0,0,1648,21470,24,4583,1649,26053,California
Tulare,2021-01-31,51,30688,47,16597,4,14091,0,0,48,21515,3,4586,48,26101,California
Tulare,2021-02-01,1165,31853,901,17498,264,14355,0,0,816,21983,348,4934,816,26917,California
Tulare,2021-02-02,674,32527,327,17825,347,14702,0,0,443,22198,229,5163,444,27361,California
Tulare,2021-02-03,609,33136,285,18110,324,15026,0,0,335,22260,273,5436,335,27696,California
Tulare,2021-02-04,551,33687,165,18275,386,15412,0,0,266,22242,285,5721,267,27963,California
Tulare,2021-02-05,1228,34915,230,18505,998,16410,0,0,415,21847,810,6531,415,28378,California
Tulare,2021-02-06,835,35750,156,18661,679,17089,0,0,269,21554,563,7094,270,28648,California
Tulare,2021-02-07,78,35828,65,18726,13,17102,0,0,24,21524,54,7148,24,28672,California
Tulare,2021-02-08,946,36774,333,19059,613,17715,0,0,307,21194,637,7785,307,28979,California
Tulare,2021-02-09,1403,38177,325,19384,1078,18793,0,0,359,20514,1039,8824,359,29338,California
Tulare,2021-02-10,2471,40648,1987,21371,484,19277,0,0,2072,22190,396,9220,2072,31410,California
Tulare,2021-02-11,1321,41969,376,21747,945,20222,0,0,937,22743,384,9604,937,32347,California
Tulare,2021-02-12,2779,44748,578,22325,2201,22423,0,0,1218,22407,1554,11158,1218,33565,California
Tulare,2021-02-13,2477,47225,157,22482,2320,24743,0,0,667,21266,1808,12966,667,34232,California
Tulare,2021-02-14,329,47554,36,22518,293,25036,0,0,296,21529,33,12999,296,34528,California
Tulare,2021-02-15,913,48467,291,22809,622,25658,0,0,656,21929,256,13255,656,35184,California
Tulare,2021-02-16,2830,51297,1596,24405,1234,26892,0,0,1082,21262,1749,15004,1082,36266,California
Tulare,2021-02-17,2696,53993,509,24914,2187,29079,0,0,462,19495,2229,17233,462,36728,California
Tulare,2021-02-18,2302,56295,457,25371,1845,30924,0,0,640,18481,1654,18887,640,37368,California
Tulare,2021-02-19,2295,58590,855,26226,1440,32364,0,0,946,18080,1347,20234,946,38314,California
Tulare,2021-02-20,2988,61578,1891,28117,1097,33461,0,0,1267,17631,1716,21950,1267,39581,California
Tulare,2021-02-21,87,61665,83,28200,4,33465,0,0,52,17648,35,21985,52,39633,California
Tulare,2021-02-22,1106,62771,702,28902,404,33869,0,0,223,16989,882,22867,223,39856,California
Tulare,2021-02-23,1943,64714,939,29841,1004,34873,0,0,1458,17964,483,23350,1458,41314,California
Tulare,2021-02-24,2471,67185,1545,31386,926,35799,0,0,2091,19677,379,23729,2092,43406,California
Tulare,2021-02-25,3486,70671,1949,33335,1537,37336,0,0,3070,22336,411,24140,3070,46476,California
Tulare,2021-02-26,3835,74506,1877,35212,1958,39294,0,0,3377,25257,456,24596,3377,49853,California
Tulare,2021-02-27,2892,77398,1386,36598,1506,40800,0,0,2761,27899,119,24715,2761,52614,California
Tulare,2021-02-28,1305,78703,1033,37631,272,41072,0,0,1287,29169,17,24732,1287,53901,California
Tulare,2021-03-01,1733,80436,771,38402,962,42034,0,0,1553,30544,178,24910,1553,55454,California
Tulare,2021-03-02,2666,83102,1185,39587,1481,43515,0,0,2503,32888,160,25070,2504,57958,California
Tulare,2021-03-03,3769,86871,2476,42063,1293,44808,0,0,1825,32773,1942,27012,1827,59785,California
Tulare,2021-03-04,2853,89724,1287,43350,1566,46374,0,0,2543,35008,308,27320,2543,62328,California
Tulare,2021-03-05,3258,92982,1674,45024,1571,47945,13,13,2758,37284,497,27817,2773,65101,California
Tulare,2021-03-06,3044,96026,1422,46446,1563,49508,59,72,2795,39891,245,28062,2852,67953,California
Tulare,2021-03-07,1079,97105,676,47122,383,49891,20,92,1040,40912,39,28101,1060,69013,California
Tulare,2021-03-08,1663,98768,980,48102,515,50406,168,260,1353,42123,309,28410,1520,70533,California
Tulare,2021-03-09,2617,101385,1631,49733,839,51245,147,407,2199,44104,363,28773,2344,72877,California
Tulare,2021-03-10,2777,104162,1380,51113,1222,52467,175,582,2398,46306,369,29142,2571,75448,California
Tulare,2021-03-11,4105,108267,1948,53061,1857,54324,300,882,3157,48833,930,30072,3457,78905,California
Tulare,2021-03-12,4250,112517,2327,55388,1579,55903,344,1226,3006,50952,1233,31305,3352,82257,California
Tulare,2021-03-13,3963,116480,1829,57217,2028,57931,106,1332,3062,53225,894,32199,3167,85424,California
Tulare,2021-03-14,1796,118276,972,58189,605,58536,219,1551,1272,54192,523,32722,1490,86914,California
Tulare,2021-03-15,2688,120964,1576,59765,997,59533,115,1666,1911,55451,768,33490,2027,88941,California
Tulare,2021-03-16,3393,124357,2102,61867,1214,60747,77,1743,1852,55845,1538,35028,1932,90873,California
Tulare,2021-03-17,3932,128289,2576,64443,1279,62026,77,1820,2175,56382,1722,36750,2259,93132,California
Tulare,2021-03-18,4453,132742,3257,67700,1125,63151,71,1891,2340,56702,2093,38843,2413,95545,California
Tulare,2021-03-19,4931,137673,3204,70904,1531,64682,196,2087,2638,57262,2277,41120,2837,98382,California
Tulare,2021-03-20,4265,141938,2611,73515,1283,65965,371,2458,1983,57344,2275,43395,2357,100739,California
Tulare,2021-03-21,1860,143798,1588,75103,246,66211,26,2484,954,57423,901,44296,980,101719,California
Tulare,2021-03-22,2456,146254,1682,76785,663,66874,111,2595,1638,58364,810,45106,1751,103470,California
Tulare,2021-03-23,3637,149891,2057,78842,1530,68404,50,2645,2016,58827,1609,46715,2072,105542,California
Tulare,2021-03-24,3088,152979,1898,80740,1148,69552,42,2687,1819,59426,1262,47977,1861,107403,California
Tulare,2021-03-25,3364,156343,1729,82469,1468,71020,167,2854,1648,59533,1705,49682,1812,109215,California
Tulare,2021-03-26,5071,161414,2999,85468,1962,72982,110,2964,2471,59532,2582,52264,2581,111796,California
Tulare,2021-03-27,3399,164813,1727,87195,1576,74558,96,3060,932,58099,2460,54724,1027,112823,California
Tulare,2021-03-28,1415,166228,1022,88217,362,74920,31,3091,659,58040,755,55479,696,113519,California
Tulare,2021-03-29,2837,169065,1619,89836,1106,76026,112,3203,1210,57741,1623,57102,1324,114843,California
Tulare,2021-03-30,4519,173584,2575,92411,1714,77740,230,3433,1908,57286,2589,59691,2134,116977,California
Tulare,2021-03-31,3666,177250,2130,94541,1426,79166,110,3543,1504,56749,2153,61844,1616,118593,California
Tulare,2021-04-01,4285,181535,2317,96858,1904,81070,64,3607,1502,55539,2777,64621,1567,120160,California
Tulare,2021-04-02,5125,186660,2916,99774,2091,83161,118,3725,1658,53881,3435,68056,1777,121937,California
Tulare,2021-04-03,3425,190085,2002,101776,1112,84273,311,4036,859,52524,2527,70583,1170,123107,California
Tulare,2021-04-04,1576,191661,1115,102891,454,84727,7,4043,381,51719,1193,71776,388,123495,California
Tulare,2021-04-05,3270,194931,2295,105186,718,85445,257,4300,865,50447,2393,74169,1121,124616,California
Tulare,2021-04-06,3205,198136,1462,106648,1262,86707,481,4781,924,49619,2235,76404,1407,126023,California
Tulare,2021-04-07,3641,201777,1793,108441,1448,88155,400,5181,1149,48839,2325,78729,1545,127568,California
Tulare,2021-04-08,4420,206197,2543,110984,1445,89600,432,5613,1503,47883,2828,81557,1872,129440,California
Tulare,2021-04-09,2641,208838,1581,112565,736,90336,324,5937,939,47498,1642,83199,1257,130697,California
Tulare,2021-04-10,2190,211028,1017,113582,1027,91363,146,6083,536,46552,1623,84822,677,131374,California
Tulare,2021-04-11,817,211845,679,114261,72,91435,66,6149,230,46429,418,85240,295,131669,California
Tulare,2021-04-12,1283,213128,867,115128,274,91709,142,6291,0,46429,0,85240,0,131669,California
Tuolumne,2020-12-16,46,46,46,46,0,0,0,0,46,46,0,0,46,46,California
Tuolumne,2020-12-17,22,68,22,68,0,0,0,0,22,68,0,0,22,68,California
Tuolumne,2020-12-18,174,242,173,241,1,1,0,0,174,242,0,0,174,242,California
Tuolumne,2020-12-19,7,249,7,248,0,1,0,0,7,249,0,0,7,249,California
Tuolumne,2020-12-20,1,250,1,249,0,1,0,0,1,250,0,0,1,250,California
Tuolumne,2020-12-21,116,366,102,351,14,15,0,0,116,366,0,0,116,366,California
Tuolumne,2020-12-22,169,535,169,520,0,15,0,0,169,535,0,0,169,535,California
Tuolumne,2020-12-23,193,728,191,711,2,17,0,0,193,728,0,0,193,728,California
Tuolumne,2020-12-26,3,731,3,714,0,17,0,0,3,731,0,0,3,731,California
Tuolumne,2020-12-28,78,809,77,791,1,18,0,0,78,809,0,0,78,809,California
Tuolumne,2020-12-29,111,920,40,831,71,89,0,0,111,920,0,0,111,920,California
Tuolumne,2020-12-30,82,1002,22,853,60,149,0,0,82,1002,0,0,82,1002,California
Tuolumne,2020-12-31,27,1029,20,873,7,156,0,0,27,1029,0,0,27,1029,California
Tuolumne,2021-01-01,6,1035,5,878,1,157,0,0,6,1035,0,0,6,1035,California
Tuolumne,2021-01-02,118,1153,115,993,3,160,0,0,118,1153,0,0,118,1153,California
Tuolumne,2021-01-03,3,1156,2,995,1,161,0,0,3,1156,0,0,3,1156,California
Tuolumne,2021-01-04,70,1226,27,1022,43,204,0,0,70,1226,0,0,70,1226,California
Tuolumne,2021-01-05,95,1321,26,1048,69,273,0,0,93,1317,2,2,93,1319,California
Tuolumne,2021-01-06,112,1433,52,1100,60,333,0,0,68,1341,44,46,68,1387,California
Tuolumne,2021-01-07,119,1552,61,1161,58,391,0,0,65,1352,54,100,65,1452,California
Tuolumne,2021-01-08,178,1730,153,1314,25,416,0,0,27,1231,150,250,29,1481,California
Tuolumne,2021-01-09,2,1732,1,1315,1,417,0,0,1,1232,1,251,2,1483,California
Tuolumne,2021-01-10,3,1735,1,1316,2,419,0,0,3,1235,0,251,3,1486,California
Tuolumne,2021-01-11,116,1851,90,1406,26,445,0,0,33,1185,83,334,33,1519,California
Tuolumne,2021-01-12,103,1954,87,1493,16,461,0,0,17,1117,86,420,18,1537,California
Tuolumne,2021-01-13,239,2193,129,1622,110,571,0,0,185,1249,54,474,186,1723,California
Tuolumne,2021-01-14,128,2321,91,1713,37,608,0,0,41,1204,86,560,41,1764,California
Tuolumne,2021-01-15,475,2796,72,1785,403,1011,0,0,412,1555,62,622,413,2177,California
Tuolumne,2021-01-16,7,2803,3,1788,4,1015,0,0,6,1560,1,623,6,2183,California
Tuolumne,2021-01-17,5,2808,2,1790,3,1018,0,0,5,1565,0,623,5,2188,California
Tuolumne,2021-01-18,46,2854,38,1828,8,1026,0,0,8,1536,37,660,8,2196,California
Tuolumne,2021-01-19,474,3328,72,1900,402,1428,0,0,430,1922,44,704,430,2626,California
Tuolumne,2021-01-20,77,3405,60,1960,17,1445,0,0,24,1893,53,757,24,2650,California
Tuolumne,2021-01-21,56,3461,22,1982,34,1479,0,0,41,1919,15,772,41,2691,California
Tuolumne,2021-01-22,181,3642,13,1995,168,1647,0,0,175,2088,6,778,175,2866,California
Tuolumne,2021-01-23,664,4306,146,2141,518,2165,0,0,551,2536,113,891,561,3427,California
Tuolumne,2021-01-24,523,4829,1,2142,522,2687,0,0,519,3053,3,894,520,3947,California
Tuolumne,2021-01-25,48,4877,27,2169,21,2708,0,0,22,3050,26,920,23,3970,California
Tuolumne,2021-01-26,80,4957,68,2237,12,2720,0,0,40,3051,40,960,41,4011,California
Tuolumne,2021-01-27,61,5018,4,2241,57,2777,0,0,7,3005,53,1013,7,4018,California
Tuolumne,2021-01-28,27,5045,7,2248,20,2797,0,0,18,3014,9,1022,18,4036,California
Tuolumne,2021-01-29,70,5115,6,2254,64,2861,0,0,32,3008,38,1060,32,4068,California
Tuolumne,2021-01-30,709,5824,552,2806,157,3018,0,0,689,3691,19,1079,702,4770,California
Tuolumne,2021-01-31,8,5832,2,2808,6,3024,0,0,5,3693,3,1082,5,4775,California
Tuolumne,2021-02-01,24,5856,6,2814,18,3042,0,0,21,3711,3,1085,21,4796,California
Tuolumne,2021-02-02,648,6504,36,2850,612,3654,0,0,638,4340,9,1094,638,5434,California
Tuolumne,2021-02-03,239,6743,108,2958,131,3785,0,0,85,4271,154,1248,85,5519,California
Tuolumne,2021-02-04,125,6868,13,2971,112,3897,0,0,65,4273,63,1311,65,5584,California
Tuolumne,2021-02-05,99,6967,12,2983,87,3984,0,0,35,4245,63,1374,35,5619,California
Tuolumne,2021-02-06,854,7821,582,3565,272,4256,0,0,851,5093,3,1377,851,6470,California
Tuolumne,2021-02-07,7,7828,4,3569,3,4259,0,0,3,5092,4,1381,3,6473,California
Tuolumne,2021-02-08,90,7918,39,3608,51,4310,0,0,67,5136,23,1404,67,6540,California
Tuolumne,2021-02-09,866,8784,48,3656,818,5128,0,0,829,5928,37,1441,829,7369,California
Tuolumne,2021-02-10,88,8872,14,3670,74,5202,0,0,26,5894,60,1501,26,7395,California
Tuolumne,2021-02-11,138,9010,65,3735,73,5275,0,0,75,5906,63,1564,75,7470,California
Tuolumne,2021-02-12,640,9650,13,3748,627,5902,0,0,201,5670,438,2002,202,7672,California
Tuolumne,2021-02-13,146,9796,41,3789,105,6007,0,0,115,5760,25,2027,115,7787,California
Tuolumne,2021-02-14,148,9944,12,3801,136,6143,0,0,147,5906,1,2028,147,7934,California
Tuolumne,2021-02-15,184,10128,10,3811,174,6317,0,0,175,6072,9,2037,175,8109,California
Tuolumne,2021-02-16,525,10653,17,3828,508,6825,0,0,122,5795,401,2438,124,8233,California
Tuolumne,2021-02-17,109,10762,63,3891,46,6871,0,0,63,5813,45,2483,63,8296,California
Tuolumne,2021-02-18,680,11442,22,3913,658,7529,0,0,632,6397,48,2531,632,8928,California
Tuolumne,2021-02-19,132,11574,21,3934,111,7640,0,0,42,6350,89,2620,42,8970,California
Tuolumne,2021-02-20,903,12477,341,4275,562,8202,0,0,385,6230,506,3126,386,9356,California
Tuolumne,2021-02-21,974,13451,32,4307,942,9144,0,0,472,6203,499,3625,472,9828,California
Tuolumne,2021-02-22,79,13530,57,4364,22,9166,0,0,48,6221,30,3655,48,9876,California
Tuolumne,2021-02-23,46,13576,23,4387,23,9189,0,0,25,6226,20,3675,25,9901,California
Tuolumne,2021-02-24,89,13665,58,4445,31,9220,0,0,42,6222,46,3721,42,9943,California
Tuolumne,2021-02-25,1054,14719,31,4476,1023,10243,0,0,1023,7214,31,3752,1023,10966,California
Tuolumne,2021-02-26,140,14859,9,4485,131,10374,0,0,120,7314,20,3772,120,11086,California
Tuolumne,2021-02-27,948,15807,574,5059,374,10748,0,0,247,6873,688,4460,247,11333,California
Tuolumne,2021-02-28,55,15862,4,5063,51,10799,0,0,52,6923,2,4462,52,11385,California
Tuolumne,2021-03-01,106,15968,19,5082,87,10886,0,0,72,6963,33,4495,73,11458,California
Tuolumne,2021-03-02,708,16676,73,5155,635,11521,0,0,107,6469,601,5096,107,11565,California
Tuolumne,2021-03-03,87,16763,19,5174,68,11589,0,0,64,6510,23,5119,64,11629,California
Tuolumne,2021-03-04,1168,17931,68,5242,1100,12689,0,0,1104,7551,63,5182,1104,12733,California
Tuolumne,2021-03-05,81,18012,9,5251,72,12761,0,0,47,7566,33,5215,48,12781,California
Tuolumne,2021-03-06,1052,19064,604,5855,446,13207,2,2,204,6925,847,6062,206,12987,California
Tuolumne,2021-03-07,39,19103,12,5867,13,13220,14,16,17,6934,22,6084,31,13018,California
Tuolumne,2021-03-08,211,19314,88,5955,116,13336,7,23,156,7041,56,6140,163,13181,California
Tuolumne,2021-03-09,861,20175,11,5966,839,14175,11,34,76,6344,784,6924,87,13268,California
Tuolumne,2021-03-10,85,20260,13,5979,61,14236,11,45,61,6392,24,6948,72,13340,California
Tuolumne,2021-03-11,1274,21534,32,6011,1238,15474,4,49,1242,7617,23,6971,1248,14588,California
Tuolumne,2021-03-12,295,21829,30,6041,250,15724,15,64,190,7723,102,7073,208,14796,California
Tuolumne,2021-03-13,96,21925,11,6052,85,15809,0,64,80,7788,16,7089,81,14877,California
Tuolumne,2021-03-14,140,22065,8,6060,123,15932,9,73,8,7678,132,7221,22,14899,California
Tuolumne,2021-03-15,306,22371,79,6139,225,16157,2,75,113,7607,193,7414,122,15021,California
Tuolumne,2021-03-16,810,23181,40,6179,759,16916,11,86,675,8158,136,7550,687,15708,California
Tuolumne,2021-03-17,157,23338,30,6209,112,17028,15,101,82,8180,74,7624,96,15804,California
Tuolumne,2021-03-18,961,24299,23,6232,922,17950,16,117,328,7892,633,8257,345,16149,California
Tuolumne,2021-03-19,140,24439,13,6245,94,18044,33,150,78,7942,60,8317,110,16259,California
Tuolumne,2021-03-20,87,24526,6,6251,72,18116,9,159,36,7936,50,8367,44,16303,California
Tuolumne,2021-03-21,834,25360,389,6640,436,18552,9,168,42,7197,790,9157,51,16354,California
Tuolumne,2021-03-22,172,25532,71,6711,82,18634,19,187,106,7256,66,9223,125,16479,California
Tuolumne,2021-03-23,722,26254,636,7347,72,18706,14,201,685,7917,37,9260,698,17177,California
Tuolumne,2021-03-24,117,26371,17,7364,82,18788,18,219,86,7991,30,9290,104,17281,California
Tuolumne,2021-03-25,1292,27663,17,7381,1272,20060,3,222,321,7346,969,10259,324,17605,California
Tuolumne,2021-03-26,285,27948,11,7392,251,20311,23,245,131,7365,135,10394,154,17759,California
Tuolumne,2021-03-27,578,28526,52,7444,526,20837,0,245,317,7422,261,10655,318,18077,California
Tuolumne,2021-03-28,50,28576,7,7451,43,20880,0,245,10,7396,38,10693,12,18089,California
Tuolumne,2021-03-29,219,28795,70,7521,149,21029,0,245,120,7435,81,10774,120,18209,California
Tuolumne,2021-03-30,168,28963,12,7533,155,21184,1,246,125,7519,42,10816,126,18335,California
Tuolumne,2021-03-31,96,29059,13,7546,81,21265,2,248,40,7508,55,10871,44,18379,California
Tuolumne,2021-04-01,1248,30307,22,7568,1226,22491,0,248,233,6728,1014,11885,234,18613,California
Tuolumne,2021-04-02,176,30483,11,7579,139,22630,26,274,104,6787,70,11955,129,18742,California
Tuolumne,2021-04-03,414,30897,32,7611,382,23012,0,274,231,6837,183,12138,233,18975,California
Tuolumne,2021-04-04,31,30928,0,7611,31,23043,0,274,21,6849,9,12147,21,18996,California
Tuolumne,2021-04-05,144,31072,18,7629,120,23163,6,280,62,6835,82,12229,68,19064,California
Tuolumne,2021-04-06,653,31725,510,8139,117,23280,26,306,504,7231,134,12363,530,19594,California
Tuolumne,2021-04-07,130,31855,35,8174,78,23358,17,323,47,7213,82,12445,64,19658,California
Tuolumne,2021-04-08,1318,33173,22,8196,1282,24640,14,337,172,6533,866,13311,186,19844,California
Tuolumne,2021-04-09,254,33427,30,8226,182,24822,42,379,119,6573,122,13433,162,20006,California
Tuolumne,2021-04-10,49,33476,2,8228,23,24845,24,403,14,6579,32,13465,38,20044,California
Tuolumne,2021-04-11,18,33494,3,8231,13,24858,2,405,7,6582,6,13471,9,20053,California
Tuolumne,2021-04-12,64,33558,5,8236,54,24912,5,410,0,6582,0,13471,0,20053,California
Ventura,2020-12-15,5,5,5,5,0,0,0,0,5,5,0,0,5,5,California
Ventura,2020-12-16,72,77,72,77,0,0,0,0,72,77,0,0,72,77,California
Ventura,2020-12-17,249,326,249,326,0,0,0,0,249,326,0,0,249,326,California
Ventura,2020-12-18,1410,1736,1410,1736,0,0,0,0,1409,1735,0,0,1409,1735,California
Ventura,2020-12-19,911,2647,911,2647,0,0,0,0,911,2646,0,0,911,2646,California
Ventura,2020-12-20,430,3077,430,3077,0,0,0,0,430,3076,0,0,430,3076,California
Ventura,2020-12-21,1469,4546,1469,4546,0,0,0,0,1469,4545,0,0,1469,4545,California
Ventura,2020-12-22,1105,5651,1100,5646,5,5,0,0,1105,5650,0,0,1105,5650,California
Ventura,2020-12-23,1026,6677,979,6625,47,52,0,0,1026,6676,0,0,1026,6676,California
Ventura,2020-12-24,477,7154,379,7004,98,150,0,0,477,7153,0,0,477,7153,California
Ventura,2020-12-25,11,7165,7,7011,4,154,0,0,11,7164,0,0,11,7164,California
Ventura,2020-12-26,110,7275,89,7100,21,175,0,0,110,7274,0,0,110,7274,California
Ventura,2020-12-27,58,7333,27,7127,31,206,0,0,58,7332,0,0,58,7332,California
Ventura,2020-12-28,1066,8399,928,8055,138,344,0,0,1066,8398,0,0,1066,8398,California
Ventura,2020-12-29,1167,9566,761,8816,406,750,0,0,1167,9565,0,0,1167,9565,California
Ventura,2020-12-30,1984,11550,1517,10333,467,1217,0,0,1984,11549,0,0,1984,11549,California
Ventura,2020-12-31,477,12027,162,10495,315,1532,0,0,477,12026,0,0,477,12026,California
Ventura,2021-01-01,18,12045,4,10499,14,1546,0,0,18,12044,0,0,18,12044,California
Ventura,2021-01-02,170,12215,78,10577,92,1638,0,0,170,12214,0,0,170,12214,California
Ventura,2021-01-03,15,12230,8,10585,7,1645,0,0,15,12229,0,0,15,12229,California
Ventura,2021-01-04,1077,13307,547,11132,530,2175,0,0,1076,13305,0,0,1076,13305,California
Ventura,2021-01-05,1372,14679,777,11909,595,2770,0,0,1332,14597,40,40,1332,14637,California
Ventura,2021-01-06,2055,16734,1178,13087,877,3647,0,0,1623,15800,422,462,1625,16262,California
Ventura,2021-01-07,2070,18804,1329,14416,741,4388,0,0,1185,16102,883,1345,1185,17447,California
Ventura,2021-01-08,2199,21003,1476,15892,723,5111,0,0,906,15719,1290,2635,907,18354,California
Ventura,2021-01-09,722,21725,501,16393,221,5332,0,0,319,15635,403,3038,319,18673,California
Ventura,2021-01-10,336,22061,324,16717,12,5344,0,0,122,15543,214,3252,122,18795,California
Ventura,2021-01-11,2447,24508,1490,18207,957,6301,0,0,1494,16086,953,4205,1496,20291,California
Ventura,2021-01-12,3032,27540,1602,19809,1430,7731,0,0,2010,17074,1022,5227,2010,22301,California
Ventura,2021-01-13,2926,30466,1421,21230,1505,9236,0,0,2043,18237,881,6108,2044,24345,California
Ventura,2021-01-14,2726,33192,1057,22287,1669,10905,0,0,2280,20074,444,6552,2281,26626,California
Ventura,2021-01-15,2870,36062,963,23250,1907,12812,0,0,2658,22521,212,6764,2659,29285,California
Ventura,2021-01-16,485,36547,186,23436,299,13111,0,0,403,22843,81,6845,403,29688,California
Ventura,2021-01-17,260,36807,137,23573,123,13234,0,0,254,23091,6,6851,254,29942,California
Ventura,2021-01-18,2218,39025,1672,25245,546,13780,0,0,1668,24211,549,7400,1669,31611,California
Ventura,2021-01-19,3030,42055,2114,27359,916,14696,0,0,2138,25459,892,8292,2140,33751,California
Ventura,2021-01-20,4053,46108,3103,30462,950,15646,0,0,3018,27446,1032,9324,3019,36770,California
Ventura,2021-01-21,3827,49935,2664,33126,1163,16809,0,0,3159,29941,665,9989,3160,39930,California
Ventura,2021-01-22,3600,53535,2481,35607,1119,17928,0,0,3439,33219,161,10150,3439,43369,California
Ventura,2021-01-23,1183,54718,649,36256,534,18462,0,0,1082,34203,100,10250,1084,44453,California
Ventura,2021-01-24,450,55168,135,36391,315,18777,0,0,437,34627,13,10263,437,44890,California
Ventura,2021-01-25,3145,58313,2026,38417,1119,19896,0,0,2595,36674,548,10811,2595,47485,California
Ventura,2021-01-26,3694,62007,2193,40610,1501,21397,0,0,2693,38378,993,11804,2697,50182,California
Ventura,2021-01-27,3437,65444,1544,42154,1893,23290,0,0,2701,40344,735,12539,2701,52883,California
Ventura,2021-01-28,3850,69294,1978,44132,1872,25162,0,0,3237,42986,596,13135,3238,56121,California
Ventura,2021-01-29,4233,73527,2505,46637,1728,26890,0,0,3740,46245,481,13616,3740,59861,California
Ventura,2021-01-30,3027,76554,1957,48594,1070,27960,0,0,2859,48939,166,13782,2860,62721,California
Ventura,2021-01-31,833,77387,447,49041,386,28346,0,0,750,49605,84,13866,750,63471,California
Ventura,2021-02-01,3922,81309,2102,51143,1820,30166,0,0,3157,52002,761,14627,3158,66629,California
Ventura,2021-02-02,4399,85708,2369,53512,2030,32196,0,0,3380,54367,1016,15643,3381,70010,California
Ventura,2021-02-03,4452,90160,2088,55600,2364,34560,0,0,3444,56809,1003,16646,3445,73455,California
Ventura,2021-02-04,4753,94913,2274,57874,2479,37039,0,0,3507,59078,1240,17886,3509,76964,California
Ventura,2021-02-05,4828,99741,2311,60185,2517,39556,0,0,3336,60937,1479,19365,3338,80302,California
Ventura,2021-02-06,2830,102571,1513,61698,1317,40873,0,0,2430,62967,400,19765,2430,82732,California
Ventura,2021-02-07,708,103279,241,61939,467,41340,0,0,583,63426,125,19890,584,83316,California
Ventura,2021-02-08,3495,106774,1621,63560,1874,43214,0,0,2429,64791,1064,20954,2429,85745,California
Ventura,2021-02-09,4711,111485,1968,65528,2743,45957,0,0,2466,65015,2244,23198,2468,88213,California
Ventura,2021-02-10,4700,116185,2231,67759,2469,48426,0,0,2397,65120,2293,25491,2398,90611,California
Ventura,2021-02-11,4647,120832,1855,69614,2792,51218,0,0,2441,65365,2200,27691,2445,93056,California
Ventura,2021-02-12,6285,127117,2648,72262,3637,54855,0,0,3212,65507,3070,30761,3212,96268,California
Ventura,2021-02-13,3290,130407,1826,74088,1464,56319,0,0,1840,65903,1446,32207,1842,98110,California
Ventura,2021-02-14,1225,131632,123,74211,1102,57421,0,0,1010,66699,215,32422,1011,99121,California
Ventura,2021-02-15,3985,135617,1794,76005,2191,59612,0,0,2115,66948,1866,34288,2115,101236,California
Ventura,2021-02-16,5524,141141,2697,78702,2827,62439,0,0,3017,67460,2505,36793,3017,104253,California
Ventura,2021-02-17,5222,146363,1913,80615,3309,65748,0,0,3266,68775,1951,38744,3266,107519,California
Ventura,2021-02-18,5769,152132,1827,82442,3942,69690,0,0,3628,70277,2126,40870,3628,111147,California
Ventura,2021-02-19,6434,158566,3763,86205,2671,72361,0,0,3003,69857,3424,44294,3004,114151,California
Ventura,2021-02-20,4915,163481,3157,89362,1758,74119,0,0,2761,70472,2148,46442,2763,116914,California
Ventura,2021-02-21,1038,164519,751,90113,287,74406,0,0,426,70291,607,47049,426,117340,California
Ventura,2021-02-22,5361,169880,2407,92520,2954,77360,0,0,3449,71837,1903,48952,3449,120789,California
Ventura,2021-02-23,5918,175798,2963,95483,2955,80315,0,0,3424,72777,2486,51438,3426,124215,California
Ventura,2021-02-24,6977,182775,2602,98085,4375,84690,0,0,4239,74292,2725,54163,4240,128455,California
Ventura,2021-02-25,7467,190242,2563,100648,4904,89594,0,0,4575,75986,2882,57045,4576,133031,California
Ventura,2021-02-26,9327,199569,2757,103405,6570,96164,0,0,6166,79017,3138,60183,6169,139200,California
Ventura,2021-02-27,9975,209544,5263,108668,4712,100876,0,0,7367,83795,2595,62778,7373,146573,California
Ventura,2021-02-28,2554,212098,1629,110297,924,101800,1,1,2098,85436,457,63235,2098,148671,California
Ventura,2021-03-01,6909,219007,2791,113088,4118,105918,0,1,4611,87762,2299,65534,4625,153296,California
Ventura,2021-03-02,7357,226364,3922,117010,3434,109352,1,2,5142,90695,2209,67743,5142,158438,California
Ventura,2021-03-03,8448,234812,3876,120886,4572,113924,0,2,6027,94312,2413,70156,6030,164468,California
Ventura,2021-03-04,8024,242836,3859,124745,4165,118089,0,2,5423,97139,2597,72753,5424,169892,California
Ventura,2021-03-05,9955,252791,4789,129534,5156,123245,10,12,7088,101386,2858,75611,7105,176997,California
Ventura,2021-03-06,7210,260001,4392,133926,2664,125909,154,166,5313,104958,1895,77506,5467,182464,California
Ventura,2021-03-07,1650,261651,603,134529,946,126855,101,267,1234,105877,416,77922,1335,183799,California
Ventura,2021-03-08,6721,268372,3411,137940,3158,130013,152,419,4627,108566,2093,80015,4782,188581,California
Ventura,2021-03-09,6496,274868,2803,140743,3497,133510,196,615,3648,109571,2841,82856,3846,192427,California
Ventura,2021-03-10,6749,281617,2963,143706,3548,137058,238,853,4463,111996,2276,85132,4701,197128,California
Ventura,2021-03-11,6232,287849,2871,146577,3153,140211,208,1061,3405,112788,2821,87953,3613,200741,California
Ventura,2021-03-12,8413,296262,3015,149592,4563,144774,835,1896,4061,113351,4334,92287,4897,205638,California
Ventura,2021-03-13,6576,302838,2468,152060,3271,148045,837,2733,3716,115048,2855,95142,4552,210190,California
Ventura,2021-03-14,2112,304950,467,152527,1151,149196,494,3227,720,114874,1390,96532,1216,211406,California
Ventura,2021-03-15,6896,311846,2042,154569,3507,152703,1347,4574,2963,115274,3910,100442,4310,215716,California
Ventura,2021-03-16,7830,319676,2437,157006,4283,156986,1110,5684,3931,116430,3883,104325,5039,220755,California
Ventura,2021-03-17,7322,326998,2739,159745,4238,161224,345,6029,4379,118229,2925,107250,4724,225479,California
Ventura,2021-03-18,7154,334152,3254,162999,3748,164972,152,6181,4654,120547,2486,109736,4804,230283,California
Ventura,2021-03-19,8258,342410,3745,166744,4403,169375,110,6291,4918,122250,3323,113059,5026,235309,California
Ventura,2021-03-20,8099,350509,5224,171968,2855,172230,20,6311,3870,121934,4207,117266,3891,239200,California
Ventura,2021-03-21,2755,353264,1503,173471,883,173113,369,6680,1307,122168,1442,118708,1676,240876,California
Ventura,2021-03-22,7262,360526,3658,177129,3502,176615,102,6782,4793,124609,2454,121162,4895,245771,California
Ventura,2021-03-23,8077,368603,3858,180987,4158,180773,61,6843,4620,125853,3420,124582,4664,250435,California
Ventura,2021-03-24,8769,377372,3386,184373,5309,186082,74,6917,4366,125919,4375,128957,4441,254876,California
Ventura,2021-03-25,8680,386052,3886,188259,4729,190811,65,6982,4402,126126,4260,133217,4467,259343,California
Ventura,2021-03-26,9621,395673,3314,191573,5656,196467,651,7633,3744,124664,5856,139073,4394,263737,California
Ventura,2021-03-27,8078,403751,3897,195470,4142,200609,39,7672,2379,121402,5682,144755,2420,266157,California
Ventura,2021-03-28,2488,406239,1384,196854,1095,201704,9,7681,1361,121646,1126,145881,1370,267527,California
Ventura,2021-03-29,8406,414645,4254,201108,4107,205811,45,7726,4200,121711,4180,150061,4245,271772,California
Ventura,2021-03-30,8849,423494,4379,205487,4347,210158,123,7849,4567,122128,4272,154333,4689,276461,California
Ventura,2021-03-31,10545,434039,4774,210261,5149,215307,622,8471,4586,121395,5930,160263,5197,281658,California
Ventura,2021-04-01,10532,444571,5158,215419,4518,219825,856,9327,5359,122449,5153,165416,6207,287865,California
Ventura,2021-04-02,11211,455782,4559,219978,5435,225260,1217,10544,5274,123038,5875,171291,6464,294329,California
Ventura,2021-04-03,7952,463734,3922,223900,2927,228187,1103,11647,3352,122903,4589,175880,4454,298783,California
Ventura,2021-04-04,1694,465428,948,224848,619,228806,127,11774,1145,123630,545,176425,1272,300055,California
Ventura,2021-04-05,9043,474471,4807,229655,3274,232080,962,12736,4617,124792,4411,180836,5573,305628,California
Ventura,2021-04-06,10692,485163,5513,235168,3799,235879,1380,14116,5524,126557,5138,185974,6903,312531,California
Ventura,2021-04-07,11108,496271,5378,240546,4318,240197,1412,15528,5035,126994,5985,191959,6422,318953,California
Ventura,2021-04-08,10054,506325,5284,245830,3946,244143,824,16352,5077,127957,4927,196886,5890,324843,California
Ventura,2021-04-09,7885,514210,2565,248395,4500,248643,820,17172,2983,127035,4660,201546,3738,328581,California
Ventura,2021-04-10,5901,520111,1829,250224,3293,251936,779,17951,1478,124930,4358,205904,2253,330834,California
Ventura,2021-04-11,1751,521862,707,250931,971,252907,73,18024,64,124834,189,206093,93,330927,California
Ventura,2021-04-12,3780,525642,1461,252392,2144,255051,175,18199,0,124834,0,206093,0,330927,California
Yolo,2020-12-15,39,39,39,39,0,0,0,0,39,39,0,0,39,39,California
Yolo,2020-12-16,78,117,78,117,0,0,0,0,78,117,0,0,78,117,California
Yolo,2020-12-17,101,218,101,218,0,0,0,0,101,218,0,0,101,218,California
Yolo,2020-12-18,209,427,209,427,0,0,0,0,209,427,0,0,209,427,California
Yolo,2020-12-19,86,513,86,513,0,0,0,0,86,513,0,0,86,513,California
Yolo,2020-12-20,100,613,100,613,0,0,0,0,100,613,0,0,100,613,California
Yolo,2020-12-21,253,866,253,866,0,0,0,0,253,866,0,0,253,866,California
Yolo,2020-12-22,382,1248,381,1247,1,1,0,0,382,1248,0,0,382,1248,California
Yolo,2020-12-23,431,1679,412,1659,19,20,0,0,431,1679,0,0,431,1679,California
Yolo,2020-12-24,151,1830,94,1753,57,77,0,0,151,1830,0,0,151,1830,California
Yolo,2020-12-25,1,1831,1,1754,0,77,0,0,1,1831,0,0,1,1831,California
Yolo,2020-12-26,75,1906,25,1779,50,127,0,0,75,1906,0,0,75,1906,California
Yolo,2020-12-27,46,1952,19,1798,27,154,0,0,46,1952,0,0,46,1952,California
Yolo,2020-12-28,346,2298,178,1976,168,322,0,0,346,2298,0,0,346,2298,California
Yolo,2020-12-29,484,2782,268,2244,216,538,0,0,483,2781,0,0,483,2781,California
Yolo,2020-12-30,621,3403,254,2498,367,905,0,0,621,3402,0,0,621,3402,California
Yolo,2020-12-31,183,3586,94,2592,89,994,0,0,183,3585,0,0,183,3585,California
Yolo,2021-01-01,56,3642,55,2647,1,995,0,0,56,3641,0,0,56,3641,California
Yolo,2021-01-02,68,3710,25,2672,43,1038,0,0,68,3709,0,0,68,3709,California
Yolo,2021-01-03,43,3753,19,2691,24,1062,0,0,43,3752,0,0,43,3752,California
Yolo,2021-01-04,193,3946,43,2734,150,1212,0,0,193,3945,0,0,193,3945,California
Yolo,2021-01-05,610,4556,236,2970,374,1586,0,0,549,4433,61,61,549,4494,California
Yolo,2021-01-06,480,5036,183,3153,297,1883,0,0,349,4651,131,192,349,4843,California
Yolo,2021-01-07,710,5746,234,3387,476,2359,0,0,521,4984,188,380,521,5364,California
Yolo,2021-01-08,628,6374,308,3695,320,2679,0,0,413,5183,214,594,413,5777,California
Yolo,2021-01-09,409,6783,67,3762,342,3021,0,0,364,5502,45,639,364,6141,California
Yolo,2021-01-10,392,7175,80,3842,312,3333,0,0,322,5754,70,709,322,6463,California
Yolo,2021-01-11,559,7734,323,4165,236,3569,0,0,291,5777,268,977,291,6754,California
Yolo,2021-01-12,480,8214,362,4527,118,3687,0,0,173,5644,307,1284,174,6928,California
Yolo,2021-01-13,763,8977,309,4836,454,4141,0,0,514,5909,249,1533,514,7442,California
Yolo,2021-01-14,374,9351,181,5017,193,4334,0,0,270,6075,104,1637,270,7712,California
Yolo,2021-01-15,622,9973,321,5338,301,4635,0,0,544,6541,78,1715,544,8256,California
Yolo,2021-01-16,739,10712,95,5433,644,5279,0,0,708,7218,31,1746,708,8964,California
Yolo,2021-01-17,185,10897,117,5550,68,5347,0,0,178,7389,7,1753,178,9142,California
Yolo,2021-01-18,477,11374,303,5853,174,5521,0,0,379,7670,98,1851,379,9521,California
Yolo,2021-01-19,539,11913,370,6223,169,5690,0,0,365,7861,174,2025,365,9886,California
Yolo,2021-01-20,656,12569,379,6602,277,5967,0,0,472,8150,183,2208,472,10358,California
Yolo,2021-01-21,643,13212,380,6982,263,6230,0,0,455,8418,187,2395,455,10813,California
Yolo,2021-01-22,746,13958,250,7232,496,6726,0,0,628,8930,116,2511,628,11441,California
Yolo,2021-01-23,613,14571,124,7356,489,7215,0,0,566,9449,47,2558,566,12007,California
Yolo,2021-01-24,207,14778,124,7480,83,7298,0,0,166,9574,41,2599,166,12173,California
Yolo,2021-01-25,729,15507,153,7633,576,7874,0,0,514,9874,214,2813,514,12687,California
Yolo,2021-01-26,812,16319,326,7959,486,8360,0,0,426,9915,385,3198,426,13113,California
Yolo,2021-01-27,552,16871,221,8180,331,8691,0,0,380,10122,173,3371,380,13493,California
Yolo,2021-01-28,1046,17917,565,8745,481,9172,0,0,923,10923,122,3493,923,14416,California
Yolo,2021-01-29,863,18780,260,9005,603,9775,0,0,782,11625,80,3573,782,15198,California
Yolo,2021-01-30,1516,20296,917,9922,599,10374,0,0,1408,12932,101,3674,1408,16606,California
Yolo,2021-01-31,248,20544,210,10132,38,10412,0,0,213,13111,34,3708,213,16819,California
Yolo,2021-02-01,838,21382,358,10490,480,10892,0,0,610,13496,225,3933,610,17429,California
Yolo,2021-02-02,1318,22700,745,11235,573,11465,0,0,928,14035,390,4323,929,18358,California
Yolo,2021-02-03,1513,24213,395,11630,1118,12583,0,0,1185,14895,325,4648,1185,19543,California
Yolo,2021-02-04,1790,26003,280,11910,1510,14093,0,0,1241,15599,538,5186,1242,20785,California
Yolo,2021-02-05,1590,27593,896,12806,694,14787,0,0,1192,16394,398,5584,1193,21978,California
Yolo,2021-02-06,1915,29508,1245,14051,670,15457,0,0,1554,17588,361,5945,1555,23533,California
Yolo,2021-02-07,516,30024,248,14299,268,15725,0,0,169,17411,346,6291,169,23702,California
Yolo,2021-02-08,954,30978,331,14630,623,16348,0,0,611,17682,340,6631,611,24313,California
Yolo,2021-02-09,852,31830,382,15012,470,16818,0,0,572,17974,280,6911,572,24885,California
Yolo,2021-02-10,1449,33279,473,15485,976,17794,0,0,815,18158,632,7543,816,25701,California
Yolo,2021-02-11,1537,34816,774,16259,763,18557,0,0,1162,18945,375,7918,1162,26863,California
Yolo,2021-02-12,1899,36715,747,17006,1152,19709,0,0,1435,19920,460,8378,1435,28298,California
Yolo,2021-02-13,2051,38766,710,17716,1341,21050,0,0,1387,20643,664,9042,1387,29685,California
Yolo,2021-02-14,569,39335,152,17868,417,21467,0,0,445,20965,123,9165,445,30130,California
Yolo,2021-02-15,524,39859,187,18055,337,21804,0,0,262,20966,262,9427,263,30393,California
Yolo,2021-02-16,1114,40973,426,18481,688,22492,0,0,809,21470,305,9732,809,31202,California
Yolo,2021-02-17,1378,42351,696,19177,682,23174,0,0,987,22066,391,10123,987,32189,California
Yolo,2021-02-18,2437,44788,757,19934,1680,24854,0,0,1675,22980,761,10884,1675,33864,California
Yolo,2021-02-19,1734,46522,742,20676,992,25846,0,0,1121,23489,612,11496,1121,34985,California
Yolo,2021-02-20,2429,48951,939,21615,1490,27336,0,0,1358,23781,1066,12562,1358,36343,California
Yolo,2021-02-21,280,49231,225,21840,55,27391,0,0,73,23648,206,12768,73,36416,California
Yolo,2021-02-22,1362,50593,600,22440,762,28153,0,0,693,23674,668,13436,694,37110,California
Yolo,2021-02-23,1118,51711,838,23278,280,28433,0,0,438,23434,678,14114,438,37548,California
Yolo,2021-02-24,2094,53805,591,23869,1503,29936,0,0,1388,24117,705,14819,1388,38936,California
Yolo,2021-02-25,1339,55144,441,24310,898,30834,0,0,875,24529,463,15282,875,39811,California
Yolo,2021-02-26,2552,57696,978,25288,1574,32408,0,0,1356,24694,1191,16473,1356,41167,California
Yolo,2021-02-27,1646,59342,765,26053,881,33289,0,0,1195,25440,449,16922,1195,42362,California
Yolo,2021-02-28,1774,61116,1489,27542,285,33574,0,0,685,25036,1089,18011,685,43047,California
Yolo,2021-03-01,1075,62191,351,27893,724,34298,0,0,650,25262,424,18435,650,43697,California
Yolo,2021-03-02,1427,63618,680,28573,747,35045,0,0,905,25646,521,18956,905,44602,California
Yolo,2021-03-03,1800,65418,599,29172,1201,36246,0,0,796,25441,1001,19957,796,45398,California
Yolo,2021-03-04,2842,68260,1398,30570,1444,37690,0,0,1536,25673,1304,21261,1536,46934,California
Yolo,2021-03-05,2322,70582,1378,31948,933,38623,11,11,1456,26276,864,22125,1467,48401,California
Yolo,2021-03-06,1460,72042,1120,33068,311,38934,29,40,830,26508,627,22752,859,49260,California
Yolo,2021-03-07,902,72944,670,33738,218,39152,14,54,768,27157,133,22885,782,50042,California
Yolo,2021-03-08,1077,74021,476,34214,559,39711,42,96,747,27616,330,23215,789,50831,California
Yolo,2021-03-09,1238,75259,666,34880,512,40223,60,156,754,27947,483,23698,814,51645,California
Yolo,2021-03-10,1775,77034,1037,35917,448,40671,290,446,741,27940,1033,24731,1026,52671,California
Yolo,2021-03-11,2267,79301,1535,37452,669,41340,63,509,1564,28866,702,25433,1628,54299,California
Yolo,2021-03-12,2877,82178,1340,38792,1460,42800,77,586,1371,28813,1500,26933,1447,55746,California
Yolo,2021-03-13,1832,84010,730,39522,926,43726,176,762,1006,29172,823,27756,1182,56928,California
Yolo,2021-03-14,1005,85015,208,39730,648,44374,149,911,519,29355,485,28241,668,57596,California
Yolo,2021-03-15,1318,86333,772,40502,371,44745,175,1086,702,29619,613,28854,877,58473,California
Yolo,2021-03-16,1864,88197,718,41220,1073,45818,73,1159,1101,30030,763,29617,1174,59647,California
Yolo,2021-03-17,2471,90668,962,42182,1437,47255,72,1231,1723,31082,743,30360,1795,61442,California
Yolo,2021-03-18,2874,93542,886,43068,1764,49019,224,1455,1163,30759,1710,32070,1387,62829,California
Yolo,2021-03-19,2020,95562,803,43871,1149,50168,68,1523,1062,30939,950,33020,1130,63959,California
Yolo,2021-03-20,2745,98307,814,44685,1890,52058,41,1564,1118,30479,1621,34641,1161,65120,California
Yolo,2021-03-21,316,98623,218,44903,90,52148,8,1572,227,30626,88,34729,235,65355,California
Yolo,2021-03-22,1380,100003,480,45383,848,52996,52,1624,906,31112,471,35200,957,66312,California
Yolo,2021-03-23,1722,101725,927,46310,739,53735,56,1680,1063,31572,659,35859,1119,67431,California
Yolo,2021-03-24,2837,104562,1404,47714,1384,55119,49,1729,1425,31645,1401,37260,1474,68905,California
Yolo,2021-03-25,2393,106955,1272,48986,1094,56213,27,1756,1146,31581,1237,38497,1173,70078,California
Yolo,2021-03-26,2356,109311,1225,50211,1112,57325,19,1775,1011,31274,1336,39833,1029,71107,California
Yolo,2021-03-27,1622,110933,451,50662,1155,58480,16,1791,753,31177,866,40699,769,71876,California
Yolo,2021-03-28,1097,112030,858,51520,221,58701,18,1809,269,30640,824,41523,287,72163,California
Yolo,2021-03-29,1977,114007,810,52330,1153,59854,14,1823,984,30649,989,42512,998,73161,California
Yolo,2021-03-30,2269,116276,1067,53397,1177,61031,25,1848,1199,30809,1064,43576,1224,74385,California
Yolo,2021-03-31,2324,118600,1203,54600,1086,62117,35,1883,1217,30955,1106,44682,1252,75637,California
Yolo,2021-04-01,3738,122338,1761,56361,1504,63621,473,2356,1571,30836,2162,46844,2043,77680,California
Yolo,2021-04-02,3094,125432,1477,57838,1556,65177,61,2417,2036,31885,1048,47892,2097,79777,California
Yolo,2021-04-03,1773,127205,1069,58907,490,65667,214,2631,789,31905,983,48875,1003,80780,California
Yolo,2021-04-04,379,127584,147,59054,170,65837,62,2693,139,31867,239,49114,201,80981,California
Yolo,2021-04-05,1890,129474,715,59769,1079,66916,96,2789,1014,32108,869,49983,1110,82091,California
Yolo,2021-04-06,2517,131991,1290,61059,1061,67977,166,2955,1279,32331,1221,51204,1444,83535,California
Yolo,2021-04-07,2673,134664,1393,62452,1042,69019,238,3193,1763,33432,899,52103,2000,85535,California
Yolo,2021-04-08,2254,136918,968,63420,862,69881,424,3617,942,33491,1306,53409,1365,86900,California
Yolo,2021-04-09,1951,138869,741,64161,926,70807,284,3901,678,33198,1250,54659,957,87857,California
Yolo,2021-04-10,971,139840,249,64410,577,71384,145,4046,409,33197,547,55206,546,88403,California
Yolo,2021-04-11,789,140629,234,64644,538,71922,17,4063,240,33065,384,55590,252,88655,California
Yolo,2021-04-12,1006,141635,240,64884,686,72608,80,4143,0,33065,0,55590,0,88655,California
Yuba,2020-12-16,4,4,4,4,0,0,0,0,4,4,0,0,4,4,California
Yuba,2020-12-17,4,8,4,8,0,0,0,0,4,8,0,0,4,8,California
Yuba,2020-12-18,8,16,8,16,0,0,0,0,8,16,0,0,8,16,California
Yuba,2020-12-19,12,28,12,28,0,0,0,0,12,28,0,0,12,28,California
Yuba,2020-12-20,20,48,20,48,0,0,0,0,20,48,0,0,20,48,California
Yuba,2020-12-21,40,88,40,88,0,0,0,0,40,88,0,0,40,88,California
Yuba,2020-12-22,86,174,86,174,0,0,0,0,86,174,0,0,86,174,California
Yuba,2020-12-23,63,237,61,235,2,2,0,0,63,237,0,0,63,237,California
Yuba,2020-12-24,20,257,10,245,10,12,0,0,20,257,0,0,20,257,California
Yuba,2020-12-26,15,272,13,258,2,14,0,0,15,272,0,0,15,272,California
Yuba,2020-12-27,15,287,15,273,0,14,0,0,15,287,0,0,15,287,California
Yuba,2020-12-28,51,338,35,308,16,30,0,0,51,338,0,0,51,338,California
Yuba,2020-12-29,77,415,10,318,67,97,0,0,77,415,0,0,77,415,California
Yuba,2020-12-30,64,479,21,339,43,140,0,0,64,479,0,0,64,479,California
Yuba,2020-12-31,36,515,6,345,30,170,0,0,36,515,0,0,36,515,California
Yuba,2021-01-02,23,538,22,367,1,171,0,0,23,538,0,0,23,538,California
Yuba,2021-01-03,10,548,6,373,4,175,0,0,10,548,0,0,10,548,California
Yuba,2021-01-04,90,638,21,394,69,244,0,0,90,638,0,0,90,638,California
Yuba,2021-01-05,68,706,36,430,32,276,0,0,67,704,1,1,67,705,California
Yuba,2021-01-06,152,858,75,505,77,353,0,0,146,844,6,7,146,851,California
Yuba,2021-01-07,74,932,19,524,55,408,0,0,71,911,4,11,71,922,California
Yuba,2021-01-08,73,1005,25,549,48,456,0,0,66,970,7,18,66,988,California
Yuba,2021-01-09,19,1024,16,565,3,459,0,0,11,973,8,26,11,999,California
Yuba,2021-01-10,117,1141,22,587,95,554,0,0,95,1046,22,48,95,1094,California
Yuba,2021-01-11,73,1214,50,637,23,577,0,0,33,1039,40,88,33,1127,California
Yuba,2021-01-12,109,1323,79,716,30,607,0,0,44,1018,65,153,44,1171,California
Yuba,2021-01-13,118,1441,71,787,47,654,0,0,54,1009,63,216,54,1225,California
Yuba,2021-01-14,109,1550,43,830,66,720,0,0,97,1094,12,228,97,1322,California
Yuba,2021-01-15,206,1756,88,918,118,838,0,0,195,1278,11,239,195,1517,California
Yuba,2021-01-16,185,1941,21,939,164,1002,0,0,173,1438,13,252,173,1690,California
Yuba,2021-01-17,13,1954,9,948,4,1006,0,0,7,1439,6,258,7,1697,California
Yuba,2021-01-18,60,2014,32,980,28,1034,0,0,35,1449,25,283,35,1732,California
Yuba,2021-01-19,80,2094,29,1009,51,1085,0,0,65,1499,15,298,65,1797,California
Yuba,2021-01-20,132,2226,87,1096,45,1130,0,0,109,1585,23,321,109,1906,California
Yuba,2021-01-21,212,2438,96,1192,116,1246,0,0,203,1779,9,330,203,2109,California
Yuba,2021-01-22,103,2541,6,1198,97,1343,0,0,94,1864,9,339,94,2203,California
Yuba,2021-01-23,199,2740,7,1205,192,1535,0,0,196,2057,3,342,196,2399,California
Yuba,2021-01-24,9,2749,6,1211,3,1538,0,0,7,2062,2,344,7,2406,California
Yuba,2021-01-25,83,2832,27,1238,56,1594,0,0,52,2084,30,374,52,2458,California
Yuba,2021-01-26,149,2981,39,1277,110,1704,0,0,93,2121,56,430,93,2551,California
Yuba,2021-01-27,182,3163,128,1405,54,1758,0,0,115,2169,67,497,115,2666,California
Yuba,2021-01-28,215,3378,79,1484,136,1894,0,0,174,2302,41,538,174,2840,California
Yuba,2021-01-29,158,3536,55,1539,103,1997,0,0,111,2366,47,585,111,2951,California
Yuba,2021-01-30,409,3945,23,1562,386,2383,0,0,398,2753,11,596,398,3349,California
Yuba,2021-01-31,17,3962,12,1574,5,2388,0,0,15,2766,2,598,15,3364,California
Yuba,2021-02-01,152,4114,73,1647,79,2467,0,0,129,2874,22,620,130,3494,California
Yuba,2021-02-02,123,4237,23,1670,100,2567,0,0,101,2953,22,642,101,3595,California
Yuba,2021-02-03,226,4463,29,1699,197,2764,0,0,114,2956,111,753,114,3709,California
Yuba,2021-02-04,295,4758,121,1820,174,2938,0,0,253,3167,42,795,253,3962,California
Yuba,2021-02-05,147,4905,32,1852,115,3053,0,0,71,3162,76,871,71,4033,California
Yuba,2021-02-06,447,5352,26,1878,421,3474,0,0,439,3593,8,879,439,4472,California
Yuba,2021-02-07,18,5370,11,1889,7,3481,0,0,15,3605,3,882,15,4487,California
Yuba,2021-02-08,96,5466,35,1924,61,3542,0,0,66,3641,30,912,66,4553,California
Yuba,2021-02-09,153,5619,55,1979,98,3640,0,0,84,3656,69,981,84,4637,California
Yuba,2021-02-10,347,5966,172,2151,175,3815,0,0,113,3536,233,1214,113,4750,California
Yuba,2021-02-11,397,6363,63,2214,334,4149,0,0,301,3743,94,1308,301,5051,California
Yuba,2021-02-12,265,6628,27,2241,238,4387,0,0,152,3782,113,1421,152,5203,California
Yuba,2021-02-13,436,7064,35,2276,401,4788,0,0,388,4122,48,1469,388,5591,California
Yuba,2021-02-14,53,7117,10,2286,43,4831,0,0,49,4167,4,1473,49,5640,California
Yuba,2021-02-15,87,7204,36,2322,51,4882,0,0,68,4216,19,1492,68,5708,California
Yuba,2021-02-16,199,7403,53,2375,146,5028,0,0,141,4300,57,1549,141,5849,California
Yuba,2021-02-17,369,7772,155,2530,214,5242,0,0,98,4127,271,1820,98,5947,California
Yuba,2021-02-18,305,8077,33,2563,272,5514,0,0,181,4184,124,1944,181,6128,California
Yuba,2021-02-19,224,8301,84,2647,140,5654,0,0,141,4242,83,2027,141,6269,California
Yuba,2021-02-20,387,8688,29,2676,358,6012,0,0,334,4523,53,2080,334,6603,California
Yuba,2021-02-21,16,8704,14,2690,2,6014,0,0,6,4519,10,2090,6,6609,California
Yuba,2021-02-22,128,8832,79,2769,49,6063,0,0,39,4470,88,2178,39,6648,California
Yuba,2021-02-23,114,8946,25,2794,89,6152,0,0,46,4449,67,2245,46,6694,California
Yuba,2021-02-24,477,9423,136,2930,341,6493,0,0,105,4182,372,2617,105,6799,California
Yuba,2021-02-25,331,9754,132,3062,199,6692,0,0,203,4257,128,2745,203,7002,California
Yuba,2021-02-26,253,10007,67,3129,186,6878,0,0,140,4286,111,2856,140,7142,California
Yuba,2021-02-27,473,10480,47,3176,426,7304,0,0,384,4583,87,2943,384,7526,California
Yuba,2021-02-28,65,10545,21,3197,44,7348,0,0,44,4606,21,2964,44,7570,California
Yuba,2021-03-01,151,10696,38,3235,113,7461,0,0,75,4606,75,3039,75,7645,California
Yuba,2021-03-02,151,10847,35,3270,116,7577,0,0,75,4605,76,3115,75,7720,California
Yuba,2021-03-03,613,11460,156,3426,457,8034,0,0,192,4377,420,3535,192,7912,California
Yuba,2021-03-04,463,11923,269,3695,194,8228,0,0,323,4561,139,3674,323,8235,California
Yuba,2021-03-05,313,12236,58,3753,254,8482,1,1,248,4745,65,3739,249,8484,California
Yuba,2021-03-06,480,12716,34,3787,442,8924,4,5,374,5017,106,3845,378,8862,California
Yuba,2021-03-07,51,12767,27,3814,23,8947,1,6,34,5035,17,3862,35,8897,California
Yuba,2021-03-08,158,12925,49,3863,93,9040,16,22,99,5091,59,3921,115,9012,California
Yuba,2021-03-09,177,13102,47,3910,111,9151,19,41,85,5103,92,4013,104,9116,California
Yuba,2021-03-10,733,13835,231,4141,472,9623,30,71,229,4859,503,4516,259,9375,California
Yuba,2021-03-11,428,14263,184,4325,232,9855,12,83,295,5033,133,4649,307,9682,California
Yuba,2021-03-12,456,14719,85,4410,318,10173,53,136,148,4927,307,4956,201,9883,California
Yuba,2021-03-13,450,15169,332,4742,103,10276,15,151,361,5215,88,5044,376,10259,California
Yuba,2021-03-14,109,15278,21,4763,78,10354,10,161,48,5213,60,5104,58,10317,California
Yuba,2021-03-15,194,15472,49,4812,128,10482,17,178,99,5234,95,5199,116,10433,California
Yuba,2021-03-16,289,15761,71,4883,193,10675,25,203,173,5319,113,5312,198,10631,California
Yuba,2021-03-17,725,16486,159,5042,537,11212,29,232,184,4994,538,5850,213,10844,California
Yuba,2021-03-18,561,17047,147,5189,301,11513,113,345,337,5221,223,6073,450,11294,California
Yuba,2021-03-19,321,17368,117,5306,155,11668,49,394,183,5316,137,6210,232,11526,California
Yuba,2021-03-20,555,17923,80,5386,457,12125,18,412,474,5728,80,6290,492,12018,California
Yuba,2021-03-21,59,17982,36,5422,23,12148,0,412,47,5763,12,6302,47,12065,California
Yuba,2021-03-22,189,18171,70,5492,112,12260,7,419,147,5875,42,6344,154,12219,California
Yuba,2021-03-23,241,18412,79,5571,135,12395,27,446,162,5986,78,6422,189,12408,California
Yuba,2021-03-24,747,19159,239,5810,427,12822,81,527,185,5692,560,6982,266,12674,California
Yuba,2021-03-25,483,19642,263,6073,198,13020,22,549,239,5709,244,7226,261,12935,California
Yuba,2021-03-26,382,20024,142,6215,214,13234,26,575,221,5796,160,7386,247,13182,California
Yuba,2021-03-27,458,20482,27,6242,429,13663,2,577,406,6152,52,7438,408,13590,California
Yuba,2021-03-28,98,20580,40,6282,54,13717,4,581,37,6132,61,7499,41,13631,California
Yuba,2021-03-29,290,20870,84,6366,175,13892,31,612,178,6229,112,7611,209,13840,California
Yuba,2021-03-30,270,21140,67,6433,195,14087,8,620,191,6349,79,7690,199,14039,California
Yuba,2021-03-31,668,21808,112,6545,544,14631,12,632,248,6190,419,8109,260,14299,California
Yuba,2021-04-01,606,22414,281,6826,296,14927,29,661,276,6165,330,8439,305,14604,California
Yuba,2021-04-02,475,22889,88,6914,306,15233,81,742,179,6131,294,8733,260,14864,California
Yuba,2021-04-03,651,23540,55,6969,115,15348,481,1223,86,6134,564,9297,567,15431,California
Yuba,2021-04-04,56,23596,10,6979,40,15388,6,1229,31,6146,25,9322,37,15468,California
Yuba,2021-04-05,238,23834,75,7054,143,15531,20,1249,117,6163,119,9441,136,15604,California
Yuba,2021-04-06,321,24155,111,7165,157,15688,53,1302,153,6204,165,9606,206,15810,California
Yuba,2021-04-07,748,24903,385,7550,308,15996,55,1357,325,6165,417,10023,378,16188,California
Yuba,2021-04-08,697,25600,286,7836,161,16157,250,1607,247,6218,444,10467,497,16685,California
Yuba,2021-04-09,340,25940,151,7987,138,16295,51,1658,148,6227,185,10652,194,16879,California
Yuba,2021-04-10,550,26490,56,8043,55,16350,439,2097,46,6211,500,11152,484,17363,California
Yuba,2021-04-11,92,26582,21,8064,65,16415,6,2103,21,6193,43,11195,25,17388,California
Yuba,2021-04-12,94,26676,16,8080,63,16478,15,2118,0,6193,0,11195,0,17388,California
